galstreams/tracks/track.st.Eridanus.myeong2017.ecsv
# %ECSV 0.9
# ---
# datatype:
# - {name: ra, unit: deg, datatype: float64}
# - {name: dec, unit: deg, datatype: float64}
# - {name: distance, unit: kpc, datatype: float64}
# - {name: pm_ra_cosdec, unit: mas / yr, datatype: float64}
# - {name: pm_dec, unit: mas / yr, datatype: float64}
# - {name: radial_velocity, unit: km / s, datatype: float64}
# delimiter: ','
# meta: !!omap
# - __serialized_columns__:
#     dec:
#       __class__: astropy.coordinates.angles.Latitude
#       unit: &id001 !astropy.units.Unit {unit: deg}
#       value: !astropy.table.SerializedColumn {name: dec}
#     distance:
#       __class__: astropy.coordinates.distances.Distance
#       unit: !astropy.units.Unit {unit: kpc}
#       value: !astropy.table.SerializedColumn {name: distance}
#     pm_dec:
#       __class__: astropy.units.quantity.Quantity
#       unit: !astropy.units.Unit {unit: mas / yr}
#       value: !astropy.table.SerializedColumn {name: pm_dec}
#     pm_ra_cosdec:
#       __class__: astropy.units.quantity.Quantity
#       unit: !astropy.units.Unit {unit: mas / yr}
#       value: !astropy.table.SerializedColumn {name: pm_ra_cosdec}
#     ra:
#       __class__: astropy.coordinates.angles.Longitude
#       unit: *id001
#       value: !astropy.table.SerializedColumn {name: ra}
#       wrap_angle: !astropy.coordinates.Angle
#         unit: *id001
#         value: 360.0
#     radial_velocity:
#       __class__: astropy.units.quantity.Quantity
#       unit: !astropy.units.Unit {unit: km / s}
#       value: !astropy.table.SerializedColumn {name: radial_velocity}
# schema: astropy-2.0
ra,dec,distance,pm_ra_cosdec,pm_dec,radial_velocity
65.97858431221822,-21.41671333293569,94.99999999999996,0.0,0.0,0.0
65.98066421757883,-21.414402181291088,94.99999999999994,0.0,0.0,0.0
65.98274410869372,-21.41209104436658,94.99999999999996,0.0,0.0,0.0
65.98482398557137,-21.40977992216406,94.99999999999996,0.0,0.0,0.0
65.98690384822011,-21.407468814685576,94.99999999999996,0.0,0.0,0.0
65.98898369664839,-21.405157721933,94.99999999999994,0.0,0.0,0.0
65.99106353086464,-21.40284664390828,94.99999999999993,0.0,0.0,0.0
65.99314335087733,-21.40053558061331,94.99999999999996,0.0,0.0,0.0
65.99522315669479,-21.398224532050115,94.99999999999994,0.0,0.0,0.0
65.99730294832551,-21.39591349822059,94.99999999999994,0.0,0.0,0.0
65.99938272577789,-21.393602479126674,94.99999999999996,0.0,0.0,0.0
66.00146248906033,-21.3912914747703,94.99999999999997,0.0,0.0,0.0
66.00354223818131,-21.388980485153365,94.99999999999996,0.0,0.0,0.0
66.00562197314916,-21.386669510277898,94.99999999999996,0.0,0.0,0.0
66.00770169397238,-21.384358550145798,94.99999999999997,0.0,0.0,0.0
66.0097814006593,-21.382047604758988,94.99999999999994,0.0,0.0,0.0
66.01186109321843,-21.37973667411942,94.99999999999994,0.0,0.0,0.0
66.01394077165817,-21.37742575822898,94.99999999999997,0.0,0.0,0.0
66.01602043598687,-21.37511485708971,94.99999999999996,0.0,0.0,0.0
66.018100086213,-21.37280397070349,94.99999999999996,0.0,0.0,0.0
66.02017972234495,-21.370493099072252,94.99999999999997,0.0,0.0,0.0
66.02225934439117,-21.368182242197914,94.99999999999994,0.0,0.0,0.0
66.02433895236004,-21.365871400082494,94.99999999999997,0.0,0.0,0.0
66.02641854625998,-21.363560572727877,94.99999999999996,0.0,0.0,0.0
66.02849812609938,-21.361249760136015,94.99999999999996,0.0,0.0,0.0
66.0305776918867,-21.358938962308837,94.99999999999996,0.0,0.0,0.0
66.03265724363035,-21.356628179248244,94.99999999999997,0.0,0.0,0.0
66.0347367813387,-21.35431741095626,94.99999999999996,0.0,0.0,0.0
66.03681630502017,-21.352006657434778,94.99999999999996,0.0,0.0,0.0
66.03889581468317,-21.34969591868575,94.99999999999996,0.0,0.0,0.0
66.04097531033614,-21.3473851947111,94.99999999999999,0.0,0.0,0.0
66.0430547919875,-21.345074485512736,94.99999999999999,0.0,0.0,0.0
66.04513425964558,-21.342763791092676,94.99999999999999,0.0,0.0,0.0
66.04721371331885,-21.340453111452824,94.99999999999997,0.0,0.0,0.0
66.04929315301568,-21.338142446595107,94.99999999999997,0.0,0.0,0.0
66.05137257874455,-21.335831796521433,94.99999999999997,0.0,0.0,0.0
66.05345199051376,-21.333521161233822,94.99999999999997,0.0,0.0,0.0
66.0555313883318,-21.331210540734173,94.99999999999999,0.0,0.0,0.0
66.05761077220701,-21.328899935024435,94.99999999999997,0.0,0.0,0.0
66.05969014214786,-21.326589344106537,94.99999999999997,0.0,0.0,0.0
66.06176949816275,-21.32427876798237,94.99999999999997,0.0,0.0,0.0
66.06384884026001,-21.321968206653974,94.99999999999997,0.0,0.0,0.0
66.06592816844808,-21.31965766012323,94.99999999999999,0.0,0.0,0.0
66.06800748273538,-21.317347128392097,94.99999999999996,0.0,0.0,0.0
66.07008678313032,-21.315036611462506,94.99999999999999,0.0,0.0,0.0
66.0721660696413,-21.312726109336353,94.99999999999997,0.0,0.0,0.0
66.07424534227667,-21.310415622015665,94.99999999999997,0.0,0.0,0.0
66.07632460104487,-21.30810514950234,94.99999999999999,0.0,0.0,0.0
66.0784038459543,-21.305794691798326,94.99999999999999,0.0,0.0,0.0
66.08048307701337,-21.303484248905498,94.99999999999997,0.0,0.0,0.0
66.08256229423043,-21.30117382082591,94.99999999999999,0.0,0.0,0.0
66.08464149761392,-21.298863407561445,94.99999999999999,0.0,0.0,0.0
66.08672068717222,-21.296553009114042,94.99999999999999,0.0,0.0,0.0
66.08879986291373,-21.29424262548565,94.99999999999999,0.0,0.0,0.0
66.09087902484688,-21.29193225667816,94.99999999999999,0.0,0.0,0.0
66.09295817298002,-21.289621902693597,94.99999999999999,0.0,0.0,0.0
66.09503730732155,-21.28731156353387,94.99999999999999,0.0,0.0,0.0
66.09711642787987,-21.285001239200913,94.99999999999999,0.0,0.0,0.0
66.09919553466341,-21.282690929696624,94.99999999999999,0.0,0.0,0.0
66.10127462768051,-21.280380635023022,94.99999999999999,0.0,0.0,0.0
66.10335370693957,-21.278070355182017,94.99999999999999,0.0,0.0,0.0
66.105432772449,-21.275760090175545,94.99999999999999,0.0,0.0,0.0
66.10751182421718,-21.27344984000555,94.99999999999999,0.0,0.0,0.0
66.10959086225257,-21.27113960467393,94.99999999999999,0.0,0.0,0.0
66.11166988656346,-21.26882938418272,94.99999999999999,0.0,0.0,0.0
66.11374889715827,-21.26651917853379,94.99999999999999,0.0,0.0,0.0
66.11582789404542,-21.26420898772911,94.99999999999999,0.0,0.0,0.0
66.11790687723327,-21.261898811770624,94.99999999999999,0.0,0.0,0.0
66.11998584673026,-21.2595886506602,94.99999999999999,0.0,0.0,0.0
66.1220648025447,-21.257278504399896,94.99999999999999,0.0,0.0,0.0
66.124143744685,-21.254968372991595,94.99999999999999,0.0,0.0,0.0
66.12622267315959,-21.252658256437243,94.99999999999999,0.0,0.0,0.0
66.12830158797682,-21.25034815473874,95.00000000000001,0.0,0.0,0.0
66.13038048914508,-21.248038067898115,94.99999999999999,0.0,0.0,0.0
66.13245937667276,-21.245727995917264,94.99999999999999,0.0,0.0,0.0
66.13453825056823,-21.243417938798128,95.0,0.0,0.0,0.0
66.13661711083991,-21.24110789654265,95.0,0.0,0.0,0.0
66.13869595749618,-21.238797869152734,95.0,0.0,0.0,0.0
66.14077479054536,-21.2364878566304,95.0,0.0,0.0,0.0
66.1428536099959,-21.234177858977553,95.0,0.0,0.0,0.0
66.14493241585615,-21.23186787619613,95.00000000000001,0.0,0.0,0.0
66.1470112081345,-21.22955790828808,94.99999999999999,0.0,0.0,0.0
66.14908998683939,-21.22724795525529,95.00000000000001,0.0,0.0,0.0
66.15116875197907,-21.224938017099817,94.99999999999999,0.0,0.0,0.0
66.15324750356201,-21.222628093823527,95.00000000000001,0.0,0.0,0.0
66.15532624159657,-21.220318185428376,95.0,0.0,0.0,0.0
66.15740496609119,-21.218008291916274,95.0,0.0,0.0,0.0
66.15948367705414,-21.21569841328923,95.00000000000001,0.0,0.0,0.0
66.16156237449384,-21.213388549549162,95.00000000000001,0.0,0.0,0.0
66.16364105841866,-21.211078700698,94.99999999999999,0.0,0.0,0.0
66.16571972883702,-21.20876886673769,95.0,0.0,0.0,0.0
66.1677983857573,-21.206459047670133,95.0,0.0,0.0,0.0
66.16987702918779,-21.204149243497366,95.0,0.0,0.0,0.0
66.17195565913693,-21.20183945422127,95.0,0.0,0.0,0.0
66.17403427561308,-21.199529679843803,95.00000000000001,0.0,0.0,0.0
66.17611287862462,-21.197219920366905,95.00000000000001,0.0,0.0,0.0
66.17819146817996,-21.19491017579248,95.00000000000001,0.0,0.0,0.0
66.18027004428738,-21.19260044612255,95.0,0.0,0.0,0.0
66.18234860695533,-21.190290731359024,95.0,0.0,0.0,0.0
66.18442715619213,-21.18798103150384,95.0,0.0,0.0,0.0
66.18650569200622,-21.18567134655891,95.0,0.0,0.0,0.0
66.18858421440592,-21.183361676526218,95.00000000000001,0.0,0.0,0.0
66.1906627233996,-21.181052021407705,94.99999999999999,0.0,0.0,0.0
66.19274121899564,-21.178742381205318,95.0,0.0,0.0,0.0
66.1948197012024,-21.176432755920978,95.00000000000001,0.0,0.0,0.0
66.19689817002828,-21.174123145556646,95.00000000000001,0.0,0.0,0.0
66.1989766254816,-21.171813550114262,95.0,0.0,0.0,0.0
66.20105506757076,-21.16950396959577,95.0,0.0,0.0,0.0
66.20313349630412,-21.167194404003116,95.0,0.0,0.0,0.0
66.20521191169006,-21.164884853338233,95.0,0.0,0.0,0.0
66.2072903137369,-21.162575317603082,94.99999999999999,0.0,0.0,0.0
66.20936870245308,-21.160265796799592,95.00000000000001,0.0,0.0,0.0
66.21144707784688,-21.157956290929715,94.99999999999999,0.0,0.0,0.0
66.21352543992676,-21.155646799995395,95.00000000000001,0.0,0.0,0.0
66.21560378870099,-21.153337323998574,95.00000000000001,0.0,0.0,0.0
66.21768212417798,-21.1510278629412,95.0,0.0,0.0,0.0
66.21976044636608,-21.148718416825215,94.99999999999999,0.0,0.0,0.0
66.22183875527368,-21.14640898565256,94.99999999999999,0.0,0.0,0.0
66.22391705090911,-21.14409956942519,94.99999999999999,0.0,0.0,0.0
66.22599533328074,-21.141790168145032,95.0,0.0,0.0,0.0
66.22807360239693,-21.13948078181405,95.0,0.0,0.0,0.0
66.23015185826604,-21.13717141043418,95.00000000000001,0.0,0.0,0.0
66.23223010089644,-21.134862054007364,95.00000000000001,0.0,0.0,0.0
66.23430833029649,-21.13255271253555,95.00000000000001,0.0,0.0,0.0
66.23638654647452,-21.13024338602068,95.00000000000001,0.0,0.0,0.0
66.2384647494389,-21.1279340744647,94.99999999999999,0.0,0.0,0.0
66.24054293919802,-21.125624777869575,95.0,0.0,0.0,0.0
66.2426211157602,-21.12331549623721,95.00000000000001,0.0,0.0,0.0
66.2446992791338,-21.12100622956958,95.00000000000001,0.0,0.0,0.0
66.2467774293272,-21.11869697786862,95.00000000000001,0.0,0.0,0.0
66.24885556634871,-21.116387741136286,94.99999999999999,0.0,0.0,0.0
66.25093369020674,-21.114078519374505,95.00000000000001,0.0,0.0,0.0
66.25301180090959,-21.111769312585235,94.99999999999999,0.0,0.0,0.0
66.25508989846567,-21.10946012077042,95.0,0.0,0.0,0.0
66.25716798288329,-21.107150943932005,95.00000000000001,0.0,0.0,0.0
66.25924605417082,-21.104841782071937,95.0,0.0,0.0,0.0
66.2613241123366,-21.10253263519216,95.0,0.0,0.0,0.0
66.26340215738901,-21.100223503294615,95.00000000000001,0.0,0.0,0.0
66.26548018933634,-21.097914386381248,95.00000000000001,0.0,0.0,0.0
66.26755820818701,-21.09560528445402,95.00000000000001,0.0,0.0,0.0
66.26963621394934,-21.093296197514864,94.99999999999999,0.0,0.0,0.0
66.27171420663169,-21.09098712556572,94.99999999999999,0.0,0.0,0.0
66.27379218624237,-21.088678068608548,95.0,0.0,0.0,0.0
66.27587015278978,-21.086369026645286,95.0,0.0,0.0,0.0
66.27794810628224,-21.084059999677883,95.00000000000001,0.0,0.0,0.0
66.28002604672811,-21.081750987708283,95.00000000000001,0.0,0.0,0.0
66.28210397413571,-21.07944199073844,95.0,0.0,0.0,0.0
66.28418188851343,-21.07713300877029,95.0,0.0,0.0,0.0
66.28625978986958,-21.07482404180578,95.00000000000001,0.0,0.0,0.0
66.2883376782125,-21.072515089846863,95.0,0.0,0.0,0.0
66.29041555355057,-21.070206152895484,95.00000000000001,0.0,0.0,0.0
66.29249341589211,-21.067897230953587,95.00000000000001,0.0,0.0,0.0
66.29457126524545,-21.065588324023118,95.0,0.0,0.0,0.0
66.29664910161897,-21.06327943210603,94.99999999999999,0.0,0.0,0.0
66.298726925021,-21.06097055520426,95.0,0.0,0.0,0.0
66.30080473545986,-21.058661693319767,95.0,0.0,0.0,0.0
66.3028825329439,-21.056352846454484,95.0,0.0,0.0,0.0
66.30496031748149,-21.054044014610373,95.00000000000001,0.0,0.0,0.0
66.30703808908093,-21.051735197789366,94.99999999999999,0.0,0.0,0.0
66.30911584775059,-21.049426395993418,95.00000000000001,0.0,0.0,0.0
66.31119359349879,-21.04711760922448,95.00000000000001,0.0,0.0,0.0
66.31327132633388,-21.044808837484496,95.00000000000001,0.0,0.0,0.0
66.31534904626417,-21.042500080775408,95.0,0.0,0.0,0.0
66.31742675329805,-21.040191339099163,95.0,0.0,0.0,0.0
66.3195044474438,-21.037882612457725,94.99999999999999,0.0,0.0,0.0
66.32158212870982,-21.035573900853016,95.00000000000001,0.0,0.0,0.0
66.3236597971044,-21.03326520428701,94.99999999999999,0.0,0.0,0.0
66.32573745263588,-21.03095652276163,95.00000000000003,0.0,0.0,0.0
66.32781509531259,-21.028647856278837,95.00000000000004,0.0,0.0,0.0
66.3298927251429,-21.02633920484059,95.0,0.0,0.0,0.0
66.3319703421351,-21.024030568448808,95.00000000000001,0.0,0.0,0.0
66.33404794629755,-21.021721947105462,95.0,0.0,0.0,0.0
66.33612553763857,-21.019413340812495,95.0,0.0,0.0,0.0
66.33820311616651,-21.017104749571846,95.00000000000001,0.0,0.0,0.0
66.34028068188967,-21.014796173385474,95.0,0.0,0.0,0.0
66.34235823481643,-21.012487612255324,95.0,0.0,0.0,0.0
66.34443577495507,-21.010179066183344,95.00000000000001,0.0,0.0,0.0
66.34651330231395,-21.007870535171477,95.0,0.0,0.0,0.0
66.34859081690139,-21.005562019221678,95.0,0.0,0.0,0.0
66.35066831872572,-21.003253518335892,95.00000000000001,0.0,0.0,0.0
66.35274580779527,-21.00094503251608,94.99999999999999,0.0,0.0,0.0
66.35482328411838,-20.998636561764155,95.0,0.0,0.0,0.0
66.35690074770336,-20.99632810608211,95.0,0.0,0.0,0.0
66.35897819855853,-20.99401966547187,95.0,0.0,0.0,0.0
66.36105563669224,-20.991711239935384,95.00000000000001,0.0,0.0,0.0
66.3631330621128,-20.989402829474606,95.0,0.0,0.0,0.0
66.36521047482856,-20.987094434091475,95.0,0.0,0.0,0.0
66.3672878748478,-20.984786053787957,95.00000000000001,0.0,0.0,0.0
66.36936526217887,-20.982477688565993,95.0,0.0,0.0,0.0
66.37144263683012,-20.980169338427526,95.0,0.0,0.0,0.0
66.37351999880983,-20.977861003374514,95.00000000000001,0.0,0.0,0.0
66.37559734812633,-20.9755526834089,95.0,0.0,0.0,0.0
66.37767468478798,-20.973244378532623,95.00000000000001,0.0,0.0,0.0
66.37975200880304,-20.970936088747667,95.0,0.0,0.0,0.0
66.38182932017989,-20.968627814055946,95.0,0.0,0.0,0.0
66.38390661892683,-20.966319554459425,95.00000000000001,0.0,0.0,0.0
66.38598390505216,-20.96401130996005,95.0,0.0,0.0,0.0
66.38806117856421,-20.961703080559776,95.0,0.0,0.0,0.0
66.39013843947133,-20.959394866260542,95.00000000000001,0.0,0.0,0.0
66.3922156877818,-20.95708666706431,95.0,0.0,0.0,0.0
