galstreams/tracks/track.st.C-19.martin2022.ecsv
# %ECSV 1.0
# ---
# datatype:
# - {name: ra, unit: deg, datatype: float64}
# - {name: dec, unit: deg, datatype: float64}
# - {name: distance, unit: kpc, datatype: float64}
# - {name: pm_ra_cosdec, unit: mas / yr, datatype: float64}
# - {name: pm_dec, unit: mas / yr, datatype: float64}
# - {name: radial_velocity, unit: km / s, datatype: float64}
# delimiter: ','
# meta: !!omap
# - __serialized_columns__:
#     dec:
#       __class__: astropy.coordinates.angles.Latitude
#       unit: &id001 !astropy.units.Unit {unit: deg}
#       value: !astropy.table.SerializedColumn {name: dec}
#     distance:
#       __class__: astropy.coordinates.distances.Distance
#       unit: !astropy.units.Unit {unit: kpc}
#       value: !astropy.table.SerializedColumn {name: distance}
#     pm_dec:
#       __class__: astropy.units.quantity.Quantity
#       unit: !astropy.units.Unit {unit: mas / yr}
#       value: !astropy.table.SerializedColumn {name: pm_dec}
#     pm_ra_cosdec:
#       __class__: astropy.units.quantity.Quantity
#       unit: !astropy.units.Unit {unit: mas / yr}
#       value: !astropy.table.SerializedColumn {name: pm_ra_cosdec}
#     ra:
#       __class__: astropy.coordinates.angles.Longitude
#       unit: *id001
#       value: !astropy.table.SerializedColumn {name: ra}
#       wrap_angle: !astropy.coordinates.Angle
#         unit: *id001
#         value: 360.0
#     radial_velocity:
#       __class__: astropy.units.quantity.Quantity
#       unit: !astropy.units.Unit {unit: km / s}
#       value: !astropy.table.SerializedColumn {name: radial_velocity}
# schema: astropy-2.0
ra,dec,distance,pm_ra_cosdec,pm_dec,radial_velocity
[from data line 2375]
355.24473520945406,11.397171999889574,18.000000000000014,1.189389247063159,-3.2761835106720145,-189.43999999999994
355.24490974775733,11.386754384406569,18.00000000000001,1.189379709763649,-3.276199438809432,-189.44
355.24508409043443,11.37633676173261,18.000000000000014,1.189370243301183,-3.276214973821248,-189.43999999999997
355.24525823750946,11.365919131868536,18.000000000000014,1.1893608476712745,-3.2762301157099127,-189.43999999999994
355.24543218900664,11.355501494815211,18.000000000000014,1.189351522869436,-3.276244864477873,-189.43999999999997
355.24560594495,11.34508385057346,18.00000000000001,1.1893422688911777,-3.276259220127574,-189.43999999999988
355.2457795053637,11.334666199144138,18.000000000000014,1.1893330857320126,-3.276273182661461,-189.43999999999986
355.24595287027165,11.3242485405281,18.00000000000001,1.1893239733874517,-3.2762867520819814,-189.43999999999994
355.24612603969786,11.313830874726175,18.000000000000014,1.1893149318530063,-3.276299928391577,-189.44
355.24629901366626,11.303413201739213,18.000000000000014,1.189305961124189,-3.276312711592693,-189.43999999999997
355.24647179220074,11.292995521568065,18.000000000000014,1.1892970611965104,-3.276325101687772,-189.44
355.2466443753252,11.282577834213575,18.00000000000001,1.189288232065483,-3.2763370986792593,-189.44
355.2468167630634,11.272160139676565,18.00000000000001,1.1892794737266184,-3.276348702569594,-189.43999999999988
355.2469889554391,11.26174243795791,18.000000000000014,1.1892707861754248,-3.2763599133612193,-189.43999999999994
355.247160952476,11.25132472905844,18.000000000000014,1.189262169407416,-3.276370731056576,-189.43999999999994
355.24733275419794,11.240907012979001,18.000000000000014,1.1892536234181033,-3.276381155658106,-189.43999999999994
355.2475043606284,11.23048928972044,18.000000000000014,1.1892451482029975,-3.2763911871682483,-189.43999999999997
355.24767577179097,11.2200715592836,18.00000000000001,1.1892367437576092,-3.276400825589443,-189.43999999999988
355.2478469877093,11.20965382166932,18.000000000000014,1.1892284100774493,-3.276410070924128,-189.43999999999997
355.2480180084069,11.19923607687845,18.00000000000001,1.1892201471580301,-3.276418923174744,-189.43999999999994
355.24818883390725,11.188818324911827,18.00000000000001,1.1892119549948608,-3.276427382343727,-189.43999999999994
355.2483594642338,11.178400565770307,18.000000000000014,1.1892038335834538,-3.276435448433515,-189.43999999999997
355.24852989940985,11.167982799454727,18.00000000000001,1.189195782919321,-3.2764431214465453,-189.44
355.2487001394589,11.157565025965926,18.00000000000001,1.1891878029979723,-3.2764504013852536,-189.44
355.24887018440415,11.147147245304753,18.000000000000014,1.189179893814919,-3.2764572882520766,-189.43999999999988
355.2490400342689,11.136729457472056,18.000000000000014,1.189172055365671,-3.2764637820494484,-189.43999999999988
355.24920968907645,11.12631166246867,18.000000000000014,1.1891642876457411,-3.2764698827798067,-189.43999999999986
355.24937914884987,11.115893860295442,18.000000000000014,1.1891565906506387,-3.2764755904455805,-189.43999999999997
355.24954841361244,11.105476050953213,18.000000000000007,1.1891489643758777,-3.276480905049211,-189.43999999999994
355.2497174833872,11.095058234442837,18.000000000000014,1.1891414088169667,-3.276485826593124,-189.43999999999988
355.2498863581973,11.084640410765141,18.000000000000014,1.1891339239694174,-3.2764903550797566,-189.44
355.2500550380657,11.07422257992098,18.000000000000014,1.189126509828743,-3.2764944905115407,-189.43999999999994
355.25022352301534,11.063804741911191,18.00000000000001,1.1891191663904528,-3.2764982328909076,-189.43999999999997
355.2503918130692,11.053386896736624,18.00000000000001,1.189111893650057,-3.276501582220286,-189.44
355.2505599082503,11.042969044398113,18.000000000000014,1.1891046916030712,-3.2765045385021097,-189.43999999999994
355.25072780858136,11.032551184896512,18.00000000000001,1.1890975602450038,-3.2765071017388077,-189.43999999999988
355.25089551408524,11.022133318232658,18.000000000000014,1.189090499571367,-3.276509271932811,-189.43999999999994
355.2510630247848,11.01171544440739,18.000000000000014,1.1890835095776726,-3.2765110490865483,-189.43999999999997
355.2512303407027,11.001297563421558,18.000000000000007,1.189076590259433,-3.276512433202447,-189.43999999999994
355.25139746186164,10.990879675276,18.000000000000014,1.1890697416121578,-3.2765134242829346,-189.44
355.2515643882844,10.980461779971563,18.00000000000001,1.1890629636313637,-3.276514022330441,-189.43999999999983
355.25173111999345,10.970043877509086,18.00000000000001,1.1890562563125568,-3.2765142273473935,-189.43999999999994
355.25189765701145,10.959625967889416,18.00000000000001,1.1890496196512534,-3.276514039336218,-189.44
355.2520639993609,10.949208051113391,18.000000000000014,1.189043053642965,-3.2765134582993394,-189.43999999999994
355.2522301470644,10.938790127181854,18.00000000000001,1.1890365582832036,-3.2765124842391855,-189.43999999999988
355.25239610014427,10.928372196095655,18.000000000000014,1.1890301335674822,-3.2765111171581798,-189.43999999999986
355.252561858623,10.91795425785563,18.00000000000001,1.1890237794913125,-3.2765093570587496,-189.43999999999997
355.2527274225229,10.90753631246262,18.00000000000001,1.189017496050208,-3.2765072039433156,-189.43999999999986
355.2528927918664,10.897118359917476,18.000000000000014,1.1890112832396817,-3.2765046578143036,-189.43999999999997
355.2530579666757,10.886700400221034,18.00000000000001,1.1890051410552476,-3.2765017186741376,-189.43999999999994
355.2532229469732,10.876282433374136,18.000000000000014,1.1889990694924175,-3.276498386525238,-189.43999999999988
355.253387732781,10.865864459377624,18.000000000000014,1.1889930685467052,-3.27649466137003,-189.43999999999986
355.25355232412124,10.855446478232347,18.00000000000001,1.188987138213625,-3.2764905432109344,-189.43999999999986
355.25371672101613,10.84502848993914,18.000000000000014,1.1889812784886893,-3.2764860320503715,-189.43999999999986
355.25388092348777,10.834610494498854,18.000000000000014,1.1889754893674132,-3.2764811278907633,-189.43999999999994
355.25404493155816,10.824192491912319,18.000000000000007,1.1889697708453122,-3.2764758307345323,-189.43999999999988
355.2542087452493,10.813774482180392,18.000000000000014,1.1889641229178967,-3.2764701405840917,-189.43999999999994
355.2543723645832,10.803356465303912,18.00000000000001,1.1889585455806846,-3.276464057441869,-189.43999999999994
355.2545357895818,10.792938441283706,18.000000000000014,1.1889530388291896,-3.2764575813102774,-189.43999999999988
355.2546990202669,10.782520410120636,18.000000000000014,1.1889476026589256,-3.2764507121917386,-189.43999999999997
355.2548620566605,10.772102371815535,18.000000000000014,1.188942237065411,-3.2764434500886703,-189.43999999999997
355.2550248987843,10.761684326369243,18.000000000000018,1.1889369420441578,-3.2764357950034895,-189.43999999999988
355.25518754666007,10.751266273782612,18.000000000000014,1.1889317175906824,-3.2764277469386145,-189.43999999999994
355.2553500003096,10.740848214056477,18.000000000000007,1.1889265637005024,-3.2764193058964617,-189.43999999999986
355.2555122597545,10.730430147191688,18.00000000000001,1.188921480369131,-3.276410471879443,-189.43999999999986
355.2556743250164,10.720012073189075,18.000000000000014,1.1889164675920854,-3.276401244889981,-189.44
355.255836196117,10.709593992049493,18.000000000000014,1.1889115253648839,-3.2763916249304885,-189.44
355.2559978730778,10.699175903773774,18.000000000000007,1.1889066536830424,-3.276381612003381,-189.44
355.2561593559203,10.688757808362766,18.00000000000001,1.1889018525420767,-3.276371206111071,-189.43999999999988
355.2563206446661,10.678339705817308,18.00000000000001,1.1888971219375053,-3.2763604072559733,-189.43999999999994
355.25648173933655,10.667921596138248,18.000000000000014,1.188892461864846,-3.2763492154405025,-189.43999999999988
355.25664263995304,10.65750347932642,18.000000000000014,1.1888878723196146,-3.2763376306670713,-189.43999999999988
355.25680334653697,10.647085355382682,18.000000000000007,1.188883353297333,-3.2763256529380946,-189.43999999999994
355.2569638591097,10.636667224307864,18.000000000000014,1.188878904793517,-3.2763132822559786,-189.43999999999986
355.2571241776924,10.626249086102808,18.00000000000001,1.1888745268036847,-3.2763005186231418,-189.43999999999994
355.2572843023064,10.615830940768365,18.000000000000014,1.1888702193233565,-3.276287362041991,-189.43999999999994
355.2574442329729,10.605412788305367,18.000000000000014,1.188865982348052,-3.2762738125149413,-189.43999999999994
355.257603969713,10.59499462871466,18.00000000000001,1.1888618158732902,-3.2762598700443997,-189.43999999999983
355.25776351254785,10.584576461997088,18.000000000000014,1.1888577198945895,-3.2762455346327783,-189.43999999999994
355.2579228614985,10.574158288153503,18.000000000000014,1.188853694407473,-3.276230806282485,-189.43999999999994
355.2580820165862,10.563740107184737,18.00000000000001,1.1888497394074613,-3.2762156849959325,-189.43999999999986
355.2582409778316,10.553321919091626,18.000000000000014,1.1888458548900716,-3.276200170775525,-189.43999999999994
355.2583997452559,10.542903723875034,18.00000000000001,1.1888420408508293,-3.276184263623674,-189.43999999999986
355.2585583188799,10.532485521535776,18.000000000000014,1.188838297285254,-3.2761679635427887,-189.43999999999986
355.2587166987246,10.522067312074718,18.000000000000018,1.1888346241888674,-3.276151270535273,-189.43999999999983
355.2588748848106,10.511649095492695,18.000000000000014,1.1888310215571913,-3.2761341846035372,-189.43999999999994
355.25903287715903,10.501230871790549,18.00000000000001,1.1888274893857518,-3.276116705749988,-189.43999999999986
355.2591906757904,10.490812640969121,18.00000000000001,1.188824027670067,-3.276098833977027,-189.43999999999994
355.2593482807256,10.48039440302926,18.000000000000014,1.188820636405665,-3.276080569287066,-189.43999999999988
355.2595056919851,10.469976157971805,18.00000000000001,1.1888173155880661,-3.2760619116825103,-189.43999999999988
355.25966290958974,10.459557905797597,18.000000000000007,1.1888140652127959,-3.2760428611657613,-189.43999999999988
355.2598199335599,10.449139646507483,18.000000000000014,1.1888108852753776,-3.2760234177392245,-189.43999999999997
355.2599767639164,10.4387213801023,18.000000000000014,1.1888077757713393,-3.276003581405307,-189.43999999999988
355.26013340067954,10.4283031065829,18.00000000000001,1.1888047366962025,-3.2759833521664103,-189.43999999999994
355.2602898438699,10.417884825950118,18.000000000000018,1.1888017680454954,-3.2759627300249363,-189.43999999999988
355.2604460935079,10.407466538204812,18.00000000000001,1.1887988698147438,-3.2759417149832952,-189.43999999999994
355.2606021496139,10.397048243347806,18.000000000000014,1.1887960419994732,-3.275920307043882,-189.43999999999994
355.26075801220827,10.386629941379951,18.00000000000001,1.1887932845952123,-3.2758985062091037,-189.43999999999986
355.2609136813113,10.376211632302098,18.00000000000001,1.1887905975974857,-3.2758763124813592,-189.44
355.26106915694334,10.365793316115075,18.00000000000001,1.1887879810018236,-3.275853725863053,-189.43999999999994
355.2612244391246,10.355374992819737,18.00000000000001,1.1887854348037534,-3.2758307463565837,-189.43999999999994
355.2613795278752,10.34495666241693,18.00000000000001,1.188782958998805,-3.2758073739643514,-189.43999999999994
355.2615344232154,10.334538324907488,18.00000000000001,1.188780553582506,-3.2757836086887604,-189.43999999999994
355.2616891251652,10.324119980292263,18.00000000000001,1.1887782185503863,-3.2757594505322096,-189.43999999999994
355.26184363374483,10.31370162857209,18.000000000000014,1.1887759538979772,-3.2757348994970954,-189.43999999999994
355.26199794897417,10.303283269747833,18.000000000000018,1.188773759620807,-3.27570995558582,-189.43999999999997
355.26215207087336,10.292864903820305,18.000000000000014,1.18877163571441,-3.2756846188007813,-189.43999999999988
355.26230599946217,10.282446530790374,18.000000000000014,1.1887695821743136,-3.2756588891443776,-189.43999999999994
355.2624597347607,10.272028150658867,18.000000000000014,1.188767598996053,-3.275632766619009,-189.43999999999988
355.2626132767886,10.261609763426648,18.000000000000014,1.1887656861751585,-3.275606251227071,-189.43999999999994
355.262766625566,10.251191369094546,18.000000000000014,1.1887638437071653,-3.2755793429709597,-189.43999999999997
355.2629197811125,10.24077296766341,18.000000000000018,1.1887620715876055,-3.275552041853077,-189.43999999999986
355.2630727434478,10.230354559134087,18.000000000000018,1.1887603698120115,-3.275524347875817,-189.43999999999994
355.26322551259176,10.21993614350742,18.000000000000014,1.1887587383759213,-3.2754962610415728,-189.43999999999997
355.263378088564,10.209517720784252,18.000000000000018,1.1887571772748666,-3.2754677813527433,-189.43999999999997
355.26353047138423,10.199099290965425,18.000000000000014,1.188755686504387,-3.2754389088117275,-189.43999999999986
355.26368266107187,10.188680854051785,18.000000000000014,1.1887542660600134,-3.2754096434209155,-189.43999999999983
355.26383465764656,10.178262410044187,18.000000000000014,1.1887529159372843,-3.2753799851827026,-189.43999999999994
355.2639864611279,10.167843958943465,18.000000000000014,1.1887516361317385,-3.275349934099484,-189.43999999999988
355.2641380715352,10.157425500750463,18.000000000000014,1.1887504266389117,-3.2753194901736555,-189.43999999999988
355.2642894888881,10.147007035466036,18.000000000000014,1.1887492874543442,-3.2752886534076087,-189.43999999999994
355.2644407132058,10.13658856309102,18.000000000000014,1.1887482185735718,-3.275257423803738,-189.43999999999994
355.26459174450775,10.126170083626258,18.000000000000018,1.1887472199921365,-3.275225801364437,-189.43999999999986
355.26474258281326,10.115751597072615,18.000000000000014,1.1887462917055767,-3.275193786092097,-189.43999999999994
355.26489322814155,10.105333103430915,18.00000000000002,1.1887454337094325,-3.275161377989111,-189.43999999999994
355.26504368051195,10.094914602702008,18.000000000000014,1.1887446459992463,-3.275128577057872,-189.43999999999988
355.2651939399436,10.084496094886747,18.000000000000014,1.1887439285705592,-3.275095383300771,-189.43999999999994
355.2653440064556,10.074077579985971,18.000000000000014,1.188743281418913,-3.2750617967201983,-189.43999999999994
355.26549388006714,10.063659058000534,18.000000000000014,1.1887427045398504,-3.2750278173185468,-189.43999999999986
355.26564356079734,10.053240528931271,18.000000000000018,1.1887421979289148,-3.2749934450982043,-189.43999999999994
355.2657930486651,10.042821992779038,18.000000000000014,1.1887417615816505,-3.274958680061567,-189.43999999999997
355.2659423436895,10.032403449544669,18.000000000000014,1.1887413954936026,-3.274923522211018,-189.43999999999997
355.2660914458896,10.021984899229027,18.000000000000014,1.1887410996603158,-3.274887971548951,-189.43999999999994
355.2662403552841,10.011566341832943,18.000000000000018,1.1887408740773353,-3.274852028077752,-189.43999999999994
355.266389071892,10.001147777357277,18.000000000000014,1.1887407187402093,-3.2748156917998146,-189.43999999999986
355.2665375957321,9.99072920580287,18.000000000000014,1.1887406336444832,-3.2747789627175266,-189.43999999999994
355.26668592682324,9.980310627170562,18.000000000000018,1.1887406187857052,-3.274741840833272,-189.43999999999986
355.2668340651842,9.96989204146121,18.00000000000002,1.1887406741594244,-3.274704326149444,-189.43999999999983
355.26698201083354,9.959473448675654,18.000000000000014,1.1887407997611887,-3.274666418668429,-189.43999999999986
355.26712976379014,9.949054848814747,18.000000000000014,1.1887409955865487,-3.2746281183926116,-189.43999999999983
