galstreams/tracks/track.st.GD-1.pricewhelan2018.ecsv
# %ECSV 1.0
# ---
# datatype:
# - {name: ra, unit: deg, datatype: float64}
# - {name: dec, unit: deg, datatype: float64}
# - {name: distance, unit: kpc, datatype: float64}
# - {name: pm_ra_cosdec, unit: mas / yr, datatype: float64}
# - {name: pm_dec, unit: mas / yr, datatype: float64}
# - {name: radial_velocity, unit: km / s, datatype: float64}
# delimiter: ','
# meta: !!omap
# - __serialized_columns__:
#     dec:
#       __class__: astropy.coordinates.angles.Latitude
#       unit: &id001 !astropy.units.Unit {unit: deg}
#       value: !astropy.table.SerializedColumn {name: dec}
#     distance:
#       __class__: astropy.coordinates.distances.Distance
#       unit: !astropy.units.Unit {unit: kpc}
#       value: !astropy.table.SerializedColumn {name: distance}
#     pm_dec:
#       __class__: astropy.units.quantity.Quantity
#       unit: !astropy.units.Unit {unit: mas / yr}
#       value: !astropy.table.SerializedColumn {name: pm_dec}
#     pm_ra_cosdec:
#       __class__: astropy.units.quantity.Quantity
#       unit: !astropy.units.Unit {unit: mas / yr}
#       value: !astropy.table.SerializedColumn {name: pm_ra_cosdec}
#     ra:
#       __class__: astropy.coordinates.angles.Longitude
#       unit: *id001
#       value: !astropy.table.SerializedColumn {name: ra}
#       wrap_angle: !astropy.coordinates.Angle
#         unit: *id001
#         value: 360.0
#     radial_velocity:
#       __class__: astropy.units.quantity.Quantity
#       unit: !astropy.units.Unit {unit: km / s}
#       value: !astropy.table.SerializedColumn {name: radial_velocity}
# schema: astropy-2.0
ra,dec,distance,pm_ra_cosdec,pm_dec,radial_velocity
[from data line 8941]
199.70001935509757,58.253358081057975,9.979200166889225,-8.401554827597426,-4.093948149357775,1.2938896050336821e-08
199.7188812437086,58.25481382306549,9.979700206324045,-8.401766229460776,-4.0911078471314255,1.2938256072034951e-08
199.73774471974903,58.25626667052279,9.980200245758867,-8.401977175974109,-4.088267731789497,1.2937700301404379e-08
199.75660978021486,58.2577166231908,9.980700285193691,-8.402187667298401,-4.085427804045155,1.2937195055376587e-08
199.7754764221011,58.25916368083139,9.981200324628514,-8.402397703595446,-4.0825880646114925,1.2936538235540457e-08
199.79434464240083,58.26060784320723,9.981700364063338,-8.402607285027797,-4.079748514201659,1.2936083514115444e-08
199.81321443810626,58.262049110081975,9.98220040349816,-8.402816411758861,-4.076909153528731,1.2935325645073756e-08
199.8320858062077,58.26348748122001,9.982700442932984,-8.403025083952798,-4.074069983305835,1.2934854082114484e-08
199.85095874369455,58.26492295638672,9.983200482367804,-8.40323330177461,-4.071231004246021,1.2934214103812613e-08
199.8698332475543,58.26635553534827,9.983700521802628,-8.403441065390062,-4.06839221706239,1.293369201625056e-08
199.8887093147736,58.2677852178718,9.98420056123745,-8.403648374965762,-4.065553622467961,1.2933153087154249e-08
199.90758694233716,58.26921200372522,9.984700600672275,-8.403855230669084,-4.062715221175798,1.29324625842496e-08
199.9264661272288,58.27063589267741,9.985200640107097,-8.404061632668235,-4.0598770138989035,1.2931889972084768e-08
199.94534686643047,58.272056884498035,9.985700679541921,-8.4042675811322,-4.057039001350301,1.2931351042988457e-08
199.96422915692327,58.27347497895773,9.986200718976743,-8.404473076230797,-4.054201184242951,1.2930828955426403e-08
199.9831129956864,58.27489017582794,9.986700758411565,-8.404678118134619,-4.05136356328984,1.2930239501727313e-08
200.00199837969816,58.27630247488105,9.987200797846386,-8.404882707015092,-4.048526139203893,1.292968373109674e-08
200.02088530593508,58.27771187589024,9.98770083728121,-8.40508684304442,-4.04568891269805,1.292911111893191e-08
200.03977377137255,58.279118378629626,9.988200876716034,-8.405290526395637,-4.042851884485207,1.2928572189835598e-08
200.0586637729847,58.280521982874234,9.988700916150856,-8.405493757242576,-4.040015055278219,1.2927965894602247e-08
200.077555307744,58.28192268839988,9.989200955585678,-8.405696535759873,-4.037178425789956,1.2927376440903156e-08
200.09644837262164,58.283320494983336,9.9897009950205,-8.40589886212296,-4.03434199673326,1.2926888036409623e-08
200.11534296458763,58.284715402402234,9.990201034455323,-8.406100736508103,-4.031505768820912,1.2926315424244792e-08
200.13423908061063,58.286107410435086,9.990701073890147,-8.406302159092366,-4.028669742765671,1.2925692287477183e-08
200.15313671765773,58.28749651886126,9.991201113324971,-8.40650313005361,-4.0258339192803,1.2925220724517909e-08
200.17203587269475,58.28888272746104,9.991701152759791,-8.406703649570517,-4.022998299077523,1.2924664953887337e-08
200.19093654268627,58.290266036015595,9.992201192194615,-8.406903717822571,-4.020162882870012,1.2924075500188246e-08
200.2098387245956,58.29164644430697,9.992701231629438,-8.407103334990081,-4.0173276713704045,1.2923469204954896e-08
200.22874241538452,58.293023952118084,9.993201271064263,-8.407302501254145,-4.014492665291337,1.2922913434324324e-08
200.24764761201342,58.29439855923272,9.993701310499084,-8.407501216796685,-4.011657865345411,1.2922357663693752e-08
200.2665543114416,58.2957702654356,9.994201349933908,-8.407699481800423,-4.008823272245162,1.292180189306318e-08
200.28546251062713,58.297139070512294,9.99470138936873,-8.407897296448919,-4.005988886703097,1.292126296396687e-08
200.30437220652635,58.298504974249276,9.995201428803554,-8.408094660926515,-4.003154709431708,1.2920673510267779e-08
200.3232833960945,58.29986797643388,9.995701468238376,-8.408291575418367,-4.000320741143457,1.2920134581171466e-08
200.34219607628552,58.30122807685434,9.996201507673199,-8.408488040110468,-3.997486982550734,1.2919578810540894e-08
200.36111024405218,58.302585275299826,9.996701547108021,-8.408684055189612,-3.9946534343658913,1.2918972515307544e-08
200.38002589634561,58.303939571560285,9.997201586542845,-8.408879620843386,-3.9918200973012823,1.2918467269279752e-08
200.39894303011602,58.30529096542668,9.997701625977669,-8.409074737260223,-3.9889869720691653,1.2917877815580661e-08
200.41786164231186,58.30663945669071,9.99820166541249,-8.409269404629349,-3.986154059381809,1.2917338886484348e-08
200.4367817298808,58.30798504514516,9.998701704847315,-8.40946362314082,-3.9833213599513866,1.2916783115853776e-08
200.45570328976873,58.30932773058352,9.99920174428214,-8.409657392985483,-3.980488874490084,1.2916244186757465e-08
200.4746263189207,58.310667512800265,9.99970178371696,-8.409850714355036,-3.977656603709983,1.2915738940729673e-08
200.49355081428007,58.31200439159074,10.000201823151782,-8.41004358744196,-3.9748245483231672,1.2915149487030582e-08
200.5124767727892,58.313338366751175,10.000701862586606,-8.410236012439565,-3.971992709041644,1.291464424100279e-08
200.5314041913891,58.314669438078724,10.00120190202143,-8.410427989541983,-3.9691610865773805,1.29139705796324e-08
200.55033306701932,58.31599760537138,10.00170194145625,-8.41061951894416,-3.966329681642308,1.2913532699741646e-08
200.56926339661848,58.31732286842804,10.002201980891073,-8.410810600841845,-3.963498494948284,1.2912976929111075e-08
200.58819517712362,58.31864522704855,10.002702020325897,-8.41100123543163,-3.9606675272071334,1.2912454841549022e-08
200.6071284054707,58.31996468103357,10.00320205976072,-8.411191422910907,-3.957836779130618,1.2911814863247152e-08
200.62606307859429,58.32128123018467,10.003702099195545,-8.41138116347789,-3.955006251430456,1.2911360141822139e-08
200.64499919342782,58.32259487430438,10.004202138630367,-8.411570457331617,-3.9521759448183023,1.291070332198601e-08
200.66393674690332,58.32390561319604,10.00470217806519,-8.41175930467194,-3.9493458600057716,1.2910198075958217e-08
200.6828757359518,58.32521344666393,10.005202217500015,-8.411947705699532,-3.946515997704395,1.2909608622259126e-08
200.70181615750275,58.3265183745132,10.005702256934836,-8.412135660615892,-3.943686358625675,1.2909069693162814e-08
200.7207580084846,58.32782039654993,10.00620229636966,-8.412323169623328,-3.940856943481043,1.2908598130203541e-08
200.73970128582448,58.329119512581066,10.006702335804482,-8.412510232924976,-3.938027752981867,1.290797499343593e-08
200.75864598644827,58.33041572241446,10.007202375239306,-8.412696850724789,-3.9351987878394663,1.2907469747408138e-08
200.77759210728058,58.33170902585885,10.00770241467413,-8.41288302322755,-3.932370048765094,1.2906930818311827e-08
200.79653964524488,58.33299942272388,10.00820245410895,-8.413068750638857,-3.929541536469939,1.2906391889215514e-08
200.81548859726337,58.33428691282011,10.008702493543774,-8.413254033165131,-3.9267132516651286,1.2905836118584942e-08
200.834438960257,58.33557149595896,10.009202532978598,-8.413438871013613,-3.9238851950617235,1.2905280347954372e-08
200.85339073114545,58.336853171952754,10.00970257241342,-8.413623264392376,-3.921057367370731,1.2904825626529358e-08
200.87234390684736,58.33813194061476,10.010202611848243,-8.413807213510308,-3.918229769303074,1.2904253014364526e-08
200.89129848428,58.3394078017591,10.010702651283065,-8.413990718577123,-3.9154024015696223,1.2903697243733956e-08
200.91025446035943,58.34068075520079,10.01120269071789,-8.414173779803354,-3.9125752648811707,1.2903158314637643e-08
200.92921183200056,58.34195080075578,10.011702730152711,-8.414356397400375,-3.909748359948455,1.2902619385541332e-08
200.94817059611714,58.343217938240905,10.012202769587537,-8.414538571580364,-3.9069216874821198,1.290206361491076e-08
200.96713074962153,58.34448216747387,10.012702809022358,-8.414720302556342,-3.90409524819277,1.2901558368882968e-08
200.98609228942516,58.34574348827334,10.01320284845718,-8.414901590542136,-3.9012690427909043,1.2901069964389435e-08
201.0050552124381,58.34700190045886,10.013702887892006,-8.415082435752417,-3.8984430719869687,1.2900429986087564e-08
201.02401951556914,58.348257403850816,10.01420292732683,-8.41526283840267,-3.8956173364913376,1.289999210619681e-08
201.04298519572612,58.3495099982706,10.014702966761652,-8.415442798709224,-3.8927918370143004,1.289950370170328e-08
201.0619522498155,58.35075968354043,10.015203006196476,-8.415622316889205,-3.889966574266068,1.2898880564935668e-08
201.0809206747427,58.35200645948346,10.0157030456313,-8.415801393160596,-3.8871415489567873,1.2898341635839356e-08
201.09989046741185,58.353250325923725,10.016203085066122,-8.415980027742192,-3.8843167617965193,1.2897802706743045e-08
201.11886162472595,58.35449128268618,10.016703124500944,-8.41615822085362,-3.8814922134952434,1.2897314302249512e-08
201.13783414358687,58.355729329596684,10.017203163935768,-8.416335972715324,-3.878667904762863,1.289679221468746e-08
201.15680802089523,58.356964466482005,10.01770320337059,-8.4165132835486,-3.875843836309203,1.2896286968659667e-08
201.17578325355058,58.35819669316981,10.018203242805415,-8.416690153575553,-3.873020008843997,1.2895764881097616e-08
201.19475983845123,58.359426009488644,10.018703282240235,-8.416866583019125,-3.870196423076905,1.2895293318138342e-08
201.2137377724944,58.36065241526802,10.019203321675061,-8.417042572103085,-3.867373079717496,1.2894687022904992e-08
201.2327170525761,58.36187591033829,10.019703361109885,-8.417218121052038,-3.8645499794752554,1.2894097569205901e-08
201.25169767559123,58.36309649453076,10.020203400544707,-8.41739323009141,-3.861727123059592,1.2893592323178109e-08
201.27067963843353,58.3643141676776,10.02070343997953,-8.417567899447462,-3.8589045111798126,1.2893070235616057e-08
201.2896629379956,58.36552892961196,10.021203479414353,-8.417742129347285,-3.8560821445451463,1.2892531306519744e-08
201.3086475711689,58.3667407801678,10.021703518849174,-8.417915920018809,-3.853260023864724,1.2891958694354913e-08
201.32763353484378,58.36794971918008,10.022203558284001,-8.418089271690773,-3.8504381498475935,1.2891487131395641e-08
201.3466208259094,58.36915574648461,10.022703597718824,-8.418262184592784,-3.847616523202717,1.2891015568436367e-08
201.3656094412539,58.370358861918106,10.02320363715365,-8.418434658955245,-3.8447951446389412,1.2890409273203017e-08
201.38459937776415,58.37155906531824,10.02370367658847,-8.418606695009412,-3.841974014865052,1.2889904027175225e-08
201.403590632326,58.37275635652357,10.024203716023294,-8.418778292987371,-3.839153134589716,1.2889365098078912e-08
201.42258320182418,58.37395073537353,10.024703755458116,-8.418949453122035,-3.8363325045215166,1.28889103766539e-08
201.44157708314225,58.37514220170851,10.02520379489294,-8.419120175647157,-3.8335121253689346,1.2888438813694627e-08
201.46057227316274,58.376330755369814,10.025703834327762,-8.41929046079732,-3.830691997840354,1.2887866201529796e-08
201.47956876876697,58.37751639619962,10.026203873762586,-8.419460308807942,-3.827872122644071,1.2887411480104783e-08
201.49856656683525,58.37869912404103,10.026703913197412,-8.419629719915271,-3.8250525004882663,1.2886838867939952e-08
201.51756566424675,58.379878938738074,10.027203952632233,-8.419798694356404,-3.822233132081037,1.2886350463446419e-08
201.53656605787958,58.38105584013569,10.027703992067059,-8.419967232369254,-3.8194140181303613,1.2885794692815846e-08
201.55556774461067,58.382229828079694,10.028204031501879,-8.420135334192585,-3.8165951593441276,1.2885272605253795e-08
201.57457072131598,58.383400902416874,10.028704070936703,-8.420303000065982,-3.8137765564301214,1.2884817883828782e-08
201.59357498487023,58.384569062994885,10.029204110371529,-8.42047023022988,-3.81095821009602,1.2884329479335249e-08
201.61258053214726,58.38573430966231,10.02970414980635,-8.42063702492554,-3.8081401210493873,1.2883841074841716e-08
201.6315873600197,58.38689664226867,10.030204189241175,-8.420803384395064,-3.80532228999769,1.2883234779608366e-08
201.65059546535912,58.38805606066434,10.030704228675997,-8.420969308881395,-3.80250471764829,1.2882729533580573e-08
201.669604845036,58.38921256470067,10.031204268110823,-8.4211347986283,-3.7996874047084406,1.288229165368982e-08
201.6886154959198,58.390366154229895,10.031704307545644,-8.4212998538804,-3.796870351885274,1.2881735883059248e-08
201.70762741487897,58.39151682910517,10.032204346980466,-8.421464474883138,-3.794053559885823,1.2881230637031455e-08
201.72664059878073,58.39266458918058,10.032704386415292,-8.421628661882803,-3.7912370294170055,1.2880708549469404e-08
201.7456550444914,58.39380943431112,10.033204425850114,-8.421792415126525,-3.7884207611856286,1.2880169620373093e-08
201.76467074887614,58.39495136435267,10.033704465284938,-8.421955734862268,-3.7856047558983867,1.2879748582016598e-08
201.7836877087992,58.39609037916207,10.034204504719762,-8.42211862133883,-3.782789014261848,1.2879159128317508e-08
201.80270592112362,58.39722647859706,10.034704544154584,-8.422281074805857,-3.779973536982485,1.2878637040755456e-08
201.8217253827115,58.39835966251629,10.035204583589408,-8.422443095513831,-3.7771583247666403,1.2878232843933221e-08
201.84074609042386,58.399489930779325,10.035704623024232,-8.422604683714079,-3.7743433783205376,1.2877727597905429e-08
201.85976804112073,58.40061728324669,10.036204662459056,-8.422765839658753,-3.7715286983502896,1.2877188668809118e-08
201.8787912316611,58.401741719779785,10.03670470189388,-8.422926563600857,-3.768714285561886,1.2876700264315584e-08
201.89781565890283,58.40286324024094,10.0372047413287,-8.423086855794237,-3.7659001406611976,1.2876178176753533e-08
201.91684131970288,58.403981844493394,10.037704780763525,-8.423246716493573,-3.763086264353972,1.2875757138397038e-08
201.93586821091722,58.405097532401335,10.038204820198349,-8.42340614595439,-3.760272657345824,1.2875134001629428e-08
201.95489632940064,58.40621030382983,10.03870485963317,-8.423565144433049,-3.7574593203422673,1.2874712963272935e-08
201.97392567200706,58.40732015864493,10.039204899067997,-8.423723712186765,-3.754646254048668,1.2874174034176622e-08
201.9929562355893,58.408427096713524,10.039704938502817,-8.42388184947358,-3.7518334591702875,1.287380352042291e-08
202.01198801699928,58.4095311179035,10.040204977937643,-8.424039556552382,-3.7490209364122347,1.2873129859052519e-08
202.03102101308778,58.4106322220836,10.040705017372465,-8.424196833682908,-3.7462086864795205,1.2872742503764545e-08
202.05005522070468,58.41173040912356,10.041205056807291,-8.424353681125734,-3.743396710077002,1.2872237257736752e-08
202.06909063669886,58.412825678893945,10.041705096242113,-8.424510099142276,-3.740585007909419,1.28717151701747e-08
202.0881272579182,58.41391803126633,10.042205135676937,-8.424666087994794,-3.7377735806813774,1.2871243607215427e-08
202.10716508120953,58.415007466113174,10.042705175111758,-8.424821647946402,-3.734962429097358,1.2870822568858934e-08
202.12620410341876,58.41609398330787,10.043205214546585,-8.424976779261037,-3.7321515538616916,1.2870317322831142e-08
202.14524432139083,58.41717758272471,10.043705253981408,-8.425131482203495,-3.729340955678589,1.2869778393734829e-08
202.16428573196973,58.41825826423894,10.044205293416232,-8.42528575703941,-3.726530635252127,1.2869306830775557e-08
202.1833283319983,58.419336027726715,10.044705332851056,-8.425439604035272,-3.723720593286239,1.2868852109350544e-08
202.20237211831866,58.42041087306512,10.045205372285878,-8.425593023458399,-3.7209108304847254,1.286833002178849e-08
202.22141708777175,58.421482800132154,10.045705411720702,-8.42574601557696,-3.718101347551248,1.286775740962366e-08
202.24046323719773,58.42255180880675,10.046205451155526,-8.425898580659974,-3.715292145189326,1.2867302688198647e-08
202.25951056343564,58.423617898968764,10.04670549059035,-8.426050718977296,-3.7124832241023475,1.2866898491376413e-08
202.27855906332368,58.424681070498984,10.047205530025174,-8.426202430799643,-3.7096745849935457,1.2866376403814361e-08
