galstreams/tracks/track.st.M68.ibata2021.ecsv
# %ECSV 1.0
# ---
# datatype:
# - {name: ra, unit: deg, datatype: float64}
# - {name: dec, unit: deg, datatype: float64}
# - {name: distance, unit: kpc, datatype: float64}
# - {name: pm_ra_cosdec, unit: mas / yr, datatype: float64}
# - {name: pm_dec, unit: mas / yr, datatype: float64}
# - {name: radial_velocity, unit: km / s, datatype: float64}
# delimiter: ','
# meta: !!omap
# - __serialized_columns__:
#     dec:
#       __class__: astropy.coordinates.angles.Latitude
#       unit: &id001 !astropy.units.Unit {unit: deg}
#       value: !astropy.table.SerializedColumn {name: dec}
#     distance:
#       __class__: astropy.coordinates.distances.Distance
#       unit: !astropy.units.Unit {unit: kpc}
#       value: !astropy.table.SerializedColumn {name: distance}
#     pm_dec:
#       __class__: astropy.units.quantity.Quantity
#       unit: !astropy.units.Unit {unit: mas / yr}
#       value: !astropy.table.SerializedColumn {name: pm_dec}
#     pm_ra_cosdec:
#       __class__: astropy.units.quantity.Quantity
#       unit: !astropy.units.Unit {unit: mas / yr}
#       value: !astropy.table.SerializedColumn {name: pm_ra_cosdec}
#     ra:
#       __class__: astropy.coordinates.angles.Longitude
#       unit: *id001
#       value: !astropy.table.SerializedColumn {name: ra}
#       wrap_angle: !astropy.coordinates.Angle
#         unit: *id001
#         value: 360.0
#     radial_velocity:
#       __class__: astropy.units.quantity.Quantity
#       unit: !astropy.units.Unit {unit: km / s}
#       value: !astropy.table.SerializedColumn {name: radial_velocity}
# schema: astropy-2.0
ra,dec,distance,pm_ra_cosdec,pm_dec,radial_velocity
[from data line 1148]
189.3366496806695,-32.6277430063631,4.238667154559334,-3.9554708906888756,7.260314773625331,209.03211158977726
189.33998835358386,-32.618118092367524,4.238774318522686,-3.9554780414242385,7.256594001572176,209.35257779434465
189.3433317178356,-32.60849383554871,4.238879627187645,-3.95548950740867,7.252878022383832,209.67415207521196
189.34667978135238,-32.598870236808196,4.238983075820311,-3.9555052981132404,7.249166857208994,209.99683462066793
189.35003255205953,-32.58924729704638,4.239084659686788,-3.9555254230113084,7.245460527194806,210.3206256190009
189.35339003788016,-32.57962501716247,4.239184374053172,-3.9555498915785474,7.241759053486853,210.64552525849967
189.35675224673503,-32.5700033980545,4.239282214185568,-3.9555787132929234,7.238062457229144,210.97153372745288
189.36011918654276,-32.56038244061931,4.239378175350073,-3.9556118976347427,7.234370759564118,211.29865121414912
189.36349086521966,-32.55076214575257,4.239472252812792,-3.9556494540866383,7.23068398163264,211.62687790687707
189.36686729067983,-32.54114251434877,4.239564441839825,-3.955691392133593,7.227002144573999,211.95621399392536
189.37024847083512,-32.531523547301205,4.239654737697274,-3.9557377212629516,7.223325269525884,212.2866596635827
189.37363441359514,-32.521905245502005,4.2397431356512385,-3.9557884509644134,7.219653377624404,212.6182151041376
189.3770251268673,-32.512287609842105,4.23982963096782,-3.955843590730069,7.21598649000407,212.95088050387875
189.38042061855668,-32.50267064121123,4.2399142189131185,-3.9559031500543944,7.212324627797786,213.28465605109477
189.38382089656625,-32.49305434049796,4.2399968947532365,-3.955967138434265,7.208667812136849,213.6195419340744
189.38722596879674,-32.483438708589645,4.240077653754273,-3.9560355653689765,7.205016064150947,213.95553834110618
189.39063584314664,-32.47382374637246,4.240156491182334,-3.9561084403602296,7.201369404968152,214.29264546047878
189.39405052751223,-32.46420945473139,4.240233402303515,-3.9561857729121783,7.197727855714913,214.63086348048074
189.3974700297876,-32.454595834550204,4.240308382383918,-3.9562675725314147,7.194091437516044,214.97019258940088
189.4008943578646,-32.444982886711486,4.24038142668965,-3.956353848726973,7.190460171494733,215.3106329755278
189.40432351963292,-32.43537061209665,4.240452530486803,-3.9564446110103777,7.18683407877254,215.65218482715008
189.40775752298003,-32.42575901158585,4.2405216890414845,-3.9565398688956153,7.183213180469369,215.99484833255642
189.4111963757913,-32.4161480860581,4.240588897619793,-3.95663963189917,7.179597497703473,216.33862368003534
189.41464008594977,-32.40653783639116,4.24065415148783,-3.956743909540022,7.175987051591464,216.6835110578756
189.41808866133636,-32.396928263461625,4.240717445911696,-3.956852711339662,7.172381863248292,217.0295106543657
189.42154210982986,-32.387319368144865,4.2407787761574935,-3.9569660468221004,7.168781953787246,217.37662265779448
189.4250004393068,-32.37771115131503,4.240838137491323,-3.957083925513883,7.165187344319936,217.72484725645043
189.42846365764163,-32.36810361384511,4.240895525179285,-3.9572063569441056,7.161598055956318,218.07418463862223
189.43193177270655,-32.35849675660681,4.240950934487483,-3.957333350644403,7.1580141098046495,218.42463499259856
189.43540479237166,-32.3488905804707,4.241004360682014,-3.9574649161489996,7.154435526971521,218.776198506668
189.43888272450488,-32.339285086306084,4.24105579902898,-3.957601062994689,7.150862328561822,219.12887536911919
189.44236557697195,-32.32968027498107,4.241105244794486,-3.957741800720825,7.147294535678758,219.48266576824082
189.4458533576365,-32.32007614736255,4.2411526932446275,-3.9578871388694115,7.143732169423833,219.8375698923215
189.44934607436,-32.31047270431619,4.24119813964551,-3.958037086985013,7.14017525089684,220.19358792964994
189.45284373500178,-32.30086994670645,4.241241579263232,-3.9581916546148537,7.136623801195878,220.55072006851475
189.45634634741901,-32.291267875396564,4.241283007363895,-3.9583508513087704,7.133077841417315,220.9089664972043
189.45985391946675,-32.28166649124854,4.2413224192136,-3.9585146866192478,7.129537392655815,221.26832740400764
189.46336645899794,-32.27206579512315,4.2413598100784515,-3.958683170101419,7.126002476004306,221.62880297721324
189.46688397386336,-32.26246578787998,4.241395175224545,-3.9588563113131023,7.122473112553996,221.99039340510961
189.4704064719117,-32.252866470377334,4.241428509917984,-3.9590341198147723,7.118949323394351,222.3530988759856
189.4739339609895,-32.24326784347235,4.241459809424871,-3.9592166051695976,7.115431129613102,222.71691957812973
189.47746644894124,-32.23366990802089,4.241489069011304,-3.959403776943459,7.111918552296238,223.08185569983078
189.4810039436092,-32.224072664877596,4.241516283943387,-3.959595644704919,7.108411612527993,223.44790742937718
189.48454645283368,-32.21447611489589,4.241541449487221,-3.9597922180252922,7.104910331390844,223.81507495505758
189.48809398445277,-32.204880258927936,4.241564560908903,-3.9599935064786123,7.101414729965517,224.18335846516084
189.49164654630246,-32.19528509782469,4.241585613474538,-3.96019951964164,7.097924829330968,224.55275814797557
189.49520414621676,-32.18569063243584,4.241604602450228,-3.9604102670939234,7.094440650564377,224.92327419179017
189.49876679202745,-32.176096863609885,4.24162152310207,-3.9606257584177547,7.090962214741165,225.29490678489339
189.50233449156434,-32.16650379219402,4.241636370696168,-3.960846003198209,7.087489542934953,225.66765611557392
189.50590725265505,-32.156911419034245,4.241649140498622,-3.9610710110231393,7.0840226562175905,226.04152237212037
189.50948508312518,-32.1473197449753,4.241659827775534,-3.9613007914832137,7.0805615756591305,226.4165057428214
189.5130679907983,-32.13772877086068,4.241668427793003,-3.9615353541719016,7.077106322327837,226.79260641596568
189.51665598349587,-32.12813849753265,4.241674935817132,-3.961774708685499,7.073656917290156,227.1698245798418
189.52024906903722,-32.118548925832215,4.241679347114022,-3.9620188646231247,7.070213381610755,227.54816042273833
189.5238472552397,-32.1089600565991,4.241681656949774,-3.962267831586744,7.066775736352463,227.92761413294411
189.52745054991857,-32.09937189067183,4.241681860590487,-3.9625216191811843,7.063344002576308,228.30818589874755
189.53105896088704,-32.08978442888769,4.241679953302264,-3.962780237014134,7.0599182013415005,228.6898759084375
189.53467249595627,-32.080197672082626,4.241675930351207,-3.963043694696156,7.056498353705409,229.07268435030244
189.53829116293537,-32.07061162109142,4.241669787003416,-3.9633120018406998,7.053084480723584,229.45661141263105
189.54191496963142,-32.06102627674755,4.24166151852499,-3.96358516806413,7.049676603449734,229.84165728371207
189.54554392384944,-32.05144163988325,4.241651120182032,-3.9638632029856984,7.046274742935724,230.22782215183398
189.5491780333924,-32.04185771132948,4.241638587240645,-3.9641461162275857,7.04287892023158,230.61510620528546
189.55281730606129,-32.03227449191598,4.241623914966926,-3.9644339174149135,7.039489156385469,231.00350963235525
189.55646174965503,-32.02269198247117,4.241607098626979,-3.964726616175742,7.036105472443703,231.39303262133188
189.56011137197055,-32.01311018382224,4.241588133486904,-3.9650242221410874,7.0327278894507295,231.7836753605041
189.56376618080273,-32.00352909679514,4.241567014812803,-3.965326744944925,7.029356428449134,232.17543803816037
189.56742618394443,-31.9939487222145,4.241543737870775,-3.965634194224219,7.025991110479629,232.56832084258954
189.57109138918653,-31.984369060903703,4.241518297926922,-3.965946579618907,7.022631956581044,232.96232396208018
189.57476180431792,-31.974790113684893,4.241490690247347,-3.966263910771942,7.019278987790327,233.35744758492086
189.5784374371254,-31.96521188137888,4.24146091009815,-3.9665861973292738,7.015932225142545,233.75369189940022
189.58211829539377,-31.95563436480527,4.241428952745429,-3.966913448939879,7.0125916896708675,234.1510570938071
189.58580438690598,-31.94605756478235,4.2413948134552895,-3.967245675255774,7.009257402406563,234.5495433564298
189.5894957194429,-31.936481482127142,4.241358487493831,-3.9675828859320146,7.005929384379,234.94915087555722
189.5931923007833,-31.926906117655406,4.241319970127153,-3.9679250906267,7.002607656615642,235.34987983947784
189.59689413870413,-31.917331472181605,4.2412792566213575,-3.9682722990010064,6.999292240142037,235.7517304364805
189.60060124098032,-31.907757546518933,4.241236342242546,-3.9686245207191995,6.995983155981814,236.15470285485375
189.60431361538477,-31.898184341479293,4.241191222256821,-3.9689817654486115,6.99268042515667,236.55879728288608
189.6080312696884,-31.88861185787332,4.241143891930281,-3.9693440428596833,6.989384068686394,236.96401390886624
189.61175421166024,-31.879040096510355,4.241094346529027,-3.9697113626259686,6.9860941075888165,237.37035292108303
189.6154824490673,-31.869469058198455,4.241042581319162,-3.9700837344241395,6.982810562879852,237.77781450782476
189.6192159896746,-31.859898743744406,4.2409885915667855,-3.970461167934002,6.979533455573461,238.1863988573803
189.62295484124527,-31.85032915395367,4.240932372538001,-3.970843672838516,6.976262806681643,238.59610615803834
189.62669901154047,-31.840760289630445,4.240873919498907,-3.971231258823779,6.972998637214463,239.00693659808738
189.63044850831935,-31.831192151577632,4.240813227715604,-3.9716239355790686,6.969740968180017,239.4188903658161
189.6342033393392,-31.821624740596867,4.240750292454195,-3.972021712796836,6.966489820584442,239.83196764951305
189.63796351235527,-31.81205805748844,4.240685108980782,-3.972424600172716,6.963245215431899,240.2461686374671
189.64172903512096,-31.80249210305137,4.240617672561462,-3.9728326074055573,6.960007173724574,240.66149351796668
189.64549991538772,-31.792926878083396,4.240547978462341,-3.9732457441974125,6.95677571646268,241.07794247930045
189.64927616090498,-31.783362383380933,4.240476021949517,-3.9736640202535467,6.953550864644436,241.49551570975711
189.65305777942032,-31.773798619739107,4.24040179828909,-3.9740874452824717,6.950332639266084,241.9142133976253
189.6568447786794,-31.764235587951752,4.240325302747165,-3.9745160289959367,6.947121061321857,242.33403573119375
189.660637166426,-31.754673288811368,4.24024653058984,-3.9749497811089562,6.943916151803997,242.75498289875085
189.66443495040184,-31.745111723109204,4.240165477083217,-3.9753887113397983,6.940717931702737,243.17705508858546
189.66823813834685,-31.73555089163515,4.240082137493396,-3.9758328294100242,6.937526422006298,243.6002524889861
189.67204673799898,-31.725990795177818,4.23999650708648,-3.976282145044471,6.934341643700895,244.02457528824152
189.67586075709434,-31.7164314345245,4.239908581128569,-3.9767366679712763,6.931163617770706,244.4500236746403
189.67968020336713,-31.7068728104612,4.239818354885765,-3.977196407921902,6.9279923651978965,244.87659783647106
189.68350508454955,-31.69731492377257,4.239725823624166,-3.977661374631122,6.924827906962599,245.30429796202247
189.68733540837206,-31.687757775241998,4.239630982609877,-3.978131577837052,6.921670264042906,245.73312423958308
189.6911711825631,-31.678201365651514,4.239533827108997,-3.978607027281142,6.918519457414869,246.1630768574416
189.6950124148493,-31.66864569578186,4.239434352387627,-3.979087732708205,6.9153755080525,246.5941560038867
189.69885911295538,-31.659090766412465,4.239332553711869,-3.9795737038664254,6.912238436927749,247.02636186720707
189.7027112846042,-31.64953657832141,4.239228426347823,-3.980064950507356,6.909108265010522,247.45969463569116
189.7065689375167,-31.639983132285483,4.2391219655615915,-3.980561482385944,6.905985013268651,247.89415449762785
189.71043207941196,-31.630430429080146,4.239013166619273,-3.9810633092605454,6.9028687026679165,248.32974164130553
189.71430071800725,-31.62087846947953,4.238902024786972,-3.9815704408929093,6.899759354172008,248.76645625501308
189.71817486101793,-31.61132725425644,4.238788535330786,-3.982082887048226,6.896656988742555,249.20429852703901
189.72205451615747,-31.601776784182377,4.238672693516819,-3.9826006574951123,6.893561627339094,249.64326864567184
189.72593969113754,-31.592227060027493,4.238554494611172,-3.98312376200563,6.890473290919081,250.08336679920058
189.72983039366792,-31.582678082560633,4.238433933879943,-3.9836522103553005,6.887392000437887,250.5245931759134
189.73372663145656,-31.573129852549286,4.238311006589236,-3.9841860123231037,6.884317776848759,250.9669479640993
189.73762841220955,-31.563582370759626,4.23818570800515,-3.9847251776915096,6.881250641102878,251.41043135204674
189.74153574363112,-31.55403563795649,4.238058033393788,-3.9852697162464743,6.878190614149287,251.8550435280445
189.74544863342373,-31.544489654903394,4.2379279780212515,-3.9858196377774533,6.875137716934929,252.30078468038096
189.74936708928794,-31.534944422362504,4.237795537153637,-3.9863749520774103,6.872091970404638,252.74765499734505
189.75329111892248,-31.525399941094655,4.237660706057051,-3.9869356689428432,6.86905339550111,253.19565466722526
189.75722073002427,-31.515856211859337,4.237523479997593,-3.987501798173768,6.86602201316492,253.64478387831014
189.76115593028845,-31.50631323541471,4.237383854241362,-3.9880733495737712,6.862997844334511,254.09504281888863
189.76509672740823,-31.4967710125176,4.237241824054462,-3.9886503329499643,6.859980909946186,254.54643167724913
189.7690431290751,-31.48722954392346,4.237097384702991,-3.9892327581130527,6.856971230934108,254.99895064168035
189.77299514297871,-31.477688830386448,4.2369505314530524,-3.9898206348773013,6.853968828230288,255.45259990047091
189.7769527768069,-31.468148872659327,4.236801259570747,-3.9904139730605825,6.850973722764584,255.90737964190953
189.78091603824566,-31.458609671493555,4.236649564322175,-3.991012782484354,6.847985935464699,256.36329005428473
189.7848849349793,-31.449071227639205,4.236495440973436,-3.9916170729737024,6.845005487256171,256.8203313258851
189.78885947469013,-31.43953354184504,4.2363388847906345,-3.9922268543573116,6.842032399062371,257.2785036449995
189.79283966505886,-31.429996614858446,4.23617989103987,-3.9928421364675337,6.839066691804493,257.7378071999164
189.79682551376436,-31.420460447425462,4.236018454987245,-3.993462929140338,6.836108386401549,258.1982421789244
189.8008170284836,-31.41092504029078,4.235854571898856,-3.994089242215362,6.833157503770387,258.65980877031234
189.8048142168919,-31.401390394197723,4.23568823704081,-3.9947210855359074,6.830214064825635,259.1225071623687
189.80881708666274,-31.391856509888292,4.235519445679203,-3.995358468948961,6.827278090479754,259.5863375433822
189.81282564546783,-31.382323388103078,4.235348193080139,-3.996001402305186,6.824349601642993,260.05130010164135
189.8168399009771,-31.372791029581368,4.235174474509718,-3.9966498954589635,6.8214286192234,260.5173950254351
189.82085986085875,-31.36325943506104,4.2349982852340435,-3.997303958268378,6.818515164126805,260.98462250305175
189.82488553277915,-31.353728605278658,4.234819620519211,-3.997963600595238,6.815609257256851,261.45298272278
189.82891692440293,-31.344198540969394,4.234638475631328,-3.9986288323050756,6.812710919514929,261.9224758729087
189.83295404339302,-31.334669242867065,4.23445484583649,-3.999299663267186,6.809820171800226,262.3931021417262
189.8369968974105,-31.3251407117041,4.234268726400803,-3.999976103354606,6.806937035009687,262.8648617175213
189.84104549411478,-31.315612948211598,4.234080112590364,-4.000658162444154,6.804061530038036,263.3377547885827
189.84509984116343,-31.306085953119272,4.233888999671277,-4.001345850416408,6.801193677777748,263.81178154319895
189.8491599462124,-31.296559727155472,4.233695382909642,-4.002039177155756,6.798333499119053,264.28694216965863
189.85322581691577,-31.287034271047165,4.233499257571558,-4.002738152550368,6.79548101494994,264.76323685625056
