galstreams/tracks/track.st.Orphan-Chenab.ibata2021.ecsv
# %ECSV 1.0
# ---
# datatype:
# - {name: ra, unit: deg, datatype: float64}
# - {name: dec, unit: deg, datatype: float64}
# - {name: distance, unit: kpc, datatype: float64}
# - {name: pm_ra_cosdec, unit: mas / yr, datatype: float64}
# - {name: pm_dec, unit: mas / yr, datatype: float64}
# - {name: radial_velocity, unit: km / s, datatype: float64}
# delimiter: ','
# meta: !!omap
# - __serialized_columns__:
#     dec:
#       __class__: astropy.coordinates.angles.Latitude
#       unit: &id001 !astropy.units.Unit {unit: deg}
#       value: !astropy.table.SerializedColumn {name: dec}
#     distance:
#       __class__: astropy.coordinates.distances.Distance
#       unit: !astropy.units.Unit {unit: kpc}
#       value: !astropy.table.SerializedColumn {name: distance}
#     pm_dec:
#       __class__: astropy.units.quantity.Quantity
#       unit: !astropy.units.Unit {unit: mas / yr}
#       value: !astropy.table.SerializedColumn {name: pm_dec}
#     pm_ra_cosdec:
#       __class__: astropy.units.quantity.Quantity
#       unit: !astropy.units.Unit {unit: mas / yr}
#       value: !astropy.table.SerializedColumn {name: pm_ra_cosdec}
#     ra:
#       __class__: astropy.coordinates.angles.Longitude
#       unit: *id001
#       value: !astropy.table.SerializedColumn {name: ra}
#       wrap_angle: !astropy.coordinates.Angle
#         unit: *id001
#         value: 360.0
#     radial_velocity:
#       __class__: astropy.units.quantity.Quantity
#       unit: !astropy.units.Unit {unit: km / s}
#       value: !astropy.table.SerializedColumn {name: radial_velocity}
# schema: astropy-2.0
ra,dec,distance,pm_ra_cosdec,pm_dec,radial_velocity
[from data line 6722]
169.92136866792293,-23.174684033121473,14.207653261911402,-2.718121766704747,2.0936965947231414,208.84851803688827
169.92496266536173,-23.184129401109484,14.206942524476956,-2.718499076480031,2.094187503538541,208.82666959131788
169.92855676589667,-23.193574837470102,14.206232594261374,-2.718876379395102,2.09467831724454,208.80480023117042
169.9321509695863,-23.203020342241107,14.205523471399424,-2.7192536754349415,2.095169035785056,208.78290995214977
169.9357452764892,-23.21246591546036,14.204815156025866,-2.719630964584528,2.0956596591040157,208.76099874995955
169.93933968666386,-23.221911557165697,14.204107648275457,-2.7200082468288223,2.0961501871453483,208.7390666203036
169.94293420016888,-23.231357267394948,14.203400948282967,-2.7203855221527773,2.0966406198529883,208.71711355888587
169.94652881706284,-23.240803046186016,14.202695056183153,-2.7207627905413316,2.097130957170876,208.69513956141006
169.95012353740438,-23.25024889357676,14.201989972110775,-2.7211400519794173,2.097621199042953,208.67314462357987
169.95371836125207,-23.259694809605094,14.2012856962006,-2.7215173064519527,2.0981113454131703,208.65112874109917
169.95731328866455,-23.26914079430893,14.200582228587388,-2.721894553943844,2.0986013962254813,208.62909190967167
169.96090831970048,-23.27858684772618,14.199879569405894,-2.722271794439989,2.0990913514238443,208.6070341250013
169.96450345441846,-23.288032969894815,14.199177718790883,-2.722649027925275,2.099581210952224,208.5849553827918
169.96809869287728,-23.297479160852742,14.19847667687712,-2.7230262543845756,2.1000709747545856,208.5628556787468
169.97169403513553,-23.306925420637977,14.197776443799365,-2.7234034738027537,2.1005606427749046,208.54073500857038
169.97528948125196,-23.31637174928846,14.197077019692383,-2.723780686164663,2.101050214957157,208.51859336796608
169.97888503128524,-23.325818146842224,14.196378404690929,-2.7241578914551434,2.1015396912453275,208.4964307526379
169.98248068529418,-23.335264613337273,14.195680598929766,-2.7245350896590277,2.102029071583402,208.47424715828942
169.98607644333745,-23.344711148811616,14.19498360254366,-2.7249122807611363,2.102518355915373,208.4520425806244
169.98967230547385,-23.354157753303298,14.194287415667368,-2.725289464746272,2.103007544185238,208.42981701534697
169.99326827176213,-23.36360442685037,14.193592038435657,-2.725666641599238,2.103496636336998,208.40757045816065
169.99686434226112,-23.37305116949091,14.192897470983278,-2.726043811304818,2.103985632314661,208.3853029047693
170.00046051702958,-23.38249798126299,14.192203713445005,-2.726420973847788,2.1044745320622362,208.36301435087668
170.00405679612638,-23.391944862204703,14.19151076595559,-2.7267981292129124,2.104963335523743,208.34070479218656
170.00765317961034,-23.401391812354174,14.1908186286498,-2.7271752773849443,2.1054520426432,208.31837422440285
170.0112496675403,-23.410838831749494,14.190127301662399,-2.7275524183486257,2.1059406533646325,208.29602264322915
170.0148462599751,-23.42028592042884,14.189436785128139,-2.7279295520886846,2.1064291676320757,208.27365004436953
170.01844295697364,-23.42973307843034,14.188747079181791,-2.7283066785898455,2.106917585389562,208.25125642352745
170.02203975859484,-23.439180305792167,14.188058183958114,-2.7286837978368155,2.1074059065811306,208.22884177640694
170.02563666489755,-23.448627602552484,14.187370099591865,-2.729060909814292,2.1078941311508315,208.20640609871174
170.02923367594076,-23.45807496874951,14.186682826217815,-2.729438014506961,2.1083822590427093,208.18394938614557
170.0328307917834,-23.46752240442145,14.185996363970713,-2.7298151118994998,2.1088702902008225,208.1614716344122
170.03642801248435,-23.476969909606506,14.185310712985334,-2.7301922019765694,2.10935822456923,208.1389728392156
170.04002533810265,-23.486417484342923,14.184625873396431,-2.730569284722827,2.1098460620919957,208.11645299625937
170.04362276869728,-23.49586512866895,14.183941845338767,-2.730946360122913,2.110333802713189,208.0939121012473
170.0472203043272,-23.505312842622875,14.1832586289471,-2.731323428161459,2.1108214463768897,208.07135014988344
170.05081794505142,-23.514760626242936,14.182576224356202,-2.7317004888230825,2.1113089930271687,208.04876713787127
170.054415690929,-23.524208479567456,14.18189463170083,-2.732077542092395,2.1117964426081137,208.02616306091485
170.05801354201898,-23.533656402634744,14.181213851115738,-2.7324545879539963,2.1122837950638154,208.00353791471758
170.06161149838042,-23.543104395483095,14.180533882735697,-2.7328316263924672,2.1127710503383645,207.9808916949836
170.06520956007233,-23.55255245815086,14.179854726695465,-2.7332086573923844,2.1132582083758624,207.95822439741673
170.0688077271539,-23.562000590676377,14.179176383129805,-2.733585680938318,2.1137452691204084,207.93553601772058
170.07240599968415,-23.571448793098043,14.178498852173476,-2.7339626970148148,2.114232232516116,207.91282655159887
170.07600437772226,-23.58089706545418,14.177822133961241,-2.7343397056064203,2.114719098507096,207.89009599475563
170.0796028613273,-23.59034540778323,14.177146228627864,-2.7347167066976636,2.115205867037464,207.8673443428944
170.08320145055845,-23.599793820123583,14.176471136308104,-2.7350937002730635,2.1156925380513485,207.8445715917192
170.08680014547483,-23.609242302513643,14.175796857136719,-2.7354706863171314,2.116179111492873,207.82177773693368
170.09039894613568,-23.618690854991865,14.175123391248476,-2.7358476648143637,2.116665587306172,207.79896277424174
170.09399785260018,-23.628139477596676,14.17445073877814,-2.7362246357492452,2.1171519654353794,207.776126699347
170.0975968649275,-23.637588170366563,14.17377889986046,-2.736601599106254,2.117638245824644,207.75326950795343
170.1011959831769,-23.647036933339983,14.17310787463021,-2.7369785548698506,2.118124428418108,207.73039119576467
170.1047952074076,-23.656485766555427,14.172437663222146,-2.7373555030244896,2.118610513159925,207.70749175848465
170.10839453767883,-23.665934670051417,14.171768265771032,-2.737732443554612,2.119096499994252,207.68457119181696
170.11199397404988,-23.675383643866446,14.171099682411626,-2.738109376444646,2.1195823888652523,207.6616294914657
170.11559351658005,-23.68483268803907,14.170431913278694,-2.7384863016790155,2.12006817971709,207.6386666531344
170.1191931653286,-23.694281802607822,14.169764958506995,-2.738863219242125,2.1205538724939377,207.61568267252687
170.1227929203549,-23.703730987611284,14.169098818231287,-2.7392401291183734,2.1210394671399735,207.59267754534702
170.12639278171818,-23.713180243088015,14.168433492586338,-2.7396170312921435,2.121524963599379,207.5696512672986
170.12999274947788,-23.72262956907659,14.16776898170691,-2.7399939257478128,2.122010361816337,207.54660383408543
170.1335928236933,-23.732078965615642,14.16710528572776,-2.7403708124697426,2.1224956617350426,207.5235352414112
170.13719300442386,-23.74152843274376,14.166442404783654,-2.740747691442286,2.122980863299688,207.5004454849798
170.1407932917289,-23.75097797049961,14.165780339009345,-2.741124562649783,2.1234659664544786,207.47733456049482
170.14439368566786,-23.760427578921806,14.165119088539605,-2.741501426076563,2.123950971143617,207.45420246366032
170.14799418630014,-23.769877258049043,14.164458653509186,-2.7418782817069447,2.1244358773113157,207.43104919017995
170.15159479368515,-23.779327007919964,14.16379903405286,-2.7422551295252346,2.12492068490179,207.40787473575756
170.1551955078824,-23.788776828573262,14.163140230305384,-2.7426319695157315,2.1254053938592588,207.38467909609687
170.1587963289513,-23.798226720047666,14.162482242401516,-2.7430088016627154,2.12589000412795,207.36146226690175
170.16239725695135,-23.807676682381857,14.16182507047602,-2.7433856259504625,2.126374515652093,207.33822424387597
170.16599829194206,-23.8171267156146,14.161168714663662,-2.743762442363235,2.126858928375923,207.31496502272321
170.16959943398288,-23.826576819784613,14.160513175099195,-2.744139250885283,2.127343242243681,207.2916845991475
170.17320068313344,-23.836026994930677,14.159858451917389,-2.744516051500848,2.127827457199611,207.26838296885234
170.1768020394532,-23.845477241091565,14.159204545252996,-2.744892844194158,2.128311573187964,207.24506012754165
170.18040350300174,-23.85492755830604,14.158551455240792,-2.7452696289494267,2.1287955901529916,207.2217160709193
170.18400507383862,-23.864377946612933,14.157899182015528,-2.7456464057508643,2.129279508038959,207.19835079468896
170.1876067520234,-23.873828406051047,14.157247725711963,-2.746023174582663,2.129763326790128,207.1749642945545
170.19120853761578,-23.883278936659224,14.156597086464869,-2.7463999354290087,2.1302470463507683,207.15155656621968
170.19481043067532,-23.892729538476292,14.155947264408999,-2.746776688274072,2.130730666665154,207.12812760538833
170.19841243126163,-23.90218021154113,14.155298259679121,-2.7471534331020133,2.1312141876775668,207.10467740776411
170.20201453943437,-23.91163095589261,14.154650072409991,-2.747530169896983,2.131697609332289,207.08120596905093
170.2056167552532,-23.921081771569586,14.15400270273637,-2.747906898643119,2.1321809315736107,207.0577132849525
170.20921907877786,-23.930532658611007,14.153356150793023,-2.7482836193245506,2.132664154345827,207.03419935117276
170.21282151006795,-23.939983617055756,14.152710416714717,-2.7486603319253886,2.133147277593235,207.01066416341544
170.21642404918325,-23.94943464694279,14.152065500636201,-2.749037036429742,2.1336303012601414,206.98710771738425
170.22002669618345,-23.958885748311037,14.151421402692243,-2.7494137328217043,2.134113225290854,206.9635300087829
170.22362945112832,-23.968336921199445,14.150778123017608,-2.749790421085354,2.134596049629686,206.93993103331545
170.22723231407758,-23.977788165647013,14.150135661747054,-2.7501671012047635,2.1350787742209576,206.91631078668547
170.23083528509105,-23.987239481692704,14.149494019015343,-2.7505437731639937,2.135561399008992,206.89266926459686
170.23443836422845,-23.99669086937555,14.148853194957239,-2.750920436947088,2.1360439239381184,206.86900646275342
170.23804155154966,-24.006142328734526,14.1482131897075,-2.751297092538089,2.1365263489526707,206.84532237685886
170.24164484711446,-24.015593859808714,14.147574003400882,-2.751673739921019,2.1370086739969887,206.82161700261693
170.24524825098268,-24.02504546263712,14.146935636172158,-2.7520503790798925,2.1374908990154142,206.79789033573152
170.2488517632142,-24.034497137258803,14.146298088156088,-2.752427009998712,2.137973023952295,206.7741423719064
170.25245538386883,-24.043948883712858,14.145661359487427,-2.7528036326614687,2.1384550487519878,206.75037310684553
170.25605911300653,-24.053400702038353,14.145025450300942,-2.7531802470521427,2.1389369733588492,206.72658253625238
170.2596629506871,-24.062852592274396,14.144390360731393,-2.753556853154704,2.1394187977172416,206.7027706558309
170.26326689697055,-24.072304554460093,14.143756090913541,-2.753933450953108,2.139900521771535,206.67893746128482
170.26687095191676,-24.081756588634608,14.143122640982147,-2.7543100404313035,2.140382145466103,206.65508294831812
170.27047511558564,-24.091208694837054,14.142490011071976,-2.754686621573223,2.1408636687453226,206.63120711263429
170.27407938803722,-24.100660873106587,14.141858201317786,-2.7550631943627915,2.1413450915535774,206.60730994993733
170.27768376933147,-24.110113123482403,14.14122721185434,-2.755439758783922,2.1418264138352567,206.58339145593095
170.2812882595283,-24.119565446003666,14.1405970428164,-2.755816314820509,2.1423076355347526,206.55945162631912
170.2848928586878,-24.129017840709604,14.139967694338726,-2.7561928624564502,2.142788756596463,206.53549045680523
170.28849756686995,-24.138470307639402,14.139339166556077,-2.7565694016756184,2.1432697769647935,206.51150794309356
170.2921023841348,-24.147922846832312,14.138711459603224,-2.7569459324618815,2.1437506965841506,206.48750408088756
170.29570731054244,-24.15737545832757,14.13808457361492,-2.757322454799096,2.1442315153989453,206.4634788658911
170.29931234615287,-24.166828142164434,14.137458508725928,-2.7576989686711046,2.1447122333535997,206.43943229380807
170.30291749102622,-24.176280898382178,14.136833265071015,-2.75807547406174,2.145192850392533,206.41536436034218
170.3065227452226,-24.185733727020086,14.136208842784937,-2.758451970954824,2.1456733664601746,206.39127506119715
170.3101281088021,-24.195186628117472,14.135585242002458,-2.758828459334166,2.146153781500958,206.3671643920768
170.31373358182486,-24.204639601713627,14.134962462858338,-2.7592049391835634,2.146634095459321,206.34303234868514
170.31733916435104,-24.214092647847906,14.134340505487343,-2.7595814104868035,2.147114308279706,206.31887892672563
170.3209448564408,-24.223545766559663,14.133719370024224,-2.759957873227663,2.147594419906563,206.29470412190227
170.32455065815432,-24.232998957888213,14.133099056603754,-2.7603343273899066,2.1480744302843418,206.2705079299188
170.32815656955177,-24.242452221872966,14.13247956536069,-2.760710772957285,2.148554339357503,206.24629034647904
170.33176259069342,-24.251905558553293,14.131860896429792,-2.7610872099135406,2.1490341470705046,206.22205136728664
170.33536872163947,-24.261358967968597,14.131243049945825,-2.761463638242405,2.149513853367821,206.1977909880456
170.33897496245015,-24.270812450158306,14.130626026043545,-2.7618400579275963,2.1499934581939204,206.1735092044595
170.34258131318572,-24.280266005161828,14.130009824857725,-2.7622164689528192,2.150472961493283,206.14920601223236
170.34618777390648,-24.28971963301863,14.129394446523111,-2.762592871301772,2.1509523632103917,206.12488140706773
170.34979434467272,-24.29917333376815,14.12877989117448,-2.7629692649581363,2.1514316632897312,206.10053538466963
170.3534010255447,-24.30862710744989,14.128166158946584,-2.763345649905588,2.1519108616757983,206.07616794074164
170.3570078165828,-24.3180809541033,14.12755324997419,-2.7637220261277875,2.152389958313089,206.05177907098775
170.36061471784737,-24.327534873767917,14.126941164392052,-2.764098393608386,2.1528689531461054,206.02736877111153
170.36422172939874,-24.336988866483235,14.126329902334936,-2.7644747523310214,2.153347846119358,206.00293703681706
170.36782885129725,-24.346442932288785,14.125719463937605,-2.7648511022793185,2.1538266371773562,205.9784838638078
170.37143608360333,-24.355897071224128,14.125109849334821,-2.765227443436898,2.15430532626462,205.95400924778778
170.37504342637737,-24.3653512833288,14.124501058661346,-2.7656037757873593,2.154783913325671,205.92951318446072
170.3786508796798,-24.3748055686424,14.123893092051938,-2.765980099314298,2.155262398305038,205.90499566953042
170.3822584435711,-24.384259927204496,14.123285949641359,-2.766356414001296,2.155740781147253,205.8804566987005
170.3858661181116,-24.3937143590547,14.122679631564372,-2.7667327198319205,2.156219061796856,205.85589626767506
170.3894739033619,-24.403168864232637,14.122074137955735,-2.7671090167897354,2.1566972401983886,205.8313143721576
170.39308179938237,-24.412623442777903,14.12146946895022,-2.7674853048582797,2.157175316296397,205.80671100785224
170.3966898062336,-24.42207809473019,14.12086562468258,-2.7678615840210963,2.157653290035437,205.78208617046243
170.4002979239761,-24.431532820129117,14.120262605287573,-2.768237854261708,2.158131161360064,205.7574398556921
170.40390615267037,-24.44098761901439,14.119660410899971,-2.7686141155636235,2.158608930214843,205.73277205924504
170.40751449237698,-24.450442491425665,14.119059041654527,-2.7689903679103467,2.1590865965443413,205.70808277682508
170.41112294315647,-24.459897437402685,14.11845849768601,-2.769366611285368,2.159564160293131,205.6833720041359
170.41473150506943,-24.46935245698514,14.117858779129175,-2.7697428456721647,2.1600416214057923,205.6586397368815
170.4183401781765,-24.478807550212753,14.117259886118786,-2.770119071054204,2.1605189798269056,205.6338859707655
170.42194896253824,-24.488262717125284,14.11666181878961,-2.7704952874149407,2.160996235501061,205.60911070149163
