galstreams/tracks/track.st.Perpendicular.weiss2018.ecsv
# %ECSV 0.9
# ---
# datatype:
# - {name: ra, unit: deg, datatype: float64}
# - {name: dec, unit: deg, datatype: float64}
# - {name: distance, unit: kpc, datatype: float64}
# - {name: pm_ra_cosdec, unit: mas / yr, datatype: float64}
# - {name: pm_dec, unit: mas / yr, datatype: float64}
# - {name: radial_velocity, unit: km / s, datatype: float64}
# delimiter: ','
# meta: !!omap
# - __serialized_columns__:
#     dec:
#       __class__: astropy.coordinates.angles.Latitude
#       unit: &id001 !astropy.units.Unit {unit: deg}
#       value: !astropy.table.SerializedColumn {name: dec}
#     distance:
#       __class__: astropy.coordinates.distances.Distance
#       unit: !astropy.units.Unit {unit: kpc}
#       value: !astropy.table.SerializedColumn {name: distance}
#     pm_dec:
#       __class__: astropy.units.quantity.Quantity
#       unit: !astropy.units.Unit {unit: mas / yr}
#       value: !astropy.table.SerializedColumn {name: pm_dec}
#     pm_ra_cosdec:
#       __class__: astropy.units.quantity.Quantity
#       unit: !astropy.units.Unit {unit: mas / yr}
#       value: !astropy.table.SerializedColumn {name: pm_ra_cosdec}
#     ra:
#       __class__: astropy.coordinates.angles.Longitude
#       unit: *id001
#       value: !astropy.table.SerializedColumn {name: ra}
#       wrap_angle: !astropy.coordinates.Angle
#         unit: *id001
#         value: 360.0
#     radial_velocity:
#       __class__: astropy.units.quantity.Quantity
#       unit: !astropy.units.Unit {unit: km / s}
#       value: !astropy.table.SerializedColumn {name: radial_velocity}
# schema: astropy-2.0
ra,dec,distance,pm_ra_cosdec,pm_dec,radial_velocity
[from data line 1411]
181.69470606143744,20.10378707586189,15.993676557658874,0.0,0.0,0.0
181.6988341386539,20.11622303114234,15.993017132939178,0.0,0.0,0.0
181.70296287691883,20.128658887195026,15.992357708219481,0.0,0.0,0.0
181.70709227722858,20.141094643630407,15.991698283499785,0.0,0.0,0.0
181.71122234058012,20.153530300058858,15.991038858780087,0.0,0.0,0.0
181.7153530679706,20.165965856090665,15.990379434060394,0.0,0.0,0.0
181.71948446039775,20.178401311336028,15.989720009340695,0.0,0.0,0.0
181.72361651885953,20.19083666540506,15.989060584620997,0.0,0.0,0.0
181.7277492443544,20.2032719179078,15.9884011599013,0.0,0.0,0.0
181.7318826378812,20.21570706845417,15.987741735181606,0.0,0.0,0.0
181.7360167004391,20.228142116654034,15.98708231046191,0.0,0.0,0.0
181.74015143302782,20.240577062117165,15.986422885742215,0.0,0.0,0.0
181.74428683664726,20.253011904453224,15.985763461022517,0.0,0.0,0.0
181.7484229122979,20.265446643271826,15.985104036302818,0.0,0.0,0.0
181.75255966098052,20.277881278182456,15.984444611583124,0.0,0.0,0.0
181.75669708369634,20.29031580879454,15.983785186863425,0.0,0.0,0.0
181.76083518144696,20.302750234717408,15.983125762143729,0.0,0.0,0.0
181.76497395523438,20.315184555560293,15.98246633742403,0.0,0.0,0.0
181.76911340606097,20.32761877093235,15.981806912704334,0.0,0.0,0.0
181.77325353492955,20.340052880442645,15.98114748798464,0.0,0.0,0.0
181.77739434284337,20.352486883700156,15.980488063264941,0.0,0.0,0.0
181.78153583080592,20.364920780313756,15.979828638545246,0.0,0.0,0.0
181.78567799982127,20.37735456989226,15.979169213825548,0.0,0.0,0.0
181.78982085089385,20.389788252044372,15.978509789105853,0.0,0.0,0.0
181.79396438502835,20.40222182637871,15.977850364386159,0.0,0.0,0.0
181.79810860323008,20.414655292503806,15.977190939666459,0.0,0.0,0.0
181.80225350650457,20.427088650028104,15.976531514946764,0.0,0.0,0.0
181.80639909585787,20.439521898559942,15.975872090227067,0.0,0.0,0.0
181.81054537229636,20.451955037707606,15.97521266550737,0.0,0.0,0.0
181.81469233682688,20.464388067079245,15.974553240787674,0.0,0.0,0.0
181.81883999045664,20.476820986282952,15.97389381606798,0.0,0.0,0.0
181.82298833419324,20.48925379492672,15.973234391348285,0.0,0.0,0.0
181.8271373690447,20.501686492618454,15.972574966628581,0.0,0.0,0.0
181.83128709601942,20.514119078965958,15.971915541908885,0.0,0.0,0.0
181.8354375161263,20.526551553576954,15.971256117189187,0.0,0.0,0.0
181.83958863037455,20.538983916059074,15.970596692469494,0.0,0.0,0.0
181.8437404397738,20.55141616601986,15.969937267749797,0.0,0.0,0.0
181.8478929453341,20.563848303066756,15.969277843030097,0.0,0.0,0.0
181.85204614806594,20.576280326807115,15.968618418310403,0.0,0.0,0.0
181.8562000489801,20.588712236848206,15.967958993590708,0.0,0.0,0.0
181.86035464908795,20.601144032797208,15.967299568871011,0.0,0.0,0.0
181.8645099494011,20.613575714261202,15.966640144151311,0.0,0.0,0.0
181.86866595093167,20.626007280847176,15.965980719431617,0.0,0.0,0.0
181.87282265469216,20.63843873216202,15.965321294711922,0.0,0.0,0.0
181.87698006169546,20.65087006781256,15.964661869992222,0.0,0.0,0.0
181.88113817295488,20.6633012874055,15.964002445272525,0.0,0.0,0.0
181.88529698948415,20.675732390547452,15.963343020552829,0.0,0.0,0.0
181.88945651229741,20.688163376844958,15.962683595833132,0.0,0.0,0.0
181.8936167424092,20.700594245904455,15.962024171113438,0.0,0.0,0.0
181.89777768083448,20.71302499733227,15.961364746393741,0.0,0.0,0.0
181.90193932858858,20.72545563073468,15.960705321674045,0.0,0.0,0.0
181.90610168668735,20.737886145717834,15.960045896954346,0.0,0.0,0.0
181.91026475614697,20.750316541887774,15.959386472234655,0.0,0.0,0.0
181.91442853798395,20.762746818850495,15.958727047514955,0.0,0.0,0.0
181.91859303321544,20.775176976211867,15.95806762279526,0.0,0.0,0.0
181.92275824285878,20.78760701357767,15.957408198075562,0.0,0.0,0.0
181.92692416793184,20.8000369305536,15.956748773355862,0.0,0.0,0.0
181.9310908094529,20.812466726745246,15.956089348636171,0.0,0.0,0.0
181.93525816844064,20.82489640175811,15.955429923916471,0.0,0.0,0.0
181.93942624591406,20.8373259551976,15.954770499196776,0.0,0.0,0.0
181.9435950428928,20.849755386669024,15.954111074477078,0.0,0.0,0.0
181.9477645603967,20.862184695777604,15.953451649757382,0.0,0.0,0.0
181.9519347994461,20.874613882128457,15.952792225037683,0.0,0.0,0.0
181.9561057610618,20.887042945326623,15.952132800317987,0.0,0.0,0.0
181.9602774462649,20.899471884977018,15.95147337559829,0.0,0.0,0.0
181.96444985607707,20.91190070068449,15.950813950878594,0.0,0.0,0.0
181.96862299152025,20.92432939205377,15.950154526158899,0.0,0.0,0.0
181.9727968536169,20.93675795868952,15.9494951014392,0.0,0.0,0.0
181.97697144338986,20.949186400196268,15.948835676719506,0.0,0.0,0.0
181.9811467618624,20.961614716178484,15.948176251999808,0.0,0.0,0.0
181.9853228100582,20.974042906240527,15.947516827280111,0.0,0.0,0.0
181.98949958900135,20.986470969986645,15.946857402560417,0.0,0.0,0.0
181.9936770997164,20.99889890702101,15.946197977840722,0.0,0.0,0.0
181.99785534322825,21.011326716947703,15.945538553121025,0.0,0.0,0.0
182.00203432056233,21.023754399370677,15.944879128401329,0.0,0.0,0.0
182.0062140327444,21.03618195389382,15.944219703681627,0.0,0.0,0.0
182.01039448080067,21.048609380120904,15.943560278961934,0.0,0.0,0.0
182.01457566575775,21.061036677655604,15.942900854242234,0.0,0.0,0.0
182.01875758864276,21.073463846101518,15.942241429522538,0.0,0.0,0.0
182.02294025048312,21.08589088506212,15.941582004802843,0.0,0.0,0.0
182.02712365230673,21.098317794140804,15.940922580083145,0.0,0.0,0.0
182.03130779514194,21.11074457294086,15.94026315536345,0.0,0.0,0.0
182.03549268001757,21.12317122106548,15.939603730643752,0.0,0.0,0.0
182.03967830796267,21.13559773811776,15.938944305924059,0.0,0.0,0.0
182.04386468000692,21.148024123700694,15.93828488120436,0.0,0.0,0.0
182.04805179718036,21.16045037741717,15.937625456484664,0.0,0.0,0.0
182.0522396605134,21.172876498870014,15.936966031764968,0.0,0.0,0.0
182.05642827103696,21.185302487661904,15.936306607045267,0.0,0.0,0.0
182.06061762978234,21.197728343395447,15.935647182325575,0.0,0.0,0.0
182.06480773778125,21.21015406567314,15.934987757605876,0.0,0.0,0.0
182.0689985960659,21.222579654097405,15.93432833288618,0.0,0.0,0.0
182.07319020566885,21.235005108270524,15.933668908166482,0.0,0.0,0.0
182.07738256762315,21.24743042779472,15.933009483446785,0.0,0.0,0.0
182.0815756829622,21.259855612272077,15.93235005872709,0.0,0.0,0.0
182.08576955271997,21.272280661304617,15.931690634007392,0.0,0.0,0.0
182.08996417793068,21.28470557449424,15.931031209287697,0.0,0.0,0.0
182.0941595596291,21.29713035144275,15.930371784568,0.0,0.0,0.0
182.09835569885047,21.309554991751856,15.929712359848304,0.0,0.0,0.0
182.1025525966303,21.321979495023154,15.929052935128606,0.0,0.0,0.0
182.10675025400465,21.33440386085815,15.928393510408911,0.0,0.0,0.0
182.11094867201007,21.346828088858253,15.927734085689213,0.0,0.0,0.0
182.11514785168336,21.359252178624754,15.927074660969518,0.0,0.0,0.0
182.11934779406187,21.371676129758864,15.926415236249824,0.0,0.0,0.0
182.1235485001834,21.384099941861678,15.925755811530124,0.0,0.0,0.0
182.12774997108613,21.396523614534193,15.925096386810427,0.0,0.0,0.0
182.13195220780875,21.408947147377297,15.924436962090732,0.0,0.0,0.0
182.13615521139025,21.421370539991806,15.923777537371032,0.0,0.0,0.0
182.14035898287017,21.43379379197839,15.92311811265134,0.0,0.0,0.0
182.14456352328847,21.44621690293766,15.922458687931641,0.0,0.0,0.0
182.14876883368552,21.458639872470087,15.921799263211945,0.0,0.0,0.0
182.15297491510208,21.47106270017607,15.921139838492246,0.0,0.0,0.0
182.1571817685795,21.483485385655886,15.920480413772552,0.0,0.0,0.0
182.16138939515938,21.49590792850972,15.919820989052855,0.0,0.0,0.0
182.1655977958839,21.508330328337646,15.919161564333157,0.0,0.0,0.0
182.1698069717956,21.52075258473964,15.91850213961346,0.0,0.0,0.0
182.17401692393747,21.533174697315577,15.917842714893766,0.0,0.0,0.0
182.178227653353,21.54559666566522,15.91718329017407,0.0,0.0,0.0
182.18243916108597,21.55801848938824,15.916523865454373,0.0,0.0,0.0
182.1866514481808,21.5704401680842,15.915864440734676,0.0,0.0,0.0
182.19086451568225,21.582861701352552,15.915205016014976,0.0,0.0,0.0
182.19507836463546,21.59528308879265,15.914545591295283,0.0,0.0,0.0
182.19929299608611,21.60770433000375,15.913886166575585,0.0,0.0,0.0
182.20350841108026,21.620125424584995,15.913226741855889,0.0,0.0,0.0
182.20772461066448,21.63254637213542,15.912567317136192,0.0,0.0,0.0
182.2119415958857,21.64496717225397,15.911907892416497,0.0,0.0,0.0
182.2161593677913,21.657387824539473,15.911248467696801,0.0,0.0,0.0
182.22037792742924,21.669808328590655,15.910589042977103,0.0,0.0,0.0
182.2245972758477,21.682228684006144,15.909929618257404,0.0,0.0,0.0
182.22881741409552,21.694648890384453,15.90927019353771,0.0,0.0,0.0
182.2330383432218,21.707068947323982,15.908610768818015,0.0,0.0,0.0
182.23726006427623,21.719488854423055,15.907951344098317,0.0,0.0,0.0
182.24148257830888,21.73190861127986,15.90729191937862,0.0,0.0,0.0
182.24570588637025,21.74432821749249,15.906632494658922,0.0,0.0,0.0
182.24992998951132,21.756747672658946,15.905973069939229,0.0,0.0,0.0
182.25415488878352,21.769166976377093,15.905313645219533,0.0,0.0,0.0
182.25838058523868,21.78158612824473,15.904654220499829,0.0,0.0,0.0
182.2626070799291,21.794005127859496,15.903994795780134,0.0,0.0,0.0
182.2668343739076,21.80642397481898,15.903335371060438,0.0,0.0,0.0
182.27106246822734,21.818842668720617,15.902675946340743,0.0,0.0,0.0
182.27529136394202,21.831261209161774,15.902016521621047,0.0,0.0,0.0
182.2795210621057,21.843679595739673,15.901357096901348,0.0,0.0,0.0
182.2837515637729,21.85609782805146,15.900697672181654,0.0,0.0,0.0
182.28798286999873,21.86851590569417,15.900038247461957,0.0,0.0,0.0
182.29221498183853,21.880933828264702,15.899378822742257,0.0,0.0,0.0
182.29644790034828,21.89335159535988,15.898719398022562,0.0,0.0,0.0
182.30068162658435,21.905769206576405,15.898059973302866,0.0,0.0,0.0
182.30491616160347,21.91818666151086,15.897400548583171,0.0,0.0,0.0
182.30915150646297,21.93060395975976,15.896741123863475,0.0,0.0,0.0
182.31338766222052,21.943021100919463,15.896081699143776,0.0,0.0,0.0
182.3176246299343,21.955438084586234,15.89542227442408,0.0,0.0,0.0
182.32186241066296,21.967854910356248,15.894762849704382,0.0,0.0,0.0
182.32610100546555,21.980271577825544,15.894103424984687,0.0,0.0,0.0
182.3303404154016,21.992688086590082,15.89344400026499,0.0,0.0,0.0
182.33458064153106,22.005104436245677,15.892784575545294,0.0,0.0,0.0
182.33882168491442,22.01752062638807,15.892125150825597,0.0,0.0,0.0
182.34306354661254,22.029936656612858,15.891465726105901,0.0,0.0,0.0
182.34730622768683,22.04235252651556,15.890806301386203,0.0,0.0,0.0
182.351549729199,22.05476823569156,15.890146876666506,0.0,0.0,0.0
182.3557940522114,22.06718378373616,15.88948745194681,0.0,0.0,0.0
182.3600391977867,22.079599170244524,15.888828027227113,0.0,0.0,0.0
182.3642851669881,22.092014394811706,15.888168602507418,0.0,0.0,0.0
182.36853196087927,22.10442945703267,15.887509177787726,0.0,0.0,0.0
182.37277958052422,22.116844356502266,15.886849753068024,0.0,0.0,0.0
182.3770280269876,22.129259092815214,15.886190328348329,0.0,0.0,0.0
182.38127730133436,22.14167366556614,15.88553090362863,0.0,0.0,0.0
182.38552740463,22.154088074349556,15.884871478908934,0.0,0.0,0.0
182.38977833794047,22.166502318759857,15.884212054189238,0.0,0.0,0.0
182.39403010233215,22.178916398391323,15.883552629469543,0.0,0.0,0.0
182.3982826988719,22.191330312838147,15.882893204749841,0.0,0.0,0.0
182.40253612862702,22.203744061694376,15.882233780030147,0.0,0.0,0.0
182.40679039266536,22.216157644553967,15.881574355310452,0.0,0.0,0.0
182.41104549205508,22.228571061010765,15.880914930590755,0.0,0.0,0.0
182.41530142786493,22.240984310658483,15.880255505871059,0.0,0.0,0.0
182.41955820116408,22.253397393090737,15.879596081151364,0.0,0.0,0.0
182.4238158130222,22.26581030790104,15.878936656431666,0.0,0.0,0.0
182.42807426450932,22.278223054682773,15.878277231711968,0.0,0.0,0.0
182.43233355669605,22.29063563302922,15.877617806992271,0.0,0.0,0.0
182.4365936906534,22.303048042533522,15.876958382272573,0.0,0.0,0.0
182.44085466745292,22.31546028278875,15.876298957552878,0.0,0.0,0.0
182.4451164881665,22.327872353387825,15.875639532833182,0.0,0.0,0.0
182.44937915386663,22.340284253923578,15.874980108113482,0.0,0.0,0.0
182.45364266562612,22.35269598398871,15.874320683393789,0.0,0.0,0.0
182.45790702451842,22.365107543175824,15.873661258674092,0.0,0.0,0.0
182.46217223161736,22.377518931077393,15.873001833954394,0.0,0.0,0.0
182.4664382879972,22.389930147285767,15.8723424092347,0.0,0.0,0.0
182.47070519473272,22.402341191393226,15.871682984515003,0.0,0.0,0.0
182.47497295289915,22.414752062991894,15.871023559795306,0.0,0.0,0.0
182.47924156357223,22.427162761673785,15.87036413507561,0.0,0.0,0.0
182.48351102782811,22.439573287030807,15.869704710355913,0.0,0.0,0.0
182.48778134674347,22.451983638654752,15.869045285636217,0.0,0.0,0.0
182.49205252139538,22.4643938161373,15.86838586091652,0.0,0.0,0.0
182.49632455286147,22.476803819070007,15.867726436196822,0.0,0.0,0.0
182.5005974422198,22.48921364704432,15.867067011477126,0.0,0.0,0.0
182.5048711905489,22.50162329965156,15.86640758675743,0.0,0.0,0.0
182.5091457989278,22.514032776482942,15.86574816203773,0.0,0.0,0.0
182.51342126843593,22.526442077129566,15.865088737318036,0.0,0.0,0.0
182.51769760015333,22.53885120118242,15.864429312598338,0.0,0.0,0.0
182.52197479516033,22.551260148232352,15.863769887878645,0.0,0.0,0.0
182.52625285453794,22.56366891787011,15.863110463158945,0.0,0.0,0.0
182.53053177936744,22.57607750968633,15.862451038439248,0.0,0.0,0.0
182.53481157073074,22.588485923271524,15.861791613719552,0.0,0.0,0.0
182.53909222971018,22.60089415821608,15.861132188999857,0.0,0.0,0.0
182.54337375738857,22.613302214110284,15.860472764280159,0.0,0.0,0.0
182.54765615484916,22.625710090544285,15.859813339560464,0.0,0.0,0.0
182.55193942317575,22.63811778710814,15.859153914840768,0.0,0.0,0.0
182.55622356345256,22.650525303391774,15.85849449012107,0.0,0.0,0.0
182.56050857676433,22.662932638984984,15.857835065401373,0.0,0.0,0.0
182.5647944641962,22.67533979347746,15.85717564068168,0.0,0.0,0.0
182.5690812268339,22.68774676645878,15.85651621596198,0.0,0.0,0.0
182.5733688657636,22.700153557518384,15.855856791242282,0.0,0.0,0.0
182.5776573820719,22.71256016624561,15.855197366522589,0.0,0.0,0.0
182.5819467768459,22.724966592229677,15.85453794180289,0.0,0.0,0.0
182.58623705117327,22.73737283505967,15.853878517083192,0.0,0.0,0.0
182.59052820614198,22.749778894324578,15.853219092363497,0.0,0.0,0.0
182.59482024284074,22.76218476961324,15.852559667643803,0.0,0.0,0.0
182.59911316235846,22.774590460514414,15.851900242924104,0.0,0.0,0.0
182.6034069657847,22.7869959666167,15.851240818204406,0.0,0.0,0.0
182.60770165420954,22.7994012875086,15.85058139348471,0.0,0.0,0.0
182.61199722872337,22.811806422778485,15.849921968765015,0.0,0.0,0.0
182.61629369041725,22.824211372014627,15.849262544045315,0.0,0.0,0.0
182.62059104038258,22.836616134805148,15.848603119325624,0.0,0.0,0.0
182.62488927971134,22.849020710738067,15.847943694605924,0.0,0.0,0.0
182.62918840949595,22.861425099401288,15.847284269886227,0.0,0.0,0.0
182.63348843082937,22.87382930038257,15.84662484516653,0.0,0.0,0.0
182.63778934480496,22.886233313269578,15.845965420446836,0.0,0.0,0.0
182.6420911525166,22.89863713764984,15.84530599572714,0.0,0.0,0.0
182.6463938550587,22.91104077311076,15.844646571007441,0.0,0.0,0.0
182.6506974535261,22.923444219239634,15.843987146287743,0.0,0.0,0.0
182.6550019490142,22.935847475623625,15.843327721568047,0.0,0.0,0.0
182.6593073426188,22.948250541849774,15.842668296848352,0.0,0.0,0.0
182.66361363543626,22.960653417505018,15.84200887212865,0.0,0.0,0.0
182.66792082856338,22.97305610217614,15.841349447408957,0.0,0.0,0.0
182.67222892309746,22.98545859544983,15.840690022689264,0.0,0.0,0.0
182.67653792013635,22.997860896912638,15.840030597969564,0.0,0.0,0.0
