galstreams/tracks/track.Gaia-5.malhan2018.ecsv
# %ECSV 0.9
# ---
# datatype:
# - {name: sc.ra, unit: deg, datatype: float64}
# - {name: sc.dec, unit: deg, datatype: float64}
# - {name: sc.distance, unit: kpc, datatype: float64}
# - {name: width, datatype: float64}
# meta: !!omap
# - __serialized_columns__:
#     sc:
#       __class__: astropy.coordinates.sky_coordinate.SkyCoord
#       dec: !astropy.table.SerializedColumn
#         __class__: astropy.coordinates.angles.Latitude
#         unit: &id001 !astropy.units.Unit {unit: deg}
#         value: !astropy.table.SerializedColumn {name: sc.dec}
#       distance: !astropy.table.SerializedColumn
#         __class__: astropy.coordinates.distances.Distance
#         unit: !astropy.units.Unit {unit: kpc}
#         value: !astropy.table.SerializedColumn {name: sc.distance}
#       frame: icrs
#       ra: !astropy.table.SerializedColumn
#         __class__: astropy.coordinates.angles.Longitude
#         unit: *id001
#         value: !astropy.table.SerializedColumn {name: sc.ra}
#         wrap_angle: !astropy.coordinates.Angle
#           unit: *id001
#           value: 360.0
#       representation_type: spherical
# schema: astropy-2.0
sc.ra sc.dec sc.distance width
[from data line 1338]
145.6841315999212 34.01805006177301 19.5216625411672 0.0
145.69137358034757 34.02604832501494 19.52251453886442 0.0
145.6986169259953 34.034046163667476 19.52336669717592 0.0
145.70586163746026 34.04204357752272 19.524219016171795 0.0
145.7131077153386 34.05004056637274 19.525071495922187 0.0
145.72035516022666 34.058037130009446 19.525924136497252 0.0
145.72760397272094 34.066033268224594 19.52677693796717 0.0
145.7348541534183 34.07402898080995 19.527629900402154 0.0
145.7421057029157 34.08202426755712 19.528483023872436 0.0
145.74935862181027 34.09001912825758 19.52933630844827 0.0
145.7566129106995 34.09801356270275 19.530189754199938 0.0
145.76386857018102 34.10600757068399 19.531043361197767 0.0
145.7711256008527 34.114001151992454 19.531897129512085 0.0
145.77838400331257 34.12199430641923 19.532751059213243 0.0
145.785643778159 34.12998703375541 19.533605150371645 0.0
145.79290492599043 34.13797933379182 19.534459403057696 0.0
145.80016744740556 34.14597120631928 19.53531381734183 0.0
145.8074313430034 34.15396265112853 19.536168393294517 0.0
145.8146966133831 34.16195366801014 19.537023130986245 0.0
145.821963259144 34.16994425675461 19.53787803048753 0.0
145.82923128088572 34.177934417152336 19.53873309186891 0.0
145.83650067920806 34.18592414899365 19.539588315200948 0.0
145.84377145471103 34.19391345206869 19.54044370055424 0.0
145.85104360799494 34.20190232616759 19.541299247999405 0.0
145.85831713966024 34.20989077108034 19.54215495760709 0.0
145.86559205030758 34.217878786596806 19.54301082944795 0.0
145.8728683405379 34.22586637250682 19.543866863592694 0.0
145.88014601095222 34.233853528600015 19.544723060112027 0.0
145.887425062152 34.241840254666016 19.545579419076706 0.0
145.8947054947388 34.2498265504943 19.546435940557505 0.0
145.90198730931425 34.25781241587423 19.547292624625207 0.0
145.90927050648054 34.26579785059509 19.54814947135065 0.0
145.91655508683974 34.27378285444608 19.549006480804675 0.0
145.9238410509943 34.28176742721625 19.549863653058154 0.0
145.93112839954688 34.28975156869459 19.550720988181986 0.0
145.9384171331004 34.29773527866996 19.551578486247106 0.0
145.94570725225788 34.30571855693113 19.552436147324457 0.0
145.95299875762262 34.31370140326675 19.553293971485015 0.0
145.9602916497982 34.32168381746541 19.55415195879979 0.0
145.96758592938832 34.32966579931558 19.555010109339804 0.0
145.97488159699694 34.337647348605536 19.55586842317611 0.0
145.98217865322826 34.34562846512364 19.556726900379797 0.0
145.98947709868668 34.353609148658 19.55758554102196 0.0
145.99677693397678 34.36158939899663 19.55844434517374 0.0
146.00407815970343 34.369569215927505 19.559303312906284 0.0
146.0113807764717 34.37754859923852 19.56016244429079 0.0
146.01868478488683 34.38552754871735 19.561021739398452 0.0
146.02599018555432 34.393506064151616 19.561881198300508 0.0
146.03329697907995 34.40148414532893 19.56274082106823 0.0
146.04060516606953 34.40946179203667 19.563600607772884 0.0
146.0479147471293 34.41743900406215 19.564460558485802 0.0
146.05522572286569 34.42541578119266 19.565320673278315 0.0
146.0625380938851 34.43339212321528 19.566180952221778 0.0
146.06985186079456 34.441368029916994 19.567041395387594 0.0
146.07716702420095 34.449343501084776 19.56790200284717 0.0
146.08448358471162 34.45731853650545 19.568762774671956 0.0
146.09180154293398 34.46529313596566 19.56962371093341 0.0
146.09912089947574 34.473267299252015 19.57048481170303 0.0
146.10644165494483 34.48124102615109 19.571346077052333 0.0
146.11376380994932 34.48921431644921 19.572207507052862 0.0
146.12108736509768 34.497187169932666 19.5730691017762 0.0
146.12841232099836 34.50515958638772 19.573930861293924 0.0
146.13573867826025 34.513131565600375 19.574792785677676 0.0
146.1430664374923 34.521103107356666 19.575654874999096 0.0
146.1503955993038 34.52907421144244 19.576517129329858 0.0
146.15772616430414 34.53704487764348 19.577379548741664 0.0
146.16505813310306 34.54501510574546 19.578242133306244 0.0
146.1723915063104 34.552984895533946 19.57910488309534 0.0
146.17972628453632 34.56095424679438 19.579967798180743 0.0
146.18706246839113 34.56892315931215 19.580830878634252 0.0
146.19440005848546 34.57689163287249 19.5816941245277 0.0
146.20173905542993 34.58485966726051 19.58255753593293 0.0
146.2090794598357 34.592827262261316 19.583421112921847 0.0
146.21642127231397 34.600794417659834 19.58428485556635 0.0
146.22376449347607 34.60876113324085 19.58514876393836 0.0
146.2311091239338 34.61672740878914 19.58601283810986 0.0
146.23845516429898 34.62469324408933 19.58687707815282 0.0
146.24580261518372 34.63265863892589 19.58774148413926 0.0
146.25315147720036 34.64062359308326 19.58860605614122 0.0
146.26050175096145 34.648588106345784 19.58947079423076 0.0
146.2678534370798 34.65655217849765 19.590335698479976 0.0
146.2752065361683 34.66451580932291 19.591200768960977 0.0
146.28256104884022 34.67247899860561 19.59206600574591 0.0
146.28991697570908 34.68044174612963 19.59293140890695 0.0
146.29727431738837 34.688404051678724 19.59379697851628 0.0
146.30463307449213 34.696365915036594 19.594662714646134 0.0
146.3119932476344 34.70432733598685 19.595528617368753 0.0
146.31935483742947 34.71228831431286 19.59639468675641 0.0
146.3267178444919 34.720248849798075 19.5972609228814 0.0
146.33408226943652 34.72820894222575 19.598127325816062 0.0
146.34144811287828 34.73616859137898 19.598993895632738 0.0
146.3488153754323 34.744127797040804 19.5998606324038 0.0
146.35618405771422 34.75208655899425 19.600727536201674 0.0
146.36355416033956 34.760044877022075 19.60159460709877 0.0
146.37092568392416 34.768002750907 19.602461845167547 0.0
146.37829862908424 34.775960180431724 19.6033292504805 0.0
146.38567299643606 34.78391716537869 19.604196823110126 0.0
146.39304878659615 34.79187370553031 19.60506456312896 0.0
146.40042600018137 34.799829800668945 19.605932470609574 0.0
146.4078046378086 34.80778545057674 19.60680054562454 0.0
146.41518470009515 34.815740655035796 19.60766878824649 0.0
146.4225661876584 34.82369541382811 19.608537198548046 0.0
146.42994910111605 34.83164972673554 19.60940577660189 0.0
146.43733344108594 34.839603593539884 19.610274522480697 0.0
146.4447192081862 34.847557014022776 19.6111434362572 0.0
146.45210640303517 34.855509987965824 19.61201251800414 0.0
146.45949502625143 34.86346251515044 19.612881767794285 0.0
146.4668850784537 34.87141459535794 19.613751185700437 0.0
146.47427656026105 34.87936622836966 19.614620771795416 0.0
146.48166947229265 34.887317413966656 19.615490526152076 0.0
146.48906381516795 34.89526815192996 19.616360448843288 0.0
146.49645958950666 34.90321844204051 19.61723053994196 0.0
146.5038567959286 34.91116828407911 19.618100799521013 0.0
146.511255435054 34.91911767782645 19.618971227653415 0.0
146.51865550750313 34.92706662306317 19.619841824412134 0.0
146.52605701389652 34.935015119569684 19.62071258987018 0.0
146.53345995485503 34.94296316712644 19.621583524100593 0.0
146.5408643309997 34.95091076551372 19.622454627176438 0.0
146.54827014295165 34.958857914511626 19.623325899170784 0.0
146.55567739133247 34.96680461390028 19.624197340156762 0.0
146.56308607676382 34.97475086345962 19.62506895020751 0.0
146.5704961998675 34.98269666296947 19.625940729396177 0.0
146.57790776126575 34.99064201220957 19.62681267779597 0.0
146.58532076158093 34.99858691095961 19.62768479548011 0.0
146.59273520143557 35.00653135899905 19.628557082521834 0.0
146.60015108145248 35.014475356107276 19.62942953899441 0.0
146.6075684022548 35.0224189020637 19.63030216497115 0.0
146.61498716446565 35.030361996647436 19.63117496052537 0.0
146.62240736870854 35.03830463963757 19.632047925730415 0.0
146.62982901560724 35.04624683081315 19.632921060659676 0.0
146.63725210578568 35.05418856995303 19.63379436538655 0.0
146.6446766398679 35.06212985683592 19.63466783998446 0.0
146.65210261847838 35.07007069124055 19.63554148452687 0.0
146.65953004224173 35.07801107294544 19.63641529908726 0.0
146.66695891178273 35.08595100172903 19.637289283739143 0.0
146.67438922772646 35.09389047736963 19.638163438556056 0.0
146.6818209906982 35.10182949964553 19.639037763611555 0.0
146.68925420132348 35.1097680683348 19.639912258979233 0.0
146.69668886022797 35.117706183215425 19.6407869247327 0.0
146.7041249680377 35.125643844065365 19.64166176094561 0.0
146.71156252537878 35.133581050662386 19.64253676769162 0.0
146.71900153287763 35.14151780278412 19.643411945044427 0.0
146.72644199116095 35.14945410020823 19.64428729307776 0.0
146.73388390085555 35.15738994271212 19.645162811865358 0.0
146.7413272625885 35.16532533007316 19.646038501481 0.0
146.74877207698708 35.173260262068595 19.64691436199848 0.0
146.75621834467893 35.18119473847554 19.64779039349164 0.0
146.7636660662917 35.189128759071046 19.648666596034317 0.0
146.77111524245345 35.197062323632046 19.649542969700406 0.0
146.77856587379233 35.204995431935316 19.650419514563804 0.0
146.78601796093685 35.21292808375757 19.651296230698453 0.0
146.79347150451565 35.220860278875435 19.65217311817831 0.0
146.80092650515755 35.228792017065295 19.653050177077358 0.0
146.80838296349177 35.23672329810362 19.65392740746962 0.0
146.8158408801476 35.24465412176662 19.654804809429127 0.0
146.82330025575462 35.25258448783046 19.655682383029955 0.0
146.83076109094256 35.26051439607119 19.656560128346182 0.0
146.83822338634155 35.268443846264724 19.657438045451947 0.0
146.84568714258182 35.27637283818692 19.65831613442139 0.0
146.85315236029376 35.28430137161343 19.65919439532868 0.0
146.86061904010813 35.2922294463199 19.660072828248015 0.0
146.8680871826559 35.30015706208184 19.660951433253636 0.0
146.8755567885681 35.30808421867457 19.661830210419776 0.0
146.88302785847625 35.316010915873406 19.662709159820736 0.0
146.8905003930119 35.32393715345353 19.663588281530814 0.0
146.89797439280684 35.33186293118993 19.664467575624336 0.0
146.9054498584932 35.339788248857595 19.66534704217567 0.0
146.91292679070324 35.34771310623137 19.666226681259204 0.0
146.92040519006943 35.35563750308592 19.667106492949344 0.0
146.9278850572246 35.36356143919586 19.66798647732054 0.0
146.93536639280168 35.371484914335774 19.668866634447255 0.0
146.94284919743384 35.37940792827995 19.66974696440398 0.0
146.95033347175453 35.38733048080268 19.670627467265238 0.0
146.95781921639744 35.39525257167822 19.67150814310558 0.0
146.96530643199637 35.40317420068052 19.672388991999572 0.0
146.97279511918546 35.411095367583556 19.67327001402182 0.0
146.9802852785991 35.4190160721612 19.674151209246954 0.0
146.9877769108718 35.42693631418714 19.675032577749622 0.0
146.9952700166383 35.43485609343498 19.675914119604506 0.0
147.0027645965337 35.44277540967822 19.676795834886317 0.0
147.0102606511932 35.450694262690305 19.677677723669788 0.0
147.01775818125228 35.45861265224446 19.67855978602968 0.0
147.02525718734665 35.466530578113826 19.67944202204078 0.0
147.0327576701123 35.47444804007155 19.680324431777915 0.0
147.04025963018526 35.482365037890496 19.681207015315913 0.0
147.04776306820193 35.490281571343495 19.68208977272964 0.0
147.05526798479903 35.498197640203344 19.682972704094002 0.0
147.06277438061332 35.50611324424257 19.68385580948392 0.0
147.07028225628193 35.5140283832337 19.684739088974343 0.0
147.07779161244207 35.52194305694913 19.685622542640242 0.0
147.0853024497313 35.529857265161105 19.686506170556623 0.0
147.09281476878738 35.53777100764182 19.687389972798513 0.0
147.10032857024834 35.545684284163286 19.68827394944098 0.0
147.1078438547523 35.55359709449748 19.689158100559094 0.0
147.1153606229378 35.5615094384162 19.690042426227976 0.0
147.12287887544343 35.569421315691194 19.690926926522756 0.0
147.1303986129081 35.57733272609398 19.691811601518598 0.0
147.13791983597096 35.58524366939612 19.6926964512907 0.0
147.14544254527138 35.593154145369006 19.69358147591428 0.0
147.15296674144884 35.6010641537838 19.694466675464568 0.0
147.16049242514327 35.60897369441175 19.695352050016854 0.0
147.1680195969947 35.61688276702388 19.696237599646434 0.0
147.1755482576433 35.624791371391055 19.697123324428624 0.0
147.18307840772968 35.63269950728414 19.698009224438785 0.0
147.19061004789455 35.64060717447382 19.6988952997523 0.0
147.19814317877882 35.64851437273071 19.699781550444566 0.0
147.20567780102368 35.65642110182522 19.70066797659102 0.0
147.21321391527056 35.66432736152776 19.701554578267125 0.0
147.22075152216118 35.67223315160858 19.702441355548373 0.0
147.22829062233725 35.680138471837765 19.703328308510265 0.0
147.23583121644106 35.6880433219854 19.70421543722836 0.0
147.2433733051148 35.69594770182136 19.705102741778212 0.0
147.25091688900113 35.70385161111544 19.705990222235428 0.0
147.25846196874275 35.71175504963729 19.706877878675616 0.0
147.26600854498278 35.71965801715657 19.707765711174446 0.0
147.27355661836444 35.72756051344264 19.708653719807582 0.0
147.2811061895312 35.73546253826486 19.709541904650727 0.0
147.28865725912675 35.743364091392515 19.710430265779618 0.0
147.29620982779508 35.75126517259466 19.71131880327001 0.0
147.3037638961803 35.75916578164027 19.712207517197683 0.0
147.31131946492692 35.76706591829833 19.71309640763846 0.0
147.31887653467945 35.77496558233752 19.71398547466817 0.0
147.3264351060828 35.78286477352654 19.714874718362683 0.0
147.33399517978214 35.79076349163392 19.715764138797898 0.0
147.34155675642268 35.798661736428095 19.716653736049725 0.0
147.34911983665 35.80655950767737 19.71754351019412 0.0
147.35668442110995 35.81445680514996 19.718433461307054 0.0
147.3642505104485 35.82235362861395 19.71932358946453 0.0
147.37181810531186 35.83024997783731 19.72021389474257 0.0
147.37938720634654 35.83814585258787 19.72110437721724 0.0
147.3869578141993 35.846041252633434 19.72199503696462 0.0
147.39452992951698 35.85393617774157 19.72288587406082 0.0
147.40210355294678 35.86183062767983 19.723776888581973 0.0
147.40967868513616 35.8697246022156 19.724668080604253 0.0
147.4172553267327 35.87761810111617 19.725559450203846 0.0
147.42483347838422 35.8855111241487 19.726450997456965 0.0
147.43241314073887 35.89340367108025 19.727342722439868 0.0
147.43999431444496 35.901295741677764 19.72823462522882 0.0
147.44757700015103 35.90918733570806 19.72912670590012 0.0
147.45516119850592 35.91707845293788 19.730018964530107 0.0
147.46274691015856 35.92496909313374 19.730911401195126 0.0
147.47033413575824 35.932859256062194 19.73180401597156 0.0
147.47792287595445 35.9407489414896 19.732696808935817 0.0
147.48551313139686 35.94863814918214 19.733589780164337 0.0
147.49310490273547 35.95652687890602 19.734482929733584 0.0
147.5006981906204 35.96441513042725 19.73537625772005 0.0
147.50829299570208 35.97230290351169 19.736269764200244 0.0
147.5158893186311 35.98019019792516 19.73716344925072 0.0
147.52348716005847 35.98807701343334 19.738057312948055 0.0
147.5310865206351 35.99596334980175 19.738951355368837 0.0
147.53868740101242 36.00384920679583 19.739845576589698 0.0
147.54628980184205 36.01173458418095 19.7407399766873 0.0
147.55389372377564 36.01961948172228 19.74163455573831 0.0
147.56149916746529 36.027503899184886 19.742529313819446 0.0
147.5691061335633 36.03538783633381 19.743424251007447 0.0
147.57671462272214 36.04327129293388 19.744319367379074 0.0
147.58432463559444 36.051154268749805 19.74521466301111 0.0
147.59193617283327 36.059036763546274 19.746110137980384 0.0
147.59954923509179 36.066918777087764 19.74700579236374 0.0
147.6071638230234 36.074800309138666 19.747901626238047 0.0
147.61477993728172 36.082681359463244 19.748797639680202 0.0
147.62239757852072 36.090561927825696 19.749693832767143 0.0
147.63001674739442 36.098442013990045 19.750590205575815 0.0
147.6376374445572 36.10632161772019 19.7514867581832 0.0
147.64525967066373 36.11420073878002 19.752383490666322 0.0
147.6528834263687 36.12207937693316 19.7532804031022 0.0
147.6605087123272 36.1299575319432 19.75417749556791 0.0
147.66813552919453 36.13783520357361 19.75507476814053 0.0
