galstreams/tracks/track.st.Slidr.ibata2021.ecsv
# %ECSV 1.0
# ---
# datatype:
# - {name: ra, unit: deg, datatype: float64}
# - {name: dec, unit: deg, datatype: float64}
# - {name: distance, unit: kpc, datatype: float64}
# - {name: pm_ra_cosdec, unit: mas / yr, datatype: float64}
# - {name: pm_dec, unit: mas / yr, datatype: float64}
# - {name: radial_velocity, unit: km / s, datatype: float64}
# delimiter: ','
# meta: !!omap
# - __serialized_columns__:
#     dec:
#       __class__: astropy.coordinates.angles.Latitude
#       unit: &id001 !astropy.units.Unit {unit: deg}
#       value: !astropy.table.SerializedColumn {name: dec}
#     distance:
#       __class__: astropy.coordinates.distances.Distance
#       unit: !astropy.units.Unit {unit: kpc}
#       value: !astropy.table.SerializedColumn {name: distance}
#     pm_dec:
#       __class__: astropy.units.quantity.Quantity
#       unit: !astropy.units.Unit {unit: mas / yr}
#       value: !astropy.table.SerializedColumn {name: pm_dec}
#     pm_ra_cosdec:
#       __class__: astropy.units.quantity.Quantity
#       unit: !astropy.units.Unit {unit: mas / yr}
#       value: !astropy.table.SerializedColumn {name: pm_ra_cosdec}
#     ra:
#       __class__: astropy.coordinates.angles.Longitude
#       unit: *id001
#       value: !astropy.table.SerializedColumn {name: ra}
#       wrap_angle: !astropy.coordinates.Angle
#         unit: *id001
#         value: 360.0
#     radial_velocity:
#       __class__: astropy.units.quantity.Quantity
#       unit: !astropy.units.Unit {unit: km / s}
#       value: !astropy.table.SerializedColumn {name: radial_velocity}
# schema: astropy-2.0
ra,dec,distance,pm_ra_cosdec,pm_dec,radial_velocity
[from data line 2835]
175.2590265449838,4.713983445790149,3.606793432368846,-17.64429923962384,-4.722522161017128,153.4001870670277
175.26787751881835,4.709003340649823,3.6074325975640504,-17.63911186267306,-4.721632943856896,153.59026928370318
175.27672674575902,4.704017127008906,3.6080722118681905,-17.633923678521363,-4.7207443375139535,153.78036211319701
175.28557422399692,4.699024798806393,3.6087122755872434,-17.628734687588558,-4.7198563421412345,153.9704654673287
175.29441995172306,4.69402634998131,3.6093527890271813,-17.623544890294568,-4.71896895789134,154.1605792579175
175.30326392712837,4.68902177447272,3.609993752493977,-17.618354287059365,-4.718082184916556,154.35070339678296
175.31210614840376,4.684011066219717,3.6106351662936063,-17.61316287830298,-4.717196023368837,154.54083779574435
175.32094661374006,4.678994219161419,3.6112770307320394,-17.607970664445567,-4.7163104733998225,154.7309823666209
175.32978532132805,4.673971227236979,3.6119193461152523,-17.602777645907306,-4.715425535160822,154.92113702123223
175.3386222693584,4.668942084385589,3.6125621127492176,-17.59758382310847,-4.714541208802823,155.11130167139754
175.34745745602177,4.663906784546457,3.6132053309399086,-17.592389196469405,-4.7136574944764815,155.30147622893625
175.3562908795087,4.658865321658837,3.6138490009932998,-17.587193766410522,-4.7127743923321495,155.49166060566776
175.36512253800967,4.6538176896620005,3.614493123215364,-17.58199753335231,-4.711891902519829,155.6818547134114
175.37395242971513,4.648763882495258,3.615137697912074,-17.576800497715354,-4.711010025189228,155.87205846398663
175.38278055281546,4.643703894097951,3.615782725389405,-17.571602659920277,-4.710128760489703,156.06227176921269
175.39160690550094,4.6386377184094485,3.616428205953329,-17.566404020387782,-4.709248108570304,156.25249454090905
175.4004314859618,4.633565349369154,3.6170741399098203,-17.56120457953867,-4.708368069579754,156.4427266908949
175.40925429238828,4.628486780916491,3.6177205275648525,-17.556004337793805,-4.707488643666442,156.6329681309898
175.41807532297037,4.6234020069909265,3.6183673692243987,-17.550803295574106,-4.70660983097845,156.82321877301322
175.4268945758982,4.61831102153195,3.6190146651944324,-17.545601453300595,-4.705731631663527,157.0134785287843
175.43571204936165,4.613213818479086,3.619662415780927,-17.540398811394343,-4.704854045869096,157.20374731012248
175.44452774155076,4.608110391771883,3.6203106212898573,-17.535195370276515,-4.703977073742266,157.39402502884707
175.4533416506553,4.603000735349924,3.620959282027194,-17.52999113036835,-4.703100715429815,157.58431159677758
175.46215377486502,4.597884843152824,3.621608398298914,-17.524786092091137,-4.702224971078193,157.7746069257334
175.47096411236964,4.5927627091202226,3.622257970410988,-17.51958025586627,-4.7013498408335455,157.96491092753368
175.47977266135888,4.587634327191789,3.6229079986693917,-17.514373622115198,-4.700475324841669,158.15522351399798
175.48857942002226,4.582499691307228,3.623558483380098,-17.509166191259446,-4.699601423248055,158.3455445969457
175.49738438654927,4.577358795406271,3.624209424849078,-17.50395796372063,-4.698728136197868,158.53587408819607
175.50618755912944,4.572211633428678,3.6248608233823085,-17.49874893992042,-4.697855463835943,158.72621189956854
175.51498893595212,4.567058199314239,3.6255126792857615,-17.49353912028058,-4.696983406306806,158.9165579428825
175.5237885152066,4.561898487002771,3.6261649928654114,-17.48832850522293,-4.696111963754632,159.1069121299572
175.5325862950822,4.556732490434127,3.6268177644272304,-17.483117095169376,-4.695241136323304,159.29727437261204
175.54138227376808,4.551560203548184,3.6274709942771923,-17.477904890541904,-4.694370924156368,159.48764458266666
175.55017644945335,4.546381620284848,3.628124682721271,-17.47269189176256,-4.693501327397037,159.67802267194003
175.5589688203271,4.541196734584057,3.62877883006544,-17.467478099253483,-4.692632346188218,159.86840855225182
175.56775938457832,4.5360055403857755,3.629433436615674,-17.462263513436877,-4.691763980672487,160.05880213542113
175.57654814039594,4.530808031629999,3.630088502677944,-17.45704813473501,-4.690896230992097,160.24920333326767
175.58533508596886,4.525604202256747,3.630744028558225,-17.451831963570257,-4.690029097288972,160.43961205761053
175.5941202194858,4.5203940462060785,3.6314000145624905,-17.44661500036503,-4.6891625797047345,160.63002822026934
175.60290353913558,4.51517755741807,3.632056460996714,-17.441397245541847,-4.688296678380652,160.82045173306312
175.61168504310686,4.509954729832832,3.6327133681668693,-17.43617869952329,-4.687431393457693,161.0108825078115
175.62046472958824,4.504725557390504,3.633370736378928,-17.430959362732025,-4.686566725076504,161.20132045633383
175.62924259676822,4.4994900340312505,3.634028565938866,-17.425739235590775,-4.6857026733773885,161.39176549044933
175.6380186428353,4.494248153695269,3.634686857152655,-17.42051831852236,-4.684839238500341,161.58221752197767
175.64679286597794,4.488999910322779,3.6353456103262705,-17.415296611949657,-4.683976420585028,161.77267646273785
175.65556526438445,4.483745297854033,3.636004825765684,-17.41007411629564,-4.683114219770808,161.96314222454956
175.66433583624314,4.478484310229316,3.636664503776871,-17.404850831983346,-4.682252636196699,162.15361471923188
175.6731045797422,4.47321694138893,3.637324644665803,-17.399626759435883,-4.6813916700014,162.34409385860448
175.6818714930698,4.467943185273215,3.6379852487384543,-17.39440189907646,-4.680531321323294,162.53457955448644
175.69063657441401,4.462663035822533,3.6386463163007985,-17.38917625132832,-4.679671590300433,162.72507171869736
175.69939982196286,4.457376486977278,3.639307847658809,-17.383949816614823,-4.678812477070556,162.91557026305662
175.70816123390435,4.452083532677868,3.6399698431184606,-17.3787225953594,-4.67795398177107,163.1060750993833
175.71692080842632,4.446784166864754,3.6406323029857246,-17.37349458798552,-4.677096104539067,163.296586139497
175.7256785437166,4.441478383478407,3.641295227566575,-17.368265794916788,-4.67623884551131,163.4871032952172
175.734434437963,4.436166176459331,3.6419586171669875,-17.36303621657683,-4.675382204824243,163.67762647836318
175.74318848935317,4.4308475397480604,3.6426224720929326,-17.3578058533894,-4.674526182613989,163.86815560075394
175.75194069607477,4.425522467285148,3.643286792650385,-17.35257470577829,-4.673670779016348,164.05869057420938
175.76069105631535,4.4201909530111845,3.643951579145319,-17.34734277416738,-4.672815994166794,164.24923131054877
175.76943956826247,4.414852990866776,3.6446168318837073,-17.34211005898064,-4.671961828200487,164.43977772159116
175.77818623010347,4.409508574792569,3.6452825511715243,-17.33687656064209,-4.671108281252252,164.63032971915626
175.7869310400258,4.4041576987292315,3.6459487373147415,-17.33164227957586,-4.670255353456609,164.82088721506312
175.79567399621672,4.3988003566174525,3.646615390619335,-17.32640721620614,-4.669403044947737,165.01145012113153
175.8044150968635,4.393436542397957,3.6472825113912766,-17.321171370957185,-4.668551355859508,165.20201834918063
175.8131543401533,4.3880662500114935,3.6479500999365397,-17.315934744253354,-4.6677002863254655,165.39259181102986
175.82189172427323,4.382689473398839,3.6486181565610987,-17.310697336519073,-4.6668498364788356,165.58317041849833
175.83062724741035,4.377306206500791,3.6492866815709264,-17.30545914817885,-4.666000006452511,165.7737540834056
175.83936090775163,4.371916443258183,3.6499556752719977,-17.300220179657245,-4.665150796379079,165.96434271757127
175.84809270348396,4.366520177611869,3.6506251379702848,-17.294980431378917,-4.664302206390788,166.15493623281426
175.85682263279418,4.361117403502736,3.6512950699717597,-17.289739903768623,-4.663454236619586,166.3455345409544
175.86555069386912,4.355708114871691,3.651965471582399,-17.284498597251165,-4.662606887197081,166.5361375538107
175.87427688489552,4.350292305659665,3.652636343108175,-17.27925651225144,-4.661760158254562,166.72674518320264
175.88300120405992,4.344869969807625,3.6533076848550614,-17.274013649194394,-4.660914049923006,166.91735734094976
175.89172364954896,4.339441101256565,3.6539794971290314,-17.2687700085051,-4.660068562333055,167.10797393887134
175.90044421954917,4.334005693947492,3.6546517802360574,-17.263525590608694,-4.65922369561505,167.29859488878643
175.90916291224696,4.32856374182145,3.655324534482115,-17.258280395930353,-4.658379449898988,167.48922010251482
175.91787972582878,4.323115238819506,3.6559977601731766,-17.253034424895368,-4.657535825314557,167.67984949187567
175.92659465848087,4.317660178882757,3.6566714576152157,-17.247787677929118,-4.656692821991121,167.87048296868846
175.9353077083895,4.312198555952323,3.657345627114206,-17.24254015545703,-4.655850440057728,168.06112044477246
175.9440188737409,4.306730363969345,3.6580202689761214,-17.23729185790463,-4.655008679643098,168.2517618319471
175.95272815272114,4.301255596875,3.658695383506934,-17.232042785697512,-4.654167540875631,168.4424070420317
175.96143554351625,4.295774248610482,3.6593709710126188,-17.22679293926135,-4.653327023883411,168.633055986846
175.97014104431227,4.290286313117023,3.6600470317991487,-17.221542319021918,-4.652487128794193,168.82370857820874
175.97884465329508,4.284791784335864,3.6607235661724973,-17.21629092540503,-4.651647855735423,169.01436472793966
175.98754636865053,4.27929065620828,3.6614005744386384,-17.211038758836615,-4.6508092048342125,169.20502434785806
175.9962461885644,4.273782922675579,3.662078056903545,-17.205785819742665,-4.649971176217367,169.3956873497833
176.00494411122241,4.268268577679082,3.6627560138731905,-17.200532108549254,-4.649133770011352,169.58635364553479
176.01364013481017,4.262747615160147,3.663434445653549,-17.195277625682536,-4.64829698634234,169.77702314693192
176.0223342575133,4.2572200290601465,3.664113352550594,-17.19002237156873,-4.647460825336153,169.96769576579413
176.03102647751734,4.251685813320484,3.6647927348702978,-17.18476634663417,-4.646625287118319,170.15837141394047
176.03971679300764,4.2461449618825915,3.6654725929186363,-17.179509551305234,-4.645790371814023,170.34905000319063
176.04840520216962,4.240597468687922,3.6661529270015807,-17.174251986008404,-4.644956079548146,170.5397314453639
176.0570917031886,4.235043327677953,3.666833737425106,-17.168993651170226,-4.644122410445248,170.7304156522795
176.0657762942498,4.229482532794189,3.6675150244951835,-17.163734547217334,-4.643289364629555,170.92110253575697
176.07445897353833,4.223915077978161,3.6681967885177897,-17.158474674576436,-4.642456942224989,171.11179200761592
176.08313973923939,4.218340957171423,3.6688790297988967,-17.153214033674338,-4.64162514335514,171.3024839796752
176.09181858953798,4.212760164315558,3.6695617486444774,-17.147952624937894,-4.640793968143293,171.49317836375423
176.100495522619,4.207172693352167,3.6702449453605066,-17.142690448794067,-4.639963416712397,171.68387507167287
176.10917053666742,4.201578538222877,3.6709286202529565,-17.137427505669887,-4.639133489185086,171.87457401525012
176.11784362986802,4.195977692869345,3.6716127736278015,-17.132163795992465,-4.638304185683689,172.06527510630545
176.12651480040557,4.190370151233256,3.672297405791014,-17.126899320189015,-4.637475506330187,172.25597825665807
176.13518404646473,4.184755907256308,3.67298251704857,-17.12163407868679,-4.636647451246273,172.4466833781276
176.14385136623014,4.179134954880231,3.6736681077064404,-17.116368071913143,-4.635820020553295,172.63739038253334
176.1525167578863,4.17350728804678,3.6743541780706,-17.111101300295527,-4.634993214372301,172.8280991816947
176.16118021961773,4.167872900697732,3.675040728447022,-17.105833764261458,-4.6341670328240046,173.01880968743075
176.16984174960885,4.16223178677489,3.675727759141679,-17.10056546423854,-4.633341476028814,173.20952181156102
176.17850134604393,4.15658394022008,3.6764152704605464,-17.095296400654426,-4.6325165441067995,173.40023546590515
176.18715900710725,4.150929354975154,3.677103262709597,-17.090026573936907,-4.631692237177741,173.59095056228236
176.19581473098305,4.1452680249819895,3.6777917361948025,-17.08475598451382,-4.6308685553610704,173.78166701251183
176.20446851585538,4.139599944182491,3.678480691222139,-17.079484632813074,-4.630045498775918,173.972384728413
176.21312035990834,4.133925106518574,3.6791701280975793,-17.074212519262677,-4.629223067541096,174.16310362180545
176.22177026132587,4.128243505932192,3.6798600471270952,-17.068939644290744,-4.628401261775084,174.3538236045084
176.23041821829193,4.122555136365318,3.680550448616663,-17.063666008325413,-4.627580081596053,174.54454458834113
176.23906422899032,4.116859991759954,3.681241332872254,-17.058391611794953,-4.626759527121865,174.73526648512308
176.24770829160477,4.111158066058112,3.6819327001998428,-17.053116455127686,-4.625939598470046,174.92598920667376
176.256350404319,4.105449353201845,3.6826245509054023,-17.047840538752023,-4.625120295757813,175.1167126648125
176.26499056531665,4.099733847133219,3.6833168852949068,-17.042563863096476,-4.624301619102066,175.30743677135845
176.27362877278125,4.09401154179433,3.684009703674328,-17.03728642858962,-4.623483568619383,175.49816143813115
176.28226502489628,4.088282431127294,3.6847030063496415,-17.032008235660104,-4.622666144426022,175.68888657694998
176.2908993198451,4.082546509074253,3.6853967936268206,-17.026729284736685,-4.621849346637931,175.87961209963427
176.29953165581108,4.07680376957737,3.6860910658118375,-17.02144957624818,-4.6210331753707425,176.07033791800333
176.30816203097743,4.071054206578834,3.6867858232106667,-17.016169110623505,-4.620217630739753,176.26106394387688
176.31679044352737,4.065297814020861,3.6874810661292816,-17.01088788829165,-4.619402712859966,176.45179008907374
176.32541689164395,4.059534585845686,3.6881767948736552,-17.005605909681677,-4.618588421846045,176.6425162654137
176.3340413735103,4.0537645159955655,3.688873009749761,-17.00032317522276,-4.617774757812354,176.83324238471602
176.34266388730927,4.047987598412786,3.689569711063574,-16.99503968534413,-4.616961720872926,177.0239683588
176.3512844312238,4.042203827039656,3.690266899121066,-16.989755440475108,-4.616149311141491,177.214694099485
176.35990300343673,4.036413195818501,3.690964574228211,-16.984470441045108,-4.615337528731452,177.40541951859043
176.3685196021307,4.030615698691678,3.6916627366909824,-16.97918468748361,-4.614526373755895,177.59614452793582
176.37713422548845,4.024811329601566,3.6923613868153535,-16.973898180220196,-4.613715846327594,177.78686903934033
176.38574687169248,4.019000082490566,3.6930605249073,-16.9686109196845,-4.6129059465590005,177.97759296462337
176.39435753892536,4.013181951301099,3.693760151272792,-16.96332290630629,-4.612096674562266,178.16831621560434
176.4029662253695,4.0073569299756135,3.694460266217806,-16.95803414051537,-4.6112880304492,178.3590387041026
176.4115729292073,4.00152501245658,3.6951608700483134,-16.95274462274166,-4.610480014331312,178.5497603419375
176.42017764862095,3.9956861926864913,3.695861963070288,-16.947454353415136,-4.609672626319797,178.74048104092847
176.4287803817927,3.9898404646078696,3.696563545589704,-16.94216333296588,-4.608865866525517,178.93120071289485
176.43738112690465,3.9839878221632503,3.6972656179125334,-16.936871561824052,-4.6080597350590455,179.12191926965608
176.44597988213886,3.978128259295196,3.6979681803447524,-16.93157904041989,-4.607254232030609,179.31263662303147
176.45457664567732,3.9722617699462957,3.6986712331923344,-16.926285769183707,-4.606449357550146,179.50335268484028
176.4631714157019,3.966388348059156,3.6993747767612497,-16.920991748545955,-4.605645111727264,179.69406736690203
176.4717641903944,3.960507987576416,3.700078811357473,-16.915696978937092,-4.6048414946712555,179.88478058103595
176.48035496793656,3.9546206824407215,3.7007833372869805,-16.9104014607877,-4.604038506491099,180.07549223906167
