galstreams/tracks/track.st.NGC3201.palau2020.ecsv
# %ECSV 0.9
# ---
# datatype:
# - {name: ra, unit: deg, datatype: float64}
# - {name: dec, unit: deg, datatype: float64}
# - {name: distance, unit: kpc, datatype: float64}
# - {name: pm_ra_cosdec, unit: mas / yr, datatype: float64}
# - {name: pm_dec, unit: mas / yr, datatype: float64}
# - {name: radial_velocity, unit: km / s, datatype: float64}
# delimiter: ','
# meta: !!omap
# - __serialized_columns__:
#     dec:
#       __class__: astropy.coordinates.angles.Latitude
#       unit: &id001 !astropy.units.Unit {unit: deg}
#       value: !astropy.table.SerializedColumn {name: dec}
#     distance:
#       __class__: astropy.coordinates.distances.Distance
#       unit: !astropy.units.Unit {unit: kpc}
#       value: !astropy.table.SerializedColumn {name: distance}
#     pm_dec:
#       __class__: astropy.units.quantity.Quantity
#       unit: !astropy.units.Unit {unit: mas / yr}
#       value: !astropy.table.SerializedColumn {name: pm_dec}
#     pm_ra_cosdec:
#       __class__: astropy.units.quantity.Quantity
#       unit: !astropy.units.Unit {unit: mas / yr}
#       value: !astropy.table.SerializedColumn {name: pm_ra_cosdec}
#     ra:
#       __class__: astropy.coordinates.angles.Longitude
#       unit: *id001
#       value: !astropy.table.SerializedColumn {name: ra}
#       wrap_angle: !astropy.coordinates.Angle
#         unit: *id001
#         value: 360.0
#     radial_velocity:
#       __class__: astropy.units.quantity.Quantity
#       unit: !astropy.units.Unit {unit: km / s}
#       value: !astropy.table.SerializedColumn {name: radial_velocity}
# schema: astropy-2.0
ra,dec,distance,pm_ra_cosdec,pm_dec,radial_velocity
[from data line 137]
120.61277133673794,-37.81303303879864,5.4657768377173515,19.033025288804964,-11.242563838986554,-5.0524602779234026e-14
121.38800117388323,-38.12502006536238,5.483506963743811,18.80644181881478,-10.933289788876557,-5.0524602779234026e-14
122.16920475001835,-38.43295638408577,5.500343889614093,18.574594266041366,-10.624684871361232,-6.73661370389787e-14
122.95641164402687,-38.73677918293024,5.516257380051908,18.337569775907895,-10.317019984016422,-1.0104920555846805e-13
123.74964816559672,-39.036425631071396,5.531217110915633,18.095463799515578,-10.010566723583896,-1.1789073981821273e-13
124.54893721353781,-39.33183292640272,5.54519266919831,17.84838036580714,-9.705596967849335,-1.0104920555846805e-13
125.35429813397752,-39.62293834557369,5.558153553027641,17.596432347355012,-9.402382434971777,-1.0104920555846805e-13
126.16574657892163,-39.90967929657807,5.57006917166599,17.339741718384253,-9.101194220079611,-1.0104920555846805e-13
126.98329436570197,-40.1919933738996,5.58090884551039,17.07843980357246,-8.802302309043052,-1.6841534259744676e-14
127.80694933786728,-40.469818416212945,5.590641806092532,16.812667516106323,-8.505975069436934,3.368306851948935e-14
128.6367152281066,-40.743092566627816,5.599237196078772,16.542575583415882,-8.212478718821139,3.368306851948935e-14
129.47259152382694,-41.01175433545352,5.606664069270135,16.26832475895515,-7.922076770588282,0.0
130.31457333603808,-41.27574266544939,5.612891390602299,15.990086018352269,-7.635029457759867,5.0524602779234026e-14
131.16265127222675,-41.534996999514995,5.617888036145616,15.70804073821491,-7.351593135251824,-3.368306851948935e-14
132.0168113139287,-41.78945735076065,5.621622793105094,15.42238085584794,-7.072019661279155,-5.0524602779234026e-14
132.87703469973175,-42.03906437488573,5.624064359820403,15.133309008122687,-6.796555758724889,-3.368306851948935e-14
133.74329781446454,-42.283759444778454,5.625181345765886,14.841038647729526,-6.525442357461561,-5.0524602779234026e-14
134.6155720853422,-42.52348472723595,5.624942271550542,14.54579413505218,-6.258913918782495,5.0524602779234026e-14
135.49382388585414,-42.75818326168917,5.623315568918033,14.247810803920224,-5.997197743273806,-1.1789073981821273e-13
136.37801444818885,-42.987799040801455,5.620269580746687,13.947334999530625,-5.740513263635796,1.0104920555846805e-13
137.26809978499253,-43.212277092794814,5.615772561049495,13.64462408687813,-5.4890713241428495,6.73661370389787e-14
138.16403062125974,-43.43156356534194,5.60979267497411,13.339946428099678,-5.243073448611516,2.5262301389617013e-14
139.06575233714466,-43.64560581084677,5.602297998802852,13.033581327220329,-5.002711098927185,6.73661370389787e-14
139.9732049224693,-43.85435247292094,5.593256519952702,12.725818940888496,-4.7681649263573505,4.210383564936169e-14
140.88632294368503,-44.057753573848366,5.5826361369753,12.416960153805896,-4.5396040180526605,5.0524602779234026e-14
141.8050355240166,-44.255760602815414,5.570404659556958,12.10731641769364,-4.317185141303645,-8.420767129872338e-15
142.7292663374843,-44.448326604669916,5.556529808518644,11.797209552790532,-4.101051988279066,-1.6841534259744676e-14
143.65893361745836,-44.635406268959,5.540979215815997,11.486971511051049,-3.8913344241187,0.0
144.59395018035244,-44.8169560189829,5.523720424539312,11.176944100400654,-3.6881477413873007,7.578690416885104e-14
145.53422346500543,-44.99293410059035,5.504720888913548,10.86747866961151,-3.4915919240148856,-3.368306851948935e-14
146.47965558823964,-45.16330067043103,5.483947974298332,10.558935753584075,-3.3017509239491805,4.210383564936169e-14
147.43014341701164,-45.32801788337126,5.461368957187955,10.251684679055522,-3.118691953827096,-5.0524602779234026e-14
148.3855786574971,-45.48704997877178,5.436951025211362,9.946103131005088,-2.9424647990308275,-5.0524602779234026e-14
149.34584796136465,-45.640363365320376,5.410661277132173,9.642576680285813,-2.7731011525298226,4.210383564936169e-15
150.3108330494075,-45.78792670410875,5.3824667228486645,9.34149827328072,-2.610613975919115,2.947268495455318e-14
151.28041085260423,-45.92971098963987,5.352334283393779,9.043267684656126,-2.454996890047529,-4.210383564936169e-15
152.25445367058214,-46.065689628453086,5.3202307909351205,8.748290934563386,-2.306223598583541,2.5262301389617013e-14
153.2328293473518,-46.19583851505552,5.286122988774958,8.456979671919793,-2.164247347791905,2.947268495455318e-14
154.21540146407648,-46.32013610485312,5.249977531350223,8.169750525677042,-2.0290004256897047,2.5262301389617013e-14
155.20202954852877,-46.43856348378101,5.2117609842325106,7.887024426258345,-1.9003937036161607,-4.631421921429786e-14
156.19256930078024,-46.55110443434195,5.171439824128082,7.609225899609119,-1.778316223086184,2.1051917824680846e-14
157.18687283455628,-46.65774549777259,5.128980438877855,7.336782336559703,-1.662634830604597,2.1051917824680846e-14
158.18478893358292,-46.75847603207114,5.084349127457418,7.070123240436575,-1.553193862896193,-2.5262301389617013e-14
159.1861633221432,-46.85328826563552,5.037512099977021,6.8096794560793406,-1.4498148847587515,4.210383564936169e-15
160.19083894895874,-46.94217734627918,4.988435477681572,6.555882383620975,-1.3522964814730154,-2.5262301389617013e-14
161.19865628341407,-47.025141385411786,4.93708529295065,6.309163180565446,-1.2604141074078172,-1.2631150694808506e-14
162.20945362304647,-47.10218149719407,4.883427489298493,6.069951955847541,-1.1739199921429768,1.6841534259744676e-14
163.22306741114042,-47.17330183249975,4.827427921374003,5.838676959682645,-1.0925431050997445,-1.894672604221276e-14
164.2393325631857,-47.2385096075432,4.769052354960746,5.615763773106267,-1.0159891793221885,-2.947268495455318e-14
165.25808280089038,-47.29781512705796,4.708266466976955,5.401634501164419,-0.9439407946962197,2.1051917824680845e-15
166.2791509923784,-47.35123180193978,4.6450358454755145,5.196706973743841,-0.876057520529921,-2.1051917824680845e-15
167.30236949715484,-47.39877616129661,4.579325989643987,5.00139395802576,-0.8119761170531266,5.2629794561702115e-15
168.32757051438114,-47.44046785887765,4.511102309804592,4.816102386507953,-0.7513107950301199,-1.2631150694808506e-14
169.35458643297812,-47.47632967388431,4.440330127414209,4.641232604467429,-0.6936535323203965,5.2629794561702115e-15
170.38325018205825,-47.50638750619539,4.3669746750643865,4.47717764063076,-0.6385744458732573,-1.7894130150978717e-14
171.41339558018782,-47.530670366070325,4.291001096481335,4.3243225046826375,-0.5856222173055777,-7.368171238638296e-15
172.44485768198763,-47.549210358423046,4.2123744465259225,4.183043515076078,-0.5343245698929789,-8.420767129872338e-15
173.47747312060267,-47.5620426617894,4.13105969119369,4.05370766041346,-0.4841887945055309,-6.8418732930212744e-15
174.51108044460588,-47.569205502138395,4.04702170761484,3.936671997447056,-0.43470232174334056,-1.842042809659574e-14
175.5455204479435,-47.57074012170586,3.9602252840542285,3.832283088504475,-0.38533333727803903,-2.8420089063319142e-14
176.58063649158584,-47.56669074305412,3.8706351199113844,3.7408764808817536,-0.33553143718505574,-1.5788938368510635e-14
177.616274815613,-47.55710452858587,3.7782158257205025,3.6627762304667533,-0.284728319861061,-3.0525280845787224e-14
178.65228484053875,-47.542031535763,3.6829319231504294,3.598294471562765,-0.23233851096241112,-3.210417468263829e-14
