galstreams/tracks/track.st.New-19.ibata2024.ecsv
# %ECSV 1.0
# ---
# datatype:
# - {name: ra, unit: deg, datatype: float64}
# - {name: dec, unit: deg, datatype: float64}
# - {name: distance, unit: kpc, datatype: float64}
# - {name: pm_ra_cosdec, unit: mas / yr, datatype: float64}
# - {name: pm_dec, unit: mas / yr, datatype: float64}
# - {name: radial_velocity, unit: km / s, datatype: float64}
# delimiter: ','
# meta: !!omap
# - __serialized_columns__:
#     dec:
#       __class__: astropy.coordinates.angles.Latitude
#       unit: &id001 !astropy.units.Unit {unit: deg}
#       value: !astropy.table.SerializedColumn {name: dec}
#     distance:
#       __class__: astropy.coordinates.distances.Distance
#       unit: !astropy.units.Unit {unit: kpc}
#       value: !astropy.table.SerializedColumn {name: distance}
#     pm_dec:
#       __class__: astropy.units.quantity.Quantity
#       unit: !astropy.units.Unit {unit: mas / yr}
#       value: !astropy.table.SerializedColumn {name: pm_dec}
#     pm_ra_cosdec:
#       __class__: astropy.units.quantity.Quantity
#       unit: !astropy.units.Unit {unit: mas / yr}
#       value: !astropy.table.SerializedColumn {name: pm_ra_cosdec}
#     ra:
#       __class__: astropy.coordinates.angles.Longitude
#       unit: *id001
#       value: !astropy.table.SerializedColumn {name: ra}
#       wrap_angle: !astropy.coordinates.Angle
#         unit: *id001
#         value: 360.0
#     radial_velocity:
#       __class__: astropy.units.quantity.Quantity
#       unit: !astropy.units.Unit {unit: km / s}
#       value: !astropy.table.SerializedColumn {name: radial_velocity}
# schema: astropy-2.0
ra,dec,distance,pm_ra_cosdec,pm_dec,radial_velocity
[from data line 283]
221.40902408116213,34.5133388052125,1.0000000000000002,-3.2489579293036286,-3.293732445388912,922.5676957042114
221.4149030807699,34.5205813198413,1.0,-3.248795168638594,-3.2987747627815622,943.3849499345645
221.42079440390424,34.52781935197245,1.0,-3.2486373680661558,-3.3038131253191523,964.4596587608376
221.42669790721163,34.535052954098425,1.0,-3.248484556239248,-3.3088475154337686,985.7932479666158
221.4326134473003,34.54228217873484,1.0,-3.2483367617706307,-3.3138779155503073,1007.3871433354805
221.43854088074062,34.54950707842098,1.0,-3.2481940132328475,-3.3189043080866156,1029.2427706510166
221.444480064065,34.55672770571965,1.0,-3.2480563391581825,-3.323926675453336,1051.3615556968057
221.4504308537682,34.563944113217495,1.0,-3.2479237680387882,-3.3289450000539773,1073.74492425643
221.4563931063074,34.57115635352514,1.0000000000000002,-3.247796328326814,-3.3339592642849993,1096.394302113475
221.46236667810211,34.57836447927728,1.0000000000000002,-3.247674048433538,-3.338969450535842,1119.3111150515213
221.46835142553465,34.58556854313289,1.0,-3.24755695673079,-3.3439755411886836,1142.4967888541541
221.47434720495,34.592768597775304,1.0,-3.247445081549756,-3.348977518618881,1165.9527493049557
221.4803538726559,34.59996469591245,1.0,-3.2473384511814345,-3.3539753651946995,1189.680422187507
221.48637128492325,34.6071568902769,1.0,-3.24723709387672,-3.3589690632774847,1213.6812332853951
221.49239929798588,34.614345233626054,0.9999999999999998,-3.2471410378462338,-3.3639585952215185,1237.956608382199
221.4984377680408,34.62152977874231,1.0000000000000002,-3.2470503112605087,-3.36894394337412,1262.5079732615045
221.50448655124828,34.628710578433136,1.0,-3.246964942249434,-3.373925090075872,1287.3367537068941
221.51054550373212,34.63588768553128,1.0000000000000002,-3.246884958903351,-3.37890201766038,1312.44437550195
221.51661448157944,34.64306115289484,1.0,-3.2468103892718716,-3.3838747084543,1337.8322644302557
221.52269334084107,34.65023103340744,1.0,-3.246741261364477,-3.3888431447777805,1363.5018462753935
221.52878193753148,34.65739737997835,1.0,-3.2466776031506868,-3.3938073089437637,1389.454546820948
221.53488012762892,34.6645602455426,1.0,-3.246619442559677,-3.398767183258684,1415.6917918505003
221.54098776707565,34.67171968306116,1.0,-3.2465668074803773,-3.4037227500223537,1442.2150071476362
221.54710471177773,34.678875745521,1.0,-3.246519725761644,-3.408673991527678,1469.0256184959374
221.55323081760545,34.68602848593526,0.9999999999999998,-3.2464782252120585,-3.4136208900610256,1496.125051678984
221.55936594039323,34.69317795734336,1.0,-3.2464423336001005,-3.4185634279021144,1523.5147324803643
221.5655099359397,34.70032421281112,1.0,-3.246412078653975,-3.4235015873240684,1551.196086683657
221.57166266000792,34.7074673054309,1.0,-3.2463874880618846,-3.4284353505935883,1579.1705400724475
221.5778239683253,34.71460728832173,0.9999999999999998,-3.246368589471757,-3.4333646999708947,1607.4395184303187
221.58399371658396,34.72174421462934,1.0,-3.2463554104915318,-3.4382896177094153,1636.004447540852
221.5901717604404,34.728878137526394,1.0000000000000002,-3.2463479786888456,-3.443210086056581,1664.8667531876326
221.59635795551597,34.736009110212535,0.9999999999999999,-3.246346321591318,-3.4481260872533994,1694.0278611542412
221.6025521573967,34.7431371859145,0.9999999999999999,-3.246350466686323,-3.4530376035341988,1723.489197224264
221.60875422163355,34.75026241788627,0.9999999999999999,-3.246360441421359,-3.457944617127481,1753.2521871812812
221.61496400374244,34.75738485940914,0.9999999999999998,-3.246376273203822,-3.462847110255211,1783.3182568088757
221.62118135920414,34.764504563791846,0.9999999999999998,-3.246397989400748,-3.467745065133272,1813.688831890633
221.6274061434647,34.77162158437068,1.0,-3.246425617339355,-3.4726384639714354,1844.3653382101336
221.63363821193516,34.77873597450956,0.9999999999999999,-3.246459184306758,-3.477527288973448,1875.349201550964
221.6398774199919,34.78584778760018,0.9999999999999998,-3.246498717550196,-3.482411522336946,1906.641847696704
221.64612362297655,34.79295707706208,0.9999999999999999,-3.246544244276521,-3.48729114625354,1938.244702430936
221.6523766761961,34.80006389634274,1.0,-3.246595791652908,-3.4921661429090136,1970.1591915372467
221.65863643492304,34.807168298917695,1.0,-3.2466533868065994,-3.4970364944829555,2002.3867407992145
221.6649027543952,34.814270338290676,0.9999999999999998,-3.2467170568243944,-3.501902183149838,2034.9287760004277
221.67117548981616,34.821370067993584,0.9999999999999999,-3.2467868287538693,-3.5067631910776242,2067.7867229244666
221.67745449635498,34.828467541586704,0.9999999999999999,-3.2468627296019292,-3.5116195004290205,2100.962007354912
221.6837396291464,34.83556281265875,0.9999999999999999,-3.2469447863358596,-3.516471093360991,2134.4560550753517
221.69003074329103,34.842655934826915,0.9999999999999998,-3.2470330258834394,-3.5213179520247593,2168.270291869364
221.69632769385512,34.849746961737075,1.0,-3.2471274751318617,-3.5261600585662904,2202.4061435205363
221.70263033587088,34.85683594706372,0.9999999999999998,-3.2472281609290974,-3.5309973951258087,2236.865035812449
221.7089385243363,34.86392294451017,0.9999999999999997,-3.2473351100828154,-3.535829943838422,2271.6483945286845
221.7152521142154,34.87100800780858,0.9999999999999999,-3.247448349361065,-3.540657686833498,2306.7576454528285
221.7215709604382,34.87809119072007,0.9999999999999998,-3.247567905492332,-3.545480606235685,2342.194214368461
221.72789491790078,34.88517254703478,0.9999999999999997,-3.247693805164829,-3.5502986841640336,2377.9595270591685
221.7342238414652,34.89225213057194,0.9999999999999997,-3.247826075027149,-3.555111902732534,2414.0550093085317
221.74055758595978,34.899329995179976,0.9999999999999998,-3.2479647416889748,-3.5599202440500903,2450.482086900133
221.74689600617893,34.90640619473655,0.9999999999999997,-3.2481098317188355,-3.5647236902206885,2487.242185617559
221.75323895688337,34.91348078314867,0.9999999999999997,-3.2482613716467483,-3.5695222233432276,2524.336731244387
221.75958629279995,34.920553814352736,0.9999999999999998,-3.248419387962457,-3.574315825512116,2561.767149564205
221.76593786862188,34.92762534231462,0.9999999999999997,-3.248583907116455,-3.5791044788165607,2599.5348663605923
221.77229353900876,34.93469542102974,0.9999999999999999,-3.248754955519786,-3.583888165341307,2637.641307417137
221.77865315858642,34.94176410452307,0.9999999999999997,-3.248932559543107,-3.5886668671660686,2676.087898517419
221.78501658194713,34.94883144684934,0.9999999999999997,-3.2491167455184495,-3.5934405663670077,2714.8760654450193
221.79138366364964,34.95589750209292,0.9999999999999997,-3.2493075397378846,-3.598209245014232,2754.007233983524
221.79775425821904,34.96296232436804,0.9999999999999998,-3.2495049684537776,-3.6029728851749496,2793.482829916515
221.80412822014696,34.97002596781877,0.9999999999999997,-3.2497090578793575,-3.6077314689114246,2833.3042790275763
221.81050540389148,34.97708848661906,0.9999999999999998,-3.2499198341886313,-3.6124849782814294,2873.4730071002914
221.81688566387726,34.98414993497284,0.9999999999999998,-3.2501373235155313,-3.6172333953385873,2913.990439918239
221.8232688544955,34.99121036711409,0.9999999999999998,-3.2503615519556774,-3.6219767021331677,2954.8580032650084
221.82965483010383,34.99826983730686,0.9999999999999997,-3.2505925455641886,-3.6267148807108356,2996.077122924177
221.83604344502658,35.005328399845276,0.9999999999999998,-3.250830330357303,-3.6314479131132202,3037.6492246793323
221.84243455355457,35.0123861090537,0.9999999999999997,-3.2510749323121786,-3.6361757813783697,3079.5757343140554
221.84882800994535,35.019443019286676,0.9999999999999999,-3.2513263773668655,-3.640898467540751,3121.858077611927
221.85522366842295,35.026499184929044,0.9999999999999997,-3.251584691419737,-3.6456159536310793,3164.4976803565346
221.86162138317812,35.033554660395964,0.9999999999999998,-3.2518499003304555,-3.650328221676318,3207.495968331459
221.86802100836815,35.040609500132916,0.9999999999999996,-3.2521220299191214,-3.655035253699964,3250.854367320283
221.87442239811696,35.04766375861579,0.9999999999999997,-3.252401105967067,-3.6597370317223294,3294.5743031065904
221.88082540651519,35.054717490350946,0.9999999999999997,-3.252687154216119,-3.6644335377604875,3338.657201473963
221.88722988762004,35.061770749875166,0.9999999999999998,-3.2529802003696773,-3.6691247538279868,3383.104488205986
221.89363569545537,35.068823591755766,0.9999999999999997,-3.253280270091693,-3.6738106619355335,3427.9175890862384
221.90004268401168,35.075876070590624,0.9999999999999997,-3.253587389007521,-3.678491244090935,3473.0979298983084
221.90645070724605,35.082928241008155,0.9999999999999997,-3.2539015827030653,-3.6831664822987022,3518.646936425778
221.91285961908224,35.08998015766739,0.9999999999999994,-3.254222876725919,-3.6878363585607303,3564.5660344522244
221.9192692734106,35.09703187525802,0.9999999999999996,-3.254551296584623,-3.6925008548765845,3610.856649761239
221.92567952408808,35.10408344850037,0.9999999999999997,-3.2548868677487803,-3.6971599532427604,3657.5202081363987
221.9320902249382,35.11113493214544,0.9999999999999996,-3.2552296156491707,-3.7018136356527975,3704.55813536129
221.93850122975107,35.11818638097496,0.9999999999999997,-3.2555795656780333,-3.7064618840992125,3751.971857219493
221.9449123922834,35.1252378498014,0.9999999999999997,-3.255936743189352,-3.71110468057077,3799.7627994945938
221.95132356625837,35.132289393467964,0.9999999999999996,-3.256301173497718,-3.7157420070551552,3847.932387970176
221.95773460536572,35.1393410668486,0.9999999999999997,-3.2566728818794104,-3.720373845536983,3896.482048429817
221.96414536326168,35.14639292484809,0.9999999999999996,-3.257051893572111,-3.7250001779995614,3945.413206657106
221.97055569356897,35.15344502240197,0.9999999999999996,-3.257438233775531,-3.729620986424095,3994.7272884356225
221.97696544987673,35.16049741447664,0.9999999999999997,-3.2578319276499315,-3.734236252790481,4044.425719548951
221.98337448574057,35.16755015606925,0.9999999999999996,-3.258233000318228,-3.7388459590758885,4094.5099257806755
221.98978265468241,35.174603302207835,0.9999999999999997,-3.258641476863886,-3.7434500872568037,4144.981332914375
221.9961898101906,35.181656907951265,0.9999999999999998,-3.259057382333026,-3.7480486193080083,4195.841366733638
222.00259580571978,35.18871102838924,0.9999999999999997,-3.259480741732432,-3.7526415372030897,4247.0914530220425
222.0090004946909,35.19576571864231,0.9999999999999997,-3.2599115800320533,-3.7572288229145556,4298.733017563175
222.01540373049116,35.202821033861866,0.9999999999999997,-3.2603499221624475,-3.761810458412981,4350.767486140619
222.0218053664739,35.20987702923017,0.9999999999999997,-3.2607957930163707,-3.7663864256691113,4403.19628453795
222.0282052559587,35.216933759960334,0.9999999999999997,-3.2612492174487215,-3.770956706652271,4456.020838538764
222.03460325223128,35.22399128129626,0.9999999999999998,-3.261710220276086,-3.775521283330704,4509.242573926633
222.04099920854338,35.23104964851279,0.9999999999999997,-3.2621788262774203,-3.780080137672826,4562.862916485145
222.0473929781128,35.2381089169155,0.9999999999999994,-3.26265506019314,-3.7846332516459142,4616.883291997883
222.05378441412327,35.24516914184085,0.9999999999999997,-3.2631389467263148,-3.789180607217304,4671.305126248428
222.06017336972454,35.252230378656094,0.9999999999999997,-3.2636305105426118,-3.7937221863537616,4726.129845020365
222.0665596980321,35.25929268275928,0.9999999999999996,-3.2641297762677937,-3.798257971021883,4781.358874097274
222.0729432521274,35.26635610957926,0.9999999999999997,-3.264636768492778,-3.802787943188548,4836.993639262742
222.0793238850575,35.27342071457566,0.9999999999999996,-3.2651515117688064,-3.8073120848209214,4893.03556630035
222.08570144983526,35.280486553238816,0.9999999999999999,-3.2656740306102847,-3.8118303778857694,4949.486080993684
222.0920757994391,35.28755368108986,0.9999999999999997,-3.2662043494931936,-3.816342804350768,5006.346609126322
222.09844678681307,35.29462215368058,0.9999999999999997,-3.266742492857418,-3.8208493461837065,5063.618576481846
222.10481426486666,35.301692026593486,0.9999999999999997,-3.267288485104359,-3.8253499853533413,5121.303408843847
222.11117808647484,35.30876335544175,0.9999999999999996,-3.2678423505986984,-3.829844703829508,5179.402531995903
222.11753810447786,35.31583619586916,0.9999999999999998,-3.268404113666179,-3.8343334835820997,5237.917371721596
222.12389417168134,35.32291060355012,0.9999999999999998,-3.268973798597699,-3.8388163065826575,5296.8493538045095
222.13024614085603,35.329986634189616,0.9999999999999996,-3.269551429644764,-3.8432931548039733,5356.199904028229
222.13659386473788,35.33706434352319,0.9999999999999998,-3.2701370310224434,-3.847764010219862,5415.970448176337
222.14293719602782,35.34414378731687,0.9999999999999998,-3.2707306269096534,-3.8522288548056167,5476.162412032415
222.1492759873918,35.351225021367135,0.9999999999999997,-3.2713322414463732,-3.856687670538008,5536.7772213800445
222.15561009146063,35.358308101500974,0.9999999999999996,-3.2719418987373388,-3.8611404393958537,5597.816302002817
222.1619393608299,35.365393083575725,0.9999999999999996,-3.2725596228493146,-3.865587143359903,5659.281079684301
222.16826364805993,35.372480023479056,0.9999999999999997,-3.273185437812458,-3.870027764412498,5721.172980208094
222.17458280567564,35.379568977129004,0.9999999999999999,-3.2738193676196374,-3.874462284538481,5783.493429357767
222.18089668616648,35.3866600004738,0.9999999999999997,-3.274461436228421,-3.878890685724855,5846.243852916915
222.1872051419863,35.393753149491985,0.9999999999999997,-3.2751116675582352,-3.8833129499613506,5909.425676669114
222.19350802555329,35.40084848019217,0.9999999999999997,-3.275770085491388,-3.8877290592398595,5973.040326397944
222.1998051892499,35.40794604861314,0.9999999999999994,-3.276436713876137,-3.892138995555115,6037.089227886995
222.20609648542268,35.41504591082375,0.9999999999999994,-3.27711157652152,-3.89654274090492,6101.573806919844
222.21238176638215,35.42214812292283,0.9999999999999996,-3.2777946972016707,-3.9009402772902604,6166.495489280082
222.2186608844028,35.42925274103919,0.9999999999999993,-3.278486099653037,-3.905331586715306,6231.855700751285
222.22493369172298,35.43635982133153,0.9999999999999996,-3.2791858075785285,-3.9097166511872956,6297.655867117038
222.23120004054462,35.443469419988354,0.9999999999999997,-3.279893844641151,-3.9140954527166514,6363.897414160923
222.23745978303327,35.45058159322797,0.9999999999999996,-3.280610234470032,-3.918467973318002,6430.581767666524
222.24371277131797,35.45769639729841,0.9999999999999996,-3.281335000658032,-3.922834195010296,6497.7103534174275
222.2499588574911,35.46481388847732,0.9999999999999996,-3.282068166760837,-3.9271940998152104,6565.284597197214
222.2561978936082,35.47193412307189,0.9999999999999996,-3.2828097562993435,-3.9315476697593112,6633.305924789461
222.26242973168803,35.47905715741889,0.9999999999999997,-3.283559792758183,-3.935894886873939,6701.7757619777585
222.26865422371222,35.48618304788446,0.9999999999999996,-3.284318299585607,-3.9402357331936173,6770.695534545685
222.27487122162532,35.49331185086412,0.9999999999999994,-3.2850853001949645,-3.944570190758327,6840.0666682768315
222.28108057733456,35.50044362278267,0.9999999999999996,-3.2858608179632256,-3.9488982416128238,6909.890588954773
222.28728214270973,35.50757842009412,0.9999999999999996,-3.2866448762315486,-3.9532198678064105,6980.1687223630925
222.2934757695832,35.5147162992816,0.9999999999999997,-3.287437498306872,-3.957535051394416,7050.90249428538
222.29966130974955,35.521857316857286,0.9999999999999997,-3.288238707459527,-3.961843774435806,7122.0933305052085
222.30583861496552,35.52900152936234,0.9999999999999997,-3.289048526923807,-3.96614601899671,7193.742656806172
