galstreams/tracks/track.st.Ophiuchus.caldwell2020.ecsv
# %ECSV 0.9
# ---
# datatype:
# - {name: ra, unit: deg, datatype: float64}
# - {name: dec, unit: deg, datatype: float64}
# - {name: distance, unit: kpc, datatype: float64}
# - {name: pm_ra_cosdec, unit: mas / yr, datatype: float64}
# - {name: pm_dec, unit: mas / yr, datatype: float64}
# - {name: radial_velocity, unit: km / s, datatype: float64}
# delimiter: ','
# meta: !!omap
# - __serialized_columns__:
#     dec:
#       __class__: astropy.coordinates.angles.Latitude
#       unit: &id001 !astropy.units.Unit {unit: deg}
#       value: !astropy.table.SerializedColumn {name: dec}
#     distance:
#       __class__: astropy.coordinates.distances.Distance
#       unit: !astropy.units.Unit {unit: kpc}
#       value: !astropy.table.SerializedColumn {name: distance}
#     pm_dec:
#       __class__: astropy.units.quantity.Quantity
#       unit: !astropy.units.Unit {unit: mas / yr}
#       value: !astropy.table.SerializedColumn {name: pm_dec}
#     pm_ra_cosdec:
#       __class__: astropy.units.quantity.Quantity
#       unit: !astropy.units.Unit {unit: mas / yr}
#       value: !astropy.table.SerializedColumn {name: pm_ra_cosdec}
#     ra:
#       __class__: astropy.coordinates.angles.Longitude
#       unit: *id001
#       value: !astropy.table.SerializedColumn {name: ra}
#       wrap_angle: !astropy.coordinates.Angle
#         unit: *id001
#         value: 360.0
#     radial_velocity:
#       __class__: astropy.units.quantity.Quantity
#       unit: !astropy.units.Unit {unit: km / s}
#       value: !astropy.table.SerializedColumn {name: radial_velocity}
# schema: astropy-2.0
ra,dec,distance,pm_ra_cosdec,pm_dec,radial_velocity
[from data line 139]
242.41894920762618,-6.818951931916718,8.333333333333336,-5.663084978407308,-4.516813386708415,1.5999457546757442e-13
242.42910999229107,-6.818721509442807,8.333333333333336,-5.671875337295862,-4.514719669378257,-1.6841534259744676e-14
242.43926897595009,-6.818503629189751,8.333333333333334,-5.680682400567914,-4.51261953588353,1.8104649329225526e-13
242.44942619137368,-6.818298063583884,8.333333333333337,-5.689506504258428,-4.510513942280441,1.7262572616238293e-13
242.4595816707451,-6.818104589090511,8.333333333333336,-5.698347971687504,-4.5084038284461885,2.73674931720851e-13
242.46973544566526,-6.817922986188354,8.333333333333337,-5.707207113553335,-4.506290118169769,7.157652060391487e-14
242.47988754715593,-6.81775303934393,8.333333333333334,-5.71608422802523,-4.504173719242789,-2.1051917824680846e-14
242.49003800566436,-6.817594536985969,8.333333333333334,-5.724979600836557,-4.5020555235502755,2.610437810260425e-13
242.5001868510672,-6.817447271479794,8.333333333333336,-5.7338935053777424,-4.499936407161535,1.2631150694808506e-14
242.51033411267414,-6.817311039101746,8.333333333333336,-5.742826202789207,-4.497817230420971,1.2631150694808508e-13
242.52047981923258,-6.8171856400136015,8.333333333333336,-5.751777942054305,-4.495698838038963,-4.631421921429786e-14
242.53062399893076,-6.817070878236917,8.333333333333336,-5.7607489600922595,-4.49358205918272,1.2631150694808506e-14
242.5407666794027,-6.8169665616274955,8.333333333333336,-5.7697394818510865,-4.491467707567172,5.0524602779234026e-14
242.55090788773165,-6.816872501849755,8.333333333333336,-5.778749720400488,-4.489356581545851,1.2631150694808508e-13
242.56104765045413,-6.816788514351116,8.333333333333336,-5.7877798770247555,-4.487249464201799,-8.420767129872338e-15
242.57118599356397,-6.816714418336441,8.333333333333334,-5.796830141315659,-4.485147123438483,1.2631150694808508e-13
242.58132294251652,-6.81665003674241,8.333333333333334,-5.805900691265305,-4.483050312070711,1.4736342477276593e-13
242.59145852223224,-6.816595196211901,8.333333333333332,-5.814991693359008,-4.480959767915584,9.683882199353189e-14
242.60159275710103,-6.816549727068432,8.333333333333332,-5.824103302668132,-4.478876213883423,2.442022467662978e-13
242.6117256709861,-6.81651346329053,8.333333333333334,-5.833235662942942,-4.476800358068746,8.841805486365955e-14
242.62185728722787,-6.816486242486142,8.333333333333334,-5.842388906705412,-4.474732893841234,-3.368306851948935e-14
242.63198762864783,-6.816467905867007,8.333333333333334,-5.851563155342057,-4.472674499936696,-8.420767129872338e-15
242.64211671755297,-6.816458298223092,8.333333333333334,-5.860758519196727,-4.4706258405480845,3.789345208442552e-14
242.65224457573936,-6.816457267896971,8.333333333333334,-5.8699750976634055,-4.468587565416485,1.0525958912340423e-13
242.66237122449613,-6.816464666758194,8.333333333333334,-5.879212979278986,-4.466560309922128,1.3894265764289357e-13
242.67249668460957,-6.816480350177729,8.333333333333334,-5.8884722418160464,-4.464544695175429,1.0525958912340423e-13
242.68262097636713,-6.81650417700234,8.333333333333332,-5.897752952375616,-4.462541328108011,6.73661370389787e-14
242.69274411956104,-6.816536009528948,8.333333333333336,-5.9070551674799034,-4.460550801563753,2.1051917824680846e-14
242.70286613349268,-6.816575713479081,8.333333333333332,-5.916378933165066,-4.458573694389863,9.683882199353189e-14
242.7129870369763,-6.816623157973239,8.333333333333334,-5.925724285073896,-4.45661057152793,2.3578147963642546e-13
242.72310684834306,-6.816678215505267,8.333333333333332,-5.93509124854858,-4.454661984105021,6.73661370389787e-14
242.73322558544476,-6.816740761916791,8.333333333333334,-5.94447983872337,-4.452728469524757,6.73661370389787e-14
242.74334326565813,-6.816810676371586,8.333333333333334,-5.953890060617298,-4.450810551558433,2.947268495455318e-14
242.7534599058884,-6.816887841329968,8.333333333333332,-5.9633219092268455,-4.44890874043612,1.347322740779574e-13
242.76357552257355,-6.816972142523179,8.333333333333332,-5.972775369618624,-4.447023532937794,-4.210383564936169e-14
242.77369013168789,-6.817063468927799,8.333333333333332,-5.982250417022037,-4.445155412484475,1.7262572616238293e-13
242.7838037487465,-6.817161712740129,8.333333333333334,-5.991747016921924,-4.443304849229372,9.262843842859572e-14
242.79391638880844,-6.817266769350552,8.333333333333334,-6.00126512515121,-4.4414723001490435,2.063087946818723e-13
242.80402806648144,-6.81737853731798,8.333333333333336,-6.010804687983526,-4.439658209134566,-4.210383564936169e-15
242.81413879592515,-6.817496918344193,8.333333333333332,-6.020365642225839,-4.437863007082716,2.1893994537668078e-13
242.82424859085546,-6.817621817248238,8.333333333333332,-6.029947915311038,-4.436087111987156,1.642049590325106e-13
242.83435746454836,-6.817753141940835,8.333333333333334,-6.039551425390554,-4.434330929029646,-7.157652060391487e-14
242.8444654298436,-6.817890803398766,8.333333333333334,-6.049176081426944,-4.432594850671253,9.262843842859572e-14
242.85457249914884,-6.818034715639219,8.333333333333332,-6.058821783286451,-4.43087925674358,9.262843842859572e-14
242.86467868444353,-6.818184795694233,8.333333333333332,-6.068488421831578,-4.429184514539992,8.420767129872338e-15
242.87478399728263,-6.81834096358505,8.333333333333334,-6.07817587901365,-4.4275109789068745,2.98937233110468e-13
242.88488844880084,-6.818503142296515,8.333333333333332,-6.087884027965348,-4.425858992334893,2.694645481559148e-13
242.894992049716,-6.818671257751431,8.333333333333332,-6.097612733093245,-4.424228885050245,1.8104649329225526e-13
242.90509481033337,-6.818845238785,8.333333333333334,-6.107361850170326,-4.4226209751059615,2.5262301389617013e-14
242.91519674054936,-6.819025017119164,8.333333333333334,-6.117131226428513,-4.42103556847319,2.73674931720851e-13
242.92529784985553,-6.819210527336991,8.333333333333334,-6.126920700651143,-4.419472959132494,2.947268495455318e-14
242.93539814734214,-6.819401706857082,8.333333333333334,-6.1367301032654815,-4.417933429165171,2.5262301389617013e-14
242.9454976417026,-6.819598495907947,8.333333333333334,-6.146559256435188,-4.416417248844577,4.210383564936169e-15
242.95559634123657,-6.819800837502359,8.333333333333334,-6.156407974152794,-4.414924676727461,1.768361097273191e-13
242.9656942538547,-6.820008677411778,8.333333333333334,-6.166276062332155,-4.413455959745318,-3.368306851948935e-14
242.97579138708173,-6.820221964140724,8.333333333333332,-6.176163318900912,-4.412011333295739,7.999728773378721e-14
242.98588774806072,-6.820440648901117,8.333333333333334,-6.186069533892901,-4.410591021333786,1.5578419190263825e-13
242.99598334355696,-6.820664685586719,8.333333333333336,-6.1959944895406185,-4.409195236463377,-1.2631150694808506e-14
243.0060781799616,-6.82089403074748,8.333333333333334,-6.205937960367615,-4.407824180028665,1.0946997268834039e-13
243.01617226329574,-6.821128643563925,8.333333333333334,-6.215899713280894,-4.406478042205457,8.841805486365955e-14
243.026265599214,-6.821368485821515,8.333333333333332,-6.225879507663333,-4.405157002092614,8.841805486365955e-14
243.03635819300862,-6.821613521885069,8.333333333333334,-6.2358770954660425,-4.403861227803485,1.4315304120782974e-13
243.04645004961324,-6.821863718673112,8.333333333333334,-6.245892221300757,-4.402590876557351,1.0946997268834039e-13
243.05654117360658,-6.822119045632245,8.333333333333334,-6.255924622532192,-4.4013460947708545,-2.947268495455318e-14
243.06663156921633,-6.822379474711557,8.333333333333332,-6.2659740293704065,-4.400127018149472,2.1472956181174462e-13
243.0767212403234,-6.822644980336979,8.333333333333334,-6.276040164963119,-4.398933771778984,1.768361097273191e-13
243.086810190465,-6.822915539385652,8.333333333333332,-6.286122745488078,-4.397766470216954,7.157652060391487e-14
243.09689842283902,-6.823191131160328,8.333333333333334,-6.296221480245349,-4.396625217584223,1.7262572616238293e-13
243.1069859403078,-6.823471737363748,8.333333333333334,-6.3063360717496515,-4.395510107656414,1.1789073981821273e-13
243.11707274540157,-6.823757342072971,8.333333333333334,-6.316466215822642,-4.3944212239554465,7.578690416885104e-14
243.1271588403228,-6.824047931713817,8.333333333333334,-6.326611601685205,-4.393358639841071,7.578690416885104e-14
243.13724422694955,-6.824343495035189,8.333333333333332,-6.336771912049739,-4.39232241860239,3.031476166754042e-13
243.14732890683976,-6.824644023083487,8.333333333333332,-6.346946823212422,-4.391312613549435,2.9051646598059566e-13
243.15741288123445,-6.824949509176924,8.333333333333336,-6.357136005145462,-4.390329268104702,1.768361097273191e-13
243.16749615106195,-6.8252599488799754,8.333333333333334,-6.367339121589366,-4.389372415894739,1.9788802755199994e-13
243.17757871694178,-6.825575339977704,8.333333333333334,-6.377555830145142,-4.3884420808417275,1.9788802755199994e-13
243.18766057918802,-6.825895682450129,8.333333333333334,-6.387785782366558,-4.387538277255072,1.642049590325106e-13
243.19774173781346,-6.8262209784466235,8.333333333333334,-6.398028623852327,-4.386661009923016,1.642049590325106e-13
243.20782219253334,-6.826551232260284,8.333333333333332,-6.408283994338339,-4.3858102742042595,2.442022467662978e-13
243.21790194276898,-6.826886450302261,8.333333333333336,-6.418551527789829,-4.384986056119577,1.894672604221276e-13
243.22798098765173,-6.827226641076196,8.333333333333334,-6.428830852493587,-4.384188332443479,6.315575347404254e-14
243.23805932602662,-6.827571815152549,8.333333333333332,-6.439121591150103,-4.3834170707958435,2.3999186320136165e-13
243.24813695645625,-6.827921985142954,8.333333333333334,-6.449423360965743,-4.382672229733595,2.1472956181174462e-13
243.25821387722453,-6.828277165674639,8.333333333333334,-6.4597357737448995,-4.381953758842382,1.8525687685719145e-13
243.2682900863404,-6.828637373364756,8.333333333333334,-6.470058435982127,-4.381261598828246,2.568333974611063e-13
243.27836558154178,-6.829002626794773,8.333333333333334,-6.48039094895427,-4.380595681609347,7.578690416885104e-14
243.28844036029886,-6.829372946484807,8.333333333333337,-6.490732908812581,-4.379955930407648,2.315710960714893e-13
243.29851441981856,-6.829748354868034,8.333333333333336,-6.501083906674845,-4.379342259840661,1.9788802755199994e-13
243.30858775704786,-6.83012887626504,8.333333333333336,-6.511443528717438,-4.378754576013165,2.5262301389617013e-14
243.3186603686773,-6.830514536858168,8.333333333333336,-6.521811356267456,-4.378192776608949,1.9367764398706378e-13
243.3287322511455,-6.83090536466592,8.333333333333334,-6.532186965894759,-4.3776567509825846,3.368306851948935e-14
243.3388034006422,-6.831301389517305,8.333333333333336,-6.542569929504043,-4.377146380251181,1.5578419190263825e-13
243.34887381311233,-6.831702643026183,8.333333333333336,-6.552959814426904,-4.376661537386175,8.420767129872338e-14
243.3589434842597,-6.832109158565681,8.333333333333336,-6.563356183513868,-4.3762020873051135,1.642049590325106e-13
243.36901240955086,-6.832520971242516,8.333333333333336,-6.573758595226421,-4.375767886963464,-4.210383564936169e-14
243.37908058421834,-6.832938117871364,8.333333333333336,-6.584166603729042,-4.375358785446425,1.4315304120782974e-13
243.3891480032652,-6.833360636949238,8.333333333333336,-6.594579758981196,-4.374974624060759,7.999728773378721e-14
243.39921466146808,-6.833788568629862,8.333333333333334,-6.604997606829344,-4.37461523642663,6.315575347404254e-14
243.40928055338122,-6.834221954697998,8.333333333333336,-6.61541968909893,-4.374280448569442,6.73661370389787e-14
243.41934567334008,-6.8346608385438214,8.333333333333336,-6.625845543686351,-4.3739700790117215,1.3894265764289357e-13
243.42941001546515,-6.835105265137309,8.333333333333336,-6.636274704650925,-4.37368393886498,9.683882199353189e-14
243.43947357366577,-6.835555281002579,8.333333333333334,-6.646706702306848,-4.373421831921597,-4.210383564936169e-15
243.4495363416433,-6.836010934192234,8.333333333333336,-6.657141063315134,-4.3731835547467215,9.683882199353189e-14
243.45959831289565,-6.836472274261762,8.333333333333336,-6.667577310775553,-4.372968896770186,1.642049590325106e-13
243.4696594807205,-6.8369393522438795,8.333333333333336,-6.678014964318537,-4.372777640378424,-2.5262301389617013e-14
243.4797198382188,-6.837412220622868,8.333333333333336,-6.688453540197113,-4.372609561006391,-1.6841534259744676e-14
243.48977937829898,-6.837890933308969,8.333333333333334,-6.698892551378787,-4.372464427229535,2.7788531528578715e-13
243.49983809368055,-6.838375545612724,8.333333333333336,-6.709331507637427,-4.3723420008557285,-1.6841534259744676e-14
243.50989597689733,-6.83886611421935,8.333333333333336,-6.719769915645158,-4.372242037017253,2.315710960714893e-13
243.51995302030173,-6.839362697163056,8.333333333333336,-6.730207279064211,-4.372164284262772,1.4736342477276593e-13
243.53000921606804,-6.839865353801449,8.333333333333334,-6.740643098638786,-4.372108484649326,5.4734986344170195e-14
243.54006455619634,-6.840374144789876,8.333333333333334,-6.751076872286891,-4.372074373834332,2.48412630331234e-13
243.5501190325161,-6.84088913205576,8.333333333333332,-6.761508095192178,-4.372061681167612,3.789345208442552e-14
243.56017263668983,-6.841410378772978,8.333333333333336,-6.771936259895757,-4.372070129783396,-2.947268495455318e-14
243.57022536021682,-6.841937949336226,8.333333333333336,-6.782360856388017,-4.372099436692402,9.262843842859572e-14
243.5802771944367,-6.842471909335334,8.333333333333336,-6.792781372200416,-4.3721493128738445,2.2736071250655313e-13
243.59032813053335,-6.8430123255296635,8.333333333333336,-6.803197292497267,-4.3722194633675295,6.315575347404254e-14
243.60037815953834,-6.843559265822449,8.333333333333334,-6.8136081001675155,-4.372309587365912,1.347322740779574e-13
243.6104272723345,-6.84411279923513,8.333333333333336,-6.824013275916506,-4.372419378306196,2.2736071250655313e-13
243.62047545966004,-6.844672995881735,8.333333333333336,-6.834412298357741,-4.372548523962428,9.683882199353189e-14
243.63052271211168,-6.845239926943225,8.333333333333334,-6.844804644104604,-4.372696706537612,1.7262572616238293e-13
243.6405690201487,-6.845813664641844,8.333333333333334,-6.855189787862111,-4.372863602755827,1.347322740779574e-13
243.65061437409616,-6.846394282215458,8.333333333333336,-6.86556720251861,-4.37304888395437,1.3894265764289357e-13
243.66065876414913,-6.846981853891928,8.333333333333336,-6.875936359237519,-4.373252216175899,1.4315304120782974e-13
243.67070218037586,-6.847576454863469,8.333333333333336,-6.8862967275489835,-4.3734732602606,2.8209569885072334e-13
243.68074461272155,-6.848178161260952,8.333333333333334,-6.89664777544159,-4.373711671938349,1.3052189051302125e-13
243.690786051012,-6.848787050128316,8.333333333333336,-6.906988969454022,-4.3739671019209,3.073580002403403e-13
243.70082648495745,-6.849403199396885,8.333333333333336,-6.917319774766744,-4.374239195994085,1.8104649329225526e-13
243.71086590415575,-6.850026687859706,8.333333333333334,-6.927639655293626,-4.374527595110019,9.262843842859572e-14
243.7209042980964,-6.850657595145932,8.333333333333336,-6.9379480737736,-4.374831935479314,1.768361097273191e-13
243.73094165616408,-6.8512960016951565,8.333333333333334,-6.948244491862287,-4.375151848663326,3.24199534500085e-13
243.74097796764215,-6.851941988731737,8.333333333333336,-6.958528370223595,-4.375486961666383,5.894536990910637e-14
243.75101322171628,-6.8525956382391815,8.333333333333334,-6.968799168621355,-4.375836897028051,2.1051917824680846e-14
243.7610474074782,-6.85325703293448,8.333333333333334,-6.979056346010888,-4.376201272915399,8.420767129872338e-14
243.77108051392935,-6.853926256242455,8.333333333333334,-6.989299360630596,-4.376579703215287,1.5999457546757442e-13
243.78111252998409,-6.854603392270076,8.333333333333336,-6.99952767009353,-4.37697179762664,1.3052189051302125e-13
