galstreams/tracks/track.st.Gaia-7.ibata2021.ecsv
# %ECSV 0.9
# ---
# datatype:
# - {name: ra, unit: deg, datatype: float64}
# - {name: dec, unit: deg, datatype: float64}
# - {name: distance, unit: kpc, datatype: float64}
# - {name: pm_ra_cosdec, unit: mas / yr, datatype: float64}
# - {name: pm_dec, unit: mas / yr, datatype: float64}
# - {name: radial_velocity, unit: km / s, datatype: float64}
# delimiter: ','
# meta: !!omap
# - __serialized_columns__:
#     dec:
#       __class__: astropy.coordinates.angles.Latitude
#       unit: &id001 !astropy.units.Unit {unit: deg}
#       value: !astropy.table.SerializedColumn {name: dec}
#     distance:
#       __class__: astropy.coordinates.distances.Distance
#       unit: !astropy.units.Unit {unit: kpc}
#       value: !astropy.table.SerializedColumn {name: distance}
#     pm_dec:
#       __class__: astropy.units.quantity.Quantity
#       unit: !astropy.units.Unit {unit: mas / yr}
#       value: !astropy.table.SerializedColumn {name: pm_dec}
#     pm_ra_cosdec:
#       __class__: astropy.units.quantity.Quantity
#       unit: !astropy.units.Unit {unit: mas / yr}
#       value: !astropy.table.SerializedColumn {name: pm_ra_cosdec}
#     ra:
#       __class__: astropy.coordinates.angles.Longitude
#       unit: *id001
#       value: !astropy.table.SerializedColumn {name: ra}
#       wrap_angle: !astropy.coordinates.Angle
#         unit: *id001
#         value: 360.0
#     radial_velocity:
#       __class__: astropy.units.quantity.Quantity
#       unit: !astropy.units.Unit {unit: km / s}
#       value: !astropy.table.SerializedColumn {name: radial_velocity}
# schema: astropy-2.0
ra,dec,distance,pm_ra_cosdec,pm_dec,radial_velocity
[from data line 681]
179.1934012115736,-13.823921750427507,4.752241381788752,-9.972491615714915,-0.45099414239832203,6.184000860999999e-14
179.19962492155437,-13.831899154808418,4.752767973703985,-9.973034373374967,-0.44967614909395737,2.4999152416808504e-14
179.20584916662307,-13.839876322386164,4.753294857737662,-9.973578309706891,-0.44835913270546185,2.6841195226468077e-14
179.2120739482362,-13.847853252181814,4.753822032062478,-9.97412342038823,-0.44704310182537516,3.868289900285105e-14
179.2182992678504,-13.855829943216285,4.754349494851125,-9.974669701095594,-0.4457280650460388,5.499813531697871e-14
179.2245251269225,-13.863806394510338,4.754877244276293,-9.975217147504663,-0.4444140309596114,4.9998304833617005e-15
179.23075152690927,-13.871782605084581,4.755405278510672,-9.975765755290192,-0.44310100815806286,5.947166785472339e-14
179.23697846926788,-13.87975857395947,4.755933595726956,-9.976315520125983,-0.441789005233177,-2.6314897280851057e-16
179.24320595545535,-13.887734300155309,4.756462194097837,-9.976866437684903,-0.440478030776543,6.526094525651062e-14
179.249433986929,-13.895709782692231,4.756991071796004,-9.9774185036389,-0.4391680933795623,-1.763098117817021e-14
179.25566256514622,-13.903685020590242,4.75752022699415,-9.97797171365896,-0.43785920163344516,-2.368340755276595e-15
179.2618916915645,-13.911660012869218,4.758049657864967,-9.978526063415128,-0.43655136412921075,1.9999321933446802e-14
179.26812136764144,-13.919634758548742,4.758579362581145,-9.97908154857652,-0.43524458945768446,6.789243498459573e-14
179.27435159483485,-13.9276092566484,4.759109339315376,-9.9796381648113,-0.43393888620950083,5.23666455888936e-14
179.2805823746026,-13.935583506187545,4.759639586240353,-9.980195907786682,-0.4326342629750997,1.5262640422893612e-14
179.28681370840266,-13.94355750618541,4.760170101528764,-9.980754773168941,-0.4313307283447282,5.526128428978722e-15
179.29304559769318,-13.951531255661044,4.760700883353303,-9.981314756623398,-0.4300282909084344,4.210383564936169e-14
179.2992780439324,-13.959504753633341,4.761231929886663,-9.981875853814419,-0.42872695925607396,3.684085619319148e-14
179.30551104857867,-13.967477999121064,4.761763239301533,-9.982438060405428,-0.4274267419773059,-2.6314897280851057e-14
179.3117446130905,-13.975450991142802,4.762294809770602,-9.983001372058897,-0.4261276476615926,4.815626202395743e-14
179.31797873892654,-13.98342372871697,4.762826639466567,-9.98356578443633,-0.4248296848981984,2.368340755276595e-14
179.32421342754552,-13.991396210861856,4.763358726562119,-9.984131293198278,-0.4235328622761896,5.4734986344170195e-14
179.3304486804063,-13.999368436595587,4.7638910692299445,-9.984697894004357,-0.4222371883844318,-1.3683746586042549e-14
179.33668449896786,-14.007340404936114,4.76442366564274,-9.985265582513195,-0.4209426718115899,5.23666455888936e-14
179.3429208846893,-14.015312114901242,4.7649565139731935,-9.985834354382478,-0.419649321146133,5.341924148012764e-14
179.34915783902994,-14.023283565508622,4.765489612394,-9.986404205268919,-0.41835714497632576,2.1578215770297867e-14
179.35539536344905,-14.03125475577574,4.766022959077848,-9.986975130828277,-0.41706615189023644,4.605107024148935e-14
179.3616334594062,-14.039225684719923,4.766556552197429,-9.987547126715343,-0.41577635047571754,7.8944691842553165e-16
179.36787212836094,-14.047196351358354,4.767090389925436,-9.98812018858394,-0.4144877493204359,-1.7894130150978717e-14
179.37411137177304,-14.055166754708031,4.76762447043456,-9.98869431208693,-0.41320035701184105,3.105157879140425e-14
179.38035119110236,-14.06313689378582,4.768158791897493,-9.989269492876195,-0.41191418213718506,2.763064214489361e-14
179.38659158780888,-14.071106767608411,4.768693352486926,-9.989845726602658,-0.4106292332835096,-5.2629794561702115e-15
179.39283256335273,-14.079076375192344,4.76922815037555,-9.990423008916263,-0.409345519037657,-5.526128428978722e-15
179.39907411919413,-14.087045715553984,4.769763183736057,-9.991001335465986,-0.4080630479862562,3.8156601057234034e-14
179.40531625679344,-14.095014787709566,4.77029845074114,-9.991580701899826,-0.40678182871573615,5.420868839855318e-14
179.41155897761118,-14.102983590675137,4.770833949563486,-9.992161103864806,-0.4055018698123107,5.131404969765956e-14
179.41780228310793,-14.11095212346659,4.771369678375793,-9.992742537006968,-0.40422317986199047,4.631421921429786e-14
179.42404617474446,-14.118920385099674,4.771905635350746,-9.993324996971385,-0.4029457674505726,2.0525619879063826e-14
179.43029065398161,-14.12688837458996,4.77244181866104,-9.99390847940214,-0.40166964116364906,-2.5788599335234036e-14
179.43653572228038,-14.134856090952855,4.772978226479367,-9.994492979942333,-0.40039480958659457,-1.473634247727659e-14
179.44278138110187,-14.14282353320363,4.773514856978415,-9.995078494234091,-0.3991212813045745,4.131438873093616e-14
179.44902763190734,-14.150790700357366,4.774051708330879,-9.99566501791855,-0.3978490649025517,1.6315236314127656e-14
179.45527447615814,-14.158757591428998,4.7745887787094485,-9.996252546635858,-0.39657816896526066,6.49977962837021e-14
179.46152191531579,-14.1667242054333,4.775126066286818,-9.996841076025177,-0.3953086020772325,4.9735155860808497e-14
179.4677699508419,-14.174690541384878,4.775663569235674,-9.997430601724684,-0.3940403728227826,4.605107024148935e-14
179.4740185841982,-14.182656598298182,4.776201285728714,-9.99802111937155,-0.39277348978600846,-9.999660966723401e-15
179.48026781684658,-14.190622375187493,4.776739213938625,-9.998612624601979,-0.3915079615507945,2.920953598174467e-14
179.48651765024903,-14.198587871066945,4.777277352038098,-9.999205113051168,-0.39024379670080833,4.078809078531914e-14
179.49276808586768,-14.206553084950476,4.777815698199829,-9.999798580353307,-0.3889810038194998,1.815727912378723e-14
179.49901912516478,-14.214518015851905,4.7783542505965055,-10.00039302214161,-0.3877195914901025,1.5788938368510635e-14
179.50527076960267,-14.222482662784854,4.77889300740082,-10.000988434048285,-0.3864595682956295,-1.868357706940425e-14
179.51152302064392,-14.230447024762793,4.779431966785465,-10.001584811704536,-0.38520094281887696,3.131472776421276e-14
179.5177758797511,-14.238411100799032,4.7799711269231295,-10.002182150740573,-0.3839437236424201,2.6314897280851057e-16
179.524029348387,-14.24637488990672,4.7805104859865075,-10.002780446785602,-0.3826879193486152,2.1578215770297867e-14
179.53028342801449,-14.254338391098825,4.781050042148291,-10.003379695467817,-0.3814335385195889,1.2368001721999996e-14
179.5365381200966,-14.26230160338818,4.781589793581169,-10.003979892414424,-0.3801805897372614,6.052426374595743e-15
179.54279342609644,-14.270264525787415,4.782129738457835,-10.004581033251606,-0.3789290815833174,3.710400516599999e-14
179.5490493474773,-14.27822715730904,4.782669874950978,-10.005183113604545,-0.37767902263922426,1.473634247727659e-14
179.55530588570258,-14.286189496965362,4.783210201233293,-10.005786129097409,-0.37643042148622347,-2.6314897280851057e-14
179.56156304223575,-14.294151543768539,4.783750715477468,-10.00639007535336,-0.3751832867053292,2.2104513715914887e-14
179.56782081854053,-14.30211329673057,4.784291415856198,-10.00699494799454,-0.37393762687733534,1.842042809659574e-15
179.5740792160806,-14.310074754863276,4.7848323005421705,-10.00760074264209,-0.37269345058280323,2.9998982900170206e-14
179.58033823631993,-14.31803591717832,4.785373367708081,-10.008207454916118,-0.3714507664020769,3.9209196948468075e-14
179.58659788072254,-14.3259967826872,4.785914615526617,-10.008815080435731,-0.3702095829152606,5.4734986344170195e-14
179.5928581507526,-14.333957350401239,4.786456042170474,-10.009423614819006,-0.3689699087022412,-9.736511993914891e-15
179.59911904787435,-14.341917619331605,4.786997645812341,-10.010033053683001,-0.36773175234266675,2.6314897280851058e-15
179.60538057355222,-14.349877588489298,4.78753942462491,-10.010643392643761,-0.3664951224159654,1.2894299667617018e-14
179.61164272925075,-14.357837256885142,4.7880813767808705,-10.011254627316296,-0.3652600275013247,5.97348168275319e-14
179.61790551643466,-14.365796623529803,4.788623500452919,-10.011866753314596,-0.36402647617771006,-1.842042809659574e-14
179.62416893656865,-14.373755687433777,4.789165793813743,-10.012479766251632,-0.3627944770238494,3.026213187297872e-14
179.63043299111774,-14.381714447607388,4.789708255036036,-10.013093661739333,-0.361564038618242,3.710400516599999e-14
179.6366976815469,-14.389672903060806,4.790250882292487,-10.013708435388613,-0.360335169539144,6.105056169157445e-14
179.64296300932136,-14.397631052804025,4.79079367375579,-10.014324082809345,-0.35910787836459257,6.105056169157445e-14
179.64922897590645,-14.405588895846858,4.7913366275986355,-10.014940599610373,-0.3578821736723781,-1.394689555885106e-14
179.65549558276754,-14.413546431198979,4.7918797419937125,-10.015557981399516,-0.3566580640400592,6.052426374595743e-15
179.66176283137025,-14.421503657869867,4.792423015113718,-10.016176223783534,-0.35543555804495996,5.262979456170211e-16
179.66803072318027,-14.429460574868843,4.792966445131338,-10.016795322368177,-0.3542146642641644,2.0525619879063826e-14
179.67429925966337,-14.437417181205065,4.793510030219268,-10.017415272758146,-0.3529953912745201,6.605039217493615e-14
179.6805684422856,-14.44537347588751,4.794053768550198,-10.01803607055709,-0.3517777476526379,2.0788768851872334e-14
179.68683827251294,-14.453329457924998,4.794597658296818,-10.018657711367638,-0.350561741974884,6.552409422931913e-14
179.69310875181168,-14.461285126326164,4.795141697631823,-10.019280190791367,-0.3493473828173935,1.815727912378723e-14
179.69937988164807,-14.469240480099492,4.7956858847279005,-10.019903504428804,-0.34813467875605136,6.49977962837021e-14
179.70565166348868,-14.47719551825328,4.796230217757744,-10.020527647879433,-0.3469236383665078,4.105123975812765e-14
179.71192409880007,-14.485150239795669,4.7967746948940455,-10.021152616741702,-0.34571427022416745,4.4209027431829774e-14
179.71819718904894,-14.49310464373462,4.797319314309495,-10.021778406612992,-0.3445065829041942,3.026213187297872e-14
179.72447093570216,-14.501058729077926,4.797864074176786,-10.02240501308964,-0.34330058498150695,2.2630811661531907e-14
179.7307453402267,-14.509012494833208,4.798408972668608,-10.023032431766934,-0.34209628503077666,6.21031575828085e-14
179.73702040408972,-14.516965940007921,4.798954007957655,-10.02366065823911,-0.34089369162643973,1.1315405830765954e-14
179.7432961287584,-14.524919063609355,4.799499178216615,-10.024289688099348,-0.33969281334267687,4.289328256778722e-14
179.7495725157002,-14.532871864644605,4.800044481618181,-10.024919516939763,-0.3384936587534223,1.394689555885106e-14
179.75584956638255,-14.540824342120613,4.800589916335046,-10.025550140351424,-0.3372962364323709,4.73668151055319e-15
179.7621272822731,-14.548776495044153,4.8011354805399,-10.026181553924328,-0.33610055495296237,2.947268495455318e-14
179.76840566483966,-14.556728322421808,4.801681172405436,-10.026813753247415,-0.33490662288839035,-1.9999321933446802e-14
179.77468471555002,-14.56467982326001,4.802226990104341,-10.027446733908578,-0.3337144488115994,6.762928601178721e-14
179.78096443587233,-14.572630996565007,4.8027729318093115,-10.028080491494615,-0.332524041295279,1.3157448640425528e-14
179.78724482727463,-14.580581841342868,4.803318995693036,-10.028715021591289,-0.3313354089118751,4.999830483361701e-14
179.7935258912253,-14.588532356599508,4.803865179928208,-10.029350319783276,-0.33014856023357664,3.9998643866893604e-14
179.79980762919268,-14.596482541340645,4.804411482687521,-10.029986381654174,-0.3289635038323223,3.841975003004254e-14
179.80609004264537,-14.604432394571853,4.804957902143659,-10.030623202786552,-0.32778024827979696,9.736511993914891e-15
179.81237313305198,-14.612381915298501,4.805504436469321,-10.031260778761853,-0.3265988021474292,3.631455824757446e-14
179.81865690188135,-14.620331102525805,4.806051083837195,-10.031899105160488,-0.32541917400639636,2.394655652557446e-14
179.82494135060242,-14.6282799552588,4.806597842419974,-10.032538177561772,-0.32424137242761675,5.657702915382977e-14
179.83122648068428,-14.63622847250235,4.8071447103903475,-10.03317799154395,-0.32306540598176053,-1.1578554803574466e-14
179.83751229359606,-14.644176653261146,4.807691685921008,-10.03381854268419,-0.32189128323922805,2.2104513715914887e-14
179.8437987908071,-14.652124496539695,4.8082387671846485,-10.034459826558567,-0.32071901277017106,3.026213187297872e-14
179.85008597378692,-14.660072001342337,4.808785952353958,-10.035101838742094,-0.31954860314447797,6.44714983380851e-14
179.85637384400508,-14.668019166673234,4.809333239601629,-10.03574457480869,-0.3183800629317829,9.21021404829787e-15
179.86266240293128,-14.675965991536378,4.809880627100353,-10.036388030331185,-0.3172134007014568,4.578792126868084e-14
179.86895165203538,-14.683912474935575,4.810428113022822,-10.037032200881336,-0.316048625022609,-2.394655652557446e-14
179.87524159278732,-14.691858615874468,4.810975695541726,-10.037677082029802,-0.3148857444640878,2.815694009051063e-14
179.88153222665727,-14.699804413356508,4.811523372829759,-10.038322669346154,-0.3137247675944824,4.394587845902126e-14
179.88782355511546,-14.707749866384997,4.812071143059609,-10.038968958398875,-0.31256570298211284,6.078741271876594e-14
179.89411557963226,-14.715694973963016,4.812619004403971,-10.039615944755347,-0.3114085591950401,5.526128428978722e-14
179.9004083016782,-14.723639735093522,4.813166955035536,-10.040263623981872,-0.3102533448010597,1.3420597613234039e-14
179.90670172272385,-14.731584148779255,4.813714993126992,-10.040911991643647,-0.3091000683677005,3.105157879140425e-14
179.91299584424007,-14.7395282140228,4.814263116851036,-10.04156104330477,-0.3079487384622247,2.0788768851872334e-14
179.91929066769768,-14.747471929826549,4.814811324380354,-10.042210774528249,-0.3067993636516328,2.6841195226468077e-14
179.92558619456776,-14.755415295192732,4.815359613887641,-10.04286118087598,-0.3056519525026463,-1.894672604221276e-14
179.93188242632147,-14.763358309123396,4.8159079835455865,-10.043512257908768,-0.3045065135817317,-2.815694009051063e-14
179.93817936443008,-14.771300970620397,4.816456431526884,-10.044164001186303,-0.30336305545507747,-2.8420089063319142e-14
179.944477010365,-14.779243278685437,4.817004956004223,-10.044816406267186,-0.3022215866886052,-7.368171238638296e-15
179.95077536559785,-14.787185232320011,4.817553555150296,-10.045469468708891,-0.30108211584796146,4.315643154059573e-14
179.95707443160032,-14.795126830525462,4.818102227137795,-10.046123184067799,-0.299944651498533,-1.763098117817021e-14
179.96337420984415,-14.803068072302944,4.818650970139411,-10.046777547899168,-0.29880920220541757,4.3419580513404245e-14
179.96967470180138,-14.811008956653424,4.819199782327835,-10.047432555757167,-0.2976757765334525,3.0788429818595735e-14
179.97597590894406,-14.818949482577707,4.819748661875758,-10.048088203194819,-0.2965443830471962,2.789379111770212e-14
179.98227783274442,-14.826889649076396,4.820297606955875,-10.04874448576406,-0.2954150303109334,5.710332709944679e-14
179.98858047467482,-14.834829455149933,4.820846615740873,-10.049401399015693,-0.29428772688867344,4.999830483361701e-14
179.99488383620772,-14.842768899798578,4.821395686403445,-10.050058938499415,-0.2931624813441479,5.736647607225531e-14
180.00118791881576,-14.850707982022394,4.821944817116282,-10.050717099763796,-0.29203930224081576,6.999762676706381e-14
180.00749272397167,-14.858646700821284,4.822494006052079,-10.05137587835628,-0.2909181981418538,8.368137335310636e-14
180.0137982531483,-14.866585055194967,4.823043251383523,-10.052035269823204,-0.28979917761015905,9.762826891195742e-14
180.02010450781876,-14.874523044142967,4.8235925512833076,-10.052695269709762,-0.2886822492083564,7.683950006008508e-14
180.02641148945614,-14.882460666664644,4.824141903924123,-10.053355873560031,-0.2875674214987821,5.341924148012764e-14
