galstreams/tracks/track.ACS.grillmair2006.ecsv
# %ECSV 0.9
# ---
# datatype:
# - {name: sc.ra, unit: deg, datatype: float64}
# - {name: sc.dec, unit: deg, datatype: float64}
# - {name: sc.distance, unit: kpc, datatype: float64}
# - {name: width, datatype: float64}
# meta: !!omap
# - __serialized_columns__:
#     sc:
#       __class__: astropy.coordinates.sky_coordinate.SkyCoord
#       dec: !astropy.table.SerializedColumn
#         __class__: astropy.coordinates.angles.Latitude
#         unit: &id001 !astropy.units.Unit {unit: deg}
#         value: !astropy.table.SerializedColumn {name: sc.dec}
#       distance: !astropy.table.SerializedColumn
#         __class__: astropy.coordinates.distances.Distance
#         unit: !astropy.units.Unit {unit: kpc}
#         value: !astropy.table.SerializedColumn {name: sc.distance}
#       frame: icrs
#       ra: !astropy.table.SerializedColumn
#         __class__: astropy.coordinates.angles.Longitude
#         unit: *id001
#         value: !astropy.table.SerializedColumn {name: sc.ra}
#         wrap_angle: !astropy.coordinates.Angle
#           unit: *id001
#           value: 360.0
#       representation_type: spherical
# schema: astropy-2.0
sc.ra sc.dec sc.distance width
[from data line 4956]
130.54319567403246 48.731494518489335 8.9 5.0
130.5446350434392 48.74144935821311 8.9 5.0
130.54607498311637 48.751404180004016 8.9 5.0
130.5475154934889 48.7613589838487 8.9 5.0
130.54895657498213 48.77131376973372 8.9 5.0
130.5503982280218 48.78126853764565 8.9 5.0
130.55184045303412 48.79122328757106 8.9 5.0
130.55328325044556 48.801178019496504 8.9 5.0
130.55472662068306 48.81113273340854 8.9 5.0
130.55617056417407 48.82108742929367 8.9 5.0
130.55761508134628 48.83104210713844 8.9 5.0
130.5590601726279 48.840996766929315 8.9 5.0
130.5605058384475 48.8509514086528 8.9 5.0
130.56195207923412 48.860906032295404 8.9 5.0
130.56339889541704 48.87086063784356 8.9 5.0
130.5648462874262 48.88081522528372 8.9 5.0
130.56629425569173 48.89076979460231 8.9 5.0
130.56774280064434 48.900724345785775 8.9 5.0
130.56919192271494 48.910678878820534 8.9 5.0
130.57064162233507 48.920633393692974 8.9 5.0
130.5720918999366 48.930587890389475 8.9 5.0
130.57354275595173 48.940542368896416 8.9 5.0
130.57499419081324 48.950496829200176 8.9 5.0
130.57644620495415 48.96045127128704 8.9 5.0
130.57789879880798 48.97040569514342 8.9 5.0
130.5793519728087 48.98036010075561 8.9 5.0
130.58080572739064 48.99031448810987 8.9 5.0
130.5822600629885 49.00026885719254 8.9 5.0
130.58371498003746 49.01022320798993 8.9 5.0
130.58517047897317 49.020177540488234 8.9 5.0
130.58662656023157 49.030131854673776 8.9 5.0
130.5880832242491 49.04008615053278 8.9 5.0
130.58954047146256 49.05004042805144 8.9 5.0
130.59099830230923 49.05999468721597 8.9 5.0
130.59245671722684 49.06994892801265 8.9 5.0
130.59391571665338 49.079903150427576 8.9 5.0
130.59537530102747 49.08985735444696 8.9 5.0
130.5968354707879 49.099811540056976 8.9 5.0
130.59829622637417 49.109765707243795 8.9 5.0
130.59975756822593 49.1197198559935 8.9 5.0
130.60121949678347 49.12967398629221 8.9 5.0
130.60268201248732 49.13962809812612 8.9 5.0
130.6041451157786 49.14958219148122 8.9 5.0
130.6056088070987 49.159536266343615 8.9 5.0
130.60707308688953 49.16949032269947 8.9 5.0
130.60853795559345 49.179444360534724 8.9 5.0
130.6100034136531 49.18939837983544 8.9 5.0
130.6114694615117 49.19935238058772 8.9 5.0
130.6129360996128 49.20930636277749 8.9 5.0
130.61440332840044 49.21926032639082 8.9 5.0
130.61587114831903 49.229214271413646 8.9 5.0
130.61733955981347 49.23916819783198 8.9 5.0
130.61880856332905 49.249122105631756 8.9 5.0
130.6202781593114 49.25907599479894 8.9 5.0
130.62174834820678 49.26902986531947 8.9 5.0
130.6232191304617 49.278983717179244 8.9 5.0
130.62469050652322 49.28893755036421 8.9 5.0
130.62616247683874 49.29889136486016 8.9 5.0
130.62763504185614 49.308845160653114 8.9 5.0
130.6291082020237 49.31879893772887 8.9 5.0
130.63058195779018 49.32875269607324 8.9 5.0
130.6320563096047 49.33870643567213 8.9 5.0
130.6335312579169 49.34866015651133 8.9 5.0
130.6350068031768 49.35861385857668 8.9 5.0
130.63648294583487 49.368567541853935 8.9 5.0
130.637959686342 49.37852120632891 8.9 5.0
130.6394370251495 49.38847485198738 8.9 5.0
130.6409149627092 49.398428478815056 8.9 5.0
130.64239349947323 49.40838208679772 8.9 5.0
130.6438726358943 49.418335675921135 8.9 5.0
130.6453523724254 49.42828924617092 8.9 5.0
130.64683270952014 49.438242797532844 8.9 5.0
130.64831364763248 49.44819632999262 8.9 5.0
130.6497951872167 49.45814984353582 8.9 5.0
130.65127732872776 49.4681033381482 8.9 5.0
130.65276007262082 49.47805681381538 8.9 5.0
130.65424341935167 49.48801027052298 8.9 5.0
130.65572736937645 49.49796370825656 8.9 5.0
130.65721192315178 49.507917127001846 8.9 5.0
130.6586970811346 49.517870526744346 8.9 5.0
130.66018284378248 49.52782390746963 8.9 5.0
130.66166921155332 49.537777269163335 8.9 5.0
130.6631561849055 49.54773061181093 8.9 5.0
130.66464376429778 49.55768393539795 8.9 5.0
130.66613195018945 49.56763723990999 8.9 5.0
130.66762074304023 49.57759052533247 8.9 5.0
130.66911014331026 49.58754379165093 8.9 5.0
130.67060015146006 49.597497038850804 8.9 5.0
130.67209076795078 49.60745026691763 8.9 5.0
130.67358199324383 49.617403475836795 8.9 5.0
130.67507382780119 49.627356665593716 8.9 5.0
130.67656627208518 49.637309836173905 8.9 5.0
130.6780593265587 49.647262987562684 8.9 5.0
130.67955299168497 49.65721611974548 8.9 5.0
130.68104726792777 49.66716923270764 8.9 5.0
130.6825421557513 49.67712232643457 8.9 5.0
130.68403765562013 49.687075400911596 8.9 5.0
130.68553376799937 49.697028456124066 8.9 5.0
130.68703049335457 49.706981492057274 8.9 5.0
130.6885278321517 49.71693450869656 8.9 5.0
130.69002578485726 49.72688750602721 8.9 5.0
130.69152435193809 49.73684048403444 8.9 5.0
130.69302353386155 49.74679344270359 8.9 5.0
130.69452333109547 49.75674638201993 8.9 5.0
130.69602374410812 49.766699301968565 8.9 5.0
130.6975247733682 49.77665220253485 8.9 5.0
130.69902641934488 49.78660508370395 8.9 5.0
130.70052868250775 49.796557945461 8.9 5.0
130.702031563327 49.80651078779123 8.9 5.0
130.70353506227318 49.81646361067984 8.9 5.0
130.7050391798172 49.826416414111904 8.9 5.0
130.70654391643063 49.83636919807254 8.9 5.0
130.70804927258533 49.84632196254694 8.9 5.0
130.70955524875373 49.85627470752021 8.9 5.0
130.71106184540864 49.86622743297735 8.9 5.0
130.71256906302344 49.8761801389035 8.9 5.0
130.71407690207187 49.88613282528375 8.9 5.0
130.71558536302814 49.89608549210304 8.9 5.0
130.717094446367 49.9060381393465 8.9 5.0
130.7186041525636 49.91599076699914 8.9 5.0
130.72011448209358 49.925943375045904 8.9 5.0
130.72162543543305 49.93589596347177 8.9 5.0
130.7231370130585 49.945848532261806 8.9 5.0
130.72464921544704 49.95580108140089 8.9 5.0
130.72616204307616 49.965753610873946 8.9 5.0
130.72767549642379 49.97570612066601 8.9 5.0
130.72918957596835 49.98565861076189 8.9 5.0
130.7307042821888 49.995611081146485 8.9 5.0
130.73221961556445 50.005563531804775 8.9 5.0
130.7337355765752 50.015515962721516 8.9 5.0
130.73525216570133 50.02546837388164 8.9 5.0
130.73676938342362 50.03542076526994 8.9 5.0
130.73828723022336 50.04537313687124 8.9 5.0
130.73980570658225 50.055325488670384 8.9 5.0
130.74132481298244 50.06527782065215 8.9 5.0
130.74284454990666 50.075230132801266 8.9 5.0
130.74436491783806 50.08518242510259 8.9 5.0
130.74588591726024 50.09513469754078 8.9 5.0
130.74740754865732 50.105086950100635 8.9 5.0
130.74892981251384 50.115039182766836 8.9 5.0
130.7504527093149 50.1249913955241 8.9 5.0
130.75197623954597 50.13494358835711 8.9 5.0
130.7535004036931 50.14489576125055 8.9 5.0
130.75502520224276 50.154847914189055 8.9 5.0
130.7565506356819 50.16480004715733 8.9 5.0
130.75807670449794 50.17475216013989 8.9 5.0
130.75960340917885 50.18470425312144 8.9 5.0
130.761130750213 50.19465632608657 8.9 5.0
130.76265872808926 50.2046083790198 8.9 5.0
130.76418734329707 50.214560411905765 8.9 5.0
130.76571659632617 50.22451242472901 8.9 5.0
130.76724648766694 50.234464417473994 8.9 5.0
130.7687770178102 50.24441639012533 8.9 5.0
130.77030818724725 50.254368342667505 8.9 5.0
130.77183999646985 50.26432027508498 8.9 5.0
130.77337244597027 50.27427218736221 8.9 5.0
130.7749055362413 50.28422407948373 8.9 5.0
130.7764392677761 50.29417595143392 8.9 5.0
130.7779736410685 50.304127803197204 8.9 5.0
130.77950865661265 50.31407963475808 8.9 5.0
130.78104431490328 50.32403144610084 8.9 5.0
130.78258061643555 50.33398323720991 8.9 5.0
130.78411756170513 50.34393500806968 8.9 5.0
130.7856551512083 50.353886758664494 8.9 5.0
130.7871933854416 50.36383848897866 8.9 5.0
130.78873226490225 50.37379019899648 8.9 5.0
130.79027179008787 50.38374188870233 8.9 5.0
130.79181196149662 50.39369355808045 8.9 5.0
130.79335277962707 50.40364520711511 8.9 5.0
130.79489424497845 50.41359683579062 8.9 5.0
130.79643635805033 50.423548444091146 8.9 5.0
130.79797911934284 50.43350003200092 8.9 5.0
130.79952252935655 50.44345159950425 8.9 5.0
130.8010665885926 50.453403146585245 8.9 5.0
130.80261129755257 50.463354673228096 8.9 5.0
130.8041566567386 50.47330617941698 8.9 5.0
130.8057026666533 50.48325766513603 8.9 5.0
130.80724932779972 50.49320913036939 8.9 5.0
130.8087966406815 50.503160575101184 8.9 5.0
130.81034460580273 50.51311199931548 8.9 5.0
130.81189322366802 50.5230634029964 8.9 5.0
130.8134424947825 50.53301478612801 8.9 5.0
130.81499241965165 50.542966148694305 8.9 5.0
130.81654299878167 50.552917490679405 8.9 5.0
130.81809423267921 50.56286881206729 8.9 5.0
130.81964612185132 50.57282011284193 8.9 5.0
130.8211986668056 50.5827713929874 8.9 5.0
130.8227518680503 50.59272265248758 8.9 5.0
130.82430572609388 50.60267389132652 8.9 5.0
130.82586024144558 50.61262510948806 8.9 5.0
130.82741541461505 50.62257630695619 8.9 5.0
130.82897124611236 50.632527483714846 8.9 5.0
130.83052773644826 50.642478639747814 8.9 5.0
130.83208488613386 50.65242977503907 8.9 5.0
130.83364269568088 50.662380889572454 8.9 5.0
130.83520116560143 50.67233198333176 8.9 5.0
130.8367602964083 50.68228305630088 8.9 5.0
130.8383200886147 50.692234108463616 8.9 5.0
130.83988054273425 50.702185139803724 8.9 5.0
130.84144165928132 50.71213615030497 8.9 5.0
130.84300343877055 50.72208713995121 8.9 5.0
130.8445658817173 50.73203810872611 8.9 5.0
130.84612898863722 50.7419890566134 8.9 5.0
130.84769276004673 50.75193998359687 8.9 5.0
130.8492571964626 50.76189088966014 8.9 5.0
130.85082229840208 50.77184177478691 8.9 5.0
130.85238806638313 50.78179263896087 8.9 5.0
130.85395450092406 50.791743482165636 8.9 5.0
130.8555216025438 50.801694304384874 8.9 5.0
130.85708937176162 50.811645105602175 8.9 5.0
130.85865780909754 50.82159588580115 8.9 5.0
130.860226915072 50.83154664496538 8.9 5.0
130.86179669020598 50.841497383078384 8.9 5.0
130.8633671350209 50.851448100123825 8.9 5.0
130.86493825003882 50.86139879608514 8.9 5.0
130.8665100357822 50.87134947094585 8.9 5.0
130.8680824927742 50.881300124689524 8.9 5.0
130.8696556215383 50.89125075729958 8.9 5.0
130.87122942259867 50.901201368759516 8.9 5.0
130.87280389647992 50.911151959052766 8.9 5.0
130.87437904370717 50.92110252816276 8.9 5.0
130.87595486480612 50.93105307607295 8.9 5.0
130.87753136030307 50.9410036027667 8.9 5.0
130.87910853072464 50.9509541082274 8.9 5.0
130.88068637659813 50.96090459243843 8.9 5.0
130.88226489845144 50.970855055383154 8.9 5.0
130.88384409681274 50.98080549704483 8.9 5.0
130.88542397221102 50.99075591740685 8.9 5.0
130.8870045251756 51.00070631645253 8.9 5.0
130.88858575623638 51.010656694165064 8.9 5.0
130.89016766592394 51.02060705052777 8.9 5.0
130.8917502547692 51.03055738552395 8.9 5.0
130.89333352330365 51.040507699136704 8.9 5.0
130.89491747205943 51.05045799134937 8.9 5.0
130.8965021015691 51.060408262145124 8.9 5.0
130.89808741236578 51.070358511507095 8.9 5.0
130.89967340498316 51.080308739418456 8.9 5.0
130.9012600799555 51.090258945862374 8.9 5.0
130.90284743781748 51.10020913082202 8.9 5.0
130.90443547910442 51.11015929428042 8.9 5.0
130.90602420435212 51.12010943622073 8.9 5.0
130.90761361409702 51.130059556626044 8.9 5.0
130.90920370887596 51.14000965547937 8.9 5.0
130.91079448922648 51.14995973276374 8.9 5.0
130.9123859556865 51.15990978846227 8.9 5.0
130.91397810879457 51.169859822557896 8.9 5.0
130.91557094908976 51.17980983503361 8.9 5.0
130.9171644771118 51.189759825872436 8.9 5.0
130.91875869340075 51.19970979505731 8.9 5.0
130.92035359849737 51.20965974257112 8.9 5.0
130.921949192943 51.21960966839689 8.9 5.0
130.92354547727933 51.22955957251745 8.9 5.0
130.92514245204885 51.23950945491572 8.9 5.0
130.9267401177944 51.249459315574555 8.9 5.0
130.92833847505943 51.25940915447683 8.9 5.0
130.92993752438804 51.26935897160536 8.9 5.0
130.9315372663247 51.27930876694296 8.9 5.0
130.93313770141464 51.289258540472446 8.9 5.0
130.93473883020337 51.29920829217662 8.9 5.0
130.9363406532373 51.30915802203823 8.9 5.0
130.93794317106307 51.31910773004 8.9 5.0
130.93954638422807 51.32905741616469 8.9 5.0
130.94115029328017 51.339007080395014 8.9 5.0
130.94275489876782 51.34895672271369 8.9 5.0
130.94436020124004 51.35890634310334 8.9 5.0
130.94596620124636 51.36885594154667 8.9 5.0
130.94757289933693 51.378805518026304 8.9 5.0
130.94918029606242 51.388755072524866 8.9 5.0
130.95078839197407 51.398704605024975 8.9 5.0
130.95239718762366 51.408654115509236 8.9 5.0
130.95400668356353 51.418603603960165 8.9 5.0
130.95561688034664 51.42855307036037 8.9 5.0
130.9572277785265 51.438502514692395 8.9 5.0
130.95883937865702 51.448451936938696 8.9 5.0
130.96045168129294 51.458401337081824 8.9 5.0
130.96206468698944 51.468350715104286 8.9 5.0
130.96367839630219 51.47830007098846 8.9 5.0
130.96529280978754 51.488249404716875 8.9 5.0
130.96690792800234 51.49819871627195 8.9 5.0
130.96852375150408 51.508148005636045 8.9 5.0
130.9701402808507 51.51809727279157 8.9 5.0
130.97175751660083 51.52804651772097 8.9 5.0
130.9733754593136 51.53799574040653 8.9 5.0
130.97499410954873 51.54794494083057 8.9 5.0
130.9766134678665 51.5578941189755 8.9 5.0
130.97823353482784 51.567843274823545 8.9 5.0
130.97985431099406 51.57779240835703 8.9 5.0
130.9814757969273 51.58774151955817 8.9 5.0
130.98309799319006 51.59769060840931 8.9 5.0
130.9847209003455 51.607639674892596 8.9 5.0
130.98634451895745 51.61758871899023 8.9 5.0
130.98796884959012 51.6275377406845 8.9 5.0
130.98959389280841 51.637486739957495 8.9 5.0
130.99121964917782 51.64743571679139 8.9 5.0
130.9928461192644 51.65738467116837 8.9 5.0
130.99447330363478 51.6673336030705 8.9 5.0
130.9961012028561 51.67728251247992 8.9 5.0
130.99772981749624 51.687231399378675 8.9 5.0
130.99935914812346 51.697180263748855 8.9 5.0
131.00098919530683 51.707129105572506 8.9 5.0
131.00261995961577 51.71707792483165 8.9 5.0
131.0042514416205 51.727026721508295 8.9 5.0
131.00588364189164 51.73697549558445 8.9 5.0
131.00751656100053 51.746924247042095 8.9 5.0
131.009150199519 51.756872975863125 8.9 5.0
131.01078455801957 51.76682168202953 8.9 5.0
131.01241963707523 51.77677036552324 8.9 5.0
131.01405543725963 51.78671902632608 8.9 5.0
131.0156919591471 51.796667664419985 8.9 5.0
131.0173292033123 51.80661627978685 8.9 5.0
131.01896717033068 51.81656487240842 8.9 5.0
131.0206058607783 51.8265134422666 8.9 5.0
131.02224527523174 51.83646198934316 8.9 5.0
131.0238854142681 51.84641051361992 8.9 5.0
131.0255262784653 51.85635901507858 8.9 5.0
131.02716786840156 51.86630749370095 8.9 5.0
131.02881018465598 51.876255949468764 8.9 5.0
131.03045322780804 51.88620438236366 8.9 5.0
131.03209699843794 51.896152792367396 8.9 5.0
131.03374149712644 51.90610117946164 8.9 5.0
131.03538672445487 51.916049543628006 8.9 5.0
131.03703268100523 51.92599788484816 8.9 5.0
131.03867936736003 51.935946203103754 8.9 5.0
131.0403267841025 51.945894498376305 8.9 5.0
131.0419749318163 51.95584277064741 8.9 5.0
131.0436238110859 51.96579101989869 8.9 5.0
131.04527342249614 51.97573924611163 8.9 5.0
131.04692376663272 51.98568744926772 8.9 5.0
131.04857484408174 51.99563562934856 8.9 5.0
131.05022665543 52.005583786335556 8.9 5.0
131.05187920126488 52.01553192021016 8.9 5.0
131.0535324821744 52.02548003095389 8.9 5.0
131.0551864987471 52.03542811854811 8.9 5.0
131.05684125157225 52.04537618297423 8.9 5.0
131.05849674123965 52.055324224213656 8.9 5.0
131.06015296833974 52.06527224224775 8.9 5.0
131.06180993346354 52.075220237057835 8.9 5.0
131.06346763720268 52.085168208625255 8.9 5.0
131.06512608014953 52.095116156931354 8.9 5.0
131.06678526289684 52.105064081957366 8.9 5.0
131.0684451860382 52.11501198368459 8.9 5.0
131.07010585016766 52.124959862094265 8.9 5.0
131.07176725588 52.134907717167614 8.9 5.0
131.0734294037705 52.144855548885864 8.9 5.0
131.0750922944351 52.15480335723021 8.9 5.0
131.0767559284705 52.16475114218181 8.9 5.0
131.0784203064738 52.17469890372181 8.9 5.0
131.0800854290428 52.18464664183139 8.9 5.0
131.08175129677602 52.19459435649158 8.9 5.0
131.08341791027246 52.20454204768353 8.9 5.0
131.08508527013177 52.21448971538833 8.9 5.0
131.08675337695436 52.224437359586965 8.9 5.0
131.08842223134104 52.23438498026052 8.9 5.0
131.0900918338934 52.24433257739005 8.9 5.0
131.0917621852137 52.25428015095642 8.9 5.0
