galstreams/tracks/track.st.M5.ibata2024.ecsv
# %ECSV 1.0
# ---
# datatype:
# - {name: ra, unit: deg, datatype: float64}
# - {name: dec, unit: deg, datatype: float64}
# - {name: distance, unit: kpc, datatype: float64}
# - {name: pm_ra_cosdec, unit: mas / yr, datatype: float64}
# - {name: pm_dec, unit: mas / yr, datatype: float64}
# - {name: radial_velocity, unit: km / s, datatype: float64}
# delimiter: ','
# meta: !!omap
# - __serialized_columns__:
#     dec:
#       __class__: astropy.coordinates.angles.Latitude
#       unit: &id001 !astropy.units.Unit {unit: deg}
#       value: !astropy.table.SerializedColumn {name: dec}
#     distance:
#       __class__: astropy.coordinates.distances.Distance
#       unit: !astropy.units.Unit {unit: kpc}
#       value: !astropy.table.SerializedColumn {name: distance}
#     pm_dec:
#       __class__: astropy.units.quantity.Quantity
#       unit: !astropy.units.Unit {unit: mas / yr}
#       value: !astropy.table.SerializedColumn {name: pm_dec}
#     pm_ra_cosdec:
#       __class__: astropy.units.quantity.Quantity
#       unit: !astropy.units.Unit {unit: mas / yr}
#       value: !astropy.table.SerializedColumn {name: pm_ra_cosdec}
#     ra:
#       __class__: astropy.coordinates.angles.Longitude
#       unit: *id001
#       value: !astropy.table.SerializedColumn {name: ra}
#       wrap_angle: !astropy.coordinates.Angle
#         unit: *id001
#         value: 360.0
#     radial_velocity:
#       __class__: astropy.units.quantity.Quantity
#       unit: !astropy.units.Unit {unit: km / s}
#       value: !astropy.table.SerializedColumn {name: radial_velocity}
# schema: astropy-2.0
ra,dec,distance,pm_ra_cosdec,pm_dec,radial_velocity
[from data line 1596]
204.74888498941417,14.507690109127507,0.9999999999999999,3.3184036244839645,-8.590288002253839,-43.759765182629764
204.75841518473248,14.503822876163294,0.9999999999999998,3.318686064242918,-8.59079001885265,-43.743593170687966
204.7679449946547,14.49995513784362,0.9999999999999999,3.31896859766048,-8.591291872654434,-43.72740727132797
204.7774744191841,14.496086894168856,0.9999999999999999,3.319251224770886,-8.591793564338586,-43.71120743402949
204.78700345832428,14.492218145139312,0.9999999999999999,3.319533945608228,-8.592295094584498,-43.6949936082722
204.7965321120786,14.48834889075537,0.9999999999999999,3.319816760206475,-8.592796464071556,-43.678765743535784
204.8060603804506,14.484479131017391,0.9999999999999999,3.3200996685994637,-8.593297673479158,-43.66252378929995
204.81558826344371,14.480608865925744,0.9999999999999999,3.3203826708209006,-8.593798723486692,-43.646267695044386
204.82511576106143,14.476738095480806,0.9999999999999998,3.3206657669043604,-8.594299614773545,-43.629997410248755
204.83464287330742,14.472866819682915,0.9999999999999999,3.3209489568832873,-8.594800348019113,-43.61371288439276
204.84416960018513,14.468995038532466,0.9999999999999999,3.3212322407909958,-8.595300923902778,-43.59741406695613
204.85369594169822,14.46512275202983,0.9999999999999999,3.3215156186606727,-8.595801343103936,-43.58110090741851
204.8632218978502,14.461249960175381,0.9999999999999999,3.3217990905253645,-8.596301606301967,-43.56477335525961
204.87274746864472,14.457376662969528,0.9999999999999999,3.322082656418005,-8.59680171417627,-43.54843135995912
204.88227265408545,14.453502860412613,0.9999999999999998,3.322366316371379,-8.59730166740622,-43.53207487099672
204.89179745417607,14.449628552505041,0.9999999999999998,3.322650070418155,-8.59780146667121,-43.515703837852136
204.9013218689202,14.445753739247195,0.9999999999999999,3.3229339185908637,-8.59830111265062,-43.499318210005015
204.91084589832158,14.441878420639476,1.0,3.323217860921909,-8.598800606023845,-43.48291793693506
204.9203695423839,14.438002596682276,0.9999999999999998,3.32350189744357,-8.599299947470264,-43.46650296812199
204.92989280111087,14.434126267376014,0.9999999999999999,3.323786028187988,-8.59979913766926,-43.45007325304546
204.93941567450636,14.430249432721052,0.9999999999999997,3.3240702531871817,-8.60029817730022,-43.43362874118516
204.94893816257408,14.426372092717804,0.9999999999999999,3.324354572473025,-8.600797067042523,-43.41716938202084
204.95846026531783,14.422494247366684,0.9999999999999998,3.3246389860772827,-8.60129580757555,-43.400695125032115
204.96798198274143,14.418615896668095,0.9999999999999998,3.3249234940315837,-8.60179439957869,-43.38420591969873
204.9775033148487,14.414737040622475,0.9999999999999999,3.3252080963674246,-8.602292843731314,-43.36770171550032
204.9870242616436,14.410857679230185,0.9999999999999999,3.3254927931161693,-8.602791140712812,-43.351182461916636
204.99654482312988,14.406977812491672,0.9999999999999999,3.325777584309059,-8.603289291202556,-43.33464810842735
205.00606499931155,14.403097440407354,0.9999999999999998,3.326062469977206,-8.603787295879927,-43.31809860451214
205.01558479019252,14.399216562977646,0.9999999999999999,3.326347450151592,-8.604285155424302,-43.30153389965069
205.0251041957766,14.395335180202999,0.9999999999999998,3.3266325248630695,-8.60478287051506,-43.28495394332272
205.03462321606793,14.3914532920838,0.9999999999999998,3.3269176941423626,-8.605280441831573,-43.2683586850079
205.0441418510704,14.38757089862049,0.9999999999999998,3.3272029580200626,-8.605777870053226,-43.25174807418592
205.05366010078808,14.383687999813507,0.9999999999999998,3.3274883165266442,-8.606275155859382,-43.235122060336465
205.0631779652249,14.379804595663282,0.9999999999999998,3.32777376969244,-8.606772299929421,-43.218480592939265
205.0726954443849,14.37592068617028,1.0,3.3280593175476607,-8.607269302942715,-43.20182362147398
205.08221253827227,14.372036271334892,0.9999999999999998,3.328344960122395,-8.607766165578639,-43.18515109542028
205.091729246891,14.368151351157588,0.9999999999999997,3.328630697446585,-8.60826288851656,-43.16846296425789
205.10124557024523,14.364265925638803,0.9999999999999999,3.3289165295500633,-8.60875947243585,-43.151759177466516
205.11076150833904,14.360379994778992,0.9999999999999998,3.329202456462528,-8.60925591801588,-43.13503968452582
205.12027706117655,14.356493558578622,0.9999999999999999,3.329488478213547,-8.609752225936013,-43.11830443491547
205.12979222876206,14.3526066170381,0.9999999999999999,3.329774594832564,-8.610248396875628,-43.101553378115206
205.13930701109965,14.348719170157914,0.9999999999999999,3.330060806348888,-8.610744431514082,-43.08478646360469
205.14882140819353,14.344831217938513,1.0,3.330347112791708,-8.611240330530745,-43.06800364086364
205.158335420048,14.340942760380356,0.9999999999999999,3.330633514190086,-8.611736094604982,-43.051204859371694
205.16784904666713,14.337053797483929,0.9999999999999999,3.3309200105729495,-8.612231724416155,-43.0343900686086
205.1773622880554,14.33316432924965,0.9999999999999999,3.331206601969106,-8.61272722064363,-43.017559218054025
205.186875144217,14.329274355678018,0.9999999999999999,3.3314932884072217,-8.613222583966765,-43.00071225718766
205.19638761515625,14.325383876769486,1.0,3.3317800699158573,-8.613717815064923,-42.98384913548918
205.20589970087744,14.321492892524542,0.9999999999999999,3.332066946523427,-8.614212914617466,-42.966969802438314
205.21541140138496,14.317601402943655,0.9999999999999998,3.332353918258233,-8.614707883303755,-42.95007420751471
205.2249227166831,14.31370940802732,0.9999999999999999,3.3326409851484375,-8.615202721803138,-42.9331623001981
205.23443364677635,14.309816907775982,0.9999999999999998,3.3329281472220837,-8.615697430794983,-42.91623402996815
205.2439441916691,14.30592390219013,0.9999999999999998,3.333215404507085,-8.616192010958638,-42.89928934630455
205.25345435136575,14.302030391270259,0.9999999999999999,3.333502757031226,-8.616686462973462,-42.882328198687
205.26296412587075,14.298136375016856,0.9999999999999998,3.3337902048221713,-8.617180787518807,-42.865350536595194
205.27247351518852,14.29424185343043,0.9999999999999999,3.3340777479074535,-8.617674985274029,-42.84835630950881
205.28198251932366,14.29034682651143,0.9999999999999999,3.3343653863144813,-8.618169056918475,-42.83134546690754
205.29149113828063,14.286451294260365,0.9999999999999998,3.3346531200705365,-8.618663003131497,-42.8143179582711
205.30099937206396,14.282555256677737,0.9999999999999998,3.3349409492027675,-8.619156824592443,-42.79727373307916
205.31050722067815,14.278658713764045,0.9999999999999999,3.3352288737382065,-8.619650521980661,-42.7802127408114
205.32001468412778,14.274761665519808,0.9999999999999999,3.3355168937037614,-8.620144095975498,-42.76313493094752
205.32952176241753,14.270864111945489,0.9999999999999999,3.335805009126203,-8.620637547256303,-42.746040252967234
205.33902845555195,14.266966053041614,0.9999999999999999,3.336093220032181,-8.621130876502418,-42.7289286563502
205.34853476353567,14.26306748880869,0.9999999999999998,3.336381526448223,-8.621624084393188,-42.711800090576126
205.35804068637333,14.259168419247228,0.9999999999999998,3.3366699284007253,-8.622117171607947,-42.694654505124696
205.36754622406957,14.25526884435776,1.0,3.336958425915962,-8.622610138826044,-42.67749184947561
205.3770513766292,14.25136876414076,0.9999999999999998,3.3372470190200794,-8.623102986726817,-42.66031207310855
205.38655614405684,14.247468178596764,0.9999999999999999,3.337535707739097,-8.623595715989604,-42.64311512550323
205.39606052635725,14.243567087726293,0.9999999999999998,3.337824492098918,-8.624088327293745,-42.62590095613929
205.40556452353516,14.23966549152987,0.9999999999999997,3.3381133721253082,-8.624580821318565,-42.608669514496476
205.4150681355953,14.235763390008037,0.9999999999999999,3.338402347843911,-8.625073198743406,-42.59142075005445
205.42457136254257,14.231860783161276,0.9999999999999998,3.3386914192802495,-8.625565460247602,-42.5741546122929
205.43407420438174,14.22795767099014,0.9999999999999999,3.3389805864597184,-8.626057606510484,-42.556871050691534
205.44357666111767,14.224054053495157,0.9999999999999999,3.339269849407589,-8.626549638211381,-42.53957001473004
205.45307873275516,14.220149930676861,0.9999999999999999,3.3395592081490055,-8.627041556029624,-42.52225145388811
205.462580419299,14.216245302535809,0.9999999999999999,3.3398486627089845,-8.627533360644534,-42.5049153176454
205.4720817207543,14.21234016907249,0.9999999999999999,3.340138213112429,-8.628025052735449,-42.48756155548165
205.48158263712585,14.208434530287473,0.9999999999999998,3.340427859384105,-8.628516632981684,-42.4701901168765
205.49108316841858,14.204528386181291,0.9999999999999997,3.3407176015486555,-8.629008102062567,-42.4528009513097
205.5005833146375,14.200621736754494,0.9999999999999999,3.3410074396306078,-8.629499460657417,-42.43539400826092
205.51008307578752,14.196714582007623,0.9999999999999998,3.3412973736543536,-8.629990709445558,-42.41796923720984
205.51958245187362,14.192806921941244,0.9999999999999999,3.341587403644172,-8.630481849106303,-42.40052658763614
205.52908144290092,14.188898756555876,0.9999999999999999,3.3418775296242083,-8.630972880318978,-42.383066009019515
205.53858004887437,14.184990085852082,0.9999999999999998,3.3421677516184816,-8.631463803762895,-42.36558745083969
205.54807826979908,14.18108090983042,0.9999999999999998,3.342458069650901,-8.63195462011737,-42.348090862576335
205.55757610568008,14.177171228491446,0.9999999999999997,3.342748483745237,-8.632445330061717,-42.33057619370911
205.56707355652244,14.173261041835735,0.9999999999999999,3.3430389939251404,-8.63293593427524,-42.313043393717756
205.5765706223314,14.169350349863814,0.9999999999999999,3.343329600214143,-8.633426433437263,-42.29549241208194
205.58606730311197,14.165439152576258,0.9999999999999998,3.3436203026356477,-8.633916828227083,-42.27792319828136
205.5955635988694,14.16152744997364,1.0,3.343911101212935,-8.63440711932401,-42.26033570179569
205.60505950960882,14.157615242056522,0.9999999999999999,3.344201995969165,-8.634897307407357,-42.242729872104654
205.61455503533543,14.153702528825475,0.9999999999999999,3.3444929869273645,-8.63538739315642,-42.225105658687895
205.62405017605445,14.149789310281063,0.9999999999999998,3.34478407411045,-8.635877377250505,-42.20746301102513
205.63354493177116,14.145875586423866,0.9999999999999998,3.3450752575412075,-8.636367260368907,-42.18980187859607
205.64303930249076,14.141961357254454,0.9999999999999999,3.345366537242297,-8.636857043190933,-42.17212221088038
205.65253328821856,14.138046622773404,0.9999999999999999,3.3456579132362596,-8.637346726395876,-42.15442395735774
205.66202688895987,14.134131382981296,0.9999999999999998,3.345949385545519,-8.637836310663037,-42.136707067507885
205.67152010471997,14.130215637878715,0.9999999999999998,3.3462409541923614,-8.638325796671706,-42.118971490810466
205.68101293550424,14.126299387466236,0.9999999999999999,3.34653261919896,-8.638815185101176,-42.10121717674519
205.69050538131805,14.122382631744452,0.9999999999999998,3.3468243805873663,-8.63930447663074,-42.08344407479174
205.69999744216673,14.118465370713938,0.9999999999999999,3.3471162383795035,-8.639793671939682,-42.06565213442983
205.70948911805573,14.114547604375296,1.0,3.3474081925971717,-8.640282771707296,-42.04784130513914
205.71898040899043,14.110629332729106,1.0,3.347700243262058,-8.640771776612867,-42.030011536399314
205.72847131497633,14.106710555775967,0.9999999999999999,3.3479923903957167,-8.641260687335683,-42.01216277769011
205.73796183601883,14.102791273516472,0.9999999999999999,3.348284634019583,-8.641749504555015,-41.9942949784912
205.74745197212346,14.098871485951218,0.9999999999999999,3.3485769741549722,-8.642238228950154,-41.97640808828224
205.7569417232957,14.094951193080801,0.9999999999999999,3.3488694108230734,-8.642726861200376,-41.958502056542976
205.76643108954107,14.09103039490582,0.9999999999999998,3.349161944044954,-8.643215401984959,-41.940576832753045
205.77592007086514,14.08710909142688,0.9999999999999998,3.3494545738415664,-8.643703851983178,-41.922632366392186
205.78540866727346,14.083187282644587,0.9999999999999999,3.3497473002337284,-8.644192211874307,-41.90466860694007
205.79489687877157,14.079264968559546,0.9999999999999998,3.350040123242145,-8.644680482337616,-41.88668550387638
205.80438470536518,14.075342149172362,0.9999999999999997,3.350333042887402,-8.645168664052377,-41.86868300668079
205.8138721470598,14.071418824483642,0.9999999999999999,3.350626059189951,-8.645656757697857,-41.850661064833055
205.82335920386117,14.067494994494005,0.9999999999999998,3.3509191721701344,-8.646144763953327,-41.83261962781278
205.83284587577486,14.063570659204057,0.9999999999999999,3.351212381848165,-8.64663268349805,-41.814558645099744
205.84233216280666,14.059645818614422,0.9999999999999998,3.351505688244142,-8.647120517011285,-41.796478066173584
205.8518180649622,14.055720472725708,0.9999999999999998,3.3517990913780373,-8.647608265172297,-41.77837784051399
205.86130358224722,14.051794621538537,0.9999999999999998,3.352092591269698,-8.648095928660341,-41.76025791760066
205.8707887146675,14.04786826505353,0.9999999999999998,3.3523861879388597,-8.648583508154678,-41.74211824691329
205.8802734622288,14.043941403271312,0.9999999999999998,3.352679881405134,-8.649071004334562,-41.723958777931585
205.88975782493688,14.040014036192503,0.9999999999999998,3.3529736716880008,-8.649558417879248,-41.70577946013523
205.89924180279758,14.03608616381773,1.0,3.353267558806832,-8.650045749467981,-41.6875802430039
205.90872539581667,14.032157786147621,0.9999999999999999,3.3535615427808803,-8.650532999780019,-41.669361076017275
205.9182086040001,14.028228903182809,0.9999999999999999,3.353855623629264,-8.651020169494608,-41.65112190865508
205.92769142735364,14.024299514923916,0.9999999999999999,3.354149801370989,-8.651507259290987,-41.632862690396976
205.9371738658832,14.020369621371582,0.9999999999999999,3.3544440760249388,-8.651994269848409,-41.6145833707227
205.94665591959478,14.016439222526445,0.9999999999999998,3.3547384476098845,-8.65248120184611,-41.59628389911188
205.9561375884942,14.012508318389134,0.9999999999999999,3.3550329161444594,-8.652968055963328,-41.577964225044255
205.96561887258744,14.008576908960288,0.9999999999999999,3.3553274816471954,-8.653454832879307,-41.55962429799949
205.97509977188048,14.004644994240548,0.9999999999999999,3.355622144136488,-8.653941533273274,-41.541264067457284
205.98458028637933,14.000712574230562,1.0,3.3559169036306242,-8.654428157824471,-41.522883482897335
205.99406041609,13.996779648930966,0.9999999999999998,3.3562117601477692,-8.654914707212129,-41.50448249379934
206.00354016101846,13.992846218342402,0.9999999999999998,3.35650671370596,-8.655401182115472,-41.48606104964298
206.01301952117083,13.988912282465522,0.9999999999999999,3.356801764323122,-8.65588758321373,-41.46761909990792
206.02249849655317,13.984977841300973,0.9999999999999999,3.3570969120170537,-8.65637391118613,-41.44915659407388
206.03197708717155,13.981042894849406,1.0,3.3573921568054432,-8.65686016671189,-41.43067348162056
206.04145529303213,13.977107443111471,0.9999999999999999,3.357687498705854,-8.657346350470238,-41.41216971202763
206.05093311414095,13.973171486087825,0.9999999999999998,3.357982937735723,-8.657832463140393,-41.393645234774795
206.06041055050426,13.969235023779113,0.9999999999999999,3.358278473912382,-8.658318505401564,-41.37509999934172
206.0698876021282,13.965298056185997,0.9999999999999999,3.358574107253029,-8.658804477932978,-41.35653395520813
206.07936426901895,13.96136058330914,0.9999999999999998,3.358869837774756,-8.659290381413834,-41.337947051853696
206.08884055118278,13.957422605149196,1.0,3.3591656654945266,-8.659776216523353,-41.31933923875813
