galstreams/tracks/track.st.NGC6397.ibata2024.ecsv
# %ECSV 1.0
# ---
# datatype:
# - {name: ra, unit: deg, datatype: float64}
# - {name: dec, unit: deg, datatype: float64}
# - {name: distance, unit: kpc, datatype: float64}
# - {name: pm_ra_cosdec, unit: mas / yr, datatype: float64}
# - {name: pm_dec, unit: mas / yr, datatype: float64}
# - {name: radial_velocity, unit: km / s, datatype: float64}
# delimiter: ','
# meta: !!omap
# - __serialized_columns__:
#     dec:
#       __class__: astropy.coordinates.angles.Latitude
#       unit: &id001 !astropy.units.Unit {unit: deg}
#       value: !astropy.table.SerializedColumn {name: dec}
#     distance:
#       __class__: astropy.coordinates.distances.Distance
#       unit: !astropy.units.Unit {unit: kpc}
#       value: !astropy.table.SerializedColumn {name: distance}
#     pm_dec:
#       __class__: astropy.units.quantity.Quantity
#       unit: !astropy.units.Unit {unit: mas / yr}
#       value: !astropy.table.SerializedColumn {name: pm_dec}
#     pm_ra_cosdec:
#       __class__: astropy.units.quantity.Quantity
#       unit: !astropy.units.Unit {unit: mas / yr}
#       value: !astropy.table.SerializedColumn {name: pm_ra_cosdec}
#     ra:
#       __class__: astropy.coordinates.angles.Longitude
#       unit: *id001
#       value: !astropy.table.SerializedColumn {name: ra}
#       wrap_angle: !astropy.coordinates.Angle
#         unit: *id001
#         value: 360.0
#     radial_velocity:
#       __class__: astropy.units.quantity.Quantity
#       unit: !astropy.units.Unit {unit: km / s}
#       value: !astropy.table.SerializedColumn {name: radial_velocity}
# schema: astropy-2.0
ra,dec,distance,pm_ra_cosdec,pm_dec,radial_velocity
[from data line 865]
276.4553619475114,-54.01894899148483,0.9999999999999999,4.774044706123021,-15.903947594961672,31.088281776783244
276.47233106452734,-54.01891391936544,0.9999999999999999,4.776228311213133,-15.901474027378189,31.118609798924357
276.4893002489616,-54.018876846226426,0.9999999999999998,4.778411234681838,-15.899000593932922,31.14895773171249
276.50626949840654,-54.01883776793086,1.0,4.7805934751258885,-15.896527294423723,31.179325520358223
276.52323881044737,-54.01879668034271,1.0,4.782775031140398,-15.894054128650112,31.20971311007208
276.5402081826624,-54.01875357932682,0.9999999999999997,4.784955901318806,-15.891581096413285,31.240120446064672
276.5571776126235,-54.01870846074891,0.9999999999999998,4.787136084252976,-15.889108197516066,31.27054747354654
276.57414709789555,-54.01866132047561,1.0,4.789315578533163,-15.886635431762983,31.300994137728253
276.5911166360363,-54.01861215437443,0.9999999999999998,4.791494382747923,-15.884162798960242,31.33146038382036
276.6080862245973,-54.018560958313806,0.9999999999999998,4.7936724954842855,-15.881690298915673,31.361946157033447
276.62505586112303,-54.018507728163016,0.9999999999999998,4.795849915327653,-15.879217931438795,31.39245140257808
276.64202554315096,-54.018452459792286,0.9999999999999998,4.79802664086175,-15.87674569634082,31.42297606566478
276.6589952682121,-54.01839514907274,0.9999999999999998,4.800202670668767,-15.874273593434587,31.453520091504192
276.6759650338305,-54.018335791876375,0.9999999999999997,4.80237800332927,-15.871801622534642,31.484083425306814
276.69293483752335,-54.01827438407613,0.9999999999999998,4.804552637422167,-15.8693297834572,31.514666012283186
276.7099046768013,-54.018210921545844,0.9999999999999998,4.806726571524847,-15.86685807602013,31.545267797643966
276.72687454916803,-54.01814540016026,0.9999999999999998,4.808899804213065,-15.864386500042981,31.57588872659966
276.7438444521205,-54.018077815795024,0.9999999999999999,4.811072334060951,-15.861915055347001,31.60652874436082
276.7608143831487,-54.018008164326744,0.9999999999999999,4.813244159641061,-15.859443741755088,31.637187796138015
276.7777843397364,-54.017936441632905,0.9999999999999999,4.815415279524405,-15.856972559091817,31.667865827141853
276.7947543193598,-54.01786264359194,0.9999999999999998,4.817585692280309,-15.854501507183459,31.698562782582854
276.8117243194889,-54.01778676608318,0.9999999999999997,4.819755396476585,-15.852030585857943,31.729278607671585
276.8286943375869,-54.017708804986896,0.9999999999999998,4.821924390679454,-15.84955979494488,31.76001324761863
276.84566437110993,-54.0176287561843,0.9999999999999998,4.824092673453504,-15.847089134275588,31.790766647634538
276.8626344175077,-54.017546615557535,0.9999999999999999,4.826260243361817,-15.844618603683013,31.821538752929907
276.8796044742228,-54.01746237898965,0.9999999999999997,4.828427098965813,-15.842148203001859,31.85232950871521
276.89657453869125,-54.01737604236465,0.9999999999999999,4.830593238825394,-15.83967793206843,31.883138860201132
276.9135446083426,-54.01728760156748,0.9999999999999998,4.832758661498908,-15.83720779072076,31.91396675259814
276.930514680599,-54.01719705248405,0.9999999999999999,4.834923365543045,-15.834737778798559,31.944813131116867
276.94748475287645,-54.01710439100114,0.9999999999999998,4.837087349513003,-15.832267896143229,31.975677940967817
276.96445482258395,-54.01700961300655,0.9999999999999998,4.839250611962421,-15.82979814259783,32.00656112736161
276.9814248871236,-54.016912714389015,0.9999999999999998,4.841413151443289,-15.827328518007146,32.03746263550875
276.99839494389107,-54.01681369103817,0.9999999999999999,4.843574966506128,-15.824859022217609,32.06838241061987
277.0153649902752,-54.016712538844644,0.9999999999999998,4.84573605569987,-15.822389655077377,32.09932039790545
277.0323350236578,-54.01660925370006,0.9999999999999999,4.8478964175718495,-15.819920416436261,32.13027654257616
277.0493050414144,-54.01650383149691,0.9999999999999998,4.850056050667896,-15.817451306145784,32.161250789842455
277.0662750409136,-54.01639626812872,0.9999999999999997,4.852214953532297,-15.814982324059155,32.19224308491498
277.0832450195171,-54.016286559489934,0.9999999999999997,4.8543731247077275,-15.812513470031272,32.22325337300427
277.10021497458,-54.016174701475975,0.9999999999999998,4.856530562735361,-15.81004474391872,32.25428159932087
277.117184903451,-54.01606068998324,0.9999999999999999,4.858687266154862,-15.80757614557978,32.285327709075375
277.1341548034713,-54.01594452090911,0.9999999999999998,4.860843233504243,-15.805107674874428,32.31639164747832
277.1511246719762,-54.015826190151905,0.9999999999999998,4.862998463320086,-15.802639331664338,32.34747335974032
277.168094506294,-54.01570569361091,0.9999999999999998,4.865152954137408,-15.800171115812848,32.37857279107186
277.1850643037459,-54.01558302718645,0.9999999999999999,4.867306704489631,-15.797703027185047,32.40968988668358
277.202034061647,-54.01545818677978,0.9999999999999997,4.8694597129087285,-15.795235065647663,32.440824591786004
277.2190037773053,-54.01533116829312,0.9999999999999996,4.871611977925106,-15.79276723106916,32.471976851589694
277.2359734480222,-54.015201967629736,0.9999999999999997,4.873763498067614,-15.790299523319677,32.503146611305226
277.25294307109255,-54.01507058069381,0.9999999999999998,4.8759142718636435,-15.787831942271044,32.53433381614319
277.26991264380405,-54.014937003390585,0.9999999999999997,4.878064297838987,-15.785364487796846,32.565538411314094
277.28688216343824,-54.01480123162622,0.9999999999999998,4.880213574517967,-15.78289715977229,32.59676034202852
277.30385162726975,-54.014663261307916,0.9999999999999998,4.882362100423414,-15.78042995807432,32.627999553497055
277.32082103256636,-54.014523088343886,0.9999999999999998,4.8845098740765565,-15.777962882581587,32.659255990930255
277.3377903765894,-54.014380708643266,0.9999999999999997,4.886656893997186,-15.77549593317444,32.690529599538664
277.3547596565935,-54.014236118116266,0.9999999999999996,4.888803158703578,-15.773029109734907,32.721820324532914
277.3717288698263,-54.01408931267407,0.9999999999999998,4.890948666712422,-15.770562412146763,32.75312811112345
277.3886980135292,-54.01394028822887,0.9999999999999998,4.893093416539009,-15.768095840295437,32.78445290452094
277.4056670849367,-54.01378904069386,0.9999999999999997,4.895237406697077,-15.765629394068096,32.81579464993589
277.42263608127644,-54.01363556598326,0.9999999999999996,4.897380635698832,-15.763163073353613,32.8471532925789
277.4396049997698,-54.01347986001226,0.9999999999999998,4.899523102055042,-15.760696878042527,32.87852877766051
277.4565738376313,-54.01332191869712,0.9999999999999996,4.901664804274963,-15.758230808027132,32.9099210503913
277.4735425920686,-54.013161737955095,0.9999999999999998,4.9038057408663125,-15.755764863201401,32.94133005598182
277.49051126028303,-54.01299931370445,0.9999999999999998,4.905945910335376,-15.753299043461016,32.97275573964265
277.5074798394691,-54.01283464186446,0.9999999999999998,4.908085311186946,-15.750833348703377,33.004198046584314
277.52444832681465,-54.01266771835547,0.9999999999999998,4.9102239419242775,-15.748367778827586,33.035656922017445
277.5414167195008,-54.01249853909882,0.9999999999999998,4.912361801049182,-15.745902333734456,33.06713231115255
277.55838501470237,-54.01232710001685,0.9999999999999998,4.914498887062022,-15.743437013326506,33.09862415920019
277.57535320958704,-54.012153397032996,0.9999999999999997,4.916635198461602,-15.740971817507969,33.13013241137098
277.5923213013161,-54.01197742607168,0.9999999999999998,4.918770733745297,-15.7385067461848,33.16165701287542
277.6092892870444,-54.01179918305838,0.9999999999999998,4.920905491409058,-15.736041799264632,33.19319790892419
277.6262571639197,-54.01161866391959,0.9999999999999998,4.923039469947248,-15.733576976656854,33.22475504472771
277.6432249290836,-54.01143586458287,0.9999999999999998,4.925172667852882,-15.731112278272526,33.25632836549662
277.6601925796706,-54.01125078097681,0.9999999999999998,4.927305083617407,-15.728647704024471,33.287917816441464
277.6771601128089,-54.01106340903106,0.9999999999999998,4.929436715730888,-15.72618325382718,33.31952334277281
277.69412752562016,-54.010873744676275,0.9999999999999997,4.931567562681909,-15.72371892759687,33.351144889701224
277.7110948152191,-54.01068178384421,0.9999999999999998,4.933697622957556,-15.721254725251487,33.38278240243728
277.72806197871387,-54.01048752246765,0.9999999999999997,4.935826895043493,-15.718790646710689,33.414435826191514
277.74502901320636,-54.010290956480425,0.9999999999999998,4.937955377423955,-15.716326691895839,33.44610510617453
277.76199591579143,-54.01009208181744,0.9999999999999997,4.940083068581667,-15.713862860730032,33.47779018759688
277.77896268355744,-54.009890894414646,0.9999999999999998,4.9422099669979405,-15.711399153138075,33.50949101566908
277.79592931358644,-54.00968739020906,0.9999999999999997,4.94433607115268,-15.70893556904647,33.54120753560177
277.8128958029534,-54.00948156513876,0.9999999999999997,4.946461379524255,-15.706472108383485,33.572939692605466
277.82986214872705,-54.0092734151429,0.9999999999999998,4.948585890589665,-15.704008771079081,33.60468743189074
277.8468283479695,-54.00906293616167,0.9999999999999997,4.950709602824489,-15.701545557064918,33.63645069866814
277.86379439773606,-54.008850124136394,0.9999999999999999,4.952832514702785,-15.699082466274414,33.66822943814829
277.88076029507556,-54.0086349750094,0.9999999999999997,4.95495462469725,-15.696619498642693,33.70002359554167
277.8977260370304,-54.00841748472411,0.9999999999999997,4.957075931279157,-15.694156654106589,33.731833116058915
277.9146916206361,-54.00819764922507,0.9999999999999996,4.959196432918287,-15.69169393260468,33.763657944910555
277.9316570429218,-54.00797546445784,0.9999999999999997,4.961316128083043,-15.689231334077247,33.79549802730714
277.9486223009102,-54.0077509263691,0.9999999999999996,4.963435015240441,-15.686768858466303,33.82735330845926
277.965587391617,-54.007524030906616,0.9999999999999997,4.965553092855974,-15.684306505715583,33.8592237335775
277.9825523120517,-54.00729477401922,0.9999999999999997,4.96767035939381,-15.681844275770551,33.89110924787239
277.9995170592173,-54.00706315165682,0.9999999999999997,4.969786813316687,-15.679382168578385,33.92300979655448
278.01648163010975,-54.00682915977049,0.9999999999999998,4.971902453085882,-15.676920184088,33.95492532483436
278.0334460217189,-54.00659279431231,0.9999999999999997,4.974017277161308,-15.67445832225004,33.98685577792259
278.050410231028,-54.00635405123548,0.9999999999999998,4.976131284001495,-15.671996583016838,34.018801101029744
278.06737425501353,-54.00611292649435,0.9999999999999997,4.978244472063483,-15.669534966342514,34.05076123936636
278.0843380906456,-54.005869416044305,0.9999999999999999,4.98035683980299,-15.667073472182857,34.08273613814304
278.1013017348878,-54.005623515841854,0.9999999999999997,4.982468385674319,-15.664612100495422,34.114725742570286
278.11826518469695,-54.00537522184463,0.9999999999999998,4.98457910813033,-15.662150851239488,34.14672999785875
278.13522843702367,-54.005124530011344,0.9999999999999998,4.986689005622566,-15.65968972437603,34.17874884921892
278.1521914888116,-54.004871436301855,0.9999999999999997,4.988798076601089,-15.6572287198678,34.2107822418614
278.16915433699836,-54.00461593667708,0.9999999999999997,4.9909063195146555,-15.654767837679245,34.24283012099672
278.18611697851486,-54.00435802709908,0.9999999999999997,4.993013732810623,-15.65230707777655,34.274892431835504
278.20307941028517,-54.00409770353105,0.9999999999999997,4.99512031493489,-15.649846440127638,34.30696911958822
278.22004162922724,-54.00383496193729,0.9999999999999997,4.997226064332052,-15.647385924702164,34.33906012946552
278.23700363225254,-54.003569798283195,0.9999999999999997,4.999330979445342,-15.644925531471486,34.37116540667793
278.25396541626554,-54.003302208535324,0.9999999999999996,5.001435058716521,-15.642465260408741,34.40328489643604
278.27092697816465,-54.00303218866133,0.9999999999999998,5.003538300586063,-15.640005111488769,34.435418543950384
278.2878883148419,-54.00275973462999,0.9999999999999998,5.005640703493072,-15.637545084688119,34.46756629443153
278.30484942318225,-54.00248484241127,0.9999999999999998,5.007742265875219,-15.63508517998514,34.49972809309006
278.3218103000645,-54.00220750797619,0.9999999999999997,5.009842986168854,-15.632625397359863,34.531903885136494
278.33877094236124,-54.001927727296966,0.9999999999999997,5.011942862809,-15.630165736794034,34.56409361578149
278.3557313469379,-54.00164549634692,0.9999999999999997,5.014041894229223,-15.627706198271209,34.596297230235514
278.372691510654,-54.0013608111005,0.9999999999999998,5.016140078861823,-15.625246781776607,34.628514673709184
278.38965143036245,-54.00107366753331,0.9999999999999997,5.018237415137728,-15.622787487297222,34.66074589141301
278.40661110290944,-54.00078406162213,0.9999999999999997,5.020333901486471,-15.620328314821773,34.692990828557626
278.42357052513495,-54.00049198934484,0.9999999999999997,5.022429536336263,-15.617869264340698,34.725249430353536
278.44052969387246,-54.00019744668048,0.9999999999999997,5.024524318114017,-15.615410335846196,34.75752164201138
278.45748860594875,-53.99990042960927,0.9999999999999997,5.026618245245195,-15.612951529332186,34.78980740874164
278.47444725818445,-53.99960093411253,0.9999999999999998,5.028711316154008,-15.610492844794344,34.82210667575491
278.4914056473936,-53.99929895617277,0.9999999999999997,5.030803529263326,-15.60803428223005,34.85441938826175
278.5083637703837,-53.99899449177367,0.9999999999999998,5.032894882994612,-15.605575841638462,34.88674549147276
278.5253216239561,-53.99868753690003,0.9999999999999998,5.034985375768089,-15.603117523020437,34.91908493059845
278.54227920490507,-53.998378087537844,0.9999999999999999,5.0370750060025555,-15.600659326378612,34.95143765084945
278.55923651001916,-53.99806613967425,0.9999999999999996,5.039163772115552,-15.598201251717331,34.98380359743623
278.57619353608015,-53.99775168929755,0.9999999999999997,5.041251672523295,-15.595743299042677,35.01618271556942
278.5931502798633,-53.99743473239725,0.9999999999999997,5.043338705640617,-15.593285468362492,35.0485749504596
278.61010673813763,-53.997115264963995,0.9999999999999998,5.045424869881085,-15.59082775968635,35.08098024731731
278.62706290766573,-53.996793282989586,0.9999999999999997,5.047510163656972,-15.588370173025556,35.11339855135308
278.64401878520346,-53.99646878246705,0.9999999999999997,5.049594585379138,-15.58591270839317,35.14582980777751
278.66097436750067,-53.99614175939053,0.9999999999999998,5.051678133457231,-15.583455365803983,35.178273961801146
278.67792965130064,-53.99581220975542,0.9999999999999998,5.053760806299565,-15.580998145274531,35.2107309586346
278.69488463334005,-53.995480129558246,0.9999999999999997,5.055842602313095,-15.578541046823101,35.24320074348835
278.71183931034943,-53.99514551479672,0.9999999999999994,5.057923519903547,-15.576084070469696,35.27568326157304
278.72879367905296,-53.994808361469744,0.9999999999999996,5.060003557475319,-15.57362721623607,35.30817845809922
278.74574773616797,-53.99446866557743,0.9999999999999996,5.062082713431474,-15.571170484145759,35.34068627827741
278.7627014784059,-53.994126423121074,0.9999999999999996,5.064160986173829,-15.568713874223981,35.37320666731822
278.77965490247175,-53.99378163010312,0.9999999999999996,5.066238374102916,-15.566257386497734,35.40573957043219
278.7966080050636,-53.99343428252729,0.9999999999999996,5.068314875617904,-15.563801020995765,35.43828493282987
278.81356078287376,-53.99308437639842,0.9999999999999996,5.070390489116758,-15.56134477774853,35.47084269972184
278.8305132325881,-53.9927319077226,0.9999999999999997,5.072465212996141,-15.558888656788247,35.50341281631872
278.8474653508856,-53.992376872507094,0.9999999999999997,5.074539045651371,-15.55643265814891,35.53599522783097
