galstreams/tracks/track.st.Jhelum-b.shipp2019.ecsv
# %ECSV 0.9
# ---
# datatype:
# - {name: ra, unit: deg, datatype: float64}
# - {name: dec, unit: deg, datatype: float64}
# - {name: distance, unit: kpc, datatype: float64}
# - {name: pm_ra_cosdec, unit: mas / yr, datatype: float64}
# - {name: pm_dec, unit: mas / yr, datatype: float64}
# - {name: radial_velocity, unit: km / s, datatype: float64}
# delimiter: ','
# meta: !!omap
# - __serialized_columns__:
#     dec:
#       __class__: astropy.coordinates.angles.Latitude
#       unit: &id001 !astropy.units.Unit {unit: deg}
#       value: !astropy.table.SerializedColumn {name: dec}
#     distance:
#       __class__: astropy.coordinates.distances.Distance
#       unit: !astropy.units.Unit {unit: kpc}
#       value: !astropy.table.SerializedColumn {name: distance}
#     pm_dec:
#       __class__: astropy.units.quantity.Quantity
#       unit: !astropy.units.Unit {unit: mas / yr}
#       value: !astropy.table.SerializedColumn {name: pm_dec}
#     pm_ra_cosdec:
#       __class__: astropy.units.quantity.Quantity
#       unit: !astropy.units.Unit {unit: mas / yr}
#       value: !astropy.table.SerializedColumn {name: pm_ra_cosdec}
#     ra:
#       __class__: astropy.coordinates.angles.Longitude
#       unit: *id001
#       value: !astropy.table.SerializedColumn {name: ra}
#       wrap_angle: !astropy.coordinates.Angle
#         unit: *id001
#         value: 360.0
#     radial_velocity:
#       __class__: astropy.units.quantity.Quantity
#       unit: !astropy.units.Unit {unit: km / s}
#       value: !astropy.table.SerializedColumn {name: radial_velocity}
# schema: astropy-2.0
ra,dec,distance,pm_ra_cosdec,pm_dec,radial_velocity
[from data line 552]
350.73178965447664,-51.20729213417586,13.199999999991787,7.500088274349823,-4.940425341498612,1.0603514177606547e-08
350.74784687088055,-51.20741201621506,13.199999999991775,7.500891074405516,-4.938542925288941,1.0637483552208452e-08
350.7639041686755,-51.20752969077361,13.199999999991757,7.501693432331674,-4.936660359934448,1.0671436085276098e-08
350.7799615463147,-51.20764515779952,13.199999999991741,7.5024953479534,-4.934777645746012,1.0705237044535404e-08
350.7960190022515,-51.207758417241166,13.199999999991729,7.503296821096016,-4.932894783034609,1.073917273606879e-08
350.81207653493897,-51.20786946904733,13.19999999999171,7.504097851585085,-4.931011772111347,1.0773108427602176e-08
350.82813414283004,-51.20797831316716,13.199999999991698,7.504898439246366,-4.9291286132874435,1.0806959911464263e-08
350.84419182437773,-51.20808494955021,13.199999999991682,7.505698583905874,-4.9272453068742195,1.0840946127600427e-08
350.8602495780347,-51.208189378146415,13.199999999991665,7.506498285389821,-4.925361853183127,1.0874646037654176e-08
350.8763074022539,-51.20829159890611,13.199999999991652,7.507297543524674,-4.923478252525708,1.0908598570721821e-08
350.8923652954878,-51.20839161177996,13.199999999991638,7.508096358137095,-4.921594505213635,1.0942315322309831e-08
350.908423256189,-51.20848941671914,13.199999999991618,7.508894729054009,-4.919710611558685,1.0976368904583034e-08
350.92448128280995,-51.20858501367507,13.199999999991606,7.509692656102528,-4.917826571872745,1.1010388803787718e-08
350.9405393738029,-51.20867840259966,13.19999999999159,7.510490139110011,-4.915942386467823,1.1044223446115545e-08
350.95659752762015,-51.20876958344518,13.199999999991578,7.51128717790404,-4.914058055656031,1.1077957039237815e-08
350.972655742714,-51.20885855616426,13.199999999991562,7.512083772312429,-4.912173579749583,1.1112010621511018e-08
350.9887140175363,-51.20894532070995,13.199999999991544,7.512879922163212,-4.9102889590608285,1.1145828422304585e-08
351.00477235053927,-51.20902987703567,13.19999999999153,7.513675627284644,-4.908404193902202,1.1179629381563892e-08
351.0208307401747,-51.20911222509525,13.199999999991517,7.51447088750522,-4.90651928458626,1.121349770696024e-08
351.03688918489445,-51.209192364842885,13.199999999991496,7.515265702653657,-4.904634231425674,1.1247382873890846e-08
351.05294768315025,-51.20927029623318,13.199999999991483,7.516060072558897,-4.902749034733211,1.1281335406958491e-08
351.06900623339374,-51.209346019221094,13.19999999999147,7.516853997050102,-4.900863694821767,1.131498479240946e-08
351.0850648340765,-51.20941953376203,13.199999999991451,7.517647475956686,-4.898978212004327,1.1348903642408586e-08
351.10112348365016,-51.20949083981172,13.199999999991437,7.518440509108267,-4.897092586593988,1.138290670007901e-08
351.1171821805659,-51.209559937326325,13.199999999991421,7.519233096334699,-4.895206818903976,1.1416876074680915e-08
351.13324092327525,-51.209626826262365,13.199999999991407,7.5200252374660606,-4.893320909247603,1.1450559143200405e-08
351.1492997102294,-51.20969150657678,13.19999999999139,7.520816932332664,-4.891434857938297,1.1484427468596753e-08
351.1653585398795,-51.20975397822687,13.199999999991375,7.52160818076505,-4.889548665289597,1.151819474478754e-08
351.1814174106768,-51.209814241170335,13.199999999991357,7.522398982593983,-4.887662331615138,1.1552214643992225e-08
351.1974763210722,-51.20987229536527,13.199999999991343,7.523189337650457,-4.885775857228679,1.158613349399135e-08
351.2135352695166,-51.20992814077017,13.199999999991329,7.523979245765695,-4.883889242444081,1.1619681830236762e-08
351.2295942544611,-51.20998177734386,13.199999999991311,7.5247687067711535,-4.882002487575299,1.1653550155633108e-08
351.24565327435647,-51.21003320504563,13.199999999991297,7.525557720498514,-4.880115592936406,1.1687418481029455e-08
351.26171232765336,-51.21008242383511,13.199999999991281,7.526346286779684,-4.878228558841581,1.172138785563136e-08
351.27777141280245,-51.210129433672336,13.199999999991265,7.527134405446804,-4.8763413856051105,1.1755121448753627e-08
351.2938305282545,-51.21017423451772,13.199999999991249,7.527922076332247,-4.874454073541378,1.1788956091081456e-08
351.3098896724599,-51.21021682633208,13.199999999991235,7.528709299268607,-4.872566622964879,1.1822824416477801e-08
351.3259488438693,-51.21025720907661,13.199999999991217,7.529496074088718,-4.870679034190214,1.1856844315682486e-08
351.34200804093297,-51.2102953827129,13.199999999991205,7.530282400625636,-4.8687913075320886,1.1890628433407533e-08
351.35806726210126,-51.210331347202924,13.199999999991187,7.531068278712649,-4.866903443305318,1.1924260977324243e-08
351.3741265058246,-51.21036510250905,13.19999999999117,7.531853708183281,-4.8650154418247995,1.1958348242665966e-08
351.39018577055316,-51.21039664859403,13.199999999991155,7.532638688871275,-4.863127303405568,1.1992064994253977e-08
351.4062450547371,-51.21042598542098,13.199999999991139,7.5334232206106115,-4.861239028362732,1.2025882795047543e-08
351.4223043568265,-51.21045311295349,13.199999999991123,7.534207303235502,-4.859350617011528,1.2059565863567032e-08
351.43836367527155,-51.21047803115543,13.19999999999111,7.534990936580391,-4.857462069667268,1.2093686811977276e-08
351.4544230085221,-51.21050073999112,13.19999999999109,7.535774120479944,-4.855573386645402,1.2127386722031025e-08
351.47048235502814,-51.210521239425276,13.199999999991078,7.536556854769067,-4.853684568261451,1.216133925509867e-08
351.4865417132396,-51.21053952942297,13.199999999991062,7.537339139282894,-4.851795614831062,1.21950054820839e-08
351.5026010816063,-51.21055560994965,13.199999999991045,7.538120973856795,-4.849906526669963,1.2228907490548765e-08
351.51866045857804,-51.210569480971245,13.199999999991029,7.538902358326357,-4.848017304094002,1.2262792657479372e-08
351.5347198426045,-51.21058114245395,13.199999999991014,7.539683292527411,-4.846127947419122,1.2296391518327562e-08
351.5507792321354,-51.21059059436444,13.199999999990998,7.5404637762960265,-4.844238456961359,1.2330327209860948e-08
351.56683862562045,-51.21059783666973,13.199999999990983,7.541243809468482,-4.842348833036865,1.2364195535257295e-08
351.5828980215091,-51.21060286933725,13.199999999990967,7.542023391881307,-4.840459075961885,1.2397929128379563e-08
351.5989574182509,-51.21060569233481,13.199999999990949,7.542802523371258,-4.838569186052766,1.243174692917313e-08
351.6150168142955,-51.210606305630606,13.199999999990936,7.543581203775326,-4.83667916362595,1.2465564729966698e-08
351.63107620809217,-51.21060470919322,13.199999999990917,7.544359432930727,-4.834789008997989,1.2499365689226005e-08
351.6471355980904,-51.210600902991615,13.199999999990903,7.545137210674916,-4.832898722485529,1.2533048757745495e-08
351.6631949827396,-51.2105948869952,13.199999999990887,7.54591453684558,-4.831008304405314,1.2566866558539062e-08
351.67925436048904,-51.21058666117371,13.199999999990869,7.546691411280634,-4.82911775507419,1.2600616993195591e-08
351.695313729788,-51.21057622549729,13.199999999990853,7.547467833818235,-4.827227074809101,1.2634535843194716e-08
351.71137308908567,-51.210563579936455,13.199999999990837,7.548243804296765,-4.825336263927089,1.2668353643988284e-08
351.72743243683135,-51.210548724462136,13.199999999990819,7.549019322554837,-4.8234453227452985,1.2702137761713331e-08
351.74349177147417,-51.21053165904567,13.199999999990807,7.549794388431308,-4.821554251580966,1.2735905037904119e-08
351.7595510914632,-51.21051238365874,13.199999999990789,7.550569001765262,-4.8196630507514335,1.2769655472560648e-08
351.77561039524767,-51.21049089827342,13.199999999990771,7.55134316239602,-4.817771720574131,1.2803506956422734e-08
351.7916696812766,-51.210467202862205,13.199999999990755,7.552116870163129,-4.815880261366591,1.2837307915682042e-08
351.80772894799884,-51.21044129739798,13.199999999990741,7.552890124906374,-4.813988673446449,1.2870957301133012e-08
351.8237881938636,-51.21041318185397,13.199999999990725,7.553662926465777,-4.812096957131425,1.29046403696525e-08
351.83984741731985,-51.210382856203864,13.199999999990707,7.554435274681602,-4.810205112739343,1.2938508695048847e-08
351.8559066168164,-51.21035032042166,13.19999999999069,7.5552071693943255,-4.808313140588123,1.2972292812773895e-08
351.8719657908023,-51.21031557448179,13.199999999990677,7.555978610444673,-4.806421040995775,1.3006228504307281e-08
351.88802493772624,-51.21027861835909,13.19999999999066,7.556749597673604,-4.8045288142804194,1.303996209742955e-08
351.9040840560373,-51.21023945202876,13.199999999990643,7.557520130922311,-4.802636460760256,1.3073712532086077e-08
351.9201431441841,-51.21019807546637,13.199999999990625,7.558290210032218,-4.800743980753583,1.3107614540550943e-08
351.93620220061564,-51.21015448864793,13.199999999990611,7.559059834844988,-4.7988513745788,1.3141381816741731e-08
351.95226122378057,-51.21010869154979,13.199999999990593,7.559829005202521,-4.796958642554402,1.317514909293252e-08
351.9683202121277,-51.21006068414874,13.199999999990574,7.56059772094695,-4.79506578499897,1.3208933210657568e-08
351.98437916410575,-51.210010466421906,13.199999999990562,7.561365981920631,-4.793172802231177,1.3242751011451136e-08
352.0004380781635,-51.20995803834684,13.199999999990546,7.562133787966186,-4.7912796945698055,1.3276400396902106e-08
352.01649695274955,-51.209903399901485,13.19999999999053,7.562901138926434,-4.789386462333718,1.3310100306955855e-08
352.0325557863126,-51.20984655106413,13.199999999990512,7.5636680346444685,-4.7874931058418735,1.3343783375475343e-08
352.0486145773015,-51.2097874918135,13.199999999990496,7.564434474963589,-4.78559962541332,1.337766854240595e-08
352.06467332416474,-51.2097262221287,13.19999999999048,7.565200459727345,-4.783706021367207,1.3411435818596737e-08
352.0807320253509,-51.20966274198922,13.199999999990464,7.5659659887795145,-4.7818122940227745,1.3445017837910668e-08
352.0967906793088,-51.20959705137493,13.199999999990446,7.566731061964126,-4.7799184436993425,1.3479037737115352e-08
352.1128492844869,-51.20952915026608,13.19999999999043,7.56749567912542,-4.778024470716349,1.3512602914895024e-08
352.12890783933386,-51.20945903864335,13.199999999990414,7.568259840107902,-4.776130375393288,1.3546387032620071e-08
352.1449663422983,-51.20938671648777,13.199999999990396,7.569023544756294,-4.774236158049777,1.3580103784208081e-08
352.16102479182877,-51.2093121837808,13.199999999990379,7.569786792915563,-4.772341819005503,1.3614005792672947e-08
352.1770831863738,-51.20923544050423,13.199999999990364,7.570549584430908,-4.770447358580256,1.3647705702726696e-08
352.19314152438204,-51.20915648664031,13.199999999990348,7.571311919147771,-4.768552777093914,1.3681405612780446e-08
352.209199804302,-51.20907532217161,13.19999999999033,7.572073796911831,-4.766658074866439,1.3715273938176791e-08
352.2252580245823,-51.20899194708113,13.199999999990315,7.5728352175689935,-4.76476325221789,1.374892332362776e-08
352.24131618367136,-51.20890636135227,13.199999999990299,7.57359618096541,-4.762868309468417,1.3782454818338913e-08
352.2573742800179,-51.2088185649688,13.19999999999028,7.574356686947481,-4.760973246938248,1.3816373668338039e-08
352.27343231207044,-51.20872855791486,13.199999999990267,7.575116735361817,-4.75907806494771,1.384998937072049e-08
352.28949027827747,-51.20863634017502,13.199999999990249,7.575876326055295,-4.75718276381722,1.3883706122308498e-08
352.30554817708753,-51.208541911734216,13.199999999990231,7.576635458875008,-4.755287343867275,1.3917507081567806e-08
352.3216060069493,-51.20844527257776,13.199999999990215,7.577394133668297,-4.753391805418467,1.3951240674690074e-08
352.3376637663112,-51.208346422691406,13.1999999999902,7.578152350282743,-4.751496148791473,1.3984991109346603e-08
352.3537214536219,-51.208245362061234,13.19999999999018,7.578910108566161,-4.7496003743070565,1.4018859434742948e-08
352.36977906732983,-51.20814209067375,13.199999999990165,7.579667408366595,-4.747704482286082,1.4052390929454101e-08
352.38583660588375,-51.20803660851586,13.19999999999015,7.580424249532361,-4.745808473049472,1.4086309779453226e-08
352.4018940677321,-51.207928915574804,13.199999999990132,7.5811806319119714,-4.7439123469182665,1.4120009689506976e-08
352.41795145132346,-51.20781901183827,13.199999999990116,7.5819365553542,-4.7420161042135796,1.4153524342683867e-08
352.43400875510656,-51.20770689729432,13.199999999990096,7.582692019708061,-4.740119745256604,1.4187274777340396e-08
352.45006597752996,-51.20759257193139,13.19999999999008,7.583447024822798,-4.738223270368628,1.4221042053531184e-08
352.4661231170422,-51.20747603573833,13.199999999990064,7.584201570547902,-4.736326679871023,1.4254741963584933e-08
352.482180172092,-51.20735728870435,13.199999999990048,7.5849556567331,-4.734429974085246,1.428862713051554e-08
352.49823714112796,-51.207236330819065,13.199999999990027,7.585709283228353,-4.732533153332847,1.432220914982947e-08
352.5142940225988,-51.207113162072474,13.199999999990013,7.586462449883871,-4.730636217935443,1.4355774327609142e-08
352.5303508149531,-51.20698778245499,13.199999999989995,7.587215156550097,-4.728739168214748,1.4389474237662891e-08
352.54640751663976,-51.20686019195738,13.199999999989979,7.587967403077716,-4.726842004492554,1.4423426770730535e-08
352.5624641261073,-51.20673039057081,13.199999999989963,7.588719189317652,-4.724944727090752,1.4457076156181506e-08
352.57852064180446,-51.20659837828686,13.199999999989945,7.58947051512107,-4.7230473363313035,1.4490691858563955e-08
352.5945770621802,-51.206464155097464,13.199999999989927,7.590221380339377,-4.721149832536248,1.4524408610151964e-08
352.610633385683,-51.20632772099497,13.199999999989911,7.590971784824214,-4.7192522160277255,1.4557990629465896e-08
352.6266896107619,-51.206189075972134,13.199999999989894,7.591721728427473,-4.71735448712794,1.4591943162533542e-08
352.6427457358656,-51.20604822002202,13.199999999989876,7.592471211001269,-4.715456646159198,1.4625508340313211e-08
352.65880175944307,-51.20590515313818,13.199999999989862,7.5932202323979725,-4.713558693443871,1.4659174567298442e-08
352.67485767994305,-51.205759875314484,13.19999999998984,7.593968792470195,-4.71166062930442,1.4692874477352191e-08
352.69091349581447,-51.20561238654525,13.199999999989826,7.594716891070777,-4.709762454063389,1.472654070433742e-08
352.70696920550637,-51.20546268682513,13.199999999989807,7.5954645280528155,-4.707864168043403,1.4760324822062467e-08
352.72302480746754,-51.205310776149204,13.199999999989794,7.596211703269627,-4.705965771567167,1.4793889999842139e-08
352.7390803001471,-51.205156654512926,13.199999999989775,7.596958416574794,-4.704067264957466,1.4827690959101447e-08
352.75513568199403,-51.20500032191215,13.199999999989755,7.59770466782212,-4.702168648537173,1.4861340344552417e-08
352.7711909514574,-51.204841778343095,13.19999999998974,7.598450456865665,-4.700269922629224,1.4895040254606166e-08
352.7872461069863,-51.20468102380239,13.199999999989725,7.5991957835597175,-4.698371087556653,1.4928790689262695e-08
352.80330114702974,-51.20451805828705,13.199999999989705,7.599940647758816,-4.69647214364257,1.4962440074713663e-08
352.81935607003703,-51.20435288179449,13.19999999998969,7.6006850493177405,-4.69457309121016,1.4996123143233153e-08
352.8354108744573,-51.20418549432247,13.199999999989672,7.601428988091505,-4.692673930582686,1.5029755687149864e-08
352.85146555873973,-51.20401589586921,13.199999999989654,7.602172463935373,-4.690774662083498,1.5063405072600832e-08
352.86752012133365,-51.20384408643326,13.199999999989638,7.602915476704853,-4.688875286036017,1.5096902884243467e-08
352.88357456068843,-51.203670066013586,13.19999999998962,7.603658026255686,-4.686975802763742,1.5130720685037034e-08
352.89962887525337,-51.20349383460953,13.199999999989602,7.604400112443862,-4.68507621259026,1.516440375355652e-08
352.9156830634778,-51.20331539222085,13.199999999989585,7.605141735125608,-4.683176515839228,1.5198036297473233e-08
