galstreams/tracks/track.st.New-2.ibata2024.ecsv
# %ECSV 1.0
# ---
# datatype:
# - {name: ra, unit: deg, datatype: float64}
# - {name: dec, unit: deg, datatype: float64}
# - {name: distance, unit: kpc, datatype: float64}
# - {name: pm_ra_cosdec, unit: mas / yr, datatype: float64}
# - {name: pm_dec, unit: mas / yr, datatype: float64}
# - {name: radial_velocity, unit: km / s, datatype: float64}
# delimiter: ','
# meta: !!omap
# - __serialized_columns__:
#     dec:
#       __class__: astropy.coordinates.angles.Latitude
#       unit: &id001 !astropy.units.Unit {unit: deg}
#       value: !astropy.table.SerializedColumn {name: dec}
#     distance:
#       __class__: astropy.coordinates.distances.Distance
#       unit: !astropy.units.Unit {unit: kpc}
#       value: !astropy.table.SerializedColumn {name: distance}
#     pm_dec:
#       __class__: astropy.units.quantity.Quantity
#       unit: !astropy.units.Unit {unit: mas / yr}
#       value: !astropy.table.SerializedColumn {name: pm_dec}
#     pm_ra_cosdec:
#       __class__: astropy.units.quantity.Quantity
#       unit: !astropy.units.Unit {unit: mas / yr}
#       value: !astropy.table.SerializedColumn {name: pm_ra_cosdec}
#     ra:
#       __class__: astropy.coordinates.angles.Longitude
#       unit: *id001
#       value: !astropy.table.SerializedColumn {name: ra}
#       wrap_angle: !astropy.coordinates.Angle
#         unit: *id001
#         value: 360.0
#     radial_velocity:
#       __class__: astropy.units.quantity.Quantity
#       unit: !astropy.units.Unit {unit: km / s}
#       value: !astropy.table.SerializedColumn {name: radial_velocity}
# schema: astropy-2.0
ra,dec,distance,pm_ra_cosdec,pm_dec,radial_velocity
[from data line 3861]
40.68379097215208,3.6869731002743915,1.0000000000000004,-12.42445153695378,-41.81696193363404,185.5584297401649
40.6934616334212,3.6857904463152376,1.0000000000000004,-12.431940502270963,-41.8208788931211,185.55745699856342
40.703132388952675,3.68460876126873,1.0000000000000007,-12.439430378180848,-41.82479477035827,185.5564823993718
40.71280323896844,3.6834280467779488,1.0000000000000004,-12.446921163996299,-41.828709566284836,185.55550595283736
40.72247418369043,3.6822483044859684,1.0000000000000004,-12.45441285903019,-41.832623281840085,185.55452766920737
40.73214522334065,3.681069536035863,1.0000000000000007,-12.461905462595515,-41.83653591796342,185.55354755872892
40.74181635814119,3.6798917430706966,1.0000000000000004,-12.46939897400527,-41.840447475594274,185.5525656316494
40.75148758831414,3.678714927233536,1.0000000000000004,-12.476893392572523,-41.84435795567213,185.55158189821597
40.76115891408172,3.6775390901674414,1.0000000000000004,-12.484388717610418,-41.84826735913649,185.55059636867594
40.77083033566611,3.676364233515467,1.0000000000000004,-12.491884948432102,-41.85217568692696,185.54960905327638
40.780501853289636,3.6751903589206685,1.0000000000000004,-12.49938208435083,-41.85608293998318,185.54861996226475
40.79017346717459,3.6740174680260913,1.0000000000000007,-12.506880124679862,-41.85998911924483,185.54762910588818
40.79984517754339,3.6728455624747824,1.0000000000000007,-12.514379068732566,-41.863894225651656,185.54663649439385
40.80951698461848,3.671674643909783,1.0000000000000004,-12.521878915822324,-41.86779826014345,185.54564213802908
40.81918888862235,3.6705047139741307,1.0000000000000004,-12.52937966526257,-41.87170122366005,185.5446460470411
40.828860889777545,3.6693357743108557,1.0000000000000007,-12.536881316366813,-41.87560311714134,185.54364823167717
40.838532988306696,3.668167826562991,1.0000000000000007,-12.544383868448623,-41.879503941527304,185.54264870218447
40.848205184432416,3.6670008723735625,1.0000000000000004,-12.55188732082158,-41.88340369775793,185.54164746881023
40.85787747837747,3.665834913385592,1.0000000000000004,-12.559391672799366,-41.88730238677325,185.54064454180175
40.86754987036457,3.664669951242096,1.0000000000000007,-12.56689692369568,-41.891200009513355,185.53963993140616
40.87722236061658,3.6635059875860914,1.0000000000000004,-12.574403072824307,-41.89509656691846,185.53863364787085
40.88689494935634,3.662343024060588,1.0000000000000007,-12.58191011949907,-41.8989920599287,185.53762570144298
40.896567636806786,3.6611810623085934,1.0000000000000004,-12.589418063033841,-41.902886489484395,185.5366161023698
40.9062404231909,3.6600201039731095,1.0000000000000004,-12.596926902742549,-41.90677985652582,185.53560486089845
40.915913308731724,3.6588601506971354,1.0000000000000007,-12.604436637939195,-41.91067216199335,185.5345919872764
40.925586293652316,3.6577012041236703,1.0000000000000004,-12.611947267937797,-41.91456340682738,185.53357749175063
40.935259378175836,3.6565432658957024,1.0000000000000004,-12.61945879205246,-41.918453591968394,185.5325613845686
40.94493256252546,3.655386337656223,1.0000000000000004,-12.626971209597333,-41.922342718356916,185.5315436759773
40.954605846924444,3.654230421048213,1.0000000000000004,-12.63448451988661,-41.926230786933495,185.53052437622426
40.964279231596066,3.6530755177146568,1.0000000000000007,-12.641998722234554,-41.93011779863874,185.5295034955565
40.9739527167637,3.6519216292985295,1.0000000000000004,-12.649513815955462,-41.93400375441336,185.52848104422134
40.98362630265071,3.6507687574428043,1.0000000000000007,-12.657029800363699,-41.93788865519806,185.52745703246603
40.993299989480604,3.6496169037904496,1.0000000000000004,-12.664546674773684,-41.94177250193359,185.52643147053766
41.002973777476846,3.6484660699844333,1.0000000000000007,-12.672064438499888,-41.945655295560826,185.52540436868375
41.01264766686302,3.647316257667718,1.0000000000000002,-12.679583090856832,-41.949537037020605,185.52437573715122
41.022321657862726,3.64616746848326,1.0000000000000004,-12.687102631159094,-41.95341772725388,185.52334558618756
41.031995750699636,3.645019704074015,1.0000000000000007,-12.694623058721302,-41.95729736720158,185.52231392603989
41.04166994559746,3.6438729660829337,1.0000000000000004,-12.70214437285815,-41.961175957804805,185.52128076695547
41.05134424277999,3.6427272561529644,1.0000000000000004,-12.709666572884373,-41.965053500004615,185.52024611918154
41.06101864247102,3.641582575927047,1.0000000000000007,-12.717189658114753,-41.968929994742105,185.51920999296536
41.070693144894435,3.6404389270481263,1.0000000000000007,-12.72471362786415,-41.97280544295852,185.51817239855416
41.08036775027418,3.639296311159136,1.0000000000000007,-12.732238481447459,-41.97667984559506,185.51713334619512
41.09004245883421,3.638154729903009,1.0000000000000004,-12.739764218179637,-41.98055320359303,185.5160928461355
41.09971727079857,3.637014184922673,1.0000000000000004,-12.747290837375676,-41.98442551789373,185.51505090862258
41.10939218639133,3.6358746778610542,1.0000000000000004,-12.754818338350649,-41.988296789438586,185.51400754390366
41.11906720583665,3.634736210361074,1.0000000000000004,-12.76234672041967,-41.99216701916905,185.51296276222587
41.128742329358694,3.633598784065651,1.0000000000000002,-12.769875982897926,-41.99603620802661,185.51191657383643
41.138417557181725,3.632462400617697,1.0000000000000004,-12.7774061251006,-41.99990435695276,185.51086898898268
41.14809288953001,3.631327061660123,1.0000000000000004,-12.784937146342996,-42.00377146688916,185.5098200179117
41.15776832662791,3.630192768835839,1.0000000000000002,-12.792469045940445,-42.00763753877742,185.50876967087086
41.16744386869981,3.629059523787743,1.0000000000000002,-12.80000182320832,-42.011502573559255,185.5077179581074
41.17711951597017,3.627927328158739,1.0000000000000002,-12.807535477462048,-42.01536657217639,185.5066648898686
41.18679526866348,3.626796183591722,1.0000000000000002,-12.815070008017143,-42.01922953557064,185.50561047640147
41.196471127004294,3.625666091729582,1.0000000000000002,-12.822605414189141,-42.02309146468384,185.50455472795346
41.20614709121721,3.6245370542152098,1.0000000000000004,-12.830141695293618,-42.026952360457905,185.5034976547718
41.21582316152689,3.6234090726914863,1.0000000000000002,-12.837678850646272,-42.03081222383479,185.5024392671036
41.22549933815802,3.6222821488013004,1.0000000000000004,-12.845216879562775,-42.03467105575646,185.50137957519627
41.23517562133539,3.621156284187522,1.0000000000000002,-12.852755781358894,-42.038528857165055,185.50031858929685
41.244852011283776,3.6200314804930303,1.0000000000000002,-12.860295555350431,-42.04238562900258,185.4992563196527
41.254528508228056,3.6189077393606928,1.0000000000000002,-12.86783620085328,-42.046241372211256,185.49819277651113
41.264205112393135,3.617785062433377,1.0000000000000002,-12.875377717183333,-42.05009608773325,185.4971279701192
41.27388182400397,3.6166634513539493,1.0000000000000004,-12.882920103656568,-42.053949776510834,185.4960619107243
41.28355864328559,3.6155429077652657,1.0000000000000002,-12.890463359589043,-42.05780243948632,185.49499460857348
41.293235570463025,3.6144234333101832,1.0000000000000002,-12.898007484296793,-42.061654077602064,185.49392607391422
41.30291260576143,3.6133050296315536,1.0,-12.905552477095984,-42.06550469180047,185.4928563169936
41.312589749405966,3.612187698372227,1.0000000000000002,-12.913098337302806,-42.06935428302398,185.4917853480589
41.322267001621825,3.6110714411750493,1.0000000000000004,-12.920645064233474,-42.073202852215154,185.49071317735735
41.33194436263431,3.609956259682861,1.0000000000000002,-12.92819265720432,-42.07705040031651,185.48963981513617
41.34162183266869,3.6088421555385004,1.0000000000000004,-12.935741115531657,-42.08089692827066,185.48856527164267
41.3512994119504,3.6077291303848025,1.0000000000000002,-12.943290438531928,-42.084742437020296,185.48748955712404
41.36097710070482,3.606617185864597,1.0000000000000002,-12.950840625521568,-42.08858692750811,185.48641268182755
41.370654899157415,3.605506323620714,1.0000000000000004,-12.958391675817047,-42.09243040067685,185.4853346560003
41.380332807533726,3.604396545295976,1.0000000000000002,-12.965943588735,-42.09627285746936,185.48425548988965
41.39001082605932,3.6032878525332026,1.0000000000000002,-12.973496363592012,-42.10011429882849,185.48317519374294
41.399688954959835,3.6021802469752098,1.0000000000000004,-12.981049999704744,-42.10395472569714,185.48209377780717
41.40936719446092,3.6010737302648157,1.0000000000000002,-12.988604496389934,-42.107794139018296,185.48101125232972
41.41904554478831,3.5999683040448227,1.0000000000000002,-12.996159852964372,-42.111632539734984,185.47992762755788
41.42872400616779,3.598863969958044,1.0000000000000004,-13.003716068744852,-42.11546992879023,185.47884291373873
41.43840257882517,3.5977607296472787,1.0000000000000002,-13.011273143048305,-42.11930630712719,185.47775712111968
41.448081262986335,3.5966585847553256,1.0000000000000002,-13.018831075191647,-42.123141675689,185.47667025994775
41.457760058877206,3.595557536924982,1.0000000000000002,-13.026389864491865,-42.12697603541888,185.47558234047042
41.46743896672376,3.594457587799038,1.0000000000000002,-13.033949510266,-42.130809387260115,185.47449337293472
41.477117986752035,3.593358739020285,1.0,-13.041510011831196,-42.13464173215602,185.4734033675881
41.48679711918808,3.5922609922315085,1.0000000000000002,-13.049071368504546,-42.13847307104993,185.47231233467767
41.49647636425806,3.5911643490754837,1.0000000000000002,-13.056633579603306,-42.142303404885304,185.47122028445054
41.5061557221881,3.5900688111949974,1.0000000000000002,-13.064196644444687,-42.14613273460557,185.47012722715428
41.515835193204474,3.5889743802328162,1.0000000000000004,-13.07176056234606,-42.149961061154286,185.4690331730358
41.52551477753343,3.587881057831717,1.0000000000000004,-13.079325332624745,-42.15378838547499,185.46793813234248
41.53519447540131,3.5867888456344668,1.0000000000000002,-13.086890954598209,-42.15761470851133,185.4668421153216
41.54487428703448,3.585697745283825,1.0000000000000002,-13.094457427583887,-42.16144003120694,185.46574513222038
41.55455421265937,3.5846077584225586,1.0000000000000004,-13.102024750899307,-42.16526435450556,185.4646471932859
41.56423425250245,3.5835188866934216,1.0000000000000004,-13.10959292386208,-42.16908767935094,185.4635483087657
41.57391440679026,3.5824311317391686,1.0000000000000002,-13.117161945789842,-42.172910006686934,185.46244848890674
41.583594675749346,3.581344495202549,1.0000000000000002,-13.124731816000248,-42.17673133745737,185.46134774395637
41.59327505960636,3.580258978726309,1.0000000000000002,-13.132302533811071,-42.18055167260617,185.46024608416184
41.60295555858795,3.5791745839531934,1.0000000000000002,-13.13987409854008,-42.18437101307731,185.45914351977035
41.61263617292087,3.5780913125259417,1.0000000000000002,-13.147446509505158,-42.18818935981482,185.4580400610292
41.62231690283186,3.577009166087292,1.0000000000000002,-13.15501976602417,-42.19200671376276,185.4569357181855
41.63199774854777,3.575928146279974,1.0000000000000002,-13.16259386741511,-42.195823075865235,185.45583050148662
41.641678710295444,3.574848254746719,1.0000000000000004,-13.170168812995971,-42.19963844706643,185.4547244211799
41.65135978830183,3.5737694931302553,1.0000000000000002,-13.177744602084832,-42.20345282831056,185.45361748751225
41.661040982793864,3.572691863073302,1.0000000000000002,-13.185321233999774,-42.20726622054188,185.45250971073108
41.67072229399859,3.5716153662185812,1.0000000000000004,-13.192898708058992,-42.21107862470469,185.45140110108372
41.68040372214307,3.570540004208807,1.0000000000000002,-13.20047702358072,-42.2148900417434,185.45029166881724
41.69008526745442,3.569465778686692,1.0000000000000004,-13.208056179883227,-42.21870047260238,185.44918142417896
41.69976693015978,3.5683926912949486,1.0000000000000002,-13.215636176284828,-42.22250991822616,185.4480703774163
41.70944871048641,3.5673207436762775,1.0000000000000002,-13.223217012103943,-42.22631837955919,185.4469585387762
41.71913060866154,3.5662499374733847,1.0000000000000002,-13.230798686658972,-42.23012585754606,185.44584591850594
41.72881262491249,3.5651802743289664,1.0000000000000004,-13.23838119926843,-42.23393235313135,185.44473252685285
41.73849475946663,3.564111755885721,1.0000000000000004,-13.24596454925087,-42.23773786725979,185.44361837406427
41.748177012551345,3.5630443837863384,1.0000000000000002,-13.253548735924872,-42.24154240087606,185.4425034703872
41.75785938439412,3.5619781596735085,1.0000000000000004,-13.261133758609104,-42.2453459549249,185.4413878260691
41.76754187522244,3.5609130851899162,1.0000000000000002,-13.26871961662226,-42.249148530351164,185.44027145135703
41.77722448526388,3.5598491619782444,1.0000000000000002,-13.27630630928311,-42.252950128099684,185.43915435649828
41.78690721474602,3.55878639168117,1.0000000000000002,-13.28389383591046,-42.256750749115376,185.4380365517402
41.79659006389654,3.55772477594137,1.0000000000000002,-13.291482195823177,-42.2605503943432,185.43691804732984
41.80627303294311,3.5566643164015166,1.0,-13.299071388340193,-42.264349064728194,185.43579885351468
41.81595612211349,3.555605014704277,1.0000000000000002,-13.306661412780457,-42.26814676121537,185.43467898054172
41.82563933163549,3.554546872492315,1.0000000000000002,-13.314252268463028,-42.27194348474987,185.43355843865828
41.83532266173694,3.553489891408297,1.0000000000000004,-13.321843954706956,-42.27573923627681,185.43243723811167
41.845006112645734,3.552434073094878,1.0000000000000004,-13.329436470831396,-42.27953401674145,185.43131538914906
41.85468968458983,3.551379419194713,1.0,-13.33702981615556,-42.28332782708903,185.43019290201764
41.864373377797186,3.5503259313504567,1.0000000000000004,-13.344623989998631,-42.28712066826482,185.4290697869648
41.87405719249587,3.549273611204755,1.0000000000000002,-13.352218991679951,-42.29091254121422,185.42794605423757
41.883741128913925,3.548222460400256,1.0000000000000002,-13.35981482051883,-42.294703446882615,185.42682171408345
41.89342518727954,3.5471724805795977,1.0000000000000002,-13.367411475834711,-42.298493386215455,185.42569677674933
41.90310936782087,3.5461236733854222,1.0000000000000002,-13.375008956947028,-42.302282360158245,185.42457125248285
41.91279367076613,3.545076040460363,1.0000000000000004,-13.382607263175286,-42.30607036965652,185.4234451515309
41.92247809634361,3.5440295834470525,1.0000000000000004,-13.390206393839058,-42.309857415655905,185.42231848414096
41.93216264478163,3.5429843039881215,1.0000000000000002,-13.397806348257962,-42.313643499102035,185.4211912605601
41.94184731630858,3.541940203726191,1.0000000000000004,-13.405407125751665,-42.3174286209406,185.42006349103568
41.95153211115285,3.5408972843038873,1.0000000000000004,-13.413008725639886,-42.321212782117385,185.41893518581492
41.96121702954292,3.539855547363827,1.0000000000000002,-13.420611147242404,-42.32499598357812,185.41780635514496
41.97090207170731,3.538814994548626,1.0000000000000002,-13.428214389879047,-42.32877822626871,185.41667700927314
41.98058723787457,3.5377756275008974,1.0000000000000002,-13.43581845286971,-42.332559511135024,185.41554715844663
41.99027252827331,3.53673744786325,1.0000000000000002,-13.443423335534312,-42.336339839123,185.41441681291278
41.9999579431322,3.535700457278289,1.0000000000000004,-13.451029037192852,-42.34011921117861,185.41328598291864
42.009643482679934,3.5346646573886185,1.0000000000000002,-13.458635557165378,-42.34389762824794,185.41215467871166
42.01932914714527,3.5336300498368334,1.0000000000000002,-13.466242894772,-42.34767509127704,185.4110229105389
42.029014936756994,3.5325966362655365,1.0000000000000002,-13.473851049332838,-42.35145160121207,185.40989068864766
