galstreams/tracks/track.st.GD-1.ibata2021.ecsv
# %ECSV 0.9
# ---
# datatype:
# - {name: ra, unit: deg, datatype: float64}
# - {name: dec, unit: deg, datatype: float64}
# - {name: distance, unit: kpc, datatype: float64}
# - {name: pm_ra_cosdec, unit: mas / yr, datatype: float64}
# - {name: pm_dec, unit: mas / yr, datatype: float64}
# - {name: radial_velocity, unit: km / s, datatype: float64}
# delimiter: ','
# meta: !!omap
# - __serialized_columns__:
#     dec:
#       __class__: astropy.coordinates.angles.Latitude
#       unit: &id001 !astropy.units.Unit {unit: deg}
#       value: !astropy.table.SerializedColumn {name: dec}
#     distance:
#       __class__: astropy.coordinates.distances.Distance
#       unit: !astropy.units.Unit {unit: kpc}
#       value: !astropy.table.SerializedColumn {name: distance}
#     pm_dec:
#       __class__: astropy.units.quantity.Quantity
#       unit: !astropy.units.Unit {unit: mas / yr}
#       value: !astropy.table.SerializedColumn {name: pm_dec}
#     pm_ra_cosdec:
#       __class__: astropy.units.quantity.Quantity
#       unit: !astropy.units.Unit {unit: mas / yr}
#       value: !astropy.table.SerializedColumn {name: pm_ra_cosdec}
#     ra:
#       __class__: astropy.coordinates.angles.Longitude
#       unit: *id001
#       value: !astropy.table.SerializedColumn {name: ra}
#       wrap_angle: !astropy.coordinates.Angle
#         unit: *id001
#         value: 360.0
#     radial_velocity:
#       __class__: astropy.units.quantity.Quantity
#       unit: !astropy.units.Unit {unit: km / s}
#       value: !astropy.table.SerializedColumn {name: radial_velocity}
# schema: astropy-2.0
ra,dec,distance,pm_ra_cosdec,pm_dec,radial_velocity
[from data line 5613]
152.12159339931168,39.44461044185755,7.678083049308872,-5.828666961295164,-12.12197683633407,-6.73661370389787e-14
152.12990149080613,39.452307564827336,7.678254883086867,-5.829673834638406,-12.120850772914377,0.0
152.13821166063605,39.46000394509709,7.678426955488379,-5.830680752361422,-12.119723990780503,-3.368306851948935e-14
152.1465239095826,39.46769958233045,7.678599266556619,-5.831687714382654,-12.11859648988974,-3.368306851948935e-14
152.15483823842715,39.47539447619087,7.678771816334788,-5.83269472062041,-12.117468270199394,-1.0104920555846805e-13
152.16315464795136,39.48308862634161,7.6789446048660945,-5.833701770992892,-12.116339331666726,-3.368306851948935e-14
152.17147313893702,39.49078203244577,7.679117632193745,-5.83470886541818,-12.115209674249007,-3.368306851948935e-14
152.17979371216617,39.49847469416627,7.6792908983609465,-5.835716003814229,-12.11407929790349,3.368306851948935e-14
152.1881163684211,39.50616661116585,7.679464403410901,-5.836723186098901,-12.112948202587411,3.368306851948935e-14
152.19644110848435,39.51385778310705,7.6796381473868225,-5.837730412189913,-12.111816388257987,-3.368306851948935e-14
152.20476793313856,39.52154820965223,7.67981213033191,-5.838737682004873,-12.11068385487243,3.368306851948935e-14
152.2130968431667,39.52923789046361,7.679986352289372,-5.839744995461282,-12.109550602387941,-3.368306851948935e-14
152.22142783935195,39.53692682520319,7.6801608133024155,-5.840752352476511,-12.108416630761697,-3.368306851948935e-14
152.22976092247762,39.544615013532805,7.680335513414246,-5.841759752967818,-12.107281939950875,-3.368306851948935e-14
152.23809609332736,39.55230245511408,7.680510452668068,-5.842767196852341,-12.106146529912625,-1.0104920555846805e-13
152.24643335268496,39.559989149608526,7.680685631107091,-5.843774684047096,-12.105010400604097,-3.368306851948935e-14
152.25477270133447,39.567675096677405,7.680861048774519,-5.844782214468993,-12.103873551982417,-3.368306851948935e-14
152.26311414006014,39.57536029598183,7.6810367057135585,-5.8457897880348115,-12.102735984004703,-3.368306851948935e-14
152.27145766964642,39.58304474718274,7.681212601967416,-5.846797404661212,-12.101597696628067,-6.73661370389787e-14
152.27980329087805,39.59072844994087,7.681388737579296,-5.847805064264746,-12.100458689809594,3.368306851948935e-14
152.2881510045399,39.59841140391679,7.681565112592408,-5.8488127667618475,-12.099318963506365,-3.368306851948935e-14
152.29650081141713,39.606093608770884,7.681741727049957,-5.849820512068811,-12.098178517675445,0.0
152.3048527122951,39.61377506416334,7.6819185809951485,-5.8508283001018375,-12.097037352273887,0.0
152.31320670795932,39.621455769754206,7.682095674471189,-5.851836130776995,-12.095895467258739,-1.347322740779574e-13
152.32156279919568,39.62913572520329,7.682273007521282,-5.852844004010237,-12.09475286258702,3.368306851948935e-14
152.32992098679009,39.63681493017027,7.682450580188639,-5.85385191971739,-12.093609538215752,-3.368306851948935e-14
152.33828127152884,39.64449338431462,7.6826283925164605,-5.854859877814175,-12.09246549410194,-3.368306851948935e-14
152.34664365419837,39.65217108729563,7.682806444547957,-5.855867878216182,-12.091320730202568,3.368306851948935e-14
152.35500813558536,39.65984803877243,7.6829847363263335,-5.85687592083889,-12.090175246474615,-1.0104920555846805e-13
152.36337471647664,39.667524238403914,7.683163267894794,-5.857884005597647,-12.089029042875051,-3.368306851948935e-14
152.3717433976594,39.67519968584887,7.683342039296548,-5.858892132407695,-12.087882119360824,-6.73661370389787e-14
152.38011417992087,39.68287438076583,7.6835210505748,-5.859900301184145,-12.086734475888882,-3.368306851948935e-14
152.38848706404866,39.6905483228132,7.683700301772755,-5.860908511841994,-12.085586112416149,3.368306851948935e-14
152.39686205083052,39.69822151164919,7.683879792933626,-5.861916764296113,-12.084437028899531,0.0
152.4052391410544,39.70589394693177,7.684059524100608,-5.862925058461266,-12.083287225295958,0.0
152.41361833550854,39.71356562831884,7.684239495316915,-5.863933394252084,-12.0821367015623,-6.73661370389787e-14
152.4219996349813,39.721236555468025,7.68441970662575,-5.864941771583078,-12.080985457655451,0.0
152.43038304026135,39.7289067280368,7.684600158070322,-5.865950190368649,-12.079833493532265,-3.368306851948935e-14
152.43876855213753,39.73657614568244,7.6847808496938335,-5.866958650523065,-12.078680809149608,-3.368306851948935e-14
152.44715617139892,39.74424480806207,7.684961781539493,-5.867967151960484,-12.077527404464325,0.0
152.45554589883477,39.751912714832606,7.685142953650506,-5.868975694594939,-12.076373279433247,-3.368306851948935e-14
152.46393773523462,39.75957986565079,7.68532436607008,-5.869984278340338,-12.075218434013191,3.368306851948935e-14
152.4723316813882,39.76724626017319,7.685506018841419,-5.870992903110474,-12.074062868160972,-3.368306851948935e-14
152.48072773808545,39.77491189805615,7.685687912007731,-5.872001568819013,-12.072906581833374,3.368306851948935e-14
152.4891259061165,39.782576778955885,7.685870045612223,-5.873010275379509,-12.071749574987194,-6.73661370389787e-14
152.49752618627176,39.79024090252841,7.686052419698098,-5.874019022705392,-12.070591847579204,-6.73661370389787e-14
152.50592857934177,39.79790426842952,7.686235034308564,-5.875027810709958,-12.06943339956616,-3.368306851948935e-14
152.51433308611735,39.80556687631488,7.686417889486828,-5.8760366393064025,-12.068274230904823,6.73661370389787e-14
152.52273970738955,39.813228725839934,7.686600985276095,-5.87704550840778,-12.067114341551928,-3.368306851948935e-14
152.53114844394963,39.82088981665996,7.6867843217195695,-5.878054417927038,-12.065953731464198,-3.368306851948935e-14
152.53955929658903,39.82855014843005,7.686967898860462,-5.879063367776997,-12.06479240059835,-1.0104920555846805e-13
152.54797226609938,39.836209720805094,7.6871517167419725,-5.880072357870347,-12.063630348911099,3.368306851948935e-14
152.55638735327264,39.84386853343984,7.687335775407316,-5.881081388119678,-12.062467576359124,6.73661370389787e-14
152.56480455890093,39.8515265859888,7.68752007489969,-5.882090458437434,-12.061304082899117,3.368306851948935e-14
152.5732238837765,39.85918387810636,7.687704615262306,-5.883099568735947,-12.060139868487745,-6.73661370389787e-14
152.58164532869193,39.86684040944664,7.687889396538369,-5.88410871892743,-12.058974933081675,6.73661370389787e-14
152.59006889444,39.874496179663666,7.688074418771083,-5.88511790892397,-12.057809276637546,-6.73661370389787e-14
152.59849458181364,39.88215118841124,7.6882596820036575,-5.886127138637532,-12.056642899112003,-3.368306851948935e-14
152.6069223916061,39.88980543534295,7.688445186279295,-5.8871364079799555,-12.05547580046167,3.368306851948935e-14
152.61535232461074,39.89745892011224,7.688630931641205,-5.888145716862966,-12.054307980643168,-6.73661370389787e-14
152.6237843816212,39.90511164237236,7.6888169181325905,-5.8891550651981595,-12.053139439613098,0.0
152.6322185634313,39.912763601776376,7.689003145796661,-5.8901644528970065,-12.051970177328053,-1.0104920555846805e-13
152.6406548708351,39.92041479797716,7.689189614676622,-5.891173879870856,-12.05080019374462,0.0
152.64909330462694,39.9280652306274,7.689376324815678,-5.892183346030946,-12.04962948881937,-3.368306851948935e-14
152.6575338656012,39.93571489937962,7.6895632762570365,-5.893192851288376,-12.048458062508866,0.0
152.66597655455266,39.94336380388612,7.689750469043904,-5.894202395554132,-12.04728591476966,0.0
152.67442137227619,39.95101194379904,7.689937903219484,-5.895211978739065,-12.046113045558297,-6.73661370389787e-14
152.68286831956692,39.95865931877035,7.690125578826985,-5.8962216007539165,-12.044939454831301,-6.73661370389787e-14
152.69131739722022,39.96630592845181,7.690313495909614,-5.897231261509293,-12.04376514254519,-3.368306851948935e-14
152.69976860603163,39.97395177249499,7.690501654510574,-5.898240960915688,-12.04259010865649,3.368306851948935e-14
152.70822194679695,39.9815968505513,7.690690054673074,-5.899250698883463,-12.041414353121688,-6.73661370389787e-14
152.71667742031215,39.98924116227194,7.690878696440321,-5.9002604753228525,-12.040237875897269,-3.368306851948935e-14
152.72513502737348,39.99688470730794,7.6910675798555195,-5.9012702901439855,-12.039060676939723,0.0
152.73359476877732,40.00452748531013,7.691256704961874,-5.902280143256851,-12.03788275620551,0.0
152.7420566453203,40.01216949592918,7.691446071802591,-5.903290034571308,-12.036704113651094,-1.347322740779574e-13
152.75052065779929,40.019810738815536,7.69163568042088,-5.904299963997106,-12.035524749232922,-6.73661370389787e-14
152.7589868070113,40.027451213619486,7.691825530859945,-5.905309931443861,-12.034344662907436,6.73661370389787e-14
152.76745509375368,40.035090919991134,7.692015623162992,-5.9063199368210775,-12.03316385463106,-3.368306851948935e-14
152.77592551882393,40.04272985758039,7.692205957373229,-5.907329980038116,-12.031982324360209,-1.0104920555846805e-13
152.78439808301968,40.05036802603696,7.692396533533859,-5.908340061004229,-12.0308000720513,-1.0104920555846805e-13
152.7928727871389,40.058005425010386,7.692587351688093,-5.909350179628531,-12.029617097660726,-3.368306851948935e-14
152.8013496319797,40.065642054150025,7.6927784118791305,-5.91036033582002,-12.028433401144882,3.368306851948935e-14
152.80982861834042,40.073277913105024,7.692969714150181,-5.911370529487571,-12.027248982460145,-3.368306851948935e-14
152.81830974701967,40.08091300152437,7.693161258544452,-5.912380760539925,-12.026063841562884,0.0
152.82679301881618,40.08854731905686,7.693353045105152,-5.913391028885707,-12.024877978409453,3.368306851948935e-14
152.83527843452896,40.09618086535109,7.693545073875479,-5.9144013344334105,-12.02369139295622,6.73661370389787e-14
152.84376599495718,40.10381364005547,7.693737344898646,-5.915411677091405,-12.022504085159511,0.0
152.85225570090032,40.11144564281823,7.693929858217857,-5.916422056767939,-12.021316054975664,3.368306851948935e-14
152.86074755315792,40.11907687328741,7.694122613876318,-5.9174324733711225,-12.020127302360999,0.0
152.86924155252987,40.12670733111088,7.694315611917237,-5.918442926808955,-12.018937827271827,-3.368306851948935e-14
152.8777376998162,40.13433701593629,7.6945088523838185,-5.919453416989303,-12.017747629664456,-3.368306851948935e-14
152.8862359958172,40.14196592741112,7.694702335319268,-5.9204639438199065,-12.01655670949518,-3.368306851948935e-14
152.89473644133335,40.149594065182676,7.694896060766793,-5.921474507208382,-12.015365066720282,0.0
152.9032390371653,40.15722142889804,7.695090028769597,-5.922485107062221,-12.014172701296046,-6.73661370389787e-14
152.91174378411398,40.16484801820416,7.695284239370891,-5.923495743288786,-12.012979613178732,-6.73661370389787e-14
152.9202506829805,40.172473832747734,7.695478692613879,-5.924506415795307,-12.0117858023246,0.0
152.92875973456617,40.18009887217533,7.695673388541764,-5.9255171244888984,-12.0105912686899,0.0
152.9372709396726,40.187723136133286,7.695868327197758,-5.926527869276549,-12.00939601223087,3.368306851948935e-14
152.94578429910143,40.19534662426778,7.696063508625063,-5.927538650065108,-12.008200032903744,-6.73661370389787e-14
152.95429981365473,40.20296933622476,7.696258932866885,-5.928549466761309,-12.007003330664746,0.0
152.96281748413458,40.21059127165006,7.696454599966433,-5.929560319271753,-12.005805905470087,3.368306851948935e-14
152.97133731134343,40.21821243018927,7.696650509966911,-5.930571207502923,-12.004607757275977,-1.0104920555846805e-13
152.97985929608384,40.225832811487756,7.696846662911526,-5.931582131361159,-12.00340888603861,-3.368306851948935e-14
152.98838343915864,40.2334524151908,7.6970430588434855,-5.93259309075269,-12.002209291714175,6.73661370389787e-14
152.99690974137084,40.24107124094343,7.697239697805993,-5.93360408558361,-12.00100897425885,-6.73661370389787e-14
153.00543820352368,40.24868928839046,7.697436579842255,-5.93461511575988,-11.999807933628814,0.0
153.01396882642058,40.25630655717658,7.6976337049954795,-5.935626181187344,-11.998606169780215,0.0
153.02250161086522,40.26392304694625,7.697831073308872,-5.936637281771717,-11.997403682669221,3.368306851948935e-14
153.03103655766145,40.271538757343755,7.698028684825637,-5.937648417418588,-11.996200472251978,0.0
153.03957366761335,40.27915368801318,7.698226539588984,-5.938659588033401,-11.994996538484617,0.0
153.04811294152518,40.28676783859844,7.698424637642117,-5.939670793521493,-11.993791881323277,-6.73661370389787e-14
153.05665438020148,40.29438120874324,7.698622979028242,-5.940682033788064,-11.99258650072407,-1.0104920555846805e-13
153.0651979844469,40.30199379809112,7.698821563790565,-5.941693308738183,-11.99138039664312,-6.73661370389787e-14
153.0737437550664,40.309605606285395,7.699020391972295,-5.942704618276798,-11.990173569036525,0.0
153.0822916928651,40.31721663296922,7.699219463616633,-5.943715962308726,-11.988966017860388,6.73661370389787e-14
153.09084179864834,40.32482687778556,7.699418778766789,-5.944727340738652,-11.987757743070798,-6.73661370389787e-14
153.0993940732216,40.33243634037716,7.699618337465968,-5.945738753471132,-11.986548744623839,6.73661370389787e-14
153.10794851739072,40.34004502038663,7.699818139757379,-5.946750200410606,-11.985339022475584,-6.73661370389787e-14
153.11650513196165,40.34765291745634,7.700018185684224,-5.94776168146137,-11.984128576582098,-6.73661370389787e-14
153.1250639177405,40.35526003122849,7.700218475289709,-5.948773196527597,-11.982917406899443,-6.73661370389787e-14
153.1336248755337,40.362866361345084,7.700419008617044,-5.94978474551333,-11.981705513383673,0.0
153.14218800614788,40.370471907447964,7.700619785709437,-5.9507963283224825,-11.980492895990825,0.0
153.15075331038977,40.37807666917874,7.700820806610084,-5.951807944858848,-11.979279554676946,-1.0104920555846805e-13
153.15932078906644,40.38568064617885,7.7010220713622015,-5.9528195950260745,-11.978065489398055,-1.347322740779574e-13
153.16789044298508,40.39328383808952,7.701223580008989,-5.953831278727691,-11.976850700110187,3.368306851948935e-14
153.1764622729531,40.40088624455187,7.701425332593659,-5.95484299586709,-11.97563518676934,-6.73661370389787e-14
153.1850362797782,40.40848786520671,7.701627329159411,-5.955854746347555,-11.974418949331536,-6.73661370389787e-14
153.19361246426814,40.41608869969473,7.701829569749456,-5.956866530072207,-11.973201987752773,-3.368306851948935e-14
153.20219082723102,40.423688747656435,7.702032054406997,-5.95787834694406,-11.971984301989039,-6.73661370389787e-14
153.2107713694751,40.4312880087321,7.702234783175243,-5.958890196865999,-11.970765891996324,0.0
153.2193540918089,40.438886482561855,7.7024377560974,-5.9599020797407665,-11.969546757730605,0.0
153.22793899504103,40.4464841687856,7.7026409732166705,-5.960913995470976,-11.968326899147856,-1.347322740779574e-13
153.23652607998037,40.45408106704304,7.702844434576264,-5.9619259439591215,-11.967106316204045,3.368306851948935e-14
153.2451153474361,40.46167717697374,7.703048140219387,-5.962937925107565,-11.965885008855127,-3.368306851948935e-14
153.2537067982174,40.46927249821701,7.703252090189243,-5.963949938818518,-11.964662977057056,6.73661370389787e-14
153.26230043313387,40.47686703041202,7.703456284529041,-5.964961984994096,-11.963440220765776,3.368306851948935e-14
153.27089625299521,40.484460773197746,7.703660723281986,-5.965974063536251,-11.962216739937222,-6.73661370389787e-14
153.27949425861135,40.49205372621291,7.703865406491283,-5.966986174346824,-11.960992534527339,-6.73661370389787e-14
153.28809445079239,40.49964588909612,7.704070334200138,-5.967998317327517,-11.959767604492036,0.0
153.29669683034868,40.50723726148574,7.70427550645176,-5.969010492379905,-11.958541949787248,0.0
153.30530139809076,40.51482784301999,7.704480923289355,-5.9700226994054235,-11.957315570368875,-6.73661370389787e-14
