galstreams/tracks/track.st.OmegaCen-Fimbulthul.sollima2020.ecsv
# %ECSV 0.9
# ---
# datatype:
# - {name: ra, unit: deg, datatype: float64}
# - {name: dec, unit: deg, datatype: float64}
# - {name: distance, unit: kpc, datatype: float64}
# - {name: pm_ra_cosdec, unit: mas / yr, datatype: float64}
# - {name: pm_dec, unit: mas / yr, datatype: float64}
# - {name: radial_velocity, unit: km / s, datatype: float64}
# delimiter: ','
# meta: !!omap
# - __serialized_columns__:
#     dec:
#       __class__: astropy.coordinates.angles.Latitude
#       unit: &id001 !astropy.units.Unit {unit: deg}
#       value: !astropy.table.SerializedColumn {name: dec}
#     distance:
#       __class__: astropy.coordinates.distances.Distance
#       unit: !astropy.units.Unit {unit: kpc}
#       value: !astropy.table.SerializedColumn {name: distance}
#     pm_dec:
#       __class__: astropy.units.quantity.Quantity
#       unit: !astropy.units.Unit {unit: mas / yr}
#       value: !astropy.table.SerializedColumn {name: pm_dec}
#     pm_ra_cosdec:
#       __class__: astropy.units.quantity.Quantity
#       unit: !astropy.units.Unit {unit: mas / yr}
#       value: !astropy.table.SerializedColumn {name: pm_ra_cosdec}
#     ra:
#       __class__: astropy.coordinates.angles.Longitude
#       unit: *id001
#       value: !astropy.table.SerializedColumn {name: ra}
#       wrap_angle: !astropy.coordinates.Angle
#         unit: *id001
#         value: 360.0
#     radial_velocity:
#       __class__: astropy.units.quantity.Quantity
#       unit: !astropy.units.Unit {unit: km / s}
#       value: !astropy.table.SerializedColumn {name: radial_velocity}
# schema: astropy-2.0
ra,dec,distance,pm_ra_cosdec,pm_dec,radial_velocity
[from data line 717]
205.34300898120122,-48.52742067737539,5.100000000000007,0.0,0.0,-0.0
205.35829268947987,-48.52950929378269,5.100000000000007,0.0,0.0,-0.0
205.37358618445978,-48.531584769378064,5.100000000000007,0.0,0.0,-0.0
205.38888948693122,-48.53364706007984,5.100000000000007,0.0,0.0,-0.0
205.4042026178851,-48.53569612144404,5.100000000000007,0.0,0.0,-0.0
205.4195255985135,-48.53773190866239,5.100000000000007,0.0,0.0,-0.0
205.43485845021058,-48.53975437656045,5.100000000000007,0.0,0.0,-0.0
205.45020119457305,-48.541763479595794,5.100000000000007,0.0,0.0,-0.0
205.4655538534009,-48.54375917185599,5.100000000000007,0.0,0.0,-0.0
205.48091644869803,-48.545741407056724,5.100000000000007,0.0,0.0,-0.0
205.4962890026729,-48.547710138539955,5.100000000000008,0.0,0.0,-0.0
205.51167153773926,-48.549665319271945,5.100000000000007,0.0,0.0,-0.0
205.52706407651658,-48.55160690184137,5.100000000000007,0.0,0.0,-0.0
205.54246664183086,-48.55353483845738,5.100000000000007,0.0,0.0,-0.0
205.55787925671524,-48.55544908094775,5.100000000000007,0.0,0.0,-0.0
205.57330194441045,-48.55734958075691,5.100000000000007,0.0,0.0,-0.0
205.58873472836564,-48.55923628894408,5.100000000000007,0.0,0.0,-0.0
205.60417763223887,-48.56110915618129,5.100000000000008,0.0,0.0,-0.0
205.61963067989765,-48.56296813275152,5.1000000000000085,0.0,0.0,-0.0
205.6350938954197,-48.56481316854678,5.1000000000000085,0.0,0.0,-0.0
205.65056730309337,-48.56664421306614,5.1000000000000085,0.0,0.0,-0.0
205.66605092741838,-48.56846121541388,5.100000000000008,0.0,0.0,-0.0
205.68154479310627,-48.570264124297516,5.1000000000000085,0.0,0.0,-0.0
205.697048925081,-48.5720528880259,5.100000000000008,0.0,0.0,-0.0
205.7125633484795,-48.5738274545073,5.1000000000000085,0.0,0.0,-0.0
205.72808808865236,-48.575587771247456,5.100000000000008,0.0,0.0,-0.0
205.74362317116422,-48.57733378534767,5.1000000000000085,0.0,0.0,-0.0
205.75916862179434,-48.579065443502884,5.1000000000000085,0.0,0.0,-0.0
205.77472446653724,-48.58078269199973,5.100000000000008,0.0,0.0,-0.0
205.7902907316031,-48.58248547671466,5.100000000000008,0.0,0.0,-0.0
205.8058674434184,-48.58417374311188,5.100000000000008,0.0,0.0,-0.0
205.82145462862644,-48.585847436241586,5.100000000000008,0.0,0.0,-0.0
205.83705231408774,-48.587506500737916,5.1000000000000085,0.0,0.0,-0.0
205.85266052688067,-48.58915088081706,5.1000000000000085,0.0,0.0,-0.0
205.86827929430186,-48.59078052027534,5.100000000000008,0.0,0.0,-0.0
205.88390864386676,-48.59239536248721,5.100000000000008,0.0,0.0,-0.0
205.89954860331017,-48.59399535040338,5.1000000000000085,0.0,0.0,-0.0
205.91519920058658,-48.595580426548864,5.1000000000000085,0.0,0.0,-0.0
205.93086046387077,-48.59715053302101,5.1000000000000085,0.0,0.0,-0.0
205.94653242155832,-48.59870561148758,5.1000000000000085,0.0,0.0,-0.0
205.96221510226587,-48.60024560318484,5.1000000000000085,0.0,0.0,-0.0
205.97790853483178,-48.60177044891553,5.1000000000000085,0.0,0.0,-0.0
205.9936127483165,-48.60328008904703,5.1000000000000085,0.0,0.0,-0.0
206.00932777200308,-48.60477446350931,5.1000000000000085,0.0,0.0,-0.0
206.02505363539743,-48.60625351179305,5.1000000000000085,0.0,0.0,-0.0
206.040790368229,-48.607717172947645,5.1000000000000085,0.0,0.0,-0.0
206.056538000451,-48.60916538557931,5.1000000000000085,0.0,0.0,-0.0
206.07229656224098,-48.610598087849084,5.100000000000008,0.0,0.0,-0.0
206.08806608400104,-48.612015217470876,5.100000000000008,0.0,0.0,-0.0
206.10384659635844,-48.61341671170957,5.1000000000000085,0.0,0.0,-0.0
206.11963813016598,-48.614802507378954,5.100000000000008,0.0,0.0,-0.0
206.1354407165022,-48.61617254083989,5.1000000000000085,0.0,0.0,-0.0
206.15125438667192,-48.61752674799831,5.1000000000000085,0.0,0.0,-0.0
206.16707917220666,-48.61886506430322,5.100000000000008,0.0,0.0,-0.0
206.18291510486486,-48.62018742474476,5.1000000000000085,0.0,0.0,-0.0
206.19876221663242,-48.62149376385229,5.1000000000000085,0.0,0.0,-0.0
206.2146205397229,-48.62278401569235,5.1000000000000085,0.0,0.0,-0.0
206.2304901065778,-48.62405811386678,5.1000000000000085,0.0,0.0,-0.0
206.24637094986736,-48.62531599151068,5.1000000000000085,0.0,0.0,-0.0
206.2622631024903,-48.626557581290484,5.1000000000000085,0.0,0.0,-0.0
206.27816659757443,-48.62778281540197,5.1000000000000085,0.0,0.0,-0.0
206.29408146847712,-48.628991625568325,5.1000000000000085,0.0,0.0,-0.0
206.31000774878535,-48.630183943038155,5.10000000000001,0.0,0.0,-0.0
206.32594547231616,-48.631359698583495,5.100000000000009,0.0,0.0,-0.0
206.34189467311683,-48.63251882249787,5.100000000000009,0.0,0.0,-0.0
206.3578553854654,-48.633661244594315,5.100000000000009,0.0,0.0,-0.0
206.37382764387067,-48.63478689420335,5.1000000000000085,0.0,0.0,-0.0
206.38981148307263,-48.635895700171105,5.10000000000001,0.0,0.0,-0.0
206.4058069380429,-48.636987590857245,5.10000000000001,0.0,0.0,-0.0
206.42181404398454,-48.638062494133024,5.100000000000009,0.0,0.0,-0.0
206.4378328363328,-48.639120337379346,5.100000000000009,0.0,0.0,-0.0
206.45386335075503,-48.6401610474847,5.100000000000009,0.0,0.0,-0.0
206.46990562315105,-48.64118455084326,5.10000000000001,0.0,0.0,-0.0
206.48595968965338,-48.642190773352866,5.10000000000001,0.0,0.0,-0.0
206.5020255866275,-48.643179640413024,5.10000000000001,0.0,0.0,-0.0
206.51810335067196,-48.64415107692293,5.100000000000009,0.0,0.0,-0.0
206.53419301861865,-48.64510500727951,5.100000000000009,0.0,0.0,-0.0
206.550294627533,-48.646041355375395,5.100000000000009,0.0,0.0,-0.0
206.56640821471424,-48.646960044596945,5.100000000000009,0.0,0.0,-0.0
206.5825338176955,-48.64786099782226,5.10000000000001,0.0,0.0,-0.0
206.5986714742439,-48.64874413741916,5.100000000000009,0.0,0.0,-0.0
206.614821222361,-48.64960938524326,5.10000000000001,0.0,0.0,-0.0
206.63098310028272,-48.65045666263589,5.100000000000009,0.0,0.0,-0.0
206.64715714647954,-48.651285890422166,5.100000000000009,0.0,0.0,-0.0
206.66334339965678,-48.65209698890894,5.100000000000009,0.0,0.0,-0.0
206.67954189875448,-48.65288987788284,5.100000000000009,0.0,0.0,-0.0
206.6957526829478,-48.653664476608235,5.100000000000009,0.0,0.0,-0.0
206.711975791647,-48.65442070382529,5.1000000000000085,0.0,0.0,-0.0
206.7282112644976,-48.65515847774787,5.100000000000009,0.0,0.0,-0.0
206.74445914138042,-48.65587771606166,5.100000000000009,0.0,0.0,-0.0
206.7607194624118,-48.65657833592201,5.100000000000011,0.0,0.0,-0.0
206.77699226794354,-48.65726025395208,5.10000000000001,0.0,0.0,-0.0
206.7932775985631,-48.65792338624072,5.10000000000001,0.0,0.0,-0.0
206.80957549509358,-48.6585676483405,5.100000000000011,0.0,0.0,-0.0
206.82588599859395,-48.659192955265716,5.10000000000001,0.0,0.0,-0.0
206.84220915035883,-48.65979922149036,5.100000000000011,0.0,0.0,-0.0
206.85854499191888,-48.660386360946084,5.10000000000001,0.0,0.0,-0.0
206.87489356504045,-48.66095428702024,5.10000000000001,0.0,0.0,-0.0
206.89125491172598,-48.6615029125538,5.10000000000001,0.0,0.0,-0.0
206.9076290742138,-48.6620321498394,5.10000000000001,0.0,0.0,-0.0
206.92401609497813,-48.662541910619275,5.10000000000001,0.0,0.0,-0.0
206.94041601672933,-48.66303210608325,5.10000000000001,0.0,0.0,-0.0
206.95682888241353,-48.66350264686676,5.100000000000012,0.0,0.0,-0.0
206.9732547352129,-48.66395344304873,5.10000000000001,0.0,0.0,-0.0
206.98969361854552,-48.66438440414967,5.10000000000001,0.0,0.0,-0.0
207.0061455760654,-48.66479543912958,5.10000000000001,0.0,0.0,-0.0
207.0226106516623,-48.6651864563859,5.100000000000011,0.0,0.0,-0.0
207.03908888946185,-48.665557363751546,5.10000000000001,0.0,0.0,-0.0
207.0555803338255,-48.66590806849286,5.100000000000012,0.0,0.0,-0.0
207.07208502935023,-48.66623847730756,5.10000000000001,0.0,0.0,-0.0
207.08860302086867,-48.66654849632269,5.10000000000001,0.0,0.0,-0.0
207.10513435344902,-48.666838031092674,5.100000000000011,0.0,0.0,-0.0
207.12167907239487,-48.667106986597176,5.100000000000011,0.0,0.0,-0.0
207.13823722324506,-48.66735526723914,5.100000000000011,0.0,0.0,-0.0
207.15480885177374,-48.66758277684268,5.100000000000011,0.0,0.0,-0.0
207.1713940039901,-48.667789418651125,5.10000000000001,0.0,0.0,-0.0
207.18799272613822,-48.66797509532494,5.100000000000011,0.0,0.0,-0.0
207.2046050646971,-48.66813970893967,5.100000000000009,0.0,0.0,-0.0
207.22123106638028,-48.668283160983876,5.100000000000011,0.0,0.0,-0.0
207.23787077813586,-48.66840535235719,5.10000000000001,0.0,0.0,-0.0
207.25452424714626,-48.66850618336815,5.100000000000011,0.0,0.0,-0.0
207.27119152082804,-48.66858555373224,5.10000000000001,0.0,0.0,-0.0
207.28787264683172,-48.66864336256979,5.100000000000012,0.0,0.0,-0.0
207.30456767304156,-48.668679508403955,5.100000000000011,0.0,0.0,-0.0
207.32127664757536,-48.66869388915866,5.10000000000001,0.0,0.0,-0.0
207.33799961878435,-48.668686402156524,5.100000000000011,0.0,0.0,-0.0
207.3547366352527,-48.668656944116826,5.10000000000001,0.0,0.0,-0.0
207.3714877457976,-48.66860541115347,5.100000000000009,0.0,0.0,-0.0
207.38825299946868,-48.668531698772874,5.100000000000011,0.0,0.0,-0.0
207.40503244554813,-48.66843570187199,5.10000000000001,0.0,0.0,-0.0
207.42182613355007,-48.66831731473616,5.10000000000001,0.0,0.0,-0.0
