galstreams/tracks/track.st.Murrumbidgee.grillmair2017b.ecsv
# %ECSV 1.0
# ---
# datatype:
# - {name: ra, unit: deg, datatype: float64}
# - {name: dec, unit: deg, datatype: float64}
# - {name: distance, unit: kpc, datatype: float64}
# - {name: pm_ra_cosdec, unit: mas / yr, datatype: float64}
# - {name: pm_dec, unit: mas / yr, datatype: float64}
# - {name: radial_velocity, unit: km / s, datatype: float64}
# delimiter: ','
# meta: !!omap
# - __serialized_columns__:
#     dec:
#       __class__: astropy.coordinates.angles.Latitude
#       unit: &id001 !astropy.units.Unit {unit: deg}
#       value: !astropy.table.SerializedColumn {name: dec}
#     distance:
#       __class__: astropy.coordinates.distances.Distance
#       unit: !astropy.units.Unit {unit: kpc}
#       value: !astropy.table.SerializedColumn {name: distance}
#     pm_dec:
#       __class__: astropy.units.quantity.Quantity
#       unit: !astropy.units.Unit {unit: mas / yr}
#       value: !astropy.table.SerializedColumn {name: pm_dec}
#     pm_ra_cosdec:
#       __class__: astropy.units.quantity.Quantity
#       unit: !astropy.units.Unit {unit: mas / yr}
#       value: !astropy.table.SerializedColumn {name: pm_ra_cosdec}
#     ra:
#       __class__: astropy.coordinates.angles.Longitude
#       unit: *id001
#       value: !astropy.table.SerializedColumn {name: ra}
#       wrap_angle: !astropy.coordinates.Angle
#         unit: *id001
#         value: 360.0
#     radial_velocity:
#       __class__: astropy.units.quantity.Quantity
#       unit: !astropy.units.Unit {unit: km / s}
#       value: !astropy.table.SerializedColumn {name: radial_velocity}
# schema: astropy-2.0
ra,dec,distance,pm_ra_cosdec,pm_dec,radial_velocity
[from data line 7289]
14.23564652204775,-27.244524970496045,19.999999999999982,0.0,0.0,0.0
14.23362227996742,-27.23395985499599,19.999999999999986,0.0,0.0,0.0
14.231600123577488,-27.22339386664799,19.999999999999986,0.0,0.0,0.0
14.229580049720157,-27.21282700706056,19.999999999999986,0.0,0.0,0.0
14.227562055237602,-27.202259277842654,19.999999999999986,0.0,0.0,0.0
14.225546136972028,-27.1916906806037,19.999999999999986,0.0,0.0,0.0
14.223532291765652,-27.18112121695356,19.999999999999986,0.0,0.0,0.0
14.221520516460679,-27.170550888502603,19.999999999999986,0.0,0.0,0.0
14.21951080789934,-27.159979696861605,19.999999999999982,0.0,0.0,0.0
14.217503162923903,-27.149407643641872,19.999999999999982,0.0,0.0,0.0
14.21549757837661,-27.1388347304551,19.999999999999986,0.0,0.0,0.0
14.213494051099762,-27.128260958913458,19.999999999999986,0.0,0.0,0.0
14.211492577935672,-27.11768633062959,19.999999999999982,0.0,0.0,0.0
14.20949315572665,-27.107110847216585,19.999999999999986,0.0,0.0,0.0
14.207495781315068,-27.096534510287967,19.999999999999986,0.0,0.0,0.0
14.20550045154331,-27.08595732145774,19.999999999999986,0.0,0.0,0.0
14.203507163253782,-27.075379282340336,19.999999999999986,0.0,0.0,0.0
14.201515913288937,-27.06480039455067,19.999999999999986,0.0,0.0,0.0
14.19952669849125,-27.05422065970406,19.999999999999986,0.0,0.0,0.0
14.19753951570324,-27.043640079416303,19.999999999999982,0.0,0.0,0.0
14.195554361767451,-27.03305865530362,19.999999999999986,0.0,0.0,0.0
14.193571233526471,-27.02247638898267,19.999999999999986,0.0,0.0,0.0
14.191590127822955,-27.011893282070623,19.999999999999986,0.0,0.0,0.0
14.18961104149956,-27.001309336185017,19.999999999999982,0.0,0.0,0.0
14.187633971399014,-26.990724552943853,19.999999999999986,0.0,0.0,0.0
14.185658914364085,-26.980138933965584,19.999999999999982,0.0,0.0,0.0
14.183685867237594,-26.969552480869083,19.999999999999986,0.0,0.0,0.0
14.18171482686241,-26.958965195273677,19.999999999999986,0.0,0.0,0.0
14.17974579008145,-26.948377078799137,19.999999999999982,0.0,0.0,0.0
14.177778753737707,-26.93778813306565,19.999999999999986,0.0,0.0,0.0
14.17581371467421,-26.927198359693847,19.999999999999986,0.0,0.0,0.0
14.173850669734051,-26.916607760304778,19.999999999999986,0.0,0.0,0.0
14.171889615760396,-26.906016336519954,19.999999999999986,0.0,0.0,0.0
14.169930549596454,-26.89542408996127,19.999999999999986,0.0,0.0,0.0
14.167973468085519,-26.884831022251117,19.999999999999986,0.0,0.0,0.0
14.166018368070944,-26.874237135012287,19.999999999999986,0.0,0.0,0.0
14.164065246396142,-26.863642429867937,19.99999999999999,0.0,0.0,0.0
14.162114099904613,-26.853046908441755,19.99999999999999,0.0,0.0,0.0
14.160164925439924,-26.842450572357773,19.999999999999986,0.0,0.0,0.0
14.158217719845714,-26.831853423240474,19.999999999999986,0.0,0.0,0.0
14.156272479965693,-26.82125546271479,19.99999999999999,0.0,0.0,0.0
14.154329202643668,-26.810656692406045,19.999999999999993,0.0,0.0,0.0
14.152387884723515,-26.80005711393998,19.999999999999986,0.0,0.0,0.0
14.150448523049198,-26.789456728942763,19.999999999999986,0.0,0.0,0.0
14.148511114464746,-26.778855539040993,19.99999999999999,0.0,0.0,0.0
14.146575655814306,-26.76825354586165,19.999999999999986,0.0,0.0,0.0
14.144642143942098,-26.757650751032177,19.999999999999982,0.0,0.0,0.0
14.142710575692426,-26.747047156180408,19.999999999999986,0.0,0.0,0.0
14.1407809479097,-26.73644276293457,19.999999999999986,0.0,0.0,0.0
14.138853257438416,-26.725837572923332,19.999999999999982,0.0,0.0,0.0
14.136927501123173,-26.715231587775772,19.999999999999986,0.0,0.0,0.0
14.135003675808656,-26.704624809121327,19.999999999999993,0.0,0.0,0.0
14.13308177833967,-26.694017238589943,19.999999999999986,0.0,0.0,0.0
14.131161805561101,-26.68340887781187,19.999999999999982,0.0,0.0,0.0
14.129243754317953,-26.67279972841783,19.999999999999982,0.0,0.0,0.0
14.127327621455336,-26.662189792038912,19.99999999999999,0.0,0.0,0.0
14.125413403818461,-26.65157907030664,19.999999999999986,0.0,0.0,0.0
14.123501098252657,-26.640967564852897,19.999999999999986,0.0,0.0,0.0
14.121590701603356,-26.630355277310027,19.999999999999986,0.0,0.0,0.0
14.119682210716109,-26.619742209310704,19.99999999999999,0.0,0.0,0.0
14.117775622436582,-26.60912836248807,19.99999999999999,0.0,0.0,0.0
14.115870933610568,-26.598513738475607,19.999999999999986,0.0,0.0,0.0
14.113968141083959,-26.587898338907234,19.999999999999982,0.0,0.0,0.0
14.112067241702785,-26.57728216541723,19.99999999999999,0.0,0.0,0.0
14.1101682323132,-26.566665219640296,19.999999999999986,0.0,0.0,0.0
14.10827110976148,-26.556047503211527,19.999999999999982,0.0,0.0,0.0
14.106375870894016,-26.545429017766374,19.999999999999986,0.0,0.0,0.0
14.104482512557349,-26.534809764940707,19.999999999999986,0.0,0.0,0.0
14.102591031598143,-26.52418974637078,19.999999999999986,0.0,0.0,0.0
14.100701424863187,-26.513568963693224,19.999999999999986,0.0,0.0,0.0
14.098813689199416,-26.502947418545084,19.999999999999986,0.0,0.0,0.0
14.096927821453898,-26.492325112563762,19.999999999999986,0.0,0.0,0.0
14.095043818473838,-26.481702047387063,19.999999999999986,0.0,0.0,0.0
14.093161677106593,-26.47107822465314,19.999999999999986,0.0,0.0,0.0
14.091281394199646,-26.460453646000566,19.999999999999986,0.0,0.0,0.0
14.089402966600627,-26.44982831306827,19.999999999999986,0.0,0.0,0.0
14.08752639115733,-26.439202227495585,19.999999999999986,0.0,0.0,0.0
14.085651664717679,-26.428575390922195,19.999999999999986,0.0,0.0,0.0
14.083778784129755,-26.417947804988163,19.99999999999999,0.0,0.0,0.0
14.081907746241795,-26.40731947133395,19.999999999999982,0.0,0.0,0.0
14.080038547902191,-26.396690391600373,19.999999999999986,0.0,0.0,0.0
14.078171185959466,-26.386060567428597,19.99999999999999,0.0,0.0,0.0
14.076305657262344,-26.375430000460227,19.999999999999986,0.0,0.0,0.0
14.07444195865968,-26.364798692337175,19.999999999999986,0.0,0.0,0.0
14.072580087000498,-26.35416664470174,19.999999999999986,0.0,0.0,0.0
14.070720039133976,-26.34353385919659,19.99999999999999,0.0,0.0,0.0
14.068861811909477,-26.332900337464764,19.999999999999986,0.0,0.0,0.0
14.067005402176516,-26.322266081149635,19.999999999999982,0.0,0.0,0.0
14.065150806784791,-26.311631091895027,19.999999999999986,0.0,0.0,0.0
14.063298022584153,-26.30099537134501,19.999999999999986,0.0,0.0,0.0
14.061447046424638,-26.290358921144097,19.99999999999999,0.0,0.0,0.0
14.05959787515646,-26.279721742937117,19.99999999999999,0.0,0.0,0.0
14.057750505630008,-26.269083838369305,19.999999999999986,0.0,0.0,0.0
14.055904934695834,-26.25844520908617,19.999999999999986,0.0,0.0,0.0
14.054061159204693,-26.247805856733674,19.999999999999986,0.0,0.0,0.0
14.052219176007519,-26.23716578295809,19.999999999999986,0.0,0.0,0.0
14.050378981955415,-26.226524989406013,19.999999999999982,0.0,0.0,0.0
14.048540573899682,-26.215883477724443,19.99999999999999,0.0,0.0,0.0
14.046703948691812,-26.205241249560714,19.999999999999986,0.0,0.0,0.0
14.044869103183478,-26.194598306562465,19.999999999999986,0.0,0.0,0.0
14.043036034226564,-26.18395465037777,19.999999999999986,0.0,0.0,0.0
14.041204738673112,-26.17331028265498,19.99999999999999,0.0,0.0,0.0
14.039375213375397,-26.16266520504281,19.99999999999999,0.0,0.0,0.0
14.037547455185877,-26.152019419190342,19.999999999999986,0.0,0.0,0.0
14.035721460957198,-26.141372926746953,19.999999999999986,0.0,0.0,0.0
14.033897227542226,-26.13072572936241,19.999999999999982,0.0,0.0,0.0
14.032074751794015,-26.120077828686775,19.999999999999986,0.0,0.0,0.0
14.03025403056585,-26.109429226370512,19.999999999999986,0.0,0.0,0.0
14.028435060711189,-26.098779924064363,19.999999999999986,0.0,0.0,0.0
14.026617839083722,-26.088129923419448,19.99999999999999,0.0,0.0,0.0
14.024802362537335,-26.07747922608718,19.99999999999999,0.0,0.0,0.0
14.022988627926141,-26.066827833719334,19.99999999999999,0.0,0.0,0.0
14.02117663210446,-26.056175747968013,19.999999999999986,0.0,0.0,0.0
14.019366371926825,-26.045522970485653,19.999999999999986,0.0,0.0,0.0
14.017557844247998,-26.03486950292503,19.999999999999986,0.0,0.0,0.0
14.015751045922949,-26.02421534693923,19.999999999999982,0.0,0.0,0.0
14.013945973806875,-26.013560504181655,19.999999999999993,0.0,0.0,0.0
14.012142624755203,-26.00290497630607,19.99999999999999,0.0,0.0,0.0
14.010340995623576,-25.992248764966526,19.999999999999986,0.0,0.0,0.0
14.008541083267863,-25.98159187181744,19.99999999999999,0.0,0.0,0.0
14.006742884544181,-25.970934298513516,19.999999999999986,0.0,0.0,0.0
14.004946396308851,-25.960276046709794,19.999999999999986,0.0,0.0,0.0
14.003151615418451,-25.949617118061624,19.999999999999986,0.0,0.0,0.0
14.00135853872978,-25.938957514224672,19.999999999999986,0.0,0.0,0.0
13.999567163099876,-25.928297236854938,19.999999999999986,0.0,0.0,0.0
13.99777748538602,-25.91763628760873,19.999999999999986,0.0,0.0,0.0
13.995989502445726,-25.906974668142652,19.99999999999999,0.0,0.0,0.0
13.994203211136764,-25.896312380113663,19.999999999999986,0.0,0.0,0.0
13.99241860831713,-25.885649425178983,19.999999999999986,0.0,0.0,0.0
13.990635690845085,-25.87498580499617,19.999999999999982,0.0,0.0,0.0
13.988854455579121,-25.86432152122308,19.999999999999982,0.0,0.0,0.0
13.987074899377987,-25.853656575517906,19.999999999999986,0.0,0.0,0.0
13.98529701910068,-25.84299096953909,19.99999999999999,0.0,0.0,0.0
13.983520811606462,-25.832324704945442,19.999999999999993,0.0,0.0,0.0
13.98174627375484,-25.821657783396024,19.99999999999999,0.0,0.0,0.0
13.979973402405577,-25.810990206550226,19.999999999999986,0.0,0.0,0.0
13.978202194418694,-25.800321976067725,19.999999999999986,0.0,0.0,0.0
13.976432646654487,-25.78965309360853,19.99999999999999,0.0,0.0,0.0
13.974664755973494,-25.778983560832895,19.99999999999999,0.0,0.0,0.0
13.972898519236542,-25.768313379401427,19.999999999999986,0.0,0.0,0.0
13.97113393330469,-25.757642550974982,19.999999999999986,0.0,0.0,0.0
13.969370995039293,-25.746971077214717,19.999999999999982,0.0,0.0,0.0
13.967609701301967,-25.736298959782104,19.99999999999999,0.0,0.0,0.0
13.965850048954598,-25.725626200338894,19.99999999999999,0.0,0.0,0.0
13.964092034859359,-25.71495280054714,19.999999999999986,0.0,0.0,0.0
13.96233565587867,-25.70427876206916,19.999999999999986,0.0,0.0,0.0
13.960580908875256,-25.69360408656756,19.999999999999986,0.0,0.0,0.0
13.958827790712112,-25.682928775705253,19.999999999999986,0.0,0.0,0.0
13.957076298252499,-25.6722528311454,19.999999999999986,0.0,0.0,0.0
13.955326428359982,-25.66157625455151,19.999999999999986,0.0,0.0,0.0
13.953578177898398,-25.650899047587306,19.99999999999999,0.0,0.0,0.0
13.95183154373188,-25.64022121191683,19.999999999999986,0.0,0.0,0.0
13.950086522724842,-25.62954274920439,19.999999999999986,0.0,0.0,0.0
13.948343111741982,-25.61886366111456,19.999999999999986,0.0,0.0,0.0
13.946601307648308,-25.60818394931221,19.99999999999999,0.0,0.0,0.0
13.944861107309094,-25.597503615462465,19.999999999999986,0.0,0.0,0.0
13.943122507589939,-25.58682266123075,19.999999999999986,0.0,0.0,0.0
13.941385505356717,-25.576141088282746,19.999999999999986,0.0,0.0,0.0
13.939650097475614,-25.565458898284387,19.999999999999986,0.0,0.0,0.0
13.937916280813111,-25.55477609290191,19.99999999999999,0.0,0.0,0.0
13.936184052235987,-25.544092673801778,19.999999999999986,0.0,0.0,0.0
13.934453408611343,-25.533408642650787,19.999999999999986,0.0,0.0,0.0
13.932724346806564,-25.52272400111593,19.99999999999999,0.0,0.0,0.0
13.930996863689357,-25.51203875086449,19.99999999999999,0.0,0.0,0.0
13.929270956127732,-25.50135289356402,19.99999999999999,0.0,0.0,0.0
13.927546620990015,-25.490666430882303,19.999999999999986,0.0,0.0,0.0
13.925823855144845,-25.479979364487424,19.999999999999986,0.0,0.0,0.0
13.924102655461173,-25.46929169604771,19.999999999999986,0.0,0.0,0.0
13.922383018808267,-25.458603427231715,19.999999999999982,0.0,0.0,0.0
13.920664942055712,-25.4479145597083,19.999999999999982,0.0,0.0,0.0
13.918948422073429,-25.43722509514653,19.999999999999986,0.0,0.0,0.0
13.917233455731635,-25.42653503521576,19.999999999999986,0.0,0.0,0.0
13.915520039900896,-25.415844381585547,19.999999999999986,0.0,0.0,0.0
13.91380817145208,-25.405153135925772,19.999999999999986,0.0,0.0,0.0
13.912097847256414,-25.394461299906514,19.999999999999982,0.0,0.0,0.0
13.910389064185422,-25.383768875198093,19.999999999999993,0.0,0.0,0.0
13.908681819110983,-25.373075863471097,19.999999999999993,0.0,0.0,0.0
13.90697610890529,-25.362382266396345,19.999999999999993,0.0,0.0,0.0
13.905271930440884,-25.351688085644888,19.99999999999999,0.0,0.0,0.0
13.903569280590641,-25.34099332288805,19.99999999999999,0.0,0.0,0.0
13.90186815622777,-25.33029797979738,19.999999999999993,0.0,0.0,0.0
13.900168554225825,-25.319602058044644,19.999999999999993,0.0,0.0,0.0
13.898470471458705,-25.30890555930188,19.999999999999986,0.0,0.0,0.0
13.896773904800634,-25.298208485241318,19.99999999999999,0.0,0.0,0.0
13.895078851126213,-25.287510837535457,19.999999999999993,0.0,0.0,0.0
13.893385307310364,-25.276812617857036,19.99999999999999,0.0,0.0,0.0
13.891693270228366,-25.26611382787899,19.999999999999986,0.0,0.0,0.0
13.890002736755852,-25.255414469274506,19.99999999999999,0.0,0.0,0.0
13.8883137037688,-25.244714543716984,19.999999999999993,0.0,0.0,0.0
13.886626168143561,-25.234014052880074,19.999999999999993,0.0,0.0,0.0
13.884940126756819,-25.223312998437606,19.99999999999999,0.0,0.0,0.0
13.883255576485618,-25.212611382063702,19.999999999999993,0.0,0.0,0.0
13.881572514207393,-25.201909205432653,19.99999999999999,0.0,0.0,0.0
13.879890936799894,-25.191206470218987,19.99999999999999,0.0,0.0,0.0
13.878210841141273,-25.180503178097457,19.999999999999986,0.0,0.0,0.0
13.876532224110019,-25.169799330743015,19.99999999999999,0.0,0.0,0.0
13.874855082584999,-25.15909492983085,19.999999999999993,0.0,0.0,0.0
13.87317941344546,-25.148389977036338,19.999999999999993,0.0,0.0,0.0
13.871505213571009,-25.13768447403513,19.99999999999999,0.0,0.0,0.0
13.869832479841612,-25.12697842250302,19.999999999999986,0.0,0.0,0.0
13.868161209137625,-25.116271824116044,19.99999999999999,0.0,0.0,0.0
13.866491398339791,-25.10556468055045,19.999999999999993,0.0,0.0,0.0
13.864823044329196,-25.094856993482683,19.999999999999993,0.0,0.0,0.0
13.86315614398733,-25.084148764589372,19.999999999999993,0.0,0.0,0.0
13.86149069419607,-25.073439995547435,19.99999999999999,0.0,0.0,0.0
13.859826691837645,-25.0627306880339,19.99999999999999,0.0,0.0,0.0
13.858164133794705,-25.05202084372603,19.99999999999999,0.0,0.0,0.0
13.856503016950258,-25.041310464301308,19.999999999999993,0.0,0.0,0.0
13.85484333818771,-25.030599551437398,19.999999999999993,0.0,0.0,0.0
13.853185094390847,-25.01988810681212,19.99999999999999,0.0,0.0,0.0
13.851528282443878,-25.009176132103597,19.99999999999999,0.0,0.0,0.0
13.849872899231375,-24.998463628990056,19.999999999999993,0.0,0.0,0.0
13.848218941638304,-24.98775059914993,19.999999999999993,0.0,0.0,0.0
13.846566406550043,-24.97703704426187,19.99999999999999,0.0,0.0,0.0
13.844915290852363,-24.96632296600471,19.999999999999993,0.0,0.0,0.0
13.843265591431424,-24.955608366057437,19.99999999999999,0.0,0.0,0.0
13.84161730517381,-24.944893246099294,19.999999999999986,0.0,0.0,0.0
13.839970428966488,-24.934177607809648,19.999999999999993,0.0,0.0,0.0
13.838324959696841,-24.92346145286809,19.999999999999986,0.0,0.0,0.0
13.836680894252657,-24.912744782954352,19.999999999999986,0.0,0.0,0.0
13.835038229522137,-24.902027599748397,19.999999999999993,0.0,0.0,0.0
13.833396962393874,-24.891309904930313,19.99999999999999,0.0,0.0,0.0
13.831757089756906,-24.88059170018043,19.99999999999999,0.0,0.0,0.0
13.830118608500644,-24.869872987179207,19.999999999999986,0.0,0.0,0.0
13.828481515514948,-24.859153767607282,19.99999999999999,0.0,0.0,0.0
13.82684580769009,-24.8484340431455,19.999999999999993,0.0,0.0,0.0
13.825211481916746,-24.83771381547484,19.999999999999993,0.0,0.0,0.0
13.823578535086018,-24.826993086276442,19.999999999999986,0.0,0.0,0.0
13.821946964089445,-24.81627185723169,19.999999999999993,0.0,0.0,0.0
13.820316765818978,-24.805550130022066,19.99999999999999,0.0,0.0,0.0
13.81868793716699,-24.794827906329235,19.99999999999999,0.0,0.0,0.0
