galstreams/tracks/track.st.C-9.ibata2021.ecsv
# %ECSV 0.9
# ---
# datatype:
# - {name: ra, unit: deg, datatype: float64}
# - {name: dec, unit: deg, datatype: float64}
# - {name: distance, unit: kpc, datatype: float64}
# - {name: pm_ra_cosdec, unit: mas / yr, datatype: float64}
# - {name: pm_dec, unit: mas / yr, datatype: float64}
# - {name: radial_velocity, unit: km / s, datatype: float64}
# delimiter: ','
# meta: !!omap
# - __serialized_columns__:
#     dec:
#       __class__: astropy.coordinates.angles.Latitude
#       unit: &id001 !astropy.units.Unit {unit: deg}
#       value: !astropy.table.SerializedColumn {name: dec}
#     distance:
#       __class__: astropy.coordinates.distances.Distance
#       unit: !astropy.units.Unit {unit: kpc}
#       value: !astropy.table.SerializedColumn {name: distance}
#     pm_dec:
#       __class__: astropy.units.quantity.Quantity
#       unit: !astropy.units.Unit {unit: mas / yr}
#       value: !astropy.table.SerializedColumn {name: pm_dec}
#     pm_ra_cosdec:
#       __class__: astropy.units.quantity.Quantity
#       unit: !astropy.units.Unit {unit: mas / yr}
#       value: !astropy.table.SerializedColumn {name: pm_ra_cosdec}
#     ra:
#       __class__: astropy.coordinates.angles.Longitude
#       unit: *id001
#       value: !astropy.table.SerializedColumn {name: ra}
#       wrap_angle: !astropy.coordinates.Angle
#         unit: *id001
#         value: 360.0
#     radial_velocity:
#       __class__: astropy.units.quantity.Quantity
#       unit: !astropy.units.Unit {unit: km / s}
#       value: !astropy.table.SerializedColumn {name: radial_velocity}
# schema: astropy-2.0
ra,dec,distance,pm_ra_cosdec,pm_dec,radial_velocity
14.859317570138199,-14.035245914264772,8.236840507616973,0.06842245942167599,0.1608304764158509,3.1577876737021266e-15
14.866758877036354,-14.042892817688283,8.231527860008203,0.06781116221015564,0.1604464545699301,2.8946387008936164e-15
14.874201485389706,-14.050538805201002,8.226230167458084,0.06720106732965334,0.16006262868929289,2.6314897280851058e-15
14.881645393184234,-14.058183878582536,8.220947414310716,0.06659217370580896,0.15967899907191926,2.6314897280851058e-15
14.889090598405987,-14.065828039612768,8.215679584910193,0.06598448026420066,0.15929556601582878,2.8946387008936164e-15
14.89653709904097,-14.07347129007173,8.210426663600602,0.0653779859303444,0.15891232981908002,3.1577876737021266e-15
14.90398489307504,-14.081113631739468,8.205188634726046,0.06477268962969428,0.15852929077977052,3.684085619319148e-15
14.911433978494113,-14.088755066396303,8.199965482630613,0.06416859028764205,0.15814644919603638,3.4209366465106372e-15
14.918884353284083,-14.096395595822717,8.194757191658397,0.06356568682951715,0.15776380536605242,2.6314897280851058e-15
14.926336015430671,-14.104035221799194,8.189563746153496,0.06296397818058669,0.1573813595880313,2.1051917824680845e-15
14.933788962919683,-14.111673946106492,8.18438513046,0.06236346326605529,0.15699911216022425,3.1577876737021266e-15
14.941243193736838,-14.119311770525504,8.179221328922008,0.06176414101106482,0.1566170633809197,2.8946387008936164e-15
14.94869870586786,-14.126948696837294,8.174072325883607,0.06116601034069464,0.15623521354844425,2.1051917824680845e-15
14.95615549729831,-14.134584726822942,8.168938105688893,0.060569070179961174,0.1558535629611616,3.1577876737021266e-15
14.963613566013834,-14.142219862263829,8.163818652681968,0.05997331945381804,0.15547211191747254,2.8946387008936164e-15
14.971072910000023,-14.14985410494147,8.158713951206916,0.05937875708715569,0.155090860715815,2.6314897280851058e-15
14.978533527242329,-14.157487456637408,8.153623985607833,0.05878538200480177,0.15470980965466363,2.8946387008936164e-15
14.985995415726267,-14.165119919133472,8.148548740228817,0.05819319313152021,0.15432895903252924,2.8946387008936164e-15
14.993458573437314,-14.172751494211633,8.143488199413957,0.057602189392012074,0.15394830914795937,2.8946387008936164e-15
15.000922998360794,-14.180382183653895,8.138442347507349,0.05701236971091485,0.15356786029953737,2.6314897280851058e-15
15.00838868848211,-14.188011989242543,8.133411168853089,0.05642373301280246,0.15318761278588242,2.6314897280851058e-15
15.015855641786612,-14.195640912760007,8.128394647795266,0.05583627822218516,0.15280756690564937,2.6314897280851058e-15
15.02332385625951,-14.203268955988761,8.12339276867798,0.055250004263509844,0.15242772295752843,2.8946387008936164e-15
15.030793329886087,-14.210896120711547,8.118405515845325,0.05466491006115917,0.15204808124024516,2.6314897280851058e-15
15.038264060651578,-14.218522408711268,8.113432873641385,0.05408099453945206,0.15166864205255995,2.8946387008936164e-15
15.045736046541062,-14.226147821770855,8.108474826410266,0.053498256622643445,0.1512894056932676,2.368340755276595e-15
15.05320928553971,-14.233772361673514,8.103531358496054,0.052916695234923934,0.15091037246119793,2.8946387008936164e-15
15.060683775632645,-14.24139603020263,8.098602454242851,0.052336309300420256,0.15053154265521476,2.1051917824680845e-15
15.068159514804831,-14.24901882914159,8.093688097994743,0.051757097743194445,0.150152916574216,3.1577876737021266e-15
15.075636501041306,-14.256640760274095,8.088788274095828,0.051179059487244424,0.1497744945171333,2.8946387008936164e-15
15.083114732327083,-14.264261825383976,8.083902966890195,0.05060219345650345,0.14939627678293224,2.368340755276595e-15
15.09059420664701,-14.271882026255108,8.079032160721946,0.05002649857484024,0.1490182636706114,2.8946387008936164e-15
15.098074921986012,-14.279501364671667,8.074175839935169,0.04945197376605868,0.1486404554792028,2.368340755276595e-15
15.105556876328947,-14.287119842417919,8.069333988873963,0.04887861795389786,0.14826285250777096,2.6314897280851058e-15
15.113040067660654,-14.294737461278352,8.064506591882413,0.048306430062031995,0.14788545505541376,3.1577876737021266e-15
15.12052449396584,-14.302354223037481,8.05969363330462,0.04773540901407041,0.14750826342126105,2.6314897280851058e-15
15.128010153229278,-14.309970129480106,8.054895097484682,0.04716555373355696,0.14713127790447494,2.368340755276595e-15
15.13549704343569,-14.31758518239119,8.050110968766681,0.04659686314397052,0.1467544988042497,2.8946387008936164e-15
15.14298516256967,-14.32519938355574,8.04534123149472,0.04602933616872487,0.14637792641981157,2.6314897280851058e-15
15.15047450861587,-14.332812734759035,8.040585870012894,0.045462971731168006,0.14600156105041806,2.8946387008936164e-15
15.157965079558927,-14.34042523778654,8.035844868665292,0.04489776875458253,0.14562540299535812,2.6314897280851058e-15
15.165456873383281,-14.348036894423727,8.031118211796008,0.04433372616218542,0.14524945255395177,2.6314897280851058e-15
15.172949888073507,-14.35564770645639,8.02640588374914,0.043770842877128055,0.14487371002554994,2.8946387008936164e-15
15.180444121614094,-14.363257675670459,8.021707868868775,0.04320911782249591,0.14449817570953435,2.8946387008936164e-15
15.187939571989403,-14.370866803851928,8.017024151499015,0.042648549921308544,0.14412284990531682,2.1051917824680845e-15
15.19543623718387,-14.378475092787063,8.012354715983946,0.04208913809651947,0.14374773291233953,2.368340755276595e-15
15.20293411518189,-14.3860825442623,8.007699546667672,0.04153088127101633,0.1433728250300748,2.8946387008936164e-15
15.2104332039677,-14.39368916006412,8.00305862789428,0.04097377836762042,0.14299812655802444,2.368340755276595e-15
15.21793350152563,-14.401294941979295,7.998431944007865,0.040417828309086634,0.1426236377957197,3.1577876737021266e-15
15.225435005839918,-14.408899891794723,7.99381947935252,0.03986303001810358,0.1422493590427213,2.6314897280851058e-15
15.232937714894822,-14.416504011297501,7.98922121827234,0.03930938241729334,0.1418752905986189,2.8946387008936164e-15
15.240441626674428,-14.424107302274793,7.98463714511142,0.03875688442921156,0.14150143276303095,2.8946387008936164e-15
15.247946739162916,-14.431709766514027,7.980067244213855,0.038205534976346926,0.14112778583560442,2.6314897280851058e-15
15.255453050344423,-14.439311405802824,7.975511499923735,0.03765533298112153,0.1407543501160148,2.368340755276595e-15
15.262960558202929,-14.446912221928825,7.970969896585155,0.03710627736589054,0.1403811259039655,2.6314897280851058e-15
15.27046926072251,-14.454512216679994,7.966442418542212,0.036558367052942214,0.14000811349918776,2.368340755276595e-15
15.277979155887193,-14.46211139184445,7.961929050138996,0.03601160096449759,0.1396353132014407,2.6314897280851058e-15
15.285490241680847,-14.469709749210349,7.957429775719607,0.03546597802271067,0.13926272531051054,2.6314897280851058e-15
15.293002516087435,-14.47730729056616,7.952944579628133,0.03492149714966807,0.13889035012621093,2.6314897280851058e-15
15.300515977090877,-14.484904017700522,7.9484734462086655,0.03437815726738919,0.13851818794838233,2.6314897280851058e-15
15.30803062267494,-14.492499932402112,7.944016359805309,0.033835957297825764,0.1381462390768918,2.1051917824680845e-15
15.315546450823476,-14.500095036459902,7.939573304762148,0.03329489616286216,0.13777450381163298,2.8946387008936164e-15
15.3230634595203,-14.507689331663052,7.935144265423282,0.032754972784315,0.13740298245252575,2.8946387008936164e-15
15.330581646749069,-14.51528281980077,7.930729226132801,0.03221618608393331,0.137031675299516,2.6314897280851058e-15
15.338101010493531,-14.52287550266254,7.9263281712348,0.031678534983397975,0.13666058265257516,2.6314897280851058e-15
15.345621548737403,-14.530467382038045,7.921941085073377,0.031142018404322222,0.13628970481170044,2.8946387008936164e-15
15.353143259464222,-14.538058459717012,7.9175679519926225,0.030606635268251095,0.13591904207691405,2.6314897280851058e-15
15.36066614065764,-14.54564873748946,7.913208756336628,0.03007238449666149,0.13554859474826358,3.1577876737021266e-15
15.36819019030125,-14.553238217145596,7.90886348244949,0.029539265010962188,0.13517836312582118,2.6314897280851058e-15
15.375715406378514,-14.56082690047566,7.9045321146753045,0.029007275732493582,0.13480834750968362,2.6314897280851058e-15
15.383241786872967,-14.568414789270221,7.900214637358159,0.028476415582527597,0.13443854819997195,2.8946387008936164e-15
15.390769329768059,-14.57600188531996,7.8959110348421575,0.02794668348226787,0.13406896549683145,2.8946387008936164e-15
15.398298033047254,-14.583588190415792,7.8916212914713855,0.02741807835284914,0.13369959970043108,2.368340755276595e-15
15.405827894693873,-14.591173706348664,7.8873453915899425,0.02689059911533763,0.13333045111096345,3.4209366465106372e-15
15.413358912691304,-14.59875843490986,7.883083319541918,0.026364244690730686,0.13296152002864473,2.6314897280851058e-15
15.420891085022928,-14.60634237789083,7.878835059671409,0.0258390139999568,0.13259280675371396,2.1051917824680845e-15
15.428424409671932,-14.613925537083045,7.874600596322508,0.02531490596387548,0.1322243115864331,2.6314897280851058e-15
15.43595888462162,-14.621507914278338,7.870379913839308,0.024791919503277055,0.13185603482708683,2.8946387008936164e-15
15.443494507855252,-14.62908951126868,7.866172996565905,0.02427005353888289,0.13148797677598242,2.6314897280851058e-15
15.451031277355947,-14.636670329846117,7.861979828846392,0.023749306991345014,0.13112013773344894,3.1577876737021266e-15
15.458569191106884,-14.644250371803007,7.8578003950248645,0.023229678781245957,0.13075251799983761,2.368340755276595e-15
15.466108247091224,-14.65182963893186,7.853634679445414,0.022711167829098895,0.1303851178755213,2.368340755276595e-15
15.47364844329198,-14.659408133025279,7.849482666452136,0.02219377305534746,0.13001793766089428,2.8946387008936164e-15
15.481189777692245,-14.666985855876158,7.845344340389124,0.02167749338036568,0.12965097765637207,3.0262131872978715e-15
15.488732248275081,-14.674562809277573,7.841219685600471,0.02116232772445769,0.12928423816239107,2.2367662688723396e-15
15.496275853023388,-14.682138995022662,7.837108686430274,0.02064827500785802,0.12891771947940844,2.368340755276595e-15
15.503820589920172,-14.68971441490487,7.833011327222624,0.02013533415073104,0.1285514219079018,2.763064214489361e-15
15.511366456948386,-14.697289070717835,7.828927592321616,0.019623504073171375,0.12818534574836912,2.368340755276595e-15
15.518913452090842,-14.704862964255241,7.824857466071344,0.01911278369520338,0.1278194913013281,2.4999152416808503e-15
15.526461573330447,-14.712436097311098,7.820800932815903,0.01860317193678121,0.12745385886731636,2.8946387008936164e-15
15.534010818650009,-14.720008471679554,7.816757976899383,0.01809466771778872,0.12708844874689096,2.8946387008936164e-15
15.541561186032373,-14.727580089154985,7.8127285826658825,0.017587269958039463,0.1267232612406282,2.2367662688723396e-15
15.549112673460215,-14.735150951531825,7.808712734459494,0.017080977577276443,0.12635829664912335,2.368340755276595e-15
15.556665278916299,-14.742721060604826,7.80471041662431,0.016575789495172133,0.12599355527299058,2.1051917824680845e-15
15.56421900038336,-14.750290418168923,7.800721613504427,0.01607170463132822,0.1256290374128623,2.4999152416808503e-15
15.571773835843993,-14.757859026019121,7.796746309443938,0.015568721905275964,0.12526474336938945,2.6314897280851058e-15
15.579329783280857,-14.765426885950742,7.792784488786936,0.015066840236475445,0.12490067344324093,2.4999152416808503e-15
15.586886840676605,-14.772993999759287,7.788836135877516,0.01456605854431593,0.12453682793510332,2.1051917824680845e-15
15.59444500601372,-14.78056036924032,7.784901235059771,0.014066375748115657,0.12417320714568077,2.6314897280851058e-15
15.602004277274775,-14.788125996189734,7.780979770677796,0.013567790767121803,0.1238098113756947,2.6314897280851058e-15
15.60956465244233,-14.79569088240361,7.777071727075684,0.013070302520510167,0.12344664092588364,2.368340755276595e-15
15.617126129498773,-14.80325502967808,7.773177088597529,0.012573909927385494,0.12308369609700283,2.6314897280851058e-15
15.624688706426587,-14.810818439809617,7.769295839587426,0.012078611906780884,0.12272097718982393,2.4999152416808503e-15
15.632252381208225,-14.818381114594866,7.765427964389469,0.011584407377658007,0.12235848450513503,2.4999152416808503e-15
15.639817151825993,-14.825943055830535,7.761573447347749,0.011091295258907228,0.12199621834374033,2.6314897280851058e-15
15.647383016262284,-14.833504265313685,7.757732272806367,0.01059927446934691,0.12163417900645962,2.6314897280851058e-15
15.654949972499457,-14.841064744841535,7.7539044251094085,0.010108343927723824,0.12127236679412845,2.368340755276595e-15
15.662518018519725,-14.848624496211382,7.750089888600972,0.00961850255271286,0.12091078200759743,2.4999152416808503e-15
15.670087152305383,-14.856183521220855,7.746288647625151,0.009129749262916978,0.12054942494773237,2.763064214489361e-15
15.677657371838668,-14.863741821667725,7.742500686526038,0.008642082976867036,0.1201882959154138,2.6314897280851058e-15
15.685228675101826,-14.871299399350004,7.73872598964773,0.008155502613021852,0.11982739521153671,2.2367662688723396e-15
15.692801060076938,-14.878856256065763,7.734964541334318,0.007670007089768214,0.11946672313701062,2.763064214489361e-15
15.700374524746186,-14.886412393613423,7.731216325929898,0.007185595325420286,0.11910627999275887,2.4999152416808503e-15
15.707949067091727,-14.893967813791576,7.7274813277785634,0.00670226623821995,0.11874606607971867,2.4999152416808503e-15
15.715524685095556,-14.901522518398886,7.723759531224407,0.006220018746336775,0.1183860816988408,2.763064214489361e-15
15.72310137673977,-14.909076509234364,7.720050920611523,0.005738851767867603,0.11802632715108924,2.1051917824680845e-15
15.730679140006423,-14.916629788097197,7.716355480284007,0.00525876422083664,0.11766680273744096,2.368340755276595e-15
15.738257972877447,-14.924182356786652,7.7126731945859515,0.004779755023195445,0.11730750875888589,2.1051917824680845e-15
15.745837873334828,-14.931734217102314,7.709004047861449,0.00430182309282258,0.11694844551642634,2.6314897280851058e-15
15.753418839360549,-14.939285370843987,7.705348024454598,0.0038249673475237774,0.11658961331107684,2.368340755276595e-15
15.761000868936442,-14.94683581981153,7.701705108709491,0.003349186705031899,0.1162310124438642,2.2367662688723396e-15
15.76858396004441,-14.954385565805138,7.698075284970217,0.0028744800830065847,0.11587264321582684,2.368340755276595e-15
15.776168110666356,-14.961934610625205,7.694458537580876,0.0024008463990341355,0.11551450592801456,2.368340755276595e-15
15.783753318784019,-14.969482956072197,7.69085485088556,0.0019282845706278652,0.11515660088148863,2.368340755276595e-15
15.79133958237923,-14.977030603946911,7.687264209228362,0.0014567935152275027,0.11479892837732111,2.4999152416808503e-15
15.798926899433777,-14.984577556050354,7.683686596953376,0.0009863721501994476,0.11444148871659515,2.6314897280851058e-15
15.806515267929345,-14.992123814183596,7.680121998404698,0.0005170193928364791,0.11408428220040392,2.2367662688723396e-15
15.81410468584767,-14.999669380148047,7.676570397926419,4.87341603578979e-05,0.11372730912985143,2.2367662688723396e-15
15.821695151170424,-15.00721425574527,7.673031779862637,-0.00041848463009087986,0.11337056980605109,2.4999152416808503e-15
15.829286661879307,-15.014758442777083,7.6695061285574395,-0.000884638061438135,0.11301406453012647,2.4999152416808503e-15
15.83687921595586,-15.022301943045385,7.665993428354928,-0.0013497272166860625,0.11265779360321022,2.1051917824680845e-15
15.844472811381728,-15.029844758352384,7.662493663599192,-0.0018137531789108206,0.11230175732644464,2.368340755276595e-15
15.852067446138513,-15.03738689050053,7.659006818634325,-0.0022767170312627313,0.11194595600098069,1.9736172960638294e-15
