galstreams/tracks/track.st.M92.thomas2020.ecsv
# %ECSV 0.9
# ---
# datatype:
# - {name: ra, unit: deg, datatype: float64}
# - {name: dec, unit: deg, datatype: float64}
# - {name: distance, unit: kpc, datatype: float64}
# - {name: pm_ra_cosdec, unit: mas / yr, datatype: float64}
# - {name: pm_dec, unit: mas / yr, datatype: float64}
# - {name: radial_velocity, unit: km / s, datatype: float64}
# delimiter: ','
# meta: !!omap
# - __serialized_columns__:
#     dec:
#       __class__: astropy.coordinates.angles.Latitude
#       unit: &id001 !astropy.units.Unit {unit: deg}
#       value: !astropy.table.SerializedColumn {name: dec}
#     distance:
#       __class__: astropy.coordinates.distances.Distance
#       unit: !astropy.units.Unit {unit: kpc}
#       value: !astropy.table.SerializedColumn {name: distance}
#     pm_dec:
#       __class__: astropy.units.quantity.Quantity
#       unit: !astropy.units.Unit {unit: mas / yr}
#       value: !astropy.table.SerializedColumn {name: pm_dec}
#     pm_ra_cosdec:
#       __class__: astropy.units.quantity.Quantity
#       unit: !astropy.units.Unit {unit: mas / yr}
#       value: !astropy.table.SerializedColumn {name: pm_ra_cosdec}
#     ra:
#       __class__: astropy.coordinates.angles.Longitude
#       unit: *id001
#       value: !astropy.table.SerializedColumn {name: ra}
#       wrap_angle: !astropy.coordinates.Angle
#         unit: *id001
#         value: 360.0
#     radial_velocity:
#       __class__: astropy.units.quantity.Quantity
#       unit: !astropy.units.Unit {unit: km / s}
#       value: !astropy.table.SerializedColumn {name: radial_velocity}
# schema: astropy-2.0
ra,dec,distance,pm_ra_cosdec,pm_dec,radial_velocity
[from data line 484]
256.8547516690026,42.71972775403855,8.300000000000004,0.0,0.0,0.0
256.868686621668,42.722597483128794,8.300000000000004,0.0,0.0,0.0
256.88262149873765,42.72545206694893,8.300000000000004,0.0,0.0,0.0
256.8965562915288,42.72829151813129,8.300000000000004,0.0,0.0,0.0
256.9104909913673,42.73111584929701,8.300000000000004,0.0,0.0,0.0
256.924425589588,42.73392507305602,8.300000000000004,0.0,0.0,0.0
256.9383600775342,42.73671920200714,8.300000000000004,0.0,0.0,0.0
256.9522944465579,42.73949824873804,8.300000000000004,0.0,0.0,0.0
256.96622868802035,42.742262225825264,8.300000000000004,0.0,0.0,0.0
256.98016279329096,42.745011145834205,8.300000000000004,0.0,0.0,0.0
256.9940967537482,42.747745021319226,8.300000000000004,0.0,0.0,0.0
257.0080305607793,42.75046386482349,8.300000000000006,0.0,0.0,0.0
257.02196420578025,42.75316768887915,8.300000000000004,0.0,0.0,0.0
257.0358976801558,42.755856506007255,8.300000000000004,0.0,0.0,0.0
257.04983097531965,42.75853032871779,8.300000000000004,0.0,0.0,0.0
257.06376408269426,42.76118916950968,8.300000000000004,0.0,0.0,0.0
257.0776969937108,42.76383304087083,8.300000000000004,0.0,0.0,0.0
257.0916296998096,42.7664619552781,8.300000000000002,0.0,0.0,0.0
257.1055621924394,42.76907592519731,8.300000000000004,0.0,0.0,0.0
257.1194944630582,42.771674963083306,8.300000000000004,0.0,0.0,0.0
257.1334265031326,42.77425908137991,8.300000000000004,0.0,0.0,0.0
257.1473583041384,42.776828292519966,8.300000000000006,0.0,0.0,0.0
257.16128985756006,42.77938260892532,8.300000000000004,0.0,0.0,0.0
257.17522115489083,42.781922043006894,8.300000000000004,0.0,0.0,0.0
257.1891521876332,42.78444660716461,8.300000000000004,0.0,0.0,0.0
257.20308294729847,42.786956313787464,8.300000000000004,0.0,0.0,0.0
257.21701342540666,42.789451175253525,8.300000000000004,0.0,0.0,0.0
257.2309436134871,42.79193120392993,8.300000000000006,0.0,0.0,0.0
257.2448735030779,42.794396412172894,8.300000000000004,0.0,0.0,0.0
257.25880308572596,42.79684681232775,8.300000000000004,0.0,0.0,0.0
257.2727323529876,42.799282416728936,8.300000000000006,0.0,0.0,0.0
257.28666129642755,42.801703237699996,8.300000000000004,0.0,0.0,0.0
257.3005899076201,42.80410928755361,8.300000000000004,0.0,0.0,0.0
257.31451817814815,42.806500578591624,8.300000000000004,0.0,0.0,0.0
257.32844609960387,42.808877123105,8.300000000000002,0.0,0.0,0.0
257.34237366358826,42.811238933373886,8.300000000000004,0.0,0.0,0.0
257.3563008617114,42.8135860216676,8.300000000000004,0.0,0.0,0.0
257.37022768559274,42.81591840024465,8.300000000000004,0.0,0.0,0.0
257.3841541268602,42.81823608135273,8.300000000000004,0.0,0.0,0.0
257.3980801771511,42.82053907722875,8.300000000000004,0.0,0.0,0.0
257.41200582811206,42.82282740009883,8.300000000000004,0.0,0.0,0.0
257.4259310713982,42.825101062178305,8.300000000000004,0.0,0.0,0.0
257.4398558986743,42.82736007567181,8.300000000000006,0.0,0.0,0.0
257.45378030161396,42.82960445277314,8.300000000000004,0.0,0.0,0.0
257.46770427189983,42.83183420566542,8.300000000000006,0.0,0.0,0.0
257.48162780122385,42.834049346521034,8.300000000000004,0.0,0.0,0.0
257.49555088128704,42.83624988750163,8.300000000000004,0.0,0.0,0.0
257.50947350379954,42.83843584075815,8.300000000000004,0.0,0.0,0.0
257.5233956604807,42.84060721843085,8.300000000000004,0.0,0.0,0.0
257.5373173430587,42.84276403264933,8.300000000000004,0.0,0.0,0.0
257.55123854327155,42.844906295532454,8.300000000000004,0.0,0.0,0.0
257.56515925286584,42.84703401918847,8.300000000000004,0.0,0.0,0.0
257.57907946359745,42.84914721571497,8.300000000000002,0.0,0.0,0.0
257.5929991672317,42.851245897198865,8.300000000000002,0.0,0.0,0.0
257.6069183555429,42.85333007571648,8.300000000000004,0.0,0.0,0.0
257.6208370203147,42.85539976333352,8.300000000000004,0.0,0.0,0.0
257.6347551533398,42.85745497210503,8.300000000000004,0.0,0.0,0.0
257.64867274642035,42.85949571407553,8.300000000000002,0.0,0.0,0.0
257.6625897913675,42.86152200127888,8.300000000000004,0.0,0.0,0.0
257.6765062800017,42.86353384573844,8.300000000000004,0.0,0.0,0.0
257.69042220415287,42.86553125946691,8.300000000000004,0.0,0.0,0.0
257.70433755566,42.86751425446652,8.300000000000002,0.0,0.0,0.0
257.71825232637127,42.869482842728914,8.300000000000002,0.0,0.0,0.0
257.7321665081445,42.8714370362352,8.300000000000004,0.0,0.0,0.0
257.7460800928463,42.873376846956,8.300000000000004,0.0,0.0,0.0
257.75999307235287,42.87530228685137,8.300000000000002,0.0,0.0,0.0
257.7739054385498,42.877213367870915,8.300000000000004,0.0,0.0,0.0
257.7878171833318,42.87911010195371,8.300000000000004,0.0,0.0,0.0
257.8017282986028,42.880992501028366,8.300000000000002,0.0,0.0,0.0
257.8156387762766,42.88286057701304,8.300000000000004,0.0,0.0,0.0
257.8295486082757,42.8847143418154,8.300000000000004,0.0,0.0,0.0
257.8434577865322,42.88655380733272,8.300000000000004,0.0,0.0,0.0
257.85736630298766,42.888378985451766,8.300000000000004,0.0,0.0,0.0
257.8712741495928,42.89018988804892,8.300000000000006,0.0,0.0,0.0
257.8851813183079,42.89198652699016,8.300000000000004,0.0,0.0,0.0
257.89908780110244,42.893768914131016,8.300000000000004,0.0,0.0,0.0
257.91299358995553,42.89553706131669,8.300000000000004,0.0,0.0,0.0
257.92689867685533,42.89729098038192,8.300000000000002,0.0,0.0,0.0
257.9408030537997,42.89903068315114,8.300000000000004,0.0,0.0,0.0
257.95470671279577,42.900756181438396,8.300000000000006,0.0,0.0,0.0
257.9686096458601,42.902467487047375,8.300000000000006,0.0,0.0,0.0
257.9825118450186,42.904164611771456,8.300000000000004,0.0,0.0,0.0
257.99641330230696,42.90584756739364,8.300000000000006,0.0,0.0,0.0
258.0103140097698,42.90751636568666,8.300000000000004,0.0,0.0,0.0
258.0242139594616,42.909171018412906,8.300000000000002,0.0,0.0,0.0
258.03811314344586,42.9108115373245,8.300000000000006,0.0,0.0,0.0
258.05201155379604,42.91243793416326,8.300000000000004,0.0,0.0,0.0
258.0659091825948,42.914050220660705,8.300000000000004,0.0,0.0,0.0
258.07980602193413,42.915648408538146,8.300000000000004,0.0,0.0,0.0
258.09370206391606,42.91723250950661,8.300000000000004,0.0,0.0,0.0
258.1075973006514,42.91880253526687,8.300000000000004,0.0,0.0,0.0
258.1214917242609,42.92035849750949,8.300000000000004,0.0,0.0,0.0
258.1353853268747,42.9219004079148,8.300000000000002,0.0,0.0,0.0
258.14927810063256,42.923428278152926,8.300000000000002,0.0,0.0,0.0
258.1631700376835,42.92494211988378,8.300000000000002,0.0,0.0,0.0
258.17706113018636,42.9264419447571,8.300000000000002,0.0,0.0,0.0
258.19095137030934,42.92792776441243,8.300000000000004,0.0,0.0,0.0
258.20484075023006,42.92939959047919,8.300000000000004,0.0,0.0,0.0
258.2187292621362,42.93085743457658,8.300000000000002,0.0,0.0,0.0
258.23261689822436,42.93230130831369,8.300000000000002,0.0,0.0,0.0
258.2465036507011,42.93373122328948,8.300000000000002,0.0,0.0,0.0
258.26038951178225,42.935147191092774,8.300000000000002,0.0,0.0,0.0
258.27427447369365,42.93654922330226,8.300000000000004,0.0,0.0,0.0
258.2881585286704,42.937937331486566,8.3,0.0,0.0,0.0
258.3020416689571,42.93931152720421,8.300000000000002,0.0,0.0,0.0
258.3159238868083,42.94067182200363,8.300000000000002,0.0,0.0,0.0
258.32980517448783,42.942018227423155,8.300000000000002,0.0,0.0,0.0
258.3436855242693,42.943350754991144,8.300000000000004,0.0,0.0,0.0
258.3575649284359,42.94466941622579,8.300000000000002,0.0,0.0,0.0
258.37144337928044,42.945974222635336,8.300000000000002,0.0,0.0,0.0
258.3853208691052,42.947265185717974,8.300000000000004,0.0,0.0,0.0
258.3991973902224,42.94854231696188,8.300000000000002,0.0,0.0,0.0
258.41307293495373,42.94980562784519,8.3,0.0,0.0,0.0
258.4269474956305,42.951055129836085,8.300000000000002,0.0,0.0,0.0
258.44082106459354,42.95229083439276,8.300000000000002,0.0,0.0,0.0
258.45469363419375,42.953512752963405,8.300000000000002,0.0,0.0,0.0
258.46856519679136,42.954720896986274,8.300000000000002,0.0,0.0,0.0
258.48243574475634,42.95591527788965,8.300000000000004,0.0,0.0,0.0
258.4963052704684,42.9570959070919,8.300000000000002,0.0,0.0,0.0
258.5101737663168,42.95826279600142,8.300000000000002,0.0,0.0,0.0
258.5240412247007,42.959415956016734,8.300000000000002,0.0,0.0,0.0
258.5379076380288,42.960555398526395,8.300000000000002,0.0,0.0,0.0
258.5517729987195,42.961681134909114,8.300000000000002,0.0,0.0,0.0
258.5656372992009,42.962793176533694,8.3,0.0,0.0,0.0
258.57950053191104,42.96389153475904,8.300000000000002,0.0,0.0,0.0
258.59336268929735,42.96497622093422,8.300000000000002,0.0,0.0,0.0
258.60722376381716,42.966047246398425,8.300000000000002,0.0,0.0,0.0
258.62108374793746,42.96710462248102,8.300000000000002,0.0,0.0,0.0
258.63494263413514,42.9681483605015,8.300000000000002,0.0,0.0,0.0
258.64880041489664,42.96917847176958,8.300000000000002,0.0,0.0,0.0
258.66265708271806,42.970194967585144,8.300000000000002,0.0,0.0,0.0
258.67651263010566,42.971197859238245,8.3,0.0,0.0,0.0
258.6903670495752,42.972187158009184,8.300000000000002,0.0,0.0,0.0
258.70422033365196,42.97316287516848,8.3,0.0,0.0,0.0
258.71807247487146,42.97412502197684,8.300000000000002,0.0,0.0,0.0
258.7319234657788,42.975073609685246,8.300000000000002,0.0,0.0,0.0
258.74577329892855,42.97600864953493,8.300000000000002,0.0,0.0,0.0
258.75962196688573,42.97693015275738,8.300000000000004,0.0,0.0,0.0
258.7734694622245,42.977838130574334,8.300000000000002,0.0,0.0,0.0
258.7873157775291,42.97873259419786,8.3,0.0,0.0,0.0
258.8011609053938,42.979613554830266,8.3,0.0,0.0,0.0
258.81500483842217,42.98048102366422,8.3,0.0,0.0,0.0
258.828847569228,42.981335011882635,8.3,0.0,0.0,0.0
258.84268909043465,42.982175530658864,8.300000000000002,0.0,0.0,0.0
258.8565293946755,42.98300259115645,8.300000000000002,0.0,0.0,0.0
258.87036847459353,42.98381620452939,8.300000000000002,0.0,0.0,0.0
258.88420632284175,42.984616381921995,8.3,0.0,0.0,0.0
258.898042932083,42.985403134468974,8.300000000000002,0.0,0.0,0.0
258.91187829498983,42.98617647329537,8.3,0.0,0.0,0.0
258.9257124042447,42.98693640951667,8.300000000000002,0.0,0.0,0.0
258.9395452525399,42.987682954238736,8.3,0.0,0.0,0.0
258.95337683257776,42.98841611855781,8.300000000000002,0.0,0.0,0.0
258.96720713707,42.98913591356061,8.3,0.0,0.0,0.0
258.98103615873885,42.98984235032425,8.300000000000004,0.0,0.0,0.0
258.99486389031586,42.990535439916314,8.3,0.0,0.0,0.0
259.0086903245428,42.99121519339482,8.300000000000004,0.0,0.0,0.0
259.0225154541709,42.99188162180827,8.300000000000002,0.0,0.0,0.0
259.03633927196194,42.99253473619561,8.300000000000002,0.0,0.0,0.0
259.05016177068694,42.993174547586314,8.3,0.0,0.0,0.0
259.06398294312714,42.99380106700031,8.3,0.0,0.0,0.0
259.0778027820737,42.99441430544807,8.300000000000002,0.0,0.0,0.0
259.09162128032756,42.99501427393058,8.300000000000002,0.0,0.0,0.0
259.10543843069945,42.995600983439324,8.300000000000002,0.0,0.0,0.0
259.1192542260104,42.996174444956345,8.300000000000002,0.0,0.0,0.0
259.13306865909095,42.99673466945426,8.300000000000002,0.0,0.0,0.0
259.1468817227817,42.99728166789622,8.300000000000002,0.0,0.0,0.0
259.1606934099333,42.99781545123593,8.3,0.0,0.0,0.0
259.1745037134061,42.998336030417754,8.300000000000002,0.0,0.0,0.0
259.1883126260706,42.998843416376545,8.300000000000002,0.0,0.0,0.0
259.2021201408071,42.999337620037856,8.300000000000002,0.0,0.0,0.0
259.2159262505058,42.999818652317764,8.300000000000002,0.0,0.0,0.0
259.22973094806696,43.00028652412306,8.3,0.0,0.0,0.0
259.24353422640075,43.000741246351126,8.300000000000002,0.0,0.0,0.0
259.2573360784273,43.00118282988998,8.300000000000002,0.0,0.0,0.0
259.2711364970766,43.00161128561832,8.300000000000004,0.0,0.0,0.0
259.28493547528865,43.00202662440551,8.300000000000002,0.0,0.0,0.0
259.29873300601355,43.00242885711159,8.300000000000002,0.0,0.0,0.0
259.3125290822111,43.00281799458728,8.300000000000002,0.0,0.0,0.0
259.32632369685126,43.00319404767403,8.3,0.0,0.0,0.0
259.340116842914,43.00355702720395,8.3,0.0,0.0,0.0
259.353908513389,43.00390694399992,8.3,0.0,0.0,0.0
259.36769870127625,43.00424380887555,8.3,0.0,0.0,0.0
259.3814873995855,43.00456763263515,8.300000000000002,0.0,0.0,0.0
259.39527460133655,43.00487842607384,8.300000000000004,0.0,0.0,0.0
259.40906029955926,43.00517619997746,8.300000000000004,0.0,0.0,0.0
259.42284448729333,43.00546096512265,8.300000000000002,0.0,0.0,0.0
259.4366271575886,43.00573273227683,8.3,0.0,0.0,0.0
259.45040830350484,43.00599151219823,8.3,0.0,0.0,0.0
259.4641879181118,43.006237315635836,8.3,0.0,0.0,0.0
259.4779659944894,43.00647015332953,8.300000000000002,0.0,0.0,0.0
259.49174252572726,43.00669003600996,8.3,0.0,0.0,0.0
259.50551750492536,43.00689697439864,8.300000000000002,0.0,0.0,0.0
259.51929092519345,43.00709097920796,8.300000000000002,0.0,0.0,0.0
259.5330627796514,43.00727206114111,8.300000000000002,0.0,0.0,0.0
259.546833061429,43.00744023089219,8.300000000000002,0.0,0.0,0.0
259.5606017636664,43.00759549914619,8.300000000000002,0.0,0.0,0.0
259.5743688795132,43.00773787657898,8.300000000000002,0.0,0.0,0.0
259.5881344021296,43.007867373857316,8.300000000000002,0.0,0.0,0.0
259.6018983246854,43.00798400163892,8.300000000000002,0.0,0.0,0.0
259.61566064036083,43.008087770572374,8.300000000000002,0.0,0.0,0.0
259.6294213423458,43.008178691297246,8.300000000000002,0.0,0.0,0.0
259.6431804238405,43.008256774444035,8.300000000000002,0.0,0.0,0.0
259.6569378780551,43.008322030634204,8.300000000000002,0.0,0.0,0.0
259.6706936982098,43.00837447048015,8.300000000000002,0.0,0.0,0.0
259.6844478775347,43.00841410458529,8.300000000000002,0.0,0.0,0.0
259.6982004092703,43.00844094354404,8.300000000000002,0.0,0.0,0.0
259.7119512866669,43.00845499794175,8.300000000000002,0.0,0.0,0.0
259.7257005029849,43.008456278354856,8.300000000000002,0.0,0.0,0.0
259.73944805149483,43.00844479535078,8.300000000000002,0.0,0.0,0.0
259.7531939254772,43.00842055948798,8.300000000000002,0.0,0.0,0.0
259.76693811822264,43.008383581315954,8.300000000000002,0.0,0.0,0.0
259.7806806230318,43.00833387137526,8.3,0.0,0.0,0.0
259.79442143321546,43.00827144019751,8.300000000000002,0.0,0.0,0.0
259.80816054209447,43.008196298305414,8.300000000000004,0.0,0.0,0.0
259.8218979429997,43.008108456212746,8.3,0.0,0.0,0.0
259.8356336292722,43.00800792442439,8.300000000000002,0.0,0.0,0.0
259.8493675942629,43.00789471343634,8.3,0.0,0.0,0.0
259.86309983133305,43.00776883373569,8.300000000000002,0.0,0.0,0.0
259.87683033385383,43.007630295800666,8.300000000000002,0.0,0.0,0.0
259.8905590952065,43.00747911010067,8.300000000000002,0.0,0.0,0.0
259.9042861087826,43.00731528709619,8.300000000000002,0.0,0.0,0.0
259.9180113679836,43.00713883723894,8.3,0.0,0.0,0.0
259.9317348662209,43.00694977097179,8.3,0.0,0.0,0.0
259.9454565969164,43.006748098728735,8.300000000000002,0.0,0.0,0.0
259.95917655350183,43.00653383093505,8.3,0.0,0.0,0.0
259.972894729419,43.00630697800715,8.300000000000002,0.0,0.0,0.0
259.9866111181199,43.006067550352704,8.300000000000002,0.0,0.0,0.0
260.0003257130667,43.00581555837058,8.300000000000002,0.0,0.0,0.0
260.01403850773147,43.0055510124509,8.300000000000002,0.0,0.0,0.0
260.02774949559654,43.005273922975015,8.300000000000002,0.0,0.0,0.0
260.0414586701544,43.004984300315556,8.300000000000002,0.0,0.0,0.0
260.0551660249074,43.004682154836395,8.3,0.0,0.0,0.0
260.06887155336835,43.00436749689271,8.300000000000002,0.0,0.0,0.0
260.0825752490598,43.004040336830975,8.300000000000002,0.0,0.0,0.0
260.09627710551473,43.00370068498894,8.3,0.0,0.0,0.0
260.109977116276,43.003348551695645,8.300000000000002,0.0,0.0,0.0
260.1236752748968,43.00298394727152,8.300000000000002,0.0,0.0,0.0
260.1373715749403,43.00260688202825,8.300000000000004,0.0,0.0,0.0
260.1510660099798,43.00221736626895,8.300000000000002,0.0,0.0,0.0
260.16475857359865,43.00181541028801,8.300000000000004,0.0,0.0,0.0
260.1784492593906,43.00140102437122,8.300000000000002,0.0,0.0,0.0
260.1921380609593,43.00097421879575,8.300000000000002,0.0,0.0,0.0
260.20582497191845,43.00053500383016,8.300000000000002,0.0,0.0,0.0
260.2195099858921,43.00008338973437,8.300000000000002,0.0,0.0,0.0
260.2331930965144,42.99961938675977,8.300000000000002,0.0,0.0,0.0
260.2468742974294,42.99914300514911,8.300000000000004,0.0,0.0,0.0
