galstreams/tracks/track.st.C-4.ibata2021.ecsv
# %ECSV 1.0
# ---
# datatype:
# - {name: ra, unit: deg, datatype: float64}
# - {name: dec, unit: deg, datatype: float64}
# - {name: distance, unit: kpc, datatype: float64}
# - {name: pm_ra_cosdec, unit: mas / yr, datatype: float64}
# - {name: pm_dec, unit: mas / yr, datatype: float64}
# - {name: radial_velocity, unit: km / s, datatype: float64}
# delimiter: ','
# meta: !!omap
# - __serialized_columns__:
#     dec:
#       __class__: astropy.coordinates.angles.Latitude
#       unit: &id001 !astropy.units.Unit {unit: deg}
#       value: !astropy.table.SerializedColumn {name: dec}
#     distance:
#       __class__: astropy.coordinates.distances.Distance
#       unit: !astropy.units.Unit {unit: kpc}
#       value: !astropy.table.SerializedColumn {name: distance}
#     pm_dec:
#       __class__: astropy.units.quantity.Quantity
#       unit: !astropy.units.Unit {unit: mas / yr}
#       value: !astropy.table.SerializedColumn {name: pm_dec}
#     pm_ra_cosdec:
#       __class__: astropy.units.quantity.Quantity
#       unit: !astropy.units.Unit {unit: mas / yr}
#       value: !astropy.table.SerializedColumn {name: pm_ra_cosdec}
#     ra:
#       __class__: astropy.coordinates.angles.Longitude
#       unit: *id001
#       value: !astropy.table.SerializedColumn {name: ra}
#       wrap_angle: !astropy.coordinates.Angle
#         unit: *id001
#         value: 360.0
#     radial_velocity:
#       __class__: astropy.units.quantity.Quantity
#       unit: !astropy.units.Unit {unit: km / s}
#       value: !astropy.table.SerializedColumn {name: radial_velocity}
# schema: astropy-2.0
ra,dec,distance,pm_ra_cosdec,pm_dec,radial_velocity
[from data line 288]
195.14081088906497,84.38509046596458,3.8873808031416885,-16.60797625323753,-2.714807686263753,1000.0000000000003
195.2418552818355,84.38309328470076,3.886723731810432,-16.61494921856125,-2.6859615424068792,1000.0000000000006
195.34283169720925,84.38108109546293,3.8860648723586677,-16.621881710678267,-2.657118670820406,1000.0000000000007
195.44373970294538,84.37905390903605,3.8854042301165723,-16.628773757179385,-2.6282792431403905,1000.0000000000003
195.54457886847356,84.37701173630509,3.8847418104143268,-16.635625386576343,-2.5994434306563434,1000.0000000000003
195.64534876490822,84.37495458825465,3.8840776185821095,-16.642436628298377,-2.5706114043033734,1000.0000000000006
195.74604896505457,84.37288247596845,3.883411659950099,-16.649207512688236,-2.541783334656702,1000.0000000000006
195.84667904342,84.37079541062887,3.8827439398484738,-16.655938070998484,-2.5129593919246975,1000.0000000000002
195.94723857622546,84.36869340351655,3.882074463607413,-16.662628335387705,-2.484139745941869,1000.0000000000002
196.04772714141086,84.3665764660099,3.881403236557096,-16.66927833891642,-2.455324566163682,1000.0000000000007
196.14814431864917,84.36444460958462,3.8807302640277,-16.67588811554339,-2.4265140216587255,1000.0000000000007
196.24848968935086,84.3622978458133,3.8800555513494044,-16.682457700121304,-2.3977082811038892,1000.0000000000002
196.34876283667793,84.36013618636487,3.8793791038523895,-16.688987128393062,-2.3689075127765857,1000.0000000000002
196.4489633455486,84.35795964300421,3.8787009268668324,-16.695476436987427,-2.340111884549893,1000.0000000000003
196.54909080264812,84.35576822759162,3.878021025722914,-16.701925663414993,-2.311321563885701,1000.0000000000006
196.64914479643906,84.3535619520824,3.8773394057508104,-16.70833484606407,-2.282536717828253,1000.0000000000007
196.74912491716617,84.35134082852635,3.8766560722807015,-16.714704024196298,-2.2537575129991563,1000.0000000000003
196.8490307568693,84.34910486906725,3.8759710306427664,-16.72103323794254,-2.224984115590069,1000.0000000000002
196.9488619093872,84.34685408594243,3.8752842861671835,-16.72732252829842,-2.196216691358086,1000.0000000000003
197.04861797037057,84.34458849148231,3.874595844184133,-16.733571937120118,-2.1674554056185125,1000.0000000000002
197.1482985372853,84.34230809810985,3.8739057100237924,-16.739781507119826,-2.138700423240329,1000.0000000000003
197.24790320942537,84.34001291834012,3.8732138890163403,-16.74595128186144,-2.1099519086390908,1000.0000000000003
197.3474315879166,84.33770296477974,3.872520386491955,-16.752081305755986,-2.0812100257722834,1000.0000000000006
197.44688327572604,84.33537825012648,3.8718252077808177,-16.75817162405711,-2.0524749381332716,1000.0000000000006
197.5462578776716,84.33303878716869,3.8711283582131046,-16.764222282856608,-2.0237468087450683,1000.0000000000003
197.6455550004252,84.33068458878486,3.870429843118997,-16.770233329079684,-1.9950258001559318,1000.0000000000003
197.74477425252505,84.32831566794303,3.8697296678286706,-16.776204810480504,-1.9663120744325555,1000.0000000000003
197.84391524437828,84.32593203770047,3.8690278376723066,-16.782136775637273,-1.9376057931559538,1000.0000000000006
197.9429775882725,84.32353371120293,3.8683243579800832,-16.788029273947792,-1.9089071174146337,1000.0000000000003
198.0419608983784,84.32112070168438,3.8676192340821793,-16.793882355624483,-1.8802162078007125,1000.0000000000006
198.14086479076113,84.3186930224663,3.8669124713087735,-16.799696071689787,-1.8515332244031457,1000.0000000000003
198.23968888338317,84.31625068695736,3.8662040749900455,-16.805470473971216,-1.8228583268037761,1000.0000000000003
198.33843279611256,84.31379370865275,3.8654940504561726,-16.811205615096554,-1.7941916740715964,1000.0000000000007
198.43709615073124,84.31132210113374,3.864782403037333,-16.816901548488993,-1.7655334247571703,1000.0000000000006
198.53567857093736,84.3088358780672,3.8640691380637087,-16.82255832836215,-1.736883736888668,1000.0000000000002
198.63417968235615,84.30633505320499,3.863354260865476,-16.82817600971522,-1.7082427679655963,1000.0000000000006
198.73259911254158,84.30381964038357,3.8626377767728135,-16.833754648327876,-1.6796106749551454,1000.0000000000006
198.83093649098683,84.30128965352333,3.861919691115902,-16.839294300755338,-1.6509876142859756,1000.0000000000003
198.92919144912617,84.2987451066282,3.861200009224919,-16.84479502432329,-1.622373741844564,1000.0000000000006
199.02736362034253,84.29618601378513,3.8604787364300424,-16.85025687712279,-1.5937692129699181,1000.0000000000007
199.12545263997484,84.2936123891634,3.8597558780614527,-16.855679918005237,-1.5651741824483683,1000.0000000000002
199.2234581453196,84.29102424701435,3.8590314394493292,-16.861064206577154,-1.536588804510063,1000.0000000000006
199.32137977564065,84.28842160167059,3.8583054259238474,-16.86640980319513,-1.50801323282308,1000.0000000000001
199.4192171721701,84.2858044675457,3.8575778428151892,-16.871716768960468,-1.479447620490152,1000.0000000000003
199.51696997811794,84.28317285913357,3.8568486954535333,-16.876985165714174,-1.450892120042944,1000.0000000000007
199.6146378386725,84.28052679100789,3.856117989169057,-16.88221505603155,-1.4223468834388795,1000.0000000000006
199.71222040100992,84.27786627782164,3.8553857292919393,-16.88740650321704,-1.3938120620555328,1000.0000000000003
199.80971731429497,84.27519133430658,3.85465192115236,-16.892559571298857,-1.3652878066874061,1000.0000000000006
199.90712822968734,84.27250197527266,3.853916570080497,-16.89767432502372,-1.336774267541247,1000.0000000000002
200.00445280034802,84.26979821560751,3.8531796814065307,-16.902750829851502,-1.3082715942313738,1000.0000000000006
200.10169068143946,84.26708007027597,3.8524412604606377,-16.90778915194987,-1.2797799357766957,1000.0000000000002
200.1988415301348,84.26434755431937,3.8517013125729984,-16.91278935818892,-1.2512994405952815,1000.0000000000003
200.29590500561713,84.26160068285526,3.850959843073791,-16.917751516135702,-1.2228302565017835,1000.0000000000003
200.39288076908818,84.2588394710766,3.850216857293194,-16.922675694048912,-1.1943725307020898,1000.0000000000003
200.4897684837679,84.25606393425144,3.8494723605613865,-16.927561960873337,-1.1659264097907691,1000.0000000000003
200.58656781490242,84.25327408772223,3.848726358208548,-16.932410386234444,-1.1374920397460109,1000.0000000000003
200.68327842976416,84.25046994690535,3.847978855564856,-16.937221040432895,-1.109069565926868,1000.0000000000006
200.77989999765674,84.2476515272906,3.8472298579604893,-16.94199399443901,-1.0806591330692186,1000.0000000000002
200.8764321899204,84.2448188444405,3.846479370725629,-16.9467293198873,-1.052260885281525,1000.0000000000006
200.9728746799312,84.24197191398999,3.8457273991904515,-16.951427089070883,-1.0238749660424267,1000.0000000000003
201.06922714310872,84.23911075164564,3.8449739486851366,-16.956087374935958,-0.9955015181959457,1000.0000000000006
201.16548925691473,84.23623537318528,3.8442190245398633,-16.960710251076208,-0.967140683949264,1000.0000000000002
201.2616607008606,84.23334579445738,3.8434626320848095,-16.965295791727243,-0.938792604868083,1000.0000000000006
201.3577411565062,84.23044203138049,3.8427047766501548,-16.96984407176098,-0.9104574218743533,1000.0000000000003
201.4537303074643,84.22752409994277,3.8419454635660775,-16.974355166680034,-0.8821352752425673,1000.0000000000007
201.5496278394049,84.22459201620131,3.841184698162756,-16.978829152612118,-0.8538263045960104,1000.0000000000003
201.64543344005384,84.22164579628179,3.8404224857703713,-16.98326610630432,-0.825530648904758,1000.0000000000006
201.7411467991994,84.21868545637764,3.8396588317191,-16.987666105117576,-0.7972484464812295,1000.0000000000003
201.83676760869054,84.21571101274981,3.838893741339121,-16.99202922702088,-0.7689798349784907,1000.0000000000003
201.93229556244293,84.21272248172593,3.8381272199606147,-16.996355550585687,-0.7407249513859719,1000.0000000000007
202.02773035643705,84.20971987970003,3.8373592729137576,-17.000645154980198,-0.7124839320277907,1000.0000000000006
202.12307168872417,84.20670322313174,3.8365899055287307,-17.00489811996369,-0.6842569125586513,1000.0000000000003
202.2183192594245,84.20367252854595,3.8358191231357117,-17.009114525880772,-0.6560440279621114,1000.0000000000002
202.31347277073047,84.20062781253209,3.835046931064879,-17.01329445365569,-0.6278454125473862,1000.0000000000003
202.40853192690977,84.1975690917437,3.8342733346464137,-17.01743798478661,-0.5996611999462003,1000.0000000000006
202.50349643430326,84.19449638289785,3.8334983392104927,-17.02154520133989,-0.5714915231112192,1000.0000000000003
202.59836600133042,84.19140970277451,3.8327219500872927,-17.02561618594435,-0.5433365143122701,1000.0000000000001
202.69314033848644,84.18830906821614,3.831944172606997,-17.029651021785483,-0.5151963051350359,1000.0000000000003
202.78781915834756,84.18519449612698,3.831165012099783,-17.03364979259977,-0.487071026477369,1000.0000000000003
202.88240217556773,84.18206600347267,3.8303844738958266,-17.037612582668885,-0.4589608085481851,1000.0000000000003
202.97688910688387,84.17892360727951,3.82960256332531,-17.04153947681398,-0.430865780863817,1000.0000000000006
203.0712796711129,84.1757673246341,3.82881928571841,-17.045430560389843,-0.4027860722468839,1000.0000000000006
203.16557358915398,84.17259717268266,3.828034646405306,-17.049285919279214,-0.37472181082355593,1000.0000000000006
203.25977058399076,84.16941316863048,3.8272486507161783,-17.053105639886976,-0.3466731240209864,1000.0000000000002
203.35387038068802,84.1662153297415,3.826461303981204,-17.056889809134393,-0.31864013856619966,1000.0000000000003
203.4478727063964,84.16300367333754,3.8256726115305613,-17.060638514453352,-0.2906229804829037,1000.0000000000003
203.5417772903482,84.159778216798,3.8248825786944316,-17.064351843780553,-0.26262177509068874,1000.0000000000003
203.63558386386197,84.15653897755907,3.8240912108029907,-17.068029885551763,-0.23463664700186548,1000.0000000000002
203.72929216033873,84.15328597311337,3.8232985131864194,-17.071672728696033,-0.20666772012067547,1000.0000000000002
203.8229019152635,84.15001922100932,3.822504491174897,-17.07528046262991,-0.1787151176410191,1000.0000000000006
203.9164128662067,84.14673873885054,3.821709150098599,-17.07885317725171,-0.15077896204418906,1000.0000000000006
204.00982475282024,84.14344454429545,3.8209124952877085,-17.082390962935662,-0.12285937509831957,1000.0000000000003
204.10313731684133,84.1401366550565,3.8201145320724015,-17.08589391052623,-0.0949564778554004,1000.0000000000002
204.19635030208767,84.13681508889987,3.819315265782857,-17.089362111332278,-0.0670703906510326,1000.0000000000006
204.2894634544612,84.13347986364472,3.8185147017492556,-17.092795657121325,-0.03920123310158541,1000.0000000000002
204.3824765219433,84.1301309971628,3.8177128453017746,-17.096194640113808,-0.011349124103947617,1000.0000000000006
204.47538925459781,84.12676850737772,3.816909701770593,-17.09955915297728,0.01648581816711836,1000.0000000000006
204.56820140456702,84.12339241226462,3.8161052764858896,-17.102889288820677,0.04430347625923048,1000.0000000000003
204.66091272607179,84.12000272984947,3.8152995747778435,-17.10618514118859,0.07210373344424426,1000.0000000000003
204.7535229754123,84.11659947820854,3.814492601976633,-17.109446804055484,0.09988647371992254,1000.0000000000002
204.8460319109631,84.11318267546794,3.8136843634124378,-17.112674371819985,0.12765158181009717,1000.0000000000002
204.93843929317597,84.109752339803,3.812874864415435,-17.115867939299132,0.15539894316699154,1000.0000000000006
205.03074488457457,84.10630848943774,3.8120641103158044,-17.119027601722696,0.183128443971186,1000.0000000000003
205.12294844975685,84.10285114264433,3.8112521064437264,-17.12215345472737,0.2108399711338258,1000.0000000000002
205.21504975538954,84.0993803177426,3.8104388581293778,-17.125245594351195,0.2385334122964018,1000.0000000000006
205.30704857021055,84.09589603309941,3.8096243707029385,-17.128304117027714,0.2662086558329291,1000.0000000000003
205.3989446650236,84.09239830712816,3.808808649494585,-17.131329119580403,0.29386559084976227,1000.0000000000003
205.49073781269794,84.0888871582883,3.8079916998345005,-17.13432069921691,0.32150410718688605,1000.0000000000003
205.58242778816788,84.08536260508463,3.8071735270528597,-17.137278953523403,0.34912409541915324,1000.0000000000003
205.67401436842732,84.08182466606699,3.8063541364798428,-17.14020398045894,0.37672544685595266,1000.0000000000002
205.7654973325315,84.0782733598295,3.8055335334456295,-17.14309587834974,0.40430805354310007,1000.0000000000003
205.85687646159096,84.0747087050102,3.804711723280398,-17.145954745883643,0.4318718082622972,1000.0000000000003
205.94815153877306,84.0711307202904,3.8038887113143263,-17.148780682104373,0.45941660453284605,1000.0000000000006
206.0393223492962,84.06753942439421,3.803064502877593,-17.15157378640602,0.48694233661117714,1000.0000000000002
206.13038868042884,84.06393483608801,3.802239103300379,-17.154334158527345,0.5144488994917769,1000.0000000000007
206.22135032148833,84.06031697417981,3.8014125179128606,-17.157061898546246,0.5419361889080312,1000.0000000000003
206.31220706383488,84.05668585751893,3.8005847520452187,-17.159757106874157,0.5694041013315845,1000.0000000000002
206.40295870087277,84.0530415049952,3.799755811027632,-17.162419884250472,0.5968525339738822,1000.0000000000003
206.49360502804353,84.04938393553874,3.7989257001902783,-17.165050331737014,0.624281384785176,1000.0000000000006
206.584145842827,84.04571316811912,3.798094424863336,-17.167648550712464,0.6516905524560546,1000.0000000000003
206.67458094473443,84.04202922174508,3.7972619903769855,-17.17021464286688,0.6790799364163798,1000.0000000000003
206.76491013530932,84.03833211546385,3.7964284020614034,-17.172748710196135,0.7064494368366043,1000.0000000000006
206.85513321812076,84.03462186836072,3.7955936652467708,-17.17525085499647,0.7337989546268346,1000.0000000000001
206.9452499987618,84.0308984995585,3.794757785263265,-17.177721179859,0.7611283914373272,1000.0000000000002
207.03526028484748,84.02716202821694,3.7939207674410658,-17.180159787664202,0.7884376496589116,1000.0000000000003
207.1251638860081,84.02341247353226,3.7930826171103518,-17.182566781576583,0.8157266324218941,1000.0000000000003
207.21496061388964,84.01964985473664,3.792243339601301,-17.184942265039126,0.8429952435971613,1000.0000000000006
207.30465028214618,84.0158741910977,3.791402940244093,-17.18728634176797,0.8702433877948508,1000.0000000000003
207.39423270644036,84.01208550191791,3.790561424368907,-17.189599115746944,0.8974709703653208,1000.0000000000007
207.48370770443577,84.00828380653422,3.78971879730592,-17.191880691222288,0.9246778973977685,1000.0000000000006
207.57307509579675,84.00446912431737,3.7888750643853126,-17.194131172697155,0.9518640757210965,1000.0000000000006
207.66233470218157,84.00064147467155,3.7880302309372627,-17.19635066492642,0.9790294129025634,1000.0000000000003
207.7514863472397,83.9968008770338,3.78718430229195,-17.198539272911248,1.0061738172478716,1000.0000000000003
207.8405298566093,83.99294735087345,3.7863372837795524,-17.20069710189384,1.033297197801195,1000.0000000000003
207.9294650579098,83.98908091569176,3.7854891807302486,-17.202824257352177,1.0603994643436776,1000.0000000000006
208.0182917807416,83.98520159102127,3.7846399984742183,-17.204920844994685,1.0874805273940975,1000.0000000000007
208.1070098566779,83.98130939642537,3.78378974234164,-17.206986970755068,1.11454029820721,1000.0000000000003
208.1956191192645,83.97740435149777,3.7829384176626912,-17.209022740787013,1.1415786887742545,1000.0000000000003
208.28411940401185,83.97348647586206,3.782086029767553,-17.211028261459077,1.1685956118213827,1000.0000000000001
208.37251054839209,83.96955578917114,3.781232583986403,-17.213003639349456,1.195590980809361,1000.0000000000002
