galstreams/tracks/track.st.OmegaCen-Fimbulthul.ibata2021.ecsv
# %ECSV 0.9
# ---
# datatype:
# - {name: ra, unit: deg, datatype: float64}
# - {name: dec, unit: deg, datatype: float64}
# - {name: distance, unit: kpc, datatype: float64}
# - {name: pm_ra_cosdec, unit: mas / yr, datatype: float64}
# - {name: pm_dec, unit: mas / yr, datatype: float64}
# - {name: radial_velocity, unit: km / s, datatype: float64}
# delimiter: ','
# meta: !!omap
# - __serialized_columns__:
#     dec:
#       __class__: astropy.coordinates.angles.Latitude
#       unit: &id001 !astropy.units.Unit {unit: deg}
#       value: !astropy.table.SerializedColumn {name: dec}
#     distance:
#       __class__: astropy.coordinates.distances.Distance
#       unit: !astropy.units.Unit {unit: kpc}
#       value: !astropy.table.SerializedColumn {name: distance}
#     pm_dec:
#       __class__: astropy.units.quantity.Quantity
#       unit: !astropy.units.Unit {unit: mas / yr}
#       value: !astropy.table.SerializedColumn {name: pm_dec}
#     pm_ra_cosdec:
#       __class__: astropy.units.quantity.Quantity
#       unit: !astropy.units.Unit {unit: mas / yr}
#       value: !astropy.table.SerializedColumn {name: pm_ra_cosdec}
#     ra:
#       __class__: astropy.coordinates.angles.Longitude
#       unit: *id001
#       value: !astropy.table.SerializedColumn {name: ra}
#       wrap_angle: !astropy.coordinates.Angle
#         unit: *id001
#         value: 360.0
#     radial_velocity:
#       __class__: astropy.units.quantity.Quantity
#       unit: !astropy.units.Unit {unit: km / s}
#       value: !astropy.table.SerializedColumn {name: radial_velocity}
# schema: astropy-2.0
ra,dec,distance,pm_ra_cosdec,pm_dec,radial_velocity
[from data line 1377]
193.3622646050059,-34.25348927840302,5.648278202242598,-4.047110160352439,-6.468105767756557,3.368306851948935e-14
193.36711705731287,-34.24399978784266,5.647597061408911,-4.0503949449649745,-6.46955154763635,3.368306851948935e-14
193.3719770875957,-34.234515002343485,5.646914760163501,-4.053686228489007,-6.47099970566641,1.6841534259744676e-14
193.3768446895288,-34.2250349182953,5.646231299378326,-4.056984007280686,-6.472450241274002,3.368306851948935e-14
193.3817198567925,-34.2155595320874,5.645546679925347,-4.060288277695286,-6.473903153887384,3.368306851948935e-14
193.38660258307277,-34.20608884010857,5.644860902676523,-4.063599036087224,-6.475358442935791,5.0524602779234026e-14
193.3914928620615,-34.19662283874698,5.644173968503816,-4.0669162788100515,-6.476816107849436,6.73661370389787e-14
193.39639068745626,-34.187161524390454,5.643485878279186,-4.07024000221647,-6.478276148059486,1.6841534259744676e-14
193.40129605296028,-34.177704893426245,5.6427966328745915,-4.073570202658331,-6.479738562998063,3.368306851948935e-14
193.40620895228255,-34.168252942241196,5.642106233161996,-4.07690687648664,-6.481203352098232,5.0524602779234026e-14
193.4111293791379,-34.15880566722148,5.641414680013356,-4.080250020051551,-6.482670514793991,5.0524602779234026e-14
193.4160573272466,-34.14936306475296,5.640721974300635,-4.083599629702391,-6.484140050520258,5.0524602779234026e-14
193.42099279033482,-34.139925131220984,5.640028116895793,-4.086955701787642,-6.485611958712871,3.368306851948935e-14
193.42593576213423,-34.130491863010484,5.639333108670786,-4.090318232654962,-6.487086238808569,6.73661370389787e-14
193.4308862363823,-34.12106325650574,5.6386369504975775,-4.0936872186511755,-6.488562890244991,5.0524602779234026e-14
193.43584420682197,-34.11163930809077,5.637939643248129,-4.09706265612228,-6.490041912460656,6.73661370389787e-14
193.44080966720193,-34.102220014149054,5.637241187794398,-4.100444541413468,-6.4915233048949705,6.73661370389787e-14
193.44578261127637,-34.09280537106369,5.636541585008344,-4.103832870869097,-6.493007066988195,6.73661370389787e-14
193.45076303280518,-34.08339537521716,5.635840835761933,-4.107227640832725,-6.494493198181452,6.73661370389787e-14
193.45575092555373,-34.07399002299167,5.635138940927121,-4.11062884764709,-6.495981697916726,3.368306851948935e-14
193.46074628329305,-34.06458931076897,5.634435901375867,-4.114036487654136,-6.497472565636826,1.6841534259744676e-14
193.46574909979952,-34.05519323493037,5.633731717980134,-4.117450557195002,-6.498965800785397,5.0524602779234026e-14
193.47075936885534,-34.04580179185664,5.63302639161188,-4.1208710526100285,-6.500461402806911,5.0524602779234026e-14
193.47577708424802,-34.03641497792828,5.632319923143067,-4.124297970238759,-6.501959371146646,3.368306851948935e-14
193.4808022397706,-34.027032789525364,5.631612313445654,-4.127731306419957,-6.5034597052506875,3.368306851948935e-14
193.48583482922177,-34.017655223027404,5.630903563391603,-4.131171057491581,-6.504962404565907,5.0524602779234026e-14
193.49087484640546,-34.00828227481365,5.6301936738528715,-4.134617219790829,-6.506467468539974,3.368306851948935e-14
193.49592228513126,-33.99891394126292,5.6294826457014215,-4.138069789654106,-6.507974896621328,1.6841534259744676e-14
193.50097713921403,-33.98955021875366,5.628770479809214,-4.1415287634170515,-6.5094846882591675,1.6841534259744676e-14
193.50603940247433,-33.9801911036638,5.628057177048207,-4.144994137414518,-6.510996842903461,3.368306851948935e-14
193.51110906873788,-33.97083659237102,5.6273427382903645,-4.148465907980605,-6.512511360004922,6.73661370389787e-14
193.51618613183592,-33.96148668125255,5.62662716440764,-4.1519440714486455,-6.5140282390149995,5.0524602779234026e-14
193.52127058560512,-33.95214136668533,5.625910456272,-4.155428624151206,-6.515547479385881,5.0524602779234026e-14
193.52636242388743,-33.94280064504573,5.625192614755403,-4.158919562420101,-6.517069080570468,6.73661370389787e-14
193.53146164053035,-33.933464512709925,5.62447364072981,-4.162416882586391,-6.518593042022384,3.368306851948935e-14
193.53656822938652,-33.92413296605369,5.623753535067178,-4.165920580980384,-6.520119363195944,5.0524602779234026e-14
193.54168218431403,-33.914806001452476,5.623032298639472,-4.169430653931653,-6.52164804354617,6.73661370389787e-14
193.54680349917632,-33.905483615281206,5.6223099323186485,-4.1729470977690095,-6.523179082528767,5.0524602779234026e-14
193.55193216784212,-33.896165803914656,5.621586436976666,-4.176469908820547,-6.5247124796001135,1.6841534259744676e-14
193.55706818418543,-33.88685256372716,5.620861813485491,-4.179999083413613,-6.526248234217257,8.420767129872338e-14
193.56221154208552,-33.87754389109276,5.620136062717079,-4.183534617874827,-6.527786345837912,1.6841534259744676e-14
193.56736223542708,-33.86823978238506,5.6194091855433905,-4.187076508530078,-6.529326813920435,5.0524602779234026e-14
193.57252025809987,-33.85894023397743,5.618681182836389,-4.190624751704534,-6.530869637923829,3.368306851948935e-14
193.57768560399907,-33.84964524224289,5.617952055468029,-4.194179343722641,-6.532414817307731,1.6841534259744676e-14
193.5828582670249,-33.84035480355418,5.617221804310279,-4.19774028090813,-6.533962351532393,1.6841534259744676e-14
193.58803824108298,-33.83106891428356,5.616490430235091,-4.201307559584019,-6.535512240058701,3.368306851948935e-14
193.5932255200841,-33.82178757080317,5.615757934114431,-4.204881176072611,-6.53706448234813,6.73661370389787e-14
193.59842009794417,-33.812510769484724,5.6150243168202545,-4.208461126695512,-6.538619077862766,1.6841534259744676e-14
193.6036219685843,-33.80323850669975,5.614289579224526,-4.2120474077736185,-6.540176026065273,5.0524602779234026e-14
193.60883112593086,-33.79397077881927,5.613553722199203,-4.215640015627132,-6.541735326418905,1.6841534259744676e-14
193.61404756391528,-33.7847075822142,5.6128167466162475,-4.219238946575553,-6.54329697838749,0.0
193.61927127647414,-33.775448913255154,5.612078653347617,-4.222844196937702,-6.5448609814354075,5.0524602779234026e-14
193.6245022575492,-33.76619476831228,5.611339443265276,-4.226455763031693,-6.546427335027602,1.6841534259744676e-14
193.62974050108733,-33.75694514375566,5.610599117241181,-4.230073641174978,-6.547996038629568,3.368306851948935e-14
193.63498600104046,-33.74770003595499,5.6098576761472945,-4.233697827684305,-6.549567091707322,3.368306851948935e-14
193.6402387513656,-33.73845944127975,5.609115120855574,-4.237328318875766,-6.551140493727424,1.6841534259744676e-14
193.64549874602488,-33.72922335609904,5.608371452237981,-4.240965111064761,-6.552716244156951,5.0524602779234026e-14
193.65076597898553,-33.71999177678181,5.60762667116648,-4.2446082005660255,-6.554294342463487,3.368306851948935e-14
193.65604044421977,-33.71076469969672,5.606880778513027,-4.248257583693633,-6.555874788115129,5.0524602779234026e-14
193.6613221357048,-33.70154212121222,5.606133775149579,-4.251913256760991,-6.557457580580463,3.368306851948935e-14
193.666611047423,-33.692324037696345,5.605385661948103,-4.255575216080842,-6.559042719328561,5.0524602779234026e-14
193.6719071733617,-33.683110445517045,5.604636439780555,-4.259243457965275,-6.560630203828974,1.6841534259744676e-14
193.67721050751314,-33.67390134104201,5.603886109518896,-4.262917978725731,-6.562220033551728,5.0524602779234026e-14
193.68252104387463,-33.664696720638695,5.603134672035088,-4.26659877467299,-6.563812207967296,1.6841534259744676e-14
193.68783877644853,-33.65549658067419,5.60238212820109,-4.270285842117196,-6.565406726546623,0.0
193.69316369924198,-33.646300917515525,5.601628478888861,-4.273979177367848,-6.56700358876109,6.73661370389787e-14
193.6984958062672,-33.63710972752941,5.600873724970365,-4.277678776733802,-6.56860279408251,1.6841534259744676e-14
193.70383509154132,-33.62792300708246,5.6001178673175565,-4.281384636523286,-6.570204341983128,3.368306851948935e-14
193.7091815490864,-33.61874075254085,5.5993609068024,-4.285096753043882,-6.571808231935605,1.6841534259744676e-14
193.71453517292935,-33.609562960270736,5.598602844296853,-4.288815122602558,-6.573414463413025,3.368306851948935e-14
193.71989595710207,-33.60038962663807,5.59784368067288,-4.292539741505649,-6.575023035888854,3.368306851948935e-14
193.7252638956413,-33.591220748008425,5.597083416802436,-4.296270606058869,-6.576633948836975,5.0524602779234026e-14
193.7306389825887,-33.58205632074735,5.596322053557486,-4.300007712567307,-6.5782472017316405,0.0
193.73602121199067,-33.572896341220144,5.5955595918099865,-4.303751057335452,-6.579862794047487,6.73661370389787e-14
193.74141057789856,-33.563740805791966,5.5947960324318995,-4.307500636667169,-6.581480725259523,6.73661370389787e-14
193.7468070743686,-33.55458971082764,5.594031376295186,-4.311256446865713,-6.583100994843117,1.6841534259744676e-14
193.75221069546174,-33.545443052691994,5.593265624271805,-4.315018484233747,-6.584723602273993,3.368306851948935e-14
193.75762143524375,-33.53630082774956,5.592498777233716,-4.3187867450733215,-6.586348547028216,5.0524602779234026e-14
193.7630392877853,-33.52716303236479,5.5917308360528795,-4.322561225685891,-6.587975828582188,6.73661370389787e-14
193.76846424716175,-33.51802966290184,5.590961801601258,-4.32634192237231,-6.589605446412643,3.368306851948935e-14
193.77389630745324,-33.50890071572481,5.590191674750809,-4.330128831432853,-6.5912373999966345,0.0
193.77933546274474,-33.49977618719763,5.589420456373497,-4.333921949167199,-6.592871688811529,5.0524602779234026e-14
193.78478170712592,-33.49065607368409,5.588648147341275,-4.337721271874447,-6.594508312335001,6.73661370389787e-14
193.7902350346912,-33.48154037154773,5.587874748526111,-4.341526795853103,-6.5961472700450114,5.0524602779234026e-14
193.79569543953974,-33.47242907715203,5.587100260799958,-4.34533851740111,-6.597788561419824,3.368306851948935e-14
193.80116291577536,-33.46332218686032,5.586324685034783,-4.349156432815824,-6.599432185937968,3.368306851948935e-14
193.80663745750664,-33.45421969703583,5.585548022102542,-4.352980538394042,-6.601078143078255,3.368306851948935e-14
193.8121190588469,-33.44512160404154,5.584770272875194,-4.356810830431979,-6.602726432319764,5.0524602779234026e-14
193.81760771391401,-33.4360279042404,5.583991438224704,-4.360647305225291,-6.604377053141817,3.368306851948935e-14
193.82310341683055,-33.42693859399521,5.5832115190230285,-4.364489959069077,-6.606030005023994,6.73661370389787e-14
193.82860616172377,-33.41785366966869,5.5824305161421295,-4.368338788257877,-6.60768528744611,5.0524602779234026e-14
193.83411594272565,-33.40877312762333,5.581648430453967,-4.3721937890856655,-6.609342899888222,5.0524602779234026e-14
193.8396327539726,-33.39969696422161,5.5808652628305015,-4.376054957845878,-6.611002841830602,5.0524602779234026e-14
193.8451565896059,-33.39062517582588,5.580081014143691,-4.379922290831396,-6.612665112753746,3.368306851948935e-14
193.85068744377114,-33.38155775879844,5.5792956852655,-4.383795784334559,-6.61432971213835,5.0524602779234026e-14
193.85622531061878,-33.372494709501325,5.578509277067884,-4.387675434647161,-6.615996639465317,1.0104920555846805e-13
193.86177018430377,-33.36343602429661,5.577721790422805,-4.391561238060456,-6.617665894215747,1.6841534259744676e-14
193.86732205898548,-33.35438169954633,5.576933226202226,-4.395453190865172,-6.619337475870912,1.6841534259744676e-14
193.87288092882807,-33.345331731612255,5.5761435852781025,-4.399351289351497,-6.621011383912275,6.73661370389787e-14
193.87844678800013,-33.33628611685619,5.575352868522398,-4.403255529809092,-6.622687617821462,6.73661370389787e-14
193.8840196306748,-33.32724485163988,5.574561076807072,-4.407165908527092,-6.624366177080263,1.6841534259744676e-14
193.88959945102968,-33.318207932324995,5.573768211004085,-4.411082421794116,-6.626047061170615,3.368306851948935e-14
193.89518624324708,-33.309175355272984,5.572974271985395,-4.415005065898252,-6.6277302695746165,3.368306851948935e-14
193.90078000151362,-33.30014711684542,5.572179260622966,-4.418933837127084,-6.62941580177449,3.368306851948935e-14
193.90638072002045,-33.29112321340372,5.571383177788756,-4.422868731767677,-6.631103657252591,3.368306851948935e-14
193.91198839296317,-33.28210364130932,5.570586024354724,-4.426809746106595,-6.632793835491404,3.368306851948935e-14
193.917603014542,-33.27308839692344,5.569787801192835,-4.430756876429878,-6.634486335973528,3.368306851948935e-14
193.92322457896148,-33.26407747660741,5.568988509175041,-4.434710119023086,-6.636181158181667,5.0524602779234026e-14
193.9288530804306,-33.25507087672246,5.568188149173309,-4.438669470171263,-6.637878301598622,5.0524602779234026e-14
193.93448851316276,-33.246068593629815,5.5673867220596,-4.442634926158963,-6.639577765707289,3.368306851948935e-14
193.9401308713759,-33.237070623690535,5.56658422870587,-4.446606483270245,-6.6412795499906565,1.6841534259744676e-14
193.94578014929226,-33.22807696326579,5.565780669984082,-4.450584137788679,-6.6429836539317755,6.73661370389787e-14
193.95143634113853,-33.21908760871666,5.564976046766192,-4.454567885997347,-6.644690077013782,1.6841534259744676e-14
193.95709944114571,-33.21010255640426,5.564170359924167,-4.4585577241788545,-6.646398818719857,0.0
193.9627694435493,-33.20112180268954,5.5633636103299615,-4.462553648615315,-6.6481098785332575,6.73661370389787e-14
193.96844634258906,-33.192145343933554,5.562555798855539,-4.4665556555883645,-6.6498232559372585,3.368306851948935e-14
193.97413013250915,-33.18317317649733,5.561746926372858,-4.470563741379181,-6.651538950415208,3.368306851948935e-14
193.97982080755799,-33.174205296741896,5.560936993753878,-4.474577902268461,-6.6532569614504595,5.0524602779234026e-14
193.98551836198854,-33.165241701028165,5.560126001870564,-4.478598134536417,-6.654977288526398,0.0
193.99122279005778,-33.156282385717184,5.559313951594869,-4.482624434462829,-6.65669993112643,3.368306851948935e-14
193.99693408602727,-33.14732734716995,5.5585008437987575,-4.486656798326998,-6.658424888733976,5.0524602779234026e-14
194.00265224416265,-33.1383765817475,5.557686679354191,-4.49069522240776,-6.6601521608324346,3.368306851948935e-14
194.00837725873404,-33.129430085810775,5.556871459133128,-4.494739702983508,-6.6618817469052285,3.368306851948935e-14
194.01410912401568,-33.12048785572082,5.556055184007526,-4.498790236332179,-6.663613646435751,3.368306851948935e-14
194.01984783428614,-33.11154988783876,5.55523785484935,-4.502846818731259,-6.6653478589073725,3.368306851948935e-14
194.0255933838282,-33.10261617852555,5.55441947253056,-4.50690944645779,-6.667084383803449,1.6841534259744676e-14
194.031345766929,-33.093686724142344,5.553600037923113,-4.510978115788369,-6.6688232206072895,1.6841534259744676e-14
194.03710497787975,-33.08476152105027,5.552779551898968,-4.5150528229991576,-6.670564368802166,1.6841534259744676e-14
194.04287101097592,-33.075840565610534,5.55195801533009,-4.519133564365878,-6.6723078278712915,3.368306851948935e-14
194.0486438605173,-33.066923854184225,5.551135429088437,-4.523220336163814,-6.674053597297841,0.0
194.05442352080777,-33.05801138313265,5.550311794045971,-4.527313134667827,-6.675801676564905,0.0
194.06020998615537,-33.0491031488171,5.549487111074646,-4.531411956152352,-6.6775520651555205,5.0524602779234026e-14
194.0660032508724,-33.04019914759894,5.548661381046434,-4.53551679689139,-6.679304762552617,1.6841534259744676e-14
194.0718033092753,-33.031299375839495,5.547834604833282,-4.539627653158527,-6.681059768239076,3.368306851948935e-14
194.07761015568468,-33.022403829900234,5.5470067833071575,-4.543744521226932,-6.682817081697657,6.73661370389787e-14
194.0834237844252,-33.013512506142675,5.54617791734002,-4.547867397369355,-6.684576702411027,5.0524602779234026e-14
194.0892441898257,-33.00462540092843,5.545348007803828,-4.551996277858142,-6.686338629861744,3.368306851948935e-14
194.09507136621926,-32.995742510619074,5.544517055570545,-4.556131158965214,-6.688102863532254,5.0524602779234026e-14
