galstreams/tracks/track.st.New-17.ibata2024.ecsv
# %ECSV 1.0
# ---
# datatype:
# - {name: ra, unit: deg, datatype: float64}
# - {name: dec, unit: deg, datatype: float64}
# - {name: distance, unit: kpc, datatype: float64}
# - {name: pm_ra_cosdec, unit: mas / yr, datatype: float64}
# - {name: pm_dec, unit: mas / yr, datatype: float64}
# - {name: radial_velocity, unit: km / s, datatype: float64}
# delimiter: ','
# meta: !!omap
# - __serialized_columns__:
#     dec:
#       __class__: astropy.coordinates.angles.Latitude
#       unit: &id001 !astropy.units.Unit {unit: deg}
#       value: !astropy.table.SerializedColumn {name: dec}
#     distance:
#       __class__: astropy.coordinates.distances.Distance
#       unit: !astropy.units.Unit {unit: kpc}
#       value: !astropy.table.SerializedColumn {name: distance}
#     pm_dec:
#       __class__: astropy.units.quantity.Quantity
#       unit: !astropy.units.Unit {unit: mas / yr}
#       value: !astropy.table.SerializedColumn {name: pm_dec}
#     pm_ra_cosdec:
#       __class__: astropy.units.quantity.Quantity
#       unit: !astropy.units.Unit {unit: mas / yr}
#       value: !astropy.table.SerializedColumn {name: pm_ra_cosdec}
#     ra:
#       __class__: astropy.coordinates.angles.Longitude
#       unit: *id001
#       value: !astropy.table.SerializedColumn {name: ra}
#       wrap_angle: !astropy.coordinates.Angle
#         unit: *id001
#         value: 360.0
#     radial_velocity:
#       __class__: astropy.units.quantity.Quantity
#       unit: !astropy.units.Unit {unit: km / s}
#       value: !astropy.table.SerializedColumn {name: radial_velocity}
# schema: astropy-2.0
ra,dec,distance,pm_ra_cosdec,pm_dec,radial_velocity
[from data line 282]
207.7894201491845,21.576401635671832,0.9999999999999994,-22.90165567870892,-0.27734706830310074,999.9999999999993
207.79885816572786,21.570381801506844,0.9999999999999993,-22.903620208121517,-0.2742995033049169,999.9999999999993
207.80830052895072,21.564369931311315,0.9999999999999994,-22.905576450762965,-0.271254687804273,999.9999999999993
207.81774721728834,21.558365986660622,0.9999999999999994,-22.9075244071527,-0.268212629632842,999.9999999999993
207.82719820917066,21.552369929135082,0.9999999999999997,-22.909464077812927,-0.2651733366208049,999.9999999999992
207.83665348302242,21.546381720319946,0.9999999999999996,-22.9113954632694,-0.26213681659687893,999.9999999999993
207.846113017263,21.540401321805422,0.9999999999999996,-22.913318564050535,-0.25910307738848815,999.9999999999994
207.85557679030643,21.534428695186737,0.9999999999999996,-22.9152333806881,-0.2560721268214934,999.9999999999993
207.86504478056153,21.528463802064024,0.9999999999999996,-22.917139913717037,-0.2530439727206044,999.9999999999995
207.87451696643163,21.52250660404239,0.9999999999999996,-22.91903816367506,-0.25001862290889676,999.9999999999994
207.88399332631482,21.516557062731945,0.9999999999999996,-22.920928131103274,-0.24699608520812433,999.9999999999994
207.89347383860368,21.51061513974775,0.9999999999999996,-22.92280981654566,-0.24397636743861995,999.9999999999994
207.9029584816855,21.504680796709874,0.9999999999999994,-22.924683220549404,-0.24095947741926693,999.9999999999993
207.91244723394195,21.498753995243355,0.9999999999999994,-22.926548343664564,-0.237945422967627,999.9999999999992
207.92194007374943,21.492834696978246,0.9999999999999997,-22.92840518644448,-0.23493421189972707,999.9999999999994
207.93143697947883,21.48692286354959,0.9999999999999994,-22.930253749445434,-0.23192585203021565,999.9999999999994
207.9409379294955,21.48101845659742,0.9999999999999997,-22.932094033226754,-0.2289203511722917,999.9999999999994
207.95044290215932,21.47512143776679,0.9999999999999996,-22.933926038350798,-0.22591771713777575,999.9999999999995
207.95995187582466,21.469231768707775,0.9999999999999994,-22.935749765383,-0.2229179577370104,999.9999999999994
207.96946482884027,21.463349411075438,0.9999999999999994,-22.937565214891684,-0.21992108077893135,999.9999999999993
207.97898173954943,21.457474326529884,0.9999999999999994,-22.93937238744838,-0.21692709407101063,999.9999999999993
207.98850258628974,21.45160647673624,0.9999999999999997,-22.941171283627426,-0.21393600541931335,999.9999999999994
207.99802734739336,21.445745823364657,0.9999999999999996,-22.94296190400639,-0.21094782262836986,999.9999999999997
208.00755600118669,21.439892328090327,0.9999999999999992,-22.944744249165737,-0.20796255350141735,999.9999999999993
208.01708852599054,21.434045952593458,0.9999999999999994,-22.9465183196888,-0.2049802058400445,999.9999999999994
208.0266249001201,21.42820665855932,0.9999999999999996,-22.948284116162093,-0.20200078744456107,999.9999999999993
208.03616510188485,21.422374407678234,0.9999999999999996,-22.95004163917502,-0.19902430611377042,999.9999999999997
208.04570910958864,21.416549161645552,0.9999999999999994,-22.95179088931996,-0.19605076964489854,999.9999999999995
208.05525690152956,21.410730882161687,0.9999999999999994,-22.953531867192204,-0.19308018583392084,999.9999999999995
208.064808456,21.404919530932112,0.9999999999999994,-22.955264573390124,-0.19011256247513586,999.9999999999994
208.07436375128665,21.399115069667367,0.9999999999999994,-22.956989008514995,-0.18714790736152054,999.9999999999995
208.08392276567045,21.393317460083043,0.9999999999999996,-22.95870517317099,-0.1841862282844744,999.9999999999994
208.0934854774265,21.387526663899813,0.9999999999999994,-22.960413067965327,-0.1812275330340043,999.9999999999997
208.1030518648242,21.381742642843417,0.9999999999999996,-22.962112693508075,-0.17827182939852548,999.9999999999995
208.11262190612706,21.375965358644677,0.9999999999999996,-22.963804050412122,-0.17531912516510317,999.9999999999994
208.12219557959293,21.370194773039493,0.9999999999999994,-22.96548713929362,-0.17236942811921097,999.9999999999995
208.13177286347363,21.364430847768855,0.9999999999999997,-22.967161960771257,-0.16942274604485874,999.9999999999997
208.14135373601533,21.35867354457883,0.9999999999999996,-22.968828515466917,-0.16647908672456424,999.9999999999997
208.15093817545818,21.352922825220585,0.9999999999999996,-22.970486804005176,-0.16353845793929622,999.9999999999994
208.16052616003654,21.347178651450385,0.9999999999999997,-22.97213682701372,-0.16060086746863078,999.9999999999995
208.17011766797887,21.34144098502959,0.9999999999999997,-22.97377858512288,-0.15766632309046713,999.9999999999994
208.1797126775077,21.335709787724674,0.9999999999999997,-22.975412078966023,-0.15473483258143972,999.9999999999995
208.18931116683967,21.3299850213072,0.9999999999999996,-22.977037309179458,-0.1518064037163782,999.9999999999994
208.19891311418542,21.324266647553856,0.9999999999999996,-22.97865427640214,-0.14888104426879067,999.9999999999995
208.2085184977497,21.318554628246424,0.9999999999999996,-22.980262981276155,-0.1459587620105367,999.9999999999993
208.2181272957313,21.312848925171835,0.9999999999999996,-22.981863424446217,-0.1430395647120548,999.9999999999994
208.227739486323,21.307149500122115,0.9999999999999994,-22.983455606560042,-0.14012346014216348,999.9999999999997
208.23735504771162,21.301456314894423,0.9999999999999997,-22.98503952826819,-0.13721045606820326,999.9999999999995
208.24697395807792,21.29576933129104,0.9999999999999997,-22.986615190223887,-0.13430056025590886,999.9999999999994
208.25659619559664,21.290088511119382,0.9999999999999996,-22.988182593083366,-0.13139378046949446,999.9999999999993
208.26622173843657,21.284413816192007,0.9999999999999996,-22.989741737505597,-0.12849012447166785,999.9999999999995
208.2758505647604,21.278745208326583,0.9999999999999998,-22.99129262415252,-0.12558960002345998,999.9999999999995
208.2854826527247,21.27308264934595,0.9999999999999998,-22.992835253688696,-0.12269221488449489,999.9999999999995
208.2951179804801,21.267426101078073,0.9999999999999996,-22.994369626781648,-0.11979797681266291,999.9999999999993
208.30475652617096,21.261775525356075,0.9999999999999997,-22.99589574410153,-0.11690689356446171,999.9999999999997
208.3143982679357,21.25613088401821,0.9999999999999998,-22.99741360632136,-0.11401897289462681,999.9999999999995
208.3240431839066,21.250492138907905,0.9999999999999996,-22.99892321411714,-0.11113422255650107,999.9999999999997
208.33369125220975,21.244859251873727,0.9999999999999997,-23.000424568167233,-0.10825265030160836,999.9999999999994
208.34334245096514,21.23923218476942,0.9999999999999996,-23.0019176691533,-0.10537426388013671,999.9999999999995
208.3529967582866,21.233610899453858,0.9999999999999998,-23.00340251775927,-0.10249907104045519,999.9999999999995
208.3626541522818,21.227995357791123,0.9999999999999997,-23.004879114672164,-0.09962707952951178,999.9999999999997
208.37231461105225,21.22238552165043,0.9999999999999997,-23.006347460581537,-0.09675829709254913,999.9999999999995
208.38197811269325,21.21678135290617,0.9999999999999997,-23.00780755617997,-0.09389273147317567,999.9999999999994
208.3916446352939,21.211182813437922,0.9999999999999996,-23.0092594021626,-0.09103039041346506,999.9999999999995
208.4013141569371,21.205589865130428,0.9999999999999996,-23.01070299922722,-0.088171281653743,999.9999999999994
208.41098665569956,21.20000246987361,0.9999999999999997,-23.0121383480745,-0.08531541293287148,999.9999999999997
208.4206621096517,21.19442058956257,0.9999999999999997,-23.013565449407764,-0.08246279198790774,999.9999999999995
208.43034049685772,21.188844186097597,0.9999999999999997,-23.01498430393312,-0.07961342655444525,999.9999999999997
208.44002179537557,21.183273221384173,0.9999999999999997,-23.016394912359345,-0.07676732436628697,999.9999999999997
208.4497059832569,21.177707657332956,0.9999999999999993,-23.017797275397825,-0.07392449315561578,999.9999999999994
208.45939303854718,21.172147455859804,0.9999999999999996,-23.019191393762824,-0.07108494065302295,999.9999999999997
208.46908293928544,21.166592578885766,0.9999999999999996,-23.020577268171067,-0.06824867458736605,999.9999999999995
208.47877566350456,21.16104298833708,0.9999999999999996,-23.021954899342347,-0.06541570268585417,999.9999999999995
208.48847118923098,21.155498646145205,0.9999999999999998,-23.02332428799855,-0.06258603267404794,999.9999999999997
208.49816949448496,21.149959514246785,0.9999999999999996,-23.024685434864807,-0.0597596722758027,999.9999999999997
208.50787055728028,21.14442555458367,0.9999999999999996,-23.026038340668578,-0.056936629213296897,999.9999999999995
208.5175743556245,21.138896729102918,0.9999999999999997,-23.027383006140113,-0.05411691120701789,999.9999999999999
208.52728086751878,21.13337299975679,0.9999999999999996,-23.028719432012224,-0.051300525975719324,999.9999999999997
208.53699007095793,21.127854328502764,0.9999999999999996,-23.030047619020394,-0.04848748123653479,999.9999999999995
208.54670194393037,21.122340677303537,0.9999999999999996,-23.03136756790279,-0.045677784704821534,999.9999999999997
208.5564164644182,21.116832008127005,0.9999999999999994,-23.032679279400213,-0.04287144409417465,999.9999999999999
208.56613361039703,21.111328282946296,0.9999999999999996,-23.033982754255916,-0.040068467116554984,999.9999999999995
208.57585335983617,21.10582946373975,0.9999999999999996,-23.035277993216056,-0.03726886148216124,999.9999999999997
208.5855756906985,21.100335512490936,0.9999999999999997,-23.03656499702916,-0.03447263489948682,1000.0
208.5953005809405,21.094846391188632,0.9999999999999997,-23.037843766446542,-0.03167979507523455,999.9999999999999
208.60502800851214,21.089362061826865,0.9999999999999996,-23.039114302221947,-0.028890349714373542,999.9999999999995
208.61475795135703,21.08388248640486,0.9999999999999997,-23.040376605111675,-0.026104306520096543,999.9999999999999
208.62449038741238,21.078407626927106,0.9999999999999996,-23.0416306758749,-0.023321673193919423,999.9999999999999
208.63422529460894,21.072937445403266,0.9999999999999996,-23.04287651527312,-0.02054245743546801,999.9999999999995
208.64396265087083,21.067471903848332,0.9999999999999996,-23.044114124070404,-0.017766666942677034,999.9999999999997
208.65370243411593,21.062010964282454,0.9999999999999996,-23.045343503033564,-0.014994309411633822,999.9999999999995
208.6634446222555,21.05655458873104,0.9999999999999996,-23.04656465293172,-0.012225392536763025,999.9999999999997
208.67318919319442,21.05110273922474,0.9999999999999996,-23.04777757453671,-0.009459924010528198,999.9999999999995
208.68293612483103,21.04565537779943,0.9999999999999997,-23.04898226862302,-0.006697911523659172,999.9999999999995
208.69268539505717,21.040212466496264,0.9999999999999996,-23.050178735967336,-0.0039393627651662655,999.9999999999997
208.70243698175818,21.034773967361605,0.9999999999999996,-23.05136697734922,-0.0011842854220702748,999.9999999999995
208.71219086281295,21.029339842447072,0.9999999999999996,-23.052546993550564,0.001567312820284883,999.9999999999997
208.7219470160937,21.023910053809544,0.9999999999999997,-23.053718785355727,0.0043154242785448105,999.9999999999997
208.7317054194663,21.018484563511134,0.9999999999999997,-23.05488235355172,0.007060041270918305,999.9999999999997
208.74146605079002,21.013063333619215,0.9999999999999997,-23.056037698928137,0.009801156117802634,999.9999999999999
208.7512288879175,21.007646326206398,0.9999999999999996,-23.057184822276696,0.012538761141229315,999.9999999999997
208.76099390869499,21.002233503350574,0.9999999999999996,-23.05832372439204,0.01527284866513412,999.9999999999999
208.77076109096208,20.996824827134866,0.9999999999999997,-23.059454406071026,0.018003411015342863,999.9999999999999
208.78053041255183,20.991420259647658,0.9999999999999997,-23.06057686811299,0.02073044051955719,999.9999999999997
208.79030185129076,20.9860197629826,0.9999999999999996,-23.061691111319888,0.023453929507326166,999.9999999999995
208.8000753849988,20.980623299238587,0.9999999999999997,-23.062797136496016,0.02617387031015994,999.9999999999997
208.8098509914893,20.975230830519795,0.9999999999999996,-23.063894944448208,0.028890255261430298,999.9999999999995
208.81962864856902,20.969842318935655,0.9999999999999996,-23.0649845359856,0.031603076696370636,999.9999999999995
208.82940833403816,20.964457726600845,0.9999999999999996,-23.066065911919992,0.034312326952175454,999.9999999999994
208.83919002569027,20.95907701563531,0.9999999999999996,-23.067139073065434,0.03701799836801456,999.9999999999999
208.8489737013124,20.953700148164287,0.9999999999999996,-23.068204020238397,0.03972008328489096,999.9999999999995
208.85875933868488,20.94832708631826,0.9999999999999997,-23.06926075425794,0.042418574045797186,999.9999999999999
208.86854691558148,20.94295779223298,0.9999999999999997,-23.07030927594535,0.04511346299564423,999.9999999999997
208.8783364097694,20.937592228049468,0.9999999999999996,-23.071349586124484,0.04780474248134681,999.9999999999995
208.8881277990092,20.932230355914008,0.9999999999999996,-23.072381685621508,0.05049240485178075,999.9999999999995
208.8979210610547,20.926872137978176,0.9999999999999998,-23.0734055752649,0.053176442457697704,999.9999999999997
208.90771617365323,20.9215175363988,0.9999999999999997,-23.07442125588561,0.055856847651938324,999.9999999999995
208.91751311454547,20.91616651333799,0.9999999999999997,-23.075428728317135,0.05853361278930436,999.9999999999995
208.92731186146543,20.910819030963133,0.9999999999999998,-23.076427993395058,0.06120673022655865,999.9999999999995
208.93711239214045,20.905475051446874,0.9999999999999996,-23.07741905195745,0.0638761923224962,999.9999999999994
208.94691468429124,20.900134536967144,0.9999999999999997,-23.07840190484474,0.06654199143790152,999.9999999999999
208.9567187156319,20.894797449707156,0.9999999999999996,-23.079376552899646,0.06920411993564812,999.9999999999995
208.96652446386983,20.889463751855388,0.9999999999999998,-23.080342996967502,0.07186257018057063,999.9999999999997
208.97633190670575,20.884133405605613,0.9999999999999997,-23.081301237895417,0.07451733453955,999.9999999999995
208.98614102183384,20.878806373156856,0.9999999999999997,-23.08225127653357,0.07716840538157044,999.9999999999999
208.99595178694148,20.87348261671344,0.9999999999999998,-23.083193113733813,0.0798157750775772,999.9999999999999
209.00576417970942,20.868162098484966,0.9999999999999998,-23.084126750350634,0.08245943600070405,999.9999999999999
209.01557817781176,20.862844780686313,0.9999999999999997,-23.085052187240777,0.08509938052604582,1000.0
209.0253937589159,20.85753062553764,0.9999999999999996,-23.085969425263286,0.087735601030829,999.9999999999994
209.03521090068256,20.852219595264376,0.9999999999999997,-23.086878465279426,0.09036808989439749,999.9999999999999
209.0450295807658,20.84691165209726,0.9999999999999996,-23.087779308152946,0.09299683949816995,999.9999999999997
209.05484977681297,20.841606758272277,0.9999999999999997,-23.0886719547496,0.09562184222568249,999.9999999999999
209.06467146646474,20.836304876030724,0.9999999999999998,-23.089556405937657,0.09824309046256019,1000.0000000000002
209.07449462735514,20.831005967619166,0.9999999999999998,-23.09043266258746,0.10086057659667347,999.9999999999997
209.08431923711143,20.825709995289465,0.9999999999999997,-23.091300725571884,0.10347429301779698,999.9999999999999
209.0941452733542,20.820416921298754,0.9999999999999996,-23.092160595765733,0.10608423211810702,999.9999999999997
209.10397271369735,20.815126707909446,0.9999999999999997,-23.093012274046202,0.10869038629178362,999.9999999999997
209.11380153574808,20.809839317389248,0.9999999999999996,-23.093855761292787,0.11129274793525212,999.9999999999997
209.12363171710692,20.80455471201115,0.9999999999999998,-23.09469105838707,0.11389130944706949,999.9999999999995
