galstreams/tracks/track.st.New-19.ibata2024.ecsv
# %ECSV 1.0
# ---
# datatype:
# - {name: ra, unit: deg, datatype: float64}
# - {name: dec, unit: deg, datatype: float64}
# - {name: distance, unit: kpc, datatype: float64}
# - {name: pm_ra_cosdec, unit: mas / yr, datatype: float64}
# - {name: pm_dec, unit: mas / yr, datatype: float64}
# - {name: radial_velocity, unit: km / s, datatype: float64}
# delimiter: ','
# meta: !!omap
# - __serialized_columns__:
#     dec:
#       __class__: astropy.coordinates.angles.Latitude
#       unit: &id001 !astropy.units.Unit {unit: deg}
#       value: !astropy.table.SerializedColumn {name: dec}
#     distance:
#       __class__: astropy.coordinates.distances.Distance
#       unit: !astropy.units.Unit {unit: kpc}
#       value: !astropy.table.SerializedColumn {name: distance}
#     pm_dec:
#       __class__: astropy.units.quantity.Quantity
#       unit: !astropy.units.Unit {unit: mas / yr}
#       value: !astropy.table.SerializedColumn {name: pm_dec}
#     pm_ra_cosdec:
#       __class__: astropy.units.quantity.Quantity
#       unit: !astropy.units.Unit {unit: mas / yr}
#       value: !astropy.table.SerializedColumn {name: pm_ra_cosdec}
#     ra:
#       __class__: astropy.coordinates.angles.Longitude
#       unit: *id001
#       value: !astropy.table.SerializedColumn {name: ra}
#       wrap_angle: !astropy.coordinates.Angle
#         unit: *id001
#         value: 360.0
#     radial_velocity:
#       __class__: astropy.units.quantity.Quantity
#       unit: !astropy.units.Unit {unit: km / s}
#       value: !astropy.table.SerializedColumn {name: radial_velocity}
# schema: astropy-2.0
ra,dec,distance,pm_ra_cosdec,pm_dec,radial_velocity
[from data line 141]
220.76843521980024,33.41412232092899,1.0000000000000009,-3.3077656619428035,-2.546010070620923,-114.39296711087968
220.7711302617029,33.42252644081729,1.0000000000000009,-3.307208684655423,-2.5514388342290157,-115.65828478273647
220.77385751266027,33.4309187596984,1.0000000000000009,-3.3066522033079586,-2.556866075831863,-116.86860912746373
220.77661683661918,33.43929932902632,1.0000000000000009,-3.3060962519265704,-2.56229177852825,-118.02251436147823
220.7794080974581,33.44766820024212,1.0000000000000009,-3.3055408645039073,-2.567715925418108,-119.11857470119706
220.78223115898737,33.456025424774445,1.0000000000000007,-3.3049860749989737,-2.573138499602333,-120.15536436303772
220.78508588494984,33.46437105403998,1.000000000000001,-3.3044319173370518,-2.578559484182694,-121.1314575634158
220.7879721390206,33.47270513944349,1.0000000000000009,-3.303878425409655,-2.5839788622617093,-122.04542851874956
220.79088978480783,33.481027732378486,1.0000000000000009,-3.303325633074392,-2.5893966169424907,-122.89585144545525
220.7938386858526,33.489338884227244,1.0000000000000009,-3.3027735741548963,-2.594812731328666,-123.68130055995015
220.79681870562942,33.49763864636129,1.0000000000000009,-3.302222282440731,-2.6002271885242028,-124.40035007865139
220.7998297075465,33.50592707014186,1.000000000000001,-3.3016717916873475,-2.6056399716333374,-125.0515742179755
220.802871554946,33.5142042069199,1.0000000000000009,-3.301122135615932,-2.6110510637604154,-125.63354719433937
220.80594411110425,33.52247010803682,1.0000000000000009,-3.3005733479133763,-2.6164604480097804,-126.14484322416024
220.8090472392321,33.53072482482439,1.000000000000001,-3.300025462232174,-2.6218681074856764,-126.58403652385527
220.81218080247513,33.53896840860531,1.0000000000000009,-3.2994785121903174,-2.627274025292106,-126.94970130984076
220.81534466391403,33.54720091069362,1.0000000000000009,-3.298932531371266,-2.6326781845327005,-127.24041179853452
220.81853868656478,33.55542238239473,1.0000000000000009,-3.298387553323817,-2.6380805683106576,-127.45474220635286
220.821762733379,33.56363287500611,1.0000000000000009,-3.2978436115620458,-2.643481159728559,-127.5912667497132
220.82501666724409,33.57183243981718,1.0000000000000004,-3.297300739565207,-2.6488799418883,-127.64855964503181
220.82830035098368,33.58002112811015,1.0000000000000007,-3.29675897077769,-2.654276897890954,-127.62519510872654
220.83161364735776,33.58819899115984,1.0000000000000009,-3.2962183386089183,-2.6596720108366867,-127.51974735721365
220.834956419063,33.596366080234276,1.0000000000000009,-3.295678876433252,-2.665065263824612,-127.33079060691058
220.83832852873311,33.604522446595084,1.0000000000000007,-3.2951406175899436,-2.670456639952681,-127.0568990742338
220.84172983893893,33.612668141497466,1.0000000000000007,-3.294603595383016,-2.6758461223176315,-126.69664697560053
220.84516021218883,33.620803216190986,1.0000000000000007,-3.2940678430812635,-2.6812336940147627,-126.24860852742789
220.8486195109289,33.62892772191943,1.0000000000000007,-3.2935333939181,-2.6866193381379713,-125.71135794613268
220.85210759754327,33.637041709921355,1.0000000000000007,-3.2930002810915067,-2.692003037779523,-125.08346944813184
220.85562433435447,33.645145231430526,1.0000000000000009,-3.2924685377639467,-2.6973847760300025,-124.36351724984273
220.85916958362333,33.653238337675866,1.0000000000000007,-3.2919381970623487,-2.702764535978204,-123.55007556768146
220.86274320754984,33.66132107988218,1.0000000000000009,-3.291409292077928,-2.708142300711023,-122.64171861806564
220.86634506827272,33.6693935092701,1.0000000000000007,-3.290881855866232,-2.7135180533133507,-121.6370206174122
220.86997502787023,33.67745567705658,1.0000000000000007,-3.2903559214469826,-2.718891776867986,-120.53455578213767
220.87363294836024,33.685507634455334,1.0000000000000007,-3.289831521803995,-2.7242634544554853,-119.33289832865967
220.87731869170037,33.69354943267678,1.0000000000000009,-3.2893086898852157,-2.7296330691541293,-118.0306224733945
220.8810321197885,33.70158112292878,1.0000000000000007,-3.2887874586025063,-2.7350006040397954,-116.62630243275954
220.88477309446276,33.70960275641654,1.0000000000000007,-3.2882678608316924,-2.74036604218583,-115.11851242317177
220.8885414775019,33.71761438434313,1.0000000000000009,-3.2877499294124197,-2.7457293666629976,-113.50582666104765
220.89233713062572,33.725616057909896,1.0000000000000007,-3.2872336971481193,-2.7510905605393514,-111.78681936280486
220.89615991549502,33.73360782831642,1.0000000000000007,-3.2867191968059197,-2.756449606880155,-109.9600647448601
220.90000969371206,33.741589746761235,1.0000000000000007,-3.2862064611166053,-2.761806488747796,-108.02413702362992
220.9038863268207,33.749561864441695,1.0000000000000007,-3.2856955227745237,-2.7671611892016514,-105.97761041553166
220.9077896763068,33.75752423255471,1.0000000000000007,-3.2851864144375282,-2.7725136912980393,-103.81905913698232
220.9117196035983,33.765476902296655,1.0000000000000007,-3.284679168726914,-2.7778639780901067,-101.54705740439884
220.91567597006545,33.77341992486386,1.0000000000000007,-3.284173818227356,-2.7832120326277483,-99.16017943419797
220.91965863702143,33.78135335145302,1.0000000000000007,-3.283670395486819,-2.7885578379574927,-96.65699944279687
220.92366746572202,33.78927723326113,1.0000000000000009,-3.2831689330165323,-2.7939013771224577,-94.0360916466125
220.92770231736637,33.797191621486235,1.0000000000000007,-3.2826694632909,-2.799242633162219,-91.29603026206154
220.9317630530969,33.80509656732731,1.0000000000000007,-3.282172018747441,-2.8045815891127397,-88.43538950556147
220.93584953399966,33.81299212198474,1.0000000000000009,-3.2816766317867287,-2.809918228006296,-85.4527435935286
220.93996162110471,33.82087833666074,1.0000000000000009,-3.2811833347723303,-2.8152525328713747,-82.34666674238021
220.9440991753861,33.8287552625593,1.0000000000000007,-3.2806921600307577,-2.820584486732594,-79.11573316853355
220.94826205776232,33.836622950886856,1.0000000000000009,-3.280203139851369,-2.825914072610633,-75.75851708840537
220.95245012909652,33.84448145285224,1.0000000000000007,-3.2797163064863453,-2.8312412735221386,-72.27359271841262
220.9566632501965,33.852330819667145,1.0000000000000009,-3.279231692150633,-2.836566072479634,-68.65953427497173
220.9609012818154,33.86017110254651,1.0000000000000009,-3.27874932902185,-2.841888452491469,-64.91491597450069
220.96516408465152,33.86800235270845,1.0000000000000007,-3.2782692492402554,-2.8472083965617045,-61.03831203341566
220.96945151934878,33.875824621374974,1.0000000000000007,-3.277791484908682,-2.8525258876900743,-57.02829666813387
220.97376344649692,33.8836379597719,1.0000000000000007,-3.27731606809249,-2.857840908871868,-52.88344409507225
220.97809972663165,33.89144241912929,1.0000000000000007,-3.276843030819488,-2.8631534430978824,-48.60232853064781
220.98246022023503,33.89923805068184,1.0000000000000007,-3.276372405079903,-2.8684634733543386,-44.183524191277456
220.98684478773552,33.90702490566884,1.0000000000000009,-3.275904222826304,-2.8737709826228137,-39.62560529337861
220.99125328950842,33.914803035334884,1.0000000000000009,-3.275438515973563,-2.8790759538801485,-34.92714605336731
220.99568558587592,33.92257249092966,1.0000000000000009,-3.274975316398789,-2.8843783700984074,-30.086720687661227
221.00014153710742,33.93033332370866,1.0000000000000007,-3.2745146559412803,-2.889678214244774,-25.10290341267705
221.0046210034198,33.938085584933134,1.0000000000000004,-3.274056566402471,-2.8949754692815053,-19.974268444831974
221.00912384497747,33.94582932587048,1.0000000000000004,-3.273601079545875,-2.90027011816585,-14.699390000542506
221.01364992189278,33.95356459779463,1.0000000000000007,-3.2731482270970407,-2.9055621438499917,-9.276842296225816
221.0181990942262,33.96129145198606,1.0000000000000007,-3.272698040743493,-2.9108515292809685,-3.705199548299328
221.02277122198652,33.96900993973233,1.0000000000000004,-3.272250552134689,-2.9161382574006183,2.01696402682092
221.02736616513104,33.976720112328145,1.0000000000000004,-3.271805792881963,-2.9214223111455087,7.891074212717062
221.03198378356583,33.98442202107561,1.0000000000000004,-3.2713637945584733,-2.9267036734468777,13.918556792972481
221.036623937146,33.99211571728476,1.0000000000000004,-3.2709245886991685,-2.931982327230558,20.10083755117046
221.0412864856758,33.99980125227347,1.0000000000000004,-3.2704882068007226,-2.937258255416941,26.439342270893697
221.045971288909,34.007478677368006,1.0000000000000007,-3.270054680321497,-2.942531440920882,32.93549673572522
221.0506782065489,34.01514804390306,1.0000000000000007,-3.2696240406814896,-2.947801866651673,39.590726729248466
221.0554070982487,34.02280940322208,1.0000000000000007,-3.2691963192622877,-2.9530695155129627,46.40645803504617
221.06015782361177,34.0304628066777,1.0000000000000004,-3.2687715474070314,-2.9583343704027087,53.384116436701454
221.06493024219162,34.038108305631646,1.0000000000000004,-3.268349756420344,-2.963596414213115,60.52512771779732
221.06972421349244,34.045745951455395,1.0000000000000004,-3.2679309775683274,-2.9688556298305784,67.83091766191669
221.07453959696892,34.05337579553006,1.0000000000000004,-3.2675152420784697,-2.974112000135637,75.30291205264267
221.07937625202683,34.06099788924678,1.0000000000000004,-3.2671025811396524,-2.979365508002915,82.94253667355872
221.08423403802306,34.06861228400718,1.0000000000000004,-3.266693025902052,-2.984616136301071,90.75121730824708
221.08911281426575,34.07621903122319,1.0000000000000004,-3.266286607477153,-2.9898638678927405,98.73037974029138
221.09401244001472,34.08381818231776,1.0000000000000004,-3.2658833569376657,-2.995108685634488,106.88144975327451
221.09893277448145,34.091409788724654,1.0000000000000004,-3.2654833053175203,-3.000350572376769,115.20585313077947
221.10387367682944,34.09899390188911,1.0000000000000004,-3.2650864836117677,-3.005589510963855,123.70501565638962
221.1088350061743,34.10657057326776,1.0000000000000004,-3.264692922776609,-3.010825484233836,132.38036311368725
221.113816621584,34.114139854328954,1.0000000000000004,-3.264302653729324,-3.0160584750184913,141.233321286256
221.11881838207918,34.12170179655326,1.0000000000000004,-3.263915707348211,-3.0212884661433375,150.26531595767878
221.1238401466331,34.129256451433214,1.0000000000000004,-3.2635321144726053,-3.026515440427522,159.47777291153875
221.12888177417219,34.13680387047411,1.0000000000000004,-3.2631519059027774,-3.0317393806838027,168.8721179314189
221.13394312357576,34.14434410519373,1.0000000000000004,-3.262775112399929,-3.036960269718497,178.4497768009017
221.1390240536767,34.15187720712284,1.0000000000000004,-3.262401764686162,-3.042178090331447,188.212175303571
221.14412442326145,34.15940322780555,1.0000000000000004,-3.262031893444451,-3.047392825315974,198.16073922300976
221.14924409107007,34.16692221879915,1.0000000000000004,-3.2616655293185595,-3.052604457458852,208.29689434280024
221.15438291579665,34.174434231674795,1.0000000000000004,-3.2613027029130386,-3.057812969540251,218.62206644652645
221.15954075608943,34.18193931801737,1.0000000000000004,-3.260943444793213,-3.063018344333699,229.13768131777033
221.1647174705509,34.18943752942585,1.0000000000000004,-3.2605877854851393,-3.0682205646060936,239.84516474011627
221.16991291773812,34.19692891751368,1.0000000000000004,-3.260235755475531,-3.0734196131175935,250.74594249714605
221.1751269561628,34.20441353390867,1.0000000000000004,-3.2598873852117123,-3.078615472621628,261.8414403724438
221.18035944429167,34.2118914302536,1.0000000000000002,-3.259542705101733,-3.083808125864863,273.1330841495921
221.1856102405463,34.2193626582061,1.0000000000000002,-3.2592017455141438,-3.0889975555871807,284.62229961217344
221.19087920330375,34.226827269439006,1.0000000000000004,-3.2588645367781197,-3.094183744521544,296.31051254377167
221.19616619089638,34.23428531564076,1.0000000000000004,-3.2585311091833056,-3.0993666753942044,308.199148727969
221.2014710616122,34.24173684851525,1.0000000000000004,-3.2582014929799428,-3.1045463309243715,320.28963394834966
221.20679367369505,34.24918191978244,1.0000000000000002,-3.257875718378603,-3.109722693824434,332.58339398849597
221.21213388534466,34.25662058117817,1.0000000000000002,-3.257553815550402,-3.114895746799789,345.0818546319902
221.2174915547171,34.264052884454806,1.0000000000000004,-3.25723581462686,-3.1200654725488732,357.7864416624171
221.22286653992455,34.27147888138106,1.0000000000000004,-3.2569217456998842,-3.125231853763154,370.69858086335796
221.22825869903588,34.27889862374234,1.0000000000000002,-3.2566116388217736,-3.130394873127031,383.8196980183973
221.23366789007653,34.286312163341194,1.0000000000000004,-3.256305524005022,-3.1355545133178566,397.15121891111755
221.2390939710288,34.29371955199709,1.0000000000000002,-3.256003431222638,-3.1407107570060404,410.69456932510104
221.24453679983213,34.301120841547025,1.0000000000000002,-3.255705390407819,-3.1458635868547375,424.4511750439322
221.249996234383,34.30851608384541,1.0000000000000002,-3.2554114314539717,-3.151012985520076,438.4224618511925
221.25547213253532,34.31590533076444,1.0000000000000002,-3.255121584214848,-3.156158935651142,452.60985553046675
221.26096435210061,34.32328863419437,1.0000000000000002,-3.254835878504359,-3.1613014198897176,467.0147818653371
221.26647275084795,34.33066604604344,1.0000000000000004,-3.254554344096647,-3.166440420870579,481.63866663938586
221.27199718650436,34.33803761823847,1.0000000000000004,-3.254277010725964,-3.1715759212212404,496.4829356361972
221.27753751675485,34.34540340272464,1.0000000000000002,-3.25400390808678,-3.1767079035621038,511.5490146393532
221.28309359924262,34.35276345146595,1.0000000000000002,-3.253735065833652,-3.1818363505063303,526.8383294324382
221.2886652915693,34.360117816445424,1.0000000000000004,-3.2534705135812914,-3.1869612446598268,542.3523057990343
221.29425245129488,34.367466549665075,1.0000000000000004,-3.2532102809044616,-3.192082568621366,558.092369522724
221.29985493593816,34.374809703146454,1.0000000000000004,-3.2529543973380513,-3.197200304982502,574.059946387092
221.3054726029766,34.38214732893045,1.0000000000000004,-3.2527028923769663,-3.2023144363274056,590.2564621757194
221.31110530984677,34.38947947907769,1.0000000000000004,-3.252455795476152,-3.2074249452331784,606.683342672191
221.31675291394433,34.396806205668874,1.0000000000000002,-3.252213136050557,-3.2125318142695605,623.3420136600893
221.32241527262414,34.40412756080455,1.0000000000000004,-3.2519749434751404,-3.217635025999087,640.233900922996
221.32809224320067,34.41144359660575,1.0000000000000002,-3.251741247084958,-3.2227345629769744,657.3604302444959
221.33378368294777,34.418754365213765,1.0000000000000002,-3.251512076174862,-3.227830407751199,674.7230274081709
221.33948944909915,34.42605991879074,1.0000000000000002,-3.2512874599998156,-3.2329225428624966,692.3231181976053
221.34520939884834,34.43336030951947,1.0,-3.2510674277746503,-3.2380109508443127,710.1621283963813
221.35094338934888,34.44065558960375,1.0000000000000002,-3.250852008674123,-3.2430956142228524,728.2414837880813
221.35669127771456,34.44794581126867,1.0,-3.2506412318329296,-3.2481765155168887,746.5626101562896
221.36245292101935,34.45523102676053,1.0000000000000002,-3.2504351263457494,-3.253253637238217,765.1269332845882
221.36822817629778,34.46251128834731,1.0,-3.2502337212669943,-3.2583269618911004,783.9358789565609
221.37401690054486,34.46978664831853,1.0,-3.2500370456110375,-3.2633964719726833,802.9908729557901
221.37981895071647,34.477057158985616,1.0,-3.2498451283522627,-3.2684621499728053,822.2933410658599
221.38563418372917,34.484322872682135,1.0,-3.2496579984246523,-3.2735239783740155,841.8447090703523
221.39146245646066,34.49158384176369,1.0,-3.2494756847222703,-3.278581939651744,861.6464027528502
221.39730362574974,34.49884011860847,1.0,-3.249298216098893,-3.28363601627413,881.6998478969377
