galstreams/tracks/track.st.LMS-1.ibata2024.ecsv
# %ECSV 1.0
# ---
# datatype:
# - {name: ra, unit: deg, datatype: float64}
# - {name: dec, unit: deg, datatype: float64}
# - {name: distance, unit: kpc, datatype: float64}
# - {name: pm_ra_cosdec, unit: mas / yr, datatype: float64}
# - {name: pm_dec, unit: mas / yr, datatype: float64}
# - {name: radial_velocity, unit: km / s, datatype: float64}
# delimiter: ','
# meta: !!omap
# - __serialized_columns__:
#     dec:
#       __class__: astropy.coordinates.angles.Latitude
#       unit: &id001 !astropy.units.Unit {unit: deg}
#       value: !astropy.table.SerializedColumn {name: dec}
#     distance:
#       __class__: astropy.coordinates.distances.Distance
#       unit: !astropy.units.Unit {unit: kpc}
#       value: !astropy.table.SerializedColumn {name: distance}
#     pm_dec:
#       __class__: astropy.units.quantity.Quantity
#       unit: !astropy.units.Unit {unit: mas / yr}
#       value: !astropy.table.SerializedColumn {name: pm_dec}
#     pm_ra_cosdec:
#       __class__: astropy.units.quantity.Quantity
#       unit: !astropy.units.Unit {unit: mas / yr}
#       value: !astropy.table.SerializedColumn {name: pm_ra_cosdec}
#     ra:
#       __class__: astropy.coordinates.angles.Longitude
#       unit: *id001
#       value: !astropy.table.SerializedColumn {name: ra}
#       wrap_angle: !astropy.coordinates.Angle
#         unit: *id001
#         value: 360.0
#     radial_velocity:
#       __class__: astropy.units.quantity.Quantity
#       unit: !astropy.units.Unit {unit: km / s}
#       value: !astropy.table.SerializedColumn {name: radial_velocity}
# schema: astropy-2.0
ra,dec,distance,pm_ra_cosdec,pm_dec,radial_velocity
[from data line 3522]
239.66015924475792,27.962784805252827,1.000000000000001,1.0623514805701006,-2.1069102160641044,-155.70743539678418
239.671314227847,27.96104410237571,1.0000000000000009,1.063119011020195,-2.1075774357204846,-155.7740868207539
239.6824687241171,27.959301751782817,1.0000000000000009,1.0638865391041232,-2.1082448565389598,-155.84073754762247
239.69362273331257,27.957557754300694,1.0000000000000007,1.0646540646495417,-2.108912478368996,-155.90738756601075
239.7047762551785,27.955812110755907,1.0000000000000009,1.0654215874842308,-2.1095803010599976,-155.9740368645394
239.7159292894601,27.95406482197506,1.0000000000000009,1.0661891074359708,-2.1102483244612973,-156.04068543182905
239.72708183590325,27.9523158887848,1.0000000000000009,1.066956624332649,-2.110916548422159,-156.1073332565004
239.73823389425408,27.950565312011783,1.0000000000000009,1.0677241380021876,-2.111584972791766,-156.17398032717415
239.74938546425918,27.948813092482723,1.0000000000000009,1.0684916482725466,-2.112253597419235,-156.24062663247096
239.76053654566576,27.947059231024358,1.0000000000000009,1.0692591549718315,-2.112922422153604,-156.30727216101155
239.77168713822107,27.94530372846346,1.0000000000000009,1.0700266579280644,-2.113591446843847,-156.3739169014166
239.7828372416732,27.943546585626827,1.0000000000000009,1.0707941569694732,-2.11426067133886,-156.44056084230687
239.7939868557704,27.941787803341285,1.0000000000000009,1.0715616519242719,-2.1149300954874803,-156.50720397230285
239.8051359802614,27.94002738243372,1.000000000000001,1.0723291426207204,-2.1155997191384532,-156.57384628002546
239.81628461489547,27.938265323731034,1.0000000000000009,1.0730966288871802,-2.1162695421404507,-156.64048775409512
239.82743275942212,27.936501628060157,1.0000000000000009,1.0738641105520443,-2.1169395643420987,-156.7071283831327
239.83858041359153,27.934736296248037,1.0000000000000009,1.0746315874438217,-2.1176097855919327,-156.7737681557589
239.84972757715394,27.932969329121708,1.0000000000000007,1.0753990593909446,-2.1182802057384205,-156.8404070605943
239.8608742498604,27.931200727508173,1.0000000000000009,1.0761665262220568,-2.1189508246299447,-156.9070450862597
239.87202043146218,27.929430492234506,1.0000000000000009,1.0769339877658002,-2.1196216421148506,-156.97368222137564
239.883166121711,27.927658624127808,1.0000000000000009,1.0777014438508594,-2.1202926580413717,-157.04031845456305
239.89431132035907,27.9258851240152,1.0000000000000007,1.078468894305999,-2.120963872257697,-157.10695377444227
239.90545602715892,27.924109992723842,1.0000000000000009,1.0792363389600368,-2.121635284611921,-157.1735881696343
239.91660024186356,27.922333231080927,1.0000000000000009,1.0800037776418279,-2.122306894952102,-157.2402216287597
239.92774396422647,27.920554839913674,1.0000000000000009,1.0807712101803517,-2.1229787031261917,-157.30685414043919
239.9388871940015,27.918774820049347,1.0000000000000009,1.0815386364045967,-2.1236507089820886,-157.37348569329325
239.95002993094295,27.916993172315223,1.0000000000000009,1.082306056143599,-2.1243229123676137,-157.44011627594287
239.9611721748055,27.915209897538624,1.000000000000001,1.0830734692264983,-2.1249953131305155,-157.50674587700865
239.97231392534437,27.91342499654691,1.0000000000000009,1.0838408754824727,-2.125667911118466,-157.5733744851111
239.98345518231508,27.911638470167443,1.0000000000000009,1.0846082747407557,-2.1263407061791018,-157.64000208887114
239.99459594547352,27.909850319227655,1.0000000000000009,1.085375666830597,-2.127013698159926,-157.70662867690933
240.0057362145763,27.908060544554967,1.0000000000000009,1.086143051581443,-2.127686886908423,-157.77325423784632
240.0168759893801,27.906269146976868,1.0000000000000009,1.0869104288226037,-2.128360272271987,-157.8398787603029
240.02801526964228,27.904476127320862,1.0000000000000009,1.087677798383627,-2.129033854097935,-157.90650223289975
240.0391540551205,27.902681486414487,1.0000000000000009,1.0884451600940217,-2.1297076322335204,-157.97312464425738
240.05029234557293,27.9008852250853,1.0000000000000009,1.0892125137834245,-2.130381606525935,-158.0397459829968
240.061430140758,27.89908734416091,1.0000000000000009,1.08997985928141,-2.131055776822274,-158.1063662377385
240.07256744043474,27.89728784446894,1.0000000000000009,1.090747196417725,-2.131730142969591,-158.17298539710302
240.0837042443626,27.895486726837053,1.0000000000000009,1.0915145250221698,-2.1324047048148405,-158.23960344971132
240.09484055230132,27.893683992092928,1.0000000000000009,1.092281844924539,-2.133079462204936,-158.30622038418394
240.1059763640112,27.891879641064293,1.0000000000000009,1.0930491559547733,-2.133754414986692,-158.37283618914145
240.11711167925282,27.890073674578897,1.0000000000000009,1.0938164579427294,-2.1344295630068686,-158.43945085320487
240.12824649778736,27.88826609346452,1.0000000000000009,1.094583750718499,-2.1351049061121454,-158.50606436499467
240.1393808193763,27.886456898548975,1.0000000000000009,1.095351034112129,-2.13578044414915,-158.5726767131315
240.15051464378155,27.884646090660095,1.0000000000000009,1.0961183079537236,-2.1364561769644155,-158.63928788623613
240.16164797076553,27.882833670625754,1.0000000000000009,1.0968855720735213,-2.1371321044044223,-158.70589787292917
240.17278080009103,27.88101963927385,1.0000000000000009,1.097652826301731,-2.1378082263155687,-158.77250666183144
240.18391313152122,27.879203997432313,1.0000000000000009,1.0984200704686558,-2.138484542544189,-158.83911424156352
240.19504496481974,27.87738674592911,1.0000000000000009,1.0991873044046727,-2.13916105293654,-158.90572060074612
240.20617629975075,27.875567885592215,1.0000000000000009,1.0999545279402305,-2.1398377573388263,-158.9723257279999
240.21730713607866,27.873747417249653,1.0000000000000009,1.1007217409058008,-2.140514655597155,-159.0389296119456
240.2284374735684,27.871925341729487,1.0000000000000009,1.1014889431319137,-2.1411917475575795,-159.10553224120383
240.2395673119852,27.870101659859763,1.0000000000000009,1.102256134449151,-2.14186903306609,-159.17213360439538
240.25069665109498,27.868276372468607,1.0000000000000007,1.1030233146882367,-2.142546511968588,-159.23873369014086
240.26182549066385,27.866449480384162,1.0000000000000009,1.1037904836798518,-2.143224184110906,-159.30533248706098
240.27295383045842,27.86462098443457,1.0000000000000009,1.1045576412547824,-2.143902049338834,-159.3719299837764
240.28408167024583,27.86279088544804,1.0000000000000009,1.1053247872439265,-2.144580107498058,-159.4385261689079
240.29520900979333,27.86095918425279,1.0000000000000009,1.106091921478102,-2.1452583584342104,-159.50512103107602
240.3063358488689,27.85912588167706,1.000000000000001,1.1068590437882921,-2.145936801992848,-159.57171455890153
240.31746218724095,27.857290978549145,1.000000000000001,1.1076261540055512,-2.14661543801947,-159.63830674100518
240.32858802467808,27.855454475697353,1.0000000000000009,1.1083932519609476,-2.147294266359486,-159.7048975660075
240.33971336094947,27.85361637395001,1.0000000000000009,1.1091603374855925,-2.147973286858244,-159.77148702252936
240.35083819582474,27.851776674135472,1.0000000000000009,1.1099274104107213,-2.1486524993610434,-159.83807509919126
240.3619625290738,27.84993537708217,1.0000000000000009,1.1106944705675499,-2.149331903713062,-159.90466178461392
240.37308636046717,27.84809248361849,1.0000000000000009,1.1114615177874398,-2.1500114997594686,-159.97124706741815
240.38420968977567,27.846247994572888,1.0000000000000009,1.1122285519017492,-2.1506912873453246,-160.0378309362246
240.39533251677054,27.84440191077385,1.0000000000000009,1.1129955727419016,-2.1513712663156284,-160.1044133796538
240.40645484122345,27.842554233049874,1.000000000000001,1.1137625801393867,-2.1520514365153147,-160.1709943863267
240.41757666290667,27.8407049622295,1.0000000000000009,1.1145295739258163,-2.1527317977892437,-160.23757394486378
240.42869798159256,27.838854099141287,1.0000000000000009,1.115296553932751,-2.153412349982201,-160.30415204388572
240.4398187970542,27.837001644613817,1.0000000000000009,1.1160635199918634,-2.15409309293892,-160.3707286720133
240.45093910906485,27.835147599475718,1.0000000000000009,1.1168304719348985,-2.154774026504054,-160.43730381786725
240.46205891739854,27.833291964555627,1.0000000000000009,1.1175974095936887,-2.155455150522176,-160.5038774700681
240.47317822182924,27.831434740682205,1.0000000000000009,1.1183643327999935,-2.156136464837809,-160.57044961723668
240.48429702213184,27.829575928684175,1.0000000000000009,1.1191312413858352,-2.156817969295396,-160.6370202479935
240.49541531808123,27.827715529390247,1.000000000000001,1.1198981351830692,-2.1574996637393085,-160.70358935095948
240.50653310945307,27.825853543629176,1.0000000000000009,1.1206650140238228,-2.158181548013868,-160.77015691475518
240.5176503960232,27.823989972229743,1.0000000000000009,1.1214318777401466,-2.1588636219632953,-160.83672292800128
240.52876717756797,27.822124816020754,1.0000000000000009,1.1221987261641626,-2.1595458854317684,-160.90328737931853
240.5398834538642,27.82025807583105,1.0000000000000009,1.1229655591281347,-2.1602283382633747,-160.9698502573275
240.55099922468904,27.81838975248948,1.0000000000000009,1.1237323764642841,-2.160910980302157,-161.0364115506489
240.56211448982015,27.816519846824942,1.0000000000000009,1.1244991780049585,-2.161593811392068,-161.10297124790353
240.5732292490355,27.814648359666343,1.0000000000000009,1.125265963582546,-2.162276831377012,-161.16952933771202
240.5843435021136,27.812775291842627,1.0000000000000009,1.1260327330294615,-2.1629600401007956,-161.2360858086949
240.59545724883338,27.810900644182762,1.0000000000000009,1.1267994861782675,-2.163643437407183,-161.30264064947315
240.60657048897406,27.80902441751574,1.0000000000000009,1.127566222861466,-2.16432702313986,-161.3691938486673
240.6176832223154,27.807146612670596,1.0000000000000009,1.1283329429117046,-2.1650107971424397,-161.43574539489796
240.62879544863762,27.805267230476343,1.0000000000000009,1.1290996461617002,-2.165694759258473,-161.50229527678593
240.63990716772113,27.803386271762076,1.0000000000000009,1.1298663324441058,-2.166378909331435,-161.56884348295185
240.65101837934714,27.8015037373569,1.0000000000000009,1.1306330015918356,-2.167063247204732,-161.63539000201638
240.66212908329695,27.79961962808992,1.0000000000000009,1.1313996534376756,-2.1677477727217163,-161.70193482260032
240.6732392793524,27.7977339447903,1.0000000000000009,1.1321662878145684,-2.16843248572566,-161.7684779333243
240.6843489672957,27.795846688287206,1.0000000000000009,1.132932904555462,-2.16911738605976,-161.83501932280888
240.69545814690966,27.793957859409844,1.0000000000000009,1.1336995034934318,-2.1698024735671595,-161.90155897967492
240.70656681797735,27.792067458987443,1.0000000000000009,1.1344660844615682,-2.170487748090922,-161.968096892543
240.71767498028228,27.79017548784925,1.0000000000000009,1.1352326472930354,-2.1711732094740537,-162.0346330500338
240.72878263360838,27.788281946824558,1.0000000000000009,1.1359991918210266,-2.1718588575594726,-162.10116744076814
240.7398897777401,27.78638683674265,1.0000000000000007,1.136765717878852,-2.172544692190055,-162.16770005336656
240.75099641246211,27.784490158432867,1.000000000000001,1.1375322252997933,-2.1732307132085857,-162.23423087644977
240.76210253755974,27.782591912724556,1.0000000000000009,1.1382987139172904,-2.1739169204577955,-162.30075989863857
240.77320815281857,27.780692100447098,1.0000000000000009,1.1390651835647656,-2.174603313780345,-162.36728710855357
240.78431325802472,27.778790722429903,1.0000000000000009,1.1398316340757777,-2.175289893018821,-162.43381249481536
240.79541785296456,27.7768877795024,1.0000000000000009,1.1405980652838252,-2.1759766580157347,-162.5003360460447
240.80652193742512,27.774983272494026,1.0000000000000009,1.1413644770226146,-2.1766636086135573,-162.56685775086237
240.81762551119363,27.773077202234273,1.0000000000000009,1.1421308691257845,-2.177350744654671,-162.6333775978889
240.82872857405795,27.771169569552644,1.0000000000000007,1.1428972414271286,-2.178038065981381,-162.69989557574513
240.83983112580606,27.76926037527866,1.0000000000000009,1.1436635937603796,-2.178725572435953,-162.76641167305158
240.8509331662267,27.767349620241877,1.0000000000000009,1.1444299259594946,-2.179413263860557,-162.83292587842914
240.86203469510883,27.76543730527187,1.0000000000000009,1.1451962378583378,-2.1801011400973156,-162.89943818049835
240.8731357122419,27.76352343119824,1.0000000000000009,1.1459625292909301,-2.180789200988267,-162.96594856787985
240.88423621741572,27.76160799885061,1.0000000000000009,1.1467288000912994,-2.181477446375389,-163.03245702919443
240.89533621042068,27.75969100905863,1.0000000000000009,1.1474950500935872,-2.182165876100603,-163.09896355306276
240.90643569104725,27.757772462651978,1.0000000000000009,1.1482612791318765,-2.1828544900057434,-163.16546812810554
240.91753465908675,27.755852360460345,1.0000000000000009,1.1490274870404615,-2.18354328793259,-163.23197074294342
240.9286331143306,27.753930703313447,1.0000000000000009,1.149793673653587,-2.184232269722843,-163.2984713861971
240.93973105657088,27.75200749204104,1.0000000000000009,1.1505598388056608,-2.1849214352181487,-163.3649700464872
240.9508284855998,27.750082727472883,1.0000000000000009,1.151325982330988,-2.185610784260083,-163.43146671243454
240.96192540121027,27.748156410438764,1.0000000000000009,1.1520921040640797,-2.1863003166901507,-163.4979613726597
240.97302180319542,27.74622854176851,1.0000000000000009,1.152858203839438,-2.186990032349785,-163.56445401578333
240.984117691349,27.744299122291952,1.0000000000000009,1.153624281491675,-2.1876799310803587,-163.6309446304263
240.99521306546504,27.74236815283895,1.000000000000001,1.1543903368554034,-2.1883700127231744,-163.6974332052092
241.00630792533795,27.740435634239393,1.0000000000000009,1.155156369765324,-2.1890602771194736,-163.76391972875257
241.01740227076274,27.738501567323194,1.0000000000000009,1.1559223800562108,-2.1897507241104126,-163.83040418967727
241.02849610153459,27.73656595292027,1.000000000000001,1.1566883675628254,-2.1904413535371106,-163.89688657660398
241.03958941744926,27.734628791860587,1.0000000000000009,1.1574543321200643,-2.191132165240587,-163.96336687815324
241.05068221830302,27.732690084974124,1.0000000000000009,1.1582202735628844,-2.1918231590618156,-164.02984508294603
241.0617745038924,27.730749833090872,1.0000000000000009,1.158986191726278,-2.192514334841693,-164.09632117960274
241.0728662740143,27.728808037040864,1.0000000000000009,1.159752086445252,-2.193205692421058,-164.16279515674412
241.08395752846633,27.726864697654133,1.0000000000000009,1.1605179575549869,-2.193897231640678,-164.22926700299095
241.09504826704617,27.72491981576075,1.0000000000000009,1.161283804890589,-2.194588952341247,-164.29573670696385
241.1061384895521,27.722973392190816,1.0000000000000009,1.162049628287308,-2.1952808543634,-164.3622042572835
241.11722819578287,27.721025427774432,1.0000000000000009,1.1628154275804459,-2.1959729375477046,-164.42866964257064
241.1283173855375,27.71907592334174,1.0000000000000009,1.163581202605334,-2.1966652017346533,-164.49513285144593
241.1394060586156,27.717124879722892,1.0000000000000009,1.1643469531973807,-2.19735764676469,-164.56159387253004
241.15049421481697,27.715172297748065,1.0000000000000009,1.1651126791920419,-2.198050272478163,-164.62805269444368
241.16158185394212,27.713218178247473,1.0000000000000009,1.1658783804248696,-2.198743078715397,-164.69450930580746
241.1726689757917,27.71126252205133,1.0000000000000009,1.1666440567314176,-2.1994360653165828,-164.7609636952422
241.18375558016697,27.70930532998988,1.0000000000000007,1.1674097079473515,-2.200129232121938,-164.82741585136853
241.1948416668696,27.707346602893388,1.000000000000001,1.1681753339083762,-2.200822578971529,-164.89386576280702
