galstreams/tracks/track.po.Scamander.grillmair2017.ecsv
# %ECSV 0.9
# ---
# datatype:
# - {name: ra, unit: deg, datatype: float64}
# - {name: dec, unit: deg, datatype: float64}
# - {name: distance, unit: kpc, datatype: float64}
# - {name: pm_ra_cosdec, unit: mas / yr, datatype: float64}
# - {name: pm_dec, unit: mas / yr, datatype: float64}
# - {name: radial_velocity, unit: km / s, datatype: float64}
# delimiter: ','
# meta: !!omap
# - __serialized_columns__:
#     dec:
#       __class__: astropy.coordinates.angles.Latitude
#       unit: &id001 !astropy.units.Unit {unit: deg}
#       value: !astropy.table.SerializedColumn {name: dec}
#     distance:
#       __class__: astropy.coordinates.distances.Distance
#       unit: !astropy.units.Unit {unit: kpc}
#       value: !astropy.table.SerializedColumn {name: distance}
#     pm_dec:
#       __class__: astropy.units.quantity.Quantity
#       unit: !astropy.units.Unit {unit: mas / yr}
#       value: !astropy.table.SerializedColumn {name: pm_dec}
#     pm_ra_cosdec:
#       __class__: astropy.units.quantity.Quantity
#       unit: !astropy.units.Unit {unit: mas / yr}
#       value: !astropy.table.SerializedColumn {name: pm_ra_cosdec}
#     ra:
#       __class__: astropy.coordinates.angles.Longitude
#       unit: *id001
#       value: !astropy.table.SerializedColumn {name: ra}
#       wrap_angle: !astropy.coordinates.Angle
#         unit: *id001
#         value: 360.0
#     radial_velocity:
#       __class__: astropy.units.quantity.Quantity
#       unit: !astropy.units.Unit {unit: km / s}
#       value: !astropy.table.SerializedColumn {name: radial_velocity}
# schema: astropy-2.0
ra,dec,distance,pm_ra_cosdec,pm_dec,radial_velocity
151.62806274964774,-20.455832380737682,21.000000000000025,0.0,0.0,0.0
151.5895024953981,-20.130196469164062,21.00000000000001,0.0,0.0,0.0
151.55110257090573,-19.80455220682037,20.999999999999996,0.0,0.0,0.0
151.5128595167195,-19.47889977409935,20.999999999999982,0.0,0.0,0.0
151.4747699214732,-19.153239348875704,20.99999999999998,0.0,0.0,0.0
151.43683042057486,-18.827571106575043,20.99999999999997,0.0,0.0,0.0
151.39903769492724,-18.501895220240968,20.999999999999968,0.0,0.0,0.0
151.36138846967933,-18.176211860600805,20.999999999999964,0.0,0.0,0.0
151.32387951300709,-17.850521196129232,20.999999999999964,0.0,0.0,0.0
151.2865076349226,-17.52482339311098,20.999999999999964,0.0,0.0,0.0
151.24926968611084,-17.19911861570196,20.99999999999997,0.0,0.0,0.0
151.21216255679278,-16.873407025988595,20.99999999999997,0.0,0.0,0.0
151.17518317561456,-16.547688784046297,20.999999999999975,0.0,0.0,0.0
151.13832850856102,-16.221964047996362,20.999999999999975,0.0,0.0,0.0
151.1015955578934,-15.896232974061832,20.999999999999982,0.0,0.0,0.0
151.06498136111006,-15.570495716621712,20.999999999999982,0.0,0.0,0.0
151.02848298992947,-15.244752428264453,20.99999999999999,0.0,0.0,0.0
150.99209754929498,-14.919003259840084,20.99999999999999,0.0,0.0,0.0
150.95582217640015,-14.593248360511431,20.99999999999999,0.0,0.0,0.0
150.9196540397341,-14.267487877803863,20.999999999999993,0.0,0.0,0.0
150.88359033814652,-13.94172195765453,20.999999999999996,0.0,0.0,0.0
150.8476282999312,-13.615950744460187,20.999999999999996,0.0,0.0,0.0
150.81176518192748,-13.290174381124597,21.000000000000004,0.0,0.0,0.0
150.77599826863943,-12.964393009104262,21.000000000000004,0.0,0.0,0.0
150.74032487137134,-12.638606768453911,21.0,0.0,0.0,0.0
150.7047423273799,-12.312815797871032,21.0,0.0,0.0,0.0
150.6692479990414,-11.987020234739198,21.0,0.0,0.0,0.0
150.63383927303437,-11.66122021517107,20.999999999999996,0.0,0.0,0.0
150.59851355953657,-11.335415874050309,21.000000000000004,0.0,0.0,0.0
150.5632682914356,-11.009607345073164,21.000000000000004,0.0,0.0,0.0
150.5281009235535,-10.683794760788695,21.000000000000004,0.0,0.0,0.0
150.49300893188337,-10.357978252638928,20.999999999999996,0.0,0.0,0.0
150.4579898128393,-10.032157950998274,21.0,0.0,0.0,0.0
150.42304108251733,-9.70633398521186,20.999999999999993,0.0,0.0,0.0
150.38816027596843,-9.380506483633788,20.999999999999993,0.0,0.0,0.0
150.35334494648214,-9.054675573664559,20.999999999999996,0.0,0.0,0.0
150.3185926648807,-8.728841381788177,21.0,0.0,0.0,0.0
150.28390101882334,-8.403004033608253,20.999999999999996,0.0,0.0,0.0
150.24926761212006,-8.077163653884021,20.99999999999999,0.0,0.0,0.0
150.21469006405476,-7.751320366565966,20.999999999999993,0.0,0.0,0.0
150.18016600871692,-7.425474294830427,20.99999999999999,0.0,0.0,0.0
150.1456930943419,-7.099625561114317,20.999999999999986,0.0,0.0,0.0
150.111268982659,-6.773774287149133,20.99999999999999,0.0,0.0,0.0
150.07689134824733,-6.447920593994823,20.999999999999993,0.0,0.0,0.0
150.04255787789853,-6.122064602072827,20.999999999999993,0.0,0.0,0.0
150.0082662699868,-5.7962064311992085,20.99999999999999,0.0,0.0,0.0
149.9740142338449,-5.47034620061718,20.999999999999993,0.0,0.0,0.0
149.9397994891467,-5.144484029029613,20.999999999999993,0.0,0.0,0.0
149.90561976529497,-4.818620034630711,20.999999999999993,0.0,0.0,0.0
149.87147280081504,-4.492754335137866,21.0,0.0,0.0,0.0
149.83735634275325,-4.166887047823307,20.999999999999993,0.0,0.0,0.0
149.80326814608003,-3.84101828954491,21.0,0.0,0.0,0.0
149.7692059730976,-3.515148176777443,21.0,0.0,0.0,0.0
149.73516759285135,-3.189276825643186,21.0,0.0,0.0,0.0
149.7011507805454,-2.8634043519427226,21.000000000000004,0.0,0.0,0.0
149.66715331696088,-2.5375308711849907,21.00000000000001,0.0,0.0,0.0
149.6331729878781,-2.211656498617727,21.000000000000004,0.0,0.0,0.0
149.59920758350052,-1.885781349257455,21.000000000000004,0.0,0.0,0.0
149.56525489788189,-1.5599055379196332,21.00000000000001,0.0,0.0,0.0
149.5313127283551,-1.2340291792481946,21.000000000000007,0.0,0.0,0.0
149.49737887496298,-0.908152387745443,21.00000000000001,0.0,0.0,0.0
149.46345113989048,-0.5822752778019089,21.00000000000001,0.0,0.0,0.0
149.42952732689795,-0.25639796372562246,21.000000000000007,0.0,0.0,0.0
149.3956052407556,0.06947944022811307,21.00000000000001,0.0,0.0,0.0
149.36168268667808,0.3953568198272593,21.000000000000007,0.0,0.0,0.0
149.3277574697596,0.7212340608333364,21.00000000000001,0.0,0.0,0.0
149.29382739440888,1.0471110489721958,21.000000000000018,0.0,0.0,0.0
149.25989026378375,1.37298766990432,21.00000000000001,0.0,0.0,0.0
149.22594387922513,1.6988638091950716,21.00000000000001,0.0,0.0,0.0
149.1919860396897,2.0247393522853843,21.00000000000001,0.0,0.0,0.0
149.15801454118187,2.350614184461842,21.00000000000001,0.0,0.0,0.0
149.12402717618352,2.676488190827001,21.000000000000007,0.0,0.0,0.0
149.09002173308224,3.002361256269275,21.000000000000007,0.0,0.0,0.0
149.05599599559707,3.328233265433267,21.0,0.0,0.0,0.0
149.02194774220203,3.654104102689393,21.000000000000007,0.0,0.0,0.0
148.98787474554626,3.9799736521037166,21.000000000000004,0.0,0.0,0.0
148.95377477187157,4.305841797407264,21.0,0.0,0.0,0.0
148.9196455804259,4.6317084219657,21.0,0.0,0.0,0.0
148.8854849228735,4.957573408748337,21.0,0.0,0.0,0.0
148.8512905427004,5.283436640296879,20.999999999999996,0.0,0.0,0.0
148.81706017461585,5.609297998694479,20.999999999999996,0.0,0.0,0.0
148.78279154394852,5.935157365533941,20.999999999999993,0.0,0.0,0.0
148.74848236603785,6.261014621886004,20.999999999999996,0.0,0.0,0.0
148.7141303456196,6.586869648267007,20.999999999999996,0.0,0.0,0.0
148.67973317620564,6.912722324606793,20.99999999999999,0.0,0.0,0.0
148.64528853945748,7.2385725302157145,20.99999999999999,0.0,0.0,0.0
148.6107941045532,7.5644201437516525,20.99999999999999,0.0,0.0,0.0
148.5762475275473,7.89026504318632,20.999999999999986,0.0,0.0,0.0
148.54164645072333,8.216107105771714,20.99999999999999,0.0,0.0,0.0
148.5069885019386,8.541946208005722,20.99999999999999,0.0,0.0,0.0
148.47227129396092,8.867782225597217,20.99999999999999,0.0,0.0,0.0
148.43749242379667,9.19361503343126,20.999999999999986,0.0,0.0,0.0
148.40264947201,9.519444505533272,20.999999999999986,0.0,0.0,0.0
148.36774000203266,9.845270515033022,20.999999999999986,0.0,0.0,0.0
148.33276155946388,10.171092934127778,20.999999999999986,0.0,0.0,0.0
148.2977116713602,10.496911634045496,20.999999999999986,0.0,0.0,0.0
148.2625878455146,10.822726485006912,20.99999999999999,0.0,0.0,0.0
148.22738756972436,11.148537356187068,20.99999999999999,0.0,0.0,0.0
148.19210831104743,11.474344115676713,20.99999999999999,0.0,0.0,0.0
148.1567475150467,11.80014663044255,20.999999999999996,0.0,0.0,0.0
148.1213026050216,12.125944766287084,20.999999999999993,0.0,0.0,0.0
148.08577098122677,12.451738387807588,20.999999999999996,0.0,0.0,0.0
148.050150020077,12.777527358354668,20.999999999999996,0.0,0.0,0.0
148.01443707333806,13.103311539989758,21.0,0.0,0.0,0.0
147.97862946730277,13.429090793442043,21.0,0.0,0.0,0.0
147.94272450195214,13.754864978064484,21.000000000000004,0.0,0.0,0.0
147.9067194501002,14.08063395178905,21.000000000000007,0.0,0.0,0.0
147.87061155652282,14.406397571081092,21.000000000000007,0.0,0.0,0.0
147.8343980370693,14.732155690892762,21.000000000000014,0.0,0.0,0.0
147.79807607775626,15.057908164615599,21.000000000000014,0.0,0.0,0.0
147.76164283384344,15.38365484403205,21.000000000000018,0.0,0.0,0.0
147.72509542889034,15.709395579266058,21.000000000000018,0.0,0.0,0.0
147.68843095379304,16.035130218732608,21.000000000000018,0.0,0.0,0.0
147.65164646580112,16.36085860908612,21.00000000000002,0.0,0.0,0.0
147.61473898751288,16.686580595167886,21.00000000000002,0.0,0.0,0.0
147.57770550584925,17.012296019952178,21.00000000000002,0.0,0.0,0.0
147.54054297100453,17.33800472449131,21.000000000000025,0.0,0.0,0.0
147.50324829537414,17.66370654785936,21.00000000000003,0.0,0.0,0.0
147.4658183524576,17.989401327094654,21.000000000000025,0.0,0.0,0.0
147.428249975737,18.31508889714093,21.000000000000025,0.0,0.0,0.0
147.3905399575287,18.640769090787142,21.00000000000003,0.0,0.0,0.0
147.35268504780854,18.96644173860578,21.00000000000003,0.0,0.0,0.0
147.3146819530091,19.292106668889776,21.00000000000003,0.0,0.0,0.0
147.27652733478806,19.617763707587883,21.000000000000025,0.0,0.0,0.0
147.23821780876636,19.943412678238445,21.000000000000025,0.0,0.0,0.0
147.19974994323587,20.269053401901562,21.00000000000003,0.0,0.0,0.0
147.1611202578348,20.59468569708955,21.00000000000002,0.0,0.0,0.0
147.12232522218977,20.92030937969564,21.00000000000002,0.0,0.0,0.0
147.08336125452385,21.245924262920916,21.00000000000002,0.0,0.0,0.0
147.0442247202289,21.571530157199295,21.000000000000018,0.0,0.0,0.0
147.0049119304011,21.89712687012064,21.000000000000014,0.0,0.0,0.0
146.96541914033844,22.22271420635182,21.000000000000018,0.0,0.0,0.0
146.92574254799868,22.54829196755567,21.00000000000001,0.0,0.0,0.0
146.88587829241663,22.87385995230787,21.00000000000001,0.0,0.0,0.0
146.84582245207906,23.199417956011516,21.000000000000007,0.0,0.0,0.0
146.8055710432557,23.524965770809363,21.000000000000007,0.0,0.0,0.0
146.76512001828507,23.85050318549379,21.0,0.0,0.0,0.0
146.72446526381344,24.17602998541411,21.000000000000007,0.0,0.0,0.0
146.68360259898478,24.50154595238149,21.0,0.0,0.0,0.0
146.6425277735807,24.827050864571046,20.999999999999993,0.0,0.0,0.0
146.60123646610802,25.152544496421292,20.999999999999993,0.0,0.0,0.0
146.5597242818323,25.47802661853064,20.999999999999993,0.0,0.0,0.0
146.51798675075537,25.803496997551076,20.99999999999999,0.0,0.0,0.0
146.4760193255348,26.1289553960785,20.999999999999986,0.0,0.0,0.0
146.433817379343,26.45440157254025,20.99999999999999,0.0,0.0,0.0
146.39137620366438,26.77983528107898,20.99999999999999,0.0,0.0,0.0
146.34869100602748,27.10525627143328,20.999999999999982,0.0,0.0,0.0
146.30575690767014,27.430664288814807,20.999999999999986,0.0,0.0,0.0
146.26256894113544,27.756059073781525,20.99999999999998,0.0,0.0,0.0
146.21912204779503,28.081440362107376,20.999999999999982,0.0,0.0,0.0
146.1754110752985,28.406807884647748,20.999999999999982,0.0,0.0,0.0
146.1314307749443,28.73216136720105,20.99999999999999,0.0,0.0,0.0
146.08717579897092,29.05750053036587,20.999999999999986,0.0,0.0,0.0
146.04264069776434,29.38282508939377,20.999999999999986,0.0,0.0,0.0
145.99781991697876,29.70813475403745,20.999999999999993,0.0,0.0,0.0
145.9527077945676,30.033429228394226,20.999999999999993,0.0,0.0,0.0
145.90729855772105,30.35870821074441,20.999999999999996,0.0,0.0,0.0
145.86158631970684,30.683971393384727,20.999999999999993,0.0,0.0,0.0
145.81556507661017,31.00921846245618,20.999999999999996,0.0,0.0,0.0
145.76922870396936,31.334449097766587,21.0,0.0,0.0,0.0
145.72257095330266,31.65966297260713,21.0,0.0,0.0,0.0
145.67558544852267,31.98485975356311,21.000000000000007,0.0,0.0,0.0
145.6282656822329,32.310039100318306,21.00000000000001,0.0,0.0,0.0
145.58060501190323,32.635200665452984,21.000000000000007,0.0,0.0,0.0
145.53259665591824,32.96034409423509,21.000000000000014,0.0,0.0,0.0
145.4842336894939,33.28546902440443,21.000000000000014,0.0,0.0,0.0
145.43550904045745,33.61057508594961,21.000000000000018,0.0,0.0,0.0
145.38641548488482,33.93566190087748,21.000000000000014,0.0,0.0,0.0
145.33694564258977,34.26072908297437,21.000000000000018,0.0,0.0,0.0
145.28709197245902,34.58577623755957,21.000000000000018,0.0,0.0,0.0
145.23684676762662,34.91080296122979,21.000000000000018,0.0,0.0,0.0
145.1862021504815,35.235808841595144,21.00000000000002,0.0,0.0,0.0
145.13515006750112,35.56079345700549,21.000000000000018,0.0,0.0,0.0
145.0836822839037,35.88575637626741,21.000000000000018,0.0,0.0,0.0
145.03179037811208,36.21069715835093,21.000000000000014,0.0,0.0,0.0
144.97946573602073,36.535615352085784,21.000000000000018,0.0,0.0,0.0
144.92669954505823,36.86051049584683,21.000000000000014,0.0,0.0,0.0
144.87348278803597,37.185382117227974,21.00000000000001,0.0,0.0,0.0
144.8198062367743,37.51022973270423,21.00000000000001,0.0,0.0,0.0
144.76566044549654,37.83505284728135,21.000000000000007,0.0,0.0,0.0
144.71103574398097,38.15985095413255,21.000000000000007,0.0,0.0,0.0
144.6559222304601,38.484623534221676,21.000000000000004,0.0,0.0,0.0
144.60030976425628,38.809370055912325,21.0,0.0,0.0,0.0
144.54418795814234,39.13408997456222,21.0,0.0,0.0,0.0
144.48754617041473,39.45878273210204,20.999999999999993,0.0,0.0,0.0
144.43037349666696,39.783447756598505,20.999999999999996,0.0,0.0,0.0
144.37265876124928,40.10808446180038,21.0,0.0,0.0,0.0
144.31439050840123,40.432692246667,21.000000000000004,0.0,0.0,0.0
144.2555569930419,40.75727049487852,21.0,0.0,0.0,0.0
144.19614617120243,41.08181857432682,21.000000000000007,0.0,0.0,0.0
144.1361456900846,41.40633583658649,21.000000000000007,0.0,0.0,0.0
144.0755428777279,41.730821616364686,21.00000000000001,0.0,0.0,0.0
144.01432473226754,42.055275230928935,21.000000000000018,0.0,0.0,0.0
143.95247791076403,42.37969597951211,21.00000000000002,0.0,0.0,0.0
143.88998871758415,42.70408314269302,21.00000000000003,0.0,0.0,0.0
143.82684309231269,43.02843598175195,21.000000000000036,0.0,0.0,0.0
143.76302659717226,43.35275373799962,21.00000000000004,0.0,0.0,0.0
143.69852440392773,43.67703563207825,21.000000000000036,0.0,0.0,0.0
143.6333212802509,44.00128086323382,21.00000000000003,0.0,0.0,0.0
143.56740157551886,44.325488608557464,21.000000000000018,0.0,0.0,0.0
