galstreams/tracks/track.st.Pegasus.perottoni2019.ecsv
# %ECSV 1.0
# ---
# datatype:
# - {name: ra, unit: deg, datatype: float64}
# - {name: dec, unit: deg, datatype: float64}
# - {name: distance, unit: kpc, datatype: float64}
# - {name: pm_ra_cosdec, unit: mas / yr, datatype: float64}
# - {name: pm_dec, unit: mas / yr, datatype: float64}
# - {name: radial_velocity, unit: km / s, datatype: float64}
# delimiter: ','
# meta: !!omap
# - __serialized_columns__:
#     dec:
#       __class__: astropy.coordinates.angles.Latitude
#       unit: &id001 !astropy.units.Unit {unit: deg}
#       value: !astropy.table.SerializedColumn {name: dec}
#     distance:
#       __class__: astropy.coordinates.distances.Distance
#       unit: !astropy.units.Unit {unit: kpc}
#       value: !astropy.table.SerializedColumn {name: distance}
#     pm_dec:
#       __class__: astropy.units.quantity.Quantity
#       unit: !astropy.units.Unit {unit: mas / yr}
#       value: !astropy.table.SerializedColumn {name: pm_dec}
#     pm_ra_cosdec:
#       __class__: astropy.units.quantity.Quantity
#       unit: !astropy.units.Unit {unit: mas / yr}
#       value: !astropy.table.SerializedColumn {name: pm_ra_cosdec}
#     ra:
#       __class__: astropy.coordinates.angles.Longitude
#       unit: *id001
#       value: !astropy.table.SerializedColumn {name: ra}
#       wrap_angle: !astropy.coordinates.Angle
#         unit: *id001
#         value: 360.0
#     radial_velocity:
#       __class__: astropy.units.quantity.Quantity
#       unit: !astropy.units.Unit {unit: km / s}
#       value: !astropy.table.SerializedColumn {name: radial_velocity}
# schema: astropy-2.0
ra,dec,distance,pm_ra_cosdec,pm_dec,radial_velocity
[from data line 474]
330.9780546034291,24.953461491905983,17.999999999999957,0.0,0.0,0.0
330.9839733468962,24.96190813109537,17.999999999999957,0.0,0.0,0.0
330.98989372332125,24.970354067862257,17.999999999999957,0.0,0.0,0.0
330.99581573341715,24.9787993018673,17.999999999999957,0.0,0.0,0.0
331.00173937789725,24.987243832771014,17.99999999999996,0.0,0.0,0.0
331.007664657475,24.995687660233727,17.999999999999957,0.0,0.0,0.0
331.01359157286396,25.004130783915596,17.99999999999996,0.0,0.0,0.0
331.019520124778,25.01257320347662,17.999999999999957,0.0,0.0,0.0
331.025450313931,25.021014918576647,17.99999999999996,0.0,0.0,0.0
331.0313821410373,25.029455928875336,17.999999999999957,0.0,0.0,0.0
331.0373156068111,25.03789623403218,17.999999999999957,0.0,0.0,0.0
331.04325071196706,25.04633583370651,17.999999999999957,0.0,0.0,0.0
331.0491874572199,25.054774727557493,17.99999999999996,0.0,0.0,0.0
331.05512584328443,25.06321291524413,17.999999999999957,0.0,0.0,0.0
331.0610658708759,25.071650396425234,17.999999999999957,0.0,0.0,0.0
331.0670075407095,25.080087170759462,17.999999999999957,0.0,0.0,0.0
331.0729508535007,25.08852323790532,17.999999999999957,0.0,0.0,0.0
331.0788958099652,25.09695859752113,17.999999999999957,0.0,0.0,0.0
331.08484241081885,25.10539324926503,17.999999999999957,0.0,0.0,0.0
331.09079065677764,25.113827192795025,17.999999999999957,0.0,0.0,0.0
331.0967405485579,25.122260427768904,17.999999999999957,0.0,0.0,0.0
331.1026920868758,25.130692953844335,17.999999999999957,0.0,0.0,0.0
331.10864527244814,25.139124770678784,17.999999999999957,0.0,0.0,0.0
331.1146001059916,25.14755587792956,17.99999999999996,0.0,0.0,0.0
331.12055658822317,25.155986275253813,17.999999999999957,0.0,0.0,0.0
331.12651471986,25.164415962308492,17.999999999999957,0.0,0.0,0.0
331.1324745016194,25.172844938750405,17.999999999999957,0.0,0.0,0.0
331.13843593421893,25.181273204236174,17.999999999999957,0.0,0.0,0.0
331.14439901837625,25.18970075842226,17.999999999999957,0.0,0.0,0.0
331.1503637548093,25.19812760096495,17.999999999999954,0.0,0.0,0.0
331.156330144236,25.20655373152036,17.999999999999954,0.0,0.0,0.0
331.16229818737486,25.214979149744433,17.999999999999957,0.0,0.0,0.0
331.16826788494416,25.223403855292936,17.999999999999957,0.0,0.0,0.0
331.1742392376626,25.231827847821485,17.999999999999954,0.0,0.0,0.0
331.180212246249,25.2402511269855,17.999999999999957,0.0,0.0,0.0
331.18618691142234,25.24867369244025,17.999999999999954,0.0,0.0,0.0
331.1921632339018,25.25709554384082,17.999999999999957,0.0,0.0,0.0
331.19814121440686,25.265516680842115,17.999999999999954,0.0,0.0,0.0
331.20412085365695,25.273937103098895,17.999999999999957,0.0,0.0,0.0
331.210102152372,25.28235681026572,17.999999999999957,0.0,0.0,0.0
331.2160851112718,25.290775801997,17.999999999999957,0.0,0.0,0.0
331.22206973107654,25.299194077946947,17.999999999999957,0.0,0.0,0.0
331.22805601250656,25.307611637769625,17.999999999999957,0.0,0.0,0.0
331.2340439562823,25.316028481118913,17.999999999999954,0.0,0.0,0.0
331.24003356312454,25.324444607648523,17.999999999999957,0.0,0.0,0.0
331.2460248337541,25.332860017011978,17.999999999999957,0.0,0.0,0.0
331.2520177688921,25.341274708862645,17.999999999999957,0.0,0.0,0.0
331.2580123692597,25.349688682853706,17.999999999999954,0.0,0.0,0.0
331.2640086355784,25.358101938638193,17.999999999999957,0.0,0.0,0.0
331.2700065685699,25.36651447586893,17.999999999999957,0.0,0.0,0.0
331.27600616895586,25.37492629419858,17.999999999999957,0.0,0.0,0.0
331.2820074374584,25.38333739327964,17.999999999999957,0.0,0.0,0.0
331.2880103747997,25.391747772764422,17.999999999999954,0.0,0.0,0.0
331.29401498170205,25.40015743230508,17.99999999999995,0.0,0.0,0.0
331.30002125888814,25.408566371553565,17.999999999999954,0.0,0.0,0.0
331.30602920708066,25.416974590161683,17.999999999999954,0.0,0.0,0.0
331.31203882700254,25.425382087781042,17.99999999999995,0.0,0.0,0.0
331.318050119377,25.43378886406309,17.999999999999947,0.0,0.0,0.0
331.32406308492716,25.442194918659073,17.99999999999995,0.0,0.0,0.0
331.33007772437674,25.450600251220102,17.999999999999957,0.0,0.0,0.0
331.33609403844935,25.459004861397105,17.99999999999995,0.0,0.0,0.0
331.34211202786884,25.46740874884079,17.999999999999954,0.0,0.0,0.0
331.34813169335933,25.475811913201728,17.999999999999954,0.0,0.0,0.0
331.3541530356451,25.484214354130312,17.99999999999995,0.0,0.0,0.0
331.3601760554505,25.492616071276753,17.99999999999995,0.0,0.0,0.0
331.3662007535002,25.501017064291066,17.999999999999954,0.0,0.0,0.0
331.3722271305191,25.509417332823134,17.999999999999954,0.0,0.0,0.0
331.3782551872321,25.51781687652261,17.999999999999947,0.0,0.0,0.0
331.3842849243645,25.52621569503901,17.999999999999954,0.0,0.0,0.0
331.3903163426416,25.534613788021655,17.999999999999954,0.0,0.0,0.0
331.396349442789,25.54301115511969,17.99999999999995,0.0,0.0,0.0
331.40238422553256,25.551407795982087,17.99999999999995,0.0,0.0,0.0
331.4084206915981,25.55980371025763,17.99999999999995,0.0,0.0,0.0
331.4144588417118,25.568198897594932,17.999999999999954,0.0,0.0,0.0
331.42049867660006,25.576593357642434,17.999999999999954,0.0,0.0,0.0
331.42654019698927,25.584987090048394,17.99999999999995,0.0,0.0,0.0
331.43258340360626,25.59338009446088,17.999999999999954,0.0,0.0,0.0
331.4386282971779,25.60177237052779,17.99999999999995,0.0,0.0,0.0
331.4446748784312,25.610163917896852,17.99999999999995,0.0,0.0,0.0
331.4507231480936,25.618554736215597,17.999999999999947,0.0,0.0,0.0
331.45677310689234,25.626944825131403,17.999999999999947,0.0,0.0,0.0
331.4628247555553,25.635334184291427,17.999999999999947,0.0,0.0,0.0
331.4688780948101,25.643722813342684,17.99999999999995,0.0,0.0,0.0
331.47493312538495,25.652110711932007,17.999999999999947,0.0,0.0,0.0
331.480989848008,25.660497879706018,17.999999999999943,0.0,0.0,0.0
331.48704826340764,25.668884316311186,17.99999999999995,0.0,0.0,0.0
331.49310837231246,25.677270021393802,17.99999999999995,0.0,0.0,0.0
331.49917017545135,25.685654994599954,17.999999999999947,0.0,0.0,0.0
331.5052336735532,25.694039235575566,17.999999999999947,0.0,0.0,0.0
331.5112988673472,25.702422743966384,17.999999999999947,0.0,0.0,0.0
331.5173657575627,25.710805519417956,17.999999999999947,0.0,0.0,0.0
331.5234343449292,25.71918756157566,17.99999999999995,0.0,0.0,0.0
331.5295046301765,25.727568870084703,17.999999999999947,0.0,0.0,0.0
331.5355766140345,25.735949444590087,17.999999999999947,0.0,0.0,0.0
331.54165029723333,25.744329284736647,17.999999999999947,0.0,0.0,0.0
331.5477256805033,25.75270839016904,17.999999999999947,0.0,0.0,0.0
331.5538027645748,25.761086760531725,17.999999999999947,0.0,0.0,0.0
331.55988155017866,25.769464395468994,17.999999999999947,0.0,0.0,0.0
331.5659620380457,25.77784129462495,17.999999999999947,0.0,0.0,0.0
331.5720442289069,25.786217457643513,17.999999999999947,0.0,0.0,0.0
331.57812812349374,25.794592884168416,17.99999999999995,0.0,0.0,0.0
331.58421372253736,25.802967573843222,17.99999999999995,0.0,0.0,0.0
331.5903010267696,25.811341526311303,17.99999999999995,0.0,0.0,0.0
331.59639003692223,25.81971474121584,17.999999999999943,0.0,0.0,0.0
331.60248075372726,25.828087218199848,17.99999999999995,0.0,0.0,0.0
331.60857317791687,25.836458956906135,17.999999999999947,0.0,0.0,0.0
331.6146673102235,25.844829956977353,17.999999999999947,0.0,0.0,0.0
331.62076315137966,25.853200218055942,17.999999999999947,0.0,0.0,0.0
331.6268607021182,25.86156973978418,17.99999999999995,0.0,0.0,0.0
331.6329599631721,25.869938521804162,17.999999999999947,0.0,0.0,0.0
331.63906093527436,25.87830656375777,17.999999999999947,0.0,0.0,0.0
331.6451636191585,25.886673865286724,17.999999999999947,0.0,0.0,0.0
331.65126801555795,25.89504042603256,17.999999999999943,0.0,0.0,0.0
331.65737412520645,25.903406245636624,17.999999999999943,0.0,0.0,0.0
331.66348194883795,25.911771323740073,17.999999999999943,0.0,0.0,0.0
331.6695914871866,25.92013565998388,17.999999999999943,0.0,0.0,0.0
331.6757027409866,25.92849925400883,17.999999999999943,0.0,0.0,0.0
331.68181571097244,25.93686210545554,17.999999999999943,0.0,0.0,0.0
331.6879303978788,25.945224213964426,17.999999999999947,0.0,0.0,0.0
331.69404680244065,25.95358557917571,17.999999999999947,0.0,0.0,0.0
331.700164925393,25.96194620072944,17.999999999999947,0.0,0.0,0.0
331.706284767471,25.970306078265477,17.999999999999947,0.0,0.0,0.0
331.7124063294102,25.978665211423493,17.999999999999943,0.0,0.0,0.0
331.71852961194617,25.98702359984297,17.999999999999947,0.0,0.0,0.0
331.7246546158148,25.995381243163216,17.999999999999943,0.0,0.0,0.0
331.73078134175205,26.003738141023327,17.999999999999943,0.0,0.0,0.0
331.7369097904941,26.012094293062237,17.999999999999947,0.0,0.0,0.0
331.74303996277746,26.02044969891868,17.999999999999943,0.0,0.0,0.0
331.74917185933856,26.028804358231202,17.999999999999943,0.0,0.0,0.0
331.75530548091433,26.03715827063816,17.999999999999943,0.0,0.0,0.0
331.7614408282416,26.04551143577773,17.999999999999943,0.0,0.0,0.0
331.7675779020576,26.053863853287908,17.999999999999943,0.0,0.0,0.0
331.7737167030997,26.06221552280647,17.999999999999947,0.0,0.0,0.0
331.77985723210537,26.07056644397103,17.999999999999947,0.0,0.0,0.0
331.7859994898124,26.078916616419008,17.999999999999943,0.0,0.0,0.0
331.7921434769587,26.087266039787632,17.999999999999943,0.0,0.0,0.0
331.7982891942824,26.095614713713942,17.999999999999943,0.0,0.0,0.0
331.80443664252175,26.10396263783479,17.99999999999994,0.0,0.0,0.0
331.8105858224153,26.112309811786837,17.99999999999994,0.0,0.0,0.0
331.81673673470175,26.12065623520655,17.99999999999994,0.0,0.0,0.0
331.82288938012,26.12900190773022,17.99999999999994,0.0,0.0,0.0
331.829043759409,26.137346828993923,17.999999999999943,0.0,0.0,0.0
331.8351998733081,26.145690998633576,17.99999999999994,0.0,0.0,0.0
331.8413577225568,26.154034416284883,17.999999999999943,0.0,0.0,0.0
331.84751730789463,26.162377081583365,17.99999999999994,0.0,0.0,0.0
331.85367863006155,26.170718994164353,17.999999999999943,0.0,0.0,0.0
331.8598416897975,26.17906015366298,17.999999999999943,0.0,0.0,0.0
331.86600648784275,26.187400559714202,17.999999999999943,0.0,0.0,0.0
331.8721730249377,26.195740211952764,17.99999999999994,0.0,0.0,0.0
331.8783413018229,26.204079110013243,17.99999999999994,0.0,0.0,0.0
331.8845113192392,26.212417253530003,17.999999999999936,0.0,0.0,0.0
331.89068307792763,26.22075464213724,17.99999999999994,0.0,0.0,0.0
331.89685657862935,26.22909127546892,17.999999999999943,0.0,0.0,0.0
331.9030318220857,26.237427153158862,17.999999999999943,0.0,0.0,0.0
331.90920880903826,26.245762274840647,17.999999999999943,0.0,0.0,0.0
331.9153875402287,26.25409664014772,17.999999999999943,0.0,0.0,0.0
331.92156801639914,26.26243024871326,17.99999999999994,0.0,0.0,0.0
331.9277502382916,26.27076310017033,17.999999999999936,0.0,0.0,0.0
331.9339342066485,26.279095194151747,17.99999999999994,0.0,0.0,0.0
331.9401199222122,26.287426530290155,17.999999999999936,0.0,0.0,0.0
331.9463073857256,26.295757108217998,17.999999999999936,0.0,0.0,0.0
331.95249659793154,26.304086927567525,17.99999999999994,0.0,0.0,0.0
331.9586875595731,26.3124159879708,17.999999999999936,0.0,0.0,0.0
331.96488027139355,26.320744289059693,17.99999999999994,0.0,0.0,0.0
331.97107473413644,26.32907183046587,17.999999999999936,0.0,0.0,0.0
331.97727094854537,26.33739861182081,17.99999999999994,0.0,0.0,0.0
331.9834689153643,26.345724632755786,17.999999999999936,0.0,0.0,0.0
331.9896686353373,26.354049892901898,17.999999999999936,0.0,0.0,0.0
331.9958701092085,26.362374391890047,17.999999999999936,0.0,0.0,0.0
332.00207333772244,26.370698129350902,17.999999999999932,0.0,0.0,0.0
332.0082783216238,26.37902110491499,17.999999999999932,0.0,0.0,0.0
332.0144850616573,26.387343318212604,17.999999999999936,0.0,0.0,0.0
332.020693558568,26.39566476887387,17.999999999999932,0.0,0.0,0.0
332.0269038131011,26.403985456528687,17.999999999999936,0.0,0.0,0.0
332.0331158260021,26.412305380806785,17.99999999999993,0.0,0.0,0.0
332.03932959801654,26.420624541337684,17.999999999999932,0.0,0.0,0.0
332.04554512989023,26.42894293775071,17.999999999999932,0.0,0.0,0.0
332.0517624223691,26.437260569675008,17.999999999999932,0.0,0.0,0.0
332.0579814761994,26.445577436739487,17.999999999999936,0.0,0.0,0.0
332.06420229212745,26.453893538572906,17.999999999999932,0.0,0.0,0.0
332.0704248708999,26.462208874803785,17.99999999999993,0.0,0.0,0.0
332.07664921326335,26.470523445060497,17.99999999999993,0.0,0.0,0.0
332.0828753199649,26.478837248971157,17.99999999999993,0.0,0.0,0.0
332.0891031917517,26.487150286163722,17.99999999999993,0.0,0.0,0.0
332.095332829371,26.49546255626596,17.99999999999993,0.0,0.0,0.0
332.10156423357023,26.503774058905396,17.999999999999932,0.0,0.0,0.0
332.1077974050974,26.5120847937094,17.99999999999993,0.0,0.0,0.0
332.1140323447002,26.520394760305127,17.999999999999932,0.0,0.0,0.0
332.1202690531267,26.52870395831953,17.99999999999993,0.0,0.0,0.0
332.1265075311254,26.53701238737937,17.99999999999993,0.0,0.0,0.0
332.1327477794447,26.5453200471112,17.99999999999993,0.0,0.0,0.0
332.1389897988333,26.55362693714139,17.999999999999925,0.0,0.0,0.0
332.14523359004,26.56193305709611,17.99999999999993,0.0,0.0,0.0
332.1514791538139,26.5702384066013,17.99999999999993,0.0,0.0,0.0
332.1577264909043,26.578542985282738,17.99999999999993,0.0,0.0,0.0
332.16397560206065,26.586846792765975,17.99999999999993,0.0,0.0,0.0
332.17022648803265,26.595149828676384,17.99999999999993,0.0,0.0,0.0
332.17647914957,26.603452092639117,17.99999999999993,0.0,0.0,0.0
332.18273358742294,26.61175358427915,17.999999999999925,0.0,0.0,0.0
332.18898980234155,26.620054303221238,17.999999999999925,0.0,0.0,0.0
332.1952477950763,26.62835424908995,17.999999999999925,0.0,0.0,0.0
332.2015075663778,26.636653421509624,17.999999999999925,0.0,0.0,0.0
332.20776911699676,26.644951820104446,17.999999999999925,0.0,0.0,0.0
332.2140324476844,26.65324944449836,17.999999999999925,0.0,0.0,0.0
332.22029755919175,26.661546294315123,17.999999999999922,0.0,0.0,0.0
332.2265644522703,26.66984236917828,17.99999999999992,0.0,0.0,0.0
332.23283312767154,26.678137668711212,17.99999999999992,0.0,0.0,0.0
332.2391035861473,26.68643219253704,17.99999999999992,0.0,0.0,0.0
332.24537582844954,26.69472594027874,17.99999999999992,0.0,0.0,0.0
332.25164985533047,26.703018911559045,17.99999999999992,0.0,0.0,0.0
332.25792566754234,26.71131110600049,17.99999999999992,0.0,0.0,0.0
332.26420326583775,26.71960252322544,17.999999999999915,0.0,0.0,0.0
332.2704826509695,26.727893162856013,17.999999999999915,0.0,0.0,0.0
332.27676382369043,26.736183024514155,17.99999999999992,0.0,0.0,0.0
332.2830467847537,26.744472107821586,17.99999999999992,0.0,0.0,0.0
332.2893315349127,26.75276041239986,17.99999999999992,0.0,0.0,0.0
332.29561807492087,26.761047937870284,17.99999999999992,0.0,0.0,0.0
332.30190640553195,26.769334683853973,17.999999999999915,0.0,0.0,0.0
332.3081965274999,26.777620649971865,17.99999999999991,0.0,0.0,0.0
332.31448844157865,26.785905835844662,17.999999999999915,0.0,0.0,0.0
332.32078214852265,26.79419024109287,17.99999999999991,0.0,0.0,0.0
332.3270776490864,26.802473865336797,17.99999999999991,0.0,0.0,0.0
332.33337494402446,26.81075670819655,17.99999999999991,0.0,0.0,0.0
332.33967403409173,26.819038769292014,17.999999999999908,0.0,0.0,0.0
332.3459749200433,26.82732004824288,17.99999999999991,0.0,0.0,0.0
332.35227760263444,26.835600544668637,17.99999999999991,0.0,0.0,0.0
332.35858208262067,26.843880258188562,17.99999999999991,0.0,0.0,0.0
332.36488836075745,26.85215918842173,17.99999999999991,0.0,0.0,0.0
332.3711964378008,26.860437334987004,17.999999999999904,0.0,0.0,0.0
332.3775063145066,26.868714697503062,17.999999999999904,0.0,0.0,0.0
332.3838179916313,26.87699127558833,17.999999999999908,0.0,0.0,0.0
332.390131469931,26.88526706886108,17.999999999999904,0.0,0.0,0.0
332.3964467501627,26.89354207693935,17.999999999999904,0.0,0.0,0.0
332.4027638330829,26.90181629944098,17.9999999999999,0.0,0.0,0.0
332.4090827194487,26.910089735983586,17.9999999999999,0.0,0.0,0.0
332.4154034100173,26.9183623861846,17.9999999999999,0.0,0.0,0.0
