galstreams/tracks/track.st.New-8.ibata2024.ecsv
# %ECSV 1.0
# ---
# datatype:
# - {name: ra, unit: deg, datatype: float64}
# - {name: dec, unit: deg, datatype: float64}
# - {name: distance, unit: kpc, datatype: float64}
# - {name: pm_ra_cosdec, unit: mas / yr, datatype: float64}
# - {name: pm_dec, unit: mas / yr, datatype: float64}
# - {name: radial_velocity, unit: km / s, datatype: float64}
# delimiter: ','
# meta: !!omap
# - __serialized_columns__:
#     dec:
#       __class__: astropy.coordinates.angles.Latitude
#       unit: &id001 !astropy.units.Unit {unit: deg}
#       value: !astropy.table.SerializedColumn {name: dec}
#     distance:
#       __class__: astropy.coordinates.distances.Distance
#       unit: !astropy.units.Unit {unit: kpc}
#       value: !astropy.table.SerializedColumn {name: distance}
#     pm_dec:
#       __class__: astropy.units.quantity.Quantity
#       unit: !astropy.units.Unit {unit: mas / yr}
#       value: !astropy.table.SerializedColumn {name: pm_dec}
#     pm_ra_cosdec:
#       __class__: astropy.units.quantity.Quantity
#       unit: !astropy.units.Unit {unit: mas / yr}
#       value: !astropy.table.SerializedColumn {name: pm_ra_cosdec}
#     ra:
#       __class__: astropy.coordinates.angles.Longitude
#       unit: *id001
#       value: !astropy.table.SerializedColumn {name: ra}
#       wrap_angle: !astropy.coordinates.Angle
#         unit: *id001
#         value: 360.0
#     radial_velocity:
#       __class__: astropy.units.quantity.Quantity
#       unit: !astropy.units.Unit {unit: km / s}
#       value: !astropy.table.SerializedColumn {name: radial_velocity}
# schema: astropy-2.0
ra,dec,distance,pm_ra_cosdec,pm_dec,radial_velocity
[from data line 142]
142.5031155174063,35.43602222561135,0.9999999999999996,-41.6218966716322,-47.6427715097677,1129.4335903339356
142.50601743653166,35.42155797749248,0.9999999999999994,-41.62581031896576,-47.62872546844473,1128.47881326099
142.50898868488358,35.407106861752,0.9999999999999996,-41.6301582941895,-47.61497844845411,1127.4774286543302
142.51202906504582,35.39266884243204,0.9999999999999994,-41.63494163754456,-47.60152847933806,1126.4302844251413
142.5151383798314,35.37824388347636,0.9999999999999994,-41.64016139070743,-47.58837358856087,1125.33822848461
142.51831643228155,35.363831948731466,0.9999999999999996,-41.64581859676643,-47.57551180151371,1124.202108743915
142.52156302566456,35.349433001947936,0.9999999999999994,-41.651914300197774,-47.5629411415193,1123.0227731142475
142.52487796347495,35.335047006781586,0.9999999999999994,-41.65844954684252,-47.55065962983588,1121.8010695067892
142.52826104943216,35.32067392679459,0.9999999999999996,-41.66542538388252,-47.53866528566185,1120.5378458327175
142.53171208747963,35.30631372545683,0.9999999999999994,-41.67284285981769,-47.52695612614076,1119.2339500032244
142.5352308817838,35.29196636614697,0.9999999999999996,-41.68070302444261,-47.51553016636525,1117.8902299294948
142.53881723673294,35.27763181215369,0.9999999999999996,-41.68900692882346,-47.50438541938182,1116.5075335227116
142.54247095693617,35.263310026676834,0.9999999999999997,-41.69775562527522,-47.493519896195636,1115.086708694054
142.5461918472225,35.24900097282862,0.9999999999999996,-41.706950167338945,-47.48293160577485,1113.6286033547128
142.54997971263978,35.23470461363478,0.9999999999999994,-41.716591609759206,-47.47261855505519,1112.1340654158646
142.55383435845349,35.220420912035756,0.9999999999999996,-41.72668100846107,-47.46257874894491,1110.603942788697
142.55775559014597,35.20614983088781,0.9999999999999996,-41.73721942052829,-47.452810190329046,1109.0390833843956
142.56174321341533,35.191891332964204,0.9999999999999994,-41.748207904180916,-47.44331088007441,1107.440335114148
142.56579703417438,35.17764538095636,0.9999999999999996,-41.7596475187531,-47.434078817034205,1105.8085458891308
142.56991685854962,35.16341193747497,0.9999999999999996,-41.77153932467077,-47.425111998052685,1104.1445636205315
142.57410249288034,35.14919096505114,0.9999999999999997,-41.783884383430376,-47.41640841796982,1102.4492362195342
142.57835374371757,35.13498242613751,0.9999999999999997,-41.796683757576744,-47.4079660696262,1100.7234115973222
142.58267041782295,35.120786283109446,0.9999999999999993,-41.80993851068128,-47.39978294386795,1098.9679376650834
142.58705232216806,35.10660249826602,0.9999999999999996,-41.82364970732098,-47.39185702955092,1097.1836623339984
142.59149926393306,35.092431033831275,0.9999999999999996,-41.83781841305654,-47.38418631354628,1095.3714335152488
142.59601105050604,35.078271851955236,0.9999999999999994,-41.85244569441136,-47.376768780744996,1093.5320991200256
142.6005874894818,35.064124914715016,0.9999999999999997,-41.867532618850404,-47.369602414062484,1091.6665070595077
142.60522838866095,35.04999018411598,0.9999999999999996,-41.88308025475902,-47.36268519444387,1089.775505244877
142.6099335560491,35.03586762209277,0.9999999999999996,-41.899089671422146,-47.35601510086872,1087.8599415873246
142.61470279985565,35.021757190510414,0.9999999999999994,-41.91556193900361,-47.34959011035602,1085.9206639980343
142.61953592849292,35.00765885116542,0.9999999999999997,-41.93249812852525,-47.3434081979689,1083.9585203881795
142.62443275057532,34.99357256578681,0.9999999999999997,-41.94989931184669,-47.33746733682001,1081.9743586689617
142.62939307491826,34.979498296037264,0.9999999999999994,-41.96776656164474,-47.331765498076194,1079.9690267515468
142.63441671053715,34.9654360035141,0.9999999999999996,-41.98610095139311,-47.3263006509636,1077.9433725471315
142.63950346664672,34.95138564975037,0.9999999999999994,-42.004903555342324,-47.321070762772635,1075.898243966896
142.64465315265969,34.93734719621596,0.9999999999999996,-42.02417544849931,-47.31607379886327,1073.8344889220223
142.64986557818625,34.92332060431856,0.9999999999999994,-42.04391770660824,-47.311307722669824,1071.752955323698
142.65514055303285,34.90930583540475,0.9999999999999994,-42.064131406130016,-47.30677049570622,1069.6544910831067
142.66047788720132,34.89530285076107,0.9999999999999996,-42.08481762422268,-47.3024600775711,1067.5399441114291
142.66587739088808,34.881311611614976,0.9999999999999996,-42.105977438722334,-47.29837442595293,1065.4101623198544
142.67133887448307,34.86733207913593,0.9999999999999996,-42.127611928123,-47.29451149663514,1063.265993619561
142.67686214856883,34.85336421443639,0.9999999999999996,-42.149722171557585,-47.290869243501476,1061.1082859217363
142.68244702391988,34.83940797857287,0.9999999999999994,-42.172309248779115,-47.28744561854094,1058.93788713757
142.68809331150132,34.825463332546946,0.9999999999999997,-42.19537424014072,-47.284238571853436,1056.75564517824
142.6938008224684,34.811530237306165,0.9999999999999996,-42.21891822657733,-47.28124605165452,1054.5624079549268
142.69956936816533,34.79760865374521,0.9999999999999994,-42.24294228958668,-47.278466004281015,1052.359023378818
142.70539876012452,34.78369854270678,0.9999999999999996,-42.26744751121031,-47.27589637419641,1050.1463393611004
142.71128881006564,34.769799864982645,0.9999999999999996,-42.292434974015194,-47.273535103995826,1047.9252038129575
142.71723932989474,34.7559125813146,0.9999999999999996,-42.317905761075224,-47.271380134411714,1045.6964646455706
142.72325013170345,34.742036652395434,0.9999999999999997,-42.34386095595259,-47.26942940431887,1043.460969770129
142.72932102776792,34.728172038869985,0.9999999999999994,-42.37030164267975,-47.26768085074035,1041.219567097807
142.7354518305482,34.714318701336026,0.9999999999999994,-42.3972289057408,-47.26613240885233,1038.9731045397982
142.74164235268714,34.7004766003453,0.9999999999999994,-42.42464383005421,-47.26478201198995,1036.722430007281
142.7478924070096,34.68664569640441,0.9999999999999996,-42.452547500953784,-47.263627591652664,1034.4683914114446
142.7542018065217,34.672825949975895,0.9999999999999994,-42.48094100417214,-47.26266707750955,1032.2118366634709
142.76057036440994,34.659017321479034,0.9999999999999996,-42.50982542582183,-47.26189839740513,1029.953613674541
142.76699789404006,34.645219771290925,0.9999999999999997,-42.539201852378255,-47.26131947736475,1027.6945703558447
142.7734842089566,34.63143325974737,0.9999999999999996,-42.56907137066217,-47.2609282416002,1025.4355546185616
142.7800291228819,34.61765774714381,0.9999999999999996,-42.599435067822455,-47.260722612515124,1023.1774143738763
142.7866324497151,34.60389319373628,0.9999999999999994,-42.6302940313183,-47.26070051071089,1020.920997532974
142.79329400353154,34.590139559742354,0.9999999999999996,-42.661649348902586,-47.260859854992106,1018.6671520070411
142.8000135985819,34.57639680534199,0.9999999999999996,-42.693502108604704,-47.26119856237217,1016.41672570726
142.80679104929112,34.562664890678604,0.9999999999999996,-42.72585339871347,-47.26171454807931,1014.1705665448133
142.81362617025792,34.54894377585979,0.9999999999999996,-42.75870430776031,-47.26240572556182,1011.9295224308805
142.82051877625383,34.5352334209584,0.9999999999999994,-42.792055924503074,-47.26327000649398,1009.6944412766568
142.8274686822223,34.52153378601337,0.9999999999999997,-42.825909337908485,-47.26430530078213,1007.4661709933167
142.83447570327797,34.50784483103062,0.9999999999999994,-42.86026563713662,-47.26550951656981,1005.2455594920538
142.8415396547059,34.494166515983984,0.9999999999999994,-42.89512591152375,-47.26688056024433,1003.0334546840454
142.84866035196075,34.48049880081607,0.9999999999999996,-42.93049125056676,-47.268416336441774,1000.8307044804785
142.85583761066587,34.466841645439175,0.9999999999999994,-42.96636274390637,-47.270114748053544,998.6381567925307
142.86307124661263,34.45319500973616,0.9999999999999996,-43.0027414813115,-47.27197369623188,996.4566595313952
142.87036107575966,34.43955885356132,0.9999999999999996,-43.039628552663416,-47.273991080395845,994.2870606082485
142.8777069142319,34.42593313674125,0.9999999999999996,-43.077025047939216,-47.27616479823725,992.1302079342838
142.88510857832,34.412317819075774,0.9999999999999994,-43.11493205719701,-47.278492745726695,989.9869494206756
142.89256588447935,34.3987128603387,0.9999999999999996,-43.15335067055962,-47.28097281711922,987.8581329786173
142.90007864932952,34.385118220278784,0.9999999999999996,-43.192281978199574,-47.28360290496079,985.7446065192813
142.90764668965332,34.37153385862056,0.9999999999999994,-43.231727070323274,-47.286380900093945,983.6472179538575
142.91526982239614,34.357959735065144,0.9999999999999994,-43.27168703715601,-47.28930469166394,981.5668151935349
142.92294786466508,34.34439580929115,0.9999999999999996,-43.31216296892656,-47.29237216712494,979.5042461494974
142.93068063372834,34.33084204095545,0.9999999999999994,-43.353155955852614,-47.295581212245814,977.4603587329219
142.93846794701432,34.31729838969414,0.9999999999999994,-43.394667088124905,-47.29892971111684,975.4360008549969
142.94630962211093,34.303764815123195,0.9999999999999993,-43.43669745589325,-47.302415546155046,973.432020426904
142.95420547676486,34.29024127683948,0.9999999999999996,-43.479248149251234,-47.306036598111156,971.4492653598244
142.9621553288808,34.27672773442147,0.9999999999999993,-43.522320258221896,-47.309790746075215,969.4885835649508
142.97015899652078,34.26322414743005,0.9999999999999993,-43.56591487274281,-47.31367586748309,967.5508229534641
142.97821629790332,34.24973047540944,0.9999999999999994,-43.610033082652265,-47.31768983812267,965.6368314365499
142.98632705140278,34.23624667788789,0.9999999999999994,-43.65467597767412,-47.32183053214011,963.7474569253897
142.9944910755486,34.22277271437855,0.9999999999999993,-43.69984464740435,-47.3260958220461,961.8835473311682
143.00270818902456,34.20930854438028,0.9999999999999993,-43.74554018129622,-47.3304835787223,960.0459505650648
143.01097821066818,34.19585412737841,0.9999999999999993,-43.79176366864711,-47.33499167142754,958.2355145382659
143.01930095946975,34.182409422845566,0.9999999999999996,-43.83851619858365,-47.339617967804216,956.4530871619679
143.0276762545719,34.16897439024243,0.9999999999999994,-43.88579886004865,-47.34436033388469,954.6995163473384
143.03610391526877,34.155548989018556,0.9999999999999993,-43.93361274178717,-47.3492166340978,952.9756500055735
143.04458376100524,34.14213317861315,0.9999999999999996,-43.9819589323327,-47.35418473127523,951.2823360478449
143.05311561137634,34.128726918455804,0.9999999999999993,-44.03083851999389,-47.35926248665782,949.620422385347
143.06169928612647,34.115330167967336,0.9999999999999994,-44.08025259284122,-47.36444775990239,947.9907569292551
143.07033460514882,34.10194288656049,0.9999999999999993,-44.130202238693656,-47.36973840908791,946.3941875907655
143.07902138848453,34.08856503364075,0.9999999999999994,-44.18068854510511,-47.37513229072225,944.8315622810566
143.0877594563221,34.07519656860709,0.9999999999999994,-44.23171259935188,-47.38062725974873,943.3037289113124
143.0965486289967,34.06183745085273,0.9999999999999993,-44.28327548841936,-47.38622116955267,941.8115353927076
143.1053887269895,34.04848763976586,0.9999999999999994,-44.335378298989426,-47.391911871967885,940.3558296364406
143.11427957092693,34.035147094730405,0.9999999999999994,-44.38802211742713,-47.397697217283486,938.9374595536915
143.1232209815801,34.02181577512681,0.9999999999999993,-44.4412080297686,-47.40357505425051,937.5572730556413
143.132212779864,34.00849364033272,0.9999999999999994,-44.494937121708105,-47.40954323008862,936.2161180534729
143.14125478683712,33.99518064972373,0.9999999999999993,-44.54921047858576,-47.41559959049261,934.9148424583777
143.1503468237004,33.981876762674126,0.9999999999999994,-44.6040291853752,-47.42174197963941,933.6542941815329
143.15948871179688,33.96858193855761,0.9999999999999994,-44.659394326670935,-47.427968240194694,932.4353211341237
143.16868027261089,33.95529613674805,0.9999999999999994,-44.71530698667662,-47.434276213319876,931.2587712273358
143.17792132776748,33.94201931662015,0.9999999999999994,-44.77176824919279,-47.44066373867847,930.1254923723569
143.18721169903174,33.92875143755017,0.9999999999999993,-44.8287791976048,-47.44712865444321,929.0363324803635
143.19655120830816,33.91549245891667,0.9999999999999994,-44.8863409148711,-47.45366879730311,927.9921394625452
143.20593967764003,33.90224234010122,0.9999999999999992,-44.94445448351145,-47.46028200247008,926.9937612300831
143.2153769292087,33.889001040489035,0.9999999999999994,-45.00312098559505,-47.466966103685564,926.0420456941663
143.22486278533313,33.87576851946976,0.9999999999999993,-45.06234150272935,-47.47371893322806,925.1378407659703
143.2343970684691,33.86254473643811,0.9999999999999994,-45.12211711604819,-47.48053832191968,924.2819943566865
143.24397960120862,33.8493296507946,0.9999999999999993,-45.18244890620055,-47.48742209913329,923.4753543774984
143.25361020627943,33.83612322194616,0.9999999999999992,-45.243337953339335,-47.494368092799306,922.718768739587
143.26328870654416,33.822925409306904,0.9999999999999993,-45.30478533711013,-47.50137412941295,922.0130853541375
143.27301492499998,33.80973617229876,0.9999999999999994,-45.3667921366403,-47.50843803404117,921.3591521323358
143.28278868477776,33.79655547035216,0.9999999999999994,-45.4293594305274,-47.51555763032976,920.7578169853638
143.29260980914165,33.783383262906696,0.9999999999999993,-45.492488296829336,-47.52273074051038,920.2099278244056
143.30247812148826,33.770219509411795,0.9999999999999993,-45.55617981305234,-47.52995518540777,919.7163325606467
143.31239344534643,33.7570641693274,0.9999999999999992,-45.620435056141474,-47.53722878444682,919.2778791052713
143.32235560437616,33.74391720212458,0.9999999999999991,-45.685255102469085,-47.544549355659676,918.8954153694627
143.33236442236839,33.730778567286265,0.9999999999999993,-45.75064102782477,-47.55191471569321,918.5697892644075
143.3424197232443,33.71764822430782,0.9999999999999993,-45.816593907405036,-47.559322679815885,918.3018487012829
143.35252133105456,33.70452613269772,0.9999999999999993,-45.88311481580254,-47.566771061925095,918.0924415912849
143.3626690699791,33.691412251978214,0.9999999999999992,-45.95020482699644,-47.57425767455466,917.9424158455857
143.3728627643262,33.678306541685934,0.9999999999999992,-46.01786501434195,-47.58178032888172,917.8526193753729
143.38310223853208,33.665208961372535,0.9999999999999992,-46.08609645056042,-47.58933683473431,917.8239000918381
143.39338731716032,33.65211947060538,0.9999999999999992,-46.1549002077293,-47.596925000598624,917.8571059061537
143.40371782490126,33.639038028968045,0.9999999999999993,-46.22427735727241,-47.60454263362625,917.9530847295099
143.41409358657143,33.62596459606112,0.9999999999999992,-46.29422896995024,-47.61218753964192,918.1126844730895
143.42451442711302,33.61289913150265,0.9999999999999992,-46.36475611585033,-47.61985752315039,918.3367530480807
143.4349801715933,33.599841594928876,0.9999999999999992,-46.435859864377406,-47.62755038734407,918.6261383656621
143.4454906452042,33.5867919459948,0.9999999999999993,-46.507541284244596,-47.6352639341107,918.9816883370199
143.45604567326137,33.57375014437479,0.9999999999999993,-46.57980144346327,-47.64299596404055,919.4042508733418
143.4666450812042,33.56071614976321,0.9999999999999993,-46.65264140933451,-47.65074427643393,919.8946738858064
143.4772886945948,33.547689921875005,0.9999999999999993,-46.72606224843922,-47.658506669308764,920.4538052855985
143.48797633911767,33.534671420446294,0.9999999999999993,-46.80006502662992,-47.66628093940824,921.082492983905
143.4987078405792,33.52166060523499,0.9999999999999993,-46.87465080902088,-47.67406488220807,921.7815848919071
