galstreams/tracks/track.st.Aquarius.williams2011.ecsv
# %ECSV 0.9
# ---
# datatype:
# - {name: ra, unit: deg, datatype: float64}
# - {name: dec, unit: deg, datatype: float64}
# - {name: distance, unit: kpc, datatype: float64}
# - {name: pm_ra_cosdec, unit: mas / yr, datatype: float64}
# - {name: pm_dec, unit: mas / yr, datatype: float64}
# - {name: radial_velocity, unit: km / s, datatype: float64}
# delimiter: ','
# meta: !!omap
# - __serialized_columns__:
#     dec:
#       __class__: astropy.coordinates.angles.Latitude
#       unit: &id001 !astropy.units.Unit {unit: deg}
#       value: !astropy.table.SerializedColumn {name: dec}
#     distance:
#       __class__: astropy.coordinates.distances.Distance
#       unit: !astropy.units.Unit {unit: kpc}
#       value: !astropy.table.SerializedColumn {name: distance}
#     pm_dec:
#       __class__: astropy.units.quantity.Quantity
#       unit: !astropy.units.Unit {unit: mas / yr}
#       value: !astropy.table.SerializedColumn {name: pm_dec}
#     pm_ra_cosdec:
#       __class__: astropy.units.quantity.Quantity
#       unit: !astropy.units.Unit {unit: mas / yr}
#       value: !astropy.table.SerializedColumn {name: pm_ra_cosdec}
#     ra:
#       __class__: astropy.coordinates.angles.Longitude
#       unit: *id001
#       value: !astropy.table.SerializedColumn {name: ra}
#       wrap_angle: !astropy.coordinates.Angle
#         unit: *id001
#         value: 360.0
#     radial_velocity:
#       __class__: astropy.units.quantity.Quantity
#       unit: !astropy.units.Unit {unit: km / s}
#       value: !astropy.table.SerializedColumn {name: radial_velocity}
# schema: astropy-2.0
ra,dec,distance,pm_ra_cosdec,pm_dec,radial_velocity
338.7831993505229,-7.5394458022097846,4.835233745338118,3.5209614902452064,-24.351096330549034,-200.1380238507694
338.79331474982905,-7.541577033986394,4.833996621621015,3.5255377458432555,-24.35797881414756,-200.14687326445667
338.8034302471058,-7.543708048066817,4.832759497903911,3.5301145441281028,-24.364861075197265,-200.15572267814383
338.8135458423762,-7.545838844349514,4.831522374186809,3.5346918852859086,-24.37174311355392,-200.16457209183105
338.8236615356638,-7.547969422733001,4.830285250469706,3.5392697695028357,-24.37862492907332,-200.1734215055183
338.83377732699176,-7.550099783115752,4.8290481267526015,3.5438481969649778,-24.38550652161126,-200.1822709192055
338.8438932163833,-7.55222992539625,4.8278110030354995,3.5484271678584203,-24.392387891023446,-200.19112033289284
338.85400920386166,-7.554359849472994,4.826573879318395,3.553006682369201,-24.399269037165656,-200.19996974657997
338.8641252894501,-7.556489555244481,4.825336755601292,3.5575867406833215,-24.406149959893593,-200.2088191602673
338.8742414731717,-7.5586190426091955,4.824099631884188,3.5621673429867537,-24.41303065906297,-200.2176685739544
338.8843577550498,-7.5607483114656775,4.822862508167085,3.566748489465428,-24.419911134529503,-200.22651798764173
338.8944741351075,-7.562877361712426,4.821625384449981,3.571330180305266,-24.42679138614885,-200.23536740132886
338.90459061336793,-7.565006193247945,4.820388260732878,3.575912415692103,-24.433671413776697,-200.2442168150162
338.91470718985425,-7.567134805970768,4.819151137015774,3.580495195811795,-24.440551217268705,-200.2530662287035
338.92482386458954,-7.56926319977939,4.81791401329867,3.5850785208501357,-24.44743079648049,-200.2619156423906
338.9349406375971,-7.571391374572377,4.816676889581568,3.5896623909928826,-24.45431015126768,-200.27076505607786
338.9450575088998,-7.573519330248243,4.815439765864465,3.5942468064257613,-24.461189281485908,-200.2796144697651
338.955174478521,-7.575647066705517,4.81420264214736,3.5988317673344734,-24.468068186990756,-200.28846388345235
338.96529154648346,-7.577774583842747,4.812965518430256,3.603417273904673,-24.4749468676378,-200.2973132971396
338.97540871281046,-7.579901881558456,4.811728394713154,3.608003326321995,-24.48182532328262,-200.30616271082678
338.98552597752496,-7.5820289597512245,4.81049127099605,3.6125899247720064,-24.488703553780763,-200.31501212451414
338.99564334065013,-7.584155818319591,4.809254147278947,3.617177069440284,-24.49558155898777,-200.3238615382013
339.0057608022088,-7.586282457162106,4.808017023561843,3.6217647605123306,-24.502459338759174,-200.33271095188846
339.0158783622241,-7.588408876177336,4.80677989984474,3.626352998173646,-24.509336892950472,-200.34156036557567
339.0259960207188,-7.590535075263821,4.805542776127637,3.6309417826096517,-24.51621422141716,-200.35040977926298
339.0361137777162,-7.592661054320172,4.804305652410533,3.6355311140057953,-24.523091324014736,-200.35925919295025
339.04623163323913,-7.594786813244936,4.80306852869343,3.6401209925474474,-24.52996820059865,-200.3681086066374
339.05634958731054,-7.596912351936694,4.801831404976325,3.64471141841995,-24.536844851024377,-200.37695802032468
339.06646763995326,-7.599037670294025,4.800594281259223,3.6493023918086074,-24.543721275147323,-200.38580743401195
339.0765857911904,-7.60116276821552,4.7993571575421194,3.6538939128987047,-24.550597472822947,-200.39465684769914
339.0867040410447,-7.603287645599742,4.7981200338250165,3.6584859818754856,-24.557473443906634,-200.40350626138633
339.09682238953917,-7.605412302345325,4.796882910107912,3.66307859892414,-24.564349188253797,-200.4123556750736
339.1069408366966,-7.607536738350843,4.795645786390809,3.6676717642298473,-24.571224705719807,-200.42120508876084
339.11705938253994,-7.609660953514906,4.794408662673706,3.672265477977747,-24.578099996160034,-200.43005450244806
339.127178027092,-7.611784947736114,4.793171538956602,3.6768597403529317,-24.584975059429834,-200.43890391613525
339.13729677037554,-7.613908720913058,4.791934415239499,3.6814545515404706,-24.59184989538455,-200.44775332982255
339.1474156124135,-7.616032272944392,4.790697291522394,3.6860499117253895,-24.59872450387949,-200.4566027435098
339.1575345532287,-7.618155603728716,4.789460167805292,3.690645821092688,-24.60559888476997,-200.46545215719703
339.16765359284386,-7.620278713164651,4.788223044088189,3.6952422798273346,-24.6124730379113,-200.47430157088422
339.1777727312818,-7.622401601150822,4.786985920371086,3.6998392881142403,-24.619346963158748,-200.48315098457144
339.18789196856517,-7.624524267585843,4.785748796653981,3.7044368461382846,-24.626220660367593,-200.49200039825874
339.1980113047169,-7.6266467123683865,4.784511672936879,3.709034954084349,-24.633094129393065,-200.50084981194598
339.20813073975967,-7.628768935397075,4.783274549219774,3.7136336121372446,-24.639967370090428,-200.5096992256331
339.2182502737162,-7.630890936570547,4.782037425502672,3.718232820481757,-24.646840382314878,-200.5185486393204
339.2283699066092,-7.633012715787453,4.780800301785568,3.7228325793026205,-24.65371316592166,-200.5273980530076
339.2384896384613,-7.635134272946446,4.779563178068465,3.72743288878456,-24.660585720765944,-200.5362474666949
339.2486094692952,-7.637255607946162,4.7783260543513615,3.7320337491122473,-24.66745804670291,-200.5450968803821
339.25872939913364,-7.639376720685299,4.777088930634258,3.7366351604703363,-24.67433014358775,-200.5539462940694
339.2688494279993,-7.6414976110625,4.775851806917155,3.741237123043436,-24.681202011275584,-200.56279570775655
339.2789695559147,-7.643618278976439,4.774614683200051,3.7458396370161062,-24.688073649621575,-200.57164512144382
339.2890897829026,-7.645738724325783,4.773377559482948,3.750442702572889,-24.69494505848083,-200.58049453513104
339.29921010898545,-7.647858947009196,4.772140435765844,3.755046319898289,-24.70181623770847,-200.58934394881828
339.30933053418596,-7.649978946925391,4.770903312048741,3.7596504891767712,-24.708687187159594,-200.5981933625055
339.3194510585267,-7.652098723973039,4.7696661883316365,3.764255210592763,-24.71555790668927,-200.60704277619274
339.32957168203023,-7.6542182780508305,4.768429064614534,3.7688604843306686,-24.722428396152566,-200.61589218988
339.3396924047191,-7.656337609057454,4.767191940897431,3.773466310574844,-24.72929865540454,-200.62474160356717
339.3498132266158,-7.658456716891597,4.765954817180328,3.778072689509615,-24.73616868430023,-200.6335910172544
339.359934147743,-7.660575601451992,4.764717693463223,3.7826796213192666,-24.743038482694665,-200.64244043094158
339.37005516812303,-7.662694262637333,4.763480569746119,3.787287106188055,-24.749908050442844,-200.65128984462882
339.38017628777857,-7.6648127003463244,4.762243446029016,3.7918951443002085,-24.75677738739976,-200.66013925831606
339.39029750673194,-7.666930914477685,4.761006322311914,3.7965037358398868,-24.763646493420406,-200.66898867200337
339.4004188250057,-7.6690489049301345,4.75976919859481,3.801112880991259,-24.770515368359742,-200.67783808569058
339.4105402426223,-7.671166671602382,4.758532074877706,3.8057225799384264,-24.77738401207273,-200.68668749937783
339.4206617596042,-7.673284214393185,4.7572949511606035,3.8103328328654746,-24.784252424414287,-200.69553691306507
339.43078337597376,-7.67540153320126,4.7560578274435,3.814943639956433,-24.79112060523935,-200.70438632675237
339.44090509175345,-7.67751862792535,4.754820703726396,3.819555001395313,-24.79798855440284,-200.71323574043947
339.45102690696564,-7.679635498464184,4.753583580009293,3.8241669173660786,-24.804856271759615,-200.72208515412672
339.46114882163266,-7.6817521447165005,4.75234645629219,3.8287793880526624,-24.811723757164604,-200.730934567814
339.47127083577703,-7.683868566581073,4.751109332575085,3.83339241363898,-24.818591010472637,-200.7397839815012
339.48139294942104,-7.68598476395665,4.749872208857983,3.838005994308879,-24.82545803153858,-200.7486333951884
339.49151516258695,-7.688100736741979,4.74863508514088,3.8426201302461793,-24.832324820217266,-200.75748280887566
339.5016374752972,-7.690216484835827,4.747397961423776,3.8472348216346863,-24.839191376363537,-200.76633222256294
339.51175988757393,-7.692332008136942,4.7461608377066735,3.85185006865814,-24.84605769983218,-200.77518163625018
339.52188239943973,-7.694447306544136,4.744923713989568,3.8564658715002857,-24.85292379047801,-200.78403104993728
339.53200501091663,-7.696562379956151,4.743686590272466,3.8610822303447856,-24.85978964815578,-200.79288046362453
339.54212772202703,-7.698677228271781,4.742449466555362,3.865699145375284,-24.86665527272028,-200.8017298773118
339.5522505327931,-7.7007918513898055,4.741212342838257,3.8703166167754004,-24.87352066402626,-200.8105792909991
339.56237344323716,-7.702906249209007,4.739975219121155,3.874934644728722,-24.88038582192844,-200.81942870468635
339.5724964533813,-7.705020421628173,4.738738095404051,3.8795532294187645,-24.887250746281566,-200.82827811837362
339.58261956324793,-7.70713436854612,4.737500971686949,3.884172371029058,-24.894115436940325,-200.83712753206078
339.59274277285914,-7.7092480898616405,4.736263847969845,3.888792069743062,-24.900979893759448,-200.845976945748
339.60286608223714,-7.711361585473537,4.735026724252741,3.8934123257442,-24.907844116593576,-200.8548263594353
339.6129894914041,-7.713474855280622,4.733789600535639,3.898033139215878,-24.91470810529739,-200.86367577312245
339.62311300038215,-7.715587899181686,4.732552476818535,3.9026545103414514,-24.921571859725557,-200.87252518680972
339.63323660919343,-7.717700717075587,4.731315353101431,3.90727643930425,-24.928435379732697,-200.88137460049697
339.64336031786013,-7.719813308861131,4.730078229384328,3.911898926287557,-24.935298665173445,-200.8902240141842
339.6534841264043,-7.721925674437139,4.728841105667225,3.916521971474634,-24.942161715902397,-200.8990734278714
339.66360803484804,-7.724037813702448,4.7276039819501205,3.921145575048696,-24.94902453177417,-200.90792284155864
339.6737320432134,-7.726149726555872,4.726366858233018,3.925769737192915,-24.955887112643317,-200.9167722552459
339.6838561515226,-7.728261412896289,4.725129734515915,3.9303944580904395,-24.96274945836443,-200.92562166893308
339.6939803597976,-7.730372872622524,4.723892610798812,3.935019737924379,-24.96961156879204,-200.9344710826203
339.7041046680604,-7.732484105633428,4.722655487081707,3.9396455768778083,-24.97647344378072,-200.94332049630762
339.714229076333,-7.734595111827849,4.721418363364605,3.9442719751337565,-24.983335083184937,-200.9521699099948
339.7243535846376,-7.736705891104646,4.7201812396475,3.9488989328752298,-24.99019648685925,-200.96101932368208
339.73447819299594,-7.738816443362668,4.718944115930397,3.9535264502851857,-24.99705765465815,-200.96986873736924
339.74460290143026,-7.7409267685008105,4.7177069922132935,3.958154527546568,-25.003918586436082,-200.97871815105654
339.7547277099623,-7.7430368664179285,4.716469868496191,3.9627831648422496,-25.010779282047555,-200.98756756474378
339.7648526186142,-7.745146737012897,4.715232744779085,3.9674123623550974,-25.01763974134701,-200.99641697843094
339.7749776274078,-7.747256380184592,4.713995621061984,3.972042120267928,-25.024499964188852,-201.00526639211822
339.78510273636505,-7.749365795831885,4.71275849734488,3.9766724387635217,-25.031359950427554,-201.01411580580546
339.79522794550786,-7.751474983853694,4.711521373627777,3.9813033180246364,-25.038219699917498,-201.02296521949273
339.8053532548582,-7.753583944148897,4.710284249910672,3.985934758233966,-25.045079212513095,-201.03181463317986
339.81547866443776,-7.755692676616387,4.70904712619357,3.9905667595741803,-25.051938488068703,-201.0406640468671
339.82560417426856,-7.757801181155068,4.7078100024764655,3.9951993222279363,-25.058797526438717,-201.0495134605544
339.8357297843724,-7.759909457663826,4.7065728787593635,3.999832446377839,-25.065656327477463,-201.05836287424154
339.84585549477123,-7.762017506041608,4.705335755042259,4.004466132206426,-25.072514891039305,-201.06721228792887
339.8559813054867,-7.764125326187306,4.704098631325157,4.00910037989625,-25.07937321697854,-201.07606170161603
339.8661072165408,-7.766232917999847,4.702861507608054,4.013735189629799,-25.0862313051495,-201.08491111530324
339.87623322795514,-7.7683402813781495,4.70162438389095,4.018370561589509,-25.09308915540648,-201.09376052899057
339.8863593397516,-7.77044741622112,4.700387260173845,4.023006495957828,-25.099946767603768,-201.10260994267782
339.89648555195197,-7.772554322427733,4.699150136456742,4.027642992917121,-25.10680414159561,-201.111459356365
339.906611864578,-7.774660999896896,4.697913012739639,4.032280052649739,-25.113661277236258,-201.12030877005222
339.9167382776514,-7.776767448527558,4.696675889022535,4.036917675337996,-25.120518174379978,-201.12915818373946
339.92686479119385,-7.778873668218663,4.695438765305433,4.041555861164159,-25.127374832880975,-201.13800759742665
339.93699140522716,-7.7809796588691595,4.694201641588329,4.046194610310476,-25.134231252593455,-201.1468570111139
339.9471181197729,-7.783085420377986,4.692964517871227,4.050833922959132,-25.141087433371627,-201.15570642480108
339.95724493485284,-7.785190952644133,4.691727394154121,4.055473799292292,-25.14794337506968,-201.16455583848838
339.96737185048863,-7.787296255566546,4.690490270437018,4.060114239492103,-25.154799077541764,-201.17340525217554
339.9774988667019,-7.789401329044193,4.689253146719915,4.064755243740624,-25.16165454064203,-201.18225466586287
339.9876259835144,-7.791506172976043,4.688016023002811,4.0693968122199475,-25.168509764224623,-201.19110407955006
339.9977532009475,-7.793610787261062,4.6867788992857085,4.074038945112056,-25.17536474814369,-201.19995349323727
340.00788051902305,-7.795715171798257,4.685541775568605,4.078681642598941,-25.18221949225332,-201.20880290692452
340.01800793776255,-7.7978193264866,4.684304651851503,4.0833249048625575,-25.189073996407604,-201.21765232061185
340.0281354571876,-7.79992325122508,4.683067528134398,4.087968732084812,-25.195928260460647,-201.226501734299
340.0382630773197,-7.802026945912692,4.681830404417295,4.0926131244475545,-25.2027822842665,-201.23535114798628
340.0483907981805,-7.804130410448431,4.68059328070019,4.09725808213264,-25.209636067679224,-201.24420056167344
340.05851861979136,-7.806233644731287,4.679356156983087,4.101903605321848,-25.216489610552852,-201.25304997536065
340.068646542174,-7.808336648660295,4.678119033265983,4.106549694196959,-25.22334291274142,-201.26189938904795
340.0787745653499,-7.810439422134456,4.676881909548879,4.111196348939687,-25.23019597409893,-201.27074880273517
340.0889026893404,-7.81254196505278,4.675644785831778,4.115843569731707,-25.237048794479374,-201.27959821642241
340.0990309141671,-7.814644277314296,4.674407662114674,4.120491356754682,-25.24390137373675,-201.28844763010977
340.1091592398514,-7.816746358818008,4.67317053839757,4.1251397101902265,-25.250753711725032,-201.29729704379687
340.11928766641483,-7.818848209462976,4.671933414680466,4.129788630219913,-25.25760580829815,-201.30614645748412
340.1294161938788,-7.820949829148224,4.670696290963363,4.1344381170252795,-25.264457663310065,-201.31499587117142
340.1395448222646,-7.8230512177727825,4.669459167246261,4.139088170787826,-25.271309276614687,-201.32384528485858
340.1496735515938,-7.825152375235703,4.668222043529157,4.143738791689029,-25.27816064806595,-201.33269469854582
340.1598023818877,-7.827253301436014,4.666984919812052,4.1483899799102915,-25.285011777517738,-201.341544112233
340.1699313131677,-7.829353996272795,4.665747796094949,4.153041735633041,-25.291862664823928,-201.35039352592028
340.18006034545516,-7.831454459645095,4.664510672377847,4.157694059038594,-25.2987133098384,-201.35924293960758
340.1901894787714,-7.833554691451968,4.663273548660742,4.162346950308297,-25.305563712415008,-201.36809235329474
340.2003187131378,-7.835654691592484,4.66203642494364,4.167000409623424,-25.31241387240759,-201.376941766982
