galstreams/tracks/track.st.C-7.ibata2021.ecsv
# %ECSV 1.0
# ---
# datatype:
# - {name: ra, unit: deg, datatype: float64}
# - {name: dec, unit: deg, datatype: float64}
# - {name: distance, unit: kpc, datatype: float64}
# - {name: pm_ra_cosdec, unit: mas / yr, datatype: float64}
# - {name: pm_dec, unit: mas / yr, datatype: float64}
# - {name: radial_velocity, unit: km / s, datatype: float64}
# delimiter: ','
# meta: !!omap
# - __serialized_columns__:
#     dec:
#       __class__: astropy.coordinates.angles.Latitude
#       unit: &id001 !astropy.units.Unit {unit: deg}
#       value: !astropy.table.SerializedColumn {name: dec}
#     distance:
#       __class__: astropy.coordinates.distances.Distance
#       unit: !astropy.units.Unit {unit: kpc}
#       value: !astropy.table.SerializedColumn {name: distance}
#     pm_dec:
#       __class__: astropy.units.quantity.Quantity
#       unit: !astropy.units.Unit {unit: mas / yr}
#       value: !astropy.table.SerializedColumn {name: pm_dec}
#     pm_ra_cosdec:
#       __class__: astropy.units.quantity.Quantity
#       unit: !astropy.units.Unit {unit: mas / yr}
#       value: !astropy.table.SerializedColumn {name: pm_ra_cosdec}
#     ra:
#       __class__: astropy.coordinates.angles.Longitude
#       unit: *id001
#       value: !astropy.table.SerializedColumn {name: ra}
#       wrap_angle: !astropy.coordinates.Angle
#         unit: *id001
#         value: 360.0
#     radial_velocity:
#       __class__: astropy.units.quantity.Quantity
#       unit: !astropy.units.Unit {unit: km / s}
#       value: !astropy.table.SerializedColumn {name: radial_velocity}
# schema: astropy-2.0
ra,dec,distance,pm_ra_cosdec,pm_dec,radial_velocity
270.87146584824586,-53.13402347861628,6.1202657108489635,-15.459273880731871,-7.66901651373543,95.24193963674486
270.88793617622537,-53.13244068688536,6.119171472606877,-15.458447969359604,-7.673295694565315,94.94276093283189
270.9044052346836,-53.130855449184736,6.11807892718433,-15.45762084014612,-7.677576402506236,94.64403217769598
270.92087302180454,-53.129267765715156,6.1169880735130935,-15.456792491573175,-7.681858634362818,94.34575308940062
270.93733953577254,-53.12767763667783,6.115898910524944,-15.455962922125488,-7.686142386938872,94.04792338600943
270.9538047747732,-53.12608506227443,6.114811437151656,-15.4551321302907,-7.69042765703748,93.75054278558527
270.9702687369925,-53.12449004270705,6.113725652325002,-15.454300114559414,-7.694714441460961,93.45361100619171
270.9867314206175,-53.122892578178295,6.112641554976759,-15.453466873425153,-7.69900273701084,93.15712776589235
271.0031928238361,-53.12129266889113,6.111559144038697,-15.452632405384382,-7.703292540487983,92.86109278275029
271.019652944837,-53.119690315049034,6.1104784184425975,-15.451796708936488,-7.7075838486924235,92.56550577482902
271.0361117818095,-53.118085516855935,6.10939937712023,-15.450959782583844,-7.7118766584234715,92.27036646019178
271.0525693329441,-53.11647827451616,6.108322019003373,-15.450121624831695,-7.716170966479716,91.97567455690222
271.06902559643174,-53.11486858823453,6.107246343023796,-15.449282234188294,-7.720466769658973,91.6814297830236
271.08548057046454,-53.113256458216284,6.106172348113278,-15.448441609164764,-7.724764064758341,91.38763185661895
271.1019342532351,-53.111641884667144,6.10510003320359,-15.447599748275234,-7.729062848574159,91.09428049575205
271.118386642937,-53.11002486779326,6.10402939722651,-15.446756650036733,-7.733363117902029,90.80137541848606
271.1348377377649,-53.1084054078012,6.10296043911381,-15.445912312969208,-7.737664869536864,90.5089163428846
271.15128753591387,-53.10678350489802,6.1018931577972655,-15.445066735595578,-7.7419681002728105,90.2169029870107
271.1677360355799,-53.105159159291226,6.100827552208651,-15.44421991644171,-7.74627280690326,89.92533506892796
271.1841832349602,-53.10353237118873,6.099763621279742,-15.443371854036366,-7.750578986220969,89.63421230669955
271.20062913225235,-53.10190314079892,6.098701363942311,-15.442522546911276,-7.754886635017881,89.34353441838901
271.21707372565487,-53.100271468330625,6.097640779128132,-15.441671993601123,-7.7591957500852455,89.0533011220599
271.2335170133673,-53.09863735399311,6.096581865768984,-15.440820192643471,-7.763506328213608,88.76351213577524
271.24995899358976,-53.09700079799612,6.0955246227966375,-15.439967142578881,-7.767818366192776,88.47416717759839
271.26639966452353,-53.09536180054978,6.094469049142869,-15.439112841950816,-7.772131860811882,88.1852659655929
271.28283902437045,-53.09372036186472,6.093415143739452,-15.438257289305682,-7.7764468088593155,87.89680821782201
271.29927707133317,-53.092076482151995,6.09236290551816,-15.437400483192857,-7.780763207122725,87.60879365234935
271.31571380361555,-53.09043016162309,6.091312333410769,-15.436542422164587,-7.785081052389147,87.32122198723813
271.33214921942186,-53.088781400489964,6.090263426349055,-15.435683104776109,-7.789400341444829,87.0340929405516
271.3485833169575,-53.087130198964964,6.089216183264789,-15.434822529585594,-7.7937210710753515,86.7474062303532
271.36501609442854,-53.08547655726097,6.088170603089749,-15.433960695154129,-7.79804323806556,86.46116157470634
271.381447550042,-53.08382047559121,6.087126684755708,-15.433097600045745,-7.80236683919967,86.17535869167452
271.39787768200586,-53.08216195416941,6.086084427194439,-15.432233242827403,-7.806691871261162,85.88999729932065
271.41430648852867,-53.08050099320973,6.08504382933772,-15.43136762206903,-7.811018331032808,85.60507711570862
271.43073396781983,-53.078837592926796,6.084004890117324,-15.43050073634346,-7.815346215296684,85.32059785890179
271.44716011809,-53.077171753535595,6.082967608465024,-15.429632584226463,-7.819675520834259,85.03655924696312
271.46358493755037,-53.07550347525166,6.0819319833125975,-15.428763164296743,-7.824006244426235,84.7529609979562
271.480008424413,-53.073832758290884,6.080898013591815,-15.427892475135982,-7.828338382852657,84.46980282994431
271.49643057689065,-53.072159602869654,6.079865698234455,-15.427020515328747,-7.832671932892854,84.18708446099102
271.51285139319737,-53.07048400920476,6.07883503617229,-15.426147283462557,-7.8370068913255615,83.90480560915964
271.52927087154785,-53.06880597751346,6.077806026337095,-15.425272778127871,-7.8413432549287725,83.62296599251337
271.54568901015745,-53.06712550801346,6.076778667660644,-15.424396997918082,-7.845681020479815,83.34156532911581
271.5621058072425,-53.06544260092287,6.0757529590747135,-15.423519941429523,-7.850020184755335,83.06060333703022
271.57852126102057,-53.06375725646026,6.074728899511075,-15.422641607261447,-7.854360744531373,82.78007973431995
271.5949353697095,-53.06206947484466,6.0737064879015055,-15.421761994016046,-7.858702696583231,82.49999423904843
271.61134813152836,-53.060379256295484,6.07268572317778,-15.420881100298464,-7.863046037685581,82.22034656927887
271.6277595446968,-53.05868660103266,6.071666604271671,-15.419998924716765,-7.867390764612406,81.9411364430747
271.6441696074358,-53.056991509276486,6.070649130114952,-15.419115465881946,-7.8717368741370795,81.66236357849952
271.6605783179668,-53.05529398124774,6.069633299639402,-15.418230722407927,-7.87608436303228,81.38402769361639
271.67698567451214,-53.05359401716763,6.068619111776792,-15.417344692911596,-7.880433228070036,81.10612850648893
271.6933916752951,-53.051891617257816,6.067606565458895,-15.416457376012769,-7.884783466021698,80.82866573518062
271.70979631854016,-53.050186781740344,6.066595659617493,-15.41556877033413,-7.889135073658055,80.55163909775419
271.7261996024721,-53.04847951083775,6.065586393184353,-15.414678874501382,-7.89348804774916,80.27504831227354
271.74260152531684,-53.04676980477299,6.064578765091252,-15.413787687143127,-7.897842385064441,79.99889309680206
271.7590020853011,-53.04505766376949,6.063572774269965,-15.412895206890893,-7.9021980823726805,79.72317316940301
271.77540128065283,-53.04334308805102,6.0625684196522664,-15.412001432379151,-7.906555136442086,79.44788824813945
271.7917991096004,-53.0416260778419,6.061565700169931,-15.411106362245288,-7.910913544040127,79.17303805107525
271.80819557037313,-53.0399066333668,6.060564614754732,-15.410209995129655,-7.915273301933691,78.89862229627374
271.8245906612014,-53.03818475485089,6.059565162338445,-15.409312329675508,-7.91963440688902,78.6246407017979
271.8409843803165,-53.03646044251972,6.058567341852844,-15.408413364529034,-7.92399685567176,78.35109298571122
271.85737672595036,-53.034733696599304,6.0575711522297055,-15.407513098339363,-7.928360645046876,78.07797886607717
271.8737676963359,-53.033004517316115,6.056576592400802,-15.40661152975856,-7.932725771778715,77.8052980609593
271.89015728970685,-53.03127290489702,6.0555836612979075,-15.405708657441634,-7.937092232631006,77.53305028842084
271.90654550429815,-53.029538859569335,6.0545923578528,-15.404804480046456,-7.941460024366911,77.26123526652492
271.9229323383452,-53.0278023815608,6.05360268099725,-15.40389899623392,-7.945829143748888,76.98985271333525
271.93931779008466,-53.02606347109961,6.052614629663033,-15.402992204667795,-7.95019958753883,76.71890234691502
271.95570185775364,-53.02432212841442,6.0516282027819255,-15.402084104014795,-7.95457135249797,76.44838388532754
271.9720845395905,-53.02257835373422,6.0506433992857005,-15.401174692944563,-7.958944435386994,76.17829704663636
271.9884658338345,-53.020832147288544,6.049660218106133,-15.400263970129656,-7.963318832965928,75.90864154890488
272.0048457387256,-53.019083509307286,6.048678658174996,-15.399351934245603,-7.96769454199422,75.6394171101961
272.0212242525045,-53.017332440020844,6.047698718424068,-15.398438583970812,-7.972071559230654,75.37062344857377
272.03760137341334,-53.015578939659946,6.046720397785119,-15.397523917986655,-7.976449881433502,75.10226028210127
272.0539770996947,-53.01382300845584,6.045743695189927,-15.396607934977414,-7.980829505360374,74.83432732884174
272.0703514295921,-53.01206464664017,6.044768609570265,-15.395690633630304,-7.9852104277682825,74.56682430685878
272.0867243613501,-53.010303854445034,6.043795139857906,-15.394772012635487,-7.989592645413662,74.29975093421528
272.1030958932142,-53.008540632102914,6.042823284984629,-15.39385207068601,-7.993976155052369,74.03310692897512
272.1194660234305,-53.006774979846774,6.0418530438822025,-15.392930806477896,-7.998360953439621,73.76689200920174
272.13583475024643,-53.00500689791,6.040884415482407,-15.39200821871005,-8.002747037330103,73.50110589295794
272.15220207190976,-53.003236386526396,6.039917398717013,-15.391084306084368,-8.007134403477831,73.23574829830766
272.16856798666987,-53.001463445930185,6.038951992517798,-15.39015906730557,-8.011523048636356,72.97081894331389
272.18493249277645,-52.999688076356044,6.037988195816533,-15.389232501081413,-8.015912969558546,72.70631754604013
272.2012955884803,-52.997910278039065,6.037026007544995,-15.388304606122517,-8.020304162996725,72.44224382454998
272.2176572720331,-52.996130051214784,6.036065426634957,-15.38737538114246,-8.024696625702626,72.1785974969064
272.23401754168765,-52.99434739611915,6.035106452018198,-15.38644482485768,-8.029090354427463,71.91537828117289
272.2503763956973,-52.992562312988554,6.034149082626486,-15.385512935987627,-8.033485345921802,71.65258589541301
272.26673383231656,-52.9907748020598,6.0331933173916,-15.384579713254633,-8.037881596935671,71.39022005769021
272.28308984980066,-52.98898486357015,6.032239155245314,-15.383645155383963,-8.042279104218531,71.1282804860674
272.29944444640614,-52.987192497757256,6.0312865951194,-15.382709261103773,-8.046677864519307,70.86676689860818
272.3157976203899,-52.98539770485923,6.030335635945635,-15.3817720291452,-8.051077874586298,70.60567901337595
272.3321493700101,-52.983600485114586,6.029386276655793,-15.38083345824227,-8.055479131167285,70.34501654843419
272.34849969352564,-52.981800838762304,6.028438516181648,-15.379893547131942,-8.059881631009464,70.08477922184609
272.36484858919664,-52.97999876604172,6.027492353454975,-15.378952294554082,-8.064285370859519,69.82496675167505
272.3811960552838,-52.97819426719268,6.026547787407551,-15.378009699251503,-8.06869034746354,69.56557885598454
272.39754209004883,-52.976387342455396,6.025604816971145,-15.37706575996993,-8.073096557567073,69.30661525283801
272.4138866917544,-52.97457799207058,6.024663441077536,-15.37612047545801,-8.07750399791511,69.04807566029848
272.43022985866423,-52.97276621627925,6.023723658658497,-15.3751738444673,-8.081912665252137,68.78995979642946
272.4465715890427,-52.97095201532294,6.022785468645803,-15.374225865752294,-8.086322556322036,68.53226737929451
272.46291188115526,-52.969135389443615,6.021848869971229,-15.373276538070415,-8.090733667868182,68.27499812695689
272.47925073326815,-52.96731633888363,6.020913861566546,-15.372325860181988,-8.095145996633384,68.01815175747983
272.49558814364883,-52.96549486388575,6.019980442363535,-15.37137383085026,-8.099559539359957,67.76172798892715
272.5119241105654,-52.96367096469319,6.019048611293964,-15.370420448841397,-8.103974292789657,67.50572653936163
272.5282586322871,-52.96184464154962,6.018118367289613,-15.36946571292449,-8.108390253663693,67.25014712684683
272.54459170708367,-52.96001589469908,6.0171897092822535,-15.368509621871569,-8.112807418722735,66.99498946944635
272.5609233332264,-52.95818472438604,6.016262636203659,-15.367552174457545,-8.117225784706978,66.74025328522339
272.5772535089871,-52.95635113085544,6.0153371469856065,-15.366593369460274,-8.121645348356047,66.48593829224141
272.59358223263865,-52.95451511435258,6.01441324055987,-15.365633205660505,-8.126066106409057,66.23204420856342
272.6099095024546,-52.95267667512326,6.013490915858224,-15.364671681841957,-8.130488055604564,65.97857075225343
272.62623531671,-52.9508358134136,6.012570171812442,-15.3637087967912,-8.134911192680697,65.72551764137418
272.64255967368024,-52.948992529470225,6.011651007354299,-15.362744549297748,-8.139335514374974,65.47288459398946
272.65888257164204,-52.94714682354017,6.010733421415569,-15.361778938154059,-8.143761017424454,65.2206713281624
272.6752040088727,-52.94529869587088,6.009817412928031,-15.360811962155472,-8.148187698565616,64.96887756195663
272.6915239836509,-52.9434481467102,6.0089029808234535,-15.359843620100245,-8.152615554534545,64.71750301343515
272.7078424942559,-52.941595176306414,6.007990124033612,-15.358873910789576,-8.157044582066721,64.46654740066151
272.724159538968,-52.93973978490825,6.007078841490286,-15.357902833027547,-8.161474777897133,64.21601044169947
272.74047511606847,-52.93788197276483,6.006169132125245,-15.356930385621187,-8.165906138760292,63.9658918546117
272.75678922383963,-52.93602174012568,6.005260994870265,-15.355956567380398,-8.170338661390225,63.716191357461916
272.7731018605645,-52.93415908724079,6.0043544286571215,-15.354981377118035,-8.174772342520408,63.46690866831365
272.7894130245272,-52.932294014360544,6.003449432417589,-15.354004813649846,-8.179207178883852,63.21804350523004
272.80572271401275,-52.930426521735754,6.002546005083437,-15.353026875794509,-8.18364316721306,62.96959558627445
272.8220309273072,-52.92855660961764,6.001644145586448,-15.35204756237358,-8.188080304240085,62.721564629510276
272.8383376626975,-52.92668427825784,6.000743852858394,-15.351066872211554,-8.192518586696444,62.47395035300089
272.8546429184713,-52.92480952790843,5.999845125831047,-15.350084804135841,-8.196958011313171,62.22675247480991
272.8709466929176,-52.922932358821896,5.998947963436181,-15.34910135697677,-8.201398574820821,61.97997071300033
272.8872489843261,-52.92105277125113,5.9980523646055754,-15.348116529567523,-8.205840273949498,61.73360478563584
272.9035497909877,-52.91917076544944,5.997158328271001,-15.347130320744254,-8.2102831054288,61.48765441077942
272.91984911119386,-52.917286341670575,5.996265853364232,-15.34614272934603,-8.21472706598783,61.242119306494985
272.9361469432372,-52.91539950016871,5.995374938817047,-15.345153754214774,-8.219172152355231,60.99699919084523
272.95244328541145,-52.91351024119837,5.994485583561215,-15.344163394195359,-8.223618361259206,60.752293781894075
272.96873813601104,-52.91161856501455,5.993597786528515,-15.343171648135561,-8.228065689427426,60.50800279770479
272.9850314933316,-52.909724471872686,5.992711546650719,-15.342178514886042,-8.232514133587152,60.26412595634035
273.00132335566923,-52.90782796202857,5.991826862859603,-15.34118399330042,-8.2369636904651,60.0206629758649
273.01761372132177,-52.90592903573844,5.990943734086941,-15.340188082235157,-8.24141435678764,59.77761357434097
273.03390258858735,-52.904027693258946,5.9900621592645065,-15.339190780549664,-8.245866129280586,59.53497746983252
273.05018995576535,-52.902123934847154,5.989182137324075,-15.33819208710626,-8.250319004669315,59.29275438040248
273.0664758211559,-52.900217760760555,5.988303667197422,-15.337192000770148,-8.25477297967873,59.050944024114735
273.08276018306054,-52.89830917125702,5.987426747816321,-15.336190520409442,-8.259228051033364,58.809546119031964
273.0990430397813,-52.89639816659487,5.986551378112546,-15.33518764489517,-8.26368421545719,58.56856038321822
273.1153243896213,-52.89448474703282,5.9856775570178735,-15.334183373101256,-8.268141469673784,58.32798653473662
273.1316042308847,-52.892568912830036,5.984805283464076,-15.33317770390455,-8.27259981040625,58.087824291650456
273.14788256187677,-52.89065066424603,5.983934556382929,-15.33217063618475,-8.277059234377308,57.84807337202304
273.1641593809034,-52.888730001540786,5.983065374706207,-15.331162168824529,-8.281519738309155,57.608733493918045
273.1804346862718,-52.88680692497466,5.982197737365683,-15.330152300709404,-8.285981318923605,57.369804375398445
