galstreams/tracks/track.st.300S.fu2018.ecsv
# %ECSV 1.0
# ---
# datatype:
# - {name: ra, unit: deg, datatype: float64}
# - {name: dec, unit: deg, datatype: float64}
# - {name: distance, unit: kpc, datatype: float64}
# - {name: pm_ra_cosdec, unit: mas / yr, datatype: float64}
# - {name: pm_dec, unit: mas / yr, datatype: float64}
# - {name: radial_velocity, unit: km / s, datatype: float64}
# delimiter: ','
# meta: !!omap
# - __serialized_columns__:
#     dec:
#       __class__: astropy.coordinates.angles.Latitude
#       unit: &id001 !astropy.units.Unit {unit: deg}
#       value: !astropy.table.SerializedColumn {name: dec}
#     distance:
#       __class__: astropy.coordinates.distances.Distance
#       unit: !astropy.units.Unit {unit: kpc}
#       value: !astropy.table.SerializedColumn {name: distance}
#     pm_dec:
#       __class__: astropy.units.quantity.Quantity
#       unit: !astropy.units.Unit {unit: mas / yr}
#       value: !astropy.table.SerializedColumn {name: pm_dec}
#     pm_ra_cosdec:
#       __class__: astropy.units.quantity.Quantity
#       unit: !astropy.units.Unit {unit: mas / yr}
#       value: !astropy.table.SerializedColumn {name: pm_ra_cosdec}
#     ra:
#       __class__: astropy.coordinates.angles.Longitude
#       unit: *id001
#       value: !astropy.table.SerializedColumn {name: ra}
#       wrap_angle: !astropy.coordinates.Angle
#         unit: *id001
#         value: 360.0
#     radial_velocity:
#       __class__: astropy.units.quantity.Quantity
#       unit: !astropy.units.Unit {unit: km / s}
#       value: !astropy.table.SerializedColumn {name: radial_velocity}
# schema: astropy-2.0
ra,dec,distance,pm_ra_cosdec,pm_dec,radial_velocity
[from data line 140]
153.2494885226706,15.893944295456194,17.406611892334876,4.440892098500626e-16,2.220446049250313e-16,298.51617394452296
153.25982957790563,15.892783984530919,17.40273755909637,6.661338147750939e-16,2.220446049250313e-16,298.51469594065236
153.2701704562136,15.891622752427805,17.39886467959882,1.3322676295501878e-15,-3.3306690738754696e-16,298.5131979287347
153.28051115757805,15.890460599860765,17.39499325391506,1.3322676295501878e-15,1.1102230246251565e-16,298.5116799144552
153.29085168198276,15.889297527543706,17.391123282117942,1.7763568394002505e-15,-2.220446049250313e-16,298.5101419034991
153.3011920294116,15.888133536190535,17.387254764280286,1.5543122344752192e-15,3.3306690738754696e-16,298.5085839015511
153.31153219984859,15.88696862651519,17.383387700474927,1.1102230246251565e-15,-1.1102230246251565e-16,298.5070059142964
153.32187219327787,15.885802799231596,17.379522090774707,1.3322676295501878e-15,0.0,298.50540794742
153.332212009684,15.884636055053667,17.37565793525246,6.661338147750939e-16,0.0,298.5037900066069
153.34255164905147,15.883468394695347,17.371795233981015,2.220446049250313e-16,-2.220446049250313e-16,298.5021520975423
153.35289111136493,15.882299818870584,17.367933987033215,4.440892098500626e-16,-2.220446049250313e-16,298.5004942259111
153.36323039660934,15.881130328293299,17.364074194481887,6.661338147750939e-16,-1.1102230246251565e-16,298.4988163973983
153.37356950476976,15.87995992367745,17.360215856399876,6.661338147750939e-16,1.1102230246251565e-16,298.49711861768895
153.3839084358314,15.878788605736995,17.35635897286001,1.5543122344752192e-15,-3.3306690738754696e-16,298.4954008924683
153.39424718977958,15.877616375185887,17.352503543935136,1.7763568394002505e-15,-2.220446049250313e-16,298.49366322742105
153.40458576659998,15.876443232738076,17.34864956969807,1.9984014443252818e-15,1.1102230246251565e-16,298.4919056282326
153.4149241662783,15.875269179107534,17.34479705022166,6.661338147750939e-16,-2.220446049250313e-16,298.4901281005877
153.42526238880035,15.874094215008233,17.34094598557874,8.881784197001252e-16,-5.551115123125783e-16,298.4883306501716
153.4356004341522,15.872918341154142,17.33709637584214,6.661338147750939e-16,-2.220446049250313e-16,298.486513282669
153.44593830232017,15.871741558259233,17.333248221084702,1.7763568394002505e-15,-1.1102230246251565e-16,298.48467600376534
153.4562759932906,15.87056386703749,17.329401521379257,8.881784197001252e-16,2.220446049250313e-16,298.4828188191454
153.46661350705006,15.869385268202905,17.325556276798643,1.7763568394002505e-15,-2.220446049250313e-16,298.4809417344944
153.47695084358517,15.868205762469467,17.3217124874157,8.881784197001252e-16,-1.1102230246251565e-16,298.47904475549734
153.48728800288302,15.867025350551161,17.317870153303247,8.881784197001252e-16,-2.220446049250313e-16,298.47712788783906
153.49762498493055,15.865844033161983,17.314029274534132,0.0,-2.220446049250313e-16,298.4751911372047
153.50796178971498,15.864661811015942,17.31018985118119,1.3322676295501878e-15,0.0,298.4732345092795
153.5182984172237,15.863478684827049,17.306351883317248,1.1102230246251565e-15,2.220446049250313e-16,298.47125800974817
153.52863486744434,15.862294655309304,17.302515371015154,6.661338147750939e-16,-3.3306690738754696e-16,298.469261644296
153.5389711403646,15.861109723176721,17.298680314347738,6.661338147750939e-16,0.0,298.46724541860794
153.54930723597235,15.859923889143323,17.294846713387823,0.0,-3.3306690738754696e-16,298.465209338369
153.55964315425558,15.858737153923133,17.29101456820826,1.3322676295501878e-15,-2.220446049250313e-16,298.4631534092643
153.56997889520267,15.857549518230165,17.287183878881876,1.9984014443252818e-15,-1.1102230246251565e-16,298.46107763697876
153.58031445880195,15.856360982778456,17.283354645481516,1.3322676295501878e-15,0.0,298.4589820271974
153.59064984504195,15.855171548282044,17.27952686808,1.5543122344752192e-15,-2.220446049250313e-16,298.45686658560544
153.60098505391142,15.853981215454967,17.27570054675018,0.0,-1.1102230246251565e-16,298.4547313178878
153.61132008539923,15.852789985011256,17.271875681564875,1.5543122344752192e-15,1.1102230246251565e-16,298.4525762297296
153.6216549394945,15.851597857664965,17.268052272596936,0.0,-2.220446049250313e-16,298.45040132681584
153.63198961618642,15.850404834130137,17.264230319919186,2.220446049250313e-16,0.0,298.44820661483135
153.6423241154643,15.849210915120834,17.260409823604462,1.1102230246251565e-15,2.220446049250313e-16,298.44599209946153
153.65265843731785,15.848016101351103,17.256590783725606,8.881784197001252e-16,-2.220446049250313e-16,298.4437577863911
153.66299258173672,15.846820393535001,17.25277320035545,1.1102230246251565e-15,-1.1102230246251565e-16,298.44150368130533
153.6733265487108,15.845623792386606,17.248957073566825,1.3322676295501878e-15,-2.220446049250313e-16,298.4392297898891
153.6836603382301,15.84442629861998,17.24514240343257,4.440892098500626e-16,2.220446049250313e-16,298.43693611782754
153.69399395028495,15.843227912949198,17.241329190025525,1.3322676295501878e-15,-2.220446049250313e-16,298.4346226708057
153.70432738486568,15.84202863608832,17.237517433418517,1.3322676295501878e-15,2.220446049250313e-16,298.43228945450846
153.7146606419628,15.840828468751448,17.23370713368438,1.1102230246251565e-15,-1.1102230246251565e-16,298.4299364746211
153.72499372156716,15.839627411652648,17.229898290895957,1.7763568394002505e-15,0.0,298.42756373682846
153.73532662366958,15.838425465506003,17.22609090512608,6.661338147750939e-16,-2.220446049250313e-16,298.4251712468158
153.74565934826109,15.837222631025616,17.222284976447586,4.440892098500626e-16,-2.220446049250313e-16,298.42275901026767
153.75599189533287,15.836018908925583,17.218480504933304,6.661338147750939e-16,-2.220446049250313e-16,298.4203270328698
153.7663242648764,15.834814299919987,17.214677490656076,1.1102230246251565e-15,-1.1102230246251565e-16,298.41787532030673
153.77665645688322,15.833608804722934,17.210875933688737,1.7763568394002505e-15,-1.1102230246251565e-16,298.41540387826365
153.78698847134507,15.832402424048526,17.20707583410412,-4.440892098500626e-16,1.1102230246251565e-16,298.41291271242557
153.7973203082537,15.831195158610887,17.203277191975054,2.220446049250313e-15,-2.220446049250313e-16,298.4104018284776
153.8076519676013,15.829987009124105,17.19948000737438,1.5543122344752192e-15,1.1102230246251565e-16,298.4078712321045
153.81798344938005,15.828777976302309,17.195684280374937,1.5543122344752192e-15,-3.3306690738754696e-16,298.40532092899184
153.82831475358233,15.827568060859608,17.191890011049566,1.3322676295501878e-15,-2.220446049250313e-16,298.4027509248242
153.83864588020063,15.826357263510136,17.188097199471084,8.881784197001252e-16,-2.220446049250313e-16,298.4001612252868
153.84897682922778,15.825145584968004,17.18430584571234,1.1102230246251565e-15,2.220446049250313e-16,298.39755183606474
153.8593076006566,15.823933025947357,17.180515949846157,2.220446049250313e-16,-3.3306690738754696e-16,298.3949227628428
153.8696381944801,15.822719587162307,17.176727511945383,4.440892098500626e-16,-3.3306690738754696e-16,298.3922740113063
153.8799686106915,15.821505269327009,17.172940532082848,6.661338147750939e-16,0.0,298.3896055871401
153.8902988492842,15.820290073155586,17.16915501033139,8.881784197001252e-16,0.0,298.3869174960293
153.90062891025178,15.819073999362189,17.165370946763836,1.5543122344752192e-15,-4.440892098500626e-16,298.384209743659
153.91095879358792,15.817857048660953,17.16158834145303,8.881784197001252e-16,-1.1102230246251565e-16,298.3814823357141
153.92128849928642,15.81663922176604,17.157807194471804,1.3322676295501878e-15,0.0,298.3787352778798
153.93161802734144,15.815420519391598,17.15402750589299,8.881784197001252e-16,-2.220446049250313e-16,298.375968575841
153.94194737774714,15.81420094225177,17.15024927578943,1.5543122344752192e-15,1.1102230246251565e-16,298.3731822352826
153.95227655049786,15.81298049106073,17.14647250423396,1.3322676295501878e-15,-3.3306690738754696e-16,298.3703762618901
153.9626055455881,15.811759166532639,17.142697191299405,1.5543122344752192e-15,-2.220446049250313e-16,298.3675506613482
153.9729343630127,15.810536969381644,17.13892333705861,1.7763568394002505e-15,2.220446049250313e-16,298.3647054393421
153.98326300276645,15.809313900321929,17.13515094158441,1.1102230246251565e-15,0.0,298.3618406015566
153.99359146484434,15.808089960067663,17.13138000494963,8.881784197001252e-16,-2.220446049250313e-16,298.35895615367684
154.00391974924156,15.806865149333017,17.127610527227116,1.9984014443252818e-15,1.1102230246251565e-16,298.35605210138795
154.01424785595358,15.805639468832167,17.123842508489695,4.440892098500626e-16,0.0,298.3531284503749
154.02457578497584,15.804412919279294,17.120075948810207,2.220446049250313e-15,0.0,298.35018520632286
154.03490353630409,15.803185501388587,17.116310848261488,4.440892098500626e-16,-2.220446049250313e-16,298.34722237491667
154.04523110993406,15.80195721587423,17.112547206916375,1.1102230246251565e-15,2.220446049250313e-16,298.3442399618413
154.055558505862,15.800728063450402,17.1087850248477,-2.220446049250313e-16,0.0,298.34123797278215
154.0658857240839,15.799498044831308,17.1050243021283,-2.220446049250313e-16,-1.1102230246251565e-16,298.33821641342394
154.07621276459614,15.798267160731143,17.101265038831006,8.881784197001252e-16,3.3306690738754696e-16,298.3351752894519
154.08653962739533,15.797035411864103,17.09750723502865,8.881784197001252e-16,-2.220446049250313e-16,298.33211460655093
154.0968663124781,15.795802798944383,17.09375089079408,1.9984014443252818e-15,-4.440892098500626e-16,298.3290343704061
154.10719281984132,15.794569322686188,17.089996006200124,1.7763568394002505e-15,1.1102230246251565e-16,298.32593458670243
154.11751914948195,15.793334983803744,17.086242581319624,1.1102230246251565e-15,-3.3306690738754696e-16,298.322815261125
154.12784530139723,15.79209978301124,17.082490616225403,1.7763568394002505e-15,0.0,298.3196763993589
154.1381712755845,15.790863721022895,17.078740110990296,8.881784197001252e-16,0.0,298.3165180070891
154.14849707204127,15.789626798552927,17.074991065687154,2.220446049250313e-16,-2.220446049250313e-16,298.3133400900007
154.15882269076508,15.788389016315563,17.071243480388794,1.3322676295501878e-15,-3.3306690738754696e-16,298.3101426537786
154.16914813175399,15.787150375025007,17.067497355168072,4.440892098500626e-16,0.0,298.30692570410804
154.17947339500586,15.78591087539549,17.0637526900978,1.1102230246251565e-15,0.0,298.30368924667385
154.1897984805189,15.78467051814125,17.060009485250827,1.5543122344752192e-15,-1.1102230246251565e-16,298.3004332871611
154.20012338829142,15.783429303976511,17.05626774069999,0.0,0.0,298.297157831255
154.21044811832195,15.782187233615492,17.052527456518124,4.440892098500626e-16,0.0,298.2938628846404
154.2207726706091,15.780944307772446,17.048788632778045,1.5543122344752192e-15,3.3306690738754696e-16,298.2905484530023
154.2310970451518,15.779700527161607,17.045051269552616,1.3322676295501878e-15,1.1102230246251565e-16,298.28721454202616
154.2414212419489,15.77845589249722,17.041315366914652,1.5543122344752192e-15,0.0,298.28386115739653
154.25174526099968,15.777210404493514,17.037580924937007,8.881784197001252e-16,0.0,298.28048830479867
154.26206910230343,15.775964063864743,17.033847943692493,2.220446049250313e-16,0.0,298.2770959899175
154.27239276585956,15.77471687132516,17.03011642325396,8.881784197001252e-16,1.1102230246251565e-16,298.27368421843823
154.28271625166778,15.77346882758902,17.026386363694247,2.220446049250313e-16,-1.1102230246251565e-16,298.2702529960456
154.29303955972793,15.772219933370561,17.02265776508618,-2.220446049250313e-16,3.3306690738754696e-16,298.26680232842506
154.30336269003993,15.77097018938405,17.018930627502595,1.1102230246251565e-15,3.3306690738754696e-16,298.26333222126135
154.31368564260399,15.76971959634375,17.01520495101633,1.7763568394002505e-15,1.1102230246251565e-16,298.25984268023973
154.32400841742032,15.768468154963923,17.01148073570022,1.3322676295501878e-15,2.220446049250313e-16,298.256333711045
154.3343310144895,15.767215865958823,17.0077579816271,2.220446049250313e-16,0.0,298.2528053193623
154.3446534338121,15.765962730042721,17.004036688869807,8.881784197001252e-16,0.0,298.2492575108767
154.35497567538894,15.764708747929891,17.000316857501172,1.5543122344752192e-15,-3.3306690738754696e-16,298.2456902912731
154.36529773922095,15.763453920334603,16.99659848759403,6.661338147750939e-16,-4.440892098500626e-16,298.24210366623674
154.3756196253093,15.762198247971126,16.992881579221223,1.5543122344752192e-15,-1.1102230246251565e-16,298.23849764145257
154.38594133365532,15.76094173155374,16.989166132455583,8.881784197001252e-16,3.3306690738754696e-16,298.23487222260565
154.3962628642604,15.759684371796725,16.985452147369937,1.9984014443252818e-15,-1.1102230246251565e-16,298.2312274153809
154.4065842171261,15.75842616941437,16.98173962403714,1.7763568394002505e-15,-1.1102230246251565e-16,298.22756322546337
154.41690539225436,15.75716712512094,16.978028562530007,1.7763568394002505e-15,-1.1102230246251565e-16,298.2238796585384
154.42722638964707,15.755907239630739,16.97431896292138,8.881784197001252e-16,1.1102230246251565e-16,298.2201767202907
154.4375472093063,15.754646513658042,16.9706108252841,1.1102230246251565e-15,-1.1102230246251565e-16,298.2164544164054
154.4478678512343,15.75338494791716,16.966904149690993,2.220446049250313e-15,-4.440892098500626e-16,298.21271275256754
154.45818831543363,15.75212254312236,16.9631989362149,1.3322676295501878e-15,-3.3306690738754696e-16,298.20895173446206
154.46850860190682,15.750859299987948,16.959495184928656,1.7763568394002505e-15,0.0,298.2051713677743
154.47882871065661,15.749595219228235,16.955792895905095,4.440892098500626e-16,-2.220446049250313e-16,298.20137165818903
154.489148641686,15.748330301557502,16.952092069217052,1.1102230246251565e-15,1.1102230246251565e-16,298.19755261139136
154.49946839499808,15.747064547690059,16.948392704937365,4.440892098500626e-16,0.0,298.1937142330663
154.50978797059602,15.74579795834021,16.944694803138866,1.5543122344752192e-15,-2.220446049250313e-16,298.18985652889893
154.52010736848334,15.744530534222264,16.940998363894394,8.881784197001252e-16,4.440892098500626e-16,298.1859795045744
154.5304265886636,15.74326227605053,16.937303387276778,1.1102230246251565e-15,-3.3306690738754696e-16,298.18208316577744
154.5407456311406,15.741993184539304,16.93360987335885,8.881784197001252e-16,1.1102230246251565e-16,298.1781675181934
154.55106449591815,15.740723260402921,16.929917822213465,1.3322676295501878e-15,-2.220446049250313e-16,298.1742325675071
154.56138318300037,15.739452504355691,16.926227233913433,6.661338147750939e-16,-1.1102230246251565e-16,298.1702783194037
154.57170169239154,15.738180917111917,16.922538108531608,6.661338147750939e-16,-1.1102230246251565e-16,298.1663047795681
154.58202002409607,15.736908499385924,16.91885044614082,6.661338147750939e-16,2.220446049250313e-16,298.16231195368556
154.59233817811847,15.735635251892042,16.9151642468139,4.440892098500626e-16,0.0,298.15829984744107
154.60265615446346,15.73436117534459,16.91147951062369,1.1102230246251565e-15,0.0,298.1542684665195
154.61297395313602,15.73308627045789,16.90779623764302,1.1102230246251565e-15,-2.220446049250313e-16,298.150217816606
154.6232915741412,15.731810537946274,16.90411442794472,4.440892098500626e-16,-1.1102230246251565e-16,298.14614790338544
154.63360901748416,15.730533978524068,16.900434081601638,6.661338147750939e-16,0.0,298.14205873254326
154.6439262831703,15.729256592905609,16.896755198686606,6.661338147750939e-16,-3.3306690738754696e-16,298.1379503097642
154.65424337120518,15.72797838180522,16.89307777927245,6.661338147750939e-16,-3.3306690738754696e-16,298.1338226407333
154.66456028159456,15.72669934593724,16.889401823432017,8.881784197001252e-16,0.0,298.1296757311356
