galstreams/tracks/track.st.Gaia-7.ibata2024.ecsv
# %ECSV 1.0
# ---
# datatype:
# - {name: ra, unit: deg, datatype: float64}
# - {name: dec, unit: deg, datatype: float64}
# - {name: distance, unit: kpc, datatype: float64}
# - {name: pm_ra_cosdec, unit: mas / yr, datatype: float64}
# - {name: pm_dec, unit: mas / yr, datatype: float64}
# - {name: radial_velocity, unit: km / s, datatype: float64}
# delimiter: ','
# meta: !!omap
# - __serialized_columns__:
#     dec:
#       __class__: astropy.coordinates.angles.Latitude
#       unit: &id001 !astropy.units.Unit {unit: deg}
#       value: !astropy.table.SerializedColumn {name: dec}
#     distance:
#       __class__: astropy.coordinates.distances.Distance
#       unit: !astropy.units.Unit {unit: kpc}
#       value: !astropy.table.SerializedColumn {name: distance}
#     pm_dec:
#       __class__: astropy.units.quantity.Quantity
#       unit: !astropy.units.Unit {unit: mas / yr}
#       value: !astropy.table.SerializedColumn {name: pm_dec}
#     pm_ra_cosdec:
#       __class__: astropy.units.quantity.Quantity
#       unit: !astropy.units.Unit {unit: mas / yr}
#       value: !astropy.table.SerializedColumn {name: pm_ra_cosdec}
#     ra:
#       __class__: astropy.coordinates.angles.Longitude
#       unit: *id001
#       value: !astropy.table.SerializedColumn {name: ra}
#       wrap_angle: !astropy.coordinates.Angle
#         unit: *id001
#         value: 360.0
#     radial_velocity:
#       __class__: astropy.units.quantity.Quantity
#       unit: !astropy.units.Unit {unit: km / s}
#       value: !astropy.table.SerializedColumn {name: radial_velocity}
# schema: astropy-2.0
ra,dec,distance,pm_ra_cosdec,pm_dec,radial_velocity
[from data line 1133]
184.29589243881472,-19.91137800866822,1.0000000000000002,-9.951669643406724,0.4005782997041827,52.79200244580333
184.30322343126326,-19.91875710678817,1.0000000000000004,-9.951280746276934,0.4014232092274628,52.77648427372816
184.31055692411414,-19.92613448158148,1.0000000000000004,-9.950891302671593,0.4022673787261244,52.760983708181705
184.3178929203936,-19.933510130588328,1.0000000000000002,-9.950501313772692,0.40311080721526604,52.745500781925166
184.32523142312786,-19.94088405134813,1.0000000000000004,-9.950110780762063,0.4039534937097451,52.73003552771989
184.33257243534328,-19.948256241399584,1.0000000000000004,-9.949719704821442,0.4047954372241773,52.714587978327074
184.33991596006615,-19.955626698280657,1.0000000000000002,-9.94932808713241,0.4056366367729467,52.699158166508
184.34726200032276,-19.96299541952854,1.0000000000000004,-9.948935928876415,0.4064770913701947,52.68374612502397
184.35461055913947,-19.97036240267971,1.0000000000000004,-9.948543231234787,0.4073168000298244,52.66835188663624
184.36196163954259,-19.977727645269894,1.0000000000000004,-9.9481499953887,0.40815576176550517,52.65297548410609
184.3693152445585,-19.985091144834076,1.0000000000000004,-9.947756222519228,0.40899397559066086,52.637616950194754
184.37667137721357,-19.992452898906496,1.0000000000000004,-9.947361913807278,0.4098314405184813,52.6222763176635
184.38403004053418,-19.99981290502064,1.0000000000000002,-9.946967070433638,0.4106681555619174,52.60695361927364
184.3913912375467,-20.007171160709248,1.0000000000000004,-9.94657169357896,0.4115041197336837,52.5916488877864
184.39875497127753,-20.01452766350433,1.0000000000000004,-9.946175784423755,0.4123393320462583,52.57636215596308
184.40612124475305,-20.02188241093712,1.0000000000000002,-9.94577934414841,0.4131737915118743,52.56109345656492
184.4134900609997,-20.029235400538138,1.0000000000000002,-9.945382373933157,0.4140074971425367,52.54584282235317
184.42086142304385,-20.036586629837124,1.0000000000000004,-9.94498487495811,0.41484044795000363,52.5306102860892
184.42823533391194,-20.043936096363066,1.0000000000000004,-9.944586848403237,0.41567264294580486,52.51539588053417
184.43561179663035,-20.051283797644228,1.0000000000000004,-9.94418829544837,0.41650408114122817,52.500199638449395
184.44299081422554,-20.0586297312081,1.0000000000000004,-9.943789217273201,0.4173347615473224,52.48502159259613
184.4503723897239,-20.06597389458142,1.0000000000000004,-9.943389615057296,0.4181646831749064,52.46986177573564
184.45775652615185,-20.07331628529017,1.0000000000000004,-9.942989489980059,0.4189938450345507,52.45472022062922
184.46514322653582,-20.08065690085959,1.0000000000000002,-9.942588843220777,0.4198222461365999,52.439596960038095
184.47253249390218,-20.087995738814143,1.0000000000000002,-9.942187675958582,0.42064988549115423,52.42449202672358
184.47992433127737,-20.095332796677553,1.0000000000000002,-9.941785989372482,0.42147676210807816,52.409405453446915
184.48731874168777,-20.10266807197277,1.0000000000000002,-9.941383784641323,0.42230287499700614,52.39433727296937
184.49471572815983,-20.110001562222,1.0000000000000002,-9.940981062943838,0.42312822316732923,52.37928751805223
184.50211529371987,-20.117333264946673,1.0000000000000004,-9.940577825458584,0.4239528056282027,52.36425622145675
184.5095174413943,-20.124663177667475,1.0000000000000002,-9.94017407336402,0.42477662138854866,52.349243415944166
184.51692217420953,-20.131991297904314,1.0000000000000004,-9.939769807838415,0.4255996694570494,52.33424913427583
184.52432949519186,-20.13931762317635,1.0000000000000004,-9.939365030059937,0.42642194884215234,52.31927340921295
184.5317394073677,-20.146642151001966,1.0000000000000004,-9.938959741206583,0.4272434585520717,52.30431627351678
184.53915191376333,-20.15396487889879,1.0000000000000004,-9.93855394245622,0.4280641975947792,52.28937775994863
184.5465670174051,-20.161285804383677,1.0000000000000004,-9.938147634986567,0.42888416497801796,52.27445790126975
184.55398472131935,-20.16860492497272,1.0000000000000004,-9.937740819975206,0.42970335970928764,52.25955673024141
184.56140502853236,-20.175922238181247,1.0000000000000004,-9.937333498599564,0.43052178079586234,52.24467427962488
184.56882794207039,-20.183237741523804,1.0000000000000002,-9.936925672036928,0.4313394272447679,52.22981058218141
184.57625346495973,-20.190551432514184,1.0000000000000004,-9.936517341464437,0.4321562980628024,52.214965670672306
184.58368160022658,-20.1978633086654,1.0000000000000004,-9.936108508059085,0.4329723922565294,52.20013957785882
184.59111235089725,-20.205173367489703,1.0000000000000002,-9.935699172997735,0.43378770883227347,52.18533233650218
184.59854571999784,-20.212481606498564,1.0000000000000002,-9.935289337457066,0.4346022467961288,52.17054397936374
184.60598171055463,-20.219788023202682,1.0000000000000002,-9.934879002613647,0.43541600515394574,52.155774539204685
184.6134203255937,-20.227092615111978,1.0000000000000004,-9.934468169643878,0.4362289829113446,52.141024048786356
184.6208615681412,-20.234395379735602,1.0000000000000004,-9.934056839724025,0.43704117907370943,52.12629254086993
184.62830544122332,-20.241696314581944,1.0000000000000002,-9.933645014030201,0.4378525926462,52.111580048216744
184.63575194786603,-20.24899541715859,1.0000000000000004,-9.93323269373835,0.43866322263372215,52.09688660358806
184.64320109109548,-20.25629268497236,1.0000000000000004,-9.932819880024304,0.4394730680409604,52.08221223974513
184.65065287393762,-20.263588115529302,1.0000000000000004,-9.932406574063716,0.44028212787236143,52.06755698944924
184.6581072994185,-20.270881706334684,1.0000000000000004,-9.931992777032098,0.4410904011321346,52.052920885461646
184.66556437056406,-20.278173454892972,1.0000000000000004,-9.93157849010481,0.4418978868242558,52.0383039605436
184.67302409040025,-20.28546335870788,1.0000000000000004,-9.93116371445706,0.44270458395247436,52.023706247456396
184.68048646195297,-20.29275141528232,1.0000000000000004,-9.930748451263913,0.4435104915202941,52.00912777896133
184.68795148824813,-20.300037622118435,1.0000000000000004,-9.930332701700273,0.44431560853098784,51.994568587819565
184.6954191723115,-20.307321976717567,1.0000000000000004,-9.929916466940885,0.44511993398759975,51.98002870679249
184.7028895171689,-20.314604476580293,1.0000000000000004,-9.929499748160362,0.44592346689293283,51.96550816864129
184.71036252584605,-20.321885119206375,1.0000000000000004,-9.92908254653314,0.4467262062495614,51.95100700612732
184.71783820136878,-20.329163902094827,1.0000000000000004,-9.928664863233525,0.44752815105982124,51.936525252011734
184.7253165467627,-20.336440822743842,1.0000000000000004,-9.928246699435642,0.44832930032582086,51.92206293905588
184.73279756505346,-20.343715878650837,1.0000000000000004,-9.92782805631348,0.4491296530494302,51.90762010002101
184.74028125926665,-20.35098906731243,1.0000000000000007,-9.927408935040871,0.4499292082322812,51.89319676766839
184.74776763242784,-20.35826038622448,1.0000000000000004,-9.926989336791486,0.45072796487578826,51.8787929747593
184.75525668756256,-20.36552983288201,1.0000000000000004,-9.926569262738846,0.45152592198111163,51.86440875405497
184.76274842769624,-20.372797404779284,1.0000000000000004,-9.926148714056303,0.4523230785491972,51.8500441383167
184.77024285585435,-20.380063099409746,1.0000000000000004,-9.925727691917066,0.45311943358074336,51.83569916030577
184.7777399750622,-20.387326914266072,1.0000000000000002,-9.925306197494175,0.45391498607622527,51.82137385278344
184.78523978834517,-20.394588846840115,1.0000000000000002,-9.924884231960528,0.45470973503587464,51.80706824851092
184.79274229872848,-20.401848894622965,1.0000000000000004,-9.924461796488838,0.45550367945970427,51.79278238024958
184.80024750923744,-20.40910705510488,1.0000000000000004,-9.924038892251692,0.45629681834748315,51.7785162807606
184.80775542289712,-20.416363325775347,1.0000000000000007,-9.92361552042149,0.45708915069875156,51.76426998280532
184.8152660427327,-20.423617704123036,1.0000000000000007,-9.923191682170486,0.45788067551281575,51.75004351914494
184.82277937176923,-20.430870187635815,1.0000000000000007,-9.922767378670773,0.45867139178875016,51.73583692254078
184.83029541303173,-20.438120773800772,1.0000000000000007,-9.922342611094281,0.4594612985253961,51.721650225754054
184.83781416954514,-20.445369460104175,1.0000000000000007,-9.921917380612772,0.4602503947213643,51.707483461546126
184.84533564433434,-20.452616244031493,1.0000000000000004,-9.921491688397861,0.4610386793750303,51.693336662678156
184.85285984042414,-20.459861123067384,1.0000000000000004,-9.921065535620988,0.46182615148454254,51.679209861911474
184.8603867608394,-20.467104094695728,1.0000000000000007,-9.920638923453435,0.4626128100478115,51.665103092007335
184.86791640860474,-20.474345156399554,1.0000000000000007,-9.920211853066323,0.4633986540625177,51.65101638572701
184.87544878674484,-20.481584305661134,1.0000000000000007,-9.919784325630607,0.4641836825261132,51.63694977583176
184.8829838982843,-20.48882153996189,1.0000000000000009,-9.919356342317073,0.4649678944358113,51.62290329508288
184.89052174624763,-20.49605685678246,1.0000000000000007,-9.918927904296355,0.46575128878860195,51.60887697624158
184.89806233365923,-20.50329025360266,1.0000000000000007,-9.918499012738913,0.4665338645812347,51.59487085206918
184.90560566354358,-20.510521727901512,1.0000000000000007,-9.918069668815042,0.46731562081023315,51.58088495532694
184.91315173892494,-20.5177512771572,1.0000000000000009,-9.917639873694867,0.46809655647188864,51.56691931877611
184.9207005628275,-20.524978898847127,1.0000000000000004,-9.917209628548362,0.46887667056226157,51.55297397517797
184.92825213827552,-20.53220459044785,1.0000000000000007,-9.916778934545311,0.4696559620771792,51.5390489572938
184.93580646829312,-20.53942834943513,1.0000000000000007,-9.91634779285536,0.47043443001223606,51.525144297884836
184.94336355590423,-20.546650173283915,1.0000000000000009,-9.915916204647953,0.47121207336279936,51.51126002971239
184.95092340413285,-20.55387005946832,1.0000000000000007,-9.915484171092395,0.47198889112400444,51.497396185537696
184.95848601600287,-20.561088005461674,1.0000000000000007,-9.9150516933578,0.47276488229075664,51.48355279812204
184.96605139453806,-20.568304008736444,1.0000000000000004,-9.914618772613137,0.4735400458577286,51.469729900226675
184.97361954276218,-20.575518066764303,1.0000000000000004,-9.914185410027182,0.4743143808193562,51.455927524612875
184.98119046369882,-20.582730177016114,1.0000000000000007,-9.91375160676854,0.47508788616985864,51.442145704041934
184.98876416037155,-20.5899403369619,1.0000000000000007,-9.913317364005673,0.4758605609032136,51.42838447127505
184.99634063580385,-20.597148544070862,1.0000000000000007,-9.912882682906842,0.4766324040131735,51.41464385907361
185.00391989301914,-20.604354795811386,1.0000000000000007,-9.912447564640155,0.4774034144932542,51.40092390019876
185.01150193504068,-20.61155908965103,1.0000000000000007,-9.912012010373536,0.4781735913367484,51.38722462741183
185.0190867648917,-20.61876142305654,1.0000000000000007,-9.911576021274737,0.4789429335367159,51.37354607347409
185.02667438559538,-20.625961793493804,1.0000000000000007,-9.91113959851135,0.47971144008598365,51.35988827114678
185.03426480017472,-20.63316019842791,1.0000000000000007,-9.910702743250777,0.4804791099771535,51.34625125319119
185.04185801165266,-20.640356635323105,1.0000000000000007,-9.910265456660252,0.48124594220259365,51.33263505236859
185.0494540230521,-20.64755110164282,1.0000000000000007,-9.90982773990684,0.48201193575444323,51.31903970144023
185.05705283739582,-20.654743594849645,1.0000000000000007,-9.909389594157417,0.4827770896246131,51.30546523316741
185.06465445770644,-20.66193411240534,1.0000000000000007,-9.908951020578701,0.4835414028047813,51.29191168031136
185.07225888700657,-20.66912265177083,1.0000000000000007,-9.908512020337213,0.4843048742863991,51.27837907563338
185.0798661283187,-20.67630921040622,1.0000000000000004,-9.908072594599322,0.4850675030606868,51.264867451894716
185.08747618466523,-20.683493785770768,1.0000000000000007,-9.907632744531199,0.48582928811863724,51.25137684185665
185.0950890590684,-20.690676375322905,1.0000000000000007,-9.90719247129884,0.4865902284510111,51.23790727828044
185.10270475455047,-20.69785697652021,1.0000000000000007,-9.906751776068079,0.48735032304834114,51.224458793927354
185.11032327413346,-20.70503558681945,1.0000000000000004,-9.906310660004555,0.4881095709009311,51.21103142155868
185.11794462083935,-20.712212203676533,1.0000000000000007,-9.905869124273725,0.48886797099885815,51.19762519393567
185.12556879769008,-20.719386824546543,1.0000000000000007,-9.905427170040882,0.48962552233196455,51.184240143819615
185.13319580770738,-20.726559446883712,1.0000000000000004,-9.90498479847113,0.49038222388986474,51.170876303971724
185.1408256539129,-20.73373006814144,1.0000000000000007,-9.904542010729386,0.4911380746619529,51.15753370715333
185.14845833932827,-20.740898685772283,1.0000000000000004,-9.904098807980404,0.4918930736373839,51.14421238612566
185.15609386697489,-20.748065297227935,1.0000000000000007,-9.903655191388733,0.49264721980508686,51.13091237365002
185.1637322398741,-20.755229899959296,1.0000000000000007,-9.903211162118758,0.49340051215377123,51.11763370248766
185.17137346104712,-20.762392491416357,1.0000000000000007,-9.902766721334674,0.4941529496718986,51.10437640539982
185.17901753351506,-20.769553069048317,1.0000000000000009,-9.902321870200488,0.49490453134772183,51.09114051514781
185.18666446029894,-20.7767116303035,1.0000000000000007,-9.901876609880038,0.495655256169258,51.077926064492864
185.19431424441964,-20.783868172629372,1.0000000000000007,-9.901430941536958,0.4964051231242923,51.064733086196284
185.2019668888979,-20.79102269347259,1.0000000000000007,-9.900984866334708,0.4971541312003862,51.051561613019345
185.2096223967544,-20.79817519027893,1.0000000000000007,-9.900538385436569,0.49790227938487286,51.03841167772326
185.21728077100965,-20.805325660493317,1.0000000000000007,-9.900091500005622,0.4986495666648558,51.02528331306934
185.22494201468407,-20.812474101559836,1.0000000000000007,-9.899644211204777,0.49939599202721086,51.01217655181883
185.2326061307979,-20.819620510921723,1.0000000000000007,-9.899196520196737,0.5001415544585912,50.999091426733045
185.24027312237132,-20.826764886021333,1.0000000000000004,-9.898748428144033,0.5008862529454126,50.98602797057318
185.24794299242438,-20.83390722430021,1.0000000000000004,-9.898299936209009,0.5016300864738725,50.972986216100566
185.25561574397696,-20.841047523198988,1.0000000000000007,-9.897851045553805,0.5023730540299298,50.95996619607647
185.26329138004888,-20.8481857801575,1.0000000000000007,-9.897401757340397,0.5031151545993331,50.9469679432621
185.27096990365976,-20.85532199261468,1.0000000000000007,-9.896952072730542,0.5038563871675863,50.933991490418784
185.2786513178291,-20.862456158008627,1.0000000000000007,-9.896501992885831,0.5045967507199767,50.92103687030776
185.28633562557633,-20.869588273776564,1.0000000000000004,-9.89605151896766,0.5053362442415597,50.90810411569033
185.29402282992064,-20.876718337354863,1.0000000000000007,-9.89560065213721,0.5060748667171637,50.89519325932771
185.30171293388116,-20.883846346179027,1.0000000000000007,-9.895149393555506,0.5068126171314007,50.882304333981246
185.30940594047692,-20.890972297683707,1.0000000000000007,-9.894697744383357,0.5075494944686301,50.8694373724121
185.31710185272675,-20.898096189302677,1.0000000000000007,-9.894245705781392,0.5082854977130129,50.85659240738164
185.32480067364932,-20.90521801846886,1.0000000000000007,-9.893793278910037,0.5090206258484682,50.843769471651065
185.33250240626322,-20.9123377826143,1.0000000000000004,-9.89334046492953,0.5097548778586916,50.83096859798168
185.34020705358682,-20.919455479170185,1.0000000000000004,-9.89288726499991,0.5104882527271526,50.81818981913475
