galstreams/tracks/track.st.NGC288.sollima2020.ecsv
# %ECSV 0.9
# ---
# datatype:
# - {name: ra, unit: deg, datatype: float64}
# - {name: dec, unit: deg, datatype: float64}
# - {name: distance, unit: kpc, datatype: float64}
# - {name: pm_ra_cosdec, unit: mas / yr, datatype: float64}
# - {name: pm_dec, unit: mas / yr, datatype: float64}
# - {name: radial_velocity, unit: km / s, datatype: float64}
# delimiter: ','
# meta: !!omap
# - __serialized_columns__:
#     dec:
#       __class__: astropy.coordinates.angles.Latitude
#       unit: &id001 !astropy.units.Unit {unit: deg}
#       value: !astropy.table.SerializedColumn {name: dec}
#     distance:
#       __class__: astropy.coordinates.distances.Distance
#       unit: !astropy.units.Unit {unit: kpc}
#       value: !astropy.table.SerializedColumn {name: distance}
#     pm_dec:
#       __class__: astropy.units.quantity.Quantity
#       unit: !astropy.units.Unit {unit: mas / yr}
#       value: !astropy.table.SerializedColumn {name: pm_dec}
#     pm_ra_cosdec:
#       __class__: astropy.units.quantity.Quantity
#       unit: !astropy.units.Unit {unit: mas / yr}
#       value: !astropy.table.SerializedColumn {name: pm_ra_cosdec}
#     ra:
#       __class__: astropy.coordinates.angles.Longitude
#       unit: *id001
#       value: !astropy.table.SerializedColumn {name: ra}
#       wrap_angle: !astropy.coordinates.Angle
#         unit: *id001
#         value: 360.0
#     radial_velocity:
#       __class__: astropy.units.quantity.Quantity
#       unit: !astropy.units.Unit {unit: km / s}
#       value: !astropy.table.SerializedColumn {name: radial_velocity}
# schema: astropy-2.0
ra,dec,distance,pm_ra_cosdec,pm_dec,radial_velocity
[from data line 470]
13.473664940561784,-28.176444310456162,8.100000000000003,0.0,0.0,0.0
13.46107359680374,-28.20481914082127,8.100000000000003,0.0,0.0,0.0
13.448569322826831,-28.233070987370457,8.100000000000003,0.0,0.0,0.0
13.436158457018035,-28.26119177548777,8.100000000000005,0.0,0.0,0.0
13.423847299752872,-28.289173495131585,8.100000000000003,0.0,0.0,0.0
13.411642109656018,-28.31700820535021,8.100000000000003,0.0,0.0,0.0
13.399549099834292,-28.34468803880542,8.100000000000003,0.0,0.0,0.0
13.387574434083755,-28.372205206302336,8.100000000000003,0.0,0.0,0.0
13.375724223072707,-28.39955200132377,8.100000000000005,0.0,0.0,0.0
13.36400452050249,-28.426720804567353,8.100000000000003,0.0,0.0,0.0
13.35242131924804,-28.45370408848353,8.100000000000003,0.0,0.0,0.0
13.340980547480143,-28.48049442181276,8.100000000000005,0.0,0.0,0.0
13.329688064771538,-28.507084474119843,8.100000000000005,0.0,0.0,0.0
13.318549658188957,-28.533467020323727,8.100000000000001,0.0,0.0,0.0
13.307571038373323,-28.55963494522069,8.100000000000001,0.0,0.0,0.0
13.296757835610393,-28.585581247999123,8.100000000000001,0.0,0.0,0.0
13.286115595894119,-28.61129904674385,8.1,0.0,0.0,0.0
13.275649776985196,-28.63678158292805,8.100000000000001,0.0,0.0,0.0
13.265365744467218,-28.662022225890784,8.100000000000001,0.0,0.0,0.0
13.255268767802942,-28.68701447729799,8.100000000000001,0.0,0.0,0.0
13.24536401639328,-28.71175197558507,8.100000000000003,0.0,0.0,0.0
13.235656555641642,-28.736228500378726,8.100000000000001,0.0,0.0,0.0
13.22615134302629,-28.76043797689612,8.1,0.0,0.0,0.0
13.216853224183513,-28.78437448031911,8.100000000000001,0.0,0.0,0.0
13.2077669290044,-28.808032240141344,8.1,0.0,0.0,0.0
13.198897067748073,-28.831405644486114,8.1,0.0,0.0,0.0
13.190248127174266,-28.854489244392557,8.100000000000001,0.0,0.0,0.0
13.181824466698263,-28.877277758067976,8.100000000000001,0.0,0.0,0.0
13.173630314571167,-28.89976607510409,8.100000000000001,0.0,0.0,0.0
13.165669764088566,-28.921949260654564,8.100000000000003,0.0,0.0,0.0
13.15794676983067,-28.943822559571757,8.100000000000003,0.0,0.0,0.0
13.150465143937115,-28.96538140049999,8.100000000000001,0.0,0.0,0.0
13.143228552419522,-28.986621399922992,8.100000000000001,0.0,0.0,0.0
13.136240511515135,-29.007538366162986,8.100000000000003,0.0,0.0,0.0
13.129504384084704,-29.028128303328938,8.100000000000001,0.0,0.0,0.0
13.123023376057908,-29.048387415211135,8.100000000000001,0.0,0.0,0.0
13.116800532929673,-29.068312109119855,8.100000000000001,0.0,0.0,0.0
13.110838736310681,-29.087898999665008,8.100000000000001,0.0,0.0,0.0
13.105140700535427,-29.107144912474396,8.100000000000001,0.0,0.0,0.0
13.09970896933127,-29.126046887847618,8.100000000000003,0.0,0.0,0.0
13.094545912551787,-29.144602184342872,8.100000000000001,0.0,0.0,0.0
13.089653722977934,-29.16280828229372,8.100000000000001,0.0,0.0,0.0
13.0850344131904,-29.1806628872531,8.100000000000001,0.0,0.0,0.0
13.080689812516598,-29.198163933361343,8.100000000000001,0.0,0.0,0.0
13.076621564055788,-29.215309586635463,8.100000000000003,0.0,0.0,0.0
13.07283112178573,-29.232098248176392,8.100000000000003,0.0,0.0,0.0
13.069319747754365,-29.248528557291326,8.100000000000003,0.0,0.0,0.0
13.066088509359988,-29.264599394527767,8.100000000000001,0.0,0.0,0.0
13.063138276723304,-29.280309884616127,8.100000000000001,0.0,0.0,0.0
13.06046972015494,-29.295659399317675,8.100000000000001,0.0,0.0,0.0
13.058083307721732,-29.310647560174402,8.100000000000001,0.0,0.0,0.0
13.055979302915308,-29.32527424115742,8.100000000000001,0.0,0.0,0.0
13.05415776242632,-29.33953957121047,8.100000000000001,0.0,0.0,0.0
13.052618534027777,-29.353443936684982,8.100000000000001,0.0,0.0,0.0
13.051361254570873,-29.36698798366317,8.100000000000001,0.0,0.0,0.0
13.050385348096603,-29.380172620165407,8.100000000000001,0.0,0.0,0.0
13.049690024066606,-29.392999018238356,8.100000000000001,0.0,0.0,0.0
13.049274275716504,-29.405468615919823,8.100000000000001,0.0,0.0,0.0
13.049136878535018,-29.41758311907685,8.100000000000001,0.0,0.0,0.0
13.049276388872173,-29.42934450311277,8.100000000000003,0.0,0.0,0.0
13.049691142679812,-29.440755014539572,8.100000000000001,0.0,0.0,0.0
13.050379254387606,-29.451817172411346,8.100000000000001,0.0,0.0,0.0
13.05133861591776,-29.462533769614843,8.100000000000001,0.0,0.0,0.0
13.05256689584155,-29.4729078740128,8.100000000000001,0.0,0.0,0.0
13.054061538680822,-29.48294282943606,8.100000000000001,0.0,0.0,0.0
13.055819764357471,-29.492642256519932,8.100000000000001,0.0,0.0,0.0
13.05783856779401,-29.502010053380527,8.100000000000001,0.0,0.0,0.0
13.060114718668176,-29.51105039612664,8.100000000000001,0.0,0.0,0.0
13.062644761324592,-29.519767739202646,8.100000000000001,0.0,0.0,0.0
13.065425014846364,-29.528166815557743,8.100000000000001,0.0,0.0,0.0
13.068451573289556,-29.536252636637073,8.100000000000001,0.0,0.0,0.0
13.07172030608339,-29.54403049218975,8.100000000000001,0.0,0.0,0.0
13.075226858598995,-29.55150594988923,8.100000000000003,0.0,0.0,0.0
13.07896665288952,-29.558684854761005,8.100000000000001,0.0,0.0,0.0
13.082934888604331,-29.56557332841269,8.100000000000003,0.0,0.0,0.0
13.087126544080105,-29.572177768061675,8.100000000000003,0.0,0.0,0.0
13.091536377611462,-29.578504845354875,8.1,0.0,0.0,0.0
13.09615892890381,-29.58456150497595,8.100000000000001,0.0,0.0,0.0
13.100988520711152,-29.59035496303433,8.1,0.0,0.0,0.0
13.10601926066133,-29.59589270523094,8.100000000000001,0.0,0.0,0.0
13.111245043271504,-29.60118248479534,8.100000000000003,0.0,0.0,0.0
13.116659552156332,-29.606232320188724,8.100000000000001,0.0,0.0,0.0
13.122256262431453,-29.611050492567372,8.100000000000001,0.0,0.0,0.0
13.128028443314962,-29.61564554300093,8.100000000000003,0.0,0.0,0.0
13.133969160929285,-29.620026269439986,8.100000000000001,0.0,0.0,0.0
13.140071281306144,-29.624201723427223,8.100000000000003,0.0,0.0,0.0
13.146327473597179,-29.62818120654639,8.100000000000001,0.0,0.0,0.0
13.152730213492712,-29.631974266603205,8.100000000000001,0.0,0.0,0.0
13.159271786851392,-29.635590693532542,8.100000000000001,0.0,0.0,0.0
13.165944293543204,-29.63904051502575,8.100000000000003,0.0,0.0,0.0
13.172739651508573,-29.642333991872214,8.100000000000001,0.0,0.0,0.0
13.179649601036173,-29.645481613009085,8.100000000000001,0.0,0.0,0.0
13.186665709262131,-29.648494090273168,8.1,0.0,0.0,0.0
13.193779374893444,-29.651382352848703,8.100000000000001,0.0,0.0,0.0
13.20098183315829,-29.654157541404818,8.100000000000003,0.0,0.0,0.0
13.20826416098616,-29.656831001916604,8.100000000000001,0.0,0.0,0.0
13.215617282420624,-29.65941427916318,8.100000000000001,0.0,0.0,0.0
13.22303197426783,-29.661919109896765,8.100000000000001,0.0,0.0,0.0
13.230498871983587,-29.66435741567605,8.100000000000001,0.0,0.0,0.0
13.238008475802353,-29.666741295357575,8.100000000000001,0.0,0.0,0.0
13.245551157111187,-29.66908301723868,8.100000000000001,0.0,0.0,0.0
13.253117165072037,-29.67139501084534,8.100000000000001,0.0,0.0,0.0
13.260696633495781,-29.673689858358525,8.1,0.0,0.0,0.0
13.268279587971525,-29.67598028567228,8.1,0.0,0.0,0.0
13.275855953254784,-29.678279153077163,8.1,0.0,0.0,0.0
13.283415560918355,-29.680599445562073,8.100000000000001,0.0,0.0,0.0
13.290948157269781,-29.68295426272804,8.099999999999998,0.0,0.0,0.0
13.298443411539411,-29.685356808307134,8.1,0.0,0.0,0.0
13.305890924343338,-29.68782037927978,8.1,0.0,0.0,0.0
13.313280236425538,-29.690358354583708,8.1,0.0,0.0,0.0
13.320600837683758,-29.69298418340777,8.1,0.0,0.0,0.0
13.32784217648386,-29.695711373063865,8.1,0.0,0.0,0.0
13.334993669267563,-29.698553476430025,8.1,0.0,0.0,0.0
13.342044710458657,-29.701524078958006,8.1,0.0,0.0,0.0
13.348984682672993,-29.7046367852384,8.1,0.0,0.0,0.0
13.355802967237816,-29.7079052051165,8.1,0.0,0.0,0.0
13.362488955026132,-29.711342939351983,8.1,0.0,0.0,0.0
13.36903205761212,-29.7149635648157,8.099999999999998,0.0,0.0,0.0
13.375421718753808,-29.7187806192165,8.1,0.0,0.0,0.0
13.381647426209438,-29.722807585351315,8.1,0.0,0.0,0.0
13.387698723894294,-29.72705787487178,8.1,0.0,0.0,0.0
13.393565224384941,-29.731544811560262,8.1,0.0,0.0,0.0
13.399236621778096,-29.736281614108613,8.100000000000001,0.0,0.0,0.0
13.404702704911749,-29.741281378392756,8.1,0.0,0.0,0.0
13.409953370956258,-29.746557059236252,8.1,0.0,0.0,0.0
13.41497863938356,-29.752121451656006,8.1,0.0,0.0,0.0
13.41976866632291,-29.757987171583302,8.1,0.0,0.0,0.0
13.424313759311802,-29.76416663605337,8.099999999999998,0.0,0.0,0.0
13.428604392451179,-29.77067204285663,8.099999999999998,0.0,0.0,0.0
13.432631221974091,-29.777515349644858,8.1,0.0,0.0,0.0
13.436385102237619,-29.78470825248558,8.099999999999998,0.0,0.0,0.0
13.439857102147867,-29.792262163857774,8.099999999999998,0.0,0.0,0.0
13.443038522028397,-29.80018819008229,8.099999999999998,0.0,0.0,0.0
13.445920910942602,-29.808497108180234,8.1,0.0,0.0,0.0
13.448496084481043,-29.81719934215251,8.099999999999998,0.0,0.0,0.0
13.450756143024845,-29.826304938673935,8.099999999999998,0.0,0.0,0.0
13.452693490496825,-29.83582354219523,8.1,0.0,0.0,0.0
13.454300853612121,-29.84576436944618,8.099999999999998,0.0,0.0,0.0
13.45557130164054,-29.856136183333255,8.099999999999998,0.0,0.0,0.0
13.45649826669305,-29.866947266225253,8.099999999999998,0.0,0.0,0.0
13.457075564545221,-29.878205392620025,8.099999999999998,0.0,0.0,0.0
13.457297416010588,-29.889917801185835,8.099999999999998,0.0,0.0,0.0
13.457158468877315,-29.90209116617067,8.1,0.0,0.0,0.0
13.456653820421685,-29.914731568172847,8.099999999999996,0.0,0.0,0.0
13.455779040512162,-29.9278444642661,8.099999999999994,0.0,0.0,0.0
13.454530195318153,-29.941434657472804,8.099999999999996,0.0,0.0,0.0
13.45290387163754,-29.955506265578197,8.099999999999996,0.0,0.0,0.0
13.45089720185745,-29.970062689279196,8.099999999999996,0.0,0.0,0.0
13.448507889562693,-29.98510657966084,8.099999999999996,0.0,0.0,0.0
13.445734235806535,-30.000639804993547,8.099999999999996,0.0,0.0,0.0
13.44257516605841,-30.016663416844338,8.099999999999998,0.0,0.0,0.0
13.439030257843344,-30.033177615494957,8.099999999999996,0.0,0.0,0.0
13.435099769087657,-30.05018171465983,8.099999999999996,0.0,0.0,0.0
13.430784667185652,-30.06767410549681,8.099999999999996,0.0,0.0,0.0
13.426086658801676,-30.085652219903174,8.099999999999996,0.0,0.0,0.0
13.421008220421816,-30.10411249308966,8.099999999999996,0.0,0.0,0.0
13.415552629669357,-30.123050325424746,8.099999999999994,0.0,0.0,0.0
13.409723997397505,-30.14246004354156,8.099999999999996,0.0,0.0,0.0
13.403527300572792,-30.16233486069935,8.099999999999996,0.0,0.0,0.0
13.396968415961807,-30.18266683639112,8.099999999999993,0.0,0.0,0.0
13.390054154633473,-30.203446835189347,8.099999999999994,0.0,0.0,0.0
13.38279229728829,-30.22466448482058,8.099999999999994,0.0,0.0,0.0
13.375191630425178,-30.246308133460058,8.099999999999994,0.0,0.0,0.0
13.367261983355585,-30.268364806236814,8.099999999999994,0.0,0.0,0.0
13.35901426607353,-30.290820160939397,8.099999999999994,0.0,0.0,0.0
13.350460507988922,-30.313658442911883,8.099999999999994,0.0,0.0,0.0
13.341613897530216,-30.336862439129444,8.099999999999994,0.0,0.0,0.0
13.332488822620885,-30.360413431442037,8.099999999999994,0.0,0.0,0.0
13.323100912032558,-30.38429114897441,8.099999999999994,0.0,0.0,0.0
13.313467077615618,-30.408473719669793,8.099999999999996,0.0,0.0,0.0
13.303605557406186,-30.432937620964008,8.099999999999994,0.0,0.0,0.0
13.293535959605872,-30.457657629575976,8.099999999999994,0.0,0.0,0.0
13.28327930742835,-30.48260677039983,8.099999999999993,0.0,0.0,0.0
13.27285808480387,-30.507756264482758,8.099999999999993,0.0,0.0,0.0
13.262296282929901,-30.533075476071964,8.099999999999993,0.0,0.0,0.0
13.251619447652763,-30.558531858712787,8.099999999999994,0.0,0.0,0.0
13.240854727661446,-30.58409090037932,8.099999999999993,0.0,0.0,0.0
13.230030923471167,-30.609716067617068,8.099999999999993,0.0,0.0,0.0
13.21917853716963,-30.635368748676328,8.099999999999993,0.0,0.0,0.0
13.20832982289485,-30.66100819561352,8.099999999999994,0.0,0.0,0.0
13.197518838008271,-30.68659146533571,8.099999999999993,0.0,0.0,0.0
13.186781494921634,-30.71207335956272,8.099999999999993,0.0,0.0,0.0
13.17615561353079,-30.73740636367876,8.099999999999994,0.0,0.0,0.0
13.165680974203228,-30.762540584444174,8.099999999999993,0.0,0.0,0.0
13.15539937126002,-30.78742368653562,8.099999999999994,0.0,0.0,0.0
13.145354666885977,-30.81200082788122,8.099999999999994,0.0,0.0,0.0
13.135592845394633,-30.836214593754683,8.099999999999993,0.0,0.0,0.0
13.12616206776693,-30.860004929590442,8.099999999999993,0.0,0.0,0.0
13.117112726374625,-30.883309072479122,8.099999999999993,0.0,0.0,0.0
13.108497499790655,-30.906061481300277,8.09999999999999,0.0,0.0,0.0
13.100371407580054,-30.92819376544642,8.09999999999999,0.0,0.0,0.0
13.09279186495523,-30.94963461209,8.099999999999989,0.0,0.0,0.0
13.085818737170081,-30.970309711941397,8.09999999999999,0.0,0.0,0.0
13.079514393516767,-30.990141683443618,8.099999999999993,0.0,0.0,0.0
13.073943760778501,-31.009049995345627,8.09999999999999,0.0,0.0,0.0
13.06917437598063,-31.026950887593607,8.09999999999999,0.0,0.0,0.0
13.06527643827095,-31.04375729047542,8.09999999999999,0.0,0.0,0.0
13.062322859748317,-31.059378741950475,8.09999999999999,0.0,0.0,0.0
13.060389315046661,-31.073721303093922,8.09999999999999,0.0,0.0,0.0
13.059554289469228,-31.086687471579804,8.09999999999999,0.0,0.0,0.0
13.059899125455349,-31.0981760931249,8.09999999999999,0.0,0.0,0.0
13.061508067149415,-31.108082270810947,8.099999999999993,0.0,0.0,0.0
13.064468302829166,-31.116297272199567,8.09999999999999,0.0,0.0,0.0
13.068870004937551,-31.122708434150343,8.09999999999999,0.0,0.0,0.0
13.074806367450076,-31.1271990652493,8.09999999999999,0.0,0.0,0.0
13.082373640297236,-31.129648345751438,8.099999999999993,0.0,0.0,0.0
13.091671160549616,-31.129931224937717,8.099999999999993,0.0,0.0,0.0
13.102801380061898,-31.12791831578383,8.09999999999999,0.0,0.0,0.0
13.115869889261209,-31.123475786835385,8.09999999999999,0.0,0.0,0.0
13.130985436755338,-31.116465251181204,8.09999999999999,0.0,0.0,0.0
13.148259944427394,-31.106743652414742,8.099999999999993,0.0,0.0,0.0
13.167808517675619,-31.094163147471416,8.09999999999999,0.0,0.0,0.0
13.189749450451204,-31.078570986228375,8.09999999999999,0.0,0.0,0.0
13.214204224741863,-31.059809387752857,8.09999999999999,0.0,0.0,0.0
