galstreams/tracks/track.st.Gaia-6.ibata2021.ecsv
# %ECSV 1.0
# ---
# datatype:
# - {name: ra, unit: deg, datatype: float64}
# - {name: dec, unit: deg, datatype: float64}
# - {name: distance, unit: kpc, datatype: float64}
# - {name: pm_ra_cosdec, unit: mas / yr, datatype: float64}
# - {name: pm_dec, unit: mas / yr, datatype: float64}
# - {name: radial_velocity, unit: km / s, datatype: float64}
# delimiter: ','
# meta: !!omap
# - __serialized_columns__:
#     dec:
#       __class__: astropy.coordinates.angles.Latitude
#       unit: &id001 !astropy.units.Unit {unit: deg}
#       value: !astropy.table.SerializedColumn {name: dec}
#     distance:
#       __class__: astropy.coordinates.distances.Distance
#       unit: !astropy.units.Unit {unit: kpc}
#       value: !astropy.table.SerializedColumn {name: distance}
#     pm_dec:
#       __class__: astropy.units.quantity.Quantity
#       unit: !astropy.units.Unit {unit: mas / yr}
#       value: !astropy.table.SerializedColumn {name: pm_dec}
#     pm_ra_cosdec:
#       __class__: astropy.units.quantity.Quantity
#       unit: !astropy.units.Unit {unit: mas / yr}
#       value: !astropy.table.SerializedColumn {name: pm_ra_cosdec}
#     ra:
#       __class__: astropy.coordinates.angles.Longitude
#       unit: *id001
#       value: !astropy.table.SerializedColumn {name: ra}
#       wrap_angle: !astropy.coordinates.Angle
#         unit: *id001
#         value: 360.0
#     radial_velocity:
#       __class__: astropy.units.quantity.Quantity
#       unit: !astropy.units.Unit {unit: km / s}
#       value: !astropy.table.SerializedColumn {name: radial_velocity}
# schema: astropy-2.0
ra,dec,distance,pm_ra_cosdec,pm_dec,radial_velocity
[from data line 1966]
222.87833241701603,37.90191784686922,9.547305503389909,-7.237116734722921,-5.379933806875253,-3.368306851948935e-14
222.88920426220474,37.9071034153982,9.549485793785536,-7.234503312702005,-5.377093131102713,6.73661370389787e-14
222.90007873534762,37.91228675592823,9.551667390415194,-7.231885721486138,-5.374253004149271,1.0104920555846805e-13
222.91095583750035,37.91746786651746,9.553850292693552,-7.2292639574384605,-5.37141342846,3.368306851948935e-14
222.9218355697172,37.92264674522353,9.556034500035286,-7.226638016922736,-5.368574406483015,0.0
222.9327179330512,37.927823390103406,9.558220011855074,-7.224007896303373,-5.36573594066944,1.0104920555846805e-13
222.94360292855416,37.93299779921352,9.560406827567583,-7.221373591945386,-5.362898033473418,1.515738083377021e-13
222.95449055727659,37.93816997060969,9.56259494658749,-7.21873510021445,-5.360060687352124,1.0104920555846805e-13
222.96538082026765,37.94333990234719,9.564784368329464,-7.216092417476848,-5.357223904765755,-1.6841534259744676e-14
222.97627371857527,37.948507592480624,9.566975092208187,-7.213445540099514,-5.354387688177535,1.0104920555846805e-13
222.98716925324615,37.953673039064086,9.569167117638322,-7.210794464450019,-5.3515520400537255,1.1789073981821273e-13
222.99806742532562,37.95883624015104,9.57136044403455,-7.208139186896566,-5.348716962863611,6.73661370389787e-14
223.00896823585774,37.96399719379437,9.57355507081154,-7.205479703807999,-5.3458824590795135,8.420767129872338e-14
223.01987168588528,37.96915589804637,9.575750997383965,-7.202816011553816,-5.3430485311768,1.347322740779574e-13
223.03077777644978,37.974312350958726,9.577948223166503,-7.200148106504143,-5.340215181633862,8.420767129872338e-14
223.04168650859137,37.97946655058257,9.58014674757382,-7.197475985029762,-5.337382412932147,1.6841534259744676e-14
223.052597883349,37.98461849496842,9.582346570020597,-7.194799643502094,-5.3345502275561305,0.0
223.06351190176022,37.98976818216622,9.584547689921504,-7.192119078293217,-5.331718627993348,1.0104920555846805e-13
223.07442856486134,37.99491561022531,9.58675010669121,-7.189434285775855,-5.328887616734371,-1.6841534259744676e-14
223.08534787368737,38.000060777194456,9.588953819744399,-7.186745262323388,-5.326057196272828,-3.368306851948935e-14
223.09626982927193,38.0052036811218,9.591158828495734,-7.1840520043098435,-5.323227369105396,1.347322740779574e-13
223.1071944326475,38.01034432005495,9.593365132359892,-7.181354508109904,-5.3203981377318,1.0104920555846805e-13
223.1181216848451,38.01548269204088,9.595572730751545,-7.17865277009892,-5.317569504654831,3.368306851948935e-14
223.1290515868945,38.02061879512598,9.59778162308537,-7.1759467866528865,-5.31474147238033,0.0
223.1399841398241,38.02575262735608,9.599991808776037,-7.1732365541484695,-5.311914043417204,3.368306851948935e-14
223.1509193446611,38.030884186776376,9.60220328723822,-7.170522068962994,-5.3090872202774175,6.73661370389787e-14
223.16185720243126,38.03601347143152,9.604416057886592,-7.167803327474443,-5.306261005475999,3.368306851948935e-14
223.17279771415912,38.04114047936553,9.60663012013583,-7.165080326061471,-5.303435401531043,1.6841534259744676e-14
223.1837408808678,38.04626520862186,9.608845473400601,-7.162353061103402,-5.30061041096372,5.0524602779234026e-14
223.19468670357918,38.05138765724338,9.611062117095583,-7.1596215289802245,-5.297786036298261,2.020984111169361e-13
223.20563518331377,38.05650782327237,9.613280050635446,-7.156885726072591,-5.294962280061971,5.0524602779234026e-14
223.21658632109077,38.06162570475048,9.615499273434866,-7.154145648761847,-5.292139144785239,6.73661370389787e-14
223.22754011792807,38.06674129971883,9.617719784908516,-7.151401293429977,-5.289316633001514,8.420767129872338e-14
223.23849657484217,38.07185460621791,9.619941584471068,-7.14865265645968,-5.286494747247341,6.73661370389787e-14
223.24945569284827,38.07696562228762,9.622164671537199,-7.145899734234307,-5.283673490062334,5.0524602779234026e-14
223.26041747296026,38.08207434596729,9.624389045521575,-7.143142523137895,-5.280852863989198,1.1789073981821273e-13
223.27138191619065,38.087180775295664,9.626614705838874,-7.140381019555166,-5.278032871573716,5.0524602779234026e-14
223.2823490235506,38.092284908310866,9.628841651903768,-7.137615219871511,-5.275213515364766,1.1789073981821273e-13
223.29331879605004,38.09738674305044,9.631069883130934,-7.1348451204730186,-5.2723947979143,1.1789073981821273e-13
223.30429123469736,38.10248627755138,9.633299398935042,-7.132070717746456,-5.2695767217773835,1.515738083377021e-13
223.31526634049976,38.10758350985002,9.635530198730766,-7.129292008079281,-5.266759289512156,5.0524602779234026e-14
223.32624411446307,38.11267843798217,9.637762281932776,-7.126508987859642,-5.263942503679866,5.0524602779234026e-14
223.3372245575917,38.117771059983006,9.639995647955752,-7.123721653476367,-5.261126366844847,6.73661370389787e-14
223.34820767088874,38.122861373887126,9.642230296214361,-7.120930001318994,-5.2583108815745465,2.1893994537668078e-13
223.359193455356,38.12794937772856,9.644466226123283,-7.118134027777746,-5.255496050439498,8.420767129872338e-14
223.37018191199382,38.13303506954071,9.646703437097184,-7.115333729243538,-5.252681876013355,-5.0524602779234026e-14
223.38117304180125,38.13811844735641,9.648941928550743,-7.1125291021079855,-5.249868360872864,1.347322740779574e-13
223.39216684577593,38.14319950920791,9.651181699898629,-7.109720142763407,-5.247055507597887,1.6841534259744677e-13
223.40316332491423,38.14827825312686,9.653422750555515,-7.106906847602825,-5.244243318771387,1.1789073981821273e-13
223.41416248021102,38.153354677144314,9.65566507993608,-7.10408921301995,-5.241431796979452,1.0104920555846805e-13
223.42516431265994,38.15842877929074,9.657908687454995,-7.101267235409214,-5.238620944811274,6.73661370389787e-14
223.43616882325313,38.16350055759603,9.66015357252693,-7.098440911165744,-5.235810764859167,3.368306851948935e-14
223.44717601298146,38.16857001008947,9.66239973456656,-7.095610236685381,-5.233001259718561,5.0524602779234026e-14
223.45818588283436,38.17363713479975,9.664647172988563,-7.0927752083646745,-5.230192431988004,1.0104920555846805e-13
223.46919843379996,38.17870192975499,9.6668958872076,-7.089935822600886,-5.227384284269173,5.0524602779234026e-14
223.48021366686493,38.18376439298271,9.669145876638359,-7.087092075791984,-5.22457681916686,8.420767129872338e-14
223.49123158301464,38.18882452250984,9.671397140695502,-7.0842439643366655,-5.221770039288993,-1.6841534259744676e-14
223.50225218323294,38.19388231636271,9.673649678793712,-7.0813914846343256,-5.218963947246625,1.0104920555846805e-13
223.51327546850248,38.19893777256708,9.675903490347654,-7.078534633085097,-5.216158545653935,1.515738083377021e-13
223.52430143980442,38.20399088914811,9.678158574772006,-7.075673406089823,-5.213353837128245,3.368306851948935e-14
223.53533009811852,38.20904166413035,9.68041493148144,-7.07280780005007,-5.210549824290004,1.347322740779574e-13
223.5463614444232,38.21409009553781,9.682672559890628,-7.069937811368125,-5.2077465097628,5.0524602779234026e-14
223.55739547969546,38.21913618139386,9.684931459414244,-7.067063436447006,-5.20494389617336,5.0524602779234026e-14
223.56843220491086,38.22417991972127,9.687191629466964,-7.064184671690457,-5.202141986151551,1.347322740779574e-13
223.5794716210437,38.22922130854231,9.689453069463458,-7.061301513502949,-5.1993407823303865,3.368306851948935e-14
223.59051372906669,38.234260345878546,9.691715778818399,-7.058413958289688,-5.196540287346021,8.420767129872338e-14
223.60155852995135,38.23929702975103,9.693979756946463,-7.055522002456607,-5.19374050383776,6.73661370389787e-14
223.61260602466757,38.244331358180204,9.696245003262323,-7.052625642410375,-5.190941434448055,1.1789073981821273e-13
223.62365621418405,38.24936332918589,9.698511517180648,-7.049724874558406,-5.18814308182251,1.6841534259744676e-14
223.63470909946795,38.25439294078737,9.700779298116121,-7.046819695308834,-5.1853454486098824,5.0524602779234026e-14
223.64576468148505,38.259420191003294,9.703048345483401,-7.043910101070554,-5.182548537462091,3.368306851948935e-14
223.65682296119974,38.26444507785174,9.705318658697175,-7.040996088253183,-5.179752351034198,1.1789073981821273e-13
223.667883939575,38.2694675993502,9.70759023717211,-7.0380776532671,-5.176956891984437,3.368306851948935e-14
223.6789476175723,38.274487753515565,9.709863080322876,-7.03515479252341,-5.174162162974202,6.73661370389787e-14
223.69001399615183,38.279505538364155,9.712137187564153,-7.03222750243398,-5.171368166668047,6.73661370389787e-14
223.7010830762723,38.28452095191168,9.714412558310611,-7.029295779411418,-5.168574905733692,1.6841534259744676e-14
223.71215485889098,38.28953399217325,9.716689191976926,-7.026359619869086,-5.165782382842024,5.0524602779234026e-14
223.72322934496373,38.29454465716341,9.718967087977763,-7.0234190202211,-5.162990600667108,6.73661370389787e-14
223.73430653544497,38.29955294489611,9.721246245727807,-7.02047397688232,-5.160199561886165,6.73661370389787e-14
223.74538643128773,38.30455885338469,9.723526664641724,-7.017524486268375,-5.157409269179607,6.73661370389787e-14
223.75646903344355,38.30956238064194,9.725808344134187,-7.014570544795646,-5.154619725231013,1.347322740779574e-13
223.76755434286258,38.314563524680004,9.728091283619873,-7.0116121488812695,-5.151830932727139,1.515738083377021e-13
223.77864236049362,38.3195622835105,9.730375482513457,-7.008649294943153,-5.149042894357922,-3.368306851948935e-14
223.7897330872838,38.32455865514438,9.732660940229604,-7.00568197939996,-5.146255612816486,8.420767129872338e-14
223.800826524179,38.329552637592094,9.734947656182992,-7.002710198671119,-5.143469090799135,1.0104920555846805e-13
223.81192267212367,38.33454422886343,9.7372356297883,-6.999733949176829,-5.140683331005353,6.73661370389787e-14
223.82302153206064,38.339533426967606,9.739524860460191,-6.996753227338056,-5.137898336137827,1.6841534259744677e-13
223.83412310493154,38.34452022991328,9.741815347613347,-6.993768029576534,-5.135114108902416,6.73661370389787e-14
223.8452273916763,38.34950463570847,9.744107090662432,-6.990778352314778,-5.1323306520081875,8.420767129872338e-14
223.8563343932336,38.35448664236065,9.74640008902213,-6.987784191976065,-5.129547968167396,8.420767129872338e-14
223.86744411054056,38.35946624787667,9.748694342107106,-6.984785544984458,-5.126766060095488,1.6841534259744676e-14
223.87855654453287,38.36444345026281,9.750989849332033,-6.981782407764793,-5.123984930511121,1.0104920555846805e-13
223.8896716961448,38.36941824752475,9.753286610111592,-6.978774776742688,-5.121204582136135,5.0524602779234026e-14
223.9007895663091,38.37439063766759,9.755584623860454,-6.975762648344535,-5.1184250176955866,8.420767129872338e-14
223.91191015595706,38.37936061869583,9.757883889993284,-6.9727460189975226,-5.115646239917734,6.73661370389787e-14
223.92303346601858,38.384328188613374,9.760184407924767,-6.969724885129615,-5.112868251534036,1.515738083377021e-13
223.93415949742206,38.38929334542356,9.762486177069567,-6.966699243169574,-5.110091055279166,1.0104920555846805e-13
223.94528825109435,38.39425608712913,9.764789196842363,-6.963669089546927,-5.107314653891002,1.1789073981821273e-13
223.956419727961,38.39921641173219,9.767093466657828,-6.960634420692019,-5.10453905011064,6.73661370389787e-14
223.96755392894593,38.40417431723433,9.769398985930632,-6.957595233035974,-5.1017642466823885,8.420767129872338e-14
223.97869085497163,38.40912980163651,9.771705754075448,-6.9545515230107195,-5.098990246353775,1.6841534259744677e-13
223.9898305069592,38.4140828629391,9.774013770506954,-6.951503287048963,-5.096217051875534,5.0524602779234026e-14
224.00097288582816,38.41903349914186,9.776323034639825,-6.948450521584223,-5.093444666001634,1.0104920555846805e-13
224.01211799249654,38.42398170824403,9.778633545888722,-6.945393223050818,-5.0906730914892595,1.0104920555846805e-13
224.023265827881,38.42892748824416,9.780945303668329,-6.942331387883872,-5.087902331098826,8.420767129872338e-14
224.0344163928966,38.433870837140326,9.783258307393316,-6.9392650125192965,-5.085132387593964,8.420767129872338e-14
224.04556968845696,38.43881175292991,9.785572556478359,-6.936194093393822,-5.082363263741538,3.368306851948935e-14
224.05672571547422,38.44375023360976,9.78788805033813,-6.933118626944987,-5.079594962311649,1.347322740779574e-13
224.067884474859,38.44868627717614,9.7902047883873,-6.930038609611137,-5.076827486077621,1.0104920555846805e-13
224.0790459675205,38.453619881624675,9.792522770040543,-6.926954037831423,-5.074060837816013,8.420767129872338e-14
224.0902101943663,38.45855104495045,9.794841994712533,-6.923864908045822,-5.071295020306634,5.0524602779234026e-14
224.10137715630262,38.46347976514793,9.797162461817942,-6.920771216695119,-5.0685300363325165,6.73661370389787e-14
224.11254685423404,38.46840604021103,9.799484170771446,-6.917672960220909,-5.065765888679936,3.368306851948935e-14
224.12371928906376,38.47332986813302,9.80180712098772,-6.914570135065617,-5.063002580138412,5.0524602779234026e-14
224.13489446169336,38.478251246906616,9.804131311881433,-6.911462737672484,-5.060240113500718,8.420767129872338e-14
224.1460723730231,38.48317017452395,9.806456742867256,-6.9083507644855855,-5.057478491562854,3.368306851948935e-14
224.15725302395145,38.48808664897654,9.80878341335987,-6.905234211949794,-5.054717717124086,-3.368306851948935e-14
224.16843641537565,38.49300066825531,9.811111322773943,-6.90211307651084,-5.0519577929869275,1.0104920555846805e-13
224.17962254819125,38.497912230350664,9.813440470524146,-6.898987354615262,-5.049198721957134,1.0104920555846805e-13
224.19081142329236,38.502821333252314,9.815770856025164,-6.895857042710433,-5.046440506843723,2.020984111169361e-13
224.20200304157157,38.50772797494945,9.818102478691655,-6.892722137244571,-5.043683150458971,3.368306851948935e-14
224.2131974039199,38.51263215343065,9.820435337938303,-6.889582634666706,-5.0409266556184065,6.73661370389787e-14
224.22439451122688,38.51753386668391,9.822769433179774,-6.886438531426726,-5.038171025140824,1.0104920555846805e-13
224.23559436438052,38.52243311269664,9.82510476383075,-6.883289823975336,-5.0354162618482725,1.515738083377021e-13
224.24679696426736,38.52732988945566,9.827441329305898,-6.880136508764111,-5.0326623685660765,0.0
224.25800231177226,38.53222419494718,9.82977912901989,-6.8769785822454335,-5.029909348122821,3.368306851948935e-14
224.26921040777867,38.53711602715684,9.832118162387403,-6.873816040872551,-5.027157203350354,8.420767129872338e-14
224.2804212531685,38.54200538406971,9.83445842882311,-6.870648881099555,-5.024405937083801,6.73661370389787e-14
224.29163484882207,38.54689226367024,9.836799927741682,-6.867477099381378,-5.021655552161558,1.0104920555846805e-13
224.30285119561825,38.551776663942285,9.839142658557797,-6.864300692173805,-5.0189060514252875,-1.6841534259744676e-14
224.31407029443426,38.55665858286914,9.841486620686123,-6.861119655933475,-5.016157437719945,3.368306851948935e-14
224.32529214614584,38.5615380184335,9.843831813541337,-6.857933987117881,-5.013409713893748,1.1789073981821273e-13
224.33651675162724,38.56641496861747,9.84617823653811,-6.8547436821853704,-5.0106628827982,6.73661370389787e-14
224.34774411175104,38.57128943140255,9.848525889091116,-6.851548737595145,-5.007916947288089,8.420767129872338e-14
224.35897422738833,38.57616140476969,9.850874770615029,-6.8483491498072695,-5.005171910221483,8.420767129872338e-14
224.3702070994087,38.58103088669921,9.85322488052452,-6.845144915282672,-5.002427774459737,1.1789073981821273e-13
224.38144272868013,38.58589787517088,9.855576218234262,-6.841936030483136,-4.999684542867493,1.515738083377021e-13
224.39268111606907,38.59076236816384,9.857928783158934,-6.838722491871321,-4.996942218312684,3.368306851948935e-14
224.40392226244037,38.59562436365666,9.860282574713208,-6.835504295910742,-4.994200803666536,1.6841534259744676e-14
