galstreams/tracks/track.po.PS1-C.bernard2016.ecsv
# %ECSV 0.9
# ---
# datatype:
# - {name: ra, unit: deg, datatype: float64}
# - {name: dec, unit: deg, datatype: float64}
# - {name: distance, unit: kpc, datatype: float64}
# - {name: pm_ra_cosdec, unit: mas / yr, datatype: float64}
# - {name: pm_dec, unit: mas / yr, datatype: float64}
# - {name: radial_velocity, unit: km / s, datatype: float64}
# delimiter: ','
# meta: !!omap
# - __serialized_columns__:
#     dec:
#       __class__: astropy.coordinates.angles.Latitude
#       unit: &id001 !astropy.units.Unit {unit: deg}
#       value: !astropy.table.SerializedColumn {name: dec}
#     distance:
#       __class__: astropy.coordinates.distances.Distance
#       unit: !astropy.units.Unit {unit: kpc}
#       value: !astropy.table.SerializedColumn {name: distance}
#     pm_dec:
#       __class__: astropy.units.quantity.Quantity
#       unit: !astropy.units.Unit {unit: mas / yr}
#       value: !astropy.table.SerializedColumn {name: pm_dec}
#     pm_ra_cosdec:
#       __class__: astropy.units.quantity.Quantity
#       unit: !astropy.units.Unit {unit: mas / yr}
#       value: !astropy.table.SerializedColumn {name: pm_ra_cosdec}
#     ra:
#       __class__: astropy.coordinates.angles.Longitude
#       unit: *id001
#       value: !astropy.table.SerializedColumn {name: ra}
#       wrap_angle: !astropy.coordinates.Angle
#         unit: *id001
#         value: 360.0
#     radial_velocity:
#       __class__: astropy.units.quantity.Quantity
#       unit: !astropy.units.Unit {unit: km / s}
#       value: !astropy.table.SerializedColumn {name: radial_velocity}
# schema: astropy-2.0
ra,dec,distance,pm_ra_cosdec,pm_dec,radial_velocity
[from data line 475]
333.0217818600237,15.60888767014579,17.39999999999998,0.0,0.0,0.0
333.02779278656,15.61705709985488,17.39999999999998,0.0,0.0,0.0
333.03380419225084,15.625226366054124,17.399999999999977,0.0,0.0,0.0
333.0398160773885,15.633395468640552,17.39999999999998,0.0,0.0,0.0
333.045828442265,15.641564407511162,17.39999999999998,0.0,0.0,0.0
333.0518412871727,15.649733182562942,17.39999999999998,0.0,0.0,0.0
333.0578546124039,15.657901793692833,17.39999999999998,0.0,0.0,0.0
333.06386841825093,15.666070240797758,17.399999999999977,0.0,0.0,0.0
333.0698827050064,15.674238523774617,17.399999999999977,0.0,0.0,0.0
333.07589747296277,15.682406642520265,17.399999999999977,0.0,0.0,0.0
333.08191272241254,15.690574596931546,17.399999999999977,0.0,0.0,0.0
333.08792845364843,15.69874238690527,17.399999999999977,0.0,0.0,0.0
333.09394466696307,15.706910012338218,17.399999999999977,0.0,0.0,0.0
333.09996136264937,15.715077473127144,17.399999999999977,0.0,0.0,0.0
333.10597854100007,15.723244769168774,17.399999999999977,0.0,0.0,0.0
333.11199620230803,15.731411900359811,17.399999999999977,0.0,0.0,0.0
333.1180143468664,15.739578866596919,17.399999999999977,0.0,0.0,0.0
333.124032974968,15.747745667776748,17.399999999999977,0.0,0.0,0.0
333.130052086906,15.755912303795908,17.39999999999998,0.0,0.0,0.0
333.1360716829735,15.764078774550988,17.39999999999998,0.0,0.0,0.0
333.1420917634639,15.77224507993855,17.39999999999998,0.0,0.0,0.0
333.1481123286702,15.780411219855118,17.39999999999998,0.0,0.0,0.0
333.154133378886,15.788577194197204,17.39999999999998,0.0,0.0,0.0
333.1601549144046,15.796743002861279,17.399999999999977,0.0,0.0,0.0
333.16617693551945,15.804908645743785,17.399999999999977,0.0,0.0,0.0
333.17219944252406,15.813074122741144,17.399999999999977,0.0,0.0,0.0
333.1782224357121,15.821239433749744,17.399999999999977,0.0,0.0,0.0
333.18424591537723,15.82940457866596,17.39999999999998,0.0,0.0,0.0
333.19026988181315,15.837569557386114,17.399999999999974,0.0,0.0,0.0
333.19629433531367,15.845734369806515,17.399999999999977,0.0,0.0,0.0
333.20231927617255,15.853899015823444,17.399999999999974,0.0,0.0,0.0
333.20834470468384,15.86206349533315,17.399999999999974,0.0,0.0,0.0
333.21437062114154,15.870227808231856,17.399999999999974,0.0,0.0,0.0
333.22039702583953,15.87839195441575,17.399999999999974,0.0,0.0,0.0
333.22642391907203,15.886555933781006,17.399999999999974,0.0,0.0,0.0
333.2324513011332,15.894719746223751,17.399999999999974,0.0,0.0,0.0
333.23847917231734,15.902883391640108,17.399999999999974,0.0,0.0,0.0
333.2445075329186,15.911046869926142,17.399999999999974,0.0,0.0,0.0
333.2505363832315,15.919210180977915,17.399999999999974,0.0,0.0,0.0
333.2565657235504,15.927373324691443,17.399999999999974,0.0,0.0,0.0
333.2625955541698,15.935536300962736,17.399999999999974,0.0,0.0,0.0
333.26862587538426,15.943699109687747,17.399999999999974,0.0,0.0,0.0
333.2746566874884,15.951861750762422,17.399999999999974,0.0,0.0,0.0
333.280687990777,15.960024224082664,17.399999999999974,0.0,0.0,0.0
333.2867197855446,15.968186529544363,17.399999999999974,0.0,0.0,0.0
333.2927520720863,15.976348667043371,17.399999999999974,0.0,0.0,0.0
333.29878485069673,15.984510636475509,17.399999999999974,0.0,0.0,0.0
333.3048181216709,15.992672437736577,17.399999999999977,0.0,0.0,0.0
333.3108518853039,16.00083407072234,17.399999999999974,0.0,0.0,0.0
333.31688614189085,16.008995535328538,17.399999999999977,0.0,0.0,0.0
333.32292089172677,16.017156831450887,17.39999999999997,0.0,0.0,0.0
333.3289561351068,16.025317958985063,17.39999999999997,0.0,0.0,0.0
333.33499187232644,16.03347891782672,17.39999999999997,0.0,0.0,0.0
333.34102810368086,16.04163970787149,17.399999999999974,0.0,0.0,0.0
333.3470648294655,16.049800329014964,17.399999999999974,0.0,0.0,0.0
333.35310204997586,16.057960781152705,17.399999999999974,0.0,0.0,0.0
333.3591397655074,16.066121064180262,17.399999999999974,0.0,0.0,0.0
333.36517797635577,16.074281177993143,17.399999999999974,0.0,0.0,0.0
333.37121668281657,16.082441122486827,17.39999999999997,0.0,0.0,0.0
333.3772558851856,16.09060089755676,17.39999999999997,0.0,0.0,0.0
333.3832955837586,16.098760503098383,17.399999999999974,0.0,0.0,0.0
333.3893357788314,16.10691993900708,17.399999999999974,0.0,0.0,0.0
333.39537647070006,16.115079205178226,17.39999999999997,0.0,0.0,0.0
333.40141765966035,16.123238301507143,17.39999999999997,0.0,0.0,0.0
333.4074593460086,16.131397227889156,17.39999999999997,0.0,0.0,0.0
333.4135015300406,16.139555984219538,17.399999999999967,0.0,0.0,0.0
333.41954421205276,16.147714570393543,17.39999999999997,0.0,0.0,0.0
333.42558739234124,16.15587298630639,17.39999999999997,0.0,0.0,0.0
333.43163107120245,16.164031231853283,17.399999999999967,0.0,0.0,0.0
333.43767524893263,16.172189306929372,17.399999999999967,0.0,0.0,0.0
333.44371992582825,16.180347211429797,17.39999999999997,0.0,0.0,0.0
333.4497651021859,16.188504945249672,17.399999999999967,0.0,0.0,0.0
333.45581077830207,16.19666250828407,17.399999999999967,0.0,0.0,0.0
333.4618569544735,16.204819900428042,17.399999999999967,0.0,0.0,0.0
333.4679036309968,16.212977121576603,17.39999999999997,0.0,0.0,0.0
333.47395080816875,16.221134171624744,17.399999999999963,0.0,0.0,0.0
333.4799984862862,16.229291050467438,17.399999999999963,0.0,0.0,0.0
333.4860466656461,16.2374477579996,17.399999999999967,0.0,0.0,0.0
333.49209534654534,16.24560429411614,17.399999999999967,0.0,0.0,0.0
333.498144529281,16.253760658711947,17.399999999999967,0.0,0.0,0.0
333.50419421415023,16.261916851681843,17.399999999999967,0.0,0.0,0.0
333.51024440145005,16.270072872920657,17.399999999999967,0.0,0.0,0.0
333.51629509147784,16.278228722323174,17.39999999999997,0.0,0.0,0.0
333.5223462845308,16.286384399784154,17.399999999999963,0.0,0.0,0.0
333.52839798090633,16.294539905198317,17.399999999999963,0.0,0.0,0.0
333.53445018090184,16.302695238460373,17.39999999999996,0.0,0.0,0.0
333.5405028848149,16.310850399464986,17.399999999999963,0.0,0.0,0.0
333.54655609294304,16.3190053881068,17.399999999999963,0.0,0.0,0.0
333.5526098055838,16.327160204280425,17.39999999999996,0.0,0.0,0.0
333.55866402303496,16.33531484788044,17.39999999999996,0.0,0.0,0.0
333.5647187455943,16.3434693188014,17.39999999999996,0.0,0.0,0.0
333.57077397355954,16.35162361693783,17.399999999999963,0.0,0.0,0.0
333.5768297072287,16.359777742184217,17.399999999999967,0.0,0.0,0.0
333.5828859468996,16.36793169443504,17.399999999999963,0.0,0.0,0.0
333.5889426928704,16.376085473584723,17.399999999999956,0.0,0.0,0.0
333.5949999454391,16.384239079527674,17.399999999999956,0.0,0.0,0.0
333.6010577049039,16.39239251215827,17.399999999999956,0.0,0.0,0.0
333.607115971563,16.400545771370858,17.399999999999956,0.0,0.0,0.0
333.61317474571473,16.40869885705975,17.399999999999956,0.0,0.0,0.0
333.61923402765746,16.416851769119244,17.399999999999956,0.0,0.0,0.0
333.62529381768957,16.425004507443592,17.399999999999952,0.0,0.0,0.0
333.6313541161095,16.433157071927027,17.399999999999956,0.0,0.0,0.0
333.63741492321594,16.441309462463742,17.399999999999956,0.0,0.0,0.0
333.64347623930746,16.44946167894791,17.399999999999952,0.0,0.0,0.0
333.6495380646827,16.457613721273674,17.399999999999952,0.0,0.0,0.0
333.65560039964043,16.465765589335135,17.399999999999956,0.0,0.0,0.0
333.66166324447954,16.473917283026385,17.399999999999952,0.0,0.0,0.0
333.6677265994989,16.482068802241468,17.399999999999952,0.0,0.0,0.0
333.6737904649974,16.490220146874407,17.399999999999952,0.0,0.0,0.0
333.67985484127416,16.4983713168192,17.399999999999952,0.0,0.0,0.0
333.6859197286282,16.506522311969796,17.399999999999952,0.0,0.0,0.0
333.69198512735875,16.514673132220132,17.399999999999952,0.0,0.0,0.0
333.698051037765,16.522823777464115,17.399999999999952,0.0,0.0,0.0
333.70411746014616,16.530974247595623,17.39999999999995,0.0,0.0,0.0
333.7101843948018,16.539124542508482,17.39999999999995,0.0,0.0,0.0
333.71625184203117,16.547274662096516,17.39999999999995,0.0,0.0,0.0
333.72231980213377,16.55542460625351,17.39999999999995,0.0,0.0,0.0
333.72838827540926,16.563574374873205,17.399999999999952,0.0,0.0,0.0
333.7344572621572,16.57172396784934,17.399999999999945,0.0,0.0,0.0
333.7405267626773,16.579873385075597,17.39999999999995,0.0,0.0,0.0
333.74659677726936,16.588022626445646,17.399999999999945,0.0,0.0,0.0
333.7526673062332,16.596171691853115,17.39999999999995,0.0,0.0,0.0
333.7587383498687,16.60432058119161,17.39999999999995,0.0,0.0,0.0
333.76480990847585,16.61246929435471,17.399999999999945,0.0,0.0,0.0
333.77088198235464,16.620617831235954,17.39999999999995,0.0,0.0,0.0
333.77695457180516,16.62876619172885,17.39999999999994,0.0,0.0,0.0
333.7830276771277,16.63691437572689,17.399999999999945,0.0,0.0,0.0
333.78910129862237,16.645062383123523,17.39999999999994,0.0,0.0,0.0
333.79517543658955,16.653210213812176,17.39999999999994,0.0,0.0,0.0
333.80125009132956,16.66135786768624,17.39999999999994,0.0,0.0,0.0
333.8073252631429,16.66950534463908,17.399999999999945,0.0,0.0,0.0
333.81340095233,16.677652644564027,17.39999999999994,0.0,0.0,0.0
333.81947715919154,16.68579976735438,17.399999999999938,0.0,0.0,0.0
333.8255538840281,16.693946712903415,17.399999999999938,0.0,0.0,0.0
333.83163112714044,16.702093481104374,17.39999999999994,0.0,0.0,0.0
333.8377088888292,16.710240071850478,17.39999999999994,0.0,0.0,0.0
333.8437871693954,16.718386485034895,17.399999999999938,0.0,0.0,0.0
333.8498659691399,16.726532720550786,17.399999999999938,0.0,0.0,0.0
333.85594528836367,16.734678778291265,17.399999999999935,0.0,0.0,0.0
333.8620251273677,16.74282465814943,17.399999999999938,0.0,0.0,0.0
333.8681054864532,16.75097036001834,17.399999999999935,0.0,0.0,0.0
333.8741863659214,16.75911588379102,17.399999999999938,0.0,0.0,0.0
333.8802677660735,16.76726122936048,17.399999999999935,0.0,0.0,0.0
333.8863496872107,16.77540639661968,17.399999999999935,0.0,0.0,0.0
333.89243212963464,16.783551385461564,17.399999999999935,0.0,0.0,0.0
333.89851509364655,16.791696195779036,17.39999999999993,0.0,0.0,0.0
333.9045985795482,16.79984082746498,17.39999999999993,0.0,0.0,0.0
333.9106825876409,16.807985280412247,17.39999999999993,0.0,0.0,0.0
333.9167671182266,16.816129554513644,17.39999999999993,0.0,0.0,0.0
333.9228521716068,16.82427364966196,17.39999999999993,0.0,0.0,0.0
333.92893774808346,16.83241756574996,17.39999999999993,0.0,0.0,0.0
333.9350238479584,16.840561302670356,17.39999999999993,0.0,0.0,0.0
333.9411104715336,16.84870486031586,17.39999999999993,0.0,0.0,0.0
333.94719761911097,16.856848238579126,17.39999999999993,0.0,0.0,0.0
333.95328529099277,16.864991437352792,17.399999999999928,0.0,0.0,0.0
333.95937348748095,16.873134456529453,17.399999999999928,0.0,0.0,0.0
333.96546220887785,16.881277296001688,17.399999999999928,0.0,0.0,0.0
333.97155145548567,16.889419955662042,17.399999999999928,0.0,0.0,0.0
333.97764122760685,16.89756243540302,17.399999999999928,0.0,0.0,0.0
333.98373152554376,16.90570473511711,17.399999999999928,0.0,0.0,0.0
333.9898223495989,16.913846854696757,17.399999999999924,0.0,0.0,0.0
333.9959137000749,16.921988794034373,17.39999999999992,0.0,0.0,0.0
334.00200557727425,16.930130553022366,17.399999999999924,0.0,0.0,0.0
334.00809798149976,16.938272131553074,17.399999999999924,0.0,0.0,0.0
334.01419091305416,16.946413529518832,17.39999999999992,0.0,0.0,0.0
334.0202843722403,16.954554746811937,17.399999999999917,0.0,0.0,0.0
334.0263783593611,16.96269578332465,17.399999999999917,0.0,0.0,0.0
334.03247287471953,16.970836638949212,17.399999999999917,0.0,0.0,0.0
334.0385679186186,16.978977313577815,17.399999999999917,0.0,0.0,0.0
334.0446634913614,16.987117807102642,17.39999999999992,0.0,0.0,0.0
334.05075959325126,16.995258119415833,17.399999999999913,0.0,0.0,0.0
334.0568562245913,17.00339825040949,17.399999999999917,0.0,0.0,0.0
334.0629533856848,17.011538199975703,17.399999999999913,0.0,0.0,0.0
334.0690510768353,17.019677968006512,17.399999999999917,0.0,0.0,0.0
334.0751492983462,17.027817554393938,17.399999999999913,0.0,0.0,0.0
334.08124805052097,17.03595695902997,17.39999999999991,0.0,0.0,0.0
334.0873473336633,17.044096181806555,17.399999999999913,0.0,0.0,0.0
334.0934471480768,17.052235222615625,17.39999999999991,0.0,0.0,0.0
334.0995474940653,17.060374081349078,17.39999999999991,0.0,0.0,0.0
334.10564837193243,17.068512757898766,17.399999999999906,0.0,0.0,0.0
334.11174978198227,17.07665125215652,17.39999999999991,0.0,0.0,0.0
334.11785172451863,17.084789564014145,17.399999999999906,0.0,0.0,0.0
334.12395419984557,17.092927693363407,17.399999999999906,0.0,0.0,0.0
334.1300572082672,17.10106564009604,17.399999999999906,0.0,0.0,0.0
334.1361607500877,17.109203404103763,17.3999999999999,0.0,0.0,0.0
334.1422648256112,17.117340985278236,17.399999999999903,0.0,0.0,0.0
334.14836943514206,17.12547838351111,17.3999999999999,0.0,0.0,0.0
334.1544745789847,17.133615598693993,17.3999999999999,0.0,0.0,0.0
334.1605802574435,17.141752630718475,17.399999999999896,0.0,0.0,0.0
334.166686470823,17.149889479476094,17.399999999999896,0.0,0.0,0.0
334.1727932194277,17.158026144858376,17.399999999999892,0.0,0.0,0.0
334.1789005035623,17.166162626756805,17.399999999999892,0.0,0.0,0.0
334.1850083235316,17.174298925062836,17.399999999999892,0.0,0.0,0.0
334.1911166796402,17.182435039667894,17.39999999999989,0.0,0.0,0.0
334.1972255721931,17.190570970463373,17.399999999999892,0.0,0.0,0.0
334.20333500149525,17.198706717340634,17.399999999999892,0.0,0.0,0.0
334.20944496785154,17.206842280191015,17.399999999999885,0.0,0.0,0.0
334.21555547156714,17.2149776589058,17.39999999999989,0.0,0.0,0.0
334.22166651294714,17.223112853376254,17.399999999999885,0.0,0.0,0.0
334.2277780922967,17.231247863493632,17.399999999999885,0.0,0.0,0.0
334.2338902099213,17.23938268914912,17.39999999999988,0.0,0.0,0.0
334.240002866126,17.2475173302339,17.399999999999878,0.0,0.0,0.0
334.2461160612165,17.25565178663911,17.39999999999988,0.0,0.0,0.0
334.2522297954981,17.263786058255846,17.399999999999878,0.0,0.0,0.0
334.25834406927646,17.271920144975205,17.399999999999878,0.0,0.0,0.0
334.2644588828572,17.280054046688225,17.39999999999987,0.0,0.0,0.0
334.270574236546,17.28818776328592,17.39999999999987,0.0,0.0,0.0
334.27669013064866,17.296321294659265,17.39999999999987,0.0,0.0,0.0
334.282806565471,17.304454640699223,17.399999999999867,0.0,0.0,0.0
334.288923541319,17.312587801296708,17.399999999999867,0.0,0.0,0.0
334.2950410584985,17.320720776342608,17.399999999999867,0.0,0.0,0.0
334.30115911731576,17.328853565727773,17.399999999999864,0.0,0.0,0.0
334.3072777180768,17.336986169343028,17.39999999999986,0.0,0.0,0.0
334.3133968610878,17.345118587079174,17.399999999999856,0.0,0.0,0.0
334.3195165466551,17.353250818826957,17.399999999999856,0.0,0.0,0.0
334.325636775085,17.361382864477118,17.399999999999856,0.0,0.0,0.0
334.33175754668395,17.369514723920346,17.399999999999853,0.0,0.0,0.0
334.3378788617584,17.377646397047304,17.39999999999985,0.0,0.0,0.0
334.3440007206149,17.385777883748627,17.39999999999985,0.0,0.0,0.0
334.3501231235601,17.393909183914914,17.39999999999985,0.0,0.0,0.0
334.3562460709007,17.402040297436734,17.399999999999846,0.0,0.0,0.0
334.36236956294346,17.410171224204625,17.399999999999842,0.0,0.0,0.0
334.3684935999953,17.41830196410909,17.399999999999846,0.0,0.0,0.0
334.374618182363,17.426432517040602,17.39999999999984,0.0,0.0,0.0
334.38074331035364,17.4345628828896,17.399999999999835,0.0,0.0,0.0
334.3868689842742,17.44269306154649,17.39999999999983,0.0,0.0,0.0
334.3929952044319,17.450823052901654,17.39999999999983,0.0,0.0,0.0
334.3991219711339,17.458952856845432,17.399999999999824,0.0,0.0,0.0
334.4052492846874,17.467082473268135,17.399999999999828,0.0,0.0,0.0
334.4113771453999,17.475211902060046,17.399999999999824,0.0,0.0,0.0
334.4175055535787,17.483341143111417,17.399999999999817,0.0,0.0,0.0
334.42363450953127,17.49147019631245,17.399999999999817,0.0,0.0,0.0
334.42976401356526,17.499599061553344,17.399999999999817,0.0,0.0,0.0
334.4358940659882,17.507727738724228,17.399999999999814,0.0,0.0,0.0
334.44202466710783,17.515856227715247,17.399999999999807,0.0,0.0,0.0
