galstreams/tracks/track.st.New-20.ibata2024.ecsv
# %ECSV 1.0
# ---
# datatype:
# - {name: ra, unit: deg, datatype: float64}
# - {name: dec, unit: deg, datatype: float64}
# - {name: distance, unit: kpc, datatype: float64}
# - {name: pm_ra_cosdec, unit: mas / yr, datatype: float64}
# - {name: pm_dec, unit: mas / yr, datatype: float64}
# - {name: radial_velocity, unit: km / s, datatype: float64}
# delimiter: ','
# meta: !!omap
# - __serialized_columns__:
#     dec:
#       __class__: astropy.coordinates.angles.Latitude
#       unit: &id001 !astropy.units.Unit {unit: deg}
#       value: !astropy.table.SerializedColumn {name: dec}
#     distance:
#       __class__: astropy.coordinates.distances.Distance
#       unit: !astropy.units.Unit {unit: kpc}
#       value: !astropy.table.SerializedColumn {name: distance}
#     pm_dec:
#       __class__: astropy.units.quantity.Quantity
#       unit: !astropy.units.Unit {unit: mas / yr}
#       value: !astropy.table.SerializedColumn {name: pm_dec}
#     pm_ra_cosdec:
#       __class__: astropy.units.quantity.Quantity
#       unit: !astropy.units.Unit {unit: mas / yr}
#       value: !astropy.table.SerializedColumn {name: pm_ra_cosdec}
#     ra:
#       __class__: astropy.coordinates.angles.Longitude
#       unit: *id001
#       value: !astropy.table.SerializedColumn {name: ra}
#       wrap_angle: !astropy.coordinates.Angle
#         unit: *id001
#         value: 360.0
#     radial_velocity:
#       __class__: astropy.units.quantity.Quantity
#       unit: !astropy.units.Unit {unit: km / s}
#       value: !astropy.table.SerializedColumn {name: radial_velocity}
# schema: astropy-2.0
ra,dec,distance,pm_ra_cosdec,pm_dec,radial_velocity
[from data line 145]
315.7995806835088,12.846235143628872,1.0000000000000004,1.646072740175537,-81.09737882662878,-358.41913725683906
315.8026209981335,12.856806755622767,1.0000000000000004,1.6474804563433558,-81.06750011666695,-358.68538864089476
315.8056285594004,12.867374490429494,1.0000000000000004,1.6488758713454423,-81.03766311333331,-358.95044378752215
315.8086034361907,12.877938357430612,1.0000000000000004,1.650259012969581,-81.00786780925411,-359.2143056140853
315.81154569739346,12.888498365996652,1.0000000000000004,1.651629908941505,-80.97811419706889,-359.47697703794887
315.8144554119052,12.899054525487523,1.0000000000000004,1.6529885869250158,-80.94840226943055,-359.73846097647703
315.8173326486308,12.909606845252284,1.0000000000000004,1.6543350745223755,-80.91873201900512,-359.99876034703436
315.82017747648246,12.920155334629294,1.0000000000000004,1.6556693992743874,-80.88910343847193,-360.2578780669849
315.8229899643806,12.930700002945995,1.0000000000000004,1.6569915886605138,-80.85951652052356,-360.5158170536934
315.8257701812534,12.941240859519294,1.0000000000000004,1.6583016700994335,-80.82997125786575,-360.7725802245243
315.828518196037,12.951777913655338,1.0000000000000002,1.6595996709489853,-80.80046764321742,-361.0281704968416
315.83123407767533,12.96231117464962,1.0000000000000004,1.6608856185063914,-80.77100566931068,-361.2825907880098
315.83391789512035,12.972840651787038,1.0000000000000004,1.6621595400085738,-80.74158532889076,-361.5358440153936
315.83656971733194,12.983366354341715,1.0000000000000004,1.6634214626324493,-80.71220661471595,-361.78793309635694
315.83918961327805,12.993888291577344,1.0000000000000002,1.6646714134948795,-80.68286951955781,-362.03886094826447
315.8417776519345,13.004406472746988,1.0000000000000004,1.6659094196531719,-80.6535740362007,-362.28863048848035
315.844333902285,13.014920907093243,1.0000000000000004,1.6671355081049946,-80.62432015744226,-362.5372446343693
315.8468584333214,13.025431603848014,1.0000000000000004,1.668349705788863,-80.59510787609304,-362.7847063032954
315.8493513140438,13.035938572232885,1.0000000000000004,1.6695520395842856,-80.56593718497669,-363.0310184126232
315.8518126134599,13.04644182145892,1.0000000000000004,1.6707425363117565,-80.53680807692973,-363.27618387971717
315.8542424005859,13.056941360726812,1.0000000000000002,1.6719212227333635,-80.5077205448017,-363.52020562194133
315.85664074444577,13.067437199226669,1.0000000000000007,1.673088125552571,-80.47867458145504,-363.7630865566603
315.85900771407177,13.07792934613839,1.0000000000000004,1.674243271414749,-80.44967017976519,-364.0048296012385
315.861343378504,13.08841781063147,1.0000000000000004,1.6753866869071068,-80.4207073326204,-364.24543767304027
315.86364780679105,13.09890260186512,1.0000000000000004,1.6765183985592067,-80.39178603292176,-364.48491368942996
315.8659210679895,13.109383728988101,1.0000000000000004,1.6776384328429934,-80.36290627358328,-364.7232605677719
315.868163231164,13.119861201139065,1.0000000000000004,1.678746816172854,-80.33406804753174,-364.96048122543067
315.8703743653874,13.130335027446359,1.0000000000000007,1.6798435749061085,-80.30527134770671,-365.19657857977046
315.872554539741,13.140805217028133,1.0000000000000004,1.680928735343091,-80.27651616706056,-365.4315555481557
315.8747038233139,13.151271778992394,1.0000000000000004,1.6820023237272892,-80.24780249855836,-365.6654150479508
315.87682228520373,13.16173472243684,1.0000000000000004,1.6830643662455849,-80.21913033517798,-365.8981599965202
315.87890999451633,13.172194056449198,1.0000000000000007,1.6841148890284927,-80.19049966990978,-366.12979331122807
315.8809670203656,13.182649790107057,1.0000000000000004,1.6851539181502773,-80.16191049575711,-366.3603179094389
315.88299343187396,13.193101932477983,1.0000000000000004,1.6861814796292869,-80.13336280573563,-366.58973670851725
315.8849892981719,13.203550492619343,1.0000000000000004,1.6871975994279182,-80.10485659287379,-366.81805262582725
315.88695468839836,13.213995479578665,1.0000000000000004,1.6882023034531208,-80.07639185021267,-367.04526857873356
315.8888896717006,13.224436902393451,1.0000000000000004,1.6891956175563188,-80.04796857080574,-367.27138748460015
315.8907943172341,13.234874770091308,1.0000000000000004,1.6901775675337198,-80.01958674771919,-367.49641226079183
315.89266869416286,13.245309091689764,1.0000000000000002,1.6911481791265182,-79.99124637403162,-367.7203458246727
315.894512871659,13.255739876196627,1.0000000000000007,1.6921074780210326,-79.96294744283405,-367.94319109360737
315.8963269189034,13.266167132609809,1.0000000000000004,1.6930554898490158,-79.93468994723014,-368.16495098495994
315.89811090508493,13.276590869917388,1.0000000000000004,1.693992240187658,-79.9064738803358,-368.38562841609496
315.8998648994011,13.287011097097723,1.0000000000000002,1.694917754559885,-79.87829923527946,-368.60522630437686
315.9015889710579,13.29742782311924,1.0000000000000004,1.6958320584345934,-79.85016600520181,-368.8237475671699
315.90328318926953,13.307841056940815,1.0000000000000004,1.696735177226671,-79.82207418325599,-369.0411951218384
315.90494762325886,13.31825080751157,1.0000000000000002,1.6976271362973883,-79.79402376260741,-369.2575718857471
315.90658234225714,13.328657083771027,1.0000000000000004,1.698507960954494,-79.76601473643377,-369.47288077626
315.90818741550413,13.339059894648917,1.0000000000000004,1.6993776764523254,-79.73804709792498,-369.68712471074156
315.90976291224814,13.34945924906555,1.0000000000000004,1.7002363079920784,-79.7101208402833,-369.90030660655634
315.9113089017459,13.359855155931603,1.0000000000000004,1.701083880721928,-79.68223595672308,-370.1124293810685
315.91282545326277,13.370247624148307,1.0000000000000004,1.7019204197373305,-79.65439244047093,-370.32349595164266
315.9143126360727,13.380636662607216,1.0000000000000004,1.7027459500810807,-79.6265902847655,-370.53350923564295
315.9157705194579,13.391022280190594,1.0000000000000004,1.7035604967434814,-79.59882948285764,-370.7424721504339
315.9171991727097,13.401404485771227,1.0000000000000004,1.704364084662636,-79.57111002801024,-370.9503876133799
315.91859866512743,13.411783288212577,1.0000000000000002,1.7051567387245434,-79.54343191349831,-371.15725854184524
315.9199690660195,13.422158696368568,1.0000000000000004,1.7059384837633296,-79.51579513260879,-371.3630878531943
315.9213104447027,13.432530719083971,1.0000000000000004,1.7067093445613075,-79.48819967864065,-371.5678784647916
315.9226228705026,13.44289936519423,1.0000000000000004,1.707469345849315,-79.46064554490493,-371.7716332940015
315.9239064127533,13.45326464352552,1.0000000000000004,1.7082185123067184,-79.43313272472443,-371.97435525818827
315.92516114079757,13.463626562894873,1.0000000000000004,1.7089568685617067,-79.40566121143394,-372.17604727471627
315.926387123987,13.473985132109963,1.0000000000000002,1.7096844391915056,-79.3782309983801,-372.37671226095017
315.9275844316818,13.48434035996948,1.0000000000000004,1.710401248722384,-79.3508420789215,-372.576353134254
315.92875313325084,13.494692255262965,1.0000000000000004,1.7111073216299744,-79.32349444642836,-372.77497281199226
315.9298932980718,13.505040826770939,1.0000000000000007,1.7118026823392753,-79.2961880942828,-372.97257421152926
315.93100499553105,13.515386083264707,1.0000000000000004,1.7124873552249973,-79.26892301587868,-373.1691602502294
315.93208829502385,13.525728033506757,1.0000000000000004,1.7131613646117252,-79.24169920462153,-373.36473384545747
315.933143265954,13.536066686250544,1.0000000000000004,1.7138247347739828,-79.21451665392858,-373.5592979145773
315.93416997773437,13.546402050240657,1.0000000000000004,1.7144774899363284,-79.18737535722875,-373.7528553749535
315.9351684997863,13.556734134212638,1.0000000000000004,1.7151196542736677,-79.16027530796248,-373.94540914395054
315.93613890154035,13.567062946893333,1.0000000000000004,1.715751251911584,-79.13321649958195,-374.1369621389327
315.9370812524356,13.577388497000713,1.0000000000000004,1.7163723069259724,-79.10619892555077,-374.3275172772642
315.93799562192,13.587710793244044,1.0000000000000002,1.716982843343768,-79.07922257934416,-374.51707747630974
315.93888207945054,13.598029844323664,1.0000000000000004,1.7175828851427397,-79.05228745444866,-374.70564565343346
315.93974069449285,13.60834565893139,1.0000000000000004,1.7181724562518177,-79.02539354436256,-374.8932247259998
315.9405715365218,13.618658245750318,1.0000000000000004,1.718751580551256,-78.9985408425953,-375.07981761137336
315.94137467502077,13.628967613454915,1.0000000000000004,1.7193202818726263,-78.97172934266784,-375.26542722691806
315.9421501794823,13.639273770711114,1.0000000000000004,1.7198785839992787,-78.94495903811247,-375.4500564899987
315.94289811940786,13.64957672617614,1.0000000000000002,1.7204265106661438,-78.91822992247283,-375.6337083179796
315.9436185643077,13.659876488498863,1.0000000000000004,1.72096408556013,-78.89154198930378,-375.8163856282249
315.9443115837012,13.670173066319638,1.0000000000000004,1.7214913323202516,-78.86489523217148,-375.99809133809924
315.9449772471167,13.680466468270438,1.0000000000000004,1.7220082745377105,-78.8382896446534,-376.17882836496693
315.94561562409143,13.690756702974674,1.0000000000000004,1.7225149357560667,-78.81172522033799,-376.3585996261922
315.94622678417176,13.701043779047573,1.0000000000000004,1.7230113394714444,-78.78520195282505,-376.5374080391397
315.94681079691287,13.711327705095998,1.0000000000000004,1.7234975091325673,-78.75871983572537,-376.7152565211736
315.94736773187924,13.721608489718582,1.0000000000000004,1.7239734681411676,-78.73227886266093,-376.89214798965844
315.94789765864425,13.731886141505559,1.0000000000000004,1.7244392398517796,-78.70587902726467,-377.06808536195837
315.9484006467904,13.742160669039144,1.0000000000000002,1.724894847572184,-78.67952032318057,-377.24307155543784
315.9488767659091,13.752432080893337,1.0000000000000002,1.725340314563283,-78.65320274406358,-377.4171094874614
315.9493260856011,13.762700385634023,1.0000000000000002,1.725775664039709,-78.62692628357966,-377.5902020753934
315.9497486754761,13.77296559181907,1.0000000000000004,1.726200919169333,-78.60069093540557,-377.76235223659825
315.95014460515296,13.783227707998151,1.0000000000000004,1.7266161030739866,-78.57449669322898,-377.93356288843995
315.9505139442596,13.793486742713107,1.0000000000000004,1.727021238829252,-78.54834355074851,-378.10383694828346
315.95085676243326,13.803742704497777,1.0000000000000004,1.727416349464793,-78.5222315016734,-378.27317733349275
315.9511731293202,13.81399560187814,1.0000000000000007,1.7278014579643788,-78.49616053972377,-378.4415869614322
315.9514631145759,13.824245443372158,1.0000000000000004,1.7281765872660984,-78.47013065863045,-378.60906874946664
315.95172678786497,13.834492237490101,1.0000000000000004,1.7285417602624804,-78.44414185213492,-378.7756256149598
315.9519642188613,13.844735992734432,1.0000000000000004,1.7288969998006003,-78.41819411398936,-378.9412604752765
315.9521754772479,13.854976717599905,1.0000000000000004,1.7292423286823784,-78.39228743795657,-379.1059762477812
315.9523606327173,13.865214420573412,1.0000000000000002,1.7295777696644592,-78.3664218178099,-379.2697758498379
315.9525197549708,13.87544911013435,1.0000000000000004,1.7299033454585668,-78.34059724733319,-379.43266219881133
315.95265291371936,13.88568079475444,1.0000000000000004,1.7302190787315261,-78.31481372032097,-379.5946382120655
315.95276017868304,13.895909482897897,1.0000000000000004,1.730524992105476,-78.28907123057807,-379.7557068069651
315.95284161959114,13.906135183021222,1.0000000000000004,1.7308211081579223,-78.26336977191988,-379.9158709008745
315.9528973061825,13.916357903573594,1.0000000000000004,1.7311074494220193,-78.23770933817208,-380.0751334111579
315.95292730820483,13.926577652996691,1.0000000000000004,1.7313840383864125,-78.21208992317077,-380.23349725517977
315.95293169541577,13.936794439724798,1.0000000000000004,1.731650897495836,-78.18651152076228,-380.3909653503047
315.9529105375817,13.947008272184869,1.0000000000000004,1.7319080491506966,-78.16097412480342,-380.54754061389673
315.9528639044788,13.957219158796397,1.0000000000000004,1.732155515707646,-78.13547772916104,-380.70322596332045
315.95279186589244,13.967427107971753,1.0000000000000002,1.7323933194795842,-78.11002232771233,-380.85802431594016
315.95269449161725,13.977632128116017,1.0000000000000004,1.732621482735592,-78.08460791434455,-381.0119385891203
315.9525718514575,13.987834227627154,1.0000000000000007,1.732840027701318,-78.05923448295516,-381.1649717002251
315.9524240152267,13.998033414895795,1.0000000000000004,1.7330489765590613,-78.03390202745176,-381.3171265666192
315.95225105274795,14.008229698305659,1.0000000000000004,1.7332483514478376,-78.00861054175189,-381.4684061056668
315.9520530338536,14.018423086233327,1.0000000000000004,1.733438174463405,-77.98336001978315,-381.61881323473233
315.9518300283855,14.028613587048444,1.0000000000000004,1.7336184676586512,-77.95815045548318,-381.76835087118013
315.95158210619496,14.038801209113512,1.0000000000000002,1.7337892530434296,-77.93298184279945,-381.9170219323747
315.95130933714285,14.048985960784268,1.0000000000000004,1.7339505525849646,-77.90785417568938,-382.0648293356803
315.9510117910996,14.059167850409523,1.0000000000000004,1.7341023882078126,-77.88276744812029,-382.21177599846123
315.9506895379448,14.06934688633125,1.0000000000000004,1.7342447817939153,-77.85772165406928,-382.3578648380821
315.950342647568,14.079523076884684,1.0000000000000004,1.7343777551829263,-77.8327167875232,-382.5030987719072
315.94997118986794,14.089696430398138,1.0000000000000004,1.7345013301721828,-77.80775284247872,-382.647480717301
315.949575234753,14.099866955193411,1.0000000000000004,1.734615528516862,-77.78282981294218,-382.7910135916276
315.9491548521413,14.110034659585569,1.0000000000000004,1.7347203719300772,-77.75794769292956,-382.9337003122516
315.9487101119602,14.120199551883134,1.0000000000000004,1.7348158820831188,-77.73310647646646,-383.0755437965373
315.94824108414707,14.13036164038789,1.0000000000000004,1.7349020806054583,-77.70830615758814,-383.2165469618492
315.9477478386484,14.140520933395273,1.0000000000000004,1.7349789890847518,-77.68354673033924,-383.3567127255517
315.9472304454207,14.15067743919417,1.0000000000000004,1.7350466290672664,-77.65882818877412,-383.496044005009
315.9466889744298,14.160831166067116,1.0000000000000004,1.7351050220577093,-77.63415052695639,-383.6345437175856
315.94612349565136,14.17098212229008,1.0000000000000004,1.7351541895195943,-77.60951373895928,-383.77221478064587
315.94553407907074,14.181130316132862,1.0000000000000004,1.7351941528750316,-77.58491781886524,-383.909060111554
315.94492079468273,14.191275755858918,1.0000000000000007,1.7352249335051795,-77.56036276076613,-384.04508262767473
315.94428371249205,14.201418449725502,1.0000000000000002,1.73524655275018,-77.53584855876319,-384.180285246372
315.9436229025129,14.211558405983515,1.0000000000000007,1.7352590319091803,-77.51137520696669,-384.31467088501086
315.9429384347693,14.22169563287785,1.0000000000000004,1.7352623922406671,-77.4869426994964,-384.44824246095516
315.94223037929504,14.23183013864726,1.0000000000000002,1.7352566549624662,-77.46255103048108,-384.5810028915692
315.94149880613355,14.241961931524411,1.0000000000000004,1.7352418412518347,-77.43820019405862,-384.71295509421765
315.94074378533804,14.25209101973603,1.0000000000000004,1.735217972245671,-77.41389018437616,-384.84410198626483
315.93996538697144,14.262217411502693,1.0000000000000004,1.735185069040348,-77.38962099558972,-384.97444648507513
315.93916368110655,14.272341115039222,1.0000000000000004,1.7351431526921886,-77.36539262186452,-385.1039915080128
315.9383387378258,14.282462138554516,1.0000000000000004,1.7350922442173236,-77.34120505737457,-385.2327399724426
