galstreams/tracks/track.st.M68-Fjorm.ibata2024.ecsv
# %ECSV 1.0
# ---
# datatype:
# - {name: ra, unit: deg, datatype: float64}
# - {name: dec, unit: deg, datatype: float64}
# - {name: distance, unit: kpc, datatype: float64}
# - {name: pm_ra_cosdec, unit: mas / yr, datatype: float64}
# - {name: pm_dec, unit: mas / yr, datatype: float64}
# - {name: radial_velocity, unit: km / s, datatype: float64}
# delimiter: ','
# meta: !!omap
# - __serialized_columns__:
#     dec:
#       __class__: astropy.coordinates.angles.Latitude
#       unit: &id001 !astropy.units.Unit {unit: deg}
#       value: !astropy.table.SerializedColumn {name: dec}
#     distance:
#       __class__: astropy.coordinates.distances.Distance
#       unit: !astropy.units.Unit {unit: kpc}
#       value: !astropy.table.SerializedColumn {name: distance}
#     pm_dec:
#       __class__: astropy.units.quantity.Quantity
#       unit: !astropy.units.Unit {unit: mas / yr}
#       value: !astropy.table.SerializedColumn {name: pm_dec}
#     pm_ra_cosdec:
#       __class__: astropy.units.quantity.Quantity
#       unit: !astropy.units.Unit {unit: mas / yr}
#       value: !astropy.table.SerializedColumn {name: pm_ra_cosdec}
#     ra:
#       __class__: astropy.coordinates.angles.Longitude
#       unit: *id001
#       value: !astropy.table.SerializedColumn {name: ra}
#       wrap_angle: !astropy.coordinates.Angle
#         unit: *id001
#         value: 360.0
#     radial_velocity:
#       __class__: astropy.units.quantity.Quantity
#       unit: !astropy.units.Unit {unit: km / s}
#       value: !astropy.table.SerializedColumn {name: radial_velocity}
# schema: astropy-2.0
ra,dec,distance,pm_ra_cosdec,pm_dec,radial_velocity
[from data line 561]
193.24109627556808,-9.445291218019895,0.9999999999999996,-2.6518679564638035,2.5113796901379737,-73.55967128799969
193.2427259407857,-9.435274494458854,0.9999999999999994,-2.6516967459105145,2.5121370356682684,-73.58571880401635
193.24435590397442,-9.425257851734457,0.9999999999999994,-2.65152540998505,2.5128943750803323,-73.61175195520121
193.24598616517136,-9.415241289863298,0.9999999999999996,-2.6513539487039472,2.513651708344849,-73.63777074411564
193.24761672441363,-9.40522480886202,0.9999999999999997,-2.651182362083742,2.514409035432484,-73.66377517332104
193.24924758173844,-9.395208408747225,0.9999999999999993,-2.6510106501409445,2.5151663563139217,-73.68976524537878
193.2508787371831,-9.38519208953556,0.9999999999999993,-2.650838812892065,2.5159236709598294,-73.71574096285028
193.25251019078482,-9.375175851243652,0.9999999999999996,-2.6506668503536224,2.5166809793408844,-73.74170232829692
193.25414194258107,-9.365159693888067,0.9999999999999994,-2.650494762542097,2.5174382814277556,-73.76764934428007
193.2557739926092,-9.355143617485448,0.9999999999999996,-2.65032254947399,2.51819557719112,-73.79358201336117
193.25740634090667,-9.345127622052422,0.9999999999999996,-2.65015021116579,2.518952866601646,-73.8195003381015
193.25903898751105,-9.335111707605611,0.9999999999999994,-2.64997774763396,2.519710149630009,-73.84540432106253
193.26067193245981,-9.3250958741617,0.9999999999999996,-2.6498051588949707,2.520467426246875,-73.87129396480566
193.26230517579071,-9.3150801217372,0.9999999999999996,-2.6496324449652873,2.521224696422921,-73.89716927189224
193.26393871754135,-9.30506445034878,0.9999999999999994,-2.6494596058613546,2.521981960128809,-73.92303024488365
193.26557255774946,-9.295048860013075,0.9999999999999996,-2.6492866415996175,2.5227392173352112,-73.94887688634132
193.26720669645283,-9.285033350746707,0.9999999999999993,-2.6491135521965217,2.5234964680128,-73.9747091988266
193.2688411336893,-9.27501792256629,0.9999999999999994,-2.648940337668491,2.5242537121322375,-74.0005271849009
193.27047586949675,-9.265002575488467,0.9999999999999996,-2.648766998031958,2.5250109496641886,-74.02633084712559
193.2721109039131,-9.254987309529914,0.9999999999999994,-2.648593533303321,2.5257681805793304,-74.05212018806208
193.27374623697636,-9.244972124707134,0.9999999999999996,-2.648419943498997,2.5265254048483192,-74.07789521027175
193.27538186872462,-9.234957021036827,0.9999999999999996,-2.648246228635387,2.527282622441825,-74.10365591631596
193.2770177991959,-9.224941998535606,0.9999999999999994,-2.6480723887288775,2.528039833330511,-74.12940230875614
193.2786540284284,-9.214927057220107,0.9999999999999996,-2.6478984237958625,2.5287970374850426,-74.15513439015366
193.28029055646027,-9.204912197107001,0.9999999999999994,-2.6477243338527146,2.529554234876089,-74.18085216306989
193.28192738332984,-9.194897418212832,0.9999999999999996,-2.6475501189157944,2.530311425474302,-74.20655563006625
193.28356450907538,-9.184882720554256,0.9999999999999997,-2.6473757790014774,2.531068609250349,-74.23224479370414
193.28520193373524,-9.174868104147919,0.9999999999999994,-2.6472013141261113,2.5318257861748936,-74.25791965654487
193.2868396573478,-9.16485356901044,0.9999999999999996,-2.6470267243060497,2.532582956218599,-74.2835802211499
193.28847767995163,-9.154839115158456,0.9999999999999994,-2.646852009557623,2.533340119352119,-74.30922649008062
193.29011600158515,-9.144824742608607,0.9999999999999994,-2.6466771698971665,2.5340972755461193,-74.33485846589836
193.29175462228696,-9.134810451377563,0.9999999999999994,-2.64650220534101,2.534854424771259,-74.36047615116458
193.29339354209566,-9.124796241481853,0.9999999999999994,-2.646327115905467,2.5356115669981945,-74.38607954844062
193.29503276105,-9.11478211293817,0.9999999999999993,-2.6461519016068404,2.5363687021975854,-74.41166866028787
193.29667227918864,-9.104768065763139,0.9999999999999996,-2.645976562461444,2.537125830340087,-74.43724348926776
193.2983120965504,-9.094754099973391,0.9999999999999997,-2.6458010984855598,2.537882951396358,-74.4628040379416
193.29995221317407,-9.084740215585574,0.9999999999999993,-2.645625509695487,2.5386400653370575,-74.48835030887085
193.30159262909854,-9.07472641261636,0.9999999999999996,-2.6454497961074916,2.539397172132836,-74.51388230461686
193.3032333443628,-9.064712691082287,0.9999999999999994,-2.645273957737856,2.540154271754354,-74.53940002774105
193.3048743590058,-9.054699051000048,0.9999999999999997,-2.6450979946028377,2.540911364172259,-74.5649034808048
193.3065156730666,-9.044685492386277,0.9999999999999994,-2.6449219067186975,2.541668449357211,-74.59039266636945
193.30815728658428,-9.034672015257595,0.9999999999999994,-2.6447456941016814,2.5424255272798617,-74.61586758699642
193.309799199598,-9.024658619630666,0.9999999999999994,-2.6445693567680273,2.543182597910861,-74.64132824524714
193.31144141214693,-9.014645305522157,0.9999999999999994,-2.6443928947339757,2.5439396612208616,-74.66677464368291
193.3130839242704,-9.004632072948617,0.9999999999999994,-2.6442163080157464,2.5446967171805173,-74.69220678486522
193.3147267360076,-8.994618921926726,0.9999999999999996,-2.6440395966295664,2.5454537657604774,-74.7176246713554
193.316369847398,-8.984605852473132,0.9999999999999993,-2.6438627605916416,2.5462108069313922,-74.74302830571483
193.31801325848096,-8.974592864604475,0.9999999999999994,-2.643685799918173,2.546967840663908,-74.7684176905049
193.31965696929595,-8.964579958337385,0.9999999999999994,-2.6435087146253577,2.5477248669286796,-74.79379282828702
193.32130097988247,-8.954567133688517,0.9999999999999994,-2.643331504729389,2.548481885696349,-74.81915372162257
193.32294529028013,-8.944554390674565,0.9999999999999994,-2.6431541702464396,2.5492388969375606,-74.84450037307292
193.3245899005285,-8.934541729312052,0.9999999999999996,-2.64297671119269,2.549995900622974,-74.8698327851995
193.3262348106673,-8.924529149617694,0.9999999999999996,-2.642799127584299,2.550752896723219,-74.89515096056368
193.32788002073625,-8.914516651608114,0.9999999999999993,-2.6426214194374316,2.5515098852089535,-74.92045490172683
193.32952553077513,-8.904504235299967,0.9999999999999996,-2.642443586768227,2.552266866050819,-74.94574461125035
193.33117134082372,-8.894491900709967,0.9999999999999994,-2.6422656295928393,2.5530238392194575,-74.97102009169562
193.33281745092194,-8.884479647854619,0.9999999999999996,-2.6420875479274044,2.5537808046855104,-74.99628134562401
193.33446386110975,-8.874467476750656,0.9999999999999994,-2.641909341788042,2.5545377624196277,-75.02152837559694
193.33611057142716,-8.86445538741469,0.9999999999999996,-2.641731011190868,2.555294712392445,-75.04676118417582
193.33775758191413,-8.854443379863406,0.9999999999999994,-2.6415525561520075,2.5560516545746053,-75.07197977392201
193.33940489261084,-8.844431454113423,0.9999999999999994,-2.6413739766875532,2.5568085889367445,-75.0971841473969
193.34105250355734,-8.83441961018141,0.9999999999999996,-2.641195272813615,2.557565515449511,-75.12237430716182
193.34270041479388,-8.824407848084057,0.9999999999999997,-2.641016444546275,2.5583224340835407,-75.14755025577828
193.34434862636078,-8.814396167837915,0.9999999999999996,-2.6408374919016078,2.559079344809471,-75.17271199580755
193.34599713829826,-8.804384569459673,0.9999999999999994,-2.6406584148957015,2.559836247597942,-75.19785952981108
193.34764595064672,-8.794373052966002,0.9999999999999996,-2.640479213544612,2.5605931424195902,-75.22299286035026
193.3492950634465,-8.784361618373541,0.9999999999999997,-2.640299887864407,2.5613500292450473,-75.24811198998648
193.35094447673816,-8.77435026569901,0.9999999999999994,-2.640120437871129,2.5621069080449574,-75.27321692128108
193.35259419056214,-8.764338994958935,0.9999999999999996,-2.639940863580831,2.5628637787899464,-75.2983076567955
193.35424420495906,-8.754327806170046,0.9999999999999994,-2.6397611650095425,2.563620641450659,-75.32338419909111
193.35589451996952,-8.744316699348975,0.9999999999999996,-2.639581342173294,2.5643774959977192,-75.34844655072926
193.35754513563418,-8.734305674512404,0.9999999999999996,-2.6394013950881074,2.565134342401765,-75.37349471427143
193.35919605199382,-8.72429473167696,0.9999999999999996,-2.6392213237699926,2.5658911806334306,-75.39852869227892
193.36084726908913,-8.714283870859314,0.9999999999999994,-2.6390411282349637,2.5666480106633425,-75.42354848731311
193.362498786961,-8.704273092076187,0.9999999999999996,-2.6388608084990026,2.5674048324621355,-75.44855410193551
193.3641506056503,-8.694262395344108,0.9999999999999996,-2.6386803645781134,2.5681616460004393,-75.47354553870738
193.365802725198,-8.684251780679814,0.9999999999999994,-2.6384997964882744,2.5689184512488814,-75.49852280019016
193.367455145645,-8.674241248099941,0.9999999999999994,-2.638319104245464,2.5696752481780907,-75.52348588894525
193.36910786703245,-8.664230797621174,0.9999999999999994,-2.6381382878656487,2.5704320367586995,-75.54843480753402
193.37076088940137,-8.6542204292602,0.9999999999999996,-2.6379573473647806,2.571188816961329,-75.57336955851783
193.3724142127929,-8.644210143033593,0.9999999999999994,-2.6377762827588263,2.5719455887566096,-75.59829014445812
193.37406783724833,-8.63419993895806,0.9999999999999994,-2.637595094063713,2.572702352115169,-75.62319656791624
193.37572176280884,-8.624189817050265,0.9999999999999994,-2.6374137812953915,2.5734591070076265,-75.6480888314536
193.3773759895157,-8.614179777326886,0.9999999999999994,-2.637232344469786,2.57421585340461,-75.67296693763156
193.37903051741037,-8.604169819804575,0.9999999999999994,-2.637050783602814,2.5749725912767407,-75.69783088901158
193.38068534653414,-8.594159944499989,0.9999999999999993,-2.6368690987104006,2.575729320594648,-75.72268068815494
193.38234047692856,-8.584150151429862,0.9999999999999994,-2.636687289808445,2.576486041328945,-75.7475163376231
193.38399590863511,-8.574140440610748,0.9999999999999997,-2.636505356912839,2.577242753450265,-75.77233783997748
193.3856516416954,-8.564130812059378,0.9999999999999996,-2.636323300039482,2.5779994569292133,-75.79714519777936
193.38730767615098,-8.554121265792404,0.9999999999999992,-2.63614111920426,2.5787561517364215,-75.82193841359023
193.3889640120436,-8.54411180182649,0.9999999999999996,-2.635958814423037,2.5795128378425085,-75.84671748997141
193.3906206494149,-8.53410242017834,0.9999999999999996,-2.635776385711695,2.5802695152180894,-75.87148242948433
193.3922775883067,-8.524093120864595,0.9999999999999994,-2.6355938330860877,2.5810261838337807,-75.89623323469033
193.39393482876088,-8.51408390390199,0.9999999999999993,-2.635411156562067,2.581782843660202,-75.92096990815088
193.39559237081923,-8.504074769307085,0.9999999999999994,-2.635228356155478,2.582539494667969,-75.94569245242727
193.39725021452375,-8.49406571709662,0.9999999999999996,-2.635045431882154,2.5832961368276974,-75.97040087008101
193.39890835991642,-8.48405674728725,0.9999999999999994,-2.6348623837579352,2.584052770110001,-75.99509516367334
193.40056680703924,-8.474047859895665,0.9999999999999994,-2.634679211798639,2.584809394485498,-76.01977533576574
193.40222555593434,-8.464039054938587,0.9999999999999996,-2.634495916020074,2.5855660099247917,-76.0444413889196
193.40388460664389,-8.454030332432593,0.9999999999999994,-2.6343124964380515,2.586322616398507,-76.06909332569627
193.40554395921,-8.44402169239439,0.9999999999999994,-2.6341289530683776,2.587079213877245,-76.09373114865716
193.40720361367505,-8.434013134840685,0.9999999999999994,-2.6339452859268304,2.5878358023316266,-76.11835486036365
193.40886357008122,-8.424004659788139,0.9999999999999996,-2.6337614950291988,2.5885923817322527,-76.14296446337715
193.41052382847099,-8.413996267253447,0.9999999999999994,-2.6335775803912553,2.589348952049737,-76.16755996025904
193.41218438888663,-8.40398795725327,0.9999999999999994,-2.6333935420287764,2.590105513254692,-76.19214135357069
193.41384525137067,-8.39397972980435,0.9999999999999996,-2.63320937995752,2.590862065317719,-76.2167086458735
193.41550641596567,-8.383971584923275,0.9999999999999996,-2.6330250941932376,2.5916186082094255,-76.24126183972882
193.41716788271412,-8.373963522626763,0.9999999999999996,-2.6328406847516703,2.5923751419004235,-76.2658009376981
193.41882965165868,-8.363955542931516,0.9999999999999993,-2.632656151648564,2.5931316663613138,-76.29032594234272
193.42049172284206,-8.353947645854195,0.9999999999999994,-2.632471494899634,2.5938881815626984,-76.31483685622402
193.42215409630685,-8.343939831411559,0.9999999999999994,-2.6322867145206215,2.5946446874751925,-76.33933368190341
193.423816772096,-8.333932099620176,0.9999999999999996,-2.632101810527225,2.5954011840693876,-76.36381642194233
193.42547975025224,-8.32392445049679,0.9999999999999994,-2.631916782935159,2.596157671315893,-76.38828507890206
193.42714303081846,-8.31391688405809,0.9999999999999994,-2.6317316317601183,2.596914149185306,-76.4127396553441
193.4288066138376,-8.303909400320777,0.9999999999999996,-2.631546357017803,2.597670617648225,-76.43718015382976
193.43047049935268,-8.293901999301507,0.9999999999999994,-2.6313609587238815,2.5984270766752626,-76.46160657692047
193.4321346874067,-8.283894681017015,0.9999999999999994,-2.6311754368940496,2.5991835262370047,-76.48601892717758
193.43379917804276,-8.273887445484004,0.9999999999999994,-2.630989791543953,2.599939966304056,-76.51041720716255
193.43546397130402,-8.263880292719088,0.9999999999999994,-2.630804022689268,2.600696396847012,-76.53480141943669
193.43712906723368,-8.253873222739006,0.9999999999999993,-2.630618130345643,2.6014528178364738,-76.5591715665614
193.438794465875,-8.243866235560452,0.9999999999999996,-2.630432114528721,2.602209229243029,-76.58352765109814
193.44046016727125,-8.23385933120012,0.9999999999999994,-2.6302459752541405,2.6029656310372795,-76.60786967560823
193.44212617146582,-8.223852509674748,0.9999999999999994,-2.6300597125375367,2.6037220231898184,-76.63219764265304
193.4437924785021,-8.213845771000951,0.9999999999999994,-2.6298733263945144,2.604478405671238,-76.65651155479401
193.44545908842355,-8.203839115195462,0.9999999999999994,-2.6296868168407084,2.605234778452132,-76.68081141459253
193.44712600127372,-8.193832542274977,0.9999999999999997,-2.629500183891713,2.60599114150309,-76.70509722460993
193.44879321709612,-8.183826052256208,0.9999999999999993,-2.6293134275631282,2.60674749479471,-76.72936898740764
193.45046073593443,-8.173819645155852,0.9999999999999994,-2.6291265478705417,2.6075038382975766,-76.75362670554708
193.45212855783228,-8.16381332099061,0.9999999999999997,-2.6289395448295485,2.6082601719822742,-76.7778703815896
193.4537966828334,-8.153807079777247,0.9999999999999994,-2.628752418455717,2.609016495819406,-76.80210001809651
193.45546511098158,-8.143800921532332,0.9999999999999996,-2.6285651687646125,2.6097728097795483,-76.82631561762935
193.45713384232067,-8.133794846272645,0.9999999999999996,-2.6283777957717906,2.610529113833291,-76.85051718274944
193.45880287689448,-8.123788854014887,0.9999999999999996,-2.6281902994928195,2.6112854079512187,-76.87470471601809
193.46047221474703,-8.113782944775771,0.9999999999999996,-2.62800267994323,2.612041692103921,-76.89887821999685
193.46214185592228,-8.103777118571994,0.9999999999999994,-2.6278149371385626,2.6127979662619785,-76.92303769724695
193.46381180046427,-8.093771375420326,0.9999999999999994,-2.627627071094342,2.613554230395975,-76.94718315032988
193.46548204841707,-8.083765715337357,0.9999999999999996,-2.6274390818261026,2.6143104844764946,-76.97131458180701
193.46715259982486,-8.073760138339864,0.9999999999999996,-2.6272509693493458,2.615066728474123,-76.99543199423967
193.46882345473185,-8.063754644444554,0.9999999999999997,-2.6270627336795753,2.6158229623594327,-77.01953539018935
193.47049461318227,-8.053749233668134,0.9999999999999996,-2.6268743748322936,2.6165791861030097,-77.04362477221731
