galstreams/tracks/track.st.Hyllus.grillmair2014.ecsv
# %ECSV 1.0
# ---
# datatype:
# - {name: ra, unit: deg, datatype: float64}
# - {name: dec, unit: deg, datatype: float64}
# - {name: distance, unit: kpc, datatype: float64}
# - {name: pm_ra_cosdec, unit: mas / yr, datatype: float64}
# - {name: pm_dec, unit: mas / yr, datatype: float64}
# - {name: radial_velocity, unit: km / s, datatype: float64}
# delimiter: ','
# meta: !!omap
# - __serialized_columns__:
#     dec:
#       __class__: astropy.coordinates.angles.Latitude
#       unit: &id001 !astropy.units.Unit {unit: deg}
#       value: !astropy.table.SerializedColumn {name: dec}
#     distance:
#       __class__: astropy.coordinates.distances.Distance
#       unit: !astropy.units.Unit {unit: kpc}
#       value: !astropy.table.SerializedColumn {name: distance}
#     pm_dec:
#       __class__: astropy.units.quantity.Quantity
#       unit: !astropy.units.Unit {unit: mas / yr}
#       value: !astropy.table.SerializedColumn {name: pm_dec}
#     pm_ra_cosdec:
#       __class__: astropy.units.quantity.Quantity
#       unit: !astropy.units.Unit {unit: mas / yr}
#       value: !astropy.table.SerializedColumn {name: pm_ra_cosdec}
#     ra:
#       __class__: astropy.coordinates.angles.Longitude
#       unit: *id001
#       value: !astropy.table.SerializedColumn {name: ra}
#       wrap_angle: !astropy.coordinates.Angle
#         unit: *id001
#         value: 360.0
#     radial_velocity:
#       __class__: astropy.units.quantity.Quantity
#       unit: !astropy.units.Unit {unit: km / s}
#       value: !astropy.table.SerializedColumn {name: radial_velocity}
# schema: astropy-2.0
ra,dec,distance,pm_ra_cosdec,pm_dec,radial_velocity
249.05813711432242,11.000736150918565,22.99959921763179,0.0,0.0,0.0
249.05372725223063,11.010424391365298,22.99770523503102,0.0,0.0,0.0
249.04932048211518,11.020112876045735,22.995811203172586,0.0,0.0,0.0
249.0449168035718,11.029801604872915,22.99391712205755,0.0,0.0,0.0
249.04051621619658,11.039490577760386,22.99202299168695,0.0,0.0,0.0
249.03611871958614,11.049179794621883,22.990128812061855,0.0,0.0,0.0
249.03172431333763,11.058869255371501,22.98823458318331,0.0,0.0,0.0
249.0273329970486,11.06855895992365,22.986340305052355,0.0,0.0,0.0
249.02294477031697,11.078248908193228,22.984445977670067,0.0,0.0,0.0
249.01855963274144,11.087939100095312,22.98255160103748,0.0,0.0,0.0
249.01417758392085,11.09762953554537,22.98065717515565,0.0,0.0,0.0
249.00979862345477,11.107320214459145,22.97876270002563,0.0,0.0,0.0
249.00542275094304,11.117011136752888,22.976868175648466,0.0,0.0,0.0
249.0010499659862,11.126702302343018,22.974973602025226,0.0,0.0,0.0
248.996680268185,11.136393711146352,22.973078979156952,0.0,0.0,0.0
248.9923136571409,11.146085363079964,22.9711843070447,0.0,0.0,0.0
248.98795013245572,11.155777258061459,22.969289585689516,0.0,0.0,0.0
248.9835896937317,11.165469396008577,22.967394815092455,0.0,0.0,0.0
248.97923234057177,11.175161776839479,22.965499995254568,0.0,0.0,0.0
248.97487807257903,11.184854400472577,22.963605126176923,0.0,0.0,0.0
248.9705268893573,11.194547266826795,22.961710207860545,0.0,0.0,0.0
248.9661787905108,11.204240375821215,22.959815240306504,0.0,0.0,0.0
248.96183377564418,11.213933727375313,22.957920223515845,0.0,0.0,0.0
248.95749184436266,11.223627321408832,22.956025157489638,0.0,0.0,0.0
248.95315299627185,11.233321157842028,22.954130042228904,0.0,0.0,0.0
248.94881723097774,11.243015236595294,22.952234877734725,0.0,0.0,0.0
248.94448454808713,11.252709557589426,22.95033966400813,0.0,0.0,0.0
248.94015494720688,11.262404120745495,22.94844440105019,0.0,0.0,0.0
248.93582842794467,11.27209892598505,22.94654908886194,0.0,0.0,0.0
248.93150498990843,11.281793973229822,22.94465372744445,0.0,0.0,0.0
248.92718463270668,11.29148926240191,22.94275831679876,0.0,0.0,0.0
248.9228673559484,11.30118479342369,22.940862856925925,0.0,0.0,0.0
248.91855315924295,11.31088056621803,22.938967347827003,0.0,0.0,0.0
248.91424204220027,11.32057658070796,22.937071789503037,0.0,0.0,0.0
248.90993400443082,11.330272836816878,22.93517618195509,0.0,0.0,0.0
248.9056290455453,11.339969334468472,22.9332805251842,0.0,0.0,0.0
248.90132716515524,11.349666073586901,22.93138481919143,0.0,0.0,0.0
248.89702836287233,11.3593630540965,22.929489063977822,0.0,0.0,0.0
248.89273263830884,11.369060275921957,22.92759325954445,0.0,0.0,0.0
248.88843999107758,11.378757738988257,22.925697405892343,0.0,0.0,0.0
248.88415042079177,11.388455443220856,22.923801503022567,0.0,0.0,0.0
248.87986392706512,11.398153388545373,22.921905550936167,0.0,0.0,0.0
248.87558050951185,11.407851574887735,22.920009549634198,0.0,0.0,0.0
248.8713001677465,11.417550002174375,22.918113499117712,0.0,0.0,0.0
248.8670229013844,11.427248670331872,22.91621739938776,0.0,0.0,0.0
248.862748710041,11.436947579287171,22.9143212504454,0.0,0.0,0.0
248.85847759333248,11.4466467289675,22.91242505229168,0.0,0.0,0.0
248.85420955087528,11.456346119300546,22.910528804927647,0.0,0.0,0.0
248.8499445822866,11.466045750214183,22.90863250835437,0.0,0.0,0.0
248.84568268718388,11.475745621636626,22.906736162572876,0.0,0.0,0.0
248.84142386518508,11.485445733496372,22.904839767584228,0.0,0.0,0.0
248.83716811590867,11.495146085722391,22.902943323389497,0.0,0.0,0.0
248.83291543897363,11.504846678243814,22.901046829989713,0.0,0.0,0.0
248.82866583399934,11.514547510990122,22.899150287385936,0.0,0.0,0.0
248.82441930060565,11.524248583891087,22.897253695579217,0.0,0.0,0.0
248.82017583841304,11.533949896876935,22.895357054570606,0.0,0.0,0.0
248.81593544704225,11.543651449878052,22.893460364361157,0.0,0.0,0.0
248.81169812611463,11.553353242825198,22.891563624951925,0.0,0.0,0.0
248.807463875252,11.563055275649388,22.88966683634396,0.0,0.0,0.0
248.80323269407657,11.572757548282103,22.887769998538314,0.0,0.0,0.0
248.7990045822111,11.582460060654988,22.885873111536046,0.0,0.0,0.0
248.79477953927886,11.592162812700055,22.883976175338198,0.0,0.0,0.0
248.79055756490348,11.601865804349561,22.88207918994582,0.0,0.0,0.0
248.78633865870913,11.611569035536238,22.880182155359975,0.0,0.0,0.0
248.78212282032052,11.621272506192993,22.87828507158171,0.0,0.0,0.0
248.7779100493627,11.630976216253053,22.87638793861208,0.0,0.0,0.0
248.7737003454613,11.640680165649941,22.87449075645214,0.0,0.0,0.0
248.7694937082424,11.650384354317621,22.872593525102932,0.0,0.0,0.0
248.76529013733253,11.660088782190229,22.870696244565515,0.0,0.0,0.0
248.7610896323587,11.669793449202249,22.86879891484094,0.0,0.0,0.0
248.75689219294844,11.679498355288413,22.866901535930264,0.0,0.0,0.0
248.75269781872979,11.689203500383933,22.865004107834526,0.0,0.0,0.0
248.74850650933107,11.698908884424172,22.863106630554793,0.0,0.0,0.0
248.74431826438126,11.708614507344848,22.861209104092108,0.0,0.0,0.0
248.74013308350976,11.71832036908191,22.859311528447527,0.0,0.0,0.0
248.73595096634648,11.72802646957181,22.857413903622106,0.0,0.0,0.0
248.73177191252176,11.737732808751122,22.8555162296169,0.0,0.0,0.0
248.72759592166642,11.747439386556772,22.85361850643294,0.0,0.0,0.0
248.72342299341176,11.75714620292596,22.851720734071293,0.0,0.0,0.0
248.71925312738958,11.766853257796326,22.849822912533018,0.0,0.0,0.0
248.71508632323216,11.776560551105668,22.84792504181916,0.0,0.0,0.0
248.71092258057223,11.786268082792082,22.846027121930767,0.0,0.0,0.0
248.7067618990429,11.795975852794133,22.8441291528689,0.0,0.0,0.0
248.70260427827805,11.805683861050507,22.842231134634606,0.0,0.0,0.0
248.6984497179117,11.81539210750027,22.840333067228936,0.0,0.0,0.0
248.69429821757848,11.825100592082773,22.838434950652953,0.0,0.0,0.0
248.69014977691364,11.83480931473761,22.83653678490769,0.0,0.0,0.0
248.68600439555263,11.844518275404852,22.834638569994212,0.0,0.0,0.0
248.68186207313158,11.8542274740247,22.832740305913585,0.0,0.0,0.0
248.67772280928705,11.863936910537644,22.83084199266683,0.0,0.0,0.0
248.67358660365608,11.873646584884657,22.828943630255015,0.0,0.0,0.0
248.66945345587607,11.883356497006828,22.8270452186792,0.0,0.0,0.0
248.66532336558507,11.893066646845599,22.825146757940423,0.0,0.0,0.0
248.66119633242155,11.902777034342664,22.823248248039746,0.0,0.0,0.0
248.6570723560244,11.91248765944017,22.821349688978213,0.0,0.0,0.0
248.65295143603302,11.922198522080397,22.819451080756885,0.0,0.0,0.0
248.64883357208734,11.93190962220598,22.81755242337681,0.0,0.0,0.0
248.64471876382765,11.941620959759787,22.815653716839048,0.0,0.0,0.0
248.64060701089483,11.951332534685148,22.813754961144635,0.0,0.0,0.0
248.6364983129302,11.96104434692553,22.811856156294635,0.0,0.0,0.0
248.63239266957547,11.970756396424727,22.8099573022901,0.0,0.0,0.0
248.628290080473,11.980468683126796,22.80805839913208,0.0,0.0,0.0
248.62419054526544,11.990181206976242,22.80615944682162,0.0,0.0,0.0
248.62009406359604,11.999893967917687,22.804260445359787,0.0,0.0,0.0
248.6160006351086,12.009606965896122,22.802361394747628,0.0,0.0,0.0
248.61191025944714,12.019320200856747,22.800462294986186,0.0,0.0,0.0
248.60782293625635,12.02903367274524,22.79856314607653,0.0,0.0,0.0
248.6037386651814,12.038747381507397,22.796663948019695,0.0,0.0,0.0
248.59965744586788,12.04846132708935,22.794764700816735,0.0,0.0,0.0
248.5955792779618,12.058175509437481,22.79286540446872,0.0,0.0,0.0
248.5915041611098,12.067889928498612,22.79096605897669,0.0,0.0,0.0
248.58743209495887,12.077604584219701,22.789066664341693,0.0,0.0,0.0
248.58336307915653,12.08731947654804,22.787167220564783,0.0,0.0,0.0
248.57929711335075,12.09703460543115,22.78526772764702,0.0,0.0,0.0
248.57523419719,12.106749970817008,22.78336818558945,0.0,0.0,0.0
248.57117433032323,12.116465572653723,22.781468594393125,0.0,0.0,0.0
248.5671175123999,12.126181410889739,22.7795689540591,0.0,0.0,0.0
248.56306374306982,12.135897485473714,22.77766926458843,0.0,0.0,0.0
248.5590130219834,12.145613796354779,22.775769525982167,0.0,0.0,0.0
248.55496534879146,12.155330343482166,22.773869738241352,0.0,0.0,0.0
248.5509207231454,12.165047126805469,22.77196990136705,0.0,0.0,0.0
248.546879144697,12.174764146274484,22.77007001536031,0.0,0.0,0.0
248.54284061309843,12.184481401839475,22.768170080222177,0.0,0.0,0.0
248.53880512800262,12.19419889345082,22.76627009595372,0.0,0.0,0.0
248.53477268906263,12.203916621059223,22.76437006255596,0.0,0.0,0.0
248.53074329593235,12.21363458461563,22.762469980029987,0.0,0.0,0.0
248.52671694826583,12.223352784071418,22.760569848376825,0.0,0.0,0.0
248.52269364571785,12.233071219378088,22.758669667597545,0.0,0.0,0.0
248.51867338794344,12.24278989048744,22.756769437693183,0.0,0.0,0.0
248.51465617459831,12.252508797351679,22.75486915866481,0.0,0.0,0.0
248.51064200533855,12.262227939923156,22.752968830513467,0.0,0.0,0.0
248.50663087982068,12.27194731815454,22.751068453240197,0.0,0.0,0.0
248.50262279770178,12.281666931998735,22.74916802684607,0.0,0.0,0.0
248.4986177586394,12.29138678140908,22.747267551332133,0.0,0.0,0.0
248.4946157622916,12.30110686633902,22.745367026699427,0.0,0.0,0.0
248.49061680831676,12.310827186742362,22.74346645294902,0.0,0.0,0.0
248.48662089637392,12.320547742573092,22.741565830081964,0.0,0.0,0.0
248.4826280261225,12.330268533785675,22.739665158099292,0.0,0.0,0.0
248.4786381972224,12.339989560334658,22.737764437002074,0.0,0.0,0.0
248.4746514093341,12.349710822174941,22.735863666791357,0.0,0.0,0.0
248.4706676621184,12.359432319261622,22.733962847468195,0.0,0.0,0.0
248.46668695523664,12.369154051550261,22.73206197903365,0.0,0.0,0.0
248.46270928835074,12.378876018996511,22.730161061488744,0.0,0.0,0.0
248.45873466112297,12.388598221556355,22.72826009483456,0.0,0.0,0.0
248.45476307321607,12.398320659186004,22.726359079072132,0.0,0.0,0.0
248.45079452429337,12.4080433318421,22.724458014202522,0.0,0.0,0.0
248.4468290140186,12.417766239481372,22.72255690022678,0.0,0.0,0.0
248.44286654205598,12.427489382060916,22.72065573714596,0.0,0.0,0.0
248.4389071080702,12.43721275953802,22.71875452496111,0.0,0.0,0.0
248.43495071172646,12.446936371870411,22.716853263673283,0.0,0.0,0.0
248.4309973526904,12.456660219015902,22.714951953283528,0.0,0.0,0.0
248.42704703062816,12.466384300932672,22.713050593792907,0.0,0.0,0.0
248.4230997452064,12.47610861757908,22.71114918520247,0.0,0.0,0.0
248.4191554960921,12.485833168913938,22.70924772751326,0.0,0.0,0.0
248.41521428295295,12.495557954896146,22.707346220726336,0.0,0.0,0.0
248.41127610545695,12.505282975484937,22.705444664842755,0.0,0.0,0.0
248.40734096327265,12.515008230639756,22.703543059863556,0.0,0.0,0.0
248.403408856069,12.524733720320471,22.701641405789804,0.0,0.0,0.0
248.39947978351557,12.534459444487073,22.69973970262255,0.0,0.0,0.0
248.39555374528226,12.54418540309983,22.69783795036284,0.0,0.0,0.0
248.39163074103956,12.553911596119278,22.69593614901173,0.0,0.0,0.0
248.3877107704583,12.563638023506343,22.694034298570266,0.0,0.0,0.0
248.38379383320998,12.57336468522206,22.69213239903951,0.0,0.0,0.0
248.37987992896646,12.583091581227789,22.69023045042051,0.0,0.0,0.0
248.37596905740003,12.592818711485096,22.68832845271432,0.0,0.0,0.0
248.37206121818366,12.602546075955967,22.68642640592199,0.0,0.0,0.0
248.3681564109905,12.612273674602498,22.684524310044573,0.0,0.0,0.0
248.36425463549446,12.622001507387035,22.682622165083114,0.0,0.0,0.0
248.36035589136975,12.63172957427237,22.680719971038677,0.0,0.0,0.0
248.35646017829117,12.641457875221374,22.678817727912307,0.0,0.0,0.0
248.35256749593393,12.651186410197235,22.67691543570507,0.0,0.0,0.0
248.34867784397372,12.66091517916335,22.67501309441799,0.0,0.0,0.0
248.3447912220868,12.670644182083551,22.673110704052153,0.0,0.0,0.0
248.34090762994975,12.680373418921738,22.671208264608588,0.0,0.0,0.0
248.33702706723972,12.690102889642157,22.66930577608835,0.0,0.0,0.0
248.3331495336344,12.699832594209232,22.667403238492504,0.0,0.0,0.0
248.32927502881188,12.709562532587826,22.665500651822093,0.0,0.0,0.0
248.3254035524507,12.719292704742902,22.663598016078158,0.0,0.0,0.0
248.32153510422995,12.729023110639694,22.661695331261768,0.0,0.0,0.0
248.31766968382922,12.738753750243681,22.659792597373976,0.0,0.0,0.0
248.31380729092842,12.748484623520756,22.65788981441582,0.0,0.0,0.0
248.30994792520818,12.758215730436888,22.65598698238837,0.0,0.0,0.0
248.30609158634937,12.767947070958359,22.654084101292668,0.0,0.0,0.0
248.30223827403356,12.777678645051658,22.652181171129765,0.0,0.0,0.0
248.29838798794262,12.7874104526837,22.650278191900714,0.0,0.0,0.0
248.29454072775897,12.797142493821468,22.648375163606566,0.0,0.0,0.0
248.29069649316548,12.806874768432271,22.64647208624838,0.0,0.0,0.0
248.2868552838456,12.81660727648361,22.644568959827204,0.0,0.0,0.0
248.2830170994832,12.826340017943412,22.64266578434409,0.0,0.0,0.0
248.27918193976254,12.836072992779664,22.6407625598001,0.0,0.0,0.0
248.27534980436852,12.845806200960698,22.638859286196265,0.0,0.0,0.0
248.27152069298637,12.855539642455017,22.63695596353366,0.0,0.0,0.0
248.26769460530187,12.865273317231548,22.635052591813313,0.0,0.0,0.0
248.26387154100135,12.875007225259296,22.6331491710363,0.0,0.0,0.0
248.26005149977144,12.884741366507578,22.631245701203667,0.0,0.0,0.0
248.2562344812995,12.894475740945905,22.62934218231646,0.0,0.0,0.0
248.2524204852731,12.904210348544206,22.627438614375727,0.0,0.0,0.0
248.2486095113804,12.913945189272486,22.625534997382534,0.0,0.0,0.0
248.24480155931022,12.923680263101046,22.62363133133793,0.0,0.0,0.0
248.2409966287516,12.933415570000406,22.621727616242953,0.0,0.0,0.0
248.23719471939413,12.943151109941468,22.61982385209867,0.0,0.0,0.0
248.23339583092795,12.95288688289523,22.617920038906135,0.0,0.0,0.0
248.2295999630436,12.962622888832996,22.616016176666385,0.0,0.0,0.0
248.22580711543222,12.972359127726254,22.61411226538049,0.0,0.0,0.0
248.2220172877853,12.982095599546902,22.612208305049492,0.0,0.0,0.0
248.2182304797948,12.99183230426691,22.610304295674446,0.0,0.0,0.0
248.2144466911533,13.001569241858524,22.608400237256404,0.0,0.0,0.0
248.2106659215538,13.011306412294362,22.606496129796415,0.0,0.0,0.0
248.20688817068972,13.021043815547126,22.60459197329553,0.0,0.0,0.0
248.203113438255,13.03078145158984,22.60268776775482,0.0,0.0,0.0
248.19934172394406,13.040519320395758,22.600783513175312,0.0,0.0,0.0
248.19557302745181,13.050257421938305,22.59887920955807,0.0,0.0,0.0
248.19180734847362,13.059995756191345,22.596974856904147,0.0,0.0,0.0
248.1880446867054,13.069734323128785,22.595070455214596,0.0,0.0,0.0
248.18428504184342,13.079473122724787,22.593166004490463,0.0,0.0,0.0
248.18052841358465,13.089212154953932,22.591261504732806,0.0,0.0,0.0
248.17677480162624,13.09895141979086,22.589356955942677,0.0,0.0,0.0
248.1730242056661,13.108690917210497,22.58745235812112,0.0,0.0,0.0
248.16927662540235,13.11843064718798,22.585547711269196,0.0,0.0,0.0
248.1655320605339,13.12817060969882,22.583643015387956,0.0,0.0,0.0
248.16179051075991,13.13791080471863,22.581738270478454,0.0,0.0,0.0
248.15805197578013,13.147651232223287,22.57983347654174,0.0,0.0,0.0
248.15431645529466,13.157391892188873,22.577928633578868,0.0,0.0,0.0
248.1505839490043,13.167132784591862,22.576023741590884,0.0,0.0,0.0
248.1468544566101,13.176873909408796,22.574118800578844,0.0,0.0,0.0
248.1431279778138,13.18661526661652,22.572213810543808,0.0,0.0,0.0
248.13940451231747,13.19635685619204,22.570308771486815,0.0,0.0,0.0
248.13568405982366,13.20609867811279,22.568403683408928,0.0,0.0,0.0
248.1319666200355,13.215840732356245,22.566498546311188,0.0,0.0,0.0
248.12825219265662,13.22558301890018,22.56459336019465,0.0,0.0,0.0
248.12454077739093,13.235325537722554,22.562688125060387,0.0,0.0,0.0
248.12083237394307,13.245068288801715,22.560782840909425,0.0,0.0,0.0
248.11712698201802,13.25481127211609,22.558877507742825,0.0,0.0,0.0
248.1134246013212,13.264554487644384,22.556972125561646,0.0,0.0,0.0
248.1097252315587,13.274297935365485,22.55506669436693,0.0,0.0,0.0
