galstreams/tracks/track.st.Phoenix.ibata2024.ecsv
# %ECSV 1.0
# ---
# datatype:
# - {name: ra, unit: deg, datatype: float64}
# - {name: dec, unit: deg, datatype: float64}
# - {name: distance, unit: kpc, datatype: float64}
# - {name: pm_ra_cosdec, unit: mas / yr, datatype: float64}
# - {name: pm_dec, unit: mas / yr, datatype: float64}
# - {name: radial_velocity, unit: km / s, datatype: float64}
# delimiter: ','
# meta: !!omap
# - __serialized_columns__:
#     dec:
#       __class__: astropy.coordinates.angles.Latitude
#       unit: &id001 !astropy.units.Unit {unit: deg}
#       value: !astropy.table.SerializedColumn {name: dec}
#     distance:
#       __class__: astropy.coordinates.distances.Distance
#       unit: !astropy.units.Unit {unit: kpc}
#       value: !astropy.table.SerializedColumn {name: distance}
#     pm_dec:
#       __class__: astropy.units.quantity.Quantity
#       unit: !astropy.units.Unit {unit: mas / yr}
#       value: !astropy.table.SerializedColumn {name: pm_dec}
#     pm_ra_cosdec:
#       __class__: astropy.units.quantity.Quantity
#       unit: !astropy.units.Unit {unit: mas / yr}
#       value: !astropy.table.SerializedColumn {name: pm_ra_cosdec}
#     ra:
#       __class__: astropy.coordinates.angles.Longitude
#       unit: *id001
#       value: !astropy.table.SerializedColumn {name: ra}
#       wrap_angle: !astropy.coordinates.Angle
#         unit: *id001
#         value: 360.0
#     radial_velocity:
#       __class__: astropy.units.quantity.Quantity
#       unit: !astropy.units.Unit {unit: km / s}
#       value: !astropy.table.SerializedColumn {name: radial_velocity}
# schema: astropy-2.0
ra,dec,distance,pm_ra_cosdec,pm_dec,radial_velocity
[from data line 1041]
26.704177190149785,-45.06815922706451,1.0,2.8118780275488424,-0.1492711926751764,31.641810963745325
26.70817461989432,-45.05855679509219,0.9999999999999999,2.812020970706415,-0.14954108787685305,31.586296012856472
26.712169286876307,-45.04895391014214,1.0,2.812163498067193,-0.14981100719805474,31.530686807240706
26.71616119398064,-45.03935057275566,0.9999999999999999,2.812305607847803,-0.1500809494649329,31.474983214555287
26.720150344090115,-45.02974678347356,0.9999999999999999,2.812447298264721,-0.1503509135039729,31.419185102457508
26.724136740085513,-45.02014254283626,1.0,2.8125885675342555,-0.15062089814198742,31.363292338604616
26.728120384845553,-45.01053785138367,1.0,2.81272941387256,-0.15089090220612134,31.307304790653884
26.7321012812469,-45.000932709655245,1.0,2.812869835495631,-0.15116092452385566,31.251222326262575
26.736079432164203,-44.99132711818999,0.9999999999999999,2.813009830619304,-0.15143096392299693,31.195044813087954
26.740054840470034,-44.98172107752646,1.0,2.8131493974592585,-0.151701019231679,31.138772118787298
26.744027509034936,-44.972114588202736,0.9999999999999998,2.813288534231021,-0.15197108927837277,31.082404111017883
26.747997440727445,-44.96250765075646,0.9999999999999999,2.8134272391499513,-0.15224117289186934,31.02594065743695
26.751964638414012,-44.95290026572483,0.9999999999999999,2.8135655104312636,-0.15251126890129107,30.969381625701796
26.755929104959055,-44.943292433644544,1.0,2.8137033462900156,-0.15278137613609166,30.91272688346966
26.75989084322502,-44.933684155051914,1.0,2.813840744941101,-0.1530514934260414,30.85597629839784
26.76384985607225,-44.924075430482745,0.9999999999999999,2.8139777045992673,-0.15332161960124502,30.799129738143574
26.76780614635907,-44.91446626047238,1.0,2.8141142234791063,-0.15359175349213672,30.742187070364146
26.771759716941826,-44.90485664555579,1.0,2.814250299795053,-0.15386189392946292,30.68514816271683
26.77571057067478,-44.895246586267405,0.9999999999999998,2.8143859317613895,-0.15413203974430578,30.62801288285887
26.7796587104102,-44.88563608314126,0.9999999999999999,2.814521117592248,-0.1544021897680654,30.57078109844755
26.783604138998303,-44.876025136710915,0.9999999999999999,2.814655855501604,-0.15467234283247056,30.513452677140144
26.78754685928731,-44.8664137475095,1.0,2.8147901437032865,-0.15494249776956748,30.456027486593893
26.791486874123425,-44.856801916069685,0.9999999999999999,2.814923980410964,-0.15521265341173063,30.398505394466103
26.795424186350814,-44.84718964292369,1.0,2.81505736383816,-0.1554828085916493,30.340886268414007
26.799358798811628,-44.83757692860329,1.0,2.815190292198248,-0.15575296214234013,30.28316997609489
26.803290714346026,-44.82796377363984,1.0000000000000002,2.815322763704443,-0.15602311289713944,30.225356385166016
26.807219935792116,-44.81835017856421,1.0,2.8154547765698212,-0.15629325968970065,30.16744536328464
26.811146465986038,-44.80873614390684,1.0,2.8155863290073015,-0.15656340135400182,30.109436778108073
26.815070307761882,-44.799121670197735,1.0,2.8157174192296535,-0.15683353672433853,30.051330497293524
26.81899146395176,-44.78950675796645,1.0,2.8158480454494974,-0.15710366463532033,29.993126388498297
26.822909937385756,-44.7798914077421,0.9999999999999999,2.815978205879314,-0.15737378392187917,29.934824319379647
26.82682573089196,-44.77027562005337,1.0,2.8161078987314214,-0.15764389341926766,29.87642415759485
26.830738847296466,-44.76065939542846,1.0,2.8162371222180034,-0.15791399196304923,29.81792577080117
26.834649289423343,-44.75104273439518,1.0,2.8163658745510873,-0.15818407838910975,29.759329026655863
26.838557060094686,-44.741425637480866,1.0,2.816494153942559,-0.1584541515336464,29.70063379281622
26.842462162130577,-44.731808105212444,0.9999999999999999,2.816621958604154,-0.15872421023317207,29.641839936939483
26.846364598349105,-44.722190138116375,1.0000000000000002,2.8167492867474646,-0.158994253324519,29.582947326682945
26.85026437156637,-44.712571736718715,0.9999999999999999,2.816876136583936,-0.1592642796448267,29.523955829703848
26.85416148459647,-44.70295290154503,1.0,2.8170025063248696,-0.159534288031558,29.464865313659484
26.858055940251514,-44.693333633120474,0.9999999999999999,2.8171283941814202,-0.15980427732248348,29.405675646207108
26.86194774134163,-44.68371393196981,0.9999999999999999,2.8172537983645993,-0.160074246355685,29.34638669500398
26.865836890674956,-44.6740937986173,1.0,2.81737871708527,-0.16034419396956112,29.286998327707384
26.869723391057622,-44.66447323358679,1.0,2.8175031485541613,-0.16061411900282074,29.227510411974578
26.87360724529382,-44.65485223740173,1.0,2.8176270909818473,-0.16088402029448146,29.167922815462823
26.877488456185702,-44.64523081058507,1.0000000000000002,2.8177505425787697,-0.16115389668387614,29.108235405829408
26.88136702653348,-44.63560895365938,1.0000000000000002,2.8178735015552228,-0.16142374701064632,29.04844805073158
26.885242959135375,-44.625986667146776,1.0000000000000002,2.8179959661213543,-0.1616935701147426,28.9885606178266
26.889116256787624,-44.61636395156898,1.0000000000000002,2.8181179344871805,-0.1619633648364216,28.92857297477178
26.892986922284507,-44.6067408074472,1.0,2.8182394048625667,-0.16223313001625828,28.868484989224317
26.896854958418306,-44.597117235302306,1.0,2.8183603754572415,-0.16250286449512474,28.808296528841556
26.900720367979346,-44.58749323565468,1.0000000000000002,2.818480844480794,-0.16277256711421106,28.74800746128071
26.90458315375596,-44.577868809024274,1.0000000000000002,2.8186008101426707,-0.16304223671500973,28.68761765419906
26.90844331853456,-44.56824395593066,1.0000000000000002,2.8187202706521806,-0.16331187213931564,28.627126975253887
26.912300865099528,-44.55861867689295,1.0,2.8188392242184905,-0.1635814722292368,28.566535292102447
26.91615579623333,-44.548992972429815,1.0,2.8189576690506293,-0.16385103582718452,28.505842472402005
26.92000811471643,-44.539366843059526,1.0,2.81907560335749,-0.1641205617758792,28.445048383809837
26.92385782332737,-44.52974028929992,1.0000000000000002,2.8191930253478215,-0.16439004891833564,28.384152893983195
26.927704924842693,-44.520113311668396,1.0000000000000002,2.8193099332302403,-0.16465949609788488,28.32315587057938
26.931549422037,-44.510485910681965,1.0000000000000002,2.8194263252132226,-0.1649289021581546,28.262057181255617
26.935391317682942,-44.500858086857164,1.0000000000000002,2.8195421995051086,-0.16519826594307974,28.200856693669213
26.9392306145512,-44.491229840710126,1.0000000000000002,2.819657554314101,-0.16546758629689595,28.139554275477405
26.94306731541051,-44.4816011727566,1.0000000000000002,2.819772387848265,-0.16573686206413818,28.078149794337456
26.946901423027658,-44.47197208351187,1.0000000000000002,2.819886698315532,-0.16600609208964734,28.01664311790668
26.950732940167452,-44.462342573490794,1.0,2.820000483923697,-0.16627527521856855,27.955034113842295
26.95456186959279,-44.45271264320784,1.0000000000000002,2.820113742880419,-0.16654441029634137,27.893322649801608
26.958388214064612,-44.44308229317703,1.0000000000000002,2.8202264733932223,-0.16681349616871044,27.831508593441846
26.962211976341887,-44.433451523912,1.0000000000000002,2.8203386736694966,-0.16708253168171439,27.769591812420302
26.966033159181677,-44.42382033592592,1.0,2.8204503419165015,-0.1673515156816996,27.707572174394237
26.969851765339065,-44.41418872973158,1.0000000000000002,2.8205614763413522,-0.16762044701530376,27.645449547020927
26.973667797567224,-44.40455670584132,1.0000000000000002,2.820672075151042,-0.1678893245294697,27.58322379795763
26.977481258617367,-44.394924264767106,1.0000000000000002,2.820782136552425,-0.16815814707143195,27.520894794861615
26.981292151238787,-44.385291407020446,1.0000000000000002,2.820891658752224,-0.16842691348872663,27.458462405390147
26.98510047817883,-44.375658133112495,1.0000000000000002,2.821000639957028,-0.16869562262918203,27.395926497200517
26.9889062421829,-44.36602444355389,1.0000000000000002,2.8211090783732984,-0.16896427334093422,27.333286937949953
26.992709445994493,-44.35639033885494,1.0000000000000002,2.821216972207358,-0.16923286447240038,27.270543595295745
26.996510092355155,-44.34675581952551,1.0,2.821324319665406,-0.16950139487230453,27.20769633689516
27.00030818400451,-44.33712088607507,1.0000000000000004,2.821431118953501,-0.16976986338965894,27.144745030405478
27.004103723680252,-44.32748553901262,1.0000000000000002,2.8215373682775824,-0.17003826887377693,27.08168954348393
27.007896714118147,-44.31784977884684,1.0000000000000002,2.821643065843453,-0.1703066101742614,27.018529743787813
27.011687158052048,-44.308213606085936,1.0000000000000002,2.821748209856784,-0.17057488614100835,26.95526549897439
27.01547505821387,-44.298577021237676,1.0000000000000002,2.821852798523121,-0.1708430956242104,26.891896676700924
27.01926041733362,-44.28894002480951,1.0000000000000002,2.82195683004788,-0.17111123747435064,26.828423144624697
27.023043238139373,-44.2793026173084,1.0000000000000002,2.8220603026363467,-0.17137931054220612,26.764844770402952
27.026823523357315,-44.26966479924094,1.0,2.8221632144936755,-0.17164731367884123,26.70116142169296
27.030601275711657,-44.2600265711133,1.0000000000000002,2.8222655638249003,-0.171915245735621,26.637372966152014
27.034376497924782,-44.25038793343123,1.0,2.822367348834922,-0.1721831055641898,26.573479271437357
27.03814919271709,-44.240748886700096,1.0,2.822468567728514,-0.17245089201649355,26.509480205206277
27.041919362807082,-44.231109431424855,1.0000000000000002,2.8225692187103233,-0.1727186039447579,26.445375635116008
27.045687010911383,-44.22146956811003,1.0,2.8226692999848724,-0.17298624020150877,26.381165428823856
27.04945213974468,-44.211829297259804,1.0000000000000002,2.822768809756553,-0.1732537996395478,26.31684945398706
27.053214752019766,-44.20218861937787,1.0000000000000002,2.822867746229635,-0.17352128111197995,26.252427578262903
27.056974850447524,-44.1925475349676,1.0,2.8229661076082624,-0.17378868347218468,26.18789966930865
27.06073243773694,-44.18290604453187,1.0000000000000002,2.8230638920964477,-0.17405600557384382,26.123265594781568
27.064487516595097,-44.17326414857325,1.0000000000000002,2.8231610978980877,-0.17432324627091234,26.058525222338908
27.068240089727176,-44.16362184759385,1.0,2.8232577232169467,-0.1745904044176405,25.993678419637973
27.071990159836457,-44.15397914209539,1.0,2.82335376625667,-0.17485747886856107,25.928725054336
27.07573772962434,-44.14433603257919,1.0000000000000002,2.823449225220775,-0.17512446847849583,25.863664994090282
27.07948280179032,-44.134692519546164,1.0,2.823544098312658,-0.17539137210254996,25.79849810655805
27.08322537903199,-44.12504860349684,1.0000000000000002,2.82363838373559,-0.1756581885961137,25.7332242593966
27.086965464045075,-44.115404284931365,1.0,2.8237320796927206,-0.1759249168148611,25.667843320263206
27.09070305952339,-44.10575956434942,1.0000000000000002,2.8238251843870774,-0.17619155561475397,25.60235515681511
27.094438168158874,-44.09611444225036,1.0,2.823917696021561,-0.17645810385203298,25.5367596367096
27.098170792641575,-44.0864689191331,1.0000000000000002,2.8240096127989567,-0.1767245603832257,25.47105662760392
27.101900935659646,-44.076822995496165,1.0,2.8241009329219247,-0.17699092406514305,25.40524599715537
27.105628599899386,-44.06717667183771,1.0,2.824191654593002,-0.17725719375487303,25.339327613021197
27.10935378804518,-44.05752994865546,1.0000000000000002,2.8242817760146073,-0.17752336830979054,25.273301342858662
27.113076502779563,-44.047882826446774,1.0000000000000002,2.8243712953890383,-0.1777894465875507,25.207167054325055
27.116796746783166,-44.038235305708575,1.0000000000000002,2.824460210918471,-0.17805542744608926,25.14092461507763
27.120514522734766,-44.028587386937446,1.0000000000000002,2.8245485208049637,-0.17832130974362315,25.07457389277364
27.12422983331125,-44.018939070629536,1.0,2.8246362232504505,-0.17858709233864944,25.00811475507039
27.127942681187633,-44.009290357280626,1.0,2.824723316456752,-0.1788527740899437,24.941547069625113
27.13165306903707,-43.999641247386094,1.0,2.824809798625566,-0.17911835385656216,24.874870704095102
27.135360999530832,-43.98999174144093,1.0000000000000002,2.824895667958471,-0.1793838304978399,24.808085526137596
27.139066475338335,-43.980341839939705,1.0000000000000002,2.8249809226569305,-0.1796492028733918,24.741191403409886
27.142769499127116,-43.97069154337665,1.0000000000000002,2.825065560922285,-0.17991446984310544,24.674188203569244
27.146470073562856,-43.96104085224558,1.0000000000000002,2.825149580955763,-0.180179630267153,24.60707579427291
27.15016820130938,-43.95138976703993,1.0000000000000002,2.8252329809584698,-0.18044468300597805,24.539854043178174
27.153863885028624,-43.9417382882527,1.0,2.825315759131399,-0.18070962692030745,24.472522817942295
27.1575571273807,-43.93208641637659,1.0000000000000002,2.8253979136754204,-0.1809744608711359,24.405081986222537
27.161247931023823,-43.92243415190384,1.0,2.8254794427912957,-0.1812391837197409,24.337531415676178
27.16493629861439,-43.91278149532633,1.0,2.8255603446796616,-0.18150379432767316,24.269870973960483
27.168622232806907,-43.903128447135536,1.0000000000000002,2.8256406175410467,-0.18176829155675867,24.20210052873272
27.17230573625406,-43.893475007822595,1.0000000000000002,2.8257202595758604,-0.18203267426909697,24.134219947650152
27.175986811606663,-43.8838211778782,1.0,2.8257992689843947,-0.18229694132706342,24.06622909837004
27.17966546151367,-43.87416695779269,1.0000000000000002,2.82587764396683,-0.18256109159330647,23.998127848549675
27.183341688622225,-43.86451234805603,1.0000000000000002,2.8259553827232318,-0.18282512393074768,23.929916065846307
27.18701549557758,-43.85485734915777,1.0,2.8260324834535506,-0.18308903720258396,23.861593617917194
27.190686885023165,-43.84520196158712,1.0000000000000002,2.8261089443576184,-0.1833528302722791,23.79316037241962
27.194355859600574,-43.83554618583286,1.0000000000000002,2.8261847636351627,-0.18361650200357627,23.72461619701085
27.19802242194954,-43.825890022383426,1.0000000000000002,2.8262599394857895,-0.1838800512604859,23.65596095934816
27.20168657470796,-43.816233471726854,1.0000000000000002,2.826334470108995,-0.18414347690729027,23.587194527088798
27.205348320511902,-43.80657653435081,1.0,2.8264083537041627,-0.18440677780854342,23.51831676789004
27.20900766199558,-43.79691921074256,1.0000000000000002,2.8264815884705623,-0.18466995282907162,23.449327549409155
27.2126646017914,-43.78726150138901,1.0,2.8265541726073526,-0.18493300083396802,23.38022673930341
27.216319142529898,-43.7776034067767,1.0000000000000002,2.8266261043135774,-0.18519592068859536,23.31101420523008
27.219971286839804,-43.76794492739175,1.0,2.8266973817881746,-0.18545871125858948,23.241689814846413
27.223621037348007,-43.758286063719936,1.0000000000000002,2.8267680032299634,-0.18572137140985356,23.1722534358097
27.227268396679573,-43.74862681624664,1.0000000000000002,2.826837966837658,-0.18598390000855636,23.102704935777183
27.230913367457724,-43.73896718545691,1.0000000000000002,2.8269072708098615,-0.18624629592113795,23.03304418240616
27.23455595230389,-43.72930717183534,1.0000000000000002,2.82697591334506,-0.1865085580143062,22.963271043353878
27.23819615383763,-43.7196467758662,1.0000000000000002,2.8270438926416364,-0.18677068515503548,22.893385386277597
27.241833974676712,-43.709985998033396,1.0000000000000002,2.8271112068978628,-0.18703267621056607,22.823387078834614
27.245469417437086,-43.700324838820436,1.0000000000000002,2.827177854311896,-0.18729453004840613,22.753275988682173
27.24910248473287,-43.69066329871045,1.0,2.827243833081793,-0.18755624553632932,22.68305198347755
27.252733179176342,-43.68100137818619,1.0000000000000002,2.8273091414054923,-0.18781782154237758,22.612714930878003
27.256361503378006,-43.671339077730075,1.0000000000000002,2.8273737774808305,-0.1880792569348526,22.542264698540816
