galstreams/tracks/track.st.NGC5466.grillmair2006.ecsv
# %ECSV 0.9
# ---
# datatype:
# - {name: ra, unit: deg, datatype: float64}
# - {name: dec, unit: deg, datatype: float64}
# - {name: distance, unit: kpc, datatype: float64}
# - {name: pm_ra_cosdec, unit: mas / yr, datatype: float64}
# - {name: pm_dec, unit: mas / yr, datatype: float64}
# - {name: radial_velocity, unit: km / s, datatype: float64}
# delimiter: ','
# meta: !!omap
# - __serialized_columns__:
#     dec:
#       __class__: astropy.coordinates.angles.Latitude
#       unit: &id001 !astropy.units.Unit {unit: deg}
#       value: !astropy.table.SerializedColumn {name: dec}
#     distance:
#       __class__: astropy.coordinates.distances.Distance
#       unit: !astropy.units.Unit {unit: kpc}
#       value: !astropy.table.SerializedColumn {name: distance}
#     pm_dec:
#       __class__: astropy.units.quantity.Quantity
#       unit: !astropy.units.Unit {unit: mas / yr}
#       value: !astropy.table.SerializedColumn {name: pm_dec}
#     pm_ra_cosdec:
#       __class__: astropy.units.quantity.Quantity
#       unit: !astropy.units.Unit {unit: mas / yr}
#       value: !astropy.table.SerializedColumn {name: pm_ra_cosdec}
#     ra:
#       __class__: astropy.coordinates.angles.Longitude
#       unit: *id001
#       value: !astropy.table.SerializedColumn {name: ra}
#       wrap_angle: !astropy.coordinates.Angle
#         unit: *id001
#         value: 360.0
#     radial_velocity:
#       __class__: astropy.units.quantity.Quantity
#       unit: !astropy.units.Unit {unit: km / s}
#       value: !astropy.table.SerializedColumn {name: radial_velocity}
# schema: astropy-2.0
ra,dec,distance,pm_ra_cosdec,pm_dec,radial_velocity
228.8337165764973,20.45696628318264,16.59999999999999,0.0,0.0,0.0
228.5800404616098,20.523720469341605,16.59999999999999,0.0,0.0,0.0
228.32788537447004,20.59213955389573,16.599999999999987,0.0,0.0,0.0
228.07721405394764,20.662191295982048,16.599999999999987,0.0,0.0,0.0
227.82798968382414,20.73384373623675,16.599999999999987,0.0,0.0,0.0
227.58017588811003,20.807065195617888,16.59999999999999,0.0,0.0,0.0
227.33373672646525,20.881824274210366,16.599999999999987,0.0,0.0,0.0
227.08863668971836,20.958089850014765,16.599999999999987,0.0,0.0,0.0
226.84484069547798,21.03583107772281,16.59999999999999,0.0,0.0,0.0
226.60231408383362,21.11501738748088,16.59999999999999,0.0,0.0,0.0
226.36102261314045,21.195618483642885,16.599999999999994,0.0,0.0,0.0
226.12093245588468,21.277604343514643,16.59999999999999,0.0,0.0,0.0
225.8820101946254,21.360945216090872,16.59999999999999,0.0,0.0,0.0
225.64422281800998,21.44561162078564,16.59999999999999,0.0,0.0,0.0
225.40753771685965,21.531574346157996,16.599999999999994,0.0,0.0,0.0
225.1719226803219,21.61880444863365,16.599999999999994,0.0,0.0,0.0
224.93734589208813,21.70727325122306,16.599999999999998,0.0,0.0,0.0
224.70377592667285,21.79695234223757,16.599999999999998,0.0,0.0,0.0
224.47118174575283,21.887813574003893,16.599999999999994,0.0,0.0,0.0
224.23953269456413,21.979829061577316,16.599999999999994,0.0,0.0,0.0
224.00879849835465,22.072971181454808,16.599999999999998,0.0,0.0,0.0
223.7789492588907,22.167212570288214,16.599999999999994,0.0,0.0,0.0
223.54995545101616,22.262526123597727,16.599999999999998,0.0,0.0,0.0
223.32178791926242,22.358884994486466,16.6,0.0,0.0,0.0
223.0944178745076,22.45626259235643,16.599999999999998,0.0,0.0,0.0
222.86781689068437,22.554632581625572,16.599999999999998,0.0,0.0,0.0
222.6419569015348,22.653968880446953,16.599999999999998,0.0,0.0,0.0
222.4168101974113,22.754245659429802,16.6,0.0,0.0,0.0
222.19234942212273,22.85543734036244,16.6,0.0,0.0,0.0
221.96854756982498,22.957518594937618,16.599999999999998,0.0,0.0,0.0
221.74537798195473,23.060464343480287,16.599999999999998,0.0,0.0,0.0
221.52281434420638,23.16424975367734,16.600000000000005,0.0,0.0,0.0
221.30083068355134,23.26885023931014,16.6,0.0,0.0,0.0
221.07940136529808,23.37424145898942,16.6,0.0,0.0,0.0
220.85850109019452,23.480399314892463,16.6,0.0,0.0,0.0
220.63810489156987,23.58729995150283,16.600000000000005,0.0,0.0,0.0
220.41818813251714,23.694919754352696,16.600000000000005,0.0,0.0,0.0
220.19872650311567,23.803235348767164,16.600000000000005,0.0,0.0,0.0
219.97969601769256,23.912223598611174,16.6,0.0,0.0,0.0
219.76107301212315,24.0218616050388,16.600000000000005,0.0,0.0,0.0
219.54283414117072,24.13212670524446,16.600000000000005,0.0,0.0,0.0
219.32495637586428,24.242996471216443,16.600000000000005,0.0,0.0,0.0
219.10741700091407,24.35444870849277,16.600000000000005,0.0,0.0,0.0
218.89019361216614,24.466461454918576,16.60000000000001,0.0,0.0,0.0
218.67326411409337,24.57901297940589,16.60000000000001,0.0,0.0,0.0
218.45660671732438,24.692081780695258,16.600000000000005,0.0,0.0,0.0
218.24019993620968,24.805646586118897,16.60000000000001,0.0,0.0,0.0
218.0240225864245,24.919686350365925,16.60000000000001,0.0,0.0,0.0
217.80805378260848,25.034180254249303,16.60000000000001,0.0,0.0,0.0
217.59227293604158,25.149107703474126,16.60000000000001,0.0,0.0,0.0
217.37665975235637,25.264448327407774,16.60000000000001,0.0,0.0,0.0
217.16119422928608,25.380181977851656,16.600000000000005,0.0,0.0,0.0
216.94585665444853,25.49628872781412,16.60000000000001,0.0,0.0,0.0
216.73062760316537,25.612748870285152,16.60000000000001,0.0,0.0,0.0
216.51548793631616,25.72954291701246,16.600000000000012,0.0,0.0,0.0
216.300418798228,25.84665159727871,16.600000000000012,0.0,0.0,0.0
216.08540161459908,25.96405585668038,16.600000000000012,0.0,0.0,0.0
215.87041809045638,26.081736855908055,16.60000000000001,0.0,0.0,0.0
215.65545020814812,26.19967596952766,16.600000000000012,0.0,0.0,0.0
215.44048022536884,26.317854784763465,16.60000000000001,0.0,0.0,0.0
215.2254906732178,26.436255100282338,16.600000000000012,0.0,0.0,0.0
215.01046435429083,26.55485892497908,16.600000000000012,0.0,0.0,0.0
214.79538434080405,26.67364847676348,16.60000000000001,0.0,0.0,0.0
214.58023397274937,26.792606181348667,16.600000000000012,0.0,0.0,0.0
214.36499685608214,26.91171467104064,16.600000000000012,0.0,0.0,0.0
214.14965686093967,27.030956783529543,16.60000000000001,0.0,0.0,0.0
213.93419811988988,27.150315560682316,16.600000000000012,0.0,0.0,0.0
213.71860502621095,27.26977424733673,16.60000000000001,0.0,0.0,0.0
213.5028622321999,27.389316290097057,16.600000000000012,0.0,0.0,0.0
213.28695464751033,27.508925336131593,16.600000000000012,0.0,0.0,0.0
213.07086743751915,27.62858523197126,16.60000000000001,0.0,0.0,0.0
212.8545860217207,27.74828002231052,16.60000000000001,0.0,0.0,0.0
212.6380960721482,27.8679939488097,16.600000000000012,0.0,0.0,0.0
212.42138351182257,27.98771144889921,16.600000000000012,0.0,0.0,0.0
212.20443451322666,28.10741715458561,16.60000000000001,0.0,0.0,0.0
211.98723549680517,28.22709589125989,16.60000000000001,0.0,0.0,0.0
211.7697731294894,28.346732676507227,16.600000000000012,0.0,0.0,0.0
211.5520343232462,28.466312718919347,16.60000000000001,0.0,0.0,0.0
211.33400623364963,28.5858214169088,16.60000000000001,0.0,0.0,0.0
211.11567625847619,28.70524435752533,16.600000000000012,0.0,0.0,0.0
210.8970320363213,28.824567315274717,16.600000000000012,0.0,0.0,0.0
210.67806144523698,28.943776250939887,16.60000000000001,0.0,0.0,0.0
210.45875260139024,29.062857310404304,16.600000000000012,0.0,0.0,0.0
210.2390938577406,29.181796823477953,16.600000000000005,0.0,0.0,0.0
210.01907380273653,29.30058130272586,16.60000000000001,0.0,0.0,0.0
209.79868125902993,29.41919744229896,16.60000000000001,0.0,0.0,0.0
209.5779052822076,29.537632116767796,16.60000000000001,0.0,0.0,0.0
209.35673515953883,29.65587237995889,16.600000000000005,0.0,0.0,0.0
209.13516040873856,29.773905463793657,16.600000000000005,0.0,0.0,0.0
208.913170776745,29.891718777130126,16.600000000000005,0.0,0.0,0.0
208.6907562385108,30.009299904607648,16.600000000000005,0.0,0.0,0.0
208.4679069958069,30.12663660549409,16.600000000000005,0.0,0.0,0.0
208.24461347603867,30.243716812536043,16.60000000000001,0.0,0.0,0.0
208.02086633107183,30.360528630812052,16.600000000000005,0.0,0.0,0.0
207.79665643607,30.477060336588238,16.60000000000001,0.0,0.0,0.0
207.57197488833992,30.5933003761773,16.600000000000005,0.0,0.0,0.0
207.34681300618522,30.709237364800142,16.600000000000005,0.0,0.0,0.0
207.12116232776788,30.82486008545023,16.600000000000005,0.0,0.0,0.0
206.8950146099754,30.940157487761073,16.60000000000001,0.0,0.0,0.0
206.66836182729324,31.055118686876405,16.60000000000001,0.0,0.0,0.0
206.44119617068228,31.169732962322946,16.60000000000001,0.0,0.0,0.0
206.213510046459,31.283989756886207,16.600000000000005,0.0,0.0,0.0
205.98529607517844,31.397878675488773,16.600000000000005,0.0,0.0,0.0
205.75654709051892,31.511389484071252,16.600000000000005,0.0,0.0,0.0
205.52725613816705,31.624512108475802,16.600000000000005,0.0,0.0,0.0
205.2974164747025,31.73723663333204,16.600000000000005,0.0,0.0,0.0
205.06702156648163,31.84955330094545,16.60000000000001,0.0,0.0,0.0
204.83606508851892,31.96145251018792,16.600000000000005,0.0,0.0,0.0
204.60454092336516,32.07292481539053,16.600000000000005,0.0,0.0,0.0
204.3724431599817,32.18396092523836,16.600000000000005,0.0,0.0,0.0
204.1397660926101,32.29455170166717,16.600000000000005,0.0,0.0,0.0
203.90650421963525,32.404688158761914,16.60000000000001,0.0,0.0,0.0
203.67265224244267,32.514361461656755,16.60000000000001,0.0,0.0,0.0
203.4382050642677,32.62356292543662,16.600000000000005,0.0,0.0,0.0
203.20315778903634,32.73228401403996,16.600000000000005,0.0,0.0,0.0
202.9675057201973,32.840516339162654,16.600000000000005,0.0,0.0,0.0
202.73124435954327,32.948251659162736,16.60000000000001,0.0,0.0,0.0
202.494369406022,33.05548187796581,16.600000000000005,0.0,0.0,0.0
202.25687675453528,33.16219904397099,16.60000000000001,0.0,0.0,0.0
202.01876249472565,33.268395348957,16.60000000000001,0.0,0.0,0.0
201.78002290975002,33.374063126988254,16.600000000000005,0.0,0.0,0.0
201.54065447503922,33.479194853320706,16.600000000000005,0.0,0.0,0.0
201.30065385704307,33.58378314330732,16.600000000000005,0.0,0.0,0.0
201.06001791196005,33.687820751302404,16.600000000000005,0.0,0.0,0.0
200.81874368445114,33.79130056956526,16.600000000000005,0.0,0.0,0.0
200.576828406337,33.894215627162176,16.60000000000001,0.0,0.0,0.0
200.33426949527794,33.99655908886697,16.60000000000001,0.0,0.0,0.0
200.0910645534362,34.098324254059406,16.600000000000005,0.0,0.0,0.0
199.84721136612004,34.19950455562145,16.60000000000001,0.0,0.0,0.0
199.6027079004085,34.300093558830774,16.60000000000001,0.0,0.0,0.0
199.35755230375744,34.40008496025145,16.600000000000005,0.0,0.0,0.0
199.1117429025856,34.49947258662122,16.600000000000005,0.0,0.0,0.0
198.86527820084012,34.598250393735206,16.60000000000001,0.0,0.0,0.0
198.61815687854198,34.69641246532555,16.60000000000001,0.0,0.0,0.0
198.37037779031016,34.79395301193676,16.600000000000005,0.0,0.0,0.0
198.1219399638646,34.89086636979614,16.60000000000001,0.0,0.0,0.0
197.87284259850767,34.98714699967931,16.60000000000001,0.0,0.0,0.0
197.62308506358363,35.08278948577001,16.60000000000001,0.0,0.0,0.0
197.37266689691634,35.17778853451411,16.6,0.0,0.0,0.0
197.12158780322457,35.27213897346723,16.600000000000005,0.0,0.0,0.0
196.86984765251498,35.36583575013573,16.60000000000001,0.0,0.0,0.0
196.6174464784528,35.458873930810526,16.60000000000001,0.0,0.0,0.0
196.3643844767098,35.55124869939336,16.600000000000012,0.0,0.0,0.0
196.11066200329012,35.64295535621518,16.60000000000001,0.0,0.0,0.0
195.8562795728331,35.73398931684609,16.60000000000001,0.0,0.0,0.0
195.6012378568941,35.82434611089661,16.60000000000001,0.0,0.0,0.0
195.34553768220297,35.914021380809615,16.60000000000001,0.0,0.0,0.0
195.0891800289001,36.00301088064277,16.600000000000012,0.0,0.0,0.0
194.83216602875083,36.09131047484082,16.600000000000012,0.0,0.0,0.0
194.57449696333788,36.17891613699745,16.60000000000001,0.0,0.0,0.0
194.31617426223244,36.26582394860631,16.60000000000001,0.0,0.0,0.0
194.0571995011442,36.35203009780058,16.600000000000012,0.0,0.0,0.0
193.79757440005037,36.43753087808092,16.600000000000012,0.0,0.0,0.0
193.53730082130463,36.52232268703127,16.600000000000012,0.0,0.0,0.0
193.27638076772598,36.606402025021985,16.60000000000001,0.0,0.0,0.0
193.01481638066832,36.68976549390009,16.60000000000001,0.0,0.0,0.0
192.7526099380709,36.77240979566612,16.600000000000012,0.0,0.0,0.0
192.48976385249085,36.854331731137094,16.600000000000012,0.0,0.0,0.0
192.2262806691178,36.93552819859546,16.60000000000001,0.0,0.0,0.0
191.9621630637715,37.015996192423295,16.600000000000012,0.0,0.0,0.0
191.69741384088312,37.09573280172167,16.60000000000001,0.0,0.0,0.0
191.43203593146137,37.17473520891455,16.600000000000012,0.0,0.0,0.0
191.16603239104327,37.253000688337124,16.600000000000012,0.0,0.0,0.0
190.89940639763154,37.330526604807936,16.600000000000012,0.0,0.0,0.0
190.6321612496187,37.407310412184614,16.60000000000001,0.0,0.0,0.0
190.36430036369887,37.48334965190284,16.60000000000001,0.0,0.0,0.0
190.09582727276896,37.558641951498295,16.600000000000005,0.0,0.0,0.0
189.82674562381908,37.633185023110904,16.600000000000005,0.0,0.0,0.0
189.5570591758141,37.70697666197166,16.600000000000005,0.0,0.0,0.0
189.28677179756693,37.7800147448712,16.600000000000005,0.0,0.0,0.0
189.01588746560518,37.852297228610034,16.60000000000001,0.0,0.0,0.0
188.74441026203158,37.92382214843024,16.600000000000005,0.0,0.0,0.0
188.47234437237978,37.99458761642825,16.60000000000001,0.0,0.0,0.0
188.19969408346694,38.06459181994849,16.6,0.0,0.0,0.0
187.9264637812436,38.133833019957606,16.600000000000005,0.0,0.0,0.0
187.6526579486432,38.2023095493992,16.6,0.0,0.0,0.0
187.3782811634312,38.270019811528684,16.6,0.0,0.0,0.0
187.1033380960565,38.33696227822813,16.6,0.0,0.0,0.0
186.8278335075052,38.40313548830107,16.6,0.0,0.0,0.0
186.5517722471593,38.468538045746826,16.599999999999998,0.0,0.0,0.0
186.2751592506608,38.53316861801446,16.6,0.0,0.0,0.0
185.997999537783,38.59702593423609,16.599999999999998,0.0,0.0,0.0
185.72029821031052,38.66010878343952,16.599999999999998,0.0,0.0,0.0
185.44206044992941,38.72241601274009,16.599999999999994,0.0,0.0,0.0
185.16329151612857,38.78394652551161,16.599999999999994,0.0,0.0,0.0
184.8839967441146,38.84469927953638,16.59999999999999,0.0,0.0,0.0
184.6041815427408,38.90467328513432,16.599999999999987,0.0,0.0,0.0
184.32385139245253,38.963867603271055,16.599999999999987,0.0,0.0,0.0
184.0430118432501,39.02228134364497,16.599999999999984,0.0,0.0,0.0
183.76166851267072,39.07991366275353,16.599999999999987,0.0,0.0,0.0
183.47982708379138,39.13676376193836,16.599999999999984,0.0,0.0,0.0
183.19749330325362,39.192830885409805,16.59999999999998,0.0,0.0,0.0
182.91467297931257,39.2481143182504,16.59999999999998,0.0,0.0,0.0
182.63137197991097,39.302613384397965,16.59999999999997,0.0,0.0,0.0
182.34759623078057,39.35632744460786,16.599999999999973,0.0,0.0,0.0
182.06335171357145,39.409255894395024,16.599999999999973,0.0,0.0,0.0
181.7786444640121,39.46139816195562,16.599999999999966,0.0,0.0,0.0
181.49348057010064,39.512753706068686,16.599999999999962,0.0,0.0,0.0
181.20786617032934,39.56332201397783,16.599999999999966,0.0,0.0,0.0
180.92180745194406,39.613102599253295,16.59999999999996,0.0,0.0,0.0
