galstreams/tracks/track.st.Yangtze.yang2023.ecsv
# %ECSV 1.0
# ---
# datatype:
# - {name: ra, unit: deg, datatype: float64}
# - {name: dec, unit: deg, datatype: float64}
# - {name: distance, unit: kpc, datatype: float64}
# - {name: pm_ra_cosdec, unit: mas / yr, datatype: float64}
# - {name: pm_dec, unit: mas / yr, datatype: float64}
# - {name: radial_velocity, unit: km / s, datatype: float64}
# delimiter: ','
# meta: !!omap
# - __serialized_columns__:
#     dec:
#       __class__: astropy.coordinates.angles.Latitude
#       unit: &id001 !astropy.units.Unit {unit: deg}
#       value: !astropy.table.SerializedColumn {name: dec}
#     distance:
#       __class__: astropy.coordinates.distances.Distance
#       unit: !astropy.units.Unit {unit: kpc}
#       value: !astropy.table.SerializedColumn {name: distance}
#     pm_dec:
#       __class__: astropy.units.quantity.Quantity
#       unit: !astropy.units.Unit {unit: mas / yr}
#       value: !astropy.table.SerializedColumn {name: pm_dec}
#     pm_ra_cosdec:
#       __class__: astropy.units.quantity.Quantity
#       unit: !astropy.units.Unit {unit: mas / yr}
#       value: !astropy.table.SerializedColumn {name: pm_ra_cosdec}
#     ra:
#       __class__: astropy.coordinates.angles.Longitude
#       unit: *id001
#       value: !astropy.table.SerializedColumn {name: ra}
#       wrap_angle: !astropy.coordinates.Angle
#         unit: *id001
#         value: 360.0
#     radial_velocity:
#       __class__: astropy.units.quantity.Quantity
#       unit: !astropy.units.Unit {unit: km / s}
#       value: !astropy.table.SerializedColumn {name: radial_velocity}
# schema: astropy-2.0
ra,dec,distance,pm_ra_cosdec,pm_dec,radial_velocity
[from data line 822]
146.03564616778792,-4.747598407842452,9.120108393559114,-0.7000000000000012,1.1000000000000019,5.2629794561702115e-15
146.0356219629501,-4.737579916389777,9.120108393559116,-0.7000000000000008,1.1000000000000014,1.3683746586042549e-14
146.03559880087985,-4.727561479017512,9.120108393559116,-0.7000000000000008,1.1000000000000019,3.684085619319148e-15
146.03557668156026,-4.71754309573053,9.120108393559114,-0.700000000000001,1.1000000000000016,6.315575347404253e-15
146.0355556049745,-4.707524766533667,9.120108393559114,-0.700000000000001,1.100000000000002,9.47336302110638e-15
146.03553557110564,-4.697506491431799,9.120108393559116,-0.7000000000000008,1.1000000000000019,7.368171238638296e-15
146.03551657993683,-4.687488270429605,9.120108393559116,-0.7000000000000008,1.1000000000000019,1.3157448640425528e-14
146.0354986314512,-4.6774701035319035,9.120108393559116,-0.7000000000000008,1.100000000000002,1.473634247727659e-14
146.03548172563183,-4.667451990743438,9.120108393559116,-0.700000000000001,1.1000000000000019,1.2631150694808506e-14
146.03546586246185,-4.657433932068922,9.120108393559114,-0.7000000000000011,1.1000000000000016,2.0525619879063826e-14
146.03545104192438,-4.6474159275131015,9.120108393559114,-0.7000000000000011,1.1000000000000016,9.47336302110638e-15
146.03543726400252,-4.637397977080527,9.120108393559114,-0.7000000000000012,1.1000000000000019,6.315575347404253e-15
146.03542452867939,-4.6273800807758905,9.120108393559116,-0.7000000000000008,1.1000000000000019,1.1578554803574466e-14
146.03541283593808,-4.6173622386038105,9.120108393559114,-0.7000000000000012,1.1000000000000019,7.894469184255318e-15
146.0354021857617,-4.607344450568933,9.120108393559114,-0.700000000000001,1.1000000000000019,1.4210044531659571e-14
146.03539257813338,-4.597326716675706,9.120108393559114,-0.7000000000000011,1.1000000000000016,7.368171238638296e-15
146.0353840130362,-4.5873090369287235,9.120108393559114,-0.7000000000000011,1.1000000000000016,9.47336302110638e-15
146.03537649045325,-4.577291411332497,9.120108393559116,-0.700000000000001,1.1000000000000016,4.210383564936169e-15
146.03537001036761,-4.56727383989152,9.120108393559114,-0.7000000000000011,1.1000000000000019,3.1577876737021266e-15
146.0353645727624,-4.557256322610311,9.120108393559116,-0.700000000000001,1.1000000000000014,1.7894130150978717e-14
146.03536017762076,-4.547238859493192,9.120108393559116,-0.700000000000001,1.1000000000000014,1.0525958912340423e-15
146.0353568249257,-4.537221450544638,9.120108393559116,-0.7000000000000008,1.1000000000000014,6.8418732930212744e-15
146.03535451466036,-4.527204095769038,9.120108393559114,-0.7000000000000011,1.1000000000000016,1.2631150694808506e-14
146.0353532468078,-4.51718679517081,9.120108393559118,-0.7000000000000006,1.1000000000000012,1.5262640422893612e-14
146.03535302135117,-4.507169548754183,9.120108393559114,-0.7000000000000011,1.1000000000000016,6.315575347404253e-15
146.03535383827344,-4.497152356523529,9.120108393559114,-0.7000000000000011,1.1000000000000019,1.473634247727659e-14
146.0353556975578,-4.487135218483134,9.120108393559116,-0.7000000000000008,1.1000000000000019,1.2631150694808506e-14
146.0353585991873,-4.477118134637271,9.120108393559116,-0.700000000000001,1.1000000000000014,4.73668151055319e-15
146.03536254314497,-4.467101104990236,9.120108393559114,-0.7000000000000011,1.1000000000000016,1.3683746586042549e-14
146.03536752941397,-4.457084129546132,9.120108393559114,-0.7000000000000011,1.1000000000000014,1.5788938368510635e-14
146.03537355797732,-4.4470672083092095,9.120108393559116,-0.700000000000001,1.1000000000000014,1.1578554803574466e-14
146.03538062881813,-4.437050341283637,9.120108393559116,-0.7000000000000008,1.1000000000000014,8.420767129872338e-15
146.03538874191946,-4.427033528473559,9.120108393559114,-0.7000000000000011,1.1000000000000016,7.368171238638296e-15
146.03539789726435,-4.417016769883153,9.120108393559114,-0.7000000000000008,1.100000000000002,1.0525958912340423e-14
146.0354080948359,-4.4070000655164,9.120108393559116,-0.700000000000001,1.1000000000000012,6.8418732930212744e-15
146.0354193346172,-4.396983415377429,9.120108393559114,-0.7000000000000008,1.1000000000000019,1.2104852749191486e-14
146.03543161659127,-4.386966819470293,9.120108393559114,-0.700000000000001,1.1000000000000019,1.2104852749191486e-14
146.0354449407412,-4.376950277799009,9.120108393559114,-0.700000000000001,1.1000000000000016,8.420767129872338e-15
146.03545930705008,-4.366933790367636,9.120108393559114,-0.7000000000000008,1.1000000000000016,8.947065075489359e-15
146.03547471550092,-4.356917357180038,9.120108393559114,-0.7000000000000011,1.1000000000000014,3.1577876737021266e-15
146.0354911660768,-4.346900978240224,9.120108393559114,-0.7000000000000008,1.1000000000000014,1.3683746586042549e-14
146.03550865876085,-4.33688465355212,9.120108393559114,-0.700000000000001,1.1000000000000014,3.684085619319148e-15
146.03552719353598,-4.326868383119691,9.120108393559116,-0.700000000000001,1.1000000000000014,1.1578554803574466e-14
146.03554677038537,-4.316852166946703,9.120108393559114,-0.7000000000000011,1.1000000000000014,1.2631150694808506e-14
146.03556738929203,-4.306836005037068,9.120108393559116,-0.7000000000000008,1.1000000000000014,2.1051917824680846e-14
146.03558905023903,-4.2968198973946246,9.120108393559114,-0.700000000000001,1.1000000000000016,1.5788938368510635e-14
146.03561175320942,-4.2868038440231775,9.120108393559116,-0.7000000000000008,1.1000000000000014,1.4210044531659571e-14
146.03563549818622,-4.276787844926573,9.120108393559114,-0.7000000000000007,1.1000000000000014,1.2104852749191486e-14
146.03566028515252,-4.266771900108462,9.120108393559114,-0.7000000000000011,1.1000000000000014,1.4210044531659571e-14
146.03568611409133,-4.256756009572636,9.120108393559116,-0.7000000000000007,1.1000000000000014,1.4210044531659571e-14
146.03571298498574,-4.246740173322817,9.120108393559116,-0.7000000000000007,1.1000000000000014,1.5788938368510635e-14
146.03574089781878,-4.236724391362696,9.120108393559118,-0.7000000000000007,1.100000000000001,1.5788938368510633e-15
146.03576985257345,-4.2267086636960025,9.120108393559114,-0.7000000000000008,1.1000000000000016,8.947065075489359e-15
146.03579984923283,-4.216692990326261,9.120108393559116,-0.7000000000000007,1.1000000000000012,1.0525958912340423e-14
146.03583088777998,-4.206677371257161,9.120108393559114,-0.7000000000000008,1.1000000000000016,7.894469184255318e-15
146.0358629681979,-4.196661806492299,9.120108393559114,-0.7000000000000006,1.1000000000000014,1.3157448640425528e-14
146.03589609046966,-4.18664629603531,9.120108393559116,-0.7000000000000007,1.1000000000000016,2.6314897280851058e-15
146.0359302545783,-4.176630839889632,9.120108393559114,-0.7000000000000008,1.1000000000000014,3.684085619319148e-15
146.0359654605068,-4.166615438058856,9.120108393559114,-0.7000000000000008,1.1000000000000014,1.0525958912340423e-14
146.03600170823822,-4.156600090546491,9.120108393559114,-0.7000000000000008,1.1000000000000014,1.3683746586042549e-14
146.03603899775564,-4.146584797356021,9.120108393559114,-0.700000000000001,1.1000000000000014,1.3683746586042549e-14
146.03607732904206,-4.136569558490963,9.120108393559114,-0.7000000000000008,1.1000000000000014,6.315575347404253e-15
146.03611670208048,-4.126554373954649,9.120108393559114,-0.7000000000000008,1.1000000000000014,6.8418732930212744e-15
146.03615711685399,-4.116539243750551,9.120108393559114,-0.700000000000001,1.1000000000000016,1.2631150694808506e-14
146.03619857334556,-4.106524167882059,9.120108393559116,-0.7000000000000007,1.1000000000000012,7.894469184255318e-15
146.03624107153826,-4.096509146352552,9.120108393559116,-0.7000000000000008,1.1000000000000012,9.999660966723401e-15
146.03628461141508,-4.08649417916543,9.120108393559116,-0.7000000000000006,1.1000000000000012,6.8418732930212744e-15
146.03632919295907,-4.076479266323913,9.120108393559114,-0.700000000000001,1.1000000000000014,1.4210044531659571e-14
146.03637481615326,-4.066464407831357,9.120108393559114,-0.7000000000000008,1.1000000000000012,1.2104852749191486e-14
146.03642148098064,-4.0564496036910445,9.120108393559118,-0.7000000000000005,1.100000000000001,5.789277401787233e-15
146.03646918742425,-4.046434853906291,9.120108393559114,-0.7000000000000007,1.1000000000000014,1.3157448640425528e-14
146.03651793546712,-4.036420158480224,9.120108393559116,-0.7000000000000006,1.1000000000000014,2.1051917824680845e-15
146.03656772509223,-4.026405517416112,9.120108393559114,-0.7000000000000007,1.1000000000000012,1.6315236314127656e-14
146.03661855628266,-4.016390930717151,9.120108393559114,-0.7000000000000008,1.1000000000000014,9.999660966723401e-15
146.03667042902137,-4.006376398386507,9.120108393559116,-0.7000000000000006,1.1000000000000014,9.999660966723401e-15
146.0367233432914,-3.99636192042739,9.120108393559114,-0.7000000000000008,1.1000000000000012,8.947065075489359e-15
146.03677729907577,-3.9863474968428103,9.120108393559114,-0.7000000000000008,1.1000000000000014,4.73668151055319e-15
146.03683229635746,-3.976333127635927,9.120108393559114,-0.7000000000000008,1.1000000000000012,1.6315236314127656e-14
146.03688833511953,-3.9663188128098272,9.120108393559114,-0.7000000000000007,1.1000000000000012,5.789277401787233e-15
146.03694541534495,-3.956304552367571,9.120108393559116,-0.7000000000000007,1.1000000000000012,6.8418732930212744e-15
146.03700353701677,-3.9462903463122467,9.120108393559116,-0.7000000000000007,1.1000000000000012,2.1051917824680845e-15
146.03706270011793,-3.936276194646768,9.120108393559116,-0.7000000000000008,1.1000000000000014,1.3683746586042549e-14
146.03712290463153,-3.9262620973741793,9.120108393559116,-0.7000000000000005,1.1000000000000014,5.789277401787233e-15
146.0371841505405,-3.916248054497457,9.120108393559114,-0.7000000000000007,1.1000000000000016,4.210383564936169e-15
146.0372464378279,-3.9062340660196075,9.120108393559114,-0.7000000000000008,1.1000000000000014,6.8418732930212744e-15
146.03730976647668,-3.896220131943448,9.120108393559114,-0.7000000000000008,1.1000000000000016,4.73668151055319e-15
146.03737413646985,-3.8862062522719447,9.120108393559116,-0.7000000000000006,1.100000000000001,1.2104852749191486e-14
146.03743954779048,-3.876192427007984,9.120108393559114,-0.7000000000000008,1.1000000000000019,1.3157448640425528e-14
146.03750600042156,-3.8661786561544313,9.120108393559114,-0.7000000000000006,1.1000000000000012,5.789277401787233e-15
146.037573494346,-3.8561649397141857,9.120108393559114,-0.7000000000000007,1.1000000000000012,6.315575347404253e-15
146.03764202954687,-3.8461512776899585,9.120108393559114,-0.7000000000000006,1.1000000000000016,5.2629794561702115e-15
146.03771160600718,-3.836137670084606,9.120108393559114,-0.7000000000000007,1.1000000000000012,8.947065075489359e-15
146.03778222370988,-3.8261241169009113,9.120108393559114,-0.7000000000000008,1.1000000000000012,7.368171238638296e-15
146.037853882638,-3.8161106181416296,9.120108393559118,-0.7000000000000006,1.100000000000001,1.2631150694808506e-14
146.03792658277456,-3.8060971738095577,9.120108393559114,-0.7000000000000006,1.1000000000000012,6.315575347404253e-15
146.03800032410248,-3.7960837839072967,9.120108393559114,-0.7000000000000007,1.100000000000001,5.262979456170211e-16
146.03807510660482,-3.786070448437597,9.120108393559116,-0.7000000000000006,1.1000000000000012,3.684085619319148e-15
146.03815093026455,-3.7760571674031405,9.120108393559114,-0.7000000000000007,1.1000000000000012,8.420767129872338e-15
146.0382277950647,-3.766043940806571,9.120108393559114,-0.7000000000000007,1.1000000000000012,-1.0525958912340423e-15
146.03830570098816,-3.756030768650584,9.120108393559114,-0.7000000000000007,1.1000000000000014,1.473634247727659e-14
146.03838464801805,-3.746017650937675,9.120108393559114,-0.7000000000000006,1.1000000000000012,1.5788938368510633e-15
146.03846463613726,-3.7360045876704917,9.120108393559114,-0.7000000000000007,1.1000000000000014,7.368171238638296e-15
146.03854566532883,-3.725991578851605,9.120108393559116,-0.7000000000000006,1.100000000000001,5.2629794561702115e-15
146.03862773557572,-3.7159786244836215,9.120108393559114,-0.7000000000000007,1.1000000000000012,1.0525958912340423e-14
146.03871084686097,-3.705965724568954,9.120108393559114,-0.7000000000000006,1.1000000000000012,1.1578554803574466e-14
146.03879499916752,-3.6959528791101675,9.120108393559113,-0.7000000000000008,1.1000000000000012,5.262979456170211e-16
146.03888019247836,-3.68594008810975,9.120108393559114,-0.7000000000000006,1.1000000000000012,2.6314897280851058e-15
146.03896642677648,-3.6759273515701665,9.120108393559114,-0.7000000000000007,1.100000000000001,1.3157448640425528e-14
146.03905370204487,-3.6659146694939255,9.120108393559114,-0.7000000000000006,1.100000000000001,6.8418732930212744e-15
146.03914201826652,-3.6559020418833343,9.120108393559114,-0.7000000000000006,1.1000000000000012,7.368171238638296e-15
146.0392313754244,-3.645889468740855,9.120108393559114,-0.7000000000000006,1.1000000000000008,1.0525958912340423e-15
146.0393217735015,-3.635876950068875,9.120108393559114,-0.7000000000000004,1.1000000000000005,3.1577876737021266e-15
146.0394132124808,-3.6258644858698146,9.120108393559113,-0.7000000000000007,1.1000000000000012,4.73668151055319e-15
146.0395056923453,-3.6158520761459068,9.120108393559114,-0.7000000000000005,1.100000000000001,5.262979456170211e-16
146.03959921307793,-3.6058397208995308,9.120108393559114,-0.7000000000000004,1.100000000000001,6.315575347404253e-15
146.03969377466174,-3.5958274201329927,9.120108393559114,-0.7000000000000006,1.1000000000000012,4.210383564936169e-15
146.03978937707964,-3.585815173848572,9.120108393559114,-0.7000000000000006,1.1000000000000008,3.1577876737021266e-15
146.03988602031464,-3.5758029820485957,9.120108393559113,-0.7000000000000004,1.1000000000000012,7.368171238638296e-15
146.03998370434974,-3.56579084473519,9.120108393559114,-0.7000000000000004,1.100000000000001,-2.1051917824680845e-15
146.04008242916785,-3.5557787619106414,9.120108393559114,-0.7000000000000004,1.100000000000001,1.0525958912340423e-14
146.04018219475205,-3.545766733577149,9.120108393559114,-0.7000000000000004,1.100000000000001,3.684085619319148e-15
146.0402830010852,-3.535754759736899,9.120108393559114,-0.7000000000000005,1.100000000000001,6.8418732930212744e-15
146.04038484815035,-3.5257428403921125,9.120108393559114,-0.7000000000000006,1.100000000000001,4.210383564936169e-15
146.04048773593047,-3.5157309755448223,9.120108393559114,-0.7000000000000006,1.1000000000000005,-1.5788938368510633e-15
146.04059166440854,-3.505719165197208,9.120108393559114,-0.7000000000000006,1.1000000000000008,-5.262979456170211e-16
146.04069663356745,-3.4957074093513785,9.120108393559114,-0.7000000000000004,1.1000000000000005,7.894469184255318e-15
146.0408026433903,-3.485695708009417,9.120108393559114,-0.7000000000000005,1.1000000000000008,-4.73668151055319e-15
146.04090969385996,-3.4756840611734496,9.120108393559113,-0.7000000000000005,1.1000000000000005,-5.262979456170211e-16
146.04101778495945,-3.4656724688454084,9.120108393559114,-0.7000000000000004,1.1000000000000005,8.947065075489359e-15
146.04112691667174,-3.4556609310273796,9.120108393559113,-0.7000000000000006,1.1000000000000012,5.262979456170211e-16
146.04123708897978,-3.445649447721367,9.120108393559114,-0.7000000000000004,1.100000000000001,-1.5788938368510633e-15
146.04134830186655,-3.435638018929421,9.120108393559114,-0.7000000000000005,1.100000000000001,3.1577876737021266e-15
146.04146055531504,-3.425626644653395,9.120108393559114,-0.7000000000000005,1.1000000000000005,-3.1577876737021266e-15
146.0415738493082,-3.415615324895297,9.120108393559113,-0.7000000000000005,1.1000000000000008,-2.6314897280851058e-15
146.041688183829,-3.405604059657059,9.120108393559114,-0.7000000000000004,1.1000000000000008,-2.1051917824680845e-15
146.0418035588604,-3.3955928489405913,9.120108393559114,-0.7000000000000005,1.1000000000000008,-3.684085619319148e-15
