galstreams/tracks/track.st.Gaia-7.ibata2021.ecsv
# %ECSV 0.9
# ---
# datatype:
# - {name: ra, unit: deg, datatype: float64}
# - {name: dec, unit: deg, datatype: float64}
# - {name: distance, unit: kpc, datatype: float64}
# - {name: pm_ra_cosdec, unit: mas / yr, datatype: float64}
# - {name: pm_dec, unit: mas / yr, datatype: float64}
# - {name: radial_velocity, unit: km / s, datatype: float64}
# delimiter: ','
# meta: !!omap
# - __serialized_columns__:
#     dec:
#       __class__: astropy.coordinates.angles.Latitude
#       unit: &id001 !astropy.units.Unit {unit: deg}
#       value: !astropy.table.SerializedColumn {name: dec}
#     distance:
#       __class__: astropy.coordinates.distances.Distance
#       unit: !astropy.units.Unit {unit: kpc}
#       value: !astropy.table.SerializedColumn {name: distance}
#     pm_dec:
#       __class__: astropy.units.quantity.Quantity
#       unit: !astropy.units.Unit {unit: mas / yr}
#       value: !astropy.table.SerializedColumn {name: pm_dec}
#     pm_ra_cosdec:
#       __class__: astropy.units.quantity.Quantity
#       unit: !astropy.units.Unit {unit: mas / yr}
#       value: !astropy.table.SerializedColumn {name: pm_ra_cosdec}
#     ra:
#       __class__: astropy.coordinates.angles.Longitude
#       unit: *id001
#       value: !astropy.table.SerializedColumn {name: ra}
#       wrap_angle: !astropy.coordinates.Angle
#         unit: *id001
#         value: 360.0
#     radial_velocity:
#       __class__: astropy.units.quantity.Quantity
#       unit: !astropy.units.Unit {unit: km / s}
#       value: !astropy.table.SerializedColumn {name: radial_velocity}
# schema: astropy-2.0
ra,dec,distance,pm_ra_cosdec,pm_dec,radial_velocity
[from data line 682]
179.19962492155443,-13.831899154808445,4.7527679737039135,-9.97303437337508,-0.44967614909412873,-2.1841364743106378e-14
179.20584916662312,-13.83987632238619,4.753294857737591,-9.973578309707007,-0.4483591327056354,-1.0262809939531913e-14
179.21207394823625,-13.847853252181844,4.7538220320624065,-9.974123420388345,-0.447043101825548,-9.21021404829787e-15
179.21829926785045,-13.85582994321631,4.754349494851053,-9.974669701095708,-0.4457280650462115,9.999660966723401e-15
179.22452512692252,-13.863806394510366,4.754877244276221,-9.97521714750478,-0.44441403095978604,6.21031575828085e-14
179.23075152690933,-13.871782605084608,4.755405278510601,-9.975765755290306,-0.4431010081582393,1.6841534259744676e-14
179.2369784692679,-13.8797585739595,4.755933595726885,-9.976315520126095,-0.44178900523335163,5.315609250731914e-14
179.24320595545538,-13.88773430015533,4.756462194097765,-9.97686643768502,-0.44047803077671954,1.7894130150978717e-14
179.24943398692903,-13.89570978269226,4.756991071795932,-9.977418503639017,-0.43916809337973844,4.3682729486212757e-14
179.25566256514625,-13.903685020590268,4.757520226994079,-9.977971713659072,-0.43785920163362047,4.184068667655318e-14
179.2618916915645,-13.911660012869197,4.758049657864896,-9.978526063415242,-0.4365513641293871,3.0525280845787224e-14
179.26812136764147,-13.919634758548723,4.758579362581074,-9.979081548576634,-0.43524458945786026,-1.3683746586042549e-14
179.27435159483485,-13.92760925664838,4.759109339315304,-9.979638164811414,-0.4339388862096788,6.47346473108936e-14
179.2805823746026,-13.935583506187529,4.75963958624028,-9.980195907786799,-0.43263426297527685,2.9998982900170206e-14
179.28681370840266,-13.943557506185392,4.760170101528693,-9.98075477316906,-0.4313307283449059,2.368340755276595e-14
179.29304559769318,-13.95153125566102,4.760700883353232,-9.981314756623512,-0.43002829090861056,5.631388018102126e-14
179.2992780439324,-13.959504753633327,4.76123192988659,-9.981875853814538,-0.42872695925625187,4.4209027431829774e-14
179.30551104857867,-13.967477999121044,4.76176323930146,-9.982438060405546,-0.4274267419774844,-1.1578554803574466e-14
179.3117446130905,-13.975450991142775,4.762294809770531,-9.98300137205901,-0.42612764766177175,6.262945552842552e-14
179.31797873892654,-13.98342372871695,4.762826639466495,-9.983565784436445,-0.42482968489837997,3.657770722038297e-14
179.32421342754552,-13.99139621086184,4.763358726562045,-9.9841312931984,-0.4235328622763689,6.947132882144679e-14
179.3304486804063,-13.99936843659557,4.763891069229873,-9.984697894004475,-0.42223718838461094,7.8944691842553165e-16
179.33668449896786,-14.007340404936093,4.764423665642669,-9.985265582513312,-0.4209426718117698,5.894536990910637e-14
179.3429208846893,-14.015312114901224,4.764956513973121,-9.985834354382597,-0.4196493211463137,6.49977962837021e-14
179.34915783902994,-14.023283565508606,4.765489612393927,-9.98640420526904,-0.41835714497650794,3.868289900285105e-14
179.35539536344905,-14.031254755775723,4.766022959077775,-9.986975130828398,-0.4170661518904164,4.710366613272339e-14
179.3616334594062,-14.039225684719908,4.766556552197357,-9.98754712671546,-0.4157763504758996,1.0789107885148933e-14
179.36787212836094,-14.047196351358336,4.7670903899253645,-9.988120188584059,-0.414487749320618,-1.1052256857957444e-14
179.37411137177304,-14.055166754708017,4.767624470434488,-9.988694312087048,-0.41320035701202223,3.8946047975659563e-14
179.38035119110242,-14.063136893785847,4.768158791897421,-9.989269492876312,-0.41191418213736936,-2.6051748308042545e-14
179.3865915878089,-14.07110676760844,4.768693352486854,-9.989845726602779,-0.4106292332836943,4.3419580513404245e-14
179.39283256335275,-14.079076375192361,4.769228150375479,-9.990423008916382,-0.4093455190378415,4.263013359497871e-14
179.39907411919418,-14.087045715554014,4.769763183735985,-9.991001335466105,-0.40806304798644194,-1.6578385286936164e-14
179.4053162567935,-14.095014787709594,4.770298450741066,-9.991580701899945,-0.4067818287159235,7.368171238638296e-15
179.41155897761124,-14.10298359067516,4.770833949563415,-9.992161103864923,-0.4055018698124985,1.5788938368510633e-15
179.417802283108,-14.11095212346662,4.771369678375719,-9.992742537007091,-0.4042231798621785,-6.8418732930212744e-15
179.4240461747445,-14.1189203850997,4.771905635350674,-9.993324996971506,-0.40294576745075944,6.49977962837021e-14
179.43029065398164,-14.126888374589987,4.772441818660966,-9.993908479402261,-0.4016696411638352,1.473634247727659e-14
179.4365357222804,-14.134856090952884,4.772978226479293,-9.994492979942454,-0.40039480958678225,3.1841025709829776e-14
179.44278138110192,-14.142823533203657,4.773514856978342,-9.995078494234214,-0.3991212813047647,-8.947065075489359e-15
179.44902763190737,-14.15079070035739,4.774051708330806,-9.995665017918673,-0.39784906490274,5.894536990910637e-14
179.4552744761582,-14.158757591429023,4.774588778709377,-9.996252546635981,-0.3965781689654515,7.368171238638296e-15
179.46152191531584,-14.166724205433328,4.775126066286744,-9.9968410760253,-0.3953086020774234,1.0525958912340423e-15
179.46776995084196,-14.174690541384903,4.775663569235603,-9.997430601724803,-0.3940403728229733,-1.0525958912340423e-14
179.47401858419823,-14.18265659829821,4.77620128572864,-9.998021119371675,-0.39277348978619986,2.815694009051063e-14
179.48026781684663,-14.190622375187525,4.7767392139385505,-9.998612624602105,-0.3915079615509861,-2.0788768851872334e-14
179.48651765024906,-14.198587871066959,4.777277352038025,-9.999205113051291,-0.39024379670099935,3.73671541388085e-14
179.4927680858677,-14.206553084950494,4.777815698199755,-9.999798580353431,-0.38898100381969225,1.920987501502127e-14
179.4990191251648,-14.214518015851919,4.778354250596432,-10.000393022141736,-0.3877195914902941,1.763098117817021e-14
179.5052707696027,-14.222482662784865,4.778893007400746,-10.00098843404841,-0.38645956829582195,-2.4999152416808504e-14
179.51152302064392,-14.230447024762803,4.779431966785392,-10.001584811704658,-0.38520094281906925,2.1578215770297867e-14
179.51777587975113,-14.238411100799047,4.779971126923057,-10.002182150740698,-0.38394372364261387,-4.473532537744679e-15
179.52402934838702,-14.246374889906733,4.780510485986435,-10.002780446785726,-0.3826879193488074,1.3683746586042549e-14
179.5302834280145,-14.254338391098841,4.781050042148217,-10.003379695467945,-0.38143353851978423,6.315575347404253e-15
179.53653812009662,-14.26230160338819,4.781589793581096,-10.003979892414547,-0.38018058973745655,3.684085619319148e-15
179.54279342609647,-14.270264525787434,4.78212973845776,-10.004581033251734,-0.37892908158351424,3.657770722038297e-14
179.54904934747734,-14.278227157309054,4.782669874950906,-10.005183113604666,-0.3776790226394201,1.3420597613234039e-14
179.55530588570258,-14.286189496965372,4.78321020123322,-10.005786129097535,-0.37643042148641914,5.894536990910637e-14
179.56156304223578,-14.294151543768553,4.783750715477394,-10.006390075353487,-0.37518328670552514,1.394689555885106e-14
179.56782081854053,-14.30211329673058,4.784291415856124,-10.006994947994666,-0.3739376268775328,-6.052426374595743e-15
179.57407921608063,-14.310074754863289,4.784832300542097,-10.007600742642216,-0.3726934505830022,2.4209705498382972e-14
179.58033823631996,-14.318035917178332,4.785373367708007,-10.008207454916246,-0.3714507664022735,2.9998982900170206e-14
179.58659788072256,-14.32599678268721,4.7859146155265435,-10.008815080435857,-0.37020958291545875,4.184068667655318e-14
179.59285815075262,-14.333957350401251,4.7864560421704,-10.00942361481913,-0.3689699087024385,-1.7894130150978717e-14
179.59911904787438,-14.341917619331621,4.786997645812267,-10.010033053683129,-0.36773175234286554,-3.1577876737021266e-15
179.60538057355225,-14.34987758848931,4.7875394246248355,-10.010643392643889,-0.3664951224161649,5.789277401787233e-15
179.61164272925078,-14.357837256885155,4.788081376780798,-10.011254627316422,-0.3652600275015248,5.420868839855318e-14
179.6179055164347,-14.365796623529816,4.788623500452847,-10.011866753314722,-0.3640264761779102,-2.368340755276595e-14
179.62416893656868,-14.373755687433789,4.78916579381367,-10.01247976625176,-0.3627944770240505,1.3683746586042549e-14
179.63043299111777,-14.381714447607404,4.789708255035961,-10.013093661739461,-0.3615640386184423,2.4999152416808504e-14
179.63669768154693,-14.389672903060818,4.790250882292413,-10.013708435388743,-0.36033516953934647,5.420868839855318e-14
179.6429630093214,-14.397631052804034,4.790793673755716,-10.014324082809475,-0.35910787836479424,4.999830483361701e-14
179.64922897590648,-14.405588895846874,4.791336627598561,-10.014940599610503,-0.3578821736725805,-1.894672604221276e-14
179.65549558276757,-14.413546431198991,4.791879741993639,-10.015557981399644,-0.35665806404026146,1.5788938368510633e-15
179.66176283137028,-14.421503657869879,4.792423015113644,-10.016176223783662,-0.35543555804516297,-7.894469184255318e-15
179.6680307231803,-14.429460574868859,4.792966445131263,-10.016795322368308,-0.35421466426436915,9.21021404829787e-15
179.6742992596634,-14.43741718120508,4.793510030219194,-10.017415272758274,-0.3529953912747233,5.447183737136169e-14
179.68056844228562,-14.445373475887521,4.794053768550124,-10.018036070557217,-0.3517777476528425,1.0262809939531913e-14
179.68683827251297,-14.453329457925003,4.794597658296746,-10.018657711367768,-0.35056174197508916,5.578758223540424e-14
179.6931087518117,-14.461285126326176,4.795141697631749,-10.019280190791495,-0.3493473828175988,5.789277401787233e-15
179.6993798816481,-14.469240480099504,4.795685884727827,-10.019903504428934,-0.3481346787562566,5.2892943534510626e-14
179.7056516634887,-14.477195518253291,4.796230217757669,-10.020527647879568,-0.34692363836671386,2.2104513715914887e-14
179.71192409880007,-14.485150239795681,4.796774694893971,-10.021152616741835,-0.3457142702243742,3.447251543791488e-14
179.71819718904896,-14.493104643734629,4.797319314309422,-10.02177840661312,-0.3445065829044,1.6315236314127656e-14
179.7244709357022,-14.501058729077934,4.797864074176712,-10.022405013089772,-0.34330058498171206,8.157618157063828e-15
179.73074534022672,-14.50901249483322,4.798408972668535,-10.02303243176706,-0.34209628503098405,4.9735155860808497e-14
179.73702040408975,-14.516965940007939,4.79895400795758,-10.023660658239244,-0.34089369162664634,4.210383564936169e-15
179.74329612875843,-14.524919063609364,4.79949917821654,-10.024289688099481,-0.3396928133428835,2.368340755276595e-14
179.74957251570024,-14.532871864644617,4.800044481618107,-10.02491951693989,-0.33849365875363036,-4.210383564936169e-15
179.75584956638258,-14.540824342120626,4.800589916334971,-10.025550140351553,-0.33729623643258105,2.6314897280851057e-16
179.76212728227313,-14.548776495044166,4.801135480539824,-10.02618155392446,-0.3361005549531727,2.1315066797489355e-14
179.76840566483966,-14.556728322421824,4.8016811724053605,-10.02681375324755,-0.334906622888601,6.762928601178721e-14
179.77468471555005,-14.564679823260025,4.802226990104267,-10.027446733908706,-0.3337144488118074,4.0261792839702116e-14
179.78096443587236,-14.572630996565016,4.802772931809238,-10.02808049149475,-0.33252404129548924,-9.21021404829787e-15
179.78724482727466,-14.580581841342882,4.803318995692964,-10.02871502159142,-0.33133540891208585,4.078809078531914e-14
179.79352589122533,-14.588532356599519,4.803865179928135,-10.029350319783404,-0.33014856023378747,3.0525280845787224e-14
179.7998076291927,-14.596482541340661,4.8044114826874464,-10.02998638165431,-0.328963503832534,2.289396063434042e-14
179.8060900426454,-14.604432394571864,4.8049579021435855,-10.030623202786682,-0.3277802482800085,-5.789277401787233e-15
179.812373133052,-14.61238191529851,4.8055044364692465,-10.031260778761988,-0.32659880214764075,2.1841364743106378e-14
179.81865690188138,-14.620331102525816,4.8060510838371195,-10.03189910516062,-0.325419174006608,1.842042809659574e-15
179.82494135060244,-14.628279955258815,4.806597842419898,-10.032538177561905,-0.3242413724278314,3.9998643866893604e-14
179.83122648068428,-14.636228472502369,4.807144710390271,-10.033177991544088,-0.3230654059819733,6.394520039246807e-14
179.8375122935961,-14.644176653261162,4.807691685920934,-10.03381854268432,-0.32189128323944166,1.1052256857957444e-14
179.84379879080714,-14.652124496539711,4.808238767184573,-10.034459826558702,-0.320719012770384,1.6052087341319144e-14
179.85008597378695,-14.660072001342353,4.808785952353882,-10.03510183874223,-0.319548603144693,5.526128428978722e-14
179.8563738440051,-14.668019166673249,4.8093332396015525,-10.035744574808826,-0.3183800629319983,-1.1578554803574466e-14
179.86266240293128,-14.675965991536389,4.809880627100277,-10.036388030331322,-0.3172134007016713,2.0788768851872334e-14
179.86895165203538,-14.68391247493559,4.810428113022746,-10.037032200881473,-0.3160486250228239,5.157719867046807e-14
179.87524159278735,-14.691858615874478,4.810975695541652,-10.037677082029937,-0.3148857444643052,9.736511993914891e-15
179.8815322266573,-14.699804413356524,4.811523372829682,-10.038322669346293,-0.3137247675946985,1.868357706940425e-14
179.8878235551155,-14.707749866385,4.812071143059535,-10.038968958399007,-0.3125657029823293,4.2366984622170204e-14
179.89411557963228,-14.715694973963032,4.812619004403897,-10.039615944755484,-0.3114085591952581,3.9998643866893604e-14
179.90040830167823,-14.723639735093535,4.81316695503546,-10.040263623982009,-0.3102533448012777,-1.5788938368510633e-15
179.90670172272388,-14.731584148779271,4.813714993126917,-10.040911991643785,-0.3091000683679184,1.2894299667617018e-14
179.9129958442401,-14.73952821402281,4.814263116850961,-10.041561043304903,-0.3079487384624434,-1.3157448640425529e-15
179.9192906676977,-14.747471929826565,4.814811324380279,-10.042210774528384,-0.30679936365185,6.052426374595743e-15
179.92558619456776,-14.755415295192746,4.815359613887565,-10.042861180876116,-0.305651952502864,5.499813531697871e-14
179.93188242632147,-14.763358309123404,4.815907983545512,-10.043512257908901,-0.30450651358194847,4.210383564936169e-14
179.93817936443008,-14.771300970620407,4.816456431526809,-10.044164001186443,-0.30336305545529574,4.315643154059573e-14
179.944477010365,-14.779243278685446,4.817004956004148,-10.044816406267321,-0.3022215866888235,6.49977962837021e-14
179.95077536559788,-14.787185232320024,4.817553555150221,-10.045469468709028,-0.301082115848183,1.842042809659574e-14
179.95707443160032,-14.795126830525478,4.818102227137719,-10.046123184067937,-0.29994465149875144,4.4472176404638286e-14
179.96337420984418,-14.803068072302956,4.818650970139334,-10.046777547899312,-0.29880920220563845,1.9999321933446802e-14
179.9696747018014,-14.81100895665344,4.81919978232776,-10.047432555757302,-0.2976757765336732,8.420767129872338e-15
179.9759759089441,-14.81894948257772,4.819748661875683,-10.048088203194956,-0.29654438304741837,9.999660966723401e-15
179.98227783274444,-14.826889649076415,4.8202976069557995,-10.048744485764196,-0.2954150303111557,3.2893621601063823e-14
179.98858047467485,-14.834829455149949,4.820846615740796,-10.049401399015835,-0.29428772688889576,2.23676626887234e-14
179.99488383620775,-14.84276889979859,4.821395686403369,-10.050058938499557,-0.29316248134437156,3.841975003004254e-14
180.00118791881576,-14.850707982022406,4.821944817116207,-10.050717099763936,-0.2920393022410385,4.710366613272339e-14
180.00749272397167,-14.858646700821303,4.822494006052002,-10.051375878356422,-0.290918198142076,5.841907196348934e-14
180.01379825314834,-14.86658505519498,4.8230432513834485,-10.052035269823339,-0.28979917761038243,8.026043670659573e-14
180.0201045078188,-14.874523044142979,4.823592551283232,-10.0526952697099,-0.2886822492085815,4.8682559969574456e-14
180.02641148945614,-14.882460666664656,4.824141903924048,-10.053355873560172,-0.28756742149900644,2.9998982900170206e-14
