galstreams/tracks/track.st.M68.ibata2021.ecsv
# %ECSV 1.0
# ---
# datatype:
# - {name: ra, unit: deg, datatype: float64}
# - {name: dec, unit: deg, datatype: float64}
# - {name: distance, unit: kpc, datatype: float64}
# - {name: pm_ra_cosdec, unit: mas / yr, datatype: float64}
# - {name: pm_dec, unit: mas / yr, datatype: float64}
# - {name: radial_velocity, unit: km / s, datatype: float64}
# delimiter: ','
# meta: !!omap
# - __serialized_columns__:
#     dec:
#       __class__: astropy.coordinates.angles.Latitude
#       unit: &id001 !astropy.units.Unit {unit: deg}
#       value: !astropy.table.SerializedColumn {name: dec}
#     distance:
#       __class__: astropy.coordinates.distances.Distance
#       unit: !astropy.units.Unit {unit: kpc}
#       value: !astropy.table.SerializedColumn {name: distance}
#     pm_dec:
#       __class__: astropy.units.quantity.Quantity
#       unit: !astropy.units.Unit {unit: mas / yr}
#       value: !astropy.table.SerializedColumn {name: pm_dec}
#     pm_ra_cosdec:
#       __class__: astropy.units.quantity.Quantity
#       unit: !astropy.units.Unit {unit: mas / yr}
#       value: !astropy.table.SerializedColumn {name: pm_ra_cosdec}
#     ra:
#       __class__: astropy.coordinates.angles.Longitude
#       unit: *id001
#       value: !astropy.table.SerializedColumn {name: ra}
#       wrap_angle: !astropy.coordinates.Angle
#         unit: *id001
#         value: 360.0
#     radial_velocity:
#       __class__: astropy.units.quantity.Quantity
#       unit: !astropy.units.Unit {unit: km / s}
#       value: !astropy.table.SerializedColumn {name: radial_velocity}
# schema: astropy-2.0
ra,dec,distance,pm_ra_cosdec,pm_dec,radial_velocity
[from data line 431]
187.62876828458283,-39.63152214012605,3.9763097963398137,-4.487390963661648,9.847192886935426,252.8643075068764
187.6309760141026,-39.621715824516144,3.976528689463118,-4.486697766105589,9.845526234025748,252.43874906517192
187.63318186783746,-39.61190929263538,3.9767491214935684,-4.486002200262446,9.843849065068623,252.01416369681263
187.63538585664935,-39.60210254597028,3.9769710876972626,-4.485304275503486,9.842161401411733,251.5905515900872
187.63758799139404,-39.59229558600626,3.977194583340305,-4.48460400120122,9.840463264402684,251.16791293328424
187.6397882829211,-39.58248841422808,3.977419603688795,-4.483901386729428,9.83875467538907,250.74624791469233
187.64198674207393,-39.572681032119405,3.9776461440088338,-4.4831964414631,9.837035655718434,250.32555672260017
187.64418337968962,-39.562873441163276,3.9778741995665237,-4.482489174778408,9.835306226738252,249.90583954529657
187.6463782065992,-39.55306564284162,3.9781037656279628,-4.481779596052757,9.83356640979599,249.4870965710698
187.64857123362737,-39.54325763863571,3.9783348374592564,-4.481067714664668,9.831816226239068,249.0693279882088
187.65076247159283,-39.533449430025776,3.9785674103265025,-4.480353539993871,9.830055697414894,248.65253398500195
187.65295193130788,-39.52364101849135,3.9788014794958024,-4.4796370814211866,9.828284844670826,248.2367147497382
187.65513962357892,-39.51383240551094,3.9790370402332584,-4.4789183483286,9.826503689354217,247.82187047070593
187.65732555920593,-39.504023592562376,3.9792740878049706,-4.478197350099164,9.824712252812406,247.40800133619396
187.65950974898294,-39.49421458112242,3.9795126174770408,-4.47747409611705,9.822910556392703,246.99510753449076
187.6616922036977,-39.48440537266724,3.979752624515569,-4.476748595767476,9.82109862144244,246.58318925388517
187.6638729341319,-39.47459596867186,3.979994104186657,-4.4760208584367405,9.819276469308887,246.17224668266562
187.66605195106104,-39.464786370610746,3.9802370517564056,-4.475290893512164,9.817444121339369,245.7622800091209
187.66822926525455,-39.45497657995723,3.980481462490916,-4.47455871038211,9.81560159888118,245.3532894215396
187.67040488747566,-39.44516659818408,3.9807273316562903,-4.4738243184359225,9.81374892328162,244.9452751082103
187.6725788284816,-39.43535642676295,3.980974654518627,-4.473087727063964,9.811886115888019,244.53823725742183
187.67475109902338,-39.425546067164916,3.9812234263440294,-4.472348945657569,9.810013198047695,244.13217605746263
187.67692170984597,-39.41573552085994,3.9814736423985986,-4.471607983609028,9.808130191107985,243.72709169662144
187.67909067168824,-39.405924789317424,3.9817252979484343,-4.470864850311568,9.80623711641625,243.32298436318678
187.68125799528295,-39.396113874005664,3.981978388259638,-4.470119555159368,9.804333995319885,242.91985424544745
187.6834236913568,-39.38630277639238,3.982232908598311,-4.469372107547516,9.802420849166289,242.517701531692
187.68558777063043,-39.37649149794421,3.9824888542305543,-4.468622516871972,9.800497699302893,242.11652641020902
187.68775024381836,-39.3666800401272,3.982746220422468,-4.467870792529629,9.798564567077182,241.71632906928738
187.68991112162908,-39.35686840440634,3.9830050024401564,-4.467116943918196,9.796621473836653,241.31710969721544
187.69207041476503,-39.347056592246005,3.9832651955497167,-4.466360980436283,9.794668440928849,240.9188684822819
187.69422813392262,-39.33724460510953,3.983526795017251,-4.4656029114833125,9.792705489701365,240.52160561277555
187.69638428979218,-39.32743244445966,3.983789796108863,-4.464842746459531,9.790732641501824,240.1253212769849
187.698538893058,-39.31762011175809,3.9840541940906498,-4.464080494766005,9.788749917677924,239.7300156631987
187.70069195439837,-39.307807608465886,3.984319984228715,-4.463316165804583,9.786757339577383,239.33568895970544
187.70284348448556,-39.29799493604312,3.9845871617891593,-4.4625497689779055,9.784754928547997,238.94234135479385
187.7049934939858,-39.28818209594925,3.984855722038083,-4.461781313689375,9.782742705937622,238.5499730367525
187.70714199355933,-39.27836908964269,3.985125660241588,-4.461010809343135,9.780720693094157,238.15858419387024
187.70928899386038,-39.26855591858127,3.985396971665775,-4.460238265344074,9.778688911365583,237.76817501443534
187.71143450553717,-39.258742584221785,3.9856696515767442,-4.459463691097797,9.776647382099947,237.37874568673686
187.71357853923197,-39.24892908802044,3.9859436952405987,-4.458687096010623,9.77459612664536,236.9902963990632
187.71572110558103,-39.239115431432424,3.986219097923436,-4.457908489489549,9.77253516635001,236.60282733970288
187.71786221521464,-39.229301615912306,3.9864958548913623,-4.457127880942271,9.770464522562161,236.2163386969449
187.7200018787571,-39.21948764291368,3.9867739614104747,-4.456345279777132,9.768384216630162,235.83083065907752
187.72214010682677,-39.20967351388953,3.9870534127468757,-4.455560695403135,9.766294269902444,235.4463034143897
187.72427691003608,-39.19985923029179,3.987334204166666,-4.454774137229915,9.764194703727517,235.06275715116982
187.72641229899142,-39.190044793571865,3.9876163309359476,-4.4539856146677375,9.762085539453986,234.68019205770668
187.7285462842933,-39.18023020518014,3.98789978832082,-4.4531951371274605,9.759966798430563,234.29860832228886
187.7306788765363,-39.170415466566375,3.9881845715873845,-4.452402714020554,9.75783850200602,233.91800613320493
187.7328100863091,-39.16060057917934,3.988470676001744,-4.451608354759067,9.755700671529246,233.53838567874374
187.73493992419426,-39.15078554446725,3.9887580968299967,-4.450812068755599,9.753553328349245,233.15974714719374
187.73706840076875,-39.140970363877294,3.989046829338246,-4.450013865423335,9.751396493815092,232.78209072684365
187.7391955266033,-39.13115503885609,3.9893368687925923,-4.449213754175959,9.749230189276002,232.40541660598214
187.741321312263,-39.12133957084925,3.9896282104591365,-4.448411744427731,9.747054436081271,232.0297249728978
187.74344576830688,-39.11152396130182,3.989920849603979,-4.447607845593387,9.744869255580328,231.65501601587906
187.7455689052881,-39.10170821165783,3.990214781493222,-4.446802067088176,9.742674669122701,231.28128992321498
187.74769073375398,-39.09189232336076,3.9905100013929657,-4.4459944183278495,9.740470698058035,230.90854688319402
187.74981126424598,-39.082076297853085,3.9908065045693113,-4.4451849087286135,9.738257363736102,230.53678708410465
187.75193050729956,-39.07226013657671,3.9911042862883614,-4.444373547707142,9.736034687506802,230.16601071423568
187.75404847344447,-39.06244384097254,3.9914033418162154,-4.44356034468056,9.733802690720134,229.79621796187584
187.75616517320452,-39.052627412480945,3.9917036664189736,-4.442745309066438,9.731561394726263,229.4274090153135
187.75828061709765,-39.04281085254128,3.9920052553627396,-4.441928450282747,9.729310820875451,229.05958406283742
187.76039481563603,-39.03299416259235,3.992308103913613,-4.4411097777478945,9.727050990518109,228.6927432927364
187.76250777932592,-39.02317734407195,3.9926122073376944,-4.440289300880663,9.724781925004768,228.32688689329888
187.76461951866776,-39.01336039841735,3.992917560901086,-4.439467029100242,9.722503645686118,227.96201505281363
187.76673004415616,-39.00354332706482,3.993224159869887,-4.438642971826171,9.720216173912977,227.5981279595692
187.76883936628,-38.99372613145007,3.993531999510201,-4.4378171384783816,9.717919531036296,227.23522580185414
187.7709474955222,-38.98390881300782,3.9938410750881266,-4.436989538477126,9.715613738407193,226.87330876795733
187.77305444235992,-38.97409137317228,3.9941513818697674,-4.436160181242987,9.713298817376904,226.51237704616727
187.77516021726464,-38.964273813376636,3.9944629151212228,-4.435329076196915,9.710974789296847,226.15243082477258
187.77726483070185,-38.95445613505353,3.9947756701085937,-4.434496232760115,9.708641675518566,225.79347029206195
187.77936829313143,-38.944638339634665,3.9950896420979816,-4.433661660354149,9.706299497393774,225.43549563632408
187.7814706150073,-38.934820428551156,3.9954048263554887,-4.432825368400819,9.703948276274325,225.07850704584743
187.78357180677776,-38.925002403233165,3.995721218147213,-4.431987366322227,9.701588033512257,224.72250470892075
187.7856718788853,-38.9151842651103,3.996038812739258,-4.431147663540743,9.699218790459742,224.3674888138328
187.78777084176662,-38.90536601561119,3.996357605397725,-4.430306269478978,9.696840568469124,224.01345954887202
187.78986870585265,-38.89554765616398,3.9966775913887145,-4.429463193559778,9.694453388892923,223.66041710232707
187.79196548156864,-38.88572918819575,3.9969987659783275,-4.4286184452062445,9.692057273083812,223.30836166248673
187.794061179334,-38.87591061313313,3.997321124432664,-4.42777203384167,9.68965224239464,222.95729341763942
187.7961558095625,-38.86609193240172,3.9976446620178265,-4.426923968889563,9.687238318178428,222.60721255607407
187.79824938266214,-38.85627314742665,3.997969373999916,-4.426074259773633,9.684815521788373,222.258119266079
187.80034190903515,-38.84645425963202,3.9982952556450324,-4.425222915917763,9.682383874577836,221.91001373594307
187.80243339907813,-38.83663527044143,3.9986223022192786,-4.424369946746014,9.679943397900368,221.56289615395494
187.80452386318188,-38.82681618127753,3.9989505089887536,-4.423515361682603,9.677494113109704,221.21676670840316
187.8066133117316,-38.816996993562405,3.9992798712195596,-4.422659170151913,9.675036041559743,220.8716255875764
187.80870175510674,-38.80717770871722,3.999610384177798,-4.421801381578452,9.67256920460458,220.52747297976325
187.810789203681,-38.79735832816259,3.9999420431295682,-4.420942005386852,9.670093623598488,220.1843090732523
187.81287566782248,-38.78753885331817,4.000274843340974,-4.420081051001867,9.667609319895936,219.8421340563323
187.81496115789358,-38.777719285603105,4.000608780078114,-4.41921852784837,9.665116314851591,219.50094811729193
187.817045684251,-38.767899626435565,4.000943848607091,-4.418354445351317,9.662614629820283,219.16075144441973
187.81912925724583,-38.758079877233236,4.0012800441940035,-4.417488812935743,9.660104286157074,218.82154422600436
187.82121188722343,-38.748260039412806,4.0016173621049544,-4.416621640026772,9.657585305217166,218.4833266503344
187.82329358452353,-38.73844011439048,4.001955797606046,-4.415752936049584,9.655057708356024,218.14609890569866
187.82537435948026,-38.72862010358147,4.002295345963376,-4.4148827104294135,9.652521516929262,217.8098611803857
187.82745422242206,-38.71880000840053,4.00263600244305,-4.414010972591539,9.649976752292714,217.47461366268402
187.8295331836718,-38.708979830261406,4.002977762311167,-4.413137731961272,9.647423435802411,217.1403565408825
187.8316112535466,-38.699159570577386,4.003320620833825,-4.412262997963951,9.644861588814601,216.8070900032696
187.83368844235812,-38.68933923076075,4.003664573277129,-4.411386780024911,9.642291232685713,216.47481423813412
187.83576476041227,-38.67951881222333,4.004009614907179,-4.410509087569503,9.639712388772407,216.1435294337644
187.83784021800943,-38.66969831637597,4.004355740990075,-4.409629930023069,9.637125078431545,215.81323577844947
187.8399148254443,-38.65987774462901,4.004702946791918,-4.40874931681093,9.634529323020189,215.48393346047766
187.8419885930061,-38.650057098391876,4.005051227578812,-4.407867257358378,9.631925143895623,215.1556226681377
187.84406153097842,-38.640236379073436,4.005400578616856,-4.406983761090672,9.629312562415347,214.82830358971842
187.8461336496392,-38.63041558808167,4.005750995172148,-4.406098837433024,9.626691599937073,214.50197641350812
187.84820495926087,-38.62059472682402,4.006102472510793,-4.405212495810577,9.624062277818718,214.17664132779564
187.85027547011023,-38.61077379670701,4.006455005898893,-4.404324745648415,9.621424617418441,213.85229852086965
187.85234519244864,-38.60095279913663,4.006808590602546,-4.403435596371553,9.618778640094597,213.52894818101873
187.85441413653183,-38.591131735517976,4.007163221887855,-4.402545057404913,9.616124367205781,213.20659049653156
187.85648231260987,-38.581310607255624,4.00751889502092,-4.401653138173318,9.613461820110807,212.88522565569664
187.8585497309275,-38.5714894157532,4.007875605267842,-4.400759848101491,9.6107910201687,212.56485384680283
187.86061640172377,-38.56166816241386,4.0082333478947225,-4.399865196614046,9.608111988738722,212.24547525813855
187.86268233523228,-38.5518468486398,4.008592118167664,-4.398969193135462,9.605424747180365,211.92709007799266
187.86474754168103,-38.54202547583274,4.008951911352764,-4.398071847090089,9.602729316853337,211.60969849465351
187.86681203129254,-38.532204045393435,4.0093127227161265,-4.397173167902148,9.60002571911758,211.2933006964101
187.86887581428383,-38.522382558722214,4.0096745475238516,-4.396273164995683,9.597313975333282,210.97789687155088
187.87093890086643,-38.512561017218424,4.010037381042041,-4.39537184779461,9.594594106860837,210.66348720836442
187.87300130124632,-38.50273942228091,4.010401218536794,-4.394469225722655,9.591866135060899,210.3500718951394
187.87506302562403,-38.492917775307625,4.010766055274214,-4.393565308203376,9.589130081294332,210.0376511201644
187.8771240841946,-38.483096077696025,4.011131886520401,-4.392660104660138,9.586385966922254,209.72622507172835
187.87918448714754,-38.4732743308426,4.011498707541455,-4.391753624516117,9.583633813306012,209.4157939381196
187.88124424466696,-38.46345253614343,4.011866513603479,-4.390845877194283,9.580873641807194,209.1063579076269
187.88330336693147,-38.45363069499359,4.012235299972573,-4.389936872117387,9.578105473787623,208.79791716853893
187.88536186411415,-38.443808808787715,4.0126050619148375,-4.389026618707977,9.575329330609375,208.49047190914422
187.8874197463828,-38.43398687891951,4.012975794696375,-4.388115126388356,9.572545233634749,208.18402231773146
187.8894770238996,-38.42416490678219,4.013347493583286,-4.3872024045806,9.569753204226293,207.8785685825893
187.89153370682132,-38.41434289376806,4.01372015384167,-4.386288462706526,9.566953263746814,207.57411089200633
187.89358980529943,-38.404520841268905,4.014093770737631,-4.385373310187716,9.564145433559347,207.27064943427123
187.89564532947978,-38.394698750675644,4.0144683395372684,-4.384456956445468,9.561329735027176,206.96818439767267
187.89770028950295,-38.384876623378695,4.014843855506683,-4.38353941090083,9.558506189513837,206.66671597049924
187.89975469550401,-38.375054460767515,4.015220313911976,-4.382620682974564,9.555674818383105,206.36624434103962
187.9018085576126,-38.36523226423117,4.015597710019248,-4.381700782087128,9.552835642999016,206.0667696975825
187.90386188595315,-38.35541003515773,4.015976039094602,-4.38077971765872,9.549988684725843,205.76829222841633
187.90591469064438,-38.34558777493483,4.016355296404138,-4.379857499109207,9.547133964928125,205.47081212182988
187.90796698179992,-38.335765484949164,4.016735477213956,-4.378934135858163,9.544271504970634,205.17432956611185
187.91001876952782,-38.32594316658698,4.017116576790158,-4.3780096373248405,9.541401326218407,204.8788447495507
187.91207006393083,-38.316120821233575,4.017498590398845,-4.377084012928147,9.538523450036731,204.58435786043532
187.91412087510633,-38.30629845027382,4.017881513306119,-4.376157272086692,9.53563789779115,204.29086908705406
187.9161712131463,-38.29647605509163,4.01826534077808,-4.375229424218719,9.532744690847451,203.9983786176958
187.9182210881374,-38.28665363707047,4.018650068080828,-4.374300478742131,9.529843850571702,203.70688664064897
187.9202705101609,-38.276831197592884,4.019035690480465,-4.373370445074473,9.526935398330194,203.41639334420253
187.9223194892927,-38.26700873804097,4.019422203243095,-4.372439332632929,9.524019355489505,203.12689891664473
187.92436803560352,-38.25718625979588,4.019809601634814,-4.371507150834324,9.521095743416456,202.8384035462645
187.92641615915852,-38.24736376423831,4.020197880921725,-4.370573909095086,9.518164583478125,202.55090742135036
