galstreams/tracks/track.st.C-7.ibata2021.ecsv
# %ECSV 0.9
# ---
# datatype:
# - {name: ra, unit: deg, datatype: float64}
# - {name: dec, unit: deg, datatype: float64}
# - {name: distance, unit: kpc, datatype: float64}
# - {name: pm_ra_cosdec, unit: mas / yr, datatype: float64}
# - {name: pm_dec, unit: mas / yr, datatype: float64}
# - {name: radial_velocity, unit: km / s, datatype: float64}
# delimiter: ','
# meta: !!omap
# - __serialized_columns__:
#     dec:
#       __class__: astropy.coordinates.angles.Latitude
#       unit: &id001 !astropy.units.Unit {unit: deg}
#       value: !astropy.table.SerializedColumn {name: dec}
#     distance:
#       __class__: astropy.coordinates.distances.Distance
#       unit: !astropy.units.Unit {unit: kpc}
#       value: !astropy.table.SerializedColumn {name: distance}
#     pm_dec:
#       __class__: astropy.units.quantity.Quantity
#       unit: !astropy.units.Unit {unit: mas / yr}
#       value: !astropy.table.SerializedColumn {name: pm_dec}
#     pm_ra_cosdec:
#       __class__: astropy.units.quantity.Quantity
#       unit: !astropy.units.Unit {unit: mas / yr}
#       value: !astropy.table.SerializedColumn {name: pm_ra_cosdec}
#     ra:
#       __class__: astropy.coordinates.angles.Longitude
#       unit: *id001
#       value: !astropy.table.SerializedColumn {name: ra}
#       wrap_angle: !astropy.coordinates.Angle
#         unit: *id001
#         value: 360.0
#     radial_velocity:
#       __class__: astropy.units.quantity.Quantity
#       unit: !astropy.units.Unit {unit: km / s}
#       value: !astropy.table.SerializedColumn {name: radial_velocity}
# schema: astropy-2.0
ra,dec,distance,pm_ra_cosdec,pm_dec,radial_velocity
270.87146584824586,-53.13402347861628,6.120265710848972,-15.4592738807319,-7.669016513735439,1.6841534259744677e-13
270.88793617622537,-53.13244068688536,6.119171472606887,-15.458447969359634,-7.673295694565325,1.8525687685719145e-13
270.9044052346836,-53.130855449184736,6.118078927184339,-15.457620840146149,-7.6775764025062445,1.347322740779574e-13
270.92087302180454,-53.12926776571515,6.116988073513103,-15.4567924915732,-7.681858634362826,8.420767129872338e-14
270.93733953577254,-53.12767763667783,6.115898910524955,-15.455962922125511,-7.686142386938878,2.1893994537668078e-13
270.9538047747732,-53.12608506227443,6.114811437151666,-15.455132130290734,-7.690427657037489,1.8525687685719145e-13
270.97026873699247,-53.12449004270705,6.1137256523250105,-15.454300114559448,-7.694714441460957,2.8630608241565947e-13
270.9867314206175,-53.122892578178295,6.112641554976768,-15.453466873425185,-7.699002737010849,8.420767129872338e-14
271.0031928238361,-53.12129266889113,6.111559144038707,-15.452632405384412,-7.703292540487991,6.73661370389787e-14
271.019652944837,-53.119690315049034,6.110478418442606,-15.451796708936518,-7.707583848692432,1.6841534259744677e-13
271.03611178180944,-53.118085516855935,6.10939937712024,-15.450959782583874,-7.711876658423469,2.3578147963642546e-13
271.0525693329441,-53.11647827451617,6.108322019003382,-15.450121624831723,-7.716170966479723,1.1789073981821273e-13
271.06902559643174,-53.114868588234515,6.107246343023807,-15.449282234188317,-7.72046676965898,1.515738083377021e-13
271.08548057046454,-53.113256458216284,6.1061723481132875,-15.4484416091648,-7.724764064758348,6.73661370389787e-14
271.1019342532351,-53.111641884667144,6.1051000332036,-15.447599748275259,-7.729062848574165,8.420767129872338e-14
271.11838664293697,-53.11002486779326,6.104029397226519,-15.446756650036761,-7.733363117902027,3.031476166754042e-13
271.1348377377649,-53.1084054078012,6.102960439113819,-15.445912312969229,-7.7376648695368715,1.515738083377021e-13
271.15128753591387,-53.10678350489802,6.101893157797275,-15.445066735595605,-7.741968100272818,1.515738083377021e-13
271.1677360355799,-53.10515915929123,6.100827552208661,-15.444219916441734,-7.746272806903268,2.3578147963642546e-13
271.1841832349602,-53.10353237118873,6.099763621279751,-15.443371854036396,-7.750578986220976,1.0104920555846805e-13
271.2006291322523,-53.10190314079891,6.09870136394232,-15.442522546911313,-7.754886635017879,2.1893994537668078e-13
271.21707372565487,-53.10027146833062,6.097640779128143,-15.441671993601142,-7.759195750085251,1.515738083377021e-13
271.2335170133673,-53.098637353993105,6.096581865768994,-15.440820192643496,-7.763506328213616,2.1893994537668078e-13
271.24995899358976,-53.09700079799612,6.095524622796647,-15.439967142578906,-7.767818366192782,1.515738083377021e-13
271.26639966452353,-53.09536180054978,6.094469049142876,-15.439112841950847,-7.772131860811893,1.515738083377021e-13
271.28283902437045,-53.09372036186472,6.09341514373946,-15.438257289305714,-7.776446808859323,5.0524602779234026e-14
271.29927707133317,-53.092076482152,6.092362905518169,-15.437400483192887,-7.780763207122733,2.020984111169361e-13
271.31571380361555,-53.0904301616231,6.091312333410778,-15.436542422164615,-7.785081052389153,1.347322740779574e-13
271.33214921942186,-53.08878140048996,6.090263426349063,-15.435683104776139,-7.789400341444838,1.6841534259744677e-13
271.3485833169575,-53.087130198964964,6.0892161832647975,-15.434822529585617,-7.793721071075356,1.0104920555846805e-13
271.36501609442854,-53.08547655726096,6.0881706030897575,-15.433960695154159,-7.798043238065567,6.73661370389787e-14
271.381447550042,-53.08382047559121,6.087126684755716,-15.433097600045775,-7.802366839199676,2.3578147963642546e-13
271.39787768200586,-53.0821619541694,6.086084427194448,-15.43223324282744,-7.8066918712611715,6.73661370389787e-14
271.41430648852867,-53.080500993209725,6.085043829337728,-15.431367622069056,-7.811018331032818,0.0
271.43073396781983,-53.078837592926796,6.084004890117333,-15.430500736343488,-7.815346215296692,1.8525687685719145e-13
271.44716011809,-53.0771717535356,6.082967608465032,-15.429632584226493,-7.819675520834268,2.1893994537668078e-13
271.46358493755037,-53.07550347525165,6.081931983312606,-15.428763164296772,-7.8240062444262435,1.1789073981821273e-13
271.4800084244129,-53.073832758290884,6.080898013591825,-15.427892475136009,-7.828338382852651,2.694645481559148e-13
271.4964305768906,-53.07215960286965,6.079865698234463,-15.427020515328781,-7.832671932892853,2.020984111169361e-13
271.51285139319737,-53.07048400920476,6.078835036172298,-15.42614728346259,-7.83700689132557,8.420767129872338e-14
271.5292708715478,-53.068805977513456,6.077806026337104,-15.425272778127905,-7.84134325492877,2.020984111169361e-13
271.5456890101574,-53.06712550801346,6.076778667660652,-15.424396997918116,-7.845681020479812,2.694645481559148e-13
271.5621058072425,-53.06544260092287,6.075752959074722,-15.423519941429554,-7.850020184755342,8.420767129872338e-14
271.57852126102057,-53.06375725646026,6.074728899511085,-15.42264160726147,-7.85436074453138,8.420767129872338e-14
271.5949353697095,-53.062069474844655,6.073706487901515,-15.42176199401608,-7.858702696583238,1.1789073981821273e-13
271.61134813152836,-53.060379256295484,6.072685723177789,-15.420881100298491,-7.863046037685589,1.0104920555846805e-13
271.6277595446968,-53.058686601032655,6.07166660427168,-15.419998924716799,-7.8673907646124,2.1893994537668078e-13
271.64416960743574,-53.056991509276486,6.070649130114962,-15.419115465881974,-7.871736874137076,3.3683068519489354e-13
271.6605783179667,-53.05529398124775,6.069633299639412,-15.418230722407955,-7.876084363032276,2.694645481559148e-13
271.6769856745121,-53.05359401716763,6.068619111776801,-15.417344692911623,-7.88043322807003,2.020984111169361e-13
271.6933916752951,-53.0518916172578,6.067606565458905,-15.416457376012783,-7.884783466021702,1.515738083377021e-13
271.7097963185401,-53.05018678174035,6.0665956596175015,-15.415568770334158,-7.889135073658052,3.536722194546382e-13
271.7261996024721,-53.048479510837744,6.065586393184361,-15.414678874501398,-7.893488047749165,-1.6841534259744676e-14
271.74260152531684,-53.04676980477299,6.06457876509126,-15.413787687143149,-7.897842385064447,1.1789073981821273e-13
271.7590020853011,-53.04505766376949,6.063572774269974,-15.412895206890921,-7.9021980823726885,2.1893994537668078e-13
271.77540128065283,-53.04334308805103,6.062568419652275,-15.412001432379173,-7.906555136442091,6.73661370389787e-14
271.79179910960033,-53.0416260778419,6.061565700169939,-15.411106362245317,-7.910913544040122,2.8630608241565947e-13
271.80819557037313,-53.03990663336679,6.060564614754739,-15.410209995129684,-7.915273301933699,2.1893994537668078e-13
271.8245906612014,-53.03818475485088,6.059565162338453,-15.409312329675533,-7.919634406889026,1.515738083377021e-13
271.8409843803165,-53.03646044251971,6.058567341852852,-15.408413364529057,-7.923996855671766,8.420767129872338e-14
271.8573767259503,-53.034733696599304,6.057571152229714,-15.407513098339384,-7.928360645046869,2.020984111169361e-13
271.8737676963359,-53.033004517316115,6.05657659240081,-15.40661152975858,-7.932725771778723,5.0524602779234026e-14
271.89015728970685,-53.031272904897016,6.0555836612979155,-15.405708657441656,-7.937092232631014,1.347322740779574e-13
271.9065455042981,-53.02953885956933,6.054592357852807,-15.404804480046487,-7.94146002436691,2.8630608241565947e-13
271.9229323383452,-53.0278023815608,6.053602680997258,-15.403898996233945,-7.945829143748895,1.0104920555846805e-13
271.93931779008466,-53.02606347109962,6.052614629663042,-15.402992204667818,-7.950199587538833,8.420767129872338e-14
271.9557018577536,-53.02432212841441,6.0516282027819335,-15.402084104014827,-7.954571352497965,2.3578147963642546e-13
271.9720845395905,-53.022578353734225,6.050643399285709,-15.40117469294458,-7.958944435386998,5.0524602779234026e-14
271.9884658338345,-53.020832147288544,6.0496602181061405,-15.400263970129686,-7.963318832965939,1.347322740779574e-13
272.0048457387256,-53.0190835093073,6.048678658175005,-15.399351934245612,-7.967694541994224,3.368306851948935e-14
272.02122425250445,-53.017332440020844,6.047698718424076,-15.398438583970844,-7.972071559230649,2.694645481559148e-13
272.03760137341334,-53.015578939659946,6.046720397785127,-15.397523917986678,-7.97644988143351,8.420767129872338e-14
272.0539770996947,-53.013823008455844,6.045743695189935,-15.396607934977434,-7.980829505360378,1.347322740779574e-13
272.0703514295921,-53.01206464664016,6.044768609570271,-15.395690633630336,-7.985210427768292,2.3578147963642546e-13
272.0867243613501,-53.01030385444502,6.043795139857912,-15.394772012635517,-7.989592645413673,1.0104920555846805e-13
272.1030958932142,-53.00854063210291,6.042823284984634,-15.393852070686032,-7.993976155052378,1.6841534259744676e-14
272.1194660234305,-53.006774979846774,6.0418530438822105,-15.392930806477915,-7.998360953439628,2.1893994537668078e-13
272.1358347502464,-53.00500689791,6.040884415482413,-15.392008218710082,-8.0027470373301,2.694645481559148e-13
272.15220207190976,-53.0032363865264,6.039917398717021,-15.391084306084384,-8.007134403477835,1.515738083377021e-13
272.1685679866698,-53.001463445930185,6.038951992517804,-15.390159067305609,-8.011523048636352,3.031476166754042e-13
272.18493249277645,-52.99968807635604,6.037988195816539,-15.38923250108144,-8.015912969558554,1.6841534259744676e-14
272.2012955884803,-52.997910278039065,6.037026007545002,-15.388304606122544,-8.020304162996732,1.1789073981821273e-13
272.2176572720331,-52.996130051214784,6.036065426634965,-15.387375381142478,-8.024696625702632,1.6841534259744677e-13
272.2340175416876,-52.994347396119146,6.035106452018205,-15.386444824857712,-8.02909035442746,2.020984111169361e-13
272.2503763956973,-52.992562312988554,6.034149082626493,-15.385512935987656,-8.03348534592181,6.73661370389787e-14
272.26673383231656,-52.990774802059796,6.033193317391606,-15.384579713254665,-8.03788159693568,2.3578147963642546e-13
272.28308984980066,-52.98898486357015,6.03223915524532,-15.383645155383984,-8.042279104218537,1.515738083377021e-13
272.2994444464061,-52.98719249775725,6.031286595119406,-15.382709261103805,-8.046677864519303,2.5262301389617017e-13
272.31579762038984,-52.98539770485923,6.030335635945641,-15.381772029145232,-8.051077874586296,2.694645481559148e-13
272.3321493700101,-52.983600485114586,6.029386276655801,-15.38083345824229,-8.055479131167292,1.1789073981821273e-13
272.3484996935256,-52.9818008387623,6.028438516181656,-15.379893547131966,-8.059881631009457,3.031476166754042e-13
272.36484858919664,-52.97999876604172,6.027492353454983,-15.37895229455411,-8.064285370859526,1.0104920555846805e-13
272.38119605528374,-52.97819426719268,6.026547787407558,-15.37800969925153,-8.068690347463537,2.694645481559148e-13
272.39754209004883,-52.976387342455396,6.025604816971153,-15.37706575996995,-8.073096557567078,1.8525687685719145e-13
272.4138866917544,-52.97457799207057,6.024663441077543,-15.376120475458032,-8.077503997915116,1.1789073981821273e-13
272.4302298586642,-52.97276621627925,6.023723658658504,-15.37517384446733,-8.081912665252132,2.5262301389617017e-13
272.4465715890427,-52.97095201532294,6.02278546864581,-15.374225865752322,-8.086322556322045,3.368306851948935e-14
272.4629118811552,-52.969135389443615,6.021848869971237,-15.373276538070439,-8.090733667868175,3.1998915093514883e-13
272.4792507332681,-52.96731633888363,6.020913861566555,-15.37232586018201,-8.095145996633377,2.1893994537668078e-13
272.49558814364883,-52.965494863885745,6.019980442363542,-15.371373830850276,-8.099559539359964,1.6841534259744677e-13
272.5119241105654,-52.96367096469319,6.0190486112939725,-15.370420448841415,-8.103974292789662,2.1893994537668078e-13
272.528258632287,-52.96184464154961,6.01811836728962,-15.36946571292451,-8.10839025366369,2.3578147963642546e-13
272.5445917070836,-52.96001589469907,6.01718970928226,-15.368509621871594,-8.112807418722728,2.3578147963642546e-13
272.5609233332264,-52.958184724386044,6.016262636203666,-15.367552174457566,-8.117225784706983,1.1789073981821273e-13
272.5772535089871,-52.95635113085544,6.0153371469856145,-15.36659336946029,-8.12164534835605,1.8525687685719145e-13
272.59358223263865,-52.95451511435259,6.014413240559876,-15.365633205660533,-8.126066106409066,8.420767129872338e-14
272.6099095024546,-52.95267667512326,6.01349091585823,-15.36467168184198,-8.13048805560457,1.6841534259744677e-13
272.62623531671,-52.9508358134136,6.012570171812449,-15.363708796791213,-8.134911192680702,1.1789073981821273e-13
272.64255967368024,-52.94899252947023,6.011651007354306,-15.362744549297771,-8.139335514374979,1.8525687685719145e-13
272.658882571642,-52.94714682354018,6.010733421415578,-15.36177893815408,-8.143761017424445,2.8630608241565947e-13
272.6752040088727,-52.94529869587088,6.009817412928037,-15.360811962155491,-8.148187698565621,1.8525687685719145e-13
272.6915239836508,-52.943448146710196,6.00890298082346,-15.35984362010027,-8.152615554534538,2.694645481559148e-13
272.70784249425583,-52.941595176306414,6.00799012403362,-15.358873910789598,-8.157044582066712,2.694645481559148e-13
272.724159538968,-52.93973978490825,6.0070788414902925,-15.357902833027564,-8.161474777897137,2.020984111169361e-13
272.74047511606847,-52.93788197276482,6.006169132125252,-15.356930385621208,-8.165906138760295,1.1789073981821273e-13
272.75678922383963,-52.93602174012568,6.005260994870272,-15.355956567380417,-8.170338661390229,8.420767129872338e-14
272.7731018605645,-52.93415908724079,6.004354428657128,-15.35498137711806,-8.174772342520413,2.020984111169361e-13
272.7894130245272,-52.932294014360544,6.003449432417595,-15.354004813649864,-8.179207178883859,2.020984111169361e-13
272.80572271401275,-52.930426521735754,6.0025460050834445,-15.353026875794528,-8.183643167213067,2.020984111169361e-13
272.8220309273072,-52.92855660961763,6.0016441455864555,-15.352047562373595,-8.188080304240092,1.1789073981821273e-13
272.8383376626975,-52.92668427825784,6.000743852858399,-15.351066872211574,-8.19251858669645,8.420767129872338e-14
272.8546429184713,-52.92480952790842,5.999845125831053,-15.35008480413586,-8.196958011313177,3.368306851948935e-14
272.8709466929176,-52.922932358821896,5.998947963436189,-15.349101356976782,-8.201398574820823,1.0104920555846805e-13
272.8872489843261,-52.92105277125113,5.998052364605582,-15.348116529567543,-8.205840273949503,2.1893994537668078e-13
272.9035497909877,-52.91917076544944,5.9971583282710075,-15.347130320744277,-8.210283105428807,6.73661370389787e-14
272.91984911119386,-52.91728634167057,5.996265853364239,-15.346142729346045,-8.214727065987834,2.020984111169361e-13
272.9361469432372,-52.915399500168704,5.9953749388170525,-15.345153754214795,-8.219172152355236,1.6841534259744676e-14
272.95244328541145,-52.91351024119836,5.994485583561222,-15.344163394195384,-8.22361836125921,8.420767129872338e-14
272.96873813601104,-52.91161856501455,5.99359778652852,-15.343171648135577,-8.228065689427432,1.6841534259744677e-13
272.9850314933316,-52.909724471872686,5.992711546650726,-15.342178514886063,-8.232514133587145,2.5262301389617017e-13
273.00132335566923,-52.90782796202857,5.99182686285961,-15.341183993300438,-8.236963690465103,2.694645481559148e-13
273.01761372132177,-52.905929035738446,5.9909437340869465,-15.340188082235178,-8.241414356787647,1.6841534259744677e-13
273.03390258858735,-52.904027693258946,5.990062159264513,-15.339190780549686,-8.24586612928059,1.515738083377021e-13
273.05018995576535,-52.90212393484715,5.989182137324081,-15.338192087106275,-8.250319004669318,8.420767129872338e-14
273.0664758211559,-52.900217760760555,5.988303667197428,-15.337192000770168,-8.254772979678737,2.020984111169361e-13
273.0827601830605,-52.89830917125702,5.987426747816326,-15.33619052040947,-8.259228051033364,2.5262301389617017e-13
273.0990430397813,-52.89639816659488,5.986551378112554,-15.335187644895182,-8.263684215457195,6.73661370389787e-14
