galstreams/tracks/track.st.M5.ibata2021.ecsv
# %ECSV 0.9
# ---
# datatype:
# - {name: ra, unit: deg, datatype: float64}
# - {name: dec, unit: deg, datatype: float64}
# - {name: distance, unit: kpc, datatype: float64}
# - {name: pm_ra_cosdec, unit: mas / yr, datatype: float64}
# - {name: pm_dec, unit: mas / yr, datatype: float64}
# - {name: radial_velocity, unit: km / s, datatype: float64}
# delimiter: ','
# meta: !!omap
# - __serialized_columns__:
#     dec:
#       __class__: astropy.coordinates.angles.Latitude
#       unit: &id001 !astropy.units.Unit {unit: deg}
#       value: !astropy.table.SerializedColumn {name: dec}
#     distance:
#       __class__: astropy.coordinates.distances.Distance
#       unit: !astropy.units.Unit {unit: kpc}
#       value: !astropy.table.SerializedColumn {name: distance}
#     pm_dec:
#       __class__: astropy.units.quantity.Quantity
#       unit: !astropy.units.Unit {unit: mas / yr}
#       value: !astropy.table.SerializedColumn {name: pm_dec}
#     pm_ra_cosdec:
#       __class__: astropy.units.quantity.Quantity
#       unit: !astropy.units.Unit {unit: mas / yr}
#       value: !astropy.table.SerializedColumn {name: pm_ra_cosdec}
#     ra:
#       __class__: astropy.coordinates.angles.Longitude
#       unit: *id001
#       value: !astropy.table.SerializedColumn {name: ra}
#       wrap_angle: !astropy.coordinates.Angle
#         unit: *id001
#         value: 360.0
#     radial_velocity:
#       __class__: astropy.units.quantity.Quantity
#       unit: !astropy.units.Unit {unit: km / s}
#       value: !astropy.table.SerializedColumn {name: radial_velocity}
# schema: astropy-2.0
ra,dec,distance,pm_ra_cosdec,pm_dec,radial_velocity
[from data line 414]
200.01741266007963,16.327170418059158,7.195509241832533,3.0526008563565203,-8.69007900312273,-6.73661370389787e-14
200.02725809287494,16.323664462945928,7.19700498613647,3.0529617938901663,-8.690168855156063,-6.73661370389787e-14
200.0371026575345,16.32015670819044,7.198504101468596,3.053318982623822,-8.690252991565742,-1.1789073981821273e-13
200.04694636146075,16.316647173615596,7.200006537559296,3.053672355628534,-8.690331453593528,-8.420767129872338e-14
200.0567892120599,16.313135879042928,7.201512244138945,3.054021845966961,-8.69040428246859,-5.0524602779234026e-14
200.06663121674154,16.309622844292534,7.203021170937928,3.054367386693374,-8.690471519407499,-6.73661370389787e-14
200.07647238291906,16.306108089183102,7.204533267686628,3.054708910853658,-8.690533205614253,-8.420767129872338e-14
200.08631271800922,16.302591633531897,7.206048484115422,3.055046351485338,-8.690589382280272,-5.0524602779234026e-14
200.09615222943245,16.29907349715478,7.207566769954689,3.0553796416175865,-8.69064009058441,-8.420767129872338e-14
200.1059909246127,16.295553699866204,7.209088074934818,3.0557087142712174,-8.690685371692952,-8.420767129872338e-14
200.11582881097752,16.292032261479193,7.210612348786182,3.0560335024587193,-8.690725266759634,-5.0524602779234026e-14
200.12566589595792,16.28850920180538,7.212139541239164,3.0563539391842482,-8.690759816925642,-8.420767129872338e-14
200.1355021869886,16.28498454065498,7.213669602024147,3.0566699574436433,-8.69078906331962,-8.420767129872338e-14
200.1453376915077,16.28145829783679,7.21520248087151,3.056981490224437,-8.690813047057674,-8.420767129872338e-14
200.15517241695693,16.277930493158195,7.216738127511638,3.0572884705058656,-8.690831809243381,-3.368306851948935e-14
200.16500637078155,16.274401146425195,7.2182764916749065,3.0575908312588753,-8.6908453909678,-5.0524602779234026e-14
200.17483956043034,16.27087027744236,7.2198175230917,3.0578885054461384,-8.690853833309463,-8.420767129872338e-14
200.1846719933556,16.267337906012852,7.221361171492396,3.05818142602206,-8.690857177334404,-8.420767129872338e-14
200.19450367701324,16.263804051938436,7.222907386607377,3.0584695259327788,-8.690855464096142,-3.368306851948935e-14
200.20433461886256,16.260268735019462,7.224456118167026,3.0587527381161945,-8.690848734635702,-6.73661370389787e-14
200.2141648263665,16.256731975054876,7.226007315901723,3.059030995501959,-8.69083702998162,-6.73661370389787e-14
200.22399430699141,16.253193791842218,7.227560929541848,3.0593042310115024,-8.690820391149941,-1.0104920555846805e-13
200.2338230682073,16.249654205177613,7.229116908817783,3.0595723775580335,-8.690798859144238,-6.73661370389787e-14
200.24365111748753,16.246113234855798,7.230675203459906,3.0598353680465444,-8.690772474955601,-5.0524602779234026e-14
200.25347846230903,16.242570900670106,7.232235763198603,3.0600931353738337,-8.690741279562655,-8.420767129872338e-14
200.26330511015232,16.23902722241244,7.23379853776425,3.0603456124285056,-8.690705313931566,-1.6841534259744676e-14
200.27313106850127,16.235482219873326,7.2353634768872315,3.0605927320909783,-8.690664619016038,-8.420767129872338e-14
200.28295634484337,16.23193591284187,7.236930530297928,3.0608344272335053,-8.690619235757337,-5.0524602779234026e-14
200.2927809466695,16.228388321105786,7.23849964772672,3.061070630720167,-8.690569205084266,-6.73661370389787e-14
200.30260488147408,16.22483946445139,7.240070778903986,3.0613012754069007,-8.690514567913214,-6.73661370389787e-14
200.31242815675506,16.22128936266358,7.2416438735601085,3.0615262941414887,-8.690455365148107,-1.1789073981821273e-13
200.3222507800138,16.217738035525855,7.243218881425472,3.061745619763579,-8.690391637680468,-3.368306851948935e-14
200.33207275875517,16.214185502820335,7.244795752230451,3.0619591851046972,-8.69032342638939,-3.368306851948935e-14
200.34189410048748,16.21063178432772,7.246374435705434,3.0621669229882493,-8.690250772141543,-8.420767129872338e-14
200.3517148127226,16.20707689982731,7.247954881580794,3.0623687662295307,-8.690173715791198,-3.368306851948935e-14
200.36153490297573,16.20352086909702,7.249537039586916,3.06256464763574,-8.690092298180213,-8.420767129872338e-14
200.37135437876574,16.199963711913345,7.251120859454184,3.0627545000059824,-8.690006560138041,-5.0524602779234026e-14
200.38117324761475,16.196405448051397,7.252706290912973,3.062938256131287,-8.68991654248176,-3.368306851948935e-14
200.3909915170484,16.192846097284896,7.254293283693666,3.063115848794607,-8.689822286016037,-5.0524602779234026e-14
200.4008091945959,16.18928567938615,7.255881787526646,3.063287210770826,-8.689723831533167,-8.420767129872338e-14
200.41062628778977,16.18572421412607,7.257471752142292,3.063452274826782,-8.689621219813066,-6.73661370389787e-14
200.42044280416607,16.182161721274188,7.259063127270987,3.0636109737212616,-8.689514491623271,-5.0524602779234026e-14
200.43025875126423,16.17859822059862,7.260655862643109,3.0637632402050174,-8.689403687718952,-5.0524602779234026e-14
200.4400741366272,16.175033731866094,7.26224990798904,3.063909007020767,-8.689288848842923,-6.73661370389787e-14
200.44988896780134,16.171468274841953,7.263845213039163,3.0640482069032178,-8.68917001572563,-3.368306851948935e-14
200.45970325233637,16.16790186929013,7.265441727523855,3.0641807725790597,-8.689047229085173,-3.368306851948935e-14
200.4695169977856,16.164334534973168,7.2670394011735,3.0643066367669785,-8.688920529627298,-3.368306851948935e-14
200.47933021170562,16.16076629165223,7.268638183718481,3.0644257321776682,-8.68878995804541,-8.420767129872338e-14
200.48914290165652,16.15719715908707,7.2702380248891725,3.064537991513844,-8.68865555502058,-6.73661370389787e-14
200.49895507520185,16.153627157036052,7.27183887441596,3.0646433474702275,-8.688517361221537,-8.420767129872338e-14
200.50876673990848,16.150056305256143,7.273440682029226,3.064741732733588,-8.688375417304686,-3.368306851948935e-14
200.51857790334674,16.14648462350294,7.275043397459346,3.0648330799827317,-8.688229763914117,-8.420767129872338e-14
200.52838857309044,16.14291213153063,7.276646970436704,3.0649173218885037,-8.68808044168158,-6.73661370389787e-14
200.5381987567167,16.139338849092006,7.278251350691681,3.064994391113817,-8.687927491226525,-6.73661370389787e-14
200.54800846180612,16.13576479593848,7.279856487954659,3.065064220313641,-8.68777095315609,-1.0104920555846805e-13
200.55781769594267,16.132189991820074,7.281462331956018,3.065126742135025,-8.687610868065102,-1.6841534259744676e-14
200.56762646671376,16.128614456485426,7.283068832426138,3.0651818892170968,-8.687447276536098,-5.0524602779234026e-14
200.5774347817101,16.125038209681765,7.2846759390954,3.0652295941910723,-8.687280219139309,-5.0524602779234026e-14
200.58724264852594,16.12146127115495,7.286283601694186,3.0652697896802694,-8.687109736432669,-3.368306851948935e-14
200.5970500747588,16.117883660649444,7.287891769952877,3.0653024083001092,-8.686935868961841,-1.0104920555846805e-13
200.6068570680097,16.114305397908318,7.2895003936018545,3.0653273826581273,-8.686758657260192,-5.0524602779234026e-14
200.61666363588293,16.110726502673273,7.291109422371497,3.0653446453539823,-8.686578141848816,-8.420767129872338e-14
200.62646978598625,16.1071469946846,7.292718805992187,3.0653541289794615,-8.686394363236529,-6.73661370389787e-14
200.63627552593076,16.10356689368122,7.294328494194305,3.065355766118494,-8.686207361919875,-8.420767129872338e-14
200.64608086333098,16.09998621940066,7.295938436708234,3.065349489347147,-8.686017178383132,-3.368306851948935e-14
200.65588580580476,16.096404991579067,7.297548583264353,3.0653352312336564,-8.68582385309832,-8.420767129872338e-14
200.66569036097334,16.092823229951204,7.299158883593043,3.0653129243384045,-8.685627426525205,-1.0104920555846805e-13
200.67549453646134,16.089240954250428,7.300769287424687,3.0652825012139506,-8.685427939111278,-5.0524602779234026e-14
200.68529833989675,16.085658184208746,7.302379744489661,3.0652438944050373,-8.685225431291808,-5.0524602779234026e-14
200.69510177891087,16.082074939556758,7.303990204518351,3.0651970364485788,-8.685019943489795,-5.0524602779234026e-14
200.7049048611385,16.07849124002369,7.305600617241135,3.0651418598736933,-8.684811516116008,-5.0524602779234026e-14
200.71470759421754,16.074907105337374,7.307210932388396,3.0650782972016968,-8.68460018956898,-5.0524602779234026e-14
200.7245099857896,16.071322555224274,7.308821099690514,3.065006280946113,-8.684386004234998,-3.368306851948935e-14
200.73431204349936,16.067737609409456,7.310431068877866,3.064925743612685,-8.684169000488133,-5.0524602779234026e-14
200.74411377499493,16.06415228761662,7.312040789680841,3.064836617699376,-8.68394921869021,-1.0104920555846805e-13
200.75391518792782,16.060566609568056,7.313650211829819,3.0647388356963754,-8.683726699190846,-6.73661370389787e-14
200.76371628995287,16.056980594984726,7.315259285055172,3.064632330086126,-8.683501482327442,-3.368306851948935e-14
200.77351708872817,16.053394263586164,7.316867959087288,3.064517033343303,-8.683273608425162,-8.420767129872338e-14
200.78331759191528,16.049807635090524,7.318476183656548,3.064392877934843,-8.683043117796977,-5.0524602779234026e-14
200.79311780717904,16.046220729214618,7.320083908493331,3.0642597963199383,-8.682810050743644,-5.0524602779234026e-14
200.80291774218762,16.04263356567384,7.321691083328017,3.0641177209500547,-8.682574447553707,-3.368306851948935e-14
200.81271740461247,16.039046164182224,7.32329765789099,3.063966584268934,-8.68233634850352,-5.0524602779234026e-14
200.8225168021285,16.035458544452425,7.324903581912632,3.063806318712593,-8.68209579385722,-5.0524602779234026e-14
200.83231594241386,16.031870726195713,7.326508805123319,3.063636856709346,-8.681852823866771,-3.368306851948935e-14
200.84211483314996,16.028282729121983,7.328113277253434,3.0634581306798108,-8.681607478771934,-5.0524602779234026e-14
200.85191348202173,16.02469457293975,7.329716948033357,3.0632700730368922,-8.681359798800278,-6.73661370389787e-14
200.86171189671722,16.021106277356164,7.331319767193471,3.063072616185823,-8.681109824167187,-6.73661370389787e-14
200.8715100849279,16.01751786207698,7.332921684464158,3.062865692524147,-8.68085759507587,-6.73661370389787e-14
200.88130805434852,16.01392934680658,7.334522649575797,3.0626492344417366,-8.68060315171735,-5.0524602779234026e-14
200.89110581267718,16.010340751247984,7.336122612258769,3.062423174320801,-8.680346534270477,-5.0524602779234026e-14
200.90090336761523,16.00675209510283,7.337721522243454,3.0621874445358794,-8.680087782901923,-3.368306851948935e-14
200.91070072686736,16.003163398071365,7.339319329260235,3.0619419774538668,-8.679826937766194,-3.368306851948935e-14
200.92049789814158,15.999574679852486,7.340915983039491,3.0616867054340093,-8.679564039005632,-3.368306851948935e-14
200.93029488914914,15.995985960143702,7.342511433311605,3.0614215608279163,-8.679299126750404,-6.73661370389787e-14
200.94009170760472,15.992397258641148,7.344105629806957,3.06114647597956,-8.679032241118529,-3.368306851948935e-14
200.9498883612261,15.988808595039592,7.345698522255926,3.060861383225296,-8.678763422215855,-5.0524602779234026e-14
200.95968485773457,15.98521998903241,7.347290060388898,3.0605662148938464,-8.678492710136084,-5.0524602779234026e-14
200.96948120485456,15.981631460311633,7.348880193936249,3.060260903306335,-8.678220144960758,-3.368306851948935e-14
200.9792774103138,15.978043028567894,7.350468872628361,3.0599453807762793,-8.677945766759269,-5.0524602779234026e-14
200.98907348184343,15.974454713490472,7.3520560461956155,3.0596195796095933,-8.67766961558887,-6.73661370389787e-14
200.99886942717774,15.97086653476726,7.353641664368396,3.0592834321045954,-8.677391731494652,-6.73661370389787e-14
201.0086652540544,15.967278512084793,7.3552256768770805,3.058936870552029,-8.677112154509578,-5.0524602779234026e-14
201.01846097021425,15.963690665128219,7.356808033452048,3.0585798272350564,-8.676830924654475,-5.0524602779234026e-14
201.02825658340151,15.960103013581325,7.3583886838236845,3.058212234429262,-8.676548081938012,-3.368306851948935e-14
201.0380521013636,15.956515577126533,7.359967577722367,3.057834024402671,-8.67626366635674,-6.73661370389787e-14
201.04784753185135,15.952928375444882,7.361544664878479,3.057445129415747,-8.675977717895071,-5.0524602779234026e-14
201.05764288261867,15.949341428216043,7.363119895022399,3.0570454817213992,-8.67569027652529,-5.0524602779234026e-14
201.06743816142287,15.945754755118328,7.36469321788451,3.05663501356499,-8.675401382207546,-1.6841534259744676e-14
201.0772333760245,15.942168375828672,7.366264583195192,3.056213657184352,-8.675111074889871,-5.0524602779234026e-14
201.08702853418737,15.938582310022644,7.367833940684825,3.0557813448097675,-8.674819394508171,-5.0524602779234026e-14
201.09682364367853,15.934996577374433,7.369401240083793,3.0553380086640045,-8.674526380986233,-6.73661370389787e-14
201.10661871226836,15.931411197556884,7.370966431122475,3.0548835809623074,-8.674232074235709,-8.420767129872338e-14
201.11641374773038,15.927826190241442,7.372529463531253,3.0544179939124,-8.673936514156157,-6.73661370389787e-14
201.12620875784154,15.924241575098213,7.374090287040504,3.0539411797145064,-8.673639740635013,-1.6841534259744676e-14
201.13600375038183,15.920657371795924,7.375648851380613,3.05345307056134,-8.673341793547586,0.0
201.14579873313465,15.91707360000194,7.377205106281962,3.0529535986381235,-8.673042712757091,-6.73661370389787e-14
201.15559371388662,15.91349027938225,7.3787590014749265,3.0524426961225886,-8.672742538114623,-6.73661370389787e-14
201.16538870042763,15.909907429601478,7.3803104866898925,3.0519202951849795,-8.672441309459176,-1.6841534259744676e-14
201.17518370055066,15.906325070322895,7.38185951165724,3.0513863279880633,-8.672139066617632,-5.0524602779234026e-14
201.1849787220522,15.902743221208397,7.383406026107349,3.050840726687138,-8.671835849404783,-3.368306851948935e-14
201.1947737727317,15.899161901918504,7.3849499797705995,3.0502834234300336,-8.671531697623301,-3.368306851948935e-14
201.2045688603921,15.8955811321124,7.386491322377374,3.049714350357116,-8.671226651063773,-3.368306851948935e-14
201.2143639928394,15.892000931447877,7.388030003658053,3.0491334396013055,-8.670920749504676,-1.1789073981821273e-13
201.22415917788288,15.888421319581369,7.389565973343017,3.0485406232880656,-8.670614032712397,-6.73661370389787e-14
201.23395442333515,15.884842316167951,7.391099181162648,3.0479358335354174,-8.670306540441231,-5.0524602779234026e-14
201.24374973701194,15.881263940861345,7.392629576847327,3.0473190024539494,-8.66999831243337,-5.0524602779234026e-14
201.25354512673223,15.877686213313883,7.394157110127433,3.0466900621468183,-8.669689388418918,-6.73661370389787e-14
201.26334060031826,15.874109153176553,7.395681730733349,3.046048944709748,-8.66937980811589,-3.368306851948935e-14
201.27313616559547,15.870532780098975,7.397203388395456,3.0453955822310537,-8.669069611230212,-6.73661370389787e-14
201.28293183039258,15.866957113729418,7.398722032844135,3.044729906791627,-8.66875883745572,-6.73661370389787e-14
201.29272760254148,15.86338217371476,7.400237613809765,3.044051850464955,-8.66844752647416,-5.0524602779234026e-14
201.30252348987722,15.859807979700548,7.401750081022726,3.0433613453171215,-8.668135717955208,-8.420767129872338e-14
201.31231950023823,15.856234551330948,7.403259384213404,3.042658323406812,-8.667823451556435,-3.368306851948935e-14
201.322115641466,15.852661908248779,7.404765473112175,3.0419427167853157,-8.66751076692334,-6.73661370389787e-14
201.33191192140535,15.84909007009548,7.406268297449423,3.0412144574965456,-8.667197703689347,-3.368306851948935e-14
201.34170834790427,15.845519056511149,7.407767806955528,3.040473477577023,-8.666884301475784,-5.0524602779234026e-14
201.3515049288139,15.841948887134512,7.409263951360871,3.0397197090558983,-8.666570599891912,-5.0524602779234026e-14
201.3613016719887,15.838379581602936,7.410756680395831,3.03895308395495,-8.66625663853491,-6.73661370389787e-14
