galstreams/tracks/track.st.NGC1851.ibata2021.ecsv
# %ECSV 0.9
# ---
# datatype:
# - {name: ra, unit: deg, datatype: float64}
# - {name: dec, unit: deg, datatype: float64}
# - {name: distance, unit: kpc, datatype: float64}
# - {name: pm_ra_cosdec, unit: mas / yr, datatype: float64}
# - {name: pm_dec, unit: mas / yr, datatype: float64}
# - {name: radial_velocity, unit: km / s, datatype: float64}
# delimiter: ','
# meta: !!omap
# - __serialized_columns__:
#     dec:
#       __class__: astropy.coordinates.angles.Latitude
#       unit: &id001 !astropy.units.Unit {unit: deg}
#       value: !astropy.table.SerializedColumn {name: dec}
#     distance:
#       __class__: astropy.coordinates.distances.Distance
#       unit: !astropy.units.Unit {unit: kpc}
#       value: !astropy.table.SerializedColumn {name: distance}
#     pm_dec:
#       __class__: astropy.units.quantity.Quantity
#       unit: !astropy.units.Unit {unit: mas / yr}
#       value: !astropy.table.SerializedColumn {name: pm_dec}
#     pm_ra_cosdec:
#       __class__: astropy.units.quantity.Quantity
#       unit: !astropy.units.Unit {unit: mas / yr}
#       value: !astropy.table.SerializedColumn {name: pm_ra_cosdec}
#     ra:
#       __class__: astropy.coordinates.angles.Longitude
#       unit: *id001
#       value: !astropy.table.SerializedColumn {name: ra}
#       wrap_angle: !astropy.coordinates.Angle
#         unit: *id001
#         value: 360.0
#     radial_velocity:
#       __class__: astropy.units.quantity.Quantity
#       unit: !astropy.units.Unit {unit: km / s}
#       value: !astropy.table.SerializedColumn {name: radial_velocity}
# schema: astropy-2.0
ra,dec,distance,pm_ra_cosdec,pm_dec,radial_velocity
[from data line 1247]
78.94942833722641,-38.649896928511886,13.74571487543068,2.333989777106718,-0.5190555163366593,-2.1051917824680845e-15
78.94890674664026,-38.64028957112532,13.745289780330593,2.334051461474219,-0.5190371075768282,4.210383564936169e-15
78.94836884076294,-38.63068160119434,13.744859687645603,2.334113874054866,-0.5190195836435418,0.0
78.9478145760053,-38.62107301661029,13.744424584066657,2.3341770168825025,-0.5190029471902785,6.315575347404253e-15
78.94724390879969,-38.61146381525694,13.743984456284698,2.3342408919905764,-0.5189872008699156,8.420767129872338e-15
78.94665679559988,-38.60185399501039,13.743539290990665,2.3343055014121403,-0.5189723473347374,0.0
78.94605319288114,-38.59224355373903,13.743089074875497,2.3343708471798403,-0.5189583892364418,-8.420767129872338e-15
78.94543305714015,-38.58263248930345,13.742633794630141,2.3344369313259135,-0.5189453292261457,-2.1051917824680845e-15
78.94479634489497,-38.57302079955642,13.742173436945535,2.334503755882177,-0.5189331699543949,2.1051917824680845e-15
78.94414301268507,-38.56340848234281,13.741707988512623,2.334571322880024,-0.518921914071168,1.2631150694808506e-14
78.94347301707128,-38.55379553549958,13.741237436022343,2.3346396343504168,-0.5189115642258851,0.0
78.94278631463582,-38.544181956855624,13.740761766165638,2.334708692323883,-0.5189021230674142,8.420767129872338e-15
78.94208286198214,-38.53456774423185,13.740280965633454,2.3347784988305023,-0.5188935932440788,6.315575347404253e-15
78.94136261573512,-38.52495289544097,13.739795021116722,2.3348490558999075,-0.5188859774036635,-1.0525958912340423e-14
78.94062553254084,-38.51533740828758,13.739303919306396,2.3349203655612696,-0.518879278193421,8.420767129872338e-15
78.93987156906668,-38.50572128056802,13.73880764689341,2.3349924298432985,-0.5188734982600816,2.1051917824680845e-15
78.93910068200128,-38.49610451007034,13.738306190568704,2.335065250774235,-0.518868640249857,-2.1051917824680845e-15
78.93831282805453,-38.48648709457424,13.737799537023227,2.335138830381841,-0.5188647068084488,2.1051917824680845e-15
78.9375079639575,-38.476869031851024,13.737287672947911,2.3352131706933945,-0.5188617005810554,4.210383564936169e-15
78.93668604646247,-38.46725031966353,13.736770585033705,2.335288273735683,-0.5188596242123786,4.210383564936169e-15
78.9358470323429,-38.457630955766085,13.736248259971546,2.335364141534999,-0.5188584803466308,2.1051917824680845e-15
78.9349908783934,-38.448010937904385,13.735720684452378,2.335440776117129,-0.5188582716275421,0.0
78.93411754142974,-38.438390263815585,13.735187845167143,2.3355181795073503,-0.5188590006983665,4.210383564936169e-15
78.93322697828877,-38.428768931228056,13.734649728806781,2.3355963537304243,-0.5188606702018905,-8.420767129872338e-15
78.93231914582849,-38.419146937861484,13.734106322062233,2.335675300810584,-0.5188632827804376,1.6841534259744676e-14
78.93139400092794,-38.40952428142669,13.733557611624445,2.335755022771539,-0.5188668410758783,-1.473634247727659e-14
78.93045150048727,-38.39990095962567,13.733003584184347,2.335835521636456,-0.5188713477296345,4.210383564936169e-15
78.92949160142763,-38.390276970151476,13.732444226432897,2.335916799427962,-0.518876805382688,4.210383564936169e-15
78.92851426069122,-38.38065231068818,13.731879525061027,2.3359988581681304,-0.5188832166755866,1.2631150694808506e-14
78.92751943524125,-38.37102697891078,13.731309466759678,2.336081699878481,-0.518890584248452,-2.1051917824680845e-15
78.92650708206193,-38.36140097248523,13.73073403821979,2.3361653265799647,-0.518898910740986,-4.210383564936169e-15
78.92547715815843,-38.351774289068295,13.730153226132312,2.3362497402929665,-0.5189081987924777,1.2631150694808506e-14
78.92442962055686,-38.34214692630752,13.729567017188177,2.3363349430372917,-0.5189184510418116,4.210383564936169e-15
78.9233644263043,-38.33251888184117,13.728975398078333,2.336420936832163,-0.5189296701274722,-1.0525958912340423e-14
78.92228153246874,-38.322890153298175,13.728378355493719,2.33650772369621,-0.5189418586875529,-1.0525958912340423e-14
78.92118089613906,-38.31326073829809,13.727775876125273,2.336595305647467,-0.5189550193597631,2.1051917824680845e-15
78.92006247442501,-38.303630634451,13.727167946663945,2.3366836847033605,-0.5189691547814345,0.0
78.91892622445724,-38.29399983935749,13.726554553800668,2.336772862880713,-0.518984267589528,0.0
78.91777210338721,-38.28436835060857,13.72593568422639,2.336862842195719,-0.5190003604206412,-4.210383564936169e-15
78.91660006838724,-38.27473616578561,13.725311324632047,2.3369536246639586,-0.5190174359110156,6.315575347404253e-15
78.91541007665043,-38.26510328246029,13.724681461708583,2.3370452123003735,-0.5190354966965421,1.473634247727659e-14
78.91420208539071,-38.25546969819458,13.724046082146941,2.3371376071192693,-0.519054545412771,2.1051917824680845e-15
78.91297605184275,-38.2458354105406,13.723405172638058,2.3372308111343076,-0.5190745846949159,-1.0525958912340423e-14
78.91173193326202,-38.23620041704063,13.722758719872882,2.337324826358495,-0.5190956171778616,1.6841534259744676e-14
78.91046968692467,-38.226564715227,13.722106710542349,2.3374196548041843,-0.5191176454961738,-1.0525958912340423e-14
78.90918927012765,-38.21692830262209,13.721449131337401,2.3375152984830585,-0.5191406722841014,4.210383564936169e-15
78.90789064018855,-38.20729117673821,13.720785968948983,2.337611759406129,-0.5191647001755879,1.0525958912340423e-14
78.90657375444567,-38.19765333507757,13.720117210068034,2.337709039583731,-0.5191897318042759,0.0
78.905238570258,-38.188014775132224,13.719442841385499,2.337807141025511,-0.5192157698035145,-6.315575347404253e-15
78.90388504500518,-38.17837549438402,13.718762849592316,2.3379060657404223,-0.5192428168063674,8.420767129872338e-15
78.90251313608745,-38.168735490304485,13.71807722137942,2.338005815736721,-0.5192708754456197,-1.0525958912340423e-14
78.90112280092573,-38.15909476035483,13.717385943437769,2.3381063930219543,-0.519299948353782,2.1051917824680846e-14
78.89971399696147,-38.14945330198587,13.716689002458287,2.3382077996029587,-0.5193300381631035,1.473634247727659e-14
78.89828668165677,-38.13981111263793,13.715986385131933,2.338310037485846,-0.5193611475055726,1.2631150694808506e-14
78.89684081249426,-38.13016818974086,13.715278078149629,2.3384131086760065,-0.5193932790129286,1.0525958912340423e-14
78.89537634697714,-38.12052453071387,13.714564068202328,2.3385170151780907,-0.5194264353166664,-8.420767129872338e-15
78.89389324262916,-38.1108801329656,13.713844341980977,2.3386217589960125,-0.5194606190480431,-8.420767129872338e-15
78.89239145699457,-38.10123499389391,13.713118886176503,2.338727342132938,-0.5194958328380879,8.420767129872338e-15
78.89087094763809,-38.09158911088596,13.712387687479856,2.338833766591276,-0.5195320793176068,-4.210383564936169e-15
78.88933167214499,-38.08194248131808,13.71165073258198,2.338941034372675,-0.519569361117189,-4.210383564936169e-15
78.88777358812098,-38.07229510255569,13.710908008173813,2.339049147478014,-0.5196076808672168,2.1051917824680845e-15
78.88619665319219,-38.06264697195329,13.710159500946293,2.3391581079073998,-0.5196470411978702,4.210383564936169e-15
78.88460082500521,-38.05299808685438,13.70940519759037,2.339267917660153,-0.5196874447391351,-1.6841534259744676e-14
78.8829860612271,-38.04334844459138,13.708645084796977,2.339378578734806,-0.5197288941208092,1.6841534259744676e-14
78.88135231954524,-38.033698042485604,13.707879149257057,2.3394900931290987,-0.5197713919725117,8.420767129872338e-15
78.87969955766745,-38.02404687784718,13.707107377661556,2.339602462839961,-0.5198149409236865,-1.0525958912340423e-14
78.8780277333219,-38.01439494797499,13.706329756701411,2.3397156898635205,-0.5198595436036122,8.420767129872338e-15
78.87633680425712,-38.00474225015661,13.70554627306757,2.3398297761950793,-0.5199052026414087,1.0525958912340423e-14
78.87462672824198,-37.99508878166825,13.704756913450971,2.3399447238291233,-0.5199519206660433,2.1051917824680845e-15
78.87289746306567,-37.9854345397747,13.703961664542549,2.3400605347593033,-0.5199997003063384,8.420767129872338e-15
78.87114896653767,-37.97577952172927,13.70316051303325,2.3401772109784336,-0.5200485441909789,-6.315575347404253e-15
78.86938119648778,-37.966123724773716,13.70235344561402,2.340294754478482,-0.5200984549485179,-1.0525958912340423e-14
78.86759411076609,-37.95646714613817,13.701540448975802,2.340413167250567,-0.5201494352073847,2.1051917824680845e-15
78.8657876672429,-37.946809783041125,13.700721509809524,2.340532451284945,-0.5202014875958935,1.0525958912340423e-14
78.86396182380875,-37.93715163268932,13.699896614806143,2.3406526085710104,-0.5202546147422464,1.473634247727659e-14
78.86211653837447,-37.92749269227772,13.699065750656588,2.340773641097283,-0.5203088192745454,-1.2631150694808506e-14
78.86025176887105,-37.91783295898942,13.698228904051808,2.3408955508513998,-0.5203641038207942,-4.210383564936169e-15
78.8583674732497,-37.90817242999562,13.697386061682742,2.3410183398201174,-0.5204204710089098,1.2631150694808506e-14
78.85646360948179,-37.89851110245556,13.69653721024033,2.3411420099892943,-0.5204779234667278,4.210383564936169e-15
78.85454013555889,-37.888848973516396,13.695682336415521,2.3412665633438867,-0.520536463822008,-6.315575347404253e-15
78.8525970094927,-37.87918604031323,13.694821426899246,2.341392001867946,-0.5205960947024436,1.2631150694808506e-14
78.85063418931502,-37.86952229996899,13.693954468382456,2.3415183275446103,-0.5206568187356686,-4.210383564936169e-15
78.84865163307785,-37.85985774959441,13.69308144755608,2.3416455423560927,-0.5207186385492617,1.0525958912340423e-14
78.84664929885324,-37.85019238628789,13.692202351111076,2.3417736482836755,-0.5207815567707563,1.2631150694808506e-14
78.84462714473332,-37.840526207135554,13.691317165738374,2.34190264730771,-0.5208455760276477,4.210383564936169e-15
78.84258512883035,-37.83085920921107,13.69042587812892,2.3420325414076024,-0.5209106989473975,-4.210383564936169e-15
78.84052320927661,-37.821191389575674,13.689528474973653,2.3421633325618076,-0.5209769281574426,-2.1051917824680845e-15
78.83844134422442,-37.81152274527806,13.688624942963514,2.3422950227478245,-0.5210442662852025,8.420767129872338e-15
78.83633949184615,-37.801853273354354,13.68771526878945,2.3424276139421885,-0.521112715958086,-8.420767129872338e-15
78.83421761033419,-37.792182970827994,13.686799439142396,2.342561108120463,-0.5211822798034962,1.0525958912340423e-14
78.83207565790092,-37.782511834709744,13.685877440713297,2.342695507257233,-0.5212529604488414,1.473634247727659e-14
78.8299135927787,-37.772839861997596,13.684949260193088,2.3428308133260995,-0.5213247605215394,-2.1051917824680845e-15
78.82773137321988,-37.76316704967669,13.684014884272726,2.342967028299667,-0.5213976826490243,2.1051917824680846e-14
78.82552895749674,-37.75349339471928,13.683074299643136,2.343104154149546,-0.5214717294587561,1.2631150694808506e-14
78.82330630390156,-37.74381889408464,13.682127492995267,2.3432421928463363,-0.5215469035782248,2.1051917824680846e-14
78.82106337074647,-37.734143544719075,13.681174451020059,2.3433811463596266,-0.521623207634959,1.2631150694808506e-14
78.81880011636359,-37.724467343555744,13.680215160408457,2.343521016657984,-0.5217006442565327,8.420767129872338e-15
78.81651649910489,-37.71479028751471,13.679249607851398,2.343661805708946,-0.5217792160705732,-1.2631150694808506e-14
78.81421247734227,-37.70511237350283,13.678277780039823,2.3438035154790184,-0.5218589257047658,-2.1051917824680845e-15
78.81188800946744,-37.695433598413686,13.677299663664678,2.343946147933661,-0.5219397757868629,-4.210383564936169e-15
78.80954305389204,-37.68575395912748,13.676315245416902,2.3440897050372893,-0.5220217689446904,6.315575347404253e-15
78.80717756904751,-37.676073452511126,13.675324511987434,2.3442341887532576,-0.522104907806155,1.473634247727659e-14
78.80479151338513,-37.66639207541798,13.674327450067224,2.344379601043858,-0.5221891949992508,-8.420767129872338e-15
78.802384845376,-37.65670982468796,13.6733240463472,2.344525943870316,-0.5222746331520653,0.0
78.79995752351104,-37.64702669714735,13.672314287518317,2.3446732191927744,-0.5223612248927894,1.2631150694808506e-14
78.79750950630091,-37.63734268960884,13.671298160271508,2.3448214289702927,-0.5224489728497216,4.210383564936169e-15
78.79504075227614,-37.62765779887139,13.67027565129772,2.3449705751608394,-0.5225378796512755,6.315575347404253e-15
78.7925512199869,-37.617972021720206,13.669246747287886,2.3451206597212844,-0.5226279479259885,1.0525958912340423e-14
78.79004086800322,-37.60828535492666,13.668211434932957,2.3452716846073876,-0.5227191803025265,1.6841534259744676e-14
78.78750965491479,-37.59859779524824,13.667169700923866,2.345423651773801,-0.5228115794096935,-6.315575347404253e-15
78.78495753933109,-37.58890933942848,13.666121531951566,2.345576563174053,-0.5229051478764342,8.420767129872338e-15
78.78238447988124,-37.57921998419689,13.665066914706987,2.3457304207605425,-0.5229998883318467,1.2631150694808506e-14
78.77979043521412,-37.56952972626892,13.66400583588108,2.3458852264845373,-0.5230958034051859,1.2631150694808506e-14
78.77717536399825,-37.559838562345874,13.662938282164777,2.3460409822961616,-0.5231928957258707,1.6841534259744676e-14
78.77453922492182,-37.55014648911486,13.661864240249027,2.346197690144388,-0.5232911679234921,2.1051917824680845e-15
78.77188197669273,-37.54045350324871,13.660783696824765,2.346355351977038,-0.5233906226278193,6.315575347404253e-15
78.76920357803846,-37.53075960140595,13.659696638582936,2.346513969740765,-0.5234912624688075,1.6841534259744676e-14
78.76650398770617,-37.521064780230674,13.658603052214485,2.3466735453810537,-0.5235930900766037,2.1051917824680845e-15
78.76378316446261,-37.51136903635259,13.657502924410348,2.3468340808422092,-0.5236961080815546,8.420767129872338e-15
78.76104106709417,-37.5016723663868,13.656396241861472,2.3469955780673533,-0.5238003191142134,1.0525958912340423e-14
78.75827765440678,-37.49197476693393,13.65528299125879,2.3471580389984164,-0.5239057258053473,6.315575347404253e-15
78.755492885226,-37.482276234579906,13.654163159293251,2.3473214655761256,-0.5240123307859428,0.0
78.75268671839697,-37.47257676589593,13.653036732655796,2.3474858597400043,-0.524120136687214,-8.420767129872338e-15
78.74985911278435,-37.46287635743851,13.651903698037362,2.3476512234283633,-0.5242291461406094,6.315575347404253e-15
78.74701002727235,-37.45317500574928,13.650764042128895,2.3478175585782872,-0.5243393617778187,1.2631150694808506e-14
78.74413942076472,-37.443472707354964,13.649617751621332,2.347984867125637,-0.5244507862307806,0.0
78.74124725218475,-37.43376945876738,13.648464813205617,2.3481531510050373,-0.5245634221316869,2.1051917824680845e-15
78.7383334804752,-37.424065256483274,13.647305213572697,2.3483224121498663,-0.5246772721129929,-1.0525958912340423e-14
78.7353980645984,-37.41436009698436,13.646138939413504,2.3484926524922582,-0.5247923388074222,2.1051917824680845e-15
78.73244096353605,-37.404653976737194,13.644965977418982,2.3486638739630874,-0.5249086248479754,-4.210383564936169e-15
78.72946213628944,-37.39494689219312,13.64378631428008,2.3488360784919595,-0.525026132867934,2.1051917824680845e-15
78.72646154187923,-37.3852388397882,13.642599936687727,2.349009268007217,-0.525144865500871,-4.210383564936169e-15
78.72343913934561,-37.3755298159432,13.641406831332876,2.349183444435917,-0.5252648253806548,4.210383564936169e-15
78.72039488774814,-37.36581981706344,13.64020698490646,2.349358609703832,-0.5253860151414578,6.315575347404253e-15
78.71732874616588,-37.356108839538834,13.639000384099429,2.3495347657354415,-0.5255084374177625,2.315710960714893e-14
78.71424067369719,-37.346396879743736,13.637787015602715,2.349711914453926,-0.5256320948443699,-2.1051917824680845e-15
78.71113062945997,-37.336683934036934,13.636566866107268,2.3498900577811552,-0.5257569900564036,-2.1051917824680845e-15
