galstreams/tracks/track.st.Gaia-10.ibata2024.ecsv
# %ECSV 1.0
# ---
# datatype:
# - {name: ra, unit: deg, datatype: float64}
# - {name: dec, unit: deg, datatype: float64}
# - {name: distance, unit: kpc, datatype: float64}
# - {name: pm_ra_cosdec, unit: mas / yr, datatype: float64}
# - {name: pm_dec, unit: mas / yr, datatype: float64}
# - {name: radial_velocity, unit: km / s, datatype: float64}
# delimiter: ','
# meta: !!omap
# - __serialized_columns__:
#     dec:
#       __class__: astropy.coordinates.angles.Latitude
#       unit: &id001 !astropy.units.Unit {unit: deg}
#       value: !astropy.table.SerializedColumn {name: dec}
#     distance:
#       __class__: astropy.coordinates.distances.Distance
#       unit: !astropy.units.Unit {unit: kpc}
#       value: !astropy.table.SerializedColumn {name: distance}
#     pm_dec:
#       __class__: astropy.units.quantity.Quantity
#       unit: !astropy.units.Unit {unit: mas / yr}
#       value: !astropy.table.SerializedColumn {name: pm_dec}
#     pm_ra_cosdec:
#       __class__: astropy.units.quantity.Quantity
#       unit: !astropy.units.Unit {unit: mas / yr}
#       value: !astropy.table.SerializedColumn {name: pm_ra_cosdec}
#     ra:
#       __class__: astropy.coordinates.angles.Longitude
#       unit: *id001
#       value: !astropy.table.SerializedColumn {name: ra}
#       wrap_angle: !astropy.coordinates.Angle
#         unit: *id001
#         value: 360.0
#     radial_velocity:
#       __class__: astropy.units.quantity.Quantity
#       unit: !astropy.units.Unit {unit: km / s}
#       value: !astropy.table.SerializedColumn {name: radial_velocity}
# schema: astropy-2.0
ra,dec,distance,pm_ra_cosdec,pm_dec,radial_velocity
[from data line 2022]
166.9403484582672,14.613198452891238,1.000000000000001,-4.9135300210293735,-3.3066073250819397,268.1434009111952
166.95060902237162,14.612104203230023,1.000000000000001,-4.915093836245843,-3.306820055485268,268.0651757800994
166.960869443119,14.61100916745234,1.0000000000000013,-4.9166579347644745,-3.307032484387312,267.9868236416017
166.97112972032426,14.609913344734604,1.000000000000001,-4.918222316874202,-3.307244611412468,267.9083443938528
166.98138985380223,14.608816734253297,1.0000000000000013,-4.919786982863965,-3.307456436185115,267.8297379350035
166.99164984336755,14.607719335184916,1.0000000000000013,-4.92135193302258,-3.3076679583295796,267.7510041632047
167.0019096888348,14.606621146706006,1.000000000000001,-4.9229171676388805,-3.3078791774701646,267.67214297660684
167.01216939001839,14.605522167993149,1.0000000000000013,-4.924482687001584,-3.308090093231133,267.5931542733606
167.02242894673253,14.60442239822296,1.000000000000001,-4.926048491399289,-3.3083007052367215,267.51403795161707
167.03268835879146,14.60332183657208,1.000000000000001,-4.9276145811206895,-3.308511013111101,267.4347939095266
167.04294762600912,14.602220482217207,1.000000000000001,-4.929180956454244,-3.3087210164784544,267.3554220452401
167.05320674819944,14.601118334335066,1.000000000000001,-4.930747617688464,-3.308930714962891,267.27592225690813
167.0634657251761,14.600015392102398,1.000000000000001,-4.932314565111739,-3.309140108188485,267.1962944426817
167.07372455675275,14.59891165469602,1.000000000000001,-4.933881799012422,-3.3093491957792995,267.1165385007112
167.08398324274282,14.597807121292746,1.000000000000001,-4.935449319678751,-3.3095579773593347,267.03665432914767
167.09424178295973,14.596701791069457,1.0000000000000013,-4.937017127399018,-3.30976645255258,266.9566418261415
167.1045001772166,14.595595663203055,1.000000000000001,-4.9385852224613025,-3.309974620982988,266.87650088984367
167.11475842532658,14.59448873687048,1.0000000000000013,-4.940153605153743,-3.3101824822744472,266.7962314184048
167.1250165271026,14.593381011248706,1.000000000000001,-4.941722275764343,-3.3103900360508316,266.7158333099755
167.1352744823574,14.592272485514743,1.0000000000000013,-4.943291234581048,-3.31059728193598,266.63530646270664
167.14553229090373,14.59116315884565,1.000000000000001,-4.944860481891794,-3.310804219553699,266.5546507747489
167.15578995255413,14.590053030418508,1.000000000000001,-4.946430017984392,-3.311010848527749,266.4738661442529
167.16604746712096,14.588942099410433,1.000000000000001,-4.947999843146631,-3.3112171684818517,266.3929524693694
167.17630483441653,14.587830364998592,1.000000000000001,-4.9495699576661885,-3.311423179039714,266.3119096482494
167.186562054253,14.586717826360177,1.000000000000001,-4.951140361830728,-3.311628879824985,266.2307375790433
167.1968191264423,14.585604482672416,1.000000000000001,-4.952711055927816,-3.3118342704612935,266.14943615990194
167.20707605079645,14.584490333112582,1.000000000000001,-4.954282040244999,-3.3120393505722294,266.0680052889759
167.21733282712708,14.583375376857973,1.0000000000000013,-4.955853315069721,-3.31224411978134,265.98644486441606
167.22758945524583,14.582259613085931,1.0000000000000013,-4.957424880689359,-3.3124485777121393,265.90475478437304
167.2378459349642,14.581143040973835,1.0000000000000013,-4.958996737391253,-3.3126527239881263,265.8229349469975
167.24810226609355,14.580025659699096,1.0000000000000013,-4.960568885462678,-3.3128565582327365,265.7409852504405
167.25835844844505,14.57890746843916,1.0000000000000013,-4.962141325190785,-3.3130600800693752,265.6589055928525
167.26861448182984,14.577788466371517,1.000000000000001,-4.963714056862804,-3.3132632891214318,265.57669587238405
167.27887036605884,14.576668652673689,1.0000000000000009,-4.965287080765705,-3.3134661850122473,265.4943559871861
167.28912610094284,14.575548026523222,1.000000000000001,-4.966860397186565,-3.313668767365108,265.41188583540946
167.2993816862926,14.574426587097728,1.0000000000000013,-4.968434006412345,-3.313871035803297,265.3292853152047
167.30963712191863,14.57330433357483,1.000000000000001,-4.9700079087298725,-3.31407298995007,265.2465543247224
167.31989240763133,14.572181265132187,1.000000000000001,-4.9715821044260196,-3.3142746294285956,265.16369276211356
167.33014754324105,14.571057380947522,1.0000000000000013,-4.973156593787518,-3.3144759538620594,265.08070052552875
167.34040252855792,14.569932680198558,1.000000000000001,-4.974731377101083,-3.3146769628735875,264.9975775131187
167.35065736339195,14.568807162063077,1.000000000000001,-4.976306454653338,-3.3148776560862743,264.91432362303414
167.3609120475531,14.567680825718899,1.000000000000001,-4.9778818267308385,-3.315078033123184,264.83093875342576
167.37116658085102,14.566553670343867,1.000000000000001,-4.979457493620112,-3.3152780936073345,264.7474228024444
167.38142096309542,14.56542569511586,1.0000000000000013,-4.981033455607594,-3.315477837161721,264.66377566824065
167.39167519409585,14.564296899212811,1.0000000000000013,-4.9826097129797,-3.315677263409297,264.57999724896524
167.40192927366155,14.563167281812683,1.000000000000001,-4.984186266022677,-3.3158763719729976,264.49608744276895
167.41218320160186,14.562036842093455,1.000000000000001,-4.985763115022845,-3.3160751624756895,264.41204614780247
167.42243697772585,14.560905579233166,1.000000000000001,-4.987340260266343,-3.3162736345402273,264.3278732622165
167.43269060184252,14.559773492409892,1.0000000000000013,-4.98891770203937,-3.316471787789437,264.24356868416174
167.44294407376066,14.558640580801734,1.0000000000000013,-4.990495440627923,-3.3166696218460956,264.159132311789
167.453197393289,14.557506843586825,1.0000000000000013,-4.992073476318032,-3.316867136332945,264.07456404324887
167.46345056023617,14.556372279943352,1.0000000000000013,-4.9936518093956614,-3.3170643308727037,263.9898637766922
167.47370357441056,14.555236889049525,1.0000000000000016,-4.995230440146647,-3.317261205088041,263.90503141026966
167.48395643562054,14.55410067008359,1.0000000000000016,-4.996809368856832,-3.3174577586016056,263.82006684213184
167.49420914367425,14.55296362222385,1.0000000000000013,-4.998388595811978,-3.3176539910360088,263.7349699704298
167.50446169837974,14.551825744648612,1.0000000000000013,-4.9999681212977265,-3.3178499020138137,263.6497406933138
167.514714099545,14.550687036536248,1.0000000000000013,-5.001547945599754,-3.3180454911575694,263.56437890893494
167.52496634697775,14.549547497065149,1.0000000000000013,-5.003128069003591,-3.318240758089768,263.47888451544384
167.53521844048575,14.54840712541375,1.0000000000000013,-5.0047084917947835,-3.318435702432886,263.39325741099105
167.5454703798764,14.547265920760521,1.0000000000000013,-5.0062892142587145,-3.318630323809357,263.3074974937274
167.55572216495722,14.546123882283965,1.0000000000000013,-5.0078702366808,-3.318824621841582,263.22160466180367
167.56597379553543,14.544981009162633,1.0000000000000013,-5.009451559346351,-3.319018596151924,263.1355788133706
167.57622527141817,14.543837300575104,1.0000000000000013,-5.011033182540592,-3.319212246362717,263.04941984657876
167.58647659241245,14.542692755699981,1.0000000000000013,-5.012615106548706,-3.319405572096249,262.963127659579
167.59672775832516,14.541547373715934,1.0000000000000013,-5.01419733165587,-3.319598572974794,262.876702150522
167.60697876896307,14.540401153801637,1.0000000000000013,-5.01577985814712,-3.3197912486205663,262.7901432175584
167.61722962413276,14.53925409513584,1.0000000000000013,-5.017362686307427,-3.3199835986557833,262.703450758839
167.62748032364075,14.538106196897276,1.0000000000000013,-5.018945816421779,-3.320175622702566,262.6166246725145
167.63773086729336,14.536957458264762,1.0000000000000013,-5.020529248775004,-3.3203673203830686,262.5296648567357
167.64798125489685,14.535807878417135,1.000000000000001,-5.022112983651942,-3.3205586913193716,262.44257120965324
167.6582314862573,14.534657456533258,1.0000000000000016,-5.023697021337346,-3.3207497351335284,262.35534362941775
167.6684815611807,14.533506191792045,1.0000000000000013,-5.025281362115905,-3.3209404514475658,262.2679820141801
167.6787314794729,14.532354083372443,1.0000000000000013,-5.0268660062722255,-3.3211308398834642,262.18048626209105
167.68898124093957,14.531201130453436,1.0000000000000016,-5.028450954090909,-3.3213209000631796,262.09285627130106
167.6992308453863,14.530047332214043,1.0000000000000013,-5.030036205856401,-3.3215106316086374,262.0050919399611
167.70948029261857,14.528892687833315,1.0000000000000013,-5.031621761853193,-3.3217000341417062,261.9171931662217
167.71972958244163,14.527737196490348,1.0000000000000013,-5.0332076223656195,-3.321889107284246,261.82915984823376
167.72997871466075,14.526580857364271,1.0000000000000013,-5.034793787678025,-3.3220778506580686,261.7409918841479
167.74022768908094,14.525423669634248,1.0000000000000013,-5.036380258074642,-3.3222662638849645,261.65268917211483
167.75047650550712,14.524265632479485,1.0000000000000013,-5.037967033839658,-3.322454346586669,261.5642516102853
167.76072516374415,14.523106745079215,1.0000000000000013,-5.039554115257225,-3.322642098384904,261.47567909681004
167.77097366359664,14.521947006612727,1.0000000000000013,-5.041141502611369,-3.322829518901349,261.38697152983974
167.78122200486916,14.520786416259314,1.0000000000000013,-5.042729196186148,-3.3230166077576335,261.2981288075253
167.79147018736612,14.519624973198345,1.0000000000000016,-5.044317196265446,-3.3232033645753916,261.209150828017
167.80171821089178,14.5184626766092,1.0000000000000016,-5.045905503133154,-3.32338978897619,261.120037489466
167.81196607525035,14.517299525671296,1.0000000000000013,-5.047494117073132,-3.3235758805815774,261.03078869002286
167.8222137802458,14.516135519564093,1.0000000000000013,-5.04908303836908,-3.3237616390130444,260.9414043278382
167.83246132568203,14.514970657467094,1.0000000000000013,-5.050672267304703,-3.3239470638920867,260.85188430106274
167.84270871136286,14.513804938559831,1.0000000000000013,-5.0522618041636616,-3.3241321548401395,260.7622285078475
167.85295593709185,14.512638362021871,1.0000000000000013,-5.053851649229493,-3.324316911478615,260.67243684634286
167.86320300267258,14.511470927032814,1.0000000000000013,-5.055441802785696,-3.324501333428868,260.58250921469966
167.8734499079084,14.510302632772316,1.0000000000000013,-5.057032265115762,-3.3246854203122567,260.49244551106864
167.8836966526025,14.509133478420054,1.0000000000000013,-5.058623036503015,-3.3248691717500822,260.4022456336005
167.8939432365581,14.50796346315574,1.0000000000000013,-5.060214117230785,-3.3250525873636203,260.31190948044605
167.90418965957815,14.506792586159126,1.0000000000000013,-5.061805507582372,-3.3252356667740948,260.2214369497558
167.91443592146553,14.505620846610016,1.0000000000000013,-5.06339720784093,-3.3254184096027295,260.13082793968067
167.92468202202292,14.504448243688222,1.0000000000000013,-5.0649892182896,-3.325600815470679,260.0400823483713
167.93492796105303,14.503274776573619,1.0000000000000013,-5.0665815392114855,-3.325782883999091,259.9492000739784
167.94517373835825,14.502100444446093,1.0000000000000018,-5.068174170889561,-3.325964614809058,259.85818101465264
167.95541935374095,14.5009252464856,1.0000000000000018,-5.069767113606773,-3.326146007521663,259.76702506854485
167.96566480700338,14.49974918187211,1.0000000000000016,-5.071360367646028,-3.326327061757935,259.6757321338057
167.9759100979476,14.498572249785619,1.0000000000000016,-5.072953933290151,-3.32650777713887,259.5843021085859
167.98615522637562,14.497394449406196,1.0000000000000016,-5.074547810821873,-3.3266881532854455,259.4927348910361
167.99640019208925,14.496215779913914,1.0000000000000016,-5.076142000523946,-3.326868189818594,259.40103037930726
168.0066449948902,14.4950362404889,1.0000000000000016,-5.077736502678977,-3.3270478863592174,259.3091884715498
168.01688963458005,14.493855830311311,1.0000000000000016,-5.07933131756954,-3.32722724252819,259.2172090659145
168.02713411096025,14.492674548561343,1.0000000000000016,-5.080926445478157,-3.3274062579463344,259.1250920605524
168.03737842383214,14.49149239441922,1.0000000000000018,-5.082521886687296,-3.327584932234446,259.03283735361373
168.0476225729969,14.490309367065223,1.0000000000000016,-5.084117641479324,-3.3277632650133118,258.9404448432495
168.05786655825563,14.48912546567966,1.0000000000000018,-5.085713710136609,-3.3279412559036583,258.8479144276105
168.06811037940923,14.487940689442864,1.0000000000000016,-5.087310092941387,-3.328118904526187,258.75524600484715
168.07835403625856,14.486755037535216,1.0000000000000016,-5.088906790175864,-3.3282962105015574,258.6624394731104
168.08859752860428,14.48556850913714,1.0000000000000016,-5.0905038021222,-3.328473173450414,258.569494730551
168.09884085624694,14.484381103429081,1.0000000000000016,-5.092101129062479,-3.3286497929933425,258.4764116753194
168.109084018987,14.483192819591544,1.0000000000000016,-5.093698771278737,-3.3288260687509315,258.38319020556673
168.11932701662477,14.48200365680504,1.0000000000000016,-5.095296729052913,-3.329002000343692,258.2898302194434
168.1295698489604,14.48081361425014,1.0000000000000016,-5.096895002666914,-3.32917758739214,258.1963316151002
168.13981251579392,14.479622691107446,1.0000000000000016,-5.098493592402571,-3.329352829516731,258.10269429068785
168.1500550169253,14.478430886557602,1.0000000000000016,-5.100092498541677,-3.329527726337913,258.00891814435704
168.16029735215434,14.477238199781272,1.0000000000000018,-5.101691721365947,-3.329702277476077,257.9150030742586
168.1705395212807,14.476044629959176,1.0000000000000018,-5.103291261157029,-3.329876482551594,257.820948978543
168.18078152410388,14.474850176272064,1.0000000000000018,-5.104891118196507,-3.330050341184796,257.72675575536135
168.19102336042332,14.473654837900717,1.0000000000000016,-5.106491292765915,-3.3302238529959887,257.6324233028641
168.2012650300383,14.472458614025955,1.0000000000000016,-5.10809178514673,-3.330397017605433,257.537951519202
168.21150653274802,14.471261503828654,1.0000000000000016,-5.109692595620389,-3.330569834633369,257.44334030252577
168.22174786835146,14.470063506489696,1.0000000000000016,-5.111293724468183,-3.3307423036999957,257.3485895509863
168.23198903664755,14.468864621190011,1.0000000000000018,-5.112895171971415,-3.330914424425476,257.2536991627339
168.2422300374351,14.467664847110587,1.0000000000000016,-5.114496938411346,-3.3310861964299647,257.15866903591973
168.25247087051272,14.466464183432423,1.0000000000000016,-5.116099024069118,-3.3312576193335453,257.0634990686942
168.26271153567893,14.465262629336557,1.0000000000000018,-5.117701429225807,-3.3314286927562886,256.9681891592084
168.27295203273218,14.464060184004088,1.0000000000000016,-5.119304154162476,-3.3315994163182516,256.8727392056126
168.28319236147073,14.462856846616116,1.0000000000000016,-5.12090719916014,-3.331769789639413,256.7771491060577
168.29343252169267,14.461652616353811,1.0000000000000016,-5.122510564499649,-3.331939812339755,256.68141875869463
168.3036725131961,14.460447492398364,1.0000000000000016,-5.124114250461908,-3.332109484039224,256.5855480616739
168.31391233577887,14.459241473930991,1.0000000000000018,-5.125718257327728,-3.3322788043576974,256.48953691314614
168.32415198923877,14.458034560132978,1.0000000000000016,-5.1273225853777955,-3.3324477729150797,256.39338521126217
168.33439147337342,14.456826750185622,1.0000000000000016,-5.128927234892803,-3.332616389331193,256.2970928541727
168.34463078798035,14.455618043270256,1.0000000000000016,-5.130532206153381,-3.3327846532258416,256.2006597400286
168.35486993285696,14.45440843856827,1.0000000000000016,-5.13213749944007,-3.3329525642188074,256.1040857669804
168.3651089078005,14.453197935261079,1.0000000000000016,-5.133743115033365,-3.3331201219298325,256.0073708331789
