galstreams/tracks/track.st.Jhelum.ibata2021.ecsv
# %ECSV 0.9
# ---
# datatype:
# - {name: ra, unit: deg, datatype: float64}
# - {name: dec, unit: deg, datatype: float64}
# - {name: distance, unit: kpc, datatype: float64}
# - {name: pm_ra_cosdec, unit: mas / yr, datatype: float64}
# - {name: pm_dec, unit: mas / yr, datatype: float64}
# - {name: radial_velocity, unit: km / s, datatype: float64}
# delimiter: ','
# meta: !!omap
# - __serialized_columns__:
#     dec:
#       __class__: astropy.coordinates.angles.Latitude
#       unit: &id001 !astropy.units.Unit {unit: deg}
#       value: !astropy.table.SerializedColumn {name: dec}
#     distance:
#       __class__: astropy.coordinates.distances.Distance
#       unit: !astropy.units.Unit {unit: kpc}
#       value: !astropy.table.SerializedColumn {name: distance}
#     pm_dec:
#       __class__: astropy.units.quantity.Quantity
#       unit: !astropy.units.Unit {unit: mas / yr}
#       value: !astropy.table.SerializedColumn {name: pm_dec}
#     pm_ra_cosdec:
#       __class__: astropy.units.quantity.Quantity
#       unit: !astropy.units.Unit {unit: mas / yr}
#       value: !astropy.table.SerializedColumn {name: pm_ra_cosdec}
#     ra:
#       __class__: astropy.coordinates.angles.Longitude
#       unit: *id001
#       value: !astropy.table.SerializedColumn {name: ra}
#       wrap_angle: !astropy.coordinates.Angle
#         unit: *id001
#         value: 360.0
#     radial_velocity:
#       __class__: astropy.units.quantity.Quantity
#       unit: !astropy.units.Unit {unit: km / s}
#       value: !astropy.table.SerializedColumn {name: radial_velocity}
# schema: astropy-2.0
ra,dec,distance,pm_ra_cosdec,pm_dec,radial_velocity
[from data line 1526]
346.30153248392884,-51.49806111662869,10.506091697603347,6.84486184771205,-5.142360879553411,-1.6841534259744676e-14
346.28545774058534,-51.497425006002295,10.506804298289463,6.843437784293745,-5.143716073828466,-1.6841534259744677e-13
346.2693834826185,-51.496786310752775,10.507517295995417,6.842013355990757,-5.145070500510299,-5.0524602779234026e-14
346.25330971202334,-51.49614503036144,10.508230689071393,6.840588564414633,-5.146424159287489,-3.368306851948935e-14
346.2372364307958,-51.49550116431012,10.50894447586759,6.839163411177121,-5.147777049849843,-8.420767129872338e-14
346.22116364093216,-51.4948547120812,10.509658654734203,6.8377378978901655,-5.149129171888432,-1.6841534259744677e-13
346.2050913444293,-51.49420567315756,10.510373224021423,6.836312026165912,-5.150480525095561,1.6841534259744676e-14
346.1890195432845,-51.493554047022585,10.511088182079442,6.8348857976167,-5.15183110916481,-1.0104920555846805e-13
346.17294823949555,-51.49289983316022,10.511803527258461,6.833459213855061,-5.153180923790986,-1.347322740779574e-13
346.1568774350609,-51.492243031054926,10.512519257908664,6.832032276493727,-5.154529968670155,-5.0524602779234026e-14
346.1408071319793,-51.49158364019165,10.513235372380255,6.83060498714563,-5.155878243499643,-1.347322740779574e-13
346.12473733225016,-51.490921660055896,10.513951869023415,6.829177347423883,-5.157225747978012,-8.420767129872338e-14
346.10866803787343,-51.490257090133674,10.514668746188349,6.827749358941796,-5.158572481805085,-1.6841534259744676e-14
346.0925992508493,-51.48958992991154,10.515386002225242,6.826321023312871,-5.159918444681942,0.0
346.0765309731787,-51.488920178876555,10.516103635484297,6.824892342150785,-5.161263636310901,-1.347322740779574e-13
346.0604632068631,-51.48824783651629,10.516821644315701,6.823463317069441,-5.1626080563955385,-1.0104920555846805e-13
346.0443959539042,-51.487572902318874,10.517540027069648,6.82203394968289,-5.1639517046406915,-1.0104920555846805e-13
346.02832921630454,-51.48689537577292,10.518258782096334,6.820604241605398,-5.165294580752437,-5.0524602779234026e-14
346.0122629960668,-51.4862152563676,10.518977907745956,6.819174194451394,-5.16663668443811,-8.420767129872338e-14
345.99619729519435,-51.48553254359259,10.519697402368699,6.817743809835519,-5.1679780154063035,1.6841534259744676e-14
345.98013211569105,-51.48484723693809,10.52041726431476,6.81631308937257,-5.169318573366864,-1.515738083377021e-13
345.96406745956125,-51.48415933589484,10.52113749193434,6.8148820346775505,-5.170658358030876,-1.347322740779574e-13
345.9480033288097,-51.483468839954085,10.521858083577621,6.813450647365636,-5.171997369110697,-1.6841534259744676e-14
345.9319397254416,-51.48277574860761,10.522579037594802,6.812018929052185,-5.173335606319936,-1.347322740779574e-13
345.91587665146295,-51.48208006134771,10.52330035233608,6.810586881352736,-5.174673069373439,-6.73661370389787e-14
345.89981410887987,-51.48138177766721,10.524022026151645,6.809154505883006,-5.17600975798733,-1.1789073981821273e-13
345.88375209969905,-51.48068089705947,10.524744057391688,6.807721804258895,-5.1773456718789745,-1.0104920555846805e-13
345.8676906259277,-51.479977419018375,10.525466444406408,6.806288778096477,-5.178680810766992,-8.420767129872338e-14
345.8516296895736,-51.47927134303831,10.526189185546,6.804855429012,-5.180015174371264,-6.73661370389787e-14
345.8355692926448,-51.47856266861423,10.526912279160651,6.803421758621894,-5.181348762412923,-8.420767129872338e-14
345.81950943715,-51.477851395241565,10.527635723600557,6.801987768542761,-5.182681574614362,-1.515738083377021e-13
345.80345012509827,-51.47713752241631,10.528359517215913,6.8005534603913835,-5.184013610699221,-6.73661370389787e-14
345.7873913584992,-51.47642104963495,10.529083658356914,6.799118835784694,-5.185344870392404,-1.515738083377021e-13
345.77133313936275,-51.475701976394554,10.52980814537375,6.797683896339831,-5.186675353420069,0.0
345.75527546969954,-51.47498030219266,10.530532976616618,6.796248643674075,-5.188005059509629,0.0
345.73921835152044,-51.47425602652736,10.53125815043571,6.794813079404889,-5.189333988389755,0.0
345.7231617868369,-51.47352914889726,10.531983665181219,6.793377205149904,-5.19066213979038,-5.0524602779234026e-14
345.70710577766084,-51.47279966880151,10.532709519203342,6.791941022526924,-5.191989513442682,0.0
345.6910503260046,-51.472067585739765,10.533435710852267,6.790504533153912,-5.193316109079108,-6.73661370389787e-14
345.6749954338809,-51.47133289921223,10.534162238478196,6.789067738648992,-5.194641926433354,-8.420767129872338e-14
345.65894110330305,-51.47059560871962,10.534889100431311,6.787630640630471,-5.195966965240382,-1.1789073981821273e-13
345.64288733628484,-51.46985571376318,10.535616295061816,6.786193240716806,-5.197291225236403,-1.6841534259744677e-13
345.6268341348404,-51.469113213844714,10.536343820719901,6.784755540526627,-5.198614706158889,-5.0524602779234026e-14
345.6107815009842,-51.4683681084665,10.53707167575576,6.783317541678708,-5.199937407746582,-6.73661370389787e-14
345.5947294367314,-51.467620397131384,10.537799858519586,6.781879245792011,-5.2012593297394645,-1.0104920555846805e-13
345.57867794409765,-51.46687007934271,10.538528367361572,6.780440654485642,-5.202580471878786,-1.6841534259744676e-14
345.56262702509866,-51.46611715460438,10.539257200631912,6.77900176937886,-5.203900833907059,-5.0524602779234026e-14
345.54657668175093,-51.465361622420815,10.539986356680803,6.777562592091097,-5.205220415568048,-1.6841534259744677e-13
345.53052691607127,-51.464603482296965,10.540715833858435,6.776123124241938,-5.206539216606778,-1.6841534259744677e-13
345.514477730077,-51.463842733738296,10.541445630515005,6.774683367451125,-5.207857236769536,-1.515738083377021e-13
345.4984291257858,-51.46307937625082,10.542175745000701,6.773243323338552,-5.209174475803869,-8.420767129872338e-14
345.48238110521584,-51.462313409341064,10.542906175665722,6.771802993524269,-5.210490933458582,-1.1789073981821273e-13
345.4663336703856,-51.461544832516104,10.54363692086026,6.770362379628479,-5.211806609483739,-1.347322740779574e-13
345.4502868233143,-51.46077364528352,10.544367978934508,6.76892148327154,-5.213121503630667,-8.420767129872338e-14
345.4342405660212,-51.45999984715142,10.545099348238661,6.767480306073963,-5.214435615651947,1.6841534259744676e-14
345.4181949005262,-51.45922343762848,10.545831027122908,6.766038849656404,-5.21574894530144,-6.73661370389787e-14
345.40214982884964,-51.458444416223884,10.546563013937451,6.7645971156396705,-5.2170614923342375,-6.73661370389787e-14
345.3861053530122,-51.45766278244734,10.547295307032478,6.763155105644721,-5.218373256506718,-1.515738083377021e-13
345.3700614750352,-51.45687853580908,10.548027904758182,6.761712821292668,-5.2196842375765025,-1.0104920555846805e-13
345.35401819694,-51.456091675819884,10.548760805464763,6.760270264204755,-5.220994435302485,-5.0524602779234026e-14
345.33797552074867,-51.45530220199107,10.549494007502405,6.758827436002384,-5.222303849444822,-1.6841534259744676e-14
345.3219334484836,-51.454510113834424,10.55022750922131,6.757384338307101,-5.223612479764924,-1.347322740779574e-13
345.3058919821677,-51.453715410862365,10.550961308971667,6.755940972740588,-5.2249203260254635,-1.6841534259744676e-14
345.289851123824,-51.452918092587765,10.551695405103672,6.754497340924675,-5.226227387990386,-1.0104920555846805e-13
345.27381087547644,-51.45211815852406,10.55242979596752,6.753053444481339,-5.227533665424879,-5.0524602779234026e-14
345.2577712391489,-51.45131560818519,10.553164479913397,6.7516092850326945,-5.228839158095415,-1.1789073981821273e-13
345.2417322168659,-51.45051044108566,10.553899455291509,6.7501648642009835,-5.230143865769712,-6.73661370389787e-14
345.2256938106523,-51.44970265674049,10.55463472045204,6.74872018360861,-5.231447788216756,-1.0104920555846805e-13
345.2096560225334,-51.44889225466523,10.555370273745185,6.7472752448781,-5.232750925206803,-1.347322740779574e-13
345.193618854535,-51.448079234375975,10.556106113521142,6.74583004963212,-5.234053276511357,-5.0524602779234026e-14
345.177582308683,-51.447263595389316,10.556842238130098,6.744384599493479,-5.235354841903203,-1.347322740779574e-13
345.161546387004,-51.44644533722243,10.557578645922256,6.742938896085113,-5.236655621156368,-1.1789073981821273e-13
345.14551109152495,-51.44562445939297,10.558315335247798,6.7414929410300966,-5.237955614046163,-1.6841534259744676e-14
345.12947642427304,-51.444800961419176,10.559052304456928,6.74004673595163,-5.239254820349154,-1.515738083377021e-13
345.113442387276,-51.44397484281979,10.559789551899838,6.738600282473058,-5.240553239843161,-1.1789073981821273e-13
345.097408982562,-51.44314610311409,10.560527075926718,6.737153582217853,-5.241850872307284,3.368306851948935e-14
345.08137621215934,-51.44231474182187,10.561264874887758,6.735706636809618,-5.243147717521882,-6.73661370389787e-14
345.065344078097,-51.44148075846348,10.56200294713316,6.734259447872073,-5.244443775268574,-1.347322740779574e-13
345.04931258240424,-51.44064415255983,10.562741291013117,6.732812017029081,-5.245739045330238,-1.6841534259744676e-14
345.0332817271106,-51.43980492363229,10.563479904877818,6.731364345904629,-5.247033527491036,-8.420767129872338e-14
345.0172515142462,-51.438963071202835,10.56421878707746,6.729916436122827,-5.248327221536378,-1.515738083377021e-13
345.00122194584145,-51.43811859479391,10.564957935962232,6.728468289307923,-5.249620127252937,-1.515738083377021e-13
344.9851930239271,-51.437271493928556,10.565697349882333,6.727019907084268,-5.250912244428658,-3.368306851948935e-14
344.9691647505343,-51.436421768130316,10.566437027187956,6.725571291076349,-5.2522035728527605,-1.1789073981821273e-13
344.9531371276946,-51.43556941692328,10.56717696622929,6.724122442908779,-5.253494112315709,-8.420767129872338e-14
344.93711015744003,-51.434714439832014,10.567917165356535,6.722673364206293,-5.25478386260924,-1.6841534259744676e-14
344.9210838418027,-51.43385683638171,10.568657622919885,6.721224056593728,-5.256072823526365,-1.1789073981821273e-13
344.9050581828155,-51.43299660609804,10.569398337269524,6.7197745216960705,-5.257360994861353,-8.420767129872338e-14
344.8890331825113,-51.43213374850722,10.570139306755657,6.7183247611383985,-5.2586483764097345,-3.368306851948935e-14
344.8730088429236,-51.43126826313598,10.570880529728468,6.716874776545925,-5.2599349679683165,-6.73661370389787e-14
344.85698516608613,-51.430400149511655,10.57162200453816,6.715424569543972,-5.2612207693351625,1.6841534259744676e-14
344.840962154033,-51.42952940716202,10.57236372953492,6.713974141757973,-5.262505780309608,0.0
344.8249398087988,-51.42865603561545,10.573105703068942,6.712523494813494,-5.263790000692257,-1.347322740779574e-13
344.80891813241834,-51.42778003440083,10.573847923490426,6.7110726303362,-5.265073430284964,-6.73661370389787e-14
344.79289712692685,-51.4269014030476,10.57459038914956,6.709621549951865,-5.26635606889087,-1.8525687685719145e-13
344.77687679435996,-51.42602014108572,10.575333098396538,6.708170255286388,-5.267637916314364,-8.420767129872338e-14
344.7608571367536,-51.42513624804567,10.576076049581555,6.706718747965773,-5.268918972361119,-3.368306851948935e-14
344.74483815614406,-51.4242497234585,10.576819241054805,6.705267029616134,-5.270199236838069,-5.0524602779234026e-14
344.7288198545679,-51.42336056685577,10.57756267116648,6.7038151018636905,-5.27147870955341,-1.1789073981821273e-13
344.71280223406234,-51.422468777769595,10.578306338266774,6.702362966334775,-5.272757390316604,-5.0524602779234026e-14
344.69678529666453,-51.4215743557326,10.57905024070588,6.700910624655829,-5.274035278938385,-1.6841534259744676e-14
344.6807690444123,-51.42067730027797,10.579794376833993,6.6994580784533895,-5.275312375230762,-1.515738083377021e-13
344.6647534793436,-51.41977761093944,10.580538745001311,6.698005329354108,-5.276588679006983,-6.73661370389787e-14
344.6487386034968,-51.41887528725122,10.581283343558018,6.696552378984741,-5.277864190081603,-1.347322740779574e-13
344.63272441891075,-51.41797032874811,10.582028170854315,6.695099228972144,-5.27913890827041,-6.73661370389787e-14
344.6167109276245,-51.41706273496545,10.582773225240397,6.693645880943274,-5.28041283339048,-3.368306851948935e-14
344.60069813167735,-51.41615250543909,10.583518505066452,6.692192336525182,-5.281685965260154,-1.6841534259744677e-13
344.5846860331092,-51.415239639705426,10.584264008682675,6.69073859734504,-5.282958303699027,1.6841534259744676e-14
344.56867463396003,-51.414324137301385,10.585009734439263,6.6892846650300966,-5.284229848527984,-2.020984111169361e-13
344.5526639362703,-51.41340599776446,10.585755680686406,6.687830541207718,-5.285500599569157,-1.347322740779574e-13
344.5366539420807,-51.41248522063263,10.586501845774295,6.686376227505353,-5.28677055664596,-1.6841534259744677e-13
344.52064465343244,-51.41156180544446,10.587248228053133,6.684921725550552,-5.288039719583068,-6.73661370389787e-14
344.5046360723668,-51.41063575173902,10.587994825873105,6.683467036970959,-5.289308088206429,-1.515738083377021e-13
344.4886282009256,-51.40970705905595,10.58874163758441,6.682012163394318,-5.290575662343255,-6.73661370389787e-14
344.47262104115083,-51.40877572693539,10.58948866153724,6.680557106448463,-5.2918424418220305,3.368306851948935e-14
344.4566145950849,-51.40784175491804,10.59023589608179,6.679101867761311,-5.29310842647251,-1.515738083377021e-13
344.4406088647705,-51.40690514254514,10.59098333956825,6.677646448960891,-5.294373616125705,-3.368306851948935e-14
344.4246038522507,-51.405965889358455,10.591730990346814,6.676190851675298,-5.295638010613917,-1.515738083377021e-13
344.4085995595688,-51.40502399490031,10.59247884676768,6.6747350775327385,-5.296901609770693,-1.6841534259744677e-13
344.3925959887685,-51.40407945871355,10.593226907181037,6.673279128161495,-5.298164413430859,-6.73661370389787e-14
344.3765931418937,-51.40313228034154,10.593975169937083,6.671823005189934,-5.299426421430519,-1.0104920555846805e-13
344.36059102098875,-51.402182459328245,10.594723633386009,6.670366710246523,-5.300687633607031,3.368306851948935e-14
344.34458962809816,-51.40122999521808,10.595472295878011,6.668910244959797,-5.301948049799034,-1.515738083377021e-13
344.3285889652669,-51.40027488755609,10.59622115576328,6.6674536109584,-5.303207669846426,-1.8525687685719145e-13
344.31258903454017,-51.3993171358878,10.596970211392007,6.665996809871034,-5.304466493590381,-6.73661370389787e-14
344.29658983796344,-51.39835673975929,10.597719461114393,6.664539843326487,-5.3057245208733415,-1.1789073981821273e-13
344.28059137758254,-51.39739369871721,10.598468903280624,6.6630827129536545,-5.306981751539022,-1.6841534259744676e-14
344.2645936554436,-51.39642801230867,10.599218536240903,6.661625420381477,-5.3082381854324,-1.6841534259744677e-13
344.2485966735931,-51.3954596800814,10.599968358345414,6.6601679672389995,-5.309493822399723,-3.368306851948935e-14
344.23260043407765,-51.39448870158362,10.600718367944353,6.658710355155336,-5.310748662288519,-1.1789073981821273e-13
344.2166049389443,-51.39351507636414,10.60146856338792,6.657252585759678,-5.312002704947572,-3.368306851948935e-14
344.2006101902403,-51.39253880397224,10.6022189430263,6.6557946606812965,-5.313255950226949,-1.8525687685719145e-13
344.1846161900134,-51.3915598839578,10.602969505209696,6.654336581549539,-5.314508397977964,-5.0524602779234026e-14
344.1686229403113,-51.390578315871224,10.603720248288296,6.6528783499938156,-5.315760048053235,-1.6841534259744677e-13
344.1526304431823,-51.38959409926341,10.604471170612292,6.651419967643636,-5.317010900306621,-1.515738083377021e-13
344.1366387006749,-51.388607233685875,10.60522227053188,6.649961436128557,-5.318260954593265,-1.515738083377021e-13
344.12064771483773,-51.38761771869063,10.605973546397253,6.648502757078219,-5.319510210769574,-6.73661370389787e-14
344.1046574877198,-51.38662555383023,10.606724996558608,6.647043932122332,-5.3207586686932355,-5.0524602779234026e-14
