galstreams/tracks/track.st.M92.sollima2020.ecsv
# %ECSV 0.9
# ---
# datatype:
# - {name: ra, unit: deg, datatype: float64}
# - {name: dec, unit: deg, datatype: float64}
# - {name: distance, unit: kpc, datatype: float64}
# - {name: pm_ra_cosdec, unit: mas / yr, datatype: float64}
# - {name: pm_dec, unit: mas / yr, datatype: float64}
# - {name: radial_velocity, unit: km / s, datatype: float64}
# delimiter: ','
# meta: !!omap
# - __serialized_columns__:
#     dec:
#       __class__: astropy.coordinates.angles.Latitude
#       unit: &id001 !astropy.units.Unit {unit: deg}
#       value: !astropy.table.SerializedColumn {name: dec}
#     distance:
#       __class__: astropy.coordinates.distances.Distance
#       unit: !astropy.units.Unit {unit: kpc}
#       value: !astropy.table.SerializedColumn {name: distance}
#     pm_dec:
#       __class__: astropy.units.quantity.Quantity
#       unit: !astropy.units.Unit {unit: mas / yr}
#       value: !astropy.table.SerializedColumn {name: pm_dec}
#     pm_ra_cosdec:
#       __class__: astropy.units.quantity.Quantity
#       unit: !astropy.units.Unit {unit: mas / yr}
#       value: !astropy.table.SerializedColumn {name: pm_ra_cosdec}
#     ra:
#       __class__: astropy.coordinates.angles.Longitude
#       unit: *id001
#       value: !astropy.table.SerializedColumn {name: ra}
#       wrap_angle: !astropy.coordinates.Angle
#         unit: *id001
#         value: 360.0
#     radial_velocity:
#       __class__: astropy.units.quantity.Quantity
#       unit: !astropy.units.Unit {unit: km / s}
#       value: !astropy.table.SerializedColumn {name: radial_velocity}
# schema: astropy-2.0
ra,dec,distance,pm_ra_cosdec,pm_dec,radial_velocity
[from data line 245]
258.27603710004917,43.0276262830054,8.099999999999996,0.0,0.0,0.0
258.2916372946399,43.032491413966646,8.099999999999996,0.0,0.0,0.0
258.30721560749276,43.03727352359282,8.099999999999996,0.0,0.0,0.0
258.3227720673559,43.041972943254216,8.099999999999996,0.0,0.0,0.0
258.3383067056932,43.04659001154012,8.099999999999996,0.0,0.0,0.0
258.3538195566402,43.051125074083956,8.099999999999996,0.0,0.0,0.0
258.3693106569612,43.05557848338953,8.099999999999996,0.0,0.0,0.0
258.3847800460047,43.059950598658546,8.099999999999994,0.0,0.0,0.0
258.40022776566065,43.06424178561935,8.099999999999996,0.0,0.0,0.0
258.4156538603155,43.06845241635684,8.099999999999994,0.0,0.0,0.0
258.43105837680946,43.072582869143666,8.099999999999996,0.0,0.0,0.0
258.4464413643923,43.07663352827256,8.099999999999996,0.0,0.0,0.0
258.46180287467985,43.080604783889925,8.099999999999996,0.0,0.0,0.0
258.4771429616103,43.084497031830715,8.099999999999996,0.0,0.0,0.0
258.4924616814,43.08831067345436,8.099999999999996,0.0,0.0,0.0
258.5077590925008,43.09204611548199,8.099999999999994,0.0,0.0,0.0
258.52303525555544,43.09570376983499,8.099999999999996,0.0,0.0,0.0
258.5382902333544,43.09928405347456,8.099999999999996,0.0,0.0,0.0
258.5535240907923,43.102787388242604,8.099999999999998,0.0,0.0,0.0
258.5687368948244,43.10621420070386,8.099999999999996,0.0,0.0,0.0
258.58392871442305,43.10956492198912,8.099999999999998,0.0,0.0,0.0
258.59909962053456,43.11283998763978,8.099999999999996,0.0,0.0,0.0
258.6142496860354,43.11603983745361,8.099999999999996,0.0,0.0,0.0
258.6293789856893,43.11916491533153,8.099999999999998,0.0,0.0,0.0
258.64448759610383,43.122215669125914,8.099999999999994,0.0,0.0,0.0
258.65957559568744,43.12519255048985,8.099999999999998,0.0,0.0,0.0
258.67464306460613,43.128096014727696,8.099999999999996,0.0,0.0,0.0
258.68969008474085,43.13092652064687,8.099999999999994,0.0,0.0,0.0
258.70471673964437,43.13368453041082,8.099999999999996,0.0,0.0,0.0
258.71972311449844,43.13637050939322,8.099999999999996,0.0,0.0,0.0
258.73470929607146,43.13898492603327,8.099999999999996,0.0,0.0,0.0
258.7496753726756,43.14152825169243,8.099999999999998,0.0,0.0,0.0
258.76462143412425,43.14400096051214,8.099999999999996,0.0,0.0,0.0
258.77954757168993,43.14640352927282,8.099999999999998,0.0,0.0,0.0
258.794453878062,43.14873643725412,8.099999999999998,0.0,0.0,0.0
258.8093404473044,43.15100016609633,8.099999999999998,0.0,0.0,0.0
258.82420737481385,43.15319519966301,8.099999999999998,0.0,0.0,0.0
258.83905475727784,43.15532202390479,8.099999999999998,0.0,0.0,0.0
258.8538826926331,43.15738112672442,8.099999999999998,0.0,0.0,0.0
258.8686912800237,43.15937299784303,8.1,0.0,0.0,0.0
258.8834806197601,43.16129812866751,8.099999999999998,0.0,0.0,0.0
258.8982508132775,43.16315701215926,8.099999999999998,0.0,0.0,0.0
258.9130019630949,43.164950142703916,8.099999999999998,0.0,0.0,0.0
258.9277341727739,43.16667801598244,8.099999999999998,0.0,0.0,0.0
258.94244754687827,43.16834112884341,8.099999999999998,0.0,0.0,0.0
258.95714219093315,43.16993997917638,8.099999999999996,0.0,0.0,0.0
258.97181821138446,43.171475065786645,8.1,0.0,0.0,0.0
258.98647571555875,43.172946888270985,8.099999999999998,0.0,0.0,0.0
259.00111481162315,43.17435594689478,8.099999999999996,0.0,0.0,0.0
259.01573560854536,43.17570274247023,8.099999999999998,0.0,0.0,0.0
259.030338216054,43.17698777623579,8.099999999999998,0.0,0.0,0.0
259.04492274459886,43.17821154973688,8.099999999999998,0.0,0.0,0.0
259.05948930531184,43.179374564707665,8.099999999999998,0.0,0.0,0.0
259.07403800996775,43.18047732295408,8.099999999999998,0.0,0.0,0.0
259.08856897094523,43.181520326238164,8.099999999999998,0.0,0.0,0.0
259.103082301188,43.18250407616343,8.099999999999996,0.0,0.0,0.0
259.11757811416675,43.18342907406147,8.099999999999998,0.0,0.0,0.0
259.1320565238401,43.18429582087987,8.099999999999998,0.0,0.0,0.0
259.14651764461735,43.185104817071156,8.099999999999996,0.0,0.0,0.0
259.16096159131985,43.185856562483046,8.099999999999998,0.0,0.0,0.0
259.17538847914403,43.18655155624989,8.099999999999998,0.0,0.0,0.0
259.1897984236235,43.187190296685216,8.099999999999998,0.0,0.0,0.0
259.20419154059215,43.187773281175616,8.099999999999998,0.0,0.0,0.0
259.21856794614695,43.18830100607566,8.099999999999996,0.0,0.0,0.0
259.2329277566115,43.18877396660416,8.099999999999998,0.0,0.0,0.0
259.24727108849964,43.18919265674149,8.099999999999998,0.0,0.0,0.0
259.26159805847885,43.18955756912821,8.1,0.0,0.0,0.0
259.27590878333456,43.189869194964835,8.099999999999996,0.0,0.0,0.0
259.2902033799345,43.190128023912735,8.099999999999998,0.0,0.0,0.0
259.30448196519296,43.19033454399635,8.099999999999998,0.0,0.0,0.0
259.31874465603596,43.19048924150653,8.1,0.0,0.0,0.0
259.33299156936596,43.19059260090504,8.099999999999998,0.0,0.0,0.0
259.3472228220275,43.19064510473031,8.099999999999996,0.0,0.0,0.0
259.36143853077243,43.19064723350431,8.099999999999998,0.0,0.0,0.0
259.3756388122262,43.1905994656407,8.099999999999996,0.0,0.0,0.0
259.38982378285374,43.19050227735411,8.099999999999998,0.0,0.0,0.0
259.4039935589258,43.19035614257061,8.099999999999998,0.0,0.0,0.0
259.41814825648584,43.19016153283938,8.099999999999996,0.0,0.0,0.0
259.432287991317,43.18991891724559,8.099999999999998,0.0,0.0,0.0
259.44641287890937,43.189628762324425,8.099999999999998,0.0,0.0,0.0
259.4605230344272,43.189291531976316,8.099999999999998,0.0,0.0,0.0
259.4746185726771,43.18890768738342,8.099999999999998,0.0,0.0,0.0
259.48869960807633,43.1884776869271,8.099999999999998,0.0,0.0,0.0
259.50276625462067,43.188001986106904,8.099999999999996,0.0,0.0,0.0
259.51681862585343,43.18748103746035,8.099999999999998,0.0,0.0,0.0
259.53085683483476,43.186915290484244,8.099999999999996,0.0,0.0,0.0
259.5448809941105,43.18630519155696,8.099999999999998,0.0,0.0,0.0
259.558891215682,43.18565118386199,8.099999999999996,0.0,0.0,0.0
259.5728876109762,43.18495370731266,8.099999999999998,0.0,0.0,0.0
259.5868702908156,43.18421319847803,8.099999999999998,0.0,0.0,0.0
259.6008393653893,43.183430090510065,8.099999999999998,0.0,0.0,0.0
259.614794944223,43.182604813071755,8.099999999999998,0.0,0.0,0.0
259.6287371361512,43.1817377922667,8.099999999999998,0.0,0.0,0.0
259.6426660492881,43.18082945056973,8.099999999999996,0.0,0.0,0.0
259.6565817909996,43.17988020675868,8.099999999999998,0.0,0.0,0.0
259.67048446787544,43.17889047584744,8.099999999999996,0.0,0.0,0.0
259.68437418570164,43.17786066902009,8.099999999999998,0.0,0.0,0.0
259.6982510494333,43.17679119356637,8.099999999999998,0.0,0.0,0.0
259.71211516316805,43.175682452818116,8.099999999999998,0.0,0.0,0.0
259.725966630119,43.17453484608705,8.099999999999998,0.0,0.0,0.0
259.7398055525888,43.173348768603724,8.099999999999996,0.0,0.0,0.0
259.75363203194394,43.17212461145753,8.099999999999998,0.0,0.0,0.0
259.76744616858906,43.17086276153804,8.099999999999998,0.0,0.0,0.0
259.7812480619416,43.16956360147744,8.1,0.0,0.0,0.0
259.7950378104074,43.16822750959417,8.099999999999996,0.0,0.0,0.0
259.80881551135565,43.1668548598377,8.099999999999998,0.0,0.0,0.0
259.82258126109525,43.165446021734574,8.099999999999998,0.0,0.0,0.0
259.8363351548508,43.16400136033553,8.099999999999998,0.0,0.0,0.0
259.850077286739,43.16252123616392,8.099999999999998,0.0,0.0,0.0
259.8638077497458,43.16100600516514,8.099999999999998,0.0,0.0,0.0
259.87752663570336,43.15945601865738,8.099999999999998,0.0,0.0,0.0
259.89123403526816,43.15787162328353,8.099999999999998,0.0,0.0,0.0
259.90493003789817,43.15625316096425,8.099999999999998,0.0,0.0,0.0
259.91861473183206,43.15460096885205,8.1,0.0,0.0,0.0
259.9322882040672,43.152915379286945,8.099999999999998,0.0,0.0,0.0
259.94595054033914,43.15119671975286,8.1,0.0,0.0,0.0
259.95960182510055,43.14944531283544,8.1,0.0,0.0,0.0
259.9732421415016,43.14766147618103,8.1,0.0,0.0,0.0
259.9868715713695,43.14584552245671,8.1,0.0,0.0,0.0
260.0004901951894,43.143997759311695,8.1,0.0,0.0,0.0
260.01409809208513,43.14211848933964,8.1,0.0,0.0,0.0
260.0276953398004,43.140208010042464,8.1,0.0,0.0,0.0
260.0412820146807,43.138266613795004,8.1,0.0,0.0,0.0
260.05485819165466,43.13629458781107,8.1,0.0,0.0,0.0
260.0684239442173,43.13429221411064,8.1,0.0,0.0,0.0
260.08197934441193,43.13225976948806,8.1,0.0,0.0,0.0
260.095524462814,43.13019752548173,8.1,0.0,0.0,0.0
260.1090593685141,43.12810574834461,8.1,0.0,0.0,0.0
260.12258412910205,43.125984699016165,8.1,0.0,0.0,0.0
260.1360988106513,43.12383463309538,8.099999999999998,0.0,0.0,0.0
260.1496034777033,43.12165580081492,8.1,0.0,0.0,0.0
260.1630981932528,43.11944844701649,8.1,0.0,0.0,0.0
260.17658301873325,43.11721281112742,8.1,0.0,0.0,0.0
260.1900580140026,43.11494912713831,8.1,0.0,0.0,0.0
260.20352323732953,43.112657623581946,8.1,0.0,0.0,0.0
260.21697874538006,43.110338523513306,8.100000000000001,0.0,0.0,0.0
260.23042459320453,43.107992044490814,8.1,0.0,0.0,0.0
260.24386083422513,43.10561839855871,8.100000000000001,0.0,0.0,0.0
260.25728752022354,43.1032177922306,8.1,0.0,0.0,0.0
260.2707047013294,43.10079042647416,8.1,0.0,0.0,0.0
260.2841124260087,43.09833649669706,8.1,0.0,0.0,0.0
260.29751074105263,43.09585619273401,8.100000000000001,0.0,0.0,0.0
260.3108996915675,43.09334969883496,8.099999999999998,0.0,0.0,0.0
260.32427932096425,43.090817193654544,8.1,0.0,0.0,0.0
260.3376496709486,43.08825885024259,8.1,0.0,0.0,0.0
260.3510107815119,43.085674836035885,8.1,0.0,0.0,0.0
260.36436269092206,43.08306531285105,8.099999999999998,0.0,0.0,0.0
260.37770543571486,43.08043043687859,8.1,0.0,0.0,0.0
260.39103905068635,43.077770358678194,8.100000000000001,0.0,0.0,0.0
260.40436356888443,43.07508522317501,8.099999999999998,0.0,0.0,0.0
260.41767902160217,43.07237516965728,8.1,0.0,0.0,0.0
260.43098543837056,43.06964033177505,8.099999999999998,0.0,0.0,0.0
260.44428284695204,43.066880837540054,8.1,0.0,0.0,0.0
260.4575712733348,43.064096809326784,8.1,0.0,0.0,0.0
260.4708507417268,43.06128836387467,8.099999999999998,0.0,0.0,0.0
260.48412127455083,43.05845561229147,8.1,0.0,0.0,0.0
260.4973828924395,43.05559866005783,8.1,0.0,0.0,0.0
260.510635614231,43.05271760703302,8.099999999999998,0.0,0.0,0.0
260.52387945696535,43.04981254746169,8.1,0.0,0.0,0.0
260.5371144358807,43.046883569982064,8.1,0.0,0.0,0.0
260.5503405644103,43.04393075763498,8.1,0.0,0.0,0.0
260.5635578541799,43.040954187874355,8.100000000000001,0.0,0.0,0.0
260.57676631500567,43.037953932578645,8.1,0.0,0.0,0.0
260.5899659548923,43.03493005806358,8.1,0.0,0.0,0.0
260.6031567800316,43.031882625095896,8.099999999999998,0.0,0.0,0.0
260.61633879480206,43.02881168890847,8.099999999999998,0.0,0.0,0.0
260.62951200176764,43.02571729921638,8.1,0.0,0.0,0.0
260.64267640167856,43.02259950023428,8.1,0.0,0.0,0.0
260.65583199347134,43.01945833069486,8.1,0.0,0.0,0.0
260.66897877426953,43.016293823868516,8.1,0.0,0.0,0.0
260.68211673938555,43.01310600758405,8.099999999999998,0.0,0.0,0.0
260.6952458823219,43.00989490425077,8.099999999999998,0.0,0.0,0.0
260.70836619477376,43.00666053088151,8.099999999999998,0.0,0.0,0.0
260.7214776666316,43.00340289911691,8.099999999999998,0.0,0.0,0.0
260.734580285984,43.0001220152509,8.099999999999998,0.0,0.0,0.0
260.7476740391219,42.99681788025724,8.100000000000001,0.0,0.0,0.0
260.7607589105417,42.99349048981729,8.1,0.0,0.0,0.0
260.77383488295067,42.99013983434887,8.1,0.0,0.0,0.0
260.78690193727124,42.986765899036385,8.1,0.0,0.0,0.0
260.7999600526467,42.98336866386201,8.1,0.0,0.0,0.0
260.8130092064471,42.97994810363802,8.1,0.0,0.0,0.0
260.8260493742752,42.97650418804041,8.1,0.0,0.0,0.0
260.8390805299737,42.97303688164346,8.1,0.0,0.0,0.0
260.8521026456324,42.96954614395565,8.1,0.0,0.0,0.0
260.8651156915955,42.96603192945665,8.100000000000001,0.0,0.0,0.0
260.8781196364706,42.962494187635414,8.1,0.0,0.0,0.0
260.89111444713643,42.95893286302952,8.1,0.0,0.0,0.0
260.90410008875256,42.9553478952656,8.1,0.0,0.0,0.0
260.91707652476885,42.95173921910095,8.099999999999998,0.0,0.0,0.0
260.9300437169354,42.94810676446628,8.1,0.0,0.0,0.0
260.9430016253133,42.94445045650964,8.1,0.0,0.0,0.0
260.95595020828546,42.94077021564148,8.1,0.0,0.0,0.0
260.96888942256834,42.93706595758079,8.1,0.0,0.0,0.0
260.98181922322345,42.9333375934026,8.100000000000001,0.0,0.0,0.0
260.99473956367046,42.929585029586384,8.099999999999998,0.0,0.0,0.0
261.00765039569956,42.92580816806573,8.100000000000001,0.0,0.0,0.0
261.02055166948514,42.92200690627922,8.099999999999998,0.0,0.0,0.0
261.03344333359973,42.91818113722236,8.099999999999998,0.0,0.0,0.0
261.0463253350282,42.91433074950067,8.1,0.0,0.0,0.0
261.059197619183,42.91045562738399,8.100000000000001,0.0,0.0,0.0
261.07206012991895,42.906555650861826,8.1,0.0,0.0,0.0
261.0849128095496,42.90263069570004,8.1,0.0,0.0,0.0
261.0977555988634,42.898680633498394,8.1,0.0,0.0,0.0
261.1105884371405,42.89470533174954,8.1,0.0,0.0,0.0
261.12341126217,42.89070465389895,8.1,0.0,0.0,0.0
261.1362240102683,42.88667845940609,8.099999999999998,0.0,0.0,0.0
261.14902661629645,42.88262660380673,8.1,0.0,0.0,0.0
261.1618190136799,42.87854893877638,8.1,0.0,0.0,0.0
261.1746011344275,42.874445312194865,8.1,0.0,0.0,0.0
261.1873729091511,42.87031556821209,8.1,0.0,0.0,0.0
261.2001342670861,42.8661595473149,8.1,0.0,0.0,0.0
261.21288513611245,42.861977086395115,8.1,0.0,0.0,0.0
261.2256254427755,42.85776801881871,8.1,0.0,0.0,0.0
261.23835511230817,42.8535321744961,8.1,0.0,0.0,0.0
261.25107406865345,42.84926937995367,8.100000000000001,0.0,0.0,0.0
261.2637822344868,42.844979458406286,8.1,0.0,0.0,0.0
261.27647953124006,42.84066222983111,8.100000000000001,0.0,0.0,0.0
261.28916587912465,42.83631751104248,8.1,0.0,0.0,0.0
261.3018411971566,42.83194511576793,8.1,0.0,0.0,0.0
261.314505403181,42.82754485472535,8.099999999999998,0.0,0.0,0.0
261.32715841389796,42.82311653570138,8.099999999999998,0.0,0.0,0.0
261.3398001448876,42.81865996363073,8.099999999999998,0.0,0.0,0.0
261.35243051063765,42.81417494067698,8.1,0.0,0.0,0.0
261.36504942456946,42.809661266314095,8.099999999999998,0.0,0.0,0.0
261.37765679906596,42.8051187374095,8.1,0.0,0.0,0.0
261.39025254549966,42.80054714830799,8.1,0.0,0.0,0.0
261.40283657426096,42.79594629091696,8.1,0.0,0.0,0.0
261.4154087947872,42.79131595479262,8.1,0.0,0.0,0.0
261.4279691155926,42.7866559272276,8.1,0.0,0.0,0.0
261.44051744429777,42.781965993339334,8.1,0.0,0.0,0.0
261.4530536876609,42.777245936159915,8.1,0.0,0.0,0.0
261.4655777516083,42.772495536726936,8.1,0.0,0.0,0.0
261.4780895412666,42.76771457417542,8.1,0.0,0.0,0.0
261.49058896099484,42.762902825831084,8.1,0.0,0.0,0.0
261.5030759144167,42.75806006730445,8.1,0.0,0.0,0.0
261.5155503044545,42.7531860725864,8.100000000000001,0.0,0.0,0.0
261.5280120333622,42.74828061414466,8.1,0.0,0.0,0.0
261.5404610027604,42.74334346302146,8.100000000000001,0.0,0.0,0.0
261.55289711367084,42.738374388932414,8.1,0.0,0.0,0.0
261.56532026655157,42.73337316036643,8.1,0.0,0.0,0.0
261.57773036133324,42.728339544686854,8.100000000000001,0.0,0.0,0.0
261.59012729745535,42.72327330823364,8.1,0.0,0.0,0.0
261.6025109739032,42.71817421642675,8.1,0.0,0.0,0.0
261.6148812892452,42.71304203387067,8.099999999999998,0.0,0.0,0.0
261.6272381416715,42.70787652445997,8.1,0.0,0.0,0.0
261.63958142903186,42.702677451486174,8.099999999999998,0.0,0.0,0.0
261.6519110488751,42.69744457774558,8.099999999999996,0.0,0.0,0.0
261.6642268984887,42.69217766564835,8.099999999999998,0.0,0.0,0.0
261.676528874939,42.68687647732865,8.1,0.0,0.0,0.0
261.68881687511174,42.68154077475595,8.099999999999998,0.0,0.0,0.0
261.7010907957535,42.67617031984749,8.099999999999996,0.0,0.0,0.0
261.71335053351333,42.670764874581835,8.099999999999998,0.0,0.0,0.0
261.7255959849852,42.66532420111355,8.099999999999996,0.0,0.0,0.0
261.7378270467506,42.65984806188909,8.099999999999998,0.0,0.0,0.0
261.75004361542244,42.65433621976372,8.099999999999998,0.0,0.0,0.0
261.76224558768826,42.648788438119624,8.099999999999998,0.0,0.0,0.0
261.77443286035526,42.64320448098515,8.099999999999996,0.0,0.0,0.0
261.7866053303952,42.63758411315518,8.099999999999998,0.0,0.0,0.0
261.79876289498964,42.63192710031255,8.099999999999998,0.0,0.0,0.0
261.81090545157633,42.62623320915078,8.099999999999998,0.0,0.0,0.0
