galstreams/tracks/track.st.Gunnthra.ibata2021.ecsv
# %ECSV 1.0
# ---
# datatype:
# - {name: ra, unit: deg, datatype: float64}
# - {name: dec, unit: deg, datatype: float64}
# - {name: distance, unit: kpc, datatype: float64}
# - {name: pm_ra_cosdec, unit: mas / yr, datatype: float64}
# - {name: pm_dec, unit: mas / yr, datatype: float64}
# - {name: radial_velocity, unit: km / s, datatype: float64}
# delimiter: ','
# meta: !!omap
# - __serialized_columns__:
#     dec:
#       __class__: astropy.coordinates.angles.Latitude
#       unit: &id001 !astropy.units.Unit {unit: deg}
#       value: !astropy.table.SerializedColumn {name: dec}
#     distance:
#       __class__: astropy.coordinates.distances.Distance
#       unit: !astropy.units.Unit {unit: kpc}
#       value: !astropy.table.SerializedColumn {name: distance}
#     pm_dec:
#       __class__: astropy.units.quantity.Quantity
#       unit: !astropy.units.Unit {unit: mas / yr}
#       value: !astropy.table.SerializedColumn {name: pm_dec}
#     pm_ra_cosdec:
#       __class__: astropy.units.quantity.Quantity
#       unit: !astropy.units.Unit {unit: mas / yr}
#       value: !astropy.table.SerializedColumn {name: pm_ra_cosdec}
#     ra:
#       __class__: astropy.coordinates.angles.Longitude
#       unit: *id001
#       value: !astropy.table.SerializedColumn {name: ra}
#       wrap_angle: !astropy.coordinates.Angle
#         unit: *id001
#         value: 360.0
#     radial_velocity:
#       __class__: astropy.units.quantity.Quantity
#       unit: !astropy.units.Unit {unit: km / s}
#       value: !astropy.table.SerializedColumn {name: radial_velocity}
# schema: astropy-2.0
ra,dec,distance,pm_ra_cosdec,pm_dec,radial_velocity
[from data line 847]
291.13233882843844,-71.045173387409,3.0898254462889208,-12.425430267385398,-26.023938043931295,59.0485902184548
291.14710580786056,-71.03630715828892,3.089758343226262,-12.419002646991528,-26.0305650455148,58.967978411560814
291.16184941742745,-71.02743802909684,3.0896913005681292,-12.412582657594715,-26.037186554690525,58.88764357280043
291.17656969875463,-71.01856600643639,3.0896243191277026,-12.406170287574191,-26.043802578845888,58.80758534626636
291.19126669341375,-71.00969109689805,3.089557399718163,-12.399765525311881,-26.050413125333428,58.7278033760515
291.2059404429332,-71.00081330705915,3.089490543152688,-12.393368359192305,-26.057018201471003,58.64829730624872
291.2205909887976,-70.99193264348409,3.0894237502444595,-12.386978777602682,-26.06361781454173,58.56906678095079
291.2352183724482,-70.98304911272402,3.0893570218066557,-12.380596768933003,-26.07021197179415,58.49011144425059
291.24982263528244,-70.97416272131716,3.089290358652458,-12.37422232157606,-26.07680068044226,58.41143094024101
291.2644038186543,-70.96527347578863,3.0892237615950444,-12.367855423927539,-26.083383947665595,58.333024913014945
291.2789619638737,-70.9563813826508,3.089157231447596,-12.361496064386113,-26.089961780609162,58.254893006665114
291.29349711220715,-70.94748644840291,3.0890907690232927,-12.355144231353453,-26.09653418638369,58.177034865284504
291.30800930487715,-70.93858867953136,3.0890243751353137,-12.3487999132343,-26.1031011720656,58.099450132965956
291.3224985830624,-70.92968808250963,3.088958050596839,-12.342463098436518,-26.109662744697037,58.022138453802164
291.33696498789755,-70.92078466379847,3.0888917962210476,-12.33613377537132,-26.11621891128598,57.945099471886145
291.3514085604736,-70.91187842984574,3.08882561282112,-12.329811932452985,-26.1227696788063,57.86833283131076
291.36582934183735,-70.90296938708656,3.088759501210237,-12.323497558099257,-26.12931505419781,57.79183817616881
291.38022737299184,-70.8940575419432,3.088693462201578,-12.3171906407312,-26.13585504436634,57.71561515055306
291.3946026948956,-70.88514290082541,3.088627496608321,-12.310891168773452,-26.14238965618376,57.63966339855653
291.40895534846345,-70.87622547013011,3.0885616052436484,-12.304599130654035,-26.148918896488098,57.563982564271996
291.42328537456603,-70.86730525624156,3.088495788920738,-12.29831451480461,-26.155442772083582,57.4885722917922
291.4375928140297,-70.85838226553145,3.0884300484527705,-12.29203730966044,-26.161961289740674,57.413432225210265
291.4518777076366,-70.8494565043589,3.0883643846529263,-12.285767503660542,-26.168474456196172,57.338562008618766
291.4661400961247,-70.84052797907042,3.0882987983343826,-12.279505085247663,-26.174982278153237,57.26396128611072
291.4803800201878,-70.83159669599995,3.088233290310324,-12.273250042868302,-26.181484762281496,57.18962970177889
291.4945975204751,-70.8226626614691,3.088167861393925,-12.26700236497296,-26.187981915217073,57.11556689971621
291.5087926375917,-70.81372588178681,3.0881025123983687,-12.260762040015948,-26.194473743562654,57.04177252401538
291.5229654120983,-70.80478636324972,3.088037244136834,-12.254529056455592,-26.200960253887565,56.968246218769615
291.5371158845111,-70.7958441121419,3.0879720574225002,-12.2483034027543,-26.20744145272783,56.89498762807135
291.5512440953018,-70.7868991347353,3.0879069530685483,-12.242085067378595,-26.213917346586186,56.82199639601361
291.5653500848977,-70.7779514372893,3.087841931888157,-12.235874038799135,-26.220387941932223,56.74927216668938
291.57943389368177,-70.76900102605104,3.0877769946945075,-12.229670305490734,-26.226853245202427,56.67681458419121
291.5934955619923,-70.76004790725534,3.0877121423007776,-12.223473855932523,-26.23331326280022,56.604623292612246
291.60753513012276,-70.75109208712487,3.087647375520149,-12.21728467860806,-26.239768001095953,56.532697936045146
291.6215526383224,-70.74213357186999,3.0875826951658003,-12.211102762005133,-26.246217466427154,56.46103815858294
291.63554812679564,-70.73317236768882,3.087518102050911,-12.204928094616072,-26.252661665098408,56.38964360431831
291.64952163570246,-70.72420848076736,3.0874535969886634,-12.198760664937584,-26.259100603381526,56.31851391734414
291.6634732051578,-70.71524191727956,3.0873891807922353,-12.192600461471098,-26.265534287515514,56.24764874175339
291.6774028752322,-70.70627268338713,3.0873248542748053,-12.186447472722495,-26.271962723706782,56.17704772163881
291.6913106859514,-70.69730078523978,3.0872606182495543,-12.18030168720235,-26.278385918129057,56.106710501093296
291.70519667729644,-70.68832622897509,3.087196473529665,-12.17416309342595,-26.284803876923515,56.03663672420967
291.7190608892033,-70.6793490207188,3.087132420928313,-12.168031679913373,-26.291216606198837,55.96682603508087
291.73290336156344,-70.67036916658448,3.08706846125868,-12.161907435189484,-26.297624112031265,55.89727807779964
291.7467241342234,-70.66138667267383,3.0870045953339456,-12.155790347783999,-26.30402640046469,55.8279924964589
291.76052324698503,-70.65240154507656,3.08694082396729,-12.1496804062315,-26.310423477510675,55.75896893515152
291.7743007396047,-70.6434137898706,3.086877147971893,-12.14357759907174,-26.31681534914849,55.69020703797023
291.78805665179476,-70.63442341312194,3.086813568160933,-12.137481914849236,-26.323202021325297,55.621706449008045
291.80179102322194,-70.62543042088467,3.086750085347591,-12.131393342113743,-26.329583499956087,55.55346681235772
291.81550389350843,-70.61643481920112,3.086686700345048,-12.125311869420017,-26.33595979092379,55.485487772112144
291.82919530223114,-70.60743661410196,3.0866234139664814,-12.119237485328156,-26.342330900079347,55.41776897236421
291.84286528892227,-70.59843581160591,3.086560227025072,-12.113170178403285,-26.348696833241732,55.35031005720662
291.85651389306895,-70.58943241772009,3.086497140334,-12.107109937215913,-26.3550575961981,55.283110670732356
291.8701411541133,-70.58042643843983,3.0864341547064447,-12.101056750341822,-26.36141319470373,55.216170457034295
291.8837471114521,-70.57141787974899,3.0863712709555875,-12.095010606362225,-26.367763634482145,55.149489060205255
291.8973318044376,-70.56240674761958,3.086308489894605,-12.088971493863678,-26.374108921225258,55.08306612433794
291.91089527237665,-70.55339304801207,3.08624581233668,-12.082939401438194,-26.380449060593264,55.01690129352544
291.9244375545309,-70.54437678687546,3.08618323909499,-12.07691431768341,-26.386784058214833,54.95099421186046
291.9379586901173,-70.5353579701471,3.0861207709827165,-12.070896231202397,-26.393113919687124,54.885344523436
291.9514587183072,-70.52633660375282,3.086058408813039,-12.064885130603882,-26.39943865057584,54.81995187234474
291.9649376782273,-70.51731269360691,3.085996153399137,-12.058881004502235,-26.40575825641533,54.754815902679596
291.97839560895864,-70.50828624561241,3.0859340055541913,-12.052883841517556,-26.41207274270857,54.689936258533386
291.9918325495375,-70.49925726566073,3.08587196609138,-12.046893630275683,-26.418382114927347,54.62531258399915
292.0052485389547,-70.49022575963191,3.0858100358238834,-12.040910359408233,-26.4246863785122,54.560944523169496
292.01864361615617,-70.48119173339461,3.0857482155648825,-12.034934017552601,-26.430985538872562,54.49683172013737
292.0320178200423,-70.47215519280627,3.0856865061275562,-12.028964593352203,-26.437279601386756,54.43297381899571
292.0453711894685,-70.46311614371285,3.0856249083250833,-12.02300207545629,-26.44356857140215,54.36937046383719
292.0587037632448,-70.45407459194911,3.0855634229706457,-12.01704645252007,-26.449852454235113,54.30602129875481
292.0720155801361,-70.44503054333845,3.085502050877422,-12.011097713204826,-26.456131255171154,54.2429259678414
292.08530667886197,-70.43598400369322,3.0854407928585914,-12.005155846177896,-26.46240497946492,54.18008411518983
292.09857709809677,-70.42693497881439,3.0853796497273356,-11.999220840112681,-26.46867363234032,54.11749538489284
292.11182687646954,-70.41788347449184,3.0853186222968327,-11.993292683688765,-26.474937218990583,54.05515942104348
292.1250560525641,-70.40882949650421,3.0852577113802644,-11.98737136559187,-26.48119574457826,53.99307586773434
292.1382646649189,-70.3997730506192,3.085196917790807,-11.981456874514103,-26.487449214235323,53.93124436905847
292.15145275202707,-70.39071414259325,3.0851362423416435,-11.975549199153669,-26.493697633063213,53.8696645691087
292.16462035233667,-70.38165277817178,3.0850756858459536,-11.969648328215161,-26.49994100613296,53.80833611197774
292.17776750425014,-70.37258896308917,3.0850152491169163,-11.963754250409554,-26.506179338485143,53.747258641758755
292.1908942461247,-70.36352270306887,3.0849549329677104,-11.957866954454255,-26.512412635130033,53.6864318025443
292.2040006162723,-70.35445400382324,3.0848947382115166,-11.95198642907304,-26.518640901047632,53.625855238427306
292.2170866529596,-70.34538287105373,3.0848346656615155,-11.946112662996189,-26.52486414118771,53.565528593500616
292.23015239440787,-70.33630931045083,3.0847747161308865,-11.94024564496052,-26.5310823604699,53.50545151185727
292.2431978787928,-70.32723332769423,3.0847148904328088,-11.934385363709488,-26.537295563783708,53.445623637589854
292.2562231442451,-70.31815492845267,3.084655189380463,-11.928531807993048,-26.54350375598867,53.386044614791295
292.26922822885,-70.30907411838405,3.0845956137870267,-11.922684966567846,-26.549706941914312,53.32671408755451
292.2822131706473,-70.29999090313541,3.0845361644656832,-11.916844828197213,-26.55590512636025,53.26763169997245
292.2951780076315,-70.29090528834317,3.084476842229611,-11.911011381651232,-26.562098314096257,53.2087970961377
292.3081227777515,-70.28181727963282,3.084417647891988,-11.90518461570677,-26.568286509862332,53.1502099201434
292.3210475189113,-70.27272688261915,3.084358582265996,-11.899364519147394,-26.574469718368725,53.09186981608212
292.33395226896937,-70.26363410290627,3.0842996461648142,-11.893551080763572,-26.580647944296064,53.03377642804699
292.34683706573844,-70.25453894608764,3.0842408404016233,-11.887744289352746,-26.586821192295293,52.97592940013069
292.35970194698626,-70.24544141774604,3.084182165789602,-11.881944133719145,-26.592989466987895,52.918328376426004
292.37254695043515,-70.23634152345359,3.0841236231419304,-11.876150602674034,-26.59915277296582,52.86097300102606
292.385372113762,-70.22723926877177,3.0840652132717885,-11.870363685035588,-26.60531111479162,52.80386291802339
292.3981774745983,-70.21813465925172,3.0840069369923557,-11.864583369629159,-26.611464496998458,52.74699777151111
292.4109630705302,-70.20902770043377,3.083948795116812,-11.85880964528705,-26.617612924090206,52.69037720558194
292.42372893909857,-70.19991839784781,3.083890788458337,-11.853042500848662,-26.62375640054153,52.63400086432878
292.43647511779864,-70.19080675701336,3.0838329178301107,-11.847281925160694,-26.629894930797843,52.57786839184438
292.4492016440806,-70.18169278343935,3.0837751840453134,-11.841527907076824,-26.636028519275484,52.52197943222177
292.4619085553491,-70.17257648262425,3.083717587917126,-11.83578043545804,-26.642157170361713,52.46633362955364
292.4745958889635,-70.16345786005618,3.0836601302587257,-11.830039499172592,-26.648280888414824,52.410930627932956
292.48726368223765,-70.15433692121296,3.0836028118832925,-11.824305087096045,-26.65439967776411,52.3557700714526
292.4999119724402,-70.14521367156189,3.083545633604009,-11.818577188111195,-26.66051354271003,52.30085160420523
292.51254079679444,-70.13608811656,3.0834885962340515,-11.81285579110824,-26.666622487524226,52.24617487028384
292.52515019247824,-70.126960261654,3.083431700586602,-11.807140884984769,-26.67272651644952,52.19173951378136
292.5377401966241,-70.11783011228044,3.08337494747484,-11.80143245864583,-26.678825633700093,52.137545178790425
292.5503108463193,-70.10869767386548,3.0833183377119457,-11.795730501003883,-26.684919843461437,52.08359150940415
292.5628621786057,-70.09956295182506,3.0832618721110974,-11.7900350009789,-26.691009149890526,52.02987814971516
292.57539423047996,-70.09042595156494,3.083205551485476,-11.784345947498302,-26.69709355711577,51.97640474381636
292.58790703889304,-70.0812866784808,3.0831493766482607,-11.778663329497295,-26.70317306923709,51.92317093580078
292.60040064075105,-70.07214513795805,3.0830933484126333,-11.772987135918434,-26.709247690326023,51.87017636976108
292.6128750729146,-70.06300133537202,3.08303746759177,-11.767317355711997,-26.715317424425827,51.81742068979008
292.62533037219896,-70.05385527608792,3.0829817349988553,-11.761653977835932,-26.721382275551377,51.76490353998091
292.6377665753741,-70.04470696546096,3.082926151447064,-11.755996991255884,-26.72744224768939,51.71262456442601
292.6501837191647,-70.03555640883627,3.082870717749579,-11.750346384945193,-26.733497344798362,51.66058340721861
292.6625818402503,-70.0264036115489,3.0828154347195804,-11.74470214788498,-26.739547570808718,51.60877971245131
292.6749609752651,-70.01724857892393,3.082760303170246,-11.739064269064096,-26.745592929622877,51.55721312421714
292.6873211607978,-70.00809131627662,3.082705323914757,-11.733432737479326,-26.75163342511516,51.5058832866089
292.6996624333922,-69.99893182891208,3.0826504977662927,-11.727807542135189,-26.757669061132063,51.45478984371942
292.71198482954674,-69.98977012212562,3.082595825538033,-11.722188672044133,-26.763699841492166,51.40393243964147
292.7242883857146,-69.98060620120256,3.082541308043158,-11.716576116226516,-26.76972576998625,51.353310718468116
292.73657313830364,-69.97144007141853,3.0824869460948467,-11.71096986371067,-26.775746850377303,51.302924324291915
292.74883912367665,-69.9622717380392,3.0824327405062806,-11.70536990353283,-26.78176308640066,51.252772901206086
292.7610863781512,-69.95310120632037,3.0823786920906384,-11.699776224737265,-26.787774481764046,51.202856093303105
292.7733149379997,-69.94392848150818,3.082324801661099,-11.694188816376318,-26.793781040147543,51.153173544676136
292.7855248394492,-69.93475356883891,3.0822710700308433,-11.688607667510363,-26.799782765203766,51.103724899417855
292.7977161186818,-69.92557647353918,3.0822174980130512,-11.683032767207816,-26.805779660557842,51.054509801621116
292.8098888118344,-69.91639720082583,3.0821640864209017,-11.677464104545297,-26.811771729807507,51.00552789537895
292.8220429549987,-69.90721575590602,3.082110836067576,-11.671901668607491,-26.817758976523162,50.956778824783925
292.83417858422126,-69.89803214397729,3.0820577477662523,-11.666345448487377,-26.823741404247915,50.9082622339291
292.84629573550353,-69.8888463702275,3.0820048223301115,-11.660795433286008,-26.82971901649762,50.85997776690733
292.858394444802,-69.8796584398349,3.081952060572334,-11.655251612112764,-26.835691816761027,50.811925067811416
292.8704747480279,-69.87046835796816,3.0818994633060988,-11.649713974085248,-26.841659808499735,50.76410378073417
292.8825366810475,-69.86127612978639,3.0818470313445836,-11.644182508329376,-26.84762299514829,50.71651354976857
292.8945802796819,-69.85208176043913,3.081794765500971,-11.638657203979339,-26.853581380114242,50.66915401900716
292.90660557970733,-69.84288525506645,3.0817426665884406,-11.633138050177752,-26.85953496677822,50.62202483254326
292.9186126168548,-69.83368661879891,3.081690735420172,-11.62762503607552,-26.86548375849396,50.575125634469416
292.9306014268104,-69.82448585675759,3.0816389728093445,-11.622118150831977,-26.87142775858838,50.52845606887856
292.9425720452154,-69.81528297405413,3.0815873795691373,-11.616617383614889,-26.877366970361674,50.48201577986348
292.9545245076657,-69.80607797579076,3.081535956512731,-11.611122723600506,-26.883301397087237,50.435804411517104
292.96645884971264,-69.79687086706032,3.081484704453307,-11.605634159973462,-26.889231042011932,50.389821607932134
292.97837510686225,-69.78766165294631,3.081433624204041,-11.600151681927034,-26.895155908355918,50.344067013201816
