galstreams/tracks/track.st.AAU-AliqaUma.li2021.ecsv
# %ECSV 0.9
# ---
# datatype:
# - {name: ra, unit: deg, datatype: float64}
# - {name: dec, unit: deg, datatype: float64}
# - {name: distance, unit: kpc, datatype: float64}
# - {name: pm_ra_cosdec, unit: mas / yr, datatype: float64}
# - {name: pm_dec, unit: mas / yr, datatype: float64}
# - {name: radial_velocity, unit: km / s, datatype: float64}
# delimiter: ','
# meta: !!omap
# - __serialized_columns__:
#     dec:
#       __class__: astropy.coordinates.angles.Latitude
#       unit: &id001 !astropy.units.Unit {unit: deg}
#       value: !astropy.table.SerializedColumn {name: dec}
#     distance:
#       __class__: astropy.coordinates.distances.Distance
#       unit: !astropy.units.Unit {unit: kpc}
#       value: !astropy.table.SerializedColumn {name: distance}
#     pm_dec:
#       __class__: astropy.units.quantity.Quantity
#       unit: !astropy.units.Unit {unit: mas / yr}
#       value: !astropy.table.SerializedColumn {name: pm_dec}
#     pm_ra_cosdec:
#       __class__: astropy.units.quantity.Quantity
#       unit: !astropy.units.Unit {unit: mas / yr}
#       value: !astropy.table.SerializedColumn {name: pm_ra_cosdec}
#     ra:
#       __class__: astropy.coordinates.angles.Longitude
#       unit: *id001
#       value: !astropy.table.SerializedColumn {name: ra}
#       wrap_angle: !astropy.coordinates.Angle
#         unit: *id001
#         value: 360.0
#     radial_velocity:
#       __class__: astropy.units.quantity.Quantity
#       unit: !astropy.units.Unit {unit: km / s}
#       value: !astropy.table.SerializedColumn {name: radial_velocity}
# schema: astropy-2.0
ra,dec,distance,pm_ra_cosdec,pm_dec,radial_velocity
[from data line 279]
33.92509255238445,-34.52178108052419,26.938950260088966,0.2019215624368907,-0.7170927055921608,-40.0407689649237
33.93513001729373,-34.5276820721561,26.94402908353408,0.202004454836426,-0.7168221109986548,-39.98403656340911
33.945168377450315,-34.53358314554672,26.949110156461202,0.2020871777839322,-0.71655136721662,-39.92729421072319
33.955207633338254,-34.53948430056768,26.954193478870327,0.20216973122537543,-0.7162804742873868,-39.87054190686588
33.965247785441754,-34.54538553709052,26.95927905076145,0.20225211510671348,-0.7160094322523112,-39.813779651837265
33.975288834245156,-34.55128685498673,26.964366872134573,0.20233432937389473,-0.7157382411527755,-39.75700744563726
33.985330780232914,-34.55718825412772,26.969456942989716,0.20241637397285714,-0.7154669010301873,-39.70022528826586
33.99537362388966,-34.56308973438489,26.974549263326857,0.20249824884953066,-0.7151954119259809,-39.64343317972317
34.005417365700126,-34.5689912956295,26.979643833145996,0.2025799539498345,-0.7149237738816163,-39.586631120009066
34.01546200614918,-34.574892937732834,26.98474065244714,0.20266148921967925,-0.7146519869385797,-39.5298191091236
34.025507545721865,-34.58079466056605,26.98983972123029,0.2027428546049662,-0.7143800511383824,-39.47299714706679
34.03555398490331,-34.58669646400027,26.994941039495437,0.2028240500515866,-0.7141079665225634,-39.41616523383861
34.04560132417881,-34.592598347906566,27.00004460724259,0.20290507550542292,-0.7138357331326861,-39.35932336943906
34.05564956403379,-34.59850031215592,27.005150424471754,0.20298593091234757,-0.7135633510103407,-39.30247155386818
34.06569870495383,-34.60440235661929,27.010258491182917,0.20306661621822428,-0.7132908201971431,-39.24560978712593
34.07574874742461,-34.61030448116754,27.01536880737608,0.20314713136890702,-0.7130181407347365,-39.18873806921232
34.08579969193197,-34.616206685671486,27.020481373051254,0.2032274763102405,-0.7127453126647879,-39.13185640012735
34.095851538961874,-34.62210897000189,27.025596188208425,0.2033076509880595,-0.7124723360289926,-39.07496477987102
34.10590428900044,-34.62801133402944,27.030713252847605,0.2033876553481903,-0.7121992108690709,-39.0180632084433
34.115957942533925,-34.63391377762476,27.035832566968786,0.20346748933644926,-0.7119259372267694,-38.961151685844236
34.126012500048695,-34.639816300658445,27.04095413057197,0.20354715289864325,-0.7116525151438606,-38.90423021207383
34.13606796203126,-34.64571890300097,27.04607794365716,0.20362664598056998,-0.7113789446621437,-38.847298787132054
34.146124328968305,-34.65162158452281,27.05120400622435,0.20370596852801776,-0.7111052258234436,-38.79035741101893
34.156181601346596,-34.65752434509434,27.056332318273547,0.20378512048676536,-0.7108313586696118,-38.733406083734415
34.16623977965309,-34.66342718458589,27.061462879804747,0.20386410180258258,-0.7105573432425256,-38.676444805278564
34.17629886437483,-34.66933010286772,27.06659569081795,0.20394291242122883,-0.7102831795840885,-38.619473575651305
34.18635885599902,-34.67523309981002,27.07173075131315,0.20402155228845548,-0.7100088677362304,-38.562492394852725
34.19641975501301,-34.681136175282944,27.076868061290366,0.20410002135000355,-0.7097344077409071,-38.5055012628828
34.20648156190429,-34.68703932915657,27.082007620749582,0.20417831955160506,-0.7094597996401011,-38.44850017974149
34.21654427716046,-34.69294256130091,27.0871494296908,0.20425644683898267,-0.7091850434758209,-38.39148914542884
34.22660790126927,-34.698845871585924,27.092293488114016,0.20433440315784937,-0.7089101392901013,-38.334468159944784
34.23667243471862,-34.70474925988149,27.097439796019245,0.20441218845390885,-0.7086350871250031,-38.27743722328942
34.24673787799653,-34.710652726057454,27.10258835340647,0.20448980267285588,-0.708359887022614,-38.22039633546268
34.25680423159117,-34.71655626998358,27.10773916027571,0.2045672457603752,-0.7080845390250472,-38.16334549646458
34.266871495990856,-34.72245989152958,27.112892216626943,0.20464451766214273,-0.7078090431744433,-38.10628470629508
34.276939671684,-34.728363590565074,27.11804752246018,0.20472161832382457,-0.7075333995129675,-38.04921396495427
34.287008759159185,-34.734267366959685,27.123205077775424,0.20479854769107766,-0.7072576080828135,-37.99213327244207
34.297078758905144,-34.74017122058293,27.12836488257267,0.2048753057095496,-0.7069816689261994,-37.93504262875853
34.307149671410706,-34.746075151304225,27.13352693685192,0.20495189232487843,-0.7067055820853707,-37.87794203390363
34.31722149716488,-34.751979158993,27.13869124061318,0.2050283074826929,-0.706429347602599,-37.82083148787734
34.3272942366568,-34.7578832435186,27.143857793856437,0.20510455112861306,-0.7061529655201828,-37.763710990679705
34.3373678903757,-34.76378740475027,27.149026596581695,0.205180623208248,-0.7058764358804461,-37.706580542310725
34.34744245881101,-34.769691642557234,27.15419764878896,0.2052565236671991,-0.7055997587257401,-37.64944014277039
34.35751794245227,-34.775595956808644,27.159370950478227,0.20533225245105752,-0.7053229340984415,-37.59228979205866
34.367594341789136,-34.78150034737357,27.1645465016495,0.20540780950540494,-0.7050459620409546,-37.535129490175606
34.377671657311446,-34.787404814121054,27.169724302302775,0.20548319477581417,-0.704768842595709,-37.47795923712116
34.38774988950916,-34.793309356920055,27.174904352438055,0.20555840820784851,-0.7044915758051618,-37.42077903289535
34.39782903887235,-34.79921397563946,27.18008665205534,0.20563344974706174,-0.7042141617117958,-37.36358887749823
34.407909105891264,-34.805118670148104,27.185271201154627,0.20570831933899827,-0.7039366003581207,-37.30638877092968
34.41799009105626,-34.81102344031477,27.19045799973592,0.20578301692919324,-0.7036588917866726,-37.24917871318985
34.42807199485786,-34.81692828600817,27.19564704779921,0.20585754246317303,-0.7033810360400139,-37.19195870427858
34.438154817786696,-34.82283320709695,27.200838345344508,0.2059318958864532,-0.7031030331607339,-37.13472874419601
34.44823856033355,-34.82873820344968,27.206031892371808,0.20600607714454117,-0.7028248831914481,-37.077488832942045
34.45832322298935,-34.83464327493491,27.211227688881117,0.20608008618293444,-0.702546586174799,-37.020238970516736
34.46840880624517,-34.84054842142108,27.216425734872423,0.20615392294712198,-0.702268142153455,-36.962979156920056
34.47849531059218,-34.84645364277661,27.221626030345735,0.2062275873825823,-0.7019895511701116,-36.90570939215201
34.488582736521735,-34.8523589388698,27.22682857530105,0.2063010794347851,-0.7017108132674907,-36.848429676212625
34.498671084525306,-34.858264309568945,27.232033369738367,0.20637439904919047,-0.7014319284883408,-36.79114000910187
34.508760355094516,-34.86416975474226,27.237240413657695,0.20644754617124983,-0.7011528968754372,-36.73384039081975
34.518850548721105,-34.87007527425787,27.242449707059023,0.20652052074640442,-0.7008737184715813,-36.67653082136627
34.52894166589698,-34.87598086798388,27.247661249942354,0.206593322720087,-0.7005943933196019,-36.619211300741426
34.53903370711415,-34.88188653578828,27.252875042307693,0.20666595203771967,-0.7003149214623543,-36.561881828945246
34.54912667286479,-34.887792277539056,27.25809108415503,0.20673840864471663,-0.7000353029427194,-36.50454240597768
34.559220563641226,-34.8936980931041,27.263309375484365,0.20681069248648173,-0.6997555378036064,-36.44719303183875
34.56931537993588,-34.89960398235122,27.268529916295712,0.20688280350840996,-0.6994756260879498,-36.389833706528506
34.57941112224135,-34.90550994514821,27.273752706589057,0.20695474165588715,-0.6991955678387121,-36.332464430046834
34.589507791050366,-34.91141598136276,27.278977746364408,0.20702650687428895,-0.698915363098881,-36.27508520239383
34.59960538685577,-34.9173220908625,27.28420503562177,0.2070980991089823,-0.6986350119114721,-36.217696023569495
34.609703910150586,-34.92322827351503,27.28943457436113,0.20716951830532504,-0.6983545143195279,-36.16029689357378
34.61980336142793,-34.92913452918785,27.294666362582497,0.20724076440866485,-0.6980738703661166,-36.10288781240671
34.62990374118111,-34.93504085774842,27.299900400285864,0.20731183736434117,-0.6977930800943337,-36.045468780068255
34.640005049903536,-34.940947259064124,27.30513668747123,0.20738273711768293,-0.6975121435473022,-35.98803979655846
34.65010728808875,-34.946853733002285,27.310375224138607,0.20745346361401074,-0.6972310607681702,-35.930600861877316
34.660210456230466,-34.95276027943017,27.315616010287982,0.20752401679863516,-0.6969498318001149,-35.873151976024765
34.67031455482251,-34.95866689821497,27.320859045919367,0.2075943966168576,-0.6966684566863377,-35.815693139000906
34.68041958435887,-34.96457358922381,27.326104331032752,0.2076646030139704,-0.6963869354700688,-35.758224350805655
34.690525545333664,-34.970480352323776,27.331351865628143,0.20773463593525635,-0.6961052681945648,-35.700745611439054
34.70063243824112,-34.97638718738187,27.336601649705536,0.20780449532598885,-0.6958234549031086,-35.643256920901095
34.71074026357566,-34.98229409426502,27.341853683264933,0.20787418113143194,-0.6955414956390107,-35.585758279191786
34.7208490218318,-34.98820107284013,27.34710796630633,0.207943693296841,-0.6952593904456081,-35.52824968631112
34.73095871350423,-34.994108122973984,27.352364498829736,0.20801303176746092,-0.6949771393662647,-35.47073114225907
34.74106933908775,-35.00001524453337,27.357623280835142,0.2080821964885283,-0.6946947424443715,-35.413202647035675
34.75118089907731,-35.005922437384946,27.362884312322556,0.20815118740526986,-0.694412199723346,-35.35566420064088
34.761293393968025,-35.01182970139535,27.368147593291962,0.2082200044629032,-0.6941295112466332,-35.29811580307476
34.771406824255074,-35.01773703643113,27.373413123743386,0.2082886476066362,-0.6938466770577048,-35.2405574543373
34.78152119043388,-35.02364444235879,27.378680903676806,0.20835711678166813,-0.6935636972000592,-35.18298915442847
34.79163649299995,-35.02955191904476,27.383950933092233,0.20842541193318895,-0.6932805717172222,-35.12541090334827
34.8017527324489,-35.035459466355405,27.389223211989663,0.20849353300637802,-0.6929973006527466,-35.067822701096695
34.81186990927656,-35.04136708415704,27.394497740369093,0.2085614799464071,-0.6927138840502121,-35.01022454767377
34.82198802397883,-35.04727477231589,27.39977451823053,0.20862925269843716,-0.6924303219532248,-34.952616443079506
34.8321070770518,-35.053182530698116,27.405053545573978,0.20869685120762085,-0.6921466144054189,-34.89499838731386
34.84222706899166,-35.059090359169865,27.41033482239942,0.20876427541910098,-0.6918627614504556,-34.83737038037688
34.85234800029479,-35.06499825759716,27.415618348706865,0.20883152527801163,-0.6915787631320215,-34.7797324222685
34.86246987145767,-35.070906225845995,27.42090412449632,0.20889860072947694,-0.6912946194938323,-34.72208451298879
34.872592682976915,-35.076814263782275,27.426192149767772,0.2089655017186117,-0.69101033057963,-34.6644266525377
34.882716435349316,-35.082722371271856,27.43148242452123,0.20903222819052217,-0.6907258964331833,-34.60675884091525
34.89284112907177,-35.08863054818053,27.436774948756693,0.20909878009030458,-0.6904413170982886,-34.549081078121446
34.90296676464133,-35.094538794374024,27.442069722474162,0.209165157363046,-0.690156592618769,-34.49139336415629
34.91309334255519,-35.100447109718,27.447366745673627,0.20923135995382425,-0.6898717230384754,-34.43369569901977
34.923220863310696,-35.106355494078045,27.452666018355103,0.20929738780770799,-0.689586708401285,-34.375988082711906
34.9333493274053,-35.11226394731968,27.45796754051858,0.2093632408697563,-0.6893015487511025,-34.31827051523266
34.94347873533663,-35.118172469308405,27.463271312164057,0.20942891908501926,-0.6890162441318601,-34.26054299658207
34.953609087602445,-35.12408105990959,27.468577333291538,0.20949442239853763,-0.6887307945875167,-34.202805526760095
34.963740384700614,-35.12998971898858,27.47388560390103,0.20955975075534217,-0.6884452001620591,-34.1450581057668
34.97387262712919,-35.13589844641065,27.479196123992523,0.20962490410045548,-0.6881594608995005,-34.087300733602106
34.984005815386354,-35.14180724204101,27.484508893566023,0.20968988237889014,-0.6878735768438817,-34.029533410266076
34.99413994997041,-35.14771610574479,27.48982391262152,0.20975468553564952,-0.687587548039271,-33.97175613575867
35.004275031379805,-35.15362503738709,27.49514118115902,0.20981931351572733,-0.6873013745297634,-33.913968910079916
35.01441106011316,-35.159534036832895,27.500460699178525,0.20988376626410937,-0.6870150563594817,-33.85617173322979
35.0245480366692,-35.16544310394716,27.50578246668003,0.20994804372577047,-0.6867285935725757,-33.79836460520832
35.03468596154681,-35.171352238594785,27.511106483663553,0.21001214584567685,-0.6864419862132223,-33.74054752601548
35.04482483524501,-35.177261440640564,27.516432750129074,0.21007607256878574,-0.6861552343256263,-33.68272049565132
35.05496465826297,-35.183170709949266,27.521761266076588,0.21013982384004493,-0.6858683379540198,-33.624883514115744
35.06510543109996,-35.18908004638557,27.52709203150611,0.21020339960439247,-0.6855812971426614,-33.567036581408836
35.07524715425546,-35.19498944981411,27.532425046417643,0.21026679980675783,-0.6852941119358379,-33.50917969753054
35.08538982822904,-35.20089892009942,27.537760310811173,0.21033002439206025,-0.6850067823778628,-33.45131286248092
35.09553345352041,-35.20680845710601,27.54309782468671,0.21039307330521084,-0.6847193085130777,-33.393436076259924
35.10567803062948,-35.21271806069831,27.548437588044248,0.2104559464911105,-0.6844316903858516,-33.33554933886758
35.11582356005621,-35.21862773074065,27.55377960088379,0.21051864389465147,-0.6841439280405799,-33.277652650303864
35.125970042300764,-35.224537467097356,27.559123863205336,0.21058116546071604,-0.6838560215216865,-33.219746010568784
35.13611747786344,-35.23044726963265,27.56447037500889,0.2106435111341777,-0.6835679708736215,-33.16182941966236
35.14626586724468,-35.2363571382107,27.56981913629444,0.21070568085990116,-0.6832797761408649,-33.10390287758455
35.15641521094504,-35.2422670726956,27.575170147062003,0.21076767458274015,-0.6829914373679209,-33.0459663843354
35.166565509465244,-35.24817707295138,27.580523407311553,0.21082949224754127,-0.682702954599324,-32.98801993991489
35.176716763306146,-35.254087138842,27.585878917043125,0.21089113379914026,-0.6824143278796342,-32.93006354432302
35.186868972968725,-35.25999727023139,27.591236676256695,0.21095259918236428,-0.6821255572534399,-32.87209719755978
35.19702213895414,-35.26590746698336,27.596596684952267,0.21101388834203078,-0.6818366427653573,-32.81412089962522
35.20717626176369,-35.2718177289617,27.60195894312984,0.21107500122294887,-0.6815475844600296,-32.756134650519265
35.21733134189876,-35.2777280560301,27.607323450789423,0.21113593776991704,-0.6812583823821278,-32.69813845024196
35.227487379860946,-35.28363844805221,27.61269020793101,0.21119669792772566,-0.6809690365763499,-32.640132298793276
35.23764437615193,-35.289548904891596,27.618059214554588,0.21125728164115504,-0.6806795470874225,-32.58211619617325
35.247802331273576,-35.29545942641177,27.623430470660182,0.21131768885497698,-0.6803899139600988,-32.524090142381866
35.25796124572786,-35.30137001247617,27.62880397624778,0.21137791951395324,-0.6801001372391604,-32.46605413741916
35.26812112001692,-35.30728066294818,27.634179731317378,0.2114379735628368,-0.6798102169694157,-32.40800818128503
35.27828195464305,-35.313191377691105,27.63955773586898,0.21149785094637136,-0.6795201531957014,-32.349952273979554
35.28844375010864,-35.31910215656818,27.644937989902584,0.21155755160929096,-0.6792299459628817,-32.29188641550275
35.29860650691625,-35.32501299944259,27.650320493418192,0.21161707549632094,-0.678939595315848,-32.23381060585456
35.30877022556859,-35.33092390617747,27.655705246415806,0.21167642255217695,-0.6786491012995204,-32.175724845034985
