galstreams/tracks/track.st.Molonglo.grillmair2017b.ecsv
# %ECSV 1.0
# ---
# datatype:
# - {name: ra, unit: deg, datatype: float64}
# - {name: dec, unit: deg, datatype: float64}
# - {name: distance, unit: kpc, datatype: float64}
# - {name: pm_ra_cosdec, unit: mas / yr, datatype: float64}
# - {name: pm_dec, unit: mas / yr, datatype: float64}
# - {name: radial_velocity, unit: km / s, datatype: float64}
# delimiter: ','
# meta: !!omap
# - __serialized_columns__:
#     dec:
#       __class__: astropy.coordinates.angles.Latitude
#       unit: &id001 !astropy.units.Unit {unit: deg}
#       value: !astropy.table.SerializedColumn {name: dec}
#     distance:
#       __class__: astropy.coordinates.distances.Distance
#       unit: !astropy.units.Unit {unit: kpc}
#       value: !astropy.table.SerializedColumn {name: distance}
#     pm_dec:
#       __class__: astropy.units.quantity.Quantity
#       unit: !astropy.units.Unit {unit: mas / yr}
#       value: !astropy.table.SerializedColumn {name: pm_dec}
#     pm_ra_cosdec:
#       __class__: astropy.units.quantity.Quantity
#       unit: !astropy.units.Unit {unit: mas / yr}
#       value: !astropy.table.SerializedColumn {name: pm_ra_cosdec}
#     ra:
#       __class__: astropy.coordinates.angles.Longitude
#       unit: *id001
#       value: !astropy.table.SerializedColumn {name: ra}
#       wrap_angle: !astropy.coordinates.Angle
#         unit: *id001
#         value: 360.0
#     radial_velocity:
#       __class__: astropy.units.quantity.Quantity
#       unit: !astropy.units.Unit {unit: km / s}
#       value: !astropy.table.SerializedColumn {name: radial_velocity}
# schema: astropy-2.0
ra,dec,distance,pm_ra_cosdec,pm_dec,radial_velocity
[from data line 1885]
355.0120668912817,-12.353790795095781,19.999999999999936,0.0,0.0,0.0
355.0047745660317,-12.346751683677736,19.999999999999936,0.0,0.0,0.0
354.9974831641327,-12.339711800347434,19.99999999999994,0.0,0.0,0.0
354.9901926857178,-12.332671144874086,19.99999999999994,0.0,0.0,0.0
354.98290313091996,-12.325629717026866,19.99999999999994,0.0,0.0,0.0
354.97561449987245,-12.31858751657492,19.999999999999932,0.0,0.0,0.0
354.9683267927083,-12.311544543287365,19.99999999999994,0.0,0.0,0.0
354.9610400095607,-12.304500796933285,19.999999999999936,0.0,0.0,0.0
354.95375415056276,-12.297456277281743,19.999999999999936,0.0,0.0,0.0
354.9464692158476,-12.290410984101769,19.999999999999932,0.0,0.0,0.0
354.9391852055485,-12.283364917162345,19.999999999999936,0.0,0.0,0.0
354.9319021197985,-12.276318076232451,19.999999999999936,0.0,0.0,0.0
354.9246199587309,-12.269270461081025,19.999999999999936,0.0,0.0,0.0
354.91733872247875,-12.262222071476968,19.999999999999936,0.0,0.0,0.0
354.9100584111753,-12.25517290718917,19.99999999999994,0.0,0.0,0.0
354.9027790249539,-12.248122967986465,19.999999999999936,0.0,0.0,0.0
354.8955005639476,-12.24107225363769,19.999999999999936,0.0,0.0,0.0
354.8882230282898,-12.23402076391161,19.999999999999932,0.0,0.0,0.0
354.88094641811364,-12.226968498577003,19.999999999999932,0.0,0.0,0.0
354.87367073355233,-12.219915457402584,19.999999999999932,0.0,0.0,0.0
354.86639597473925,-12.212861640157055,19.999999999999932,0.0,0.0,0.0
354.8591221418076,-12.205807046609085,19.999999999999936,0.0,0.0,0.0
354.85184923489066,-12.198751676527307,19.99999999999993,0.0,0.0,0.0
354.84457725412176,-12.19169552968033,19.99999999999993,0.0,0.0,0.0
354.8373061996342,-12.18463860583674,19.99999999999993,0.0,0.0,0.0
354.8300360715613,-12.177580904765069,19.999999999999932,0.0,0.0,0.0
354.82276687003645,-12.170522426233838,19.99999999999993,0.0,0.0,0.0
354.8154985951928,-12.163463170011541,19.99999999999993,0.0,0.0,0.0
354.8082312471639,-12.15640313586662,19.999999999999925,0.0,0.0,0.0
354.80096482608303,-12.149342323567511,19.99999999999993,0.0,0.0,0.0
354.7936993320836,-12.1422807328826,19.999999999999932,0.0,0.0,0.0
354.78643476529885,-12.135218363580258,19.99999999999993,0.0,0.0,0.0
354.7791711258623,-12.128155215428812,19.99999999999993,0.0,0.0,0.0
354.77190841390734,-12.121091288196574,19.99999999999993,0.0,0.0,0.0
354.7646466295674,-12.114026581651807,19.999999999999925,0.0,0.0,0.0
354.7573857729758,-12.10696109556275,19.999999999999925,0.0,0.0,0.0
354.750125844266,-12.099894829697622,19.999999999999922,0.0,0.0,0.0
354.74286684357156,-12.092827783824605,19.99999999999993,0.0,0.0,0.0
354.7356087710258,-12.085759957711831,19.999999999999922,0.0,0.0,0.0
354.7283516267622,-12.07869135112744,19.999999999999925,0.0,0.0,0.0
354.72109541091436,-12.071621963839505,19.999999999999925,0.0,0.0,0.0
354.71384012361557,-12.064551795616088,19.999999999999925,0.0,0.0,0.0
354.70658576499943,-12.057480846225209,19.99999999999993,0.0,0.0,0.0
354.6993323351995,-12.050409115434876,19.99999999999993,0.0,0.0,0.0
354.6920798343492,-12.043336603013039,19.99999999999992,0.0,0.0,0.0
354.68482826258213,-12.036263308727642,19.999999999999922,0.0,0.0,0.0
354.67757762003174,-12.029189232346575,19.999999999999922,0.0,0.0,0.0
354.6703279068317,-12.022114373637718,19.99999999999992,0.0,0.0,0.0
354.66307912311544,-12.0150387323689,19.999999999999925,0.0,0.0,0.0
354.65583126901663,-12.007962308307942,19.999999999999922,0.0,0.0,0.0
354.64858434466873,-12.000885101222615,19.99999999999992,0.0,0.0,0.0
