galstreams/tracks/track.st.Ylgr.ibata2020.ecsv
# %ECSV 0.9
# ---
# datatype:
# - {name: ra, unit: deg, datatype: float64}
# - {name: dec, unit: deg, datatype: float64}
# - {name: distance, unit: kpc, datatype: float64}
# - {name: pm_ra_cosdec, unit: mas / yr, datatype: float64}
# - {name: pm_dec, unit: mas / yr, datatype: float64}
# - {name: radial_velocity, unit: km / s, datatype: float64}
# delimiter: ','
# meta: !!omap
# - __serialized_columns__:
#     dec:
#       __class__: astropy.coordinates.angles.Latitude
#       unit: &id001 !astropy.units.Unit {unit: deg}
#       value: !astropy.table.SerializedColumn {name: dec}
#     distance:
#       __class__: astropy.coordinates.distances.Distance
#       unit: !astropy.units.Unit {unit: kpc}
#       value: !astropy.table.SerializedColumn {name: distance}
#     pm_dec:
#       __class__: astropy.units.quantity.Quantity
#       unit: !astropy.units.Unit {unit: mas / yr}
#       value: !astropy.table.SerializedColumn {name: pm_dec}
#     pm_ra_cosdec:
#       __class__: astropy.units.quantity.Quantity
#       unit: !astropy.units.Unit {unit: mas / yr}
#       value: !astropy.table.SerializedColumn {name: pm_ra_cosdec}
#     ra:
#       __class__: astropy.coordinates.angles.Longitude
#       unit: *id001
#       value: !astropy.table.SerializedColumn {name: ra}
#       wrap_angle: !astropy.coordinates.Angle
#         unit: *id001
#         value: 360.0
#     radial_velocity:
#       __class__: astropy.units.quantity.Quantity
#       unit: !astropy.units.Unit {unit: km / s}
#       value: !astropy.table.SerializedColumn {name: radial_velocity}
# schema: astropy-2.0
ra,dec,distance,pm_ra_cosdec,pm_dec,radial_velocity
[from data line 135]
175.53299742475406,-25.804688249271884,10.974393176998849,-0.36471221572776785,-6.853963184403943,3.368306851948935e-14
175.62182170454298,-26.01500453239462,11.00508385932186,-0.36657357478363906,-6.819554247497532,-3.368306851948935e-14
175.71081487306017,-26.225321276709636,11.0348483955774,-0.3684427183686724,-6.785431474898559,0.0
175.7999806192686,-26.435637925786054,11.063662185219425,-0.37031802379603973,-6.75160038572553,-3.368306851948935e-14
175.88932266318378,-26.645953919694932,11.091500627701889,-0.3721978417852124,-6.718066495784338,-3.368306851948935e-14
175.97884475651585,-26.85626869490491,11.118339122478737,-0.37408049611653293,-6.684835317448527,1.6841534259744676e-14
176.06855068332217,-27.06658168417663,11.144153069003933,-0.3759642832799579,-6.651912359536968,1.6841534259744676e-14
176.15844426067085,-27.276892316455914,11.168917866731421,-0.3778474721178099,-6.619303127188915,3.368306851948935e-14
176.24852933931533,-27.48720001676553,11.192608915115159,-0.37972830346133124,-6.587013121736337,-5.0524602779234026e-14
176.3388098043804,-27.697504206095687,11.215201613609091,-0.38160498976088925,-6.555047840573432,0.0
176.42928957605972,-27.90780430129298,11.236671361667183,-0.3834757147096249,-6.523412777023177,3.368306851948935e-14
176.51997261032537,-28.11809971494807,11.256993558743382,-0.38533863286034764,-6.492113420200942,3.368306851948935e-14
176.61086289964956,-28.328389855281717,11.276143604291635,-0.3871918692355077,-6.46115525487492,1.6841534259744676e-14
176.70196447373866,-28.53867412602934,11.294096897765904,-0.38903351893001625,-6.4305437613233645,1.6841534259744676e-14
176.7932814002801,-28.748951926324,11.310828838620134,-0.39086164670672796,-6.400284415188493,5.0524602779234026e-14
176.8848177857022,-28.959222650577683,11.326314826308282,-0.3926742865843736,-6.3703826873269325,-1.6841534259744676e-14
176.9765777759476,-29.169485688361085,11.3405302602843,-0.3944694414177136,-6.340844043656642,0.0
177.06856555725972,-29.379740424281415,11.353450540002141,-0.39624508246973733,-6.311673945000109,-1.6841534259744676e-14
177.160785356984,-29.58998623785867,11.365051064915754,-0.39799914897561395,-6.282877846923782,1.6841534259744676e-14
177.25324144438267,-29.800222503399905,11.375307234479099,-0.39972954769825564,-6.254461199573561,1.6841534259744676e-14
177.3459381314646,-30.010448589871785,11.384194448146124,-0.4014341524751682,-6.2264294475062245,3.368306851948935e-14
177.43887977382994,-30.220663860771072,11.39168810537078,-0.40311080375642905,-6.198788029516661,1.6841534259744676e-14
177.53207077153004,-30.430867673993195,11.397763605607025,-0.4047573081334964,-6.171542378460771,5.0524602779234026e-14
177.62551556994296,-30.641059381698835,11.40239634830881,-0.4063714378586245,-6.144697921073872,3.368306851948935e-14
177.71921866066515,-30.85123833017828,11.405561732930085,-0.4079509303546241,-6.118260077784489,5.0524602779234026e-14
177.8131845824194,-31.06140385971378,11.407235158924802,-0.40949348771470395,-6.09223426252334,0.0
177.90741792197966,-31.271555304439584,11.407392025746923,-0.41099677619212555,-6.066625882527376,-1.6841534259744676e-14
178.00192331511275,-31.481691992199778,11.406007732850387,-0.4124584256794125,-6.041440338138718,6.73661370389787e-14
178.09670544753808,-31.6918132444037,11.403057679689159,-0.4138760291768015,-6.0166830225982935,1.6841534259744676e-14
178.19176905590476,-31.901918375879067,11.398517265717182,-0.4152471422496936,-5.992359321834033,0.0
178.28711892878778,-32.11200669472256,11.392361890388418,-0.41656928247476327,-5.968474614243371,-5.0524602779234026e-14
178.3827599077023,-32.322077502147884,11.38456695315681,-0.41783992887446997,-5.945034270469986,0.0
178.47869688813773,-32.53213009233125,11.375107853476319,-0.41905652133963406,-5.922043653174422,1.6841534259744676e-14
178.57493482061133,-32.74216375225425,11.363959990800891,-0.42021646003976704,-5.899508116798551,5.0524602779234026e-14
178.67147871174186,-32.952177761543716,11.351098764584489,-0.4213171048208526,-5.877433007323544,-5.0524602779234026e-14
178.76833362534407,-33.16217139230924,11.336499574281055,-0.42235577459023144,-5.855823662021195,0.0
178.86550468354437,-33.37214390897728,11.320137819344543,-0.42332974668823686,-5.834685409198357,8.420767129872338e-14
178.9629970679178,-33.58209456812261,11.301988899228913,-0.42423625624628675,-5.814023567934258,-3.368306851948935e-14
179.06081602064756,-33.79202261829671,11.28202821338811,-0.4250724955310098,-5.793843447810458,-3.368306851948935e-14
179.15896684570689,-34.00192729985278,11.26023116127609,-0.4258356132740978,-5.77415034863321,-1.6841534259744676e-14
179.25745491006433,-34.211807844767854,11.23657314234681,-0.42652271398749025,-5.754949560147911,0.0
179.35628564491273,-34.421663476461305,11.211029556054214,-0.4271308572634942,-5.736246361745498,3.368306851948935e-14
179.45546454692249,-34.63149340961018,11.18357580185226,-0.4276570570594869,-5.718046022160341,1.6841534259744676e-14
179.55499717951975,-34.84129684996088,11.154187279194902,-0.4280982809667597,-5.700353799159533,-1.6841534259744676e-14
179.6548891741901,-35.051072994137385,11.122839387536091,-0.42845144946312974,-5.683174939223114,-3.368306851948935e-14
179.7551462318083,-35.26082102944567,11.089507526329779,-0.42871343514886945,-5.6665146772150585,0.0
179.85577412399496,-35.470540133674426,11.054167095029918,-0.4288810619655441,-5.650378236044602,-1.6841534259744676e-14
179.95677869450017,-35.68022947489187,11.016793493090463,-0.42895110439731127,-5.634770826317659,0.0
180.05816586061565,-35.889888211238514,10.977362119965365,-0.42892028665421694,-5.619697645977944,0.0
180.15994161461515,-36.09951549071596,10.935848375108575,-0.42878528183704223,-5.605163879937466,-1.6841534259744676e-14
180.2621120252245,-36.30911045097132,10.892227657974052,-0.42854271108323094,-5.591174699696,3.368306851948935e-14
180.36468323912163,-36.51867221907744,10.846475368015744,-0.4281891426933763,-5.577735262949235,1.6841534259744676e-14
180.46766148246755,-36.72819991130861,10.798566904687604,-0.427721091237812,-5.56485071318508,-1.6841534259744676e-14
180.57105306246862,-36.93769263291175,10.748477667443588,-0.4271350166427696,-5.552526179267864,-5.0524602779234026e-14
180.67486436897147,-37.147149477872915,10.696183055737643,-0.42642732325558036,-5.540766775009898,-3.368306851948935e-14
180.77910187609066,-37.35656952867888,10.641658469023728,-0.42559435888840297,-5.529577598730016,-8.420767129872338e-14
180.8837721438707,-37.565951856073966,10.584879306755786,-0.4246324138398919,-5.518963732798654,-6.73661370389787e-14
180.98888181998223,-37.77529551881157,10.525820968387787,-0.42353771989428846,-5.5089302431689315,-5.0524602779234026e-14
181.09443764145436,-37.98459956340069,10.464458853373667,-0.4223064492973101,-5.499482178893361,-3.368306851948935e-14
181.20044643644306,-38.19386302384692,10.400768361167383,-0.4209347137082738,-5.490624571625565,0.0
181.3069151260368,-38.403084921387986,10.334724891222894,-0.4194185631278474,-5.482362435106549,-5.0524602779234026e-14
181.41385072610103,-38.61226426422367,10.266303842994143,-0.417753984800774,-5.474700764634996,-5.0524602779234026e-14
181.52126034916094,-38.821400047239855,10.195480615935095,-0.4159369020929779,-5.467644536520963,-1.6841534259744676e-14
181.6291512063251,-39.030491251726616,10.122230609499693,-0.41396317334235433,-5.4611987075224615,-1.0104920555846805e-13
181.73753060924992,-39.2395368450902,10.04652922314189,-0.4118285906825983,-5.455368214264289,-5.0524602779234026e-14
