galstreams/tracks/track.st.NGC5466.ibata2021.ecsv
# %ECSV 0.9
# ---
# datatype:
# - {name: ra, unit: deg, datatype: float64}
# - {name: dec, unit: deg, datatype: float64}
# - {name: distance, unit: kpc, datatype: float64}
# - {name: pm_ra_cosdec, unit: mas / yr, datatype: float64}
# - {name: pm_dec, unit: mas / yr, datatype: float64}
# - {name: radial_velocity, unit: km / s, datatype: float64}
# delimiter: ','
# meta: !!omap
# - __serialized_columns__:
#     dec:
#       __class__: astropy.coordinates.angles.Latitude
#       unit: &id001 !astropy.units.Unit {unit: deg}
#       value: !astropy.table.SerializedColumn {name: dec}
#     distance:
#       __class__: astropy.coordinates.distances.Distance
#       unit: !astropy.units.Unit {unit: kpc}
#       value: !astropy.table.SerializedColumn {name: distance}
#     pm_dec:
#       __class__: astropy.units.quantity.Quantity
#       unit: !astropy.units.Unit {unit: mas / yr}
#       value: !astropy.table.SerializedColumn {name: pm_dec}
#     pm_ra_cosdec:
#       __class__: astropy.units.quantity.Quantity
#       unit: !astropy.units.Unit {unit: mas / yr}
#       value: !astropy.table.SerializedColumn {name: pm_ra_cosdec}
#     ra:
#       __class__: astropy.coordinates.angles.Longitude
#       unit: *id001
#       value: !astropy.table.SerializedColumn {name: ra}
#       wrap_angle: !astropy.coordinates.Angle
#         unit: *id001
#         value: 360.0
#     radial_velocity:
#       __class__: astropy.units.quantity.Quantity
#       unit: !astropy.units.Unit {unit: km / s}
#       value: !astropy.table.SerializedColumn {name: radial_velocity}
# schema: astropy-2.0
ra,dec,distance,pm_ra_cosdec,pm_dec,radial_velocity
[from data line 1224]
220.42384650918754,23.244812210578296,14.137993006243313,-6.501755722536583,-0.3441500719680074,7.578690416885104e-14
220.43314373713,23.23958982044293,14.137855007179349,-6.502642193635308,-0.3436727293841365,1.4210044531659572e-13
220.44244136169502,23.23436839765387,14.137717778173553,-6.503526777889218,-0.3431966873623352,1.4104784942536167e-13
220.45173938490996,23.22914794445868,14.137581316807688,-6.504409470820347,-0.3427219500502128,6.631354114774466e-14
220.46103780880242,23.223928463104556,14.13744562066351,-6.5052902679516516,-0.3422485215964381,1.894672604221276e-14
220.4703366354003,23.218709955838346,14.13731068732277,-6.50616916480698,-0.34177640615074556,1.1368035625327657e-13
220.4796358667317,23.213492424906534,14.137176514367232,-6.507046156911094,-0.3413056078639267,2.5262301389617013e-14
220.48893550482504,23.208275872555248,14.137043099378648,-6.507921239789649,-0.3408361308878434,2.2525552072408504e-13
220.49823555170894,23.203060301030273,14.136910439938777,-6.508794408969217,-0.34036797937541063,4.210383564936169e-14
220.50753600941226,23.197845712577017,14.136778533629364,-6.5096656599772675,-0.33990115748060645,1.4420563709906378e-13
220.51683687996416,23.19263210944054,14.136647378032176,-6.510534988342173,-0.33943566935847197,1.3894265764289357e-13
220.52613816539406,23.18741949386555,14.136516970728962,-6.5114023895932105,-0.33897151916510665,2.2104513715914888e-13
220.53543986773158,23.182207868096395,14.136387309301485,-6.512267859260559,-0.3385087110576662,1.4315304120782974e-13
220.5447419890066,23.176997234377055,14.1362583913315,-6.513131392875302,-0.33804724919437024,1.5999457546757442e-13
220.55404453124936,23.171787594951184,14.136130214400756,-6.513992985969429,-0.33758713773449245,1.221011233831489e-13
220.5633474964902,23.166578952062043,14.136002776091013,-6.514852634075829,-0.3371283808383666,1.1368035625327657e-13
220.57265088675973,23.161371307952567,14.135876073984027,-6.51571033272829,-0.3366709826673844,8.631286308119147e-14
220.58195470408893,23.156164664865326,14.135750105661558,-6.516566077461507,-0.33621494738399005,2.6314897280851057e-14
220.59125895050894,23.150959025042525,14.135624868705353,-6.517419863811079,-0.3357602791516894,1.8525687685719145e-13
220.60056362805122,23.145754390726026,14.13550036069718,-6.518271687313498,-0.33530698213504057,1.6525755492374463e-13
220.60986873874737,23.140550764157336,14.13537657921878,-6.519121543506172,-0.33485506049965774,8.21024795162553e-14
220.6191742846293,23.135348147577606,14.135253521851922,-6.519969427927397,-0.3344045184122107,8.315507540748934e-14
220.62848026772926,23.130146543227614,14.135131186178354,-6.520815336116378,-0.3339553600404233,1.8736206863965952e-13
220.63778669007962,23.124945953347815,14.135009569779836,-6.52165926361322,-0.3335075895530715,4.631421921429786e-14
220.64709355371303,23.119746380178288,14.13488867023812,-6.52250120595893,-0.33306121111998677,-2.2104513715914887e-14
220.65640086066244,23.11454782595876,14.134768485134966,-6.523341158695409,-0.3326162289120526,1.9999321933446802e-14
220.66570861296103,23.109350292928614,14.13464901205213,-6.524179117365469,-0.33217264710120586,1.5367900012017016e-13
220.67501681264218,23.104153783326858,14.134530248571366,-6.525015077512812,-0.3317304698604314,2.1788734948544676e-13
220.68432546173963,23.098958299392187,14.13441219227443,-6.525849034682054,-0.3312897013637672,1.368374658604255e-13
220.69363456228726,23.093763843362886,14.134294840743076,-6.526680984418701,-0.33085034578630534,1.0104920555846805e-13
220.70294411631926,23.08857041747694,14.134178191559066,-6.5275109222691565,-0.3304124073041839,9.368103431982976e-14
220.71225412587003,23.083378023971942,14.134062242304147,-6.528338843780733,-0.3299758900945952,1.8525687685719145e-13
220.72156459297432,23.078186665085152,14.133946990560084,-6.529164744501637,-0.3295407983357737,1.9473023987829782e-13
220.73087551966694,23.072996343053475,14.133832433908626,-6.5299886199809745,-0.32910713620701143,1.8630947274842547e-13
220.74018690798314,23.067807060113463,14.133718569931535,-6.530810465768754,-0.32867490788864273,2.642015686997446e-13
220.74949875995839,23.062618818501292,14.133605396210562,-6.531630277415882,-0.32824411756204974,1.0525958912340423e-14
220.75881107762825,23.05743162045283,14.133492910327465,-6.532448050474159,-0.3278147694096662,1.5999457546757442e-13
220.7681238630287,23.052245468203566,14.133381109864,-6.533263780496293,-0.3273868676149707,1.789413015097872e-13
220.77743711819593,23.047060363988624,14.133269992401921,-6.534077463035884,-0.3269604163624861,9.789141788476593e-14
220.7867508451663,23.041876310042795,14.133159555522987,-6.534889093647434,-0.32653541983778334,2.1893994537668078e-13
220.79606504597658,23.03669330860053,14.133049796808953,-6.535698667886338,-0.32611188222747867,2.3999186320136165e-13
220.80537972266362,23.031511361895888,14.13294071384157,-6.536506181308898,-0.32568980771923234,1.9578283576953187e-13
220.81469487726454,23.02633047216262,14.132832304202607,-6.537311629472302,-0.32526920050174934,1.894672604221276e-13
220.82401051181688,23.021150641634094,14.132724565473804,-6.538115007934648,-0.3248500647647779,1.0631218501463827e-13
220.8333266283582,23.015971872543357,14.132617495236927,-6.538916312254924,-0.3244324046991124,1.6841534259744676e-14
220.84264322892648,23.010794167123066,14.132511091073729,-6.5397155379930165,-0.32401622449659045,1.1683814392697868e-13
220.85196031555984,23.00561752760555,14.132405350565962,-6.540512680709714,-0.32360152835008604,4.4209027431829774e-14
220.8612778902967,23.0004419562228,14.132300271295389,-6.5413077359666945,-0.32318832045352114,1.294692946217872e-13
220.8705959551757,22.99526745520643,14.132195850843763,-6.542100699326538,-0.32277660500185495,1.4841602066399995e-13
220.87991451223576,22.990094026787716,14.132092086792841,-6.542891566352716,-0.3223663861910927,1.4841602066399995e-13
220.88923356351603,22.984921673197587,14.131988976724374,-6.543680332609607,-0.32195766821827637,1.3999525353412762e-13
220.89855311105592,22.979750396666603,14.131886518220128,-6.5444669936624695,-0.32155045528149245,2.1051917824680845e-13
220.90787315689508,22.97458019942501,14.131784708861847,-6.545251545077477,-0.32114475157985667,7.789209595131913e-14
220.91719370307334,22.96941108370266,14.131683546231292,-6.546033982421684,-0.3207405613135393,2.48412630331234e-13
220.92651475163092,22.964243051729092,14.131583027910224,-6.5468143012630495,-0.32033788868373314,1.0420699323217018e-13
220.93583630460816,22.959076105733466,14.131483151480392,-6.547592497170424,-0.3199367378926832,2.1683475359421271e-13
220.9451583640457,22.953910247944627,14.131383914523553,-6.548368565713554,-0.3195371131436622,1.3578486996919146e-13
220.95448093198445,22.948745480591036,14.131285314621465,-6.549142502463084,-0.31913901864098415,1.1578554803574466e-13
220.9638040104655,22.943581805900823,14.131187349355883,-6.549914302990549,-0.31874245859000006,1.9262504809582973e-13
220.97312760153022,22.93841922610177,14.131090016308566,-6.5506839628683835,-0.31834743719709535,1.3367967818672336e-13
220.98245170722026,22.9332577434213,14.130993313061264,-6.551451477669916,-0.31795395866969456,2.3051850018025525e-13
220.9917763295775,22.92809736008649,14.130897237195738,-6.552216842969366,-0.31756202721625254,5.999796580034041e-14
221.001101470644,22.922938078324087,14.130801786293738,-6.5529800543418535,-0.3171716470462629,7.368171238638296e-14
221.0104271324621,22.917779900360458,14.130706957937026,-6.5537411073633836,-0.31678282237025346,1.4841602066399995e-13
221.01975331707445,22.912622828421636,14.13061274970736,-6.554499997610866,-0.316395557399783,1.7473091794485103e-13
221.02908002652387,22.907466864733326,14.130519159186486,-6.555256720662097,-0.3160098563474453,6.420834936527658e-14
221.0384072628535,22.90231201152085,14.13042618395617,-6.556011272095772,-0.31562572342687023,2.3999186320136165e-13
221.04773502810662,22.897158271009207,14.130333821598157,-6.556763647491478,-0.3152431628527107,1.1157516447080849e-13
221.05706332432686,22.89200564542304,14.130242069694212,-6.557513842429694,-0.3148621788406627,6.526094525651062e-14
221.066392153558,22.886854136986642,14.13015092582609,-6.558261852491791,-0.31448277560744864,4.73668151055319e-14
221.07572151784416,22.881703747923964,14.130060387575542,-6.559007673260039,-0.31410495737082267,1.368374658604255e-13
221.08505141922961,22.876554480458605,14.129970452524331,-6.559751300317593,-0.313728728349567,1.7999389740102124e-13
221.09438185975898,22.871406336813823,14.12988111825421,-6.5604927292485105,-0.31335409276349613,1.0525958912340423e-13
221.103712841477,22.86625931921252,14.129792382346933,-6.561231955637732,-0.3129810548334547,1.24206315165617e-13
221.11304436642877,22.861113429877268,14.129704242384255,-6.561968975071098,-0.31260961878131494,1.3262708229548932e-13
221.12237643665958,22.855968671030272,14.129616695947936,-6.562703783135335,-0.31223978882997966,1.568367877938723e-13
221.13170905421495,22.850825044893398,14.129529740619729,-6.563436375418068,-0.31187156920337744,4.315643154059573e-14
221.14104222114068,22.845682553688174,14.129443373981388,-6.564166747507812,-0.3115049641264673,1.0104920555846805e-13
221.15037593948279,22.840541199635776,14.129357593614676,-6.564894894993966,-0.31113997782523284,-4.73668151055319e-14
221.15971021128755,22.83540098495703,14.129272397101342,-6.565620813466834,-0.310776614526686,6.947132882144679e-14
221.16904503860144,22.830261911872423,14.129187782023148,-6.5663444985176005,-0.3104148784588669,1.9051985631336166e-13
221.1783804234713,22.82512398260209,14.129103745961844,-6.567065945738349,-0.3100547738508346,1.3262708229548932e-13
221.1877163679441,22.81998719936583,14.12902028649919,-6.567785150722052,-0.3096963049326806,1.347322740779574e-13
221.19705287406703,22.814851564383087,14.128937401216934,-6.568502109062568,-0.3093394759355202,4.8419410996765944e-14
221.20638994388764,22.809717079872964,14.128855087696845,-6.569216816354652,-0.3089842910914909,1.49468616555234e-13
221.21572757945364,22.804583748054213,14.12877334352067,-6.569929268193947,-0.30863075463375444,1.1157516447080849e-13
221.22506578281298,22.79945157114525,14.128692166270168,-6.570639460176991,-0.3082788707964975,1.021018014497021e-13
221.2344045560139,22.794320551364155,14.128611553527097,-6.571347387901204,-0.30792864381492985,9.262843842859572e-14
221.2437439011049,22.78919069092864,14.128531502873205,-6.572053046964906,-0.30758007792528186,1.0631218501463827e-13
221.2530838201346,22.78406199205608,14.128452011890253,-6.5727564329673,-0.3072331773648088,1.7052053437991484e-13
221.262424315152,22.778934456963526,14.12837307816,-6.573457541508481,-0.30688794637178424,1.6525755492374463e-13
221.27176538820626,22.77380808786765,14.128294699264199,-6.574156368189431,-0.30654438918550586,9.789141788476593e-14
221.28110704134684,22.76868288698481,14.128216872784602,-6.5748529086120335,-0.30620251004628957,1.568367877938723e-13
221.29044927662338,22.763558856531006,14.128139596302972,-6.575547158379042,-0.305862313195476,7.578690416885104e-14
221.29979209608578,22.7584359987219,14.12806286740106,-6.5762391130941165,-0.30552380287542136,5.0524602779234026e-14
221.30913550178423,22.75331431577281,14.127986683660623,-6.576928768361798,-0.30518698332950056,1.0525958912340423e-14
221.31847949576908,22.748193809898705,14.127911042663419,-6.577616119787514,-0.3048518588021129,1.3367967818672336e-13
221.327824080091,22.743074483314206,14.127835941991199,-6.5783011629775885,-0.3045184335386701,-2.1051917824680845e-15
221.33716925680088,22.737956338233616,14.127761379225728,-6.578983893539231,-0.30418671178560436,1.5052121244646804e-13
221.3465150279498,22.73283937687088,14.127687351948756,-6.579664307080534,-0.30385669779036545,2.2525552072408504e-13
221.3558613955892,22.727723601439585,14.127613857742032,-6.580342399210487,-0.3035283958014219,5.789277401787233e-14
221.36520836177056,22.722609014152997,14.127540894187327,-6.5810181655389615,-0.3032018100682549,2.536756097874042e-13
221.37455592854585,22.71749561722404,14.127468458866385,-6.581691601676721,-0.30287694484136535,1.6841534259744677e-13
221.38390409796705,22.712383412865268,14.127396549360965,-6.5823627032354155,-0.3025538043722671,1.3894265764289357e-13
221.39325287208655,22.707272403288936,14.127325163252822,-6.583031465827583,-0.3022323929134918,1.221011233831489e-13
221.40260225295688,22.702162590706923,14.127254298123722,-6.583697885066641,-0.301912714718585,1.5052121244646804e-13
221.41195224263086,22.697053977330782,14.127183951555407,-6.5843619565669105,-0.30159477404210494,1.5999457546757442e-13
221.42130284316153,22.691946565371712,14.12711412112964,-6.585023675943588,-0.30127857513962664,1.2104852749191487e-13
221.4306540566022,22.686840357040584,14.127044804428175,-6.585683038812758,-0.3009641222677351,4.4209027431829774e-14
221.44000588500634,22.681735354547932,14.126975999032766,-6.586340040791398,-0.30065141968403175,2.063087946818723e-13
221.4493583304278,22.676631560103925,14.126907702525173,-6.586994677497366,-0.3003404716471272,9.683882199353189e-14
221.45871139492053,22.671528975918406,14.126839912487153,-6.587646944549405,-0.3000312824166483,8.104988362502126e-14
221.46806508053876,22.666427604200884,14.126772626500458,-6.588296837567156,-0.29972385625322784,8.526026718995742e-14
221.47741938933703,22.66132744716052,14.126705842146844,-6.588944352171134,-0.2994181974185162,9.578622610229784e-14
221.48677432337004,22.65622850700613,14.126639557008073,-6.589589483982746,-0.2991143101751684,6.315575347404254e-14
221.49612988469272,22.651130785946194,14.126573768665889,-6.590232228624283,-0.2988121987868541,2.1051917824680846e-14
221.50548607536035,22.64603428618886,14.126508474702057,-6.590872581718925,-0.29851186751825187,-2.7367493172085098e-14
221.51484289742828,22.64093900994191,14.126443672698334,-6.591510538890732,-0.29821332063504846,2.0841398646434036e-13
221.52420035295228,22.63584495941282,14.12637936023647,-6.5921460957646545,-0.2979165624039379,7.894469184255317e-14
221.53355844398826,22.63075213680871,14.126315534898227,-6.592779247966529,-0.29762159709262587,7.789209595131913e-14
221.5429171725923,22.62566054433636,14.126252194265353,-6.593409991123075,-0.2973284289698263,6.105056169157445e-14
221.55227654082088,22.62057018420221,14.126189335919612,-6.594038320861893,-0.29703706230525717,1.3052189051302125e-13
221.5616365507306,22.61548105861235,14.126126957442759,-6.594664232811477,-0.29674750136964934,1.4315304120782974e-13
221.57099720437841,22.610393169772557,14.126065056416541,-6.5952877226012,-0.29645975043473133,5.999796580034041e-14
221.58035850382132,22.60530651988826,14.126003630422726,-6.595908785861321,-0.29617381377324953,1.9473023987829782e-13
221.58972045111673,22.600221111164533,14.125942677043065,-6.596527418222983,-0.29588969565894274,1.4420563709906378e-13
221.59908304832226,22.595136945806125,14.125882193859306,-6.5971436153182195,-0.29560740036656646,5.157719867046807e-14
221.6084462974957,22.59005402601745,14.12582217845322,-6.597757372779936,-0.2953269321718768,1.3894265764289357e-13
221.61781020069515,22.584972354002574,14.125762628406552,-6.5983686862419315,-0.29504829535163307,1.4315304120782974e-13
221.62717475997886,22.579891931965225,14.12570354130106,-6.598977551338887,-0.29477149418359794,1.1789073981821273e-13
221.63653997740542,22.574812762108806,14.125644914718503,-6.599583963706367,-0.29449653294654266,1.9262504809582973e-13
221.64590585503365,22.56973484663637,14.125586746240634,-6.600187918980815,-0.2942234159202361,4.631421921429786e-14
221.6552723949225,22.564658187750634,14.125529033449208,-6.6007894127995685,-0.29395214738545183,1.3262708229548932e-13
221.66463959913125,22.55958278765397,14.125471773925987,-6.601388440800836,-0.29368273162396646,1.1894333570944678e-13
