galstreams/tracks/track.st.M5.sollima2020.ecsv
# %ECSV 1.0
# ---
# datatype:
# - {name: ra, unit: deg, datatype: float64}
# - {name: dec, unit: deg, datatype: float64}
# - {name: distance, unit: kpc, datatype: float64}
# - {name: pm_ra_cosdec, unit: mas / yr, datatype: float64}
# - {name: pm_dec, unit: mas / yr, datatype: float64}
# - {name: radial_velocity, unit: km / s, datatype: float64}
# delimiter: ','
# meta: !!omap
# - __serialized_columns__:
#     dec:
#       __class__: astropy.coordinates.angles.Latitude
#       unit: &id001 !astropy.units.Unit {unit: deg}
#       value: !astropy.table.SerializedColumn {name: dec}
#     distance:
#       __class__: astropy.coordinates.distances.Distance
#       unit: !astropy.units.Unit {unit: kpc}
#       value: !astropy.table.SerializedColumn {name: distance}
#     pm_dec:
#       __class__: astropy.units.quantity.Quantity
#       unit: !astropy.units.Unit {unit: mas / yr}
#       value: !astropy.table.SerializedColumn {name: pm_dec}
#     pm_ra_cosdec:
#       __class__: astropy.units.quantity.Quantity
#       unit: !astropy.units.Unit {unit: mas / yr}
#       value: !astropy.table.SerializedColumn {name: pm_ra_cosdec}
#     ra:
#       __class__: astropy.coordinates.angles.Longitude
#       unit: *id001
#       value: !astropy.table.SerializedColumn {name: ra}
#       wrap_angle: !astropy.coordinates.Angle
#         unit: *id001
#         value: 360.0
#     radial_velocity:
#       __class__: astropy.units.quantity.Quantity
#       unit: !astropy.units.Unit {unit: km / s}
#       value: !astropy.table.SerializedColumn {name: radial_velocity}
# schema: astropy-2.0
ra,dec,distance,pm_ra_cosdec,pm_dec,radial_velocity
[from data line 244]
230.07533151908936,1.7284829364330463,7.479000000000001,0.0,0.0,0.0
230.08355599547625,1.722729201457575,7.478999999999999,0.0,0.0,0.0
230.09180211537225,1.7170049256712858,7.478999999999999,0.0,0.0,0.0
230.10007018134206,1.7113105197903131,7.479000000000001,0.0,0.0,0.0
230.10836048884698,1.705646384862771,7.478999999999999,0.0,0.0,0.0
230.1166733261019,1.700012912075179,7.479,0.0,0.0,0.0
230.12500897393315,1.694410482558881,7.478999999999998,0.0,0.0,0.0
230.13336770563546,1.6888394671964793,7.478999999999997,0.0,0.0,0.0
230.14174978682973,1.6833002264282595,7.478999999999999,0.0,0.0,0.0
230.15015547532033,1.677793110058631,7.478999999999998,0.0,0.0,0.0
230.15858502095227,1.672318457062562,7.478999999999998,0.0,0.0,0.0
230.1670386654688,1.6668765953920242,7.478999999999999,0.0,0.0,0.0
230.17551664236865,1.6614678417824376,7.478999999999998,0.0,0.0,0.0
230.18401917676346,1.6560925015591168,7.478999999999997,0.0,0.0,0.0
230.19254648523506,1.6507508684437282,7.478999999999999,0.0,0.0,0.0
230.20109877569305,1.6454432243607433,7.478999999999999,0.0,0.0,0.0
230.20967624723176,1.6401698392438988,7.478999999999998,0.0,0.0,0.0
230.21827908998787,1.6349309708426598,7.478999999999998,0.0,0.0,0.0
230.22690748499784,1.6297268645286846,7.478999999999998,0.0,0.0,0.0
230.2355616040547,1.6245577531022979,7.478999999999999,0.0,0.0,0.0
230.24424160956605,1.619423856598961,7.478999999999998,0.0,0.0,0.0
230.25294765441103,1.61432538209575,7.478999999999998,0.0,0.0,0.0
230.26167988179742,1.6092625235178344,7.478999999999997,0.0,0.0,0.0
230.2704384251195,1.6042354614449619,7.4789999999999965,0.0,0.0,0.0
230.27922340781467,1.5992443629179427,7.478999999999998,0.0,0.0,0.0
230.28803494322148,1.5942893812451424,7.478999999999998,0.0,0.0,0.0
230.29687313443625,1.5893706558089726,7.4789999999999965,0.0,0.0,0.0
230.3057380741707,1.5844883118723863,7.478999999999997,0.0,0.0,0.0
230.3146298446091,1.57964246038538,7.478999999999998,0.0,0.0,0.0
230.32354851726566,1.5748331977914944,7.478999999999997,0.0,0.0,0.0
230.3324941528417,1.5700606058343187,7.478999999999998,0.0,0.0,0.0
230.34146680108276,1.565324751364001,7.4789999999999965,0.0,0.0,0.0
230.35046650063617,1.560625686143758,7.4789999999999965,0.0,0.0,0.0
230.35949327890802,1.5559634466563914,7.4789999999999965,0.0,0.0,0.0
230.3685471519205,1.5513380539108022,7.478999999999998,0.0,0.0,0.0
230.37762812416906,1.5467495132485127,7.478999999999997,0.0,0.0,0.0
230.38673618847977,1.5421978141501873,7.478999999999998,0.0,0.0,0.0
230.3958713258664,1.5376829300421604,7.478999999999996,0.0,0.0,0.0
230.40503350538765,1.5332048181029605,7.478999999999996,0.0,0.0,0.0
230.4142226840045,1.5287634190698445,7.4789999999999965,0.0,0.0,0.0
230.4234388064372,1.5243586570453287,7.4789999999999965,0.0,0.0,0.0
230.43268180502258,1.5199904393037238,7.478999999999997,0.0,0.0,0.0
230.44195159957113,1.5156586560976717,7.478999999999996,0.0,0.0,0.0
230.45124809722444,1.511363180464689,7.4789999999999965,0.0,0.0,0.0
230.46057119231216,1.5071038680337046,7.4789999999999965,0.0,0.0,0.0
230.4699207662091,1.502880556831607,7.478999999999997,0.0,0.0,0.0
230.47929668719266,1.4986930670897889,7.4789999999999965,0.0,0.0,0.0
230.48869881029984,1.4945412010506969,7.478999999999996,0.0,0.0,0.0
230.49812697718423,1.490424742774378,7.4789999999999965,0.0,0.0,0.0
230.50758101597364,1.4863434579450359,7.4789999999999965,0.0,0.0,0.0
230.51706074112684,1.4822970936775803,7.478999999999996,0.0,0.0,0.0
230.52656595329074,1.4782853783241838,7.4789999999999965,0.0,0.0,0.0
230.5360964391577,1.4743080212808395,7.4789999999999965,0.0,0.0,0.0
230.54565197132257,1.4703647127939141,7.478999999999996,0.0,0.0,0.0
230.55523230813992,1.466455123766714,7.4789999999999965,0.0,0.0,0.0
230.564837193581,1.4625789055660365,7.478999999999995,0.0,0.0,0.0
230.574466357091,1.4587356898287396,7.478999999999995,0.0,0.0,0.0
230.58411951344618,1.4549250882682974,7.478999999999996,0.0,0.0,0.0
230.59379636261093,1.4511466924813674,7.478999999999995,0.0,0.0,0.0
230.60349658959493,1.4474000737543518,7.478999999999996,0.0,0.0,0.0
230.61321986431028,1.4436847828699613,7.478999999999995,0.0,0.0,0.0
230.62296584142857,1.4400003499137808,7.478999999999996,0.0,0.0,0.0
230.632734160238,1.4363462840808339,7.478999999999995,0.0,0.0,0.0
230.6425244445007,1.4327220734821469,7.478999999999995,0.0,0.0,0.0
230.65233630230935,1.4291271849513156,7.478999999999996,0.0,0.0,0.0
230.6621693259449,1.4255610638510685,7.478999999999995,0.0,0.0,0.0
230.67202309173325,1.4220231338798297,7.4789999999999965,0.0,0.0,0.0
230.68189715990255,1.4185127968782896,7.478999999999995,0.0,0.0,0.0
230.6917910744403,1.41502943263596,7.478999999999996,0.0,0.0,0.0
230.70170436295027,1.4115723986977435,7.478999999999995,0.0,0.0,0.0
230.7116365365099,1.4081410301704929,7.4789999999999965,0.0,0.0,0.0
230.72158708952747,1.4047346395295723,7.478999999999994,0.0,0.0,0.0
230.73155549959858,1.4013525164254157,7.478999999999995,0.0,0.0,0.0
230.74154122736422,1.3979939274900892,7.478999999999995,0.0,0.0,0.0
230.75154371636714,1.394658116143843,7.478999999999995,0.0,0.0,0.0
230.76156239290916,1.3913443024016698,7.478999999999995,0.0,0.0,0.0
230.77159666590856,1.3880516826798572,7.4789999999999965,0.0,0.0,0.0
230.7816459267569,1.384779429602539,7.478999999999996,0.0,0.0,0.0
230.79170954917632,1.3815266918082425,7.478999999999994,0.0,0.0,0.0
230.80178688907657,1.3782925937564374,7.478999999999995,0.0,0.0,0.0
230.81187728441245,1.3750762355340755,7.478999999999995,0.0,0.0,0.0
230.82198005504029,1.3718766926621366,7.478999999999996,0.0,0.0,0.0
230.832094502576,1.3686930159021626,7.478999999999995,0.0,0.0,0.0
230.8422199102515,1.365524231062792,7.478999999999996,0.0,0.0,0.0
230.85235554277224,1.3623693388062916,7.478999999999994,0.0,0.0,0.0
230.8625006461743,1.3592273144550837,7.478999999999995,0.0,0.0,0.0
230.8726544476815,1.3560971077982678,7.478999999999996,0.0,0.0,0.0
230.88281615556275,1.3529776428981406,7.4789999999999965,0.0,0.0,0.0
230.8929849589892,1.3498678178967112,7.478999999999996,0.0,0.0,0.0
230.90316002789115,1.3467665048222075,7.478999999999995,0.0,0.0,0.0
230.91334051281586,1.3436725493955854,7.478999999999995,0.0,0.0,0.0
230.92352554478435,1.340584770837024,7.478999999999996,0.0,0.0,0.0
230.93371423514856,1.337501961672423,7.478999999999996,0.0,0.0,0.0
230.94390567544903,1.3344228875398907,7.478999999999996,0.0,0.0,0.0
230.95409893727182,1.3313462869962231,7.478999999999995,0.0,0.0,0.0
230.96429307210576,1.3282708713233848,7.478999999999996,0.0,0.0,0.0
230.97448711120018,1.3251953243349766,7.478999999999995,0.0,0.0,0.0
230.98468006542157,1.3221183021826983,7.478999999999995,0.0,0.0,0.0
230.99487092511157,1.3190384331628036,7.478999999999993,0.0,0.0,0.0
231.0050586599437,1.3159543175225523,7.478999999999996,0.0,0.0,0.0
231.0152422187812,1.3128645272666473,7.478999999999995,0.0,0.0,0.0
231.025420529534,1.309767605963669,7.478999999999996,0.0,0.0,0.0
231.03559249901656,1.3066620685525023,7.478999999999995,0.0,0.0,0.0
231.04575701280478,1.3035464011487492,7.478999999999996,0.0,0.0,0.0
231.0559129350938,1.3004190608511397,7.478999999999996,0.0,0.0,0.0
231.06605910855532,1.2972784755479274,7.478999999999995,0.0,0.0,0.0
231.07619435419505,1.2941230437232807,7.478999999999995,0.0,0.0,0.0
231.08631747121012,1.2909511342636628,7.478999999999995,0.0,0.0,0.0
231.0964272368468,1.2877610862641966,7.4789999999999965,0.0,0.0,0.0
231.10652240625802,1.2845512088350293,7.4789999999999965,0.0,0.0,0.0
231.11660171236053,1.2813197809076768,7.478999999999996,0.0,0.0,0.0
231.12666386569302,1.278065051041365,7.478999999999995,0.0,0.0,0.0
231.1367075542735,1.2747852372293498,7.4789999999999965,0.0,0.0,0.0
231.1467314434567,1.2714785267052373,7.478999999999996,0.0,0.0,0.0
231.15673417579208,1.2681430757492855,7.478999999999996,0.0,0.0,0.0
231.16671437088158,1.2647770094946937,7.478999999999996,0.0,0.0,0.0
231.17667062523688,1.2613784217338806,7.478999999999995,0.0,0.0,0.0
231.18660151213749,1.2579453747247495,7.478999999999996,0.0,0.0,0.0
231.19650558148842,1.2544758989969436,7.478999999999995,0.0,0.0,0.0
231.20638135967806,1.2509679931580784,7.478999999999995,0.0,0.0,0.0
231.21622734943597,1.2474196236999764,7.478999999999995,0.0,0.0,0.0
231.2260420296907,1.2438287248048683,7.478999999999995,0.0,0.0,0.0
231.2358238554277,1.2401931981515995,7.478999999999996,0.0,0.0,0.0
231.2455712575474,1.236510912721805,7.478999999999995,0.0,0.0,0.0
231.25528264272288,1.2327797046060835,7.478999999999995,0.0,0.0,0.0
231.26495639325816,1.2289973768101472,7.478999999999996,0.0,0.0,0.0
231.27459086694608,1.225161699060962,7.4789999999999965,0.0,0.0,0.0
231.28418439692643,1.2212704076128675,7.478999999999995,0.0,0.0,0.0
231.29373529154404,1.2173212050536886,7.478999999999996,0.0,0.0,0.0
231.30324183420674,1.2133117601108208,7.478999999999994,0.0,0.0,0.0
231.31270228324396,1.2092397074573116,7.478999999999995,0.0,0.0,0.0
231.32211487176463,1.2051026475179185,7.4789999999999965,0.0,0.0,0.0
231.33147780751517,1.2008981462751487,7.478999999999995,0.0,0.0,0.0
231.34078927273853,1.1966237350752922,7.478999999999995,0.0,0.0,0.0
231.35004742403177,1.1922769104344293,7.478999999999996,0.0,0.0,0.0
231.35925039220487,1.1878551338444256,7.478999999999996,0.0,0.0,0.0
231.36839628213883,1.1833558315789101,7.478999999999995,0.0,0.0,0.0
231.3774831726444,1.1787763944992402,7.4789999999999965,0.0,0.0,0.0
231.38650911632018,1.1741141778604427,7.478999999999996,0.0,0.0,0.0
231.39547213941157,1.1693665011171475,7.478999999999995,0.0,0.0,0.0
231.40437024166897,1.1645306477295,7.478999999999996,0.0,0.0,0.0
231.41320139620635,1.1596038649690588,7.478999999999995,0.0,0.0,0.0
231.42196354936016,1.154583363724678,7.478999999999994,0.0,0.0,0.0
231.4306546205477,1.1494663183083744,7.478999999999996,0.0,0.0,0.0
231.43927250212576,1.1442498662611815,7.478999999999995,0.0,0.0,0.0
231.4478150592495,1.1389311081589844,7.478999999999996,0.0,0.0,0.0
231.45628012973123,1.1335071074183443,7.478999999999995,0.0,0.0,0.0
231.46466552389893,1.1279748901023097,7.478999999999995,0.0,0.0,0.0
231.47296902445518,1.1223314447262116,7.478999999999996,0.0,0.0,0.0
231.48118838633604,1.1165737220634515,7.4789999999999965,0.0,0.0,0.0
231.48932133656976,1.1106986349512693,7.478999999999996,0.0,0.0,0.0
231.4973655741356,1.1047030580965094,7.478999999999995,0.0,0.0,0.0
231.50531876982294,1.0985838278813729,7.4789999999999965,0.0,0.0,0.0
231.5131785660899,1.09233774216916,7.478999999999995,0.0,0.0,0.0
231.52094257692247,1.0859615601100077,7.478999999999995,0.0,0.0,0.0
231.5286083876931,1.0794520019466158,7.478999999999996,0.0,0.0,0.0
231.53617355502018,1.0728057488199734,7.478999999999996,0.0,0.0,0.0
231.54363560662617,1.0660194425750789,7.4789999999999965,0.0,0.0,0.0
231.55099204119725,1.0590896855666556,7.478999999999996,0.0,0.0,0.0
231.55824032824185,1.0520130404648715,7.478999999999995,0.0,0.0,0.0
231.56537790794954,1.044786030061054,7.478999999999996,0.0,0.0,0.0
231.57240219104995,1.0374051370734128,7.478999999999996,0.0,0.0,0.0
231.57931055867172,1.0298668039527672,7.478999999999996,0.0,0.0,0.0
231.5861003622012,1.0221674326882748,7.478999999999996,0.0,0.0,0.0
231.59276892314134,1.0143033846131797,7.478999999999996,0.0,0.0,0.0
231.59931353297017,1.0062709802105647,7.478999999999996,0.0,0.0,0.0
231.60573145299998,0.9980664989191199,7.478999999999996,0.0,0.0,0.0
231.6120199142354,0.989686178938934,7.478999999999996,0.0,0.0,0.0
231.61817611723225,0.9811262170373007,7.4789999999999965,0.0,0.0,0.0
231.6241972319562,0.972382768354552,7.478999999999995,0.0,0.0,0.0
231.63008039764068,0.9634519462099181,7.478999999999995,0.0,0.0,0.0
231.6358227226457,0.9543298219074201,7.478999999999996,0.0,0.0,0.0
231.6414212843156,0.9450124245417991,7.478999999999995,0.0,0.0,0.0
231.64687312883763,0.9354957408044796,7.478999999999996,0.0,0.0,0.0
231.65217527109925,0.9257757147895818,7.478999999999995,0.0,0.0,0.0
231.65732469454667,0.9158482477999845,7.4789999999999965,0.0,0.0,0.0
231.6623183510418,0.9057091981534369,7.478999999999996,0.0,0.0,0.0
231.66715316072026,0.8953543809887282,7.478999999999995,0.0,0.0,0.0
231.6718260118484,0.8847795680719315,7.478999999999996,0.0,0.0,0.0
231.67633376068036,0.8739804876027067,7.4789999999999965,0.0,0.0,0.0
231.68067323131515,0.8629528240206891,7.478999999999995,0.0,0.0,0.0
231.68484121555304,0.8516922178119539,7.478999999999995,0.0,0.0,0.0
231.68883447275195,0.8401942653155794,7.4789999999999965,0.0,0.0,0.0
231.69264972968384,0.8284545185303008,7.478999999999995,0.0,0.0,0.0
231.69628368039008,0.8164684849212727,7.478999999999996,0.0,0.0,0.0
231.69973298603725,0.804231627226945,7.478999999999995,0.0,0.0,0.0
231.70299427477195,0.7917393632660571,7.4789999999999965,0.0,0.0,0.0
231.7060641415759,0.7789870657447711,7.478999999999996,0.0,0.0,0.0
231.7089391481202,0.7659700620639371,7.478999999999996,0.0,0.0,0.0
231.71161582261905,0.752683634126512,7.478999999999996,0.0,0.0,0.0
231.7140906596835,0.7391230181451401,7.4789999999999965,0.0,0.0,0.0
231.71636012017453,0.7252834044499021,7.478999999999995,0.0,0.0,0.0
231.71842063105524,0.7111599372962487,7.4789999999999965,0.0,0.0,0.0
231.72026858524302,0.6967477146731332,7.478999999999993,0.0,0.0,0.0
231.721900341461,0.682041788111341,7.478999999999996,0.0,0.0,0.0
231.7233122240888,0.667037162492047,7.478999999999996,0.0,0.0,0.0
231.72450052301247,0.6517287958556118,7.478999999999995,0.0,0.0,0.0
231.72546149347403,0.6361115992106128,7.4789999999999965,0.0,0.0,0.0
231.72619135592046,0.6201804363431529,7.478999999999995,0.0,0.0,0.0
231.72668629585118,0.6039301236264347,7.478999999999996,0.0,0.0,0.0
231.72694246366555,0.5873554298306473,7.478999999999996,0.0,0.0,0.0
231.7269559745088,0.5704510759331526,7.478999999999996,0.0,0.0,0.0
231.72672290811767,0.5532117349290052,7.478999999999996,0.0,0.0,0.0
231.7262393086647,0.5356320316418242,7.478999999999996,0.0,0.0,0.0
231.72550118460143,0.5177065425350367,7.478999999999995,0.0,0.0,0.0
231.7245045085009,0.4994297955235043,7.478999999999995,0.0,0.0,0.0
231.72324521689885,0.4807962697855651,7.478999999999994,0.0,0.0,0.0
231.72171921013333,0.4618003955755075,7.478999999999996,0.0,0.0,0.0
231.71992235218391,0.44243655403650217,7.478999999999995,0.0,0.0,0.0
231.7178504705087,0.4226990770140097,7.478999999999996,0.0,0.0,0.0
231.71549935588052,0.4025822468697002,7.478999999999995,0.0,0.0,0.0
231.71286476222147,0.3820802962959034,7.478999999999994,0.0,0.0,0.0
231.70994240643583,0.3611874081306057,7.478999999999995,0.0,0.0,0.0
231.70672796824155,0.33989771517306,7.478999999999994,0.0,0.0,0.0
231.70321708999998,0.31820529999998737,7.478999999999993,0.0,0.0,0.0
