galstreams/tracks/track.st.Indus.ibata2024.ecsv
# %ECSV 1.0
# ---
# datatype:
# - {name: ra, unit: deg, datatype: float64}
# - {name: dec, unit: deg, datatype: float64}
# - {name: distance, unit: kpc, datatype: float64}
# - {name: pm_ra_cosdec, unit: mas / yr, datatype: float64}
# - {name: pm_dec, unit: mas / yr, datatype: float64}
# - {name: radial_velocity, unit: km / s, datatype: float64}
# delimiter: ','
# meta: !!omap
# - __serialized_columns__:
#     dec:
#       __class__: astropy.coordinates.angles.Latitude
#       unit: &id001 !astropy.units.Unit {unit: deg}
#       value: !astropy.table.SerializedColumn {name: dec}
#     distance:
#       __class__: astropy.coordinates.distances.Distance
#       unit: !astropy.units.Unit {unit: kpc}
#       value: !astropy.table.SerializedColumn {name: distance}
#     pm_dec:
#       __class__: astropy.units.quantity.Quantity
#       unit: !astropy.units.Unit {unit: mas / yr}
#       value: !astropy.table.SerializedColumn {name: pm_dec}
#     pm_ra_cosdec:
#       __class__: astropy.units.quantity.Quantity
#       unit: !astropy.units.Unit {unit: mas / yr}
#       value: !astropy.table.SerializedColumn {name: pm_ra_cosdec}
#     ra:
#       __class__: astropy.coordinates.angles.Longitude
#       unit: *id001
#       value: !astropy.table.SerializedColumn {name: ra}
#       wrap_angle: !astropy.coordinates.Angle
#         unit: *id001
#         value: 360.0
#     radial_velocity:
#       __class__: astropy.units.quantity.Quantity
#       unit: !astropy.units.Unit {unit: km / s}
#       value: !astropy.table.SerializedColumn {name: radial_velocity}
# schema: astropy-2.0
ra,dec,distance,pm_ra_cosdec,pm_dec,radial_velocity
[from data line 6609]
351.94148332560326,-63.920876684535614,1.0000000000000007,4.707932363769441,-4.767820696988364,-13.632535593455403
351.92026203197713,-63.91604475440083,1.0000000000000007,4.706204556230903,-4.768845954976483,-13.671038207327157
351.89904641685206,-63.911210639390134,1.0000000000000007,4.704476886495827,-4.769869872214128,-13.709544717591672
351.8778364793786,-63.90637434072065,1.0000000000000007,4.702749355272029,-4.770892449084016,-13.748055128479217
351.85663221870374,-63.90153585960916,1.0000000000000007,4.701021963266427,-4.771913685969386,-13.786569444219973
351.83543363397104,-63.896695197272,1.0000000000000009,4.699294711185048,-4.772933583253966,-13.825087669044102
351.8142407243204,-63.891852354925184,1.0000000000000007,4.697567599733014,-4.773952141321989,-13.863609807181762
351.793053488888,-63.8870073337843,1.0000000000000007,4.69584062961453,-4.774969360558203,-13.90213586286325
351.7718719268068,-63.88216013506456,1.0000000000000007,4.694113801532927,-4.775985241347841,-13.940665840318701
351.7506960372059,-63.877310759980816,1.0000000000000009,4.6923871161906145,-4.77699978407664,-13.979199743778324
351.72952581921095,-63.872459209747504,1.0000000000000007,4.690660574289121,-4.7780129891308425,-14.017737577472248
351.7083612719443,-63.867605485578686,1.0000000000000009,4.688934176529061,-4.779024856897161,-14.056279345630767
351.6872023945242,-63.862749588688025,1.0000000000000009,4.687207923610147,-4.780035387762838,-14.094825052484046
351.6660491860662,-63.85789152028882,1.0000000000000007,4.685481816231224,-4.7810445821155705,-14.133374702262204
351.64490164568156,-63.85303128159396,1.0000000000000009,4.683755855090195,-4.782052440343573,-14.171928299195553
351.6237597724785,-63.84816887381593,1.0000000000000009,4.6820300408840945,-4.783058962835536,-14.210485847514235
351.60262356556154,-63.843304298166856,1.0000000000000009,4.68030437430905,-4.784064149980644,-14.249047351448441
351.58149302403183,-63.8384375558585,1.0000000000000007,4.678578856060303,-4.7850680021685585,-14.287612815228316
351.56036814698683,-63.83356864810216,1.0000000000000009,4.676853486832173,-4.786070519789435,-14.32618224308415
351.5392489335207,-63.82869757610878,1.0000000000000007,4.675128267318108,-4.787071703233907,-14.364755639246104
351.5181353827241,-63.82382434108894,1.0000000000000009,4.673403198210646,-4.788071552893085,-14.40333300794434
351.49702749368413,-63.81894894425278,1.0000000000000009,4.671678280201436,-4.7890700691585675,-14.441914353409038
351.47592526548453,-63.814071386810056,1.0000000000000007,4.669953513981234,-4.790067252422422,-14.480499679870478
351.45482869720547,-63.80919166997016,1.0000000000000007,4.668228900239883,-4.791063103077201,-14.519088991558803
351.43373778792375,-63.804309794942064,1.0000000000000009,4.666504439666352,-4.792057621515921,-14.557682292704147
351.4126525367127,-63.79942576293435,1.0000000000000009,4.664780132948708,-4.793050808132087,-14.596279587536827
351.39157294264226,-63.7945395751552,1.0000000000000007,4.663055980774121,-4.794042663319658,-14.63488088028697
351.3704990047788,-63.78965123281241,1.0000000000000007,4.661331983828873,-4.795033187473076,-14.67348617518478
351.3494307221854,-63.78476073711337,1.0000000000000007,4.659608142798344,-4.796022380987245,-14.712095476460409
351.32836809392165,-63.77986808926509,1.0000000000000007,4.657884458367031,-4.797010244257539,-14.750708788344127
351.30731111904373,-63.774973290474165,1.0000000000000007,4.656160931218526,-4.797996777679797,-14.789326115066089
351.28625979660444,-63.770076341946776,1.0000000000000007,4.654437562035542,-4.798981981650321,-14.827947460856514
351.26521412565324,-63.76517724488877,1.0000000000000007,4.652714351499898,-4.7999658565658745,-14.866572829945508
351.24417410523597,-63.76027600050549,1.0000000000000007,4.650991300292509,-4.800948402823684,-14.905202226563382
351.2231397343953,-63.755372610002006,1.0000000000000007,4.6492684090934135,-4.801929620821431,-14.943835654940282
351.20211101217046,-63.750467074582865,1.0000000000000007,4.647545678581745,-4.802909510957267,-14.98247311930637
351.1810879375973,-63.74555939545231,1.0000000000000007,4.645823109435766,-4.803888073629777,-15.021114623891888
351.16007050970813,-63.74064957381411,1.0000000000000007,4.644100702332821,-4.80486530923803,-15.059760172927048
351.13905872753224,-63.735737610871674,1.0000000000000007,4.642378457949396,-4.80584121818152,-15.098409770642
351.1180525900953,-63.730823507828,1.0000000000000007,4.6406563769610685,-4.806815800860205,-15.13706342126689
351.0970520964197,-63.725907265885674,1.0000000000000007,4.638934460042526,-4.807789057674498,-15.175721129032032
351.0760572455244,-63.7209888862469,1.0000000000000007,4.637212707867571,-4.808760989025257,-15.214382898167559
351.05506803642527,-63.71606837011345,1.0000000000000007,4.635491121109126,-4.80973159531378,-15.253048732903663
351.03408446813455,-63.71114571868669,1.0000000000000007,4.633769700439215,-4.810700876941817,-15.2917186374705
351.0131065396613,-63.7062209331676,1.0000000000000007,4.632048446528976,-4.811668834311562,-15.330392616098361
350.9921342500113,-63.701294014756755,1.0000000000000007,4.630327360048669,-4.812635467825646,-15.369070673017369
350.9711675981869,-63.69636496465433,1.0000000000000009,4.628606441667649,-4.81360077788715,-15.407752812457694
350.9502065831872,-63.691433784060045,1.0000000000000007,4.626885692054404,-4.814564764899593,-15.446439038649618
350.92925120400804,-63.68650047417326,1.0000000000000007,4.625165111876522,-4.81552742926692,-15.485129355823295
350.90830145964185,-63.68156503619292,1.0000000000000007,4.623444701800717,-4.816488771393525,-15.523823768208915
350.88735734907783,-63.67662747131756,1.0000000000000009,4.621724462492807,-4.817448791684229,-15.562522280036635
350.86641887130196,-63.67168778074527,1.0000000000000007,4.6200043946177285,-4.818407490544297,-15.601224895536726
350.8454860252969,-63.66674596567379,1.0000000000000009,4.618284498839543,-4.819364868379411,-15.639931618939347
350.8245588100419,-63.66180202730042,1.0000000000000007,4.616564775821411,-4.820320925595698,-15.678642454474675
350.80363722451324,-63.65685596682203,1.0000000000000007,4.614845226225626,-4.8212756625997,-15.71735740637287
350.78272126768366,-63.65190778543511,1.0000000000000007,4.613125850713586,-4.822229079798398,-15.756076478864241
350.76181093852273,-63.64695748433571,1.0000000000000007,4.6114066499458115,-4.823181177599197,-15.7947996761789
350.7409062359968,-63.642005064719505,1.0000000000000007,4.609687624581938,-4.824131956409916,-15.833527002546997
350.7200071590691,-63.637050527781724,1.0000000000000007,4.607968775280722,-4.8250814166388105,-15.872258462198873
350.69911370669934,-63.63209387471721,1.0000000000000007,4.606250102700039,-4.8260295586945485,-15.910994059364612
350.6782258778442,-63.62713510672037,1.0000000000000007,4.604531607496877,-4.826976382986226,-15.949733798274446
350.6573436714573,-63.62217422498518,1.0000000000000007,4.6028132903273615,-4.82792188992334,-15.988477683158477
350.63646708648855,-63.61721123070525,1.0000000000000009,4.601095151846703,-4.8288660799158265,-16.027225718247074
350.6155961218851,-63.61224612507376,1.0000000000000007,4.599377192709269,-4.829808953374028,-16.065977907770304
350.5947307765907,-63.60727890928344,1.0000000000000009,4.597659413568523,-4.830750510708697,-16.10473425595841
350.573871049546,-63.60230958452664,1.0000000000000007,4.59594181507706,-4.831690752331001,-16.143494767041503
350.55301693968835,-63.59733815199526,1.0000000000000007,4.594224397886597,-4.832629678652517,-16.1822594452499
350.5321684459519,-63.592364612880836,1.0000000000000007,4.592507162647962,-4.8335672900852416,-16.221028294813745
350.5113255672679,-63.58738896837442,1.0000000000000007,4.590790110011122,-4.834503587041561,-16.25980131996319
350.4904883025639,-63.582411219666696,1.0000000000000009,4.589073240625147,-4.835438569934286,-16.29857852492849
350.46965665076476,-63.57743136794792,1.0000000000000007,4.587356555138248,-4.836372239176624,-16.33735991393983
350.4488306107921,-63.5724494144079,1.0000000000000007,4.58564005419775,-4.837304595182187,-16.376145491227394
350.4280101815641,-63.56746536023606,1.0000000000000007,4.583923738450099,-4.838235638364986,-16.414935261021327
350.4071953619961,-63.56247920662138,1.0000000000000007,4.582207608540873,-4.83916536913944,-16.45372922755192
350.38638615100024,-63.557490954752446,1.0000000000000009,4.580491665114767,-4.8400937879203605,-16.49252739504931
350.36558254748536,-63.552500605817364,1.0000000000000007,4.578775908815615,-4.841020895122961,-16.5313297677437
350.3447845503573,-63.5475081610039,1.0000000000000007,4.577060340286361,-4.841946691162848,-16.570136349865237
350.32399215851876,-63.54251362149933,1.0000000000000007,4.575344960169075,-4.842871176456032,-16.60894714564422
350.3032053708693,-63.537516988490545,1.0000000000000007,4.573629769104965,-4.843794351418904,-16.64776215931078
350.28242418630543,-63.53251826316401,1.0000000000000007,4.571914767734366,-4.84471621646825,-16.686581395095057
350.2616486037204,-63.52751744670573,1.0000000000000009,4.570199956696718,-4.845636772021259,-16.725404857227367
350.2408786220046,-63.52251454030133,1.0000000000000007,4.56848533663062,-4.846556018495493,-16.76423254993785
350.2201142400451,-63.517509545135994,1.0000000000000007,4.566770908173779,-4.8474739563089075,-16.803064477456672
350.199355456726,-63.51250246239449,1.0000000000000007,4.5650566719630365,-4.848390585879849,-16.841900644014004
350.1786022709282,-63.50749329326113,1.0000000000000007,4.563342628634356,-4.8493059076270475,-16.88074105384014
350.1578546815297,-63.50248203891982,1.0000000000000007,4.5616287788228425,-4.850219921969607,-16.91958571116524
350.1371126874053,-63.49746870055406,1.0000000000000007,4.559915123162721,-4.851132629327027,-16.958434620219457
350.11637628742693,-63.4924532793469,1.0000000000000007,4.558201662287362,-4.852044030119173,-16.99728778523296
350.095645480463,-63.48743577648096,1.0000000000000004,4.55648839682924,-4.852954124766308,-17.036145210436036
350.0749202653794,-63.48241619313843,1.0000000000000007,4.554775327419986,-4.853862913689054,-17.075006900058845
350.05420064103873,-63.47739453050107,1.0000000000000007,4.553062454690357,-4.854770397308414,-17.113872858331508
350.03348660630047,-63.47237078975026,1.0000000000000007,4.551349779270227,-4.85567657604578,-17.15274308948434
350.01277816002124,-63.467344972066876,1.0000000000000007,4.54963730178862,-4.856581450322902,-17.191617597747488
349.99207530105457,-63.4623170786314,1.0000000000000007,4.547925022873692,-4.857485020561902,-17.230496387351113
349.97137802825085,-63.45728711062391,1.0000000000000007,4.546212943152721,-4.858387287185285,-17.26937946252538
349.95068634045765,-63.452255069224,1.0000000000000007,4.544501063252123,-4.859288250615912,-17.308266827500606
349.9300002365194,-63.44722095561087,1.0000000000000007,4.5427893837974604,-4.860187911277021,-17.347158486506924
349.9093197152776,-63.44218477096328,1.0000000000000007,4.541077905413418,-4.861086269592204,-17.386054443774498
349.88864477557064,-63.43714651645956,1.0000000000000007,4.539366628723818,-4.861983325985438,-17.42495470353349
349.867975416234,-63.43210619327758,1.0000000000000007,4.537655554351621,-4.862879080881042,-17.463859270014208
349.84731163610024,-63.42706380259481,1.0000000000000009,4.535944682918919,-4.863773534703711,-17.502768147446805
349.82665343399884,-63.4220193455883,1.0000000000000007,4.534234015046955,-4.864666687878494,-17.54168134006137
349.80600080875627,-63.4169728234346,1.0000000000000007,4.532523551356087,-4.865558540830806,-17.580598852088254
349.7853537591961,-63.4119242373099,1.0000000000000007,4.530813292465831,-4.866449093986413,-17.6195206877576
349.7647122841389,-63.406873588389935,1.0000000000000007,4.529103238994824,-4.867338347771442,-17.65844685129958
349.74407638240245,-63.40182087784996,1.0000000000000007,4.527393391560864,-4.868226302612366,-17.69737734694432
349.7234460528013,-63.396766106864845,1.0000000000000007,4.52568375078086,-4.869112958936032,-17.73631217892217
349.70282129414727,-63.391709276609,1.0000000000000007,4.5239743172708895,-4.869998317169611,-17.77525135146321
349.68220210524913,-63.38665038825641,1.0000000000000007,4.5222650916461475,-4.870882377740651,-17.814194868797703
349.6615884849127,-63.38158944298065,1.0000000000000007,4.520556074520978,-4.871765141077038,-17.853142735155725
349.640980431941,-63.37652644195476,1.0000000000000007,4.51884726650887,-4.872646607607004,-17.892094954767625
349.62037794513407,-63.371461386351456,1.0000000000000007,4.517138668222452,-4.873526777759129,-17.931051531863517
349.5997810232889,-63.36639427734298,1.0000000000000007,4.5154302802734865,-4.874405651962343,-17.970012470673556
349.5791896651999,-63.36132511610107,1.0000000000000007,4.513722103272892,-4.875283230645913,-18.008977775428022
349.55860386965816,-63.356253903797125,1.000000000000001,4.512014137830718,-4.876159514239459,-18.047947450357096
349.53802363545213,-63.351180641602035,1.0000000000000009,4.510306384556163,-4.877034503172934,-18.086921499690924
349.51744896136734,-63.34610533068631,1.0000000000000009,4.508598844057574,-4.877908197876629,-18.125899927659674
349.4968798461864,-63.34102797221994,1.000000000000001,4.50689151694243,-4.878780598781184,-18.164882738493674
349.47631628868913,-63.33594856737253,1.0000000000000009,4.505184403817372,-4.879651706317562,-18.203869936423004
349.4557582876522,-63.330867117313254,1.0000000000000009,4.503477505288169,-4.880521520917076,-18.242861525677867
349.43520584184984,-63.325783623210796,1.0000000000000009,4.501770821959747,-4.881390043011361,-18.28185751048851
349.414658950053,-63.32069808623343,1.0000000000000009,4.5000643544361765,-4.882257273032394,-18.320857895085098
349.3941176110301,-63.31561050754898,1.0000000000000009,4.498358103320675,-4.883123211412479,-18.359862683697838
349.37358182354643,-63.31052088832484,1.0000000000000007,4.496652069215602,-4.883987858584255,-18.39887188055686
349.35305158636464,-63.30542922972795,1.0000000000000009,4.494946252722476,-4.884851214980683,-18.43788548989247
349.3325268982445,-63.30033553292479,1.0000000000000009,4.49324065444195,-4.885713281035057,-18.476903515934787
349.31200775794287,-63.295239799081436,1.000000000000001,4.491535274973836,-4.886574057180996,-18.515925962914032
349.2914941642139,-63.29014202936349,1.0000000000000009,4.489830114917101,-4.887433543852443,-18.554952835060323
349.27098611580874,-63.285042224936085,1.0000000000000009,4.488125174869845,-4.888291741483666,-18.593984136603993
349.25048361147594,-63.27994038696398,1.0000000000000009,4.486420455429328,-4.889148650509258,-18.63301987177515
349.2299866499611,-63.27483651661142,1.0000000000000009,4.484715957191963,-4.89000427136412,-18.672060044803967
349.2094952300071,-63.26973061504226,1.0000000000000009,4.483011680753316,-4.890858604483488,-18.711104659920693
349.18900935035384,-63.26462268341986,1.0000000000000009,4.481307626708089,-4.8917116503029145,-18.75015372135553
349.1685290097387,-63.25951272290714,1.000000000000001,4.479603795650155,-4.892563409258257,-18.78920723333866
349.14805420689606,-63.254400734666625,1.0000000000000009,4.47790018817254,-4.893413881785701,-18.828265200100194
349.12758494055765,-63.24928671986032,1.0000000000000009,4.47619680486741,-4.894263068321737,-18.86732762587043
349.10712120945226,-63.24417067964983,1.0000000000000009,4.474493646326089,-4.895110969303179,-18.906394514879555
349.08666301230613,-63.239052615196286,1.0000000000000009,4.47279071313907,-4.89595758516714,-18.945465871357747
349.0662103478426,-63.23393252766041,1.0000000000000009,4.47108800589598,-4.896802916351051,-18.98454169953512
349.04576321478226,-63.22881041820242,1.0000000000000009,4.469385525185618,-4.897646963292651,-19.02362200364199
