galstreams/tracks/track.st.NGC5466.ibata2024.ecsv
# %ECSV 1.0
# ---
# datatype:
# - {name: ra, unit: deg, datatype: float64}
# - {name: dec, unit: deg, datatype: float64}
# - {name: distance, unit: kpc, datatype: float64}
# - {name: pm_ra_cosdec, unit: mas / yr, datatype: float64}
# - {name: pm_dec, unit: mas / yr, datatype: float64}
# - {name: radial_velocity, unit: km / s, datatype: float64}
# delimiter: ','
# meta: !!omap
# - __serialized_columns__:
#     dec:
#       __class__: astropy.coordinates.angles.Latitude
#       unit: &id001 !astropy.units.Unit {unit: deg}
#       value: !astropy.table.SerializedColumn {name: dec}
#     distance:
#       __class__: astropy.coordinates.distances.Distance
#       unit: !astropy.units.Unit {unit: kpc}
#       value: !astropy.table.SerializedColumn {name: distance}
#     pm_dec:
#       __class__: astropy.units.quantity.Quantity
#       unit: !astropy.units.Unit {unit: mas / yr}
#       value: !astropy.table.SerializedColumn {name: pm_dec}
#     pm_ra_cosdec:
#       __class__: astropy.units.quantity.Quantity
#       unit: !astropy.units.Unit {unit: mas / yr}
#       value: !astropy.table.SerializedColumn {name: pm_ra_cosdec}
#     ra:
#       __class__: astropy.coordinates.angles.Longitude
#       unit: *id001
#       value: !astropy.table.SerializedColumn {name: ra}
#       wrap_angle: !astropy.coordinates.Angle
#         unit: *id001
#         value: 360.0
#     radial_velocity:
#       __class__: astropy.units.quantity.Quantity
#       unit: !astropy.units.Unit {unit: km / s}
#       value: !astropy.table.SerializedColumn {name: radial_velocity}
# schema: astropy-2.0
ra,dec,distance,pm_ra_cosdec,pm_dec,radial_velocity
[from data line 1696]
219.50311711834416,23.75538765691825,0.9999999999999997,-6.32706922054583,-0.3485405009793716,77.28585416198739
219.51238557821608,23.75005776024271,0.9999999999999994,-6.32799928654336,-0.3480547720552867,77.19153257906348
219.52165434856553,23.744728674151993,0.9999999999999998,-6.3289285604057,-0.34756919831055466,77.09672838799615
219.5309234310715,23.739400400360015,0.9999999999999997,-6.329857041386017,-0.3470837801773472,77.00144081450877
219.54019282741302,23.73407294058042,0.9999999999999996,-6.33078472873755,-0.3465985180879976,76.90566908432473
219.54946253926943,23.72874629652656,0.9999999999999997,-6.33171162171359,-0.34611341247499894,76.80941242316747
219.5587325683201,23.72342046991151,0.9999999999999996,-6.332637719567506,-0.3456284637710052,76.71267005676027
219.5680029162446,23.718095462448062,0.9999999999999997,-6.333563021552745,-0.3451436724088257,76.61544121082663
219.5772735847228,23.712771275848738,0.9999999999999996,-6.334487526922828,-0.344659038821435,76.51772511108985
219.58654457543446,23.70744791182576,0.9999999999999998,-6.3354112349313105,-0.34417456344196484,76.4195209832734
219.5958158900597,23.702125372091068,0.9999999999999996,-6.336334144831853,-0.3436902467037095,76.32082805310054
219.60508753027872,23.696803658356348,0.9999999999999996,-6.337256255878168,-0.34320608904011607,76.22164554629477
219.61435949777191,23.691482772332975,0.9999999999999997,-6.338177567324033,-0.3427220908848039,76.12197268857946
219.6236317942198,23.686162715732063,0.9999999999999996,-6.33909807842331,-0.3422382526715362,76.02180870567794
219.63290442130304,23.68084349026443,0.9999999999999996,-6.340017788429919,-0.3417545748342494,75.92115282331366
219.64217738070246,23.675525097640616,0.9999999999999996,-6.340936696597838,-0.34127105780703815,75.82000426720997
219.65145067409912,23.67020753957089,0.9999999999999997,-6.341854802181141,-0.3407877020241443,75.71836226309027
219.66072430317416,23.66489081776525,0.9999999999999997,-6.34277210443395,-0.3403045079199849,75.61622603667793
219.66999826960887,23.659574933933392,0.9999999999999996,-6.343688602610452,-0.33982147592913403,75.51359481369636
219.67927257508475,23.654259889784726,0.9999999999999997,-6.344604295964928,-0.3393386064863142,75.41046781986891
219.68854722128336,23.648945687028412,0.9999999999999997,-6.345519183751692,-0.3388559000264184,75.30684428091902
219.6978222098865,23.643632327373307,0.9999999999999997,-6.3464332652251585,-0.3383733569844969,75.20272342257005
219.70709754257618,23.638319812528,0.9999999999999998,-6.347346539639801,-0.3378909777957544,75.09810447054541
219.71637322103444,23.633008144200794,0.9999999999999998,-6.348259006250158,-0.33740876289556354,74.99298665056841
219.7256492469435,23.627697324099717,0.9999999999999997,-6.349170664310829,-0.3369267127194533,74.88736918836247
219.73492562198578,23.622387353932517,0.9999999999999997,-6.350081513076501,-0.3364448277031098,74.78125130965101
219.74420234784387,23.617078235406662,0.9999999999999996,-6.350991551801919,-0.33596310828237996,74.67463224015742
219.75347942620044,23.611769970229336,0.9999999999999998,-6.351900779741882,-0.3354815548932688,74.56751120560507
219.76275685873838,23.60646256010747,0.9999999999999997,-6.352809196151295,-0.3350001679719483,74.45988743171729
219.7720346471407,23.601156006747672,0.9999999999999997,-6.353716800285096,-0.334518947954737,74.3517601442176
219.78131279309062,23.5958503118563,0.9999999999999997,-6.354623591398311,-0.3340378952781222,74.24312856882926
219.7905912982714,23.59054547713944,0.9999999999999996,-6.355529568746028,-0.33355701037874663,74.13399193127572
219.7998701643666,23.585241504302896,0.9999999999999996,-6.35643473158341,-0.33307629369342173,74.0243494572803
219.8091493930598,23.579938395052167,0.9999999999999996,-6.3573390791656745,-0.33259574565909755,73.91420037256651
219.81842898603483,23.57463615109251,0.9999999999999996,-6.358242610748119,-0.3321153667129044,73.8035439028576
219.82770894497563,23.56933477412888,0.9999999999999998,-6.359145325586112,-0.3316351572921237,73.6923792738771
219.83698927156632,23.564034265865974,0.9999999999999997,-6.360047222935092,-0.33115511783419205,73.58070571134824
219.84626996749114,23.5587346280082,0.9999999999999994,-6.360948302050547,-0.3306752487767186,73.4685224409945
219.8555510344345,23.553435862259686,0.9999999999999997,-6.361848562188062,-0.3301955505574492,73.35582868853923
219.86483247408103,23.548137970324287,0.9999999999999997,-6.3627480026032694,-0.3297160236143064,73.24262367970587
219.87411428811532,23.542840953905593,0.9999999999999996,-6.363646622551867,-0.32923666838537713,73.12890664021776
219.88339647822235,23.53754481470688,0.9999999999999997,-6.364544421289647,-0.32875748530888327,73.01467679579827
219.89267904608712,23.532249554431214,0.9999999999999996,-6.365441398072455,-0.32827847482323147,72.89993337217085
219.90196199339482,23.526955174781307,0.9999999999999996,-6.366337552156198,-0.3277996373669678,72.78467559505883
219.9112453218307,23.521661677459647,0.9999999999999996,-6.367232882796854,-0.3273209733788116,72.66890269018565
219.92052903308038,23.516369064168423,0.9999999999999998,-6.368127389250491,-0.3268424832976313,72.5526138832746
219.92981312882938,23.51107733660957,0.9999999999999998,-6.369021070773215,-0.3263641675624669,72.4358084000492
219.93909761076358,23.50578649648473,0.9999999999999997,-6.369913926621227,-0.3258860266125012,72.31848546623272
219.94838248056888,23.500496545495253,0.9999999999999997,-6.370805956050779,-0.3254080608870842,72.20064430754861
219.9576677399314,23.49520748534225,0.9999999999999997,-6.3716971583181925,-0.3249302708257229,72.08228414972025
219.96695339053733,23.489919317726535,0.9999999999999998,-6.372587532679869,-0.32445265686808966,71.96340421847098
219.97623943407314,23.484632044348643,0.9999999999999997,-6.3734770783922805,-0.323975219454006,71.84400373952425
219.98552587222534,23.479345666908856,0.9999999999999997,-6.374365794711943,-0.32349795902345857,71.7240819386034
219.99481270668068,23.474060187107156,0.9999999999999994,-6.3752536808954785,-0.32302087601659224,71.60363804143186
220.00409993912598,23.46877560664326,0.9999999999999996,-6.37614073619954,-0.32254397087370545,71.48267127373295
220.01338757124824,23.46349192721662,0.9999999999999994,-6.377026959880874,-0.32206724403526366,71.36118086123015
220.02267560473464,23.4582091505264,0.9999999999999996,-6.377912351196292,-0.3215906959418833,71.2391660296468
220.03196404127254,23.452927278271485,0.9999999999999997,-6.378796909402667,-0.3211143270343433,71.11662600470625
220.04125288254934,23.447646312150507,0.9999999999999997,-6.37968063375695,-0.32063813775358163,70.99356001213188
220.05054213025267,23.442366253861813,0.9999999999999996,-6.3805635235161455,-0.32016212854069614,70.86996727764716
220.0598317860703,23.437087105103462,0.9999999999999996,-6.381445577937351,-0.3196862998369365,70.74584702697545
220.06912185169014,23.431808867573267,0.9999999999999996,-6.382326796277702,-0.31921065208372124,70.62119848584013
220.07841232880028,23.42653154296874,0.9999999999999996,-6.383207177794432,-0.3187351857226126,70.49602087996453
220.08770321908892,23.421255132987138,0.9999999999999996,-6.384086721744829,-0.3182599011953524,70.37031343507206
220.09699452424445,23.415979639325435,0.9999999999999997,-6.384965427386248,-0.31778479894381917,70.24407537688619
220.1062862459554,23.410705063680336,0.9999999999999996,-6.385843293976118,-0.31730987941006283,70.1173059311302
220.1155783859104,23.40543140774828,0.9999999999999996,-6.386720320771938,-0.3168351430362941,69.99000432352753
220.1248709457983,23.400158673225413,0.9999999999999994,-6.387596507031265,-0.3163605902648685,69.86216977980152
220.1341639273081,23.394886861807624,0.9999999999999996,-6.388471852011746,-0.31588622153831114,69.73380152567566
220.14345733212886,23.389615975190537,0.9999999999999994,-6.389346354971073,-0.3154120372993061,69.60489878687324
220.1527511619499,23.384346015069482,0.9999999999999994,-6.390220015167021,-0.31493803799068765,69.47546078911768
220.16204541846062,23.379076983139527,0.9999999999999994,-6.3910928318574225,-0.3144642240554507,69.34548675813234
220.17134010335064,23.373808881095467,0.9999999999999996,-6.391964804300207,-0.3139905959367537,69.21497591964064
220.18063521830962,23.36854171063183,0.9999999999999996,-6.392835931753325,-0.31351715407791314,69.08392749936597
220.1899307650275,23.36327547344288,0.9999999999999994,-6.3937062134748475,-0.31304389892239737,68.95234072303167
220.1992267451942,23.358010171222567,0.9999999999999994,-6.394575648722872,-0.31257083091383553,68.82021481636122
220.2085231605,23.35274580566462,0.9999999999999994,-6.395444236755598,-0.31209795049601663,68.68754900507786
220.21782001263517,23.347482378462477,0.9999999999999996,-6.396311976831264,-0.3116252581128869,68.5543425149051
220.22711730329019,23.342219891309302,0.9999999999999996,-6.3971788682082025,-0.31115275420855415,68.42059457156631
220.23641503415564,23.33695834589799,0.9999999999999996,-6.398044910144794,-0.3106804392272746,68.28630440078487
220.24571320692237,23.33169774392116,0.9999999999999994,-6.39891010189951,-0.3102083136134697,68.15147122828407
220.25501182328125,23.326438087071164,0.9999999999999996,-6.3997744427308785,-0.3097363778117179,68.01609427978741
220.26431088492333,23.321179377040092,0.9999999999999994,-6.400637931897482,-0.30926463226676315,67.88017278101829
220.27361039353983,23.315921615519756,0.9999999999999996,-6.401500568657999,-0.3087930774234895,67.74370595770002
220.28291035082216,23.310664804201696,0.9999999999999994,-6.402362352271167,-0.30832171372695427,67.60669303555602
220.2922107584618,23.305408944777167,0.9999999999999996,-6.403223281995782,-0.30785054162236225,67.46913324030963
220.3015116181504,23.300154038937194,0.9999999999999994,-6.4040833570907125,-0.30737956155509316,67.33102579768433
220.3108129315798,23.294900088372493,0.9999999999999996,-6.404942576814916,-0.3069087739706573,67.19236993340346
220.3201147004419,23.28964709477354,0.9999999999999994,-6.405800940427383,-0.3064381793147488,67.0531648731904
220.32941692642888,23.284395059830505,0.9999999999999997,-6.40665844718721,-0.3059677780332066,66.9134098427685
220.33871961123296,23.27914398523333,0.9999999999999996,-6.407515096353537,-0.30549757057202864,66.7731040678612
220.3480227565465,23.273893872671653,0.9999999999999997,-6.40837088718558,-0.30502755737737175,66.63224677419191
220.35732636406212,23.26864472383488,0.9999999999999993,-6.409225818942629,-0.3045577388955554,66.49083718748393
220.36663043547244,23.263396540412096,0.9999999999999994,-6.410079890884032,-0.30408811557304105,66.34887453346072
220.3759349724704,23.258149324092162,0.9999999999999997,-6.410933102269215,-0.30361868785646884,66.20635803784562
220.3852399767489,23.25290307656365,0.9999999999999993,-6.411785452357676,-0.3031494561926209,66.06328692636204
220.3945454500011,23.24765779951488,0.9999999999999994,-6.412636940408967,-0.30268042102844106,65.9196604247334
220.40385139392032,23.242413494633883,0.9999999999999994,-6.413487565682725,-0.3022115828110392,65.77547775868305
220.41315781019998,23.237170163608425,0.9999999999999996,-6.414337327438648,-0.3017429419876647,65.63073815393433
220.42246470053362,23.23192780812602,0.9999999999999994,-6.415186224936498,-0.3012744990057463,65.48544083621069
220.431772066615,23.226686429873897,0.9999999999999996,-6.416034257436111,-0.3008062543128487,65.33958503123554
220.441079910138,23.221446030539028,0.9999999999999996,-6.416881424197403,-0.30033820835671143,65.19316996473222
220.45038823279666,23.2162066118081,0.9999999999999996,-6.417727724480341,-0.29987036158521985,65.04619486242404
220.4596970362851,23.210968175367565,0.9999999999999996,-6.418573157544969,-0.29940271444642264,64.89865895003454
220.46900632229762,23.205730722903564,0.9999999999999996,-6.419417722651397,-0.29893526738852483,64.75056145328703
220.47831609252876,23.200494256102022,0.9999999999999996,-6.420261419059813,-0.2984680208598869,64.60190159790494
220.48762634867305,23.195258776648544,0.9999999999999996,-6.421104246030459,-0.29800097530903,64.45267860961154
220.49693709242527,23.190024286228507,0.9999999999999996,-6.421946202823658,-0.29753413118462557,64.30289171413034
220.50624832548027,23.18479078652701,0.9999999999999996,-6.422787288699788,-0.29706748893551627,64.1525401371847
220.5155600495332,23.17955827922887,0.9999999999999994,-6.423627502919322,-0.2966010490106816,64.00162310449795
220.52487226627915,23.17432676601867,0.9999999999999997,-6.424466844742772,-0.2961348118592779,63.850139841793556
220.5341849774135,23.169096248580686,0.9999999999999993,-6.425305313430744,-0.29566877793060353,63.69808957479479
220.54349818463174,23.163866728598958,0.9999999999999994,-6.426142908243893,-0.2952029476741256,63.545471529225175
220.55281188962945,23.158638207757246,0.9999999999999994,-6.426979628442944,-0.2947373215394604,63.392284930808046
220.56212609410247,23.15341068773906,0.9999999999999996,-6.427815473288719,-0.2942718999763825,63.238529005266756
220.57144079974665,23.148184170227616,0.9999999999999997,-6.428650442042066,-0.29380668343482697,63.084202978324676
220.58075600825808,23.1429586569059,0.9999999999999996,-6.429484533963937,-0.29334167236488806,62.92930607570527
220.59007172133295,23.137734149456602,0.9999999999999996,-6.430317748315332,-0.2928768672168074,62.773837523131895
220.59938794066767,23.132510649562164,0.9999999999999994,-6.431150084357332,-0.29241226844099,62.61779654632792
220.60870466795865,23.127288158904747,0.9999999999999994,-6.431981541351079,-0.2919478764879946,62.461182371016676
220.6180219049026,23.12206667916627,0.9999999999999996,-6.4328121185578,-0.2914836918085397,62.30399422292169
220.6273396531963,23.116846212028367,0.9999999999999996,-6.433641815238762,-0.2910197148535021,62.14623132776628
220.63665791453664,23.11162675917242,0.9999999999999996,-6.4344706306553245,-0.2905559460739129,61.987892911273796
220.64597669062073,23.10640832227953,0.9999999999999997,-6.435298564068905,-0.290092385920957,61.82897819916764
220.65529598314583,23.10119090303056,0.9999999999999997,-6.4361256147410035,-0.28962903484597824,61.66948641717117
220.6646157938092,23.09597450310609,0.9999999999999997,-6.436951781933164,-0.28916589330048303,61.50941679100789
220.67393612430843,23.090759124186427,0.9999999999999994,-6.437777064907031,-0.2887029617361261,61.34876854640109
220.6832569763411,23.08554476795163,0.9999999999999996,-6.438601462924283,-0.2882402406047184,61.187540909074166
220.69257835160514,23.080331436081508,0.9999999999999996,-6.439424975246705,-0.28777773035823895,61.02573310475047
220.70190025179835,23.075119130255572,0.9999999999999997,-6.440247601136117,-0.2873154314488131,60.86334435915349
220.71122267861887,23.06990785215308,0.9999999999999996,-6.441069339854428,-0.28685334432871645,60.700373898006546
220.72054563376497,23.06469760345305,0.9999999999999996,-6.441890190663612,-0.2863914694503995,60.53682094703304
220.72986911893494,23.059488385834214,0.9999999999999994,-6.442710152825705,-0.28592980726645845,60.37268473195629
220.73919313582735,23.054280200975047,0.9999999999999996,-6.443529225602825,-0.2854683582296431,60.20796447849982
220.74851768614084,23.04907305055376,0.9999999999999996,-6.444347408257152,-0.285007122792865,60.04265941238692
220.75784277157422,23.043866936248293,0.9999999999999996,-6.445164700050924,-0.2845461014091901,59.87676875934105
220.76716839382644,23.038661859736344,0.9999999999999996,-6.445981100246465,-0.28408529453183995,59.71029174508547
220.77649455459658,23.033457822695333,0.9999999999999996,-6.446796608106165,-0.2836247026141949,59.543227595343616
220.7858212555839,23.02825482680242,0.9999999999999994,-6.447611222892477,-0.2831643261097918,59.37557553583894
220.79514849848772,23.023052873734507,0.9999999999999996,-6.448424943867924,-0.28270416547232013,59.2073347922948
