galstreams/tracks/track.st.Ophiuchus.caldwell2020.ecsv
# %ECSV 1.0
# ---
# datatype:
# - {name: ra, unit: deg, datatype: float64}
# - {name: dec, unit: deg, datatype: float64}
# - {name: distance, unit: kpc, datatype: float64}
# - {name: pm_ra_cosdec, unit: mas / yr, datatype: float64}
# - {name: pm_dec, unit: mas / yr, datatype: float64}
# - {name: radial_velocity, unit: km / s, datatype: float64}
# delimiter: ','
# meta: !!omap
# - __serialized_columns__:
#     dec:
#       __class__: astropy.coordinates.angles.Latitude
#       unit: &id001 !astropy.units.Unit {unit: deg}
#       value: !astropy.table.SerializedColumn {name: dec}
#     distance:
#       __class__: astropy.coordinates.distances.Distance
#       unit: !astropy.units.Unit {unit: kpc}
#       value: !astropy.table.SerializedColumn {name: distance}
#     pm_dec:
#       __class__: astropy.units.quantity.Quantity
#       unit: !astropy.units.Unit {unit: mas / yr}
#       value: !astropy.table.SerializedColumn {name: pm_dec}
#     pm_ra_cosdec:
#       __class__: astropy.units.quantity.Quantity
#       unit: !astropy.units.Unit {unit: mas / yr}
#       value: !astropy.table.SerializedColumn {name: pm_ra_cosdec}
#     ra:
#       __class__: astropy.coordinates.angles.Longitude
#       unit: *id001
#       value: !astropy.table.SerializedColumn {name: ra}
#       wrap_angle: !astropy.coordinates.Angle
#         unit: *id001
#         value: 360.0
#     radial_velocity:
#       __class__: astropy.units.quantity.Quantity
#       unit: !astropy.units.Unit {unit: km / s}
#       value: !astropy.table.SerializedColumn {name: radial_velocity}
# schema: astropy-2.0
ra,dec,distance,pm_ra_cosdec,pm_dec,radial_velocity
[from data line 551]
246.50525185870646,-7.457327192461544,8.333333333333337,-8.449817321377658,-3.872427006207356,7.999728773378721e-14
246.5151083054635,-7.459405712802751,8.333333333333337,-8.455775452085497,-3.869961957318233,2.1051917824680846e-14
246.52496955734867,-7.461448288887844,8.33333333333334,-8.461875121275497,-3.8675788355554896,-4.210383564936169e-14
246.53483570909108,-7.463454185018748,8.33333333333334,-8.468119170356964,-3.865279752976175,1.221011233831489e-13
246.54470685621624,-7.4654226589535675,8.333333333333337,-8.474510465369383,-3.863066843870622,1.0946997268834039e-13
246.55458309504817,-7.467352961880782,8.333333333333337,-8.481051897070186,-3.8609422648587963,1.515738083377021e-13
246.56446452271223,-7.4692443383934854,8.33333333333334,-8.487746381022436,-3.858908194986657,1.1789073981821273e-13
246.5743512371374,-7.471096026463563,8.33333333333334,-8.494596857682529,-3.8569668358225675,0.0
246.58424333705872,-7.472907257415936,8.33333333333334,-8.50160629248781,-3.8551204115537243,-9.262843842859572e-14
246.59414092201996,-7.47467725590275,8.33333333333334,-8.50877767594422,-3.853371169082624,8.420767129872338e-15
246.60404409237586,-7.476405239877585,8.33333333333334,-8.516114023713866,-3.8517213781235675,8.841805486365955e-14
246.61395294929474,-7.478090420569671,8.333333333333337,-8.52361837670261,-3.850173331299185,-9.683882199353189e-14
246.62386759476064,-7.4797320024581,8.33333333333334,-8.531293801147559,-3.8487293442369976,1.1368035625327657e-13
246.63378813157618,-7.481329183246014,8.33333333333334,-8.539143388704613,-3.8473917556660306,1.642049590325106e-13
246.6437146633646,-7.482881153834826,8.33333333333334,-8.547170256535892,-3.846162927513426,2.3578147963642546e-13
246.65364729457227,-7.484387098298428,8.33333333333334,-8.555377547397205,-3.8450452450011223,2.1472956181174462e-13
246.66358613047115,-7.485846193857377,8.33333333333334,-8.563768429725446,-3.8440411167425457,1.9367764398706378e-13
246.6735312771611,-7.487257610853112,8.33333333333334,-8.572346097725973,-3.8431529748393487,2.315710960714893e-13
246.68348284157221,-7.488620512722154,8.33333333333334,-8.581113771459945,-3.84238327497818,1.3894265764289357e-13
246.69344093146736,-7.489934055970308,8.333333333333337,-8.590074696931646,-3.8417344965274904,-9.262843842859572e-14
246.70340565544416,-7.491197390146859,8.333333333333337,-8.599232146175748,-3.8412091426343697,-2.5262301389617013e-14
246.71337712293771,-7.492409657818771,8.33333333333334,-8.608589417344579,-3.840809740321423,1.2631150694808508e-13
246.72335544422282,-7.493569994544902,8.333333333333337,-8.618149834795314,-3.8405388405836955,6.315575347404254e-14
246.73334073041605,-7.494677528850172,8.33333333333334,-8.62791674917717,-3.8403990184856016,-2.1051917824680846e-14
246.74333309347833,-7.495731382199784,8.333333333333337,-8.637893537518545,-3.8403928732579313,1.9788802755199994e-13
246.7533326462172,-7.4967306689734166,8.33333333333334,-8.648083603314113,-3.8405230283948635,1.0104920555846805e-13
246.76333950228883,-7.4976744964394095,8.33333333333334,-8.658490376611933,-3.8407921317510265,-2.1051917824680846e-14
246.77335377620065,-7.498561964728964,8.33333333333334,-8.669117314100466,-3.841202855638604,-1.1789073981821273e-13
246.78337558331327,-7.499392166810338,8.33333333333334,-8.679967899195574,-3.841757896924468,1.768361097273191e-13
246.79340503984312,-7.500164188463031,8.33333333333334,-8.69104564212751,-3.842459977127356,9.683882199353189e-14
246.8034422628642,-7.5008771082519825,8.33333333333334,-8.70235408002784,-3.8433118425150896,-2.5262301389617013e-14
246.81348737031058,-7.501529997501754,8.33333333333334,-8.713896777016341,-3.8443162642018143,-4.631421921429786e-14
246.82354048097872,-7.502121920270734,8.333333333333337,-8.725677324287856,-3.8454760382453155,-5.0524602779234026e-14
246.8336017145293,-7.502651933325304,8.33333333333334,-8.737699340199114,-3.8467939857443305,-5.0524602779234026e-14
246.84367119148976,-7.50311908611405,8.33333333333334,-8.749966470355535,-3.8482729529359396,-1.0525958912340423e-13
246.85374903325615,-7.503522420741922,8.333333333333337,-8.762482387697952,-3.8499158112929597,4.631421921429786e-14
246.8638353620956,-7.503860971944451,8.333333333333337,-8.775250792589329,-3.851725457621419,1.221011233831489e-13
246.87393030114822,-7.504133767061894,8.33333333333334,-8.788275412901438,-3.8537048141580303,2.1472956181174462e-13
246.8840339744294,-7.504339826013461,8.333333333333337,-8.801560004101468,-3.855856828667753,3.368306851948935e-14
246.89414650683165,-7.5044781612714635,8.33333333333334,-8.815108349338646,-3.8581844745413387,6.315575347404254e-14
246.90426802412702,-7.504547777835512,8.33333333333334,-8.828924259530773,-3.8606907508929775,-4.210383564936169e-15
246.914398652969,-7.504547673206689,8.33333333333334,-8.843011573450722,-3.863378682657944,2.3578147963642546e-13
246.92453852089474,-7.5044768373617305,8.33333333333334,-8.85737415781294,-3.866251320690302,2.1051917824680846e-14
246.93468775632684,-7.504334252727208,8.33333333333334,-8.872015907359849,-3.8693117418606513,2.063087946818723e-13
246.94484648857573,-7.5041188941537005,8.33333333333334,-8.886940744948259,-3.8725630491539147,1.6841534259744677e-13
246.95501484784143,-7.503829728889975,8.33333333333334,-8.902152621635704,-3.8760083717671656,2.1893994537668078e-13
246.96519296521572,-7.5034657165571526,8.333333333333337,-8.917655516766748,-3.8796508652075072,3.368306851948935e-14
246.97538097268412,-7.503025809122887,8.33333333333334,-8.933453438059255,-3.883493711389979,-2.5262301389617013e-14
246.98557900312773,-7.502508950875549,8.33333333333334,-8.949550421690612,-3.8875401187355223,-1.0525958912340423e-13
246.99578719032547,-7.501914078398378,8.333333333333337,-8.965950532383907,-3.8917933222689856,-5.4734986344170195e-14
247.00600566895585,-7.50124012054366,8.33333333333334,-8.982657863494065,-3.8962565837171663,-7.157652060391487e-14
247.01623457459888,-7.500485998406906,8.33333333333334,-8.999676537093944,-3.9009331916068977,7.578690416885104e-14
247.02647404373823,-7.499650625301009,8.333333333333337,-9.017010704060391,-3.905826461363194,-8.420767129872338e-15
247.03672421376282,-7.498732906730416,8.33333333333334,-9.034664544160238,-3.9109397354074202,9.262843842859572e-14
247.046985222969,-7.497731740365291,8.33333333333334,-9.052642266136274,-3.9162763832555147,1.221011233831489e-13
247.0572572105623,-7.496646016015685,8.333333333333341,-9.070948107793164,-3.921839801616264,4.631421921429786e-14
247.06754031665926,-7.495474615605696,8.333333333333337,-9.089586336083325,-3.9276334144895975,6.73661370389787e-14
247.07783468228942,-7.4942164131476305,8.33333333333334,-9.108561247192737,-3.933660673264958,4.631421921429786e-14
247.08814044939697,-7.492870274716168,8.33333333333334,-9.127877166626767,-3.939925056819699,9.262843842859572e-14
247.0984577608428,-7.491435058422513,8.33333333333334,-9.147538449295869,-3.9464300716175256,-4.210383564936169e-14
247.10878676040602,-7.489909614388576,8.333333333333337,-9.167549479601309,-3.9531792518069775,3.368306851948935e-14
247.11912759278607,-7.488292784721099,8.33333333333334,-9.187914671520792,-3.9601761593199774,0.0
247.12948040360416,-7.486583403485844,8.33333333333334,-9.208638468694081,-3.9674243839703935,5.0524602779234026e-14
247.13984533940535,-7.4847802966817225,8.333333333333337,-9.229725344508559,-3.974927543552674,1.1368035625327657e-13
247.15022254766004,-7.482882282214971,8.333333333333341,-9.251179802184707,-3.9826892839405033,1.5999457546757442e-13
247.1606121767658,-7.480888169873286,8.33333333333334,-9.273006374861623,-3.990713279185525,4.210383564936169e-15
247.171014376049,-7.478796761299986,8.333333333333341,-9.29520962568239,-3.9990032316160837,1.5999457546757442e-13
247.18142929576666,-7.476606849968168,8.33333333333334,-9.317794147879479,-4.007562871936036,-5.4734986344170195e-14
247.19185708710793,-7.474317221154838,8.333333333333341,-9.340764564860073,-4.016395959323588,1.6841534259744677e-13
247.20229790219597,-7.471926651915084,8.333333333333337,-9.364125530291348,-4.025506281530184,4.210383564936169e-14
247.21275189408928,-7.4694339110561945,8.33333333333334,-9.387881728185675,-4.034897654979435,3.368306851948935e-14
247.22321921678358,-7.466837759111832,8.33333333333334,-9.412037872985847,-4.044573924866101,1.3894265764289357e-13
247.23370002521335,-7.464136948316163,8.333333333333337,-9.436598709650216,-4.054538965255099,4.631421921429786e-14
247.24419447525338,-7.461330222578,8.33333333333334,-9.461569013737735,-4.064796679180564,1.0525958912340423e-13
247.2547027237203,-7.458416317454949,8.333333333333337,-9.486953591493089,-4.075350998744968,1.515738083377021e-13
247.26522492837432,-7.455393960127551,8.33333333333334,-9.512757279931593,-4.086205885218244,7.999728773378721e-14
247.2757612479205,-7.452261869373419,8.33333333333334,-9.538984946924243,-4.097365329136986,1.221011233831489e-13
247.28631184201052,-7.449018755541375,8.333333333333337,-9.565641491282555,-4.108833350403681,1.5578419190263825e-13
247.29687687124394,-7.445663320525586,8.333333333333341,-9.592731842843435,-4.120613998385964,4.631421921429786e-14
247.3074564971699,-7.442194257739717,8.33333333333334,-9.620260962554015,-4.132711352015949,1.768361097273191e-13
247.31805088228853,-7.438610252091034,8.33333333333334,-9.648233842556401,-4.145129519889572,7.157652060391487e-14
247.3286601900522,-7.434909979954569,8.33333333333334,-9.67665550627239,-4.157872640365976,8.420767129872338e-14
247.33928458486733,-7.4310921091472295,8.33333333333334,-9.70553100848815,-4.170944881666946,-2.1051917824680846e-14
247.34992423209533,-7.427155298901943,8.33333333333334,-9.734865435438849,-4.1843504419763935,-4.210383564936169e-14
247.36057929805446,-7.42309819984178,8.333333333333337,-9.764663904893222,-4.198093549539841,9.262843842859572e-14
247.37124995002097,-7.4189194539540875,8.333333333333341,-9.794931566238132,-4.212178462763977,5.0524602779234026e-14
247.3819363562303,-7.414617694564612,8.333333333333337,-9.82567360056304,-4.226609470316248,5.4734986344170195e-14
247.39263868587886,-7.410191546311625,8.33333333333334,-9.856895220744452,-4.241390891224454,1.8104649329225526e-13
247.40335710912498,-7.40563962512005,8.33333333333334,-9.888601671530335,-4.256527074976431,-6.73661370389787e-14
247.4140917970902,-7.400960538175585,8.333333333333337,-9.920798229624465,-4.272022401619704,2.3578147963642546e-13
247.42484292186103,-7.396152883898827,8.33333333333334,-9.953490203770725,-4.287881281861249,-5.894536990910637e-14
247.43561065648947,-7.391215251919389,8.333333333333337,-9.986682934837413,-4.304108157167206,2.1472956181174462e-13
247.44639517499502,-7.38614622305002,8.33333333333334,-10.020381795901418,-4.320707499862695,7.157652060391487e-14
247.45719665236544,-7.380944369260734,8.33333333333334,-10.054592192332464,-4.337683813231627,-7.578690416885104e-14
247.46801526455798,-7.375608253652904,8.333333333333337,-10.0893195618772,-4.355041631616537,2.442022467662978e-13
247.47885118850093,-7.3701364304334005,8.33333333333334,-10.124569374743317,-4.372785520518473,5.0524602779234026e-14
247.4897046020944,-7.364527444888702,8.33333333333334,-10.160347133683633,-4.390920076696901,-2.947268495455318e-14
247.50057568421164,-7.358779833358995,8.333333333333337,-10.196658374080089,-4.409449928269617,2.73674931720851e-13
247.51146461470037,-7.3528921232123015,8.333333333333341,-10.233508664027717,-4.428379734812719,2.063087946818723e-13
247.5223715743836,-7.346862832818588,8.333333333333337,-10.270903604418631,-4.44771418746059,-7.157652060391487e-14
247.53329674506085,-7.340690471523862,8.33333333333334,-10.308848829025875,-4.4674580090058615,4.210383564936169e-14
247.54424030950935,-7.334373539624296,8.33333333333334,-10.347350004587328,-4.487615953999489,2.063087946818723e-13
247.55520245148506,-7.3279105283403325,8.333333333333337,-10.386412830889538,-4.508192808850751,1.347322740779574e-13
247.5661833557237,-7.321299919790783,8.33333333333334,-10.426043040851479,-4.529193391927331,-1.0525958912340423e-13
247.57718320794166,-7.3145401869669415,8.333333333333337,-10.466246400608352,-4.550622553655383,1.1368035625327657e-13
247.58820219483746,-7.307629793706677,8.33333333333334,-10.507028709595307,-4.572485176619622,3.368306851948935e-14
247.5992405040922,-7.300567194668555,8.333333333333337,-10.54839580063112,-4.594786175663444,2.5262301389617017e-13
247.610298324371,-7.293350835305918,8.333333333333337,-10.590353540001866,-4.617530497989014,1.642049590325106e-13
