galstreams/tracks/track.po.PS1-B.bernard2016.ecsv
# %ECSV 0.9
# ---
# datatype:
# - {name: ra, unit: deg, datatype: float64}
# - {name: dec, unit: deg, datatype: float64}
# - {name: distance, unit: kpc, datatype: float64}
# - {name: pm_ra_cosdec, unit: mas / yr, datatype: float64}
# - {name: pm_dec, unit: mas / yr, datatype: float64}
# - {name: radial_velocity, unit: km / s, datatype: float64}
# delimiter: ','
# meta: !!omap
# - __serialized_columns__:
#     dec:
#       __class__: astropy.coordinates.angles.Latitude
#       unit: &id001 !astropy.units.Unit {unit: deg}
#       value: !astropy.table.SerializedColumn {name: dec}
#     distance:
#       __class__: astropy.coordinates.distances.Distance
#       unit: !astropy.units.Unit {unit: kpc}
#       value: !astropy.table.SerializedColumn {name: distance}
#     pm_dec:
#       __class__: astropy.units.quantity.Quantity
#       unit: !astropy.units.Unit {unit: mas / yr}
#       value: !astropy.table.SerializedColumn {name: pm_dec}
#     pm_ra_cosdec:
#       __class__: astropy.units.quantity.Quantity
#       unit: !astropy.units.Unit {unit: mas / yr}
#       value: !astropy.table.SerializedColumn {name: pm_ra_cosdec}
#     ra:
#       __class__: astropy.coordinates.angles.Longitude
#       unit: *id001
#       value: !astropy.table.SerializedColumn {name: ra}
#       wrap_angle: !astropy.coordinates.Angle
#         unit: *id001
#         value: 360.0
#     radial_velocity:
#       __class__: astropy.units.quantity.Quantity
#       unit: !astropy.units.Unit {unit: km / s}
#       value: !astropy.table.SerializedColumn {name: radial_velocity}
# schema: astropy-2.0
ra,dec,distance,pm_ra_cosdec,pm_dec,radial_velocity
[from data line 695]
149.4891522251989,-9.466844391724662,14.499999999999984,0.0,0.0,0.0
149.49469020821493,-9.458456184130501,14.499999999999986,0.0,0.0,0.0
149.50022792109172,-9.450067889772658,14.499999999999986,0.0,0.0,0.0
149.5057653640835,-9.44167950873372,14.499999999999984,0.0,0.0,0.0
149.51130253744455,-9.433291041096261,14.499999999999986,0.0,0.0,0.0
149.51683944142925,-9.42490248694284,14.499999999999986,0.0,0.0,0.0
149.52237607629178,-9.416513846355999,14.499999999999984,0.0,0.0,0.0
149.52791244228632,-9.408125119418271,14.499999999999986,0.0,0.0,0.0
149.5334485396671,-9.399736306212167,14.499999999999984,0.0,0.0,0.0
149.53898436868812,-9.391347406820186,14.499999999999986,0.0,0.0,0.0
149.54451992960358,-9.382958421324819,14.499999999999984,0.0,0.0,0.0
149.55005522266748,-9.374569349808528,14.499999999999984,0.0,0.0,0.0
149.55559024813383,-9.366180192353777,14.499999999999986,0.0,0.0,0.0
149.56112500625662,-9.357790949043007,14.499999999999984,0.0,0.0,0.0
149.56665949728972,-9.349401619958646,14.499999999999984,0.0,0.0,0.0
149.57219372148714,-9.341012205183102,14.499999999999984,0.0,0.0,0.0
149.57772767910265,-9.332622704798778,14.499999999999984,0.0,0.0,0.0
149.5832613703901,-9.324233118888058,14.499999999999984,0.0,0.0,0.0
149.5887947956033,-9.31584344753331,14.499999999999984,0.0,0.0,0.0
149.59432795499598,-9.307453690816885,14.499999999999984,0.0,0.0,0.0
149.5998608488218,-9.299063848821131,14.499999999999984,0.0,0.0,0.0
149.60539347733456,-9.290673921628374,14.499999999999984,0.0,0.0,0.0
149.6109258407878,-9.28228390932092,14.499999999999984,0.0,0.0,0.0
149.61645793943512,-9.273893811981077,14.499999999999984,0.0,0.0,0.0
149.62198977353017,-9.265503629691114,14.499999999999986,0.0,0.0,0.0
149.6275213433264,-9.257113362533312,14.499999999999982,0.0,0.0,0.0
149.6330526490773,-9.248723010589924,14.499999999999984,0.0,0.0,0.0
149.6385836910364,-9.240332573943189,14.499999999999986,0.0,0.0,0.0
149.64411446945704,-9.231942052675327,14.499999999999984,0.0,0.0,0.0
149.64964498459264,-9.22355144686856,14.499999999999984,0.0,0.0,0.0
149.6551752366965,-9.215160756605083,14.499999999999986,0.0,0.0,0.0
149.660705226022,-9.206769981967076,14.499999999999984,0.0,0.0,0.0
149.66623495282238,-9.198379123036709,14.499999999999984,0.0,0.0,0.0
149.67176441735083,-9.18998817989614,14.499999999999984,0.0,0.0,0.0
149.67729361986062,-9.181597152627509,14.499999999999982,0.0,0.0,0.0
149.68282256060488,-9.17320604131294,14.499999999999984,0.0,0.0,0.0
149.68835123983675,-9.164814846034547,14.499999999999986,0.0,0.0,0.0
149.69387965780925,-9.156423566874427,14.499999999999984,0.0,0.0,0.0
149.69940781477553,-9.148032203914669,14.499999999999984,0.0,0.0,0.0
149.70493571098856,-9.139640757237338,14.499999999999984,0.0,0.0,0.0
149.71046334670132,-9.131249226924492,14.499999999999984,0.0,0.0,0.0
149.71599072216677,-9.122857613058171,14.499999999999984,0.0,0.0,0.0
149.7215178376378,-9.114465915720409,14.499999999999984,0.0,0.0,0.0
149.7270446933673,-9.10607413499321,14.499999999999982,0.0,0.0,0.0
149.7325712896081,-9.097682270958583,14.499999999999986,0.0,0.0,0.0
149.73809762661296,-9.089290323698506,14.499999999999984,0.0,0.0,0.0
149.7436237046347,-9.08089829329496,14.499999999999984,0.0,0.0,0.0
149.749149523926,-9.072506179829892,14.499999999999984,0.0,0.0,0.0
149.7546750847396,-9.064113983385253,14.499999999999982,0.0,0.0,0.0
149.76020038732815,-9.05572170404297,14.499999999999984,0.0,0.0,0.0
149.76572543194422,-9.047329341884959,14.499999999999984,0.0,0.0,0.0
149.77125021884044,-9.038936896993121,14.499999999999984,0.0,0.0,0.0
149.77677474826933,-9.030544369449345,14.499999999999982,0.0,0.0,0.0
149.78229902048344,-9.022151759335504,14.499999999999984,0.0,0.0,0.0
149.7878230357352,-9.013759066733462,14.499999999999984,0.0,0.0,0.0
149.79334679427706,-9.00536629172506,14.499999999999984,0.0,0.0,0.0
149.79887029636146,-8.99697343439213,14.499999999999984,0.0,0.0,0.0
149.80439354224072,-8.988580494816496,14.499999999999984,0.0,0.0,0.0
149.80991653216722,-8.980187473079955,14.499999999999984,0.0,0.0,0.0
149.8154392663932,-8.971794369264302,14.499999999999984,0.0,0.0,0.0
149.82096174517102,-8.963401183451314,14.499999999999986,0.0,0.0,0.0
149.8264839687528,-8.955007915722756,14.499999999999984,0.0,0.0,0.0
149.83200593739076,-8.94661456616037,14.499999999999986,0.0,0.0,0.0
149.8375276513371,-8.938221134845904,14.499999999999986,0.0,0.0,0.0
149.8430491108439,-8.929827621861067,14.499999999999986,0.0,0.0,0.0
149.84857031616326,-8.921434027287573,14.499999999999984,0.0,0.0,0.0
149.85409126754723,-8.913040351207117,14.499999999999984,0.0,0.0,0.0
149.8596119652478,-8.904646593701376,14.499999999999986,0.0,0.0,0.0
149.86513240951697,-8.896252754852021,14.499999999999986,0.0,0.0,0.0
149.87065260060672,-8.887858834740703,14.499999999999986,0.0,0.0,0.0
149.87617253876888,-8.879464833449061,14.499999999999984,0.0,0.0,0.0
149.88169222425537,-8.87107075105872,14.499999999999984,0.0,0.0,0.0
149.88721165731803,-8.862676587651295,14.499999999999984,0.0,0.0,0.0
149.89273083820868,-8.854282343308386,14.499999999999986,0.0,0.0,0.0
149.898249767179,-8.84588801811157,14.499999999999984,0.0,0.0,0.0
149.90376844448082,-8.83749361214243,14.499999999999984,0.0,0.0,0.0
149.9092868703658,-8.829099125482513,14.499999999999986,0.0,0.0,0.0
149.91480504508561,-8.820704558213366,14.499999999999984,0.0,0.0,0.0
149.92032296889187,-8.812309910416523,14.499999999999984,0.0,0.0,0.0
149.92584064203618,-8.803915182173498,14.499999999999986,0.0,0.0,0.0
149.93135806477008,-8.795520373565799,14.499999999999986,0.0,0.0,0.0
149.93687523734513,-8.787125484674911,14.499999999999984,0.0,0.0,0.0
149.94239216001276,-8.778730515582312,14.499999999999984,0.0,0.0,0.0
149.9479088330245,-8.770335466369463,14.499999999999986,0.0,0.0,0.0
149.9534252566317,-8.761940337117819,14.499999999999984,0.0,0.0,0.0
149.95894143108578,-8.753545127908813,14.499999999999986,0.0,0.0,0.0
149.9644573566381,-8.745149838823865,14.499999999999984,0.0,0.0,0.0
149.96997303353996,-8.736754469944385,14.499999999999984,0.0,0.0,0.0
149.9754884620426,-8.728359021351777,14.499999999999984,0.0,0.0,0.0
149.98100364239733,-8.71996349312741,14.499999999999984,0.0,0.0,0.0
149.98651857485535,-8.711567885352668,14.49999999999998,0.0,0.0,0.0
149.9920332596678,-8.70317219810889,14.499999999999986,0.0,0.0,0.0
149.99754769708585,-8.694776431477433,14.499999999999982,0.0,0.0,0.0
150.0030618873606,-8.686380585539618,14.499999999999982,0.0,0.0,0.0
150.00857583074313,-8.67798466037676,14.499999999999984,0.0,0.0,0.0
150.0140895274845,-8.669588656070163,14.499999999999984,0.0,0.0,0.0
150.01960297783563,-8.66119257270112,14.499999999999982,0.0,0.0,0.0
150.0251161820476,-8.652796410350902,14.499999999999984,0.0,0.0,0.0
150.03062914037127,-8.644400169100772,14.499999999999984,0.0,0.0,0.0
150.03614185305761,-8.636003849031978,14.499999999999984,0.0,0.0,0.0
150.04165432035745,-8.627607450225762,14.499999999999984,0.0,0.0,0.0
150.0471665425216,-8.619210972763339,14.499999999999984,0.0,0.0,0.0
150.05267851980088,-8.610814416725923,14.499999999999982,0.0,0.0,0.0
150.05819025244608,-8.602417782194706,14.49999999999998,0.0,0.0,0.0
150.0637017407079,-8.594021069250878,14.499999999999984,0.0,0.0,0.0
150.06921298483707,-8.585624277975601,14.499999999999982,0.0,0.0,0.0
150.07472398508423,-8.577227408450037,14.499999999999982,0.0,0.0,0.0
150.0802347417,-8.56883046075533,14.49999999999998,0.0,0.0,0.0
150.08574525493498,-8.560433434972607,14.49999999999998,0.0,0.0,0.0
150.09125552503977,-8.552036331182986,14.499999999999979,0.0,0.0,0.0
150.09676555226486,-8.543639149467571,14.49999999999998,0.0,0.0,0.0
150.10227533686074,-8.535241889907457,14.49999999999998,0.0,0.0,0.0
150.1077848790779,-8.526844552583718,14.49999999999998,0.0,0.0,0.0
150.1132941791668,-8.518447137577418,14.499999999999979,0.0,0.0,0.0
150.11880323737773,-8.510049644969612,14.499999999999982,0.0,0.0,0.0
150.12431205396112,-8.501652074841338,14.499999999999979,0.0,0.0,0.0
150.12982062916728,-8.493254427273623,14.499999999999979,0.0,0.0,0.0
150.13532896324654,-8.484856702347475,14.499999999999977,0.0,0.0,0.0
150.1408370564491,-8.4764589001439,14.499999999999977,0.0,0.0,0.0
150.14634490902523,-8.46806102074388,14.499999999999979,0.0,0.0,0.0
150.1518525212251,-8.459663064228392,14.499999999999979,0.0,0.0,0.0
150.15735989329886,-8.451265030678394,14.499999999999979,0.0,0.0,0.0
150.1628670254967,-8.44286692017484,14.499999999999977,0.0,0.0,0.0
150.16837391806862,-8.434468732798658,14.499999999999977,0.0,0.0,0.0
150.17388057126473,-8.426070468630776,14.499999999999977,0.0,0.0,0.0
150.1793869853351,-8.417672127752098,14.499999999999977,0.0,0.0,0.0
150.1848931605296,-8.409273710243523,14.499999999999977,0.0,0.0,0.0
150.19039909709832,-8.400875216185932,14.499999999999977,0.0,0.0,0.0
150.19590479529109,-8.392476645660203,14.499999999999977,0.0,0.0,0.0
150.20141025535784,-8.384077998747186,14.499999999999977,0.0,0.0,0.0
150.20691547754845,-8.37567927552773,14.499999999999977,0.0,0.0,0.0
150.21242046211273,-8.367280476082666,14.499999999999977,0.0,0.0,0.0
150.21792520930046,-8.358881600492817,14.499999999999977,0.0,0.0,0.0
150.2234297193614,-8.350482648838982,14.499999999999975,0.0,0.0,0.0
150.2289339925453,-8.342083621201962,14.499999999999975,0.0,0.0,0.0
150.23443802910185,-8.333684517662533,14.499999999999975,0.0,0.0,0.0
150.23994182928072,-8.325285338301468,14.499999999999975,0.0,0.0,0.0
150.24544539333152,-8.316886083199519,14.499999999999975,0.0,0.0,0.0
150.25094872150385,-8.308486752437432,14.499999999999973,0.0,0.0,0.0
150.25645181404727,-8.300087346095932,14.499999999999973,0.0,0.0,0.0
150.26195467121136,-8.29168786425574,14.499999999999973,0.0,0.0,0.0
150.2674572932455,-8.283288306997564,14.499999999999975,0.0,0.0,0.0
150.27295968039928,-8.274888674402096,14.499999999999973,0.0,0.0,0.0
150.2784618329221,-8.266488966550007,14.499999999999973,0.0,0.0,0.0
150.2839637510633,-8.258089183521973,14.499999999999973,0.0,0.0,0.0
150.28946543507234,-8.249689325398641,14.499999999999972,0.0,0.0,0.0
150.29496688519848,-8.241289392260661,14.49999999999997,0.0,0.0,0.0
150.30046810169105,-8.232889384188658,14.499999999999972,0.0,0.0,0.0
150.30596908479933,-8.224489301263251,14.49999999999997,0.0,0.0,0.0
150.31146983477254,-8.21608914356504,14.49999999999997,0.0,0.0,0.0
150.3169703518599,-8.207688911174612,14.49999999999997,0.0,0.0,0.0
150.32247063631058,-8.19928860417256,14.499999999999968,0.0,0.0,0.0
150.3279706883737,-8.190888222639439,14.499999999999968,0.0,0.0,0.0
150.3334705082984,-8.182487766655807,14.499999999999968,0.0,0.0,0.0
150.33897009633375,-8.174087236302208,14.499999999999968,0.0,0.0,0.0
150.3444694527288,-8.165686631659165,14.499999999999966,0.0,0.0,0.0
150.3499685777325,-8.157285952807198,14.499999999999968,0.0,0.0,0.0
150.35546747159393,-8.148885199826811,14.499999999999968,0.0,0.0,0.0
150.36096613456195,-8.140484372798495,14.499999999999966,0.0,0.0,0.0
150.36646456688553,-8.13208347180273,14.499999999999966,0.0,0.0,0.0
150.37196276881352,-8.123682496919987,14.499999999999966,0.0,0.0,0.0
150.37746074059476,-8.11528144823071,14.499999999999966,0.0,0.0,0.0
150.38295848247813,-8.106880325815348,14.499999999999966,0.0,0.0,0.0
150.3884559947124,-8.09847912975433,14.499999999999964,0.0,0.0,0.0
150.39395327754627,-8.090077860128075,14.499999999999964,0.0,0.0,0.0
150.3994503312285,-8.081676517016984,14.499999999999963,0.0,0.0,0.0
150.4049471560078,-8.073275100501453,14.499999999999964,0.0,0.0,0.0
150.4104437521328,-8.064873610661863,14.499999999999961,0.0,0.0,0.0
150.41594011985217,-8.056472047578579,14.499999999999963,0.0,0.0,0.0
150.42143625941446,-8.048070411331956,14.499999999999964,0.0,0.0,0.0
150.42693217106824,-8.03966870200234,14.499999999999961,0.0,0.0,0.0
150.4324278550621,-8.031266919670065,14.49999999999996,0.0,0.0,0.0
150.43792331164445,-8.022865064415447,14.49999999999996,0.0,0.0,0.0
150.4434185410638,-8.01446313631879,14.499999999999961,0.0,0.0,0.0
150.44891354356864,-8.006061135460396,14.49999999999996,0.0,0.0,0.0
150.45440831940732,-7.99765906192054,14.499999999999957,0.0,0.0,0.0
150.4599028688282,-7.989256915779498,14.499999999999957,0.0,0.0,0.0
150.46539719207968,-7.980854697117524,14.499999999999957,0.0,0.0,0.0
150.47089128941002,-7.972452406014865,14.499999999999956,0.0,0.0,0.0
150.47638516106753,-7.964050042551756,14.499999999999957,0.0,0.0,0.0
150.48187880730046,-7.955647606808417,14.499999999999957,0.0,0.0,0.0
150.48737222835703,-7.94724509886506,14.49999999999996,0.0,0.0,0.0
150.49286542448542,-7.938842518801882,14.499999999999957,0.0,0.0,0.0
150.49835839593376,-7.930439866699068,14.499999999999957,0.0,0.0,0.0
150.50385114295023,-7.92203714263679,14.499999999999956,0.0,0.0,0.0
150.50934366578286,-7.91363434669521,14.499999999999956,0.0,0.0,0.0
150.51483596467978,-7.905231478954477,14.499999999999952,0.0,0.0,0.0
150.52032803988897,-7.896828539494729,14.499999999999956,0.0,0.0,0.0
150.52581989165847,-7.888425528396094,14.499999999999956,0.0,0.0,0.0
150.5313115202362,-7.880022445738677,14.499999999999954,0.0,0.0,0.0
150.53680292587012,-7.871619291602589,14.499999999999954,0.0,0.0,0.0
150.54229410880816,-7.8632160660679125,14.499999999999954,0.0,0.0,0.0
150.5477850692982,-7.8548127692147265,14.49999999999995,0.0,0.0,0.0
150.55327580758802,-7.846409401123097,14.499999999999948,0.0,0.0,0.0
150.5587663239255,-7.83800596187308,14.49999999999995,0.0,0.0,0.0
150.5642566185584,-7.829602451544708,14.499999999999948,0.0,0.0,0.0
150.56974669173448,-7.821198870218022,14.49999999999995,0.0,0.0,0.0
150.57523654370146,-7.812795217973032,14.49999999999995,0.0,0.0,0.0
150.58072617470702,-7.804391494889749,14.499999999999947,0.0,0.0,0.0
150.58621558499883,-7.795987701048163,14.499999999999947,0.0,0.0,0.0
150.59170477482454,-7.7875838365282535,14.499999999999948,0.0,0.0,0.0
150.59719374443168,-7.779179901409999,14.499999999999945,0.0,0.0,0.0
150.60268249406792,-7.770775895773353,14.499999999999943,0.0,0.0,0.0
150.6081710239807,-7.762371819698266,14.499999999999945,0.0,0.0,0.0
150.6136593344176,-7.753967673264664,14.499999999999941,0.0,0.0,0.0
150.61914742562607,-7.7455634565524765,14.499999999999941,0.0,0.0,0.0
150.62463529785356,-7.737159169641615,14.499999999999943,0.0,0.0,0.0
150.63012295134746,-7.728754812611983,14.499999999999941,0.0,0.0,0.0
150.6356103863552,-7.720350385543458,14.499999999999943,0.0,0.0,0.0
150.6410976031241,-7.711945888515922,14.49999999999994,0.0,0.0,0.0
150.64658460190154,-7.70354132160924,14.49999999999994,0.0,0.0,0.0
150.65207138293476,-7.695136684903263,14.49999999999994,0.0,0.0,0.0
150.65755794647103,-7.686731978477835,14.499999999999938,0.0,0.0,0.0
150.6630442927576,-7.678327202412784,14.499999999999938,0.0,0.0,0.0
150.66853042204167,-7.669922356787924,14.499999999999938,0.0,0.0,0.0
150.67401633457044,-7.661517441683064,14.499999999999936,0.0,0.0,0.0
150.67950203059098,-7.6531124571780005,14.499999999999936,0.0,0.0,0.0
150.6849875103505,-7.644707403352512,14.499999999999934,0.0,0.0,0.0
150.69047277409598,-7.6363022802863725,14.499999999999932,0.0,0.0,0.0
150.6959578220746,-7.627897088059343,14.499999999999934,0.0,0.0,0.0
150.70144265453328,-7.619491826751169,14.499999999999936,0.0,0.0,0.0
150.70692727171905,-7.611086496441586,14.49999999999993,0.0,0.0,0.0
150.71241167387888,-7.602681097210322,14.49999999999993,0.0,0.0,0.0
150.7178958612597,-7.594275629137087,14.49999999999993,0.0,0.0,0.0
150.72337983410844,-7.585870092301587,14.499999999999929,0.0,0.0,0.0
150.72886359267193,-7.577464486783511,14.49999999999993,0.0,0.0,0.0
150.734347137197,-7.569058812662537,14.499999999999929,0.0,0.0,0.0
150.73983046793057,-7.560653070018334,14.499999999999927,0.0,0.0,0.0
150.74531358511933,-7.552247258930553,14.499999999999925,0.0,0.0,0.0
150.75079648901004,-7.543841379478843,14.499999999999925,0.0,0.0,0.0
150.75627917984946,-7.5354354317428385,14.499999999999927,0.0,0.0,0.0
150.76176165788428,-7.527029415802159,14.499999999999927,0.0,0.0,0.0
150.76724392336115,-7.518623331736418,14.499999999999922,0.0,0.0,0.0
