galstreams/tracks/track.st.AAU-ATLAS.li2021.ecsv
# %ECSV 1.0
# ---
# datatype:
# - {name: ra, unit: deg, datatype: float64}
# - {name: dec, unit: deg, datatype: float64}
# - {name: distance, unit: kpc, datatype: float64}
# - {name: pm_ra_cosdec, unit: mas / yr, datatype: float64}
# - {name: pm_dec, unit: mas / yr, datatype: float64}
# - {name: radial_velocity, unit: km / s, datatype: float64}
# delimiter: ','
# meta: !!omap
# - __serialized_columns__:
#     dec:
#       __class__: astropy.coordinates.angles.Latitude
#       unit: &id001 !astropy.units.Unit {unit: deg}
#       value: !astropy.table.SerializedColumn {name: dec}
#     distance:
#       __class__: astropy.coordinates.distances.Distance
#       unit: !astropy.units.Unit {unit: kpc}
#       value: !astropy.table.SerializedColumn {name: distance}
#     pm_dec:
#       __class__: astropy.units.quantity.Quantity
#       unit: !astropy.units.Unit {unit: mas / yr}
#       value: !astropy.table.SerializedColumn {name: pm_dec}
#     pm_ra_cosdec:
#       __class__: astropy.units.quantity.Quantity
#       unit: !astropy.units.Unit {unit: mas / yr}
#       value: !astropy.table.SerializedColumn {name: pm_ra_cosdec}
#     ra:
#       __class__: astropy.coordinates.angles.Longitude
#       unit: *id001
#       value: !astropy.table.SerializedColumn {name: ra}
#       wrap_angle: !astropy.coordinates.Angle
#         unit: *id001
#         value: 360.0
#     radial_velocity:
#       __class__: astropy.units.quantity.Quantity
#       unit: !astropy.units.Unit {unit: km / s}
#       value: !astropy.table.SerializedColumn {name: radial_velocity}
# schema: astropy-2.0
ra,dec,distance,pm_ra_cosdec,pm_dec,radial_velocity
[from data line 2058]
27.911800779931756,-31.833008558071203,24.3677695595855,0.12592961265068353,-0.8479466850388706,-69.65669296472292
27.92143884510991,-31.83887240837003,24.371676392736987,0.12610768233541791,-0.8477635913868455,-69.60573986334116
27.931077566264687,-31.844736405665994,24.375584484955155,0.12628554475019776,-0.8475803869991008,-69.5547747119167
27.940716943817208,-31.85060054985678,24.379493836239998,0.1264631998621688,-0.8473970719211615,-69.50379751044964
27.95035697818869,-31.856464840840065,24.383404446591523,0.1266406476384757,-0.8472136461985776,-69.45280825893984
27.959997669800458,-31.862329278513464,24.387316316009716,0.12681788804626187,-0.8470301098769231,-69.40180695738749
27.969639019073988,-31.868193862774586,24.3912294444946,0.12699492105266919,-0.8468464630017956,-69.35079360579235
27.979281026430815,-31.874058593520946,24.39514383204616,0.1271717466248377,-0.8466627056188191,-69.29976820415462
27.988923692292662,-31.879923470650073,24.39905947866439,0.12734836472990751,-0.8464788377736406,-69.24873075247419
27.99856701708131,-31.885788494059426,24.402976384349305,0.12752477533501588,-0.8462948595119323,-69.19768125075115
28.00821100121868,-31.891653663646448,24.406894549100894,0.12770097840729921,-0.8461107708793907,-69.14661969898536
28.0178556451268,-31.897518979308487,24.41081397291917,0.12787697391389297,-0.845926571921736,-69.09554609717699
28.02750094922784,-31.903384440942933,24.414734655804114,0.12805276182193154,-0.8457422626847144,-69.04446044532592
28.037146913944053,-31.90925004844706,24.41865659775574,0.12822834209854678,-0.8455578432140962,-68.99336274343217
28.046793539697834,-31.91511580171815,24.42257979877405,0.12840371471087003,-0.8453733135556751,-68.9422529914958
28.05644082691166,-31.920981700653435,24.426504258859033,0.12857887962603165,-0.8451886737552707,-68.89113118951673
28.06608877600819,-31.926847745150088,24.430429978010697,0.12875383681116032,-0.8450039238587266,-68.83999733749498
28.07573738741013,-31.93271393510526,24.434356956229035,0.12892858623338332,-0.8448190639119104,-68.78885143543062
28.085386661540333,-31.938580270416065,24.438285193514055,0.1291031278598263,-0.8446340939607151,-68.73769348332354
28.09503659882178,-31.94444675097956,24.44221468986575,0.129277461657615,-0.8444490140510581,-68.68652348117388
28.104687199677535,-31.95031337669278,24.446145445284124,0.12945158759387226,-0.8442638242288809,-68.63534142898146
28.114338464530814,-31.95618014745269,24.450077459769183,0.12962550563572034,-0.8440785245401502,-68.58414732674643
28.12399039380494,-31.962047063156266,24.454010733320914,0.1297992157502808,-0.8438931150308571,-68.53294117446872
28.13364298792336,-31.967914123700396,24.457945265939323,0.12997271790467319,-0.8437075957470166,-68.48172297214833
28.1432962473096,-31.973781328981932,24.461881057624414,0.13014601206601573,-0.8435219667346688,-68.4304927197853
28.152950172387353,-31.979648678897725,24.465818108376176,0.1303190982014263,-0.843336228039879,-68.3792504173796
28.162604763580386,-31.985516173344543,24.469756418194624,0.13049197627802017,-0.8431503797087356,-68.32799606493121
28.17226002131262,-31.991383812219127,24.47369598707975,0.1306646462629123,-0.8429644217873535,-68.2767296624402
28.18191594600808,-31.99725159541819,24.47763681503155,0.13083710812321653,-0.842778354321871,-68.2254512099065
28.191572538090895,-32.00311952283839,24.481578902050025,0.131009361826045,-0.8425921773584507,-68.1741607073301
28.20122979798532,-32.008987594376336,24.485522248135194,0.13118140733850864,-0.8424058909432808,-68.12285815471112
28.21088772611574,-32.01485580992863,24.489466853287027,0.13135324462771747,-0.8422194951225739,-68.07154355204942
28.22054632290664,-32.0207241693918,24.49341271750554,0.13152487366078053,-0.8420329899425666,-68.02021689934507
28.230205588782624,-32.026592672662346,24.497359840790736,0.13169629440480457,-0.8418463754495207,-67.96887819659808
28.239865524168433,-32.032461319636724,24.501308223142612,0.13186750682689602,-0.8416596516897223,-67.91752744380844
28.249526129488906,-32.03833011021136,24.505257864561163,0.13203851089416047,-0.8414728187094833,-67.86616464097607
28.259187405169,-32.04419904428263,24.50920876504639,0.13220930657370106,-0.8412858765551388,-67.81478978810105
28.268849351633804,-32.050068121746875,24.513160924598292,0.13237989383262128,-0.841098825273049,-67.76340288518331
28.2785119693085,-32.05593734250036,24.51711434321689,0.1325502726380216,-0.8409116649095987,-67.71200393222306
28.288175258618427,-32.06180670643938,24.52106902090215,0.13272044295700325,-0.8407243955111983,-67.66059292922006
28.29783921998899,-32.06767621346012,24.525024957654093,0.13289040475666491,-0.8405370171242819,-67.60916987617439
28.30750385384576,-32.07354586345877,24.528982153472715,0.13306015800410465,-0.8403495297953085,-67.55773477308605
28.317169160614394,-32.07941565633145,24.53294060835801,0.13322970266641937,-0.840161933570762,-67.50628761995505
28.32683514072069,-32.085285591974255,24.536900322309993,0.13339903871070435,-0.8399742284971505,-67.45482841678142
28.336501794590554,-32.091155670283236,24.540861295328643,0.13356816610405509,-0.8397864146210079,-67.40335716356508
28.34616912264999,-32.097025891154395,24.544823527413982,0.13373708481356372,-0.8395984919888915,-67.35187386030609
28.355837125325163,-32.10289625448371,24.548787018565992,0.1339057948063233,-0.8394104606473849,-67.30037850700447
28.365505803042318,-32.1087667601671,24.552751768784685,0.13407429604942522,-0.8392223206430941,-67.24887110366011
28.37517515622782,-32.114637408100435,24.55671777807006,0.13424258850995813,-0.8390340720226521,-67.19735165027315
28.384845185308194,-32.120508198179586,24.5606850464221,0.1344106721550123,-0.8388457148327162,-67.14582014684349
28.394515890710018,-32.12637913030033,24.564653573840832,0.13457854695167448,-0.8386572491199671,-67.0942765933712
28.40418727286006,-32.132250204358435,24.568623360326235,0.13474621286703176,-0.8384686749311119,-67.04272098985624
28.413859332185154,-32.138121420249625,24.572594405878313,0.1349136698681701,-0.8382799923128816,-66.99115333629861
28.423532069112266,-32.14399277786959,24.57656671049708,0.13508091792217303,-0.8380912013120319,-66.93957363269828
28.43320548406849,-32.149864277113934,24.58054027418252,0.13524795699612452,-0.8379023019753439,-66.88798187905532
28.44287957748102,-32.15573591787827,24.584515096934638,0.13541478705710647,-0.8377132943496228,-66.83637807536971
28.4525543497772,-32.161607700058156,24.588491178753433,0.1355814080722002,-0.8375241784816991,-66.78476222164143
28.462229801384442,-32.16747962354909,24.592468519638906,0.13574782000848534,-0.8373349544184281,-66.73313431787047
28.471905932730348,-32.17335168824656,24.59644711959106,0.13591402283304183,-0.8371456222066896,-66.68149436405686
28.481582744242566,-32.17922389404597,24.600426978609896,0.1360800165129466,-0.8369561818933879,-66.62984236020056
28.491260236348907,-32.185096240842725,24.60440809669541,0.13624580101527695,-0.8367666335254531,-66.5781783063016
28.500938409477286,-32.19096872853216,24.608390473847592,0.13641137630710887,-0.8365769771498397,-66.52650220236
28.510617264055742,-32.19684135700958,24.61237411006646,0.13657674235551676,-0.8363872128135263,-66.47481404837573
28.52029680051243,-32.202714126170264,24.616359005352,0.1367418991275745,-0.836197340563518,-66.42311384434879
28.529977019275623,-32.2085870359094,24.620345159704225,0.1369068465903548,-0.8360073604468424,-66.37140159027918
28.539657920773713,-32.21446008612218,24.624332573123127,0.137071584710929,-0.8358172725105542,-66.3196772861669
28.54933950543521,-32.22033327670375,24.628321245608706,0.13723611345636816,-0.8356270768017315,-66.26794093201198
28.559021773688755,-32.22620660754918,24.63231117716096,0.13740043279374153,-0.8354367733674786,-66.21619252781437
28.568704725963087,-32.232080078553544,24.636302367779898,0.13756454269011742,-0.8352463622549229,-66.1644320735741
28.578388362687075,-32.237953689611835,24.640294817465517,0.13772844311256366,-0.8350558435112183,-66.1126595692912
28.588072684289724,-32.24382744061903,24.644288526217807,0.13789213402814698,-0.8348652171835425,-66.0608750149656
28.597757691200126,-32.24970133147006,24.64828349403678,0.1380556154039324,-0.8346744833190985,-66.00907841059734
28.607443383847514,-32.25557536205979,24.65227972092243,0.1382188872069849,-0.8344836419651152,-65.95726975618646
28.61712976266122,-32.26144953228306,24.656277206874766,0.13838194940436754,-0.8342926931688438,-65.90544905173287
28.62681682807074,-32.2673238420347,24.660275951893773,0.13854480196314312,-0.8341016369775637,-65.85361629723658
28.636504580505637,-32.27319829120944,24.66427595597945,0.13870744485037312,-0.8339104734385769,-65.8017714926977
28.646193020395614,-32.27907287970199,24.668277219131816,0.13886987803311812,-0.8337192025992106,-65.74991463811611
28.655882148170498,-32.28494760740704,24.67227974135086,0.13903210147843764,-0.8335278245068176,-65.69804573349187
28.665571964260256,-32.29082247421921,24.67628352263658,0.13919411515339047,-0.8333363392087758,-65.64616477882498
28.675262469094903,-32.29669748003309,24.680288562988977,0.13935591902503386,-0.8331447467524873,-65.5942717741154
28.684953663104668,-32.30257262474323,24.68429486240806,0.13951751306042492,-0.8329530471853791,-65.54236671936317
28.69464554671983,-32.30844790824411,24.688302420893805,0.1396788972266192,-0.8327612405549043,-65.49044961456828
28.704338120370824,-32.31432333043021,24.692311238446244,0.1398400714906718,-0.8325693269085397,-65.43852045973074
28.71403138448819,-32.32019889119594,24.696321315065354,0.1400010358196364,-0.8323773062937879,-65.38657925485053
28.72372533950256,-32.32607459043569,24.70033265075115,0.1401617901805654,-0.8321851787581758,-65.33462599992761
28.733419985844762,-32.331950428043776,24.70434524550361,0.14032233454051163,-0.8319929443492562,-65.28266069496205
28.743115323945673,-32.33782640391448,24.708359099322763,0.14048266886652583,-0.8318006031146055,-65.2306833399539
28.752811354236314,-32.34370251794206,24.712374212208587,0.1406427931256577,-0.8316081551018267,-65.178693934903
28.762508077147825,-32.34957877002073,24.716390584161097,0.14080270728495697,-0.8314156003585467,-65.12669247980944
28.772205493111475,-32.35545516004463,24.72040821518027,0.14096241131147197,-0.8312229389324183,-65.07467897467322
28.78190360255865,-32.361331687907885,24.724427105266134,0.14112190517225015,-0.8310301708711176,-65.02265341949438
28.79160240592085,-32.367208353504594,24.72844725441867,0.14128118883433782,-0.8308372962223487,-64.97061581427279
28.801301903629682,-32.37308515672875,24.732468662637885,0.14144026226478046,-0.8306443150338375,-64.9185661590086
28.811002096116898,-32.378962097474364,24.736491329923787,0.14159912543062314,-0.8304512273533365,-64.86650445370174
28.820702983814368,-32.384839175635385,24.74051525627636,0.14175777829890968,-0.8302580332286241,-64.81443069835224
28.83040456715407,-32.39071639110572,24.744540441695612,0.14191622083668287,-0.8300647327075021,-64.76234489296
28.84010684656809,-32.396593743779206,24.74856688618154,0.14207445301098487,-0.8298713258377981,-64.71024703752515
28.849809822488695,-32.4024712335497,24.75259458973415,0.14223247478885714,-0.8296778126673654,-64.65813713204764
28.859513495348182,-32.40834886031093,24.75662355235344,0.14239028613733962,-0.8294841932440806,-64.60601517652745
28.86921786557903,-32.414226623956665,24.7606537740394,0.14254788702347232,-0.8292904676158472,-64.5538811709646
28.878922933613847,-32.42010452438058,24.76468525479205,0.14270527741429362,-0.8290966358305932,-64.50173511535908
28.88862869988531,-32.42598256147632,24.768717994611368,0.14286245727684155,-0.8289026979362716,-64.4495770097109
28.898335164826257,-32.431860735137484,24.772751993497376,0.14301942657815286,-0.8287086539808597,-64.39740685402008
28.908042328869648,-32.43773904525763,24.776787251450052,0.14317618528526382,-0.8285145040123618,-64.34522464828656
28.917750192448516,-32.44361749173027,24.78082376846941,0.1433327333652094,-0.8283202480788059,-64.29303039251042
28.927458755996085,-32.4494960744489,24.784861544555444,0.14348907078502493,-0.828125886228245,-64.24082408669155
28.937168019945645,-32.45537479330692,24.788900579708162,0.1436451975117431,-0.8279314185087581,-64.18860573083003
28.94687798473064,-32.46125364819774,24.79294087392755,0.14380111351239788,-0.8277368449684492,-64.1363753249259
28.95658865078461,-32.46713263901467,24.79698242721362,0.1439568187540204,-0.8275421656554465,-64.08413286897908
28.966300018541233,-32.473011765651044,24.801025239566375,0.14411231320364237,-0.8273473806179039,-64.03187836298956
28.97601208843429,-32.47889102800009,24.8050693109858,0.14426759682829382,-0.8271524899040018,-63.979611806957436
28.98572486089772,-32.48477042595503,24.8091146414719,0.14442266959500505,-0.8269574935619436,-63.92733320088263
28.99543833636553,-32.49064995940902,24.813161231024694,0.1445775314708046,-0.8267623916399587,-63.87504254476513
29.0051525152719,-32.496529628255196,24.817209079644154,0.14473218242272062,-0.8265671841863022,-63.822739838604996
29.01486739805109,-32.502409432386635,24.821258187330297,0.14488662241778022,-0.826371871249254,-63.77042508240217
29.024582985137517,-32.508289371696385,24.82530855408311,0.1450408514230106,-0.8261764528771196,-63.71809827615671
29.034299276965687,-32.51416944607742,24.829360179902608,0.1451948694054367,-0.8259809291182283,-63.66575941986854
29.04401627397024,-32.52004965542269,24.83341306478879,0.1453486763320841,-0.8257853000209364,-63.61340851353777
29.053733976585963,-32.52592999962512,24.83746720874164,0.14550227216997724,-0.8255895656336243,-63.561045557164256
29.063452385247704,-32.53181047857754,24.841522611761167,0.14565565688613918,-0.8253937260046982,-63.508670550748164
29.073171500390497,-32.53769109217279,24.84557927384739,0.14580883044759296,-0.8251977811825886,-63.45628349428935
29.082891322449466,-32.54357184030364,24.849637195000277,0.1459617928213608,-0.8250017312157527,-63.403884387787876
29.092611851859846,-32.54945272286282,24.853696375219844,0.14611454397446355,-0.8248055761526718,-63.35147323124377
29.102333089057023,-32.555333739743006,24.85775681450609,0.1462670838739223,-0.8246093160418531,-63.29905002465699
29.11205503447648,-32.56121489083685,24.861818512859013,0.1464194124867566,-0.8244129509318282,-63.24661476802751
29.121777688553834,-32.56709617603694,24.865881470278616,0.14657152977998567,-0.8242164808711551,-63.1941674613554
29.131501051724822,-32.57297759523585,24.869945686764897,0.14672343572062824,-0.8240199059084163,-63.141708104640614
29.141225124425286,-32.578859148326046,24.874011162317863,0.14687513027570165,-0.8238232260922196,-63.08923669788318
29.150949907091242,-32.58474083520004,24.87807789693749,0.14702661341222345,-0.8236264414711989,-63.036753241083055
29.160675400158755,-32.590622655750224,24.88214589062381,0.14717788509720925,-0.823429552094012,-62.98425773424027
29.17040160406406,-32.59650460986897,24.88621514337681,0.14732894529767515,-0.8232325580093428,-62.93175017735484
29.18012851924351,-32.602386697448644,24.890285655196482,0.14747979398063638,-0.8230354592659015,-62.87923057042675
29.189856146133568,-32.60826891838149,24.894357426082838,0.14763043111310714,-0.8228382559124212,-62.82669891345598
29.199584485170824,-32.61415127255979,24.898430456035868,0.14778085666210078,-0.8226409479976627,-62.77415520644255
29.209313536791985,-32.6200337598757,24.902504745055577,0.1479310705946304,-0.8224435355704108,-62.72159944938645
29.219043301433892,-32.62591638022142,24.90658029314196,0.14808107287770833,-0.822246018679476,-62.6690316422877
29.228773779533487,-32.63179913348903,24.910657100295023,0.14823086347834613,-0.8220483973736944,-62.61645178514627
29.238504971527863,-32.637682019570605,24.914735166514763,0.14838044236355485,-0.8218506717019267,-62.563859877962166
