galstreams/tracks/track.st.M30.sollima2020.ecsv
# %ECSV 0.9
# ---
# datatype:
# - {name: ra, unit: deg, datatype: float64}
# - {name: dec, unit: deg, datatype: float64}
# - {name: distance, unit: kpc, datatype: float64}
# - {name: pm_ra_cosdec, unit: mas / yr, datatype: float64}
# - {name: pm_dec, unit: mas / yr, datatype: float64}
# - {name: radial_velocity, unit: km / s, datatype: float64}
# delimiter: ','
# meta: !!omap
# - __serialized_columns__:
#     dec:
#       __class__: astropy.coordinates.angles.Latitude
#       unit: &id001 !astropy.units.Unit {unit: deg}
#       value: !astropy.table.SerializedColumn {name: dec}
#     distance:
#       __class__: astropy.coordinates.distances.Distance
#       unit: !astropy.units.Unit {unit: kpc}
#       value: !astropy.table.SerializedColumn {name: distance}
#     pm_dec:
#       __class__: astropy.units.quantity.Quantity
#       unit: !astropy.units.Unit {unit: mas / yr}
#       value: !astropy.table.SerializedColumn {name: pm_dec}
#     pm_ra_cosdec:
#       __class__: astropy.units.quantity.Quantity
#       unit: !astropy.units.Unit {unit: mas / yr}
#       value: !astropy.table.SerializedColumn {name: pm_ra_cosdec}
#     ra:
#       __class__: astropy.coordinates.angles.Longitude
#       unit: *id001
#       value: !astropy.table.SerializedColumn {name: ra}
#       wrap_angle: !astropy.coordinates.Angle
#         unit: *id001
#         value: 360.0
#     radial_velocity:
#       __class__: astropy.units.quantity.Quantity
#       unit: !astropy.units.Unit {unit: km / s}
#       value: !astropy.table.SerializedColumn {name: radial_velocity}
# schema: astropy-2.0
ra,dec,distance,pm_ra_cosdec,pm_dec,radial_velocity
[from data line 236]
323.06739617294636,-23.832343162676963,7.9000000000000075,0.0,0.0,0.0
323.07675653623363,-23.82561188216448,7.900000000000006,0.0,0.0,0.0
323.0861198984349,-23.81890400778219,7.9000000000000075,0.0,0.0,0.0
323.09548632766996,-23.81221992343624,7.9000000000000075,0.0,0.0,0.0
323.10485589170634,-23.805560010288804,7.9000000000000075,0.0,0.0,0.0
323.11422865794776,-23.798924646693564,7.900000000000007,0.0,0.0,0.0
323.12360469342315,-23.792314208131735,7.9000000000000075,0.0,0.0,0.0
323.13298406477503,-23.785729067148807,7.900000000000007,0.0,0.0,0.0
323.1423668382491,-23.77916959329182,7.900000000000007,0.0,0.0,0.0
323.15175307968224,-23.77263615304738,7.900000000000007,0.0,0.0,0.0
323.1611428544925,-23.766129109780184,7.9000000000000075,0.0,0.0,0.0
323.1705362276675,-23.75964882367223,7.9000000000000075,0.0,0.0,0.0
323.1799332637543,-23.753195651662605,7.9000000000000075,0.0,0.0,0.0
323.1893340268478,-23.746769947387996,7.900000000000007,0.0,0.0,0.0
323.19873858058116,-23.740372061123672,7.900000000000007,0.0,0.0,0.0
323.20814698811444,-23.73400233972524,7.900000000000007,0.0,0.0,0.0
323.21755931212437,-23.72766112657093,7.9000000000000075,0.0,0.0,0.0
323.2269756147942,-23.721348761504533,7.9000000000000075,0.0,0.0,0.0
323.236395957803,-23.715065580778944,7.900000000000007,0.0,0.0,0.0
323.24582040231576,-23.70881191700039,7.9000000000000075,0.0,0.0,0.0
323.2552490089731,-23.702588099073168,7.900000000000008,0.0,0.0,0.0
323.26468183788137,-23.696394452145146,7.900000000000007,0.0,0.0,0.0
323.27411894860205,-23.69023129755378,7.9000000000000075,0.0,0.0,0.0
323.28356040014285,-23.68409895277277,7.900000000000007,0.0,0.0,0.0
323.29300625094703,-23.677997731359426,7.900000000000007,0.0,0.0,0.0
323.3024565588842,-23.671927942902492,7.900000000000008,0.0,0.0,0.0
323.31191138124035,-23.665889892970775,7.900000000000006,0.0,0.0,0.0
323.32137077470844,-23.65988388306229,7.900000000000005,0.0,0.0,0.0
323.3308347953789,-23.653910210554024,7.900000000000007,0.0,0.0,0.0
323.3403034987301,-23.647969168652395,7.900000000000007,0.0,0.0,0.0
323.3497769396192,-23.64206104634427,7.900000000000006,0.0,0.0,0.0
323.35925517227275,-23.636186128348594,7.900000000000007,0.0,0.0,0.0
323.3687382502778,-23.63034469506873,7.900000000000006,0.0,0.0,0.0
323.3782262265724,-23.624537022545326,7.900000000000005,0.0,0.0,0.0
323.3877191534369,-23.61876338240987,7.900000000000006,0.0,0.0,0.0
323.397217082485,-23.613024041838823,7.900000000000006,0.0,0.0,0.0
323.40672006465496,-23.607319263508423,7.900000000000006,0.0,0.0,0.0
323.4162281502008,-23.601649305550023,7.900000000000007,0.0,0.0,0.0
323.42574138868355,-23.596014421506176,7.900000000000006,0.0,0.0,0.0
323.4352598289628,-23.59041486028728,7.900000000000007,0.0,0.0,0.0
323.44478351918815,-23.58485086612878,7.900000000000007,0.0,0.0,0.0
323.4543125067908,-23.579322678549136,7.9000000000000075,0.0,0.0,0.0
323.4638468384754,-23.573830532308275,7.900000000000006,0.0,0.0,0.0
323.47338656021145,-23.56837465736675,7.900000000000007,0.0,0.0,0.0
323.4829317172254,-23.562955278845518,7.900000000000006,0.0,0.0,0.0
323.4924823539927,-23.55757261698628,7.9000000000000075,0.0,0.0,0.0
323.5020385142293,-23.55222688711254,7.900000000000006,0.0,0.0,0.0
323.51160024088415,-23.546918299591155,7.9000000000000075,0.0,0.0,0.0
323.5211675761317,-23.54164705979465,7.900000000000007,0.0,0.0,0.0
323.53074056136313,-23.536413368064057,7.900000000000007,0.0,0.0,0.0
323.5403192371798,-23.531217419672412,7.9000000000000075,0.0,0.0,0.0
323.54990364338505,-23.52605940478889,7.900000000000006,0.0,0.0,0.0
323.5594938189769,-23.520939508443533,7.900000000000006,0.0,0.0,0.0
323.5690898021404,-23.51585791049258,7.900000000000006,0.0,0.0,0.0
323.5786916302411,-23.51081478558449,7.900000000000007,0.0,0.0,0.0
323.5882993398168,-23.505810303126545,7.900000000000007,0.0,0.0,0.0
323.59791296657096,-23.500844627252057,7.900000000000006,0.0,0.0,0.0
323.6075325453656,-23.49591791678824,7.900000000000007,0.0,0.0,0.0
323.6171581102144,-23.491030325224663,7.900000000000005,0.0,0.0,0.0
323.62678969427554,-23.48618200068237,7.9000000000000075,0.0,0.0,0.0
323.6364273298452,-23.481373085883554,7.900000000000007,0.0,0.0,0.0
323.64607104835073,-23.476603718121947,7.900000000000007,0.0,0.0,0.0
323.65572088034384,-23.471874029233767,7.900000000000007,0.0,0.0,0.0
323.6653768554944,-23.46718414556926,7.900000000000007,0.0,0.0,0.0
323.6750390025838,-23.46253418796498,7.900000000000007,0.0,0.0,0.0
323.6847073494984,-23.457924271716564,7.900000000000007,0.0,0.0,0.0
323.6943819232238,-23.45335450655216,7.900000000000006,0.0,0.0,0.0
323.70406274983804,-23.448824996606575,7.900000000000007,0.0,0.0,0.0
323.71374985450586,-23.444335840395915,7.900000000000007,0.0,0.0,0.0
323.72344326147254,-23.43988713079292,7.900000000000007,0.0,0.0,0.0
323.7331429940581,-23.435478955002885,7.900000000000008,0.0,0.0,0.0
323.74284907465125,-23.431111394540217,7.900000000000007,0.0,0.0,0.0
323.7525615247038,-23.426784525205658,7.900000000000007,0.0,0.0,0.0
323.7622803647251,-23.42249841706404,7.900000000000007,0.0,0.0,0.0
323.772005614276,-23.418253134422752,7.9000000000000075,0.0,0.0,0.0
323.7817372919641,-23.414048735810727,7.900000000000006,0.0,0.0,0.0
323.79147541543733,-23.409885273958192,7.900000000000006,0.0,0.0,0.0
323.80122000138,-23.40576279577686,7.900000000000007,0.0,0.0,0.0
323.81097106550624,-23.401681342340943,7.900000000000007,0.0,0.0,0.0
323.8207286225557,-23.397640948868624,7.900000000000006,0.0,0.0,0.0
323.8304926862882,-23.393641644704218,7.900000000000007,0.0,0.0,0.0
323.84026326947884,-23.389683453300954,7.900000000000006,0.0,0.0,0.0
323.8500403839131,-23.38576639220439,7.900000000000007,0.0,0.0,0.0
323.8598240403823,-23.381890473036396,7.900000000000006,0.0,0.0,0.0
323.86961424867843,-23.378055701479838,7.900000000000007,0.0,0.0,0.0
323.8794110175901,-23.374262077263797,7.900000000000007,0.0,0.0,0.0
323.8892143548977,-23.3705095941495,7.900000000000005,0.0,0.0,0.0
323.89902426736916,-23.366798239916754,7.900000000000007,0.0,0.0,0.0
323.9088407607554,-23.363127996351164,7.9000000000000075,0.0,0.0,0.0
323.91866383978675,-23.359498839231797,7.900000000000007,0.0,0.0,0.0
323.9284935081677,-23.3559107383196,7.900000000000006,0.0,0.0,0.0
323.9383297685741,-23.352363657346377,7.900000000000006,0.0,0.0,0.0
323.94817262264826,-23.34885755400438,7.900000000000006,0.0,0.0,0.0
323.95802207099547,-23.345392379936573,7.900000000000007,0.0,0.0,0.0
323.9678781131807,-23.34196808072745,7.900000000000006,0.0,0.0,0.0
323.9777407477239,-23.33858459589455,7.900000000000007,0.0,0.0,0.0
323.98760997209746,-23.3352418588805,7.9000000000000075,0.0,0.0,0.0
323.9974857827219,-23.33193979704579,7.900000000000007,0.0,0.0,0.0
324.0073681749633,-23.328678331662054,7.9000000000000075,0.0,0.0,0.0
324.01725714312914,-23.325457377906055,7.9000000000000075,0.0,0.0,0.0
324.02715268046603,-23.322276844854244,7.900000000000006,0.0,0.0,0.0
324.0370547791558,-23.319136635477996,7.900000000000007,0.0,0.0,0.0
324.04696343031287,-23.316036646639382,7.900000000000007,0.0,0.0,0.0
324.05687862398156,-23.31297676908764,7.900000000000007,0.0,0.0,0.0
324.0668003491328,-23.309956887456224,7.900000000000007,0.0,0.0,0.0
324.0767285936617,-23.30697688026049,7.900000000000007,0.0,0.0,0.0
324.0866633443851,-23.304036619895964,7.900000000000006,0.0,0.0,0.0
324.0966045870387,-23.301135972637326,7.900000000000007,0.0,0.0,0.0
324.1065523062748,-23.29827479863789,7.900000000000007,0.0,0.0,0.0
324.11650648565995,-23.295452951929814,7.900000000000007,0.0,0.0,0.0
324.12646710767297,-23.292670280424854,7.900000000000007,0.0,0.0,0.0
324.13643415370234,-23.28992662591575,7.9000000000000075,0.0,0.0,0.0
324.1464076040447,-23.2872218240783,7.900000000000006,0.0,0.0,0.0
324.15638743790265,-23.284555704473956,7.900000000000006,0.0,0.0,0.0
324.1663736333829,-23.281928090553105,7.900000000000007,0.0,0.0,0.0
324.17636616749445,-23.27933879965896,7.9000000000000075,0.0,0.0,0.0
324.1863650161475,-23.276787643032062,7.900000000000007,0.0,0.0,0.0
324.1963701541514,-23.274274425815353,7.900000000000007,0.0,0.0,0.0
324.20638155521334,-23.27179894706,7.900000000000005,0.0,0.0,0.0
324.2163991919373,-23.26936099973169,7.900000000000006,0.0,0.0,0.0
324.22642303582234,-23.26696037071765,7.900000000000006,0.0,0.0,0.0
324.236453057262,-23.264596840834233,7.900000000000007,0.0,0.0,0.0
324.24648922554303,-23.26227018483515,7.900000000000006,0.0,0.0,0.0
324.2565315088446,-23.25998017142027,7.900000000000006,0.0,0.0,0.0
324.2665798742374,-23.257726563245146,7.900000000000006,0.0,0.0,0.0
324.2766342876829,-23.25550911693105,7.900000000000006,0.0,0.0,0.0
324.286694714033,-23.253327583075695,7.900000000000006,0.0,0.0,0.0
324.2967611170293,-23.251181706264514,7.900000000000006,0.0,0.0,0.0
324.30683345930294,-23.24907122508264,7.900000000000007,0.0,0.0,0.0
324.31691170237406,-23.246995872127457,7.900000000000006,0.0,0.0,0.0
324.326995806652,-23.244955374021735,7.9000000000000075,0.0,0.0,0.0
324.3370857314348,-23.242949451427506,7.900000000000006,0.0,0.0,0.0
324.3471814349097,-23.24097781906038,7.900000000000007,0.0,0.0,0.0
324.3572828741529,-23.239040185704667,7.900000000000006,0.0,0.0,0.0
324.3673900051303,-23.237136254228943,7.900000000000006,0.0,0.0,0.0
324.3775027826973,-23.23526572160241,7.900000000000008,0.0,0.0,0.0
324.3876211605999,-23.23342827891173,7.900000000000006,0.0,0.0,0.0
324.3977450914747,-23.231623611378534,7.900000000000007,0.0,0.0,0.0
324.40787452685004,-23.22985139837756,7.900000000000007,0.0,0.0,0.0
324.4180094171467,-23.228111313455447,7.900000000000005,0.0,0.0,0.0
324.42814971167894,-23.226403024349956,7.900000000000007,0.0,0.0,0.0
324.4382953586551,-23.22472619301014,7.9000000000000075,0.0,0.0,0.0
324.4484463051795,-23.223080475616822,7.900000000000007,0.0,0.0,0.0
324.45860249725297,-23.221465522603836,7.9000000000000075,0.0,0.0,0.0
324.4687638797747,-23.219880978679885,7.9000000000000075,0.0,0.0,0.0
324.4789303965435,-23.218326482851012,7.9000000000000075,0.0,0.0,0.0
324.48910199025977,-23.216801668443594,7.900000000000007,0.0,0.0,0.0
324.4992786025268,-23.215306163128133,7.900000000000007,0.0,0.0,0.0
324.50946017385274,-23.213839588943518,7.900000000000008,0.0,0.0,0.0
324.5196466436529,-23.212401562321958,7.900000000000008,0.0,0.0,0.0
324.5298379502511,-23.210991694114533,7.900000000000008,0.0,0.0,0.0
324.54003403088285,-23.20960958961733,7.9000000000000075,0.0,0.0,0.0
324.55023482169685,-23.20825484859828,7.900000000000007,0.0,0.0,0.0
324.56044025775765,-23.20692706532451,7.900000000000007,0.0,0.0,0.0
324.57065027304856,-23.205625828590396,7.900000000000007,0.0,0.0,0.0
324.5808648004737,-23.204350721746163,7.900000000000008,0.0,0.0,0.0
324.59108377186135,-23.20310132272716,7.900000000000008,0.0,0.0,0.0
324.60130711796666,-23.201877204083715,7.900000000000007,0.0,0.0,0.0
324.6115347684745,-23.200677933011637,7.900000000000007,0.0,0.0,0.0
324.621766652003,-23.199503071383322,7.9000000000000075,0.0,0.0,0.0
324.63200269610644,-23.19835217577947,7.900000000000007,0.0,0.0,0.0
324.64224282727906,-23.197224797521393,7.900000000000007,0.0,0.0,0.0
324.65248697095814,-23.196120482704032,7.900000000000007,0.0,0.0,0.0
324.66273505152805,-23.195038772229456,7.900000000000007,0.0,0.0,0.0
324.6729869923238,-23.193979201841138,7.9000000000000075,0.0,0.0,0.0
324.68324271563506,-23.19294130215868,7.900000000000007,0.0,0.0,0.0
324.69350214271003,-23.19192459871329,7.9000000000000075,0.0,0.0,0.0
324.70376519375986,-23.190928611983797,7.9000000000000075,0.0,0.0,0.0
324.71403178796254,-23.18995285743333,7.900000000000007,0.0,0.0,0.0
324.72430184346797,-23.188996845546537,7.9000000000000075,0.0,0.0,0.0
324.7345752774017,-23.188060081867555,7.900000000000008,0.0,0.0,0.0
324.7448520058701,-23.18714206703845,7.900000000000007,0.0,0.0,0.0
324.75513194396507,-23.18624229683838,7.900000000000007,0.0,0.0,0.0
324.765415005769,-23.185360262223313,7.9000000000000075,0.0,0.0,0.0
324.77570110435965,-23.18449544936637,7.900000000000007,0.0,0.0,0.0
324.7859901518156,-23.18364733969884,7.9000000000000075,0.0,0.0,0.0
324.7962820592214,-23.182815409951715,7.9000000000000075,0.0,0.0,0.0
324.80657673667304,-23.18199913219795,7.900000000000007,0.0,0.0,0.0
324.81687409328356,-23.181197973895216,7.9000000000000075,0.0,0.0,0.0
324.8271740371887,-23.180411397929404,7.9000000000000075,0.0,0.0,0.0
324.83747647555316,-23.1796388626586,7.900000000000007,0.0,0.0,0.0
324.847781314576,-23.178879821957825,7.9000000000000075,0.0,0.0,0.0
324.85808845949714,-23.178133725264264,7.900000000000007,0.0,0.0,0.0
324.8683978146035,-23.1774000176232,7.9000000000000075,0.0,0.0,0.0
324.8787092832355,-23.17667813973449,7.9000000000000075,0.0,0.0,0.0
324.8890227677934,-23.175967527999756,7.9000000000000075,0.0,0.0,0.0
324.8993381697442,-23.175267614570007,7.900000000000008,0.0,0.0,0.0
324.9096553896286,-23.174577827394153,7.9000000000000075,0.0,0.0,0.0
324.91997432706734,-23.173897590267853,7.900000000000007,0.0,0.0,0.0
324.9302948807688,-23.173226322883185,7.900000000000008,0.0,0.0,0.0
324.9406169485363,-23.172563440878793,7.900000000000008,0.0,0.0,0.0
324.9509404272752,-23.17190835589074,7.900000000000008,0.0,0.0,0.0
324.9612652130004,-23.171260475603926,7.900000000000008,0.0,0.0,0.0
324.9715912008443,-23.170619203804154,7.9000000000000075,0.0,0.0,0.0
324.9819182850643,-23.16998394043076,7.900000000000008,0.0,0.0,0.0
324.9922463590509,-23.169354081629923,7.9000000000000075,0.0,0.0,0.0
325.0025753153357,-23.168729019808566,7.900000000000007,0.0,0.0,0.0
325.01290504559995,-23.168108143688794,7.9000000000000075,0.0,0.0,0.0
325.02323544068236,-23.167490838363083,7.9000000000000075,0.0,0.0,0.0
325.0335663905882,-23.16687648535001,7.900000000000007,0.0,0.0,0.0
325.04389778449746,-23.166264462650567,7.900000000000008,0.0,0.0,0.0
325.05422951077423,-23.165654144805153,7.900000000000007,0.0,0.0,0.0
325.064561456975,-23.165044902951145,7.900000000000008,0.0,0.0,0.0
325.0748935098586,-23.164436104881062,7.900000000000009,0.0,0.0,0.0
325.08522555539463,-23.16382711510143,7.900000000000008,0.0,0.0,0.0
325.09555747877334,-23.163217294892135,7.900000000000008,0.0,0.0,0.0
325.10588916441526,-23.162606002366505,7.900000000000008,0.0,0.0,0.0
325.1162204959806,-23.16199259253194,7.900000000000007,0.0,0.0,0.0
325.1265513563792,-23.161376417351146,7.9000000000000075,0.0,0.0,0.0
325.1368816277807,-23.16075682580407,7.9000000000000075,0.0,0.0,0.0
325.14721119162476,-23.160133163950313,7.900000000000009,0.0,0.0,0.0
325.1575399286311,-23.159504774992296,7.900000000000009,0.0,0.0,0.0
325.16786771880993,-23.158870999338937,7.9000000000000075,0.0,0.0,0.0
325.17819444147307,-23.158231174669965,7.900000000000008,0.0,0.0,0.0
325.1885199752442,-23.15758463600092,7.9000000000000075,0.0,0.0,0.0
325.1988441980701,-23.156930715748633,7.9000000000000075,0.0,0.0,0.0
325.20916698723164,-23.15626874379745,7.900000000000009,0.0,0.0,0.0
325.2194882193549,-23.155598047565984,7.9000000000000075,0.0,0.0,0.0
325.22980777042284,-23.15491795207449,7.900000000000009,0.0,0.0,0.0
325.24012551578664,-23.154227780012928,7.900000000000009,0.0,0.0,0.0
325.2504413301776,-23.153526851809513,7.900000000000008,0.0,0.0,0.0
325.26075508771856,-23.152814485699988,7.900000000000007,0.0,0.0,0.0
325.2710666619365,-23.15208999779745,7.900000000000008,0.0,0.0,0.0
325.2813759257747,-23.15135270216281,7.900000000000007,0.0,0.0,0.0
325.29168275160424,-23.150601910875864,7.900000000000009,0.0,0.0,0.0
325.30198701123777,-23.149836934106965,7.900000000000008,0.0,0.0,0.0
325.3122885759411,-23.149057080189323,7.900000000000008,0.0,0.0,0.0
325.3225873164467,-23.1482616556919,7.900000000000009,0.0,0.0,0.0
325.33288310296615,-23.147449965492953,7.900000000000009,0.0,0.0,0.0
325.3431758052038,-23.1466213128541,7.900000000000008,0.0,0.0,0.0
325.35346529236995,-23.145774999495153,7.900000000000009,0.0,0.0,0.0
325.3637514331938,-23.14491032566938,7.900000000000008,0.0,0.0,0.0
325.37403409593776,-23.144026590239537,7.900000000000008,0.0,0.0,0.0
325.3843131484109,-23.143123090754393,7.900000000000009,0.0,0.0,0.0
