galstreams/tracks/track.st.C-22.ibata2024.ecsv
# %ECSV 1.0
# ---
# datatype:
# - {name: ra, unit: deg, datatype: float64}
# - {name: dec, unit: deg, datatype: float64}
# - {name: distance, unit: kpc, datatype: float64}
# - {name: pm_ra_cosdec, unit: mas / yr, datatype: float64}
# - {name: pm_dec, unit: mas / yr, datatype: float64}
# - {name: radial_velocity, unit: km / s, datatype: float64}
# delimiter: ','
# meta: !!omap
# - __serialized_columns__:
#     dec:
#       __class__: astropy.coordinates.angles.Latitude
#       unit: &id001 !astropy.units.Unit {unit: deg}
#       value: !astropy.table.SerializedColumn {name: dec}
#     distance:
#       __class__: astropy.coordinates.distances.Distance
#       unit: !astropy.units.Unit {unit: kpc}
#       value: !astropy.table.SerializedColumn {name: distance}
#     pm_dec:
#       __class__: astropy.units.quantity.Quantity
#       unit: !astropy.units.Unit {unit: mas / yr}
#       value: !astropy.table.SerializedColumn {name: pm_dec}
#     pm_ra_cosdec:
#       __class__: astropy.units.quantity.Quantity
#       unit: !astropy.units.Unit {unit: mas / yr}
#       value: !astropy.table.SerializedColumn {name: pm_ra_cosdec}
#     ra:
#       __class__: astropy.coordinates.angles.Longitude
#       unit: *id001
#       value: !astropy.table.SerializedColumn {name: ra}
#       wrap_angle: !astropy.coordinates.Angle
#         unit: *id001
#         value: 360.0
#     radial_velocity:
#       __class__: astropy.units.quantity.Quantity
#       unit: !astropy.units.Unit {unit: km / s}
#       value: !astropy.table.SerializedColumn {name: radial_velocity}
# schema: astropy-2.0
ra,dec,distance,pm_ra_cosdec,pm_dec,radial_velocity
194.15759393715663,15.690556471742136,1.000000000000001,2.189694165761037,-3.157936274357052,145.88027667715988
194.1674360650074,15.693997207330469,1.000000000000001,2.1897061020695885,-3.1604441476493337,146.0753594451078
194.17727964791183,15.697432817333727,1.000000000000001,2.1897131016033926,-3.162941515103247,146.2689503065801
194.18712468313757,15.700863310413114,1.000000000000001,2.189715176252572,-3.165428395666539,146.46105341084734
194.19697116795356,15.704288695230268,1.000000000000001,2.189712337904571,-3.1679048082886636,146.6516729071798
194.20681909962974,15.70770898044717,1.000000000000001,2.1897045984441403,-3.170370771920771,146.84081294484793
194.2166684754373,15.711124174726221,1.000000000000001,2.18969196975337,-3.172826305515728,147.02847767312227
194.2265192926485,15.71453428673017,1.000000000000001,2.1896744637116416,-3.175271428028098,147.21467124127315
194.23637154853682,15.717939325122178,1.000000000000001,2.1896520921956615,-3.177706158414158,147.39939779857113
194.24622524037693,15.721339298565818,1.000000000000001,2.1896248670794014,-3.1801305156319026,147.58266149428653
194.25608036544438,15.724734215724975,1.0000000000000009,2.1895928002342115,-3.1825445186410324,147.76446647768984
194.26593692101625,15.728124085263996,1.000000000000001,2.1895559035286585,-3.184948186402961,147.9448168980515
194.2757949043705,15.731508915847552,1.000000000000001,2.1895141888286362,-3.187341537880819,148.12371690464198
194.2856543127864,15.734888716140754,1.000000000000001,2.189467667997354,-3.189724592039462,148.30117064673158
194.2955151435442,15.73826349480906,1.000000000000001,2.1894163528952646,-3.1920973678454585,148.47718227359093
194.30537739392554,15.741633260518329,1.000000000000001,2.1893602553801195,-3.194459884267098,148.65175593449035
194.3152410612131,15.744998021934828,1.000000000000001,2.1892993873069493,-3.196812160274394,148.82489577870038
194.32510614269063,15.748357787725164,1.000000000000001,2.1892337605280643,-3.1991542148390923,148.99660595549125
194.33497263564328,15.751712566556385,1.000000000000001,2.1891633868930356,-3.2014860669346508,149.16689061413362
194.34484053735713,15.755062367095874,1.0000000000000013,2.189088278248697,-3.2038077355362713,149.33575390389782
194.35470984511954,15.758407198011438,1.000000000000001,2.1890084464391633,-3.20611923962087,149.5031999740543
194.36458055621912,15.761747067971267,1.000000000000001,2.1889239033058017,-3.2084205981671072,149.6692329738735
194.37445266794546,15.765081985643917,1.000000000000001,2.1888346606872213,-3.210711830155372,149.83385705262592
194.38432617758951,15.768411959698362,1.000000000000001,2.1887407304192994,-3.212992954567789,149.99707635958194
194.39420108244323,15.77173699880394,1.000000000000001,2.188642124335141,-3.2152639903882196,150.15889504401204
194.40407737979993,15.775057111630394,1.000000000000001,2.188538854265129,-3.217524956602259,150.3193172551865
194.41395506695386,15.778372306847828,1.000000000000001,2.1884309320368587,-3.2197758721972525,150.47834714237595
194.4238341412007,15.781682593126762,1.000000000000001,2.188318369475178,-3.222016756162267,150.63598885485075
194.4337145998373,15.784987979138126,1.000000000000001,2.1882011784021413,-3.224247627488154,150.79224654188138
194.44359644016143,15.78828847355316,1.000000000000001,2.1880793706370563,-3.2264685051674507,150.9471243527382
194.45347965947235,15.791584085043583,1.000000000000001,2.1879529579964636,-3.2286794081945,151.10062643669175
194.4633642550703,15.794874822281436,1.000000000000001,2.1878219522940814,-3.230880355565353,151.25275694301237
194.47325022425684,15.798160693939195,1.000000000000001,2.1876863653409,-3.2330713662778363,151.40352002097055
194.4831375643346,15.801441708689678,1.000000000000001,2.1875462089450917,-3.235252459331506,151.5529198198367
194.49302627260755,15.804717875206139,1.000000000000001,2.1874014949120513,-3.237423653727685,151.70096048888126
194.5029163463808,15.807989202162215,1.0000000000000009,2.1872522350443564,-3.239584968469458,151.8476461773748
194.51280778296052,15.811255698231882,1.000000000000001,2.1870984411418126,-3.241736422561643,151.9929810345875
194.5227005796543,15.814517372089584,1.000000000000001,2.186940125001426,-3.2438780350108445,152.1369692097901
194.53259473377074,15.817774232410088,1.000000000000001,2.1867772984173754,-3.2460098248254132,152.27961485225276
194.54249024261983,15.821026287868598,1.000000000000001,2.186609973181035,-3.24813181101546,152.42092211124609
194.55238710351253,15.824273547140656,1.0000000000000009,2.1864381610809973,-3.2502440125928516,152.56089513604041
194.56228531376118,15.827516018902253,1.000000000000001,2.186261873903015,-3.252346448571248,152.69953807590633
194.57218487067937,15.830753711829745,1.000000000000001,2.186081123429994,-3.254439137966049,152.83685508011416
194.58208577158163,15.83398663459986,1.000000000000001,2.185895921442075,-3.256522099794431,152.9728502979343
194.59198801378406,15.837214795889754,1.0000000000000009,2.1857062797165145,-3.258595353075342,153.10752787863734
194.60189159460367,15.840438204376925,1.000000000000001,2.185512210027766,-3.260658916829499,153.24089197149362
194.61179651135888,15.843656868739327,1.000000000000001,2.185313724147477,-3.2627128100794023,153.37294672577352
194.62170276136916,15.846870797655242,1.000000000000001,2.185110833844382,-3.2647570518493154,153.50369629074765
194.63161034195537,15.85007999980337,1.000000000000001,2.1849035508844246,-3.2667916611652768,153.63314481568622
194.6415192504395,15.85328448386283,1.000000000000001,2.1846918870306995,-3.26881665705512,153.76129644985988
194.65142948414467,15.856484258513076,1.000000000000001,2.1844758540434634,-3.2708320585484385,153.88815534253894
194.66134104039548,15.859679332433998,1.000000000000001,2.1842554636800653,-3.2728378846766155,154.013725642994
194.67125391651743,15.862869714305852,1.000000000000001,2.184030727695041,-3.274834154472825,154.13801150049525
194.68116810983753,15.866055412809304,1.000000000000001,2.183801657840049,-3.2768208869720103,154.26101706431322
194.69108361768386,15.869236436625407,1.000000000000001,2.183568265863909,-3.2787981012109126,154.3827464837185
194.70100043738572,15.872412794435593,1.000000000000001,2.1833305635125333,-3.280765816228058,154.5032039079814
194.71091856627376,15.875584494921718,1.000000000000001,2.183088562528993,-3.282724051063764,154.62239348637232
194.7208380016797,15.878751546765978,1.000000000000001,2.1828422746534573,-3.284672824760137,154.74031936816175
194.73075874093675,15.881913958651026,1.000000000000001,2.1825917116232247,-3.2866121563610724,154.85698570262016
194.74068078137898,15.88507173925984,1.000000000000001,2.1823368851727185,-3.2885420649122663,154.972396639018
194.75060412034202,15.88822489727585,1.000000000000001,2.182077807033476,-3.290462569461205,155.08655632662564
194.76052875516268,15.891373441382857,1.0000000000000009,2.1818144889341315,-3.2923736890571833,155.19946891471346
194.77045468317885,15.894517380265027,1.0000000000000009,2.181546942600419,-3.294275442751279,155.31113855255214
194.78038190172987,15.897656722606976,1.000000000000001,2.1812751797552012,-3.296167849596383,155.42156938941187
194.79031040815613,15.900791477093652,1.000000000000001,2.1809992121184107,-3.2980509286471857,155.5307655745632
194.80024019979948,15.903921652410451,1.000000000000001,2.1807190514070784,-3.2999246989601785,155.63873125727653
194.81017127400273,15.907047257243113,1.000000000000001,2.180434709335362,-3.3017891795936576,155.74547058682234
194.82010362811025,15.910168300277808,1.000000000000001,2.1801461976144356,-3.303644389607733,155.85098771247104
194.8300372594676,15.9132847902011,1.000000000000001,2.1798535279526075,-3.305490348064315,155.9552867834931
194.83997216542127,15.916396735699916,1.000000000000001,2.1795567120552777,-3.307327074027139,156.05837194915887
194.8499083433195,15.919504145461605,1.000000000000001,2.1792557616248676,-3.309154586561723,156.16024735873887
194.85984579051137,15.9226070281739,1.000000000000001,2.178950688360908,-3.3109729047354364,156.26091716150356
194.86978450434748,15.925705392524925,1.000000000000001,2.1786415039600104,-3.3127820476174277,156.3603855067233
194.8797244821795,15.928799247203207,1.000000000000001,2.178328220115815,-3.3145820342786854,156.45865654366864
194.8896657213606,15.931888600897647,1.000000000000001,2.178010848519021,-3.3163728837920035,156.55573442160986
194.89960821924498,15.934973462297592,1.000000000000001,2.177689400857429,-3.31815461523201,156.6516232898175
194.9095519731882,15.938053840092707,1.0000000000000013,2.1773638888158535,-3.3199272476751363,156.74632729756198
194.91949698054714,15.941129742973127,1.000000000000001,2.1770343240761747,-3.3216908001996464,156.83985059411376
194.92944323867985,15.944201179629319,1.000000000000001,2.176700718317301,-3.323445291885628,156.93219732874326
194.9393907449457,15.947268158752195,1.000000000000001,2.176363083215218,-3.325190741814991,157.02337165072092
194.9493394967053,15.950330689033027,1.000000000000001,2.176021430442921,-3.3269271690714772,157.1133777093172
194.9592894913206,15.9533887791635,1.000000000000001,2.1756757716704502,-3.3286545927406515,157.2022196538024
194.9692407261548,15.956442437835706,1.000000000000001,2.1753261185648753,-3.3303730319099207,157.28990163344722
194.9791931985723,15.95949167374209,1.000000000000001,2.174972482790281,-3.3320825056685033,157.3764277975219
194.9891469059389,15.96253649557554,1.000000000000001,2.1746148760077997,-3.33378303310747,157.46180229529685
194.99910184562157,15.965576912029306,1.000000000000001,2.174253309875569,-3.33547463331972,157.54602927604265
195.00905801498863,15.968612931797056,1.0000000000000013,2.1738877960487564,-3.33715732539999,157.6291128890297
195.01901541140975,15.971644563572848,1.000000000000001,2.1735183461795184,-3.3388311284448493,157.71105728352842
195.0289740322557,15.97467181605112,1.000000000000001,2.1731449719170293,-3.3404960615527113,157.79186660880924
195.03893387489867,15.977694697926736,1.000000000000001,2.1727676849075035,-3.3421521438238297,157.87154501414253
195.0488949367121,15.980713217894916,1.0000000000000013,2.172386496794106,-3.343799394360291,157.95009664879885
195.0588572150708,15.983727384651333,1.000000000000001,2.172001419217027,-3.3454378322660574,158.0275256620486
195.06882070735062,15.986737206891986,1.000000000000001,2.171612463813471,-3.3470674766468935,158.10383620316213
195.07878541092907,15.989742693313325,1.000000000000001,2.1712196422175705,-3.348688346610441,158.17903242141006
195.08875132318477,15.9927438526122,1.000000000000001,2.1708229660605074,-3.3503004612661824,158.2531184660627
195.09871844149748,15.995740693485802,1.0000000000000013,2.170422446970438,-3.351903839725442,158.3260984863905
195.10868676324858,15.998733224631785,1.000000000000001,2.170018096572461,-3.3534985011014076,158.39797663166394
195.1186562858205,16.001721454748136,1.000000000000001,2.169609926488679,-3.3550844645091082,158.46875705115332
195.12862700659713,16.00470539253331,1.000000000000001,2.1691979483381836,-3.3566617490654442,158.5384438941293
195.1385989229635,16.007685046686085,1.000000000000001,2.1687821737370037,-3.358230373889148,158.60704130986213
195.14857203230608,16.01066042590569,1.000000000000001,2.1683626142981485,-3.3597903581008337,158.67455344762234
195.15854633201263,16.013631538891747,1.000000000000001,2.1679392816316074,-3.3613417208229546,158.7409844566804
195.16852181947218,16.016598394344246,1.000000000000001,2.1675121873442773,-3.3628844811798437,158.8063384863066
195.17849849207514,16.019561000963602,1.000000000000001,2.16708134304006,-3.3644186582976685,158.8706196857716
195.18847634721303,16.0225193674506,1.0000000000000009,2.1666467603198107,-3.3659442713044916,158.93383220434575
195.198455382279,16.02547350250646,1.000000000000001,2.1662084507812693,-3.367461339330215,158.9959801912993
195.2084355946672,16.02842341483276,1.000000000000001,2.165766426019209,-3.3689698815066187,159.05706779590295
195.21841698177334,16.031369113131515,1.000000000000001,2.1653206976252566,-3.3704699169673544,159.11709916742697
195.22839954099442,16.034310606105116,1.000000000000001,2.1648712771880376,-3.3719614648479306,159.1760784551419
195.23838326972853,16.03724790245634,1.0000000000000009,2.1644181762930828,-3.373444544285734,159.23400980831812
195.24836816537535,16.040181010888393,1.000000000000001,2.1639614065228816,-3.3749191744200173,159.29089737622616
195.25835422533572,16.043109940104852,1.000000000000001,2.1635009794568028,-3.376385374391919,159.34674530813632
195.268341447012,16.046034698809727,1.000000000000001,2.1630369066711577,-3.3778431633444406,159.40155775331908
195.27832982780754,16.048955295707373,1.000000000000001,2.162569199739206,-3.3792925604224626,159.45533886104502
195.28831936512734,16.051871739502587,1.000000000000001,2.162097870231097,-3.3807335847727407,159.50809278058435
195.29831005637766,16.054784038900575,1.0000000000000009,2.1616229297138716,-3.3821662555439245,159.55982366120764
195.3083018989659,16.057692202606887,1.000000000000001,2.161144389751513,-3.383590591886523,159.61053565218532
195.3182948903011,16.06059623932753,1.000000000000001,2.1606622619048945,-3.3850066129529477,159.66023290278784
195.32828902779332,16.063496157768856,1.000000000000001,2.1601765577318037,-3.3864143378974703,159.70891956228562
195.33828430885418,16.066391966637674,1.000000000000001,2.159687288786909,-3.3878137858762676,159.756599779949
195.34828073089665,16.069283674641156,1.000000000000001,2.1591944666217664,-3.3892049760473943,159.80327770504863
195.3582782913348,16.072171290486864,1.000000000000001,2.1586981027848555,-3.39058792757079,159.84895748685472
195.36827698758438,16.0750548228828,1.000000000000001,2.1581982088214957,-3.39196265960829,159.89364327463787
195.37827681706213,16.07793428053732,1.0000000000000013,2.157694796273937,-3.3933291913236214,159.93733921766847
195.3882777771864,16.080809672159216,1.000000000000001,2.1571878766812915,-3.3946875418823863,159.98004946521698
195.39827986537674,16.083681006457656,1.0000000000000009,2.1566774615795463,-3.3960377304521066,160.0217781665538
195.40828307905417,16.08654829214222,1.0000000000000009,2.156163562501522,-3.3973797762021727,160.06252947094936
195.418287415641,16.0894115379229,1.000000000000001,2.1556461909769986,-3.3987136983038946,160.10230752767424
195.4282928725608,16.092270752510032,1.000000000000001,2.1551253585325316,-3.40003951593045,160.14111648599868
195.4382994472387,16.09512594461444,1.0000000000000013,2.154601076691579,-3.40135724825695,160.17896049519317
195.44830713710093,16.09797712294727,1.000000000000001,2.154073356974491,-3.4026669144603883,160.2158437045281
195.45831593957533,16.100824296220125,1.000000000000001,2.15354221089839,-3.4039685337196586,160.25177026327412
195.46832585209089,16.103667473144945,1.000000000000001,2.153007649977315,-3.4052621252155477,160.28674432070153
195.47833687207805,16.106506662434132,1.000000000000001,2.152469685722142,-3.4065477081307787,160.32077002608065
195.4883489969687,16.109341872800485,1.000000000000001,2.1519283296405796,-3.4078253016499493,160.35385152868216
195.49836222419592,16.112173112957144,1.000000000000001,2.151383593237181,-3.4090949249595823,160.38599297777634
195.50837655119432,16.115000391617716,1.000000000000001,2.1508354880133247,-3.410356597248093,160.41719852263364
195.51839197539965,16.11782371749616,1.000000000000001,2.1502840254672595,-3.4116103377058273,160.44747231252455
195.52840849424933,16.120643099306886,1.000000000000001,2.149729217094036,-3.412856165525022,160.4768184967195
195.53842610518186,16.12345854576464,1.000000000000001,2.149171074385535,-3.4140940998998346,160.50524122448886
195.54844480563727,16.12627006558463,1.000000000000001,2.1486096088304603,-3.4153241600263398,160.53274464510315
195.55846459305704,16.12907766748246,1.0000000000000009,2.1480448319143424,-3.416546365102528,160.55933290783287
