galstreams/tracks/track.st.Jhelum-b.bonaca2019.ecsv
# %ECSV 0.9
# ---
# datatype:
# - {name: ra, unit: deg, datatype: float64}
# - {name: dec, unit: deg, datatype: float64}
# - {name: distance, unit: kpc, datatype: float64}
# - {name: pm_ra_cosdec, unit: mas / yr, datatype: float64}
# - {name: pm_dec, unit: mas / yr, datatype: float64}
# - {name: radial_velocity, unit: km / s, datatype: float64}
# delimiter: ','
# meta: !!omap
# - __serialized_columns__:
#     dec:
#       __class__: astropy.coordinates.angles.Latitude
#       unit: &id001 !astropy.units.Unit {unit: deg}
#       value: !astropy.table.SerializedColumn {name: dec}
#     distance:
#       __class__: astropy.coordinates.distances.Distance
#       unit: !astropy.units.Unit {unit: kpc}
#       value: !astropy.table.SerializedColumn {name: distance}
#     pm_dec:
#       __class__: astropy.units.quantity.Quantity
#       unit: !astropy.units.Unit {unit: mas / yr}
#       value: !astropy.table.SerializedColumn {name: pm_dec}
#     pm_ra_cosdec:
#       __class__: astropy.units.quantity.Quantity
#       unit: !astropy.units.Unit {unit: mas / yr}
#       value: !astropy.table.SerializedColumn {name: pm_ra_cosdec}
#     ra:
#       __class__: astropy.coordinates.angles.Longitude
#       unit: *id001
#       value: !astropy.table.SerializedColumn {name: ra}
#       wrap_angle: !astropy.coordinates.Angle
#         unit: *id001
#         value: 360.0
#     radial_velocity:
#       __class__: astropy.units.quantity.Quantity
#       unit: !astropy.units.Unit {unit: km / s}
#       value: !astropy.table.SerializedColumn {name: radial_velocity}
# schema: astropy-2.0
ra,dec,distance,pm_ra_cosdec,pm_dec,radial_velocity
[from data line 1530]
342.815842881128,-50.436948283245734,13.000000000000002,6.586756367335417,-4.921314935698943,-3.368306851948935e-14
342.8004947922529,-50.43482533496288,13.000000000000002,6.585818327335642,-4.922448267182767,-5.0524602779234026e-14
342.7851480468719,-50.432700466448296,13.000000000000004,6.58487999981356,-4.923581175852385,3.368306851948935e-14
342.7698026459737,-50.43057367802502,13.000000000000004,6.58394138504781,-4.924713661454334,3.368306851948935e-14
342.7544585905465,-50.42844497001631,13.000000000000002,6.583002483317085,-4.925845723735387,-1.6841534259744676e-14
342.73911588157756,-50.42631434274569,13.000000000000004,6.582063294900146,-4.926977362442579,-1.6841534259744677e-13
342.7237745200535,-50.42418179653686,13.000000000000004,6.581123820075804,-4.9281085773231865,-5.0524602779234026e-14
342.70843450696003,-50.422047331713756,13.000000000000004,6.580184059122934,-4.929239368124749,-8.420767129872338e-14
342.69309584328226,-50.419910948600545,13.000000000000004,6.579244012320453,-4.93036973459505,-3.368306851948935e-14
342.6777585300044,-50.417772647521595,13.000000000000004,6.578303679947345,-4.931499676482128,-1.6841534259744676e-14
342.6624225681099,-50.41563242880155,13.0,6.577363062282655,-4.932629193534274,-1.6841534259744676e-14
342.6470879585815,-50.41349029276521,13.000000000000004,6.576422159605458,-4.933758285500028,-1.347322740779574e-13
342.6317547024012,-50.411346239737625,13.000000000000002,6.57548097219492,-4.934886952128185,-1.8525687685719145e-13
342.6164228005502,-50.409200270044074,13.000000000000002,6.574539500330237,-4.936015193167783,-1.0104920555846805e-13
342.6010922540089,-50.407052384010065,13.000000000000004,6.573597744290671,-4.937143008368125,1.6841534259744676e-14
342.58576306375693,-50.40490258196129,13.000000000000004,6.57265570435553,-4.938270397478765,-1.1789073981821273e-13
342.57043523077317,-50.402750864223684,13.000000000000002,6.571713380804185,-4.9393973602494965,-1.515738083377021e-13
342.5551087560358,-50.40059723112342,13.000000000000004,6.5707707739160535,-4.940523896430372,-1.1789073981821273e-13
342.53978364052216,-50.39844168298688,13.000000000000004,6.569827883970616,-4.941650005771702,-1.515738083377021e-13
342.5244598852088,-50.39628422014063,13.000000000000004,6.5688847112473985,-4.942775688024036,0.0
342.5091374910715,-50.39412484291152,13.000000000000004,6.567941256025985,-4.943900942938193,-1.347322740779574e-13
342.49381645908534,-50.391963551626574,13.000000000000004,6.566997518586012,-4.945025770265225,-1.1789073981821273e-13
342.4784967902246,-50.389800346613036,13.000000000000002,6.566053499207169,-4.94615016975645,-1.0104920555846805e-13
342.4631784854628,-50.38763522819841,13.000000000000004,6.565109198169192,-4.947274141163431,-1.1789073981821273e-13
342.44786154577264,-50.38546819671038,13.000000000000004,6.564164615751882,-4.948397684237985,-1.1789073981821273e-13
342.4325459721261,-50.38329925247685,13.000000000000004,6.563219752235084,-4.949520798732183,-5.0524602779234026e-14
342.4172317654943,-50.38112839582598,13.000000000000004,6.562274607898694,-4.95064348439835,-1.0104920555846805e-13
342.4019189268478,-50.37895562708609,13.000000000000002,6.561329183022665,-4.9517657409890505,-3.368306851948935e-14
342.3866074571561,-50.376780946585775,13.000000000000005,6.560383477886995,-4.95288756825712,-1.6841534259744677e-13
342.3712973573882,-50.3746043546538,13.000000000000002,6.559437492771743,-4.954008965955632,-2.3578147963642546e-13
342.35598862851214,-50.3724258516192,13.000000000000004,6.5584912279570124,-4.9551299338379104,-6.73661370389787e-14
342.34068127149527,-50.37024543781119,13.000000000000002,6.557544683722952,-4.956250471657551,-6.73661370389787e-14
342.3253752873041,-50.36806311355921,13.000000000000002,6.556597860349776,-4.957370579168379,3.368306851948935e-14
342.3100706769045,-50.36587887919291,13.000000000000004,6.555650758117735,-4.958490256124486,-6.73661370389787e-14
342.2947674412614,-50.36369273504218,13.000000000000004,6.554703377307135,-4.959609502280211,-1.515738083377021e-13
342.2794655813391,-50.36150468143711,13.000000000000004,6.553755718198337,-4.960728317390144,-1.347322740779574e-13
342.264165098101,-50.359314718708,13.000000000000002,6.552807781071751,-4.961846701209129,-1.1789073981821273e-13
342.2488659925099,-50.357122847185394,13.000000000000004,6.5518595662078205,-4.962964653492259,-5.0524602779234026e-14
342.2335682655276,-50.35492906720002,13.000000000000002,6.550911073887059,-4.964082173994893,-1.1789073981821273e-13
342.21827191811536,-50.35273337908285,13.000000000000004,6.549962304390018,-4.96519926247262,0.0
342.20297695123344,-50.35053578316503,13.000000000000004,6.5490132579972995,-4.9663159186813,-1.1789073981821273e-13
342.18768336584145,-50.34833627977798,13.000000000000002,6.548063934989555,-4.967432142377037,-1.347322740779574e-13
342.17239116289824,-50.3461348692533,13.000000000000004,6.547114335647485,-4.968547933316193,-2.3578147963642546e-13
342.1571003433619,-50.343931551922815,13.000000000000002,6.5461644602518385,-4.969663291255368,1.6841534259744676e-14
342.1418109081896,-50.34172632811855,13.000000000000004,6.545214309083402,-4.9707782159514355,-3.368306851948935e-14
342.1265228583379,-50.33951919817273,13.000000000000002,6.5442638824230315,-4.971892707161508,5.0524602779234026e-14
342.11123619476245,-50.33731016241787,13.000000000000002,6.543313180551608,-4.973006764642951,6.73661370389787e-14
342.0959509184182,-50.33509922118662,13.000000000000002,6.542362203750067,-4.9741203881533895,-1.515738083377021e-13
342.08066703025935,-50.332886374811864,13.000000000000002,6.541410952299403,-4.97523357745069,-1.6841534259744677e-13
342.06538453123926,-50.330671623626735,13.000000000000002,6.540459426480639,-4.976346332292981,-1.0104920555846805e-13
342.05010342231054,-50.32845496796453,13.000000000000002,6.539507626574857,-4.977458652438636,-3.368306851948935e-14
342.03482370442504,-50.3262364081588,13.000000000000002,6.5385555528631745,-4.978570537646291,-1.6841534259744676e-14
342.01954537853373,-50.32401594454328,13.000000000000004,6.537603205626765,-4.9796819876748275,-1.6841534259744676e-14
342.00426844558694,-50.32179357745193,13.000000000000002,6.536650585146843,-4.980793002283383,-8.420767129872338e-14
341.9889929065341,-50.31956930721893,13.000000000000002,6.53569769170467,-4.981903581231337,-8.420767129872338e-14
341.97371876232404,-50.31734313417866,13.000000000000004,6.534744525581549,-4.983013724278338,-2.020984111169361e-13
341.9584460139046,-50.31511505866572,13.000000000000004,6.533791087058835,-4.984123431184271,-6.73661370389787e-14
341.94317466222304,-50.31288508101491,13.000000000000004,6.532837376417924,-4.985232701709286,6.73661370389787e-14
341.9279047082255,-50.31065320156125,13.000000000000004,6.53188339394025,-4.986341535613787,-1.347322740779574e-13
341.9126361528579,-50.30841942064,13.000000000000004,6.530929139907306,-4.987449932658411,6.73661370389787e-14
341.89736899706475,-50.30618373858657,13.000000000000004,6.529974614600615,-4.988557892604073,-3.368306851948935e-14
341.8821032417902,-50.30394615573663,13.000000000000002,6.529019818301749,-4.989665415211921,3.368306851948935e-14
341.8668388879776,-50.30170667242604,13.000000000000004,6.528064751292326,-4.990772500243367,5.0524602779234026e-14
341.8515759365693,-50.299465288990895,13.000000000000004,6.527109413854005,-4.991879147460073,-8.420767129872338e-14
341.83631438850705,-50.29722200576745,13.000000000000005,6.526153806268493,-4.992985356623947,-1.0104920555846805e-13
341.8210542447317,-50.29497682309224,13.000000000000004,6.525197928817528,-4.994091127497159,5.0524602779234026e-14
341.8057955061835,-50.292729741301955,13.000000000000007,6.5242417817829015,-4.995196459842129,-1.0104920555846805e-13
341.79053817380156,-50.290480760733494,13.000000000000004,6.52328536544645,-4.996301353421529,-1.6841534259744677e-13
341.7752822485248,-50.288229881724014,13.000000000000004,6.522328680090041,-4.997405807998273,-1.6841534259744676e-14
341.7600277312906,-50.28597710461084,13.000000000000004,6.521371725995585,-4.998509823335551,-8.420767129872338e-14
341.7447746230363,-50.28372242973152,13.000000000000005,6.5204145034450445,-4.999613399196784,-8.420767129872338e-14
341.7295229246979,-50.28146585742381,13.000000000000004,6.51945701272042,-5.000716535345658,-1.0104920555846805e-13
341.7142726372109,-50.279207388025654,13.000000000000004,6.518499254103748,-5.001819231546103,-1.6841534259744677e-13
341.69902376151003,-50.27694702187525,13.0,6.517541227877111,-5.002921487562306,-6.73661370389787e-14
341.68377629852904,-50.27468475931097,13.000000000000004,6.516582934322629,-5.00402330315871,1.6841534259744676e-14
341.668530249201,-50.2724206006714,13.000000000000004,6.515624373722457,-5.005124678100011,-2.020984111169361e-13
341.65328561445835,-50.270154546295345,13.000000000000002,6.5146655463588115,-5.006225612151145,-3.368306851948935e-14
341.63804239523245,-50.2678865965218,13.000000000000002,6.513706452513924,-5.007326105077318,-1.1789073981821273e-13
341.6228005924541,-50.265616751689976,13.000000000000005,6.512747092470081,-5.008426156643974,-1.347322740779574e-13
341.6075602070532,-50.26334501213929,13.000000000000004,6.5117874665096105,-5.00952576661682,-6.73661370389787e-14
341.592321239959,-50.26107137820938,13.000000000000004,6.510827574914865,-5.010624934761809,0.0
341.5770836920998,-50.25879585024008,13.000000000000002,6.509867417968249,-5.011723660845157,-6.73661370389787e-14
341.5618475644032,-50.256518428571425,13.000000000000004,6.5089069959522,-5.012821944633316,-3.368306851948935e-14
341.546612857796,-50.25423911354363,13.000000000000004,6.507946309149203,-5.013919785893,-3.368306851948935e-14
341.5313795732042,-50.25195790549719,13.000000000000004,6.506985357841765,-5.0150171843911835,-1.6841534259744677e-13
341.5161477115531,-50.249674804772745,13.000000000000002,6.506024142312456,-5.016114139895077,-3.368306851948935e-14
341.5009172737671,-50.24738981171117,13.000000000000002,6.505062662843854,-5.0172106521721584,-1.6841534259744677e-13
341.4856882607698,-50.245102926653516,13.000000000000002,6.5041009197186,-5.018306720990148,-1.0104920555846805e-13
341.4704606734841,-50.24281414994106,13.000000000000002,6.503138913219362,-5.019402346117028,-2.694645481559148e-13
341.4552345128322,-50.24052348191529,13.000000000000004,6.502176643628841,-5.020497527321014,-3.368306851948935e-14
341.4400097797352,-50.23823092291789,13.000000000000002,6.501214111229788,-5.021592264370611,-3.368306851948935e-14
341.4247864751137,-50.235936473290735,13.0,6.500251316304976,-5.02268655703454,-1.6841534259744677e-13
341.4095645998875,-50.233640133375935,13.000000000000002,6.499288259137228,-5.023780405081786,-6.73661370389787e-14
341.39434415497544,-50.231341903515776,13.000000000000002,6.498324940009394,-5.024873808281599,-1.6841534259744677e-13
341.3791251412957,-50.22904178405276,13.000000000000004,6.497361359204369,-5.025966766403463,0.0
341.3639075597655,-50.226739775329605,13.000000000000004,6.496397517005069,-5.027059279217134,-2.020984111169361e-13
341.3486914113016,-50.2244358776892,13.000000000000004,6.495433413694466,-5.028151346492601,-3.368306851948935e-14
341.3334766968197,-50.22213009147467,13.000000000000004,6.494469049555549,-5.029242968000124,-1.6841534259744677e-13
341.31826341723473,-50.21982241702932,13.000000000000004,6.493504424871355,-5.030334143510197,-2.020984111169361e-13
341.303051573461,-50.21751285469667,13.000000000000002,6.492539539924951,-5.031424872793582,-1.0104920555846805e-13
341.28784116641185,-50.21520140482044,13.000000000000004,6.4915743949994384,-5.032515155621288,-2.020984111169361e-13
341.2726321969999,-50.212888067744565,13.000000000000004,6.4906089903779565,-5.033604991764573,-3.368306851948935e-14
341.257424666137,-50.21057284381315,13.000000000000004,6.489643326343674,-5.034694380994957,-1.347322740779574e-13
341.2422185747341,-50.208255733370535,13.000000000000004,6.4886774031797945,-5.035783323084203,-1.6841534259744677e-13
341.22701392370163,-50.20593673676124,13.000000000000004,6.487711221169564,-5.03687181780433,-1.0104920555846805e-13
341.2118107139489,-50.20361585432998,13.000000000000002,6.486744780596248,-5.037959864927613,-1.6841534259744677e-13
341.19660894638463,-50.201293086421735,13.000000000000004,6.485778081743159,-5.039047464226573,0.0
341.18140862191666,-50.19896843338159,13.000000000000002,6.484811124893636,-5.040134615473994,-1.347322740779574e-13
341.1662097414521,-50.196641895554905,13.000000000000002,6.483843910331047,-5.041221318442899,-1.0104920555846805e-13
341.15101230589727,-50.194313473287195,13.000000000000004,6.482876438338804,-5.042307572906571,-6.73661370389787e-14
341.1358163161576,-50.191983166924196,13.000000000000004,6.481908709200342,-5.04339337863855,-1.347322740779574e-13
341.1206217731379,-50.18965097681184,13.000000000000004,6.480940723199129,-5.0444787354126195,-2.020984111169361e-13
341.105428677742,-50.187316903296285,13.000000000000004,6.47997248061868,-5.045563643002819,0.0
341.090237030873,-50.18498094672385,13.000000000000004,6.479003981742515,-5.0466481011834485,-1.0104920555846805e-13
341.0750468334333,-50.182643107441045,13.000000000000002,6.478035226854203,-5.047732109729045,-2.020984111169361e-13
341.0598580863245,-50.180303385794645,13.000000000000002,6.477066216237352,-5.048815668414409,-1.347322740779574e-13
341.0446707904472,-50.177961782131554,13.000000000000002,6.476096950175581,-5.049898777014594,-2.020984111169361e-13
341.0294849467014,-50.17561829679891,13.000000000000005,6.475127428952553,-5.050981435304896,-1.0104920555846805e-13
341.0143005559863,-50.17327293014404,13.000000000000004,6.474157652851957,-5.05206364306088,-1.347322740779574e-13
340.9991176192003,-50.170925682514465,13.000000000000004,6.473187622157523,-5.053145400058344,0.0
340.9839361372409,-50.16857655425793,13.000000000000004,6.472217337152989,-5.054226706073354,0.0
340.96875611100484,-50.16622554572235,13.000000000000002,6.471246798122143,-5.055307560882225,-6.73661370389787e-14
340.9535775413882,-50.16387265725582,13.000000000000002,6.470276005348798,-5.056387964261518,-3.368306851948935e-14
340.9384004292861,-50.1615178892067,13.000000000000007,6.469304959116791,-5.057467915988051,-3.368306851948935e-14
340.923224775593,-50.1591612419235,13.000000000000004,6.46833365971,-5.0585474158389,0.0
340.9080505812024,-50.1568027157549,13.000000000000004,6.467362107412313,-5.059626463591381,-1.0104920555846805e-13
340.8928778470073,-50.154442311049834,13.000000000000002,6.46639030250767,-5.060705059023071,-1.0104920555846805e-13
340.87770657389945,-50.15208002815742,13.000000000000004,6.46541824528002,-5.061783201911801,-1.6841534259744677e-13
340.8625367627703,-50.149715867426934,13.000000000000002,6.464445936013355,-5.062860892035646,-1.347322740779574e-13
340.8473684145101,-50.147349829207904,13.000000000000004,6.463473374991686,-5.06393812917294,-6.73661370389787e-14
340.83220153000855,-50.14498191385,13.000000000000004,6.462500562499056,-5.065014913102268,-3.368306851948935e-14
340.81703611015445,-50.14261212170313,13.000000000000004,6.461527498819528,-5.0660912436024725,-1.6841534259744677e-13
340.8018721558359,-50.14024045311738,13.000000000000007,6.460554184237215,-5.06716712045263,0.0
340.78670966794,-50.137866908443016,13.000000000000004,6.459580619036228,-5.068242543432096,-6.73661370389787e-14
340.7715486473533,-50.13549148803054,13.000000000000004,6.4586068035007225,-5.0693175123204615,-1.347322740779574e-13
340.75638909496143,-50.13311419223059,13.000000000000004,6.457632737914882,-5.070392026897563,-3.368306851948935e-14
340.74123101164923,-50.13073502139407,13.000000000000002,6.456658422562907,-5.071466086943511,3.368306851948935e-14
340.72607439830074,-50.12835397587202,13.000000000000004,6.455683857729031,-5.072539692238654,-6.73661370389787e-14
