galstreams/tracks/track.st.Elqui.shipp2019.ecsv
# %ECSV 1.0
# ---
# datatype:
# - {name: ra, unit: deg, datatype: float64}
# - {name: dec, unit: deg, datatype: float64}
# - {name: distance, unit: kpc, datatype: float64}
# - {name: pm_ra_cosdec, unit: mas / yr, datatype: float64}
# - {name: pm_dec, unit: mas / yr, datatype: float64}
# - {name: radial_velocity, unit: km / s, datatype: float64}
# delimiter: ','
# meta: !!omap
# - __serialized_columns__:
#     dec:
#       __class__: astropy.coordinates.angles.Latitude
#       unit: &id001 !astropy.units.Unit {unit: deg}
#       value: !astropy.table.SerializedColumn {name: dec}
#     distance:
#       __class__: astropy.coordinates.distances.Distance
#       unit: !astropy.units.Unit {unit: kpc}
#       value: !astropy.table.SerializedColumn {name: distance}
#     pm_dec:
#       __class__: astropy.units.quantity.Quantity
#       unit: !astropy.units.Unit {unit: mas / yr}
#       value: !astropy.table.SerializedColumn {name: pm_dec}
#     pm_ra_cosdec:
#       __class__: astropy.units.quantity.Quantity
#       unit: !astropy.units.Unit {unit: mas / yr}
#       value: !astropy.table.SerializedColumn {name: pm_ra_cosdec}
#     ra:
#       __class__: astropy.coordinates.angles.Longitude
#       unit: *id001
#       value: !astropy.table.SerializedColumn {name: ra}
#       wrap_angle: !astropy.coordinates.Angle
#         unit: *id001
#         value: 360.0
#     radial_velocity:
#       __class__: astropy.units.quantity.Quantity
#       unit: !astropy.units.Unit {unit: km / s}
#       value: !astropy.table.SerializedColumn {name: radial_velocity}
# schema: astropy-2.0
ra,dec,distance,pm_ra_cosdec,pm_dec,radial_velocity
10.818410683980384,-37.15286586065531,50.100000000000044,0.17908187803244371,-0.7174113737199721,-114.57987179401306
10.828570801828572,-37.15876318879612,50.100000000000044,0.1791648297134904,-0.7175811160006005,-114.27738063095082
10.838731936071232,-37.164660213546654,50.100000000000044,0.17924760570194592,-0.7177493154870545,-113.97542276263421
10.848894087165089,-37.17055693471887,50.100000000000044,0.17933020552351808,-0.7179159722404681,-113.67399818906306
10.859057255566956,-37.17645335212467,50.100000000000044,0.17941262870368588,-0.7180810863221083,-113.3731069102375
10.869221441733737,-37.18234946557591,50.100000000000044,0.17949487476770043,-0.718244657793375,-113.07274892615743
10.879386646122468,-37.18824527488442,50.100000000000044,0.17957694324058493,-0.7184066867158012,-112.77292423682294
10.889552869190117,-37.19414077986191,50.10000000000004,0.17965883364713317,-0.7185671731510533,-112.47363284223397
10.899720111393894,-37.20003598032009,50.100000000000044,0.17974054551191115,-0.7187261171609305,-112.1748747423906
10.909888373191048,-37.20593087607061,50.100000000000044,0.1798220783592568,-0.718883518807366,-111.87664993729268
10.920057655038912,-37.211825466925085,50.100000000000044,0.1799034317132798,-0.7190393781524267,-111.5789584269404
10.930227957394894,-37.21771975269505,50.100000000000044,0.1799846050978606,-0.7191936952583129,-111.28180021133358
10.94039928071651,-37.223613733192,50.10000000000004,0.1800655980366524,-0.7193464701873593,-110.98517529047227
10.950571625461341,-37.22950740822739,50.100000000000044,0.1801464100530787,-0.7194977030020338,-110.68908366435664
10.96074499208707,-37.235400777612604,50.10000000000004,0.1802270406703356,-0.719647393764939,-110.39352533298647
10.970919381051457,-37.24129384115899,50.10000000000004,0.18030748941139016,-0.7197955425388121,-110.0985002963618
10.981094792812357,-37.24718659867784,50.10000000000004,0.1803877557989814,-0.7199421493865241,-109.80400855448272
10.991271227827694,-37.253079049980386,50.10000000000004,0.18046783935561922,-0.7200872143710815,-109.51005010734924
11.001448686555554,-37.25897119487786,50.100000000000044,0.18054773960358608,-0.7202307375556238,-109.21662495496126
11.011627169453929,-37.26486303318132,50.100000000000044,0.18062745606493413,-0.7203727190034271,-108.92373309731877
11.021806676981068,-37.27075456470189,50.100000000000044,0.1807069882614887,-0.7205131587779017,-108.63137453442194
11.031987209595256,-37.276645789250594,50.10000000000004,0.18078633571484543,-0.7206520569425928,-108.33954926627054
11.042168767754855,-37.282536706638425,50.10000000000004,0.18086549794637233,-0.7207894135611814,-108.04825729286473
11.052351351918322,-37.28842731667632,50.10000000000004,0.18094447447720785,-0.7209252286974833,-107.75749861420438
11.06253496254419,-37.29431761917514,50.100000000000044,0.1810232648282624,-0.7210595024154498,-107.46727323028969
11.072719600091084,-37.30020761394571,50.100000000000044,0.1811018685202176,-0.7211922347791687,-107.17758114112047
11.082905265017718,-37.30609730079881,50.10000000000004,0.1811802850735263,-0.7213234258528627,-106.88842234669686
11.093091957782889,-37.31198667954517,50.10000000000003,0.1812585140084127,-0.7214530757008901,-106.59979684701871
11.103279678845476,-37.31787574999545,50.100000000000044,0.18133655484487238,-0.7215811843877463,-106.31170464208618
11.113468428664453,-37.32376451196026,50.100000000000044,0.181414407102672,-0.7217077519780619,-106.02414573189917
11.123658207698924,-37.32965296525022,50.10000000000004,0.18149207030135012,-0.7218327785366051,-105.7371201164577
11.133849016407925,-37.33554110967577,50.100000000000044,0.18156954396021524,-0.7219562641282788,-105.45062779576179
11.144040855250742,-37.34142894504741,50.100000000000044,0.18164682759834824,-0.7220782088181239,-105.16466876981137
11.154233724686687,-37.347316471175546,50.100000000000044,0.18172392073460095,-0.7221986126713175,-104.8792430386065
11.16442762517515,-37.35320368787052,50.100000000000044,0.18180082288759614,-0.722317475753173,-104.59435060214722
11.174622557175624,-37.35909059494266,50.10000000000004,0.18187753357572786,-0.7224347981291415,-104.30999146043347
11.184818521147681,-37.364977192202204,50.100000000000044,0.1819540523171613,-0.722550579864811,-104.02616561346525
11.19501551755098,-37.370863479459366,50.100000000000044,0.18203037862983282,-0.7226648210259068,-103.74287306124256
11.205213546845263,-37.3767494565243,50.10000000000004,0.18210651203145006,-0.7227775216782917,-103.46011380376541
11.21541260949036,-37.38263512320707,50.10000000000004,0.18218245203949113,-0.7228886818879655,-103.17788784103388
11.225612705946185,-37.38852047931776,50.10000000000004,0.18225819817120614,-0.7229983017210659,-102.89619517304777
11.235813836672799,-37.39440552466637,50.10000000000004,0.1823337499436156,-0.7231063812438687,-102.61503579980733
11.246016002130178,-37.400290259062785,50.10000000000004,0.18240910687351064,-0.7232129205227875,-102.33440972131233
11.256219202778547,-37.40617468231692,50.10000000000004,0.18248426847745444,-0.7233179196243739,-102.05431693756289
11.266423439078169,-37.412058794238604,50.10000000000003,0.18255923427178056,-0.7234213786153174,-101.77475744855901
11.276628711489392,-37.41794259463762,50.10000000000003,0.18263400377259353,-0.7235232975624459,-101.49573125430065
11.28683502047265,-37.42382608332372,50.10000000000004,0.18270857649576944,-0.7236236765327266,-101.21723835478787
11.29704236648845,-37.429709260106534,50.10000000000004,0.18278295195695438,-0.7237225155932641,-100.93927875002066
11.307250749997408,-37.435592124795726,50.10000000000004,0.1828571296715662,-0.7238198148113023,-100.66185243999892
11.317460171460203,-37.441474677200844,50.10000000000004,0.1829311091547931,-0.723915574254224,-100.38495942472277
11.327670631337613,-37.447356917131415,50.10000000000004,0.18300488992159417,-0.7240097939895511,-100.10859970419216
11.33788213009051,-37.45323884439692,50.10000000000003,0.1830784714867001,-0.7241024740849448,-99.832773278407
11.34809466817983,-37.459120458806744,50.10000000000004,0.18315185336461157,-0.7241936146082044,-99.55748014736754
11.358308246066667,-37.465001760170296,50.10000000000004,0.18322503506960058,-0.7242832156272703,-99.28272031107356
11.368522864212025,-37.47088274829681,50.10000000000003,0.18329801611570934,-0.7243712772102211,-99.00849376952506
11.378738523077168,-37.47676342299556,50.10000000000004,0.18337079601675155,-0.7244577994252757,-98.73480052272215
11.388955223123386,-37.48264378407577,50.10000000000003,0.1834433742863114,-0.7245427823407935,-98.46164057066477
11.399172964812056,-37.48852383134656,50.10000000000003,0.1835157504377439,-0.7246262260252723,-98.18901391335298
11.409391748604635,-37.49440356461705,50.10000000000004,0.18358792398417453,-0.7247081305473512,-97.91692055078673
11.419611574962685,-37.500282983696266,50.10000000000003,0.18365989443850025,-0.7247884959758091,-97.64536048296598
11.429832444347827,-37.50616208839321,50.10000000000004,0.18373166131338764,-0.7248673223795652,-97.37433370989076
11.44005435722179,-37.5120408785168,50.10000000000004,0.1838032241212747,-0.7249446098276796,-97.10384023156116
11.450277314046376,-37.517919353875925,50.10000000000004,0.18387458237437004,-0.7250203583893526,-96.83388004797705
11.460501315283473,-37.52379751427941,50.10000000000004,0.18394573558465244,-0.7250945681339255,-96.56445315913844
11.470726361395124,-37.52967535953607,50.10000000000003,0.18401668326387244,-0.7251672391308805,-96.29555956504542
11.480952452843267,-37.53555288945455,50.10000000000004,0.18408742492354932,-0.7252383714498412,-96.02719926569794
11.491179590090121,-37.54143010384355,50.10000000000004,0.1841579600749746,-0.7253079651605714,-95.759372261096
11.501407773597915,-37.54730700251169,50.10000000000004,0.18422828822920978,-0.7253760203329773,-95.49207855123962
11.511637003828968,-37.55318358526753,50.10000000000003,0.18429840889708693,-0.7254425370371063,-95.22531813612875
11.52186728124569,-37.55905985191957,50.10000000000004,0.18436832158920854,-0.725507515343147,-94.95909101576349
11.532098606310566,-37.56493580227628,50.10000000000004,0.18443802581594768,-0.72557095532143,-94.69339719014371
11.542330979486183,-37.570811436146045,50.10000000000004,0.18450752108744836,-0.725632857042428,-94.42823665926947
11.552564401235193,-37.57668675333721,50.100000000000044,0.1845768069136243,-0.7256932205767551,-94.1636094231408
11.56279887202036,-37.58256175365808,50.100000000000044,0.1846458828041605,-0.7257520459951685,-93.89951548175763
11.573034392304509,-37.58843643691687,50.10000000000004,0.18471474826851159,-0.7258093333685668,-93.63595483512005
11.583270962550564,-37.5943108029218,50.10000000000004,0.18478340281590327,-0.7258650827679918,-93.37292748322795
11.593508583221578,-37.600184851480996,50.100000000000044,0.18485184595533166,-0.7259192942646269,-93.11043342608149
11.603747254780547,-37.60605858240249,50.10000000000002,0.18492007719556222,-0.7259719679297993,-92.8484726636805
11.613986977690693,-37.611931995494345,50.10000000000004,0.18498809604513214,-0.7260231038349781,-92.58704519602512
11.624227752415285,-37.61780509056452,50.10000000000004,0.18505590201234834,-0.7260727020517763,-92.32615102311517
11.634469579417663,-37.623677867420916,50.10000000000004,0.18512349460528804,-0.7261207626519494,-92.06579014495084
11.644712459161273,-37.62955032587141,50.10000000000004,0.1851908733317991,-0.7261672857073964,-91.80596256153206
11.65495639210962,-37.63542246572382,50.10000000000004,0.18525803769949908,-0.7262122712901589,-91.54666827285878
11.665201378726326,-37.64129428678587,50.10000000000004,0.18532498721577656,-0.7262557194724241,-91.28790727893112
11.675447419475075,-37.64716578886529,50.10000000000003,0.18539172138778992,-0.7262976303265205,-91.02967957974892
11.685694514819641,-37.653036971769694,50.10000000000002,0.1854582397224679,-0.7263380039249221,-90.77198517531228
11.695942665223889,-37.658907835306685,50.10000000000004,0.18552454172650942,-0.7263768403402455,-90.51482406562121
11.706191871151823,-37.66477837928384,50.10000000000004,0.1855906269063843,-0.7264141396452528,-90.25819625067567
11.716442133067362,-37.67064860350856,50.10000000000004,0.18565649476833085,-0.7264499019128493,-90.00210173047567
11.726693451434683,-37.67651850778832,50.10000000000004,0.18572214481835894,-0.7264841272160854,-89.74654050502122
11.736945826717987,-37.68238809193049,50.10000000000004,0.18578757656224837,-0.7265168156281554,-89.4915125743123
11.747199259381567,-37.68825735574237,50.10000000000004,0.18585278950554926,-0.7265479672223989,-89.23701793834896
11.7574537498898,-37.69412629903124,50.10000000000004,0.1859177831535813,-0.7265775820722993,-88.98305659713111
11.76770929870714,-37.69999492160431,50.10000000000004,0.18598255701143457,-0.7266056602514861,-88.72962855065883
11.777965906298135,-37.70586322326873,50.10000000000004,0.18604711058396922,-0.726632201833733,-88.47673379893209
11.788223573127427,-37.7117312038316,50.10000000000004,0.18611144337581567,-0.7266572068929592,-88.2243723419509
11.79848229965972,-37.717598863099965,50.10000000000003,0.18617555489137388,-0.72668067550323,-87.9725441797152
11.808742086359823,-37.72346620088083,50.10000000000004,0.18623944463481432,-0.7267026077387544,-87.72124931222507
11.819002933692616,-37.72933321698109,50.100000000000044,0.18630311211007733,-0.7267230036738888,-87.47048773948059
11.829264842123141,-37.7351999112077,50.10000000000004,0.18636655682087366,-0.7267418633831346,-87.2202594614815
11.839527812116332,-37.74106628336742,50.10000000000003,0.18642977827068258,-0.7267591869411396,-86.97056447822801
11.8497918441374,-37.74693233326701,50.10000000000004,0.1864927759627551,-0.7267749744226961,-86.7214027897201
11.860056938651562,-37.75279806071324,50.10000000000004,0.18655554940011096,-0.7267892259027453,-86.47277439595773
11.870323096124144,-37.75866346551275,50.10000000000004,0.18661809808554064,-0.7268019414563723,-86.22467929694083
11.880590317020541,-37.76452854747214,50.10000000000003,0.18668042152160408,-0.7268131211588098,-85.9771174926695
11.890858601806237,-37.770393306397956,50.10000000000004,0.18674251921063106,-0.7268227650854366,-85.73008898314377
11.901127950946808,-37.776257742096725,50.10000000000004,0.18680439065472154,-0.7268308733117792,-85.48359376836353
11.9113983649079,-37.78212185437486,50.10000000000004,0.18686603535574506,-0.7268374459135098,-85.23763184832882
11.921669844155266,-37.78798564303875,50.10000000000004,0.18692745281534107,-0.7268424829664482,-84.99220322303971
11.931942389154724,-37.79384910789474,50.10000000000003,0.18698864253491912,-0.7268459845465618,-84.74730789249608
11.942216000372191,-37.799712248749096,50.10000000000003,0.18704960401565784,-0.7268479507299648,-84.50294585669802
11.952490678273712,-37.805575065408064,50.100000000000044,0.18711033675850675,-0.7268483815929181,-84.25911711564554
11.962766423325267,-37.81143755767777,50.10000000000003,0.18717084026418396,-0.7268472772118326,-84.01582166933851
11.97304323599307,-37.81729972536433,50.10000000000002,0.18723111403317783,-0.7268446376632643,-83.7730595177771
11.983321116743383,-37.82316156827381,50.10000000000004,0.18729115756574646,-0.7268404630239184,-83.53083066096124
11.993600066042537,-37.82902308621221,50.10000000000003,0.18735097036191817,-0.7268347533706481,-83.28913509889087
12.00388008435696,-37.83488427898546,50.10000000000003,0.18741055192149014,-0.7268275087804545,-83.04797283156604
12.01416117215315,-37.84074514639948,50.10000000000003,0.18746990174402967,-0.7268187293304873,-82.80734385898678
12.024443329897709,-37.84660568826006,50.10000000000002,0.1875290193288734,-0.7268084150980445,-82.56724818115309
12.034726558057317,-37.852465904373005,50.10000000000003,0.1875879041751285,-0.7267965661605722,-82.32768579806495
12.04501085709873,-37.85832579454404,50.10000000000003,0.1876465557816701,-0.726783182595666,-82.08865670972229
12.055296227488801,-37.86418535857881,50.10000000000002,0.1877049736471447,-0.7267682644810699,-81.85016091612518
12.065582669694518,-37.870044596282966,50.10000000000003,0.18776315726996778,-0.7267518118946774,-81.61219841727369
12.07587018418279,-37.875903507462006,50.10000000000004,0.18782110614832337,-0.7267338249145305,-81.37476921316765
12.086158771420775,-37.881762091921445,50.10000000000004,0.18787881978016643,-0.7267143036188213,-81.13787330380718
12.09644843187566,-37.88762034946674,50.10000000000004,0.18793629766322095,-0.7266932480858904,-80.90151068919234
12.106739166014727,-37.89347827990328,50.10000000000002,0.18799353929498067,-0.7266706583942293,-80.66568136932288
12.11703097430532,-37.89933588303638,50.10000000000002,0.18805054417270808,-0.7266465346224773,-80.43038534419907
12.127323857214897,-37.90519315867132,50.10000000000002,0.18810731179343615,-0.7266208768494258,-80.19562261382082
12.137617815210982,-37.911050106613324,50.10000000000002,0.18816384165396638,-0.7265936851540142,-79.96139317818803
12.147912848761182,-37.91690672666755,50.10000000000003,0.18822013325087075,-0.7265649596153334,-79.7276970373008
12.158208958333207,-37.92276301863911,50.10000000000003,0.1882761860804897,-0.7265347003126246,-79.49453419115918
12.168506144394835,-37.928618982333056,50.10000000000004,0.18833199963893363,-0.7265029073252784,-79.2619046397631
12.178804407413933,-37.934474617554365,50.10000000000004,0.1883875734220823,-0.7264695807328369,-79.02980838311254
12.189103747858516,-37.94032992410805,50.10000000000003,0.1884429069255851,-0.7264347206149927,-78.79824542120744
12.199404166196501,-37.94618490179888,50.10000000000002,0.18849799964485958,-0.7263983270515891,-78.56721575404794
12.209705662896079,-37.95203955043172,50.10000000000003,0.18855285107509376,-0.7263604001226206,-78.33671938163401
12.220008238425454,-37.957893869811365,50.10000000000002,0.18860746071124507,-0.7263209399082331,-78.10675630396562
12.230311893252912,-37.96374785974252,50.10000000000002,0.1886618280480396,-0.726279946488723,-77.87732652104273
