galstreams/tracks/track.po.PS1-B.bernard2016.ecsv
# %ECSV 0.9
# ---
# datatype:
# - {name: ra, unit: deg, datatype: float64}
# - {name: dec, unit: deg, datatype: float64}
# - {name: distance, unit: kpc, datatype: float64}
# - {name: pm_ra_cosdec, unit: mas / yr, datatype: float64}
# - {name: pm_dec, unit: mas / yr, datatype: float64}
# - {name: radial_velocity, unit: km / s, datatype: float64}
# delimiter: ','
# meta: !!omap
# - __serialized_columns__:
#     dec:
#       __class__: astropy.coordinates.angles.Latitude
#       unit: &id001 !astropy.units.Unit {unit: deg}
#       value: !astropy.table.SerializedColumn {name: dec}
#     distance:
#       __class__: astropy.coordinates.distances.Distance
#       unit: !astropy.units.Unit {unit: kpc}
#       value: !astropy.table.SerializedColumn {name: distance}
#     pm_dec:
#       __class__: astropy.units.quantity.Quantity
#       unit: !astropy.units.Unit {unit: mas / yr}
#       value: !astropy.table.SerializedColumn {name: pm_dec}
#     pm_ra_cosdec:
#       __class__: astropy.units.quantity.Quantity
#       unit: !astropy.units.Unit {unit: mas / yr}
#       value: !astropy.table.SerializedColumn {name: pm_ra_cosdec}
#     ra:
#       __class__: astropy.coordinates.angles.Longitude
#       unit: *id001
#       value: !astropy.table.SerializedColumn {name: ra}
#       wrap_angle: !astropy.coordinates.Angle
#         unit: *id001
#         value: 360.0
#     radial_velocity:
#       __class__: astropy.units.quantity.Quantity
#       unit: !astropy.units.Unit {unit: km / s}
#       value: !astropy.table.SerializedColumn {name: radial_velocity}
# schema: astropy-2.0
ra,dec,distance,pm_ra_cosdec,pm_dec,radial_velocity
145.5602071278418,-15.270859082680607,14.499999999999995,0.0,0.0,0.0
145.58897664160463,-15.229573274766857,14.499999999999995,0.0,0.0,0.0
145.61773486936895,-15.188283806822195,14.499999999999998,0.0,0.0,0.0
145.6464818466296,-15.146990690680532,14.499999999999996,0.0,0.0,0.0
145.67521760884253,-15.105693938159805,14.5,0.0,0.0,0.0
145.70394219142466,-15.0643935610624,14.500000000000004,0.0,0.0,0.0
145.73265562975428,-15.023089571174845,14.500000000000004,0.0,0.0,0.0
145.76135795917082,-14.98178198026823,14.500000000000005,0.0,0.0,0.0
145.79004921497543,-14.940470800097902,14.500000000000012,0.0,0.0,0.0
145.81872943243064,-14.899156042403881,14.500000000000012,0.0,0.0,0.0
145.84739864676092,-14.857837718910544,14.500000000000016,0.0,0.0,0.0
145.87605689315237,-14.81651584132706,14.500000000000018,0.0,0.0,0.0
145.9047042067532,-14.775190421347121,14.500000000000021,0.0,0.0,0.0
145.9333406226737,-14.733861470649117,14.500000000000023,0.0,0.0,0.0
145.9619661759863,-14.692529000896368,14.500000000000025,0.0,0.0,0.0
145.99058090172596,-14.651193023736809,14.500000000000027,0.0,0.0,0.0
146.01918483488984,-14.609853550803459,14.50000000000003,0.0,0.0,0.0
146.04777801043792,-14.568510593714068,14.500000000000027,0.0,0.0,0.0
146.07636046329273,-14.527164164071577,14.50000000000003,0.0,0.0,0.0
146.10493222833978,-14.485814273463763,14.500000000000032,0.0,0.0,0.0
146.13349334042744,-14.444460933463704,14.500000000000028,0.0,0.0,0.0
146.16204383436718,-14.403104155629434,14.500000000000028,0.0,0.0,0.0
146.1905837449337,-14.361743951504389,14.50000000000003,0.0,0.0,0.0
146.21911310686497,-14.320380332617113,14.50000000000003,0.0,0.0,0.0
146.24763195486256,-14.279013310481469,14.50000000000003,0.0,0.0,0.0
146.2761403235914,-14.237642896596842,14.500000000000027,0.0,0.0,0.0
146.30463824768026,-14.196269102447836,14.500000000000027,0.0,0.0,0.0
146.33312576172165,-14.154891939504713,14.500000000000027,0.0,0.0,0.0
146.36160290027212,-14.113511419223103,14.500000000000023,0.0,0.0,0.0
146.3900696978521,-14.072127553044384,14.500000000000023,0.0,0.0,0.0
146.4185261889465,-14.030740352395396,14.500000000000023,0.0,0.0,0.0
146.44697240800411,-13.989349828688853,14.500000000000018,0.0,0.0,0.0
146.4754083894386,-13.947955993323022,14.500000000000018,0.0,0.0,0.0
146.5038341676278,-13.906558857682164,14.500000000000016,0.0,0.0,0.0
146.53224977691448,-13.865158433136243,14.500000000000016,0.0,0.0,0.0
146.56065525160605,-13.823754731041124,14.500000000000012,0.0,0.0,0.0
146.5890506259749,-13.78234776273877,14.500000000000012,0.0,0.0,0.0
146.6174359342584,-13.740937539556972,14.50000000000001,0.0,0.0,0.0
146.64581121065905,-13.699524072809764,14.50000000000001,0.0,0.0,0.0
146.67417648934475,-13.65810737379711,14.500000000000009,0.0,0.0,0.0
146.70253180444857,-13.616687453805323,14.500000000000007,0.0,0.0,0.0
146.73087719006938,-13.575264324106753,14.500000000000005,0.0,0.0,0.0
146.75921268027142,-13.533837995960207,14.500000000000007,0.0,0.0,0.0
146.78753830908482,-13.492408480610631,14.500000000000004,0.0,0.0,0.0
146.8158541105055,-13.450975789289522,14.500000000000005,0.0,0.0,0.0
146.84416011849552,-13.409539933214633,14.500000000000005,0.0,0.0,0.0
146.87245636698282,-13.368100923590386,14.500000000000005,0.0,0.0,0.0
146.9007428898618,-13.326658771607576,14.500000000000004,0.0,0.0,0.0
146.92901972099307,-13.285213488443588,14.500000000000004,0.0,0.0,0.0
146.95728689420372,-13.243765085262591,14.500000000000007,0.0,0.0,0.0
146.98554444328752,-13.202313573215251,14.500000000000002,0.0,0.0,0.0
147.0137924020048,-13.160858963439145,14.500000000000005,0.0,0.0,0.0
147.04203080408288,-13.119401267058473,14.500000000000005,0.0,0.0,0.0
147.07025968321582,-13.077940495184446,14.500000000000005,0.0,0.0,0.0
147.09847907306502,-13.036476658914985,14.500000000000005,0.0,0.0,0.0
147.12668900725882,-12.995009769335143,14.500000000000005,0.0,0.0,0.0
147.15488951939292,-12.95353983751678,14.500000000000005,0.0,0.0,0.0
147.1830806430305,-12.912066874518983,14.500000000000004,0.0,0.0,0.0
147.2112624117022,-12.870590891387792,14.500000000000004,0.0,0.0,0.0
147.23943485890644,-12.8291118991564,14.500000000000005,0.0,0.0,0.0
147.26759801810923,-12.787629908845336,14.500000000000005,0.0,0.0,0.0
147.2957519227446,-12.746144931462181,14.500000000000005,0.0,0.0,0.0
147.3238966062146,-12.70465697800201,14.500000000000007,0.0,0.0,0.0
147.3520321018893,-12.663166059447056,14.500000000000004,0.0,0.0,0.0
147.38015844310706,-12.621672186767126,14.500000000000005,0.0,0.0,0.0
147.4082756631747,-12.58017537091931,14.500000000000005,0.0,0.0,0.0
147.4363837953673,-12.538675622848363,14.500000000000004,0.0,0.0,0.0
147.46448287292876,-12.497172953486407,14.500000000000005,0.0,0.0,0.0
147.4925729290715,-12.455667373753357,14.500000000000005,0.0,0.0,0.0
147.52065399697693,-12.414158894556625,14.500000000000004,0.0,0.0,0.0
147.54872610979538,-12.372647526791319,14.500000000000007,0.0,0.0,0.0
147.57678930064608,-12.33113328134045,14.500000000000005,0.0,0.0,0.0
147.60484360261762,-12.289616169074623,14.500000000000004,0.0,0.0,0.0
147.63288904876777,-12.248096200852483,14.500000000000004,0.0,0.0,0.0
147.66092567212382,-12.206573387520377,14.500000000000002,0.0,0.0,0.0
147.68895350568246,-12.165047739912795,14.500000000000002,0.0,0.0,0.0
147.7169725824101,-12.123519268852018,14.500000000000004,0.0,0.0,0.0
147.7449829352429,-12.081987985148569,14.500000000000002,0.0,0.0,0.0
147.7729845970869,-12.040453899600873,14.500000000000002,0.0,0.0,0.0
147.80097760081807,-11.99891702299568,14.499999999999998,0.0,0.0,0.0
147.82896197928252,-11.957377366107794,14.499999999999996,0.0,0.0,0.0
147.85693776529666,-11.915834939700252,14.499999999999996,0.0,0.0,0.0
147.8849049916471,-11.874289754524517,14.499999999999996,0.0,0.0,0.0
147.91286369109102,-11.832741821320209,14.499999999999995,0.0,0.0,0.0
147.940813896356,-11.79119115081551,14.499999999999995,0.0,0.0,0.0
147.96875564014053,-11.749637753726855,14.499999999999995,0.0,0.0,0.0
147.9966889551137,-11.70808164075934,14.499999999999993,0.0,0.0,0.0
148.02461387391565,-11.666522822606407,14.499999999999993,0.0,0.0,0.0
148.05253042915737,-11.624961309950258,14.49999999999999,0.0,0.0,0.0
148.0804386534212,-11.583397113461539,14.499999999999993,0.0,0.0,0.0
148.10833857926056,-11.541830243799755,14.499999999999988,0.0,0.0,0.0
148.13623023920033,-11.500260711612984,14.499999999999988,0.0,0.0,0.0
148.1641136657369,-11.458688527538081,14.49999999999999,0.0,0.0,0.0
148.1919888913381,-11.417113702200862,14.49999999999999,0.0,0.0,0.0
148.2198559484437,-11.375536246215809,14.49999999999999,0.0,0.0,0.0
148.24771486946503,-11.333956170186504,14.49999999999999,0.0,0.0,0.0
148.27556568678563,-11.29237348470531,14.49999999999999,0.0,0.0,0.0
148.30340843276085,-11.250788200353783,14.499999999999988,0.0,0.0,0.0
148.3312431397184,-11.209200327702337,14.49999999999999,0.0,0.0,0.0
148.35906983995804,-11.167609877310683,14.49999999999999,0.0,0.0,0.0
148.3868885657522,-11.12601685972751,14.49999999999999,0.0,0.0,0.0
148.4146993493456,-11.084421285490814,14.499999999999988,0.0,0.0,0.0
148.44250222295565,-11.042823165127778,14.49999999999999,0.0,0.0,0.0
148.4702972187725,-11.00122250915491,14.499999999999991,0.0,0.0,0.0
148.4980843689591,-10.95961932807803,14.49999999999999,0.0,0.0,0.0
148.52586370565143,-10.918013632392357,14.499999999999991,0.0,0.0,0.0
148.55363526095846,-10.876405432582525,14.499999999999993,0.0,0.0,0.0
148.58139906696235,-10.834794739122657,14.499999999999993,0.0,0.0,0.0
148.60915515571864,-10.7931815624764,14.499999999999993,0.0,0.0,0.0
148.63690355925618,-10.751565913096965,14.499999999999993,0.0,0.0,0.0
148.6646443095773,-10.709947801427179,14.499999999999995,0.0,0.0,0.0
148.69237743865813,-10.668327237899543,14.499999999999993,0.0,0.0,0.0
148.72010297844838,-10.626704232936248,14.499999999999996,0.0,0.0,0.0
148.74782096087165,-10.585078796949256,14.499999999999998,0.0,0.0,0.0
148.77553141782556,-10.54345094034033,14.499999999999998,0.0,0.0,0.0
148.80323438118174,-10.501820673501076,14.499999999999998,0.0,0.0,0.0
148.83092988278608,-10.460188006812986,14.499999999999996,0.0,0.0,0.0
148.85861795445865,-10.418552950647506,14.499999999999998,0.0,0.0,0.0
148.88629862799408,-10.37691551536606,14.500000000000002,0.0,0.0,0.0
148.9139719351614,-10.335275711320106,14.5,0.0,0.0,0.0
148.94163790770435,-10.293633548851178,14.500000000000002,0.0,0.0,0.0
148.96929657734137,-10.251989038290926,14.500000000000004,0.0,0.0,0.0
148.99694797576575,-10.21034218996118,14.500000000000002,0.0,0.0,0.0
149.02459213464576,-10.168693014173977,14.5,0.0,0.0,0.0
149.0522290856248,-10.127041521231607,14.500000000000002,0.0,0.0,0.0
149.07985886032134,-10.085387721426681,14.500000000000002,0.0,0.0,0.0
149.10748149032923,-10.043731625042144,14.500000000000002,0.0,0.0,0.0
149.13509700721772,-10.002073242351342,14.5,0.0,0.0,0.0
149.16270544253157,-9.96041258361806,14.500000000000002,0.0,0.0,0.0
149.19030682779118,-9.918749659096573,14.500000000000002,0.0,0.0,0.0
149.2179011944926,-9.877084479031678,14.5,0.0,0.0,0.0
149.24548857410787,-9.835417053658754,14.500000000000002,0.0,0.0,0.0
149.27306899808494,-9.793747393203796,14.500000000000004,0.0,0.0,0.0
149.3006424978477,-9.752075507883468,14.500000000000002,0.0,0.0,0.0
149.3282091047964,-9.710401407905138,14.500000000000004,0.0,0.0,0.0
149.35576885030747,-9.668725103466933,14.500000000000002,0.0,0.0,0.0
149.38332176573377,-9.627046604757773,14.500000000000005,0.0,0.0,0.0
149.4108678824047,-9.585365921957433,14.5,0.0,0.0,0.0
149.43840723162617,-9.543683065236566,14.500000000000002,0.0,0.0,0.0
149.46593984468092,-9.501998044756755,14.500000000000002,0.0,0.0,0.0
149.49346575282846,-9.46031087067057,14.499999999999998,0.0,0.0,0.0
149.52098498730527,-9.418621553121598,14.499999999999998,0.0,0.0,0.0
149.5484975793249,-9.376930102244483,14.499999999999998,0.0,0.0,0.0
149.57600356007802,-9.33523652816499,14.499999999999998,0.0,0.0,0.0
149.60350296073258,-9.293540841000036,14.499999999999998,0.0,0.0,0.0
149.63099581243392,-9.251843050857728,14.499999999999996,0.0,0.0,0.0
149.65848214630486,-9.210143167837417,14.499999999999998,0.0,0.0,0.0
149.68596199344577,-9.168441202029753,14.499999999999998,0.0,0.0,0.0
149.71343538493485,-9.126737163516692,14.499999999999996,0.0,0.0,0.0
149.7409023518279,-9.08503106237158,14.499999999999996,0.0,0.0,0.0
149.76836292515893,-9.043322908659173,14.499999999999998,0.0,0.0,0.0
149.79581713593964,-9.001612712435694,14.5,0.0,0.0,0.0
149.82326501516016,-8.959900483748859,14.5,0.0,0.0,0.0
149.8507065937887,-8.918186232637945,14.5,0.0,0.0,0.0
149.8781419027718,-8.876469969133808,14.500000000000002,0.0,0.0,0.0
149.9055709730346,-8.834751703258949,14.500000000000002,0.0,0.0,0.0
149.9329938354807,-8.793031445027536,14.5,0.0,0.0,0.0
149.96041052099235,-8.75130920444547,14.500000000000005,0.0,0.0,0.0
149.98782106043075,-8.709584991510404,14.500000000000005,0.0,0.0,0.0
150.0152254846357,-8.667858816211814,14.500000000000005,0.0,0.0,0.0
150.0426238244263,-8.62613068853101,14.500000000000007,0.0,0.0,0.0
150.07001611060053,-8.584400618441212,14.500000000000009,0.0,0.0,0.0
150.09740237393572,-8.54266861590756,14.500000000000007,0.0,0.0,0.0
150.12478264518842,-8.500934690887194,14.50000000000001,0.0,0.0,0.0
150.15215695509465,-8.459198853329257,14.500000000000009,0.0,0.0,0.0
150.17952533437,-8.417461113174967,14.500000000000012,0.0,0.0,0.0
150.2068878137096,-8.375721480357651,14.500000000000012,0.0,0.0,0.0
150.2342444237884,-8.33397996480279,14.500000000000014,0.0,0.0,0.0
150.26159519526112,-8.292236576428051,14.500000000000012,0.0,0.0,0.0
150.28894015876259,-8.25049132514334,14.500000000000012,0.0,0.0,0.0
150.31627934490749,-8.208744220850843,14.500000000000014,0.0,0.0,0.0
150.3436127842909,-8.166995273445071,14.500000000000014,0.0,0.0,0.0
150.37094050748803,-8.125244492812891,14.500000000000014,0.0,0.0,0.0
150.39826254505442,-8.08349188883359,14.500000000000014,0.0,0.0,0.0
150.42557892752626,-8.041737471378886,14.500000000000012,0.0,0.0,0.0
150.45288968542025,-7.999981250312998,14.500000000000016,0.0,0.0,0.0
150.48019484923375,-7.958223235492676,14.500000000000014,0.0,0.0,0.0
150.507494449445,-7.916463436767249,14.500000000000012,0.0,0.0,0.0
150.53478851651312,-7.874701863978662,14.50000000000001,0.0,0.0,0.0
150.56207708087825,-7.832938526961514,14.500000000000012,0.0,0.0,0.0
150.58936017296162,-7.791173435543116,14.50000000000001,0.0,0.0,0.0
150.61663782316575,-7.749406599543514,14.500000000000009,0.0,0.0,0.0
150.64391006187444,-7.70763802877554,14.500000000000009,0.0,0.0,0.0
150.67117691945296,-7.665867733044858,14.500000000000004,0.0,0.0,0.0
150.69843842624806,-7.624095722150003,14.500000000000004,0.0,0.0,0.0
150.72569461258828,-7.5823220058824115,14.500000000000002,0.0,0.0,0.0
150.75294550878374,-7.54054659402648,14.500000000000002,0.0,0.0,0.0
150.78019114512654,-7.498769496359598,14.499999999999998,0.0,0.0,0.0
150.80743155189074,-7.456990722652198,14.499999999999998,0.0,0.0,0.0
150.83466675933238,-7.415210282667771,14.499999999999993,0.0,0.0,0.0
150.86189679768975,-7.373428186162942,14.499999999999995,0.0,0.0,0.0
150.88912169718338,-7.331644442887502,14.499999999999988,0.0,0.0,0.0
150.91634148801623,-7.289859062584427,14.499999999999988,0.0,0.0,0.0
150.94355620037368,-7.2480720549899535,14.499999999999986,0.0,0.0,0.0
150.97076586442378,-7.20628342983359,14.499999999999982,0.0,0.0,0.0
150.9979705103172,-7.164493196838176,14.499999999999982,0.0,0.0,0.0
151.0251701681875,-7.122701365719917,14.499999999999977,0.0,0.0,0.0
151.05236486815102,-7.08090794618843,14.499999999999975,0.0,0.0,0.0
151.07955464030718,-7.03911294794678,14.499999999999968,0.0,0.0,0.0
151.10673951473854,-6.9973163806915215,14.499999999999964,0.0,0.0,0.0
