galstreams/tracks/track.st.Turranburra.shipp2019.ecsv
# %ECSV 1.0
# ---
# datatype:
# - {name: ra, unit: deg, datatype: float64}
# - {name: dec, unit: deg, datatype: float64}
# - {name: distance, unit: kpc, datatype: float64}
# - {name: pm_ra_cosdec, unit: mas / yr, datatype: float64}
# - {name: pm_dec, unit: mas / yr, datatype: float64}
# - {name: radial_velocity, unit: km / s, datatype: float64}
# delimiter: ','
# meta: !!omap
# - __serialized_columns__:
#     dec:
#       __class__: astropy.coordinates.angles.Latitude
#       unit: &id001 !astropy.units.Unit {unit: deg}
#       value: !astropy.table.SerializedColumn {name: dec}
#     distance:
#       __class__: astropy.coordinates.distances.Distance
#       unit: !astropy.units.Unit {unit: kpc}
#       value: !astropy.table.SerializedColumn {name: distance}
#     pm_dec:
#       __class__: astropy.units.quantity.Quantity
#       unit: !astropy.units.Unit {unit: mas / yr}
#       value: !astropy.table.SerializedColumn {name: pm_dec}
#     pm_ra_cosdec:
#       __class__: astropy.units.quantity.Quantity
#       unit: !astropy.units.Unit {unit: mas / yr}
#       value: !astropy.table.SerializedColumn {name: pm_ra_cosdec}
#     ra:
#       __class__: astropy.coordinates.angles.Longitude
#       unit: *id001
#       value: !astropy.table.SerializedColumn {name: ra}
#       wrap_angle: !astropy.coordinates.Angle
#         unit: *id001
#         value: 360.0
#     radial_velocity:
#       __class__: astropy.units.quantity.Quantity
#       unit: !astropy.units.Unit {unit: km / s}
#       value: !astropy.table.SerializedColumn {name: radial_velocity}
# schema: astropy-2.0
ra,dec,distance,pm_ra_cosdec,pm_dec,radial_velocity
[from data line 711]
66.46248224366074,-21.82283109474155,27.499999999999996,0.38408947194521614,-0.9336394942800741,1000.0000000000003
66.4718565707614,-21.827767454189274,27.5,0.38408100497667697,-0.933318370683939,1000.0000000000002
66.48123062089068,-21.83270476408608,27.5,0.3840724118189791,-0.9329969601966228,1000.0000000000003
66.4906043943857,-21.83764302441925,27.5,0.38406369240684635,-0.9326752628408435,1000.0000000000003
66.49997789158363,-21.84258223517613,27.5,0.384054846674986,-0.9323532786393298,1000.0000000000006
66.50935111282179,-21.84752239634405,27.499999999999996,0.3840458745580917,-0.9320310076148264,1000.0000000000001
66.51872405843757,-21.852463507910382,27.500000000000004,0.3840367759908463,-0.9317084497900967,1000.0000000000003
66.52809672876843,-21.85740556986252,27.499999999999996,0.38402755090791807,-0.9313856051879128,1000.0000000000001
66.53746912415198,-21.86234858218786,27.499999999999996,0.3840181992439593,-0.9310624738310667,1000.0000000000003
66.54684124492591,-21.867292544873827,27.499999999999996,0.3840087209336107,-0.9307390557423627,1000.0000000000002
66.556213091428,-21.872237457907868,27.500000000000004,0.38399911591149616,-0.9304153509446227,1000.0000000000003
66.5655846639961,-21.877183321277453,27.5,0.38398938411223504,-0.9300913594606817,1000.0000000000002
66.57495596296823,-21.882130134970062,27.5,0.3839795254704228,-0.9297670813133889,1000.0000000000006
66.58432698868243,-21.887077898973214,27.499999999999996,0.3839695399206451,-0.9294425165256115,1000.0000000000002
66.59369774147687,-21.892026613274417,27.499999999999996,0.3839594273974778,-0.929117665120228,1000.0000000000002
66.60306822168984,-21.896976277861224,27.499999999999996,0.38394918783547904,-0.9287925271201365,1000.0000000000001
66.61243842965968,-21.901926892721203,27.5,0.38393882116919364,-0.9284671025482449,1000.0000000000003
66.62180836572487,-21.906878457841923,27.5,0.3839283273331535,-0.928141391427483,1000.0000000000003
66.63117803022402,-21.911830973211032,27.499999999999996,0.38391770626187727,-0.9278153937807869,1000.0000000000001
66.64054742349568,-21.916784438816098,27.499999999999996,0.3839069578898706,-0.9274891096311135,1000.0000000000002
66.64991654587867,-21.921738854644783,27.5,0.3838960821516242,-0.927162539001436,1000.0000000000002
66.65928539771181,-21.92669422068476,27.5,0.3838850789816175,-0.9268356819147363,1000.0000000000001
66.66865397933408,-21.93165053692369,27.499999999999996,0.3838739483143154,-0.9265085383940206,1000.0000000000002
66.67802229108452,-21.936607803349297,27.499999999999996,0.38386269008416596,-0.9261811084622993,1000.0000000000001
66.68739033330228,-21.941566019949292,27.499999999999996,0.3838513042256113,-0.9258533921426078,1000.0000000000002
66.69675810632658,-21.946525186711412,27.500000000000004,0.3838397906730715,-0.9255253894579907,1000.0000000000002
66.70612561049678,-21.951485303623432,27.499999999999996,0.3838281493609603,-0.9251971004315087,1000.0000000000002
66.71549284615233,-21.956446370673103,27.499999999999996,0.3838163802236738,-0.9248685250862381,1000.0000000000002
66.72485981363275,-21.96140838784825,27.5,0.38380448319559735,-0.9245396634452709,1000.0000000000006
66.73422651327766,-21.96637135513667,27.499999999999996,0.383792458211099,-0.9242105155317142,1000.0000000000002
66.74359294542681,-21.97133527252621,27.499999999999996,0.38378030520453743,-0.9238810813686884,1000.0000000000003
66.75295911042004,-21.976300140004728,27.5,0.38376802411025546,-0.9235513609793311,1000.0000000000002
66.76232500859724,-21.981265957560083,27.499999999999996,0.3837556148625856,-0.9232213543867931,1000.0000000000002
66.77169064029847,-21.986232725180177,27.499999999999996,0.38374307739584124,-0.922891061614243,1000.0000000000002
66.78105600586385,-21.99120044285293,27.499999999999996,0.38373041164432786,-0.9225604826848599,1000.0000000000006
66.79042110563357,-21.996169110566257,27.5,0.3837176175423367,-0.922229617621845,1000.0000000000003
66.79978593994797,-22.00113872830812,27.499999999999996,0.3837046950241403,-0.9218984664484053,1000.0000000000001
66.80915050914747,-22.00610929606647,27.5,0.3836916440240068,-0.9215670291877749,1000.0000000000002
66.8185148135726,-22.01108081382934,27.500000000000004,0.3836784644761839,-0.9212353058631915,1000.0000000000003
66.82787885356393,-22.016053281584668,27.499999999999996,0.3836651563149087,-0.9209032964979129,1000.0000000000003
66.83724262946218,-22.021026699320522,27.499999999999996,0.38365171947440135,-0.9205710011152135,1000.0000000000002
66.84660614160816,-22.026001067024925,27.5,0.3836381538888758,-0.9202384197383808,1000.0000000000003
66.85596939034278,-22.030976384685946,27.499999999999996,0.38362445949252644,-0.9199055523907185,1000.0000000000002
66.86533237600703,-22.035952652291666,27.499999999999996,0.38361063621953795,-0.9195723990955447,1000.0000000000003
66.87469509894203,-22.040929869830187,27.5,0.3835966840040781,-0.919238959876191,1000.0000000000002
66.88405755948898,-22.04590803728962,27.499999999999996,0.3835826027803062,-0.9189052347560076,1000.0000000000002
66.89341975798918,-22.050887154658106,27.5,0.3835683924823612,-0.9185712237583572,1000.0000000000006
66.902781694784,-22.055867221923798,27.499999999999996,0.38355405304437884,-0.9182369269066202,1000.0000000000002
66.91214337021496,-22.060848239074854,27.499999999999996,0.38353958440046876,-0.9179023442241894,1000.0000000000002
66.92150478462364,-22.065830206099484,27.499999999999996,0.38352498648473965,-0.917567475734475,1000.0000000000003
66.93086593835172,-22.07081312298588,27.5,0.3835102592312798,-0.9172323214609004,1000.0000000000006
66.94022683174099,-22.075796989722278,27.499999999999996,0.3834954025741677,-0.9168968814269052,1000.0000000000002
66.94958746513336,-22.080781806296923,27.500000000000004,0.38348041644746234,-0.9165611556559434,1000.0000000000001
66.9589478388708,-22.085767572698074,27.499999999999996,0.3834653007852169,-0.9162251441714866,1000.0000000000002
66.9683079532954,-22.090754288914017,27.499999999999996,0.38345005552146816,-0.9158888469970199,1000.0000000000003
66.97766780874933,-22.095741954933036,27.499999999999996,0.3834346805902391,-0.9155522641560432,1000.0000000000003
66.98702740557485,-22.100730570743465,27.499999999999996,0.38341917592554164,-0.915215395672071,1000.0000000000003
66.99638674411437,-22.105720136333627,27.499999999999996,0.3834035414613717,-0.9148782415686361,1000.0000000000003
67.00574582471042,-22.110710651691914,27.5,0.38338777713171135,-0.9145408018692822,1000.0000000000003
67.01510464770543,-22.115702116806634,27.5,0.38337188287053525,-0.914203076597571,1000.0000000000006
67.02446321344216,-22.120694531666196,27.500000000000004,0.38335585861179844,-0.9138650657770802,1000.0000000000006
67.03382152226337,-22.125687896259013,27.499999999999993,0.38333970428944575,-0.9135267694314018,1000.0
67.04317957451192,-22.130682210573507,27.5,0.38332341983740603,-0.9131881875841397,1000.0000000000003
67.0525373705308,-22.13567747459812,27.499999999999996,0.38330700518960015,-0.9128493202589185,1000.0000000000002
67.06189491066307,-22.14067368832131,27.5,0.3832904602799294,-0.9125101674793745,1000.0000000000002
67.07125219525186,-22.14567085173156,27.499999999999996,0.3832737850422898,-0.9121707292691599,1000.0000000000003
67.08060922464047,-22.150668964817346,27.5,0.3832569794105565,-0.9118310056519436,1000.0000000000002
67.08996599917225,-22.1556680275672,27.5,0.38324004331859474,-0.9114909966514064,1000.0000000000003
67.09932251919065,-22.160668039969625,27.500000000000004,0.38322297670025707,-0.911150702291252,1000.0000000000003
67.10867878503925,-22.165669002013193,27.500000000000004,0.3832057794893813,-0.9108101225951875,1000.0000000000006
67.11803479706168,-22.17067091368646,27.499999999999996,0.38318845161979453,-0.9104692575869424,1000.0000000000002
67.12739055560174,-22.175673774977998,27.5,0.38317099302530533,-0.9101281072902654,1000.0000000000001
67.13674606100322,-22.180677585876417,27.499999999999993,0.3831534036397173,-0.9097866717289116,1000.0
67.14610131361013,-22.185682346370328,27.500000000000004,0.3831356833968136,-0.9094449509266567,1000.0000000000002
67.15545631376648,-22.19068805644835,27.500000000000004,0.38311783223037077,-0.9091029449072918,1000.0000000000003
67.16481106181645,-22.19569471609916,27.499999999999996,0.3830998500741454,-0.9087606536946198,1000.0000000000002
67.17416555810426,-22.200702325311394,27.499999999999996,0.38308173686188507,-0.9084180773124619,1000.0000000000002
67.18351980297427,-22.205710884073753,27.499999999999996,0.38306349252732286,-0.9080752157846552,1000.0000000000003
67.19287379677094,-22.210720392374935,27.499999999999996,0.38304511700417976,-0.907732069135049,1000.0000000000003
67.20222753983882,-22.21573085020365,27.499999999999996,0.38302661022616125,-0.9073886373875109,1000.0000000000002
67.2115810325225,-22.220742257548643,27.5,0.3830079721269648,-0.9070449205659199,1000.0000000000003
67.22093427516677,-22.225754614398667,27.499999999999996,0.3829892026402719,-0.9067009186941748,1000.0000000000002
67.23028726811647,-22.230767920742473,27.499999999999996,0.3829703016997468,-0.9063566317961897,1000.0000000000002
67.2396400117165,-22.23578217656886,27.499999999999996,0.38295126923904865,-0.9060120598958878,1000.0000000000002
67.24899250631196,-22.240797381866624,27.5,0.3829321051918142,-0.9056672030172161,1000.0000000000006
67.25834475224794,-22.245813536624595,27.499999999999996,0.38291280949167783,-0.9053220611841284,1000.0000000000002
67.26769674986971,-22.250830640831584,27.500000000000004,0.38289338207225043,-0.9049766344206023,1000.0000000000003
67.27704849952256,-22.255848694476462,27.500000000000004,0.38287382286713934,-0.9046309227506244,1000.0000000000002
67.28640000155197,-22.260867697548097,27.499999999999996,0.3828541318099319,-0.9042849261981978,1000.0000000000003
67.29575125630346,-22.265887650035356,27.5,0.382834308834203,-0.9039386447873441,1000.0000000000001
67.30510226412265,-22.270908551927164,27.500000000000004,0.38281435387351825,-0.9035920785420974,1000.0000000000002
67.31445302535528,-22.27593040321242,27.5,0.38279426686143125,-0.9032452274865066,1000.0000000000003
67.32380354034719,-22.280953203880067,27.5,0.3827740477314743,-0.9028980916446372,1000.0000000000002
67.33315380944428,-22.285976953919047,27.499999999999996,0.38275369641717427,-0.9025506710405726,1000.0000000000003
67.3425038329926,-22.291001653318336,27.5,0.3827332128520422,-0.902202965698407,1000.0000000000002
67.35185361133829,-22.29602730206691,27.499999999999993,0.3827125969695784,-0.901854975642252,1000.0
67.36120314482756,-22.30105390015377,27.499999999999996,0.38269184870326534,-0.9015067008962343,1000.0000000000002
67.37055243380675,-22.30608144756793,27.5,0.3826709679865763,-0.9011581414844971,1000.0000000000002
67.37990147862224,-22.311109944298426,27.499999999999996,0.3826499547529747,-0.9008092974311954,1000.0000000000007
67.38925027962063,-22.316139390334293,27.5,0.3826288089359018,-0.9004601687605058,1000.0000000000003
67.39859883714847,-22.32116978566461,27.499999999999996,0.38260753046879303,-0.9001107554966157,1000.0000000000006
67.40794715155255,-22.32620113027845,27.5,0.3825861192850688,-0.8997610576637265,1000.0000000000006
67.41729522317964,-22.3312334241649,27.500000000000004,0.3825645753181388,-0.8994110752860602,1000.0000000000002
67.42664305237666,-22.336266667313083,27.499999999999996,0.3825428985013968,-0.8990608083878473,1000.0000000000002
67.43599063949067,-22.341300859712117,27.499999999999996,0.382521088768224,-0.898710256993343,1000.0000000000002
67.44533798486877,-22.34633600135116,27.499999999999996,0.3824991460519884,-0.89835942112681,1000.0000000000002
67.45468508885817,-22.351372092219346,27.5,0.38247707028604605,-0.8980083008125286,1000.0000000000001
67.46403195180622,-22.356409132305867,27.5,0.3824548614037422,-0.8976568960747962,1000.0000000000006
67.4733785740603,-22.361447121599905,27.499999999999996,0.3824325193384044,-0.8973052069379226,1000.0000000000002
67.48272495596795,-22.36648606009068,27.499999999999996,0.38241004402334955,-0.8969532334262351,1000.0000000000002
67.49207109787679,-22.371525947767392,27.499999999999996,0.382387435391883,-0.8966009755640787,1000.0000000000001
67.50141700013452,-22.376566784619296,27.499999999999993,0.3823646933772977,-0.8962484333758067,1000.0000000000002
67.51076266308898,-22.381608570635628,27.499999999999996,0.3823418179128675,-0.8958956068857966,1000.0000000000003
67.52010808708806,-22.386651305805668,27.499999999999996,0.382318808931863,-0.8955424961184355,1000.0000000000003
67.5294532724798,-22.391694990118694,27.499999999999996,0.3822956663675319,-0.895189101098127,1000.0000000000003
67.53879821961229,-22.396739623564006,27.499999999999996,0.3822723901531182,-0.8948354218492911,1000.0000000000003
67.54814292883374,-22.401785206130914,27.5,0.3822489802218474,-0.8944814583963625,1000.0000000000006
67.5574874004925,-22.40683173780876,27.499999999999993,0.3822254365069324,-0.894127210763791,1000.0000000000003
67.56683163493697,-22.41187921858687,27.499999999999996,0.3822017589415738,-0.8937726789760436,1000.0000000000003
67.57617563251566,-22.416927648454617,27.499999999999996,0.3821779474589606,-0.8934178630576013,1000.0000000000002
67.58551939357717,-22.42197702740137,27.500000000000004,0.38215400199226934,-0.8930627630329613,1000.0000000000002
67.59486291847023,-22.42702735541652,27.5,0.3821299224746615,-0.8927073789266355,1000.0000000000003
67.60420620754365,-22.432078632489475,27.499999999999996,0.3821057088392865,-0.892351710763152,1000.0000000000002
67.61354926114635,-22.43713085860965,27.5,0.3820813610192819,-0.8919957585670519,1000.0000000000003
67.6228920796273,-22.442184033766488,27.499999999999996,0.38205687894777185,-0.8916395223628957,1000.0000000000006
67.63223466333567,-22.447238157949425,27.499999999999996,0.38203226255786715,-0.8912830021752587,1000.0000000000006
67.64157701262064,-22.452293231147934,27.5,0.3820075117826658,-0.8909261980287297,1000.0000000000001
67.65091912783153,-22.457349253351502,27.499999999999996,0.3819826265552524,-0.8905691099479123,1000.0000000000002
67.66026100931775,-22.46240622454961,27.5,0.38195760680870317,-0.8902117379574288,1000.0000000000003
67.6696026574288,-22.467464144731778,27.499999999999996,0.38193245247607566,-0.8898540820819147,1000.0000000000006
67.6789440725143,-22.47252301388753,27.499999999999996,0.3819071634904172,-0.889496142346021,1000.0000000000002
67.68828525492398,-22.477582832006394,27.499999999999996,0.3818817397847627,-0.8891379187744168,1000.0000000000003
67.69762620500762,-22.482643599077935,27.499999999999996,0.3818561812921333,-0.8887794113917833,1000.0000000000002
67.70696692311517,-22.487705315091706,27.499999999999993,0.38183048794553587,-0.8884206202228189,1000.0000000000002
67.71630740959661,-22.492767980037314,27.499999999999996,0.38180465967797206,-0.8880615452922376,1000.0000000000002
67.72564766480205,-22.497831593904333,27.499999999999996,0.38177869642241813,-0.8877021866247672,1000.0
67.73498768908172,-22.502896156682386,27.499999999999993,0.38175259811185125,-0.8873425442451537,1000.0000000000006
67.74432748278592,-22.507961668361094,27.499999999999996,0.38172636467922505,-0.886982618178159,1000.0000000000006
67.75366704626508,-22.513028128930102,27.5,0.3816999960574847,-0.8866224084485559,1000.0000000000007
67.76300637986968,-22.518095538379054,27.499999999999996,0.3816734921795657,-0.8862619150811373,1000.0000000000002
67.77234548395036,-22.52316389669764,27.499999999999996,0.3816468529783834,-0.8859011381007083,1000.0000000000002
67.78168435885782,-22.52823320387552,27.5,0.3816200783868475,-0.8855400775320947,1000.0000000000002
67.79102300494287,-22.533303459902406,27.499999999999996,0.3815931683378513,-0.8851787334001333,1000.0000000000002
67.80036142255643,-22.538374664767996,27.499999999999996,0.3815661227642768,-0.8848171057296765,1000.0000000000003
