galstreams/tracks/track.st.New-4.ibata2024.ecsv
# %ECSV 1.0
# ---
# datatype:
# - {name: ra, unit: deg, datatype: float64}
# - {name: dec, unit: deg, datatype: float64}
# - {name: distance, unit: kpc, datatype: float64}
# - {name: pm_ra_cosdec, unit: mas / yr, datatype: float64}
# - {name: pm_dec, unit: mas / yr, datatype: float64}
# - {name: radial_velocity, unit: km / s, datatype: float64}
# delimiter: ','
# meta: !!omap
# - __serialized_columns__:
#     dec:
#       __class__: astropy.coordinates.angles.Latitude
#       unit: &id001 !astropy.units.Unit {unit: deg}
#       value: !astropy.table.SerializedColumn {name: dec}
#     distance:
#       __class__: astropy.coordinates.distances.Distance
#       unit: !astropy.units.Unit {unit: kpc}
#       value: !astropy.table.SerializedColumn {name: distance}
#     pm_dec:
#       __class__: astropy.units.quantity.Quantity
#       unit: !astropy.units.Unit {unit: mas / yr}
#       value: !astropy.table.SerializedColumn {name: pm_dec}
#     pm_ra_cosdec:
#       __class__: astropy.units.quantity.Quantity
#       unit: !astropy.units.Unit {unit: mas / yr}
#       value: !astropy.table.SerializedColumn {name: pm_ra_cosdec}
#     ra:
#       __class__: astropy.coordinates.angles.Longitude
#       unit: *id001
#       value: !astropy.table.SerializedColumn {name: ra}
#       wrap_angle: !astropy.coordinates.Angle
#         unit: *id001
#         value: 360.0
#     radial_velocity:
#       __class__: astropy.units.quantity.Quantity
#       unit: !astropy.units.Unit {unit: km / s}
#       value: !astropy.table.SerializedColumn {name: radial_velocity}
# schema: astropy-2.0
ra,dec,distance,pm_ra_cosdec,pm_dec,radial_velocity
[from data line 423]
87.75833130313426,-38.225264830849625,1.0000000000000002,3.701089525670074,0.023269151166120494,96.5355590413356
87.76958634123363,-38.220565773048634,1.0000000000000002,3.7014786468321463,0.023268549359087842,96.48894654758502
87.7808399883691,-38.21586573468264,1.0000000000000002,3.70186812587625,0.023267984188379387,96.44249947582908
87.79209224467905,-38.21116471606293,1.0000000000000002,3.7022579620653766,0.023267455797601144,96.39621762159031
87.80334311030224,-38.206462717500756,1.0000000000000002,3.702648154662451,0.023266964329957673,96.35010078039122
87.81459258537735,-38.201759739307406,1.0000000000000002,3.703038702930378,0.023266509928262735,96.30414874775427
87.82584067004352,-38.19705578179406,1.0,3.7034296061320173,0.023266092734923305,96.258361319202
87.83708736443997,-38.19235084527185,1.0000000000000002,3.7038208635301926,0.023265712891980428,96.21273829025697
87.84833266870623,-38.187644930051874,1.0,3.704212474387692,0.02326537054106126,96.16727945644155
87.85957658298192,-38.182938036445265,1.0,3.704604437967257,0.023265065823411035,96.12198461327839
87.87081910740693,-38.178230164763,1.0,3.704996753531602,0.023264798879875315,96.07685355628993
87.88206024212147,-38.17352131531607,1.0000000000000002,3.705389420343393,0.02326456985091596,96.03188608099873
87.8932999872657,-38.168811488415464,1.0,3.7057824376652686,0.023264378876586278,95.98708198292724
87.90453834298025,-38.16410068437208,1.0000000000000002,3.7061758047598237,0.02326422609657719,95.94244105759803
87.9157753094059,-38.159388903496726,1.0,3.706569520889618,0.023264111650153296,95.89796310053354
87.92701088668346,-38.15467614610029,1.0000000000000002,3.706963585317177,0.02326403567621682,95.85364790725632
87.93824507495418,-38.149962412493544,1.0000000000000002,3.7073579973049835,0.02326399831325965,95.80949527328887
87.94947787435949,-38.145247702987184,1.0000000000000002,3.7077527561154877,0.023263999699400628,95.7655049941537
87.96070928504083,-38.14053201789197,1.0000000000000002,3.7081478610110987,0.02326403997234827,95.72167686537335
87.97193930714005,-38.135815357518545,1.0000000000000002,3.708543311254201,0.02326411926942562,95.67801068247029
87.98316794079923,-38.13109772217749,1.0,3.708939106107128,0.023264237727584458,95.63450624096701
87.99439518616045,-38.12637911217943,1.0,3.7093352448321846,0.023264395483357347,95.59116333638606
88.00562104336618,-38.12165952783489,1.0,3.70973172669164,0.023264592672914475,95.54798176424995
88.0168455125591,-38.116938969454324,1.0,3.7101285509477258,0.023264829432015688,95.50496132008122
88.02806859388195,-38.11221743734823,1.0000000000000002,3.7105257168626338,0.023265105896035365,95.46210179940229
88.03929028747781,-38.107494931827,1.0000000000000002,3.710923223698532,0.023265422199964192,95.41940299773573
88.05051059349003,-38.10277145320098,1.0000000000000004,3.7113210707175406,0.023265778478402055,95.37686471060405
88.06172951206192,-38.09804700178054,1.0000000000000002,3.7117192571817523,0.023266174865558042,95.33448673352976
88.0729470433372,-38.09332157787593,1.0000000000000002,3.7121177823532214,0.02326661149524689,95.29226886203534
88.08416318745977,-38.08859518179742,1.0000000000000002,3.7125166454939666,0.023267088500908528,95.2502108916433
88.09537794457378,-38.083867813855164,1.0000000000000002,3.7129158458659717,0.02326760601558142,95.20831261787612
88.10659131482339,-38.07913947435938,1.0,3.7133153827311918,0.023268164171927452,95.16657383625643
88.11780329835314,-38.07441016362015,1.0,3.7137152553515413,0.02326876310220527,95.12499434230665
88.12901389530785,-38.06967988194754,1.0,3.7141154629888957,0.02326940293830404,95.08357393154928
88.14022310583228,-38.064948629651624,1.0000000000000002,3.714516004905108,0.023270083811706144,95.04231239950688
88.1514309300716,-38.060216407042354,1.0000000000000002,3.7149168803619927,0.023270805853512044,95.0012095417019
88.16263736817122,-38.05548321442969,1.0,3.7153180886213244,0.023271569194452724,94.96026515365689
88.17384242027654,-38.050749052123564,1.0000000000000002,3.7157196289448504,0.023272373964845272,94.91947903089438
88.18504608653339,-38.04601392043383,1.0,3.716121500594282,0.02327322029464085,94.8788509689368
88.19624836708775,-38.041277819670256,1.0000000000000002,3.716523702831296,0.023274108313389164,94.83838076330676
88.20744926208566,-38.0365407501427,1.0000000000000004,3.716926234917538,0.023275038150258,94.79806820952669
88.21864877167353,-38.031802712160875,1.0000000000000002,3.7173290961146215,0.023276009934035002,94.75791310311912
88.229846895998,-38.02706370603444,1.0000000000000002,3.7177322856841224,0.0232770237931188,94.71791523960658
88.24104363520568,-38.02232373207312,1.0000000000000002,3.7181358028875877,0.02327807985550656,94.67807441451157
88.25223898944365,-38.017582790586474,1.0000000000000002,3.718539646986528,0.02327917824883663,94.63839042335658
88.26343295885916,-38.01284088188406,1.0000000000000002,3.7189438172424225,0.023280319100335234,94.59886306166415
88.27462554359941,-38.00809800627547,1.0000000000000002,3.719348312916722,0.02328150253687511,94.55949212495675
88.2858167438121,-38.00335416407013,1.0000000000000004,3.719753133270835,0.023282728684902665,94.52027740875697
88.2970065596451,-37.998609355577486,1.0,3.7201582775661506,0.023283997670516143,94.48121870858719
88.30819499124622,-37.99386358110698,1.0000000000000002,3.720563745064016,0.023285309619407002,94.44231581997005
88.31938203876378,-37.989116840967945,1.0000000000000002,3.7209695350257523,0.02328666465688478,94.40356853842796
88.33056770234616,-37.98436913546968,1.0000000000000002,3.7213756467126413,0.023288062907891316,94.3649766594835
88.34175198214204,-37.97962046492145,1.0,3.7217820793859397,0.023289504496958102,94.32653997865914
88.3529348783001,-37.97487082963254,1.0000000000000002,3.722188832306872,0.023290989548257812,94.28825829147739
88.36411639096944,-37.970120229912105,1.0,3.72259590473663,0.02329251818555811,94.25013139346083
88.37529652029933,-37.96536866606923,1.0000000000000002,3.7230032959363726,0.023294090532246514,94.21215908013181
88.38647526643905,-37.96061613841312,1.0000000000000002,3.7234110051672324,0.023295706711346398,94.17434114701301
88.39765262953831,-37.955862647252786,1.0000000000000002,3.7238190316903017,0.023297366845474343,94.13667738962683
88.408828609747,-37.9511081928972,1.0000000000000002,3.724227374766656,0.023299071056872123,94.09916760349584
88.42000320721502,-37.946352775655434,1.0000000000000002,3.724636033657328,0.02330081946740492,94.0618115841425
88.43117642209266,-37.94159639583634,1.0000000000000002,3.7250450076233217,0.0233026121985489,94.02460912708938
88.44234825453042,-37.936839053748805,1.0,3.7254542959256183,0.02330444937139653,93.98756002785892
88.45351870467881,-37.93208074970173,1.0000000000000002,3.72586389782516,0.02330633110666014,93.95066408197373
88.46468777268873,-37.92732148400387,1.0000000000000002,3.7262738125828605,0.023308257524661258,93.91392108495617
88.47585545871132,-37.922561256963995,1.0000000000000002,3.726684039459607,0.023310228745366146,93.87733083232887
88.48702176289764,-37.91780006889083,1.0000000000000002,3.727094577716256,0.023312244888316513,93.8408931196143
88.49818668539922,-37.91303792009302,1.0000000000000002,3.72750542661363,0.023314306072711233,93.80460774233495
88.50935022636776,-37.90827481087922,1.0000000000000002,3.7279165854125305,0.023316412417360155,93.76847449601341
88.520512385955,-37.903510741558016,1.0000000000000002,3.7283280533737178,0.02331856404066457,93.73249317617207
88.53167316431302,-37.89874571243794,1.0000000000000002,3.7287398297579344,0.023320761060672268,93.69666357833353
88.54283256159414,-37.89397972382749,1.0,3.7291519138258824,0.023323003595050906,93.66098549802025
88.55399057795069,-37.88921277603514,1.0000000000000002,3.7295643048382443,0.023325291761070233,93.62545873075476
88.56514721353538,-37.88444486936929,1.0000000000000002,3.7299770020556684,0.023327625675635844,93.5900830720596
88.57630246850101,-37.87967600413832,1.0000000000000002,3.7303900047387826,0.023330005455250102,93.55485831745722
88.58745634300077,-37.87490618065051,1.0000000000000002,3.7308033121481667,0.023332431216067206,93.51978426247015
88.5986088371877,-37.87013539921421,1.0000000000000002,3.731216923544399,0.023334903073836344,93.48486070262094
88.60975995121534,-37.86536366013764,1.0000000000000002,3.7316308381880043,0.023337421143933668,93.45008743343203
88.62090968523742,-37.860590963728946,1.0,3.7320450553394933,0.023339985541358743,93.41546425042597
88.63205803940762,-37.85581731029636,1.0000000000000002,3.732459574259346,0.023342596380734548,93.38099094912528
88.64320501388005,-37.85104270014796,1.0000000000000002,3.7328743942080163,0.023345253776296815,93.34666732505242
88.65435060880904,-37.84626713359177,1.0000000000000002,3.7332895144459224,0.023347957841915346,93.31249317372998
88.66549482434887,-37.84149061093587,1.0,3.7337049342334643,0.023350708691053157,93.27846829068038
88.67663766065428,-37.83671313248823,1.0000000000000002,3.734120652831003,0.023353506436828653,93.24459247142622
88.68777911788011,-37.831934698556736,1.0000000000000002,3.73453666949889,0.02335635119195878,93.21086551148991
88.69891919618131,-37.82715530944935,1.0000000000000002,3.7349529834974318,0.02335924306879278,93.177287206394
88.71005789571316,-37.82237496547387,1.0000000000000002,3.735369594086918,0.023362182179297974,93.14385735166107
88.72119521663117,-37.8175936669381,1.0000000000000004,3.7357865005276008,0.02336516863507221,93.11057574281352
88.73233115909082,-37.81281141414985,1.0000000000000002,3.7362037020797225,0.023368202547317196,93.07744217537393
88.743465723248,-37.80802820741678,1.0,3.736621198003483,0.02337128402686872,93.04445644486476
88.75459890925877,-37.803244047046576,1.0000000000000002,3.7370389875590635,0.023374413184194864,93.0116183468086
88.76573071727928,-37.79845893334691,1.0000000000000002,3.7374570700066143,0.02337759012937113,92.97892767672788
88.77686114746594,-37.79367286662533,1.0000000000000002,3.7378754446062663,0.02338081497210176,92.9463842301451
88.78799019997541,-37.78888584718936,1.0000000000000002,3.738294110618111,0.023384087821709088,92.91398780258287
88.79911787496452,-37.784097875346504,1.0000000000000002,3.7387130673022333,0.023387408787151287,92.8817381895636
88.81024417259017,-37.77930895140426,1.0000000000000002,3.7391323139186707,0.02339077797700284,92.84963518660983
88.82136909300962,-37.77451907567,1.0000000000000002,3.7395518497274525,0.023394195499458093,92.81767858924408
88.83249263638034,-37.76972824845106,1.0000000000000002,3.7399716739885696,0.023397661462336572,92.78586819298881
88.84361480285976,-37.76493647005483,1.0000000000000002,3.740391785961997,0.023401175973086552,92.75420379336661
88.85473559260573,-37.76014374078855,1.0000000000000002,3.740812184907683,0.023404739138786823,92.72268518589996
88.86585500577634,-37.75535006095944,1.0000000000000002,3.7412328700855393,0.023408351066132482,92.69131216611135
88.87697304252958,-37.75055543087472,1.0,3.741653840755469,0.023412011861433157,92.66008452952332
88.88808970302394,-37.745759850841516,1.0,3.7420750961773366,0.02341572163064143,92.62900207165835
88.899204987418,-37.7409633211669,1.0,3.7424966356109897,0.023419480479326182,92.59806458803891
88.91031889587042,-37.73616584215799,1.0,3.7429184583162476,0.023423288512685048,92.56727187418761
88.92143142854019,-37.73136741412177,1.0000000000000002,3.74334056355291,0.02342714583554084,92.53662372562685
88.93254258558656,-37.72656803736517,1.0,3.743762950580744,0.023431052552339793,92.50611993787926
88.94365236716872,-37.72176771219518,1.0000000000000002,3.7441856186594964,0.023435008767156873,92.4757603064673
88.95476077344627,-37.71696643891863,1.0000000000000002,3.7446085670488944,0.023439014583681583,92.44554462691345
88.965867804579,-37.71216421784236,1.0000000000000002,3.7450317950086305,0.023443070105251707,92.41547269474017
88.97697346072673,-37.707361049273175,1.0,3.7454553017983856,0.023447175434816003,92.38554430547009
88.98807774204961,-37.702556933517826,1.0000000000000002,3.745879086677805,0.023451330674953752,92.35575925462567
88.99918064870803,-37.69775187088297,1.0000000000000002,3.746303148906521,0.02345553592786942,92.32611733772937
89.01028218086236,-37.692945861675305,1.0000000000000002,3.7467274877441334,0.023459791295396215,92.29661835030376
89.02138233867335,-37.68813890620145,1.0000000000000002,3.7471521024502255,0.02346409687899431,92.26726208787136
89.0324811223019,-37.68333100476794,1.0000000000000002,3.7475769922843516,0.0234684527797544,92.2380483459546
89.04357853190915,-37.67852215768129,1.0000000000000002,3.748002156506046,0.023472859098395915,92.20897692007607
89.05467456765625,-37.67371236524802,1.0000000000000002,3.748427594374821,0.023477315935249266,92.18004760575826
89.0657692297047,-37.66890162777454,1.0000000000000002,3.748853305150161,0.023481823390296697,92.15126019852364
89.07686251821625,-37.66408994556721,1.0000000000000002,3.749279288091537,0.023486381563134984,92.12261449389477
89.0879544333526,-37.65927731893244,1.0,3.7497055424583867,0.023490990552993196,92.0941102873941
89.09904497527586,-37.65446374817647,1.0000000000000002,3.750132067510133,0.023495650458725592,92.06574737454424
89.11013414414833,-37.64964923360555,1.0,3.7505588625061685,0.023500361378824053,92.03752555086764
89.1212219401323,-37.644833775525946,1.0000000000000002,3.750985926705872,0.023505123411402096,92.00944461188674
89.13230836339045,-37.640017374243776,1.0000000000000002,3.7514132593685945,0.02350993665419132,91.98150435312417
89.14339341408565,-37.63520003006515,1.0000000000000002,3.7518408597536674,0.023514801204580493,91.95370457010235
89.15447709238073,-37.6303817432962,1.0000000000000002,3.752268727120405,0.023519717159569353,91.92604505834379
89.16555939843899,-37.625562514242894,1.0000000000000002,3.7526968607280877,0.023524684615786384,91.89852561337109
89.17664033242382,-37.62074234321121,1.0000000000000002,3.75312525983599,0.02352970366949414,91.87114603070671
89.18771989449868,-37.61592123050717,1.0000000000000002,3.7535539237033433,0.02353477441659102,91.84390610587313
89.19879808482739,-37.61109917643658,1.0000000000000002,3.753982851589384,0.02353989695259351,91.81680563439289
89.20987490357396,-37.606276181305326,1.0000000000000002,3.754412042753305,0.02354507137266637,91.78984441178845
89.2209503509024,-37.60145224541921,1.0,3.7548414964542918,0.023550297771572914,91.7630222335824
89.23202442697706,-37.596627369084,1.0000000000000002,3.7552712119515026,0.023555576243754928,91.73633889529721
89.24309713196249,-37.59180155260538,1.0000000000000002,3.755701188504075,0.02356090688323853,91.70979419245536
89.25416846602343,-37.58697479628903,1.0,3.756131425371131,0.02356628978371944,91.6833879205794
89.26523842932467,-37.5821471004406,1.0,3.756561921811762,0.023571725038493696,91.65711987519184
89.27630702203133,-37.577318465365636,1.0000000000000002,3.756992677085051,0.023577212740505615,91.63098985181517
89.28737424430874,-37.57248889136965,1.0000000000000004,3.757423690450053,0.023582752982335364,91.6049976459719
89.29844009632224,-37.567658378758196,1.0000000000000002,3.7578549611658025,0.023588345856175863,91.57914305318455
89.30950457823752,-37.56282692783667,1.0,3.7582864884913194,0.02359399145387009,91.55342586897561
89.3205676902205,-37.55799453891044,1.0000000000000002,3.7587182716855976,0.02359968986689509,91.52784588886765
89.33162943243705,-37.553161212284934,1.0000000000000002,3.7591503100076147,0.023605441186351328,91.50240290838309
89.34268980505344,-37.548326948265405,1.0000000000000002,3.7595826027163297,0.023611245502962674,91.47709672304448
89.35374880823615,-37.543491747157084,1.0000000000000002,3.760015149070674,0.02361710290711372,91.45192712837436
89.36480644215159,-37.538655609265255,1.0000000000000004,3.7604479483295763,0.023623013488791145,91.42689391989519
89.37586270696663,-37.53381853489507,1.0000000000000002,3.7608809997519255,0.023628977337645907,91.4019968931295
