galstreams/tracks/track.st.Pal5.ibata2021.ecsv
# %ECSV 0.9
# ---
# datatype:
# - {name: ra, unit: deg, datatype: float64}
# - {name: dec, unit: deg, datatype: float64}
# - {name: distance, unit: kpc, datatype: float64}
# - {name: pm_ra_cosdec, unit: mas / yr, datatype: float64}
# - {name: pm_dec, unit: mas / yr, datatype: float64}
# - {name: radial_velocity, unit: km / s, datatype: float64}
# delimiter: ','
# meta: !!omap
# - __serialized_columns__:
#     dec:
#       __class__: astropy.coordinates.angles.Latitude
#       unit: &id001 !astropy.units.Unit {unit: deg}
#       value: !astropy.table.SerializedColumn {name: dec}
#     distance:
#       __class__: astropy.coordinates.distances.Distance
#       unit: !astropy.units.Unit {unit: kpc}
#       value: !astropy.table.SerializedColumn {name: distance}
#     pm_dec:
#       __class__: astropy.units.quantity.Quantity
#       unit: !astropy.units.Unit {unit: mas / yr}
#       value: !astropy.table.SerializedColumn {name: pm_dec}
#     pm_ra_cosdec:
#       __class__: astropy.units.quantity.Quantity
#       unit: !astropy.units.Unit {unit: mas / yr}
#       value: !astropy.table.SerializedColumn {name: pm_ra_cosdec}
#     ra:
#       __class__: astropy.coordinates.angles.Longitude
#       unit: *id001
#       value: !astropy.table.SerializedColumn {name: ra}
#       wrap_angle: !astropy.coordinates.Angle
#         unit: *id001
#         value: 360.0
#     radial_velocity:
#       __class__: astropy.units.quantity.Quantity
#       unit: !astropy.units.Unit {unit: km / s}
#       value: !astropy.table.SerializedColumn {name: radial_velocity}
# schema: astropy-2.0
ra,dec,distance,pm_ra_cosdec,pm_dec,radial_velocity
[from data line 1763]
236.3754395406284,4.348643517191047,21.10599255215874,-3.084807754487046,-2.4999527804228427,1.1578554803574466e-13
236.3846059529274,4.352990070239422,21.103736787600525,-3.0858078875385004,-2.5002240718052082,1.9157245220459568e-13
236.39377302707953,4.357335687597114,21.101482005590306,-3.0868100794574236,-2.500496577803533,9.894401377599997e-14
236.40294076104308,4.361680372208368,21.099228215744404,-3.0878143320270404,-2.5007702986011227,-1.1368035625327657e-13
236.4121091527763,4.366024127017471,21.096975427679162,-3.0888206470306834,-2.5010452343810012,4.631421921429786e-14
236.42127820023762,4.370366954968789,21.094723651010902,-3.089829026251811,-2.5013213853259235,7.578690416885104e-14
236.43044790138538,4.3747088590067404,21.092472895355954,-3.090839471473992,-2.5015987516183635,1.5999457546757442e-13
236.4396182541781,4.379049842075807,21.090223170330653,-3.0918519844809134,-2.5018773334405227,1.2631150694808508e-13
236.44878925657426,4.383389907120535,21.087974485551328,-3.0928665670563844,-2.5021571309743256,4.210383564936169e-14
236.4579609065324,4.3877290570855365,21.08572685063431,-3.093883220984325,-2.50243814440142,1.6841534259744676e-14
236.46713320201115,4.392067294915477,21.08348027519593,-3.094901948048773,-2.5027203739031756,-2.1051917824680846e-14
236.47630614096914,4.396404623555095,21.081234768852514,-3.095922750033886,-2.5030038196606887,1.1368035625327657e-13
236.48547972136518,4.40074104594919,21.0789903412204,-3.0969456287239376,-2.5032884818547747,6.315575347404254e-14
236.49465394115794,4.405076565042627,21.076747001915916,-3.0979705859033184,-2.5035743606659757,8.841805486365955e-14
236.50382879830627,4.409411183780333,21.07450476055538,-3.0989976233565377,-2.503861456274553,1.4736342477276593e-13
236.51300429076906,4.4137449051073006,21.072263626755138,-3.1000267428682178,-2.5041497688604895,7.157652060391487e-14
236.5221804165052,4.418077731968587,21.070023610131518,-3.1010579462231007,-2.504439298603492,2.694645481559148e-13
236.53135717347376,4.422409667309326,21.067784720300846,-3.1020912352060486,-2.504730045682988,7.999728773378721e-14
236.54053455963367,4.426740714074703,21.065546966879445,-3.1031266116020366,-2.505022010278127,1.7262572616238293e-13
236.54971257294412,4.431070875209975,21.06331035948367,-3.1041640771961565,-2.505315192567777,6.315575347404254e-14
236.55889121136414,4.435400153660468,21.061074907729825,-3.1052036337736233,-2.505609592730531,2.3999186320136165e-13
236.56807047285312,4.439728552371575,21.058840621234257,-3.106245283119761,-2.5059052109446975,2.947268495455318e-14
236.57725035537015,4.4440560742887545,21.056607509613286,-3.1072890270200197,-2.5062020473883106,2.1051917824680846e-14
236.58643085687459,4.44838272235754,21.054375582483242,-3.108334867259959,-2.5065001022391202,1.347322740779574e-13
236.59561197532585,4.45270849952352,21.052144849460465,-3.1093828056252626,-2.5067993756745977,5.0524602779234026e-14
236.6047937086834,4.457033408732365,21.049915320161283,-3.110432843901725,-2.5070998678719336,-2.5262301389617013e-14
236.6139760549066,4.46135745292981,21.04768700420202,-3.111484983875263,-2.5074015790080377,2.568333974611063e-13
236.62315901195515,4.465680635061655,21.045459911199018,-3.11253922733191,-2.5077045092595394,1.6841534259744676e-14
236.63234257778856,4.470002958073779,21.043234050768596,-3.113595576057816,-2.5080086588027863,2.1051917824680845e-13
236.64152675036655,4.474324424912121,21.04100943252709,-3.1146540318392475,-2.508314027813845,2.063087946818723e-13
236.65071152764887,4.478645038522702,21.038786066090825,-3.1157145964625883,-2.508620616468498,1.5999457546757442e-13
236.65989690759528,4.482964801851603,21.03656396107614,-3.1167772717143434,-2.508928424942248,4.210383564936169e-15
236.66908288816558,4.487283717844985,21.034343127099355,-3.117842059381133,-2.5092374534103183,6.73661370389787e-14
236.67826946731975,4.491601789449075,21.032123573776808,-3.1189089612496943,-2.5095477020476435,2.1472956181174462e-13
236.68745664301778,4.4959190196101755,21.02990531072483,-3.1199779791068787,-2.509859171028878,2.020984111169361e-13
236.6966444132197,4.500235411274659,21.02768834755975,-3.121049114739665,-2.5101718605283945,2.947268495455318e-14
236.70583277588557,4.504550967388975,21.025472693897886,-3.122122369935141,-2.510485770720283,3.368306851948935e-14
236.71502172897556,4.5088656908996425,21.023258359355587,-3.1231977464805123,-2.510800901778346,-5.894536990910637e-14
236.72421127044987,4.513179584753252,21.02104535354918,-3.1242752461631067,-2.5111172538761055,2.1472956181174462e-13
236.73340139826888,4.517492651896474,21.018833686094993,-3.1253548707703662,-2.5114348271867986,1.4736342477276593e-13
236.74259211039288,4.521804895276052,21.01662336660935,-3.1264366220898525,-2.5117536218833783,1.768361097273191e-13
236.75178340478234,4.526116317838799,21.014414404708585,-3.1275205019092445,-2.5120736381385127,-9.262843842859572e-14
236.76097527939768,4.530426922531609,21.012206810009033,-3.128606512016337,-2.5123948761245867,-1.2631150694808506e-14
236.77016773219947,4.534736712301448,21.010000592127017,-3.129694654199043,-2.5127173360136967,1.6841534259744676e-14
236.7793607611483,4.539045690095361,21.007795760678878,-3.130784930245397,-2.5130410179776588,2.442022467662978e-13
236.78855436420497,4.543353858860464,21.00559232528094,-3.1318773419435435,-2.5133659221879956,7.999728773378721e-14
236.7977485393301,4.547661221543958,21.003390295549522,-3.132971891081756,-2.5136920488159578,1.8104649329225526e-13
236.80694328448462,4.55196778109311,21.001189681100975,-3.1340685794484133,-2.514019398032493,-7.578690416885104e-14
236.81613859762925,4.556273540455273,20.99899049155162,-3.1351674088320194,-2.5143479700082754,1.515738083377021e-13
236.8253344767251,4.560578502577877,20.99679273651778,-3.136268381021196,-2.514677764913687,1.4315304120782974e-13
236.83453091973314,4.564882670408419,20.994596425615804,-3.137371497804679,-2.5150087829188243,1.0525958912340423e-13
236.84372792461446,4.569186046894491,20.992401568462007,-3.1384767609713258,-2.515341024193498,9.262843842859572e-14
236.85292548933023,4.573488634983756,20.990208174672723,-3.1395841723101094,-2.515674488907229,-2.947268495455318e-14
236.8621236118416,4.577790437623952,20.98801625386428,-3.1406937336101213,-2.516009177229254,1.6841534259744677e-13
236.87132229011002,4.582091457762904,20.985825815653016,-3.1418054466605687,-2.516345089328518,2.9472684954553185e-13
236.88052152209679,4.5863916983485105,20.983636869655257,-3.1429193132507827,-2.5166822253736827,1.7262572616238293e-13
236.88972130576332,4.590691162328753,20.981449425487327,-3.1440353351702037,-2.5170205855331163,2.1051917824680846e-14
236.89892163907115,4.594989852651698,20.979263492765565,-3.145153514208398,-2.5173601699749035,9.262843842859572e-14
236.90812251998184,4.599287772265483,20.977079081106307,-3.1462738521550424,-2.5177009788668365,2.2736071250655313e-13
236.9173239464571,4.603584924118336,20.97489620012587,-3.1473963507999407,-2.5180430123764235,3.3683068519489354e-13
236.9265259164587,4.607881311158562,20.97271485944059,-3.1485210119330023,-2.5183862706708755,-9.683882199353189e-14
236.93572842794828,4.612176936334551,20.970535068666802,-3.1496478373442662,-2.518730753917123,2.1051917824680845e-13
236.94493147888792,4.616471802594773,20.968356837420824,-3.1507768288238855,-2.519076462281802,-1.2631150694808506e-14
236.95413506723943,4.620765912887778,20.966180175318996,-3.151907988162126,-2.5194233959312573,1.0525958912340423e-13
236.9633391909649,4.625059270162208,20.964005091977658,-3.1530413171493783,-2.519771555031548,1.894672604221276e-13
236.97254384802642,4.629351877366781,20.96183159701312,-3.154176817576148,-2.520120939748439,2.947268495455318e-14
236.98174903638613,4.633643737450303,20.959659700041716,-3.155314491233059,-2.5204715502474078,2.6525416459097863e-13
236.99095475400642,4.637934853361657,20.957489410679788,-3.1564543399108524,-2.5208233866936376,8.420767129872338e-15
237.00016099884948,4.642225228049822,20.955320738543666,-3.157596365400387,-2.521176449252023,2.1472956181174462e-13
237.00936776887775,4.646514864463854,20.953153693249664,-3.1587405694926423,-2.5215307380871668,1.642049590325106e-13
237.0185750620538,4.650803765552896,20.950988284414127,-3.1598869539787144,-2.5218862533633803,2.5262301389617013e-14
237.02778287634007,4.65509193426618,20.948824521653382,-3.161035520649816,-2.5222429952446834,7.157652060391487e-14
237.03699120969927,4.659379373553017,20.946662414583763,-3.162186271297276,-2.522600963894801,7.999728773378721e-14
237.04620006009407,4.663666086362814,20.94450197282159,-3.1633392077125473,-2.5229601594771704,2.8630608241565947e-13
237.05540942548737,4.667952075645054,20.942343205983203,-3.1644943316871954,-2.5233205821549323,1.2631150694808508e-13
237.064619303842,4.672237344349317,20.940186123684935,-3.1656516450129057,-2.5236822320909367,8.420767129872338e-14
237.07382969312084,4.6765218954252665,20.9380307355431,-3.166811149481484,-2.5240451094477425,2.442022467662978e-13
237.08304059128702,4.680805731822652,20.935877051174042,-3.16797284688485,-2.5244092143876125,3.284099180650212e-13
237.0922519963037,4.685088856491314,20.93372508019409,-3.169136739015043,-2.5247745470725147,7.157652060391487e-14
237.10146390613394,4.689371272381182,20.931574832219578,-3.1703028276642202,-2.525141107664129,2.315710960714893e-13
237.11067631874113,4.6936529824422735,20.929426316866827,-3.171471114624659,-2.525508896323836,2.3578147963642546e-13
237.11988923208864,4.697933989624693,20.927279543752167,-3.1726416016887495,-2.5258779132127236,1.0104920555846805e-13
237.12910264413983,4.702214296878641,20.925134522491938,-3.173814290649007,-2.5262481584915886,1.347322740779574e-13
237.13831655285833,4.706493907154402,20.922991262702467,-3.1749891832980572,-2.5266196323209282,1.5999457546757442e-13
237.14753095620767,4.7107728234023565,20.920849774000075,-3.1761662814286495,-2.526992334860948,2.063087946818723e-13
237.15674585215166,4.715051048572969,20.918710066001104,-3.177345586833651,-2.527366266271559,2.1051917824680846e-14
237.1659612386539,4.719328585616801,20.916572148321883,-3.1785271013060417,-2.527741426712373,1.9367764398706378e-13
237.17517711367847,4.723605437484501,20.91443603057874,-3.1797108266389253,-2.5281178163427116,-5.894536990910637e-14
237.18439347518915,4.727881607126818,20.912301722388005,-3.1808967646255217,-2.5284954353215974,-9.683882199353189e-14
237.19361032115006,4.732157097494583,20.91016923336601,-3.182084917059166,-2.528874283807756,1.0104920555846805e-13
237.20282764952526,4.736431911538725,20.908038573129083,-3.1832752857333153,-2.529254361959621,2.315710960714893e-13
237.21204545827908,4.740706052210268,20.905909751293553,-3.184467872441544,-2.5296356699353253,1.2631150694808508e-13
237.2212637453757,4.744979522460322,20.903782777475758,-3.1856626789775415,-2.5300182078927067,1.8104649329225526e-13
237.23048250877957,4.749252325240099,20.901657661292024,-3.1868597071351212,-2.530401975989309,9.262843842859572e-14
237.23970174645513,4.753524463500905,20.899534412358676,-3.1880589587082078,-2.5307869743823734,5.4734986344170195e-14
237.24892145636693,4.757795940194132,20.89741304029205,-3.189260435490847,-2.5311732032288474,1.642049590325106e-13
237.25814163647962,4.76206675827127,20.89529355470848,-3.190464139277202,-2.531560662685381,2.98937233110468e-13
237.267362284758,4.766336920683916,20.89317596522429,-3.1916700718615565,-2.5319493529083243,2.2736071250655313e-13
237.2765833991669,4.770606430383745,20.891060281455815,-3.192878235038308,-2.532339274053731,1.6841534259744676e-14
237.28580497767112,4.774875290322541,20.88894651301938,-3.1940886306019767,-2.5327304262773587,1.0104920555846805e-13
237.29502701823571,4.779143503452178,20.886834669531318,-3.195301260347195,-2.5331228097346603,3.368306851948935e-14
237.3042495188258,4.78341107272463,20.884724760607963,-3.1965161260687194,-2.5335164245807964,2.3999186320136165e-13
237.31347247740658,4.787678001091964,20.88261679586564,-3.197733229561421,-2.533911270970626,2.9051646598059566e-13
237.32269589194334,4.791944291506348,20.880510784920684,-3.1989525726202865,-2.534307349058708,3.157787673702127e-13
237.33191976040143,4.79620994692005,20.87840673738942,-3.20017415704043,-2.5347046589993045,2.3578147963642546e-13
237.34114408074635,4.800474970285424,20.876304662888185,-3.2013979846170693,-2.5351032009463745,1.768361097273191e-13
237.3503688509436,4.804739364554946,20.8742045710333,-3.202624057145554,-2.535502975053582,1.9788802755199994e-13
237.35959406895887,4.809003132681164,20.872106471441104,-3.203852376421344,-2.5359039814742874,5.4734986344170195e-14
237.36881973275786,4.8132662776167425,20.870010373727922,-3.2050829442400186,-2.5363062203615514,2.98937233110468e-13
237.3780458403065,4.8175288023144445,20.86791628751009,-3.206315762397273,-2.5367096918681327,6.73661370389787e-14
237.38727238957063,4.821790709727122,20.865824222403944,-3.207550832688926,-2.537114396146496,7.999728773378721e-14
237.3964993785163,4.826052002807743,20.863734188025795,-3.2087881569109102,-2.5375203333487972,1.3894265764289357e-13
237.4057268051097,4.830312684509365,20.861646193991984,-3.2100277368592764,-2.5379275036268947,-4.210383564936169e-15
237.41495466731695,4.834572757785152,20.859560249918843,-3.211269574330194,-2.5383359071323466,2.7788531528578715e-13
237.4241829631045,4.83883222558836,20.85747636542271,-3.2125136711199502,-2.5387455440164066,-5.894536990910637e-14
237.4334116904386,4.8430910908723614,20.855394550119897,-3.213760029024951,-2.539156414430029,2.8209569885072334e-13
237.44264084728593,4.847349356590624,20.85331481362675,-3.215008649841718,-2.5395685185238634,1.0104920555846805e-13
237.45187043161297,4.851607025696717,20.851237165559592,-3.2162595353668935,-2.5399818564482617,8.420767129872338e-14
237.4611004413865,4.855864101144314,20.84916161553474,-3.217512687397237,-2.540396428353271,7.157652060391487e-14
237.47033087457328,4.860120585887187,20.84708817316856,-3.218768107729622,-2.540812234388632,1.4315304120782974e-13
237.47956172914024,4.864376482879223,20.845016848077357,-3.220025798161046,-2.5412292747037886,2.1472956181174462e-13
237.48879300305438,4.868631795074402,20.84294764987746,-3.2212857604886223,-2.5416475494478807,2.48412630331234e-13
237.49802469428283,4.872886525426813,20.840880588185208,-3.2225479965095793,-2.5420670587697405,1.9788802755199994e-13
237.50725680079282,4.877140676890651,20.83881567261693,-3.223812508021265,-2.542487802817899,-4.631421921429786e-14
237.51648932055147,4.881394252420215,20.836752912788953,-3.2250792968211464,-2.5429097817405877,1.6841534259744677e-13
237.52572225152642,4.885647254969909,20.83469231831761,-3.2263483647068085,-2.543332995685729,1.9367764398706378e-13
237.53495559168505,4.889899687494241,20.832633898819235,-3.2276197134759506,-2.5437574448009417,3.115683838052765e-13
237.54418933899504,4.894151552947827,20.83057766391015,-3.228893344926395,-2.5441831292335424,1.5578419190263825e-13
237.55342349142404,4.898402854285393,20.828523623206696,-3.230169260856077,-2.544610049130542,2.442022467662978e-13
237.56265804693996,4.9026535944617695,20.82647178632519,-3.231447463063052,-2.5450382046386464,1.0525958912340423e-13
237.57189300351058,4.906903776431889,20.824422162881973,-3.232727953345494,-2.5454675959042583,2.3999186320136165e-13
237.581128359104,4.911153403150803,20.822374762493368,-3.2340107335016937,-2.5458982230734724,2.3999186320136165e-13
237.59036411168842,4.9154024775736564,20.820329594775714,-3.2352958053300576,-2.5463300862920786,2.1893994537668078e-13
237.59960025923192,4.919651002655718,20.818286669345333,-3.236583170629115,-2.546763185705566,2.7788531528578715e-13
237.608836799703,4.9238989813523535,20.816245995818566,-3.2378728311975076,-2.5471975214591094,6.315575347404254e-14
237.61807373106996,4.928146416619044,20.81420758381174,-3.2391647888339956,-2.5476330936975837,2.6525416459097863e-13
