galstreams/tracks/track.st.M2.ibata2024.ecsv
# %ECSV 1.0
# ---
# datatype:
# - {name: ra, unit: deg, datatype: float64}
# - {name: dec, unit: deg, datatype: float64}
# - {name: distance, unit: kpc, datatype: float64}
# - {name: pm_ra_cosdec, unit: mas / yr, datatype: float64}
# - {name: pm_dec, unit: mas / yr, datatype: float64}
# - {name: radial_velocity, unit: km / s, datatype: float64}
# delimiter: ','
# meta: !!omap
# - __serialized_columns__:
#     dec:
#       __class__: astropy.coordinates.angles.Latitude
#       unit: &id001 !astropy.units.Unit {unit: deg}
#       value: !astropy.table.SerializedColumn {name: dec}
#     distance:
#       __class__: astropy.coordinates.distances.Distance
#       unit: !astropy.units.Unit {unit: kpc}
#       value: !astropy.table.SerializedColumn {name: distance}
#     pm_dec:
#       __class__: astropy.units.quantity.Quantity
#       unit: !astropy.units.Unit {unit: mas / yr}
#       value: !astropy.table.SerializedColumn {name: pm_dec}
#     pm_ra_cosdec:
#       __class__: astropy.units.quantity.Quantity
#       unit: !astropy.units.Unit {unit: mas / yr}
#       value: !astropy.table.SerializedColumn {name: pm_ra_cosdec}
#     ra:
#       __class__: astropy.coordinates.angles.Longitude
#       unit: *id001
#       value: !astropy.table.SerializedColumn {name: ra}
#       wrap_angle: !astropy.coordinates.Angle
#         unit: *id001
#         value: 360.0
#     radial_velocity:
#       __class__: astropy.units.quantity.Quantity
#       unit: !astropy.units.Unit {unit: km / s}
#       value: !astropy.table.SerializedColumn {name: radial_velocity}
# schema: astropy-2.0
ra,dec,distance,pm_ra_cosdec,pm_dec,radial_velocity
304.3686552503639,-6.372987805642806,0.9999999999999993,5.635918504586289,-2.2828021654543575,-127.13189922810764
304.5268862325297,-6.139609501969606,0.9999999999999991,5.62259100919705,-2.300502499359329,-123.50960709764638
304.6870251339088,-5.914406879794719,0.999999999999999,5.608979822415861,-2.3173897990421377,-119.95714608552974
304.84904178796546,-5.697236199391994,0.9999999999999989,5.595086847934125,-2.3334796122206254,-116.47382984035714
305.0129062620938,-5.4879537349655285,0.999999999999999,5.580914010192299,-2.348787336513332,-113.05897201072797
305.1785888129263,-5.286415779499212,0.9999999999999987,5.566463258009256,-2.3633282246641762,-109.71188624524169
305.3460598450542,-5.092478649240696,0.9999999999999988,5.551736567830385,-2.37711738961497,-106.43188619249763
305.51528987295404,-4.905998687839264,0.9999999999999986,5.536735946617443,-2.390169809437367,-103.21828550109524
305.68624948592736,-4.726832270155551,0.9999999999999987,5.521463434401725,-2.4025003321343648,-100.07039781963395
305.8589093158717,-4.554835805760764,0.9999999999999984,5.505921106521388,-2.414123680320274,-96.98753679671317
306.0332400077118,-4.389865742141316,0.9999999999999983,5.4901110755622895,-2.4250544557867606,-93.96901608093225
306.20921219232906,-4.231778567624713,0.9999999999999983,5.474035493021282,-2.435307143961653,-91.01414932089071
306.38679646183766,-4.080430814041269,0.9999999999999983,5.457696550709748,-2.444896118266068,-88.12225016518782
306.56596334706114,-3.935679059135762,0.9999999999999982,5.441096481914391,-2.453835644374633,-85.29263226242306
306.74668329707583,-3.7973799287424126,0.9999999999999982,5.424237562331816,-2.4621398843827142,-82.52460926119589
306.92892666068786,-3.6653900987359624,0.9999999999999982,5.407122110792182,-2.46982290088388,-79.81749481010567
307.11266366972586,-3.5395662967710804,0.9999999999999981,5.389752489787416,-2.4768986609601433,-77.17060255775179
307.2978644240285,-3.4197653038217606,0.999999999999998,5.372131105817777,-2.4833810400869556,-74.58324615273371
307.4844988780197,-3.3058439555319086,0.9999999999999979,5.354260409570914,-2.4892838259544288,-72.05473924365074
307.6725368287663,-3.1976591433877877,0.999999999999998,5.336142895946441,-2.4946207222057675,-69.58439547910243
307.86194790541776,-3.0950678157226,0.9999999999999979,5.317781103938625,-2.499405352093548,-67.1715285076881
308.05270155993514,-2.997926978562956,0.9999999999999978,5.299177616389265,-2.50365126205405,-64.81545197800718
308.24476705901907,-2.9060936963266526,0.999999999999998,5.28033505962245,-2.5073719251996502,-62.51547953865909
308.43811347715314,-2.819425092380668,0.9999999999999979,5.261256102971906,-2.510580744728969,-60.27092483824321
308.6327096906808,-2.7377783494681087,0.9999999999999979,5.241943458211978,-2.513291057254227,-58.08110152535899
308.8285243728421,-2.6610107100120963,0.9999999999999979,5.222399878901777,-2.5155161360452047,-55.945323248605774
309.02552598969544,-2.58897947630455,0.9999999999999981,5.202628159652461,-2.517269194188929,-53.86290365658306
309.2236827968604,-2.5215420105873085,0.9999999999999979,5.182631135326658,-2.5185633876642077,-51.83315639789022
309.42296283701324,-2.4585557350326788,0.9999999999999979,5.162411680178616,-2.5194118183300085,-49.85539512112665
309.6233339380781,-2.3998781316301705,0.9999999999999979,5.141972706943418,-2.5198275368266616,-47.92893347489175
309.8247637120551,-2.345366741985819,0.999999999999998,5.121317165882963,-2.5198235453888334,-46.05308510778499
310.027219554433,-2.294879167040206,0.9999999999999979,5.100448043796103,-2.519412800569215,-44.2271636684057
310.23066864413585,-2.248273066710894,0.999999999999998,5.079368362999846,-2.5186082158719154,-42.450482805353325
310.4350779439568,-2.205406159464704,0.9999999999999981,5.05808118028808,-2.5174226642945854,-40.72235616722727
310.64041420143576,-2.1661362218249702,0.999999999999998,5.036589585874001,-2.5158689807783405,-39.04209740262697
310.84664395014,-2.130321087818518,0.9999999999999982,5.014896702321876,-2.5139599645646524,-37.40902016015182
311.05373351130976,-2.09781864836691,0.9999999999999981,4.993005683473469,-2.5117083814584618,-35.82243808840122
311.2616489958344,-2.0684868506260536,0.999999999999998,4.970919713374028,-2.5091269659968365,-34.281664835974595
311.4703563065263,-2.0421836972782583,0.9999999999999981,4.948642005202423,-2.506228423522656,-32.786014051471355
311.67982114066353,-2.018767245780105,0.999999999999998,4.926175800209587,-2.5030254321628957,-31.33479938349087
311.8900089927738,-1.998095607569652,0.999999999999998,4.903524366669069,-2.49953064471118,-29.92733448063259
312.10088515763505,-1.9800269472359522,0.9999999999999982,4.880690998843276,-2.495756690414474,-28.562932991495927
312.31241473347103,-1.9644194816537286,0.9999999999999981,4.8576790159684275,-2.491716176663869,-27.240908564680282
312.52456262532075,-1.9511314790857162,0.9999999999999981,4.83449176126121,-2.487421690589541,-25.960574848785054
312.7372935485644,-1.9400212582550127,0.9999999999999984,4.811132600949486,-2.4828858005601737,-24.721245492409647
312.95057203259023,-1.930947187389485,0.9999999999999983,4.787604923329451,-2.47812105758721,-23.52223414415352
313.1643624245875,-1.9237676832400978,0.9999999999999986,4.763912137851102,-2.4731399966344596,-22.362854452616016
313.37862889345354,-1.9183412100747685,0.9999999999999984,4.740057674233646,-2.467955137833774,-21.242420066396594
313.593335433805,-1.914526278649237,0.9999999999999986,4.7160449816123995,-2.4625789876075896,-20.160244634094642
313.80844587008346,-1.912181445156119,0.9999999999999984,4.691877527718201,-2.4570240396993066,-19.115641804309558
314.0239238607483,-1.911165310153292,0.9999999999999986,4.667558798090397,-2.4513027761126245,-18.107925225640773
314.23973290255134,-1.9113365174723704,0.9999999999999986,4.643092295324045,-2.4454276679610794,-17.136408546687715
314.45583633488724,-1.9125537531082675,0.9999999999999987,4.618481538351909,-2.439411176229147,-16.200405416049747
314.6721973442165,-1.9146757440901347,0.9999999999999988,4.593730061761554,-2.4332657524464665,-15.299229482326298
314.88877896855905,-1.9175612573343996,0.9999999999999988,4.568841415147713,-2.4270038392767987,-14.432194394116808
315.1055441020554,-1.921069098480167,0.9999999999999988,4.54381916249993,-2.420637871023508,-13.598613800020628
315.322455499595,-1.9250581107072702,0.999999999999999,4.518666881625363,-2.4141802740534692,-12.797801348637208
315.5394757815117,-1.9293871735371786,0.999999999999999,4.493388163606456,-2.4076434671414138,-12.029070688565966
315.75656743834605,-1.9339152016168624,0.9999999999999989,4.467986612293133,-2.401039861736829,-11.291735468406264
315.9736928356745,-1.938501143485713,0.9999999999999992,4.442465843829041,-2.3943818621556887,-10.585109336757581
316.1908142190082,-1.9430039803255446,0.9999999999999991,4.416829486211316,-2.387681865699323,-9.908505942219271
316.4078937187604,-1.9472827246936955,0.9999999999999993,4.3910811788832325,-2.3809522627028974,-9.26123893339076
316.62489335528466,-1.9511964192392643,0.9999999999999992,4.36522457235913,-2.3742054365160365,-8.642621958871453
316.84177504398446,-1.9546041354025065,0.9999999999999993,4.3392633278809125,-2.3674537634182307,-8.05196866726078
317.05850060049545,-1.9573649720974573,0.9999999999999993,4.313201117105437,-2.360709612471741,-7.488592707158145
317.2750317459402,-1.9593380543779395,0.9999999999999994,4.287041621822122,-2.353985345314807,-6.951807727162926
317.4913301122557,-1.960382532087018,0.9999999999999994,4.260788533700077,-2.3472933158980225,-6.440927375874571
317.70735724759226,-1.9603575784904257,0.9999999999999997,4.234445554064168,-2.340645870166841,-5.95526530189248
317.92307462178434,-1.9591223888940368,0.9999999999999994,4.208016393699431,-2.3340553456932023,-5.4941351538160355
318.13844363188815,-1.9565361792460858,0.9999999999999996,4.181504772683316,-2.3275340712593504,-5.056850580244694
318.35342560778554,-1.9524581847247218,0.9999999999999997,4.1549144202454045,-2.3210943663969723,-4.64272522977783
318.5679818178476,-1.946747658311667,1.0,4.128249074654234,-2.3147485408848008,-4.2510727510148625
318.7820734746539,-1.939263869352979,0.9999999999999999,4.101512483131111,-2.3085088942079017,-3.8812067925552025
318.99566174075875,-1.9298661021080727,0.9999999999999997,4.074708401790824,-2.302387714981865,-3.532441002998274
319.208707734498,-1.9184136542883765,0.9999999999999999,4.047840595609421,-2.2963972803451758,-3.204089030943463
319.4211725358235,-1.9047658355872432,0.9999999999999999,4.020912838419315,-2.290549855323035,-2.8954645249901825
319.6330171921552,-1.888781966202961,0.9999999999999998,3.9939289129322177,-2.284857692165921,-2.6058811337378693
319.8442027242364,-1.870321375356991,1.0,3.9668926107906026,-2.2793330296661813,-2.334652505785892
320.0546901319757,-1.8492433998098554,1.0,3.93980773264862,-2.2739880924559617,-2.0810922897336823
320.2644404002575,-1.8254073823772954,0.9999999999999999,3.912678088283639,-2.268835090289726,-1.8445141341806577
320.4734145047016,-1.7986726704499403,1.0,3.8855074967398355,-2.2638862173146386,-1.6242316877262222
320.6815734173476,-1.7688986145195695,1.0000000000000004,3.8582997865055733,-2.2591536513320234,-1.4195585989697694
320.88887811223896,-1.7359445667158895,1.0,3.8310587957265465,-2.254649553053099,-1.229808516510738
321.09528957088,-1.699669879357826,1.0000000000000002,3.803788372457049,-2.2503860653521026,-1.05429508894851
321.30076878753266,-1.6599339035238294,1.0000000000000002,3.776492374952011,-2.246375312519909,-0.8923319648825155
321.50527677432046,-1.616595987646037,1.0000000000000002,3.749174672002831,-2.242629399521125,-0.7432327929121615
321.70877456610293,-1.5695154761336114,1.0000000000000002,3.7218391433203686,-2.239160411257595,-0.6063112216368451
321.9112232250798,-1.5185517080309543,1.0,3.6944896799688856,-2.2359804118411573,-0.48088089965598035
322.1125838450816,-1.4635640157169738,1.0000000000000002,3.6671301848551163,-2.233101443878365,-0.36625547556898047
322.3128175555003,-1.404411723652038,1.0000000000000002,3.6397645732770694,-2.2305355277698076,-0.2617485979752488
322.5118855248096,-1.340954147179719,1.0000000000000002,3.6123967735376006,-2.2282946610264855,-0.16667391547421226
322.7097489636206,-1.2730505913909325,1.0000000000000002,3.585030727628299,-2.226390817605615,-0.08034507666526566
322.9063691272153,-1.2005603500585789,1.0000000000000002,3.5576703919896886,-2.2248359472680295,-0.0020757301478228894
323.10170731749673,-1.1233427046513278,1.0000000000000002,3.530319738354236,-2.2236419749591936,0.0688204754787148
323.29572488428937,-1.041256923435625,1.0000000000000002,3.5029827546792416,-2.222820800215682,0.1330298916149256
323.4883832259206,-0.9541622606758517,1.0000000000000002,3.4756634461771885,-2.2223842965987415,0.1912388696613904
323.67964378900876,-0.8619179559426179,1.0000000000000002,3.4483658364517265,-2.2223443111563688,0.24413376101871836
323.8694680673801,-0.764383233540297,1.0000000000000002,3.4210939687480897,-2.2227126639150914,0.2924009170874997
324.05781760003043,-0.6614173020650993,1.0000000000000002,3.3938519073273214,-2.2235011474024007,0.33672668926831595
324.2446539680446,-0.5528793541058616,1.0000000000000002,3.366643738974403,-2.2247215262005184,0.377797428961777
324.429938790381,-0.4386285661001787,1.0000000000000002,3.3394735746510165,-2.2263855365319007,0.41629948756843416
324.6136337184234,-0.31852409835926365,1.0,3.312345551304447,-2.2285048858765903,0.45291921648891575
324.7957004291965,-0.19242509527553928,1.0,3.2852638338448177,-2.23109125262119,0.4883429671237811
324.9761006171382,-0.06019068572770902,0.9999999999999999,3.2582326173037357,-2.2341562857389214,0.5232570908736435
325.1547959843131,0.0783200163012944,0.9999999999999999,3.231256129188174,-2.2377116044998617,0.5583479391390965
325.3317482289479,0.22324791087726714,0.9999999999999999,3.204338632044366,-2.241768798210068,0.5943018633207026
