galstreams/tracks/track.st.Jhelum.ibata2021.ecsv
# %ECSV 1.0
# ---
# datatype:
# - {name: ra, unit: deg, datatype: float64}
# - {name: dec, unit: deg, datatype: float64}
# - {name: distance, unit: kpc, datatype: float64}
# - {name: pm_ra_cosdec, unit: mas / yr, datatype: float64}
# - {name: pm_dec, unit: mas / yr, datatype: float64}
# - {name: radial_velocity, unit: km / s, datatype: float64}
# delimiter: ','
# meta: !!omap
# - __serialized_columns__:
#     dec:
#       __class__: astropy.coordinates.angles.Latitude
#       unit: &id001 !astropy.units.Unit {unit: deg}
#       value: !astropy.table.SerializedColumn {name: dec}
#     distance:
#       __class__: astropy.coordinates.distances.Distance
#       unit: !astropy.units.Unit {unit: kpc}
#       value: !astropy.table.SerializedColumn {name: distance}
#     pm_dec:
#       __class__: astropy.units.quantity.Quantity
#       unit: !astropy.units.Unit {unit: mas / yr}
#       value: !astropy.table.SerializedColumn {name: pm_dec}
#     pm_ra_cosdec:
#       __class__: astropy.units.quantity.Quantity
#       unit: !astropy.units.Unit {unit: mas / yr}
#       value: !astropy.table.SerializedColumn {name: pm_ra_cosdec}
#     ra:
#       __class__: astropy.coordinates.angles.Longitude
#       unit: *id001
#       value: !astropy.table.SerializedColumn {name: ra}
#       wrap_angle: !astropy.coordinates.Angle
#         unit: *id001
#         value: 360.0
#     radial_velocity:
#       __class__: astropy.units.quantity.Quantity
#       unit: !astropy.units.Unit {unit: km / s}
#       value: !astropy.table.SerializedColumn {name: radial_velocity}
# schema: astropy-2.0
ra,dec,distance,pm_ra_cosdec,pm_dec,radial_velocity
[from data line 2705]
328.2383169840357,-48.854857618303996,11.17246364517791,5.349637605883214,-6.221637479485745,-140.51111042399725
328.2242007825145,-48.850959139644715,11.172498655592067,5.348881685621825,-6.222204398709395,-141.6182998709447
328.2100873092823,-48.84705782766008,11.172532117904403,5.348127190834207,-6.222771003442096,-142.7279982500055
328.1959765658009,-48.84315368240892,11.172564030465113,5.3473741227750455,-6.223337294636852,-143.8402076890325
328.18186855353116,-48.83924670395038,11.172594391624383,5.346622482698404,-6.223903273247302,-144.95493031587992
328.1677632739327,-48.835336892343946,11.172623199732413,5.345872271857708,-6.224468940227713,-146.0721682584004
328.15366072846405,-48.83142424764945,11.172650453139399,5.3451234915057775,-6.225034296532987,-147.19192364444777
328.1395609185824,-48.827508769927064,11.172676150195526,5.344376142894787,-6.225599343118657,-148.31419860187486
328.12546384574387,-48.82359045923726,11.172700289250995,5.343630227276288,-6.226164080940892,-149.43899525853575
328.11136951140344,-48.819669315640894,11.172722868655997,5.342885745901213,-6.226728510956484,-150.56631574228288
328.09727791701494,-48.815745339199104,11.172743886760728,5.342142700019859,-6.227292634122858,-151.69616218097016
328.08318906403076,-48.811818529973394,11.17276334191538,5.341401090881891,-6.227856451398063,-152.8285367024515
328.0691029539024,-48.80788888802561,11.172781232470141,5.340660919736359,-6.22841996374078,-153.9634414345791
328.0550195880801,-48.8039564134179,11.172797556775215,5.339922187831677,-6.228983172110314,-155.1008785052074
328.0409389680129,-48.800021106212746,11.172812313180788,5.339184896415634,-6.229546077466592,-156.24085004218873
328.02686109514866,-48.796082966472994,11.172825500037058,5.338449046735386,-6.23010868077017,-157.38335817337764
328.012785970934,-48.79214199426179,11.172837115694215,5.337714640037467,-6.230670982982225,-158.52840502662656
327.9987135968145,-48.78819818964263,11.172847158502456,5.336981677567785,-6.231232985064551,-159.6759927297894
327.98464397423453,-48.78425155267934,11.172855626811975,5.3362501605716135,-6.231794687979567,-160.82612341071885
327.9705771046372,-48.78030208343604,11.172862518972961,5.335520090293596,-6.232356092690315,-161.9787991972692
327.9565129894644,-48.77634978197723,11.172867833335612,5.334791467977755,-6.232917200160456,-163.13402221729285
327.94245163015694,-48.77239464836772,11.172871568250121,5.334064294867485,-6.233478011354258,-164.2917945986441
327.92839302815446,-48.76843668267264,11.172873722066681,5.33333857220553,-6.234038527236622,-165.45211846917553
327.9143371848954,-48.76447588495746,11.172874293135486,5.3326143012340514,-6.2345987487730525,-166.61499595674061
327.9002841018169,-48.760512255287956,11.17287327980673,5.331891483194522,-6.235158676929676,-167.7804291891936
327.8862337803551,-48.75654579373028,11.172870680430604,5.331170119327844,-6.235718312673228,-168.9484202943866
327.8721862219448,-48.752576500350834,11.172866493357306,5.330450210874244,-6.236277656971062,-170.11897140017422
327.8581414280197,-48.74860437521644,11.172860716937024,5.329731759073347,-6.236836710791149,-171.29208463440875
327.84409940001234,-48.74462941839417,11.17285334951996,5.3290147651641435,-6.237395475102044,-172.46776212494422
327.8300601393539,-48.740651629951465,11.172844389456296,5.328299230384994,-6.237953950872951,-173.64600599963327
327.81602364747465,-48.73667100995607,11.17283383509624,5.327585155973614,-6.238512139073652,-174.82681838633022
327.80198992580347,-48.73268755847605,11.172821684789975,5.326872543167113,-6.239070040674555,-176.01020141288785
327.787958975768,-48.72870127557984,11.172807936887699,5.326161393201955,-6.23962765664667,-177.1961572071601
327.773930798795,-48.72471216133614,11.1727925897396,5.325451707313999,-6.240184987961609,-178.38468789699922
327.75990539630965,-48.720720215814005,11.172775641695877,5.324743486738436,-6.240742035591592,-179.5757956102595
327.7458827697362,-48.71672543908283,11.172757091106726,5.32403673270985,-6.241298800509446,-180.76948247479385
327.73186292049775,-48.712727831212284,11.172736936322337,5.323331446462204,-6.241855283688595,-181.96575061845581
327.717845850016,-48.7087273922724,11.172715175692906,5.322627629228806,-6.2424114861030695,-183.1646021690991
327.7038315597115,-48.70472412233353,11.172691807568622,5.321925282242347,-6.242967408727506,-184.36603925457652
327.6898200510038,-48.70071802146632,11.172666830299685,5.321224406734899,-6.24352305253713,-185.570064002742
327.675811325311,-48.69670908974176,11.17264024223628,5.320525003937884,-6.2440784185077804,-186.77667854144798
327.6618053840502,-48.692697327231166,11.172612041728609,5.319827075082102,-6.244633507615879,-187.98588499854918
327.64780222863726,-48.688682734006164,11.172582227126863,5.319130621397735,-6.245188320838453,-189.19768550189755
327.63380186048676,-48.6846653101387,11.172550796781236,5.318435644114309,-6.245742859153131,-190.4120821793477
327.6198042810123,-48.68064505570103,11.17251774904192,5.317742144460742,-6.246297123538123,-191.62907715875184
327.605809491626,-48.676621970765744,11.17248308225911,5.317050123665307,-6.246851114972242,-192.84867256796434
327.59181749373903,-48.67259605540576,11.172446794783,5.316359582955654,-6.2474048344349,-194.07087053483772
327.5778282887613,-48.6685673096943,11.17240888496378,5.315670523558809,-6.247958282906089,-195.29567318722567
327.5638418781013,-48.66453573370489,11.172369351151648,5.314982946701147,-6.248511461366406,-196.52308265298234
327.54985826316664,-48.66050132751142,11.172328191696797,5.314296853608424,-6.249064370797024,-197.75310105995962
327.5358774453637,-48.656464091188035,11.172285404949418,5.313612245505782,-6.249617012179712,-198.98573053601234
327.52189942609743,-48.652424024809264,11.172240989259713,5.312929123617693,-6.250169386496829,-200.22097320899252
327.50792420677175,-48.64838112844988,11.17219494297786,5.312247489168035,-6.250721494731327,-201.4588312067548
327.4939517887894,-48.644335402185035,11.172147264454068,5.31156734338003,-6.251273337866727,-202.69930665715154
327.4799821735519,-48.640286846090156,11.172097952038524,5.310888687476291,-6.251824916887149,-203.94240168803663
327.4660153624595,-48.63623546024102,11.172047004081422,5.310211522678774,-6.2523762327773,-205.18811842726305
327.4520513569113,-48.63218124471369,11.171994418932956,5.3095358502088335,-6.252927286522459,-206.43645900268484
327.4380901583052,-48.62812419958456,11.17194019494332,5.308861671287165,-6.253478079108498,-207.68742554215467
327.424131768038,-48.624064324930316,11.171884330462708,5.308188987133846,-6.2540286115218615,-208.9410201735266
