galstreams/tracks/track.st.M68-Fjorm.ibata2021.ecsv
# %ECSV 1.0
# ---
# datatype:
# - {name: ra, unit: deg, datatype: float64}
# - {name: dec, unit: deg, datatype: float64}
# - {name: distance, unit: kpc, datatype: float64}
# - {name: pm_ra_cosdec, unit: mas / yr, datatype: float64}
# - {name: pm_dec, unit: mas / yr, datatype: float64}
# - {name: radial_velocity, unit: km / s, datatype: float64}
# delimiter: ','
# meta: !!omap
# - __serialized_columns__:
#     dec:
#       __class__: astropy.coordinates.angles.Latitude
#       unit: &id001 !astropy.units.Unit {unit: deg}
#       value: !astropy.table.SerializedColumn {name: dec}
#     distance:
#       __class__: astropy.coordinates.distances.Distance
#       unit: !astropy.units.Unit {unit: kpc}
#       value: !astropy.table.SerializedColumn {name: distance}
#     pm_dec:
#       __class__: astropy.units.quantity.Quantity
#       unit: !astropy.units.Unit {unit: mas / yr}
#       value: !astropy.table.SerializedColumn {name: pm_dec}
#     pm_ra_cosdec:
#       __class__: astropy.units.quantity.Quantity
#       unit: !astropy.units.Unit {unit: mas / yr}
#       value: !astropy.table.SerializedColumn {name: pm_ra_cosdec}
#     ra:
#       __class__: astropy.coordinates.angles.Longitude
#       unit: *id001
#       value: !astropy.table.SerializedColumn {name: ra}
#       wrap_angle: !astropy.coordinates.Angle
#         unit: *id001
#         value: 360.0
#     radial_velocity:
#       __class__: astropy.units.quantity.Quantity
#       unit: !astropy.units.Unit {unit: km / s}
#       value: !astropy.table.SerializedColumn {name: radial_velocity}
# schema: astropy-2.0
ra,dec,distance,pm_ra_cosdec,pm_dec,radial_velocity
[from data line 8496]
206.9283439794624,37.62473483454273,5.643895153026874,-0.5685294685344005,5.687573051817661,-77.73510356101043
206.93351750680793,37.63404240259964,5.64378319294839,-0.5676482469212889,5.687940722409021,-77.73475347137168
206.938692774081,37.643349609823005,5.643671255367204,-0.5667668305032585,5.688308076498915,-77.73440129411156
206.94386978216912,37.65265645601296,5.643559340355768,-0.5658852192408861,5.688675113928831,-77.73404702920249
206.94904853196036,37.66196294096949,5.64344744798652,-0.565003413094741,5.6890418345402125,-77.7336906766168
206.95422902434328,37.67126906449246,5.643335578331905,-0.5641214120254125,5.689408238174435,-77.73333223632703
206.95941126020702,37.680574826381545,5.643223731464363,-0.5632392159934794,5.689774324672813,-77.7329717083055
206.96459524044127,37.68988022643631,5.643111907456337,-0.562356824959529,5.69014009387661,-77.73260909252464
206.9697809659362,37.699185264456126,5.643000106380274,-0.5614742388841512,5.690505545627025,-77.73224438895696
206.97496843758262,37.708489940240234,5.6428883283086115,-0.5605914577279392,5.690870679765203,-77.73187759757475
206.9801576562718,37.71779425358774,5.642776573313796,-0.5597084814514903,5.691235496132231,-77.73150871835043
206.98534862289563,37.72709820429758,5.642664841468268,-0.5588253100154037,5.691599994569126,-77.7311377512565
206.99054133834647,37.736401792168536,5.642553132844472,-0.5579419433802837,5.691964174916858,-77.73076469626534
206.99573580351725,37.745705016999274,5.64244144751485,-0.5570583815067343,5.692328037016339,-77.73038955334934
207.00093201930147,37.75500787858824,5.642329785551844,-0.5561746243553642,5.692691580708414,-77.73001232248095
207.00612998659318,37.76431037673379,5.642218147027898,-0.55529067188679,5.6930548058338735,-77.72963300363257
207.01132970628697,37.7736125112341,5.642106532015457,-0.5544065240616236,5.693417712233448,-77.72925159677662
207.01653117927788,37.78291428188723,5.641994940586958,-0.5535221808404889,5.693780299747812,-77.72886810188547
207.0217344064617,37.79221568849102,5.64188337281485,-0.5526376421840054,5.694142568217574,-77.72848251893161
207.02693938873458,37.80151673084325,5.641771828771572,-0.5517529080528001,5.694504517483294,-77.72809484788739
207.0321461269933,37.81081740874146,5.641660308529568,-0.5508679784075055,5.694866147385463,-77.72770508872526
207.03735462213515,37.82011772198307,5.64154881216128,-0.5499828532087578,5.69522745776452,-77.72731324141766
207.04256487505805,37.82941767036537,5.641437339739153,-0.549097532417191,5.695588448460836,-77.72691930593699
207.0477768866604,37.83871725368549,5.641325891335628,-0.5482120159934465,5.695949119314735,-77.72652328225561
207.05299065784112,37.84801647174039,5.641214467023146,-0.5473263038981697,5.696309470166471,-77.726125170346
207.05820618949977,37.85731532432686,5.641103066874154,-0.5464403960920103,5.696669500856243,-77.72572497018058
207.06342348253636,37.866613811241606,5.640991690961093,-0.5455542925356234,5.697029211224189,-77.7253226817317
207.0686425378516,37.87591193228111,5.640880339356405,-0.5446679931896612,5.697388601110392,-77.72491830497182
207.07386335634655,37.885209687241755,5.640769012132533,-0.5437814980147855,5.697747670354873,-77.72451183987332
207.079085938923,37.89450707591971,5.640657709361921,-0.5428948069716624,5.698106418797586,-77.7241032864087
207.08431028648315,37.903804098111074,5.640546431117011,-0.5420079200209575,5.698464846278442,-77.72369264455028
207.08953639992987,37.91310075361169,5.640435177470246,-0.5411208371233469,5.698822952637274,-77.72327991427055
207.09476428016652,37.92239704221733,5.640323948494068,-0.5402335582395059,5.699180737713868,-77.72286509554186
207.099993928097,37.93169296372359,5.640212744260921,-0.5393460833301118,5.699538201347947,-77.72244818833666
207.10522534462584,37.94098851792591,5.640101564843247,-0.5384584123558538,5.699895343379171,-77.72202919262736
207.110458530658,37.950283704619565,5.63999041031349,-0.5375705452774171,5.700252163647145,-77.72160810838643
207.11569348709912,37.959578523599696,5.6398792807440925,-0.536682482055499,5.70060866199141,-77.72118493558617
207.1209302148553,37.96887297466126,5.639768176207497,-0.5357942226507908,5.70096483825145,-77.72075967419907
207.12616871483323,37.97816705759909,5.639657096776144,-0.5349057670240018,5.701320692266691,-77.72033232419754
207.1314089879402,37.98746077220785,5.639546042522479,-0.5340171151358319,5.70167622387649,-77.71990288555399
207.13665103508393,37.996754118282055,5.639435013518947,-0.5331282669469957,5.702031432920151,-77.71947135824082
207.14189485717287,38.00604709561609,5.639324009837985,-0.5322392224182049,5.702386319236922,-77.71903774223044
207.14714045511587,38.015339704004106,5.63921303155204,-0.531349981510179,5.702740882665982,-77.71860203749533
207.15238782982243,38.0246319432402,5.639102078733553,-0.5304605441836436,5.703095123046457,-77.71816424400781
207.15763698220255,38.03392381311824,5.638991151454968,-0.5295709103993262,5.703449040217403,-77.7177243617404
207.16288791316683,38.04321531343197,5.63888024978873,-0.5286810801179587,5.703802634017826,-77.71728239066543
207.16814062362639,38.05250644397499,5.638769373807276,-0.5277910533002803,5.70415590428667,-77.7168383307553
207.17339511449293,38.06179720454071,5.638658523583054,-0.526900829907031,5.704508850862812,-77.71639218198254
207.1786513866787,38.0710875949224,5.638547699188502,-0.5260104098989613,5.704861473585078,-77.71594394431946
207.18390944109652,38.080377614913196,5.638436900696068,-0.5251197932368221,5.705213772292225,-77.71549361773855
207.1891692786598,38.089667264306065,5.638326128178194,-0.5242289798813666,5.705565746822954,-77.7150412022121
207.19443090028238,38.098956542893795,5.638215381707318,-0.5233379697933569,5.705917397015909,-77.7145866977127
207.19969430687885,38.10824545046906,5.638104661355886,-0.5224467629335594,5.706268722709663,-77.71413010421263
207.20495949936415,38.11753398682432,5.637993967196343,-0.5215553592627482,5.706619723742736,-77.7136714216844
207.210226478654,38.12682215175195,5.63788329930113,-0.5206637587416947,5.706970399953587,-77.71321065010032
207.21549524566447,38.136109945044105,5.637772657742688,-0.5197719613311853,5.707320751180612,-77.71274778943288
207.22076580131235,38.14539736649284,5.637662042593463,-0.5188799669920008,5.7076707772621464,-77.71228283965449
207.22603814651495,38.15468441589,5.637551453925895,-0.5179877756849338,5.7080204780364685,-77.71181580073754
207.23131228219006,38.163971093027314,5.637440891812428,-0.5170953873707802,5.708369853341793,-77.71134667265447
207.2365882092561,38.17325739769633,5.637330356325506,-0.5162028020103455,5.708718903016269,-77.7108754553777
207.2418659286321,38.18254332968844,5.63721984753757,-0.5153100195644309,5.709067626897994,-77.7104021488796
207.24714544123754,38.1918288887949,5.637109365521064,-0.514417039993853,5.709416024824996,-77.7099267531326
207.25242674799256,38.2011140748068,5.636998910348429,-0.5135238632594237,5.709764096635248,-77.7094492681092
207.25770984981781,38.21039888751507,5.63688848209211,-0.512630489321968,5.710111842166661,-77.70896969378171
207.2629947476345,38.219683326710474,5.636778080824549,-0.511736918142315,5.710459261257082,-77.70848803012254
207.26828144236447,38.228967392183606,5.63666770661819,-0.5108431496812953,5.710806353744297,-77.7080042771042
207.27356993493004,38.23825108372495,5.636557359545472,-0.5099491838997485,5.711153119466034,-77.70751843469901
207.27886022625412,38.24753440112479,5.636447039678843,-0.5090550207585238,5.711499558259955,-77.70703050287945
207.28415231726026,38.256817344173285,5.636336747090741,-0.5081606602184614,5.711845669963667,-77.7065404816179
207.28944620887245,38.26609991266039,5.636226481853613,-0.5072661022404237,5.712191454414707,-77.70604837088683
207.29474190201532,38.27538210637594,5.636116244039899,-0.50637134678527,5.7125369114505595,-77.70555417065854
207.30003939761409,38.28466392510961,5.636006033722042,-0.5054763938138631,5.712882040908648,-77.70505788090554
207.30533869659442,38.293945368650895,5.635895850972488,-0.504581243287082,5.713226842626318,-77.70455950160024
207.31063979988275,38.30322643678915,5.6357856958636745,-0.5036858951657983,5.713571316440876,-77.70405903271504
207.31594270840588,38.31250712931359,5.6356755684680495,-0.5027903494108994,5.7139154621895525,-77.70355647422241
207.32124742309128,38.32178744601319,5.635565468858052,-0.5018946059832752,5.7142592797095215,-77.70305182609464
207.326553944867,38.33106738667688,5.635455397106127,-0.50099866484382,5.714602768837894,-77.70254508830422
207.33186227466157,38.34034695109334,5.635345353284717,-0.5001025259534355,5.714945929411716,-77.7020362608236
207.3371724134042,38.349626139051125,5.635235337466262,-0.4992061892730266,5.715288761267983,-77.70152534362512
207.3424843620246,38.35890495033866,5.635125349723209,-0.49830965476351263,5.715631264243611,-77.70101233668117
207.34779812145305,38.36818338474414,5.635015390128,-0.4974129223858088,5.71597343817547,-77.70049723996429
207.35311369262047,38.37746144205568,5.634905458753076,-0.49651599210084196,5.716315282900361,-77.69998005344684
207.35843107645823,38.386739122061165,5.634795555670882,-0.49561886386954157,5.71665679825502,-77.69946077710125
207.36375027389835,38.396016424548364,5.634685680953858,-0.4947215376528509,5.716997984076132,-77.69893941089985
207.36907128587345,38.405293349304884,5.634575834674448,-0.49382401341170823,5.717338840200306,-77.69841595481515
207.37439411331664,38.41456989611816,5.634466016905096,-0.49292629110706176,5.7176793664641,-77.69789040881955
207.37971875716164,38.42384606477546,5.634356227718245,-0.49202837069988004,5.7180195627040025,-77.6973627728854
207.38504521834275,38.4331218550639,5.634246467186334,-0.49113025215111294,5.718359428756443,-77.6968330469852
207.39037349779485,38.44239726677044,5.634136735381812,-0.4902319354217397,5.71869896445779,-77.69630123109133
207.39570359645333,38.451672299681874,5.634027032377117,-0.48933342047272976,5.719038169644347,-77.69576732517619
207.40103551525428,38.46094695358485,5.633917358244693,-0.48843470726506766,5.719377044152358,-77.69523132921222
207.40636925513422,38.47022122826583,5.633807713056983,-0.4875357957597424,5.719715587818003,-77.69469324317181
207.4117048170303,38.47949512351112,5.633698096886431,-0.48663668591775133,5.720053800477395,-77.6941530670274
207.41704220188032,38.48876863910689,5.633588509805477,-0.4857373777000933,5.7203916819665945,-77.69361080075137
207.4223814106225,38.49804177483911,5.633478951886568,-0.48483787106777987,5.720729232121588,-77.69306644431619
207.4277224441958,38.50731453049362,5.633369423202143,-0.48393816598182227,5.721066450778313,-77.69251999769426
207.43306530353962,38.516586905856116,5.633259923824646,-0.48303826240324765,5.721403337772628,-77.69197146085797
207.43840998959402,38.52585890071206,5.633150453826519,-0.48213816029308143,5.721739892940343,-77.69142083377969
207.44375650329962,38.53513051484682,5.6330410132802085,-0.481237859612361,5.722076116117197,-77.69086811643194
207.4491048455976,38.54440174804556,5.632931602258154,-0.4803373603221286,5.722412007138871,-77.69031330878708
207.45445501742964,38.55367260009332,5.632822220832797,-0.47943666238343496,5.7227475658409785,-77.68975641081758
207.4598070197382,38.56294307077498,5.6327128690765855,-0.4785357657573335,5.723082792059074,-77.68919742249574
207.46516085346613,38.57221315987519,5.632603547061955,-0.4776346704048926,5.723417685628648,-77.68863634379409
207.47051651955695,38.58148286717851,5.632494254861356,-0.47673337628717904,5.723752246385125,-77.68807317468496
207.47587401895473,38.5907521924693,5.632384992547226,-0.4758318833652728,5.724086474163874,-77.68750791514083
207.48123335260408,38.600021135531776,5.632275760192011,-0.4749301916002584,5.724420368800191,-77.68694056513408
207.4865945214503,38.60928969615,5.632166557868151,-0.474028300953226,5.7247539301293155,-77.68637112463713
207.49195752643914,38.61855787410786,5.632057385648092,-0.4731262113852752,5.725087157986423,-77.68579959362242
207.49732236851702,38.62782566918902,5.631948243604274,-0.4722239228575158,5.7254200522066245,-77.68522597206234
207.5026890486309,38.6370930811771,5.631839131809139,-0.4713214353310602,5.725752612624971,-77.68465025992924
207.50805756772832,38.64636010985546,5.631730050335134,-0.47041874876702927,5.726084839076441,-77.6840724571957
207.5134279267574,38.65562675500734,5.631620999254701,-0.46951586312655325,5.726416731395961,-77.68349256383402
207.51880012666692,38.664893016415824,5.631511978640278,-0.4686127783707641,5.72674828941839,-77.68291057981659
207.5241741684061,38.67415889386378,5.631402988564313,-0.46770949446080845,5.727079512978518,-77.68232650511592
207.52955005292486,38.68342438713398,5.631294029099245,-0.4668060113578387,5.727410401911079,-77.68174033970435
207.53492778117362,38.69268949600899,5.631185100317522,-0.46590232902301265,5.72774095605074,-77.68115208355437
207.54030735410345,38.7019542202712,5.63107620229158,-0.46499844741749685,5.728071175232104,-77.68056173663828
207.54568877266595,38.71121855970289,5.630967335093868,-0.4640943665024668,5.728401059289713,-77.67996929892858
207.55107203781336,38.720482514086136,5.630858498796826,-0.4631900862390994,5.728730608058042,-77.67937477039773
207.55645715049846,38.72974608320285,5.630749693472896,-0.4622856065885901,5.729059821371507,-77.67877815101801
207.5618441116746,38.73900926683478,5.630640919194524,-0.46138092751213566,5.729388699064451,-77.67817944076195
207.56723292229574,38.748272064763526,5.630532176034149,-0.46047604897094185,5.729717240971163,-77.67757863960192
207.57262358331644,38.75753447677051,5.630423464064215,-0.45957097092621746,5.730045446925864,-77.67697574751033
207.57801609569185,38.766796502636986,5.630314783357167,-0.45866569333918905,5.73037331676271,-77.67637076445963
207.58341046037768,38.77605814214407,5.630206133985444,-0.4577602161710841,5.730700850315797,-77.67576369042216
207.58880667833017,38.785319395072655,5.630097516021495,-0.45685453938313936,5.731028047419148,-77.67515452537046
207.5942047505063,38.79458026120354,5.629988929537754,-0.4559486629366001,5.731354907906736,-77.67454326927678
207.5996046778635,38.803840740317305,5.629880374606671,-0.4550425867927195,5.73168143161246,-77.67392992211367
207.6050064613598,38.81310083219437,5.629771851300688,-0.4541363109127663,5.732007618370149,-77.67331448385352
207.6104101019539,38.822360536615044,5.629663359692244,-0.45322983525799954,5.732333468013585,-77.67269695446872
207.61581560060503,38.8316198533594,5.629554899853785,-0.45232315978970483,5.732658980376471,-77.67207733393165
207.621222958273,38.840878782207355,5.629446471857752,-0.45141628446916915,5.7329841552924545,-77.67145562221482
207.62663217591822,38.8501373229387,5.62933807577659,-0.45050920925768567,5.73330899259511,-77.67083181929056
207.6320432545017,38.85939547533305,5.629229711682739,-0.4496019341165587,5.733633492117957,-77.67020592513136
207.63745619498505,38.86865323916983,5.6291213796486455,-0.4486944590070965,5.733957653694443,-77.66957793970951
207.64287099833047,38.87791061422829,5.6290130797467475,-0.44778678389062376,5.734281477157959,-77.66894786299756
207.64828766550065,38.88716760028755,5.628904812049494,-0.4468789087284719,5.734604962341818,-77.66831569496793
207.65370619745903,38.89642419712655,5.6287965766293215,-0.4459708334819741,5.7349281090792825,-77.66768143559293
207.65912659516954,38.90568040452404,5.628688373558677,-0.4450625581124785,5.735250917203542,-77.667045084845
207.66454885959672,38.914936222258646,5.62858020291,-0.4441540825813397,5.735573386547729,-77.66640664269659
207.6699729917057,38.92419165010879,5.628472064755739,-0.4432454068499241,5.735895516944899,-77.66576610912017
207.67539899246225,38.93344668785274,5.62836395916833,-0.4423365308796017,5.7362173082280545,-77.66512348408799
207.68082686283265,38.94270133526858,5.62825588622022,-0.4414274546317549,5.736538760230125,-77.66447876757263
