galstreams/tracks/track.st.Gaia-2.ibata2021.ecsv
# %ECSV 0.9
# ---
# datatype:
# - {name: ra, unit: deg, datatype: float64}
# - {name: dec, unit: deg, datatype: float64}
# - {name: distance, unit: kpc, datatype: float64}
# - {name: pm_ra_cosdec, unit: mas / yr, datatype: float64}
# - {name: pm_dec, unit: mas / yr, datatype: float64}
# - {name: radial_velocity, unit: km / s, datatype: float64}
# delimiter: ','
# meta: !!omap
# - __serialized_columns__:
#     dec:
#       __class__: astropy.coordinates.angles.Latitude
#       unit: &id001 !astropy.units.Unit {unit: deg}
#       value: !astropy.table.SerializedColumn {name: dec}
#     distance:
#       __class__: astropy.coordinates.distances.Distance
#       unit: !astropy.units.Unit {unit: kpc}
#       value: !astropy.table.SerializedColumn {name: distance}
#     pm_dec:
#       __class__: astropy.units.quantity.Quantity
#       unit: !astropy.units.Unit {unit: mas / yr}
#       value: !astropy.table.SerializedColumn {name: pm_dec}
#     pm_ra_cosdec:
#       __class__: astropy.units.quantity.Quantity
#       unit: !astropy.units.Unit {unit: mas / yr}
#       value: !astropy.table.SerializedColumn {name: pm_ra_cosdec}
#     ra:
#       __class__: astropy.coordinates.angles.Longitude
#       unit: *id001
#       value: !astropy.table.SerializedColumn {name: ra}
#       wrap_angle: !astropy.coordinates.Angle
#         unit: *id001
#         value: 360.0
#     radial_velocity:
#       __class__: astropy.units.quantity.Quantity
#       unit: !astropy.units.Unit {unit: km / s}
#       value: !astropy.table.SerializedColumn {name: radial_velocity}
# schema: astropy-2.0
ra,dec,distance,pm_ra_cosdec,pm_dec,radial_velocity
1.8375177435965913,-8.453090649276424,7.017003795725475,0.3172546843410116,0.584906202566031,3.684085619319148e-15
1.8412874268880268,-8.462579957033318,7.016479773016193,0.31418102067088405,0.5805042953484675,3.1577876737021266e-15
1.845061567885327,-8.47206662560851,7.015958113616215,0.3111181310857734,0.5761155996507419,3.684085619319148e-15
1.8488401611574687,-8.481550658386144,7.015438814135938,0.30806600097292497,0.5717400996367296,2.6314897280851058e-15
1.8526232012735973,-8.49103205875049,7.014921871185758,0.30502461571941536,0.5673777794704333,3.1577876737021266e-15
1.856410682802925,-8.500510830085773,7.014407281376072,0.30199396071214757,0.5630286233159827,3.1577876737021266e-15
1.860202600314641,-8.509986975776044,7.013895041317279,0.2989740213378504,0.5586926153376357,2.6314897280851058e-15
1.8639989483781296,-8.519460499205517,7.013385147619778,0.29596478298307666,0.5543697396997799,2.6314897280851058e-15
1.8677997215627138,-8.528931403758166,7.012877596893961,0.2929662310342002,0.5500599805669341,2.6314897280851058e-15
1.8716049144378764,-8.538399692818095,7.012372385750229,0.2899783508774149,0.5457633221037487,3.684085619319148e-15
1.8754145215731621,-8.547865369769356,7.011869510798979,0.2870011278987311,0.5414797484750076,3.1577876737021266e-15
1.8792285375380864,-8.557328437995842,7.011368968650607,0.284034547483976,0.5372092438456278,2.6314897280851058e-15
1.8830469569023456,-8.566788900881594,7.01087075591551,0.28107859501879007,0.5329517923806631,3.1577876737021266e-15
1.8868697742355753,-8.57624676181043,7.010374869204091,0.2781332558886248,0.5287073782453017,2.6314897280851058e-15
1.890696984107558,-8.585702024166277,7.009881305126739,0.27519851547874374,0.5244759856048716,2.6314897280851058e-15
1.8945285810881303,-8.59515469133304,7.009390060293857,0.27227435917421616,0.5202575986248372,2.6314897280851058e-15
1.8983645597470946,-8.604604766694434,7.0089011313158425,0.26936077235991884,0.5160522014708029,2.6314897280851058e-15
1.9022049146543958,-8.6140522536343,7.008414514803087,0.2664577404205331,0.5118597783085135,3.1577876737021266e-15
1.9060496403800289,-8.623497155536441,7.0079302073659955,0.2635652487405425,0.5076803133038551,4.210383564936169e-15
1.9098987314939515,-8.63293947578448,7.007448205614959,0.26068328270423213,0.5035137906228561,3.684085619319148e-15
1.913752182566284,-8.64237921776221,7.006968506160379,0.2578118276956857,0.49936019443168805,2.6314897280851058e-15
1.9176099881670763,-8.651816384853191,7.00649110561265,0.25495086909878517,0.49521950889666655,2.6314897280851058e-15
1.9214721428665145,-8.661250980441096,7.006016000582171,0.2521003922972079,0.4910917181842523,2.6314897280851058e-15
1.9253386412348263,-8.670683007909581,7.00554318767934,0.2492603826744248,0.48697680646105174,3.1577876737021266e-15
1.9292094778421947,-8.680112470642117,7.005072663514553,0.24643082561370067,0.4828747578938182,3.1577876737021266e-15
1.9330846472589291,-8.689539372022283,7.004604424698208,0.2436117064980901,0.4787855566494523,3.1577876737021266e-15
1.9369641440553826,-8.698963715433644,7.004138467840702,0.2408030107104378,0.4747091868950034,3.1577876737021266e-15
1.9408479628018498,-8.70838550425958,7.00367478955243,0.2380047236333758,0.4706456327976698,2.1051917824680845e-15
1.9447360980687882,-8.717804741883626,7.003213386443793,0.2352168306493219,0.46659487852479936,2.8946387008936164e-15
1.9486285444265665,-8.727221431689115,7.002754255125189,0.23243931714047963,0.4625569082438914,2.8946387008936164e-15
1.9525252964456776,-8.736635577059479,7.002297392207011,0.2296721684888347,0.45853170612259603,2.368340755276595e-15
1.9564263486966467,-8.746047181378128,7.00184279429966,0.226915370076155,0.454519256328716,2.368340755276595e-15
1.960331695749937,-8.755456248028294,7.001390458013531,0.22416890728398875,0.45051954303020664,2.368340755276595e-15
1.9642413321761354,-8.76486278039333,7.000940379959023,0.22143276549366217,0.4465325503951764,2.8946387008936164e-15
1.9681552525458523,-8.774266781856563,7.000492556746531,0.21870693008627967,0.442558262591889,2.8946387008936164e-15
1.9720734514296356,-8.783668255801137,7.000046984986458,0.215991386442721,0.4385966637887621,2.8946387008936164e-15
1.9759959233981794,-8.793067205610372,6.999603661289193,0.213286119943641,0.434647738154369,2.8946387008936164e-15
1.9799226630220768,-8.802463634667353,6.999162582265141,0.21059111596946745,0.4307114698574394,2.368340755276595e-15
1.9838536648720366,-8.811857546355299,6.998723744524692,0.2079063599004,0.4267878430668601,2.1051917824680845e-15
1.9877889235187884,-8.821248944057393,6.99828714467825,0.20523183711640866,0.42287684195167397,3.1577876737021266e-15
1.99172843353299,-8.830637831156649,6.997852779336211,0.20256753299723293,0.4189784506810824,2.8946387008936164e-15
1.9956721894854021,-8.840024211036194,6.99742064510897,0.19991343292238056,0.41509265342444535,2.368340755276595e-15
1.9996201859468095,-8.849408087079137,6.996990738606923,0.19726952227112596,0.41121943435128144,1.842042809659574e-15
2.0035724174879146,-8.858789462668405,6.996563056440474,0.19463578642250795,0.40735877763126815,2.368340755276595e-15
2.0075288786795604,-8.868168341187104,6.996137595220014,0.19201221075533143,0.40351066743424385,2.368340755276595e-15
2.0114895640924755,-8.877544726018115,6.9957143515559395,0.18939878064816357,0.39967508793020673,2.368340755276595e-15
2.015454468297493,-8.886918620544442,6.995293322058655,0.18679548147933336,0.3958520232893156,1.842042809659574e-15
2.0194235858654532,-8.896290028149059,6.99487450333855,0.18420229862693105,0.392041457681891,1.842042809659574e-15
2.023396911367114,-8.905658952214768,6.994457892006028,0.18161921746880627,0.38824337527841446,2.6314897280851058e-15
2.0273744393733324,-8.91502539612451,6.994043484671482,0.1790462233825672,0.38445776024953005,1.842042809659574e-15
2.0313561644549663,-8.92438936326117,6.993631277945314,0.1764833017455798,0.38068459676604405,2.6314897280851058e-15
2.035342081182793,-8.9337508570075,6.993221268437915,0.1739304379349667,0.3769238689989263,1.842042809659574e-15
2.0393321841277054,-8.943109880746391,6.992813452759686,0.17138761732760543,0.3731755611193084,2.368340755276595e-15
2.0433264678604828,-8.952466437860538,6.992407827521028,0.1688548253001284,0.3694396572984862,2.6314897280851058e-15
2.0473249269519918,-8.96182053173275,6.99200438933233,0.166332047228921,0.3657161417079194,1.842042809659574e-15
2.0513275559730966,-8.971172165745811,6.991603134803995,0.1638192684901215,0.3620049985192315,2.6314897280851058e-15
2.05533434949457,-8.980521343282344,6.991204060546418,0.1613164744596195,0.35830621190421075,2.1051917824680845e-15
2.0593453020872703,-8.989868067725093,6.990807163169999,0.15882365051305472,0.35461976603480927,2.1051917824680845e-15
2.063360408322048,-8.999212342456769,6.990412439285136,0.15634078202581775,0.3509456450831449,2.1051917824680845e-15
2.0673796627696563,-9.008554170859938,6.990019885502219,0.15386785437304662,0.34728383322149986,1.842042809659574e-15
2.071403060000964,-9.01789355631732,6.989629498431653,0.15140485292962783,0.34363431462232186,2.6314897280851058e-15
2.075430594586706,-9.027230502211427,6.989241274683835,0.1489517630701948,0.33999707345822455,1.842042809659574e-15
2.0794622610976976,-9.036565011924901,6.988855210869156,0.14650857016912727,0.3363720939019863,2.1051917824680845e-15
2.0834980541047408,-9.045897088840356,6.98847130359802,0.14407525960055018,0.33275936012655194,2.368340755276595e-15
2.087537968178535,-9.055226736340243,6.98808954948082,0.14165181673833357,0.32915885630503283,2.1051917824680845e-15
2.0915819978898527,-9.064553957807139,6.987709945127957,0.13923822695609053,0.3255705666107048,2.6314897280851058e-15
2.095630137809454,-9.07387875662361,6.987332487149825,0.13683447562717793,0.3219944752170111,2.368340755276595e-15
2.099682382507984,-9.083201136172043,6.986957172156822,0.13444054812469433,0.31843056629756095,1.5788938368510633e-15
2.1037387265561955,-9.092521099835002,6.986583996759348,0.1320564298214806,0.3148788240261299,2.6314897280851058e-15
2.1077991645246996,-9.101838650994866,6.9862129575677985,0.12968210609011818,0.31133923257665963,1.5788938368510633e-15
2.1118636909841713,-9.111153793034099,6.98584405119257,0.12731756230292876,0.3078117761232584,2.1051917824680845e-15
2.115932300505268,-9.12046652933518,6.985477274244061,0.12496278383197364,0.30429643884020147,1.842042809659574e-15
2.120004987658531,-9.129776863280412,6.985112623332667,0.12261775604905331,0.30079320490192973,2.8946387008936164e-15
2.1240817470145648,-9.139084798252231,6.984750095068788,0.1202824643257067,0.2973020584830511,2.368340755276595e-15
2.128162573143947,-9.148390337633057,6.98438968606282,0.11795689403321,0.29382298375833976,2.368340755276595e-15
2.1322474606171413,-9.157693484805145,6.984031392925162,0.11564103054257735,0.290355964902736,2.368340755276595e-15
2.136336404004695,-9.166994243150928,6.983675212266205,0.11333485922455928,0.28690098609134734,1.842042809659574e-15
2.1404293978770097,-9.176292616052637,6.983321140696356,0.1110383654496418,0.2834580314994461,2.368340755276595e-15
2.1445264368045454,-9.185588606892626,6.982969174826006,0.10875153458804762,0.2800270853024722,2.1051917824680845e-15
2.148627515357725,-9.194882219053238,6.982619311265553,0.10647435200973396,0.276608131676031,1.5788938368510633e-15
2.15273262810685,-9.204173455916656,6.982271546625396,0.10420680308439283,0.27320115479589374,2.1051917824680845e-15
2.1568417696222744,-9.213462320865197,6.98192587751593,0.10194887318145059,0.26980613883799753,2.1051917824680845e-15
2.1609549344743177,-9.222748817281158,6.981582300547555,0.09970054767006688,0.2664230679784451,1.842042809659574e-15
2.1650721172331675,-9.232032948546687,6.981240812330668,0.09746181191913525,0.2630519263935049,1.842042809659574e-15
2.169193312469095,-9.241314718044105,6.980901409475663,0.09523265129728152,0.25969269825961,1.5788938368510633e-15
2.1733185147522076,-9.250594129155534,6.980564088592942,0.09301305117286532,0.2563453677533599,2.1051917824680845e-15
2.1774477186526653,-9.259871185263226,6.980228846292899,0.09080299691397725,0.2530099190515177,1.3157448640425529e-15
2.18158091874058,-9.269145889749417,6.979895679185933,0.08860247388844011,0.24968633633101145,1.5788938368510633e-15
2.18571810958593,-9.278418245996196,6.97956458388244,0.08641146746380887,0.24637460376893397,1.842042809659574e-15
2.189859285758742,-9.287688257385787,6.979235556992818,0.08422996300736886,0.24307470554254146,1.842042809659574e-15
2.1940044418289926,-9.296955927300392,6.978908595127466,0.08205794588613703,0.2397866258292548,1.5788938368510633e-15
2.198153572366515,-9.306221259122065,6.97858369489678,0.07989540146686064,0.23651034880665783,2.6314897280851058e-15
2.2023066719412236,-9.31548425623306,6.9782608529111565,0.07774231511601762,0.23324585865249786,2.1051917824680845e-15
2.2064637351228558,-9.324744922015395,6.977940065780992,0.0755986721998164,0.22999313954468523,2.1051917824680845e-15
2.2106247564811863,-9.33400325985126,6.977621330116687,0.07346445808419458,0.22675217566129244,1.5788938368510633e-15
2.2147897305859385,-9.343259273122804,6.977304642528636,0.07133965813482081,0.22352295118055462,2.1051917824680845e-15
2.218958652006695,-9.352512965212057,6.976989999627239,0.06922425771709245,0.22030545028086815,1.7104683232553186e-15
2.223131515313065,-9.361764339501157,6.976677398022891,0.06711824219613668,0.21709965714079157,1.5788938368510633e-15
2.227308315074608,-9.371013399372256,6.976366834325989,0.06502159693681012,0.21390555593904412,2.2367662688723396e-15
2.231489045860733,-9.380260148207343,6.976058305146934,0.06293430730369862,0.2107231308545052,2.1051917824680845e-15
2.2356737022409088,-9.389504589388604,6.975751807096119,0.06085635866111749,0.20755236606621544,1.3157448640425529e-15
2.2398622787844262,-9.398746726298016,6.975447336783945,0.058787736373110355,0.20439324575337392,1.7104683232553186e-15
2.244054770060602,-9.407986562317705,6.975144890820804,0.056728425803450944,0.20124575409533996,1.7104683232553186e-15
2.2482511706386927,-9.417224100829783,6.9748444658171,0.05467841231564127,0.1981098752716312,1.842042809659574e-15
2.2524514750878,-9.426459345216227,6.974546058383226,0.05263768127291224,0.19498559346192368,1.5788938368510633e-15
2.256655677977049,-9.435692298859138,6.97424966512958,0.050606218038224425,0.19187289284605122,1.9736172960638294e-15
2.2608637738755033,-9.444922965140632,6.973955282666561,0.04858400797426657,0.18877175760400486,1.842042809659574e-15
2.2650757573520632,-9.454151347442664,6.973662907604566,0.046571036443457135,0.1856821719159323,1.3157448640425529e-15
2.269291622975684,-9.463377449147384,6.973372536553989,0.04456728880794314,0.1826041199621376,2.1051917824680845e-15
2.2735113653151298,-9.472601273636755,6.973084166125231,0.04257275042960096,0.17953758592307983,1.842042809659574e-15
2.2777349789391867,-9.48182282429287,6.972797792928689,0.040587406670036144,0.17648255397937382,1.842042809659574e-15
2.2819624584165634,-9.49104210449783,6.972513413574758,0.038611242890583625,0.17343900831178832,1.4473193504468082e-15
2.286193798315812,-9.500259117633586,6.972231024673838,0.03664424445230787,0.17040693310124597,1.4473193504468082e-15
2.2904289932054938,-9.509473867082239,6.971950622836325,0.03468639671600225,0.1673863125288223,1.5788938368510633e-15
2.2946680376540987,-9.518686356225889,6.9716722046726165,0.032737685042191156,0.16437713077574595,1.7104683232553186e-15
2.298910926229948,-9.527896588446495,6.971395766793109,0.030798094791127852,0.161379372023397,1.5788938368510633e-15
2.303157653501409,-9.537104567126203,6.971121305808201,0.028867611322796027,0.1583930204533066,1.4473193504468082e-15
2.307408214036644,-9.546310295646972,6.9708488183282915,0.026946219996909708,0.15541806024715668,1.842042809659574e-15
2.3116626024038287,-9.55551377739091,6.970578300963773,0.02503390617291354,0.15245447558677866,1.5788938368510633e-15
2.3159208131710605,-9.564715015740132,6.970309750325047,0.02313065520998262,0.14950225065415335,1.7104683232553186e-15
2.3201828409062557,-9.573914014076601,6.970043163022511,0.021236452467023617,0.14656136963140956,1.5788938368510633e-15
2.3244486801773476,-9.583110775782444,6.969778535666559,0.01935128330267392,0.14363181670082395,1.4473193504468082e-15
2.328718325552179,-9.592305304239776,6.96951586486759,0.017475133075303233,0.14071357604482007,1.4473193504468082e-15
2.3329917715984143,-9.601497602830579,6.969255147236003,0.015607987143012777,0.13780663184596711,1.5788938368510633e-15
2.3372690128837585,-9.61068767493704,6.968996379382194,0.013749830863635864,0.13491096828698,1.5788938368510633e-15
2.341550043975705,-9.619875523941152,6.968739557916558,0.011900649594739056,0.13202656955071804,1.4473193504468082e-15
2.3458348594417457,-9.629061153225061,6.968484679449495,0.010060428693621231,0.1291534198201839,1.3157448640425529e-15
2.3501234538492857,-9.638244566170918,6.968231740591404,0.008229153517315258,0.12629150327852348,1.5788938368510633e-15
2.3544158217655493,-9.647425766160747,6.96798073795268,0.006406809422587125,0.12344080410902437,1.4473193504468082e-15
2.3587119577577536,-9.656604756576712,6.967731668143719,0.004593381765937647,0.12060130649511538,1.4473193504468082e-15
2.3630118563930287,-9.665781540800996,6.967484527774921,0.0027888559036019127,0.11777299462036578,1.3157448640425529e-15
2.3673155122383154,-9.674956122215635,6.967239313456681,0.0009932171915499944,0.11495585266848388,1.3157448640425529e-15
2.3716229198605814,-9.68412850420288,6.9669960217994,-0.0007935490145124636,0.1121498648233163,1.4473193504468082e-15
2.375934073826575,-9.693298690144792,6.96675464941347,-0.0025714573591430973,0.10935501526884832,1.1841703776382976e-15
2.380248968703041,-9.702466683423587,6.966515192909293,-0.004340522487164181,0.10657128818920046,1.5131065936489357e-15
2.3845675990566195,-9.711632487421502,6.966277648897264,-0.006100759043659864,0.10379866776862995,1.3157448640425529e-15
