galstreams/tracks/track.st.Orphan-Chenab.koposov2023.ecsv
# %ECSV 1.0
# ---
# datatype:
# - {name: ra, unit: deg, datatype: float64}
# - {name: dec, unit: deg, datatype: float64}
# - {name: distance, unit: kpc, datatype: float64}
# - {name: pm_ra_cosdec, unit: mas / yr, datatype: float64}
# - {name: pm_dec, unit: mas / yr, datatype: float64}
# - {name: radial_velocity, unit: km / s, datatype: float64}
# delimiter: ','
# meta: !!omap
# - __serialized_columns__:
#     dec:
#       __class__: astropy.coordinates.angles.Latitude
#       unit: &id001 !astropy.units.Unit {unit: deg}
#       value: !astropy.table.SerializedColumn {name: dec}
#     distance:
#       __class__: astropy.coordinates.distances.Distance
#       unit: !astropy.units.Unit {unit: kpc}
#       value: !astropy.table.SerializedColumn {name: distance}
#     pm_dec:
#       __class__: astropy.units.quantity.Quantity
#       unit: !astropy.units.Unit {unit: mas / yr}
#       value: !astropy.table.SerializedColumn {name: pm_dec}
#     pm_ra_cosdec:
#       __class__: astropy.units.quantity.Quantity
#       unit: !astropy.units.Unit {unit: mas / yr}
#       value: !astropy.table.SerializedColumn {name: pm_ra_cosdec}
#     ra:
#       __class__: astropy.coordinates.angles.Longitude
#       unit: *id001
#       value: !astropy.table.SerializedColumn {name: ra}
#       wrap_angle: !astropy.coordinates.Angle
#         unit: *id001
#         value: 360.0
#     radial_velocity:
#       __class__: astropy.units.quantity.Quantity
#       unit: !astropy.units.Unit {unit: km / s}
#       value: !astropy.table.SerializedColumn {name: radial_velocity}
# schema: astropy-2.0
ra,dec,distance,pm_ra_cosdec,pm_dec,radial_velocity
[from data line 12249]
163.4045405273121,-4.9546774582183595,19.19635171369092,-1.881540304133742,1.0482844141491559,222.80778731775843
163.40124657737255,-4.945189803061751,19.198059617958798,-1.8811822200614379,1.0477308852022893,222.81126966516845
163.39795272634635,-4.935702129633436,19.199767522226676,-1.8808241549617928,1.047177329241251,222.81475201257845
163.39465897402386,-4.926214437976346,19.201475426494557,-1.8804661088136394,1.0466237462806827,222.81823435998848
163.3913653201956,-4.916726728133421,19.203183330762432,-1.8801080815958142,1.0460701363352176,222.82171670739845
163.38807176465207,-4.907239000147571,19.204891235030317,-1.8797500732871542,1.0455164994194883,222.8251990548085
163.38477830718378,-4.897751254061714,19.206599139298195,-1.8793920838664988,1.0449628355481186,222.82868140221848
163.38148494758116,-4.8882634899187645,19.20830704356607,-1.8790341133126875,1.0444091447357318,222.8321637496285
163.37819168563482,-4.878775707761654,19.21001494783395,-1.8786761616045642,1.0438554269969411,222.83564609703845
163.37488020904794,-4.869292478930438,19.211792330535044,-1.8783223095925292,1.0433055519086076,222.83872591062487
163.3715394348201,-4.8598165699523745,19.213681244405244,-1.877975027435759,1.0427618612747542,222.84115955149483
163.368198758833,-4.850340642579464,19.215570158275437,-1.8776277643200348,1.0422181433043727,222.84359319236447
163.36485818087363,-4.840864696856411,19.217459072145633,-1.8772805202241183,1.0416743980119725,222.8460268332343
163.3615177007292,-4.831388732827832,19.21934798601583,-1.8769332951267725,1.0411306254120583,222.84846047410412
163.3581773181868,-4.821912750538405,19.221236899886033,-1.8765860890067656,1.04058682551913,222.85089411497387
163.35483703303365,-4.812436750032767,19.22312581375623,-1.876238901842867,1.0400429983476842,222.85332775584365
163.351496845057,-4.802960731355609,19.225014727626426,-1.8758917336138499,1.0394991439122114,222.85576139671338
163.34815675404394,-4.793484694551517,19.22690364149662,-1.8755445842984826,1.038955262227197,222.85819503758316
163.3448167597818,-4.784008639665168,19.228792555366816,-1.8751974538755427,1.038411353307122,222.86062867845297
163.34147686205782,-4.774532566741197,19.230681469237016,-1.8748503423238074,1.0378674171664617,222.86306231932278
163.33813706065925,-4.76505647582424,19.232570383107216,-1.874503249622053,1.0373234538196887,222.86549596019256
163.33479735537347,-4.755580366958888,19.234459296977413,-1.8741561757490641,1.0367794632812688,222.86792960106226
163.3314577459877,-4.74610424018979,19.236348210847613,-1.8738091206836214,1.0362354455656628,222.87036324193195
163.3281182322893,-4.73662809556158,19.23823712471781,-1.8734620844045093,1.0356914006873308,222.87279688280182
163.32477881406572,-4.72715193311885,19.240126038588006,-1.8731150668905174,1.035147328660722,222.87523052367163
163.32143949110426,-4.717675752906221,19.242014952458202,-1.8727680681204317,1.0346032295002838,222.87766416454136
163.31810026319235,-4.7081995549682825,19.243903866328406,-1.872421088073045,1.0340591032204594,222.8800978054111
163.31476113011743,-4.698723339349657,19.245792780198606,-1.8720741267271475,1.0335149498356857,222.8825314462808
163.31142209166688,-4.689247106094939,19.247681694068802,-1.8717271840615368,1.0329707693603973,222.88496508715062
163.30808314762825,-4.6797708552487185,19.249570607939,-1.8713802600550085,1.0324265618090214,222.88739872802032
163.30474429778897,-4.67029458685557,19.2514595218092,-1.8710333546863613,1.0318823271959805,222.88983236889004
163.30140554193656,-4.660818300960104,19.253348435679403,-1.8706864679343944,1.031338065535694,222.89226600975994
163.29806687985854,-4.651341997606892,19.2552373495496,-1.8703395997779124,1.0307937768425763,222.89469965062958
163.29472831134248,-4.641865676840509,19.2571262634198,-1.8699927501957203,1.030249461131035,222.8971332914993
163.2913898361759,-4.632389338705518,19.259015177290003,-1.8696459191666213,1.0297051184154762,222.8995669323691
163.28805145414643,-4.622912983246509,19.260904091160196,-1.8692991066694276,1.0291607487102983,222.90200057323884
163.2847131650417,-4.6134366105080336,19.262793005030396,-1.868952312682947,1.0286163520298963,222.90443421410856
163.28137496864926,-4.603960220534665,19.2646819189006,-1.8686055371859926,1.02807192838866,222.90686785497826
163.27803686475679,-4.5944838133709345,19.2665708327708,-1.8682587801573787,1.027527477800975,222.90930149584807
163.27469885315196,-4.5850073890614285,19.268459746641,-1.8679120415759214,1.0269830002812224,222.9117351367178
163.27136093362247,-4.57553094765066,19.2703486605112,-1.8675653214204389,1.0264384958437776,222.9141687775876
163.26802310595602,-4.566054489183207,19.272237574381403,-1.8672186196697504,1.0258939645030114,222.91660241845727
163.26468536994034,-4.5565780137035725,19.274126488251603,-1.8668719363026791,1.0253494062732909,222.919036059327
163.26134772536315,-4.547101521256342,19.276015402121804,-1.8665252712980482,1.0248048211689773,222.92146970019667
163.25801017201223,-4.537625011885998,19.277904315992,-1.8661786246346828,1.0242602092044284,222.92390334106642
163.2546727096754,-4.528148485637097,19.279793229862204,-1.865831996291412,1.0237155703939946,222.92633698193617
163.2513353381404,-4.51867194255415,19.281682143732407,-1.8654853862470642,1.023170904752026,222.92877062280593
163.2479980571951,-4.509195382681706,19.283571057602607,-1.8651387944804712,1.0226262122928642,222.93120426367562
163.2446608666273,-4.4997188060642355,19.285459971472807,-1.864792220970465,1.0220814930308473,222.9336379045454
163.24132376622495,-4.4902422127462875,19.28734888534301,-1.8644456656958839,1.0215367469803083,222.93607154541505
163.23798675577584,-4.480765602772351,19.28923779921321,-1.8640991286355617,1.0209919741555775,222.93850518628477
163.23464983506793,-4.471288976186957,19.29112671308341,-1.86375260976834,1.0204471745709787,222.94093882715447
163.23131300388914,-4.46181233303457,19.29301562695362,-1.8634061090730578,1.0199023482408303,222.9433724680242
163.22797626202737,-4.452335673359693,19.29490454082382,-1.8630596265285602,1.0193574951794475,222.9458061088939
163.22463960927058,-4.442858997206849,19.29679345469402,-1.862713162113688,1.0188126154011417,222.94823974976367
163.22130304540684,-4.4333823046205,19.29868236856423,-1.8623667158072919,1.0182677089202166,222.95067339063326
163.21796657022404,-4.42390559564514,19.30057128243443,-1.8620202875882177,1.0177227757509737,222.95310703150312
163.21463018351025,-4.414428870325245,19.30246019630463,-1.861673877435317,1.0171778159077098,222.95554067237273
163.21129388505352,-4.404952128705294,19.304349110174833,-1.8613274853274406,1.0166328294047156,222.95797431324246
163.20795767464188,-4.395475370829762,19.306238024045037,-1.8609811112434445,1.0160878162562783,222.96040795411213
163.2046215520634,-4.385998596743118,19.308126937915244,-1.8606347551621827,1.0155427764766793,222.96284159498185
163.2012855171062,-4.376521806489813,19.310015851785444,-1.8602884170625127,1.0149977100801975,222.96527523585158
163.19794956955838,-4.367045000114341,19.31190476565565,-1.8599420969232956,1.0144526170811055,222.96770887672128
163.19461370920806,-4.357568177661137,19.313793679525848,-1.8595957947233928,1.013907497493672,222.97014251759094
163.19127793584343,-4.348091339174658,19.31568259339605,-1.8592495104416662,1.0133623513321595,222.97257615846067
163.1879422492526,-4.338614484699341,19.317571507266262,-1.8589032440569804,1.012817178610827,222.97500979933042
163.18460664922384,-4.329137614279659,19.319460421136466,-1.8585569955482042,1.01227197934393,222.97744344020003
163.18127113554524,-4.319660727960043,19.321349335006666,-1.8582107648942054,1.0117267535457195,222.97987708106976
163.17793570800518,-4.310183825784929,19.323238248876873,-1.8578645520738548,1.0111815012304384,222.9823107219394
163.1746003663918,-4.300706907798745,19.325127162747076,-1.8575183570660256,1.010636222412328,222.98474436280907
163.17126511049335,-4.291229974045951,19.32701607661728,-1.8571721798495908,1.0100909171056256,222.98717800367874
163.16792994009816,-4.281753024570934,19.32890499048748,-1.8568260204034248,1.0095455853245614,222.9896116445485
163.16459485499456,-4.272276059418149,19.330793904357687,-1.8564798787064096,1.0090002270833618,222.99204528541807
163.16125985497078,-4.2627990786319865,19.33268281822789,-1.8561337547374221,1.0084548423962505,222.99447892628777
163.15792493981522,-4.253322082256906,19.3345717320981,-1.8557876484753437,1.0079094312774453,222.99691256715755
163.15459010931622,-4.2438450703372705,19.3364606459683,-1.8554415598990595,1.0073639937411585,222.9993462080272
163.15125536326215,-4.234368042917529,19.338349559838512,-1.8550954889874522,1.0068185298015984,223.0017798488969
163.14792070144145,-4.22489100004206,19.340238473708716,-1.8547494357194116,1.0062730394729702,223.0042134897664
163.14458612364243,-4.2154139417552905,19.34212738757892,-1.8544034000738239,1.005727522769473,223.00664713063622
163.14125162965362,-4.205936868101585,19.344016301449127,-1.8540573820295805,1.0051819797053005,223.00908077150578
163.1379172192634,-4.196459779125365,19.34590521531933,-1.853711381565573,1.0046364102946446,223.01151441237553
163.13458289226025,-4.186982674870999,19.347794129189538,-1.853365398660696,1.0040908145516898,223.0139480532452
163.1312486484327,-4.17750555538291,19.349683043059745,-1.853019433293846,1.003545192490619,223.0163816941148
163.1279144875692,-4.168028420705432,19.351571956929952,-1.8526734854439209,1.0029995441256072,223.01881533498442
163.12458040945825,-4.15855127088297,19.353460870800152,-1.8523275550898175,1.0024538694708278,223.0212489758541
163.12124641388846,-4.1490741059599126,19.355349784670366,-1.8519816422104385,1.0019081685404476,223.02368261672376
163.11791250064834,-4.139596925980614,19.35723869854057,-1.8516357467846887,1.0013624413486313,223.0261162575934
163.11457866952645,-4.130119730989451,19.35912761241078,-1.8512898687914685,1.0008166879095353,223.02854989846298
163.1112449203114,-4.1206425210307716,19.361016526280984,-1.8509440082096893,1.0002709082373153,223.03098353933277
163.1079112527918,-4.111165296148964,19.36290544015119,-1.8505981650182555,0.9997251023461201,223.03341718020235
163.10457766675628,-4.1016880563883635,19.364794354021402,-1.8502523391960788,0.9991792702500955,223.03585082107205
163.1012441619935,-4.092210801793339,19.36668326789161,-1.8499065307220712,0.9986334119633811,223.03828446194157
163.09791073829206,-4.082733532408225,19.368572181761817,-1.8495607395751454,0.9980875275001138,223.0407181028113
163.0945773954407,-4.073256248277384,19.370461095632024,-1.849214965734216,0.9975416168744244,223.04315174368094
163.0912441332281,-4.063778949445157,19.372350009502227,-1.8488692091782015,0.9969956801004416,223.04558538455058
163.08791095144295,-4.054301635955882,19.37423892337244,-1.8485234698860196,0.9964497171922859,223.04801902542016
163.08457784987402,-4.0448243078538795,19.376127837242645,-1.8481777478365917,0.9959037281640764,223.0504526662898
163.08124482831002,-4.035346965183513,19.378016751112856,-1.8478320430088382,0.995357713029927,223.05288630715947
163.07791188653974,-4.025869607989102,19.379905664983063,-1.847486355381684,0.9948116718039476,223.055319948029
163.07457902435195,-4.016392236314952,19.38179457885327,-1.8471406849340544,0.9942656045002405,223.05775358889872
163.0712462415355,-4.006914850205402,19.38368349272348,-1.8467950316448787,0.9937195111329078,223.06018722976827
163.06791353787912,-3.9974374497047838,19.385572406593692,-1.846449395493082,0.9931733917160454,223.062620870638
163.06458091317174,-3.9879600348573816,19.387461320463895,-1.8461037764575996,0.9926272462637431,223.06505451150755
163.06124836720213,-3.978482605707535,19.389350234334103,-1.8457581745173608,0.9920810747900892,223.0674881523771
163.0579158997592,-3.9690051622995304,19.391239148204313,-1.8454125896512996,0.9915348773091652,223.0699217932468
163.05458351063183,-3.9595277046777047,19.393128062074524,-1.845067021838354,0.9909886538350501,223.07235543411633
163.05125119960894,-3.950050232886315,19.39501697594474,-1.8447214710574604,0.9904424043818165,223.07478907498594
163.04791896647941,-3.9405727469697083,19.396905889814942,-1.844375937287558,0.9898961289635344,223.07722271585564
163.04458681103225,-3.9310952469721325,19.398794803685156,-1.8440304205075881,0.9893498275942672,223.07965635672522
163.04125473305635,-3.9216177329379285,19.400683717555363,-1.8436849206964947,0.9888035002880771,223.08208999759478
163.03792273234066,-3.912140204911335,19.40257263142557,-1.8433394378332193,0.9882571470590177,223.08452363846442
163.03459080867427,-3.902662662936667,19.40446154529579,-1.84299397189671,0.9877107679211412,223.08695727933406
163.03125896184608,-3.893185107058194,19.406350459165996,-1.8426485228659129,0.987164362888495,223.08939092020364
163.02792719164518,-3.8837075373202206,19.408239373036206,-1.8423030907197795,0.986617931975122,223.09182456107317
163.02459549786056,-3.8742299537669775,19.410128286906417,-1.8419576754372602,0.9860714751950597,223.09425820194278
163.0212638802813,-3.8647523564427573,19.412017200776628,-1.8416122769973065,0.9855249925623425,223.09669184281245
163.01793233869648,-3.8552747453918395,19.413906114646842,-1.841266895378873,0.984978484090999,223.09912548368197
163.0146008728952,-3.8457971206584762,19.415795028517053,-1.8409215305609172,0.984431949795055,223.10155912455156
163.0112694826665,-3.836319482286943,19.41768394238726,-1.8405761825223965,0.9838853896885309,223.10399276542108
163.00793816779952,-3.826841830321461,19.419572856257478,-1.8402308512422683,0.9833388037854423,223.10642640629078
163.00460692808346,-3.8173641648063334,19.421461770127685,-1.8398855366994975,0.9827921920998017,223.1088600471603
163.00127576330743,-3.807886485785782,19.4233506839979,-1.8395402388730429,0.982245554645617,223.11129368802995
162.99794467326063,-3.7984087933040764,19.425239597868107,-1.839194957741872,0.9816988914368905,223.11372732889944
162.99461365773217,-3.788931087405415,19.427128511738324,-1.8388496932849474,0.9811522024876208,223.11616096976908
162.9912827165113,-3.779453368134093,19.42901742560854,-1.8385044454812371,0.9806054878118029,223.1185946106386
162.9879518493873,-3.7699756355343292,19.430906339478742,-1.8381592143097156,0.9800587474234276,223.1210282515082
162.9846210561493,-3.7604978896503556,19.432795253348957,-1.837813999749349,0.979511981336479,223.12346189237772
162.98129033658657,-3.7510201305263915,19.43468416721917,-1.8374688017791085,0.9789651895649384,223.1258955332474
162.97795969048846,-3.7415423582067007,19.436573081089385,-1.8371236203779726,0.9784183721227844,223.1283291741169
162.97462911764416,-3.732064572735481,19.438461994959592,-1.8367784555249145,0.9778715290239898,223.13076281498653
162.97129861784302,-3.722586774156968,19.440350908829807,-1.836433307198912,0.9773246602825199,223.13319645585608
162.96796819087433,-3.713108962515354,19.442239822700024,-1.8360881753789444,0.9767777659123414,223.13563009672563
162.96463783652743,-3.70363113785491,19.444128736570235,-1.8357430600439923,0.9762308459274138,223.1380637375951
162.96130755459166,-3.6941533002197873,19.446017650440446,-1.8353979611730376,0.9756839003416915,223.14049737846474
162.9579773448564,-3.684675449654234,19.44790656431066,-1.8350528787450648,0.9751369291691256,223.14293101933427
162.95464720711104,-3.675197586202443,19.449795478180874,-1.8347078127390581,0.9745899324236634,223.14536466020374
162.9513171411449,-3.6657197099086316,19.451684392051085,-1.8343627631340065,0.974042910119247,223.14779830107332
162.9479871467475,-3.656241820816975,19.4535733059213,-1.8340177299088969,0.9734958622698153,223.15023194194285
162.94465722370813,-3.6467639189716934,19.455462219791514,-1.8336727130427186,0.9729487888893,223.1526655828124
