galstreams/tracks/track.st.Phlegethon.ibata2021.ecsv
# %ECSV 0.9
# ---
# datatype:
# - {name: ra, unit: deg, datatype: float64}
# - {name: dec, unit: deg, datatype: float64}
# - {name: distance, unit: kpc, datatype: float64}
# - {name: pm_ra_cosdec, unit: mas / yr, datatype: float64}
# - {name: pm_dec, unit: mas / yr, datatype: float64}
# - {name: radial_velocity, unit: km / s, datatype: float64}
# delimiter: ','
# meta: !!omap
# - __serialized_columns__:
#     dec:
#       __class__: astropy.coordinates.angles.Latitude
#       unit: &id001 !astropy.units.Unit {unit: deg}
#       value: !astropy.table.SerializedColumn {name: dec}
#     distance:
#       __class__: astropy.coordinates.distances.Distance
#       unit: !astropy.units.Unit {unit: kpc}
#       value: !astropy.table.SerializedColumn {name: distance}
#     pm_dec:
#       __class__: astropy.units.quantity.Quantity
#       unit: !astropy.units.Unit {unit: mas / yr}
#       value: !astropy.table.SerializedColumn {name: pm_dec}
#     pm_ra_cosdec:
#       __class__: astropy.units.quantity.Quantity
#       unit: !astropy.units.Unit {unit: mas / yr}
#       value: !astropy.table.SerializedColumn {name: pm_ra_cosdec}
#     ra:
#       __class__: astropy.coordinates.angles.Longitude
#       unit: *id001
#       value: !astropy.table.SerializedColumn {name: ra}
#       wrap_angle: !astropy.coordinates.Angle
#         unit: *id001
#         value: 360.0
#     radial_velocity:
#       __class__: astropy.units.quantity.Quantity
#       unit: !astropy.units.Unit {unit: km / s}
#       value: !astropy.table.SerializedColumn {name: radial_velocity}
# schema: astropy-2.0
ra,dec,distance,pm_ra_cosdec,pm_dec,radial_velocity
[from data line 2870]
322.71964579479004,-20.268250021910493,3.2363798585900008,-2.2460707401277604,-37.05914095617673,1.347322740779574e-13
322.721031109062,-20.258213403761715,3.2363685303246843,-2.2446620473444074,-37.05726700363633,6.73661370389787e-14
322.72241578956744,-20.2481767240934,3.2363573022505747,-2.2432534895085965,-37.0553908605,6.73661370389787e-14
322.7237998366768,-20.238139982941917,3.236346174418075,-2.2418450666009795,-37.05351252724786,3.368306851948935e-14
322.72518325076015,-20.22810318034347,3.2363351468775883,-2.240436778602292,-37.05163200436002,1.0104920555846805e-13
322.7265660321877,-20.218066316334436,3.23632421967952,-2.239028625493339,-37.049749292316534,3.368306851948935e-14
322.7279481813291,-20.208029390950973,3.2363133928742727,-2.237620607255061,-37.0478643915974,1.0104920555846805e-13
322.729329698554,-20.197992404229346,3.236302666512251,-2.236212723868463,-37.04597730268264,1.0104920555846805e-13
322.7307105842319,-20.18795535620582,3.236292040643858,-2.234804975314641,-37.04408802605214,6.73661370389787e-14
322.7320908387318,-20.177918246916455,3.236281515319497,-2.233397361574788,-37.04219656218583,6.73661370389787e-14
322.7334704624229,-20.167881076397524,3.2362710905895744,-2.2319898826301934,-37.04030291156355,6.73661370389787e-14
322.73484945567395,-20.157843844685033,3.236260766504491,-2.2305825384622304,-37.038407074665145,1.347322740779574e-13
322.73622781885354,-20.14780655181513,3.236250543114652,-2.229175329052379,-37.036509051970384,6.73661370389787e-14
322.7376055523302,-20.137769197823957,3.2362404204704607,-2.227768254382177,-37.03460884395901,1.347322740779574e-13
322.73898265647205,-20.127731782747443,3.2362303986223213,-2.226361314433297,-37.03270645111072,1.0104920555846805e-13
322.74035913164715,-20.117694306621733,3.236220477620638,-2.2249545091874845,-37.03080187390519,1.0104920555846805e-13
322.74173497822346,-20.107656769482702,3.236210657515813,-2.223547838626554,-37.028895112822035,1.6841534259744677e-13
322.7431101965685,-20.09761917136644,3.236200938358252,-2.2221413027324584,-37.026986168340855,1.347322740779574e-13
322.74448478704977,-20.08758151230878,3.2361913201983588,-2.220734901487204,-37.02507504094116,1.0104920555846805e-13
322.74585875003453,-20.07754379234571,3.236181803086535,-2.2193286348729133,-37.02316173110252,1.0104920555846805e-13
322.74723208588983,-20.067506011513178,3.2361723870731858,-2.2179225028717875,-37.02124623930436,6.73661370389787e-14
322.7486047949825,-20.057468169846942,3.2361630722087154,-2.216516505466127,-37.019328566026104,6.73661370389787e-14
322.7499768776792,-20.047430267382907,3.2361538585435268,-2.2151106426383294,-37.01740871174719,1.0104920555846805e-13
322.7513483343465,-20.037392304156956,3.236144746128024,-2.213704914370867,-37.015486676946914,6.73661370389787e-14
322.7527191653507,-20.027354280204772,3.236135735012611,-2.212299320646321,-37.01356246210463,1.347322740779574e-13
322.7540893710577,-20.01731619556223,3.236126825247692,-2.210893861447361,-37.011636067699584,0.0
322.75545895183365,-20.00727805026499,3.23611801688367,-2.2094885367567425,-37.00970749421104,1.0104920555846805e-13
322.75682790804404,-19.997239844348858,3.2361093099709493,-2.2080833465573217,-37.00777674211818,6.73661370389787e-14
322.7581962400545,-19.98720157784944,3.236100704559933,-2.206678290832052,-37.00584381190015,1.0104920555846805e-13
322.7595639482303,-19.97716325080246,3.236092200701026,-2.205273369563958,-37.0039087040361,1.0104920555846805e-13
322.76093103293664,-19.96712486324362,3.2360837984446307,-2.203868582736181,-37.00197141900509,1.0104920555846805e-13
322.76229749453825,-19.957086415208423,3.236075497841152,-2.2024639303319615,-37.00003195728616,3.368306851948935e-14
322.7636633334001,-19.94704790673254,3.2360672989409935,-2.201059412334595,-36.99809031935834,1.347322740779574e-13
322.76502854988655,-19.937009337851585,3.2360592017945593,-2.1996550287274985,-36.99614650570054,3.368306851948935e-14
322.76639314436204,-19.92697070860102,3.2360512064522524,-2.1982507794941855,-36.99420051679175,1.6841534259744677e-13
322.76775711719074,-19.91693201901645,3.2360433129644766,-2.1968466646182447,-36.99225235311083,6.73661370389787e-14
322.7691204687366,-19.906893269133285,3.2360355213816367,-2.1954426840833614,-36.9903020151366,1.0104920555846805e-13
322.77048319936335,-19.8968544589871,3.2360278317541353,-2.194038837873342,-36.98834950334792,6.73661370389787e-14
322.7718453094346,-19.886815588613246,3.2360202441323778,-2.192635125972041,-36.986394818223516,1.347322740779574e-13
322.77320679931375,-19.8767766580472,3.236012758566765,-2.191231548363434,-36.984437960242175,1.6841534259744677e-13
322.77456766936405,-19.86673766732441,3.2360053751077045,-2.1898281050315846,-36.982478929882554,1.0104920555846805e-13
322.7759279199484,-19.85669861648015,3.2359980938055974,-2.1884247959606604,-36.98051772762331,6.73661370389787e-14
322.7772875514296,-19.84665950554989,3.2359909147108485,-2.1870216211349094,-36.97855435394305,6.73661370389787e-14
322.7786465641704,-19.83662033456883,3.2359838378738623,-2.1856185805386668,-36.97658880932041,3.368306851948935e-14
322.78000495853314,-19.826581103572348,3.2359768633450408,-2.1842156741563707,-36.97462109423387,6.73661370389787e-14
322.7813627348801,-19.816541812595776,3.235969991174789,-2.1828129019725786,-36.97265120916197,1.347322740779574e-13
322.7827198935733,-19.806502461674242,3.2359632214135106,-2.181410263971868,-36.97067915458315,3.368306851948935e-14
322.78407643497457,-19.796463050843105,3.235956554111608,-2.1800077601390093,-36.96870493097585,1.0104920555846805e-13
322.7854323594456,-19.78642358013746,3.235949989319487,-2.178605390458781,-36.96672853881846,6.73661370389787e-14
322.786787667348,-19.77638404959253,3.235943527087551,-2.177203154916091,-36.96474997858931,1.0104920555846805e-13
322.7881423590428,-19.766344459243538,3.235937167466203,-2.1758010534959675,-36.96276925076673,3.368306851948935e-14
322.7894964348913,-19.756304809125517,3.235930910505847,-2.1743990861834774,-36.960786355829,1.347322740779574e-13
322.7908498952543,-19.74626509927367,3.235924756256888,-2.172997252963821,-36.958801294254336,1.0104920555846805e-13
322.79220274049266,-19.736225329722988,3.2359187047697278,-2.171595553822276,-36.95681406652095,1.0104920555846805e-13
322.79355497096674,-19.726185500508567,3.235912756094771,-2.1701939887442245,-36.95482467310699,6.73661370389787e-14
322.7949065870369,-19.716145611665517,3.235906910282423,-2.1687925577151432,-36.952833114490566,6.73661370389787e-14
322.7962575890634,-19.706105663228733,3.2359011673830858,-2.1673912607205814,-36.950839391149785,6.73661370389787e-14
322.7976079774061,-19.696065655233333,3.2358955274471617,-2.165990097746204,-36.948843503562685,1.6841534259744677e-13
322.79895775242477,-19.68602558771414,3.2358899905250578,-2.1645890687777687,-36.94684545220727,1.0104920555846805e-13
322.80030691447905,-19.675985460706173,3.2358845566671763,-2.1631881738011245,-36.94484523756149,6.73661370389787e-14
322.8016554639282,-19.665945274244404,3.235879225923922,-2.1617874128022176,-36.94284286010329,1.347322740779574e-13
322.80300340113166,-19.655905028363602,3.235873998345697,-2.1603867857670673,-36.94083832031057,3.368306851948935e-14
322.80435072644826,-19.645864723098768,3.235868873982906,-2.158986292681817,-36.93883161866118,6.73661370389787e-14
322.8056974402369,-19.63582435848462,3.2358638528859527,-2.157585933532692,-36.936822755632924,1.0104920555846805e-13
322.80704354285615,-19.625783934556043,3.235858935105241,-2.1561857083060083,-36.93481173170359,6.73661370389787e-14
322.80838903466446,-19.61574345134789,3.235854120691174,-2.1547856169882005,-36.93279854735093,6.73661370389787e-14
322.8097339160202,-19.605702908894823,3.235849409694157,-2.1533856595657426,-36.93078320305262,1.347322740779574e-13
322.81107818728134,-19.5956623072317,3.2358448021645936,-2.151985836025271,-36.92876569928633,3.368306851948935e-14
322.8124218488058,-19.585621646393143,3.235840298152885,-2.1505861463534757,-36.92674603652972,6.73661370389787e-14
322.81376490095124,-19.575580926413917,3.2358358977094386,-2.1491865905371457,-36.92472421526035,1.0104920555846805e-13
322.8151073440752,-19.56554014732874,3.2358316008846564,-2.147787168563168,-36.92270023595577,1.0104920555846805e-13
322.8164491785351,-19.555499309172173,3.2358274077289417,-2.1463878804185335,-36.92067409909348,1.0104920555846805e-13
322.81779040468786,-19.54545841197895,3.235823318292698,-2.144988726090328,-36.918645805151016,6.73661370389787e-14
322.81913102289064,-19.535417455783577,3.2358193326263316,-2.143589705565696,-36.91661535460573,6.73661370389787e-14
322.8204710335001,-19.525376440620686,3.235815450780244,-2.142190818831943,-36.9145827479351,1.0104920555846805e-13
322.82181043687274,-19.5153353665249,3.23581167280484,-2.1407920658764175,-36.91254798561643,1.347322740779574e-13
322.82314923336514,-19.50529423353065,3.235807998750522,-2.1393934466865643,-36.91051106812709,3.368306851948935e-14
322.8244874233334,-19.49525304167256,3.2358044286676964,-2.137994961249963,-36.908471995944346,1.347322740779574e-13
322.82582500713346,-19.485211790984998,3.2358009626067648,-2.1365966095542497,-36.90643076954545,6.73661370389787e-14
322.8271619851213,-19.475170481502506,3.235797600618131,-2.135198391587177,-36.90438738940761,1.0104920555846805e-13
322.82849835765245,-19.465129113259575,3.235794342752201,-2.1338003073365677,-36.902341856007986,1.0104920555846805e-13
322.8298341250824,-19.45508768629052,3.235791189059376,-2.132402356790382,-36.900294169823766,1.0104920555846805e-13
322.83116928776644,-19.445046200629843,3.235788139590061,-2.1310045399366295,-36.898244331331995,6.73661370389787e-14
322.83250384605964,-19.43500465631181,3.23578519439466,-2.129606856763459,-36.89619234100976,0.0
322.8338378003169,-19.42496305337085,3.2357823535235757,-2.128209307259068,-36.894138199334094,1.0104920555846805e-13
322.8351711508929,-19.41492139184131,3.235779617027213,-2.126811891411802,-36.892081906781975,1.347322740779574e-13
322.83650389814227,-19.404879671757406,3.235776984955976,-2.125414609210053,-36.89002346383033,6.73661370389787e-14
322.8378360424193,-19.394837893153536,3.235774457360267,-2.124017460642336,-36.8879628709561,6.73661370389787e-14
322.8391675840782,-19.384796056063838,3.235772034290491,-2.1226204456972475,-36.885900128636166,1.347322740779574e-13
322.8404985234728,-19.374754160522606,3.2357697157970517,-2.121223564363514,-36.88383523734735,1.0104920555846805e-13
322.84182886095704,-19.364712206564107,3.2357675019303525,-2.119826816629903,-36.881768197566444,1.0104920555846805e-13
322.84315859688445,-19.35467019422242,3.235765392740796,-2.1184302024853263,-36.87969900977023,1.347322740779574e-13
322.8444877316085,-19.34462812353183,3.2357633882787895,-2.1170337219187587,-36.87762767443541,6.73661370389787e-14
322.84581626548237,-19.334585994526357,3.2357614885947337,-2.1156373749193023,-36.875554192038706,3.368306851948935e-14
322.8471441988592,-19.324543807240186,3.2357596937390327,-2.1142411614761203,-36.87347856305674,6.73661370389787e-14
322.84847153209176,-19.31450156170748,3.235758003762092,-2.112845081578495,-36.871400787966145,6.73661370389787e-14
322.84979826553285,-19.30445925796219,3.2357564187143133,-2.1114491352158034,-36.86932086724349,1.0104920555846805e-13
322.85112439953485,-19.294416896038474,3.2357549386461013,-2.110053322377512,-36.86723880136531,1.0104920555846805e-13
322.8524499344502,-19.284374475970267,3.2357535636078603,-2.108657643053177,-36.86515459080812,1.347322740779574e-13
322.85377487063096,-19.274331997791617,3.2357522936499947,-2.107262097232458,-36.863068236048356,3.368306851948935e-14
322.85509920842907,-19.264289461536574,3.2357511288229053,-2.1058666849051404,-36.8609797375625,1.347322740779574e-13
322.8564229481964,-19.254246867238983,3.235750069176999,-2.1044714060610445,-36.858889095826896,1.347322740779574e-13
322.8577460902844,-19.244204214932886,3.2357491147626787,-2.1030762606901394,-36.85679631131791,6.73661370389787e-14
322.8590686350446,-19.234161504652107,3.235748265630348,-2.1016812487824614,-36.85470138451186,6.73661370389787e-14
322.86039058282813,-19.22411873643063,3.2357475218304095,-2.100286370328167,-36.85260431588506,1.0104920555846805e-13
322.8617119339861,-19.214075910302224,3.2357468834132694,-2.0988916253174787,-36.85050510591369,6.73661370389787e-14
322.86303268886934,-19.2040330263008,3.23574635042933,-2.097497013740745,-36.84840375507401,1.0104920555846805e-13
322.86435284782846,-19.19399008446022,3.2357459229289947,-2.096102535588395,-36.84630026384216,6.73661370389787e-14
322.8656724112141,-19.18394708481419,3.235745600962669,-2.0947081908509464,-36.844194632694276,6.73661370389787e-14
322.8669913793765,-19.173904027396542,3.235745384580754,-2.0933139795190474,-36.84208686210648,6.73661370389787e-14
322.86830975266565,-19.163860912241084,3.2357452738336567,-2.0919199015834105,-36.839976952554785,1.0104920555846805e-13
322.8696275314318,-19.153817739381445,3.235745268771779,-2.090525957034841,-36.83786490451525,1.0104920555846805e-13
322.8709447160244,-19.14377450885145,3.2357453694455254,-2.0891321458642835,-36.83575071846384,1.347322740779574e-13
322.87226130679323,-19.13373122068467,3.235745575905299,-2.087738468062722,-36.83363439487652,6.73661370389787e-14
322.87357730408763,-19.123687874914893,3.2357458882015027,-2.0863449236212857,-36.8315159342292,6.73661370389787e-14
322.8748927082568,-19.11364447157565,3.235746306384543,-2.0849515125311786,-36.82939533699773,6.73661370389787e-14
322.8762075196499,-19.103601010700626,3.235746830504821,-2.0835582347837063,-36.827272603657974,1.0104920555846805e-13
322.87752173861566,-19.093557492323463,3.2357474606127425,-2.0821650903702587,-36.82514773468573,6.73661370389787e-14
322.8788353655028,-19.083513916477635,3.2357481967587116,-2.080772079282342,-36.82302073055674,3.368306851948935e-14
322.88014840065983,-19.07347028319676,3.2357490389931294,-2.07937920151155,-36.820891591746765,6.73661370389787e-14
322.88146084443514,-19.063426592514425,3.2357499873664013,-2.077986457049578,-36.818760318731485,6.73661370389787e-14
322.88277269717673,-19.05338284446402,3.2357510419289315,-2.0765938458882136,-36.81662691198653,1.0104920555846805e-13
322.88408395923267,-19.04333903907916,3.2357522027311236,-2.0752013680193375,-36.81449137198756,1.0104920555846805e-13
322.88539463095066,-19.03329517639319,3.2357534698233814,-2.07380902343494,-36.812353699210135,6.73661370389787e-14
322.88670471267835,-19.02325125643967,3.2357548432561076,-2.072416812127112,-36.81021389412978,3.368306851948935e-14
322.8880142047631,-19.013207279251922,3.2357563230797073,-2.07102473408802,-36.808071957222054,1.347322740779574e-13
322.88932310755234,-19.003163244863387,3.2357579093445836,-2.0696327893099387,-36.80592788896238,6.73661370389787e-14
322.8906314213929,-18.99311915330751,3.2357596021011408,-2.0682409777852477,-36.80378168982621,6.73661370389787e-14
322.8919391466317,-18.983075004617536,3.2357614013997824,-2.0668492995064245,-36.80163336028896,1.0104920555846805e-13
322.8932462836156,-18.973030798826905,3.235763307290912,-2.0654577544660313,-36.79948290082598,6.73661370389787e-14
322.894552832691,-18.962986535968824,3.2357653198249343,-2.064066342656721,-36.79733031191259,1.0104920555846805e-13
322.89585879420423,-18.952942216076636,3.235767439052252,-2.0626750640712856,-36.79517559402407,1.347322740779574e-13
322.8971641685015,-18.942897839183672,3.2357696650232697,-2.0612839187025633,-36.7930187476357,1.0104920555846805e-13
322.8984689559288,-18.932853405323062,3.2357719977883908,-2.0598929065435305,-36.79085977322268,3.368306851948935e-14
322.89977315683194,-18.92280891452815,3.235774437398019,-2.0585020275872337,-36.78869867126021,6.73661370389787e-14
322.9010767715566,-18.91276436683202,3.235776983902558,-2.057111281826826,-36.786535442223425,6.73661370389787e-14
