galstreams/tracks/track.st.M92.ibata2021.ecsv
# %ECSV 0.9
# ---
# datatype:
# - {name: ra, unit: deg, datatype: float64}
# - {name: dec, unit: deg, datatype: float64}
# - {name: distance, unit: kpc, datatype: float64}
# - {name: pm_ra_cosdec, unit: mas / yr, datatype: float64}
# - {name: pm_dec, unit: mas / yr, datatype: float64}
# - {name: radial_velocity, unit: km / s, datatype: float64}
# delimiter: ','
# meta: !!omap
# - __serialized_columns__:
#     dec:
#       __class__: astropy.coordinates.angles.Latitude
#       unit: &id001 !astropy.units.Unit {unit: deg}
#       value: !astropy.table.SerializedColumn {name: dec}
#     distance:
#       __class__: astropy.coordinates.distances.Distance
#       unit: !astropy.units.Unit {unit: kpc}
#       value: !astropy.table.SerializedColumn {name: distance}
#     pm_dec:
#       __class__: astropy.units.quantity.Quantity
#       unit: !astropy.units.Unit {unit: mas / yr}
#       value: !astropy.table.SerializedColumn {name: pm_dec}
#     pm_ra_cosdec:
#       __class__: astropy.units.quantity.Quantity
#       unit: !astropy.units.Unit {unit: mas / yr}
#       value: !astropy.table.SerializedColumn {name: pm_ra_cosdec}
#     ra:
#       __class__: astropy.coordinates.angles.Longitude
#       unit: *id001
#       value: !astropy.table.SerializedColumn {name: ra}
#       wrap_angle: !astropy.coordinates.Angle
#         unit: *id001
#         value: 360.0
#     radial_velocity:
#       __class__: astropy.units.quantity.Quantity
#       unit: !astropy.units.Unit {unit: km / s}
#       value: !astropy.table.SerializedColumn {name: radial_velocity}
# schema: astropy-2.0
ra,dec,distance,pm_ra_cosdec,pm_dec,radial_velocity
[from data line 1521]
267.20861797484616,39.63925005187236,8.99027308494959,-4.769556722937937,0.4300298406294147,2.7367493172085098e-14
267.2200713680499,39.63483907404652,8.987875493073261,-4.770149484792499,0.4322725697116839,-4.210383564936169e-14
267.2315301955613,39.63043344417335,8.985470137705168,-4.770745552081289,0.43451949582458793,6.526094525651062e-14
267.2429944756748,39.62603317598292,8.983057009473471,-4.771344927056999,0.43677062825736934,7.368171238638296e-15
267.2544642266915,39.621638283198166,8.980636099006345,-4.771947611965778,0.4390259763023123,2.7367493172085098e-14
267.2659394669192,39.61724877953492,8.978207396931953,-4.772553609047216,0.4412855492547705,3.157787673702127e-14
267.27742021467253,39.61286467870186,8.97577089387846,-4.773162920534331,0.44354935641316884,7.4734308277617e-14
267.28890648827297,39.608485994400596,8.973326580474039,-4.773775548653561,0.4458174070790102,4.9472006887999985e-14
267.3003983060487,39.60411274032553,8.97087444734685,-4.774391495624753,0.4480897105568833,-2.4209705498382972e-14
267.31189568633476,39.59974493016399,8.968414485125061,-4.775010763661147,0.4503662761544678,-4.210383564936169e-15
267.32339864747297,39.595382577596084,8.965946684436839,-4.775633354969359,0.45264711318255063,8.420767129872338e-14
267.33490720781214,39.5910256962948,8.963471035910354,-4.77625927174938,0.4549322309550258,4.8419410996765944e-14
267.34642138570786,39.58667429992593,8.960987530173766,-4.776888516194555,0.4572216387889053,-2.1051917824680845e-15
267.3579411995226,39.58232840214813,8.958496157855244,-4.777521090491578,0.4595153460043187,6.73661370389787e-14
267.3694666676258,39.577988016612835,8.955996909582959,-4.778156996820465,0.4618133619245408,-2.1051917824680846e-14
267.38099780839366,39.573653156964276,8.953489775985075,-4.778796237354557,0.4641156958759718,6.526094525651062e-14
267.39253464020953,39.56932383683953,8.950974747689752,-4.779438814260506,0.4664223571881737,1.0104920555846805e-13
267.40407718146366,39.56500006986841,8.948451815325168,-4.780084729698248,0.4687333551938557,5.2629794561702114e-14
267.41562545055314,39.560681869673544,8.94592096951948,-4.780733985821006,0.47104869922889286,2.7367493172085098e-14
267.4271794658822,39.55636924987034,8.943382200900862,-4.781386584775273,0.4733683986323329,-2.5262301389617013e-14
267.43873924586205,39.55206222406695,8.940835500097476,-4.782042528700792,0.4756924627463961,-4.210383564936169e-14
267.4503048089108,39.547760805864286,8.938280857737489,-4.782701819730557,0.4780209009164976,-1.0525958912340423e-14
267.4618761734538,39.54346500885601,8.93571826444907,-4.783364459990781,0.48035372249124453,2.315710960714893e-14
267.47345335792335,39.53917484662855,8.933147710860382,-4.784030451600907,0.4826909368224451,2.5262301389617013e-14
267.4850363807588,39.53489033276102,8.930569187599593,-4.784699796673573,0.48503255326511835,5.0524602779234026e-14
267.49662526040663,39.53061148082531,8.92798268529487,-4.785372497314611,0.4873785811775029,3.5788260301957434e-14
267.5082200153205,39.526338304385966,8.925388194574385,-4.786048555623028,0.48972902992106143,5.6840178126638284e-14
267.51982066396107,39.5220708170003,8.922785706066293,-4.786727973691009,0.4920839088604944,0.0
267.5314272247963,39.517809032218295,8.920175210398769,-4.787410753603874,0.494443227363738,4.8419410996765944e-14
267.54303971630117,39.51355296358261,8.917556698199979,-4.788096897440094,0.49680699480198465,1.894672604221276e-14
267.5546581569579,39.50930262462862,8.914930160098086,-4.788786407271262,0.49917522054967933,1.6841534259744676e-14
267.5662825652559,39.505058028884335,8.912295586721259,-4.789479285162082,0.5015479139845362,-2.1051917824680845e-15
267.57791295969184,39.50081918987046,8.909652968697662,-4.790175533170364,0.5039250844875407,9.052324664612763e-14
267.5895493587697,39.49658612110034,8.907002296655465,-4.790875153346995,0.5063067414429636,3.368306851948935e-14
267.60119178100047,39.492358836079994,8.904343561222834,-4.79157814773594,0.5086928942383606,6.947132882144679e-14
267.61284024490266,39.48813734830803,8.901676753027937,-4.792284518374222,0.5110835522645873,7.368171238638296e-14
267.6244947690019,39.483921671275745,8.899001862698936,-4.792994267291915,0.5134787249158053,1.0736478090587231e-13
267.6361553718313,39.47971181846698,8.896318880863998,-4.793707396512119,0.5158784215894918,-2.5262301389617013e-14
267.6478220719311,39.475507803358276,8.893627798151297,-4.794423908050954,0.5182826516864365,1.6841534259744676e-14
267.65949488784906,39.47130963941873,8.89092860518899,-4.79514380391755,0.5206914246107709,-4.210383564936169e-14
267.6711738381402,39.46711734011003,8.888221292605248,-4.795867086114025,0.5231047497699566,-5.2629794561702114e-14
267.68285894136693,39.462930918886464,8.885505851028242,-4.796593756635476,0.5255226365748026,2.1051917824680845e-15
267.6945502160991,39.45875038919491,8.882782271086127,-4.797323817469967,0.5279450944394717,5.894536990910637e-14
267.70624768091403,39.45457576447478,8.880050543407082,-4.79805727059851,0.5303721327814942,2.947268495455318e-14
267.7179513543964,39.450407058158085,8.877310658619267,-4.798794117995054,0.5328037610217611,1.6841534259744676e-14
267.7296612551383,39.446244283669344,8.874562607350848,-4.799534361626474,0.5352399885845471,-1.6841534259744676e-14
267.7413774017393,39.44208745442565,8.871806380229994,-4.800278003452555,0.5376808248975109,9.683882199353189e-14
267.75309981280674,39.437936583836624,8.869041967884872,-4.801025045425972,0.5401262793917093,8.420767129872338e-14
267.76482850695504,39.433791685304406,8.866269360943647,-4.80177548949229,0.5425763615016008,8.841805486365955e-14
267.77656350280654,39.42965277222365,8.863488550034484,-4.802529337589937,0.5450310806650518,8.420767129872338e-14
267.78830481899087,39.42551985798151,8.860699525785554,-4.803286591650193,0.5474904463233513,-1.2631150694808506e-14
267.8000524741452,39.42139295595765,8.857902278825023,-4.8040472535971785,0.549954467921208,5.2629794561702114e-14
267.81180648691463,39.417272079524196,8.855096799781053,-4.804811325347846,0.5524231549067775,2.947268495455318e-14
267.8235668759515,39.4131572420458,8.852283079281813,-4.805578808811953,0.5548965167316519,1.6841534259744676e-14
267.835333659916,39.409048456879525,8.84946110795547,-4.806349705892054,0.5573745628508748,8.21024795162553e-14
267.8471068574758,39.40494573737494,8.846630876430194,-4.807124018483488,0.5598573027229539,1.894672604221276e-14
267.8588864873064,39.400849096874026,8.843792375334145,-4.807901748474367,0.562344745809862,5.6840178126638284e-14
267.8706725680908,39.39675854871124,8.840945595295493,-4.808682897745549,0.5648369015770482,9.052324664612763e-14
267.88246511852,39.39267410621346,8.838090526942402,-4.8094674681706415,0.567333779493453,9.894401377599997e-14
267.89426415729235,39.38859578269998,8.835227160903049,-4.810255461615966,0.5698353890315009,4.210383564936169e-15
267.9060697031142,39.384523591482505,8.832355487805582,-4.81104687994057,0.5723417396671222,3.5788260301957434e-14
267.91788177469965,39.38045754586515,8.829475498278185,-4.811841724996183,0.5748528408797604,-5.2629794561702114e-14
267.92970039077034,39.376397659144416,8.826587182949018,-4.812639998627229,0.5773687021523688,3.368306851948935e-14
267.94152557005606,39.3723439446092,8.823690532446243,-4.813441702670791,0.5798893329714363,3.9998643866893604e-14
267.95335733129417,39.36829641554077,8.820785537398034,-4.814246838956608,0.5824147428269826,2.7367493172085098e-14
267.96519569323,39.36425508521277,8.817872188432554,-4.81505540930706,0.5849449412125722,-5.4734986344170195e-14
267.97704067461655,39.360219966891165,8.814950476177971,-4.815867415537142,0.5874799376253131,6.105056169157445e-14
267.988892294215,39.35619107383432,8.81202039126245,-4.816682859454471,0.5900197415658908,1.0525958912340423e-14
268.00075057079425,39.35216841929288,8.809081924314157,-4.817501742859249,0.5925643625385419,1.0525958912340423e-14
268.01261552313105,39.34815201650987,8.806135065961259,-4.818324067544255,0.5951138100510869,6.315575347404254e-14
268.0244871700102,39.3441418787206,8.803179806831926,-4.819149835294839,0.5976680936149357,-4.210383564936169e-15
268.03636553022454,39.340138019152704,8.800216137554319,-4.8199790478889,0.600227222745085,-8.420767129872338e-15
268.04825062257464,39.33614045102609,8.79724404875661,-4.820811707096864,0.6027912069601353,9.683882199353189e-14
268.0601424658693,39.33214918755297,8.794263531066962,-4.821647814681683,0.6053600557823045,2.7367493172085098e-14
268.0720410789253,39.32816424193788,8.791274575113542,-4.822487372398812,0.6079337787374216,-5.894536990910637e-14
268.0839464805672,39.32418562737752,8.788277171524518,-4.823330381996194,0.6105123853549437,-2.315710960714893e-14
268.095858689628,39.32021335706095,8.785271310928055,-4.824176845214249,0.6130958851679675,1.0946997268834039e-13
268.1077777249487,39.316247444169434,8.782256983952323,-4.825026763785849,0.6156842877132408,-3.9998643866893604e-14
268.11970360537805,39.312287901876466,8.779234181225481,-4.825880139436318,0.6182776025311485,4.210383564936169e-15
268.13163634977343,39.3083347433478,8.776202893375705,-4.826736973883398,0.6208758391657516,-2.1051917824680845e-15
268.14357597699995,39.30438798174139,8.773163111031158,-4.827597268837254,0.6234790071647744,-4.631421921429786e-14
268.1555225059311,39.3004476302074,8.770114824820004,-4.828461026000442,0.6260871160796209,3.368306851948935e-14
268.16747595544854,39.29651370188819,8.767058025370412,-4.829328247067902,0.6287001754653855,7.157652060391487e-14
268.179436344442,39.29258620991833,8.763992703310546,-4.830198933726941,0.63131819488086,5.4734986344170195e-14
268.1914036918097,39.28866516742456,8.760918849268576,-4.8310730876572165,0.6339411838885356,3.5788260301957434e-14
268.2033780164577,39.284750587525764,8.757836453872667,-4.83195071053072,0.6365691520546202,-1.0525958912340423e-14
268.21535933730064,39.280842483333004,8.754745507750988,-4.8328318040117635,0.6392021089490378,1.2841669873055315e-13
268.2273476732614,39.27694086794952,8.751646001531698,-4.833716369756964,0.6418400641454565,5.4734986344170195e-14
268.23934304327116,39.27304575447064,8.748537925842971,-4.834604409415225,0.6444830272212727,-1.2631150694808506e-14
268.2513454662693,39.26915715598383,8.745421271312972,-4.835495924627724,0.6471310077576324,-5.894536990910637e-14
268.26335496120356,39.26527508556871,8.742296028569868,-4.836390917027894,0.6497840153394366,8.420767129872338e-14
268.2753715470303,39.26139955629698,8.739162188241822,-4.837289388241412,0.6524420595553622,8.631286308119147e-14
268.28739524271407,39.25753058123243,8.736019740957007,-4.838191339886171,0.6551051499978493,-1.473634247727659e-14
268.2994260672278,39.25366817343096,8.732868677343584,-4.839096773572288,0.6577732962631213,7.368171238638296e-14
268.31146403955296,39.24981234594053,8.72970898802972,-4.840005690902059,0.6604465079512022,-6.315575347404253e-15
268.3235091786794,39.24596311180118,8.726540663643583,-4.840918093469964,0.6631247946659073,-4.631421921429786e-14
268.33556150360545,39.24212048404498,8.723363694813344,-4.841833982862639,0.6658081660148617,-6.315575347404253e-15
268.347621033338,39.23828447569608,8.72017807216716,-4.842753360658869,0.6684966316095133,-2.1051917824680846e-14
268.3596877868924,39.234455099770635,8.716983786333206,-4.843676228429568,0.6711902010651336,-1.0525958912340423e-14
268.3717617832925,39.23063236927683,8.713780827939646,-4.844602587737757,0.673888884000829,7.578690416885104e-14
268.3838430415709,39.22681629721488,8.710569187614638,-4.845532440138561,0.6765926900395558,6.315575347404253e-15
268.3959315807686,39.22300689657698,8.707348855986366,-4.84646578717917,0.6793016288081131,-3.9998643866893604e-14
268.4080274199351,39.219204180347354,8.704119823682982,-4.847402630398858,0.6820157099371669,9.683882199353189e-14
268.4201305781289,39.215408161502154,8.700882081332658,-4.848342971328928,0.6847349430612624,1.0525958912340423e-14
268.4322410744168,39.21161885300956,8.697635619563563,-4.849286811492719,0.6874593378188087,1.0525958912340423e-14
268.4443589278744,39.207836267829656,8.694380429003857,-4.850234152405586,0.6901889038521153,8.420767129872338e-15
268.45648415758603,39.20406041891451,8.69111650028171,-4.851184995574883,0.6929236508073833,8.420767129872338e-14
268.4686167826447,39.20029131920813,8.687843824025295,-4.85213934249993,0.6956635883347249,-5.4734986344170195e-14
268.48075682215205,39.19652898164643,8.684562390862768,-4.853097194672033,0.6984087260881577,-6.315575347404253e-15
268.4929042952186,39.19277341915727,8.6812721914223,-4.8540585535744265,0.7011590737256368,2.1051917824680846e-14
268.50505922096363,39.18902464466039,8.677973216332058,-4.8550234206822855,0.7039146409090402,9.683882199353189e-14
268.51722161851524,39.18528267106744,8.674665456220211,-4.855991797462691,0.7066754373041939,4.8419410996765944e-14
268.52939150701036,39.18154751128194,8.67134890171492,-4.856963685374631,0.7094414725808731,-3.5788260301957434e-14
268.54156890559454,39.177819178199286,8.668023543444356,-4.857939085868962,0.7122127564128058,2.315710960714893e-14
268.5537538334225,39.174097684706766,8.664689372036685,-4.858918000388406,0.7149892984777007,5.2629794561702114e-14
268.56594630965776,39.170383043683465,8.661346378120069,-4.859900430367541,0.717771108457238,3.789345208442552e-14
268.5781463534727,39.16667526800036,8.65799455232268,-4.860886377232755,0.7205581960370852,3.368306851948935e-14
268.5903539840486,39.16297437052022,8.654633885272686,-4.861875842402262,0.723350570906904,3.5788260301957434e-14
268.6025692205758,39.15928036409763,8.651264367598245,-4.862868827286064,0.7261482427603678,2.7367493172085098e-14
268.61479208225353,39.155593261579035,8.64788598992753,-4.863865333285943,0.7289512212951559,6.73661370389787e-14
268.6270225882901,39.151913075802604,8.64449874288871,-4.864865361795439,0.7317595162129754,-6.315575347404253e-15
268.6392607579028,39.148239819598345,8.641102617109945,-4.865868914199832,0.7345731372195636,5.6840178126638284e-14
268.65150661031794,39.144573505787996,8.637697603219404,-4.866875991876132,0.7373920940247003,4.210383564936169e-15
268.66376016477096,39.14091414718508,8.634283691845258,-4.867886596193049,0.7402163963422139,5.4734986344170195e-14
268.6760214405063,39.13726175659486,8.630860873615667,-4.868900728510993,0.7430460538899935,9.683882199353189e-14
268.68829045677774,39.133616346814364,8.627429139158803,-4.869918390182037,0.7458810763899981,-1.2631150694808506e-14
268.7005672328478,39.129977930632286,8.623988479102827,-4.870939582549918,0.748721473568261,1.2631150694808506e-14
268.71285178798854,39.12634652082913,8.620538884075911,-4.871964306949997,0.7515672551549032,1.6841534259744676e-14
268.72514414148105,39.122722130176996,8.617080344706219,-4.872992564709271,0.754418430884144,-1.6841534259744676e-14
268.7374443126156,39.119104771439765,8.61361285162192,-4.874024357146328,0.7572750104943049,1.0525958912340423e-14
268.74975232069175,39.11549445737293,8.610136395451173,-4.875059685571341,0.7601370037278241,-1.894672604221276e-14
268.7620681850182,39.11189120072373,8.606650966822153,-4.876098551286055,0.763004420331262,-3.157787673702127e-14
268.7743919249131,39.10829501423099,8.603156556363023,-4.877140955583755,0.7658772700553103,2.947268495455318e-14
268.7867235597038,39.104705910625206,8.599653154701953,-4.87818689974926,0.7687555626548028,1.2631150694808508e-13
268.79906310872695,39.10112390262852,8.596140752467104,-4.879236385058906,0.7716393078887336,-6.315575347404253e-15
268.8114105913286,39.0975490029547,8.592619340286644,-4.880289412780515,0.7745285155202404,-2.315710960714893e-14
268.82376602686406,39.09398122430909,8.589088908788742,-4.881345984173391,0.7774231953166428,-6.315575347404254e-14
268.8361294346982,39.09042057938868,8.585549448601565,-4.882406100488293,0.7803233570494328,2.5262301389617013e-14
