galstreams/tracks/track.st.Orphan-Chenab.shipp2019.ecsv
# %ECSV 1.0
# ---
# datatype:
# - {name: ra, unit: deg, datatype: float64}
# - {name: dec, unit: deg, datatype: float64}
# - {name: distance, unit: kpc, datatype: float64}
# - {name: pm_ra_cosdec, unit: mas / yr, datatype: float64}
# - {name: pm_dec, unit: mas / yr, datatype: float64}
# - {name: radial_velocity, unit: km / s, datatype: float64}
# delimiter: ','
# meta: !!omap
# - __serialized_columns__:
#     dec:
#       __class__: astropy.coordinates.angles.Latitude
#       unit: &id001 !astropy.units.Unit {unit: deg}
#       value: !astropy.table.SerializedColumn {name: dec}
#     distance:
#       __class__: astropy.coordinates.distances.Distance
#       unit: !astropy.units.Unit {unit: kpc}
#       value: !astropy.table.SerializedColumn {name: distance}
#     pm_dec:
#       __class__: astropy.units.quantity.Quantity
#       unit: !astropy.units.Unit {unit: mas / yr}
#       value: !astropy.table.SerializedColumn {name: pm_dec}
#     pm_ra_cosdec:
#       __class__: astropy.units.quantity.Quantity
#       unit: !astropy.units.Unit {unit: mas / yr}
#       value: !astropy.table.SerializedColumn {name: pm_ra_cosdec}
#     ra:
#       __class__: astropy.coordinates.angles.Longitude
#       unit: *id001
#       value: !astropy.table.SerializedColumn {name: ra}
#       wrap_angle: !astropy.coordinates.Angle
#         unit: *id001
#         value: 360.0
#     radial_velocity:
#       __class__: astropy.units.quantity.Quantity
#       unit: !astropy.units.Unit {unit: km / s}
#       value: !astropy.table.SerializedColumn {name: radial_velocity}
# schema: astropy-2.0
ra,dec,distance,pm_ra_cosdec,pm_dec,radial_velocity
[from data line 283]
323.6626609448596,-56.220492776085294,39.8,0.22935827910525663,-2.6823619938195966,-130.80326397709473
323.66847459942113,-56.210938766718336,39.79999999999999,0.22967238618636787,-2.6818628864530116,-130.83992035656743
323.6742913724438,-56.201386109967274,39.79999999999999,0.2299863668682982,-2.6813634429010893,-130.87658402299365
323.68011126249877,-56.19183480522156,39.79999999999999,0.23030022089910673,-2.6808636631843488,-130.91325497637362
323.68593426815977,-56.18228485187029,39.8,0.2306139480269811,-2.6803635473234095,-130.94993321670717
323.6917603880029,-56.17273624930235,39.79999999999999,0.2309275480002373,-2.679863095338994,-130.98661874399446
323.6975896206067,-56.16318899690645,39.79999999999999,0.23124102056731521,-2.6793623072519166,-131.0233115582353
323.7034219645523,-56.153643094070986,39.79999999999999,0.2315543654767831,-2.6788611830830984,-131.06001165942996
323.7092574184232,-56.14409854018421,39.79999999999999,0.23186758247733597,-2.6783597228535574,-131.09671904757803
323.7150959808054,-56.13455533463403,39.8,0.23218067131779763,-2.6778579265844096,-131.1334337226798
323.7209376502875,-56.125013476808306,39.8,0.23249363174711446,-2.677355794296873,-131.1701556847352
323.72678242546016,-56.115472966094494,39.8,0.23280646351435808,-2.676853326012266,-131.2068849337444
323.73263030491694,-56.1059338018799,39.8,0.23311916636873375,-2.676350521752003,-131.24362146970716
323.73848128725365,-56.09639598355159,39.8,0.2334317400595658,-2.675847381537599,-131.28036529262357
323.74433537106836,-56.08685951049638,39.79999999999999,0.23374418433630173,-2.6753439053906694,-131.3171164024936
323.7501925549619,-56.0773243821009,39.8,0.23405649894852387,-2.674840093332927,-131.35387479931725
323.7560528375375,-56.06779059775146,39.8,0.23436868364593688,-2.6743359453861855,-131.39064048309464
323.76191621740037,-56.05825815683433,39.79999999999999,0.23468073817836066,-2.673831461572357,-131.4274134538256
323.76778269315867,-56.04872705873537,39.79999999999999,0.23499266229575233,-2.6733266419134507,-131.4641937115102
323.7736522634228,-56.03919730284029,39.8,0.2353044557481907,-2.6728214864315767,-131.5009812561486
323.77952492680544,-56.029668888534566,39.8,0.2356161182858756,-2.6723159951489466,-131.53777608774033
323.78540068192183,-56.02014181520343,39.79999999999999,0.23592764965913515,-2.6718101680878656,-131.57457820628596
323.7912795273896,-56.01061608223192,39.8,0.23623904961841924,-2.6713040052707386,-131.61138761178512
323.79716146182864,-56.00109168900478,39.79999999999999,0.23655031791430714,-2.6707975067200733,-131.64820430423785
323.80304648386146,-55.99156863490667,39.79999999999998,0.2368614542974945,-2.6702906724584734,-131.68502828364447
323.8089345921127,-55.9820469193219,39.8,0.23717245851880486,-2.6697835025086385,-131.7218595500046
323.81482578520956,-55.97252654163461,39.8,0.23748333032918678,-2.6692759968933712,-131.7586981033184
323.82072006178157,-55.963007501228674,39.79999999999999,0.23779406947970827,-2.668768155635572,-131.79554394358578
323.82661742046065,-55.9534897974878,39.79999999999999,0.23810467572156568,-2.6682599787582375,-131.8323970708069
323.83251785988114,-55.94397342979543,39.79999999999999,0.23841514880607706,-2.667751466284462,-131.86925748498157
323.83842137867964,-55.93445839753474,39.8,0.238725488484683,-2.667242618237441,-131.90612518611
323.84432797549505,-55.92494470008886,39.8,0.23903569450894246,-2.6667334346404687,-131.94300017419195
323.8502376489688,-55.91543233684053,39.8,0.2393457666305452,-2.6662239155169347,-131.9798824492277
323.85615039774467,-55.90592130717233,39.79999999999999,0.23965570460129726,-2.6657140608903274,-132.0167720112169
323.86206622046853,-55.89641161046659,39.79999999999999,0.23996550817313067,-2.665203870784234,-132.0536688601599
323.86798511578905,-55.88690324610546,39.79999999999998,0.24027517709810242,-2.66469334522234,-132.09057299605644
323.8739070823567,-55.877396213470846,39.79999999999999,0.24058471112838298,-2.664182484228426,-132.12748441890668
323.8798321188248,-55.86789051194438,39.8,0.24089411001627337,-2.6636712878263764,-132.16440312871063
323.88576022384854,-55.85838614090766,39.8,0.24120337351418897,-2.663159756040168,-132.20132912546813
323.8916913960858,-55.84888309974187,39.8,0.2415125013746755,-2.6626478888938756,-132.23826240917933
323.89762563419646,-55.83938138782806,39.8,0.24182149335038994,-2.662135686411677,-132.2752029798441
323.903562936843,-55.82988100454703,39.8,0.24213034919412135,-2.66162314861784,-132.31215083746258
323.9095033026901,-55.82038194927942,39.8,0.24243906865877185,-2.6611102755367373,-132.34910598203456
323.91544673040465,-55.81088422140558,39.8,0.242747651497369,-2.660597067192833,-132.38606841356042
323.9213932186561,-55.80138782030565,39.79999999999999,0.24305609746306112,-2.6600835236106937,-132.42303813203975
323.9273427661158,-55.79189274535966,39.79999999999998,0.24336440630911182,-2.6595696448149795,-132.46001513747285
323.93329537145786,-55.78239899594732,39.8,0.24367257778891305,-2.65905543083045,-132.49699942985959
323.9392510333583,-55.77290657144815,39.8,0.24398061165597174,-2.6585408816819616,-132.53399100919984
323.94520975049556,-55.763415471241444,39.8,0.24428850766391785,-2.658025997394468,-132.57098987549384
323.9511715215504,-55.7539256947063,39.800000000000004,0.24459626556649905,-2.6575107779930205,-132.60799602874144
323.95713634520587,-55.7444372412216,39.8,0.24490388511758998,-2.6569952235027663,-132.64500946894267
323.9631042201472,-55.73495011016596,39.79999999999999,0.2452113660711741,-2.656479333948953,-132.68203019609768
323.969075145062,-55.72546430091793,39.8,0.24551870818136368,-2.655963109356918,-132.7190582102061
323.9750491186399,-55.715979812855686,39.79999999999999,0.24582591120238462,-2.6554465497521047,-132.7560935112684
323.9810261395732,-55.70649664535728,39.8,0.24613297488858743,-2.654929655160047,-132.79313609928425
323.9870062065561,-55.69701479780049,39.8,0.24643989899443763,-2.6544124256063775,-132.83018597425385
323.99298931828514,-55.68753426956296,39.8,0.2467466832745202,-2.653894861116826,-132.86724313617682
323.9989754734592,-55.67805506002205,39.8,0.2470533274835447,-2.653376961717219,-132.90430758505372
324.0049646707794,-55.66857716855489,39.8,0.2473598313763341,-2.6528587274334794,-132.94137932088404
324.01095690894886,-55.65910059453855,39.79999999999999,0.24766619470782647,-2.6523401582916266,-132.97845834366822
324.01695218667317,-55.64962533734977,39.8,0.24797241723308505,-2.6518212543177766,-133.01554465340587
324.0229505026602,-55.640151396365056,39.8,0.24827849870729457,-2.651302015538143,-133.05263825009726
324.0289518556199,-55.63067877096076,39.8,0.24858443888574855,-2.6507824419790333,-133.08973913374228
324.0349562442644,-55.62120746051303,39.8,0.24889023752386308,-2.650262533666853,-133.12684730434083
324.0409636673081,-55.61173746439777,39.8,0.2491958943771737,-2.649742290628106,-133.16396276189317
324.0469741234678,-55.602268781990645,39.8,0.24950140920133368,-2.649221712889387,-133.20108550639912
324.0529876114622,-55.59280141266726,39.8,0.24980678175210902,-2.648700800477392,-133.23821553785882
324.0590041300123,-55.583335355802866,39.800000000000004,0.25011201178538833,-2.6481795534189123,-133.27535285627192
324.06502367784145,-55.573870610772545,39.800000000000004,0.25041709905717746,-2.647657971740832,-133.31249746163883
324.07104625367504,-55.564407176951185,39.8,0.2507220433235946,-2.6471360554701366,-133.34964935395945
324.0770718562407,-55.55494505371348,39.8,0.25102684434088296,-2.6466138046339016,-133.38680853323353
324.08310048426836,-55.545484240433886,39.800000000000004,0.25133150186539766,-2.646091219259302,-133.42397499946136
324.0891321364898,-55.536024736486596,39.8,0.2516360156536104,-2.6455682993736094,-133.46114875264286
324.0951668116394,-55.52656654124582,39.8,0.25194038546211006,-2.6450450450041894,-133.49832979277784
324.10120450845335,-55.51710965408532,39.79999999999999,0.25224461104760354,-2.644521456178502,-133.53551811986668
324.1072452256703,-55.50765407437877,39.800000000000004,0.2525486921669142,-2.6439975329241068,-133.57271373390904
324.1132889620308,-55.49819980149962,39.8,0.2528526285769792,-2.643473275268656,-133.6099166349051
324.1193357162778,-55.48874683482109,39.8,0.2531564200348537,-2.642948683239899,-133.64712682285466
324.12538548715634,-55.47929517371623,39.8,0.25346006629770845,-2.6424237568656785,-133.6843442977581
324.13143827341355,-55.46984481755784,39.800000000000004,0.25376356712283377,-2.6418984961739347,-133.7215690596151
324.1374940737986,-55.460395765718644,39.800000000000004,0.2540669222676277,-2.641372901192704,-133.75880110842576
324.14355288706315,-55.45094801757102,39.8,0.2543701314896105,-2.640846971950116,-133.79604044419
324.1496147119607,-55.44150157248721,39.8,0.25467319454641557,-2.6403207084743956,-133.83328706690784
324.15567954724696,-55.43205642983924,39.800000000000004,0.2549761111957931,-2.6397941107938645,-133.87054097657938
324.1617473916798,-55.42261258899892,39.8,0.2552788811956035,-2.6392671789369393,-133.90780217320457
324.1678182440193,-55.4131700493379,39.8,0.25558150430383075,-2.6387399129321296,-133.94507065678354
324.1738921030275,-55.40372881022755,39.8,0.2558839802785684,-2.6382123128080432,-133.98234642731595
324.1799689674687,-55.394288871039194,39.8,0.2561863088780232,-2.637684378593381,-134.01962948480212
324.1860488361092,-55.38485023114382,39.8,0.25648848986051886,-2.63715611031694,-134.05691982924185
324.1921317077175,-55.37541288991223,39.8,0.25679052298449756,-2.63662750800761,-134.0942174606353
324.19821758106417,-55.36597684671508,39.79999999999999,0.2570924080085055,-2.6360985716943786,-134.13152237898242
324.204306454922,-55.3565421009228,39.79999999999999,0.2573941446912189,-2.635569301406324,-134.1688345842831
324.21039832806554,-55.347108651905614,39.8,0.2576957327914089,-2.6350396971726244,-134.20615407653747
324.21649319927195,-55.337676499033506,39.800000000000004,0.25799717206798056,-2.6345097590225484,-134.24348085574553
324.2225910673201,-55.32824564167643,39.800000000000004,0.2582984622799358,-2.633979486985461,-134.28081492190708
324.2286919309909,-55.31881607920396,39.800000000000004,0.25859960318639863,-2.6334488810908234,-134.3181562750225
324.2347957890678,-55.30938781098554,39.8,0.25890059454660896,-2.632917941368188,-134.35550491509136
324.2409026403358,-55.29996083639044,39.8,0.25920143611991375,-2.6323866678472023,-134.392860842114
324.2470124835823,-55.290535154787705,39.800000000000004,0.25950212766577896,-2.6318550605576094,-134.4302240560902
324.25312531759664,-55.281110765546174,39.8,0.25980266894377824,-2.6313231195292475,-134.46759455702008
324.25924114117043,-55.27168766803448,39.8,0.26010305971360625,-2.630790844792047,-134.50497234490356
324.26535995309695,-55.26226586162119,39.8,0.2604032997350587,-2.6302582363760334,-134.5423574197408
324.27148175217195,-55.25284534567452,39.8,0.26070338876805654,-2.629725294311327,-134.5797497815316
324.27760653719304,-55.243426119562564,39.800000000000004,0.26100332657262904,-2.6291920186281397,-134.6171494302761
324.28373430695984,-55.23400818265319,39.800000000000004,0.26130311290891384,-2.628658409356781,-134.6545563659742
324.28986506027417,-55.22459153431412,39.8,0.2616027475371674,-2.6281244665276544,-134.69197058862585
324.2959987959398,-55.21517617391282,39.8,0.26190223021775205,-2.627590190171252,-134.72939209823127
324.3021355127626,-55.20576210081658,39.800000000000004,0.26220156071115275,-2.6270555803181654,-134.76682089479036
324.30827520955035,-55.19634931439261,39.800000000000004,0.26250073877795366,-2.6265206369990786,-134.80425697830304
324.314417885113,-55.18693781400777,39.8,0.2627997641788584,-2.625985360244768,-134.84170034876934
324.3205635382625,-55.177527599028814,39.800000000000004,0.26309863667468325,-2.625449750086104,-134.87915100618932
324.3267121678128,-55.16811866882227,39.800000000000004,0.26339735602635295,-2.6249138065540514,-134.91660895056296
324.3328637725799,-55.158711022754495,39.800000000000004,0.2636959219949082,-2.6243775296796703,-134.95407418189023
324.33901835138175,-55.14930466019166,39.8,0.2639943343414921,-2.623840919494111,-134.99154670017114
324.34517590303847,-55.13989958049969,39.80000000000001,0.26429259282737294,-2.623303976028617,-135.02902650540562
324.351336426372,-55.130495783044445,39.8,0.26459069721391626,-2.6227666993145307,-135.0665135975939
324.3574999202063,-55.1210932671915,39.8,0.26488864726260686,-2.622229089383282,-135.1040079767357
324.3636663833676,-55.111692032306244,39.8,0.2651864427350412,-2.6216911462663974,-135.14150964283135
324.3698358146838,-55.102292077753916,39.8,0.2654840833929222,-2.6211528699954934,-135.17901859588028
324.3760082129851,-55.09289340289951,39.8,0.2657815689980667,-2.620614260602285,-135.21653483588318
324.3821835771033,-55.083496007107904,39.800000000000004,0.2660788993124017,-2.6200753181185727,-135.25405836283954
324.38836190587267,-55.074099889743685,39.800000000000004,0.2663760740979655,-2.619536042576259,-135.29158917674962
324.39454319812904,-55.06470505017144,39.800000000000004,0.26667309311690235,-2.6189964340073337,-135.32912727761322
324.40072745271044,-55.05531148775539,39.8,0.2669699561314709,-2.6184564924438822,-135.3666726654305
324.4069146684568,-55.04591920185962,39.8,0.26726666290403833,-2.6179162179180784,-135.40422534020172
324.4131048442102,-55.03652819184805,39.8,0.26756321319709,-2.6173756104621946,-135.44178530192642
324.41929797881437,-55.02713845708442,39.8,0.26785960677320464,-2.6168346701085934,-135.47935255060463
324.4254940711152,-55.01774999693226,39.8,0.26815584339508547,-2.6162933968897297,-135.51692708623656
324.4316931199607,-55.00836281075489,39.8,0.2684519228255384,-2.615751790838153,-135.55450890882219
324.43789512420045,-54.998976897915554,39.8,0.26874784482748404,-2.615209851986503,-135.5920980183614
324.44410008268636,-54.98959225777723,39.800000000000004,0.2690436091639472,-2.6146675803675135,-135.62969441485424
324.45030799427207,-54.98020888970269,39.8,0.26933921559806295,-2.6141249760140113,-135.66729809830085
324.4565188578132,-54.97082679305458,39.8,0.26963466389307733,-2.6135820389589144,-135.70490906870106
324.4627326721674,-54.96144596719533,39.8,0.26992995381234963,-2.6130387692352333,-135.74252732605476
324.4689494361942,-54.952066411487195,39.8,0.2702250851193386,-2.6124951668760725,-135.78015287036223
324.47516914875507,-54.942688125292214,39.8,0.27052005757762054,-2.6119512319146274,-135.8177857016233
324.4813918087134,-54.93331110797237,39.8,0.27081487095087486,-2.6114069643841855,-135.8554258198381
324.48761741493445,-54.92393535888934,39.8,0.271109525002891,-2.6108623643181272,-135.8930732250064
324.4938459662856,-54.91456087740463,39.800000000000004,0.2714040194975731,-2.610317431749924,-135.9307279171285
324.50007746163595,-54.90518766287962,39.8,0.27169835419892197,-2.6097721667131433,-135.96838989620426
324.5063118998567,-54.895815714675464,39.8,0.27199252887105985,-2.609226569241439,-136.00605916223367
324.5125492798208,-54.886445032153176,39.8,0.2722865432782071,-2.6086806393685604,-136.04373571521657
324.51878960040324,-54.87707561467352,39.800000000000004,0.27258039718469784,-2.608134377128348,-136.08141955515316
324.5250328604808,-54.86770746159721,39.8,0.272874090354974,-2.607587782554734,-136.11911068204338
324.5312790589321,-54.85834057228465,39.8,0.2731676225535802,-2.6070408556817424,-136.1568090958873
324.537528194638,-54.84897494609615,39.8,0.27346099354517395,-2.6064935965434888,-136.1945147966848
324.54378026648095,-54.83961058239178,39.8,0.2737542030945226,-2.605946005174182,-136.23222778443605
324.5500352733454,-54.830247480531476,39.8,0.2740472509664946,-2.6053980816081204,-136.26994805914092
324.5562932141176,-54.82088563987498,39.8,0.27434013692606984,-2.604849825879695,-136.3076756207994
324.5625540876859,-54.811525059781815,39.8,0.2746328607383355,-2.604301238023389,-136.3454104694115
