galstreams/tracks/track.st.Spectre.chandra2022.ecsv
# %ECSV 1.0
# ---
# datatype:
# - {name: ra, unit: deg, datatype: float64}
# - {name: dec, unit: deg, datatype: float64}
# - {name: distance, unit: kpc, datatype: float64}
# - {name: pm_ra_cosdec, unit: mas / yr, datatype: float64}
# - {name: pm_dec, unit: mas / yr, datatype: float64}
# - {name: radial_velocity, unit: km / s, datatype: float64}
# delimiter: ','
# meta: !!omap
# - __serialized_columns__:
#     dec:
#       __class__: astropy.coordinates.angles.Latitude
#       unit: &id001 !astropy.units.Unit {unit: deg}
#       value: !astropy.table.SerializedColumn {name: dec}
#     distance:
#       __class__: astropy.coordinates.distances.Distance
#       unit: !astropy.units.Unit {unit: kpc}
#       value: !astropy.table.SerializedColumn {name: distance}
#     pm_dec:
#       __class__: astropy.units.quantity.Quantity
#       unit: !astropy.units.Unit {unit: mas / yr}
#       value: !astropy.table.SerializedColumn {name: pm_dec}
#     pm_ra_cosdec:
#       __class__: astropy.units.quantity.Quantity
#       unit: !astropy.units.Unit {unit: mas / yr}
#       value: !astropy.table.SerializedColumn {name: pm_ra_cosdec}
#     ra:
#       __class__: astropy.coordinates.angles.Longitude
#       unit: *id001
#       value: !astropy.table.SerializedColumn {name: ra}
#       wrap_angle: !astropy.coordinates.Angle
#         unit: *id001
#         value: 360.0
#     radial_velocity:
#       __class__: astropy.units.quantity.Quantity
#       unit: !astropy.units.Unit {unit: km / s}
#       value: !astropy.table.SerializedColumn {name: radial_velocity}
# schema: astropy-2.0
ra,dec,distance,pm_ra_cosdec,pm_dec,radial_velocity
[from data line 151]
217.1086094456413,42.34645334966776,12.499999999999998,-5.738654033083307,-5.021850452363613,-143.5622558244194
217.09892882940755,42.33943848887967,12.5,-5.73833270561028,-5.02316932037971,-143.52616639059687
217.08925037543702,42.332422812313006,12.5,-5.7380113486164435,-5.024487955813598,-143.4900769567745
217.07957408298284,42.32540632033949,12.500000000000002,-5.7376899621933415,-5.025806358738174,-143.45398752295193
217.0698999512984,42.3183890133307,12.499999999999998,-5.737368546432444,-5.02712452922633,-143.4178980891296
217.0602279796371,42.31137089165804,12.5,-5.737047101425142,-5.028442467350967,-143.38180865530722
217.05055816725246,42.304351955692745,12.500000000000002,-5.736725627262745,-5.029760173184984,-143.34571922148473
217.0408905133982,42.29733220580588,12.5,-5.736404124036499,-5.031077646801284,-143.30962978766232
217.03122501732804,42.29031164236833,12.5,-5.736082591837558,-5.0323948882727745,-143.2735403538398
217.02156167829588,42.283290265750836,12.5,-5.735761030757015,-5.033711897672358,-143.23745092001744
217.0119004955557,42.27626807632396,12.499999999999998,-5.7354394408858695,-5.03502867507294,-143.20136148619503
217.00224146836158,42.26924507445805,12.499999999999998,-5.735117822315054,-5.036345220547432,-143.16527205237256
216.99258459596777,42.26222126052337,12.499999999999998,-5.734796175135427,-5.037661534168745,-143.12918261855003
216.98292987762855,42.25519663488995,12.499999999999998,-5.7344744994377645,-5.038977616009789,-143.09309318472768
216.9732773125984,42.24817119792767,12.500000000000002,-5.7341527953127684,-5.0402934661434795,-143.0570037509053
216.96362690013189,42.24114495000622,12.499999999999998,-5.733831062851065,-5.041609084642731,-143.02091431708288
216.95397863948358,42.23411789149517,12.499999999999998,-5.733509302143204,-5.042924471580463,-142.98482488326027
216.94433252990837,42.22709002276389,12.499999999999998,-5.73318751327966,-5.044239627029586,-142.94873544943795
216.93468857066108,42.22006134418156,12.499999999999998,-5.732865696350824,-5.045554551063023,-142.91264601561554
216.9250467609967,42.213031856117226,12.5,-5.732543851447022,-5.046869243753695,-142.87655658179307
216.9154071001704,42.20600155893976,12.5,-5.732221978658499,-5.048183705174521,-142.84046714797068
216.90576958743736,42.19897045301786,12.500000000000002,-5.731900078075421,-5.049497935398425,-142.80437771414822
216.89613422205298,42.19193853872003,12.499999999999998,-5.731578149787884,-5.050811934498331,-142.76828828032583
216.88650100327263,42.184905816414656,12.500000000000002,-5.731256193885901,-5.052125702547161,-142.73219884650345
216.87686993035194,42.17787228646991,12.5,-5.7309342104594165,-5.0534392396178465,-142.69610941268098
216.86724100254662,42.17083794925382,12.5,-5.730612199598293,-5.054752545783307,-142.66001997885854
216.8576142191124,42.16380280513426,12.499999999999998,-5.7302901613923245,-5.056065621116473,-142.62393054503605
216.84798957930528,42.156766854478875,12.499999999999998,-5.729968095931218,-5.057378465690271,-142.58784111121363
216.8383670823812,42.149730097655215,12.500000000000002,-5.729646003304612,-5.05869107957763,-142.55175167739128
216.82874672759635,42.1426925350306,12.499999999999998,-5.729323883602078,-5.060003462851486,-142.5156622435686
216.81912851420705,42.135654166972245,12.5,-5.729001736913095,-5.061315615584759,-142.47957280974634
216.8095124414696,42.12861499384714,12.499999999999998,-5.728679563327078,-5.062627537850389,-142.44348337592396
216.79989850864047,42.12157501602212,12.5,-5.728357362933357,-5.063939229721302,-142.40739394210135
216.79028671497633,42.11453423386389,12.500000000000002,-5.7280351358212,-5.06525069127043,-142.37130450827894
216.78067705973393,42.10749264773893,12.499999999999998,-5.727712882079793,-5.06656192257071,-142.33521507445664
216.77106954217004,42.100450258013595,12.5,-5.727390601798238,-5.067872923695072,-142.2991256406341
216.76146416154162,42.09340706505405,12.499999999999998,-5.727068295065578,-5.069183694716452,-142.26303620681165
216.75186091710583,42.086363069226316,12.500000000000002,-5.726745961970768,-5.070494235707781,-142.22694677298935
216.74225980811977,42.0793182708962,12.500000000000002,-5.726423602602694,-5.071804546741994,-142.19085733916685
216.73266083384078,42.072272670429406,12.499999999999998,-5.726101217050168,-5.0731146278920285,-142.15476790534444
216.7230639935263,42.0652262681914,12.499999999999998,-5.725778805401919,-5.074424479230816,-142.1186784715219
216.7134692864339,42.05817906454755,12.5,-5.725456367746613,-5.07573410083129,-142.08258903769962
216.70387671182115,42.051131059863,12.499999999999998,-5.72513390417283,-5.07704349276639,-142.04649960387715
216.69428626894592,42.04408225450276,12.5,-5.724811414769082,-5.0783526551090485,-142.0104101700546
216.68469795706605,42.037032648831655,12.499999999999998,-5.724488899623804,-5.0796615879322,-141.9743207362323
216.67511177543958,42.029982243214356,12.5,-5.7241663588253555,-5.08097029130878,-141.93823130240978
216.66552772332466,42.02293103801535,12.499999999999998,-5.723843792462024,-5.0822787653117265,-141.90214186858728
216.65594579997952,42.015879033598985,12.5,-5.7235212006220175,-5.083587010013971,-141.866052434765
216.64636600466253,42.00882623032941,12.499999999999998,-5.723198583393475,-5.08489502548845,-141.82996300094248
216.6367883366322,42.00177262857063,12.499999999999998,-5.722875940864458,-5.086202811808096,-141.7938735671201
216.62721279514713,41.99471822868646,12.5,-5.722553273122955,-5.087510369045848,-141.75778413329763
216.61763937946603,41.98766303104058,12.5,-5.722230580256874,-5.088817697274635,-141.72169469947525
216.60806808884777,41.98060703599648,12.500000000000002,-5.72190786235406,-5.0901247965673955,-141.68560526565273
216.59849892255133,41.973550243917494,12.499999999999998,-5.721585119502277,-5.0914316669970585,-141.6495158318304
216.58893187983577,41.966492655166775,12.500000000000002,-5.721262351789209,-5.092738308636559,-141.61342639800793
216.57936695996034,41.959434270107316,12.5,-5.720939559302478,-5.094044721558831,-141.57733696418555
216.56980416218428,41.95237508910195,12.499999999999998,-5.720616742129623,-5.095350905836806,-141.54124753036308
216.56024348576716,41.94531511251334,12.5,-5.7202939003581115,-5.096656861543412,-141.50515809654064
216.5506849299685,41.93825434070399,12.5,-5.719971034075339,-5.0979625887515825,-141.4690686627182
216.5411284940479,41.93119277403622,12.499999999999998,-5.719648143368622,-5.099268087534249,-141.43297922889573
216.53157417726533,41.924130412872195,12.5,-5.719325228325211,-5.100573357964339,-141.3968897950732
216.52202197888062,41.91706725757392,12.499999999999998,-5.7190022890322725,-5.101878400114781,-141.36080036125094
216.51247189815385,41.910003308503214,12.499999999999998,-5.718679325576911,-5.103183214058507,-141.32471092742844
216.50292393434518,41.90293856602176,12.500000000000002,-5.718356338046142,-5.104487799868436,-141.28862149360606
216.49337808671493,41.89587303049103,12.499999999999998,-5.718033326526925,-5.105792157617508,-141.25253205978356
216.4838343545235,41.88880670227237,12.5,-5.717710291106128,-5.107096287378632,-141.216442625961
216.47429273703148,41.88173958172697,12.5,-5.717387231870562,-5.108400189224744,-141.18035319213865
216.4647532334995,41.87467166921579,12.5,-5.717064148906951,-5.109703863228761,-141.14426375831624
216.4552158431883,41.86760296509969,12.499999999999998,-5.7167410423019565,-5.111007309463612,-141.10817432449383
216.44568056535886,41.86053346973933,12.499999999999998,-5.716417912142155,-5.112310528002212,-141.07208489067133
216.4361473992722,41.85346318349524,12.5,-5.71609475851406,-5.113613518917482,-141.035995456849
216.4266163441894,41.84639210672773,12.5,-5.715771581504104,-5.114916282282344,-140.99990602302645
216.41708739937184,41.839320239796976,12.5,-5.715448381198652,-5.116218818169715,-140.96381658920413
216.40756056408085,41.83224758306297,12.499999999999998,-5.715125157683993,-5.117521126652512,-140.92772715538163
216.398035837578,41.8251741368856,12.5,-5.714801911046342,-5.118823207803644,-140.89163772155928
216.3885132191249,41.81809990162451,12.5,-5.7144786413718425,-5.120125061696031,-140.85554828773678
216.37899270798334,41.811024877639205,12.499999999999998,-5.7141553487465675,-5.121426688402589,-140.81945885391437
216.36947430341522,41.803949065289046,12.5,-5.713832033256507,-5.122728087996218,-140.7833694200919
216.35995800468257,41.79687246493322,12.499999999999998,-5.713508694987591,-5.124029260549838,-140.74727998626946
216.35044381104748,41.78979507693073,12.5,-5.713185334025663,-5.125330206136349,-140.71119055244694
216.34093172177228,41.782716901640434,12.5,-5.712861950456512,-5.1266309248286595,-140.6751011186246
216.33142173611932,41.77563793942101,12.5,-5.7125385443658345,-5.127931416699677,-140.6390116848022
216.32191385335116,41.768558190630976,12.5,-5.712215115839266,-5.129231681822303,-140.60292225097976
216.31240807273042,41.76147765562871,12.499999999999998,-5.711891664962365,-5.1305317202694365,-140.56683281715732
216.30290439351987,41.75439633477237,12.499999999999998,-5.711568191820619,-5.131831532113981,-140.53074338333485
216.2934028149824,41.74731422842001,12.5,-5.711244696499442,-5.1331311174288325,-140.49465394951238
216.283903336381,41.74023133692948,12.499999999999998,-5.710921179084175,-5.1344304762868855,-140.45856451568997
216.27440595697888,41.733147660658474,12.499999999999998,-5.71059763966009,-5.135729608761039,-140.42247508186756
216.26491067603928,41.72606319996454,12.5,-5.710274078312381,-5.137028514924174,-140.38638564804515
216.2554174928256,41.718977955205034,12.5,-5.709950495126174,-5.138327194849192,-140.3502962142228
216.2459264066013,41.71189192673716,12.5,-5.709626890186519,-5.1396256486089795,-140.3142067804002
216.23643741663014,41.70480511491796,12.5,-5.7093032635783985,-5.140923876276418,-140.27811734657786
216.22695052217583,41.69771752010432,12.499999999999998,-5.708979615386719,-5.142221877924394,-140.24202791275542
216.21746572250228,41.690629142652924,12.499999999999998,-5.708655945696314,-5.1435196536257894,-140.20593847893298
216.2079830168735,41.68353998292034,12.499999999999998,-5.708332254591948,-5.144817203453483,-140.16984904511048
216.1985024045537,41.67645004126295,12.499999999999998,-5.708008542158313,-5.1461145274803535,-140.13375961128813
216.1890238848071,41.66935931803697,12.5,-5.7076848084800265,-5.147411625779274,-140.0976701774657
216.1795474568982,41.662267813598454,12.499999999999998,-5.707361053641639,-5.148708498423121,-140.06158074364333
216.17007312009144,41.65517552830328,12.5,-5.707037277727618,-5.15000514548476,-140.0254913098208
216.16060087365156,41.648082462507205,12.499999999999998,-5.706713480822374,-5.1513015670370645,-139.9894018759984
216.15113071684328,41.640988616565764,12.500000000000002,-5.706389663010233,-5.152597763152896,-139.95331244217596
216.1416626489316,41.633893990834366,12.499999999999998,-5.706065824375457,-5.15389373390512,-139.91722300835337
216.13219666918152,41.626798585668254,12.499999999999998,-5.705741965002236,-5.155189479366596,-139.881133574531
216.12273277685824,41.6197024014225,12.499999999999998,-5.705418084974683,-5.156484999610184,-139.84504414070858
216.11327097122708,41.61260543845199,12.499999999999998,-5.7050941843768435,-5.157780294708736,-139.80895470688608
216.10381125155342,41.605507697111506,12.499999999999998,-5.704770263292688,-5.159075364735107,-139.7728652730638
216.0943536171029,41.59840917775562,12.5,-5.704446321806122,-5.160370209762145,-139.73677583924146
216.08489806714115,41.59130988073873,12.5,-5.704122360000972,-5.161664829862703,-139.7006864054189
216.07544460093402,41.58420980641509,12.499999999999998,-5.703798377961001,-5.162959225109622,-139.66459697159632
216.06599321774746,41.57710895513883,12.499999999999995,-5.703474375769893,-5.164253395575743,-139.62850753777403
216.05654391684757,41.57000732726384,12.499999999999995,-5.703150353511263,-5.165547341333905,-139.59241810395153
216.04709669750054,41.56290492314391,12.499999999999998,-5.702826311268655,-5.166841062456945,-139.55632867012915
216.0376515589727,41.55580174313264,12.499999999999998,-5.702502249125544,-5.168134559017696,-139.5202392363067
216.02820850053055,41.548697787583464,12.499999999999998,-5.702178167165335,-5.16942783108899,-139.48414980248424
216.01876752144068,41.54159305684966,12.499999999999998,-5.701854065471355,-5.170720878743652,-139.44806036866188
216.0093286209698,41.53448755128434,12.499999999999998,-5.701529944126866,-5.172013702054507,-139.41197093483933
215.99989179838482,41.527381271240465,12.499999999999998,-5.701205803215057,-5.1733063010943745,-139.37588150101695
215.9904570529527,41.52027421707082,12.499999999999998,-5.700881642819043,-5.174598675936073,-139.3397920671946
215.98102438394056,41.51316638912803,12.499999999999996,-5.7005574630218785,-5.17589082665242,-139.3037026333721
215.97159379061566,41.506057787764554,12.499999999999998,-5.700233263906531,-5.177182753316225,-139.26761319954963
215.9621652722454,41.49894841333271,12.5,-5.699909045555911,-5.178474456000291,-139.23152376572727
215.95273882809727,41.49183826618462,12.499999999999998,-5.699584808052855,-5.179765934777432,-139.19543433190483
215.94331445743896,41.48472734667228,12.499999999999998,-5.699260551480122,-5.181057189720441,-139.15934489808242
215.9338921595382,41.47761565514748,12.499999999999995,-5.698936275920411,-5.182348220902125,-139.12325546426
215.92447193366291,41.47050319196189,12.499999999999998,-5.698611981456339,-5.18363902839527,-139.08716603043754
215.91505377908118,41.46338995746699,12.499999999999998,-5.6982876681704635,-5.184929612272676,-139.05107659661513
215.90563769506116,41.45627595201412,12.499999999999995,-5.697963336145264,-5.186219972607121,-139.01498716279264
215.89622368087112,41.44916117595443,12.499999999999995,-5.697638985463154,-5.187510109471399,-138.97889772897025
215.88681173577953,41.44204562963895,12.499999999999998,-5.697314616206473,-5.188800022938282,-138.94280829514778
215.877401859055,41.434929313418486,12.499999999999995,-5.696990228457492,-5.190089713080551,-138.90671886132534
215.8679940499662,41.42781222764374,12.499999999999998,-5.69666582229841,-5.191379179970978,-138.87062942750288
215.85858830778193,41.420694372665245,12.5,-5.696341397811358,-5.192668423682333,-138.83453999368055
215.8491846317712,41.41357574883333,12.499999999999998,-5.696016955078401,-5.193957444287386,-138.79845055985808
215.83978302120315,41.406456356498204,12.499999999999995,-5.6956924941815235,-5.195246241858896,-138.76236112603556
215.83038347534696,41.39933619600991,12.499999999999998,-5.695368015202645,-5.196534816469613,-138.72627169221323
215.82098599347205,41.39221526771828,12.499999999999998,-5.695043518223617,-5.197823168192303,-138.6901822583907
215.81159057484786,41.38509357197307,12.499999999999996,-5.694719003326225,-5.199111297099714,-138.65409282456838
215.80219721874406,41.37797110912382,12.499999999999998,-5.694394470592169,-5.200399203264589,-138.6180033907459
215.79280592443044,41.37084787951991,12.499999999999998,-5.694069920103094,-5.201686886759671,-138.58191395692347
215.7834166911769,41.36372388351055,12.499999999999998,-5.693745351940575,-5.202974347657703,-138.54582452310106
215.77402951825346,41.35659912144484,12.499999999999998,-5.6934207661861045,-5.204261586031414,-138.50973508927862
215.76464440493032,41.349473593671654,12.499999999999998,-5.693096162921119,-5.205548601953534,-138.4736456554562
215.75526135047775,41.34234730053976,12.5,-5.6927715422269785,-5.206835395496795,-138.4375562216338
215.74588035416625,41.33522024239772,12.499999999999998,-5.6924469041849735,-5.208121966733916,-138.40146678781124
215.73650141526633,41.328092419593965,12.499999999999998,-5.692122248876327,-5.209408315737613,-138.3653773539888
215.7271245330488,41.32096383247676,12.499999999999995,-5.691797576382193,-5.210694442580598,-138.32928792016642
