galstreams/tracks/track.st.Parallel.weiss2018.ecsv
# %ECSV 0.9
# ---
# datatype:
# - {name: ra, unit: deg, datatype: float64}
# - {name: dec, unit: deg, datatype: float64}
# - {name: distance, unit: kpc, datatype: float64}
# - {name: pm_ra_cosdec, unit: mas / yr, datatype: float64}
# - {name: pm_dec, unit: mas / yr, datatype: float64}
# - {name: radial_velocity, unit: km / s, datatype: float64}
# delimiter: ','
# meta: !!omap
# - __serialized_columns__:
#     dec:
#       __class__: astropy.coordinates.angles.Latitude
#       unit: &id001 !astropy.units.Unit {unit: deg}
#       value: !astropy.table.SerializedColumn {name: dec}
#     distance:
#       __class__: astropy.coordinates.distances.Distance
#       unit: !astropy.units.Unit {unit: kpc}
#       value: !astropy.table.SerializedColumn {name: distance}
#     pm_dec:
#       __class__: astropy.units.quantity.Quantity
#       unit: !astropy.units.Unit {unit: mas / yr}
#       value: !astropy.table.SerializedColumn {name: pm_dec}
#     pm_ra_cosdec:
#       __class__: astropy.units.quantity.Quantity
#       unit: !astropy.units.Unit {unit: mas / yr}
#       value: !astropy.table.SerializedColumn {name: pm_ra_cosdec}
#     ra:
#       __class__: astropy.coordinates.angles.Longitude
#       unit: *id001
#       value: !astropy.table.SerializedColumn {name: ra}
#       wrap_angle: !astropy.coordinates.Angle
#         unit: *id001
#         value: 360.0
#     radial_velocity:
#       __class__: astropy.units.quantity.Quantity
#       unit: !astropy.units.Unit {unit: km / s}
#       value: !astropy.table.SerializedColumn {name: radial_velocity}
# schema: astropy-2.0
ra,dec,distance,pm_ra_cosdec,pm_dec,radial_velocity
156.1928779958069,8.715956695807028,16.496167469203442,0.0,0.0,0.0
156.37635396400077,8.643800633993814,16.435700273813318,0.0,0.0,0.0
156.5598036467655,8.571862737327267,16.37605990086162,0.0,0.0,0.0
156.74322905920394,8.500162339080296,16.317238831212553,0.0,0.0,0.0
156.92663220089207,8.428718314400125,16.259229791148478,0.0,0.0,0.0
157.11001505520662,8.357549082474547,16.202025747593154,0.0,0.0,0.0
157.2933795886621,8.286672608698469,16.145619903334946,0.0,0.0,0.0
157.47672775025842,8.216106406840623,16.090005692250045,0.0,0.0,0.0
157.66006147083715,8.145867541210507,16.0351767745257,0.0,0.0,0.0
157.84338266244797,8.075972628825477,15.98112703188343,0.0,0.0,0.0
158.0266932177241,8.006437841578014,15.927850562802256,0.0,0.0,0.0
158.20999500926675,7.937278908403204,15.87534167774191,0.0,0.0,0.0
158.39328988903824,7.868511117446307,15.823594894366066,0.0,0.0,0.0
158.5765796877642,7.800149318230514,15.772604932765546,0.0,0.0,0.0
158.7598662143444,7.732207923824805,15.722366710681568,0.0,0.0,0.0
158.94315125527126,7.6647009130119725,15.672875338728941,0.0,0.0,0.0
159.1264365740574,7.597641832456712,15.624126115619307,0.0,0.0,0.0
159.30972391067124,7.531043798873831,15.576114523384335,0.0,0.0,0.0
159.4930149809801,7.464919501196563,15.528836222598976,0.0,0.0,0.0
159.67631147620193,7.399281202744929,15.482287047604656,0.0,0.0,0.0
159.85961506236436,7.334140743394194,15.436463001732527,0.0,0.0,0.0
160.04292737977175,7.269509541743349,15.391360252526642,0.0,0.0,0.0
160.22625004247982,7.205398597283669,15.346975126967235,0.0,0.0,0.0
160.40958463777756,7.1418184925672845,15.303304106693892,0.0,0.0,0.0
160.59293272567746,7.078779395375741,15.2603438232288,0.0,0.0,0.0
160.77629583841212,7.016291060888645,15.21809105319996,0.0,0.0,0.0
160.95967547993902,6.954362833852232,15.176542713564404,0.0,0.0,0.0
161.14307312545242,6.89300365074791,15.13569585683143,0.0,0.0,0.0
161.32649022090223,6.8322220419608515,15.095547666285814,0.0,0.0,0.0
161.50992818252075,6.772026133948456,15.056095451211014,0.0,0.0,0.0
161.69338839635606,6.712423651408789,15.017336642112436,0.0,0.0,0.0
161.87687221781312,6.653421919448952,14.979268785940606,0.0,0.0,0.0
162.06038097120154,6.595027865753349,14.941889541314435,0.0,0.0,0.0
162.2439159492908,6.537248022751901,14.905196673744395,0.0,0.0,0.0
162.427478412873,6.480088529788058,14.869188050855787,0.0,0.0,0.0
162.61106959033185,6.423555135286789,14.833861637611916,0.0,0.0,0.0
162.7946906772198,6.3676531989223495,14.79921549153736,0.0,0.0,0.0
162.97834283584152,6.3123876937859436,14.765247757941154,0.0,0.0,0.0
163.16202719484548,6.257763208553172,14.731956665140023,0.0,0.0,0.0
163.3457448488216,6.203783949651343,14.699340519681614,0.0,0.0,0.0
163.529496857907,6.150453743426558,14.667397701567698,0.0,0.0,0.0
163.71328424739872,6.097776038310566,14.636126659477405,0.0,0.0,0.0
163.89710800737336,6.045753906987429,14.605525905990454,0.0,0.0,0.0
164.0809690923145,5.994390048559924,14.575594012810337,0.0,0.0,0.0
164.26486842074692,5.943686790715679,14.546329605987587,0.0,0.0,0.0
164.44880687487884,5.89364609189303,14.517731361142967,0.0,0.0,0.0
164.63278530025062,5.84426954344663,14.489797998690708,0.0,0.0,0.0
164.81680450539133,5.79555837181271,14.462528279061717,0.0,0.0,0.0
165.00086526148328,5.74751344067402,14.435920997926814,0.0,0.0,0.0
165.18496830203267,5.700135253124487,14.409974981419934,0.0,0.0,0.0
165.36911432254908,5.653423953833466,14.38468908136137,0.0,0.0,0.0
165.55330398023185,5.60737933120964,14.360062170480981,0.0,0.0,0.0
165.73753789366387,5.562000819564578,14.33609313764141,0.0,0.0,0.0
165.9218166425135,5.517287501275848,14.312780883061313,0.0,0.0,0.0
166.10614076724377,5.4732381089497455,14.29012431353858,0.0,0.0,0.0
166.2905107688296,5.429851027583581,14.268122337673562,0.0,0.0,0.0
166.47492710848212,5.387124296727562,14.24677386109227,0.0,0.0,0.0
166.65939020738156,5.345055612646188,14.226077781669616,0.0,0.0,0.0
166.8439004464175,5.3036423304791604,14.206032984752639,0.0,0.0,0.0
167.028458165937,5.2628814664018595,14.186638338383709,0.0,0.0,0.0
167.21306366550073,5.2227696997852835,14.167892688523754,0.0,0.0,0.0
167.39771720364683,5.183303375355481,14.149794854275484,0.0,0.0,0.0
167.58241899766335,5.144478505352442,14.132343623106621,0.0,0.0,0.0
167.76716922336774,5.106290771688486,14.115537746073098,0.0,0.0,0.0
167.95196801489502,5.068735528106047,14.099375933042303,0.0,0.0,0.0
168.13681546449422,5.031807802334898,14.083856847916286,0.0,0.0,0.0
168.32171162233226,4.995502298248817,14.068979103854986,0.0,0.0,0.0
168.50665649630645,4.959813398021619,14.054741258499446,0.0,0.0,0.0
168.6916500518651,4.924735164282591,14.041141809195054,0.0,0.0,0.0
168.87669221183646,4.8902613422712795,14.02817918821473,0.0,0.0,0.0
169.06178285626532,4.8563853619916735,14.015851757982192,0.0,0.0,0.0
169.2469218222588,4.823100340365714,14.004157806295115,0.0,0.0,0.0
169.43210890383972,4.790399083386093,13.993095541548437,0.0,0.0,0.0
169.6173438518085,4.758274088268468,13.982663087957487,0.0,0.0,0.0
169.80262637361355,4.726717545602888,13.972858480781287,0.0,0.0,0.0
169.98795613322983,4.69572134150457,13.963679661545722,0.0,0.0,0.0
170.17333275104622,4.665277059763915,13.95512447326678,0.0,0.0,0.0
170.3587558037606,4.6353759839958455,13.94719065567378,0.0,0.0,0.0
170.54422482428387,4.606009099788363,13.939875840432558,0.0,0.0,0.0
170.72973930165273,4.577167096850327,13.933177546368748,0.0,0.0,0.0
170.91529868095003,4.548840371158538,13.927093174690956,0.0,0.0,0.0
171.10090236323438,4.521019027103976,13.92162000421399,0.0,0.0,0.0
171.28654970547797,4.493692879637288,13.916755186582089,0.0,0.0,0.0
171.4722400205131,4.466851456413426,13.912495741492155,0.0,0.0,0.0
171.6579725769869,4.440483999935557,13.90883855191694,0.0,0.0,0.0
171.8437465993248,4.414579469698058,13.905780359328304,0.0,0.0,0.0
172.0295612677028,4.389126544328725,13.903317758920414,0.0,0.0,0.0
172.21541571802777,4.36411362373015,13.901447194832977,0.0,0.0,0.0
172.40130904192674,4.339528831220202,13.900164955374455,0.0,0.0,0.0
172.5872402867446,4.315360015671682,13.899467168245284,0.0,0.0,0.0
172.77320845555053,4.291594753651065,13.899349795761097,0.0,0.0,0.0
172.95921250715273,4.268220351556409,13.899808630075965,0.0,0.0,0.0
173.14525135612195,4.245223847754336,13.900839288405576,0.0,0.0,0.0
173.3313238728238,4.222592014716086,13.902437208250493,0.0,0.0,0.0
173.51742888345905,4.200311361152739,13.904597642619368,0.0,0.0,0.0
173.70356517011317,4.178368134149447,13.907315655252154,0.0,0.0,0.0
173.88973147081433,4.156748321298744,13.910586115843321,0.0,0.0,0.0
174.07592647959942,4.135437652832969,13.914403695265111,0.0,0.0,0.0
174.26214884658947,4.1144216037556856,13.918762860790707,0.0,0.0,0.0
174.4483971780731,4.093685395972193,13.923657871317499,0.0,0.0,0.0
174.63467003659906,4.073214000419023,13.929082772590293,0.0,0.0,0.0
174.8209659410766,4.052992139192553,13.935031392424518,0.0,0.0,0.0
175.00728336688508,4.033004287676556,13.94149733592946,0.0,0.0,0.0
175.1936207459919,4.013234676668824,13.948473980731487,0.0,0.0,0.0
175.37997646707902,3.993667294506782,13.955954472197254,0.0,0.0,0.0
175.56634887567796,3.974285889192112,13.963931718656948,0.0,0.0,0.0
175.75273627431332,3.9550739705143743,13.972398386627477,0.0,0.0,0.0
175.93913692265508,3.936014812173616,13.981346896035733,0.0,0.0,0.0
176.1255490376791,3.9170914539019828,13.990769415441765,0.0,0.0,0.0
176.31197079383622,3.898286703584285,14.000657857262054,0.0,0.0,0.0
176.49840032323007,3.879583139377565,14.011003872992678,0.0,0.0,0.0
176.684835715803,3.8609631118296215,14.021798848432585,0.0,0.0,0.0
176.87127501953069,3.8424087459964973,14.033033898906776,0.0,0.0,0.0
177.05771624062515,3.823901943558942,14.044699864489543,0.0,0.0,0.0
177.24415734374617,3.8054243849378193,14.056787305227692,0.0,0.0,0.0
177.43059625222108,3.7869575314084667,14.06928649636376,0.0,0.0,0.0
177.61703084827295,3.7684826272140186,14.082187423559237,0.0,0.0,0.0
177.80345897325714,3.7499807016776625,14.095479778117781,0.0,0.0,0.0
177.9898784279061,3.731432571313835,14.109152952208458,0.0,0.0,0.0
178.17628697258257,3.7128188419383816,14.123196034088934,0.0,0.0,0.0
178.36268232754105,3.694119910777621,14.137597803328728,0.0,0.0,0.0
178.5490621731971,3.675315968576376,14.152346726032407,0.0,0.0,0.0
178.7354241504056,3.6563870017049207,14.16743095006283,0.0,0.0,0.0
178.92176586074632,3.63731279426487,14.182838300264347,0.0,0.0,0.0
179.1080848668181,3.618072930193996,14.19855627368604,0.0,0.0,0.0
179.29437869254102,3.5986467953699814,14.214572034804924,0.0,0.0,0.0
179.48064482346635,3.5790135797131013,14.230872410749196,0.0,0.0,0.0
179.6668807070946,3.559152279287842,14.247443886521427,0.0,0.0,0.0
179.85308375320153,3.539041698403452,14.264272600221801,0.0,0.0,0.0
180.03925133417172,3.518660451713428,14.281344338271332,0.0,0.0,0.0
180.2253807853402,3.497986966313938,14.298644530635084,0.0,0.0,0.0
180.41146940534145,3.4769994838411855,14.316158246045395,0.0,0.0,0.0
180.59751445646614,3.455676062567717,14.333870187225095,0.0,0.0,0.0
180.78351316502548,3.43399457949768,14.351764686110727,0.0,0.0,0.0
180.96946272172266,3.4119327324610196,14.36982569907577,0.0,0.0,0.0
181.155360282032,3.389468042206651,14.388036802153868,0.0,0.0,0.0
181.34120296658486,3.366577854494578,14.40638118626204,0.0,0.0,0.0
181.52698786156307,3.3432393421869837,14.424841652423897,0.0,0.0,0.0
181.71271201909903,3.3194295073383056,14.443400606992887,0.0,0.0,0.0
181.89837245768265,3.295125183284279,14.462040056875482,0.0,0.0,0.0
182.08396616257522,3.2703030367299855,14.480741604754435,0.0,0.0,0.0
182.2694900862296,3.2449395698368964,14.499486444311973,0.0,0.0,0.0
182.4549411487167,3.2190111223089297,14.51825535545303,0.0,0.0,0.0
182.6403162381586,3.1924938734775252,14.537028699528483,0.0,0.0,0.0
182.82561221116723,3.1653638443857637,14.555786414558337,0.0,0.0,0.0
183.01082589328922,3.1375968998715313,14.574508010454986,0.0,0.0,0.0
183.1959540794562,3.109168750649738,14.593172564246393,0.0,0.0,0.0
183.3809935344406,3.0800549553936185,14.61175871529936,0.0,0.0,0.0
183.56594099331662,3.050230922815136,14.630244660542706,0.0,0.0,0.0
183.7507931619264,3.0196719137444776,14.648608149690512,0.0,0.0,0.0
183.9355467173503,2.9883530432086975,14.666826480465328,0.0,0.0,0.0
184.12019830838236,2.956249282509492,14.684876493821426,0.0,0.0,0.0
184.30474455600938,2.9233354613001503,14.70273456916797,0.0,0.0,0.0
184.48918205389398,2.8895862696617125,14.720376619592269,0.0,0.0,0.0
184.6735073688614,2.854976260178306,14.737778087083017,0.0,0.0,0.0
184.8577170413892,2.8194798500117573,14.75491393775346,0.0,0.0,0.0
185.04180758610002,2.783071322975445,14.771758657064671,0.0,0.0,0.0
185.22577549225684,2.7457248316074616,14.788286245048742,0.0,0.0,0.0
185.4096172242602,2.707414399243079,14.804470211532012,0.0,0.0,0.0
185.5933292221472,2.6681139220865853,14.82028357135829,0.0,0.0,0.0
185.77690790209184,2.6277971712824897,14.835698839612071,0.0,0.0,0.0
185.96034965690617,2.586437794986155,14.850688026841766,0.0,0.0,0.0
186.14365085654168,2.544009320433876,14.865222634282917,0.0,0.0,0.0
186.32680784859065,2.5004851560124424,14.879273649081417,0.0,0.0,0.0
186.50981695878704,2.4558385933282514,14.892811539516739,0.0,0.0,0.0
186.69267449150598,2.410042809275963,14.905806250225151,0.0,0.0,0.0
186.87537673026156,2.3630708681067727,14.918227197422935,0.0,0.0,0.0
187.0579199382026,2.3148957234963503,14.93004326412962,0.0,0.0,0.0
187.2403003586051,2.2654902206124614,14.941222795391184,0.0,0.0,0.0
187.42251421536173,2.21482709818235,14.9517335935033,0.0,0.0,0.0
187.60455771346633,2.162878990559906,14.96154291323453,0.0,0.0,0.0
187.78642703949455,2.109618429792695,14.970617457049565,0.0,0.0,0.0
187.96811836207803,2.055017847688877,14.978923370332458,0.0,0.0,0.0
188.1496278323728,1.9990495778840967,14.986426236609796,0.0,0.0,0.0
188.33095158452036,1.9416858579083807,14.993091072773984,0.0,0.0,0.0
188.51208573610117,1.8828988312531094,14.998882324306422,0.0,0.0,0.0
188.69302638857906,1.822660549438143,15.003763860500742,0.0,0.0,0.0
188.87376962773632,1.7609429740791371,15.007698969686036,0.0,0.0,0.0
189.0543115240986,1.6977179789551218,15.010650354450055,0.0,0.0,0.0
189.2346481333479,1.6329573520764502,15.012580126862458,0.0,0.0,0.0
189.41477549672348,1.5666327977531287,15.013449803698014,0.0,0.0,0.0
189.59468964141007,1.4987159386636313,15.013220301659828,0.0,0.0,0.0
189.77438658091077,1.4291783179243112,15.011851932602564,0.0,0.0,0.0
189.9538623154053,1.3579914011594147,15.009304398755667,0.0,0.0,0.0
190.13311283209157,1.2851265785718244,15.005536787946589,0.0,0.0,0.0
190.31213410550984,1.2105551670146337,15.000507568823997,0.0,0.0,0.0
190.4909220978478,1.1342484120635867,14.994174586080993,0.0,0.0,0.0
190.66947275922612,1.0561774900905032,14.986495055678368,0.0,0.0,0.0
190.84778202796267,0.976313510337795,14.977425560067779,0.0,0.0,0.0
191.02584583081415,0.8946275169941426,14.966922043415,0.0,0.0,0.0
191.20366008319436,0.8110904912714156,14.954939806823127,0.0,0.0,0.0
191.38122068936678,0.7256733534830078,14.941433503555816,0.0,0.0,0.0
191.55852354261134,0.6383469651235969,14.926357134260483,0.0,0.0,0.0
191.73556452536246,0.5490821309505011,14.909664042191546,0.0,0.0,0.0
191.91233950931837,0.45784960106672273,14.89130690843363,0.0,0.0,0.0
192.08884435551892,0.36462007300578503,14.871237747124807,0.0,0.0,0.0
192.2650749143911,0.2693641938184764,14.849407900679793,0.0,0.0,0.0
192.44102702576046,0.17205256216162323,14.825768035013184,0.0,0.0,0.0
192.61669651882636,0.07265573038904063,14.80026813476268,0.0,0.0,0.0
192.79207921209996,-0.02885579335527253,14.772857498512302,0.0,0.0,-0.0
