galstreams/tracks/track.st.Gaia-7.ibata2021.ecsv
# %ECSV 1.0
# ---
# datatype:
# - {name: ra, unit: deg, datatype: float64}
# - {name: dec, unit: deg, datatype: float64}
# - {name: distance, unit: kpc, datatype: float64}
# - {name: pm_ra_cosdec, unit: mas / yr, datatype: float64}
# - {name: pm_dec, unit: mas / yr, datatype: float64}
# - {name: radial_velocity, unit: km / s, datatype: float64}
# delimiter: ','
# meta: !!omap
# - __serialized_columns__:
#     dec:
#       __class__: astropy.coordinates.angles.Latitude
#       unit: &id001 !astropy.units.Unit {unit: deg}
#       value: !astropy.table.SerializedColumn {name: dec}
#     distance:
#       __class__: astropy.coordinates.distances.Distance
#       unit: !astropy.units.Unit {unit: kpc}
#       value: !astropy.table.SerializedColumn {name: distance}
#     pm_dec:
#       __class__: astropy.units.quantity.Quantity
#       unit: !astropy.units.Unit {unit: mas / yr}
#       value: !astropy.table.SerializedColumn {name: pm_dec}
#     pm_ra_cosdec:
#       __class__: astropy.units.quantity.Quantity
#       unit: !astropy.units.Unit {unit: mas / yr}
#       value: !astropy.table.SerializedColumn {name: pm_ra_cosdec}
#     ra:
#       __class__: astropy.coordinates.angles.Longitude
#       unit: *id001
#       value: !astropy.table.SerializedColumn {name: ra}
#       wrap_angle: !astropy.coordinates.Angle
#         unit: *id001
#         value: 360.0
#     radial_velocity:
#       __class__: astropy.units.quantity.Quantity
#       unit: !astropy.units.Unit {unit: km / s}
#       value: !astropy.table.SerializedColumn {name: radial_velocity}
# schema: astropy-2.0
ra,dec,distance,pm_ra_cosdec,pm_dec,radial_velocity
[from data line 407]
177.5032436354452,-11.632550330859198,4.6252943935310435,-9.882958753252089,-0.819110677077849,2.315710960714893e-14
177.5093752070889,-11.640556221631309,4.625672101143672,-9.883018617134153,-0.8178492286054652,5.789277401787233e-15
177.5155069189701,-11.648562138739303,4.626050601557278,-9.88308081348788,-0.8165863978192562,7.368171238638296e-15
177.5216387725159,-11.656568081238843,4.6264298929445555,-9.883145338197545,-0.8153221933398457,5.2629794561702115e-15
177.52777076915362,-11.664574048185479,4.626809973478195,-9.883212187146832,-0.8140566237878206,-3.210417468263829e-14
177.5339029103106,-11.672580038634674,4.627190841330889,-9.883281356218825,-0.8127896977837538,5.262979456170211e-16
177.54003519741426,-11.680586051641777,4.627572494675325,-9.883352841296036,-0.8115214239481856,-4.157753770374467e-14
177.5461676318922,-11.688592086262046,4.627954931684201,-9.883426638260355,-0.8102518109016383,-3.526196235634042e-14
177.55230021517195,-11.696598141550634,4.628338150530202,-9.883502742993102,-0.8089808672646002,-4.210383564936169e-15
177.55843294868134,-11.704604216562595,4.628722149386025,-9.883581151374985,-0.8077086016575373,-6.8418732930212744e-15
177.56456583384818,-11.712610310352874,4.629106926424359,-9.883661859286123,-0.8064350227008887,-5.947166785472339e-14
177.57069887210028,-11.720616421976333,4.629492479817893,-9.883744862606031,-0.8051601390150628,-2.2630811661531907e-14
177.57683206486567,-11.728622550487716,4.629878807739322,-9.883830157213636,-0.8038839592204421,2.4736003443999992e-14
177.5829654135725,-11.736628694941665,4.630265908361337,-9.88391773898725,-0.8026064919373824,-4.8419410996765944e-14
177.58909891964888,-11.744634854392721,4.630653779856628,-9.88400760380459,-0.8013277457862039,-2.789379111770212e-14
177.5952325845231,-11.752641027895333,4.631042420397888,-9.884099747542768,-0.8000477293871983,-2.2630811661531907e-14
177.60136640962352,-11.760647214503841,4.631431828157807,-9.88419416607829,-0.7987664513606298,1.473634247727659e-14
177.60750039637858,-11.76865341327248,4.63182200130908,-9.884290855287068,-0.7974839203267333,6.315575347404253e-15
177.61363454621687,-11.776659623255382,4.632212938024393,-9.884389811044398,-0.7962001449057083,1.2104852749191486e-14
177.619768860567,-11.784665843506586,4.63260463647644,-9.884491029224973,-0.7949151337177183,-3.684085619319148e-14
177.6259033408577,-11.792672073080006,4.632997094837915,-9.884594505702864,-0.7936288953829008,-3.4209366465106376e-14
177.63203798851774,-11.800678311029476,4.633390311281506,-9.884700236351552,-0.7923414385213596,-3.368306851948935e-14
177.6381728049761,-11.808684556408721,4.633784283979905,-9.884808217043895,-0.7910527717531589,-6.315575347404253e-15
177.64430779166182,-11.81669080827135,4.6341790111058065,-9.884918443652136,-0.7897629036983348,-5.3682390452936155e-14
177.6504429500039,-11.824697065670877,4.634574490831899,-9.885030912047924,-0.788471842976884,-3.157787673702127e-14
177.65657828143162,-11.832703327660717,4.634970721330873,-9.885145618102271,-0.7871795982087703,-2.4736003443999992e-14
177.6627137873742,-11.840709593294168,4.635367700775424,-9.885262557685584,-0.78588617801392,-4.3682729486212757e-14
177.66884946926106,-11.848715861624438,4.63576542733824,-9.885381726667655,-0.7845915910122232,-3.315677057387233e-14
177.67498532852167,-11.856722131704615,4.636163899192014,-9.885503120917651,-0.7832958458235332,1.4210044531659571e-14
177.6811213665856,-11.864728402587698,4.636563114509436,-9.885626736304127,-0.7819989510676651,-4.210383564936169e-15
177.6872575848825,-11.87273467332656,4.6369630714632,-9.88575256869501,-0.7807009153643938,-4.263013359497871e-14
177.6933939848421,-11.880740942973993,4.637363768225998,-9.88588061395762,-0.7794017473334601,1.842042809659574e-14
177.6995305678943,-11.888747210582677,4.637765202970516,-9.88601086795864,-0.7781014555945629,-7.894469184255318e-15
177.70566733546897,-11.896753475205166,4.638167373869452,-9.886143326564133,-0.776800048767356,1.3157448640425528e-14
177.71180428899626,-11.904759735893936,4.638570279095494,-9.886277985639541,-0.7754975354714613,-6.21031575828085e-14
177.7179414299062,-11.91276599170134,4.638973916821333,-9.886414841049685,-0.7741939243264555,-5.578758223540424e-14
177.72407875962904,-11.920772241679625,4.639378285219663,-9.886553888658742,-0.7728892239518725,1.6841534259744676e-14
177.7302162795951,-11.92877848488095,4.639783382463172,-9.886695124330277,-0.7715834429672035,2.1051917824680845e-15
177.73635399123484,-11.936784720357341,4.640189206724555,-9.886838543927217,-0.7702765899919017,1.3157448640425528e-14
177.7424918959787,-11.944790947160737,4.640595756176501,-9.886984143311864,-0.7689686736453739,-5.3682390452936155e-14
177.74862999525732,-11.952797164342956,4.6410030289917055,-9.887131918345878,-0.7676597025469806,-4.47353253774468e-14
177.7547682905014,-11.960803370955723,4.6414110233428545,-9.887281864890301,-0.7663496853160428,-1.7894130150978717e-14
177.76090678314173,-11.968809566050648,4.641819737402642,-9.887433978805538,-0.7650386305718342,-4.9472006887999985e-14
177.76704547460918,-11.976815748679229,4.642229169343762,-9.887588255951341,-0.7637265469335772,1.2631150694808506e-14
177.77318436633476,-11.984821917892871,4.642639317338901,-9.88774469218685,-0.7624134430204619,-3.789345208442552e-14
177.77932345974955,-11.99282807274285,4.6430501795607535,-9.887903283370557,-0.7610993274516182,1.9473023987829782e-14
177.78546275628472,-12.000834212280356,4.643461754182011,-9.888064025360306,-0.7597842088461346,9.47336302110638e-15
177.79160225737152,-12.008840335556458,4.643874039375365,-9.888226914013321,-0.7584680958230536,1.7367832205361697e-14
177.79774196444137,-12.016846441622114,4.644287033313505,-9.88839194518617,-0.7571509970013642,1.5788938368510633e-15
177.80388187892572,-12.024852529528188,4.644700734169125,-9.888559114734782,-0.7558329210000116,2.368340755276595e-14
177.8100220022561,-12.032858598325415,4.645115140114916,-9.888728418514447,-0.7545138764378856,-5.789277401787233e-15
177.8161623358642,-12.040864647064438,4.645530249323567,-9.888899852379808,-0.7531938719338355,2.315710960714893e-14
177.82230288118174,-12.048870674795785,4.645946059967772,-9.889073412184862,-0.751872916106649,-1.473634247727659e-14
177.8284436396406,-12.056876680569873,4.646362570220223,-9.889249093782954,-0.7505510175750676,-5.6840178126638284e-14
177.83458461267273,-12.064882663437055,4.64677977825361,-9.889426893026792,-0.7492281849577848,-1.3157448640425528e-14
177.84072580171016,-12.072888622447438,4.647197682240625,-9.889606805768432,-0.747904426873437,-5.0524602779234026e-14
177.846867208185,-12.080894556651161,4.647616280353959,-9.889788827859268,-0.746579751940607,-1.5788938368510635e-14
177.85300883352954,-12.088900465098197,4.648035570766304,-9.889972955150064,-0.7452541687778271,-3.157787673702127e-14
177.85915067917608,-12.096906346838425,4.648455551650353,-9.890159183490907,-0.7439276860035781,-1.5788938368510635e-14
177.8652927465571,-12.104912200921598,4.648876221178794,-9.890347508731253,-0.7426003122362783,-3.210417468263829e-14
177.87143503710507,-12.112918026397356,4.64929757752432,-9.890537926719889,-0.7412720560942982,-3.4209366465106376e-14
177.87757755225266,-12.120923822315246,4.649719618859624,-9.890730433304942,-0.73994292619595,-9.999660966723401e-15
177.8837202934326,-12.128929587724691,4.650142343357396,-9.890925024333903,-0.7386129311594889,-4.999830483361701e-14
177.88986326207765,-12.136935321675004,4.650565749190326,-9.891121695653583,-0.7372820796031142,1.9473023987829782e-14
177.89600645962082,-12.14494102321539,4.65098983453111,-9.891320443110136,-0.7359503801449683,-3.1577876737021266e-15
177.90214988749509,-12.152946691394936,4.651414597552434,-9.891521262549073,-0.7346178414031375,1.5788938368510635e-14
177.90829354713358,-12.160952325262626,4.651840036426996,-9.891724149815222,-0.7332844719956454,-6.315575347404254e-14
177.9144374399695,-12.168957923867326,4.652266149327481,-9.891929100752758,-0.7319502805404581,-1.1052256857957444e-14
177.9205815674362,-12.176963486257796,4.652692934426584,-9.892136111205188,-0.7306152756554837,1.5788938368510633e-15
177.92672593096702,-12.184969011482677,4.653120389896994,-9.892345177015367,-0.7292794659585703,-2.1578215770297867e-14
177.93287053199555,-12.192974498590496,4.653548513911407,-9.892556294025457,-0.7279428600675026,5.2629794561702115e-15
177.93901537195538,-12.200979946629673,4.65397730464251,-9.892769458076975,-0.7266054666000057,-1.7894130150978717e-14
177.94516045228022,-12.208985354648515,4.654406760262996,-9.89298466501076,-0.7252672941737444,-2.1051917824680846e-14
177.95130577440386,-12.216990721695211,4.6548368789455585,-9.893201910666983,-0.7239283514063161,-4.8419410996765944e-14
177.95745133976024,-12.22499604681784,4.655267658862885,-9.893421190885144,-0.722588646915266,-2.5788599335234036e-14
177.96359714978334,-12.233001329064372,4.65569909818767,-9.893642501504065,-0.721248189318058,-1.9999321933446802e-14
177.96974320590726,-12.241006567482653,4.6561311950926045,-9.893865838361902,-0.7199069872321121,1.3157448640425528e-14
177.9758895095663,-12.249011761120423,4.656563947750381,-9.894091197296127,-0.7185650492747686,4.210383564936169e-15
177.98203606219465,-12.257016909025305,4.656997354333687,-9.89431857414355,-0.717222384063311,-2.5262301389617013e-14
177.9881828652268,-12.26502201024481,4.657431413015218,-9.89454796474029,-0.7158790002149525,-6.47346473108936e-14
177.99432992009721,-12.273027063826326,4.6578661219676665,-9.894779364921794,-0.7145349063468384,-1.5788938368510633e-15
178.00047722824053,-12.281032068817144,4.6583014793637165,-9.895012770522834,-0.713190111076055,-3.315677057387233e-14
178.00662479109144,-12.289037024264422,4.658737483376068,-9.895248177377484,-0.711844623019615,-5.4734986344170195e-14
178.01277261008474,-12.297041929215215,4.659174132177408,-9.895485581319157,-0.7104984507944623,1.2104852749191486e-14
178.01892068665538,-12.305046782716456,4.659611423940429,-9.89572497818057,-0.7091516030174767,-3.368306851948935e-14
178.0250690222383,-12.313051583814968,4.660049356837822,-9.895966363793761,-0.7078040883054649,-1.0525958912340423e-14
178.03121761826873,-12.321056331557442,4.66048792904228,-9.896209733990077,-0.7064559152751659,-4.157753770374467e-14
178.0373664761818,-12.329061024990487,4.660927138726494,-9.896455084600182,-0.7051070925432468,-5.210349661608509e-14
178.04351559741283,-12.337065663160562,4.661366984063155,-9.896702411454052,-0.7037576287263063,-6.526094525651062e-14
178.0496649833972,-12.345070245114032,4.661807463224953,-9.896951710380982,-0.7024075324408704,-3.1577876737021266e-15
178.05581463557053,-12.353074769897127,4.662248574384581,-9.89720297720956,-0.7010568123033908,-3.1577876737021266e-15
178.06196455536835,-12.361079236555982,4.662690315714731,-9.897456207767688,-0.699705476930248,1.4210044531659571e-14
178.06811474422642,-12.369083644136596,4.663132685388095,-9.897711397882587,-0.6983535349377532,9.999660966723401e-15
178.07426520358058,-12.37708799168486,4.663575681577362,-9.897968543380767,-0.6970009949421397,-4.263013359497871e-14
178.08041593486666,-12.38509227824655,4.664019302455227,-9.898227640088056,-0.6956478655595651,1.3683746586042549e-14
178.08656693952082,-12.393096502867325,4.664463546194376,-9.898488683829585,-0.6942941554061177,-2.4209705498382972e-14
178.0927182189791,-12.401100664592711,4.664908410967507,-9.898751670429776,-0.6929398730978068,-2.0525619879063826e-14
178.0988697746777,-12.409104762468143,4.665353894947307,-9.899016595712363,-0.691585027250562,2.2104513715914887e-14
178.10502160805305,-12.417108795538915,4.665799996306468,-9.899283455500381,-0.6902296264802448,-1.9999321933446802e-14
178.1111737205415,-12.425112762850212,4.666246713217684,-9.899552245616151,-0.6888736794026322,2.2104513715914887e-14
178.11732611357965,-12.433116663447105,4.666694043853646,-9.899822961881313,-0.687517194633429,2.9998982900170206e-14
178.1234787886041,-12.441120496374541,4.667141986387043,-9.900095600116778,-0.6861601807882561,1.0525958912340423e-15
178.1296317470516,-12.449124260677344,4.667590538990567,-9.900370156142774,-0.6848026464826604,8.947065075489359e-15
178.13578499035904,-12.457127955400237,4.668039699836911,-9.900646625778819,-0.6834446003321083,-3.684085619319148e-14
178.1419385199633,-12.465131579587796,4.668489467098766,-9.900925004843709,-0.6820860509519847,-4.5261623323063815e-14
178.14809233730145,-12.473135132284511,4.668939838948823,-9.901205289155554,-0.6807270069575913,-1.1052256857957444e-14
178.15424644381068,-12.481138612534721,4.669390813559774,-9.90148747453173,-0.6793674769641557,-1.1052256857957444e-14
178.16040084092825,-12.489142019382665,4.66984238910431,-9.901771556788928,-0.6780074695868186,-3.73671541388085e-14
178.1665555300915,-12.4971453518725,4.670294563755124,-9.90205753174311,-0.6766469934406413,-3.105157879140425e-14
178.17271051273786,-12.505148609048133,4.670747335684903,-9.90234539520953,-0.6752860571405958,-2.789379111770212e-14
178.17886579030497,-12.513151789953485,4.671200703066346,-9.902635143002724,-0.6739246693015822,-4.73668151055319e-14
178.18502136423044,-12.521154893632302,4.671654664072138,-9.90292677093652,-0.672562838538403,-3.263047262825531e-14
178.1911772359521,-12.529157919128222,4.672109216874973,-9.903220274824026,-0.6712005734657887,-3.5788260301957434e-14
178.1973334069078,-12.537160865484756,4.6725643596475415,-9.90351565047763,-0.6698378826983726,3.684085619319148e-15
178.20348987853555,-12.5451637317453,4.673020090562536,-9.903812893709002,-0.6684747748507146,-5.789277401787233e-15
178.20964665227342,-12.553166516953118,4.6734764077926485,-9.904112000329091,-0.6671112585372818,5.2629794561702115e-15
178.21580372955967,-12.56116922015136,4.67393330951057,-9.904412966148122,-0.6657473423724491,-5.210349661608509e-14
178.22196111183248,-12.569171840383053,4.674390793888991,-9.904715786975611,-0.6643830349705125,1.9473023987829782e-14
178.22811880053038,-12.577174376691106,4.674848859100603,-9.905020458620335,-0.6630183449456781,-4.5261623323063815e-14
178.23427679709178,-12.585176828118309,4.675307503318098,-9.905326976890345,-0.6616532809120593,-1.1578554803574466e-14
178.24043510295536,-12.593179193707313,4.675766724714169,-9.905635337592981,-0.6602878514836859,-2.789379111770212e-14
178.24659371955983,-12.601181472500665,4.676226521461505,-9.90594553653484,-0.6589220652744926,-2.8420089063319142e-14
178.252752648344,-12.609183663540774,4.6766868917328,-9.906257569521788,-0.6575559308983273,-4.578792126868084e-14
178.25891189074682,-12.61718576586994,4.677147833700744,-9.906571432358984,-0.6561894569689455,1.7894130150978717e-14
178.26507144820732,-12.625187778530341,4.677609345538025,-9.906887120850838,-0.6548226521000119,-2.2630811661531907e-14
178.27123132216462,-12.633189700564014,4.6780714254173414,-9.90720463080102,-0.6534555249050993,-6.47346473108936e-14
178.277391514058,-12.641191531012899,4.678534071511383,-9.907523958012483,-0.6520880839976848,-4.894570894238297e-14
178.2835520253268,-12.649193268918784,4.678997281992836,-9.90784509828744,-0.6507203379911556,-3.789345208442552e-14
178.2897128574105,-12.657194913323357,4.679461055034397,-9.908168047427363,-0.6493522954988036,-5.0524602779234026e-14
178.29587401174862,-12.665196463268163,4.6799253888087575,-9.908492801232994,-0.6479839651338241,-1.1578554803574466e-14
178.3020354897809,-12.673197917794651,4.680390281488605,-9.908819355504328,-0.6466153555093228,-3.1577876737021266e-15
178.30819729294709,-12.681199275944119,4.680855731246635,-9.909147706040628,-0.6452464752383092,-1.5788938368510633e-15
178.31435942268706,-12.689200536757735,4.681321736255536,-9.909477848640416,-0.6438773329336892,-6.262945552842552e-14
178.3205218804408,-12.697201699276581,4.681788294688002,-9.909809779101462,-0.642507937208277,-2.9998982900170206e-14
178.3266846676484,-12.705202762541571,4.682255404716725,-9.910143493220797,-0.6411382966747898,-2.8946387008936165e-14
