galstreams/tracks/track.st.M5.ibata2021.ecsv
# %ECSV 0.9
# ---
# datatype:
# - {name: ra, unit: deg, datatype: float64}
# - {name: dec, unit: deg, datatype: float64}
# - {name: distance, unit: kpc, datatype: float64}
# - {name: pm_ra_cosdec, unit: mas / yr, datatype: float64}
# - {name: pm_dec, unit: mas / yr, datatype: float64}
# - {name: radial_velocity, unit: km / s, datatype: float64}
# delimiter: ','
# meta: !!omap
# - __serialized_columns__:
#     dec:
#       __class__: astropy.coordinates.angles.Latitude
#       unit: &id001 !astropy.units.Unit {unit: deg}
#       value: !astropy.table.SerializedColumn {name: dec}
#     distance:
#       __class__: astropy.coordinates.distances.Distance
#       unit: !astropy.units.Unit {unit: kpc}
#       value: !astropy.table.SerializedColumn {name: distance}
#     pm_dec:
#       __class__: astropy.units.quantity.Quantity
#       unit: !astropy.units.Unit {unit: mas / yr}
#       value: !astropy.table.SerializedColumn {name: pm_dec}
#     pm_ra_cosdec:
#       __class__: astropy.units.quantity.Quantity
#       unit: !astropy.units.Unit {unit: mas / yr}
#       value: !astropy.table.SerializedColumn {name: pm_ra_cosdec}
#     ra:
#       __class__: astropy.coordinates.angles.Longitude
#       unit: *id001
#       value: !astropy.table.SerializedColumn {name: ra}
#       wrap_angle: !astropy.coordinates.Angle
#         unit: *id001
#         value: 360.0
#     radial_velocity:
#       __class__: astropy.units.quantity.Quantity
#       unit: !astropy.units.Unit {unit: km / s}
#       value: !astropy.table.SerializedColumn {name: radial_velocity}
# schema: astropy-2.0
ra,dec,distance,pm_ra_cosdec,pm_dec,radial_velocity
[from data line 414]
200.01741266007963,16.327170418059158,7.195509241832533,3.052600856356521,-8.690079003122728,-5.0524602779234026e-14
200.02725809287494,16.323664462945928,7.19700498613647,3.0529617938901663,-8.690168855156063,-6.73661370389787e-14
200.0371026575345,16.32015670819044,7.198504101468596,3.0533189826238227,-8.690252991565742,-1.0104920555846805e-13
200.04694636146075,16.316647173615596,7.200006537559296,3.053672355628534,-8.690331453593528,-8.420767129872338e-14
200.0567892120599,16.313135879042928,7.201512244138945,3.0540218459669615,-8.69040428246859,-3.368306851948935e-14
200.06663121674154,16.309622844292534,7.203021170937928,3.0543673866933747,-8.690471519407499,-6.73661370389787e-14
200.07647238291906,16.306108089183102,7.204533267686628,3.054708910853658,-8.690533205614253,-8.420767129872338e-14
200.08631271800922,16.302591633531897,7.206048484115422,3.0550463514853385,-8.690589382280272,-8.420767129872338e-14
200.09615222943245,16.29907349715478,7.207566769954689,3.0553796416175865,-8.69064009058441,-8.420767129872338e-14
200.1059909246127,16.295553699866204,7.209088074934818,3.0557087142712174,-8.69068537169295,-8.420767129872338e-14
200.11582881097752,16.292032261479193,7.210612348786182,3.0560335024587193,-8.690725266759634,-6.73661370389787e-14
200.12566589595792,16.28850920180538,7.212139541239164,3.0563539391842482,-8.690759816925642,-8.420767129872338e-14
200.1355021869886,16.28498454065498,7.213669602024147,3.0566699574436433,-8.69078906331962,-8.420767129872338e-14
200.1453376915077,16.28145829783679,7.21520248087151,3.056981490224437,-8.690813047057674,-8.420767129872338e-14
200.15517241695693,16.277930493158195,7.216738127511638,3.0572884705058656,-8.690831809243381,-3.368306851948935e-14
200.16500637078155,16.274401146425195,7.2182764916749065,3.0575908312588758,-8.6908453909678,-3.368306851948935e-14
200.17483956043034,16.27087027744236,7.2198175230917,3.0578885054461384,-8.690853833309463,-8.420767129872338e-14
200.1846719933556,16.267337906012852,7.221361171492396,3.05818142602206,-8.690857177334403,-8.420767129872338e-14
200.19450367701324,16.263804051938436,7.222907386607377,3.058469525932779,-8.69085546409614,-6.73661370389787e-14
200.20433461886256,16.260268735019462,7.224456118167026,3.058752738116195,-8.6908487346357,-5.0524602779234026e-14
200.2141648263665,16.256731975054876,7.226007315901723,3.0590309955019594,-8.690837029981619,-5.0524602779234026e-14
200.22399430699141,16.253193791842218,7.227560929541848,3.0593042310115024,-8.69082039114994,-8.420767129872338e-14
200.2338230682073,16.249654205177613,7.229116908817783,3.0595723775580335,-8.690798859144236,-5.0524602779234026e-14
200.24365111748753,16.246113234855798,7.230675203459906,3.059835368046545,-8.6907724749556,-5.0524602779234026e-14
200.25347846230903,16.242570900670106,7.232235763198603,3.0600931353738337,-8.690741279562651,-6.73661370389787e-14
200.26330511015232,16.23902722241244,7.23379853776425,3.0603456124285056,-8.690705313931566,-3.368306851948935e-14
200.27313106850127,16.235482219873326,7.2353634768872315,3.0605927320909787,-8.690664619016038,-8.420767129872338e-14
200.28295634484337,16.23193591284187,7.236930530297928,3.060834427233507,-8.690619235757337,-5.0524602779234026e-14
200.2927809466695,16.228388321105786,7.23849964772672,3.0610706307201676,-8.690569205084266,-6.73661370389787e-14
200.30260488147408,16.22483946445139,7.240070778903986,3.061301275406902,-8.690514567913212,-6.73661370389787e-14
200.31242815675506,16.22128936266358,7.2416438735601085,3.061526294141489,-8.690455365148107,-1.0104920555846805e-13
200.3222507800138,16.217738035525855,7.243218881425471,3.06174561976358,-8.690391637680468,-3.368306851948935e-14
200.33207275875517,16.214185502820335,7.244795752230451,3.0619591851046972,-8.69032342638939,-3.368306851948935e-14
200.34189410048748,16.21063178432772,7.246374435705434,3.0621669229882498,-8.690250772141543,-8.420767129872338e-14
200.3517148127226,16.20707689982731,7.247954881580794,3.0623687662295307,-8.690173715791195,-5.0524602779234026e-14
200.36153490297573,16.20352086909702,7.249537039586916,3.0625646476357407,-8.690092298180211,-1.0104920555846805e-13
200.37135437876574,16.199963711913345,7.251120859454184,3.0627545000059824,-8.69000656013804,-6.73661370389787e-14
200.38117324761475,16.196405448051397,7.252706290912973,3.062938256131288,-8.689916542481757,-1.6841534259744676e-14
200.3909915170484,16.192846097284896,7.254293283693666,3.0631158487946073,-8.689822286016037,-8.420767129872338e-14
200.4008091945959,16.18928567938615,7.255881787526646,3.0632872107708264,-8.689723831533167,-1.0104920555846805e-13
200.41062628778977,16.185724214126076,7.257471752142291,3.063452274826783,-8.689621219813066,-1.0104920555846805e-13
200.42044280416607,16.18216172127419,7.259063127270985,3.0636109737212633,-8.689514491623271,-5.0524602779234026e-14
200.43025875126423,16.17859822059862,7.260655862643109,3.0637632402050174,-8.689403687718952,-5.0524602779234026e-14
200.4400741366272,16.175033731866094,7.26224990798904,3.063909007020767,-8.689288848842923,-6.73661370389787e-14
200.44988896780134,16.171468274841953,7.263845213039163,3.0640482069032178,-8.689170015725628,-5.0524602779234026e-14
200.45970325233637,16.16790186929013,7.265441727523855,3.0641807725790597,-8.689047229085173,-3.368306851948935e-14
200.4695169977856,16.164334534973168,7.2670394011735,3.0643066367669785,-8.688920529627298,-3.368306851948935e-14
200.47933021170562,16.16076629165223,7.268638183718481,3.0644257321776696,-8.68878995804541,-6.73661370389787e-14
200.48914290165652,16.15719715908707,7.270238024889172,3.064537991513843,-8.68865555502058,-6.73661370389787e-14
200.49895507520185,16.153627157036052,7.27183887441596,3.0646433474702284,-8.688517361221537,-1.0104920555846805e-13
200.50876673990848,16.150056305256143,7.273440682029225,3.0647417327335895,-8.688375417304686,-3.368306851948935e-14
200.51857790334674,16.14648462350294,7.275043397459346,3.0648330799827335,-8.688229763914116,-6.73661370389787e-14
200.52838857309044,16.142912131530633,7.276646970436703,3.064917321888505,-8.688080441681576,-8.420767129872338e-14
200.5381987567167,16.139338849092006,7.278251350691681,3.0649943911138187,-8.687927491226521,-6.73661370389787e-14
200.54800846180612,16.13576479593848,7.279856487954659,3.065064220313643,-8.687770953156088,-8.420767129872338e-14
200.55781769594267,16.132189991820074,7.281462331956018,3.065126742135026,-8.6876108680651,-3.368306851948935e-14
200.56762646671376,16.128614456485426,7.283068832426138,3.0651818892170968,-8.687447276536096,-5.0524602779234026e-14
200.5774347817101,16.125038209681765,7.2846759390954,3.065229594191073,-8.687280219139307,-5.0524602779234026e-14
200.58724264852594,16.12146127115495,7.286283601694186,3.0652697896802708,-8.687109736432669,-5.0524602779234026e-14
200.5970500747588,16.117883660649444,7.287891769952877,3.065302408300111,-8.68693586896184,-8.420767129872338e-14
200.6068570680097,16.114305397908318,7.2895003936018545,3.065327382658128,-8.686758657260192,-6.73661370389787e-14
200.61666363588293,16.110726502673277,7.2911094223714965,3.0653446453539823,-8.686578141848814,-1.0104920555846805e-13
200.62646978598625,16.1071469946846,7.292718805992187,3.065354128979462,-8.686394363236527,-6.73661370389787e-14
200.63627552593076,16.10356689368122,7.294328494194305,3.0653557661184943,-8.686207361919873,-8.420767129872338e-14
200.64608086333098,16.09998621940066,7.295938436708234,3.0653494893471485,-8.686017178383132,-3.368306851948935e-14
200.65588580580476,16.096404991579067,7.297548583264353,3.0653352312336573,-8.68582385309832,-8.420767129872338e-14
200.66569036097334,16.092823229951204,7.299158883593043,3.0653129243384054,-8.685627426525203,-1.1789073981821273e-13
200.67549453646134,16.089240954250428,7.300769287424687,3.0652825012139524,-8.685427939111278,-6.73661370389787e-14
200.68529833989675,16.08565818420875,7.30237974448966,3.0652438944050395,-8.685225431291805,-5.0524602779234026e-14
200.69510177891087,16.082074939556758,7.303990204518351,3.0651970364485805,-8.685019943489793,-3.368306851948935e-14
200.7049048611385,16.078491240023688,7.305600617241135,3.0651418598736937,-8.684811516116007,-1.6841534259744676e-14
200.71470759421754,16.074907105337374,7.307210932388396,3.065078297201698,-8.684600189568979,-5.0524602779234026e-14
200.7245099857896,16.071322555224274,7.308821099690514,3.0650062809461143,-8.684386004234998,-3.368306851948935e-14
200.73431204349936,16.067737609409456,7.310431068877866,3.0649257436126867,-8.684169000488131,-5.0524602779234026e-14
200.74411377499493,16.06415228761662,7.312040789680841,3.0648366176993767,-8.68394921869021,-8.420767129872338e-14
200.75391518792782,16.06056660956806,7.313650211829818,3.0647388356963763,-8.683726699190846,-8.420767129872338e-14
200.76371628995287,16.05698059498473,7.315259285055171,3.064632330086128,-8.68350148232744,-5.0524602779234026e-14
200.77351708872817,16.053394263586164,7.316867959087288,3.064517033343304,-8.683273608425162,-1.0104920555846805e-13
200.78331759191528,16.049807635090524,7.318476183656548,3.0643928779348437,-8.683043117796974,-3.368306851948935e-14
200.79311780717904,16.046220729214618,7.320083908493331,3.0642597963199405,-8.68281005074364,-5.0524602779234026e-14
200.80291774218762,16.04263356567384,7.321691083328017,3.064117720950056,-8.682574447553705,-5.0524602779234026e-14
200.81271740461247,16.039046164182224,7.32329765789099,3.063966584268935,-8.682336348503519,-5.0524602779234026e-14
200.8225168021285,16.035458544452425,7.324903581912632,3.0638063187125937,-8.682095793857217,-5.0524602779234026e-14
200.83231594241386,16.031870726195713,7.326508805123319,3.0636368567093477,-8.68185282386677,-5.0524602779234026e-14
200.84211483314996,16.028282729121987,7.328113277253432,3.063458130679812,-8.681607478771934,-6.73661370389787e-14
200.85191348202173,16.02469457293975,7.329716948033357,3.0632700730368936,-8.681359798800276,-6.73661370389787e-14
200.86171189671722,16.021106277356164,7.331319767193471,3.063072616185825,-8.681109824167185,-6.73661370389787e-14
200.8715100849279,16.01751786207698,7.332921684464158,3.0628656925241486,-8.680857595075867,-6.73661370389787e-14
200.88130805434852,16.01392934680658,7.334522649575797,3.0626492344417375,-8.680603151717346,-5.0524602779234026e-14
200.89110581267718,16.010340751247984,7.336122612258769,3.0624231743208017,-8.680346534270473,-3.368306851948935e-14
200.90090336761523,16.00675209510283,7.337721522243454,3.0621874445358817,-8.68008778290192,-5.0524602779234026e-14
200.91070072686736,16.003163398071365,7.339319329260235,3.0619419774538685,-8.679826937766192,-3.368306851948935e-14
200.92049789814158,15.999574679852486,7.340915983039491,3.0616867054340116,-8.679564039005628,-5.0524602779234026e-14
200.93029488914914,15.995985960143702,7.342511433311605,3.0614215608279176,-8.6792991267504,-6.73661370389787e-14
200.94009170760472,15.992397258641148,7.344105629806957,3.0611464759795624,-8.679032241118527,-1.6841534259744676e-14
200.9498883612261,15.988808595039592,7.345698522255926,3.0608613832252973,-8.678763422215853,-6.73661370389787e-14
200.95968485773457,15.98521998903241,7.347290060388898,3.0605662148938486,-8.678492710136082,-5.0524602779234026e-14
200.96948120485456,15.981631460311633,7.348880193936248,3.060260903306338,-8.678220144960758,-5.0524602779234026e-14
200.9792774103138,15.978043028567894,7.350468872628361,3.059945380776281,-8.677945766759267,-6.73661370389787e-14
200.98907348184343,15.974454713490472,7.3520560461956155,3.0596195796095946,-8.677669615588869,-5.0524602779234026e-14
200.99886942717774,15.97086653476726,7.353641664368396,3.0592834321045967,-8.67739173149465,-8.420767129872338e-14
201.0086652540544,15.967278512084793,7.3552256768770805,3.0589368705520315,-8.677112154509576,-5.0524602779234026e-14
201.01846097021425,15.963690665128219,7.356808033452048,3.0585798272350586,-8.676830924654473,-5.0524602779234026e-14
201.02825658340151,15.960103013581325,7.3583886838236845,3.0582122344292646,-8.67654808193801,-5.0524602779234026e-14
201.0380521013636,15.956515577126533,7.359967577722367,3.0578340244026725,-8.676263666356737,-8.420767129872338e-14
201.04784753185135,15.952928375444882,7.361544664878479,3.057445129415749,-8.67597771789507,-5.0524602779234026e-14
201.05764288261867,15.949341428216043,7.363119895022399,3.0570454817213997,-8.675690276525287,-6.73661370389787e-14
201.06743816142287,15.945754755118328,7.36469321788451,3.056635013564992,-8.675401382207545,-1.6841534259744676e-14
201.0772333760245,15.942168375828674,7.366264583195191,3.0562136571843546,-8.67511107488987,-5.0524602779234026e-14
201.08702853418737,15.938582310022644,7.367833940684825,3.0557813448097675,-8.67481939450817,-5.0524602779234026e-14
201.09682364367853,15.934996577374433,7.369401240083792,3.0553380086640063,-8.674526380986228,-6.73661370389787e-14
201.10661871226836,15.931411197556884,7.370966431122475,3.0548835809623096,-8.674232074235707,-6.73661370389787e-14
201.11641374773038,15.927826190241445,7.372529463531252,3.0544179939124025,-8.673936514156157,-1.0104920555846805e-13
201.12620875784154,15.924241575098216,7.374090287040503,3.0539411797145077,-8.673639740635013,-5.0524602779234026e-14
201.13600375038183,15.920657371795924,7.375648851380613,3.0534530705613423,-8.673341793547584,0.0
201.14579873313465,15.91707360000194,7.377205106281961,3.052953598638126,-8.673042712757088,-5.0524602779234026e-14
201.15559371388662,15.91349027938225,7.3787590014749265,3.0524426961225903,-8.672742538114619,-8.420767129872338e-14
201.16538870042763,15.909907429601478,7.3803104866898925,3.0519202951849813,-8.672441309459174,-3.368306851948935e-14
201.17518370055066,15.906325070322895,7.381859511657239,3.051386327988065,-8.672139066617632,-5.0524602779234026e-14
201.1849787220522,15.902743221208397,7.383406026107347,3.0508407266871416,-8.671835849404781,-3.368306851948935e-14
201.1947737727317,15.899161901918504,7.3849499797705995,3.050283423430036,-8.6715316976233,0.0
201.2045688603921,15.8955811321124,7.386491322377374,3.0497143503571182,-8.67122665106377,-5.0524602779234026e-14
201.2143639928394,15.892000931447877,7.388030003658053,3.0491334396013077,-8.670920749504674,-1.0104920555846805e-13
201.22415917788288,15.888421319581369,7.389565973343017,3.0485406232880665,-8.670614032712395,-1.0104920555846805e-13
201.23395442333515,15.884842316167951,7.391099181162648,3.0479358335354196,-8.67030654044123,-5.0524602779234026e-14
201.24374973701194,15.881263940861345,7.392629576847327,3.047319002453951,-8.669998312433368,-6.73661370389787e-14
201.25354512673223,15.877686213313883,7.394157110127433,3.0466900621468187,-8.669689388418917,-8.420767129872338e-14
201.26334060031826,15.874109153176553,7.395681730733349,3.046048944709749,-8.669379808115888,-3.368306851948935e-14
201.27313616559547,15.870532780098978,7.3972033883954555,3.0453955822310554,-8.66906961123021,-8.420767129872338e-14
201.28293183039258,15.866957113729418,7.398722032844135,3.044729906791629,-8.668758837455718,-5.0524602779234026e-14
201.29272760254148,15.86338217371476,7.400237613809765,3.0440518504649563,-8.668447526474159,-6.73661370389787e-14
201.30252348987722,15.859807979700548,7.401750081022726,3.0433613453171224,-8.668135717955206,-8.420767129872338e-14
201.31231950023823,15.856234551330948,7.403259384213403,3.0426583234068136,-8.667823451556432,-3.368306851948935e-14
201.322115641466,15.852661908248779,7.404765473112175,3.041942716785319,-8.667510766923339,-5.0524602779234026e-14
201.33191192140535,15.84909007009548,7.406268297449423,3.041214457496548,-8.667197703689345,-5.0524602779234026e-14
201.34170834790427,15.845519056511149,7.407767806955528,3.0404734775770264,-8.66688430147578,-3.368306851948935e-14
201.3515049288139,15.84194888713451,7.40926395136087,3.0397197090559005,-8.666570599891909,-3.368306851948935e-14
201.3613016719887,15.838379581602936,7.410756680395831,3.0389530839549526,-8.66625663853491,-6.73661370389787e-14
