galstreams/tracks/track.st.M5.ibata2020.ecsv
# %ECSV 0.9
# ---
# datatype:
# - {name: ra, unit: deg, datatype: float64}
# - {name: dec, unit: deg, datatype: float64}
# - {name: distance, unit: kpc, datatype: float64}
# - {name: pm_ra_cosdec, unit: mas / yr, datatype: float64}
# - {name: pm_dec, unit: mas / yr, datatype: float64}
# - {name: radial_velocity, unit: km / s, datatype: float64}
# delimiter: ','
# meta: !!omap
# - __serialized_columns__:
#     dec:
#       __class__: astropy.coordinates.angles.Latitude
#       unit: &id001 !astropy.units.Unit {unit: deg}
#       value: !astropy.table.SerializedColumn {name: dec}
#     distance:
#       __class__: astropy.coordinates.distances.Distance
#       unit: !astropy.units.Unit {unit: kpc}
#       value: !astropy.table.SerializedColumn {name: distance}
#     pm_dec:
#       __class__: astropy.units.quantity.Quantity
#       unit: !astropy.units.Unit {unit: mas / yr}
#       value: !astropy.table.SerializedColumn {name: pm_dec}
#     pm_ra_cosdec:
#       __class__: astropy.units.quantity.Quantity
#       unit: !astropy.units.Unit {unit: mas / yr}
#       value: !astropy.table.SerializedColumn {name: pm_ra_cosdec}
#     ra:
#       __class__: astropy.coordinates.angles.Longitude
#       unit: *id001
#       value: !astropy.table.SerializedColumn {name: ra}
#       wrap_angle: !astropy.coordinates.Angle
#         unit: *id001
#         value: 360.0
#     radial_velocity:
#       __class__: astropy.units.quantity.Quantity
#       unit: !astropy.units.Unit {unit: km / s}
#       value: !astropy.table.SerializedColumn {name: radial_velocity}
# schema: astropy-2.0
ra,dec,distance,pm_ra_cosdec,pm_dec,radial_velocity
[from data line 138]
201.37789252869553,15.832337104532373,7.41327663784759,3.0376253171390655,-8.665724473922936,-5.0524602779234026e-14
201.4171318210885,15.818057369616989,7.419195338919856,3.03433577020851,-8.664464512230117,-6.73661370389787e-14
201.4563745615607,15.803793600326033,7.425053855442414,3.0308326936966026,-8.663204633012723,-8.420767129872338e-14
201.49562125658326,15.789547057390632,7.430848958019071,3.0271117162395784,-8.661947372916764,-3.368306851948935e-14
201.5348724134482,15.775319001192765,7.436577417253632,3.023168464592772,-8.660695265483007,-3.368306851948935e-14
201.57412854026688,15.761110691765563,7.442236003749905,3.0189985636356447,-8.659450841147432,-6.73661370389787e-14
201.6133901459683,15.746923388793515,7.447821488111697,3.0145976363766613,-8.658216627241575,-3.368306851948935e-14
201.65265774029783,15.732758351612778,7.45333064094281,3.0099613039580495,-8.65699514799265,-1.0104920555846805e-13
201.6919318338155,15.718616839211366,7.458760232847055,3.0050851856603926,-8.655788924523518,-5.0524602779234026e-14
201.73121293789487,15.704500110229429,7.464107034428237,2.9999648989071175,-8.654600474852506,-6.73661370389787e-14
201.77050156472166,15.690409422959432,7.469367816290163,2.9945960592688214,-8.653432313893035,-5.0524602779234026e-14
201.80979822729233,15.676346035346397,7.474539349036638,2.988974280467475,-8.652286953453087,-3.368306851948935e-14
201.84910343941317,15.66231120498812,7.479618403271469,2.9830951743804937,-8.651166902234513,-6.73661370389787e-14
201.8884177156989,15.648306189135342,7.484601749598463,2.9769543510446597,-8.650074665832165,-6.73661370389787e-14
201.92774157157166,15.634332244691956,7.4894861586214265,2.9705474186599337,-8.649012746732865,-6.73661370389787e-14
201.96707552326015,15.620390628215207,7.494268400944166,2.9638699835931113,-8.647983644314209,1.6841534259744676e-14
202.00642008779835,15.606482595915857,7.498945247170486,2.9569176503813592,-8.646989854843202,-3.368306851948935e-14
202.04577578302488,15.592609403658319,7.503513467904195,2.949686021735617,-8.646033871474724,-1.6841534259744676e-14
202.0851431275821,15.57877230696088,7.507969833749099,2.9421706985438645,-8.645118184249853,-5.0524602779234026e-14
202.12452264091513,15.564972560995795,7.512311115309005,2.9343672798742677,-8.644245280093985,-3.368306851948935e-14
202.1639148432713,15.551211420589473,7.51653408318772,2.926271362978183,-8.643417642814823,-5.0524602779234026e-14
202.20332025569942,15.537490140222605,7.520635507989045,2.917878543293044,-8.642637753100185,-8.420767129872338e-14
202.24273940004906,15.523809974030234,7.524612160316793,2.909184414445103,-8.641908088515649,-1.6841534259744676e-14
202.28217279897004,15.510172175801982,7.528460810774767,2.9001845682520617,-8.641231123502031,-6.73661370389787e-14
202.321620975912,15.49657799898206,7.532178229966775,2.8908745947255623,-8.640609329372714,-1.6841534259744676e-14
202.36108445512366,15.483028696669434,7.535761188496622,2.881250082073567,-8.640045174310794,-1.6841534259744676e-14
202.40056376165276,15.469525521617886,7.539206456968119,2.8713066167025723,-8.639541123366064,-1.6841534259744676e-14
202.4400594213454,15.456069726236125,7.5425108059850645,2.8610397832197565,-8.639099638451855,-5.0524602779234026e-14
202.47957196084596,15.44266256258784,7.545671006151271,2.850445164434944,-8.638723178341673,-3.368306851948935e-14
202.51910190759662,15.429305282391804,7.5486838280705415,2.8395183413624836,-8.638414198665723,-6.73661370389787e-14
202.55864978983743,15.415999137021897,7.551546042346686,2.8282548932229727,-8.638175151907214,0.0
202.59821613660594,15.402745377507209,7.554254419583509,2.8166503974448895,-8.638008487398547,-3.368306851948935e-14
202.63780147773718,15.389545254532042,7.556805730384815,2.8047004296660694,-8.637916651317305,-5.0524602779234026e-14
202.67740634386374,15.376400018435964,7.559196745354414,2.7924005637350784,-8.637902086682091,-6.73661370389787e-14
202.71703126641563,15.363310919213843,7.561424235096109,2.7797463717124486,-8.637967233348212,-5.0524602779234026e-14
202.75667677762036,15.350279206515879,7.563484970213711,2.7667334238718135,-8.63811452800317,-6.73661370389787e-14
202.79634341050314,15.337306129647592,7.565375721311019,2.753357288700896,-8.638346404162021,-6.73661370389787e-14
202.83603169888713,15.324392937569845,7.567093258991849,2.7396135329023745,-8.638665292162525,-3.368306851948935e-14
202.87574217739336,15.311540878898843,7.568634353860001,2.725497721394671,-8.63907361916019,-5.0524602779234026e-14
202.91547538144138,15.298751201906118,7.5699957765192805,2.711005417312552,-8.639573809123073,-3.368306851948935e-14
202.95523184724928,15.286025154518503,7.5711742975735,2.6961321820076525,-8.640168282826494,-5.0524602779234026e-14
202.9950121118343,15.273363984318117,7.57216668762646,2.680873575048868,-8.640859457847515,-1.0104920555846805e-13
203.0348167130132,15.260768938542322,7.57296971728197,2.6652251542226306,-8.641649748559287,-3.368306851948935e-14
203.07464618940264,15.248241264083688,7.5735801571438355,2.649182475533058,-8.642541566125228,-1.6841534259744676e-14
203.11450108041976,15.235782207489935,7.573994777815863,2.632741093201972,-8.643537318493005,-6.73661370389787e-14
203.15438192628295,15.22339301496386,7.574210349901858,2.6158965596688306,-8.644639410388379,-5.0524602779234026e-14
203.19428926801223,15.211074932363303,7.574223644005629,2.5986444255905106,-8.645850243308853,-5.0524602779234026e-14
203.23422364743007,15.19882920520103,7.57403143073098,2.5809802398409794,-8.64717221551717,-5.0524602779234026e-14
203.2741856071621,15.186657078644691,7.573630480681722,2.5628995495108464,-8.648607722034612,-8.420767129872338e-14
203.31417569063808,15.174559797516675,7.5730175644616535,2.54439789990681,-8.65015915463415,-5.0524602779234026e-14
203.35419444209234,15.162538606294062,7.572189452674588,2.5254708345509607,-8.651828901833404,-5.0524602779234026e-14
203.39424240656504,15.15059474910847,7.571142915924331,2.5061138951799893,-8.653619348887444,-5.0524602779234026e-14
203.43432012990303,15.138729469745961,7.569874724814686,2.4863226217442524,-8.655532877781386,-5.0524602779234026e-14
203.47442815876076,15.126944011646911,7.568381649949462,2.466092552406751,-8.65757186722284,-3.368306851948935e-14
203.51456704060135,15.11523961790587,7.566660461932464,2.4454192235419545,-8.659738692634164,-6.73661370389787e-14
203.55473732369782,15.103617531271407,7.564707931367499,2.424298169734535,-8.66203572614454,-5.0524602779234026e-14
203.59493955713396,15.092078994145988,7.562520828858371,2.4027249237779684,-8.664465336581872,-1.0104920555846805e-13
203.6351742908059,15.080625248585774,7.560095925008891,2.38069501667302,-8.667029889464489,-1.0104920555846805e-13
203.67544207542304,15.069257536300489,7.557429990422862,2.3582039776261103,-8.669731746992698,-5.0524602779234026e-14
203.71574346250947,15.057977098653232,7.554519795704092,2.3352473340475752,-8.67257326804009,-8.420767129872338e-14
203.75607900440536,15.046785176660258,7.551362111456388,2.311820611549777,-8.675556808144734,-8.420767129872338e-14
203.7964492542683,15.035683010990835,7.547953708283552,2.287919333945131,-8.67868471950012,-3.368306851948935e-14
