galstreams/tracks/track.st.M68-Fjorm.palau2019.ecsv
# %ECSV 0.9
# ---
# datatype:
# - {name: ra, unit: deg, datatype: float64}
# - {name: dec, unit: deg, datatype: float64}
# - {name: distance, unit: kpc, datatype: float64}
# - {name: pm_ra_cosdec, unit: mas / yr, datatype: float64}
# - {name: pm_dec, unit: mas / yr, datatype: float64}
# - {name: radial_velocity, unit: km / s, datatype: float64}
# delimiter: ','
# meta: !!omap
# - __serialized_columns__:
#     dec:
#       __class__: astropy.coordinates.angles.Latitude
#       unit: &id001 !astropy.units.Unit {unit: deg}
#       value: !astropy.table.SerializedColumn {name: dec}
#     distance:
#       __class__: astropy.coordinates.distances.Distance
#       unit: !astropy.units.Unit {unit: kpc}
#       value: !astropy.table.SerializedColumn {name: distance}
#     pm_dec:
#       __class__: astropy.units.quantity.Quantity
#       unit: !astropy.units.Unit {unit: mas / yr}
#       value: !astropy.table.SerializedColumn {name: pm_dec}
#     pm_ra_cosdec:
#       __class__: astropy.units.quantity.Quantity
#       unit: !astropy.units.Unit {unit: mas / yr}
#       value: !astropy.table.SerializedColumn {name: pm_ra_cosdec}
#     ra:
#       __class__: astropy.coordinates.angles.Longitude
#       unit: *id001
#       value: !astropy.table.SerializedColumn {name: ra}
#       wrap_angle: !astropy.coordinates.Angle
#         unit: *id001
#         value: 360.0
#     radial_velocity:
#       __class__: astropy.units.quantity.Quantity
#       unit: !astropy.units.Unit {unit: km / s}
#       value: !astropy.table.SerializedColumn {name: radial_velocity}
# schema: astropy-2.0
ra,dec,distance,pm_ra_cosdec,pm_dec,radial_velocity
[from data line 2771]
191.3672354290085,-18.61295814649567,5.134314475677568,-2.686533320402424,2.163017323465003,1.6841534259744676e-14
191.3686517017364,-18.602788090799116,5.133783317392976,-2.6864953818043604,2.1635992911371273,-2.1051917824680845e-15
191.3700684518884,-18.592618180470303,5.133252520126404,-2.6864573114994417,2.1641813417101856,2.1051917824680845e-15
191.37148567936393,-18.582448415505326,5.13272208380055,-2.686419109505238,2.164763475146749,2.7367493172085098e-14
191.3729033840627,-18.57227879590007,5.132192008338117,-2.686380775839308,2.16534569140938,8.420767129872338e-15
191.37432156588443,-18.562109321650595,5.1316622936618055,-2.6863423105192092,2.165927990460642,4.210383564936169e-15
191.37574022472896,-18.551939992752814,5.131132939694318,-2.6863037135624883,2.1665103722630965,6.315575347404253e-15
191.37715936049634,-18.54177080920264,5.130603946358351,-2.6862649849866895,2.1670928367793034,1.6841534259744676e-14
191.3785789730866,-18.53160177099611,5.13007531357661,-2.686226124809348,2.167675383971819,1.894672604221276e-14
191.3799990624001,-18.52143287812914,5.129547041271793,-2.686187133047995,2.168258013803198,2.1051917824680846e-14
191.38141962833717,-18.511264130597578,5.129019129366603,-2.6861480097201507,2.168840726235992,8.420767129872338e-15
191.3828406707983,-18.501095528397467,5.128491577783739,-2.6861087548433336,2.169423521232752,-2.1051917824680845e-15
191.38426218968408,-18.490927071524627,5.127964386445905,-2.6860693684350543,2.1700063987560263,3.157787673702127e-14
191.3856841848953,-18.48075875997508,5.127437555275799,-2.6860298505128157,2.170589358768361,1.6841534259744676e-14
191.38710665633286,-18.47059059374461,5.126911084196121,-2.6859902010941163,2.1711724012322997,-4.210383564936169e-15
191.3885296038977,-18.460422572829223,5.126384973129575,-2.6859504201964457,2.171755526110384,1.0525958912340423e-14
191.38995302749092,-18.450254697224757,5.12585922199886,-2.6859105078372894,2.172338733365153,8.420767129872338e-15
191.39137692701385,-18.440086966927037,5.125333830726679,-2.6858704640341236,2.172922022959143,2.7367493172085098e-14
191.39280130236784,-18.429919381932056,5.12480879923573,-2.6858302888044223,2.173505394854891,0.0
191.39422615345433,-18.41975194223556,5.124284127448716,-2.68578998216565,2.174088849014929,1.2631150694808506e-14
191.395651480175,-18.409584647833515,5.123759815288339,-2.685749544135263,2.174672385401786,-2.1051917824680845e-15
191.39707728243152,-18.399417498721736,5.123235862677296,-2.6857089747307166,2.1752560039779936,4.210383564936169e-15
191.39850356012585,-18.389250494895997,5.122712269538291,-2.6856682739694544,2.175839704706075,1.0525958912340423e-14
191.3999303131599,-18.37908363635226,5.122189035794023,-2.6856274418689154,2.1764234875485564,1.473634247727659e-14
191.40135754143583,-18.36891692308624,5.121666161367195,-2.6855864784465324,2.177007352467957,1.6841534259744676e-14
191.40278524485586,-18.358750355093868,5.121143646180508,-2.6855453837197345,2.177591299426799,6.315575347404253e-15
191.40421342332235,-18.348583932370904,5.120621490156661,-2.6855041577059366,2.1781753283875984,1.894672604221276e-14
191.40564207673785,-18.338417654913112,5.120099693218355,-2.6854628004225556,2.178759439312871,0.0
191.40707120500485,-18.328251522716393,5.119578255288293,-2.685421311886994,2.1793436321651276,1.894672604221276e-14
191.40850080802622,-18.318085535776444,5.119057176289173,-2.685379692116656,2.1799279069068818,-8.420767129872338e-15
191.4099308857047,-18.307919694089154,5.118536456143699,-2.6853379411289335,2.1805122635006406,-2.1051917824680845e-15
191.41136143794333,-18.297753997650243,5.118016094774569,-2.685296058941213,2.18109670190891,1.0525958912340423e-14
191.41279246464524,-18.287588446455445,5.117496092104486,-2.685254045570875,2.1816812220941935,2.1051917824680846e-14
191.41422396571357,-18.277423040500636,5.116976448056151,-2.685211901035296,2.1822658240189945,2.1051917824680845e-15
191.41565594105177,-18.267257779781445,5.116457162552263,-2.685169625351839,2.1828505076458105,4.210383564936169e-15
191.41708839056324,-18.25709266429377,5.115938235515526,-2.685127218537867,2.1834352729371385,-2.1051917824680845e-15
191.4185213141516,-18.246927694033257,5.11541966686864,-2.6850846806107342,2.1840201198554756,1.6841534259744676e-14
191.4199547117206,-18.236762868995626,5.114901456534302,-2.6850420115877895,2.1846050483633137,2.5262301389617013e-14
191.42138858317406,-18.2265981891767,5.114383604435218,-2.684999211486372,2.185190058423142,2.1051917824680846e-14
191.42282292841597,-18.2164336545721,5.113866110494083,-2.6849562803238185,2.1857751499974505,1.0525958912340423e-14
191.42425774735034,-18.20626926517765,5.113348974633605,-2.684913218117454,2.186360323048724,2.315710960714893e-14
191.42569303988148,-18.196105020989016,5.1128321967764805,-2.684870024884604,2.1869455775394453,2.1051917824680845e-15
191.42712880591367,-18.18594092200182,5.112315776845415,-2.6848267006425774,2.187530913432096,2.5262301389617013e-14
191.42856504535138,-18.175776968211903,5.1117997147631025,-2.684783245408688,2.188116330689158,2.315710960714893e-14
191.4300017580992,-18.165613159614818,5.111284010452248,-2.684739659200236,2.188701829273105,1.894672604221276e-14
191.43143894406182,-18.155449496206366,5.110768663835554,-2.6846959420345162,2.1892874091464116,2.1051917824680846e-14
191.43287660314408,-18.145285977982173,5.110253674835717,-2.684652093928816,2.1898730702715516,6.315575347404253e-15
191.4343147352509,-18.135122604937848,5.10973904337544,-2.6846081149004175,2.1904588126109945,1.473634247727659e-14
191.43575334028736,-18.124959377069164,5.109224769377425,-2.6845640049665986,2.191044636127208,1.6841534259744676e-14
191.4371924181587,-18.11479629437166,5.108710852764373,-2.6845197641446235,2.191630540782656,0.0
191.43863196877018,-18.104633356841102,5.108197293458983,-2.6844753924517573,2.192216526539804,2.1051917824680845e-15
191.4400719920272,-18.094470564473067,5.107684091383957,-2.6844308899052547,2.192802593361111,-4.210383564936169e-15
191.44151248783544,-18.084307917263143,5.107171246461998,-2.684386256522363,2.193388741209035,-6.315575347404253e-15
191.44295345610044,-18.074145415207067,5.106658758615801,-2.684341492320328,2.1939749700460354,2.315710960714893e-14
191.4443948967281,-18.06398305830035,5.106146627768072,-2.6842965973163824,2.194561279834563,6.315575347404253e-15
191.44583680962432,-18.053820846538706,5.1056348538415115,-2.6842515715277537,2.195147670537069,1.0525958912340423e-14
191.44727919469514,-18.04365877991771,5.105123436758818,-2.684206414971667,2.195734142116005,1.6841534259744676e-14
191.44872205184674,-18.03349685843288,5.104612376442695,-2.684161127665336,2.1963206945338163,1.0525958912340423e-14
191.45016538098537,-18.023335082079935,5.104101672815843,-2.684115709625971,2.1969073277529483,6.315575347404253e-15
191.4516091820175,-18.01317345085435,5.103591325800962,-2.6840701608707738,2.197494041735842,1.0525958912340423e-14
191.4530534548496,-18.0030119647518,5.103081335320754,-2.6840244814169383,2.1980808364449387,1.0525958912340423e-14
191.45449819938838,-17.992850623767776,5.102571701297918,-2.6839786712816553,2.198667711842675,2.1051917824680845e-15
191.4559434155406,-17.98268942789794,5.102062423655155,-2.6839327304821063,2.199254667891488,-4.210383564936169e-15
191.45738910321307,-17.972528377137795,5.101553502315169,-2.6838866590354655,2.199841704553808,1.2631150694808506e-14
191.45883526231293,-17.96236747148284,5.101044937200659,-2.683840456958903,2.200428821792067,2.5262301389617013e-14
191.46028189274728,-17.95220671092874,5.100536728234324,-2.683794124269583,2.201016019568694,4.210383564936169e-15
191.46172899442337,-17.942046095470968,5.100028875338867,-2.6837476609846576,2.201603297846114,1.0525958912340423e-14
191.46317656724858,-17.93188562510501,5.0995213784369895,-2.683701067121277,2.2021906565867497,-2.1051917824680845e-15
191.46462461113038,-17.921725299826498,5.099014237451393,-2.683654342696583,2.202778095753024,1.0525958912340423e-14
191.46607312597646,-17.91156511963085,5.098507452304775,-2.683607487727711,2.2033656153073555,1.2631150694808506e-14
191.46752211169454,-17.90140508451368,5.098001022919839,-2.683560502231788,2.203953215212159,-2.1051917824680845e-15
191.46897156819244,-17.891245194470397,5.097494949219285,-2.6835133862259397,2.204540895429851,4.210383564936169e-15
191.4704214953782,-17.8810854494966,5.096989231125816,-2.683466139727277,2.205128655922841,8.420767129872338e-15
191.47187189315989,-17.870925849587724,5.09648386856213,-2.683418762752911,2.2057164966535394,-2.1051917824680845e-15
191.47332276144576,-17.86076639473922,5.095978861450928,-2.683371255319943,2.2063044175843554,8.420767129872338e-15
191.47477410014415,-17.850607084946663,5.095474209714914,-2.683323617445467,2.2068924186776893,1.473634247727659e-14
191.4762259091635,-17.840447920205424,5.094969913276786,-2.683275849146572,2.207480499895947,1.6841534259744676e-14
191.47767818841243,-17.830288900511075,5.094465972059247,-2.6832279504403385,2.208068661201527,1.473634247727659e-14
191.47913093779962,-17.820130025859033,5.093962385984995,-2.6831799213438425,2.208656902556827,1.473634247727659e-14
191.48058415723395,-17.80997129624468,5.093459154976735,-2.6831317618741513,2.2092452239242415,1.894672604221276e-14
191.4820378466243,-17.799812711663588,5.092956278957164,-2.6830834720483265,2.209833625266165,1.2631150694808506e-14
191.4834920058798,-17.78965427211109,5.092453757848985,-2.683035051883423,2.2104221065449843,-2.1051917824680845e-15
191.4849466349096,-17.779495977582723,5.091951591574898,-2.682986501396486,2.211010667723092,1.2631150694808506e-14
191.48640173362298,-17.76933782807387,5.091449780057606,-2.6829378206045593,2.211599308762871,1.2631150694808506e-14
191.48785730192947,-17.75917982357989,5.090948323219807,-2.682889009524675,2.212188029626703,2.1051917824680845e-15
191.4893133397385,-17.749021964096315,5.090447220984204,-2.682840068173861,2.2127768302769733,2.5262301389617013e-14
191.4907698469598,-17.73886424961844,5.089946473273497,-2.68279099656914,2.213365710676056,6.315575347404253e-15
191.49222682350316,-17.728706680141784,5.089446080010387,-2.682741794727522,2.2139546707863293,4.210383564936169e-15
191.49368426927845,-17.718549255661685,5.088946041117575,-2.682692462666017,2.2145437105701657,1.2631150694808506e-14
191.49514218419574,-17.708391976173477,5.088446356517762,-2.682643000401623,2.2151328299899364,0.0
191.49660056816512,-17.69823484167265,5.0879470261336515,-2.682593407951334,2.21572202900801,3.5788260301957434e-14
191.4980594210969,-17.688077852154496,5.0874480498879375,-2.6825436853321385,2.2163113075867558,2.315710960714893e-14
191.4995187429015,-17.677921007614472,5.086949427703326,-2.682493832561013,2.2169006656885326,6.315575347404253e-15
191.50097853348933,-17.667764308047897,5.086451159502519,-2.6824438496549323,2.2174901032757055,1.894672604221276e-14
191.50243879277107,-17.65760775345007,5.085953245208216,-2.6823937366308614,2.2180796203106303,0.0
191.50389952065746,-17.647451343816464,5.085455684743115,-2.682343493505761,2.2186692167556674,6.315575347404253e-15
191.50536071705935,-17.6372950791423,5.084958478029922,-2.682293120296581,2.2192588925731673,2.1051917824680845e-15
191.5068223818877,-17.627138959423046,5.084461624991334,-2.6822426170202713,2.219848647725485,2.1051917824680846e-14
191.50828451505367,-17.616982984653973,5.083965125550053,-2.682191983693767,2.2204384821749676,-2.1051917824680845e-15
191.50974711646842,-17.60682715483035,5.083468979628782,-2.682141220334,2.2210283958839616,1.473634247727659e-14
191.51121018604331,-17.596671469947623,5.082973187150218,-2.6820903269578977,2.2216183888148127,-8.420767129872338e-15
191.5126737236898,-17.58651593000098,5.082477748037065,-2.6820393035823753,2.222208460929862,-4.210383564936169e-15
191.51413772931943,-17.576360534985838,5.081982662212025,-2.6819881502243463,2.2227986121914496,2.5262301389617013e-14
191.51560220284392,-17.566205284897464,5.081487929597795,-2.681936866900714,2.2233888425619117,1.894672604221276e-14
191.51706714417514,-17.5560501797311,5.080993550117077,-2.6818854536283774,2.223979152003584,2.1051917824680845e-15
191.5185325532249,-17.54589521948213,5.080499523692572,-2.6818339104242277,2.224569540478796,-1.2631150694808506e-14
191.51999842990534,-17.53574040414573,5.080005850246985,-2.6817822373051454,2.2251600079498806,2.1051917824680846e-14
191.52146477412856,-17.525585733717303,5.0795125297030115,-2.681730434288009,2.2257505543791622,1.894672604221276e-14
191.52293158580693,-17.51543120819201,5.079019561983354,-2.68167850138969,2.2263411797289674,8.420767129872338e-15
191.52439886485277,-17.505276827565208,5.078526947010716,-2.681626438627049,2.226931883961617,2.5262301389617013e-14
191.52586661117866,-17.49512259183213,5.078034684707795,-2.6815742460169445,2.227522667039431,1.0525958912340423e-14
191.5273348246972,-17.48496850098795,5.077542774997293,-2.681521923576227,2.228113528924727,2.1051917824680846e-14
191.52880350532118,-17.47481455502804,5.0770512178019125,-2.681469471321735,2.2287044695798195,1.2631150694808506e-14
191.53027265296345,-17.464660753947587,5.076560013044351,-2.6814168892703063,2.2292954889670207,6.315575347404253e-15
191.53174226753703,-17.45450709774177,5.076069160647314,-2.68136417743877,2.2298865870486404,-4.210383564936169e-15
191.53321234895498,-17.44435358640593,5.075578660533498,-2.6813113358439464,2.2304777637869853,-2.1051917824680845e-15
191.5346828971306,-17.43420021993518,5.075088512625608,-2.6812583645026518,2.231069019144361,8.420767129872338e-15
191.53615391197718,-17.424046998324847,5.0745987168463405,-2.6812052634316927,2.23166035308307,-6.315575347404253e-15
191.53762539340823,-17.41389392157004,5.0741092731184025,-2.6811520326478706,2.2322517655654104,8.420767129872338e-15
191.53909734133725,-17.40374098966607,5.073620181364486,-2.68109867216798,2.2328432565536813,1.2631150694808506e-14
191.54056975567804,-17.39358820260808,5.073131441507301,-2.681045182008807,2.2334348260101766,1.473634247727659e-14
191.5420426363444,-17.383435560391213,5.072643053469543,-2.680991562187132,2.2340264738971882,8.420767129872338e-15
191.54351598325022,-17.37328306301077,5.072155017173915,-2.68093781271973,2.2346182001770063,6.315575347404253e-15
191.54498979630955,-17.363130710461817,5.071667332543117,-2.680883933623363,2.235210004811918,2.5262301389617013e-14
191.5464640754366,-17.352978502739646,5.071179999499851,-2.6808299249147938,2.235801887764207,4.210383564936169e-15
191.54793882054562,-17.342826439839374,5.070693017966815,-2.680775786610775,2.2363938489961575,6.315575347404253e-15
191.54941403155107,-17.332674521756108,5.0702063878667145,-2.680721518728049,2.236985888470047,1.0525958912340423e-14
191.5508897083674,-17.322522748485124,5.0697201091222475,-2.680667121283356,2.237578006148154,4.210383564936169e-15
191.5523658509093,-17.312371120021446,5.069234181656114,-2.6806125942934274,2.2381702019927534,2.7367493172085098e-14
191.5538424590915,-17.302219636360352,5.0687486053910185,-2.680557937774987,2.2387624759661136,2.1051917824680845e-15
191.55531953282886,-17.292068297496925,5.068263380249658,-2.6805031517447526,2.23935482803051,1.894672604221276e-14
191.55679707203643,-17.28191710342624,5.0677785061547365,-2.6804482362194335,2.2399472581482054,0.0
191.55827507662926,-17.27176605414354,5.067293983028954,-2.6803931912157353,2.2405397662814646,-8.420767129872338e-15
191.55975354652256,-17.261615149643834,5.066809810795011,-2.6803380167503525,2.2411323523925497,1.0525958912340423e-14
191.5612324816317,-17.25146438992236,5.066325989375606,-2.6802827128399747,2.2417250164437212,-4.210383564936169e-15
191.5627118818721,-17.24131377497417,5.065842518693446,-2.6802272795012856,2.242317758397234,1.473634247727659e-14
191.5641917471594,-17.23116330479432,5.065359398671227,-2.68017171675096,2.2429105782153447,1.473634247727659e-14
