galstreams/tracks/track.ep.Styx.grillmair2009.ecsv
# %ECSV 1.0
# ---
# datatype:
# - {name: ra, unit: deg, datatype: float64}
# - {name: dec, unit: deg, datatype: float64}
# - {name: distance, unit: kpc, datatype: float64}
# - {name: pm_ra_cosdec, unit: mas / yr, datatype: float64}
# - {name: pm_dec, unit: mas / yr, datatype: float64}
# - {name: radial_velocity, unit: km / s, datatype: float64}
# delimiter: ','
# meta: !!omap
# - __serialized_columns__:
#     dec:
#       __class__: astropy.coordinates.angles.Latitude
#       unit: &id001 !astropy.units.Unit {unit: deg}
#       value: !astropy.table.SerializedColumn {name: dec}
#     distance:
#       __class__: astropy.coordinates.distances.Distance
#       unit: !astropy.units.Unit {unit: kpc}
#       value: !astropy.table.SerializedColumn {name: distance}
#     pm_dec:
#       __class__: astropy.units.quantity.Quantity
#       unit: !astropy.units.Unit {unit: mas / yr}
#       value: !astropy.table.SerializedColumn {name: pm_dec}
#     pm_ra_cosdec:
#       __class__: astropy.units.quantity.Quantity
#       unit: !astropy.units.Unit {unit: mas / yr}
#       value: !astropy.table.SerializedColumn {name: pm_ra_cosdec}
#     ra:
#       __class__: astropy.coordinates.angles.Longitude
#       unit: *id001
#       value: !astropy.table.SerializedColumn {name: ra}
#       wrap_angle: !astropy.coordinates.Angle
#         unit: *id001
#         value: 360.0
#     radial_velocity:
#       __class__: astropy.units.quantity.Quantity
#       unit: !astropy.units.Unit {unit: km / s}
#       value: !astropy.table.SerializedColumn {name: radial_velocity}
# schema: astropy-2.0
ra,dec,distance,pm_ra_cosdec,pm_dec,radial_velocity
194.0,20.0,45.0,0.0,0.0,0.0
194.3145359131512,20.070188738370156,45.0,0.0,0.0,0.0
194.62935238819006,20.139820410079036,45.0,0.0,0.0,0.0
194.9444484827913,20.20889241614917,45.0,0.0,0.0,0.0
195.25982321675804,20.277402170641345,45.0,0.0,0.0,0.0
195.57547557196986,20.34534710089659,44.99999999999999,0.0,0.0,0.0
195.89140449233736,20.412724647779108,44.99999999999999,0.0,0.0,0.0
196.20760888376358,20.479532265920348,45.0,0.0,0.0,0.0
196.52408761411297,20.545767423964026,45.0,0.0,0.0,0.0
196.84083951318706,20.611427604812143,45.0,0.0,0.0,0.0
197.15786337270725,20.67651030587178,45.0,0.0,0.0,0.0
197.47515794630576,20.74101303930288,45.0,0.0,0.0,0.0
197.7927219495229,20.804933332266657,45.0,0.0,0.0,0.0
198.1105540598128,20.868268727174836,45.0,0.0,0.0,0.0
198.42865291655647,20.931016781939476,45.0,0.0,0.0,0.0
198.74701712108217,20.993175070223394,44.99999999999999,0.0,0.0,0.0
199.0656452366945,21.05474118169118,45.0,0.0,0.0,0.0
199.38453578871054,21.115712722260675,45.0,0.0,0.0,0.0
199.7036872645044,21.176087314354774,45.0,0.0,0.0,0.0
200.02309811355988,21.235862597153723,45.0,0.0,0.0,0.0
200.3427667475313,21.295036226847586,44.99999999999999,0.0,0.0,0.0
200.662691540312,21.35360587688895,45.0,0.0,0.0,0.0
200.9828708281122,21.41156923824587,45.0,0.0,0.0,0.0
201.30330290954447,21.468924019654793,45.0,0.0,0.0,0.0
201.62398604571752,21.525667947873533,45.0,0.0,0.0,0.0
201.94491846033947,21.581798767934256,45.00000000000001,0.0,0.0,0.0
202.26609833982872,21.637314243396254,44.99999999999999,0.0,0.0,0.0
202.58752383343386,21.692212156598583,45.0,0.0,0.0,0.0
202.9091930533625,21.746490308912456,45.0,0.0,0.0,0.0
203.23110407491865,21.800146520993277,45.0,0.0,0.0,0.0
203.55325493664859,21.853178633032243,44.99999999999999,0.0,0.0,0.0
203.87564364049646,21.905584505007553,44.99999999999999,0.0,0.0,0.0
204.19826815196797,21.95736201693499,45.0,0.0,0.0,0.0
204.5211264003033,22.00850906911792,45.00000000000001,0.0,0.0,0.0
204.84421627865936,22.0590235823966,45.0,0.0,0.0,0.0
205.16753564430053,22.10890349839666,44.99999999999999,0.0,0.0,0.0
205.49108231879865,22.158146779776807,44.99999999999999,0.0,0.0,0.0
205.81485408824247,22.20675141047558,45.0,0.0,0.0,0.0
206.13884870345564,22.2547153959571,45.0,0.0,0.0,0.0
206.46306388022407,22.302036763455707,45.0,0.0,0.0,0.0
206.7874972995326,22.348713562219544,45.0,0.0,0.0,0.0
207.11214660781064,22.39474386375282,45.0,0.0,0.0,0.0
207.43700941718689,22.44012576205679,45.0,0.0,0.0,0.0
207.76208330575344,22.484857373869392,45.0,0.0,0.0,0.0
208.08736581783904,22.528936838903352,45.00000000000001,0.0,0.0,0.0
208.41285446429112,22.57236232008281,45.0,0.0,0.0,0.0
208.73854672276752,22.615132003778303,45.0,0.0,0.0,0.0
209.06444003803716,22.65724410004006,45.0,0.0,0.0,0.0
209.39053182228938,22.698696842829463,45.0,0.0,0.0,0.0
209.7168194554531,22.739488490248792,45.0,0.0,0.0,0.0
210.04330028552477,22.77961732476893,44.99999999999999,0.0,0.0,0.0
210.36997162890466,22.81908165345505,45.0,0.0,0.0,0.0
210.69683077074356,22.8578798081903,45.0,0.0,0.0,0.0
211.02387496529713,22.89601014589727,44.99999999999999,0.0,0.0,0.0
211.3511014362896,22.933471048757216,45.0,0.0,0.0,0.0
211.67850737728673,22.970260924427016,45.0,0.0,0.0,0.0
212.00608995207705,23.006378206253675,45.0,0.0,0.0,0.0
212.3338462950618,23.04182135348638,45.0,0.0,0.0,0.0
212.66177351165402,23.07658885148603,45.0,0.0,0.0,0.0
212.98986867868598,23.110679211932148,45.0,0.0,0.0,0.0
213.31812884482483,23.144090973027026,45.0,0.0,0.0,0.0
213.6465510309974,23.17682269969721,45.00000000000001,0.0,0.0,0.0
213.97513223082254,23.208872983792073,44.99999999999999,0.0,0.0,0.0
214.30386941105266,23.240240444279486,45.00000000000001,0.0,0.0,0.0
214.63275951202266,23.27092372743849,45.0,0.0,0.0,0.0
214.9617994481072,23.30092150704892,45.0,0.0,0.0,0.0
215.29098610818627,23.330232484577948,45.00000000000001,0.0,0.0,0.0
215.62031635611822,23.35885538936332,45.00000000000001,0.0,0.0,0.0
215.9497870312208,23.3867889787934,44.99999999999999,0.0,0.0,0.0
216.27939494875977,23.414032038483864,45.0,0.0,0.0,0.0
216.60913690044512,23.440583382451,44.99999999999999,0.0,0.0,0.0
216.93900965493438,23.466441853281477,44.99999999999999,0.0,0.0,0.0
217.269009958344,23.491606322298658,45.0,0.0,0.0,0.0
217.59913453476696,23.516075689725294,44.99999999999999,0.0,0.0,0.0
217.92938008679775,23.539848884842478,45.0,0.0,0.0,0.0
218.25974329606453,23.562924866144993,45.0,0.0,0.0,0.0
218.5902208237678,23.585302621492808,45.0,0.0,0.0,0.0
218.9208093112251,23.606981168258702,45.0,0.0,0.0,0.0
219.25150538042325,23.627959553472095,45.0,0.0,0.0,0.0
219.582305634576,23.648236853958785,45.00000000000001,0.0,0.0,0.0
219.9132066586877,23.667812176476765,45.0,0.0,0.0,0.0
220.24420502012381,23.68668465784794,45.0,0.0,0.0,0.0
220.5752972691864,23.70485346508575,45.0,0.0,0.0,0.0
220.90647993969506,23.722317795518556,45.0,0.0,0.0,0.0
221.23774954957426,23.739076876908886,44.99999999999999,0.0,0.0,0.0
221.56910260144505,23.75512996756837,45.0,0.0,0.0,0.0
221.90053558322188,23.77047635646835,45.0,0.0,0.0,0.0
222.23204496871494,23.785115363346186,45.0,0.0,0.0,0.0
222.56362721823652,23.7990463388071,45.0,0.0,0.0,0.0
222.89527877921202,23.812268664421577,45.00000000000001,0.0,0.0,0.0
223.22699608679562,23.824781752818378,45.0,0.0,0.0,0.0
223.55877556448976,23.836585047772882,45.0,0.0,0.0,0.0
223.89061362476815,23.847678024291017,45.0,0.0,0.0,0.0
224.22250666970353,23.858060188688484,45.0,0.0,0.0,0.0
224.55445109159785,23.867731078665464,45.0,0.0,0.0,0.0
224.8864432736162,23.876690263376545,44.99999999999999,0.0,0.0,0.0
225.21847959042407,23.884937343496123,45.00000000000001,0.0,0.0,0.0
225.55055640882702,23.892471951278935,44.99999999999999,0.0,0.0,0.0
225.8826700884132,23.899293750615968,45.0,0.0,0.0,0.0
226.21481698219833,23.905402437085584,45.0,0.0,0.0,0.0
226.54699343727313,23.910797737999836,45.0,0.0,0.0,0.0
226.8791957954522,23.915479412446008,45.0,0.0,0.0,0.0
227.21142039392527,23.919447251323362,45.0,0.0,0.0,0.0
227.5436635659096,23.922701077375002,45.0,0.0,0.0,0.0
227.87592164130413,23.925240745214953,44.99999999999999,0.0,0.0,0.0
228.20819094734432,23.92706614135036,45.0,0.0,0.0,0.0
228.54046780925833,23.928177184198795,45.0,0.0,0.0,0.0
228.87274855092346,23.928573824100756,45.0,0.0,0.0,0.0
229.20502949552346,23.928256043327224,45.0,0.0,0.0,0.0
229.53730696620576,23.927223856082396,45.0,0.0,0.0,0.0
229.86957728673883,23.925477308501502,45.00000000000001,0.0,0.0,0.0
230.2018367821695,23.92301647864376,45.0,0.0,0.0,0.0
230.53408177947944,23.919841476480453,45.0,0.0,0.0,0.0
230.86630860824133,23.915952443878115,45.0,0.0,0.0,0.0
231.1985136012741,23.911349554576894,45.0,0.0,0.0,0.0
231.53069309529695,23.90603301416401,45.0,0.0,0.0,0.0
231.86284343158192,23.900003060042398,45.0,0.0,0.0,0.0
232.19496095660537,23.893259961394556,45.0,0.0,0.0,0.0
232.5270420226973,23.885804019141467,44.99999999999999,0.0,0.0,0.0
232.85908298868867,23.87763556589684,45.0,0.0,0.0,0.0
233.19108022055664,23.8687549659165,45.0,0.0,0.0,0.0
233.52303009206778,23.859162615043054,44.99999999999999,0.0,0.0,0.0
233.85492898541756,23.84885894064577,45.0,0.0,0.0,0.0
234.1867732918683,23.837844401555845,44.99999999999999,0.0,0.0,0.0
234.51855941238298,23.826119487996838,45.0,0.0,0.0,0.0
234.85028375825667,23.813684721510594,45.0,0.0,0.0,0.0
235.18194275174352,23.800540654878475,45.0,0.0,0.0,0.0
235.5135328266811,23.786687872037948,45.00000000000001,0.0,0.0,0.0
235.8450504291101,23.772126987994714,44.99999999999999,0.0,0.0,0.0
236.1764920178902,23.756858648730223,45.0,0.0,0.0,0.0
236.5078540653117,23.740883531104792,45.0,0.0,0.0,0.0
236.83913305770272,23.724202342756186,45.0,0.0,0.0,0.0
237.1703254960314,23.706815821993832,45.00000000000001,0.0,0.0,0.0
237.50142789650386,23.688724737688684,45.00000000000001,0.0,0.0,0.0
237.83243679115628,23.66992988915877,45.00000000000001,0.0,0.0,0.0
238.1633487284428,23.6504321060504,45.0,0.0,0.0,0.0
238.4941602738168,23.630232248215254,45.00000000000001,0.0,0.0,0.0
238.82486801030765,23.6093312055832,45.0,0.0,0.0,0.0
239.15546853909137,23.587729898031036,45.0,0.0,0.0,0.0
239.48595848005488,23.56542927524717,45.0,0.0,0.0,0.0
239.81633447235492,23.54243031659221,45.00000000000001,0.0,0.0,0.0
240.14659317497032,23.518734030955695,45.00000000000001,0.0,0.0,0.0
240.47673126724763,23.49434145660881,44.99999999999999,0.0,0.0,0.0
240.80674544944114,23.46925366105333,45.0,0.0,0.0,0.0
241.13663244324468,23.443471740866734,44.99999999999999,0.0,0.0,0.0
241.46638899231806,23.41699682154359,45.0,0.0,0.0,0.0
241.7960118628056,23.389830057333295,45.00000000000001,0.0,0.0,0.0
242.1254978438478,23.361972631074195,45.0,0.0,0.0,0.0
242.45484374808578,23.33342575402412,45.0,0.0,0.0,0.0
242.78404641215823,23.30419066568752,45.0,0.0,0.0,0.0
243.11310269719093,23.274268633639128,45.00000000000001,0.0,0.0,0.0
243.44200948927852,23.24366095334432,45.0,0.0,0.0,0.0
243.7707636999585,23.212368947976152,45.00000000000001,0.0,0.0,0.0
244.0993622666777,23.180393968229232,45.0,0.0,0.0,0.0
244.42780215325013,23.147737392130423,45.0,0.0,0.0,0.0
244.75608035030737,23.114400624846514,45.0,0.0,0.0,0.0
245.08419387574054,23.080385098488847,45.0,0.0,0.0,0.0
245.4121397751338,23.04569227191507,45.0,0.0,0.0,0.0
245.73991512218976,23.010323630528013,45.0,0.0,0.0,0.0
246.06751701914658,22.97428068607177,45.0,0.0,0.0,0.0
246.39494259718603,22.937564976425108,45.00000000000001,0.0,0.0,0.0
246.72218901683343,22.900178065392264,45.00000000000001,0.0,0.0,0.0
247.04925346834867,22.86212154249111,44.99999999999999,0.0,0.0,0.0
247.37613317210875,22.82339702273893,45.0,0.0,0.0,0.0
247.70282537898112,22.784006146435754,45.0,0.0,0.0,0.0
248.0293273706886,22.74395057894535,44.99999999999999,0.0,0.0,0.0
248.3556364601651,22.70323201047402,45.00000000000001,0.0,0.0,0.0
248.68174999190262,22.661852155847157,45.0,0.0,0.0,0.0
249.00766534228887,22.61981275428378,45.0,0.0,0.0,0.0
249.33337991993673,22.577115569168992,45.0,0.0,0.0,0.0
249.6588911660033,22.533762387824535,45.0,0.0,0.0,0.0
249.98419655450118,22.48975502127748,45.0,0.0,0.0,0.0
250.3092935925998,22.44509530402714,45.00000000000001,0.0,0.0,0.0
250.63417982091815,22.39978509381023,45.0,0.0,0.0,0.0
250.95885281380782,22.35382627136446,45.00000000000001,0.0,0.0,0.0
251.2833101796274,22.307220740190616,45.0,0.0,0.0,0.0
251.60754956100737,22.259970426312993,45.00000000000001,0.0,0.0,0.0
251.9315686351061,22.212077278038652,45.0,0.0,0.0,0.0
252.25536511385621,22.163543265715248,45.00000000000001,0.0,0.0,0.0
252.5789367442026,22.114370381487618,45.00000000000001,0.0,0.0,0.0
252.9022813083303,22.064560639053223,45.0,0.0,0.0,0.0
253.22539662388417,22.014116073416535,45.0,0.0,0.0,0.0
253.5482805441788,21.96303874064238,45.0,0.0,0.0,0.0
253.8709309583995,21.911330717608354,45.00000000000001,0.0,0.0,0.0
254.19334579179448,21.85899410175642,45.00000000000001,0.0,0.0,0.0
254.5155230058578,21.806031010843654,45.00000000000001,0.0,0.0,0.0
254.8374605985031,21.752443582692372,45.00000000000001,0.0,0.0,0.0
255.15915660422874,21.69823397493953,45.0,0.0,0.0,0.0
255.48060909427394,21.6434043647857,45.0,0.0,0.0,0.0
255.8018161767659,21.587956948743397,45.0,0.0,0.0,0.0
256.122775996858,21.531893942385114,45.0,0.0,0.0,0.0
256.44348673686,21.475217580091027,45.0,0.0,0.0,0.0
256.7639466163578,21.417930114796313,45.0,0.0,0.0,0.0
257.084153892327,21.36003381773839,45.0,0.0,0.0,0.0
257.4041068592354,21.30153097820401,45.00000000000001,0.0,0.0,0.0
257.7238038491387,21.24242390327623,45.00000000000001,0.0,0.0,0.0
258.0432432317669,21.182714917581464,45.0,0.0,0.0,0.0
258.3624234146026,21.122406363036585,45.0,0.0,0.0,0.0
258.6813428429505,21.061500598596172,45.00000000000001,0.0,0.0,0.0
259.0,20.999999999999996,45.0,0.0,0.0,0.0
