galstreams/tracks/track.st.Gaia-11.ibata2021.ecsv
# %ECSV 1.0
# ---
# datatype:
# - {name: ra, unit: deg, datatype: float64}
# - {name: dec, unit: deg, datatype: float64}
# - {name: distance, unit: kpc, datatype: float64}
# - {name: pm_ra_cosdec, unit: mas / yr, datatype: float64}
# - {name: pm_dec, unit: mas / yr, datatype: float64}
# - {name: radial_velocity, unit: km / s, datatype: float64}
# delimiter: ','
# meta: !!omap
# - __serialized_columns__:
#     dec:
#       __class__: astropy.coordinates.angles.Latitude
#       unit: &id001 !astropy.units.Unit {unit: deg}
#       value: !astropy.table.SerializedColumn {name: dec}
#     distance:
#       __class__: astropy.coordinates.distances.Distance
#       unit: !astropy.units.Unit {unit: kpc}
#       value: !astropy.table.SerializedColumn {name: distance}
#     pm_dec:
#       __class__: astropy.units.quantity.Quantity
#       unit: !astropy.units.Unit {unit: mas / yr}
#       value: !astropy.table.SerializedColumn {name: pm_dec}
#     pm_ra_cosdec:
#       __class__: astropy.units.quantity.Quantity
#       unit: !astropy.units.Unit {unit: mas / yr}
#       value: !astropy.table.SerializedColumn {name: pm_ra_cosdec}
#     ra:
#       __class__: astropy.coordinates.angles.Longitude
#       unit: *id001
#       value: !astropy.table.SerializedColumn {name: ra}
#       wrap_angle: !astropy.coordinates.Angle
#         unit: *id001
#         value: 360.0
#     radial_velocity:
#       __class__: astropy.units.quantity.Quantity
#       unit: !astropy.units.Unit {unit: km / s}
#       value: !astropy.table.SerializedColumn {name: radial_velocity}
# schema: astropy-2.0
ra,dec,distance,pm_ra_cosdec,pm_dec,radial_velocity
[from data line 433]
269.82780740554995,44.599087808129475,12.093173245138928,-4.513197115519433,4.8586623875939985,1000.0000000000006
269.83255952174363,44.58966431020092,12.094155861204761,-4.512568306898705,4.857801870553569,1000.0000000000009
269.8373110497491,44.58024088979303,12.095136728404793,-4.511939168420982,4.856942411455187,1000.0000000000008
269.84206198968576,44.570817546785634,12.096115849799705,-4.511309700484523,4.856084010192864,1000.0000000000008
269.84681234167294,44.5613942810586,12.09709322845019,-4.510679903487704,4.855226666660732,1000.0000000000008
269.8515621058299,44.55197109249192,12.098068867416929,-4.510049777829046,4.854370380753087,1000.0000000000008
269.8563112822756,44.54254798096546,12.099042769760606,-4.509419323907173,4.853515152364387,1000.0000000000009
269.86105987112904,44.53312494635932,12.100014938541904,-4.508788542120874,4.852660981389244,1000.0000000000008
269.8658078725089,44.5237019885536,12.100985376821516,-4.508157432869042,4.85180786772242,1000.0000000000007
269.87055528653394,44.51427910742843,12.101954087660117,-4.507525996550708,4.850955811258845,1000.0000000000008
269.8753021133225,44.50485630286405,12.102921074118399,-4.5068942335650375,4.850104811893584,1000.0000000000008
269.880048352993,44.49543357474069,12.103886339257043,-4.506262144311315,4.8492548695218725,1000.0000000000008
269.88479400566354,44.48601092293874,12.104849886136737,-4.505629729188958,4.848405984039099,1000.0000000000006
269.88953907145236,44.47658834733846,12.105811717818167,-4.504996988597519,4.847558155340811,1000.0000000000006
269.89428355047716,44.46716584782034,12.106771837362015,-4.504363922936662,4.846711383322691,1000.0000000000008
269.8990274428558,44.457743424264855,12.107730247828963,-4.503730532606204,4.845865667880607,1000.0000000000008
269.903770748706,44.44832107655253,12.108686952279704,-4.503096818006084,4.845021008910566,1000.0000000000008
269.9085134681451,44.43889880456399,12.109641953774917,-4.502462779536355,4.844177406308725,1000.0000000000008
269.9132556012905,44.42947660817992,12.11059525537529,-4.501828417597214,4.843334859971398,1000.0000000000008
269.91799714825936,44.42005448728092,12.111546860141507,-4.50119373258898,4.842493369795063,1000.0000000000008
269.92273810916885,44.41063244174782,12.11249677113425,-4.500558724912114,4.841652935676356,1000.0000000000008
269.9274784841358,44.40121047146142,12.113444991414207,-4.4999233949671815,4.8408135575120435,1000.0000000000008
269.93221827327693,44.39178857630259,12.114391524042063,-4.499287743154884,4.839975235199076,1000.0000000000009
269.9369574767091,44.382366756152265,12.115336372078506,-4.498651769876083,4.839137968634536,1000.0000000000007
269.94169609454855,44.37294501089142,12.116279538584216,-4.498015475531726,4.838301757715683,1000.0000000000008
269.94643412691175,44.36352334040115,12.11722102661988,-4.497378860522907,4.837466602339905,1000.0000000000008
269.95117157391496,44.354101744562456,12.11816083924618,-4.496741925250848,4.8366325024047665,1000.0000000000007
269.9559084356742,44.34468022325651,12.119098979523805,-4.496104670116912,4.835799457807981,1000.0000000000006
269.9606447123054,44.33525877636453,12.120035450513443,-4.495467095522551,4.834967468447401,1000.0000000000008
269.9653804039243,44.325837403767785,12.12097025527577,-4.494829201869397,4.834136534221063,1000.0000000000008
269.97011551064674,44.31641610534757,12.121903396871476,-4.494190989559177,4.833306655027129,1000.0000000000008
269.97485003258805,44.30699488098528,12.12283487836125,-4.493552458993753,4.8324778307639304,1000.0000000000008
269.9795839698636,44.29757373056237,12.123764702805772,-4.4929136105751075,4.831650061329944,1000.0000000000009
269.9843173225888,44.28815265396021,12.124692873265722,-4.492274444705387,4.830823346623831,1000.0000000000006
269.9890500908786,44.27873165106042,12.125619392801793,-4.49163496178681,4.829997686544352,1000.0000000000007
269.99378227484794,44.26931072174456,12.126544264474669,-4.490995162221763,4.829173080990468,1000.0000000000008
269.9985138746118,44.25988986589428,12.127467491345032,-4.4903550464127555,4.828349529861285,1000.0000000000006
270.00324489028463,44.25046908339129,12.128389076473573,-4.489714614762406,4.8275270330560405,1000.0000000000007
270.0079753219811,44.24104837411739,12.12930902292097,-4.489073867673489,4.826705590474151,1000.0000000000007
270.01270516981566,44.231627737954305,12.13022733374791,-4.488432805548873,4.825885202015178,1000.0000000000008
270.0174344339025,44.22220717478393,12.13114401201508,-4.487791428791591,4.82506586757884,1000.0000000000008
270.02216311435575,44.21278668448822,12.132059060783162,-4.487149737804773,4.824247587064999,1000.000000000001
270.02689121128935,44.20336626694909,12.132972483112843,-4.4865077329917,4.82343036037369,1000.0000000000007
270.03161872481724,44.19394592204862,12.13388428206481,-4.485865414755751,4.822614187405078,1000.0000000000008
270.03634565505314,44.18452564966891,12.134794460699743,-4.4852227835004745,4.821799068059495,1000.0000000000006
270.04107200211047,44.17510544969212,12.13570302207833,-4.484579839629509,4.82098500223743,1000.0000000000006
270.0457977661028,44.165685322000364,12.13660996926126,-4.48393658354663,4.820171989839522,1000.000000000001
270.0505229471434,44.156265266475906,12.13751530530921,-4.483293015655756,4.819360030766561,1000.0000000000006
270.05524754534537,44.146845283001134,12.138419033282867,-4.4826491363609104,4.8185491249194845,1000.0000000000009
270.05997156082185,44.13742537145833,12.139321156242918,-4.482004946066268,4.817739272199403,1000.0000000000007
270.06469499368563,44.128005531729954,12.14022167725005,-4.481360445176101,4.81693047250756,1000.0000000000007
270.06941784404944,44.118585763698526,12.141120599364944,-4.480715634094843,4.816122725745363,1000.0000000000008
270.074140112026,44.10916606724644,12.142017925648288,-4.480070513227027,4.815316031814382,1000.0000000000007
270.07886179772765,44.09974644225638,12.142913659160762,-4.479425082977317,4.814510390616308,1000.0000000000008
270.0835829012668,44.09032688861095,12.143807802963057,-4.4787793437505234,4.813705802053019,1000.0000000000006
270.0883034227557,44.080907406192864,12.144700360115857,-4.478133295951563,4.81290226602653,1000.0000000000006
270.0930233623063,44.07148799488483,12.145591333679844,-4.4774869399854875,4.812099782439017,1000.0000000000008
270.0977427200306,44.06206865456971,12.14648072671571,-4.476840276257473,4.811298351192791,1000.0000000000007
270.10246149604035,44.05264938513037,12.147368542284127,-4.476193305172822,4.810497972190343,1000.0000000000008
270.1071796904473,44.04323018644964,12.148254783445791,-4.475546027136982,4.809698645334302,1000.0000000000008
270.1118973033629,44.03381105841053,12.149139453261384,-4.474898442555488,4.808900370527443,1000.0000000000007
270.11661433489854,44.02439200089606,12.15002255479159,-4.474250551834034,4.808103147672712,1000.0000000000009
270.12133078516547,44.014973013789316,12.150904091097091,-4.473602355378433,4.80730697667319,1000.0000000000006
270.1260466542748,44.00555409697342,12.151784065238578,-4.472953853594616,4.806511857432118,1000.0000000000006
270.1307619423375,43.99613525033158,12.152662480276737,-4.4723050468886445,4.805717789852895,1000.0000000000006
270.1354766494644,43.986716473747066,12.153539339272248,-4.4716559356667265,4.804924773839064,1000.0000000000008
270.14019077576626,43.97729776710308,12.154414645285797,-4.47100652033516,4.804132809294334,1000.0000000000007
270.1449043213537,43.967879130283045,12.155288401378067,-4.470356801300397,4.803341896122545,1000.0000000000008
270.14961728633705,43.958460563170355,12.15616061060975,-4.4697067789690035,4.8025520342277055,1000.0000000000008
270.15432967082666,43.949042065648456,12.157031276041524,-4.469056453747678,4.8017632235139756,1000.0000000000008
270.1590414749327,43.939623637600874,12.157900400734077,-4.4684058260432336,4.8009754638856625,1000.0000000000008
270.16375269876517,43.93020527891125,12.158767987748092,-4.467754896262632,4.800188755247224,1000.0000000000002
270.1684633424341,43.92078698946311,12.159634040144258,-4.467103664812934,4.799403097503277,1000.0000000000006
270.1731734060491,43.91136876914015,12.160498560983257,-4.466452132101338,4.79861849055859,1000.0000000000007
270.17788288971985,43.901950617826145,12.161361553325772,-4.465800298535177,4.797834934318077,1000.0000000000008
270.18259179355596,43.892532535404854,12.162223020232496,-4.465148164521897,4.7970524286868095,1000.0000000000008
270.18730011766667,43.88311452176015,12.163082964764103,-4.464495730469084,4.796270973570019,1000.0000000000008
270.1920078621613,43.87369657677592,12.163941389981284,-4.463842996784434,4.795490568873064,1000.0000000000006
270.19671502714885,43.864278700336186,12.164798298944726,-4.463189963875774,4.794711214501476,1000.0000000000009
270.2014216127384,43.85486089232483,12.165653694715111,-4.462536632151056,4.793932910360943,1000.0000000000008
270.2061276190387,43.845443152625975,12.166507580353123,-4.46188300201837,4.79315565635729,1000.000000000001
270.2108330461585,43.836025481123755,12.16735995891945,-4.461229073885912,4.792379452396492,1000.0000000000008
270.21553789420636,43.82660787770234,12.168210833474776,-4.46057484816202,4.791604298384691,1000.0000000000008
270.2202421632907,43.81719034224595,12.169060207079786,-4.459920325255147,4.790830194228173,1000.0000000000008
270.22494585351984,43.807772874638935,12.169908082795162,-4.459265505573875,4.790057139833361,1000.0000000000008
270.22964896500196,43.79835547476552,12.170754463681593,-4.458610389526907,4.78928513510686,1000.0000000000008
270.23435149784507,43.788938142510155,12.171599352799761,-4.457954977523086,4.788514179955409,1000.000000000001
270.2390534521571,43.779520877757285,12.172442753210353,-4.457299269971359,4.787744274285888,1000.0000000000008
270.24375482804584,43.77010368039141,12.173284667974054,-4.456643267280815,4.786975418005357,1000.0000000000008
270.24845562561893,43.7606865502971,12.17412510015155,-4.455986969860668,4.786207611020993,1000.0000000000008
270.25315584498384,43.75126948735894,12.174964052803523,-4.455330378120234,4.785440853240158,1000.000000000001
270.25785548624793,43.741852491461685,12.175801528990656,-4.4546734924689915,4.784675144570331,1000.0000000000008
270.2625545495186,43.732435562489925,12.176637531773643,-4.454016313316507,4.783910484919174,1000.0000000000008
270.2672530349028,43.72301870032849,12.177472064213163,-4.453358841072503,4.783146874194489,1000.0000000000006
270.2719509425076,43.71360190486223,12.178305129369898,-4.452701076146798,4.782384312304218,1000.0000000000009
270.2766482724399,43.70418517597601,12.179136730304538,-4.452043018949369,4.781622799156468,1000.0000000000008
270.28134502480634,43.69476851355476,12.17996687007777,-4.451384669890281,4.780862334659487,1000.0000000000008
270.2860411997135,43.68535191748357,12.180795551750268,-4.45072602937976,4.780102918721682,1000.0000000000007
270.2907367972679,43.67593538764735,12.18162277838273,-4.450067097828117,4.77934455125161,1000.0000000000008
270.2954318175759,43.66651892393124,12.182448553035835,-4.449407875645825,4.77858723215798,1000.0000000000007
270.30012626074364,43.65710252622045,12.183272878770266,-4.448748363243462,4.7778309613496335,1000.0000000000008
270.3048201268772,43.647686194400144,12.184095758646711,-4.448088561031728,4.777075738735587,1000.0000000000008
270.3095134160825,43.63826992835562,12.184917195725856,-4.447428469421464,4.776321564225003,1000.0000000000008
270.31420612846546,43.628853727972185,12.185737193068382,-4.4467680888236245,4.7755684377271805,1000.0000000000008
270.3188982641317,43.61943759313525,12.186555753734979,-4.446107419649288,4.774816359151588,1000.0000000000008
270.3235898231867,43.610021523730175,12.187372880786327,-4.445446462309646,4.7740653284078265,1000.0000000000008
270.32828080573603,43.600605519642485,12.188188577283114,-4.444785217216053,4.773315345405663,1000.0000000000006
270.33297121188485,43.59118958075771,12.189002846286026,-4.444123684779933,4.772566410055004,1000.0000000000008
270.3376610417384,43.58177370696144,12.189815690855744,-4.443461865412887,4.771818522265914,1000.0000000000008
270.3423502954017,43.572357898139344,12.19062711405296,-4.442799759526597,4.7710716819486,1000.0000000000008
270.34703897297965,43.56294215417711,12.191437118938351,-4.442137367532902,4.770325889013425,1000.0000000000008
270.351727074577,43.55352647496054,12.192245708572603,-4.441474689843753,4.769581143370906,1000.0000000000008
270.3564146002985,43.54411086037537,12.193052886016407,-4.440811726871218,4.768837444931694,1000.0000000000007
270.3611015502486,43.534695310307484,12.193858654330443,-4.4401484790274885,4.7680947936066085,1000.0000000000007
270.3657879245316,43.52527982464281,12.1946630165754,-4.439484946724891,4.767353189306616,1000.0000000000009
270.3704737232519,43.515864403267344,12.195465975811956,-4.438821130375873,4.766612631942815,1000.000000000001
270.37515894651364,43.50644904606709,12.196267535100802,-4.438157030393008,4.765873121426489,1000.0000000000006
270.3798435944207,43.497033752928196,12.197067697502623,-4.43749264718898,4.765134657669027,1000.0000000000008
270.3845276670771,43.487618523736685,12.197866466078098,-4.436827981176609,4.764397240582008,1000.0000000000006
270.3892111645866,43.4782033583788,12.198663843887923,-4.436163032768842,4.763660870077138,1000.0000000000007
270.3938940870527,43.4687882567408,12.199459833992771,-4.435497802378733,4.762925546066274,1000.0000000000006
270.3985764345789,43.45937321870899,12.200254439453333,-4.434832290419472,4.76219126846143,1000.0000000000003
270.40325820726866,43.449958244169714,12.201047663330293,-4.4341664973043775,4.761458037174769,1000.0000000000009
270.40793940522514,43.44054333300935,12.20183950868434,-4.433500423446875,4.760725852118604,1000.0000000000006
270.4126200285515,43.43112848511448,12.202629978576153,-4.4328340692605295,4.759994713205382,1000.0000000000006
270.4173000773508,43.42171370037146,12.203419076066417,-4.432167435159021,4.759264620347727,1000.0000000000008
270.4219795517257,43.41229897866693,12.204206804215824,-4.431500521556147,4.758535573458392,1000.0000000000006
270.42665845177913,43.40288431988752,12.204993166085051,-4.43083332886585,4.757807572450286,1000.0000000000006
270.43133677761364,43.39346972391991,12.20577816473479,-4.4301658575021685,4.7570806172364675,1000.0000000000008
270.43601452933166,43.38405519065085,12.206561803225718,-4.429498107879288,4.756354707730133,1000.0000000000008
270.44069170703557,43.37464071996715,12.207344084618525,-4.428830080411503,4.755629843844655,1000.0000000000007
270.4453683108276,43.36522631175555,12.208125011973895,-4.428161775513232,4.754906025493532,1000.0000000000008
270.4500443408099,43.35581196590301,12.208904588352516,-4.42749319359902,4.754183252590417,1000.0000000000006
270.4547197970843,43.34639768229649,12.209682816815066,-4.42682433508353,4.753461525049109,1000.0000000000007
270.4593946797528,43.33698346082297,12.21045970042224,-4.4261552003815625,4.75274084278357,1000.0000000000008
270.46406898891706,43.32756930136954,12.211235242234713,-4.425485789908027,4.7520212057078925,1000.0000000000007
270.4687427246787,43.318155203823295,12.212009445313175,-4.424816104077953,4.7513026137363275,1000.0000000000006
270.4734158871391,43.30874116807146,12.212782312718309,-4.424146143306509,4.750585066783281,1000.0000000000007
270.47808847639976,43.29932719400114,12.213553847510806,-4.423475908008972,4.749868564763294,1000.0000000000007
270.48276049256174,43.28991328149967,12.21432405275134,-4.42280539860074,4.749153107591062,1000.0000000000008
270.48743193572625,43.280499430454384,12.215092931500605,-4.422134615497352,4.748438695181436,1000.000000000001
270.4921028059943,43.27108564075265,12.215860486819283,-4.421463559114462,4.7477253274494124,1000.0000000000007
