galstreams/tracks/track.st.Sylgr.ibata2021.ecsv
# %ECSV 0.9
# ---
# datatype:
# - {name: ra, unit: deg, datatype: float64}
# - {name: dec, unit: deg, datatype: float64}
# - {name: distance, unit: kpc, datatype: float64}
# - {name: pm_ra_cosdec, unit: mas / yr, datatype: float64}
# - {name: pm_dec, unit: mas / yr, datatype: float64}
# - {name: radial_velocity, unit: km / s, datatype: float64}
# delimiter: ','
# meta: !!omap
# - __serialized_columns__:
#     dec:
#       __class__: astropy.coordinates.angles.Latitude
#       unit: &id001 !astropy.units.Unit {unit: deg}
#       value: !astropy.table.SerializedColumn {name: dec}
#     distance:
#       __class__: astropy.coordinates.distances.Distance
#       unit: !astropy.units.Unit {unit: kpc}
#       value: !astropy.table.SerializedColumn {name: distance}
#     pm_dec:
#       __class__: astropy.units.quantity.Quantity
#       unit: !astropy.units.Unit {unit: mas / yr}
#       value: !astropy.table.SerializedColumn {name: pm_dec}
#     pm_ra_cosdec:
#       __class__: astropy.units.quantity.Quantity
#       unit: !astropy.units.Unit {unit: mas / yr}
#       value: !astropy.table.SerializedColumn {name: pm_ra_cosdec}
#     ra:
#       __class__: astropy.coordinates.angles.Longitude
#       unit: *id001
#       value: !astropy.table.SerializedColumn {name: ra}
#       wrap_angle: !astropy.coordinates.Angle
#         unit: *id001
#         value: 360.0
#     radial_velocity:
#       __class__: astropy.units.quantity.Quantity
#       unit: !astropy.units.Unit {unit: km / s}
#       value: !astropy.table.SerializedColumn {name: radial_velocity}
# schema: astropy-2.0
ra,dec,distance,pm_ra_cosdec,pm_dec,radial_velocity
[from data line 1358]
176.56854449052673,-3.56866267028587,3.3674509258502177,-15.860982763236521,-14.948199449001311,-1.6841534259744676e-14
176.57754461745554,-3.564248359928399,3.3683576786020994,-15.8554013212697,-14.94208866436132,-6.947132882144679e-14
176.58654574643532,-3.5598360736523014,3.3692656895803057,-15.849820259490283,-14.935977218243599,3.368306851948935e-14
176.59554787834162,-3.5554258129387692,3.370174961111344,-15.844239573722685,-14.929865107911029,1.894672604221276e-14
176.6045510140496,-3.551017579268495,3.3710854955199214,-15.838659259791225,-14.923752330634642,1.0525958912340423e-14
176.61355515443404,-3.5466113741217,3.37199729512894,-15.833079313520086,-14.917638883693675,-2.315710960714893e-14
176.62256030036943,-3.542207198978047,3.3729103622594874,-15.827499730733257,-14.911524764375528,-6.73661370389787e-14
176.6315664527298,-3.5378050553166998,3.3738246992308163,-15.821920507254761,-14.905409969975898,2.315710960714893e-14
176.64057361238895,-3.533404944616173,3.374740308360362,-15.816341638908405,-14.899294497798632,2.1051917824680845e-15
176.6495817802201,-3.529006868354459,3.3756571919637004,-15.810763121518018,-14.893178345155983,-7.578690416885104e-14
176.65859095709615,-3.52461082800887,3.3765753523545667,-15.805184950907359,-14.887061509368428,3.368306851948935e-14
176.66760114396368,-3.520216825199849,3.377494791931508,-15.799607122902083,-14.880943987739043,3.157787673702127e-14
176.67661235357545,-3.5158248844500872,3.37841552691524,-15.794029633596391,-14.874825773447812,-4.210383564936169e-14
176.68562457486073,-3.511434984067966,3.379337545663425,-15.788452478452442,-14.868706867962258,1.2631150694808506e-14
176.69463780869063,-3.5070471255279876,3.3802608504822205,-15.782875653293964,-14.862587268636632,-3.368306851948935e-14
176.70365205593566,-3.5026613103038686,3.3811854436758946,-15.777299153944663,-14.85646697283356,-7.999728773378721e-14
176.7126673174659,-3.498277539868558,3.382111327546811,-15.771722976228304,-14.850345977924148,3.5788260301957434e-14
176.721683594151,-3.4938958156941924,3.3830385043954254,-15.766147115968694,-14.844224281287959,-6.315575347404254e-14
176.73070088685986,-3.489516139252056,3.3839669765202762,-15.760571568989691,-14.83810188031303,-3.789345208442552e-14
176.73971919646104,-3.4851385120125706,3.384896746217974,-15.754996331115239,-14.831978772395924,-4.210383564936169e-15
176.74873852382245,-3.4807629354452585,3.3858278157831925,-15.749421398169392,-14.82585495494173,2.1051917824680846e-14
176.7577588698115,-3.4763894110187024,3.3867601875086724,-15.743846765976222,-14.819730425364064,-6.526094525651062e-14
176.76678023529493,-3.4720179402005984,3.387693863685184,-15.738272430360059,-14.813605181085196,2.7367493172085098e-14
176.77580262113895,-3.4676485244576147,3.388628846601552,-15.732698387145282,-14.807479219535953,-4.210383564936169e-14
176.78482602820912,-3.463281165255429,3.3895651385446293,-15.727124632156407,-14.801352538155777,-4.210383564936169e-14
176.79385045737038,-3.458915864058691,3.390502741799294,-15.721551161218132,-14.795225134392755,-4.210383564936169e-15
176.80287590948708,-3.454552622331037,3.3914416586484264,-15.715977970155405,-14.789097005703727,-2.947268495455318e-14
176.81190238542283,-3.4501914415349524,3.3923818913729344,-15.710405054793222,-14.782968149554101,1.894672604221276e-14
176.8209298860407,-3.4458323231318864,3.3933234422517002,-15.70483241095692,-14.77683856341813,-4.8419410996765944e-14
176.8299584122029,-3.441475268582113,3.394266313561612,-15.699260034471969,-14.770708244778719,-2.947268495455318e-14
176.83898796477112,-3.437120279344778,3.395210507577527,-15.693687921164148,-14.764577191127623,-2.5262301389617013e-14
176.84801854460625,-3.4327673568778034,3.396156026572288,-15.688116066859415,-14.758445399965279,2.1051917824680846e-14
176.8570501525685,-3.4284165026379494,3.3971028728166845,-15.68254446738407,-14.752312868801068,-2.1051917824680845e-15
176.8660827895173,-3.4240677180806802,3.398051048579482,-15.676973118564588,-14.746179595153059,-6.526094525651062e-14
176.87511645631136,-3.4197210046602566,3.3990005561273726,-15.671402016227853,-14.74004557654832,4.210383564936169e-15
176.8841511538086,-3.415376363829617,3.3999513977249975,-15.66583115620101,-14.73391081052275,-1.2631150694808506e-14
176.89318688286625,-3.4110337970403806,3.4009035756349295,-15.660260534311501,-14.727775294621113,-5.2629794561702114e-14
176.9022236443406,-3.4066933057428335,3.401857092117658,-15.65469014638714,-14.721639026397153,-5.4734986344170195e-14
176.91126143908727,-3.40235489138589,3.4028119494315865,-15.64911998825608,-14.715502003413551,-3.5788260301957434e-14
176.92030026796098,-3.398018555417064,3.4037681498330254,-15.643550055746857,-14.709364223241977,-4.210383564936169e-14
176.92934013181562,-3.39368429928246,3.404725695576176,-15.637980344688387,-14.703225683463097,2.315710960714893e-14
176.93838103150432,-3.3893521244267264,3.4056845889131355,-15.632410850909952,-14.697086381666596,3.157787673702127e-14
176.94742296787922,-3.385022032293024,3.4066448320938756,-15.626841570241277,-14.690946315451184,2.947268495455318e-14
176.95646594179172,-3.3806940243230237,3.4076064273662383,-15.621272498512507,-14.684805482424684,-6.315575347404254e-14
176.96550995409217,-3.37636810195688,3.408569376975928,-15.615703631554215,-14.678663880203985,-5.6840178126638284e-14
176.97455500563015,-3.3720442666331776,3.4095336831665044,-15.61013496519745,-14.672521506415118,2.1051917824680846e-14
176.9836010972543,-3.3677225197889253,3.4104993481793713,-15.604566495273714,-14.666378358693228,-4.4209027431829774e-14
176.9926482298123,-3.3634028628595263,3.411466374253772,-15.598998217615005,-14.660234434682643,-4.210383564936169e-14
177.00169640415086,-3.3590852972787433,3.4124347636267762,-15.593430128053802,-14.654089732036857,-3.789345208442552e-14
177.0107456211158,-3.3547698244786845,3.4134045185332758,-15.587862222423103,-14.6479442484186,4.210383564936169e-15
177.01979588155191,-3.350456445889777,3.4143756412059685,-15.58229449655645,-14.64179798149982,2.7367493172085098e-14
177.02884718630304,-3.3461451629407244,3.415348133875363,-15.57672694628791,-14.635650928961734,3.5788260301957434e-14
177.037899536212,-3.3418359770584987,3.4163219987697593,-15.5711595674521,-14.629503088494825,-5.894536990910637e-14
177.04695293212058,-3.3375288896683104,3.41729723811524,-15.565592355884256,-14.623354457798914,2.315710960714893e-14
177.05600737486958,-3.3332239021935677,3.4182738541356716,-15.560025307420124,-14.617205034583103,1.6841534259744676e-14
177.06506286529876,-3.328921016055865,3.419251849052684,-15.554458417896125,-14.611054816565895,-4.210383564936169e-15
177.07411940424674,-3.3246202326749543,3.4202312250856735,-15.548891683149233,-14.604903801475128,3.157787673702127e-14
177.08317699255122,-3.320321553468709,3.4212119844517868,-15.5433250990171,-14.598751987048045,-4.210383564936169e-15
177.09223563104865,-3.316024979853113,3.422194129365912,-15.537758661337989,-14.59259937103134,-3.789345208442552e-14
177.10129532057448,-3.3117305132422308,3.4231776620406733,-15.532192365950845,-14.586445951181124,1.473634247727659e-14
177.11035606196305,-3.3074381550481653,3.4241625846864236,-15.526626208695287,-14.58029172526301,-1.6841534259744676e-14
177.1194178560475,-3.3031479066810294,3.4251488995112385,-15.52106018541157,-14.574136691052033,-1.473634247727659e-14
177.1284807036599,-3.2988597695489648,3.4261366087208946,-15.515494291940715,-14.567980846332816,2.1051917824680846e-14
177.13754460563118,-3.2945737450580714,3.4271257145188736,-15.50992852412444,-14.561824188899502,1.0525958912340423e-14
177.14660956279104,-3.290289834612381,3.4281162191063523,-15.504362877805193,-14.55566671655578,-3.9998643866893604e-14
177.155675575968,-3.2860080396138565,3.429108124682189,-15.498797348826166,-14.549508427114946,-2.1051917824680846e-14
177.16474264598943,-3.2817283614623496,3.430101433442918,-15.49323193303132,-14.543349318399907,-6.947132882144679e-14
177.17381077368145,-3.27745080155557,3.431096147582746,-15.487666626265352,-14.537189388243174,-3.789345208442552e-14
177.18287995986898,-3.273175361289065,3.4320922692935354,-15.482101424373809,-14.531028634486947,-4.631421921429786e-14
177.19195020537572,-3.268902042056199,3.433089800764798,-15.476536323202998,-14.524867054983076,-3.9998643866893604e-14
177.20102151102404,-3.2646308452481274,3.43408874418369,-15.470971318600077,-14.518704647593164,1.6841534259744676e-14
177.21009387763513,-3.260361772253759,3.435089101734997,-15.46540640641301,-14.512541410188506,-3.789345208442552e-14
177.21916730602885,-3.2560948244597245,3.4360908756011375,-15.459841582490608,-14.506377340650129,-4.210383564936169e-15
177.2282417970238,-3.25183000325037,3.437094067962141,-15.454276842682575,-14.500212436868871,-4.631421921429786e-14
177.2373173514372,-3.247567310007725,3.4380986809956444,-15.448712182839472,-14.494046696745382,2.315710960714893e-14
177.24639397008508,-3.24330674611147,3.439104716876889,-15.443147598812736,-14.48788011819007,-1.6841534259744676e-14
177.255471653782,-3.2390483129388983,3.4401121777787043,-15.437583086454719,-14.481712699123236,-5.0524602779234026e-14
177.2645504033412,-3.2347920118649194,3.4411210658715037,-15.432018641618717,-14.475544437475047,-1.6841534259744676e-14
177.27363021957458,-3.2305378442620194,3.4421313833232703,-15.426454260158952,-14.469375331185564,2.7367493172085098e-14
177.28271110329274,-3.226285811500221,3.443143132299561,-15.420889937930571,-14.463205378204746,3.5788260301957434e-14
177.29179305530474,-3.222035914947067,3.4441563149634833,-15.415325670789715,-14.4570345764925,-3.5788260301957434e-14
177.3008760764183,-3.217788155967584,3.445170933475698,-15.409761454593477,-14.45086292401869,-6.526094525651062e-14
177.3099601674397,-3.213542535924307,3.4461869899944015,-15.404197285199992,-14.444690418763194,-4.210383564936169e-15
177.31904532917386,-3.20929905617717,3.4472044866753278,-15.398633158468312,-14.438517058715858,-6.315575347404253e-15
177.32813156242415,-3.2050577180835442,3.448223425671727,-15.393069070258612,-14.432342841876608,-6.315575347404253e-15
177.33721886799256,-3.2008185229981785,3.4492438091343707,-15.38750501643206,-14.426167766255384,-4.8419410996765944e-14
177.34630724667954,-3.196581472273183,3.4502656392115347,-15.381940992850843,-14.419991829872231,-3.5788260301957434e-14
177.35539669928409,-3.1923465672580185,3.4512889180489896,-15.376376995378283,-14.413815030757304,-5.2629794561702114e-14
177.36448722660364,-3.1881138092994337,3.45231364779,-15.370813019878717,-14.407637366950855,-4.210383564936169e-15
177.37357882943425,-3.1838831997414863,3.4533398305753056,-15.36524906221764,-14.40145883650333,-2.7367493172085098e-14
177.38267150857027,-3.1796547399254456,3.4543674685431283,-15.359685118261563,-14.395279437475294,-7.368171238638296e-14
177.3917652648046,-3.175428431189873,3.455396563829138,-15.354121183878243,-14.38909916793759,-2.5262301389617013e-14
177.40086009892858,-3.1712042748704894,3.4564271185664737,-15.348557254936505,-14.382918025971236,-8.420767129872338e-15
177.40995601173196,-3.1669822723001895,3.457459134885718,-15.342993327306315,-14.376736009667477,-5.4734986344170195e-14
177.41905300400285,-3.162762424809037,3.4584926149148885,-15.337429396858829,-14.37055311712785,3.5788260301957434e-14
177.42815107652785,-3.1585447337242183,3.4595275607794345,-15.33186545946639,-14.364369346464192,-2.1051917824680845e-15
177.4372502300919,-3.154329200370009,3.460563974602226,-15.326301511002546,-14.358184695798657,-3.789345208442552e-14
177.4463504654783,-3.150115826067766,3.461601858503546,-15.320737547342025,-14.35199916326373,-5.6840178126638284e-14
177.45545178346867,-3.1459046121358663,3.462641214601084,-15.315173564360821,-14.34581274700227,2.315710960714893e-14
177.46455418484308,-3.141695559889743,3.4636820450099197,-15.309609557936136,-14.339625445167513,-4.210383564936169e-14
177.4736576703798,-3.1374886706417877,3.464724351842524,-15.304045523946424,-14.333437255923108,-3.157787673702127e-14
177.48276224085546,-3.1332839457013595,3.46576813720875,-15.298481458271448,-14.327248177443144,2.5262301389617013e-14
177.4918678970451,-3.1290813863747817,3.4668134032158098,-15.29291735679223,-14.321058207912175,-4.210383564936169e-15
177.50097463972185,-3.1248809939652626,3.4678601519682903,-15.287353215391063,-14.314867345525224,1.6841534259744676e-14
177.51008246965725,-3.1206827697729076,3.468908385568122,-15.2817890299516,-14.308675588487823,-1.894672604221276e-14
177.519191387621,-3.1164867150946787,3.4699581061145843,-15.276224796358816,-14.302482935016043,1.6841534259744676e-14
177.52830140126665,-3.1122928445586044,3.471009324543049,-15.270660508427637,-14.296289379737615,1.2631150694808506e-14
177.53741250997652,-3.1081011567746875,3.4720620411924403,-15.265096162399239,-14.290094921586597,-7.157652060391487e-14
177.54652470902295,-3.1039116423943036,3.473116251110021,-15.259531755797031,-14.283899561674158,-6.105056169157445e-14
177.55563799916848,-3.099724302701452,3.47417195638425,-15.253967284511528,-14.277703298259077,-8.631286308119147e-14
177.5647523811739,-3.095539138976864,3.475229159100889,-15.248402744434639,-14.271506129610792,-3.789345208442552e-14
177.57386785579814,-3.0913561524979754,3.4762878613429904,-15.242838131459678,-14.265308054009408,-5.6840178126638284e-14
177.58298442379825,-3.0871753445388874,3.4773480651908915,-15.23727344148141,-14.259109069745747,1.2631150694808506e-14
177.5921020859295,-3.0829967163703493,3.478409772722207,-15.231708670396062,-14.252909175121326,-1.0525958912340423e-14
177.60122084294522,-3.078820269259728,3.479472986011819,-15.226143814101286,-14.246708368448436,-2.7367493172085098e-14
177.6103406955969,-3.0746460044709814,3.480537707131868,-15.220578868496213,-14.240506648050106,-4.4209027431829774e-14
177.61946164463407,-3.07047392326465,3.4816039381517463,-15.215013829481485,-14.234304012260166,-3.368306851948935e-14
177.62858369080445,-3.066304026897776,3.4826716811380876,-15.20944869295923,-14.228100459423258,-2.947268495455318e-14
177.63770683485373,-3.062136316623957,3.4837409381547566,-15.20388345483308,-14.221895987894879,1.894672604221276e-14
177.64683107752572,-3.0579707936932525,3.4848117112628474,-15.198318111008223,-14.21569059604136,-2.1051917824680845e-15
177.65595641956227,-3.053807459352195,3.4858840025206663,-15.19275265739141,-14.209484282239961,-8.420767129872338e-14
177.66508286170318,-3.0496463148437405,3.486957813983732,-15.187187089890905,-14.203277044878792,-3.5788260301957434e-14
177.6742104046864,-3.0454873614072566,3.4880331477047557,-15.181621404416598,-14.197068882356964,2.1051917824680845e-15
177.6833390492478,-3.0413306002784934,3.4891100057336457,-15.176055596879939,-14.190859793084504,-5.6840178126638284e-14
177.6924687961212,-3.0371760326895534,3.49018839011749,-15.17048966319397,-14.184649775482413,1.894672604221276e-14
177.70159964603855,-3.0330236598688582,3.4912683029005542,-15.164923599273392,-14.17843882798271,-3.368306851948935e-14
177.71073159972957,-3.028873483041147,3.492349746124259,-15.159357401034526,-14.172226949028463,-7.578690416885104e-14
177.71986465792202,-3.024725503427419,3.4934327218271957,-15.153791064395321,-14.166014137073763,-2.315710960714893e-14
177.72899882134163,-3.020579722244929,3.4945172320450917,-15.148224585275411,-14.159800390583781,-7.789209595131913e-14
177.73813409071195,-3.0164361407071505,3.4956032788108167,-15.14265795959613,-14.153585708034813,-6.526094525651062e-14
177.7472704667545,-3.012294760023753,3.4966908641543784,-15.13709118328043,-14.14737008791423,1.894672604221276e-14
177.7564079501887,-3.0081555814005747,3.4977799901028983,-15.131524252253055,-14.141153528720608,-1.894672604221276e-14
177.7655465417318,-3.0040186060395966,3.498870658680616,-15.125957162440422,-14.13493602896366,2.1051917824680845e-15
