galstreams/tracks/track.st.Molonglo.grillmair2017b.ecsv
# %ECSV 0.9
# ---
# datatype:
# - {name: ra, unit: deg, datatype: float64}
# - {name: dec, unit: deg, datatype: float64}
# - {name: distance, unit: kpc, datatype: float64}
# - {name: pm_ra_cosdec, unit: mas / yr, datatype: float64}
# - {name: pm_dec, unit: mas / yr, datatype: float64}
# - {name: radial_velocity, unit: km / s, datatype: float64}
# delimiter: ','
# meta: !!omap
# - __serialized_columns__:
#     dec:
#       __class__: astropy.coordinates.angles.Latitude
#       unit: &id001 !astropy.units.Unit {unit: deg}
#       value: !astropy.table.SerializedColumn {name: dec}
#     distance:
#       __class__: astropy.coordinates.distances.Distance
#       unit: !astropy.units.Unit {unit: kpc}
#       value: !astropy.table.SerializedColumn {name: distance}
#     pm_dec:
#       __class__: astropy.units.quantity.Quantity
#       unit: !astropy.units.Unit {unit: mas / yr}
#       value: !astropy.table.SerializedColumn {name: pm_dec}
#     pm_ra_cosdec:
#       __class__: astropy.units.quantity.Quantity
#       unit: !astropy.units.Unit {unit: mas / yr}
#       value: !astropy.table.SerializedColumn {name: pm_ra_cosdec}
#     ra:
#       __class__: astropy.coordinates.angles.Longitude
#       unit: *id001
#       value: !astropy.table.SerializedColumn {name: ra}
#       wrap_angle: !astropy.coordinates.Angle
#         unit: *id001
#         value: 360.0
#     radial_velocity:
#       __class__: astropy.units.quantity.Quantity
#       unit: !astropy.units.Unit {unit: km / s}
#       value: !astropy.table.SerializedColumn {name: radial_velocity}
# schema: astropy-2.0
ra,dec,distance,pm_ra_cosdec,pm_dec,radial_velocity
[from data line 1181]
0.3673235263269891,-17.130995688080908,20.000000000000007,0.0,0.0,0.0
0.3594136652451064,-17.12444406318732,20.000000000000014,0.0,0.0,0.0
0.3515046360475612,-17.11789182378024,20.000000000000014,0.0,0.0,0.0
0.3435964388608742,-17.111338969639856,20.00000000000001,0.0,0.0,0.0
0.33568907381157875,-17.104785500546363,20.000000000000014,0.0,0.0,0.0
0.32778254102621845,-17.098231416279955,20.000000000000014,0.0,0.0,0.0
0.31987684063134947,-17.091676716620828,20.000000000000014,0.0,0.0,0.0
0.3119719727535407,-17.085121401349163,20.000000000000018,0.0,0.0,0.0
0.30406793751937206,-17.078565470245174,20.00000000000001,0.0,0.0,0.0
0.2961647350554366,-17.072008923089033,20.00000000000001,0.0,0.0,0.0
0.28826236548833845,-17.065451759660938,20.000000000000007,0.0,0.0,0.0
0.28036082894469594,-17.05889397974108,20.00000000000001,0.0,0.0,0.0
0.27246012555113375,-17.052335583109635,20.000000000000014,0.0,0.0,0.0
0.2645602554342951,-17.0457765695468,20.00000000000001,0.0,0.0,0.0
0.25666121872083136,-17.03921693883277,20.00000000000001,0.0,0.0,0.0
0.24876301553740737,-17.032656690747718,20.000000000000014,0.0,0.0,0.0
0.2408656460106991,-17.026095825071828,20.000000000000014,0.0,0.0,0.0
0.23296911026739398,-17.019534341585295,20.00000000000001,0.0,0.0,0.0
0.22507340843419305,-17.01297224006829,20.000000000000014,0.0,0.0,0.0
0.2171785406378073,-17.006409520300995,20.000000000000014,0.0,0.0,0.0
0.20928450700496148,-16.999846182063603,20.000000000000014,0.0,0.0,0.0
0.20139130766239155,-16.993282225136277,20.000000000000014,0.0,0.0,0.0
0.19349894273684154,-16.986717649299194,20.000000000000014,0.0,0.0,0.0
0.18560741235507328,-16.980152454332547,20.000000000000007,0.0,0.0,0.0
0.17771671664385652,-16.973586640016496,20.000000000000014,0.0,0.0,0.0
0.16982685572997444,-16.96702020613122,20.000000000000007,0.0,0.0,0.0
0.16193782974022156,-16.960453152456882,20.000000000000014,0.0,0.0,0.0
0.1540496388014033,-16.953885478773657,20.000000000000018,0.0,0.0,0.0
0.1461622830403372,-16.94731718486172,20.000000000000014,0.0,0.0,0.0
0.13827576258385388,-16.940748270501235,20.000000000000014,0.0,0.0,0.0
0.13039007755879514,-16.93417873547236,20.000000000000014,0.0,0.0,0.0
0.12250522809201028,-16.92760857955526,20.000000000000014,0.0,0.0,0.0
0.11462121431036604,-16.9210378025301,20.000000000000014,0.0,0.0,0.0
0.10673803634073889,-16.91446640417704,20.000000000000014,0.0,0.0,0.0
0.0988556943100151,-16.907894384276243,20.000000000000014,0.0,0.0,0.0
0.09097418834509492,-16.90132174260785,20.000000000000018,0.0,0.0,0.0
0.0830935185728881,-16.894748478952025,20.00000000000001,0.0,0.0,0.0
0.07521368512031824,-16.888174593088916,20.000000000000014,0.0,0.0,0.0
0.0673346881143185,-16.88160008479868,20.000000000000018,0.0,0.0,0.0
0.0594565276818342,-16.87502495386146,20.000000000000014,0.0,0.0,0.0
0.05157920394982402,-16.8684492000574,20.000000000000014,0.0,0.0,0.0
0.04370271704525359,-16.861872823166642,20.000000000000014,0.0,0.0,0.0
0.03582706709510351,-16.85529582296934,20.000000000000014,0.0,0.0,0.0
0.027952254226365922,-16.848718199245614,20.000000000000014,0.0,0.0,0.0
0.020078278566042898,-16.842139951775614,20.000000000000014,0.0,0.0,0.0
0.012205140241149392,-16.835561080339474,20.000000000000014,0.0,0.0,0.0
0.004332839378709891,-16.82898158471731,20.000000000000018,0.0,0.0,0.0
359.99646137610574,-16.822401464689282,20.000000000000014,0.0,0.0,0.0
359.98859075054935,-16.815820720035482,20.000000000000014,0.0,0.0,0.0
359.98072096283653,-16.809239350536053,20.00000000000002,0.0,0.0,0.0
359.9728520130944,-16.802657355971128,20.000000000000014,0.0,0.0,0.0
359.96498390145007,-16.796074736120804,20.000000000000014,0.0,0.0,0.0
359.9571166280305,-16.789491490765204,20.000000000000014,0.0,0.0,0.0
359.9492501929629,-16.782907619684448,20.000000000000014,0.0,0.0,0.0
359.9413845963744,-16.776323122658646,20.000000000000018,0.0,0.0,0.0
359.9335198383921,-16.769737999467896,20.000000000000014,0.0,0.0,0.0
359.9256559191431,-16.763152249892322,20.000000000000014,0.0,0.0,0.0
359.91779283875456,-16.75656587371201,20.000000000000014,0.0,0.0,0.0
359.90993059735376,-16.749978870707064,20.00000000000001,0.0,0.0,0.0
359.9020691950677,-16.743391240657584,20.000000000000014,0.0,0.0,0.0
359.89420863202366,-16.736802983343654,20.000000000000014,0.0,0.0,0.0
359.88634890834885,-16.730214098545378,20.000000000000014,0.0,0.0,0.0
359.8784900241704,-16.723624586042835,20.000000000000014,0.0,0.0,0.0
359.87063197961555,-16.717034445616108,20.000000000000014,0.0,0.0,0.0
359.8627747748116,-16.710443677045287,20.000000000000014,0.0,0.0,0.0
359.8549184098857,-16.703852280110432,20.000000000000018,0.0,0.0,0.0
359.84706288496517,-16.697260254591637,20.000000000000014,0.0,0.0,0.0
359.8392082001772,-16.690667600268963,20.000000000000014,0.0,0.0,0.0
359.8313543556492,-16.684074316922473,20.000000000000025,0.0,0.0,0.0
359.8235013515083,-16.67748040433225,20.000000000000014,0.0,0.0,0.0
359.81564918788183,-16.670885862278332,20.000000000000014,0.0,0.0,0.0
359.8077978648971,-16.66429069054078,20.00000000000002,0.0,0.0,0.0
359.79994738268147,-16.657694888899666,20.000000000000018,0.0,0.0,0.0
359.7920977413622,-16.65109845713502,20.000000000000018,0.0,0.0,0.0
359.7842489410668,-16.644501395026897,20.000000000000018,0.0,0.0,0.0
359.77640098192234,-16.637903702355338,20.000000000000018,0.0,0.0,0.0
359.76855386405634,-16.63130537890037,20.00000000000002,0.0,0.0,0.0
359.76070758759624,-16.624706424442063,20.000000000000014,0.0,0.0,0.0
359.75286215266937,-16.618106838760408,20.000000000000018,0.0,0.0,0.0
359.74501755940304,-16.611506621635453,20.000000000000018,0.0,0.0,0.0
359.73717380792465,-16.60490577284721,20.00000000000002,0.0,0.0,0.0
359.72933089836175,-16.598304292175715,20.000000000000018,0.0,0.0,0.0
359.7214888308417,-16.591702179400972,20.00000000000002,0.0,0.0,0.0
359.71364760549193,-16.585099434302993,20.00000000000002,0.0,0.0,0.0
359.70580722243983,-16.578496056661784,20.000000000000018,0.0,0.0,0.0
359.69796768181294,-16.571892046257354,20.00000000000002,0.0,0.0,0.0
359.69012898373876,-16.565287402869696,20.000000000000014,0.0,0.0,0.0
359.6822911283447,-16.558682126278804,20.00000000000002,0.0,0.0,0.0
359.67445411575824,-16.552076216264673,20.00000000000002,0.0,0.0,0.0
359.6666179461069,-16.545469672607286,20.00000000000002,0.0,0.0,0.0
359.6587826195182,-16.53886249508662,20.00000000000002,0.0,0.0,0.0
359.65094813611967,-16.532254683482666,20.00000000000002,0.0,0.0,0.0
359.64311449603883,-16.525646237575383,20.00000000000002,0.0,0.0,0.0
359.63528169940327,-16.519037157144744,20.000000000000018,0.0,0.0,0.0
359.62744974634046,-16.512427441970715,20.00000000000002,0.0,0.0,0.0
359.61961863697803,-16.50581709183325,20.000000000000014,0.0,0.0,0.0
359.61178837144354,-16.4992061065123,20.00000000000002,0.0,0.0,0.0
359.6039589498646,-16.492594485787826,20.00000000000002,0.0,0.0,0.0
359.59613037236875,-16.485982229439767,20.00000000000002,0.0,0.0,0.0
359.5883026390836,-16.47936933724807,20.00000000000002,0.0,0.0,0.0
359.5804757501369,-16.472755808992652,20.00000000000002,0.0,0.0,0.0
359.57264970565615,-16.466141644453458,20.000000000000014,0.0,0.0,0.0
359.56482450576897,-16.459526843410405,20.00000000000002,0.0,0.0,0.0
359.5570001506031,-16.45291140564343,20.000000000000014,0.0,0.0,0.0
359.54917664028613,-16.446295330932426,20.000000000000018,0.0,0.0,0.0
359.54135397494576,-16.43967861905732,20.00000000000002,0.0,0.0,0.0
359.5335321547097,-16.433061269798007,20.00000000000002,0.0,0.0,0.0
359.52571117970564,-16.4264432829344,20.00000000000002,0.0,0.0,0.0
359.5178910500613,-16.419824658246384,20.000000000000018,0.0,0.0,0.0
359.5100717659043,-16.413205395513852,20.00000000000002,0.0,0.0,0.0
359.50225332736244,-16.406585494516687,20.000000000000014,0.0,0.0,0.0
359.4944357345634,-16.399964955034765,20.000000000000018,0.0,0.0,0.0
359.486618987635,-16.39334377684796,20.000000000000018,0.0,0.0,0.0
359.47880308670494,-16.38672195973615,20.00000000000002,0.0,0.0,0.0
359.470988031901,-16.380099503479187,20.00000000000003,0.0,0.0,0.0
359.463173823351,-16.373476407856938,20.00000000000002,0.0,0.0,0.0
359.4553604611827,-16.366852672649255,20.000000000000018,0.0,0.0,0.0
359.4475479455238,-16.36022829763597,20.00000000000002,0.0,0.0,0.0
359.4397362765023,-16.35360328259694,20.00000000000002,0.0,0.0,0.0
359.4319254542458,-16.346977627311997,20.00000000000002,0.0,0.0,0.0
359.4241154788823,-16.340351331560957,20.00000000000002,0.0,0.0,0.0
359.41630635053957,-16.33372439512366,20.000000000000018,0.0,0.0,0.0
359.40849806934546,-16.327096817779914,20.00000000000002,0.0,0.0,0.0
359.40069063542785,-16.32046859930954,20.000000000000025,0.0,0.0,0.0
359.3928840489146,-16.313839739492327,20.00000000000002,0.0,0.0,0.0
359.3850783099336,-16.307210238108095,20.00000000000002,0.0,0.0,0.0
359.3772734186127,-16.30058009493663,20.000000000000025,0.0,0.0,0.0
359.3694693750798,-16.29394930975772,20.00000000000002,0.0,0.0,0.0
359.3616661794628,-16.287317882351143,20.00000000000002,0.0,0.0,0.0
359.3538638318898,-16.280685812496678,20.00000000000002,0.0,0.0,0.0
359.3460623324885,-16.2740530999741,20.000000000000018,0.0,0.0,0.0
359.33826168138694,-16.26741974456317,20.00000000000002,0.0,0.0,0.0
359.33046187871304,-16.260785746043634,20.000000000000025,0.0,0.0,0.0
359.3226629245948,-16.25415110419526,20.00000000000002,0.0,0.0,0.0
359.31486481916016,-16.247515818797783,20.00000000000002,0.0,0.0,0.0
359.30706756253716,-16.24087988963094,20.00000000000002,0.0,0.0,0.0
359.2992711548537,-16.234243316474473,20.00000000000002,0.0,0.0,0.0
359.2914755962379,-16.22760609910809,20.00000000000002,0.0,0.0,0.0
359.2836808868176,-16.22096823731152,20.000000000000025,0.0,0.0,0.0
359.27588702672097,-16.214329730864492,20.000000000000025,0.0,0.0,0.0
359.268094016076,-16.207690579546682,20.00000000000002,0.0,0.0,0.0
359.26030185501077,-16.201050783137802,20.00000000000002,0.0,0.0,0.0
359.2525105436532,-16.19441034141755,20.00000000000002,0.0,0.0,0.0
359.24472008213155,-16.1877692541656,20.00000000000002,0.0,0.0,0.0
359.2369304705738,-16.181127521161645,20.00000000000002,0.0,0.0,0.0
359.2291417091079,-16.174485142185347,20.00000000000002,0.0,0.0,0.0
359.2213537978621,-16.167842117016374,20.00000000000002,0.0,0.0,0.0
359.21356673696454,-16.16119844543438,20.00000000000002,0.0,0.0,0.0
359.2057805265432,-16.154554127219022,20.000000000000025,0.0,0.0,0.0
359.1979951667263,-16.147909162149944,20.00000000000002,0.0,0.0,0.0
359.1902106576419,-16.141263550006776,20.00000000000002,0.0,0.0,0.0
359.18242699941817,-16.134617290569157,20.00000000000002,0.0,0.0,0.0
359.1746441921833,-16.127970383616706,20.000000000000025,0.0,0.0,0.0
359.1668622360654,-16.121322828929042,20.000000000000018,0.0,0.0,0.0
359.1590811311927,-16.114674626285765,20.000000000000025,0.0,0.0,0.0
359.1513008776933,-16.108025775466487,20.000000000000025,0.0,0.0,0.0
359.1435214756955,-16.1013762762508,20.00000000000002,0.0,0.0,0.0
359.1357429253274,-16.09472612841828,20.00000000000002,0.0,0.0,0.0
359.1279652267172,-16.088075331748524,20.00000000000002,0.0,0.0,0.0
359.1201883799933,-16.08142388602109,20.000000000000025,0.0,0.0,0.0
359.11241238528373,-16.074771791015547,20.00000000000002,0.0,0.0,0.0
359.1046372427168,-16.068119046511445,20.00000000000003,0.0,0.0,0.0
359.09686295242085,-16.061465652288348,20.00000000000002,0.0,0.0,0.0
359.08908951452395,-16.05481160812578,20.00000000000002,0.0,0.0,0.0
359.0813169291546,-16.04815691380329,20.000000000000025,0.0,0.0,0.0
359.0735451964409,-16.041501569100397,20.000000000000025,0.0,0.0,0.0
359.0657743165112,-16.034845573796627,20.000000000000025,0.0,0.0,0.0
359.05800428949385,-16.028188927671472,20.000000000000025,0.0,0.0,0.0
359.050235115517,-16.021531630504462,20.000000000000025,0.0,0.0,0.0
359.0424667947092,-16.014873682075066,20.00000000000003,0.0,0.0,0.0
359.03469932719867,-16.00821508216279,20.000000000000025,0.0,0.0,0.0
359.0269327131137,-16.0015558305471,20.00000000000003,0.0,0.0,0.0
359.01916695258274,-15.994895927007482,20.00000000000002,0.0,0.0,0.0
359.011402045734,-15.988235371323375,20.000000000000025,0.0,0.0,0.0
359.003637992696,-15.981574163274262,20.00000000000002,0.0,0.0,0.0
358.995874793597,-15.974912302639561,20.00000000000003,0.0,0.0,0.0
358.9881124485655,-15.968249789198737,20.00000000000003,0.0,0.0,0.0
358.98035095772985,-15.961586622731213,20.000000000000025,0.0,0.0,0.0
358.9725903212185,-15.954922803016398,20.000000000000025,0.0,0.0,0.0
358.9648305391597,-15.948258329833719,20.000000000000025,0.0,0.0,0.0
358.9570716116821,-15.941593202962576,20.000000000000018,0.0,0.0,0.0
358.949313538914,-15.934927422182367,20.00000000000003,0.0,0.0,0.0
358.94155632098386,-15.928260987272488,20.00000000000003,0.0,0.0,0.0
358.9337999580202,-15.921593898012302,20.000000000000025,0.0,0.0,0.0
358.9260444501514,-15.914926154181195,20.000000000000025,0.0,0.0,0.0
358.91828979750596,-15.908257755558521,20.000000000000025,0.0,0.0,0.0
358.9105360002124,-15.90158870192364,20.00000000000003,0.0,0.0,0.0
358.9027830583992,-15.894918993055896,20.000000000000025,0.0,0.0,0.0
358.8950309721949,-15.888248628734623,20.000000000000025,0.0,0.0,0.0
358.88727974172787,-15.881577608739152,20.000000000000025,0.0,0.0,0.0
358.87952936712674,-15.874905932848808,20.000000000000025,0.0,0.0,0.0
358.8717798485201,-15.868233600842892,20.00000000000003,0.0,0.0,0.0
358.8640311860364,-15.861560612500709,20.000000000000025,0.0,0.0,0.0
358.8562833798042,-15.854886967601551,20.00000000000003,0.0,0.0,0.0
358.8485364299521,-15.848212665924702,20.00000000000003,0.0,0.0,0.0
358.8407903366086,-15.841537707249433,20.00000000000002,0.0,0.0,0.0
358.8330450999024,-15.83486209135502,20.00000000000003,0.0,0.0,0.0
358.82530071996194,-15.828185818020707,20.000000000000025,0.0,0.0,0.0
358.8175571969159,-15.821508887025756,20.00000000000003,0.0,0.0,0.0
358.80981453089294,-15.814831298149384,20.00000000000003,0.0,0.0,0.0
358.8020727220216,-15.808153051170839,20.00000000000002,0.0,0.0,0.0
358.7943317704305,-15.801474145869332,20.00000000000003,0.0,0.0,0.0
358.7865916762483,-15.794794582024071,20.000000000000025,0.0,0.0,0.0
358.77885243960367,-15.78811435941426,20.00000000000003,0.0,0.0,0.0
358.7711140606252,-15.7814334778191,20.00000000000003,0.0,0.0,0.0
358.76337653944165,-15.774751937017756,20.00000000000002,0.0,0.0,0.0
358.7556398761816,-15.76806973678941,20.000000000000025,0.0,0.0,0.0
358.7479040709738,-15.761386876913221,20.00000000000003,0.0,0.0,0.0
358.7401691239469,-15.754703357168344,20.000000000000025,0.0,0.0,0.0
358.7324350352296,-15.748019177333923,20.000000000000025,0.0,0.0,0.0
358.7247018049506,-15.741334337189093,20.000000000000025,0.0,0.0,0.0
358.7169694332388,-15.734648836512978,20.00000000000002,0.0,0.0,0.0
358.7092379202226,-15.727962675084687,20.000000000000025,0.0,0.0,0.0
358.70150726603094,-15.721275852683332,20.00000000000003,0.0,0.0,0.0
358.69377747079267,-15.714588369088004,20.00000000000003,0.0,0.0,0.0
358.6860485346363,-15.707900224077793,20.000000000000025,0.0,0.0,0.0
358.6783204576908,-15.701211417431761,20.00000000000003,0.0,0.0,0.0
358.6705932400848,-15.694521948928994,20.00000000000002,0.0,0.0,0.0
358.6628668819472,-15.687831818348526,20.00000000000002,0.0,0.0,0.0
358.6551413834067,-15.68114102546941,20.00000000000003,0.0,0.0,0.0
358.6474167445922,-15.674449570070683,20.00000000000003,0.0,0.0,0.0
358.6396929656325,-15.667757451931372,20.00000000000002,0.0,0.0,0.0
358.6319700466563,-15.661064670830486,20.00000000000002,0.0,0.0,0.0
358.62424798779256,-15.65437122654703,20.000000000000025,0.0,0.0,0.0
358.61652678917005,-15.64767711886,20.000000000000025,0.0,0.0,0.0
358.6088064509177,-15.64098234754837,20.00000000000003,0.0,0.0,0.0
358.6010869731643,-15.634286912391131,20.00000000000003,0.0,0.0,0.0
358.59336835603875,-15.627590813167233,20.00000000000003,0.0,0.0,0.0
358.5856505996699,-15.62089404965563,20.00000000000003,0.0,0.0,0.0
358.57793370418665,-15.614196621635266,20.000000000000025,0.0,0.0,0.0
358.5702176697179,-15.607498528885069,20.00000000000003,0.0,0.0,0.0
