galstreams/tracks/track.st.Hrid.ibata2021.ecsv
# %ECSV 0.9
# ---
# datatype:
# - {name: ra, unit: deg, datatype: float64}
# - {name: dec, unit: deg, datatype: float64}
# - {name: distance, unit: kpc, datatype: float64}
# - {name: pm_ra_cosdec, unit: mas / yr, datatype: float64}
# - {name: pm_dec, unit: mas / yr, datatype: float64}
# - {name: radial_velocity, unit: km / s, datatype: float64}
# delimiter: ','
# meta: !!omap
# - __serialized_columns__:
#     dec:
#       __class__: astropy.coordinates.angles.Latitude
#       unit: &id001 !astropy.units.Unit {unit: deg}
#       value: !astropy.table.SerializedColumn {name: dec}
#     distance:
#       __class__: astropy.coordinates.distances.Distance
#       unit: !astropy.units.Unit {unit: kpc}
#       value: !astropy.table.SerializedColumn {name: distance}
#     pm_dec:
#       __class__: astropy.units.quantity.Quantity
#       unit: !astropy.units.Unit {unit: mas / yr}
#       value: !astropy.table.SerializedColumn {name: pm_dec}
#     pm_ra_cosdec:
#       __class__: astropy.units.quantity.Quantity
#       unit: !astropy.units.Unit {unit: mas / yr}
#       value: !astropy.table.SerializedColumn {name: pm_ra_cosdec}
#     ra:
#       __class__: astropy.coordinates.angles.Longitude
#       unit: *id001
#       value: !astropy.table.SerializedColumn {name: ra}
#       wrap_angle: !astropy.coordinates.Angle
#         unit: *id001
#         value: 360.0
#     radial_velocity:
#       __class__: astropy.units.quantity.Quantity
#       unit: !astropy.units.Unit {unit: km / s}
#       value: !astropy.table.SerializedColumn {name: radial_velocity}
# schema: astropy-2.0
ra,dec,distance,pm_ra_cosdec,pm_dec,radial_velocity
[from data line 5615]
285.411386235718,71.2109538722416,3.6722945939560776,-2.999107791186211,20.87321546065326,0.0
285.4157186824599,71.22086351319741,3.6726827449912265,-2.997210080304935,20.87054763200289,-5.0524602779234026e-14
285.4200560898609,71.23077303205123,3.673071059839598,-2.995310992836394,20.867878133680268,0.0
285.4243984659869,71.24068242859447,3.673459538530453,-2.9934105269528537,20.865206965509813,0.0
285.4287458189203,71.25059170261818,3.6738481810930517,-2.9915086808229496,20.862534127315545,0.0
285.4330981567604,71.2605008539129,3.6742369875566547,-2.989605452611678,20.859859618921114,3.368306851948935e-14
285.4374554876234,71.27040988226877,3.6746259579505227,-2.987700840480404,20.857183440149797,6.73661370389787e-14
285.44181781964255,71.2803187874754,3.675015092303918,-2.9857948425867686,20.854505590824463,-1.0104920555846805e-13
285.44618516096796,71.29022756932206,3.6754043906461,-2.983887457084741,20.851826070767647,3.368306851948935e-14
285.45055751976656,71.30013622759749,3.6757938530063288,-2.9819786821246703,20.849144879801432,1.0104920555846805e-13
285.4549349042226,71.31004476208996,3.676183479413868,-2.9800685158531426,20.84646201774756,0.0
285.4593173225374,71.31995317258735,3.676573269897975,-2.9781569564130823,20.843777484427406,0.0
285.46370478292926,71.32986145887706,3.6769632244879125,-2.976244001943673,20.841091279661867,5.0524602779234026e-14
285.46809729363383,71.339769620746,3.677353343212942,-2.9743296505803833,20.838403403271528,1.6841534259744676e-14
285.47249486290394,71.34967765798065,3.6777436261023215,-2.972413900454966,20.835713855076552,0.0
285.4768974990096,71.35958557036702,3.6781340731853143,-2.9704967496954082,20.8330226348967,-1.6841534259744676e-14
285.4813052102383,71.36949335769069,3.6785246844911805,-2.968578196425953,20.83032974255135,5.0524602779234026e-14
285.4857180048948,71.3794010197367,3.6789154600491796,-2.9666582387671045,20.827635177859452,-3.368306851948935e-14
285.49013589130135,71.3893085562897,3.6793063998885738,-2.9647368748355447,20.824938940639584,-3.368306851948935e-14
285.4945588777975,71.3992159671339,3.679697504038624,-2.9628141027442374,20.8222410307099,5.0524602779234026e-14
285.49898697274034,71.40912325205291,3.6800887725285905,-2.960889920602332,20.819541447888156,-6.73661370389787e-14
285.5034201845047,71.41903041083002,3.6804802053877337,-2.958964326515149,20.816840191991695,8.420767129872338e-14
285.5078585214829,71.42893744324795,3.680871802645315,-2.9570373185842396,20.814137262837445,0.0
285.51230199208464,71.43884434908898,3.681263564330594,-2.9551088949073305,20.81143266024194,-5.0524602779234026e-14
285.5167506047377,71.44875112813499,3.681655490472834,-2.953179053578297,20.808726384021288,1.6841534259744676e-14
285.52120436788744,71.45865778016727,3.6820475811012927,-2.9512477926871945,20.806018433991195,-1.6841534259744676e-14
285.5256632899968,71.46856430496669,3.6824398362452335,-2.9493151103202253,20.803308809966914,-3.368306851948935e-14
285.53012737954697,71.47847070231366,3.6828322559339153,-2.9473810045597397,20.800597511763307,0.0
285.5345966450365,71.48837697198809,3.6832248401966,-2.9454454734842312,20.797884539194804,-1.6841534259744676e-14
285.53907109498215,71.49828311376943,3.683617589062548,-2.9435085151683014,20.795169892075428,-1.6841534259744676e-14
285.54355073791874,71.50818912743664,3.6840105025610197,-2.9415701276826383,20.792453570218747,1.6841534259744676e-14
285.5480355823989,71.51809501276819,3.6844035807212756,-2.9396303090940723,20.789735573437923,0.0
285.5525256369933,71.52800076954209,3.6847968235725777,-2.937689057465512,20.787015901545683,0.0
285.55702091029093,71.53790639753585,3.685190231144185,-2.9357463708559606,20.784294554354318,5.0524602779234026e-14
285.5615214108986,71.54781189652651,3.685583803465361,-2.933802247320485,20.781571531675677,1.1789073981821273e-13
285.5660271474417,71.5577172662906,3.6859775405653643,-2.9318566849101764,20.7788468333212,0.0
285.57053812856356,71.56762250660422,3.6863714424734564,-2.929909681672261,20.77612045910185,5.0524602779234026e-14
285.5750543629259,71.5775276172429,3.6867655092188985,-2.927961235649936,20.773392408828187,1.6841534259744676e-14
285.57957585920894,71.58743259798175,3.6871597408309498,-2.926011344882466,20.770662682310316,0.0
285.5841026261111,71.59733744859534,3.6875541373388727,-2.9240600074051253,20.767931279357867,-3.368306851948935e-14
285.58863467234914,71.60724216885778,3.6879486987719265,-2.9221072212492016,20.765198199780077,0.0
285.5931720066586,71.6171467585427,3.6883434251593736,-2.920152984441983,20.76246344338571,0.0
285.59771463779344,71.62705121742317,3.6887383165304732,-2.9181972950067556,20.759727009983052,5.0524602779234026e-14
285.6022625745261,71.63695554527186,3.689133372914487,-2.916240150962768,20.756988899379973,1.6841534259744676e-14
285.60681582564774,71.64685974186084,3.689528594340677,-2.9142815503252715,20.754249111383874,0.0
285.6113743999682,71.65676380696176,3.689923980838302,-2.9123214911054607,20.751507645801706,8.420767129872338e-14
285.61593830631614,71.66666774034574,3.6903195324366225,-2.910359971310443,20.748764502439933,-1.6841534259744676e-14
285.6205075535387,71.67657154178337,3.6907152491649007,-2.9083969889433607,20.746019681104595,-1.6841534259744676e-14
285.6250821505022,71.68647521104482,3.6911111310523967,-2.9064325420031656,20.743273181601264,3.368306851948935e-14
285.62966210609164,71.69637874789966,3.6915071781283717,-2.904466628484834,20.74052500373501,-1.6841534259744676e-14
285.63424742921103,71.70628215211703,3.6919033904220866,-2.902499246379165,20.73777514731045,3.368306851948935e-14
285.63883812878333,71.71618542346549,3.6922997679628007,-2.9005303936729163,20.73502361213176,3.368306851948935e-14
285.6434342137505,71.72608856171317,3.692696310779777,-2.898560068348705,20.732270398002612,5.0524602779234026e-14
285.64803569307367,71.73599156662765,3.693093018902274,-2.8965882683850115,20.729515504726212,3.368306851948935e-14
285.65264257573295,71.74589443797598,3.6934898923595543,-2.8946149917562307,20.72675893210531,0.0
285.65725487072785,71.75579717552475,3.6938869311808764,-2.8926402364325443,20.724000679942122,1.6841534259744676e-14
285.66187258707686,71.76569977903998,3.6942841353955047,-2.8906640003800432,20.72124074803843,0.0
285.66649573381795,71.77560224828721,3.6946815050326975,-2.8886862815606094,20.71847913619552,-6.73661370389787e-14
285.6711243200083,71.78550458303148,3.6950790401217155,-2.886707077931957,20.71571584421418,-1.6841534259744676e-14
285.6757583547245,71.79540678303728,3.69547674069182,-2.884726387447615,20.712950871894726,0.0
285.68039784706275,71.80530884806855,3.6958746067722705,-2.8827442080569057,20.71018421903699,0.0
285.6850428061384,71.81521077788881,3.6962726383923314,-2.88076053770495,20.70741588544027,-3.368306851948935e-14
285.6896932410867,71.82511257226096,3.6966708355812594,-2.878775374332651,20.704645870903406,1.6841534259744676e-14
285.6943491610622,71.83501423094742,3.697069198368318,-2.876788715876665,20.70187417522472,0.0
285.6990105752392,71.84491575371007,3.6974677267827656,-2.8748005602694278,20.699100798202068,-3.368306851948935e-14
285.7036774928118,71.85481714031029,3.697866420853866,-2.8728109054390853,20.69632573963274,-1.6841534259744676e-14
285.70834992299365,71.8647183905089,3.6982652806108764,-2.870819749309555,20.6935489993136,0.0
285.7130278750184,71.87461950406622,3.69866430608306,-2.8688270898004533,20.69077057704093,-1.6841534259744676e-14
285.7177113581394,71.88452048074201,3.699063497299679,-2.86683292482713,20.687990472610544,5.0524602779234026e-14
285.72240038163,71.89442132029552,3.6994628542899886,-2.864837252300605,20.685208685817756,1.6841534259744676e-14
285.7270949547834,71.90432202248546,3.6998623770832566,-2.862840070127619,20.682425216457304,-3.368306851948935e-14
285.73179508691305,71.91422258707003,3.700262065708738,-2.8608413762105656,20.679640064323483,-5.0524602779234026e-14
285.7365007873521,71.92412301380682,3.7006619201956963,-2.8588411684475448,20.67685322921003,-3.368306851948935e-14
285.7412120654542,71.93402330245297,3.7010619405733918,-2.8568394447322527,20.674064710910148,3.368306851948935e-14
285.7459289305928,71.94392345276503,3.7014621268710868,-2.854836202954098,20.671274509216552,-1.6841534259744676e-14
285.7506513921619,71.95382346449901,3.7018624791180392,-2.852831440998078,20.668482623921395,-3.368306851948935e-14
285.7553794595757,71.9637233374104,3.7022629973435115,-2.8508251567448024,20.665689054816323,3.368306851948935e-14
285.76011314226855,71.97362307125415,3.702663681576764,-2.848817348070547,20.662893801692444,-3.368306851948935e-14
285.76485244969535,71.98352266578462,3.7030645318470583,-2.8468080128471422,20.66009686434033,1.6841534259744676e-14
285.76959739133144,71.99342212075565,3.7034655481836536,-2.844797148942005,20.657298242550006,-8.420767129872338e-14
285.77434797667274,72.00332143592058,3.703866730615812,-2.8427847542181413,20.65449793611099,0.0
285.77910421523546,72.01322061103212,3.704268079172794,-2.8407708265341123,20.651695944812218,-5.0524602779234026e-14
285.7838661165566,72.02311964584248,3.7046695938838594,-2.838755363744057,20.64889226844211,0.0
285.78863369019393,72.0330185401033,3.705071274778271,-2.836738363697622,20.646086906788515,-5.0524602779234026e-14
285.7934069457257,72.04291729356565,3.705473121885287,-2.8347198242400133,20.64327985963876,3.368306851948935e-14
285.798185892751,72.05281590598007,3.705875135234171,-2.832699743211932,20.640471126779595,-5.0524602779234026e-14
285.80297054088993,72.06271437709657,3.706277314854182,-2.8306781184495806,20.63766070799723,1.6841534259744676e-14
285.80776089978326,72.07261270666451,3.7066796607745807,-2.828654947784674,20.63484860307732,-3.368306851948935e-14
285.81255697909285,72.0825108944328,3.7070821730246277,-2.8266302290443917,20.632034811804953,6.73661370389787e-14
285.81735878850145,72.09240894014967,3.7074848516335854,-2.8246039600514043,20.62921933396463,-3.368306851948935e-14
285.8221663377129,72.10230684356293,3.7078876966307135,-2.8225761386238446,20.626402169340338,3.368306851948935e-14
285.8269796364521,72.11220460441967,3.708290708045272,-2.8205467625752583,20.623583317715454,6.73661370389787e-14
285.8317986944653,72.12210222246655,3.7086938859065226,-2.8185158297146415,20.62076277887281,8.420767129872338e-14
285.83662352151987,72.13199969744956,3.7090972302437266,-2.816483337846421,20.617940552594643,-5.0524602779234026e-14
285.84145412740435,72.14189702911419,3.709500741086144,-2.8144492847704257,20.61511663866262,1.6841534259744676e-14
285.8462905219288,72.1517942172053,3.709904418463035,-2.8124136682818763,20.61229103685785,3.368306851948935e-14
285.8511327149245,72.16169126146724,3.7103082624036614,-2.8103764861714113,20.60946374696083,-1.6841534259744676e-14
285.8559807162444,72.17158816164375,3.7107122729372835,-2.808337736224992,20.606634768751498,3.368306851948935e-14
285.86083453576276,72.18148491747797,3.7111164500931624,-2.8062974162239795,20.60380410200918,1.6841534259744676e-14
285.86569418337564,72.19138152871254,3.7115207939005592,-2.8042555239450584,20.600971746512627,1.0104920555846805e-13
285.87055966900044,72.2012779950894,3.7119253043887337,-2.8022120571602773,20.598137702040006,1.6841534259744676e-14
285.87543100257653,72.21117431635005,3.7123299815869464,-2.800167013636982,20.595301968368876,1.6841534259744676e-14
285.88030819406475,72.2210704922353,3.7127348255244597,-2.798120391137866,20.592464545276194,-6.73661370389787e-14
285.885191253448,72.23096652248543,3.7131398362305337,-2.7960721874208883,20.58962543253832,3.368306851948935e-14
285.89008019073094,72.24086240684011,3.713545013734428,-2.7940224002393,20.586784629931014,6.73661370389787e-14
285.89497501594013,72.25075814503843,3.713950358065405,-2.791971027341627,20.583942137229446,8.420767129872338e-14
285.8998757391242,72.26065373681891,3.714355869252724,-2.7899180664716896,20.581097954208126,-3.368306851948935e-14
285.9047823703537,72.27054918191945,3.7147615473256477,-2.7878635153684916,20.578252080641004,0.0
285.9096949197214,72.28044448007738,3.715167392313434,-2.7858073717663494,20.575404516301397,3.368306851948935e-14
285.9146133973421,72.29033963102941,3.715573404245346,-2.783749633394744,20.572555260961995,3.368306851948935e-14
285.91953781335303,72.30023463451168,3.715979583150645,-2.7816902979784164,20.569704314394862,-1.6841534259744676e-14
285.9244681779135,72.31012949025975,3.7163859290585903,-2.779629363237233,20.56685167637147,3.368306851948935e-14
285.9294045012053,72.32002419800851,3.7167924419984426,-2.777566826886355,20.56399734666262,-1.6841534259744676e-14
285.93434679343255,72.32991875749234,3.717199121999463,-2.775502686635998,20.561141325038534,0.0
285.9392950648219,72.33981316844493,3.717605969090913,-2.773436940191627,20.55828361126875,6.73661370389787e-14
285.9442493256224,72.34970743059947,3.718012983302052,-2.771369585253809,20.555424205122204,5.0524602779234026e-14
285.9492095861059,72.35960154368843,3.718420164662142,-2.769300619518286,20.552563106367174,8.420767129872338e-14
285.9541758565667,72.36949550744374,3.7188275132004427,-2.767230040675847,20.54970031477133,6.73661370389787e-14
285.9591481473219,72.37938932159673,3.7192350289462164,-2.765157846412463,20.54683583010164,0.0
285.96412646871147,72.38928298587808,3.7196427119287225,-2.7630840344091663,20.54396965212446,-3.368306851948935e-14
285.96911083109796,72.39917650001789,3.720050562177222,-2.761008602342092,20.54110178060551,1.6841534259744676e-14
285.97410124486714,72.40906986374563,3.720458579720976,-2.7589315478823995,20.53823221530983,1.6841534259744676e-14
285.97909772042755,72.41896307679016,3.7208667645892453,-2.7568528686963525,20.5353609560018,0.0
285.9841002682107,72.42885613887971,3.7212751168112903,-2.7547725624452397,20.53248800244517,3.368306851948935e-14
285.9891088986713,72.43874904974193,3.7216836364163726,-2.7526906267853652,20.529613354402983,8.420767129872338e-14
285.9941236222873,72.44864180910378,3.7220923234337517,-2.75060705936807,20.526737011637657,6.73661370389787e-14
285.9991444495596,72.45853441669166,3.7225011778926893,-2.748521857839696,20.52385897391093,-3.368306851948935e-14
286.0041713910127,72.46842687223133,3.7229101998224454,-2.746435019841539,20.52097924098384,1.6841534259744676e-14
286.0092044571941,72.4783191754479,3.723319389252282,-2.744346543009927,20.51809781261677,0.0
286.014243658675,72.4882113260659,3.7237287462114588,-2.742256424976099,20.515214688569444,8.420767129872338e-14
286.0192890060499,72.49810332380916,3.7241382707292368,-2.7401646633662775,20.51232986860086,-1.6841534259744676e-14
286.02434050993696,72.50799516840097,3.7245479628348774,-2.7380712558015987,20.509443352469372,3.368306851948935e-14
286.02939818097775,72.51788685956389,3.7249578225576405,-2.73597619989813,20.50655513993263,1.1789073981821273e-13
286.03446202983775,72.52777839701992,3.725367849926788,-2.7338794932668344,20.503665230747565,0.0
286.03953206720604,72.53766978049038,3.7257780449715794,-2.731781133513585,20.50077362467047,0.0
286.0446083037954,72.54756100969598,3.7261884077212764,-2.7296811182391303,20.497880321456883,-1.6841534259744676e-14
286.0496907503426,72.5574520843568,3.726598938205138,-2.727579445039087,20.49498532086168,5.0524602779234026e-14
286.05477941760836,72.56734300419222,3.7270096364524283,-2.72547611150392,20.49208862263901,1.6841534259744676e-14
286.0598743163773,72.57723376892102,3.727420502492405,-2.723371115218911,20.489190226542327,5.0524602779234026e-14
286.0649754574582,72.58712437826131,3.7278315363543304,-2.721264453764193,20.486290132324356,-5.0524602779234026e-14
286.0700828516839,72.59701483193062,3.728242738067464,-2.7191561247147176,20.483388339737136,6.73661370389787e-14
286.07519650991134,72.60690512964574,3.7286541076610678,-2.717046125640219,20.480484848531955,3.368306851948935e-14
286.0803164430219,72.61679527112284,3.7290656451644026,-2.7149344541051903,20.477579658459405,5.0524602779234026e-14
