galstreams/tracks/track.st.M92.thomas2020.ecsv
# %ECSV 0.9
# ---
# datatype:
# - {name: ra, unit: deg, datatype: float64}
# - {name: dec, unit: deg, datatype: float64}
# - {name: distance, unit: kpc, datatype: float64}
# - {name: pm_ra_cosdec, unit: mas / yr, datatype: float64}
# - {name: pm_dec, unit: mas / yr, datatype: float64}
# - {name: radial_velocity, unit: km / s, datatype: float64}
# delimiter: ','
# meta: !!omap
# - __serialized_columns__:
#     dec:
#       __class__: astropy.coordinates.angles.Latitude
#       unit: &id001 !astropy.units.Unit {unit: deg}
#       value: !astropy.table.SerializedColumn {name: dec}
#     distance:
#       __class__: astropy.coordinates.distances.Distance
#       unit: !astropy.units.Unit {unit: kpc}
#       value: !astropy.table.SerializedColumn {name: distance}
#     pm_dec:
#       __class__: astropy.units.quantity.Quantity
#       unit: !astropy.units.Unit {unit: mas / yr}
#       value: !astropy.table.SerializedColumn {name: pm_dec}
#     pm_ra_cosdec:
#       __class__: astropy.units.quantity.Quantity
#       unit: !astropy.units.Unit {unit: mas / yr}
#       value: !astropy.table.SerializedColumn {name: pm_ra_cosdec}
#     ra:
#       __class__: astropy.coordinates.angles.Longitude
#       unit: *id001
#       value: !astropy.table.SerializedColumn {name: ra}
#       wrap_angle: !astropy.coordinates.Angle
#         unit: *id001
#         value: 360.0
#     radial_velocity:
#       __class__: astropy.units.quantity.Quantity
#       unit: !astropy.units.Unit {unit: km / s}
#       value: !astropy.table.SerializedColumn {name: radial_velocity}
# schema: astropy-2.0
ra,dec,distance,pm_ra_cosdec,pm_dec,radial_velocity
[from data line 251]
253.6254096405191,41.60975634660511,8.299999999999997,0.0,0.0,0.0
253.63910855244453,41.616524548826,8.299999999999997,0.0,0.0,0.0
253.65280962041868,41.62327433409396,8.299999999999997,0.0,0.0,0.0
253.66651283411883,41.63000571795028,8.299999999999997,0.0,0.0,0.0
253.68021818322723,41.63671871592242,8.299999999999997,0.0,0.0,0.0
253.69392565743127,41.643413343523996,8.299999999999997,0.0,0.0,0.0
253.7076352464234,41.65008961625486,8.299999999999995,0.0,0.0,0.0
253.72134693990105,41.656747549601064,8.299999999999997,0.0,0.0,0.0
253.73506072756695,41.66338715903484,8.299999999999997,0.0,0.0,0.0
253.74877659912886,41.67000846001473,8.299999999999995,0.0,0.0,0.0
253.76249454429964,41.67661146798543,8.299999999999997,0.0,0.0,0.0
253.77621455279754,41.683196198377956,8.299999999999999,0.0,0.0,0.0
253.78993661434575,41.68976266660957,8.299999999999997,0.0,0.0,0.0
253.8036607186728,41.69631088808382,8.299999999999999,0.0,0.0,0.0
253.81738685551255,41.70284087819053,8.299999999999997,0.0,0.0,0.0
253.83111501460394,41.709352652305846,8.299999999999997,0.0,0.0,0.0
253.84484518569116,41.71584622579223,8.299999999999997,0.0,0.0,0.0
253.85857735852397,41.722321613998474,8.299999999999997,0.0,0.0,0.0
253.87231152285722,41.72877883225967,8.299999999999997,0.0,0.0,0.0
253.8860476684511,41.73521789589732,8.299999999999997,0.0,0.0,0.0
253.89978578507115,41.741638820219244,8.299999999999997,0.0,0.0,0.0
253.91352586248846,41.74804162051968,8.299999999999999,0.0,0.0,0.0
253.92726789047927,41.75442631207921,8.299999999999997,0.0,0.0,0.0
253.9410118588253,41.760792910164845,8.299999999999999,0.0,0.0,0.0
253.95475775731387,41.76714143003001,8.299999999999997,0.0,0.0,0.0
253.9685055757376,41.7734718869145,8.299999999999999,0.0,0.0,0.0
253.9822553038944,41.779784296044625,8.299999999999997,0.0,0.0,0.0
253.99600693158814,41.78607867263308,8.299999999999997,0.0,0.0,0.0
254.0097604486277,41.79235503187906,8.299999999999997,0.0,0.0,0.0
254.02351584482778,41.79861338896821,8.299999999999997,0.0,0.0,0.0
254.03727311000858,41.804853759072635,8.299999999999995,0.0,0.0,0.0
254.05103223399584,41.81107615735099,8.299999999999997,0.0,0.0,0.0
254.0647932066208,41.817280598948386,8.299999999999999,0.0,0.0,0.0
254.0785560177204,41.82346709899647,8.299999999999997,0.0,0.0,0.0
254.09232065713724,41.829635672613435,8.299999999999995,0.0,0.0,0.0
254.1060871147194,41.835786334903986,8.299999999999997,0.0,0.0,0.0
254.11985538032073,41.84191910095941,8.299999999999997,0.0,0.0,0.0
254.13362544380084,41.848033985857526,8.299999999999997,0.0,0.0,0.0
254.14739729502492,41.854131004662776,8.299999999999997,0.0,0.0,0.0
254.16117092386372,41.86021017242614,8.299999999999995,0.0,0.0,0.0
254.17494632019415,41.866271504185235,8.299999999999997,0.0,0.0,0.0
254.1887234738985,41.87231501496427,8.299999999999995,0.0,0.0,0.0
254.20250237486488,41.87834071977411,8.299999999999999,0.0,0.0,0.0
254.2162830129874,41.884348633612206,8.299999999999997,0.0,0.0,0.0
254.23006537816582,41.89033877146271,8.299999999999997,0.0,0.0,0.0
254.24384946030568,41.89631114829637,8.299999999999999,0.0,0.0,0.0
254.25763524931838,41.90226577907069,8.299999999999997,0.0,0.0,0.0
254.27142273512143,41.90820267872977,8.299999999999997,0.0,0.0,0.0
254.28521190763797,41.914121862204475,8.299999999999997,0.0,0.0,0.0
254.299002756797,41.92002334441233,8.299999999999997,0.0,0.0,0.0
254.3127952725337,41.925907140257586,8.299999999999997,0.0,0.0,0.0
254.3265894447889,41.93177326463126,8.299999999999999,0.0,0.0,0.0
254.34038526350955,41.93762173241106,8.299999999999997,0.0,0.0,0.0
254.35418271864862,41.943452558461495,8.299999999999997,0.0,0.0,0.0
254.367981800165,41.94926575763378,8.299999999999997,0.0,0.0,0.0
254.38178249802345,41.95506134476598,8.299999999999997,0.0,0.0,0.0
254.39558480219506,41.96083933468289,8.299999999999999,0.0,0.0,0.0
254.40938870265683,41.96659974219613,8.299999999999997,0.0,0.0,0.0
254.42319418939167,41.97234258210415,8.299999999999997,0.0,0.0,0.0
254.43700125238868,41.97806786919217,8.299999999999997,0.0,0.0,0.0
254.45080988164332,41.983775618232286,8.299999999999995,0.0,0.0,0.0
254.46462006715683,41.98946584398344,8.299999999999997,0.0,0.0,0.0
254.47843179893658,41.99513856119143,8.299999999999997,0.0,0.0,0.0
254.49224506699653,42.00079378458891,8.299999999999999,0.0,0.0,0.0
254.50605986135625,42.00643152889542,8.299999999999997,0.0,0.0,0.0
254.51987617204176,42.012051808817425,8.299999999999997,0.0,0.0,0.0
254.53369398908546,42.01765463904824,8.299999999999999,0.0,0.0,0.0
254.54751330252577,42.023240034268134,8.299999999999997,0.0,0.0,0.0
254.56133410240727,42.02880800914432,8.299999999999997,0.0,0.0,0.0
254.57515637878114,42.0343585783309,8.299999999999997,0.0,0.0,0.0
254.58898012170448,42.039891756468975,8.299999999999997,0.0,0.0,0.0
254.6028053212409,42.04540755818659,8.299999999999997,0.0,0.0,0.0
254.61663196746022,42.05090599809876,8.299999999999997,0.0,0.0,0.0
254.63046005043878,42.05638709080749,8.299999999999997,0.0,0.0,0.0
254.6442895602591,42.061850850901784,8.299999999999997,0.0,0.0,0.0
254.65812048701002,42.067297292957655,8.299999999999997,0.0,0.0,0.0
254.671952820787,42.072726431538165,8.299999999999997,0.0,0.0,0.0
254.6857865516917,42.07813828119335,8.299999999999997,0.0,0.0,0.0
254.69962166983223,42.08353285646035,8.299999999999997,0.0,0.0,0.0
254.71345816532337,42.088910171863326,8.299999999999997,0.0,0.0,0.0
254.727296028286,42.094270241913506,8.299999999999997,0.0,0.0,0.0
254.74113524884768,42.09961308110923,8.299999999999997,0.0,0.0,0.0
254.7549758171425,42.104938703935886,8.299999999999999,0.0,0.0,0.0
254.76881772331103,42.11024712486601,8.299999999999997,0.0,0.0,0.0
254.7826609575001,42.115538358359196,8.299999999999997,0.0,0.0,0.0
254.7965055098636,42.120812418862215,8.299999999999997,0.0,0.0,0.0
254.81035137056165,42.126069320808945,8.299999999999995,0.0,0.0,0.0
254.8241985297609,42.13130907862042,8.299999999999999,0.0,0.0,0.0
254.83804697763472,42.136531706704844,8.299999999999997,0.0,0.0,0.0
254.85189670436313,42.14173721945758,8.299999999999995,0.0,0.0,0.0
254.86574770013274,42.146925631261176,8.299999999999999,0.0,0.0,0.0
254.87959995513665,42.15209695648539,8.299999999999997,0.0,0.0,0.0
254.89345345957494,42.15725120948715,8.299999999999997,0.0,0.0,0.0
254.90730820365422,42.162388404610645,8.299999999999997,0.0,0.0,0.0
254.92116417758757,42.16750855618726,8.299999999999997,0.0,0.0,0.0
254.93502137159518,42.17261167853563,8.299999999999995,0.0,0.0,0.0
254.94887977590378,42.17769778596164,8.299999999999995,0.0,0.0,0.0
254.96273938074674,42.18276689275848,8.299999999999999,0.0,0.0,0.0
254.97660017636446,42.18781901320654,8.299999999999997,0.0,0.0,0.0
254.99046215300393,42.19285416157355,8.299999999999997,0.0,0.0,0.0
255.00432530091894,42.19787235211451,8.299999999999997,0.0,0.0,0.0
255.01818961037011,42.202873599071765,8.299999999999997,0.0,0.0,0.0
255.03205507162514,42.207857916674925,8.299999999999999,0.0,0.0,0.0
255.04592167495818,42.21282531914098,8.299999999999995,0.0,0.0,0.0
255.05978941065044,42.21777582067427,8.299999999999997,0.0,0.0,0.0
255.07365826899013,42.22270943546644,8.299999999999995,0.0,0.0,0.0
255.08752824027212,42.227626177696536,8.299999999999997,0.0,0.0,0.0
255.10139931479836,42.23252606153097,8.299999999999997,0.0,0.0,0.0
255.11527148287777,42.23740910112357,8.299999999999997,0.0,0.0,0.0
255.129144734826,42.24227531061552,8.299999999999997,0.0,0.0,0.0
255.14301906096586,42.24712470413545,8.299999999999997,0.0,0.0,0.0
255.15689445162715,42.25195729579941,8.299999999999995,0.0,0.0,0.0
255.17077089714653,42.25677309971086,8.299999999999997,0.0,0.0,0.0
255.18464838786775,42.26157212996074,8.299999999999995,0.0,0.0,0.0
255.19852691414152,42.26635440062742,8.299999999999997,0.0,0.0,0.0
255.2124064663258,42.271119925776766,8.299999999999997,0.0,0.0,0.0
255.22628703478546,42.275868719462096,8.299999999999995,0.0,0.0,0.0
255.24016860989224,42.28060079572425,8.299999999999997,0.0,0.0,0.0
255.2540511820255,42.285316168591535,8.299999999999997,0.0,0.0,0.0
255.26793474157128,42.29001485207979,8.299999999999995,0.0,0.0,0.0
255.28181927892274,42.294696860192396,8.299999999999999,0.0,0.0,0.0
255.29570478448056,42.299362206920264,8.299999999999999,0.0,0.0,0.0
255.3095912486522,42.30401090624183,8.299999999999997,0.0,0.0,0.0
255.32347866185236,42.30864297212311,8.299999999999999,0.0,0.0,0.0
255.33736701450323,42.31325841851769,8.299999999999997,0.0,0.0,0.0
255.3512562970337,42.31785725936674,8.299999999999997,0.0,0.0,0.0
255.36514649988038,42.32243950859902,8.299999999999995,0.0,0.0,0.0
255.37903761348667,42.32700518013089,8.299999999999999,0.0,0.0,0.0
255.39292962830368,42.33155428786633,8.299999999999997,0.0,0.0,0.0
255.4068225347894,42.33608684569697,8.299999999999995,0.0,0.0,0.0
255.42071632340927,42.34060286750205,8.299999999999997,0.0,0.0,0.0
255.43461098463607,42.34510236714844,8.299999999999997,0.0,0.0,0.0
255.4485065089498,42.34958535849076,8.299999999999997,0.0,0.0,0.0
255.46240288683774,42.35405185537119,8.299999999999997,0.0,0.0,0.0
255.47630010879482,42.35850187161967,8.299999999999997,0.0,0.0,0.0
255.49019816532305,42.362935421053834,8.299999999999997,0.0,0.0,0.0
255.5040970469317,42.36735251747898,8.299999999999997,0.0,0.0,0.0
255.51799674413783,42.37175317468816,8.299999999999997,0.0,0.0,0.0
255.5318972474656,42.37613740646213,8.299999999999999,0.0,0.0,0.0
255.5457985474466,42.380505226569426,8.299999999999997,0.0,0.0,0.0
255.5597006346201,42.38485664876628,8.299999999999997,0.0,0.0,0.0
255.57360349953268,42.389191686796735,8.299999999999999,0.0,0.0,0.0
255.5875071327382,42.393510354392596,8.299999999999997,0.0,0.0,0.0
255.60141152479818,42.397812665273435,8.299999999999999,0.0,0.0,0.0
255.61531666628176,42.40209863314666,8.299999999999997,0.0,0.0,0.0
255.6292225477654,42.40636827170742,8.299999999999997,0.0,0.0,0.0
255.6431291598331,42.410621594638776,8.299999999999997,0.0,0.0,0.0
255.65703649307656,42.414858615611536,8.299999999999999,0.0,0.0,0.0
255.67094453809483,42.419079348284384,8.299999999999997,0.0,0.0,0.0
255.68485328549463,42.423283806303886,8.299999999999999,0.0,0.0,0.0
255.69876272589033,42.42747200330442,8.299999999999997,0.0,0.0,0.0
255.71267284990375,42.43164395290827,8.299999999999997,0.0,0.0,0.0
255.72658364816445,42.4357996687256,8.299999999999995,0.0,0.0,0.0
255.74049511130966,42.43993916435447,8.299999999999999,0.0,0.0,0.0
255.75440722998408,42.44406245338086,8.299999999999997,0.0,0.0,0.0
255.76831999484017,42.448169549378655,8.299999999999999,0.0,0.0,0.0
255.78223339653803,42.452260465909674,8.299999999999997,0.0,0.0,0.0
255.79614742574557,42.45633521652369,8.299999999999997,0.0,0.0,0.0
255.81006207313825,42.460393814758426,8.299999999999997,0.0,0.0,0.0
255.82397732939924,42.464436274139565,8.299999999999997,0.0,0.0,0.0
255.83789318521968,42.46846260818077,8.299999999999997,0.0,0.0,0.0
255.85180963129818,42.4724728303837,8.299999999999997,0.0,0.0,0.0
255.8657266583412,42.47646695423799,8.299999999999999,0.0,0.0,0.0
255.879644257063,42.480444993221305,8.299999999999997,0.0,0.0,0.0
255.89356241818564,42.48440696079932,8.299999999999995,0.0,0.0,0.0
255.9074811324389,42.488352870425764,8.299999999999997,0.0,0.0,0.0
255.9214003905605,42.492282735542375,8.299999999999995,0.0,0.0,0.0
255.93532018329594,42.49619656957897,8.299999999999997,0.0,0.0,0.0
255.94924050139852,42.50009438595342,8.299999999999999,0.0,0.0,0.0
255.96316133562934,42.50397619807169,8.299999999999997,0.0,0.0,0.0
255.9770826767576,42.50784201932781,8.299999999999997,0.0,0.0,0.0
255.99100451556018,42.51169186310392,8.299999999999997,0.0,0.0,0.0
256.0049268428219,42.51552574277028,8.299999999999997,0.0,0.0,0.0
256.0188496493356,42.51934367168525,8.299999999999997,0.0,0.0,0.0
256.03277292590195,42.523145663195336,8.299999999999997,0.0,0.0,0.0
256.0466966633295,42.5269317306352,8.299999999999999,0.0,0.0,0.0
256.0606208524349,42.53070188732763,8.299999999999997,0.0,0.0,0.0
256.0745454840427,42.534456146583594,8.299999999999999,0.0,0.0,0.0
256.0884705489854,42.53819452170225,8.299999999999997,0.0,0.0,0.0
256.1023960381036,42.541917025970925,8.299999999999997,0.0,0.0,0.0
256.1163219422458,42.545623672665144,8.299999999999997,0.0,0.0,0.0
256.13024825226864,42.54931447504865,8.299999999999995,0.0,0.0,0.0
256.1441749590365,42.55298944637343,8.299999999999999,0.0,0.0,0.0
256.1581020534222,42.55664859987966,8.299999999999997,0.0,0.0,0.0
256.17202952630646,42.56029194879578,8.299999999999997,0.0,0.0,0.0
256.185957368578,42.56391950633849,8.299999999999997,0.0,0.0,0.0
256.1998855711338,42.56753128571276,8.299999999999997,0.0,0.0,0.0
256.2138141248787,42.57112730011182,8.299999999999997,0.0,0.0,0.0
256.2277430207258,42.57470756271719,8.299999999999995,0.0,0.0,0.0
256.24167224959655,42.57827208669869,8.299999999999997,0.0,0.0,0.0
256.25560180242,42.58182088521446,8.299999999999997,0.0,0.0,0.0
256.2695316701338,42.585353971410974,8.299999999999995,0.0,0.0,0.0
256.28346184368377,42.588871358423006,8.299999999999999,0.0,0.0,0.0
256.2973923140236,42.59237305937367,8.299999999999995,0.0,0.0,0.0
256.31132307211544,42.59585908737448,8.299999999999999,0.0,0.0,0.0
256.3252541089294,42.59932945552526,8.299999999999997,0.0,0.0,0.0
256.3391854154442,42.60278417691424,8.299999999999997,0.0,0.0,0.0
256.35311698264644,42.606223264618066,8.299999999999997,0.0,0.0,0.0
256.36704880153104,42.60964673170172,8.299999999999997,0.0,0.0,0.0
256.38098086310134,42.613054591218614,8.299999999999997,0.0,0.0,0.0
256.39491315836875,42.61644685621063,8.299999999999995,0.0,0.0,0.0
256.408845678353,42.619823539707994,8.299999999999997,0.0,0.0,0.0
256.42277841408225,42.623184654729464,8.299999999999995,0.0,0.0,0.0
256.43671135659287,42.62653021428217,8.299999999999997,0.0,0.0,0.0
256.45064449692944,42.62986023136179,8.299999999999999,0.0,0.0,0.0
256.46457782614516,42.633174718952404,8.299999999999997,0.0,0.0,0.0
256.4785113353013,42.636473690026605,8.299999999999995,0.0,0.0,0.0
256.49244501546747,42.6397571575455,8.299999999999995,0.0,0.0,0.0
256.50637885772204,42.643025134458696,8.299999999999999,0.0,0.0,0.0
256.5203128531513,42.6462776337043,8.299999999999995,0.0,0.0,0.0
256.5342469928502,42.64951466820898,8.299999999999997,0.0,0.0,0.0
256.5481812679219,42.65273625088791,8.299999999999995,0.0,0.0,0.0
256.56211566947826,42.65594239464485,8.299999999999997,0.0,0.0,0.0
256.5760501886394,42.65913311237212,8.299999999999997,0.0,0.0,0.0
256.5899848165337,42.66230841695058,8.299999999999997,0.0,0.0,0.0
256.6039195442984,42.665468321249726,8.299999999999997,0.0,0.0,0.0
256.6178543630789,42.668612838127615,8.299999999999999,0.0,0.0,0.0
256.63178926402907,42.671741980430895,8.299999999999999,0.0,0.0,0.0
256.6457242383115,42.6748557609949,8.299999999999997,0.0,0.0,0.0
256.6596592770972,42.67795419264353,8.299999999999997,0.0,0.0,0.0
256.6735943715655,42.68103728818935,8.299999999999999,0.0,0.0,0.0
256.6875295129045,42.684105060433566,8.299999999999997,0.0,0.0,0.0
256.7014646923107,42.68715752216608,8.299999999999997,0.0,0.0,0.0
256.7153999009892,42.69019468616541,8.299999999999999,0.0,0.0,0.0
256.7293351301535,42.69321656519881,8.299999999999995,0.0,0.0,0.0
256.7432703710261,42.696223172022215,8.299999999999997,0.0,0.0,0.0
256.7572056148375,42.69921451938022,8.299999999999997,0.0,0.0,0.0
256.77114085282733,42.70219062000621,8.299999999999999,0.0,0.0,0.0
256.7850760762434,42.70515148662227,8.299999999999995,0.0,0.0,0.0
256.79901127634247,42.7080971319392,8.299999999999997,0.0,0.0,0.0
256.8129464443897,42.71102756865658,8.299999999999995,0.0,0.0,0.0
256.826881571659,42.71394280946274,8.299999999999997,0.0,0.0,0.0
256.84081664943295,42.716842867034764,8.299999999999995,0.0,0.0,0.0
256.8547516690026,42.71972775403856,8.299999999999997,0.0,0.0,0.0
256.868686621668,42.722597483128794,8.299999999999997,0.0,0.0,0.0
256.88262149873765,42.72545206694894,8.299999999999997,0.0,0.0,0.0
256.8965562915288,42.7282915181313,8.299999999999997,0.0,0.0,0.0
256.9104909913673,42.73111584929701,8.299999999999995,0.0,0.0,0.0
256.924425589588,42.73392507305602,8.299999999999997,0.0,0.0,0.0
