galstreams/tracks/track.st.300S.fu2018.ecsv
# %ECSV 0.9
# ---
# datatype:
# - {name: ra, unit: deg, datatype: float64}
# - {name: dec, unit: deg, datatype: float64}
# - {name: distance, unit: kpc, datatype: float64}
# - {name: pm_ra_cosdec, unit: mas / yr, datatype: float64}
# - {name: pm_dec, unit: mas / yr, datatype: float64}
# - {name: radial_velocity, unit: km / s, datatype: float64}
# delimiter: ','
# meta: !!omap
# - __serialized_columns__:
#     dec:
#       __class__: astropy.coordinates.angles.Latitude
#       unit: &id001 !astropy.units.Unit {unit: deg}
#       value: !astropy.table.SerializedColumn {name: dec}
#     distance:
#       __class__: astropy.coordinates.distances.Distance
#       unit: !astropy.units.Unit {unit: kpc}
#       value: !astropy.table.SerializedColumn {name: distance}
#     pm_dec:
#       __class__: astropy.units.quantity.Quantity
#       unit: !astropy.units.Unit {unit: mas / yr}
#       value: !astropy.table.SerializedColumn {name: pm_dec}
#     pm_ra_cosdec:
#       __class__: astropy.units.quantity.Quantity
#       unit: !astropy.units.Unit {unit: mas / yr}
#       value: !astropy.table.SerializedColumn {name: pm_ra_cosdec}
#     ra:
#       __class__: astropy.coordinates.angles.Longitude
#       unit: *id001
#       value: !astropy.table.SerializedColumn {name: ra}
#       wrap_angle: !astropy.coordinates.Angle
#         unit: *id001
#         value: 360.0
#     radial_velocity:
#       __class__: astropy.units.quantity.Quantity
#       unit: !astropy.units.Unit {unit: km / s}
#       value: !astropy.table.SerializedColumn {name: radial_velocity}
# schema: astropy-2.0
ra,dec,distance,pm_ra_cosdec,pm_dec,radial_velocity
[from data line 549]
157.46422128221107,15.35060216184935,15.944128385877397,4.4408920985006257e-16,0.0,296.306630658247
157.47449046067413,15.34912468361488,15.940854709772786,1.5543122344752192e-15,-4.440892098500626e-16,296.2974437000298
157.4847594690877,15.347646576351279,15.937582517198752,4.440892098500626e-16,0.0,296.2882390589462
157.4950283075011,15.34616784077274,15.934311808228127,0.0,-2.220446049250313e-16,296.27901674068136
157.50529697596372,15.344688477593461,15.931042582933742,1.1102230246251565e-15,-4.440892098500626e-16,296.26977675092013
157.51556547452515,15.343208487527631,15.92777484138844,0.0,0.0,296.26051909534766
157.5258338032351,15.341727871289448,15.92450858366505,6.661338147750939e-16,-2.220446049250313e-16,296.25124377964903
157.53610196214342,15.340246629593086,15.921243809836414,1.5543122344752192e-15,-2.220446049250313e-16,296.2419508095092
157.5463699513002,15.338764763152733,15.917980519975364,1.3322676295501878e-15,-2.220446049250313e-16,296.2326401906133
157.55663777075563,15.337282272682568,15.914718714154729,1.3322676295501878e-15,2.220446049250313e-16,296.22331192864624
157.56690542056003,15.335799158896773,15.911458392447356,-4.440892098500626e-16,-2.220446049250313e-16,296.21396602929315
157.57717290076386,15.334315422509514,15.90819955492607,1.5543122344752192e-15,2.220446049250313e-16,296.20460249823907
157.58744021141783,15.332831064234973,15.904942201663712,0.0,-2.220446049250313e-16,296.19522134116903
157.59770735257268,15.331346084787308,15.901686332733117,2.220446049250313e-16,2.220446049250313e-16,296.18582256376806
157.6079743242794,15.329860484880689,15.898431948207119,-2.2204460492503128e-16,-2.220446049250313e-16,296.1764061717211
157.61824112658906,15.328374265229284,15.895179048158553,8.881784197001251e-16,-4.440892098500626e-16,296.16697217071334
157.62850775955297,15.32688742654724,15.891927632660252,-4.4408920985006257e-16,0.0,296.15752056642975
157.63877422322247,15.325399969548723,15.888677701785058,-4.440892098500626e-16,0.0,296.1480513645554
157.64904051764915,15.323911894947887,15.885429255605798,6.661338147750939e-16,0.0,296.13856457077515
157.65930664288476,15.322423203458879,15.882182294195315,8.881784197001252e-16,0.0,296.1290601907744
157.66957259898112,15.320933895795845,15.878936817626437,8.881784197001252e-16,2.220446049250313e-16,296.1195382302378
157.67983838599028,15.31944397267294,15.875692825972004,4.440892098500626e-16,2.220446049250313e-16,296.1099986948507
157.6901040039644,15.317953434804295,15.87245031930485,-2.220446049250313e-16,0.0,296.10044159029803
157.70036945295575,15.316462282904045,15.869209297697813,4.440892098500626e-16,2.220446049250313e-16,296.09086692226475
157.71063473301692,15.314970517686342,15.86596976122372,6.661338147750939e-16,2.220446049250313e-16,296.08127469643586
157.72089984420043,15.313478139865307,15.862731709955414,1.3322676295501878e-15,0.0,296.07166491849654
157.73116478655913,15.311985150155069,15.859495143965729,1.1102230246251565e-15,2.220446049250313e-16,296.0620375941318
157.74142956014595,15.310491549269756,15.856260063327497,8.881784197001252e-16,0.0,296.05239272902656
157.75169416501393,15.308997337923486,15.853026468113557,8.881784197001252e-16,2.220446049250313e-16,296.0427303288661
157.76195860121635,15.307502516830388,15.849794358396743,4.440892098500626e-16,-2.220446049250313e-16,296.03305039933525
157.77222286880658,15.306007086704572,15.846563734249889,1.3322676295501878e-15,0.0,296.023352946119
157.78248696783814,15.304511048260155,15.843334595745832,1.1102230246251565e-15,0.0,296.0136379749026
157.79275089836477,15.303014402211245,15.840106942957403,8.881784197001252e-16,0.0,296.003905491371
157.8030146604403,15.301517149271945,15.836880775957448,6.661338147750939e-16,-2.220446049250313e-16,295.9941555012092
157.81327825411873,15.300019290156369,15.833656094818787,6.661338147750939e-16,-4.440892098500626e-16,295.98438801010224
157.8235416794542,15.298520825578604,15.83043289961427,2.2204460492503128e-16,2.220446049250313e-16,295.9746030237352
157.833804936501,15.29702175625276,15.827211190416717,2.220446049250313e-16,0.0,295.96480054779295
157.84406802531362,15.295522082892926,15.823990967298977,0.0,-2.220446049250313e-16,295.9549805879608
157.8543309459466,15.29402180621319,15.82077223033388,6.661338147750939e-16,2.220446049250313e-16,295.94514314992375
157.86459369845477,15.29252092692764,15.817554979594258,1.1102230246251565e-15,0.0,295.93528823936657
157.874856282893,15.291019445750361,15.81433921515295,6.661338147750939e-16,0.0,295.92541586197467
157.88511869931637,15.289517363395435,15.811124937082793,-6.661338147750939e-16,0.0,295.91552602343273
157.89538094778007,15.28801468057694,15.807912145456616,1.3322676295501878e-15,0.0,295.905618729426
157.90564302833948,15.28651139800894,15.804700840347264,2.2204460492503128e-16,0.0,295.8956939856395
157.9159049410501,15.28500751640552,15.801491021827564,1.3322676295501878e-15,0.0,295.88575179775825
157.92616668596762,15.28350303648074,15.79828268997035,4.440892098500626e-16,-2.220446049250313e-16,295.8757921714672
157.93642826314783,15.28199795894866,15.795075844848462,8.881784197001252e-16,0.0,295.8658151124515
157.94668967264673,15.280492284523348,15.791870486534735,4.440892098500626e-16,0.0,295.85582062639617
157.9569509145204,15.27898601391885,15.788666615102008,-4.440892098500626e-16,2.220446049250313e-16,295.8458087189862
157.96721198882514,15.277479147849236,15.785464230623102,-4.4408920985006257e-16,0.0,295.83577939590674
157.97747289561738,15.27597168702854,15.782263333170869,6.661338147750939e-16,0.0,295.8257326628426
157.98773363495368,15.274463632170812,15.779063922818132,0.0,-2.220446049250313e-16,295.81566852547905
157.99799420689078,15.272954983990099,15.775865999637734,0.0,0.0,295.8055869895011
158.00825461148554,15.27144574320044,15.772669563702507,0.0,-2.220446049250313e-16,295.7954880605936
158.018514848795,15.269935910515866,15.769474615085288,-2.220446049250313e-16,-2.220446049250313e-16,295.7853717444418
158.0287749188763,15.268425486650413,15.766281153858912,6.661338147750939e-16,0.0,295.7752380467306
158.03903482178688,15.266914472318108,15.763089180096209,-2.220446049250313e-16,0.0,295.7650869731452
158.0492945575841,15.265402868232982,15.75989869387002,1.1102230246251565e-15,0.0,295.75491852937046
158.05955412632562,15.263890675109046,15.75670969525318,8.881784197001252e-16,4.440892098500626e-16,295.74473272109145
158.0698135280693,15.262377893660327,15.75352218431852,2.220446049250313e-16,0.0,295.7345295539932
158.080072762873,15.260864524600828,15.750336161138883,6.661338147750939e-16,2.220446049250313e-16,295.72430903376085
158.0903318307948,15.259350568644573,15.747151625787096,0.0,-2.220446049250313e-16,295.71407116607946
158.10059073189296,15.25783602650556,15.743968578335995,4.440892098500626e-16,-2.220446049250313e-16,295.70381595663395
158.1108494662259,15.256320898897794,15.740787018858423,-2.220446049250313e-16,0.0,295.69354341110943
158.1211080338521,15.254805186535277,15.737606947427208,4.440892098500626e-16,0.0,295.6832535351909
158.13136643483026,15.253288890132003,15.734428364115187,-2.220446049250313e-16,0.0,295.67294633456333
158.14162466921923,15.251772010401965,15.731251268995196,8.881784197001251e-16,0.0,295.6626218149119
158.151882737078,15.250254548059152,15.728075662140068,4.440892098500626e-16,-2.220446049250313e-16,295.6522799819215
158.16214063846573,15.248736503817543,15.72490154362264,6.661338147750939e-16,-2.220446049250313e-16,295.64192084127717
158.1723983734417,15.247217878391126,15.721728913515753,2.220446049250313e-16,-4.440892098500626e-16,295.6315443986643
158.1826559420653,15.245698672493873,15.718557771892234,1.1102230246251565e-15,-2.220446049250313e-16,295.6211506597676
158.1929133443962,15.24417888683976,15.715388118824915,0.0,0.0,295.610739630272
158.2031705804941,15.242658522142762,15.71221995438664,2.220446049250313e-16,-2.220446049250313e-16,295.6003113158627
158.2134276504189,15.241137579116833,15.709053278650247,-2.220446049250313e-16,-2.220446049250313e-16,295.5898657222249
158.22368455423063,15.23961605847594,15.70588809168856,-4.440892098500626e-16,-4.440892098500626e-16,295.5794028550434
158.23394129198945,15.238093960934043,15.702724393574423,1.3322676295501878e-15,0.0,295.56892272000334
158.2441978637558,15.236571287205093,15.699562184380666,2.220446049250313e-16,0.0,295.5584253227897
158.25445426959013,15.235048038003045,15.696401464180127,-4.4408920985006257e-16,-2.220446049250313e-16,295.54791066908746
158.26471050955303,15.23352421404184,15.693242233045641,8.881784197001252e-16,-2.220446049250313e-16,295.53737876458183
158.27496658370538,15.231999816035428,15.690084491050037,0.0,-2.220446049250313e-16,295.52682961495776
158.28522249210803,15.230474844697737,15.686928238266162,6.661338147750939e-16,0.0,295.51626322590033
158.29547823482213,15.228949300742705,15.683773474766845,8.881784197001252e-16,2.220446049250313e-16,295.50567960309456
158.30573381190894,15.227423184884271,15.680620200624919,2.220446049250313e-16,-2.220446049250313e-16,295.49507875222537
158.31598922342982,15.22589649783635,15.677468415913225,2.220446049250313e-16,2.220446049250313e-16,295.48446067897805
158.32624446944635,15.224369240312873,15.674318120704593,0.0,0.0,295.4738253890373
158.33649955002016,15.222841413027753,15.67116931507186,2.220446049250313e-16,2.220446049250313e-16,295.46317288808837
158.34675446521317,15.221313016694918,15.668021999087863,-2.220446049250313e-16,0.0,295.45250318181644
158.3570092150873,15.219784052028254,15.664876172825434,4.440892098500626e-16,4.440892098500626e-16,295.44181627590626
158.36726379970472,15.218254519741691,15.661731836357408,0.0,0.0,295.43111217604303
158.37751821912772,15.216724420549118,15.658588989756627,4.4408920985006257e-16,2.220446049250313e-16,295.42039088791165
158.38777247341878,15.215193755164442,15.655447633095916,-6.661338147750939e-16,0.0,295.40965241719726
158.39802656264047,15.213662524301553,15.652307766448121,2.220446049250313e-16,6.661338147750939e-16,295.398896769585
158.4082804868555,15.21213072867434,15.649169389886069,2.220446049250313e-16,2.220446049250313e-16,295.3881239507598
158.41853424612677,15.210598368996688,15.646032503482598,6.661338147750939e-16,2.220446049250313e-16,295.37733396640664
158.42878784051734,15.209065445982493,15.642897107310546,0.0,-4.440892098500626e-16,295.3665268222107
158.4390412700904,15.207531960345616,15.639763201442742,8.881784197001252e-16,2.220446049250313e-16,295.3557025238567
158.44929453490928,15.205997912799935,15.636630785952024,4.440892098500626e-16,0.0,295.3448610770302
158.4595476350375,15.204463304059322,15.633499860911233,1.1102230246251565e-15,-2.220446049250313e-16,295.3340024874158
158.46980057053864,15.202928134837647,15.630370426393197,0.0,0.0,295.3231267606987
158.48005334147652,15.201392405848765,15.627242482470754,2.220446049250313e-16,0.0,295.3122339025639
158.4903059479151,15.199856117806537,15.62411602921674,4.440892098500626e-16,-2.220446049250313e-16,295.30132391869654
158.5005583899184,15.19831927142481,15.620991066703985,4.440892098500626e-16,0.0,295.2903968147815
158.51081066755071,15.196781867417437,15.617867595005333,4.440892098500626e-16,-2.220446049250313e-16,295.27945259650386
158.52106278087638,15.195243906498254,15.61474561419361,6.661338147750939e-16,4.440892098500626e-16,295.26849126954886
158.53131472995997,15.193705389381117,15.611625124341659,-2.220446049250313e-16,0.0,295.25751283960125
158.5415665148662,15.192166316779854,15.608506125522311,-4.440892098500626e-16,0.0,295.2465173123461
158.55181813565977,15.190626689408296,15.605388617808401,6.661338147750939e-16,0.0,295.2355046934688
158.56206959240578,15.18908650798027,15.602272601272768,-2.220446049250313e-16,0.0,295.22447498865404
158.57232088516932,15.187545773209598,15.599158075988244,6.661338147750939e-16,0.0,295.21342820358683
158.58257201401565,15.186004485810104,15.596045042027667,-2.220446049250313e-16,-2.220446049250313e-16,295.20236434395247
158.5928229790102,15.184462646495591,15.592933499463864,1.1102230246251565e-15,2.220446049250313e-16,295.1912834154358
158.60307378021864,15.182920255979884,15.589823448369682,-6.661338147750939e-16,0.0,295.18018542372175
158.61332441770654,15.181377314976777,15.586714888817948,2.2204460492503128e-16,0.0,295.16907037449573
158.62357489153987,15.179833824200077,15.583607820881502,2.220446049250313e-16,-2.220446049250313e-16,295.15793827344237
158.63382520178465,15.178289784363574,15.580502244633175,0.0,0.0,295.14678912624714
158.644075348507,15.176745196181068,15.577398160145808,4.440892098500626e-16,0.0,295.1356229385947
158.65432533177326,15.175200060366345,15.574295567492229,-4.440892098500626e-16,-2.220446049250313e-16,295.1244397161702
158.6645751516499,15.173654377633179,15.571194466745283,8.881784197001252e-16,4.440892098500626e-16,295.11323946465876
158.67482480820354,15.172108148695362,15.568094857977792,4.440892098500626e-16,0.0,295.1020221897454
158.68507430150095,15.17056137426666,15.564996741262602,6.661338147750939e-16,2.220446049250313e-16,295.09078789711515
158.69532363160906,15.16901405506085,15.561900116672543,-8.881784197001251e-16,0.0,295.07953659245294
158.70557279859486,15.167466191791696,15.558804984280453,2.220446049250313e-16,0.0,295.06826828144386
158.71582180252562,15.165917785172955,15.555711344159166,-4.440892098500626e-16,2.220446049250313e-16,295.05698296977306
158.7260706434687,15.16436883591838,15.552619196381517,6.661338147750939e-16,2.220446049250313e-16,295.0456806631255
158.73631932149155,15.162819344741735,15.549528541020344,6.661338147750939e-16,-2.220446049250313e-16,295.03436136718614
158.74656783666188,15.161269312356755,15.546439378148477,6.661338147750939e-16,-2.220446049250313e-16,295.0230250876402
158.7568161890475,15.159718739477185,15.543351707838752,0.0,2.220446049250313e-16,295.0116718301725
158.7670643787163,15.158167626816773,15.540265530164012,6.661338147750939e-16,0.0,295.0003016004682
158.7773124057364,15.15661597508924,15.537180845197083,2.220446049250313e-16,0.0,294.98891440421244
158.7875602701761,15.15506378500832,15.534097653010805,-4.440892098500626e-16,0.0,294.97751024709004
158.79780797210373,15.153511057287743,15.531015953678011,0.0,2.220446049250313e-16,294.96608913478616
158.80805551158784,15.151957792641214,15.527935747271538,2.220446049250313e-16,0.0,294.95465107298577
158.81830288869713,15.150403991782465,15.524857033864224,2.220446049250313e-16,0.0,294.943196067374
158.82855010350045,15.148849655425197,15.521779813528896,-2.220446049250313e-16,-2.220446049250313e-16,294.9317241236359
158.83879715606676,15.147294784283119,15.518704086338396,1.1102230246251565e-15,-2.220446049250313e-16,294.92023524745645
158.84904404646522,15.145739379069923,15.515629852365555,0.0,-2.220446049250313e-16,294.90872944452053
158.8592907747651,15.144183440499315,15.512557111683217,4.440892098500626e-16,0.0,294.89720672051357
158.86953734103582,15.142626969284981,15.509485864364207,1.1102230246251565e-15,2.220446049250313e-16,294.8856670811202
158.879783745347,15.141069966140613,15.50641611048136,-4.440892098500626e-16,0.0,294.87411053202567
158.89002998776832,15.139512431779892,15.50334785010752,-2.220446049250313e-16,0.0,294.862537078915
158.90027606836964,15.137954366916489,15.50028108331552,2.220446049250313e-16,0.0,294.8509467274732
158.910521987221,15.136395772264088,15.497215810178187,2.2204460492503128e-16,-4.440892098500626e-16,294.83933948338534
158.92076774439255,15.134836648536336,15.494152030768365,-2.220446049250313e-16,2.220446049250313e-16,294.8277153523365
158.93101333995463,15.133276996446916,15.491089745158884,4.440892098500626e-16,2.220446049250313e-16,294.8160743400116
158.9412587739777,15.131716816709487,15.488028953422585,2.220446049250313e-16,-2.220446049250313e-16,294.8044164520957
158.95150404653236,15.130156110037685,15.484969655632298,2.220446049250313e-16,-4.440892098500626e-16,294.79274169427396
