galstreams/tracks/track.st.M3-Svol.yang2023.ecsv
# %ECSV 1.0
# ---
# datatype:
# - {name: ra, unit: deg, datatype: float64}
# - {name: dec, unit: deg, datatype: float64}
# - {name: distance, unit: kpc, datatype: float64}
# - {name: pm_ra_cosdec, unit: mas / yr, datatype: float64}
# - {name: pm_dec, unit: mas / yr, datatype: float64}
# - {name: radial_velocity, unit: km / s, datatype: float64}
# delimiter: ','
# meta: !!omap
# - __serialized_columns__:
#     dec:
#       __class__: astropy.coordinates.angles.Latitude
#       unit: &id001 !astropy.units.Unit {unit: deg}
#       value: !astropy.table.SerializedColumn {name: dec}
#     distance:
#       __class__: astropy.coordinates.distances.Distance
#       unit: !astropy.units.Unit {unit: kpc}
#       value: !astropy.table.SerializedColumn {name: distance}
#     pm_dec:
#       __class__: astropy.units.quantity.Quantity
#       unit: !astropy.units.Unit {unit: mas / yr}
#       value: !astropy.table.SerializedColumn {name: pm_dec}
#     pm_ra_cosdec:
#       __class__: astropy.units.quantity.Quantity
#       unit: !astropy.units.Unit {unit: mas / yr}
#       value: !astropy.table.SerializedColumn {name: pm_ra_cosdec}
#     ra:
#       __class__: astropy.coordinates.angles.Longitude
#       unit: *id001
#       value: !astropy.table.SerializedColumn {name: ra}
#       wrap_angle: !astropy.coordinates.Angle
#         unit: *id001
#         value: 360.0
#     radial_velocity:
#       __class__: astropy.units.quantity.Quantity
#       unit: !astropy.units.Unit {unit: km / s}
#       value: !astropy.table.SerializedColumn {name: radial_velocity}
# schema: astropy-2.0
ra,dec,distance,pm_ra_cosdec,pm_dec,radial_velocity
[from data line 419]
193.48946685139492,25.287460976005587,12.689589188872985,-0.7376649289580335,-2.101049954011825,-80.34682082708532
193.50036625647803,25.290239727787736,12.687611838324907,-0.7370518805907754,-2.1016188060009364,-80.41703333372632
193.5112662377921,25.293017387774686,12.685634840232357,-0.7364386894242538,-2.1021877472905404,-80.48722484402715
193.52216679519955,25.295793955825584,12.68365819459532,-0.735825355482436,-2.1027567779563876,-80.55739535798779
193.5330679285629,25.298569431799653,12.68168190141381,-0.7352118787892994,-2.103325898074225,-80.62754487560828
193.54396963774437,25.3013438155561,12.679705960687816,-0.7345982593688223,-2.1038951077198114,-80.69767339688862
193.55487192260603,25.304117106954152,12.677730372417342,-0.7339844972449907,-2.104464406968906,-80.76778092182882
193.56577478301008,25.306889305853126,12.675755136602389,-0.7333705924417971,-2.105033795897271,-80.83786745042877
193.57667821881836,25.309660412112297,12.673780253242954,-0.7327565449832355,-2.105603274580677,-80.9079329826886
193.5875822298926,25.31243042559101,12.671805722339041,-0.7321423548933089,-2.106172843094895,-80.97797751860828
193.59848681609466,25.315199346148646,12.669831543890645,-0.7315280221960254,-2.1067425015157033,-81.04800105818778
193.60939197728595,25.31796717364456,12.66785771789777,-0.7309135469153971,-2.1073122499188806,-81.1180036014271
193.6202977133281,25.320733907938223,12.665884244360415,-0.7302989290754429,-2.107882088380213,-81.18798514832632
193.6312040240824,25.32349954888904,12.66391112327858,-0.7296841687001854,-2.1084520169754892,-81.25794569888531
193.64211090940995,25.32626409635651,12.661938354652268,-0.7290692658136535,-2.109022035780504,-81.3278852531042
193.65301836917203,25.329027550200152,12.659965938481474,-0.7284542204398837,-2.1095921448710513,-81.39780381098288
193.66392640322962,25.331789910279486,12.657993874766197,-0.7278390326029154,-2.110162344322936,-81.46770137252139
193.6748350114435,25.334551176454067,12.656022163506444,-0.7272237023267918,-2.110732634211962,-81.53757793771976
193.68574419367454,25.337311348583516,12.654050804702209,-0.7266082296355667,-2.111303014613939,-81.60743350657795
193.69665394978335,25.340070426527436,12.652079798353494,-0.7259926145532952,-2.1118734856046815,-81.67726807909597
193.70756427963045,25.342828410145483,12.650109144460298,-0.7253768571040382,-2.112444047260006,-81.74708165527386
193.71847518307635,25.345585299297355,12.648138843022624,-0.7247609573118645,-2.113014699655735,-81.81687423511156
193.72938665998132,25.348341093842738,12.646168894040468,-0.7241449152008459,-2.113585442867694,-81.88664581860911
193.74029871020542,25.351095793641374,12.64419929751383,-0.7235287307950593,-2.114156276971713,-81.95639640576647
193.75121133360892,25.353849398553052,12.642230053442717,-0.7229124041185908,-2.114727202043626,-82.02612599658366
193.76212453005172,25.356601908437554,12.640261161827123,-0.7222959351955267,-2.11529821815927,-82.09583459106075
193.77303829939356,25.359353323154693,12.638292622667048,-0.7216793240499619,-2.1158693253944874,-82.1655221891976
193.78395264149435,25.362103642564353,12.636324435962493,-0.7210625707059977,-2.116440523825123,-82.23518879099434
193.79486755621357,25.364852866526412,12.634356601713455,-0.7204456751877379,-2.1170118135270273,-82.30483439645093
193.80578304341074,25.367600994900755,12.63238911991994,-0.7198286375192917,-2.1175831945760533,-82.37445900556732
193.8166991029453,25.37034802754735,12.630421990581947,-0.7192114577247783,-2.118154667048059,-82.44406261834351
193.82761573467644,25.373093964326173,12.62845521369947,-0.7185941358283164,-2.1187262310189054,-82.51364523477959
193.8385329384634,25.375838805097214,12.626488789272518,-0.7179766718540345,-2.1192978865644574,-82.58320685487548
193.8494507141652,25.37858254972052,12.624522717301078,-0.7173590658260649,-2.119869633760585,-82.65274747863118
193.8603690616406,25.381325198056125,12.62255699778516,-0.7167413177685429,-2.12044147268316,-82.72226710604679
193.87128798074863,25.384066749964145,12.620591630724766,-0.7161234277056143,-2.12101340340806,-82.79176573712218
193.88220747134793,25.386807205304688,12.618626616119888,-0.7155053956614265,-2.1215854260111655,-82.86124337185746
193.89312753329693,25.389546563937884,12.616661953970532,-0.7148872216601326,-2.1221575405683617,-82.93070001025251
193.9040481664543,25.392284825723944,12.614697644276697,-0.7142689057258935,-2.1227297471555344,-83.00013565230743
193.91496937067822,25.395021990523066,12.61273368703838,-0.7136504478828728,-2.123302045848578,-83.0695502980222
193.92589114582694,25.397758058195468,12.610770082255584,-0.7130318481552402,-2.1238744367233875,-83.13894394739678
193.93681349175864,25.40049302860144,12.608806829928307,-0.7124131065671732,-2.1244469198558624,-83.20831660043119
193.94773640833134,25.403226901601258,12.60684393005655,-0.7117942231428511,-2.125019495321906,-83.27766825712547
193.95865989540277,25.405959677055254,12.604881382640311,-0.7111751979064603,-2.1255921631974273,-83.34699891747955
193.96958395283087,25.4086913548238,12.602919187679596,-0.7105560308821931,-2.1261649235583326,-83.41630858149351
193.98050858047313,25.411421934767258,12.600957345174399,-0.7099367220942457,-2.1267377764805415,-83.48559724916728
193.99143377818723,25.41415141674606,12.598995855124723,-0.7093172715668221,-2.127310722039968,-83.55486492050086
194.00235954583056,25.416879800620638,12.597034717530564,-0.7086976793241295,-2.1278837603125362,-83.62411159549433
194.01328588326032,25.419607086251467,12.595073932391927,-0.7080779453903807,-2.128456891374172,-83.69333727414761
194.02421279033382,25.422333273499063,12.593113499708812,-0.7074580697897954,-2.129030115300803,-83.7625419564607
194.0351402669081,25.42505836222395,12.591153419481214,-0.7068380525465974,-2.1296034321683632,-83.83172564243364
194.04606831284002,25.427782352286684,12.589193691709132,-0.7062178936850154,-2.13017684205279,-83.90088833206644
194.05699692798657,25.43050524354788,12.587234316392578,-0.7055975932292851,-2.1307503450300196,-83.97003002535907
194.06792611220442,25.433227035868143,12.585275293531542,-0.7049771512036476,-2.131323941176,-84.0391507223115
194.07885586535008,25.435947729108133,12.583316623126022,-0.7043565676323469,-2.131897630566676,-84.10825042292382
194.0897861872802,25.43866732312853,12.581358305176026,-0.7037358425396352,-2.1324714132779996,-84.1773291271959
194.10071707785113,25.44138581779006,12.579400339681548,-0.7031149759497687,-2.133045289385924,-84.2463868351279
194.111648536919,25.444103212953436,12.577442726642591,-0.7024939678870088,-2.133619258966409,-84.31542354671969
194.12258056434013,25.446819508479464,12.575485466059153,-0.7018728183756238,-2.1341933220954146,-84.38443926197132
194.13351315997048,25.449534704228938,12.573528557931233,-0.7012515274398856,-2.1347674788489055,-84.4534339808828
194.1444463236659,25.452248800062677,12.571572002258835,-0.7006300951040715,-2.135341729302852,-84.52240770345409
194.15538005528236,25.454961795841566,12.569615799041959,-0.7000085213924662,-2.1359160735332234,-84.5913604296853
194.1663143546754,25.45767369142648,12.567659948280602,-0.6993868063293589,-2.1364905116159973,-84.66029215957624
194.17724922170058,25.460384486678347,12.565704449974762,-0.6987649499390419,-2.1370650436271523,-84.72920289312705
194.1881846562135,25.463094181458136,12.563749304124444,-0.6981429522458159,-2.13763966964267,-84.79809263033773
194.19912065806932,25.465802775626805,12.561794510729644,-0.6975208132739854,-2.1382143897385375,-84.86696137120816
194.21005722712343,25.468510269045392,12.559840069790368,-0.6968985330478612,-2.1387892039907417,-84.93580911573851
194.2209943632309,25.471216661574942,12.557885981306606,-0.6962761115917585,-2.1393641124752776,-85.00463586392871
194.2319320662466,25.473921953076506,12.55593224527837,-0.6956535489299978,-2.1399391152681404,-85.07344161577869
194.24287033602553,25.476626143411224,12.553978861705652,-0.6950308450869066,-2.1405142124453294,-85.14222637128853
194.25380917242245,25.479329232440204,12.55202583058845,-0.6944080000868171,-2.1410894040828463,-85.21099013045819
194.26474857529192,25.48203122002461,12.550073151926776,-0.6937850139540639,-2.1416646902567003,-85.27973289328769
194.27568854448856,25.484732106025668,12.548120825720614,-0.6931618867129921,-2.142240071042897,-85.34845465977709
194.28662907986677,25.48743189030458,12.546168851969975,-0.692538618387949,-2.142815546517452,-85.41715542992623
194.29757018128078,25.490130572722606,12.544217230674857,-0.691915209003286,-2.14339111675638,-85.48583520373523
194.30851184858483,25.49282815314105,12.542265961835257,-0.691291658583364,-2.143966781835702,-85.55449398120409
194.31945408163304,25.495524631421222,12.540315045451178,-0.6906679671525465,-2.1445425418314388,-85.62313176233279
194.33039688027924,25.49822000742446,12.538364481522619,-0.6900441347352004,-2.1451183968196172,-85.6917485471213
194.34134024437736,25.500914281012154,12.536414270049578,-0.6894201613557039,-2.1456943468762657,-85.76034433556963
194.35228417378107,25.503607452045717,12.534464411032056,-0.6887960470384349,-2.146270392077418,-85.82891912767782
194.36322866834405,25.506299520386595,12.532514904470059,-0.6881717918077794,-2.1468465324991093,-85.8974729234459
194.37417372791975,25.508990485896252,12.530565750363575,-0.6875473956881288,-2.147422768217379,-85.96600572287373
194.3851193523615,25.511680348436187,12.528616948712619,-0.6869228587038766,-2.1479990993082665,-86.03451752596145
194.39606554152266,25.514369107867946,12.526668499517179,-0.6862981808794273,-2.14857552584782,-86.10300833270902
194.4070122952563,25.517056764053077,12.52472040277726,-0.6856733622391865,-2.1491520479120876,-86.17147814311633
194.4179596134154,25.51974331685318,12.522772658492862,-0.6850484028075653,-2.14972866557712,-86.23992695718354
194.428907495853,25.522428766129902,12.520825266663982,-0.6844233026089824,-2.150305378918973,-86.30835477491061
194.43985594242184,25.52511311174488,12.518878227290623,-0.6837980616678608,-2.1508821880137035,-86.37676159629751
194.45080495297452,25.527796353559793,12.516931540372783,-0.6831726800086275,-2.1514590929373734,-86.44514742134422
194.46175452736378,25.530478491436387,12.514985205910461,-0.6825471576557169,-2.1520360937660468,-86.5135122500508
194.47270466544197,25.533159525236396,12.513039223903661,-0.6819214946335684,-2.1526131905757886,-86.5818560824171
194.48365536706135,25.535839454821584,12.511093594352381,-0.681295690966624,-2.153190383442673,-86.65017891844337
194.4946066320743,25.538518280053797,12.50914831725662,-0.6806697466793359,-2.1537676724427697,-86.71848075812943
194.50555846033282,25.54119600079486,12.507203392616379,-0.6800436617961575,-2.1543450576521583,-86.78676160147533
194.5165108516889,25.543872616906636,12.505258820431662,-0.6794174363415476,-2.154922539146916,-86.8550214484811
194.5274638059945,25.54654812825106,12.503314600702454,-0.6787910703399749,-2.1555001170031254,-86.92326029914665
194.53841732310133,25.549222534690053,12.501370733428777,-0.6781645638159085,-2.1560777912968727,-86.99147815347209
194.54937140286094,25.551895836085553,12.499427218610615,-0.6775379167938231,-2.1566555621042474,-87.05967501145732
194.56032604512498,25.5545680322996,12.497484056247975,-0.6769111292982039,-2.157233429501339,-87.12785087310236
194.57128124974477,25.5572391231942,12.495541246340853,-0.6762842013535337,-2.1578113935642422,-87.19600573840728
194.58223701657172,25.559909108631437,12.493598788889251,-0.6756571329843082,-2.1583894543690554,-87.26413960737207
194.59319334545697,25.562577988473386,12.49165668389317,-0.6750299242150227,-2.158967611991878,-87.33225247999664
194.60415023625148,25.565245762582162,12.489714931352612,-0.6744025750701802,-2.1595458665088128,-87.40034435628104
194.61510768880638,25.567912430819945,12.48777353126757,-0.6737750855742897,-2.160124217995968,-87.46841523622533
194.62606570297234,25.570577993048907,12.485832483638047,-0.6731474557518647,-2.1607026665294504,-87.53646511982937
194.6370242786001,25.57324244913125,12.483891788464048,-0.6725196856274221,-2.1612812121853735,-87.60449400709331
194.64798341554044,25.575905798929266,12.481951445745564,-0.6718917752254885,-2.161859855039851,-87.67250189801712
194.65894311364363,25.578568042305196,12.480011455482602,-0.6712637245705924,-2.1624385951690006,-87.7404887926007
194.66990337276013,25.581229179121355,12.478071817675158,-0.6706355336872665,-2.1630174326489446,-87.80845469084416
194.6808641927402,25.583889209240112,12.476132532323236,-0.6700072026000545,-2.1635963675558036,-87.87639959274742
194.691825573434,25.586548132523827,12.474193599426837,-0.669378731333499,-2.164175399965705,-87.94432349831052
194.7027875146915,25.589205948834888,12.472255018985955,-0.6687501199121502,-2.1647545299547786,-88.01222640753345
194.71375001636264,25.591862658035783,12.47031679100059,-0.6681213683605669,-2.1653337575991545,-88.08010832041624
194.72471307829724,25.594518259988927,12.468378915470751,-0.6674924767033085,-2.1659130829749684,-88.14796923695886
194.73567670034492,25.597172754556844,12.466441392396426,-0.6668634449649408,-2.166492506158357,-88.21580915716133
194.74664088235534,25.599826141602083,12.464504221777627,-0.6662342731700378,-2.1670720272254593,-88.28362808102362
194.75760562417778,25.602478420987183,12.462567403614344,-0.6656049613431743,-2.16765164625242,-88.35142600854576
194.76857092566178,25.605129592574766,12.46063093790658,-0.6649755095089342,-2.168231363315384,-88.41920293972771
194.77953678665645,25.60777965622745,12.458694824654339,-0.6643459176919055,-2.1688111784904973,-88.48695887456954
194.79050320701083,25.61042861180787,12.456759063857616,-0.66371618591668,-2.1693910918539134,-88.55469381307115
194.80147018657402,25.613076459178757,12.454823655516416,-0.6630863142078576,-2.1699711034817843,-88.62240775523264
194.81243772519488,25.615723198202822,12.45288859963073,-0.662456302590041,-2.170551213450267,-88.69010070105394
194.82340582272204,25.618368828742803,12.45095389620057,-0.661826151087838,-2.17113142183552,-88.75777265053506
194.83437447900428,25.62101335066152,12.449019545225923,-0.6611958597258656,-2.1717117287137047,-88.82542360367603
194.8453436938901,25.623656763821764,12.447085546706802,-0.6605654285287408,-2.1722921341609855,-88.89305356047687
194.85631346722784,25.626299068086407,12.445151900643197,-0.6599348575210893,-2.1728726382535277,-88.96066252093753
194.86728379886588,25.628940263318327,12.443218607035115,-0.6593041467275417,-2.1734532410675014,-89.02825048505801
194.87825468865233,25.631580349380428,12.44128566588255,-0.658673296172733,-2.1740339426790802,-89.09581745283832
194.88922613643524,25.634219326135657,12.43935307718551,-0.658042305881302,-2.174614743164435,-89.16336342427849
194.90019814206266,25.63685719344702,12.437420840943988,-0.6574111758778974,-2.175195642599745,-89.23088839937849
194.91117070538235,25.63949395117752,12.435488957157979,-0.6567799061871693,-2.175776641061189,-89.29839237813832
194.92214382624195,25.642129599190177,12.433557425827496,-0.6561484968337739,-2.1763577386249486,-89.365875360558
194.93311750448925,25.644764137348087,12.431626246952536,-0.6555169478423731,-2.1769389353672097,-89.43333734663749
194.9440917399716,25.647397565514375,12.42969542053309,-0.6548852592376342,-2.177520231364158,-89.50077833637683
194.95506653253634,25.650029883552136,12.427764946569166,-0.6542534310442286,-2.178101626691984,-89.568198329776
194.96604188203085,25.652661091324596,12.425834825060763,-0.653621463286835,-2.178683121426877,-89.63559732683503
194.97701778830213,25.655291188694918,12.423905056007879,-0.6529893559901347,-2.179264715645035,-89.70297532755386
194.98799425119734,25.657920175526364,12.421975639410519,-0.6523571091788178,-2.179846409422652,-89.77033233193258
194.99897127056335,25.660548051682202,12.420046575268671,-0.6517247228775764,-2.180428202835929,-89.8376683399711
