galstreams/tracks/track.st.OmegaCen-Fimbulthul.ibata2021.ecsv
# %ECSV 1.0
# ---
# datatype:
# - {name: ra, unit: deg, datatype: float64}
# - {name: dec, unit: deg, datatype: float64}
# - {name: distance, unit: kpc, datatype: float64}
# - {name: pm_ra_cosdec, unit: mas / yr, datatype: float64}
# - {name: pm_dec, unit: mas / yr, datatype: float64}
# - {name: radial_velocity, unit: km / s, datatype: float64}
# delimiter: ','
# meta: !!omap
# - __serialized_columns__:
#     dec:
#       __class__: astropy.coordinates.angles.Latitude
#       unit: &id001 !astropy.units.Unit {unit: deg}
#       value: !astropy.table.SerializedColumn {name: dec}
#     distance:
#       __class__: astropy.coordinates.distances.Distance
#       unit: !astropy.units.Unit {unit: kpc}
#       value: !astropy.table.SerializedColumn {name: distance}
#     pm_dec:
#       __class__: astropy.units.quantity.Quantity
#       unit: !astropy.units.Unit {unit: mas / yr}
#       value: !astropy.table.SerializedColumn {name: pm_dec}
#     pm_ra_cosdec:
#       __class__: astropy.units.quantity.Quantity
#       unit: !astropy.units.Unit {unit: mas / yr}
#       value: !astropy.table.SerializedColumn {name: pm_ra_cosdec}
#     ra:
#       __class__: astropy.coordinates.angles.Longitude
#       unit: *id001
#       value: !astropy.table.SerializedColumn {name: ra}
#       wrap_angle: !astropy.coordinates.Angle
#         unit: *id001
#         value: 360.0
#     radial_velocity:
#       __class__: astropy.units.quantity.Quantity
#       unit: !astropy.units.Unit {unit: km / s}
#       value: !astropy.table.SerializedColumn {name: radial_velocity}
# schema: astropy-2.0
ra,dec,distance,pm_ra_cosdec,pm_dec,radial_velocity
198.6525584988662,-52.90506927131813,5.104994335230475,-6.791288706193425,-7.856555152666076,3.368306851948935e-14
198.6336127716071,-52.88749475786674,5.106738356229283,-6.784183591171836,-7.850735063150413,1.6841534259744676e-14
198.61470627019852,-52.86992351446137,5.108480016127124,-6.777082299601001,-7.844929836714629,0.0
198.59583892712496,-52.852355557709586,5.110219315795959,-6.769984856170046,-7.839139439232401,-1.6841534259744676e-14
198.57701067500872,-52.83479090415879,5.111956256107748,-6.762891285462294,-7.833363836654462,-1.6841534259744676e-14
198.5582214466094,-52.81722957029668,5.11369083793445,-6.7558016119557,-7.827602995008473,5.0524602779234026e-14
198.5394711748238,-52.799671572551304,5.115423062148027,-6.748715860023255,-7.821856880398956,3.368306851948935e-14
198.52075979268594,-52.78211692729108,5.11715292962044,-6.741634053933358,-7.816125459007193,5.0524602779234026e-14
198.5020872333665,-52.76456565082524,5.118880441223647,-6.7345562178502485,-7.810408697091134,0.0
198.48345343017277,-52.7470177594039,5.120605597829607,-6.727482375834388,-7.804706560985313,1.6841534259744676e-14
198.46485831654854,-52.72947326921818,5.122328400310285,-6.7204125518428555,-7.799019017100742,1.6841534259744676e-14
198.4463018260738,-52.71193219640034,5.124048849537635,-6.713346769729733,-7.793346031924834,3.368306851948935e-14
198.42778389246448,-52.694394557024125,5.125766946383626,-6.706285053246525,-7.787687572021289,5.0524602779234026e-14
198.4093044495723,-52.67686036710483,5.127482691720209,-6.699227426042534,-7.782043604030031,3.368306851948935e-14
198.39086343138447,-52.659329642599545,5.129196086419348,-6.692173911665252,-7.776414094667066,3.368306851948935e-14
198.37246077202383,-52.64180239940707,5.130907131353006,-6.6851245335607326,-7.770799010724435,1.6841534259744676e-14
198.35409640574812,-52.624278653368485,5.13261582739314,-6.6780793150740205,-7.765198319070096,-1.6841534259744676e-14
198.33577026695008,-52.606758420267056,5.134322175411712,-6.6710382794494985,-7.759611986647817,1.6841534259744676e-14
198.3174822901572,-52.58924171582852,5.136026176280677,-6.664001449831293,-7.754039980477101,6.73661370389787e-14
198.29923241003152,-52.57172855572105,5.137727830872001,-6.6569688492636425,-7.748482267653074,1.6841534259744676e-14
198.28102056136942,-52.55421895555576,5.139427140057643,-6.649940500691287,-7.742938815346394,3.368306851948935e-14
198.26284667910127,-52.536712930886615,5.141124104709567,-6.642916426959856,-7.737409590803145,1.6841534259744676e-14
198.2447106982913,-52.519210497210764,5.142818725699724,-6.635896650816254,-7.731894561344754,3.368306851948935e-14
198.2266125541376,-52.50171166996844,5.144511003900081,-6.628881194908997,-7.726393694367878,3.368306851948935e-14
198.2085521819716,-52.48421646454351,5.146200940182595,-6.6218700817886305,-7.720906957344312,1.6841534259744676e-14
198.19052951725786,-52.466724896263386,5.147888535419229,-6.6148633339080956,-7.715434317820858,3.368306851948935e-14
198.1725444955942,-52.44923698039917,5.149573790481943,-6.607860973623081,-7.70997574341929,5.0524602779234026e-14
198.1545970527111,-52.43175273216602,5.151256706242695,-6.600863023192439,-7.704531201836199,5.0524602779234026e-14
198.13668712447168,-52.41427216672314,5.152937283573447,-6.5938695047785005,-7.6991006608429,5.0524602779234026e-14
198.11881464687144,-52.396795299174016,5.154615523346159,-6.586880440447492,-7.6936840882853454,5.0524602779234026e-14
198.100979556038,-52.37932214456663,5.156291426432789,-6.579895852169889,-7.688281452084013,5.0524602779234026e-14
198.08318178823106,-52.361852717893406,5.157964993705302,-6.572915761820749,-7.682892720233804,6.73661370389787e-14
198.06542127984198,-52.344387034091675,5.159636226035653,-6.5659401911801325,-7.677517860803949,3.368306851948935e-14
198.04769796739356,-52.3269251080437,5.161305124295808,-6.558969161933434,-7.672156841937875,3.368306851948935e-14
198.03001178754008,-52.30946695457669,5.16297168935772,-6.552002695671759,-7.66680963185316,-1.6841534259744676e-14
198.0123626770668,-52.29201258846328,5.164635922093355,-6.545040813892259,-7.6614761988413544,-3.368306851948935e-14
197.99475057288979,-52.27456202442142,5.166297823374672,-6.538083537998525,-7.656156511267936,1.6841534259744676e-14
197.97717541205586,-52.25711527711472,5.167957394073629,-6.531130889300933,-7.650850537572177,1.6841534259744676e-14
197.9596371317423,-52.23967236115238,5.169614635062189,-6.52418288901698,-7.645558246267051,0.0
197.94213566925654,-52.222233291089644,5.171269547212311,-6.51723955827168,-7.640279605939112,5.0524602779234026e-14
197.92467096203598,-52.20479808142774,5.172922131395955,-6.510300918097894,-7.635014585248406,0.0
197.9072429476478,-52.187366746614224,5.174572388485082,-6.503366989436685,-7.629763152928346,5.0524602779234026e-14
197.88985156378894,-52.169939301042824,5.17622031935165,-6.496437793137664,-7.6245252777856365,-3.368306851948935e-14
197.87249674828539,-52.152515759053976,5.177865924867622,-6.489513349959361,-7.619300928700119,1.6841534259744676e-14
197.8551784390924,-52.13509613493477,5.1795092059049574,-6.4825936805695585,-7.614090074624711,3.368306851948935e-14
197.83789657429415,-52.1176804429192,5.181150163335617,-6.4756788055456465,-7.608892684585266,1.6841534259744676e-14
197.82065109210345,-52.1002686971881,5.1827887980315595,-6.468768745374952,-7.603708727680484,1.6841534259744676e-14
197.80344193086162,-52.08286091186964,5.184425110864746,-6.461863520455112,-7.598538173081801,3.368306851948935e-14
197.78626902903818,-52.065457101039236,5.186059102707136,-6.454963151094407,-7.593380990033277,3.368306851948935e-14
197.7691323252306,-52.04805727871989,5.187690774430692,-6.448067657512093,-7.588237147851469,5.0524602779234026e-14
197.7520317581644,-52.03066145888206,5.18932012690737,-6.441177059838742,-7.5831066159253595,3.368306851948935e-14
197.7349672666924,-52.013269655444105,5.190947161009136,-6.434291378116614,-7.577989363716219,3.368306851948935e-14
197.71793878979486,-51.99588188227239,5.1925718776079455,-6.427410632299963,-7.572885360757495,1.6841534259744676e-14
197.70094626657934,-51.97849815318119,5.194194277575762,-6.420534842255372,-7.567794576654729,1.6841534259744676e-14
197.6839896362801,-51.96111848193323,5.195814361784541,-6.413664027762122,-7.562716981085419,0.0
197.66706883825825,-51.94374288223952,5.197432131106248,-6.406798208512498,-7.5576525437989055,1.6841534259744676e-14
197.65018381200122,-51.92637136775974,5.199047586412839,-6.39993740411213,-7.552601234616281,1.6841534259744676e-14
197.6333344971229,-51.90900395210212,5.2006607285762785,-6.393081634080337,-7.547563023430285,1.6841534259744676e-14
197.61652083336298,-51.891640648823866,5.202271558468523,-6.3862309178504475,-7.5425378802051535,0.0
197.5997427605872,-51.87428147143119,5.2038800769615365,-6.379385274770122,-7.537525774976542,1.6841534259744676e-14
197.58300021878657,-51.856926433379506,5.205486284927273,-6.372544724101711,-7.532526677851402,5.0524602779234026e-14
197.56629314807788,-51.839575548073384,5.207090183237701,-6.365709285022532,-7.52754055900787,1.6841534259744676e-14
197.54962148870268,-51.82222882886703,5.208691772764774,-6.3588789766252605,-7.5225673886951485,5.0524602779234026e-14
197.53298518102767,-51.80488628906421,5.2102910543804555,-6.352053817918206,-7.517607137233409,3.368306851948935e-14
197.5163841655441,-51.78754794191847,5.211888028956704,-6.345233827825656,-7.512659775013656,1.6841534259744676e-14
197.49981838286786,-51.77021380063318,5.213482697365481,-6.338419025188189,-7.5077252724976375,-1.6841534259744676e-14
197.48328777373894,-51.75288387836188,5.215075060478747,-6.3316094287630085,-7.502803600217712,1.6841534259744676e-14
197.4667922790214,-51.73555818820829,5.216665119168461,-6.324805057224251,-7.497894728776746,5.0524602779234026e-14
197.45033183970313,-51.7182367432265,5.218252874306584,-6.3180059291633155,-7.492998628848001,1.6841534259744676e-14
197.43390639689562,-51.70091955642101,5.2198383267650765,-6.311212063089171,-7.488115271175016,0.0
197.41751589183366,-51.68360664074709,5.221421477415897,-6.304423477428683,-7.4832446265714765,3.368306851948935e-14
197.40116026587526,-51.66629800911075,5.223002327131009,-6.297640190526922,-7.478386665921141,3.368306851948935e-14
197.38483946050115,-51.64899367436898,5.224580876782369,-6.290862220647485,-7.473541360177675,1.6841534259744676e-14
197.36855341731504,-51.63169364932976,5.226157127241939,-6.284089585972795,-7.4687086803645855,1.6841534259744676e-14
197.35230207804287,-51.614397946752405,5.227731079381681,-6.27732230460443,-7.463888597575071,3.368306851948935e-14
197.33608538453296,-51.59710657934758,5.229302734073551,-6.270560394563419,-7.459081082971913,3.368306851948935e-14
197.31990327875548,-51.579819559777505,5.2308720921895135,-6.263803873790561,-7.45428610778737,3.368306851948935e-14
197.30375570280262,-51.5625369006559,5.232439154601527,-6.25705276014673,-7.4495036433230615,1.6841534259744676e-14
197.28764259888797,-51.545258614548494,5.23400392218155,-6.250307071413184,-7.44473366094984,0.0
197.27156390934647,-51.527984713972906,5.235566395801546,-6.243566825291866,-7.439976132107681,3.368306851948935e-14
197.25551957663436,-51.510715211398725,5.237126576333473,-6.236832039405711,-7.435231028305575,5.0524602779234026e-14
197.23950954332858,-51.49345011924794,5.238684464649293,-6.23010273129895,-7.4304983211214,1.6841534259744676e-14
197.2235337521268,-51.47618944989482,5.240240061620964,-6.2233789184374215,-7.425777982201806,6.73661370389787e-14
197.20759214584714,-51.458933215666235,5.241793368120448,-6.216660618208857,-7.4210699832621,6.73661370389787e-14
197.1916846674281,-51.44168142884154,5.2433443850197055,-6.209947847923182,-7.41637429608614,1.6841534259744676e-14
197.17581125992794,-51.424434101653056,5.2448931131906935,-6.203240624812837,-7.411690892526199,-1.6841534259744676e-14
197.15997186652484,-51.407191246285976,5.246439553505376,-6.196538966033045,-7.407019744502852,0.0
197.14416643051644,-51.38995287487861,5.2479837068357105,-6.189842888662139,-7.402360824004871,0.0
197.12839489531987,-51.372718999522334,5.24952557405366,-6.183152409701826,-7.3977141030891005,3.368306851948935e-14
197.11265720447128,-51.35548963226205,5.251065156031182,-6.176467546077502,-7.393079553880337,5.0524602779234026e-14
197.09695330162566,-51.338264785096065,5.25260245364024,-6.169788314638538,-7.388457148571202,3.368306851948935e-14
197.08128313055667,-51.32104446997637,5.254137467752791,-6.163114732158586,-7.383846859422052,1.6841534259744676e-14
197.06564663515655,-51.303828698808616,5.255670199240796,-6.156446815335845,-7.379248658760842,0.0
197.05004375943557,-51.28661748345243,5.257200648976216,-6.149784580793366,-7.374662518982989,3.368306851948935e-14
197.03447444752206,-51.269410835721466,5.2587288178310105,-6.143128045079349,-7.370088412551299,6.73661370389787e-14
197.0189386436621,-51.252208767383614,5.260254706677141,-6.136477224667413,-7.365526311995803,5.0524602779234026e-14
197.0034362922194,-51.23501129016087,5.2617783163865655,-6.129832135956884,-7.360976189913677,1.6841534259744676e-14
196.98796733767486,-51.2178184157299,5.263299647831246,-6.1231927952731,-7.356438018969085,3.368306851948935e-14
196.97253172462658,-51.20063015572184,5.264818701883142,-6.116559218867679,-7.351911771893095,0.0
196.9571293977894,-51.18344652172258,5.266335479414217,-6.1099314229188,-7.347397421483532,0.0
196.94176030199495,-51.16626752527276,5.2678499812964255,-6.103309423531499,-7.342894940604888,6.73661370389787e-14
196.92642438219124,-51.1490931778681,5.26936220840173,-6.096693236737926,-7.338404302188181,1.6841534259744676e-14
196.91112158344245,-51.13192349095941,5.270872161602094,-6.090082878497658,-7.3339254792308335,1.6841534259744676e-14
196.89585185092866,-51.114758475952776,5.2723798417694745,-6.08347836469796,-7.329458444796562,0.0
196.88061512994594,-51.09759814420953,5.273885249775831,-6.076879711154054,-7.325003172015279,5.0524602779234026e-14
196.8654113659057,-51.080442507046634,5.275388386493125,-6.070286933609408,-7.320559634082928,5.0524602779234026e-14
196.8502405043346,-51.06329157573671,5.276889252793318,-6.063700047736012,-7.316127804261393,-1.6841534259744676e-14
196.83510249087462,-51.04614536150802,5.278387849548367,-6.057119069134648,-7.311707655878382,3.368306851948935e-14
196.81999727128243,-51.029003875544845,5.279884177630236,-6.050544013335169,-7.307299162327299,5.0524602779234026e-14
196.80492479142936,-51.01186712898745,5.281378237910883,-6.043974895796756,-7.302902297067104,3.368306851948935e-14
196.7898849973011,-50.99473513293232,5.282870031262267,-6.037411731908225,-7.298517033622238,1.6841534259744676e-14
196.77487783499777,-50.977607898432076,5.284359558556353,-6.0308545369882465,-7.294143345582469,0.0
196.75990325073315,-50.96048543649595,5.285846820665095,-6.024303326285664,-7.289781206602787,1.6841534259744676e-14
196.74496119083497,-50.94336775808959,5.2873318184604585,-6.017758114979721,-7.285430590403264,-1.6841534259744676e-14
196.7300516017444,-50.92625487413545,5.288814552814402,-6.011218918180369,-7.281091470768962,5.0524602779234026e-14
196.715174430016,-50.90914679551259,5.2902950245988825,-6.004685750928491,-7.276763821549801,3.368306851948935e-14
196.70032962231727,-50.89204353305717,5.291773234685866,-5.9981586281962045,-7.272447616660424,1.6841534259744676e-14
196.68551712542867,-50.87494509756236,5.293249183947308,-5.991637564887103,-7.268142830080105,6.73661370389787e-14
196.67073688624328,-50.857851499778555,5.2947228732551705,-5.985122575836528,-7.263849435852606,1.6841534259744676e-14
196.6559888517666,-50.84076275041332,5.296194303481415,-5.97861367581182,-7.259567408086062,5.0524602779234026e-14
196.6412729691163,-50.82367886013181,5.297663475498001,-5.972110879512595,-7.25529672095287,3.368306851948935e-14
196.62658918552205,-50.8065998395567,5.2991303901768845,-5.965614201571007,-7.251037348689563,5.0524602779234026e-14
196.61193744832516,-50.789525699268374,5.300595048390034,-5.959123656551979,-7.246789265596675,1.6841534259744676e-14
196.59731770497865,-50.7724564498049,5.302057451009404,-5.952639258953491,-7.2425524460386494,3.368306851948935e-14
196.58272990304675,-50.755392101662466,5.3035175989069545,-5.946161023206825,-7.2383268644436995,5.0524602779234026e-14
196.56817399020474,-50.73833266529519,5.304975492954647,-5.939688963676821,-7.234112495303681,3.368306851948935e-14
196.55364991423878,-50.721278151115506,5.306431134024443,-5.933223094662138,-7.229909313173993,-1.6841534259744676e-14
196.53915762304575,-50.70422856949397,5.307884522988301,-5.926763430395491,-7.225717292673446,3.368306851948935e-14
196.52469706463287,-50.68718393075972,5.309335660718182,-5.920309985043925,-7.221536408484134,3.368306851948935e-14
196.5102681871176,-50.6701442452004,5.310784548086048,-5.91386277270906,-7.217366635351331,3.368306851948935e-14
196.4958709387273,-50.65310952306236,5.312231185963855,-5.9074218074273395,-7.213207948083352,-1.6841534259744676e-14
196.48150526779926,-50.636079774550666,5.3136755752235665,-5.900987103170275,-7.2090603215514495,5.0524602779234026e-14
196.46717112278017,-50.61905500982936,5.315117716737141,-5.894558673844708,-7.204923730689682,1.6841534259744676e-14
196.45286845222603,-50.60203523902159,5.316557611376541,-5.88813653329305,-7.200798150494789,1.6841534259744676e-14
196.43859720480208,-50.58502047220949,5.317995260013723,-5.881720695293535,-7.19668355602609,0.0
196.42435732928234,-50.56801071943464,5.319430663520651,-5.875311173560454,-7.192579922405338,5.0524602779234026e-14
196.41014877454944,-50.55100599069793,5.320863822769285,-5.868907981744414,-7.188487224816623,5.0524602779234026e-14
196.39597148959453,-50.53400629595989,5.322294738631581,-5.862511133432584,-7.1844054385062375,1.6841534259744676e-14
196.38182542351703,-50.517011645140464,5.323723411979506,-5.8561206421489125,-7.1803345387825495,3.368306851948935e-14
