galstreams/tracks/track.st.LMS-1.malhan2021.ecsv
# %ECSV 0.9
# ---
# datatype:
# - {name: ra, unit: deg, datatype: float64}
# - {name: dec, unit: deg, datatype: float64}
# - {name: distance, unit: kpc, datatype: float64}
# - {name: pm_ra_cosdec, unit: mas / yr, datatype: float64}
# - {name: pm_dec, unit: mas / yr, datatype: float64}
# - {name: radial_velocity, unit: km / s, datatype: float64}
# delimiter: ','
# meta: !!omap
# - __serialized_columns__:
#     dec:
#       __class__: astropy.coordinates.angles.Latitude
#       unit: &id001 !astropy.units.Unit {unit: deg}
#       value: !astropy.table.SerializedColumn {name: dec}
#     distance:
#       __class__: astropy.coordinates.distances.Distance
#       unit: !astropy.units.Unit {unit: kpc}
#       value: !astropy.table.SerializedColumn {name: distance}
#     pm_dec:
#       __class__: astropy.units.quantity.Quantity
#       unit: !astropy.units.Unit {unit: mas / yr}
#       value: !astropy.table.SerializedColumn {name: pm_dec}
#     pm_ra_cosdec:
#       __class__: astropy.units.quantity.Quantity
#       unit: !astropy.units.Unit {unit: mas / yr}
#       value: !astropy.table.SerializedColumn {name: pm_ra_cosdec}
#     ra:
#       __class__: astropy.coordinates.angles.Longitude
#       unit: *id001
#       value: !astropy.table.SerializedColumn {name: ra}
#       wrap_angle: !astropy.coordinates.Angle
#         unit: *id001
#         value: 360.0
#     radial_velocity:
#       __class__: astropy.units.quantity.Quantity
#       unit: !astropy.units.Unit {unit: km / s}
#       value: !astropy.table.SerializedColumn {name: radial_velocity}
# schema: astropy-2.0
ra,dec,distance,pm_ra_cosdec,pm_dec,radial_velocity
[from data line 2288]
216.05980489955925,26.004354006972257,19.00000000000001,-0.07722543112801539,-1.297435189612003,-81.5659174007532
216.07002931827398,26.00861717744856,19.00000000000001,-0.07695362196554748,-1.2975460680994506,-81.60826723313424
216.0802550508831,26.01287846270501,19.000000000000007,-0.07668184753400605,-1.2976569013988466,-81.65057037603526
216.0904820981923,26.017137860433238,19.00000000000001,-0.07641010784873568,-1.2977676898186572,-81.69282684154133
216.10071046100606,26.021395368325294,19.000000000000007,-0.07613840292505503,-1.297878433667806,-81.73503664180144
216.11094014012767,26.025650984073682,19.000000000000007,-0.0758667327782571,-1.2979891332556657,-81.77719978902866
216.12117113635915,26.029904705371344,19.000000000000014,-0.07559509742360973,-1.298099788892065,-81.81931629549999
216.1314034505013,26.034156529911694,19.00000000000001,-0.07532349687635514,-1.2982104008872808,-81.86138617355635
216.14163708335363,26.038406455388596,19.000000000000007,-0.07505193115171221,-1.2983209695520395,-81.90340943560263
216.15187203571452,26.04265447949638,19.000000000000007,-0.074780400264875,-1.2984314951975138,-81.94538609410756
216.1621083083809,26.046900599929874,19.00000000000001,-0.0745089042310152,-1.2985419781353214,-81.98731616160377
216.1723459021487,26.05114481438435,19.00000000000001,-0.07423744306528056,-1.2986524186775272,-82.02919965068774
216.1825848178123,26.055387120555604,19.00000000000001,-0.07396601678279742,-1.298762817136635,-82.0710365740198
216.19282505616513,26.05962751613991,19.00000000000001,-0.07369462539866928,-1.2988731738255905,-82.11282694432406
216.20306661799907,26.063865998834032,19.00000000000001,-0.07342326892797901,-1.2989834890577796,-82.15457077438842
216.2133095041049,26.068102566335266,19.00000000000001,-0.07315194738578805,-1.2990937631470252,-82.19626807706457
216.22355371527212,26.072337216341396,19.000000000000007,-0.07288066078713636,-1.2992039964075863,-82.23791886526787
216.2337992522889,26.076569946550737,19.00000000000001,-0.0726094091470459,-1.2993141891541569,-82.2795231519775
216.2440461159421,26.080800754662125,19.00000000000001,-0.07233819248051716,-1.2994243417018647,-82.32108095023617
216.25429430701743,26.085029638374923,19.00000000000001,-0.07206701080253242,-1.2995344543662677,-82.3625922731504
216.26454382629913,26.08925659538905,19.00000000000001,-0.07179586412805529,-1.299644527463354,-82.40405713389036
216.2747946745703,26.09348162340495,19.00000000000001,-0.07152475247203124,-1.2997545613095403,-82.44547554568976
216.28504685261274,26.09770472012363,19.000000000000007,-0.07125367584938742,-1.2998645562216717,-82.48684752184599
216.2953003612068,26.101925883246647,19.000000000000007,-0.07098263427503473,-1.2999745125170155,-82.52817307571992
216.3055552011317,26.106145110476124,19.00000000000001,-0.07071162776386605,-1.3000844305132642,-82.56945222073611
216.31581137316527,26.11036239951475,19.00000000000001,-0.07044065633075917,-1.300194310528533,-82.61068497038254
216.32606887808402,26.114577748065788,19.00000000000001,-0.07016971999057597,-1.3003041528813581,-82.65187133821081
216.33632771666325,26.118791153833097,19.00000000000001,-0.06989881875816192,-1.3004139578906924,-82.69301133783586
216.3465878896768,26.123002614521095,19.000000000000007,-0.06962795264834819,-1.3005237258759084,-82.7341049829362
216.3568493978973,26.127212127834834,19.00000000000001,-0.06935712167595218,-1.300633457156792,-82.77515228725379
216.367112242096,26.13141969147994,19.000000000000007,-0.06908632585577618,-1.3007431520535473,-82.81615326459404
216.37737642304285,26.13562530316266,19.00000000000001,-0.06881556520260965,-1.300852810886787,-82.8571079288256
216.38764194150642,26.139828960589835,19.00000000000001,-0.06854483973122928,-1.3009624339775374,-82.89801629388064
216.39790879825406,26.144030661468932,19.00000000000001,-0.06827414945639788,-1.3010720216472347,-82.93887837375463
216.40817699405167,26.148230403508073,19.00000000000001,-0.06800349439286812,-1.3011815742177206,-82.97969418250646
216.41844652966384,26.152428184415964,19.00000000000001,-0.06773287455537971,-1.301291092011246,-83.02046373425807
216.42871740585383,26.156624001902003,19.00000000000001,-0.06746228995866094,-1.3014005753504656,-83.061187043195
216.4389896233836,26.160817853676186,19.00000000000001,-0.06719174061743001,-1.3015100245584368,-83.10186412356595
216.44926318301364,26.165009737449186,19.00000000000001,-0.066921226546395,-1.3016194399586194,-83.14249498968273
216.45953808550314,26.16919965093233,19.00000000000001,-0.06665074776025393,-1.301728821874874,-83.18307965592048
216.46981433161002,26.173387591837606,19.000000000000007,-0.06638030427369523,-1.3018381706314588,-83.22361813671755
216.48009192209068,26.177573557877665,19.00000000000001,-0.0661098961013985,-1.3019474865530296,-83.26411044657537
216.49037085770033,26.18175754676586,19.00000000000001,-0.06583952325803577,-1.3020567699646362,-83.30455660005866
216.5006511391926,26.185939556216194,19.00000000000001,-0.06556918575826978,-1.302166021191726,-83.34495661179508
216.51093276731996,26.190119583943385,19.00000000000001,-0.06529888361675712,-1.3022752405601343,-83.38531049647554
216.52121574283328,26.19429762766281,19.00000000000001,-0.06502861684814508,-1.3023844283960901,-83.42561826885394
216.53150006648235,26.198473685090626,19.00000000000001,-0.06475838546707727,-1.3024935850262112,-83.46587994374737
216.5417857390153,26.202647753943623,19.00000000000001,-0.0644881894881899,-1.302602710777502,-83.50609553603583
216.55207276117898,26.206819831939328,19.00000000000001,-0.06421802892611286,-1.3027118059773533,-83.5462650606623
216.5623611337189,26.210989916795995,19.00000000000001,-0.06394790379547122,-1.3028208709535412,-83.58638853263292
216.57265085737905,26.215158006232606,19.00000000000001,-0.06367781411088583,-1.3029299060342239,-83.62646596701663
216.58294193290217,26.21932409796886,19.00000000000001,-0.06340775988697209,-1.3030389115479415,-83.66649737894534
216.59323436102946,26.223488189725224,19.00000000000001,-0.06313774113834256,-1.303147887823613,-83.70648278361404
216.60352814250083,26.22765027922289,19.00000000000001,-0.06286775787960576,-1.303256835190537,-83.74642219628035
216.6138232780547,26.231810364183804,19.000000000000007,-0.06259781012536803,-1.303365753978388,-83.78631563226506
216.62411976842813,26.235968442330687,19.000000000000007,-0.06232789789023193,-1.3034746445172145,-83.82616310695158
216.63441761435675,26.240124511387005,19.000000000000007,-0.06205802118879917,-1.3035835071374406,-83.86596463578627
216.64471681657474,26.244278569077014,19.000000000000007,-0.06178818003566921,-1.303692342169861,-83.90572023427826
216.65501737581494,26.248430613125745,19.00000000000001,-0.061518374445439915,-1.3038011499456403,-83.94542991799945
216.66531929280865,26.25258064125899,19.000000000000007,-0.06124860443271023,-1.3039099307963138,-83.98509370258456
216.67562256828586,26.256728651203368,19.00000000000001,-0.06097887001207608,-1.3040186850537818,-84.02471160373099
216.68592720297505,26.26087464068627,19.00000000000001,-0.06070917119813596,-1.3041274130503115,-84.0642836371989
216.69623319760325,26.265018607435902,19.00000000000001,-0.060439508005487724,-1.3042361151185342,-84.10380981881114
216.70654055289614,26.269160549181276,19.00000000000001,-0.060169880448730714,-1.3043447915914435,-84.14329016445318
216.71684926957786,26.27330046365222,19.00000000000001,-0.059900288542465714,-1.304453442802393,-84.18272469007319
216.72715934837117,26.277438348579384,19.00000000000001,-0.05963073230129577,-1.3045620690850968,-84.22211341168197
216.7374707899974,26.281574201694255,19.00000000000001,-0.05936121173982529,-1.3046706707736269,-84.26145634535293
216.7477835951763,26.28570802072915,19.00000000000001,-0.05909172687266261,-1.30477924820241,-84.30075350722196
216.75809776462629,26.28983980341722,19.00000000000001,-0.058822277714419176,-1.304887801706229,-84.34000491348769
216.76841329906432,26.293969547492477,19.00000000000001,-0.05855286427970957,-1.3049963316202189,-84.37921058041111
216.77873019920577,26.298097250689775,19.00000000000001,-0.05828348658315296,-1.3051048382798673,-84.41837052431585
216.7890484657647,26.302222910744838,19.00000000000001,-0.05801414463937325,-1.30521332202101,-84.45748476158792
216.79936809945357,26.306346525394265,19.000000000000007,-0.05774483846299935,-1.3053217831798323,-84.49655330867589
216.8096891009835,26.31046809237552,19.000000000000007,-0.057475568068665196,-1.3054302220928657,-84.53557618209078
216.82001147106396,26.31458760942693,19.000000000000007,-0.057206333471011124,-1.3055386390969874,-84.5745533984059
216.83033521040312,26.318705074287728,19.00000000000001,-0.05693713468468392,-1.3056470345294169,-84.6134849742571
216.84066031970752,26.322820484698052,19.00000000000001,-0.05666797172433648,-1.3057554087277181,-84.65237092634263
216.85098679968232,26.326933838398915,19.000000000000007,-0.056398844604630044,-1.305863762029793,-84.69121127142294
216.8613146510311,26.33104513313224,19.00000000000001,-0.0561297533402323,-1.3059720947738838,-84.7300060263209
216.87164387445603,26.335154366640868,19.00000000000001,-0.05586069794582005,-1.3060804072985686,-84.7687552079217
216.88197447065772,26.339261536668555,19.00000000000001,-0.055591678436078124,-1.3061886999427632,-84.80745883317277
216.89230644033532,26.343366640960003,19.00000000000001,-0.055322694825700486,-1.3062969730457155,-84.84611691908391
216.90263978418645,26.34746967726079,19.000000000000007,-0.05505374712939011,-1.306405226947008,-84.88472948272702
216.91297450290716,26.35157064331751,19.000000000000007,-0.05478483536186132,-1.306513461986552,-84.92329654123635
216.92331059719217,26.355669536877617,19.00000000000001,-0.054515959537836514,-1.3066216785045888,-84.9618181118082
216.93364806773442,26.359766355689562,19.000000000000007,-0.05424711967204948,-1.306729876841689,-85.00029421170115
216.94398691522562,26.363861097502788,19.00000000000001,-0.053978315779247374,-1.3068380573387477,-85.03872485823594
216.95432714035582,26.36795376006763,19.00000000000001,-0.053709547874186025,-1.3069462203369857,-85.07711006879533
216.96466874381346,26.37204434113542,19.000000000000007,-0.053440815971634775,-1.3070543661779463,-85.1154498608243
216.9750117262856,26.376132838458485,19.00000000000001,-0.05317212008637413,-1.3071624952034937,-85.15374425182992
216.98535608845765,26.380219249790116,19.00000000000001,-0.05290346023319986,-1.3072706077558136,-85.19199325938119
216.9957018310136,26.384303572884587,19.000000000000007,-0.052634836426918366,-1.3073787041774088,-85.23019690110924
217.0060489546358,26.388385805497176,19.000000000000007,-0.052366248682351665,-1.307486784811099,-85.2683551947072
217.0163974600051,26.392465945384163,19.00000000000001,-0.05209769701433467,-1.3075948500000192,-85.30646815793017
217.02674734780084,26.396543990302835,19.000000000000007,-0.05182918143771749,-1.3077029000876181,-85.34453580859524
217.0370986187007,26.4006199380115,19.00000000000001,-0.051560701967365605,-1.3078109354176566,-85.38255816458147
217.04745127338094,26.40469378626947,19.00000000000001,-0.05129225861815927,-1.3079189563342055,-85.4205352438298
217.0578053125162,26.408765532837105,19.000000000000007,-0.05102385140499474,-1.3080269631816446,-85.45846706434311
217.06816073677956,26.412835175475788,19.00000000000001,-0.05075548034278468,-1.308134956304661,-85.49635364418609
217.0785175468425,26.416902711947934,19.000000000000014,-0.050487145446459006,-1.308242936048247,-85.53419500148539
217.08887574337504,26.420968140017013,19.00000000000001,-0.050218846730963385,-1.3083509027577014,-85.57199115442936
217.0992353270456,26.425031457447552,19.00000000000001,-0.04995058421126247,-1.3084588567786213,-85.60974212126823
217.10959629852087,26.429092662005143,19.00000000000001,-0.049682357902337895,-1.3085667984569078,-85.64744792031414
217.1199586584662,26.43315175145641,19.00000000000001,-0.04941416781919013,-1.3086747281387605,-85.68510856994075
217.1303224075452,26.437208723569107,19.000000000000007,-0.04914601397683874,-1.308782646170677,-85.72272408858363
217.14068754641997,26.441263576111997,19.00000000000001,-0.04887789639032203,-1.308890552899451,-85.76029449474001
217.151054075751,26.445316306854977,19.00000000000001,-0.04860981507469765,-1.3089984486721706,-85.79781980696885
217.1614219961972,26.449366913569033,19.000000000000007,-0.048341770045044724,-1.3091063338362163,-85.83530004389075
217.1717913084159,26.453415394026234,19.00000000000001,-0.04807376131646093,-1.309214208739261,-85.872735224188
217.1821620130627,26.45746174599974,19.000000000000007,-0.04780578890406689,-1.3093220737292675,-85.91012536660445
217.19253411079188,26.461505967263857,19.000000000000007,-0.047537852823002893,-1.3094299291544862,-85.94747048994563
217.20290760225583,26.46554805559399,19.00000000000001,-0.04726995308843186,-1.309537775363454,-85.98477061307865
217.2132824881055,26.46958800876666,19.00000000000001,-0.04700208971553871,-1.309645612704994,-86.02202575493205
217.2236587689902,26.473625824559534,19.00000000000001,-0.04673426271953085,-1.3097534415282122,-86.05923593449614
217.2340364455576,26.477661500751395,19.000000000000007,-0.046466472115638494,-1.3098612621824954,-86.0964011708225
217.24441551845376,26.481695035122208,19.000000000000007,-0.04619871791911584,-1.3099690750175124,-86.13352148302442
217.25479598832317,26.485726425453024,19.000000000000007,-0.045931000145240125,-1.3100768803832101,-86.1705968902765
217.2651778558086,26.489755669526115,19.000000000000007,-0.04566331880931376,-1.310184678629812,-86.20762741181481
217.27556112155128,26.493782765124884,19.00000000000001,-0.04539567392666276,-1.3102924701078178,-86.244613066937
217.28594578619078,26.4978077100339,19.000000000000007,-0.04512806551263937,-1.3104002551680016,-86.28155387500188
217.296331850365,26.501830502038914,19.000000000000007,-0.044860493582619995,-1.310508034161409,-86.31844985542978
217.3067193147103,26.505851138926857,19.00000000000001,-0.044592958152007284,-1.3106158074393561,-86.35530102770238
217.31710817986135,26.509869618485858,19.00000000000001,-0.044325459236231185,-1.3107235753534296,-86.3921074113627
217.3274984464511,26.51388593850522,19.00000000000001,-0.04405799685074785,-1.3108313382554833,-86.42886902601502
217.33789011511098,26.517900096775453,19.000000000000007,-0.04379057101103935,-1.310939096497636,-86.46558589132489
217.34828318647072,26.5219120910883,19.00000000000001,-0.043523181732616684,-1.3110468504322719,-86.50225802701928
217.35867766115837,26.52592191923669,19.000000000000007,-0.04325582903101825,-1.3111546004120385,-86.53888545288625
217.36907353980035,26.529929579014773,19.000000000000007,-0.042988512921810676,-1.311262346789843,-86.57546818877506
217.3794708230214,26.533935068217946,19.00000000000001,-0.04272123342058985,-1.3113700899188536,-86.6120062545963
217.3898695114447,26.53793838464283,19.000000000000007,-0.04245399054297959,-1.3114778301524972,-86.64849967032167
217.40026960569156,26.541939526087255,19.000000000000007,-0.04218678430463492,-1.3115855678444548,-86.68494845598397
217.41067110638178,26.545938490350334,19.00000000000001,-0.04191961472123852,-1.3116933033486644,-86.72135263167722
217.4210740141335,26.549935275232446,19.000000000000007,-0.04165248180850699,-1.311801037019317,-86.75771221755646
217.43147832956316,26.553929878535204,19.00000000000001,-0.04138538558218406,-1.3119087692108538,-86.79402723383788
217.4418840532854,26.557922298061474,19.00000000000001,-0.04111832605804605,-1.312016500277969,-86.83029770079874
217.45229118591337,26.561912531615423,19.00000000000001,-0.04085130325190178,-1.3121242305756018,-86.8665236387773
217.46269972805837,26.565900577002473,19.000000000000007,-0.04058431717958991,-1.3122319604589423,-86.90270506817272
