galstreams/tracks/track.st.M5.ibata2021.ecsv
# %ECSV 1.0
# ---
# datatype:
# - {name: ra, unit: deg, datatype: float64}
# - {name: dec, unit: deg, datatype: float64}
# - {name: distance, unit: kpc, datatype: float64}
# - {name: pm_ra_cosdec, unit: mas / yr, datatype: float64}
# - {name: pm_dec, unit: mas / yr, datatype: float64}
# - {name: radial_velocity, unit: km / s, datatype: float64}
# delimiter: ','
# meta: !!omap
# - __serialized_columns__:
#     dec:
#       __class__: astropy.coordinates.angles.Latitude
#       unit: &id001 !astropy.units.Unit {unit: deg}
#       value: !astropy.table.SerializedColumn {name: dec}
#     distance:
#       __class__: astropy.coordinates.distances.Distance
#       unit: !astropy.units.Unit {unit: kpc}
#       value: !astropy.table.SerializedColumn {name: distance}
#     pm_dec:
#       __class__: astropy.units.quantity.Quantity
#       unit: !astropy.units.Unit {unit: mas / yr}
#       value: !astropy.table.SerializedColumn {name: pm_dec}
#     pm_ra_cosdec:
#       __class__: astropy.units.quantity.Quantity
#       unit: !astropy.units.Unit {unit: mas / yr}
#       value: !astropy.table.SerializedColumn {name: pm_ra_cosdec}
#     ra:
#       __class__: astropy.coordinates.angles.Longitude
#       unit: *id001
#       value: !astropy.table.SerializedColumn {name: ra}
#       wrap_angle: !astropy.coordinates.Angle
#         unit: *id001
#         value: 360.0
#     radial_velocity:
#       __class__: astropy.units.quantity.Quantity
#       unit: !astropy.units.Unit {unit: km / s}
#       value: !astropy.table.SerializedColumn {name: radial_velocity}
# schema: astropy-2.0
ra,dec,distance,pm_ra_cosdec,pm_dec,radial_velocity
[from data line 286]
198.74742484761646,16.753966216628807,7.0498696385791675,2.9992934549377606,-8.616485101052495,-197.73072776667433
198.75744118624448,16.750854786930407,7.050518865299871,2.999584809048419,-8.617651645143527,-197.72348390853801
198.76745574033728,16.74773900835891,7.051177897560004,2.9998809078366193,-8.618807087699464,-197.72024648037458
198.77746851680143,16.744618900923466,7.051846685089946,3.0001816855463077,-8.619951471647036,-197.72094520549757
198.7874795225478,16.74149448463165,7.052525177620079,3.000487076411395,-8.621084839899131,-197.7255098072206
198.79748876449145,16.738365779489634,7.053213324880781,3.0007970146557903,-8.622207235354802,-197.7338700088573
198.80749624955152,16.73523280550204,7.053911076602438,3.0011114344934153,-8.623318700899258,-197.74595553372137
198.81750198465147,16.732095582672006,7.054618382515429,3.0014302701281954,-8.624419279403924,-197.76169610512625
198.82750597671887,16.728954131001203,7.055335192350133,3.001753455754119,-8.625509013726415,-197.78102144638552
198.83750823268556,16.72580847048973,7.0560614558369315,3.0020809255552,-8.626587946710568,-197.8038612808129
198.84750875948748,16.722658621136276,7.056797122706208,3.0024126137055367,-8.62765612118643,-197.8301453317219
198.85750756406478,16.719504602937995,7.05754214268834,3.0027484543693026,-8.628713579970311,-197.85980332242616
198.86750465336166,16.71634643589058,7.058296465513711,3.003088381700773,-8.629760365864751,-197.8927649762392
198.87750003432663,16.713184139988154,7.059060040912701,3.0034323298443235,-8.630796521658569,-197.92896001647466
198.88749371391233,16.71001773522345,7.059832818615693,3.0037802329344725,-8.631822090126853,-197.96831816644615
198.89748569907547,16.706847241587653,7.060614748353062,3.0041320250958723,-8.632837114030991,-198.01076914946725
198.9074759967769,16.70367267907049,7.061405779855193,3.0044876404433287,-8.633841636118659,-198.0562426888515
198.91746461398165,16.70049406766014,7.06220586285247,3.0048470130818137,-8.63483569912384,-198.10466850791266
198.9274515576589,16.697311427343365,7.06301494707527,3.0052100771065025,-8.635819345766869,-198.15597632996403
198.9374368347819,16.6941247781054,7.063832982253975,3.0055767666027524,-8.636792618754399,-198.21009587831958
198.94742045232795,16.69093413993003,7.064659918118963,3.005947015646152,-8.637755560779432,-198.26695687629254
198.95740241727864,16.687739532799476,7.065495704400621,3.0063207583025,-8.638708214521339,-198.32648904719673
198.96738273661956,16.684540976694564,7.066340290829326,3.006697928627854,-8.63965062264586,-198.38862211434574
198.97736141734038,16.681338491594584,7.067193627135458,3.00707846066853,-8.640582827805124,-198.45328580105297
198.9873384664349,16.678132097477363,7.0680556630494005,3.0074622884611077,-8.641504872637654,-198.52040983063222
198.99731389090095,16.67492181431925,7.068926348301534,3.0078493460324642,-8.64241679976838,-198.58992392639695
199.00728769774054,16.671707662095084,7.069805632622236,3.0082395673997677,-8.64331865180866,-198.6617578116609
199.0172598939597,16.668489660778228,7.070693465741894,3.0086328865705108,-8.64421047135627,-198.73584120973754
199.02723048656856,16.665267830340596,7.071589797390883,3.009029237542513,-8.645092300995453,-198.81210384394055
199.03719948258117,16.662042190752615,7.0724945772995875,3.009428554303943,-8.645964183296886,-198.89047543758352
199.0471668890159,16.65881276198318,7.073407755198386,3.0098307708333163,-8.646826160817724,-198.9708857139798
199.057132712895,16.655579563999773,7.074329280817663,3.0102358210995357,-8.647678276101594,-199.05326439644332
199.06709696124477,16.652342616768365,7.075259103887794,3.010643639061888,-8.648520571678628,-199.13754120828753
199.07705964109556,16.64910194025347,7.076197174139165,3.0110541586700545,-8.649353090065437,-199.22364587282604
199.08702075948185,16.645857554418093,7.077143441302156,3.0114673138641344,-8.650175873765164,-199.3115081133724
199.0969803234421,16.642609479223797,7.078097855107146,3.01188303857466,-8.650988965267468,-199.40105765324031
199.10693834001873,16.639357734630646,7.0790603652845165,3.012301266722604,-8.651792407048552,-199.4922242157432
199.11689481625817,16.636102340597265,7.080030921564649,3.0127219322193985,-8.652586241571148,-199.58493752419474
199.1268497592111,16.63284331708075,7.081009473677923,3.0131449689669463,-8.653370511284567,-199.6791273019086
199.1368031759319,16.62958068403676,7.081995971354726,3.0135703108576273,-8.654145258624673,-199.77472327219832
199.14675507347917,16.626314461419494,7.082990364325428,3.0139978917743346,-8.654910526013921,-199.8716551583774
199.15670545891538,16.62304466918165,7.083992602320418,3.0144276455904646,-8.655666355861358,-199.96985268375965
199.16665433930706,16.619771327274485,7.085002635070074,3.014859506169944,-8.656412790562618,-200.0692455716584
199.17660172172472,16.616494455647743,7.086020412304779,3.015293407367234,-8.657149872499964,-200.1697635453875
199.18654761324288,16.613214074249733,7.087045883754911,3.015729283027354,-8.657877644042287,-200.27133632826033
199.19649202093998,16.609930203027293,7.088078999150854,3.016167066985891,-8.658596147545095,-200.3738936435906
199.20643495189842,16.606642861925803,7.089119708222986,3.0166066930690163,-8.65930542535056,-200.4773652146918
199.21637641320467,16.603352070889123,7.090167960701688,3.0170480950934873,-8.6600055197875,-200.58168076487775
199.2263164119491,16.600057849859702,7.091223706317345,3.0174912068666755,-8.660696473171399,-200.68677001746178
199.23625495522603,16.596760218778495,7.092286894800334,3.0179359621865673,-8.66137832780443,-200.79256269575762
199.24619205013366,16.593459197585027,7.09335747588104,3.018382294841798,-8.662051125975445,-200.8989885230789
199.25612770377433,16.59015480621731,7.094435399289838,3.018830138611638,-8.662714909960004,-201.00597722273915
199.26606192325417,16.586847064611906,7.095520614757114,3.019279427266024,-8.663369722020377,-201.11345851805183
199.27599471568325,16.583535992703936,7.096613072013246,3.019730094565566,-8.664015604405536,-201.22136213233068
199.28592608817564,16.580221610427046,7.097712720788616,3.020182074261569,-8.664652599351209,-201.32961778888944
199.2958560478492,16.576903937713436,7.098819510813605,3.0206353000960284,-8.665280749079852,-201.43815521104145
199.30578460182596,16.57358299449379,7.0999333918185945,3.021089705801665,-8.665900095800675,-201.5469041221005
199.31571175723167,16.570258800697385,7.1010543135339645,3.021545225101919,-8.66651068170965,-201.65579424537995
199.325637521196,16.56693137625203,7.102182225690098,3.0220017917109794,-8.667112548989527,-201.7647553041937
199.33556190085253,16.56360074108408,7.103317078017372,3.022459339333788,-8.66770573980983,-201.873717021855
199.34548490333881,16.56026691511838,7.104458820246171,3.0229178016660425,-8.66829029632688,-201.98260912167765
199.3554065357963,16.556929918278385,7.105607402106873,3.023377112394236,-8.668866260683803,-202.0913613269752
199.36532680537024,16.553589770486052,7.106762773329864,3.0238372051956466,-8.669433675010533,-202.19990336106133
199.3752457192098,16.55024649166192,7.107924883645519,3.024298013738363,-8.669992581423832,-202.30816494724954
199.38516328446806,16.546900101725,7.109093682784222,3.024759471681282,-8.670543022027292,-202.4160758088534
199.395079508302,16.54355062059293,7.110269120476354,3.0252215126741473,-8.67108503891135,-202.52356566918658
199.40499439787237,16.54019806818184,7.111451146452295,3.0256840703575367,-8.671618674153294,-202.63056425156265
199.41490796034378,16.536842464406437,7.112639710442428,3.026147078362891,-8.672143969817276,-202.73700127929519
199.42482020288494,16.53348382917994,7.11383476217713,3.026610470312516,-8.672660967954325,-202.84280647569773
199.43473113266813,16.53012218241415,7.115036251386787,3.027074179819599,-8.673169710602343,-202.94790956408397
199.4446407568696,16.526757544019397,7.116244127801775,3.027538140488237,-8.673670239786134,-203.05224026776744
199.45454908266944,16.523389933904575,7.117458341152478,3.028002285913415,-8.674162597517391,-203.1557283100618
199.46445611725153,16.52001937197713,7.118678841169276,3.0284665496810534,-8.674646825794733,-203.25830341428062
199.4743618678037,16.516645878143002,7.11990557758255,3.0289308653679945,-8.675122966603697,-203.35989530373743
199.48426634151755,16.513269472306753,7.121138500122682,3.0293951665420353,-8.675591061916737,-203.46043370174579
199.49416954558848,16.50989017437147,7.122377558520051,3.0298593867619292,-8.676051153693264,-203.5598483316195
199.50407148721567,16.5065080042388,7.12362270250504,3.030323459577396,-8.676503283879631,-203.658068916672
199.51397217360224,16.503122981808904,7.124873881808028,3.0307873185291365,-8.676947494409148,-203.75502518021682
199.5238716119551,16.499735126980543,7.126131046159396,3.0312508971488574,-8.677383827202101,-203.85064684556772
199.53376980948482,16.49634445965101,7.127394145289529,3.031714128959259,-8.677812324165739,-203.94486363603815
199.5436667734059,16.492950999716182,7.128663128928801,3.032176947474074,-8.678233027194318,-204.03760527494185
199.55356251093673,16.489554767070423,7.1299379468076,3.032639286198056,-8.678645978169069,-204.12880148559233
199.5634570292993,16.48615578160671,7.131218548656303,3.033101078627009,-8.679051218958245,-204.21838199130312
199.57335033571945,16.482754063216575,7.13250488420529,3.033562258247793,-8.679448791417105,-204.3062765153879
199.58324243742686,16.479349631790086,7.133796903184947,3.0340227585383346,-8.67983873738793,-204.39241478116034
199.5931333416549,16.475942507215894,7.135094555325648,3.0344825129676405,-8.680221098700036,-204.47672651193375
199.60302305564085,16.47253270938116,7.13639779035778,3.0349414549958103,-8.680595917169784,-204.55914143102206
199.61291158662564,16.469120258171646,7.137706558011719,3.0353995180740485,-8.680963234600584,-204.63958926173862
199.622798941854,16.465705173471676,7.1390208080178486,3.035856635644675,-8.6813230927829,-204.7179997273972
199.63268512857437,16.462287475164118,7.140340490106552,3.036312741141138,-8.68167553349426,-204.79430255131123
199.64257015403908,16.458867183130387,7.141665554008206,3.0367677679880236,-8.682020598499289,-204.86842745679454
199.6524540255041,16.455444317250475,7.142995949453193,3.037221649601073,-8.68235832954967,-204.94030416716038
199.6623367502292,16.45201889740295,7.144331626171897,3.0376743193871896,-8.682688768384201,-205.0098624057226
199.6722183354778,16.448590943464946,7.145672533894691,3.038125710744456,-8.683011956728786,-205.07703189579465
199.6820987885172,16.4451604753121,7.147018622351965,3.038575757062132,-8.68332793629642,-205.14174236069033
199.69197811661837,16.44172751281868,7.1483698412740955,3.039024391720682,-8.683636748787226,-205.20392352372298
199.701856327056,16.438292075857497,7.149726140391464,3.0394715480917864,-8.683938435888466,-205.26350510820646
199.71173342710838,16.43485418429993,7.15108746943445,3.03991715953834,-8.684233039274531,-205.32041683745408
199.72160942405782,16.431413858015894,7.152453778133438,3.0403611594144686,-8.684520600606954,-205.37458843477967
199.7314843251901,16.427971116873906,7.153825016218806,3.0408034810655478,-8.68480116153443,-205.42594962349668
199.7413581377948,16.42452598074104,7.155201133420936,3.041244057828214,-8.685074763692807,-205.4744301269188
199.7512308691652,16.42107846948294,7.156582079470209,3.0416828230303636,-8.685341448705117,-205.5199596683595
199.76110252659817,16.417628602963823,7.157967804097004,3.0421197099911765,-8.685601258181553,-205.5624679711324
199.77097311739453,16.41417640104643,7.159358257031706,3.042554652021117,-8.68585423371951,-205.60188475855125
199.7808426488586,16.41072188359213,7.160753388004692,3.0429875824219583,-8.686100416903573,-205.63813975392952
199.7907111282984,16.407265070460838,7.162153146746347,3.0434184344867834,-8.68633984930552,-205.6711626805808
199.80057856302565,16.403805981511056,7.163557482987047,3.043847141500006,-8.686572572484362,-205.70088326181872
199.81044496035588,16.400344636599794,7.164966346457176,3.044273636737363,-8.686798627986311,-205.72723122095684
199.82031032760815,16.39688105558271,7.166379686887114,3.044697853465945,-8.687018057344812,-205.75013628130876
199.83017467210524,16.393415258313997,7.167797454007245,3.0451197249442017,-8.687230902080541,-205.76952816618802
199.84003800117347,16.38994726464645,7.169219597547944,3.0455391844219557,-8.687437203701432,-205.78533659890837
199.84990032214316,16.386477094431374,7.170646067239597,3.045956165140397,-8.687637003702651,-205.79749130278336
199.85976164234796,16.383004767518706,7.172076812812583,3.046370600332111,-8.687830343566626,-205.8059220011264
199.8696219691253,16.37953030375695,7.173511783997283,3.046782423221096,-8.688017264763063,-205.81055841725123
199.87948130981624,16.37605372299317,7.174950930524079,3.047191567022751,-8.688197808748932,-205.81133027447143
199.88933967176555,16.372575045073006,7.176394202123348,3.0475979649439022,-8.68837201696849,-205.8081672961007
199.89919706232155,16.369094289840678,7.177841548525477,3.048001550182806,-8.688539930853274,-205.80099920545254
199.9090534888363,16.36561147713898,7.179292919460845,3.048402255929175,-8.688701591822127,-205.7897557258404
199.91890895866544,16.362126626809292,7.1807482646598295,3.048800015364167,-8.688857041281198,-205.77436658057803
199.92876347916817,16.35863975869157,7.182207533852815,3.0491947616604134,-8.689006320623937,-205.75476149297901
199.93861705770746,16.35515089262434,7.183670676770182,3.049586427982017,-8.689149471231119,-205.73087018635698
199.94846970164983,16.351660048444707,7.18513764314231,3.0499749474845776,-8.68928653447085,-205.7026223840254
199.95832141836544,16.348167245988368,7.18660838269958,3.0503602533151843,-8.689417551698563,-205.66994780929795
199.96817221522798,16.344672505089587,7.188082845172373,3.0507422786124394,-8.689542564257037,-205.63277618548824
199.9780220996149,16.341175845581215,7.189560980291073,3.0511209565064665,-8.689661613476389,-205.59103723590985
199.98787107890712,16.33767728729468,7.191042737786059,3.051496220118918,-8.689774740674107,-205.5446606838763
199.99771916048928,16.33417685006,7.192528067387712,3.051868002562989,-8.689881987155031,-205.49357625270133
200.00756635174952,16.330674553705762,7.19401691882641,3.0522362369434237,-8.689983394211374,-205.43771366569828
200.01741266007963,16.327170418059154,7.195509241832536,3.0526008563565217,-8.69007900312273,-205.3770026461811
200.02725809287494,16.32366446294593,7.197004986136473,3.0529617938901703,-8.690168855156063,-205.31137291746316
200.0371026575345,16.32015670819043,7.198504101468599,3.0533189826238236,-8.690252991565748,-205.24075420285808
200.04694636146075,16.316647173615593,7.200006537559299,3.053672355628538,-8.69033145359353,-205.1650762256794
200.0567892120599,16.313135879042928,7.201512244138949,3.054021845966966,-8.690404282468592,-205.08426870924077
200.06663121674154,16.309622844292537,7.203021170937933,3.0543673866933765,-8.690471519407499,-204.99826137685588
200.07647238291906,16.306108089183102,7.204533267686631,3.054708910853659,-8.690533205614255,-204.90698395183807
200.08631271800922,16.302591633531897,7.206048484115424,3.05504635148534,-8.690589382280278,-204.81036615750125
200.09615222943245,16.29907349715478,7.207566769954694,3.0553796416175887,-8.690640090584411,-204.7083377171588
200.1059909246127,16.2955536998662,7.2090880749348205,3.05570871427122,-8.69068537169295,-204.60082835412436
200.11582881097752,16.292032261479193,7.210612348786184,3.0560335024587237,-8.690725266759634,-204.48776779171155
200.12566589595792,16.28850920180538,7.212139541239168,3.0563539391842505,-8.690759816925645,-204.36908575323395
200.13550218698862,16.284984540654975,7.213669602024151,3.0566699574436464,-8.690789063319624,-204.2447119620051
200.1453376915077,16.28145829783678,7.215202480871515,3.056981490224439,-8.690813047057677,-204.11457614133872
