galstreams/tracks/track.st.Gaia-2.ibata2021.ecsv
# %ECSV 1.0
# ---
# datatype:
# - {name: ra, unit: deg, datatype: float64}
# - {name: dec, unit: deg, datatype: float64}
# - {name: distance, unit: kpc, datatype: float64}
# - {name: pm_ra_cosdec, unit: mas / yr, datatype: float64}
# - {name: pm_dec, unit: mas / yr, datatype: float64}
# - {name: radial_velocity, unit: km / s, datatype: float64}
# delimiter: ','
# meta: !!omap
# - __serialized_columns__:
#     dec:
#       __class__: astropy.coordinates.angles.Latitude
#       unit: &id001 !astropy.units.Unit {unit: deg}
#       value: !astropy.table.SerializedColumn {name: dec}
#     distance:
#       __class__: astropy.coordinates.distances.Distance
#       unit: !astropy.units.Unit {unit: kpc}
#       value: !astropy.table.SerializedColumn {name: distance}
#     pm_dec:
#       __class__: astropy.units.quantity.Quantity
#       unit: !astropy.units.Unit {unit: mas / yr}
#       value: !astropy.table.SerializedColumn {name: pm_dec}
#     pm_ra_cosdec:
#       __class__: astropy.units.quantity.Quantity
#       unit: !astropy.units.Unit {unit: mas / yr}
#       value: !astropy.table.SerializedColumn {name: pm_ra_cosdec}
#     ra:
#       __class__: astropy.coordinates.angles.Longitude
#       unit: *id001
#       value: !astropy.table.SerializedColumn {name: ra}
#       wrap_angle: !astropy.coordinates.Angle
#         unit: *id001
#         value: 360.0
#     radial_velocity:
#       __class__: astropy.units.quantity.Quantity
#       unit: !astropy.units.Unit {unit: km / s}
#       value: !astropy.table.SerializedColumn {name: radial_velocity}
# schema: astropy-2.0
ra,dec,distance,pm_ra_cosdec,pm_dec,radial_velocity
[from data line 556]
4.466249826196277,-13.418415188541454,6.993704856890936,-0.14652019481158984,-0.2749689115515821,-332.1916100670752
4.471657463063003,-13.4269600847492,6.99397185235901,-0.14586296571347046,-0.27446689794937607,-333.95211930211036
4.477066517626929,-13.435504232836808,6.994239326517303,-0.14520310237315026,-0.2739604812878276,-335.5000123060517
4.4824769843430134,-13.44404763626293,6.994507275976215,-0.14454061934595963,-0.2734496775295203,-336.83715176942593
4.487888857665734,-13.45259029848644,6.994775697346147,-0.1438755311863078,-0.2729345026380283,-337.96540038275987
4.4933021320493065,-13.461132222966796,6.995044587237489,-0.14320785244768008,-0.27241497257792124,-338.88662083658056
4.498716801947432,-13.46967341316365,6.995313942260642,-0.14253759768263197,-0.27189110331476085,-339.6026758214148
4.504132861813515,-13.47821387253717,6.995583759026004,-0.1418647814427878,-0.2713629108151103,-340.11542802778973
4.509550306100571,-13.486753604547923,6.995854034143974,-0.14118941827883502,-0.2708304110465347,-340.42674014623236
4.514969129261133,-13.495292612656714,6.996124764224944,-0.14051152274052137,-0.2702936199776045,-340.5384748672694
4.520389325747438,-13.503830900324878,6.996395945879314,-0.13983110937665,-0.26975255357789907,-340.45249488142804
4.525810890011326,-13.512368471014138,6.996667575717482,-0.13914819273507706,-0.2692072278180122,-340.17066287923524
4.53123381650416,-13.520905328186467,6.996939650349847,-0.13846278736270723,-0.2686576586695488,-339.69484155121785
4.536658099677028,-13.529441475304424,6.997212166386801,-0.13777490780548807,-0.26810386210513437,-339.026893587903
4.542083733980503,-13.537976915830754,6.997485120438747,-0.13708456860840956,-0.2675458540984197,-338.16868167981744
4.547510713864861,-13.54651165322875,6.997758509116081,-0.13639178431549703,-0.26698365062407525,-337.1220685174882
4.552939033779983,-13.555045690962098,6.998032329029196,-0.13569656946980946,-0.26641726765780316,-335.88891679144206
4.558368688175261,-13.563579032494726,6.998306576788495,-0.13499893861343437,-0.26584672117633534,-334.47108919220653
4.563799671499786,-13.572111681291114,6.998581249004372,-0.13429890628748464,-0.2652720271574385,-332.87044841030774
4.569231978202254,-13.580643640816138,6.998856342287225,-0.13359648703209437,-0.2646932015799224,-331.0888571362739
4.574665602730871,-13.589174914534912,6.999131853247452,-0.132891695386415,-0.26411026042362984,-329.12817806063026
4.580100539533571,-13.597705505913156,6.999407778495448,-0.13218454588861206,-0.26352321966945214,-326.99027387390544
4.585536783057771,-13.606235418416796,6.999684114641615,-0.13147505307585916,-0.2629320952993297,-324.67700726662514
4.590974327750579,-13.61476465551229,6.999960858296347,-0.13076323148433744,-0.26233690329625214,-322.190240929317
4.596413168058705,-13.623293220666522,7.00023800607004,-0.13004909564922984,-0.26173765964426243,-319.53183755250797
4.601853298428371,-13.631821117346611,7.000515554573097,-0.12933266010471545,-0.2611343803284629,-316.7036598267252
4.607294713305492,-13.64034834902023,7.000793500415909,-0.1286139393839708,-0.26052708133501246,-313.7075704424947
4.612737407135579,-13.648874919155471,7.001071840208876,-0.12789294801915996,-0.25991577865113946,-310.5454320903444
4.618181374363657,-13.657400831220667,7.001350570562396,-0.12716970054143473,-0.2593004882651344,-307.21910746080096
4.62362660943447,-13.665926088684758,7.001629688086866,-0.12644421148092944,-0.2586812261663576,-303.73045924439145
4.629073106792239,-13.67445069501691,7.0019091893926815,-0.125716495366758,-0.2580580083452486,-300.08135013164235
4.634520860880874,-13.682974653686825,7.002189071090243,-0.12498656672700748,-0.25743085079331696,-296.2736428130809
4.639969866143889,-13.691497968164624,7.002469329789945,-0.12425444008873732,-0.2567997695031541,-292.30919997923445
4.645420117024296,-13.700020641920698,7.002749962102187,-0.12352012997797379,-0.25616478046843505,-288.1898843206294
4.650871607964795,-13.708542678425976,7.003030964637364,-0.12278365091970767,-0.2555258996839185,-283.9175585277929
4.656324333407694,-13.717064081151822,7.003312334005876,-0.12204501743788754,-0.2548831431454557,-279.49408529125213
4.661778287794789,-13.72558485356986,7.003594066818119,-0.12130424405541884,-0.25423652684998865,-274.9213273015338
4.667233465567607,-13.73410499915231,7.00387615968449,-0.12056134529415807,-0.2535860667955534,-270.2011472491649
4.672689861167139,-13.742624521371637,7.004158609215385,-0.11981633567491079,-0.2529317789812875,-265.33540782467236
4.6781474690340685,-13.751143423700855,7.004441412021205,-0.1190692297174254,-0.2522736794074292,-260.32597171858316
4.683606283608668,-13.759661709613392,7.004724564712345,-0.1183200419403917,-0.2516117840753196,-255.17470162142453
4.6890662993307135,-13.768179382582952,7.005008063899202,-0.11756878686143535,-0.2509461089874121,-249.8834602237231
4.694527510639662,-13.77669644608381,7.0052919061921735,-0.11681547899711542,-0.25027667014726784,-244.45411021600586
4.699989911974568,-13.785212903590654,7.005576088201658,-0.11606013286291872,-0.24960348355956508,-238.88851428879988
4.705453497773984,-13.79372875857846,7.005860606538051,-0.11530276297325781,-0.24892656523009804,-233.18853513263213
4.710918262476175,-13.8022440145228,7.006145457811754,-0.11454338384146534,-0.24824593116578209,-227.35603543802955
4.716384200518872,-13.810758674899494,7.006430638633159,-0.11378200997979304,-0.24756159737465766,-221.39287789551898
4.721851306339495,-13.819272743184925,7.006716145612667,-0.11301865589940374,-0.2468735798658901,-215.30092519562763
4.727319574375046,-13.827786222855904,7.007001975360673,-0.11225333611037192,-0.2461818946497787,-209.08204002888226
4.732788999062028,-13.836299117389517,7.007288124487573,-0.11148606512167686,-0.24548655773775163,-202.7380850858097
4.738259574836621,-13.844811430263425,7.007574589603771,-0.11071685744119991,-0.24478758514237575,-196.2709230569375
4.743731296134599,-13.853323164955723,7.007861367319658,-0.10994572757572074,-0.24408499287735896,-189.68241663279187
4.749204157391225,-13.861834324944791,7.008148454245634,-0.10917269003091318,-0.24337879695754894,-182.97442850390013
4.754678153041477,-13.870344913709618,7.0084358469920955,-0.10839775931134105,-0.24266901339894242,-176.14882136078936
4.760153277519788,-13.87885493472945,7.00872354216944,-0.10762094992045584,-0.2419556582186818,-169.20745789398603
4.765629525260282,-13.887364391484095,7.009011536388065,-0.10684227636059063,-0.24123874743506457,-162.15220079401794
4.7711068906966565,-13.8958732874538,7.009299826258367,-0.10606175313295857,-0.24051829706754135,-154.98491275141131
4.776585368262105,-13.904381626119116,7.009588408390744,-0.10527939473764769,-0.23979432313672278,-147.7074564566934
4.782064952389502,-13.912889410961146,7.009877279395594,-0.10449521567361686,-0.23906684166437986,-140.32169460039108
4.787545637511299,-13.921396645461455,7.0101664358833125,-0.10370923043869323,-0.2383358686734487,-132.82948987303143
4.793027418059442,-13.92990333310188,7.0104558744642995,-0.10292145352956722,-0.2376014201880322,-125.23270496514132
4.798510288465582,-13.938409477364898,7.010745591748952,-0.10213189944178913,-0.23686351223340407,-117.5332025672477
4.803994243160828,-13.946915081733243,7.0110355843476615,-0.10134058266976614,-0.236122160836014,-109.73284536987748
4.809479276575962,-13.95542014969022,7.011325848870833,-0.10054751770675635,-0.23537738202348585,-101.83349606355716
4.814965383141352,-13.963924684719577,7.011616381928861,-0.09975271904486807,-0.23462919182462444,-93.83701733881489
4.820452557286848,-13.972428690305357,7.011907180132145,-0.09895620117505285,-0.23387760626941834,-85.74527188617688
4.8259407934419745,-13.980932169932203,7.012198240091077,-0.09815797858710398,-0.23312264138904154,-77.5601223961703
4.831430086035836,-13.98943512708519,7.012489558416059,-0.09735806576965148,-0.23236431321585765,-69.28343155932188
4.836920429497023,-13.997937565249707,7.012781131717484,-0.09655647721015892,-0.23160263778342255,-60.91706206615868
4.842411818253825,-14.006439487911758,7.013072956605757,-0.0957532273949192,-0.2308376311264867,-52.4628766072078
4.847904246733988,-14.014940898557628,7.013365029691266,-0.09494833080905118,-0.23006930928100033,-43.92273787299598
4.8533977093649305,-14.023441800674172,7.013657347584414,-0.09414180193649535,-0.22929768828411395,-35.298508554050386
4.858892200573641,-14.031942197748712,7.013949906895596,-0.09333365526001057,-0.2285227841741834,-26.59205134089779
4.864387714786597,-14.040442093268869,7.014242704235212,-0.0925239052611701,-0.22774461299077164,-17.80522892406531
4.86988424642994,-14.048941490722855,7.014535736213657,-0.09171256642035759,-0.22696319077465243,-8.939903994079712
4.875381789929392,-14.057440393599338,7.014828999441329,-0.09089965321676363,-0.22617853356781323,0.0020607585317981634
4.880880339710149,-14.065938805387287,7.0151224905286265,-0.09008518012838186,-0.22539065741345804,9.01880264324245
4.8863798901971105,-14.074436729576336,7.015416206085945,-0.08926916163200505,-0.22459957835601074,18.10845896952514
4.891880435814621,-14.082934169656356,7.015710142723682,-0.08845161220322162,-0.22380531244111798,27.269167046853106
4.897381970986697,-14.091431129117847,7.016004297052236,-0.08763254631641162,-0.22300787571565225,36.49906418469924
4.902884490136917,-14.099927611451733,7.016298665682004,-0.0868119784447429,-0.22220728422771435,45.79628769253656
4.908387987688348,-14.108423620149283,7.016593245223383,-0.08598992306016773,-0.22140355402663747,55.158974879838176
4.913892458063719,-14.116919158702347,7.0168880322867695,-0.08516639463341891,-0.22059670116298963,64.5852630560772
4.9193978956853215,-14.125414230603234,7.017183023482564,-0.0843414076340053,-0.21978674168857626,74.07328953072646
4.924904294974935,-14.133908839344592,7.017478215421158,-0.08351497653020938,-0.21897369165644365,83.62119161325916
4.930411650354023,-14.142402988419697,7.017773604712956,-0.08268711578908222,-0.21815756712088263,93.22710661314821
4.935919956243502,-14.150896681322115,7.018069187968348,-0.08185783987644082,-0.21733838413743012,102.88917183986673
4.941429207063943,-14.159389921546001,7.018364961797738,-0.08102716325686327,-0.21651615876287378,112.60552460288793
4.946939397235488,-14.167882712585989,7.018660922811521,-0.0801951003936861,-0.2156909070552515,122.37430221168457
4.952450521177752,-14.176375057937033,7.018957067620094,-0.0793616657489997,-0.21486264507386077,132.19364197572986
4.957962573310009,-14.184866961094688,7.019253392833852,-0.07852687378364476,-0.2140313888792551,142.06168120449667
4.963475548051101,-14.193358425554985,7.019549895063195,-0.07769073895720913,-0.21319715453325006,151.9765572074583
4.968989439819338,-14.20184945481427,7.019846570918518,-0.07685327572802308,-0.21235995809892794,161.93640729408764
4.974504243032727,-14.210340052369567,7.020143417010223,-0.07601449855315645,-0.21151981564063593,171.93936877385752
4.980019952108705,-14.218830221718159,7.020440429948703,-0.07517442188841467,-0.2106767432239931,181.98357895624142
4.985536561464372,-14.227319966357955,7.020737606344358,-0.07433306018833463,-0.2098307569158917,192.06717515071205
4.991054065516393,-14.235809289787335,7.0210349428075824,-0.0734904279061816,-0.20898187278450275,202.18829466674248
4.996572458680893,-14.244298195505001,7.021332435948778,-0.0726465394939445,-0.2081301068992727,212.34507481380584
5.002091735373663,-14.252786687010289,7.021630082378336,-0.0718014094023341,-0.2072754753309336,222.53565290137524
5.007611890010049,-14.261274767802991,7.021927878706658,-0.0709550520807769,-0.20641799415150097,232.7581662389236
5.0131329170048655,-14.269762441383236,7.0222258215441435,-0.07010748197741334,-0.20555767943428038,243.010752135924
5.018654810772613,-14.278249711251839,7.022523907501183,-0.06925871353909274,-0.20469454725386615,253.2915479018495
5.024177565727227,-14.286736580909873,7.022822133188178,-0.0684087612113714,-0.20382861368615002,263.59869084617293
5.029701176282294,-14.29522305385905,7.023120495215527,-0.06755763943850601,-0.20295989480831733,273.93031827836774
5.035225636850959,-14.303709133601563,7.023418990193626,-0.06670536266345306,-0.2020884066988562,284.2845675079066
5.0407509418458325,-14.312194823639938,7.023717614732873,-0.06585194532786331,-0.201214165437555,294.6595758442627
5.046277085679208,-14.320680127477372,7.024016365443662,-0.06499740187207814,-0.20033718710550907,305.0534805969101
5.051804062762807,-14.329165048617357,7.024315238936394,-0.06414174673512696,-0.19945748778512362,315.46441907531977
5.057331867508005,-14.337649590564,7.024614231821465,-0.06328499435472223,-0.19857508356011433,325.8905285889656
5.06286049432573,-14.346133756821908,7.024913340709273,-0.062427159167257384,-0.19768999051550962,336.32994644732105
5.068389937626375,-14.354617550896034,7.025212562210213,-0.06156825560780099,-0.19680222473765685,346.7808099598589
5.073920191819978,-14.363100976291939,7.025511892934686,-0.060708298110094816,-0.195911802314225,357.2412564360521
5.079451251316129,-14.371584036515685,7.025811329493087,-0.059847301106549566,-0.19501873933420155,367.7094231853739
5.084983110523884,-14.380066735073676,7.026110868495813,-0.05898527902824169,-0.19412305188790668,378.1834475172974
5.090515763851938,-14.38854907547295,7.026410506553264,-0.05812224630490814,-0.19322475606698264,388.66146674129516
5.0960492057085425,-14.397031061221035,7.026710240275833,-0.05725821736494541,-0.1923238679644066,399.1416181668409
5.101583430501405,-14.405512695825802,7.027010066273922,-0.056393206635402815,-0.19142040367448976,409.6220391034069
5.107118432637911,-14.413993982795809,7.027309981157925,-0.055527228541981444,-0.1905143792928814,420.10086686046674
5.112654206524867,-14.42247492563992,7.027609981538242,-0.05466029750902934,-0.18960581091656747,430.57623874749356
5.118190746568727,-14.430955527867624,7.027910064025267,-0.053792427959537426,-0.1886947146438822,441.04629207395993
5.123728047175491,-14.439435792988915,7.0282102252294,-0.052923634315136914,-0.1877811065745032,451.5091641493391
5.129266102750618,-14.447915724514138,7.028510461761036,-0.052053930996095676,-0.18686500280945317,461.96299228310426
5.134804907699234,-14.456395325954317,7.028810770230576,-0.05118333242131201,-0.18594641945111068,472.4059137847281
5.1403444564258916,-14.464874600820794,7.029111147248414,-0.05031185300831531,-0.18502537260320917,482.8360659636842
5.145884743334781,-14.47335355262555,7.0294115894249485,-0.04943950717326051,-0.18410187837083392,493.25158612944506
5.15142576282964,-14.481832184881052,7.02971209337058,-0.04856630933092099,-0.18317595286043709,503.65061159148394
5.1569675093136595,-14.490310501100149,7.030012655695697,-0.04769227389469233,-0.18224761217982577,514.0312796592738
5.162509977189666,-14.498788504796305,7.030313273010707,-0.046817415276582564,-0.1813168724381793,524.3917276422878
5.168053160860031,-14.507266199483514,7.030613941926002,-0.04594174788720928,-0.18038374974604254,534.7300928499991
5.173597054726577,-14.515743588676107,7.030914659051979,-0.045065286135800964,-0.17944826021532823,545.0445125918803
5.179141653190762,-14.524220675889076,7.031215420999038,-0.04418804443018565,-0.17851041995932881,555.3331241774052
5.184686950653587,-14.532697464637916,7.031516224377574,-0.04331003717679405,-0.17757024509270813,565.5940649160458
5.190232941515501,-14.541173958438481,7.031817065797985,-0.04243127878065267,-0.17662775173151246,575.8254721172761
5.195779620176619,-14.54965016080732,7.032117941870669,-0.041551783645380924,-0.1756829559931692,586.0254830905684
5.201326981036472,-14.558126075261304,7.032418849206021,-0.04067156617318801,-0.1747358739964895,596.1922351453962
5.206875018494223,-14.566601705317957,7.032719784414442,-0.03979064076486649,-0.17378652186167542,606.3238655912326
