galstreams/tracks/track.st.Yangtze.yang2023.ecsv
# %ECSV 1.0
# ---
# datatype:
# - {name: ra, unit: deg, datatype: float64}
# - {name: dec, unit: deg, datatype: float64}
# - {name: distance, unit: kpc, datatype: float64}
# - {name: pm_ra_cosdec, unit: mas / yr, datatype: float64}
# - {name: pm_dec, unit: mas / yr, datatype: float64}
# - {name: radial_velocity, unit: km / s, datatype: float64}
# delimiter: ','
# meta: !!omap
# - __serialized_columns__:
#     dec:
#       __class__: astropy.coordinates.angles.Latitude
#       unit: &id001 !astropy.units.Unit {unit: deg}
#       value: !astropy.table.SerializedColumn {name: dec}
#     distance:
#       __class__: astropy.coordinates.distances.Distance
#       unit: !astropy.units.Unit {unit: kpc}
#       value: !astropy.table.SerializedColumn {name: distance}
#     pm_dec:
#       __class__: astropy.units.quantity.Quantity
#       unit: !astropy.units.Unit {unit: mas / yr}
#       value: !astropy.table.SerializedColumn {name: pm_dec}
#     pm_ra_cosdec:
#       __class__: astropy.units.quantity.Quantity
#       unit: !astropy.units.Unit {unit: mas / yr}
#       value: !astropy.table.SerializedColumn {name: pm_ra_cosdec}
#     ra:
#       __class__: astropy.coordinates.angles.Longitude
#       unit: *id001
#       value: !astropy.table.SerializedColumn {name: ra}
#       wrap_angle: !astropy.coordinates.Angle
#         unit: *id001
#         value: 360.0
#     radial_velocity:
#       __class__: astropy.units.quantity.Quantity
#       unit: !astropy.units.Unit {unit: km / s}
#       value: !astropy.table.SerializedColumn {name: radial_velocity}
# schema: astropy-2.0
ra,dec,distance,pm_ra_cosdec,pm_dec,radial_velocity
[from data line 542]
146.0835076565269,-7.554878114545651,9.120108393559114,-0.700000000000001,1.1000000000000019,-7.368171238638296e-15
146.08319082426553,-7.544844779451719,9.12010839355911,-0.7000000000000013,1.1000000000000025,-5.2629794561702115e-15
146.08287503936057,-7.534811495889549,9.120108393559114,-0.7000000000000011,1.1000000000000016,-7.368171238638296e-15
146.0825603017964,-7.524778263873057,9.120108393559113,-0.7000000000000011,1.1000000000000023,-1.894672604221276e-14
146.08224661155734,-7.51474508341612,9.12010839355911,-0.7000000000000011,1.1000000000000023,-8.420767129872338e-15
146.08193396862765,-7.504711954532645,9.120108393559109,-0.7000000000000013,1.1000000000000023,-8.420767129872338e-15
146.0816223729917,-7.494678877236312,9.12010839355911,-0.7000000000000012,1.1000000000000023,-8.420767129872338e-15
146.08131182463373,-7.484645851540942,9.12010839355911,-0.7000000000000011,1.1000000000000019,-1.2631150694808506e-14
146.08100232353806,-7.474612877460266,9.120108393559109,-0.7000000000000013,1.1000000000000023,-1.894672604221276e-14
146.08069386968893,-7.464579955007959,9.12010839355911,-0.7000000000000011,1.1000000000000025,-7.368171238638296e-15
146.08038646307068,-7.454547084197733,9.12010839355911,-0.7000000000000013,1.1000000000000019,-5.2629794561702115e-15
146.0800801036675,-7.4445142650430824,9.12010839355911,-0.7000000000000011,1.1000000000000023,-1.2631150694808506e-14
146.07977479146376,-7.43448149755763,9.120108393559113,-0.7000000000000008,1.100000000000002,-8.420767129872338e-15
146.0794705264436,-7.42444878175492,9.120108393559109,-0.7000000000000013,1.1000000000000023,-4.210383564936169e-15
146.07916730859134,-7.414416117648487,9.120108393559109,-0.7000000000000013,1.1000000000000025,-1.3683746586042549e-14
146.07886513789117,-7.404383505251683,9.12010839355911,-0.7000000000000011,1.1000000000000025,0.0
146.0785640143274,-7.394350944577982,9.12010839355911,-0.7000000000000011,1.1000000000000023,-9.47336302110638e-15
146.0782639378842,-7.384318435640765,9.120108393559109,-0.7000000000000011,1.1000000000000025,-1.2631150694808506e-14
146.0779649085458,-7.374285978453366,9.12010839355911,-0.7000000000000011,1.1000000000000023,-8.420767129872338e-15
146.07766692629642,-7.3642535730291545,9.120108393559113,-0.7000000000000008,1.100000000000002,-7.368171238638296e-15
146.07736999112024,-7.354221219381274,9.12010839355911,-0.700000000000001,1.1000000000000023,-4.210383564936169e-15
146.0770741030015,-7.344188917523016,9.12010839355911,-0.7000000000000011,1.1000000000000023,-9.47336302110638e-15
146.0767792619244,-7.334156667467559,9.12010839355911,-0.7000000000000011,1.1000000000000019,-1.3683746586042549e-14
146.07648546787308,-7.3241244692280665,9.12010839355911,-0.7000000000000011,1.1000000000000023,-6.315575347404253e-15
146.0761927208318,-7.314092322817696,9.12010839355911,-0.7000000000000011,1.1000000000000023,-9.47336302110638e-15
146.07590102078467,-7.304060228249418,9.120108393559113,-0.7000000000000008,1.100000000000002,-1.1578554803574466e-14
146.07561036771588,-7.294028185536331,9.12010839355911,-0.7000000000000011,1.1000000000000019,-1.473634247727659e-14
146.0753207616096,-7.283996194691427,9.120108393559109,-0.7000000000000013,1.1000000000000023,-1.3683746586042549e-14
146.07503220244993,-7.273964255727726,9.120108393559109,-0.7000000000000013,1.100000000000002,-3.1577876737021266e-15
146.07474469022114,-7.263932368658043,9.120108393559109,-0.7000000000000013,1.100000000000002,-1.5788938368510635e-14
146.07445822490723,-7.253900533495317,9.120108393559113,-0.7000000000000006,1.100000000000002,-5.2629794561702115e-15
146.07417280649244,-7.243868750252406,9.120108393559109,-0.7000000000000011,1.1000000000000019,-5.2629794561702115e-15
146.07388843496088,-7.233837018942112,9.120108393559107,-0.7000000000000011,1.1000000000000025,-1.0525958912340423e-14
146.07360511029665,-7.2238053395772726,9.120108393559109,-0.700000000000001,1.1000000000000023,-1.1578554803574466e-14
146.07332283248388,-7.213773712170511,9.120108393559109,-0.7000000000000008,1.1000000000000019,-7.368171238638296e-15
146.0730416015067,-7.203742136734586,9.120108393559109,-0.7000000000000011,1.100000000000002,-5.2629794561702115e-15
146.07276141734917,-7.193710613282154,9.120108393559109,-0.7000000000000011,1.100000000000002,-3.1577876737021266e-15
146.07248227999543,-7.183679141825843,9.12010839355911,-0.7000000000000006,1.100000000000002,-2.1051917824680845e-15
146.07220418942958,-7.173647722378303,9.120108393559109,-0.7000000000000011,1.1000000000000019,-1.473634247727659e-14
146.07192714563567,-7.163616354951964,9.120108393559109,-0.7000000000000008,1.100000000000002,-4.210383564936169e-15
146.07165114859782,-7.153585039559397,9.120108393559109,-0.7000000000000011,1.1000000000000019,-2.1051917824680845e-15
146.07137619830007,-7.143553776213085,9.120108393559109,-0.7000000000000008,1.1000000000000019,-3.1577876737021266e-15
146.0711022947265,-7.133522564925519,9.120108393559109,-0.700000000000001,1.100000000000002,-1.3683746586042549e-14
146.0708294378612,-7.12349140570899,9.120108393559109,-0.700000000000001,1.1000000000000023,-6.315575347404253e-15
146.07055762768817,-7.113460298575918,9.120108393559109,-0.7000000000000008,1.100000000000002,-1.3683746586042549e-14
146.0702868641915,-7.1034292435386375,9.120108393559109,-0.7000000000000008,1.100000000000002,-7.368171238638296e-15
146.07001714735523,-7.093398240609433,9.120108393559109,-0.7000000000000008,1.1000000000000019,-8.420767129872338e-15
146.0697484771634,-7.083367289800621,9.120108393559109,-0.7000000000000008,1.100000000000002,0.0
146.06948085360006,-7.073336391124304,9.120108393559109,-0.700000000000001,1.1000000000000019,-6.315575347404253e-15
146.06921427664918,-7.063305544592721,9.120108393559109,-0.7000000000000008,1.1000000000000019,-1.2631150694808506e-14
146.0689487462948,-7.053274750218019,9.120108393559109,-0.7000000000000008,1.1000000000000016,-3.1577876737021266e-15
146.06868426252097,-7.0432440080123,9.120108393559109,-0.700000000000001,1.1000000000000019,-7.368171238638296e-15
146.06842082531168,-7.033213317987701,9.120108393559109,-0.700000000000001,1.100000000000002,-1.2631150694808506e-14
146.06815843465094,-7.023182680156135,9.120108393559107,-0.7000000000000008,1.1000000000000023,-6.315575347404253e-15
146.0678970905227,-7.013152094529665,9.120108393559107,-0.7000000000000008,1.100000000000002,-4.210383564936169e-15
146.06763679291103,-7.003121561120245,9.120108393559109,-0.7000000000000007,1.1000000000000019,-6.315575347404253e-15
146.06737754179983,-6.993091079939867,9.120108393559107,-0.7000000000000007,1.1000000000000019,-1.0525958912340423e-14
146.06711933717315,-6.983060651000296,9.120108393559107,-0.7000000000000007,1.1000000000000016,-5.2629794561702115e-15
146.06686217901492,-6.973030274313444,9.120108393559109,-0.7000000000000008,1.1000000000000014,-1.0525958912340423e-15
146.06660606730915,-6.962999949891137,9.120108393559107,-0.7000000000000008,1.100000000000002,-9.47336302110638e-15
146.06635100203974,-6.952969677745144,9.120108393559109,-0.7000000000000008,1.1000000000000014,-8.420767129872338e-15
146.0660969831907,-6.942939457887271,9.120108393559107,-0.7000000000000008,1.1000000000000016,-5.2629794561702115e-15
146.065844010746,-6.932909290329116,9.120108393559105,-0.7000000000000008,1.100000000000002,-1.6841534259744676e-14
146.06559208468946,-6.9228791750824,9.120108393559107,-0.7000000000000011,1.1000000000000014,-6.315575347404253e-15
146.06534120500515,-6.9128491121587565,9.120108393559109,-0.7000000000000006,1.100000000000002,-2.1051917824680845e-15
146.06509137167694,-6.9028191015698,9.120108393559107,-0.7000000000000008,1.100000000000002,-6.315575347404253e-15
146.06484258468882,-6.892789143327141,9.120108393559107,-0.7000000000000008,1.1000000000000019,-1.1578554803574466e-14
146.0645948440246,-6.882759237442193,9.120108393559109,-0.7000000000000007,1.1000000000000016,-2.1051917824680845e-15
146.06434814966832,-6.872729383926508,9.120108393559107,-0.700000000000001,1.1000000000000016,-1.0525958912340423e-14
146.0641025016038,-6.862699582791542,9.120108393559109,-0.7000000000000006,1.1000000000000016,-1.1578554803574466e-14
146.06385789981502,-6.852669834048772,9.120108393559105,-0.7000000000000008,1.100000000000002,-1.2631150694808506e-14
146.0636143442858,-6.842640137709466,9.120108393559107,-0.7000000000000008,1.1000000000000023,-1.3683746586042549e-14
146.06337183500008,-6.832610493785033,9.120108393559109,-0.7000000000000006,1.1000000000000016,-4.210383564936169e-15
146.06313037194175,-6.822580902286788,9.120108393559105,-0.7000000000000007,1.1000000000000019,-9.47336302110638e-15
146.0628899550947,-6.812551363226004,9.120108393559107,-0.7000000000000005,1.1000000000000014,-7.368171238638296e-15
146.06265058444276,-6.802521876613983,9.120108393559105,-0.7000000000000007,1.1000000000000016,-2.1051917824680845e-15
146.06241225996985,-6.7924924424618185,9.120108393559105,-0.7000000000000007,1.1000000000000016,-4.210383564936169e-15
146.06217498165987,-6.78246306078074,9.120108393559104,-0.7000000000000008,1.1000000000000019,-1.0525958912340423e-14
146.0619387494966,-6.772433731581878,9.120108393559104,-0.7000000000000008,1.100000000000002,-1.9999321933446802e-14
146.0617035634639,-6.762404454876337,9.120108393559105,-0.7000000000000008,1.1000000000000014,-9.47336302110638e-15
146.0614694235457,-6.7523752306752325,9.120108393559105,-0.7000000000000007,1.1000000000000019,-1.5788938368510635e-14
146.06123632972577,-6.742346058989492,9.120108393559105,-0.7000000000000007,1.1000000000000016,-1.0525958912340423e-14
146.06100428198798,-6.7323169398301586,9.120108393559104,-0.7000000000000008,1.1000000000000019,-5.2629794561702115e-15
146.06077328031617,-6.722287873208197,9.120108393559105,-0.7000000000000006,1.1000000000000019,-1.3683746586042549e-14
146.06054332469415,-6.712258859134526,9.120108393559104,-0.7000000000000006,1.1000000000000019,-6.315575347404253e-15
146.06031441510578,-6.702229897620093,9.120108393559104,-0.7000000000000008,1.1000000000000016,-1.7894130150978717e-14
146.06008655153482,-6.6922009886756415,9.120108393559105,-0.7000000000000006,1.100000000000002,-6.315575347404253e-15
146.05985973396514,-6.682172132312041,9.120108393559105,-0.7000000000000008,1.1000000000000016,0.0
146.05963396238056,-6.672143328540086,9.120108393559105,-0.7000000000000006,1.1000000000000016,-1.1578554803574466e-14
146.05940923676482,-6.662114577370574,9.120108393559105,-0.7000000000000007,1.1000000000000019,-1.2631150694808506e-14
146.05918555710173,-6.652085878814107,9.120108393559105,-0.7000000000000004,1.1000000000000014,-8.420767129872338e-15
146.05896292337513,-6.642057232881424,9.120108393559104,-0.7000000000000007,1.1000000000000019,-1.0525958912340423e-14
146.05874133556878,-6.63202863958317,9.120108393559104,-0.7000000000000007,1.1000000000000016,-8.420767129872338e-15
146.05852079366647,-6.62200009892995,9.120108393559104,-0.7000000000000006,1.1000000000000016,-1.3683746586042549e-14
146.05830129765195,-6.611971610932402,9.120108393559104,-0.7000000000000005,1.1000000000000014,-1.0525958912340423e-14
146.058082847509,-6.601943175600949,9.120108393559102,-0.7000000000000006,1.100000000000002,-2.1051917824680845e-15
146.05786544322146,-6.591914792946155,9.120108393559104,-0.7000000000000007,1.100000000000001,-1.3683746586042549e-14
146.05764908477303,-6.581886462978495,9.120108393559104,-0.7000000000000006,1.1000000000000016,-1.473634247727659e-14
146.05743377214742,-6.571858185708401,9.120108393559104,-0.7000000000000006,1.1000000000000016,-4.210383564936169e-15
146.05721950532845,-6.561829961146335,9.120108393559105,-0.7000000000000004,1.1000000000000016,-8.420767129872338e-15
146.0570062842999,-6.551801789302552,9.120108393559104,-0.7000000000000006,1.1000000000000012,-1.473634247727659e-14
146.0567941090454,-6.541773670187438,9.120108393559104,-0.7000000000000005,1.1000000000000016,-4.210383564936169e-15
146.05658297954878,-6.531745603811301,9.120108393559104,-0.7000000000000007,1.1000000000000014,-6.315575347404253e-15
146.05637289579374,-6.5217175901844575,9.120108393559102,-0.7000000000000008,1.1000000000000016,-1.0525958912340423e-14
146.056163857764,-6.511689629317023,9.120108393559104,-0.7000000000000007,1.1000000000000012,-2.1051917824680845e-15
146.05595586544334,-6.501661721219258,9.120108393559104,-0.7000000000000006,1.1000000000000014,-6.315575347404253e-15
146.0557489188154,-6.491633865901318,9.120108393559104,-0.7000000000000006,1.1000000000000014,-8.420767129872338e-15
146.05554301786393,-6.481606063373338,9.120108393559102,-0.7000000000000006,1.1000000000000014,-3.1577876737021266e-15
146.05533816257267,-6.471578313645463,9.120108393559102,-0.7000000000000006,1.1000000000000014,-1.0525958912340423e-14
146.05513435292525,-6.461550616727644,9.120108393559102,-0.7000000000000007,1.1000000000000016,-9.47336302110638e-15
146.05493158890542,-6.451522972629965,9.120108393559102,-0.7000000000000006,1.1000000000000014,-1.0525958912340423e-14
146.05472987049689,-6.44149538136242,9.120108393559102,-0.7000000000000006,1.100000000000001,-6.315575347404253e-15
146.0545291976833,-6.4314678429349605,9.120108393559102,-0.7000000000000006,1.1000000000000012,-1.473634247727659e-14
146.05432957044835,-6.421440357357574,9.120108393559102,-0.7000000000000006,1.1000000000000014,-6.315575347404253e-15
146.05413098877574,-6.4114129246400395,9.120108393559104,-0.7000000000000005,1.100000000000001,-1.2631150694808506e-14
146.05393345264912,-6.401385544792271,9.120108393559102,-0.7000000000000004,1.1000000000000014,-3.1577876737021266e-15
146.05373696205217,-6.39135821782409,9.120108393559102,-0.7000000000000005,1.1000000000000014,-3.1577876737021266e-15
146.05354151696858,-6.381330943745343,9.120108393559102,-0.7000000000000006,1.1000000000000012,-9.47336302110638e-15
146.05334711738197,-6.371303722565679,9.120108393559102,-0.7000000000000006,1.1000000000000008,-5.2629794561702115e-15
146.05315376327604,-6.361276554294873,9.120108393559102,-0.7000000000000005,1.1000000000000012,-1.1578554803574466e-14
146.0529614546344,-6.351249438942617,9.120108393559102,-0.7000000000000006,1.1000000000000014,-1.3683746586042549e-14
146.05277019144071,-6.341222376518562,9.1201083935591,-0.7000000000000006,1.1000000000000016,-1.1578554803574466e-14
146.05257997367863,-6.331195367032395,9.120108393559102,-0.7000000000000004,1.1000000000000012,-3.1577876737021266e-15
146.0523908013318,-6.321168410493588,9.120108393559102,-0.7000000000000006,1.1000000000000012,-5.2629794561702115e-15
146.05220267438386,-6.3111415069117545,9.120108393559104,-0.7000000000000005,1.1000000000000008,-1.3683746586042549e-14
146.05201559281838,-6.3011146562964235,9.120108393559098,-0.7000000000000006,1.1000000000000014,-1.0525958912340423e-14
146.05182955661903,-6.291087858657074,9.120108393559098,-0.7000000000000007,1.1000000000000012,-6.315575347404253e-15
146.05164456576944,-6.281061114003226,9.1201083935591,-0.7000000000000006,1.1000000000000012,-1.3683746586042549e-14
146.0514606202532,-6.271034422344191,9.120108393559102,-0.7000000000000004,1.100000000000001,-4.210383564936169e-15
146.05127772005395,-6.261007783689414,9.1201083935591,-0.7000000000000006,1.1000000000000012,-1.894672604221276e-14
146.05109586515525,-6.250981198048255,9.1201083935591,-0.7000000000000006,1.1000000000000012,-1.0525958912340423e-14
146.05091505554077,-6.240954665430089,9.1201083935591,-0.7000000000000004,1.1000000000000012,-1.2631150694808506e-14
146.05073529119403,-6.2309281858441,9.1201083935591,-0.7000000000000005,1.1000000000000012,-1.473634247727659e-14
146.05055657209869,-6.220901759299603,9.120108393559098,-0.7000000000000006,1.1000000000000014,-1.6841534259744676e-14
146.0503788982383,-6.210875385805823,9.120108393559102,-0.7000000000000004,1.100000000000001,-1.1578554803574466e-14
146.05020226959647,-6.200849065371956,9.1201083935591,-0.7000000000000005,1.1000000000000014,-8.420767129872338e-15
