galstreams/tracks/track.st.Phlegethon.ibata2021.ecsv
# %ECSV 0.9
# ---
# datatype:
# - {name: ra, unit: deg, datatype: float64}
# - {name: dec, unit: deg, datatype: float64}
# - {name: distance, unit: kpc, datatype: float64}
# - {name: pm_ra_cosdec, unit: mas / yr, datatype: float64}
# - {name: pm_dec, unit: mas / yr, datatype: float64}
# - {name: radial_velocity, unit: km / s, datatype: float64}
# delimiter: ','
# meta: !!omap
# - __serialized_columns__:
#     dec:
#       __class__: astropy.coordinates.angles.Latitude
#       unit: &id001 !astropy.units.Unit {unit: deg}
#       value: !astropy.table.SerializedColumn {name: dec}
#     distance:
#       __class__: astropy.coordinates.distances.Distance
#       unit: !astropy.units.Unit {unit: kpc}
#       value: !astropy.table.SerializedColumn {name: distance}
#     pm_dec:
#       __class__: astropy.units.quantity.Quantity
#       unit: !astropy.units.Unit {unit: mas / yr}
#       value: !astropy.table.SerializedColumn {name: pm_dec}
#     pm_ra_cosdec:
#       __class__: astropy.units.quantity.Quantity
#       unit: !astropy.units.Unit {unit: mas / yr}
#       value: !astropy.table.SerializedColumn {name: pm_ra_cosdec}
#     ra:
#       __class__: astropy.coordinates.angles.Longitude
#       unit: *id001
#       value: !astropy.table.SerializedColumn {name: ra}
#       wrap_angle: !astropy.coordinates.Angle
#         unit: *id001
#         value: 360.0
#     radial_velocity:
#       __class__: astropy.units.quantity.Quantity
#       unit: !astropy.units.Unit {unit: km / s}
#       value: !astropy.table.SerializedColumn {name: radial_velocity}
# schema: astropy-2.0
ra,dec,distance,pm_ra_cosdec,pm_dec,radial_velocity
[from data line 1376]
319.6831599451198,-35.16612995927928,3.337124774291783,-4.52586018362464,-37.13516601956856,2.3578147963642546e-13
319.68605639122455,-35.15624913568334,3.3370200495590825,-4.5241968024634245,-37.13712871540703,2.020984111169361e-13
319.6889513131031,-35.14636814124827,3.3369153497143187,-4.522533628142922,-37.139088443421805,1.6841534259744677e-13
319.6918447116834,-35.13648697611018,3.3368106748078934,-4.520870660652617,-37.141045204185254,1.6841534259744677e-13
319.6947365878931,-35.12660564040486,3.3367060248902116,-4.5192078999817715,-37.142998998269654,2.020984111169361e-13
319.6976269426588,-35.11672413426822,3.3366014000116766,-4.517545346119489,-37.144949826247206,1.0104920555846805e-13
319.7005157769068,-35.10684245783577,3.336496800222692,-4.515882999054646,-37.14689768869001,1.0104920555846805e-13
319.70340309156256,-35.096960611243084,3.336392225573663,-4.51422085877598,-37.14884258617009,2.020984111169361e-13
319.70628888755095,-35.087078594625595,3.336287676114992,-4.512558925272035,-37.15078451925937,2.020984111169361e-13
319.70917316579636,-35.07719640811845,3.3361831518970835,-4.51089719853112,-37.152723488529716,2.694645481559148e-13
319.71205592722225,-35.06731405185685,3.336078652970341,-4.509235678541404,-37.154659494552874,2.694645481559148e-13
319.7149371727517,-35.05743152597565,3.3359741793851683,-4.507574365290841,-37.15659253790052,6.73661370389787e-14
319.71781690330704,-35.047548830609784,3.33586973119197,-4.505913258767261,-37.158522619144264,2.020984111169361e-13
319.72069511981,-35.03766596589399,3.3357653084411476,-4.504252358958198,-37.16044973885561,6.73661370389787e-14
319.72357182318166,-35.027782931962754,3.3356609111831084,-4.502591665851117,-37.16237389760596,2.020984111169361e-13
319.72644701434245,-35.01789972895061,3.335556539468253,-4.5009311794332385,-37.164295095966644,1.0104920555846805e-13
319.7293206942122,-35.008016356991774,3.335452193346987,-4.499270899691602,-37.16621333450892,2.3578147963642546e-13
319.73219286371017,-34.998132816220526,3.3353478728697126,-4.49761082661306,-37.16812861380393,2.020984111169361e-13
319.7350635237549,-34.98824910677081,3.3352435780868355,-4.495950960184316,-37.17004093442279,2.020984111169361e-13
319.73793267526423,-34.97836522877658,3.3351393090487584,-4.494291300391835,-37.171950296936444,2.020984111169361e-13
319.7408003191556,-34.9684811823717,3.3350350658058856,-4.492631847221963,-37.17385670191581,2.3578147963642546e-13
319.74366645634564,-34.95859696768968,3.3349308484086206,-4.490972600660806,-37.17576014993169,1.0104920555846805e-13
319.7465310877503,-34.94871258486412,3.3348266569073672,-4.489313560694341,-37.177660641554866,2.3578147963642546e-13
319.7493942142852,-34.93882803402843,3.3347224913525286,-4.487654727308328,-37.17955817735593,1.347322740779574e-13
319.7522558368649,-34.9289433153158,3.33461835179451,-4.485996100488358,-37.181452757905454,2.020984111169361e-13
319.7551159564037,-34.91905842885942,3.334514238283714,-4.484337680219844,-37.183344383773914,2.694645481559148e-13
319.75797457381515,-34.909173374792196,3.3344101508705446,-4.482679466487991,-37.185233055531704,6.73661370389787e-14
319.760831690012,-34.8992881532471,3.334306089605406,-4.48102145927791,-37.18711877374912,2.694645481559148e-13
319.76368730590684,-34.88940276435673,3.3342020545387023,-4.479363658574403,-37.18900153899638,1.6841534259744677e-13
319.766541422411,-34.87951720825376,3.334098045720836,-4.477706064362208,-37.19088135184361,1.6841534259744677e-13
319.76939404043577,-34.86963148507071,3.3339940632022125,-4.476048676625837,-37.19275821286085,2.020984111169361e-13
319.7722451608914,-34.85974559493981,3.333890107033234,-4.474391495349615,-37.19463212261809,2.3578147963642546e-13
319.7750947846878,-34.84985953799331,3.3337861772643054,-4.472734520517693,-37.19650308168517,1.0104920555846805e-13
319.77794291273403,-34.839973314363355,3.3336822739458296,-4.471077752114074,-37.198371090631895,1.6841534259744677e-13
319.7807895459387,-34.830086924181785,3.3335783971282122,-4.469421190122555,-37.20023615002795,1.0104920555846805e-13
319.7836346852097,-34.82020036758052,3.333474546861855,-4.467764834526788,-37.20209826044296,2.020984111169361e-13
319.7864783314543,-34.81031364469113,3.3333707231971625,-4.466108685310197,-37.20395742244648,1.0104920555846805e-13
319.7893204855793,-34.80042675564529,3.3332669261845393,-4.464452742456076,-37.20581363660793,2.020984111169361e-13
319.79216114849066,-34.79053970057431,3.3331631558743875,-4.462797005947543,-37.20766690349669,1.6841534259744677e-13
319.7950003210939,-34.78065247960955,3.3330594123171124,-4.461141475767495,-37.209517223682006,1.6841534259744677e-13
319.7978380042937,-34.77076509288224,3.3329556955631165,-4.459486151898724,-37.211364597733095,2.020984111169361e-13
319.8006741989944,-34.760877540523296,3.3328520056628053,-4.45783103432379,-37.21320902621905,1.0104920555846805e-13
319.8035089060995,-34.7509898226637,3.332748342666581,-4.456176123025119,-37.215050509708895,2.020984111169361e-13
319.80634212651205,-34.74110193943427,3.3326447066248486,-4.454521417984928,-37.216889048771556,2.3578147963642546e-13
319.8091738611343,-34.73121389096555,3.332541097588011,-4.452866919185293,-37.218724643975904,2.020984111169361e-13
319.81200411086803,-34.721325677388194,3.332437515606471,-4.451212626608102,-37.22055729589069,2.3578147963642546e-13
319.8148328766144,-34.711437298832465,3.3323339607306357,-4.449558540235068,-37.22238700508458,1.347322740779574e-13
319.81766015927377,-34.70154875542875,3.3322304330109063,-4.44790466004776,-37.224213772126184,1.347322740779574e-13
319.8204859597462,-34.69166004730708,3.3321269324976863,-4.446250986027548,-37.226037597583996,1.6841534259744677e-13
319.8233102789308,-34.681771174597515,3.332023459241382,-4.444597518155614,-37.227858482026456,2.3578147963642546e-13
319.8261331177264,-34.67188213742999,3.3319200132923945,-4.442944256413029,-37.229676426021896,2.3578147963642546e-13
319.82895447703095,-34.66199293593415,3.331816594701129,-4.4412912007806185,-37.231491430138576,6.73661370389787e-14
319.8317743577418,-34.652103570239746,3.331713203517989,-4.439638351239143,-37.23330349494465,1.0104920555846805e-13
319.8345927607558,-34.64221404047615,3.3316098397933787,-4.437985707769082,-37.2351126210082,1.6841534259744677e-13
319.83740968696924,-34.6323243467728,3.331506503577701,-4.436333270350809,-37.23691880889725,1.6841534259744677e-13
319.8402251372776,-34.62243448925899,3.33140319492136,-4.434681038964514,-37.23872205917967,1.0104920555846805e-13
319.8430391125759,-34.612544468063724,3.33129991387476,-4.433029013590243,-37.24052237242334,1.6841534259744677e-13
319.8458516137586,-34.60265428331611,3.3311966604883034,-4.431377194207823,-37.24231974919597,2.020984111169361e-13
319.84866264171933,-34.592763935144916,3.3310934348123964,-4.4297255807969504,-37.24411419006525,2.3578147963642546e-13
319.85147219735137,-34.5828734236789,3.3309902368974416,-4.428074173337147,-37.24590569559869,2.020984111169361e-13
319.8542802815471,-34.57298274904674,3.3308870667938417,-4.4264229718077726,-37.24769426636385,2.020984111169361e-13
319.85708689519856,-34.563091911376816,3.3307839245520015,-4.424771976188032,-37.249479902928115,1.347322740779574e-13
319.859892039197,-34.5532009107976,3.330680810222325,-4.423121186456942,-37.25126260585878,2.694645481559148e-13
319.86269571443313,-34.54330974743719,3.3305777238552157,-4.421470602593359,-37.25304237572309,1.347322740779574e-13
319.86549792179716,-34.53341842142376,3.3304746655010775,-4.419820224575975,-37.2548192130882,1.347322740779574e-13
319.8682986621785,-34.52352693288536,3.330371635210314,-4.418170052383324,-37.256593118521195,1.347322740779574e-13
319.871097936466,-34.5136352819497,3.330268633033329,-4.416520085993795,-37.25836409258903,2.3578147963642546e-13
319.87389574554805,-34.503743468744645,3.330165659020527,-4.414870325385563,-37.260132135858605,1.0104920555846805e-13
319.87669209031236,-34.49385149339767,3.330062713222311,-4.413220770536677,-37.26189724889676,1.6841534259744677e-13
319.87948697164586,-34.483959356036316,3.329959795689085,-4.411571421425012,-37.263659432270174,1.0104920555846805e-13
319.88228039043514,-34.47406705678797,3.329856906471252,-4.409922278028294,-37.265418686545544,1.6841534259744677e-13
319.885072347566,-34.46417459577978,3.3297540456192176,-4.408273340324074,-37.26717501228939,1.6841534259744677e-13
319.8878628439237,-34.45428197313893,3.329651213183384,-4.406624608289752,-37.26892841006821,1.6841534259744677e-13
319.8906518803929,-34.4443891889923,3.329548409214156,-4.4049760819025465,-37.27067888044837,1.6841534259744677e-13
319.8934394578577,-34.43449624346678,3.3294456337619365,-4.403327761139531,-37.272426423996194,2.020984111169361e-13
319.8962255772016,-34.42460313668918,3.32934288687713,-4.401679645977597,-37.27417104127791,2.694645481559148e-13
319.89901023930736,-34.41470986878594,3.329240168610141,-4.400031736393524,-37.27591273285964,1.6841534259744677e-13
319.90179344505725,-34.4048164398837,3.329137479011371,-4.3983840323639125,-37.27765149930743,1.6841534259744677e-13
319.904575195333,-34.394922850108685,3.3290348181312255,-4.396736533865134,-37.27938734118727,1.347322740779574e-13
319.90735549101555,-34.38502909958717,3.328932186020108,-4.395089240873503,-37.281120259065034,1.0104920555846805e-13
319.9101343329854,-34.37513518844533,3.3288295827284236,-4.393442153365132,-37.28285025350651,6.73661370389787e-14
319.9129117221224,-34.36524111680902,3.328727008306574,-4.391795271315996,-37.284577325077436,2.3578147963642546e-13
319.91568765930583,-34.35534688480421,3.328624462804962,-4.390148594701828,-37.28630147434345,1.6841534259744677e-13
319.9184621454143,-34.34545249255653,3.328521946273995,-4.388502123498332,-37.28802270187006,1.0104920555846805e-13
319.9212351813259,-34.33555794019166,3.3284194587640745,-4.386855857680955,-37.28974100822278,2.020984111169361e-13
319.9240067679182,-34.325663227835115,3.3283170003256046,-4.385209797225029,-37.29145639396696,1.0104920555846805e-13
319.92677690606786,-34.31576835561216,3.32821457100899,-4.383563942105731,-37.29316885966789,6.73661370389787e-14
319.9295455966512,-34.30587332364814,3.3281121708646326,-4.381918292298059,-37.2948784058908,6.73661370389787e-14
319.93231284054406,-34.295978132068086,3.328009799942938,-4.3802728477768955,-37.29658503320081,2.3578147963642546e-13
319.9350786386213,-34.28608278099701,3.327907458294309,-4.37862760851693,-37.298288742162974,3.031476166754042e-13
319.9378429917575,-34.27618727055986,3.32780514596915,-4.376982574492723,-37.299989533342234,2.3578147963642546e-13
319.9406059008266,-34.26629160088128,3.3277028630178633,-4.375337745678646,-37.301687407303476,1.6841534259744677e-13
319.9433673667018,-34.256395772086,3.3276006094908555,-4.373693122048941,-37.3033823646115,2.020984111169361e-13
319.94612739025587,-34.246499784298415,3.3274983854385285,-4.372048703577718,-37.30507440583099,1.6841534259744677e-13
319.94888597236087,-34.236603637642965,3.327396190911286,-4.370404490238908,-37.30676353152661,2.020984111169361e-13
319.95164311388834,-34.22670733224396,3.327294025959532,-4.368760482006254,-37.30844974226289,1.347322740779574e-13
319.9543988157092,-34.216810868225444,3.3271918906336713,-4.367116678853414,-37.31013303860425,1.6841534259744677e-13
319.9571530786938,-34.20691424571153,3.3270897849841066,-4.365473080753857,-37.311813421115104,1.0104920555846805e-13
319.95990590371184,-34.197017464826004,3.3269877090612416,-4.363829687680909,-37.31349089035973,1.347322740779574e-13
319.9626572916325,-34.18712052569269,3.32688566291548,-4.362186499607747,-37.31516544690234,1.347322740779574e-13
319.96540724332436,-34.17722342843532,3.3267836465972263,-4.36054351650738,-37.316837091307065,2.694645481559148e-13
319.96815575965536,-34.16732617317728,3.3266816601568854,-4.3589007383526805,-37.318505824137915,1.6841534259744677e-13
319.9709028414929,-34.157428760042116,3.3265797036448586,-4.357258165116388,-37.32017164595887,1.0104920555846805e-13
319.97364848970375,-34.14753118915299,3.3264777771115503,-4.355615796771037,-37.321834557333794,1.6841534259744677e-13
319.9763927051541,-34.137633460633204,3.326375880607366,-4.35397363328908,-37.32349455882649,2.3578147963642546e-13
319.9791354887097,-34.12773557460567,3.3262740141827076,-4.352331674642767,-37.325151651000645,2.3578147963642546e-13
319.9818768412354,-34.11783753119338,3.3261721778879805,-4.350689920804228,-37.326805834419886,2.020984111169361e-13
319.9846167635958,-34.10793933051919,3.3260703717735876,-4.349048371745435,-37.328457109647765,6.73661370389787e-14
319.9873552566546,-34.09804097270569,3.3259685958899325,-4.3474070274382255,-37.33010547724773,1.347322740779574e-13
319.99009232127526,-34.08814245787548,3.325866850287419,-4.3457658878542516,-37.33175093778315,1.347322740779574e-13
319.99282795832033,-34.078243786151084,3.325765135016451,-4.344124952965073,-37.33339349181732,6.73661370389787e-14
319.9955621686519,-34.0683449576547,3.3256634501274327,-4.34248422274207,-37.33503313991344,1.347322740779574e-13
319.99829495313156,-34.05844597250865,3.3255617956707666,-4.340843697156471,-37.336669882634645,1.6841534259744677e-13
320.0010263126202,-34.04854683083491,3.325460171696859,-4.3392033761793565,-37.33830372054396,2.3578147963642546e-13
320.00375624797823,-34.03864753275555,3.325358578256112,-4.337563259781692,-37.339934654204356,2.020984111169361e-13
320.0064847600654,-34.02874807839231,3.325257015398929,-4.335923347934255,-37.3415626841787,1.0104920555846805e-13
320.0092118497408,-34.01884846786699,3.3251554831757137,-4.334283640607723,-37.343187811029786,1.6841534259744677e-13
320.01193751786315,-34.00894870130122,3.3250539816368714,-4.332644137772597,-37.34481003532031,1.347322740779574e-13
320.01466176529044,-33.9990487788164,3.324952510832806,-4.33100483939923,-37.3464293576129,1.6841534259744677e-13
320.01738459288003,-33.98914870053395,3.3248510708139185,-4.329365745457866,-37.348045778470116,2.694645481559148e-13
320.02010600148895,-33.97924846657518,3.3247496616306162,-4.327726855918549,-37.349659298454384,1.6841534259744677e-13
320.0228259919734,-33.969348077061106,3.324648283333301,-4.326088170751237,-37.35126991812811,1.6841534259744677e-13
320.02554456518897,-33.95944753211286,3.324546935972377,-4.324449689925721,-37.35287763805357,6.73661370389787e-14
320.02826172199093,-33.94954683185124,3.3244456195982472,-4.32281141341165,-37.35448245879298,2.3578147963642546e-13
320.03097746323374,-33.93964597639709,3.3243443342613164,-4.3211733411785085,-37.356084380908484,1.347322740779574e-13
320.0336917897714,-33.929744965871,3.3242430800119886,-4.319535473195681,-37.35768340496209,1.6841534259744677e-13
320.03640470245733,-33.91984380039355,3.324141856900667,-4.317897809432386,-37.359279531515796,0.0
320.03911620214427,-33.90994248008523,3.3240406649777556,-4.316260349857709,-37.360872761131446,2.694645481559148e-13
320.0418262896844,-33.90004100506621,3.3239395042936573,-4.314623094440587,-37.36246309437087,2.020984111169361e-13
320.04453496592964,-33.89013937545675,3.3238383748987785,-4.312986043149789,-37.364050531795755,1.347322740779574e-13
320.04724223173076,-33.880237591376975,3.3237372768435196,-4.311349195954028,-37.365635073967745,1.347322740779574e-13
320.04994808793845,-33.87033565294672,3.323636210178287,-4.309712552821784,-37.3672167214484,3.368306851948935e-14
320.05265253540256,-33.86043356028594,3.3235351749534825,-4.3080761137214605,-37.36879547479916,1.6841534259744677e-13
320.05535557497245,-33.85053131351423,3.323434171219512,-4.306439878621293,-37.37037133458142,2.3578147963642546e-13
320.058057207497,-33.84062891275131,3.323333199026778,-4.3048038474893735,-37.37194430135648,2.020984111169361e-13
320.0607574338243,-33.83072635811656,3.323232258425684,-4.303168020293671,-37.37351437568557,1.6841534259744677e-13
