galstreams/tracks/track.st.NGC3201-Gjoll.ibata2021.ecsv
# %ECSV 1.0
# ---
# datatype:
# - {name: ra, unit: deg, datatype: float64}
# - {name: dec, unit: deg, datatype: float64}
# - {name: distance, unit: kpc, datatype: float64}
# - {name: pm_ra_cosdec, unit: mas / yr, datatype: float64}
# - {name: pm_dec, unit: mas / yr, datatype: float64}
# - {name: radial_velocity, unit: km / s, datatype: float64}
# delimiter: ','
# meta: !!omap
# - __serialized_columns__:
#     dec:
#       __class__: astropy.coordinates.angles.Latitude
#       unit: &id001 !astropy.units.Unit {unit: deg}
#       value: !astropy.table.SerializedColumn {name: dec}
#     distance:
#       __class__: astropy.coordinates.distances.Distance
#       unit: !astropy.units.Unit {unit: kpc}
#       value: !astropy.table.SerializedColumn {name: distance}
#     pm_dec:
#       __class__: astropy.units.quantity.Quantity
#       unit: !astropy.units.Unit {unit: mas / yr}
#       value: !astropy.table.SerializedColumn {name: pm_dec}
#     pm_ra_cosdec:
#       __class__: astropy.units.quantity.Quantity
#       unit: !astropy.units.Unit {unit: mas / yr}
#       value: !astropy.table.SerializedColumn {name: pm_ra_cosdec}
#     ra:
#       __class__: astropy.coordinates.angles.Longitude
#       unit: *id001
#       value: !astropy.table.SerializedColumn {name: ra}
#       wrap_angle: !astropy.coordinates.Angle
#         unit: *id001
#         value: 360.0
#     radial_velocity:
#       __class__: astropy.units.quantity.Quantity
#       unit: !astropy.units.Unit {unit: km / s}
#       value: !astropy.table.SerializedColumn {name: radial_velocity}
# schema: astropy-2.0
ra,dec,distance,pm_ra_cosdec,pm_dec,radial_velocity
[from data line 286]
66.9029515673905,0.3262315993088991,3.8356277118043054,18.88376238121341,-19.683121558284657,-74.88985247497135
66.91004399013272,0.3191716198119086,3.8352761776961213,18.887720619124593,-19.687557992505315,-74.82849174727308
66.91713653493895,0.3121117742670986,3.8349247828972137,18.89167689075893,-19.69199184910024,-74.76712037566406
66.92422920197345,0.3050520627294914,3.834573527382435,18.895631196682135,-19.69642312824254,-74.70573836290832
66.9313219914005,0.29799248525414174,3.8342224111266434,18.899583537459677,-19.700851830105414,-74.64434571176939
66.93841490338437,0.29093304189609775,3.833871434104692,18.90353391365686,-19.705277954862296,-74.58294242501132
66.94550793808932,0.2838737327104255,3.8335205962914367,18.90748232583882,-19.709701502686723,-74.521528505398
66.95260109567965,0.2768145577521941,3.833169897661734,18.911428774570467,-19.714122473752425,-74.46010395569306
66.9596943763196,0.26975551707649825,3.8328193381904363,18.915373260416562,-19.718540868233283,-74.39866877866046
66.96678778017346,0.2626966107384348,3.832468917852401,18.919315783941634,-19.722956686303338,-74.33722297706392
66.97388130740548,0.2556378387931027,3.832118636622482,18.92325634571007,-19.72736992813679,-74.27576655366725
66.98097495817994,0.24857920129562985,3.831768494475534,18.927194946286043,-19.73178059390801,-74.21429951123442
66.9880687326611,0.24152069830114248,3.831418491386413,18.931131586233555,-19.736188683791514,-74.15282185252921
66.99516263101323,0.23446232986478915,3.831068627329974,18.935066266116383,-19.740594197961986,-74.09133358031544
67.0022566534006,0.2274040960417002,3.8307189022810713,18.93899898649816,-19.744997136594282,-74.0298346973569
67.00935079998746,0.2203459968870579,3.83036931621456,18.942929747942316,-19.7493974998634,-73.96832520641753
67.01644507093809,0.21328803245602249,3.8300198691052976,18.94685855101208,-19.753795287944495,-73.9068051102609
67.02353946641675,0.20623020280378654,3.829670560928137,18.95078539627051,-19.758190501012887,-73.84527441165103
67.03063398658772,0.19917250798554026,3.829321391657933,18.954710284280495,-19.7625831392441,-73.7837331133518
67.03772863161524,0.19211494805649268,3.8289723612695408,18.958633215604674,-19.766973202813745,-73.72218121812693
67.04482340166358,0.185057523071854,3.8286234697378174,18.962554190805566,-19.771360691897634,-73.66061872874033
67.051918296897,0.17800023308685586,3.8282747170376163,18.96647321044546,-19.775745606671737,-73.59904564795569
67.05901331747977,0.17094307815673795,3.827926103143793,18.97039027508648,-19.780127947312167,-73.53746197853697
67.06610846357614,0.1638860583367411,3.827577628031202,18.974305385290542,-19.784507713995232,-73.475867723248
67.07320373535039,0.15682917368213434,3.827229291674699,18.978218541619402,-19.78888490689736,-73.41426288485246
67.08029913296677,0.14977242424818424,3.826881094049139,18.982129744634612,-19.793259526195165,-73.35264746611438
67.08739465658955,0.14271581009016857,3.8265330351293767,18.98603899489753,-19.797631572065402,-73.29102146979743
67.09449030638302,0.13565933126334614,3.8261851148902686,18.989946292969332,-19.80200104468499,-73.22938489866539
67.1015860825113,0.12860298782314636,3.825837333306668,18.993851639411034,-19.806367944231027,-73.16773775548236
67.10868198513886,0.12154677982470344,3.8254896903534314,18.997755034783413,-19.81073227088075,-73.10608004301193
67.11577801442981,0.11449070732347534,3.8251421860054124,19.001656479647107,-19.815094024811554,-73.04441176401804
67.12287417054844,0.10743477037476079,3.824794820237468,19.005555974562537,-19.819453206201015,-72.98273292126436
67.12997045365903,0.10037896903389937,3.824447593024453,19.00945352008994,-19.823809815226838,-72.92104351751487
67.1370668639258,0.09332330335626095,3.82410050434122,19.013349116789392,-19.828163852066922,-72.85934355553347
67.14416340151305,0.08626777339719632,3.823753554162627,19.017242765220743,-19.832515316899286,-72.79763303808372
67.15126006658504,0.07921237921209998,3.823406742463528,19.021134465943696,-19.836864209902146,-72.7359119679297
67.158356859306,0.07215712085635977,3.8230600692187777,19.025024219517725,-19.84121053125384,-72.67418034783512
67.16545377984019,0.06510199838537462,3.8227135344032317,19.028912026502155,-19.84555428113291,-72.61243818056383
67.17255082835187,0.05804701185455613,3.8223671379917445,19.032797887456088,-19.849895459718006,-72.5506854688797
67.17964800500532,0.05099216131932703,3.822020879959173,19.036681802938485,-19.854234067187978,-72.48892221554644
67.18674530996476,0.043937446835136236,3.821674760280369,19.040563773508076,-19.858570103721814,-72.42714842332802
67.19384274339447,0.03688286845740644,3.8213287789301913,19.04444379972344,-19.86290356949868,-72.36536409498821
67.20094030545872,0.029828426241606556,3.820982935883493,19.048321882142922,-19.86723446469786,-72.30356923329076
67.20803799632174,0.02277412024320587,3.82063723111513,19.052198021324728,-19.87156278949884,-72.2417638409995
67.21513581614776,0.015719950517679954,3.820291664599956,19.05607221782686,-19.875888544081253,-72.17994792087849
67.22223376510111,0.008665917120517624,3.8199462363128274,19.059944472207132,-19.880211728624865,-72.11812147569121
67.22933184334599,0.0016120201072175404,3.8196009462285994,19.06381478502315,-19.884532343309637,-72.05628450820171
67.23643005104667,-0.005441740466698886,3.8192557943221255,19.067683156832395,-19.88885038831568,-71.99443702117385
67.2435283883674,-0.012495364545727205,3.8189107805682636,19.07154958819208,-19.89316586382324,-71.93257901737137
67.25062685547243,-0.019548852074320174,3.8185659049418645,19.07541407965932,-19.897478770012754,-71.8707104995582
67.25772545252605,-0.026602202996937403,3.818221167417788,19.079276631790943,-19.90178910706478,-71.80883147049792
67.26482417969245,-0.0336554172580196,3.817876567970886,19.083137245143675,-19.90609687516007,-71.74694193295467
67.27192303713596,-0.040708494802011136,3.817532106576016,19.08699592027401,-19.91040207447951,-71.68504188969195
67.2790220250208,-0.04776143557331733,3.8171877832080305,19.09085265773829,-19.914704705204162,-71.62313134347386
67.2861211435112,-0.05481423951637067,3.8168435978417867,19.094707458092625,-19.91900476751523,-71.56121029706414
67.29322039277146,-0.06186690657555477,3.816499550452139,19.098560321892975,-19.92330226159408,-71.49927875322653
67.3003197729658,-0.06891943669526744,3.816155641013942,19.1024112496951,-19.92759718762225,-71.43733671472498
67.3074192842585,-0.0759718298198876,3.8158118695020513,19.10626024205458,-19.931889545781427,-71.37538418432324
67.31451892681383,-0.08302408589381162,3.815468235891322,19.110107299526803,-19.936179336253428,-71.31342116478527
67.321618700796,-0.0900762048613306,3.815124740156609,19.113952422666976,-19.940466559220294,-71.25144765887468
67.32871860636926,-0.09712818666682342,3.814781382272768,19.1177956120301,-19.944751214864148,-71.18946366935552
67.33581864369789,-0.10418003125462341,3.814438162214653,19.121636868171024,-19.94903330336732,-71.12746919899152
67.34291881294615,-0.11123173856905226,3.81409507995712,19.125476191644374,-19.953312824912285,-71.0654642505464
67.35001911427831,-0.11828330855442593,3.8137521354750237,19.129313583004624,-19.95758977968167,-71.00344882678405
67.35711954785856,-0.12533474115504578,3.8134093287432194,19.133149042806043,-19.961864167858263,-70.94142293046843
67.36422011385123,-0.1323860363151973,3.813066659736562,19.136982571602715,-19.966135989625013,-70.87938656436327
67.37132081242052,-0.13943719397916482,3.812724128429907,19.140814169948534,-19.970405245165026,-70.8173397312324
67.37842164373072,-0.14648821409121415,3.812381734798108,19.144643838397222,-19.974671934661554,-70.75528243383967
67.38552260794607,-0.15353909659559947,3.8120394788160232,19.1484715775023,-19.978936058298025,-70.69321467494882
67.39262370523082,-0.16058984143657004,3.8116973604585054,19.152297387817114,-19.983197616258,-70.63113645732379
67.39972493574925,-0.16764044855835727,3.811355379700409,19.156121269894815,-19.98745660872522,-70.56904778372828
67.4068262996656,-0.17469091790519067,3.811013536516592,19.159943224288376,-19.991713035883574,-70.50694865692637
67.41392779714411,-0.18174124942126893,3.810671830881906,19.163763251550584,-19.995966897917114,-70.44483907968153
67.42102942834907,-0.1887914430508091,3.810330262771209,19.16758135223403,-20.000218195010035,-70.38271905475777
67.4281311934447,-0.19584149873799073,3.809988832159354,19.171397526891138,-20.004466927346705,-70.3205885849191
67.43523309259528,-0.20289141642700176,3.8096475390211975,19.17521177607411,-20.008713095111627,-70.25844767292904
67.44233512596507,-0.20994119606199937,3.809306383331594,19.179024100335006,-20.012956698489486,-70.19629632155156
67.4494372937183,-0.21699083758714635,3.8089653650653985,19.182834500225685,-20.01719773766511,-70.13413453355055
67.45653959601927,-0.22404034094658118,3.8086244841974666,19.186642976297797,-20.02143621282348,-70.07196231168966
67.4636420330322,-0.23108970608445822,3.8082837407026537,19.190449529102835,-20.02567212414975,-70.00977965873282
67.47074460492135,-0.2381389329448793,3.807943134555814,19.19425415919209,-20.029905471829213,-69.94758657744397
67.47784731185101,-0.24518802147196547,3.8076026657318027,19.198056867116684,-20.03413625604733,-69.88538307058668
67.4849501539854,-0.252236971609817,3.807262334205475,19.20185765342754,-20.038364476989713,-69.82316914092509
67.4920531314888,-0.25928578330252405,3.8069221399516864,19.205656518675397,-20.042590134842133,-69.76094479122267
67.49915624452545,-0.26633445649416215,3.806582082945292,19.2094534634108,-20.046813229790512,-69.69871002424365
67.50625949325965,-0.2733829911288038,3.806242163161146,19.213248488184135,-20.051033762020943,-69.63646484275147
67.51336287785561,-0.28043138715049876,3.805902380574104,19.21704159354558,-20.055251731719654,-69.57420924951032
67.52046639847767,-0.2874796445033369,3.8055627351590218,19.220832780045125,-20.05946713907304,-69.51194324728358
67.52757005528994,-0.29452776313123386,3.805223226890754,19.224622048232582,-20.063679984267647,-69.44966683883554
67.53467384845686,-0.3015757429783712,3.8048838557441553,19.2284093986576,-20.067890267490203,-69.38738002692963
67.54177777814256,-0.3086235839886343,3.804544621694081,19.232194831869595,-20.072097988927556,-69.32508281433006
67.54888184451134,-0.31567128610607204,3.8042055247153868,19.235978348417838,-20.076303148766712,-69.26277520380047
67.55598604772747,-0.32271884927467015,3.8038665647829273,19.23975994885139,-20.080505747194874,-69.20045719810459
67.5630903879552,-0.329766273438401,3.8035277418715565,19.243539633719152,-20.084705784399357,-69.1381288000064
67.57019486535881,-0.33681355854124373,3.8031890559561323,19.247317403569802,-20.08890326056764,-69.0757900122697
67.57729948010257,-0.34386070452714246,3.8028505070115073,19.25109325895188,-20.09309817588738,-69.01344083765821
67.5844042323507,-0.350907711340042,3.802512095012537,19.254867200413702,-20.097290530546374,-68.95108127893596
67.59150912226751,-0.3579545789238819,3.8021738199340787,19.25863922850341,-20.101480324732567,-68.88871133886656
67.59861415001723,-0.3650013072225829,3.8018356817509837,19.262409343768976,-20.105667558634075,-68.82633102021398
67.60571931576416,-0.37204789618005357,3.8014976804381098,19.266177546758165,-20.109852232439152,-68.76394032574203
67.61282461967252,-0.3790943457401937,3.8011598159703115,19.26994383801856,-20.114034346336226,-68.70153925821445
67.61993006190662,-0.38614065584689156,3.8008220883224437,19.27370821809758,-20.118213900513883,-68.63912782039512
67.6270356426307,-0.39318682644402125,3.800484497469362,19.277470687542433,-20.122390895160823,-68.57670601504789
67.63414136200903,-0.4002328574754527,3.8001470433859215,19.281231246900155,-20.126565330465954,-68.51427384493662
67.6412472202059,-0.40727874888503623,3.799809726046977,19.2849898967176,-20.130737206618328,-68.45183131282504
67.64835321738555,-0.41432450061662035,3.799472545427382,19.28874663754144,-20.134906523807125,-68.38937842147689
67.65545935371225,-0.42137011261403184,3.7991355015019943,19.29250146991814,-20.139073282221695,-68.32691517365643
67.6625656293503,-0.4284155848210927,3.7987985942456675,19.296254394393998,-20.143237482051546,-68.26444157212696
67.66967204446391,-0.43546091718161173,3.7984618236332572,19.30000541151512,-20.14739912348634,-68.2019576196527
67.67677859921741,-0.4425061096393916,3.798125189639618,19.303754521827436,-20.151558206715904,-68.13946331899717
67.68388529377505,-0.44955116213821006,3.7977886922396054,19.307501725876683,-20.1557147319302,-68.07695867292445
67.69099212830109,-0.4565960746218484,3.797452331408075,19.31124702420842,-20.15986869931935,-68.01444368419826
67.69809910295982,-0.4636408470340708,3.7971161071198805,19.314990417368012,-20.164020109073643,-67.95191835558241
67.70520621791549,-0.4706854793186292,3.7967800193498795,19.31873190590064,-20.168168961383504,-67.88938268984073
67.7123134733324,-0.4777299714192655,3.7964440680729243,19.32247149035132,-20.172315256439536,-67.82683668973712
67.7194208693748,-0.48477432327970155,3.7961082532638715,19.32620917126485,-20.176458994432473,-67.76428035803532
67.72652840620702,-0.49181853484371746,3.795772574897575,19.32994494918588,-20.180600175553234,-67.70171369749917
67.7336360839932,-0.498862606054877,3.7954370329488913,19.333678824658847,-20.18473879999286,-67.63913671089259
67.74074390289782,-0.5059065368570481,3.795101627392675,19.337410798228007,-20.18887486794254,-67.5765494009793
67.74785186308497,-0.5129503271937932,3.794766358203781,19.341140870437446,-20.19300837959367,-67.51395177052316
67.75495996471902,-0.5199939770088327,3.7944312253570645,19.34486904183106,-20.19713933513776,-67.45134382228792
67.76206820796423,-0.5270374862458184,3.7940962288273807,19.34859531295255,-20.20126773476646,-67.38872555903765
67.76917659298489,-0.5340808548484094,3.793761368589585,19.35231968434544,-20.205393578671615,-67.32609698353585
67.77628511994524,-0.5411240827602332,3.793426644618531,19.356042156553077,-20.209516867045203,-67.26345809854665
67.78339378900962,-0.5481671699249329,3.7930920568890762,19.359762730118604,-20.213637600079352,-67.20080890683371
67.79050260034226,-0.5552101162861153,3.7927576053760745,19.363481405585,-20.217755777966346,-67.13814941116084
67.79761155410748,-0.5622529217873946,3.79242329005438,19.367198183495063,-20.221871400898646,-67.07547961429192
67.80472065046952,-0.56929558637235,3.79208911089885,19.37091306439137,-20.225984469068834,-67.01279951899093
67.81182988959272,-0.5763381099845857,3.791755067884337,19.37462604881635,-20.230094982669655,-66.95010912802131
67.81893927164131,-0.5833804925676505,3.791421160985698,19.37833713731225,-20.234202941894026,-66.88740844414731
67.8260487967796,-0.5904227340651179,3.791087390177788,19.382046330421094,-20.23830834693499,-66.82469747013246
67.83315846517188,-0.5974648344205294,3.790753755435461,19.38575362868477,-20.24241119798578,-66.76197620874078
67.84026827698244,-0.6045067935774319,3.7904202567335723,19.38945903264495,-20.246511495239744,-66.69924466273602
67.84737823237556,-0.6115486114793444,3.790086894046979,19.393162542843122,-20.250609238890387,-66.6365028348819
67.85448833151554,-0.6185902880697798,3.789753667350533,19.39686415982062,-20.254704429131422,-66.57375072794237
67.86159857456664,-0.6256318232922397,3.789420576619092,19.40056388411855,-20.258797066156642,-66.51098834468138
67.8687089616932,-0.6326732170902303,3.7890876218275102,19.40426171627786,-20.262887150160022,-66.44821568786239
67.87581949305945,-0.6397144694072109,3.7887548029506424,19.407957656839326,-20.266974681335725,-66.3854327602496
67.88293016882973,-0.6467555801866619,3.7884221199633434,19.41165170634351,-20.271059659878002,-66.32263956460669
67.89004098916831,-0.6537965493720386,3.78808957284047,19.41534386533081,-20.27514208598132,-66.25983610369748
