galstreams/tracks/track.st.Alpheus.grillmair2013.ecsv
# %ECSV 0.9
# ---
# datatype:
# - {name: ra, unit: deg, datatype: float64}
# - {name: dec, unit: deg, datatype: float64}
# - {name: distance, unit: kpc, datatype: float64}
# - {name: pm_ra_cosdec, unit: mas / yr, datatype: float64}
# - {name: pm_dec, unit: mas / yr, datatype: float64}
# - {name: radial_velocity, unit: km / s, datatype: float64}
# delimiter: ','
# meta: !!omap
# - __serialized_columns__:
#     dec:
#       __class__: astropy.coordinates.angles.Latitude
#       unit: &id001 !astropy.units.Unit {unit: deg}
#       value: !astropy.table.SerializedColumn {name: dec}
#     distance:
#       __class__: astropy.coordinates.distances.Distance
#       unit: !astropy.units.Unit {unit: kpc}
#       value: !astropy.table.SerializedColumn {name: distance}
#     pm_dec:
#       __class__: astropy.units.quantity.Quantity
#       unit: !astropy.units.Unit {unit: mas / yr}
#       value: !astropy.table.SerializedColumn {name: pm_dec}
#     pm_ra_cosdec:
#       __class__: astropy.units.quantity.Quantity
#       unit: !astropy.units.Unit {unit: mas / yr}
#       value: !astropy.table.SerializedColumn {name: pm_ra_cosdec}
#     ra:
#       __class__: astropy.coordinates.angles.Longitude
#       unit: *id001
#       value: !astropy.table.SerializedColumn {name: ra}
#       wrap_angle: !astropy.coordinates.Angle
#         unit: *id001
#         value: 360.0
#     radial_velocity:
#       __class__: astropy.units.quantity.Quantity
#       unit: !astropy.units.Unit {unit: km / s}
#       value: !astropy.table.SerializedColumn {name: radial_velocity}
# schema: astropy-2.0
ra,dec,distance,pm_ra_cosdec,pm_dec,radial_velocity
21.58010010151205,-68.99998008374234,1.6000089280546403,0.0,0.0,0.0
21.61744183555392,-68.87873186076881,1.602028607621057,0.0,0.0,0.0
21.654710852629723,-68.75749829885466,1.6040480983752208,0.0,0.0,0.0
21.691907301163987,-68.6362792305088,1.6060674017107521,0.0,0.0,0.0
21.729031326777474,-68.51507448917184,1.6080865190212714,0.0,0.0,0.0
21.766083072357233,-68.39388390921614,1.6101054517003999,0.0,0.0,0.0
21.803062678124565,-68.27270732594603,1.612124201141758,0.0,0.0,0.0
21.839970281700474,-68.1515445755979,1.6141427687389664,0.0,0.0,0.0
21.876806018169198,-68.03039549533999,1.6161611558856457,0.0,0.0,0.0
21.913570020139428,-67.90925992327246,1.618179363975416,0.0,0.0,0.0
21.950262417803458,-67.78813769842736,1.6201973944018992,0.0,0.0,0.0
21.986883338994616,-67.66702866076838,1.6222152485587147,0.0,0.0,0.0
22.0234329092426,-67.54593265119068,1.6242329278394834,0.0,0.0,0.0
22.05991125182708,-67.42484951152066,1.626250433637827,0.0,0.0,0.0
22.096318487829503,-67.3037790845159,1.6282677673473651,0.0,0.0,0.0
22.13265473618343,-67.18272121386444,1.630284930361718,0.0,0.0,0.0
22.16892011372302,-67.06167574418474,1.6323019240745074,0.0,0.0,0.0
22.205114735229934,-66.94064252102531,1.6343187498793528,0.0,0.0,0.0
22.241238713479103,-66.81962139086397,1.6363354091698756,0.0,0.0,0.0
22.27729215928262,-66.69861220110764,1.6383519033396963,0.0,0.0,0.0
22.313275181532525,-66.5776148000916,1.640368233782436,0.0,0.0,0.0
22.349187887242035,-66.45662903707927,1.6423844018917144,0.0,0.0,0.0
22.385030381585775,-66.33565476226116,1.644400409061153,0.0,0.0,0.0
22.42080276793848,-66.21469182675445,1.6464162566843714,0.0,0.0,0.0
22.45650514791258,-66.09374008260241,1.6484319461549912,0.0,0.0,0.0
22.49213762139474,-65.97279938277336,1.6504474788666332,0.0,0.0,0.0
22.527700286581133,-65.85186958116014,1.6524628562129169,0.0,0.0,0.0
22.563193240011735,-65.73095053257916,1.654478079587464,0.0,0.0,0.0
22.598616576603412,-65.6100420927697,1.656493150383894,0.0,0.0,0.0
22.633970389682283,-65.4891441183928,1.658508069995829,0.0,0.0,0.0
22.669254771014884,-65.36825646703042,1.660522839816889,0.0,0.0,0.0
22.704469810838354,-65.2473789971846,1.6625374612406938,0.0,0.0,0.0
22.73961559788997,-65.12651156827621,1.6645519356608653,0.0,0.0,0.0
22.774692219435583,-65.00565404064399,1.6665662644710235,0.0,0.0,0.0
22.80969976129726,-64.88480627554345,1.6685804490647886,0.0,0.0,0.0
22.84463830788009,-64.76396813514593,1.6705944908357826,0.0,0.0,0.0
22.8795079421983,-64.643139482537,1.6726083911776253,0.0,0.0,0.0
22.91430874590049,-64.52232018171557,1.674622151483937,0.0,0.0,0.0
22.94904079929413,-64.4015100975927,1.6766357731483388,0.0,0.0,0.0
22.98370418136943,-64.28070909599002,1.6786492575644512,0.0,0.0,0.0
23.018298969822443,-64.15991704363859,1.6806626061258947,0.0,0.0,0.0
23.052825241077517,-64.03913380817748,1.6826758202262904,0.0,0.0,0.0
23.087283070309017,-63.91835925815256,1.6846889012592585,0.0,0.0,0.0
23.121672531462593,-63.797593263014726,1.68670185061842,0.0,0.0,0.0
23.155993697275726,-63.676835693118576,1.6887146696973951,0.0,0.0,0.0
23.190246639297566,-63.55608641972112,1.6907273598898047,0.0,0.0,0.0
23.224431427908506,-63.43534531497986,1.6927399225892696,0.0,0.0,0.0
23.258548132338884,-63.31461225195142,1.6947523591894098,0.0,0.0,0.0
23.29259682068736,-63.19388710458985,1.6967646710838469,0.0,0.0,0.0
23.3265775599386,-63.07316974774514,1.698776859666201,0.0,0.0,0.0
23.360490415980642,-62.95246005716127,1.7007889263300922,0.0,0.0,0.0
23.394335453621682,-62.83175790947457,1.702800872469142,0.0,0.0,0.0
23.428112736606234,-62.71106318221218,1.7048126994769708,0.0,0.0,0.0
23.461822327631165,-62.590375753789914,1.7068244087471987,0.0,0.0,0.0
23.495464288361,-62.46969550351062,1.7088360016734478,0.0,0.0,0.0
23.529038679442873,-62.349022311562244,1.710847479649337,0.0,0.0,0.0
23.562545560521077,-62.22835605901609,1.7128588440684878,0.0,0.0,0.0
23.59598499025124,-62.10769662782465,1.7148700963245203,0.0,0.0,0.0
23.629357026314036,-61.98704390081972,1.7168812378110558,0.0,0.0,0.0
23.662661725428478,-61.86639776171058,1.7188922699217148,0.0,0.0,0.0
23.69589914336502,-61.74575809508166,1.720903194050118,0.0,0.0,0.0
23.729069334958044,-61.625124786390685,1.722914011589886,0.0,0.0,0.0
23.762172354118242,-61.50449772196642,1.7249247239346388,0.0,0.0,0.0
23.79520825384437,-61.38387678900682,1.7269353324779977,0.0,0.0,0.0
23.828177086235005,-61.26326187557649,1.7289458386135834,0.0,0.0,0.0
23.8610789024997,-61.14265287060473,1.7309562437350159,0.0,0.0,0.0
23.893913752969983,-61.022049663883166,1.7329665492359165,0.0,0.0,0.0
23.926681687109895,-60.90145214606379,1.7349767565099061,0.0,0.0,0.0
23.95938275352648,-60.78086020865622,1.7369868669506043,0.0,0.0,0.0
23.99201699997973,-60.66027374402561,1.7389968819516322,0.0,0.0,0.0
24.024584473392345,-60.53969264539049,1.7410068029066104,0.0,0.0,0.0
24.057085219859314,-60.41911680681994,1.7430166312091595,0.0,0.0,0.0
24.08951928465706,-60.29854612323154,1.7450263682529006,0.0,0.0,0.0
24.121886712252465,-60.1779804903887,1.7470360154314544,0.0,0.0,0.0
24.154187546311505,-60.05741980489841,1.7490455741384405,0.0,0.0,0.0
24.186421829707808,-59.9368639642085,1.7510550457674805,0.0,0.0,0.0
24.21858960453085,-59.81631286660515,1.7530644317121948,0.0,0.0,0.0
24.250690912093905,-59.695766411210556,1.755073733366204,0.0,0.0,0.0
24.2827257929419,-59.575224497979995,1.7570829521231282,0.0,0.0,0.0
24.314694286858884,-59.454687027699414,1.7590920893765887,0.0,0.0,0.0
24.34659643287542,-59.334153901982646,1.7611011465202067,0.0,0.0,0.0
24.378432269275613,-59.213625023269,1.7631101249476013,0.0,0.0,0.0
24.410201833604166,-59.09310029482019,1.765119026052394,0.0,0.0,0.0
24.441905162672988,-58.97257962071772,1.7671278512282056,0.0,0.0,0.0
24.473542292567704,-58.852062905860386,1.7691366018686567,0.0,0.0,0.0
24.505113258654095,-58.73155005596104,1.7711452793673679,0.0,0.0,0.0
24.536618095584156,-58.61104097754408,1.7731538851179591,0.0,0.0,0.0
24.56805683730209,-58.49053557794244,1.775162420514052,0.0,0.0,0.0
24.599429517050066,-58.37003376529491,1.7771708869492666,0.0,0.0,0.0
24.630736167373893,-58.249535448543,1.7791792858172237,0.0,0.0,0.0
24.66197682012847,-58.12904053742809,1.7811876185115443,0.0,0.0,0.0
24.69315150648297,-58.008548942488645,1.7831958864258481,0.0,0.0,0.0
24.724260256926122,-57.88806057505696,1.7852040909537565,0.0,0.0,0.0
24.75530310127107,-57.76757534725633,1.78721223348889,0.0,0.0,0.0
24.786280068660254,-57.647093171997895,1.7892203154248696,0.0,0.0,0.0
24.81719118757,-57.52661396297783,1.7912283381553147,0.0,0.0,0.0
24.848036485815175,-57.40613763467393,1.7932363030738478,0.0,0.0,0.0
24.878815990553466,-57.28566410234269,1.7952442115740879,0.0,0.0,0.0
24.909529728289634,-57.16519328201624,1.7972520650496562,0.0,0.0,0.0
24.94017772487969,-57.044725090498986,1.7992598648941736,0.0,0.0,0.0
24.970760005534824,-56.92425944536452,1.80126761250126,0.0,0.0,0.0
25.001276594825242,-56.8037962649525,1.8032753092645377,0.0,0.0,0.0
25.031727516683954,-56.683335468365314,1.8052829565776256,0.0,0.0,0.0
25.062112794410275,-56.562876975464846,1.8072905558341446,0.0,0.0,0.0
25.092432450673403,-56.44242070686922,1.8092981084277164,0.0,0.0,0.0
25.122686507515724,-56.3219665839495,1.8113056157519603,0.0,0.0,0.0
25.152874986356057,-56.20151452882633,1.8133130792004974,0.0,0.0,0.0
25.182997907992824,-56.08106446436665,1.8153205001669488,0.0,0.0,0.0
25.213055292607034,-55.960616314180264,1.8173278800449353,0.0,0.0,0.0
25.243047159765215,-55.84017000261648,1.8193352202280764,0.0,0.0,0.0
25.272973528422206,-55.71972545476072,1.8213425221099937,0.0,0.0,0.0
25.3028344169239,-55.59928259643107,1.8233497870843076,0.0,0.0,0.0
25.3326298430098,-55.478841354174726,1.8253570165446382,0.0,0.0,0.0
25.36235982381556,-55.35840165526472,1.8273642118846072,0.0,0.0,0.0
25.39202437587537,-55.237963427696236,1.8293713744978346,0.0,0.0,0.0
25.421623515124274,-55.117526600183176,1.831378505777941,0.0,0.0,0.0
25.451157256900398,-54.99709110215461,1.833385607118547,0.0,0.0,0.0
25.48062561594707,-54.8766568637512,1.8353926799132736,0.0,0.0,0.0
25.510028606414863,-54.756223815821635,1.8373997255557406,0.0,0.0,0.0
25.539366241863537,-54.635791889919034,1.8394067454395697,0.0,0.0,0.0
25.568638535263904,-54.51536101829724,1.8414137409583808,0.0,0.0,0.0
25.59784549899962,-54.39493113390737,1.8434207135057954,0.0,0.0,0.0
25.6269871448689,-54.27450217039394,1.8454276644754335,0.0,0.0,0.0
25.656063484086072,-54.154074062091325,1.8474345952609152,0.0,0.0,0.0
25.685074527283184,-54.03364674402,1.849441507255862,0.0,0.0,0.0
25.714020284511435,-53.91322015188286,1.8514484018538946,0.0,0.0,0.0
25.74290076524256,-53.792794222061445,1.8534552804486328,0.0,0.0,0.0
25.771715978370143,-53.672368891612216,1.855462144433698,0.0,0.0,0.0
25.800465932210844,-53.55194409826276,1.8574689952027106,0.0,0.0,0.0
25.82915063450559,-53.43151978040805,1.8594758341492912,0.0,0.0,0.0
25.857770092420644,-53.311095877106546,1.8614826626670604,0.0,0.0,0.0
25.886324312548616,-53.19067232807647,1.863489482149639,0.0,0.0,0.0
25.91481330090947,-53.07024907369188,1.8654962939906472,0.0,0.0,0.0
25.943237062951365,-52.94982605497891,1.8675030995837065,0.0,0.0,0.0
25.971595603551513,-52.82940321361176,1.8695099003224367,0.0,0.0,0.0
25.999888927016897,-52.70898049190893,1.8715166976004587,0.0,0.0,0.0
26.02811703708502,-52.588557832829245,1.8735234928113935,0.0,0.0,0.0
26.056279936924508,-52.46813517996795,1.8755302873488608,0.0,0.0,0.0
26.084377629135663,-52.347712477552754,1.8775370826064828,0.0,0.0,0.0
26.11241011575104,-52.227289670439895,1.8795438799778783,0.0,0.0,0.0
26.140377398235835,-52.10686670411013,1.8815506808566689,0.0,0.0,0.0
26.168279477488323,-51.98644352466484,1.883557486636476,0.0,0.0,0.0
26.196116353840182,-51.86602007882191,1.8855642987109185,0.0,0.0,0.0
26.22388802705677,-51.74559631391179,1.8875711184736184,0.0,0.0,0.0
26.251594496337365,-51.62517217787341,1.8895779473181957,0.0,0.0,0.0
26.279235760315345,-51.504747619250246,1.8915847866382713,0.0,0.0,0.0
26.30681181705829,-51.38432258718609,1.8935916378274655,0.0,0.0,0.0
26.33432266406806,-51.26389703142113,1.8955985022794,0.0,0.0,0.0
26.361768298280833,-51.14347090228778,1.8976053813876934,0.0,0.0,0.0
26.38914871606702,-51.023044150706625,1.8996122765459689,0.0,0.0,0.0
26.416463913231244,-50.90261672818224,1.9016191891478447,0.0,0.0,0.0
26.443713885012148,-50.78218858679916,1.903626120586943,0.0,0.0,0.0
26.47089862608228,-50.661759679217674,1.9056330722568842,0.0,0.0,0.0
26.49801813054779,-50.54132995866965,1.907640045551288,0.0,0.0,0.0
26.52507239194821,-50.42089937895448,1.9096470418637768,0.0,0.0,0.0
26.552061403256122,-50.30046789443479,1.9116540625879697,0.0,0.0,0.0
26.57898515687678,-50.180035460032315,1.9136611091174878,0.0,0.0,0.0
26.6058436446477,-50.05960203122368,1.9156681828459516,0.0,0.0,0.0
26.632636857838204,-49.93916756403618,1.9176752851669818,0.0,0.0,0.0
26.659364787148945,-49.81873201504359,1.9196824174741998,0.0,0.0,0.0
26.686027422711316,-49.69829534136188,1.9216895811612251,0.0,0.0,0.0
26.712624754086924,-49.57785750064506,1.9236967776216787,0.0,0.0,0.0
26.739156770266906,-49.45741845108079,1.925704008249182,0.0,0.0,0.0
26.76562345967132,-49.33697815138628,1.927711274437354,0.0,0.0,0.0
26.792024810148398,-49.216536560803846,1.9297185775798174,0.0,0.0,0.0
26.818360808973804,-49.09609363909678,1.9317259190701912,0.0,0.0,0.0
26.844631442849852,-48.97564934654494,1.9337333003020967,0.0,0.0,0.0
26.8708366979047,-48.85520364394049,1.9357407226691548,0.0,0.0,0.0
26.896976559691463,-48.73475649258364,1.9377481875649851,0.0,0.0,0.0
26.923051013187305,-48.6143078542782,1.9397556963832094,0.0,0.0,0.0
26.94906004279253,-48.49385769132735,1.9417632505174476,0.0,0.0,0.0
26.975003632329592,-48.3734059665293,1.9437708513613208,0.0,0.0,0.0
27.00088176504205,-48.25295264317287,1.9457785003084491,0.0,0.0,0.0
27.02669442359359,-48.132497685033194,1.9477861987524534,0.0,0.0,0.0
27.05244159006688,-48.01204105636736,1.9497939480869553,0.0,0.0,0.0
27.078123245962498,-47.891582721909984,1.9518017497055737,0.0,0.0,0.0
27.103739372197722,-47.77112264686889,1.9538096050019307,0.0,0.0,0.0
27.12928994910541,-47.6506607969207,1.9558175153696462,0.0,0.0,0.0
27.15477495643272,-47.530197138206404,1.9578254822023402,0.0,0.0,0.0
27.18019437333991,-47.409731637327056,1.9598335068936352,0.0,0.0,0.0
27.205548178399013,-47.289264261339255,1.9618415908371503,0.0,0.0,0.0
27.230836349592508,-47.16879497775081,1.9638497354265059,0.0,0.0,0.0
27.256058864312013,-47.04832375451629,1.9658579420553242,0.0,0.0,0.0
27.281215699356874,-46.92785056003261,1.9678662121172246,0.0,0.0,0.0
27.306306830932723,-46.807375363134575,1.969874547005828,0.0,0.0,0.0
27.3313322346501,-46.68689813309048,1.9718829481147555,0.0,0.0,0.0
27.356291885522907,-46.56641883959766,1.973891416837627,0.0,0.0,0.0
27.38118575796694,-46.44593745277799,1.975899954568064,0.0,0.0,0.0
27.406013825798336,-46.325453943173535,1.9779085626996857,0.0,0.0,0.0
27.430776062232002,-46.20496828174201,1.9799172426261142,0.0,0.0,0.0
27.455472439880026,-46.08448043985233,1.9819259957409696,0.0,0.0,0.0
27.480102930750054,-45.963990389280184,1.9839348234378724,0.0,0.0,0.0
27.504667506243617,-45.84349810220355,1.9859437271104436,0.0,0.0,0.0
27.52916613715444,-45.72300355119817,1.9879527081523038,0.0,0.0,0.0
27.55359879366678,-45.60250670923318,1.989961767957073,0.0,0.0,0.0
27.5779654453536,-45.48200754966654,1.9919709079183727,0.0,0.0,0.0
27.602266061174877,-45.36150604624057,1.9939801294298232,0.0,0.0,0.0
27.626500609475773,-45.241002173077526,1.9959894338850448,0.0,0.0,0.0
27.650669057984786,-45.12049590467499,1.9979988226776586,0.0,0.0,0.0
27.674771373811943,-44.999987215901506,2.0000082972012847,0.0,0.0,0.0
