galstreams/tracks/track.st.Monoceros.ramos2020b.ecsv
# %ECSV 0.9
# ---
# datatype:
# - {name: ra, unit: deg, datatype: float64}
# - {name: dec, unit: deg, datatype: float64}
# - {name: distance, unit: kpc, datatype: float64}
# - {name: pm_ra_cosdec, unit: mas / yr, datatype: float64}
# - {name: pm_dec, unit: mas / yr, datatype: float64}
# - {name: radial_velocity, unit: km / s, datatype: float64}
# delimiter: ','
# meta: !!omap
# - __serialized_columns__:
#     dec:
#       __class__: astropy.coordinates.angles.Latitude
#       unit: &id001 !astropy.units.Unit {unit: deg}
#       value: !astropy.table.SerializedColumn {name: dec}
#     distance:
#       __class__: astropy.coordinates.distances.Distance
#       unit: !astropy.units.Unit {unit: kpc}
#       value: !astropy.table.SerializedColumn {name: distance}
#     pm_dec:
#       __class__: astropy.units.quantity.Quantity
#       unit: !astropy.units.Unit {unit: mas / yr}
#       value: !astropy.table.SerializedColumn {name: pm_dec}
#     pm_ra_cosdec:
#       __class__: astropy.units.quantity.Quantity
#       unit: !astropy.units.Unit {unit: mas / yr}
#       value: !astropy.table.SerializedColumn {name: pm_ra_cosdec}
#     ra:
#       __class__: astropy.coordinates.angles.Longitude
#       unit: *id001
#       value: !astropy.table.SerializedColumn {name: ra}
#       wrap_angle: !astropy.coordinates.Angle
#         unit: *id001
#         value: 360.0
#     radial_velocity:
#       __class__: astropy.units.quantity.Quantity
#       unit: !astropy.units.Unit {unit: km / s}
#       value: !astropy.table.SerializedColumn {name: radial_velocity}
# schema: astropy-2.0
ra,dec,distance,pm_ra_cosdec,pm_dec,radial_velocity
78.53515334543906,71.7405877954116,10.599999999999932,0.360219980788058,0.16196157286228977,-5.262979456170211e-16
78.80672072136784,71.48716457949678,10.59999999999993,0.35270608746647186,0.17628365481454714,1.0525958912340423e-15
79.10692281956905,71.24653116389312,10.599999999999936,0.3586147696993337,0.16618199680913764,1.0525958912340423e-15
79.43298253232544,71.01768710370693,10.599999999999937,0.3715666419373911,0.14155363109999855,2.6314897280851057e-16
79.78331800996874,70.80001408103094,10.599999999999945,0.3870928217434479,0.10970444460228822,-1.842042809659574e-15
80.15699353753074,70.59308657687136,10.599999999999952,0.4022192468843643,0.07585855513338213,-3.947234592127659e-15
80.55333131448539,70.39653547752243,10.599999999999962,0.41511688673680486,0.04358501300866636,-5.2629794561702115e-15
80.97164526519359,70.20995511958611,10.599999999999968,0.424812398865307,0.015154819384354725,-5.2958730777712755e-15
81.41106727951016,70.03284535822367,10.599999999999971,0.4309520294499902,-0.008161689471500099,-7.417511671039892e-15
81.87044316071598,69.86458130045365,10.599999999999978,0.43361146306210363,-0.02584872637807598,-8.61812885947872e-15
82.34828084621637,69.70440432761343,10.599999999999985,0.43314492182519465,-0.03794295113245394,-9.078639561893614e-15
82.84273757269729,69.55142892716387,10.599999999999989,0.43006760451853615,-0.04486899733895075,-7.894469184255318e-15
83.35163581646725,69.40466066884922,10.599999999999993,0.4249663195145896,-0.04730701358763358,-7.631320211446806e-15
83.87250021871643,69.26302140329545,10.599999999999994,0.41843382155436754,-0.046087319995827665,-5.2629794561702115e-15
84.40260944744256,69.12537844105888,10.599999999999996,0.41102290139070663,-0.042107945402464396,-7.894469184255318e-15
84.93905818612329,68.99057509280503,10.599999999999998,0.40321671902439504,-0.03627141299463491,-6.052426374595743e-15
85.47882529913949,68.85746051965539,10.600000000000001,0.39541224380260187,-0.029437672323375456,-4.605107024148935e-15
86.01884481956672,68.7249173572265,10.600000000000001,0.38791399453091546,-0.022390528432204626,-4.8024687537553175e-15
86.55607683538,68.59188603627246,10.600000000000003,0.3809355806121661,-0.015815295629091106,-4.8682559969574454e-15
87.08757569600262,68.45738512505405,10.600000000000005,0.37460684473765665,-0.010285711387233951,-3.815660105723403e-15
87.61055328271478,68.32052736154583,10.600000000000005,0.3689847058069118,-0.006258395897927867,-4.078809078531914e-15
88.12243542305717,68.18053132612074,10.600000000000003,0.3640660988320552,-0.004073347710866259,-4.0952558893324455e-15
88.62090990062599,68.03672892759433,10.600000000000005,0.35980170347001317,-0.003959138477571112,-4.983383672561169e-15
89.10396492015322,67.88856903948998,10.600000000000005,0.35610943844525567,-0.006041621408748066,-5.953745509792552e-15
89.56991732290118,67.73561773310215,10.600000000000003,0.35288696793499724,-0.010355107580723071,-4.013021835329786e-15
90.01743028993029,67.57755561525687,10.600000000000007,0.3500227103717427,-0.016855097699919563,-5.1971922129680836e-15
90.44552069746685,67.41417279897246,10.600000000000003,0.3474050535711372,-0.025431787494342002,-4.8024687537553175e-15
90.85355667630611,67.24536202285469,10.600000000000005,0.34492965807634185,-0.03592369320063741,-5.920851888191488e-15
91.24124625633524,67.07111039868701,10.600000000000007,0.3425048710147629,-0.04813086846054575,-6.8418732930212744e-15
91.6086182338905,66.89149021467995,10.600000000000005,0.34005537598612473,-0.06182730304049407,-8.683916102680848e-15
91.95599657649416,66.70664916174721,10.600000000000007,0.3375242731766555,-0.07677220446228086,-7.1050222658297854e-15
92.28396977587565,66.51680028824806,10.600000000000005,0.3348738223889138,-0.09271996340003086,-6.578724320212764e-15
92.59335658118161,66.32221192966401,10.600000000000003,0.3320850954474917,-0.10942869067650393,-8.683916102680848e-15
92.88516949944368,66.12319780690267,10.600000000000007,0.32915677938646104,-0.1266672868102168,-7.894469184255318e-15
93.16057735210416,65.92010744213937,10.600000000000003,0.32610335370369786,-0.14422106410220395,-6.8418732930212744e-15
93.42086803843097,65.71331700487642,10.600000000000005,0.3229528389542222,-0.16189598674908184,-9.47336302110638e-15
93.6674124927291,65.50322067282855,10.600000000000005,0.31974428434848096,-0.17952162756414194,-9.47336302110638e-15
93.90163064511505,65.29022257126739,10.600000000000005,0.3165251321130303,-0.196952962114117,-9.47336302110638e-15
94.12496001626428,65.07472933916446,10.600000000000003,0.3133485684397347,-0.21407113417161278,-1.0525958912340423e-14
94.33882740387227,64.85714335931306,10.600000000000003,0.31027094625936835,-0.23078333211219587,-9.999660966723401e-15
94.54462395923619,64.6378566811202,10.600000000000005,0.3073493444302673,-0.24702191592787126,-9.47336302110638e-15
94.74368381084997,64.41724565767979,10.600000000000005,0.3046393112607118,-0.26274293038381236,-7.368171238638296e-15
94.93726627074105,64.19566631209345,10.600000000000007,0.30219282722088264,-0.27792413278574835,-9.47336302110638e-15
95.1265415593406,63.97345044113152,10.600000000000005,0.3000565116566034,-0.29256265488352756,-1.1578554803574466e-14
95.31257990554145,63.7509024568594,10.600000000000001,0.298270090611921,-0.3066724084106362,-9.47336302110638e-15
95.49634381886662,63.5282969586891,10.600000000000003,0.2968651368326891,-0.32028133323777414,-1.2631150694808506e-14
95.67868328830411,63.30587701955881,10.600000000000001,0.2958640880706233,-0.33342857650893554,-4.210383564936169e-15
95.86033363497056,63.08385316084365,10.600000000000003,0.2952795454691488,-0.3461616806944313,-9.47336302110638e-15
96.04191573080973,62.86240298150041,10.6,0.2951138497554176,-0.35853384838873514,-8.420767129872338e-15
96.22393829054705,62.641671398226315,10.600000000000001,0.295358928985891,-0.3706013419753446,-6.315575347404253e-15
96.40680194681359,62.42177144543314,10.600000000000003,0.2959964076111491,-0.3824210669970137,-1.2631150694808506e-14
96.59080482670531,62.20278557693752,10.599999999999998,0.2969979626483633,-0.39404837919996927,-7.368171238638296e-15
96.77614936035448,61.98476740570743,10.6,0.29832590885543064,-0.40553514674619756,-8.420767129872338e-15
96.9629500669854,61.76774381397584,10.6,0.2999339911103113,-0.41692809099175876,-7.368171238638296e-15
97.15124208035769,61.55171736364135,10.599999999999998,0.3017683588539312,-0.42826742150549657,-8.420767129872338e-15
97.34099019269908,61.33666893614885,10.599999999999998,0.3037686945962244,-0.43958577366153134,-1.0525958912340423e-14
97.53209821369191,61.12256053193255,10.599999999999998,0.30586946623761746,-0.45090745020797884,-8.420767129872338e-15
97.7244184584858,60.909338161897786,10.599999999999996,0.3080012714203315,-0.46224796173715926,-4.210383564936169e-15
97.91776119591414,60.69693476715349,10.599999999999996,0.310092241358281,-0.4736138550157557,-8.420767129872338e-15
98.11190390504447,60.485273108081365,10.599999999999996,0.31206947162604043,-0.4850028127415611,-8.420767129872338e-15
98.30660020491273,60.27426856961459,10.599999999999996,0.31386044820320697,-0.4964040035436131,-1.2631150694808506e-14
98.50158833882426,60.0638318360604,10.599999999999996,0.31539443862213723,-0.5077986569978638,-6.315575347404253e-15
98.69659911100335,59.853871395699464,10.599999999999996,0.31660382027589884,-0.5191608351448216,-4.210383564936169e-15
98.89136318966263,59.644295842501585,10.599999999999996,0.3174253207071702,-0.5304583695081475,-1.0525958912340423e-14
99.08561770673907,59.43501594940859,10.599999999999996,0.31780114789936253,-0.5416539309447735,-1.2631150694808506e-14
99.27911210056064,59.2259464945614,10.599999999999996,0.3176799921015727,-0.5527061988076611,-6.315575347404253e-15
99.4716131634738,59.01700782844274,10.599999999999996,0.31701788441133966,-0.563571095849549,-1.2631150694808506e-14
99.66290927185482,58.808127176043264,10.599999999999994,0.31577890109144174,-0.5742030559960826,-1.2631150694808506e-14
99.85281379078862,58.599239673750475,10.599999999999994,0.3139357062983643,-0.5845562935057522,-6.315575347404253e-15
100.04116765985384,58.390289145645475,10.599999999999996,0.31146992945535884,-0.5945860440312698,-1.0525958912340423e-14
100.22784117971642,58.18122862824208,10.599999999999994,0.3083723768351872,-0.6042497506085065,-8.420767129872338e-15
100.41273503142662,57.97202065641055,10.599999999999998,0.304643079969229,-0.613508170522129,-8.420767129872338e-15
100.59578057127078,57.76263732630288,10.599999999999996,0.30029118623242795,-0.6223263822248438,-1.2631150694808506e-14
100.77693945360205,57.55306015357308,10.599999999999998,0.2953346993473382,-0.630674674913138,-1.894672604221276e-14
100.9562026421579,57.34327974709546,10.599999999999998,0.2898000796006638,-0.6385293068847313,-1.2631150694808506e-14
101.1335888768837,57.13329531977804,10.599999999999998,0.2837217152802286,-0.6458731223276519,-1.2631150694808506e-14
101.30914266818704,56.92311405899122,10.599999999999998,0.27714127823666024,-0.6526960196349161,-1.2631150694808506e-14
101.48293189384447,56.71275037963299,10.6,0.2701069775756506,-0.6589952676318749,-1.6841534259744676e-14
101.65504507551105,56.50222508297538,10.6,0.2626727263198054,-0.6647756691889102,-2.1051917824680846e-14
101.8255884120125,56.29156444422411,10.600000000000001,0.2548972364703205,-0.6700495745277971,-1.6841534259744676e-14
101.99468264543304,56.08079925121142,10.600000000000001,0.24684305827263625,-0.6748367490867613,-1.894672604221276e-14
102.16245983357133,55.86996381586053,10.600000000000001,0.23857557966790682,-0.6791641030703817,-1.6841534259744676e-14
102.32906009876704,55.65909497903876,10.6,0.23016200191042271,-0.6830652917702548,-1.473634247727659e-14
102.49462841855319,55.448231128178605,10.600000000000003,0.22167030716233999,-0.6865801974037345,-1.6841534259744676e-14
102.65931151822772,55.23741124561156,10.600000000000003,0.21316823354923836,-0.689754304591058,-1.0525958912340423e-14
102.82325491942105,55.02667400395318,10.600000000000003,0.20472227267779308,-0.6926379826903997,-1.6841534259744676e-14
102.98660019222383,54.81605692311669,10.600000000000001,0.196396703982358,-0.6952856890535,-1.6841534259744676e-14
103.14948245158105,54.6055956016416,10.600000000000005,0.18825267948159294,-0.6977551078702031,-2.1051917824680846e-14
103.31202813159642,54.39532303302511,10.600000000000003,0.18034737159049957,-0.700106239657101,-1.6841534259744676e-14
103.47435306425368,54.18526901566519,10.600000000000005,0.17273319554991856,-0.7024004566307429,-1.6841534259744676e-14
103.63656088196471,53.97545966289362,10.600000000000007,0.1654571168095701,-0.704699539204866,-1.473634247727659e-14
103.79874175640431,53.76591701742445,10.600000000000005,0.1585600523402919,-0.7070647086767459,-1.473634247727659e-14
103.96097147937286,53.55665877240486,10.600000000000003,0.15207637336836394,-0.7095556708307225,-1.2631150694808506e-14
104.12331088502697,53.34769809915972,10.600000000000007,0.1460335154358267,-0.7122296846957585,-1.894672604221276e-14
104.2858056067948,53.13904357970727,10.600000000000005,0.14045170001589083,-0.7151406700554661,-8.420767129872338e-15
104.44848615670735,52.930699240221884,10.600000000000005,0.13534377017594412,-0.7183383665294565,-6.315575347404253e-15
104.61136830977891,52.722664679862156,10.600000000000005,0.13071514100961476,-0.7218675561299436,-1.6841534259744676e-14
104.77445377149681,52.5149352877991,10.600000000000005,0.1265638637835577,-0.7257673601536386,-1.0525958912340423e-14
104.93773110246829,52.307502539892106,10.600000000000007,0.12288080099529985,-0.7300706201039023,-8.420767129872338e-15
105.10117687084885,52.10035436529214,10.600000000000007,0.11964990784715943,-0.7348033710613988,-1.0525958912340423e-14
105.26475700036018,51.89347557231722,10.600000000000005,0.11684861403891131,-0.7399844145452555,-8.420767129872338e-15
105.42842827951964,51.68684832225149,10.600000000000007,0.11444829829758744,-0.7456249964456354,-6.315575347404253e-15
105.59213999614754,51.48045263927704,10.600000000000007,0.11241484672305611,-0.7517285940802068,-6.315575347404253e-15
105.75583566031034,51.27426694454589,10.600000000000007,0.11070928485553021,-0.7582908148514127,-4.210383564936169e-15
105.91945477858287,51.06826860244186,10.600000000000005,0.10928847238449954,-0.7652994073811721,-6.315575347404253e-15
106.08293464287148,50.86243446734932,10.600000000000005,0.10810584863141065,-0.7727343843989938,0.0
106.24621209800988,50.65674141972611,10.600000000000007,0.10711221635947324,-0.78056825508388,0.0
106.40922525390046,50.45116688095175,10.600000000000005,0.10625655109682186,-0.7887663630356194,-4.210383564936169e-15
106.57191511008924,50.24568929726614,10.600000000000007,0.10548682300266095,-0.7972873246024208,0.0
106.73422706329583,50.040288584106726,10.600000000000007,0.10475081835417216,-0.8060835609432857,-4.210383564936169e-15
106.89611227151762,49.83494652326584,10.600000000000005,0.10399694797516712,-0.8151019159767572,0.0
107.05752885183539,49.629647106502055,10.600000000000005,0.10317503035274173,-0.8242843512816551,-8.420767129872338e-15
107.21844289290097,49.42437682052145,10.600000000000009,0.1022370377800607,-0.8335687080853323,-8.420767129872338e-15
107.37882926721437,49.219124869574244,10.600000000000007,0.10113779460472988,-0.8428895257122484,4.210383564936169e-15
107.53867223262343,49.013883333263045,10.600000000000007,0.09983561753492655,-0.8521789052772739,-8.420767129872338e-15
107.69796581692373,48.808647258510106,10.600000000000003,0.09829288894130186,-0.8613674069968168,4.210383564936169e-15
107.85671398391584,48.60341468595865,10.600000000000005,0.09647655517386505,-0.8703849692550634,0.0
108.01493058370974,48.39818661236853,10.600000000000007,0.09435854307267472,-0.8791618374968251,-4.210383564936169e-15
108.17263909436706,48.19296689178978,10.600000000000007,0.09191608907364701,-0.8876294911136398,-4.210383564936169e-15
108.3298721660625,47.98776207943972,10.600000000000007,0.08913197658187268,-0.8957215567339243,4.210383564936169e-15
108.48667098274478,47.782581223255114,10.600000000000005,0.08599467859187962,-0.9033746967067954,8.420767129872338e-15
108.64308445971693,47.577435609022764,10.600000000000007,0.08249840386577337,-0.9105294620667528,4.210383564936169e-15
108.79916829856457,47.37233846579587,10.600000000000005,0.07864304632586702,-0.917131099866014,4.210383564936169e-15
108.95498392338312,47.1673046389651,10.600000000000007,0.07443403866855183,-0.9231303054458496,0.0
109.11059732423733,46.96235023886015,10.600000000000007,0.06988211255151627,-0.9284839109712524,4.210383564936169e-15
109.2660778351872,46.75749227309841,10.600000000000007,0.0650029690374252,-0.9331555023589581,4.210383564936169e-15
109.42149687500084,46.55274827106187,10.600000000000007,0.0598168642839537,-0.9371159575729986,0.0
109.57692667882259,46.348135908865295,10.600000000000009,0.054348116741647495,-0.9403439001317655,4.210383564936169e-15
109.73243904856164,46.14367264297202,10.600000000000007,0.048624543345504125,-0.9428260625552398,4.210383564936169e-15
109.88810414861018,45.93937536021674,10.600000000000007,0.042676833350036386,-0.9445575553713375,8.420767129872338e-15
110.04398937169655,45.73526005140846,10.600000000000007,0.03653786954624999,-0.9455420381889905,4.210383564936169e-15
110.20015829724998,45.531341514916924,10.600000000000007,0.030242007596462533,-0.9457917902267563,1.2631150694808506e-14
110.35666976162578,45.32763309570084,10.600000000000007,0.023824325112356992,-0.9453276785551166,8.420767129872338e-15
110.5135770559551,45.124146464129275,10.600000000000007,0.017319852865471275,-0.9441790231648254,4.210383564936169e-15
110.67092726329406,44.92089143769747,10.600000000000007,0.010762801139894779,-0.9423833588104815,-4.210383564936169e-15
110.8287607422142,44.71787584736584,10.600000000000007,0.004185794696927342,-0.9399860943961562,4.210383564936169e-15
