galstreams/tracks/track.st.NGC6397.ibata2021.ecsv
# %ECSV 0.9
# ---
# datatype:
# - {name: ra, unit: deg, datatype: float64}
# - {name: dec, unit: deg, datatype: float64}
# - {name: distance, unit: kpc, datatype: float64}
# - {name: pm_ra_cosdec, unit: mas / yr, datatype: float64}
# - {name: pm_dec, unit: mas / yr, datatype: float64}
# - {name: radial_velocity, unit: km / s, datatype: float64}
# delimiter: ','
# meta: !!omap
# - __serialized_columns__:
#     dec:
#       __class__: astropy.coordinates.angles.Latitude
#       unit: &id001 !astropy.units.Unit {unit: deg}
#       value: !astropy.table.SerializedColumn {name: dec}
#     distance:
#       __class__: astropy.coordinates.distances.Distance
#       unit: !astropy.units.Unit {unit: kpc}
#       value: !astropy.table.SerializedColumn {name: distance}
#     pm_dec:
#       __class__: astropy.units.quantity.Quantity
#       unit: !astropy.units.Unit {unit: mas / yr}
#       value: !astropy.table.SerializedColumn {name: pm_dec}
#     pm_ra_cosdec:
#       __class__: astropy.units.quantity.Quantity
#       unit: !astropy.units.Unit {unit: mas / yr}
#       value: !astropy.table.SerializedColumn {name: pm_ra_cosdec}
#     ra:
#       __class__: astropy.coordinates.angles.Longitude
#       unit: *id001
#       value: !astropy.table.SerializedColumn {name: ra}
#       wrap_angle: !astropy.coordinates.Angle
#         unit: *id001
#         value: 360.0
#     radial_velocity:
#       __class__: astropy.units.quantity.Quantity
#       unit: !astropy.units.Unit {unit: km / s}
#       value: !astropy.table.SerializedColumn {name: radial_velocity}
# schema: astropy-2.0
ra,dec,distance,pm_ra_cosdec,pm_dec,radial_velocity
[from data line 1257]
279.49141166287063,-54.09101984987846,2.55375022535809,5.234504616985788,-15.351292780422614,0.0
279.50831160936394,-54.091007853486275,2.5538270581475757,5.236887533364527,-15.348844156967871,-1.6841534259744676e-14
279.52521155198826,-54.09099112115497,2.553903862991074,5.239271527737306,-15.34639661833215,-3.368306851948935e-14
279.5421114859537,-54.09096964037762,2.55398064002639,5.241656603225651,-15.343950166460143,1.6841534259744676e-14
279.5590114064497,-54.09094339864857,2.5540573893913256,5.244042762949338,-15.341504803295152,0.0
279.5759113086457,-54.09091238346344,2.554134111223686,5.246430010026473,-15.339060530779062,-1.6841534259744676e-14
279.5928111876904,-54.09087658231918,2.5542108056612776,5.2488183475734065,-15.336617350852341,3.368306851948935e-14
279.6097110387127,-54.090835982713955,2.5542874728419025,5.251207778704832,-15.334175265454107,-3.368306851948935e-14
279.6266108568207,-54.09079057214731,2.554364112903366,5.253598306533703,-15.331734276522033,0.0
279.64351063710234,-54.09074033812002,2.5544407259834707,5.25598993417128,-15.329294385992434,-3.368306851948935e-14
279.6604103746254,-54.09068526813422,2.5545173122200224,5.258382664727157,-15.326855595800202,0.0
279.6773100644371,-54.09062534969337,2.5545938717508254,5.260776501309172,-15.324417907878882,-1.6841534259744676e-14
279.69420970156466,-54.090560570302216,2.5546704047136837,5.26317144702353,-15.321981324160582,0.0
279.71110928101467,-54.09049091746687,2.554746911246401,5.265567504974702,-15.319545846576084,1.6841534259744676e-14
279.72800879777367,-54.09041637869478,2.5548233914867815,5.267964678265483,-15.317111477054743,0.0
279.7449082468079,-54.09033694149474,2.554899845572631,5.2703629699970005,-15.314678217524559,-8.420767129872338e-14
279.7618076230633,-54.09025259337691,2.5549762736417527,5.2727623832686765,-15.312246069912131,-3.368306851948935e-14
279.77870692146564,-54.09016332185279,2.5550526758319507,5.275162921178268,-15.30981503614272,-1.6841534259744676e-14
279.7956061369202,-54.09006911443528,2.555129052281029,5.277564586821826,-15.307385118140196,-3.368306851948935e-14
279.81250526431234,-54.089969958638626,2.555205403126793,5.279967383293771,-15.304956317827042,0.0
279.829404298507,-54.089865841978465,2.555281728507045,5.282371313686817,-15.30252863712441,-3.368306851948935e-14
279.8463032343488,-54.08975675197186,2.5553580285595925,5.284776381092014,-15.300102077952056,1.6841534259744676e-14
279.8632020666623,-54.08964267613721,2.5554343034222367,5.287182588598747,-15.297676642228389,-3.368306851948935e-14
279.880100790252,-54.08952360199437,2.5555105532327844,5.289589939294751,-15.295252331870454,1.6841534259744676e-14
279.89699939990186,-54.08939951706458,2.555586778129037,5.291998436266073,-15.292829148793945,-3.368306851948935e-14
279.9138978903758,-54.08927040887053,2.555662978248801,5.294408082597117,-15.290407094913196,0.0
279.9307962564176,-54.089136264936315,2.5557391537298795,5.296818881370627,-15.287986172141188,-1.6841534259744676e-14
279.9476944927508,-54.08899707278743,2.5558153047100776,5.299230835667705,-15.285566382389547,-3.368306851948935e-14
279.9645925940789,-54.088852819950894,2.5558914313272,5.301643948567767,-15.283147727568556,1.6841534259744676e-14
279.981490555085,-54.08870349395508,2.5559675337190493,5.304058223148614,-15.280730209587162,-1.6841534259744676e-14
279.9983883704323,-54.088549082329884,2.556043612023431,5.30647366248641,-15.278313830352944,-1.6841534259744676e-14
280.0152860347637,-54.08838957260664,2.5561196663781485,5.308890269655628,-15.275898591772169,-1.6841534259744676e-14
280.032183542702,-54.08822495231814,2.5561956969210073,5.311308047729145,-15.273484495749734,0.0
280.0490808888499,-54.088055208998675,2.5562717037898106,5.313726999778174,-15.271071544189239,0.0
280.06597806779007,-54.08788033018399,2.5563476871223627,5.316147128872313,-15.268659738992923,-5.0524602779234026e-14
280.0828750740849,-54.08770030341137,2.556423647056469,5.318568438079523,-15.266249082061691,-3.368306851948935e-14
280.09977190227676,-54.08751511621952,2.5564995837299325,5.320990930466131,-15.263839575295137,-1.6841534259744676e-14
280.11666854688804,-54.0873247561487,2.556575497280558,5.323414609096835,-15.261431220591522,-5.0524602779234026e-14
280.1335650024209,-54.087129210740706,2.5566513878461503,5.325839477034723,-15.259024019847768,-1.6841534259744676e-14
280.15046126335744,-54.08692846753879,2.5567272555645126,5.328265537341238,-15.256617974959507,-5.0524602779234026e-14
280.1673573241599,-54.08672251408777,2.55680310057345,5.3306927930762456,-15.254213087821022,-1.6841534259744676e-14
280.18425317927023,-54.08651133793397,2.5568789230107662,5.333121247297946,-15.251809360325296,-3.368306851948935e-14
280.2011488231105,-54.08629492662529,2.556954723014266,5.335550903062974,-15.249406794363987,3.368306851948935e-14
280.2180442500826,-54.08607326771112,2.5570305007217535,5.337981763426313,-15.24700539182746,-1.6841534259744676e-14
280.23493945456846,-54.08584634874247,2.557106256271032,5.340413831441374,-15.24460515460475,-1.6841534259744676e-14
280.2518344309303,-54.08561415727185,2.557181989799908,5.3428471101599655,-15.242206084583586,0.0
280.26872917350977,-54.08537668085338,2.557257701446184,5.345281602632266,-15.239808183650409,3.368306851948935e-14
280.285623676629,-54.08513390704271,2.557333391347664,5.347717311906876,-15.237411453690356,-5.0524602779234026e-14
280.3025179345899,-54.08488582339715,2.5574090596421537,5.350154241030801,-15.235015896587242,0.0
280.3194119416745,-54.084632417475504,2.5574847064674566,5.352592393049447,-15.232621514223613,-3.368306851948935e-14
280.33630569214495,-54.08437367683822,2.557560331961376,5.355031771006648,-15.2302283084807,0.0
280.3531991802433,-54.08410958904733,2.5576359362617183,5.357472377944626,-15.227836281238455,-5.0524602779234026e-14
280.3700924001917,-54.08384014166653,2.5577115195062867,5.359914216904052,-15.22544543437552,-1.6841534259744676e-14
280.3869853461925,-54.08356532226103,2.557787081832885,5.36235729092399,-15.223055769769285,-1.6841534259744676e-14
280.40387801242787,-54.08328511839777,2.5578626233793185,5.364801603041938,-15.220667289295825,1.6841534259744676e-14
280.42077039306037,-54.08299951764523,2.55793814428339,5.367247156293829,-15.218279994829942,-5.0524602779234026e-14
280.4376624822325,-54.0827085075736,2.558013644682905,5.369693953714008,-15.21589388824516,0.0
280.454554274067,-54.08241207575466,2.5580891247156674,5.37214199833527,-15.213508971413724,0.0
280.4714457626664,-54.08211020976186,2.5581645845194814,5.374591293188816,-15.211125246206601,-1.6841534259744676e-14
280.4883369421139,-54.081802897170334,2.558240024232153,5.377041841304322,-15.208742714493491,-1.6841534259744676e-14
280.5052278064724,-54.081490125556826,2.558315443991482,5.379493645709901,-15.206361378142828,1.6841534259744676e-14
280.5221183497852,-54.08117188249979,2.5583908439352765,5.381946709432079,-15.203981239021765,-3.368306851948935e-14
280.53900856607567,-54.080848155579375,2.558466224201341,5.384401035495848,-15.201602298996189,1.6841534259744676e-14
280.5558984493474,-54.080518932377345,2.558541584927478,5.386856626924663,-15.199224559930755,-3.368306851948935e-14
280.57278799358414,-54.08018420047723,2.558616926251492,5.389313486740416,-15.196848023688812,-5.0524602779234026e-14
280.58967719275,-54.07984394746424,2.5586922483111882,5.391771617963468,-15.19447269213249,-1.6841534259744676e-14
280.606566040789,-54.079498160925255,2.5587675512443693,5.394231023612635,-15.192098567122652,0.0
280.6234545316257,-54.07914682844891,2.558842835188841,5.396691706705184,-15.189725650518891,0.0
280.64034265916473,-54.07878993762553,2.558918100282407,5.399153670256866,-15.187353944179574,-5.0524602779234026e-14
280.65723041729103,-54.0784274760472,2.558993346662872,5.401616917281895,-15.184983449961809,-3.368306851948935e-14
280.67411779986986,-54.07805943130771,2.5590685744680397,5.404081450792971,-15.182614169721454,-5.0524602779234026e-14
280.6910048007466,-54.07768579100261,2.5591437838357156,5.406547273801239,-15.18024610531313,0.0
280.70789141374706,-54.07730654272917,2.559218974903702,5.409014389316341,-15.17787925859023,-3.368306851948935e-14
280.7247776326773,-54.07692167408644,2.5592941478098044,5.411482800346421,-15.175513631404897,-3.368306851948935e-14
280.7416634513237,-54.07653117267524,2.559369302691827,5.413952509898074,-15.173149225608029,0.0
280.7585488634529,-54.0761350260981,2.559444439687574,5.4164235209763945,-15.170786043049318,-5.0524602779234026e-14
280.77543386281206,-54.07573322195942,2.55951955893485,5.418895836584987,-15.16842408557719,-1.6841534259744676e-14
280.7923184431286,-54.07532574786528,2.5595946605714577,5.421369459725931,-15.16606335503888,0.0
280.80920259811006,-54.074912591423626,2.559669744735203,5.423844393399802,-15.163703853280381,-3.368306851948935e-14
280.8260863214448,-54.07449374024416,2.559744811563889,5.426320640605703,-15.16134558214646,-6.73661370389787e-14
280.8429696068013,-54.0740691819384,2.5598198611953222,5.428798204341226,-15.15898854348066,1.6841534259744676e-14
280.8598524478285,-54.07363890411967,2.559894893767305,5.431277087602454,-15.156632739125332,0.0
280.87673483815564,-54.0732028944031,2.5599699094176414,5.4337572933840095,-15.154278170921582,-3.368306851948935e-14
280.89361677139266,-54.07276114040567,2.5600449082841368,5.436238824679023,-15.15192484070932,-6.73661370389787e-14
280.9104982411297,-54.07231362974616,2.5601198905045948,5.438721684479144,-15.149572750327238,1.6841534259744676e-14
280.9273792409374,-54.071860350045206,2.5601948562168206,5.44120587577452,-15.147221901612834,-1.6841534259744676e-14
280.9442597643669,-54.07140128892527,2.560269805558616,5.443691401553849,-15.144872296402388,-3.368306851948935e-14
280.96113980494994,-54.07093643401068,2.5603447386677884,5.44617826480437,-15.142523936530978,-1.6841534259744676e-14
280.9780193561985,-54.07046577292762,2.5604196556821406,5.448666468511819,-15.140176823832492,-1.6841534259744676e-14
280.99489841160533,-54.069989293304126,2.5604945567394766,5.451156015660491,-15.137830960139613,-3.368306851948935e-14
281.01177696464356,-54.069506982770115,2.5605694419776004,5.453646909233214,-15.13548634728383,0.0
281.02865500876686,-54.069018828957375,2.5606443115343183,5.4561391522113425,-15.133142987095436,0.0
281.04553253740943,-54.06852481949958,2.560719165547432,5.458632747574802,-15.130800881403552,-1.6841534259744676e-14
281.0624095439862,-54.06802494203229,2.5607940041547472,5.461127698302057,-15.128460032036088,-1.6841534259744676e-14
281.07928602189236,-54.067519184192975,2.5608688274940685,5.4636240073701146,-15.126120440819783,-3.368306851948935e-14
281.09616196450406,-54.06700753362101,2.5609436357031994,5.46612167775456,-15.123782109580196,0.0
281.1130373651778,-54.06648997795766,2.5610184289199442,5.468620712429505,-15.121445040141698,-1.6841534259744676e-14
281.1299122172508,-54.06596650484612,2.5610932072821067,5.471121114367661,-15.119109234327494,-1.6841534259744676e-14
281.14678651404097,-54.06543710193152,2.561167970927493,5.473622886540274,-15.116774693959599,-1.6841534259744676e-14
281.1636602488467,-54.06490175686092,2.5612427199939054,5.476126031917184,-15.114441420858869,1.6841534259744676e-14
281.18053341494726,-54.064360457283264,2.561317454619149,5.478630553466784,-15.11210941684499,-3.368306851948935e-14
281.1974060056023,-54.06381319084956,2.561392174941028,5.481136454156051,-15.10977868373649,-1.6841534259744676e-14
281.2142780140525,-54.06325994521263,2.561466881097346,5.4836437369505635,-15.107449223350702,0.0
281.2311494335191,-54.06270070802735,2.5615415732259095,5.4861524048144386,-15.105121037503821,-5.0524602779234026e-14
281.248020257204,-54.06213546695052,2.5616162514645207,5.488662460710437,-15.102794128010881,-1.6841534259744676e-14
281.26489047828994,-54.06156420964093,2.5616909159509835,5.491173907599869,-15.100468496685771,1.6841534259744676e-14
281.28176008994035,-54.06098692375931,2.5617655668231043,5.493686748442641,-15.098144145341195,-3.368306851948935e-14
281.29862908529935,-54.06040359696846,2.5618402042186856,5.496200986197269,-15.095821075788734,-1.6841534259744676e-14
281.3154974574922,-54.05981421693306,2.561914828275532,5.498716623820893,-15.09349928983881,-1.6841534259744676e-14
281.3323651996245,-54.05921877131988,2.561989439131448,5.501233664269218,-15.091178789300695,0.0
281.3492323047829,-54.05861724779763,2.562064036924238,5.50375211049657,-15.088859575982536,0.0
281.3660987660349,-54.058009634037084,2.562138621791706,5.506271965455907,-15.08654165169131,0.0
281.38296457642883,-54.057395917711005,2.5622131938716572,5.508793232098794,-15.084225018232864,1.6841534259744676e-14
281.3998297289937,-54.05677608649418,2.5622877533018946,5.511315913375392,-15.08190967741194,0.0
281.41669421673976,-54.056150128063436,2.5623623002202223,5.513840012234528,-15.079595631032108,-1.6841534259744676e-14
281.43355803265774,-54.05551803009765,2.562436834764447,5.516365531623622,-15.077282880895819,0.0
281.4504211697196,-54.054879780277716,2.562511357072369,5.51889247448874,-15.074971428804414,-1.6841534259744676e-14
281.4672836208781,-54.0542353662866,2.5625858672817956,5.521420843774588,-15.07266127655809,-1.6841534259744676e-14
281.48414537906683,-54.053584775809306,2.562660365530531,5.523950642424484,-15.070352425955917,-5.0524602779234026e-14
281.5010064372006,-54.05292799653295,2.5627348519563777,5.52648187338044,-15.068044878795856,-3.368306851948935e-14
281.517866788175,-54.05226501614667,2.562809326697142,5.5290145395830494,-15.065738636874752,0.0
281.53472642486656,-54.051595822341696,2.5628837898906265,5.531548643971597,-15.063433701988338,-1.6841534259744676e-14
281.5515853401331,-54.05092040281132,2.562958241674636,5.53408418948403,-15.061130075931214,-3.368306851948935e-14
281.56844352681316,-54.050238745251,2.563032682186975,5.536621179056913,-15.05882776049689,-1.6841534259744676e-14
281.5853009777265,-54.049550837358204,2.5631071115654476,5.53915961562552,-15.056526757477764,0.0
281.6021576856738,-54.04885666683256,2.563181529947859,5.541699502123734,-15.054227068665123,1.6841534259744676e-14
281.6190136434369,-54.04815622137577,2.5632559374720114,5.544240841484153,-15.05192869584917,-3.368306851948935e-14
281.63586884377884,-54.0474494886917,2.5633303342757108,5.546783636638038,-15.049631640818982,0.0
281.65272327944353,-54.04673645648628,2.563404720496761,5.549327890515301,-15.047335905362566,-5.0524602779234026e-14
281.6695769431562,-54.046017112467624,2.5634790962729666,5.551873606044579,-15.045041491266806,-3.368306851948935e-14
281.6864298276231,-54.04529144434596,2.563553461742132,5.55442078615316,-15.042748400317524,3.368306851948935e-14
281.7032819255317,-54.04455943983365,2.56362781704206,5.556969433767014,-15.040456634299435,0.0
281.72013322955064,-54.043821086645224,2.5637021623105554,5.559519551810832,-15.038166194996183,0.0
281.73698373232975,-54.04307637249735,2.5637764976854234,5.562071143207991,-15.035877084190307,-1.6841534259744676e-14
281.75383342650014,-54.04232528510889,2.5638508233044686,5.564624210880548,-15.033589303663277,0.0
281.770682304674,-54.04156781220084,2.563925139305493,5.567178757749296,-15.031302855195491,-3.368306851948935e-14
281.7875303594448,-54.04080394149639,2.5639994458263047,5.569734786733702,-15.02901774056625,-1.6841534259744676e-14
281.80437758338746,-54.04003366072092,2.5640737430047045,5.5722923007519825,-15.026733961553811,0.0
281.821223969058,-54.03925695760197,2.5641480309784965,5.574851302721037,-15.024451519935345,0.0
281.8380695089938,-54.03847381986931,2.5642223098854875,5.577411795556494,-15.022170417486944,-3.368306851948935e-14
281.85491419571355,-54.03768423525489,2.56429657986348,5.579973782172725,-15.019890655983657,1.6841534259744676e-14
