galstreams/tracks/track.st.M30.sollima2020.ecsv
# %ECSV 0.9
# ---
# datatype:
# - {name: ra, unit: deg, datatype: float64}
# - {name: dec, unit: deg, datatype: float64}
# - {name: distance, unit: kpc, datatype: float64}
# - {name: pm_ra_cosdec, unit: mas / yr, datatype: float64}
# - {name: pm_dec, unit: mas / yr, datatype: float64}
# - {name: radial_velocity, unit: km / s, datatype: float64}
# delimiter: ','
# meta: !!omap
# - __serialized_columns__:
#     dec:
#       __class__: astropy.coordinates.angles.Latitude
#       unit: &id001 !astropy.units.Unit {unit: deg}
#       value: !astropy.table.SerializedColumn {name: dec}
#     distance:
#       __class__: astropy.coordinates.distances.Distance
#       unit: !astropy.units.Unit {unit: kpc}
#       value: !astropy.table.SerializedColumn {name: distance}
#     pm_dec:
#       __class__: astropy.units.quantity.Quantity
#       unit: !astropy.units.Unit {unit: mas / yr}
#       value: !astropy.table.SerializedColumn {name: pm_dec}
#     pm_ra_cosdec:
#       __class__: astropy.units.quantity.Quantity
#       unit: !astropy.units.Unit {unit: mas / yr}
#       value: !astropy.table.SerializedColumn {name: pm_ra_cosdec}
#     ra:
#       __class__: astropy.coordinates.angles.Longitude
#       unit: *id001
#       value: !astropy.table.SerializedColumn {name: ra}
#       wrap_angle: !astropy.coordinates.Angle
#         unit: *id001
#         value: 360.0
#     radial_velocity:
#       __class__: astropy.units.quantity.Quantity
#       unit: !astropy.units.Unit {unit: km / s}
#       value: !astropy.table.SerializedColumn {name: radial_velocity}
# schema: astropy-2.0
ra,dec,distance,pm_ra_cosdec,pm_dec,radial_velocity
320.8350880434942,-25.43041442803955,8.458000000000009,0.0,0.0,0.0
320.8444748378041,-25.422449715007094,8.458000000000009,0.0,0.0,0.0
320.85387285024535,-25.414567172484567,8.458000000000009,0.0,0.0,0.0
320.86328177323514,-25.406764638491346,8.458000000000009,0.0,0.0,0.0
320.8727013031702,-25.399039981051704,8.458000000000007,0.0,0.0,0.0
320.8821311404,-25.39139109798243,8.458000000000007,0.0,0.0,0.0
320.8915709892015,-25.383815916680977,8.458000000000007,0.0,0.0,0.0
320.90102055775304,-25.37631239391431,8.458000000000007,0.0,0.0,0.0
320.9104795581093,-25.368878515608273,8.458000000000007,0.0,0.0,0.0
320.9199477061754,-25.361512296637684,8.458000000000007,0.0,0.0,0.0
320.92942472168266,-25.354211780616993,8.458000000000006,0.0,0.0,0.0
320.938910328163,-25.346975039691536,8.458000000000009,0.0,0.0,0.0
320.9484042529244,-25.33980017432954,8.458000000000007,0.0,0.0,0.0
320.9579062270263,-25.332685313114524,8.458000000000007,0.0,0.0,0.0
320.9674159852551,-25.325628612538583,8.458000000000006,0.0,0.0,0.0
320.97693326610016,-25.318628256796085,8.458000000000006,0.0,0.0,0.0
320.9864578117294,-25.311682457578087,8.458000000000007,0.0,0.0,0.0
320.99598936796525,-25.304789453867386,8.458000000000007,0.0,0.0,0.0
321.005527684261,-25.29794751173415,8.458000000000006,0.0,0.0,0.0
321.015072513677,-25.29115492413218,8.458000000000007,0.0,0.0,0.0
321.02462361285706,-25.284410010695826,8.458000000000007,0.0,0.0,0.0
321.03418074200516,-25.277711117537486,8.458000000000006,0.0,0.0,0.0
321.04374366486184,-25.271056617045744,8.458000000000006,0.0,0.0,0.0
321.05331214868113,-25.264444907684176,8.458000000000006,0.0,0.0,0.0
321.06288596420757,-25.25787441379071,8.458000000000006,0.0,0.0,0.0
321.072464885653,-25.25134358537762,8.458000000000006,0.0,0.0,0.0
321.0820486906738,-25.24485089793226,8.458000000000006,0.0,0.0,0.0
321.0916371603482,-25.238394852218185,8.458000000000006,0.0,0.0,0.0
321.1012300791535,-25.231973974077192,8.458000000000004,0.0,0.0,0.0
321.11082723494343,-25.22558681423174,8.458000000000004,0.0,0.0,0.0
321.1204284189258,-25.219231948088133,8.458000000000004,0.0,0.0,0.0
321.1300334256402,-25.21290797554028,8.458000000000004,0.0,0.0,0.0
321.1396420529353,-25.206613520774095,8.458000000000004,0.0,0.0,0.0
321.1492541019473,-25.200347232072495,8.458000000000006,0.0,0.0,0.0
321.1588693770771,-25.194107781621096,8.458000000000002,0.0,0.0,0.0
321.1684876859688,-25.18789386531443,8.458000000000002,0.0,0.0,0.0
321.1781088394873,-25.18170420256289,8.458000000000006,0.0,0.0,0.0
321.1877326516968,-25.175537536100247,8.458000000000004,0.0,0.0,0.0
321.1973589398387,-25.16939263179178,8.458000000000006,0.0,0.0,0.0
321.2069875243101,-25.163268278443088,8.458000000000004,0.0,0.0,0.0
321.21661822864183,-25.157163287609475,8.458000000000004,0.0,0.0,0.0
321.22625087947694,-25.15107649340602,8.458000000000004,0.0,0.0,0.0
321.23588530654933,-25.14500675231818,8.458000000000002,0.0,0.0,0.0
321.2455213426621,-25.13895294301317,8.458000000000002,0.0,0.0,0.0
321.2551588236661,-25.132913966151776,8.458000000000002,0.0,0.0,0.0
321.2647975884385,-25.12688874420098,8.458000000000002,0.0,0.0,0.0
321.274437478862,-25.120876221247112,8.458,0.0,0.0,0.0
321.2840783398026,-25.114875362809627,8.458000000000002,0.0,0.0,0.0
321.29372001908933,-25.10888515565558,8.458000000000002,0.0,0.0,0.0
321.30336236749264,-25.10290460761465,8.458,0.0,0.0,0.0
321.3130052387033,-25.096932747394806,8.458000000000002,0.0,0.0,0.0
321.3226484893115,-25.090968624398688,8.458000000000002,0.0,0.0,0.0
321.3322919787857,-25.08501130854049,8.458000000000002,0.0,0.0,0.0
321.34193556945183,-25.079059890063572,8.458000000000002,0.0,0.0,0.0
321.35157912647213,-25.073113479358604,8.458000000000002,0.0,0.0,0.0
321.3612225178244,-25.06717120678246,8.458000000000002,0.0,0.0,0.0
321.3708656142813,-25.06123222247764,8.458000000000002,0.0,0.0,0.0
321.3805082893894,-25.055295696192324,8.458000000000004,0.0,0.0,0.0
321.3901504194482,-25.049360817101164,8.458000000000002,0.0,0.0,0.0
321.3997918834901,-25.04342679362657,8.458000000000004,0.0,0.0,0.0
321.4094325632588,-25.037492853260684,8.458000000000002,0.0,0.0,0.0
321.4190723431894,-25.03155824238801,8.458000000000002,0.0,0.0,0.0
321.42871111038744,-25.025622226108588,8.458000000000004,0.0,0.0,0.0
321.4383487546084,-25.019684088061933,8.458000000000004,0.0,0.0,0.0
321.44798516823715,-25.013743130251456,8.458000000000002,0.0,0.0,0.0
321.4576202462674,-25.00779867286961,8.457999999999998,0.0,0.0,0.0
321.4672538862812,-25.001850054123615,8.458,0.0,0.0,0.0
321.4768859884288,-24.995896630061875,8.458,0.0,0.0,0.0
321.48651645540764,-24.98993777440092,8.457999999999998,0.0,0.0,0.0
321.49614519244255,-24.983972878353097,8.458000000000002,0.0,0.0,0.0
321.50577210726493,-24.978001350454814,8.458,0.0,0.0,0.0
321.5153971100928,-24.972022616395396,8.458,0.0,0.0,0.0
321.52502011361014,-24.966036118846684,8.457999999999998,0.0,0.0,0.0
321.5346410329471,-24.960041317293086,8.458,0.0,0.0,0.0
321.54425978565905,-24.954037687862446,8.458,0.0,0.0,0.0
321.5538762917071,-24.94802472315741,8.458000000000002,0.0,0.0,0.0
321.5634904734374,-24.942001932087464,8.458,0.0,0.0,0.0
321.5731022555612,-24.935968839701616,8.458,0.0,0.0,0.0
321.58271156513445,-24.929924987021685,8.458,0.0,0.0,0.0
321.5923183315382,-24.923869930876233,8.458,0.0,0.0,0.0
321.6019224864579,-24.9178032437351,8.458,0.0,0.0,0.0
321.6115239638639,-24.91172451354464,8.458000000000002,0.0,0.0,0.0
321.62112269999085,-24.90563334356348,8.458000000000002,0.0,0.0,0.0
321.6307186333181,-24.899529352198993,8.458,0.0,0.0,0.0
321.6403117045496,-24.893412172844375,8.457999999999998,0.0,0.0,0.0
321.6499018565941,-24.88728145371633,8.458,0.0,0.0,0.0
321.65948903454455,-24.88113685769342,8.458000000000002,0.0,0.0,0.0
321.66907318565916,-24.87497806215503,8.457999999999998,0.0,0.0,0.0
321.6786542593407,-24.86880475882093,8.458,0.0,0.0,0.0
321.688232207117,-24.86261665359154,8.458,0.0,0.0,0.0
321.6978069826213,-24.85641346638873,8.458000000000002,0.0,0.0,0.0
321.70737854157187,-24.850194930997354,8.458,0.0,0.0,0.0
321.71694684175276,-24.843960794907307,8.458,0.0,0.0,0.0
321.72651184299383,-24.837710819156317,8.458,0.0,0.0,0.0
321.7360735071508,-24.831444778173267,8.458000000000002,0.0,0.0,0.0
321.745631798086,-24.82516245962222,8.458,0.0,0.0,0.0
321.7551866816484,-24.81886366424701,8.458000000000002,0.0,0.0,0.0
321.76473812565393,-24.812548205716556,8.458000000000002,0.0,0.0,0.0
321.77428609986583,-24.806215910470694,8.458,0.0,0.0,0.0
321.78383057597523,-24.799866617566728,8.458,0.0,0.0,0.0
321.79337152758137,-24.793500178526546,8.458,0.0,0.0,0.0
321.8029089301723,-24.787116457184382,8.458,0.0,0.0,0.0
321.812442761105,-24.78071532953529,8.458,0.0,0.0,0.0
321.8219729995862,-24.77429668358408,8.458,0.0,0.0,0.0
321.8314996266527,-24.767860419195042,8.458000000000002,0.0,0.0,0.0
321.8410226251521,-24.76140644794223,8.458,0.0,0.0,0.0
321.8505419797233,-24.754934692960333,8.458000000000002,0.0,0.0,0.0
321.86005767677705,-24.748445088796274,8.458,0.0,0.0,0.0
321.86956970447676,-24.741937581261354,8.458,0.0,0.0,0.0
321.8790780527191,-24.735412127284103,8.458,0.0,0.0,0.0
321.8885827131146,-24.728868694763644,8.458,0.0,0.0,0.0
321.8980836789685,-24.72230726242382,8.458,0.0,0.0,0.0
321.9075809452616,-24.715727819667844,8.457999999999998,0.0,0.0,0.0
321.917074508631,-24.709130366433627,8.458,0.0,0.0,0.0
321.92656436735086,-24.70251491304976,8.457999999999998,0.0,0.0,0.0
321.9360505213132,-24.695881480092055,8.458,0.0,0.0,0.0
321.945532972009,-24.689230098240753,8.457999999999998,0.0,0.0,0.0
321.95501172250914,-24.68256080813839,8.457999999999998,0.0,0.0,0.0
321.96448677744513,-24.675873660248243,8.458,0.0,0.0,0.0
321.9739581429904,-24.669168714713383,8.457999999999997,0.0,0.0,0.0
321.98342582684114,-24.662446041216473,8.457999999999997,0.0,0.0,0.0
321.99288983819736,-24.655705718840068,8.458,0.0,0.0,0.0
322.0023501877441,-24.648947835927604,8.457999999999998,0.0,0.0,0.0
322.0118068876326,-24.64217248994501,8.458,0.0,0.0,0.0
322.02125995146145,-24.635379787342917,8.457999999999998,0.0,0.0,0.0
322.0307093942577,-24.628569843419555,8.457999999999998,0.0,0.0,0.0
322.0401552324583,-24.62174278218424,8.457999999999998,0.0,0.0,0.0
322.04959748389115,-24.61489873622147,8.457999999999998,0.0,0.0,0.0
322.0590361677568,-24.608037846555696,8.457999999999998,0.0,0.0,0.0
322.0684713046094,-24.601160262516693,8.457999999999998,0.0,0.0,0.0
322.07790291633853,-24.594266141605537,8.457999999999997,0.0,0.0,0.0
322.08733102615037,-24.587355649361296,8.457999999999998,0.0,0.0,0.0
322.0967556585494,-24.58042895922822,8.457999999999998,0.0,0.0,0.0
322.1061768393195,-24.573486252423685,8.457999999999998,0.0,0.0,0.0
322.11559459550637,-24.5665277178067,8.457999999999998,0.0,0.0,0.0
322.12500895539813,-24.559553551747022,8.457999999999998,0.0,0.0,0.0
322.1344199485079,-24.55256395799493,8.457999999999997,0.0,0.0,0.0
322.1438276055551,-24.54555914755167,8.457999999999998,0.0,0.0,0.0
322.1532319584469,-24.53853933854043,8.457999999999997,0.0,0.0,0.0
322.16263304026074,-24.531504756078036,8.457999999999997,0.0,0.0,0.0
322.1720308852255,-24.52445563214721,8.457999999999998,0.0,0.0,0.0
322.1814255287041,-24.51739220546945,8.457999999999998,0.0,0.0,0.0
322.19081700717453,-24.51031472137866,8.457999999999997,0.0,0.0,0.0
322.2002053582127,-24.503223431695222,8.457999999999998,0.0,0.0,0.0
322.2095906204741,-24.496118594600844,8.457999999999998,0.0,0.0,0.0
322.21897283367576,-24.489000474513947,8.457999999999998,0.0,0.0,0.0
322.2283520385786,-24.48186934196574,8.457999999999998,0.0,0.0,0.0
322.23772827696973,-24.474725473476866,8.457999999999998,0.0,0.0,0.0
322.2471015916443,-24.46756915143472,8.457999999999998,0.0,0.0,0.0
322.2564720263881,-24.460400663971388,8.457999999999998,0.0,0.0,0.0
322.2658396259598,-24.453220304842205,8.457999999999997,0.0,0.0,0.0
322.27520443607335,-24.446028373304888,8.457999999999997,0.0,0.0,0.0
322.28456650338023,-24.43882517399942,8.457999999999997,0.0,0.0,0.0
322.2939258754526,-24.431611016828427,8.458,0.0,0.0,0.0
322.3032826007649,-24.424386216838286,8.457999999999998,0.0,0.0,0.0
322.3126367286771,-24.417151094100788,8.457999999999998,0.0,0.0,0.0
322.32198830941724,-24.40990597359546,8.457999999999998,0.0,0.0,0.0
322.3313373940641,-24.40265118509254,8.457999999999998,0.0,0.0,0.0
322.3406840345299,-24.39538706303651,8.457999999999998,0.0,0.0,0.0
322.3500282835432,-24.38811394643028,8.457999999999998,0.0,0.0,0.0
322.35937019463194,-24.380832178720098,8.457999999999998,0.0,0.0,0.0
322.3687098221058,-24.37354210768091,8.458,0.0,0.0,0.0
322.37804722104005,-24.366244085302483,8.457999999999998,0.0,0.0,0.0
322.3873824472578,-24.35893846767611,8.457999999999998,0.0,0.0,0.0
322.39671555731377,-24.351625614881918,8.457999999999997,0.0,0.0,0.0
322.4060466084769,-24.34430589087685,8.458,0.0,0.0,0.0
322.41537565871397,-24.33697966338324,8.457999999999998,0.0,0.0,0.0
322.42470276667285,-24.329647303778025,8.457999999999998,0.0,0.0,0.0
322.4340279916655,-24.32230918698258,8.457999999999998,0.0,0.0,0.0
322.4433513936518,-24.31496569135319,8.457999999999997,0.0,0.0,0.0
322.45267303322294,-24.307617198572114,8.457999999999998,0.0,0.0,0.0
322.4619929715847,-24.30026409353933,8.457999999999997,0.0,0.0,0.0
322.4713112705414,-24.292906764264863,8.457999999999998,0.0,0.0,0.0
322.4806279924792,-24.285545601761765,8.457999999999998,0.0,0.0,0.0
322.48994320035007,-24.278180999939682,8.457999999999998,0.0,0.0,0.0
322.4992569576555,-24.270813355499115,8.457999999999997,0.0,0.0,0.0
322.50856932843055,-24.263443067826202,8.457999999999998,0.0,0.0,0.0
322.5178803772273,-24.25607053888827,8.457999999999998,0.0,0.0,0.0
322.5271901690993,-24.248696173129872,8.457999999999998,0.0,0.0,0.0
322.53649876958525,-24.241320377369536,8.458,0.0,0.0,0.0
322.5458062446933,-24.23394356069712,8.457999999999998,0.0,0.0,0.0
322.5551126608856,-24.226566134371737,8.458,0.0,0.0,0.0
322.5644180850614,-24.21918851172044,8.457999999999998,0.0,0.0,0.0
322.5737225845428,-24.211811108037374,8.458,0.0,0.0,0.0
322.583026227058,-24.20443434048368,8.457999999999998,0.0,0.0,0.0
322.5923290807263,-24.197058627987925,8.457999999999998,0.0,0.0,0.0
322.6016312140425,-24.189684391147257,8.457999999999998,0.0,0.0,0.0
322.6109326958616,-24.182312052129063,8.457999999999998,0.0,0.0,0.0
322.620233595383,-24.174942034573416,8.457999999999998,0.0,0.0,0.0
322.62953398213574,-24.16757476349597,8.457999999999998,0.0,0.0,0.0
322.638833925963,-24.160210665191613,8.457999999999998,0.0,0.0,0.0
322.6481334970071,-24.15285016713869,8.457999999999998,0.0,0.0,0.0
322.6574327656942,-24.145493697903838,8.457999999999998,0.0,0.0,0.0
322.6667318027196,-24.13814168704748,8.457999999999998,0.0,0.0,0.0
322.6760306790326,-24.13079456502994,8.457999999999997,0.0,0.0,0.0
322.6853294658217,-24.123452763118163,8.457999999999998,0.0,0.0,0.0
322.69462823449976,-24.116116713293074,8.457999999999998,0.0,0.0,0.0
322.7039270566893,-24.108786848157557,8.457999999999998,0.0,0.0,0.0
322.71322600420785,-24.101463600845076,8.457999999999998,0.0,0.0,0.0
322.72252514905364,-24.094147404928865,8.458,0.0,0.0,0.0
322.7318245633905,-24.08683869433184,8.457999999999998,0.0,0.0,0.0
322.7411243195339,-24.07953790323705,8.457999999999998,0.0,0.0,0.0
322.7504244899366,-24.072245465998762,8.457999999999998,0.0,0.0,0.0
322.7597251471741,-24.064961817054275,8.457999999999997,0.0,0.0,0.0
322.7690263639304,-24.057687390836147,8.457999999999998,0.0,0.0,0.0
322.77832821298443,-24.05042262168529,8.458,0.0,0.0,0.0
322.78763076719514,-24.04316794376454,8.457999999999998,0.0,0.0,0.0
322.7969340994883,-24.035923790972838,8.457999999999998,0.0,0.0,0.0
322.80623828284183,-24.02869059686018,8.457999999999998,0.0,0.0,0.0
322.81554339027275,-24.02146879454301,8.457999999999998,0.0,0.0,0.0
322.82484949482284,-24.014258816620366,8.457999999999998,0.0,0.0,0.0
322.83415666954505,-24.0070610950906,8.457999999999997,0.0,0.0,0.0
322.84346498749005,-23.999876061268736,8.457999999999998,0.0,0.0,0.0
322.8527745216926,-23.99270414570446,8.458,0.0,0.0,0.0
322.862085345158,-23.985545778100686,8.457999999999998,0.0,0.0,0.0
322.87139753084887,-23.97840138723282,8.457999999999998,0.0,0.0,0.0
322.8807111516717,-23.97127140086859,8.457999999999998,0.0,0.0,0.0
322.89002628046364,-23.964156245688528,8.457999999999997,0.0,0.0,0.0
322.8993429899794,-23.95705634720709,8.457999999999998,0.0,0.0,0.0
322.9086613528782,-23.949972129694338,8.457999999999998,0.0,0.0,0.0
322.91798144171037,-23.94290401609833,8.457999999999998,0.0,0.0,0.0
322.92730332890517,-23.935852427968072,8.458,0.0,0.0,0.0
322.93662708675726,-23.92881778537712,8.457999999999997,0.0,0.0,0.0
322.9459527874142,-23.921800506847813,8.457999999999997,0.0,0.0,0.0
322.9552805028637,-23.914801009276093,8.457999999999998,0.0,0.0,0.0
322.964610304921,-23.907819707857005,8.457999999999997,0.0,0.0,0.0
322.97394226521635,-23.90085701601079,8.457999999999998,0.0,0.0,0.0
322.98327645518276,-23.893913345309556,8.457999999999998,0.0,0.0,0.0
322.99261294604315,-23.886989105404673,8.457999999999997,0.0,0.0,0.0
323.00195180879837,-23.880084703954743,8.458,0.0,0.0,0.0
323.0112931142148,-23.87320054655416,8.457999999999998,0.0,0.0,0.0
323.0206369328126,-23.866337036662305,8.457999999999998,0.0,0.0,0.0
323.02998333485283,-23.859494575533493,8.457999999999998,0.0,0.0,0.0
323.0393323903265,-23.85267356214725,8.457999999999998,0.0,0.0,0.0
323.0486841689417,-23.845874393139606,8.457999999999997,0.0,0.0,0.0
323.05803874011235,-23.839097462734642,8.458,0.0,0.0,0.0
323.06739617294636,-23.832343162676942,8.457999999999998,0.0,0.0,0.0
323.07675653623363,-23.82561188216447,8.457999999999997,0.0,0.0,0.0
323.0861198984349,-23.81890400778218,8.457999999999998,0.0,0.0,0.0
323.09548632766996,-23.812219923436224,8.457999999999998,0.0,0.0,0.0
323.10485589170634,-23.805560010288787,8.457999999999998,0.0,0.0,0.0
323.11422865794776,-23.798924646693553,8.457999999999997,0.0,0.0,0.0
323.12360469342315,-23.79231420813172,8.457999999999997,0.0,0.0,0.0
323.13298406477503,-23.78572906714879,8.457999999999998,0.0,0.0,0.0
