galstreams/tracks/track.st.Indus.shipp2019.ecsv
# %ECSV 0.9
# ---
# datatype:
# - {name: ra, unit: deg, datatype: float64}
# - {name: dec, unit: deg, datatype: float64}
# - {name: distance, unit: kpc, datatype: float64}
# - {name: pm_ra_cosdec, unit: mas / yr, datatype: float64}
# - {name: pm_dec, unit: mas / yr, datatype: float64}
# - {name: radial_velocity, unit: km / s, datatype: float64}
# delimiter: ','
# meta: !!omap
# - __serialized_columns__:
#     dec:
#       __class__: astropy.coordinates.angles.Latitude
#       unit: &id001 !astropy.units.Unit {unit: deg}
#       value: !astropy.table.SerializedColumn {name: dec}
#     distance:
#       __class__: astropy.coordinates.distances.Distance
#       unit: !astropy.units.Unit {unit: kpc}
#       value: !astropy.table.SerializedColumn {name: distance}
#     pm_dec:
#       __class__: astropy.units.quantity.Quantity
#       unit: !astropy.units.Unit {unit: mas / yr}
#       value: !astropy.table.SerializedColumn {name: pm_dec}
#     pm_ra_cosdec:
#       __class__: astropy.units.quantity.Quantity
#       unit: !astropy.units.Unit {unit: mas / yr}
#       value: !astropy.table.SerializedColumn {name: pm_ra_cosdec}
#     ra:
#       __class__: astropy.coordinates.angles.Longitude
#       unit: *id001
#       value: !astropy.table.SerializedColumn {name: ra}
#       wrap_angle: !astropy.coordinates.Angle
#         unit: *id001
#         value: 360.0
#     radial_velocity:
#       __class__: astropy.units.quantity.Quantity
#       unit: !astropy.units.Unit {unit: km / s}
#       value: !astropy.table.SerializedColumn {name: radial_velocity}
# schema: astropy-2.0
ra,dec,distance,pm_ra_cosdec,pm_dec,radial_velocity
[from data line 964]
336.07598706087504,-58.90776956652705,16.600000000009533,3.1442471293887433,-4.867367050050483,-2.973339190489403e-09
336.0902843623354,-58.91453056246462,16.600000000009533,3.1452944343369,-4.8673284209103755,-2.982703083537821e-09
336.1045863726426,-58.9212904496379,16.600000000009533,3.146342295224964,-4.867289551719881,-2.992336441134395e-09
336.11889309424936,-58.92804922729493,16.60000000000954,3.1473907123505946,-4.867250442022543,-3.001700334182813e-09
336.13320452960926,-58.93480689468313,16.60000000000954,3.1484396860114083,-4.867211091361469,-3.0113000087108675e-09
336.14752068117645,-58.94156345104947,16.60000000000954,3.1494892165050152,-4.867171499279315,-3.020832317101883e-09
336.16184155140576,-58.94831889564034,16.600000000009548,3.150539304128994,-4.867131665318297,-3.0302298932188207e-09
336.1761671427528,-58.95507322770159,16.600000000009548,3.1515899491809125,-4.867091589020186,-3.0396611524042776e-09
336.1904974576737,-58.96182644647853,16.60000000000955,3.1526411519582993,-4.867051269926312,-3.0492271438638127e-09
336.2048324986254,-58.96857855121598,16.600000000009555,3.153692912758677,-4.867010707577557,-3.0584899877066724e-09
336.2191722680655,-58.97532954115813,16.600000000009555,3.1547452318795353,-4.866969901514363,-3.0679212468921293e-09
336.23351676845215,-58.982079415548725,16.60000000000956,3.1557981096183356,-4.866928851276723,-3.077352506077586e-09
336.24786600224434,-58.9888281736309,16.600000000009565,3.156851546272528,-4.866887556404186,-3.0867500821945237e-09
336.2622199719018,-58.995575814647296,16.60000000000957,3.1579055421395315,-4.866846016435852,-3.0960802921744223e-09
336.2765786798846,-59.00232233784,16.600000000009572,3.1589600975167365,-4.866804230910383,-3.105410502154321e-09
336.2909421286538,-59.009067742450526,16.600000000009572,3.1600152127015146,-4.866762199365991,-3.1148417613397778e-09
336.305310320671,-59.0158120277199,16.600000000009576,3.1610708879912064,-4.866719921340436,-3.124138288251157e-09
336.3196832583986,-59.022555192888575,16.600000000009576,3.162127123683132,-4.86667739637104,-3.133569547436614e-09
336.33406094429944,-59.02929723719648,16.60000000000958,3.16318392007458,-4.86663462399467,-3.1427313420739152e-09
336.3484433808371,-59.036038159882985,16.600000000009587,3.164241277462809,-4.866591603747751,-3.1520615520538134e-09
336.36283057047604,-59.04277796018692,16.600000000009583,3.1652991961450585,-4.866548335166264,-3.1614254451022314e-09
336.3772225156811,-59.04951663734658,16.60000000000959,3.1663576764185373,-4.866504817785729,-3.1706209228080523e-09
336.391619218918,-59.05625419059972,16.60000000000959,3.167416718580422,-4.866461051141233,-3.179951132787951e-09
336.406020682653,-59.06299061918354,16.6000000000096,3.168476322927866,-4.866417034767396,-3.1891802935622907e-09
336.42042690935295,-59.06972592233471,16.6000000000096,3.1695364897579914,-4.866372768198413,-3.1983757712681116e-09
336.43483790148554,-59.076460099289335,16.600000000009604,3.1705972193678837,-4.866328250968008,-3.2077396643165296e-09
336.44925366151904,-59.08319314928302,16.600000000009608,3.1716585120546146,-4.866283482609468,-3.217002508159389e-09
336.4636741919224,-59.08992507155077,16.600000000009608,3.1727203681152125,-4.866238462655623,-3.2260969366596514e-09
336.4780994951652,-59.096655865327065,16.60000000000961,3.1737827878466813,-4.86619319063886,-3.2352587312969524e-09
336.4925295737176,-59.10338552984587,16.600000000009615,3.174845771545983,-4.866147666091111,-3.2445552582083315e-09
336.50696443005063,-59.11011406434055,16.600000000009622,3.175909319510068,-4.866101888543852,-3.2536496867085936e-09
336.5214040666357,-59.116841468044,16.600000000009626,3.176973432035834,-4.866055857528124,-3.262777798277375e-09
336.535848485945,-59.12356774018848,16.600000000009626,3.17803810942016,-4.8660095725745025,-3.2719059098461567e-09
336.5502976904515,-59.13029288000575,16.600000000009626,3.1791033519598884,-4.865963033213115,-3.2810677044834577e-09
336.5647516826286,-59.13701688672703,16.60000000000963,3.1801691599518263,-4.865916238973635,-3.2901284499152004e-09
336.5792104649504,-59.14373975958299,16.600000000009633,3.1812355336927443,-4.865869189385289,-3.299323927621021e-09
336.59367403989177,-59.15046149780374,16.600000000009636,3.1823024734793917,-4.86582188397685,-3.308384673052764e-09
336.6081424099281,-59.15718210061885,16.600000000009636,3.183369979608468,-4.865774322276636,-3.3174454184845065e-09
336.6226155775355,-59.16390156725731,16.600000000009647,3.184438052376647,-4.865726503812507,-3.3265398469847686e-09
336.6370935451907,-59.17061989694761,16.600000000009643,3.1855066920805704,-4.86567842811188,-3.33566795855355e-09
336.6515763153709,-59.177337088917696,16.600000000009654,3.1865758990168285,-4.865630094701714,-3.344728703985293e-09
336.6660638905543,-59.18405314239492,16.600000000009654,3.187645673481993,-4.86558150310851,-3.3536884002114767e-09
336.6805562732194,-59.1907680566061,16.600000000009658,3.1887160157725885,-4.8655326528583185,-3.3626144133691416e-09
336.6950534658455,-59.197481830777505,16.60000000000966,3.1897869261851084,-4.865483543476736,-3.371742524937923e-09
336.70955547091256,-59.20419446413487,16.600000000009665,3.1908584050160065,-4.865434174488898,-3.380634855027068e-09
336.724062290901,-59.21090595590336,16.60000000000967,3.1919304525616905,-4.865384545419493,-3.389695600458811e-09
336.738573928292,-59.217616305307594,16.600000000009675,3.1930030691185447,-4.865334655792751,-3.3986889797535146e-09
336.7530903855675,-59.22432551157166,16.600000000009675,3.1940762549829085,-4.865284505132442,-3.4076149929111795e-09
336.76761166520976,-59.23103357391905,16.600000000009675,3.195150010451078,-4.865234092961889,-3.416608372205883e-09
336.78213776970193,-59.23774049157275,16.60000000000968,3.19622433581931,-4.865183418803947,-3.4255680684320672e-09
336.79666870152766,-59.24444626375519,16.600000000009686,3.197299231383831,-4.865132482181018,-3.4343256662471345e-09
336.8112044631713,-59.251150889688184,16.600000000009686,3.1983746974408174,-4.86508128261506,-3.443319045541838e-09
336.82574505711773,-59.25785436859307,16.60000000000969,3.1994507342864065,-4.865029819627551,-3.4522113756309833e-09
336.8402904858525,-59.26455669969062,16.600000000009697,3.2005273422166938,-4.8649780927395305,-3.461070022651609e-09
336.85484075186184,-59.27125788220102,16.6000000000097,3.2016045215277353,-4.864926101471569,-3.469962352740754e-09
336.86939585763247,-59.27795791534392,16.600000000009704,3.2026822725155473,-4.864873845343784,-3.4788546828298994e-09
336.8839558056519,-59.28465679833841,16.600000000009704,3.2037605954760977,-4.8648213238758276,-3.487645963713486e-09
336.8985205984081,-59.29135453040304,16.60000000000971,3.2048394907053153,-4.864768536586903,-3.496437244597073e-09
336.9130902383897,-59.2980511107558,16.60000000000971,3.205918958499083,-4.8647154829957495,-3.5052285254806596e-09
336.927664728086,-59.30474653861409,16.600000000009715,3.206998999153237,-4.864662162620646,-3.5140871725012852e-09
336.9422440699868,-59.31144081319483,16.600000000009718,3.20807961296358,-4.864608574979414,-3.522878453384872e-09
336.9568282665827,-59.3181339337143,16.600000000009718,3.2091608002258547,-4.864554719589412,-3.5317371004054975e-09
336.9714173203647,-59.324825899388294,16.60000000000973,3.2102425612357717,-4.864500595967536,-3.540494698220565e-09
336.9860112338245,-59.331516709431995,16.60000000000973,3.2113248962889926,-4.864446203630232,-3.5491849298985932e-09
337.0006100094545,-59.33820636306007,16.600000000009732,3.2124078056811207,-4.864391542093476,-3.558043576919219e-09
337.0152136497475,-59.34489485948661,16.600000000009736,3.2134912897077355,-4.864336610872782,-3.566666442460208e-09
337.0298221571971,-59.35158219792513,16.60000000000974,3.2145753486643467,-4.864281409483208,-3.5754577233437947e-09
337.04443553429735,-59.35826837758864,16.600000000009747,3.2156599828464314,-4.864225937439345,-3.584080588884784e-09
337.05905378354305,-59.36495339768954,16.600000000009747,3.2167451925494137,-4.86417019425533,-3.5928381866998515e-09
337.07367690742944,-59.37163725743969,16.60000000000975,3.217830978068667,-4.864114179444826,-3.6015284183778794e-09
337.08830490845247,-59.37831995605039,16.600000000009757,3.2189173396995185,-4.864057892521043,-3.6101849669873884e-09
337.10293778910875,-59.38500149273239,16.60000000000976,3.220004277737252,-4.864001332996722,-3.6188078325283775e-09
337.1175755518952,-59.39168186669588,16.600000000009764,3.221091792477086,-4.863944500384148,-3.6275317472749254e-09
337.13221819930965,-59.39836107715049,16.600000000009764,3.222179884214201,-4.863887394195132,-3.636120929747395e-09
337.1468657338504,-59.405039123305265,16.600000000009768,3.223268553243728,-4.863830013941031,-3.644777478356904e-09
337.1615181580163,-59.41171600436872,16.600000000009775,3.2243577998607407,-4.863772359132728,-3.6532656116238153e-09
337.17617547430683,-59.4183917195488,16.60000000000978,3.2254476243602572,-4.863714429280652,-3.6618211110277656e-09
337.19083768522205,-59.42506626805287,16.600000000009782,3.2265380270372575,-4.863656223894765,-3.6704439765687547e-09
337.20550479326255,-59.43173964908777,16.600000000009786,3.227629008186658,-4.863597742484554,-3.6791005251782636e-09
337.2201768009297,-59.43841186185974,16.600000000009786,3.2287205681033275,-4.863538984559053,-3.6876223415136944e-09
337.2348537107253,-59.4450829055745,16.60000000000979,3.2298127070820746,-4.8634799496268215,-3.6961778409176446e-09
337.2495355251516,-59.45175277943717,16.6000000000098,3.2309054254176575,-4.863420637195958,-3.7046996572530754e-09
337.26422224671177,-59.45842148265232,16.6000000000098,3.2319987234047898,-4.863361046774097,-3.7131877905199868e-09
337.27891387790913,-59.46508901442398,16.600000000009803,3.2330926013381114,-4.863301177868404,-3.7217096068554176e-09
337.2936104212481,-59.47175537395557,16.60000000000981,3.234187059512227,-4.863241029985569,-3.730265106259368e-09
337.3083118792332,-59.47842056044998,16.600000000009814,3.235282098221668,-4.863180602631829,-3.73868587338924e-09
337.3230182543698,-59.48508457310953,16.600000000009818,3.236377717760922,-4.863119895312947,-3.747072957450593e-09
337.33772954916367,-59.49174741113598,16.600000000009818,3.2374739184244143,-4.863058907534221,-3.755561090717505e-09
337.35244576612126,-59.49840907373052,16.600000000009825,3.238570700506507,-4.862997638800472,-3.763948174778857e-09
337.3671669077496,-59.50506956009374,16.600000000009825,3.239668064301517,-4.862936088616067,-3.772537357251327e-09
337.38189297655634,-59.511728869425745,16.600000000009832,3.2407660101037026,-4.862874256484891,-3.780857075175641e-09
337.39662397504947,-59.518387000926005,16.600000000009835,3.2418645382072517,-4.86281214191037,-3.789210476168474e-09
337.4113599057377,-59.52504395379344,16.60000000000984,3.242963648906297,-4.862749744395455,-3.797664926366866e-09
337.42610077113034,-59.53169972722644,16.600000000009846,3.2440633424949232,-4.86268706344263,-3.80598464429118e-09
337.44084657373725,-59.53835432042276,16.600000000009846,3.245163619267143,-4.862624098553912,-3.814338045284013e-09
337.45559731606863,-59.54500773257967,16.600000000009853,3.246264479516906,-4.8625608492308405,-3.822691446276847e-09
337.47035300063567,-59.55165996289377,16.600000000009857,3.2473659235381196,-4.862497314974493,-3.83104484726968e-09
337.4851136299497,-59.55831101056122,16.600000000009864,3.248467951624606,-4.862433495285471,-3.839431931331032e-09
337.49987920652273,-59.56496087477751,16.600000000009864,3.2495705640701393,-4.862369389663908,-3.8477516492553466e-09
337.51464973286755,-59.5716095547376,16.600000000009864,3.2506737611684318,-4.862304997609464,-3.856037684111141e-09
337.5294252114972,-59.57825704963587,16.60000000000987,3.25177754321313,-4.862240318621329,-3.864290035898416e-09
337.54420564492534,-59.58490335866616,16.60000000000987,3.25288191049781,-4.86217535219822,-3.8725087046171715e-09
337.5589910356663,-59.591548481021704,16.600000000009878,3.2539868633159985,-4.862110097838384,-3.8807273733359265e-09
337.5737813862348,-59.59819241589518,16.600000000009885,3.255092401961144,-4.8620445550395965,-3.8891144573972796e-09
337.58857669914636,-59.6048351624787,16.600000000009892,3.256198526726643,-4.861978723299158,-3.897265759978996e-09
337.6033769769167,-59.61147671996381,16.60000000000989,3.257305237905816,-4.861912602113895,-3.9054844286977515e-09
337.6181822220624,-59.618117087541464,16.600000000009892,3.258412535791925,-4.861846190980164,-3.9137030974165065e-09
337.6329924371002,-59.62475626440209,16.600000000009903,3.2595204206781565,-4.861779489393847,-3.921989132272301e-09
337.6478076245479,-59.63139424973549,16.600000000009906,3.2606288928576466,-4.86171249685035,-3.930106751785498e-09
337.66262778692334,-59.63803104273094,16.600000000009906,3.261737952623445,-4.861645212844612,-3.938258054367215e-09
337.67745292674516,-59.644666642577086,16.60000000000991,3.262847600268546,-4.86157763687109,-3.946544089223009e-09
337.69228304653257,-59.651301048462095,16.600000000009917,3.2639578360858748,-4.861509768423765,-3.954560659530647e-09
337.7071181488051,-59.657934259573466,16.60000000000992,3.2650686603682857,-4.861441606996157,-3.962711962112364e-09
337.72195823608297,-59.664566275098174,16.60000000000992,3.2661800734085586,-4.861373152081293,-3.970930630831119e-09
337.73680331088696,-59.67119709422264,16.600000000009928,3.267292075499416,-4.861304403171733,-3.9788798350017185e-09
337.7516533757383,-59.67782671613264,16.60000000000993,3.2684046669335007,-4.861235359759568,-3.986862722240837e-09
337.7665084331586,-59.68445514001345,16.600000000009942,3.2695178480033835,-4.8611660213364,-3.995047707891074e-09
337.7813684856703,-59.69108236504972,16.600000000009945,3.2706316190015716,-4.861096387393365,-4.0031653274042705e-09
337.79623353579626,-59.697708390425575,16.600000000009945,3.2717459802204982,-4.861026457421112,-4.011148214643389e-09
337.81110358605963,-59.70433321532453,16.600000000009953,3.2728609319525233,-4.860956230909829,-4.019097418813989e-09
337.8259786389844,-59.71095683892952,16.600000000009956,3.273976474489929,-4.860885707349212,-4.027181355258666e-09
337.84085869709486,-59.71757926042292,16.60000000000996,3.2750926081249307,-4.8608148862284875,-4.035265291703344e-09
337.855743762916,-59.72420047898655,16.600000000009963,3.276209333149675,-4.860743767036393,-4.043214495873944e-09
337.87063383897316,-59.73082049380161,16.600000000009963,3.277326649856225,-4.860672349261208,-4.051163700044543e-09
337.8855289277922,-59.73743930404875,16.600000000009974,3.278444558536565,-4.860600632390718,-4.059146587283662e-09
337.9004290318996,-59.744056908908036,16.600000000009977,3.279563059482621,-4.860528615912238,-4.0671631575913e-09
337.91533415382224,-59.75067330755896,16.600000000009985,3.280682152986227,-4.860456299312595,-4.075179727898939e-09
337.93024429608766,-59.75728849918045,16.600000000009988,3.2818018393391593,-4.860383682078147,-4.082960516726941e-09
337.9451594612236,-59.763902482950826,16.60000000000999,3.2829221188330893,-4.86031076369477,-4.09094340396606e-09
337.9600796517588,-59.77051525804785,16.60000000000999,3.284042991759639,-4.860237543647855,-4.098791558931101e-09
337.975004870222,-59.7771268236487,16.60000000001,3.2851644584103425,-4.860164021422318,-4.106673396964662e-09
337.9899351191426,-59.78373717892998,16.600000000010002,3.2862865190766444,-4.860090196502595,-4.114622601135261e-09
338.0048704010507,-59.79034632306771,16.600000000010006,3.2874091740499303,-4.860016068372642,-4.12260548837438e-09
338.0198107184767,-59.79695425523735,16.600000000010013,3.2885324236214952,-4.859941636515925,-4.130318911065343e-09
338.0347560739515,-59.803560974613745,16.600000000010017,3.2896562680825543,-4.859866900415449,-4.138268115235942e-09
338.0497064700065,-59.81016648037119,16.600000000010017,3.290780707724247,-4.859791859553713,-4.146015220995425e-09
