galstreams/tracks/track.st.M68.ibata2021.ecsv
# %ECSV 0.9
# ---
# datatype:
# - {name: ra, unit: deg, datatype: float64}
# - {name: dec, unit: deg, datatype: float64}
# - {name: distance, unit: kpc, datatype: float64}
# - {name: pm_ra_cosdec, unit: mas / yr, datatype: float64}
# - {name: pm_dec, unit: mas / yr, datatype: float64}
# - {name: radial_velocity, unit: km / s, datatype: float64}
# delimiter: ','
# meta: !!omap
# - __serialized_columns__:
#     dec:
#       __class__: astropy.coordinates.angles.Latitude
#       unit: &id001 !astropy.units.Unit {unit: deg}
#       value: !astropy.table.SerializedColumn {name: dec}
#     distance:
#       __class__: astropy.coordinates.distances.Distance
#       unit: !astropy.units.Unit {unit: kpc}
#       value: !astropy.table.SerializedColumn {name: distance}
#     pm_dec:
#       __class__: astropy.units.quantity.Quantity
#       unit: !astropy.units.Unit {unit: mas / yr}
#       value: !astropy.table.SerializedColumn {name: pm_dec}
#     pm_ra_cosdec:
#       __class__: astropy.units.quantity.Quantity
#       unit: !astropy.units.Unit {unit: mas / yr}
#       value: !astropy.table.SerializedColumn {name: pm_ra_cosdec}
#     ra:
#       __class__: astropy.coordinates.angles.Longitude
#       unit: *id001
#       value: !astropy.table.SerializedColumn {name: ra}
#       wrap_angle: !astropy.coordinates.Angle
#         unit: *id001
#         value: 360.0
#     radial_velocity:
#       __class__: astropy.units.quantity.Quantity
#       unit: !astropy.units.Unit {unit: km / s}
#       value: !astropy.table.SerializedColumn {name: radial_velocity}
# schema: astropy-2.0
ra,dec,distance,pm_ra_cosdec,pm_dec,radial_velocity
[from data line 1129]
189.27409568898537,-32.81074002825332,4.236284828646415,-3.9561423439101526,7.331891947969182,0.0
189.27734673577592,-32.80110280074598,4.236426343838447,-3.9560693014489434,7.328084131769798,-2.5262301389617013e-14
189.28060232284366,-32.79146621306468,4.23656609367617,-3.956000394707309,7.3242807063210265,8.420767129872338e-15
189.28386245815994,-32.78183026613302,4.236704073425678,-3.955935633114858,7.320481692800168,4.210383564936169e-14
189.28712714969396,-32.77219496087344,4.236840278353074,-3.955875026103282,7.316687112383075,0.0
189.2903964054123,-32.76256029820723,4.23697470372446,-3.9558185831063644,7.312896986244121,2.5262301389617013e-14
189.29367023327947,-32.75292627905453,4.237107344805936,-3.955766313560001,7.309111335556218,-1.6841534259744676e-14
189.29694864125747,-32.74329290433431,4.237238196863603,-3.9557182269021975,7.305330181490797,2.5262301389617013e-14
189.3002316373061,-32.73366017496445,4.237367255163563,-3.955674332573091,7.301553545217814,-8.420767129872338e-15
189.3035192293827,-32.724028091861605,4.237494514971917,-3.955634640014957,7.297781447905734,8.420767129872338e-15
189.30681142544245,-32.71439665594133,4.237619971554766,-3.9555991586722223,7.294013910721536,1.6841534259744676e-14
189.3101082334381,-32.70476586811799,4.237743620178209,-3.955567897991477,7.290250954830697,-8.420767129872338e-15
189.3134096613201,-32.695135729304795,4.2378654561083495,-3.9555408674214707,7.28649260139721,-1.6841534259744676e-14
189.31671571703663,-32.68550624041381,4.237985474611287,-3.9555180764131506,7.28273887158354,8.420767129872338e-15
189.3200264085336,-32.67587740235594,4.238103670953126,-3.9554995344196424,7.27898978655065,-1.6841534259744676e-14
189.32334174375455,-32.666249216040896,4.2382200403999635,-3.955485250896287,7.275245367457993,0.0
189.32666173064078,-32.65662168237728,4.238334578217901,-3.955475235300637,7.271505635463503,0.0
189.32998637713123,-32.64699480227248,4.238447279673041,-3.9554694970924693,7.267770611723574,8.420767129872338e-15
189.33331569116268,-32.63736857663274,4.2385581400314845,-3.955468045733797,7.2640403173930785,-8.420767129872338e-15
189.3366496806695,-32.62774300636312,4.238667154559333,-3.955470890688882,7.260314773625356,8.420767129872338e-15
189.33998835358386,-32.61811809236754,4.238774318522686,-3.9554780414242443,7.2565940015721955,3.368306851948935e-14
189.3433317178356,-32.60849383554872,4.238879627187645,-3.9554895074086773,7.252878022383852,8.420767129872338e-15
189.34667978135238,-32.59887023680822,4.238983075820312,-3.9555052981132475,7.249166857209014,2.5262301389617013e-14
189.35003255205953,-32.589247297046406,4.239084659686786,-3.9555254230113173,7.24546052719483,1.6841534259744676e-14
189.35339003788016,-32.5796250171625,4.239184374053171,-3.9555498915785536,7.241759053486875,-8.420767129872338e-15
189.35675224673503,-32.570003398054524,4.239282214185566,-3.955578713292929,7.238062457229164,0.0
189.36011918654276,-32.560382440619335,4.239378175350073,-3.9556118976347454,7.234370759564135,-8.420767129872338e-15
189.36349086521966,-32.55076214575259,4.239472252812793,-3.9556494540866427,7.230683981632658,-1.6841534259744676e-14
189.36686729067983,-32.541142514348785,4.239564441839826,-3.9556913921335988,7.227002144574016,8.420767129872338e-15
189.37024847083512,-32.53152354730123,4.239654737697274,-3.955737721262956,7.223325269525903,0.0
189.37363441359514,-32.521905245502026,4.239743135651238,-3.9557884509644206,7.219653377624427,-8.420767129872338e-15
189.3770251268673,-32.51228760984212,4.239829630967819,-3.9558435907300753,7.215986490004091,2.5262301389617013e-14
189.38042061855668,-32.50267064121126,4.239914218913118,-3.9559031500544015,7.2123246277978055,-1.6841534259744676e-14
189.38382089656625,-32.49305434049798,4.2399968947532365,-3.9559671384342736,7.20866781213687,2.5262301389617013e-14
189.38722596879674,-32.48343870858966,4.240077653754274,-3.9560355653689827,7.205016064150968,1.6841534259744676e-14
189.39063584314664,-32.47382374637248,4.240156491182334,-3.956108440360237,7.201369404968176,8.420767129872338e-15
189.39405052751223,-32.4642094547314,4.240233402303514,-3.9561857729121854,7.197727855714932,1.6841534259744676e-14
189.39747002978757,-32.45459583455022,4.240308382383919,-3.956267572531417,7.194091437516064,2.5262301389617013e-14
189.4008943578646,-32.44498288671151,4.240381426689647,-3.956353848726979,7.190460171494758,8.420767129872338e-15
189.40432351963292,-32.43537061209667,4.240452530486802,-3.9564446110103844,7.186834078772564,8.420767129872338e-15
189.40775752298003,-32.425759011585875,4.240521689041484,-3.956539868895624,7.183213180469387,1.6841534259744676e-14
189.4111963757913,-32.41614808605811,4.2405888976197925,-3.9566396318991783,7.17959749770349,4.210383564936169e-14
189.41464008594977,-32.40653783639119,4.2406541514878295,-3.9567439095400294,7.175987051591486,-8.420767129872338e-15
189.41808866133636,-32.396928263461646,4.240717445911696,-3.956852711339667,7.1723818632483125,0.0
189.42154210982986,-32.38731936814488,4.2407787761574935,-3.9569660468221035,7.168781953787265,-8.420767129872338e-15
189.4250004393068,-32.377711151315054,4.240838137491323,-3.9570839255138894,7.165187344319959,1.6841534259744676e-14
189.42846365764163,-32.36810361384513,4.240895525179286,-3.9572063569441096,7.161598055956339,0.0
189.43193177270655,-32.35849675660683,4.240950934487482,-3.9573333506444115,7.158014109804672,-8.420767129872338e-15
189.43540479237166,-32.348890580470716,4.241004360682014,-3.9574649161490094,7.154435526971539,3.368306851948935e-14
189.43888272450488,-32.339285086306106,4.241055799028981,-3.9576010629946925,7.150862328561841,-8.420767129872338e-15
189.44236557697195,-32.32968027498109,4.241105244794485,-3.957741800720833,7.147294535678778,2.5262301389617013e-14
189.4458533576365,-32.32007614736258,4.2411526932446275,-3.957887138869416,7.143732169423854,-2.5262301389617013e-14
189.44934607436,-32.310472704316204,4.241198139645509,-3.9580370869850197,7.1401752508968634,1.6841534259744676e-14
189.45284373500178,-32.30086994670646,4.2412415792632325,-3.9581916546148594,7.1366238011958965,1.6841534259744676e-14
189.45634634741901,-32.29126787539658,4.2412830073638945,-3.9583508513087753,7.133077841417336,8.420767129872338e-15
189.45985391946675,-32.28166649124855,4.241322419213601,-3.9585146866192518,7.129537392655834,8.420767129872338e-15
189.46336645899794,-32.27206579512317,4.2413598100784515,-3.9586831701014247,7.1260024760043255,2.5262301389617013e-14
189.46688397386336,-32.26246578788,4.241395175224544,-3.9588563113131086,7.122473112554015,8.420767129872338e-15
189.4704064719117,-32.25286647037736,4.241428509917985,-3.9590341198147763,7.11894932339437,1.6841534259744676e-14
189.4739339609895,-32.243267843472374,4.241459809424871,-3.9592166051696047,7.115431129613123,0.0
189.47746644894124,-32.233669908020914,4.241489069011304,-3.9594037769434625,7.111918552296258,0.0
189.4810039436092,-32.22407266487762,4.241516283943388,-3.959595644704925,7.108411612528013,2.5262301389617013e-14
189.48454645283368,-32.2144761148959,4.24154144948722,-3.9597922180252993,7.104910331390865,2.5262301389617013e-14
189.48809398445275,-32.20488025892795,4.241564560908903,-3.959993506478614,7.101414729965539,5.0524602779234026e-14
189.49164654630246,-32.1952850978247,4.241585613474538,-3.960199519641647,7.097924829330988,8.420767129872338e-15
189.49520414621676,-32.18569063243586,4.241604602450229,-3.9604102670939287,7.094440650564396,4.210383564936169e-14
189.49876679202745,-32.17609686360991,4.24162152310207,-3.960625758417761,7.090962214741186,-2.5262301389617013e-14
189.50233449156434,-32.166503792194035,4.241636370696169,-3.9608460031982102,7.087489542934971,-8.420767129872338e-15
189.50590725265505,-32.15691141903426,4.241649140498622,-3.9610710110231437,7.084022656217613,0.0
189.50948508312518,-32.14731974497533,4.241659827775534,-3.9613007914832195,7.080561575659153,8.420767129872338e-15
189.5130679907983,-32.1377287708607,4.2416684277930035,-3.9615353541719087,7.077106322327856,4.210383564936169e-14
189.51665598349587,-32.12813849753267,4.241674935817132,-3.961774708685504,7.073656917290178,1.6841534259744676e-14
189.52024906903722,-32.11854892583222,4.241679347114022,-3.9620188646231282,7.070213381610774,0.0
189.5238472552397,-32.108960056599116,4.2416816569497735,-3.9622678315867503,7.066775736352481,1.6841534259744676e-14
189.52745054991857,-32.09937189067186,4.241681860590486,-3.962521619181192,7.063344002576331,8.420767129872338e-15
189.53105896088704,-32.0897844288877,4.241679953302264,-3.962780237014141,7.059918201341518,0.0
189.53467249595627,-32.08019767208264,4.241675930351207,-3.9630436946961614,7.056498353705428,4.210383564936169e-14
189.5382911629354,-32.070611621091444,4.241669787003414,-3.963312001840712,7.0530844807236015,-1.6841534259744676e-14
189.54191496963142,-32.06102627674757,4.241661518524991,-3.9635851680641356,7.0496766034497504,2.5262301389617013e-14
189.54554392384944,-32.05144163988326,4.241651120182032,-3.9638632029857033,7.0462747429357435,0.0
189.5491780333924,-32.041857711329506,4.241638587240644,-3.9641461162275924,7.042878920231599,8.420767129872338e-15
189.55281730606129,-32.032274491915985,4.241623914966927,-3.964433917414921,7.039489156385487,1.6841534259744676e-14
189.55646174965503,-32.02269198247118,4.241607098626979,-3.9647266161757506,7.0361054724437215,3.368306851948935e-14
189.56011137197055,-32.01311018382227,4.2415881334869034,-3.965024222141094,7.032727889450749,8.420767129872338e-15
189.56376618080273,-32.003529096795155,4.241567014812802,-3.9653267449449334,7.029356428449155,2.5262301389617013e-14
189.56742618394443,-31.993948722214526,4.241543737870774,-3.965634194224224,7.025991110479649,-8.420767129872338e-15
189.57109138918653,-31.98436906090373,4.2415182979269215,-3.9659465796189144,7.022631956581064,4.210383564936169e-14
189.57476180431792,-31.97479011368491,4.241490690247346,-3.966263910771947,7.019278987790348,0.0
189.5784374371254,-31.965211881378906,4.241460910098149,-3.9665861973292786,7.015932225142565,8.420767129872338e-15
189.58211829539377,-31.955634364805295,4.24142895274543,-3.9669134489398847,7.012591689670884,8.420767129872338e-15
189.58580438690598,-31.94605756478237,4.2413948134552895,-3.967245675255781,7.0092574024065835,2.5262301389617013e-14
189.58949571944288,-31.93648148212717,4.241358487493828,-3.9675828859320177,7.005929384379023,2.5262301389617013e-14
189.5931923007833,-31.926906117655427,4.241319970127153,-3.9679250906267054,7.002607656615661,0.0
189.59689413870416,-31.917331472181623,4.241279256621357,-3.9682722990010184,6.999292240142058,0.0
189.60060124098032,-31.90775754651895,4.241236342242546,-3.9686245207192066,6.995983155981832,0.0
189.60431361538477,-31.89818434147932,4.241191222256821,-3.968981765448617,6.99268042515669,-8.420767129872338e-15
189.6080312696884,-31.888611857873336,4.24114389193028,-3.9693440428596887,6.989384068686411,0.0
189.61175421166024,-31.879040096510373,4.241094346529027,-3.9697113626259704,6.986094107588836,-8.420767129872338e-15
189.6154824490673,-31.86946905819848,4.241042581319162,-3.970083734424145,6.982810562879872,1.6841534259744676e-14
189.6192159896746,-31.859898743744413,4.2409885915667855,-3.9704611679340087,6.979533455573477,4.210383564936169e-14
189.62295484124527,-31.850329153953687,4.240932372538,-3.970843672838522,6.97626280668166,0.0
189.62669901154047,-31.840760289630463,4.240873919498906,-3.9712312588237837,6.972998637214483,0.0
189.63044850831935,-31.831192151577664,4.240813227715604,-3.971623935579073,6.969740968180039,0.0
189.6342033393392,-31.821624740596878,4.240750292454195,-3.9720217127968405,6.966489820584462,3.368306851948935e-14
189.63796351235527,-31.812058057488464,4.240685108980781,-3.9724246001727237,6.963245215431918,-8.420767129872338e-15
189.64172903512096,-31.80249210305139,4.240617672561462,-3.972832607405565,6.960007173724593,4.210383564936169e-14
189.64549991538772,-31.792926878083406,4.24054797846234,-3.973245744197418,6.9567757164626975,8.420767129872338e-15
189.64927616090498,-31.78336238338095,4.240476021949517,-3.9736640202535507,6.9535508646444555,8.420767129872338e-15
189.65305777942032,-31.77379861973913,4.24040179828909,-3.974087445282476,6.950332639266104,1.6841534259744676e-14
189.6568447786794,-31.764235587951767,4.240325302747165,-3.9745160289959434,6.947121061321875,2.5262301389617013e-14
189.660637166426,-31.75467328881139,4.24024653058984,-3.9749497811089625,6.943916151804017,2.5262301389617013e-14
189.66443495040184,-31.74511172310922,4.240165477083216,-3.9753887113398063,6.940717931702756,2.5262301389617013e-14
189.66823813834685,-31.73555089163517,4.240082137493396,-3.975832829410029,6.937526422006318,8.420767129872338e-15
189.67204673799898,-31.725990795177843,4.23999650708648,-3.9762821450444745,6.934341643700911,-1.6841534259744676e-14
189.67586075709434,-31.71643143452452,4.239908581128569,-3.9767366679712812,6.931163617770725,8.420767129872338e-15
189.67968020336713,-31.70687281046122,4.239818354885765,-3.977196407921906,6.927992365197914,-3.368306851948935e-14
189.68350508454955,-31.697314923772588,4.239725823624166,-3.9776613746311296,6.924827906962619,2.5262301389617013e-14
189.68733540837206,-31.687757775242016,4.239630982609876,-3.978131577837056,6.921670264042924,1.6841534259744676e-14
189.6911711825631,-31.678201365651535,4.239533827108996,-3.9786070272811456,6.918519457414889,8.420767129872338e-15
189.6950124148493,-31.66864569578189,4.239434352387627,-3.9790877327082095,6.91537550805252,0.0
189.69885911295538,-31.65909076641248,4.2393325537118685,-3.9795737038664294,6.912238436927769,0.0
189.7027112846042,-31.649536578321428,4.2392284263478235,-3.9800649505073595,6.909108265010539,0.0
189.7065689375167,-31.639983132285497,4.2391219655615915,-3.980561482385949,6.905985013268671,8.420767129872338e-15
189.71043207941196,-31.630430429080164,4.239013166619273,-3.981063309260548,6.9028687026679325,-8.420767129872338e-15
189.71430071800725,-31.620878469479536,4.238902024786972,-3.981570440892914,6.8997593541720255,3.368306851948935e-14
189.71817486101793,-31.61132725425646,4.238788535330786,-3.982082887048233,6.896656988742573,3.368306851948935e-14
189.72205451615747,-31.60177678418239,4.238672693516819,-3.9826006574951194,6.893561627339112,3.368306851948935e-14
189.72593969113754,-31.592227060027522,4.238554494611172,-3.983123762005636,6.8904732909191,0.0
189.72983039366792,-31.58267808256065,4.238433933879943,-3.9836522103553045,6.8873920004379015,-8.420767129872338e-15
189.73372663145656,-31.573129852549307,4.238311006589234,-3.9841860123231108,6.88431777684878,-1.6841534259744676e-14
189.73762841220955,-31.563582370759644,4.238185708005149,-3.9847251776915154,6.8812506411028975,8.420767129872338e-15
189.74153574363112,-31.55403563795652,4.238058033393789,-3.9852697162464805,6.878190614149303,1.6841534259744676e-14
189.74544863342373,-31.544489654903415,4.23792797802125,-3.985819637777459,6.875137716934949,1.6841534259744676e-14
189.74936708928794,-31.53494442236253,4.237795537153637,-3.9863749520774165,6.872091970404657,1.6841534259744676e-14
189.75329111892248,-31.525399941094673,4.237660706057051,-3.986935668942847,6.869053395501129,8.420767129872338e-15
189.75722073002427,-31.515856211859347,4.237523479997593,-3.9875017981737755,6.866022013164937,1.6841534259744676e-14
189.76115593028845,-31.50631323541473,4.2373838542413615,-3.9880733495737744,6.862997844334529,0.0
189.76509672740823,-31.496771012517605,4.237241824054462,-3.988650332949969,6.859980909946203,5.0524602779234026e-14
189.7690431290751,-31.487229543923487,4.237097384702991,-3.989232758113056,6.856971230934125,0.0
189.77299514297871,-31.477688830386462,4.236950531453052,-3.989820634877306,6.853968828230304,1.6841534259744676e-14
189.7769527768069,-31.468148872659356,4.236801259570746,-3.990413973060588,6.850973722764601,0.0
