galstreams/tracks/track.st.M68-Fjorm.ibata2021.ecsv
# %ECSV 1.0
# ---
# datatype:
# - {name: ra, unit: deg, datatype: float64}
# - {name: dec, unit: deg, datatype: float64}
# - {name: distance, unit: kpc, datatype: float64}
# - {name: pm_ra_cosdec, unit: mas / yr, datatype: float64}
# - {name: pm_dec, unit: mas / yr, datatype: float64}
# - {name: radial_velocity, unit: km / s, datatype: float64}
# delimiter: ','
# meta: !!omap
# - __serialized_columns__:
#     dec:
#       __class__: astropy.coordinates.angles.Latitude
#       unit: &id001 !astropy.units.Unit {unit: deg}
#       value: !astropy.table.SerializedColumn {name: dec}
#     distance:
#       __class__: astropy.coordinates.distances.Distance
#       unit: !astropy.units.Unit {unit: kpc}
#       value: !astropy.table.SerializedColumn {name: distance}
#     pm_dec:
#       __class__: astropy.units.quantity.Quantity
#       unit: !astropy.units.Unit {unit: mas / yr}
#       value: !astropy.table.SerializedColumn {name: pm_dec}
#     pm_ra_cosdec:
#       __class__: astropy.units.quantity.Quantity
#       unit: !astropy.units.Unit {unit: mas / yr}
#       value: !astropy.table.SerializedColumn {name: pm_ra_cosdec}
#     ra:
#       __class__: astropy.coordinates.angles.Longitude
#       unit: *id001
#       value: !astropy.table.SerializedColumn {name: ra}
#       wrap_angle: !astropy.coordinates.Angle
#         unit: *id001
#         value: 360.0
#     radial_velocity:
#       __class__: astropy.units.quantity.Quantity
#       unit: !astropy.units.Unit {unit: km / s}
#       value: !astropy.table.SerializedColumn {name: radial_velocity}
# schema: astropy-2.0
ra,dec,distance,pm_ra_cosdec,pm_dec,radial_velocity
[from data line 2517]
191.2481372323782,-21.32196245033307,4.133544603449185,-3.120079605568532,1.9121040567731251,-43.490594284245326
191.2494267199284,-21.311767336094487,4.134593207503394,-3.1201091558687355,1.9124464253051507,-43.50223294591685
191.25071652609273,-21.30157230494417,4.1356414009192815,-3.120138517483322,1.9127890552067799,-43.513869684895774
191.25200665082963,-21.291377356892827,4.136689183769295,-3.1201676904393345,1.9131319463984897,-43.525504501154444
191.2532970940977,-21.281182491951007,4.137736556125877,-3.12019667476382,1.913475098800761,-43.537137394665315
191.25458785585556,-21.27098771012941,4.1387835180614685,-3.1202254704838275,1.9138185123340752,-43.5487683654008
191.25587893606198,-21.26079301143868,4.139830069648513,-3.120254077626411,1.9141621869189147,-43.56039741333332
191.25717033467566,-21.250598395889526,4.140876210959451,-3.120282496218629,1.914506122475769,-43.57202453843528
191.25846205165558,-21.24040386349243,4.1419219420667295,-3.120310726287542,1.9148503189251231,-43.58364974067908
191.25975408696067,-21.23020941425809,4.14296726304279,-3.1203387678602117,1.915194776187469,-43.59527302003718
191.26104644055,-21.220015048197155,4.144012173960076,-3.120366620963704,1.9155394941832977,-43.606894376481975
191.26233911238262,-21.209820765320227,4.145056674891025,-3.1203942856250917,1.9158844728331035,-43.618513809985856
191.26363210241783,-21.1996265656379,4.146100765908086,-3.120421761871448,1.9162297120573837,-43.63013132052126
191.26492541061484,-21.189432449160865,4.1471444470837,-3.1204490497298467,1.9165752117766364,-43.641746908060604
191.26621903693308,-21.179238415899594,4.148187718490308,-3.12047614922737,1.916920971911363,-43.653360572576275
191.26751298133198,-21.169044465864754,4.149230580200356,-3.1205030603910995,1.9172669923820629,-43.66497231404072
191.26880724377105,-21.158850599066945,4.150273032286287,-3.1205297832481227,1.917613273109243,-43.676582132426354
191.2701018242099,-21.148656815516794,4.15131507482054,-3.120556317825528,1.9179598140134106,-43.68819002770557
191.27139672260824,-21.138463115224788,4.152356707875558,-3.1205826641504086,1.918306615015072,-43.69979599985081
191.27269193892587,-21.128269498201558,4.153397931523787,-3.12060882224986,1.9186536760347384,-43.711400048834456
191.2739874731226,-21.11807596445767,4.154438745837668,-3.120634792150982,1.9190009969929251,-43.72300217462898
191.27528332515834,-21.10788251400373,4.155479150889647,-3.1206605738808753,1.9193485778101425,-43.73460237720675
191.27657949499317,-21.09768914685025,4.156519146752162,-3.1206861674666446,1.9196964184069087,-43.746200656540175
191.27787598258712,-21.087495863007888,4.157558733497657,-3.1207115729354,1.9200445187037432,-43.75779701260169
191.27917278790042,-21.077302662487064,4.1585979111985765,-3.120736790314252,1.920392878621167,-43.7693914453637
191.2804699108933,-21.0671095452984,4.159636679927363,-3.1207618196303155,1.9207414980797008,-43.780983954798664
191.28176735152604,-21.05691651145245,4.16067503975646,-3.1207866609107078,1.92109037699987,-43.792574540878924
191.28306510975912,-21.04672356095979,4.161712990758308,-3.1208113141825504,1.9214395153022026,-43.80416320357695
191.28436318555305,-21.03653069383086,4.16275053300535,-3.120835779472965,1.9217889129072256,-43.81574994286513
191.28566157886837,-21.026337910076244,4.16378766657003,-3.1208600568090787,1.9221385697354691,-43.827334758715885
191.28696028966573,-21.016145209706476,4.164824391524792,-3.1208841462180223,1.9224884857074664,-43.83891765110167
191.28825931790587,-21.005952592732065,4.165860707942077,-3.1209080477269286,1.9228386607437538,-43.85049861999484
191.2895586635496,-20.995760059163555,4.166896615894328,-3.1209317613629333,1.9231890947648649,-43.86207766536783
191.2908583265578,-20.985567609011486,4.167932115453987,-3.1209552871531754,1.9235397876913392,-43.873654787193075
191.29215830689154,-20.975375242286276,4.1689672066935,-3.1209786251247946,1.9238907394437161,-43.885229985442976
191.29345860451176,-20.965182958998472,4.170001889685307,-3.1210017753049377,1.9242419499425396,-43.89680326008994
191.2947592193796,-20.954990759158594,4.17103616450185,-3.121024737720755,1.924593419108353,-43.90837461110637
191.29606015145637,-20.94479864277717,4.172070031215576,-3.1210475123993904,1.924945146861702,-43.91994403846472
191.2973614007033,-20.934606609864606,4.173103489898925,-3.121070099368001,1.9252971331231348,-43.9315115421374
191.29866296708173,-20.924414660431413,4.174136540624338,-3.1210924986537454,1.9256493778132047,-43.943077122096796
191.29996485055318,-20.914222794488104,4.175169183464261,-3.12111471028378,1.9260018808524575,-43.95464077831536
191.30126705107915,-20.90403101204512,4.176201418491136,-3.1211367342852694,1.9263546421614517,-43.96620251076547
191.30256956862127,-20.89383931311303,4.177233245777405,-3.121158570685376,1.9267076616607426,-43.97776231941959
191.30387240314118,-20.883647697702155,4.1782646653955124,-3.1211802195112703,1.927060939270887,-43.989320204250056
191.30517555460074,-20.873456165823043,4.179295677417898,-3.121201680790122,1.9274144749124438,-44.00087616522936
191.30647902296172,-20.86326471748612,4.180326281917008,-3.121222954549107,1.9277682685059776,-44.01243020232987
191.30778280818612,-20.85307335270192,4.181356478965283,-3.121244040815397,1.928122319972048,-44.02398231552405
191.3090869102359,-20.84288207148077,4.182386268635168,-3.121264939616177,1.9284766292312234,-44.035532504784264
191.31039132907316,-20.832690873833172,4.183415650999101,-3.121285650978626,1.9288311962040692,-44.04708077008296
191.31169606466005,-20.822499759769588,4.184444626129532,-3.1213061749299293,1.929186020811155,-44.058627111392525
191.31300111695887,-20.812308729300426,4.185473194098899,-3.1213265114972755,1.9295411029730523,-44.0701715286854
191.31430648593195,-20.802117782436117,4.1865013549796455,-3.1213466607078546,1.9298964426103333,-44.08171402193398
191.31561217154163,-20.79192691918715,4.187529108844214,-3.12136662258886,1.930252039643573,-44.09325459111071
191.31691817375045,-20.781736139563854,4.188556455765049,-3.1213863971674893,1.9306078939933482,-44.10479323618801
191.31822449252093,-20.771545443576677,4.1895833958145925,-3.121405984470939,1.9309640055802382,-44.11632995713822
191.3195311278158,-20.761354831236044,4.190609929065286,-3.121425384526413,1.9313203743248213,-44.12786475393385
191.32083807959768,-20.7511643025524,4.191636055589575,-3.1214445973611133,1.9316770001476815,-44.13939762654724
191.32214534782943,-20.740973857536062,4.192661775459899,-3.121463623002249,1.9320338829694035,-44.150928574950846
191.3234529324739,-20.730783496197482,4.193687088748704,-3.1214824614770276,1.9323910227105707,-44.162457599117104
191.3247608334941,-20.72059321854704,4.194711995528429,-3.1215011128126644,1.9327484192917723,-44.173984699018376
191.32606905085305,-20.71040302459514,4.1957364958715235,-3.121519577036371,1.9331060726335978,-44.185509874627115
191.32737758451387,-20.700212914352168,4.196760589850424,-3.121537854175367,1.933463982656638,-44.19703312591571
191.3286864344397,-20.690022887828537,4.197784277537574,-3.1215559442568726,1.9338221492814882,-44.20855445285659
191.3299956005939,-20.679832945034555,4.19880755900542,-3.121573847308112,1.9341805724287418,-44.2200738554222
191.3313050829398,-20.669643085980606,4.199830434326401,-3.1215915633563065,1.9345392520189961,-44.2315913335849
191.33261488144078,-20.659453310677087,4.2008529035729625,-3.1216090924286903,1.9348981879728502,-44.24310688731713
191.3339249960604,-20.6492636191344,4.201874966817545,-3.1216264345524896,1.935257380210904,-44.25462051659131
191.33523542676227,-20.63907401136281,4.202896624132593,-3.1216435897549397,1.9356168286537594,-44.26613222137986
191.33654617351002,-20.62888448737271,4.203917875590548,-3.1216605580632764,1.9359765332220227,-44.27764200165516
191.3378572362674,-20.61869504717445,4.204938721263855,-3.1216773395047372,1.9363364938362984,-44.28914985738968
191.3391686149983,-20.608505690778394,4.205959161224954,-3.1216939341065637,1.9366967104171933,-44.3006557885558
191.34048030966653,-20.598316418194877,4.206979195546291,-3.1217103418959997,1.9370571828853187,-44.31215979512595
191.34179232023612,-20.588127229434267,4.207998824300308,-3.1217265629002906,1.9374179111612855,-44.32366187707254
191.34310464667115,-20.57793812450681,4.209018047559445,-3.1217425971466866,1.9377788951657067,-44.335162034367976
191.34441728893574,-20.56774910342288,4.210036865396147,-3.121758444662437,1.938140134819197,-44.34666026698467
191.34573024699412,-20.55756016619281,4.211055277882856,-3.121774105474797,1.938501630042373,-44.35815657489507
191.34704352081056,-20.54737131282696,4.212073285092017,-3.121789579611021,1.9388633807558548,-44.36965095807156
191.34835711034947,-20.537182543335547,4.213090887096069,-3.1218048670983687,1.9392253868802607,-44.381143416486566
191.34967101557527,-20.526993857728932,4.214108083967458,-3.1218199679641017,1.939587648336213,-44.39263395011251
191.35098523645254,-20.516805256017406,4.215124875778626,-3.1218348822354813,1.9399501650443356,-44.40412255892179
191.35229977294583,-20.50661673821128,4.216141262602015,-3.1218496099397757,1.9403129369252559,-44.415609242886816
191.35361462501987,-20.496428304320926,4.217157244510069,-3.1218641511042513,1.9406759638995976,-44.42709400198004
191.35492979263944,-20.486239954356503,4.218172821575232,-3.121878505756179,1.941039245887993,-44.43857683617387
191.35624527576934,-20.47605168832835,4.219187993869943,-3.121892673922832,1.9414027828110711,-44.45005774544069
191.35756107437453,-20.465863506246755,4.220202761466647,-3.1219066556314874,1.9417665745894652,-44.461536729752915
191.35887718841997,-20.455675408122072,4.221217124437787,-3.1219204509094203,1.9421306211438079,-44.473013789082984
191.36019361787078,-20.445487393964452,4.222231082855805,-3.1219340597839143,1.9424949223947379,-44.48448892340333
191.36151036269212,-20.43529946378421,4.223244636793146,-3.1219474822822484,1.9428594782628892,-44.49596213268632
191.3628274228492,-20.42511161759162,4.224257786322251,-3.121960718431709,1.9432242886689048,-44.50743341690442
191.3641447983073,-20.414923855396967,4.225270531515562,-3.121973768259583,1.9435893535334228,-44.51890277602999
191.36546248903187,-20.404736177210463,4.226282872445523,-3.12198663179316,1.943954672777089,-44.5303702100355
191.36678049498838,-20.39454858304244,4.227294809184579,-3.121999309059732,1.9443202463205462,-44.54183571889335
191.3680988161423,-20.384361072903047,4.228306341805167,-3.1220118000865935,1.9446860740844403,-44.55329930257589
191.36941745245937,-20.374173646802582,4.229317470379735,-3.1220241049010395,1.94505215598942,-44.56476096105565
191.3707364039052,-20.363986304751258,4.230328194980724,-3.1220362235303694,1.945418491956135,-44.57622069430495
191.37205567044558,-20.35379904675939,4.231338515680576,-3.1220481560018842,1.9457850819052367,-44.587678502296235
191.37337525204637,-20.343611872837094,4.232348432551736,-3.122059902342886,1.9461519257573774,-44.59913438500194
191.37469514867354,-20.33342478299466,4.233357945666645,-3.122071462580682,1.946519023433212,-44.610588342394465
191.3760153602931,-20.323237777242298,4.2343670550977475,-3.1220828367425772,1.946886374853397,-44.62204037444626
191.37733588687112,-20.313050855590223,4.235375760917485,-3.122094024855884,1.947253979938589,-44.63349048112967
191.37865672837373,-20.302864018048655,4.2363840631983,-3.1221050269479114,1.9476218386094515,-44.64493866241714
191.3799778847672,-20.292677264627876,4.237391962012635,-3.122115843045977,1.9479899507866427,-44.656384918281105
191.38129935601788,-20.28249059533796,4.2383994574329344,-3.122126473177394,1.9483583163908267,-44.66782924869398
191.38262114209215,-20.272304010189167,4.23940654953164,-3.122136917369482,1.9487269353426657,-44.679271653628156
191.3839432429565,-20.262117509191718,4.240413238381196,-3.1221471756495625,1.949095807562831,-44.69071213305607
191.38526565857745,-20.251931092355814,4.241419524054045,-3.1221572480449558,1.9494649329719858,-44.70215068695014
191.38658838892164,-20.24174475969157,4.242425406622626,-3.1221671345829893,1.9498343114908037,-44.71358731528273
191.38791143395582,-20.23155851120922,4.243430886159387,-3.122176835290988,1.950203943039951,-44.725022018026344
191.38923479364672,-20.22137234691893,4.244435962736767,-3.1221863501962837,1.950573827540106,-44.736454795153314
191.39055846796123,-20.211186266830897,4.2454406364272135,-3.122195679326204,1.9509439649119398,-44.74788564663611
191.39188245686623,-20.20100027095528,4.246444907303164,-3.122204822708084,1.9513143550761298,-44.75931457244709
191.39320676032887,-20.190814359302305,4.247448775437062,-3.1222137803692585,1.9516849979533535,-44.770741572558755
191.3945313783161,-20.180628531882014,4.248452240901355,-3.1222225523370652,1.9520558934642893,-44.78216664694342
191.39585631079518,-20.170442788704626,4.249455303768483,-3.122231138638843,1.95242704152962,-44.79358979557359
191.39718155773335,-20.160257129780327,4.250457964110884,-3.1222395393019333,1.9527984420700282,-44.80501101842165
191.39850711909784,-20.150071555119265,4.25146022200101,-3.1222477543536806,1.9531700950061968,-44.81643031545996
191.3998329948562,-20.139886064731517,4.252462077511297,-3.12225578382143,1.9535420002588113,-44.82784768666103
191.40115918497582,-20.129700658627275,4.253463530714192,-3.122263627732526,1.95391415774856,-44.83926313199721
191.40248568942425,-20.11951533681668,4.254464581682132,-3.122271286114323,1.9542865673961325,-44.850676651440935
191.40381250816918,-20.10933009930984,4.255465230487567,-3.122278758994167,1.9546592291222187,-44.862088244964646
191.40513964117827,-20.099144946116912,4.256465477202935,-3.1222860463994153,1.9550321428475108,-44.87349791254071
191.40646708841928,-20.08895987724807,4.257465321900681,-3.122293148357422,1.9554053084927026,-44.884905654141534
191.4077948498601,-20.078774892713323,4.258464764653247,-3.1223000648955446,1.9557787259784898,-44.89631146973957
191.40912292546872,-20.06858999252284,4.259463805533075,-3.12230679604114,1.9561523952255682,-44.90771535930726
191.41045131521307,-20.05840517668673,4.26046244461261,-3.122313341821572,1.9565263161546373,-44.91911732281697
191.4117800190613,-20.04822044521517,4.261460681964293,-3.1223197022642015,1.9569004886863968,-44.93051736024112
191.41310903698152,-20.038035798118152,4.262458517660569,-3.1223258773963964,1.9572749127415485,-44.941915471552164
191.41443836894206,-20.027851235405823,4.263455951773876,-3.1223318672455203,1.9576495882407956,-44.95331165672247
191.41576801491118,-20.017666757088286,4.264452984376662,-3.1223376718389426,1.958024515104842,-44.96470591572447
191.4170979748573,-20.007482363175626,4.265449615541367,-3.122343291204034,1.9583996932543943,-44.97609824853058
191.41842824874885,-19.997298053677998,4.266445845340435,-3.1223487253681674,1.9587751226101613,-44.987488655113225
191.41975883655448,-19.987113828605363,4.26744167384631,-3.1223539743587145,1.959150803092851,-44.99887713544483
191.4210897382427,-19.97692968796787,4.268437101131432,-3.122359038203054,1.959526734623175,-45.01026368949777
191.4224209537823,-19.96674563177558,4.269432127268244,-3.1223639169285624,1.9599029171218452,-45.021648317244484
191.42375248314198,-19.956561660038638,4.2704267523291914,-3.12236861056262,1.9602793505095764,-45.03303101865739
191.4250843262907,-19.946377772766983,4.271420976386716,-3.1223731191326056,1.9606560347070827,-45.044411793708925
191.4264164831973,-19.93619396997074,4.272414799513259,-3.122377442665906,1.9610329696350814,-45.055790642371456
191.4277489538308,-19.926010251659978,4.273408221781266,-3.1223815811899036,1.9614101552142928,-45.06716756461739
191.42908173816033,-19.915826617844736,4.274401243263176,-3.1223855347319853,1.9617875913654355,-45.078542560419216
