galstreams/tracks/track.st.M68.ibata2021.ecsv
# %ECSV 1.0
# ---
# datatype:
# - {name: ra, unit: deg, datatype: float64}
# - {name: dec, unit: deg, datatype: float64}
# - {name: distance, unit: kpc, datatype: float64}
# - {name: pm_ra_cosdec, unit: mas / yr, datatype: float64}
# - {name: pm_dec, unit: mas / yr, datatype: float64}
# - {name: radial_velocity, unit: km / s, datatype: float64}
# delimiter: ','
# meta: !!omap
# - __serialized_columns__:
#     dec:
#       __class__: astropy.coordinates.angles.Latitude
#       unit: &id001 !astropy.units.Unit {unit: deg}
#       value: !astropy.table.SerializedColumn {name: dec}
#     distance:
#       __class__: astropy.coordinates.distances.Distance
#       unit: !astropy.units.Unit {unit: kpc}
#       value: !astropy.table.SerializedColumn {name: distance}
#     pm_dec:
#       __class__: astropy.units.quantity.Quantity
#       unit: !astropy.units.Unit {unit: mas / yr}
#       value: !astropy.table.SerializedColumn {name: pm_dec}
#     pm_ra_cosdec:
#       __class__: astropy.units.quantity.Quantity
#       unit: !astropy.units.Unit {unit: mas / yr}
#       value: !astropy.table.SerializedColumn {name: pm_ra_cosdec}
#     ra:
#       __class__: astropy.coordinates.angles.Longitude
#       unit: *id001
#       value: !astropy.table.SerializedColumn {name: ra}
#       wrap_angle: !astropy.coordinates.Angle
#         unit: *id001
#         value: 360.0
#     radial_velocity:
#       __class__: astropy.units.quantity.Quantity
#       unit: !astropy.units.Unit {unit: km / s}
#       value: !astropy.table.SerializedColumn {name: radial_velocity}
# schema: astropy-2.0
ra,dec,distance,pm_ra_cosdec,pm_dec,radial_velocity
[from data line 1005]
188.90353298482222,-34.010402820971876,4.20659633300596,-3.9942008280516212,7.831182490483962,174.52049796133554
188.9062836230742,-34.00069377023786,4.2069200644161455,-3.9936874668126814,7.826994769169544,174.68444787485726
188.9090377935733,-33.99098523641388,4.207242617475485,-3.993177084747809,7.8228088029181855,174.84947893940333
188.9117955046155,-33.981277220554,4.207563987450079,-3.9926696911089303,7.818624613050044,175.01559134326254
188.9145567644939,-33.971569723711326,4.2078841696060305,-3.992165295148806,7.814442220884426,175.18278527472336
188.91732158149873,-33.96186274693804,4.2082031592094395,-3.9916639061210137,7.810261647739768,175.35106092207437
188.92008996391726,-33.95215629128529,4.208520951526407,-3.991165533279988,7.8060829149336435,175.52041847360442
188.92286192003394,-33.942450357803324,4.208837541823036,-3.9906701858809868,7.801906043782762,175.69085811760203
188.92563745813027,-33.93274494754138,4.209152925365423,-3.990177873180155,7.797731055602945,175.8623800423559
188.92841658648499,-33.923040061547745,4.209467097419674,-3.989688604434492,7.79355797170914,176.0349844361546
188.9311993133739,-33.91333570086972,4.209780053251888,-3.9892023889018766,7.789386813415412,176.20867148728678
188.93398564706985,-33.903631866553674,4.210091788128163,-3.988719235841069,7.7852176020349315,176.3834413840411
188.936775595843,-33.89392855964494,4.210402297314605,-3.988239154511734,7.781050358879975,176.5592943147062
188.9395691679605,-33.88422578118792,4.210711576077314,-3.987762154174445,7.776885105261921,176.73623046757075
188.9423663716868,-33.874523532226036,4.211019619682389,-3.9872882440906805,7.772721862491244,176.91425003092334
188.9451672152834,-33.864821813801726,4.211326423395933,-3.9868174335228526,7.768560651877515,177.0933531930527
188.94797170700897,-33.855120626956435,4.211631982484047,-3.986349731734311,7.764401494729383,177.27354014224736
188.95077985511935,-33.845419972730646,4.21193629221283,-3.98588514798933,7.760244412354588,177.4548110667959
188.95359166786756,-33.835719852163855,4.212239347848384,-3.985423691553162,7.756089426059935,177.63716615498714
188.9564071535038,-33.82602026629457,4.212541144656812,-3.984965371692014,7.751936557151319,177.82060559510967
188.95922632027538,-33.81632121616033,4.212841677904212,-3.984510197673059,7.747785826933689,178.005129575452
188.96204917642692,-33.806622702797654,4.213140942856689,-3.98405817876446,7.74363725671106,178.1907382843029
188.96487573020008,-33.79692472724211,4.2134389347803385,-3.9836093242353767,7.739490867786517,178.37743190995104
188.9677059898338,-33.787227290528236,4.213735648941268,-3.9831636433559545,7.7353466814621825,178.56521064068505
188.97053996356425,-33.77753039368963,4.214031080605572,-3.982721145397371,7.731204719039243,178.75407466479336
188.9733776596247,-33.76783403775887,4.2143252250393575,-3.9822818396318094,7.727065001817913,178.9440241705648
188.9762190862457,-33.75813822376752,4.214618077508722,-3.981845735332498,7.722927551097466,179.13505934628807
188.9790642516549,-33.74844295274619,4.214909633279767,-3.9814128417736825,7.718792388176203,179.32718038025158
188.98191316407735,-33.738748225724464,4.215199887618595,-3.980983168230689,7.714659534351442,179.52038746074425
188.98476583173522,-33.72905404373093,4.215488835791306,-3.980556723979883,7.710529010919549,179.71468077605437
188.9876222628478,-33.71936040779319,4.2157764730639995,-3.980133518298703,7.706400839175899,179.91006051447107
188.99048246563177,-33.70966731893785,4.21606279470278,-3.9797135604656786,7.702275040414877,180.10652686428253
188.993346448301,-33.699974778190494,4.216347795973746,-3.9792968597604124,7.698151635929891,180.30408001377756
188.99621421906656,-33.69028278657571,4.216631472143,-3.9788834254636236,7.694030647013356,180.50272015124474
188.99908578613673,-33.68059134511707,4.216913818476643,-3.978473266857124,7.68991209495668,180.70244746497295
189.00196115771715,-33.67090045483717,4.217194830240775,-3.9780663932238522,7.685796001050276,180.90326214325052
189.0048403420106,-33.66121011675755,4.217474502701495,-3.9776628138478802,7.681682386583541,181.1051643743663
189.00772334721722,-33.651520331898794,4.217752831124911,-3.977262538014415,7.677571272844864,181.30815434660877
189.0106101815343,-33.64183110128044,4.218029810777116,-3.9768655750098065,7.67346268112163,181.51223224826683
189.0135008531565,-33.63214242592102,4.218305436924217,-3.9764719341215757,7.669356632700178,181.71739826762877
189.01639537027563,-33.62245430683805,4.218579704832311,-3.9760816246383976,7.665253148865833,181.92365259298347
189.0192937410809,-33.61276674504803,4.218852609767503,-3.975694655850128,7.661152250902885,182.13099541261946
189.02219597375873,-33.603079741566475,4.219124146995891,-3.9753110370478275,7.6570539600946015,182.33942691482545
189.02510207649283,-33.59339329740781,4.219394311783577,-3.9749307775237357,7.652958297723183,182.54894728789006
189.02801205746417,-33.58370741358551,4.219663099396662,-3.974553886571308,7.648865285069811,182.75955672010184
189.03092592485112,-33.574022091112,4.219930505101246,-3.9741803734852255,7.644774943414601,182.97125539974957
189.03384368682921,-33.564337330998676,4.220196524163432,-3.9738102475613735,7.640687294036608,183.18404351512186
189.03676535157135,-33.554653134255915,4.220461151849321,-3.973443518096899,7.63660235821384,183.3979212545073
189.03969092724773,-33.544969501893085,4.220724383425012,-3.9730801943901923,7.632520157223237,183.6128888061945
189.0426204220259,-33.53528643491848,4.220986214156608,-3.9727202857408974,7.628440712340664,183.82894635847225
189.04555384407064,-33.52560393433944,4.221246639310209,-3.972363801449922,7.624364044840914,184.04609409962904
189.04849120154412,-33.51592200116221,4.221505654151918,-3.972010750819468,7.6202901759977015,184.2643322179535
189.05143250260582,-33.50624063639201,4.221763253947834,-3.9716611431530087,7.616219127083654,184.48366090173442
189.0543777554125,-33.49655984103306,4.222019433964057,-3.9713149877553207,7.612150919370312,184.7040803392603
189.0573269681183,-33.486879616088515,4.222274189466692,-3.9709722939324923,7.608085574128119,184.9255907188198
189.06028014887474,-33.47719996256051,4.2225275157218345,-3.9706330709919357,7.604023112626427,185.1481922287016
189.06323730583057,-33.46752088145014,4.22277940799559,-3.9702973282423732,7.599963556133474,185.3718850571944
189.06619844713202,-33.457842373757444,4.223029861554061,-3.9699650749938895,7.595906925916389,185.59666939258668
189.06916358092252,-33.448164440481456,4.223278871663343,-3.9696363205578993,7.591853243241205,185.8225454231673
189.07213271534297,-33.43848708262012,4.223526433589542,-3.96931107424718,7.587802529372818,186.0495133372246
189.07510585853163,-33.42881030117038,4.223772542598756,-3.968989345375892,7.5837548055750075,186.2775733230475
189.07808301862408,-33.419134097128115,4.224017193957087,-3.968671143259563,7.579710093110429,186.50672556892437
189.08106420375324,-33.40945847148814,4.224260382930637,-3.968356477215101,7.575668413240592,186.73697026314426
189.08404942204945,-33.39978342524427,4.224502104785505,-3.9680453565608307,7.571629787225888,186.96830759399546
189.08703868164048,-33.39010895938922,4.224742354787793,-3.9677377906164915,7.567594236325546,187.20073774976657
189.0900319906514,-33.38043507491468,4.224981128203603,-3.9674337887032194,7.563561781797662,187.4342609187464
189.09302935720467,-33.370761772811285,4.225218420299036,-3.967133360143597,7.559532444899173,187.66887728922367
189.09603078942018,-33.36108905406861,4.225454226340192,-3.966836514261642,7.555506246885863,187.90458704948682
189.0990362954152,-33.35141691967518,4.225688541593173,-3.9665432603828323,7.551483209012342,188.1413903878246
189.10204588330444,-33.341745370618455,4.225921361324079,-3.9662536078341004,7.547463352532073,188.37928749252566
189.10505956119994,-33.33207440788484,4.226152680799012,-3.965967565943842,7.543446698697324,188.61827855187857
189.10807733721117,-33.32240403245969,4.226382495284072,-3.965685144041947,7.539433268759209,188.85836375417196
189.1110992194451,-33.312734245327285,4.2266108000453615,-3.965406351459796,7.535423083967645,189.09954328769462
189.114125216006,-33.30306504747085,4.226837590348981,-3.9651311975302628,7.531416165571366,189.34181734073493
189.11715533499563,-33.29339643987254,4.2270628614610315,-3.964859691587751,7.527412534817916,189.5851861015818
189.12018958451313,-33.283728423513445,4.227286608647613,-3.964591842968165,7.5234122129536445,189.8296497585237
189.12322797265514,-33.27406099937358,4.227508827174828,-3.9643276610089604,7.519415221223694,190.07520849984934
189.1262705075157,-33.26439416843192,4.227729512308778,-3.9640671550491233,7.515421580872001,190.32186251384732
189.12931719718628,-33.25472793166633,4.227948659315561,-3.9638103344292164,7.5114313131413,190.5696119888063
189.1323680497558,-33.24506229005363,4.228166263461282,-3.963557208491334,7.507444439273104,190.818457113015
189.13542307331065,-33.23539724456955,4.22838232001204,-3.9633077865791746,7.503460980507694,191.06839807476194
189.13848227593465,-33.225732796188765,4.228596824233936,-3.963062078038007,7.499480958084145,191.3194350623358
189.1415456657091,-33.21606894588485,4.228809771393071,-3.962820092214693,7.49550439324029,191.5715682640252
189.14461325071272,-33.20640569463032,4.2290211567555485,-3.962581838457714,7.491531307212725,191.82479786811882
189.14768503902178,-33.19674304339661,4.229230975587466,-3.96234732611716,7.487561721236808,192.0791240629052
189.15076103870993,-33.18708099315404,4.229439223154925,-3.962116564544748,7.483595656546655,192.3345470366732
189.15384125784834,-33.17741954487191,4.229645894724029,-3.961889563093827,7.479633134375124,192.59106697771122
189.15692570450568,-33.16775869951839,4.229850985560878,-3.9616663311194076,7.475674175953822,192.84868407430804
189.16001438674803,-33.158098458060564,4.230054490931572,-3.9614468779781444,7.471718802513098,193.10739851475213
189.16310731263906,-33.148438821464445,4.230256406102213,-3.961231213028372,7.467767035282029,193.36721048733241
189.16620449023986,-33.138779790694954,4.230456726338902,-3.961019345630098,7.463818895488427,193.62812018033728
189.16930592760906,-33.12912136671593,4.230655446907741,-3.9608112851450215,7.459874404358827,193.89012778205554
189.17241163280278,-33.119463550490096,4.230852563074829,-3.960607040936546,7.455933583118474,194.15323348077578
189.1755216138746,-33.1098063429791,4.231048070106269,-3.9604066223697756,7.451996452991354,194.4174374647866
189.1786358788757,-33.10014974514351,4.231241963268159,-3.9602100388115526,7.448063035200137,194.6827399223766
189.18175443585469,-33.09049375794275,4.231434237826604,-3.9600172996304335,7.444133350966204,194.94914104183448
189.18487729285775,-33.0808383823352,4.231624889047702,-3.959828414196724,7.440207421509646,195.21664101144893
189.18800445792857,-33.07118361927811,4.231813912197556,-3.9596433918824836,7.43628526804924,195.48524001950844
189.1911359391084,-33.06152946972764,4.232001302542267,-3.9594622420615435,7.43236691180245,195.75493825430183
189.19427174443592,-33.05187593463884,4.232187055347935,-3.9592849741094946,7.428452373985435,196.02573590411757
189.1974118819475,-33.04222301496567,4.232371165880662,-3.959111597403717,7.424541675813026,196.29763315724443
189.2005563596769,-33.032570711660966,4.232553629406547,-3.9589421213233975,7.420634838498736,196.57063020197108
189.20370518565556,-33.022919025676465,4.232734441191694,-3.9587765552495124,7.416731883254739,196.84472722658603
189.20685836791236,-33.0132679579628,4.232913596502202,-3.95861490856486,7.412832831291875,197.11992441937798
189.21001591447384,-33.003617509469514,4.233091090604174,-3.95845719065408,7.408937703819659,197.39622196863561
189.21317783336394,-32.993967681144994,4.233266918763709,-3.958303410903623,7.405046522046245,197.67362006264744
189.21634413260438,-32.98431847393655,4.23344107624691,-3.9581535787018156,7.401159307178439,197.9521188897022
189.21951482021424,-32.97466988879035,4.233613558319876,-3.958007703438823,7.397276080421698,198.23171863808852
189.2226899042103,-32.96502192665148,4.233784360248707,-3.957865794506696,7.393396862980122,198.512419496095
189.22586939260688,-32.955374588463876,4.23395347729951,-3.957727861299352,7.3895216760564315,198.79422165201038
189.22905329341586,-32.945727875170384,4.23412090473838,-3.957593913212606,7.385650540851992,199.0771252941232
189.23224161464677,-32.936081787712716,4.234286637831419,-3.9574639596441825,7.381783478566785,199.36113061072203
189.2354343643066,-32.926436327031446,4.234450671844732,-3.9573380099936992,7.377920510399416,199.64623779009574
189.2386315504001,-32.91679149406605,4.234613002044415,-3.957216073662718,7.374061657547107,199.93244702053278
189.24183318092943,-32.90714728975488,4.234773623696573,-3.957098160054714,7.370206941205686,200.21975849032194
189.24503926389457,-32.89750371503514,4.234932532067304,-3.956984278575132,7.36635638256959,200.5081723877516
189.24824980729292,-32.88786077084293,4.235089722422711,-3.9568744386313512,7.362510002831853,200.79768890111083
189.25146481911958,-32.8782184581132,4.235245190028895,-3.956768649632725,7.358667823184108,201.0883082186878
189.2546843073672,-32.868576777779765,4.235398930151956,-3.956666920990582,7.354829864816568,201.38003052877139
189.25790828002616,-32.85893573077536,4.235550938057997,-3.956569262118242,7.350996148918049,201.67285601965023
189.26113674508437,-32.84929531803151,4.235701209013118,-3.9564756824310185,7.347166696675926,201.96678487961296
189.26436971052738,-32.83965554047867,4.2358497382834175,-3.956386191346237,7.343341529276169,202.26181729694818
189.2676071843384,-32.8300163990461,4.235996521135001,-3.956300798283242,7.339520667903301,202.55795345994457
189.27084917449824,-32.82037789466197,4.236141552833966,-3.95621951266341,7.335704133740422,202.85519355689073
189.2740956889854,-32.81074002825331,4.236284828646417,-3.9561423439101526,7.331891947969181,203.1535377760753
189.27734673577592,-32.801102800745966,4.236426343838451,-3.95606930144894,7.328084131769799,203.452986305787
189.28060232284366,-32.79146621306467,4.2365660936761715,-3.9560003947073055,7.324280706321028,203.7535393343144
189.28386245815994,-32.781830266133014,4.236704073425679,-3.9559356331148514,7.320481692800168,204.05519704994612
189.28712714969396,-32.77219496087344,4.236840278353076,-3.9558750261032793,7.316687112383077,204.35795964097076
189.2903964054123,-32.76256029820723,4.236974703724462,-3.9558185831063577,7.312896986244123,204.66182729567706
189.29367023327947,-32.75292627905452,4.237107344805937,-3.9557663135600007,7.30911133555622,204.96680020235362
189.29694864125747,-32.74329290433431,4.237238196863605,-3.955718226902193,7.3053301814908,205.2728785492892
189.3002316373061,-32.73366017496445,4.237367255163565,-3.955674332573086,7.301553545217817,205.58006252477222
189.3035192293827,-32.724028091861605,4.237494514971919,-3.9556346400149507,7.297781447905737,205.88835231709157
189.30681142544245,-32.71439665594133,4.237619971554768,-3.9555991586722197,7.294013910721539,206.19774811453559
189.3101082334381,-32.70476586811798,4.237743620178211,-3.9555678979914743,7.290250954830698,206.50825010539305
189.3134096613201,-32.69513572930478,4.237865456108351,-3.955540867421469,7.286492601397209,206.81985847795266
189.31671571703663,-32.6855062404138,4.23798547461129,-3.955518076413144,7.282738871583541,207.13257342050312
189.3200264085336,-32.67587740235593,4.238103670953128,-3.955499534419639,7.2789897865506505,207.44639512133284
189.32334174375455,-32.666249216040896,4.238220040399964,-3.955485250896285,7.275245367457996,207.76132376873068
189.32666173064078,-32.65662168237727,4.238334578217903,-3.9554752353006335,7.2715056354635035,208.07735955098514
189.32998637713123,-32.64699480227248,4.238447279673044,-3.955469497092464,7.267770611723573,208.3945026563848
