galstreams/tracks/track.st.Aquarius.williams2011.ecsv
# %ECSV 0.9
# ---
# datatype:
# - {name: ra, unit: deg, datatype: float64}
# - {name: dec, unit: deg, datatype: float64}
# - {name: distance, unit: kpc, datatype: float64}
# - {name: pm_ra_cosdec, unit: mas / yr, datatype: float64}
# - {name: pm_dec, unit: mas / yr, datatype: float64}
# - {name: radial_velocity, unit: km / s, datatype: float64}
# delimiter: ','
# meta: !!omap
# - __serialized_columns__:
#     dec:
#       __class__: astropy.coordinates.angles.Latitude
#       unit: &id001 !astropy.units.Unit {unit: deg}
#       value: !astropy.table.SerializedColumn {name: dec}
#     distance:
#       __class__: astropy.coordinates.distances.Distance
#       unit: !astropy.units.Unit {unit: kpc}
#       value: !astropy.table.SerializedColumn {name: distance}
#     pm_dec:
#       __class__: astropy.units.quantity.Quantity
#       unit: !astropy.units.Unit {unit: mas / yr}
#       value: !astropy.table.SerializedColumn {name: pm_dec}
#     pm_ra_cosdec:
#       __class__: astropy.units.quantity.Quantity
#       unit: !astropy.units.Unit {unit: mas / yr}
#       value: !astropy.table.SerializedColumn {name: pm_ra_cosdec}
#     ra:
#       __class__: astropy.coordinates.angles.Longitude
#       unit: *id001
#       value: !astropy.table.SerializedColumn {name: ra}
#       wrap_angle: !astropy.coordinates.Angle
#         unit: *id001
#         value: 360.0
#     radial_velocity:
#       __class__: astropy.units.quantity.Quantity
#       unit: !astropy.units.Unit {unit: km / s}
#       value: !astropy.table.SerializedColumn {name: radial_velocity}
# schema: astropy-2.0
ra,dec,distance,pm_ra_cosdec,pm_dec,radial_velocity
[from data line 853]
347.44931050070875,-9.267917155057797,3.779967214648891,7.640073852283134,-30.125813392282964,-207.686573725979
347.4595163769411,-9.269826293074416,3.7787300909317882,7.645176707396381,-30.132452204636124,-207.69542313966616
347.46972236539216,-9.271735128620197,3.777492967214685,7.6502802495398,-30.139090666452425,-207.70427255335338
347.47992846607127,-9.273643661598319,3.7762558434975824,7.655384478863326,-30.14572877757644,-207.71312196704076
347.4901346789881,-9.275551891911991,3.775018719780478,7.660489395516832,-30.152366537852732,-207.72197138072792
347.500341004152,-9.2774598194644,3.7737815960633747,7.6655949996501604,-30.159003947125832,-207.73082079441514
347.51054744157227,-9.279367444158767,3.7725444723462718,7.6707012914130654,-30.165641005240296,-207.73967020810238
347.5207539912585,-9.281274765898306,3.7713073486291684,7.675808270955292,-30.17227771204064,-207.7485196217896
347.53096065321995,-9.283181784586239,3.7700702249120646,7.6809159384265175,-30.178914067371384,-207.75736903547687
347.541167427466,-9.2850885001258,3.768833101194961,7.686024293976354,-30.185550071077024,-207.7662184491642
347.551374314006,-9.286994912420225,3.7675959774778582,7.691133337754382,-30.19218572300205,-207.7750678628514
347.56158131284934,-9.28890102137276,3.766358853760754,7.6962430699101345,-30.198821022990973,-207.78391727653855
347.57178842400526,-9.290806826886662,3.7651217300436506,7.701353490593073,-30.205455970888245,-207.79276669022576
347.581995647483,-9.292712328865182,3.763884606326547,7.7064645999526284,-30.2120905665383,-207.80161610391306
347.5922029832919,-9.294617527211596,3.762647482609443,7.711576398138163,-30.21872480978563,-207.81046551760028
347.6024104314412,-9.296522421829172,3.76141035889234,7.716688885299024,-30.225358700474644,-207.81931493128747
347.61261799194017,-9.298427012621191,3.760173235175237,7.721802061584449,-30.231992238449777,-207.82816434497474
347.62282566479803,-9.300331299490946,3.758936111458134,7.7269159271436845,-30.238625423555458,-207.83701375866195
347.63303345002385,-9.30223528234173,3.7576989877410294,7.732030482125879,-30.245258255636088,-207.8458631723492
347.64324134762694,-9.304138961076843,3.7564618640239265,7.737145726680165,-30.251890734536044,-207.85471258603638
347.6534493576164,-9.3060423355996,3.7552247403068235,7.742261660955599,-30.258522860099717,-207.86356199972374
347.6636574800014,-9.307945405813314,3.7539876165897197,7.74737828510121,-30.265154632171495,-207.87241141341084
347.673865714791,-9.309848171621308,3.752750492872616,7.752495599265954,-30.27178605059573,-207.88126082709823
347.6840740619944,-9.311750632926913,3.751513369155513,7.757613603598756,-30.278417115216772,-207.8901102407855
347.6942825216207,-9.313652789633474,3.7502762454384095,7.762732298248483,-30.285047825878955,-207.89895965447255
347.7044910936789,-9.315554641644331,3.749039121721306,7.767851683363925,-30.291678182426626,-207.90780906815982
347.714699778178,-9.317456188862838,3.747801998004203,7.772971759093867,-30.29830818470409,-207.91665848184707
347.7249085751271,-9.319357431192353,3.7465648742871,7.778092525587001,-30.304937832555645,-207.92550789553437
347.73511748453524,-9.321258368536249,3.7453277505699956,7.783213982992008,-30.311567125825622,-207.93435730922158
347.74532650641135,-9.323159000797894,3.7440906268528917,7.788336131457491,-30.318196064358265,-207.94320672290877
347.75553564076444,-9.325059327880671,3.742853503135789,7.793458971131995,-30.324824647997872,-207.952056136596
347.7657448876035,-9.32695934968797,3.741616379418686,7.798582502164052,-30.331452876588717,-207.96090555028323
347.77595424693743,-9.328859066123186,3.740379255701582,7.803706724702099,-30.338080749975024,-207.96975496397047
347.78616371877513,-9.330758477089729,3.739142131984478,7.808831638894542,-30.34470826800107,-207.97860437765763
347.7963733031255,-9.332657582490995,3.7379050082673744,7.813957244889732,-30.351335430511057,-207.98745379134496
347.8065829999975,-9.334556382230414,3.736667884550272,7.8190835428359815,-30.357962237349213,-207.99630320503223
347.81679280939994,-9.336454876211404,3.735430760833168,7.82421053288155,-30.364588688359763,-208.00515261871934
347.8270027313417,-9.338353064337399,3.7341936371160647,7.829338215174623,-30.371214783386897,-208.01400203240667
347.8372127658315,-9.340250946511842,3.7329565133989613,7.834466589863354,-30.377840522274802,-208.02285144609397
347.8474229128783,-9.342148522638174,3.731719389681859,7.839595657095834,-30.384465904867653,-208.03170085978124
347.8576331724908,-9.344045792619854,3.7304822659647545,7.844725417020133,-30.391090931009632,-208.04055027346837
347.86784354467784,-9.345942756360335,3.729245142247651,7.849855869784231,-30.397715600544885,-208.0493996871555
347.8780540294481,-9.347839413763094,3.7280080185305478,7.8549870155360635,-30.40433991331755,-208.05824910084283
347.8882646268103,-9.349735764731603,3.726770894813444,7.860118854423536,-30.41096386917177,-208.06709851453002
347.8984753367733,-9.35163180916934,3.725533771096341,7.8652513865944895,-30.417587467951684,-208.0759479282172
347.9086861593457,-9.353527546979805,3.724296647379237,7.870384612196727,-30.424210709501388,-208.08479734190448
347.9188970945361,-9.355422978066485,3.723059523662134,7.875518531377948,-30.430833593664975,-208.09364675559175
347.9291081423533,-9.357318102332892,3.7218223999450317,7.880653144285892,-30.43745612028656,-208.10249616927896
347.93931930280587,-9.359212919682536,3.720585276227927,7.885788451068165,-30.44407828921022,-208.11134558296618
347.9495305759025,-9.361107430018931,3.7193481525108236,7.890924451872359,-30.45070010028002,-208.12019499665337
347.95974196165173,-9.363001633245611,3.71811102879372,7.896061146845999,-30.45732155334001,-208.12904441034064
347.96995346006213,-9.364895529266104,3.7168739050766164,7.9011985361365795,-30.463942648234262,-208.13789382402777
347.9801650711423,-9.366789117983952,3.715636781359513,7.906336619891532,-30.47056338480681,-208.14674323771516
347.99037679490084,-9.368682399302704,3.7143996576424096,7.911475398258224,-30.477183762901664,-208.1555926514025
348.00058863134626,-9.370575373125918,3.7131625339253063,7.916614871384005,-30.483803782362862,-208.1644420650896
348.0108005804871,-9.37246803935715,3.7119254102082033,7.921755039416144,-30.490423443034395,-208.17329147877675
348.0210126423317,-9.374360397899979,3.7106882864910995,7.926895902501843,-30.49704274476028,-208.18214089246413
348.0312248168887,-9.376252448657974,3.7094511627739952,7.9320374607883055,-30.503661687384483,-208.19099030615132
348.04143710416656,-9.378144191534725,3.7082140390568927,7.937179714422651,-30.51028027075098,-208.19983971983856
348.0516495041736,-9.38003562643382,3.7069769153397885,7.94232266355193,-30.51689849470376,-208.20868913352578
348.0618620169183,-9.381926753258865,3.7057397916226855,7.9474663083231745,-30.52351635908674,-208.21753854721305
348.0720746424091,-9.383817571913461,3.704502667905582,7.952610648883359,-30.530133863743888,-208.22638796090024
348.0822873806544,-9.385708082301221,3.7032655441884788,7.957755685379398,-30.53675100851914,-208.23523737458743
348.0925002316625,-9.387598284325769,3.702028420471374,7.962901417958137,-30.543367793256408,-208.24408678827473
348.1027131954417,-9.389488177890735,3.700791296754271,7.968047846766394,-30.549984217799594,-208.2529362019619
348.1129262720005,-9.391377762899749,3.699554173037169,7.973194971950952,-30.556600281992605,-208.26178561564913
348.123139461347,-9.393267039256461,3.698317049320065,7.978342793658501,-30.563215985679356,-208.2706350293364
348.13335276348965,-9.395156006864518,3.697079925602962,7.983491312035701,-30.569831328703696,-208.27948444302365
348.1435661784367,-9.397044665627583,3.695842801885858,7.988640527229165,-30.576446310909517,-208.28833385671086
348.1537797061963,-9.398933015449316,3.6946056781687546,7.99379043938544,-30.58306093214067,-208.2971832703981
348.1639933467768,-9.40082105623339,3.693368554451651,7.998941048651031,-30.589675192240986,-208.3060326840853
348.1742071001863,-9.402708787883489,3.6921314307345483,8.004092355172384,-30.596289091054313,-208.31488209777254
348.1844209664332,-9.404596210303293,3.690894307017445,8.009244359095911,-30.602902628424495,-208.32373151145975
348.1946349455255,-9.406483323396502,3.68965718330034,8.014397060567944,-30.609515804195354,-208.33258092514694
348.2048490374714,-9.40837012706682,3.6884200595832377,8.01955045973478,-30.616128618210656,-208.34143033883421
348.21506324227903,-9.410256621217954,3.6871829358661343,8.02470455674267,-30.622741070314227,-208.35027975252146
348.22527755995657,-9.412142805753621,3.6859458121490305,8.029859351737807,-30.629353160349847,-208.35912916620867
348.23549199051206,-9.414028680577548,3.684708688431927,8.035014844866309,-30.635964888161293,-208.36797857989603
348.2457065339537,-9.415914245593463,3.683471564714824,8.040171036274307,-30.642576253592335,-208.3768279935831
348.2559211902894,-9.417799500705103,3.68223444099772,8.045327926107799,-30.64918725648671,-208.38567740727035
348.26613595952733,-9.41968444581622,3.680997317280616,8.050485514512767,-30.655797896688178,-208.3945268209576
348.2763508416754,-9.421569080830565,3.679760193563513,8.055643801635155,-30.662408174040458,-208.40337623464492
348.2865658367418,-9.423453405651898,3.67852306984641,8.060802787620862,-30.669018088387286,-208.41222564833208
348.29678094473434,-9.425337420183997,3.6772859461293064,8.06596247261569,-30.675627639572376,-208.4210750620193
348.3069961656611,-9.427221124330629,3.676048822412203,8.07112285676541,-30.68223682743942,-208.42992447570654
348.31721149953006,-9.429104517995576,3.6748116986950987,8.076283940215777,-30.688845651832107,-208.43877388939381
348.327426946349,-9.430987601082633,3.6735745749779967,8.081445723112424,-30.695454112594124,-208.44762330308106
348.33764250612603,-9.432870373495598,3.6723374512608924,8.086608205601008,-30.702062209569146,-208.45647271676822
348.34785817886893,-9.43475283513828,3.671100327543789,8.091771387827063,-30.70866994260084,-208.46532213045552
348.3580739645856,-9.436634985914486,3.669863203826686,8.096935269936129,-30.715277311532834,-208.47417154414268
348.36828986328396,-9.438516825728042,3.668626080109582,8.102099852073648,-30.72188431620879,-208.48302095783006
348.3785058749718,-9.44039835448277,3.667388956392479,8.107265134385058,-30.728490956472328,-208.49187037151722
348.3887219996569,-9.442279572082517,3.6661518326753755,8.1124311170157,-30.73509723216707,-208.50071978520435
348.39893823734724,-9.444160478431115,3.6649147089582716,8.117597800110886,-30.74170314313661,-208.50956919889165
348.4091545880504,-9.446041073432417,3.663677585241168,8.122765183815861,-30.748308689224565,-208.51841861257896
348.41937105177425,-9.447921356990284,3.6624404615240644,8.127933268275836,-30.75491387027453,-208.52726802626617
348.4295876285265,-9.449801329008578,3.661203337806962,8.133102053635966,-30.76151868613005,-208.53611743995327
348.43980431831494,-9.451680989391173,3.659966214089858,8.138271540041337,-30.76812313663473,-208.5449668536406
348.4500211211473,-9.453560338041951,3.6587290903727543,8.143441727637011,-30.77472722163211,-208.5538162673278
348.46023803703116,-9.455439374864795,3.6574919666556522,8.148612616567961,-30.781330940965724,-208.56266568101512
348.47045506597425,-9.45731809976361,3.656254842938548,8.15378420697914,-30.787934294479143,-208.57151509470225
348.4806722079843,-9.459196512642288,3.655017719221444,8.158956499015433,-30.794537282015863,-208.58036450838952
348.49088946306887,-9.461074613404747,3.6537805955043408,8.164129492821692,-30.801139903419408,-208.58921392207665
348.5011068312355,-9.462952401954903,3.652543471787238,8.169303188542674,-30.807742158533287,-208.59806333576395
348.511324312492,-9.464829878196676,3.6513063480701344,8.174477586323135,-30.814344047201008,-208.60691274945114
348.52154190684575,-9.466707042034008,3.6500692243530315,8.179652686307733,-30.820945569266023,-208.6157621631384
348.5317596143044,-9.46858389337083,3.648832100635927,8.184828488641095,-30.827546724571853,-208.62461157682574
348.5419774348755,-9.470460432111096,3.6475949769188243,8.190004993467813,-30.834147512961927,-208.63346099051302
348.5521953685666,-9.472336658158758,3.6463578532017205,8.195182200932404,-30.840747934279715,-208.64231040420023
348.56241341538515,-9.474212571417784,3.645120729484617,8.20036011117934,-30.847347988368657,-208.6511598178873
348.5726315753387,-9.476088171792135,3.643883605767514,8.205538724353023,-30.85394767507219,-208.6600092315746
348.58284984843465,-9.477963459185798,3.64264648205041,8.210718040597836,-30.86054699423375,-208.66885864526182
348.5930682346804,-9.479838433502755,3.6414093583333065,8.21589806005807,-30.867145945696723,-208.67770805894907
348.60328673408355,-9.481713094646993,3.640172234616204,8.221078782877996,-30.87374452930453,-208.68655747263625
348.6135053466514,-9.483587442522525,3.6389351108990993,8.226260209201829,-30.88034274490058,-208.69540688632347
348.6237240723913,-9.48546147703335,3.6376979871819963,8.231442339173695,-30.886940592328237,-208.70425630001074
348.6339429113107,-9.487335198083482,3.636460863464893,8.236625172937726,-30.89353807143087,-208.71310571369798
348.644161863417,-9.489208605576952,3.635223739747789,8.24180871063796,-30.900135182051862,-208.72195512738526
348.6543809287175,-9.491081699417785,3.633986616030686,8.246992952418394,-30.90673192403456,-208.73080454107253
348.6646001072195,-9.49295447951002,3.6327494923135824,8.252177898422971,-30.913328297222296,-208.73965395475963
348.6748193989302,-9.494826945757703,3.6315123685964785,8.257363548795572,-30.919924301458412,-208.748503368447
348.6850388038571,-9.496699098064887,3.630275244879376,8.26254990368005,-30.926519936586217,-208.75735278213415
348.6952583220072,-9.498570936335636,3.6290381211622726,8.267736963220177,-30.93311520244906,-208.76620219582148
348.705477953388,-9.500442460474018,3.6278009974451684,8.272924727559712,-30.939710098890217,-208.77505160950852
348.7156976980066,-9.502313670384101,3.626563873728065,8.278113196842304,-30.946304625752976,-208.7839010231958
348.7259175558701,-9.504184565969977,3.625326750010962,8.283302371211585,-30.952898782880638,-208.7927504368831
348.7361375269859,-9.506055147135738,3.6240896262938582,8.288492250811142,-30.959492570116456,-208.80159985057034
348.746357611361,-9.507925413785477,3.6228525025767544,8.293682835784498,-30.96608598730371,-208.81044926425753
348.7565778090027,-9.509795365823301,3.6216153788596515,8.29887412627511,-30.972679034285644,-208.81929867794472
348.766798119918,-9.511665003153327,3.620378255142548,8.304066122426395,-30.979271710905497,-208.82814809163202
348.777018544114,-9.513534325679677,3.619141131425445,8.309258824381711,-30.98586401700652,-208.8369975053193
348.78723908159793,-9.515403333306477,3.6179040077083413,8.3144522322844,-30.992455952431914,-208.8458469190065
348.79745973237675,-9.517272025937869,3.616666883991238,8.319646346277676,-30.99904751702492,-208.85469633269378
348.8076804964575,-9.519140403477993,3.6154297602741337,8.324841166504772,-31.005638710628716,-208.86354574638102
348.8179013738474,-9.521008465830997,3.6141926365570307,8.330036693108838,-31.012229533086483,-208.8723951600681
348.82812236455317,-9.522876212901048,3.6129555128399273,8.33523292623294,-31.018819984241432,-208.88124457375548
348.838343468582,-9.524743644592315,3.611718389122824,8.340429866020166,-31.02541006393673,-208.89009398744267
348.8485646859409,-9.526610760808964,3.61048126540572,8.345627512613502,-31.03199977201553,-208.89894340112986
348.85878601663677,-9.528477561455185,3.6092441416886167,8.350825866155867,-31.038589108320988,-208.9077928148171
348.86900746067647,-9.530344046435163,3.6080070179715134,8.356024926790148,-31.045178072696253,-208.91664222850434
