galstreams/tracks/track.st.Monoceros.ramos2020b.ecsv
# %ECSV 0.9
# ---
# datatype:
# - {name: ra, unit: deg, datatype: float64}
# - {name: dec, unit: deg, datatype: float64}
# - {name: distance, unit: kpc, datatype: float64}
# - {name: pm_ra_cosdec, unit: mas / yr, datatype: float64}
# - {name: pm_dec, unit: mas / yr, datatype: float64}
# - {name: radial_velocity, unit: km / s, datatype: float64}
# delimiter: ','
# meta: !!omap
# - __serialized_columns__:
#     dec:
#       __class__: astropy.coordinates.angles.Latitude
#       unit: &id001 !astropy.units.Unit {unit: deg}
#       value: !astropy.table.SerializedColumn {name: dec}
#     distance:
#       __class__: astropy.coordinates.distances.Distance
#       unit: !astropy.units.Unit {unit: kpc}
#       value: !astropy.table.SerializedColumn {name: distance}
#     pm_dec:
#       __class__: astropy.units.quantity.Quantity
#       unit: !astropy.units.Unit {unit: mas / yr}
#       value: !astropy.table.SerializedColumn {name: pm_dec}
#     pm_ra_cosdec:
#       __class__: astropy.units.quantity.Quantity
#       unit: !astropy.units.Unit {unit: mas / yr}
#       value: !astropy.table.SerializedColumn {name: pm_ra_cosdec}
#     ra:
#       __class__: astropy.coordinates.angles.Longitude
#       unit: *id001
#       value: !astropy.table.SerializedColumn {name: ra}
#       wrap_angle: !astropy.coordinates.Angle
#         unit: *id001
#         value: 360.0
#     radial_velocity:
#       __class__: astropy.units.quantity.Quantity
#       unit: !astropy.units.Unit {unit: km / s}
#       value: !astropy.table.SerializedColumn {name: radial_velocity}
# schema: astropy-2.0
ra,dec,distance,pm_ra_cosdec,pm_dec,radial_velocity
[from data line 140]
111.62608460671112,43.706516824822316,10.6,-0.028057721732913404,-0.9210524832584515,1.2631150694808506e-14
111.78725980932083,43.50498507056462,10.6,-0.034245999687867956,-0.916372396793764,4.210383564936169e-15
111.94899847910617,43.303689497519066,10.599999999999998,-0.04032638002441355,-0.9115799960475368,8.420767129872338e-15
112.11128445627334,43.1026219629908,10.599999999999998,-0.04630094523406814,-0.9067599921098204,8.420767129872338e-15
112.27409542441045,42.901772682910924,10.599999999999996,-0.05217765835096505,-0.9019977997595368,1.2631150694808506e-14
112.43740311897227,42.701130313092484,10.6,-0.05797033981017286,-0.8973783805737141,4.210383564936169e-15
112.60117343084376,42.50068200125548,10.599999999999998,-0.06369851414370706,-0.8929850409332438,8.420767129872338e-15
112.76536636070186,42.30041339795381,10.599999999999998,-0.06938712317174109,-0.8888981944703709,-4.210383564936169e-15
112.92993577995992,42.10030861481798,10.599999999999998,-0.07506610436253644,-0.8851940993408902,4.210383564936169e-15
113.09482895551804,41.90035011918976,10.599999999999998,-0.08076983515284092,-0.8819435816201118,4.210383564936169e-15
113.25998579849448,41.7005185552913,10.599999999999998,-0.08653644621774434,-0.8792107571342671,1.2631150694808506e-14
113.42533780170469,41.50079248355784,10.599999999999996,-0.09240700893279136,-0.8770517651652502,8.420767129872338e-15
113.59080663699648,41.301148031679695,10.599999999999998,-0.09842460456062793,-0.8755135287210405,1.2631150694808506e-14
113.75630239172926,41.10155845324719,10.599999999999998,-0.10463328500093182,-0.8746325574570435,8.420767129872338e-15
113.92172143376692,40.90199359266281,10.599999999999998,-0.11107693724946582,-0.8744338108692944,4.210383564936169e-15
114.08694390636965,40.70241925816029,10.6,-0.11779806600592808,-0.8749296410553504,1.2631150694808506e-14
114.2518308683144,40.50279650831984,10.6,-0.12483651113867893,-0.876118836139548,8.420767129872338e-15
114.41622111040114,40.303080861348995,10.6,-0.1322281189462905,-0.8779857873615142,8.420767129872338e-15
114.57992769711512,40.10322144055678,10.599999999999996,-0.14000338833923148,-0.880499804793104,8.420767129872338e-15
114.74273430145784,39.903160073813034,10.6,-0.14818611518548844,-0.8836146086281633,8.420767129872338e-15
114.90439142161182,39.70283036927989,10.600000000000001,-0.15679206010192293,-0.8872680249158706,4.210383564936169e-15
115.06461258986403,39.50215679423541,10.599999999999998,-0.1658276669011832,-0.8913819164013326,8.420767129872338e-15
115.22307070669636,39.301053788286865,10.600000000000001,-0.17528886068391275,-0.8958623807009296,4.210383564936169e-15
115.3793946556673,39.099424946590375,10.600000000000001,-0.18515995614599473,-0.9006002492645906,4.210383564936169e-15
115.53316637705795,38.897162312758375,10.600000000000003,-0.19541270798320856,-0.9054719213381732,4.210383564936169e-15
115.68391859951089,38.694145824849,10.600000000000001,-0.20600553623678264,-0.9103405672980797,0.0
115.83113344818274,38.490242961107484,10.600000000000001,-0.21688295993222997,-0.9150577351346432,8.420767129872338e-15
115.97424216424518,38.28530863489335,10.600000000000001,-0.2279752723065903,-0.9194653923423417,4.210383564936169e-15
116.11262618272318,38.07918539041081,10.600000000000001,-0.23919849017425077,-0.9233984328477653,1.2631150694808506e-14
116.24561982230183,37.87170395240223,10.600000000000001,-0.25045460842926753,-0.926687674661786,-4.210383564936169e-15
116.37251484034302,37.662684183793736,10.600000000000001,-0.2616321882194319,-0.9291633684424672,0.0
116.49256709722506,37.451936505301305,10.600000000000001,-0.27260730388559357,-0.9306592298220054,4.210383564936169e-15
116.60500555438816,37.23926383005484,10.600000000000001,-0.28324486932915643,-0.9310169988538017,8.420767129872338e-15
116.70904379810116,37.02446406412373,10.600000000000001,-0.293400359127697,-0.9300915178732627,4.210383564936169e-15
116.80389423378995,36.80733322001906,10.600000000000001,-0.30292193365666176,-0.9277563039469569,8.420767129872338e-15
116.88878503148798,36.58766918418159,10.6,-0.3116529710373868,-0.9239095733039155,4.210383564936169e-15
116.96297981918768,36.36527617023047,10.599999999999996,-0.3194350024377718,-0.9184806519572796,0.0
117.02580001512452,36.13996987607544,10.599999999999998,-0.3261110418234575,-0.9114366782271607,1.6841534259744676e-14
117.07664955978808,35.911583343186095,10.599999999999996,-0.33152929762202077,-0.9027894679747555,0.0
117.11504165117458,35.67997348819275,10.599999999999994,-0.3355472530458033,-0.8926023707580102,-8.420767129872338e-15
117.14062689986179,35.44502823788996,10.59999999999999,-0.3380361052996991,-0.880996893308697,-4.210383564936169e-15
117.15322210121737,35.20667414548806,10.59999999999999,-0.3388855629336145,-0.8681588039852305,4.210383564936169e-15
117.15283856758982,34.96488429509408,10.599999999999989,-0.3380090164924095,-0.8543433562399416,8.420767129872338e-15
117.13970867052879,34.7196862091958,10.599999999999985,-0.33534912145173756,-0.8398791785402728,0.0
117.11430890826371,34.47116935673757,10.599999999999985,-0.33088386484088733,-0.8251702703364059,4.210383564936169e-15
117.07737743236318,34.21949171403505,10.59999999999998,-0.32463322786114357,-0.810695416214675,-2.1051917824680845e-15
117.02992353403302,33.96488465500515,10.59999999999998,-0.31666660511794886,-0.7970041809296556,-4.210383564936169e-15
116.97322609758106,33.70765524013124,10.599999999999978,-0.3071111944240943,-0.7847084742438037,0.0
116.90881746679801,33.44818473630151,10.599999999999973,-0.29616162564313236,-0.7744684742863432,-6.315575347404253e-15
116.83844852749866,33.18692193547068,10.599999999999973,-0.28409114737344726,-0.7669714697259365,-4.210383564936169e-15
116.76403007176962,32.92436955464891,10.599999999999971,-0.2712647298687433,-0.7629019233581085,-4.210383564936169e-15
116.68754465980139,32.661061700422536,10.599999999999968,-0.25815446454105595,-0.7629007728263648,0.0
116.61092221566558,32.3975300757247,10.599999999999966,-0.24535763912155065,-0.7675116700833586,-8.420767129872338e-15
116.53587146746872,32.13425629971224,10.599999999999968,-0.23361784184270865,-0.7771115248235455,4.210383564936169e-15
116.46365805915225,31.87160739982738,10.599999999999962,-0.2238494059868907,-0.7918223680761408,6.315575347404253e-15
116.39481872297955,31.609751197418205,10.599999999999962,-0.21716547328112165,-0.811401206966373,0.0
116.3287993347961,31.3485478917286,10.599999999999959,-0.21490998592780708,-0.8351042269155395,1.0525958912340423e-14
116.2635030456985,31.087413544758224,10.599999999999964,-0.21869411533534133,-0.861521453863495,4.210383564936169e-15
116.19473312628533,30.825150188071014,10.59999999999996,-0.23043817745382938,-0.8883778761203783,1.2631150694808506e-14
116.11551390578016,30.559735586100228,10.599999999999962,-0.25242125578623786,-0.9122971278706821,1.2631150694808506e-14
