galstreams/tracks/track.st.Pal5.starkman2020.ecsv
# %ECSV 1.0
# ---
# datatype:
# - {name: ra, unit: deg, datatype: float64}
# - {name: dec, unit: deg, datatype: float64}
# - {name: distance, unit: kpc, datatype: float64}
# - {name: pm_ra_cosdec, unit: mas / yr, datatype: float64}
# - {name: pm_dec, unit: mas / yr, datatype: float64}
# - {name: radial_velocity, unit: km / s, datatype: float64}
# delimiter: ','
# meta: !!omap
# - __serialized_columns__:
#     dec:
#       __class__: astropy.coordinates.angles.Latitude
#       unit: &id001 !astropy.units.Unit {unit: deg}
#       value: !astropy.table.SerializedColumn {name: dec}
#     distance:
#       __class__: astropy.coordinates.distances.Distance
#       unit: !astropy.units.Unit {unit: kpc}
#       value: !astropy.table.SerializedColumn {name: distance}
#     pm_dec:
#       __class__: astropy.units.quantity.Quantity
#       unit: !astropy.units.Unit {unit: mas / yr}
#       value: !astropy.table.SerializedColumn {name: pm_dec}
#     pm_ra_cosdec:
#       __class__: astropy.units.quantity.Quantity
#       unit: !astropy.units.Unit {unit: mas / yr}
#       value: !astropy.table.SerializedColumn {name: pm_ra_cosdec}
#     ra:
#       __class__: astropy.coordinates.angles.Longitude
#       unit: *id001
#       value: !astropy.table.SerializedColumn {name: ra}
#       wrap_angle: !astropy.coordinates.Angle
#         unit: *id001
#         value: 360.0
#     radial_velocity:
#       __class__: astropy.units.quantity.Quantity
#       unit: !astropy.units.Unit {unit: km / s}
#       value: !astropy.table.SerializedColumn {name: radial_velocity}
# schema: astropy-2.0
ra,dec,distance,pm_ra_cosdec,pm_dec,radial_velocity
[from data line 486]
235.34430516180618,3.516927072502196,22.500000000000007,0.0,0.0,0.0
235.3346385090762,3.512746685554368,22.5,0.0,0.0,0.0
235.32497421122454,3.508563590906322,22.500000000000004,0.0,0.0,0.0
235.31531226866844,3.504377788380697,22.5,0.0,0.0,0.0
235.3056526818249,3.5001892777997985,22.500000000000007,0.0,0.0,0.0
235.29599545111063,3.495998058985649,22.500000000000007,0.0,0.0,0.0
235.28634057694177,3.4918041317599746,22.500000000000004,0.0,0.0,0.0
235.2766880597346,3.4876074959442533,22.500000000000004,0.0,0.0,0.0
235.26703789990466,3.4834081513595594,22.500000000000007,0.0,0.0,0.0
235.2573900978674,3.4792060978267934,22.5,0.0,0.0,0.0
235.2477446540379,3.4750013351665254,22.5,0.0,0.0,0.0
235.23810156883104,3.4707938631990363,22.5,0.0,0.0,0.0
235.22846084266135,3.4665836817443574,22.499999999999996,0.0,0.0,0.0
235.21882247594277,3.4623707906221135,22.5,0.0,0.0,0.0
235.20918646908945,3.458155189651758,22.5,0.0,0.0,0.0
235.1995528225148,3.453936878652411,22.5,0.0,0.0,0.0
235.18992153663214,3.449715857442909,22.500000000000004,0.0,0.0,0.0
235.1802926118544,3.4454921258417923,22.500000000000004,0.0,0.0,0.0
235.1706660485943,3.441265683667354,22.5,0.0,0.0,0.0
235.1610418472641,3.43703653073748,22.500000000000004,0.0,0.0,0.0
235.15142000827586,3.432804666869885,22.5,0.0,0.0,0.0
235.14180053204132,3.42857009188195,22.500000000000007,0.0,0.0,0.0
235.13218341897192,3.424332805590771,22.500000000000004,0.0,0.0,0.0
235.12256866947877,3.4200928078131496,22.5,0.0,0.0,0.0
235.11295628397272,3.4158500983656355,22.500000000000007,0.0,0.0,0.0
235.10334626286422,3.411604677064379,22.500000000000004,0.0,0.0,0.0
235.0937386065636,3.407356543725351,22.5,0.0,0.0,0.0
235.08413331548056,3.4031056981641923,22.5,0.0,0.0,0.0
235.07453039002488,3.3988521401962566,22.500000000000007,0.0,0.0,0.0
235.06492983060582,3.3945958696366434,22.499999999999996,0.0,0.0,0.0
235.05533163763232,3.3903368863000503,22.5,0.0,0.0,0.0
235.04573581151303,3.386075190000995,22.5,0.0,0.0,0.0
235.03614235265644,3.3818107805536695,22.500000000000004,0.0,0.0,0.0
235.02655126147062,3.377543657771974,22.500000000000007,0.0,0.0,0.0
235.01696253836326,3.3732738214695184,22.500000000000004,0.0,0.0,0.0
235.0073761837419,3.369001271459661,22.500000000000004,0.0,0.0,0.0
234.99779219801377,3.364726007555353,22.500000000000007,0.0,0.0,0.0
234.98821058158558,3.360448029569374,22.499999999999996,0.0,0.0,0.0
234.97863133486402,3.356167337314168,22.5,0.0,0.0,0.0
234.9690544582553,3.3518839306018937,22.5,0.0,0.0,0.0
234.9594799521654,3.347597809244417,22.500000000000004,0.0,0.0,0.0
234.94990781700002,3.343308973053353,22.5,0.0,0.0,0.0
234.94033805316442,3.339017421839906,22.500000000000004,0.0,0.0,0.0
234.93077066106378,3.334723155415113,22.500000000000004,0.0,0.0,0.0
234.92120564110272,3.3304261735896743,22.500000000000004,0.0,0.0,0.0
234.9116429936858,3.326126476174002,22.500000000000004,0.0,0.0,0.0
234.90208271921725,3.321824062978256,22.500000000000004,0.0,0.0,0.0
234.89252481810064,3.31751893381219,22.500000000000004,0.0,0.0,0.0
234.8829692907398,3.313211088485381,22.500000000000004,0.0,0.0,0.0
234.87341613753784,3.3089005268070784,22.500000000000004,0.0,0.0,0.0
234.86386535889778,3.304587248586238,22.500000000000004,0.0,0.0,0.0
234.8543169552222,3.300271253631526,22.5,0.0,0.0,0.0
234.8447709269136,3.2959525417513538,22.500000000000004,0.0,0.0,0.0
234.83522727437386,3.2916311127537314,22.500000000000004,0.0,0.0,0.0
234.8256859980048,3.2873069664464873,22.5,0.0,0.0,0.0
234.8161470982079,3.282980102637125,22.500000000000004,0.0,0.0,0.0
234.8066105753842,3.278650521132852,22.5,0.0,0.0,0.0
234.79707642993475,3.2743182217405864,22.500000000000007,0.0,0.0,0.0
234.78754466226005,3.2699832042669956,22.5,0.0,0.0,0.0
234.77801527276017,3.2656454685183385,22.5,0.0,0.0,0.0
234.7684882618353,3.261305014300697,22.500000000000004,0.0,0.0,0.0
234.75896362988505,3.2569618414198245,22.500000000000004,0.0,0.0,0.0
234.74944137730864,3.2526159496811835,22.5,0.0,0.0,0.0
234.73992150450536,3.2482673388899412,22.500000000000004,0.0,0.0,0.0
234.73040401187387,3.2439160088510177,22.500000000000004,0.0,0.0,0.0
234.72088889981262,3.2395619593689213,22.500000000000007,0.0,0.0,0.0
234.71137616871982,3.2352051902479877,22.499999999999996,0.0,0.0,0.0
234.70186581899333,3.230845701292219,22.499999999999996,0.0,0.0,0.0
234.69235785103072,3.2264834923053263,22.5,0.0,0.0,0.0
234.6828522652294,3.22211856309077,22.5,0.0,0.0,0.0
234.67334906198616,3.2177509134516007,22.5,0.0,0.0,0.0
234.66384824169785,3.2133805431906977,22.5,0.0,0.0,0.0
234.65434980476073,3.2090074521106,22.500000000000004,0.0,0.0,0.0
234.64485375157108,3.204631640013564,22.500000000000004,0.0,0.0,0.0
234.6353600825245,3.200253106701554,22.5,0.0,0.0,0.0
234.6258687980167,3.1958718519762734,22.5,0.0,0.0,0.0
234.6163798984428,3.1914878756390266,22.500000000000004,0.0,0.0,0.0
234.6068933841977,3.187101177490936,22.500000000000004,0.0,0.0,0.0
234.59740925567607,3.182711757332796,22.500000000000007,0.0,0.0,0.0
234.5879275132722,3.17831961496511,22.500000000000004,0.0,0.0,0.0
234.5784481573802,3.1739247501881254,22.500000000000004,0.0,0.0,0.0
234.56897118839376,3.1695271628016837,22.5,0.0,0.0,0.0
234.55949660670635,3.1651268526054492,22.5,0.0,0.0,0.0
234.55002441271102,3.160723819398755,22.500000000000004,0.0,0.0,0.0
234.54055460680084,3.1563180629806444,22.500000000000004,0.0,0.0,0.0
234.53108718936815,3.151909583149866,22.5,0.0,0.0,0.0
234.5216221608055,3.1474983797049148,22.500000000000004,0.0,0.0,0.0
234.5121595215046,3.1430844524438837,22.500000000000004,0.0,0.0,0.0
234.50269927185727,3.138667801164678,22.500000000000007,0.0,0.0,0.0
234.4932414122549,3.134248425664884,22.500000000000007,0.0,0.0,0.0
234.48378594308855,3.12982632574179,22.500000000000004,0.0,0.0,0.0
234.47433286474916,3.1254015011923917,22.5,0.0,0.0,0.0
234.46488217762715,3.1209739518134274,22.500000000000004,0.0,0.0,0.0
234.45543388211274,3.1165436774012383,22.500000000000004,0.0,0.0,0.0
234.44598797859587,3.1121106777519785,22.500000000000004,0.0,0.0,0.0
234.43654446746626,3.1076749526614784,22.500000000000007,0.0,0.0,0.0
234.42710334911314,3.10323650192527,22.500000000000004,0.0,0.0,0.0
234.41766462392576,3.0987953253385974,22.500000000000004,0.0,0.0,0.0
234.40822829229276,3.0943514226964477,22.5,0.0,0.0,0.0
234.39879435460261,3.089904793793403,22.500000000000004,0.0,0.0,0.0
234.38936281124356,3.0854554384238653,22.5,0.0,0.0,0.0
234.37993366260352,3.081003356381907,22.500000000000004,0.0,0.0,0.0
234.37050690907006,3.0765485474613103,22.5,0.0,0.0,0.0
234.36108255103056,3.0720910114555986,22.500000000000004,0.0,0.0,0.0
234.35166058887205,3.0676307481578915,22.5,0.0,0.0,0.0
234.34224102298117,3.06316775736113,22.500000000000004,0.0,0.0,0.0
234.33282385374451,3.058702038857923,22.500000000000004,0.0,0.0,0.0
234.3234090815482,3.0542335924405877,22.5,0.0,0.0,0.0
234.31399670677803,3.049762417901148,22.5,0.0,0.0,0.0
234.3045867298198,3.0452885150313747,22.500000000000004,0.0,0.0,0.0
234.29517915105856,3.040811883622631,22.5,0.0,0.0,0.0
234.28577397087952,3.0363325234660996,22.500000000000007,0.0,0.0,0.0
234.27637118966723,3.031850434352637,22.5,0.0,0.0,0.0
234.2669708078063,3.0273656160728035,22.500000000000004,0.0,0.0,0.0
234.2575728256808,3.0228780684168646,22.500000000000007,0.0,0.0,0.0
234.24817724367463,3.018387791174837,22.500000000000004,0.0,0.0,0.0
234.2387840621713,3.0138947841363244,22.500000000000007,0.0,0.0,0.0
234.2293932815542,3.009399047090757,22.500000000000004,0.0,0.0,0.0
234.22000490220623,3.0049005798272304,22.500000000000004,0.0,0.0,0.0
234.2106189245102,3.0003993821345505,22.500000000000004,0.0,0.0,0.0
234.20123534884848,2.995895453801263,22.500000000000004,0.0,0.0,0.0
234.19185417560325,2.9913887946155144,22.5,0.0,0.0,0.0
234.18247540515634,2.9868794043652653,22.500000000000007,0.0,0.0,0.0
234.1730990378893,2.9823672828381493,22.500000000000007,0.0,0.0,0.0
234.1637250741835,2.977852429821508,22.5,0.0,0.0,0.0
234.15435351441994,2.973334845102383,22.500000000000004,0.0,0.0,0.0
234.14498435897934,2.9688145284675707,22.500000000000004,0.0,0.0,0.0
234.13561760824203,2.964291479703453,22.500000000000004,0.0,0.0,0.0
234.12625326258822,2.9597656985962386,22.500000000000007,0.0,0.0,0.0
234.1168913223978,2.955237184931801,22.5,0.0,0.0,0.0
234.10753178805032,2.95070593849572,22.499999999999996,0.0,0.0,0.0
234.09817465992515,2.9461719590732858,22.499999999999996,0.0,0.0,0.0
234.08881993840131,2.9416352464495303,22.500000000000004,0.0,0.0,0.0
234.0794676238574,2.937095800409082,22.500000000000004,0.0,0.0,0.0
234.07011771667197,2.9325536207363876,22.5,0.0,0.0,0.0
234.06077021722308,2.9280087072155645,22.5,0.0,0.0,0.0
234.05142512588876,2.923461059630435,22.5,0.0,0.0,0.0
234.0420824430466,2.9189106777645657,22.5,0.0,0.0,0.0
234.03274216907377,2.9143575614011197,22.500000000000004,0.0,0.0,0.0
234.02340430434745,2.909801710323077,22.500000000000007,0.0,0.0,0.0
234.0140688492443,2.9052431243130905,22.5,0.0,0.0,0.0
234.00473580414084,2.9006818031535158,22.500000000000007,0.0,0.0,0.0
233.99540516941326,2.8961177466264196,22.5,0.0,0.0,0.0
233.9860769454375,2.891550954513607,22.500000000000004,0.0,0.0,0.0
233.97675113258913,2.886981426596482,22.500000000000004,0.0,0.0,0.0
233.9674277312435,2.8824091626562685,22.500000000000004,0.0,0.0,0.0
233.95810674177568,2.8778341624738553,22.500000000000004,0.0,0.0,0.0
233.9487881645605,2.873256425829843,22.5,0.0,0.0,0.0
233.93947199997243,2.8686759525045322,22.500000000000007,0.0,0.0,0.0
233.93015824838577,2.8640927422779794,22.500000000000004,0.0,0.0,0.0
233.92084691017433,2.8595067949298207,22.500000000000004,0.0,0.0,0.0
233.91153798571182,2.854918110239523,22.500000000000004,0.0,0.0,0.0
233.9022314753717,2.8503266879862155,22.5,0.0,0.0,0.0
233.89292737952704,2.8457325279487384,22.500000000000004,0.0,0.0,0.0
233.88362569855067,2.841135629905637,22.5,0.0,0.0,0.0
233.8743264328152,2.836535993635197,22.5,0.0,0.0,0.0
233.86502958269276,2.8319336189153064,22.500000000000004,0.0,0.0,0.0
233.85573514855542,2.8273285055236643,22.500000000000007,0.0,0.0,0.0
233.8464431307749,2.822720653237645,22.500000000000004,0.0,0.0,0.0
233.83715352972268,2.818110061834328,22.5,0.0,0.0,0.0
233.82786634576996,2.8134967310905328,22.5,0.0,0.0,0.0
233.8185815792874,2.808880660782675,22.5,0.0,0.0,0.0
233.80929923064585,2.8042618506869945,22.5,0.0,0.0,0.0
233.80001930021547,2.7996403005793944,22.5,0.0,0.0,0.0
233.79074178836643,2.7950160102354844,22.5,0.0,0.0,0.0
233.78146669546848,2.7903889794305847,22.5,0.0,0.0,0.0
233.7721940218911,2.7857592079397566,22.500000000000004,0.0,0.0,0.0
233.76292376800356,2.7811266955376572,22.500000000000004,0.0,0.0,0.0
233.7536559341747,2.776491441998762,22.500000000000004,0.0,0.0,0.0
233.7443905207733,2.7718534470972145,22.500000000000004,0.0,0.0,0.0
233.7351275281677,2.7672127106068665,22.5,0.0,0.0,0.0
233.72586695672607,2.762569232301273,22.500000000000004,0.0,0.0,0.0
233.71660880681623,2.7579230119537383,22.5,0.0,0.0,0.0
233.70735307880577,2.7532740493371572,22.500000000000004,0.0,0.0,0.0
233.69809977306193,2.748622344224245,22.500000000000007,0.0,0.0,0.0
233.68884888995177,2.743967896387384,22.500000000000004,0.0,0.0,0.0
233.6796004298421,2.7393107055986667,22.500000000000004,0.0,0.0,0.0
233.67035439309936,2.7346507716299255,22.500000000000004,0.0,0.0,0.0
233.6611107800897,2.729988094252588,22.500000000000004,0.0,0.0,0.0
233.65186959117912,2.725322673237905,22.5,0.0,0.0,0.0
233.6426308267332,2.7206545083567892,22.499999999999996,0.0,0.0,0.0
233.63339448711739,2.715983599379866,22.500000000000004,0.0,0.0,0.0
233.62416057269675,2.711309946077464,22.500000000000007,0.0,0.0,0.0
233.61492908383627,2.7066335482196564,22.500000000000004,0.0,0.0,0.0
233.60570002090034,2.70195440557611,22.500000000000007,0.0,0.0,0.0
233.5964733842533,2.6972725179163133,22.500000000000004,0.0,0.0,0.0
233.58724917425914,2.69258788500942,22.500000000000004,0.0,0.0,0.0
233.5780273912817,2.6879005066242927,22.500000000000004,0.0,0.0,0.0
233.56880803568444,2.6832103825295004,22.5,0.0,0.0,0.0
233.55959110783053,2.678517512493356,22.5,0.0,0.0,0.0
233.55037660808296,2.6738218962837634,22.5,0.0,0.0,0.0
233.5411645368043,2.6691235336684502,22.500000000000007,0.0,0.0,0.0
233.53195489435703,2.6644224244148114,22.500000000000004,0.0,0.0,0.0
233.52274768110328,2.6597185682899473,22.5,0.0,0.0,0.0
233.51354289740493,2.655011965060702,22.500000000000004,0.0,0.0,0.0
233.50434054362344,2.6503026144935173,22.5,0.0,0.0,0.0
233.49514062012028,2.645590516354647,22.5,0.0,0.0,0.0
233.48594312725638,2.640875670410022,22.500000000000004,0.0,0.0,0.0
233.47674806539257,2.636158076425275,22.500000000000004,0.0,0.0,0.0
233.46755543488936,2.6314377341657456,22.5,0.0,0.0,0.0
233.45836523610703,2.626714643396517,22.500000000000007,0.0,0.0,0.0
233.44917746940544,2.621988803882269,22.500000000000004,0.0,0.0,0.0
233.43999213514448,2.6172602153874984,22.5,0.0,0.0,0.0
233.4308092336834,2.6125288776763704,22.500000000000004,0.0,0.0,0.0
233.42162876538146,2.6077947905127576,22.500000000000004,0.0,0.0,0.0
233.41245073059758,2.603057953660241,22.5,0.0,0.0,0.0
233.40327512969037,2.598318366882143,22.500000000000004,0.0,0.0,0.0
233.39410196301822,2.5935760299413797,22.500000000000004,0.0,0.0,0.0
233.38493123093912,2.5888309426006906,22.5,0.0,0.0,0.0
233.37576293381107,2.5840831046224766,22.500000000000004,0.0,0.0,0.0
233.36659707199158,2.5793325157688494,22.5,0.0,0.0,0.0
233.35743364583792,2.5745791758016705,22.5,0.0,0.0,0.0
233.3482726557072,2.569823084482387,22.5,0.0,0.0,0.0
233.339114101956,2.5650642415722658,22.499999999999996,0.0,0.0,0.0
233.32995798494105,2.5603026468322474,22.500000000000007,0.0,0.0,0.0
233.32080430501853,2.555538300022975,22.500000000000004,0.0,0.0,0.0
233.31165306254434,2.5507712009048014,22.500000000000007,0.0,0.0,0.0
233.30250425787435,2.5460013492378217,22.500000000000004,0.0,0.0,0.0
233.29335789136385,2.541228744781725,22.500000000000004,0.0,0.0,0.0
233.28421396336802,2.5364533872960187,22.500000000000004,0.0,0.0,0.0
233.27507247424188,2.531675276539882,22.5,0.0,0.0,0.0
233.26593342434006,2.5268944122721972,22.5,0.0,0.0,0.0
233.25679681401692,2.5221107942515566,22.5,0.0,0.0,0.0
233.24766264362668,2.5173244222362965,22.500000000000004,0.0,0.0,0.0
233.23853091352308,2.5125352959843426,22.500000000000007,0.0,0.0,0.0
233.22940162405973,2.507743415253445,22.5,0.0,0.0,0.0
233.22027477559007,2.502948779801021,22.500000000000004,0.0,0.0,0.0
233.21115036846712,2.4981513893841942,22.500000000000004,0.0,0.0,0.0
233.20202840304378,2.4933512437598324,22.500000000000004,0.0,0.0,0.0
233.19290887967242,2.4885483426843993,22.500000000000004,0.0,0.0,0.0
233.18379179870547,2.4837426859141742,22.500000000000004,0.0,0.0,0.0
233.17467716049495,2.478934273205109,22.5,0.0,0.0,0.0
233.16556496539266,2.47412310431286,22.500000000000004,0.0,0.0,0.0
233.15645521375,2.4693091789927943,22.500000000000004,0.0,0.0,0.0
233.14734790591837,2.464492497000017,22.500000000000004,0.0,0.0,0.0
233.1382430422486,2.4596730580892308,22.500000000000004,0.0,0.0,0.0
233.1291406230916,2.45485086201496,22.5,0.0,0.0,0.0
233.12004064879764,2.450025908531392,22.500000000000004,0.0,0.0,0.0
233.1109431197171,2.445198197392426,22.500000000000004,0.0,0.0,0.0
233.10184803619978,2.4403677283516685,22.5,0.0,0.0,0.0
233.09275539859553,2.4355345011624645,22.499999999999996,0.0,0.0,0.0
233.08366520725366,2.430698515577759,22.500000000000004,0.0,0.0,0.0
233.07457746252345,2.425859771350315,22.500000000000004,0.0,0.0,0.0
233.0654921647537,2.421018268232564,22.500000000000004,0.0,0.0,0.0
233.05640931429312,2.4161740059766426,22.5,0.0,0.0,0.0
233.0473289114901,2.4113269843343974,22.5,0.0,0.0,0.0
233.03825095669285,2.4064772030574177,22.500000000000007,0.0,0.0,0.0
233.02917545024917,2.401624661896888,22.500000000000004,0.0,0.0,0.0
233.02010239250671,2.3967693606038116,22.499999999999996,0.0,0.0,0.0
233.01103178381288,2.39191129892886,22.500000000000004,0.0,0.0,0.0
233.0019636245147,2.3870504766224143,22.500000000000004,0.0,0.0,0.0
232.99289791495912,2.3821868934345987,22.5,0.0,0.0,0.0
