galstreams/tracks/track.st.M5.grillmair2019.ecsv
# %ECSV 0.9
# ---
# datatype:
# - {name: ra, unit: deg, datatype: float64}
# - {name: dec, unit: deg, datatype: float64}
# - {name: distance, unit: kpc, datatype: float64}
# - {name: pm_ra_cosdec, unit: mas / yr, datatype: float64}
# - {name: pm_dec, unit: mas / yr, datatype: float64}
# - {name: radial_velocity, unit: km / s, datatype: float64}
# delimiter: ','
# meta: !!omap
# - __serialized_columns__:
#     dec:
#       __class__: astropy.coordinates.angles.Latitude
#       unit: &id001 !astropy.units.Unit {unit: deg}
#       value: !astropy.table.SerializedColumn {name: dec}
#     distance:
#       __class__: astropy.coordinates.distances.Distance
#       unit: !astropy.units.Unit {unit: kpc}
#       value: !astropy.table.SerializedColumn {name: distance}
#     pm_dec:
#       __class__: astropy.units.quantity.Quantity
#       unit: !astropy.units.Unit {unit: mas / yr}
#       value: !astropy.table.SerializedColumn {name: pm_dec}
#     pm_ra_cosdec:
#       __class__: astropy.units.quantity.Quantity
#       unit: !astropy.units.Unit {unit: mas / yr}
#       value: !astropy.table.SerializedColumn {name: pm_ra_cosdec}
#     ra:
#       __class__: astropy.coordinates.angles.Longitude
#       unit: *id001
#       value: !astropy.table.SerializedColumn {name: ra}
#       wrap_angle: !astropy.coordinates.Angle
#         unit: *id001
#         value: 360.0
#     radial_velocity:
#       __class__: astropy.units.quantity.Quantity
#       unit: !astropy.units.Unit {unit: km / s}
#       value: !astropy.table.SerializedColumn {name: radial_velocity}
# schema: astropy-2.0
ra,dec,distance,pm_ra_cosdec,pm_dec,radial_velocity
[from data line 1544]
212.799161587353,10.54834008359334,14.610290073102409,3.589830297738989,-9.039144440862737,-5.0524602779234026e-14
212.78995292912953,10.552595962073267,14.60943582118667,3.589413032686443,-9.038365878444857,3.368306851948935e-14
212.78074406168955,10.556851667782347,14.608581549850967,3.588995654086128,-9.037587244644467,-6.73661370389787e-14
212.7715349849846,10.561107200718553,14.607727259090602,3.5885781620545667,-9.036808539435603,-6.73661370389787e-14
212.76232569896627,10.565362560879862,14.606872948900886,3.5881605567082624,-9.036029762792277,-3.368306851948935e-14
212.753116203586,10.569617748264259,14.606018619277114,3.5877428381637197,-9.035250914688522,-3.368306851948935e-14
212.74390649879533,10.573872762869728,14.605164270214603,3.587325006537417,-9.034471995098349,1.6841534259744676e-14
212.73469658454576,10.578127604694263,14.604309901708646,3.5869070619458348,-9.033693003995774,-3.368306851948935e-14
212.72548646078886,10.582382273735853,14.603455513754561,3.5864890045054274,-9.032913941354803,1.6841534259744676e-14
212.71627612747608,10.586636769992493,14.602601106347649,3.586070834332653,-9.032134807149436,-1.6841534259744676e-14
212.707065584559,10.590891093462194,14.601746679483213,3.5856525515439444,-9.031355601353678,6.73661370389787e-14
212.69785483198905,10.59514524414296,14.600892233156559,3.5852341562557326,-9.030576323941524,-5.0524602779234026e-14
212.68864386971782,10.599399222032803,14.600037767362993,3.5848156485844327,-9.029796974886965,6.73661370389787e-14
212.67943269769677,10.603653027129736,14.599183282097819,3.5843970286464466,-9.029017554163987,-3.368306851948935e-14
212.67022131587746,10.607906659431778,14.598328777356349,3.583978296558169,-9.028238061746572,-5.0524602779234026e-14
212.6610097242114,10.612160118936952,14.597474253133878,3.583559452435978,-9.027458497608706,0.0
212.65179792265005,10.616413405643291,14.596619709425722,3.583140496396242,-9.026678861724347,5.0524602779234026e-14
212.64258591114492,10.620666519548825,14.59576514622718,3.582721428555324,-9.025899154067478,-3.368306851948935e-14
212.63337368964758,10.624919460651586,14.594910563533556,3.582302249029562,-9.025119374612062,5.0524602779234026e-14
212.62416125810952,10.629172228949617,14.594055961340164,3.5818829579352953,-9.024339523332056,5.0524602779234026e-14
212.61494861648222,10.633424824440963,14.593201339642297,3.5814635553888468,-9.023559600201422,-3.368306851948935e-14
212.6057357647172,10.637677247123682,14.592346698435271,3.5810440415065217,-9.022779605194112,-1.6841534259744676e-14
212.59652270276598,10.641929496995806,14.591492037714389,3.5806244164046235,-9.021999538284065,3.368306851948935e-14
212.58730943058004,10.646181574055408,14.590637357474955,3.5802046801994374,-9.021219399445231,3.368306851948935e-14
212.5780959481109,10.65043347830055,14.589782657712274,3.5797848330072397,-9.020439188651551,-1.6841534259744676e-14
212.5688822553101,10.654685209729294,14.588927938421648,3.5793648749442943,-9.019658905876955,1.6841534259744676e-14
212.55966835212908,10.658936768339705,14.588073199598389,3.5789448061268527,-9.018878551095376,-1.6841534259744676e-14
212.55045423851936,10.663188154129864,14.587218441237802,3.5785246266711574,-9.018098124280735,-3.368306851948935e-14
212.54123991443248,10.66743936709785,14.586363663335186,3.578104336693433,-9.017317625406957,0.0
212.5320253798199,10.671690407241748,14.585508865885851,3.5776839363099002,-9.016537054447962,-1.6841534259744676e-14
212.52281063463315,10.675941274559637,14.584654048885108,3.577263425636762,-9.015756411377646,-8.420767129872338e-14
212.51359567882375,10.680191969049611,14.583799212328252,3.5768428047902123,-9.014975696169934,3.368306851948935e-14
212.50438051234315,10.684442490709772,14.582944356210591,3.5764220738864365,-9.014194908798718,1.6841534259744676e-14
212.49516513514286,10.688692839538218,14.582089480527435,3.576001233041601,-9.013414049237896,3.368306851948935e-14
212.48594954717439,10.69294301553305,14.581234585274085,3.575580282371863,-9.012633117461366,-1.6841534259744676e-14
212.47673374838925,10.69719301869238,14.58037967044585,3.5751592219933737,-9.011852113443014,5.0524602779234026e-14
212.4675177387389,10.70144284901431,14.579524736038035,3.5747380520222656,-9.011071037156723,-1.6841534259744676e-14
212.4583015181749,10.705692506496973,14.578669782045942,3.574316772574658,-9.010289888576372,6.73661370389787e-14
212.44908508664867,10.709941991138484,14.577814808464879,3.573895383766668,-9.009508667675837,0.0
212.4398684441117,10.714191302936968,14.57695981529015,3.5734738857143964,-9.00872737442899,-6.73661370389787e-14
212.4306515905156,10.718440441890555,14.576104802517063,3.573052278533924,-9.00794600880969,-1.0104920555846805e-13
212.42143452581175,10.722689407997379,14.57524977014092,3.572630562341333,-9.007164570791803,-5.0524602779234026e-14
212.4122172499517,10.726938201255578,14.574394718157032,3.5722087372526845,-9.006383060349176,1.6841534259744676e-14
212.4029997628869,10.731186821663304,14.573539646560697,3.571786803384031,-9.00560147745567,-6.73661370389787e-14
212.39378206456888,10.73543526921869,14.572684555347225,3.571364760851416,-9.004819822085125,0.0
212.3845641549491,10.739683543919899,14.57182944451192,3.5709426097708663,-9.00403809421138,-5.0524602779234026e-14
212.37534603397907,10.743931645765088,14.570974314050089,3.5705203502583998,-9.00325629380828,-5.0524602779234026e-14
212.36612770161025,10.748179574752404,14.570119163957035,3.5700979824300236,-9.002474420849646,-1.6841534259744676e-14
212.35690915779418,10.752427330880026,14.569263994228068,3.569675506401726,-9.001692475309307,-1.6841534259744676e-14
212.3476904024823,10.756674914146123,14.568408804858487,3.5692529222894964,-9.000910457161089,-1.6841534259744676e-14
212.3384714356261,10.760922324548854,14.567553595843604,3.568830230209298,-9.000128366378801,-3.368306851948935e-14
212.3292522571771,10.765169562086411,14.566698367178718,3.5684074302770936,-8.999346202936264,0.0
212.32003286708675,10.769416626756973,14.565843118859142,3.5679845226088256,-8.998563966807279,5.0524602779234026e-14
212.31081326530656,10.773663518558726,14.564987850880174,3.5675615073204323,-8.997781657965643,1.515738083377021e-13
212.301593451788,10.777910237489861,14.564132563237122,3.5671383845278384,-8.996999276385164,-1.6841534259744676e-14
212.29237342648253,10.782156783548569,14.563277255925293,3.5667151543469466,-8.996216822039624,1.6841534259744676e-14
212.28315318934165,10.786403156733057,14.562421928939989,3.566291816893664,-8.995434294902815,6.73661370389787e-14
212.27393274031684,10.790649357041522,14.561566582276523,3.5658683722838735,-8.994651694948514,3.368306851948935e-14
212.2647120793596,10.794895384472179,14.560711215930192,3.5654448206334513,-8.993869022150504,0.0
212.2554912064214,10.79914123902324,14.559855829896303,3.565021162058264,-8.993086276482552,6.73661370389787e-14
212.2462701214537,10.803386920692919,14.559000424170163,3.5645973966741593,-8.992303457918426,5.0524602779234026e-14
212.23704882440796,10.80763242947944,14.558144998747082,3.56417352459698,-8.99152056643188,1.6841534259744676e-14
212.22782731523571,10.81187776538103,14.557289553622358,3.563749545942553,-8.990737601996681,0.0
212.21860559388838,10.816122928395922,14.556434088791297,3.5633254608266953,-8.98995456458658,-6.73661370389787e-14
212.20938366031749,10.820367918522336,14.555578604249213,3.56290126936521,-8.989171454175311,-6.73661370389787e-14
212.20016151447447,10.824612735758532,14.554723099991401,3.5624769716738904,-8.988388270736625,1.6841534259744676e-14
212.1909391563108,10.828857380102743,14.553867576013173,3.5620525678685153,-8.987605014244249,0.0
212.181716585778,10.833101851553218,14.553012032309828,3.561628058064856,-8.986821684671927,-1.6841534259744676e-14
212.1724938028275,10.83734615010821,14.55215646887668,3.5612034423786683,-8.986038281993372,6.73661370389787e-14
212.16327080741073,10.841590275765977,14.551300885709026,3.560778720925699,-8.985254806182308,-8.420767129872338e-14
212.1540475994792,10.84583422852478,14.550445282802176,3.560353893821678,-8.984471257212451,5.0524602779234026e-14
212.1448241789844,10.850078008382887,14.549589660151439,3.5599289611823264,-8.983687635057501,1.6841534259744676e-14
212.1356005458778,10.854321615338566,14.548734017752116,3.559503923123356,-8.982903939691177,-5.0524602779234026e-14
212.12637670011082,10.858565049390096,14.54787835559951,3.559078779760464,-8.982120171087164,0.0
212.11715264163496,10.862808310535748,14.547022673688929,3.5586535312093366,-8.981336329219161,-3.368306851948935e-14
212.1079283704017,10.867051398773812,14.546166972015682,3.5582281775856437,-8.980552414060858,8.420767129872338e-14
212.09870388636244,10.871294314102583,14.545311250575065,3.55780271900505,-8.979768425585934,0.0
212.0894791894687,10.87553705652034,14.544455509362392,3.5573771555832048,-8.978984363768067,3.368306851948935e-14
212.08025427967192,10.87977962602539,14.543599748372966,3.556951487435744,-8.978200228580928,-6.73661370389787e-14
212.0710291569236,10.884022022616028,14.542743967602092,3.5565257146782963,-8.977416019998188,6.73661370389787e-14
212.06180382117512,10.888264246290568,14.541888167045077,3.556099837426476,-8.976631737993502,0.0
212.052578272378,10.892506297047312,14.541032346697227,3.5556738557958814,-8.975847382540527,-1.6841534259744676e-14
212.0433525104837,10.896748174884586,14.540176506553843,3.555247769902104,-8.975062953612913,6.73661370389787e-14
212.03412653544362,10.900989879800703,14.53932064661023,3.554821579860726,-8.974278451184308,0.0
212.0249003472093,10.905231411793983,14.5384647668617,3.5543952857873067,-8.973493875228346,0.0
212.01567394573215,10.909472770862761,14.537608867303556,3.553968887797406,-8.972709225718665,1.1789073981821273e-13
212.0064473309636,10.91371395700537,14.536752947931102,3.553542386006564,-8.971924502628886,-5.0524602779234026e-14
211.99722050285516,10.917954970220148,14.535897008739642,3.5531157805303124,-8.971139705932636,-1.6841534259744676e-14
211.98799346135823,10.922195810505432,14.535041049724486,3.552689071484168,-8.970354835603535,-1.6841534259744676e-14
211.9787662064243,10.92643647785958,14.534185070880934,3.552262258983637,-8.969569891615189,6.73661370389787e-14
211.96953873800481,10.930676972280931,14.533329072204292,3.5518353431442122,-8.968784873941207,8.420767129872338e-14
211.9603110560512,10.934917293767851,14.532473053689872,3.5514083240813816,-8.967999782555184,3.368306851948935e-14
211.9510831605149,10.939157442318692,14.531617015332973,3.550981201910612,-8.967214617430718,-5.0524602779234026e-14
211.9418550513474,10.943397417931827,14.530760957128907,3.55055397674736,-8.966429378541395,-6.73661370389787e-14
211.93262672850017,10.947637220605616,14.52990487907297,3.5501266487070766,-8.965644065860804,1.0104920555846805e-13
211.92339819192458,10.951876850338442,14.529048781160471,3.549699217905193,-8.964858679362518,0.0
211.9141694415721,10.95611630712868,14.528192663386719,3.5492716844571333,-8.964073219020108,0.0
211.9049404773942,10.960355590974713,14.527336525747018,3.548844048478307,-8.96328768480714,3.368306851948935e-14
211.89571129934228,10.964594701874928,14.526480368236669,3.5484163100841144,-8.962502076697175,1.6841534259744676e-14
211.88648190736785,10.968833639827718,14.525624190850984,3.547988469389939,-8.961716394663766,5.0524602779234026e-14
211.87725230142226,10.97307240483148,14.524767993585266,3.547560526511156,-8.96093063868046,-5.0524602779234026e-14
211.86802248145702,10.977310996884619,14.523911776434819,3.5471324815631307,-8.960144808720806,-1.1789073981821273e-13
211.85879244742358,10.981549415985535,14.523055539394948,3.5467043346612095,-8.959358904758334,5.0524602779234026e-14
211.8495621992733,10.98578766213264,14.52219928246096,3.5462760859207325,-8.95857292676658,1.0104920555846805e-13
211.84033173695767,10.990025735324357,14.521343005628161,3.5458477354570292,-8.957786874719067,-1.6841534259744676e-14
211.8311010604281,10.994263635559099,14.520486708891855,3.545419283385408,-8.957000748589316,-1.6841534259744676e-14
211.82187016963607,10.998501362835286,14.51963039224735,3.5449907298211736,-8.956214548350836,1.6841534259744676e-14
211.81263906453296,11.002738917151357,14.518774055689947,3.5445620748796203,-8.95542827397714,-6.73661370389787e-14
211.80340774507025,11.006976298505736,14.517917699214951,3.544133318676021,-8.954641925441726,5.0524602779234026e-14
211.79417621119933,11.011213506896869,14.517061322817678,3.543704461325643,-8.95385550271809,1.6841534259744676e-14
211.78494446287164,11.015450542323196,14.516204926493423,3.5432755029437404,-8.953069005779719,0.0
211.77571250003862,11.019687404783165,14.515348510237494,3.542846443645557,-8.952282434600106,-1.6841534259744676e-14
211.7664803226517,11.023924094275225,14.514492074045195,3.5424172835463192,-8.951495789152718,-3.368306851948935e-14
211.7572479306623,11.02816061079784,14.51363561791183,3.541988022761249,-8.950709069411038,0.0
211.74801532402182,11.032396954349462,14.512779141832716,3.541558661405549,-8.949922275348522,-3.368306851948935e-14
211.73878250268174,11.03663312492856,14.511922645803143,3.541129199594414,-8.949135406938632,-3.368306851948935e-14
211.72954946659345,11.040869122533612,14.511066129818428,3.5406996374430246,-8.948348464154826,3.368306851948935e-14
211.72031621570838,11.045104947163084,14.510209593873869,3.5402699750665514,-8.947561446970544,1.6841534259744676e-14
211.71108274997795,11.04934059881546,14.509353037964773,3.539840212580155,-8.946774355359237,3.368306851948935e-14
211.70184906935356,11.053576077489224,14.508496462086446,3.5394103500989758,-8.945987189294334,8.420767129872338e-14
211.69261517378666,11.057811383182868,14.507639866234198,3.5389803877381465,-8.945199948749261,0.0
211.68338106322867,11.062046515894881,14.506783250403329,3.5385503256127917,-8.944412633697453,0.0
211.67414673763096,11.066281475623764,14.505926614589146,3.538120163838018,-8.943625244112315,-3.368306851948935e-14
211.664912196945,11.07051626236802,14.505069958786954,3.5376899025289243,-8.942837779967265,5.0524602779234026e-14
211.65567744112218,11.074750876126158,14.50421328299206,3.537259541800593,-8.9420502412357,6.73661370389787e-14
211.64644247011393,11.078985316896688,14.503356587199768,3.536829081768098,-8.941262627891025,3.368306851948935e-14
211.63720728387162,11.083219584678131,14.502499871405382,3.536398522546501,-8.940474939906633,0.0
211.62797188234669,11.087453679469006,14.501643135604208,3.535967864250848,-8.939687177255905,-3.368306851948935e-14
211.61873626549055,11.091687601267841,14.500786379791558,3.535537106996177,-8.938899339912222,-3.368306851948935e-14
211.60950043325465,11.095921350073167,14.499929603962729,3.5351062508975097,-8.938111427848959,6.73661370389787e-14
211.60026438559032,11.100154925883515,14.499072808113029,3.53467529606986,-8.937323441039485,0.0
211.591028122449,11.104388328697437,14.498215992237766,3.534244242628226,-8.936535379457155,-6.73661370389787e-14
211.58179164378214,11.10862155851347,14.497359156332239,3.5338130906876013,-8.935747243075326,3.368306851948935e-14
211.57255494954106,11.112854615330164,14.49650230039176,3.5333818403629524,-8.934959031867349,8.420767129872338e-14
211.5633180396772,11.117087499146077,14.495645424411633,3.5329504917692476,-8.93417074580656,3.368306851948935e-14
211.554080914142,11.121320209959771,14.494788528387163,3.53251904502144,-8.933382384866295,8.420767129872338e-14
211.5448435728868,11.125552747769804,14.493931612313654,3.5320875002344643,-8.932593949019891,1.6841534259744676e-14
211.53560601586307,11.129785112574751,14.493074676186408,3.5316558575232477,-8.931805438240664,-3.368306851948935e-14
211.52636824302212,11.134017304373181,14.492217720000742,3.531224117002706,-8.931016852501926,-1.6841534259744676e-14
211.51713025431542,11.138249323163677,14.491360743751953,3.530792278787742,-8.930228191776992,3.368306851948935e-14
