galstreams/tracks/track.st.Alpheus.grillmair2013.ecsv
# %ECSV 0.9
# ---
# datatype:
# - {name: ra, unit: deg, datatype: float64}
# - {name: dec, unit: deg, datatype: float64}
# - {name: distance, unit: kpc, datatype: float64}
# - {name: pm_ra_cosdec, unit: mas / yr, datatype: float64}
# - {name: pm_dec, unit: mas / yr, datatype: float64}
# - {name: radial_velocity, unit: km / s, datatype: float64}
# delimiter: ','
# meta: !!omap
# - __serialized_columns__:
#     dec:
#       __class__: astropy.coordinates.angles.Latitude
#       unit: &id001 !astropy.units.Unit {unit: deg}
#       value: !astropy.table.SerializedColumn {name: dec}
#     distance:
#       __class__: astropy.coordinates.distances.Distance
#       unit: !astropy.units.Unit {unit: kpc}
#       value: !astropy.table.SerializedColumn {name: distance}
#     pm_dec:
#       __class__: astropy.units.quantity.Quantity
#       unit: !astropy.units.Unit {unit: mas / yr}
#       value: !astropy.table.SerializedColumn {name: pm_dec}
#     pm_ra_cosdec:
#       __class__: astropy.units.quantity.Quantity
#       unit: !astropy.units.Unit {unit: mas / yr}
#       value: !astropy.table.SerializedColumn {name: pm_ra_cosdec}
#     ra:
#       __class__: astropy.coordinates.angles.Longitude
#       unit: *id001
#       value: !astropy.table.SerializedColumn {name: ra}
#       wrap_angle: !astropy.coordinates.Angle
#         unit: *id001
#         value: 360.0
#     radial_velocity:
#       __class__: astropy.units.quantity.Quantity
#       unit: !astropy.units.Unit {unit: km / s}
#       value: !astropy.table.SerializedColumn {name: radial_velocity}
# schema: astropy-2.0
ra,dec,distance,pm_ra_cosdec,pm_dec,radial_velocity
[from data line 704]
23.626517715671426,-61.99731832704769,1.7167099749783215,0.0,0.0,0.0
23.62926055289961,-61.98739303102351,1.7168754182132602,0.0,0.0,0.0
23.63200293441794,-61.97746777958539,1.7170408607079601,0.0,0.0,0.0
23.634744860257744,-61.96754257266877,1.717206302463197,0.0,0.0,0.0
23.637486330450283,-61.95761741020917,1.7173717434797464,0.0,0.0,0.0
23.64022734502672,-61.94769229214229,1.7175371837583842,0.0,0.0,0.0
23.64296790401827,-61.93776721840368,1.7177026232998867,0.0,0.0,0.0
23.645708007456005,-61.92784218892911,1.7178680621050297,0.0,0.0,0.0
23.648447655371005,-61.91791720365425,1.7180335001745892,0.0,0.0,0.0
23.651186847794335,-61.907992262514796,1.7181989375093405,0.0,0.0,0.0
23.65392558475695,-61.89806736544667,1.7183643741100598,0.0,0.0,0.0
23.656663866289826,-61.888142512385606,1.7185298099775235,0.0,0.0,0.0
23.659401692423828,-61.878217703267566,1.7186952451125066,0.0,0.0,0.0
23.66213906318984,-61.86829293802843,1.718860679515785,0.0,0.0,0.0
23.664875978618692,-61.85836821660413,1.7190261131881357,0.0,0.0,0.0
23.667612438741124,-61.84844353893074,1.7191915461303335,0.0,0.0,0.0
23.670348443587898,-61.838518904944195,1.719356978343155,0.0,0.0,0.0
23.67308399318968,-61.828594314580684,1.7195224098273754,0.0,0.0,0.0
23.675819087577118,-61.818669767776285,1.7196878405837712,0.0,0.0,0.0
23.678553726780844,-61.80874526446708,1.7198532706131175,0.0,0.0,0.0
23.681287910831372,-61.7988208045894,1.720018699916191,0.0,0.0,0.0
23.684021639759273,-61.78889638807937,1.7201841284937671,0.0,0.0,0.0
23.686754913594964,-61.77897201487336,1.7203495563466222,0.0,0.0,0.0
23.68948773236891,-61.76904768490767,1.7205149834755313,0.0,0.0,0.0
23.692220096111512,-61.75912339811856,1.720680409881271,0.0,0.0,0.0
23.694952004853093,-61.749199154442586,1.7208458355646172,0.0,0.0,0.0
23.697683458623974,-61.73927495381611,1.7210112605263452,0.0,0.0,0.0
23.700414457454414,-61.72935079617553,1.7211766847672318,0.0,0.0,0.0
23.703145001374633,-61.71942668145751,1.7213421082880516,0.0,0.0,0.0
23.705875090414818,-61.70950260959849,1.7215075310895815,0.0,0.0,0.0
23.708604724605085,-61.69957858053516,1.7216729531725974,0.0,0.0,0.0
23.711333903975532,-61.689654594204136,1.7218383745378751,0.0,0.0,0.0
23.714062628556253,-61.67973065054202,1.7220037951861897,0.0,0.0,0.0
23.716790898377194,-61.66980674948564,1.7221692151183174,0.0,0.0,0.0
23.719518713468382,-61.65988289097166,1.7223346343350352,0.0,0.0,0.0
23.722246073859683,-61.649959074936945,1.722500052837117,0.0,0.0,0.0
23.72497297958103,-61.64003530131834,1.7226654706253408,0.0,0.0,0.0
23.727699430662256,-61.63011157005261,1.7228308877004814,0.0,0.0,0.0
23.730425427133138,-61.62018788107682,1.722996304063314,0.0,0.0,0.0
23.733150969023477,-61.61026423432781,1.7231617197146158,0.0,0.0,0.0
23.735876056362944,-61.60034062974267,1.723327134655162,0.0,0.0,0.0
23.738600689181226,-61.59041706725839,1.7234925488857287,0.0,0.0,0.0
23.74132486750799,-61.580493546812015,1.7236579624070918,0.0,0.0,0.0
23.744048591372792,-61.57057006834072,1.723823375220027,0.0,0.0,0.0
23.746771860805204,-61.5606466317816,1.72398878732531,0.0,0.0,0.0
23.749494675834715,-61.55072323707194,1.7241541987237172,0.0,0.0,0.0
23.752217036490794,-61.54079988414892,1.7243196094160245,0.0,0.0,0.0
23.754938942802905,-61.53087657294976,1.7244850194030072,0.0,0.0,0.0
23.75766039480038,-61.52095330341188,1.7246504286854412,0.0,0.0,0.0
23.760381392512606,-61.51103007547253,1.724815837264103,0.0,0.0,0.0
23.763101935968844,-61.50110688906923,1.7249812451397684,0.0,0.0,0.0
23.76582202519838,-61.49118374413933,1.7251466523132124,0.0,0.0,0.0
23.768541660230447,-61.48126064062026,1.7253120587852122,0.0,0.0,0.0
23.77126084109419,-61.47133757844967,1.7254774645565423,0.0,0.0,0.0
23.773979567818753,-61.461414557565014,1.7256428696279797,0.0,0.0,0.0
23.77669784043327,-61.451491577903845,1.7258082740003,0.0,0.0,0.0
23.779415658966748,-61.44156863940392,1.7259736776742787,0.0,0.0,0.0
23.782133023448242,-61.431645742002786,1.7261390806506918,0.0,0.0,0.0
23.784849933906674,-61.421722885638275,1.7263044829303154,0.0,0.0,0.0
23.78756639037102,-61.41180007024808,1.726469884513926,0.0,0.0,0.0
23.79028239287017,-61.401877295769935,1.7266352854022984,0.0,0.0,0.0
23.792997941432954,-61.391954562141784,1.7268006855962086,0.0,0.0,0.0
23.7957130360882,-61.38203186930136,1.7269660850964323,0.0,0.0,0.0
23.79842767686465,-61.372109217186726,1.7271314839037464,0.0,0.0,0.0
23.801141863791056,-61.36218660573575,1.7272968820189265,0.0,0.0,0.0
23.803855596896113,-61.35226403488638,1.7274622794427483,0.0,0.0,0.0
23.806568876208438,-61.34234150457675,1.727627676175987,0.0,0.0,0.0
23.80928170175667,-61.33241901474482,1.7277930722194195,0.0,0.0,0.0
23.81199407356935,-61.322496565328784,1.7279584675738209,0.0,0.0,0.0
23.81470599167501,-61.31257415626676,1.728123862239967,0.0,0.0,0.0
23.81741745610215,-61.302651787496885,1.728289256218635,0.0,0.0,0.0
23.820128466879183,-61.29272945895748,1.7284546495105997,0.0,0.0,0.0
23.82283902403456,-61.28280717058671,1.728620042116637,0.0,0.0,0.0
23.82554912759659,-61.272884922322966,1.7287854340375228,0.0,0.0,0.0
23.82825877759363,-61.26296271410456,1.7289508252740335,0.0,0.0,0.0
23.830967974053973,-61.25304054586984,1.7291162158269444,0.0,0.0,0.0
23.833676717005837,-61.2431184175573,1.7292816056970322,0.0,0.0,0.0
23.83638500647744,-61.23319632910531,1.7294469948850713,0.0,0.0,0.0
23.83909284249692,-61.2232742804525,1.729612383391839,0.0,0.0,0.0
23.841800225092438,-61.21335227153733,1.7297777712181106,0.0,0.0,0.0
23.84450715429206,-61.20343030229834,1.729943158364662,0.0,0.0,0.0
23.847213630123814,-61.19350837267427,1.730108544832269,0.0,0.0,0.0
23.84991965261573,-61.183586482603644,1.7302739306217079,0.0,0.0,0.0
23.852625221795737,-61.17366463202529,1.7304393157337545,0.0,0.0,0.0
23.855330337691786,-61.16374282087791,1.730604700169184,0.0,0.0,0.0
23.85803500033176,-61.1538210491002,1.7307700839287727,0.0,0.0,0.0
23.86073920974347,-61.1438993166311,1.7309354670132968,0.0,0.0,0.0
23.863442965954775,-61.13397762340934,1.7311008494235316,0.0,0.0,0.0
23.866146268993383,-61.12405596937396,1.731266231160254,0.0,0.0,0.0
23.86884911888704,-61.114134354463836,1.7314316122242388,0.0,0.0,0.0
23.871551515663445,-61.10421277861786,1.7315969926162622,0.0,0.0,0.0
23.87425345935022,-61.09429124177518,1.7317623723370996,0.0,0.0,0.0
23.876954949974976,-61.084369743874795,1.7319277513875284,0.0,0.0,0.0
23.8796559875653,-61.07444828485573,1.7320931297683229,0.0,0.0,0.0
23.88235657214868,-61.06452686465724,1.7322585074802601,0.0,0.0,0.0
23.885056703752642,-61.0546054832184,1.732423884524115,0.0,0.0,0.0
23.887756382404607,-61.044684140478516,1.7325892609006641,0.0,0.0,0.0
23.89045560813198,-61.03476283637677,1.732754636610683,0.0,0.0,0.0
23.89315438096216,-61.02484157085243,1.7329200116549475,0.0,0.0,0.0
23.895852700922436,-61.01492034384492,1.7330853860342337,0.0,0.0,0.0
23.89855056804014,-61.004999155293504,1.7332507597493179,0.0,0.0,0.0
23.90124798234248,-60.99507800513768,1.7334161328009747,0.0,0.0,0.0
23.90394494385669,-60.98515689331686,1.733581505189981,0.0,0.0,0.0
23.906641452609957,-60.975235819770475,1.7337468769171125,0.0,0.0,0.0
23.909337508629385,-60.96531478443817,1.7339122479831452,0.0,0.0,0.0
23.912033111942094,-60.95539378725938,1.7340776183888549,0.0,0.0,0.0
23.91472826257511,-60.945472828173855,1.734242988135017,0.0,0.0,0.0
23.917422960555474,-60.93555190712113,1.7344083572224078,0.0,0.0,0.0
23.920117205910167,-60.925631024040875,1.7345737256518035,0.0,0.0,0.0
23.9228109986661,-60.91571017887292,1.7347390934239795,0.0,0.0,0.0
23.9255043388502,-60.90578937155689,1.734904460539712,0.0,0.0,0.0
23.928197226489303,-60.89586860203273,1.7350698269997769,0.0,0.0,0.0
23.930889661610244,-60.88594787024019,1.735235192804949,0.0,0.0,0.0
23.933581644239826,-60.87602717611912,1.735400557956006,0.0,0.0,0.0
23.93627317440475,-60.866106519609545,1.7355659224537219,0.0,0.0,0.0
23.93896425213177,-60.85618590065132,1.7357312862988743,0.0,0.0,0.0
23.941654877447505,-60.846265319184525,1.7358966494922385,0.0,0.0,0.0
23.944345050378608,-60.836344775149165,1.7360620120345898,0.0,0.0,0.0
23.947034770951678,-60.826424268485255,1.7362273739267047,0.0,0.0,0.0
23.949724039193242,-60.816503799133,1.7363927351693589,0.0,0.0,0.0
23.952412855129822,-60.80658336703252,1.736558095763328,0.0,0.0,0.0
23.95510121878792,-60.79666297212396,1.7367234557093882,0.0,0.0,0.0
23.957789130193927,-60.78674261434764,1.7368888150083155,0.0,0.0,0.0
23.960476589374277,-60.77682229364372,1.7370541736608855,0.0,0.0,0.0
23.9631635963553,-60.766902009952645,1.7372195316678742,0.0,0.0,0.0
23.965850151163327,-60.75698176321469,1.7373848890300576,0.0,0.0,0.0
23.968536253824656,-60.74706155337017,1.7375502457482115,0.0,0.0,0.0
23.971221904365507,-60.73714138035967,1.7377156018231117,0.0,0.0,0.0
23.973907102812117,-60.72722124412352,1.737880957255534,0.0,0.0,0.0
23.97659184919061,-60.71730114460231,1.7380463120462541,0.0,0.0,0.0
23.97927614352714,-60.70738108173656,1.7382116661960485,0.0,0.0,0.0
23.98195998584782,-60.69746105546679,1.738377019705693,0.0,0.0,0.0
23.98464337617866,-60.68754106573375,1.738542372575963,0.0,0.0,0.0
23.98732631454572,-60.67762111247795,1.7387077248076344,0.0,0.0,0.0
23.99000880097493,-60.66770119564023,1.738873076401484,0.0,0.0,0.0
23.992690835492255,-60.65778131516127,1.7390384273582866,0.0,0.0,0.0
23.99537241812361,-60.6478614709818,1.7392037776788185,0.0,0.0,0.0
23.998053548894827,-60.63794166304274,1.7393691273638558,0.0,0.0,0.0
24.000734227831764,-60.62802189128481,1.7395344764141738,0.0,0.0,0.0
24.00341445496018,-60.61810215564904,1.7396998248305486,0.0,0.0,0.0
24.006094230305838,-60.608182456076335,1.7398651726137566,0.0,0.0,0.0
24.008773553894464,-60.598262792507555,1.7400305197645731,0.0,0.0,0.0
24.0114524257517,-60.588343164883874,1.7401958662837744,0.0,0.0,0.0
24.01413084590322,-60.57842357314619,1.7403612121721361,0.0,0.0,0.0
24.016808814374592,-60.568504017235746,1.7405265574304345,0.0,0.0,0.0
24.01948633119138,-60.55858449709357,1.7406919020594447,0.0,0.0,0.0
24.022163396379142,-60.54866501266081,1.7408572460599427,0.0,0.0,0.0
24.02484000996332,-60.538745563878756,1.7410225894327054,0.0,0.0,0.0
24.027516171969406,-60.528826150688566,1.7411879321785075,0.0,0.0,0.0
24.030191882422766,-60.51890677303162,1.7413532742981255,0.0,0.0,0.0
24.0328671413488,-60.508987430849174,1.7415186157923352,0.0,0.0,0.0
24.035541948772863,-60.49906812408257,1.741683956661912,0.0,0.0,0.0
24.038216304720212,-60.48914885267328,1.7418492969076327,0.0,0.0,0.0
24.040890209216148,-60.47922961656267,1.7420146365302729,0.0,0.0,0.0
24.04356366228585,-60.4693104156923,1.742179975530608,0.0,0.0,0.0
24.04623666395454,-60.459391250003634,1.7423453139094143,0.0,0.0,0.0
24.048909214247384,-60.44947211943818,1.7425106516674669,0.0,0.0,0.0
24.051581313189445,-60.43955302393765,1.7426759888055434,0.0,0.0,0.0
24.054252960805822,-60.42963396344361,1.742841325324418,0.0,0.0,0.0
24.05692415712159,-60.41971493789767,1.7430066612248671,0.0,0.0,0.0
24.05959490216168,-60.409795947241676,1.7431719965076673,0.0,0.0,0.0
24.062265195951117,-60.39987699141723,1.7433373311735931,0.0,0.0,0.0
24.06493503851479,-60.38995807036627,1.7435026652234218,0.0,0.0,0.0
24.0676044298776,-60.380039184030544,1.743667998657928,0.0,0.0,0.0
24.07027337006442,-60.370120332351874,1.7438333314778884,0.0,0.0,0.0
24.072941859100034,-60.360201515272266,1.7439986636840785,0.0,0.0,0.0
24.075609897009254,-60.35028273273355,1.744163995277275,0.0,0.0,0.0
24.078277483816787,-60.34036398467783,1.744329326258253,0.0,0.0,0.0
24.080944619547356,-60.33044527104707,1.7444946566277881,0.0,0.0,0.0
24.083611304225652,-60.32052659178325,1.744659986386657,0.0,0.0,0.0
24.08627753787627,-60.31060794682862,1.7448253155356352,0.0,0.0,0.0
24.088943320523835,-60.30068933612516,1.7449906440754983,0.0,0.0,0.0
24.09160865219288,-60.29077075961519,1.7451559720070229,0.0,0.0,0.0
24.09427353290793,-60.280852217240856,1.745321299330984,0.0,0.0,0.0
24.0969379626935,-60.27093370894435,1.7454866260481583,0.0,0.0,0.0
24.099601941573997,-60.26101523466808,1.7456519521593215,0.0,0.0,0.0
24.10226546957388,-60.251096794354254,1.7458172776652485,0.0,0.0,0.0
24.104928546717474,-60.24117838794537,1.7459826025667164,0.0,0.0,0.0
24.107591173029146,-60.231260015383775,1.7461479268645006,0.0,0.0,0.0
24.11025334853321,-60.22134167661183,1.7463132505593777,0.0,0.0,0.0
24.1129150732539,-60.21142337157218,1.7464785736521224,0.0,0.0,0.0
24.115576347215466,-60.20150510020725,1.746643896143511,0.0,0.0,0.0
24.11823717044211,-60.19158686245956,1.7468092180343195,0.0,0.0,0.0
24.12089754295796,-60.181668658271825,1.7469745393253242,0.0,0.0,0.0
24.123557464787165,-60.17175048758656,1.7471398600173007,0.0,0.0,0.0
24.12621693595379,-60.161832350346565,1.7473051801110242,0.0,0.0,0.0
24.128875956481885,-60.151914246494485,1.747470499607271,0.0,0.0,0.0
24.13153452639548,-60.141996175973034,1.7476358185068177,0.0,0.0,0.0
24.13419264571852,-60.132078138725106,1.7478011368104394,0.0,0.0,0.0
24.13685031447498,-60.12216013469342,1.7479664545189117,0.0,0.0,0.0
24.139507532688732,-60.11224216382096,1.7481317716330123,0.0,0.0,0.0
24.142164300383648,-60.10232422605058,1.7482970881535143,0.0,0.0,0.0
24.144820617583584,-60.09240632132514,1.7484624040811958,0.0,0.0,0.0
24.147476484312307,-60.082488449587785,1.7486277194168314,0.0,0.0,0.0
24.150131900593603,-60.072570610781405,1.7487930341611977,0.0,0.0,0.0
24.152786866451155,-60.062652804849165,1.7489583483150708,0.0,0.0,0.0
24.155441381908673,-60.0527350317341,1.7491236618792259,0.0,0.0,0.0
24.15809544698983,-60.042817291379315,1.749288974854439,0.0,0.0,0.0
24.1607490617182,-60.032899583728096,1.749454287241486,0.0,0.0,0.0
24.163402226117398,-60.02298190872353,1.7496195990411427,0.0,0.0,0.0
24.166054940210923,-60.01306426630899,1.749784910254186,0.0,0.0,0.0
24.168707204022336,-60.003146656427724,1.7499502208813906,0.0,0.0,0.0
24.171359017575078,-59.99322907902298,1.7501155309235326,0.0,0.0,0.0
24.174010380892582,-59.98331153403827,1.750280840381389,0.0,0.0,0.0
24.176661293998272,-59.973394021416844,1.7504461492557333,0.0,0.0,0.0
24.179311756915478,-59.9634765411023,1.7506114575473437,0.0,0.0,0.0
24.181961769667552,-59.953559093038045,1.7507767652569945,0.0,0.0,0.0
24.184611332277797,-59.94364167716756,1.7509420723854634,0.0,0.0,0.0
24.187260444769443,-59.93372429343451,1.7511073789335243,0.0,0.0,0.0
24.189909107165736,-59.92380694178235,1.751272684901954,0.0,0.0,0.0
24.192557319489843,-59.91388962215489,1.7514379902915285,0.0,0.0,0.0
24.195205081764925,-59.903972334495684,1.7516032951030234,0.0,0.0,0.0
24.197852394014117,-59.894055078748444,1.751768599337215,0.0,0.0,0.0
24.20049925626046,-59.884137854856995,1.7519339029948782,0.0,0.0,0.0
24.203145668527036,-59.874220662765026,1.7520992060767901,0.0,0.0,0.0
24.20579163083682,-59.86430350241648,1.7522645085837258,0.0,0.0,0.0
24.20843714321281,-59.85438637375517,1.7524298105164617,0.0,0.0,0.0
24.21108220567795,-59.84446927672494,1.7525951118757732,0.0,0.0,0.0
24.213726818255115,-59.83455221126984,1.7527604126624368,0.0,0.0,0.0
24.216370980967188,-59.82463517733379,1.752925712877227,0.0,0.0,0.0
24.21901469383702,-59.81471817486075,1.7530910125209214,0.0,0.0,0.0
24.221657956887388,-59.804801203794916,1.7532563115942952,0.0,0.0,0.0
24.224300770141063,-59.79488426408025,1.7534216100981241,0.0,0.0,0.0
24.226943133620754,-59.784967355661,1.753586908033184,0.0,0.0,0.0
24.22958504734917,-59.775050478481276,1.753752205400251,0.0,0.0,0.0
24.232226511348976,-59.765133632485245,1.7539175022001008,0.0,0.0,0.0
24.234867525642773,-59.75521681761725,1.754082798433509,0.0,0.0,0.0
24.23750809025318,-59.745300033821486,1.7542480941012526,0.0,0.0,0.0
24.2401482052027,-59.73538328104236,1.7544133892041063,0.0,0.0,0.0
24.242787870513883,-59.7254665592242,1.7545786837428465,0.0,0.0,0.0
24.245427086209233,-59.71554986831135,1.7547439777182487,0.0,0.0,0.0
24.24806585231114,-59.70563320824833,1.7549092711310892,0.0,0.0,0.0
