galstreams/tracks/track.st.Phoenix.shipp2019.ecsv
# %ECSV 1.0
# ---
# datatype:
# - {name: ra, unit: deg, datatype: float64}
# - {name: dec, unit: deg, datatype: float64}
# - {name: distance, unit: kpc, datatype: float64}
# - {name: pm_ra_cosdec, unit: mas / yr, datatype: float64}
# - {name: pm_dec, unit: mas / yr, datatype: float64}
# - {name: radial_velocity, unit: km / s, datatype: float64}
# delimiter: ','
# meta: !!omap
# - __serialized_columns__:
#     dec:
#       __class__: astropy.coordinates.angles.Latitude
#       unit: &id001 !astropy.units.Unit {unit: deg}
#       value: !astropy.table.SerializedColumn {name: dec}
#     distance:
#       __class__: astropy.coordinates.distances.Distance
#       unit: !astropy.units.Unit {unit: kpc}
#       value: !astropy.table.SerializedColumn {name: distance}
#     pm_dec:
#       __class__: astropy.units.quantity.Quantity
#       unit: !astropy.units.Unit {unit: mas / yr}
#       value: !astropy.table.SerializedColumn {name: pm_dec}
#     pm_ra_cosdec:
#       __class__: astropy.units.quantity.Quantity
#       unit: !astropy.units.Unit {unit: mas / yr}
#       value: !astropy.table.SerializedColumn {name: pm_ra_cosdec}
#     ra:
#       __class__: astropy.coordinates.angles.Longitude
#       unit: *id001
#       value: !astropy.table.SerializedColumn {name: ra}
#       wrap_angle: !astropy.coordinates.Angle
#         unit: *id001
#         value: 360.0
#     radial_velocity:
#       __class__: astropy.units.quantity.Quantity
#       unit: !astropy.units.Unit {unit: km / s}
#       value: !astropy.table.SerializedColumn {name: radial_velocity}
# schema: astropy-2.0
ra,dec,distance,pm_ra_cosdec,pm_dec,radial_velocity
[from data line 280]
22.124820384990343,-52.68249068930103,17.499999999999986,2.737155768425414,-0.05021726953020372,57.72902668843749
22.132337557477427,-52.67355710282382,17.49999999999999,2.7369846617691964,-0.05016048813014856,57.69745556812505
22.139849341991777,-52.664622431507205,17.499999999999986,2.7368138275786906,-0.050104208964992236,57.66587714891282
22.14735574175238,-52.655686676147255,17.499999999999986,2.73664326594723,-0.05004843173115653,57.63429143080071
22.154856759976155,-52.646749837539154,17.499999999999986,2.736472976967913,-0.04999315612533334,57.60269841378878
22.16235239987793,-52.63781191647723,17.499999999999982,2.7363029607336027,-0.049938381844486956,57.571098097877055
22.169842664670462,-52.62887291375488,17.499999999999986,2.736133217336926,-0.049884108585854736,57.53949048306549
22.17732755756441,-52.61993283016461,17.499999999999986,2.735963746870274,-0.04983033604694559,57.50787556935409
22.184807081768373,-52.61099166649805,17.49999999999999,2.7357945494258047,-0.0497770639255386,57.47625335674286
22.192281240488875,-52.602049423545935,17.499999999999986,2.7356256250954414,-0.04972429191968536,57.44462384523178
22.199750036930354,-52.593106102098105,17.499999999999986,2.73545697397087,-0.049672019727707295,57.4129870348209
22.207213474295173,-52.58416170294354,17.49999999999999,2.7352885961435462,-0.049620247048198285,57.38134292551018
22.21467155578363,-52.5752162268703,17.499999999999982,2.735120491704695,-0.0495689735800221,57.34969151729961
22.222124284593882,-52.56626967466564,17.499999999999986,2.7349526607453005,-0.0495181990223158,57.318032810189216
22.22957166392216,-52.55732204711577,17.499999999999986,2.734785103356123,-0.04946792307447995,57.286366804179
22.237013696962492,-52.548373345006134,17.49999999999999,2.734617819627686,-0.04941814543619355,57.25469349926896
22.244450386906852,-52.53942356912129,17.49999999999999,2.734450809650283,-0.04936886580740257,57.223012895459085
22.25188173694514,-52.53047272024489,17.49999999999999,2.7342840735139777,-0.04932008388832343,57.19132499274939
22.259307750265233,-52.52152079915972,17.499999999999986,2.734117611308601,-0.04927179937944137,57.15962979113987
22.266728430052865,-52.51256780664764,17.499999999999986,2.7339514231237536,-0.049224011981513605,57.12792729063045
22.27414377949175,-52.50361374348971,17.499999999999986,2.7337855090488072,-0.04917672139556434,57.09621749122131
22.2815538017635,-52.494658610466026,17.499999999999986,2.733619869172904,-0.049129927322891176,57.06450039291229
22.288958500047656,-52.48570240835589,17.499999999999986,2.7334545035849587,-0.049083629465057343,57.03277599570342
22.296357877521704,-52.47674513793767,17.499999999999986,2.7332894123736544,-0.04903782752389685,57.00104429959473
22.303751937361042,-52.46778679998885,17.499999999999986,2.733124595627448,-0.04899252120151376,56.969305304586236
22.311140682739005,-52.45882739528609,17.499999999999986,2.732960053434567,-0.048947710200279826,56.93755901067785
22.318524116826826,-52.449866924605175,17.499999999999986,2.7327957858830136,-0.04890339422283624,56.905805417869715
22.32590224279376,-52.44090538872091,17.49999999999999,2.732631793060562,-0.04885957297209148,56.87404452616172
22.333275063806905,-52.43194278840734,17.49999999999999,2.7324680750547596,-0.04881624615122321,56.84227633555387
22.340642583031304,-52.422979124437624,17.499999999999986,2.732304631952929,-0.04877341346367914,56.8105008460462
22.34800480362995,-52.414014397584005,17.49999999999999,2.7321414638421633,-0.04873107461317333,56.77871805763874
22.355361728763754,-52.405048608617896,17.499999999999986,2.7319785708093365,-0.04868922930368824,56.74692797033142
22.362713361591553,-52.39608175830983,17.499999999999986,2.7318159529410906,-0.04864787723947556,56.715130584124225
22.370059705270148,-52.387113847429475,17.499999999999986,2.7316536103238476,-0.048607018125052026,56.68332589901725
22.377400762954238,-52.378144876745615,17.499999999999986,2.7314915430438047,-0.04856665166520435,56.65151391501046
22.38473653779648,-52.369174847026194,17.499999999999986,2.731329751186934,-0.04852677756498558,56.61969463210381
22.392067032947434,-52.36020375903824,17.499999999999986,2.7311682348389863,-0.04848739552971726,56.58786805029734
22.399392251555643,-52.351231613547995,17.499999999999986,2.731006994085488,-0.0484485052649864,56.55603416959105
22.40671219676753,-52.34225841132076,17.49999999999999,2.730846029011741,-0.04841010647664773,56.52419298998491
22.414026871727437,-52.33328415312107,17.49999999999999,2.7306853397028314,-0.048372198870825334,56.492344511478926
22.421336279577794,-52.324308839712444,17.49999999999999,2.730524926243617,-0.04833478215390341,56.460488734073174
22.428640423458784,-52.31533247185766,17.499999999999986,2.730364788718736,-0.048297856032539,56.42862565776754
22.4359393065086,-52.306355050318615,17.49999999999999,2.7302049272126068,-0.04826142021365387,56.396755282562076
22.44323293186339,-52.29737657585633,17.499999999999986,2.7300453418094284,-0.04822547440443409,56.364877608456794
22.4505213026572,-52.288397049231,17.49999999999999,2.7298860325931766,-0.048190018312334604,56.332992635451696
22.457804422022036,-52.27941647120191,17.499999999999986,2.7297269996476095,-0.04815505164507494,56.30110036354676
22.465082293087853,-52.270434842527514,17.499999999999986,2.7295682430562636,-0.048120574110639414,56.269200792741984
22.472354918982518,-52.26145216396543,17.499999999999986,2.7294097629024603,-0.04808658541727956,56.23729392303741
22.47962230283184,-52.25246843627238,17.499999999999986,2.729251559269299,-0.04805308527351254,56.20537975443296
22.4868844477596,-52.24348366020426,17.49999999999999,2.7290936322396613,-0.0480200733881187,56.1734582869287
22.494141356887482,-52.23449783651611,17.499999999999986,2.7289359818962136,-0.047987549470145496,56.14152952052462
22.50139303333513,-52.22551096596211,17.499999999999986,2.7287786083214023,-0.04795551322890501,56.10959345522068
22.508639480220076,-52.216523049295645,17.49999999999999,2.728621511597457,-0.047923964373975725,56.077650091016935
22.515880700657934,-52.20753408726908,17.499999999999986,2.7284646918063924,-0.04789290261519524,56.04569942791336
22.523116697762124,-52.1985440806341,17.499999999999982,2.728308149030005,-0.047862327662671345,56.01374146590996
22.530347474644042,-52.18955303014148,17.49999999999999,2.7281518833498763,-0.047832239226774764,55.98177620500672
22.537573034413054,-52.18056093654117,17.499999999999986,2.727995894847373,-0.047802637018140304,55.94980364520364
22.544793380176444,-52.171567800582224,17.499999999999986,2.727840183603646,-0.047773520747666165,55.91782378650076
22.552008515039436,-52.162573623012904,17.499999999999986,2.7276847496996313,-0.04774489012651506,55.885836628898026
22.559218442105234,-52.153578404580585,17.499999999999986,2.727529593216051,-0.047716744866113214,55.853842172395446
22.56642316447496,-52.14458214603182,17.499999999999986,2.727374714233413,-0.04768908467815053,55.821840416993076
22.57362268524767,-52.13558484811231,17.499999999999986,2.727220112832013,-0.047661909274580305,55.78983136269087
22.580817007520395,-52.12658651156691,17.49999999999999,2.727065789091931,-0.04763521836761958,55.75781500948882
22.5880061343881,-52.11758713713964,17.49999999999999,2.726911743093038,-0.047609011669748735,55.725791357386946
22.59519006894369,-52.10858672557365,17.499999999999982,2.72675797491499,-0.0475832888937095,55.693760406385216
22.60236881427799,-52.09958527761136,17.49999999999999,2.726604484637228,-0.047558049752509324,55.66172215648368
22.609542373479886,-52.09058279399414,17.499999999999986,2.7264512723389904,-0.047533293959413914,55.62967660768233
22.616710749636084,-52.08157927546268,17.499999999999986,2.7262983380992947,-0.047509021227955806,55.59762375998113
22.62387394583131,-52.07257472275682,17.49999999999999,2.726145681996954,-0.047485231271927,55.5655636133801
22.631031965148203,-52.06356913661552,17.499999999999986,2.7259933041105686,-0.047461923805384276,55.533496167879264
22.638184810667365,-52.05456251777694,17.499999999999986,2.725841204518528,-0.0474390985426435,55.50142142347859
22.645332485467357,-52.04555486697835,17.49999999999999,2.725689383299013,-0.04741675519828564,55.46933938017804
22.65247499262469,-52.036546184956244,17.499999999999986,2.725537840529996,-0.0473948934871507,55.4372500379777
22.659612335213822,-52.027536472446265,17.49999999999999,2.7253865762892397,-0.04737351312434074,55.40515339687753
22.666744516307162,-52.01852573018321,17.499999999999986,2.7252355906542975,-0.04735261382522038,55.37304945687753
22.673871538975067,-52.00951395890101,17.499999999999986,2.7250848837025146,-0.047332195305415325,55.34093821797767
22.680993406285875,-52.000501159332835,17.499999999999986,2.72493445551103,-0.047312257280810344,55.30881968017805
22.688110121305822,-51.991487332210994,17.499999999999986,2.7247843061567747,-0.047292799467554714,55.27669384347849
22.69522168709914,-51.98247247826702,17.499999999999986,2.7246344357164713,-0.04727382158205562,55.24456070787918
22.70232810672806,-51.97345659823144,17.499999999999986,2.7244848442666374,-0.04725532334097954,55.21242027338003
22.70942938325268,-51.96443969283413,17.499999999999986,2.7243355318835847,-0.04723730446125762,55.180272539981054
22.716525519731093,-51.955421762804065,17.499999999999986,2.7241864986434163,-0.04721976466007932,55.148117507682244
22.72361651921936,-51.94640280886943,17.499999999999986,2.724037744622032,-0.0472027036548926,55.11595517648358
22.730702384771472,-51.93738283175755,17.49999999999999,2.723889269895127,-0.047186121163407646,55.08378554638514
22.737783119439413,-51.92836183219496,17.499999999999986,2.7237410745381907,-0.04717001690359318,55.05160861738684
22.744858726273097,-51.91933981090733,17.49999999999999,2.723593158626506,-0.04715439059367921,55.01942438948871
22.751929208320384,-51.91031676861952,17.499999999999986,2.7234455222351577,-0.04713924195215352,54.98723286269073
22.75899456862716,-51.9012927060556,17.499999999999986,2.7232981654390187,-0.04712457069776177,54.955034036992934
22.766054810237193,-51.892267623938764,17.499999999999986,2.723151088312766,-0.04711037654951378,54.92282791239531
22.773109936192256,-51.883241522991405,17.499999999999986,2.723004290930871,-0.047096659226673665,54.89061448889785
22.780159949532077,-51.87421440393514,17.49999999999999,2.722857773367599,-0.047083418448766234,54.858393766500576
22.7872048532943,-51.86518626749075,17.49999999999999,2.72271153569702,-0.04707065393557541,54.82616574520348
22.794244650514642,-51.8561571143781,17.49999999999999,2.7225655779929983,-0.04705836540714242,54.793930425006515
22.801279344226693,-51.847126945316326,17.499999999999986,2.7224199003291947,-0.047046552583766776,54.76168780590975
22.80830893746201,-51.83809576102377,17.499999999999986,2.7222745027790745,-0.04703521518600706,54.729437887913136
22.815333433250142,-51.82906356221792,17.499999999999986,2.722129385415895,-0.04702435293467966,54.69718067101673
22.822352834618588,-51.82003034961543,17.499999999999986,2.7219845483127205,-0.04701396555085996,54.66491615522045
22.829367144592815,-51.81099612393218,17.499999999999986,2.7218399915424123,-0.04700405275587882,54.632644340524344
22.836376366196273,-51.80196088588322,17.499999999999986,2.721695715177629,-0.04699461427132556,54.600365226928446
22.84338050245035,-51.79292463618278,17.499999999999986,2.7215517192908347,-0.04698564981904746,54.56807881443269
22.85037955637442,-51.78388737554428,17.499999999999986,2.7214080039542936,-0.04697715912114808,54.53578510303711
22.857373530985814,-51.77484910468036,17.499999999999986,2.721264569240069,-0.04696914189998885,54.503484092741694
22.86436242929984,-51.76580982430277,17.49999999999999,2.721121415220028,-0.046961597878188654,54.47117578354645
22.87134625432978,-51.756769535122544,17.499999999999986,2.720978541965841,-0.04695452677862055,54.43886017545139
22.87832500908683,-51.74772823784991,17.49999999999999,2.7208359495489765,-0.0469479283244178,54.406537268456496
22.885298696580282,-51.73868593319413,17.499999999999986,2.7206936380407125,-0.04694180223896516,54.37420706256174
22.89226731981728,-51.72964262186384,17.499999999999986,2.720551607512124,-0.04693614824590908,54.34186955776718
22.899230881802985,-51.72059830456678,17.49999999999999,2.720409858034092,-0.04693096606914787,54.309524754072804
22.906189385540515,-51.71155298200993,17.499999999999986,2.720268389677306,-0.04692625543283835,54.277172651478594
22.91314283403098,-51.70250665489944,17.49999999999999,2.720127202512251,-0.046922016061391514,54.24481324998456
22.92009123027346,-51.69345932394064,17.499999999999986,2.7199862966092248,-0.04691824767947461,54.21244654959065
22.927034577264987,-51.6844109898381,17.499999999999986,2.7198456720383257,-0.04691495001201118,54.18007255029695
22.93397287800058,-51.67536165329555,17.49999999999999,2.719705328869458,-0.04691212278417739,54.14769125210341
22.94090613547326,-51.66631131501594,17.499999999999986,2.719565267172335,-0.046909765721407926,54.11530265501003
22.947834352673983,-51.65725997570141,17.499999999999986,2.719425487016471,-0.04690787854938888,54.08290675901683
22.954757532591696,-51.648207636053286,17.499999999999982,2.719285988471192,-0.046906460994063814,54.050503564123794
22.961675678213336,-51.63915429677215,17.49999999999999,2.719146771605626,-0.0469055127816298,54.01809307033095
22.968588792523768,-51.63009995855775,17.499999999999986,2.719007836488713,-0.04690503363853932,53.98567527763827
22.975496878505936,-51.62104462210897,17.499999999999986,2.718869183189198,-0.04690502329149643,53.95325018604573
22.982399939140688,-51.611988288124,17.499999999999986,2.718730811775633,-0.046905481467460874,53.9208177955534
22.98929797740683,-51.6029309573002,17.499999999999986,2.71859272231638,-0.04690640789364736,53.88837810616121
22.99619099628121,-51.59387263033411,17.499999999999986,2.7184549148796098,-0.046907802297523615,53.855931117869204
23.003078998738623,-51.584813307921515,17.49999999999999,2.7183173895333,-0.046909664406810436,53.82347683067736
23.009961987751854,-51.575752990757394,17.499999999999986,2.7181801463452424,-0.0469119939494827,53.7910152445857
23.016839966291666,-51.566691679535914,17.49999999999999,2.718043185383032,-0.04691479065376786,53.758546359594185
23.023712937326803,-51.557629374950466,17.499999999999986,2.7179065067140784,-0.046918054248147156,53.72607017570287
23.030580903823996,-51.54856607769365,17.49999999999999,2.7177701104056005,-0.0469217844613542,53.69358669291168
23.037443868747978,-51.53950178845729,17.499999999999986,2.7176339965246274,-0.046925981022375274,53.66109591122074
23.04430183506143,-51.53043650793237,17.49999999999999,2.717498165138,-0.04693064366045069,53.628597830629914
23.051154805725037,-51.521370236809155,17.49999999999999,2.71736261631237,-0.046935772105070994,53.59609245113926
23.058002783697447,-51.51230297577711,17.499999999999986,2.717227350114203,-0.04694136608598154,53.563579772748795
23.06484577193538,-51.50323472552481,17.49999999999999,2.717092366609771,-0.04694742533317664,53.53105979545848
23.071683773393456,-51.49416548674017,17.499999999999986,2.716957665865167,-0.04695394957690352,53.49853251926833
23.078516791024306,-51.48509526011028,17.499999999999986,2.7168232479462886,-0.04696093854766337,53.46599794417837
23.085344827778542,-51.47602404632141,17.499999999999986,2.7166891129188535,-0.046968391976206836,53.43345607018858
23.09216788660479,-51.46695184605912,17.499999999999986,2.7165552608483874,-0.0469763095935366,53.40090689729896
23.09898597044964,-51.457878660008106,17.49999999999999,2.7164216918002335,-0.04698469113090681,53.368350425509504
23.105799082257693,-51.44880448885234,17.499999999999986,2.7162884058395482,-0.046993536319822116,53.33578665482023
23.11260722497153,-51.43972933327498,17.499999999999986,2.7161554030313018,-0.04700284489203893,53.303215585231115
