galstreams/tracks/track.st.Gaia-1.ibata2021.ecsv
# %ECSV 1.0
# ---
# datatype:
# - {name: ra, unit: deg, datatype: float64}
# - {name: dec, unit: deg, datatype: float64}
# - {name: distance, unit: kpc, datatype: float64}
# - {name: pm_ra_cosdec, unit: mas / yr, datatype: float64}
# - {name: pm_dec, unit: mas / yr, datatype: float64}
# - {name: radial_velocity, unit: km / s, datatype: float64}
# delimiter: ','
# meta: !!omap
# - __serialized_columns__:
#     dec:
#       __class__: astropy.coordinates.angles.Latitude
#       unit: &id001 !astropy.units.Unit {unit: deg}
#       value: !astropy.table.SerializedColumn {name: dec}
#     distance:
#       __class__: astropy.coordinates.distances.Distance
#       unit: !astropy.units.Unit {unit: kpc}
#       value: !astropy.table.SerializedColumn {name: distance}
#     pm_dec:
#       __class__: astropy.units.quantity.Quantity
#       unit: !astropy.units.Unit {unit: mas / yr}
#       value: !astropy.table.SerializedColumn {name: pm_dec}
#     pm_ra_cosdec:
#       __class__: astropy.units.quantity.Quantity
#       unit: !astropy.units.Unit {unit: mas / yr}
#       value: !astropy.table.SerializedColumn {name: pm_ra_cosdec}
#     ra:
#       __class__: astropy.coordinates.angles.Longitude
#       unit: *id001
#       value: !astropy.table.SerializedColumn {name: ra}
#       wrap_angle: !astropy.coordinates.Angle
#         unit: *id001
#         value: 360.0
#     radial_velocity:
#       __class__: astropy.units.quantity.Quantity
#       unit: !astropy.units.Unit {unit: km / s}
#       value: !astropy.table.SerializedColumn {name: radial_velocity}
# schema: astropy-2.0
ra,dec,distance,pm_ra_cosdec,pm_dec,radial_velocity
[from data line 2523]
197.75893323957655,-0.025288300918128972,5.002224620322476,-15.817035463993069,-21.021217972292742,70.9341319267842
197.7648194715688,-0.01720020673268502,5.001930596591317,-15.818319132428654,-21.021652949190482,70.77754660047911
197.77070574855824,-0.009112144578371971,5.001636092393097,-15.819602618171269,-21.02208656890198,70.62103600112401
197.77659207053085,-0.0010241143650759877,5.001341107438985,-15.820885921074133,-21.022518831365783,70.46460037575763
197.7824784374725,0.007063883997321873,5.001045641440147,-15.822169040990335,-21.022949736520484,70.30823997141934
197.78836484936912,0.01515185059893166,5.000749694107752,-15.82345197777283,-21.023379284304742,70.15195503514795
197.79425130620663,0.023239785529858073,5.000453265152967,-15.82473473127442,-21.02380747465724,69.99574581398296
197.80013780797103,0.03132768888020519,5.000156354286957,-15.826017301347811,-21.024234307516743,69.83961255496284
197.80602435464817,0.03941556074007393,4.999858961220894,-15.827299687845517,-21.024659782822003,69.68355550512727
197.81191094622403,0.04750340119955269,4.99956108566594,-15.828581890619972,-21.025083900511884,69.52757491151525
197.81779758268456,0.05559121034874395,4.999262727333267,-15.829863909523441,-21.025506660525256,69.3716710211655
197.8236842640157,0.06367898827772465,4.99896388593404,-15.83114574440807,-21.02592806280107,69.21584408111745
197.82957099020336,0.07176673507658915,4.998664561179428,-15.832427395125855,-21.026348107278288,69.06009433841015
197.83545776123353,0.07985445083541329,4.9983647527805966,-15.833708861528677,-21.026766793895945,68.90442204008274
197.84134457709217,0.08794213564427855,4.998064460448715,-15.83499014346826,-21.02718412259312,68.74882743317397
197.84723143776517,0.09602978959325129,4.997763683894951,-15.836271240796206,-21.02760009330892,68.59331076472343
197.85311834323852,0.1041174127724107,4.997462422830468,-15.837552153363992,-21.028014705982546,68.43787228177008
197.8590052934982,0.1122050052718176,4.997160676966439,-15.838832881022922,-21.02842796055319,68.28251223135273
197.86489228853014,0.12029256718153522,4.996858446014029,-15.84011342362421,-21.028839856960122,68.12723086051076
197.8707793283203,0.1283800985916285,4.996555729684404,-15.841393781018908,-21.02925039514267,67.97202841628318
197.87666641285472,0.13646759959215374,4.996252527688734,-15.84267395305794,-21.029659575040192,67.8169051457091
197.88255354211927,0.1445550702731572,4.995948839738185,-15.843953939592083,-21.030067396592088,67.66186129582768
197.88844071609998,0.15264251072469529,4.9956446655439235,-15.845233740472011,-21.030473859737835,67.50689711367781
197.8943279347828,0.1607299210368125,4.995340004817117,-15.846513355548222,-21.030878964416935,67.35201284629885
197.90021519815372,0.16881730129955524,4.995034857268936,-15.847792784671103,-21.03128271056893,67.19720874072979
197.90610250619872,0.17690465160295396,4.994729222610546,-15.849072027690903,-21.03168509813344,67.04248504400957
197.91198985890378,0.1849919720370546,4.994423100553114,-15.850351084457737,-21.032086127050103,66.8878420031775
197.9178772562549,0.19307926269188763,4.994116490807808,-15.851629954821577,-21.03248579725863,66.73327986527255
197.92376469823807,0.20116652365748489,4.993809393085793,-15.852908638632258,-21.03288410869876,66.57879887733382
197.92965218483923,0.209253755023871,4.993501807098241,-15.854187135739485,-21.033281061310284,66.4243992864006
197.93553971604442,0.21734095688107,4.993193732556316,-15.855465445992834,-21.033676655033066,66.27008133951178
197.94142729183963,0.2254281293191002,4.9928851691711875,-15.85674356924174,-21.034070889806983,66.11584528370668
197.94731491221086,0.23351527242798725,4.992576116654021,-15.858021505335508,-21.03446376557199,65.96169136602403
197.9532025771441,0.24160238629774164,4.992266574715984,-15.85929925412328,-21.034855282268065,65.80761983350318
197.95909028662538,0.24968947101836683,4.991956543068246,-15.860576815454102,-21.03524543983524,65.65363093318308
197.9649780406407,0.2577765266798826,4.991646021421973,-15.861854189176864,-21.03563423821361,65.499724912103
197.97086583917604,0.2658635533722898,4.991335009488335,-15.86313137514031,-21.036021677343307,65.34590201730195
197.97675368221743,0.27395055118558725,4.991023506978493,-15.864408373193081,-21.036407757164525,65.19216249581913
197.98264156975088,0.2820375202097795,4.990711513603623,-15.865685183183647,-21.03679247761747,65.0385065946936
197.98852950176246,0.2901244605348628,4.990399029074885,-15.866961804960377,-21.037175838642458,64.88493456096414
197.99441747823812,0.298211372250827,4.990086053103449,-15.868238238371472,-21.037557840179797,64.7314466416704
198.00030549916391,0.3062982554476653,4.989772585400486,-15.869514483265016,-21.03793848216986,64.57804308385091
198.00619356452586,0.3143851102153652,4.989458625677157,-15.870790539488949,-21.038317764553085,64.42472413454529
198.01208167431002,0.3224719366439112,4.989144173644634,-15.872066406891086,-21.038695687269943,64.27149004079229
198.0179698285024,0.33055873482328396,4.988829229014084,-15.873342085319095,-21.039072250260958,64.1183410496312
198.02385802708903,0.33864550484346756,4.988513791496673,-15.874617574620526,-21.039447453466696,63.96527740810079
198.02974627005594,0.3467322467944303,4.988197860803571,-15.87589287464277,-21.0398212968278,63.81229936324052
198.03563455738922,0.3548189607661536,4.98788143664594,-15.877167985233102,-21.040193780284927,63.659407162089366
198.04152288907483,0.36290564684860727,4.987564518734952,-15.87844290623864,-21.040564903778783,63.506601051686495
198.0474112650989,0.37099230513175346,4.987247106781774,-15.879717637506383,-21.040934667250145,63.35388127907078
198.05329968544746,0.37907893570556445,4.986929200497573,-15.880992178883202,-21.04130307063984,63.20124809128155
198.05918815010654,0.387165538660003,4.986610799593517,-15.88226653021581,-21.041670113888724,63.04870173535775
198.06507665906216,0.3952521140850204,4.986291903780772,-15.883540691350806,-21.042035796937718,62.89624245833866
198.07096521230048,0.40333866207058944,4.985972512770504,-15.884814662134646,-21.042400119727787,62.743870507263125
198.07685380980746,0.41142518270665507,4.985652626273884,-15.88608844241363,-21.04276308219994,62.59158612917037
198.0827424515692,0.41951167608316786,4.9853322440020795,-15.887362032033952,-21.043124684295236,62.4393895710997
198.08863113757178,0.4275981422900878,4.985011365666256,-15.888635430841656,-21.04348492595479,62.28728108008978
198.09451986780127,0.43568458141735245,4.98468999097758,-15.889908638682652,-21.043843807119753,62.13526090318
198.1004086422437,0.4437709935549102,4.984368119647223,-15.891181655402717,-21.044201327731354,61.98332928740953
198.1062974608852,0.45185737879270543,4.984045751386347,-15.89245448084749,-21.044557487730835,61.83148647981721
198.1121863237118,0.4599437372206793,4.983722885906124,-15.893727114862482,-21.044912287059528,61.67973272744226
198.11807523070965,0.46803006892876475,4.9833995229177175,-15.894999557293053,-21.045265725658762,61.52806827732372
198.12396418186472,0.4761163740069007,4.983075662132298,-15.896271807984443,-21.045617803469973,61.37649337650083
198.1298531771632,0.48420265254502054,4.982751303261032,-15.897543866781739,-21.045968520434588,61.22500827201246
198.13574221659113,0.4922889046330537,4.982426446015087,-15.898815733529897,-21.04631787649412,61.073613210898046
198.1416313001346,0.5003751303609285,4.9821010901056315,-15.900087408073768,-21.04666587159014,60.92230844019633
198.14752042777974,0.5084613298185741,4.9817752352438305,-15.901358890258013,-21.04701250566423,60.77109420694657
198.15340959951257,0.5165475030959049,4.981448881140853,-15.902630179927202,-21.047357778658068,60.619970758188025
198.1592988153193,0.5246336502828548,4.981122027507867,-15.90390127692575,-21.047701690513332,60.468938340959426
198.16518807518597,0.5327197714693378,4.980794674056038,-15.905172181097942,-21.048044241171805,60.31799720230004
198.17107737909865,0.540805866745265,4.980466820496535,-15.906442892287922,-21.048385430575266,60.16714758924922
198.17696672704352,0.5488919362005612,4.9801384665405255,-15.907713410339706,-21.04872525866558,60.01638974884559
198.18285611900666,0.5569779799251358,4.979809611899176,-15.90898373509716,-21.04906372538464,59.865723928128574
198.18874555497422,0.5650639980088955,4.979480256283654,-15.91025386640403,-21.049400830674408,59.71515037413721
198.19463503493222,0.5731499905417562,4.979150399405129,-15.911523804103917,-21.04973657447687,59.564669333910494
198.2005245588669,0.581235957613618,4.978820040974765,-15.912793548040293,-21.050070956734096,59.41428105448769
198.2064141267643,0.5893218993143864,4.978489180703732,-15.914063098056493,-21.05040397738817,59.263985782907795
198.2123037386106,0.5974078157339714,4.978157818303195,-15.915332453995703,-21.05073563638126,59.11378376620983
198.21819339439185,0.6054937069622636,4.977825953484325,-15.91660161570098,-21.051065933655547,58.963675251433074
198.22408309409428,0.6135795730891652,4.977493585958286,-15.917870583015274,-21.051394869153302,58.81366048561633
198.229972837704,0.621665414204578,4.977160715436248,-15.91913935578135,-21.051722442816818,58.663739715799096
198.2358626252071,0.6297512303983887,4.976827341629378,-15.920407933841869,-21.052048654588432,58.51391318902007
198.24175245658972,0.6378370217604938,4.976493464248841,-15.921676317039351,-21.052373504410564,58.364181152318785
198.24764233183808,0.645922788380784,4.976159083005808,-15.92294450521617,-21.052696992225652,58.214543852733875
198.25353225093826,0.6540085303491499,4.975824197611444,-15.924212498214578,-21.053019117976202,58.065001537304795
198.25942221387643,0.6620942477554773,4.975488807776917,-15.925480295876682,-21.053339881604764,57.91555445307046
198.26531222063878,0.6701799406896483,4.975152913213393,-15.92674789804446,-21.05365928305394,57.766202847069955
198.27120227121137,0.6782656092415527,4.974816513632044,-15.928015304559736,-21.053977322266377,57.616946966342525
198.27709236558044,0.6863512535010714,4.974479608744033,-15.929282515264228,-21.054293999184775,57.46778705792717
198.28298250373214,0.6944368735580789,4.974142198260529,-15.930549529999492,-21.05460931375189,57.31872336886293
198.28887268565262,0.7025224695024606,4.973804281892699,-15.931816348606967,-21.05492326591053,57.16975614618888
198.29476291132806,0.7106080414240915,4.973465859351712,-15.933082970927945,-21.055235855603534,57.02088563694424
198.3006531807446,0.7186935894128426,4.973126930348733,-15.934349396803576,-21.05554708277381,56.87211208816817
198.30654349388843,0.7267791135585948,4.97278749459493,-15.935615626074894,-21.05585694736432,56.72343574689961
198.31243385074578,0.7348646139512139,4.972447551801473,-15.93688165858277,-21.05616544931804,56.5748568601776
198.31832425130273,0.7429500906805707,4.9721071016795255,-15.938147494167966,-21.056472588578046,56.426375675041605
198.32421469554552,0.751035543836541,4.971766143940257,-15.939413132671108,-21.05677836508745,56.2779924385301
198.33010518346035,0.7591209735089843,4.971424678294836,-15.940678573932649,-21.057082778789372,56.12970739768277
198.33599571503333,0.7672063797877656,4.971082704454428,-15.941943817792948,-21.057385829627048,55.981520799538586
198.34188629025076,0.7752917627627584,4.970740222130201,-15.943208864092208,-21.057687517543727,55.83343289113639
198.34777690909877,0.7833771225238199,4.970397231033324,-15.944473712670487,-21.057987842482696,55.68544391951542
198.3536675715636,0.7914624591608073,4.970053730874962,-15.945738363367745,-21.05828680438734,55.537554131714764
198.35955827763138,0.7995477727635888,4.969709721366285,-15.947002816023758,-21.058584403201035,55.389763774773584
198.36544902728835,0.8076330634220177,4.96936520221846,-15.948267070478199,-21.05888063886727,55.24207309573093
198.37133982052072,0.8157183312259524,4.969020173142651,-15.949531126570594,-21.05917551132954,55.094482341626026
198.37723065731473,0.8238035762652516,4.968674633850028,-15.950794984140341,-21.059469020531406,54.946991759497585
198.3831215376565,0.8318887986297684,4.968328584051757,-15.952058643026678,-21.05976116641647,54.79960159638515
198.38901246153236,0.8399739984093532,4.967982023459008,-15.953322103068732,-21.060051948928415,54.65231209932759
198.39490342892847,0.8480591756938628,4.967634951782948,-15.954585364105483,-21.060341368010913,54.505123515363884
198.40079443983106,0.8561443305731455,4.967287368734743,-15.955848425975777,-21.060629423607768,54.358036091533506
198.4066854942263,0.864229463137049,4.9669392740255605,-15.95711128851833,-21.060916115662774,54.2110500748754
198.41257659210052,0.8723145734754264,4.966590667366571,-15.958373951571701,-21.061201444119778,54.06416571242847
198.4184677334399,0.8803996616781253,4.966241548468938,-15.959636414974351,-21.061485408922735,53.91738325123185
198.42435891823064,0.8884847278349849,4.9658919170438285,-15.960898678564575,-21.061768010015594,53.77070293832481
198.43025014645903,0.8965697720358579,4.965541772802414,-15.96216074218052,-21.062049247342358,53.62412502074634
198.4361414181113,0.9046547943705838,4.965191115455859,-15.963422605660236,-21.062329120847117,53.47764974553562
198.44203273317368,0.9127397949290069,4.964839944715331,-15.964684268841618,-21.06260763047398,53.33127735973167
198.4479240916324,0.9208247738009747,4.964488260292,-15.965945731562401,-21.062884776167113,53.18500811037356
198.45381549347374,0.9289097310763192,4.96413606189703,-15.967206993660227,-21.06316055787075,53.03884224450048
198.45970693868395,0.9369946668448826,4.96378334924159,-15.968468054972579,-21.063434975529155,52.89278000915132
198.46559842724926,0.9450795811965084,4.963430122036848,-15.969728915336798,-21.063708029086655,52.74682165136562
198.47148995915595,0.9531644742210299,4.96307637999397,-15.970989574590103,-21.063979718487637,52.60096741818202
198.47738153439025,0.9612493460082827,4.962722122824125,-15.972250032569566,-21.06425004367651,52.455217556639845
198.4832731529385,0.9693341966481089,4.96236735023848,-15.973510289112136,-21.064519004597766,52.309572313778006
198.48916481478688,0.9774190262303456,4.962012061948202,-15.974770344054614,-21.064786601195927,52.16403193663571
198.4950565199217,0.985503834844817,4.961656257664457,-15.976030197233657,-21.06505283341558,52.01859667225226
198.50094826832924,0.9935886225813655,4.961299937098416,-15.977289848485814,-21.06531770120135,51.873266767666514
198.50684005999577,1.0016733895298198,4.960943099961245,-15.978549297647469,-21.065581204497924,51.728042469917575
198.51273189490755,1.0097581357800123,4.960585745964109,-15.979808544554894,-21.06584334325005,51.58292402604465
198.5186237730509,1.0178428614217785,4.960227874818179,-15.981067589044194,-21.066104117402492,51.43791168308666
198.5245156944121,1.0259275665449459,4.959869486234619,-15.982326430951373,-21.0663635269001,51.293005688082914
198.53040765897742,1.0340122512393408,4.959510579924601,-15.983585070112268,-21.06662157168776,51.148206288072295
198.53629966673316,1.042096915594802,4.9591511555992875,-15.984843506362612,-21.066878251710435,51.00351373009405
198.54219171766562,1.0501815597011503,4.958791212969849,-15.986101739537963,-21.067133566913093,50.85892826118728
198.54808381176107,1.0582661836482117,4.95843075174745,-15.987359769473784,-21.067387517240803,50.71445012839093
198.55397594900586,1.0663507875258238,4.958069771643261,-15.988617596005373,-21.067640102638638,50.57007957874437
198.55986812938627,1.0744353714238086,4.957708272368451,-15.98987521896788,-21.067891323051743,50.42581685928641
198.5657603528886,1.0825199354319857,4.957346253634182,-15.99113263819637,-21.06814117842536,50.281662217056414
198.5716526194992,1.090604479640192,4.956983715151623,-15.992389853525728,-21.0683896687047,50.137615899093134
198.57754492920432,1.098689004138246,4.956620656631946,-15.993646864790701,-21.06863679383508,49.99367815243605
