galstreams/tracks/track.st.Jhelum-b.shipp2019.ecsv
# %ECSV 1.0
# ---
# datatype:
# - {name: ra, unit: deg, datatype: float64}
# - {name: dec, unit: deg, datatype: float64}
# - {name: distance, unit: kpc, datatype: float64}
# - {name: pm_ra_cosdec, unit: mas / yr, datatype: float64}
# - {name: pm_dec, unit: mas / yr, datatype: float64}
# - {name: radial_velocity, unit: km / s, datatype: float64}
# delimiter: ','
# meta: !!omap
# - __serialized_columns__:
#     dec:
#       __class__: astropy.coordinates.angles.Latitude
#       unit: &id001 !astropy.units.Unit {unit: deg}
#       value: !astropy.table.SerializedColumn {name: dec}
#     distance:
#       __class__: astropy.coordinates.distances.Distance
#       unit: !astropy.units.Unit {unit: kpc}
#       value: !astropy.table.SerializedColumn {name: distance}
#     pm_dec:
#       __class__: astropy.units.quantity.Quantity
#       unit: !astropy.units.Unit {unit: mas / yr}
#       value: !astropy.table.SerializedColumn {name: pm_dec}
#     pm_ra_cosdec:
#       __class__: astropy.units.quantity.Quantity
#       unit: !astropy.units.Unit {unit: mas / yr}
#       value: !astropy.table.SerializedColumn {name: pm_ra_cosdec}
#     ra:
#       __class__: astropy.coordinates.angles.Longitude
#       unit: *id001
#       value: !astropy.table.SerializedColumn {name: ra}
#       wrap_angle: !astropy.coordinates.Angle
#         unit: *id001
#         value: 360.0
#     radial_velocity:
#       __class__: astropy.units.quantity.Quantity
#       unit: !astropy.units.Unit {unit: km / s}
#       value: !astropy.table.SerializedColumn {name: radial_velocity}
# schema: astropy-2.0
ra,dec,distance,pm_ra_cosdec,pm_dec,radial_velocity
[from data line 566]
350.95659752846166,-51.208769582101674,13.199999999999994,7.51128717625297,-4.914058070739797,-15.303464838940918
350.972655743555,-51.208858554816246,13.199999999999994,7.512083770664749,-4.912173594832998,-15.25517276732623
350.98871401837687,-51.20894531935742,13.199999999999994,7.512879920518917,-4.910288974143887,-15.206880695711524
351.00477235137936,-51.20902987567864,13.199999999999994,7.513675625643743,-4.908404208984908,-15.158588624096701
351.0208307410144,-51.20911222373372,13.199999999999994,7.514470885867711,-4.906519299668609,-15.110296552481861
351.03688918573357,-51.20919236347685,13.199999999999994,7.5152657010195325,-4.904634246507672,-15.06200448086719
351.05294768398886,-51.20927029486263,13.199999999999994,7.516060070928157,-4.902749049814857,-15.013712409252552
351.0690062342319,-51.20934601784603,13.199999999999996,7.516853995422755,-4.900863709903055,-14.965420337637946
351.08506483491425,-51.20941953238246,13.199999999999998,7.517647474332725,-4.898978227085254,-14.917128266022988
351.1011234844873,-51.20949083842765,13.199999999999992,7.518440507487692,-4.89709260167457,-14.868836194408384
351.1171821814026,-51.20955993593774,13.199999999999994,7.519233094717505,-4.8952068339842025,-14.820544122793713
351.1332409241115,-51.20962682486928,13.199999999999996,7.520025235852254,-4.8933209243274725,-14.772252051178906
351.1492997110651,-51.20969150517917,13.199999999999994,7.520816930722245,-4.891434873017811,-14.723959979564235
351.16535854071475,-51.209753976824764,13.199999999999992,7.521608179158016,-4.889548680368752,-14.675667907949345
351.18141741151146,-51.20981423976373,13.199999999999998,7.522398980990327,-4.88766234669394,-14.627375836334707
351.1974763219064,-51.20987229395416,13.199999999999992,7.523189336050187,-4.8857758723071285,-14.579083764719984
351.2135352703503,-51.20992813935455,13.199999999999994,7.5239792441688085,-4.883889257522173,-14.530791693105414
351.2295942552943,-51.20998177592374,13.199999999999996,7.524768705177648,-4.882002502653032,-14.482499621490641
351.2456532751891,-51.210033203620995,13.199999999999996,7.525557718908387,-4.8801156080137815,-14.434207549875834
351.26171232848543,-51.21008242240598,13.199999999999996,7.526346285192939,-4.878228573918604,-14.385915478261147
351.277771413634,-51.21012943223871,13.199999999999992,7.5271344038634425,-4.876341400681778,-14.33762340664639
351.29383052908554,-51.21017423307958,13.199999999999992,7.527922074752262,-4.874454088617686,-14.289331335031635
351.3098896732904,-51.21021682488943,13.199999999999998,7.528709297691998,-4.87256663804083,-14.241039263417063
351.3259488446992,-51.21025720762947,13.199999999999994,7.52949607251549,-4.870679049265812,-14.19274719180229
351.3420080417623,-51.21029538126125,13.199999999999994,7.530282399055787,-4.868791322607333,-14.144455120187585
351.35806726293015,-51.21033134574677,13.199999999999994,7.531068277146174,-4.8669034583802,-14.096163048572931
351.37412650665294,-51.21036510104839,13.199999999999994,7.53185370662018,-4.865015456899326,-14.047870976958091
351.3901857713809,-51.21039664712887,13.199999999999996,7.532638687311548,-4.863127318479737,-13.99957890534352
351.4062450555643,-51.21042598395133,13.199999999999996,7.533423219054264,-4.8612390434365444,-13.951286833728748
351.4223043576532,-51.21045311147934,13.199999999999996,7.534207301682532,-4.859350632084976,-13.902994762113892
351.4383636760976,-51.210478029676764,13.199999999999996,7.53499093503079,-4.857462084740366,-13.85470269049927
351.4544230093476,-51.210500738507974,13.199999999999996,7.535774118933716,-4.855573401718141,-13.806410618884565
351.4704823558531,-51.21052123793761,13.199999999999996,7.536556853226215,-4.853684583333832,-13.758118547269758
351.486541714064,-51.2105395279308,13.199999999999994,7.537339137743416,-4.8517956299030836,-13.709826475655136
351.50260108243015,-51.21055560845301,13.199999999999996,7.538120972320686,-4.849906541741624,-13.661534404040246
351.51866045940125,-51.21056947947009,13.199999999999994,7.538902356793617,-4.848017319165308,-13.61324233242571
351.5347198434272,-51.21058114094829,13.199999999999994,7.539683290998049,-4.846127962490062,-13.564950260810836
351.55077923295755,-51.21059059285429,13.199999999999994,7.5404637747700285,-4.844238472031943,-13.516658189196063
351.56683862644195,-51.210597835155085,13.199999999999992,7.541243807945856,-4.842348848107092,-13.468366117581407
351.58289802233,-51.2106028678181,13.199999999999992,7.5420233903620515,-4.840459091031752,-13.420074045966636
351.59895741907127,-51.210605690811164,13.199999999999992,7.542802521855373,-4.838569201122276,-13.371781974352132
351.61501681511527,-51.21060630410245,13.199999999999994,7.543581202262808,-4.836679178695097,-13.32348990273719
351.63107620891134,-51.210604707660586,13.199999999999994,7.544359431421575,-4.834789024066777,-13.275197831122485
351.64713559890896,-51.21060090145449,13.199999999999996,7.545137209169127,-4.832898737553957,-13.226905759507915
351.66319498355756,-51.210594885453574,13.199999999999992,7.54591453534316,-4.8310083194733835,-13.178613687893277
351.6792543613064,-51.210586659627594,13.199999999999996,7.546691409781581,-4.8291177701418935,-13.13032161627832
351.69531373060465,-51.21057622394667,13.199999999999996,7.547467832322542,-4.827227089876447,-13.082029544663783
351.71137308990177,-51.21056357838134,13.199999999999994,7.548243802804435,-4.825336278994077,-13.03373747304906
351.7274324376468,-51.21054872290254,13.199999999999994,7.549019321065872,-4.823445337811924,-12.985445401434305
351.743491772289,-51.21053165748157,13.199999999999996,7.54979438694571,-4.821554266647231,-12.93715332981948
351.7595510922775,-51.21051238209014,13.199999999999996,7.550569000283025,-4.819663065817337,-12.888861258204876
351.7756103960613,-51.21049089670033,13.199999999999992,7.551343160917143,-4.817771735639671,-12.840569186589969
351.79166968208955,-51.21046720128462,13.199999999999994,7.552116868687614,-4.815880276431775,-12.792277114975466
351.80772894881125,-51.21044129581589,13.199999999999994,7.552890123434222,-4.8139886885112695,-12.743985043360828
351.8237881946754,-51.210413180267416,13.199999999999996,7.553662924996989,-4.812096972195881,-12.695692971745954
351.83984741813094,-51.210382854612796,13.199999999999992,7.554435273216169,-4.810205127803441,-12.647400900131283
351.85590661762694,-51.210350318826094,13.199999999999996,7.5552071679322514,-4.808313155651855,-12.599108828516528
351.8719657916121,-51.210315572881754,13.199999999999994,7.555978608985959,-4.806421056059147,-12.550816756901703
351.88802493853547,-51.21027861675456,13.199999999999994,7.556749596218245,-4.804528829343429,-12.50252468528715
351.9040840568458,-51.21023945041972,13.199999999999996,7.557520129470309,-4.802636475822899,-12.454232613672225
351.920143144992,-51.210198073852865,13.199999999999992,7.558290208583572,-4.800743995815871,-12.405940542057655
351.9362022014228,-51.21015448702993,13.199999999999996,7.559059833399698,-4.798851389640728,-12.357648470442967
351.9522612245871,-51.2101086899273,13.199999999999992,7.559829003760588,-4.796958657615967,-12.30935639882821
351.9683202129336,-51.21006068252175,13.199999999999992,7.560597719508367,-4.7950658000601685,-12.26106432721359
351.984379164911,-51.21001046479044,13.199999999999996,7.561365980485409,-4.793172817292016,-12.212772255598784
352.00043807896805,-51.2099580367109,13.199999999999992,7.5621337865343135,-4.791279709630281,-12.164480183983994
352.0164969535534,-51.209903398261034,13.199999999999996,7.56290113749792,-4.789386477393828,-12.116188112369441
352.03255578711594,-51.20984654941921,13.199999999999994,7.563668033219308,-4.787493120901612,-12.067896040754432
352.0486145781041,-51.20978749016409,13.199999999999992,7.564434473541781,-4.785599640472698,-12.019603969139794
352.0646733249666,-51.209726220474806,13.199999999999994,7.565200458308885,-4.783706036426225,-11.971311897525156
352.08073202615213,-51.209662740330835,13.199999999999994,7.565965987364405,-4.781812309081428,-11.923019825910501
352.09679068010934,-51.20959704971205,13.199999999999994,7.566731060552364,-4.779918458757636,-11.874727754295712
352.11284928528676,-51.20952914859873,13.199999999999992,7.567495677717013,-4.778024485774269,-11.826435682680787
352.12890784013297,-51.20945903697151,13.199999999999992,7.568259838702844,-4.776130390450852,-11.778143611066351
352.1449663430967,-51.20938671481146,13.199999999999994,7.569023543354583,-4.7742361731069725,-11.729851539451495
352.1610247926265,-51.20931218209999,13.199999999999994,7.569786791517201,-4.772341834062333,-11.68155946783667
352.1770831871708,-51.20923543881894,13.199999999999994,7.570549583035894,-4.770447373636724,-11.633267396222033
352.1931415251783,-51.209156484950526,13.199999999999994,7.571311917756104,-4.768552792150019,-11.584975324607479
352.2091998050976,-51.20907532047734,13.199999999999996,7.572073795523507,-4.766658089922176,-11.536683252992674
352.2252580253772,-51.208991945382394,13.199999999999996,7.572835216184017,-4.764763267273265,-11.488391181377951
352.2413161844656,-51.20890635964905,13.199999999999996,7.573596179583784,-4.7628683245234225,-11.440099109763212
352.25737428081146,-51.208818563261076,13.199999999999992,7.5743566855691995,-4.760973261992886,-11.391807038148372
352.27343231286324,-51.20872855620268,13.199999999999996,7.57511673398688,-4.759078080001982,-11.343514966533617
352.28949027906947,-51.20863633845836,13.199999999999994,7.575876324683697,-4.7571827788711305,-11.295222894919096
352.3055481778789,-51.20854191001306,13.199999999999996,7.576635457506751,-4.755287358920815,-11.246930823304357
352.3216060077399,-51.20844527085214,13.199999999999996,7.577394132303384,-4.753391820471639,-11.198638751689517
352.33766376710105,-51.20834642096129,13.199999999999996,7.57815234892117,-4.751496163844282,-11.150346680074929
352.35372145441096,-51.20824536032664,13.199999999999992,7.578910107207929,-4.749600389359505,-11.102054608460207
352.36977906811825,-51.20814208893469,13.199999999999996,7.579667407011711,-4.747704497338154,-11.053762536845317
352.3858366066714,-51.2080366067723,13.199999999999994,7.580424248180809,-4.745808488101186,-11.005470465230779
352.40189406851897,-51.20792891382678,13.199999999999992,7.581180630563761,-4.743912361969612,-10.95717839361594
352.41795145210966,-51.20781901008577,13.199999999999994,7.581936554009332,-4.7420161192645525,-10.908886322001168
352.43400875589197,-51.207706895537356,13.199999999999994,7.582692018366525,-4.740119760307211,-10.860594250386463
352.45006597831457,-51.20759257016995,13.199999999999994,7.583447023484603,-4.738223285418869,-10.812302178771724
352.4661231178261,-51.207476033972405,13.199999999999994,7.584201569213044,-4.736326694920896,-10.764010107157018
352.48218017287513,-51.20735728693394,13.199999999999994,7.5849556554015765,-4.734429989134753,-10.715718035542261
352.49823714191035,-51.20723632904419,13.199999999999994,7.585709281900166,-4.732533168381984,-10.667425963927608
352.5142940233804,-51.20711316029312,13.199999999999994,7.586462448559018,-4.730636232984214,-10.61913389231307
352.530350815734,-51.20698778067116,13.199999999999994,7.587215155228578,-4.7287391832631505,-10.570841820698263
352.54640751741977,-51.20686019016908,13.199999999999996,7.58796740175953,-4.726842019540594,-10.522549749083524
352.56246412688654,-51.206730388778034,13.199999999999994,7.588719188002802,-4.7249447421384225,-10.474257677468852
352.578520642583,-51.20659837648961,13.199999999999992,7.589470513809556,-4.723047351378605,-10.425965605854113
352.5945770629579,-51.20646415329574,13.199999999999994,7.590221379031195,-4.7211498475831775,-10.377673534239223
352.61063338646,-51.20632771918878,13.199999999999994,7.590971783519364,-4.719252231074285,-10.329381462624585
352.6266896115381,-51.20618907416146,13.199999999999994,7.591721727125952,-4.717354502174132,-10.281089391009763
352.64274573664096,-51.20604821820687,13.199999999999996,7.592471209703076,-4.715456661205022,-10.232797319395326
352.6588017602176,-51.20590515131856,13.199999999999994,7.593220231103113,-4.713558708489325,-10.18450524778052
352.6748576807168,-51.2057598734904,13.199999999999994,7.593968791178663,-4.711660644349505,-10.136213176165798
352.6909134965874,-51.205612384716694,13.199999999999996,7.594716889782575,-4.709762469108107,-10.087921104551176
352.70696920627853,-51.205462684992106,13.199999999999996,7.595464526767938,-4.707864183087751,-10.03962903293637
352.72302480823896,-51.20531077431171,13.199999999999994,7.596211701988081,-4.705965786611142,-9.991336961321581
352.7390803009177,-51.20515665267097,13.199999999999994,7.596958415296575,-4.704067280001073,-9.94304488970679
352.7551356827638,-51.20500032006572,13.199999999999994,7.597704666547227,-4.702168663580408,-9.894752818092119
352.77119095222633,-51.2048417764922,13.199999999999996,7.598450455594097,-4.700269937672089,-9.846460746477312
352.78724610775436,-51.20468102194702,13.199999999999994,7.599195782291477,-4.698371102599149,-9.798168674862591
352.803301147797,-51.204518056427226,13.199999999999996,7.599940646493897,-4.696472158684699,-9.749876603248088
352.81935607080345,-51.20435287993019,13.199999999999994,7.600685048056143,-4.694573106251918,-9.701584531633298
352.8354108752229,-51.20418549245371,13.199999999999996,7.601428986833233,-4.692673945624071,-9.653292460018559
352.85146555950456,-51.20401589399598,13.199999999999992,7.6021724626804295,-4.6907746771245105,-9.605000388403786
352.8675201220977,-51.20384408455556,13.199999999999994,7.602915475453231,-4.688875301076658,-9.55670831678908
352.88357456145155,-51.20367006413142,13.199999999999996,7.603658025007384,-4.686975817804015,-9.508416245174427
352.8996288760157,-51.2034938327229,13.199999999999994,7.604400111198881,-4.685076227630159,-9.460124173559553
352.91568306423926,-51.203315390329756,13.199999999999996,7.605141733883944,-4.683176530878756,-9.411832101945032
352.93173712457184,-51.20313473695211,13.199999999999994,7.605882892919059,-4.681276727873537,-9.363540030330192
352.9477910554629,-51.20295187259045,13.199999999999994,7.606623588160925,-4.679376818938314,-9.315247958715554
352.96384485536197,-51.20276679724572,13.199999999999994,7.607363819466516,-4.677476804396976,-9.26695588710063
352.9798985227185,-51.202579510919215,13.199999999999994,7.60810358669302,-4.675576684573503,-9.218663815486162
352.9959520559823,-51.20239001361262,13.199999999999994,7.6088428896978835,-4.67367645979192,-9.17037174387127
353.0120054536029,-51.20219830532799,13.199999999999996,7.6095817283387985,-4.671776130376359,-9.122079672256632
353.0280587140301,-51.2020043860678,13.199999999999998,7.610320102473688,-4.669875696651009,-9.073787600641825
353.04411183571364,-51.2018082558349,13.199999999999996,7.611058011960732,-4.66797515894015,-9.025495529027205
353.0601648171034,-51.201609914632535,13.199999999999994,7.611795456658342,-4.666074517568118,-8.977203457412449
353.0762176566492,-51.201409362464354,13.199999999999996,7.612532436425179,-4.664173772859339,-8.928911385797525
353.0922703528009,-51.20120659933434,13.199999999999992,7.613268951120145,-4.662272925138314,-8.880619314182937
353.1083229040086,-51.201001625246946,13.199999999999996,7.614005000602386,-4.660371974729606,-8.832327242568164
353.1243753087223,-51.20079444020695,13.199999999999994,7.614740584731297,-4.658470921957867,-8.78403517095351
353.1404275653921,-51.20058504421954,13.199999999999996,7.615475703366509,-4.65656976714781,-8.735743099338821
353.15647967246815,-51.200373437290295,13.199999999999994,7.616210356367903,-4.654668510624233,-8.687451027724066
353.1725316284007,-51.200159619425186,13.199999999999996,7.616944543595599,-4.652767152711995,-8.639158956109428
353.18858343164,-51.199943590630575,13.199999999999992,7.617678264909968,-4.6508656937360415,-8.590866884494622
353.20463508063636,-51.19972535091319,13.199999999999994,7.618411520171618,-4.64896413402138,-8.542574812879916
