galstreams/tracks/track.st.GD-1.pricewhelan2018.ecsv
# %ECSV 0.9
# ---
# datatype:
# - {name: ra, unit: deg, datatype: float64}
# - {name: dec, unit: deg, datatype: float64}
# - {name: distance, unit: kpc, datatype: float64}
# - {name: pm_ra_cosdec, unit: mas / yr, datatype: float64}
# - {name: pm_dec, unit: mas / yr, datatype: float64}
# - {name: radial_velocity, unit: km / s, datatype: float64}
# delimiter: ','
# meta: !!omap
# - __serialized_columns__:
#     dec:
#       __class__: astropy.coordinates.angles.Latitude
#       unit: &id001 !astropy.units.Unit {unit: deg}
#       value: !astropy.table.SerializedColumn {name: dec}
#     distance:
#       __class__: astropy.coordinates.distances.Distance
#       unit: !astropy.units.Unit {unit: kpc}
#       value: !astropy.table.SerializedColumn {name: distance}
#     pm_dec:
#       __class__: astropy.units.quantity.Quantity
#       unit: !astropy.units.Unit {unit: mas / yr}
#       value: !astropy.table.SerializedColumn {name: pm_dec}
#     pm_ra_cosdec:
#       __class__: astropy.units.quantity.Quantity
#       unit: !astropy.units.Unit {unit: mas / yr}
#       value: !astropy.table.SerializedColumn {name: pm_ra_cosdec}
#     ra:
#       __class__: astropy.coordinates.angles.Longitude
#       unit: *id001
#       value: !astropy.table.SerializedColumn {name: ra}
#       wrap_angle: !astropy.coordinates.Angle
#         unit: *id001
#         value: 360.0
#     radial_velocity:
#       __class__: astropy.units.quantity.Quantity
#       unit: !astropy.units.Unit {unit: km / s}
#       value: !astropy.table.SerializedColumn {name: radial_velocity}
# schema: astropy-2.0
ra,dec,distance,pm_ra_cosdec,pm_dec,radial_velocity
[from data line 6156]
158.9780446155316,45.104521142632706,8.586590340958484,-6.53229237170226,-10.830821798939793,-3.900499334556867e-11
158.9880720145667,45.11158857132153,8.58709038039327,-6.533160155964838,-10.829216907855416,-3.8802894934451735e-11
158.9981021834939,45.11865492599929,8.587590419828054,-6.534027925210282,-10.827611307349136,-3.897131027704918e-11
159.00813512325166,45.12572020614621,8.588090459262839,-6.534895679412872,-10.826004997461961,-3.883657800297122e-11
159.01817083477883,45.13278441124255,8.588590498697622,-6.535763418546795,-10.824397978234938,-3.8903944140010204e-11
159.02820931901408,45.13984754076826,8.589090538132405,-6.536631142586095,-10.822790249709156,-3.8802894934451735e-11
159.03825057689596,45.14690959420295,8.58959057756719,-6.537498851504667,-10.821181811925777,-3.8802894934451735e-11
159.0482946093633,45.153970571026164,8.590090617001971,-6.538366545276325,-10.819572664925985,-3.876921186593224e-11
159.05834141735465,45.16103047071705,8.590590656436756,-6.539234223874713,-10.81796280875104,-3.873552879741276e-11
159.06839100180883,45.168089292754686,8.59109069587154,-6.540101887273382,-10.81635224344222,-3.8802894934451735e-11
159.0784433636644,45.17514703661774,8.591590735306323,-6.5409695354457185,-10.814740969040885,-3.883657800297122e-11
159.08849850386008,45.182203701784765,8.592090774741107,-6.541837168364999,-10.813128985588412,-3.8802894934451735e-11
159.09855642333463,45.189259287734096,8.59259081417589,-6.542704786004392,-10.81151629312625,-3.873552879741276e-11
159.10861712302656,45.196313793943716,8.593090853610672,-6.5435723883368935,-10.809902891695899,-3.8701845728893266e-11
159.11868060387465,45.203367219891476,8.593590893045457,-6.544439975335405,-10.808288781338879,-3.8701845728893266e-11
159.12874686681764,45.210419565055,8.59409093248024,-6.545307546972694,-10.806673962096792,-3.863447959185429e-11
159.13881591279406,45.21747082891155,8.594590971915025,-6.546175103221375,-10.805058434011276,-3.8668162660373774e-11
159.1488877427426,45.2245210109383,8.59509101134981,-6.547042644053965,-10.803442197124017,-3.853343038629582e-11
159.158962357602,45.23157011061214,8.595591050784593,-6.547910169442846,-10.801825251476755,-3.8398698112217864e-11
159.16903975831084,45.23861812740968,8.596091090219376,-6.548777679360247,-10.800207597111283,-3.856711345481531e-11
159.17911994580783,45.24566506080737,8.59659112965416,-6.549645173778298,-10.798589234069427,-3.8600796523334796e-11
159.18920292103152,45.25271091028131,8.597091169088943,-6.550512652668972,-10.796970162393091,-3.856711345481531e-11
159.1992886849206,45.25975567530754,8.597591208523728,-6.551380116004134,-10.795350382124193,-3.843238118073735e-11
159.20937723841365,45.26679935536168,8.59809124795851,-6.552247563755502,-10.793729893304743,-3.846606424925684e-11
159.2194685824493,45.27384194991921,8.598591287393294,-6.553114995894676,-10.792108695976758,-3.8398698112217864e-11
159.2295627179663,45.28088345845545,8.599091326828079,-6.553982412393139,-10.790486790182332,-3.849974731777633e-11
159.239659645903,45.28792388044529,8.599591366262862,-6.554849813222198,-10.78886417596361,-3.846606424925684e-11
159.24975936719818,45.29496321536354,8.600091405697647,-6.555717198353073,-10.787240853362773,-3.833133197517888e-11
159.25986188279037,45.302001462684785,8.60059144513243,-6.556584567756847,-10.785616822422064,-3.846606424925684e-11
159.26996719361807,45.309038621883225,8.601091484567213,-6.557451921404448,-10.78399208318377,-3.843238118073735e-11
159.28007530061998,45.31607469243299,8.601591524001998,-6.5583192592667015,-10.78236663569023,-3.833133197517888e-11
159.2901862047345,45.32310967380785,8.602091563436781,-6.559186581314279,-10.780740479983836,-3.82639658381399e-11
159.30029990690022,45.33014356548141,8.602591602871566,-6.560053887517736,-10.77911361610703,-3.823028276962042e-11
159.31041640805572,45.33717636692707,8.603091642306351,-6.560921177847504,-10.777486044102297,-3.8196599701100925e-11
159.32053570913936,45.34420807761787,8.603591681741134,-6.56178845227385,-10.77585776401219,-3.8196599701100925e-11
159.33065781108982,45.35123869702677,8.604091721175918,-6.5626557107669585,-10.774228775879294,-3.82639658381399e-11
159.3407827148454,45.35826822462633,8.6045917606107,-6.563522953296825,-10.772599079746259,-3.812923356406195e-11
159.35091042134468,45.365296659889005,8.605091800045486,-6.564390179833354,-10.770968675655773,-3.812923356406195e-11
159.3610409315261,45.37232400228703,8.60559183948027,-6.565257390346324,-10.769337563650588,-3.82639658381399e-11
159.37117424632797,45.37935025129222,8.606091878915052,-6.5661245848053404,-10.767705743773515,-3.812923356406195e-11
159.38131036668884,45.386375406376345,8.606591918349835,-6.566991763179913,-10.766073216067381,-3.802818435850348e-11
159.39144929354708,45.39339946701093,8.60709195778462,-6.567858925439408,-10.764439980575087,-3.8095550495542456e-11
159.40159102784105,45.40042243266709,8.607591997219405,-6.568726071553051,-10.762806037339601,-3.812923356406195e-11
159.4117355705091,45.40744430281592,8.608092036654188,-6.569593201489951,-10.761171386403918,-3.806186742702297e-11
159.42188292248954,45.414465076928096,8.608592076088971,-6.570460315219062,-10.759536027811098,-3.802818435850348e-11
159.43203308472076,45.42148475447418,8.609092115523756,-6.571327412709224,-10.757899961604242,-3.79608182214645e-11
159.44218605814103,45.42850333492451,8.60959215495854,-6.572194493929157,-10.756263187826509,-3.802818435850348e-11
159.45234184368863,45.43552081774903,8.610092194393324,-6.573061558847397,-10.754625706521114,-3.802818435850348e-11
159.46250044230183,45.44253720241767,8.610592233828108,-6.573928607432407,-10.75298751773131,-3.802818435850348e-11
159.4726618549188,45.449552488399895,8.611092273262893,-6.57479563965247,-10.751348621500426,-3.792713515294501e-11
159.48282608247786,45.45656667516513,8.611592312697676,-6.575662655475758,-10.749709017871819,-3.792713515294501e-11
159.49299312591714,45.46357976218247,8.61209235213246,-6.576529654870313,-10.748068706888905,-3.782608594738654e-11
159.5031629861748,45.47059174892075,8.612592391567244,-6.577396637804031,-10.746427688595166,-3.782608594738654e-11
159.513335664189,45.47760263484864,8.613092431002029,-6.578263604244671,-10.744785963034115,-3.802818435850348e-11
159.52351116089787,45.484612419434534,8.61359247043681,-6.57913055415988,-10.74314353024933,-3.782608594738654e-11
159.53368947723948,45.49162110214655,8.614092509871597,-6.579997487517147,-10.741500390284443,-3.782608594738654e-11
159.54387061415193,45.4986286824527,8.61459254930638,-6.580864404283844,-10.739856543183128,-3.782608594738654e-11
159.5540545725732,45.50563515982057,8.615092588741165,-6.581731304427186,-10.738211988989129,-3.775871981034756e-11
159.56424135344133,45.51264053371767,8.615592628175948,-6.582598187914277,-10.736566727746226,-3.7792402878867054e-11
159.57443095769437,45.51964480361123,8.616092667610733,-6.583465054712084,-10.734920759498252,-3.775871981034756e-11
159.5846233862702,45.526647968968156,8.616592707045516,-6.584331904787417,-10.733274084289105,-3.775871981034756e-11
159.5948186401068,45.5336500292553,8.617092746480303,-6.585198738106985,-10.731626702162728,-3.7792402878867054e-11
159.605016720142,45.54065098393905,8.617592785915086,-6.586065554637323,-10.729978613163127,-3.765767060478909e-11
159.6152176273137,45.54765083248573,8.61809282534987,-6.586932354344861,-10.728329817334345,-3.7590304467750116e-11
159.62542136255985,45.554649574361406,8.618592864784654,-6.587799137195892,-10.72668031472048,-3.765767060478909e-11
159.6356279268181,45.56164720903179,8.619092904219437,-6.588665903156548,-10.725030105365702,-3.765767060478909e-11
159.64583732102625,45.568643735962496,8.619592943654222,-6.589532652192851,-10.723379189314219,-3.755662139923063e-11
159.65604954612218,45.57563915461888,8.620092983089005,-6.590399384270687,-10.721727566610287,-3.7489255262191646e-11
159.66626460304346,45.58263346446593,8.62059302252379,-6.5912660993557814,-10.72007523729823,-3.7590304467750116e-11
159.6764824927278,45.589626664968584,8.621093061958575,-6.592132797413749,-10.71842220142242,-3.755662139923063e-11
159.68670321611287,45.596618755591365,8.621593101393358,-6.592999478410054,-10.716768459027286,-3.7590304467750116e-11
159.69692677413624,45.6036097357987,8.622093140828143,-6.593866142310029,-10.7151140101573,-3.745557219367216e-11
159.70715316773556,45.610599605054745,8.622593180262928,-6.594732789078879,-10.713458854856995,-3.745557219367216e-11
159.7173823978483,45.617588362823334,8.623093219697711,-6.595599418681659,-10.711802993170963,-3.745557219367216e-11
159.72761446541205,45.624576008568184,8.623593259132496,-6.596466031083298,-10.710146425143838,-3.745557219367216e-11
159.7378493713641,45.63156254175268,8.62409329856728,-6.597332626248559,-10.708489150820325,-3.7287156851074714e-11
159.74808711664204,45.63854796184002,8.624593338002065,-6.598199204142118,-10.706831170245165,-3.7388206056633184e-11
159.75832770218324,45.64553226829319,8.625093377436851,-6.599065764728478,-10.705172483463159,-3.735452298811369e-11
159.76857112892498,45.65251546057483,8.625593416871633,-6.59993230797201,-10.703513090519177,-3.73208399195942e-11
159.77881739780457,45.659497538147455,8.626093456306418,-6.600798833836946,-10.701852991458122,-3.721979071403574e-11
159.78906650975946,45.66647850047334,8.626593495741202,-6.6016653422874105,-10.700192186324955,-3.73208399195942e-11
159.79931846572666,45.6734583470144,8.627093535175986,-6.602531833287335,-10.698530675164717,-3.725347378255522e-11
159.8095732666435,45.68043707723249,8.627593574610769,-6.603398306800571,-10.696868458022465,-3.73208399195942e-11
159.81983091344702,45.68741469058905,8.628093614045556,-6.604264762790779,-10.695205534943337,-3.721979071403574e-11
159.83009140707446,45.69439118654543,8.62859365348034,-6.605131201221529,-10.693541905972516,-3.7186107645516245e-11
159.84035474846277,45.701366564562605,8.629093692915124,-6.6059976220562175,-10.691877571155256,-3.7085058439957776e-11
159.850620938549,45.70834082410145,8.629593732349907,-6.606864025258119,-10.69021253053684,-3.715242457699675e-11
159.86088997827022,45.71531396462255,8.630093771784692,-6.607730410790376,-10.68854678416262,-3.711874150847727e-11
159.87116186856318,45.72228598558617,8.630593811219477,-6.608596778615966,-10.686880332078008,-3.7085058439957776e-11
159.88143661036494,45.72925688645246,8.631093850654262,-6.609463128697763,-10.68521317432846,-3.715242457699675e-11
159.89171420461227,45.7362266666813,8.631593890089045,-6.610329460998475,-10.683545310959495,-3.695032616587982e-11
159.90199465224197,45.743195325732245,8.632093929523831,-6.611195775480677,-10.681876742016684,-3.7085058439957776e-11
159.91227795419076,45.75016286306471,8.632593968958615,-6.612062072106811,-10.680207467545664,-3.691664309736033e-11
159.92256411139545,45.75712927813789,8.633094008393401,-6.61292835083919,-10.678537487592099,-3.7085058439957776e-11
159.93285312479253,45.7640945704106,8.633594047828183,-6.613794611639948,-10.676866802201753,-3.695032616587982e-11
159.9431449953188,45.771058739341605,8.634094087262968,-6.61466085447113,-10.675195411420397,-3.6882960028840843e-11
159.95343972391058,45.77802178438925,8.634594126697753,-6.6155270792945995,-10.673523315293902,-3.6984009234399306e-11
159.9637373115046,45.78498370501181,8.635094166132536,-6.616393286072111,-10.671850513868169,-3.691664309736033e-11
159.97403775903715,45.79194450066717,8.635594205567322,-6.617259474765257,-10.670177007189153,-3.691664309736033e-11
159.9843410674447,45.79890417081307,8.636094245002106,-6.618125645335506,-10.668502795302889,-3.6882960028840843e-11
159.99464723766363,45.80586271490705,8.636594284436889,-6.618991797744176,-10.666827878255434,-3.6882960028840843e-11
160.00495627063017,45.81282013240625,8.637094323871676,-6.619857931952434,-10.665152256092938,-3.6781910823282374e-11
160.01526816728062,45.81977642276772,8.637594363306459,-6.620724047921346,-10.66347592886158,-3.6781910823282374e-11
160.0255829285512,45.82673158544827,8.638094402741244,-6.621590145611799,-10.661798896607607,-3.6714544686243397e-11
160.03590055537794,45.83368561990434,8.638594442176027,-6.622456224984545,-10.660121159377322,-3.6714544686243397e-11
160.04622104869705,45.84063852559229,8.639094481610812,-6.623322286000219,-10.65844271721707,-3.664717854920441e-11
160.05654440944446,45.84759030196812,8.639594521045597,-6.62418832861928,-10.656763570173288,-3.674822775476288e-11
160.06687063855617,45.854540948487646,8.640094560480382,-6.6250543528020716,-10.655083718292435,-3.6714544686243397e-11
160.07719973696814,45.86149046460651,8.640594599915167,-6.6259203585087985,-10.653403161621043,-3.674822775476288e-11
160.08753170561613,45.86843884977992,8.64109463934995,-6.626786345699498,-10.651721900205704,-3.654612934364595e-11
160.09786654543606,45.87538610346311,8.641594678784735,-6.6276523143340915,-10.650039934093044,-3.654612934364595e-11
160.1082042573636,45.88233222511081,8.64209471821952,-6.628518264372351,-10.648357263329782,-3.654612934364595e-11
160.1185448423344,45.8892772141777,8.642594757654305,-6.629384195773891,-10.646673887962667,-3.651244627512646e-11
160.1288883012842,45.8962210701182,8.643094797089091,-6.630250108498217,-10.64498980803851,-3.654612934364595e-11
160.13923463514843,45.90316379238636,8.643594836523874,-6.6311160025046645,-10.6433050236042,-3.6478763206606966e-11
160.14958384486266,45.91010538043613,8.644094875958661,-6.631981877752431,-10.641619534706653,-3.6478763206606966e-11
160.15993593136238,45.9170458337212,8.644594915393442,-6.632847734200591,-10.639933341392858,-3.6478763206606966e-11
160.1702908955828,45.92398515169493,8.645094954828227,-6.633713571808039,-10.638246443709868,-3.644508013808748e-11
160.1806487384595,45.93092333381056,8.645594994263012,-6.634579390533583,-10.636558841704773,-3.631034786400952e-11
160.19100946092743,45.937860379521,8.646095033697797,-6.635445190335822,-10.634870535424753,-3.644508013808748e-11
160.20137306392195,45.944796288278944,8.646595073132584,-6.63631097117326,-10.633181524917015,-3.6276664795490034e-11
160.2117395483782,45.95173105953693,8.647095112567367,-6.637176733004252,-10.631491810228843,-3.631034786400952e-11
160.22210891523113,45.958664692747114,8.64759515200215,-6.638042475786987,-10.62980139140757,-3.631034786400952e-11
160.23248116541586,45.96559718736156,8.648095191436937,-6.6389081994795385,-10.628110268500585,-3.6276664795490034e-11
160.2428562998672,45.97252854283192,8.64859523087172,-6.639773904039809,-10.626418441555352,-3.631034786400952e-11
160.25323431952003,45.97945875860977,8.649095270306505,-6.640639589425578,-10.62472591061938,-3.6276664795490034e-11
160.26361522530922,45.98638783414641,8.649595309741292,-6.641505255594491,-10.62303267574023,-3.6209298658451056e-11
160.27399901816935,45.99331576889279,8.650095349176075,-6.6423709025040045,-10.621338736965546,-3.610824945289259e-11
160.2843856990352,46.00024256229976,8.65059538861086,-6.643236530111483,-10.619644094342998,-3.624298172697054e-11
160.29477526884133,46.00716821381789,8.651095428045645,-6.644102138374118,-10.617948747920343,-3.604088331585361e-11
160.30516772852215,46.01409272289746,8.65159546748043,-6.644967727248963,-10.616252697745388,-3.6175615589931564e-11
160.31556307901224,46.021016088988574,8.652095506915213,-6.64583329669293,-10.614555943865984,-3.604088331585361e-11
160.32596132124587,46.027938311541035,8.652595546349998,-6.6466988466627805,-10.612858486330072,-3.614193252141207e-11
160.33636245615736,46.034859390004435,8.653095585784783,-6.647564377115137,-10.611160325185628,-3.600720024733412e-11
160.346766484681,46.0417793238282,8.653595625219568,-6.648429888006486,-10.609461460480684,-3.604088331585361e-11
160.35717340775082,46.04869811246137,8.654095664654353,-6.649295379293138,-10.607761892263358,-3.604088331585361e-11
