galstreams/tracks/track.st.Gaia-8.ibata2021.ecsv
# %ECSV 0.9
# ---
# datatype:
# - {name: ra, unit: deg, datatype: float64}
# - {name: dec, unit: deg, datatype: float64}
# - {name: distance, unit: kpc, datatype: float64}
# - {name: pm_ra_cosdec, unit: mas / yr, datatype: float64}
# - {name: pm_dec, unit: mas / yr, datatype: float64}
# - {name: radial_velocity, unit: km / s, datatype: float64}
# delimiter: ','
# meta: !!omap
# - __serialized_columns__:
#     dec:
#       __class__: astropy.coordinates.angles.Latitude
#       unit: &id001 !astropy.units.Unit {unit: deg}
#       value: !astropy.table.SerializedColumn {name: dec}
#     distance:
#       __class__: astropy.coordinates.distances.Distance
#       unit: !astropy.units.Unit {unit: kpc}
#       value: !astropy.table.SerializedColumn {name: distance}
#     pm_dec:
#       __class__: astropy.units.quantity.Quantity
#       unit: !astropy.units.Unit {unit: mas / yr}
#       value: !astropy.table.SerializedColumn {name: pm_dec}
#     pm_ra_cosdec:
#       __class__: astropy.units.quantity.Quantity
#       unit: !astropy.units.Unit {unit: mas / yr}
#       value: !astropy.table.SerializedColumn {name: pm_ra_cosdec}
#     ra:
#       __class__: astropy.coordinates.angles.Longitude
#       unit: *id001
#       value: !astropy.table.SerializedColumn {name: ra}
#       wrap_angle: !astropy.coordinates.Angle
#         unit: *id001
#         value: 360.0
#     radial_velocity:
#       __class__: astropy.units.quantity.Quantity
#       unit: !astropy.units.Unit {unit: km / s}
#       value: !astropy.table.SerializedColumn {name: radial_velocity}
# schema: astropy-2.0
ra,dec,distance,pm_ra_cosdec,pm_dec,radial_velocity
[from data line 2068]
199.66495335964618,-12.993773013143661,6.88408444834712,-8.517275091371639,-7.833285617918117,1.347322740779574e-13
199.67380483356837,-12.98845123695606,6.882744044129659,-8.513066899278996,-7.830663106144939,1.8525687685719145e-13
199.68265821096486,-12.983131721329514,6.881400100080986,-8.508850223526268,-7.828035646450566,6.73661370389787e-14
199.69151349441262,-12.977814468787443,6.880052612553235,-8.504625056882164,-7.825403234398649,9.262843842859572e-14
199.70037068648872,-12.972499481853164,6.878701577898531,-8.500391392115702,-7.822765865552375,1.0104920555846805e-13
199.7092297897703,-12.967186763049867,6.877346992469013,-8.496149221996172,-7.820123535474448,1.5999457546757442e-13
199.71809080683462,-12.961876314900625,6.875988852616808,-8.491898539293166,-7.817476239727113,8.420767129872338e-14
199.72695374025884,-12.956568139928399,6.874627154694048,-8.487639336776569,-7.814823973872137,1.6841534259744677e-13
199.73581859262038,-12.951262240656051,6.873261895052866,-8.48337160721655,-7.812166733470821,1.0946997268834039e-13
199.74468536649658,-12.945958619606307,6.871893070045392,-8.479095343383573,-7.809504514084004,1.4315304120782974e-13
199.7535540644649,-12.940657279301796,6.870520676023756,-8.474810538048393,-7.80683731127206,8.420767129872338e-14
199.76242468910283,-12.935358222265034,6.869144709340095,-8.47051718398204,-7.804165120594882,2.020984111169361e-13
199.77129724298797,-12.930061451018407,6.867765166346535,-8.466215273955846,-7.801487937611924,2.1893994537668078e-13
199.78017172869798,-12.92476696808422,6.866382043395211,-8.461904800741422,-7.798805757882164,7.578690416885104e-14
199.78904814881048,-12.91947477598463,6.864995336838253,-8.457585757110666,-7.7961185769641235,9.262843842859572e-14
199.7979265059033,-12.914184877241716,6.86360504302779,-8.453258135835762,-7.793426390415863,9.262843842859572e-14
199.80680680255418,-12.908897274377427,6.862211158315959,-8.44892192968918,-7.790729193794992,1.768361097273191e-13
199.81568904134107,-12.903611969913603,6.860813679054888,-8.444577131443664,-7.788026982658653,1.4315304120782974e-13
199.82457322484188,-12.898328966371983,6.859412601596709,-8.440223733872257,-7.785319752563545,1.0946997268834039e-13
199.8334593556346,-12.89304826627419,6.858007922293555,-8.435861729748266,-7.782607499065899,2.1051917824680845e-13
199.84234743629736,-12.887769872141735,6.856599637497555,-8.431491111845299,-7.779890217721512,1.2631150694808508e-13
199.85123746940818,-12.882493786496028,6.85518774356084,-8.427111872937228,-7.77716790408572,1.9367764398706378e-13
199.86012945754533,-12.87722001185836,6.853772236835547,-8.42272400579821,-7.774440553713404,1.0104920555846805e-13
199.86902340328697,-12.871948550749929,6.852353113673802,-8.418327503202688,-7.771708162159005,1.9367764398706378e-13
199.87791930921148,-12.866679405691812,6.850930370427738,-8.413922357925374,-7.768970724976516,7.578690416885104e-14
199.8868171778972,-12.861412579204982,6.8495040034494865,-8.409508562741259,-7.766228237719477,1.1789073981821273e-13
199.89571701192253,-12.85614807381031,6.848074009091181,-8.405086110425618,-7.763480695940997,1.347322740779574e-13
199.90461881386597,-12.850885892028552,6.846640383704951,-8.400654993753989,-7.760728095193723,1.768361097273191e-13
199.91352258630607,-12.845626036380366,6.845203123642926,-8.396215205502203,-7.757970431029881,1.2631150694808508e-13
199.9224283318214,-12.840368509386293,6.843762225257243,-8.391766738446345,-7.7552076990012395,1.347322740779574e-13
199.93133605299067,-12.83511331356679,6.842317684900029,-8.387309585362791,-7.752439894659141,1.1789073981821273e-13
199.94024575239257,-12.829860451442183,6.840869498923417,-8.382843739028187,-7.7496670135544825,1.347322740779574e-13
199.94915743260592,-12.824609925532718,6.839417663679539,-8.378369192219441,-7.746889051237723,1.0946997268834039e-13
199.95807109620952,-12.819361738358507,6.837962175520524,-8.37388593771374,-7.744106003258887,1.1789073981821273e-13
199.9669867457823,-12.81411589243958,6.836503030798507,-8.369393968288543,-7.741317865167572,8.420767129872338e-14
199.97590438390316,-12.808872390295871,6.835040225865616,-8.364893276721583,-7.738524632512939,1.5999457546757442e-13
199.98482401315115,-12.803631234447188,6.833573757073989,-8.360383855790841,-7.735726300843713,1.768361097273191e-13
199.9937456361054,-12.798392427413253,6.832103620775751,-8.355865698274597,-7.732922865708198,1.6841534259744677e-13
