galstreams/tracks/track.st.Turranburra.shipp2019.ecsv
# %ECSV 1.0
# ---
# datatype:
# - {name: ra, unit: deg, datatype: float64}
# - {name: dec, unit: deg, datatype: float64}
# - {name: distance, unit: kpc, datatype: float64}
# - {name: pm_ra_cosdec, unit: mas / yr, datatype: float64}
# - {name: pm_dec, unit: mas / yr, datatype: float64}
# - {name: radial_velocity, unit: km / s, datatype: float64}
# delimiter: ','
# meta: !!omap
# - __serialized_columns__:
#     dec:
#       __class__: astropy.coordinates.angles.Latitude
#       unit: &id001 !astropy.units.Unit {unit: deg}
#       value: !astropy.table.SerializedColumn {name: dec}
#     distance:
#       __class__: astropy.coordinates.distances.Distance
#       unit: !astropy.units.Unit {unit: kpc}
#       value: !astropy.table.SerializedColumn {name: distance}
#     pm_dec:
#       __class__: astropy.units.quantity.Quantity
#       unit: !astropy.units.Unit {unit: mas / yr}
#       value: !astropy.table.SerializedColumn {name: pm_dec}
#     pm_ra_cosdec:
#       __class__: astropy.units.quantity.Quantity
#       unit: !astropy.units.Unit {unit: mas / yr}
#       value: !astropy.table.SerializedColumn {name: pm_ra_cosdec}
#     ra:
#       __class__: astropy.coordinates.angles.Longitude
#       unit: *id001
#       value: !astropy.table.SerializedColumn {name: ra}
#       wrap_angle: !astropy.coordinates.Angle
#         unit: *id001
#         value: 360.0
#     radial_velocity:
#       __class__: astropy.units.quantity.Quantity
#       unit: !astropy.units.Unit {unit: km / s}
#       value: !astropy.table.SerializedColumn {name: radial_velocity}
# schema: astropy-2.0
ra,dec,distance,pm_ra_cosdec,pm_dec,radial_velocity
[from data line 140]
61.05442215931121,-19.15989297776895,27.50000000000001,0.3702880652166325,-1.0695066633492716,1000.0000000000003
61.06400672817346,-19.164283730086414,27.500000000000018,0.3703414501100837,-1.069352613286045,1000.0000000000002
61.07359084297635,-19.168675444777623,27.50000000000001,0.3703947436252668,-1.0691982656935006,1000.0000000000002
61.08317450400376,-19.173068121811145,27.500000000000018,0.3704479457059806,-1.0690436205863927,1000.0000000000003
61.09275771153964,-19.177461761155566,27.500000000000014,0.3705010562960034,-1.0688886779794924,1000.0000000000002
61.10234046586804,-19.181856362779534,27.500000000000018,0.37055407533909834,-1.0687334378875826,1000.0000000000002
61.111922767273086,-19.186251926651728,27.50000000000001,0.37060700277901004,-1.0685779003254585,1000.0000000000001
61.121504616039026,-19.190648452740902,27.500000000000018,0.37065983855946305,-1.068422065307924,1000.0000000000002
61.13108601245016,-19.195045941015817,27.500000000000018,0.37071258262416196,-1.0682659328498056,1000.0000000000003
61.14066695679091,-19.199444391445297,27.50000000000001,0.37076523491679714,-1.0681095029659353,1000.0000000000001
61.150247449345834,-19.203843803998254,27.500000000000014,0.3708177953810359,-1.067952775671158,1000.0000000000002
61.1598274903994,-19.208244178643536,27.50000000000001,0.3708702639605326,-1.0677957509803364,1000.0000000000002
61.169407080236354,-19.21264551535013,27.50000000000001,0.3709226405989172,-1.0676384289083414,1000.0000000000001
61.178986219141464,-19.217047814087046,27.50000000000001,0.3709749252398069,-1.06748080947006,1000.0000000000002
61.18856490739961,-19.221451074823328,27.50000000000001,0.37102711782679565,-1.0673228926803913,1000.0000000000007
61.19814314529574,-19.225855297528074,27.50000000000001,0.3710792183034606,-1.0671646785542452,1000.0
61.20772093311487,-19.23026048217043,27.50000000000001,0.3711312266133642,-1.067006167106547,1000.0000000000003
61.217298271142184,-19.234666628719562,27.50000000000001,0.37118314270004404,-1.066847358352236,1000.0000000000001
61.22687515966287,-19.23907373714472,27.50000000000001,0.37123496650702714,-1.06668825230626,1000.0000000000003
61.23645159896227,-19.24348180741517,27.500000000000007,0.3712866979778151,-1.0665288489835842,1000.0000000000002
61.2460275893258,-19.24789083950023,27.50000000000001,0.37133833705589137,-1.0663691483991853,1000.0000000000002
61.25560313103894,-19.252300833369272,27.50000000000001,0.37138988368472736,-1.0662091505680524,1000.0000000000001
61.26517822438728,-19.256711788991694,27.50000000000001,0.3714413378077728,-1.0660488555051884,1000.0000000000002
61.274752869656524,-19.26112370633696,27.50000000000001,0.3714926993684564,-1.0658882632256064,1000.0000000000006
61.284327067132416,-19.26553658537456,27.50000000000001,0.37154396831019376,-1.0657273737443398,1000.0000000000003
61.29390081710085,-19.269950426074036,27.50000000000001,0.3715951445763759,-1.0655661870764246,1000.0000000000002
61.30347411984776,-19.27436522840498,27.50000000000001,0.3716462281103814,-1.065404703236919,1000.0000000000002
61.313046975659205,-19.278780992337026,27.50000000000001,0.37169721885556806,-1.0652429222408881,1000.0000000000002
61.322619384821316,-19.28319771783984,27.50000000000001,0.3717481167552763,-1.0650808441034156,1000.0000000000002
61.3321913476203,-19.287615404883155,27.500000000000007,0.37179892175282836,-1.0649184688395916,1000.0000000000002
61.34176286434258,-19.29203405343676,27.500000000000014,0.37184963379152425,-1.064755796464525,1000.0000000000006
61.3513339352744,-19.29645366347039,27.50000000000001,0.37190025281465244,-1.0645928269933345,1000.0000000000002
61.36090456070235,-19.300874234953962,27.50000000000001,0.37195077876547833,-1.0644295604411513,1000.0000000000002
61.37047474091302,-19.305295767857334,27.500000000000014,0.37200121158724997,-1.0642659968231243,1000.0000000000006
61.38004447619307,-19.309718262150476,27.500000000000014,0.37205155122320077,-1.0641021361544083,1000.0000000000002
61.3896137668293,-19.314141717803363,27.50000000000001,0.37210179761654105,-1.0639379784501783,1000.0000000000006
61.399182613108565,-19.318566134786032,27.50000000000001,0.3721519507104638,-1.0637735237256165,1000.0000000000003
61.40875101531781,-19.322991513068548,27.500000000000014,0.37220201044814827,-1.0636087719959209,1000.0000000000002
61.41831897374408,-19.327417852621036,27.50000000000001,0.37225197677275323,-1.0634437232763032,1000.0000000000002
61.427886488674524,-19.331845153413646,27.50000000000001,0.37230184962741264,-1.0632783775819874,1000.0000000000002
61.43745356039637,-19.3362734154166,27.50000000000001,0.3723516289552542,-1.0631127349282092,1000.0000000000003
61.44702018919694,-19.340702638600142,27.50000000000001,0.3724013146993772,-1.0629467953302196,1000.0000000000001
61.456586375363635,-19.345132822934563,27.500000000000018,0.3724509068028681,-1.0627805588032802,1000.0000000000002
61.46615211918394,-19.3495639683902,27.500000000000007,0.37250040520879946,-1.0626140253626684,1000.0000000000002
61.47571742094547,-19.353996074937427,27.500000000000007,0.3725498098602138,-1.0624471950236734,1000.0000000000001
61.48528228093591,-19.358429142546687,27.500000000000007,0.3725991207001442,-1.062280067801595,1000.0000000000002
61.49484669944304,-19.36286317118843,27.500000000000014,0.3726483376716039,-1.0621126437117523,1000.0000000000006
61.50441067675468,-19.367298160833183,27.50000000000001,0.37269746071759124,-1.0619449227694697,1000.0000000000002
61.513974213158846,-19.371734111451484,27.50000000000001,0.3727464897810795,-1.0617769049900918,1000.0000000000002
61.52353730894355,-19.37617102301395,27.50000000000001,0.37279542480502625,-1.0616085903889712,1000.0000000000001
61.53309996439698,-19.380608895491246,27.500000000000014,0.3728442657323794,-1.061439978981475,1000.0000000000003
61.54266217980727,-19.385047728853987,27.500000000000014,0.3728930125060561,-1.0612710707829853,1000.0000000000002
61.5522239554628,-19.389487523072955,27.50000000000001,0.37294166506896076,-1.0611018658088947,1000.0000000000006
61.561785291651965,-19.393928278118906,27.50000000000001,0.3729902233639857,-1.0609323640746107,1000.0000000000002
61.57134618866327,-19.398369993962664,27.500000000000007,0.3730386873339948,-1.0607625655955522,1000.0000000000002
61.580906646785316,-19.402812670575074,27.500000000000018,0.37308705692184185,-1.060592470387153,1000.0000000000006
61.59046666630679,-19.40725630792705,27.500000000000018,0.37313533207035876,-1.0604220784648595,1000.0000000000001
61.60002624751646,-19.411700905989537,27.500000000000018,0.37318351272235883,-1.0602513898441304,1000.0000000000001
61.60958539070319,-19.416146464733522,27.500000000000018,0.3732315988206447,-1.060080404540439,1000.0000000000002
61.619144096155935,-19.42059298413003,27.50000000000001,0.37327959030798974,-1.0599091225692696,1000.0000000000003
61.62870236416376,-19.425040464150154,27.500000000000018,0.37332748712715924,-1.0597375439461194,1000.0000000000006
61.638260195015775,-19.429488904764995,27.500000000000014,0.373375289220895,-1.0595656686865027,1000.0000000000003
61.64781758900125,-19.433938305945713,27.50000000000001,0.3734229965319207,-1.0593934968059435,1000.0000000000006
61.65737454640948,-19.43838866766351,27.500000000000018,0.37347060900294604,-1.059221028319981,1000.0000000000006
61.666931067529866,-19.44283998988964,27.500000000000007,0.3735181265766614,-1.0590482632441645,1000.0000000000002
61.67648715265194,-19.447292272595394,27.500000000000007,0.3735655491957379,-1.058875201594058,1000.0000000000002
61.68604280206529,-19.4517455157521,27.500000000000018,0.37361287680282684,-1.0587018433852382,1000.0000000000002
61.69559801605959,-19.456199719331124,27.50000000000001,0.3736601093405687,-1.0585281886332991,1000.0000000000003
61.70515279492463,-19.460654883303896,27.50000000000001,0.37370724675157785,-1.0583542373538406,1000.0000000000006
61.71470713895027,-19.465111007641863,27.500000000000018,0.37375428897845575,-1.0581799895624822,1000.0000000000002
61.72426104842652,-19.46956809231657,27.50000000000001,0.373801235963787,-1.0580054452748513,1000.0000000000002
61.733814523643325,-19.474026137299493,27.500000000000007,0.3738480876501358,-1.0578306045065937,1000.0000000000002
61.743367564890896,-19.478485142562242,27.500000000000018,0.37389484398004535,-1.057655467273364,1000.0000000000006
61.75292017245944,-19.482945108076468,27.50000000000001,0.3739415048960475,-1.0574800335908319,1000.0
61.762472346639306,-19.487406033813834,27.50000000000001,0.37398807034065396,-1.057304303474679,1000.0000000000006
61.772024087720894,-19.491867919746042,27.50000000000001,0.3740345402563583,-1.057128276940603,1000.0000000000006
61.781575395994714,-19.496330765844863,27.50000000000001,0.37408091458563497,-1.056951954004313,1000.0000000000003
61.791126271751345,-19.500794572082086,27.50000000000001,0.37412719327094424,-1.0567753346815278,1000.0000000000002
61.80067671528152,-19.505259338429564,27.50000000000001,0.3741733762547237,-1.0565984189879862,1000.0000000000006
61.81022672687597,-19.50972506485917,27.500000000000007,0.37421946347939583,-1.0564212069394365,1000.0000000000002
61.819776306825595,-19.51419175134283,27.500000000000007,0.37426545488736673,-1.0562436985516381,1000.0000000000003
61.82932545542135,-19.518659397852502,27.500000000000007,0.37431135042102426,-1.0560658938403686,1000.0000000000002
61.83887417295427,-19.52312800436022,27.500000000000007,0.3743571500227354,-1.0558877928214132,1000.0000000000002
61.84842245971553,-19.527597570838026,27.500000000000014,0.37440285363485293,-1.0557093955105734,1000.0000000000002
61.85797031599635,-19.532068097258005,27.500000000000007,0.3744484611997114,-1.0555307019236682,1000.0000000000003
61.86751774208806,-19.53653958359229,27.50000000000001,0.3744939726596259,-1.0553517120765203,1000.0000000000002
61.87706473828207,-19.541012029813068,27.50000000000001,0.374539387956895,-1.0551724259849733,1000.0000000000002
61.886611304869895,-19.54548543589256,27.50000000000001,0.3745847070338004,-1.0549928436648779,1000.0000000000002
61.89615744214313,-19.54995980180302,27.500000000000007,0.3746299298326048,-1.0548129651321054,1000.0000000000002
61.905703150393464,-19.554435127516747,27.500000000000007,0.37467505629555564,-1.0546327904025343,1000.0000000000003
61.91524842991276,-19.558911413006125,27.500000000000007,0.37472008636487697,-1.054452319492059,1000.0000000000002
61.924793280992745,-19.56338865824347,27.500000000000007,0.3747650199827821,-1.0542715524165867,1000.0000000000002
61.934337703925465,-19.567866863201246,27.50000000000001,0.37480985709146264,-1.0540904891920362,1000.0000000000003
61.94388169900297,-19.572346027851918,27.500000000000004,0.3748545976330928,-1.0539091298343433,1000.0000000000001
61.953425266517414,-19.576826152167996,27.50000000000001,0.37489924154983134,-1.0537274743594534,1000.0000000000006
61.96296840676101,-19.58130723612204,27.50000000000001,0.3749437887838192,-1.0535455227833266,1000.0
61.97251112002611,-19.58578927968663,27.500000000000004,0.3749882392771764,-1.0533632751219355,1000.0000000000002
61.98205340660514,-19.59027228283441,27.500000000000007,0.37503259297200797,-1.053180731391266,1000.0000000000003
61.9915952667906,-19.594756245538058,27.500000000000007,0.37507684981040335,-1.052997891607319,1000.0000000000003
62.001136700875094,-19.599241167770273,27.50000000000001,0.37512100973442797,-1.0528147557861085,1000.0000000000002
62.010677709151324,-19.60372704950384,27.500000000000014,0.37516507268613797,-1.0526313239436575,1000.0000000000006
62.02021829191205,-19.608213890711536,27.500000000000004,0.3752090386075677,-1.0524475960960102,1000.0000000000003
62.02975844945019,-19.612701691366215,27.500000000000004,0.37525290744073114,-1.0522635722592142,1000.0000000000002
62.03929818205871,-19.617190451440745,27.50000000000001,0.375296679127628,-1.0520792524493396,1000.0000000000002
62.04883749003064,-19.62168017090807,27.50000000000001,0.3753403536102433,-1.0518946366824617,1000.0000000000006
62.058376373659144,-19.62617084974114,27.500000000000004,0.3753839308305409,-1.0517097249746765,1000.0000000000001
62.06791483323748,-19.63066248791296,27.50000000000001,0.37542741073046404,-1.0515245173420884,1000.0000000000002
62.07745286905895,-19.635155085396573,27.50000000000001,0.3754707932519481,-1.051339013800817,1000.0000000000003
62.086990481417025,-19.63964864216507,27.50000000000001,0.3755140783368991,-1.0511532143669942,1000.0000000000002
62.096527670605184,-19.64414315819158,27.50000000000001,0.37555726592721594,-1.0509671190567675,1000.0000000000002
62.106064436917094,-19.6486386334493,27.500000000000018,0.3756003559647749,-1.0507807278862917,1000.0000000000006
62.11560078064637,-19.65313506791138,27.500000000000004,0.37564334839143454,-1.0505940408717436,1000.0000000000003
62.12513670208683,-19.657632461551096,27.500000000000007,0.37568624314903776,-1.0504070580293052,1000.0000000000002
62.134672201532375,-19.662130814341737,27.500000000000007,0.3757290401794089,-1.0502197793751793,1000.0000000000003
62.14420727927697,-19.66663012625664,27.50000000000001,0.3757717394243558,-1.0500322049255755,1000.0000000000002
62.15374193561467,-19.67113039726917,27.500000000000007,0.3758143408256709,-1.0498443346967186,1000.0000000000002
62.16327617083966,-19.67563162735275,27.500000000000007,0.37585684432512245,-1.049656168704849,1000.0000000000003
62.17280998524615,-19.680133816480815,27.50000000000001,0.37589924986446865,-1.0494677069662193,1000.0000000000002
62.182343379128504,-19.684636964626865,27.50000000000001,0.37594155738544766,-1.0492789494970935,1000.0000000000006
62.19187635278116,-19.689141071764446,27.500000000000007,0.3759837668297781,-1.0490898963137507,1000.0000000000001
62.20140890649862,-19.693646137867113,27.500000000000004,0.37602587813916344,-1.0489005474324844,1000.0000000000002
62.21094104057551,-19.698152162908496,27.50000000000001,0.3760678912552917,-1.0487109028695976,1000.0000000000001
62.22047275530652,-19.70265914686223,27.500000000000007,0.37610980611982914,-1.0485209626414118,1000.0000000000003
62.23000405098645,-19.707167089702025,27.50000000000001,0.3761516226744277,-1.0483307267642576,1000.0000000000002
62.23953492791021,-19.711675991401616,27.500000000000007,0.3761933408607212,-1.0481401952544798,1000.0000000000002
62.249065386372756,-19.71618585193476,27.50000000000001,0.37623496062032613,-1.0479493681284402,1000.0000000000003
62.25859542666917,-19.72069667127529,27.500000000000007,0.37627648189484075,-1.0477582454025076,1000.0000000000001
62.26812504909459,-19.72520844939705,27.50000000000001,0.3763179046258518,-1.0475668270930698,1000.0000000000003
62.277654253944306,-19.72972118627395,27.50000000000001,0.376359228754918,-1.0473751132165234,1000.0000000000001
62.28718304151364,-19.7342348818799,27.50000000000001,0.3764004542235879,-1.0471831037892843,1000.0000000000001
62.296711412098084,-19.738749536188926,27.500000000000007,0.37644158097339586,-1.0469907988277747,1000.0000000000003
62.30623936599306,-19.74326514917497,27.500000000000007,0.37648260894584995,-1.0467981983484358,1000.0000000000002
62.31576690349424,-19.747781720812124,27.50000000000001,0.37652353808244765,-1.046605302367717,1000.0000000000003
62.32529402489734,-19.75229925107448,27.500000000000007,0.3765643683246691,-1.0464121109020876,1000.0000000000002
62.33482073049816,-19.756817739936157,27.500000000000007,0.37660509961397315,-1.046218623968025,1000.0000000000006
62.34434702059259,-19.761337187371346,27.50000000000001,0.3766457318918044,-1.0460248415820224,1000.0000000000003
62.35387289547661,-19.765857593354255,27.500000000000004,0.3766862650995897,-1.0458307637605841,1000.0000000000002
62.36339835544633,-19.77037895785914,27.50000000000001,0.37672669917873813,-1.0456363905202326,1000.0000000000003
62.37292340079786,-19.77490128086029,27.500000000000007,0.37676703407064593,-1.0454417218774958,1000.0000000000006
