galstreams/tracks/track.st.NGC3201.ibata2021.ecsv
# %ECSV 1.0
# ---
# datatype:
# - {name: ra, unit: deg, datatype: float64}
# - {name: dec, unit: deg, datatype: float64}
# - {name: distance, unit: kpc, datatype: float64}
# - {name: pm_ra_cosdec, unit: mas / yr, datatype: float64}
# - {name: pm_dec, unit: mas / yr, datatype: float64}
# - {name: radial_velocity, unit: km / s, datatype: float64}
# delimiter: ','
# meta: !!omap
# - __serialized_columns__:
#     dec:
#       __class__: astropy.coordinates.angles.Latitude
#       unit: &id001 !astropy.units.Unit {unit: deg}
#       value: !astropy.table.SerializedColumn {name: dec}
#     distance:
#       __class__: astropy.coordinates.distances.Distance
#       unit: !astropy.units.Unit {unit: kpc}
#       value: !astropy.table.SerializedColumn {name: distance}
#     pm_dec:
#       __class__: astropy.units.quantity.Quantity
#       unit: !astropy.units.Unit {unit: mas / yr}
#       value: !astropy.table.SerializedColumn {name: pm_dec}
#     pm_ra_cosdec:
#       __class__: astropy.units.quantity.Quantity
#       unit: !astropy.units.Unit {unit: mas / yr}
#       value: !astropy.table.SerializedColumn {name: pm_ra_cosdec}
#     ra:
#       __class__: astropy.coordinates.angles.Longitude
#       unit: *id001
#       value: !astropy.table.SerializedColumn {name: ra}
#       wrap_angle: !astropy.coordinates.Angle
#         unit: *id001
#         value: 360.0
#     radial_velocity:
#       __class__: astropy.units.quantity.Quantity
#       unit: !astropy.units.Unit {unit: km / s}
#       value: !astropy.table.SerializedColumn {name: radial_velocity}
# schema: astropy-2.0
ra,dec,distance,pm_ra_cosdec,pm_dec,radial_velocity
[from data line 573]
155.11476913161957,-46.519253001196,4.6402424059921525,8.134393700466793,-1.935718095698192,548.0992832938609
155.12898301912372,-46.52145730048009,4.6406044696567355,8.129880430334213,-1.9343473083229927,547.9098133424153
155.14319780715573,-46.52366060920534,4.640970874602657,8.125351488642336,-1.932978674066554,547.7158819452114
155.15741349953177,-46.52586291502934,4.6413416131976755,8.120806970480357,-1.9316121697042306,547.5175070208855
155.17163010005564,-46.52806420560773,4.641716677809541,8.116246970917523,-1.9302477719469469,547.3147064880756
155.185847612519,-46.5302644685942,4.642096060806004,8.11167158500307,-1.9288854574411722,547.1074982654179
155.20006604070105,-46.53246369164054,4.642479754554823,8.107080907766175,-1.9275252027689547,546.8959002715494
155.21428538836852,-46.534661862396604,4.6428677514237435,8.102475034215987,-1.9261669844478941,546.6799304251072
155.22850565927607,-46.53685896851034,4.643260043780524,8.09785405934149,-1.9248107789311035,546.4596066447283
155.24272685716576,-46.53905499762775,4.6436566239929125,8.093218078111573,-1.9234565626072744,546.23494684905
155.25694898576734,-46.541249937392934,4.644057484428663,8.088567185474949,-1.9221043118006378,546.0059689567087
155.27117204879835,-46.543443775448104,4.644462617455529,8.08390147636011,-1.9207540027709253,545.7726908863418
155.28539604996374,-46.54563649943355,4.644872015441262,8.079221045675329,-1.919405611713449,545.535130556586
155.2996209929562,-46.54782809698764,4.645285670753615,8.07452598830858,-1.9180591147590054,545.2933058860784
155.31384688145596,-46.55001855574686,4.64570357576034,8.06981639912756,-1.916714487973934,545.0472347934559
155.32807371913083,-46.552207863345814,4.646125722829189,8.065092372979606,-1.9153717073601086,544.7969351973555
155.34230150963623,-46.554396007417175,4.646552104327916,8.06035400469169,-1.914030748854893,544.5424250164144
155.35653025661526,-46.55658297559179,4.646982712624272,8.055601389070391,-1.9126915883311604,544.2837221692694
155.37075996369848,-46.55876875549854,4.6474175400860105,8.050834620901824,-1.9113542015973035,544.0208445745571
155.38499063450402,-46.56095333476448,4.647856579080884,8.046053794951652,-1.9100185643972125,543.7538101509151
155.39922227263756,-46.56313670101477,4.648299821976645,8.041259005965019,-1.9086846524102619,543.4826368169801
155.41345488169236,-46.5653188418727,4.648747261141043,8.036450348666536,-1.9073524412513265,543.2073424913889
155.42768846524928,-46.56749974495969,4.649198888941837,8.031627917760225,-1.9060219064707713,542.9279450927786
155.44192302687657,-46.56967939789526,4.649654697746772,8.026791807929522,-1.9046930235544313,542.6444625397863
155.45615857013016,-46.571857788297116,4.650114679923606,8.021942113837198,-1.9033657679236136,542.3569127510491
155.47039509855333,-46.57403490378106,4.650578827840089,8.017078930125374,-1.9020401149351134,542.0653136452034
155.48463261567707,-46.57621073196108,4.651047133863974,8.01220235141543,-1.9007160398811624,541.7696831408869
155.4988711250197,-46.578385260449274,4.651519590363014,8.00731247230803,-1.8993935179894734,541.4700391567359
155.51311063008708,-46.5805584768559,4.6519961897049615,8.002409387383047,-1.8980725244232044,541.1663996113876
155.5273511343726,-46.582730368789356,4.652476924257566,7.997493191199554,-1.8967530342809553,540.8587824234794
155.5415926413571,-46.58490092385624,4.652961786388586,7.992563978295738,-1.895435022596768,540.5472055116477
155.5558351545089,-46.587070129661264,4.653450768465769,7.987621843188969,-1.8941184643401492,540.2316867945298
155.5700786772838,-46.589237973807315,4.653943862856868,7.982666880375655,-1.8928033344159783,539.9122441907624
155.58432321312497,-46.59140444389548,4.6544410619296395,7.977699184331269,-1.891489607664596,539.5888956189829
155.59856876546314,-46.593569527524956,4.65494235805183,7.972718849510313,-1.8901772588617671,539.2616589978278
155.61281533771637,-46.595733212293176,4.655447743591195,7.967725970346257,-1.8888662627186434,538.9305522459345
155.6270629332902,-46.59789548579571,4.6559572109154885,7.962720641251524,-1.8875565938817935,538.5955932819396
155.64131155557763,-46.600056335626334,4.656470752392462,7.957702956617463,-1.88624822693318,538.2568000244804
155.65556120795904,-46.60221574937699,4.656988360389866,7.952673010814287,-1.8849411363901662,537.9141903921934
155.6698118938022,-46.60437371463783,4.657510027275455,7.947630898191053,-1.883635296705469,537.5677823037161
155.68406361646228,-46.60653021899717,4.6580357454169805,7.942576713075654,-1.882330682267229,537.2175936776853
155.69831637928186,-46.608685250041546,4.658565507182195,7.937510549774729,-1.8810272673989292,536.8636424327378
155.7125701855909,-46.61083879535568,4.659099304938853,7.932432502573696,-1.879725026359429,536.5059464875109
155.72682503870675,-46.612990842522514,4.659637131054704,7.927342665736634,-1.8784239333429245,536.1445237606413
155.74108094193406,-46.61514137912317,4.660178977897503,7.922241133506334,-1.877123962478997,535.7793921707658
155.7553378985649,-46.617290392737004,4.660724837835001,7.917128000104204,-1.875825087832533,535.4105696365219
155.76959591187867,-46.61943787094158,4.66127470323495,7.912003359730273,-1.8745272834037845,535.0380740765463
155.7838549851421,-46.62158380131266,4.661828566465104,7.906867306563125,-1.8732305231283206,534.6619234094757
155.7981151216093,-46.62372817142427,4.662386419893215,7.901719934759883,-1.8719347808770284,534.2821355539476
155.81237632452164,-46.6258709688486,4.662948255887036,7.896561338456176,-1.8706400304561157,533.8987284285987
155.82663859710786,-46.62801218115612,4.663514066814318,7.8913916117660845,-1.8693462456070957,533.5117199520658
155.84090194258394,-46.630151795915516,4.664083845042814,7.886210848782139,-1.8680534000067777,533.1211280429865
155.8551663641533,-46.63228980069368,4.664657582940277,7.881019143575236,-1.8667614672672581,532.7269706199968
155.86943186500648,-46.6344261830558,4.665235272874461,7.875816590194657,-1.8654704209359227,532.3292656017345
155.88369844832135,-46.63656093056527,4.665816907213115,7.870603282668006,-1.8641802344954375,531.9280309068363
155.8979661172632,-46.63869403078371,4.6664024783239935,7.865379315001168,-1.862890881363727,531.5232844539388
155.91223487498445,-46.64082547127105,4.666991978574849,7.860144781178283,-1.861602334893968,531.1150441616797
155.92650472462472,-46.642955239585405,4.667585400333433,7.8548997751617256,-1.8603145683746192,530.7033279486955
155.9407756693111,-46.64508332328319,4.668182735967501,7.849644390892029,-1.8590275550293445,530.2881537336233
155.9550477121577,-46.64720970991908,4.668783977844802,7.844378722287909,-1.8577412680170653,529.8695394351
155.969320856266,-46.649334387046004,4.669389118333089,7.8391028632461826,-1.8564556804319245,529.4475029717627
155.98359510472466,-46.65145734221514,4.669998149800117,7.833816907641716,-1.8551707653032903,529.0220622622483
155.99787046060956,-46.65357856297597,4.6706110646136345,7.828520949327481,-1.8538864955957184,528.5932352251936
156.01214692698377,-46.65569803687624,4.671227855141398,7.823215082134404,-1.852602844208981,528.1610397792357
156.02642450689765,-46.65781575146194,4.671848513751158,7.8178993998714095,-1.8513197839780666,527.7254938430119
156.0407032033887,-46.65993169427742,4.672473032810667,7.812573996325355,-1.8500372876731017,527.2866153351588
156.05498301948148,-46.66204585286523,4.673101404687677,7.807238965261013,-1.8487553279994096,526.8444221743132
156.06926395818797,-46.664158214766275,4.673733621749942,7.801894400420993,-1.8474738775974888,526.3989322791126
156.08354602250716,-46.666268767519696,4.674369676365212,7.796540395525767,-1.8461929090429852,525.9501635681936
156.09782921542524,-46.66837749866299,4.675009560901244,7.79117704427359,-1.8449123948466912,525.4981339601934
156.1121135399155,-46.670484395731904,4.675653267725787,7.78580444034049,-1.8436323074545378,525.0428613737487
156.12639899893847,-46.672589446260524,4.676300789206591,7.780422677380198,-1.8423526192475954,524.5843637274967
156.1406855954418,-46.674692637781206,4.676952117711416,7.775031849024144,-1.8410733025420534,524.1226589400743
156.15497333236016,-46.676793957824664,4.677607245608007,7.769632048881429,-1.8397943295891945,523.6577649301183
156.16926221261545,-46.6788933939199,4.678266165264121,7.764223370538751,-1.8385156725754275,523.1896996162662
156.18355223911666,-46.68099093359421,4.6789288690475095,7.758805907560399,-1.837237303622258,522.7184809171542
156.1978434147599,-46.68308656437327,4.679595349325923,7.753379753488203,-1.8359591947862377,522.24412675142
156.2121357424283,-46.68518027378103,4.680265598467118,7.747945001841514,-1.8346813180590278,521.7666550377002
156.22642922499213,-46.68727204933981,4.680939608838843,7.742501746117153,-1.8334036453673495,521.2860836946319
156.24072386530875,-46.689361878570224,4.681617372808852,7.737050079789379,-1.8321261485729519,520.802430640852
156.25501966622255,-46.69144974899124,4.682298882744897,7.731590096309864,-1.8308487994726832,520.3157137949972
156.26931663056502,-46.69353564812019,4.682984131014733,7.726121889107624,-1.829571569798354,519.8259510757051
156.28361476115467,-46.69561956347271,4.68367310998611,7.720645551589033,-1.828294431216852,519.3331604016123
156.29791406079707,-46.6977014825628,4.684365812026779,7.715161177137751,-1.8270173553300815,518.8373596913557
156.3122145322848,-46.69978139290281,4.685062229504497,7.709668859114696,-1.8257403136749257,518.3385668635722
156.32651617839755,-46.70185928200346,4.6857623547870135,7.704168690858002,-1.8244632777232734,517.8367998368993
156.34081900190193,-46.70393513737381,4.686466180242081,7.698660765683011,-1.8231862188820003,517.3320765299736
156.3551230055516,-46.70600894652129,4.687173698237452,7.69314517688219,-1.8219091084929602,516.8244148614317
156.36942819208724,-46.70808069695169,4.6878849011408805,7.687622017725152,-1.8206319178329657,516.3138327499114
156.38373456423653,-46.710150376169175,4.688599781320118,7.682091381458558,-1.81935461811379,515.8003481140489
156.3980421247141,-46.712217971676296,4.689318331142918,7.676553361306126,-1.8180771804821276,515.2839788724817
156.41235087622152,-46.714283470973946,4.690040542977029,7.671008050468593,-1.8167995760196618,514.7647429438467
156.42666082144746,-46.71634686156143,4.690766409190208,7.665455542123638,-1.8155217757429334,514.2426582467804
156.44097196306743,-46.718408130936425,4.691495922150207,7.659895929425891,-1.814243750603426,513.7177426999204
156.45528430374395,-46.720467266595,4.692229074224776,7.654329305506888,-1.812965471487539,513.1900142219035
156.46959784612645,-46.72252425603162,4.69296585778167,7.6487557634750045,-1.8116869092165455,512.6594907313664
156.48391259285134,-46.724579086739126,4.69370626518864,7.643175396415454,-1.8104080345465885,512.1261901469464
156.49822854654192,-46.72663174620879,4.694450288813439,7.637588297390235,-1.8091288181687037,511.5901303872802
156.5125457098084,-46.72868222193025,4.6951979210238175,7.631994559438109,-1.807849230708781,511.051329371005
156.52686408524792,-46.730730501391584,4.695949154187533,7.626394275574522,-1.806569242727548,510.5098050167577
156.54118367544456,-46.73277657207926,4.696703980672333,7.620787538791632,-1.8052888247205665,509.96557524317507
156.5555044829692,-46.734820421478176,4.6974623928459724,7.615174442058217,-1.804007947118249,509.41865796889425
156.56982651037973,-46.73686203707162,4.698224383076202,7.609555078319675,-1.8027265802858032,508.86907111255243
156.58414976022075,-46.73890140634133,4.698989943730777,7.60392954049796,-1.8014446945232354,508.31683259278634
156.5984742350239,-46.74093851676746,4.69975906717745,7.598297921491566,-1.8001622600653615,507.761960328233
156.61279993730759,-46.74297335582859,4.700531745783969,7.592660314175481,-1.798879247081766,507.2044722375293
156.62712686957704,-46.745005911001726,4.701307971918088,7.587016811401155,-1.79759562567682,506.64438623931227
156.64145503432445,-46.74703616976232,4.702087737947565,7.5813675059964325,-1.7963113658896326,506.0817202522189
156.6557844340287,-46.74906411958427,4.702871036240144,7.575712490765599,-1.7950264376940765,505.5164921948861
156.67011507115558,-46.751089747939915,4.703657859163585,7.570051858489229,-1.793740810998747,504.9487199859512
156.68444694815767,-46.753113042300015,4.704448199085636,7.564385701924247,-1.792454455646988,504.3784215440506
156.69878006747442,-46.755133990133835,4.705242048374053,7.558714113803823,-1.7911673414168163,503.8056147878217
156.71311443153195,-46.757152578909036,4.706039399396584,7.5530371868373996,-1.7898794380210035,503.23031763590114
156.72745004274333,-46.75916879609178,4.706840244520984,7.547355013710578,-1.788590715106963,502.6525480069263
156.7417869035083,-46.76118262914666,4.707644576115006,7.541667687085153,-1.7873011422568066,502.0723238195337
156.75612501621342,-46.76319406553677,4.7084523865464005,7.535975299599042,-1.7860106889873268,501.48966299236065
156.770464383232,-46.76520309272366,4.709263668182923,7.530277943866233,-1.784719324749938,500.9045834440441
156.7848050069241,-46.767209698167335,4.710078413392322,7.524575712476789,-1.7834270189307198,500.31710309322096
156.79914688963657,-46.7692138693263,4.710896614542354,7.518868697996767,-1.7821337408503943,499.72723985852804
156.81349003370298,-46.77121559365753,4.711718264000768,7.513156992968227,-1.7808394597642767,499.1350116586026
156.8278344414436,-46.7732148586165,4.71254335413532,7.507440689909133,-1.7795441448622942,498.5404364120814
156.8421801151654,-46.775211651657145,4.713371877313762,7.5017198813134005,-1.7782477652689916,497.9435320376016
156.85652705716222,-46.77720596023192,4.714203825903842,7.49599465965076,-1.7769502900434748,497.3443164537998
156.87087526971445,-46.779197771791765,4.715039192273316,7.490265117366802,-1.7756516881794209,496.7428075793134
156.88522475508924,-46.781187073786135,4.715877968789938,7.4845313468829096,-1.7743519286050855,496.1390233327791
156.8995755155404,-46.783173853662966,4.716720147821458,7.478793440596205,-1.7730509801832568,495.53298163283415
156.91392755330844,-46.78515809886871,4.717565721735629,7.473051490879534,-1.7717488117112516,494.9247003981152
156.92828087062057,-46.78713979684834,4.718414682900202,7.46730559008143,-1.7704453919209353,494.31419754725954
156.94263546969066,-46.78911893504533,4.719267023682934,7.461555830526038,-1.7691406894786397,493.70149099890386
156.95699135271914,-46.7910955009017,4.720122736451573,7.45580230451315,-1.767834672985245,493.08659867168524
156.97134852189322,-46.79306948185794,4.720981813573874,7.450045104318093,-1.7665273109760822,492.46953848424073
156.98570697938666,-46.79504086535313,4.721844247417587,7.444284322191737,-1.7652185719209683,491.850328355207
157.00006672735992,-46.79700963882484,4.722710030350468,7.438520050360444,-1.7639084242241836,491.2289862032215
157.01442776796003,-46.798975789709196,4.723579154740267,7.432752381026021,-1.7625968362244482,490.60552994692114
157.0287901033206,-46.80093930544082,4.724451612954737,7.426981406365706,-1.7612837761949347,489.9799775049425
157.04315373556196,-46.80290017345295,4.72532739736163,7.421207218532093,-1.759969212343199,489.35234679592276
157.05751866679094,-46.80485838117731,4.7262065003287,7.41542990965315,-1.758653112811265,488.72265573849893
157.07188489910098,-46.80681391604418,4.727088914223698,7.409649571832121,-1.7573354456755155,488.0909222513079
157.0862524345721,-46.80876676548241,4.7279746314143765,7.403866297147525,-1.756016178946723,487.45716425298684
157.10062127527092,-46.81071691691941,4.72886364426849,7.398080177653115,-1.7546952805700489,486.8213996621724
157.11499142325056,-46.81266435778115,4.729755945153787,7.392291305377826,-1.7533727184249948,486.1836463975017
157.12936288055081,-46.814609075492136,4.7306515264380256,7.386499772325741,-1.7520484603254332,485.543922377612
