galstreams/tracks/track.st.M68.palau2019.ecsv
# %ECSV 0.9
# ---
# datatype:
# - {name: ra, unit: deg, datatype: float64}
# - {name: dec, unit: deg, datatype: float64}
# - {name: distance, unit: kpc, datatype: float64}
# - {name: pm_ra_cosdec, unit: mas / yr, datatype: float64}
# - {name: pm_dec, unit: mas / yr, datatype: float64}
# - {name: radial_velocity, unit: km / s, datatype: float64}
# delimiter: ','
# meta: !!omap
# - __serialized_columns__:
#     dec:
#       __class__: astropy.coordinates.angles.Latitude
#       unit: &id001 !astropy.units.Unit {unit: deg}
#       value: !astropy.table.SerializedColumn {name: dec}
#     distance:
#       __class__: astropy.coordinates.distances.Distance
#       unit: !astropy.units.Unit {unit: kpc}
#       value: !astropy.table.SerializedColumn {name: distance}
#     pm_dec:
#       __class__: astropy.units.quantity.Quantity
#       unit: !astropy.units.Unit {unit: mas / yr}
#       value: !astropy.table.SerializedColumn {name: pm_dec}
#     pm_ra_cosdec:
#       __class__: astropy.units.quantity.Quantity
#       unit: !astropy.units.Unit {unit: mas / yr}
#       value: !astropy.table.SerializedColumn {name: pm_ra_cosdec}
#     ra:
#       __class__: astropy.coordinates.angles.Longitude
#       unit: *id001
#       value: !astropy.table.SerializedColumn {name: ra}
#       wrap_angle: !astropy.coordinates.Angle
#         unit: *id001
#         value: 360.0
#     radial_velocity:
#       __class__: astropy.units.quantity.Quantity
#       unit: !astropy.units.Unit {unit: km / s}
#       value: !astropy.table.SerializedColumn {name: radial_velocity}
# schema: astropy-2.0
ra,dec,distance,pm_ra_cosdec,pm_dec,radial_velocity
190.12041338399086,-47.321095462024054,8.267093786483217,-2.218288476264809,1.002710526163388,1.2631150694808506e-14
190.05166644689345,-46.63095331718099,8.148206721779237,-2.2439287153236345,1.016506694203103,4.210383564936169e-15
189.99070122064975,-45.941006295206165,8.031780111631772,-2.268840220558815,1.0311452676219108,1.2631150694808506e-14
189.93714422546026,-45.25129207385045,7.917792046100337,-2.2930189732199757,1.0466101261633156,2.1051917824680846e-14
189.89064581124427,-44.56184552437572,7.806220615244453,-2.316462001605087,1.0628856217070646,1.6841534259744676e-14
189.85087842240483,-43.872698916819886,7.697043909123637,-2.3391672862278092,1.079956548020648,1.6841534259744676e-14
189.81753500867586,-43.18388210780857,7.59024001779741,-2.3611336734538018,1.097808112014862,8.420767129872338e-15
189.79032756840044,-42.49542271263982,7.485787031325289,-2.3823607967366973,1.1164259064616617,0.0
189.76898581197585,-41.80734626318023,7.383663039766797,-2.4028490046824578,1.135795884124672,8.420767129872338e-15
189.75325593443952,-41.11967635294238,7.283846133181449,-2.4225992952570796,1.155904333247572,-8.420767129872338e-15
189.74289948727392,-40.432434770568,7.186314401628767,-2.4416132555283583,1.1767378543423357,2.1051917824680846e-14
189.73769234049695,-39.74564162281134,7.091045935168269,-2.4598930063993,1.1982833382177287,4.210383564936169e-15
189.73742372698499,-39.059315448001584,6.998018823859472,-2.4774411518496118,1.2205279451880127,1.2631150694808506e-14
189.74189536176698,-38.37347332086278,6.907211157761902,-2.494260732253714,1.2434590854022476,1.6841534259744676e-14
189.7509206297321,-37.68813094947875,6.81860102693507,-2.5103551813896923,1.2670644002357547,2.947268495455318e-14
189.76432383582713,-37.003302765110924,6.7321665214385025,-2.525728286794223,1.2913317446868473,4.210383564936169e-15
189.78193951238555,-36.31900200550615,6.647885731331712,-2.5403841531545504,1.3162491707239337,1.6841534259744676e-14
189.80361177874005,-35.63524079226774,6.565736746674222,-2.55432716846053,1.3418049115302257,1.2631150694808506e-14
189.82919374872384,-34.95203020280726,6.485697657525553,-2.5675619726680736,1.3679873665956255,1.2631150694808506e-14
189.85854698207902,-34.26938033734451,6.407746553945218,-2.5800934286505885,1.3947850876077166,8.420767129872338e-15
189.89154097615622,-33.587300381377155,6.331861525992742,-2.59192659523736,1.4221867650962023,0.0
189.92805269462252,-32.90579866400281,6.258020663727642,-2.6030667021578755,1.4501812157875142,1.2631150694808506e-14
189.9679661301931,-32.22488271243947,6.186202057209437,-2.613519126728833,1.4787573706286423,2.5262301389617013e-14
190.0111718986707,-31.544559303058563,6.116383796497646,-2.6232893721365333,1.5079042634415076,1.2631150694808506e-14
190.05756686182028,-30.86483450921569,6.048543971651788,-2.6323830471815466,1.5376110201713837,1.6841534259744676e-14
190.10705377682558,-30.185713746138408,5.982660672731385,-2.640805847365267,1.5678668486949583,2.947268495455318e-14
190.15954097027154,-29.507201813107244,5.918711989795954,-2.6485635372093648,1.5986610291556214,1.6841534259744676e-14
190.21494203477678,-28.829302933144703,5.856676012905013,-2.655661933709347,1.6299829047954484,1.2631150694808506e-14
190.2731755465621,-28.152020790408738,5.796530832118083,-2.662106890832633,1.661821873255132,-8.420767129872338e-15
190.33416480238782,-27.47535856546974,5.738254537494683,-2.6679042849797483,1.6941673783148088,2.1051917824680846e-14
190.39783757442657,-26.799318968634616,5.681825219094332,-2.6730600013346746,1.7270089020502724,-4.210383564936169e-15
190.46412588175852,-26.123904271468472,5.627220966976548,-2.6775799210370663,1.7603359573806003,4.210383564936169e-15
190.5329657772866,-25.449116336650597,5.574419871200851,-2.6814699091150263,1.7941380809845409,1.894672604221276e-14
190.60429714896932,-24.77495664629103,5.523400021826761,-2.6847358031225763,1.828404826564355,1.0525958912340423e-14
190.6780635343586,-24.101426328823603,5.474139508913797,-2.687383402430845,1.8631257584369987,-2.1051917824680845e-15
190.75421194751496,-23.428526184581546,5.426616422521479,-2.689418458126393,1.8982904454336276,4.210383564936169e-15
190.8326927174456,-22.756256710153824,5.380808852709324,-2.6908466634741477,1.9338884550895035,8.420767129872338e-15
190.9134593372825,-22.08461812161236,5.336694889536852,-2.691673644905966,1.9699093481073047,8.420767129872338e-15
190.99646832347793,-21.413610376693402,5.2942526230635805,-2.691904953499181,2.0063426730777802,6.315575347404253e-15
191.0816790843547,-20.743233196010152,5.2534601433490336,-2.691546056912435,2.043177961442502,3.157787673702127e-14
191.1690537973998,-20.073486083367435,5.214295540452725,-2.690602331748804,2.0804047226842477,8.420767129872338e-15
191.25855729473867,-19.40436834524514,5.1767369044341764,-2.6890790563186378,2.118012439731276,8.420767129872338e-15
191.35015695627186,-18.735879109510655,5.14076232535291,-2.686981403776839,2.155990564562393,1.894672604221276e-14
191.44382260999626,-18.068017343417736,5.10634989326844,-2.6843144356112347,2.1943285140003517,1.473634247727659e-14
191.53952643907004,-17.40078187094456,5.0734776982402865,-2.6810830954606217,2.2330156656816498,0.0
191.63724289521542,-16.734171389520135,5.042123830327972,-2.6772922032426645,2.272041354191337,0.0
191.7369486180844,-16.068184486185118,5.0122663795910105,-2.672946449573437,2.3113948673519187,2.1051917824680845e-15
191.83862236024163,-15.40281965323006,4.983883436088926,-2.668050390461718,2.3510654426558406,2.1051917824680846e-14
191.9422449174461,-14.738075303351307,4.956953089881237,-2.6626084422624787,2.3910422638315034,1.0525958912340423e-14
192.04779906393674,-14.07394978436241,4.931453431027459,-2.656624876875135,2.4313144575330408,2.1051917824680845e-15
192.15526949245165,-13.410441393496475,4.9073625495871145,-2.6501038171731968,2.4718710901444814,-6.315575347404253e-15
192.26464275873008,-12.747548391333243,4.884658535619721,-2.6430492326529476,2.5127011646891972,1.6841534259744676e-14
192.37590723026733,-12.085269015382243,4.863319479184801,-2.6354649352896544,2.553793617835792,1.894672604221276e-14
192.4890530391099,-11.423601493352153,4.84332347034187,-2.6273545755906182,2.595137316991843,1.894672604221276e-14
192.6040720384957,-10.762544056134804,4.824648599150448,-2.6187216388351464,2.63672105747713,2.1051917824680845e-15
192.72095776315962,-10.102094950530919,4.807272955670054,-2.6095694414922046,2.6785335597681326,1.0525958912340423e-14
192.83970539313967,-9.442252451743396,4.791174629960208,-2.599901127807124,2.7205634668057948,4.210383564936169e-15
192.96031172093203,-8.78301487566298,4.776331712080431,-2.589719666549342,2.7627993413586567,5.2629794561702115e-15
193.08277512185646,-8.124380590969915,4.762722292090239,-2.579027847913685,2.80522966343359,1.3683746586042549e-14
193.20709552750597,-7.4663480310746575,4.7503244600491525,-2.5678282805681656,2.8478428277264634,1.7894130150978717e-14
193.33327440216448,-6.808915705919672,4.739116306016691,-2.556123388841787,2.890627141105139,8.420767129872338e-15
193.46131472208845,-6.15208221366374,4.729075920052373,-2.5439154100461936,2.93357082011727,2.5262301389617013e-14
193.59122095755706,-5.495846252269719,4.720181392215716,-2.531206391925457,2.976661988515373,5.2629794561702115e-15
193.7229990576055,-4.8402066310161125,4.712410812566243,-2.517998190228629,3.019888674791714,1.9999321933446802e-14
193.8566564373648,-4.18516228195243,4.705742271163471,-2.5042924664000408,3.0632388097154757,5.2629794561702115e-15
193.9922019679395,-3.53071227131795,4.700153858066921,-2.4900906853826323,3.1067002238647374,1.6315236314127656e-14
194.12964596876378,-2.8768558109433933,4.695623663336108,-2.4753941135299216,3.1502606451456674,2.5262301389617013e-14
194.26900020238224,-2.2235922696546537,4.692129777030557,-2.460203816622482,3.1939076962913164,1.6841534259744676e-14
194.41027787161087,-1.5709211846976971,4.689650289209781,-2.444520657985104,3.23762889233235,7.368171238638296e-15
194.55349361903944,-0.9188422732038525,4.688163289933304,-2.4283452967010137,3.2814116380318534,1.4999491450085103e-14
194.698663528844,-0.26735544371447345,4.687646869260643,-2.411678185919855,3.3252432252763575,1.1644342046776592e-14
194.84580513088395,0.38353919221568733,4.688079117251317,-2.3945195712562946,3.369110830414979,9.999660966723401e-15
194.99493740706518,1.0338413083170543,4.689438123964848,-2.3768694892764115,3.413001511538496,1.0262809939531913e-14
195.14608079995685,1.6835503517860673,4.691701979460752,-2.3587277660692445,3.4569022056899223,1.6578385286936164e-14
195.29925722365434,2.3326655313283418,4.694848773798549,-2.340094015901081,3.5007997259980175,1.1052256857957444e-14
195.45449007688833,2.9811858050439524,4.698856597037757,-2.320967639950332,3.5446807587248856,1.7894130150978717e-14
195.6118042583844,3.629109868133915,4.703703539237899,-2.3013478251210704,3.588531860218595,1.5788938368510635e-14
195.7712261844841,4.276436140406818,4.709367690458491,-2.281233542933519,3.6323394537614995,0.0
195.93278380904286,4.923162753563612,4.715827140759052,-2.2606235484900665,3.6760898263045756,9.47336302110638e-15
196.09650664562776,5.5692875382382905,4.723059980199105,-2.2395163795155946,3.7197691250778724,1.7894130150978717e-14
196.26242579204123,6.21480801077118,4.731044298838165,-2.2179103554712274,3.763363354066729,1.5788938368510635e-14
196.43057395720388,6.859721359690901,4.7397581867357506,-2.1958035767408255,3.80685837034308,1.473634247727659e-14
196.60098549043522,7.504024431880251,4.749179733951386,-2.173193923889913,3.850239880240775,1.473634247727659e-14
196.77369641317554,8.147713718400258,4.759287030544585,-2.1500790569970007,3.8934934353633763,-8.420767129872338e-15
196.94874445319877,8.790785339945556,4.770058166574869,-2.1264564150576226,3.936604428412423,6.315575347404253e-15
197.12616908137193,9.433235031903225,4.781471232101758,-2.1023232154617753,3.9795580888236866,2.1051917824680845e-15
197.30601155102136,10.075058128986193,4.793504317184772,-2.077676453545844,4.0223394781983695,1.6841534259744676e-14
197.48831493997338,10.716249549410515,4.8061355118834275,-2.052512902220526,4.06493348551564,6.315575347404253e-15
197.67312419534167,11.35680377858512,4.819342906257244,-2.0268291116767303,4.107324822112243,1.0525958912340423e-14
197.86048618114043,11.996714852280373,4.8331045903657435,-2.0006214091719547,4.149498016414357,1.2631150694808506e-14
198.05044972880813,12.635976339241097,4.847398654268443,-1.9738858989001846,4.191437408406074,1.2631150694808506e-14
198.24306569073403,13.274581323207062,4.862203188024862,-1.946618461948968,4.23312714381817,1.6841534259744676e-14
198.43838699688402,13.912522384302703,4.877496281694519,-1.9188147563480125,4.274551168020092,1.2631150694808506e-14
198.63646871463175,14.549791579755823,4.8932560253369335,-1.8904702172143502,4.31569321959713,1.2631150694808506e-14
198.83736811190516,15.186380423902632,4.909460509011627,-1.861580056999943,4.356536823594005,4.210383564936169e-15
199.04114472376781,15.822279867434599,4.926087822778114,-1.8321392658484978,4.397065284404989,8.420767129872338e-15
199.2478604225596,16.457480275839874,4.943116056695919,-1.8021426120691832,4.4372616782898175,-1.6841534259744676e-14
199.4575794917302,17.09197140698996,4.960523300824557,-1.771584642736102,4.47710884549349,0.0
199.67036870350566,17.72574238781889,4.978287645223548,-1.7404596844234292,4.516589381946983,2.1051917824680846e-14
199.88629740053608,18.358781690040082,4.996387179952415,-1.7087618440875678,4.5556856305247,2.1051917824680846e-14
200.10543758168026,18.991077104842557,5.014799995070672,-1.6764850101089632,4.5943796718332415,2.5262301389617013e-14
200.32786399209198,19.622615716504583,5.033504180637841,-1.643622853507926,4.632653314504697,2.1051917824680846e-14
200.5536542177796,20.25338387486029,5.0524778267134405,-1.610168829350428,4.670488084966416,8.420767129872338e-15
200.78288878482041,20.883367166550133,5.07169902335699,-1.5761161783618625,4.707865216657578,1.6841534259744676e-14
201.0156512634185,21.51255038498263,5.091145860628008,-1.5414579287687888,4.744765638661498,0.0
201.2520283770045,22.14091749893061,5.110796428586014,-1.5061868983910631,4.781169963720906,-1.6841534259744676e-14
201.49211011658392,22.76845161968071,5.130628817290529,-1.4702956970092842,4.817058475601865,0.0
201.73598986054944,23.39513496664991,5.15062111680107,-1.4337767290353507,4.852411115770115,8.420767129872338e-15
201.9837645001814,24.020948831378377,5.170751417177156,-1.396622196517032,4.887207469341966,-8.420767129872338e-15
202.23553457106988,24.645873539802135,5.190997808478307,-1.3588241025108592,4.92142675026987,-8.420767129872338e-15
202.49140439069967,25.26988841270356,5.211338380764042,-1.3203742548615403,4.955047785720936,8.420767129872338e-15
202.75148220244807,25.892971724231906,5.2317512240938795,-1.2812642704301502,4.988048999604613,1.6841534259744676e-14
203.01588032625386,26.51510065837948,5.252214428527341,-1.2414855798180762,5.020408395203726,-8.420767129872338e-15
203.28471531622287,27.13625126329257,5.272706084123945,-1.2010294326387259,5.052103536861033,0.0
203.5581081254433,27.756398403288983,5.293204280943207,-1.1598869033946153,5.0831115306712364,0.0
203.8361842782894,28.375515708446624,5.313687109044652,-1.1180488980236647,5.113409004126398,-8.420767129872338e-15
204.11907405049854,28.993575521619718,5.3341326584877935,-1.0755061611853063,5.142972084660523,1.6841534259744676e-14
204.40691265731058,29.610548842730775,5.354519019332155,-1.0322492843645157,5.171776377037029,8.420767129872338e-15
204.6998404499615,30.22640527017756,5.374824281637254,-0.988268714880183,5.1997969395208,8.420767129872338e-15
204.99800312082377,30.841112939185233,5.39502653546261,-0.9435547658933022,5.227008258774649,8.420767129872338e-15
205.3015519174875,31.454638456923938,5.4151038708677435,-0.8980976275204946,5.253384223418167,8.420767129872338e-15
205.6106438660698,32.066946834201815,5.43503437791217,-0.8518873791694542,5.278898096185502,2.5262301389617013e-14
205.92544200403776,32.678001413532954,5.454796146655412,-0.8049140032249897,5.303522484617108,1.6841534259744676e-14
206.24611562281734,33.287763793368214,5.474367267156986,-0.7571674002277642,5.32722931021972,2.5262301389617013e-14
206.5728405204508,33.89619374826552,5.493725829476413,-0.7086374057024547,5.349989776028003,8.420767129872338e-15
206.9057992645442,34.50324914476381,5.512849923673214,-0.6593138088082606,5.3717743325014835,-8.420767129872338e-15
207.24518146572586,35.10888585271214,5.531717639806905,-0.6091863730023734,5.392552641690736,0.0
207.59118406180465,35.713057651792944,5.550307067937006,-0.5582448589264901,5.412293539608234,0.0
207.94401161278276,36.31571613296414,5.568596298123038,-0.506479049747784,5.430964996741501,0.0
208.3038766068294,36.9168105945318,5.5865634204245165,-0.45387877920913405,5.448534076649566,2.5262301389617013e-14
208.6709997772688,37.51628793255087,5.604186524900965,-0.40043396266898257,5.464966892588448,2.5262301389617013e-14
209.04561043056867,38.11409252523708,5.621443701611899,-0.34613463143918777,5.4802285621176665,0.0
209.42794678523526,38.71016611105925,5.638313040616842,-0.2909709707597621,5.494283159648024,-1.6841534259744676e-14
209.81825632142812,39.30444766016691,5.654772631975306,-0.23493336178272806,5.507093666901282,2.5262301389617013e-14
210.21679614099503,39.8968732387948,5.670800565746819,-0.17801242797356753,5.51862192126538,-1.6841534259744676e-14
210.62383333749727,40.48737586627192,5.686374931990894,-0.12019908637814213,5.528828562045081,8.420767129872338e-15
211.03964537564212,41.07588536425075,5.701473820767053,-0.06148460424571401,5.537672974627497,0.0
211.46452047936097,41.66232819776072,5.716075322134813,-0.0018606615449177075,5.545113232606001,-2.5262301389617013e-14
211.89875802756399,42.246627307680185,5.730157526153696,0.058680580040645136,5.551106037934854,4.210383564936169e-14
