galstreams/tracks/track.st.Gaia-8.ibata2021.ecsv
# %ECSV 0.9
# ---
# datatype:
# - {name: ra, unit: deg, datatype: float64}
# - {name: dec, unit: deg, datatype: float64}
# - {name: distance, unit: kpc, datatype: float64}
# - {name: pm_ra_cosdec, unit: mas / yr, datatype: float64}
# - {name: pm_dec, unit: mas / yr, datatype: float64}
# - {name: radial_velocity, unit: km / s, datatype: float64}
# delimiter: ','
# meta: !!omap
# - __serialized_columns__:
#     dec:
#       __class__: astropy.coordinates.angles.Latitude
#       unit: &id001 !astropy.units.Unit {unit: deg}
#       value: !astropy.table.SerializedColumn {name: dec}
#     distance:
#       __class__: astropy.coordinates.distances.Distance
#       unit: !astropy.units.Unit {unit: kpc}
#       value: !astropy.table.SerializedColumn {name: distance}
#     pm_dec:
#       __class__: astropy.units.quantity.Quantity
#       unit: !astropy.units.Unit {unit: mas / yr}
#       value: !astropy.table.SerializedColumn {name: pm_dec}
#     pm_ra_cosdec:
#       __class__: astropy.units.quantity.Quantity
#       unit: !astropy.units.Unit {unit: mas / yr}
#       value: !astropy.table.SerializedColumn {name: pm_ra_cosdec}
#     ra:
#       __class__: astropy.coordinates.angles.Longitude
#       unit: *id001
#       value: !astropy.table.SerializedColumn {name: ra}
#       wrap_angle: !astropy.coordinates.Angle
#         unit: *id001
#         value: 360.0
#     radial_velocity:
#       __class__: astropy.units.quantity.Quantity
#       unit: !astropy.units.Unit {unit: km / s}
#       value: !astropy.table.SerializedColumn {name: radial_velocity}
# schema: astropy-2.0
ra,dec,distance,pm_ra_cosdec,pm_dec,radial_velocity
[from data line 415]
185.71928740662344,-22.908052834627714,7.011736982989282,-9.474348310038307,-8.494743164498171,1.6841534259744677e-13
185.7284413132481,-22.90263223508198,7.0112611704635635,-9.473905104104645,-8.494912134737595,1.347322740779574e-13
185.73759303652517,-22.89720932298114,7.010787848033234,-9.473466109187656,-8.495082065824116,1.515738083377021e-13
185.74674257866124,-22.891784101489893,7.010317012050429,-9.47303131701007,-8.495252955606993,1.6841534259744677e-13
185.75588994186378,-22.886356573772172,7.009848658867281,-9.472600719295535,-8.49542480193266,1.515738083377021e-13
185.76503512834088,-22.88092674299134,7.009382784835919,-9.472174307768602,-8.495597602644738,2.5262301389617017e-13
185.77417814030161,-22.875494612309915,7.0089193863084756,-9.471752074154738,-8.495771355584038,2.1893994537668078e-13
185.78331897995577,-22.870060184889777,7.008458459637081,-9.471334010180305,-8.495946058588558,1.515738083377021e-13
185.79245764951392,-22.86462346389208,7.008000001173868,-9.47092010757257,-8.49612170949349,2.694645481559148e-13
185.80159415118746,-22.859184452477276,7.007544007270968,-9.470510358059705,-8.496298306131225,1.6841534259744677e-13
185.8107284871885,-22.85374315380511,7.007090474280513,-9.470104753370803,-8.496475846331352,1.8525687685719145e-13
185.81986065973007,-22.848299571034644,7.006639398554633,-9.46970328523585,-8.496654327920664,2.3578147963642546e-13
185.8289906710259,-22.84285370732417,7.006190776445461,-9.469305945385722,-8.496833748723166,1.0104920555846805e-13
185.83811852329043,-22.83740556583141,7.005744604305129,-9.468912725552224,-8.497014106560059,2.1893994537668078e-13
185.84724421873904,-22.831955149713263,7.005300878485766,-9.468523617468053,-8.497195399249774,1.515738083377021e-13
185.85636775958776,-22.82650246212597,7.004859595339506,-9.46813861286681,-8.497377624607942,2.3578147963642546e-13
185.86548914805348,-22.821047506225057,7.004420751218479,-9.467757703483004,-8.49756078044743,2.1893994537668078e-13
185.87460838635386,-22.815590285165364,7.003984342474816,-9.467380881052037,-8.497744864578312,1.8525687685719145e-13
185.88372547670727,-22.810130802101025,7.00355036546065,-9.467008137310222,-8.497929874807902,1.8525687685719145e-13
185.89284042133298,-22.80466906018545,7.003118816528111,-9.466639463994756,-8.498115808940733,2.1893994537668078e-13
185.90195322245086,-22.799205062571424,7.002689692029332,-9.466274852843767,-8.498302664778567,2.1893994537668078e-13
185.91106388228167,-22.793738812410965,7.002262988316446,-9.465914295596267,-8.49849044012041,1.515738083377021e-13
185.9201724030469,-22.78827031285539,7.001838701741582,-9.465557783992168,-8.4986791327625,8.420767129872338e-14
185.92927878696884,-22.782799567055367,7.001416828656872,-9.465205309772282,-8.498868740498331,1.8525687685719145e-13
185.9383830362705,-22.777326578160817,7.000997365414447,-9.464856864678328,-8.499059261118617,1.8525687685719145e-13
185.9474851531757,-22.771851349321,7.000580308366439,-9.464512440452923,-8.499250692411344,1.8525687685719145e-13
185.956585139909,-22.766373883684455,7.000165653864982,-9.464172028839576,-8.499443032161734,2.020984111169361e-13
185.96568299869577,-22.76089418439901,6.999753398262201,-9.463835621582696,-8.499636278152272,2.3578147963642546e-13
185.97477873176203,-22.755412254611887,6.999343537910234,-9.463503210427607,-8.499830428162689,2.020984111169361e-13
185.98387234133457,-22.749928097469517,6.99893606916121,-9.463174787120517,-8.500025479969986,2.1893994537668078e-13
185.9929638296411,-22.744441716117667,6.9985309883672615,-9.462850343408519,-8.500221431348423,2.020984111169361e-13
186.0020531989099,-22.738953113701406,6.998128291880517,-9.46252987103964,-8.500418280069539,2.020984111169361e-13
186.01114045137007,-22.733462293365125,6.997727976053112,-9.462213361762771,-8.500616023902118,2.3578147963642546e-13
186.0202255892515,-22.727969258252514,6.997330037237177,-9.461900807327718,-8.500814660612242,1.8525687685719145e-13
186.02930861478484,-22.722474011506524,6.996934471784842,-9.461592199485162,-8.501014187963259,1.6841534259744677e-13
186.0383895302013,-22.71697655626954,6.996541276048239,-9.461287529986713,-8.501214603715788,2.5262301389617017e-13
186.04746833773308,-22.71147689568313,6.9961504463795,-9.460986790584851,-8.501415905627743,2.5262301389617017e-13
186.056545039613,-22.705975032888215,6.995761979130758,-9.460689973032968,-8.501618091454322,2.020984111169361e-13
186.06561963807468,-22.700470971025034,6.995375870654137,-9.460397069085333,-8.501821158948006,1.347322740779574e-13
186.07469213535236,-22.694964713233123,6.994992117301779,-9.46010807049712,-8.502025105858564,2.5262301389617017e-13
186.08376253368124,-22.689456262651337,6.994610715425811,-9.4598229690244,-8.502229929933073,2.694645481559148e-13
186.09283083529712,-22.683945622417788,6.994231661378364,-9.45954175642413,-8.502435628915904,1.6841534259744677e-13
186.1018970424364,-22.67843279567005,6.993854951511568,-9.459264424454178,-8.502642200548717,2.5262301389617017e-13
186.1109611573365,-22.672917785544847,6.993480582177559,-9.45899096487328,-8.502849642570487,1.6841534259744677e-13
186.12002318223537,-22.66740059517829,6.993108549728465,-9.458721369441083,-8.503057952717494,2.3578147963642546e-13
186.12908311937178,-22.661881227705777,6.992738850516418,-9.458455629918115,-8.50326712872333,2.1893994537668078e-13
186.13814097098523,-22.656359686262046,6.992371480893551,-9.458193738065809,-8.503477168318895,1.347322740779574e-13
186.1471967393159,-22.65083597398113,6.992006437211993,-9.45793568564648,-8.50368806923241,1.6841534259744677e-13
186.15625042660471,-22.645310093996386,6.991643715823877,-9.457681464423338,-8.503899829189418,2.5262301389617017e-13
186.16530203509348,-22.639782049440434,6.991283313081336,-9.457431066160478,-8.504112445912778,1.347322740779574e-13
186.17435156702436,-22.634251843445334,6.9909252253365,-9.457184482622901,-8.50432591712267,2.5262301389617017e-13
186.1833990246406,-22.62871947914235,6.990569448941499,-9.45694170557648,-8.50454024053662,2.3578147963642546e-13
186.19244441018603,-22.623184959662098,6.990215980248467,-9.456702726787988,-8.504755413869471,1.6841534259744677e-13
186.20148772590514,-22.617648288134504,6.9898648156095335,-9.456467538025091,-8.504971434833402,2.5262301389617017e-13
186.21052897404329,-22.612109467688825,6.989515951376833,-9.456236131056327,-8.505188301137938,2.3578147963642546e-13
186.21956815684644,-22.606568501453616,6.989169383902493,-9.456008497651153,-8.505406010489938,1.8525687685719145e-13
186.2286052765613,-22.601025392556735,6.988825109538649,-9.455784629579881,-8.50562456059361,1.8525687685719145e-13
186.23764033543523,-22.59548014412545,6.98848312463743,-9.45556451861373,-8.505843949150497,1.347322740779574e-13
186.24667333571642,-22.589932759286256,6.988143425550967,-9.455348156524806,-8.506064173859503,2.020984111169361e-13
186.25570427965368,-22.584383241164986,6.987806008631396,-9.455135535086102,-8.506285232416886,2.694645481559148e-13
186.26473316949662,-22.5788315928868,6.98747087023084,-9.454926646071494,-8.506507122516258,1.6841534259744677e-13
186.27376000749544,-22.5732778175762,6.98713800670144,-9.45472148125574,-8.50672984184858,2.020984111169361e-13
186.28278479590114,-22.567721918356966,6.986807414395321,-9.454520032414496,-8.506953388102193,2.3578147963642546e-13
186.2918075369654,-22.562163898352242,6.986479089664619,-9.4543222913243,-8.507177758962783,2.3578147963642546e-13
186.30082823294063,-22.55660376068443,6.986153028861462,-9.454128249762565,-8.507402952113425,1.515738083377021e-13
186.3098468860798,-22.551041508475382,6.985829228337982,-9.453937899507611,-8.507628965234549,2.020984111169361e-13
186.31886349863674,-22.54547714484614,6.985507684446312,-9.453751232338623,-8.507855796003962,1.8525687685719145e-13
186.32787807286596,-22.53991067291713,6.985188393538582,-9.453568240035677,-8.50808344209686,1.515738083377021e-13
186.3368906110226,-22.534342095808096,6.984871351966924,-9.45338891437974,-8.5083119011858,2.3578147963642546e-13
186.34590111536255,-22.528771416638094,6.984556556083473,-9.453213247152645,-8.508541170940733,1.6841534259744677e-13
186.35490958814236,-22.52319863852553,6.984244002240353,-9.45304123013713,-8.508771249029005,2.020984111169361e-13
186.36391603161934,-22.517623764588063,6.983933686789704,-9.452872855116793,-8.50900213311533,1.1789073981821273e-13
186.37292044805133,-22.51204679794282,6.98362560608365,-9.452708113876142,-8.509233820861825,2.020984111169361e-13
186.38192283969704,-22.506467741706132,6.983319756474328,-9.45254699820054,-8.509466309928008,2.694645481559148e-13
186.39092320881582,-22.5008865989937,6.983016134313865,-9.45238949987625,-8.509699597970787,1.8525687685719145e-13
186.39992155766765,-22.495303372920535,6.982714735954397,-9.452235610690416,-8.509933682644471,1.8525687685719145e-13
186.40891788851323,-22.48971806660099,6.982415557748053,-9.452085322431046,-8.510168561600775,1.6841534259744677e-13
186.41791220361392,-22.48413068314875,6.982118596046966,-9.451938626887044,-8.51040423248882,2.5262301389617017e-13
186.4269045052319,-22.478541225676782,6.981823847203265,-9.45179551584819,-8.510640692955148,2.020984111169361e-13
186.43589479562976,-22.47294969729749,6.9815313075690835,-9.451655981105151,-8.510877940643688,1.8525687685719145e-13
186.44488307707104,-22.46735610112252,6.981240973496552,-9.451520014449466,-8.51111597319581,1.347322740779574e-13
186.45386935181978,-22.46176044026286,6.980952841337803,-9.451387607673542,-8.511354788250285,1.8525687685719145e-13
186.4628536221408,-22.456162717828832,6.980666907444968,-9.451258752570691,-8.511594383443319,1.6841534259744677e-13
186.47183589029956,-22.45056293693011,6.980383168170177,-9.451133440935092,-8.51183475640854,2.1893994537668078e-13
186.48081615856216,-22.44496110067567,6.980101619865564,-9.451011664561788,-8.512075904776992,2.3578147963642546e-13
186.48979442919543,-22.43935721217385,6.979822258883257,-9.450893415246716,-8.512317826177167,1.8525687685719145e-13
186.4987707044669,-22.433751274532252,6.979545081575391,-9.450778684786679,-8.51256051823498,1.6841534259744677e-13
186.50774498664455,-22.42814329085796,6.979270084294094,-9.450667464979382,-8.512803978573777,1.6841534259744677e-13
186.51671727799732,-22.422533264257233,6.978997263391502,-9.450559747623377,-8.513048204814357,2.020984111169361e-13
186.52568758079468,-22.41692119783575,6.9787266152197445,-9.450455524518096,-8.513293194574947,1.6841534259744677e-13
186.53465589730672,-22.411307094698497,6.978458136130953,-9.450354787463871,-8.513538945471236,1.515738083377021e-13
186.54362222980427,-22.405690957949798,6.978191822477256,-9.450257528261888,-8.513785455116347,2.020984111169361e-13
186.55258658055882,-22.400072790693315,6.97792767061079,-9.450163738714208,-8.514032721120854,2.1893994537668078e-13
186.56154895184255,-22.394452596032014,6.977665676883683,-9.45007341062377,-8.514280741092799,1.515738083377021e-13
186.57050934592812,-22.388830377068295,6.977405837648068,-9.4499865357944,-8.51452951263766,1.1789073981821273e-13
186.57946776508902,-22.38320613690381,6.977148149256077,-9.449903106030781,-8.51477903335839,1.6841534259744677e-13
186.58842421159937,-22.377579878639544,6.97689260805984,-9.449823113138475,-8.515029300855403,2.020984111169361e-13
186.59737868773394,-22.37195160537587,6.976639210411489,-9.449746548923919,-8.515280312726572,2.020984111169361e-13
186.60633119576812,-22.36632132021245,6.9763879526631545,-9.449673405194423,-8.515532066567243,2.020984111169361e-13
186.615281737978,-22.360689026248327,6.976138831166971,-9.449603673758165,-8.515784559970232,2.020984111169361e-13
186.62423031664022,-22.35505472658185,6.975891842275069,-9.449537346424204,-8.516037790525829,2.3578147963642546e-13
186.6331769340323,-22.34941842431071,6.975646982339579,-9.44947441500246,-8.516291755821804,2.694645481559148e-13
186.64212159243206,-22.343780122531996,6.975404247712633,-9.449414871303732,-8.516546453443397,2.020984111169361e-13
186.65106429411824,-22.338139824342083,6.975163634746361,-9.449358707139695,-8.516801880973343,2.8630608241565947e-13
186.66000504137014,-22.332497532836673,6.974925139792896,-9.449305914322876,-8.517058035991852,2.1893994537668078e-13
186.66894383646772,-22.326853251110848,6.974688759204372,-9.449256484666684,-8.517314916076632,1.8525687685719145e-13
186.67788068169153,-22.32120698225902,6.974454489332914,-9.449210409985403,-8.517572518802877,1.8525687685719145e-13
186.68681557932283,-22.315558729374946,6.97422232653066,-9.449167682094183,-8.517830841743274,2.5262301389617017e-13
186.69574853164352,-22.309908495551674,6.973992267149739,-9.449128292809029,-8.518089882468011,2.8630608241565947e-13
186.70467954093604,-22.304256283881724,6.9737643075422815,-9.449092233946839,-8.518349638544777,2.020984111169361e-13
186.71360860948352,-22.298602097456847,6.973538444060419,-9.449059497325365,-8.51861010753875,2.020984111169361e-13
186.72253573956976,-22.29294593936817,6.973314673056287,-9.449030074763222,-8.51887128701263,2.8630608241565947e-13
186.73146093347918,-22.287287812706165,6.973092990882012,-9.449003958079905,-8.519133174526624,2.1893994537668078e-13
186.74038419349682,-22.281627720560653,6.972873393889728,-9.448981139095764,-8.519395767638434,2.694645481559148e-13
186.74930552190838,-22.275965666020802,6.972655878431564,-9.448961609632036,-8.5196590639033,2.5262301389617017e-13
186.75822492100016,-22.27030165217509,6.972440440859655,-9.448945361510795,-8.51992306087396,2.1893994537668078e-13
186.767142393059,-22.264635682111447,6.972227077526133,-9.448932386555006,-8.520187756100675,1.8525687685719145e-13
186.77605794037254,-22.25896775891705,6.9720157847831254,-9.448922676588493,-8.520453147131239,2.694645481559148e-13
186.78497156522894,-22.253297885678442,6.971806558982767,-9.448916223435933,-8.520719231510956,1.8525687685719145e-13
186.79388326991702,-22.247626065481537,6.971599396477189,-9.448913018922887,-8.520986006782667,1.515738083377021e-13
186.80279305672613,-22.241952301411583,6.971394293618521,-9.448913054875772,-8.52125347048675,2.1893994537668078e-13
186.81170092794645,-22.23627659655319,6.971191246758896,-9.44891632312186,-8.5215216201611,1.6841534259744677e-13
186.82060688586859,-22.230598953990302,6.970990252250444,-9.448922815489304,-8.521790453341167,1.6841534259744677e-13
186.82951093278385,-22.22491937680619,6.970791306445298,-9.448932523807107,-8.522059967559928,2.694645481559148e-13
186.8384130709841,-22.219237868083574,6.97059440569559,-9.448945439905144,-8.5223301603479,1.347322740779574e-13
186.84731330276185,-22.213554430904434,6.970399546353449,-9.448961555614147,-8.522601029233158,2.020984111169361e-13
186.8562116304103,-22.207869068350114,6.970206724771009,-9.448980862765708,-8.522872571741313,1.347322740779574e-13
186.86510805622314,-22.202181783501334,6.970015937300402,-9.449003353192285,-8.523144785395528,1.515738083377021e-13
186.87400258249474,-22.19649257943815,6.969827180293758,-9.449029018727206,-8.523417667716526,2.5262301389617017e-13
186.88289521152012,-22.190801459239967,6.969640450103209,-9.449057851204644,-8.523691216222582,2.694645481559148e-13
186.89178594559488,-22.185108425985536,6.969455743080886,-9.449089842459637,-8.52396542842953,1.8525687685719145e-13
186.90067478701508,-22.17941348275305,6.96927305557892,-9.449124984328096,-8.524240301850762,2.1893994537668078e-13
186.90956173807757,-22.173716632619936,6.969092383949444,-9.449163268646778,-8.524515833997237,1.8525687685719145e-13
186.9184468010798,-22.168017878663036,6.9689137245445885,-9.449204687253307,-8.524792022377486,2.5262301389617017e-13
186.92732997831968,-22.162317223958528,6.968737073716485,-9.449249231986158,-8.525068864497602,2.020984111169361e-13
186.9362112720959,-22.15661467158198,6.968562427817265,-9.449296894684673,-8.525346357861254,2.5262301389617017e-13
