galstreams/tracks/track.po.Scamander.grillmair2017.ecsv
# %ECSV 1.0
# ---
# datatype:
# - {name: ra, unit: deg, datatype: float64}
# - {name: dec, unit: deg, datatype: float64}
# - {name: distance, unit: kpc, datatype: float64}
# - {name: pm_ra_cosdec, unit: mas / yr, datatype: float64}
# - {name: pm_dec, unit: mas / yr, datatype: float64}
# - {name: radial_velocity, unit: km / s, datatype: float64}
# delimiter: ','
# meta: !!omap
# - __serialized_columns__:
#     dec:
#       __class__: astropy.coordinates.angles.Latitude
#       unit: &id001 !astropy.units.Unit {unit: deg}
#       value: !astropy.table.SerializedColumn {name: dec}
#     distance:
#       __class__: astropy.coordinates.distances.Distance
#       unit: !astropy.units.Unit {unit: kpc}
#       value: !astropy.table.SerializedColumn {name: distance}
#     pm_dec:
#       __class__: astropy.units.quantity.Quantity
#       unit: !astropy.units.Unit {unit: mas / yr}
#       value: !astropy.table.SerializedColumn {name: pm_dec}
#     pm_ra_cosdec:
#       __class__: astropy.units.quantity.Quantity
#       unit: !astropy.units.Unit {unit: mas / yr}
#       value: !astropy.table.SerializedColumn {name: pm_ra_cosdec}
#     ra:
#       __class__: astropy.coordinates.angles.Longitude
#       unit: *id001
#       value: !astropy.table.SerializedColumn {name: ra}
#       wrap_angle: !astropy.coordinates.Angle
#         unit: *id001
#         value: 360.0
#     radial_velocity:
#       __class__: astropy.units.quantity.Quantity
#       unit: !astropy.units.Unit {unit: km / s}
#       value: !astropy.table.SerializedColumn {name: radial_velocity}
# schema: astropy-2.0
ra,dec,distance,pm_ra_cosdec,pm_dec,radial_velocity
[from data line 5162]
145.83511581146283,30.871318487174538,20.999999999999986,0.0,0.0,0.0
145.83371009749453,30.881246984425143,20.999999999999986,0.0,0.0,0.0
145.83230409214266,30.89117546648062,20.99999999999999,0.0,0.0,0.0
145.83089779523254,30.901103933331846,20.999999999999982,0.0,0.0,0.0
145.8294912065895,30.911032384969683,20.99999999999999,0.0,0.0,0.0
145.8280843260387,30.920960821385,20.999999999999986,0.0,0.0,0.0
145.82667715340511,30.93088924256863,20.99999999999999,0.0,0.0,0.0
145.82526968851377,30.940817648511437,20.999999999999986,0.0,0.0,0.0
145.82386193118947,30.950746039204255,20.99999999999999,0.0,0.0,0.0
145.82245388125696,30.96067441463793,20.999999999999986,0.0,0.0,0.0
145.8210455385409,30.970602774803275,20.99999999999999,0.0,0.0,0.0
145.81963690286574,30.98053111969113,20.99999999999999,0.0,0.0,0.0
145.8182279740559,30.99045944929233,20.99999999999999,0.0,0.0,0.0
145.81681875193576,31.000387763597658,20.999999999999982,0.0,0.0,0.0
145.8154092363294,31.01031606259794,20.99999999999999,0.0,0.0,0.0
145.81399942706102,31.020244346283967,20.999999999999986,0.0,0.0,0.0
145.81258932395454,31.030172614646553,20.99999999999999,0.0,0.0,0.0
145.81117892683386,31.040100867676472,20.99999999999999,0.0,0.0,0.0
145.8097682355227,31.050029105364533,20.999999999999986,0.0,0.0,0.0
145.80835724984476,31.059957327701476,20.999999999999982,0.0,0.0,0.0
145.8069459696236,31.06988553467812,20.999999999999982,0.0,0.0,0.0
145.80553439468264,31.079813726285206,20.999999999999986,0.0,0.0,0.0
145.80412252484516,31.08974190251349,20.999999999999986,0.0,0.0,0.0
145.80271035993448,31.099670063353766,20.999999999999986,0.0,0.0,0.0
145.80129789977366,31.109598208796754,20.999999999999982,0.0,0.0,0.0
145.7998851441857,31.119526338833218,20.99999999999999,0.0,0.0,0.0
145.79847209299356,31.129454453453878,20.999999999999986,0.0,0.0,0.0
145.79705874601999,31.1393825526495,20.999999999999982,0.0,0.0,0.0
145.79564510308762,31.149310636410778,20.999999999999986,0.0,0.0,0.0
145.79423116401912,31.159238704728455,20.99999999999999,0.0,0.0,0.0
145.79281692863688,31.16916675759323,20.99999999999999,0.0,0.0,0.0
145.7914023967633,31.179094794995837,20.999999999999986,0.0,0.0,0.0
145.7899875682206,31.18902281692699,20.999999999999986,0.0,0.0,0.0
145.7885724428309,31.19895082337736,20.99999999999999,0.0,0.0,0.0
145.7871570204163,31.208878814337652,20.999999999999986,0.0,0.0,0.0
145.7857413007986,31.21880678979856,20.999999999999986,0.0,0.0,0.0
145.78432528379972,31.22873474975076,20.999999999999986,0.0,0.0,0.0
145.78290896924128,31.23866269418493,20.99999999999999,0.0,0.0,0.0
145.78149235694494,31.24859062309176,20.99999999999999,0.0,0.0,0.0
145.7800754467321,31.25851853646189,20.999999999999982,0.0,0.0,0.0
145.77865823842419,31.268446434285984,20.999999999999986,0.0,0.0,0.0
145.77724073184243,31.278374316554707,20.999999999999986,0.0,0.0,0.0
145.77582292680796,31.288302183258697,20.999999999999986,0.0,0.0,0.0
145.77440482314185,31.298230034388606,20.999999999999986,0.0,0.0,0.0
145.77298642066503,31.308157869935062,20.999999999999986,0.0,0.0,0.0
145.7715677191983,31.31808568988871,20.99999999999999,0.0,0.0,0.0
145.77014871856238,31.32801349424015,20.999999999999986,0.0,0.0,0.0
145.76872941857783,31.33794128298003,20.999999999999986,0.0,0.0,0.0
145.7673098190652,31.347869056098933,20.999999999999986,0.0,0.0,0.0
145.76588991984477,31.3577968135875,20.99999999999999,0.0,0.0,0.0
145.7644697207369,31.36772455543631,20.999999999999986,0.0,0.0,0.0
145.7630492215617,31.37765228163596,20.99999999999999,0.0,0.0,0.0
145.7616284221392,31.38757999217704,20.99999999999999,0.0,0.0,0.0
145.76020732228935,31.397507687050144,20.99999999999999,0.0,0.0,0.0
145.75878592183193,31.407435366245856,20.999999999999986,0.0,0.0,0.0
145.7573642205867,31.41736302975472,20.99999999999999,0.0,0.0,0.0
145.75594221837326,31.427290677567335,20.99999999999999,0.0,0.0,0.0
145.75451991501106,31.437218309674236,20.999999999999982,0.0,0.0,0.0
145.75309731031945,31.447145926065993,20.99999999999999,0.0,0.0,0.0
145.75167440411775,31.457073526733154,20.99999999999999,0.0,0.0,0.0
145.75025119622507,31.46700111166626,20.99999999999999,0.0,0.0,0.0
145.74882768646046,31.476928680855842,20.999999999999993,0.0,0.0,0.0
145.74740387464283,31.486856234292436,20.999999999999993,0.0,0.0,0.0
145.74597976059098,31.496783771966577,20.999999999999993,0.0,0.0,0.0
145.74455534412368,31.506711293868772,20.999999999999993,0.0,0.0,0.0
145.74313062505948,31.51663879998955,20.99999999999999,0.0,0.0,0.0
145.74170560321681,31.526566290319384,20.999999999999993,0.0,0.0,0.0
145.7402802784141,31.536493764848814,20.99999999999999,0.0,0.0,0.0
145.73885465046956,31.54642122356832,20.999999999999993,0.0,0.0,0.0
145.73742871920132,31.556348666468406,20.99999999999999,0.0,0.0,0.0
145.73600248442747,31.566276093539525,20.99999999999999,0.0,0.0,0.0
145.73457594596584,31.57620350477217,20.99999999999999,0.0,0.0,0.0
145.73314910363428,31.58613090015683,20.99999999999999,0.0,0.0,0.0
145.73172195725044,31.59605827968395,20.99999999999999,0.0,0.0,0.0
145.7302945066319,31.60598564334401,20.99999999999999,0.0,0.0,0.0
145.72886675159617,31.615912991127438,20.999999999999993,0.0,0.0,0.0
145.72743869196051,31.625840323024715,20.99999999999999,0.0,0.0,0.0
145.72601032754224,31.635767639026255,20.99999999999999,0.0,0.0,0.0
145.72458165815843,31.645694939122507,20.999999999999993,0.0,0.0,0.0
145.72315268362607,31.655622223303894,20.99999999999999,0.0,0.0,0.0
145.72172340376207,31.66554949156085,20.99999999999999,0.0,0.0,0.0
145.72029381838323,31.675476743883785,20.99999999999999,0.0,0.0,0.0
145.71886392730613,31.68540398026313,20.99999999999999,0.0,0.0,0.0
145.71743373034744,31.695331200689264,20.99999999999999,0.0,0.0,0.0
145.71600322732348,31.705258405152602,20.99999999999999,0.0,0.0,0.0
145.71457241805066,31.71518559364354,20.999999999999993,0.0,0.0,0.0
145.71314130234512,31.72511276615246,20.99999999999999,0.0,0.0,0.0
145.71170988002297,31.73503992266976,20.99999999999999,0.0,0.0,0.0
145.71027815090022,31.744967063185797,20.999999999999986,0.0,0.0,0.0
145.70884611479266,31.754894187690955,20.999999999999993,0.0,0.0,0.0
145.70741377151612,31.764821296175587,20.99999999999999,0.0,0.0,0.0
145.70598112088618,31.77474838863006,20.99999999999999,0.0,0.0,0.0
145.70454816271837,31.784675465044714,20.99999999999999,0.0,0.0,0.0
145.70311489682808,31.794602525409903,20.99999999999999,0.0,0.0,0.0
145.70168132303058,31.80452956971598,20.99999999999999,0.0,0.0,0.0
145.7002474411411,31.81445659795326,20.999999999999993,0.0,0.0,0.0
145.69881325097467,31.824383610112086,20.99999999999999,0.0,0.0,0.0
145.69737875234617,31.83431060618277,20.999999999999993,0.0,0.0,0.0
145.6959439450705,31.844237586155632,20.99999999999999,0.0,0.0,0.0
145.6945088289623,31.854164550020972,20.999999999999993,0.0,0.0,0.0
145.69307340383625,31.864091497769106,20.99999999999999,0.0,0.0,0.0
145.69163766950678,31.874018429390325,20.99999999999999,0.0,0.0,0.0
145.6902016257882,31.88394534487493,20.999999999999993,0.0,0.0,0.0
145.68876527249483,31.893872244213185,20.99999999999999,0.0,0.0,0.0
145.68732860944078,31.9037991273954,20.999999999999993,0.0,0.0,0.0
145.68589163644003,31.913725994411834,20.99999999999999,0.0,0.0,0.0
145.68445435330653,31.92365284525273,20.99999999999999,0.0,0.0,0.0
145.68301675985398,31.93357967990839,20.999999999999986,0.0,0.0,0.0
145.68157885589613,31.94350649836904,20.999999999999993,0.0,0.0,0.0
145.68014064124642,31.953433300624937,20.999999999999993,0.0,0.0,0.0
145.67870211571838,31.963360086666324,20.99999999999999,0.0,0.0,0.0
145.67726327912527,31.97328685648346,20.99999999999999,0.0,0.0,0.0
145.67582413128028,31.98321361006651,20.999999999999993,0.0,0.0,0.0
145.67438467199653,31.99314034740578,20.99999999999999,0.0,0.0,0.0
145.67294490108694,32.003067068491426,20.99999999999999,0.0,0.0,0.0
145.67150481836433,32.01299377331368,20.99999999999999,0.0,0.0,0.0
145.67006442364146,32.022920461862775,20.99999999999999,0.0,0.0,0.0
145.66862371673093,32.03284713412886,20.99999999999999,0.0,0.0,0.0
145.66718269744524,32.04277379010217,20.99999999999999,0.0,0.0,0.0
145.66574136559674,32.05270042977286,20.99999999999999,0.0,0.0,0.0
145.6642997209977,32.06262705313114,20.99999999999999,0.0,0.0,0.0
145.66285776346024,32.072553660167166,20.99999999999999,0.0,0.0,0.0
145.6614154927964,32.0824802508711,20.99999999999999,0.0,0.0,0.0
145.65997290881805,32.09240682523312,20.999999999999993,0.0,0.0,0.0
145.65853001133698,32.10233338324338,20.999999999999993,0.0,0.0,0.0
145.65708680016488,32.11225992489204,20.99999999999999,0.0,0.0,0.0
145.65564327511325,32.12218645016921,20.999999999999993,0.0,0.0,0.0
145.65419943599352,32.132112959065054,20.99999999999999,0.0,0.0,0.0
145.65275528261705,32.1420394515697,20.99999999999999,0.0,0.0,0.0
145.65131081479495,32.15196592767326,20.99999999999999,0.0,0.0,0.0
145.64986603233834,32.16189238736587,20.99999999999999,0.0,0.0,0.0
145.6484209350581,32.171818830637626,20.99999999999999,0.0,0.0,0.0
145.6469755227652,32.18174525747864,20.99999999999999,0.0,0.0,0.0
145.64552979527025,32.19167166787902,20.999999999999993,0.0,0.0,0.0
145.64408375238384,32.20159806182885,20.99999999999999,0.0,0.0,0.0
145.64263739391646,32.21152443931821,20.999999999999993,0.0,0.0,0.0
145.64119071967843,32.2214508003372,20.999999999999993,0.0,0.0,0.0
145.63974372948005,32.23137714487588,20.99999999999999,0.0,0.0,0.0
145.63829642313135,32.24130347292433,20.99999999999999,0.0,0.0,0.0
145.6368488004424,32.251229784472585,20.99999999999999,0.0,0.0,0.0
145.63540086122305,32.26115607951075,20.999999999999986,0.0,0.0,0.0
145.633952605283,32.27108235802883,20.99999999999999,0.0,0.0,0.0
145.632504032432,32.28100862001688,20.99999999999999,0.0,0.0,0.0
145.63105514247943,32.29093486546493,20.999999999999993,0.0,0.0,0.0
145.62960593523476,32.300861094363036,20.999999999999993,0.0,0.0,0.0
145.62815641050724,32.3107873067012,20.99999999999999,0.0,0.0,0.0
145.626706568106,32.32071350246943,20.999999999999993,0.0,0.0,0.0
145.6252564078401,32.33063968165778,20.99999999999999,0.0,0.0,0.0
145.62380592951843,32.340565844256204,20.99999999999999,0.0,0.0,0.0
145.6223551329498,32.350491990254746,20.99999999999999,0.0,0.0,0.0
145.62090401794285,32.360418119643356,20.99999999999999,0.0,0.0,0.0
145.61945258430617,32.370344232412045,20.999999999999993,0.0,0.0,0.0
145.6180008318481,32.380270328550786,20.99999999999999,0.0,0.0,0.0
145.61654876037704,32.390196408049555,20.99999999999999,0.0,0.0,0.0
145.61509636970112,32.40012247089832,20.99999999999999,0.0,0.0,0.0
145.6136436596284,32.41004851708702,20.99999999999999,0.0,0.0,0.0
145.6121906299668,32.41997454660565,20.999999999999993,0.0,0.0,0.0
145.6107372805242,32.42990055944413,20.99999999999999,0.0,0.0,0.0
145.60928361110822,32.43982655559239,20.999999999999993,0.0,0.0,0.0
145.6078296215265,32.449752535040396,20.99999999999999,0.0,0.0,0.0
145.60637531158642,32.45967849777806,20.99999999999999,0.0,0.0,0.0
145.60492068109536,32.46960444379529,20.999999999999993,0.0,0.0,0.0
145.60346572986052,32.479530373082035,20.999999999999986,0.0,0.0,0.0
145.60201045768898,32.48945628562817,20.99999999999999,0.0,0.0,0.0
145.60055486438768,32.49938218142362,20.99999999999999,0.0,0.0,0.0
145.59909894976346,32.509308060458274,20.99999999999999,0.0,0.0,0.0
145.59764271362306,32.519233922722,20.999999999999993,0.0,0.0,0.0
145.596186155773,32.52915976820473,20.999999999999986,0.0,0.0,0.0
145.59472927601988,32.539085596896285,20.99999999999999,0.0,0.0,0.0
145.59327207416993,32.549011408786576,20.999999999999993,0.0,0.0,0.0
145.59181455002945,32.55893720386545,20.999999999999986,0.0,0.0,0.0
145.5903567034045,32.56886298212277,20.99999999999999,0.0,0.0,0.0
145.58889853410102,32.578788743548394,20.99999999999999,0.0,0.0,0.0
145.5874400419249,32.58871448813214,20.999999999999986,0.0,0.0,0.0
145.58598122668192,32.59864021586387,20.99999999999999,0.0,0.0,0.0
145.58452208817758,32.608565926733405,20.99999999999999,0.0,0.0,0.0
145.58306262621744,32.618491620730566,20.99999999999999,0.0,0.0,0.0
145.58160284060685,32.62841729784518,20.999999999999993,0.0,0.0,0.0
145.58014273115097,32.63834295806706,20.999999999999993,0.0,0.0,0.0
145.578682297655,32.648268601386,20.99999999999999,0.0,0.0,0.0
145.57722153992387,32.65819422779181,20.99999999999999,0.0,0.0,0.0
145.57576045776247,32.66811983727427,20.999999999999993,0.0,0.0,0.0
145.57429905097553,32.67804542982318,20.99999999999999,0.0,0.0,0.0
145.57283731936764,32.687971005428295,20.999999999999993,0.0,0.0,0.0
145.5713752627433,32.69789656407943,20.99999999999999,0.0,0.0,0.0
145.56991288090686,32.707822105766304,20.999999999999993,0.0,0.0,0.0
145.56845017366254,32.7177476304787,20.999999999999986,0.0,0.0,0.0
145.5669871408145,32.72767313820638,20.99999999999999,0.0,0.0,0.0
145.5655237821667,32.73759862893906,20.99999999999999,0.0,0.0,0.0
145.564060097523,32.74752410266651,20.99999999999999,0.0,0.0,0.0
145.56259608668714,32.757449559378436,20.999999999999993,0.0,0.0,0.0
145.5611317494627,32.7673749990646,20.99999999999999,0.0,0.0,0.0
145.5596670856532,32.77730042171468,20.999999999999993,0.0,0.0,0.0
145.55820209506197,32.787225827318416,20.999999999999993,0.0,0.0,0.0
145.5567367774923,32.7971512158655,20.999999999999993,0.0,0.0,0.0
145.5552711327472,32.80707658734565,20.999999999999993,0.0,0.0,0.0
145.55380516062974,32.81700194174853,20.999999999999993,0.0,0.0,0.0
145.5523388609427,32.82692727906385,20.999999999999993,0.0,0.0,0.0
145.55087223348886,32.83685259928129,20.999999999999996,0.0,0.0,0.0
145.5494052780708,32.84677790239052,20.999999999999996,0.0,0.0,0.0
145.54793799449098,32.85670318838121,20.999999999999993,0.0,0.0,0.0
145.5464703825518,32.866628457243,20.999999999999993,0.0,0.0,0.0
145.54500244205545,32.87655370896557,20.999999999999993,0.0,0.0,0.0
145.54353417280396,32.88647894353854,20.999999999999993,0.0,0.0,0.0
145.5420655745994,32.89640416095157,20.999999999999996,0.0,0.0,0.0
145.54059664724355,32.906329361194295,20.999999999999993,0.0,0.0,0.0
145.53912739053814,32.916254544256326,20.999999999999993,0.0,0.0,0.0
145.53765780428475,32.926179710127286,20.999999999999993,0.0,0.0,0.0
145.53618788828484,32.936104858796796,20.999999999999993,0.0,0.0,0.0
145.53471764233976,32.946029990254466,20.999999999999993,0.0,0.0,0.0
145.53324706625068,32.95595510448987,20.999999999999993,0.0,0.0,0.0
145.5317761598187,32.96588020149263,20.999999999999996,0.0,0.0,0.0
145.53030492284472,32.97580528125232,20.999999999999993,0.0,0.0,0.0
145.52883335512962,32.98573034375854,20.999999999999996,0.0,0.0,0.0
145.52736145647404,32.99565538900082,20.999999999999993,0.0,0.0,0.0
145.52588922667857,33.005580416968755,20.999999999999993,0.0,0.0,0.0
145.52441666554364,33.0155054276519,20.999999999999993,0.0,0.0,0.0
145.52294377286958,33.02543042103981,20.999999999999993,0.0,0.0,0.0
145.52147054845653,33.03535539712202,20.999999999999993,0.0,0.0,0.0
145.51999699210452,33.04528035588809,20.99999999999999,0.0,0.0,0.0
145.51852310361355,33.05520529732753,20.999999999999993,0.0,0.0,0.0
145.51704888278329,33.065130221429875,20.999999999999996,0.0,0.0,0.0
145.5155743294135,33.075055128184644,20.999999999999996,0.0,0.0,0.0
145.5140994433037,33.08498001758135,20.99999999999999,0.0,0.0,0.0
145.51262422425327,33.09490488960948,20.999999999999996,0.0,0.0,0.0
145.51114867206147,33.10482974425857,20.999999999999996,0.0,0.0,0.0
145.5096727865275,33.11475458151809,20.999999999999993,0.0,0.0,0.0
145.50819656745028,33.124679401377506,20.999999999999993,0.0,0.0,0.0
145.5067200146288,33.13460420382631,20.999999999999993,0.0,0.0,0.0
145.50524312786175,33.14452898885399,20.999999999999993,0.0,0.0,0.0
145.50376590694773,33.15445375645001,20.999999999999993,0.0,0.0,0.0
145.50228835168534,33.164378506603796,20.999999999999993,0.0,0.0,0.0
145.50081046187282,33.174303239304805,20.999999999999993,0.0,0.0,0.0
145.4993322373085,33.184227954542514,20.999999999999993,0.0,0.0,0.0
145.49785367779043,33.19415265230633,20.999999999999996,0.0,0.0,0.0
