galstreams/tracks/track.st.Cetus-Palca.thomas2021.ecsv
# %ECSV 0.9
# ---
# datatype:
# - {name: ra, unit: deg, datatype: float64}
# - {name: dec, unit: deg, datatype: float64}
# - {name: distance, unit: kpc, datatype: float64}
# - {name: pm_ra_cosdec, unit: mas / yr, datatype: float64}
# - {name: pm_dec, unit: mas / yr, datatype: float64}
# - {name: radial_velocity, unit: km / s, datatype: float64}
# delimiter: ','
# meta: !!omap
# - __serialized_columns__:
#     dec:
#       __class__: astropy.coordinates.angles.Latitude
#       unit: &id001 !astropy.units.Unit {unit: deg}
#       value: !astropy.table.SerializedColumn {name: dec}
#     distance:
#       __class__: astropy.coordinates.distances.Distance
#       unit: !astropy.units.Unit {unit: kpc}
#       value: !astropy.table.SerializedColumn {name: distance}
#     pm_dec:
#       __class__: astropy.units.quantity.Quantity
#       unit: !astropy.units.Unit {unit: mas / yr}
#       value: !astropy.table.SerializedColumn {name: pm_dec}
#     pm_ra_cosdec:
#       __class__: astropy.units.quantity.Quantity
#       unit: !astropy.units.Unit {unit: mas / yr}
#       value: !astropy.table.SerializedColumn {name: pm_ra_cosdec}
#     ra:
#       __class__: astropy.coordinates.angles.Longitude
#       unit: *id001
#       value: !astropy.table.SerializedColumn {name: ra}
#       wrap_angle: !astropy.coordinates.Angle
#         unit: *id001
#         value: 360.0
#     radial_velocity:
#       __class__: astropy.units.quantity.Quantity
#       unit: !astropy.units.Unit {unit: km / s}
#       value: !astropy.table.SerializedColumn {name: radial_velocity}
# schema: astropy-2.0
ra,dec,distance,pm_ra_cosdec,pm_dec,radial_velocity
[from data line 9416]
14.839591438557544,23.75797998144307,28.20155467484097,0.7655364981716245,0.06758722124594317,3.684085619319148e-15
14.837053929870866,23.767694935171445,28.19901989664309,0.7655901857195597,0.0679401839596088,-5.789277401787233e-15
14.834516163455964,23.777409874747445,28.196484471685185,0.7656438921367567,0.06829325808630177,-2.6314897280851058e-15
14.831978139158831,23.787124800163088,28.193948399884704,0.7656976174120558,0.0686464436394971,-2.1051917824680845e-15
14.829439856825406,23.79683971141041,28.191411681159057,0.7657513615342896,0.06899974063267093,3.684085619319148e-15
14.826901316301537,23.806554608481438,28.188874315425675,0.7658051244922813,0.06935314907930334,-1.2631150694808506e-14
14.824362517433029,23.816269491368214,28.18633630260196,0.7658589062748469,0.06970666899287645,2.1051917824680845e-15
14.821823460065602,23.825984360062733,28.18379764260536,0.7659127068707919,0.070060300386873,-6.315575347404253e-15
14.819284144044918,23.835699214557028,28.18125833535329,0.7659665262689146,0.07041404327478021,-5.262979456170211e-16
14.816744569216555,23.84541405484313,28.178718380763172,0.7660203644580041,0.07076789767008726,-6.8418732930212744e-15
14.814204735426049,23.855128880913032,28.176177778752432,0.7660742214268408,0.07112186358628403,-5.262979456170211e-16
14.811664642518842,23.864843692758743,28.17363652923849,0.7661280971641968,0.07147594103686433,-2.6314897280851058e-15
14.80912429034032,23.87455849037229,28.17109463213878,0.766181991658835,0.07183013003532444,5.2629794561702115e-15
14.806583678735796,23.884273273745666,28.168552087370703,0.7662359048995104,0.07218443059516134,0.0
14.804042807550513,23.89398804287088,28.166008894851707,0.7662898368749685,0.07253884272987655,-7.368171238638296e-15
14.801501676629668,23.903702797739925,28.163465054499195,0.7663437875739475,0.07289336645297137,5.2629794561702115e-15
14.798960285818357,23.91341753834478,28.16092056623062,0.7663977569851745,0.07324800177795174,-3.684085619319148e-15
14.796418634961613,23.923132264677477,28.158375429963357,0.7664517450973712,0.07360274871832514,-1.0525958912340423e-14
14.793876723904427,23.93284697672997,28.155829645614887,0.7665057518992471,0.07395760728760031,-1.0525958912340423e-15
14.791334552491689,23.942561674494257,28.153283213102597,0.7665597773795059,0.07431257749928985,-9.999660966723401e-15
14.78879212056824,23.952276357962347,28.150736132343905,0.7666138215268417,0.07466765936690867,-9.999660966723401e-15
14.786249427978849,23.96199102712618,28.148188403256263,0.7666678843299388,0.07502285290397238,-2.1051917824680845e-15
14.783706474568204,23.97170568197776,28.145640025757086,0.766721965777474,0.07537815812400042,2.6314897280851058e-15
14.781163260180934,23.98142032250907,28.143090999763775,0.7667760658581154,0.07573357504051469,-5.789277401787233e-15
14.778619784661599,23.991134948712062,28.140541325193766,0.7668301845605222,0.0760891036670379,4.210383564936169e-15
14.776076047854694,24.000849560578693,28.137991001964497,0.7668843218733441,0.07644474401709676,-6.8418732930212744e-15
14.773532049604631,24.010564158100973,28.135440029993383,0.7669384777852234,0.07680049610421984,-2.6314897280851058e-15
14.770987789755766,24.02027874127083,28.13288840919784,0.7669926522847927,0.0771563599419372,-3.684085619319148e-15
14.768443268152382,24.029993310080233,28.130336139495306,0.7670468453606762,0.07751233554378194,7.368171238638296e-15
14.765898484638688,24.039707864521144,28.12778322080318,0.7671010570014898,0.07786842292329031,2.6314897280851058e-15
14.76335343905883,24.049422404585506,28.12522965303891,0.7671552871958396,0.07822462209399889,-5.262979456170211e-16
14.760808131256866,24.059136930265304,28.122675436119916,0.7672095359323239,0.07858093306944888,-9.999660966723401e-15
14.758262561076828,24.068851441552432,28.1201205699636,0.7672638031995325,0.07893735586318171,-5.2629794561702115e-15
14.755716728362634,24.078565938438864,28.11756505448742,0.7673180889860447,0.07929389048874246,-9.47336302110638e-15
14.753170632958149,24.088280420916565,28.11500888960876,0.7673723932804334,0.07965053695967902,-7.894469184255318e-15
14.750624274707178,24.097994888977436,28.112452075245074,0.7674267160712608,0.08000729528953975,7.368171238638296e-15
14.748077653453429,24.107709342613415,28.10989461131378,0.7674810573470814,0.08036416549187703,-8.947065075489359e-15
14.745530769040567,24.117423781816463,28.10733649773229,0.7675354170964407,0.08072114758024522,-1.2631150694808506e-14
14.742983621312188,24.127138206578486,28.10477773441804,0.7675897953078753,0.08107824156820014,2.1051917824680845e-15
14.740436210111783,24.13685261689142,28.10221832128845,0.7676441919699126,0.08143544746930104,-1.2104852749191486e-14
14.73788853528282,24.146567012747195,28.099658258260938,0.7676986070710726,0.0817927652971097,-2.6314897280851058e-15
14.735340596668669,24.15628139413772,28.097097545252932,0.7677530405998652,0.08215019506518846,5.262979456170211e-16
14.732792394112634,24.16599576105491,28.094536182181855,0.767807492544791,0.08250773678710398,-3.684085619319148e-15
14.730243927457945,24.175710113490695,28.091974168965127,0.7678619628943442,0.08286539047642501,-3.1577876737021266e-15
14.727695196547778,24.185424451436965,28.08941150552018,0.7679164516370074,0.0832231561467211,-1.0525958912340423e-14
14.725146201225224,24.195138774885656,28.08684819176443,0.7679709587612562,0.08358103381156563,-2.6314897280851058e-15
14.7225969413333,24.20485308382866,28.084284227615303,0.768025484255557,0.08393902348453457,-2.1051917824680845e-15
14.720047416714973,24.21456737825786,28.08171961299022,0.7680800281083667,0.08429712517920447,-2.1051917824680845e-15
14.717497627213117,24.224281658165186,28.07915434780661,0.7681345903081342,0.08465533890915594,-6.8418732930212744e-15
14.714947572670553,24.23399592354253,28.076588431981886,0.7681891708432995,0.08501366468797193,9.47336302110638e-15
14.712397252930012,24.243710174381757,28.074021865433494,0.7682437697022924,0.0853721025292361,-1.7367832205361697e-14
14.709846667834183,24.253424410674793,28.07145464807883,0.7682983868735364,0.08573065244653666,0.0
14.707295817225656,24.263138632413504,28.06888677983533,0.7683530223454438,0.08608931445346181,-5.789277401787233e-15
14.70474470094696,24.272852839589778,28.066318260620427,0.7684076761064191,0.08644808856360432,-4.210383564936169e-15
14.702193318840568,24.282567032195505,28.06374909035152,0.7684623481448578,0.08680697479055839,0.0
14.699641670748857,24.29228121022255,28.061179268946063,0.7685170384491465,0.08716597314791988,1.5788938368510633e-15
14.697089756514153,24.301995373662773,28.058608796321455,0.7685717470076631,0.08752508364928821,1.5788938368510633e-15
14.694537575978693,24.311709522508092,28.056037672395128,0.7686264738087764,0.08788430630826494,-5.2629794561702115e-15
14.691985128984667,24.321423656750326,28.053465897084507,0.768681218840846,0.08824364113845287,5.262979456170211e-16
14.68943241537417,24.331137776381365,28.05089347030702,0.7687359820922233,0.08860308815345835,4.73668151055319e-15
14.68687943498924,24.34085188139309,28.04832039198007,0.7687907635512509,0.08896264736689038,0.0
14.684326187671845,24.35056597177731,28.04574666202111,0.7688455632062609,0.0893223187923587,0.0
14.681772673263866,24.360280047525915,28.043172280347548,0.768900381045579,0.08968210244347688,-3.1577876737021266e-15
14.679218891607128,24.369994108630767,28.040597246876796,0.7689552170575201,0.09004199833386078,-6.315575347404253e-15
14.676664842543387,24.37970815508368,28.038021561526303,0.7690100712303907,0.09040200647712732,-3.684085619319148e-15
14.674110525914317,24.389422186876516,28.035445224213472,0.7690649435524883,0.09076212688689698,-2.1051917824680845e-15
14.671555941561516,24.39913620400115,28.032868234855737,0.7691198340121022,0.09112235957679334,2.6314897280851058e-15
14.669001089326528,24.40885020644937,28.030290593370523,0.7691747425975113,0.09148270456043976,-2.6314897280851058e-15
14.66644596905081,24.418564194213047,28.02771229967524,0.7692296692969873,0.09184316185146488,-1.0525958912340423e-15
14.663890580575762,24.42827816728399,28.025133353687327,0.7692846140987919,0.09220373146349728,-1.5788938368510633e-15
14.661334923742697,24.43799212565406,28.0225537553242,0.769339576991178,0.09256441341016947,-7.894469184255318e-15
14.65877899839286,24.447706069315068,28.019973504503287,0.7693945579623891,0.09292520770511632,-7.894469184255318e-15
14.65622280436744,24.457419998258835,28.017392601142,0.7694495570006611,0.09328611436197395,-3.684085619319148e-15
14.65366634150753,24.467133912477184,28.014811045157774,0.7695045740942197,0.09364713339438159,-1.2104852749191486e-14
14.651109609654167,24.476847811961957,28.012228836468026,0.7695596092312822,0.09400826481598165,1.5788938368510633e-15
14.648552608648307,24.486561696704925,28.009645974990185,0.7696146624000563,0.09436950864041675,-7.894469184255318e-15
14.64599533833085,24.496275566697918,28.007062460641674,0.7696697335887412,0.09473086488133392,1.0525958912340423e-15
14.643437798542594,24.505989421932767,28.004478293339908,0.7697248227855281,0.09509233355238218,-8.420767129872338e-15
14.640879989124295,24.515703262401257,28.001893473002315,0.7697799299785969,0.09545391466721155,-2.1051917824680845e-15
14.638321909916623,24.525417088095175,27.999307999546332,0.7698350551561203,0.09581560823947612,-7.368171238638296e-15
14.635763560760179,24.535130899006354,27.996721872889363,0.7698901983062617,0.096177414282832,-3.1577876737021266e-15
14.63320494149549,24.544844695126564,27.99413509294884,0.7699453594171751,0.09653933281093664,-3.1577876737021266e-15
14.630646051963009,24.55455847644761,27.99154765964219,0.7700005384770061,0.09690136383745086,3.1577876737021266e-15
14.628086892003113,24.564272242961295,27.98895957288682,0.7700557354738902,0.09726350737603819,0.0
14.62552746145612,24.57398599465936,27.98637083260018,0.7701109503959548,0.0976257634403631,-1.0525958912340423e-15
14.622967760162268,24.583699731533642,27.98378143869968,0.7701661832313179,0.09798813204409389,1.0525958912340423e-15
14.62040778796171,24.593413453575867,27.981191391102737,0.770221433968089,0.09835061320090008,-9.47336302110638e-15
14.617847544694557,24.60312716077784,27.978600689726786,0.7702767025943676,0.09871320692445454,-1.0525958912340423e-14
14.615287030200808,24.61284085313136,27.976009334489238,0.7703319890982456,0.09907591322843264,-8.420767129872338e-15
14.612726244320424,24.62255453062815,27.973417325307523,0.7703872934678043,0.09943873212651048,-5.2629794561702115e-15
14.610165186893278,24.63226819326,27.970824662099062,0.7704426156911167,0.09980166363236848,-7.368171238638296e-15
14.607603857759159,24.641981841018676,27.968231344781298,0.7704979557562464,0.10016470775968889,-4.210383564936169e-15
14.605042256757804,24.65169547389593,27.965637373271626,0.7705533136512487,0.1005278645221551,1.0525958912340423e-15
14.602480383728864,24.661409091883506,27.963042747487485,0.7706086893641692,0.10089113393345482,3.1577876737021266e-15
14.599918238511918,24.6711226949732,27.960447467346295,0.770664082883044,0.10125451600727735,0.0
14.597355820946477,24.680836283156726,27.957851532765474,0.7707194941959012,0.1016180107573134,-1.0525958912340423e-15
14.594793130871983,24.690549856425832,27.95525494366246,0.7707749232907593,0.10198161819725735,0.0
14.59223016812778,24.700263414772294,27.952657699954653,0.7708303701556277,0.10234533834080635,-4.210383564936169e-15
14.589666932553175,24.709976958187806,27.950059801559508,0.7708858347785061,0.10270917120165785,1.0525958912340423e-15
14.587103423987372,24.719690486664142,27.947461248394422,0.7709413171473863,0.10307311679351368,-7.368171238638296e-15
14.584539642269517,24.729404000193036,27.944862040376826,0.7709968172502505,0.1034371751300777,-6.315575347404253e-15
14.581975587238677,24.7391174987662,27.94226217742415,0.7710523350750711,0.10380134622505512,6.315575347404253e-15
14.579411258733842,24.748830982375356,27.93966165945382,0.7711078706098121,0.10416563009215463,-3.1577876737021266e-15
14.576846656593935,24.758544451012256,27.937060486383242,0.7711634238424282,0.10453002674508745,-6.315575347404253e-15
14.574281780657811,24.76825790466861,27.93445865812985,0.7712189947608656,0.1048945361975657,9.47336302110638e-15
14.571716630764227,24.777971343336134,27.93185617461107,0.7712745833530601,0.10525915846330589,2.1051917824680845e-15
14.569151206751899,24.78768476700653,27.929253035744324,0.7713301896069391,0.10562389355602507,-4.210383564936169e-15
14.566585508459447,24.79739817567152,27.926649241447034,0.7713858135104207,0.1059887414894439,5.2629794561702115e-15
14.564019535725413,24.807111569322828,27.924044791636625,0.7714414550514139,0.10635370227728577,-7.368171238638296e-15
14.561453288388284,24.816824947952153,27.921439686230517,0.7714971142178193,0.10671877593327482,-2.1051917824680845e-15
14.558886766286461,24.82653831155116,27.91883392514614,0.7715527909975265,0.10708396247113891,-8.420767129872338e-15
14.556319969258274,24.836251660111593,27.916227508300906,0.7716084853784179,0.10744926190460848,-2.1051917824680845e-15
14.553752897141981,24.84596499362512,27.91362043561225,0.7716641973483658,0.10781467424741496,-2.1051917824680845e-15
14.551185549775758,24.855678312083448,27.911012706997592,0.7717199268952324,0.1081801995132936,-1.0525958912340423e-15
14.548617926997713,24.865391615478266,27.90840432237436,0.7717756740068727,0.10854583771598206,1.0525958912340423e-15
14.546050028645876,24.875104903801237,27.90579528165997,0.771831438671131,0.10891158886921885,-6.315575347404253e-15
14.54348185455821,24.88481817704406,27.90318558477185,0.7718872208758432,0.10927745298674643,-6.315575347404253e-15
14.540913404572594,24.894531435198424,27.90057523162741,0.771943020608836,0.10964343008230956,0.0
14.538344678526835,24.904244678255985,27.897964222144104,0.7719988378579256,0.11000952016965417,-1.0525958912340423e-15
14.535775676258679,24.913957906208417,27.89535255623932,0.7720546726109211,0.11037572326252983,0.0
14.533206397605767,24.923671119047395,27.892740233830498,0.7721105248556206,0.11074203937468871,8.420767129872338e-15
14.530636842405693,24.93338431676457,27.890127254835075,0.7721663945798135,0.11110846851988365,-1.2631150694808506e-14
14.52806701049597,24.943097499351637,27.887513619170452,0.7722222817712808,0.11147501071187214,-5.2629794561702115e-15
14.525496901714032,24.95281066680022,27.884899326754063,0.7722781864177931,0.11184166596441213,-1.0525958912340423e-15
14.522926515897234,24.96252381910198,27.882284377503332,0.7723341085071126,0.11220843429126535,-2.1051917824680845e-15
14.520355852882863,24.972236956248583,27.879668771335673,0.7723900480269911,0.11257531570619562,2.1051917824680845e-15
14.517784912508132,24.98195007823165,27.877052508168525,0.7724460049651728,0.11294231022296831,-7.368171238638296e-15
14.515213694610175,24.99166318504286,27.874435587919308,0.7725019793093915,0.11330941785535237,-1.0525958912340423e-15
14.512642199026052,25.001376276673845,27.87181801050543,0.772557971047372,0.11367663861711898,2.1051917824680845e-15
14.510070425592739,25.011089353116226,27.869199775844333,0.7726139801668297,0.11404397252204079,-7.368171238638296e-15
14.507498374147158,25.020802414361647,27.86658088385343,0.7726700066554714,0.11441141958389373,-5.2629794561702115e-15
14.504926044526144,25.030515460401748,27.863961334450146,0.7727260505009935,0.11477897981645634,5.2629794561702115e-15
14.502353436566443,25.04022849122814,27.861341127551913,0.7727821116910839,0.11514665323350848,-3.1577876737021266e-15
14.499780550104743,25.04994150683246,27.85872026307614,0.7728381902134214,0.11551443984883358,-1.2631150694808506e-14
14.497207384977656,25.05965450720634,27.85609874094026,0.7728942860556748,0.11588233967621746,-1.0525958912340423e-15
14.49463394102171,25.069367492341367,27.8534765610617,0.7729503992055036,0.11625035272944696,-7.368171238638296e-15
