galstreams/tracks/track.po.Sangarius.grillmair2017.ecsv
# %ECSV 0.9
# ---
# datatype:
# - {name: ra, unit: deg, datatype: float64}
# - {name: dec, unit: deg, datatype: float64}
# - {name: distance, unit: kpc, datatype: float64}
# - {name: pm_ra_cosdec, unit: mas / yr, datatype: float64}
# - {name: pm_dec, unit: mas / yr, datatype: float64}
# - {name: radial_velocity, unit: km / s, datatype: float64}
# delimiter: ','
# meta: !!omap
# - __serialized_columns__:
#     dec:
#       __class__: astropy.coordinates.angles.Latitude
#       unit: &id001 !astropy.units.Unit {unit: deg}
#       value: !astropy.table.SerializedColumn {name: dec}
#     distance:
#       __class__: astropy.coordinates.distances.Distance
#       unit: !astropy.units.Unit {unit: kpc}
#       value: !astropy.table.SerializedColumn {name: distance}
#     pm_dec:
#       __class__: astropy.units.quantity.Quantity
#       unit: !astropy.units.Unit {unit: mas / yr}
#       value: !astropy.table.SerializedColumn {name: pm_dec}
#     pm_ra_cosdec:
#       __class__: astropy.units.quantity.Quantity
#       unit: !astropy.units.Unit {unit: mas / yr}
#       value: !astropy.table.SerializedColumn {name: pm_ra_cosdec}
#     ra:
#       __class__: astropy.coordinates.angles.Longitude
#       unit: *id001
#       value: !astropy.table.SerializedColumn {name: ra}
#       wrap_angle: !astropy.coordinates.Angle
#         unit: *id001
#         value: 360.0
#     radial_velocity:
#       __class__: astropy.units.quantity.Quantity
#       unit: !astropy.units.Unit {unit: km / s}
#       value: !astropy.table.SerializedColumn {name: radial_velocity}
# schema: astropy-2.0
ra,dec,distance,pm_ra_cosdec,pm_dec,radial_velocity
134.03764086475874,-17.601067656625602,20.99999999999989,0.0,0.0,0.0
134.02503021198055,-17.34959638027979,20.999999999999904,0.0,0.0,0.0
134.0124540953423,-17.098124316075424,20.99999999999992,0.0,0.0,0.0
133.99991189072165,-16.846651478252866,20.99999999999993,0.0,0.0,0.0
133.98740297995695,-16.595177880916136,20.999999999999932,0.0,0.0,0.0
133.9749267507159,-16.343703538036362,20.999999999999943,0.0,0.0,0.0
133.96248259636678,-16.09222846345436,20.999999999999947,0.0,0.0,0.0
133.9500699158519,-15.840752670883646,20.999999999999954,0.0,0.0,0.0
133.93768811356298,-15.589276173913484,20.999999999999957,0.0,0.0,0.0
133.92533659921872,-15.337798986011284,20.999999999999964,0.0,0.0,0.0
133.9130147877445,-15.086321120525788,20.999999999999964,0.0,0.0,0.0
133.9007220991538,-14.834842590689393,20.999999999999968,0.0,0.0,0.0
133.88845795843167,-14.583363409620969,20.999999999999975,0.0,0.0,0.0
133.87622179542032,-14.331883590328692,20.999999999999975,0.0,0.0,0.0
133.86401304470584,-14.080403145712195,20.999999999999982,0.0,0.0,0.0
133.8518311455074,-13.828922088565376,20.999999999999982,0.0,0.0,0.0
133.83967554156771,-13.577440431579003,20.999999999999982,0.0,0.0,0.0
133.82754568104548,-13.325958187342769,20.99999999999999,0.0,0.0,0.0
133.815441016409,-13.074475368348233,20.99999999999999,0.0,0.0,0.0
133.8033610043319,-12.822991986990752,20.99999999999999,0.0,0.0,0.0
133.79130510559,-12.571508055572005,20.999999999999993,0.0,0.0,0.0
133.77927278495977,-12.320023586302542,20.99999999999999,0.0,0.0,0.0
133.7672635111184,-12.068538591303573,21.0,0.0,0.0,0.0
133.75527675654484,-11.817053082609785,20.999999999999996,0.0,0.0,0.0
133.7433119974229,-11.565567072171081,21.0,0.0,0.0,0.0
133.73136871354473,-11.314080571855001,21.0,0.0,0.0,0.0
133.71944638821665,-11.062593593448996,20.999999999999993,0.0,0.0,0.0
133.7075445081653,-10.81110614866228,21.0,0.0,0.0,0.0
133.69566256344552,-10.559618249128075,21.0,0.0,0.0,0.0
133.68380004734928,-10.308129906405867,21.0,0.0,0.0,0.0
133.6719564563157,-10.056641131983067,20.999999999999996,0.0,0.0,0.0
133.66013128984224,-9.805151937277492,20.999999999999993,0.0,0.0,0.0
133.64832405039675,-9.553662333638961,20.999999999999996,0.0,0.0,0.0
133.63653424333097,-9.302172332351475,20.999999999999993,0.0,0.0,0.0
133.62476137679462,-9.050681944635304,20.999999999999993,0.0,0.0,0.0
133.6130049616506,-8.799191181648569,20.99999999999999,0.0,0.0,0.0
133.60126451139126,-8.547700054489576,20.999999999999993,0.0,0.0,0.0
133.5895395420553,-8.296208574198333,20.99999999999999,0.0,0.0,0.0
133.57782957214576,-8.044716751758587,20.999999999999986,0.0,0.0,0.0
133.56613412254887,-7.793224598099845,20.99999999999999,0.0,0.0,0.0
133.55445271645348,-7.541732124098885,20.999999999999986,0.0,0.0,0.0
133.54278487927152,-7.290239340581728,20.999999999999982,0.0,0.0,0.0
133.53113013855904,-7.038746258325612,20.999999999999982,0.0,0.0,0.0
133.5194880239382,-6.7872528880603875,20.999999999999982,0.0,0.0,0.0
133.50785806701958,-6.535759240470734,20.999999999999986,0.0,0.0,0.0
133.4962398013256,-6.284265326197522,20.999999999999982,0.0,0.0,0.0
133.4846327622142,-6.032771155839705,20.999999999999982,0.0,0.0,0.0
133.4730364868035,-5.781276739956239,20.99999999999998,0.0,0.0,0.0
133.46145051389664,-5.529782089067376,20.999999999999986,0.0,0.0,0.0
133.44987438390754,-5.278287213656827,20.999999999999986,0.0,0.0,0.0
133.43830763878705,-5.026792124173052,20.999999999999986,0.0,0.0,0.0
133.42674982194953,-4.775296831031086,20.999999999999986,0.0,0.0,0.0
133.41520047820015,-4.523801344614394,20.99999999999999,0.0,0.0,0.0
133.4036591536623,-4.272305675276183,20.999999999999986,0.0,0.0,0.0
133.39212539570585,-4.0208098333411915,20.99999999999999,0.0,0.0,0.0
133.3805987528755,-3.769313829107519,20.99999999999999,0.0,0.0,0.0
133.3690787748197,-3.517817672847834,20.99999999999999,0.0,0.0,0.0
133.3575650122198,-3.2663213748114637,20.999999999999993,0.0,0.0,0.0
133.34605701671958,-3.0148249452255746,20.999999999999993,0.0,0.0,0.0
133.3345543408554,-2.7633283942969826,21.0,0.0,0.0,0.0
133.32305653798585,-2.5118317322138806,20.999999999999996,0.0,0.0,0.0
133.31156316222277,-2.2603349691470536,20.999999999999996,0.0,0.0,0.0
133.30007376836153,-2.0088381152519057,21.0,0.0,0.0,0.0
133.28858791181213,-1.7573411806696377,21.0,0.0,0.0,0.0
133.27710514853027,-1.5058441755289935,20.999999999999996,0.0,0.0,0.0
133.26562503494853,-1.2543471099480008,21.00000000000001,0.0,0.0,0.0
133.25414712790806,-1.0028499940351971,21.000000000000004,0.0,0.0,0.0
133.24267098458995,-0.7513528378913523,21.000000000000004,0.0,0.0,0.0
133.23119616244708,-0.49985565161120143,21.00000000000001,0.0,0.0,0.0
133.21972221913566,-0.24835844528461473,21.000000000000007,0.0,0.0,0.0
133.20824871244747,0.003138771001404438,21.000000000000007,0.0,0.0,0.0
133.19677520024132,0.25463598716155805,21.000000000000007,0.0,0.0,0.0
133.18530124037525,0.5061331931105292,21.000000000000007,0.0,0.0,0.0
133.17382639063845,0.7576303787612558,21.00000000000001,0.0,0.0,0.0
133.1623502086829,1.0091275340237709,21.000000000000007,0.0,0.0,0.0
133.15087225195552,1.2606246488032016,21.000000000000007,0.0,0.0,0.0
133.13939207762974,1.5121217129986049,21.000000000000007,0.0,0.0,0.0
133.1279092425373,1.7636187165012283,21.000000000000007,0.0,0.0,0.0
133.11642330309982,2.0151156491927966,21.000000000000007,0.0,0.0,0.0
133.10493381526015,2.2666125009443263,21.000000000000004,0.0,0.0,0.0
133.0934403344138,2.5181092616141147,21.000000000000004,0.0,0.0,0.0
133.08194241533994,2.7696059210465584,21.000000000000007,0.0,0.0,0.0
133.07043961213236,3.0211024690704087,21.000000000000007,0.0,0.0,0.0
133.0589314781301,3.272598895497015,21.000000000000004,0.0,0.0,0.0
133.04741756584798,3.524095190119142,21.0,0.0,0.0,0.0
133.0358974269067,3.775591342708913,21.0,0.0,0.0,0.0
133.02437061196267,4.0270873430166105,21.000000000000004,0.0,0.0,0.0
133.0128366706376,4.278583180768891,21.0,0.0,0.0,0.0
133.00129515144778,4.530078845667014,21.0,0.0,0.0,0.0
132.9897456017328,4.781574327385541,20.999999999999996,0.0,0.0,0.0
132.9781875675841,5.033069615570543,21.0,0.0,0.0,0.0
132.96662059377292,5.284564699837784,20.999999999999996,0.0,0.0,0.0
132.95504422367802,5.536059569771459,21.0,0.0,0.0,0.0
132.9434579992128,5.787554214922093,21.0,0.0,0.0,0.0
132.93186146075186,6.039048624805248,20.999999999999996,0.0,0.0,0.0
132.92025414705722,6.290542788899671,20.999999999999996,0.0,0.0,0.0
132.90863559520395,6.542036696645431,20.999999999999996,0.0,0.0,0.0
132.89700534050507,6.793530337442597,21.0,0.0,0.0,0.0
132.8853629164362,7.0450237006490655,20.999999999999996,0.0,0.0,0.0
132.8737078545593,7.296516775579216,20.999999999999993,0.0,0.0,0.0
132.86203968444585,7.548009551501969,20.999999999999996,0.0,0.0,0.0
132.85035793359935,7.799502017638938,20.999999999999996,0.0,0.0,0.0
132.8386621273772,8.05099416316282,20.999999999999996,0.0,0.0,0.0
132.82695178891174,8.302485977195492,21.0,0.0,0.0,0.0
132.8152264390307,8.553977448806227,21.0,0.0,0.0,0.0
132.8034855961766,8.805468567009836,21.0,0.0,0.0,0.0
132.7917287763256,9.056959320764825,21.0,0.0,0.0,0.0
132.77995549290543,9.308449698971527,21.000000000000004,0.0,0.0,0.0
132.76816525671228,9.559939690470193,21.000000000000004,0.0,0.0,0.0
132.75635757582705,9.811429284039079,21.000000000000007,0.0,0.0,0.0
132.74453195553053,10.062918468392526,21.000000000000007,0.0,0.0,0.0
132.73268789821756,10.314407232178976,21.000000000000007,0.0,0.0,0.0
132.7208249033103,10.565895563979012,21.000000000000007,0.0,0.0,0.0
132.70894246717035,10.817383452303345,21.00000000000001,0.0,0.0,0.0
132.69704008301005,11.068870885590774,21.000000000000014,0.0,0.0,0.0
132.6851172408022,11.32035785220616,21.00000000000001,0.0,0.0,0.0
132.6731734271893,11.571844340438306,21.000000000000014,0.0,0.0,0.0
132.661208125391,11.823330338497883,21.000000000000014,0.0,0.0,0.0
132.64922081511062,12.074815834515285,21.000000000000014,0.0,0.0,0.0
132.63721097244058,12.326300816538442,21.000000000000018,0.0,0.0,0.0
132.6251780697662,12.577785272530685,21.000000000000018,0.0,0.0,0.0
132.6131215756685,12.82926919036845,21.00000000000002,0.0,0.0,0.0
132.60104095482527,13.080752557839078,21.000000000000018,0.0,0.0,0.0
132.58893566791122,13.332235362638508,21.000000000000018,0.0,0.0,0.0
132.57680517149626,13.58371759236896,21.000000000000018,0.0,0.0,0.0
132.5646489179424,13.835199234536573,21.000000000000018,0.0,0.0,0.0
132.55246635529937,14.086680276549039,21.00000000000002,0.0,0.0,0.0
132.54025692719839,14.338160705713152,21.000000000000018,0.0,0.0,0.0
132.52802007274417,14.589640509232376,21.000000000000018,0.0,0.0,0.0
132.51575522640593,14.841119674204313,21.000000000000018,0.0,0.0,0.0
132.5034618179059,15.092598187618188,21.000000000000018,0.0,0.0,0.0
132.49113927210644,15.344076036352265,21.000000000000018,0.0,0.0,0.0
132.4787870088955,15.595553207171225,21.00000000000001,0.0,0.0,0.0
132.46640444306993,15.847029686723493,21.00000000000001,0.0,0.0,0.0
132.45399098421694,16.098505461538572,21.00000000000001,0.0,0.0,0.0
132.44154603659376,16.349980518024218,21.00000000000001,0.0,0.0,0.0
132.42906899900504,16.6014548424637,21.00000000000001,0.0,0.0,0.0
132.4165592646783,16.85292842101297,21.000000000000007,0.0,0.0,0.0
132.40401622113743,17.1044012396977,21.00000000000001,0.0,0.0,0.0
132.39143925007343,17.355873284410407,21.000000000000007,0.0,0.0,0.0
132.37882772721366,17.607344540907395,21.000000000000007,0.0,0.0,0.0
132.36618102218807,17.858814994805776,21.0,0.0,0.0,0.0
132.3534984983936,18.11028463158031,21.000000000000004,0.0,0.0,0.0
132.34077951285573,18.36175343656025,21.000000000000004,0.0,0.0,0.0
132.32802341608775,18.61322139492618,21.0,0.0,0.0,0.0
132.31522955194737,18.864688491706655,21.0,0.0,0.0,0.0
132.30239725749075,19.11615471177496,21.0,0.0,0.0,0.0
132.2895258628237,19.367620039845622,21.0,0.0,0.0,0.0
132.27661469095008,19.619084460471,21.0,0.0,0.0,0.0
132.2636630576175,19.870547958037765,21.0,0.0,0.0,0.0
132.25067027115992,20.12201051676326,21.0,0.0,0.0,0.0
132.23763563233717,20.373472120691865,20.999999999999996,0.0,0.0,0.0
132.22455843417157,20.62493275369126,21.000000000000007,0.0,0.0,0.0
132.21143796178103,20.876392399448626,21.000000000000004,0.0,0.0,0.0
132.19827349220927,21.127851041466723,21.000000000000007,0.0,0.0,0.0
132.18506429425233,21.379308663059977,21.000000000000007,0.0,0.0,0.0
132.1718096282816,21.63076524735037,21.00000000000001,0.0,0.0,0.0
132.15850874606372,21.882220777263413,21.00000000000001,0.0,0.0,0.0
132.1451608905762,22.13367523552386,21.00000000000001,0.0,0.0,0.0
132.13176529581975,22.385128604651463,21.00000000000001,0.0,0.0,0.0
132.11832118662662,22.636580866956542,21.000000000000018,0.0,0.0,0.0
132.1048277784647,22.88803200453558,21.000000000000018,0.0,0.0,0.0
132.09128427723812,23.139481999266604,21.000000000000018,0.0,0.0,0.0
132.077689879083,23.39093083280454,21.000000000000018,0.0,0.0,0.0
132.06404377015946,23.64237848657646,21.00000000000002,0.0,0.0,0.0
132.05034512643854,23.89382494177674,21.00000000000002,0.0,0.0,0.0
132.03659311348548,24.145270179362033,21.00000000000003,0.0,0.0,0.0
132.02278688623747,24.396714180046267,21.00000000000003,0.0,0.0,0.0
132.008925588777,24.648156924295417,21.000000000000032,0.0,0.0,0.0
131.99500835410026,24.899598392322243,21.00000000000003,0.0,0.0,0.0
131.98103430388036,25.151038564080853,21.00000000000003,0.0,0.0,0.0
131.96700254822537,25.40247741926118,21.00000000000003,0.0,0.0,0.0
131.9529121854309,25.653914937283336,21.000000000000032,0.0,0.0,0.0
131.93876230172742,25.905351097291817,21.000000000000036,0.0,0.0,0.0
131.9245519710216,26.156785878149616,21.000000000000036,0.0,0.0,0.0
131.91028025463194,26.40821925843217,21.000000000000032,0.0,0.0,0.0
131.89594620101846,26.659651216421143,21.000000000000032,0.0,0.0,0.0
131.881548845506,26.911081730098182,21.000000000000036,0.0,0.0,0.0
131.8670872100015,27.16251077713837,21.000000000000036,0.0,0.0,0.0
131.8525603027044,27.41393833490365,21.000000000000032,0.0,0.0,0.0
131.8379671178106,27.665364380436046,21.00000000000004,0.0,0.0,0.0
131.8233066352092,27.91678889045075,21.00000000000004,0.0,0.0,0.0
131.80857782017247,28.168211841328986,21.000000000000036,0.0,0.0,0.0
131.79377962303826,28.419633209110803,21.000000000000043,0.0,0.0,0.0
131.77891097888494,28.671052969487597,21.000000000000046,0.0,0.0,0.0
131.76397080719843,28.922471097794546,21.00000000000005,0.0,0.0,0.0
131.74895801153176,29.17388756900276,21.00000000000005,0.0,0.0,0.0
131.73387147915557,29.425302357711356,21.000000000000057,0.0,0.0,0.0
131.71871008070104,29.676715438139244,21.000000000000064,0.0,0.0,0.0
131.70347266979337,29.928126784116778,21.000000000000075,0.0,0.0,0.0
131.68815808267692,30.179536369077173,21.000000000000078,0.0,0.0,0.0
131.6727651378303,30.43094416604769,21.00000000000009,0.0,0.0,0.0
131.6572926355731,30.68235014764066,21.000000000000107,0.0,0.0,0.0
131.64173935766152,30.933754286044227,21.000000000000114,0.0,0.0,0.0
131.62610406687494,31.185156553012884,21.000000000000128,0.0,0.0,0.0
131.6103855065915,31.43655691985778,21.000000000000146,0.0,0.0,0.0
131.5945824003532,31.68795535743677,21.00000000000016,0.0,0.0,0.0
131.57869345141984,31.939351836144226,21.000000000000174,0.0,0.0,0.0
131.5627173423117,32.19074632590054,21.00000000000018,0.0,0.0,0.0
131.54665273434028,32.44213879614139,21.000000000000195,0.0,0.0,0.0
