galstreams/tracks/track.st.Turranburra.shipp2019.ecsv
# %ECSV 1.0
# ---
# datatype:
# - {name: ra, unit: deg, datatype: float64}
# - {name: dec, unit: deg, datatype: float64}
# - {name: distance, unit: kpc, datatype: float64}
# - {name: pm_ra_cosdec, unit: mas / yr, datatype: float64}
# - {name: pm_dec, unit: mas / yr, datatype: float64}
# - {name: radial_velocity, unit: km / s, datatype: float64}
# delimiter: ','
# meta: !!omap
# - __serialized_columns__:
#     dec:
#       __class__: astropy.coordinates.angles.Latitude
#       unit: &id001 !astropy.units.Unit {unit: deg}
#       value: !astropy.table.SerializedColumn {name: dec}
#     distance:
#       __class__: astropy.coordinates.distances.Distance
#       unit: !astropy.units.Unit {unit: kpc}
#       value: !astropy.table.SerializedColumn {name: distance}
#     pm_dec:
#       __class__: astropy.units.quantity.Quantity
#       unit: !astropy.units.Unit {unit: mas / yr}
#       value: !astropy.table.SerializedColumn {name: pm_dec}
#     pm_ra_cosdec:
#       __class__: astropy.units.quantity.Quantity
#       unit: !astropy.units.Unit {unit: mas / yr}
#       value: !astropy.table.SerializedColumn {name: pm_ra_cosdec}
#     ra:
#       __class__: astropy.coordinates.angles.Longitude
#       unit: *id001
#       value: !astropy.table.SerializedColumn {name: ra}
#       wrap_angle: !astropy.coordinates.Angle
#         unit: *id001
#         value: 360.0
#     radial_velocity:
#       __class__: astropy.units.quantity.Quantity
#       unit: !astropy.units.Unit {unit: km / s}
#       value: !astropy.table.SerializedColumn {name: radial_velocity}
# schema: astropy-2.0
ra,dec,distance,pm_ra_cosdec,pm_dec,radial_velocity
[from data line 1144]
70.50033399734227,-24.049021569160416,27.500000000000007,0.36772506268625094,-0.7680880040148961,1000.0000000000003
70.50962126284296,-24.054368494603462,27.500000000000007,0.3676556767263297,-0.7676449884487808,1000.0000000000002
70.51890840674261,-24.059716366306333,27.500000000000007,0.3675861351211507,-0.7672016972853002,1000.0000000000003
70.52819542942275,-24.065065184261027,27.500000000000004,0.36751643780008725,-0.7667581305540612,1000.0000000000003
70.53748233126501,-24.070414948459554,27.500000000000007,0.3674465846924959,-0.7663142882846854,1000.0000000000003
70.5467691126511,-24.075765658893932,27.500000000000004,0.3673765757277292,-0.765870170506807,1000.0000000000003
70.5560557739629,-24.08111731555618,27.500000000000004,0.3673064108351247,-0.7654257772500848,1000.0000000000003
70.56534231558233,-24.086469918438304,27.5,0.36723608994400614,-0.7649811085441902,1000.0000000000002
70.57462873789144,-24.09182346753232,27.500000000000004,0.36716561298369177,-0.7645361644188093,1000.0000000000003
70.58391504127243,-24.097177962830262,27.500000000000004,0.3670949798834844,-0.7640909449036477,1000.0000000000002
70.59320122610758,-24.102533404324117,27.500000000000007,0.36702419057267455,-0.7636454500284313,1000.0000000000002
70.60248729277927,-24.107889792005935,27.500000000000007,0.36695324498054616,-0.7631996798228973,1000.0000000000001
70.61177324167,-24.11324712586773,27.500000000000004,0.36688214303636535,-0.7627536343168027,1000.0000000000002
70.62105907316234,-24.118605405901512,27.500000000000004,0.36681088466939493,-0.7623073135399214,1000.0000000000003
70.63034478763907,-24.123964632099323,27.500000000000007,0.3667394698088806,-0.7618607175220422,1000.0000000000006
70.63963038548299,-24.129324804453173,27.500000000000004,0.366667898384055,-0.7614138462929727,1000.0000000000003
70.64891586707704,-24.134685922955093,27.500000000000007,0.36659617032414626,-0.7609666998825397,1000.0000000000003
70.65820123280425,-24.140047987597114,27.500000000000007,0.3665242855583666,-0.7605192783205834,1000.0000000000002
70.66748648304778,-24.14541099837127,27.50000000000001,0.3664522440159166,-0.7600715816369594,1000.0000000000007
70.67677161819091,-24.150774955269576,27.499999999999996,0.36638004562598825,-0.7596236098615465,1000.0000000000002
70.68605663861702,-24.15613985828406,27.500000000000007,0.3663076903177602,-0.7591753630242368,1000.0000000000002
70.69534154470959,-24.161505707406764,27.500000000000007,0.3662351780203985,-0.758726841154937,1000.0000000000003
70.7046263368522,-24.16687250262972,27.5,0.36616250866306177,-0.7582780442835748,1000.0000000000006
70.71391101542858,-24.17224024394495,27.500000000000007,0.36608968217489557,-0.7578289724400951,1000.0000000000002
70.72319558082253,-24.177608931344484,27.50000000000001,0.3660166984850326,-0.7573796256544565,1000.0
70.73248003341797,-24.182978564820374,27.500000000000004,0.3659435575225962,-0.7569300039566365,1000.0000000000002
70.74176437359895,-24.18834914436464,27.50000000000001,0.365870259216698,-0.7564801073766301,1000.0000000000002
70.75104860174962,-24.19372066996932,27.500000000000007,0.36579680349643584,-0.7560299359444502,1000.0000000000002
70.7603327182542,-24.199093141626445,27.500000000000007,0.3657231902909026,-0.7555794896901218,1000.0000000000003
70.76961672349712,-24.20446655932806,27.50000000000001,0.36564941952917085,-0.7551287686436936,1000.0000000000006
70.7789006178628,-24.209840923066196,27.500000000000007,0.36557549114031107,-0.7546777728352279,1000.0000000000003
70.78818440173586,-24.215216232832898,27.50000000000001,0.3655014050533747,-0.7542265022948005,1000.0000000000003
70.79746807550097,-24.22059248862018,27.50000000000001,0.36542716119740737,-0.7537749570525132,1000.0000000000002
70.80675163954295,-24.225969690420104,27.500000000000007,0.36535275950144186,-0.7533231371384783,1000.0000000000002
70.81603509424673,-24.231347838224696,27.500000000000007,0.36527819989449783,-0.7528710425828251,1000.0000000000003
70.8253184399973,-24.23672693202599,27.50000000000001,0.3652034823055865,-0.7524186734157028,1000.0000000000002
70.83460167717985,-24.24210697181604,27.50000000000001,0.36512860666370583,-0.7519660296672757,1000.0000000000007
70.84388480617959,-24.247487957586863,27.500000000000007,0.36505357289784257,-0.7515131113677285,1000.0
70.85316782738188,-24.252869889330512,27.50000000000001,0.36497838093697377,-0.7510599185472575,1000.0000000000002
70.86245074117222,-24.25825276703903,27.500000000000007,0.3649030307100638,-0.7506064512360799,1000.0000000000003
70.87173354793617,-24.263636590704433,27.50000000000001,0.36482752214606484,-0.7501527094644294,1000.0000000000003
70.88101624805942,-24.269021360318778,27.500000000000007,0.36475185517392217,-0.7496986932625562,1000.0
70.89029884192779,-24.274407075874105,27.500000000000014,0.36467602972256574,-0.749244402660727,1000.0000000000003
70.89958132992716,-24.279793737362443,27.500000000000007,0.36460004572091353,-0.7487898376892286,1000.0000000000002
70.90886371244358,-24.285181344775832,27.50000000000001,0.36452390309787575,-0.748334998378362,1000.0000000000002
70.91814598986315,-24.29056989810631,27.500000000000007,0.36444760178235036,-0.7478798847584467,1000.0000000000003
70.92742816257217,-24.29595939734592,27.500000000000007,0.3643711417032207,-0.7474244968598183,1000.0000000000003
70.93671023095695,-24.30134984248669,27.500000000000014,0.36429452278936547,-0.7469688347128298,1000.0000000000002
70.94599219540396,-24.30674123352067,27.50000000000001,0.36421774496964554,-0.7465128983478526,1000.0000000000003
70.9552740562998,-24.312133570439887,27.50000000000001,0.36414080817291494,-0.7460566877952726,1000.0000000000006
70.96455581403116,-24.317526853236373,27.50000000000001,0.3640637123280104,-0.7456002030854982,1000.0000000000002
70.97383746898481,-24.32292108190218,27.500000000000007,0.363986457363769,-0.745143444248948,1000.0000000000001
70.9831190215477,-24.328316256429325,27.500000000000007,0.36390904320900574,-0.7446864113160618,1000.0
70.99240047210681,-24.33371237680986,27.500000000000007,0.363831469792528,-0.7442291043172959,1000.0000000000003
71.00168182104927,-24.339109443035806,27.500000000000007,0.36375373704313274,-0.743771523283125,1000.0000000000002
71.01096306876238,-24.344507455099208,27.500000000000007,0.36367584488960447,-0.7433136682440393,1000.0000000000003
71.02024421563345,-24.349906412992095,27.500000000000007,0.36359779326071884,-0.7428555392305434,1000.0000000000003
71.02952526204994,-24.355306316706493,27.50000000000001,0.36351958208523727,-0.7423971362731683,1000.0000000000006
71.03880620839948,-24.36070716623444,27.500000000000007,0.36344121129190876,-0.7419384594024514,1000.0
71.04808705506969,-24.366108961567967,27.500000000000007,0.36336268080947876,-0.7414795086489554,1000.0000000000002
71.05736780244843,-24.37151170269911,27.500000000000007,0.3632839905666718,-0.741020284043254,1000.0000000000006
71.06664845092357,-24.376915389619874,27.50000000000001,0.36320514049220964,-0.7405607856159433,1000.0000000000003
71.07592900088315,-24.38232002232232,27.50000000000001,0.3631261305147959,-0.7401010133976333,1000.0000000000006
71.0852094527153,-24.387725600798454,27.50000000000001,0.36304696056312946,-0.739640967418953,1000.0000000000006
71.09448980680827,-24.393132125040317,27.500000000000007,0.3629676305658902,-0.7391806477105471,1000.0000000000002
71.10377006355043,-24.398539595039917,27.500000000000007,0.3628881404517559,-0.7387200543030787,1000.0000000000002
71.11305022333022,-24.40394801078929,27.500000000000007,0.3628084901493851,-0.7382591872272299,1000.0000000000003
71.12233028653624,-24.409357372280457,27.50000000000001,0.3627286795874307,-0.7377980465136948,1000.0000000000003
71.13161025355718,-24.41476767950545,27.500000000000007,0.36264870869453114,-0.7373366321931889,1000.0000000000002
71.14089012478186,-24.420178932456263,27.50000000000001,0.3625685773993148,-0.7368749442964462,1000.0000000000002
71.15016990059917,-24.425591131124943,27.50000000000001,0.3624882856304008,-0.7364129828542141,1000.0000000000003
71.15944958139814,-24.431004275503504,27.50000000000001,0.3624078333163945,-0.7359507478972578,1000.0000000000003
71.16872916756793,-24.436418365583947,27.50000000000001,0.3623272203858894,-0.7354882394563629,1000.0000000000006
71.17800865949776,-24.441833401358302,27.500000000000007,0.362246446767472,-0.7350254575623287,1000.0000000000002
71.18728805757705,-24.44724938281858,27.50000000000001,0.36216551238971206,-0.7345624022459747,1000.0000000000006
71.19656736219522,-24.452666309956786,27.50000000000001,0.3620844171811721,-0.7340990735381374,1000.0000000000002
71.20584657374187,-24.45808418276495,27.500000000000004,0.3620031610704044,-0.7336354714696673,1000.0000000000001
71.21512569260672,-24.463503001235075,27.500000000000007,0.36192174398594656,-0.7331715960714345,1000.0000000000003
71.22440471917955,-24.468922765359153,27.500000000000007,0.3618401658563275,-0.7327074473743287,1000.0000000000001
71.23368365385032,-24.474343475129206,27.500000000000004,0.3617584266100624,-0.7322430254092533,1000.0000000000002
71.24296249700903,-24.479765130537235,27.50000000000001,0.36167652617565826,-0.7317783302071295,1000.0000000000006
71.25224124904587,-24.485187731575248,27.50000000000001,0.3615944644816087,-0.7313133617988976,1000.0000000000002
71.26151991035107,-24.490611278235235,27.50000000000001,0.36151224145639893,-0.7308481202155166,1000.0000000000002
71.270798481315,-24.49603577050921,27.50000000000001,0.36142985702850106,-0.7303826054879572,1000.0000000000006
71.28007696232817,-24.50146120838916,27.500000000000007,0.36134731112637475,-0.729916817647212,1000.0000000000002
71.28935535378113,-24.50688759186709,27.500000000000007,0.3612646036784728,-0.7294507567242889,1000.0000000000002
71.29863365606467,-24.51231492093499,27.500000000000007,0.36118173461323066,-0.7289844227502149,1000.0000000000002
71.30791186956952,-24.51774319558485,27.500000000000007,0.36109870385908116,-0.7285178157560335,1000.0000000000007
71.31718999468669,-24.523172415808663,27.500000000000007,0.36101551134443466,-0.7280509357728056,1000.0000000000001
71.32646803180718,-24.52860258159841,27.500000000000004,0.36093215699770087,-0.7275837828316112,1000.0000000000003
71.33574598132216,-24.53403369294609,27.50000000000001,0.36084864074727463,-0.727116356963541,1000.0000000000003
71.34502384362293,-24.53946574984368,27.50000000000001,0.3607649625215388,-0.726648658199712,1000.0000000000002
71.35430161910085,-24.54489875228316,27.500000000000007,0.36068112224886417,-0.7261806865712535,1000.0000000000003
71.36357930814741,-24.550332700256508,27.500000000000007,0.36059711985761234,-0.7257124421093142,1000.0000000000002
71.37285691115424,-24.555767593755714,27.500000000000007,0.36051295527613414,-0.7252439248450573,1000.0000000000003
71.38213442851306,-24.56120343277274,27.500000000000007,0.36042862843276957,-0.7247751348096667,1000.0000000000002
71.3914118606157,-24.56664021729956,27.500000000000004,0.36034413925584396,-0.7243060720343424,1000.0000000000002
71.40068920785411,-24.572077947328157,27.500000000000007,0.3602594876736771,-0.7238367365503011,1000.0000000000002
71.40996647062036,-24.577516622850474,27.500000000000007,0.360174673614571,-0.7233671283887779,1000.0000000000001
71.41924364930661,-24.5829562438585,27.50000000000001,0.36008969700682325,-0.7228972475810265,1000.0000000000002
71.42852074430515,-24.588396810344197,27.500000000000007,0.3600045577787183,-0.7224270941583137,1000.0000000000006
71.43779775600841,-24.593838322299504,27.50000000000001,0.3599192558585227,-0.7219566681519289,1000.0000000000003
71.44707468480885,-24.599280779716402,27.500000000000018,0.359833791174504,-0.7214859695931759,1000.0000000000006
71.45635153109917,-24.60472418258683,27.50000000000001,0.3597481636549078,-0.7210149985133762,1000.0000000000006
71.46562829527203,-24.61016853090275,27.50000000000001,0.35966237322797867,-0.7205437549438694,1000.0000000000003
71.47490497772034,-24.615613824656116,27.500000000000007,0.35957641982193933,-0.7200722389160128,1000.0000000000002
71.48418157883705,-24.621060063838858,27.500000000000007,0.3594903033650103,-0.7196004504611824,1000.0000000000002
71.49345809901524,-24.626507248442934,27.50000000000001,0.35940402378539416,-0.7191283896107676,1000.0000000000003
71.50273453864811,-24.631955378460283,27.500000000000018,0.3593175810112874,-0.718656056396179,1000.0000000000002
71.51201089812893,-24.637404453882844,27.50000000000001,0.35923097497087597,-0.7181834508488416,1000.0000000000006
71.52128717785119,-24.642854474702553,27.50000000000001,0.3591442055923282,-0.7177105730002031,1000.0000000000002
71.53056337820836,-24.648305440911336,27.500000000000007,0.3590572728038093,-0.717237422881722,1000.0000000000001
71.53983949959411,-24.65375735250113,27.500000000000014,0.35897017653346897,-0.7167640005248779,1000.0000000000002
71.5491155424022,-24.659210209463865,27.50000000000001,0.35888291670944605,-0.7162903059611696,1000.0000000000002
71.55839150702651,-24.664664011791448,27.500000000000014,0.35879549325986915,-0.7158163392221124,1000.0000000000002
71.56766739386103,-24.670118759475812,27.50000000000001,0.35870790611285464,-0.7153421003392357,1000.0000000000002
71.57694320329983,-24.675574452508876,27.50000000000001,0.3586201551965118,-0.7148675893440886,1000.0000000000003
71.58621893573716,-24.681031090882545,27.50000000000001,0.3585322404389335,-0.7143928062682394,1000.0000000000002
71.59549459156734,-24.686488674588738,27.500000000000014,0.3584441617682037,-0.7139177511432702,1000.0000000000003
71.60477017118482,-24.691947203619353,27.50000000000001,0.35835591911239595,-0.7134424240007871,1000.0000000000006
71.61404567498415,-24.69740667796631,27.50000000000001,0.3582675123995711,-0.7129668248724061,1000.0000000000003
71.62332110335998,-24.70286709762149,27.50000000000001,0.3581789415577852,-0.7124909537897657,1000.0000000000002
71.63259645670712,-24.70832846257681,27.50000000000001,0.3580902065150724,-0.7120148107845199,1000.0000000000002
71.64187173542048,-24.713790772824144,27.50000000000001,0.3580013071994639,-0.7115383958883434,1000.0000000000002
71.65114693989503,-24.719254028355397,27.50000000000001,0.35791224353897966,-0.7110617091329225,1000.0000000000003
71.66042207052591,-24.724718229162452,27.500000000000007,0.35782301546162465,-0.7105847505499643,1000.0000000000002
71.66969712770839,-24.73018337523719,27.50000000000001,0.3577336228953938,-0.7101075201711975,1000.0000000000002
71.6789721118378,-24.73564946657148,27.500000000000018,0.35764406576827246,-0.7096300180283621,1000.0000000000006
71.6882470233096,-24.741116503157222,27.500000000000018,0.3575543440082358,-0.7091522441532185,1000.0000000000002
71.69752186251938,-24.746584484986272,27.50000000000001,0.35746445754324574,-0.7086741985775449,1000.0000000000002
71.70679662986286,-24.752053412050493,27.50000000000001,0.3573744063012536,-0.7081958813331357,1000.0000000000006
71.71607132573584,-24.75752328434177,27.50000000000001,0.35728419021019864,-0.7077172924518029,1000.0000000000003
71.72534595053422,-24.762994101851938,27.50000000000001,0.3571938091980147,-0.7072384319653815,1000.0000000000002
71.73462050465406,-24.76846586457287,27.50000000000001,0.35710326319261787,-0.7067592999057148,1000.0000000000001
71.74389498849152,-24.77393857249642,27.50000000000001,0.35701255212191696,-0.7062798963046695,1000.0000000000003
71.75316940244286,-24.779412225614436,27.50000000000001,0.35692167591380564,-0.705800221194131,1000.0000000000002
71.76244374690447,-24.784886823918743,27.500000000000018,0.35683063449617336,-0.7053202746060006,1000.0000000000006
71.77171802227284,-24.79036236740121,27.50000000000001,0.35673942779689183,-0.7048400565721935,1000.0000000000001
71.78099222894458,-24.795838856053656,27.50000000000001,0.3566480557438274,-0.7043595671246488,1000.0000000000006
