galstreams/tracks/track.st.M68.ibata2020.ecsv
# %ECSV 0.9
# ---
# datatype:
# - {name: ra, unit: deg, datatype: float64}
# - {name: dec, unit: deg, datatype: float64}
# - {name: distance, unit: kpc, datatype: float64}
# - {name: pm_ra_cosdec, unit: mas / yr, datatype: float64}
# - {name: pm_dec, unit: mas / yr, datatype: float64}
# - {name: radial_velocity, unit: km / s, datatype: float64}
# delimiter: ','
# meta: !!omap
# - __serialized_columns__:
#     dec:
#       __class__: astropy.coordinates.angles.Latitude
#       unit: &id001 !astropy.units.Unit {unit: deg}
#       value: !astropy.table.SerializedColumn {name: dec}
#     distance:
#       __class__: astropy.coordinates.distances.Distance
#       unit: !astropy.units.Unit {unit: kpc}
#       value: !astropy.table.SerializedColumn {name: distance}
#     pm_dec:
#       __class__: astropy.units.quantity.Quantity
#       unit: !astropy.units.Unit {unit: mas / yr}
#       value: !astropy.table.SerializedColumn {name: pm_dec}
#     pm_ra_cosdec:
#       __class__: astropy.units.quantity.Quantity
#       unit: !astropy.units.Unit {unit: mas / yr}
#       value: !astropy.table.SerializedColumn {name: pm_ra_cosdec}
#     ra:
#       __class__: astropy.coordinates.angles.Longitude
#       unit: *id001
#       value: !astropy.table.SerializedColumn {name: ra}
#       wrap_angle: !astropy.coordinates.Angle
#         unit: *id001
#         value: 360.0
#     radial_velocity:
#       __class__: astropy.units.quantity.Quantity
#       unit: !astropy.units.Unit {unit: km / s}
#       value: !astropy.table.SerializedColumn {name: radial_velocity}
# schema: astropy-2.0
ra,dec,distance,pm_ra_cosdec,pm_dec,radial_velocity
186.34675513778396,-43.81627188081575,4.088841678096575,-4.444599652167087,9.298821311786465,-1.6841534259744676e-14
186.37827110873044,-43.742711058092866,4.082124247948081,-4.453266991570303,9.335728611362416,5.0524602779234026e-14
186.40936508380665,-43.66909270716703,4.07561679419469,-4.461586224901999,9.371471599692892,-1.6841534259744676e-14
186.44004346200794,-43.59541783991294,4.069317161151275,-4.469560121216107,9.406060343092616,-5.0524602779234026e-14
186.47031261153157,-43.52168745737189,4.0632231931327105,-4.477191511345845,9.439504892339395,-3.368306851948935e-14
186.50017886990366,-43.44790255000013,4.057332734453873,-4.484483286115089,9.47181528313245,-3.368306851948935e-14
186.52964854410908,-43.37406409791292,4.051643629429638,-4.49143839458315,9.503001536545153,3.368306851948935e-14
186.55872791072417,-43.300173071123666,4.046153722374877,-4.498059842322555,9.533073659471862,1.6841534259744676e-14
186.5874232160524,-43.22623042977856,4.040860857604468,-4.5043506897294705,9.562041645068888,-3.368306851948935e-14
186.6157406762625,-43.15223712438614,4.035762879433284,-4.5103140503664525,9.589915473189391,-5.0524602779234026e-14
186.6436864775293,-43.07819409604275,4.030857632176201,-4.515953089337074,9.616705110812088,-5.0524602779234026e-14
186.67126677617665,-43.00410227665323,4.026142960148093,-4.52127102169215,9.642420512463728,-1.6841534259744676e-14
186.69848769882307,-42.929962589147266,4.021616707663834,-4.526271110867135,9.667071620635184,-6.73661370389787e-14
186.72535534252916,-42.85577594769098,4.017276719038301,-4.530956667150399,9.690668366191108,-1.6841534259744676e-14
186.75187577494762,-42.78154325789448,4.013120838586368,-4.535331046181973,9.713220668773058,1.6841534259744676e-14
186.7780550344746,-42.707265417014824,4.009146910622909,-4.539397647482448,9.734738437195983,0.0
186.80389913040364,-42.63294331415504,4.0053527794627986,-4.543159913011653,9.755231569838124,-3.368306851948935e-14
186.8294140430809,-42.55857783045823,4.001736289420914,-4.546621325756764,9.774709955024104,-1.6841534259744676e-14
186.85460572406245,-42.48416983929816,3.998295284812128,-4.54978540834955,9.793183471401274,-5.0524602779234026e-14
186.87948009627297,-42.40972020646531,3.9950276099513156,-4.55265572171232,9.810661988309256,0.0
186.90404305416612,-42.33522979034888,3.99193110915335,-4.555235863732311,9.827155366142557,-1.6841534259744676e-14
186.9283004638863,-42.26069944211498,3.9890036267331106,-4.557529467964134,9.842673456706322,-1.6841534259744676e-14
186.95225816343182,-42.18613000588022,3.986243007005468,-4.559540202359972,9.85722610356517,-1.6841534259744676e-14
186.9759219628196,-42.11152231888193,3.983647094285299,-4.5612717680271695,9.87082314238502,-3.368306851948935e-14
186.99929764425067,-42.036877211644125,3.9812137328874786,-4.5627278980129,9.883474401267986,-1.6841534259744676e-14
187.02239096227717,-41.9621955081399,3.978940767126879,-4.563912356115556,9.895189701080257,-1.6841534259744676e-14
187.04520764397046,-41.887478025949385,3.976826041318378,-4.564828935722599,9.905978855772968,-3.368306851948935e-14
187.06775338909,-41.812725576414614,3.974867399776849,-4.565481458674465,9.915851672696103,-1.6841534259744676e-14
187.09003387025354,-41.73793896479018,3.9730626868171672,-4.565873774154259,9.92481795290536,-5.0524602779234026e-14
187.11205473310784,-41.66311899039058,3.971409746754208,-4.566009757602901,9.932887491462001,-3.368306851948935e-14
187.13382159650064,-41.58826644673336,3.969906423902845,-4.565893309659427,9.940070077725757,-3.368306851948935e-14
187.15534005265314,-41.51338212167918,3.9685505625779545,-4.565528355126096,9.946375495640675,-6.73661370389787e-14
187.17661566733324,-41.43846679756804,3.96734000709441,-4.564918841958017,9.951813524014064,-5.0524602779234026e-14
187.19765398002946,-41.36352125135228,3.966272601767087,-4.564068740276991,9.95639393678847,-1.6841534259744676e-14
187.21846050412577,-41.288546254725546,3.9653461909108585,-4.562982041409272,9.960126503306679,-5.0524602779234026e-14
187.23904072707649,-41.21354257424886,3.9645586188406026,-4.561662756946886,9.963020988569872,-1.6841534259744676e-14
187.2594001105821,-41.138510971473124,3.9639077298711913,-4.560114917832293,9.965087153488877,-3.368306851948935e-14
187.27954409076537,-41.06345220305819,3.963391368317501,-4.558342573466025,9.966334755128592,-1.6841534259744676e-14
187.299478078348,-40.98836702088896,3.963007378494406,-4.55634979083705,9.966773546945571,-1.6841534259744676e-14
187.31920745882746,-40.91325617218764,3.962753604716782,-4.554140653675538,9.966413279018852,-3.368306851948935e-14
187.3387375926545,-40.83812039962331,3.962627891299502,-4.551719261627754,9.965263698274082,-3.368306851948935e-14
187.35807381541068,-40.76296044141811,3.9626280825574427,-4.549089729452796,9.963334548700873,-3.368306851948935e-14
187.37722143798618,-40.68777703145052,3.962752022805477,-4.546256186240886,9.960635571563593,-3.368306851948935e-14
187.396185746758,-40.61257089935503,3.962997556358481,-4.543222774652915,9.957176505605506,-1.6841534259744676e-14
187.4149720037683,-40.53734277061929,3.9633625275313293,-4.539993650181003,9.952967087246357,0.0
187.4335854469027,-40.46209336667803,3.9638447806388974,-4.536572980429753,9.94801705077349,-1.6841534259744676e-14
187.45203129006885,-40.38682340500423,3.964442159996059,-4.532964944417942,9.942336128526488,-6.73661370389787e-14
187.4703147233751,-40.311533599196835,3.965152509917689,-4.5291737319003955,9.93593405107541,-1.6841534259744676e-14
187.48844091330938,-40.23622465906627,3.9659736747186627,-4.525203542709744,9.928820547392705,-3.368306851948935e-14
187.50641500291738,-40.16089729071661,3.966903498713855,-4.521058586117785,9.921005345018846,-3.368306851948935e-14
187.52424211198175,-40.08555219662533,3.96793982621814,-4.51674308021625,9.912498170221724,-3.368306851948935e-14
187.54192733720043,-40.01019007571988,3.9690805015463924,-4.512261251316632,9.903308748149875,-1.6841534259744676e-14
187.5594757523654,-39.93481162345189,3.9703233690134896,-4.507617333368866,9.893446802979627,-3.368306851948935e-14
187.57689240854083,-39.85941753186854,3.971666272934303,-4.502815567398585,9.882922058056195,0.0
187.59418233424182,-39.78400848968126,3.973107057623709,-4.497860200962684,9.871744236028784,-3.368306851948935e-14
187.61135053561222,-39.70858518233212,3.9746435673965816,-4.492755487622972,9.859923058979822,-3.368306851948935e-14
187.6284019966029,-39.63314829205704,3.9762736465677984,-4.487505686437631,9.847468248548278,-3.368306851948935e-14
187.64534167914928,-39.55769849794712,3.9779951394522306,-4.4821150614702265,9.834389526047303,-3.368306851948935e-14
187.6621745233492,-39.482236476007095,3.9798058903647546,-4.476587881316049,9.820696612576059,-5.0524602779234026e-14
187.67890544763992,-39.406762899211664,3.981703743620245,-4.470928418645523,9.806399229125972,-3.368306851948935e-14
187.6955393489755,-39.33127843755884,3.9836865435335773,-4.465140949764456,9.791507096681379,0.0
187.71208110300327,-39.255783758121574,3.9857521344196254,-4.459229754190851,9.776029936314696,-5.0524602779234026e-14
187.7285355642405,-39.18027952509657,3.9878983605932654,-4.453199114248082,9.759977469276128,-3.368306851948935e-14
187.74490756625045,-39.104766399851265,3.99012306636937,-4.4470533146741875,9.743359417078045,-6.73661370389787e-14
187.76120192181807,-39.0292450409678,3.9924240960628157,-4.440796642247025,9.726185501574038,-1.6841534259744676e-14
187.77742342312553,-38.953716104285625,3.9947992939884767,-4.4344333854250735,9.708465445032783,-1.6841534259744676e-14
187.7935768419272,-38.878180242941205,3.997246504461229,-4.427967834003656,9.690208970206722,-3.368306851948935e-14
187.80966692972424,-38.80263810740619,3.999763571795944,-4.42140427878633,9.67142580039573,-6.73661370389787e-14
187.8256984179388,-38.72709034552274,4.002348340307501,-4.414747011271247,9.652125659505707,-3.368306851948935e-14
187.8416760180879,-38.651537602537424,4.004998654310772,-4.408000323352249,9.632318272102289,0.0
187.85760442195658,-38.57598052113274,4.0077123581206315,-4.401168507034446,9.612013363459717,-8.420767129872338e-14
187.87348830177095,-38.50041974145651,4.010487296051958,-4.394255854164106,9.591220659604828,0.0
187.8893323103704,-38.42485590114984,4.013321312419622,-4.387266656172615,9.56994988735648,-1.6841534259744676e-14
187.90514108137958,-38.34928963537228,4.016212251538501,-4.380205203834249,9.54821077436019,-1.6841534259744676e-14
187.92091922937976,-38.27372157682575,4.019157957723467,-4.373075787037633,9.526013049118339,-1.6841534259744676e-14
187.93667135007968,-38.19815235577634,4.022156275289398,-4.36588269457058,9.503366441015771,-3.368306851948935e-14
187.95240202048595,-38.12258260007436,4.025205048551167,-4.358630213918161,9.480280680341066,-1.6841534259744676e-14
187.9681157990727,-38.04701293517228,4.028302121823651,-4.3513226310737565,9.4567654983034,0.0
187.98381722595096,-37.97144398414124,4.031445339421721,-4.343964230362923,9.432830627045174,-6.73661370389787e-14
187.99951082303727,-37.895876367685545,4.034632545660253,-4.336559294279805,9.408485799650403,-5.0524602779234026e-14
188.01520109422162,-37.8203107041558,4.0378615848541255,-4.329112103335957,9.38374075014901,0.0
188.03089252553534,-37.74474760955978,4.041130301318208,-4.321626935921344,9.358605213517054,-1.6841534259744676e-14
188.04658958531755,-37.66918769757214,4.04443653936738,-4.314108068177269,9.333088925672929,-1.6841534259744676e-14
188.06229672438172,-37.59363157954228,4.047778143316513,-4.30655977388114,9.307201623469727,-1.6841534259744676e-14
188.07801837618132,-37.51807986450083,4.051152957480484,-4.298986324342748,9.280953044683669,0.0
188.0937589569748,-37.442533159164114,4.054558826174166,-4.291391988311981,9.254352927998834,-1.6841534259744676e-14
188.10952286599,-37.366992067937566,4.057993593712435,-4.283781031897669,9.227411012988126,-1.6841534259744676e-14
188.12531448558804,-37.291457192917385,4.061455104410164,-4.276157718497466,9.200137040090649,-6.73661370389787e-14
188.14113818142621,-37.215929133890754,4.064941202582231,-4.268526308738486,9.172540750585483,-1.6841534259744676e-14
188.15699830262068,-37.140408488334835,4.06844973254351,-4.260891060428592,9.144631886561992,-3.368306851948935e-14
188.17289918190804,-37.06489585141385,4.071978538608873,-4.253256228518063,9.116420190886673,-1.6841534259744676e-14
188.1888451358066,-36.98939181597529,4.075525465093198,-4.245626065071519,9.087915407166665,1.6841534259744676e-14
188.20484046477665,-36.913896972544435,4.079088356311357,-4.238004819249893,9.059127279709944,-3.368306851948935e-14
188.22088945338024,-36.83841190931794,4.082665056578228,-4.230396737302238,9.030065553482332,-3.368306851948935e-14
188.23699637044024,-36.762937212155535,4.086253410208683,-4.222806062567255,9.000739974061268,-3.368306851948935e-14
188.25316546919865,-36.68747346457094,4.089851261517599,-4.215237035484278,8.971160287586576,0.0
188.26940098747417,-36.612021247721366,4.093456454819849,-4.207693893613626,8.941336240708115,-1.6841534259744676e-14
188.285707147819,-36.53658114039598,4.097066834430309,-4.200180871666028,8.911277580530529,-3.368306851948935e-14
188.30208815767523,-36.461153719002745,4.100680244663853,-4.1927022015410795,8.880994054555053,-1.6841534259744676e-14
188.31854820953006,-36.38573955755456,4.104294529835357,-4.185262112374463,8.850495410618498,-3.368306851948935e-14
188.33509148107052,-36.310339227654076,4.107907534259695,-4.177864830593761,8.819791396829455,-1.6841534259744676e-14
188.35172213533747,-36.2349532984775,4.111517102251741,-4.170514579982733,8.788891761501779,-1.6841534259744676e-14
188.36844432087878,-36.15958233675715,4.115121078126372,-4.163215581753868,8.757806253085441,-3.368306851948935e-14
188.38526217190176,-36.084226906763135,4.118717306198462,-4.155972054629023,8.726544620094739,0.0
188.40217980842482,-36.008887570283974,4.122303630782884,-4.148788214928004,8.695116611034047,0.0
188.41920133642844,-35.93356488660616,4.125877896194515,-4.141668276664905,8.663531974321034,-3.368306851948935e-14
188.4363308480052,-35.85825941249284,4.1294379467482285,-4.134616451652041,8.631800458207493,-1.6841534259744676e-14
188.45357242150936,-35.78297170216147,4.1329816267589,-4.127636949611338,8.599931810697807,-1.6841534259744676e-14
188.47093012170518,-35.707702307260654,4.136506780541404,-4.1207339782929715,8.56793577946514,-3.368306851948935e-14
188.4884079999149,-35.63245177684599,4.140011252410615,-4.113911743601124,8.535822111765349,-1.6841534259744676e-14
188.5060100941658,-35.55722065735512,4.143492886681409,-4.107174449726688,8.503600554348761,0.0
188.5237404293363,-35.482009492581916,4.146949527668661,-4.100526299286772,8.471280853369768,0.0
188.54160301730138,-35.40681882364985,4.150379019687244,-4.093971493470802,8.438872754294408,1.6841534259744676e-14
188.5596018570774,-35.33164918898462,4.153779207052034,-4.0875142321931515,8.406386001805869,1.6841534259744676e-14
188.57774093496573,-35.25650112428589,4.157147934077906,-4.081158714252036,8.373830339708086,1.6841534259744676e-14
188.5960242246958,-35.18137516249847,4.160483045079732,-4.074909137494606,8.34121551082738,-1.6841534259744676e-14
188.6144556875674,-35.106271833782614,4.163782384372391,-4.068769698988037,8.308551256912278,-1.6841534259744676e-14
188.63303927259196,-35.03119166548372,4.1670437962707565,-4.06274459519648,8.275847318531515,1.6841534259744676e-14
188.65177891663325,-34.95613518210136,4.170265125089703,-4.0568380221637295,8.243113434970237,-3.368306851948935e-14
188.67067854454692,-34.881102905257606,4.173444215144104,-4.0510541757014265,8.21035934412461,0.0
188.6897420693197,-34.80609535366481,4.1765789107488365,-4.045397251582698,8.17759478239465,1.6841534259744676e-14
188.70897339220724,-34.731113043092726,4.179667056218772,-4.039871445741037,8.144829484575542,8.420767129872338e-15
188.72837640287153,-34.656156486335135,4.18270649586879,-4.034480954474311,8.112073183747357,-2.5262301389617013e-14
188.7479549795173,-34.5812261931758,4.185695074013762,-4.029229974653738,8.079335611163305,-8.420767129872338e-15
188.76771298902756,-34.506322670354045,4.188630634968566,-4.0241227039376835,8.046626496136478,8.420767129872338e-15
188.78765428709838,-34.43144642152969,4.191511023048071,-4.019163340990152,8.013955565925233,1.6841534259744676e-14
188.80778271837286,-34.356597947247636,4.194334082567156,-4.014356085703806,7.98133254561718,8.420767129872338e-15
188.82810211657414,-34.281777744901824,4.197097657840697,-4.0097051394274015,7.948767158011876,2.5262301389617013e-14
188.84861630463755,-34.20698630869895,4.199799593183566,-4.005214705197472,7.916269123502234,1.6841534259744676e-14
188.86932909484213,-34.132224129621655,4.20243773291064,-4.00088898797414,7.883848159954703,1.6841534259744676e-14
188.890244288941,-34.057491695391285,4.205009921336792,-3.9967321948809196,7.851513982588305,-2.5262301389617013e-14
188.91136567829116,-33.98278949043039,4.207514002776897,-3.992748535448362,7.819276303852461,0.0
188.9326970439821,-33.90811799582482,4.20994782154583,-3.9889422218614032,7.787144833303801,-8.420767129872338e-15
188.95424215696403,-33.83347768928547,4.212309221958467,-3.9853174692103197,7.75512927748189,-8.420767129872338e-15
188.9760047781746,-33.75886904510979,4.214596048329681,-3.9818784957451014,7.723239339783943,1.6841534259744676e-14
188.99798865866555,-33.6842925341429,4.216806144974349,-3.978629523133155,7.691484720338574,-8.420767129872338e-15
189.02019753972763,-33.609748623738575,4.218937356207344,-3.975574776720173,7.659875115878651,1.6841534259744676e-14
189.04263515301545,-33.53523777771989,4.220987526343541,-3.9727184857940836,7.628420219613233,-1.6841534259744676e-14
189.06530522067087,-33.4607604563397,4.222954499697816,-3.9700648838518773,7.597129721098671,-8.420767129872338e-15
189.08821145544587,-33.38631711624086,4.224836120585043,-3.9676182088692764,7.566013306108941,3.368306851948935e-14
