galstreams/tracks/track.st.C-7.ibata2021.ecsv
# %ECSV 1.0
# ---
# datatype:
# - {name: ra, unit: deg, datatype: float64}
# - {name: dec, unit: deg, datatype: float64}
# - {name: distance, unit: kpc, datatype: float64}
# - {name: pm_ra_cosdec, unit: mas / yr, datatype: float64}
# - {name: pm_dec, unit: mas / yr, datatype: float64}
# - {name: radial_velocity, unit: km / s, datatype: float64}
# delimiter: ','
# meta: !!omap
# - __serialized_columns__:
#     dec:
#       __class__: astropy.coordinates.angles.Latitude
#       unit: &id001 !astropy.units.Unit {unit: deg}
#       value: !astropy.table.SerializedColumn {name: dec}
#     distance:
#       __class__: astropy.coordinates.distances.Distance
#       unit: !astropy.units.Unit {unit: kpc}
#       value: !astropy.table.SerializedColumn {name: distance}
#     pm_dec:
#       __class__: astropy.units.quantity.Quantity
#       unit: !astropy.units.Unit {unit: mas / yr}
#       value: !astropy.table.SerializedColumn {name: pm_dec}
#     pm_ra_cosdec:
#       __class__: astropy.units.quantity.Quantity
#       unit: !astropy.units.Unit {unit: mas / yr}
#       value: !astropy.table.SerializedColumn {name: pm_ra_cosdec}
#     ra:
#       __class__: astropy.coordinates.angles.Longitude
#       unit: *id001
#       value: !astropy.table.SerializedColumn {name: ra}
#       wrap_angle: !astropy.coordinates.Angle
#         unit: *id001
#         value: 360.0
#     radial_velocity:
#       __class__: astropy.units.quantity.Quantity
#       unit: !astropy.units.Unit {unit: km / s}
#       value: !astropy.table.SerializedColumn {name: radial_velocity}
# schema: astropy-2.0
ra,dec,distance,pm_ra_cosdec,pm_dec,radial_velocity
[from data line 285]
275.5074345190873,-52.58482302426369,5.872838086265263,-15.169595052653815,-8.93801691371526,27.10909501917012
275.52347294455944,-52.58255290222665,5.872183070507256,-15.168371772589248,-8.942599727910872,26.92674174133241
275.53950962009105,-52.580280408611635,5.871529443124534,-15.167146959880169,-8.94718313662456,26.744758060331982
275.55554454414124,-52.57800554373639,5.870877203048869,-15.165920613831732,-8.951767136537446,26.56314369423293
275.5715777151707,-52.575728307918936,5.870226349212038,-15.16469273375183,-8.956351724330599,26.381898361098067
275.5876091316409,-52.57344870147776,5.869576880545813,-15.16346331895118,-8.960936896684947,26.201021778990782
275.6036387920146,-52.571166724731626,5.86892879598197,-15.162232368743275,-8.96552265028134,26.020513665974757
275.61966669475567,-52.568882377999714,5.868282094452284,-15.160999882444404,-8.97010898180048,25.84037374011305
275.6356928383289,-52.56659566160153,5.8676367748885285,-15.159765859373648,-8.974695887922982,25.660601719469195
275.6517172212003,-52.564306575857,5.866992836222477,-15.158530298852913,-8.979283365329326,25.48119732210646
275.667739841837,-52.562015121086375,5.866350277385908,-15.15729320020681,-8.983871410699944,25.3021602660884
275.6837606987072,-52.55972129761025,5.8657090973105905,-15.15605456276283,-8.988460020715113,25.12349026947842
275.69977979028033,-52.55742510574962,5.865069294928305,-15.154814385851182,-8.993049192055048,24.94518705033943
275.7157971150266,-52.55512654582588,5.864430869170822,-15.153572668804927,-8.99763892139981,24.767250326735276
275.73181267141763,-52.552825618160675,5.863793818969917,-15.152329410959846,-9.002229205429442,24.58967981672926
275.74782645792607,-52.5505223230761,5.863158143257365,-15.151084611654532,-9.00682004082384,24.412475238384612
275.7638384730257,-52.54821666089462,5.86252384096494,-15.149838270230369,-9.011411424262834,24.235636309764487
275.7798487151912,-52.545908631939014,5.861890911024417,-15.148590386031538,-9.016003352426106,24.059162748932927
275.7958571828987,-52.543598236532425,5.861259352367569,-15.147340958404946,-9.020595821993362,23.883054273952478
275.81186387462515,-52.54128547499839,5.860629163926172,-15.146089986700341,-9.025188829644117,23.707310602887226
275.82786878884883,-52.53897034766079,5.860000344632003,-15.14483747027021,-9.029782372057863,23.531931453800095
275.8438719240488,-52.53665285484389,5.859372893416832,-15.143583408469851,-9.034376445913963,23.3569165447546
275.85987327870566,-52.53433299687225,5.858746809212436,-15.142327800657302,-9.038971047891758,23.18226559381425
275.8758728513009,-52.53201077407086,5.858122090950589,-15.141070646193404,-9.043566174670488,23.00797831904214
275.8918706403171,-52.529686186765026,5.8574987375630645,-15.139811944441766,-9.0481618229293,22.834054438501692
275.90786664423786,-52.527359235280464,5.856876747981641,-15.138551694768793,-9.052757989347246,22.66049367025658
275.92386086154823,-52.52502991994316,5.856256121138086,-15.137289896543615,-9.05735467060341,22.487295732369684
275.9398532907341,-52.52269824107955,5.855636855964181,-15.136026549138174,-9.061951863376702,22.314460342904795
275.95584393028247,-52.52036419901639,5.855018951391698,-15.134761651927175,-9.066549564346001,22.14198721992518
275.9718327786815,-52.5180277940808,5.854402406352411,-15.1334952042881,-9.071147770190105,21.96987608149421
275.98781983442075,-52.51568902660022,5.853787219778096,-15.132227205601156,-9.075746477587819,21.798126645674934
276.00380509599046,-52.51334789690251,5.8531733906005226,-15.130957655249391,-9.080345683217807,21.626738630530987
276.0197885618821,-52.51100440531584,5.8525609177514735,-15.129686552618569,-9.08494538375868,21.455711754126217
276.0357702305884,-52.508658552168775,5.851949800162718,-15.128413897097236,-9.08954557588904,21.285045734522928
276.0517501006033,-52.50631033779019,5.851340036766031,-15.127139688076698,-9.09414625628741,21.11474028978538
276.06772817042145,-52.50395976250933,5.850731626493187,-15.125863924951044,-9.09874742163225,20.944795137976698
276.0837044385391,-52.501606826655845,5.8501245682759615,-15.124586607117086,-9.103349068601995,20.77520999716004
276.0996789034531,-52.49925153055969,5.849518861046128,-15.12330773397447,-9.107951193874973,20.605984585399085
276.115651563662,-52.49689387455116,5.848914503735465,-15.122027304925503,-9.112553794129568,20.437118620756863
276.13162241766514,-52.49453385896095,5.84831149527574,-15.120745319375336,-9.117156866044024,20.2686118212971
276.1475914639629,-52.49217148412007,5.847709834598734,-15.119461776731852,-9.121760406296579,20.100463905082957
276.163558701057,-52.489806750359946,5.847109520636217,-15.118176676405696,-9.126364411565426,19.932674590177808
276.17952412745024,-52.48743965801227,5.846510552319967,-15.116890017810233,-9.130968878528744,19.765243594645057
276.1954877416465,-52.48507020740916,5.845912928581757,-15.115601800361645,-9.135573803864647,19.598170636548122
276.2114495421507,-52.48269839888304,5.845316648353361,-15.114312023478833,-9.140179184251213,19.431455433950457
276.22740952746904,-52.48032423276671,5.844721710566553,-15.113020686583457,-9.144785016366493,19.265097704915092
276.24336769610886,-52.47794770939331,5.844128114153111,-15.111727789099929,-9.149391296888545,19.09909716750557
276.25932404657846,-52.47556882909637,5.843535858044807,-15.110433330455416,-9.153998022495342,18.933453539785376
276.27527857738744,-52.47318759220969,5.842944941173416,-15.10913731007984,-9.158605189864854,18.768166539817845
276.2912312870463,-52.47080399906752,5.842355362470711,-15.107839727405878,-9.163212795675015,18.603235885666297
276.30718217406707,-52.46841805000438,5.841767120868466,-15.106540581868924,-9.167820836603788,18.4386612953941
276.3231312369625,-52.46602974535519,5.841180215298461,-15.105239872907143,-9.172429309329058,18.274442487064608
276.3390784742467,-52.463639085455185,5.840594644692466,-15.103937599961453,-9.177038210528705,18.110579178741105
276.35502388443473,-52.461246070639994,5.840010407982256,-15.102633762475529,-9.181647536880577,17.94707108848733
276.37096746604317,-52.458850701245545,5.839427504099607,-15.10132835989573,-9.186257285062581,17.783917934366222
276.3869092175893,-52.45645297760814,5.838845931976292,-15.100021391671229,-9.190867451752535,17.621119434441308
276.4028491375916,-52.45405290006444,5.838265690544087,-15.098712857253897,-9.195478033628271,17.458675306776083
276.4187872245699,-52.45165046895144,5.8376867787347635,-15.097402756098386,-9.200089027367598,17.296585269433795
276.43472347704505,-52.44924568460649,5.8371091954800995,-15.09609108766203,-9.204700429648367,17.13484904047795
276.4506578935392,-52.44683854736726,5.836532939711868,-15.094777851404936,-9.209312237148389,16.973466337971427
276.46659047257515,-52.4444290575718,5.835958010361845,-15.09346304678997,-9.21392444654546,16.812436879978236
276.48252121267734,-52.442017215558536,5.835384406361804,-15.092146673282704,-9.218537054517387,16.651760384561364
276.4984501123712,-52.43960302166615,5.834812126643519,-15.09082873035145,-9.223150057742007,16.491436569784472
276.5143771701833,-52.437186476233755,5.834241170138765,-15.08950921746725,-9.227763452897143,16.331465153710436
276.5303023846412,-52.43476757960075,5.833671535779315,-15.088188134103907,-9.23237723666059,16.171845854403347
276.54622575427373,-52.432346332106945,5.8331032224969475,-15.086865479737932,-9.23699140571019,16.01257838992571
276.56214727761096,-52.42992273409243,5.832536229223434,-15.08554125384856,-9.241605956723795,15.853662478341725
276.5780669531839,-52.42749678589766,5.83197055489055,-15.084215455917768,-9.246220886379263,15.695097837714053
276.5939847795249,-52.42506848786348,5.831406198430068,-15.082888085430286,-9.250836191354447,15.536884186106668
276.609900755167,-52.42263784033101,5.830843158773765,-15.081559141873546,-9.255451868327206,15.37902124158279
276.62581487864526,-52.42020484364174,5.830281434853415,-15.080228624737682,-9.260067913975499,15.221508722205382
276.641727148495,-52.417769498137524,5.829721025600793,-15.078896533515595,-9.264684324977212,15.06434634603812
276.6576375632532,-52.41533180416056,5.829161929947674,-15.077562867702895,-9.269301098010294,14.90753383114442
276.6735461214576,-52.41289176205335,5.828604146825829,-15.076227626797943,-9.273918229752681,14.751070895587686
276.68945282164754,-52.41044937215876,5.828047675167038,-15.07489081030176,-9.278535716882407,14.594957257431139
276.70535766236327,-52.40800463482,5.82749251390307,-15.073552417718137,-9.283153556077483,14.439192634738095
276.7212606421459,-52.40555755038065,5.826938661965703,-15.072212448553591,-9.287771744015917,14.283776745572194
276.73716175953837,-52.40310811918455,5.8263861182867105,-15.070870902317314,-9.29239027737584,14.128709307996552
276.75306101308416,-52.400656341575974,5.825834881797868,-15.069527778521246,-9.29700915283534,13.973990040074723
276.7689584013281,-52.39820221789949,5.825284951430948,-15.068183076680056,-9.30162836707257,13.81961865986991
276.78485392281635,-52.395745748500005,5.824736326117728,-15.066836796311087,-9.306247916765717,13.665594885445483
276.8007475760958,-52.393286933722806,5.82418900478998,-15.065488936934454,-9.310867798592984,13.511918434864993
276.81663935971494,-52.39082577391344,5.823642986379479,-15.064139498072924,-9.315488009232679,13.358589026191611
276.8325292722232,-52.388362269417854,5.823098269818001,-15.062788479252001,-9.320108545363087,13.205606377488637
276.84841731217097,-52.38589642058236,5.822554854037318,-15.061435879999943,-9.324729403662538,13.052970206820032
276.86430347811034,-52.38342822775353,5.822012737969207,-15.060081699847624,-9.32935058080949,12.90068023224827
276.880187768594,-52.38095769127832,5.821471920545443,-15.058725938328708,-9.333972073482347,12.748736171837631
276.896070182176,-52.37848481150402,5.820932400697798,-15.05736859497955,-9.338593878359632,12.597137743650947
276.9119507174117,-52.37600958877826,5.820394177358047,-15.056009669339176,-9.343215992119898,12.445884665751452
276.9278293728572,-52.37353202344903,5.819857249457966,-15.05464916094936,-9.347838411441742,12.294976656202751
276.9437061470703,-52.371052115864586,5.819321615929328,-15.05328706935455,-9.352461133003855,12.144413433068195
276.9595810386095,-52.36856986637358,5.81878727570391,-15.051923394101909,-9.357084153484939,11.994194714411273
276.9754540460346,-52.36608527532502,5.818254227713484,-15.050558134741314,-9.361707469563765,11.84432021829537
276.9913251679068,-52.36359834306816,5.817722470889826,-15.04919129082531,-9.36633107791923,11.69478966278359
277.00719440278806,-52.361109069952676,5.81719200416471,-15.047822861909163,-9.370954975230225,11.545602765939432
277.0230617492417,-52.35861745632855,5.816662826469909,-15.046452847550846,-9.375579158175714,11.39675924582647
277.0389272058323,-52.35612350254608,5.8161349367372015,-15.045081247311005,-9.380203623434763,11.24825882050777
277.0547907711253,-52.353627208955956,5.815608333898357,-15.043708060753003,-9.384828367686472,11.100101208046667
277.0706524436876,-52.35112857590912,5.815083016885157,-15.042333287442881,-9.389453387610049,10.95228612650702
277.08651222208726,-52.3486276037569,5.814558984629368,-15.040956926949377,-9.394078679884773,10.804813293951407
277.10237010489305,-52.34612429285097,5.814036236062771,-15.039578978843952,-9.398704241189927,10.657682428444073
277.11822609067553,-52.34361864354327,5.813514770117134,-15.038199442700693,-9.403330068205003,10.510893248047696
277.13408017800606,-52.34111065618617,5.81299458572424,-15.03681831809643,-9.407956157609455,10.3644454708261
277.1499323654572,-52.33860033113227,5.8124756818158545,-15.035435604610663,-9.412582506082888,10.218338814842252
277.1657826516026,-52.336087668734585,5.811958057323758,-15.034051301825603,-9.417209110304938,10.072572998160092
277.1816310350173,-52.33357266934643,5.811441711179726,-15.0326654093261,-9.421835966955364,9.927147738842251
277.19747751427735,-52.331055333321416,5.810926642315528,-15.031277926699723,-9.42646307271403,9.782062754952584
277.21332208796,-52.32853566101356,5.810412849662941,-15.029888853536715,-9.43109042426084,9.637317764554513
277.2291647546436,-52.32601365277717,5.8099003321537435,-15.028498189430012,-9.4357180182758,9.492912485711104
277.2450055129078,-52.323489308966835,5.809389088719702,-15.02710593397521,-9.440345851439055,9.348846636486096
277.2608443613334,-52.32096262993756,5.808879118292597,-15.025712086770607,-9.444973920430801,9.205119934942505
277.2766812985022,-52.318433616044636,5.8083704198042,-15.024316647417168,-9.44960222193134,9.06173209914387
277.29251632299724,-52.31590226764369,5.8078629921862905,-15.022919615518527,-9.454230752621076,8.918682847153507
277.3083494334028,-52.313368585090686,5.807356834370635,-15.02152099068104,-9.458859509180497,8.775971897034774
277.3241806283044,-52.31083256874189,5.806851945289017,-15.020120772513655,-9.463488488290245,8.633598966851
277.3400099062885,-52.308294218953904,5.806348323873203,-15.01871896062808,-9.468117686631008,8.491563774665778
277.35583726594285,-52.305753536083714,5.805845969054972,-15.017315554638653,-9.4727471008836,8.34986603854231
277.37166270585647,-52.30321052048855,5.805344879766098,-15.015910554162375,-9.477376727728972,8.208505476544111
277.38748622461947,-52.30066517252602,5.8048450549383555,-15.014503958818926,-9.482006563848156,8.067481806734186
277.403307820823,-52.29811749255401,5.804346493503518,-15.013095768230682,-9.486636605922293,7.926794747176139
277.4191274930595,-52.29556748093083,5.803849194393361,-15.01168598202265,-9.491266850632648,7.786444015933438
277.4349452399225,-52.29301513801503,5.80335315653966,-15.010274599822534,-9.49589729466058,7.646429331069555
277.45076106000704,-52.29046046416549,5.802858378874188,-15.008861621260673,-9.500527934687636,7.50675041064749
277.4665749519089,-52.28790345974144,5.8023648603287175,-15.007447045970082,-9.505158767395415,7.36740697273061
277.4823869142251,-52.28534412510247,5.801872599835029,-15.00603087358646,-9.50978978946561,7.228398735382859
277.4981969455542,-52.28278246060841,5.801381596324892,-15.004613103748127,-9.514420997580153,7.089725416667084
277.5140050444956,-52.280218466619466,5.800891848730081,-15.00319373609609,-9.519052388421022,6.951386734646434
277.5298112096499,-52.27765214349617,5.800403355982374,-15.001772770274018,-9.523683958670293,6.813382407384937
277.54561543961887,-52.27508349159939,5.799916117013544,-15.000350205928221,-9.528315705010243,6.675712152945609
277.5614177330055,-52.27251251129027,5.799430130755363,-14.998926042707712,-9.532947624123217,6.53837568939197
277.57721808841416,-52.26993920293031,5.798945396139612,-14.997500280264061,-9.53757971269176,6.401372734787271
277.5930165044501,-52.26736356688132,5.798461912098057,-14.996072918251597,-9.542211967398504,6.264703007194816
277.60881297971974,-52.26478560350547,5.797979677562479,-14.994643956327245,-9.546844384926217,6.128366224677957
277.624607512831,-52.26220531316518,5.797498691464649,-14.993213394150589,-9.551476961957835,5.992362105300432
277.64040010239273,-52.25962269622325,5.797018952736345,-14.99178123138386,-9.556109695176417,5.856690367125158
277.65619074701493,-52.25703775304279,5.796540460309339,-14.99034746769197,-9.560742581265156,5.7213507282157225
277.6719794453089,-52.254450483987206,5.7960632131154055,-14.988912102742434,-9.565375616907403,5.586342906635343
277.687766195887,-52.251860889420264,5.795587210086319,-14.98747513620546,-9.570008798786626,5.451666620447608
277.70355099736287,-52.24926896970602,5.795112450153855,-14.986036567753846,-9.574642123586496,5.317321587715905
277.7193338483514,-52.24667472520885,5.794638932249788,-14.984596397063067,-9.579275587990795,5.183307526503215
277.73511474746846,-52.24407815629348,5.794166655305894,-14.98315462381126,-9.583909188683432,5.049624154873497
277.7508936933313,-52.241479263324905,5.793695618253943,-14.981711247679156,-9.58854292234855,4.916271190889632
