galstreams/tracks/track.st.Fimbulthul.ibata2020.ecsv
# %ECSV 0.9
# ---
# datatype:
# - {name: ra, unit: deg, datatype: float64}
# - {name: dec, unit: deg, datatype: float64}
# - {name: distance, unit: kpc, datatype: float64}
# - {name: pm_ra_cosdec, unit: mas / yr, datatype: float64}
# - {name: pm_dec, unit: mas / yr, datatype: float64}
# - {name: radial_velocity, unit: km / s, datatype: float64}
# delimiter: ','
# meta: !!omap
# - __serialized_columns__:
#     dec:
#       __class__: astropy.coordinates.angles.Latitude
#       unit: &id001 !astropy.units.Unit {unit: deg}
#       value: !astropy.table.SerializedColumn {name: dec}
#     distance:
#       __class__: astropy.coordinates.distances.Distance
#       unit: !astropy.units.Unit {unit: kpc}
#       value: !astropy.table.SerializedColumn {name: distance}
#     pm_dec:
#       __class__: astropy.units.quantity.Quantity
#       unit: !astropy.units.Unit {unit: mas / yr}
#       value: !astropy.table.SerializedColumn {name: pm_dec}
#     pm_ra_cosdec:
#       __class__: astropy.units.quantity.Quantity
#       unit: !astropy.units.Unit {unit: mas / yr}
#       value: !astropy.table.SerializedColumn {name: pm_ra_cosdec}
#     ra:
#       __class__: astropy.coordinates.angles.Longitude
#       unit: *id001
#       value: !astropy.table.SerializedColumn {name: ra}
#       wrap_angle: !astropy.coordinates.Angle
#         unit: *id001
#         value: 360.0
#     radial_velocity:
#       __class__: astropy.units.quantity.Quantity
#       unit: !astropy.units.Unit {unit: km / s}
#       value: !astropy.table.SerializedColumn {name: radial_velocity}
# schema: astropy-2.0
ra,dec,distance,pm_ra_cosdec,pm_dec,radial_velocity
188.67470116520522,-39.95539310678144,5.139315331063886,-6.162908194673778,-6.533751356092695,3.368306851948935e-14
188.81886218246964,-39.813234279646466,5.156528120094323,-6.108772736778011,-6.54642540962158,5.0524602779234026e-14
188.9621688941224,-39.670430198811374,5.172892825257022,-6.057482879994851,-6.559370491868636,3.368306851948935e-14
189.10463884184628,-39.52700376721039,5.188418361597132,-6.009014505286835,-6.572593509186436,1.6841534259744676e-14
189.24628959642862,-39.38297781362727,5.203113644159798,-5.963343517738556,-6.586101021933024,0.0
189.38713875320497,-39.238375093610486,5.216987587990166,-5.920445847344393,-6.599899253630347,3.368306851948935e-14
189.5272039277419,-39.093218290370466,5.230049108133384,-5.880297449724638,-6.6139940999919205,5.0524602779234026e-14
189.66650275175235,-38.947530015658636,5.242307119634597,-5.842874306774024,-6.6283911378142335,5.0524602779234026e-14
189.80505286923952,-38.80133281062736,5.253770537538946,-5.8081524272463,-6.643095633727034,1.6841534259744676e-14
189.94287193286317,-38.654649146670245,5.264448276891583,-5.776107847278585,-6.658112552797892,5.0524602779234026e-14
190.07997760052305,-38.507501426242165,5.274349252737649,-5.746716630859062,-6.6734465669870415,5.0524602779234026e-14
190.2163875321541,-38.359911983658826,5.283482380122295,-5.719954870241445,-6.689102063448743,8.420767129872338e-14
190.35211938672822,-38.21190308587511,5.291856574090661,-5.695798686309519,-6.70508315267594,3.368306851948935e-14
190.48719081945646,-38.063496933242014,5.299480749687896,-5.674224228895088,-6.721393676485226,8.420767129872338e-14
190.62161947918696,-37.91471566024186,5.306363821959145,-5.655207677052288,-6.738037215839628,5.0524602779234026e-14
190.75542300599298,-37.76558133620132,5.312514705949554,-5.638725239291392,-6.7550170985069675,1.0104920555846805e-13
190.8886190289454,-37.616115965982125,5.317942316704269,-5.624753153774947,-6.772336406551903,5.0524602779234026e-14
191.0212251640643,-37.46634149064946,5.322655569268436,-5.613267688478993,-6.789997983660093,6.73661370389787e-14
191.15325901244495,-37.31627978811738,5.326663378687199,-5.604245141322076,-6.8080044422932495,5.0524602779234026e-14
191.28473815855185,-37.165952673771635,5.329974660005705,-5.597661840264591,-6.826358170674036,6.73661370389787e-14
191.41568016867663,-37.0153819010695,5.3325983282691025,-5.593494143380855,-6.845061339600144,3.368306851948935e-14
191.5461025895539,-36.864589162116886,5.334543298522532,-5.5917184389063666,-6.864115909087106,6.73661370389787e-14
191.67602294713035,-36.71359608822195,5.335818485811141,-5.592311145262325,-6.883523634839599,6.73661370389787e-14
191.80545874548167,-36.562424250426375,5.3364328051800785,-5.595248711059683,-6.903286074551318,8.420767129872338e-14
191.93442746587274,-36.411095160013346,5.336395171674487,-5.6005076150846875,-6.923404594033636,6.73661370389787e-14
192.06294656595563,-36.25963026899288,5.335714500339512,-5.608064366267855,-6.943880373173556,6.73661370389787e-14
192.19103347910112,-36.108050970564214,5.3343997062202995,-5.617895503638195,-6.964714411721548,5.0524602779234026e-14
192.3187056138585,-35.95637859955575,5.332459704362,-5.629977596264467,-6.985907534910201,8.420767129872338e-14
192.44598035353928,-35.80463443284245,5.329903409809752,-5.644287243185068,-7.0074603989046595,1.0104920555846805e-13
192.57287505592012,-35.65283968974087,5.326739737608707,-5.660801073328104,-7.02937349608607,1.0104920555846805e-13
192.69940705305999,-35.50101553238227,5.322977602804006,-5.67949574542318,-7.051647160169335,8.420767129872338e-14
192.8255936512282,-35.34918306606346,5.318625920440799,-5.700347947906169,-7.074281571156755,6.73661370389787e-14
192.95145213093772,-35.19736333957629,5.313693605564228,-5.723334398818402,-7.09727676012913,8.420767129872338e-14
193.07699974708046,-35.04557734551558,5.308189573219442,-5.748431845701364,-7.120632613876063,8.420767129872338e-14
193.20225372915954,-34.89384602056587,5.302122738451584,-5.775617065488147,-7.144348879367445,1.0104920555846805e-13
193.32723128161524,-34.74219024576725,5.295502016305804,-5.804866864392613,-7.1684251680679925,1.515738083377021e-13
193.45194958424025,-34.590630846760654,5.2883363218272414,-5.836158077797401,-7.192860960097075,1.0104920555846805e-13
193.57642579267988,-34.43918859401292,5.280634570061048,-5.869467570141547,-7.217655608235864,8.420767129872338e-14
193.70067703901455,-34.28788420302164,5.272405676052366,-5.904772234808675,-7.242808341784292,8.420767129872338e-14
193.82472043241967,-34.136738334500556,5.2636585548463435,-5.942048994016518,-7.268318270269989,8.420767129872338e-14
193.94857305989973,-33.98577159454566,5.254402121488124,-5.981274798708497,-7.294184387011805,1.347322740779574e-13
194.0722519870935,-33.8350045347822,5.244645291022855,-6.02242662844799,-7.320405572540341,1.1789073981821273e-13
194.195774259146,-33.684457652493286,5.234396978495681,-6.065481491315965,-7.346980597878103,1.1789073981821273e-13
194.31915690164453,-33.53415139073007,5.223666098951748,-6.1104164238124605,-7.3739081276819505,1.1789073981821273e-13
194.4424169216155,-33.384106138404185,5.212461567436201,-6.15720849076243,-7.401186723250465,5.0524602779234026e-14
194.56557130857826,-33.23434223036267,5.200792298994188,-6.205834785226438,-7.428814845399064,5.0524602779234026e-14
194.68863703565353,-33.084879947445984,5.188667208670854,-6.2562724284165325,-7.456790857205588,5.0524602779234026e-14
194.81163106072316,-32.93573951652894,5.176095211511344,-6.308498569617672,-7.485113026629226,1.1789073981821273e-13
194.93457032763814,-32.78694111054572,5.163085222560805,-6.362490386115013,-7.513779529005617,8.420767129872338e-14
195.05747176747215,-32.63850484849887,5.149646156864382,-6.418225083127316,-7.542788449421046,1.1789073981821273e-13
195.18035229981794,-32.49045079545275,5.135786929467217,-6.475679893746682,-7.572137784968661,1.347322740779574e-13
195.30322883412384,-32.342798962511914,5.121516455414462,-6.53483207888475,-7.601825446889592,1.0104920555846805e-13
195.42611827106782,-32.19556930678488,5.1068436497512595,-6.595658927225573,-7.631849262602066,6.73661370389787e-14
195.54903750396616,-32.0487817313337,5.091777427522757,-6.6581377551852166,-7.662206977621347,6.73661370389787e-14
195.67200342021565,-31.9024560851093,5.0763267037740984,-6.722245906878108,-7.692896257373634,1.1789073981821273e-13
195.7950329027649,-31.756612162873868,5.060500393550429,-6.787960754090279,-7.723914688906846,1.1789073981821273e-13
195.91814283161432,-31.611269705109912,5.044307411896899,-6.855259696259371,-7.755259782501318,1.515738083377021e-13
196.04135008534175,-31.466448397916768,5.027756673858647,-6.924120160461473,-7.786928973183487,1.347322740779574e-13
196.16467154265143,-31.322167872894877,5.0108570944808255,-6.994519601404615,-7.81891962214549,1.347322740779574e-13
196.28812408394492,-31.178447707018304,4.993617588808577,-7.066435501428989,-7.8512290180738304,1.1789073981821273e-13
196.41172459291155,-31.03530742249576,4.976047071887047,-7.139845370513567,-7.883854378390042,8.420767129872338e-14
196.53548995813614,-30.892766486620815,4.958154458761382,-7.2147267462892035,-7.916792850406385,1.6841534259744677e-13
196.6594370747236,-30.75084431161123,4.939948664476729,-7.291057194057811,-7.9500415123996655,1.1789073981821273e-13
196.78358284593654,-30.60956025443839,4.92143860407823,-7.368814306817653,-7.9835973746061075,1.347322740779574e-13
196.90794418484612,-30.468933616646723,4.9026331926110345,-7.447975705294354,-8.017457380140314,8.420767129872338e-14
197.03253801599308,-30.328983644163785,4.883541345120289,-7.528519037977481,-8.051618405841332,8.420767129872338e-14
197.15738127705873,-30.189729527101395,4.864171976651135,-7.610421981162426,-8.086077263048782,1.1789073981821273e-13
197.28249092054293,-30.051190399547938,4.8445340022487215,-7.693662238997319,-8.120830698312034,1.1789073981821273e-13
197.40788391544902,-29.913385339352523,4.824636336958195,-7.77821754353462,-8.155875394035377,5.0524602779234026e-14
197.53357724897313,-29.77633336790139,4.804487895824697,-7.864065654787212,-8.191207969062162,1.1789073981821273e-13
197.65958792819796,-29.64005344988635,4.784097593893376,-7.951184360788439,-8.22682497920079,5.0524602779234026e-14
197.78593298178794,-29.50456449306651,4.763474346209378,-8.039551477656051,-8.262722917695523,1.347322740779574e-13
197.91262946168658,-29.369885348022905,4.74262706781785,-8.12914484965938,-8.298898215644956,6.73661370389787e-14
198.03969444481336,-29.236034807906783,4.721564673763934,-8.219942349289626,-8.335347242371075,1.0104920555846805e-13
198.16714503475978,-29.10303160818163,4.700296079092779,-8.311921877332685,-8.372066305741692,1.0104920555846805e-13
198.29499836348378,-28.970894426359482,4.6788301988495276,-8.405061362944254,-8.409051652449193,1.1789073981821273e-13
198.42327159300092,-28.839641881731712,4.65717594807933,-8.499338763726676,-8.446299468248307,1.1789073981821273e-13
198.55198191707174,-28.709292535094715,4.6353422418273285,-8.594732065807243,-8.483805878155755,1.6841534259744677e-13
198.68114656288517,-28.579864888470453,4.613337995138671,-8.69121928391734,-8.52156694661457,6.73661370389787e-14
198.81078279273572,-28.45137738482285,4.5911721230585005,-8.78877846147217,-8.559578677625726,1.1789073981821273e-13
198.94090790569535,-28.323848407769464,4.568853540631966,-8.887387670650483,-8.597837014849972,1.0104920555846805e-13
199.071539239278,-28.197296281289503,4.546391162904211,-8.987025012473882,-8.636337841682401,1.515738083377021e-13
199.20269417109725,-28.071739269427777,4.523793904920383,-9.087668616885223,-8.67507698130255,1.1789073981821273e-13
199.33439012051585,-27.94719557599545,4.501070681725625,-9.189296642825646,-8.714050196702617,1.347322740779574e-13
199.46664455028701,-27.823683344267216,4.478230408365085,-9.291887278309714,-8.753253190696464,8.420767129872338e-14
199.59947496818666,-27.701220656675847,4.455281999883908,-9.395418740498247,-8.792681605911945,1.515738083377021e-13
199.7328989286369,-27.579825534503463,4.432234371327241,-9.499869275768193,-8.832331024769225,1.347322740779574e-13
199.8669340343196,-27.459515937570583,4.409096437740229,-9.605217159779183,-8.872196969447518,6.73661370389787e-14
200.00159793778022,-27.3403097639226,4.385877114168016,-9.711440697536224,-8.912274901842864,1.347322740779574e-13
200.13690834302182,-27.222224849514028,4.362585315655751,-9.81851822344787,-8.952560223519345,7.578690416885104e-14
200.2728830070886,-27.105278967890765,4.339229957248577,-9.926428101379623,-8.993048275656303,1.0104920555846805e-13
200.40953974163943,-26.989489829870305,4.3158199539916415,-10.035148724701727,-9.033734338993845,1.515738083377021e-13
200.54689641451083,-26.874875083220264,4.292364220930089,-10.144658516331083,-9.074613633779219,1.1789073981821273e-13
200.68497095126932,-26.761452312335354,4.268871673109068,-10.254935928766598,-9.1156813197162,1.0946997268834039e-13
200.8237813367541,-26.649239037912462,4.245351225573719,-10.365959444117486,-9.156932495920085,1.0104920555846805e-13
200.96334561660902,-26.538252716624605,4.221811793369193,-10.477707574124016,-9.198362200880368,7.578690416885104e-14
201.1036818988043,-26.4285107407933,4.198262291540632,-10.590158860170137,-9.239965412433516,1.0946997268834039e-13
201.24480835514908,-26.32003043805963,4.174711635133184,-10.703291873287402,-9.281737047748035,7.578690416885104e-14
201.38674322279365,-26.212829071054017,4.151168739191995,-10.817085214149769,-9.323671963324005,1.347322740779574e-13
201.52950480572284,-26.10692383706458,4.12764251876221,-10.931517513058647,-9.365764955009364,1.0946997268834039e-13
201.67311147624045,-26.00233186770431,4.104141888888974,-11.046567429917697,-9.408010758034939,8.420767129872338e-14
201.8175816764448,-25.899070228576914,4.080675764617433,-11.162213654196867,-9.4504040470704,6.73661370389787e-14
201.96293391969724,-25.79715591894106,4.057253060992733,-11.278434904885057,-9.492939436303276,3.368306851948935e-14
202.1091867920821,-25.69660587137342,4.03388269306002,-11.395209930431028,-9.535611479542906,1.347322740779574e-13
202.25635895386085,-25.597436951430037,4.010573575864441,-11.5125175086719,-9.57841467035145,1.0104920555846805e-13
202.4044691409192,-25.49966595730603,3.9873346244511403,-11.63033644674883,-9.621343442203887,1.347322740779574e-13
202.55353616620948,-25.403309619493527,3.9641747538652634,-11.74864558100926,-9.66439216867887,1.4315304120782974e-13
202.7035789211881,-25.30838460043762,3.941102879151957,-11.867423776895343,-9.707555163682411,6.73661370389787e-14
202.854616377249,-25.214907494190186,3.9181279153563655,-11.986649928817945,-9.75082668170611,1.4315304120782974e-13
203.00666758715462,-25.12289482606123,3.8952587775236363,-12.106302960015798,-9.794200918121902,1.0104920555846805e-13
203.15975168646474,-25.032363052267762,3.872504380698915,-12.226361822399335,-9.837672009514904,7.578690416885104e-14
203.3138878949643,-24.943328559579708,3.8498736399273454,-12.34680549637868,-9.88123403405619,5.894536990910637e-14
203.4690955180916,-24.8558076649626,3.8273754702540748,-12.467612990675354,-9.924881011917162,5.894536990910637e-14
203.6253939483679,-24.76981661521687,3.8050187867242493,-12.588763342117293,-9.968606905727105,5.0524602779234026e-14
203.78280266682944,-24.68537158661314,3.7828125043830143,-12.710235615416645,-10.012405621075539,1.2631150694808508e-13
203.94134124446353,-24.60248868452332,3.7607655382755154,-12.832008902930049,-10.056271007060964,1.1789073981821273e-13
204.10102934364969,-24.52118394304704,3.738886803446898,-12.954062324400795,-10.100196856887383,6.73661370389787e-14
204.2618867196076,-24.441473324632852,3.717185214942308,-13.076375026682678,-10.144176908510147,1.1789073981821273e-13
204.42393322185328,-24.36337271969387,3.695669687806892,-13.198926183444998,-10.188204845332551,9.262843842859572e-14
204.58718879566487,-24.286897946217227,3.674349137085795,-13.321694994858383,-10.232274296954426,1.515738083377021e-13
204.75167348356004,-24.21206474936679,3.653232477824162,-13.444660687261123,-10.276378839974129,1.1789073981821273e-13
204.91740742678616,-24.13888880107857,3.6323286250671414,-13.567802512805617,-10.320511998845191,1.0104920555846805e-13
205.0844108668257,-24.067385699648167,3.6116464938598765,-13.69109974908462,-10.36466724678878,6.73661370389787e-14
205.25270414691843,-23.99757096930955,3.5911949992475143,-13.814531698737015,-10.408838006763169,5.0524602779234026e-14
205.4223077136021,-23.92946005980448,3.5709830562751987,-13.938077689032854,-10.453017652491361,9.262843842859572e-14
205.59324211827405,-23.86306834594182,3.5510195799880777,-14.061717071437231,-10.497199509547801,1.1789073981821273e-13
205.76552801877577,-23.798411127145876,3.5313134854312964,-14.185429221153058,-10.54137685650535,8.420767129872338e-14
205.93918618100236,-23.735503626993022,3.51187368765,-14.30919353664216,-10.585542926143304,1.2631150694808508e-13
206.1142374805394,-23.674360992735565,3.4927091016893357,-14.432989439124803,-10.629690906717457,8.420767129872338e-14
206.29070290432958,-23.614998294812032,3.4738286425944467,-14.556796372057272,-10.673813943293034,1.515738083377021e-13
206.46860355237138,-23.557430526342817,3.4552412254104814,-14.680593800587435,-10.717905139141191,1.0104920555846805e-13
206.64796063945258,-23.501672602610217,3.436955765182583,-14.804361210988189,-10.761957557199931,9.262843842859572e-14
206.82879549692086,-23.44773936052162,3.4189811769558998,-14.928078110068562,-10.805964221599982,9.262843842859572e-14
207.01112957449473,-23.395645558054888,3.4013263757755765,-15.051724024562622,-10.849918119256344,1.1789073981821273e-13
207.19498444211706,-23.34540587368457,3.3840002766867587,-15.175278500495883,-10.893812201525977,4.210383564936169e-14
207.38038179185443,-23.29703490578781,3.3670117947345912,-15.298721102529376,-10.937639385932147,8.420767129872338e-14
