galstreams/tracks/track.po.Scamander.grillmair2017.ecsv
# %ECSV 0.9
# ---
# datatype:
# - {name: ra, unit: deg, datatype: float64}
# - {name: dec, unit: deg, datatype: float64}
# - {name: distance, unit: kpc, datatype: float64}
# - {name: pm_ra_cosdec, unit: mas / yr, datatype: float64}
# - {name: pm_dec, unit: mas / yr, datatype: float64}
# - {name: radial_velocity, unit: km / s, datatype: float64}
# delimiter: ','
# meta: !!omap
# - __serialized_columns__:
#     dec:
#       __class__: astropy.coordinates.angles.Latitude
#       unit: &id001 !astropy.units.Unit {unit: deg}
#       value: !astropy.table.SerializedColumn {name: dec}
#     distance:
#       __class__: astropy.coordinates.distances.Distance
#       unit: !astropy.units.Unit {unit: kpc}
#       value: !astropy.table.SerializedColumn {name: distance}
#     pm_dec:
#       __class__: astropy.units.quantity.Quantity
#       unit: !astropy.units.Unit {unit: mas / yr}
#       value: !astropy.table.SerializedColumn {name: pm_dec}
#     pm_ra_cosdec:
#       __class__: astropy.units.quantity.Quantity
#       unit: !astropy.units.Unit {unit: mas / yr}
#       value: !astropy.table.SerializedColumn {name: pm_ra_cosdec}
#     ra:
#       __class__: astropy.coordinates.angles.Longitude
#       unit: *id001
#       value: !astropy.table.SerializedColumn {name: ra}
#       wrap_angle: !astropy.coordinates.Angle
#         unit: *id001
#         value: 360.0
#     radial_velocity:
#       __class__: astropy.units.quantity.Quantity
#       unit: !astropy.units.Unit {unit: km / s}
#       value: !astropy.table.SerializedColumn {name: radial_velocity}
# schema: astropy-2.0
ra,dec,distance,pm_ra_cosdec,pm_dec,radial_velocity
[from data line 695]
150.8398851680122,-13.54568862466896,21.000000000000064,0.0,0.0,0.0
150.8387896041164,-13.53574396682189,21.000000000000064,0.0,0.0,0.0
150.83769413177157,-13.525799304208313,21.000000000000068,0.0,0.0,0.0
150.83659875090024,-13.515854636832369,21.000000000000064,0.0,0.0,0.0
150.835503461425,-13.505909964697992,21.000000000000064,0.0,0.0,0.0
150.83440826326844,-13.49596528780931,21.000000000000064,0.0,0.0,0.0
150.83331315635328,-13.486020606170253,21.000000000000064,0.0,0.0,0.0
150.83221814060212,-13.4760759197849,21.00000000000006,0.0,0.0,0.0
150.8311232159377,-13.466131228657332,21.00000000000006,0.0,0.0,0.0
150.8300283822827,-13.456186532791463,21.00000000000006,0.0,0.0,0.0
150.82893363955992,-13.44624183219143,21.000000000000064,0.0,0.0,0.0
150.82783898769202,-13.436297126861152,21.00000000000006,0.0,0.0,0.0
150.8267444266019,-13.426352416804745,21.000000000000064,0.0,0.0,0.0
150.8256499562123,-13.416407702026136,21.000000000000064,0.0,0.0,0.0
150.82455557644607,-13.406462982529462,21.000000000000064,0.0,0.0,0.0
150.82346128722608,-13.39651825831861,21.00000000000006,0.0,0.0,0.0
150.82236708847518,-13.386573529397655,21.000000000000064,0.0,0.0,0.0
150.8212729801163,-13.376628795770678,21.000000000000064,0.0,0.0,0.0
150.82017896207236,-13.366684057441585,21.00000000000006,0.0,0.0,0.0
150.81908503426632,-13.35673931441449,21.000000000000064,0.0,0.0,0.0
150.8179911966212,-13.3467945666933,21.000000000000064,0.0,0.0,0.0
150.81689744905987,-13.33684981428214,21.000000000000064,0.0,0.0,0.0
150.8158037915055,-13.326905057184907,21.000000000000057,0.0,0.0,0.0
150.814710223881,-13.316960295405723,21.00000000000006,0.0,0.0,0.0
150.81361674610957,-13.30701552894848,21.00000000000006,0.0,0.0,0.0
150.81252335811422,-13.297070757817227,21.000000000000064,0.0,0.0,0.0
150.81143005981806,-13.28712598201605,21.00000000000006,0.0,0.0,0.0
150.81033685114426,-13.277181201548833,21.000000000000064,0.0,0.0,0.0
150.80924373201597,-13.267236416419673,21.000000000000064,0.0,0.0,0.0
150.8081507023564,-13.257291626632485,21.000000000000064,0.0,0.0,0.0
150.8070577620887,-13.247346832191365,21.000000000000064,0.0,0.0,0.0
150.8059649111362,-13.237402033100212,21.00000000000006,0.0,0.0,0.0
150.80487214942204,-13.227457229363123,21.00000000000006,0.0,0.0,0.0
150.80377947686955,-13.217512420983988,21.000000000000064,0.0,0.0,0.0
150.80268689340204,-13.20756760796686,21.000000000000064,0.0,0.0,0.0
150.80159439894285,-13.197622790315787,21.000000000000057,0.0,0.0,0.0
150.80050199341528,-13.187677968034647,21.000000000000053,0.0,0.0,0.0
150.79940967674273,-13.177733141127554,21.00000000000006,0.0,0.0,0.0
150.7983174488486,-13.167788309598368,21.000000000000057,0.0,0.0,0.0
150.79722530965628,-13.157843473451212,21.000000000000057,0.0,0.0,0.0
150.79613325908923,-13.147898632689946,21.000000000000057,0.0,0.0,0.0
150.7950412970709,-13.137953787318677,21.000000000000057,0.0,0.0,0.0
150.79394942352477,-13.12800893734128,21.000000000000057,0.0,0.0,0.0
150.7928576383744,-13.118064082761787,21.000000000000057,0.0,0.0,0.0
150.79176594154322,-13.108119223584241,21.000000000000057,0.0,0.0,0.0
150.79067433295486,-13.098174359812516,21.00000000000006,0.0,0.0,0.0
150.7895828125329,-13.088229491450704,21.000000000000057,0.0,0.0,0.0
150.7884913802009,-13.07828461850266,21.00000000000006,0.0,0.0,0.0
150.78740003588254,-13.068339740972496,21.00000000000006,0.0,0.0,0.0
150.7863087795014,-13.058394858864071,21.000000000000057,0.0,0.0,0.0
150.78521761098116,-13.04844997218146,21.000000000000057,0.0,0.0,0.0
150.78412653024554,-13.038505080928532,21.000000000000064,0.0,0.0,0.0
150.78303553721827,-13.028560185109328,21.00000000000006,0.0,0.0,0.0
150.781944631823,-13.018615284727863,21.00000000000006,0.0,0.0,0.0
150.78085381398358,-13.008670379788002,21.00000000000006,0.0,0.0,0.0
150.77976308362375,-12.998725470293826,21.000000000000057,0.0,0.0,0.0
150.7786724406673,-12.988780556249194,21.000000000000057,0.0,0.0,0.0
150.7775818850381,-12.978835637658186,21.00000000000006,0.0,0.0,0.0
150.77649141665998,-12.96889071452465,21.000000000000057,0.0,0.0,0.0
150.77540103545675,-12.958945786852668,21.000000000000057,0.0,0.0,0.0
150.77431074135242,-12.949000854646094,21.000000000000064,0.0,0.0,0.0
150.77322053427085,-12.939055917908952,21.00000000000006,0.0,0.0,0.0
150.77213041413597,-12.929110976645251,21.000000000000053,0.0,0.0,0.0
150.77104038087174,-12.91916603085884,21.000000000000057,0.0,0.0,0.0
150.76995043440215,-12.909221080553792,21.000000000000053,0.0,0.0,0.0
150.76886057465123,-12.899276125733952,21.000000000000053,0.0,0.0,0.0
150.76777080154295,-12.889331166403398,21.00000000000005,0.0,0.0,0.0
150.76668111500143,-12.879386202565962,21.000000000000053,0.0,0.0,0.0
150.76559151495073,-12.869441234225723,21.000000000000057,0.0,0.0,0.0
150.76450200131492,-12.859496261386514,21.000000000000053,0.0,0.0,0.0
150.76341257401813,-12.849551284052339,21.000000000000053,0.0,0.0,0.0
150.7623232329845,-12.83960630222722,21.000000000000053,0.0,0.0,0.0
150.7612339781382,-12.82966131591499,21.00000000000005,0.0,0.0,0.0
150.7601448094034,-12.819716325119698,21.000000000000057,0.0,0.0,0.0
150.75905572670433,-12.809771329845205,21.000000000000057,0.0,0.0,0.0
150.7579667299652,-12.799826330095536,21.000000000000057,0.0,0.0,0.0
150.75687781911026,-12.789881325874559,21.000000000000053,0.0,0.0,0.0
150.7557889940638,-12.7799363171863,21.000000000000057,0.0,0.0,0.0
150.75470025475013,-12.769991304034614,21.000000000000053,0.0,0.0,0.0
150.75361160109352,-12.760046286423485,21.000000000000057,0.0,0.0,0.0
150.75252303301838,-12.75010126435692,21.00000000000005,0.0,0.0,0.0
150.75143455044898,-12.740156237838727,21.000000000000057,0.0,0.0,0.0
150.75034615330978,-12.730211206872987,21.000000000000057,0.0,0.0,0.0
150.74925784152518,-12.7202661714635,21.000000000000057,0.0,0.0,0.0
150.74816961501958,-12.710321131614332,21.000000000000057,0.0,0.0,0.0
150.74708147371743,-12.700376087329289,21.000000000000053,0.0,0.0,0.0
150.74599341754325,-12.69043103861243,21.00000000000005,0.0,0.0,0.0
150.74490544642148,-12.68048598546757,21.00000000000005,0.0,0.0,0.0
150.74381756027665,-12.670540927898696,21.000000000000057,0.0,0.0,0.0
150.7427297590333,-12.660595865909803,21.000000000000057,0.0,0.0,0.0
150.741642042616,-12.650650799504707,21.000000000000053,0.0,0.0,0.0
150.74055441094936,-12.640705728687436,21.000000000000053,0.0,0.0,0.0
150.73946686395792,-12.630760653461815,21.000000000000053,0.0,0.0,0.0
150.73837940156636,-12.62081557383188,21.000000000000053,0.0,0.0,0.0
150.7372920236993,-12.610870489801442,21.00000000000005,0.0,0.0,0.0
150.7362047302814,-12.600925401374537,21.00000000000005,0.0,0.0,0.0
150.73511752123738,-12.590980308554986,21.000000000000046,0.0,0.0,0.0
150.73403039649193,-12.581035211346743,21.00000000000005,0.0,0.0,0.0
150.7329433559698,-12.571090109753808,21.00000000000005,0.0,0.0,0.0
150.73185639959573,-12.561145003779986,21.00000000000005,0.0,0.0,0.0
150.73076952729454,-12.55119989342929,21.000000000000046,0.0,0.0,0.0
150.72968273899096,-12.541254778705536,21.00000000000005,0.0,0.0,0.0
150.7285960346099,-12.531309659612754,21.00000000000005,0.0,0.0,0.0
150.72750941407608,-12.52136453615474,21.00000000000005,0.0,0.0,0.0
150.7264228773145,-12.51141940833553,21.00000000000005,0.0,0.0,0.0
150.72533642424995,-12.50147427615891,21.00000000000005,0.0,0.0,0.0
150.72425005480738,-12.491529139628858,21.00000000000005,0.0,0.0,0.0
150.72316376891172,-12.481583998749347,21.000000000000053,0.0,0.0,0.0
150.72207756648788,-12.471638853524151,21.00000000000005,0.0,0.0,0.0
150.7209914474609,-12.461693703957302,21.000000000000057,0.0,0.0,0.0
150.7199054117557,-12.451748550052606,21.00000000000005,0.0,0.0,0.0
150.71881945929735,-12.44180339181407,21.00000000000005,0.0,0.0,0.0
150.71773359001085,-12.431858229245481,21.00000000000005,0.0,0.0,0.0
150.71664780382133,-12.421913062350866,21.00000000000005,0.0,0.0,0.0
150.71556210065373,-12.411967891134003,21.00000000000005,0.0,0.0,0.0
150.71447648043326,-12.40202271559886,21.00000000000005,0.0,0.0,0.0
150.71339094308505,-12.392077535749394,21.00000000000005,0.0,0.0,0.0
150.71230548853418,-12.382132351589375,21.000000000000053,0.0,0.0,0.0
150.71122011670585,-12.372187163122831,21.00000000000005,0.0,0.0,0.0
150.71013482752522,-12.362241970353546,21.000000000000053,0.0,0.0,0.0
150.70904962091754,-12.352296773285522,21.000000000000046,0.0,0.0,0.0
150.707964496808,-12.342351571922539,21.00000000000005,0.0,0.0,0.0
150.70687945512188,-12.332406366268602,21.00000000000005,0.0,0.0,0.0
150.7057944957844,-12.322461156327497,21.00000000000005,0.0,0.0,0.0
150.7047096187209,-12.312515942103166,21.000000000000053,0.0,0.0,0.0
150.70362482385664,-12.30257072359956,21.00000000000005,0.0,0.0,0.0
150.70254011111703,-12.292625500820463,21.000000000000046,0.0,0.0,0.0
150.70145548042737,-12.282680273769856,21.000000000000046,0.0,0.0,0.0
150.70037093171305,-12.272735042451524,21.00000000000005,0.0,0.0,0.0
150.69928646489947,-12.262789806869467,21.000000000000046,0.0,0.0,0.0
150.69820207991205,-12.25284456702746,21.000000000000046,0.0,0.0,0.0
150.6971177766762,-12.242899322929482,21.000000000000046,0.0,0.0,0.0
150.69603355511742,-12.232954074579322,21.00000000000005,0.0,0.0,0.0
150.69494941516115,-12.223008821980914,21.000000000000046,0.0,0.0,0.0
150.69386535673294,-12.21306356513818,21.00000000000005,0.0,0.0,0.0
150.6927813797583,-12.203118304054911,21.00000000000005,0.0,0.0,0.0
150.69169748416275,-12.193173038735075,21.000000000000046,0.0,0.0,0.0
150.69061366987182,-12.183227769182448,21.00000000000005,0.0,0.0,0.0
150.6895299368112,-12.173282495401013,21.00000000000005,0.0,0.0,0.0
150.6884462849064,-12.163337217394536,21.00000000000005,0.0,0.0,0.0
150.6873627140831,-12.153391935166997,21.00000000000005,0.0,0.0,0.0
150.6862792242669,-12.14344664872217,21.000000000000046,0.0,0.0,0.0
150.68519581538354,-12.133501358063972,21.000000000000046,0.0,0.0,0.0
150.68411248735865,-12.123556063196332,21.000000000000046,0.0,0.0,0.0
150.68302924011795,-12.113610764123006,21.000000000000043,0.0,0.0,0.0
150.6819460735872,-12.103665460847976,21.000000000000046,0.0,0.0,0.0
150.68086298769208,-12.093720153374997,21.000000000000046,0.0,0.0,0.0
150.67977998235847,-12.083774841708045,21.000000000000046,0.0,0.0,0.0
150.67869705751207,-12.073829525850872,21.000000000000046,0.0,0.0,0.0
150.67761421307873,-12.063884205807454,21.000000000000046,0.0,0.0,0.0
150.6765314489843,-12.05393888158155,21.000000000000046,0.0,0.0,0.0
150.67544876515458,-12.043993553177069,21.000000000000046,0.0,0.0,0.0
150.67436616151548,-12.034048220597931,21.000000000000043,0.0,0.0,0.0
150.6732836379929,-12.02410288384788,21.000000000000046,0.0,0.0,0.0
150.67220119451278,-12.014157542930898,21.000000000000046,0.0,0.0,0.0
150.67111883100097,-12.004212197850716,21.000000000000043,0.0,0.0,0.0
150.67003654738352,-11.994266848611309,21.000000000000046,0.0,0.0,0.0
150.66895434358634,-11.984321495216419,21.000000000000046,0.0,0.0,0.0
150.6678722195355,-11.97437613767002,21.000000000000043,0.0,0.0,0.0
150.66679017515693,-11.964430775975845,21.000000000000043,0.0,0.0,0.0
150.66570821037675,-11.954485410137796,21.000000000000043,0.0,0.0,0.0
150.66462632512096,-11.94454004015979,21.00000000000004,0.0,0.0,0.0
150.66354451931565,-11.934594666045566,21.000000000000043,0.0,0.0,0.0
150.66246279288697,-11.924649287799088,21.00000000000004,0.0,0.0,0.0
150.66138114576097,-11.914703905424073,21.000000000000043,0.0,0.0,0.0
150.6602995778638,-11.904758518924503,21.00000000000004,0.0,0.0,0.0
150.65921808912168,-11.894813128304097,21.000000000000043,0.0,0.0,0.0
150.65813667946074,-11.884867733566814,21.00000000000004,0.0,0.0,0.0
150.65705534880718,-11.874922334716384,21.000000000000046,0.0,0.0,0.0
150.6559740970872,-11.86497693175672,21.00000000000004,0.0,0.0,0.0
150.65489292422714,-11.855031524691698,21.000000000000043,0.0,0.0,0.0
150.65381183015313,-11.845086113525063,21.000000000000043,0.0,0.0,0.0
150.65273081479154,-11.835140698260767,21.000000000000043,0.0,0.0,0.0
150.65164987806867,-11.825195278902525,21.000000000000043,0.0,0.0,0.0
150.6505690199108,-11.81524985545429,21.000000000000046,0.0,0.0,0.0
150.64948824024427,-11.80530442791979,21.00000000000004,0.0,0.0,0.0
150.64840753899549,-11.795358996302967,21.00000000000004,0.0,0.0,0.0
150.64732691609078,-11.785413560607546,21.000000000000046,0.0,0.0,0.0
150.64624637145656,-11.775468120837422,21.000000000000043,0.0,0.0,0.0
150.6451659050193,-11.765522676996468,21.000000000000043,0.0,0.0,0.0
150.6440855167054,-11.755577229088427,21.000000000000043,0.0,0.0,0.0
150.64300520644133,-11.745631777117213,21.00000000000004,0.0,0.0,0.0
150.64192497415354,-11.735686321086563,21.000000000000043,0.0,0.0,0.0
150.64084481976857,-11.725740861000409,21.000000000000046,0.0,0.0,0.0
150.63976474321294,-11.715795396862466,21.000000000000043,0.0,0.0,0.0
150.63868474441318,-11.705849928676686,21.000000000000043,0.0,0.0,0.0
150.63760482329585,-11.695904456446751,21.000000000000043,0.0,0.0,0.0
150.6365249797875,-11.685958980176567,21.000000000000043,0.0,0.0,0.0
150.63544521381482,-11.676013499870011,21.000000000000043,0.0,0.0,0.0
150.63436552530433,-11.666068015530778,21.000000000000043,0.0,0.0,0.0
150.63328591418275,-11.65612252716281,21.000000000000046,0.0,0.0,0.0
150.63220638037666,-11.646177034769815,21.00000000000004,0.0,0.0,0.0
150.63112692381281,-11.636231538355725,21.00000000000004,0.0,0.0,0.0
150.63004754441786,-11.626286037924244,21.000000000000036,0.0,0.0,0.0
150.62896824211853,-11.616340533479288,21.00000000000004,0.0,0.0,0.0
150.62788901684158,-11.606395025024595,21.00000000000004,0.0,0.0,0.0
150.62680986851376,-11.596449512563995,21.00000000000004,0.0,0.0,0.0
150.6257307970618,-11.586503996101376,21.00000000000004,0.0,0.0,0.0
150.6246518024126,-11.576558475640443,21.00000000000004,0.0,0.0,0.0
150.6235728844929,-11.566612951185117,21.00000000000004,0.0,0.0,0.0
150.62249404322952,-11.556667422739087,21.00000000000004,0.0,0.0,0.0
150.6214152785494,-11.546721890306278,21.000000000000043,0.0,0.0,0.0
150.6203365903793,-11.536776353890396,21.00000000000004,0.0,0.0,0.0
150.61925797864623,-11.52683081349535,21.000000000000043,0.0,0.0,0.0
150.61817944327703,-11.516885269124845,21.000000000000046,0.0,0.0,0.0
150.61710098419866,-11.50693972078273,21.000000000000043,0.0,0.0,0.0
150.61602260133805,-11.496994168472872,21.000000000000043,0.0,0.0,0.0
150.6149442946222,-11.487048612198965,21.00000000000004,0.0,0.0,0.0
150.61386606397812,-11.477103051964912,21.000000000000043,0.0,0.0,0.0
150.61278790933278,-11.46715748777441,21.000000000000043,0.0,0.0,0.0
150.61170983061322,-11.457211919631373,21.000000000000043,0.0,0.0,0.0
150.6106318277465,-11.447266347539491,21.000000000000043,0.0,0.0,0.0
150.60955390065965,-11.43732077150267,21.000000000000043,0.0,0.0,0.0
150.60847604927983,-11.427375191524593,21.000000000000043,0.0,0.0,0.0
150.6073982735341,-11.417429607609108,21.00000000000004,0.0,0.0,0.0
150.6063205733496,-11.407484019760078,21.000000000000043,0.0,0.0,0.0
150.60524294865345,-11.39753842798117,21.000000000000046,0.0,0.0,0.0
150.60416539937285,-11.387592832276304,21.00000000000004,0.0,0.0,0.0
150.60308792543498,-11.377647232649158,21.000000000000043,0.0,0.0,0.0
150.60201052676703,-11.36770162910363,21.00000000000004,0.0,0.0,0.0
150.60093320329622,-11.357756021643404,21.00000000000004,0.0,0.0,0.0
150.5998559549498,-11.347810410272373,21.000000000000043,0.0,0.0,0.0
150.59877878165506,-11.33786479499422,21.000000000000043,0.0,0.0,0.0
150.5977016833392,-11.327919175812786,21.000000000000043,0.0,0.0,0.0
150.5966246599296,-11.317973552731916,21.00000000000004,0.0,0.0,0.0
150.59554771135353,-11.308027925755269,21.000000000000043,0.0,0.0,0.0
150.59447083753838,-11.298082294886765,21.00000000000004,0.0,0.0,0.0
150.59339403841145,-11.288136660130053,21.00000000000004,0.0,0.0,0.0
150.59231731390014,-11.27819102148905,21.000000000000036,0.0,0.0,0.0
150.5912406639318,-11.268245378967402,21.00000000000004,0.0,0.0,0.0
150.59016408843397,-11.25829973256901,21.00000000000004,0.0,0.0,0.0
