galstreams/tracks/track.st.Gaia-9.ibata2024.ecsv
# %ECSV 1.0
# ---
# datatype:
# - {name: ra, unit: deg, datatype: float64}
# - {name: dec, unit: deg, datatype: float64}
# - {name: distance, unit: kpc, datatype: float64}
# - {name: pm_ra_cosdec, unit: mas / yr, datatype: float64}
# - {name: pm_dec, unit: mas / yr, datatype: float64}
# - {name: radial_velocity, unit: km / s, datatype: float64}
# delimiter: ','
# meta: !!omap
# - __serialized_columns__:
#     dec:
#       __class__: astropy.coordinates.angles.Latitude
#       unit: &id001 !astropy.units.Unit {unit: deg}
#       value: !astropy.table.SerializedColumn {name: dec}
#     distance:
#       __class__: astropy.coordinates.distances.Distance
#       unit: !astropy.units.Unit {unit: kpc}
#       value: !astropy.table.SerializedColumn {name: distance}
#     pm_dec:
#       __class__: astropy.units.quantity.Quantity
#       unit: !astropy.units.Unit {unit: mas / yr}
#       value: !astropy.table.SerializedColumn {name: pm_dec}
#     pm_ra_cosdec:
#       __class__: astropy.units.quantity.Quantity
#       unit: !astropy.units.Unit {unit: mas / yr}
#       value: !astropy.table.SerializedColumn {name: pm_ra_cosdec}
#     ra:
#       __class__: astropy.coordinates.angles.Longitude
#       unit: *id001
#       value: !astropy.table.SerializedColumn {name: ra}
#       wrap_angle: !astropy.coordinates.Angle
#         unit: *id001
#         value: 360.0
#     radial_velocity:
#       __class__: astropy.units.quantity.Quantity
#       unit: !astropy.units.Unit {unit: km / s}
#       value: !astropy.table.SerializedColumn {name: radial_velocity}
# schema: astropy-2.0
ra,dec,distance,pm_ra_cosdec,pm_dec,radial_velocity
[from data line 2272]
240.55719795772413,52.92133563557739,1.0000000000000007,-9.96263702571295,5.106681533233569,-390.43604795246307
240.56347105734068,52.911980735440025,1.0000000000000007,-9.959680170235162,5.104545979620724,-390.4652574608169
240.56974208338931,52.90262565363064,1.0000000000000007,-9.956723970139768,5.102410339206656,-390.4944413715207
240.57601103826016,52.89327039047761,1.0000000000000007,-9.953768425265686,5.100274613446729,-390.52359966533794
240.58227792434116,52.883914946309005,1.0000000000000007,-9.950813535452346,5.098138803795521,-390.55273232303193
240.58854274401838,52.8745593214526,1.0000000000000007,-9.947859300539214,5.096002911706748,-390.58183932536633
240.5948054996756,52.86520351623583,1.0000000000000009,-9.944905720366306,5.093866938633262,-390.6109206531042
240.60106619369475,52.85584753098585,1.0000000000000007,-9.9419527947738,5.091730886027115,-390.6399762870092
240.60732482845557,52.8464913660295,1.0000000000000004,-9.939000523602218,5.089594755339526,-390.6690062078446
240.6135814063359,52.83713502169332,1.0000000000000007,-9.936048906692305,5.087458548020869,-390.69801039637395
240.61983592971131,52.82777849830354,1.0000000000000007,-9.933097943885283,5.085322265520674,-390.7269888333607
240.62608840095572,52.818421796186094,1.0000000000000007,-9.930147635022365,5.083185909287707,-390.7559414995679
240.6323388224407,52.80906491566658,1.0000000000000007,-9.927197979945333,5.081049480769813,-390.7848683757593
240.63858719653575,52.79970785707036,1.0000000000000007,-9.924248978496188,5.078912981414092,-390.81376944269834
240.64483352560853,52.790350620722414,1.0000000000000007,-9.92130063051723,5.076776412666767,-390.8426446811482
240.65107781202462,52.780993206947485,1.0000000000000007,-9.918352935850992,5.07463977597326,-390.87149407187246
240.65732005814755,52.771635616069965,1.0000000000000007,-9.915405894340344,5.0725030727781615,-390.9003175956345
240.66356026633875,52.762277848413966,1.0000000000000007,-9.912459505828489,5.070366304525244,-390.9291152331976
240.66979843895783,52.75291990430329,1.0000000000000007,-9.909513770158824,5.068229472657457,-390.9578869653253
240.67603457836208,52.74356178406144,1.0000000000000007,-9.90656868717524,5.066092578616903,-390.98663277278104
240.6822686869071,52.73420348801164,1.0000000000000007,-9.903624256721635,5.06395562384494,-391.01535263632803
240.6885007669462,52.72484501647677,1.0000000000000007,-9.900680478642466,5.061818609782016,-391.04404653673004
240.69473082083084,52.71548636977944,1.0000000000000007,-9.897737352782343,5.059681537867803,-391.0727144547501
240.70095885091044,52.70612754824195,1.0000000000000004,-9.89479487898619,5.05754440954118,-391.10135637115184
240.70718485953245,52.6967685521863,1.0000000000000007,-9.891853057099189,5.055407226240163,-391.1299722666987
240.71340884904208,52.687409381934195,1.0000000000000007,-9.888911886966968,5.053269989402011,-391.1585621221538
240.71963082178286,52.67805003780703,1.0000000000000007,-9.885971368435271,5.051132700463107,-391.1871259182811
240.72585078009612,52.66869052012594,1.0000000000000007,-9.883031501350205,5.048995360859095,-391.2156636358434
240.7320687263213,52.6593308292117,1.0000000000000007,-9.880092285558163,5.046857972024746,-391.24417525560426
240.7382846627957,52.64997096538481,1.0000000000000007,-9.877153720905879,5.0447205353940205,-391.27266075832756
240.74449859185478,52.64061092896549,1.0000000000000007,-9.874215807240292,5.042583052400126,-391.3011201247761
240.7507105158319,52.63125072027367,1.0000000000000007,-9.871278544408668,5.040445524475416,-391.3295533357136
240.7569204370585,52.62189033962894,1.0000000000000007,-9.868341932258588,5.038307953051451,-391.3579603719034
240.76312835786393,52.61252978735063,1.0000000000000007,-9.86540597063796,5.0361703395589785,-391.38634121410905
240.76933428057572,52.60316906375777,1.0000000000000007,-9.86247065939485,5.034032685427995,-391.41469584309374
240.77553820751925,52.59380816916905,1.0000000000000004,-9.859535998377723,5.031894992087572,-391.44302423962085
240.781740141018,52.58444710390293,1.0000000000000007,-9.856601987435283,5.029757260966129,-391.47132638445424
240.78794008339352,52.57508586827755,1.0000000000000007,-9.85366862641655,5.027619493491159,-391.49960225835684
240.79413803696522,52.56572446261073,1.0000000000000007,-9.850735915170882,5.02548169108946,-391.52785184209205
240.80033400405068,52.55636288722002,1.0000000000000007,-9.847803853547862,5.023343855186923,-391.5560751164236
240.80652798696553,52.547001142422666,1.0000000000000004,-9.844872441397303,5.021205987208731,-391.5842720621148
240.8127199880233,52.53763922853564,1.0000000000000007,-9.84194167856941,5.019068088579218,-391.61244265992894
240.81891000953556,52.52827714587558,1.0000000000000007,-9.83901156491474,5.01693016072192,-391.6405868906296
240.82509805381207,52.518914894758865,1.0000000000000007,-9.836082100283928,5.014792205059656,-391.66870473497994
240.83128412316046,52.509552475501586,1.0000000000000007,-9.833153284528079,5.012654223014351,-391.69679617374356
240.83746821988655,52.50018988841951,1.0000000000000007,-9.830225117498443,5.010516216007211,-391.7248611876839
240.84365034629403,52.49082713382812,1.0000000000000007,-9.827297599046718,5.008378185458547,-391.75289975756436
240.84983050468477,52.48146421204264,1.0000000000000007,-9.824370729024725,5.006240132788051,-391.78091186414827
240.85600869735862,52.472101123377946,1.0000000000000007,-9.821444507284737,5.004102059414464,-391.8088974881988
240.8621849266135,52.46273786814867,1.0000000000000007,-9.818518933679151,5.0019639667558025,-391.8368566104799
240.86835919474538,52.453374446669145,1.0000000000000007,-9.81559400806075,4.999825856229322,-391.8647892117546
240.8745315040482,52.44401085925338,1.0000000000000007,-9.812669730282666,4.997687729251425,-391.8926952727864
240.88070185681414,52.43464710621515,1.0000000000000007,-9.809746100198128,4.995549587237811,-391.9205747743388
240.88687025533332,52.425283187867876,1.0000000000000007,-9.806823117660718,4.99341143160332,-391.94842769717525
240.89303670189378,52.415919104524754,1.0000000000000007,-9.803900782524513,4.991273263762054,-391.9762540220588
240.89920119878192,52.40655485649864,1.0000000000000007,-9.80097909464356,4.989135085127309,-392.00405372975325
240.90536374828196,52.39719044410211,1.0000000000000007,-9.798058053872385,4.986996897111609,-392.0318268010218
240.91152435267634,52.38782586764747,1.0000000000000007,-9.795137660065722,4.984858701126704,-392.059573216628
240.91768301424554,52.378461127446734,1.0000000000000007,-9.792217913078566,4.982720498583575,-392.08729295733514
240.92383973526793,52.36909622381161,1.0000000000000004,-9.789298812766344,4.980582290892386,-392.11498600390667
240.9299945180201,52.35973115705356,1.0000000000000004,-9.786380358984696,4.978444079462555,-392.1426523371059
240.93614736477687,52.350365927483686,1.0000000000000007,-9.783462551589345,4.976305865702727,-392.17029193769656
240.94229827781078,52.34100053541288,1.0000000000000007,-9.780545390436698,4.974167651020728,-392.1979047864416
240.94844725939282,52.331634981151694,1.0000000000000007,-9.777628875382971,4.972029436823696,-392.22549086410504
240.95459431179174,52.32226926501042,1.0000000000000004,-9.77471300628511,4.969891224517873,-392.2530501514496
240.96073943727458,52.31290338729906,1.0000000000000007,-9.771797783000014,4.96775301550889,-392.2805826292391
240.9668826381064,52.303537348327325,1.0000000000000007,-9.768883205385054,4.965614811201441,-392.3080882782369
240.97302391655035,52.29417114840464,1.0000000000000007,-9.765969273297772,4.963476612999564,-392.3355670792065
240.9791632748676,52.28480478784015,1.0000000000000007,-9.763055986596136,4.9613384223064685,-392.36301901291097
240.98530071531755,52.27543826694273,1.0000000000000007,-9.760143345138209,4.959200240524623,-392.390444060114
240.99143624015758,52.26607158602091,1.0000000000000007,-9.757231348782474,4.957062069055716,-392.4178422015791
240.99756985164325,52.256704745383026,1.0000000000000007,-9.754319997387611,4.954923909300717,-392.44521341806944
241.00370155202813,52.247337745337056,1.0000000000000007,-9.751409290812619,4.952785762659737,-392.47255769034837
241.00983134356397,52.23797058619073,1.0000000000000007,-9.748499228916804,4.95064763053221,-392.49987499917944
241.01595922850055,52.2286032682515,1.0000000000000007,-9.745589811559702,4.94850951431679,-392.52716532532634
241.02208520908584,52.219235791826506,1.0000000000000007,-9.742681038601146,4.946371415411306,-392.5544286495519
241.0282092875658,52.20986815722262,1.0000000000000007,-9.739772909901305,4.9442333352129,-392.5816649526201
241.0343314661846,52.20050036474644,1.0000000000000007,-9.736865425320515,4.942095275117914,-392.60887421529384
241.0404517471845,52.191132414704285,1.0000000000000007,-9.733958584719476,4.939957236521984,-392.63605641833686
241.04657013280587,52.181764307402176,1.0000000000000007,-9.731052387959124,4.937819220819932,-392.6632115425125
241.05268662528718,52.172396043145866,1.0000000000000007,-9.72814683490067,4.935681229405837,-392.6903395685842
241.05880122686494,52.16302762224081,1.0000000000000007,-9.725241925405744,4.933543263672995,-392.71744047731534
241.06491393977393,52.1536590449922,1.0000000000000007,-9.72233765933601,4.931405325014019,-392.7445142494692
241.07102476624706,52.14429031170495,1.0000000000000007,-9.719434036553528,4.929267414820728,-392.7715608658094
241.07713370851513,52.134921422683675,1.0000000000000007,-9.716531056920768,4.927129534484152,-392.79858030709926
241.08324076880734,52.125552378232726,1.0000000000000007,-9.713628720300203,4.9249916853946445,-392.8255725541021
241.08934594935084,52.11618317865617,1.0000000000000007,-9.710727026554848,4.922853868941743,-392.8525375875815
241.09544925237103,52.1068138242578,1.0000000000000009,-9.707825975547781,4.92071608651429,-392.8794753883007
241.10155068009126,52.09744431534113,1.0000000000000007,-9.704925567142553,4.918578339500328,-392.90638593702323
241.1076502347333,52.088074652209365,1.0000000000000007,-9.702025801202781,4.916440629287159,-392.9332692145126
241.11374791851682,52.07870483516549,1.0000000000000007,-9.699126677592544,4.914302957261384,-392.9601252015319
241.1198437336596,52.069334864512165,1.0000000000000004,-9.69622819617617,4.912165324808782,-392.9869538788448
241.12593768237784,52.059964740551784,1.0000000000000007,-9.693330356818064,4.9100277333145,-393.01375522721463
241.13202976688555,52.05059446358649,1.0000000000000007,-9.690433159383208,4.907890184162845,-393.0405292274048
241.13811998939516,52.04122403391811,1.0000000000000007,-9.687536603736554,4.905752678737365,-393.06727586017877
241.14420835211703,52.031853451848214,1.0000000000000007,-9.684640689743645,4.903615218420953,-393.0939951062998
241.15029485725984,52.0224827176781,1.0000000000000007,-9.681745417270008,4.901477804595714,-393.1206869465316
241.1563795070303,52.01311183170879,1.0000000000000007,-9.678850786181624,4.89934043864303,-393.1473513616373
241.1624623036334,52.00374079424101,1.0000000000000007,-9.675956796344645,4.897203121943512,-393.1739883323803
241.16854324927212,51.99436960557524,1.0000000000000007,-9.673063447625578,4.895065855877057,-393.2005978395243
241.17462234614763,51.98499826601166,1.0000000000000007,-9.670170739891235,4.892928641822813,-393.22717986383236
241.18069959645945,51.975626775850195,1.0000000000000007,-9.667278673008518,4.890791481159212,-393.2537343860681
241.18677500240503,51.9662551353905,1.0000000000000007,-9.664387246844804,4.888654375263947,-393.2802613869948
241.1928485661801,51.95688334493191,1.0000000000000007,-9.661496461267637,4.886517325513921,-393.3067608473761
241.1989202899785,51.94751140477354,1.0000000000000007,-9.658606316144846,4.884380333285414,-393.3332327479753
241.20499017599235,51.938139315214215,1.0000000000000007,-9.655716811344533,4.8822433999538575,-393.3596770695558
241.2110582264118,51.9287670765525,1.0000000000000009,-9.652827946735089,4.880106526894025,-393.38609379288073
241.2171244434253,51.91939468908663,1.0000000000000007,-9.64993972218513,4.8779697154799635,-393.41248289871385
241.22318882921925,51.910022153114646,1.0000000000000007,-9.647052137563682,4.875832967084939,-393.4388443678185
241.2292513859785,51.900649468934255,1.0000000000000004,-9.644165192739862,4.873696283081507,-393.46517818095793
241.23531211588602,51.89127663684294,1.0000000000000007,-9.641278887583068,4.871559664841527,-393.4914843188959
241.24137102112275,51.881903657137876,1.0000000000000007,-9.63839322196318,4.869423113736119,-393.51776276239565
241.2474281038681,51.87253053011598,1.0000000000000007,-9.635508195750091,4.867286631135656,-393.5440134922204
241.2534833662994,51.86315725607391,1.0000000000000007,-9.632623808814122,4.865150218409788,-393.57023648913366
241.25953681059235,51.85378383530804,1.0000000000000009,-9.629740061025846,4.863013876927468,-393.5964317338989
241.26558843892087,51.844410268114466,1.0000000000000007,-9.626856952255938,4.860877608056903,-393.62259920727973
241.27163825345684,51.835036554789035,1.0000000000000007,-9.623974482375665,4.858741413165596,-393.6487388900391
241.27768625637054,51.825662695627315,1.0000000000000007,-9.621092651256278,4.8566052936203405,-393.6748507629409
241.28373244983032,51.8162886909246,1.0000000000000007,-9.618211458769423,4.854469250787133,-393.700934806748
241.2897768360029,51.80691454097593,1.0000000000000007,-9.615330904786966,4.852333286031353,-393.72699100222445
241.295819417053,51.79754024607604,1.0000000000000004,-9.612450989181049,4.850197400717597,-393.753019330133
241.30186019514366,51.78816580651945,1.0000000000000007,-9.609571711824096,4.848061596209789,-393.77901977123764
241.307899172436,51.77879122260036,1.0000000000000009,-9.60669307258888,4.845925873871067,-393.8049923063014
241.31393635108958,51.769416494612756,1.0000000000000007,-9.603815071348233,4.843790235063977,-393.8309369160878
241.31997173326192,51.760041622850295,1.0000000000000007,-9.60093770797543,4.841654681150203,-393.8568535813603
241.32600532110885,51.750666607606426,1.0000000000000007,-9.598060982344007,4.83951921349081,-393.88274228288236
241.33203711678445,51.7412914491743,1.0000000000000004,-9.595184894327659,4.837383833446125,-393.90860300141725
241.33806712244095,51.73191614784678,1.0000000000000007,-9.592309443800437,4.835248542375773,-393.9344357177284
241.34409534022885,51.72254070391651,1.0000000000000004,-9.589434630636552,4.833113341638651,-393.9602404125794
241.35012177229675,51.71316511767585,1.0000000000000004,-9.586560454710698,4.830978232592983,-393.9860170667333
241.3561464207916,51.70378938941688,1.0000000000000007,-9.5836869158976,4.828843216596233,-394.0117656609539
241.3621692878585,51.69441351943144,1.0000000000000007,-9.58081401407235,4.82670829500519,-394.03748617600445
241.36819037564086,51.685037508011064,1.0000000000000007,-9.577941749110298,4.824573469175924,-394.0631785926483
241.3742096862802,51.67566135544708,1.0000000000000009,-9.575070120887071,4.8224387404638165,-394.08884289164894
241.38022722191636,51.66628506203051,1.0000000000000007,-9.572199129278513,4.820304110223553,-394.11447905376974
241.38624298468727,51.65690862805211,1.0000000000000007,-9.56932877416084,4.818169579809052,-394.1400870597741
241.39225697672927,51.64753205380238,1.0000000000000007,-9.566459055410364,4.81603515057359,-394.1656668904255
241.39826920017688,51.63815533957159,1.0000000000000007,-9.563589972903749,4.813900823869751,-394.1912185264872
241.40427965716273,51.62877848564969,1.0000000000000007,-9.560721526517991,4.8117666010493565,-394.2167419487227
241.41028834981782,51.6194014923264,1.0000000000000007,-9.557853716130289,4.809632483463567,-394.24223713789553
241.41629528027138,51.61002435989118,1.0000000000000007,-9.554986541618034,4.807498472462861,-394.26770407476903
