galstreams/tracks/track.po.20.0-1.mateu2018.ecsv
# %ECSV 0.9
# ---
# datatype:
# - {name: ra, unit: deg, datatype: float64}
# - {name: dec, unit: deg, datatype: float64}
# - {name: distance, unit: kpc, datatype: float64}
# - {name: pm_ra_cosdec, unit: mas / yr, datatype: float64}
# - {name: pm_dec, unit: mas / yr, datatype: float64}
# - {name: radial_velocity, unit: km / s, datatype: float64}
# delimiter: ','
# meta: !!omap
# - __serialized_columns__:
#     dec:
#       __class__: astropy.coordinates.angles.Latitude
#       unit: &id001 !astropy.units.Unit {unit: deg}
#       value: !astropy.table.SerializedColumn {name: dec}
#     distance:
#       __class__: astropy.coordinates.distances.Distance
#       unit: !astropy.units.Unit {unit: kpc}
#       value: !astropy.table.SerializedColumn {name: distance}
#     pm_dec:
#       __class__: astropy.units.quantity.Quantity
#       unit: !astropy.units.Unit {unit: mas / yr}
#       value: !astropy.table.SerializedColumn {name: pm_dec}
#     pm_ra_cosdec:
#       __class__: astropy.units.quantity.Quantity
#       unit: !astropy.units.Unit {unit: mas / yr}
#       value: !astropy.table.SerializedColumn {name: pm_ra_cosdec}
#     ra:
#       __class__: astropy.coordinates.angles.Longitude
#       unit: *id001
#       value: !astropy.table.SerializedColumn {name: ra}
#       wrap_angle: !astropy.coordinates.Angle
#         unit: *id001
#         value: 360.0
#     radial_velocity:
#       __class__: astropy.units.quantity.Quantity
#       unit: !astropy.units.Unit {unit: km / s}
#       value: !astropy.table.SerializedColumn {name: radial_velocity}
# schema: astropy-2.0
ra,dec,distance,pm_ra_cosdec,pm_dec,radial_velocity
[from data line 704]
287.82344206613703,-37.16221747764794,27.459179591905542,0.0,0.0,0.0
287.83357954584426,-37.15630993947235,27.458795805536614,0.0,0.0,0.0
287.84371523376365,-37.1504013251919,27.458411713901462,0.0,0.0,0.0
287.8538491302101,-37.14449163517713,27.458027317020804,0.0,0.0,0.0
287.8639812354986,-37.13858086979864,27.457642614915375,0.0,0.0,0.0
287.8741115499444,-37.13266902942677,27.45725760760592,0.0,0.0,0.0
287.884240073863,-37.126756114431835,27.456872295113207,0.0,0.0,0.0
287.89436680756995,-37.120842125184026,27.45648667745801,0.0,0.0,0.0
287.90449175138104,-37.11492706205342,27.45610075466113,0.0,0.0,0.0
287.9146149056122,-37.10901092541001,27.455714526743392,0.0,0.0,0.0
287.9247362705796,-37.10309371562367,27.4553279937256,0.0,0.0,0.0
287.93485584659953,-37.097175433064194,27.454941155628603,0.0,0.0,0.0
287.9449736339885,-37.09125607810118,27.45455401247326,0.0,0.0,0.0
287.9550896330631,-37.08533565110433,27.454166564280438,0.0,0.0,0.0
287.9652038441401,-37.07941415244303,27.453778811071036,0.0,0.0,0.0
287.97531626753664,-37.07349158248663,27.45339075286594,0.0,0.0,0.0
287.9854269035699,-37.067567941604445,27.453002389686066,0.0,0.0,0.0
287.9955357525571,-37.06164323016558,27.45261372155236,0.0,0.0,0.0
288.0056428148158,-37.055717448539106,27.45222474848575,0.0,0.0,0.0
288.01574809066375,-37.049790597093974,27.451835470507223,0.0,0.0,0.0
288.0258515804188,-37.043862676199026,27.451445887637735,0.0,0.0,0.0
288.03595328439894,-37.037933686223,27.451055999898287,0.0,0.0,0.0
288.0460532029225,-37.03200362753447,27.450665807309885,0.0,0.0,0.0
288.0561513363077,-37.02607250050209,27.45027530989355,0.0,0.0,0.0
288.0662476848733,-37.02014030549421,27.449884507670326,0.0,0.0,0.0
288.0763422489378,-37.01420704287918,27.44949340066126,0.0,0.0,0.0
288.0864350288203,-37.00827271302521,27.449101988887428,0.0,0.0,0.0
288.0965260248397,-37.002337316300405,27.448710272369894,0.0,0.0,0.0
288.10661523731534,-36.99640085307279,27.44831825112978,0.0,0.0,0.0
288.11670266656665,-36.990463323710294,27.447925925188194,0.0,0.0,0.0
288.1267883129131,-36.98452472858067,27.447533294566245,0.0,0.0,0.0
288.1368721766746,-36.978585068051636,27.4471403592851,0.0,0.0,0.0
288.146954258171,-36.97264434249084,27.446747119365902,0.0,0.0,0.0
288.1570345577222,-36.96670255226572,27.44635357482984,0.0,0.0,0.0
288.1671130756488,-36.9607596977437,27.445959725698092,0.0,0.0,0.0
288.177189812271,-36.954815779292026,27.44556557199186,0.0,0.0,0.0
288.1872647679095,-36.94887079727789,27.445171113732368,0.0,0.0,0.0
288.19733794288493,-36.94292475206839,27.444776350940856,0.0,0.0,0.0
288.2074093375183,-36.9369776440305,27.444381283638563,0.0,0.0,0.0
288.21747895213076,-36.93102947353105,27.443985911846763,0.0,0.0,0.0
288.2275467870436,-36.92508024093683,27.44359023558673,0.0,0.0,0.0
288.23761284257813,-36.919129946614454,27.443194254879756,0.0,0.0,0.0
288.24767711905605,-36.91317859093056,27.442797969747154,0.0,0.0,0.0
288.25773961679903,-36.90722617425157,27.44240138021025,0.0,0.0,0.0
288.2678003361291,-36.901272696943806,27.442004486290386,0.0,0.0,0.0
288.2778592773683,-36.89531815937353,27.44160728800891,0.0,0.0,0.0
288.2879164408389,-36.88936256190687,27.4412097853872,0.0,0.0,0.0
288.2979718268634,-36.88340590490987,27.44081197844664,0.0,0.0,0.0
288.3080254357643,-36.87744818874845,27.440413867208626,0.0,0.0,0.0
288.3180772678644,-36.87148941378845,27.440015451694574,0.0,0.0,0.0
288.32812732348674,-36.86552958039555,27.43961673192592,0.0,0.0,0.0
288.3381756029542,-36.859568688935425,27.4392177079241,0.0,0.0,0.0
288.3482221065902,-36.85360673977358,27.43881837971059,0.0,0.0,0.0
288.358266834718,-36.84764373327541,27.43841874730685,0.0,0.0,0.0
288.36830978766136,-36.841679669806204,27.438018810734384,0.0,0.0,0.0
288.37835096574395,-36.83571454973118,27.437618570014685,0.0,0.0,0.0
288.3883903692896,-36.82974837341543,27.437218025169287,0.0,0.0,0.0
288.3984279986225,-36.823781141223954,27.43681717621971,0.0,0.0,0.0
288.40846385406684,-36.81781285352162,27.436416023187526,0.0,0.0,0.0
288.4184979359471,-36.81184351067323,27.436014566094283,0.0,0.0,0.0
288.4285302445877,-36.805873113043404,27.435612804961572,0.0,0.0,0.0
288.4385607803134,-36.799901660996824,27.43521073981099,0.0,0.0,0.0
288.44858954344915,-36.793929154897874,27.434808370664147,0.0,0.0,0.0
288.4586165343199,-36.787955595110965,27.434405697542665,0.0,0.0,0.0
288.4686417532509,-36.78198098200033,27.43400272046819,0.0,0.0,0.0
288.4786652005675,-36.776005315930135,27.43359943946238,0.0,0.0,0.0
288.4886868765953,-36.77002859726442,27.433195854546906,0.0,0.0,0.0
288.4987067816599,-36.76405082636715,27.432791965743448,0.0,0.0,0.0
288.50872491608715,-36.75807200360216,27.432387773073728,0.0,0.0,0.0
288.51874128020313,-36.75209212933314,27.43198327655943,0.0,0.0,0.0
288.52875587433397,-36.74611120392381,27.431578476222306,0.0,0.0,0.0
288.53876869880594,-36.740129227737654,27.431173372084114,0.0,0.0,0.0
288.5487797539456,-36.7341462011381,27.4307679641666,0.0,0.0,0.0
288.55878904007955,-36.72816212448847,27.430362252491545,0.0,0.0,0.0
288.5687965575346,-36.72217699815197,27.42995623708074,0.0,0.0,0.0
288.57880230663767,-36.71619082249173,27.429549917955995,0.0,0.0,0.0
288.58880628771595,-36.71020359787073,27.429143295139134,0.0,0.0,0.0
288.59880850109676,-36.70421532465189,27.428736368651993,0.0,0.0,0.0
288.6088089471073,-36.698226003197995,27.428329138516418,0.0,0.0,0.0
288.6188076260755,-36.69223563387171,27.42792160475429,0.0,0.0,0.0
288.6288045383288,-36.68624421703568,27.427513767387477,0.0,0.0,0.0
288.63879968419525,-36.680251753052374,27.427105626437886,0.0,0.0,0.0
288.64879306400286,-36.67425824228414,27.42669718192743,0.0,0.0,0.0
288.6587846780799,-36.66826368509328,27.426288433878028,0.0,0.0,0.0
288.6687745267547,-36.66226808184194,27.42587938231163,0.0,0.0,0.0
288.67876261035576,-36.65627143289219,27.4254700272502,0.0,0.0,0.0
288.68874892921184,-36.650273738605996,27.42506036871569,0.0,0.0,0.0
288.6987334836517,-36.64427499934521,27.424650406730112,0.0,0.0,0.0
288.7087162740045,-36.63827521547157,27.424240141315455,0.0,0.0,0.0
288.7186973005991,-36.6322743873467,27.42382957249374,0.0,0.0,0.0
288.728676563765,-36.6262725153322,27.42341870028701,0.0,0.0,0.0
288.73865406383163,-36.62026959978947,27.423007524717292,0.0,0.0,0.0
288.7486298011286,-36.61426564107984,27.422596045806664,0.0,0.0,0.0
288.7586037759856,-36.60826063956454,27.422184263577197,0.0,0.0,0.0
288.7685759887326,-36.6022545956047,27.421772178050983,0.0,0.0,0.0
288.77854643969965,-36.5962475095613,27.421359789250143,0.0,0.0,0.0
288.78851512921705,-36.59023938179528,27.42094709719679,0.0,0.0,0.0
288.79848205761505,-36.58423021266744,27.42053410191307,0.0,0.0,0.0
288.80844722522426,-36.57822000253848,27.420120803421128,0.0,0.0,0.0
288.8184106323754,-36.57220875176897,27.41970720174313,0.0,0.0,0.0
288.8283722793992,-36.56619646071945,27.419293296901262,0.0,0.0,0.0
288.8383321666266,-36.56018312975028,27.418879088917738,0.0,0.0,0.0
288.84829029438896,-36.554168759221746,27.41846457781475,0.0,0.0,0.0
288.85824666301727,-36.548153349494015,27.41804976361453,0.0,0.0,0.0
288.8682012728432,-36.54213690092717,27.417634646339327,0.0,0.0,0.0
288.87815412419815,-36.53611941388117,27.4172192260114,0.0,0.0,0.0
288.88810521741397,-36.53010088871587,27.416803502653018,0.0,0.0,0.0
288.8980545528226,-36.524081325791045,27.41638747628647,0.0,0.0,0.0
288.90800213075596,-36.51806072546629,27.415971146934055,0.0,0.0,0.0
288.91794795154624,-36.512039088101226,27.41555451461811,0.0,0.0,0.0
288.9278920155258,-36.506016414055274,27.41513757936095,0.0,0.0,0.0
288.9378343230271,-36.49999270368776,27.41472034118492,0.0,0.0,0.0
288.94777487438284,-36.4939679573579,27.414302800112406,0.0,0.0,0.0
288.95771366992574,-36.48794217542485,27.413884956165766,0.0,0.0,0.0
288.9676507099888,-36.4819153582476,27.413466809367403,0.0,0.0,0.0
288.977585994905,-36.47588750618509,27.41304835973972,0.0,0.0,0.0
288.98751952500754,-36.46985861959611,27.412629607305135,0.0,0.0,0.0
288.9974513006299,-36.46382869883938,27.41221055208611,0.0,0.0,0.0
289.0073813221056,-36.45779774427346,27.411791194105074,0.0,0.0,0.0
289.01730958976816,-36.45176575625695,27.4113715333845,0.0,0.0,0.0
289.02723610395157,-36.445732735148134,27.410951569946878,0.0,0.0,0.0
289.03716086498963,-36.439698681305345,27.410531303814704,0.0,0.0,0.0
289.04708387321654,-36.43366359508676,27.410110735010495,0.0,0.0,0.0
289.0570051289665,-36.42762747685045,27.409689863556764,0.0,0.0,0.0
289.066924632574,-36.42159032695437,27.409268689476068,0.0,0.0,0.0
289.07684238437344,-36.415552145756415,27.408847212790967,0.0,0.0,0.0
289.0867583846997,-36.40951293361431,27.408425433524023,0.0,0.0,0.0
289.0966726338874,-36.403472690885685,27.408003351697843,0.0,0.0,0.0
289.1065851322716,-36.39743141792818,27.407580967335015,0.0,0.0,0.0
289.1164958801875,-36.39138911509918,27.407158280458148,0.0,0.0,0.0
289.1264048779702,-36.38534578275604,27.406735291089902,0.0,0.0,0.0
289.13631212595516,-36.37930142125597,27.406311999252914,0.0,0.0,0.0
289.146217624478,-36.37325603095612,27.405888404969826,0.0,0.0,0.0
289.1561213738745,-36.3672096122135,27.405464508263336,0.0,0.0,0.0
289.1660233744803,-36.36116216538504,27.405040309156142,0.0,0.0,0.0
289.1759236266314,-36.35511369082754,27.40461580767095,0.0,0.0,0.0
289.1858221306641,-36.349064188897714,27.40419100383047,0.0,0.0,0.0
289.19571888691456,-36.34301365995211,27.40376589765745,0.0,0.0,0.0
289.2056138957191,-36.33696210434733,27.40334048917464,0.0,0.0,0.0
289.2155071574144,-36.33090952243971,27.40291477840481,0.0,0.0,0.0
289.2253986723371,-36.32485591458553,27.402488765370745,0.0,0.0,0.0
289.23528844082404,-36.31880128114098,27.402062450095226,0.0,0.0,0.0
289.24517646321215,-36.31274562246213,27.401635832601087,0.0,0.0,0.0
289.25506273983865,-36.30668893890495,27.401208912911148,0.0,0.0,0.0
289.26494727104074,-36.30063123082529,27.400781691048252,0.0,0.0,0.0
289.2748300571558,-36.29457249857895,27.400354167035257,0.0,0.0,0.0
289.28471109852137,-36.28851274252151,27.399926340895032,0.0,0.0,0.0
289.29459039547515,-36.2824519630086,27.39949821265047,0.0,0.0,0.0
289.30446794835495,-36.276390160395636,27.39906978232447,0.0,0.0,0.0
289.3143437574987,-36.27032733503794,27.398641049939943,0.0,0.0,0.0
289.3242178232445,-36.26426348729077,27.398212015519828,0.0,0.0,0.0
289.3340901459307,-36.258198617509215,27.39778267908708,0.0,0.0,0.0
289.34396072589544,-36.25213272604833,27.397353040664647,0.0,0.0,0.0
289.35382956347746,-36.24606581326302,27.39692310027552,0.0,0.0,0.0
289.36369665901526,-36.23999787950809,27.39649285794268,0.0,0.0,0.0
289.37356201284774,-36.233928925138244,27.39606231368914,0.0,0.0,0.0
289.3834256253138,-36.22785895050806,27.395631467537914,0.0,0.0,0.0
289.3932874967524,-36.22178795597208,27.39520031951205,0.0,0.0,0.0
289.40314762750285,-36.21571594188469,27.39476886963459,0.0,0.0,0.0
289.4130060179044,-36.20964290860014,27.394337117928618,0.0,0.0,0.0
289.42286266829666,-36.20356885647263,27.393905064417194,0.0,0.0,0.0
289.4327175790191,-36.19749378585622,27.393472709123426,0.0,0.0,0.0
289.44257075041156,-36.191417697104875,27.393040052070425,0.0,0.0,0.0
289.45242218281385,-36.18534059057248,27.392607093281317,0.0,0.0,0.0
289.46227187656604,-36.179262466612755,27.392173832779232,0.0,0.0,0.0
289.47211983200833,-36.17318332557934,27.391740270587352,0.0,0.0,0.0
289.4819660494809,-36.16710316782585,27.391306406728823,0.0,0.0,0.0
289.49181052932425,-36.161021993705674,27.39087224122685,0.0,0.0,0.0
289.50165327187887,-36.15493980357215,27.390437774104615,0.0,0.0,0.0
289.51149427748555,-36.148856597778526,27.390003005385356,0.0,0.0,0.0
289.521333546485,-36.14277237667791,27.389567935092284,0.0,0.0,0.0
289.5311710792183,-36.1366871406233,27.38913256324866,0.0,0.0,0.0
289.5410068760265,-36.13060088996764,27.388696889877735,0.0,0.0,0.0
289.5508409372509,-36.12451362506372,27.388260915002785,0.0,0.0,0.0
289.5606732632327,-36.11842534626423,27.387824638647107,0.0,0.0,0.0
289.57050385431353,-36.11233605392176,27.38738806083401,0.0,0.0,0.0
289.58033271083497,-36.10624574838885,27.38695118158679,0.0,0.0,0.0
289.5901598331388,-36.100154430017845,27.386514000928823,0.0,0.0,0.0
289.5999852215669,-36.09406209916102,27.386076518883424,0.0,0.0,0.0
289.6098088764613,-36.08796875617057,27.385638735473965,0.0,0.0,0.0
289.61963079816417,-36.08187440139853,27.385200650723842,0.0,0.0,0.0
289.6294509870178,-36.0757790351969,27.384762264656437,0.0,0.0,0.0
289.6392694433646,-36.06968265791749,27.38432357729516,0.0,0.0,0.0
289.64908616754707,-36.06358526991209,27.383884588663438,0.0,0.0,0.0
289.65890115990805,-36.05748687153233,27.38344529878471,0.0,0.0,0.0
289.6687144207903,-36.051387463129714,27.383005707682432,0.0,0.0,0.0
289.67852595053665,-36.04528704505574,27.382565815380083,0.0,0.0,0.0
289.6883357494903,-36.0391856176617,27.382125621901125,0.0,0.0,0.0
289.6981438179943,-36.03308318129883,27.381685127269062,0.0,0.0,0.0
289.70795015639226,-36.02697973631823,27.381244331507435,0.0,0.0,0.0
289.71775476502734,-36.020875283070914,27.380803234639735,0.0,0.0,0.0
289.7275576442433,-36.014769821907784,27.38036183668954,0.0,0.0,0.0
289.7373587943839,-36.00866335317966,27.37992013768039,0.0,0.0,0.0
289.7471582157929,-36.002555877237214,27.379478137635854,0.0,0.0,0.0
289.75695590881435,-35.996447394431044,27.379035836579533,0.0,0.0,0.0
289.7667518737923,-35.99033790511158,27.378593234535032,0.0,0.0,0.0
289.776546111071,-35.98422740962929,27.378150331525955,0.0,0.0,0.0
289.7863386209948,-35.978115908334395,27.37770712757594,0.0,0.0,0.0
289.7961294039083,-35.97200340157707,27.37726362270865,0.0,0.0,0.0
289.80591846015597,-35.965889889707384,27.37681981694773,0.0,0.0,0.0
289.81570579008263,-35.95977537307526,27.376375710316868,0.0,0.0,0.0
289.8254913940332,-35.95365985203056,27.375931302839746,0.0,0.0,0.0
289.8352752723526,-35.94754332692303,27.37548659454008,0.0,0.0,0.0
289.845057425386,-35.941425798102316,27.375041585441586,0.0,0.0,0.0
289.85483785347867,-35.93530726591789,27.374596275568013,0.0,0.0,0.0
289.864616556976,-35.92918773071926,27.374150664943098,0.0,0.0,0.0
289.87439353622335,-35.92306719285572,27.373704753590633,0.0,0.0,0.0
289.8841687915666,-35.916945652676475,27.373258541534362,0.0,0.0,0.0
289.8939423233513,-35.910823110530615,27.372812028798116,0.0,0.0,0.0
289.9037141319235,-35.904699566767164,27.37236521540569,0.0,0.0,0.0
289.913484217629,-35.89857502173501,27.371918101380913,0.0,0.0,0.0
289.9232525808141,-35.89244947578294,27.37147068674763,0.0,0.0,0.0
289.933019221825,-35.88632292925965,27.37102297152969,0.0,0.0,0.0
289.942784141008,-35.88019538251371,27.370574955750964,0.0,0.0,0.0
289.9525473387099,-35.874066835893565,27.370126639435355,0.0,0.0,0.0
289.96230881527697,-35.86793728974764,27.36967802260674,0.0,0.0,0.0
289.97206857105607,-35.86180674442417,27.369229105289048,0.0,0.0,0.0
289.9818266063942,-35.8556752002713,27.36877988750621,0.0,0.0,0.0
289.9915829216382,-35.84954265763711,27.368330369282162,0.0,0.0,0.0
290.0013375171353,-35.8434091168695,27.367880550640876,0.0,0.0,0.0
290.0110903932327,-35.83727457831635,27.367430431606312,0.0,0.0,0.0
290.0208415502778,-35.83113904232536,27.36698001220248,0.0,0.0,0.0
290.030590988618,-35.82500250924417,27.366529292453365,0.0,0.0,0.0
290.04033870860104,-35.81886497942026,27.366078272383,0.0,0.0,0.0
290.05008471057454,-35.81272645320113,27.365626952015408,0.0,0.0,0.0
290.05982899488635,-35.806586930934046,27.365175331374648,0.0,0.0,0.0
290.0695715618845,-35.8004464129662,27.364723410484782,0.0,0.0,0.0
290.07931241191704,-35.79430489964471,27.364271189369884,0.0,0.0,0.0
290.08905154533227,-35.788162391316554,27.363818668054048,0.0,0.0,0.0
290.0987889624784,-35.782018888328615,27.363365846561386,0.0,0.0,0.0
290.108524663704,-35.77587439102768,27.36291272491603,0.0,0.0,0.0
290.1182586493576,-35.769728899760416,27.362459303142092,0.0,0.0,0.0
290.1279909197878,-35.763582414873405,27.36200558126375,0.0,0.0,0.0
290.13772147534365,-35.75743493671306,27.361551559305163,0.0,0.0,0.0
