galstreams/tracks/track.st.NGC6362.sollima2020.ecsv
# %ECSV 0.9
# ---
# datatype:
# - {name: ra, unit: deg, datatype: float64}
# - {name: dec, unit: deg, datatype: float64}
# - {name: distance, unit: kpc, datatype: float64}
# - {name: pm_ra_cosdec, unit: mas / yr, datatype: float64}
# - {name: pm_dec, unit: mas / yr, datatype: float64}
# - {name: radial_velocity, unit: km / s, datatype: float64}
# delimiter: ','
# meta: !!omap
# - __serialized_columns__:
#     dec:
#       __class__: astropy.coordinates.angles.Latitude
#       unit: &id001 !astropy.units.Unit {unit: deg}
#       value: !astropy.table.SerializedColumn {name: dec}
#     distance:
#       __class__: astropy.coordinates.distances.Distance
#       unit: !astropy.units.Unit {unit: kpc}
#       value: !astropy.table.SerializedColumn {name: distance}
#     pm_dec:
#       __class__: astropy.units.quantity.Quantity
#       unit: !astropy.units.Unit {unit: mas / yr}
#       value: !astropy.table.SerializedColumn {name: pm_dec}
#     pm_ra_cosdec:
#       __class__: astropy.units.quantity.Quantity
#       unit: !astropy.units.Unit {unit: mas / yr}
#       value: !astropy.table.SerializedColumn {name: pm_ra_cosdec}
#     ra:
#       __class__: astropy.coordinates.angles.Longitude
#       unit: *id001
#       value: !astropy.table.SerializedColumn {name: ra}
#       wrap_angle: !astropy.coordinates.Angle
#         unit: *id001
#         value: 360.0
#     radial_velocity:
#       __class__: astropy.units.quantity.Quantity
#       unit: !astropy.units.Unit {unit: km / s}
#       value: !astropy.table.SerializedColumn {name: radial_velocity}
# schema: astropy-2.0
ra,dec,distance,pm_ra_cosdec,pm_dec,radial_velocity
258.6900250822971,-64.61030089602122,7.500000000000004,0.0,0.0,-0.0
258.68199644407514,-64.62841203436162,7.500000000000006,0.0,0.0,-0.0
258.6751475559824,-64.64596150350458,7.500000000000005,0.0,0.0,-0.0
258.66943897719403,-64.66296932135647,7.5000000000000036,0.0,0.0,-0.0
258.66483194715215,-64.67945503259605,7.5000000000000036,0.0,0.0,-0.0
258.66128839178094,-64.69543771744719,7.500000000000004,0.0,0.0,-0.0
258.6587709287784,-64.71093600022702,7.500000000000003,0.0,0.0,-0.0
258.6572428720217,-64.7259680576766,7.500000000000004,0.0,0.0,-0.0
258.6566682351262,-64.7405516270821,7.500000000000004,0.0,0.0,-0.0
258.65701173419103,-64.75470401419332,7.500000000000004,0.0,0.0,-0.0
258.6582387897708,-64.76844210094664,7.500000000000003,0.0,0.0,-0.0
258.6603155281069,-64.78178235300018,7.500000000000004,0.0,0.0,-0.0
258.66320878165334,-64.79474082708731,7.5000000000000036,0.0,0.0,-0.0
258.66688608893134,-64.80733317819583,7.500000000000005,0.0,0.0,-0.0
258.6713156937454,-64.81957466657934,7.500000000000003,0.0,0.0,-0.0
258.67646654379286,-64.83148016460723,7.5000000000000036,0.0,0.0,-0.0
258.6823082886992,-64.84306416345974,7.500000000000003,0.0,0.0,-0.0
258.6888112775078,-64.85434077967425,7.500000000000003,0.0,0.0,-0.0
258.6959465556559,-64.86532376154858,7.5000000000000036,0.0,0.0,-0.0
258.70368586146446,-64.87602649540784,7.5000000000000036,0.0,0.0,-0.0
258.7120016221691,-64.88646201173943,7.5000000000000036,0.0,0.0,-0.0
258.7208669495206,-64.8966429912026,7.5000000000000036,0.0,0.0,-0.0
258.7302556349803,-64.90658177051748,7.500000000000003,0.0,0.0,-0.0
258.7401421445353,-64.91629034823863,7.500000000000003,0.0,0.0,-0.0
258.7505016131584,-64.92578039041834,7.5000000000000036,0.0,0.0,-0.0
258.76130983893637,-64.93506323616418,7.500000000000002,0.0,0.0,-0.0
258.77254327688854,-64.94414990309568,7.5000000000000036,0.0,0.0,-0.0
258.784179032498,-64.95305109270413,7.5000000000000036,0.0,0.0,-0.0
258.79619485497625,-64.96177719562033,7.5000000000000036,0.0,0.0,-0.0
258.8085691302811,-64.97033829679366,7.5000000000000036,0.0,0.0,-0.0
258.82128087390817,-64.97874418058723,7.5000000000000036,0.0,0.0,-0.0
258.8343097234726,-64.98700433579197,7.500000000000003,0.0,0.0,-0.0
258.8476359311009,-64.9951279605638,7.5000000000000036,0.0,0.0,-0.0
258.8612403556481,-65.0031239672871,7.500000000000003,0.0,0.0,-0.0
258.8751044547572,-65.01100098736774,7.5000000000000036,0.0,0.0,-0.0
258.88921027677674,-65.01876737595882,7.500000000000004,0.0,0.0,-0.0
258.9035404525501,-65.02643121662203,7.5000000000000036,0.0,0.0,-0.0
258.91807818709196,-65.03400032592738,7.5000000000000036,0.0,0.0,-0.0
258.9328072511638,-65.04148225799402,7.500000000000004,0.0,0.0,-0.0
258.94771197276293,-65.0488843089748,7.500000000000003,0.0,0.0,-0.0
258.9627772285346,-65.0562135214865,7.5000000000000036,0.0,0.0,-0.0
258.9779884351219,-65.06347668898873,7.500000000000004,0.0,0.0,-0.0
258.9933315404614,-65.07068036011285,7.500000000000003,0.0,0.0,-0.0
259.0087930150355,-65.07783084294341,7.5000000000000036,0.0,0.0,-0.0
259.0243598430931,-65.08493420925389,7.500000000000004,0.0,0.0,-0.0
259.0400195138443,-65.09199629869828,7.5000000000000036,0.0,0.0,-0.0
259.0557600126409,-65.09902272296068,7.500000000000004,0.0,0.0,-0.0
259.07156981214894,-65.10601886986385,7.5000000000000036,0.0,0.0,-0.0
259.08743786352125,-65.11298990743865,7.5000000000000036,0.0,0.0,-0.0
259.1033535875779,-65.11994078795549,7.500000000000004,0.0,0.0,-0.0
259.1193068659998,-65.1268762519192,7.500000000000004,0.0,0.0,-0.0
259.13528803254286,-65.13380083202816,7.500000000000005,0.0,0.0,-0.0
259.15128786427834,-65.14071885709942,7.500000000000005,0.0,0.0,-0.0
259.16729757286436,-65.1476344559601,7.500000000000004,0.0,0.0,-0.0
259.18330879585346,-65.15455156130645,7.500000000000004,0.0,0.0,-0.0
259.199313588042,-65.16147391353134,7.500000000000005,0.0,0.0,-0.0
259.21530441286393,-65.16840506452071,7.500000000000004,0.0,0.0,-0.0
259.231274133835,-65.17534838142026,7.5000000000000036,0.0,0.0,-0.0
259.24721600604886,-65.18230705037226,7.500000000000005,0.0,0.0,-0.0
259.2631236677299,-65.18928408022371,7.5000000000000036,0.0,0.0,-0.0
259.2789911318457,-65.19628230620621,7.500000000000006,0.0,0.0,-0.0
259.29481277778126,-65.20330439358771,7.500000000000006,0.0,0.0,-0.0
259.310583343077,-65.21035284129685,7.500000000000006,0.0,0.0,-0.0
259.32629791523584,-65.21742998552051,7.500000000000006,0.0,0.0,-0.0
259.34195192359647,-65.22453800327408,7.500000000000004,0.0,0.0,-0.0
259.3575411312793,-65.23167891594575,7.500000000000005,0.0,0.0,-0.0
259.3730616272032,-65.23885459281414,7.500000000000006,0.0,0.0,-0.0
259.38850981817734,-65.24606675454011,7.500000000000006,0.0,0.0,-0.0
259.40388242106644,-65.25331697663275,7.500000000000006,0.0,0.0,-0.0
259.4191764550326,-65.2606066928893,7.500000000000006,0.0,0.0,-0.0
259.4343892338538,-65.26793719880986,7.500000000000006,0.0,0.0,-0.0
259.4495183583197,-65.27530965498613,7.500000000000005,0.0,0.0,-0.0
259.46456170870556,-65.28272509046485,7.500000000000006,0.0,0.0,-0.0
259.4795174373238,-65.29018440608563,7.500000000000006,0.0,0.0,-0.0
259.4943839611559,-65.29768837779324,7.500000000000006,0.0,0.0,-0.0
259.50915995456137,-65.30523765992447,7.500000000000005,0.0,0.0,-0.0
259.52384434206687,-65.3128327884693,7.500000000000006,0.0,0.0,-0.0
259.53843629123384,-65.32047418430625,7.500000000000006,0.0,0.0,-0.0
259.5529352056051,-65.32816215641238,7.500000000000008,0.0,0.0,-0.0
259.56734071773,-65.33589690504705,7.500000000000006,0.0,0.0,-0.0
259.5816526822683,-65.34367852490996,7.500000000000005,0.0,0.0,-0.0
259.5958711691715,-65.3515070082731,7.500000000000006,0.0,0.0,-0.0
259.60999645694267,-65.35938224808632,7.500000000000006,0.0,0.0,-0.0
259.62402902597273,-65.36730404105687,7.500000000000008,0.0,0.0,-0.0
259.6379695519537,-65.37527209070197,7.500000000000009,0.0,0.0,-0.0
259.6518188993688,-65.3832860103753,7.500000000000008,0.0,0.0,-0.0
259.6655781150573,-65.39134532626625,7.500000000000007,0.0,0.0,-0.0
259.6792484218548,-65.39944948037233,7.500000000000007,0.0,0.0,-0.0
259.69283121230796,-65.40759783344434,7.500000000000007,0.0,0.0,-0.0
259.7063280424626,-65.41578966790438,7.500000000000008,0.0,0.0,-0.0
259.7197406257255,-65.42402419073615,7.500000000000006,0.0,0.0,-0.0
259.73307082679815,-65.43230053634764,7.500000000000008,0.0,0.0,-0.0
259.7463206556823,-65.44061776940602,7.500000000000006,0.0,0.0,-0.0
259.7594922617567,-65.4489748876444,7.500000000000008,0.0,0.0,-0.0
259.77258792792395,-65.45737082464026,7.500000000000008,0.0,0.0,-0.0
259.78561006482687,-65.46580445256568,7.500000000000007,0.0,0.0,-0.0
259.7985612051346,-65.47427458490887,7.500000000000008,0.0,0.0,-0.0
259.8114439978961,-65.48277997916696,7.500000000000008,0.0,0.0,-0.0
259.82426120296157,-65.49131933950981,7.500000000000008,0.0,0.0,-0.0
259.8370156854711,-65.49989131941487,7.500000000000009,0.0,0.0,-0.0
259.84971041040933,-65.50849452427254,7.500000000000009,0.0,0.0,-0.0
259.86234843722605,-65.51712751396241,7.500000000000009,0.0,0.0,-0.0
259.874932914522,-65.52578880539961,7.500000000000009,0.0,0.0,-0.0
259.887467074799,-65.53447687505182,7.500000000000009,0.0,0.0,-0.0
259.89995422927444,-65.54319016142594,7.500000000000008,0.0,0.0,-0.0
259.91239776275887,-65.55192706752521,7.500000000000008,0.0,0.0,-0.0
259.9248011285973,-65.56068596327594,7.500000000000008,0.0,0.0,-0.0
259.9371678436725,-65.56946518792387,7.500000000000009,0.0,0.0,-0.0
259.94950148347056,-65.57826305240056,7.500000000000008,0.0,0.0,-0.0
259.96180567720876,-65.58707784165883,7.500000000000008,0.0,0.0,-0.0
259.9740841030238,-65.59590781697786,7.500000000000008,0.0,0.0,-0.0
259.9863404832223,-65.60475121823738,7.50000000000001,0.0,0.0,-0.0
259.99857857959137,-65.6136062661613,7.500000000000008,0.0,0.0,-0.0
260.01080218876956,-65.62247116453015,7.50000000000001,0.0,0.0,-0.0
260.023015137679,-65.63134410236279,7.500000000000008,0.0,0.0,-0.0
260.0352212790163,-65.64022325606688,7.500000000000009,0.0,0.0,-0.0
260.0474244868049,-65.64910679155824,7.500000000000009,0.0,0.0,-0.0
260.05962865200615,-65.65799286634926,7.500000000000009,0.0,0.0,-0.0
260.0718376781901,-65.66687963160551,7.500000000000009,0.0,0.0,-0.0
260.08405547726727,-65.67576523417169,7.500000000000009,0.0,0.0,-0.0
260.0962859652783,-65.68464781856578,7.500000000000008,0.0,0.0,-0.0
260.10853305824463,-65.69352552894198,7.500000000000008,0.0,0.0,-0.0
260.12080066807823,-65.70239651102207,7.500000000000009,0.0,0.0,-0.0
260.1330926985514,-65.71125891399565,7.500000000000009,0.0,0.0,-0.0
260.14541304132626,-65.72011089238845,7.500000000000009,0.0,0.0,-0.0
260.1577655720447,-65.72895060789953,7.500000000000009,0.0,0.0,-0.0
260.1701541464779,-65.73777623120677,7.500000000000009,0.0,0.0,-0.0
260.18258259673735,-65.7465859437409,7.50000000000001,0.0,0.0,-0.0
260.1950547275451,-65.75537793942809,7.500000000000011,0.0,0.0,-0.0
260.207574312566,-65.76415042640083,7.500000000000011,0.0,0.0,-0.0
260.22014509080117,-65.77290162867764,7.500000000000009,0.0,0.0,-0.0
260.23277076304214,-65.78162978781094,7.50000000000001,0.0,0.0,-0.0
260.24545498838773,-65.79033316450368,7.500000000000009,0.0,0.0,-0.0
260.2582013808225,-65.79901004019439,7.50000000000001,0.0,0.0,-0.0
260.27101350585826,-65.80765871861094,7.500000000000009,0.0,0.0,-0.0
260.28389487723814,-65.8162775272927,7.500000000000009,0.0,0.0,-0.0
260.2968489537043,-65.82486481908148,7.50000000000001,0.0,0.0,-0.0
260.30987913582953,-65.83341897358112,7.500000000000009,0.0,0.0,-0.0
260.32298876291316,-65.84193839858563,7.500000000000008,0.0,0.0,-0.0
260.33618110994115,-65.8504215314763,7.50000000000001,0.0,0.0,-0.0
260.34945938461215,-65.8588668405872,7.500000000000009,0.0,0.0,-0.0
260.3628267244288,-65.86727282653997,7.50000000000001,0.0,0.0,-0.0
260.3762861938559,-65.87563802354705,7.50000000000001,0.0,0.0,-0.0
260.3898407815441,-65.88396100068404,7.500000000000008,0.0,0.0,-0.0
260.40349339762184,-65.89224036313074,7.500000000000009,0.0,0.0,-0.0
260.41724687105494,-65.90047475338152,7.50000000000001,0.0,0.0,-0.0
260.43110394707395,-65.90866285242436,7.500000000000011,0.0,0.0,-0.0
260.44506728467076,-65.91680338088918,7.50000000000001,0.0,0.0,-0.0
260.45913945416436,-65.92489510016513,7.500000000000009,0.0,0.0,-0.0
260.47332293483646,-65.93293681348719,7.500000000000011,0.0,0.0,-0.0
260.4876201126376,-65.94092736699172,7.50000000000001,0.0,0.0,-0.0
260.5020332779639,-65.94886565074134,7.500000000000009,0.0,0.0,-0.0
260.5165646235054,-65.95675059971927,7.50000000000001,0.0,0.0,-0.0
260.5312162421666,-65.96458119479269,7.50000000000001,0.0,0.0,-0.0
260.5459901250584,-65.97235646364543,7.500000000000009,0.0,0.0,-0.0
260.56088815956434,-65.98007548168036,7.50000000000001,0.0,0.0,-0.0
260.57591212747906,-65.9877373728907,7.500000000000009,0.0,0.0,-0.0
260.59106370322104,-65.99534131070116,7.500000000000008,0.0,0.0,-0.0
260.6063444521196,-66.00288651877827,7.500000000000008,0.0,0.0,-0.0
260.62175582877643,-66.01037227181027,7.500000000000009,0.0,0.0,-0.0
260.6372991755028,-66.01779789625647,7.500000000000009,0.0,0.0,-0.0
260.65297572083125,-66.02516277106619,7.500000000000009,0.0,0.0,-0.0
260.66878657810395,-66.03246632836688,7.500000000000009,0.0,0.0,-0.0
260.6847327441373,-66.03970805412229,7.500000000000009,0.0,0.0,-0.0
260.70081509796256,-66.04688748875955,7.500000000000008,0.0,0.0,-0.0
260.7170343996441,-66.05400422776627,7.500000000000009,0.0,0.0,-0.0
260.7333912891736,-66.06105792225681,7.500000000000009,0.0,0.0,-0.0
260.7498862854434,-66.06804827950815,7.500000000000009,0.0,0.0,-0.0
260.76651978529577,-66.07497506346516,7.500000000000009,0.0,0.0,-0.0
260.78329206265107,-66.08183809521553,7.500000000000008,0.0,0.0,-0.0
260.8002032677137,-66.08863725343383,7.500000000000009,0.0,0.0,-0.0
260.8172534262562,-66.09537247479511,7.500000000000009,0.0,0.0,-0.0
260.8344424389814,-66.10204375435791,7.500000000000008,0.0,0.0,-0.0
260.8517700809632,-66.10865114591633,7.50000000000001,0.0,0.0,-0.0
260.86923600116614,-66.11519476232169,7.500000000000009,0.0,0.0,-0.0
260.8868397220427,-66.12167477577316,7.500000000000007,0.0,0.0,-0.0
260.9045806392096,-66.12809141807764,7.500000000000009,0.0,0.0,-0.0
260.9224580212022,-66.13444498087858,7.500000000000008,0.0,0.0,-0.0
260.94047100930766,-66.14073581585406,7.500000000000007,0.0,0.0,-0.0
260.9586186174759,-66.14696433488355,7.500000000000008,0.0,0.0,-0.0
260.9768997323093,-66.15313101018371,7.500000000000009,0.0,0.0,-0.0
260.9953131131294,-66.15923637441287,7.500000000000008,0.0,0.0,-0.0
261.01385739212265,-66.16528102074425,7.500000000000009,0.0,0.0,-0.0
261.0325310745627,-66.17126560290765,7.500000000000008,0.0,0.0,-0.0
261.05133253911,-66.17719083519974,7.500000000000009,0.0,0.0,-0.0
261.07026003818936,-66.18305749246274,7.50000000000001,0.0,0.0,-0.0
261.08931169844317,-66.18886641003124,7.500000000000008,0.0,0.0,-0.0
261.1084855212613,-66.19461848364728,7.500000000000009,0.0,0.0,-0.0
261.1277793833869,-66.20031466934337,7.500000000000008,0.0,0.0,-0.0
261.14719103759796,-66.20595598329356,7.500000000000009,0.0,0.0,-0.0
261.16671811346356,-66.21154350163205,7.500000000000009,0.0,0.0,-0.0
261.18635811817484,-66.21707836023967,7.500000000000008,0.0,0.0,-0.0
261.2061084374505,-66.22256175449772,7.500000000000008,0.0,0.0,-0.0
261.225966336515,-66.22799493900926,7.500000000000009,0.0,0.0,-0.0
261.24592896115104,-66.23337922728749,7.500000000000009,0.0,0.0,-0.0
261.26599333882274,-66.23871599141121,7.500000000000009,0.0,0.0,-0.0
261.2861563798728,-66.24400666164746,7.500000000000008,0.0,0.0,-0.0
261.3064148787892,-66.24925272604047,7.500000000000009,0.0,0.0,-0.0
261.32676551554295,-66.25445572996753,7.500000000000008,0.0,0.0,-0.0
261.3472048569964,-66.25961727566123,7.50000000000001,0.0,0.0,-0.0
261.36772935838,-66.2647390216978,7.500000000000009,0.0,0.0,-0.0
261.38833536483753,-66.26982268245186,7.500000000000008,0.0,0.0,-0.0
261.4090191130403,-66.2748700275168,7.500000000000009,0.0,0.0,-0.0
261.4297767328668,-66.27988288109111,7.500000000000009,0.0,0.0,-0.0
261.4506042491502,-66.28486312133033,7.500000000000007,0.0,0.0,-0.0
261.4714975834904,-66.2898126796643,7.500000000000008,0.0,0.0,-0.0
261.49245255613124,-66.29473354007958,7.500000000000007,0.0,0.0,-0.0
261.51346488790205,-66.2996277383674,7.500000000000008,0.0,0.0,-0.0
261.5345302022222,-66.30449736133603,7.500000000000009,0.0,0.0,-0.0
261.555644027168,-66.30934454598805,7.500000000000008,0.0,0.0,-0.0
261.5768017976016,-66.31417147866235,7.500000000000009,0.0,0.0,-0.0
261.5979988573608,-66.31898039414024,7.500000000000009,0.0,0.0,-0.0
261.6192304615087,-66.32377357471601,7.50000000000001,0.0,0.0,-0.0
261.64049177864297,-66.32855334923154,7.500000000000009,0.0,0.0,-0.0
261.6617778932638,-66.33332209207462,7.500000000000009,0.0,0.0,-0.0
261.68308380819917,-66.33808222214115,7.500000000000008,0.0,0.0,-0.0
261.7044044470881,-66.34283620176097,7.500000000000009,0.0,0.0,-0.0
261.7257346569187,-66.3475865355868,7.500000000000006,0.0,0.0,-0.0
261.74706921062364,-66.35233576944687,7.500000000000008,0.0,0.0,-0.0
261.7684028097292,-66.35708648916024,7.500000000000006,0.0,0.0,-0.0
261.78973008705873,-66.36184131931533,7.500000000000008,0.0,0.0,-0.0
261.8110456094896,-66.3666029220112,7.500000000000009,0.0,0.0,-0.0
261.83234388076363,-66.37137399556134,7.500000000000008,0.0,0.0,-0.0
261.8536193443484,-66.3761572731603,7.500000000000007,0.0,0.0,-0.0
261.87486638635124,-66.3809555215124,7.500000000000006,0.0,0.0,-0.0
261.89607933848396,-66.38577153942293,7.500000000000008,0.0,0.0,-0.0
261.9172524810778,-66.39060815635149,7.500000000000007,0.0,0.0,-0.0
261.9383800461481,-66.39546823092725,7.500000000000008,0.0,0.0,-0.0
261.95945622050914,-66.40035464942613,7.500000000000006,0.0,0.0,-0.0
261.9804751489375,-66.40527032421015,7.500000000000009,0.0,0.0,-0.0
262.001430937384,-66.41021819212811,7.500000000000008,0.0,0.0,-0.0
262.02231765623367,-66.41520121287812,7.500000000000008,0.0,0.0,-0.0
262.04312934361474,-66.42022236733172,7.500000000000009,0.0,0.0,-0.0
262.06386000875335,-66.4252846558194,7.500000000000008,0.0,0.0,-0.0
