galstreams/tracks/track.st.New-16.ibata2024.ecsv
# %ECSV 1.0
# ---
# datatype:
# - {name: ra, unit: deg, datatype: float64}
# - {name: dec, unit: deg, datatype: float64}
# - {name: distance, unit: kpc, datatype: float64}
# - {name: pm_ra_cosdec, unit: mas / yr, datatype: float64}
# - {name: pm_dec, unit: mas / yr, datatype: float64}
# - {name: radial_velocity, unit: km / s, datatype: float64}
# delimiter: ','
# meta: !!omap
# - __serialized_columns__:
#     dec:
#       __class__: astropy.coordinates.angles.Latitude
#       unit: &id001 !astropy.units.Unit {unit: deg}
#       value: !astropy.table.SerializedColumn {name: dec}
#     distance:
#       __class__: astropy.coordinates.distances.Distance
#       unit: !astropy.units.Unit {unit: kpc}
#       value: !astropy.table.SerializedColumn {name: distance}
#     pm_dec:
#       __class__: astropy.units.quantity.Quantity
#       unit: !astropy.units.Unit {unit: mas / yr}
#       value: !astropy.table.SerializedColumn {name: pm_dec}
#     pm_ra_cosdec:
#       __class__: astropy.units.quantity.Quantity
#       unit: !astropy.units.Unit {unit: mas / yr}
#       value: !astropy.table.SerializedColumn {name: pm_ra_cosdec}
#     ra:
#       __class__: astropy.coordinates.angles.Longitude
#       unit: *id001
#       value: !astropy.table.SerializedColumn {name: ra}
#       wrap_angle: !astropy.coordinates.Angle
#         unit: *id001
#         value: 360.0
#     radial_velocity:
#       __class__: astropy.units.quantity.Quantity
#       unit: !astropy.units.Unit {unit: km / s}
#       value: !astropy.table.SerializedColumn {name: radial_velocity}
# schema: astropy-2.0
ra,dec,distance,pm_ra_cosdec,pm_dec,radial_velocity
[from data line 1008]
188.26704808610782,-36.94594101992641,0.9999999999999996,-4.277483353477166,9.029639939796038,252.57703713061272
188.269709176019,-36.9361849215053,0.9999999999999998,-4.277065105345147,9.0257512865372,252.39349380379596
188.27236842210272,-36.92642857398655,0.9999999999999997,-4.2766458772014495,9.021860490182323,252.20972671835648
188.2750258204516,-36.91667197670967,0.9999999999999997,-4.276225669674718,9.01796755324711,252.0257406350066
188.27768136715994,-36.90691512901472,0.9999999999999997,-4.275804483395124,9.01407247824681,251.8415403144583
188.2803350583237,-36.897158030241805,0.9999999999999998,-4.275382318994499,9.010175267696141,251.65713051742418
188.28298689004058,-36.887400679731414,0.9999999999999997,-4.274959177106352,9.006275924109314,251.47251600461624
188.2856368584098,-36.877643076824306,0.9999999999999997,-4.274535058365668,9.002374450000016,251.28770153674668
188.28828495953232,-36.8678852208615,0.9999999999999997,-4.274109963409112,8.998470847881396,251.10269187452786
188.29093118951084,-36.858127111184366,0.9999999999999998,-4.273683892874981,8.99456512026616,250.91749177867197
188.29357554444954,-36.84836874713449,0.9999999999999997,-4.273256847403115,8.990657269666432,250.73210600989123
188.29621802045438,-36.83861012805374,0.9999999999999996,-4.272828827634987,8.986747298593848,250.54653932889795
188.2988586136329,-36.82885125328431,0.9999999999999997,-4.272399834213665,8.98283520955954,250.36079649640442
188.3014973200943,-36.81909212216864,0.9999999999999998,-4.271969867783819,8.978921005074081,250.17488227312268
188.30413413594954,-36.80933273404942,0.9999999999999996,-4.271538928991728,8.975004687647608,249.98880141976514
188.306769057311,-36.79957308826974,0.9999999999999997,-4.2711070184852336,8.971086259789693,249.80255869704402
188.3094020802929,-36.78981318417284,0.9999999999999997,-4.27067413691382,8.96716572400939,249.61615886567142
188.31203320101102,-36.78005302110229,0.9999999999999999,-4.270240284928536,8.96324308281526,249.42960668635976
188.31466241558277,-36.7702925984019,0.9999999999999998,-4.269805463182006,8.959318338715342,249.2429069198212
188.31728972012726,-36.76053191541582,0.9999999999999996,-4.2693696723284935,8.955391494217196,249.056064326768
188.31991511076515,-36.750770971488386,0.9999999999999996,-4.268932913023807,8.951462551827806,248.86908366791226
188.32253858361878,-36.74100976596427,0.9999999999999997,-4.268495185925374,8.947531514053697,248.68196970396653
188.32516013481214,-36.73124829818842,0.9999999999999997,-4.268056491692204,8.943598383400843,248.49472719564275
188.32777976047083,-36.72148656750599,0.9999999999999996,-4.267616830984886,8.939663162374739,248.30736090365335
188.3303974567221,-36.71172457326249,0.9999999999999996,-4.267176204465603,8.935725853480353,248.1198755887105
188.33301321969472,-36.70196231480358,0.9999999999999997,-4.266734612798084,8.931786459222149,247.9322760115263
188.3356270455192,-36.692199791475375,0.9999999999999997,-4.266292056647677,8.927844982104062,247.7445669328132
188.33823893032766,-36.68243700262413,0.9999999999999997,-4.265848536681304,8.923901424629545,247.55675311328346
188.34084887025378,-36.67267394759634,0.9999999999999998,-4.2654040535674635,8.9199557893015,247.36883931364918
188.34345686143294,-36.662910625738824,0.9999999999999997,-4.2649586079762445,8.916008078622358,247.1808302946226
188.34606290000207,-36.653147036398664,0.9999999999999997,-4.264512200579268,8.912058295094013,246.992730816916
188.3486669820997,-36.643383178923195,0.9999999999999997,-4.264064832049771,8.908106441217857,246.80454564124162
188.35126910386606,-36.633619052660016,0.9999999999999997,-4.263616503062568,8.904152519494772,246.6162795283118
188.35386926144292,-36.62385465695698,0.9999999999999996,-4.263167214293993,8.900196532425124,246.4279372388387
188.35646745097367,-36.61408999116222,0.9999999999999997,-4.2627169664220075,8.896238482508771,246.23952353353442
188.3590636686033,-36.60432505462411,0.9999999999999997,-4.262265760126114,8.892278372245087,246.0510431731115
188.36165791047847,-36.59455984669131,0.9999999999999998,-4.261813596087386,8.88831620413286,245.86250091828174
188.36425017274735,-36.58479436671265,0.9999999999999996,-4.26136047498847,8.88435198067048,245.6739015297579
188.36684045155974,-36.57502861403742,0.9999999999999997,-4.260906397513547,8.880385704355731,245.4852497682519
188.36942874306712,-36.56526258801498,0.9999999999999997,-4.260451364348433,8.876417377685936,245.29655039447607
188.37201504342244,-36.555496287995,0.9999999999999997,-4.259995376180388,8.872447003157884,245.10780816914254
188.37459934878032,-36.5457297133274,0.9999999999999996,-4.25953843369836,8.868474583267869,244.9190278529637
188.377181655297,-36.535962863362386,0.9999999999999996,-4.259080537592781,8.864500120511671,244.73021420665168
188.3797619591302,-36.526195737450394,0.9999999999999997,-4.2586216885556425,8.86052361738459,244.54137199091886
188.38234025643936,-36.516428334942105,0.9999999999999997,-4.2581618872804965,8.85654507638137,244.35250596647734
188.38491654338546,-36.50666065518848,0.9999999999999996,-4.257701134462481,8.852564499996262,244.1636208940394
188.387490816131,-36.4968926975407,0.9999999999999998,-4.257239430798231,8.848581890723011,243.97472153431727
188.39006307084023,-36.48712446135017,0.9999999999999997,-4.256776776986023,8.844597251054882,243.78581264802332
188.39263330367874,-36.4773559459687,0.9999999999999997,-4.256313173725559,8.840610583484594,243.59689899586948
188.3952015108139,-36.467587150748166,0.9999999999999997,-4.255848621718185,8.836621890504365,243.40798533856835
188.3977676884146,-36.45781807504077,0.9999999999999997,-4.255383121666741,8.832631174605911,243.219076436832
188.40033183265132,-36.448048718198955,0.9999999999999994,-4.25491667427567,8.828638438280453,243.03017705137265
188.40289393969607,-36.438279079575395,0.9999999999999996,-4.254449280250899,8.824643684018675,242.8412919429026
188.4054540057225,-36.42850915852303,0.9999999999999997,-4.253980940299954,8.820646914310789,242.65242587213402
188.40801202690574,-36.41873895439504,0.9999999999999997,-4.253511655131803,8.816648131646478,242.46358359977924
188.41056799942257,-36.40896846654484,0.9999999999999997,-4.253041425457098,8.812647338514907,242.27476988655033
188.41312191945133,-36.3991976943261,0.9999999999999997,-4.252570251987892,8.808644537404763,242.08598949315981
188.41567378317188,-36.38942663709271,0.9999999999999997,-4.252098135437856,8.804639730804212,241.89724718031968
188.41822358676566,-36.37965529419883,0.9999999999999997,-4.25162507652216,8.800632921200926,241.70854770874232
188.42077132641575,-36.36988366499878,0.9999999999999996,-4.251151075957553,8.796624111082021,241.51989583913982
188.42331699830666,-36.3601117488473,0.9999999999999998,-4.250676134462253,8.792613302934196,241.33129633222458
188.42586059862455,-36.350339545099196,0.9999999999999997,-4.250200252756044,8.788600499243568,241.1427539487087
188.42840212355713,-36.34056705310957,0.9999999999999997,-4.249723431560252,8.784585702495786,240.95427344930462
188.43094156929365,-36.33079427223376,0.9999999999999996,-4.2492456715976985,8.780568915175962,240.7658595947243
188.43347893202488,-36.321021201827335,0.9999999999999997,-4.24876697359274,8.776550139768744,240.57751714568022
188.43601420794317,-36.3112478412461,0.9999999999999996,-4.248287338271269,8.77252937875824,240.38925086288452
188.43854739324246,-36.30147418984612,0.9999999999999997,-4.24780676636069,8.768506634628086,240.20106550704944
188.44107848411818,-36.29170024698364,0.9999999999999998,-4.247325258589928,8.764481909861374,240.01296583888737
188.44360747676734,-36.281926012015184,0.9999999999999997,-4.246842815689457,8.76045520694073,239.82495661911025
188.44613436738845,-36.27215148429749,0.9999999999999996,-4.246359438391231,8.756426528348257,239.6370426084306
188.44865915218165,-36.26237666318745,0.9999999999999996,-4.245875127428732,8.752395876565537,239.44922856756043
188.4511818273485,-36.252601548042406,0.9999999999999997,-4.245389883536951,8.748363254073691,239.26151925721211
188.45370238909223,-36.24282613821971,0.9999999999999997,-4.2449037074524405,8.744328663353308,239.0739194380979
188.45622083361746,-36.23305043307703,0.9999999999999998,-4.244416599913176,8.740292106884446,238.88643387093003
188.45873715713054,-36.22327443197224,0.9999999999999998,-4.243928561658755,8.736253587146738,238.6990673164207
188.46125135583915,-36.21349813426345,0.9999999999999997,-4.243439593430173,8.732213106619241,238.51182453528205
188.46376342595264,-36.203721539309,0.9999999999999996,-4.242949695970017,8.72817066778055,238.32471028822656
188.4662733636818,-36.193944646467436,0.9999999999999997,-4.242458870022331,8.724126273108734,238.13772933596633
188.46878116523902,-36.18416745509756,0.9999999999999998,-4.241967116332683,8.720079925081368,237.95088643921358
188.4712868268382,-36.174389964558344,0.9999999999999996,-4.241474435648156,8.716031626175528,237.76418635868063
188.47379034469472,-36.16461217420905,0.9999999999999997,-4.240980828717318,8.7119813788678,237.5776338550797
188.47629171502555,-36.15483408340904,0.9999999999999997,-4.2404862962902214,8.707929185634242,237.39123368912286
188.47879093404913,-36.145055691518124,0.9999999999999997,-4.23999083911845,8.703875048950419,237.20499062152268
188.48128799798542,-36.13527699789611,0.9999999999999997,-4.239494457955084,8.69981897129141,237.0189094129911
188.48378290305595,-36.125498001903104,0.9999999999999994,-4.238997153554685,8.69576095513176,236.83299482424047
188.48627564548372,-36.115718702899436,0.9999999999999999,-4.238498926673289,8.691701002945564,236.64725161598312
188.4887662214932,-36.10593910024564,0.9999999999999997,-4.237999778068449,8.68763911720638,236.4616845489312
188.4912546273105,-36.09615919330248,0.9999999999999997,-4.237499708499215,8.683575300387254,236.2762983837968
188.49374085916313,-36.08637898143091,0.9999999999999998,-4.236998718726115,8.67950955496076,236.09109788129254
188.49622491328012,-36.07659846399213,0.9999999999999997,-4.236496809511168,8.675441883398982,235.90608780213026
188.49870678589213,-36.06681764034752,0.9999999999999997,-4.23599398161789,8.671372288173469,235.72127290702247
188.5011864732311,-36.05703650985869,0.9999999999999997,-4.235490235811226,8.66730077175528,235.53665795668127
188.5036639715307,-36.04725507188741,0.9999999999999997,-4.234985572857715,8.663227336614987,235.35224771181896
188.5061392770259,-36.03747332579583,0.9999999999999997,-4.234479993525239,8.659151985222667,235.16804693314785
188.50861238595337,-36.02769127094613,0.9999999999999997,-4.233973498583281,8.655074720047878,234.98406038137998
188.51108329455116,-36.01790890670074,0.9999999999999998,-4.233466088802743,8.650995543559684,234.80029281722776
188.5135519990588,-36.00812623242232,0.9999999999999997,-4.2329577649560015,8.646914458226668,234.61674900140343
188.51601849571736,-35.99834324747376,0.9999999999999997,-4.23244852781694,8.642831466516917,234.43343369461908
188.5184827807694,-35.9885599512181,0.9999999999999996,-4.2319383781608755,8.638746570897965,234.2503516575871
188.52094485045896,-35.97877634301863,0.9999999999999997,-4.231427316764616,8.63465977383693,234.0675076510196
188.5234047010316,-35.96899242223881,0.9999999999999996,-4.230915344406469,8.630571077800365,233.88490643562895
188.52586232873432,-35.95920818824234,0.9999999999999996,-4.23040246186617,8.626480485254362,233.70255277212743
188.52831772981563,-35.94942364039311,0.9999999999999996,-4.229888669924929,8.622387998664514,233.52045142122708
188.5307709005255,-35.939638778055176,0.9999999999999997,-4.229373969365456,8.618293620495898,233.33860714364036
188.53322183711543,-35.92985360059281,0.9999999999999998,-4.2288583609718735,8.614197353213111,233.15702470007923
188.5356705358384,-35.92006810737056,0.9999999999999998,-4.2283418455297985,8.61009919928026,232.97570885125626
188.53811699294877,-35.91028229775308,0.9999999999999994,-4.227824423826322,8.605999161160948,232.79466435788342
188.5405612047025,-35.90049617110525,0.9999999999999996,-4.2273060966499365,8.601897241318255,232.6138959806731
188.54300316735694,-35.89070972679215,0.9999999999999998,-4.226786864790656,8.597793442214812,232.43340848033753
188.54544287717098,-35.880922964179064,0.9999999999999998,-4.226266729039942,8.593687766312708,232.25320661758886
188.54788033040498,-35.871135882631464,0.9999999999999997,-4.225745690190674,8.589580216073603,232.07329515313947
188.55031552332065,-35.86134848151501,0.9999999999999997,-4.225223749037209,8.585470793958585,231.8936788477015
188.55274845218133,-35.85156076019556,0.9999999999999998,-4.224700906375368,8.581359502428292,231.71436246198715
188.55517911325177,-35.84177271803916,0.9999999999999997,-4.224177163002398,8.57724634394286,231.53535075670874
188.5576075027981,-35.831984354412086,0.9999999999999998,-4.2236525197169925,8.573131320961938,231.35664849257847
188.560033617088,-35.822195668680735,0.9999999999999997,-4.22312697731932,8.56901443594467,231.1782604303086
188.56245745239065,-35.81240666021176,0.9999999999999997,-4.222600536610965,8.564895691349701,231.00019133061147
188.56487900497655,-35.802617328371966,0.9999999999999998,-4.222073198394964,8.560775089635197,230.82244595419925
188.56729827111783,-35.79282767252835,0.9999999999999997,-4.2215449634758375,8.556652633258835,230.64502906178402
188.56971524708794,-35.78303769204811,0.9999999999999996,-4.221015832659474,8.552528324677766,230.46794541407812
188.57212992916186,-35.77324738629862,0.9999999999999997,-4.22048580675325,8.548402166348705,230.29119977179388
188.57454231361592,-35.76345675464745,0.9999999999999996,-4.2199548865659375,8.544274160727802,230.1147968956435
188.57695239672807,-35.75366579646234,0.9999999999999996,-4.219423072907822,8.540144310270794,229.9387415463392
188.57936017477758,-35.74387451111124,0.9999999999999999,-4.218890366590533,8.536012617432856,229.76303848459318
188.5817656440452,-35.73408289796224,0.9999999999999996,-4.218356768427187,8.53187908466872,229.58769247111778
188.58416880081313,-35.72429095638364,0.9999999999999997,-4.2178222792323385,8.52774371443261,229.41270826662526
188.586569641365,-35.714498685743926,0.9999999999999996,-4.217286899821904,8.52360650917824,229.2380906318276
188.58896816198592,-35.704706085411765,0.9999999999999997,-4.216750631013298,8.51946747135888,229.06384432743738
188.5913643589624,-35.69491315475597,0.9999999999999996,-4.216213473625343,8.515326603427248,228.88997411416656
188.59375822858243,-35.68511989314558,0.9999999999999996,-4.215675428478255,8.51118390783564,228.7164847527275
188.5961497671354,-35.67532629994978,0.9999999999999997,-4.2151364963937255,8.507039387035803,228.5433810038326
188.59853897091213,-35.665532374537946,0.9999999999999997,-4.214596678194837,8.50289304347902,228.3706676281938
188.60092583620488,-35.65573811627961,0.9999999999999996,-4.2140559747060635,8.49874487961609,228.19834938652355
188.60331035930741,-35.64594352454452,0.9999999999999997,-4.213514386753354,8.494594897897333,228.026431039534
188.60569253651485,-35.63614859870255,0.9999999999999996,-4.212971915164047,8.49044310077252,227.85491734793735
188.60807236412373,-35.62635333812377,0.9999999999999998,-4.212428560766873,8.486289490691,227.68381307244604
188.61044983843206,-35.616557742178436,0.9999999999999994,-4.211884324392035,8.482134070101626,227.513122973772
188.61282495573926,-35.60676181023696,0.9999999999999996,-4.211339206871065,8.47797684145274,227.3428518126278
188.61519771234612,-35.59696554166991,0.9999999999999996,-4.210793209036967,8.473817807192177,227.1730043497255
188.61756810455498,-35.58716893584805,0.9999999999999996,-4.210246331724152,8.469656969767346,227.0035853457773
188.61993612866948,-35.577371992142304,0.9999999999999998,-4.209698575768391,8.465494331625113,226.8345995614956
