galstreams/tracks/track.st.Molonglo.grillmair2017b.ecsv
# %ECSV 0.9
# ---
# datatype:
# - {name: ra, unit: deg, datatype: float64}
# - {name: dec, unit: deg, datatype: float64}
# - {name: distance, unit: kpc, datatype: float64}
# - {name: pm_ra_cosdec, unit: mas / yr, datatype: float64}
# - {name: pm_dec, unit: mas / yr, datatype: float64}
# - {name: radial_velocity, unit: km / s, datatype: float64}
# delimiter: ','
# meta: !!omap
# - __serialized_columns__:
#     dec:
#       __class__: astropy.coordinates.angles.Latitude
#       unit: &id001 !astropy.units.Unit {unit: deg}
#       value: !astropy.table.SerializedColumn {name: dec}
#     distance:
#       __class__: astropy.coordinates.distances.Distance
#       unit: !astropy.units.Unit {unit: kpc}
#       value: !astropy.table.SerializedColumn {name: distance}
#     pm_dec:
#       __class__: astropy.units.quantity.Quantity
#       unit: !astropy.units.Unit {unit: mas / yr}
#       value: !astropy.table.SerializedColumn {name: pm_dec}
#     pm_ra_cosdec:
#       __class__: astropy.units.quantity.Quantity
#       unit: !astropy.units.Unit {unit: mas / yr}
#       value: !astropy.table.SerializedColumn {name: pm_ra_cosdec}
#     ra:
#       __class__: astropy.coordinates.angles.Longitude
#       unit: *id001
#       value: !astropy.table.SerializedColumn {name: ra}
#       wrap_angle: !astropy.coordinates.Angle
#         unit: *id001
#         value: 360.0
#     radial_velocity:
#       __class__: astropy.units.quantity.Quantity
#       unit: !astropy.units.Unit {unit: km / s}
#       value: !astropy.table.SerializedColumn {name: radial_velocity}
# schema: astropy-2.0
ra,dec,distance,pm_ra_cosdec,pm_dec,radial_velocity
[from data line 940]
2.2975616637118703,-18.692536894301043,19.999999999999993,0.0,0.0,0.0
2.289454976488177,-18.686126952097595,19.99999999999999,0.0,0.0,0.0
2.2813490910586354,-18.679716448445934,19.999999999999993,0.0,0.0,0.0
2.2732440075463223,-18.67330538312514,19.99999999999999,0.0,0.0,0.0
2.2651397260741946,-18.666893755914163,19.99999999999999,0.0,0.0,0.0
2.2570362467652716,-18.660481566592033,19.999999999999993,0.0,0.0,0.0
2.2489335697425905,-18.654068814937755,19.999999999999993,0.0,0.0,0.0
2.240831695129207,-18.647655500730384,19.999999999999993,0.0,0.0,0.0
2.2327306230481487,-18.641241623748915,19.99999999999999,0.0,0.0,0.0
2.2246303536225955,-18.63482718377248,19.999999999999993,0.0,0.0,0.0
2.2165308869756095,-18.62841218058011,19.99999999999999,0.0,0.0,0.0
2.208432223230316,-18.62199661395087,19.999999999999993,0.0,0.0,0.0
2.2003343625098566,-18.615580483663862,19.999999999999993,0.0,0.0,0.0
2.192237304937345,-18.60916378949813,19.999999999999993,0.0,0.0,0.0
2.184141050636051,-18.602746531232857,19.999999999999993,0.0,0.0,0.0
2.1760455997291217,-18.596328708647125,19.999999999999993,0.0,0.0,0.0
2.1679509523397686,-18.58991032152006,19.999999999999996,0.0,0.0,0.0
2.1598571085912224,-18.583491369630796,19.999999999999993,0.0,0.0,0.0
2.15176406860668,-18.577071852758436,19.999999999999993,0.0,0.0,0.0
2.1436718325094977,-18.57065177068221,19.999999999999996,0.0,0.0,0.0
2.135580400422911,-18.56423112318125,19.999999999999993,0.0,0.0,0.0
2.1274897724702155,-18.557809910034738,19.999999999999993,0.0,0.0,0.0
2.119399948774727,-18.551388131021834,19.999999999999993,0.0,0.0,0.0
2.1113109294597767,-18.54496578592175,19.999999999999996,0.0,0.0,0.0
2.1032227146486675,-18.53854287451365,19.999999999999993,0.0,0.0,0.0
2.095135304464857,-18.532119396576814,19.999999999999993,0.0,0.0,0.0
2.087048699031681,-18.525695351890437,19.999999999999993,0.0,0.0,0.0
2.07896289847254,-18.51927074023374,19.999999999999993,0.0,0.0,0.0
2.0708779029108357,-18.512845561385955,19.999999999999996,0.0,0.0,0.0
2.0627937124700226,-18.50641981512635,19.999999999999993,0.0,0.0,0.0
2.054710327273546,-18.499993501234183,19.999999999999996,0.0,0.0,0.0
2.0466277474448726,-18.493566619488718,19.999999999999993,0.0,0.0,0.0
2.0385459731074866,-18.487139169669234,19.999999999999993,0.0,0.0,0.0
2.030465004384888,-18.480711151555017,19.999999999999993,0.0,0.0,0.0
2.0223848414005943,-18.474282564925357,19.999999999999993,0.0,0.0,0.0
2.014305484278142,-18.467853409559577,19.999999999999993,0.0,0.0,0.0
2.006226933141081,-18.461423685236976,19.999999999999993,0.0,0.0,0.0
1.9981491881129787,-18.45499339173688,19.999999999999993,0.0,0.0,0.0
1.9900722493174208,-18.448562528838615,19.999999999999993,0.0,0.0,0.0
1.9819961168780085,-18.442131096321535,19.999999999999993,0.0,0.0,0.0
1.9739207909183594,-18.43569909396498,19.999999999999996,0.0,0.0,0.0
1.9658462715621092,-18.429266521548314,20.0,0.0,0.0,0.0
1.9577725589329076,-18.422833378850903,20.0,0.0,0.0,0.0
1.9496996531544222,-18.41639966565212,20.0,0.0,0.0,0.0
1.9416275543503376,-18.409965381731343,20.0,0.0,0.0,0.0
1.9335562626443545,-18.403530526867982,19.999999999999996,0.0,0.0,0.0
1.9254857781601893,-18.39709510084142,20.000000000000004,0.0,0.0,0.0
1.9174161010215771,-18.39065910343108,20.0,0.0,0.0,0.0
1.9093472313522672,-18.38422253441638,20.0,0.0,0.0,0.0
1.9012791692760262,-18.37778539357674,19.999999999999993,0.0,0.0,0.0
1.8932119149166362,-18.3713476806916,19.999999999999996,0.0,0.0,0.0
1.8851454683978979,-18.364909395540398,20.0,0.0,0.0,0.0
1.8770798298436253,-18.358470537902594,19.999999999999996,0.0,0.0,0.0
1.869014999377649,-18.35203110755764,19.999999999999996,0.0,0.0,0.0
1.8609509771238195,-18.34559110428501,19.999999999999996,0.0,0.0,0.0
1.8528877632059992,-18.339150527864177,20.0,0.0,0.0,0.0
1.8448253577480702,-18.332709378074632,19.999999999999996,0.0,0.0,0.0
1.8367637608739273,-18.326267654695858,20.0,0.0,0.0,0.0
1.8287029727074848,-18.31982535750736,20.0,0.0,0.0,0.0
1.820642993372671,-18.313382486288646,20.0,0.0,0.0,0.0
1.812583822993431,-18.306939040819227,20.0,0.0,0.0,0.0
1.8045254616937276,-18.30049502087865,19.999999999999996,0.0,0.0,0.0
1.7964679095975356,-18.294050426246418,19.999999999999993,0.0,0.0,0.0
1.7884111668288474,-18.287605256702083,19.999999999999996,0.0,0.0,0.0
1.7803552335116744,-18.281159512025187,20.000000000000004,0.0,0.0,0.0
1.772300109770042,-18.274713191995303,19.999999999999996,0.0,0.0,0.0
1.76424579572799,-18.268266296391968,20.0,0.0,0.0,0.0
1.7561922915095762,-18.261818824994773,20.0,0.0,0.0,0.0
1.7481395972388738,-18.255370777583284,20.000000000000004,0.0,0.0,0.0
1.7400877130399715,-18.2489221539371,20.000000000000004,0.0,0.0,0.0
1.7320366390369757,-18.2424729538358,20.0,0.0,0.0,0.0
1.7239863753540035,-18.236023177058982,20.0,0.0,0.0,0.0
1.7159369221151932,-18.229572823386267,20.0,0.0,0.0,0.0
1.7078882794446975,-18.223121892597263,20.000000000000004,0.0,0.0,0.0
1.6998404474666835,-18.21667038447159,20.0,0.0,0.0,0.0
1.6917934263053356,-18.21021829878888,20.0,0.0,0.0,0.0
1.6837472160848523,-18.203765635328775,20.000000000000004,0.0,0.0,0.0
1.67570181692945,-18.197312393870913,19.999999999999996,0.0,0.0,0.0
1.6676572289633582,-18.190858574194944,20.0,0.0,0.0,0.0
1.659613452310824,-18.184404176080527,20.0,0.0,0.0,0.0
1.6515704870961105,-18.177949199307324,20.000000000000004,0.0,0.0,0.0
1.643528333443492,-18.171493643655015,20.000000000000004,0.0,0.0,0.0
1.6354869914772643,-18.165037508903264,20.0,0.0,0.0,0.0
1.6274464613217345,-18.158580794831774,20.0,0.0,0.0,0.0
1.6194067431012293,-18.152123501220228,20.000000000000004,0.0,0.0,0.0
1.6113678369400857,-18.145665627848327,19.999999999999996,0.0,0.0,0.0
1.6033297429626598,-18.139207174495777,20.0,0.0,0.0,0.0
1.5952924612933228,-18.132748140942287,20.000000000000007,0.0,0.0,0.0
1.5872559920564595,-18.12628852696758,20.0,0.0,0.0,0.0
1.579220335376474,-18.11982833235138,20.0,0.0,0.0,0.0
1.5711854913777792,-18.113367556873428,20.0,0.0,0.0,0.0
1.563151460184809,-18.10690620031344,20.000000000000004,0.0,0.0,0.0
1.5551182419220109,-18.100444262451184,20.0,0.0,0.0,0.0
1.5470858367138476,-18.093981743066404,20.0,0.0,0.0,0.0
1.5390542446847975,-18.087518641938857,20.000000000000007,0.0,0.0,0.0
1.531023465959353,-18.081054958848306,20.000000000000004,0.0,0.0,0.0
1.5229935006620228,-18.07459069357452,20.000000000000004,0.0,0.0,0.0
1.5149643489173306,-18.068125845897285,20.000000000000004,0.0,0.0,0.0
1.5069360108498158,-18.061660415596382,20.0,0.0,0.0,0.0
1.498908486584033,-18.055194402451583,20.000000000000004,0.0,0.0,0.0
1.4908817762445485,-18.0487278062427,20.000000000000007,0.0,0.0,0.0
1.482855879955948,-18.042260626749528,20.0,0.0,0.0,0.0
1.4748307978428317,-18.03579286375188,20.0,0.0,0.0,0.0
1.4668065300298123,-18.029324517029558,20.000000000000007,0.0,0.0,0.0
1.4587830766415206,-18.022855586362393,20.000000000000004,0.0,0.0,0.0
1.4507604378026004,-18.016386071530203,20.000000000000004,0.0,0.0,0.0
1.442738613637711,-18.00991597231282,20.000000000000004,0.0,0.0,0.0
1.4347176042715266,-18.003445288490084,20.000000000000007,0.0,0.0,0.0
1.4266974098287386,-17.99697401984183,20.000000000000004,0.0,0.0,0.0
1.4186780304340474,-17.99050216614791,20.000000000000007,0.0,0.0,0.0
1.4106594662121745,-17.98402972718818,20.000000000000004,0.0,0.0,0.0
1.402641717287852,-17.97755670274249,20.000000000000004,0.0,0.0,0.0
1.3946247837858308,-17.97108309259071,20.000000000000004,0.0,0.0,0.0
1.3866086658308736,-17.964608896512715,20.000000000000007,0.0,0.0,0.0
1.3785933635477585,-17.958134114288363,20.00000000000001,0.0,0.0,0.0
1.3705788770612795,-17.951658745697557,20.000000000000007,0.0,0.0,0.0
1.3625652064962441,-17.945182790520178,20.000000000000004,0.0,0.0,0.0
1.3545523519774745,-17.938706248536107,20.0,0.0,0.0,0.0
1.3465403136298095,-17.932229119525246,20.000000000000004,0.0,0.0,0.0
1.3385290915780996,-17.925751403267494,20.000000000000007,0.0,0.0,0.0
1.3305186859472116,-17.919273099542767,20.000000000000007,0.0,0.0,0.0
1.3225090968620268,-17.91279420813097,20.000000000000004,0.0,0.0,0.0
1.314500324447442,-17.906314728812013,20.00000000000001,0.0,0.0,0.0
1.306492368828367,-17.899834661365837,20.000000000000007,0.0,0.0,0.0
1.2984852301297272,-17.893354005572355,20.000000000000004,0.0,0.0,0.0
1.2904789084764625,-17.8868727612115,20.000000000000007,0.0,0.0,0.0
1.2824734039935273,-17.88039092806322,20.000000000000007,0.0,0.0,0.0
1.274468716805889,-17.873908505907444,20.000000000000007,0.0,0.0,0.0
1.2664648470385331,-17.86742549452412,20.00000000000001,0.0,0.0,0.0
1.2584617948164545,-17.86094189369321,20.000000000000007,0.0,0.0,0.0
1.250459560264666,-17.854457703194665,20.00000000000001,0.0,0.0,0.0
1.2424581435081952,-17.847972922808445,20.000000000000007,0.0,0.0,0.0
1.2344575446720816,-17.841487552314504,20.000000000000007,0.0,0.0,0.0
1.2264577638813814,-17.835001591492833,20.000000000000007,0.0,0.0,0.0
1.2184588012611635,-17.828515040123392,20.000000000000007,0.0,0.0,0.0
1.210460656936512,-17.82202789798617,20.00000000000001,0.0,0.0,0.0
1.202463331032525,-17.815540164861137,20.000000000000007,0.0,0.0,0.0
1.1944668236743163,-17.809051840528294,20.000000000000014,0.0,0.0,0.0
1.1864711349870105,-17.80256292476763,20.000000000000007,0.0,0.0,0.0
1.1784762650957488,-17.796073417359136,20.000000000000007,0.0,0.0,0.0
1.1704822141256872,-17.78958331808282,20.000000000000007,0.0,0.0,0.0
1.162488982201994,-17.783092626718673,20.00000000000001,0.0,0.0,0.0
1.154496569449854,-17.77660134304673,20.000000000000007,0.0,0.0,0.0
1.1465049759944639,-17.770109466846986,20.000000000000004,0.0,0.0,0.0
1.1385142019610355,-17.763616997899447,20.00000000000001,0.0,0.0,0.0
1.130524247474795,-17.757123935984158,20.00000000000001,0.0,0.0,0.0
1.1225351126609824,-17.750630280881133,20.00000000000001,0.0,0.0,0.0
1.1145467976448529,-17.744136032370406,20.000000000000014,0.0,0.0,0.0
1.1065593025516713,-17.737641190232004,20.000000000000014,0.0,0.0,0.0
1.0985726275067218,-17.731145754245976,20.000000000000014,0.0,0.0,0.0
1.0905867726352996,-17.724649724192346,20.00000000000001,0.0,0.0,0.0
1.082601738062715,-17.71815309985117,20.00000000000001,0.0,0.0,0.0
1.0746175239142925,-17.71165588100249,20.000000000000007,0.0,0.0,0.0
1.066634130315369,-17.70515806742636,20.000000000000014,0.0,0.0,0.0
1.0586515573912965,-17.698659658902834,20.000000000000014,0.0,0.0,0.0
1.0506698052674408,-17.692160655211985,20.00000000000001,0.0,0.0,0.0
1.042688874069183,-17.68566105613385,20.00000000000001,0.0,0.0,0.0
1.0347087639219141,-17.679160861448516,20.00000000000001,0.0,0.0,0.0
1.026729474951041,-17.672660070936047,20.00000000000001,0.0,0.0,0.0
1.0187510072819859,-17.66615868437651,20.00000000000001,0.0,0.0,0.0
1.0107733610401834,-17.659656701549988,20.000000000000007,0.0,0.0,0.0
1.0027965363510818,-17.653154122236558,20.00000000000001,0.0,0.0,0.0
0.9948205333401434,-17.646650946216305,20.00000000000001,0.0,0.0,0.0
0.9868453521328437,-17.640147173269305,20.000000000000014,0.0,0.0,0.0
0.978870992854673,-17.63364280317567,20.00000000000001,0.0,0.0,0.0
0.9708974556311343,-17.62713783571547,20.00000000000001,0.0,0.0,0.0
0.9629247405877462,-17.62063227066881,20.00000000000001,0.0,0.0,0.0
0.9549528478500352,-17.614126107815782,20.000000000000007,0.0,0.0,0.0
0.9469817775435483,-17.607619346936495,20.00000000000001,0.0,0.0,0.0
0.9390115297938427,-17.601111987811045,20.00000000000001,0.0,0.0,0.0
0.9310421047264894,-17.59460403021955,20.00000000000001,0.0,0.0,0.0
0.9230735024670745,-17.58809547394211,20.000000000000014,0.0,0.0,0.0
0.9151057231411948,-17.58158631875885,20.00000000000001,0.0,0.0,0.0
0.9071387668744628,-17.57507656444987,20.000000000000018,0.0,0.0,0.0
0.8991726337925041,-17.568566210795304,20.000000000000014,0.0,0.0,0.0
0.8912073240209583,-17.56205525757526,20.000000000000018,0.0,0.0,0.0
0.8832428376854755,-17.555543704569864,20.000000000000014,0.0,0.0,0.0
0.8752791749117226,-17.549031551559242,20.000000000000014,0.0,0.0,0.0
0.8673163358253787,-17.542518798323535,20.000000000000014,0.0,0.0,0.0
0.8593543205521359,-17.536005444642857,20.000000000000014,0.0,0.0,0.0
0.8513931292177007,-17.529491490297353,20.000000000000014,0.0,0.0,0.0
0.8434327619477916,-17.522976935067152,20.000000000000014,0.0,0.0,0.0
0.8354732188681409,-17.51646177873239,20.000000000000014,0.0,0.0,0.0
0.8275145001044955,-17.50994602107322,20.000000000000018,0.0,0.0,0.0
0.8195566057826137,-17.503429661869774,20.000000000000014,0.0,0.0,0.0
0.8115995360282687,-17.4969127009022,20.000000000000014,0.0,0.0,0.0
0.8036432909672441,-17.49039513795065,20.000000000000014,0.0,0.0,0.0
0.7956878707253395,-17.48387697279527,20.000000000000014,0.0,0.0,0.0
0.787733275428367,-17.4773582052162,20.000000000000014,0.0,0.0,0.0
0.7797795052021519,-17.470838834993618,20.000000000000014,0.0,0.0,0.0
0.7718265601725323,-17.464318861907657,20.000000000000014,0.0,0.0,0.0
0.7638744404653596,-17.45779828573848,20.000000000000014,0.0,0.0,0.0
0.7559231462064977,-17.45127710626625,20.000000000000014,0.0,0.0,0.0
0.7479726775218256,-17.444755323271135,20.000000000000018,0.0,0.0,0.0
0.7400230345372328,-17.43823293653328,20.000000000000018,0.0,0.0,0.0
0.7320742173786257,-17.43170994583286,20.000000000000014,0.0,0.0,0.0
0.7241262261719168,-17.425186350950042,20.00000000000002,0.0,0.0,0.0
0.7161790610430384,-17.418662151664996,20.000000000000014,0.0,0.0,0.0
0.7082327221179324,-17.41213734775788,20.000000000000018,0.0,0.0,0.0
0.7002872095225555,-17.405611939008878,20.000000000000018,0.0,0.0,0.0
0.6923425233828755,-17.39908592519815,20.00000000000002,0.0,0.0,0.0
0.6843986638248751,-17.39255930610589,20.000000000000018,0.0,0.0,0.0
0.6764556309745482,-17.38603208151225,20.00000000000002,0.0,0.0,0.0
0.6685134249579023,-17.379504251197428,20.000000000000018,0.0,0.0,0.0
0.6605720459009599,-17.372975814941586,20.000000000000018,0.0,0.0,0.0
0.6526314939297502,-17.366446772524913,20.000000000000014,0.0,0.0,0.0
0.6446917691703214,-17.359917123727584,20.00000000000002,0.0,0.0,0.0
0.6367528717487325,-17.353386868329785,20.00000000000002,0.0,0.0,0.0
0.6288148017910553,-17.3468560061117,20.000000000000018,0.0,0.0,0.0
0.6208775594233735,-17.34032453685351,20.000000000000018,0.0,0.0,0.0
0.6129411447717846,-17.333792460335403,20.000000000000018,0.0,0.0,0.0
0.6050055579623994,-17.327259776337556,20.00000000000002,0.0,0.0,0.0
0.5970707991213398,-17.320726484640176,20.000000000000014,0.0,0.0,0.0
0.5891368683747411,-17.31419258502343,20.000000000000018,0.0,0.0,0.0
0.5812037658487532,-17.307658077267522,20.00000000000002,0.0,0.0,0.0
0.5732714916695335,-17.30112296115264,20.00000000000002,0.0,0.0,0.0
0.5653400459632583,-17.29458723645897,20.00000000000002,0.0,0.0,0.0
0.557409428856112,-17.288050902966706,20.00000000000002,0.0,0.0,0.0
0.5494796404742941,-17.28151396045604,20.00000000000002,0.0,0.0,0.0
0.5415506809440155,-17.27497640870716,20.000000000000018,0.0,0.0,0.0
0.5336225503915002,-17.268438247500267,20.000000000000018,0.0,0.0,0.0
0.5256952489429849,-17.261899476615554,20.000000000000014,0.0,0.0,0.0
0.5177687767247173,-17.25536009583321,20.00000000000002,0.0,0.0,0.0
0.5098431338629618,-17.24882010493344,20.00000000000002,0.0,0.0,0.0
0.5019183204839878,-17.242279503696434,20.000000000000014,0.0,0.0,0.0
0.493994336714085,-17.235738291902386,20.000000000000018,0.0,0.0,0.0
0.48607118267955074,-17.229196469331495,20.000000000000014,0.0,0.0,0.0
0.47814885850669714,-17.222654035763952,20.000000000000018,0.0,0.0,0.0
0.470227364321848,-17.216110990979963,20.00000000000002,0.0,0.0,0.0
0.4623067002513393,-17.209567334759722,20.00000000000002,0.0,0.0,0.0
0.45438686642151893,-17.203023066883425,20.00000000000002,0.0,0.0,0.0
0.4464678629587485,-17.196478187131273,20.000000000000018,0.0,0.0,0.0
0.4385496899894015,-17.18993269528345,20.00000000000002,0.0,0.0,0.0
0.43063234763986386,-17.18338659112017,20.00000000000002,0.0,0.0,0.0
0.422715836036532,-17.176839874421624,20.000000000000025,0.0,0.0,0.0
0.41480015530581665,-17.170292544968007,20.00000000000002,0.0,0.0,0.0
0.40688530557413993,-17.163744602539516,20.000000000000025,0.0,0.0,0.0
