galstreams/tracks/track.st.M68-Fjorm.ibata2021.ecsv
# %ECSV 0.9
# ---
# datatype:
# - {name: ra, unit: deg, datatype: float64}
# - {name: dec, unit: deg, datatype: float64}
# - {name: distance, unit: kpc, datatype: float64}
# - {name: pm_ra_cosdec, unit: mas / yr, datatype: float64}
# - {name: pm_dec, unit: mas / yr, datatype: float64}
# - {name: radial_velocity, unit: km / s, datatype: float64}
# delimiter: ','
# meta: !!omap
# - __serialized_columns__:
#     dec:
#       __class__: astropy.coordinates.angles.Latitude
#       unit: &id001 !astropy.units.Unit {unit: deg}
#       value: !astropy.table.SerializedColumn {name: dec}
#     distance:
#       __class__: astropy.coordinates.distances.Distance
#       unit: !astropy.units.Unit {unit: kpc}
#       value: !astropy.table.SerializedColumn {name: distance}
#     pm_dec:
#       __class__: astropy.units.quantity.Quantity
#       unit: !astropy.units.Unit {unit: mas / yr}
#       value: !astropy.table.SerializedColumn {name: pm_dec}
#     pm_ra_cosdec:
#       __class__: astropy.units.quantity.Quantity
#       unit: !astropy.units.Unit {unit: mas / yr}
#       value: !astropy.table.SerializedColumn {name: pm_ra_cosdec}
#     ra:
#       __class__: astropy.coordinates.angles.Longitude
#       unit: *id001
#       value: !astropy.table.SerializedColumn {name: ra}
#       wrap_angle: !astropy.coordinates.Angle
#         unit: *id001
#         value: 360.0
#     radial_velocity:
#       __class__: astropy.units.quantity.Quantity
#       unit: !astropy.units.Unit {unit: km / s}
#       value: !astropy.table.SerializedColumn {name: radial_velocity}
# schema: astropy-2.0
ra,dec,distance,pm_ra_cosdec,pm_dec,radial_velocity
[from data line 12052]
251.75413696731954,65.61423780660571,6.790466449451016,4.082210037853063,3.1216218808457032,4.210383564936169e-15
251.77807677966575,65.61768714060231,6.790937058617971,4.082786497762689,3.11890947187158,4.210383564936169e-15
251.80202347896775,65.62113221497516,6.7914069036173075,4.083360636454113,3.116195881656131,-4.631421921429786e-14
251.8259770596203,65.62457302791877,6.791875983373191,4.083932451091072,3.1134811121847203,-7.578690416885104e-14
251.84993751600535,65.62800957762907,6.792344296809252,4.084501938837516,3.11076516544741,1.6841534259744676e-14
251.87390484249192,65.63144186230326,6.792811842848563,4.085069096857606,3.1080480434390014,-1.2631150694808506e-14
251.89787903343648,65.63486988013999,6.793278620413648,4.085633922315764,3.1053297481590008,0.0
251.92186008318254,65.63829362933922,6.79374462842649,4.086196412376624,3.102610281611645,-2.5262301389617013e-14
251.94584798606078,65.64171310810231,6.794209865808518,4.086756564205072,3.0998896458058933,-2.5262301389617013e-14
251.96984273638938,65.64512831463203,6.794674331480616,4.0873143749662635,3.0971678427554155,2.1051917824680846e-14
251.99384432847327,65.64853924713248,6.795138024363118,4.087869841825596,3.0944448744786315,-3.368306851948935e-14
252.01785275660507,65.65194590380918,6.795600943375817,4.088422961948752,3.091720742998655,-1.6841534259744676e-14
252.04186801506418,65.655348282869,6.796063087437945,4.088973732501681,3.0889954503433574,-4.210383564936169e-15
252.0658900981175,65.6587463825203,6.7965244554681945,4.089522150650618,3.086268998545319,1.2631150694808506e-14
252.08991900001894,65.66214020097273,6.796985046384706,4.090068213562092,3.083541389641864,-2.947268495455318e-14
252.1139547150098,65.6655297364374,6.797444859105078,4.090611918402937,3.080812625675028,-1.2631150694808506e-14
252.13799723731853,65.66891498712683,6.797903892546349,4.091153262340288,3.0780827086915954,1.6841534259744676e-14
252.16204656116057,65.67229595125491,6.798362145625013,4.091692242541591,3.0753516407430848,-8.841805486365955e-14
252.18610268073888,65.67567262703705,6.798819617257022,4.092228856174632,3.0726194238857367,-2.5262301389617013e-14
252.21016559024346,65.67904501268995,6.799276306357771,4.092763100407505,3.06988606018053,-1.6841534259744676e-14
252.2342352838515,65.68241310643182,6.799732211842109,4.093294972408656,3.0671515516931906,-2.947268495455318e-14
252.25831175572742,65.6857769064823,6.8001873326243345,4.093824469346876,3.0644159004941676,0.0
252.28239500002292,65.6891364110624,6.800641667618196,4.094351588391309,3.0616791086586534,-2.5262301389617013e-14
252.30648501087674,65.69249161839467,6.801095215736898,4.094876326711451,3.0589411782665863,-4.210383564936169e-14
252.33058178241504,65.695842526703,6.801547975893084,4.0953986814771834,3.0562021114026283,-5.894536990910637e-14
252.354685308751,65.69918913421276,6.80199994699886,4.095918649858753,3.0534619101562033,-4.210383564936169e-15
252.37879558398507,65.70253143915082,6.802451127965776,4.096436229026791,3.0507205766214636,-8.420767129872338e-15
252.40291260220488,65.70586943974546,6.802901517704834,4.096951416152321,3.047978112897309,-2.5262301389617013e-14
252.4270363574854,65.7092031342264,6.80335111512648,4.097464208406772,3.0452345210873744,-4.210383564936169e-14
252.4511668438886,65.7125325208249,6.803799919140622,4.097974602961978,3.0424898033000614,-8.420767129872338e-15
252.47530405546377,65.71585759777362,6.804247928656609,4.098482596990182,3.03974396164849,-1.2631150694808506e-14
252.49944798624742,65.71917836330667,6.804695142583244,4.098988187664059,3.0369969982505385,-4.210383564936169e-14
252.5235986302632,65.72249481565973,6.805141559828769,4.099491372156708,3.0342489152288437,-3.368306851948935e-14
252.5477559815221,65.7258069530699,6.805587179300894,4.0999921476416805,3.03149971471077,-8.420767129872338e-15
252.5719200340221,65.72911477377579,6.80603199990676,4.100490511292952,3.0287493988284515,-3.789345208442552e-14
252.59609078174861,65.73241827601747,6.80647602055297,4.100986460284968,3.025997969718745,-8.420767129872338e-15
252.62026821867408,65.7357174580365,6.80691924014557,4.101479991792629,3.023245429523291,-4.210383564936169e-14
252.64445233875833,65.73901231807602,6.807361657590058,4.101971102991316,3.0204917803884475,-4.210383564936169e-14
252.66864313594826,65.74230285438055,6.807803271791382,4.102459791056873,3.0177370244653527,-1.2631150694808506e-14
252.69284060417812,65.7455890651962,6.808244081653932,4.102946053165644,3.014981163909872,2.5262301389617013e-14
252.7170447373691,65.74887094877057,6.80868408608155,4.103429886494447,3.012224200882654,-1.6841534259744676e-14
252.74125552942994,65.75214850335279,6.809123283977534,4.103911288220626,3.0094661375490652,-4.210383564936169e-15
252.76547297425643,65.75542172719345,6.80956167424462,4.104390255522013,3.0067069760792555,-8.420767129872338e-15
252.78969706573153,65.75869061854478,6.809999255785002,4.104866785576967,3.003946718648119,-3.368306851948935e-14
252.8139277977256,65.76195517566039,6.810436027500311,4.1053408755643765,3.0011853674353,0.0
252.83816516409595,65.76521539679555,6.810871988291637,4.105812522663649,2.9984229246252108,-4.210383564936169e-15
252.86240915868737,65.76847128020698,6.811307137059515,4.106281724054737,2.99565939240701,-3.368306851948935e-14
252.88665977533174,65.771722824153,6.811741472703924,4.10674847691815,2.992894772974618,4.210383564936169e-15
252.91091700784827,65.77497002689344,6.812174994124293,4.107212778434949,2.990129068526705,0.0
252.9351808528939,65.77821288464558,6.812607695005672,4.107674617888727,2.9873622766462415,-4.210383564936169e-14
252.95945130461362,65.78145139541527,6.813039573566162,4.108133991441699,2.984594398960799,-2.1051917824680846e-14
252.9837283535741,65.78468555976984,6.813470634568205,4.108590905164322,2.9818254428886215,-8.420767129872338e-15
253.0080119935434,65.7879153759754,6.813900876908991,4.109045356239943,2.979055410647453,-3.789345208442552e-14
253.03230221827673,65.79114084229954,6.814330299485173,4.109497341852498,2.9762843044598,-7.578690416885104e-14
253.0565990215167,65.79436195701149,6.814758901192844,4.109946859186538,2.9735121265529245,-4.210383564936169e-15
253.0809023969929,65.79757871838206,6.815186680927545,4.11039390542722,2.970738879158863,-4.631421921429786e-14
253.1052123384224,65.80079112468358,6.8156136375842635,4.110838477760315,2.9679645645143964,2.5262301389617013e-14
253.12952883950933,65.80399917419003,6.816039770057437,4.111280573372236,2.9651891848610834,-2.5262301389617013e-14
253.1538518939452,65.8072028651769,6.816465077240949,4.111720189450014,2.9624127424452276,-7.578690416885104e-14
253.17818149540878,65.81040219592138,6.8168895580281275,4.112157323181345,2.9596352395178944,-8.420767129872338e-15
253.20251763756582,65.81359716470216,6.817313211311746,4.112591971754553,2.95685667833494,-5.894536990910637e-14
253.22686031406968,65.81678776979959,6.817736035984035,4.113024132358641,2.9540770611569473,-2.5262301389617013e-14
253.25120951856064,65.81997400949558,6.8181580309366545,4.113453802183267,2.95129639024929,-1.2631150694808506e-14
253.2755652446665,65.82315588207369,6.818579195060726,4.113880978418778,2.9485146678820837,-4.210383564936169e-15
253.29992748600216,65.82633338581907,6.818999527246807,4.114305658256195,2.945731896330226,3.368306851948935e-14
253.32429623616977,65.82950651901851,6.819419026384911,4.114727838887219,2.942948077873358,-2.1051917824680846e-14
253.34867148875887,65.83267527996037,6.819837691364492,4.115147517504279,2.9401632147959043,3.789345208442552e-14
253.3730532373461,65.8358396669347,6.820255521074446,4.1155646913004915,2.937377309387037,-2.5262301389617013e-14
253.3974414754954,65.83899967823317,6.820672514403118,4.115979357469695,2.9345903639407154,-5.4734986344170195e-14
253.42183619675822,65.84215531214905,6.82108867023831,4.116391513206451,2.9318023807556197,3.789345208442552e-14
253.4462373946728,65.84530656697726,6.8215039874672465,4.116801155706052,2.929013362135249,4.210383564936169e-15
253.4706450627651,65.84845344101439,6.82191846497662,4.117208282164535,2.926223310387824,8.420767129872338e-15
253.4950591945481,65.85159593255864,6.822332101652556,4.117612889778679,2.9234322278263494,-4.631421921429786e-14
253.51947978352223,65.85473403990993,6.8227448963806285,4.118014975746022,2.9206401167685847,0.0
253.54390682317495,65.85786776136976,6.8231568480458575,4.118414537264862,2.9178469795370634,-2.1051917824680846e-14
253.56834030698124,65.86099709524132,6.823567955532707,4.118811571534279,2.915052818459081,-7.157652060391487e-14
253.59278022840337,65.86412203982947,6.823978217725086,4.1192060757541284,2.912257635866683,8.420767129872338e-15
253.6172265808906,65.86724259344074,6.82438763350635,4.119598047125045,2.9094614340967078,-3.368306851948935e-14
253.64167935787987,65.87035875438333,6.824796201759302,4.119987482848479,2.906664215490722,-3.368306851948935e-14
253.66613855279516,65.87347052096709,6.82520392136618,4.120374380126664,2.9038659823950894,-2.5262301389617013e-14
253.69060415904784,65.87657789150364,6.825610791208677,4.120758736162666,2.9010667371609182,4.210383564936169e-15
253.7150761700365,65.8796808643062,6.826016810167923,4.1211405481603585,2.8982664821440904,8.420767129872338e-15
253.73955457914715,65.88277943768969,6.8264219771244985,4.121519813324449,2.895465219705237,-3.789345208442552e-14
253.76403937975306,65.88587360997076,6.826826290958425,4.121896528860479,2.892662952209772,-5.4734986344170195e-14
253.78853056521478,65.88896337946775,6.8272297505491695,4.122270691974841,2.889859682027856,-1.2631150694808506e-14
253.81302812888026,65.89204874450068,6.82763235477564,4.12264229987478,2.8870554115344156,-5.894536990910637e-14
253.83753206408463,65.89512970339133,6.828034102516194,4.123011349768397,2.8842501431091554,0.0
253.86204236415043,65.89820625446313,6.828434992648631,4.123377838864668,2.881443879136522,-3.789345208442552e-14
253.88655902238747,65.90127839604126,6.828835024050189,4.123741764373442,2.878636622005742,8.420767129872338e-15
253.91108203209305,65.90434612645261,6.82923419559756,4.124103123505461,2.8758283741107835,-3.368306851948935e-14
253.93561138655159,65.9074094440258,6.829632506166869,4.124461913472352,2.873019137850395,-3.789345208442552e-14
253.96014707903498,65.91046834709121,6.830029954633691,4.124818131486655,2.870208915628074,-1.2631150694808506e-14
253.98468910280238,65.91352283398089,6.830426539873044,4.125171774761817,2.867397709852092,-4.210383564936169e-15
254.0092374511003,65.91657290302868,6.830822260759383,4.125522840512195,2.8645855229354655,-1.6841534259744676e-14
254.03379211716265,65.91961855257014,6.831217116166617,4.125871325953085,2.861772357295984,-5.0524602779234026e-14
254.05835309421067,65.92265978094261,6.831611104968091,4.126217228300714,2.8589582153561843,-4.210383564936169e-15
254.0829203754529,65.92569658648512,6.832004226036595,4.126560544772247,2.856143099543375,-4.210383564936169e-15
254.1074939540853,65.92872896753846,6.832396478244356,4.126901272585812,2.8533270122896184,-2.947268495455318e-14
254.13207382329125,65.93175692244529,6.832787860463058,4.127239408960485,2.850509956031725,1.2631150694808506e-14
254.1566599762413,65.93478044954988,6.833178371563813,4.1275749511163164,2.847691933211289,8.420767129872338e-15
254.18125240609356,65.93779954719838,6.833568010417181,4.127907896274328,2.8448729462746307,0.0
254.20585110599345,65.94081421373866,6.833956775893168,4.128238241656535,2.8420529976728495,-2.1051917824680846e-14
254.2304560690738,65.94382444752038,6.834344666861219,4.128565984485939,2.8392320898617878,-5.894536990910637e-14
254.25506728845477,65.94683024689498,6.834731682190216,4.1288911219865465,2.836410225302057,-1.6841534259744676e-14
254.27968475724398,65.94983161021568,6.835117820748498,4.129213651383363,2.8335874064590003,2.5262301389617013e-14
254.3043084685363,65.95282853583753,6.835503081403829,4.129533569902422,2.830763635802752,-1.6841534259744676e-14
254.32893841541426,65.95582102211726,6.835887463023427,4.12985087477078,2.8279389158081587,-8.420767129872338e-15
254.35357459094752,65.95880906741357,6.8362709644739486,4.130165563216528,2.825113248954853,-8.420767129872338e-15
254.3782169881933,65.9617926700868,6.836653584621487,4.130477632468795,2.8222866377271956,-3.368306851948935e-14
254.40286560019612,65.96477182849921,6.837035322331585,4.130787079757763,2.819459084614321,-3.368306851948935e-14
254.42752041998813,65.96774654101479,6.8374161764692225,4.131093902314676,2.8166305921100943,-1.2631150694808506e-14
254.45218144058876,65.97071680599943,6.837796145898823,4.131398097371841,2.813801162713136,0.0
254.47684865500474,65.97368262182074,6.838175229484243,4.131699662162646,2.810970798926834,2.1051917824680846e-14
254.5015220562305,65.97664398684826,6.838553426088801,4.131998593921545,2.8081395032592953,-1.6841534259744676e-14
254.5262016372477,65.97960089945326,6.838930734575231,4.132294889884109,2.8053072782234008,-4.210383564936169e-14
254.5508873910256,65.98255335800891,6.839307153805725,4.132588547286997,2.8024741263367545,0.0
254.57557931052074,65.98550136089017,6.839682682641912,4.132879563367968,2.799640050121729,1.6841534259744676e-14
254.60027738867726,65.9884449064739,6.840057319944857,4.133167935365917,2.7968050521054275,3.789345208442552e-14
254.6249816184266,65.99138399313874,6.840431064575072,4.133453660520848,2.7939691348197067,-1.6841534259744676e-14
254.64969199268796,65.9943186192652,6.840803915392509,4.133736736073905,2.7911323008011486,-3.368306851948935e-14
254.67440850436765,65.99724878323569,6.841175871256555,4.134017159267368,2.788294552591101,-2.1051917824680846e-14
254.6991311507793,66.00017448006756,6.841546921446445,4.134294913253188,2.7854558851432847,-2.1051917824680846e-14
254.72385992156873,66.00309571060505,6.841917071782262,4.1345700055287855,2.782616306552835,1.2631150694808506e-14
254.74859480840837,66.00601247414683,6.8422863237090965,4.134842437147383,2.7797758214291735,0.0
254.77333580415473,66.00892476908274,6.842654676084083,4.135112205355893,2.776934432332617,-4.210383564936169e-15
254.79808290165144,66.01183259380448,6.843022127763784,4.135379307402413,2.774092141828255,-5.4734986344170195e-14
254.82283609373022,66.01473594670571,6.843388677604219,4.1356437405362385,2.7712489524858674,1.2631150694808506e-14
254.84759537320974,66.0176348261818,6.843754324460832,4.135905502007864,2.7684048668800156,8.420767129872338e-15
254.87236073289654,66.0205292306302,6.844119067188515,4.136164589068986,2.765559887589963,-2.947268495455318e-14
254.89713216558454,66.02341915845012,6.844482904641599,4.136420998972525,2.762714017199714,-2.1051917824680846e-14
254.92190966405525,66.02630460804275,6.84484583567385,4.136674728972622,2.759867258298004,8.420767129872338e-15
254.94669322107757,66.02918557781109,6.845207859138482,4.136925776324652,2.7570196134783123,2.1051917824680846e-14
254.97148282940807,66.03206206616014,6.845568973888142,4.137174138285232,2.7541710853388284,-4.210383564936169e-15
254.99627848179094,66.03493407149672,6.84592917877491,4.137419812112235,2.7513216764824793,-8.420767129872338e-15
255.02108017095767,66.03780159222966,6.84628847265032,4.137662795064775,2.7484713895169177,-3.368306851948935e-14
255.0458878896276,66.04066462676963,6.846646854365335,4.137903084403259,2.745620227054518,-2.1051917824680846e-14
255.07070163050741,66.04352317352925,6.847004322770359,4.138140677389345,2.7427681917123863,-5.4734986344170195e-14
255.09552138629147,66.0463772309231,6.847360876715236,4.138375571285993,2.739915286112346,-2.947268495455318e-14
255.12034714966165,66.04922679736761,6.847716515049243,4.138607763357445,2.7370615128809437,-1.2631150694808506e-14
255.1451789132875,66.05207187128121,6.848071236621111,4.1388372508692415,2.734206874649442,-3.789345208442552e-14
255.170016669826,66.05491245108422,6.848425040278985,4.139064031088242,2.731351374053837,-5.894536990910637e-14
