galstreams/tracks/track.st.Svol.ibata2021.ecsv
# %ECSV 1.0
# ---
# datatype:
# - {name: ra, unit: deg, datatype: float64}
# - {name: dec, unit: deg, datatype: float64}
# - {name: distance, unit: kpc, datatype: float64}
# - {name: pm_ra_cosdec, unit: mas / yr, datatype: float64}
# - {name: pm_dec, unit: mas / yr, datatype: float64}
# - {name: radial_velocity, unit: km / s, datatype: float64}
# delimiter: ','
# meta: !!omap
# - __serialized_columns__:
#     dec:
#       __class__: astropy.coordinates.angles.Latitude
#       unit: &id001 !astropy.units.Unit {unit: deg}
#       value: !astropy.table.SerializedColumn {name: dec}
#     distance:
#       __class__: astropy.coordinates.distances.Distance
#       unit: !astropy.units.Unit {unit: kpc}
#       value: !astropy.table.SerializedColumn {name: distance}
#     pm_dec:
#       __class__: astropy.units.quantity.Quantity
#       unit: !astropy.units.Unit {unit: mas / yr}
#       value: !astropy.table.SerializedColumn {name: pm_dec}
#     pm_ra_cosdec:
#       __class__: astropy.units.quantity.Quantity
#       unit: !astropy.units.Unit {unit: mas / yr}
#       value: !astropy.table.SerializedColumn {name: pm_ra_cosdec}
#     ra:
#       __class__: astropy.coordinates.angles.Longitude
#       unit: *id001
#       value: !astropy.table.SerializedColumn {name: ra}
#       wrap_angle: !astropy.coordinates.Angle
#         unit: *id001
#         value: 360.0
#     radial_velocity:
#       __class__: astropy.units.quantity.Quantity
#       unit: !astropy.units.Unit {unit: km / s}
#       value: !astropy.table.SerializedColumn {name: radial_velocity}
# schema: astropy-2.0
ra,dec,distance,pm_ra_cosdec,pm_dec,radial_velocity
[from data line 1568]
238.33834583397805,27.07683641630507,7.206470273456325,2.527332274187012,-5.383356349188939,-91.02879892252942
238.34906138622844,27.074194964656424,7.205661057375468,2.5286967515397736,-5.384774319316774,-90.91291074696426
238.3597761534211,27.07155185314586,7.204852184111469,2.5300614187438346,-5.38619284533437,-90.79688137471624
238.37049013591047,27.068907083941376,7.20404365363921,2.53142627507622,-5.387611926332155,-90.68071112780231
238.38120333405206,27.066260659210823,7.203235465933579,2.5327913198142538,-5.3890315614003335,-90.56440032823927
238.3919157482024,27.063612581121873,7.202427620969463,2.5341565522355585,-5.390451749628881,-90.44794929804372
238.40262737871873,27.060962851842042,7.201620118721748,2.5355219716180586,-5.391872490107542,-90.33135835923255
238.41333822595936,27.05831147353869,7.20081295916532,2.536887577239977,-5.393293781925843,-90.2146278338224
238.42404829028348,27.055658448379013,7.200006142275062,2.538253368379838,-5.394715624173079,-90.09775804383017
238.43475757205104,27.05300377853005,7.199199668025866,2.539619344316463,-5.396138015938314,-89.98074931127258
238.44546607162295,27.050347466158694,7.198393536392612,2.5409855043289804,-5.397560956310392,-89.86360195816633
238.4561737893613,27.047689513431617,7.197587747350193,2.5423518476968017,-5.398984444377929,-89.74631630652812
238.46688072562858,27.04502992251541,7.196782300873491,2.5437183736996576,-5.400408479229314,-89.62889267837495
238.4775868807886,27.042368695576453,7.195977196937393,2.545085081617567,-5.401833059952707,-89.51133139572342
238.48829225520592,27.03970583478099,7.195172435516785,2.54645197073085,-5.403258185636051,-89.39363278059022
238.49899684924583,27.03704134229508,7.194368016586554,2.547819040320128,-5.404683855367053,-89.27579715499232
238.50970066327483,27.034375220284645,7.193563940121583,2.5491862896663187,-5.406110068233204,-89.15782484094628
238.52040369766013,27.03170747091544,7.192760206096763,2.550553718050642,-5.407536823321769,-89.039716160469
238.53110595276985,27.029038096353048,7.191956814486977,2.5519213247546144,-5.4089641197197755,-88.92147143557713
238.54180742897293,27.026367098762908,7.191153765267113,2.5532891090600534,-5.4103919565140455,-88.80309098828756
238.55250812663954,27.023694480310265,7.190351058412054,2.5546570702490707,-5.411820332791162,-88.68457514061699
238.5632080461404,27.021020243160237,7.18954869389669,2.5560252076040815,-5.413249247637493,-88.56592421458208
238.5739071878472,27.018344389477754,7.188746671695907,2.5573935204077975,-5.414678700139174,-88.44713853219973
238.58460555213267,27.015666921427616,7.187944991784589,2.5587620079432294,-5.416108689382127,-88.3282184154866
238.59530313937017,27.01298784117444,7.187143654137621,2.5601306694936894,-5.417539214452038,-88.20916418645959
238.60599994993424,27.01030715088267,7.186342658729895,2.5614995043427835,-5.418970274434376,-88.08997616713536
238.61669598420022,27.007624852716614,7.18554200553629,2.5628685117744174,-5.4204018684143955,-87.97065467953058
238.62739124254412,27.004940948840396,7.1847416945316995,2.5642376910727958,-5.421833995477107,-87.8512000456622
238.63808572534316,27.002255441417994,7.183941725691002,2.5656070415224215,-5.423266654707319,-87.73161258754692
238.64877943297526,26.99956833261321,7.183142098989092,2.5669765624080947,-5.424699845189605,-87.61189262720146
238.65947236581943,26.996879624589695,7.182342814400847,2.5683462530149144,-5.42613356600832,-87.49204048664255
238.67016452425526,26.994189319510923,7.181543871901158,2.5697161126282753,-5.427567816247596,-87.37205648788716
238.68085590866357,26.991497419540206,7.1807452714649145,2.5710861405338705,-5.429002594991347,-87.25194095295174
238.69154651942577,26.988803926840717,7.179947013066996,2.5724563360176944,-5.4304379013232555,-87.13169420385324
238.70223635692435,26.98610884357544,7.179149096682291,2.5738266983660356,-5.431873734326795,-87.01131656260843
238.71292542154256,26.983412171907215,7.1783515222856895,2.57519722686548,-5.433310093085202,-86.89080835123404
238.72361371366478,26.980713913998702,7.177554289852073,2.5765679208029137,-5.434746976681509,-86.77016989174673
238.73430123367595,26.9780140720124,7.176757399356328,2.577938779465518,-5.436184384198514,-86.64940150616341
238.7449879819621,26.975312648110652,7.175960850773342,2.5793098021407697,-5.437622314718801,-86.52850351650072
238.75567395891002,26.972609644455655,7.175164644078002,2.5806809881164496,-5.439060767324726,-86.4074762447756
238.76635916490767,26.969905063209378,7.174368779245193,2.5820523366806243,-5.44049974109844,-86.28632001300456
238.7770436003435,26.967198906533696,7.173573256249802,2.5834238471216686,-5.441939235121853,-86.16503514320468
238.78772726560712,26.964491176590297,7.172778075066715,2.5847955187282468,-5.443379248476672,-86.04362195739239
238.79841016108892,26.961781875540687,7.171983235670815,2.5861673507893252,-5.4448197802443765,-85.92208077758467
238.8090922871802,26.95907100554623,7.171188738036995,2.587539342594162,-5.446260829506225,-85.80041192579816
238.8197736442732,26.956358568768117,7.170394582140134,2.588911493432317,-5.447702395343258,-85.67861572404959
238.83045423276084,26.95364456736738,7.169600767955125,2.5902838025936417,-5.4491444768363,-85.55669249435599
238.84113405303717,26.95092900350487,7.16880729545685,2.5916562693682885,-5.45058707306595,-85.43464255873384
238.85181310549694,26.948211879341315,7.1680141646201925,2.593028893046705,-5.452030183112597,-85.31246623919995
238.86249139053595,26.945493197037198,7.167221375420046,2.594401672919631,-5.453473806056401,-85.19016385777115
238.87316890855075,26.94277295875293,7.166428927831291,2.5957746082781052,-5.45491794097731,-85.06773573646423
238.8838456599388,26.94005116664869,7.165636821828818,2.5971476984134654,-5.456362586955053,-84.94518219729585
238.89452164509842,26.937327822884523,7.164845057387506,2.5985209426173426,-5.457807743069141,-84.82250356228286
238.9051968644289,26.934602929620304,7.164053634482251,2.599894340181663,-5.459253408398859,-84.6997001534419
238.91587131833026,26.93187648901575,7.1632625530879315,2.601267890398651,-5.4606995820232855,-84.57677229278997
238.92654500720357,26.929148503230394,7.162471813179437,2.602641592560822,-5.462146263021284,-84.45372030234354
238.93721793145065,26.926418974423605,7.161681414731652,2.6040154459609983,-5.463593450471479,-84.33054450411947
238.94789009147416,26.923687904754622,7.160891357719465,2.6053894498922854,-5.465041143452304,-84.20724522013462
238.95856148767783,26.920955296382456,7.160101642117761,2.6067636036480866,-5.466489341041958,-84.08382277240577
238.96923212046613,26.918221151466,7.159312267901425,2.6081379065221055,-5.4679380423184325,-83.96027748294951
238.97990199024446,26.91548547216398,7.158523235045344,2.609512357808339,-5.469387246359495,-83.83660967378268
238.99057109741895,26.912748260634928,7.157734543524406,2.6108869568010773,-5.470836952242703,-83.71281966692209
239.0012394423968,26.91000951903722,7.1569461933134955,2.6122617027949095,-5.472287159045393,-83.58890778438439
239.011907025586,26.907269249529097,7.156158184387499,2.613636595084716,-5.473737865844694,-83.46487434818651
239.02257384739536,26.904527454268585,7.1553705167213035,2.6150116329656736,-5.475189071717502,-83.3407196803451
239.03323990823466,26.901784135413575,7.15458319028979,2.6163868157332573,-5.476640775740518,-83.2164441028768
239.04390520851445,26.89903929512178,7.153796205067853,2.6177621426832287,-5.478092976990209,-83.0920479377987
239.05456974864626,26.89629293555077,7.153009561030375,2.619137613111655,-5.4795456745428375,-82.96753150712728
239.06523352904242,26.893545058857892,7.152223258152242,2.6205132263148876,-5.480998867474453,-82.84289513287942
239.07589655011623,26.890795667200376,7.151437296408337,2.6218889815895787,-5.482452554860886,-82.71813913707182
239.08655881228174,26.888044762735266,7.1506516757735525,2.6232648782326726,-5.483906735777744,-82.59326384172122
239.0972203159538,26.88529234761945,7.1498663962227695,2.6246409155414088,-5.4853614093004355,-82.46826956884458
239.1078810615484,26.882538424009642,7.149081457730877,2.626017092813322,-5.486816574504147,-82.34315664045839
239.11854104948213,26.879782994062385,7.148296860272762,2.627393409346241,-5.488272230463845,-82.21792537857964
239.1292002801727,26.877026059934057,7.147512603823308,2.6287698644382864,-5.489728376254293,-82.09257610522485
239.13985875403836,26.874267623780874,7.146728688357402,2.630146457387875,-5.491185010950035,-81.96710914241105
239.1505164714986,26.87150768775887,7.1459451138499315,2.6315231874937157,-5.492642133625399,-81.84152481215476
239.16117343297336,26.86874625402396,7.14516188027578,2.6329000540548173,-5.4940997433545045,-81.71582343647297
239.17182963888388,26.865983324731793,7.144378987609835,2.63427705637047,-5.495557839211259,-81.59000533738227
239.18248508965206,26.86321890203794,7.143596435826986,2.6356541937402693,-5.497016420269353,-81.46407083689944
239.19313978570057,26.860452988097776,7.142814224902115,2.6370314654640987,-5.498475485602261,-81.33802025704136
239.2037937274531,26.857685585066488,7.14203235481011,2.6384088708421376,-5.499935034283254,-81.21185391982455
239.21444691533407,26.85491669509912,7.141250825525855,2.6397864091748593,-5.501395065385383,-81.08557214726609
239.22509934976893,26.85214632035055,7.14046963702424,2.6411640797630267,-5.502855577981491,-80.95917526138257
239.2357510311839,26.849374462975465,7.139688789280147,2.6425418819076985,-5.504316571144207,-80.8326635841907
239.24640196000604,26.8466011251284,7.138908282268467,2.6439198149102277,-5.505778043945947,-80.70603743770728
239.25705213666322,26.843826308963724,7.138128115964085,2.6452978780722596,-5.507239995458914,-80.5792971439491
239.26770156158435,26.841050016635613,7.137348290341881,2.6466760706957313,-5.50870242475511,-80.45244302493298
239.27835023519913,26.838272250298093,7.136568805376749,2.6480543920828685,-5.510165330906314,-80.32547540267552
239.28899815793804,26.835493012105022,7.135789661043571,2.6494328415362016,-5.511628712984097,-80.19839459919363
239.29964533023244,26.832712304210098,7.1350108573172335,2.6508114183585447,-5.51309257005982,-80.07120093650401
239.31029175251464,26.829930128766815,7.134232394172624,2.652190121853005,-5.514556901204634,-79.94389473662342
239.32093742521766,26.827146487928527,7.133454271584631,2.6535689513229817,-5.516021705489477,-79.81647632156869
239.33158234877558,26.824361383848426,7.132676489528134,2.654947906072176,-5.517486981985082,-79.68894601335646
239.3422265236232,26.82157481867951,7.131899047978025,2.656326985404567,-5.518952729761965,-79.56130413400356
239.352869950196,26.818786794574628,7.131121946909189,2.657706188624439,-5.520418947890431,-79.43355100552685
239.36351262893083,26.815997313686424,7.13034518629651,2.659085515036357,-5.52188563544059,-79.30568694994288
239.374154560265,26.813206378167415,7.129568766114877,2.660464963945185,-5.523352791482321,-79.1777122892685
239.38479574463668,26.810413990169916,7.128792686339175,2.66184453465608,-5.52482041508531,-79.0496273455205
239.395436182485,26.807620151846105,7.128016946944289,2.6632242264744885,-5.526288505319027,-78.92143244071562
239.40607587424995,26.804824865347957,7.1272415479051086,2.6646040387061456,-5.527757061252729,-78.79312789687069
239.41671482037233,26.8020281328273,7.126466489196517,2.665983970657085,-5.529226081955477,-78.66471403600244
239.42735302129384,26.799229956435774,7.125691770793399,2.6673640216336314,-5.53069556649611,-78.53619118012747
239.43799047745694,26.796430338324864,7.124917392670646,2.6687441909423923,-5.532165513943262,-78.4075596512628
239.44862718930509,26.79362928064587,7.124143354803139,2.670124477890276,-5.5336359233653685,-78.278819771425
239.45926315728244,26.790826785549932,7.123369657165768,2.6715048817844793,-5.53510679383064,-78.14997186263093
239.46989838183404,26.78802285518803,7.122596299733417,2.6728854019324904,-5.536578124407091,-78.02101624689726
239.48053286340593,26.785217491710934,7.121823282480971,2.6742660376420875,-5.538049914162528,-77.89195324624097
239.49116660244488,26.782410697269274,7.121050605383319,2.6756467882213397,-5.539522162164541,-77.76278318267859
239.50179959939857,26.77960247401351,7.1202782684153485,2.6770276529786083,-5.540994867480524,-77.63350637822674
239.5124318547153,26.77679282409392,7.11950627155194,2.678408631222548,-5.542468029177656,-77.50412315490264
239.52306336884448,26.773981749660624,7.118734614767984,2.6797897222621017,-5.543941646322912,-77.3746338347228
239.5336941422364,26.771169252863547,7.117963298038367,2.6811709254065024,-5.545415717983059,-77.24503873970383
239.54432417534196,26.768355335852462,7.117192321337973,2.682552239965275,-5.546890243224654,-77.11533819186276
239.5549534686131,26.765540000776973,7.11642168464169,2.683933665248235,-5.548365221114059,-76.98553251321627
239.56558202250244,26.762723249786507,7.115651387924403,2.6853152005654906,-5.549840650717416,-76.855622025781
239.57620983746378,26.759905085030297,7.114881431161,2.6866968452274334,-5.551316531100672,-76.72560705157375
239.5868369139513,26.75708550865744,7.114111814326362,2.688078598544754,-5.552792861329558,-76.59548791261145
239.59746325242034,26.754264522816836,7.113342537395382,2.6894604598284277,-5.554269640469604,-76.46526493091066
239.60808885332702,26.75144212965723,7.112573600342943,2.690842428389723,-5.555746867586138,-76.33493842848834
239.6187137171283,26.74861833132718,7.11180500314393,2.6922245035401966,-5.557224541744282,-76.20450872736107
239.62933784428196,26.74579312997509,7.11103674577323,2.6936066845916953,-5.558702662008946,-76.07397614954562
239.63996123524663,26.742966527749168,7.110268828205732,2.69498897085636,-5.5601812274448355,-75.94334101705893
239.6505838904818,26.740138526797473,7.1095012504163195,2.6963713616466114,-5.561660237116461,-75.81260365191753
239.66120581044768,26.737309129267892,7.108734012379879,2.6977538562751766,-5.56313969008812,-75.6817643761384
239.67182699560567,26.73447833730809,7.107967114071297,2.6991364540550515,-5.564619585423907,-75.55082351173812
239.68244744641765,26.73164615306563,7.107200555465459,2.7005191542995366,-5.566099922187713,-75.41978138073354
239.6930671633464,26.728812578687844,7.106434336537252,2.70190195632222,-5.5675806994432255,-75.28863830514138
239.70368614685574,26.72597761632194,7.105668457261562,2.703284859436973,-5.569061916253929,-75.15739460697849
239.71430439741013,26.72314126811492,7.104902917613275,2.7046678629579635,-5.5705435716831015,-75.02605060826147
239.72492191547494,26.72030353621362,7.104137717567278,2.7060509661996432,-5.572025664793817,-74.8946066310072
239.73553870151633,26.717464422764714,7.103372857098455,2.707434168476756,-5.573508194648951,-74.7630629972325
239.74615475600143,26.714623929914683,7.102608336181696,2.708817469104334,-5.574991160311167,-74.63142002895404
239.75677007939805,26.711782059809853,7.101844154791883,2.710200867397698,-5.576474560842938,-74.4996780481885
239.7673846721749,26.708938814596387,7.101080312903905,2.7115843626724607,-5.577958395306521,-74.3678373769528
239.77799853480158,26.706094196420214,7.1003168104926475,2.7129679542445144,-5.579442662763978,-74.23589833726368
239.7886116677485,26.703248207427155,7.099553647532998,2.714351641430051,-5.580927362277171,-74.10386125113781
239.7992240714869,26.700400849762843,7.098790823999838,2.7157354235455466,-5.5824124929077525,-73.97172644059205
239.80983574648877,26.69755212557271,7.09802833986806,2.7171192999077642,-5.583898053717177,-73.83949422764304
239.8204466932271,26.694702037002042,7.097266195112546,2.7185032698337577,-5.585384043766698,-73.70716493430756
239.83105691217548,26.691850586195947,7.096504389708185,2.71988733264087,-5.586870462117362,-73.57473888260253
239.84166640380857,26.688997775299345,7.09574292362986,2.7212714876467294,-5.588357307830019,-73.44221639454462
