galstreams/tracks/track.st.New-22.ibata2024.ecsv
# %ECSV 1.0
# ---
# datatype:
# - {name: ra, unit: deg, datatype: float64}
# - {name: dec, unit: deg, datatype: float64}
# - {name: distance, unit: kpc, datatype: float64}
# - {name: pm_ra_cosdec, unit: mas / yr, datatype: float64}
# - {name: pm_dec, unit: mas / yr, datatype: float64}
# - {name: radial_velocity, unit: km / s, datatype: float64}
# delimiter: ','
# meta: !!omap
# - __serialized_columns__:
#     dec:
#       __class__: astropy.coordinates.angles.Latitude
#       unit: &id001 !astropy.units.Unit {unit: deg}
#       value: !astropy.table.SerializedColumn {name: dec}
#     distance:
#       __class__: astropy.coordinates.distances.Distance
#       unit: !astropy.units.Unit {unit: kpc}
#       value: !astropy.table.SerializedColumn {name: distance}
#     pm_dec:
#       __class__: astropy.units.quantity.Quantity
#       unit: !astropy.units.Unit {unit: mas / yr}
#       value: !astropy.table.SerializedColumn {name: pm_dec}
#     pm_ra_cosdec:
#       __class__: astropy.units.quantity.Quantity
#       unit: !astropy.units.Unit {unit: mas / yr}
#       value: !astropy.table.SerializedColumn {name: pm_ra_cosdec}
#     ra:
#       __class__: astropy.coordinates.angles.Longitude
#       unit: *id001
#       value: !astropy.table.SerializedColumn {name: ra}
#       wrap_angle: !astropy.coordinates.Angle
#         unit: *id001
#         value: 360.0
#     radial_velocity:
#       __class__: astropy.units.quantity.Quantity
#       unit: !astropy.units.Unit {unit: km / s}
#       value: !astropy.table.SerializedColumn {name: radial_velocity}
# schema: astropy-2.0
ra,dec,distance,pm_ra_cosdec,pm_dec,radial_velocity
[from data line 990]
329.9062525076294,-34.427500941735765,0.9999999999999996,-3.176329927612112,-0.8678963283180723,38.552854745767085
329.91601256130645,-34.43374847789595,0.9999999999999996,-3.1771659892886692,-0.8700048534167029,38.40213902311056
329.92578090969573,-34.43999026063649,0.9999999999999997,-3.178010619531574,-0.8721263594901978,38.25047843472452
329.9355575658188,-34.44622627861507,0.9999999999999996,-3.178863830882842,-0.874260875236959,38.09787162991052
329.94534254269246,-34.45245652048311,0.9999999999999996,-3.179725635864767,-0.8764084293671592,37.94431725796996
329.95513585332884,-34.458680974885695,0.9999999999999993,-3.1805960469799017,-0.8785690506027906,37.78981396820424
329.96493751073524,-34.464899630461616,0.9999999999999994,-3.181475076710975,-0.880742767677666,37.63436040991493
329.97474752791413,-34.47111247584335,0.9999999999999996,-3.1823627375208643,-0.882929609337459,37.47795523240339
329.98456591786316,-34.47731949965702,0.9999999999999994,-3.183259041852546,-0.8851296043397143,37.32059708497112
329.99439269357515,-34.48352069052241,0.9999999999999993,-3.1841640021290147,-0.887342781453877,37.16228461691952
330.00422786803796,-34.48971603705297,0.9999999999999994,-3.185077630753268,-0.8895691694613155,37.00301647755012
330.0140714542345,-34.49590552785577,0.9999999999999993,-3.1859999401082235,-0.8918087971553437,36.8427913161643
330.02392346514284,-34.50208915153151,0.9999999999999994,-3.1869309425566903,-0.8940616933412415,36.68160778206358
330.03378391373593,-34.50826689667449,0.9999999999999994,-3.1878706504413143,-0.8963278868362883,36.51946452454936
330.0436528129819,-34.51443875187265,0.9999999999999996,-3.188819076084509,-0.8986074064697771,36.35636019292313
330.0535301758436,-34.520604705707505,0.9999999999999993,-3.1897762317884166,-0.9009002810830302,36.192293436486324
330.06341601527896,-34.526764746754154,0.9999999999999994,-3.1907421298348533,-0.9032065395294469,36.027262904540386
330.07331034424095,-34.53291886358127,0.9999999999999996,-3.191716782485271,-0.9055262106745046,35.86126724638678
330.08321317567714,-34.53906704475111,0.9999999999999994,-3.192700201980678,-0.9078593233957903,35.69430511132695
330.09312452253016,-34.54520927881945,0.9999999999999996,-3.193692400541604,-0.9102059065830215,35.52637514866238
330.10304439773734,-34.551345554335654,0.9999999999999996,-3.19469339036804,-0.9125659891380735,35.35747600769447
330.1129728142309,-34.55747585984257,0.9999999999999993,-3.1957031836393996,-0.9149395999750052,35.18760633772474
330.1229097849378,-34.56360018387661,0.9999999999999992,-3.1967217925144524,-0.9173267680200672,35.016764788054566
330.13285532277973,-34.56971851496769,0.9999999999999993,-3.197749229131268,-0.919727522211744,34.844950007985474
330.14280944067315,-34.575830841639224,0.9999999999999993,-3.1987855056071837,-0.9221418915007678,34.67216064681889
330.15277215152906,-34.581937152408116,0.9999999999999993,-3.1998306340387224,-0.9245699048501388,34.49839535385622
330.16274346825327,-34.588037435784734,0.9999999999999996,-3.2008846265015696,-0.9270115912351624,34.32365277839901
330.1727234037462,-34.59413168027298,0.9999999999999993,-3.2019474950505047,-0.9294669796434527,34.14793156974859
330.18271197090274,-34.60021987437015,0.9999999999999994,-3.2030192517193354,-0.9319360990749708,33.971230377206545
330.19270918261253,-34.60630200656701,0.9999999999999993,-3.2040999085208677,-0.934418978542046,33.79354785007423
330.2027150517595,-34.612378065347805,0.9999999999999994,-3.205189477446843,-0.9369156470693905,33.61488263765317
330.21272959122246,-34.61844803919014,0.9999999999999993,-3.206287970467888,-0.9394261336941394,33.43523338924476
330.2227528138743,-34.62451191656512,0.9999999999999994,-3.2073953995334423,-0.941950467465849,33.25459875415049
330.23278473258273,-34.63056968593719,0.9999999999999993,-3.2085117765717386,-0.9444886774465542,33.07297738167178
330.2428253602096,-34.63662133576423,0.9999999999999992,-3.209637113489719,-0.9470407927107543,32.89036792111012
330.2528747096114,-34.642666854497506,0.9999999999999994,-3.210771422172988,-0.9496068423454656,32.706769021766966
330.2629327936387,-34.64870623058166,0.9999999999999992,-3.211914714485778,-0.9521868554502362,32.52217933294369
330.2729996251366,-34.65473945245468,0.9999999999999994,-3.2130670022708583,-0.9547808611371553,32.33659750394187
330.28307521694455,-34.66076650854796,0.9999999999999991,-3.214228297349523,-0.9573888885308994,32.15002218406285
330.29315958189625,-34.66678738728618,0.9999999999999991,-3.2153986115215063,-0.960010966768746,31.962452022608137
330.3032527328195,-34.672802077087404,0.9999999999999993,-3.216577956564935,-0.9626471250005872,31.77388566887916
330.31335468253644,-34.67881056636301,0.9999999999999991,-3.2177663442362823,-0.9652973923889654,31.584321772177436
330.3234654438635,-34.68481284351768,0.9999999999999993,-3.2189637862703067,-0.9679617981090982,31.393758981804293
330.333585029611,-34.69080889694941,0.9999999999999991,-3.2201702943799915,-0.9706403713488907,31.202195947061313
330.34371345258376,-34.69679871504948,0.9999999999999993,-3.22138588025651,-0.9733331413089701,31.009631317249873
330.3538507255803,-34.70278228620248,0.9999999999999991,-3.2226105555691493,-0.9760401372026983,30.816063741671464
330.3639968613935,-34.70875959878623,0.9999999999999991,-3.223844331965262,-0.9787613882562067,30.621491869627526
330.3741518728102,-34.71473064117185,0.9999999999999993,-3.2250872210702144,-0.9814969237084123,30.4259143504195
330.3843157726113,-34.720695401723695,0.9999999999999992,-3.226339234487339,-0.984246772811042,30.229329833348856
330.3944885735715,-34.726653868799374,0.9999999999999993,-3.2276003837978564,-0.9870109648286585,30.031736967717016
330.40467028845967,-34.73260603074972,0.9999999999999993,-3.2288706805608385,-0.9897895290386787,29.833134402825486
330.4148609300385,-34.73855187591878,0.9999999999999992,-3.2301501363131564,-0.9925824947314057,29.63352078797564
330.42506051106454,-34.74449139264381,0.9999999999999992,-3.231438762569401,-0.9953898912100421,29.432894772469037
330.43526904428836,-34.75042456925528,0.999999999999999,-3.2327365708218574,-0.9982117477907231,29.231255005607018
330.4454865424541,-34.75635139407683,0.9999999999999991,-3.234043572540429,-1.0010480938025337,29.028600136691146
330.45571301829995,-34.76227185542531,0.999999999999999,-3.235359779172589,-1.0038989585875302,28.8249288150228
330.46594848455777,-34.76818594161071,0.9999999999999991,-3.236685202143325,-1.0067643715007737,28.620239689903425
330.47619295395316,-34.77409364093617,0.9999999999999991,-3.2380198528550768,-1.0096443619103397,28.414531410634538
330.4864464392054,-34.779994941698,0.9999999999999992,-3.239363742687691,-1.0125389591973555,28.20780262651751
330.4967089530274,-34.78588983218563,0.999999999999999,-3.2407168829983526,-1.0154481927560108,28.000051986853897
330.506980508126,-34.79177830068163,0.9999999999999991,-3.2420792851215428,-1.0183720919935926,27.79127814094505
330.5172611172013,-34.797660335461664,0.9999999999999991,-3.243450960368969,-1.021310686330498,27.581479738092476
330.5275507929472,-34.803535924794524,0.9999999999999991,-3.244831920029517,-1.0242640052002652,27.37065542759762
330.53784954805104,-34.809405056942076,0.9999999999999991,-3.2462221753691956,-1.0272320780495972,27.158803858761928
330.5481573951938,-34.81526772015925,0.9999999999999992,-3.2476217376310634,-1.0302149343383769,26.94592368088685
330.5584743470498,-34.821123902694104,0.9999999999999992,-3.249030618035197,-1.033212603539699,26.73201354327389
330.56880041628705,-34.82697359278773,0.999999999999999,-3.2504488277786265,-1.0362251151398882,26.517072095224435
330.5791356155668,-34.83281677867423,0.9999999999999991,-3.251876378035266,-1.039252498638533,26.301097986039913
330.58947995754363,-34.8386534485808,0.999999999999999,-3.25331327995586,-1.0422947835484848,26.084089865021905
330.5998334548658,-34.844483590727656,0.9999999999999989,-3.254759544667949,-1.0453519993959146,25.866046381471687
330.6101961201746,-34.850307193328014,0.999999999999999,-3.2562151832757795,-1.0484241757203057,25.64696618469089
330.6205679661047,-34.8561242445881,0.9999999999999991,-3.2576802068602664,-1.0515113420744973,25.426847923980837
330.6309490052842,-34.86193473270715,0.9999999999999991,-3.2591546264789417,-1.0546135280246993,25.205690248643062
330.6413392503342,-34.867738645877374,0.9999999999999991,-3.260638453165876,-1.0577307631505146,24.983491807978965
330.6517387138693,-34.87353597228398,0.9999999999999989,-3.262131697931634,-1.0608630770449676,24.76025125129004
330.66214740849693,-34.8793267001051,0.9999999999999989,-3.263634371763218,-1.0640104993145263,24.535967227877688
330.6725653468179,-34.88511081751185,0.999999999999999,-3.2651464856240113,-1.0671730595791211,24.31063838704343
330.68299254142613,-34.8908883126683,0.9999999999999991,-3.2666680504537053,-1.0703507874721687,24.084263378088682
330.6934290049085,-34.89665917373142,0.999999999999999,-3.268199077168267,-1.0735437126406042,23.85684085031487
330.7038747498451,-34.90242338885112,0.9999999999999991,-3.269739576659859,-1.0767518647448968,23.6283694530235
330.7143297888088,-34.9081809461702,0.999999999999999,-3.2712895597967897,-1.079975273459067,23.398847835515976
330.7247941343658,-34.91393183382441,0.9999999999999988,-3.2728490374234656,-1.083213968470726,23.168274647093785
330.7352677990749,-34.91967603994234,0.9999999999999989,-3.2744180203603035,-1.0864679794810845,22.936648537058357
330.745750795488,-34.92541355264547,0.9999999999999989,-3.2759965194037135,-1.0897373362049838,22.703968154711173
330.75624313614986,-34.93114436004817,0.9999999999999988,-3.277584545326004,-1.0930220683709146,22.470232149353645
330.7667448335981,-34.93686845025764,0.999999999999999,-3.2791821088753466,-1.096322205721044,22.235439170287293
330.77725590036323,-34.94258581137394,0.999999999999999,-3.2807892207757066,-1.0996377780112376,21.999587866813474
330.78777634896835,-34.948296431489965,0.9999999999999989,-3.282405891726785,-1.1029688150110788,21.762676888233745
330.79830619192956,-34.95400029869144,0.9999999999999989,-3.284032132403969,-1.106315346503897,21.52470488384951
330.8088454417555,-34.95969740105687,0.9999999999999991,-3.285667953458256,-1.1096774022867897,21.285670502962198
330.8193941109476,-34.96538772665762,0.9999999999999989,-3.2873133655162174,-1.113055012170643,21.045572394873297
330.82995221199997,-34.9710712635578,0.9999999999999989,-3.2889683791799182,-1.1164482059801586,20.804409208884213
330.8405197573991,-34.97674799981431,0.9999999999999988,-3.2906330050268684,-1.1198570135538715,20.5621795942965
330.8510967596245,-34.98241792347684,0.9999999999999989,-3.29230725360997,-1.1232814647441804,20.318882200411483
330.8616832311479,-34.98808102258783,0.9999999999999988,-3.293991135457444,-1.1267215894173641,20.074515676530705
330.87227918443364,-34.99373728518246,0.9999999999999988,-3.2956846610727806,-1.1301774174536061,19.829078671955575
330.8828846319386,-34.999386699288664,0.9999999999999987,-3.297387840934675,-1.1336489787470232,19.5825698359876
330.89349958611217,-35.00502925292707,0.9999999999999989,-3.2991006854969727,-1.1371363032056792,19.334987817928184
330.90412405939594,-35.01066493411108,0.9999999999999989,-3.300823205188608,-1.1406394207516175,19.086331267078744
330.91475806422415,-35.01629373084675,0.9999999999999987,-3.3025554104135426,-1.1441583613208741,18.836598832740837
330.9254016130233,-35.021915631132835,0.9999999999999988,-3.304297311550709,-1.147693154863513,18.585789164215797
330.93605471821206,-35.02753062296081,0.9999999999999989,-3.306048918953943,-1.1512438313436293,18.33390091080522
330.9467173922018,-35.033138694314786,0.9999999999999989,-3.307810242951943,-1.1548104207394045,18.080932721810402
330.95738964739564,-35.03873983317155,0.9999999999999988,-3.3095812938481872,-1.158392953043093,17.826883246532915
330.9680714961893,-35.04433402750055,0.999999999999999,-3.311362081920882,-1.161991458261067,17.571751134274137
330.97876295097046,-35.04992126526384,0.9999999999999988,-3.313152617422911,-1.165605966413834,17.315535034335593
330.9894640241191,-35.05550153441615,0.9999999999999987,-3.314952910581764,-1.169236507536064,17.05823359601866
331.0001747280074,-35.0610748229048,0.9999999999999986,-3.3167629715994837,-1.1728831116766034,16.799845468624863
331.01089507499927,-35.0666411186697,0.9999999999999987,-3.318582810652593,-1.1765458088985015,16.54036930145562
331.0216250774511,-35.072200409643415,0.9999999999999987,-3.3204124378920548,-1.1802246292790401,16.27980374381236
331.03236474771103,-35.077752683751044,0.9999999999999987,-3.322251863443195,-1.1839196029097463,16.018147444996565
331.04311409811925,-35.08329792891026,0.9999999999999987,-3.3241010974056477,-1.187630759896424,15.755399054309654
331.0538731410079,-35.088836133031336,0.9999999999999986,-3.3259601498532927,-1.191358130359164,15.491557221053169
331.06464188870115,-35.09436728401706,0.9999999999999988,-3.327829030834202,-1.1951017444323833,15.226620594528429
331.0754203535148,-35.09989136976279,0.9999999999999987,-3.329707750370565,-1.1988616322648356,14.960587824037018
331.08620854775677,-35.10540837815641,0.9999999999999984,-3.3315963184586486,-1.20263782401964,14.693457558880276
331.0970064837266,-35.11091829707831,0.9999999999999987,-3.3334947450687102,-1.2064303498742988,14.425228448359753
331.1078141737158,-35.11642111440138,0.9999999999999987,-3.3354030401449624,-1.2102392400207265,14.155899141776827
331.11863163000726,-35.12191681799107,0.9999999999999986,-3.3373212136054886,-1.214064524665261,13.885468288433024
331.12945886487597,-35.12740539570523,0.9999999999999987,-3.3392492753422025,-1.2179062340287055,13.613934537629776
331.14029589058845,-35.132886835394274,0.9999999999999986,-3.341187235220774,-1.2217643983463302,13.341296538668468
331.1511427194028,-35.13836112490098,0.9999999999999984,-3.3431351030805714,-1.2256390478679102,13.06755294085061
331.1619993635687,-35.14382825206068,0.9999999999999986,-3.3450928887345985,-1.2295302128577377,12.792702393477647
331.1728658353277,-35.14928820470108,0.9999999999999986,-3.3470606019694387,-1.23343792359465,12.516743545851044
331.1837421469124,-35.15474097064237,0.9999999999999986,-3.3490382525451876,-1.2373622103720523,12.239675047272238
331.1946283105473,-35.160186537697115,0.9999999999999987,-3.351025850195392,-1.241303103497938,11.961495547042688
331.205524338448,-35.16562489367032,0.9999999999999986,-3.35302340462699,-1.245260633294911,11.682203694463814
331.21643024282207,-35.17105602635938,0.9999999999999986,-3.355030925520253,-1.2492348301002094,11.401798138837117
331.22734603586787,-35.17647992355409,0.9999999999999986,-3.3570484225287127,-1.253225724265725,11.120277529464015
331.23827172977536,-35.18189657303658,0.9999999999999986,-3.3590759052791084,-1.257233346158031,10.837640515646049
331.24920733672604,-35.18730596258142,0.9999999999999983,-3.3611133833713276,-1.2612577261583997,10.55388574668456
331.26015286889236,-35.192708079955466,0.9999999999999983,-3.363160866378335,-1.2652988946628285,10.269011871881009
331.2711083384381,-35.19810291291796,0.9999999999999984,-3.3652183638461106,-1.2693568820820542,9.98301754053693
331.2820737575185,-35.20349044922047,0.9999999999999983,-3.3672858852936014,-1.2734317188415896,9.695901401953675
331.29304913827957,-35.208870676606864,0.9999999999999984,-3.36936344021264,-1.2775234353817277,9.407662105432843
