galstreams/tracks/track.po.Ophiuchus.bernard2014.ecsv
# %ECSV 0.9
# ---
# datatype:
# - {name: ra, unit: deg, datatype: float64}
# - {name: dec, unit: deg, datatype: float64}
# - {name: distance, unit: kpc, datatype: float64}
# - {name: pm_ra_cosdec, unit: mas / yr, datatype: float64}
# - {name: pm_dec, unit: mas / yr, datatype: float64}
# - {name: radial_velocity, unit: km / s, datatype: float64}
# delimiter: ','
# meta: !!omap
# - __serialized_columns__:
#     dec:
#       __class__: astropy.coordinates.angles.Latitude
#       unit: &id001 !astropy.units.Unit {unit: deg}
#       value: !astropy.table.SerializedColumn {name: dec}
#     distance:
#       __class__: astropy.coordinates.distances.Distance
#       unit: !astropy.units.Unit {unit: kpc}
#       value: !astropy.table.SerializedColumn {name: distance}
#     pm_dec:
#       __class__: astropy.units.quantity.Quantity
#       unit: !astropy.units.Unit {unit: mas / yr}
#       value: !astropy.table.SerializedColumn {name: pm_dec}
#     pm_ra_cosdec:
#       __class__: astropy.units.quantity.Quantity
#       unit: !astropy.units.Unit {unit: mas / yr}
#       value: !astropy.table.SerializedColumn {name: pm_ra_cosdec}
#     ra:
#       __class__: astropy.coordinates.angles.Longitude
#       unit: *id001
#       value: !astropy.table.SerializedColumn {name: ra}
#       wrap_angle: !astropy.coordinates.Angle
#         unit: *id001
#         value: 360.0
#     radial_velocity:
#       __class__: astropy.units.quantity.Quantity
#       unit: !astropy.units.Unit {unit: km / s}
#       value: !astropy.table.SerializedColumn {name: radial_velocity}
# schema: astropy-2.0
ra,dec,distance,pm_ra_cosdec,pm_dec,radial_velocity
240.5765362311171,-7.164009145206802,9.500000000000043,0.0,0.0,-0.0
240.588484929614,-7.16179571832826,9.50000000000004,0.0,0.0,-0.0
240.60043351210223,-7.159581983215725,9.50000000000004,0.0,0.0,-0.0
240.6123819786029,-7.157367939968489,9.500000000000039,0.0,0.0,-0.0
240.6243303291373,-7.1551535886858195,9.500000000000039,0.0,0.0,-0.0
240.63627856372668,-7.15293892946699,9.500000000000037,0.0,0.0,-0.0
240.64822668239222,-7.150723962411321,9.500000000000037,0.0,0.0,-0.0
240.66017468515543,-7.1485086876180945,9.500000000000037,0.0,0.0,-0.0
240.6721225720374,-7.146293105186653,9.500000000000037,0.0,0.0,-0.0
240.68407034305946,-7.144077215216312,9.500000000000036,0.0,0.0,-0.0
240.69601799824318,-7.141861017806396,9.500000000000034,0.0,0.0,-0.0
240.70796553760974,-7.1396445130562745,9.500000000000032,0.0,0.0,-0.0
240.71991296118057,-7.137427701065293,9.500000000000032,0.0,0.0,-0.0
240.7318602689772,-7.13521058193281,9.500000000000027,0.0,0.0,-0.0
240.7438074610208,-7.132993155758221,9.500000000000028,0.0,0.0,-0.0
240.75575453733296,-7.130775422640905,9.500000000000027,0.0,0.0,-0.0
240.7677014979353,-7.1285573826802455,9.500000000000023,0.0,0.0,-0.0
240.77964834284904,-7.126339035975677,9.500000000000023,0.0,0.0,-0.0
240.79159507209584,-7.124120382626597,9.500000000000021,0.0,0.0,-0.0
240.80354168569718,-7.121901422732429,9.50000000000002,0.0,0.0,-0.0
240.8154881836746,-7.119682156392628,9.500000000000018,0.0,0.0,-0.0
240.8274345660497,-7.1174625837066205,9.500000000000016,0.0,0.0,-0.0
240.83938083284403,-7.115242704773884,9.500000000000014,0.0,0.0,-0.0
240.85132698407918,-7.113022519693877,9.500000000000012,0.0,0.0,-0.0
240.8632730197768,-7.110802028566062,9.50000000000001,0.0,0.0,-0.0
240.87521893995847,-7.108581231489948,9.500000000000014,0.0,0.0,-0.0
240.88716474464593,-7.1063601285650275,9.500000000000009,0.0,0.0,-0.0
240.8991104338609,-7.104138719890788,9.500000000000009,0.0,0.0,-0.0
240.91105600762492,-7.10191700556677,9.500000000000009,0.0,0.0,-0.0
240.92300146595977,-7.099694985692491,9.500000000000009,0.0,0.0,-0.0
240.9349468088873,-7.097472660367476,9.500000000000009,0.0,0.0,-0.0
240.94689203642906,-7.095250029691293,9.500000000000007,0.0,0.0,-0.0
240.95883714860705,-7.0930270937634745,9.500000000000009,0.0,0.0,-0.0
240.97078214544285,-7.090803852683613,9.500000000000009,0.0,0.0,-0.0
240.98272702695837,-7.088580306551268,9.50000000000001,0.0,0.0,-0.0
240.99467179317557,-7.086356455466022,9.500000000000009,0.0,0.0,-0.0
241.00661644411605,-7.084132299527488,9.500000000000009,0.0,0.0,-0.0
241.01856097980186,-7.081907838835259,9.500000000000007,0.0,0.0,-0.0
241.0305054002549,-7.079683073488945,9.500000000000007,0.0,0.0,-0.0
241.04244970549692,-7.0774580035881876,9.500000000000007,0.0,0.0,-0.0
241.05439389554996,-7.075232629232615,9.500000000000009,0.0,0.0,-0.0
241.06633797043605,-7.073006950521864,9.500000000000005,0.0,0.0,-0.0
241.07828193017696,-7.070780967555606,9.500000000000007,0.0,0.0,-0.0
241.0902257747948,-7.0685546804334995,9.500000000000007,0.0,0.0,-0.0
241.10216950431158,-7.066328089255208,9.500000000000007,0.0,0.0,-0.0
241.11411311874926,-7.064101194120435,9.500000000000007,0.0,0.0,-0.0
241.12605661813,-7.061873995128856,9.500000000000005,0.0,0.0,-0.0
241.13800000247574,-7.059646492380197,9.500000000000007,0.0,0.0,-0.0
241.14994327180858,-7.057418685974161,9.500000000000005,0.0,0.0,-0.0
241.16188642615072,-7.055190576010461,9.500000000000004,0.0,0.0,-0.0
241.17382946552416,-7.052962162588855,9.500000000000004,0.0,0.0,-0.0
241.18577238995104,-7.050733445809073,9.500000000000004,0.0,0.0,-0.0
241.19771519945365,-7.04850442577086,9.500000000000004,0.0,0.0,-0.0
241.20965789405406,-7.046275102573997,9.500000000000004,0.0,0.0,-0.0
241.2216004737745,-7.044045476318253,9.500000000000002,0.0,0.0,-0.0
241.2335429386372,-7.041815547103395,9.500000000000002,0.0,0.0,-0.0
241.24548528866433,-7.03958531502924,9.5,0.0,0.0,-0.0
241.25742752387825,-7.037354780195568,9.499999999999998,0.0,0.0,-0.0
241.26936964430112,-7.035123942702214,9.499999999999998,0.0,0.0,-0.0
241.28131164995534,-7.032892802648989,9.499999999999998,0.0,0.0,-0.0
241.29325354086316,-7.030661360135715,9.499999999999998,0.0,0.0,-0.0
241.30519531704692,-7.028429615262254,9.499999999999995,0.0,0.0,-0.0
241.31713697852888,-7.026197568128446,9.499999999999996,0.0,0.0,-0.0
241.32907852533162,-7.023965218834144,9.499999999999995,0.0,0.0,-0.0
241.34101995747736,-7.0217325674792415,9.499999999999993,0.0,0.0,-0.0
241.35296127498856,-7.019499614163603,9.499999999999996,0.0,0.0,-0.0
241.36490247788765,-7.017266358987118,9.499999999999995,0.0,0.0,-0.0
241.37684356619707,-7.015032802049698,9.499999999999995,0.0,0.0,-0.0
241.38878453993922,-7.01279894345125,9.499999999999993,0.0,0.0,-0.0
241.40072539913675,-7.010564783291678,9.499999999999991,0.0,0.0,-0.0
241.41266614381198,-7.008330321670939,9.499999999999993,0.0,0.0,-0.0
241.42460677398762,-7.006095558688943,9.499999999999993,0.0,0.0,-0.0
241.436547289686,-7.003860494445668,9.499999999999993,0.0,0.0,-0.0
241.44848769092974,-7.00162512904106,9.499999999999991,0.0,0.0,-0.0
241.46042797774163,-6.9993894625750706,9.499999999999995,0.0,0.0,-0.0
241.47236815014395,-6.997153495147709,9.499999999999991,0.0,0.0,-0.0
241.4843082081595,-6.994917226858949,9.499999999999993,0.0,0.0,-0.0
241.49624815181093,-6.992680657808775,9.499999999999991,0.0,0.0,-0.0
241.50818798112078,-6.990443788097215,9.499999999999993,0.0,0.0,-0.0
241.52012769611184,-6.988206617824283,9.499999999999991,0.0,0.0,-0.0
241.53206729680676,-6.985969147089986,9.499999999999993,0.0,0.0,-0.0
241.54400678322818,-6.983731375994387,9.499999999999995,0.0,0.0,-0.0
241.555946155399,-6.981493304637522,9.499999999999995,0.0,0.0,-0.0
241.56788541334183,-6.979254933119432,9.499999999999995,0.0,0.0,-0.0
241.57982455707943,-6.977016261540207,9.499999999999995,0.0,0.0,-0.0
241.59176358663476,-6.974777289999901,9.499999999999995,0.0,0.0,-0.0
241.60370250203042,-6.972538018598619,9.499999999999995,0.0,0.0,-0.0
241.61564130328932,-6.970298447436444,9.499999999999995,0.0,0.0,-0.0
241.6275799904343,-6.968058576613472,9.499999999999995,0.0,0.0,-0.0
241.63951856348825,-6.965818406229835,9.499999999999995,0.0,0.0,-0.0
241.65145702247403,-6.963577936385647,9.499999999999996,0.0,0.0,-0.0
241.66339536741458,-6.96133716718103,9.5,0.0,0.0,-0.0
241.67533359833274,-6.959096098716152,9.499999999999998,0.0,0.0,-0.0
241.68727171525148,-6.9568547310911475,9.499999999999998,0.0,0.0,-0.0
241.6992097181939,-6.954613064406175,9.499999999999998,0.0,0.0,-0.0
241.7111476071827,-6.952371098761422,9.499999999999998,0.0,0.0,-0.0
241.72308538224118,-6.950128834257051,9.499999999999996,0.0,0.0,-0.0
241.7350230433921,-6.947886270993274,9.499999999999998,0.0,0.0,-0.0
241.74696059065857,-6.94564340907028,9.5,0.0,0.0,-0.0
241.75889802406383,-6.943400248588266,9.499999999999998,0.0,0.0,-0.0
241.7708353436307,-6.941156789647478,9.499999999999998,0.0,0.0,-0.0
241.78277254938234,-6.938913032348129,9.499999999999998,0.0,0.0,-0.0
241.79470964134194,-6.936668976790458,9.499999999999998,0.0,0.0,-0.0
241.80664661953256,-6.934424623074721,9.499999999999995,0.0,0.0,-0.0
241.81858348397742,-6.932179971301165,9.499999999999996,0.0,0.0,-0.0
241.83052023469958,-6.929935021570068,9.499999999999996,0.0,0.0,-0.0
241.8424568717223,-6.9276897739817,9.499999999999995,0.0,0.0,-0.0
241.85439339506877,-6.9254442286363505,9.499999999999996,0.0,0.0,-0.0
241.86632980476224,-6.923198385634317,9.499999999999996,0.0,0.0,-0.0
241.87826610082584,-6.920952245075901,9.499999999999995,0.0,0.0,-0.0
241.890202283283,-6.918705807061422,9.499999999999995,0.0,0.0,-0.0
241.9021383521569,-6.916459071691207,9.499999999999993,0.0,0.0,-0.0
241.91407430747083,-6.914212039065583,9.499999999999993,0.0,0.0,-0.0
241.92601014924813,-6.9119647092848995,9.499999999999993,0.0,0.0,-0.0
241.9379458775122,-6.909717082449507,9.499999999999991,0.0,0.0,-0.0
241.94988149228624,-6.907469158659768,9.499999999999993,0.0,0.0,-0.0
241.9618169935938,-6.905220938016061,9.499999999999993,0.0,0.0,-0.0
241.97375238145816,-6.902972420618762,9.499999999999991,0.0,0.0,-0.0
241.98568765590278,-6.900723606568264,9.49999999999999,0.0,0.0,-0.0
241.9976228169511,-6.898474495964968,9.499999999999991,0.0,0.0,-0.0
242.00955786462652,-6.896225088909287,9.49999999999999,0.0,0.0,-0.0
242.0214927989525,-6.893975385501636,9.499999999999991,0.0,0.0,-0.0
242.0334276199526,-6.891725385842449,9.499999999999991,0.0,0.0,-0.0
242.04536232765034,-6.889475090032166,9.49999999999999,0.0,0.0,-0.0
242.05729692206916,-6.88722449817123,9.499999999999988,0.0,0.0,-0.0
242.06923140323266,-6.884973610360101,9.499999999999991,0.0,0.0,-0.0
242.0811657711643,-6.882722426699253,9.49999999999999,0.0,0.0,-0.0
242.09310002588782,-6.880470947289153,9.499999999999991,0.0,0.0,-0.0
242.10503416742674,-6.878219172230295,9.499999999999991,0.0,0.0,-0.0
242.11696819580465,-6.8759671016231705,9.499999999999991,0.0,0.0,-0.0
242.12890211104525,-6.873714735568287,9.499999999999991,0.0,0.0,-0.0
242.14083591317222,-6.871462074166158,9.499999999999991,0.0,0.0,-0.0
242.15276960220916,-6.8692091175173084,9.49999999999999,0.0,0.0,-0.0
242.16470317817976,-6.8669558657222725,9.499999999999991,0.0,0.0,-0.0
242.17663664110773,-6.864702318881591,9.499999999999993,0.0,0.0,-0.0
242.1885699910169,-6.862448477095821,9.499999999999993,0.0,0.0,-0.0
242.20050322793094,-6.860194340465519,9.499999999999995,0.0,0.0,-0.0
242.21243635187358,-6.85793990909126,9.499999999999995,0.0,0.0,-0.0
242.22436936286877,-6.855685183073626,9.499999999999995,0.0,0.0,-0.0
242.2363022609401,-6.853430162513204,9.499999999999995,0.0,0.0,-0.0
242.24823504611155,-6.851174847510596,9.499999999999995,0.0,0.0,-0.0
242.26016771840696,-6.848919238166408,9.499999999999995,0.0,0.0,-0.0
242.27210027785011,-6.846663334581262,9.499999999999995,0.0,0.0,-0.0
242.2840327244649,-6.844407136855785,9.499999999999995,0.0,0.0,-0.0
242.29596505827527,-6.842150645090612,9.499999999999996,0.0,0.0,-0.0
242.30789727930517,-6.839893859386393,9.499999999999998,0.0,0.0,-0.0
242.31982938757847,-6.83763677984378,9.5,0.0,0.0,-0.0
242.3317613831191,-6.835379406563444,9.499999999999998,0.0,0.0,-0.0
242.34369326595117,-6.833121739646054,9.5,0.0,0.0,-0.0
242.3556250360985,-6.830863779192298,9.499999999999998,0.0,0.0,-0.0
242.36755669358524,-6.8286055253028675,9.499999999999996,0.0,0.0,-0.0
242.37948823843536,-6.826346978078467,9.5,0.0,0.0,-0.0
242.39141967067292,-6.824088137619808,9.499999999999996,0.0,0.0,-0.0
242.403350990322,-6.82182900402761,9.499999999999998,0.0,0.0,-0.0
242.4152821974066,-6.8195695774026115,9.499999999999998,0.0,0.0,-0.0
242.42721329195098,-6.817309857845544,9.499999999999996,0.0,0.0,-0.0
242.43914427397914,-6.8150498454571595,9.499999999999996,0.0,0.0,-0.0
242.45107514351525,-6.812789540338217,9.499999999999996,0.0,0.0,-0.0
242.46300590058357,-6.810528942589489,9.499999999999996,0.0,0.0,-0.0
242.47493654520815,-6.808268052311749,9.499999999999995,0.0,0.0,-0.0
242.48686707741322,-6.80600686960578,9.499999999999995,0.0,0.0,-0.0
242.49879749722302,-6.803745394572388,9.499999999999995,0.0,0.0,-0.0
242.5107278046618,-6.801483627312372,9.499999999999993,0.0,0.0,-0.0
242.52265799975382,-6.79922156792655,9.499999999999991,0.0,0.0,-0.0
242.53458808252327,-6.796959216515744,9.499999999999991,0.0,0.0,-0.0
242.54651805299454,-6.794696573180787,9.499999999999991,0.0,0.0,-0.0
242.55844791119193,-6.792433638022523,9.499999999999991,0.0,0.0,-0.0
242.57037765713972,-6.790170411141804,9.499999999999991,0.0,0.0,-0.0
242.58230729086225,-6.7879068926394925,9.49999999999999,0.0,0.0,-0.0
242.59423681238388,-6.785643082616455,9.499999999999988,0.0,0.0,-0.0
242.60616622172913,-6.783378981173576,9.49999999999999,0.0,0.0,-0.0
242.6180955189222,-6.781114588411741,9.49999999999999,0.0,0.0,-0.0
242.63002470398766,-6.778849904431851,9.49999999999999,0.0,0.0,-0.0
242.6419537769499,-6.776584929334816,9.499999999999988,0.0,0.0,-0.0
242.6538827378334,-6.774319663221546,9.499999999999988,0.0,0.0,-0.0
242.66581158666258,-6.772054106192973,9.49999999999999,0.0,0.0,-0.0
242.6777403234621,-6.769788258350028,9.49999999999999,0.0,0.0,-0.0
242.6896689482562,-6.767522119793661,9.49999999999999,0.0,0.0,-0.0
242.70159746106964,-6.765255690624823,9.49999999999999,0.0,0.0,-0.0
242.71352586192688,-6.762988970944472,9.49999999999999,0.0,0.0,-0.0
242.72545415085256,-6.760721960853592,9.49999999999999,0.0,0.0,-0.0
242.73738232787116,-6.758454660453155,9.499999999999991,0.0,0.0,-0.0
242.74931039300733,-6.756187069844154,9.499999999999991,0.0,0.0,-0.0
242.76123834628575,-6.753919189127593,9.499999999999993,0.0,0.0,-0.0
242.77316618773096,-6.751651018404478,9.499999999999991,0.0,0.0,-0.0
242.78509391736776,-6.749382557775826,9.499999999999993,0.0,0.0,-0.0
242.7970215352207,-6.747113807342668,9.499999999999993,0.0,0.0,-0.0
242.80894904131455,-6.744844767206035,9.499999999999993,0.0,0.0,-0.0
242.82087643567408,-6.74257543746698,9.49999999999999,0.0,0.0,-0.0
242.83280371832387,-6.740305818226557,9.499999999999991,0.0,0.0,-0.0
242.84473088928877,-6.738035909585824,9.49999999999999,0.0,0.0,-0.0
242.8566579485936,-6.735765711645861,9.499999999999988,0.0,0.0,-0.0
242.86858489626312,-6.733495224507751,9.499999999999986,0.0,0.0,-0.0
242.88051173232202,-6.731224448272581,9.49999999999998,0.0,0.0,-0.0
242.8924384567953,-6.728953383041456,9.499999999999977,0.0,0.0,-0.0
242.90436506970778,-6.726682028915484,9.499999999999975,0.0,0.0,-0.0
242.91629157108417,-6.724410385995785,9.499999999999972,0.0,0.0,-0.0
242.92821796094952,-6.722138454383489,9.499999999999966,0.0,0.0,-0.0
242.94014423932876,-6.71986623417973,9.499999999999963,0.0,0.0,-0.0
242.95207040624663,-6.7175937254856555,9.49999999999996,0.0,0.0,-0.0
