galstreams/tracks/track.po.Corvus.mateu2018.ecsv
# %ECSV 1.0
# ---
# datatype:
# - {name: ra, unit: deg, datatype: float64}
# - {name: dec, unit: deg, datatype: float64}
# - {name: distance, unit: kpc, datatype: float64}
# - {name: pm_ra_cosdec, unit: mas / yr, datatype: float64}
# - {name: pm_dec, unit: mas / yr, datatype: float64}
# - {name: radial_velocity, unit: km / s, datatype: float64}
# delimiter: ','
# meta: !!omap
# - __serialized_columns__:
#     dec:
#       __class__: astropy.coordinates.angles.Latitude
#       unit: &id001 !astropy.units.Unit {unit: deg}
#       value: !astropy.table.SerializedColumn {name: dec}
#     distance:
#       __class__: astropy.coordinates.distances.Distance
#       unit: !astropy.units.Unit {unit: kpc}
#       value: !astropy.table.SerializedColumn {name: distance}
#     pm_dec:
#       __class__: astropy.units.quantity.Quantity
#       unit: !astropy.units.Unit {unit: mas / yr}
#       value: !astropy.table.SerializedColumn {name: pm_dec}
#     pm_ra_cosdec:
#       __class__: astropy.units.quantity.Quantity
#       unit: !astropy.units.Unit {unit: mas / yr}
#       value: !astropy.table.SerializedColumn {name: pm_ra_cosdec}
#     ra:
#       __class__: astropy.coordinates.angles.Longitude
#       unit: *id001
#       value: !astropy.table.SerializedColumn {name: ra}
#       wrap_angle: !astropy.coordinates.Angle
#         unit: *id001
#         value: 360.0
#     radial_velocity:
#       __class__: astropy.units.quantity.Quantity
#       unit: !astropy.units.Unit {unit: km / s}
#       value: !astropy.table.SerializedColumn {name: radial_velocity}
# schema: astropy-2.0
ra,dec,distance,pm_ra_cosdec,pm_dec,radial_velocity
[from data line 5116]
193.88269736047474,-16.138772136652342,11.19973033499654,0.0,0.0,-0.0
193.8931155290724,-16.140094118888623,11.20147858094721,0.0,0.0,-0.0
193.90353381462913,-16.141416264024397,11.203226905710135,0.0,0.0,-0.0
193.9139522172002,-16.142738571920177,11.20497530916417,0.0,0.0,-0.0
193.92437073684076,-16.144061042436444,11.206723791188146,0.0,0.0,-0.0
193.93478937360598,-16.145383675433653,11.208472351660875,0.0,0.0,-0.0
193.94520812755093,-16.146706470772216,11.210220990461151,0.0,0.0,-0.0
193.95562699873076,-16.148029428312515,11.211969707467746,0.0,0.0,-0.0
193.96604598720054,-16.1493525479149,11.21371850255941,0.0,0.0,-0.0
193.97646509301526,-16.1506758294397,11.21546737561486,0.0,0.0,-0.0
193.98688431622998,-16.15199927274718,11.217216326512816,0.0,0.0,-0.0
193.99730365689962,-16.1533228776976,11.218965355131962,0.0,0.0,-0.0
194.00772311507916,-16.154646644151182,11.22071446135096,0.0,0.0,-0.0
194.01814269082354,-16.1559705719681,11.222463645048462,0.0,0.0,-0.0
194.02856238418764,-16.15729466100852,11.224212906103084,0.0,0.0,-0.0
194.0389821952263,-16.158618911132557,11.225962244393433,0.0,0.0,-0.0
194.0494021239944,-16.159943322200295,11.227711659798093,0.0,0.0,-0.0
194.0598221705467,-16.161267894071788,11.22946115219562,0.0,0.0,-0.0
194.07024233493797,-16.16259262660705,11.231210721464565,0.0,0.0,-0.0
194.08066261722303,-16.163917519666086,11.232960367483438,0.0,0.0,-0.0
194.0910830174565,-16.16524257310884,11.234710090130744,0.0,0.0,-0.0
194.10150353569315,-16.166567786795238,11.236459889284964,0.0,0.0,-0.0
194.1119241719876,-16.167893160585173,11.238209764824552,0.0,0.0,-0.0
194.12234492639448,-16.1692186943385,11.239959716627945,0.0,0.0,-0.0
194.1327657989684,-16.170544387915047,11.241709744573566,0.0,0.0,-0.0
194.14318678976392,-16.17187024117461,11.243459848539805,0.0,0.0,-0.0
194.15360789883562,-16.173196253976936,11.245210028405047,0.0,0.0,-0.0
194.16402912623795,-16.17452242618177,11.246960284047638,0.0,0.0,-0.0
194.17445047202546,-16.175848757648797,11.24871061534592,0.0,0.0,-0.0
194.18487193625256,-16.177175248237685,11.250461022178206,0.0,0.0,-0.0
194.19529351897373,-16.17850189780806,11.252211504422785,0.0,0.0,-0.0
194.20571522024326,-16.179828706219535,11.253962061957933,0.0,0.0,-0.0
194.21613704011565,-16.18115567333166,11.255712694661913,0.0,0.0,-0.0
194.22655897864513,-16.182482799003978,11.257463402412949,0.0,0.0,-0.0
194.23698103588606,-16.183810083095985,11.259214185089252,0.0,0.0,-0.0
194.24740321189273,-16.185137525467162,11.260965042569023,0.0,0.0,-0.0
194.25782550671937,-16.18646512597694,11.262715974730426,0.0,0.0,-0.0
194.2682479204202,-16.18779288448473,11.264466981451617,0.0,0.0,-0.0
194.2786704530494,-16.189120800849896,11.266218062610728,0.0,0.0,-0.0
194.28909310466113,-16.19044887493179,11.267969218085868,0.0,0.0,-0.0
194.29951587530957,-16.191777106589722,11.269720447755134,0.0,0.0,-0.0
194.3099387650488,-16.193105495682957,11.271471751496593,0.0,0.0,-0.0
194.32036177393286,-16.19443404207076,11.273223129188292,0.0,0.0,-0.0
194.3307849020158,-16.19576274561234,11.27497458070827,0.0,0.0,-0.0
194.3412081493517,-16.19709160616686,11.276726105934534,0.0,0.0,-0.0
194.35163151599446,-16.1984206235935,11.278477704745075,0.0,0.0,-0.0
194.36205500199807,-16.19974979775137,11.280229377017864,0.0,0.0,-0.0
194.37247860741647,-16.20107912849955,11.281981122630853,0.0,0.0,-0.0
194.38290233230353,-16.20240861569709,11.283732941461974,0.0,0.0,-0.0
194.39332617671317,-16.20373825920304,11.285484833389134,0.0,0.0,-0.0
194.40375014069915,-16.205068058876368,11.287236798290223,0.0,0.0,-0.0
194.41417422431533,-16.20639801457605,11.288988836043117,0.0,0.0,-0.0
194.42459842761545,-16.207728126161,11.290740946525665,0.0,0.0,-0.0
194.4350227506533,-16.209058393490135,11.2924931296157,0.0,0.0,-0.0
194.44544719348258,-16.210388816422306,11.294245385191028,0.0,0.0,-0.0
194.45587175615694,-16.211719394816356,11.295997713129449,0.0,0.0,-0.0
194.46629643873013,-16.21305012853109,11.297750113308728,0.0,0.0,-0.0
194.4767212412557,-16.214381017425275,11.299502585606618,0.0,0.0,-0.0
194.48714616378726,-16.215712061357653,11.301255129900856,0.0,0.0,-0.0
194.4975712063784,-16.217043260186937,11.303007746069149,0.0,0.0,-0.0
194.50799636908266,-16.218374613771804,11.304760433989196,0.0,0.0,-0.0
194.51842165195356,-16.2197061219709,11.306513193538663,0.0,0.0,-0.0
194.52884705504454,-16.221037784642842,11.308266024595211,0.0,0.0,-0.0
194.53927257840908,-16.22236960164622,11.310018927036468,0.0,0.0,-0.0
194.5496982221006,-16.223701572839584,11.311771900740053,0.0,0.0,-0.0
194.5601239861725,-16.225033698081454,11.31352494558356,0.0,0.0,-0.0
194.5705498706781,-16.226365977230326,11.315278061444564,0.0,0.0,-0.0
194.58097587567073,-16.227698410144654,11.31703124820062,0.0,0.0,-0.0
194.5914020012038,-16.22903099668288,11.318784505729267,0.0,0.0,-0.0
194.60182824733042,-16.230363736703396,11.320537833908018,0.0,0.0,-0.0
194.61225461410393,-16.23169663006457,11.322291232614374,0.0,0.0,-0.0
194.6226811015775,-16.23302967662474,11.324044701725814,0.0,0.0,-0.0
194.6331077098044,-16.234362876242212,11.325798241119793,0.0,0.0,-0.0
194.6435344388377,-16.235696228775254,11.327551850673753,0.0,0.0,-0.0
194.6539612887305,-16.23702973408213,11.329305530265113,0.0,0.0,-0.0
194.6643882595359,-16.238363392021036,11.331059279771274,0.0,0.0,-0.0
194.67481535130702,-16.23969720245017,11.33281309906962,0.0,0.0,-0.0
194.68524256409685,-16.241031165227675,11.334566988037508,0.0,0.0,-0.0
194.69566989795842,-16.242365280211683,11.336320946552283,0.0,0.0,-0.0
194.70609735294465,-16.243699547260263,11.338074974491272,0.0,0.0,-0.0
194.71652492910852,-16.245033966231496,11.339829071731776,0.0,0.0,-0.0
194.7269526265029,-16.246368536983415,11.341583238151086,0.0,0.0,-0.0
194.73738044518075,-16.24770325937401,11.34333747362646,0.0,0.0,-0.0
194.74780838519484,-16.249038133261255,11.34509177803515,0.0,0.0,-0.0
194.75823644659803,-16.250373158503088,11.346846151254383,0.0,0.0,-0.0
194.7686646294431,-16.251708334957417,11.348600593161366,0.0,0.0,-0.0
194.77909293378278,-16.25304366248213,11.350355103633296,0.0,0.0,-0.0
194.78952135966986,-16.254379140935065,11.352109682547336,0.0,0.0,-0.0
194.79994990715699,-16.255714770174045,11.353864329780642,0.0,0.0,-0.0
194.81037857629684,-16.257050550056846,11.355619045210348,0.0,0.0,-0.0
194.8208073671421,-16.258386480441242,11.357373828713566,0.0,0.0,-0.0
194.83123627974533,-16.259722561184955,11.359128680167393,0.0,0.0,-0.0
194.8416653141591,-16.261058792145686,11.360883599448899,0.0,0.0,-0.0
194.85209447043596,-16.262395173181094,11.362638586435152,0.0,0.0,-0.0
194.8625237486285,-16.26373170414882,11.364393641003181,0.0,0.0,-0.0
194.87295314878912,-16.265068384906474,11.366148763030015,0.0,0.0,-0.0
194.88338267097026,-16.26640521531163,11.367903952392647,0.0,0.0,-0.0
194.89381231522447,-16.267742195221842,11.36965920896806,0.0,0.0,-0.0
194.90424208160402,-16.26907932449462,11.371414532633223,0.0,0.0,-0.0
194.91467197016135,-16.270416602987446,11.373169923265074,0.0,0.0,-0.0
194.92510198094874,-16.271754030557798,11.374925380740544,0.0,0.0,-0.0
194.93553211401854,-16.273091607063083,11.376680904936542,0.0,0.0,-0.0
194.94596236942297,-16.27442933236071,11.378436495729948,0.0,0.0,-0.0
194.95639274721435,-16.275767206308053,11.380192152997642,0.0,0.0,-0.0
194.96682324744484,-16.27710522876244,11.38194787661647,0.0,0.0,-0.0
194.9772538701666,-16.278443399581178,11.383703666463267,0.0,0.0,-0.0
194.98768461543185,-16.279781718621557,11.385459522414848,0.0,0.0,-0.0
194.99811548329265,-16.28112018574083,11.387215444348005,0.0,0.0,-0.0
195.00854647380112,-16.2824588007962,11.38897143213952,0.0,0.0,-0.0
195.01897758700932,-16.28379756364487,11.390727485666151,0.0,0.0,-0.0
195.02940882296923,-16.285136474144004,11.392483604804637,0.0,0.0,-0.0
195.03984018173293,-16.286475532150718,11.394239789431701,0.0,0.0,-0.0
195.05027166335236,-16.28781473752214,11.395996039424046,0.0,0.0,-0.0
195.06070326787943,-16.28915409011532,11.39775235465836,0.0,0.0,-0.0
195.07113499536604,-16.29049358978732,11.399508735011306,0.0,0.0,-0.0
195.08156684586413,-16.29183323639514,11.401265180359538,0.0,0.0,-0.0
195.09199881942544,-16.293173029795764,11.403021690579683,0.0,0.0,-0.0
195.1024309161019,-16.294512969846163,11.404778265548353,0.0,0.0,-0.0
195.11286313594522,-16.295853056403256,11.406534905142143,0.0,0.0,-0.0
195.1232954790072,-16.29719328932394,11.408291609237624,0.0,0.0,-0.0
195.13372794533947,-16.298533668465087,11.41004837771136,0.0,0.0,-0.0
195.14416053499383,-16.299874193683532,11.411805210439887,0.0,0.0,-0.0
195.15459324802188,-16.301214864836084,11.413562107299729,0.0,0.0,-0.0
195.16502608447527,-16.30255568177953,11.415319068167387,0.0,0.0,-0.0
195.17545904440559,-16.303896644370617,11.417076092919347,0.0,0.0,-0.0
195.1858921278644,-16.30523775246607,11.418833181432072,0.0,0.0,-0.0
195.19632533490326,-16.306579005922593,11.420590333582014,0.0,0.0,-0.0
195.20675866557366,-16.307920404596835,11.422347549245607,0.0,0.0,-0.0
195.21719211992706,-16.309261948345444,11.424104828299258,0.0,0.0,-0.0
195.22762569801495,-16.310603637025025,11.425862170619366,0.0,0.0,-0.0
195.23805939988867,-16.311945470492162,11.427619576082305,0.0,0.0,-0.0
195.24849322559967,-16.313287448603393,11.429377044564438,0.0,0.0,-0.0
195.2589271751993,-16.314629571215253,11.4311345759421,0.0,0.0,-0.0
195.26936124873882,-16.315971838184232,11.432892170091616,0.0,0.0,-0.0
195.2797954462696,-16.317314249366785,11.434649826889297,0.0,0.0,-0.0
195.2902297678428,-16.318656804619366,11.436407546211422,0.0,0.0,-0.0
195.30066421350972,-16.31999950379836,11.43816532793427,0.0,0.0,-0.0
195.31109878332154,-16.321342346760154,11.439923171934089,0.0,0.0,-0.0
195.3215334773294,-16.322685333361115,11.441681078087107,0.0,0.0,-0.0
195.3319682955845,-16.32402846345754,11.44343904626955,0.0,0.0,-0.0
195.34240323813785,-16.325371736905737,11.445197076357612,0.0,0.0,-0.0
195.3528383050406,-16.326715153561967,11.446955168227472,0.0,0.0,-0.0
195.36327349634374,-16.328058713282466,11.4487133217553,0.0,0.0,-0.0
195.3737088120983,-16.32940241592345,11.450471536817235,0.0,0.0,-0.0
195.38414425235524,-16.33074626134108,11.452229813289412,0.0,0.0,-0.0
195.39457981716555,-16.332090249391523,11.453988151047938,0.0,0.0,-0.0
195.4050155065801,-16.333434379930903,11.455746549968902,0.0,0.0,-0.0
195.4154513206498,-16.33477865281531,11.457505009928385,0.0,0.0,-0.0
195.42588725942548,-16.336123067900807,11.459263530802446,0.0,0.0,-0.0
195.436323322958,-16.337467625043445,11.461022112467123,0.0,0.0,-0.0
195.4467595112981,-16.338812324099223,11.46278075479844,0.0,0.0,-0.0
195.45719582449658,-16.340157164924133,11.464539457672402,0.0,0.0,-0.0
195.46763226260413,-16.341502147374126,11.466298220964994,0.0,0.0,-0.0
195.47806882567147,-16.342847271305132,11.468057044552197,0.0,0.0,-0.0
195.4885055137493,-16.344192536573036,11.469815928309956,0.0,0.0,-0.0
195.49894232688823,-16.34553794303373,11.471574872114207,0.0,0.0,-0.0
195.5093792651388,-16.346883490543046,11.473333875840872,0.0,0.0,-0.0
195.51981632855163,-16.348229178956803,11.475092939365853,0.0,0.0,-0.0
195.5302535171773,-16.34957500813078,11.476852062565031,0.0,0.0,-0.0
195.54069083106629,-16.350920977920747,11.478611245314282,0.0,0.0,-0.0
195.551128270269,-16.352267088182433,11.480370487489445,0.0,0.0,-0.0
195.561565834836,-16.353613338771538,11.48212978896636,0.0,0.0,-0.0
195.5720035248176,-16.35495972954374,11.483889149620836,0.0,0.0,-0.0
195.58244134026427,-16.356306260354696,11.48564856932868,0.0,0.0,-0.0
195.59287928122632,-16.35765293106002,11.487408047965664,0.0,0.0,-0.0
195.60331734775403,-16.35899974151531,11.48916758540756,0.0,0.0,-0.0
195.61375553989774,-16.360346691576126,11.490927181530118,0.0,0.0,-0.0
195.6241938577077,-16.36169378109801,11.492686836209057,0.0,0.0,-0.0
195.63463230123412,-16.363041009936474,11.4944465493201,0.0,0.0,-0.0
195.6450708705272,-16.364388377947012,11.496206320738935,0.0,0.0,-0.0
195.6555095656371,-16.36573588498506,11.49796615034125,0.0,0.0,-0.0
195.66594838661393,-16.36708353090607,11.499726038002697,0.0,0.0,-0.0
195.67638733350782,-16.368431315565424,11.501485983598931,0.0,0.0,-0.0
195.68682640636885,-16.369779238818502,11.50324598700558,0.0,0.0,-0.0
195.697265605247,-16.37112730052066,11.50500604809825,0.0,0.0,-0.0
195.7077049301923,-16.372475500527212,11.506766166752536,0.0,0.0,-0.0
195.71814438125475,-16.37382383869345,11.508526342844021,0.0,0.0,-0.0
195.72858395848425,-16.375172314874646,11.510286576248266,0.0,0.0,-0.0
195.73902366193073,-16.376520928926034,11.51204686684081,0.0,0.0,-0.0
195.74946349164406,-16.377869680702826,11.513807214497183,0.0,0.0,-0.0
195.75990344767408,-16.37921857006021,11.5155676190929,0.0,0.0,-0.0
195.77034353007056,-16.380567596853336,11.517328080503454,0.0,0.0,-0.0
195.7807837388834,-16.38191676093734,11.51908859860432,0.0,0.0,-0.0
195.79122407416222,-16.38326606216733,11.520849173270959,0.0,0.0,-0.0
195.80166453595683,-16.384615500398375,11.522609804378817,0.0,0.0,-0.0
195.81210512431687,-16.385965075485537,11.52437049180332,0.0,0.0,-0.0
195.822545839292,-16.387314787283824,11.526131235419884,0.0,0.0,-0.0
195.83298668093187,-16.388664635648244,11.527892035103896,0.0,0.0,-0.0
195.84342764928599,-16.39001462043376,11.529652890730743,0.0,0.0,-0.0
195.853868744404,-16.391364741495316,11.531413802175784,0.0,0.0,-0.0
195.8643099663354,-16.39271499868783,11.533174769314357,0.0,0.0,-0.0
195.87475131512969,-16.394065391866192,11.534935792021802,0.0,0.0,-0.0
195.88519279083633,-16.39541592088527,11.536696870173422,0.0,0.0,-0.0
195.8956343935047,-16.396766585599885,11.53845800364452,0.0,0.0,-0.0
195.90607612318428,-16.398117385864868,11.54021919231037,0.0,0.0,-0.0
195.91651797992438,-16.399468321534982,11.541980436046243,0.0,0.0,-0.0
195.92695996377438,-16.400819392465,11.543741734727373,0.0,0.0,-0.0
195.93740207478356,-16.40217059850964,11.545503088229003,0.0,0.0,-0.0
195.94784431300116,-16.403521939523614,11.547264496426344,0.0,0.0,-0.0
195.95828667847644,-16.4048734153616,11.549025959194596,0.0,0.0,-0.0
195.96872917125864,-16.40622502587825,11.550787476408933,0.0,0.0,-0.0
195.97917179139688,-16.407576770928177,11.552549047944527,0.0,0.0,-0.0
195.98961453894034,-16.408928650365997,11.55431067367653,0.0,0.0,-0.0
196.00005741393815,-16.41028066404627,11.55607235348007,0.0,0.0,-0.0
196.0105004164393,-16.411632811823548,11.557834087230264,0.0,0.0,-0.0
196.0209435464929,-16.41298509355235,11.55959587480222,0.0,0.0,-0.0
196.03138680414799,-16.414337509087176,11.56135771607101,0.0,0.0,-0.0
196.0418301894535,-16.41569005828248,11.563119610911722,0.0,0.0,-0.0
196.05227370245834,-16.417042740992713,11.564881559199396,0.0,0.0,-0.0
196.06271734321155,-16.41839555707229,11.566643560809071,0.0,0.0,-0.0
196.07316111176192,-16.41974850637561,11.568405615615768,0.0,0.0,-0.0
196.08360500815832,-16.421101588757015,11.570167723494496,0.0,0.0,-0.0
196.0940490324496,-16.42245480407086,11.57192988432024,0.0,0.0,-0.0
196.1044931846845,-16.42380815217145,11.573692097967976,0.0,0.0,-0.0
196.1149374649118,-16.425161632913078,11.57545436431266,0.0,0.0,-0.0
196.1253818731802,-16.42651524615,11.577216683229233,0.0,0.0,-0.0
196.13582640953848,-16.427868991736457,11.578979054592615,0.0,0.0,-0.0
196.14627107403518,-16.429222869526644,11.580741478277734,0.0,0.0,-0.0
196.15671586671903,-16.43057687937475,11.582503954159469,0.0,0.0,-0.0
196.16716078763852,-16.431931021134943,11.5842664821127,0.0,0.0,-0.0
196.17760583684228,-16.433285294661342,11.586029062012294,0.0,0.0,-0.0
196.18805101437886,-16.43463969980806,11.587791693733097,0.0,0.0,-0.0
196.19849632029667,-16.435994236429178,11.589554377149934,0.0,0.0,-0.0
196.20894175464426,-16.43734890437874,11.591317112137629,0.0,0.0,-0.0
196.21938731747,-16.438703703510793,11.593079898570979,0.0,0.0,-0.0
196.22983300882234,-16.440058633679328,11.594842736324772,0.0,0.0,-0.0
196.2402788287496,-16.44141369473833,11.596605625273767,0.0,0.0,-0.0
196.25072477730015,-16.442768886541746,11.598368565292729,0.0,0.0,-0.0
