galstreams/tracks/track.st.Ylgr.ibata2021.ecsv
# %ECSV 0.9
# ---
# datatype:
# - {name: ra, unit: deg, datatype: float64}
# - {name: dec, unit: deg, datatype: float64}
# - {name: distance, unit: kpc, datatype: float64}
# - {name: pm_ra_cosdec, unit: mas / yr, datatype: float64}
# - {name: pm_dec, unit: mas / yr, datatype: float64}
# - {name: radial_velocity, unit: km / s, datatype: float64}
# delimiter: ','
# meta: !!omap
# - __serialized_columns__:
#     dec:
#       __class__: astropy.coordinates.angles.Latitude
#       unit: &id001 !astropy.units.Unit {unit: deg}
#       value: !astropy.table.SerializedColumn {name: dec}
#     distance:
#       __class__: astropy.coordinates.distances.Distance
#       unit: !astropy.units.Unit {unit: kpc}
#       value: !astropy.table.SerializedColumn {name: distance}
#     pm_dec:
#       __class__: astropy.units.quantity.Quantity
#       unit: !astropy.units.Unit {unit: mas / yr}
#       value: !astropy.table.SerializedColumn {name: pm_dec}
#     pm_ra_cosdec:
#       __class__: astropy.units.quantity.Quantity
#       unit: !astropy.units.Unit {unit: mas / yr}
#       value: !astropy.table.SerializedColumn {name: pm_ra_cosdec}
#     ra:
#       __class__: astropy.coordinates.angles.Longitude
#       unit: *id001
#       value: !astropy.table.SerializedColumn {name: ra}
#       wrap_angle: !astropy.coordinates.Angle
#         unit: *id001
#         value: 360.0
#     radial_velocity:
#       __class__: astropy.units.quantity.Quantity
#       unit: !astropy.units.Unit {unit: km / s}
#       value: !astropy.table.SerializedColumn {name: radial_velocity}
# schema: astropy-2.0
ra,dec,distance,pm_ra_cosdec,pm_dec,radial_velocity
[from data line 271]
164.9157009864812,-0.11483224935294462,7.951102817877713,-0.5138423055163054,-11.502628689628876,-2.7367493172085098e-14
164.91975091570882,-0.12400473063618572,7.949150466192146,-0.5135870406067303,-11.501421118808175,-6.249788104202127e-14
164.92380046914133,-0.1331773512870035,7.947202312478915,-0.5133319501194955,-11.500212762823253,-6.578724320212765e-14
164.92784964703748,-0.14235011123553004,7.945258354573226,-0.5130770340246732,-11.49900362214261,-4.7629964078340415e-14
164.9318984496559,-0.15152301041211388,7.943318590310288,-0.5128222922923753,-11.497793697234773,-8.302350092108508e-14
164.9359468772552,-0.16069604874693458,7.941383017525314,-0.5125677248927397,-11.496582988568296,-6.052426374595744e-14
164.93999493009392,-0.1698692261703724,7.939451634053507,-0.5123133317959297,-11.49537149661176,-8.499711821714891e-14
164.94404260843066,-0.1790425426128237,7.937524437730077,-0.5120591129721495,-11.494159221833769,-5.131404969765956e-14
164.94808991252384,-0.1882159980045526,7.935601426390236,-0.5118050683916249,-11.492946164702946,-6.2366306555617e-14
164.95213684263194,-0.19738959227608258,7.933682597869189,-0.5115511980246149,-11.491732325687954,-4.052494181251063e-14
164.9561833990133,-0.2065633253577342,7.931767950002145,-0.5112975018414088,-11.490517705257469,-5.736647607225531e-14
164.9602295819263,-0.21573719718008752,7.929857480624316,-0.5110439798123265,-11.48930230388019,-7.94709897881702e-14
164.9642753916292,-0.2249112076735319,7.927951187570907,-0.5107906319077165,-11.488086122024848,-6.683983909336168e-14
164.96832082838029,-0.23408535676870101,7.926049068677127,-0.5105374580979596,-11.486869160160202,-8.815490589085104e-14
164.97236589243775,-0.2432596443960428,7.924151121778186,-0.5102844583534598,-11.485651418755026,-6.97344777942553e-14
164.97641058405975,-0.2524340704862534,7.922257344709292,-0.5100316326446594,-11.48443289827812,-8.526026718995742e-14
164.9804549035044,-0.26160863496983966,7.920367735305655,-0.5097789809420258,-11.483213599198319,-8.499711821714891e-14
164.9844988510298,-0.270783337777563,7.918482291402484,-0.5095265032160551,-11.481993521984473,-5.420868839855318e-14
164.98854242689393,-0.2799581788399828,7.9166010108349845,-0.5092741994372766,-11.480772667105459,-3.841975003004254e-14
164.99258563135479,-0.2891331580879217,7.914723891438366,-0.5090220695762434,-11.47955103503019,-3.1841025709829776e-14
164.99662846467032,-0.29830827545199456,7.912850931047842,-0.5087701136035448,-11.478328626227574,-8.473396924434041e-14
165.00067092709844,-0.3074835308630916,7.910982127498615,-0.5085183314897985,-11.477105441166573,-3.97354948940851e-14
165.00471301889695,-0.3166589242518923,7.909117478625896,-0.5082667232056437,-11.475881480316172,-4.789311305114892e-14
165.00875474032367,-0.32583445554932566,7.907256982264893,-0.5080152887217542,-11.474656744145364,-5.894536990910637e-14
165.01279609163635,-0.33501012468615415,7.9054006362508185,-0.5077640280088359,-11.473431233123176,-5.3682390452936155e-14
165.0168370730927,-0.34418593159334837,7.903548438418876,-0.5075129410376189,-11.472204947718659,-7.4734308277617e-14
165.02087768495036,-0.35336187620173476,7.9017003866042765,-0.5072620277788644,-11.47097788840089,-6.841873293021275e-14
165.024917927467,-0.36253795844230563,7.89985647864223,-0.5070112882033615,-11.469750055638972,-4.47353253774468e-14
165.0289578009002,-0.371714178246073,7.898016712367942,-0.5067607222819289,-11.468521449902028,-9.999660966723402e-14
165.03299730550742,-0.38089053554396046,7.8961810856166235,-0.5065103299854109,-11.467292071659209,-7.73657980057021e-14
165.03703644154626,-0.3900670302670948,7.894349596223483,-0.5062601112846868,-11.466061921379683,-4.684051715991488e-14
165.04107520927406,-0.3992436623464206,7.892522242023729,-0.5060100661506619,-11.464830999532655,-7.578690416885104e-14
165.04511360894827,-0.4084204317131563,7.890699020852571,-0.5057601945542637,-11.463599306587348,-5.841907196348934e-14
165.0491516408262,-0.41759733829830553,7.888879930545215,-0.5055104964664554,-11.462366843013008,-4.3682729486212757e-14
165.05318930516523,-0.42677438203312984,7.887064968936871,-0.5052609718582286,-11.461133609278907,-4.894570894238297e-14
165.05722660222258,-0.43595156284870146,7.885254133862749,-0.5050116207005996,-11.459899605854345,-6.999762676706381e-14
165.06126353225548,-0.44512888067633394,7.883447423158055,-0.5047624429646129,-11.458664833208646,-8.104988362502126e-14
165.06530009552108,-0.4543063354471742,7.881644834658003,-0.5045134386213452,-11.45742929181114,-3.315677057387233e-14
165.0693362922766,-0.46348392709257796,7.879846366197795,-0.5042646076418977,-11.456192982131212,-2.8946387008936165e-14
165.07337212277898,-0.47266165554375317,7.878052015612645,-0.5040159499973995,-11.454955904638256,-8.94706507548936e-14
165.07740758728542,-0.48183952073212977,7.876261780737757,-0.5037674656590103,-11.453718059801691,-6.894503087582976e-14
165.0814426860528,-0.4910175225889535,7.874475659408343,-0.5035191545979145,-11.452479448090955,-5.3682390452936155e-14
165.08547741933816,-0.5001956610457312,7.872693649459612,-0.5032710167853269,-11.451240069975508,0.0
165.08951178739832,-0.5093739360337499,7.8709157487267705,-0.5030230521924872,-11.449999925924862,-8.157618157063828e-14
165.09354579049025,-0.5185523474845275,7.869141955045029,-0.5027752607906671,-11.448759016408522,-4.315643154059573e-14
165.09757942887072,-0.5277308953295824,7.8673722662495935,-0.5025276425511623,-11.44751734189603,-9.21021404829787e-14
165.10161270279653,-0.5369095795003661,7.865606680175675,-0.502280197445295,-11.446274902856953,-1.0262809939531912e-13
165.10564561252437,-0.546088399928369,7.863845194658484,-0.5020329254444186,-11.445031699760875,-6.894503087582976e-14
165.10967815831094,-0.5552673565451924,7.862087807533227,-0.5017858265199127,-11.44378773307741,-9.683882199353189e-14
165.11371034041295,-0.5644464492824891,7.860334516635111,-0.5015389006431812,-11.442543003276201,-5.631388018102126e-14
165.11774215908696,-0.5736256780717698,7.858585319799348,-0.5012921477856584,-11.441297510826907,-3.9998643866893604e-14
165.12177361458956,-0.5828050428447947,7.8568402148611405,-0.5010455679188052,-11.440051256199217,-7.315541444076594e-14
165.1258047071772,-0.5919845435331323,7.855099199655706,-0.5007991610141079,-11.438804239862833,-6.420834936527658e-14
165.1298354371064,-0.601164180068591,7.853362272018247,-0.5005529270430831,-11.437556462287496,-6.526094525651062e-14
165.13386580463361,-0.610343952382823,7.851629429783975,-0.5003068659772708,-11.436307923942964,-3.631455824757446e-14
165.1378958100152,-0.6195238604076772,7.849900670788098,-0.5000609777882395,-11.435058625299021,-5.736647607225531e-14
165.1419254535075,-0.6287039040748535,7.848175992865822,-0.4998152624475855,-11.433808566825464,-6.73661370389787e-14
165.1459547353668,-0.6378840833162835,7.846455393852362,-0.4995697199269271,-11.432557748992133,-5.2629794561702114e-14
165.14998365584938,-0.6470643980637137,7.844738871582921,-0.4993243501979158,-11.43130617226888,-7.894469184255317e-14
165.15401221521142,-0.6562448482491289,7.8430264238927085,-0.49907915323222646,-11.43005383712559,-8.526026718995742e-14
165.15804041370913,-0.6654254338043375,7.841318048616936,-0.4988341290015602,-11.42880074403215,-8.104988362502126e-14
165.16206825159864,-0.6746061546613898,7.8396137435908075,-0.4985892774776446,-11.4275468934585,-8.21024795162553e-14
165.16609572913598,-0.6837870107521402,7.837913506649536,-0.49834459863223535,-11.42629228587459,-6.526094525651062e-14
165.17012284657724,-0.692968002008703,7.83621733562833,-0.4981000924371093,-11.42503692175039,-3.263047262825531e-14
165.17414960417838,-0.7021491283629908,7.834525228362396,-0.49785575886407707,-11.423780801555901,-5.4734986344170195e-14
165.17817600219539,-0.7113303897471107,7.832837182686944,-0.49761159788496984,-11.422523925761139,-6.73661370389787e-14
165.1822020408842,-0.7205117860932144,7.8311531964371826,-0.4973676094716465,-11.421266294836157,-2.1051917824680845e-15
165.18622772050057,-0.729693317333291,7.829473267448318,-0.49712379359599246,-11.420007909251028,-5.3682390452936155e-14
165.19025304130042,-0.7388749833996037,7.827797393555562,-0.49688015022991766,-11.418748769475842,-4.4209027431829774e-14
165.1942780035395,-0.7480567842242105,7.826125572594123,-0.49663667934536115,-11.417488875980712,-3.4735664410723393e-14
165.19830260747358,-0.7572387197394183,7.824457802399209,-0.4963933809142803,-11.416228229235792,-7.368171238638296e-14
165.2023268533583,-0.7664207898773538,7.822794080806028,-0.49615025490867015,-11.414966829711236,-7.052392471268083e-14
165.20635074144937,-0.7756029945703824,7.82113440564979,-0.49590730130053906,-11.41370467787724,-5.578758223540424e-14
165.21037427200233,-0.7847853337506728,7.819478774765704,-0.4956645200619317,-11.412441774204009,-4.9472006887999985e-14
165.21439744527285,-0.7939678073506551,7.817827185988976,-0.4954219111649083,-11.411178119161793,-9.368103431982976e-14
165.21842026151637,-0.8031504153025685,7.816179637154816,-0.4951794745815623,-11.409913713220835,-2.2104513715914887e-14
165.22244272098837,-0.8123331575388837,7.814536126098435,-0.4949372102840065,-11.408648556851436,-4.5261623323063815e-14
165.22646482394435,-0.8215160339919007,7.8128966506550395,-0.4946951182443854,-11.407382650523887,-3.8946047975659563e-14
165.23048657063967,-0.8306990445941466,7.811261208659837,-0.49445319843486163,-11.40611599470854,-6.73661370389787e-14
165.23450796132968,-0.8398821892779839,7.80962979794804,-0.49421145082763085,-11.404848589875735,-8.21024795162553e-14
165.23852899626974,-0.8490654679760059,7.808002416354851,-0.4939698753949049,-11.403580436495856,-7.368171238638296e-14
165.242549675715,-0.8582488806206107,7.806379061715485,-0.49372847210892956,-11.402311535039301,-7.052392471268083e-14
165.24656999992084,-0.8674324271444626,7.80475973186515,-0.4934872409419686,-11.401041885976506,-4.9472006887999985e-14
165.25058996914234,-0.8766161074800117,7.80314442463905,-0.4932461818663164,-11.399771489777907,-5.4734986344170195e-14
165.2546095836347,-0.8857999215599737,7.801533137872399,-0.4930052948542831,-11.398500346913984,-5.2629794561702114e-14
165.25862884365299,-0.894983869316872,7.799925869400399,-0.492764579878215,-11.39722845785524,-6.841873293021275e-14
165.26264774945224,-0.9041679506834172,7.798322617058267,-0.4925240369104762,-11.395955823072184,-8.526026718995742e-14
165.26666630128756,-0.9133521655923491,7.796723378681207,-0.4922836659234574,-11.394682443035363,-4.5261623323063815e-14
165.27068449941385,-0.9225365139762713,7.795128152104428,-0.49204346688957123,-11.39340831821535,-4.73668151055319e-14
165.27470234408602,-0.9317209957680287,7.7935369351631385,-0.49180343978125957,-11.39213344908273,-6.73661370389787e-14
165.27871983555903,-0.9409056109003058,7.7919497256925485,-0.49156358457098204,-11.390857836108113,-4.9472006887999985e-14
165.28273697408773,-0.950090359305983,7.790366521527865,-0.4913239012312318,-11.389581479762144,-4.8419410996765944e-14
165.28675375992685,-0.9592752409177965,7.788787320504299,-0.49108438973451546,-11.38830438051548,-9.368103431982976e-14
165.29077019333124,-0.9684602556687134,7.787212120457054,-0.4908450500533713,-11.387026538838818,-6.526094525651062e-14
165.29478627455552,-0.9776454034914971,7.785640919221348,-0.4906058821603627,-11.385747955202836,-5.6840178126638284e-14
165.29880200385446,-0.9868306843191718,7.784073714632379,-0.4903668860280701,-11.384468630078292,-5.4734986344170195e-14
165.3028173814827,-0.9960160980845831,7.782510504525365,-0.4901280616291024,-11.383188563935926,-4.9472006887999985e-14
165.3068324076948,-1.0052016447207914,7.780951286735508,-0.48988940893609434,-11.381907757246529,-4.105123975812765e-14
165.31084708274528,-1.014387324160691,7.77939605909802,-0.48965092792169723,-11.380626210480889,-6.315575347404254e-14
165.31486140688872,-1.0235731363374199,7.77784481944811,-0.48941261855859564,-11.379343924109829,-2.7367493172085098e-14
165.31887538037958,-1.0327590811839185,7.7762975656209825,-0.4891744808194904,-11.378060898604208,-3.5788260301957434e-14
165.32288900347228,-1.041945158633374,7.774754295451852,-0.4889365146771105,-11.37677713443489,-9.578622610229784e-14
165.3269022764212,-1.0511313686188002,7.773215006775923,-0.48869872010420423,-11.375492632072767,-6.21031575828085e-14
165.33091519948073,-1.0603177110734328,7.771679697428405,-0.48846109707354884,-11.374207391988763,-7.999728773378721e-14
165.3349277729051,-1.0695041859303391,7.770148365244509,-0.48822364555793984,-11.372921414653804,-5.2629794561702114e-14
165.33893999694865,-1.0786907931228051,7.768621008059442,-0.4879863655301974,-11.37163470053887,-5.3682390452936155e-14
165.34295187186558,-1.087877532583958,7.76709762370841,-0.48774925696316684,-11.37034725011494,-5.0524602779234026e-14
165.34696339791003,-1.0970644042470996,7.765578210026627,-0.48751231982971543,-11.369059063853019,-9.894401377599997e-14
165.3509745753362,-1.1062514080455568,7.764062764849299,-0.4872755541027333,-11.367770142224144,-6.21031575828085e-14
165.35498540439818,-1.115438543912536,7.762551286011633,-0.4870389597551359,-11.366480485699373,-8.315507540748934e-14
165.35899588535003,-1.1246258117814742,7.761043771348841,-0.48680253675985496,-11.365190094749785,-5.2629794561702114e-14
165.36300601844573,-1.1338132115856185,7.759540218696128,-0.48656628508985594,-11.363898969846476,-6.841873293021275e-14
165.3670158039393,-1.143000743258485,7.7580406258887065,-0.4863302047181186,-11.362607111460576,-2.947268495455318e-14
165.37102524208464,-1.152188406733365,7.756544990761784,-0.48609429561764655,-11.361314520063232,-5.999796580034041e-14
165.3750343331357,-1.1613762019438172,7.755053311150567,-0.48585855776147124,-11.360021196125611,-8.104988362502126e-14
165.37904307734627,-1.170564128823216,7.753565584890267,-0.4856229911226385,-11.358727140118914,-9.683882199353189e-14
165.3830514749702,-1.1797521873051617,7.752081809816089,-0.4853875956742255,-11.357432352514353,-7.157652060391487e-14
165.38705952626123,-1.1889403773230747,7.750601983763248,-0.4851523713893267,-11.356136833783165,-4.9472006887999985e-14
165.39106723147313,-1.198128698810618,7.7491261045669475,-0.48491731824105894,-11.354840584396621,-1.1052256857957444e-13
165.3950745908596,-1.2073171517012877,7.747654170062396,-0.48468243620256274,-11.353543604826001,-9.578622610229784e-14
165.39908160467422,-1.2165057359287816,7.7461861780848045,-0.4844477252470024,-11.352245895542614,-6.105056169157445e-14
165.40308827317068,-1.2256944514266415,7.744722126469381,-0.48421318534756197,-11.350947457017792,-6.315575347404254e-14
165.40709459660252,-1.234883298128641,7.743262013051336,-0.483978816477449,-11.349648289722888,-3.4735664410723393e-14
165.41110057522323,-1.2440722759683636,7.741805835665873,-0.4837446186098935,-11.348348394129284,-7.578690416885104e-14
165.41510620928634,-1.2532613848795926,7.740353592148207,-0.48351059171814526,-11.347047770708372,-6.315575347404254e-14
165.4191114990453,-1.2624506247961376,7.738905280333543,-0.4832767357754769,-11.345746419931581,-6.315575347404254e-14
165.4231164447535,-1.2716399956516553,7.737460898057087,-0.4830430507551861,-11.344444342270355,-6.947132882144679e-14
165.42712104666433,-1.2808294973800676,7.736020443154054,-0.4828095366305873,-11.343141538196157,-6.526094525651062e-14
165.43112530503103,-1.2900191299150983,7.73458391345965,-0.4825761933750213,-11.34183800818048,-1.021018014497021e-13
165.43512922010703,-1.2992088931907242,7.7331513068090825,-0.48234302096184767,-11.340533752694848,-7.157652060391487e-14
165.43913279214544,-1.3083987871407154,7.7317226210375605,-0.48211001936444736,-11.339228772210786,-9.052324664612763e-14
165.44313602139957,-1.3175888116991012,7.730297853980296,-0.48187718855622735,-11.337923067199851,-6.73661370389787e-14
165.44713890812247,-1.3267789667997212,7.728877003472491,-0.4816445285106076,-11.336616638133634,-6.947132882144679e-14
