galstreams/tracks/track.po.PS1-E.bernard2016.ecsv
# %ECSV 0.9
# ---
# datatype:
# - {name: ra, unit: deg, datatype: float64}
# - {name: dec, unit: deg, datatype: float64}
# - {name: distance, unit: kpc, datatype: float64}
# - {name: pm_ra_cosdec, unit: mas / yr, datatype: float64}
# - {name: pm_dec, unit: mas / yr, datatype: float64}
# - {name: radial_velocity, unit: km / s, datatype: float64}
# delimiter: ','
# meta: !!omap
# - __serialized_columns__:
#     dec:
#       __class__: astropy.coordinates.angles.Latitude
#       unit: &id001 !astropy.units.Unit {unit: deg}
#       value: !astropy.table.SerializedColumn {name: dec}
#     distance:
#       __class__: astropy.coordinates.distances.Distance
#       unit: !astropy.units.Unit {unit: kpc}
#       value: !astropy.table.SerializedColumn {name: distance}
#     pm_dec:
#       __class__: astropy.units.quantity.Quantity
#       unit: !astropy.units.Unit {unit: mas / yr}
#       value: !astropy.table.SerializedColumn {name: pm_dec}
#     pm_ra_cosdec:
#       __class__: astropy.units.quantity.Quantity
#       unit: !astropy.units.Unit {unit: mas / yr}
#       value: !astropy.table.SerializedColumn {name: pm_ra_cosdec}
#     ra:
#       __class__: astropy.coordinates.angles.Longitude
#       unit: *id001
#       value: !astropy.table.SerializedColumn {name: ra}
#       wrap_angle: !astropy.coordinates.Angle
#         unit: *id001
#         value: 360.0
#     radial_velocity:
#       __class__: astropy.units.quantity.Quantity
#       unit: !astropy.units.Unit {unit: km / s}
#       value: !astropy.table.SerializedColumn {name: radial_velocity}
# schema: astropy-2.0
ra,dec,distance,pm_ra_cosdec,pm_dec,radial_velocity
160.1222990084011,46.15320632803631,12.59999999999996,0.0,0.0,0.0
160.22849487197547,46.25447098834345,12.59999999999996,0.0,0.0,0.0
160.33508345936116,46.355636964039924,12.599999999999959,0.0,0.0,0.0
160.44206723356973,46.45670353894658,12.59999999999996,0.0,0.0,0.0
160.54944867245416,46.55766999103024,12.59999999999996,0.0,0.0,0.0
160.65723026876225,46.65853559235182,12.599999999999966,0.0,0.0,0.0
160.7654145301888,46.75929960901391,12.599999999999971,0.0,0.0,0.0
160.87400397942608,46.859961301107745,12.599999999999975,0.0,0.0,0.0
160.98300115421367,46.96051992266,12.599999999999977,0.0,0.0,0.0
161.09240860738691,47.06097472157929,12.59999999999998,0.0,0.0,0.0
161.20222890692384,47.16132493960183,12.599999999999982,0.0,0.0,0.0
161.31246463599084,47.26156981223709,12.599999999999985,0.0,0.0,0.0
161.4231183929873,47.36170856871306,12.599999999999989,0.0,0.0,0.0
161.53419279158814,47.4617404319207,12.599999999999989,0.0,0.0,0.0
161.6456904607853,47.561664618358414,12.59999999999999,0.0,0.0,0.0
161.7576140449276,47.66148033807604,12.59999999999999,0.0,0.0,0.0
161.8699662037589,47.76118679461822,12.59999999999999,0.0,0.0,0.0
161.9827496124546,47.860783184967545,12.599999999999993,0.0,0.0,0.0
162.09596696165656,47.960268699487465,12.599999999999989,0.0,0.0,0.0
162.20962095750602,48.059642521864355,12.59999999999999,0.0,0.0,0.0
162.32371432167474,48.15890382904947,12.59999999999999,0.0,0.0,0.0
162.43824979139467,48.25805179120076,12.59999999999999,0.0,0.0,0.0
162.55323011948468,48.35708557162364,12.59999999999999,0.0,0.0,0.0
162.66865807437628,48.45600432671188,12.59999999999999,0.0,0.0,0.0
162.7845364401369,48.55480720588806,12.59999999999999,0.0,0.0,0.0
162.9008680164905,48.65349335154333,12.59999999999999,0.0,0.0,0.0
163.01765561883687,48.75206189897706,12.59999999999999,0.0,0.0,0.0
163.1349020782679,48.850511976336165,12.59999999999999,0.0,0.0,0.0
163.2526102415818,48.94884270455361,12.599999999999989,0.0,0.0,0.0
163.37078297129483,49.047053197287084,12.599999999999989,0.0,0.0,0.0
163.4894231456506,49.14514256085702,12.599999999999993,0.0,0.0,0.0
163.6085336586265,49.24310989418406,12.59999999999999,0.0,0.0,0.0
163.7281174199378,49.34095428872653,12.599999999999993,0.0,0.0,0.0
163.84817735503904,49.438674828417426,12.59999999999999,0.0,0.0,0.0
163.968716405122,49.53627058960074,12.59999999999999,0.0,0.0,0.0
164.0897375271115,49.633740640967815,12.599999999999994,0.0,0.0,0.0
164.211243693658,49.731084043493304,12.599999999999993,0.0,0.0,0.0
164.33323789312655,49.828299850370385,12.599999999999993,0.0,0.0,0.0
164.4557231295835,49.92538710694604,12.599999999999994,0.0,0.0,0.0
164.57870242277946,50.02234485065601,12.599999999999994,0.0,0.0,0.0
164.70217880812865,50.11917211095899,12.599999999999994,0.0,0.0,0.0
164.82615533668533,50.21586790927089,12.599999999999994,0.0,0.0,0.0
164.9506350751167,50.312431258898734,12.599999999999994,0.0,0.0,0.0
165.07562110567153,50.40886116497395,12.599999999999998,0.0,0.0,0.0
165.20111652614577,50.505156624385606,12.599999999999994,0.0,0.0,0.0
165.32712444984412,50.60131662571347,12.599999999999996,0.0,0.0,0.0
165.4536480055374,50.69734014916027,12.599999999999998,0.0,0.0,0.0
165.58069033741614,50.79322616648409,12.599999999999998,0.0,0.0,0.0
165.70825460504014,50.888973640930374,12.599999999999998,0.0,0.0,0.0
165.83634398328357,50.9845815271637,12.599999999999998,0.0,0.0,0.0
165.96496166227567,51.08004877119901,12.6,0.0,0.0,0.0
166.09411084733705,51.17537431033291,12.599999999999998,0.0,0.0,0.0
166.22379475891174,51.27055707307472,12.6,0.0,0.0,0.0
166.3540166324938,51.36559597907684,12.6,0.0,0.0,0.0
166.48477971854973,51.46048993906539,12.599999999999998,0.0,0.0,0.0
166.616087282436,51.55523785477052,12.599999999999998,0.0,0.0,0.0
166.7479426043108,51.64983861885617,12.599999999999996,0.0,0.0,0.0
166.88034897904117,51.74429111485004,12.6,0.0,0.0,0.0
167.01330971610506,51.83859421707326,12.599999999999998,0.0,0.0,0.0
167.1468281394871,51.932746790569624,12.599999999999998,0.0,0.0,0.0
167.28090758756943,52.026747691035,12.599999999999996,0.0,0.0,0.0
167.41555141301686,52.120595764746504,12.599999999999996,0.0,0.0,0.0
167.5507629826556,52.214289848491354,12.599999999999998,0.0,0.0,0.0
167.6865456773466,52.307828769495664,12.599999999999998,0.0,0.0,0.0
167.82290289185252,52.40121134535351,12.599999999999994,0.0,0.0,0.0
167.95983803469827,52.49443638395517,12.599999999999996,0.0,0.0,0.0
168.09735452802536,52.58750268341584,12.599999999999994,0.0,0.0,0.0
168.2354558074398,52.68040903200434,12.599999999999993,0.0,0.0,0.0
168.37414532185272,52.773154208071176,12.599999999999994,0.0,0.0,0.0
168.51342653331469,52.86573697997718,12.599999999999994,0.0,0.0,0.0
168.65330291684288,52.95815610602195,12.599999999999994,0.0,0.0,0.0
168.79377796024073,53.05041033437205,12.599999999999993,0.0,0.0,0.0
168.93485516391064,53.142498402989524,12.599999999999996,0.0,0.0,0.0
169.0765380406591,53.23441903956047,12.599999999999994,0.0,0.0,0.0
169.21883011549383,53.32617096142334,12.599999999999994,0.0,0.0,0.0
169.36173492541343,53.4177528754976,12.599999999999994,0.0,0.0,0.0
169.5052560191891,53.5091634782126,12.599999999999993,0.0,0.0,0.0
169.64939695713755,53.600401455436135,12.599999999999994,0.0,0.0,0.0
169.79416131088638,53.69146548240351,12.599999999999994,0.0,0.0,0.0
169.93955266313048,53.78235422364682,12.599999999999996,0.0,0.0,0.0
170.08557460737964,53.87306633292398,12.599999999999994,0.0,0.0,0.0
170.23223074769743,53.96360045314848,12.599999999999994,0.0,0.0,0.0
170.3795246984313,54.05395521631919,12.599999999999994,0.0,0.0,0.0
170.52746008393277,54.1441292434502,12.599999999999994,0.0,0.0,0.0
170.67604053826864,54.234121144501344,12.599999999999998,0.0,0.0,0.0
170.82526970492273,54.323929518308866,12.599999999999998,0.0,0.0,0.0
170.97515123648714,54.413552952516326,12.599999999999996,0.0,0.0,0.0
171.12568879434406,54.502990023506,12.6,0.0,0.0,0.0
171.27688604833753,54.59223929633091,12.6,0.0,0.0,0.0
171.4287466764339,54.68129932464674,12.6,0.0,0.0,0.0
171.58127436437246,54.77016865064473,12.600000000000001,0.0,0.0,0.0
171.73447280530556,54.85884580498497,12.600000000000001,0.0,0.0,0.0
171.8883456994264,54.947329306729976,12.600000000000001,0.0,0.0,0.0
172.04289675358686,55.03561766327909,12.600000000000005,0.0,0.0,0.0
172.19812968090378,55.12370937030356,12.600000000000001,0.0,0.0,0.0
172.3540482003526,55.211602911681844,12.600000000000001,0.0,0.0,0.0
172.51065603635035,55.299296759436054,12.600000000000001,0.0,0.0,0.0
172.66795691832633,55.38678937366898,12.600000000000001,0.0,0.0,0.0
172.8259545802796,55.47407920250163,12.600000000000003,0.0,0.0,0.0
172.98465276032533,55.561164682011835,12.600000000000003,0.0,0.0,0.0
173.1440552002279,55.64804423617379,12.600000000000005,0.0,0.0,0.0
173.30416564492043,55.73471627679796,12.600000000000001,0.0,0.0,0.0
173.46498784201248,55.82117920347255,12.600000000000003,0.0,0.0,0.0
173.62652554128348,55.90743140350542,12.600000000000001,0.0,0.0,0.0
173.78878249416277,55.99347125186739,12.600000000000001,0.0,0.0,0.0
173.9517624531963,56.0792971111363,12.600000000000003,0.0,0.0,0.0
174.11546917149866,56.16490733144237,12.600000000000003,0.0,0.0,0.0
174.27990640219153,56.25030025041465,12.600000000000001,0.0,0.0,0.0
174.44507789782733,56.33547419312862,12.6,0.0,0.0,0.0
174.6109874097983,56.42042747205516,12.6,0.0,0.0,0.0
174.77763868773079,56.50515838701068,12.6,0.0,0.0,0.0
174.94503547886444,56.58966522510872,12.599999999999998,0.0,0.0,0.0
175.11318152741595,56.67394626071285,12.6,0.0,0.0,0.0
175.28208057392743,56.75799975539117,12.599999999999998,0.0,0.0,0.0
175.451736354599,56.84182395787217,12.599999999999998,0.0,0.0,0.0
175.62215260060555,56.92541710400231,12.599999999999998,0.0,0.0,0.0
175.79333303739688,57.0087774167051,12.599999999999994,0.0,0.0,0.0
175.96528138398207,57.091903105941995,12.599999999999994,0.0,0.0,0.0
176.13800135219694,57.174792368674964,12.599999999999994,0.0,0.0,0.0
176.31149664595455,57.257443388830886,12.599999999999994,0.0,0.0,0.0
176.48577096047904,57.33985433726783,12.599999999999993,0.0,0.0,0.0
176.66082798152203,57.42202337174332,12.599999999999994,0.0,0.0,0.0
176.83667138456164,57.503948636884495,12.599999999999993,0.0,0.0,0.0
177.0133048339839,57.58562826416048,12.59999999999999,0.0,0.0,0.0
177.19073198224638,57.66706037185678,12.599999999999993,0.0,0.0,0.0
177.36895646902386,57.74824306505198,12.59999999999999,0.0,0.0,0.0
177.5479819203355,57.82917443559661,12.599999999999993,0.0,0.0,0.0
177.7278119476542,57.90985256209451,12.599999999999993,0.0,0.0,0.0
177.90845014699673,57.99027550988645,12.599999999999993,0.0,0.0,0.0
178.0899000979957,58.07044133103645,12.59999999999999,0.0,0.0,0.0
178.27216536295228,58.15034806432037,12.59999999999999,0.0,0.0,0.0
178.45524948586993,58.229993735217555,12.599999999999993,0.0,0.0,0.0
178.63915599146904,58.30937635590481,12.599999999999993,0.0,0.0,0.0
178.823888384182,58.38849392525341,12.599999999999993,0.0,0.0,0.0
179.00945014712875,58.467344428828945,12.599999999999993,0.0,0.0,0.0
179.19584474107285,58.54592583889407,12.599999999999993,0.0,0.0,0.0
179.3830756033576,58.62423611441444,12.599999999999994,0.0,0.0,0.0
179.5711461468223,58.702273201067534,12.599999999999993,0.0,0.0,0.0
179.76005975869825,58.78003503125493,12.599999999999994,0.0,0.0,0.0
179.94981979948503,58.85751952411777,12.599999999999994,0.0,0.0,0.0
180.14042960180632,58.9347245855556,12.599999999999996,0.0,0.0,0.0
180.3318924692451,59.01164810824867,12.599999999999994,0.0,0.0,0.0
180.524211675159,59.088287971683876,12.599999999999998,0.0,0.0,0.0
180.71739046147468,59.16464204218421,12.599999999999994,0.0,0.0,0.0
180.911432037462,59.24070817294212,12.599999999999998,0.0,0.0,0.0
181.10633957848745,59.31648420405648,12.599999999999998,0.0,0.0,0.0
181.30211622474695,59.39196796257373,12.599999999999998,0.0,0.0,0.0
181.49876507997817,59.4671572625328,12.6,0.0,0.0,0.0
181.69628921015183,59.5420499050143,12.6,0.0,0.0,0.0
181.8946916421431,59.616643678193746,12.600000000000001,0.0,0.0,0.0
182.09397536238137,59.6909363573993,12.6,0.0,0.0,0.0
182.29414331548037,59.764925705173724,12.6,0.0,0.0,0.0
182.49519840284714,59.838609471340824,12.599999999999998,0.0,0.0,0.0
182.6971434812708,59.911985393076584,12.6,0.0,0.0,0.0
182.89998136149086,59.98505119498492,12.600000000000001,0.0,0.0,0.0
183.1037148067452,60.05780458917813,12.6,0.0,0.0,0.0
183.30834653129796,60.1302432753624,12.600000000000001,0.0,0.0,0.0
183.51387919894736,60.20236494092813,12.600000000000001,0.0,0.0,0.0
183.72031542151348,60.27416726104533,12.600000000000001,0.0,0.0,0.0
183.92765775730655,60.34564789876435,12.600000000000001,0.0,0.0,0.0
184.13590870957552,60.41680450512164,12.600000000000001,0.0,0.0,0.0
184.34507072493741,60.48763471925113,12.600000000000001,0.0,0.0,0.0
184.55514619178763,60.55813616850087,12.6,0.0,0.0,0.0
184.76613743869115,60.62830646855532,12.6,0.0,0.0,0.0
184.9780467327556,60.69814322356333,12.600000000000001,0.0,0.0,0.0
185.19087627798564,60.767644026271846,12.599999999999998,0.0,0.0,0.0
185.4046282136198,60.83680645816554,12.599999999999998,0.0,0.0,0.0
185.61930461244935,60.90562808961219,12.599999999999996,0.0,0.0,0.0
185.83490747912032,60.974106480014505,12.599999999999994,0.0,0.0,0.0
186.05143874841835,61.04223917796767,12.599999999999996,0.0,0.0,0.0
186.2689002835374,61.11002372142342,12.599999999999994,0.0,0.0,0.0
186.48729387433235,61.17745763786038,12.599999999999993,0.0,0.0,0.0
186.70662123555627,61.24453844446082,12.599999999999994,0.0,0.0,0.0
186.9268840050826,61.31126364829401,12.599999999999993,0.0,0.0,0.0
187.14808374211285,61.37763074650601,12.59999999999999,0.0,0.0,0.0
187.37022192537057,61.44363722651643,12.59999999999999,0.0,0.0,0.0
187.59329995128203,61.50928056622182,12.599999999999993,0.0,0.0,0.0
187.8173191321439,61.574558234205924,12.59999999999999,0.0,0.0,0.0
188.04228069427933,61.63946768995708,12.599999999999989,0.0,0.0,0.0
188.26818577618255,61.70400638409244,12.59999999999999,0.0,0.0,0.0
188.4950354266526,61.768171758589524,12.59999999999999,0.0,0.0,0.0
188.72283060291747,61.83196124702488,12.59999999999999,0.0,0.0,0.0
188.95157216874895,61.89537227482001,12.59999999999999,0.0,0.0,0.0
189.18126089256927,61.95840225949485,12.599999999999989,0.0,0.0,0.0
189.4118974455501,62.02104861092838,12.599999999999987,0.0,0.0,0.0
189.6434823997052,62.08330873162702,12.599999999999985,0.0,0.0,0.0
189.87601622597694,62.14518001700047,12.599999999999985,0.0,0.0,0.0
190.10949929231865,62.20665985564516,12.599999999999985,0.0,0.0,0.0
190.34393186177266,62.26774562963546,12.599999999999982,0.0,0.0,0.0
190.57931409054575,62.328434714822635,12.599999999999984,0.0,0.0,0.0
190.81564602608287,62.388724481141516,12.599999999999984,0.0,0.0,0.0
191.05292760514027,62.4486122929252,12.59999999999998,0.0,0.0,0.0
191.2911586518586,62.5080955092274,12.599999999999977,0.0,0.0,0.0
191.5303388758384,62.56717148415297,12.599999999999977,0.0,0.0,0.0
191.7704678702174,62.62583756719626,12.599999999999977,0.0,0.0,0.0
192.0115451097526,62.68409110358751,12.599999999999977,0.0,0.0,0.0
192.25356994890697,62.74192943464733,12.59999999999998,0.0,0.0,0.0
192.4965416199429,62.799349898149146,12.599999999999985,0.0,0.0,0.0
192.7404592310233,62.856349828689794,12.599999999999989,0.0,0.0,0.0
192.98532176432204,62.912926558068136,12.599999999999994,0.0,0.0,0.0
