galstreams/tracks/track.st.Jet.ferguson2022.ecsv
# %ECSV 1.0
# ---
# datatype:
# - {name: ra, unit: deg, datatype: float64}
# - {name: dec, unit: deg, datatype: float64}
# - {name: distance, unit: kpc, datatype: float64}
# - {name: pm_ra_cosdec, unit: mas / yr, datatype: float64}
# - {name: pm_dec, unit: mas / yr, datatype: float64}
# - {name: radial_velocity, unit: km / s, datatype: float64}
# delimiter: ','
# meta: !!omap
# - __serialized_columns__:
#     dec:
#       __class__: astropy.coordinates.angles.Latitude
#       unit: &id001 !astropy.units.Unit {unit: deg}
#       value: !astropy.table.SerializedColumn {name: dec}
#     distance:
#       __class__: astropy.coordinates.distances.Distance
#       unit: !astropy.units.Unit {unit: kpc}
#       value: !astropy.table.SerializedColumn {name: distance}
#     pm_dec:
#       __class__: astropy.units.quantity.Quantity
#       unit: !astropy.units.Unit {unit: mas / yr}
#       value: !astropy.table.SerializedColumn {name: pm_dec}
#     pm_ra_cosdec:
#       __class__: astropy.units.quantity.Quantity
#       unit: !astropy.units.Unit {unit: mas / yr}
#       value: !astropy.table.SerializedColumn {name: pm_ra_cosdec}
#     ra:
#       __class__: astropy.coordinates.angles.Longitude
#       unit: *id001
#       value: !astropy.table.SerializedColumn {name: ra}
#       wrap_angle: !astropy.coordinates.Angle
#         unit: *id001
#         value: 360.0
#     radial_velocity:
#       __class__: astropy.units.quantity.Quantity
#       unit: !astropy.units.Unit {unit: km / s}
#       value: !astropy.table.SerializedColumn {name: radial_velocity}
# schema: astropy-2.0
ra,dec,distance,pm_ra_cosdec,pm_dec,radial_velocity
[from data line 1520]
138.64242773359237,-21.77054206334824,30.70379553724829,-0.6113059060306809,-1.4711868980783416,2.5262301389617013e-14
138.64897024154826,-21.762594234593877,30.701030454753493,-0.6115841696154888,-1.4714445104482672,8.420767129872338e-15
138.6555128864727,-21.754646772828544,30.698265042840696,-0.6118625350449285,-1.4717020584324192,1.6841534259744676e-14
138.66205566817302,-21.74669967773026,30.69549930351716,-0.6121410024740099,-1.4719595420157572,-4.210383564936169e-14
138.66859858645643,-21.738752948977176,30.69273323879011,-0.6124195720577383,-1.4722169611832534,-8.420767129872338e-15
138.67514164113018,-21.730806586247528,30.689966850666774,-0.6126982439511194,-1.4724743159198932,2.5262301389617013e-14
138.6816848320015,-21.722860589219632,30.687200141154396,-0.6129770183091536,-1.4727316062106692,-8.420767129872338e-15
138.6882281588777,-21.714914957571974,30.684433112260212,-0.6132558952868399,-1.472988832040588,0.0
138.6947716215659,-21.706969690983083,30.681665765991443,-0.6135348750391751,-1.4732459933946676,-8.420767129872338e-15
138.70131521987338,-21.699024789131617,30.678898104355337,-0.6138139577211521,-1.4735030902579362,8.420767129872338e-15
138.70785895360729,-21.691080251696327,30.67613012935912,-0.614093143487762,-1.4737601226154333,3.368306851948935e-14
138.71440282257487,-21.683136078356082,30.673361843010035,-0.6143724324939932,-1.4740170904522105,3.368306851948935e-14
138.72094682658332,-21.675192268789846,30.67059324731532,-0.6146518248948303,-1.4742739937533291,2.5262301389617013e-14
138.72749096543976,-21.66724882267669,30.667824344282195,-0.6149313208452564,-1.4745308325038626,1.6841534259744676e-14
138.7340352389514,-21.659305739695785,30.66505513591791,-0.615210920500252,-1.4747876066888956,2.5262301389617013e-14
138.7405796469254,-21.651363019526407,30.662285624229686,-0.6154906240147938,-1.4750443162935238,-8.420767129872338e-15
138.74712418916891,-21.643420661847948,30.659515811224768,-0.615770431543857,-1.4753009613028534,3.368306851948935e-14
138.75366886548906,-21.63547866633987,30.656745698910385,-0.6160503432424128,-1.4755575417020024,1.6841534259744676e-14
138.760213675693,-21.627537032681783,30.653975289293776,-0.6163303592654306,-1.4758140574760992,1.6841534259744676e-14
138.76675861958782,-21.619595760553374,30.651204584382167,-0.6166104797678768,-1.476070508610284,0.0
138.77330369698066,-21.61165484963443,30.64843358618281,-0.6168907049047145,-1.4763268950897068,5.894536990910637e-14
138.77984890767868,-21.60371429960485,30.64566229670292,-0.6171710348309044,-1.47658321689953,-1.6841534259744676e-14
138.7863942514889,-21.59577411014465,30.642890717949747,-0.6174514697014046,-1.4768394740249255,8.420767129872338e-15
138.79293972821847,-21.58783428093392,30.64011885193052,-0.6177320096711703,-1.4770956664510786,1.6841534259744676e-14
138.7994853376744,-21.579894811652885,30.637346700652476,-0.6180126548951537,-1.477351794163182,-2.5262301389617013e-14
138.80603107966382,-21.571955701981846,30.634574266122847,-0.6182934055283046,-1.477607857146442,8.420767129872338e-15
138.8125769539938,-21.564016951601225,30.631801550348865,-0.6185742617255688,-1.477863855386075,-3.368306851948935e-14
138.81912296047136,-21.556078560191544,30.629028555337776,-0.6188552236418908,-1.4781197888673079,1.6841534259744676e-14
138.82566909890357,-21.54814052743342,30.626255283096796,-0.6191362914322114,-1.4783756575753795,0.0
138.83221536909747,-21.54020285300759,30.623481735633174,-0.6194174652514683,-1.4786314614955376,1.6841534259744676e-14
138.83876177086006,-21.53226553659487,30.620707914954142,-0.6196987452545969,-1.478887200613043,-1.6841534259744676e-14
138.8453083039984,-21.52432857787621,30.617933823066938,-0.6199801315965298,-1.4791428749131645,-3.368306851948935e-14
138.85185496831943,-21.516391976532635,30.615159461978788,-0.620261624432196,-1.479398484381185,0.0
138.85840176363024,-21.508455732245295,30.612384833696932,-0.620543223916522,-1.479654029002396,0.0
138.8649486897378,-21.500519844695425,30.60960994022861,-0.6208249302044309,-1.4799095087621004,-4.210383564936169e-14
138.87149574644903,-21.49258431356438,30.606834783581046,-0.6211067434508443,-1.4801649236456105,3.368306851948935e-14
138.87804293357098,-21.4846491385336,30.60405936576148,-0.6213886638106796,-1.4804202736382515,4.210383564936169e-14
138.88459025091058,-21.47671431928464,30.60128368877715,-0.621670691438851,-1.4806755587253568,8.420767129872338e-15
138.8911376982748,-21.46877985549917,30.598507754635285,-0.6219528264902705,-1.4809307788922732,8.420767129872338e-15
138.8976852754706,-21.46084574685894,30.59573156534313,-0.6222350691198473,-1.4811859341243556,-8.420767129872338e-15
138.90423298230488,-21.452911993045813,30.59295512290791,-0.6225174194824866,-1.481441024406971,8.420767129872338e-15
138.91078081858458,-21.44497859374175,30.590178429336856,-0.6227998777330921,-1.4816960497254965,8.420767129872338e-15
138.91732878411668,-21.437045548628827,30.587401486637212,-0.6230824440265624,-1.4819510100653197,2.5262301389617013e-14
138.92387687870803,-21.429112857389207,30.584624296816212,-0.6233651185177955,-1.4822059054118386,-1.6841534259744676e-14
138.93042510216557,-21.421180519705185,30.581846861881083,-0.6236479013616847,-1.4824607357504618,-8.420767129872338e-15
138.93697345429618,-21.41324853525913,30.579069183839074,-0.6239307927131206,-1.482715501066609,1.6841534259744676e-14
138.94352193490673,-21.40531690373351,30.576291264697403,-0.6242137927269917,-1.48297020134571,1.6841534259744676e-14
138.95007054380412,-21.397385624810916,30.57351310646332,-0.6244969015581816,-1.4832248365732037,1.6841534259744676e-14
138.95661928079522,-21.389454698174045,30.57073471114405,-0.6247801193615726,-1.4834794067345416,1.6841534259744676e-14
138.96316814568686,-21.381524123505674,30.567956080746832,-0.6250634462920435,-1.4837339118151842,0.0
138.96971713828594,-21.373593900488707,30.565177217278887,-0.625346882504469,-1.4839883518006032,0.0
138.97626625839928,-21.36566402880613,30.56239812274748,-0.6256304281537218,-1.4842427266762799,8.420767129872338e-15
138.98281550583368,-21.35773450814105,30.559618799159814,-0.6259140833946716,-1.4844970364277064,1.6841534259744676e-14
138.989364880396,-21.34980533817666,30.556839248523147,-0.6261978483821845,-1.4847512810403858,-1.6841534259744676e-14
138.99591438189304,-21.341876518596273,30.554059472844695,-0.626481723271123,-1.4850054604998295,2.5262301389617013e-14
139.00246401013166,-21.333948049083286,30.55127947413171,-0.6267657082163476,-1.4852595747915611,-1.6841534259744676e-14
139.00901376491854,-21.326019929321216,30.54849925439142,-0.6270498033727147,-1.485513623901113,3.368306851948935e-14
139.01556364606057,-21.31809215899367,30.54571881563105,-0.6273340088950785,-1.48576760781403,1.6841534259744676e-14
139.0221136533645,-21.31016473778437,30.542938159857847,-0.6276183249382885,-1.4860215265158645,-1.6841534259744676e-14
139.02866378663708,-21.30223766537712,30.54015728907905,-0.6279027516571931,-1.4862753799921808,-2.5262301389617013e-14
139.03521404568508,-21.29431094145586,30.537376205301886,-0.6281872892066358,-1.4865291682285529,-1.6841534259744676e-14
139.04176443031525,-21.286384565704594,30.53459491053358,-0.628471937741458,-1.4867828912105645,8.420767129872338e-15
139.04831494033436,-21.27845853780746,30.531813406781385,-0.628756697416497,-1.4870365489238107,-8.420767129872338e-15
139.05486557554914,-21.27053285744868,30.52903169605252,-0.6290415683865876,-1.4872901413538955,0.0
139.06141633576627,-21.262607524312575,30.526249780354238,-0.6293265508065609,-1.4875436684864327,-4.210383564936169e-14
139.0679672207925,-21.254682538083603,30.52346766169375,-0.6296116448312454,-1.487797130307048,8.420767129872338e-15
139.07451823043453,-21.246757898446283,30.520685342078313,-0.6298968506154655,-1.4880505268013753,8.420767129872338e-15
139.0810693644991,-21.238833605085244,30.51790282351515,-0.6301821683140434,-1.4883038579550596,8.420767129872338e-15
139.0876206227928,-21.230909657685245,30.51512010801149,-0.6304675980817971,-1.4885571237537552,8.420767129872338e-15
139.0941720051224,-21.22298605593112,30.5123371975746,-0.630753140073541,-1.4888103241831259,8.420767129872338e-15
139.10072351129455,-21.21506279950781,30.50955409421167,-0.6310387944440881,-1.489063459228848,-3.368306851948935e-14
139.10727514111588,-21.207139888100365,30.506770799929956,-0.6313245613482464,-1.4893165288766055,8.420767129872338e-15
139.11382689439307,-21.199217321393935,30.50398731673671,-0.6316104409408206,-1.4895695331120913,-5.0524602779234026e-14
139.12037877093277,-21.191295099073777,30.501203646639127,-0.631896433376614,-1.4898224719210122,-3.368306851948935e-14
139.1269307705416,-21.18337322082524,30.498419791644483,-0.6321825388104237,-1.49007534528908,-2.5262301389617013e-14
139.13348289302618,-21.175451686333776,30.495635753759977,-0.632468757397046,-1.4903281532020212,-8.420767129872338e-15
139.14003513819316,-21.16753049528495,30.492851534992877,-0.6327550892912721,-1.490580895645567,0.0
139.14658750584908,-21.159609647364423,30.49006713735039,-0.6330415346478914,-1.490833572605463,-3.368306851948935e-14
139.15313999580061,-21.151689142257954,30.48728256283977,-0.6333280936216882,-1.4910861840674625,-8.420767129872338e-15
139.15969260785434,-21.14376897965141,30.484497813468238,-0.633614766367445,-1.4913387300173286,-8.420767129872338e-15
139.1662453418168,-21.13584915923076,30.48171289124304,-0.6339015530399398,-1.4915912104408342,0.0
139.17279819749456,-21.127929680682062,30.4789277981714,-0.6341884537939484,-1.4918436253237617,8.420767129872338e-15
139.17935117469423,-21.1200105436915,30.476142536260564,-0.6344754687842419,-1.4920959746519047,-2.5262301389617013e-14
139.18590427322232,-21.112091747945342,30.47335710751776,-0.6347625981655889,-1.4923482584110643,-1.6841534259744676e-14
139.1924574928854,-21.104173293129964,30.470571513950226,-0.6350498420927542,-1.492600476587052,-8.420767129872338e-15
139.19901083349004,-21.096255178931845,30.46778575756519,-0.6353372007204994,-1.4928526291656912,-8.420767129872338e-15
139.20556429484267,-21.088337405037553,30.46499984036989,-0.6356246742035823,-1.4931047161328115,0.0
139.2121178767499,-21.080419971133786,30.462213764371565,-0.635912262696757,-1.4933567374742536,2.5262301389617013e-14
139.21867157901818,-21.07250287690731,30.45942753157745,-0.6361999663547757,-1.4936086931758683,-2.5262301389617013e-14
139.22522540145403,-21.064586122045025,30.456641143994773,-0.6364877853323857,-1.4938605832235154,8.420767129872338e-15
139.23177934386393,-21.0566697062339,30.453854603630774,-0.6367757197843309,-1.4941124076030639,-8.420767129872338e-15
139.23833340605438,-21.04875362916104,30.451067912492693,-0.6370637698653516,-1.4943641663003921,3.368306851948935e-14
139.24488758783184,-21.040837890513625,30.44828107258775,-0.637351935730186,-1.4946158593013905,3.368306851948935e-14
139.25144188900282,-21.03292248997895,30.445494085923198,-0.6376402175335671,-1.4948674865919547,-3.368306851948935e-14
139.25799630937365,-21.025007427244407,30.44270695450625,-0.6379286154302256,-1.495119048157994,2.5262301389617013e-14
139.2645508487509,-21.017092701997495,30.439919680344154,-0.6382171295748877,-1.4953705439854237,0.0
139.27110550694096,-21.0091783139258,30.437132265444145,-0.6385057601222766,-1.495621974060171,0.0
139.27766028375024,-21.001264262717033,30.43434471181346,-0.6387945072271118,-1.4958733383681702,0.0
139.28421517898516,-20.993350548058988,30.431557021459327,-0.6390833710441097,-1.496124636895367,-2.5262301389617013e-14
139.29077019245213,-20.985437169639564,30.428769196388988,-0.639372351727983,-1.4963758696277156,0.0
139.2973253239576,-20.977524127146765,30.425981238609673,-0.6396614494334394,-1.49662703655118,-5.0524602779234026e-14
139.30388057330788,-20.969611420268702,30.423193150128615,-0.6399506643151854,-1.4968781376517328,-8.420767129872338e-15
139.3104359403094,-20.961699048693575,30.42040493295305,-0.6402399965279226,-1.497129172915356,0.0
139.31699142476853,-20.95378701210969,30.417616589090212,-0.6405294462263487,-1.497380142328041,-1.6841534259744676e-14
139.32354702649158,-20.945875310205462,30.41482812054734,-0.6408190135651581,-1.4976310458757889,-1.6841534259744676e-14
139.330102745285,-20.93796394266939,30.412039529331675,-0.6411086986990421,-1.4978818835446095,-4.210383564936169e-14
139.33665858095503,-20.9300529091901,30.409250817450435,-0.6413985017826875,-1.4981326553205212,-3.368306851948935e-14
139.34321453330807,-20.9221422094563,30.40646198691087,-0.6416884229707788,-1.4983833611895534,-3.368306851948935e-14
139.34977060215041,-20.9142318431568,30.403673039720196,-0.6419784624179953,-1.498634001137743,2.5262301389617013e-14
139.35632678728842,-20.90632180998051,30.40088397788567,-0.6422686202790132,-1.4988845751511368,-2.5262301389617013e-14
139.36288308852835,-20.898412109616462,30.39809480341451,-0.6425588967085054,-1.4991350832157895,-2.5262301389617013e-14
139.36943950567652,-20.890502741753764,30.395305518313965,-0.6428492918611411,-1.4993855253177673,2.5262301389617013e-14
139.37599603853923,-20.882593706081643,30.39251612459125,-0.643139805891585,-1.4996359014431433,-3.368306851948935e-14
139.38255268692276,-20.874685002289414,30.38972662425362,-0.643430438954499,-1.4998862115780005,0.0
139.38910945063336,-20.8667766300665,30.386937019308302,-0.6437211912045411,-1.5001364557084302,8.420767129872338e-15
139.39566632947728,-20.85886858910242,30.384147311762526,-0.6440120627963654,-1.500386633820535,8.420767129872338e-15
139.4022233232608,-20.8509608790868,30.381357503623537,-0.644303053884622,-1.5006367459004226,8.420767129872338e-15
139.40878043179018,-20.843053499709356,30.37856759689857,-0.6445941646239576,-1.500886791934213,8.420767129872338e-15
139.41533765487162,-20.835146450659934,30.375777593594844,-0.6448853951690159,-1.5011367719080344,0.0
139.42189499231137,-20.827239731628453,30.3729874957196,-0.6451767456744352,-1.501386685808023,8.420767129872338e-15
139.42845244391563,-20.81933334230493,30.370197305280083,-0.6454682162948513,-1.5016365336203248,-8.420767129872338e-15
139.43501000949058,-20.811427282379498,30.36740702428352,-0.6457598071848961,-1.5018863153310937,-8.420767129872338e-15
139.4415676888425,-20.8035215515424,30.364616654737148,-0.6460515184991966,-1.5021360309264928,-8.420767129872338e-15
139.44812548177745,-20.79561614948395,30.361826198648195,-0.6463433503923779,-1.5023856803926952,8.420767129872338e-15
139.45468338810176,-20.787711075894588,30.359035658023913,-0.6466353030190592,-1.502635263715881,-8.420767129872338e-15
139.4612414076215,-20.779806330464847,30.356245034871517,-0.646927376533858,-1.5028847808822408,-1.6841534259744676e-14
139.46779954014283,-20.771901912885355,30.35345433119825,-0.6472195710913862,-1.5031342318779728,-8.420767129872338e-15
139.47435778547194,-20.76399782284685,30.350663549011344,-0.647511886846253,-1.5033836166892844,1.6841534259744676e-14
139.480916143415,-20.75609406004017,30.347872690318045,-0.647804323953063,-1.5036329353023907,0.0
139.48747461377806,-20.748190624156233,30.34508175712558,-0.6480968825664172,-1.5038821877035173,0.0
139.4940331963673,-20.740287514886095,30.342290751441176,-0.6483895628409132,-1.5041313738788977,1.6841534259744676e-14
139.5005918909888,-20.732384731920888,30.339499675272073,-0.6486823649311446,-1.5043804938147738,1.6841534259744676e-14
139.5071506974487,-20.724482274951843,30.33670853062552,-0.6489752889917002,-1.5046295474973954,1.6841534259744676e-14
139.5137096155531,-20.716580143670303,30.333917319508725,-0.6492683351771658,-1.504878534913023,3.368306851948935e-14
139.52026864510805,-20.708678337767697,30.331126043928947,-0.6495615036421232,-1.5051274560479238,-8.420767129872338e-15
139.52682778591964,-20.70077685693558,30.328334705893408,-0.6498547945411502,-1.5053763108883746,3.368306851948935e-14
