galstreams/tracks/track.st.NGC5466.grillmair2006.ecsv
# %ECSV 1.0
# ---
# datatype:
# - {name: ra, unit: deg, datatype: float64}
# - {name: dec, unit: deg, datatype: float64}
# - {name: distance, unit: kpc, datatype: float64}
# - {name: pm_ra_cosdec, unit: mas / yr, datatype: float64}
# - {name: pm_dec, unit: mas / yr, datatype: float64}
# - {name: radial_velocity, unit: km / s, datatype: float64}
# delimiter: ','
# meta: !!omap
# - __serialized_columns__:
#     dec:
#       __class__: astropy.coordinates.angles.Latitude
#       unit: &id001 !astropy.units.Unit {unit: deg}
#       value: !astropy.table.SerializedColumn {name: dec}
#     distance:
#       __class__: astropy.coordinates.distances.Distance
#       unit: !astropy.units.Unit {unit: kpc}
#       value: !astropy.table.SerializedColumn {name: distance}
#     pm_dec:
#       __class__: astropy.units.quantity.Quantity
#       unit: !astropy.units.Unit {unit: mas / yr}
#       value: !astropy.table.SerializedColumn {name: pm_dec}
#     pm_ra_cosdec:
#       __class__: astropy.units.quantity.Quantity
#       unit: !astropy.units.Unit {unit: mas / yr}
#       value: !astropy.table.SerializedColumn {name: pm_ra_cosdec}
#     ra:
#       __class__: astropy.coordinates.angles.Longitude
#       unit: *id001
#       value: !astropy.table.SerializedColumn {name: ra}
#       wrap_angle: !astropy.coordinates.Angle
#         unit: *id001
#         value: 360.0
#     radial_velocity:
#       __class__: astropy.units.quantity.Quantity
#       unit: !astropy.units.Unit {unit: km / s}
#       value: !astropy.table.SerializedColumn {name: radial_velocity}
# schema: astropy-2.0
ra,dec,distance,pm_ra_cosdec,pm_dec,radial_velocity
[from data line 2361]
205.39065712427245,31.69158814560706,16.59999999999999,0.0,0.0,0.0
205.38047215666103,31.696579882840904,16.59999999999999,0.0,0.0,0.0
205.37028610388782,31.701570826477305,16.599999999999987,0.0,0.0,0.0
205.36009896538764,31.706560975670087,16.59999999999999,0.0,0.0,0.0
205.34991074059621,31.711550329573708,16.59999999999999,0.0,0.0,0.0
205.33972142895004,31.71653888734319,16.59999999999999,0.0,0.0,0.0
205.3295310298864,31.721526648134198,16.599999999999987,0.0,0.0,0.0
205.31933954284338,31.726513611102995,16.59999999999999,0.0,0.0,0.0
205.3091469672599,31.731499775406416,16.599999999999987,0.0,0.0,0.0
205.29895330257565,31.736485140201935,16.59999999999999,0.0,0.0,0.0
205.28875854823116,31.741469704647614,16.59999999999999,0.0,0.0,0.0
205.2785627036677,31.746453467902118,16.599999999999987,0.0,0.0,0.0
205.26836576832744,31.75143642912472,16.599999999999987,0.0,0.0,0.0
205.25816774165324,31.756418587475288,16.59999999999999,0.0,0.0,0.0
205.24796862308892,31.76139994211431,16.599999999999987,0.0,0.0,0.0
205.23776841207894,31.76638049220285,16.59999999999999,0.0,0.0,0.0
205.22756710806863,31.771360236902595,16.59999999999999,0.0,0.0,0.0
205.2173647105041,31.776339175375828,16.59999999999999,0.0,0.0,0.0
205.2071612188324,31.78131730678542,16.59999999999999,0.0,0.0,0.0
205.19695663250116,31.78629463029487,16.59999999999999,0.0,0.0,0.0
205.1867509509589,31.791271145068254,16.59999999999999,0.0,0.0,0.0
205.17654417365503,31.79624685027026,16.59999999999999,0.0,0.0,0.0
205.16633630003966,31.801221745066194,16.599999999999994,0.0,0.0,0.0
205.15612732956376,31.806195828621934,16.59999999999999,0.0,0.0,0.0
205.14591726167907,31.811169100103967,16.59999999999999,0.0,0.0,0.0
205.1357060958381,31.816141558679373,16.599999999999987,0.0,0.0,0.0
205.12549383149423,31.821113203515875,16.599999999999987,0.0,0.0,0.0
205.11528046810156,31.826084033781726,16.599999999999994,0.0,0.0,0.0
205.10506600511513,31.831054048645846,16.59999999999999,0.0,0.0,0.0
205.09485044199062,31.836023247277705,16.59999999999999,0.0,0.0,0.0
205.08463377818458,31.840991628847398,16.59999999999999,0.0,0.0,0.0
205.07441601315438,31.845959192525626,16.59999999999999,0.0,0.0,0.0
205.06419714635817,31.850925937483666,16.59999999999999,0.0,0.0,0.0
205.05397717725486,31.8558918628934,16.599999999999987,0.0,0.0,0.0
205.04375610530425,31.860856967927333,16.59999999999999,0.0,0.0,0.0
205.0335339299669,31.86582125175853,16.59999999999999,0.0,0.0,0.0
205.02331065070405,31.870784713560685,16.599999999999994,0.0,0.0,0.0
205.01308626697792,31.875747352508068,16.599999999999994,0.0,0.0,0.0
205.00286077825146,31.880709167775564,16.599999999999987,0.0,0.0,0.0
204.99263418398837,31.885670158538666,16.599999999999994,0.0,0.0,0.0
204.98240648365325,31.89063032397341,16.599999999999994,0.0,0.0,0.0
204.97217767671137,31.8955896632565,16.599999999999994,0.0,0.0,0.0
204.9619477626289,31.900548175565206,16.599999999999987,0.0,0.0,0.0
204.95171674087277,31.905505860077373,16.599999999999994,0.0,0.0,0.0
204.9414846109107,31.910462715971466,16.599999999999987,0.0,0.0,0.0
204.93125137221122,31.915418742426574,16.599999999999994,0.0,0.0,0.0
204.92101702424367,31.92037393862231,16.599999999999987,0.0,0.0,0.0
204.91078156647814,31.92532830373895,16.599999999999994,0.0,0.0,0.0
204.90054499838558,31.93028183695735,16.59999999999999,0.0,0.0,0.0
204.89030731943765,31.93523453745893,16.59999999999999,0.0,0.0,0.0
204.88006852910692,31.94018640442575,16.59999999999999,0.0,0.0,0.0
204.86982862686668,31.94513743704043,16.59999999999999,0.0,0.0,0.0
204.85958761219104,31.950087634486216,16.59999999999999,0.0,0.0,0.0
204.84934548455485,31.955036995946934,16.599999999999987,0.0,0.0,0.0
204.83910224343384,31.95998552060699,16.59999999999999,0.0,0.0,0.0
204.82885788830453,31.964933207651402,16.59999999999999,0.0,0.0,0.0
204.8186124186441,31.969880056265787,16.59999999999999,0.0,0.0,0.0
204.80836583393076,31.97482606563635,16.59999999999999,0.0,0.0,0.0
204.7981181336433,31.979771234949897,16.599999999999987,0.0,0.0,0.0
204.7878693172614,31.984715563393795,16.59999999999999,0.0,0.0,0.0
204.77761938426553,31.98965905015605,16.59999999999999,0.0,0.0,0.0
204.76736833413696,31.99460169442524,16.59999999999999,0.0,0.0,0.0
204.7571161663577,31.99954349539054,16.59999999999999,0.0,0.0,0.0
204.74686288041065,32.00448445224171,16.59999999999999,0.0,0.0,0.0
204.73660847577935,32.00942456416913,16.59999999999999,0.0,0.0,0.0
204.72635295194834,32.01436383036371,16.59999999999999,0.0,0.0,0.0
204.71609630840283,32.01930225001704,16.59999999999999,0.0,0.0,0.0
204.70583854462876,32.024239822321235,16.59999999999999,0.0,0.0,0.0
204.695579660113,32.02917654646904,16.599999999999994,0.0,0.0,0.0
204.68531965434312,32.03411242165376,16.59999999999999,0.0,0.0,0.0
204.6750585268076,32.039047447069315,16.59999999999999,0.0,0.0,0.0
204.66479627699547,32.04398162191023,16.59999999999999,0.0,0.0,0.0
204.65453290439686,32.04891494537157,16.59999999999999,0.0,0.0,0.0
204.64426840850246,32.05384741664905,16.59999999999999,0.0,0.0,0.0
204.63400278880383,32.05877903493894,16.59999999999999,0.0,0.0,0.0
204.62373604479336,32.06370979943812,16.599999999999987,0.0,0.0,0.0
204.61346817596421,32.06863970934404,16.59999999999999,0.0,0.0,0.0
204.60319918181025,32.07356876385475,16.59999999999999,0.0,0.0,0.0
204.59292906182625,32.07849696216891,16.599999999999987,0.0,0.0,0.0
204.5826578155077,32.08342430348575,16.59999999999999,0.0,0.0,0.0
204.57238544235094,32.088350787005076,16.59999999999999,0.0,0.0,0.0
204.5621119418531,32.09327641192733,16.599999999999994,0.0,0.0,0.0
204.55183731351195,32.09820117745348,16.59999999999999,0.0,0.0,0.0
204.54156155682628,32.10312508278516,16.599999999999987,0.0,0.0,0.0
204.5312846712955,32.10804812712451,16.599999999999994,0.0,0.0,0.0
204.5210066564199,32.112970309674324,16.599999999999994,0.0,0.0,0.0
204.5107275117005,32.11789162963797,16.599999999999994,0.0,0.0,0.0
204.5004472366392,32.12281208621937,16.59999999999999,0.0,0.0,0.0
204.4901658307385,32.127731678623086,16.59999999999999,0.0,0.0,0.0
204.47988329350193,32.132650406054225,16.599999999999994,0.0,0.0,0.0
204.46959962443364,32.13756826771852,16.599999999999994,0.0,0.0,0.0
204.45931482303862,32.14248526282226,16.599999999999987,0.0,0.0,0.0
204.44902888882268,32.14740139057235,16.599999999999994,0.0,0.0,0.0
204.43874182129235,32.15231665017623,16.59999999999999,0.0,0.0,0.0
204.42845361995498,32.157231040842014,16.59999999999999,0.0,0.0,0.0
204.41816428431878,32.16214456177832,16.599999999999994,0.0,0.0,0.0
204.40787381389256,32.16705721219439,16.599999999999987,0.0,0.0,0.0
204.39758220818615,32.17196899130007,16.59999999999999,0.0,0.0,0.0
204.38728946671,32.17687989830575,16.59999999999999,0.0,0.0,0.0
204.37699558897538,32.18178993242244,16.59999999999999,0.0,0.0,0.0
204.36670057449442,32.18669909286173,16.59999999999999,0.0,0.0,0.0
204.35640442277995,32.191607378835776,16.599999999999987,0.0,0.0,0.0
204.3461071333456,32.196514789557355,16.599999999999994,0.0,0.0,0.0
204.33580870570586,32.20142132423979,16.599999999999987,0.0,0.0,0.0
204.32550913937592,32.20632698209702,16.59999999999999,0.0,0.0,0.0
204.3152084338718,32.21123176234355,16.59999999999999,0.0,0.0,0.0
204.30490658871022,32.2161356641945,16.59999999999999,0.0,0.0,0.0
204.29460360340886,32.22103868686554,16.59999999999999,0.0,0.0,0.0
204.28429947748603,32.22594082957295,16.599999999999994,0.0,0.0,0.0
204.2739942104609,32.23084209153357,16.59999999999999,0.0,0.0,0.0
204.26368780185337,32.23574247196483,16.599999999999987,0.0,0.0,0.0
204.25338025118418,32.240641970084766,16.59999999999999,0.0,0.0,0.0
204.24307155797482,32.24554058511198,16.59999999999999,0.0,0.0,0.0
204.23276172174758,32.25043831626568,16.599999999999994,0.0,0.0,0.0
204.22245074202553,32.255335162765626,16.599999999999994,0.0,0.0,0.0
204.2121386183325,32.26023112383217,16.599999999999987,0.0,0.0,0.0
204.20182535019316,32.265126198686254,16.599999999999987,0.0,0.0,0.0
204.19151093713293,32.270020386549405,16.59999999999999,0.0,0.0,0.0
204.18119537867796,32.27491368664373,16.599999999999994,0.0,0.0,0.0
204.17087867435527,32.279806098191926,16.599999999999987,0.0,0.0,0.0
204.1605608236926,32.28469762041725,16.59999999999999,0.0,0.0,0.0
204.15024182621858,32.28958825254356,16.59999999999999,0.0,0.0,0.0
204.13992168146245,32.2944779937953,16.59999999999999,0.0,0.0,0.0
204.12960038895437,32.29936684339748,16.599999999999994,0.0,0.0,0.0
204.11927794822526,32.30425480057572,16.59999999999999,0.0,0.0,0.0
204.1089543588067,32.309141864556175,16.59999999999999,0.0,0.0,0.0
204.09862962023126,32.31402803456563,16.599999999999987,0.0,0.0,0.0
204.08830373203213,32.3189133098314,16.59999999999999,0.0,0.0,0.0
204.07797669374335,32.32379768958145,16.599999999999994,0.0,0.0,0.0
204.06764850489967,32.32868117304426,16.599999999999994,0.0,0.0,0.0
204.05731916503674,32.33356375944893,16.59999999999999,0.0,0.0,0.0
204.04698867369086,32.33844544802511,16.59999999999999,0.0,0.0,0.0
204.03665703039925,32.34332623800307,16.599999999999987,0.0,0.0,0.0
204.02632423469979,32.348206128613626,16.599999999999987,0.0,0.0,0.0
204.0159902861312,32.353085119088185,16.599999999999994,0.0,0.0,0.0
204.00565518423292,32.357963208658745,16.59999999999999,0.0,0.0,0.0
203.9953189285453,32.362840396557864,16.59999999999999,0.0,0.0,0.0
203.98498151860926,32.367716682018695,16.59999999999999,0.0,0.0,0.0
203.97464295396674,32.37259206427495,16.59999999999999,0.0,0.0,0.0
203.96430323416027,32.37746654256093,16.59999999999999,0.0,0.0,0.0
203.9539623587333,32.38234011611156,16.59999999999999,0.0,0.0,0.0
203.9436203272299,32.38721278416225,16.59999999999999,0.0,0.0,0.0
203.93327713919504,32.39208454594908,16.599999999999994,0.0,0.0,0.0
203.92293279417444,32.39695540070866,16.59999999999999,0.0,0.0,0.0
203.91258729171463,32.40182534767817,16.59999999999999,0.0,0.0,0.0
203.90224063136284,32.40669438609539,16.599999999999987,0.0,0.0,0.0
203.89189281266712,32.41156251519869,16.599999999999987,0.0,0.0,0.0
203.8815438351763,32.41642973422699,16.59999999999999,0.0,0.0,0.0
203.87119369843998,32.42129604241978,16.599999999999987,0.0,0.0,0.0
203.86084240200856,32.42616143901718,16.59999999999999,0.0,0.0,0.0
203.85048994543317,32.43102592325981,16.599999999999994,0.0,0.0,0.0
203.84013632826574,32.43588949438894,16.59999999999999,0.0,0.0,0.0
203.82978155005904,32.44075215164637,16.599999999999987,0.0,0.0,0.0
203.81942561036647,32.445613894274494,16.59999999999999,0.0,0.0,0.0
203.80906850874234,32.45047472151628,16.599999999999987,0.0,0.0,0.0
203.79871024474167,32.455334632615276,16.59999999999999,0.0,0.0,0.0
203.78835081792033,32.46019362681559,16.599999999999994,0.0,0.0,0.0
203.77799022783483,32.46505170336193,16.59999999999999,0.0,0.0,0.0
203.76762847404257,32.46990886149956,16.59999999999999,0.0,0.0,0.0
203.7572655561017,32.47476510047431,16.59999999999999,0.0,0.0,0.0
203.74690147357109,32.47962041953262,16.599999999999987,0.0,0.0,0.0
203.7365362260105,32.48447481792149,16.59999999999999,0.0,0.0,0.0
203.7261698129803,32.489328294888466,16.59999999999999,0.0,0.0,0.0
203.7158022340418,32.4941808496817,16.59999999999999,0.0,0.0,0.0
203.705433488757,32.49903248154993,16.59999999999999,0.0,0.0,0.0
203.69506357668865,32.503883189742425,16.59999999999999,0.0,0.0,0.0
203.68469249740036,32.50873297350907,16.59999999999999,0.0,0.0,0.0
203.67432025045642,32.513581832100286,16.599999999999994,0.0,0.0,0.0
203.66394683542197,32.5184297647671,16.59999999999999,0.0,0.0,0.0
203.65357225186287,32.5232767707611,16.59999999999999,0.0,0.0,0.0
203.64319649934575,32.52812284933445,16.599999999999994,0.0,0.0,0.0
203.63281957743806,32.53296799973986,16.59999999999999,0.0,0.0,0.0
203.62244148570798,32.537812221230666,16.59999999999999,0.0,0.0,0.0
203.61206222372454,32.54265551306074,16.59999999999999,0.0,0.0,0.0
203.60168179105736,32.547497874484506,16.599999999999987,0.0,0.0,0.0
203.59130018727708,32.552339304757034,16.599999999999987,0.0,0.0,0.0
203.58091741195489,32.55717980313388,16.59999999999999,0.0,0.0,0.0
203.57053346466287,32.562019368871226,16.599999999999994,0.0,0.0,0.0
203.56014834497392,32.56685800122582,16.59999999999999,0.0,0.0,0.0
203.54976205246152,32.571695699454956,16.59999999999999,0.0,0.0,0.0
203.53937458670012,32.57653246281654,16.599999999999987,0.0,0.0,0.0
203.52898594726486,32.58136829056899,16.59999999999999,0.0,0.0,0.0
203.51859613373156,32.586203181971364,16.59999999999999,0.0,0.0,0.0
203.50820514567704,32.591037136283234,16.599999999999987,0.0,0.0,0.0
203.49781298267862,32.59587015276477,16.59999999999999,0.0,0.0,0.0
203.4874196443146,32.60070223067673,16.59999999999999,0.0,0.0,0.0
203.47702513016392,32.60553336928039,16.599999999999994,0.0,0.0,0.0
203.46662943980638,32.61036356783764,16.59999999999999,0.0,0.0,0.0
203.45623257282247,32.615192825610926,16.59999999999999,0.0,0.0,0.0
203.44583452879357,32.62002114186325,16.599999999999994,0.0,0.0,0.0
203.43543530730165,32.624848515858226,16.599999999999987,0.0,0.0,0.0
203.42503490792956,32.62967494685997,16.59999999999999,0.0,0.0,0.0
203.41463333026093,32.63450043413324,16.59999999999999,0.0,0.0,0.0
203.40423057388014,32.63932497694332,16.59999999999999,0.0,0.0,0.0
203.39382663837233,32.644148574556056,16.59999999999999,0.0,0.0,0.0
203.38342152332336,32.64897122623788,16.599999999999987,0.0,0.0,0.0
203.37301522831996,32.6537929312558,16.599999999999994,0.0,0.0,0.0
203.36260775294954,32.65861368887738,16.59999999999999,0.0,0.0,0.0
203.35219909680035,32.66343349837075,16.59999999999999,0.0,0.0,0.0
203.3417892594613,32.668252359004605,16.599999999999987,0.0,0.0,0.0
203.33137824052218,32.673070270048235,16.599999999999987,0.0,0.0,0.0
203.3209660395735,32.67788723077146,16.59999999999999,0.0,0.0,0.0
203.31055265620654,32.682703240444674,16.599999999999987,0.0,0.0,0.0
203.30013809001332,32.68751829833887,16.59999999999999,0.0,0.0,0.0
203.28972234058668,32.69233240372558,16.59999999999999,0.0,0.0,0.0
203.27930540752016,32.69714555587689,16.59999999999999,0.0,0.0,0.0
203.2688872904081,32.701957754065496,16.59999999999999,0.0,0.0,0.0
203.2584679888456,32.70676899756461,16.59999999999999,0.0,0.0,0.0
203.24804750242862,32.71157928564806,16.599999999999987,0.0,0.0,0.0
203.2376258307537,32.716388617590205,16.59999999999999,0.0,0.0,0.0
203.2272029734183,32.72119699266597,16.599999999999987,0.0,0.0,0.0
203.21677893002052,32.72600441015085,16.59999999999999,0.0,0.0,0.0
203.20635370015933,32.73081086932095,16.599999999999987,0.0,0.0,0.0
203.19592728343446,32.735616369452856,16.59999999999999,0.0,0.0,0.0
203.1854996794463,32.74042090982377,16.59999999999999,0.0,0.0,0.0
203.1750708877961,32.74522448971148,16.599999999999987,0.0,0.0,0.0
203.1646409080859,32.750027108394285,16.59999999999999,0.0,0.0,0.0
203.15420973991831,32.75482876515109,16.59999999999999,0.0,0.0,0.0
203.143777382897,32.75962945926133,16.59999999999999,0.0,0.0,0.0
203.13334383662618,32.764429190005046,16.599999999999994,0.0,0.0,0.0
203.12290910071084,32.769227956662796,16.599999999999994,0.0,0.0,0.0
203.1124731747569,32.77402575851574,16.59999999999999,0.0,0.0,0.0
203.10203605837077,32.77882259484558,16.59999999999999,0.0,0.0,0.0
203.09159775115992,32.78361846493459,16.59999999999999,0.0,0.0,0.0
203.08115825273237,32.788413368065605,16.59999999999999,0.0,0.0,0.0
203.07071756269693,32.793207303522024,16.59999999999999,0.0,0.0,0.0
203.0602756806633,32.7980002705878,16.59999999999999,0.0,0.0,0.0
203.0498326062418,32.80279226854746,16.59999999999999,0.0,0.0,0.0
203.03938833904357,32.8075832966861,16.59999999999999,0.0,0.0,0.0
203.0289428786805,32.81237335428936,16.59999999999999,0.0,0.0,0.0
203.01849622476524,32.81716244064343,16.59999999999999,0.0,0.0,0.0
203.00804837691123,32.821950555035116,16.59999999999999,0.0,0.0,0.0
202.99759933473266,32.82673769675171,16.599999999999994,0.0,0.0,0.0
202.98714909784442,32.831523865081145,16.59999999999999,0.0,0.0,0.0
202.97669766586225,32.83630905931186,16.599999999999987,0.0,0.0,0.0
202.96624503840255,32.84109327873286,16.59999999999999,0.0,0.0,0.0
202.9557912150826,32.845876522633745,16.59999999999999,0.0,0.0,0.0
