galstreams/tracks/track.st.Turranburra.shipp2019.ecsv
# %ECSV 0.9
# ---
# datatype:
# - {name: ra, unit: deg, datatype: float64}
# - {name: dec, unit: deg, datatype: float64}
# - {name: distance, unit: kpc, datatype: float64}
# - {name: pm_ra_cosdec, unit: mas / yr, datatype: float64}
# - {name: pm_dec, unit: mas / yr, datatype: float64}
# - {name: radial_velocity, unit: km / s, datatype: float64}
# delimiter: ','
# meta: !!omap
# - __serialized_columns__:
#     dec:
#       __class__: astropy.coordinates.angles.Latitude
#       unit: &id001 !astropy.units.Unit {unit: deg}
#       value: !astropy.table.SerializedColumn {name: dec}
#     distance:
#       __class__: astropy.coordinates.distances.Distance
#       unit: !astropy.units.Unit {unit: kpc}
#       value: !astropy.table.SerializedColumn {name: distance}
#     pm_dec:
#       __class__: astropy.units.quantity.Quantity
#       unit: !astropy.units.Unit {unit: mas / yr}
#       value: !astropy.table.SerializedColumn {name: pm_dec}
#     pm_ra_cosdec:
#       __class__: astropy.units.quantity.Quantity
#       unit: !astropy.units.Unit {unit: mas / yr}
#       value: !astropy.table.SerializedColumn {name: pm_ra_cosdec}
#     ra:
#       __class__: astropy.coordinates.angles.Longitude
#       unit: *id001
#       value: !astropy.table.SerializedColumn {name: ra}
#       wrap_angle: !astropy.coordinates.Angle
#         unit: *id001
#         value: 360.0
#     radial_velocity:
#       __class__: astropy.units.quantity.Quantity
#       unit: !astropy.units.Unit {unit: km / s}
#       value: !astropy.table.SerializedColumn {name: radial_velocity}
# schema: astropy-2.0
ra,dec,distance,pm_ra_cosdec,pm_dec,radial_velocity
59.70796985155115,-18.554701756041847,27.50000000000534,0.36193821734670234,-1.0881303810170015,4.293639689549217e-09
59.71762074809066,-18.55895744363644,27.500000000005336,0.36200384929318463,-1.0880181247249519,4.274844537315342e-09
59.72727115172501,-18.5632140984775,27.500000000005343,0.3620693975424757,-1.0879055689635986,4.256099909684246e-09
59.73692106272527,-18.5674717205267,27.500000000005343,0.3621348620410608,-1.0877927137459242,4.23735528205315e-09
59.74657048136279,-18.5717303097459,27.50000000000534,0.3622002427354059,-1.0876795590849224,4.218627495956314e-09
59.75621940790886,-18.575989866096876,27.50000000000534,0.36226553957195645,-1.0875661049936,4.199933392927998e-09
59.76586784263499,-18.5802503895416,27.500000000005343,0.36233075249713836,-1.0874523514849757,4.18128139373533e-09
59.77551578581262,-18.584511880041948,27.500000000005347,0.36239588145735785,-1.0873382985720819,4.162612553008403e-09
59.785163237713455,-18.588774337559958,27.500000000005347,0.3624609263990012,-1.087223946267962,4.144002657651386e-09
59.79481019860922,-18.593037762057698,27.50000000000535,0.3625258872684346,-1.0871092945856726,4.125401183061498e-09
59.80445666877164,-18.597302153497232,27.50000000000535,0.36259076401200424,-1.086994343538283,4.106833391540129e-09
59.814102648472726,-18.601567511840756,27.50000000000535,0.36265555657603726,-1.0868790931388737,4.08829086232015e-09
59.82374813798435,-18.60583383705043,27.500000000005354,0.3627202649068402,-1.0867635434005392,4.069773595401561e-09
59.83339313757868,-18.610101129088555,27.500000000005354,0.3627848889506999,-1.0866476943363856,4.051273170017231e-09
59.84303764752781,-18.614369387917392,27.500000000005357,0.3628494286538837,-1.0865315459595313,4.032823269235681e-09
59.852681668104026,-18.618638613499325,27.50000000000536,0.3629138839626392,-1.086415098283108,4.0143396853856115e-09
59.86232519957974,-18.62290880579681,27.50000000000536,0.3629782548231943,-1.08629835132026,3.99594030920684e-09
59.871968242227304,-18.627179964772225,27.50000000000536,0.36304254118175605,-1.0861813050841418,3.977540933028069e-09
59.88161079631933,-18.631452090388155,27.500000000005365,0.3631067429845134,-1.0860639595879233,3.959166819150687e-09
59.89125286212835,-18.635725182607104,27.500000000005365,0.36317086017763434,-1.0859463148447857,3.940801126040436e-09
59.900894439927164,-18.639999241391752,27.500000000005365,0.3632348927072673,-1.085828370867922,3.9224775367658335e-09
59.910535529988486,-18.644274266704684,27.50000000000537,0.3632988405195413,-1.085710127670538,3.904170789025492e-09
59.92017613258526,-18.64855025850868,27.50000000000537,0.3633627035605657,-1.0855915852658538,3.885906145120798e-09
59.929816247990516,-18.652827216766518,27.500000000005375,0.3634264817764299,-1.0854727436670992,3.867658342750365e-09
59.939455876477226,-18.657105141440958,27.50000000000538,0.3634901751132034,-1.0853536028875181,3.849444223448451e-09
59.949095018318665,-18.661384032494933,27.500000000005382,0.3635537835169369,-1.0852341629403668,3.831221683379407e-09
59.958733673787975,-18.665663889891302,27.500000000005382,0.3636173069336602,-1.085114423838914,3.813049667913143e-09
59.968371843158614,-18.6699447135931,27.500000000005386,0.36368074530938455,-1.0849943855964406,3.794902914748268e-09
59.978009526703914,-18.674226503563283,27.500000000005386,0.3637440985901004,-1.0848740482262405,3.776764582350523e-09
59.98764672469745,-18.678509259764954,27.500000000005386,0.3638073667217796,-1.0847534117416193,3.758659933021297e-09
59.9972834374129,-18.68279298216127,27.500000000005386,0.36387054965037424,-1.0846324761558965,3.740580545993461e-09
60.00691966512387,-18.68707767071534,27.50000000000539,0.36393364732181643,-1.084511241482403,3.7225180004998854e-09
60.016555408104246,-18.691363325390455,27.500000000005393,0.3639966596820183,-1.0843897077344822,3.7044975588419584e-09
60.02619066662784,-18.695649946149825,27.500000000005397,0.3640595866768725,-1.0842678749254913,3.6865108002525512e-09
60.0358254409687,-18.69993753295683,27.500000000005404,0.3641224282522536,-1.0841457430687975,3.668515620896014e-09
60.045459731400825,-18.7042260857748,27.500000000005404,0.3641851843540142,-1.0840233121777842,3.6505878076765157e-09
60.05509353819843,-18.708515604567168,27.50000000000541,0.3642478549279894,-1.0839005822658434,3.6326431529227577e-09
60.06472686163579,-18.71280608929745,27.50000000000541,0.3643104399199935,-1.0837775533463827,3.6147237604703894e-09
60.074359701987156,-18.717097539929128,27.50000000000541,0.36437293927582126,-1.0836542254328212,3.5968380510865406e-09
60.083992059527084,-18.72138995642582,27.50000000000541,0.36443535294124946,-1.0835305985385904,3.5789944455383413e-09
60.09362393452998,-18.7256833387511,27.500000000005414,0.3644976808620327,-1.0834066726771336,3.5611592607572716e-09
60.10325532727056,-18.7299776868687,27.50000000000542,0.36455992298390855,-1.0832824478619079,3.5433577590447214e-09
60.112886238023435,-18.73427300074229,27.50000000000542,0.36462207925259293,-1.0831579241063827,3.525581519633561e-09
60.12251666706344,-18.738569280335668,27.500000000005432,0.36468414961378365,-1.08303310142404,3.50781370098953e-09
60.13214661466551,-18.7428665256127,27.50000000000543,0.36474613401316003,-1.0829079798283738,3.490071144646889e-09
60.14177608110454,-18.747164736537204,27.500000000005436,0.3648080323963789,-1.0827825593328915,3.4723706921398977e-09
60.151405066655684,-18.75146391307316,27.50000000000544,0.3648698447090803,-1.0826568399511116,3.4546870811671655e-09
60.161033571594,-18.75576405518449,27.50000000000544,0.3649315708968834,-1.0825308216965681,3.437037153262953e-09
60.17066159619479,-18.76006516283524,27.500000000005446,0.3649932109053883,-1.082404504582804,3.419395646125871e-09
60.18028914073344,-18.764367235989518,27.500000000005446,0.3650547646801764,-1.0822778886233775,3.4017878220573077e-09
60.18991620548529,-18.7686702746114,27.50000000000545,0.3651162321668082,-1.0821509738318578,3.3842052602901342e-09
60.19954279072595,-18.77297427866511,27.50000000000545,0.3651776133108259,-1.0820237602218281,3.3666479608243506e-09
60.20916889673093,-18.777279248114812,27.500000000005457,0.3652389080577517,-1.0818962478068832,3.3490906613585665e-09
60.21879452377603,-18.781585182924854,27.50000000000546,0.36530011635308907,-1.0817684366006302,3.3316007280298217e-09
60.228419672136965,-18.785892083059483,27.500000000005464,0.3653612381423212,-1.0816403266166903,3.314110794701077e-09
60.238044342089644,-18.79019994848311,27.500000000005468,0.3654222733709127,-1.0815119178686963,3.296637702906592e-09
60.247668533910094,-18.79450877916019,27.50000000000547,0.3654832219843088,-1.0813832103702932,3.2792235564820157e-09
60.25729224787429,-18.798818575055126,27.500000000005475,0.36554408392793436,-1.0812542041351398,3.2618009892903098e-09
60.26691548425846,-18.80312933613251,27.50000000000548,0.36560485914719637,-1.0811248991769067,3.2444121051671237e-09
60.276538243338784,-18.80744106235684,27.50000000000549,0.3656655475874806,-1.080995295509276,3.2270484833453266e-09
60.28616052539169,-18.811753753692802,27.50000000000549,0.365726149194156,-1.0808653931459455,3.2097017030577897e-09
60.295782330693484,-18.816067410105013,27.500000000005492,0.3657866639125699,-1.0807351921006239,3.192405447373032e-09
60.30540365952075,-18.82038203155821,27.500000000005503,0.3658470916880511,-1.0806046923870307,3.175109191688274e-09
60.315024512150146,-18.82469761801719,27.5000000000055,0.3659074324659104,-1.0804738940189016,3.1578213567706464e-09
60.32464488885827,-18.829014169446722,27.500000000005503,0.3659676861914365,-1.0803427970099821,3.140609308757187e-09
60.334264789922,-18.833331685811714,27.50000000000551,0.3660278528099019,-1.0802114013740318,3.123397260743728e-09
60.34388421561814,-18.83765016707703,27.500000000005514,0.36608793226655756,-1.0800797071248223,3.106193633497399e-09
60.35350316622373,-18.841969613207688,27.500000000005517,0.3661479245066368,-1.0799477142761387,3.089040530853849e-09
60.36312164201575,-18.84629002416865,27.500000000005524,0.3662078294753518,-1.0798154228417771,3.071895848977429e-09
60.372739643271395,-18.850611399924993,27.500000000005528,0.3662676471178977,-1.079682832835549,3.0547680086352684e-09
60.38235717026796,-18.854933740441872,27.50000000000553,0.366327377379449,-1.0795499442712753,3.0376991136630175e-09
60.39197422328267,-18.85925704568437,27.500000000005528,0.36638702020516123,-1.0794167571627922,3.0206133771565064e-09
60.40159080259308,-18.863581315617772,27.500000000005542,0.3664465755401712,-1.0792832715239467,3.0035865860199045e-09
60.41120690847656,-18.867906550207255,27.500000000005546,0.36650604332959547,-1.0791494873685998,2.9865682156504323e-09
60.420822541210846,-18.8722327494182,27.500000000005542,0.36656542351853283,-1.0790154047106248,2.96958352834948e-09
60.4304377010735,-18.87655991321589,27.50000000000555,0.3666247160520618,-1.0788810235639072,2.9526072618156573e-09
60.440052388342416,-18.88088804156575,27.50000000000556,0.3666839208752419,-1.0787463439423453,2.935681519884614e-09
60.449666603295455,-18.885217134433272,27.50000000000556,0.3667430379331146,-1.0786113658598513,2.918738936419311e-09
60.45928034621052,-18.889547191783898,27.50000000000556,0.3668020671707001,-1.0784760893303482,2.901846877556787e-09
60.46889361736578,-18.89387821358322,27.500000000005578,0.36686100853300185,-1.0783405143677731,2.8849885017627826e-09
60.478506417039256,-18.898210199796793,27.500000000005578,0.36691986196500215,-1.0782046409860757,2.8681553882701677e-09
60.4881187455093,-18.9025431503903,27.500000000005578,0.36697862741166537,-1.0780684691992166,2.851330695544683e-09
60.497730603054144,-18.906877065329386,27.50000000000559,0.3670373048179367,-1.0779319990211718,2.8345565274219773e-09
60.507341989952245,-18.911211944579808,27.50000000000559,0.3670958941287417,-1.0777952304659284,2.8177655177650115e-09
60.51695290648219,-18.9155477881074,27.5000000000056,0.3671543952889875,-1.0776581635474864,2.801041874245085e-09
60.52656335292245,-18.91988459587793,27.500000000005603,0.36721280824356156,-1.0775207982798591,2.784309809958029e-09
60.53617332955184,-18.92422236785734,27.500000000005606,0.3672711329373327,-1.0773831346770715,2.767603007972362e-09
60.545782836649046,-18.92856110401151,27.50000000000561,0.36732936931515,-1.077245172753162,2.7509467305894746e-09
60.55539187449303,-18.93290080430648,27.500000000005613,0.36738751732184505,-1.0771069125221817,2.734307294740847e-09
60.565000443362656,-18.937241468708216,27.500000000005627,0.36744557690222823,-1.0769683539981945,2.7177015419607387e-09
60.574608543537025,-18.94158309718282,27.500000000005627,0.3675035480010928,-1.076829497195277,2.7010873684135006e-09
60.584216175295346,-18.94592568969645,27.50000000000563,0.36756143056321233,-1.0766903421275185,2.684506877934782e-09
60.59382333891675,-18.950269246215214,27.500000000005638,0.36761922453334056,-1.0765508888090205,2.6679684912917128e-09
60.60343003468068,-18.954613766705403,27.50000000000564,0.36767692985621436,-1.076411137253898,2.6514722084842927e-09
60.61303626286641,-18.958959251133212,27.50000000000565,0.3677345464765488,-1.0762710874762786,2.634959084142613e-09
60.6226420237536,-18.96330569946502,27.500000000005656,0.36779207433904243,-1.076130739490302,2.618479642869453e-09
60.63224731762172,-18.967653111667136,27.500000000005663,0.3678495133883732,-1.0759900933101216,2.602033884664812e-09
60.641852144750516,-18.972001487705988,27.500000000005667,0.36790686356920077,-1.0758491489499027,2.5856049679944314e-09
60.65145650541982,-18.976350827548085,27.500000000005667,0.36796412482616697,-1.0757079064238249,2.5692097343925697e-09
60.66106039990942,-18.980701131159847,27.500000000005674,0.3680212971038923,-1.0755663657460781,2.5528481838592278e-09
60.67066382849935,-18.985052398507904,27.500000000005684,0.3680783803469804,-1.0754245269308669,2.5365034748601456e-09
60.68026679146957,-18.98940462955879,27.500000000005688,0.36813537450001466,-1.075282389992408,2.5201840281624533e-09
60.68986928910034,-18.993757824279218,27.500000000005695,0.3681922795075605,-1.0751399549449308,2.50389826453328e-09
60.699471321671766,-18.998111982635823,27.500000000005702,0.3682490953141637,-1.0749972218026784,2.4876293424383667e-09
60.70907288946425,-19.00246710459536,27.500000000005706,0.36830582186435207,-1.074854190579905,2.4713435788091934e-09
60.71867399275825,-19.006823190124678,27.500000000005713,0.3683624591026341,-1.0747108612908791,2.455150443618449e-09
60.728274631834154,-19.01118023919053,27.500000000005716,0.3684190069734985,-1.0745672339498815,2.4389488876605748e-09
60.73787480697269,-19.015538251759864,27.50000000000572,0.368475465421417,-1.0744233085712052,2.42277259400409e-09
60.74747451845443,-19.019897227799564,27.500000000005727,0.36853183439084064,-1.0742790851691566,2.4066215626489947e-09
60.75707376656026,-19.024257167276655,27.500000000005734,0.3685881138262034,-1.0741345637580553,2.3904957935952893e-09
60.766672551570935,-19.02861807015811,27.500000000005738,0.36864430367191847,-1.0739897443522322,2.374412128377233e-09
60.77627087376747,-19.032979936411028,27.50000000000574,0.3687004038723816,-1.073844626966033,2.3583284631591767e-09
60.785868733430966,-19.037342766002553,27.500000000005752,0.36875641437196965,-1.0736992116138144,2.34227006024251e-09
60.79546613084248,-19.0417065588998,27.500000000005755,0.3688123351150405,-1.0735534983099477,2.3262537611614932e-09
60.805063066283324,-19.046071315070044,27.500000000005766,0.3688681660459332,-1.073407487068815,2.3102543036147355e-09
60.81465954003473,-19.050437034480467,27.500000000005766,0.3689239071089676,-1.0732611779048131,2.294271687602238e-09
60.82425555237822,-19.054803717098455,27.500000000005773,0.36897955824844586,-1.0731145708323504,2.2783480169596492e-09
60.833851103595165,-19.059171362891284,27.500000000005787,0.36903511940864964,-1.0729676658658485,2.262399084015671e-09
60.84344619396725,-19.063539971826398,27.500000000005787,0.36909059053384446,-1.0728204630197422,2.2465090964416022e-09
60.8530408237762,-19.067909543871274,27.500000000005787,0.3691459715682748,-1.0726729623084785,2.2306359504017927e-09
60.862634993303665,-19.072280078993323,27.5000000000058,0.36920126245616713,-1.0725251637465167,2.2147543835948534e-09
60.872228702831656,-19.076651577160177,27.50000000000581,0.36925646314172966,-1.072377067348331,2.1989570244592132e-09
60.88182195264199,-19.081024038339336,27.500000000005812,0.3693115735691513,-1.0722286731284072,2.1831512445564425e-09
60.8914147430168,-19.085397462498474,27.50000000000582,0.3693665936826026,-1.0720799811012434,2.167370726955062e-09
60.90100707423826,-19.089771849605302,27.500000000005826,0.36942152342623613,-1.071930991281351,2.1516491547235903e-09
60.91059894658851,-19.09414719962747,27.500000000005834,0.3694763627441841,-1.071781703683255,2.135902320190729e-09
60.92019036034994,-19.09852351253282,27.50000000000584,0.3695311115805614,-1.0716321183214923,2.120180747959257e-09
60.929781315804895,-19.102900788289123,27.500000000005844,0.36958576987946334,-1.071482235210613,2.1045349626319544e-09
60.93937181323597,-19.107279026864276,27.50000000000585,0.3696403375849683,-1.0713320543651796,2.088872335770392e-09
60.94896185292565,-19.111658228226155,27.500000000005855,0.3696948146411336,-1.0711815757997687,2.0732602335116087e-09
60.95855143515668,-19.116038392342727,27.500000000005866,0.36974920099199954,-1.0710307995289687,2.057656552019955e-09
60.96814056021188,-19.120419519182022,27.500000000005866,0.36980349658158845,-1.070879725567381,2.0420444497611717e-09
60.97772922837402,-19.124801608712055,27.500000000005876,0.36985770135390145,-1.0707283539296202,2.026533396707947e-09
60.987317439926144,-19.129184660900943,27.50000000000589,0.36991181525292416,-1.0705766846303135,2.010971819051943e-09
60.996905195151214,-19.13356867571681,27.500000000005883,0.36996583822262125,-1.070424717684102,1.9955112906014972e-09
