galstreams/tracks/track.st.Gaia-1.ibata2021.ecsv
# %ECSV 0.9
# ---
# datatype:
# - {name: ra, unit: deg, datatype: float64}
# - {name: dec, unit: deg, datatype: float64}
# - {name: distance, unit: kpc, datatype: float64}
# - {name: pm_ra_cosdec, unit: mas / yr, datatype: float64}
# - {name: pm_dec, unit: mas / yr, datatype: float64}
# - {name: radial_velocity, unit: km / s, datatype: float64}
# delimiter: ','
# meta: !!omap
# - __serialized_columns__:
#     dec:
#       __class__: astropy.coordinates.angles.Latitude
#       unit: &id001 !astropy.units.Unit {unit: deg}
#       value: !astropy.table.SerializedColumn {name: dec}
#     distance:
#       __class__: astropy.coordinates.distances.Distance
#       unit: !astropy.units.Unit {unit: kpc}
#       value: !astropy.table.SerializedColumn {name: distance}
#     pm_dec:
#       __class__: astropy.units.quantity.Quantity
#       unit: !astropy.units.Unit {unit: mas / yr}
#       value: !astropy.table.SerializedColumn {name: pm_dec}
#     pm_ra_cosdec:
#       __class__: astropy.units.quantity.Quantity
#       unit: !astropy.units.Unit {unit: mas / yr}
#       value: !astropy.table.SerializedColumn {name: pm_ra_cosdec}
#     ra:
#       __class__: astropy.coordinates.angles.Longitude
#       unit: *id001
#       value: !astropy.table.SerializedColumn {name: ra}
#       wrap_angle: !astropy.coordinates.Angle
#         unit: *id001
#         value: 360.0
#     radial_velocity:
#       __class__: astropy.units.quantity.Quantity
#       unit: !astropy.units.Unit {unit: km / s}
#       value: !astropy.table.SerializedColumn {name: radial_velocity}
# schema: astropy-2.0
ra,dec,distance,pm_ra_cosdec,pm_dec,radial_velocity
[from data line 2437]
197.25288717391675,-0.7209941288743235,5.025744929260272,-15.705972301637406,-20.978739582878795,1.894672604221276e-14
197.25876948320442,-0.7129029424032546,5.025491145173669,-15.707271147368544,-20.97929104278662,1.24206315165617e-13
197.26465183870937,-0.7048117957303691,5.0252369054596056,-15.708569822525474,-20.979841150966784,1.1157516447080849e-13
197.2705342404174,-0.6967206887651308,5.02498220982925,-15.70986832697298,-20.980389907353842,2.2104513715914887e-14
197.2764166883141,-0.6886296214170131,5.024727057993768,-15.711166660575744,-20.98093731188246,-7.368171238638296e-15
197.28229918238526,-0.6805385935954903,5.024471449664331,-15.712464823198273,-20.981483364487286,1.547315960114042e-13
197.2881817226166,-0.6724476052100394,5.024215384552104,-15.713762814704978,-20.98202806510306,1.2841669873055315e-13
197.29406430899385,-0.6643566561701523,5.023958862368251,-15.715060634960121,-20.982571413664566,3.263047262825531e-14
197.29994694150267,-0.6562657463853191,5.0237018828239455,-15.716358283827828,-20.983113410106593,1.1473295214451061e-13
197.30582962012883,-0.6481748757650362,5.023444445630353,-15.717655761172086,-20.983654054364013,4.9472006887999985e-14
197.31171234485808,-0.6400840442188144,5.023186550498638,-15.718953066856761,-20.984193346371722,8.420767129872338e-15
197.31759511567608,-0.6319932516561597,5.022928197139971,-15.720250200745571,-20.98473128606468,2.315710960714893e-14
197.3234779325686,-0.6239024979865886,5.02266938526552,-15.72154716270211,-20.985267873377875,1.6104717135880846e-13
197.3293607955214,-0.6158117831196243,5.022410114586451,-15.722843952589832,-20.985803108246333,8.526026718995742e-14
197.3352437045202,-0.6077211069647901,5.02215038481393,-15.724140570272068,-20.986336990605157,1.1157516447080849e-13
197.34112665955072,-0.5996304694316209,5.021890195659125,-15.725437015612005,-20.986869520389472,4.73668151055319e-14
197.3470096605987,-0.5915398704296599,5.021629546833208,-15.726733288472682,-20.987400697534447,1.1262776036204252e-13
197.35289270764994,-0.5834493098684398,5.021368438047339,-15.728029388717042,-20.987930521975308,-1.894672604221276e-14
197.3587758006901,-0.57535878765752,5.0211068690126925,-15.729325316207843,-20.988458993647303,5.789277401787233e-14
197.36465893970495,-0.5672683037064538,5.0208448394404295,-15.730621070807757,-20.98898611248576,5.2629794561702114e-14
197.3705421246803,-0.5591778579248026,5.020582349041722,-15.731916652379288,-20.98951187842602,8.315507540748934e-14
197.37642535560187,-0.5510874502221254,5.020319397527737,-15.733212060784828,-20.990036291403488,4.4209027431829774e-14
197.38230863245536,-0.5429970805080042,5.02005598460964,-15.734507295886614,-20.990559351353607,1.7262572616238293e-13
197.38819195522663,-0.5349067486920065,5.019792109998599,-15.73580235754677,-20.99108105821188,5.841907196348934e-14
197.39407532390135,-0.5268164546837204,5.019527773405784,-15.737097245627279,-20.991601411913827,1.4578453093591484e-13
197.39995873846533,-0.5187261983927353,5.019262974542357,-15.73839195998998,-20.99212041239504,1.2525891105685104e-13
197.40584219890434,-0.510635979728637,5.018997713119492,-15.739686500496568,-20.99263805959113,1.5262640422893612e-14
197.4117257052041,-0.502545798601028,5.0187319888483515,-15.740980867008638,-20.993154353437784,1.5104751039208505e-13
197.41760925735042,-0.49445565491951815,5.018465801440105,-15.742275059387632,-20.99366929387072,7.4734308277617e-14
197.42349285532907,-0.4863655485937054,5.01819915060592,-15.74356907749485,-20.99418288082569,1.2789040078493614e-13
197.4293764991258,-0.4782754795332112,5.017932036056963,-15.744862921191467,-20.994695114238514,8.473396924434041e-14
197.43526018872643,-0.4701854476476559,5.0176644575044005,-15.74615659033853,-20.99520599404505,5.526128428978722e-14
197.4411439241167,-0.4620954528466596,5.0173964146594034,-15.747450084796924,-20.995715520181164,7.105022265829786e-14
197.44702770528238,-0.4540054950398552,5.017127907233136,-15.74874340442744,-20.99622369258285,-3.4209366465106376e-14
197.45291153220927,-0.44591557413687866,5.016858934936767,-15.750036549090694,-20.996730511186062,5.4734986344170195e-14
197.45879540488318,-0.4378256900473691,5.016589497481465,-15.7513295186472,-20.99723597592685,8.315507540748934e-14
197.4646793232899,-0.4297358426809716,5.016319594578393,-15.752622312957323,-20.99774008674131,1.299955925674042e-13
197.47056328741516,-0.42164603194734324,5.016049225938726,-15.753914931881281,-20.99824284356553,9.262843842859572e-14
197.47644729724482,-0.41355625775612675,5.015778391273624,-15.755207375279191,-20.998744246335733,1.0999627063395741e-13
197.48233135276465,-0.405466520016992,5.01550709029426,-15.756499643011004,-20.999244294988106,1.3052189051302125e-13
197.48821545396044,-0.3973768186396049,5.0152353227117965,-15.757791734936557,-20.99974298945893,7.420801033199997e-14
197.494099600818,-0.38928715353363036,5.014963088237402,-15.75908365091553,-21.000240329684516,1.299955925674042e-13
197.49998379332314,-0.38119752460874917,5.014690386582247,-15.760375390807491,-21.000736315601213,5.631388018102126e-14
197.50586803146163,-0.37310793177464463,5.014417217457498,-15.761666954471862,-21.001230947145423,2.2209773305038292e-13
197.51175231521935,-0.36501837494099265,5.01414358057432,-15.762958341767943,-21.001724224253618,2.4209705498382972e-14
197.51763664458204,-0.35692885401748903,5.013869475643883,-15.764249552554858,-21.00221614686226,1.6894164054306378e-13
197.52352101953556,-0.3488393689138342,5.013594902377352,-15.765540586691674,-21.00270671490792,9.157584253736168e-14
197.5294054400657,-0.3407499195397203,5.013319860485898,-15.766831444037242,-21.00319592832717,8.21024795162553e-14
197.53528990615825,-0.33266050580485906,5.013044349680684,-15.768122124450318,-21.003683787056644,1.894672604221276e-13
197.5411744177991,-0.32457112761895573,5.012768369672883,-15.769412627789526,-21.00417029103302,5.789277401787233e-15
197.547058974974,-0.31648178489172596,5.012491920173659,-15.770702953913345,-21.00465544019303,1.568367877938723e-13
197.55294357766883,-0.3083924775328853,5.0122150008941775,-15.771993102680128,-21.00513923447345,3.4209366465106376e-14
197.5588282258694,-0.30030320545216627,5.011937611545608,-15.773283073948086,-21.0056216738111,6.999762676706381e-14
197.56471291956154,-0.29221396855929427,5.011659751839118,-15.774572867575293,-21.006102758142838,1.7894130150978717e-14
197.57059765873106,-0.28412476676399956,5.011381421485876,-15.77586248341969,-21.006582487405563,1.1894333570944678e-13
197.57648244336383,-0.2760355999760247,5.011102620197048,-15.777151921339097,-21.007060861536257,7.262911649514892e-14
197.58236727344567,-0.2679464681051135,5.010823347683803,-15.778441181191162,-21.00753788047189,1.5762623471229784e-13
197.58825214896243,-0.2598573710610038,5.0105436036573066,-15.779730262833446,-21.008013544149545,8.447082027153189e-14
197.59413706989994,-0.2517683087534579,5.010263387828727,-15.78101916612336,-21.008487852506313,7.315541444076594e-14
197.60002203624404,-0.24367928109223094,5.009982699909231,-15.782307890918155,-21.008960805479326,1.3973210456131912e-13
197.6059070479806,-0.23559028798707796,5.009701539609987,-15.78359643707498,-21.009432403005786,5.841907196348934e-14
197.61179210509545,-0.22750132934776743,5.009419906642161,-15.784884804450826,-21.009902645022926,4.078809078531914e-14
197.61767720757447,-0.21941240508407692,5.009137800716922,-15.786172992902555,-21.01037153146801,-4.73668151055319e-15
197.62356235540346,-0.21132351510576888,5.0088552215454385,-15.787461002286905,-21.010839062278386,1.1920648468225528e-13
197.62944754856835,-0.20323465932263066,5.0085721688388745,-15.788748832460467,-21.011305237391426,-2.368340755276595e-15
197.63533278705492,-0.1951458376444433,5.0082886423084005,-15.790036483279701,-21.011770056744545,1.4841602066399995e-13
197.64121807084913,-0.187057049980992,5.008004641665182,-15.791323954600948,-21.012233520275238,3.97354948940851e-14
197.64710339993675,-0.17896829624207253,5.007720166620387,-15.792611246280384,-21.012695627920994,8.420767129872338e-15
197.6529887743037,-0.17087957633748377,5.007435216885184,-15.793898358174053,-21.01315637961937,8.578656513557444e-14
197.65887419393584,-0.16279089017701442,5.007149792170739,-15.795185290137903,-21.013615775308004,2.920953598174467e-14
197.66475965881904,-0.1547022376704868,5.00686389218822,-15.796472042027704,-21.01407381492453,1.0078605658565955e-13
197.67064516893916,-0.14661361872769973,5.006577516648794,-15.797758613699116,-21.014530498406664,1.515738083377021e-13
197.67653072428212,-0.1385250332584657,5.00629066526363,-15.799045005007645,-21.014985825692143,1.570999367666808e-13
197.68241632483378,-0.13043648117260487,5.006003337743892,-15.80033121580869,-21.015439796718788,2.8683238036127654e-14
197.68830197058,-0.12234796237994344,5.0057155338007515,-15.801617245957475,-21.01589241142441,-1.6052087341319144e-14
197.69418766150665,-0.11425947679030571,5.005427253145375,-15.802903095309127,-21.016343669746924,1.7144155578474465e-13
197.70007339759968,-0.10617102431351523,5.005138495488928,-15.804188763718615,-21.01679357162425,2.039404539265957e-13
197.70595917884498,-0.09808260485941889,5.00484926054258,-15.80547425104079,-21.017242116994396,9.35494598334255e-14
197.71184500522838,-0.08999421833783958,5.004559548017496,-15.806759557130352,-21.017689305795376,1.5091593590568081e-13
197.71773087673583,-0.08190586465863407,5.004269357624845,-15.808044681841874,-21.01813513796527,1.43284615694234e-13
197.7236167933532,-0.0738175437316455,5.003978689075795,-15.809329625029793,-21.01857961344221,1.211801019783191e-13
197.72950275506642,-0.06572925546671854,5.0036875420815115,-15.810614386548416,-21.01902273216437,7.730001076249998e-14
197.73538876186134,-0.057640999773711225,5.003395916353165,-15.811898966251894,-21.01946449406996,1.1196988793002124e-13
197.74127481372392,-0.049552776562489985,5.003103811601921,-15.813183363994275,-21.019904899097263,8.512869270355317e-14
197.74716091064005,-0.04146458574290585,5.002811227538945,-15.814467579629447,-21.020343947184582,9.493099194067019e-14
197.7530470525956,-0.03337642722482758,5.00251816387541,-15.815751613011175,-21.020781638270275,9.05561402677287e-14
197.75893323957658,-0.025288300918134273,5.002224620322476,-15.817035463993093,-21.021217972292778,5.598494396501062e-14
197.7648194715688,-0.0172002067326916,5.0019305965913174,-15.818319132428677,-21.021652949190518,6.993183952386168e-14
197.77070574855827,-0.009112144578377262,5.001636092393097,-15.819602618171295,-21.022086568902015,1.5295534044494677e-15
197.77659207053085,-0.001024114365083847,5.001341107438986,-15.82088592107416,-21.022518831365822,2.0592435047940984e-14
197.7824784374725,0.007063883997315272,5.001045641440148,-15.822169040990357,-21.022949736520513,1.6242048006065287e-13
197.78836484936912,0.015151850598926335,5.0007496941077525,-15.823451977772852,-21.02337928430477,9.641120491271806e-14
197.79425130620666,0.023239785529851488,5.000453265152966,-15.824734731274447,-21.023807474657282,2.496625879520744e-14
197.80013780797103,0.031327688880199864,5.000156354286958,-15.826017301347829,-21.024234307516767,4.4801112620648924e-14
197.80602435464817,0.03941556074006733,4.999858961220893,-15.827299687845542,-21.02465978282204,1.3414018888913827e-13
197.81191094622406,0.04750340119954611,4.999561085665938,-15.828581890619999,-21.02508390051192,9.927294999201061e-14
197.8177975826846,0.05559121034873609,4.9992627273332655,-15.829863909523468,-21.02550666052529,4.559055953907445e-14
197.8236842640157,0.06367898827772057,4.998963885934041,-15.831145744408097,-21.0259280628011,1.4585031817911698e-13
197.82957099020336,0.07176673507658249,4.998664561179429,-15.832427395125883,-21.026348107278324,1.2670623040729783e-13
197.83545776123356,0.0798544508354079,4.998364752780597,-15.833708861528699,-21.026766793895977,2.5788599335234036e-14
197.84134457709217,0.0879421356442719,4.998064460448716,-15.834990143468284,-21.027184122593148,3.9077622462063816e-14
197.84723143776517,0.0960297895932447,4.9977636838949495,-15.836271240796236,-21.027600093308966,1.3065346499942549e-13
197.85311834323855,0.10411741277240404,4.997462422830469,-15.83755215336401,-21.02801470598257,3.73671541388085e-14
197.8590052934982,0.11220500527180968,4.99716067696644,-15.83883288102295,-21.028427960553216,1.0841737679710636e-13
197.86489228853014,0.12029256718152985,4.99685844601403,-15.840113423624231,-21.02883985696015,1.1657499495417018e-13
197.8707793283203,0.12838009859162314,4.996555729684405,-15.841393781018931,-21.029250395142707,1.299955925674042e-13
197.87666641285472,0.1364675995921458,4.996252527688734,-15.84267395305797,-21.029659575040228,9.604937507510636e-14
197.8825535421193,0.1445550702731506,4.995948839738183,-15.843953939592115,-21.030067396592138,-5.3945539425744666e-14
197.88844071609998,0.15264251072468732,4.995644665543924,-15.845233740472034,-21.030473859737867,1.0973312166114891e-13
197.8943279347828,0.16072992103680706,4.995340004817119,-15.846513355548243,-21.03087896441696,1.6104717135880846e-13
197.90021519815375,0.16881730129954728,4.995034857268937,-15.847792784671132,-21.031282710568973,1.920987501502127e-14
197.90610250619872,0.17690465160294605,4.9947292226105455,-15.849072027690934,-21.031685098133472,1.4815287169119144e-13
197.9119898589038,0.18499197203704917,4.994423100553114,-15.850351084457762,-21.032086127050135,3.210417468263829e-14
197.9178772562549,0.19307926269188352,4.994116490807807,-15.8516299548216,-21.032485797258662,1.4657397785434038e-13
197.92376469823807,0.20116652365747817,4.993809393085793,-15.852908638632275,-21.032884108698788,9.97334606944255e-14
197.92965218483923,0.20925375502386423,4.993501807098241,-15.854187135739505,-21.03328106131032,1.121014624164255e-13
197.93553971604442,0.21734095688106336,4.993193732556316,-15.85546544599286,-21.0336766550331,1.0157550350408507e-13
197.94142729183966,0.2254281293190973,4.9928851691711875,-15.856743569241768,-21.034070889807023,3.684085619319148e-14
197.94731491221089,0.23351527242798178,4.99257611665402,-15.858021505335529,-21.034463765572017,1.842042809659574e-14
197.95320257714414,0.24160238629773348,4.992266574715987,-15.8592992541233,-21.034855282268087,8.947065075489359e-15
197.95909028662538,0.2496894710183601,4.991956543068246,-15.860576815454124,-21.03524543983527,5.631388018102126e-14
197.9649780406407,0.2577765266798759,4.991646021421974,-15.861854189176881,-21.03563423821364,9.815456685757444e-14
197.97086583917604,0.265863553372283,4.991335009488335,-15.863131375140334,-21.03602167734334,1.2236427235595742e-13
197.97675368221743,0.2739505511855804,4.991023506978495,-15.864408373193095,-21.036407757164547,7.210281854953189e-14
197.9826415697509,0.2820375202097741,4.990711513603623,-15.865685183183668,-21.036792477617507,4.9472006887999985e-14
197.98852950176246,0.29012446053485724,4.990399029074886,-15.866961804960395,-21.037175838642487,6.578724320212765e-14
197.99441747823812,0.29821137225081884,4.990086053103451,-15.868238238371488,-21.03755784017982,1.6525755492374463e-13
198.00030549916391,0.30629825544765993,4.989772585400486,-15.869514483265036,-21.037938482169892,7.683950006008508e-14
198.00619356452586,0.3143851102153584,4.989458625677157,-15.87079053948898,-21.038317764553128,1.542052980657872e-13
198.01208167431002,0.3224719366439044,4.989144173644635,-15.872066406891108,-21.03869568726997,1.273641028393191e-13
198.0179698285024,0.3305587348232796,4.988829229014085,-15.873342085319116,-21.039072250260986,1.4262674326221273e-13
198.02385802708903,0.3386455048434608,4.988513791496674,-15.874617574620547,-21.03944745346673,1.121014624164255e-13
198.02974627005594,0.3467322467944248,4.988197860803569,-15.8758928746428,-21.03982129682784,1.0315439734093615e-13
198.03563455738922,0.3548189607661494,4.98788143664594,-15.877167985233122,-21.04019378028496,7.631320211446807e-14
