galstreams/tracks/track.st.Tri-Pis.bonaca2012.ecsv
# %ECSV 1.0
# ---
# datatype:
# - {name: ra, unit: deg, datatype: float64}
# - {name: dec, unit: deg, datatype: float64}
# - {name: distance, unit: kpc, datatype: float64}
# - {name: pm_ra_cosdec, unit: mas / yr, datatype: float64}
# - {name: pm_dec, unit: mas / yr, datatype: float64}
# - {name: radial_velocity, unit: km / s, datatype: float64}
# delimiter: ','
# meta: !!omap
# - __serialized_columns__:
#     dec:
#       __class__: astropy.coordinates.angles.Latitude
#       unit: &id001 !astropy.units.Unit {unit: deg}
#       value: !astropy.table.SerializedColumn {name: dec}
#     distance:
#       __class__: astropy.coordinates.distances.Distance
#       unit: !astropy.units.Unit {unit: kpc}
#       value: !astropy.table.SerializedColumn {name: distance}
#     pm_dec:
#       __class__: astropy.units.quantity.Quantity
#       unit: !astropy.units.Unit {unit: mas / yr}
#       value: !astropy.table.SerializedColumn {name: pm_dec}
#     pm_ra_cosdec:
#       __class__: astropy.units.quantity.Quantity
#       unit: !astropy.units.Unit {unit: mas / yr}
#       value: !astropy.table.SerializedColumn {name: pm_ra_cosdec}
#     ra:
#       __class__: astropy.coordinates.angles.Longitude
#       unit: *id001
#       value: !astropy.table.SerializedColumn {name: ra}
#       wrap_angle: !astropy.coordinates.Angle
#         unit: *id001
#         value: 360.0
#     radial_velocity:
#       __class__: astropy.units.quantity.Quantity
#       unit: !astropy.units.Unit {unit: km / s}
#       value: !astropy.table.SerializedColumn {name: radial_velocity}
# schema: astropy-2.0
ra,dec,distance,pm_ra_cosdec,pm_dec,radial_velocity
[from data line 474]
22.059791709294025,31.436876893139807,25.99999999999999,0.0,0.0,0.0
22.062025989017936,31.427049726201204,25.999999999999993,0.0,0.0,0.0
22.06426204528077,31.417222907181767,25.999999999999993,0.0,0.0,0.0
22.06649763333095,31.407396049389437,25.999999999999993,0.0,0.0,0.0
22.068732753442614,31.397569152846852,25.999999999999993,0.0,0.0,0.0
22.070967405889757,31.387742217576665,25.999999999999986,0.0,0.0,0.0
22.073201590946205,31.377915243601514,25.999999999999993,0.0,0.0,0.0
22.075435308885602,31.368088230944064,25.999999999999993,0.0,0.0,0.0
22.077668559981475,31.358261179626833,25.999999999999993,0.0,0.0,0.0
22.079901344507135,31.348434089672445,25.999999999999996,0.0,0.0,0.0
22.082133662735743,31.3386069611035,25.999999999999993,0.0,0.0,0.0
22.084365514940277,31.328779793942537,25.999999999999996,0.0,0.0,0.0
22.086596901393587,31.318952588212184,25.999999999999993,0.0,0.0,0.0
22.088827822368344,31.30912534393486,25.999999999999993,0.0,0.0,0.0
22.091058720366284,31.299298137308906,25.999999999999996,0.0,0.0,0.0
22.093294904168047,31.28947188276864,25.999999999999996,0.0,0.0,0.0
22.095530622067987,31.27964558953501,25.999999999999996,0.0,0.0,0.0
22.09776587433899,31.26981925763064,25.999999999999996,0.0,0.0,0.0
22.100000661253766,31.259992887078205,25.999999999999993,0.0,0.0,0.0
22.1022349830849,31.25016647790021,25.999999999999993,0.0,0.0,0.0
22.104468840104776,31.2403400301193,25.999999999999993,0.0,0.0,0.0
22.106702232585622,31.23051354375804,25.999999999999993,0.0,0.0,0.0
22.108935160799504,31.220687018839023,25.999999999999996,0.0,0.0,0.0
22.111167625018314,31.210860455384825,25.999999999999993,0.0,0.0,0.0
22.11339962551382,31.2010338534179,25.999999999999996,0.0,0.0,0.0
22.11563116255757,31.19120721296081,25.999999999999996,0.0,0.0,0.0
22.117862236420983,31.181380534036077,25.999999999999993,0.0,0.0,0.0
22.1200928473753,31.171553816666183,25.999999999999996,0.0,0.0,0.0
22.122326092649484,31.161727594334756,25.999999999999996,0.0,0.0,0.0
22.12456193903457,31.151901861296587,25.999999999999993,0.0,0.0,0.0
22.126797322096383,31.142076089668304,25.999999999999993,0.0,0.0,0.0
22.129032242106373,31.132250279472544,25.99999999999999,0.0,0.0,0.0
22.13126669933585,31.1224244307319,25.999999999999986,0.0,0.0,0.0
22.133500694055954,31.112598543468945,25.999999999999993,0.0,0.0,0.0
22.135734226537636,31.102772617706268,25.999999999999993,0.0,0.0,0.0
22.13796729705175,31.092946653466296,25.999999999999993,0.0,0.0,0.0
22.140199905868926,31.083120650771615,25.999999999999993,0.0,0.0,0.0
22.14243205325966,31.073294609644744,25.999999999999993,0.0,0.0,0.0
22.14466373949427,31.063468530108175,25.999999999999986,0.0,0.0,0.0
22.14689496484291,31.053642412184438,25.999999999999986,0.0,0.0,0.0
22.14912572957561,31.0438162558959,25.999999999999986,0.0,0.0,0.0
22.151356033962195,31.033990061265065,25.999999999999986,0.0,0.0,0.0
22.153591597624274,31.024164813482976,25.999999999999993,0.0,0.0,0.0
22.15582711010294,31.01433959778807,25.999999999999986,0.0,0.0,0.0
22.1580621618303,31.00451434360752,25.999999999999982,0.0,0.0,0.0
22.160296753076377,30.994689050963913,25.99999999999999,0.0,0.0,0.0
22.16253088411112,30.984863719879698,25.999999999999993,0.0,0.0,0.0
22.164764555204233,30.975038350377446,25.99999999999999,0.0,0.0,0.0
22.166997766625286,30.965212942479674,25.999999999999986,0.0,0.0,0.0
22.16923051864371,30.955387496208875,25.999999999999982,0.0,0.0,0.0
22.171462811528716,30.945562011587572,25.999999999999993,0.0,0.0,0.0
22.17369464554943,30.935736488638153,25.99999999999999,0.0,0.0,0.0
22.175926020974753,30.925910927383114,25.999999999999993,0.0,0.0,0.0
22.178156938073464,30.916085327844893,25.999999999999986,0.0,0.0,0.0
22.180387397114167,30.906259690045932,25.99999999999999,0.0,0.0,0.0
22.182619611180147,30.896434395165468,25.99999999999999,0.0,0.0,0.0
22.184855251696234,30.886609731080778,25.99999999999999,0.0,0.0,0.0
22.18709043375769,30.876785028593368,25.999999999999993,0.0,0.0,0.0
22.189325157633316,30.866960287725824,25.999999999999986,0.0,0.0,0.0
22.19155942359176,30.857135508500647,25.999999999999982,0.0,0.0,0.0
22.193793231901534,30.84731069094033,25.999999999999986,0.0,0.0,0.0
22.196026582830942,30.83748583506742,25.999999999999986,0.0,0.0,0.0
22.19825947664821,30.82766094090428,25.99999999999999,0.0,0.0,0.0
22.200491913621345,30.81783600847342,25.99999999999999,0.0,0.0,0.0
22.202723894018188,30.808011037797282,25.99999999999999,0.0,0.0,0.0
22.204955418106454,30.7981860288983,25.999999999999982,0.0,0.0,0.0
22.207186486153663,30.78836098179888,25.999999999999986,0.0,0.0,0.0
22.209417098427192,30.778535896521493,25.999999999999986,0.0,0.0,0.0
22.21164725519429,30.7687107730884,25.99999999999999,0.0,0.0,0.0
22.213881760163147,30.75888643889986,25.99999999999999,0.0,0.0,0.0
22.216117071170018,30.74906228380309,25.99999999999999,0.0,0.0,0.0
22.21835192628266,30.73923809041031,25.999999999999986,0.0,0.0,0.0
22.2205863257685,30.729413858744056,25.999999999999982,0.0,0.0,0.0
22.22282026989483,30.719589588826686,25.99999999999999,0.0,0.0,0.0
22.225053758928762,30.70976528068071,25.99999999999999,0.0,0.0,0.0
22.227286793137235,30.69994093432858,25.999999999999993,0.0,0.0,0.0
22.22951937278706,30.69011654979273,25.99999999999999,0.0,0.0,0.0
22.231751498144863,30.680292127095566,25.999999999999986,0.0,0.0,0.0
22.233983169477117,30.670467666259558,25.999999999999986,0.0,0.0,0.0
22.236214387050172,30.660643167306958,25.999999999999993,0.0,0.0,0.0
22.23844515113018,30.650818630260236,25.999999999999986,0.0,0.0,0.0
22.240675461983127,30.64099405514173,25.999999999999986,0.0,0.0,0.0
22.242906648739602,30.63116967086225,25.999999999999993,0.0,0.0,0.0
22.245142087297772,30.621346058873264,25.999999999999986,0.0,0.0,0.0
22.247377072249545,30.61152240867351,25.999999999999986,0.0,0.0,0.0
22.249611603861137,30.601698720285494,25.999999999999986,0.0,0.0,0.0
22.2518456823986,30.591874993731665,25.99999999999999,0.0,0.0,0.0
22.254079308127842,30.582051229034466,25.999999999999986,0.0,0.0,0.0
22.25631248131459,30.572227426216294,25.999999999999986,0.0,0.0,0.0
22.25854520222443,30.562403585299627,25.999999999999986,0.0,0.0,0.0
22.260777471122797,30.552579706306727,25.999999999999993,0.0,0.0,0.0
22.26300928827497,30.54275578926005,25.999999999999982,0.0,0.0,0.0
22.265240653946037,30.53293183418194,25.999999999999986,0.0,0.0,0.0
22.267471568400968,30.52310784109474,25.999999999999986,0.0,0.0,0.0
22.269702031904554,30.513283810020862,25.999999999999986,0.0,0.0,0.0
22.271932044721446,30.503459740982507,25.999999999999993,0.0,0.0,0.0
22.27416549532039,30.49363630370403,25.999999999999993,0.0,0.0,0.0
22.276400608707995,30.483813192435207,25.999999999999986,0.0,0.0,0.0
22.278635271038276,30.47399004306457,25.999999999999986,0.0,0.0,0.0
22.280869482576097,30.46416685561455,25.999999999999986,0.0,0.0,0.0
22.28310324358612,30.4543436301076,25.999999999999986,0.0,0.0,0.0
22.285336554332925,30.444520366566,25.999999999999986,0.0,0.0,0.0
22.287569415080863,30.434697065012173,25.999999999999993,0.0,0.0,0.0
22.289801826094177,30.4248737254685,25.999999999999986,0.0,0.0,0.0
22.292033787636925,30.415050347957337,25.999999999999986,0.0,0.0,0.0
22.294265299973002,30.40522693250105,25.999999999999993,0.0,0.0,0.0
22.296496363366195,30.39540347912187,25.999999999999986,0.0,0.0,0.0
22.29872697808011,30.38557998784216,25.999999999999986,0.0,0.0,0.0
22.300957144378174,30.375756458684215,25.999999999999986,0.0,0.0,0.0
22.303187308365967,30.365932968459934,25.999999999999986,0.0,0.0,0.0
22.30542254878067,30.356110391879643,25.999999999999982,0.0,0.0,0.0
22.307657340417204,30.346287777285227,25.99999999999999,0.0,0.0,0.0
22.309891683539234,30.336465124698965,25.999999999999986,0.0,0.0,0.0
22.312125578410246,30.326642434143285,25.999999999999982,0.0,0.0,0.0
22.314359025293587,30.31681970564056,25.999999999999986,0.0,0.0,0.0
22.316592024452426,30.306996939213136,25.999999999999986,0.0,0.0,0.0
22.318824576149797,30.297174134883395,25.999999999999986,0.0,0.0,0.0
22.321056680648603,30.287351292673574,25.999999999999986,0.0,0.0,0.0
22.32328833821154,30.277528412606028,25.99999999999999,0.0,0.0,0.0
22.32551954910119,30.26770549470305,25.999999999999986,0.0,0.0,0.0
22.327750313579966,30.25788253898694,25.999999999999986,0.0,0.0,0.0
22.329980631910125,30.24805954547996,25.999999999999986,0.0,0.0,0.0
22.332210504353746,30.23823651420441,25.999999999999986,0.0,0.0,0.0
22.33444290553881,30.22841395745573,25.999999999999986,0.0,0.0,0.0
22.336677825063788,30.218591873415942,25.999999999999986,0.0,0.0,0.0
22.33891229834853,30.208769751473138,25.999999999999993,0.0,0.0,0.0
22.341146325655345,30.19894759164967,25.999999999999986,0.0,0.0,0.0
22.343379907246376,30.18912539396794,25.999999999999986,0.0,0.0,0.0
22.345613043383644,30.179303158450143,25.999999999999986,0.0,0.0,0.0
22.347845734328995,30.16948088511866,25.999999999999986,0.0,0.0,0.0
22.350077980344107,30.15965857399578,25.999999999999986,0.0,0.0,0.0
22.352309781690536,30.14983622510379,25.999999999999986,0.0,0.0,0.0
22.354541138629653,30.140013838464977,25.99999999999999,0.0,0.0,0.0
22.3567720514227,30.130191414101642,25.999999999999986,0.0,0.0,0.0
22.359002520330765,30.120368952035925,25.999999999999986,0.0,0.0,0.0
22.361232545614772,30.110546452290105,25.999999999999982,0.0,0.0,0.0
22.363462127535502,30.10072391488641,25.999999999999986,0.0,0.0,0.0
22.365696737992188,30.09090228219045,25.999999999999986,0.0,0.0,0.0
22.367931340012753,30.08108068669067,25.99999999999999,0.0,0.0,0.0
22.370165498324862,30.071259053400105,25.999999999999993,0.0,0.0,0.0
22.372399213189475,30.061437382341108,25.99999999999999,0.0,0.0,0.0
22.37463248486742,30.051615673535984,25.99999999999999,0.0,0.0,0.0
22.376865313619366,30.04179392700701,25.999999999999993,0.0,0.0,0.0
22.37909769970582,30.031972142776482,25.999999999999993,0.0,0.0,0.0
22.381329643387154,30.022150320866704,25.99999999999999,0.0,0.0,0.0
22.3835611449236,30.0123284612998,25.999999999999996,0.0,0.0,0.0
22.38579220457522,30.002506564098066,25.999999999999993,0.0,0.0,0.0
22.388022822601915,29.992684629283723,25.999999999999993,0.0,0.0,0.0
22.39025299926345,29.982862656878986,25.99999999999999,0.0,0.0,0.0
22.39248273481942,29.973040646906092,25.999999999999986,0.0,0.0,0.0
22.394714092164755,29.96321895460794,25.999999999999993,0.0,0.0,0.0
22.396948821488927,29.95339788137042,25.999999999999993,0.0,0.0,0.0
22.399183109370465,29.943576770433268,25.999999999999993,0.0,0.0,0.0
22.40141695606919,29.933755621818772,25.999999999999993,0.0,0.0,0.0
22.403650361844758,29.92393443554921,25.999999999999993,0.0,0.0,0.0
22.40588332695665,29.91411321164689,25.999999999999993,0.0,0.0,0.0
22.40811585166425,29.904291950133945,25.999999999999993,0.0,0.0,0.0
22.410347936226746,29.89447065103267,25.999999999999993,0.0,0.0,0.0
22.4125795809032,29.884649314365284,25.999999999999993,0.0,0.0,0.0
22.414810785952493,29.874827940154002,25.999999999999993,0.0,0.0,0.0
22.4170415516334,29.865006528421073,25.999999999999993,0.0,0.0,0.0
22.419271878204516,29.855185079188562,25.99999999999999,0.0,0.0,0.0
22.42150176592429,29.845363592478687,25.999999999999993,0.0,0.0,0.0
22.423731215051028,29.83554206831362,25.999999999999993,0.0,0.0,0.0
22.425964755682013,29.82572128679724,25.999999999999986,0.0,0.0,0.0
22.42819917169178,29.815900694053923,25.99999999999999,0.0,0.0,0.0
22.430433148779816,29.806080063725567,25.999999999999996,0.0,0.0,0.0
22.432666687204655,29.79625939583433,25.999999999999993,0.0,0.0,0.0
22.434899787224627,29.7864386904025,25.99999999999999,0.0,0.0,0.0
22.437132449097916,29.776617947452284,25.999999999999993,0.0,0.0,0.0
22.439364673082586,29.7667971670059,25.999999999999993,0.0,0.0,0.0
22.441596459436518,29.756976349085598,25.99999999999999,0.0,0.0,0.0
22.44382780841748,29.74715549371345,25.999999999999986,0.0,0.0,0.0
22.44605872028307,29.73733460091168,25.999999999999986,0.0,0.0,0.0
22.44828919529073,29.727513670702443,25.99999999999999,0.0,0.0,0.0
22.45051923369776,29.717692703107886,25.999999999999986,0.0,0.0,0.0
22.452748835761337,29.707871698150136,25.999999999999982,0.0,0.0,0.0
22.454979155444867,29.69805085452214,25.999999999999986,0.0,0.0,0.0
22.457213698136282,29.68823077583298,25.99999999999999,0.0,0.0,0.0
22.459447804163545,29.678410659652197,25.99999999999999,0.0,0.0,0.0
22.461681473784004,29.668590506001998,25.999999999999982,0.0,0.0,0.0
22.463914707254858,29.658770314904583,25.999999999999993,0.0,0.0,0.0
22.46614750483314,29.648950086382225,25.999999999999993,0.0,0.0,0.0
22.46837986677578,29.63912982045698,25.999999999999993,0.0,0.0,0.0
22.470611793339508,29.62930951715108,25.999999999999996,0.0,0.0,0.0
22.47284328478094,29.619489176486688,25.999999999999993,0.0,0.0,0.0
22.47507434135653,29.60966879848593,25.99999999999999,0.0,0.0,0.0
22.477304963322588,29.599848383170965,25.99999999999999,0.0,0.0,0.0
22.479535150935252,29.590027930563945,25.999999999999996,0.0,0.0,0.0
22.48176490445058,29.580207440686866,25.99999999999999,0.0,0.0,0.0
22.48399422412441,29.570386913561883,25.999999999999993,0.0,0.0,0.0
22.486226701499188,29.560566967607727,25.99999999999999,0.0,0.0,0.0
22.488460935010213,29.55074736145604,25.999999999999996,0.0,0.0,0.0
22.490694734367317,29.540927717929595,25.999999999999996,0.0,0.0,0.0
22.4929280998266,29.531108037050473,25.999999999999993,0.0,0.0,0.0
22.495161031643946,29.521288318840888,25.999999999999993,0.0,0.0,0.0
22.497393530075122,29.511468563323007,25.999999999999993,0.0,0.0,0.0
22.499625595375747,29.501648770518976,25.999999999999996,0.0,0.0,0.0
22.50185722780127,29.491828940450947,25.999999999999993,0.0,0.0,0.0
22.504088427607048,29.48200907314101,25.999999999999986,0.0,0.0,0.0
22.506319195048224,29.47218916861127,25.999999999999993,0.0,0.0,0.0
22.508549530379845,29.462369226883833,25.999999999999986,0.0,0.0,0.0
22.510779433856786,29.452549247980773,25.999999999999993,0.0,0.0,0.0
22.51300890573379,29.44272923192416,25.999999999999982,0.0,0.0,0.0
22.515238194523228,29.432909221482355,25.999999999999986,0.0,0.0,0.0
22.5174725540572,29.423090121261268,25.99999999999999,0.0,0.0,0.0
22.519706481686704,29.413270983761166,25.999999999999993,0.0,0.0,0.0
22.52193997766667,29.403451809004206,25.999999999999986,0.0,0.0,0.0
22.524173042251856,29.39363259701252,25.999999999999986,0.0,0.0,0.0
22.526405675696903,29.383813347808246,25.99999999999999,0.0,0.0,0.0
22.52863787825632,29.37399406141352,25.999999999999982,0.0,0.0,0.0
22.530869650184403,29.36417473785042,25.999999999999986,0.0,0.0,0.0
22.533100991735395,29.354355377141065,25.999999999999986,0.0,0.0,0.0
22.53533190316331,29.344535979307526,25.999999999999993,0.0,0.0,0.0
22.537562384722072,29.33471654437188,25.99999999999999,0.0,0.0,0.0
22.53979243666544,29.324897072356176,25.999999999999986,0.0,0.0,0.0
22.54202205924702,29.315077563282458,25.999999999999986,0.0,0.0,0.0
22.544251252720287,29.305258017172754,25.999999999999982,0.0,0.0,0.0
22.546482673989345,29.295438891459032,25.999999999999982,0.0,0.0,0.0
22.548716728421642,29.28562025590803,25.999999999999986,0.0,0.0,0.0
22.550950353449238,29.275801583197126,25.99999999999999,0.0,0.0,0.0
22.5531835493258,29.265982873348424,25.99999999999999,0.0,0.0,0.0
22.55541631630483,29.25616412638404,25.999999999999993,0.0,0.0,0.0
22.557648654639706,29.246345342326066,25.999999999999986,0.0,0.0,0.0
22.559880564583636,29.23652652119657,25.999999999999982,0.0,0.0,0.0
22.5621120463897,29.226707663017642,25.999999999999986,0.0,0.0,0.0
22.564343100310843,29.21688876781133,25.999999999999993,0.0,0.0,0.0
22.566573726599845,29.207069835599693,25.99999999999999,0.0,0.0,0.0
22.568803925509354,29.19725086640473,25.999999999999993,0.0,0.0,0.0
22.571033697291867,29.18743186024849,25.999999999999993,0.0,0.0,0.0
22.573263042199745,29.177612817152966,25.999999999999993,0.0,0.0,0.0
22.575491960485206,29.167793737140162,25.999999999999986,0.0,0.0,0.0
22.577725487198872,29.157975487048752,25.999999999999993,0.0,0.0,0.0
22.579959239795773,29.14815731232789,25.999999999999986,0.0,0.0,0.0
22.582192565481964,29.138339100567343,25.999999999999986,0.0,0.0,0.0
