galstreams/tracks/track.st.M5.ibata2021.ecsv
# %ECSV 1.0
# ---
# datatype:
# - {name: ra, unit: deg, datatype: float64}
# - {name: dec, unit: deg, datatype: float64}
# - {name: distance, unit: kpc, datatype: float64}
# - {name: pm_ra_cosdec, unit: mas / yr, datatype: float64}
# - {name: pm_dec, unit: mas / yr, datatype: float64}
# - {name: radial_velocity, unit: km / s, datatype: float64}
# delimiter: ','
# meta: !!omap
# - __serialized_columns__:
#     dec:
#       __class__: astropy.coordinates.angles.Latitude
#       unit: &id001 !astropy.units.Unit {unit: deg}
#       value: !astropy.table.SerializedColumn {name: dec}
#     distance:
#       __class__: astropy.coordinates.distances.Distance
#       unit: !astropy.units.Unit {unit: kpc}
#       value: !astropy.table.SerializedColumn {name: distance}
#     pm_dec:
#       __class__: astropy.units.quantity.Quantity
#       unit: !astropy.units.Unit {unit: mas / yr}
#       value: !astropy.table.SerializedColumn {name: pm_dec}
#     pm_ra_cosdec:
#       __class__: astropy.units.quantity.Quantity
#       unit: !astropy.units.Unit {unit: mas / yr}
#       value: !astropy.table.SerializedColumn {name: pm_ra_cosdec}
#     ra:
#       __class__: astropy.coordinates.angles.Longitude
#       unit: *id001
#       value: !astropy.table.SerializedColumn {name: ra}
#       wrap_angle: !astropy.coordinates.Angle
#         unit: *id001
#         value: 360.0
#     radial_velocity:
#       __class__: astropy.units.quantity.Quantity
#       unit: !astropy.units.Unit {unit: km / s}
#       value: !astropy.table.SerializedColumn {name: radial_velocity}
# schema: astropy-2.0
ra,dec,distance,pm_ra_cosdec,pm_dec,radial_velocity
[from data line 428]
200.15517241695693,16.27793049315819,7.216738127511639,3.057288470505869,-8.690831809243381,-203.97860801454834
200.16500637078155,16.27440114642519,7.218276491674908,3.0575908312588798,-8.6908453909678,-203.83673730494758
200.17483956043034,16.270870277442356,7.2198175230917006,3.0578885054461424,-8.690853833309463,-203.6888937358499
200.1846719933556,16.26733790601285,7.221361171492397,3.0581814260220623,-8.690857177334404,-203.535007030569
200.19450367701324,16.263804051938433,7.222907386607377,3.058469525932783,-8.690855464096144,-203.3750069124185
200.20433461886256,16.26026873501946,7.224456118167027,3.0587527381161967,-8.6908487346357,-203.20882310471194
200.2141648263665,16.256731975054873,7.2260073159017235,3.0590309955019634,-8.690837029981624,-203.03638533076295
200.22399430699141,16.253193791842207,7.22756092954185,3.0593042310115055,-8.690820391149943,-202.8576233138851
200.2338230682073,16.24965420517761,7.229116908817783,3.059572377558037,-8.690798859144238,-202.67246677739195
200.24365111748753,16.246113234855795,7.230675203459909,3.0598353680465475,-8.690772474955601,-202.48084544459715
200.25347846230903,16.2425709006701,7.232235763198604,3.0600931353738376,-8.690741279562655,-202.28268903881428
200.26330511015232,16.23902722241243,7.233798537764251,3.060345612428507,-8.690705313931565,-202.07792728335698
200.27313106850127,16.235482219873315,7.235363476887234,3.0605927320909827,-8.69066461901604,-201.86648990153873
200.28295634484337,16.231935912841866,7.236930530297928,3.0608344272335097,-8.690619235757339,-201.64830661667324
200.2927809466695,16.228388321105783,7.23849964772672,3.061070630720172,-8.690569205084268,-201.42330715207405
200.30260488147408,16.224839464451385,7.240070778903986,3.0613012754069047,-8.690514567913214,-201.19142123105465
200.31242815675506,16.221289362663573,7.241643873560109,3.0615262941414896,-8.690455365148111,-200.95257857692891
200.32225078001377,16.217738035525855,7.243218881425473,3.0617456197635815,-8.690391637680467,-200.70670891301023
200.33207275875517,16.21418550282033,7.244795752230453,3.061959185104701,-8.69032342638939,-200.45374196261196
200.34189410048748,16.210631784327717,7.246374435705434,3.0621669229882515,-8.690250772141543,-200.19360744904833
200.3517148127226,16.207076899827307,7.247954881580795,3.0623687662295342,-8.690173715791197,-199.92623509563236
200.36153490297573,16.203520869097016,7.249537039586918,3.0625646476357415,-8.69009229818021,-199.6515546256778
200.37135437876574,16.199963711913338,7.2511208594541845,3.0627545000059855,-8.690006560138043,-199.3694957624984
200.38117324761473,16.196405448051394,7.252706290912973,3.062938256131291,-8.689916542481761,-199.07998822940758
200.3909915170484,16.192846097284892,7.254293283693668,3.0631158487946086,-8.689822286016039,-198.782961749719
200.4008091945959,16.189285679386145,7.255881787526648,3.0632872107708273,-8.689723831533168,-198.47834604674622
200.41062628778977,16.185724214126065,7.257471752142293,3.0634522748267843,-8.689621219813068,-198.16607084380294
200.42044280416607,16.182161721274177,7.259063127270987,3.063610973721264,-8.689514491623271,-197.8460658642026
200.43025875126423,16.178598220598616,7.260655862643109,3.06376324020502,-8.689403687718956,-197.51826083125903
200.4400741366272,16.17503373186609,7.262249907989042,3.06390900702077,-8.689288848842924,-197.1825854682855
200.44988896780134,16.171468274841946,7.263845213039164,3.0640482069032218,-8.68917001572563,-196.83896949859576
200.45970325233637,16.167901869290123,7.265441727523857,3.064180772579061,-8.689047229085174,-196.48734264550347
200.4695169977856,16.164334534973168,7.267039401173502,3.0643066367669816,-8.6889205296273,-196.1276346323222
200.47933021170562,16.160766291652227,7.268638183718481,3.0644257321776713,-8.688789958045412,-195.75977518236547
200.48914290165652,16.157197159087062,7.270238024889173,3.0645379915138444,-8.688655555020581,-195.38369401894687
200.49895507520185,16.153627157036045,7.271838874415962,3.0646433474702315,-8.688517361221539,-194.99932086538016
200.50876673990848,16.15005630525614,7.273440682029225,3.064741732733593,-8.68837541730469,-194.60658544497863
200.51857790334674,16.146484623502932,7.275043397459346,3.0648330799827352,-8.68822976391412,-194.20541748105626
200.52838857309044,16.142912131530622,7.276646970436705,3.064917321888508,-8.688080441681578,-193.79574669692622
200.5381987567167,16.139338849091995,7.278251350691683,3.064994391113819,-8.687927491226525,-193.37750281590243
200.54800846180612,16.135764795938474,7.27985648795466,3.0650642203136433,-8.687770953156088,-192.9506155612984
200.55781769594267,16.132189991820074,7.281462331956018,3.065126742135029,-8.687610868065102,-192.5150146564277
200.56762646671376,16.128614456485423,7.283068832426139,3.0651818892170994,-8.687447276536098,-192.0706298246039
200.5774347817101,16.12503820968176,7.284675939095401,3.065229594191075,-8.687280219139307,-191.6173907891406
200.58724264852594,16.121461271154946,7.286283601694187,3.065269789680272,-8.687109736432669,-191.15522727335136
200.5970500747588,16.117883660649436,7.287891769952877,3.065302408300111,-8.686935868961841,-190.6840690005499
200.6068570680097,16.114305397908318,7.289500393601855,3.06532738265813,-8.686758657260192,-190.2038456940497
200.61666363588293,16.11072650267327,7.291109422371497,3.0653446453539837,-8.686578141848816,-189.71448707716442
200.62646978598625,16.107146994684594,7.292718805992189,3.065354128979462,-8.686394363236527,-189.21592287320757
200.63627552593078,16.103566893681215,7.294328494194305,3.065355766118495,-8.686207361919877,-188.70808280549278
200.64608086333098,16.099986219400655,7.295938436708235,3.06534948934715,-8.686017178383132,-188.1908965973337
200.65588580580476,16.096404991579064,7.297548583264355,3.0653352312336573,-8.68582385309832,-187.66429397204394
200.66569036097334,16.092823229951193,7.299158883593044,3.0653129243384063,-8.685627426525203,-187.12820465293692
200.67549453646134,16.089240954250428,7.3007692874246874,3.0652825012139533,-8.685427939111278,-186.58255836332648
200.68529833989675,16.085658184208743,7.302379744489662,3.065243894405038,-8.685225431291807,-186.027284826526
200.69510177891087,16.082074939556758,7.303990204518351,3.06519703644858,-8.685019943489795,-185.46231376584913
200.7049048611385,16.078491240023688,7.3056006172411365,3.0651418598736964,-8.68481151611601,-184.88757490460955
200.71470759421754,16.074907105337374,7.307210932388396,3.065078297201698,-8.684600189568982,-184.30299796612087
200.7245099857896,16.07132255522427,7.3088210996905145,3.0650062809461165,-8.684386004235,-183.70851267369645
200.73431204349936,16.06773760940945,7.310431068877868,3.0649257436126875,-8.68416900048813,-183.10404875065007
200.74411377499493,16.064152287616608,7.312040789680844,3.0648366176993758,-8.683949218690207,-182.4895359202954
200.75391518792784,16.060566609568056,7.3136502118298194,3.0647388356963776,-8.68372669919085,-181.8649039059458
200.76371628995287,16.056980594984722,7.315259285055173,3.0646323300861273,-8.68350148232744,-181.23008243091502
200.77351708872817,16.053394263586156,7.316867959087291,3.0645170333433036,-8.68327360842516,-180.5850012185167
200.78331759191528,16.049807635090524,7.318476183656549,3.0643928779348446,-8.68304311779698,-179.9295899920643
200.79311780717904,16.046220729214614,7.3200839084933325,3.0642597963199387,-8.682810050743642,-179.26377847487154
200.80291774218762,16.042633565673835,7.321691083328018,3.0641177209500583,-8.68257444755371,-178.58749639025189
200.81271740461247,16.03904616418222,7.323297657890992,3.063966584268935,-8.682336348503519,-177.900673461519
200.8225168021285,16.03545854445242,7.324903581912632,3.063806318712594,-8.68209579385722,-177.20323941198643
200.83231594241386,16.03187072619571,7.3265088051233205,3.0636368567093504,-8.681852823866771,-176.4951239649679
200.84211483314996,16.02828272912198,7.328113277253435,3.063458130679812,-8.681607478771936,-175.77625684377693
200.85191348202173,16.024694572939747,7.329716948033358,3.0632700730368936,-8.681359798800276,-175.046567771727
200.86171189671722,16.02110627735616,7.331319767193473,3.063072616185824,-8.681109824167187,-174.3059864721318
200.8715100849279,16.01751786207697,7.33292168446416,3.062865692524149,-8.680857595075869,-173.554442668305
200.88130805434852,16.013929346806574,7.334522649575798,3.06264923444174,-8.68060315171735,-172.79186608356008
200.89110581267718,16.01034075124798,7.3361226122587695,3.062423174320802,-8.680346534270479,-172.01818644121056
200.90090336761523,16.006752095102815,7.337721522243455,3.0621874445358817,-8.680087782901921,-171.2333334645702
200.91070072686736,16.00316339807136,7.339319329260237,3.06194197745387,-8.679826937766194,-170.43723687695257
200.92049789814158,15.999574679852483,7.340915983039493,3.0616867054340124,-8.67956403900563,-169.62982640167124
200.93029488914917,15.995985960143699,7.342511433311606,3.06142156082792,-8.679299126750406,-168.81103176203976
200.94009170760472,15.992397258641146,7.3441056298069585,3.0611464759795632,-8.679032241118527,-167.9807826813718
200.9498883612261,15.988808595039583,7.345698522255928,3.060861383225295,-8.678763422215855,-167.13900888298087
200.95968485773457,15.98521998903241,7.347290060388899,3.0605662148938473,-8.678492710136082,-166.28564009018072
200.96948120485453,15.981631460311629,7.3488801939362505,3.060260903306336,-8.678220144960758,-165.42060602628473
200.9792774103138,15.97804302856789,7.350468872628364,3.059945380776279,-8.677945766759267,-164.54383641460655
200.98907348184343,15.97445471349047,7.352056046195617,3.059619579609591,-8.677669615588869,-163.65526097845986
200.99886942717774,15.97086653476726,7.353641664368396,3.0592834321045954,-8.677391731494652,-162.75480944115827
201.0086652540544,15.967278512084786,7.3552256768770805,3.0589368705520306,-8.67711215450958,-161.84241152601518
201.01846097021425,15.96369066512821,7.356808033452048,3.058579827235058,-8.676830924654475,-160.9179969563444
201.02825658340151,15.960103013581318,7.358388683823686,3.0582122344292637,-8.676548081938012,-159.98149545545937
201.0380521013636,15.956515577126524,7.359967577722368,3.0578340244026734,-8.67626366635674,-159.03283674667387
201.04784753185135,15.952928375444872,7.36154466487848,3.0574451294157488,-8.675977717895071,-158.07195055330135
201.05764288261867,15.949341428216034,7.3631198950224,3.0570454817214,-8.675690276525287,-157.09876659865526
201.06743816142284,15.945754755118324,7.364693217884511,3.056635013564992,-8.675401382207543,-156.11321460604955
201.0772333760245,15.942168375828665,7.366264583195194,3.056213657184352,-8.675111074889871,-155.11522429879756
201.08702853418734,15.938582310022635,7.367833940684827,3.055781344809767,-8.674819394508173,-154.104725400213
201.09682364367853,15.934996577374433,7.3694012400837945,3.0553380086640045,-8.67452638098623,-153.0816476336094
201.10661871226836,15.931411197556873,7.370966431122476,3.054883580962308,-8.67423207423571,-152.0459207223003
201.11641374773038,15.927826190241436,7.372529463531254,3.054417993912399,-8.673936514156157,-150.99747438959943
201.12620875784154,15.92424157509821,7.374090287040506,3.0539411797145046,-8.673639740635009,-149.93623835882028
201.13600375038183,15.920657371795924,7.375648851380615,3.053453070561341,-8.673341793547586,-148.86214235327648
201.14579873313465,15.91707360000194,7.377205106281962,3.0529535986381244,-8.67304271275709,-147.7751160962817
201.15559371388662,15.913490279382243,7.378759001474927,3.052442696122588,-8.672742538114623,-146.67508931114935
201.16538870042763,15.909907429601478,7.380310486689893,3.05192029518498,-8.672441309459172,-145.56199172119312
201.17518370055066,15.906325070322888,7.381859511657241,3.0513863279880633,-8.672139066617634,-144.43575304972669
201.1849787220522,15.90274322120839,7.383406026107349,3.05084072668714,-8.671835849404783,-143.29630302006353
201.1947737727317,15.899161901918507,7.3849499797706,3.050283423430033,-8.671531697623301,-142.14357135551737
201.2045688603921,15.895581132112394,7.386491322377375,3.049714350357117,-8.671226651063769,-140.9774877794016
201.2143639928394,15.892000931447866,7.388030003658056,3.049133439601306,-8.670920749504674,-139.79798201502993
201.22415917788288,15.888421319581362,7.389565973343019,3.0485406232880647,-8.670614032712399,-138.60498378571594
201.23395442333515,15.884842316167946,7.39109918116265,3.047935833535417,-8.670306540441228,-137.39842281477326
201.24374973701194,15.881263940861338,7.392629576847328,3.0473190024539525,-8.66999831243337,-136.17822882551553
201.25354512673223,15.87768621331388,7.394157110127435,3.0466900621468165,-8.669689388418917,-134.94433154125622
201.26334060031826,15.874109153176553,7.39568173073335,3.046048944709751,-8.66937980811589,-133.69666068530898
201.27313616559547,15.870532780098975,7.397203388395457,3.0453955822310546,-8.669069611230213,-132.43514598098741
201.28293183039258,15.866957113729407,7.398722032844136,3.044729906791627,-8.668758837455718,-131.15971715160504
201.29272760254148,15.863382173714754,7.400237613809766,3.0440518504649554,-8.66844752647416,-129.87030392047555
201.30252348987722,15.859807979700546,7.401750081022728,3.0433613453171215,-8.668135717955204,-128.56683601091257
201.31231950023823,15.856234551330948,7.4032593842134045,3.042658323406812,-8.667823451556433,-127.24924314622955
201.322115641466,15.852661908248775,7.404765473112176,3.041942716785317,-8.667510766923339,-125.91745504974017
201.33191192140535,15.849090070095475,7.406268297449425,3.041214457496547,-8.667197703689343,-124.57140144475798
201.34170834790427,15.845519056511142,7.407767806955529,3.0404734775770232,-8.666884301475783,-123.21101205459667
201.3515049288139,15.84194888713451,7.409263951360871,3.039719709055899,-8.666570599891912,-121.83621660256976
201.3613016719887,15.838379581602927,7.410756680395833,3.0389530839549517,-8.666256638534907,-120.44694481199063
201.3710985852863,15.834811159552432,7.412245943790794,3.038173534288594,-8.66594245698988,-119.04312640617334
201.38089567656746,15.831243640617648,7.413731691276138,3.0373809920638783,-8.665628094829843,-117.62469110843118
201.39069295369626,15.827677044431876,7.41521387258224,3.03657538928051,-8.665313591615757,-116.19156864207784
201.4004904245399,15.824111390627051,7.416692437439487,3.0357566579308317,-8.664998986896487,-114.74368873042681
201.41028809696883,15.82054669883374,7.418167335578256,3.0349247299998514,-8.664684320208847,-113.28098109679176
201.42008597885672,15.81698298868116,7.419638516728929,3.034079537465237,-8.664369631077555,-111.8033754644863
201.4298840780803,15.813420279797166,7.42110593062189,3.0332210122973198,-8.664054959015274,-110.31080155682406
201.4396824025197,15.809858591808243,7.422569526987518,3.0323490864590994,-8.663740343522587,-108.80318909711845
201.4494809600581,15.806297944339553,7.42402925555619,3.031463691906264,-8.663425824088012,-107.28046780868327
201.45927975858194,15.802738357014867,7.425485066058293,3.0305647605871657,-8.66311144018799,-105.74256741483197
201.46907880598079,15.79917984945661,7.426936908224204,3.0296522244428554,-8.6627972312869,-104.18941763887823
201.47887811014743,15.795622441285847,7.4283847317843055,3.028726015407071,-8.662483236837046,-102.62094820413554
201.48867767897792,15.792066152122302,7.429828486468977,3.0277860654062443,-8.66216949627867,-101.03708883391771
201.49847752037138,15.788511001584327,7.4312681220086025,3.0268323063595135,-8.661856049039937,-99.43776925153806
201.50827764223018,15.784957009288908,7.43270358813356,3.025864670178716,-8.661542934536959,-97.82291918031036
201.51807805245986,15.781404194851705,7.434134834574233,3.024883088768404,-8.661230192173763,-96.19246834354803
201.52787875896914,15.777852577887003,7.435561811061,3.023887494025846,-8.66091786134232,-94.54634646456495
201.53767976966992,15.774302178007725,7.436984467324242,3.022877817841026,-8.660605981422535,-92.88448326667455
