galstreams/tracks/track.st.Phoenix.shipp2019.ecsv
# %ECSV 0.9
# ---
# datatype:
# - {name: ra, unit: deg, datatype: float64}
# - {name: dec, unit: deg, datatype: float64}
# - {name: distance, unit: kpc, datatype: float64}
# - {name: pm_ra_cosdec, unit: mas / yr, datatype: float64}
# - {name: pm_dec, unit: mas / yr, datatype: float64}
# - {name: radial_velocity, unit: km / s, datatype: float64}
# delimiter: ','
# meta: !!omap
# - __serialized_columns__:
#     dec:
#       __class__: astropy.coordinates.angles.Latitude
#       unit: &id001 !astropy.units.Unit {unit: deg}
#       value: !astropy.table.SerializedColumn {name: dec}
#     distance:
#       __class__: astropy.coordinates.distances.Distance
#       unit: !astropy.units.Unit {unit: kpc}
#       value: !astropy.table.SerializedColumn {name: distance}
#     pm_dec:
#       __class__: astropy.units.quantity.Quantity
#       unit: !astropy.units.Unit {unit: mas / yr}
#       value: !astropy.table.SerializedColumn {name: pm_dec}
#     pm_ra_cosdec:
#       __class__: astropy.units.quantity.Quantity
#       unit: !astropy.units.Unit {unit: mas / yr}
#       value: !astropy.table.SerializedColumn {name: pm_ra_cosdec}
#     ra:
#       __class__: astropy.coordinates.angles.Longitude
#       unit: *id001
#       value: !astropy.table.SerializedColumn {name: ra}
#       wrap_angle: !astropy.coordinates.Angle
#         unit: *id001
#         value: 360.0
#     radial_velocity:
#       __class__: astropy.units.quantity.Quantity
#       unit: !astropy.units.Unit {unit: km / s}
#       value: !astropy.table.SerializedColumn {name: radial_velocity}
# schema: astropy-2.0
ra,dec,distance,pm_ra_cosdec,pm_dec,radial_velocity
[from data line 539]
23.90058742178283,-50.33456908752281,17.50000000000129,2.7021700374511903,-0.05147056236972691,1.0750292095914814e-08
23.906810797232183,-50.32537872355014,17.500000000001293,2.7020720124183963,-0.051534467226212,1.0768544898115731e-08
23.913029550438125,-50.31618745347276,17.50000000000129,2.7019742772195263,-0.05159880433101305,1.0786686914599095e-08
23.919243684099833,-50.306995277882976,17.500000000001293,2.701876831899059,-0.0516635734456693,1.080467998876385e-08
23.925453200914745,-50.29780219737224,17.5000000000013,2.7017796765013244,-0.05172877433194188,1.082256675074359e-08
23.931658103578222,-50.2886082125315,17.500000000001297,2.701682811070512,-0.05179440675182778,1.0840312464873904e-08
23.93785839478387,-50.27941332395081,17.5000000000013,2.7015862356506584,-0.05186047046754623,1.085797397133292e-08
23.944054077223242,-50.27021753221975,17.500000000001297,2.701489950285659,-0.05192696524155102,1.087548311453668e-08
23.950245153586113,-50.26102083792701,17.5000000000013,2.70139395501926,-0.05199389083651887,1.0892853841380743e-08
23.95643162656022,-50.25182324166082,17.500000000001304,2.7012982498950704,-0.05206124701536009,1.0910148255022692e-08
23.96261349883153,-50.242624744008474,17.500000000001307,2.7012028349565465,-0.052129033541209555,1.092724135970044e-08
23.968790773083978,-50.233425345556824,17.500000000001307,2.701107710247004,-0.05219725017743154,1.094428104513671e-08
23.974963451999702,-50.224225046891846,17.50000000000131,2.7010128758096124,-0.05226589668761811,1.0961150473187572e-08
23.981131538258825,-50.21502384859901,17.500000000001307,2.700918331687401,-0.05233497283558826,1.097792937799179e-08
23.987295034539688,-50.205821751262924,17.50000000000131,2.7008240779232517,-0.05240447838538799,1.0994576708309601e-08
23.9934539435186,-50.19661875546772,17.500000000001315,2.700730114559905,-0.052474413101294345,1.1011072201670102e-08
23.999608267870112,-50.187414861796626,17.500000000001318,2.700636441639958,-0.05254477674780488,1.102749427646719e-08
24.005758010266714,-50.17821007083239,17.500000000001315,2.7005430592058666,-0.052615569089650496,1.1043752672603191e-08
24.011903173379153,-50.169004383156945,17.500000000001318,2.70044996729994,-0.05268678989178416,1.1059904756554177e-08
24.01804375987616,-50.1597977993516,17.500000000001318,2.7003571659643497,-0.05275843891938813,1.1075886583119756e-08
24.024179772424596,-50.15059031999709,17.50000000000132,2.700264655241123,-0.0528305159378716,1.109179104388733e-08
24.03031121368949,-50.14138194567325,17.50000000000132,2.7001724351721466,-0.052903020712865484,1.110755366735856e-08
24.036438086333863,-50.13217267695947,17.50000000000132,2.7000805057991655,-0.05297595301023257,1.1123209978644775e-08
24.04256039301897,-50.122962514434256,17.500000000001325,2.6999888671637833,-0.053049312596056296,1.1138752609574737e-08
24.048678136404025,-50.113751458675665,17.50000000000132,2.699897519307463,-0.053123099236650706,1.115412945665183e-08
24.054791319146492,-50.104539510260835,17.500000000001325,2.6998064622715274,-0.05319731269855009,1.116939920209699e-08
24.06089994390182,-50.09532666976649,17.50000000000133,2.6997156960971584,-0.05327195274851951,1.1184573161316047e-08
24.067004013323672,-50.08611293776844,17.50000000000133,2.699625220825399,-0.05334701915354351,1.1199596599322656e-08
24.073103530063698,-50.07689831484204,17.50000000000133,2.6995350364971507,-0.05342251168083814,1.1214480042075734e-08
24.079198496771816,-50.06768280156178,17.50000000000133,2.6994451431531785,-0.05349843009783574,1.122925848838866e-08
24.085288916095873,-50.05846639850167,17.500000000001336,2.699355540834102,-0.05357477417220269,1.1243913254684366e-08
24.091374790682014,-50.04924910623485,17.500000000001336,2.699266229580413,-0.053651543671821726,1.1258434078152911e-08
24.097456123174304,-50.04003092533402,17.50000000000134,2.699177209432453,-0.05372873836480563,1.1272839379222395e-08
24.10353291621511,-50.030811856370974,17.50000000000134,2.699088480430431,-0.05380635801948721,1.1287137578659946e-08
24.10960517244474,-50.02159189991708,17.500000000001336,2.6990000426144194,-0.053884402404426435,1.13012731520323e-08
24.115672894501778,-50.01237105654279,17.50000000000134,2.6989118960243483,-0.05396287128840299,1.1315305044709369e-08
24.121736085022768,-50.00314932681815,17.500000000001343,2.6988240407000124,-0.05404176444042477,1.1329226151668885e-08
24.127794746642515,-49.993926711312284,17.500000000001343,2.6987364766810704,-0.0541210816297191,1.1343004368736165e-08
24.133848881993806,-49.98470321059391,17.500000000001343,2.6986492040070407,-0.05420082262574059,1.1356649432423205e-08
24.139898493707683,-49.975478825230844,17.500000000001346,2.6985622227173094,-0.05428098719816113,1.1370187920776258e-08
24.145943584413207,-49.9662535557904,17.500000000001343,2.698475532851123,-0.054361575116879356,1.1383609044687437e-08
24.151984156737544,-49.95702740283923,17.500000000001346,2.6983891344475914,-0.05444258615201844,1.1396883857769735e-08
24.158020213306106,-49.947800366943184,17.50000000000135,2.6983030275456907,-0.05452402007391807,1.1410033938238922e-08
24.164051756742275,-49.938572448667635,17.500000000001354,2.698217212184261,-0.05460587665314631,1.1423083758949469e-08
24.17007878966771,-49.92934364857712,17.500000000001346,2.698131688402006,-0.05468815566048768,1.1435998847385938e-08
24.17610131470202,-49.9201139672357,17.500000000001346,2.6980464562374933,-0.05477085686695521,1.1448777887803464e-08
24.18211933446311,-49.910883405206576,17.50000000000135,2.6979615157291597,-0.05485398004377661,1.1461442984715765e-08
24.18813285156687,-49.901651963052515,17.500000000001354,2.6978768669153017,-0.05493752496240625,1.1473990717186194e-08
24.19414186862743,-49.89241964133539,17.500000000001354,2.697792509834085,-0.055021491394517105,1.1486405033127408e-08
24.20014638825694,-49.88318644061666,17.500000000001357,2.6977084445235415,-0.055105879112006,1.1498716457820254e-08
24.206146413065795,-49.873952361456894,17.500000000001357,2.6976246710215683,-0.05519068788698729,1.1510864203852014e-08
24.212141945662392,-49.86471740441624,17.500000000001354,2.697541189365931,-0.05527591749180085,1.1522927479063501e-08
24.21813298865338,-49.85548157005396,17.500000000001357,2.6974579995942567,-0.05536156769900167,1.153482497042212e-08
24.224119544643433,-49.84624485892888,17.50000000000136,2.6973751017440444,-0.05544763828137019,1.1546626938703608e-08
24.23010161623545,-49.837007271598964,17.50000000000136,2.697292495852658,-0.055534129011902994,1.155828864858259e-08
24.23607920603037,-49.82776880862175,17.500000000001364,2.6972101819573293,-0.05562103966382146,1.156982562584846e-08
24.242052316627372,-49.81852947055389,17.50000000000136,2.6971281600951604,-0.055708370010561614,1.1581281553230707e-08
24.248020950623644,-49.80928925795161,17.50000000000136,2.6970464303031174,-0.05579611982578542,1.1592535645350808e-08
24.253985110614643,-49.80004817137027,17.500000000001364,2.6969649926180375,-0.05588428888336677,1.1603751054571907e-08
24.259944799193857,-49.790806211364746,17.500000000001364,2.696883847076625,-0.05597287695740619,1.161477936487334e-08
24.265900018952916,-49.78156337848926,17.500000000001364,2.6968029937154516,-0.05606188382222203,1.1625692152775708e-08
24.271850772481706,-49.77231967329723,17.500000000001364,2.696722432570962,-0.05615130925234538,1.1636506522962246e-08
24.277797062368077,-49.76307509634165,17.500000000001364,2.6966421636794693,-0.056241153022536676,1.1647150109465433e-08
24.283738891198194,-49.75382964817464,17.50000000000137,2.6965621870771517,-0.0563314149077644,1.1657719751107259e-08
24.289676261556203,-49.74458332934787,17.500000000001364,2.696482502800064,-0.05642209468322407,1.166816808107262e-08
24.295609176024527,-49.73533614041221,17.50000000000137,2.6964031108841233,-0.05651319212432465,1.1678453258674842e-08
24.301537637183614,-49.72608808191803,17.50000000000137,2.6963240113651246,-0.05660470700669547,1.1688650018222199e-08
24.307461647612175,-49.7168391544149,17.500000000001375,2.696245204278729,-0.05669663910618305,1.1698705203622184e-08
24.313381209886945,-49.70758935845193,17.500000000001375,2.696166689660471,-0.05678898819885184,1.1708620393768636e-08
24.319296326582915,-49.69833869457737,17.500000000001375,2.6960884675457546,-0.05688175406098253,1.1718451376243789e-08
24.325207000273103,-49.68908716333908,17.50000000000137,2.6960105379698533,-0.05697493646907847,1.1728107101503052e-08
24.33111323352882,-49.67983476528401,17.500000000001375,2.6959329009679176,-0.05706853519985247,1.1737668356281077e-08
24.337015028919367,-49.67058150095873,17.500000000001375,2.6958555565749642,-0.057162550030241996,1.1747101983807288e-08
24.34291238901235,-49.66132737090894,17.500000000001375,2.695778504825886,-0.05725698073739497,1.175640245795326e-08
24.348805316373372,-49.65207237567991,17.500000000001375,2.6957017457554464,-0.05735182709868132,1.1765607935320048e-08
24.354693813566332,-49.642816515816065,17.500000000001375,2.6956252793982816,-0.057447088891683706,1.1774665786113089e-08
24.360577883153137,-49.633559791861394,17.500000000001382,2.6955491057888996,-0.057542765894204914,1.178359337816459e-08
24.366457527694006,-49.624302204359076,17.50000000000138,2.6954732249616855,-0.05763885788425901,1.1792415710626969e-08
24.372332749747137,-49.6150437538518,17.50000000000138,2.6953976369508936,-0.05773536464008267,1.1801123573286175e-08
24.378203551869053,-49.605784440881465,17.50000000000138,2.695322341790652,-0.057832285940120354,1.1809685651414445e-08
24.384069936614306,-49.59652426598947,17.500000000001386,2.6952473395149656,-0.05792962156304016,1.1818103523905618e-08
24.389931906535622,-49.587263229716584,17.500000000001382,2.6951726301577135,-0.058027371287722125,1.1826424294425822e-08
24.395789464183977,-49.57800133260279,17.50000000000138,2.6950982137526447,-0.05812553489325898,1.183460191190482e-08
24.401642612108375,-49.56873857518762,17.50000000000138,2.6950240903333866,-0.05822411215896382,1.1842668480517292e-08
24.407491352856113,-49.559474958009815,17.500000000001382,2.6949502599334405,-0.058323102864359766,1.1850637157711878e-08
24.413335688972488,-49.55021048160765,17.500000000001382,2.694876722586185,-0.058422506789190864,1.1858415841348098e-08
24.41917562300115,-49.54094514651859,17.500000000001382,2.69480347832487,-0.05852232371340779,1.1866130316634953e-08
24.425011157483713,-49.53167895327963,17.500000000001382,2.6947305271826254,-0.05862255341718278,1.1873677955473047e-08
24.43084229496013,-49.52241190242701,17.500000000001382,2.6946578691924508,-0.05872319568089819,1.1881130860680928e-08
24.43666903796837,-49.51314399449646,17.500000000001382,2.6945855043872293,-0.05882425028515266,1.1888443244337332e-08
24.442491389044708,-49.50387523002295,17.500000000001382,2.6945134327997167,-0.05892571701075611,1.189569141964437e-08
24.44830935072342,-49.49460560954097,17.500000000001386,2.694441654462543,-0.059027595638737156,1.1902760653649898e-08
24.45412292553712,-49.4853351335842,17.500000000001382,2.694370169408221,-0.05912988595033132,1.1909686734614218e-08
24.45993211601644,-49.47606380268592,17.500000000001382,2.694298977669137,-0.059232587726994426,1.1916493872242827e-08
24.46573692469032,-49.46679161737856,17.50000000000139,2.6942280792775537,-0.059335700750387826,1.1923199434367934e-08
24.471537354085726,-49.45751857819412,17.500000000001386,2.6941574742656136,-0.059439224802393706,1.1929790263540897e-08
24.477333406727926,-49.44824468566379,17.500000000001386,2.6940871626653364,-0.05954315966510056,1.1936230571501412e-08
24.48312508514024,-49.43896994031832,17.50000000000139,2.6940171445086203,-0.0596475051208154,1.1942551409828273e-08
24.48891239184428,-49.42969434268767,17.500000000001386,2.6939474198272406,-0.05975226095205163,1.1948748568137912e-08
24.494695329359715,-49.42041789330134,17.500000000001386,2.6938779886528526,-0.059857426941541336,1.1954838361666647e-08
24.500473900204494,-49.41114059268803,17.50000000000139,2.6938088510169877,-0.05996300287222175,1.1960794475517195e-08
24.50624810689466,-49.40186244137597,17.50000000000139,2.6937400069510615,-0.060068988527248415,1.1966619541179284e-08
24.512017951944433,-49.39258343989275,17.500000000001382,2.6936714564863653,-0.06017538368998573,1.1972331452783066e-08
24.51778343786629,-49.38330358876522,17.50000000000139,2.6936031996540697,-0.06028218814400992,1.1977897053557966e-08
24.523544567170784,-49.37402288851978,17.500000000001386,2.693535236485226,-0.060389401673108634,1.1983356868445796e-08
24.52930134236675,-49.36474133968205,17.500000000001386,2.6934675670107664,-0.06049702406127987,1.1988670898802692e-08
24.53505376596109,-49.35545894277719,17.50000000000139,2.6934001912615018,-0.060605055092735324,1.1993898616296506e-08
24.540801840459007,-49.34617569832956,17.50000000000139,2.6933331092681256,-0.06071349455189315,1.1998999495985426e-08
24.546545568363754,-49.336891606863134,17.50000000000139,2.6932663210612096,-0.060822342223388205,1.2003946696674225e-08
24.552284952176898,-49.327606668901005,17.50000000000139,2.6931998266712083,-0.060931597892060325,1.2008772322537588e-08
24.55801999439807,-49.31832088496594,17.50000000000139,2.6931336261284575,-0.06104126134296364,1.201349953068512e-08
24.563750697525204,-49.30903425557979,17.50000000000139,2.693067719463172,-0.06115133236135842,1.2018084638387336e-08
24.56947706405428,-49.29974678126407,17.500000000001386,2.6930021067054515,-0.061261810732719725,1.2022539224199038e-08
24.57519909647961,-49.29045846253945,17.500000000001386,2.692936787885278,-0.0613726962427287,1.2026877498164759e-08
24.58091679729356,-49.2811692999262,17.500000000001393,2.6928717630325107,-0.06148398867727804,1.2031058935342687e-08
24.586630168986837,-49.27187929394376,17.500000000001386,2.6928070321769,-0.06159568782246826,1.2035182479746595e-08
24.592339214048128,-49.26258844511118,17.50000000000139,2.692742595348067,-0.06170779346461179,1.2039126030253105e-08
24.59804393496454,-49.25329675394669,17.500000000001386,2.692678452575529,-0.06182030539022691,1.2042967478958163e-08
24.603744334221176,-49.244004220968094,17.500000000001393,2.6926146038886736,-0.06193322338604427,1.2046712088841229e-08
24.60944041430148,-49.23471084669244,17.50000000000139,2.6925510493167852,-0.06204654723899912,1.2050280915210457e-08
24.615132177686956,-49.225416631636286,17.50000000000139,2.692487788889019,-0.0621602767362405,1.205374132420289e-08
24.62081962685744,-49.21612157631545,17.500000000001386,2.692424822634421,-0.06227441166511917,1.2057085421349339e-08
24.626502764290848,-49.206825681245284,17.50000000000139,2.6923621505819204,-0.06238895181320088,1.2060328995588177e-08
24.632181592463304,-49.19752894694049,17.500000000001393,2.6922997727603315,-0.06250389696825717,1.2063403101888526e-08
24.63785611384923,-49.188231373915066,17.500000000001386,2.692237689198353,-0.06261924691826375,1.2066382474558664e-08
24.643526330921105,-49.178932962682566,17.50000000000139,2.692175899924563,-0.06273500145141003,1.206922658865678e-08
24.649192246149745,-49.169633713755765,17.50000000000139,2.692114404967434,-0.06285116035608695,1.2071938601970544e-08
24.654853862004018,-49.16033362764703,17.50000000000139,2.692053204355316,-0.06296772342089822,1.2074544303099293e-08
24.66051118095114,-49.15103270486791,17.50000000000139,2.691992298116448,-0.06308469043465019,1.2077009482676562e-08
24.666164205456383,-49.14173094592957,17.500000000001386,2.6919316862789553,-0.06320206118636076,1.207934782444894e-08
24.67181293798338,-49.13242835134234,17.500000000001386,2.6918713688708467,-0.06331983546524868,1.2081568275481498e-08
24.677457380993804,-49.12312492161621,17.500000000001386,2.691811345920019,-0.06343801306074588,1.2083684519520823e-08
24.683097536947674,-49.11382065726031,17.500000000001386,2.691751617454254,-0.06355659376248494,1.2085642347878519e-08
24.6887334083031,-49.10451555878337,17.500000000001386,2.691692183501223,-0.06367557736030904,1.2087517021160807e-08
