galstreams/tracks/track.st.AAU-AliqaUma.li2021.ecsv
# %ECSV 1.0
# ---
# datatype:
# - {name: ra, unit: deg, datatype: float64}
# - {name: dec, unit: deg, datatype: float64}
# - {name: distance, unit: kpc, datatype: float64}
# - {name: pm_ra_cosdec, unit: mas / yr, datatype: float64}
# - {name: pm_dec, unit: mas / yr, datatype: float64}
# - {name: radial_velocity, unit: km / s, datatype: float64}
# delimiter: ','
# meta: !!omap
# - __serialized_columns__:
#     dec:
#       __class__: astropy.coordinates.angles.Latitude
#       unit: &id001 !astropy.units.Unit {unit: deg}
#       value: !astropy.table.SerializedColumn {name: dec}
#     distance:
#       __class__: astropy.coordinates.distances.Distance
#       unit: !astropy.units.Unit {unit: kpc}
#       value: !astropy.table.SerializedColumn {name: distance}
#     pm_dec:
#       __class__: astropy.units.quantity.Quantity
#       unit: !astropy.units.Unit {unit: mas / yr}
#       value: !astropy.table.SerializedColumn {name: pm_dec}
#     pm_ra_cosdec:
#       __class__: astropy.units.quantity.Quantity
#       unit: !astropy.units.Unit {unit: mas / yr}
#       value: !astropy.table.SerializedColumn {name: pm_ra_cosdec}
#     ra:
#       __class__: astropy.coordinates.angles.Longitude
#       unit: *id001
#       value: !astropy.table.SerializedColumn {name: ra}
#       wrap_angle: !astropy.coordinates.Angle
#         unit: *id001
#         value: 360.0
#     radial_velocity:
#       __class__: astropy.units.quantity.Quantity
#       unit: !astropy.units.Unit {unit: km / s}
#       value: !astropy.table.SerializedColumn {name: radial_velocity}
# schema: astropy-2.0
ra,dec,distance,pm_ra_cosdec,pm_dec,radial_velocity
31.157871414867984,-32.879052435292685,25.609823285952846,0.1723710321843753,-0.7866165944392246,-55.480417142070245
31.167677527113717,-32.88492581319956,25.61427450391903,0.1724991258669662,-0.7863891459687291,-55.42646111736596
31.17748440470272,-32.89079930645884,25.61872797136722,0.17262706480130557,-0.7861615377488296,-55.372495141490276
31.18729204808288,-32.89667291495755,25.623183688297413,0.17275484893602863,-0.7859337698140685,-55.3185192144432
31.197100457702163,-32.902546638582656,25.62764165470961,0.17288247821975913,-0.7857058421990106,-55.26453333622473
31.20690963400868,-32.9084204772211,25.632101870603805,0.1730099526011125,-0.7854777549382446,-55.2105375068348
31.216719577450665,-32.91429443075972,25.63656433598001,0.17313727202869386,-0.7852495080663802,-55.15653172627354
31.22653028847647,-32.92016849908536,25.64102905083822,0.17326443645109874,-0.7850211016180513,-55.10251599454088
31.23634176753458,-32.926042682084756,25.64549601517843,0.17339144581691282,-0.7847925356279152,-55.04849031163679
31.246154015073614,-32.93191697964467,25.64996522900064,0.17351830007471278,-0.7845638101306507,-54.994454677561315
31.255967031542276,-32.93779139165174,25.654436692304856,0.1736449991730642,-0.7843349251609604,-54.940409092314454
31.26578081738942,-32.9436659179926,25.658910405091078,0.17377154306052442,-0.7841058807535695,-54.8863535558962
31.275595373064032,-32.9495405585538,25.6633863673593,0.17389793168564008,-0.7838766769432263,-54.83228806830651
31.28541069901521,-32.955415313221884,25.667864579109526,0.1740241649969488,-0.7836473137647024,-54.778212629545436
31.295226795692166,-32.9612901818833,25.672345040341757,0.17415024294297776,-0.7834177912527911,-54.72412723961297
31.305043663544268,-32.96716516442446,25.676827751055992,0.174276165472245,-0.7831881094423103,-54.67003189850912
31.31486130302096,-32.97304026073176,25.681312711252225,0.17440193253325897,-0.7829582683680997,-54.615926606233835
31.32467971457186,-32.97891547069149,25.685799920930467,0.17452754407451757,-0.7827282680650225,-54.561811362787196
31.33449889864668,-32.98479079418993,25.69028938009071,0.17465300004450976,-0.7824981085679645,-54.50768616816912
31.344318855695253,-32.99066623111329,25.694781088732956,0.1747783003917147,-0.7822677899118351,-54.45355102237967
31.354139586167566,-32.99654178134774,25.699275046857206,0.17490344506460198,-0.7820373121315665,-54.399405925418804
31.363961090513705,-33.00241744477938,25.703771254463458,0.17502843401163115,-0.7818066752621133,-54.345250877286546
31.373783369183876,-33.008293221294295,25.70826971155172,0.17515326718125188,-0.7815758793384542,-54.29108587798288
31.383606422628432,-33.01416911077848,25.712770418121973,0.17527794452190476,-0.7813449243955899,-54.236910927507815
31.393430251297833,-33.020045113117924,25.71727337417424,0.17540246598202006,-0.7811138104685449,-54.182726025861356
31.40325485564268,-33.02592122819851,25.721778579708502,0.17552683151001927,-0.7808825375923666,-54.12853117304351
31.41308023611365,-33.03179745590611,25.726286034724776,0.17565104105431267,-0.7806511058021249,-54.074326369054276
31.42290639316163,-33.03767379612654,25.73079573922305,0.17577509456330276,-0.7804195151329139,-54.020111613893604
31.432733327237553,-33.043550248745554,25.735307693203332,0.1758989919853807,-0.7801877656198497,-53.96588690756155
31.442561038792537,-33.04942681364887,25.739821896665603,0.17602273326892925,-0.7799558572980728,-53.91165225005812
31.452389528277756,-33.05530349072213,25.74433834960989,0.17614631836232028,-0.7797237902027447,-53.85740764138329
31.462218796144565,-33.061180279850966,25.748857052036175,0.17626974721391625,-0.7794915643690521,-53.80315308153701
31.47204884284443,-33.067057180920905,25.753378003944466,0.17639301977207122,-0.779259179832204,-53.74888857051939
31.48187966882894,-33.07293419381748,25.757901205334754,0.17651613598512803,-0.7790266366274323,-53.69461410833031
31.491711274549797,-33.07881131842612,25.762426656207058,0.1766390958014204,-0.7787939347899924,-53.6403296949699
31.501543660458847,-33.084688554632244,25.76695435656135,0.17676189916927249,-0.7785610743551634,-53.586035330438065
31.511376827008046,-33.090565902321195,25.771484306397657,0.17688454603699832,-0.7783280553582459,-53.53173101473481
31.52121077464948,-33.09644336137829,25.776016505715965,0.17700703635290327,-0.7780948778345658,-53.47741674786019
31.531045503835372,-33.10232093168876,25.780550954516272,0.1771293700652818,-0.7778615418194703,-53.42309252981415
31.540881015018048,-33.108198613137816,25.785087652798584,0.17725154712241922,-0.7776280473483312,-53.368758360596715
31.550717308649965,-33.114076405610604,25.789626600562904,0.17737356747259128,-0.7773943944565429,-53.31441424020787
31.560554385183725,-33.119954308992206,25.794167797809223,0.1774954310640642,-0.777160583179523,-53.260060168647655
31.570392245072025,-33.12583232316769,25.798711244537547,0.17761713784509367,-0.7769266135527125,-53.20569614591602
31.58023088876772,-33.13171044802203,25.803256940747872,0.17773868776392712,-0.7766924856115753,-53.151322172013
31.590070316723768,-33.13758868344018,25.8078048864402,0.17786008076880125,-0.7764581993915994,-53.096938246938564
31.599910529393245,-33.14346702930702,25.812355081614534,0.17798131680794294,-0.7762237549282949,-53.042544370692745
31.60975152722936,-33.14934548550738,25.81690752627087,0.1781023958295697,-0.7759891522571962,-52.988140543275534
31.619593310685485,-33.15522405192609,25.821462220409213,0.17822331778189054,-0.7757543914138603,-52.93372676468694
31.629435880215063,-33.161102728447844,25.826019164029553,0.17834408261310283,-0.7755194724338681,-52.87930303492688
31.639279236271673,-33.16698151495733,25.830578357131902,0.1784646902713953,-0.7752843953528228,-52.82486935399548
31.649123379309053,-33.17286041133921,25.835139799716252,0.17858514070494738,-0.7750491602063521,-52.77042572189268
31.658968309781038,-33.178739417478035,25.8397034917826,0.17870543386192794,-0.7748137670301067,-52.71597213861845
31.668814028141586,-33.184618533258345,25.84426943333096,0.17882556969049668,-0.7745782158597599,-52.66150860417282
31.6786605348448,-33.19049775856462,25.84883762436132,0.17894554813880376,-0.7743425067310092,-52.607035118555814
31.688507830344893,-33.19637709328127,25.85340806487368,0.1790653691549893,-0.7741066396795752,-52.55255168176741
31.698355915096208,-33.20225653729269,25.85798075486805,0.179185032687184,-0.7738706147412014,-52.498058293807595
31.708204789553218,-33.208136090483194,25.86255569434442,0.17930453868350923,-0.7736344319516555,-52.443554954676415
31.71805445417052,-33.214015752737055,25.86713288330279,0.1794238870920757,-0.773398091346728,-52.389041664373785
31.727904909402838,-33.21989552393848,25.871712321743168,0.17954307786098553,-0.773161592962233,-52.33451842289978
31.737756155705007,-33.22577540397165,25.876294009665553,0.17966211093833065,-0.7729249368340081,-52.27998523025436
31.747608193532017,-33.23165539272066,25.88087794706993,0.17978098627219347,-0.7726881229979138,-52.22544208643757
31.757461023338962,-33.2375354900696,25.885464133956322,0.17989970381064688,-0.7724511514898349,-52.17088899144939
31.767314645581067,-33.24341569590245,25.890052570324706,0.1800182635017537,-0.7722140223456793,-52.116325945289795
31.777169060713682,-33.24929601010319,25.8946432561751,0.18013666529356762,-0.7719767356013776,-52.06175294795877
31.78702426919229,-33.255176432555714,25.899236191507498,0.18025490913413228,-0.7717392912928847,-52.007169999456366
31.796880271472496,-33.26105696314388,25.903831376321897,0.18037299497148188,-0.7715016894561787,-51.95257709978259
31.806737068010026,-33.266937601751486,25.9084288106183,0.18049092275364093,-0.7712639301272617,-51.897974248937366
31.81659465926074,-33.27281834826228,25.913028494396706,0.1806086924286241,-0.7710260133421583,-51.843361446920795
31.826453045680633,-33.27869920255996,25.917630427657116,0.18072630394443723,-0.770787939136917,-51.7887386937328
31.836312227725788,-33.28458016452818,25.922234610399528,0.18084375724907506,-0.7705497075476105,-51.734105989373404
31.846172205852465,-33.29046123405052,25.92684104262395,0.18096105229052412,-0.7703113186103339,-51.67946333384263
31.85603298051702,-33.296342411010514,25.931449724330363,0.18107818901676037,-0.7700727723612067,-51.624810727140456
31.86589455217594,-33.30222369529167,25.936060655518787,0.18119516737575064,-0.7698340688363716,-51.570148169266844
31.875756921285852,-33.30810508677742,25.94067383618921,0.18131198731545228,-0.769595208071995,-51.515475660221846
31.885620088303472,-33.31398658535111,25.94528926634164,0.18142864878381182,-0.7693561901042663,-51.46079320000549
31.895484053685703,-33.3198681908961,25.94990694597608,0.18154515172876773,-0.7691170149693989,-51.406100788617714
31.905348817889518,-33.32574990329568,25.95452687509251,0.18166149609824772,-0.7688776827036301,-51.351398426058495
31.91521438137205,-33.33163172243304,25.95914905369095,0.18177768184017062,-0.7686381933432208,-51.29668611232794
31.925080744590552,-33.33751364819137,25.963773481771398,0.181893708902445,-0.7683985469244545,-51.24196384742594
31.934947908002382,-33.34339568045379,25.968400159333846,0.18200957723297026,-0.7681587434836394,-51.18723163135259
31.94481587206507,-33.34927781910335,25.97302908637829,0.18212528677963594,-0.7679187830571067,-51.132489464107806
31.954684637236237,-33.35516006402309,25.97766026290474,0.1822408374903222,-0.7676786656812118,-51.077737345691645
31.964554203973634,-33.361042415095945,25.982293688913202,0.18235622931289888,-0.767438391392333,-51.022975276104056
31.97442457273515,-33.366924872204834,25.986929364403657,0.1824714621952271,-0.767197960226873,-50.96820325534511
31.984295743978787,-33.372807435232595,25.991567289376125,0.18258653608515782,-0.7669573722212575,-50.91342128341474
31.994167718162696,-33.37869010406205,25.996207463830594,0.18270145093053233,-0.7667166274119366,-50.858629360312996
32.00404049574515,-33.384572878575945,26.000849887767064,0.18281620667918294,-0.7664757258353836,-50.80382748603981
32.01391407718453,-33.39045575865698,26.005494561185532,0.1829308032789314,-0.7662346675280952,-50.74901566059521
32.02378846293936,-33.396338744187766,26.01014148408601,0.1830452406775905,-0.7659934525265928,-50.69419388397929
32.03366365346827,-33.40222183505092,26.01479065646849,0.18315951882296305,-0.7657520808674206,-50.63936215619191
32.04353964923006,-33.40810503112897,26.01944207833297,0.1832736376628428,-0.7655105525871468,-50.58452047723313
32.05341645068364,-33.413988332304406,26.024095749679457,0.18338759714501335,-0.7652688677223636,-50.529668847102975
32.06329405828801,-33.41987173845965,26.028751670507948,0.18350139721724837,-0.7650270263096866,-50.474807265801424
32.07317247250235,-33.425755249477064,26.033409840818436,0.18361503782731292,-0.7647850283857551,-50.41993573332848
32.08305169378593,-33.43163886523901,26.03807026061093,0.1837285189229617,-0.7645428739872331,-50.3650542496841
32.09293172259817,-33.437522585627704,26.042732929885435,0.18384184045193996,-0.7643005631508069,-50.31016281486838
32.10281255939862,-33.44340641052541,26.047397848641932,0.1839550023619836,-0.7640580959131875,-50.2552614288812
32.11269420464693,-33.44929033981427,26.05206501688044,0.1840680046008182,-0.7638154723111099,-50.20035009172264
32.12257665880291,-33.45517437337638,26.05673443460095,0.1841808471161607,-0.7635726923813322,-50.145428803392704
32.13245992232647,-33.461058511093825,26.06140610180347,0.18429352985571773,-0.7633297561606367,-50.09049756389139
32.142343995677685,-33.46694275284859,26.066080018487984,0.18440605276718675,-0.7630866636858301,-50.035556373218604
32.1522288793167,-33.47282709852262,26.070756184654506,0.1845184157982547,-0.7628434149937418,-49.98060523137446
32.16211457370386,-33.47871154799781,26.075434600303026,0.1846306188966006,-0.762600010121226,-49.92564413835894
32.17200107929956,-33.484596101156015,26.08011526543356,0.1847426620098923,-0.7623564491051598,-49.870673094171984
32.1818883965644,-33.49048075787902,26.08479818004608,0.18485454508578872,-0.7621127319824457,-49.815692098813635
32.19177652595905,-33.49636551804854,26.08948334414061,0.18496626807193906,-0.7618688587900084,-49.76070115228393
32.20166546794433,-33.502250381546276,26.09417075771715,0.18507783091598293,-0.7616248295647976,-49.70570025458277
32.21155522298119,-33.50813534825384,26.09886042077569,0.18518923356555025,-0.7613806443437863,-49.65068940571024
32.22144579153071,-33.51402041805281,26.10355233331623,0.18530047596826169,-0.7611363031639722,-49.59566860566629
32.23133717405408,-33.5199055908247,26.108246495338776,0.185411558071728,-0.7608918060623762,-49.540637854450964
32.24122937101266,-33.525790866450976,26.11294290684333,0.18552247982355025,-0.760647153076043,-49.48559715206424
32.251122382867884,-33.53167624481306,26.117641567829878,0.18563324117132038,-0.7604023442420422,-49.43054649850612
32.26101621008134,-33.5375617257923,26.12234247829844,0.18574384206262018,-0.7601573795974665,-49.375485893776585
32.27091085311476,-33.54344730927,26.127045638248998,0.18585428244502225,-0.759912259179433,-49.32041533787565
32.28080631242998,-33.54933299512739,26.131751047681565,0.185964562266089,-0.7596669830250824,-49.26533483080333
32.29070258848898,-33.55521878324569,26.136458706596127,0.1860746814733746,-0.7594215511715798,-49.210244372559615
32.30059968175385,-33.56110467350603,26.141168614992697,0.18618464001442164,-0.7591759636561142,-49.15514396314448
32.31049759268684,-33.5669906657895,26.145880772871266,0.18629443783676505,-0.7589302205158985,-49.10003360255795
32.3203963217503,-33.57287675997712,26.150595180231846,0.18640407488792915,-0.7586843217881696,-49.04491329080003
32.33029586940671,-33.578762955949884,26.15531183707443,0.18651355111542847,-0.7584382675101888,-48.98978302787071
32.3401962361187,-33.58464925358869,26.160030743399005,0.18662286646676887,-0.7581920577192411,-48.934642813769976
32.350097422349,-33.590535652774435,26.164751899205594,0.1867320208894456,-0.7579456924526357,-48.87949264849785
32.359999428560506,-33.59642215338791,26.16947530449419,0.18684101433094535,-0.7576991717477055,-48.82433253205438
32.36990225521621,-33.60230875530989,26.174200959264773,0.18694984673874446,-0.7574524956418079,-48.76916246443942
32.379805902779246,-33.608195458421086,26.178928863517374,0.18705851806030968,-0.7572056641723244,-48.713982445653116
32.38971037171285,-33.61408226260212,26.183659017251973,0.18716702824309864,-0.7569586773766606,-48.658792475695414
32.39961566248046,-33.619969167733615,26.18839142046858,0.1872753772345594,-0.756711535292246,-48.60359255456632
32.40952177554555,-33.62585617369611,26.193126073167182,0.18738356498212977,-0.7564642379565343,-48.54838268226582
32.41942871137181,-33.63174328037008,26.19786297534779,0.18749159143323899,-0.7562167854070035,-48.4931628587939
32.42933647042298,-33.63763048763597,26.2026021270104,0.18759945653530583,-0.7559691776811555,-48.437933084150586
32.439245053162985,-33.64351779537414,26.207343528155018,0.18770716023573986,-0.7557214148165163,-48.3826933583359
32.44915446005586,-33.64940520346493,26.21208717878164,0.187814702481941,-0.7554734968506367,-48.32744368134979
32.459064691565764,-33.65529271178859,26.216833078890268,0.18792208322129964,-0.7552254238210905,-48.2721840531923
32.46897574815699,-33.66118032022536,26.221581228480886,0.18802930240119692,-0.7549771957654774,-48.21691447386336
32.47888763029398,-33.66706802865538,26.226331627553517,0.18813635996900407,-0.7547288127214196,-48.16163494336308
32.48880033844127,-33.672955836958764,26.231084276108152,0.18824325587208232,-0.7544802747265642,-48.106345461691376
32.49871387306354,-33.67884374501555,26.235839174144793,0.18834999005778386,-0.7542315818185832,-48.05104602884832
32.50862823462561,-33.68473175270574,26.24059632166343,0.18845656247345166,-0.7539827340351715,-47.9957366448338
32.51854342359241,-33.69061985990925,26.245355718664076,0.1885629730664184,-0.7537337314140489,-47.94041730964793
