galstreams/tracks/track.st.C-8.ibata2021.ecsv
# %ECSV 0.9
# ---
# datatype:
# - {name: ra, unit: deg, datatype: float64}
# - {name: dec, unit: deg, datatype: float64}
# - {name: distance, unit: kpc, datatype: float64}
# - {name: pm_ra_cosdec, unit: mas / yr, datatype: float64}
# - {name: pm_dec, unit: mas / yr, datatype: float64}
# - {name: radial_velocity, unit: km / s, datatype: float64}
# delimiter: ','
# meta: !!omap
# - __serialized_columns__:
#     dec:
#       __class__: astropy.coordinates.angles.Latitude
#       unit: &id001 !astropy.units.Unit {unit: deg}
#       value: !astropy.table.SerializedColumn {name: dec}
#     distance:
#       __class__: astropy.coordinates.distances.Distance
#       unit: !astropy.units.Unit {unit: kpc}
#       value: !astropy.table.SerializedColumn {name: distance}
#     pm_dec:
#       __class__: astropy.units.quantity.Quantity
#       unit: !astropy.units.Unit {unit: mas / yr}
#       value: !astropy.table.SerializedColumn {name: pm_dec}
#     pm_ra_cosdec:
#       __class__: astropy.units.quantity.Quantity
#       unit: !astropy.units.Unit {unit: mas / yr}
#       value: !astropy.table.SerializedColumn {name: pm_ra_cosdec}
#     ra:
#       __class__: astropy.coordinates.angles.Longitude
#       unit: *id001
#       value: !astropy.table.SerializedColumn {name: ra}
#       wrap_angle: !astropy.coordinates.Angle
#         unit: *id001
#         value: 360.0
#     radial_velocity:
#       __class__: astropy.units.quantity.Quantity
#       unit: !astropy.units.Unit {unit: km / s}
#       value: !astropy.table.SerializedColumn {name: radial_velocity}
# schema: astropy-2.0
ra,dec,distance,pm_ra_cosdec,pm_dec,radial_velocity
[from data line 419]
340.6487688682071,-78.11921198873162,3.524203636100603,8.441002164766616,6.60761712527549,-5.4734986344170195e-14
340.65565818675117,-78.109548340426,3.523137493305366,8.440613369572839,6.6090949645433685,-6.315575347404254e-14
340.66250738851164,-78.09988370802023,3.5220703770235144,8.44022516944305,6.610565323260066,-6.315575347404254e-14
340.6693168650631,-78.09021810235308,3.5210023108976074,8.43983752862994,6.612028228379305,-6.73661370389787e-14
340.6760870067631,-78.08055153421772,3.519933318570205,8.43945041148487,6.613483706671496,-5.0524602779234026e-14
340.6828182027565,-78.07088401436273,3.5188634236838676,8.439063782457833,6.614931784724359,-4.631421921429786e-14
340.68951084097927,-78.06121555349209,3.5177926498811565,8.438677606097409,6.6163724889435995,-6.73661370389787e-14
340.69616530816296,-78.05154616226602,3.51672102080463,8.438291847050735,6.617805845553574,-6.73661370389787e-14
340.7027819898392,-78.04187585130111,3.5156485600968495,8.437906470063433,6.619231880597905,-7.578690416885104e-14
340.7093612703434,-78.03220463117117,3.5145752914003743,8.437521439979609,6.62065061994014,-6.73661370389787e-14
340.7159035328192,-78.02253251240725,3.5135012383577653,8.437136721741746,6.622062089264393,-5.4734986344170195e-14
340.72240915922265,-78.01285950549854,3.512426424611582,8.436752280390733,6.623466314075974,-7.157652060391487e-14
340.72887853032665,-78.00318562089234,3.511350873804385,8.436368081065723,6.624863319702053,-6.73661370389787e-14
340.73531202572457,-77.99351086899502,3.5102746095787363,8.435984089004167,6.626253131292227,-7.578690416885104e-14
340.74171002383474,-77.98383526017186,3.5091976555771933,8.435600269541712,6.627635773819209,-5.4734986344170195e-14
340.7480729019046,-77.97415880474814,3.5081200354423165,8.435216588112166,6.6290112720794125,-6.315575347404254e-14
340.7544010360148,-77.96448151300896,3.5070417728166676,8.434833010247445,6.630379650693572,-7.999728773378721e-14
340.7606948010834,-77.95480339519996,3.5059628913428047,8.434449501577488,6.631740934107403,-7.578690416885104e-14
340.76695457086964,-77.94512446152784,3.5048834146632903,8.434066027830239,6.633095146592133,-5.894536990910637e-14
340.7731807179786,-77.93544472216043,3.503803366420683,8.433682554831579,6.6344423122451825,-4.631421921429786e-14
340.7793736138647,-77.92576418722747,3.502722770257544,8.433299048505257,6.635782454990721,-5.0524602779234026e-14
340.7855336288364,-77.91608286682063,3.5016416498164324,8.432915474872818,6.637115598580313,-6.73661370389787e-14
340.7916611320597,-77.9064007709943,3.5005600287399092,8.432531800053585,6.638441766593466,-5.4734986344170195e-14
340.79775649156255,-77.89671790976557,3.499477930670534,8.432147990264543,6.639760982438273,-7.578690416885104e-14
340.80382007423884,-77.88703429311501,3.4983953792508684,8.431764011820315,6.641073269351955,-5.0524602779234026e-14
340.80985224585226,-77.87734993098668,3.4973123981234693,8.4313798311331,6.642378650401488,-5.0524602779234026e-14
340.8158533710406,-77.8676648332889,3.4962290109309007,8.430995414712557,6.643677148484172,-6.315575347404254e-14
340.82182381331955,-77.85797900989411,3.4951452413157207,8.43061072916581,6.644968786328202,-5.4734986344170195e-14
340.82776393508686,-77.84829247063985,3.4940611129204906,8.430225741197333,6.646253586493261,-6.315575347404254e-14
340.83367409762616,-77.83860522532851,3.4929766493877676,8.4298404176089,6.647531571371085,-6.73661370389787e-14
340.83955466111115,-77.8289172837282,3.4918918743601157,8.429454725299511,6.6488027631860405,-5.0524602779234026e-14
340.8454059846094,-77.81922865557267,3.4908068114800943,8.429068631265324,6.6500671839956755,-6.73661370389787e-14
340.8512284260864,-77.80953935056208,3.489721484390261,8.428682102599598,6.651324855691314,-5.894536990910637e-14
340.8570223424094,-77.79984937836285,3.4886359167331795,8.428295106492603,6.6525757999985755,-5.894536990910637e-14
340.86278808935157,-77.79015874860856,3.487550132151407,8.427907610231568,6.653820038477966,-6.73661370389787e-14
340.8685260215957,-77.78046747089971,3.486464154287506,8.427519581200585,6.6550575925254245,-5.894536990910637e-14
340.87423649273825,-77.77077555480456,3.485378006784035,8.427130986880567,6.656288483372858,-5.4734986344170195e-14
340.8799198552931,-77.761083009859,3.4842917132835547,8.426741794849155,6.657512732088712,-5.894536990910637e-14
340.88557646069575,-77.75138984556732,3.483205297428625,8.42635197278065,6.658730359578496,-6.73661370389787e-14
340.8912066593069,-77.74169607140202,3.482118782861807,8.425961488445932,6.6599413865853485,-6.315575347404254e-14
340.89681080041623,-77.73200169680467,3.4810321932256603,8.425570309712413,6.661145833690538,-8.420767129872338e-14
340.9023892322469,-77.72230673118567,3.4799455521627456,8.425178404543916,6.662343721314041,-7.157652060391487e-14
340.9079423019585,-77.71261118392505,3.4788588833156213,8.424785741000658,6.663535069715034,-7.157652060391487e-14
340.9134703556516,-77.70291506437229,3.477772210326849,8.424392287239112,6.664719898992462,-6.315575347404254e-14
340.9189737383713,-77.6932183818471,3.47668555683899,8.42399801151198,6.66589822908552,-5.894536990910637e-14
340.92445279411095,-77.68352114563923,3.4755989464946024,8.423602882168092,6.667070079774225,-5.0524602779234026e-14
340.92990786581606,-77.67382336500918,3.4745124029362477,8.423206867652345,6.668235470679892,-5.0524602779234026e-14
340.93533929538825,-77.66412504918813,3.4734259498064843,8.422809936505617,6.669394421265666,-6.73661370389787e-14
340.9407474236888,-77.65442620737838,3.472339610747875,8.422412057364664,6.6705469508370685,-7.157652060391487e-14
340.94613259054233,-77.64472684875369,3.4712534094029768,8.422013198962102,6.671693078542448,-4.631421921429786e-14
340.951495134741,-77.63502698245935,3.4701673694143533,8.421613330126277,6.672832823373528,-7.578690416885104e-14
340.9568353940477,-77.6253266176127,3.4690815144245635,8.42121241978121,6.673966204165893,-5.894536990910637e-14
340.96215370520036,-77.61562576330303,3.467995868076166,8.42081043694651,6.675093239599531,-7.157652060391487e-14
340.9674504039151,-77.60592442859226,3.4669104540117224,8.420407350737314,6.67621394819925,-3.789345208442552e-14
340.97272582489035,-77.59622262251479,3.4658252958737927,8.420003130364172,6.67732834833528,-5.4734986344170195e-14
340.97798030181036,-77.58652035407805,3.464740417304937,8.41959774513301,6.6784364582236595,-6.315575347404254e-14
340.9832141673491,-77.57681763226249,3.4636558419477153,8.419191164445014,6.679538295926816,-5.4734986344170195e-14
340.9884277531736,-77.56711446602213,3.462571593444688,8.418783357796588,6.6806338793539926,-5.4734986344170195e-14
340.99362138994786,-77.55741086428438,3.4614876954384153,8.418374294779236,6.681723226261759,-5.894536990910637e-14
340.9987954073365,-77.54770683595068,3.460404171571458,8.417963945079508,6.682806354254492,-5.894536990910637e-14
341.0039501340083,-77.53800238989639,3.4593210454863748,8.41755227847893,6.683883280784842,-7.999728773378721e-14
341.00908589763986,-77.5282975349713,3.458238340825726,8.417139264853885,6.684954023154235,-6.315575347404254e-14
341.0142030249195,-77.51859227999957,3.457156081232073,8.416724874175566,6.686018598513314,-5.894536990910637e-14
341.01930184155015,-77.5088866337802,3.456074290347976,8.416309076509906,6.687077023862414,-6.73661370389787e-14
341.02438267225386,-77.49918060508696,3.454992991815994,8.415891842017459,6.68812931605207,-5.894536990910637e-14
341.0294458407747,-77.48947420266899,3.453912209278687,8.415473140953361,6.689175491783425,-5.894536990910637e-14
341.0344916698827,-77.47976743525045,3.452831966378618,8.415052943667215,6.690215567608728,-5.894536990910637e-14
341.0395204813772,-77.47006031153134,3.4517522867583432,8.41463122060305,6.691249559931795,-5.4734986344170195e-14
341.04453259609073,-77.46035284018711,3.450673194060425,8.414207942299209,6.692277485008445,-7.578690416885104e-14
341.04952833389194,-77.45064502986938,3.4495947119274235,8.41378307938829,6.693299358946964,-6.315575347404254e-14
341.0545080136899,-77.44093688920557,3.448516864001899,8.413356602597059,6.6943151977085655,-5.894536990910637e-14
341.05947195343697,-77.4312284267997,3.4474396739264113,8.412928482746374,6.6953250171078205,-3.789345208442552e-14
341.0644204701328,-77.42151965123196,3.4463631653435205,8.41249869075111,6.696328832813132,-6.73661370389787e-14
341.0693538798274,-77.41181057105939,3.445287361895786,8.412067197620068,6.697326660347147,-5.894536990910637e-14
341.07427249762503,-77.40210119481563,3.44421228722577,8.411633974455913,6.698318515087227,-5.894536990910637e-14
341.0791766376873,-77.3923915310115,3.4431379649760308,8.411198992455095,6.699304412265858,-5.0524602779234026e-14
341.084066613237,-77.38268158813474,3.44206441878913,8.41076222290774,6.7002843669711165,-6.315575347404254e-14
341.0889427365612,-77.37297137465058,3.4409916723076264,8.410323637197639,6.701258394147077,-5.0524602779234026e-14
341.09380531901496,-77.36326089900153,3.4399197491740816,8.409883206802093,6.702226508594258,-2.947268495455318e-14
341.0986546710247,-77.35355016960773,3.438848673031054,8.409440903291904,6.70318872497004,-7.157652060391487e-14
341.10349110209154,-77.34383919486714,3.437778467521106,8.408996698331238,6.704145057789125,-6.315575347404254e-14
341.10831492079467,-77.33412798315557,3.4367091562867964,8.408550563677608,6.7050955214239,-5.4734986344170195e-14
341.11312643479494,-77.32441654282682,3.435640762970685,8.408102471181756,6.706040130104907,-3.368306851948935e-14
341.1179259508381,-77.31470488221295,3.434573311215333,8.407652392787593,6.706978897921243,-5.894536990910637e-14
341.1227137747584,-77.30499300962421,3.4335068246632994,8.407200300532127,6.707911838820997,-5.894536990910637e-14
341.12749021148136,-77.29528093334939,3.4324413269571465,8.406746166545368,6.708838966611619,-5.894536990910637e-14
341.1322555650279,-77.28556866165574,3.431376841739432,8.40628996305029,6.709760294960383,-6.315575347404254e-14
341.1370101385173,-77.27585620278931,3.4303133926527174,8.40583166236272,6.710675837394767,-5.894536990910637e-14
341.1417542341704,-77.26614356497485,3.4292510033395622,8.4053712368913,6.711585607302856,-7.578690416885104e-14
341.1464881533131,-77.25643075641607,3.4281896974425274,8.40490865913737,6.712489617933765,-3.789345208442552e-14
341.1512121963797,-77.24671778529573,3.427129498604173,8.404443901694949,6.713387882398034,-4.210383564936169e-14
341.15592666291616,-77.23700465977574,3.4260704304670595,8.403976937250599,6.71428041366802,-5.4734986344170195e-14
341.1606318515834,-77.22729138799723,3.4250125166737457,8.403507738583428,6.715167224578305,-5.894536990910637e-14
341.16532806016045,-77.21757797808068,3.423955780866793,8.403036278564949,6.716048327826092,-5.0524602779234026e-14
341.17001558554784,-77.20786443812607,3.422900246688761,8.402562530159056,6.71692373597158,-4.631421921429786e-14
341.174694723771,-77.1981507762129,3.4218459377822095,8.402086466421931,6.717793461438379,-5.0524602779234026e-14
341.1793657699831,-77.18843700040033,3.4207928777897005,8.40160806050198,6.71865751651389,-6.315575347404254e-14
341.18402901846883,-77.17872311872722,3.4197410903537917,8.40112728563977,6.719515913349682,-6.73661370389787e-14
341.18868476264703,-77.16900913921228,3.4186905991170455,8.400644115167948,6.720368663961884,-4.210383564936169e-14
341.1933332950743,-77.15929506985411,3.4176414277220215,8.400158522511191,6.721215780231564,-4.210383564936169e-14
341.1979749074481,-77.14958091863133,3.4165935998112777,8.399670481186128,6.722057273905117,-5.0524602779234026e-14
341.20260989061006,-77.13986669350257,3.415547139027377,8.399179964801245,6.722893156594641,-4.210383564936169e-14
341.20723853454894,-77.13015240240664,3.4145020690128782,8.398686947056884,6.7237234397782935,-5.4734986344170195e-14
341.2118611284038,-77.1204380532625,3.4134584134103427,8.398191401745123,6.724548134800685,-4.631421921429786e-14
341.2164779604675,-77.11072365396943,3.41241619586233,8.397693302749722,6.725367252873247,-4.631421921429786e-14
341.2210893181894,-77.10100921240704,3.4113754400113994,8.397192624046081,6.726180805074604,-5.4734986344170195e-14
341.22569548817887,-77.09129473643532,3.4103361695001126,8.39668933970114,6.726988802350916,-5.4734986344170195e-14
341.2302967562082,-77.08158023389473,3.4092984079710287,8.396183423873351,6.727791255516296,-3.789345208442552e-14
341.2348934072157,-77.07186571260623,3.408262179066708,8.395674850812597,6.728588175253097,-6.315575347404254e-14
341.239485725309,-77.06215118037134,3.407227506429711,8.39516359486012,6.729379572112354,-5.4734986344170195e-14
341.2440739937681,-77.0524366449722,3.4061944137025972,8.394649630448496,6.730165456514074,-6.315575347404254e-14
341.2486584950482,-77.04272211417162,3.4051629245279282,8.394132932101531,6.730945838747648,-5.4734986344170195e-14
341.25323951078303,-77.03300759571307,3.4041330625482633,8.393613474434236,6.731720728972163,-5.4734986344170195e-14
341.257817321788,-77.02329309732079,3.403104851406162,8.393091232152745,6.73249013721678,-5.4734986344170195e-14
341.262392208063,-77.01357862669977,3.4020783147441853,8.392566180054269,6.733254073381083,-4.210383564936169e-14
341.2669644487954,-77.00386419153584,3.4010534762048934,8.392038293027037,6.734012547235401,-5.0524602779234026e-14
341.2715343223635,-76.99414979949563,3.4000303594308474,8.39150754605023,6.7347655684211984,-5.4734986344170195e-14
341.27610210633924,-76.98443545822664,3.399008988064605,8.390973914193944,6.735513146451397,-5.0524602779234026e-14
341.2806680774911,-76.97472117535732,3.3979893857487276,8.390437372619113,6.736255290710706,-4.210383564936169e-14
341.28523251178734,-76.96500695849693,3.3969715761257757,8.38989789657747,6.73699201045598,-3.789345208442552e-14
341.2897956843991,-76.95529281523577,3.3959555828383103,8.389355461411476,6.73772331481656,-6.73661370389787e-14
341.29435786970305,-76.94557875314497,3.3949414295288896,8.388810042554294,6.738449212794616,-5.0524602779234026e-14
341.29891934128443,-76.93586477977674,3.3939291398400755,8.388261615529714,6.739169713265446,-6.73661370389787e-14
341.3034803719403,-76.92615090266415,3.392918737414427,8.38771015595211,6.739884824977865,-5.4734986344170195e-14
341.30804123368216,-76.91643712932132,3.3919102458945045,8.387155639526387,6.7405945565544885,-5.894536990910637e-14
341.3126021977392,-76.90672346724332,3.390903688922869,8.386598042047932,6.741298916492093,-5.0524602779234026e-14
341.31716353456073,-76.89700992390623,3.3898990901420802,8.386037339402566,6.741997913161933,-4.631421921429786e-14
341.3217255138198,-76.88729650676703,3.3888964731946976,8.385473507566505,6.74269155481005,-5.4734986344170195e-14
341.3262884044155,-76.87758322326378,3.387895861723283,8.384906522606286,6.743379849557635,-5.894536990910637e-14
341.33085247447616,-76.86787008081544,3.386897279370394,8.38433636067876,6.744062805401329,-5.4734986344170195e-14
341.33541799136236,-76.85815708682198,3.3859007497785933,8.383762998030994,6.744740430213548,-4.210383564936169e-14
341.33998522166934,-76.84844424866426,3.38490629659044,8.383186411000292,6.745412731742781,-5.0524602779234026e-14
341.3445544312304,-76.8387315737041,3.3839139434484946,8.382606576014098,6.746079717613943,-5.0524602779234026e-14
341.3491258851194,-76.82901906928427,3.382923713995316,8.382023469589962,6.746741395328687,-6.315575347404254e-14
341.35369984765396,-76.81930674272836,3.3819356318734664,8.38143706833553,6.747397772265679,-4.210383564936169e-14
341.3582765823977,-76.80959460134088,3.3809497207255044,8.380847348948464,6.748048855680956,-3.789345208442552e-14
341.36285635216393,-76.79988265240718,3.3799660041939914,8.380254288216422,6.748694652708212,-4.210383564936169e-14
341.3674394190176,-76.79017090319343,3.3789845059214865,8.379657863017027,6.749335170359116,-5.894536990910637e-14
