galstreams/tracks/track.st.Slidr.ibata2020.ecsv
# %ECSV 0.9
# ---
# datatype:
# - {name: ra, unit: deg, datatype: float64}
# - {name: dec, unit: deg, datatype: float64}
# - {name: distance, unit: kpc, datatype: float64}
# - {name: pm_ra_cosdec, unit: mas / yr, datatype: float64}
# - {name: pm_dec, unit: mas / yr, datatype: float64}
# - {name: radial_velocity, unit: km / s, datatype: float64}
# delimiter: ','
# meta: !!omap
# - __serialized_columns__:
#     dec:
#       __class__: astropy.coordinates.angles.Latitude
#       unit: &id001 !astropy.units.Unit {unit: deg}
#       value: !astropy.table.SerializedColumn {name: dec}
#     distance:
#       __class__: astropy.coordinates.distances.Distance
#       unit: !astropy.units.Unit {unit: kpc}
#       value: !astropy.table.SerializedColumn {name: distance}
#     pm_dec:
#       __class__: astropy.units.quantity.Quantity
#       unit: !astropy.units.Unit {unit: mas / yr}
#       value: !astropy.table.SerializedColumn {name: pm_dec}
#     pm_ra_cosdec:
#       __class__: astropy.units.quantity.Quantity
#       unit: !astropy.units.Unit {unit: mas / yr}
#       value: !astropy.table.SerializedColumn {name: pm_ra_cosdec}
#     ra:
#       __class__: astropy.coordinates.angles.Longitude
#       unit: *id001
#       value: !astropy.table.SerializedColumn {name: ra}
#       wrap_angle: !astropy.coordinates.Angle
#         unit: *id001
#         value: 360.0
#     radial_velocity:
#       __class__: astropy.units.quantity.Quantity
#       unit: !astropy.units.Unit {unit: km / s}
#       value: !astropy.table.SerializedColumn {name: radial_velocity}
# schema: astropy-2.0
ra,dec,distance,pm_ra_cosdec,pm_dec,radial_velocity
149.21709664322557,17.56642608778715,2.4370000554826583,-27.688179856849956,-8.367751288389172,5.4734986344170195e-14
149.34594101218826,17.364339813821868,2.4467164865202506,-27.663591542206326,-8.352156602548202,5.4734986344170195e-14
149.47526657674354,17.165325035920073,2.456321780335023,-27.638563295866028,-8.336290007235743,1.0104920555846805e-13
149.60506963304672,16.96935363629413,2.465817284574966,-27.613095223507326,-8.32015717078415,8.420767129872338e-14
149.73534655091862,16.776397496899886,2.4752043468880705,-27.587187459841076,-8.303763680242774,1.2631150694808508e-13
149.86609376843583,16.586428499832085,2.4844843149223257,-27.560840168130067,-8.287115043290289,5.0524602779234026e-14
149.9973077867317,16.39941852770954,2.493658536325721,-27.53405353972148,-8.270216690070582,1.1368035625327657e-13
150.12898516500084,16.215339464050082,2.5027283587462485,-27.506827793591743,-8.253073974956342,4.631421921429786e-14
150.261122515697,16.034163193635962,2.511695129831896,-27.47916317590304,-8.235692178244651,7.999728773378721e-14
150.39371649991762,15.855861602869759,2.520560197230655,-27.451059959570664,-8.218076507788144,1.0946997268834039e-13
150.52676382296673,15.680406580121238,2.529324908590515,-27.422518443840787,-8.200232100565618,1.8104649329225526e-13
150.6602612300891,15.507770016065482,2.537990611559465,-27.39353895387776,-8.182164024195346,1.642049590325106e-13
150.79420550236915,15.337923804012277,2.546558653785498,-27.364121840360628,-8.163877278394363,1.4736342477276593e-13
150.92859345278754,15.170839840227522,2.5550303829166006,-27.334267479088325,-8.145376796386817,3.789345208442552e-14
151.0634219224299,15.006490024246313,2.5634071466007646,-27.3039762705926,-8.126667446264179,9.262843842859572e-14
151.19868777684152,14.84484625917835,2.5716902924859806,-27.273248639759004,-8.1077540323,1.6841534259744676e-14
151.33438790252228,14.685880452005701,2.5798811682202367,-27.2420850354547,-8.088641296221923,9.683882199353189e-14
151.47051920355685,14.529564513873105,2.5879811214515245,-27.210485930163255,-8.069333918443085,1.515738083377021e-13
151.60707859837476,14.375870360371128,2.595991499827834,-27.178451819625618,-8.049836519255443,1.6841534259744677e-13
151.744063016636,14.224769911812157,2.6039136509971548,-27.14598322248746,-8.03015365998694,1.1368035625327657e-13
151.8814693962368,14.076235093499642,2.6117489226074766,-27.11308067995183,-8.010289844124674,1.347322740779574e-13
152.019294680432,13.930237835990491,2.61949866230679,-27.079744755437467,-7.990249518405806,5.0524602779234026e-14
152.15753581506934,13.786750075350977,2.6271642177430845,-27.045976034242226,-7.970037073878128,4.631421921429786e-14
152.29618974593188,13.645743753406137,2.6347469365643508,-27.01177512321119,-7.949656846931804,2.5262301389617013e-14
152.43525341618457,13.507190817982963,2.6422481664185784,-26.97714265040962,-7.929113120304005,9.683882199353189e-14
152.57472376392136,13.371063223147349,2.6496692549537566,-26.942079264800114,-7.908410124057767,3.368306851948935e-14
152.7145977198097,13.237332929435,2.6570115498178772,-26.906585635924095,-7.887552036536522,1.1789073981821273e-13
152.85487220482824,13.105971904076506,2.66427639865893,-26.87066245358722,-7.866542985295587,6.315575347404254e-14
152.99554412809564,12.976952121216483,2.671465149124903,-26.834310427548687,-7.845387048011814,-1.6841534259744676e-14
153.1366103847863,12.850245562127057,2.6785791488637893,-26.797530287214137,-7.824088253372464,5.894536990910637e-14
153.2780678541311,12.725824215415743,2.6856197455235757,-26.76032278133221,-7.802650581944497,5.894536990910637e-14
153.41991339749944,12.603660077227826,2.6925882867522546,-26.722688677694403,-7.78107796702509,9.262843842859572e-14
153.56214385656043,12.483725151443277,2.6994861201978155,-26.68462876283833,-7.759374295474483,8.420767129872338e-14
153.70475605152015,12.365991449868433,2.706314593508247,-26.646143841754064,-7.737543408531831,8.841805486365955e-14
153.84774677943358,12.250430992422274,2.7130750543315414,-26.607234737593686,-7.7155891026149845,3.789345208442552e-14
153.99111281258664,12.13701580731778,2.719768850315687,-26.567902291383806,-7.693515130104868,9.683882199353189e-14
154.13485089694854,12.02571793123801,2.7263973291086754,-26.52814736174106,-7.6713252001151275,3.368306851948935e-14
154.27895775069032,11.916509409507231,2.732961838358495,-26.487970824590473,-7.649022979247776,8.841805486365955e-14
154.4234300627686,11.809362296257206,2.7394637257131365,-26.44737357288669,-7.626612092335234,1.515738083377021e-13
154.56826449157154,11.704248654588513,2.7459043388205906,-26.40635651633799,-7.604096123169505,1.0946997268834039e-13
154.71345766362555,11.60114055672717,2.7522850253288453,-26.364920581133063,-7.58147861521884,7.578690416885104e-14
154.8590061723614,11.500010084176443,2.758607132885894,-26.3230667096705,-7.558763072332324,1.221011233831489e-13
155.0049065769361,11.400829327864146,2.7648720091397228,-26.280795860291036,-7.535952959432946,3.368306851948935e-14
155.1511554011107,11.303570388285214,2.7710810017383247,-26.23810900701242,-7.5130517031993715,6.315575347404254e-14
155.2977491321814,11.208205375639833,2.7772354583296885,-26.195007139266995,-7.490062692736757,5.894536990910637e-14
155.44468421996189,11.114706409967054,2.783336726561805,-26.15149126164197,-7.466989280237054,5.0524602779234026e-14
155.59195707581634,11.023045621274044,2.789386154082663,-26.107562393622295,-7.443834781628908,5.6840178126638284e-14
155.73956407174055,10.933195149660953,2.7953850885402542,-26.063221569336275,-7.420602477217457,3.368306851948935e-14
155.88750153949044,10.845127145441465,2.801334877582566,-26.01846983730383,-7.397295612314311,2.947268495455318e-14
156.03576576975567,10.758813769259186,2.8072368688575904,-25.973308260187412,-7.373917397857767,5.2629794561702114e-14
156.18435301137802,10.674227192199744,2.8130924100133186,-25.92773791454565,-7.350471011023529,1.473634247727659e-14
156.33325947061218,10.59133959589883,2.818902848697738,-25.88175989058976,-7.326959595826034,3.5788260301957434e-14
156.48248131042817,10.510123172646075,2.8246695325588402,-25.83537529194257,-7.3033862637104745,3.368306851948935e-14
156.63201464985406,10.430550125484949,2.8303938092446144,-25.788585235400344,-7.279754094135667,1.620997672500425e-13
156.7818555633577,10.352592668308647,2.8360770264030517,-25.741390850697464,-7.2560661351478055,6.105056169157445e-14
156.93200008026633,10.276223025951975,2.8417205316821406,-25.69379328027377,-7.232325403945193,6.73661370389787e-14
157.08244418422262,10.201413434279447,2.847325672729873,-25.64579367904476,-7.208534887433933,-6.315575347404253e-15
157.2331838126766,10.128136140269433,2.8528937971942367,-25.597393214174737,-7.18469754277471,1.2631150694808508e-13
157.38421485641214,10.0563634020945,2.8584262527232247,-25.54859306485262,-7.1608162979205385,-8.420767129872338e-15
157.53553315910642,9.986067489198023,2.8639243869648245,-25.499394422070928,-7.136894052145643,8.841805486365955e-14
157.68713451692267,9.91722068236705,2.8693895475670264,-25.449798488407357,-7.112933676565304,1.4525823299029783e-13
157.8390146781335,9.84979527380145,2.8748230821778216,-25.399806477809634,-7.088938014646738,2.1051917824680846e-14
157.9911693427758,9.78376356717941,2.880226338445199,-25.349419615383113,-7.064909882710966,1.1789073981821273e-13
158.14359416233427,9.719097877719406,2.8856006640171494,-25.298639137181457,-7.040852070425615,2.5262301389617013e-14
158.29628473945453,9.655770532238472,2.8909474065416623,-25.247466290000425,-7.0167673412886185,9.052324664612763e-14
158.44923662768397,9.593753869207017,2.896267913666728,-25.19590233117455,-6.9926584331027115,6.315575347404253e-15
158.60244533123952,9.5330202388001,2.901563533040337,-25.143948528377038,-6.968528058440762,9.052324664612763e-14
158.7559063048021,9.47354200294526,2.9068356123104784,-25.09160615942276,-6.944378905101745,4.631421921429786e-14
158.9096149533364,9.415291535366874,2.9120854991251424,-25.038876512074264,-6.920213636557351,1.642049590325106e-13
159.06356663193571,9.358241221627171,2.917314541132321,-24.98576088385103,-6.896034892389206,1.3894265764289357e-13
159.21775664569097,9.302363459163791,2.922524085980002,-24.93226058184197,-6.871845288716456,1.0525958912340423e-13
159.37218024958284,9.247630657324105,2.927715481316175,-24.878376922520907,-6.847647418613862,1.3052189051302125e-13
159.52683264839723,9.194015237396137,2.9328900747888316,-24.82411123156546,-6.823443852520061,1.2631150694808506e-14
159.6817089966626,9.141489632636251,2.938049214045961,-24.76946484367906,-6.799237138636165,6.73661370389787e-14
159.83680439860902,9.090026288293574,2.943194246735554,-24.714439102416215,-6.775029803314366,1.0525958912340423e-13
159.9921139081482,9.03959766163117,2.9483265205055993,-24.65903536001114,-6.750824351436691,3.157787673702127e-14
160.14763252887388,8.990176221944076,2.9534473830040877,-24.60325497720942,-6.7266232667836166,1.3052189051302125e-13
160.30335521408244,8.941734450574046,2.9585581818790105,-24.547099323103218,-6.7024290123925585,6.105056169157445e-14
160.45927686681222,8.894244840921303,2.9636602647783565,-24.490569774969607,-6.678244030906194,2.7367493172085098e-14
160.6153923399025,8.847679898453022,2.968754979350115,-24.433667718112247,-6.654070744910408,1.0736478090587231e-13
160.77169643607044,8.802012140708792,2.9738436732422766,-24.376394545706358,-6.629911557261829,9.683882199353189e-14
160.92818390800602,8.757214097302946,2.978927694102832,-24.318751658646956,-6.605768851404992,8.420767129872338e-14
161.08484945848457,8.713258309923862,2.9840083895797704,-24.26074046540055,-6.581644991678858,1.894672604221276e-14
161.24168774049616,8.670117332330221,2.9890871073210827,-24.20236238185987,-6.557542323612754,4.210383564936169e-14
161.39869335739226,8.62776373034418,2.9941651949747583,-24.143618831202218,-6.533463174211593,1.2631150694808506e-14
161.5558608630478,8.586170081841665,2.9992440001887863,-24.084511243750853,-6.509409852230399,8.21024795162553e-14
161.71318476203982,8.54530897673955,3.004324870611159,-24.0250410568398,-6.485384648437959,5.894536990910637e-14
161.87065950984146,8.505153016979941,3.0094091538898646,-23.96520971468197,-6.461389835869625,5.6840178126638284e-14
162.02827951303118,8.465674816511477,3.0144981976728946,-23.90501866824045,-6.4374276700692254,-1.2631150694808506e-14
162.1860391295168,8.42684700126771,3.019593349608238,-23.84446937510317,-6.413500389319968,-6.315575347404253e-15
162.34393266877424,8.388642209142557,3.0246959573438836,-23.783563299360736,-6.389610214864411,-1.473634247727659e-14
162.50195439210069,8.3510330899628,3.0298073685278246,-23.72230191148757,-6.365759351113314,1.2841669873055315e-13
162.66009851288118,8.313992305457802,3.0349289308080487,-23.66068668822624,-6.341949985843535,9.262843842859572e-14
162.81835919686958,8.277492529226224,3.0400619918325464,-23.59871911247499,-6.318184290384788,-8.420767129872338e-15
162.97673056248266,8.241506446699937,3.0452078992493075,-23.536400673178473,-6.294464419795354,-4.210383564936169e-15
163.13520668110743,8.206006755105056,3.050368000706323,-23.47373286522164,-6.270792513026683,9.47336302110638e-14
163.29378157742167,8.170966163420143,3.0555436438515824,-23.410717189326757,-6.24717069307693,4.210383564936169e-15
163.45244922972662,8.136357392331593,3.0607361763330747,-23.347355151953614,-6.223601067133428,7.999728773378721e-14
163.6112035702932,8.102153174186101,3.065946945798792,-23.2836482652027,-6.200085726704086,1.2631150694808506e-14
163.77003848571925,8.068326252940516,3.071177299896722,-23.21959804672158,-6.176626747737811,-2.315710960714893e-14
163.92894781729998,8.034849384108682,3.0764285862748575,-23.155206019614184,-6.153226190733877,2.7367493172085098e-14
164.08792536140973,8.001695334705634,3.0817021525811854,-23.090473712353212,-6.129886100840434,8.420767129872338e-15
164.24696486989563,7.968836883188949,3.086999346463698,-23.02540265869548,-6.10660850794205,-2.7367493172085098e-14
164.40606005048278,7.936246819397355,3.0923215155703847,-22.959994397600166,-6.08339542673649,5.894536990910637e-14
164.56520456719068,7.903897944486603,3.097670007549235,-22.894250473150084,-6.060248856800699,3.368306851948935e-14
164.72439204076085,7.871763070862555,3.10304617004824,-22.828172434475675,-6.037170782646125,8.420767129872338e-14
164.88361604909562,7.839815022111568,3.108451350715388,-22.761761835682066,-6.014163173763449,-1.473634247727659e-14
165.04287012770746,7.8080266329281525,3.1138868971986717,-22.695020235778657,-5.991227984656829,-1.473634247727659e-14
165.2021477701791,7.776370749039921,3.119354157146079,-22.627949198611827,-5.968367154867755,2.947268495455318e-14
165.3614424286342,7.74482022712985,3.1248544782056,-22.5605502928001,-5.945582608988637,-2.7367493172085098e-14
165.52074751421821,7.713347934755838,3.130389208025226,-22.49282509167207,-5.922876256666253,-1.2631150694808506e-14
165.68005639758937,7.68192675026763,3.1359596942529464,-22.4247751732072,-5.900249992595181,2.947268495455318e-14
165.83936240941975,7.650529562721057,3.141567284536751,-22.35640211997891,-5.877705696501388,7.157652060391487e-14
165.99865884090616,7.61912927178967,3.1472133265246294,-22.287707519100586,-5.855245233116081,1.894672604221276e-14
166.15793894429038,7.587698787673715,3.1528991678645726,-22.218692962173904,-5.8328704521400345,1.473634247727659e-14
166.3171959333893,7.556211031006558,3.15862615620457,-22.14936004523979,-5.810583188198535,4.8419410996765944e-14
166.47642298413393,7.52463893275847,3.164395639192612,-22.07971036873183,-5.7883852607871304,2.315710960714893e-14
166.6356132351176,7.492955434137909,3.170208964476688,-22.00974553743212,-5.766278474208396,7.789209595131913e-14
166.79475978815321,7.461133486490194,3.17606747970479,-21.93946716042951,-5.744264617499883,-5.0524602779234026e-14
166.95385570883894,7.429146051193731,3.1819725325249055,-21.868876851080206,-5.722345464353503,-1.894672604221276e-14
167.1128940271325,7.396966099553706,3.187925470585025,-21.79797622697073,-5.700522773026522,2.315710960714893e-14
167.27186773793372,7.364566612693296,3.19392764153314,-21.726766909883096,-5.678798286244442,6.315575347404254e-14
167.4307698016751,7.331920581442509,3.1999803930172397,-21.655250525762348,-5.657173731095964,-7.789209595131913e-14
167.58959314492003,7.299001006224537,3.206085072685314,-21.58342870468624,-5.635650818920334,-4.8419410996765944e-14
167.7483306609688,7.265780896939799,3.2122430281853527,-21.51130308083706,-5.614231245187272,-6.315575347404253e-15
167.90697521047184,7.232233272847602,3.218455607165346,-21.438875292475714,-5.59291668936979,-2.315710960714893e-14
168.06551962204964,7.198331162445528,3.2247241572732848,-21.366146981917836,-5.571708814810164,-1.894672604221276e-14
168.22395669291984,7.164047603346538,3.231050026157158,-21.293119795512013,-5.5506092685793575,6.526094525651062e-14
168.38227918953055,7.129355642153879,3.237434561464956,-21.21979538362004,-5.529619681330166,4.4209027431829774e-14
168.54047984819954,7.09422833433378,3.2438791108446683,-21.146175400599187,-5.508741667144401,-4.210383564936169e-14
168.69855137575965,7.05863874408606,3.2503850219442865,-21.072261504786535,-5.487976823374425,-6.315575347404253e-15
168.85648645020922,7.022559944212639,3.2569536424117995,-20.998055358485164,-5.46732673047938,3.5788260301957434e-14
169.01427772136782,6.985965015984013,3.263586319895197,-20.92355862795233,-5.4467929518563825,2.1051917824680845e-15
169.1719178115364,6.948827049003795,3.2702844020424697,-20.84877298338954,-5.426377033667077,4.4209027431829774e-14
169.3293993161619,6.911119141071327,3.2770492365016075,-20.7737000989346,-5.406080504659862,-7.999728773378721e-14
169.4867148045054,6.872814398042453,3.2838821709206005,-20.69834165265536,-5.385904875988154,-6.315575347404253e-15
169.6438568203141,6.833885933688531,3.290784552947439,-20.622699326545433,-5.365851641025072,-1.473634247727659e-14
