galstreams/tracks/track.st.New-21.ibata2024.ecsv
# %ECSV 1.0
# ---
# datatype:
# - {name: ra, unit: deg, datatype: float64}
# - {name: dec, unit: deg, datatype: float64}
# - {name: distance, unit: kpc, datatype: float64}
# - {name: pm_ra_cosdec, unit: mas / yr, datatype: float64}
# - {name: pm_dec, unit: mas / yr, datatype: float64}
# - {name: radial_velocity, unit: km / s, datatype: float64}
# delimiter: ','
# meta: !!omap
# - __serialized_columns__:
#     dec:
#       __class__: astropy.coordinates.angles.Latitude
#       unit: &id001 !astropy.units.Unit {unit: deg}
#       value: !astropy.table.SerializedColumn {name: dec}
#     distance:
#       __class__: astropy.coordinates.distances.Distance
#       unit: !astropy.units.Unit {unit: kpc}
#       value: !astropy.table.SerializedColumn {name: distance}
#     pm_dec:
#       __class__: astropy.units.quantity.Quantity
#       unit: !astropy.units.Unit {unit: mas / yr}
#       value: !astropy.table.SerializedColumn {name: pm_dec}
#     pm_ra_cosdec:
#       __class__: astropy.units.quantity.Quantity
#       unit: !astropy.units.Unit {unit: mas / yr}
#       value: !astropy.table.SerializedColumn {name: pm_ra_cosdec}
#     ra:
#       __class__: astropy.coordinates.angles.Longitude
#       unit: *id001
#       value: !astropy.table.SerializedColumn {name: ra}
#       wrap_angle: !astropy.coordinates.Angle
#         unit: *id001
#         value: 360.0
#     radial_velocity:
#       __class__: astropy.units.quantity.Quantity
#       unit: !astropy.units.Unit {unit: km / s}
#       value: !astropy.table.SerializedColumn {name: radial_velocity}
# schema: astropy-2.0
ra,dec,distance,pm_ra_cosdec,pm_dec,radial_velocity
[from data line 848]
320.91666006442165,8.150694802745337,1.0000000000000018,-0.5172612501046387,-2.1999267402661644,-402331.87664239964
320.91913379571355,8.13727373018956,1.000000000000002,-0.514452177361818,-2.2004189168565063,-405455.39942985197
320.9215673496945,8.123799768759184,1.0000000000000018,-0.5116524004406529,-2.200928182041025,-408594.8736244273
320.923960629103,8.11027278745322,1.000000000000002,-0.5088619329908397,-2.201454593354356,-411750.33944669017
320.92631353669935,8.096692655266182,1.0000000000000018,-0.5060807884292444,-2.2019982082892966,-414921.8371172064
320.92862597526533,8.083059241188078,1.0000000000000018,-0.5033089804346673,-2.202559084389577,-418109.40685654065
320.93089784760446,8.069372414204468,1.000000000000002,-0.5005465224894579,-2.20313727917528,-421313.08888525673
320.9331290565414,8.05563204329645,1.000000000000002,-0.497793428163277,-2.2037328501828597,-424532.92342392105
320.9353195049225,8.041837997440702,1.0000000000000022,-0.4950497110330616,-2.2043458549469506,-427768.95069309813
320.9374690956151,8.0279901456095,1.0000000000000022,-0.492315384610265,-2.2049763510240155,-431021.2109133522
320.93957773150777,8.014088356770754,1.0000000000000022,-0.48959046250092797,-2.205624395955965,-434289.74430524814
320.9416453155101,8.000132499888009,1.000000000000002,-0.48687495829653926,-2.2062900472956244,-437574.59108935203
320.9436717505525,7.986122443920499,1.000000000000002,-0.4841688856104156,-2.206973362614008,-440875.7914862279
320.9456569395865,7.9720580578231655,1.000000000000002,-0.4814722578958026,-2.207674399471216,-444193.3857164408
320.94760078558403,7.957939210546684,1.000000000000002,-0.478785088766017,-2.2083932154328068,-447527.41400055523
320.94950319153776,7.943765771037493,1.000000000000002,-0.47610739178344375,-2.2091298680916225,-450877.91655913705
320.95136406046066,7.9295376082378475,1.000000000000002,-0.47343918062688317,-2.209884415013221,-454244.93361275055
320.9531832953861,7.915254591085824,1.0000000000000022,-0.4707804688150645,-2.2106569137977203,-457628.5053819602
320.9549607993679,7.900916588515364,1.000000000000002,-0.4681312698230613,-2.2114474220379634,-461028.672087332
320.9566964754795,7.886523469456331,1.000000000000002,-0.4654915973806055,-2.2122559973304305,-464445.47394943016
320.9583902268145,7.872075102834518,1.0000000000000022,-0.4628614651519456,-2.21308269727524,-467878.9511888199
320.96004195648646,7.857571357571706,1.0000000000000022,-0.4602408864739118,-2.2139275794907007,-471329.1440260653
320.9616515676283,7.843012102585689,1.0000000000000024,-0.4576298751271679,-2.2147907015805686,-474796.0926817325
320.9632189633926,7.828397206790336,1.0000000000000024,-0.4550284446304431,-2.215672121174066,-478279.8373763858
320.96474404695124,7.813726539095605,1.0000000000000024,-0.45243660868436564,-2.216571895911329,-481780.41833059024
320.96622672149545,7.798999968407626,1.0000000000000024,-0.4498543807931128,-2.2174900834015716,-485297.87576491
320.96766689023525,7.784217363628699,1.0000000000000024,-0.4472817745991051,-2.2184267412940244,-488832.2498999109
320.96906445639974,7.76937859365738,1.0000000000000022,-0.4447188037811429,-2.2193819272379187,-492383.5809561578
320.97041932323674,7.754483527388509,1.0000000000000022,-0.44216548177064396,-2.220355698873391,-495951.9091542148
320.9717313940126,7.739532033713264,1.0000000000000022,-0.4396218223264441,-2.2213481138714997,-499537.274714648
320.973000572012,7.724523981519211,1.0000000000000024,-0.4370878390254802,-2.2223592298778385,-503139.71785802156
320.9742267605378,7.709459239690365,1.0000000000000024,-0.4345635455392767,-2.2233891045616474,-506759.2788049006
320.9754098629111,7.694337677107226,1.0000000000000022,-0.4320489554593223,-2.2244377956067183,-510395.9977758493
320.97654978247067,7.679159162646844,1.0000000000000027,-0.4295440823480021,-2.2255053606786532,-514049.91499143385
320.97764642257295,7.663923565182875,1.0000000000000027,-0.42704893994232407,-2.226591857483072,-517721.07067221816
320.978699686592,7.648630753585645,1.0000000000000027,-0.42456354184105294,-2.227697343681939,-521409.5050387679
320.97970947791896,7.633280596722194,1.0000000000000027,-0.42208790170843713,-2.2288218769917876,-525115.2583116466
320.98067569996226,7.617872963456343,1.0000000000000024,-0.4196220332014491,-2.229965515112781,-528838.3707114209
320.9815982561471,7.602407722648774,1.0000000000000024,-0.4171659498606459,-2.2311283157432626,-532578.8824586552
320.9824770499154,7.586884743157056,1.0000000000000024,-0.41471966541575966,-2.2323103366052237,-536336.8337739132
320.9833119847255,7.571303893835739,1.0000000000000027,-0.4122831935528666,-2.2335116354224738,-540112.2648777615
320.98410296405206,7.55566504353642,1.0000000000000027,-0.4098565479289391,-2.2347322699279175,-543905.2159907642
320.98484989138575,7.539968061107796,1.0000000000000024,-0.4074397421354661,-2.2359722978271748,-547715.7273334867
320.9855526702331,7.524212815395746,1.0000000000000024,-0.40503278994583525,-2.237231776874978,-551543.8391264923
320.98621120411616,7.50839917524339,1.0000000000000024,-0.4026357050097431,-2.238510764820603,-555389.5915903478
320.98682539657256,7.492527009491173,1.0000000000000029,-0.4002485008822987,-2.2398093194133253,-559253.0249456178
320.9873951511547,7.47659618697694,1.0000000000000029,-0.3978711914824089,-2.2411274983951444,-563134.1794128664
320.9879203714303,7.460606576535998,1.0000000000000029,-0.39550379025604343,-2.2424653595426207,-567033.0952126583
320.9884009609813,7.4445580470012045,1.0000000000000027,-0.39314631114393706,-2.243822960615944,-570949.81256556
320.9888368234045,7.4284504672030405,1.0000000000000029,-0.39079876762843924,-2.2452003593989502,-574884.371692135
320.98922786231054,7.412283705969701,1.0000000000000027,-0.38846117349748965,-2.2465976136591053,-578836.8128129483
320.98957398132416,7.396057632127162,1.0000000000000029,-0.38613354245899245,-2.2480147811893403,-582807.1761485657
320.9898750840836,7.379772114499274,1.0000000000000027,-0.3838158882645075,-2.2494519197916816,-586795.5019195513
320.99013107424065,7.363427021907847,1.0000000000000027,-0.38150822460011113,-2.2509090872554225,-590801.8303464705
320.99034185546,7.347022223172738,1.0000000000000027,-0.37921056526101893,-2.2523863413753133,-594826.2016498873
320.99050733141945,7.330557587111923,1.0000000000000027,-0.37692292381689185,-2.2538837399843032,-598868.6560503677
320.9906274058093,7.314032982541618,1.000000000000003,-0.37464531421574065,-2.2554013408844185,-602929.2337684769
320.9907019823319,7.297448278276344,1.0000000000000029,-0.37237775003450224,-2.256939201901332,-607007.9750247784
320.9907309647021,7.2808033431290315,1.0000000000000029,-0.3701202451629797,-2.2584973808643554,-611104.9200398371
320.990714256646,7.264098045911111,1.000000000000003,-0.3678728132363176,-2.260075935615532,-615220.1090342198
320.99065176190146,7.24733225543262,1.000000000000003,-0.3656354681806988,-2.2616749239969067,-619353.58222849
320.9905433842173,7.230505840502298,1.0000000000000029,-0.36340822353668045,-2.263294403834152,-623505.3798432117
320.9903890273532,7.213618669927665,1.0000000000000029,-0.3611910932158935,-2.26493443300933,-627675.542098952
320.99018859507936,7.19667061251516,1.0000000000000029,-0.35898409116634866,-2.2665950693735795,-631864.1092162749
320.9899419911763,7.179661537070218,1.000000000000003,-0.35678723089949926,-2.2682763707853155,-636071.1214157452
320.9896491194344,7.162591312397397,1.0000000000000029,-0.3546005262469407,-2.269978395117505,-640296.6189179264
320.9893098836534,7.145459807300452,1.0000000000000029,-0.3524239912367193,-2.2717012002613046,-644540.6419433863
320.9889241876426,7.128266890582479,1.0000000000000033,-0.3502576394530479,-2.2734448440969572,-648803.230712688
320.98849193522005,7.111012431046014,1.000000000000003,-0.34810148492397275,-2.2752093845010677,-653084.4254463965
320.9880130302125,7.093696297493139,1.000000000000003,-0.34595554128463846,-2.2769948793829826,-657384.266365076
320.98748737645485,7.076318358725597,1.000000000000003,-0.3438198224612279,-2.2788013866484107,-661702.7936892933
320.98691487778984,7.058878483544918,1.0000000000000033,-0.3416943423508201,-2.2806289642030606,-666040.0476396123
320.9862954380679,7.041376540752535,1.000000000000003,-0.3395791148504941,-2.282477669956279,-670396.068436597
320.9856289611467,7.02381239914989,1.0000000000000033,-0.3374741535371868,-2.2843475618392404,-674770.8963008141
320.9849153508905,7.006185927538579,1.000000000000003,-0.3353794726426713,-2.2862386977722053,-679164.5714528274
320.98415451117035,6.9884969947204585,1.0000000000000033,-0.33329508584574796,-2.2881511357009003,-683577.1341132027
320.98334634586314,6.970745469497783,1.000000000000003,-0.3312210070725996,-2.290084933545586,-688008.6245025027
320.98249075885167,6.952931220673309,1.0000000000000033,-0.3291572501184419,-2.2920401492665405,-692459.0828412948
320.98158765402394,6.93505411705046,1.0000000000000036,-0.32710382909863256,-2.2940168408131285,-696928.5493501432
320.980636935273,6.9171140274334375,1.0000000000000033,-0.32506075786659494,-2.2960150661456282,-701417.0642496129
320.97963850649666,6.899110820627349,1.0000000000000033,-0.3230280502320966,-2.298034883224318,-705924.6677602668
320.9785922715965,6.881044365438358,1.0000000000000036,-0.3210057202668395,-2.3000763500203902,-710451.4001026729
320.9774981344782,6.8629145306738115,1.0000000000000033,-0.318993781824247,-2.302139524515951,-714997.3014973946
320.97635599905067,6.844721185142391,1.0000000000000033,-0.31699224906333257,-2.3042244646858308,-719562.4121649959
320.9751657692259,6.8264641976542295,1.0000000000000033,-0.31500113566289656,-2.3063312285266875,-724146.7723260437
320.9739273489183,6.808143437021087,1.0000000000000033,-0.31302045576740056,-2.3084598740242654,-728750.4222011017
320.97264064204455,6.789758772056477,1.0000000000000033,-0.3110502233466832,-2.3106104591861367,-733373.4020107354
320.97130555252295,6.771310071575818,1.0000000000000033,-0.30909045242879074,-2.3127830420089595,-738015.7519755083
320.969921984273,6.752797204396567,1.0000000000000038,-0.30714115692535415,-2.3149776805184956,-742677.5123159871
320.96848984121516,6.73422003933841,1.0000000000000036,-0.3052023510390427,-2.3171944327223173,-747358.7232527361
320.96700902727025,6.715578445223377,1.0000000000000036,-0.303274048565072,-2.3194333566643763,-752059.4250063198
320.9654794463589,6.696872290876023,1.0000000000000038,-0.30135626389528625,-2.321694510352245,-756779.6577973027
320.9639010024015,6.678101445123561,1.0000000000000036,-0.29944901073758956,-2.3239779518335126,-761519.4618462513
320.9622735993172,6.659265776796051,1.0000000000000038,-0.2975523032946512,-2.3262837391484936,-766278.8773737293
320.9605971410238,6.640365154726548,1.0000000000000036,-0.2956661556963809,-2.3286119303520536,-771057.9446003014
320.95887153143724,6.621399447751252,1.0000000000000038,-0.29379058195627294,-2.3309625834808685,-775856.7037465335
320.95709667447096,6.602368524709706,1.0000000000000038,-0.29192559626244474,-2.333335756618908,-780675.1950329902
320.95527247403567,6.583272254444938,1.0000000000000038,-0.29007121274480596,-2.3357315078173997,-785513.4586802365
320.9533988340387,6.564110505803648,1.000000000000004,-0.28822744550416246,-2.3381498951603135,-790371.5349088355
320.95147565838334,6.544883147636365,1.000000000000004,-0.286394308655872,-2.340590976702515,-795249.4639393549
320.9495028509688,6.5255900487976355,1.0000000000000038,-0.2845718165044673,-2.343054810546164,-800147.2859923582
320.9474803156893,6.506231078146203,1.000000000000004,-0.2827599831070984,-2.345541454764316,-805065.0412884105
320.94540795643366,6.486806104545177,1.000000000000004,-0.2809588225791231,-2.348050967480958,-810002.7700480758
320.9432856770849,6.467314996862215,1.000000000000004,-0.2791683492687298,-2.3505834067691467,-814960.5124919208
320.94111338151953,6.447757623969717,1.0000000000000038,-0.2773885774804512,-2.3531388307565066,-819938.3088405092
320.9388909736072,6.428133854745017,1.0000000000000038,-0.2756195213587489,-2.3557172975306457,-824936.1993144053
320.9366183572102,6.408443558070537,1.000000000000004,-0.2738611948589096,-2.3583188652228273,-829954.2241341763
320.9342954361824,6.388686602834022,1.000000000000004,-0.27211361276567914,-2.3609435919534008,-834992.4235203856
