galstreams/tracks/track.st.C-8.ibata2021.ecsv
# %ECSV 0.9
# ---
# datatype:
# - {name: ra, unit: deg, datatype: float64}
# - {name: dec, unit: deg, datatype: float64}
# - {name: distance, unit: kpc, datatype: float64}
# - {name: pm_ra_cosdec, unit: mas / yr, datatype: float64}
# - {name: pm_dec, unit: mas / yr, datatype: float64}
# - {name: radial_velocity, unit: km / s, datatype: float64}
# delimiter: ','
# meta: !!omap
# - __serialized_columns__:
#     dec:
#       __class__: astropy.coordinates.angles.Latitude
#       unit: &id001 !astropy.units.Unit {unit: deg}
#       value: !astropy.table.SerializedColumn {name: dec}
#     distance:
#       __class__: astropy.coordinates.distances.Distance
#       unit: !astropy.units.Unit {unit: kpc}
#       value: !astropy.table.SerializedColumn {name: distance}
#     pm_dec:
#       __class__: astropy.units.quantity.Quantity
#       unit: !astropy.units.Unit {unit: mas / yr}
#       value: !astropy.table.SerializedColumn {name: pm_dec}
#     pm_ra_cosdec:
#       __class__: astropy.units.quantity.Quantity
#       unit: !astropy.units.Unit {unit: mas / yr}
#       value: !astropy.table.SerializedColumn {name: pm_ra_cosdec}
#     ra:
#       __class__: astropy.coordinates.angles.Longitude
#       unit: *id001
#       value: !astropy.table.SerializedColumn {name: ra}
#       wrap_angle: !astropy.coordinates.Angle
#         unit: *id001
#         value: 360.0
#     radial_velocity:
#       __class__: astropy.units.quantity.Quantity
#       unit: !astropy.units.Unit {unit: km / s}
#       value: !astropy.table.SerializedColumn {name: radial_velocity}
# schema: astropy-2.0
ra,dec,distance,pm_ra_cosdec,pm_dec,radial_velocity
[from data line 140]
335.34876919760046,-80.71389782975302,3.6971339452554073,8.726688278015503,5.744887766508706,-3.5788260301957434e-14
335.3877084068139,-80.7053241111442,3.6972628836264168,8.72443532356402,5.75040136216942,-5.894536990910637e-14
335.42643601337414,-80.69674096151978,3.697384252236522,8.722195454126783,5.7558894886028895,-5.4734986344170195e-14
335.46495287241385,-80.68814845186374,3.697498074728282,8.719968632215256,5.7613522596267295,-5.2629794561702114e-14
335.5032598378492,-80.6795466526429,3.697604374744258,8.717754820024899,5.766789788669024,-4.210383564936169e-14
335.541357762359,-80.6709356338105,3.6977031759270087,8.715553979440639,5.772202188766835,-3.9998643866893604e-14
335.5792474973652,-80.66231546480905,3.6977945019190948,8.713366072042083,5.777589572564892,-6.526094525651062e-14
335.61692989301326,-80.653686214574,3.697878376363078,8.71119105910885,5.782952052314267,-6.73661370389787e-14
335.6544057981533,-80.64504795153631,3.697954822901517,8.709028901625725,5.788289739871162,-2.947268495455318e-14
335.69167606032056,-80.63640074362637,3.6980238651769715,8.706879560287886,5.793602746695662,-5.2629794561702114e-14
335.72874152571825,-80.62774465827643,3.698085526832003,8.704742995505931,5.798891183850671,-4.631421921429786e-14
335.76560303919854,-80.61907976242438,3.698139831509171,8.702619167411015,5.804155162000765,-4.4209027431829774e-14
335.80226144424546,-80.61040612251645,3.698186802851035,8.700508035859807,5.809394791411241,-5.2629794561702114e-14
335.83871758295726,-80.60172380451073,3.6982264645001575,8.698409560439485,5.814610181947045,-4.631421921429786e-14
335.8749722960299,-80.59303287387988,3.6982588400990952,8.696323700472625,5.819801443071946,-5.4734986344170195e-14
335.91102642274,-80.58433339561473,3.698283953290412,8.69425041502209,5.82496868384758,-4.8419410996765944e-14
335.94688080092914,-80.575625434227,3.6983018277166653,8.692189662895816,5.830112012932684,-5.2629794561702114e-14
335.98253626698744,-80.56690905375252,3.6983124870204174,8.690141402651594,5.835231538582293,-5.2629794561702114e-14
336.0179936558383,-80.55818431775454,3.6983159548442255,8.688105592601822,5.840327368646997,-5.4734986344170195e-14
336.05325380092324,-80.54945128932636,3.6983122548306526,8.686082190818096,5.84539961057229,-4.4209027431829774e-14
336.08831753418656,-80.54071003109495,3.6983014106222574,8.684071155135923,5.850448371397897,-6.947132882144679e-14
336.1231856860615,-80.53196060522346,3.698283445861602,8.682072443159214,5.855473757757233,-5.2629794561702114e-14
336.15785908545513,-80.52320307341476,3.6982583841912433,8.680086012264908,5.860475875876772,-5.6840178126638284e-14
336.19233855973505,-80.51443749691407,3.6982262492537443,8.67811181960735,5.865454831575652,-5.0524602779234026e-14
336.2266249347155,-80.50566393651233,3.698187064691665,8.676149822122817,5.870410730265107,-6.947132882144679e-14
336.26071903464407,-80.49688245254886,3.698140854147563,8.674199976533837,5.87534367694814,-6.105056169157445e-14
336.2946216821887,-80.4880931049148,3.698087641264001,8.67226223935359,5.880253776219041,-4.8419410996765944e-14
336.3283336984247,-80.47929595305558,3.698027449683539,8.670336566890168,5.885141132263145,-7.157652060391487e-14
336.36185590282275,-80.47049105597446,3.697960303048736,8.668422915250847,5.890005848856479,-4.8419410996765944e-14
336.39518911323665,-80.46167847223502,3.697886225002153,8.66652124034627,5.894848029365523,-6.947132882144679e-14
336.42833414589114,-80.45285825996447,3.69780523918635,8.664631497894652,5.8996677767469565,-6.947132882144679e-14
336.4612918153707,-80.44403047685627,3.6977173692438865,8.662753643425843,5.904465193547527,-5.2629794561702114e-14
336.49406293460805,-80.43519518017348,3.6976226388173243,8.660887632285455,5.909240381903828,-4.210383564936169e-14
336.52664831487317,-80.42635242675121,3.6975210715492226,8.659033419638849,5.913993443542251,-5.894536990910637e-14
336.55904876576267,-80.417502273,3.6974126910821408,8.657190960475143,5.9187244797788825,-4.631421921429786e-14
336.59126509518916,-80.40864477490825,3.69729752105864,8.655360209611146,5.9234335915194505,-5.2629794561702114e-14
336.62329810937126,-80.39977998804562,3.6971755851212804,8.65354112169526,5.928120879259329,-4.631421921429786e-14
336.6551486128234,-80.39090796756538,3.697046906912623,8.651733651211325,5.932786443083555,-5.2629794561702114e-14
336.6868174083461,-80.38202876820775,3.6969115100752252,8.649937752482463,5.937430382666871,-5.894536990910637e-14
336.718305297017,-80.37314244430233,3.696769418251651,8.648153379674788,5.942052797273868,-4.631421921429786e-14
336.7496130781811,-80.36424904977135,3.6966206550844567,8.64638048680122,5.946653785759003,-4.631421921429786e-14
336.7807415494421,-80.3553486381321,3.6964652442162054,8.644619027725078,5.951233446566871,-5.4734986344170195e-14
336.8116915066537,-80.34644126250015,3.696303209289456,8.64286895616381,5.955791877732262,-6.315575347404254e-14
336.84246374391114,-80.33752697559169,3.6961345739467677,8.641130225692526,5.960329176880485,-5.6840178126638284e-14
336.8730590535429,-80.32860582972684,3.695959361830704,8.63940278974762,5.964845441227487,-6.526094525651062e-14
336.9034782261028,-80.31967787683193,3.695777596583821,8.637686601630243,5.969340767580245,-5.894536990910637e-14
336.9337220503622,-80.31074316844268,3.6955893018486816,8.63598161450984,5.9738152523369275,-4.631421921429786e-14
336.9637913133025,-80.3018017557067,3.6953945012678453,8.634287781427531,5.978268991487325,-5.0524602779234026e-14
336.9936868001079,-80.29285368938622,3.6951932184838716,8.632605055299553,5.982702080613151,-4.210383564936169e-14
337.0234092941581,-80.28389901986112,3.6949854771393222,8.630933388920628,5.987114614888369,-6.315575347404254e-14
337.0529595770218,-80.27493779713122,3.6947713008767558,8.629272734967241,5.9915066890796895,-5.2629794561702114e-14
337.0823384284495,-80.26597007081935,3.694550713338734,8.627623046001002,5.995878397546875,-4.4209027431829774e-14
337.11154662636756,-80.25699589017377,3.6943237381678142,8.625984274471817,6.000229834243302,-5.894536990910637e-14
337.14058494687185,-80.24801530407113,3.694090399006559,8.624356372721145,6.004561092716328,-7.999728773378721e-14
337.16945416422175,-80.23902836101875,3.6938507194975294,8.622739292985132,6.008872266107866,-5.6840178126638284e-14
337.1981550508339,-80.2300351091578,3.693604723283283,8.621132987397797,6.013163447154829,-6.105056169157445e-14
337.2266883772773,-80.2210355962653,3.693352434006382,8.61953740799407,6.017434728189724,-5.0524602779234026e-14
337.25505491226727,-80.21202986975743,3.693093875309385,8.617952506712896,6.021686201141168,-3.9998643866893604e-14
337.2832554226605,-80.20301797669153,3.6928290708348532,8.616378235400235,6.025917957534492,-6.526094525651062e-14
337.31129067345,-80.19399996376922,3.692558044225347,8.614814545812047,6.030130088492332,-7.157652060391487e-14
337.3391614277602,-80.18497587733852,3.6922808191234253,8.613261389617247,6.034322684735275,-6.105056169157445e-14
337.3668684468421,-80.1759457633969,3.691997419171649,8.611718718400635,6.0384958365824195,-4.8419410996765944e-14
337.3944124900692,-80.16690966759339,3.691707868012579,8.610186483665753,6.0426496339521405,-5.894536990910637e-14
337.42179431493275,-80.15786763523154,3.691412189288775,8.60866463683774,6.046784166362682,-4.4209027431829774e-14
337.449014677038,-80.14881971127161,3.691110406642796,8.60715312926613,6.050899522932907,-6.526094525651062e-14
337.47607433009983,-80.13976594033343,3.6908025437172043,8.60565191222765,6.054995792382969,-5.2629794561702114e-14
337.50297402593935,-80.13070636669856,3.690488624154558,8.604160936928924,6.059073063035085,-4.631421921429786e-14
337.52971451448,-80.12164103431317,3.690168671597419,8.602680154509226,6.063131422814232,-5.894536990910637e-14
337.55629654374434,-80.11256998679012,3.689842709688347,8.601209516043104,6.067170959248965,-4.8419410996765944e-14
337.58272085985044,-80.1034932674119,3.6895107620699004,8.599748972543072,6.071191759472142,-4.631421921429786e-14
337.60898820700913,-80.0944109191326,3.6891728523846425,8.59829847496215,6.075193910221784,-4.8419410996765944e-14
337.6350993275206,-80.08532298458081,3.688829004275131,8.596857974196515,6.079177497841813,-3.9998643866893604e-14
337.66105496177215,-80.0762295060617,3.688479241383927,8.595427421087965,6.0831426082829445,-6.105056169157445e-14
337.6868558482349,-80.06713052555976,3.6881235873535907,8.594006766426507,6.087089327103472,-3.789345208442552e-14
337.7125027234618,-80.05802608474087,3.6877620658266825,8.592595960952746,6.091017739470175,-5.6840178126638284e-14
337.73799632208494,-80.04891622495512,3.6873947004457612,8.591194955360418,6.09492793015913,-5.0524602779234026e-14
337.76333737681347,-80.03980098723869,3.6870215148533894,8.58980370029873,6.098819983556645,-5.2629794561702114e-14
337.78852661843143,-80.03068041231677,3.686642532692126,8.588422146374812,6.102693983660086,-6.105056169157445e-14
337.8135647757961,-80.02155454060544,3.6862577776045296,8.587050244156014,6.106550014078885,-5.4734986344170195e-14
337.83845257583596,-80.01242341221428,3.6858672732331623,8.585687944172236,6.110388158035374,-5.0524602779234026e-14
337.86319074354884,-80.0032870669488,3.6854710432205846,8.584335196918268,6.114208498365717,-7.157652060391487e-14
337.887780002001,-79.99414554431237,3.6850691112093554,8.58299195285598,6.118011117520911,-6.73661370389787e-14
337.9122210723252,-79.98499888350906,3.684661500842035,8.581658162416627,6.121796097567685,-7.368171238638296e-14
337.9365146737198,-79.9758471234454,3.6842482357611854,8.580333776002977,6.125563520189506,-5.894536990910637e-14
337.96066152344724,-79.96669030273317,3.6838293396093644,8.579018743991575,6.129313466687493,-4.210383564936169e-14
337.98466233683354,-79.95752845969122,3.683404836029133,8.577713016734794,6.133046017981481,-7.789209595131913e-14
338.008517827267,-79.94836163234811,3.682974748663052,8.576416544563026,6.13676125461096,-7.578690416885104e-14
338.03222870619794,-79.93918985844402,3.6825391011536808,8.575129277786715,6.140459256736105,-6.105056169157445e-14
338.05579568313726,-79.93001317543339,3.6820979171435795,8.573851166698486,6.144140104138751,-5.6840178126638284e-14
338.07921946565693,-79.92083162048664,3.681651220275309,8.572582161575088,6.147803876223496,-5.4734986344170195e-14
338.10250075938865,-79.91164523049291,3.68119903419143,8.571322212679497,6.151450652018611,-7.789209595131913e-14
338.1256402680245,-79.90245404206176,3.680741382534501,8.570071270262815,6.155080510177235,-7.578690416885104e-14
338.1486386933158,-79.89325809152585,3.6802782889470826,8.568829284566268,6.158693528978271,-6.526094525651062e-14
338.1714967350738,-79.8840574149426,3.6798097770717355,8.567596205823122,6.16228978632754,-6.526094525651062e-14
338.1942150911694,-79.87485204809686,3.6793358705510206,8.566371984260568,6.1658693597588075,-5.4734986344170195e-14
338.2167944575334,-79.86564202650254,3.678856593027496,8.565156570101625,6.169432326434855,-5.894536990910637e-14
338.2392355281567,-79.85642738540533,3.6783719681437255,8.563949913566947,6.1729787631485635,-6.73661370389787e-14
338.26153899509086,-79.8472081597842,3.677882019542264,8.562751964876686,6.176508746324026,-4.4209027431829774e-14
338.2837055484481,-79.83798438435409,3.677386770865675,8.561562674252263,6.18002235201755,-6.73661370389787e-14
338.3057358764024,-79.8287560935675,3.6768862457565197,8.560381991918142,6.183519655918875,-5.2629794561702114e-14
338.32763066518993,-79.81952332161707,3.676380467857356,8.559209868103599,6.187000733352174,-6.73661370389787e-14
338.34939059910977,-79.81028610243715,3.675869460810744,8.558046253044404,6.190465659277239,-6.947132882144679e-14
338.3710163605247,-79.80104446970633,3.675353248259247,8.556891096984575,6.1939145082905105,-4.4209027431829774e-14
338.3925086298626,-79.79179845684911,3.6748318538454208,8.555744350177998,6.197347354626294,-4.8419410996765944e-14
338.4138680856167,-79.78254809703827,3.674305301211829,8.554605962890111,6.200764272157802,-6.526094525651062e-14
338.4350954043476,-79.77329342319653,3.67377361400103,8.553475885399518,6.204165334398358,-6.105056169157445e-14
338.4561912606836,-79.76403446799901,3.673236815855585,8.55235406799961,6.207550614502446,-5.4734986344170195e-14
338.4771563273229,-79.75477126387474,3.6726949304180523,8.551240461000116,6.210920185266945,-5.4734986344170195e-14
338.4979912750341,-79.74550384300913,3.672147981330995,8.550135014728703,6.214274119132151,-7.368171238638296e-14
338.5186967726585,-79.73623223734552,3.6715959922369703,8.549037679532463,6.217612488183072,-5.4734986344170195e-14
338.53927348711085,-79.7269564785874,3.6710389867785405,8.547948405779474,6.220935364150455,-7.578690416885104e-14
338.55972208338176,-79.71767659820043,3.670476988598265,8.546867143860261,6.224242818411989,-6.73661370389787e-14
338.5800432245388,-79.70839262741403,3.6699100213387035,8.545793844189276,6.227534921993479,-7.157652060391487e-14
338.6002375717286,-79.69910459722381,3.669338108642418,8.544728457206356,6.230811745569962,-5.0524602779234026e-14
338.6203057841785,-79.68981253839294,3.6687612741519664,8.543670933378133,6.234073359466927,-4.631421921429786e-14
338.64024851919885,-79.68051648145462,3.66817954150991,8.542621223199463,6.237319833661403,-7.157652060391487e-14
338.66006643218464,-79.67121645671337,3.6675929343588094,8.541579277194765,6.240551237783222,-6.315575347404254e-14
338.6797601766176,-79.66191249424755,3.6670014763412238,8.540545045919469,6.243767641116117,-5.894536990910637e-14
338.69933040406875,-79.65260462391065,3.6664051910997144,8.53951847996126,6.246969112598934,-7.578690416885104e-14
338.7187777642002,-79.64329287533361,3.665804102276839,8.538499529941486,6.2501557208267915,-4.631421921429786e-14
338.7381029047675,-79.63397727792633,3.665198233515161,8.53748814651642,6.25332753405226,-4.631421921429786e-14
338.75730647162226,-79.6246578608798,3.6645876084572384,8.536484280378554,6.256484620186539,-6.315575347404254e-14
338.7763891087142,-79.61533465316757,3.6639722507456334,8.535487882257849,6.259627046800666,-6.73661370389787e-14
338.795351458094,-79.60600768354797,3.6633521840229033,8.534498902923037,6.26275488112665,-5.0524602779234026e-14
338.8141941599154,-79.59667698056553,3.6627274319316117,8.533517293182761,6.2658681900587005,-3.789345208442552e-14
338.83291785243824,-79.58734257255315,3.6620980181143157,8.532543003886879,6.268967040154371,-5.4734986344170195e-14
338.85152317203097,-79.57800448763348,3.6614639662135766,8.531575985927553,6.272051497635807,-6.73661370389787e-14
338.87001075317306,-79.56866275372106,3.660825299871955,8.53061619024052,6.275121628390847,-5.894536990910637e-14
338.88838122845857,-79.55931739852372,3.66018204273201,8.529663567806159,6.278177497974292,-6.315575347404254e-14
338.90663522859785,-79.54996844954472,3.6595342184363044,8.528718069650694,6.281219171609022,-6.73661370389787e-14
338.92477338242156,-79.54061593408404,3.658881850627395,8.527779646847272,6.284246714187266,-6.73661370389787e-14
338.9427963168828,-79.5312598792406,3.658224962947844,8.526848250517066,6.287260190271694,-6.73661370389787e-14
338.96070465706055,-79.52190031191341,3.657563579040211,8.52592383183037,6.290259664096693,-5.894536990910637e-14
338.9784990261625,-79.51253725880389,3.6568977225470567,8.525006342007664,6.293245199569498,-5.894536990910637e-14
338.9961800455284,-79.50317074641694,3.656227417110941,8.524095732320646,6.296216860271422,-5.4734986344170195e-14
339.0137483346327,-79.49380080106314,3.655552686374423,8.523191954093292,6.299174709458986,-5.894536990910637e-14
339.0312045110884,-79.48442744886002,3.654873553980064,8.522294958702831,6.302118810065192,-5.894536990910637e-14
339.0485491906498,-79.47505071573407,3.6541900435704244,8.521404697580781,6.3050492247006265,-6.73661370389787e-14
