galstreams/tracks/track.st.NGC6101.ibata2021.ecsv
# %ECSV 1.0
# ---
# datatype:
# - {name: ra, unit: deg, datatype: float64}
# - {name: dec, unit: deg, datatype: float64}
# - {name: distance, unit: kpc, datatype: float64}
# - {name: pm_ra_cosdec, unit: mas / yr, datatype: float64}
# - {name: pm_dec, unit: mas / yr, datatype: float64}
# - {name: radial_velocity, unit: km / s, datatype: float64}
# delimiter: ','
# meta: !!omap
# - __serialized_columns__:
#     dec:
#       __class__: astropy.coordinates.angles.Latitude
#       unit: &id001 !astropy.units.Unit {unit: deg}
#       value: !astropy.table.SerializedColumn {name: dec}
#     distance:
#       __class__: astropy.coordinates.distances.Distance
#       unit: !astropy.units.Unit {unit: kpc}
#       value: !astropy.table.SerializedColumn {name: distance}
#     pm_dec:
#       __class__: astropy.units.quantity.Quantity
#       unit: !astropy.units.Unit {unit: mas / yr}
#       value: !astropy.table.SerializedColumn {name: pm_dec}
#     pm_ra_cosdec:
#       __class__: astropy.units.quantity.Quantity
#       unit: !astropy.units.Unit {unit: mas / yr}
#       value: !astropy.table.SerializedColumn {name: pm_ra_cosdec}
#     ra:
#       __class__: astropy.coordinates.angles.Longitude
#       unit: *id001
#       value: !astropy.table.SerializedColumn {name: ra}
#       wrap_angle: !astropy.coordinates.Angle
#         unit: *id001
#         value: 360.0
#     radial_velocity:
#       __class__: astropy.units.quantity.Quantity
#       unit: !astropy.units.Unit {unit: km / s}
#       value: !astropy.table.SerializedColumn {name: radial_velocity}
# schema: astropy-2.0
ra,dec,distance,pm_ra_cosdec,pm_dec,radial_velocity
[from data line 813]
265.01813182779097,-68.95627204055043,14.58077552638688,1.6271937346698648,0.36540238199498076,9.47336302110638e-15
265.0417932105552,-68.95094040019049,14.583034391173824,1.6274372565647435,0.36633730051923097,1.0525958912340423e-14
265.0654466605575,-68.94560721982806,14.585319248514962,1.6276826455285074,0.36726612127550373,0.0
265.08909218012946,-68.94027249932734,14.587630171688575,1.6279299144618666,0.36818882097759004,1.0525958912340423e-15
265.11272977159916,-68.93493623855257,14.589967233972946,1.6281790762977635,0.3691053763516077,-1.1578554803574466e-14
265.1363594372916,-68.92959843736817,14.592330508646368,1.6284301440013242,0.3700157641360252,-3.1577876737021266e-15
265.1599811795283,-68.92425909563859,14.594720068987117,1.6286831305698204,0.37091996108167524,9.47336302110638e-15
265.18359500062735,-68.91891821322841,14.597135988273486,1.6289380490326206,0.3718179439517739,-1.473634247727659e-14
265.2072009029037,-68.91357579000234,14.599578339783754,1.6291949124511513,0.37270968952194805,-1.0525958912340423e-15
265.2307988886689,-68.90823182582515,14.602047196796207,1.6294537339188528,0.37359517458024033,-3.1577876737021266e-15
265.25438896023115,-68.90288632056172,14.604542632589137,1.6297145265611332,0.3744743759271378,-4.210383564936169e-15
265.2779711198954,-68.89753927407706,14.607064720440823,1.6299773035353295,0.37534727037558635,-3.4735664410723393e-14
265.30154536996343,-68.89219068623628,14.609613533629549,1.630242078030661,0.3762138347510132,-1.6841534259744676e-14
265.3251117127335,-68.88684055690456,14.612189145433604,1.6305088632681874,0.3770740458913377,-1.9999321933446802e-14
265.3486701505006,-68.88148888594726,14.61479162913127,1.6307776725007652,0.37792788064699784,-3.1577876737021266e-15
265.3722206855566,-68.87613567322981,14.617421058000836,1.631048519013006,0.37877531588096147,0.0
265.39576332019,-68.87078091861775,14.620077505320584,1.6313214161212322,0.37961632846875043,-7.368171238638296e-15
265.41929805668605,-68.86542462197677,14.622761044368799,1.6315963771734312,0.38045089529845505,-1.2631150694808506e-14
265.4428248973267,-68.86006678317263,14.625471748423772,1.6318734155492174,0.38127899327075365,7.368171238638296e-15
265.46634384439074,-68.85470740207124,14.628209690763779,1.6321525446597869,0.3821005992989277,-3.1577876737021266e-15
265.48985490015355,-68.8493464785386,14.63097494466711,1.6324337779478728,0.38291569030888317,-2.6314897280851057e-14
265.51335806688746,-68.84398401244086,14.63376758341205,1.6327171288877025,0.38372424323916815,-1.894672604221276e-14
265.53685334686145,-68.8386200036443,14.636587680276886,1.633002610984956,0.38452623504098665,-3.0525280845787224e-14
265.5603407423412,-68.83325445201528,14.639435308539902,1.6332902377767242,0.3853216426782218,-1.7894130150978717e-14
265.5838202555894,-68.82788735742034,14.642310541479379,1.6335800228314612,0.3861104431274466,-2.947268495455318e-14
265.60729188886523,-68.82251871972606,14.645213452373607,1.633871979748946,0.38689261337794917,-8.420767129872338e-15
265.63075564442477,-68.81714853879926,14.648144114500871,1.6341661221602348,0.3876681304317417,-1.9999321933446802e-14
265.65421152452103,-68.8117768145068,14.65110260113945,1.634462463727623,0.3884369713035872,-1.0525958912340423e-15
265.6776595314036,-68.80640354671571,14.654088985567638,1.6347610181445982,0.3891991130210064,-2.8420089063319142e-14
265.7010996673191,-68.80102873529316,14.657103341063719,1.6350617991357985,0.3899545326243063,1.473634247727659e-14
265.72453193451065,-68.7956523801064,14.66014574090597,1.635364820456972,0.3907032071665836,-1.473634247727659e-14
265.74795633521853,-68.79027448102286,14.663216258372683,1.6356700958949268,0.3914451137137557,-1.473634247727659e-14
265.7713728716796,-68.78489503791012,14.666314966742144,1.6359776392674983,0.39218022934456925,-9.47336302110638e-15
265.79478154612764,-68.77951405063584,14.669441939292634,1.6362874644234955,0.3929085311506174,-2.1051917824680845e-15
265.8181823607933,-68.77413151906786,14.672597249302441,1.6365995852426667,0.39362999623635875,-1.3683746586042549e-14
265.8415753179039,-68.76874744307418,14.675780970049848,1.636914015635651,0.39434460171913555,1.0525958912340423e-14
265.8649604196838,-68.76336182252285,14.678993174813142,1.637230769543938,0.3950523247291837,-1.1578554803574466e-14
265.8883376683542,-68.75797465728218,14.68223393687061,1.6375498609398242,0.39575314240965853,-1.2631150694808506e-14
265.911707066133,-68.75258594722054,14.68550332950053,1.637871303826371,0.3964470319166444,-3.1577876737021266e-15
265.9350686152351,-68.74719569220647,14.688801425981193,1.6381951122373593,0.3971339704191726,-1.2631150694808506e-14
265.9584223178722,-68.74180389210865,14.692128299590888,1.6385213002372474,0.3978139350992393,1.0525958912340423e-15
265.98176817625284,-68.73641054679592,14.695484023607888,1.6388498819211341,0.39848690315182,-9.47336302110638e-15
266.0051061925826,-68.73101565613729,14.69886867131049,1.6391808714147051,0.3991528517848871,-2.5262301389617013e-14
266.02843636906385,-68.72561922000183,14.702282315976975,1.6395142828741964,0.39981175821942616,-1.894672604221276e-14
266.0517587078958,-68.7202212382589,14.705725030885626,1.6398501304863544,0.40046359968945017,-2.1051917824680846e-14
266.0750732112746,-68.71482171077788,14.70919688931473,1.6401884284683865,0.4011083534420177,1.1578554803574466e-14
266.09837988139327,-68.7094206374284,14.71269796454257,1.6405291910679218,0.4017459967372441,-5.2629794561702115e-15
266.1216787204418,-68.70401801808016,14.71622832984744,1.6408724325629682,0.4023765068483241,-3.368306851948935e-14
266.1449697306072,-68.69861385260312,14.719788058507612,1.6412181672618698,0.40299986106154606,-3.5788260301957434e-14
266.1682529140732,-68.69320814086728,14.723377223801382,1.6415664095032612,0.4036160366763025,-1.2631150694808506e-14
266.1915282730205,-68.68780088274289,14.726995899007028,1.6419171736560294,0.40422501100510944,4.210383564936169e-15
266.21479580962665,-68.68239207810034,14.730644157402839,1.6422704741192682,0.40482676137362084,-1.473634247727659e-14
266.2380555260665,-68.67698172681017,14.7343220722671,1.642626325322236,0.4054212651206493,-1.473634247727659e-14
266.2613074245115,-68.67156982874305,14.738029716878088,1.6429847417243115,0.4060084995981723,4.210383564936169e-15
266.28455150713,-68.66615638376987,14.741767164514105,1.6433457378149554,0.40658844217135176,-1.2631150694808506e-14
266.3077877760877,-68.66074139176168,14.745534488453423,1.6437093281136614,0.4071610702185542,1.2631150694808506e-14
266.3310162335469,-68.65532485258967,14.74933176197433,1.6440755271699206,0.407726361131356,-2.1051917824680845e-15
266.35423688166696,-68.64990676612518,14.753159058355113,1.6444443495631729,0.40828429231456753,0.0
266.37744972260424,-68.64448713223979,14.757016450874056,1.6448158099027663,0.408834841186242,-1.6841534259744676e-14
266.4006547585122,-68.63906595080519,14.760904012809446,1.6451899228279168,0.4093779851776952,-1.2631150694808506e-14
266.423851991541,-68.63364322169326,14.764821817439566,1.645566703007661,0.40991370173351643,-2.1051917824680845e-15
266.44704142383813,-68.62821894477605,14.768769938042697,1.6459461651408185,0.41044196831158414,-8.420767129872338e-15
266.47022305754774,-68.6227931199258,14.77274844789713,1.6463283239559448,0.410962762383082,-2.7367493172085098e-14
266.49339689481127,-68.61736574701489,14.776757420281154,1.646713194211292,0.4114760614325145,-1.894672604221276e-14
266.51656293776693,-68.61193682591592,14.780796928473045,1.6471007906947643,0.41198184295771745,-2.7367493172085098e-14
266.53972118855023,-68.60650635650164,14.784867045751094,1.6474911282238764,0.41248008446987716,6.315575347404253e-15
266.56287164929336,-68.60107433864499,14.788967845393588,1.6478842216457112,0.412970763493539,-1.894672604221276e-14
266.58601432212583,-68.59564077221908,14.793099400678804,1.6482800858368756,0.41345385756663033,-1.0525958912340423e-14
266.60914920917395,-68.59020565709721,14.797261784885029,1.6486787357034602,0.4139293442404663,-1.2631150694808506e-14
266.63227631256126,-68.58476899315289,14.801455071290556,1.649080186180995,0.41439720107976874,-2.315710960714893e-14
266.65539563440825,-68.57933078025974,14.80567933317366,1.6494844522344079,0.4148574056626802,2.1051917824680845e-15
266.67850717683234,-68.57389101829162,14.809934643812642,1.6498915488579808,0.41530993558077295,-2.7367493172085098e-14
266.70161094194833,-68.56844970712261,14.814221076485765,1.6503014910753113,0.41575476843907494,-8.420767129872338e-15
266.72470693186773,-68.56300684662688,14.81853870447133,1.6507142939392645,0.4161918818560663,-2.7367493172085098e-14
266.74779514869937,-68.55756243667888,14.82288760104762,1.651129972531932,0.41662125346371026,-1.6841534259744676e-14
266.77087559454907,-68.55211647715319,14.827267839492915,1.6515485419645948,0.4170428609074568,1.0525958912340423e-14
266.7939482715195,-68.54666896792463,14.831679493085504,1.6519700173776735,0.4174566818462553,-1.6841534259744676e-14
266.8170131817109,-68.54121990886819,14.83612263510367,1.652394413940691,0.41786269395257924,-8.420767129872338e-15
266.8400703272201,-68.53576929985903,14.840597338825704,1.652821746852228,0.4182608749124256,-6.315575347404253e-15
266.8631197101413,-68.53031714077252,14.845103677529881,1.65325203133988,0.4186512024253398,2.1051917824680845e-15
266.88616133256585,-68.52486343148426,14.849641724494495,1.6536852826602166,0.4190336542044216,6.315575347404253e-15
266.90919519658195,-68.51940817187004,14.85421155299783,1.6541215160987381,0.41940820797634165,-1.894672604221276e-14
266.9322213042752,-68.51395136180577,14.858813236318166,1.654560746969835,0.41977484148135735,-4.210383564936169e-15
266.95523965772804,-68.50849300116766,14.863446847733792,1.655002990616741,0.4201335324733193,-6.315575347404253e-15
266.9782502590203,-68.50303308983207,14.868112460522994,1.6554482624114983,0.42048425871969053,8.420767129872338e-15
267.0012531102287,-68.49757162767555,14.872810147964056,1.6558965777549075,0.4208269980015558,-1.894672604221276e-14
267.0242482134273,-68.49210861457492,14.877539983335259,1.6563479520764899,0.42116172811363994,4.210383564936169e-15
267.0472355706871,-68.48664405040712,14.882302039914894,1.6568024008344442,0.4214884268643113,-1.2631150694808506e-14
267.0702151840766,-68.48117793504936,14.887096390981247,1.6572599395156034,0.42180707207560597,1.2631150694808506e-14
267.0931870556608,-68.47571026837902,14.891923109812598,1.657720583635394,0.42211764158322995,-6.315575347404253e-15
267.11615118750257,-68.4702410502737,14.896782269687236,1.658184348737794,0.42242011323658013,-2.315710960714893e-14
267.13910758166156,-68.4647702806112,14.901673943883441,1.6586512503952873,0.4227144648987552,6.315575347404253e-15
267.1620562401946,-68.45929795926956,14.906598205679504,1.6591213042088275,0.4230006744465611,-4.210383564936169e-15
267.1849971651558,-68.45382408612699,14.911555128353713,1.6595945258077887,0.42327871977053416,8.420767129872338e-15
267.20793035859634,-68.44834866106196,14.916544785184339,1.66007093084993,0.42354857877494567,-3.157787673702127e-14
267.23085582256476,-68.44287168395307,14.921567249449684,1.6605505350213465,0.42381022937782015,-1.473634247727659e-14
267.25377355910655,-68.43739315467924,14.92662259442802,1.661033354036436,0.4240636495109413,-2.7367493172085098e-14
267.27668357026465,-68.43191307311956,14.931710893397643,1.661519403637846,0.4243088171198709,-1.6841534259744676e-14
267.299585858079,-68.4264314391533,14.936832219636827,1.662008699596443,0.4245457101639547,0.0
267.32248042458684,-68.42094825266001,14.941986646423869,1.6625012577112614,0.4247743066163374,-1.2631150694808506e-14
267.3453672718226,-68.41546351351941,14.947174247037044,1.6629970938094665,0.4249945844639787,-4.210383564936169e-15
267.36824640181794,-68.40997722161148,14.952395094754644,1.6634962237463082,0.42520652170765677,-1.0525958912340423e-14
267.39111781660176,-68.4044893768164,14.957649262854948,1.6639986634050858,0.42541009636198757,-1.6841534259744676e-14
267.4139815182001,-68.39899997901458,14.962936824616252,1.6645044286970982,0.42560528645543216,-2.7367493172085098e-14
267.43683750863636,-68.3935090280866,14.968257853316826,1.6650135355616074,0.4257920700303124,-2.1051917824680845e-15
267.45968578993114,-68.38801652391338,14.973612422234968,1.6655259999657936,0.42597042514281613,-2.7367493172085098e-14
267.4825263641022,-68.38252246637597,14.97900060464896,1.6660418379047142,0.42614032986301864,0.0
267.5053592331647,-68.3770268553557,14.98442247383708,1.666561065401263,0.42630176227488337,0.0
267.52818439913096,-68.37152969073406,14.98987810307762,1.6670836985061268,0.4264547004762812,-8.420767129872338e-15
267.5510018640105,-68.36603097239286,14.995367565648866,1.6676097532977412,0.42659912257899807,-2.947268495455318e-14
267.57381162981034,-68.36053070021407,15.0008909348291,1.6681392458822548,0.42673500670875125,4.210383564936169e-15
267.5966136985345,-68.35502887407993,15.006448283896608,1.6686721923934829,0.4268623310051896,-2.947268495455318e-14
267.6194080721845,-68.34952549387289,15.01203968612967,1.6692086089928644,0.4269810736219207,2.1051917824680845e-15
267.64219475275894,-68.34402055947564,15.017665214806584,1.6697485118694235,0.4270912127265055,0.0
267.6649737422539,-68.33851407077113,15.023324943205626,1.6702919172397281,0.4271927265004814,-2.7367493172085098e-14
267.68774504266264,-68.3330060276425,15.029018944605081,1.6708388413478428,0.4272855931393702,-1.473634247727659e-14
267.7105086559758,-68.32749642997315,15.034747292283239,1.6713893004652924,0.42736979085268406,-2.315710960714893e-14
267.73326458418126,-68.32198527764675,15.040510059518375,1.6719433108910184,0.427445297863944,-4.210383564936169e-15
267.7560128292642,-68.31647257054713,15.046307319588792,1.6725008889513375,0.4275120924106825,-1.2631150694808506e-14
267.7787533932072,-68.31095830855844,15.052139145772758,1.6730620509998955,0.42757015274446386,-8.420767129872338e-15
267.8014862779901,-68.30544249156505,15.058005611348566,1.6736268134176349,0.4276194571308853,-2.7367493172085098e-14
267.8242114855901,-68.29992511945152,15.063906789594496,1.6741951926127445,0.4276599838495949,-2.947268495455318e-14
267.8469290179818,-68.29440619210273,15.06984275378884,1.6747672050206195,0.42769171119429783,-1.2631150694808506e-14
267.8696388771369,-68.28888570940373,15.075813577209882,1.6753428671038253,0.42771461747276707,-2.5262301389617013e-14
267.8923410650247,-68.28336367123991,15.081819333135906,1.6759221953520478,0.4277286810068579,-2.1051917824680845e-15
267.9150355836117,-68.2778400774968,15.087860094845192,1.6765052062820578,0.4277338801325105,-1.6841534259744676e-14
267.9377224348619,-68.27231492806027,15.093935935616033,1.6770919164376656,0.42773019319977007,-4.210383564936169e-15
267.96040162073655,-68.26678822281636,15.100046928726707,1.6776823423896816,0.4277175985727889,4.210383564936169e-15
267.9830731431942,-68.26125996165142,15.106193147455507,1.6782765007358735,0.42769607462983755,-2.5262301389617013e-14
268.00573700419096,-68.25573014445202,15.112374665080713,1.6788744081009261,0.4276655997633222,-3.368306851948935e-14
268.0283932056803,-68.25019877110498,15.118591554880611,1.6794760811363967,0.4276261523797854,-2.5262301389617013e-14
268.0510417496128,-68.2446658414974,15.124843890133489,1.6800815365206776,0.42757771089992047,-1.6841534259744676e-14
268.07368263793677,-68.23913135551658,15.131131744117628,1.6806907909589515,0.42752025375858016,-6.315575347404253e-15
268.09631587259764,-68.23359531305015,15.137455190111316,1.6813038611831506,0.4274537594047884,-1.473634247727659e-14
268.11894145553856,-68.22805771398595,15.143814301392831,1.6819207639519158,0.4273782063017486,6.315575347404253e-15
268.1415593886997,-68.22251855821206,15.150209151240473,1.6825415160505546,0.42729357292685033,-2.1051917824680845e-15
268.1641696740189,-68.21697784561685,15.156639812932514,1.6831661342910003,0.42719983777168546,-2.7367493172085098e-14
