galstreams/tracks/track.st.Molonglo.grillmair2017b.ecsv
# %ECSV 0.9
# ---
# datatype:
# - {name: ra, unit: deg, datatype: float64}
# - {name: dec, unit: deg, datatype: float64}
# - {name: distance, unit: kpc, datatype: float64}
# - {name: pm_ra_cosdec, unit: mas / yr, datatype: float64}
# - {name: pm_dec, unit: mas / yr, datatype: float64}
# - {name: radial_velocity, unit: km / s, datatype: float64}
# delimiter: ','
# meta: !!omap
# - __serialized_columns__:
#     dec:
#       __class__: astropy.coordinates.angles.Latitude
#       unit: &id001 !astropy.units.Unit {unit: deg}
#       value: !astropy.table.SerializedColumn {name: dec}
#     distance:
#       __class__: astropy.coordinates.distances.Distance
#       unit: !astropy.units.Unit {unit: kpc}
#       value: !astropy.table.SerializedColumn {name: distance}
#     pm_dec:
#       __class__: astropy.units.quantity.Quantity
#       unit: !astropy.units.Unit {unit: mas / yr}
#       value: !astropy.table.SerializedColumn {name: pm_dec}
#     pm_ra_cosdec:
#       __class__: astropy.units.quantity.Quantity
#       unit: !astropy.units.Unit {unit: mas / yr}
#       value: !astropy.table.SerializedColumn {name: pm_ra_cosdec}
#     ra:
#       __class__: astropy.coordinates.angles.Longitude
#       unit: *id001
#       value: !astropy.table.SerializedColumn {name: ra}
#       wrap_angle: !astropy.coordinates.Angle
#         unit: *id001
#         value: 360.0
#     radial_velocity:
#       __class__: astropy.units.quantity.Quantity
#       unit: !astropy.units.Unit {unit: km / s}
#       value: !astropy.table.SerializedColumn {name: radial_velocity}
# schema: astropy-2.0
ra,dec,distance,pm_ra_cosdec,pm_dec,radial_velocity
[from data line 1643]
356.8036420066722,-14.035107081770766,20.000000000000036,0.0,0.0,0.0
356.79613012120626,-14.028248052490627,20.000000000000032,0.0,0.0,0.0
356.78861912715604,-14.0213883063682,20.000000000000032,0.0,0.0,0.0
356.7811090246525,-14.014527843178763,20.000000000000032,0.0,0.0,0.0
356.7735998138264,-14.007666662697579,20.00000000000004,0.0,0.0,0.0
356.7660914948089,-14.000804764699879,20.00000000000003,0.0,0.0,0.0
356.75858406773074,-13.993942148960878,20.00000000000003,0.0,0.0,0.0
356.75107753272295,-13.987078815255765,20.000000000000032,0.0,0.0,0.0
356.7435718899165,-13.980214763359722,20.000000000000032,0.0,0.0,0.0
356.73606713944235,-13.9733499930479,20.00000000000003,0.0,0.0,0.0
356.72856328143143,-13.96648450409543,20.00000000000003,0.0,0.0,0.0
356.72106031601476,-13.959618296277418,20.00000000000003,0.0,0.0,0.0
356.71355824332323,-13.952751369368965,20.000000000000032,0.0,0.0,0.0
356.706057063488,-13.945883723145133,20.000000000000032,0.0,0.0,0.0
356.6985567766399,-13.939015357380974,20.00000000000003,0.0,0.0,0.0
356.6910573829102,-13.932146271851513,20.000000000000032,0.0,0.0,0.0
356.6835588824296,-13.925276466331766,20.00000000000003,0.0,0.0,0.0
356.67606127532935,-13.918405940596712,20.000000000000032,0.0,0.0,0.0
356.66856456174037,-13.911534694421318,20.000000000000025,0.0,0.0,0.0
356.6610687417938,-13.904662727580526,20.00000000000003,0.0,0.0,0.0
356.65357381562063,-13.897790039849259,20.000000000000032,0.0,0.0,0.0
356.646079783352,-13.890916631002424,20.00000000000003,0.0,0.0,0.0
356.63858664511883,-13.8840425008149,20.000000000000025,0.0,0.0,0.0
356.6310944010524,-13.877167649061551,20.00000000000003,0.0,0.0,0.0
356.6236030512836,-13.870292075517211,20.00000000000003,0.0,0.0,0.0
356.61611259594366,-13.863415779956691,20.000000000000032,0.0,0.0,0.0
356.60862303516376,-13.856538762154798,20.000000000000032,0.0,0.0,0.0
356.60113436907477,-13.849661021886302,20.00000000000003,0.0,0.0,0.0
356.59364659780795,-13.842782558925956,20.00000000000003,0.0,0.0,0.0
356.5861597214945,-13.835903373048492,20.00000000000003,0.0,0.0,0.0
356.5786737402654,-13.829023464028621,20.00000000000003,0.0,0.0,0.0
356.57118865425196,-13.822142831641036,20.00000000000003,0.0,0.0,0.0
356.5637044635853,-13.8152614756604,20.00000000000003,0.0,0.0,0.0
356.5562211683964,-13.808379395861357,20.000000000000025,0.0,0.0,0.0
356.5487387688167,-13.801496592018532,20.000000000000025,0.0,0.0,0.0
356.5412572649772,-13.794613063906532,20.00000000000002,0.0,0.0,0.0
356.5337766570092,-13.78772881129993,20.00000000000003,0.0,0.0,0.0
356.5262969450438,-13.780843833973291,20.000000000000025,0.0,0.0,0.0
356.51881812921226,-13.77395813170115,20.00000000000003,0.0,0.0,0.0
356.5113402096458,-13.767071704258031,20.000000000000025,0.0,0.0,0.0
356.50386318647566,-13.760184551418414,20.000000000000025,0.0,0.0,0.0
356.496387059833,-13.753296672956779,20.000000000000025,0.0,0.0,0.0
356.4889118298491,-13.746408068647563,20.00000000000003,0.0,0.0,0.0
356.4814374966553,-13.739518738265216,20.000000000000025,0.0,0.0,0.0
356.47396406038274,-13.732628681584124,20.00000000000003,0.0,0.0,0.0
356.46649152116265,-13.725737898378686,20.00000000000003,0.0,0.0,0.0
356.45901987912646,-13.718846388423257,20.00000000000003,0.0,0.0,0.0
356.4515491344053,-13.711954151492167,20.00000000000003,0.0,0.0,0.0
356.4440792871306,-13.70506118735975,20.00000000000003,0.0,0.0,0.0
356.43661033743354,-13.698167495800286,20.000000000000025,0.0,0.0,0.0
356.4291422854455,-13.691273076588063,20.00000000000002,0.0,0.0,0.0
356.4216751312978,-13.684377929497314,20.00000000000003,0.0,0.0,0.0
356.41420887512163,-13.677482054302285,20.00000000000003,0.0,0.0,0.0
356.40674351704854,-13.670585450777166,20.00000000000002,0.0,0.0,0.0
356.39927905720975,-13.663688118696152,20.00000000000002,0.0,0.0,0.0
356.3918154957367,-13.6567900578334,20.00000000000002,0.0,0.0,0.0
356.38435283276056,-13.649891267963042,20.000000000000025,0.0,0.0,0.0
356.3768910684129,-13.642991748859203,20.00000000000002,0.0,0.0,0.0
356.36943020282496,-13.636091500295976,20.00000000000002,0.0,0.0,0.0
356.3619702361282,-13.629190522047425,20.000000000000018,0.0,0.0,0.0
356.354511168454,-13.622288813887604,20.00000000000002,0.0,0.0,0.0
356.34705299993374,-13.615386375590534,20.00000000000002,0.0,0.0,0.0
356.3395957306989,-13.608483206930222,20.000000000000018,0.0,0.0,0.0
356.33213936088083,-13.601579307680645,20.00000000000002,0.0,0.0,0.0
356.3246838906109,-13.594674677615762,20.000000000000018,0.0,0.0,0.0
356.31722932002066,-13.587769316509508,20.00000000000002,0.0,0.0,0.0
356.30977564924154,-13.580863224135788,20.000000000000025,0.0,0.0,0.0
356.30232287840505,-13.5739564002685,20.00000000000002,0.0,0.0,0.0
356.2948710076425,-13.5670488446815,20.00000000000002,0.0,0.0,0.0
356.28742003708544,-13.560140557148637,20.00000000000002,0.0,0.0,0.0
356.2799699668653,-13.553231537443729,20.00000000000002,0.0,0.0,0.0
356.27252079711366,-13.546321785340574,20.000000000000025,0.0,0.0,0.0
356.265072527962,-13.53941130061294,20.00000000000002,0.0,0.0,0.0
356.25762515954176,-13.532500083034579,20.00000000000002,0.0,0.0,0.0
356.2501786919845,-13.525588132379223,20.00000000000002,0.0,0.0,0.0
356.2427331254217,-13.518675448420568,20.00000000000002,0.0,0.0,0.0
356.235288459985,-13.511762030932303,20.000000000000018,0.0,0.0,0.0
356.2278446958058,-13.504847879688077,20.000000000000018,0.0,0.0,0.0
356.2204018330157,-13.497932994461527,20.00000000000002,0.0,0.0,0.0
356.2129598717463,-13.491017375026264,20.00000000000002,0.0,0.0,0.0
356.2055188121292,-13.484101021155874,20.00000000000002,0.0,0.0,0.0
356.1980786542958,-13.47718393262392,20.00000000000002,0.0,0.0,0.0
356.19063939837787,-13.47026610920394,20.00000000000002,0.0,0.0,0.0
356.18320104450686,-13.463347550669466,20.000000000000018,0.0,0.0,0.0
356.17576359281446,-13.456428256793968,20.00000000000002,0.0,0.0,0.0
356.16832704343227,-13.449508227350927,20.000000000000018,0.0,0.0,0.0
356.1608913964919,-13.442587462113787,20.000000000000014,0.0,0.0,0.0
356.153456652125,-13.435665960855966,20.00000000000002,0.0,0.0,0.0
356.1460228104631,-13.42874372335087,20.00000000000002,0.0,0.0,0.0
356.1385898716379,-13.42182074937187,20.000000000000018,0.0,0.0,0.0
356.13115783578115,-13.414897038692317,20.000000000000018,0.0,0.0,0.0
356.1237267030244,-13.407972591085528,20.00000000000002,0.0,0.0,0.0
356.11629647349935,-13.401047406324821,20.000000000000018,0.0,0.0,0.0
356.10886714733766,-13.394121484183469,20.000000000000014,0.0,0.0,0.0
356.1014387246711,-13.38719482443472,20.000000000000014,0.0,0.0,0.0
356.09401120563126,-13.38026742685181,20.000000000000018,0.0,0.0,0.0
356.08658459034984,-13.373339291207955,20.000000000000014,0.0,0.0,0.0
356.07915887895865,-13.366410417276324,20.000000000000018,0.0,0.0,0.0
356.0717340715894,-13.359480804830081,20.00000000000001,0.0,0.0,0.0
356.0643101683737,-13.352550453642364,20.000000000000014,0.0,0.0,0.0
356.0568871694434,-13.345619363486271,20.000000000000014,0.0,0.0,0.0
356.04946507493025,-13.338687534134907,20.000000000000014,0.0,0.0,0.0
356.042043884966,-13.33175496536132,20.000000000000018,0.0,0.0,0.0
356.03462359968233,-13.324821656938552,20.000000000000018,0.0,0.0,0.0
356.02720421921106,-13.31788760863961,20.000000000000018,0.0,0.0,0.0
356.0197857436841,-13.310952820237494,20.000000000000014,0.0,0.0,0.0
356.012368173233,-13.304017291505158,20.000000000000014,0.0,0.0,0.0
356.00495150798986,-13.297081022215545,20.000000000000014,0.0,0.0,0.0
355.9975357480862,-13.290144012141576,20.000000000000014,0.0,0.0,0.0
355.990120893654,-13.283206261056137,20.000000000000014,0.0,0.0,0.0
355.98270694482505,-13.276267768732094,20.000000000000014,0.0,0.0,0.0
355.9752939017312,-13.269328534942288,20.00000000000001,0.0,0.0,0.0
355.9678817645043,-13.262388559459533,20.000000000000007,0.0,0.0,0.0
355.9604705332761,-13.255447842056629,20.00000000000001,0.0,0.0,0.0
355.9530602081786,-13.248506382506338,20.000000000000014,0.0,0.0,0.0
355.94565078934363,-13.2415641805814,20.000000000000018,0.0,0.0,0.0
355.93824227690305,-13.23462123605454,20.00000000000001,0.0,0.0,0.0
355.93083467098876,-13.22767754869845,20.00000000000001,0.0,0.0,0.0
355.92342797173274,-13.220733118285802,20.000000000000014,0.0,0.0,0.0
355.9160221792667,-13.213787944589223,20.00000000000001,0.0,0.0,0.0
355.9086172937227,-13.206842027381347,20.000000000000018,0.0,0.0,0.0
355.90121331523267,-13.19989536643476,20.00000000000001,0.0,0.0,0.0
355.8938102439285,-13.192947961522032,20.000000000000007,0.0,0.0,0.0
355.8864080799421,-13.185999812415705,20.00000000000001,0.0,0.0,0.0
355.8790068234055,-13.1790509188883,20.00000000000001,0.0,0.0,0.0
355.87160647445063,-13.172101280712312,20.000000000000007,0.0,0.0,0.0
355.8642070332094,-13.165150897660205,20.000000000000007,0.0,0.0,0.0
355.8568084998139,-13.158199769504419,20.000000000000007,0.0,0.0,0.0
355.849410874396,-13.151247896017372,20.000000000000007,0.0,0.0,0.0
355.8420141570878,-13.14429527697146,20.00000000000001,0.0,0.0,0.0
355.83461834802125,-13.137341912139044,20.000000000000007,0.0,0.0,0.0
355.8272234473284,-13.130387801292473,20.00000000000001,0.0,0.0,0.0
355.81982945514113,-13.123432944204058,20.000000000000007,0.0,0.0,0.0
355.81243637159173,-13.116477340646089,20.000000000000007,0.0,0.0,0.0
355.805044196812,-13.109520990390829,20.000000000000007,0.0,0.0,0.0
355.7976529309341,-13.102563893210519,20.00000000000001,0.0,0.0,0.0
355.7902625740901,-13.09560604887738,20.000000000000007,0.0,0.0,0.0
355.782873126412,-13.088647457163587,20.000000000000007,0.0,0.0,0.0
355.775484588032,-13.08168811784131,20.000000000000004,0.0,0.0,0.0
355.768096959082,-13.074728030682685,20.000000000000004,0.0,0.0,0.0
355.7607102396943,-13.067767195459826,20.000000000000007,0.0,0.0,0.0
355.7533244300008,-13.060805611944815,20.000000000000004,0.0,0.0,0.0
355.74593953013385,-13.053843279909708,20.000000000000004,0.0,0.0,0.0
355.7385555402253,-13.046880199126544,20.000000000000007,0.0,0.0,0.0
355.73117246040755,-13.03991636936733,20.000000000000004,0.0,0.0,0.0
355.7237902908125,-13.032951790404049,20.000000000000004,0.0,0.0,0.0
355.7164090315725,-13.025986462008653,20.000000000000007,0.0,0.0,0.0
355.7090286828195,-13.019020383953078,20.000000000000007,0.0,0.0,0.0
355.7016492446859,-13.012053556009223,20.000000000000007,0.0,0.0,0.0
355.69427071730365,-13.005085977948966,20.000000000000007,0.0,0.0,0.0
355.68689310080515,-12.998117649544156,20.000000000000004,0.0,0.0,0.0
355.67951639532237,-12.991148570566631,20.0,0.0,0.0,0.0
355.6721406009877,-12.984178740788177,20.0,0.0,0.0,0.0
355.6647657179333,-12.977208159980574,20.0,0.0,0.0,0.0
355.65739174629135,-12.970236827915565,20.0,0.0,0.0,0.0
355.6500186861941,-12.963264744364876,20.0,0.0,0.0,0.0
355.64264653777377,-12.9562919091002,20.0,0.0,0.0,0.0
355.63527530116266,-12.949318321893204,20.0,0.0,0.0,0.0
355.6279049764931,-12.942343982515528,20.0,0.0,0.0,0.0
355.6205355638971,-12.935368890738788,20.000000000000007,0.0,0.0,0.0
355.61316706350715,-12.928393046334579,20.0,0.0,0.0,0.0
355.60579947545557,-12.921416449074455,20.0,0.0,0.0,0.0
355.59843279987444,-12.914439098729959,20.0,0.0,0.0,0.0
355.5910670368963,-12.907460995072592,20.000000000000004,0.0,0.0,0.0
355.5837021866533,-12.90048213787384,20.0,0.0,0.0,0.0
355.5763382492778,-12.893502526905165,20.000000000000004,0.0,0.0,0.0
355.56897522490215,-12.886522161937995,19.999999999999996,0.0,0.0,0.0
355.5616131136587,-12.879541042743721,19.999999999999996,0.0,0.0,0.0
355.55425191567986,-12.87255916909373,19.999999999999993,0.0,0.0,0.0
355.5468916310979,-12.865576540759369,19.999999999999996,0.0,0.0,0.0
355.5395322600452,-12.858593157511962,20.0,0.0,0.0,0.0
355.5321738026541,-12.851609019122794,20.0,0.0,0.0,0.0
355.52481625905705,-12.844624125363147,19.999999999999996,0.0,0.0,0.0
355.5174596293864,-12.83763847600425,19.999999999999996,0.0,0.0,0.0
355.5101039137747,-12.830652070817328,19.999999999999993,0.0,0.0,0.0
355.50274911235414,-12.823664909573557,19.999999999999996,0.0,0.0,0.0
355.4953952252573,-12.816676992044107,20.0,0.0,0.0,0.0
355.48804225261654,-12.809688318000115,19.999999999999993,0.0,0.0,0.0
355.48069019456443,-12.802698887212674,19.999999999999996,0.0,0.0,0.0
355.47333905123327,-12.795708699452874,19.999999999999996,0.0,0.0,0.0
355.46598882275555,-12.788717754491758,20.0,0.0,0.0,0.0
355.45863950926383,-12.781726052100364,19.999999999999993,0.0,0.0,0.0
355.45129111089045,-12.774733592049673,19.999999999999993,0.0,0.0,0.0
355.443943627768,-12.76774037411066,19.999999999999996,0.0,0.0,0.0
355.436597060029,-12.760746398054271,19.999999999999993,0.0,0.0,0.0
355.4292514078059,-12.753751663651428,19.999999999999993,0.0,0.0,0.0
355.4219066712313,-12.746756170673002,19.99999999999999,0.0,0.0,0.0
355.41456285043756,-12.739759918889863,19.999999999999993,0.0,0.0,0.0
355.40721994555736,-12.732762908072843,19.999999999999993,0.0,0.0,0.0
355.3998779567233,-12.725765137992749,19.999999999999986,0.0,0.0,0.0
355.39253688406774,-12.718766608420353,19.999999999999986,0.0,0.0,0.0
355.3851967277234,-12.711767319126409,19.999999999999993,0.0,0.0,0.0
355.3778574878228,-12.704767269881643,19.99999999999999,0.0,0.0,0.0
355.3705191644985,-12.697766460456746,19.99999999999999,0.0,0.0,0.0
355.3631817578831,-12.69076489062238,19.999999999999993,0.0,0.0,0.0
355.3558452681093,-12.683762560149189,19.999999999999993,0.0,0.0,0.0
355.34850969530964,-12.67675946880779,19.99999999999999,0.0,0.0,0.0
355.3411750396167,-12.66975561636876,19.99999999999999,0.0,0.0,0.0
355.33384130116315,-12.662751002602652,19.999999999999993,0.0,0.0,0.0
355.32650848008166,-12.655745627280004,19.99999999999999,0.0,0.0,0.0
355.3191765765049,-12.648739490171302,19.999999999999993,0.0,0.0,0.0
355.31184559056544,-12.641732591047033,19.999999999999986,0.0,0.0,0.0
355.304515522396,-12.634724929677628,19.999999999999986,0.0,0.0,0.0
355.2971863721292,-12.627716505833517,19.999999999999986,0.0,0.0,0.0
355.2898581398979,-12.62070731928507,19.999999999999986,0.0,0.0,0.0
355.2825308258346,-12.61369736980267,19.999999999999986,0.0,0.0,0.0
355.27520443007216,-12.606686657156626,19.999999999999986,0.0,0.0,0.0
355.2678789527432,-12.599675181117252,19.999999999999982,0.0,0.0,0.0
355.2605543939805,-12.592662941454817,19.999999999999986,0.0,0.0,0.0
355.25323075391674,-12.585649937939579,19.999999999999982,0.0,0.0,0.0
355.2459080326847,-12.578636170341744,19.999999999999986,0.0,0.0,0.0
355.23858623041724,-12.57162163843151,19.999999999999986,0.0,0.0,0.0
355.23126534724696,-12.564606341979042,19.999999999999986,0.0,0.0,0.0
355.2239453833067,-12.557590280754463,19.999999999999986,0.0,0.0,0.0
355.21662633872927,-12.55057345452788,19.999999999999986,0.0,0.0,0.0
355.20930821364743,-12.54355586306938,19.999999999999982,0.0,0.0,0.0
355.201991008194,-12.536537506149006,19.999999999999982,0.0,0.0,0.0
355.1946747225019,-12.529518383536775,19.99999999999998,0.0,0.0,0.0
355.1873593567037,-12.522498495002676,19.999999999999982,0.0,0.0,0.0
355.1800449109325,-12.515477840316672,19.99999999999998,0.0,0.0,0.0
355.17273138532096,-12.508456419248702,19.999999999999986,0.0,0.0,0.0
355.1654187800021,-12.501434231568664,19.999999999999982,0.0,0.0,0.0
355.15810709510856,-12.494411277046439,19.99999999999998,0.0,0.0,0.0
355.15079633077346,-12.487387555451871,19.99999999999998,0.0,0.0,0.0
355.1434864871295,-12.480363066554787,19.999999999999982,0.0,0.0,0.0
355.1361775643097,-12.473337810124965,19.999999999999982,0.0,0.0,0.0
355.1288695624469,-12.466311785932175,19.99999999999998,0.0,0.0,0.0
355.12156248167395,-12.459284993746143,19.999999999999982,0.0,0.0,0.0
355.1142563221239,-12.452257433336577,19.99999999999998,0.0,0.0,0.0
355.1069510839296,-12.445229104473142,19.999999999999982,0.0,0.0,0.0
355.099646767224,-12.438200006925495,19.99999999999998,0.0,0.0,0.0
355.0923433721401,-12.431170140463243,19.999999999999975,0.0,0.0,0.0
355.08504089881086,-12.424139504855981,19.999999999999982,0.0,0.0,0.0
355.0777393473691,-12.417108099873259,19.999999999999975,0.0,0.0,0.0
355.07043871794804,-12.410075925284605,19.999999999999982,0.0,0.0,0.0
