galstreams/tracks/track.st.New-3.ibata2024.ecsv
# %ECSV 1.0
# ---
# datatype:
# - {name: ra, unit: deg, datatype: float64}
# - {name: dec, unit: deg, datatype: float64}
# - {name: distance, unit: kpc, datatype: float64}
# - {name: pm_ra_cosdec, unit: mas / yr, datatype: float64}
# - {name: pm_dec, unit: mas / yr, datatype: float64}
# - {name: radial_velocity, unit: km / s, datatype: float64}
# delimiter: ','
# meta: !!omap
# - __serialized_columns__:
#     dec:
#       __class__: astropy.coordinates.angles.Latitude
#       unit: &id001 !astropy.units.Unit {unit: deg}
#       value: !astropy.table.SerializedColumn {name: dec}
#     distance:
#       __class__: astropy.coordinates.distances.Distance
#       unit: !astropy.units.Unit {unit: kpc}
#       value: !astropy.table.SerializedColumn {name: distance}
#     pm_dec:
#       __class__: astropy.units.quantity.Quantity
#       unit: !astropy.units.Unit {unit: mas / yr}
#       value: !astropy.table.SerializedColumn {name: pm_dec}
#     pm_ra_cosdec:
#       __class__: astropy.units.quantity.Quantity
#       unit: !astropy.units.Unit {unit: mas / yr}
#       value: !astropy.table.SerializedColumn {name: pm_ra_cosdec}
#     ra:
#       __class__: astropy.coordinates.angles.Longitude
#       unit: *id001
#       value: !astropy.table.SerializedColumn {name: ra}
#       wrap_angle: !astropy.coordinates.Angle
#         unit: *id001
#         value: 360.0
#     radial_velocity:
#       __class__: astropy.units.quantity.Quantity
#       unit: !astropy.units.Unit {unit: km / s}
#       value: !astropy.table.SerializedColumn {name: radial_velocity}
# schema: astropy-2.0
ra,dec,distance,pm_ra_cosdec,pm_dec,radial_velocity
[from data line 4007]
103.34712948792784,-10.826905583753776,0.9999999999999997,-38.822703998985475,-33.350672473440945,157.99476987107286
103.35640906151419,-10.822923437778217,0.9999999999999996,-38.82652889501844,-33.35390063869186,157.93848661480456
103.3656882860446,-10.8189407758206,0.9999999999999993,-38.83035181208319,-33.35712743589863,157.8821986669998
103.37496716155856,-10.81495759794463,0.9999999999999996,-38.8341727496237,-33.36035286448667,157.825906032975
103.3842456880955,-10.810973904214006,0.9999999999999997,-38.837991707084,-33.36357692388153,157.7696087180468
103.39352386569495,-10.806989694692414,0.9999999999999994,-38.84180868390801,-33.36679961350882,157.71330672753163
103.40280169439639,-10.80300496944354,0.9999999999999996,-38.84562367953957,-33.37002093279421,157.65700006674612
103.41207917423942,-10.799019728531057,0.9999999999999996,-38.84943669342255,-33.373240881163525,157.60068874100662
103.42135630526359,-10.795033972018643,0.9999999999999994,-38.85324772500064,-33.37645945804262,157.54437275562998
103.4306330875085,-10.79104769996996,0.9999999999999996,-38.85705677371757,-33.37967666285747,157.48805211593256
103.43990952101382,-10.787060912448672,0.9999999999999994,-38.86086383901697,-33.38289249503413,157.43172682723085
103.44918560581918,-10.783073609518418,0.9999999999999996,-38.86466892034242,-33.38610695399873,157.37539689484146
103.45846134196431,-10.77908579124286,0.9999999999999996,-38.86847201713745,-33.38932003917751,157.31906232408087
103.46773672948889,-10.77509745768563,0.9999999999999996,-38.872273128845535,-33.392531749996806,157.26272312026575
103.47701176843272,-10.771108608910362,0.9999999999999997,-38.87607225491003,-33.395742085883,157.20637928871247
103.48628645883552,-10.767119244980686,0.9999999999999997,-38.87986939477434,-33.39895104626262,157.15003083473772
103.49556080073714,-10.763129365960221,0.9999999999999996,-38.88366454788176,-33.402158630562255,157.09367776365784
103.5048347941774,-10.759138971912586,0.9999999999999994,-38.88745771367548,-33.405364838208556,157.03732008078947
103.51410843919615,-10.755148062901386,0.9999999999999997,-38.891248891598686,-33.4085696686283,156.98095779144933
103.5233817358333,-10.75115663899022,0.9999999999999997,-38.89503808109451,-33.41177312124837,156.92459090095363
103.53265468412876,-10.747164700242694,0.9999999999999996,-38.898825281606044,-33.41497519549572,156.86821941461906
103.54192728412247,-10.74317224672239,0.9999999999999996,-38.90261049257623,-33.41817589079733,156.8118433377622
103.5511995358544,-10.739179278492896,0.9999999999999997,-38.906393713448026,-33.42137520658037,156.7554626756996
103.56047143936458,-10.735185795617788,0.9999999999999994,-38.910174943664344,-33.42457314227207,156.69907743374762
103.569742994693,-10.731191798160639,0.9999999999999994,-38.913954182667965,-33.42776969729969,156.642687617223
103.57901420187974,-10.727197286185007,0.9999999999999996,-38.91773142990169,-33.43096487109066,156.5862932314422
103.58828506096489,-10.723202259754453,0.9999999999999997,-38.92150668480823,-33.43415866307245,156.52989428172182
103.59755557198856,-10.719206718932531,0.9999999999999996,-38.92527994683023,-33.437351072672655,156.47349077337816
103.60682573499089,-10.715210663782793,0.9999999999999996,-38.929051215410276,-33.44054209931893,156.41708271172806
103.61609555001206,-10.711214094368767,0.9999999999999994,-38.932820489990895,-33.44373174243904,156.36067010208788
103.62536501709225,-10.707217010753991,0.9999999999999997,-38.936587770014576,-33.44692000146082,156.3042529497742
103.63463413627169,-10.703219413001994,0.9999999999999994,-38.94035305492374,-33.450106875812224,156.24783126010354
103.64390290759064,-10.699221301176292,0.9999999999999993,-38.94411634416072,-33.45329236492127,156.19140503839247
103.6531713310894,-10.695222675340398,0.9999999999999996,-38.94787763716784,-33.45647646821608,156.1349742899575
103.66243940680823,-10.691223535557823,0.9999999999999997,-38.95163693338733,-33.459659185124856,156.0785390201152
103.67170713478752,-10.68722388189207,0.9999999999999994,-38.95539423226137,-33.46284051507591,156.02209923418204
103.68097451506762,-10.683223714406628,0.9999999999999996,-38.95914953323209,-33.46602045749764,155.96565493747454
103.69024154768891,-10.679223033164991,0.9999999999999996,-38.96290283574153,-33.4691990118185,155.90920613530938
103.69950823269183,-10.67522183823064,0.9999999999999996,-38.96665413923172,-33.47237617746709,155.85275283300302
103.70877457011682,-10.671220129667049,0.9999999999999994,-38.9704034431446,-33.47555195387207,155.796295035872
103.71804056000435,-10.667217907537683,0.9999999999999996,-38.97415074692205,-33.47872634046219,155.73983274923273
103.72730620239493,-10.663215171906016,0.9999999999999996,-38.977896050005874,-33.481899336666274,155.68336597840195
103.73657149732911,-10.659211922835492,0.9999999999999996,-38.981639351837885,-33.48507094191329,155.62689472869616
103.74583644484744,-10.655208160389572,0.9999999999999994,-38.98538065185975,-33.488241155632274,155.57041900543175
103.7551010449905,-10.651203884631695,0.9999999999999994,-38.98911994951315,-33.491409977252324,155.51393881392536
103.76436529779893,-10.647199095625293,0.9999999999999996,-38.99285724423966,-33.49457740620265,155.4574541594935
103.77362920331333,-10.643193793433806,0.9999999999999996,-38.996592535480794,-33.49774344191257,155.40096504745276
103.78289276157442,-10.639187978120656,0.9999999999999997,-39.00032582267802,-33.50090808381145,155.34447148311972
103.7921559726229,-10.635181649749256,0.9999999999999996,-39.00405710527279,-33.50407133132882,155.2879734718108
103.80141883649947,-10.63117480838302,0.9999999999999996,-39.00778638270643,-33.50723318389423,155.23147101884248
103.81068135324489,-10.627167454085354,0.9999999999999997,-39.011513654420206,-33.510393640937345,155.17496412953153
103.81994352289995,-10.623159586919662,0.9999999999999993,-39.01523891985539,-33.513552701887946,155.11845280919422
103.82920534550547,-10.619151206949322,0.9999999999999997,-39.01896217845312,-33.516710366175865,155.0619370631473
103.83846682110229,-10.615142314237735,0.9999999999999997,-39.02268342965454,-33.51986663323106,155.00541689670715
103.84772794973127,-10.611132908848274,0.9999999999999994,-39.02640267290067,-33.52302150248358,154.94889231519034
103.85698873143329,-10.607122990844305,0.9999999999999996,-39.03011990763252,-33.526174973363524,154.89236332391354
103.8662491662493,-10.603112560289203,0.9999999999999996,-39.03383513329102,-33.52932704530114,154.8358299281932
103.87550925422025,-10.599101617246328,0.9999999999999994,-39.03754834931703,-33.532477717726735,154.7792921333458
103.8847689953871,-10.595090161779028,0.9999999999999996,-39.04125955515138,-33.5356269900707,154.7227499446879
103.89402838979088,-10.591078193950656,0.9999999999999994,-39.04496875023481,-33.53877486176356,154.66620336753607
103.9032874374726,-10.587065713824545,0.9999999999999996,-39.04867593400799,-33.54192133223589,154.60965240720697
103.91254613847335,-10.583052721464034,0.9999999999999994,-39.052381105911586,-33.54506640091839,154.55309706901681
103.92180449283417,-10.579039216932449,0.9999999999999994,-39.05608426538615,-33.548210067241804,154.49653735828238
103.93106250059623,-10.575025200293114,0.9999999999999994,-39.0597854118722,-33.55135233063703,154.43997328032026
103.94032016180063,-10.571010671609338,0.9999999999999996,-39.06348454481018,-33.554493190535034,154.38340484044684
103.9495774764886,-10.56699563094443,0.9999999999999996,-39.06718166364048,-33.55763264636684,154.3268320439787
103.9588344447013,-10.562980078361692,0.9999999999999994,-39.07087676780343,-33.56077069756362,154.27025489623233
103.96809106647996,-10.558964013924419,0.9999999999999996,-39.0745698567393,-33.56390734355661,154.21367340252436
103.97734734186584,-10.5549474376959,0.9999999999999994,-39.07826092988829,-33.567042583777145,154.15708756817122
103.98660327090023,-10.550930349739414,0.9999999999999994,-39.08194998669057,-33.57017641765665,154.10049739848955
103.99585885362444,-10.546912750118238,0.9999999999999994,-39.085637026586184,-33.57330884462664,154.04390289879578
104.00511409007981,-10.542894638895643,0.9999999999999996,-39.08932204901517,-33.57643986411874,153.98730407440658
104.01436898030771,-10.538876016134886,0.9999999999999996,-39.093005053417535,-33.579569475564654,153.9307009306384
104.0236235243495,-10.534856881899225,0.9999999999999996,-39.09668603923311,-33.58269767839616,153.87409347280777
104.03287772224665,-10.53083723625191,0.9999999999999997,-39.10036500590181,-33.58582447204519,153.81748170623132
104.04213157404058,-10.526817079256178,0.9999999999999997,-39.104041952863355,-33.588949855943696,153.76086563622547
104.05138507977279,-10.522796410975273,0.9999999999999994,-39.107716879557515,-33.59207382952379,153.70424526810675
104.06063823948476,-10.518775231472418,0.9999999999999997,-39.11138978542392,-33.59519639221763,153.64762060719187
104.06989105321804,-10.514753540810839,0.9999999999999996,-39.115060669902164,-33.598317543457476,153.59099165879715
104.07914352101417,-10.510731339053752,0.9999999999999996,-39.118729532431814,-33.601437282675704,153.53435842823922
104.08839564291476,-10.506708626264361,0.9999999999999997,-39.1223963724523,-33.60455560930477,153.47772092083466
104.09764741896143,-10.502685402505875,0.9999999999999993,-39.126061189403096,-33.60767252277723,153.42107914189992
104.10689884919579,-10.498661667841487,0.9999999999999996,-39.12972398272349,-33.6107880225257,153.3644330967517
104.11614993365954,-10.494637422334387,0.9999999999999994,-39.133384751852816,-33.61390210798295,153.3077827907063
104.12540067239436,-10.490612666047758,0.9999999999999996,-39.137043496230305,-33.6170147785818,153.25112822908042
104.13465106544199,-10.486587399044776,0.9999999999999996,-39.1407002152951,-33.62012603375517,153.19446941719062
104.14390111284418,-10.482561621388609,0.9999999999999996,-39.14435490848631,-33.62323587293609,153.1378063603532
104.1531508146427,-10.478535333142425,0.9999999999999998,-39.148007575243014,-33.62634429555768,153.08113906388502
104.16240017087938,-10.474508534369377,0.9999999999999994,-39.151658215004176,-33.62945130105314,153.02446753310238
104.17164918159602,-10.470481225132618,0.9999999999999996,-39.15530682720869,-33.63255688885579,152.96779177332192
104.18089784683453,-10.466453405495287,0.9999999999999994,-39.15895341129547,-33.635661058399016,152.9111117898602
104.19014616663675,-10.46242507552052,0.9999999999999996,-39.16259796670326,-33.638763809116305,152.8544275880337
104.19939414104464,-10.45839623527145,0.9999999999999994,-39.16624049287084,-33.64186514044126,152.797739173159
104.20864177010013,-10.454366884811197,0.9999999999999997,-39.169880989236844,-33.64496505180756,152.74104655055248
104.2178890538452,-10.450337024202883,0.9999999999999996,-39.17351945523994,-33.64806354264898,152.68434972553086
104.22713599232182,-10.446306653509613,0.9999999999999996,-39.177155890318616,-33.65116061239941,152.6276487034106
104.23638258557206,-10.442275772794492,0.9999999999999996,-39.180790293911386,-33.654256260492794,152.5709434895083
104.24562883363795,-10.438244382120615,0.9999999999999997,-39.18442266545671,-33.65735048636321,152.51423408914047
104.25487473656158,-10.434212481551079,0.9999999999999994,-39.18805300439291,-33.66044328944482,152.45752050762366
104.26412029438507,-10.430180071148952,0.9999999999999997,-39.19168131015829,-33.66353466917187,152.40080275027444
104.27336550715054,-10.426147150977325,0.9999999999999996,-39.195307582191106,-33.66662462497871,152.3440808224091
104.28261037490017,-10.42211372109926,0.9999999999999994,-39.19893181992955,-33.6697131562998,152.2873547293444
104.29185489767616,-10.418079781577822,0.9999999999999996,-39.20255402281168,-33.67280026256966,152.23062447639686
104.3010990755207,-10.414045332476066,0.9999999999999996,-39.206174190275604,-33.67588594322292,152.173890068883
104.31034290847607,-10.410010373857046,0.9999999999999996,-39.20979232175929,-33.67897019769435,152.11715151211936
104.31958639658453,-10.405974905783799,0.9999999999999994,-39.213408416700666,-33.68205302541875,152.06040881142243
104.32882953988837,-10.401938928319366,0.9999999999999994,-39.2170224745376,-33.685134425831045,152.00366197210874
104.33807233842995,-10.397902441526776,0.9999999999999996,-39.220634494707895,-33.68821439836625,151.94691099949495
104.34731479225162,-10.393865445469046,0.9999999999999996,-39.22424447664927,-33.691292942459484,151.89015589889743
104.35655690139573,-10.389827940209198,0.9999999999999996,-39.22785241979945,-33.69437005754596,151.83339667563297
104.36579866590473,-10.385789925810238,0.9999999999999996,-39.231458323595994,-33.69744574306099,151.7766333350178
104.37504008582106,-10.381751402335173,0.9999999999999994,-39.235062187476494,-33.70051999843998,151.7198658823687
104.38428116118716,-10.377712369846993,0.9999999999999994,-39.238664010878395,-33.703592823118406,151.66309432300193
104.39352189204556,-10.373672828408687,0.9999999999999996,-39.242263793239175,-33.706664216531884,151.60631866223434
104.40276227843874,-10.369632778083243,0.9999999999999997,-39.24586153399617,-33.70973417811611,151.54953890538226
104.41200232040927,-10.365592218933637,0.9999999999999996,-39.249457232586664,-33.712802707306835,151.4927550577624
104.42124201799973,-10.361551151022827,0.9999999999999997,-39.25305088844792,-33.71586980353999,151.43596712469108
104.43048137125272,-10.357509574413783,0.9999999999999994,-39.2566425010171,-33.71893546625154,151.37917511148495
104.43972038021086,-10.35346748916946,0.9999999999999997,-39.2602320697313,-33.72199969487755,151.32237902346063
104.44895904491685,-10.349424895352804,0.9999999999999994,-39.26381959402761,-33.72506248885422,151.2655788659345
104.45819736541331,-10.345381793026755,0.9999999999999996,-39.26740507334294,-33.728123847617795,151.20877464422307
104.46743534174301,-10.341338182254251,0.9999999999999996,-39.27098850711429,-33.73118377060465,151.1519663636431
104.47667297394865,-10.337294063098222,0.9999999999999996,-39.27456989477846,-33.73424225725127,151.09515402951098
104.48591026207302,-10.33324943562158,0.9999999999999994,-39.278149235772275,-33.737299306994196,151.03833764714318
104.4951472061589,-10.32920429988725,0.9999999999999996,-39.281726529532435,-33.740354919270075,150.98151722185642
104.50438380624912,-10.325158655958136,0.9999999999999994,-39.28530177549564,-33.7434090935157,150.92469275896715
104.51362006238654,-10.321112503897135,0.9999999999999993,-39.28887497309846,-33.7464618291679,150.8678642637919
104.52285597461403,-10.317065843767146,0.9999999999999996,-39.29244612177745,-33.74951312566361,150.81103174164716
104.53209154297447,-10.31301867563105,0.9999999999999996,-39.29601522096908,-33.75256298243992,150.75419519784953
104.54132676751082,-10.308970999551729,0.9999999999999996,-39.29958227010978,-33.755611398933944,150.69735463771548
104.55056164826603,-10.30492281559206,0.9999999999999994,-39.303147268635875,-33.75865837458295,150.64051006656157
104.55979618528308,-10.300874123814907,0.9999999999999996,-39.30671021598365,-33.761703908824245,150.58366148970438
104.56903037860496,-10.29682492428313,0.9999999999999997,-39.310271111589316,-33.76474800109527,150.52680891246052
104.57826422827476,-10.292775217059585,0.9999999999999996,-39.313829954889044,-33.76779065083359,150.4699523401464
104.58749773433551,-10.288725002207109,0.9999999999999993,-39.31738674531894,-33.77083185747684,150.4130917780785
104.59673089683034,-10.284674279788549,0.9999999999999996,-39.32094148231502,-33.773871620462714,150.35622723157357
104.60596371580232,-10.280623049866735,0.9999999999999994,-39.324494165313226,-33.77690993922907,150.29935870594792
104.61519619129461,-10.27657131250449,0.9999999999999993,-39.328044793749484,-33.779946813213826,150.24248620651815
104.62442832335043,-10.272519067764636,0.9999999999999996,-39.331593367059604,-33.78298224185498,150.1856097386009
