galstreams/tracks/track.st.Fimbulthul.ibata2021.ecsv
# %ECSV 0.9
# ---
# datatype:
# - {name: ra, unit: deg, datatype: float64}
# - {name: dec, unit: deg, datatype: float64}
# - {name: distance, unit: kpc, datatype: float64}
# - {name: pm_ra_cosdec, unit: mas / yr, datatype: float64}
# - {name: pm_dec, unit: mas / yr, datatype: float64}
# - {name: radial_velocity, unit: km / s, datatype: float64}
# delimiter: ','
# meta: !!omap
# - __serialized_columns__:
#     dec:
#       __class__: astropy.coordinates.angles.Latitude
#       unit: &id001 !astropy.units.Unit {unit: deg}
#       value: !astropy.table.SerializedColumn {name: dec}
#     distance:
#       __class__: astropy.coordinates.distances.Distance
#       unit: !astropy.units.Unit {unit: kpc}
#       value: !astropy.table.SerializedColumn {name: distance}
#     pm_dec:
#       __class__: astropy.units.quantity.Quantity
#       unit: !astropy.units.Unit {unit: mas / yr}
#       value: !astropy.table.SerializedColumn {name: pm_dec}
#     pm_ra_cosdec:
#       __class__: astropy.units.quantity.Quantity
#       unit: !astropy.units.Unit {unit: mas / yr}
#       value: !astropy.table.SerializedColumn {name: pm_ra_cosdec}
#     ra:
#       __class__: astropy.coordinates.angles.Longitude
#       unit: *id001
#       value: !astropy.table.SerializedColumn {name: ra}
#       wrap_angle: !astropy.coordinates.Angle
#         unit: *id001
#         value: 360.0
#     radial_velocity:
#       __class__: astropy.units.quantity.Quantity
#       unit: !astropy.units.Unit {unit: km / s}
#       value: !astropy.table.SerializedColumn {name: radial_velocity}
# schema: astropy-2.0
ra,dec,distance,pm_ra_cosdec,pm_dec,radial_velocity
[from data line 827]
195.15148174736692,-32.52520159587891,5.139080531218651,-6.46202713857111,-7.565211491934921,1.515738083377021e-13
195.15887591172384,-32.516299354386824,5.1382391651962145,-6.465514847774319,-7.566983626660019,1.515738083377021e-13
195.1662700509068,-32.507398556730145,5.137396304375678,-6.469008717677238,-7.568756987860333,1.347322740779574e-13
195.1736641685996,-32.49849920726508,5.136551950699627,-6.472508743327178,-7.5705315750741295,1.1789073981821273e-13
195.18105826848594,-32.489601310347176,5.1357061061106455,-6.4760149197718215,-7.572307387838576,1.515738083377021e-13
195.18845235424942,-32.48070487033123,5.134858772551321,-6.479527242059199,-7.574084425689733,1.0104920555846805e-13
195.19584642957352,-32.47180989157136,5.134009951964239,-6.483045705237718,-7.575862688162574,1.347322740779574e-13
195.2032404981415,-32.46291637842099,5.133159646291984,-6.486570304356154,-7.5776421747909595,1.347322740779574e-13
195.2106345636367,-32.4540243352328,5.132307857477145,-6.49010103446363,-7.579422885107663,8.420767129872338e-14
195.21802862974212,-32.4451337663588,5.131454587462303,-6.493637890609655,-7.581204818644372,1.515738083377021e-13
195.2254227001409,-32.436244676150245,5.130599838190046,-6.497180867844078,-7.582987974931667,1.515738083377021e-13
195.2328167785159,-32.42735706895771,5.1297436116029616,-6.500729961217125,-7.584772353499048,1.6841534259744677e-13
195.24021086854998,-32.418470949131034,5.1288859096436346,-6.504285165779383,-7.586557953874917,1.515738083377021e-13
195.2476049739257,-32.40958632101942,5.1280267342546475,-6.507846476581815,-7.588344775586593,1.6841534259744677e-13
195.25499909832573,-32.4007031889713,5.1271660873785905,-6.511413888675728,-7.59013281816031,1.347322740779574e-13
195.26239324543252,-32.39182155733441,5.126303970958046,-6.514987397112802,-7.591922081121216,1.347322740779574e-13
195.26978741892844,-32.382941430455766,5.125440386935602,-6.518566996945087,-7.593712563993368,1.347322740779574e-13
195.27718162249582,-32.37406281268169,5.124575337253843,-6.522152683224986,-7.595504266299755,1.1789073981821273e-13
195.28457585981675,-32.36518570835782,5.123708823855355,-6.525744451005268,-7.597297187562272,1.515738083377021e-13
195.29197013457343,-32.35631012182901,5.1228408486827215,-6.529342295339074,-7.599091327301753,1.0104920555846805e-13
195.29936445044768,-32.347436057439516,5.121971413678533,-6.532946211279898,-7.60088668503793,1.1789073981821273e-13
195.30675881112143,-32.338563519532805,5.121100520785371,-6.53655619388161,-7.60268326028948,1.0104920555846805e-13
195.31415322027644,-32.32969251245165,5.120228171945823,-6.540172238198431,-7.604481052573992,1.8525687685719145e-13
195.32154768159444,-32.320823040538116,5.119354369102476,-6.543794339284944,-7.606280061407988,1.347322740779574e-13
195.32894219875695,-32.31195510813357,5.118479114197913,-6.547422492196112,-7.608080286306921,1.347322740779574e-13
195.3363367754456,-32.303088719578646,5.1176024091747205,-6.551056691987247,-7.609881726785175,1.515738083377021e-13
195.3437314153416,-32.29422387921332,5.116724255975486,-6.554696933714033,-7.611684382356053,1.1789073981821273e-13
195.35112612212632,-32.28536059137682,5.115844656542792,-6.558343212432515,-7.613488252531802,1.515738083377021e-13
195.358520899481,-32.27649886040768,5.114963612819227,-6.561995523199096,-7.615293336823601,1.1789073981821273e-13
195.3659157510868,-32.26763869064368,5.114081126747377,-6.565653861070545,-7.6170996347415665,8.420767129872338e-14
195.37331068062468,-32.25878008642197,5.113197200269824,-6.569318221104,-7.618907145794747,8.420767129872338e-14
195.38070569177563,-32.24992305207893,5.112311835329159,-6.572988598356959,-7.620715869491131,1.347322740779574e-13
195.38810078822058,-32.24106759195023,5.111425033867963,-6.576664987887277,-7.622525805337656,1.515738083377021e-13
195.3954959736402,-32.23221371037087,5.110536797828825,-6.580347384753185,-7.624336952840185,1.1789073981821273e-13
195.40289125171523,-32.22336141167515,5.109647129154328,-6.584035784013272,-7.6261493115035375,1.1789073981821273e-13
195.4102866261263,-32.2145107001966,5.1087560297870604,-6.5877301807264805,-7.627962880831468,1.1789073981821273e-13
195.41768210055392,-32.20566158026808,5.1078635016696055,-6.59143056995213,-7.629777660326685,1.1789073981821273e-13
195.42507767867858,-32.19681405622172,5.106969546744551,-6.595136946749896,-7.631593649490837,1.1789073981821273e-13
195.4324733641806,-32.18796813238899,5.106074166954481,-6.598849306179821,-7.633410847824527,1.515738083377021e-13
195.4398691607404,-32.179123813100546,5.105177364241983,-6.602567643302299,-7.635229254827304,8.420767129872338e-14
195.44726507203802,-32.17028110268649,5.10427914054964,-6.606291953178113,-7.637048869997667,1.1789073981821273e-13
195.45466110175371,-32.16144000547608,5.103379497820042,-6.610022230868381,-7.638869692833067,1.0104920555846805e-13
195.4620572535675,-32.15260052579792,5.102478437995771,-6.613758471434602,-7.640691722829917,1.515738083377021e-13
195.46945353115944,-32.143762667979914,5.101575963019411,-6.6175006699386305,-7.6425149594835835,1.0104920555846805e-13
195.47684993820943,-32.134926436349204,5.100672074833554,-6.621248821442683,-7.644339402288378,1.1789073981821273e-13
195.48424647839732,-32.12609183523224,5.099766775380782,-6.62500292100934,-7.646165050737583,1.347322740779574e-13
195.4916431554029,-32.117258868954856,5.098860066603679,-6.628762963701553,-7.647991904323436,1.1789073981821273e-13
195.49903997290585,-32.10842754184205,5.097951950444835,-6.632528944582628,-7.6498199625371335,1.1789073981821273e-13
195.50643693458585,-32.09959785821816,5.097042428846834,-6.63630085871623,-7.651649224868835,1.0104920555846805e-13
195.51383404412246,-32.09076982240683,5.096131503752257,-6.640078701166409,-7.653479690807671,1.1789073981821273e-13
195.52123130519522,-32.08194343873095,5.095219177103698,-6.643862466997544,-7.6553113598417255,1.6841534259744677e-13
195.52862872148359,-32.073118711512755,5.094305450843737,-6.647652151274405,-7.657144231458055,1.1789073981821273e-13
195.53602629666702,-32.0642956450737,5.093390326914961,-6.651447749062107,-7.6589783051426865,8.420767129872338e-14
195.54342403442467,-32.055474243734615,5.092473807259955,-6.655249255426149,-7.660813580380609,1.0104920555846805e-13
195.55082193843592,-32.04665451181556,5.091555893821309,-6.659056665432364,-7.662650056655773,1.347322740779574e-13
195.55822001237996,-32.037836453635904,5.090636588541603,-6.6628699741469735,-7.664487733451128,8.420767129872338e-14
195.56561825993592,-32.029020073514296,5.089715893363426,-6.66668917663655,-7.666326610248572,1.0104920555846805e-13
195.57301668478294,-32.0202053757687,5.088793810229362,-6.670514267968029,-7.6681666865289895,1.6841534259744677e-13
195.58041529060006,-32.01139236471627,5.087870341081998,-6.674345243208709,-7.670007961772238,1.515738083377021e-13
195.5878140810662,-32.00258104467363,5.086945487863921,-6.678182097426256,-7.671850435457142,1.347322740779574e-13
195.59521305986033,-31.993771419956563,5.086019252517713,-6.682024825688692,-7.673694107061516,1.6841534259744677e-13
195.60261223066132,-31.984963494880144,5.085091636985963,-6.68587342306441,-7.675538976062155,1.1789073981821273e-13
195.610011597148,-31.976157273758794,5.084162643211253,-6.689727884622155,-7.677385041934822,1.0104920555846805e-13
195.61741116299913,-31.967352760906152,5.083232273136174,-6.6935882054310465,-7.679232304154273,1.0104920555846805e-13
195.6248109318935,-31.958549960635235,5.082300528703307,-6.697454380560553,-7.681080762194244,8.420767129872338e-14
195.63221090750974,-31.949748877258234,5.081367411855242,-6.701326405080514,-7.682930415527451,1.6841534259744677e-13
195.63961109352647,-31.940949515086764,5.080432924534559,-6.705204274061139,-7.684781263625606,1.515738083377021e-13
195.64701149362227,-31.932151878431625,5.07949706868385,-6.709087982572983,-7.686633305959391,1.347322740779574e-13
195.65441211147572,-31.923355971602952,5.078559846245696,-6.712977525686982,-7.688486541998498,1.347322740779574e-13
195.66181295076532,-31.91456179891014,5.077621259162687,-6.716872898474417,-7.69034097121159,1.347322740779574e-13
195.66921401516953,-31.90576936466191,5.0766813093774035,-6.720774096006944,-7.692196593066329,1.347322740779574e-13
195.67661530836676,-31.89697867316624,5.075739998832436,-6.724681113356573,-7.694053407029372,1.347322740779574e-13
195.68401683403548,-31.888189728730378,5.074797329470365,-6.728593945595686,-7.695911412566364,1.347322740779574e-13
195.69141859585386,-31.879402535660937,5.073853303233783,-6.732512587797024,-7.697770609141939,1.0104920555846805e-13
195.69882059750032,-31.870617098263757,5.072907922065269,-6.736437035033683,-7.699630996219737,1.1789073981821273e-13
195.7062228426531,-31.86183342084398,5.071961187907413,-6.740367282379131,-7.701492573262391,1.515738083377021e-13
195.7136253349904,-31.853051507706017,5.0710131027028,-6.744303324907199,-7.703355339731529,1.515738083377021e-13
195.72102807819053,-31.84427136315359,5.070063668394016,-6.748245157692065,-7.705219295087782,1.0104920555846805e-13
195.72843107593164,-31.835492991489694,5.069112886923644,-6.752192775808289,-7.707084438790788,1.515738083377021e-13
195.73583433189177,-31.826716397016664,5.068160760234273,-6.756146174330788,-7.70895077029917,1.0104920555846805e-13
195.74323784974908,-31.817941584036056,5.067207290268486,-6.7601053483348394,-7.710818289070565,1.515738083377021e-13
195.7506416331817,-31.809168556848732,5.066252478968871,-6.764070292896077,-7.712686994561611,1.347322740779574e-13
195.75804568586761,-31.800397319754858,5.065296328278013,-6.768041003090505,-7.714556886227956,1.1789073981821273e-13
195.7654500114849,-31.791627877053866,5.064338840138498,-6.772017473994489,-7.716427963524247,1.0104920555846805e-13
195.77285461371153,-31.782860233044502,5.063380016492911,-6.775999700684754,-7.718300225904144,1.347322740779574e-13
195.78025949622557,-31.77409439202474,5.062419859283837,-6.779987678238387,-7.720173672820319,1.347322740779574e-13
195.78766466270488,-31.76533035829195,5.061458370453865,-6.7839814017328415,-7.722048303724439,1.0104920555846805e-13
195.79507011682742,-31.75656813614269,5.060495551945575,-6.787980866245937,-7.7239241180672025,1.0104920555846805e-13
195.8024758622711,-31.74780772987285,5.059531405701558,-6.791986066855848,-7.725801115298303,1.1789073981821273e-13
195.80988190271387,-31.73904914377759,5.058565933664398,-6.79599699864111,-7.7276792948664585,1.515738083377021e-13
195.81728824183358,-31.73029238215135,5.0575991377766805,-6.800013656680624,-7.729558656219395,1.347322740779574e-13
195.8246948833081,-31.721537449287897,5.0566310199809905,-6.804036036053657,-7.73143919880386,1.515738083377021e-13
195.8321018308153,-31.7127843494802,5.055661582219916,-6.808064131839828,-7.733320922065617,1.1789073981821273e-13
195.83950908803297,-31.704033087020644,5.054690826436039,-6.812097939119133,-7.73520382544944,1.0104920555846805e-13
195.84691665863892,-31.695283666200808,5.053718754571949,-6.816137452971924,-7.737087908399126,1.347322740779574e-13
195.85432454631106,-31.686536091311563,5.052745368570229,-6.820182668478908,-7.738973170357502,1.0104920555846805e-13
195.8617327547271,-31.677790366643087,5.051770670373467,-6.824233580721163,-7.740859610766401,1.1789073981821273e-13
195.86914128756484,-31.66904649648485,5.050794661924246,-6.8282901847801245,-7.742747229066692,1.347322740779574e-13
195.8765501485022,-31.660304485125543,5.049817345165154,-6.832352475737592,-7.744636024698259,8.420767129872338e-14
195.88395934121672,-31.65156433685327,5.048838722038778,-6.836420448675732,-7.74652599710001,1.347322740779574e-13
195.89136886938638,-31.642826055955315,5.047858794487699,-6.840494098677064,-7.748417145709888,1.347322740779574e-13
195.89877873668883,-31.634089646718287,5.046877564454507,-6.844573420824489,-7.750309469964856,1.1789073981821273e-13
195.9061889468019,-31.62535511342806,5.045895033881786,-6.848658410201231,-7.752202969300903,1.0104920555846805e-13
195.91359950340333,-31.616622460369825,5.044911204712122,-6.852749061890926,-7.754097643153054,1.347322740779574e-13
195.9210104101709,-31.607891691828044,5.0439260788881,-6.856845370977534,-7.755993490955364,1.515738083377021e-13
195.9284216707824,-31.5991628120864,5.042939658352306,-6.860947332545396,-7.757890512140916,1.515738083377021e-13
195.93583328891555,-31.590435825428017,5.041951945047328,-6.8650549416792135,-7.759788706141819,1.1789073981821273e-13
195.94324526824812,-31.58171073613518,5.0409629409157475,-6.869168193464035,-7.761688072389228,1.1789073981821273e-13
195.9506576124579,-31.572987548489465,5.039972647900153,-6.8732870829853026,-7.763588610313327,1.1789073981821273e-13
195.95807032522265,-31.56426626677177,5.038981067943131,-6.877411605328787,-7.765490319343335,1.347322740779574e-13
195.96548341022023,-31.55554689526228,5.037988202987264,-6.881541755580638,-7.76739319890751,1.1789073981821273e-13
195.97289687112834,-31.546829438240426,5.036994054975141,-6.885677528827368,-7.769297248433139,1.1789073981821273e-13
195.98031071162495,-31.538113899984936,5.035998625849344,-6.8898189201558475,-7.771202467346573,1.1789073981821273e-13
195.9877249353877,-31.529400284773896,5.0350019175524645,-6.893965924653315,-7.77310885507317,8.420767129872338e-14
195.99513954609444,-31.520688596884572,5.034003932027083,-6.898118537407367,-7.775016411037346,8.420767129872338e-14
196.00255454742307,-31.511978840593578,5.033004671215787,-6.902276753505958,-7.776925134662563,1.0104920555846805e-13
196.00996994305143,-31.503271020176772,5.032004137061163,-6.906440568037411,-7.778835025371316,6.73661370389787e-14
196.01738573665742,-31.49456513990934,5.0310023315057935,-6.910609976090416,-7.780746082585153,8.420767129872338e-14
196.02480193191894,-31.48586120406569,5.029999256492268,-6.914784972754006,-7.782658305724663,1.1789073981821273e-13
196.03221853251378,-31.47715921691958,5.028994913963173,-6.9189655531176015,-7.7845716942094745,1.0104920555846805e-13
196.03963554211998,-31.468459182744052,5.027989305861089,-6.923151712270973,-7.786486247458272,1.347322740779574e-13
196.04705296441546,-31.459761105811374,5.026982434128607,-6.927343445304242,-7.788401964888791,8.420767129872338e-14
196.05447080307817,-31.45106499039313,5.0259743007083095,-6.931540747307915,-7.790318845917808,8.420767129872338e-14
196.06188906178613,-31.442370840760194,5.024964907542783,-6.935743613372848,-7.792236889961151,1.515738083377021e-13
196.06930774421735,-31.43367866118272,5.023954256574614,-6.939952038590256,-7.794156096433708,1.515738083377021e-13
196.07672685404992,-31.424988455930098,5.022942349746386,-6.944166018051718,-7.796076464749408,1.515738083377021e-13
196.08414639496178,-31.416300229271112,5.021929189000688,-6.948385546849193,-7.797997994321234,1.515738083377021e-13
196.09156637063117,-31.407613985473738,5.020914776280104,-6.9526106200749735,-7.799920684561233,1.347322740779574e-13
196.0989867847361,-31.398929728805246,5.019899113527219,-6.956841232821738,-7.801844534880497,1.1789073981821273e-13
196.10640764095479,-31.390247463532212,5.018882202684622,-6.96107738018251,-7.803769544689178,1.6841534259744677e-13
196.11382894296543,-31.381567193920482,5.017864045694894,-6.9653190572506904,-7.805695713396492,1.1789073981821273e-13
196.12125069444627,-31.372888924235166,5.0168446445006225,-6.969566259120026,-7.807623040410708,1.515738083377021e-13
196.12867289907553,-31.36421265874074,5.015824001044395,-6.973818980884646,-7.809551525139145,1.515738083377021e-13
196.13609556053146,-31.355538401700855,5.014802117268797,-6.978077217639025,-7.811481166988192,1.1789073981821273e-13
196.14351868249247,-31.346866157378503,5.01377899511641,-6.982340964478012,-7.813411965363302,1.0104920555846805e-13
196.15094226863687,-31.338195930035948,5.012754636529825,-6.986610216496806,-7.815343919668982,1.0104920555846805e-13
