galstreams/tracks/track.ep.Willka_Yaku.shipp2018.ecsv
# %ECSV 1.0
# ---
# datatype:
# - {name: ra, unit: deg, datatype: float64}
# - {name: dec, unit: deg, datatype: float64}
# - {name: distance, unit: kpc, datatype: float64}
# - {name: pm_ra_cosdec, unit: mas / yr, datatype: float64}
# - {name: pm_dec, unit: mas / yr, datatype: float64}
# - {name: radial_velocity, unit: km / s, datatype: float64}
# delimiter: ','
# meta: !!omap
# - __serialized_columns__:
#     dec:
#       __class__: astropy.coordinates.angles.Latitude
#       unit: &id001 !astropy.units.Unit {unit: deg}
#       value: !astropy.table.SerializedColumn {name: dec}
#     distance:
#       __class__: astropy.coordinates.distances.Distance
#       unit: !astropy.units.Unit {unit: kpc}
#       value: !astropy.table.SerializedColumn {name: distance}
#     pm_dec:
#       __class__: astropy.units.quantity.Quantity
#       unit: !astropy.units.Unit {unit: mas / yr}
#       value: !astropy.table.SerializedColumn {name: pm_dec}
#     pm_ra_cosdec:
#       __class__: astropy.units.quantity.Quantity
#       unit: !astropy.units.Unit {unit: mas / yr}
#       value: !astropy.table.SerializedColumn {name: pm_ra_cosdec}
#     ra:
#       __class__: astropy.coordinates.angles.Longitude
#       unit: *id001
#       value: !astropy.table.SerializedColumn {name: ra}
#       wrap_angle: !astropy.coordinates.Angle
#         unit: *id001
#         value: 360.0
#     radial_velocity:
#       __class__: astropy.units.quantity.Quantity
#       unit: !astropy.units.Unit {unit: km / s}
#       value: !astropy.table.SerializedColumn {name: radial_velocity}
# schema: astropy-2.0
ra,dec,distance,pm_ra_cosdec,pm_dec,radial_velocity
36.10000036288214,-64.60000003001709,34.699999999999996,1.1,0.3,0.0
36.114168550700455,-64.56844946686626,34.7,1.1,0.3,0.0
36.1283039610106,-64.53689754811921,34.7,1.1,0.3,0.0
36.14240671457065,-64.50534427882812,34.7,1.1,0.3,0.0
36.15647693155612,-64.47378966402039,34.699999999999996,1.1,0.3,0.0
36.17051473156359,-64.44223370869888,34.7,1.1,0.3,0.0
36.18452023361399,-64.41067641784201,34.7,1.1,0.3,0.0
36.198493556156144,-64.3791177964039,34.7,1.1,0.3,0.0
36.21243481707011,-64.34755784931453,34.7,1.1,0.3,0.0
36.22634413367056,-64.31599658147988,34.70000000000001,1.1,0.3,0.0
36.24022162271013,-64.28443399778206,34.7,1.1,0.3,0.0
36.25406740038275,-64.25287010307953,34.7,1.1,0.3,0.0
36.26788158232695,-64.22130490220711,34.699999999999996,1.1,0.3,0.0
36.28166428362911,-64.18973839997626,34.7,1.1,0.3,0.0
36.29541561882678,-64.15817060117506,34.7,1.1,0.3,0.0
36.30913570191179,-64.12660151056863,34.70000000000001,1.1,0.3,0.0
36.32282464633361,-64.09503113289892,34.70000000000001,1.1,0.3,0.0
36.336482565002434,-64.06345947288506,34.699999999999996,1.1,0.3,0.0
36.35010957029242,-64.03188653522345,34.7,1.1,0.3,0.0
36.36370577404474,-64.00031232458791,34.7,1.1,0.3,0.0
36.377271287570785,-63.96873684562976,34.7,1.1,0.3,0.0
36.390806221655254,-63.93716010297806,34.7,1.1,0.3,0.0
36.404310686559185,-63.90558210123962,34.699999999999996,1.1,0.3,0.0
36.41778479202305,-63.874002844999204,34.699999999999996,1.1,0.3,0.0
36.431228647269805,-63.84242233881965,34.7,1.1,0.3,0.0
36.44464236100786,-63.810840587242,34.7,1.1,0.3,0.0
36.45802604143412,-63.77925759478561,34.7,1.1,0.3,0.0
36.471379796236924,-63.747673365948316,34.699999999999996,1.1,0.3,0.0
36.484703732599044,-63.716087905206514,34.699999999999996,1.1,0.3,0.0
36.497997957200546,-63.68450121701533,34.7,1.1,0.3,0.0
36.511262576221775,-63.6529133058087,34.7,1.1,0.3,0.0
36.524497695346234,-63.62132417599951,34.70000000000001,1.1,0.3,0.0
36.53770341976338,-63.589733831979835,34.7,1.1,0.3,0.0
36.55087985417161,-63.55814227812084,34.7,1.1,0.3,0.0
36.56402710278098,-63.52654951877308,34.7,1.1,0.3,0.0
36.577145269316105,-63.49495555826651,34.7,1.1,0.3,0.0
36.59023445701889,-63.46336040091072,34.699999999999996,1.1,0.3,0.0
36.60329476865134,-63.43176405099494,34.7,1.1,0.3,0.0
36.6163263064983,-63.40016651278823,34.7,1.1,0.3,0.0
36.62932917237024,-63.36856779053957,34.7,1.1,0.3,0.0
36.64230346760589,-63.33696788847801,34.7,1.1,0.3,0.0
36.65524929307505,-63.30536681081273,34.70000000000001,1.1,0.3,0.0
36.66816674918115,-63.27376456173319,34.7,1.1,0.3,0.0
36.68105593586403,-63.242161145409256,34.7,1.1,0.3,0.0
36.69391695260253,-63.21055656599129,34.7,1.1,0.3,0.0
36.70674989841711,-63.17895082761027,34.7,1.1,0.3,0.0
36.71955487187251,-63.14734393437793,34.7,1.1,0.3,0.0
36.73233197108028,-63.11573589038679,34.7,1.1,0.3,0.0
36.74508129370143,-63.084126699710296,34.7,1.1,0.3,0.0
36.757802936948906,-63.05251636640317,34.7,1.1,0.3,0.0
36.77049699759021,-63.02090489450105,34.7,1.1,0.3,0.0
36.78316357194986,-62.98929228802099,34.7,1.1,0.3,0.0
36.79580275591198,-62.957678550961376,34.7,1.1,0.3,0.0
36.80841464492269,-62.9260636873021,34.7,1.1,0.3,0.0
36.820999333992674,-62.894447701004694,34.699999999999996,1.1,0.3,0.0
36.833556917699546,-62.86283059601234,34.7,1.1,0.3,0.0
36.846087490190385,-62.83121237625007,34.699999999999996,1.1,0.3,0.0
36.85859114518408,-62.79959304562483,34.7,1.1,0.3,0.0
36.871067975973816,-62.767972608025566,34.699999999999996,1.1,0.3,0.0
36.88351807542939,-62.73635106732335,34.70000000000001,1.1,0.3,0.0
36.89594153599965,-62.704728427371485,34.7,1.1,0.3,0.0
36.908338449714805,-62.673104692005616,34.7,1.1,0.3,0.0
36.9207089081888,-62.64147986504377,34.7,1.1,0.3,0.0
36.933053002621676,-62.60985395028653,34.7,1.1,0.3,0.0
36.94537082380181,-62.5782269515171,34.70000000000001,1.1,0.3,0.0
36.957662462108296,-62.54659887250135,34.7,1.1,0.3,0.0
36.96992800751312,-62.51496971698815,34.70000000000001,1.1,0.3,0.0
36.98216754958355,-62.483339488709085,34.7,1.1,0.3,0.0
36.994381177484335,-62.45170819137887,34.7,1.1,0.3,0.0
37.00656897997993,-62.42007582869527,34.699999999999996,1.1,0.3,0.0
37.018731045436745,-62.38844240433928,34.7,1.1,0.3,0.0
37.03086746182533,-62.35680792197522,34.7,1.1,0.3,0.0
37.04297831672261,-62.32517238525079,34.7,1.1,0.3,0.0
37.05506369731403,-62.29353579779715,34.699999999999996,1.1,0.3,0.0
37.06712369039571,-62.26189816322908,34.7,1.1,0.3,0.0
37.079158382376654,-62.23025948514502,34.7,1.1,0.3,0.0
37.09116785928083,-62.19861976712716,34.7,1.1,0.3,0.0
37.10315220674935,-62.1669790127416,34.7,1.1,0.3,0.0
37.115111510042496,-62.13533722553831,34.7,1.1,0.3,0.0
37.12704585404191,-62.10369440905135,34.7,1.1,0.3,0.0
37.138955323252624,-62.072050566798886,34.7,1.1,0.3,0.0
37.150840001805136,-62.0404057022833,34.7,1.1,0.3,0.0
37.162699973457464,-62.00875981899128,34.7,1.1,0.3,0.0
37.17453532159722,-61.97711292039386,34.7,1.1,0.3,0.0
37.18634612924357,-61.94546500994669,34.7,1.1,0.3,0.0
37.19813247904932,-61.91381609108982,34.7,1.1,0.3,0.0
37.20989445330289,-61.88216616724802,34.70000000000001,1.1,0.3,0.0
37.22163213393031,-61.8505152418308,34.7,1.1,0.3,0.0
37.23334560249717,-61.81886331823244,34.7,1.1,0.3,0.0
37.24503494021063,-61.7872103998322,34.699999999999996,1.1,0.3,0.0
37.25670022792134,-61.75555648999424,34.70000000000001,1.1,0.3,0.0
37.26834154612539,-61.72390159206785,34.7,1.1,0.3,0.0
37.27995897496621,-61.69224570938743,34.7,1.1,0.3,0.0
37.29155259423652,-61.66058884527266,34.699999999999996,1.1,0.3,0.0
37.30312248338024,-61.62893100302848,34.7,1.1,0.3,0.0
37.31466872149432,-61.59727218594525,34.7,1.1,0.3,0.0
37.326191387330695,-61.565612397298814,34.699999999999996,1.1,0.3,0.0
37.33769055929805,-61.53395164035055,34.7,1.1,0.3,0.0
37.3491663154638,-61.50228991834749,34.7,1.1,0.3,0.0
37.36061873355582,-61.470627234522354,34.699999999999996,1.1,0.3,0.0
37.372047890964346,-61.438963592093614,34.699999999999996,1.1,0.3,0.0
37.38345386474373,-61.40729899426576,34.7,1.1,0.3,0.0
37.394836731614305,-61.375633444229074,34.70000000000001,1.1,0.3,0.0
37.406196567964166,-61.34396694515991,34.7,1.1,0.3,0.0
37.417533449850936,-61.31229950022073,34.7,1.1,0.3,0.0
37.42884745300352,-61.280631112560144,34.7,1.1,0.3,0.0
37.440138652823926,-61.24896178531304,34.7,1.1,0.3,0.0
37.451407124388986,-61.21729152160062,34.7,1.1,0.3,0.0
37.46265294245203,-61.18562032453046,34.7,1.1,0.3,0.0
37.47387618144474,-61.15394819719663,34.7,1.1,0.3,0.0
37.48507691547876,-61.12227514267974,34.7,1.1,0.3,0.0
37.49625521834744,-61.09060116404701,34.7,1.1,0.3,0.0
37.50741116352754,-61.05892626435236,34.699999999999996,1.1,0.3,0.0
37.518544824180914,-61.027250446636465,34.7,1.1,0.3,0.0
37.52965627315615,-60.99557371392682,34.7,1.1,0.3,0.0
37.540745582990276,-60.96389606923785,34.699999999999996,1.1,0.3,0.0
37.55181282591038,-60.93221751557093,34.7,1.1,0.3,0.0
37.562858073835265,-60.900538055914474,34.7,1.1,0.3,0.0
37.5738813983771,-60.868857693244045,34.7,1.1,0.3,0.0
37.58488287084298,-60.837176430522334,34.7,1.1,0.3,0.0
37.59586256223665,-60.80549427069934,34.7,1.1,0.3,0.0
37.60682054325994,-60.77381121671234,34.7,1.1,0.3,0.0
37.61775688431455,-60.742127271486005,34.7,1.1,0.3,0.0
37.62867165550347,-60.71044243793248,34.7,1.1,0.3,0.0
37.63956492663261,-60.67875671895142,34.699999999999996,1.1,0.3,0.0
37.650436767212405,-60.64707011743003,34.7,1.1,0.3,0.0
37.66128724645932,-60.61538263624324,34.7,1.1,0.3,0.0
37.672116433297354,-60.58369427825364,34.7,1.1,0.3,0.0
37.68292439635969,-60.552005046311635,34.699999999999996,1.1,0.3,0.0
37.69371120399007,-60.52031494325547,34.7,1.1,0.3,0.0
37.704476924244446,-60.48862397191131,34.7,1.1,0.3,0.0
37.715221624892386,-60.45693213509327,34.7,1.1,0.3,0.0
37.72594537341862,-60.42523943560355,34.7,1.1,0.3,0.0
37.7366482370245,-60.393545876232416,34.7,1.1,0.3,0.0
37.7473302826295,-60.36185145975831,34.7,1.1,0.3,0.0
37.75799157687266,-60.330156188947946,34.7,1.1,0.3,0.0
37.76863218611407,-60.29846006655627,34.7,1.1,0.3,0.0
37.77925217643627,-60.26676309532661,34.7,1.1,0.3,0.0
37.78985161364576,-60.23506527799068,34.7,1.1,0.3,0.0
37.80043056327436,-60.20336661726874,34.7,1.1,0.3,0.0
37.81098909058071,-60.17166711586952,34.7,1.1,0.3,0.0
37.821527260551605,-60.13996677649036,34.70000000000001,1.1,0.3,0.0
37.83204513790344,-60.10826560181724,34.70000000000001,1.1,0.3,0.0
37.842542787083616,-60.07656359452493,34.7,1.1,0.3,0.0
37.85302027227191,-60.04486075727687,34.7,1.1,0.3,0.0
37.863477657381864,-60.013157092725415,34.699999999999996,1.1,0.3,0.0
37.87391500606211,-59.98145260351176,34.7,1.1,0.3,0.0
37.88433238169785,-59.949747292266096,34.7,1.1,0.3,0.0
37.894729847412066,-59.91804116160755,34.7,1.1,0.3,0.0
37.905107466066966,-59.88633421414439,34.7,1.1,0.3,0.0
37.91546530026526,-59.85462645247395,34.7,1.1,0.3,0.0
37.925803412351556,-59.822917879182796,34.7,1.1,0.3,0.0
37.93612186441362,-59.791208496846636,34.7,1.1,0.3,0.0
37.946420718283726,-59.75949830803056,34.7,1.1,0.3,0.0
37.95670003553993,-59.72778731528896,34.7,1.1,0.3,0.0
37.96695987750743,-59.69607552116562,34.7,1.1,0.3,0.0
37.977200305259736,-59.6643629281938,34.7,1.1,0.3,0.0
37.987421379620116,-59.63264953889626,34.7,1.1,0.3,0.0
37.99762316116272,-59.60093535578531,34.7,1.1,0.3,0.0
38.00780571021394,-59.56922038136291,34.7,1.1,0.3,0.0
38.01796908685361,-59.53750461812063,34.7,1.1,0.3,0.0
38.02811335091632,-59.505788068539836,34.7,1.1,0.3,0.0
38.03823856199261,-59.47407073509162,34.7,1.1,0.3,0.0
38.0483447794302,-59.442352620236896,34.7,1.1,0.3,0.0
38.05843206233527,-59.410633726426504,34.7,1.1,0.3,0.0
38.06850046957364,-59.37891405610118,34.7,1.1,0.3,0.0
38.07855005977199,-59.34719361169167,34.70000000000001,1.1,0.3,0.0
38.08858089131908,-59.31547239561871,34.699999999999996,1.1,0.3,0.0
38.098593022366934,-59.283750410293166,34.7,1.1,0.3,0.0
38.10858651083204,-59.25202765811601,34.7,1.1,0.3,0.0
38.118561414396545,-59.22030414147844,34.70000000000001,1.1,0.3,0.0
38.12851779050939,-59.18857986276183,34.7,1.1,0.3,0.0
38.13845569638757,-59.156854824337906,34.7,1.1,0.3,0.0
38.14837518901719,-59.12512902856867,34.699999999999996,1.1,0.3,0.0
38.1582763251547,-59.093402477806556,34.7,1.1,0.3,0.0
38.16815916132801,-59.0616751743944,34.7,1.1,0.3,0.0
38.17802375383767,-59.02994712066554,34.70000000000001,1.1,0.3,0.0
38.187870158757924,-58.99821831894382,34.7,1.1,0.3,0.0
38.197698431937944,-58.96648877154367,34.7,1.1,0.3,0.0
38.20750862900289,-58.934758480770185,34.7,1.1,0.3,0.0
38.21730080535503,-58.90302744891907,34.7,1.1,0.3,0.0
38.227075016174865,-58.871295678276766,34.7,1.1,0.3,0.0
38.23683131642226,-58.839563171120524,34.7,1.1,0.3,0.0
38.24656976083745,-58.807829929718345,34.7,1.1,0.3,0.0
38.256290403942245,-58.77609595632916,34.7,1.1,0.3,0.0
38.26599330004102,-58.7443612532027,34.7,1.1,0.3,0.0
38.27567850322185,-58.71262582257977,34.7,1.1,0.3,0.0
38.28534606735756,-58.680889666692075,34.7,1.1,0.3,0.0
38.294996046106775,-58.64915278776241,34.70000000000001,1.1,0.3,0.0
38.30462849291502,-58.61741518800465,34.7,1.1,0.3,0.0
38.31424346101574,-58.58567686962377,34.7,1.1,0.3,0.0
38.32384100343136,-58.553937834815954,34.7,1.1,0.3,0.0
38.33342117297428,-58.52219808576859,34.7,1.1,0.3,0.0
38.342984022248004,-58.490457624660344,34.7,1.1,0.3,0.0
38.35252960364808,-58.45871645366114,34.7,1.1,0.3,0.0
38.36205796936314,-58.426974574932316,34.7,1.1,0.3,0.0
38.37156917137599,-58.39523199062654,34.7,1.1,0.3,0.0
38.38106326146448,-58.36348870288798,34.7,1.1,0.3,0.0
38.39054029120265,-58.33174471385222,34.7,1.1,0.3,0.0
38.40000031196164,-58.30000002564639,34.7,1.1,0.3,0.0
