galstreams/tracks/track.st.NGC5466.grillmair2006.ecsv
# %ECSV 0.9
# ---
# datatype:
# - {name: ra, unit: deg, datatype: float64}
# - {name: dec, unit: deg, datatype: float64}
# - {name: distance, unit: kpc, datatype: float64}
# - {name: pm_ra_cosdec, unit: mas / yr, datatype: float64}
# - {name: pm_dec, unit: mas / yr, datatype: float64}
# - {name: radial_velocity, unit: km / s, datatype: float64}
# delimiter: ','
# meta: !!omap
# - __serialized_columns__:
#     dec:
#       __class__: astropy.coordinates.angles.Latitude
#       unit: &id001 !astropy.units.Unit {unit: deg}
#       value: !astropy.table.SerializedColumn {name: dec}
#     distance:
#       __class__: astropy.coordinates.distances.Distance
#       unit: !astropy.units.Unit {unit: kpc}
#       value: !astropy.table.SerializedColumn {name: distance}
#     pm_dec:
#       __class__: astropy.units.quantity.Quantity
#       unit: !astropy.units.Unit {unit: mas / yr}
#       value: !astropy.table.SerializedColumn {name: pm_dec}
#     pm_ra_cosdec:
#       __class__: astropy.units.quantity.Quantity
#       unit: !astropy.units.Unit {unit: mas / yr}
#       value: !astropy.table.SerializedColumn {name: pm_ra_cosdec}
#     ra:
#       __class__: astropy.coordinates.angles.Longitude
#       unit: *id001
#       value: !astropy.table.SerializedColumn {name: ra}
#       wrap_angle: !astropy.coordinates.Angle
#         unit: *id001
#         value: 360.0
#     radial_velocity:
#       __class__: astropy.units.quantity.Quantity
#       unit: !astropy.units.Unit {unit: km / s}
#       value: !astropy.table.SerializedColumn {name: radial_velocity}
# schema: astropy-2.0
ra,dec,distance,pm_ra_cosdec,pm_dec,radial_velocity
[from data line 2160]
207.4166389998758,30.673343402995776,16.60000000000001,0.0,0.0,0.0
207.40665955801546,30.67847663179707,16.60000000000001,0.0,0.0,0.0
207.39667916118788,30.683609249610704,16.60000000000001,0.0,0.0,0.0
207.38669780866206,30.688741255465168,16.600000000000005,0.0,0.0,0.0
207.37671549970807,30.69387264838961,16.600000000000005,0.0,0.0,0.0
207.36673223359685,30.699003427413817,16.600000000000005,0.0,0.0,0.0
207.35674800960015,30.704133591568134,16.60000000000001,0.0,0.0,0.0
207.34676282699053,30.70926313988366,16.60000000000001,0.0,0.0,0.0
207.33677668504126,30.714392071392115,16.600000000000005,0.0,0.0,0.0
207.32678958302677,30.719520385125804,16.60000000000001,0.0,0.0,0.0
207.31680152022201,30.72464808011774,16.60000000000001,0.0,0.0,0.0
207.30681249590302,30.729775155401512,16.60000000000001,0.0,0.0,0.0
207.2968225093465,30.734901610011423,16.60000000000001,0.0,0.0,0.0
207.28683155983018,30.74002744298233,16.60000000000001,0.0,0.0,0.0
207.2768396466324,30.74515265334985,16.600000000000005,0.0,0.0,0.0
207.26684676903255,30.750277240150094,16.60000000000001,0.0,0.0,0.0
207.25685292631067,30.755401202419957,16.60000000000001,0.0,0.0,0.0
207.2468581177479,30.76052453919684,16.600000000000005,0.0,0.0,0.0
207.2368623426259,30.765647249518924,16.600000000000012,0.0,0.0,0.0
207.22686560022748,30.77076933242489,16.600000000000005,0.0,0.0,0.0
207.21686788983604,30.77589078695419,16.600000000000005,0.0,0.0,0.0
207.206869210736,30.781011612146788,16.60000000000001,0.0,0.0,0.0
207.19686956221244,30.786131807043418,16.60000000000001,0.0,0.0,0.0
207.18686894355153,30.791251370685313,16.60000000000001,0.0,0.0,0.0
207.17686735404,30.796370302114486,16.600000000000005,0.0,0.0,0.0
207.1668647929657,30.80148860037346,16.600000000000005,0.0,0.0,0.0
207.156861259617,30.806606264505525,16.60000000000001,0.0,0.0,0.0
207.14685675328346,30.811723293554472,16.600000000000005,0.0,0.0,0.0
207.13685127325516,30.81683968656486,16.60000000000001,0.0,0.0,0.0
207.12684481882326,30.82195544258178,16.60000000000001,0.0,0.0,0.0
207.11683738927957,30.827070560651052,16.600000000000005,0.0,0.0,0.0
207.1068289839169,30.832185039819024,16.600000000000005,0.0,0.0,0.0
207.09681960202883,30.837298879132792,16.600000000000005,0.0,0.0,0.0
207.0868092429097,30.84241207764006,16.60000000000001,0.0,0.0,0.0
207.07679790585482,30.847524634389107,16.60000000000001,0.0,0.0,0.0
207.06678559016024,30.85263654842894,16.60000000000001,0.0,0.0,0.0
207.05677229512293,30.857747818809102,16.60000000000001,0.0,0.0,0.0
207.0467580200406,30.862858444579878,16.60000000000001,0.0,0.0,0.0
207.03674276421194,30.867968424792096,16.60000000000001,0.0,0.0,0.0
207.02672652693624,30.873077758497306,16.60000000000001,0.0,0.0,0.0
207.01670930751393,30.878186444747605,16.600000000000005,0.0,0.0,0.0
207.006691105246,30.883294482595826,16.600000000000005,0.0,0.0,0.0
206.99667191943448,30.888401871095304,16.600000000000005,0.0,0.0,0.0
206.98665174938208,30.893508609300174,16.600000000000005,0.0,0.0,0.0
206.97663059439247,30.898614696265042,16.60000000000001,0.0,0.0,0.0
206.96660845377008,30.903720131045297,16.60000000000001,0.0,0.0,0.0
206.9565853268202,30.908824912696836,16.6,0.0,0.0,0.0
206.9465612128489,30.913929040276287,16.600000000000005,0.0,0.0,0.0
206.9365361111633,30.91903251284083,16.60000000000001,0.0,0.0,0.0
206.92651002107095,30.924135329448372,16.60000000000001,0.0,0.0,0.0
206.91648294188073,30.92923748915736,16.60000000000001,0.0,0.0,0.0
206.90645487290192,30.934338991026966,16.600000000000005,0.0,0.0,0.0
206.89642581344492,30.939439834116875,16.600000000000005,0.0,0.0,0.0
206.8863957628207,30.944540017487558,16.60000000000001,0.0,0.0,0.0
206.87636472034148,30.949639540199968,16.60000000000001,0.0,0.0,0.0
206.86633268531986,30.95473840131583,16.600000000000005,0.0,0.0,0.0
206.85629965706954,30.959836599897372,16.60000000000001,0.0,0.0,0.0
206.846265634905,30.96493413500754,16.600000000000005,0.0,0.0,0.0
206.83623061814146,30.970031005709924,16.60000000000001,0.0,0.0,0.0
206.82619460609513,30.975127211068656,16.600000000000005,0.0,0.0,0.0
206.8161575980829,30.9802227501486,16.600000000000005,0.0,0.0,0.0
206.80611959342266,30.98531762201517,16.600000000000005,0.0,0.0,0.0
206.79608059143294,30.99041182573449,16.60000000000001,0.0,0.0,0.0
206.78604059143328,30.99550536037322,16.600000000000005,0.0,0.0,0.0
206.7759995927439,31.000598224998765,16.600000000000005,0.0,0.0,0.0
206.765957594686,31.005690418679045,16.600000000000005,0.0,0.0,0.0
206.75591459658142,31.010781940482726,16.60000000000001,0.0,0.0,0.0
206.74587059775308,31.015872789478987,16.600000000000005,0.0,0.0,0.0
206.73582559752452,31.020962964737752,16.60000000000001,0.0,0.0,0.0
206.72577959522022,31.02605246532946,16.60000000000001,0.0,0.0,0.0
206.7157325901654,31.031141290325305,16.600000000000005,0.0,0.0,0.0
206.70568458168628,31.036229438796987,16.60000000000001,0.0,0.0,0.0
206.69563556910964,31.041316909816945,16.60000000000001,0.0,0.0,0.0
206.68558555176344,31.046403702458132,16.600000000000005,0.0,0.0,0.0
206.67553452897607,31.05148981579429,16.600000000000005,0.0,0.0,0.0
206.6654825000772,31.05657524889961,16.60000000000001,0.0,0.0,0.0
206.65542946439686,31.061660000849045,16.60000000000001,0.0,0.0,0.0
206.6453754212663,31.066744070718094,16.600000000000005,0.0,0.0,0.0
206.63532037001733,31.071827457582966,16.60000000000001,0.0,0.0,0.0
206.62526430998278,31.076910160520402,16.600000000000005,0.0,0.0,0.0
206.61520724049615,31.081992178607887,16.60000000000001,0.0,0.0,0.0
206.60514916089195,31.08707351092338,16.600000000000005,0.0,0.0,0.0
206.59509007050534,31.09215415654561,16.60000000000001,0.0,0.0,0.0
206.5850299686723,31.09723411455391,16.600000000000005,0.0,0.0,0.0
206.57496885472992,31.10231338402814,16.600000000000005,0.0,0.0,0.0
206.56490672801576,31.10739196404893,16.600000000000005,0.0,0.0,0.0
206.55484358786836,31.112469853697398,16.600000000000005,0.0,0.0,0.0
206.5447794336272,31.117547052055393,16.600000000000005,0.0,0.0,0.0
206.53471426463244,31.122623558205344,16.600000000000005,0.0,0.0,0.0
206.52464808022506,31.127699371230324,16.60000000000001,0.0,0.0,0.0
206.51458087974697,31.132774490214015,16.600000000000005,0.0,0.0,0.0
206.5045126625408,31.137848914240735,16.60000000000001,0.0,0.0,0.0
206.4944434279501,31.142922642395426,16.60000000000001,0.0,0.0,0.0
206.48437317531918,31.147995673763653,16.60000000000001,0.0,0.0,0.0
206.47430190399322,31.153068007431624,16.600000000000005,0.0,0.0,0.0
206.46422961331817,31.158139642486145,16.60000000000001,0.0,0.0,0.0
206.4541563026409,31.163210578014667,16.60000000000001,0.0,0.0,0.0
206.44408197130898,31.16828081310527,16.60000000000001,0.0,0.0,0.0
206.4340066186709,31.17335034684662,16.600000000000005,0.0,0.0,0.0
206.423930244076,31.17841917832806,16.600000000000005,0.0,0.0,0.0
206.4138528468743,31.183487306639528,16.60000000000001,0.0,0.0,0.0
206.40377442641682,31.188554730871594,16.60000000000001,0.0,0.0,0.0
206.39369498205528,31.19362145011543,16.600000000000005,0.0,0.0,0.0
206.38361451314225,31.198687463462882,16.600000000000005,0.0,0.0,0.0
206.37353301903119,31.203752770006368,16.600000000000005,0.0,0.0,0.0
206.3634504990763,31.20881736883895,16.60000000000001,0.0,0.0,0.0
206.35336695263265,31.213881259054315,16.60000000000001,0.0,0.0,0.0
206.34328237905612,31.218944439746792,16.60000000000001,0.0,0.0,0.0
206.33319677770345,31.224006910011283,16.60000000000001,0.0,0.0,0.0
206.3231101479321,31.22906866894336,16.60000000000001,0.0,0.0,0.0
206.3130224891005,31.234129715639188,16.600000000000005,0.0,0.0,0.0
206.30293380056776,31.239190049195575,16.60000000000001,0.0,0.0,0.0
206.29284408169391,31.24424966870994,16.60000000000001,0.0,0.0,0.0
206.2827533318398,31.249308573280327,16.60000000000001,0.0,0.0,0.0
206.27266155036702,31.254366762005382,16.600000000000005,0.0,0.0,0.0
206.26256873663806,31.25942423398443,16.600000000000005,0.0,0.0,0.0
206.2524748900162,31.264480988317324,16.60000000000001,0.0,0.0,0.0
206.2423800098656,31.26953702410465,16.6,0.0,0.0,0.0
206.2322840955511,31.27459234044752,16.600000000000005,0.0,0.0,0.0
206.2221871464385,31.27964693644771,16.60000000000001,0.0,0.0,0.0
206.21208916189443,31.284700811207614,16.60000000000001,0.0,0.0,0.0
206.20199014128616,31.28975396383023,16.600000000000005,0.0,0.0,0.0
206.19189008398203,31.294806393419222,16.60000000000001,0.0,0.0,0.0
206.18178898935102,31.29985809907882,16.600000000000005,0.0,0.0,0.0
206.171686856763,31.304909079913894,16.60000000000001,0.0,0.0,0.0
206.1615836855886,31.309959335029927,16.600000000000012,0.0,0.0,0.0
206.15147947519938,31.315008863533045,16.60000000000001,0.0,0.0,0.0
206.14137422496762,31.320057664529962,16.600000000000005,0.0,0.0,0.0
206.13126793426648,31.325105737128037,16.60000000000001,0.0,0.0,0.0
206.12116060246993,31.33015308043524,16.60000000000001,0.0,0.0,0.0
206.11105222895267,31.335199693560146,16.60000000000001,0.0,0.0,0.0
206.10094281309037,31.340245575611956,16.600000000000005,0.0,0.0,0.0
206.09083235425942,31.3452907257005,16.600000000000005,0.0,0.0,0.0
206.08072085183707,31.35033514293623,16.60000000000001,0.0,0.0,0.0
206.07060830520138,31.355378826430183,16.60000000000001,0.0,0.0,0.0
206.06049471373115,31.36042177529404,16.600000000000005,0.0,0.0,0.0
206.05038007680614,31.365463988640105,16.600000000000005,0.0,0.0,0.0
206.04026439380684,31.370505465581275,16.60000000000001,0.0,0.0,0.0
206.03014766411457,31.375546205231082,16.600000000000005,0.0,0.0,0.0
206.02002988711143,31.380586206703672,16.600000000000005,0.0,0.0,0.0
206.0099110621804,31.38562546911382,16.600000000000005,0.0,0.0,0.0
205.99979118870533,31.39066399157688,16.600000000000005,0.0,0.0,0.0
205.98967026607073,31.395701773208852,16.60000000000001,0.0,0.0,0.0
205.97954829366205,31.40073881312636,16.600000000000005,0.0,0.0,0.0
205.9694252708655,31.405775110446616,16.60000000000001,0.0,0.0,0.0
205.9593011970681,31.41081066428747,16.60000000000001,0.0,0.0,0.0
205.94917607165772,31.41584547376738,16.60000000000001,0.0,0.0,0.0
205.9390498940231,31.42087953800542,16.600000000000005,0.0,0.0,0.0
205.9289226635537,31.42591285612126,16.60000000000001,0.0,0.0,0.0
205.91879437963973,31.430945427235233,16.600000000000005,0.0,0.0,0.0
205.90866504167244,31.43597725046824,16.600000000000005,0.0,0.0,0.0
205.89853464904374,31.441008324941816,16.600000000000005,0.0,0.0,0.0
205.88840320114633,31.446038649778114,16.60000000000001,0.0,0.0,0.0
205.87827069737384,31.451068224099895,16.600000000000005,0.0,0.0,0.0
205.8681371371206,31.45609704703052,16.60000000000001,0.0,0.0,0.0
205.85800251978185,31.461125117693992,16.600000000000005,0.0,0.0,0.0
205.84786684475358,31.466152435214912,16.600000000000005,0.0,0.0,0.0
205.83773011143262,31.471178998718496,16.60000000000001,0.0,0.0,0.0
205.82759231921662,31.47620480733058,16.60000000000001,0.0,0.0,0.0
205.817453467504,31.481229860177592,16.60000000000001,0.0,0.0,0.0
205.80731355569407,31.48625415638661,16.600000000000005,0.0,0.0,0.0
205.79717258318692,31.491277695085284,16.60000000000001,0.0,0.0,0.0
205.78703054938342,31.4963004754019,16.600000000000005,0.0,0.0,0.0
205.77688745368525,31.501322496465356,16.600000000000005,0.0,0.0,0.0
205.76674329549496,31.506343757405165,16.60000000000001,0.0,0.0,0.0
205.75659807421587,31.511364257351424,16.6,0.0,0.0,0.0
205.74645178925218,31.516383995434882,16.60000000000001,0.0,0.0,0.0
205.73630444000878,31.521402970786873,16.60000000000001,0.0,0.0,0.0
205.72615602589147,31.526421182539348,16.60000000000001,0.0,0.0,0.0
205.71600654630683,31.531438629824873,16.600000000000005,0.0,0.0,0.0
205.7058560006622,31.53645531177662,16.60000000000001,0.0,0.0,0.0
205.6957043883659,31.541471227528376,16.60000000000001,0.0,0.0,0.0
205.68555170882686,31.546486376214553,16.600000000000005,0.0,0.0,0.0
205.67539796145493,31.551500756970132,16.60000000000001,0.0,0.0,0.0
205.66524314566075,31.55651436893074,16.600000000000005,0.0,0.0,0.0
205.65508726085577,31.56152721123261,16.60000000000001,0.0,0.0,0.0
205.64493030645224,31.56653928301258,16.60000000000001,0.0,0.0,0.0
205.63477228186323,31.571550583408094,16.60000000000001,0.0,0.0,0.0
205.62461318650264,31.576561111557208,16.60000000000001,0.0,0.0,0.0
205.61445301978515,31.581570866598586,16.600000000000005,0.0,0.0,0.0
205.60429178112625,31.586579847671494,16.600000000000012,0.0,0.0,0.0
205.59412946994226,31.591588053915842,16.60000000000001,0.0,0.0,0.0
205.5839660856503,31.596595484472104,16.60000000000001,0.0,0.0,0.0
205.57380162766833,31.601602138481375,16.600000000000005,0.0,0.0,0.0
205.563636095415,31.606608015085374,16.60000000000001,0.0,0.0,0.0
205.55346948830996,31.611613113426433,16.60000000000001,0.0,0.0,0.0
205.5433018057735,31.61661743264745,16.600000000000005,0.0,0.0,0.0
205.53313304722678,31.62162097189197,16.60000000000001,0.0,0.0,0.0
205.52296321209184,31.626623730304136,16.600000000000005,0.0,0.0,0.0
205.51279229979139,31.631625707028704,16.60000000000001,0.0,0.0,0.0
205.50262030974906,31.636626901211024,16.60000000000001,0.0,0.0,0.0
205.4924472413892,31.641627311997045,16.60000000000001,0.0,0.0,0.0
205.48227309413704,31.646626938533363,16.60000000000001,0.0,0.0,0.0
205.47209786741863,31.65162577996713,16.60000000000001,0.0,0.0,0.0
205.46192156066073,31.656623835446148,16.60000000000001,0.0,0.0,0.0
205.45174417329096,31.66162110411879,16.600000000000005,0.0,0.0,0.0
205.44156570473783,31.66661758513406,16.60000000000001,0.0,0.0,0.0
205.4313861544305,31.67161327764156,16.600000000000005,0.0,0.0,0.0
205.42120552179904,31.676608180791494,16.600000000000012,0.0,0.0,0.0
205.4110238062743,31.68160229373467,16.600000000000005,0.0,0.0,0.0
205.40084100728794,31.68659561562251,16.600000000000005,0.0,0.0,0.0
205.39065712427242,31.691588145607053,16.60000000000001,0.0,0.0,0.0
205.380472156661,31.69657988284089,16.600000000000005,0.0,0.0,0.0
205.3702861038878,31.701570826477298,16.600000000000005,0.0,0.0,0.0
205.36009896538764,31.706560975670083,16.60000000000001,0.0,0.0,0.0
205.34991074059621,31.711550329573697,16.60000000000001,0.0,0.0,0.0
205.33972142895,31.71653888734318,16.600000000000005,0.0,0.0,0.0
205.32953102988637,31.72152664813419,16.600000000000005,0.0,0.0,0.0
205.31933954284338,31.72651361110298,16.600000000000005,0.0,0.0,0.0
205.3091469672599,31.731499775406405,16.600000000000005,0.0,0.0,0.0
205.29895330257563,31.73648514020192,16.600000000000005,0.0,0.0,0.0
205.28875854823113,31.7414697046476,16.600000000000005,0.0,0.0,0.0
205.27856270366766,31.74645346790211,16.600000000000005,0.0,0.0,0.0
205.2683657683274,31.751436429124706,16.6,0.0,0.0,0.0
205.25816774165324,31.756418587475288,16.600000000000005,0.0,0.0,0.0
205.24796862308892,31.7613999421143,16.60000000000001,0.0,0.0,0.0
205.2377684120789,31.766380492202842,16.600000000000005,0.0,0.0,0.0
205.22756710806863,31.771360236902577,16.600000000000005,0.0,0.0,0.0
205.2173647105041,31.776339175375814,16.600000000000005,0.0,0.0,0.0
205.20716121883237,31.7813173067854,16.60000000000001,0.0,0.0,0.0
205.19695663250113,31.78629463029486,16.60000000000001,0.0,0.0,0.0
205.1867509509589,31.791271145068244,16.600000000000005,0.0,0.0,0.0
205.176544173655,31.796246850270258,16.600000000000005,0.0,0.0,0.0
205.16633630003966,31.801221745066186,16.600000000000005,0.0,0.0,0.0
205.15612732956376,31.806195828621927,16.600000000000005,0.0,0.0,0.0
205.14591726167905,31.811169100103953,16.60000000000001,0.0,0.0,0.0
205.1357060958381,31.816141558679373,16.600000000000005,0.0,0.0,0.0
205.1254938314942,31.82111320351586,16.600000000000005,0.0,0.0,0.0
205.11528046810156,31.826084033781726,16.600000000000005,0.0,0.0,0.0
205.1050660051151,31.831054048645832,16.60000000000001,0.0,0.0,0.0
205.0948504419906,31.83602324727769,16.60000000000001,0.0,0.0,0.0
205.08463377818458,31.840991628847394,16.60000000000001,0.0,0.0,0.0
205.07441601315438,31.845959192525616,16.600000000000005,0.0,0.0,0.0
205.06419714635817,31.850925937483655,16.600000000000005,0.0,0.0,0.0
205.05397717725484,31.855891862893394,16.60000000000001,0.0,0.0,0.0
205.04375610530425,31.86085696792732,16.60000000000001,0.0,0.0,0.0
