galstreams/tracks/track.st.Gaia-12.ibata2024.ecsv
# %ECSV 1.0
# ---
# datatype:
# - {name: ra, unit: deg, datatype: float64}
# - {name: dec, unit: deg, datatype: float64}
# - {name: distance, unit: kpc, datatype: float64}
# - {name: pm_ra_cosdec, unit: mas / yr, datatype: float64}
# - {name: pm_dec, unit: mas / yr, datatype: float64}
# - {name: radial_velocity, unit: km / s, datatype: float64}
# delimiter: ','
# meta: !!omap
# - __serialized_columns__:
#     dec:
#       __class__: astropy.coordinates.angles.Latitude
#       unit: &id001 !astropy.units.Unit {unit: deg}
#       value: !astropy.table.SerializedColumn {name: dec}
#     distance:
#       __class__: astropy.coordinates.distances.Distance
#       unit: !astropy.units.Unit {unit: kpc}
#       value: !astropy.table.SerializedColumn {name: distance}
#     pm_dec:
#       __class__: astropy.units.quantity.Quantity
#       unit: !astropy.units.Unit {unit: mas / yr}
#       value: !astropy.table.SerializedColumn {name: pm_dec}
#     pm_ra_cosdec:
#       __class__: astropy.units.quantity.Quantity
#       unit: !astropy.units.Unit {unit: mas / yr}
#       value: !astropy.table.SerializedColumn {name: pm_ra_cosdec}
#     ra:
#       __class__: astropy.coordinates.angles.Longitude
#       unit: *id001
#       value: !astropy.table.SerializedColumn {name: ra}
#       wrap_angle: !astropy.coordinates.Angle
#         unit: *id001
#         value: 360.0
#     radial_velocity:
#       __class__: astropy.units.quantity.Quantity
#       unit: !astropy.units.Unit {unit: km / s}
#       value: !astropy.table.SerializedColumn {name: radial_velocity}
# schema: astropy-2.0
ra,dec,distance,pm_ra_cosdec,pm_dec,radial_velocity
[from data line 2788]
43.537959805774385,14.000864823032884,1.0,6.1339135268799545,-6.013874887325414,-267.6499353552873
43.545318826908904,13.993859151446868,1.0,6.1354632623924665,-6.014167610856012,-267.5437597687419
43.55267658674008,13.986852417483382,0.9999999999999999,6.137014823353564,-6.014456809040826,-267.43699827804284
43.560033084451895,13.979844620251008,0.9999999999999999,6.138568212248934,-6.014742478419187,-267.32964917568205
43.567388319228385,13.972835758858348,0.9999999999999999,6.140123431564167,-6.015024615530594,-267.2217107541506
43.57474229025356,13.96582583241403,1.0,6.141680483784818,-6.015303216914667,-267.1131813059393
43.58209499671144,13.95881484002669,1.0,6.143239371396376,-6.015578279111185,-267.0040591235396
43.58944643778607,13.951802780804984,1.0,6.1448000968843495,-6.015849798660074,-266.894342499443
43.59679661266147,13.94478965385759,1.0,6.146362662734095,-6.016117772101385,-266.7840297261405
43.604145520521676,13.937775458293201,1.0,6.147927071430981,-6.016382195975343,-266.673119096123
43.61149316055075,13.930760193220546,1.0,6.149493325460327,-6.016643066822281,-266.5616089018822
43.61883953193274,13.923743857748343,1.0,6.151061427307383,-6.016900381182705,-266.44949743590917
43.626184633851715,13.916726450985353,0.9999999999999998,6.15263137945734,-6.017154135597256,-266.3367829906948
43.63352846549171,13.909707972040335,1.0,6.154203184395335,-6.017404326606705,-266.22346385873084
43.64087102603683,13.902688420022079,1.0,6.155776844606493,-6.017650950751992,-266.10953833250795
43.648212314671134,13.895667794039392,1.0,6.157352362575821,-6.017894004574174,-265.99500470451784
43.65555233057868,13.888646093201093,1.0,6.158929740788288,-6.018133484614458,-265.87986126725144
43.6628910729436,13.881623316616027,1.0,6.160508981728849,-6.018369387414197,-265.76410631319993
43.67022854094997,13.874599463393036,1.0,6.162090087882387,-6.018601709514879,-265.64773813485476
43.6775647337819,13.867574532641,0.9999999999999999,6.163673061733675,-6.018830447458146,-265.53075502470693
43.68489965062348,13.860548523468813,1.0,6.165257905767483,-6.019055597785751,-265.4131552752477
43.69223329065883,13.853521434985378,1.0,6.166844622468503,-6.019277157039625,-265.29493717896827
43.69956565307206,13.846493266299616,1.0,6.1684332143213645,-6.019495121761807,-265.17609902836
43.7068967370473,13.839464016520466,0.9999999999999999,6.170023683810651,-6.019709488494495,-265.0566391159141
43.71422654176869,13.832433684756882,1.0,6.171616033420872,-6.019920253780029,-264.93655573412144
43.72155506642037,13.825402270117841,0.9999999999999999,6.173210265636509,-6.020127414160864,-264.81584717547355
43.728882310186464,13.818369771712325,1.0,6.174806382941895,-6.020330966179614,-264.69451173246165
43.73620827225115,13.81133618864934,1.0,6.176404387821421,-6.020530906379031,-264.57254769757685
43.74353295179854,13.8043015200379,0.9999999999999999,6.178004282759318,-6.020727231301995,-264.4499533633105
43.75085634801285,13.797265764987037,1.0,6.179606070239792,-6.020919937491531,-264.32672702215336
43.75817846007822,13.79022892260581,1.0,6.181209752746998,-6.021109021490808,-264.2028669665973
43.76549928717882,13.783190992003275,1.0,6.182815332764996,-6.021294479843105,-264.07837148913325
43.77281882849885,13.776151972288512,1.0,6.184422812777804,-6.021476309091867,-263.9532388822521
43.780137083222485,13.769111862570611,1.0,6.186032195269341,-6.021654505780672,-263.8274674384455
43.78745405053394,13.762070661958685,1.0,6.187643482723519,-6.021829066453208,-263.7010554502046
43.79476972961738,13.755028369561858,1.0,6.189256677624112,-6.0219999876533326,-263.5740012100203
43.802084119657046,13.747984984489262,0.9999999999999999,6.190871782454874,-6.022167265925024,-263.446303010384
43.80939721983714,13.740940505850054,1.0000000000000002,6.192488799699483,-6.022330897812386,-263.31795914378733
43.81670902934187,13.733894932753396,0.9999999999999999,6.1941077318415125,-6.022490879859669,-263.18896790272095
43.824019547355505,13.726848264308462,0.9999999999999999,6.195728581364538,-6.022647208611264,-263.05932757967616
43.83132877306223,13.71980049962445,1.0,6.197351350751976,-6.022799880611686,-262.9290364671444
43.83863670564631,13.712751637810568,1.0,6.198976042487235,-6.022948892405578,-262.7980928576167
43.84594334429199,13.70570167797603,1.0,6.2006026590536365,-6.023094240537727,-262.6664950435844
43.85324868818352,13.69865061923007,1.0,6.202231202934428,-6.023235921553052,-262.53424131753866
43.86055273650518,13.691598460681936,1.0,6.203861676612782,-6.023373931996602,-262.4013299719705
43.86785548844121,13.684545201440887,0.9999999999999999,6.205494082571775,-6.023508268413565,-262.26775929937145
43.875156943175895,13.677490840616189,0.9999999999999999,6.20712842329446,-6.023638927349257,-262.1335275922325
43.88245709989352,13.67043537731713,1.0,6.2087647012637746,-6.023765905349123,-261.99863314304474
43.88975595777837,13.663378810653006,1.0,6.210402918962593,-6.02388919895874,-261.8630742442999
43.89705351601476,13.656321139733125,1.0,6.21204307887373,-6.024008804723824,-261.7268491884889
43.904349773786954,13.649262363666804,1.0,6.213685183479868,-6.024124719190215,-261.5899562681026
43.91164473027929,13.642202481563388,1.0,6.215329235263699,-6.024236938903881,-261.45239377563263
43.91893838467607,13.635141492532206,1.0,6.21697523670775,-6.024345460410931,-261.31416000357046
43.92623073616163,13.628079395682622,0.9999999999999999,6.218623190294533,-6.024450280257604,-261.1752532444067
43.93352178392028,13.621016190124003,1.0,6.220273098506443,-6.024551394990251,-261.0356717906329
43.94081152713636,13.613951874965723,0.9999999999999999,6.2219249638258205,-6.024648801155379,-260.89541393474
43.94809996499423,13.606886449317178,1.0,6.223578788734901,-6.024742495299606,-260.7544779692197
43.95538709667823,13.59981991228777,0.9999999999999999,6.2252345757158665,-6.024832473969676,-260.61286218656295
43.96267292137271,13.59275226298691,1.0,6.226892327250781,-6.024918733712479,-260.47056487926085
43.96995743826206,13.585683500524013,1.0,6.228552045821669,-6.025001271075009,-260.3275843398045
43.97724064653062,13.578613624008524,1.0,6.230213733910439,-6.025080082604422,-260.18391886068554
43.984522545362786,13.571542632549882,1.0,6.231877393998943,-6.025155164847966,-260.03956673439495
43.99180313394293,13.564470525257533,1.0,6.233543028568906,-6.025226514353049,-259.89452625342375
43.999082411455475,13.557397301240954,1.0000000000000002,6.235210640102029,-6.02529412766717,-259.7487957102636
44.00636037708478,13.550322959609609,1.0,6.236880231079876,-6.025358001338001,-259.60237339740536
44.01363703001529,13.543247499472995,0.9999999999999998,6.238551803983967,-6.025418131913291,-259.45525760734034
44.0209123694314,13.53617091994059,1.0,6.240225361295689,-6.025474515940944,-259.3074466325597
44.02818639451754,13.529093220121906,1.0,6.241900905496372,-6.025527149968996,-259.15893876555475
44.03545910445812,13.522014399126453,1.0,6.2435784390672495,-6.025576030545579,-259.0097322988169
44.0427304984376,13.514934456063752,0.9999999999999999,6.2452579644894755,-6.025621154218985,-258.8598255248368
44.050000575640404,13.507853390043334,0.9999999999999999,6.246939484244109,-6.025662517537608,-258.7092167361062
44.057269335251,13.50077120017474,1.0,6.2486230008121275,-6.0257001170499755,-258.55790422511626
44.064536776453835,13.493687885567518,0.9999999999999999,6.250308516674398,-6.025733949304733,-258.4058862843579
44.07180289843338,13.486603445331223,1.0,6.251996034311716,-6.025764010850654,-258.25316120632255
44.0790677003741,13.479517878575418,1.0,6.253685556204783,-6.02579029823665,-258.0997272835012
44.08633118146047,13.47243118440968,1.0000000000000002,6.255377084834205,-6.025812808011725,-257.9455828083854
44.093593340877,13.4653433619436,0.9999999999999999,6.257070622680487,-6.025831536725031,-257.79072607346603
44.100854177808166,13.458254410286749,0.9999999999999999,6.258766172224057,-6.025846480925843,-257.63515537123453
44.10811369143847,13.451164328548737,0.9999999999999998,6.260463735945251,-6.025857637163538,-257.4788689941817
44.11537188095244,13.44407311583916,1.0,6.262163316324301,-6.025865001987636,-257.32186523479976
44.12262874553456,13.436980771267642,1.0,6.263864915841321,-6.025868571947779,-257.1641423855789
44.12988428436938,13.429887293943793,1.0,6.265568536976389,-6.025868343593704,-257.0056987390106
44.13713849664143,13.422792682977251,0.9999999999999999,6.267274182209427,-6.0258643134753065,-256.8465325875862
44.144391381535236,13.415696937477636,0.9999999999999999,6.268981854020289,-6.02585647814257,-256.68664222379704
44.151642938235355,13.408600056554594,0.9999999999999999,6.270691554888739,-6.02584483414563,-256.52602594013405
44.15889316592633,13.401502039317778,1.0000000000000002,6.272403287294434,-6.025829378034723,-256.3646820290886
44.16614206379274,13.394402884876845,0.9999999999999999,6.274117053716928,-6.025810106360208,-256.2026087831519
44.17338963101915,13.387302592341445,1.0,6.275832856635674,-6.025787015672563,-256.03980449481514
44.18063586679012,13.380201160821258,1.0,6.277550698530035,-6.025760102522401,-255.87626745656928
44.18788077029025,13.373098589425945,1.0000000000000002,6.279270581879278,-6.025729363460417,-255.71199596090605
44.19512434070412,13.365994877265193,1.0,6.280992509162552,-6.025694795037477,-255.5469883003164
44.202366577216345,13.358890023448682,1.0,6.282716482858927,-6.025656393804525,-255.38124276729138
44.20960747901152,13.351784027086108,1.0,6.284442505447348,-6.0256141563126455,-255.21475765432248
44.21684704527426,13.344676887287168,1.0,6.286170579406672,-6.025568079113027,-255.0475312539009
44.22408527518919,13.337568603161557,1.0,6.287900707215645,-6.025518158756977,-254.8795618585173
44.23132216794094,13.330459173818987,0.9999999999999999,6.289632891352927,-6.025464391795937,-254.71084776066377
44.23855772271415,13.32334859836917,1.0,6.291367134297047,-6.025406774781455,-254.541387252831
44.24579193869345,13.316236875921822,1.0,6.293103438526451,-6.025345304265185,-254.37117862751018
44.25302481506351,13.30912400558667,1.0000000000000002,6.294841806519472,-6.025279976798913,-254.20022017719282
44.26025635100899,13.30200998647343,0.9999999999999999,6.296582240754336,-6.0252107889345545,-254.02851019436974
44.26748654571454,13.294894817691839,1.0,6.298324743709163,-6.025137737224101,-253.85604697153244
44.27471539836485,13.287778498351635,1.0,6.300069317861968,-6.025060818219691,-253.68282880117206
44.2819429081446,13.280661027562553,0.9999999999999999,6.301815965690672,-6.024980028473571,-253.50885397577994
44.28916907423847,13.273542404434345,1.0,6.303564689673049,-6.024895364538111,-253.33412078784696
44.29639389583119,13.266422628076741,1.0,6.305315492286798,-6.024806822965772,-253.15862752986473
44.30361737210744,13.259301697599513,0.9999999999999999,6.307068376009514,-6.024714400309151,-252.98237249432424
44.31083950225193,13.2521796121124,1.0,6.308823343318654,-6.02461809312096,-252.80535397371668
44.31806028544939,13.245056370725171,0.9999999999999999,6.310580396691567,-6.024517897954015,-252.6275702605332
44.325279720884566,13.237931972547583,0.9999999999999999,6.312339538605531,-6.024413811361246,-252.44901964726543
44.332497807742165,13.230806416689394,1.0,6.31410077153766,-6.0243058298957095,-252.26970042640397
44.33971454520696,13.223679702260384,1.0,6.315864097965008,-6.024193950110561,-252.08961089044064
44.346929932463674,13.216551828370315,1.0,6.317629520364449,-6.024078168559081,-251.90874933186626
44.354143968697095,13.209422794128962,1.0,6.319397041212813,-6.023958481794647,-251.727114043172
44.36135665309198,13.202292598646107,1.0,6.32116666298678,-6.023834886370759,-251.54470331684956
44.36856798483311,13.19516124103151,1.0,6.322938388162925,-6.02370737884104,-251.36151544538944
44.37577796310525,13.188028720394977,1.0,6.324712219217691,-6.023575955759201,-251.1775487212833
44.38298658709321,13.180895035846275,1.0,6.3264881586274235,-6.023440613679092,-250.99280143702254
44.390193855981806,13.173760186495189,1.0,6.328266208868374,-6.023301349154654,-250.80727188509795
44.3973997689558,13.166624171451508,1.0,6.330046372416618,-6.023158158739928,-250.62095835800088
44.40460432520003,13.159486989825009,0.9999999999999999,6.331828651748168,-6.023011038989118,-250.43385914822252
44.41180752389934,13.152348640725503,1.0,6.33361304933889,-6.022859986456464,-250.2459725482544
44.419009364238526,13.145209123262767,1.0,6.335399567664542,-6.022704997696383,-250.05729685058714
44.42620984540243,13.138068436546591,1.0,6.337188209200754,-6.022546069263379,-249.86783034771256
44.43340896657594,13.130926579686774,1.0,6.338978976423075,-6.022383197712031,-249.67757133212152
44.44060672694386,13.123783551793105,1.0,6.3407718718068615,-6.02221637959709,-249.48651809630505
44.44780312569108,13.116639351975383,1.0,6.342566897827421,-6.0220456114733665,-249.29466893275494
44.45499816200246,13.109493979343405,1.0,6.344364056959893,-6.021870889895807,-249.10202213396215
44.46219183506288,13.102347433006956,1.0,6.346163351679326,-6.021692211419449,-248.90857599241755
44.46938414405722,13.095199712075843,0.9999999999999999,6.347964784460622,-6.021509572599456,-248.71432880061278
44.47657508817039,13.088050815659859,1.0,6.349768357778579,-6.021322969991079,-248.51927885103888
44.48376466658726,13.080900742868794,1.0,6.351574074107866,-6.021132400149703,-248.32342443618697
44.49095287849279,13.073749492812453,1.0,6.353381935923025,-6.0209378596307985,-248.12676384854865
44.49813972307184,13.066597064600625,0.9999999999999999,6.355191945698454,-6.020739344989941,-247.92929538061478
44.50532519950937,13.059443457343114,1.0,6.357004105908487,-6.020536852782838,-247.7310173248766
44.512509306990296,13.052288670149707,1.0,6.3588184190272585,-6.0203303795652765,-247.53192797382536
44.519692044699575,13.045132702130196,0.9999999999999999,6.360634887528839,-6.020119921893169,-247.33202561995247
44.526873411822145,13.037975552394382,1.0,6.362453513887132,-6.019905476322531,-247.13130855574875
44.53405340754296,13.030817220052054,1.0,6.364274300575918,-6.019687039409465,-246.92977507370577
44.541232031046995,13.023657704212999,1.0000000000000002,6.366097250068876,-6.019464607710214,-246.72742346631455
44.54840928151921,13.016497003987011,1.0000000000000002,6.367922364839533,-6.019238177781084,-246.52425202606625
