galstreams/tracks/track.st.C-19.ibata2024.ecsv
# %ECSV 1.0
# ---
# datatype:
# - {name: ra, unit: deg, datatype: float64}
# - {name: dec, unit: deg, datatype: float64}
# - {name: distance, unit: kpc, datatype: float64}
# - {name: pm_ra_cosdec, unit: mas / yr, datatype: float64}
# - {name: pm_dec, unit: mas / yr, datatype: float64}
# - {name: radial_velocity, unit: km / s, datatype: float64}
# delimiter: ','
# meta: !!omap
# - __serialized_columns__:
#     dec:
#       __class__: astropy.coordinates.angles.Latitude
#       unit: &id001 !astropy.units.Unit {unit: deg}
#       value: !astropy.table.SerializedColumn {name: dec}
#     distance:
#       __class__: astropy.coordinates.distances.Distance
#       unit: !astropy.units.Unit {unit: kpc}
#       value: !astropy.table.SerializedColumn {name: distance}
#     pm_dec:
#       __class__: astropy.units.quantity.Quantity
#       unit: !astropy.units.Unit {unit: mas / yr}
#       value: !astropy.table.SerializedColumn {name: pm_dec}
#     pm_ra_cosdec:
#       __class__: astropy.units.quantity.Quantity
#       unit: !astropy.units.Unit {unit: mas / yr}
#       value: !astropy.table.SerializedColumn {name: pm_ra_cosdec}
#     ra:
#       __class__: astropy.coordinates.angles.Longitude
#       unit: *id001
#       value: !astropy.table.SerializedColumn {name: ra}
#       wrap_angle: !astropy.coordinates.Angle
#         unit: *id001
#         value: 360.0
#     radial_velocity:
#       __class__: astropy.units.quantity.Quantity
#       unit: !astropy.units.Unit {unit: km / s}
#       value: !astropy.table.SerializedColumn {name: radial_velocity}
# schema: astropy-2.0
ra,dec,distance,pm_ra_cosdec,pm_dec,radial_velocity
[from data line 1406]
354.34647182778883,31.991856168999874,1.0000000000000007,1.3372168782352585,-2.5322057632959414,-205.54745339618214
354.3450087842066,32.001898016774184,1.0000000000000009,1.3370954800628834,-2.5316654747574105,-205.60801030777995
354.34354490740094,32.01193982682635,1.0000000000000009,1.3369728111132133,-2.5311245828136286,-205.66873816270257
354.34208020190687,32.02198159931246,1.0000000000000009,1.3368488694842342,-2.5305830859735643,-205.72963717491334
354.3406146722608,32.03202333438882,1.0000000000000007,1.3367236532735718,-2.53004098274646,-205.79070755837523
354.33914832300127,32.04206503221193,1.0000000000000007,1.3365971605787719,-2.5294982716418133,-205.8519495270516
354.3376811586686,32.05210669293848,1.0000000000000009,1.336469389497048,-2.528954951169453,-205.91336329490537
354.33621318380494,32.06214831672538,1.0000000000000009,1.336340338125403,-2.528411019839428,-205.9749490758998
354.3347444029543,32.07218990372972,1.0000000000000009,1.3362100045606935,-2.52786647616211,-206.03670708399798
354.3332748206626,32.082231454108836,1.0000000000000009,1.336078386899438,-2.527321318648127,-206.09863753316307
354.3318044414775,32.09227296802022,1.000000000000001,1.3359454832379756,-2.526775545808391,-206.16074063735823
354.33033326994877,32.10231444562161,1.0000000000000009,1.3358112916724596,-2.526229156154084,-206.22301661054652
354.3288613106277,32.1123558870709,1.000000000000001,1.335675810298766,-2.525682148196683,-206.28546566669115
354.3273885680678,32.12239729252626,1.0000000000000009,1.3355390372125866,-2.525134520447917,-206.34808801975524
354.32591504682415,32.132438662146,1.0000000000000009,1.3354009705092973,-2.5245862714198175,-206.41088388370187
354.32444075145395,32.14247999608868,1.0000000000000009,1.335261608284151,-2.5240373996246532,-206.47385347249437
354.32296568651606,32.15252129451305,1.0000000000000009,1.3351209486321465,-2.5234879035750204,-206.53699700009562
354.32148985657136,32.16256255757807,1.0000000000000009,1.3349789896480315,-2.5229377817837673,-206.60031468046893
354.32001326618257,32.172603785442895,1.0000000000000009,1.3348357294263264,-2.522387032764019,-206.66380672757742
354.3185359199144,32.182644978266936,1.0000000000000009,1.3346911660613916,-2.521835655029143,-206.7274733553841
354.31705782233314,32.19268613620975,1.0000000000000009,1.3345452976472658,-2.5212836470928437,-206.7913147778523
354.31557897800724,32.202727259431164,1.0000000000000009,1.33439812227782,-2.5207310074690668,-206.85533120894502
354.31409939150706,32.21276834809117,1.000000000000001,1.3342496380467002,-2.5201777346720213,-206.91952286262548
354.3126190674046,32.222809402349995,1.0000000000000009,1.3340998430473223,-2.5196238272162255,-206.98388995285669
354.3111380102742,32.232850422368074,1.0000000000000009,1.3339487353728958,-2.5190692836164317,-207.0484326936019
354.3096562246915,32.24289140830605,1.0000000000000009,1.3337963131163382,-2.518514102387691,-207.11315129882428
354.3081737152345,32.25293236032479,1.0000000000000009,1.3336425743704274,-2.5179582820453383,-207.1780459824869
354.3066904864829,32.26297327858536,1.0000000000000007,1.3334875172276393,-2.5174018211049507,-207.24311695855295
354.30520654301847,32.27301416324906,1.0000000000000009,1.333331139780305,-2.5168447180823854,-207.30836444098557
354.30372188942465,32.28305501447737,1.0000000000000009,1.3331734401204622,-2.516286971493816,-207.37378864374764
354.302236530287,32.293095832432016,1.0000000000000007,1.3330144163399962,-2.515728579855633,-207.4393897808027
354.30075047019284,32.30313661727494,1.0000000000000009,1.3328540665304867,-2.515169541684518,-207.50516806611364
354.29926371373153,32.31317736916828,1.0000000000000009,1.332692388783335,-2.5146098554974294,-207.5711237136437
354.2977762654943,32.323218088274395,1.0000000000000009,1.3325293811897336,-2.5140495198115964,-207.637256937356
354.29628813007423,32.33325877475588,1.0000000000000009,1.332365041840628,-2.5134885331445282,-207.70356795121359
354.2947993120664,32.34329942877554,1.0000000000000009,1.3321993688267404,-2.512926894013976,-207.77005696917973
354.2933098160679,32.353340050496364,1.0000000000000009,1.3320323602386166,-2.5123646009379925,-207.83672420521748
354.2918196466775,32.36338064008162,1.0000000000000009,1.3318640141664542,-2.5118016524348796,-207.90356987329008
354.2903288084961,32.37342119769474,1.0000000000000007,1.3316943287003928,-2.511238047023248,-207.97059418736055
354.2888373061265,32.383461723499416,1.0000000000000009,1.3315233019302481,-2.5106737832219146,-208.037797361392
354.28734514417334,32.39350221765954,1.0000000000000009,1.331350931945591,-2.5101088595500265,-208.10517960934766
354.28585232724333,32.40354268033922,1.0000000000000009,1.3311772168358917,-2.509543274526955,-208.17274114519068
354.2843588599451,32.41358311170279,1.0000000000000009,1.3310021546902973,-2.5089770266723654,-208.24048218288422
354.282864746889,32.423623511914826,1.0000000000000009,1.3308257435977326,-2.508410114506212,-208.30840293639133
354.2813699926877,32.43366388114009,1.000000000000001,1.3306479816469579,-2.507842536548658,-208.3765036196752
354.2798746019555,32.443704219543605,1.0000000000000009,1.3304688669264695,-2.5072742913201758,-208.4447844466989
354.2783785793088,32.453744527290574,1.0000000000000009,1.3302883975245687,-2.506705377341511,-208.51324563142563
354.2768819293659,32.46378480454647,1.0000000000000009,1.3301065715292903,-2.5061357931336516,-208.58188738781857
354.2753846567472,32.47382505147695,1.000000000000001,1.3299233870285327,-2.5055655372178833,-208.65070992984076
354.2738867660747,32.48386526824792,1.000000000000001,1.3297388421098955,-2.5049946081157124,-208.71971347145544
354.27238826197276,32.493905455025484,1.000000000000001,1.3295529348607746,-2.5044230043489755,-208.78889822662563
354.27088914906744,32.503945611976036,1.0000000000000009,1.3293656633683621,-2.503850724439701,-208.8582644093145
354.2693894319869,32.51398573926612,1.0000000000000009,1.3291770257196376,-2.503277766910241,-208.92781223348524
354.26788911536124,32.52402583706254,1.0000000000000009,1.3289870200013465,-2.5027041302831847,-208.99754191310103
354.26638820382243,32.53406590553232,1.0000000000000009,1.3287956442999893,-2.5021298130814067,-209.0674536621249
354.26488670200456,32.544105944842734,1.0000000000000009,1.3286028967019239,-2.5015548138280472,-209.13754769452007
354.2633846145436,32.55414595516125,1.0000000000000009,1.3284087752931888,-2.5009791310464635,-209.20782422424963
354.26188194607755,32.56418593665558,1.0000000000000009,1.3282132781596907,-2.500402763260336,-209.2782834652767
354.26037870124634,32.57422588949368,1.0000000000000009,1.3280164033870716,-2.4998257089935656,-209.34892563156447
354.2588748846919,32.584265813843714,1.000000000000001,1.327818149060798,-2.4992479667703655,-209.4197509370761
354.2573705010582,32.594305709874085,1.0000000000000009,1.327618513266025,-2.498669535115148,-209.49075959577456
354.255865554991,32.6043455777534,1.000000000000001,1.3274174940877757,-2.498090412552642,-209.56195182162327
354.2543600511383,32.61438541765055,1.0000000000000009,1.3272150896108297,-2.497510597607814,-209.6333278285851
354.2528539941499,32.624425229734626,1.0000000000000007,1.3270112979197375,-2.496930088805904,-209.7048878306233
354.25134738867786,32.63446501417494,1.0000000000000009,1.3268061170988945,-2.496348884672379,-209.77663204170105
354.2498402393758,32.64450477114105,1.0000000000000009,1.3265995452323756,-2.495766983733027,-209.8485606757814
354.2483325508999,32.65454450080276,1.0000000000000009,1.3263915804041218,-2.495184384513834,-209.92067394682766
354.24682432790775,32.664584203330065,1.0000000000000009,1.3261822206977887,-2.4946010855411096,-209.99297206880277
354.24531557505935,32.67462387889326,1.0000000000000009,1.3259714641969262,-2.494017085341355,-210.0654552556699
354.24380629701665,32.68466352766279,1.0000000000000009,1.3257593089847286,-2.493432382441391,-210.13812372139222
354.24229649844335,32.69470314980941,1.0000000000000007,1.3255457531442505,-2.4928469753682556,-210.21097767993294
354.2407861840056,32.704742745504085,1.0000000000000009,1.325330794758354,-2.492260862649278,-210.2840173452551
354.2392753583711,32.714782314917976,1.0000000000000009,1.3251144319096255,-2.4916740428120185,-210.35724293132188
354.23776402620996,32.72482185822255,1.0000000000000009,1.3248966626804863,-2.4910865143843033,-210.43065465209648
354.2362521921941,32.73486137558945,1.0000000000000009,1.3246774851531176,-2.4904982758942324,-210.5042527215419
354.2347398609974,32.744900867190594,1.0000000000000009,1.3244568974094655,-2.489909325870144,-210.57803735362134
354.233227037296,32.754940333198114,1.0000000000000009,1.3242348975313285,-2.4893196628406358,-210.65200876229804
354.23171372576786,32.7649797737844,1.0000000000000009,1.3240114836002044,-2.4887292853345677,-210.72616716153493
354.230199931093,32.775019189122055,1.0000000000000009,1.3237866536974376,-2.488138191881049,-210.8005127652953
354.22868565795363,32.785058579383936,1.0000000000000009,1.3235604059041362,-2.4875463810094587,-210.87504578754226
354.22717091103374,32.79509794474314,1.0000000000000009,1.323332738301192,-2.486953851249414,-210.94976644223897
354.2256556950196,32.805137285373,1.0000000000000009,1.3231036489693127,-2.4863606011307944,-211.0246749433485
354.22414001459947,32.81517660144709,1.0000000000000009,1.3228731359889627,-2.4857666291837326,-211.09977150483405
354.2226238744634,32.82521589313923,1.0000000000000009,1.3226411974403844,-2.485171933938613,-211.17505634065873
354.22110727930385,32.83525516062347,1.0000000000000009,1.322407831403667,-2.4845765139260685,-211.25052966478566
354.2195902338151,32.8452944040741,1.0000000000000009,1.322173035958587,-2.4839803676770025,-211.32619169117802
354.21807274269355,32.855333623665665,1.0000000000000009,1.3219368091848236,-2.4833834937225596,-211.40204263379897
354.2165548106377,32.86537281957293,1.0000000000000009,1.3216991491617702,-2.4827858905941405,-211.47808270661156
354.2150364423479,32.875411991970935,1.0000000000000009,1.3214600539685986,-2.4821875568233835,-211.55431212357894
354.2135176425269,32.885451141034935,1.0000000000000009,1.3212195216843141,-2.4815884909421904,-211.63073109866437
354.21199841587924,32.89549026694043,1.0000000000000009,1.3209775503877346,-2.480988691482729,-211.7073398458308
354.21047876711145,32.90552936986318,1.0000000000000009,1.3207341381573463,-2.4803881569773765,-211.78413857904155
354.20895870093256,32.9155684499792,1.000000000000001,1.3204892830715713,-2.4797868859587773,-211.86112751225974
354.20743822205316,32.92560750746469,1.0000000000000009,1.3202429832085363,-2.4791848769598595,-211.93830685944837
354.20591733518626,32.935646542496166,1.0000000000000009,1.319995236646197,-2.4785821285137537,-212.01567683457063
354.20439604504674,32.945685555250336,1.0000000000000009,1.3197460414622144,-2.4779786391538714,-212.09323765158973
354.20287435635163,32.9557245459042,1.0000000000000009,1.3194953957341737,-2.47737440741383,-212.17098952446878
354.2013522738202,32.96576351463496,1.000000000000001,1.3192432975393595,-2.476769431827556,-212.2489326671709
354.19982980217344,32.9758024616201,1.0000000000000009,1.3189897449548833,-2.4761637109291783,-212.32706729365916
354.1983069461348,32.98584138703731,1.0000000000000009,1.3187347360576167,-2.475557243253075,-212.40539361789675
354.19678371042954,32.995880291064594,1.0000000000000009,1.318478268924257,-2.4749500273338576,-212.4839118538469
354.1952600997852,33.00591917388014,1.0000000000000009,1.3182203416312919,-2.474342061706441,-212.5626222154727
354.1937361189312,33.0159580356624,1.0000000000000009,1.3179609522549298,-2.4737333449059378,-212.64152491673715
354.1922117725993,33.0259968765901,1.0000000000000009,1.3177000988713017,-2.4731238754676994,-212.72062017160363
354.1906870655232,33.036035696842184,1.0000000000000009,1.317437779556223,-2.4725136519273505,-212.79990819403505
354.1891620024387,33.046074496597875,1.0000000000000009,1.3171739923853294,-2.4719026728207396,-212.87938919799473
354.1876365880838,33.056113276036605,1.0000000000000009,1.3169087354341036,-2.471290936683978,-212.95906339744565
354.1861108271986,33.066152035338106,1.0000000000000009,1.3166420067777778,-2.47067844205338,-213.03893100635108
354.1845847245251,33.07619077468233,1.0000000000000009,1.3163738044913327,-2.4700651874655435,-213.11899223867405
354.18305828480766,33.086229494249466,1.0000000000000009,1.3161041266495959,-2.4694511714573046,-213.19924730837772
354.1815315127927,33.09626819422,1.0000000000000009,1.3158329713272332,-2.468836392565695,-213.27969642942537
354.1800044132286,33.10630687477463,1.0000000000000009,1.3155603365986241,-2.4682208493280484,-213.36033981578
354.17847699086605,33.116345536094336,1.0000000000000009,1.3152862205379923,-2.467604540281897,-213.44117768140467
354.1769492504577,33.12638417836031,1.0000000000000009,1.315010621219328,-2.4669874639650295,-213.52221024026278
354.1754211967585,33.13642280175404,1.0000000000000009,1.3147335367164317,-2.4663696189154756,-213.60343770631718
354.1738928345254,33.14646140645724,1.0000000000000009,1.3144549651029087,-2.465751003671482,-213.6848602935312
354.1723641685175,33.1564999926519,1.000000000000001,1.314174904452159,-2.4651316167715507,-213.7664782158679
354.1708352034961,33.16653856052024,1.0000000000000009,1.31389335283736,-2.4645114567544297,-213.84829168729047
354.16930594422445,33.17657711024474,1.0000000000000009,1.313610308331484,-2.4638905221590797,-213.93030092176195
354.16777639546814,33.18661564200817,1.0000000000000009,1.313325769007367,-2.463268811524724,-214.01250613324555
354.1662465619948,33.19665415599349,1.0000000000000009,1.3130397329375443,-2.462646323390807,-214.09490753570444
354.16471644857427,33.20669265238398,1.0000000000000009,1.3127521981944108,-2.462023056296996,-214.1775053431017
354.16318605997844,33.216731131363126,1.0000000000000009,1.3124631628501575,-2.461399008783218,-214.26029976940052
354.1616554009814,33.2267695931147,1.0000000000000009,1.3121726249767658,-2.4607741793896203,-214.343291028564
354.16012447635933,33.23680803782273,1.0000000000000009,1.3118805826459807,-2.460148566656578,-214.42647933455524
354.15859329089074,33.2468464656715,1.0000000000000007,1.3115870339294298,-2.459522169124721,-214.50986490133747
354.1570618493561,33.25688487684553,1.0000000000000007,1.311291976898465,-2.45889498533489,-214.59344794287375
354.15553015653813,33.26692327152962,1.0000000000000009,1.310995409624291,-2.458267013828163,-214.67722867312727
354.15399821722167,33.27696164990882,1.0000000000000009,1.3106973301778337,-2.4576382531458414,-214.76120730606118
354.15246603619374,33.28700001216844,1.0000000000000009,1.3103977366299353,-2.4570087018295013,-214.84538405563853
354.1509336182435,33.297038358494056,1.0000000000000009,1.310096627051152,-2.4563783584208743,-214.9297591358225
354.1494009681625,33.307076689071486,1.0000000000000009,1.3097939995118906,-2.455747221461994,-215.01433276057625
354.14786809074405,33.317115004086816,1.0000000000000009,1.309489852082304,-2.455115289495076,-215.09910514386297
354.14633499078394,33.327153303726426,1.0000000000000007,1.3091841828323885,-2.4544825610625587,-215.18407649964564
354.14480167308,33.337191588176886,1.0000000000000009,1.3088769898319548,-2.4538490347071615,-215.2692470418876
354.14326814243236,33.347229857625074,1.000000000000001,1.308568271150584,-2.453214708971796,-215.35461698455185
354.1417344036433,33.35726811225814,1.0000000000000009,1.3082580248577016,-2.4525795823995686,-215.44018654160155
354.1402004615171,33.367306352263455,1.0000000000000009,1.3079462490224727,-2.4519436535338848,-215.52595592699987
354.13866632086047,33.377344577828694,1.0000000000000009,1.3076329417139316,-2.4513069209182987,-215.61192535470988
354.13713198648225,33.38738278914175,1.0000000000000009,1.307318101000884,-2.450669383096656,-215.69809503869482
