galstreams/tracks/track.st.M30.sollima2020.ecsv
# %ECSV 0.9
# ---
# datatype:
# - {name: ra, unit: deg, datatype: float64}
# - {name: dec, unit: deg, datatype: float64}
# - {name: distance, unit: kpc, datatype: float64}
# - {name: pm_ra_cosdec, unit: mas / yr, datatype: float64}
# - {name: pm_dec, unit: mas / yr, datatype: float64}
# - {name: radial_velocity, unit: km / s, datatype: float64}
# delimiter: ','
# meta: !!omap
# - __serialized_columns__:
#     dec:
#       __class__: astropy.coordinates.angles.Latitude
#       unit: &id001 !astropy.units.Unit {unit: deg}
#       value: !astropy.table.SerializedColumn {name: dec}
#     distance:
#       __class__: astropy.coordinates.distances.Distance
#       unit: !astropy.units.Unit {unit: kpc}
#       value: !astropy.table.SerializedColumn {name: distance}
#     pm_dec:
#       __class__: astropy.units.quantity.Quantity
#       unit: !astropy.units.Unit {unit: mas / yr}
#       value: !astropy.table.SerializedColumn {name: pm_dec}
#     pm_ra_cosdec:
#       __class__: astropy.units.quantity.Quantity
#       unit: !astropy.units.Unit {unit: mas / yr}
#       value: !astropy.table.SerializedColumn {name: pm_ra_cosdec}
#     ra:
#       __class__: astropy.coordinates.angles.Longitude
#       unit: *id001
#       value: !astropy.table.SerializedColumn {name: ra}
#       wrap_angle: !astropy.coordinates.Angle
#         unit: *id001
#         value: 360.0
#     radial_velocity:
#       __class__: astropy.units.quantity.Quantity
#       unit: !astropy.units.Unit {unit: km / s}
#       value: !astropy.table.SerializedColumn {name: radial_velocity}
# schema: astropy-2.0
ra,dec,distance,pm_ra_cosdec,pm_dec,radial_velocity
[from data line 707]
327.5002636190713,-21.25971839146044,7.9000000000000075,0.0,0.0,0.0
327.5078542157221,-21.24572707757153,7.900000000000008,0.0,0.0,0.0
327.5154509076371,-21.231774562748285,7.9000000000000075,0.0,0.0,0.0
327.52305421922665,-21.21786350249282,7.900000000000008,0.0,0.0,0.0
327.5306646822142,-21.20399658745826,7.900000000000008,0.0,0.0,0.0
327.53828283568964,-21.19017654367298,7.900000000000009,0.0,0.0,0.0
327.5459092261642,-21.176406132765287,7.900000000000008,0.0,0.0,0.0
327.5535444076251,-21.162688152188792,7.9000000000000075,0.0,0.0,0.0
327.5611889415905,-21.14902543544829,7.9000000000000075,0.0,0.0,0.0
327.56884339716555,-21.13542085232626,7.9000000000000075,0.0,0.0,0.0
327.5765083510984,-21.121877309109884,7.900000000000008,0.0,0.0,0.0
327.5841843878369,-21.10839774881876,7.9000000000000075,0.0,0.0,0.0
327.59187209958543,-21.094985151433054,7.9000000000000075,0.0,0.0,0.0
327.5995720863627,-21.081642534122302,7.900000000000008,0.0,0.0,0.0
327.60728495605997,-21.068372951474775,7.900000000000008,0.0,0.0,0.0
327.6150113244991,-21.055179495727433,7.900000000000008,0.0,0.0,0.0
327.6227518154923,-21.042065296996388,7.900000000000008,0.0,0.0,0.0
327.6305070609012,-21.029033523508033,7.900000000000008,0.0,0.0,0.0
327.63827770069736,-21.016087381830634,7.9000000000000075,0.0,0.0,0.0
327.64606438302286,-21.00323011710657,7.900000000000008,0.0,0.0,0.0
327.6538677642516,-20.99046501328514,7.900000000000007,0.0,0.0,0.0
327.6616885090511,-20.97779539335585,7.900000000000007,0.0,0.0,0.0
327.66952729044493,-20.96522461958238,7.9000000000000075,0.0,0.0,0.0
327.67738478987604,-20.95275609373704,7.900000000000007,0.0,0.0,0.0
327.6852616972701,-20.940393257335792,7.9000000000000075,0.0,0.0,0.0
327.6931587110997,-20.928139591873876,7.900000000000006,0.0,0.0,0.0
327.70107653844974,-20.915998619061952,7.900000000000007,0.0,0.0,0.0
327.7090158950825,-20.90397390106284,7.900000000000008,0.0,0.0,0.0
327.7169775055041,-20.892069040728753,7.900000000000006,0.0,0.0,0.0
327.7249621030315,-20.880287681839164,7.900000000000008,0.0,0.0,0.0
327.73297042986013,-20.868633509339194,7.9000000000000075,0.0,0.0,0.0
327.7410032371318,-20.85711024957853,7.9000000000000075,0.0,0.0,0.0
327.7490612850045,-20.84572167055091,7.9000000000000075,0.0,0.0,0.0
327.75714534272134,-20.83447158213419,7.900000000000007,0.0,0.0,0.0
327.765256188682,-20.823363836330916,7.900000000000006,0.0,0.0,0.0
327.77339461051315,-20.81240232750946,7.9000000000000075,0.0,0.0,0.0
327.78156140514125,-20.801590992645707,7.900000000000008,0.0,0.0,0.0
327.7897573788653,-20.790933811565267,7.9000000000000075,0.0,0.0,0.0
327.7979833474305,-20.780434807186253,7.900000000000007,0.0,0.0,0.0
327.8062401361026,-20.77009804576257,7.900000000000008,0.0,0.0,0.0
327.81452857974415,-20.759927637127802,7.900000000000007,0.0,0.0,0.0
327.82284952288984,-20.749927734939533,7.900000000000008,0.0,0.0,0.0
327.83120381982457,-20.740102536924322,7.900000000000007,0.0,0.0,0.0
327.839592334661,-20.730456285123093,7.900000000000007,0.0,0.0,0.0
327.84801594141913,-20.72099326613717,7.9000000000000075,0.0,0.0,0.0
327.8564755241059,-20.71171781137476,7.900000000000007,0.0,0.0,0.0
327.8649719767967,-20.702634297297976,7.900000000000006,0.0,0.0,0.0
327.8735062037169,-20.69374714567043,7.900000000000006,0.0,0.0,0.0
327.8820791193254,-20.68506082380527,7.900000000000006,0.0,0.0,0.0
327.89069164839844,-20.676579844813855,7.900000000000007,0.0,0.0,0.0
327.89934472611486,-20.668308767854782,7.900000000000007,0.0,0.0,0.0
327.90803929814234,-20.66025219838361,7.900000000000007,0.0,0.0,0.0
327.91677632072503,-20.652414788402954,7.900000000000007,0.0,0.0,0.0
327.92555676077166,-20.644801236713164,7.900000000000007,0.0,0.0,0.0
327.93438159594575,-20.63741628916352,7.9000000000000075,0.0,0.0,0.0
327.943251814756,-20.630264738903865,7.900000000000007,0.0,0.0,0.0
327.9521684166491,-20.623351426636805,7.900000000000006,0.0,0.0,0.0
327.96113241210236,-20.616681240870378,7.900000000000007,0.0,0.0,0.0
327.97014482271885,-20.61025911817127,7.900000000000005,0.0,0.0,0.0
327.9792066813235,-20.604090043418434,7.900000000000007,0.0,0.0,0.0
327.98831903205985,-20.59817905005729,7.900000000000007,0.0,0.0,0.0
327.9974829304894,-20.59253122035435,7.900000000000007,0.0,0.0,0.0
328.0066994436913,-20.5871516856524,7.900000000000007,0.0,0.0,0.0
328.01596965036396,-20.582045626626073,7.900000000000007,0.0,0.0,0.0
328.025294640928,-20.577218273537984,7.9000000000000075,0.0,0.0,0.0
328.03467551763106,-20.572674906495305,7.900000000000006,0.0,0.0,0.0
328.0441133946534,-20.568420855706794,7.900000000000005,0.0,0.0,0.0
328.05360939821577,-20.56446150174034,7.9000000000000075,0.0,0.0,0.0
328.0631646666888,-20.560802275780933,7.900000000000006,0.0,0.0,0.0
328.07278035070345,-20.557448659889122,7.900000000000007,0.0,0.0,0.0
328.082457613264,-20.5544061872599,7.900000000000007,0.0,0.0,0.0
328.0921976298621,-20.55168044248211,7.900000000000006,0.0,0.0,0.0
328.1020015885929,-20.549277061798186,7.900000000000006,0.0,0.0,0.0
328.111870690273,-20.54720173336447,7.900000000000006,0.0,0.0,0.0
328.12180614856027,-20.545460197511886,7.900000000000007,0.0,0.0,0.0
328.1318091900752,-20.544058247007072,7.900000000000007,0.0,0.0,0.0
328.14188105452496,-20.543001727313946,7.900000000000007,0.0,0.0,0.0
328.15202299482854,-20.542296536855716,7.900000000000006,0.0,0.0,0.0
328.16223627724474,-20.54194862727728,7.900000000000007,0.0,0.0,0.0
328.1725221815018,-20.541964003708095,7.900000000000006,0.0,0.0,0.0
328.18288200092917,-20.54234872502538,7.900000000000006,0.0,0.0,0.0
328.19331704259196,-20.54310890411783,7.900000000000006,0.0,0.0,0.0
328.203828627427,-20.54425070814964,7.900000000000006,0.0,0.0,0.0
328.2144180903817,-20.545780358824967,7.900000000000006,0.0,0.0,0.0
328.2250867805548,-20.547704132652832,7.900000000000005,0.0,0.0,0.0
328.2358360613405,-20.550028361212252,7.900000000000006,0.0,0.0,0.0
328.24666731057374,-20.55275943141799,7.900000000000005,0.0,0.0,0.0
328.2575819206792,-20.555903785786427,7.900000000000006,0.0,0.0,0.0
328.26858129882237,-20.559467922702005,7.900000000000006,0.0,0.0,0.0
