galstreams/tracks/track.st.NGC6397.ibata2020.ecsv
# %ECSV 0.9
# ---
# datatype:
# - {name: ra, unit: deg, datatype: float64}
# - {name: dec, unit: deg, datatype: float64}
# - {name: distance, unit: kpc, datatype: float64}
# - {name: pm_ra_cosdec, unit: mas / yr, datatype: float64}
# - {name: pm_dec, unit: mas / yr, datatype: float64}
# - {name: radial_velocity, unit: km / s, datatype: float64}
# delimiter: ','
# meta: !!omap
# - __serialized_columns__:
#     dec:
#       __class__: astropy.coordinates.angles.Latitude
#       unit: &id001 !astropy.units.Unit {unit: deg}
#       value: !astropy.table.SerializedColumn {name: dec}
#     distance:
#       __class__: astropy.coordinates.distances.Distance
#       unit: !astropy.units.Unit {unit: kpc}
#       value: !astropy.table.SerializedColumn {name: distance}
#     pm_dec:
#       __class__: astropy.units.quantity.Quantity
#       unit: !astropy.units.Unit {unit: mas / yr}
#       value: !astropy.table.SerializedColumn {name: pm_dec}
#     pm_ra_cosdec:
#       __class__: astropy.units.quantity.Quantity
#       unit: !astropy.units.Unit {unit: mas / yr}
#       value: !astropy.table.SerializedColumn {name: pm_ra_cosdec}
#     ra:
#       __class__: astropy.coordinates.angles.Longitude
#       unit: *id001
#       value: !astropy.table.SerializedColumn {name: ra}
#       wrap_angle: !astropy.coordinates.Angle
#         unit: *id001
#         value: 360.0
#     radial_velocity:
#       __class__: astropy.units.quantity.Quantity
#       unit: !astropy.units.Unit {unit: km / s}
#       value: !astropy.table.SerializedColumn {name: radial_velocity}
# schema: astropy-2.0
ra,dec,distance,pm_ra_cosdec,pm_dec,radial_velocity
[from data line 137]
279.07419019818224,-54.08984954381678,2.5518440929496458,5.176007120177349,-15.4120839656516,-1.6841534259744676e-14
279.22619602476624,-54.090597424742704,2.5525406854027404,5.197247184452843,-15.389860764717278,-1.6841534259744676e-14
279.37820775333046,-54.09097903072894,2.5532348306310166,5.218570231062374,-15.367722691667417,-5.0524602779234026e-14
279.53022208629346,-54.09098524826278,2.5539266289256073,5.239978547780539,-15.34567117495363,-1.6841534259744676e-14
279.68223559247747,-54.09060697174044,2.554616180577649,5.261474411026778,-15.323707633699888,-5.0524602779234026e-14
279.83424470749287,-54.089835103887246,2.5553035858782764,5.283060086008883,-15.30183347783916,-3.368306851948935e-14
279.9862457341612,-54.088660556176585,2.555988945118624,5.304737826871607,-15.280050108251569,-8.420767129872338e-14
280.1382348429771,-54.087074249247436,2.5566723585898257,5.326509876850855,-15.258358916903855,-1.6841534259744676e-14
280.29020807261173,-54.08506711332011,2.5573539265830196,5.348378468433267,-15.236761286990298,-6.73661370389787e-14
280.4421613304559,-54.08263008861047,2.5580337493893377,5.370345823521536,-15.215258593075013,-5.0524602779234026e-14
280.59409039320605,-54.07975412574196,2.5587119272999166,5.392414153605275,-15.193852201235519,-3.368306851948935e-14
280.745990907493,-54.076430186155605,2.5593885606058904,5.414585659937822,-15.172543469207667,-5.0524602779234026e-14
280.89785839055367,-54.07264924251769,2.560063749598395,5.43686253371877,-15.15133374653179,-6.73661370389787e-14
281.0496882309472,-54.068402279124975,2.5607375945685646,5.459246956282497,-15.130224374700097,-8.420767129872338e-14
281.2014756893168,-54.06368029230709,2.5614101958075346,5.481741099292753,-15.10921668730519,-3.368306851948935e-14
281.35321589919573,-54.05847429082619,2.5620816536064392,5.504347124943147,-15.088312010189789,-5.0524602779234026e-14
281.5049038678611,-54.05277529627354,2.5627520682564153,5.527067186163951,-15.067511661597418,-1.6841534259744676e-14
281.6565344772334,-54.046574343462666,2.563421540048595,5.549903426834939,-15.046816952324217,-3.368306851948935e-14
281.8081024848239,-54.039862480819245,2.5640901692741154,5.572857982004505,-15.026229185871628,-3.368306851948935e-14
281.95960252473003,-54.03263077076719,2.5647580562241115,5.595932978114973,-15.005749658600045,-3.368306851948935e-14
282.1110291086791,-54.024870290110826,2.5654253011897166,5.619130533234303,-14.985379659883243,-6.73661370389787e-14
282.26237662712066,-54.0165721304131,2.5660920044620674,5.6424527572939365,-14.965120472263605,-6.73661370389787e-14
282.41363935036907,-54.00772739836938,2.5667582663322985,5.665901752333177,-14.944973371608052,-1.6841534259744676e-14
282.5648114297941,-53.9983272161767,2.5674241870915444,5.689479612749685,-14.92493962726457,-5.0524602779234026e-14
282.715886899063,-53.988362721898476,2.568089867030941,5.713188425556469,-14.905020502219305,-5.0524602779234026e-14
282.8668596754326,-53.97782506982395,2.5687554064416216,5.737030270645189,-14.885217253254126,-8.420767129872338e-14
283.0177235610906,-53.96670543082283,2.5694209056147232,5.761007221055685,-14.865531131104575,-5.0524602779234026e-14
283.16847224454926,-53.95499499269412,2.5700864648413795,5.785121343251916,-14.845963380618128,-1.6841534259744676e-14
283.3190993020886,-53.9426849605098,2.570752184412726,5.809374697404125,-14.82651524091266,0.0
283.46959819925127,-53.92976655695226,2.5714181646198973,5.833769337677307,-14.807187945535064,-5.0524602779234026e-14
283.6199622923877,-53.91623102264594,2.5720845057540282,5.858307312525753,-14.787982722619903,0.0
283.7701848302524,-53.902069616482585,2.572751308106254,5.882990664993873,-14.768900795048022,-3.368306851948935e-14
283.9202589556512,-53.88727361594006,2.5734186719677097,5.90782143302307,-14.749943380604975,-6.73661370389787e-14
284.070177707139,-53.87183431739438,2.5740866976295305,5.932801649764613,-14.731111692139278,-3.368306851948935e-14
284.21993402076805,-53.85574303642481,2.5747554853828514,5.9579333438985325,-14.712406937720239,-6.73661370389787e-14
284.3695207318863,-53.83899110811193,2.5754251355188074,5.9832185399582976,-14.69383032079545,-1.6841534259744676e-14
284.5189305769864,-53.82156988732814,2.576095748328533,6.008659258661375,-14.67538304034764,-6.73661370389787e-14
284.6681561956034,-53.8034707490207,2.576767424103162,6.034257517245447,-14.657066291050931,-5.0524602779234026e-14
284.8171901322622,-53.784685088486974,2.5774402631338327,6.0600153298101365,-14.638881263426352,-3.368306851948935e-14
284.9660248384744,-53.76520432164154,2.5781143657116776,6.085934707664378,-14.620829143996488,-1.6841534259744676e-14
285.1146526747817,-53.745019885275234,2.5787898321278324,6.112017659678916,-14.602911115439158,-1.6841534259744676e-14
285.26306591284896,-53.72412323730567,2.579466762673432,6.138266192644233,-14.58512835674003,-5.0524602779234026e-14
285.41125673760325,-53.70250585701912,2.580145257639611,6.164682311633468,-14.567482043344093,-8.420767129872338e-14
285.55921724941925,-53.68015924530365,2.5808254173175045,6.1912680203702415,-14.54997334730576,-1.6841534259744676e-14
285.70693946635083,-53.65707492487315,2.581507341998248,6.2180253216013615,-14.532603437437686,-1.6841534259744676e-14
285.8544153264072,-53.633244440482194,2.582191131972977,6.244956217474125,-14.515373479457981,-1.6841534259744676e-14
286.001636689873,-53.60865935913149,2.582876887532824,6.2720627099180515,-14.49828463613589,-1.0104920555846805e-13
286.14859534167186,-53.58331127026379,2.583564708968927,6.299346801030994,-14.48133806743564,-3.368306851948935e-14
286.2952829937715,-53.557191785949925,2.5842546965724194,6.3268104934693,-14.464534930658605,-5.0524602779234026e-14
286.4416912876304,-53.5302925410651,2.584946950634436,6.354455790841917,-14.447876380583335,-3.368306851948935e-14
286.5878117966847,-53.50260519345492,2.585641571446112,6.382284698108235,-14.431363569603718,-6.73661370389787e-14
286.7336360288733,-53.47412142409132,2.5863386592985833,6.410299221979478,-14.41499764786479,-5.0524602779234026e-14
286.8791554292013,-53.44483293721797,2.5870383144829834,6.438501371323429,-14.398779763396428,-5.0524602779234026e-14
287.0243613823397,-53.414731460485214,2.587740637290449,6.4668931575722315,-14.382711062244542,-6.73661370389787e-14
287.1692452152603,-53.38380874507435,2.588445728012114,6.49547659513314,-14.366792688599848,-5.0524602779234026e-14
287.3137981999045,-53.352056565810976,2.5891536869391123,6.524253701801903,-14.351025784923944,-3.368306851948935e-14
287.4580115558846,-53.31946672126757,2.5898646143625808,6.55322649917861,-14.335411492072812,-6.73661370389787e-14
287.60187645321605,-53.286031033854876,2.590578610573654,6.5823970130858065,-14.319950949417358,-5.0524602779234026e-14
287.7453840150793,-53.2517413499022,2.5912957758634665,6.611767273988459,-14.30464529496116,-6.73661370389787e-14
287.8885253206097,-53.21658953972645,2.5920162105231532,6.641339317415777,-14.289495665455085,-3.368306851948935e-14
288.03129140771347,-53.18056749768982,2.5927400148438493,6.671115184384405,-14.274503196508887,-6.73661370389787e-14
288.17367327590927,-53.14366714224607,2.5934672891166906,6.7010969218229635,-14.259669022699454,-6.73661370389787e-14
288.3156618891923,-53.10588041597526,2.594198133632811,6.731286582997487,-14.244994277675861,-3.368306851948935e-14
