galstreams/tracks/track.st.New-13.ibata2024.ecsv
# %ECSV 1.0
# ---
# datatype:
# - {name: ra, unit: deg, datatype: float64}
# - {name: dec, unit: deg, datatype: float64}
# - {name: distance, unit: kpc, datatype: float64}
# - {name: pm_ra_cosdec, unit: mas / yr, datatype: float64}
# - {name: pm_dec, unit: mas / yr, datatype: float64}
# - {name: radial_velocity, unit: km / s, datatype: float64}
# delimiter: ','
# meta: !!omap
# - __serialized_columns__:
#     dec:
#       __class__: astropy.coordinates.angles.Latitude
#       unit: &id001 !astropy.units.Unit {unit: deg}
#       value: !astropy.table.SerializedColumn {name: dec}
#     distance:
#       __class__: astropy.coordinates.distances.Distance
#       unit: !astropy.units.Unit {unit: kpc}
#       value: !astropy.table.SerializedColumn {name: distance}
#     pm_dec:
#       __class__: astropy.units.quantity.Quantity
#       unit: !astropy.units.Unit {unit: mas / yr}
#       value: !astropy.table.SerializedColumn {name: pm_dec}
#     pm_ra_cosdec:
#       __class__: astropy.units.quantity.Quantity
#       unit: !astropy.units.Unit {unit: mas / yr}
#       value: !astropy.table.SerializedColumn {name: pm_ra_cosdec}
#     ra:
#       __class__: astropy.coordinates.angles.Longitude
#       unit: *id001
#       value: !astropy.table.SerializedColumn {name: ra}
#       wrap_angle: !astropy.coordinates.Angle
#         unit: *id001
#         value: 360.0
#     radial_velocity:
#       __class__: astropy.units.quantity.Quantity
#       unit: !astropy.units.Unit {unit: km / s}
#       value: !astropy.table.SerializedColumn {name: radial_velocity}
# schema: astropy-2.0
ra,dec,distance,pm_ra_cosdec,pm_dec,radial_velocity
[from data line 1552]
164.3487541264098,-34.27485300960524,0.9999999999999994,-6.542079997946644,-12.00857092863167,961.5666915091033
164.35338291282744,-34.265707429308414,0.9999999999999996,-6.544021319738405,-12.01293010034776,961.5229036183094
164.35801076536728,-34.25656169997865,0.9999999999999993,-6.545964107577525,-12.017289316317175,961.4791775388501
164.36263768026342,-34.24741582023451,0.9999999999999993,-6.547908366132205,-12.021648578609529,961.4355134418532
164.36726365375117,-34.23826978869516,0.9999999999999996,-6.549854100070185,-12.026007889294817,961.391911498449
164.37188868206712,-34.22912360398036,0.9999999999999993,-6.551801314058814,-12.030367250443845,961.3483718797654
164.37651276144902,-34.21997726471048,0.9999999999999993,-6.553750012764937,-12.034726664127888,961.3048947569322
164.38113588813593,-34.21083076950643,0.9999999999999994,-6.555700200855092,-12.039086132418944,961.2614803010774
164.38575805836817,-34.201684116989746,0.9999999999999993,-6.55765188299533,-12.043445657389668,961.2181286833307
164.39037926838728,-34.19253730578257,0.9999999999999994,-6.559605063851414,-12.047805241113153,961.1748400748207
164.39499951443602,-34.1833903345076,0.9999999999999993,-6.561559748088619,-12.052164885663373,961.1316146466762
164.39961879275847,-34.17424320178814,0.9999999999999994,-6.563515940371836,-12.05652459311463,961.0884525700263
164.40423709959987,-34.16509590624808,0.9999999999999993,-6.565473645365557,-12.060884365542066,961.0453540159994
164.40885443120672,-34.15594844651189,0.9999999999999994,-6.567432867733714,-12.06524420502133,961.0023191557254
164.4134707838268,-34.14680082120466,0.9999999999999994,-6.569393612140054,-12.069604113628671,960.9593481603323
164.41808615370908,-34.13765302895201,0.9999999999999993,-6.5713558832478185,-12.073964093441049,960.9164412009497
164.4227005371038,-34.1285050683802,0.9999999999999992,-6.573319685719859,-12.078324146535905,960.8735984487058
164.42731393026244,-34.119356938116034,0.9999999999999994,-6.575285024218623,-12.082684274991479,960.8308200747301
164.43192632943763,-34.110208636786936,0.9999999999999994,-6.577251903406001,-12.087044480886362,960.7881062501515
164.43653773088337,-34.10106016302089,0.9999999999999994,-6.579220327943673,-12.09140476629996,960.7454571460986
164.4411481308548,-34.09191151544646,0.9999999999999994,-6.58119030249285,-12.095765133312256,960.7028729337002
164.4457575256083,-34.08276269269283,0.9999999999999994,-6.583161831714193,-12.100125584003706,960.660353784086
164.4503659114015,-34.0736136933897,0.9999999999999996,-6.585134920268253,-12.104486120455576,960.617899868384
164.45497328449326,-34.06446451616742,0.9999999999999996,-6.587109572814839,-12.108846744749556,960.5755113577236
164.45957964114365,-34.05531515965688,0.9999999999999992,-6.589085794013521,-12.113207458967992,960.5331884232335
164.46418497761397,-34.04616562248956,0.9999999999999993,-6.59106358852334,-12.117568265193938,960.4909312360429
164.46878929016677,-34.03701590329752,0.9999999999999994,-6.593042961003171,-12.121929165510892,960.4487399672806
164.47339257506582,-34.02786600071341,0.9999999999999994,-6.59502391611116,-12.126290162003002,960.4066147880754
164.47799482857604,-34.01871591337042,0.9999999999999993,-6.5970064585052555,-12.13065125675513,960.3645558695563
164.48259604696366,-34.00956563990238,0.9999999999999996,-6.5989905928428385,-12.135012451852589,960.3225633828519
164.48719622649614,-34.00041517894362,0.9999999999999993,-6.600976323781026,-12.139373749381306,960.2806374990917
164.4917953634421,-33.99126452912911,0.9999999999999996,-6.602963655976495,-12.143735151427862,960.2387783894044
164.49639345407132,-33.98211368909438,0.9999999999999993,-6.604952594085248,-12.148096660079403,960.1969862249189
164.50099049465496,-33.97296265747552,0.9999999999999993,-6.606943142763271,-12.152458277423719,960.1552611767637
164.50558648146531,-33.96381143290919,0.9999999999999993,-6.608935306665877,-12.156820005549179,960.1136034160683
164.51018141077583,-33.95466001403263,0.9999999999999993,-6.610929090447918,-12.161181846544608,960.0720131139614
164.51477527886132,-33.94550839948368,0.9999999999999994,-6.612924498764116,-12.165543802499585,960.0304904415716
164.5193680819976,-33.936356587900704,0.9999999999999994,-6.614921536268419,-12.169905875504256,959.989035570029
164.5239598164619,-33.92720457792269,0.9999999999999994,-6.616920207614626,-12.174268067649308,959.9476486704606
164.5285504785326,-33.918052368189144,0.9999999999999994,-6.618920517455912,-12.178630381025926,959.9063299139968
164.53314006448915,-33.908899957340175,0.9999999999999996,-6.620922470445194,-12.182992817726117,959.8650794717664
164.53772857061242,-33.89974734401646,0.9999999999999996,-6.6229260712349,-12.18735537984223,959.8238975148977
164.54231599318433,-33.89059452685922,0.9999999999999996,-6.6249313244769965,-12.191718069467484,959.7827842145197
164.54690232848813,-33.88144150451028,0.9999999999999994,-6.626938234823108,-12.19608088869532,959.7417397417616
164.55148757280818,-33.872288275612,0.9999999999999994,-6.628946806924425,-12.200443839620078,959.7007642677524
164.55607172243006,-33.86313483880735,0.9999999999999996,-6.630957045431629,-12.204806924336438,959.6598579636207
164.56065477364055,-33.853981192739795,0.9999999999999997,-6.632968954995,-12.209170144939833,959.619021000496
164.5652367227277,-33.844827336053434,0.9999999999999997,-6.634982540264495,-12.213533503526278,959.5782535495065
164.56981756598066,-33.8356732673929,0.9999999999999997,-6.636997805889607,-12.217897002192188,959.5375557817811
164.57439729968985,-33.826518985403375,0.9999999999999994,-6.639014756519295,-12.222260643034815,959.4969278684491
164.57897592014686,-33.817364488730654,0.9999999999999997,-6.64103339680225,-12.226624428151666,959.4563699806399
164.5835534236445,-33.808209776021044,0.9999999999999996,-6.64305373138663,-12.230988359641103,959.4158822894811
164.58812980647676,-33.79905484592143,0.9999999999999994,-6.645075764920215,-12.23535243960194,959.375464966103
164.5927050649388,-33.78989969707928,0.9999999999999996,-6.647099502050281,-12.239716670133532,959.3351181816334
164.597279195327,-33.78074432814259,0.9999999999999997,-6.649124947423843,-12.244081053335961,959.2948421072019
164.60185219393892,-33.77158873775992,0.9999999999999996,-6.651152105687288,-12.248445591309732,959.254636913937
164.60642405707335,-33.762432924580445,0.9999999999999994,-6.65318098148677,-12.252810286155864,959.214502772968
164.61099478103023,-33.75327688725378,0.9999999999999996,-6.655211579467824,-12.257175139976212,959.1744398554238
164.6155643621107,-33.744120624430224,0.9999999999999994,-6.657243904275731,-12.261540154872904,959.1344483324331
164.62013279661704,-33.734964134760574,0.9999999999999994,-6.659277960555158,-12.26590533294872,959.0945283751247
164.62470008085285,-33.725807416896174,0.9999999999999994,-6.661313752950562,-12.270270676307163,959.0546801546279
164.6292662111228,-33.71665046948894,0.9999999999999996,-6.663351286105808,-12.274636187052153,959.0149038420712
164.63383118373275,-33.707493291191355,0.9999999999999994,-6.665390564664392,-12.279001867288144,958.9751996085839
164.6383949949898,-33.69833588065642,0.9999999999999994,-6.667431593269299,-12.283367719120264,958.9355676252943
164.64295764120217,-33.68917823653774,0.9999999999999996,-6.669474376563208,-12.287733744654076,958.8960080633321
164.64751911867936,-33.680020357489425,0.9999999999999997,-6.671518919188394,-12.292099945995886,958.8565210938261
164.6520794237319,-33.670862242166166,0.9999999999999996,-6.673565225786426,-12.29646632525234,958.8171068879047
164.6566385526716,-33.66170388922319,0.9999999999999996,-6.6756133009987195,-12.30083288453082,958.7777656166973
164.6611965018115,-33.652545297316294,0.9999999999999996,-6.677663149466184,-12.305199625939139,958.7384974513324
164.66575326746567,-33.643386465101806,0.9999999999999996,-6.679714775829282,-12.309566551585732,958.6993025629391
164.6703088459495,-33.63422739123659,0.9999999999999994,-6.681768184728078,-12.313933663579633,958.6601811226463
164.67486323357946,-33.625068074378134,0.9999999999999997,-6.683823380802011,-12.318300964030229,958.6211333015833
164.6794164266732,-33.615908513184365,0.9999999999999994,-6.685880368690356,-12.322668455047719,958.5821592708786
164.68396842154962,-33.606748706313844,0.9999999999999994,-6.687939153031863,-12.327036138742699,958.543259201661
164.68851921452872,-33.59758865242562,0.9999999999999996,-6.689999738464827,-12.331404017226404,958.5044332650598
164.69306880193167,-33.588428350179356,0.9999999999999997,-6.69206212962699,-12.335772092610412,958.4656816322037
164.69761718008084,-33.57926779823517,0.9999999999999997,-6.694126331155836,-12.340140367007194,958.4270044742213
164.70216434529976,-33.57010699525381,0.9999999999999996,-6.696192347688331,-12.344508842529436,958.3884019622423
164.70671029391315,-33.560945939896506,0.9999999999999996,-6.698260183861102,-12.348877521290575,958.3498742673949
164.71125502224683,-33.55178463082506,0.9999999999999996,-6.700329844310119,-12.353246405404505,958.3114215608083
164.71579852662785,-33.54262306670184,0.9999999999999994,-6.7024013336712045,-12.357615496985645,958.2730440136114
164.7203408033844,-33.5334612461897,0.9999999999999994,-6.704474656579464,-12.361984798149038,958.2347417969333
164.72488184884585,-33.52429916795207,0.9999999999999996,-6.706549817669767,-12.36635431101027,958.1965150819027
164.7294216593427,-33.515136830652914,0.9999999999999997,-6.70862682157653,-12.37072403768532,958.1583640396484
164.73396023120662,-33.505974232956746,0.9999999999999994,-6.710705672933486,-12.375093980290856,958.1202888412997
164.7384975607705,-33.49681137352859,0.9999999999999994,-6.712786376374304,-12.379464140944052,958.082289657985
164.74303364436827,-33.487648251034024,0.9999999999999994,-6.7148689365319285,-12.383834521762637,958.0443666608336
164.7475684783351,-33.47848486413918,0.9999999999999996,-6.716953358038978,-12.38820512486474,958.0065200209746
164.7521020590073,-33.46932121151072,0.9999999999999994,-6.7190396455275945,-12.392575952369157,957.9687499095363
164.75663438272244,-33.46015729181582,0.9999999999999994,-6.721127803629592,-12.396947006395195,957.9310564976481
164.761165445819,-33.45099310372221,0.9999999999999996,-6.723217836976104,-12.401318289062672,957.893439956439
164.76569524463685,-33.441828645898134,0.9999999999999996,-6.72530975019815,-12.405689802492034,957.8559004570373
164.77022377551685,-33.43266391701241,0.9999999999999997,-6.727403547925931,-12.410061548804023,957.8184381705728
164.77475103480117,-33.423498915734356,0.9999999999999996,-6.7294992347895715,-12.414433530120164,957.7810532681732
164.77927701883294,-33.41433364073383,0.9999999999999996,-6.731596815418499,-12.418805748562406,957.7437459209681
164.78380172395663,-33.40516809068124,0.9999999999999994,-6.733696294441785,-12.423178206253127,957.706516300087
164.78832514651774,-33.396002264247485,0.9999999999999996,-6.735797676488133,-12.427550905315385,957.6693645766583
164.79284728286294,-33.386836160104025,0.9999999999999996,-6.737900966185606,-12.43192384787271,957.6322909218105
164.79736812934004,-33.37766977692284,0.9999999999999994,-6.740006168162033,-12.43629703604914,957.595295506673
164.80188768229806,-33.36850311337645,0.9999999999999996,-6.742113287044752,-12.44067047196927,957.5583785023745
164.80640593808704,-33.3593361681379,0.9999999999999994,-6.74422232746047,-12.445044157758105,957.5215400800441
164.8109228930583,-33.350168939880724,0.9999999999999996,-6.746333294035708,-12.44941809554139,957.4847804108107
164.81543854356423,-33.34100142727905,0.9999999999999997,-6.748446191396454,-12.453792287445054,957.4480996658032
164.81995288595834,-33.33183362900749,0.9999999999999997,-6.7505610241680785,-12.45816673559591,957.4114980161505
164.82446591659533,-33.32266554374117,0.9999999999999996,-6.752677796975782,-12.46254144212105,957.3749756329814
164.82897763183104,-33.31349717015578,0.9999999999999994,-6.754796514444195,-12.466916409148155,957.3385326874247
164.8334880280224,-33.30432850692751,0.9999999999999994,-6.756917181197444,-12.471291638805397,957.3021693506098
164.8379971015275,-33.295159552733054,0.9999999999999997,-6.759039801859231,-12.475667133221549,957.2658857936655
164.8425048487056,-33.28599030624967,0.9999999999999994,-6.761164381052929,-12.48004289452571,957.2296821877204
164.84701126591708,-33.27682076615512,0.9999999999999994,-6.763290923401399,-12.484418924847716,957.1935587039032
164.8515163495234,-33.267650931127676,0.9999999999999994,-6.7654194335268585,-12.488795226317762,957.1575155133434
164.85602009588717,-33.25848079984614,0.9999999999999994,-6.7675499160513795,-12.493171801066524,957.1215527871699
164.86052250137223,-33.24931037098983,0.9999999999999996,-6.7696823755964886,-12.497548651225316,957.0856706965111
164.86502356234345,-33.24013964323859,0.9999999999999996,-6.771816816783179,-12.501925778925909,957.0498694124964
164.86952327516684,-33.23096861527277,0.9999999999999994,-6.77395324423204,-12.506303186300528,957.0141491062546
164.8740216362096,-33.221797285773256,0.9999999999999994,-6.776091662563211,-12.510680875481881,956.9785099489144
164.87851864183992,-33.21262565342142,0.9999999999999996,-6.778232076396407,-12.515058848603417,956.9429521116051
164.8830142884273,-33.20345371689916,0.9999999999999994,-6.780374490350837,-12.519437107798723,956.9074757654552
164.88750857234223,-33.19428147488893,0.9999999999999997,-6.782518909045365,-12.523815655202142,956.8720810815937
164.8920014899564,-33.18510892607366,0.9999999999999996,-6.784665337098346,-12.528194492948373,956.83676823115
164.89649303764259,-33.17593606913675,0.9999999999999997,-6.7868137791275345,-12.532573623172809,956.8015373852526
164.90098321177467,-33.16676290276221,0.9999999999999996,-6.788964239750534,-12.536953048011156,956.7663887150301
164.90547200872774,-33.157589425634505,0.9999999999999994,-6.791116723584253,-12.541332769599592,956.7313223916119
164.90995942487788,-33.148415636438614,0.9999999999999996,-6.7932712352452995,-12.545712790074973,956.696338586127
164.9144454566024,-33.13924153386002,0.9999999999999996,-6.795427779349602,-12.55009311157447,956.6614374697036
164.9189301002797,-33.13006711658474,0.9999999999999994,-6.797586360512973,-12.554473736235906,956.6266192134717
164.92341335228926,-33.120892383299285,0.9999999999999997,-6.799746983350516,-12.558854666197462,956.5918839885595
164.92789520901172,-33.11171733269068,0.9999999999999996,-6.801909652477001,-12.5632359035978,956.5572319660957
164.93237566682882,-33.10254196344645,0.9999999999999996,-6.804074372506697,-12.567617450576236,956.5226633172099
164.9368547221234,-33.09336627425462,0.9999999999999997,-6.80624114805326,-12.571999309272385,956.4881782130306
164.94133237127946,-33.08419026380376,0.9999999999999996,-6.80840998373035,-12.57638148182646,956.453776824687
164.945808610682,-33.0750139307829,0.9999999999999996,-6.810580884150582,-12.580763970379124,956.4194593233076
164.9502834367173,-33.065837273881584,0.9999999999999994,-6.812753853926623,-12.585146777071543,956.3852258800213
164.9547568457727,-33.05666029178988,0.9999999999999994,-6.814928897670434,-12.589529904045335,956.3510766659576
164.95922883423648,-33.04748298319834,0.9999999999999994,-6.81710601999346,-12.593913353442645,956.317011852245
164.96369939849825,-33.038305346798026,0.9999999999999996,-6.81928522550686,-12.598297127406056,956.2830316100125
164.96816853494863,-33.02912738128052,0.9999999999999996,-6.821466518821282,-12.60268122807858,956.2491361103888
164.97263623997935,-33.019949085337856,0.9999999999999996,-6.823649904546862,-12.607065657603826,956.2153255245032
164.97710250998324,-33.010770457662616,0.9999999999999994,-6.825835387293353,-12.611450418125841,956.1816000234844
164.98156734135432,-33.00159149694784,0.9999999999999994,-6.828022971670052,-12.615835511789129,956.1479597784611
