galstreams/tracks/track.st.Gaia-10.ibata2021.ecsv
# %ECSV 1.0
# ---
# datatype:
# - {name: ra, unit: deg, datatype: float64}
# - {name: dec, unit: deg, datatype: float64}
# - {name: distance, unit: kpc, datatype: float64}
# - {name: pm_ra_cosdec, unit: mas / yr, datatype: float64}
# - {name: pm_dec, unit: mas / yr, datatype: float64}
# - {name: radial_velocity, unit: km / s, datatype: float64}
# delimiter: ','
# meta: !!omap
# - __serialized_columns__:
#     dec:
#       __class__: astropy.coordinates.angles.Latitude
#       unit: &id001 !astropy.units.Unit {unit: deg}
#       value: !astropy.table.SerializedColumn {name: dec}
#     distance:
#       __class__: astropy.coordinates.distances.Distance
#       unit: !astropy.units.Unit {unit: kpc}
#       value: !astropy.table.SerializedColumn {name: distance}
#     pm_dec:
#       __class__: astropy.units.quantity.Quantity
#       unit: !astropy.units.Unit {unit: mas / yr}
#       value: !astropy.table.SerializedColumn {name: pm_dec}
#     pm_ra_cosdec:
#       __class__: astropy.units.quantity.Quantity
#       unit: !astropy.units.Unit {unit: mas / yr}
#       value: !astropy.table.SerializedColumn {name: pm_ra_cosdec}
#     ra:
#       __class__: astropy.coordinates.angles.Longitude
#       unit: *id001
#       value: !astropy.table.SerializedColumn {name: ra}
#       wrap_angle: !astropy.coordinates.Angle
#         unit: *id001
#         value: 360.0
#     radial_velocity:
#       __class__: astropy.units.quantity.Quantity
#       unit: !astropy.units.Unit {unit: km / s}
#       value: !astropy.table.SerializedColumn {name: radial_velocity}
# schema: astropy-2.0
ra,dec,distance,pm_ra_cosdec,pm_dec,radial_velocity
[from data line 1648]
167.70351644410877,14.150680766570341,12.200204788344912,-5.187837094006972,-3.3349763889837023,-7.578690416885104e-14
167.71375521002832,14.149440036302941,12.198663965616861,-5.190251027655763,-3.3357439407790954,1.6841534259744676e-14
167.72399383866767,14.148198694914974,12.197123409513495,-5.192669267489084,-3.336513722243564,4.210383564936169e-14
167.73423232984925,14.146956741570712,12.195583116983647,-5.195091818857383,-3.337285736744111,-6.73661370389787e-14
167.74447068339518,14.145714175434449,12.19404308497615,-5.197518687111661,-3.338059987646977,8.420767129872338e-15
167.7547088991277,14.144470995670527,12.192503310439841,-5.1999498776034745,-3.3388364783176407,-8.420767129872338e-15
167.76494697686874,14.14322720144333,12.190963790323554,-5.202385395684932,-3.3396152121208154,4.210383564936169e-14
167.77518491644014,14.14198279191726,12.18942452157612,-5.204825246708704,-3.340396192420453,8.420767129872338e-15
167.78542271766366,14.140737766256771,12.187885501146381,-5.207269436028005,-3.341179422579743,1.6841534259744676e-14
167.79566038036083,14.139492123626345,12.186346725983165,-5.209717968996614,-3.341964905961112,-5.894536990910637e-14
167.80589790435312,14.138245863190507,12.184808193035312,-5.212170850968859,-3.3427526459262253,3.368306851948935e-14
167.81613528946184,14.136998984113811,12.183269899251659,-5.214628087299619,-3.3435426458359854,5.894536990910637e-14
167.8263725355082,14.135751485560846,12.181731841581037,-5.217089683344331,-3.3443349090505383,2.5262301389617013e-14
167.83660964231328,14.134503366696245,12.180194016972278,-5.219555644458982,-3.3451294389292627,-6.73661370389787e-14
167.84684660969788,14.133254626684682,12.178656422374223,-5.222025976000112,-3.3459262388307813,-1.6841534259744676e-14
167.85708343748286,14.132005264690847,12.177119054735705,-5.224500683324814,-3.3467253121129517,-3.368306851948935e-14
167.86732012548887,14.130755279879487,12.175581911005557,-5.226979771790733,-3.3475266621328768,-3.368306851948935e-14
167.87755667353642,14.129504671415374,12.174044988132616,-5.229463246756066,-3.348330292246896,-2.5262301389617013e-14
167.8877930814459,14.12825343846332,12.172508283065717,-5.23195111357956,-3.3491362058105887,-8.420767129872338e-14
167.89802934903753,14.127001580188168,12.170971792753697,-5.234443377620514,-3.349944406178776,3.368306851948935e-14
167.9082654761315,14.125749095754811,12.169435514145382,-5.236940044238782,-3.3507548967055234,-2.5262301389617013e-14
167.91850146254774,14.12449598432816,12.167899444189622,-5.2394411187947565,-3.3515676807441297,5.894536990910637e-14
167.92873730810612,14.123242245073179,12.166363579835238,-5.2419466066493925,-3.352382761647139,-1.6841534259744676e-14
167.93897301262638,14.121987877154861,12.164827918031072,-5.244456513164194,-3.3532001427663425,-5.894536990910637e-14
167.94920857592805,14.120732879738227,12.163292455725959,-5.246970843701205,-3.354019827452763,-5.0524602779234026e-14
167.95944399783065,14.119477251988354,12.161757189868732,-5.249489603623028,-3.354841819056675,-4.210383564936169e-14
167.96967927815348,14.118220993070336,12.160222117408221,-5.252012798292812,-3.355666120927591,-8.420767129872338e-15
167.97991441671576,14.11696410214932,12.15868723529327,-5.254540433074253,-3.356492736414265,-6.73661370389787e-14
167.9901494133365,14.11570657839047,12.157152540472708,-5.2570725133315985,-3.3573216688646976,8.420767129872338e-15
168.00038426783468,14.114448420959002,12.155618029895379,-5.259609044429636,-3.358152921626128,2.5262301389617013e-14
168.01061898002905,14.11318962902017,12.154083700510109,-5.262150031733715,-3.358986498045044,-8.420767129872338e-15
168.02085354973832,14.111930201739254,12.15254954926573,-5.264695480609724,-3.3598224014671776,0.0
168.03108797678098,14.110670138281572,12.151015573111083,-5.267245396424098,-3.360660635237499,-5.894536990910637e-14
168.04132226097548,14.109409437812484,12.149481768995008,-5.269799784543817,-3.361501202700227,-5.0524602779234026e-14
168.05155640214002,14.108148099497381,12.14794813386633,-5.272358650336415,-3.362344107198826,8.420767129872338e-15
168.0617904000928,14.106886122501699,12.14641466467389,-5.274921999169964,-3.3631893520760037,-2.5262301389617013e-14
168.07202425465178,14.105623505990893,12.144881358366522,-5.277489836413088,-3.364036940673712,0.0
168.0822579656349,14.104360249130478,12.143348211893061,-5.280062167434959,-3.364886876333149,-6.73661370389787e-14
168.0924915328598,14.103096351085988,12.14181522220234,-5.282638997605287,-3.365739162394763,-2.5262301389617013e-14
168.1027249561442,14.101831811022993,12.140282386243195,-5.285220332294332,-3.366593802198241,-8.420767129872338e-15
168.11295823530548,14.100566628107115,12.138749700964459,-5.287806176872895,-3.367450799082522,-5.0524602779234026e-14
168.12319137016107,14.099300801504,12.13721716331497,-5.290396536712328,-3.3683101563857893,-5.0524602779234026e-14
168.13342436052812,14.098034330379331,12.135684770243566,-5.292991417184519,-3.369171877445473,2.5262301389617013e-14
168.14365720622376,14.09676721389883,12.134152518699075,-5.2955908236619065,-3.370035965598251,-3.368306851948935e-14
168.15388990706492,14.095499451228251,12.132620405630336,-5.298194761517468,-3.370902424180047,2.5262301389617013e-14
168.16412246286842,14.094231041533401,12.13108842798618,-5.30080323612473,-3.371771256526036,5.0524602779234026e-14
168.174354873451,14.092961983980098,12.129556582715452,-5.3034162528577555,-3.372642465970639,8.420767129872338e-15
168.18458713862915,14.091692277734213,12.128024866766975,-5.306033817091158,-3.373516055847523,2.5262301389617013e-14
168.19481925821935,14.090421921961656,12.126493277089589,-5.308655934200082,-3.3743920294896084,-6.73661370389787e-14
168.20505123203787,14.089150915828359,12.12496181063213,-5.311282609560224,-3.3752703902290624,-6.73661370389787e-14
168.21528305990088,14.087879258500308,12.123430464343429,-5.313913848547821,-3.376151141397299,-7.578690416885104e-14
168.2255147416244,14.08660694914351,12.121899235172325,-5.3165496565396495,-3.3770342863249843,4.210383564936169e-14
168.2357462770244,14.085333986924018,12.120368120067656,-5.319190038913021,-3.377919828342031,-2.5262301389617013e-14
168.2459776659166,14.084060371007922,12.118837115978252,-5.321835001045802,-3.3788077707776067,-1.6841534259744676e-14
168.25620890811663,14.082786100561334,12.117306219852946,-5.3244845483163905,-3.3796981169601277,1.6841534259744676e-14
168.26644000344007,14.081511174750425,12.115775428640577,-5.327138686103724,-3.3805908702172562,-8.420767129872338e-15
168.27667095170227,14.080235592741381,12.11424473928998,-5.329797419787283,-3.381486033875911,-8.420767129872338e-14
168.28690175271845,14.07895935370044,12.11271414874999,-5.332460754747085,-3.382383611262259,-1.6841534259744676e-14
168.29713240630375,14.077682456793879,12.111183653969439,-5.335128696363694,-3.383283605701721,2.5262301389617013e-14
168.3073629122732,14.076404901187994,12.109653251897164,-5.337801250018202,-3.384186020518967,-3.368306851948935e-14
168.31759327044162,14.075126686049128,12.108122939482,-5.340478421092252,-3.385090859037919,3.368306851948935e-14
168.32782348062375,14.073847810543667,12.10659271367278,-5.343160214968014,-3.385998124581749,-8.420767129872338e-15
168.3380535426342,14.072568273838018,12.105062571418348,-5.3458466370282025,-3.38690782047289,-2.5262301389617013e-14
168.34828345628742,14.071288075098641,12.103532509667524,-5.348537692656072,-3.387819950033019,1.6841534259744676e-14
168.3585132213978,14.07000721349202,12.102002525369153,-5.351233387235407,-3.3887345165830713,-6.73661370389787e-14
168.3687428377795,14.06872568818468,12.100472615472071,-5.353933726150536,-3.3896515234432307,3.368306851948935e-14
168.37897230524663,14.067443498343188,12.098942776925105,-5.356638714786323,-3.3905709739329404,8.420767129872338e-15
168.3892016236131,14.066160643134136,12.097413006677094,-5.359348358528168,-3.3914928713708927,4.210383564936169e-14
168.3994307926928,14.064877121724162,12.095883301676876,-5.362062662762007,-3.392417219075035,-3.368306851948935e-14
168.4096598122994,14.063592933279942,12.094353658873287,-5.364781632874309,-3.3933440203625724,-5.894536990910637e-14
168.4198886822464,14.062308076968181,12.092824075215155,-5.367505274252085,-3.394273278549963,8.420767129872338e-15
168.4301174023473,14.061022551955618,12.091294547651321,-5.370233592282879,-3.3952049969529168,3.368306851948935e-14
168.4403459724154,14.059736357409038,12.089765073130618,-5.37296659235477,-3.396139178886404,-6.73661370389787e-14
168.45057439226383,14.058449492495269,12.088235648601875,-5.375704279856368,-3.39707582766465,-1.6841534259744676e-14
168.46080266170566,14.057161956381158,12.086706271013938,-5.378446660176828,-3.398014946601129,-3.368306851948935e-14
168.47103078055383,14.055873748233589,12.085176937315635,-5.381193738705827,-3.3989565390085805,-5.894536990910637e-14
