galstreams/tracks/track.st.ACS.ramos2021.ecsv
# %ECSV 0.9
# ---
# datatype:
# - {name: ra, unit: deg, datatype: float64}
# - {name: dec, unit: deg, datatype: float64}
# - {name: distance, unit: kpc, datatype: float64}
# - {name: pm_ra_cosdec, unit: mas / yr, datatype: float64}
# - {name: pm_dec, unit: mas / yr, datatype: float64}
# - {name: radial_velocity, unit: km / s, datatype: float64}
# delimiter: ','
# meta: !!omap
# - __serialized_columns__:
#     dec:
#       __class__: astropy.coordinates.angles.Latitude
#       unit: &id001 !astropy.units.Unit {unit: deg}
#       value: !astropy.table.SerializedColumn {name: dec}
#     distance:
#       __class__: astropy.coordinates.distances.Distance
#       unit: !astropy.units.Unit {unit: kpc}
#       value: !astropy.table.SerializedColumn {name: distance}
#     pm_dec:
#       __class__: astropy.units.quantity.Quantity
#       unit: !astropy.units.Unit {unit: mas / yr}
#       value: !astropy.table.SerializedColumn {name: pm_dec}
#     pm_ra_cosdec:
#       __class__: astropy.units.quantity.Quantity
#       unit: !astropy.units.Unit {unit: mas / yr}
#       value: !astropy.table.SerializedColumn {name: pm_ra_cosdec}
#     ra:
#       __class__: astropy.coordinates.angles.Longitude
#       unit: *id001
#       value: !astropy.table.SerializedColumn {name: ra}
#       wrap_angle: !astropy.coordinates.Angle
#         unit: *id001
#         value: 360.0
#     radial_velocity:
#       __class__: astropy.units.quantity.Quantity
#       unit: !astropy.units.Unit {unit: km / s}
#       value: !astropy.table.SerializedColumn {name: radial_velocity}
# schema: astropy-2.0
ra,dec,distance,pm_ra_cosdec,pm_dec,radial_velocity
[from data line 1234]
133.07496184753958,68.84114941326504,11.699999999999962,0.5856522030518009,-0.4126758965418375,-8.420767129872338e-15
133.0699558199286,68.83131019479403,11.699999999999964,0.585234427114518,-0.41265980925296597,-8.420767129872338e-15
133.0649567493801,68.8214706393309,11.69999999999996,0.584815872834415,-0.41264295354673863,-7.368171238638296e-15
133.05996462143048,68.81163074768222,11.69999999999996,0.5843965428613351,-0.4126253337615262,-1.2631150694808506e-14
133.0549794216442,68.80179052065303,11.699999999999962,0.5839764398666262,-0.41260695424748345,-1.5788938368510635e-14
133.0500011356132,68.79194995904666,11.69999999999996,0.5835555665430971,-0.41258781936637523,-1.1578554803574466e-14
133.04502974895726,68.78210906366482,11.699999999999958,0.5831339256049815,-0.41256793349140947,-1.2631150694808506e-14
133.0400652473237,68.77226783530753,11.69999999999996,0.5827115197879152,-0.4125473010070552,-1.1578554803574466e-14
133.03510761638745,68.76242627477315,11.69999999999996,0.5822883518488849,-0.4125259263088757,-8.420767129872338e-15
133.03015684185092,68.75258438285846,11.69999999999996,0.5818644245662092,-0.4125038138033512,-7.368171238638296e-15
133.02521290944395,68.74274216035849,11.69999999999996,0.58143974073949,-0.412480967907709,-5.2629794561702115e-15
133.0202758049238,68.73289960806676,11.699999999999962,0.5810143031895734,-0.4124573930497551,-1.0525958912340423e-14
133.01534551407505,68.72305672677508,11.69999999999996,0.5805881147585205,-0.4124330936676962,-1.1578554803574466e-14
133.01042202270946,68.71321351727367,11.69999999999996,0.58016117830956,-0.4124080742099706,-1.5788938368510635e-14
133.00550531666622,68.70336998035108,11.69999999999996,0.5797334967270468,-0.41238233913507855,-6.315575347404253e-15
133.00059538181134,68.69352611679433,11.699999999999964,0.5793050729164358,-0.41235589291141134,-7.368171238638296e-15
132.9956922040382,68.68368192738875,11.699999999999962,0.5788759098042194,-0.41232874001708425,-3.1577876737021266e-15
132.9907957692671,68.67383741291816,11.699999999999962,0.5784460103378943,-0.41230088493976,-7.368171238638296e-15
132.9859060634452,68.66399257416457,11.699999999999962,0.5780153774859295,-0.41227233217648773,-8.420767129872338e-15
132.98102307254683,68.65414741190862,11.699999999999964,0.5775840142376985,-0.41224308623352557,-1.1578554803574466e-14
132.97614678257295,68.64430192692924,11.699999999999962,0.5771519236034498,-0.4122131516261819,-7.368171238638296e-15
132.97127717955144,68.6344561200038,11.699999999999964,0.5767191086142703,-0.4121825328786405,-5.2629794561702115e-15
132.9664142495368,68.6246099919081,11.69999999999996,0.5762855723220095,-0.4121512345237962,-1.2631150694808506e-14
132.96155797861036,68.6147635434163,11.699999999999962,0.575851317799265,-0.41211926110308483,-4.210383564936169e-15
132.95670835287996,68.60491677530106,11.699999999999964,0.5754163481393131,-0.41208661716632145,-1.3683746586042549e-14
132.95186535848006,68.5950696883334,11.699999999999964,0.5749806664560678,-0.4120533072715293,-1.1578554803574466e-14
132.9470289815716,68.58522228328282,11.699999999999964,0.574544275884029,-0.4120193359847779,-1.473634247727659e-14
132.94219920834206,68.5753745609172,11.699999999999964,0.5741071795782411,-0.4119847078800165,-4.210383564936169e-15
132.93737602500508,68.56552652200294,11.69999999999996,0.5736693807142277,-0.41194942753890573,-1.0525958912340423e-14
132.93255941780092,68.55567816730483,11.699999999999964,0.5732308824879463,-0.41191349955066,-5.2629794561702115e-15
132.92774937299595,68.54582949758613,11.699999999999964,0.5727916881157447,-0.41187692851187885,-9.47336302110638e-15
132.9229458768828,68.53598051360851,11.699999999999962,0.5723518008342944,-0.41183971902638317,-8.420767129872338e-15
132.91814891578034,68.52613121613217,11.69999999999996,0.5719112239005439,-0.4118018757050541,-1.3683746586042549e-14
132.91335847603338,68.5162816059157,11.699999999999962,0.5714699605916624,-0.41176340316567284,-6.315575347404253e-15
132.90857454401296,68.50643168371622,11.699999999999964,0.5710280142049872,-0.4117243060327521,-1.473634247727659e-14
132.9037971061161,68.4965814502893,11.699999999999962,0.5705853880579651,-0.41168458893737936,-1.0525958912340423e-14
132.89902614876559,68.48673090638891,11.699999999999964,0.5701420854880922,-0.41164425651705566,-1.2631150694808506e-14
132.8942616584103,68.4768800527676,11.699999999999962,0.5696981098528655,-0.4116033134155324,-1.0525958912340423e-14
132.88950362152482,68.46702889017634,11.699999999999964,0.5692534645297181,-0.41156176428265123,-8.420767129872338e-15
132.8847520246096,68.45717741936463,11.699999999999964,0.5688081529159613,-0.4115196137741895,-5.2629794561702115e-15
132.88000685419078,68.44732564108047,11.699999999999964,0.5683621784287274,-0.4114768665516937,-1.2631150694808506e-14
132.87526809682012,68.43747355607027,11.699999999999964,0.5679155445049082,-0.41143352728232735,-8.420767129872338e-15
132.87053573907505,68.42762116507902,11.699999999999962,0.5674682546010906,-0.4113896006387066,-3.1577876737021266e-15
132.8658097675585,68.4177684688502,11.699999999999962,0.5670203121935019,-0.41134509129874647,-6.315575347404253e-15
132.8610901688989,68.40791546812576,11.699999999999964,0.5665717207779406,-0.4113000039455038,-1.1578554803574466e-14
132.85637692975024,68.3980621636462,11.699999999999964,0.5661224838697196,-0.411254343267018,-7.368171238638296e-15
132.85167003679177,68.38820855615053,11.69999999999996,0.5656726050036008,-0.41120811395615836,-9.47336302110638e-15
132.84696947672813,68.37835464637625,11.699999999999966,0.5652220877337223,-0.4111613207104636,-6.315575347404253e-15
132.84227523628925,68.36850043505942,11.699999999999964,0.5647709356335495,-0.4111139682319889,-6.315575347404253e-15
132.83758730223025,68.3586459229346,11.699999999999962,0.5643191522957955,-0.4110660612271547,-1.0525958912340423e-14
132.8329056613315,68.3487911107349,11.699999999999962,0.5638667413323597,-0.4110176044065867,-1.3683746586042549e-14
132.82823030039845,68.33893599919199,11.699999999999964,0.5634137063742617,-0.41096860248496564,-9.47336302110638e-15
132.8235612062615,68.32908058903595,11.699999999999962,0.5629600510715734,-0.4109190601808731,-1.0525958912340423e-14
132.8188983657763,68.31922488099555,11.699999999999962,0.5625057790933506,-0.4108689822166386,-3.1577876737021266e-15
132.81424176582328,68.30936887579809,11.699999999999964,0.5620508941275583,-0.4108183733181877,-1.1578554803574466e-14
132.80959139330784,68.29951257416933,11.69999999999996,0.5615953998810108,-0.4107672382148917,-9.47336302110638e-15
132.80494723516023,68.28965597683367,11.69999999999996,0.561139300079297,-0.410715581639415,-1.1578554803574466e-14
132.80030927833553,68.27979908451404,11.699999999999964,0.5606825984667045,-0.41066340832756454,-9.47336302110638e-15
132.79567750981352,68.26994189793193,11.699999999999964,0.5602252988061552,-0.41061072301813883,-1.1578554803574466e-14
132.7910519165987,68.2600844178074,11.69999999999996,0.5597674048791305,-0.4105575304527847,-1.1578554803574466e-14
132.78643248572013,68.25022664485907,11.69999999999996,0.5593089204855995,-0.4105038353758386,-1.3683746586042549e-14
132.78181920423165,68.24036857980416,11.699999999999964,0.5588498494439385,-0.4104496425341862,-8.420767129872338e-15
132.77721205921148,68.23051022335842,11.699999999999964,0.5583901955908684,-0.41039495667710957,-1.473634247727659e-14
132.7726110377624,68.22065157623625,11.699999999999964,0.557929962781369,-0.4103397825561422,-1.1578554803574466e-14
132.76801612701155,68.21079263915057,11.699999999999962,0.5574691548886143,-0.41028412492492367,-8.420767129872338e-15
132.76342731411054,68.20093341281294,11.69999999999996,0.5570077758038874,-0.41022798853905107,-1.2631150694808506e-14
132.75884458623526,68.19107389793348,11.699999999999962,0.5565458294365048,-0.4101713781559323,-1.0525958912340423e-14
132.75426793058588,68.18121409522091,11.699999999999964,0.5560833197137428,-0.4101142985346437,-1.1578554803574466e-14
132.74969733438684,68.17135400538261,11.699999999999964,0.5556202505807615,-0.41005675443578576,-1.0525958912340423e-14
132.74513278488666,68.16149362912442,11.699999999999964,0.5551566260005208,-0.40999875062133717,-1.0525958912340423e-14
132.74057426935815,68.15163296715095,11.699999999999967,0.5546924499536988,-0.40994029185451,-1.0525958912340423e-14
132.73602177509798,68.14177202016529,11.699999999999964,0.5542277264386293,-0.40988138289961173,-8.420767129872338e-15
132.731475289427,68.13191078886926,11.699999999999966,0.5537624594711935,-0.4098220285218996,-6.315575347404253e-15
132.72693479968999,68.12204927396326,11.699999999999964,0.5532966530847676,-0.409762233487438,-1.1578554803574466e-14
132.72240029325567,68.11218747614626,11.699999999999966,0.5528303113301208,-0.40970200256296146,-1.3683746586042549e-14
132.7178717575166,68.1023253961159,11.699999999999964,0.5523634382753436,-0.4096413405157288,-1.2631150694808506e-14
132.71334917988912,68.09246303456847,11.699999999999964,0.5518960380057625,-0.40958025211338644,-1.1578554803574466e-14
132.70883254781344,68.08260039219884,11.699999999999964,0.5514281146238551,-0.40951874212383016,-1.1578554803574466e-14
132.70432184875344,68.07273746970057,11.699999999999964,0.5509596722491727,-0.4094568153150626,-8.420767129872338e-15
132.69981707019662,68.06287426776585,11.699999999999964,0.5504907150182459,-0.4093944764550573,-1.0525958912340423e-14
132.69531819965417,68.05301078708548,11.699999999999964,0.5500212470845052,-0.4093317303116192,-9.47336302110638e-15
132.69082522466087,68.04314702834894,11.699999999999964,0.549551272618201,-0.4092685816522508,-8.420767129872338e-15
132.68633813277486,68.03328299224435,11.699999999999964,0.5490807958063061,-0.4092050352440136,-1.3683746586042549e-14
132.681856911578,68.02341867945849,11.699999999999964,0.5486098208524375,-0.4091410958533905,-8.420767129872338e-15
132.67738154867536,68.0135540906768,11.699999999999964,0.5481383519767634,-0.4090767682461533,-9.47336302110638e-15
132.6729120316955,68.00368922658345,11.699999999999964,0.5476663934159262,-0.4090120571872281,-1.1578554803574466e-14
132.66844834829016,67.99382408786107,11.699999999999964,0.5471939494229394,-0.4089469674405564,-1.473634247727659e-14
132.66399048613457,67.98395867519116,11.699999999999964,0.5467210242671083,-0.40888150376896687,-8.420767129872338e-15
132.659538432927,67.97409298925383,11.699999999999964,0.5462476222339421,-0.408815670934042,-8.420767129872338e-15
132.65509217638896,67.96422703072788,11.699999999999964,0.5457737476250569,-0.40874947369598236,-1.1578554803574466e-14
132.65065170426513,67.95436080029076,11.699999999999964,0.5452994047580898,-0.4086829168134762,-9.47336302110638e-15
132.64621700432318,67.94449429861862,11.699999999999962,0.544824597966607,-0.4086160050435692,-1.5788938368510635e-14
132.6417880643539,67.93462752638631,11.699999999999964,0.5443493316000145,-0.40854874314153444,-1.3683746586042549e-14
132.637364872171,67.92476048426732,11.699999999999964,0.5438736100234626,-0.4084811358607404,-9.47336302110638e-15
132.6329474156111,67.91489317293393,11.699999999999966,0.5433974376177574,-0.40841318795252224,-1.1578554803574466e-14
132.6285356825338,67.905025593057,11.699999999999964,0.5429208187792604,-0.40834490416605373,-1.0525958912340423e-14
132.62412966082147,67.8951577453062,11.699999999999966,0.5424437579198068,-0.4082762892482164,-9.47336302110638e-15
132.61972933837924,67.88528963034982,11.699999999999966,0.5419662594666008,-0.40820734794347846,-1.3683746586042549e-14
132.61533470313506,67.87542124885488,11.699999999999966,0.5414883278621254,-0.40813808499376025,-1.1578554803574466e-14
132.6109457430395,67.86555260148717,11.699999999999966,0.5410099675640507,-0.40806850513831205,-1.1578554803574466e-14
132.60656244606588,67.85568368891107,11.699999999999964,0.540531183045131,-0.40799861311358865,-6.315575347404253e-15
132.60218480020998,67.84581451178984,11.699999999999966,0.5400519787931146,-0.40792841365311927,-9.47336302110638e-15
132.59781279349022,67.83594507078537,11.699999999999962,0.5395723593106448,-0.40785791148739187,-1.2631150694808506e-14
132.59344641394753,67.8260753665582,11.699999999999964,0.5390923291151675,-0.4077871113437204,-1.1578554803574466e-14
132.5890856496452,67.81620539976771,11.699999999999964,0.5386118927388253,-0.4077160179461261,-8.420767129872338e-15
132.58473048866904,67.80633517107196,11.699999999999964,0.5381310547283652,-0.4076446360152147,-5.2629794561702115e-15
132.58038091912724,67.79646468112784,11.699999999999964,0.5376498196450447,-0.407572970268055,-1.473634247727659e-14
132.57603692915018,67.78659393059083,11.699999999999966,0.5371681920645217,-0.4075010254180522,-1.6841534259744676e-14
132.57169850689058,67.7767229201152,11.699999999999964,0.5366861765767654,-0.4074288061748345,-1.473634247727659e-14
132.56736564052346,67.76685165035406,11.699999999999966,0.5362037777859513,-0.4073563172441282,-1.1578554803574466e-14
132.5630383182459,67.75698012195913,11.699999999999964,0.535721000310361,-0.4072835633276383,-1.0525958912340423e-14
132.5587165282771,67.74710833558098,11.699999999999964,0.5352378487822853,-0.4072105491229317,-1.0525958912340423e-14
132.55440025885852,67.73723629186888,11.699999999999964,0.5347543278479193,-0.4071372793233187,-1.1578554803574466e-14
132.55008949825344,67.72736399147087,11.699999999999966,0.5342704421672637,-0.4070637586177318,-4.210383564936169e-15
132.54578423474726,67.71749143503376,11.699999999999966,0.5337861964140204,-0.4069899916906129,-1.473634247727659e-14
132.54148445664734,67.70761862320312,11.699999999999964,0.5333015952754916,-0.4069159832217945,-1.0525958912340423e-14
132.53719015228285,67.69774555662329,11.699999999999964,0.532816643452477,-0.40684173788638495,-1.3683746586042549e-14
132.53290131000492,67.68787223593735,11.699999999999966,0.5323313456591697,-0.40676726035465277,-9.47336302110638e-15
132.52861791818643,67.67799866178724,11.699999999999966,0.5318457066230547,-0.40669255529191184,-1.1578554803574466e-14
132.52433996522197,67.66812483481354,11.699999999999966,0.5313597310848004,-0.4066176273584063,-1.2631150694808506e-14
132.520067439528,67.65825075565569,11.699999999999967,0.5308734237981577,-0.40654248120920083,-1.473634247727659e-14
132.51580032954251,67.6483764249519,11.699999999999964,0.5303867895298598,-0.4064671214940659,-1.3683746586042549e-14
132.51153862372527,67.63850184333923,11.699999999999966,0.5298998330595016,-0.40639155285736356,-9.47336302110638e-15
132.50728231055746,67.62862701145343,11.699999999999964,0.529412559179452,-0.4063157799379392,-1.2631150694808506e-14
132.50303137854195,67.61875192992908,11.699999999999964,0.5289249726947348,-0.4062398073690102,-1.0525958912340423e-14
132.49878581620302,67.60887659939957,11.699999999999964,0.5284370784229309,-0.40616363977805475,-1.3683746586042549e-14
132.49454561208645,67.59900102049706,11.699999999999964,0.5279488811940646,-0.40608728178670295,-1.5788938368510635e-14
132.49031075475943,67.58912519385252,11.699999999999964,0.5274603858505011,-0.40601073801062665,-6.315575347404253e-15
132.48608123281045,67.57924912009578,11.699999999999964,0.5269715972468345,-0.40593401305943555,-6.315575347404253e-15
132.48185703484936,67.56937279985537,11.699999999999964,0.5264825202497859,-0.40585711153656173,-1.1578554803574466e-14
132.4776381495073,67.55949623375872,11.699999999999967,0.5259931597380864,-0.40578003803916163,-1.0525958912340423e-14
132.47342456543666,67.54961942243204,11.699999999999966,0.5255035206023784,-0.4057027971580033,-1.473634247727659e-14
132.46921627131093,67.53974236650035,11.699999999999966,0.5250136077450982,-0.40562539347736365,-1.3683746586042549e-14
132.46501325582489,67.52986506658749,11.699999999999966,0.5245234260803708,-0.40554783157492186,-9.47336302110638e-15
132.46081550769426,67.51998752331615,11.699999999999966,0.5240329805338991,-0.40547011602165667,-9.47336302110638e-15
