galstreams/tracks/track.st.Hermus.grillmair2014.ecsv
# %ECSV 0.9
# ---
# datatype:
# - {name: ra, unit: deg, datatype: float64}
# - {name: dec, unit: deg, datatype: float64}
# - {name: distance, unit: kpc, datatype: float64}
# - {name: pm_ra_cosdec, unit: mas / yr, datatype: float64}
# - {name: pm_dec, unit: mas / yr, datatype: float64}
# - {name: radial_velocity, unit: km / s, datatype: float64}
# delimiter: ','
# meta: !!omap
# - __serialized_columns__:
#     dec:
#       __class__: astropy.coordinates.angles.Latitude
#       unit: &id001 !astropy.units.Unit {unit: deg}
#       value: !astropy.table.SerializedColumn {name: dec}
#     distance:
#       __class__: astropy.coordinates.distances.Distance
#       unit: !astropy.units.Unit {unit: kpc}
#       value: !astropy.table.SerializedColumn {name: distance}
#     pm_dec:
#       __class__: astropy.units.quantity.Quantity
#       unit: !astropy.units.Unit {unit: mas / yr}
#       value: !astropy.table.SerializedColumn {name: pm_dec}
#     pm_ra_cosdec:
#       __class__: astropy.units.quantity.Quantity
#       unit: !astropy.units.Unit {unit: mas / yr}
#       value: !astropy.table.SerializedColumn {name: pm_ra_cosdec}
#     ra:
#       __class__: astropy.coordinates.angles.Longitude
#       unit: *id001
#       value: !astropy.table.SerializedColumn {name: ra}
#       wrap_angle: !astropy.coordinates.Angle
#         unit: *id001
#         value: 360.0
#     radial_velocity:
#       __class__: astropy.units.quantity.Quantity
#       unit: !astropy.units.Unit {unit: km / s}
#       value: !astropy.table.SerializedColumn {name: radial_velocity}
# schema: astropy-2.0
ra,dec,distance,pm_ra_cosdec,pm_dec,radial_velocity
[from data line 2125]
241.5249207963391,26.430050831302964,19.62939269562567,0.0,0.0,0.0
241.52456581996202,26.440100237944854,19.629553827153025,0.0,0.0,0.0
241.5242143600932,26.45014957278439,19.629714342429768,0.0,0.0,0.0
241.5238664166025,26.460198835864706,19.629874243997268,0.0,0.0,0.0
241.52352198935836,26.470248027228827,19.630033534414856,0.0,0.0,0.0
241.52318107822705,26.480297146919543,19.630192216259783,0.0,0.0,0.0
241.52284368307335,26.49034619497952,19.630350292127183,0.0,0.0,0.0
241.52250980376002,26.500395171451228,19.630507764630046,0.0,0.0,0.0
241.5221794401482,26.510444076376988,19.630664636399185,0.0,0.0,0.0
241.52185259209708,26.52049290979885,19.630820910083187,0.0,0.0,0.0
241.52152925946422,26.530541671758908,19.63097658834837,0.0,0.0,0.0
241.52120944210546,26.540590362298868,19.631131673878784,0.0,0.0,0.0
241.52089313987477,26.550638981460366,19.63128616937613,0.0,0.0,0.0
241.52058035262448,26.560687529284817,19.631440077559756,0.0,0.0,0.0
241.52027108020516,26.570736005813487,19.631593401166594,0.0,0.0,0.0
241.51996532246568,26.580784411087453,19.63174614295114,0.0,0.0,0.0
241.51966307925306,26.590832745147626,19.631898305685407,0.0,0.0,0.0
241.51936435041293,26.600881008034683,19.63204989215888,0.0,0.0,0.0
241.51906913578892,26.610929199789272,19.632200905178486,0.0,0.0,0.0
241.5187774352231,26.620977320451722,19.632351347568566,0.0,0.0,0.0
241.5184892485559,26.63102537006221,19.632501222170806,0.0,0.0,0.0
241.5182045756261,26.64107334866077,19.632650531844213,0.0,0.0,0.0
241.51792341627078,26.651121256287215,19.63279927946507,0.0,0.0,0.0
241.51764577032532,26.66116909298121,19.63294746792691,0.0,0.0,0.0
241.5173716376235,26.671216858782223,19.633095100140455,0.0,0.0,0.0
241.51710101799767,26.681264553729537,19.633242179033573,0.0,0.0,0.0
241.51683391127818,26.6913121778622,19.633388707551248,0.0,0.0,0.0
241.51657031729414,26.70135973121926,19.633534688655534,0.0,0.0,0.0
241.51631023587285,26.711407213839404,19.633680125325508,0.0,0.0,0.0
241.51605366684007,26.72145462576116,19.633825020557232,0.0,0.0,0.0
241.51580061001997,26.731501967022925,19.633969377363698,0.0,0.0,0.0
241.51555106523523,26.741549237662888,19.634113198774802,0.0,0.0,0.0
241.51530503230677,26.751596437719037,19.634256487837277,0.0,0.0,0.0
241.51506251105423,26.761643567229132,19.634399247614667,0.0,0.0,0.0
241.51482350129547,26.77169062623091,19.634541481187274,0.0,0.0,0.0
241.51458800284695,26.781737614761763,19.6346831916521,0.0,0.0,0.0
241.51435601552356,26.791784532858955,19.63482438212283,0.0,0.0,0.0
241.51412753913868,26.80183138055953,19.634965055729758,0.0,0.0,0.0
241.51390257350408,26.811878157900374,19.635105215619756,0.0,0.0,0.0
241.5136811184303,26.82192486491818,19.635244864956217,0.0,0.0,0.0
241.51346317372602,26.831971501649434,19.635384006919008,0.0,0.0,0.0
241.5132487391988,26.842018068130447,19.635522644704434,0.0,0.0,0.0
241.5130378146544,26.852064564397274,19.63566078152518,0.0,0.0,0.0
241.5128303998975,26.862110990485974,19.63579842061025,0.0,0.0,0.0
241.5126264947309,26.872157346432186,19.635935565204946,0.0,0.0,0.0
241.51242609895633,26.882203632271484,19.636072218570803,0.0,0.0,0.0
241.51222921237374,26.892249848039206,19.63620838398552,0.0,0.0,0.0
241.51203583478198,26.902295993770494,19.63634406474295,0.0,0.0,0.0
241.51184596597827,26.91234206950032,19.63647926415302,0.0,0.0,0.0
241.51165960575847,26.922388075263452,19.63661398554169,0.0,0.0,0.0
241.51147675391707,26.932434011094387,19.636748232250902,0.0,0.0,0.0
241.51129741024718,26.942479877027633,19.636882007638512,0.0,0.0,0.0
241.5111215745405,26.952525673097302,19.637015315078262,0.0,0.0,0.0
241.51094924658727,26.96257139933738,19.637148157959732,0.0,0.0,0.0
241.51078042617658,26.97261705578165,19.63728053968824,0.0,0.0,0.0
241.51061511309595,26.982662642463705,19.637412463684853,0.0,0.0,0.0
241.51045330713174,26.992708159416928,19.637543933386272,0.0,0.0,0.0
241.5102950080688,27.002753606674517,19.63767495224484,0.0,0.0,0.0
241.5101402156908,27.012798984269455,19.63780552372842,0.0,0.0,0.0
241.5099889297799,27.022844292234492,19.6379356513204,0.0,0.0,0.0
241.50984115011724,27.032889530602322,19.638065338519603,0.0,0.0,0.0
241.50969687648242,27.042934699405293,19.638194588840253,0.0,0.0,0.0
241.5095561086538,27.052979798675583,19.638323405811875,0.0,0.0,0.0
241.50941884640852,27.06302482844519,19.638451792979307,0.0,0.0,0.0
241.50928508952242,27.073069788745897,19.6385797539026,0.0,0.0,0.0
241.50915483777007,27.083114679609302,19.638707292156955,0.0,0.0,0.0
241.5090280909247,27.093159501066772,19.638834411332695,0.0,0.0,0.0
241.50890484875848,27.10320425314944,19.638961115035183,0.0,0.0,0.0
241.50878511104222,27.11324893588839,19.639087406884776,0.0,0.0,0.0
241.5086688775455,27.123293549314326,19.639213290516754,0.0,0.0,0.0
241.50855614803663,27.133338093457834,19.639338769581293,0.0,0.0,0.0
241.5084469222829,27.143382568349256,19.639463847743357,0.0,0.0,0.0
241.50834120005018,27.15342697401876,19.63958852868268,0.0,0.0,0.0
241.5082389811034,27.163471310496284,19.639712816093684,0.0,0.0,0.0
241.508140265206,27.17351557781157,19.63983671368544,0.0,0.0,0.0
241.50804505212045,27.183559775994166,19.639960225181575,0.0,0.0,0.0
241.50795334160796,27.193603905073328,19.64008335432024,0.0,0.0,0.0
241.50786513342877,27.203647965078275,19.640206104854038,0.0,0.0,0.0
241.50778042734174,27.21369195603788,19.64032848054995,0.0,0.0,0.0
241.50769922310465,27.223735877980836,19.6404504851893,0.0,0.0,0.0
241.50762152047423,27.233779730935627,19.64057212256768,0.0,0.0,0.0
241.50754731920605,27.243823514930543,19.640693396494864,0.0,0.0,0.0
241.5074766190546,27.25386722999364,19.640814310794784,0.0,0.0,0.0
241.50740941977313,27.263910876152732,19.640934869305447,0.0,0.0,0.0
241.50734572111392,27.273954453435568,19.641055075878874,0.0,0.0,0.0
241.5072855228283,27.283997961869524,19.641174934381024,0.0,0.0,0.0
241.50722882466616,27.29404140148183,19.641294448691742,0.0,0.0,0.0
241.50717562637664,27.3040847722995,19.641413622704704,0.0,0.0,0.0
241.50712592770776,27.31412807434931,19.641532460327333,0.0,0.0,0.0
241.50707972840632,27.324171307657842,19.64165096548074,0.0,0.0,0.0
241.50703702821824,27.334214472251475,19.64176914209965,0.0,0.0,0.0
241.50699782688844,27.34425756815635,19.641886994132367,0.0,0.0,0.0
241.50696212416076,27.354300595398364,19.64200452554066,0.0,0.0,0.0
241.50692991977797,27.364343554003323,19.64212174029974,0.0,0.0,0.0
241.50690121348185,27.374386443996706,19.642238642398148,0.0,0.0,0.0
241.5068760050133,27.384429265403774,19.642355235837748,0.0,0.0,0.0
241.50685429411217,27.3944720182496,19.64247152463359,0.0,0.0,0.0
241.5068360805172,27.40451470255905,19.642587512813886,0.0,0.0,0.0
241.5068213639664,27.414557318356746,19.64270320441995,0.0,0.0,0.0
241.50681014419672,27.424599865667112,19.64281860350608,0.0,0.0,0.0
241.50680242094404,27.434642344514273,19.642933714139538,0.0,0.0,0.0
241.50679819394347,27.444684754922342,19.643048540400446,0.0,0.0,0.0
241.5067974629291,27.454727096914993,19.643163086381744,0.0,0.0,0.0
241.50680022763413,27.46476937051579,19.643277356189092,0.0,0.0,0.0
241.50680648779075,27.47481157574802,19.643391353940828,0.0,0.0,0.0
241.5068162431305,27.48485371263481,19.64350508376786,0.0,0.0,0.0
241.50682949338366,27.494895781199002,19.643618549813635,0.0,0.0,0.0
241.5068462382799,27.504937781463266,19.64373175623405,0.0,0.0,0.0
241.50686647754793,27.514979713450025,19.643844707197353,0.0,0.0,0.0
241.50689021091557,27.525021577181423,19.64395740688413,0.0,0.0,0.0
241.50691743810978,27.53506337267956,19.64406985948717,0.0,0.0,0.0
241.5069481588567,27.54510509996613,19.644182069211436,0.0,0.0,0.0
241.50698237288162,27.555146759062673,19.644294040273966,0.0,0.0,0.0
241.50702007990887,27.5651883499905,19.64440577690381,0.0,0.0,0.0
241.50706127966225,27.57522987277069,19.644517283341955,0.0,0.0,0.0
241.5071059718644,27.585271327424095,19.64462856384125,0.0,0.0,0.0
241.5071541562374,27.59531271397135,19.644739622666332,0.0,0.0,0.0
241.50720583250242,27.6053540324328,19.64485046409355,0.0,0.0,0.0
241.50726100037986,27.615395282828747,19.64496109241088,0.0,0.0,0.0
241.50731965958934,27.625436465179067,19.64507151191787,0.0,0.0,0.0
241.50738180984962,27.635477579503497,19.645181726925536,0.0,0.0,0.0
241.507447450879,27.64551862582153,19.645291741756324,0.0,0.0,0.0
241.5075165823946,27.65555960415242,19.64540156074399,0.0,0.0,0.0
241.50758920411315,27.66560051451521,19.645511188233545,0.0,0.0,0.0
241.5076653157504,27.675641356928704,19.645620628581195,0.0,0.0,0.0
241.5077449170215,27.685682131411422,19.645729886154214,0.0,0.0,0.0
241.50782800764097,27.695722837981833,19.645838965330917,0.0,0.0,0.0
241.50791458732235,27.70576347665797,19.645947870500557,0.0,0.0,0.0
241.50800465577862,27.715804047457745,19.646056606063244,0.0,0.0,0.0
241.50809821272222,27.72584455039879,19.646165176429864,0.0,0.0,0.0
241.50819525786463,27.735884985498537,19.64627358602203,0.0,0.0,0.0
241.50829579091686,27.74592535277416,19.64638183927195,0.0,0.0,0.0
241.50839981158921,27.75596565224263,19.6464899406224,0.0,0.0,0.0
241.50850731959122,27.76600588392059,19.646597894526604,0.0,0.0,0.0
241.50861831463195,27.776046047824675,19.646705705448166,0.0,0.0,0.0
241.50873279641962,27.786086143971033,19.646813377861005,0.0,0.0,0.0
241.50885076466201,27.79612617237571,19.646920916249243,0.0,0.0,0.0
241.50897221906618,27.806166133054493,19.64702832510716,0.0,0.0,0.0
241.50909715933858,27.81620602602292,19.647135608939077,0.0,0.0,0.0
241.50922558518508,27.826245851296292,19.64724277225929,0.0,0.0,0.0
241.50935749631103,27.8362856088897,19.64734981959198,0.0,0.0,0.0
241.50949289242092,27.846325298817987,19.647456755471154,0.0,0.0,0.0
241.50963177321904,27.856364921095672,19.64756358444053,0.0,0.0,0.0
241.50977413840886,27.866404475737255,19.647670311053467,0.0,0.0,0.0
241.50991998769328,27.876443962756788,19.64777693987288,0.0,0.0,0.0
241.5100693207748,27.886483382168162,19.647883475471158,0.0,0.0,0.0
241.51022213735533,27.896522733985037,19.64798992243009,0.0,0.0,0.0
241.51037843713615,27.906562018220814,19.648096285340742,0.0,0.0,0.0
241.5105382198181,27.916601234888645,19.64820256880342,0.0,0.0,0.0
241.51070148510155,27.92664038400149,19.648308777427555,0.0,0.0,0.0
241.5108682326862,27.936679465571956,19.648414915831623,0.0,0.0,0.0
241.51103846227136,27.94671847961262,19.64852098864305,0.0,0.0,0.0
241.51121217355595,27.95675742613562,19.648627000498163,0.0,0.0,0.0
241.51138936623823,27.96679630515293,19.64873295604205,0.0,0.0,0.0
241.511570040016,27.97683511667626,19.648838859928503,0.0,0.0,0.0
241.51175419458679,27.98687386071711,19.648944716819937,0.0,0.0,0.0
241.51194182964744,27.9969125372867,19.64905053138729,0.0,0.0,0.0
241.51213294489452,28.00695114639602,19.64915630830992,0.0,0.0,0.0
241.51232754002405,28.016989688055812,19.649262052275564,0.0,0.0,0.0
241.51252561473163,28.02702816227662,19.649367767980184,0.0,0.0,0.0
241.5127271687125,28.03706656906868,19.64947346012794,0.0,0.0,0.0
241.5129322016615,28.04710490844203,19.649579133431054,0.0,0.0,0.0
241.51314071327306,28.05714318040641,19.64968479260976,0.0,0.0,0.0
241.5133527032411,28.06718138497137,19.649790442392188,0.0,0.0,0.0
241.5135681712593,28.07721952214617,19.649896087514264,0.0,0.0,0.0
241.51378711702083,28.087257591939867,19.650001732719655,0.0,0.0,0.0
241.51400954021872,28.097295594361242,19.650107382759657,0.0,0.0,0.0
241.51423544054538,28.107333529418813,19.650213042393094,0.0,0.0,0.0
241.51446481769307,28.11737139712089,19.65031871638626,0.0,0.0,0.0
241.51469767135353,28.127409197475515,19.650424409512787,0.0,0.0,0.0
241.5149340012184,28.137446930490487,19.650530126553583,0.0,0.0,0.0
241.51517380697868,28.14748459617334,19.65063587229672,0.0,0.0,0.0
241.5154170883254,28.157522194531385,19.650741651537373,0.0,0.0,0.0
241.51566384494907,28.16755972557166,19.65084746907768,0.0,0.0,0.0
241.51591407653993,28.17759718930096,19.65095332972669,0.0,0.0,0.0
241.51616778278802,28.187634585725846,19.65105923830025,0.0,0.0,0.0
241.51642496338303,28.197671914852606,19.651165199620905,0.0,0.0,0.0
241.51668561801438,28.20770917668728,19.65127121851784,0.0,0.0,0.0
241.5169497463712,28.217746371235673,19.651377299826738,0.0,0.0,0.0
241.5172173481424,28.22778349850332,19.651483448389722,0.0,0.0,0.0
241.51748842301674,28.237820558495528,19.651589669055237,0.0,0.0,0.0
241.5177629706827,28.247857551217297,19.65169596667797,0.0,0.0,0.0
241.5180409908283,28.257894476673453,19.65180234611875,0.0,0.0,0.0
241.51832248314165,28.267931334868496,19.65190881224443,0.0,0.0,0.0
241.51860744731053,28.277968125806726,19.652015369927867,0.0,0.0,0.0
241.51889588302257,28.288004849492143,19.65212202404771,0.0,0.0,0.0
241.51918778996506,28.298041505928534,19.652228779488404,0.0,0.0,0.0
241.5194831678253,28.3080780951194,19.652335641140052,0.0,0.0,0.0
241.5197820162903,28.318114617068012,19.6524426138983,0.0,0.0,0.0
241.52008433504693,28.328151071777356,19.652549702664285,0.0,0.0,0.0
241.52039012378185,28.338187459250197,19.652656912344487,0.0,0.0,0.0
241.52069938218173,28.348223779489008,19.65276424785068,0.0,0.0,0.0
241.5210121099329,28.35826003249604,19.652871714099803,0.0,0.0,0.0
241.5213283067217,28.368296218273247,19.652979316013884,0.0,0.0,0.0
241.52164797223435,28.378332336822364,19.653087058519905,0.0,0.0,0.0
241.52197110615685,28.388368388144844,19.653194946549732,0.0,0.0,0.0
241.52229770817516,28.39840437224189,19.65330298504003,0.0,0.0,0.0
241.52262777797515,28.408440289114452,19.653411178932114,0.0,0.0,0.0
241.52296131524267,28.41847613876321,19.653519533171902,0.0,0.0,0.0
241.52329831966324,28.428511921188583,19.653628052709777,0.0,0.0,0.0
241.52363879092266,28.438547636390748,19.653736742500513,0.0,0.0,0.0
241.52398272870636,28.448583284369594,19.65384560750316,0.0,0.0,0.0
241.52433013269993,28.45861886512479,19.653954652680948,0.0,0.0,0.0
241.5246810025888,28.4686543786557,19.65406388300118,0.0,0.0,0.0
241.52503533805847,28.478689824961453,19.654173303435144,0.0,0.0,0.0
241.52539313879427,28.488725204040907,19.654282918957996,0.0,0.0,0.0
241.52575440448172,28.498760515892666,19.654392734548665,0.0,0.0,0.0
241.52611913480598,28.508795760515063,19.65450275518977,0.0,0.0,0.0
241.5264873294526,28.518830937906177,19.654612985867477,0.0,0.0,0.0
241.52685898810694,28.52886604806381,19.654723431571426,0.0,0.0,0.0
241.5272341104543,28.53890109098551,19.654834097294636,0.0,0.0,0.0
241.52761269618028,28.548936066668574,19.654944988033375,0.0,0.0,0.0
241.52799474497021,28.55897097511001,19.655056108787065,0.0,0.0,0.0
241.52838025650965,28.569005816306582,19.6551674645582,0.0,0.0,0.0
241.52876923048413,28.579040590254767,19.655279060352207,0.0,0.0,0.0
241.52916166657934,28.589075296950803,19.65539090117738,0.0,0.0,0.0
241.5295575644809,28.59910993639064,19.655502992044728,0.0,0.0,0.0
241.52995692387458,28.609144508569976,19.65561533796794,0.0,0.0,0.0
241.53035974444623,28.61917901348424,19.655727943963214,0.0,0.0,0.0
241.53076602588183,28.629213451128585,19.655840815049178,0.0,0.0,0.0
241.5311757678674,28.639247821497925,19.655953956246787,0.0,0.0,0.0
241.53158897008913,28.64928212458686,19.65606737257922,0.0,0.0,0.0
241.53200563223325,28.659316360389756,19.65618106907177,0.0,0.0,0.0
241.53242575398625,28.669350528900694,19.656295050751737,0.0,0.0,0.0
241.53284933503457,28.679384630113535,19.65640932264832,0.0,0.0,0.0
241.53327637506496,28.68941866402179,19.656523889792513,0.0,0.0,0.0
241.53370687376437,28.699452630618765,19.656638757217006,0.0,0.0,0.0
241.5341408308197,28.709486529897458,19.656753929956064,0.0,0.0,0.0
241.53457824591808,28.71952036185063,19.656869413045445,0.0,0.0,0.0
241.53501911874696,28.729554126470756,19.65698521152224,0.0,0.0,0.0
241.5354634489939,28.739587823750014,19.657101330424844,0.0,0.0,0.0
241.5359112363467,28.749621453680366,19.65721777479278,0.0,0.0,0.0
241.5363624804932,28.75965501625347,19.657334549666615,0.0,0.0,0.0
241.5368171811217,28.769688511460696,19.65745166008786,0.0,0.0,0.0
