galstreams/tracks/track.st.Leiptr.ibata2021.ecsv
# %ECSV 1.0
# ---
# datatype:
# - {name: ra, unit: deg, datatype: float64}
# - {name: dec, unit: deg, datatype: float64}
# - {name: distance, unit: kpc, datatype: float64}
# - {name: pm_ra_cosdec, unit: mas / yr, datatype: float64}
# - {name: pm_dec, unit: mas / yr, datatype: float64}
# - {name: radial_velocity, unit: km / s, datatype: float64}
# delimiter: ','
# meta: !!omap
# - __serialized_columns__:
#     dec:
#       __class__: astropy.coordinates.angles.Latitude
#       unit: &id001 !astropy.units.Unit {unit: deg}
#       value: !astropy.table.SerializedColumn {name: dec}
#     distance:
#       __class__: astropy.coordinates.distances.Distance
#       unit: !astropy.units.Unit {unit: kpc}
#       value: !astropy.table.SerializedColumn {name: distance}
#     pm_dec:
#       __class__: astropy.units.quantity.Quantity
#       unit: !astropy.units.Unit {unit: mas / yr}
#       value: !astropy.table.SerializedColumn {name: pm_dec}
#     pm_ra_cosdec:
#       __class__: astropy.units.quantity.Quantity
#       unit: !astropy.units.Unit {unit: mas / yr}
#       value: !astropy.table.SerializedColumn {name: pm_ra_cosdec}
#     ra:
#       __class__: astropy.coordinates.angles.Longitude
#       unit: *id001
#       value: !astropy.table.SerializedColumn {name: ra}
#       wrap_angle: !astropy.coordinates.Angle
#         unit: *id001
#         value: 360.0
#     radial_velocity:
#       __class__: astropy.units.quantity.Quantity
#       unit: !astropy.units.Unit {unit: km / s}
#       value: !astropy.table.SerializedColumn {name: radial_velocity}
# schema: astropy-2.0
ra,dec,distance,pm_ra_cosdec,pm_dec,radial_velocity
[from data line 4157]
87.58266170138991,-26.66750765755376,7.014664670946781,10.324812334541605,-9.97928933820329,142.01663287345278
87.59072663705506,-26.67444527999208,7.014570252609519,10.324809826109446,-9.978210162727196,142.04379929511364
87.59879241629791,-26.68138257764954,7.014475800940436,10.324806992021662,-9.977130348311457,142.0709708518131
87.60685903946067,-26.688319550367336,7.014381315790682,10.324803832198915,-9.976049895003028,142.09814755473099
87.61492650688564,-26.695256197986627,7.0142867970114136,10.324800346561817,-9.974968802848899,142.12532941504745
87.62299481891513,-26.702192520348497,7.014192244453787,10.324796535030906,-9.9738870718961,142.15251644394237
87.63106397589156,-26.709128517294033,7.014097657968955,10.324792397526672,-9.972804702191706,142.17970865259565
87.6391339781574,-26.716064188664244,7.014003037408076,10.324787933969539,-9.971721693782834,142.20690605218743
87.64720482605517,-26.722999534300083,7.0139083826223025,10.324783144279868,-9.970638046716648,142.23410865389747
87.65527651992747,-26.729934554042494,7.013813693462789,10.324778028377969,-9.969553761040345,142.26131646890568
87.66334906011694,-26.736869247732344,7.013718969780691,10.324772586184086,-9.968468836801184,142.2885295083923
87.67142244696632,-26.743803615210467,7.013624211427166,10.3247668176184,-9.967383274046442,142.31574778353692
87.67949668081839,-26.750737656317664,7.013529418253365,10.324760722601033,-9.966297072823457,142.34297130551988
87.68757176201599,-26.757671370894663,7.013434590110447,10.324754301052053,-9.965210233179599,142.3702000855209
87.69564769090208,-26.764604758782173,7.013339726849564,10.324747552891463,-9.964122755162288,142.39743413472016
87.70372446781957,-26.771537819820832,7.013244828321873,10.3247404780392,-9.963034638818979,142.42467346429729
87.71180209311153,-26.778470553851257,7.013149894378526,10.324733076415148,-9.961945884197187,142.4519180854325
87.71988056712108,-26.785402960714013,7.013054924870683,10.324725347939138,-9.96085649134445,142.4791680093057
87.72795989019137,-26.79233504024959,7.012959919649496,10.32471729253092,-9.959766460308355,142.50642324709685
87.73604006266564,-26.799266792298482,7.012864878566119,10.324708910110198,-9.958675791136535,142.53368380998577
87.74412108488717,-26.806198216701105,7.012769801471708,10.324700200596622,-9.957584483876674,142.5609497091526
87.75220295719934,-26.813129313297836,7.012674688217421,10.32469116390976,-9.956492538576477,142.5882209557773
87.76028567994558,-26.820060081929007,7.012579538654408,10.324681799969143,-9.955399955283713,142.61549756103977
87.76836925346936,-26.8269905224349,7.012484352633827,10.324672108694227,-9.954306734046188,142.64277953611978
87.77645367811424,-26.833920634655772,7.012389130006831,10.32466209000441,-9.953212874911747,142.6700668921977
87.78453895422382,-26.840850418431803,7.01229387062458,10.324651743819024,-9.952118377928276,142.69735964045316
87.7926250821418,-26.847779873603145,7.012198574338222,10.32464107005736,-9.951023243143721,142.7246577920662
87.80071206221193,-26.85470900000991,7.0121032409989175,10.324630068638628,-9.949927470606044,142.7519613582169
87.80879989477799,-26.86163779749214,7.0120078704578175,10.324618739481997,-9.948831060363279,142.77927035008508
87.81688858018387,-26.868566265889857,7.011912462566081,10.324607082506544,-9.947734012463478,142.80658477885072
87.82497811877349,-26.87549440504302,7.011817017174861,10.324595097631322,-9.946636326954765,142.83390465569377
87.83306851089087,-26.88242221479156,7.011721534135313,10.324582784775297,-9.945538003885266,142.86122999179432
87.84115975688006,-26.889349694975355,7.011626013298591,10.324570143857391,-9.944439043303198,142.8885607983321
87.84925185708518,-26.89627684543421,7.011530454515851,10.324557174796457,-9.943339445256788,142.91589708648732
87.85734481185047,-26.903203666007926,7.011434857638248,10.32454387751129,-9.942239209794316,142.94323886743987
87.86543862152011,-26.910130156536233,7.011339222516937,10.324530251920619,-9.94113833696411,142.97058615236963
87.87353328643846,-26.917056316858822,7.011243549003071,10.324516297943125,-9.940036826814532,142.99793895245645
87.8816288069499,-26.923982146815337,7.011147836947811,10.324502015497409,-9.938934679393999,143.02529727888057
87.88972518339888,-26.930907646245384,7.0110520862023025,10.324487404502033,-9.937831894750964,143.05266114282176
87.89782241612993,-26.937832814988504,7.010956296617708,10.324472464875486,-9.936728472933918,143.08003055546007
87.90592050548757,-26.944757652884196,7.0108604680451805,10.324457196536194,-9.93562441399142,143.1074055279754
87.91401945181649,-26.951682159771952,7.010764600335876,10.324441599402533,-9.934519717972039,143.13478607154778
87.92211925546135,-26.958606335491158,7.010668693340947,10.324425673392811,-9.933414384924411,143.1621721973571
87.93021991676696,-26.965530179881178,7.010572746911552,10.324409418425265,-9.93230841489721,143.1895639165833
87.93832143607813,-26.972453692781357,7.010476760898841,10.324392834418102,-9.931201807939154,143.2169612404064
87.94642381373974,-26.97937687403094,7.0103807351539755,10.324375921289436,-9.930094564098999,143.24436418000627
87.95452705009679,-26.98629972346919,7.0102846695281045,10.324358678957335,-9.92898668342555,143.27177274656304
87.96263114549427,-26.99322224093527,7.010188563872386,10.324341107339807,-9.927878165967662,143.29918695125656
87.97073610027726,-27.000144426268317,7.010092418037978,10.324323206354794,-9.926769011774219,143.3266068052668
87.97884191479095,-27.007066279307416,7.009996231876029,10.324304975920187,-9.925659220894161,143.35403231977372
87.98694858938052,-27.013987799891627,7.009900005237697,10.324286415953798,-9.924548793376465,143.3814635059572
87.99505612439125,-27.020908987859936,7.009803737974139,10.324267526373399,-9.923437729270164,143.4089003749974
88.00316452016851,-27.027829843051297,7.009707429936508,10.324248307096688,-9.922326028624308,143.4363429380741
88.0112737770577,-27.03475036530462,7.009611080975957,10.32422875804131,-9.921213691488028,143.46379120636732
88.01938389540426,-27.041670554458758,7.009514690943646,10.32420887912483,-9.920100717910467,143.49124519105703
88.02749487555376,-27.04859041035251,7.009418259690726,10.324188670264784,-9.918987107940831,143.51870490332317
88.03560671785178,-27.055509932824666,7.009321787068353,10.324168131378624,-9.917872861628362,143.54617035434572
88.04371942264399,-27.062429121713933,7.009225272927685,10.324147262383745,-9.916757979022345,143.57364155530468
88.05183299027611,-27.069347976858978,7.009128717119872,10.324126063197484,-9.915642460172123,143.60111851737986
88.05994742109395,-27.07626649809844,7.009032119496074,10.324104533737122,-9.914526305127064,143.6286012517514
88.06806271544336,-27.08318468527088,7.008935479907441,10.324082673919868,-9.913409513936589,143.65608976959908
88.07617887367024,-27.090102538214854,7.008838798205131,10.324060483662882,-9.912292086650165,143.68358408210307
88.08429589612061,-27.09702005676883,7.008742074240299,10.32403796288324,-9.9111740233173,143.71108420044308
88.09241378314047,-27.103937240771252,7.008645307864102,10.324015111497996,-9.91005532398755,143.7385901357993
88.100532535076,-27.110854090060528,7.008548498927689,10.323991929424107,-9.908935988710509,143.76610189935172
88.1086521522733,-27.117770604474977,7.00845164728222,10.323968416578484,-9.907816017535824,143.79361950228
88.11677263507865,-27.12468678385292,7.00835475277885,10.323944572877977,-9.90669541051318,143.82114295576423
88.12489398383835,-27.131602628032596,7.008257815268731,10.323920398239375,-9.905574167692304,143.84867227098457
88.13301619889877,-27.138518136852223,7.00816083460302,10.323895892579403,-9.904452289122982,143.87620745912074
88.14113928060634,-27.145433310149958,7.008063810632872,10.323871055814726,-9.90332977485502,143.9037485313529
88.14926322930756,-27.152348147763906,7.007966743209441,10.323845887861955,-9.902206624938296,143.93129549886075
88.15738804534898,-27.159262649532135,7.007869632183886,10.323820388637621,-9.90108283942271,143.95884837282435
88.16551372907725,-27.16617681529267,7.007772477407356,10.323794558058216,-9.899958418358223,143.98640716442387
88.17364028083902,-27.173090644883484,7.007675278731011,10.323768396040162,-9.898833361794829,144.01397188483898
88.18176770098108,-27.18000413814249,7.007578036006002,10.323741902499806,-9.897707669782571,144.0415425452498
88.18989598985023,-27.186917294907584,7.007480749083486,10.323715077353466,-9.89658134237154,144.06911915683636
88.19802514779336,-27.19383011501658,7.00738341781462,10.323687920517367,-9.895454379611863,144.0967017307784
88.20615517515742,-27.20074259830728,7.0072860420505565,10.323660431907696,-9.894326781553723,144.12429027825615
88.21428607228938,-27.20765474461741,7.007188621642451,10.323632611440551,-9.893198548247339,144.15188481044925
88.22241783953638,-27.214566553784667,7.007091156441457,10.323604459032005,-9.89206967974298,144.17948533853786
88.2305504772455,-27.221478025646686,7.0069936462987314,10.323575974598041,-9.890940176090954,144.20709187370184
88.23868398576396,-27.228389160041065,7.00689609106543,10.32354715805459,-9.889810037341624,144.23470442712127
88.24681836543905,-27.235299956805363,7.006798490592707,10.323518009317525,-9.88867926354538,144.26232300997614
88.25495361661807,-27.24221041577707,7.006700844731717,10.323488528302661,-9.887547854752684,144.2899476334462
88.26308973964844,-27.24912053679366,7.006603153333615,10.323458714925733,-9.886415811014013,144.3175783087116
88.27122673487759,-27.25603031969252,7.0065054162495555,10.323428569102443,-9.88528313237991,144.3452150469522
88.27936460265306,-27.262939764311017,7.006407633330696,10.323398090748412,-9.884149818900958,144.37285785934793
88.28750334332244,-27.269848870486477,7.00630980442819,10.32336727977919,-9.88301587062778,144.40050675707892
88.2956429572334,-27.27675763805616,7.006211929393191,10.323336136110301,-9.881881287611048,144.428161751325
88.30378344473363,-27.28366606685728,7.006114008076856,10.323304659657174,-9.88074606990148,144.45582285326617
88.3119248061709,-27.29057415672701,7.006016040330339,10.323272850335194,-9.879610217549837,144.48349007408225
88.32006704189307,-27.29748190750248,7.005918026004797,10.323240708059677,-9.878473730606924,144.51116342495342
88.32821015224806,-27.304389319020764,7.005819964951383,10.323208232745888,-9.8773366091236,144.53884291705953
88.33635413758383,-27.311296391118905,7.005721857021251,10.32317542430901,-9.87619885315075,144.56652856158055
88.34449899824843,-27.318203123633868,7.005623702065558,10.32314228266419,-9.875060462739325,144.59422036969647
88.35264473458992,-27.325109516402602,7.00552549993546,10.323108807726491,-9.873921437940316,144.6219183525872
88.36079134695652,-27.332015569261987,7.005427250482111,10.323074999410933,-9.872781778804747,144.64962252143275
88.36893883569641,-27.338921282048865,7.005328953556663,10.323040857632469,-9.871641485383705,144.6773328874129
88.37708720115793,-27.34582665460003,7.005230609010276,10.323006382305975,-9.870500557728308,144.70504946170786
88.38523644368942,-27.35273168675224,7.0051322166941015,10.32297157334629,-9.86935899588973,144.7327722554975
88.3933865636393,-27.35963637834217,7.005033776459297,10.322936430668179,-9.868216799919185,144.7605012799617
88.40153756135604,-27.366540729206505,7.0049352881570135,10.322900954186347,-9.867073969867935,144.7882365462806
88.4096894371882,-27.37344473918181,7.004836751638412,10.322865143815429,-9.865930505787276,144.81597806563394
88.41784219148443,-27.380348408104673,7.004738166754643,10.322828999470017,-9.864786407728571,144.84372584920183
88.42599582459339,-27.38725173581159,7.004639533356864,10.322792521064622,-9.863641675743208,144.8714799081643
88.43415033686378,-27.394154722139017,7.004540851296227,10.32275570851371,-9.862496309882639,144.899240253701
88.44230572864447,-27.40105736692337,7.0044421204238905,10.322718561731673,-9.861350310198343,144.92700689699217
88.45046200028429,-27.407959670001027,7.004343340591007,10.322681080632853,-9.860203676741866,144.95477984921774
88.4586191521322,-27.41486163120829,7.004244511648732,10.322643265131514,-9.859056409564774,144.9825591215575
88.46677718453722,-27.421763250381442,7.004145633448222,10.322605115141876,-9.857908508718701,145.01034472519174
88.47493609784836,-27.4286645273567,7.004046705840631,10.322566630578088,-9.856759974255317,145.03813667130007
88.48309589241478,-27.435565461970235,7.003947728677115,10.322527811354236,-9.855610806226336,145.06593497106252
88.49125656858568,-27.44246605405818,7.003848701808827,10.322488657384348,-9.85446100468352,145.0937396356592
88.4994181267103,-27.44936630345661,7.0037496250869244,10.322449168582397,-9.853310569678685,145.12155067626986
88.50758056713799,-27.456266210001573,7.00365049836256,10.322409344862274,-9.852159501263676,145.14936810407474
88.5157438902181,-27.46316577352903,7.003551321486888,10.322369186137836,-9.851007799490406,145.17719193025357
88.52390809630012,-27.47006499387494,7.0034520943110685,10.322328692322847,-9.849855464410808,145.2050221659864
88.53207318573354,-27.476963870875164,7.003352816686251,10.322287863331042,-9.848702496076882,145.2328588224532
88.54023915886793,-27.483862404365567,7.003253488463594,10.322246699076068,-9.847548894540667,145.26070191083383
88.54840601605297,-27.490760594181925,7.003154109494252,10.322205199471524,-9.846394659854244,145.2885514423084
88.55657375763833,-27.497658440160006,7.003054679629377,10.322163364430946,-9.845239792069744,145.31640742805683
88.56474238397381,-27.50455594213547,7.002955198720129,10.322121193867796,-9.844084291239346,145.34426987925892
88.57291189540923,-27.51145309994401,7.002855666617659,10.3220786876955,-9.842928157415272,145.3721388070948
88.58108229229451,-27.51834991342119,7.002756083173122,10.322035845827394,-9.841771390649791,145.40001422274446
88.5892535749796,-27.525246382402578,7.002656448237678,10.321992668176767,-9.840613990995216,145.4278961373877
88.59742574381451,-27.532142506723684,7.0025567616624755,10.32194915465685,-9.839455958503915,145.45578456220454
88.60559879914938,-27.53903828621995,7.002457023298674,10.321905305180795,-9.83829729322829,145.48367950837508
88.61377274133433,-27.545933720726794,7.0023572329974275,10.32186111966171,-9.837137995220797,145.5115809870791
88.62194757071961,-27.55282881007958,7.002257390609889,10.321816598012639,-9.835978064533935,145.5394890094965
88.6301232876555,-27.559723554113614,7.002157495987217,10.321771740146547,-9.834817501220252,145.5674035868076
88.63829989249233,-27.566617952664163,7.002057548980563,10.321726545976363,-9.833656305332346,145.59532473019195
88.64647738558054,-27.573512005566442,7.001957549441085,10.32168101541492,-9.832494476922847,145.62325245082968
88.6546557672706,-27.58040571265561,7.001857497219936,10.32163514837503,-9.831332016044449,145.65118675990087
88.66283503791306,-27.587299073766804,7.0017573921682725,10.321588944769418,-9.83016892274988,145.67912766858527
88.67101519785852,-27.59419208873509,7.001657234137248,10.321542404510748,-9.82900519709192,145.7070751880629
88.67919624745765,-27.601084757395487,7.001557022978018,10.321495527511628,-9.827840839123407,145.7350293295138
88.68737818706123,-27.60797707958297,7.001456758541738,10.321448313684598,-9.826675848897198,145.7629901041179
88.69556101702,-27.61486905513246,7.001356440679564,10.321400762942138,-9.825510226466209,145.79095752305506
88.70374473768486,-27.62176068387884,7.001256069242649,10.321352875196684,-9.824343971883424,145.81893159750535
88.71192934940674,-27.628651965656957,7.001155644082147,10.321304650360574,-9.823177085201838,145.84691233864874
88.72011485253662,-27.635542900301566,7.001055165049219,10.321256088346113,-9.82200956647452,145.87489975766513
88.72830124742558,-27.642433487647416,7.000954631995014,10.321207189065534,-9.820841415754572,145.90289386573448
