galstreams/tracks/track.st.Leiptr.ibata2021.ecsv
# %ECSV 0.9
# ---
# datatype:
# - {name: ra, unit: deg, datatype: float64}
# - {name: dec, unit: deg, datatype: float64}
# - {name: distance, unit: kpc, datatype: float64}
# - {name: pm_ra_cosdec, unit: mas / yr, datatype: float64}
# - {name: pm_dec, unit: mas / yr, datatype: float64}
# - {name: radial_velocity, unit: km / s, datatype: float64}
# delimiter: ','
# meta: !!omap
# - __serialized_columns__:
#     dec:
#       __class__: astropy.coordinates.angles.Latitude
#       unit: &id001 !astropy.units.Unit {unit: deg}
#       value: !astropy.table.SerializedColumn {name: dec}
#     distance:
#       __class__: astropy.coordinates.distances.Distance
#       unit: !astropy.units.Unit {unit: kpc}
#       value: !astropy.table.SerializedColumn {name: distance}
#     pm_dec:
#       __class__: astropy.units.quantity.Quantity
#       unit: !astropy.units.Unit {unit: mas / yr}
#       value: !astropy.table.SerializedColumn {name: pm_dec}
#     pm_ra_cosdec:
#       __class__: astropy.units.quantity.Quantity
#       unit: !astropy.units.Unit {unit: mas / yr}
#       value: !astropy.table.SerializedColumn {name: pm_ra_cosdec}
#     ra:
#       __class__: astropy.coordinates.angles.Longitude
#       unit: *id001
#       value: !astropy.table.SerializedColumn {name: ra}
#       wrap_angle: !astropy.coordinates.Angle
#         unit: *id001
#         value: 360.0
#     radial_velocity:
#       __class__: astropy.units.quantity.Quantity
#       unit: !astropy.units.Unit {unit: km / s}
#       value: !astropy.table.SerializedColumn {name: radial_velocity}
# schema: astropy-2.0
ra,dec,distance,pm_ra_cosdec,pm_dec,radial_velocity
[from data line 695]
62.672840722792515,-1.6118544809494368,8.171979507735147,8.613063710845129,-9.74392528845277,-2.063087946818723e-13
62.67968563885696,-1.6191632989268754,8.171108239998789,8.614071449832311,-9.745137423568861,-8.420767129872338e-14
62.68653048544922,-1.6264721978945045,8.17023745423189,8.615078836461498,-9.746348923214622,-1.2631150694808508e-13
62.693375262792244,-1.6337811777463378,8.169367150285607,8.616085870821266,-9.747559787343334,-1.4736342477276593e-13
62.70021997110907,-1.6410902383764991,8.168497328011094,8.61709255300013,-9.748770015908304,-7.999728773378721e-14
62.70706461062261,-1.6483993796789713,8.167627987259506,8.618098883086574,-9.7499796088629,-1.2841669873055315e-13
62.71390918155591,-1.6557086015479068,8.166759127882,8.619104861169017,-9.751188566160497,-7.368171238638296e-14
62.72075368413187,-1.6630179038772916,8.165890749729728,8.620110487335843,-9.75239688775453,-9.894401377599997e-14
62.72759811857357,-1.6703272865613037,8.16502285265385,8.621115761675373,-9.753604573598453,-7.999728773378721e-14
62.73444248510393,-1.6776367494939834,8.164155436505515,8.62212068427589,-9.754811623645775,-9.47336302110638e-14
62.74128678394593,-1.6849462925693972,8.163288501135881,8.623125255225622,-9.756018037850023,-1.1789073981821273e-13
62.748131015322606,-1.6922559156817432,8.162422046396104,8.624129474612754,-9.75722381616477,-1.5367900012017016e-13
62.7549751794569,-1.6995656187250452,8.161556072137339,8.625133342525412,-9.758428958543615,-2.2104513715914888e-13
62.76181927657189,-1.7068754015935275,8.160690578210737,8.62613685905169,-9.759633464940212,-1.1368035625327657e-13
62.768663306890495,-1.7141852641812259,8.159825564467457,8.627140024279615,-9.760837335308235,-7.578690416885104e-14
62.77550727063576,-1.721495206382387,8.158961030758652,8.628142838297176,-9.7620405696014,-1.7473091794485103e-13
62.78235116803071,-1.7288052280911028,8.15809697693548,8.629145301192308,-9.763243167773451,-1.4104784942536167e-13
62.78919499929828,-1.736115329201511,8.157233402849094,8.630147413052905,-9.764445129778187,-1.0315439734093615e-13
62.79603876466156,-1.7434255096078488,8.156370308350645,8.631149173966804,-9.76564645556943,-1.515738083377021e-13
62.8028824643435,-1.750735769204217,8.155507693291295,8.632150584021794,-9.76684714510103,-1.0946997268834039e-13
62.80972609856718,-1.7580461078848872,8.154645557522196,8.63315164330562,-9.768047198326887,-7.999728773378721e-14
62.8165696675556,-1.76535652554401,8.153783900894505,8.634152351905975,-9.769246615200935,-2.315710960714893e-14
62.823413171531726,-1.772667022075747,8.152922723259373,8.635152709910502,-9.770445395677138,-6.526094525651062e-14
62.83025661071866,-1.7799775973743928,8.152062024467956,8.636152717406802,-9.771643539709506,-1.3262708229548932e-13
62.83709998533938,-1.787288251334077,8.15120180437141,8.637152374482415,-9.77284104725207,-1.1368035625327657e-13
62.84394329561696,-1.7945989838491254,8.150342062820894,8.63815168122484,-9.774037918258903,-1.3894265764289357e-13
62.8507865417744,-1.8019097948136757,8.149482799667556,8.639150637721537,-9.77523415268413,-1.4315304120782974e-13
62.85762972403479,-1.8092206841220633,8.148624014762555,8.640149244059895,-9.776429750481885,-1.1999593160068083e-13
62.86447284262109,-1.816531651668463,8.14776570795705,8.64114750032727,-9.777624711606354,-5.4734986344170195e-14
62.871315897756425,-1.8238426973472082,8.146907879102184,8.642145406610974,-9.778819036011766,-1.1789073981821273e-13
62.878158889663816,-1.8311538210525338,8.14605052804912,8.643142962998247,-9.780012723652362,-6.526094525651062e-14
62.88500181856625,-1.8384650226786692,8.145193654649017,8.644140169576307,-9.781205774482437,-1.0525958912340423e-13
62.89184468468688,-1.8457763021199916,8.144337258753024,8.645137026432302,-9.782398188456318,-9.683882199353189e-14
62.89868748824868,-1.8530876592706986,8.143481340212295,8.646133533653348,-9.783589965528368,-9.47336302110638e-14
62.9055302294748,-1.8603990940251909,8.14262589887799,8.647129691326505,-9.784781105652984,-7.368171238638296e-14
62.912372908588225,-1.8677106062777302,8.141770934601263,8.648125499538775,-9.785971608784594,-1.0525958912340423e-13
62.91921552581203,-1.8750221959225908,8.140916447233264,8.649120958377132,-9.787161474877683,-7.368171238638296e-14
62.92605808136931,-1.8823338628541877,8.140062436625152,8.650116067928485,-9.78835070388674,-1.1999593160068083e-13
62.93290057548311,-1.8896456069667678,8.139208902628084,8.651110828279696,-9.789539295766316,-1.3052189051302125e-13
62.93974300837655,-1.8969574281547554,8.13835584509321,8.652105239517585,-9.790727250470985,-1.4736342477276593e-13
62.946585380272666,-1.9042693263124317,8.13750326387169,8.65309930172892,-9.791914567955356,2.1051917824680845e-15
62.953427691394566,-1.9115813013342258,8.136651158814674,8.654093015000422,-9.793101248174077,-1.347322740779574e-13
62.960269941965336,-1.9188933531144723,8.135799529773324,8.655086379418757,-9.794287291081835,-1.1578554803574466e-13
62.96711213220801,-1.9262054815474976,8.134948376598786,8.656079395070549,-9.795472696633349,-1.1578554803574466e-13
62.97395426234578,-1.9335176865277677,8.134097699142224,8.65707206204237,-9.796657464783367,-1.2631150694808508e-13
62.98079633260163,-1.940829967949598,8.133247497254786,8.65806438042075,-9.797841595486691,-8.420767129872338e-14
62.987638343198746,-1.948142325707467,8.132397770787628,8.659056350292158,-9.799025088698142,-1.5367900012017016e-13
62.994480294360166,-1.955454759695699,8.131548519591911,8.660047971743023,-9.800207944372573,-1.620997672500425e-13
63.00132218630907,-1.9627672698088006,8.130699743518784,8.661039244859728,-9.801390162464894,-3.157787673702127e-14
63.008164019268506,-1.9700798559411383,8.129851442419405,8.662030169728594,-9.802571742930029,-9.47336302110638e-14
63.01500579346157,-1.9773925179871135,8.129003616144928,8.66302074643591,-9.803752685722948,-1.347322740779574e-13
63.02184750911145,-1.9847052558412537,8.128156264546508,8.664010975067908,-9.804932990798658,-1.3052189051302125e-13
63.02868916644119,-1.9920180693979166,8.1273093874753,8.665000855710769,-9.806112658112195,-1.0525958912340423e-13
63.03553076567397,-1.999330958551638,8.126462984782458,8.66599038845063,-9.807291687618628,-1.368374658604255e-13
63.04237230703286,-2.006643923196799,8.12561705631914,8.666979573373583,-9.808470079273079,-1.642049590325106e-13
63.04921379074106,-2.013956963227967,8.124771601936494,8.667968410565663,-9.809647833030692,-1.4104784942536167e-13
63.05605521702166,-2.021270078539564,8.123926621485685,8.668956900112853,-9.810824948846632,-1.642049590325106e-13
63.062896586097764,-2.0285832690260377,8.123082114817864,8.669945042101105,-9.812001426676128,-1.4104784942536167e-13
63.069737898192585,-2.0358965345819824,8.122238081784182,8.670932836616302,-9.813177266474433,-8.420767129872338e-14
63.07657915352918,-2.043209875101801,8.121394522235798,8.6719202837443,-9.814352468196827,-1.347322740779574e-13
63.08342035233078,-2.050523290480097,8.120551436023867,8.672907383570884,-9.815527031798633,-1.1578554803574466e-13
63.09026149482047,-2.0578367806112983,8.119708822999543,8.673894136181799,-9.816700957235213,-1.3052189051302125e-13
63.097102581221456,-2.0651503453900237,8.118866683013982,8.674880541662755,-9.817874244461956,-1.3262708229548932e-13
63.10394361175687,-2.0724639847107644,8.118025015918338,8.675866600099393,-9.819046893434292,-1.9157245220459568e-13
63.11078458664985,-2.0797776984680247,8.117183821563767,8.676852311577322,-9.820218904107687,-1.0736478090587231e-13
63.1176255061236,-2.087091486556422,8.116343099801423,8.677837676182087,-9.821390276437631,-1.1157516447080849e-13
63.124466370401244,-2.0944053488704486,8.11550285048246,8.678822693999198,-9.822561010379664,-1.4525823299029783e-13
63.13130717970601,-2.1017192853047564,8.114663073458036,8.679807365114106,-9.823731105889353,-1.368374658604255e-13
63.13814793426106,-2.109033295753865,8.113823768579305,8.680791689612217,-9.824900562922299,-1.2841669873055315e-13
63.14498863428949,-2.116347380112319,8.112984935697423,8.681775667578897,-9.82606938143415,-1.5578419190263825e-13
63.1518292800146,-2.123661538274788,8.11214657466354,8.682759299099452,-9.827237561380574,-1.7473091794485103e-13
63.158669871659505,-2.130975770135798,8.111308685328817,8.683742584259145,-9.828405102717282,-1.0315439734093615e-13
63.16551040944743,-2.138290075590026,8.110471267544405,8.684725523143186,-9.829572005400017,-1.2841669873055315e-13
63.172350893601525,-2.1456044545320028,8.109634321161462,8.685708115836743,-9.830738269384561,-1.4736342477276593e-13
63.17919132434505,-2.152918906856435,8.108797846031141,8.686690362424933,-9.831903894626729,-1.2841669873055315e-13
63.186031701901136,-2.1602334324578707,8.107961842004599,8.687672262992823,-9.833068881082374,-1.0525958912340423e-13
63.19287202649306,-2.1675480312310165,8.10712630893299,8.688653817625433,-9.83423322870737,-1.4525823299029783e-13
63.199712298344,-2.174862703070487,8.106291246667466,8.689635026407728,-9.835396937457649,-1.1157516447080849e-13
63.206552517677125,-2.1821774478708895,8.105456655059188,8.690615889424636,-9.836560007289162,-1.5578419190263825e-13
63.21339268471573,-2.18949226552696,8.104622533959304,8.691596406761034,-9.8377224381579,-1.3052189051302125e-13
63.22023279968296,-2.1968071559332927,8.103788883218975,8.69257657850174,-9.838884230019884,-3.789345208442552e-14
63.227072862802096,-2.2041221189846323,8.102955702689355,8.693556404731536,-9.840045382831175,-1.0525958912340423e-13
63.233912874296365,-2.2114371545756293,8.102122992221599,8.694535885535148,-9.841205896547873,-1.789413015097872e-13
63.240752834388935,-2.2187522626009266,8.101290751666859,8.69551502099726,-9.842365771126104,-7.789209595131913e-14
63.247592743303116,-2.226067442955302,8.100458980876292,8.696493811202497,-9.843525006522034,-1.4525823299029783e-13
63.254432601262096,-2.2333826955333853,8.099627679701053,8.697472256235447,-9.844683602691862,-4.210383564936169e-14
63.26127240848917,-2.2406980202299582,8.098796847992295,8.698450356180647,-9.845841559591825,-9.052324664612763e-14
63.26811216520751,-2.2480134169396706,8.097966485601178,8.699428111122575,-9.846998877178187,-6.73661370389787e-14
63.27495187164047,-2.255328885557331,8.097136592378853,8.700405521145683,-9.848155555407262,-7.157652060391487e-14
63.28179152801124,-2.262644425977625,8.096307168176478,8.701382586334345,-9.849311594235374,-6.105056169157445e-14
63.288631134543046,-2.269960038095262,8.095478212845205,8.702359306772916,-9.850466993618914,-9.683882199353189e-14
63.295470691459236,-2.277275721805068,8.09464972623619,8.70333568254568,-9.85162175351428,-1.5578419190263825e-13
63.302310198983,-2.284591477001724,8.093821708200588,8.70431171373688,-9.852775873877915,-1.1578554803574466e-13
63.30914965733769,-2.2919073035800768,8.092994158589557,8.705287400430718,-9.853929354666308,-3.9998643866893604e-14
63.315989066746496,-2.2992232014348097,8.092167077254246,8.706262742711342,-9.855082195835962,-2.0841398646434036e-13
63.322828427432775,-2.306539170460793,8.091340464045812,8.70723774066285,-9.856234397343432,-1.1999593160068083e-13
63.32966773961979,-2.313855210552771,8.090514318815414,8.708212394369292,-9.857385959145294,-1.5999457546757442e-13
63.33650700353077,-2.3211713216054877,8.089688641414204,8.709186703914666,-9.858536881198164,-1.221011233831489e-13
63.34334621938909,-2.3284875035138426,8.088863431693339,8.710160669382937,-9.859687163458704,-6.73661370389787e-14
63.350185387417966,-2.3358037561725475,8.088038689503971,8.711134290858004,-9.860836805883586,-1.7052053437991484e-13
63.3570245078408,-2.343120079476517,8.087214414697256,8.712107568423722,-9.861985808429546,-1.4736342477276593e-13
63.36386358088082,-2.3504364733205287,8.08639060712435,8.713080502163908,-9.863134171053336,-1.4736342477276593e-13
63.37070260676133,-2.3577529375993684,8.08556726663641,8.714053092162313,-9.864281893711736,-6.947132882144679e-14
63.37754158570569,-2.3650694722079635,8.084744393084586,8.715025338502658,-9.865428976361585,-9.47336302110638e-14
63.38438051793717,-2.3723860770410714,8.083921986320036,8.715997241268607,-9.866575418959737,-1.9578283576953187e-13
63.39121940367915,-2.379702751993639,8.083100046193914,8.716968800543773,-9.867721221463086,-7.578690416885104e-14
63.3980582431549,-2.387019496960437,8.082278572557374,8.717940016411726,-9.868866383828566,-1.2841669873055315e-13
63.40489703658779,-2.394336311836418,8.081457565261577,8.718910888955977,-9.870010906013126,-7.157652060391487e-14
63.41173578420111,-2.401653196516376,8.08063702415767,8.71988141826001,-9.871154787973781,-1.0104920555846805e-13
63.41857448621825,-2.408970150895275,8.079816949096815,8.72085160440724,-9.872298029667556,-2.1051917824680845e-13
63.42541314286255,-2.416287174867971,8.078997339930162,8.72182144748104,-9.87344063105151,-1.0315439734093615e-13
63.432251754357296,-2.423604268329312,8.078178196508869,8.72279094756474,-9.874582592082758,-1.0736478090587231e-13
63.43909032092591,-2.430921431174288,8.07735951868409,8.723760104741618,-9.875723912718428,-1.620997672500425e-13
63.44592884279169,-2.438238663297729,8.076541306306979,8.724728919094902,-9.876864592915691,-1.1578554803574466e-13
63.452767320178054,-2.445555964594641,8.07572355922869,8.725697390707774,-9.878004632631757,-1.2631150694808508e-13
63.459605753308345,-2.4528733349599054,8.074906277300384,8.726665519663365,-9.879144031823854,-1.768361097273191e-13
63.4664441424059,-2.4601907742884093,8.074089460373209,8.727633306044764,-9.880282790449268,-1.6631015081497867e-13
63.47328248769414,-2.4675082824751917,8.073273108298324,8.728600749935001,-9.881420908465296,-1.221011233831489e-13
63.480120789396395,-2.474825859415109,8.072457220926884,8.729567851417071,-9.88255838582929,-1.0315439734093615e-13
63.4869590477361,-2.4821435050031937,8.07164179811004,8.730534610573912,-9.88369522249862,-1.368374658604255e-13
63.4937972629366,-2.489461219134334,8.070826839698954,8.731501027488413,-9.884831418430696,-4.210383564936169e-14
63.50063543522134,-2.496779001703582,8.070012345544773,8.732467102243422,-9.885966973582969,-5.4734986344170195e-14
63.50747356481363,-2.5040968526058256,8.06919831549866,8.733432834921732,-9.88710188791291,-7.578690416885104e-14
63.514311651936964,-2.5114147717361375,8.068384749411765,8.734398225606089,-9.88823616137804,-1.1368035625327657e-13
63.5211496968147,-2.5187327589894712,8.067571647135242,8.735363274379196,-9.889369793935906,-1.1789073981821273e-13
63.527987699670234,-2.5260508142607763,8.066759008520252,8.736327981323695,-9.890502785544081,-6.315575347404254e-14
63.53482566072703,-2.533368937445143,8.065946833417943,8.7372923465222,-9.891635136160199,-1.2631150694808508e-13
63.54166358020843,-2.5406871284375008,8.065135121679475,8.738256370057261,-9.892766845741894,-1.368374658604255e-13
63.54850145833796,-2.5480053871329567,8.064323873156003,8.73922005201138,-9.893897914246853,-6.526094525651062e-14
63.555339295338975,-2.5553237134264872,8.063513087698677,8.740183392467015,-9.895028341632802,-1.3894265764289357e-13
63.562177091434904,-2.56264210721309,8.062702765158656,8.741146391506586,-9.896158127857499,-1.620997672500425e-13
63.56901484684924,-2.569960568387893,8.061892905387097,8.742109049212441,-9.89728727287871,-6.73661370389787e-14
63.575852561805355,-2.57727909684585,8.061083508235152,8.743071365666898,-9.898415776654277,-1.0315439734093615e-13
63.58269023652677,-2.5845976924821104,8.060274573553974,8.744033340952228,-9.899543639142044,-6.73661370389787e-14
63.58952787123687,-2.5919163551916418,8.059466101194724,8.74499497515064,-9.9006708602999,-1.4104784942536167e-13
63.59636546615917,-2.5992350848696053,8.05865809100855,8.745956268344312,-9.901797440085783,-1.1368035625327657e-13
63.60320302151711,-2.606553881411029,8.057850542846612,8.746917220615355,-9.902923378457634,-1.5578419190263825e-13
63.61004053753412,-2.613872744710958,8.057043456560065,8.747877832045848,-9.904048675373453,-1.347322740779574e-13
