galstreams/tracks/track.st.Svol.ibata2021.ecsv
# %ECSV 1.0
# ---
# datatype:
# - {name: ra, unit: deg, datatype: float64}
# - {name: dec, unit: deg, datatype: float64}
# - {name: distance, unit: kpc, datatype: float64}
# - {name: pm_ra_cosdec, unit: mas / yr, datatype: float64}
# - {name: pm_dec, unit: mas / yr, datatype: float64}
# - {name: radial_velocity, unit: km / s, datatype: float64}
# delimiter: ','
# meta: !!omap
# - __serialized_columns__:
#     dec:
#       __class__: astropy.coordinates.angles.Latitude
#       unit: &id001 !astropy.units.Unit {unit: deg}
#       value: !astropy.table.SerializedColumn {name: dec}
#     distance:
#       __class__: astropy.coordinates.distances.Distance
#       unit: !astropy.units.Unit {unit: kpc}
#       value: !astropy.table.SerializedColumn {name: distance}
#     pm_dec:
#       __class__: astropy.units.quantity.Quantity
#       unit: !astropy.units.Unit {unit: mas / yr}
#       value: !astropy.table.SerializedColumn {name: pm_dec}
#     pm_ra_cosdec:
#       __class__: astropy.units.quantity.Quantity
#       unit: !astropy.units.Unit {unit: mas / yr}
#       value: !astropy.table.SerializedColumn {name: pm_ra_cosdec}
#     ra:
#       __class__: astropy.coordinates.angles.Longitude
#       unit: *id001
#       value: !astropy.table.SerializedColumn {name: ra}
#       wrap_angle: !astropy.coordinates.Angle
#         unit: *id001
#         value: 360.0
#     radial_velocity:
#       __class__: astropy.units.quantity.Quantity
#       unit: !astropy.units.Unit {unit: km / s}
#       value: !astropy.table.SerializedColumn {name: radial_velocity}
# schema: astropy-2.0
ra,dec,distance,pm_ra_cosdec,pm_dec,radial_velocity
220.6068447872034,27.75396342677253,8.913185745574184,1.1676458043583477,-4.354282571595494,108.24238376446924
220.61853909270286,27.7566501283906,8.911808100279382,1.1676165156804315,-4.353911870080137,107.74076401156378
220.6302334058561,27.759331695229307,8.910430837179875,1.1675889442215956,-4.3535427330913725,107.23979037762261
220.64192772527784,27.762008129451683,8.909053956250546,1.167563088777253,-4.353175160319832,106.73946254062926
220.65362204958367,27.76467943322098,8.907677457466283,1.1675389481430323,-4.352809151455693,106.23978017856683
220.6653163773901,27.767345608700648,8.90630134080197,1.1675165211147702,-4.352444706188678,105.74074296941816
220.6770107073145,27.77000665805436,8.9049256062325,1.1674958064885206,-4.352081824208062,105.24235059116718
220.6887050379754,27.772662583446,8.90355025373275,1.1674768030605416,-4.351720505202669,104.74460272179668
220.70039936799196,27.77531338703966,8.90217528327761,1.1674595096273068,-4.351360748860867,104.24749903928998
220.71209369598444,27.777959070999646,8.90080069484197,1.1674439249855055,-4.351002554870571,103.75103922163044
220.72378802057392,27.780599637490486,8.89942648840071,1.1674300479320388,-4.350645922919249,103.25522294680103
220.73548234038245,27.7832350886769,8.898052663928718,1.167417877264018,-4.350290852693908,102.76004989278525
220.747176654033,27.78586542672383,8.896679221400884,1.1674074117787734,-4.349937343881111,102.26551973756627
220.7588709601495,27.78849065379642,8.89530616079209,1.1673986502738438,-4.349585396166962,101.7716321591273
220.7705652573567,27.79111077206004,8.893933482077225,1.1673915915469848,-4.349235009237113,101.27838683545163
220.78225954428038,27.79372578368027,8.892561185231171,1.1673862343961667,-4.348886182776763,100.78578344452238
220.79395381954728,27.79633569082287,8.89118927022882,1.1673825776195692,-4.348538916470661,100.29382166432286
220.8056480817849,27.798940495653834,8.889817737045052,1.167380620015595,-4.3481932100031,99.80250117283633
220.81734232962185,27.801540200339378,8.888446585654759,1.1673803603828543,-4.347849063057915,99.31182164804595
220.82903656168753,27.80413480704589,8.887075816032825,1.1673817975201808,-4.347506475318497,98.82178276793512
220.84073077661236,27.80672431794,8.885705428154134,1.1673849302266135,-4.347165446467775,98.33238421048698
220.85242497302767,27.809308735188527,8.884335421993576,1.1673897573014143,-4.346825976188228,97.84362565368458
220.8641191495657,27.811888060958506,8.882965797526033,1.16739627754406,-4.346488064161879,97.35550677551157
220.87581330485966,27.814462297417183,8.881596554726393,1.1674044897542462,-4.346151710070299,96.86802725395094
220.88750743754358,27.817031446732013,8.880227693569545,1.167414392731881,-4.3458169135946,96.38118676698568
220.89920154625267,27.819595511070638,8.87885921403037,1.1674259852770867,-4.345483674415451,95.89498499259967
220.91089562962287,27.822154492600923,8.87749111608376,1.1674392661902087,-4.345151992213051,95.40942160877566
220.92258968629108,27.824708393490944,8.876123399704595,1.1674542342718073,-4.344821866667157,94.92449629349684
220.93428371489514,27.82725721590899,8.874756064867766,1.1674708883226634,-4.344493297457065,94.44020872474674
220.945977714074,27.82980096202352,8.873389111548157,1.1674892271437671,-4.344166284261618,93.95655858050853
220.95767168246724,27.832339634003244,8.872022539720655,1.167509249536339,-4.3438408267592,93.47354553876532
220.96936561871564,27.83487323401705,8.870656349360148,1.167530954301807,-4.34351692462775,92.99116927750049
220.98105952146082,27.837401764234034,8.869290540441519,1.1675543402418254,-4.343194577544741,92.50942947469714
220.99275338934535,27.839925226823507,8.867925112939655,1.1675794061582607,-4.342873785187197,92.02832580833864
221.00444722101267,27.842443623954996,8.866560066829441,1.1676061508532092,-4.342554547231686,91.54785795640817
221.0161410151074,27.844956957798182,8.865195402085767,1.1676345731289717,-4.3422368633543185,91.06802559688896
221.0278347702748,27.84746523052301,8.863831118683517,1.1676646717880799,-4.341920733230747,90.58882840776432
221.0395284851613,27.8499684442996,8.862467216597578,1.1676964456332786,-4.341606156536175,90.11026606701718
221.05122215841416,27.85246660129828,8.861103695802832,1.1677298934675422,-4.3412931329453475,89.63233825263124
221.06291578868166,27.854959703689573,8.85974055627417,1.1677650140940532,-4.340981662132551,89.15504464258952
221.07460937461295,27.857447753644223,8.85837779798648,1.1678018063162239,-4.340671743771615,88.67838491487515
221.08630291485818,27.85993075333317,8.85701542091464,1.1678402689376854,-4.3403633775359225,88.20235874747159
221.09799640806844,27.86240870492755,8.855653425033545,1.1678804007622883,-4.34005656309839,87.726965818362
221.1096898528958,27.864881610598704,8.854291810318074,1.1679222005941046,-4.3397513001314785,87.25220580552939
221.12138324799315,27.867349472518192,8.852930576743121,1.1679656672374328,-4.339447588307197,86.7780783869574
221.13307659201456,27.86981229285775,8.851569724283566,1.1680107994967828,-4.339145427297096,86.30458324062906
221.14476988361488,27.872270073789327,8.850209252914294,1.1680575961768975,-4.338844816772271,85.83172004452739
221.15646312145,27.874722817485075,8.848849162610197,1.1681060560827354,-4.338545756403356,85.35948847663603
221.16815630417668,27.877170526117347,8.84748945334616,1.168156178019484,-4.338248245860533,84.88788821493814
221.1798494304527,27.8796132018587,8.846130125097062,1.168207960792547,-4.3379522848135235,84.41691893741655
221.19154249893674,27.88205084688188,8.8447711778378,1.1682614032075553,-4.3376578729315955,83.94658032205511
221.20323550828854,27.88448346335984,8.843412611543252,1.1683165040703627,-4.3373650098835554,83.4768720468367
221.2149284571687,27.88691105346575,8.84205442618831,1.1683732621870446,-4.337073695337756,83.00779378974448
221.22662134423877,27.889333619372955,8.840696621747856,1.168431676363906,-4.3367839289620935,82.53934522876196
221.2383141681614,27.89175116325499,8.839339198196779,1.1684917454074657,-4.336495710424002,82.07152604187225
221.25000692760008,27.894163687285634,8.83798215550996,1.1685534681244794,-4.336209039390459,81.60433590705841
221.26169962121926,27.89657119363882,8.836625493662293,1.1686168433219166,-4.33592391552799,81.13777450230404
221.27339224768437,27.898973684488713,8.835269212628658,1.16868186980698,-4.335640338502655,80.67184150559211
221.28508480566185,27.90137116200965,8.833913312383944,1.168748546387092,-4.33535830798006,80.206536594906
221.29677729381905,27.903763628376186,8.832557792903037,1.168816871869904,-4.335077823625355,79.74185944822875
221.30846971082434,27.90615108576307,8.83120265416082,1.1688868450632892,-4.3347988851032255,79.27780974354393
221.32016205534694,27.90853353634522,8.829847896132188,1.168958464775352,-4.334521492077908,78.81438715883459
221.33185432605708,27.910910982297818,8.828493518792014,1.169031729814424,-4.334245644213171,78.35159137208363
221.34354652162617,27.91328342579616,8.827139522115196,1.1691066389890485,-4.3339713411723295,77.88942206127496
221.35523864072627,27.915650869015796,8.825785906076614,1.1691831911080135,-4.333698582618245,77.42787890439139
221.3669306820306,27.91801331413245,8.824432670651158,1.169261384980326,-4.333427368213306,76.96696157941611
221.3786226442133,27.920370763322058,8.82307981581371,1.1693412194152208,-4.333157697619459,76.50666976433266
221.39031452594946,27.92272321876074,8.821727341539159,1.1694226932221594,-4.332889570498182,76.04700313712411
221.40200632591515,27.925070682624803,8.820375247802389,1.169505805210836,-4.332622986510495,75.58796137577365
221.41369804278747,27.927413157090772,8.819023534578292,1.169590554191163,-4.332357945316959,75.1295441582646
221.42538967524445,27.929750644335364,8.817672201841747,1.1696769389732904,-4.332094446577681,74.67175116258029
221.437081221965,27.932083146535465,8.81632124956764,1.1697649583675924,-4.331832489952305,74.21458206670353
221.44877268162912,27.93441066586819,8.814970677730864,1.1698546111846746,-4.331572075100009,73.75803654861812
221.46046405291787,27.9367332045108,8.813620486306299,1.1699458962353642,-4.331313201679528,73.30211428630705
221.47215533451313,27.939050764640818,8.812270675268836,1.170038812330725,-4.331055869349122,72.84681495775341
221.48384652509776,27.941363348435893,8.810921244593358,1.1701333582820512,-4.3308000777665985,72.39213824094081
221.49553762335566,27.94367095807392,8.80957219425475,1.1702295329008594,-4.330545826589309,71.93808381385215
221.50722862797173,27.945973595732966,8.808223524227902,1.1703273349989014,-4.330293115474134,71.48465135447067
221.5189195376318,27.94827126359127,8.806875234487697,1.170426763388159,-4.330041944077507,71.03184054077994
221.53061035102263,27.95056396382731,8.805527325009026,1.1705278168808422,-4.329792312055394,70.5796510507629
221.5423010668321,27.95285169861972,8.80417979576677,1.170630494289395,-4.329544219063299,70.12808256240265
221.55399168374896,27.955134470147332,8.802832646735816,1.1707347944264888,-4.329297664756275,69.67713475368296
221.56568220046296,27.95741228058919,8.801485877891052,1.170840716105028,-4.329052648788906,69.22680730258668
221.57737261566496,27.959685132124488,8.800139489207364,1.1709482581381456,-4.3288091708153225,68.77709988709714
221.5890629280466,27.961953026932665,8.798793480659636,1.171057419339213,-4.328567230489188,68.32801218519738
221.6007531363006,27.964215967193297,8.797447852222756,1.1711681985218247,-4.328326827463712,67.879543874871
221.61244323912072,27.966473955086204,8.796102603871612,1.1712805944998146,-4.328087961391644,67.4316946341011
221.6241332352016,27.96872699279135,8.794757735581086,1.1713946060872464,-4.327850631925262,66.98446414087068
221.63582312323902,27.970975082488916,8.793413247326068,1.1715102320984145,-4.327614838716396,66.5378520731634
221.64751290192956,27.973218226359272,8.792069139081443,1.171627471347849,-4.32738058141641,66.0918581089622
221.65920256997092,27.97545642658296,8.790725410822096,1.1717463226503104,-4.327147859676208,65.64648192625032
221.6708921260617,27.97768968534074,8.789382062522915,1.1718667848207982,-4.326916673146232,65.20172320301116
221.68258156890158,27.979918004813516,8.788039094158785,1.1719888566745387,-4.326687021476465,64.75758161722796
221.69427089719127,27.982141387182427,8.78669650570459,1.1721125370269927,-4.326458904316426,64.3140568468837
221.70596010963231,27.984359834628787,8.78535429713522,1.1722378246938607,-4.326232321315177,63.871148569961846
221.71764920492734,27.98657334933408,8.784012468425558,1.1723647184910742,-4.326007272121316,63.42885646444566
221.72933818178,27.98878193347999,8.782671019550497,1.1724932172347966,-4.325783756382976,62.98718020831817
221.74102703889486,27.990985589248403,8.781329950484917,1.1726233197414304,-4.325561773747838,62.54611947956289
221.75271577497753,27.993184318821374,8.779989261203701,1.172755024827612,-4.325341323863118,62.105673956162875
221.76440438873465,27.99537812438114,8.778648951681745,1.1728883313102114,-4.325122406375563,61.66584331610134
221.77609287887373,27.997567008110156,8.777309021893926,1.1730232380063383,-4.32490502093147,61.22662723736167
221.78778124410348,27.999750972191027,8.775969471815134,1.173159743733332,-4.324689167176665,60.7880253979271
221.79946948313344,28.00193001880656,8.774630301420258,1.173297847308772,-4.324474844756518,60.350037475780674
221.81115759467423,28.004104150139753,8.77329151068418,1.1734375475504728,-4.3242620533159375,59.91266314890571
221.82284557743742,28.00627336837378,8.771953099581786,1.1735788432764875,-4.324050792499361,59.47590209528551
221.83453343013562,28.008437675692,8.770615068087967,1.1737217333051018,-4.323841061950778,59.03975399290333
221.8462211514824,28.010597074277978,8.769277416177605,1.1738662164548461,-4.323632861313705,58.60421851974232
221.8579087401924,28.01275156631544,8.767940143825587,1.1740122915444766,-4.323426190231201,58.16929535378589
221.86959619498123,28.0149011539883,8.7666032510068,1.1741599573929966,-4.3232210483458635,57.734984173017146
221.88128351456544,28.017045839480666,8.765266737696129,1.1743092128196448,-4.323017435299825,57.30128465541916
221.89297069766263,28.019185624976835,8.763930603868458,1.1744600566439003,-4.322815350734759,56.86819647897542
221.90465774299156,28.02132051266126,8.76259484949868,1.1746124876854676,-4.322614794291871,56.435719321669175
221.91634464927176,28.023450504718596,8.761259474561674,1.174766504764305,-4.322415765611911,56.0038528614834
221.92803141522387,28.025575603333685,8.759924479032332,1.1749221067006026,-4.322218264335165,55.57259677640181
221.93971803956953,28.027695810691544,8.758589862885538,1.1750792923147908,-4.322022290101449,55.14195074440713
221.95140452103138,28.029811128977382,8.757255626096175,1.175238060427539,-4.321827842550126,54.711914443482854
221.9630908583331,28.031921560376585,8.755921768639135,1.175398409859758,-4.32163492132009,54.28248755161227
221.97477705019938,28.034027107074714,8.7545882904893,1.1755603394325909,-4.321443526049778,53.853669746778465
221.98646309535584,28.036127771257515,8.753255191621557,1.1757238479674312,-4.321253656377157,53.42546070696465
221.99814899252922,28.03822355511093,8.751922472010795,1.175888934285905,-4.321065311939735,52.99786011015429
222.00983474044716,28.040314460821072,8.750590131631895,1.1760555972098834,-4.32087849237456,52.57086763433052
222.02152033783847,28.042400490574213,8.749258170459745,1.1762238355614731,-4.320693197318211,52.14448295747627
222.0332057834329,28.044481646556836,8.747926588469237,1.1763936481630228,-4.320509426406804,51.71870575757538
222.04489107596106,28.046557930955604,8.74659538563525,1.1765650338371298,-4.320327179276002,51.29353571261069
222.05657621415483,28.048629345957337,8.745264561932672,1.176737991406622,-4.320146455560988,50.86897250056531
222.06826119674696,28.05069589374906,8.74393411733639,1.1769125196945742,-4.319967254896496,50.445015799422904
222.07994602247126,28.052757576517962,8.742604051821292,1.1770886175243034,-4.319789576916791,50.021665287166506
222.09163069006252,28.05481439645141,8.74127436536226,1.1772662837193684,-4.319613421255675,49.59892064177925
222.10331519825658,28.056866355736954,8.739945057934184,1.1774455171035696,-4.319438787546483,49.17678154124439
222.1149995457902,28.058913456562337,8.738616129511946,1.1776263165009517,-4.319265675422094,48.75524766354539
222.12668373140144,28.060955701115454,8.737287580070436,1.1778086807357953,-4.319094084514918,48.33431868666532
222.13836775382907,28.0629930915844,8.73595940958454,1.1779926086326333,-4.318924014456901,47.913994288587354
222.15005161181307,28.06502563015743,8.734631618029143,1.1781780990162343,-4.318755464879528,47.49427414729491
222.16173530409432,28.067053319022975,8.733304205379133,1.1783651507116173,-4.318588435413819,47.07515794077103
222.1734188294148,28.069076160369683,8.731977171609392,1.1785537625440394,-4.31842292569033,46.656645346999106
222.1851021865175,28.071094156386334,8.73065051669481,1.1787439333390046,-4.318258935339153,46.238736043962305
222.1967853741464,28.073107309261896,8.729324240610271,1.1789356619222597,-4.318096463989916,45.82142970964382
222.2084683910466,28.075115621185525,8.727998343330665,1.1791289471197959,-4.317935511271784,45.404726022027134
222.22015123596404,28.077119094346557,8.726672824830873,1.1793237877578526,-4.317776076813456,44.988624659095244
222.23183390764592,28.079117730934467,8.725347685085783,1.1795201826629067,-4.317618160243169,44.573125298831336
222.24351640484034,28.08111153313894,8.724022924070283,1.1797181306616848,-4.317461761188693,44.15822761921881
222.2551987262964,28.083100503149833,8.722698541759259,1.1799176305811616,-4.317306879277339,43.74393129824089
222.2668808707643,28.08508464315717,8.721374538127597,1.1801186812485516,-4.317153514135945,43.33023601388081
222.27856283699523,28.087063955351148,8.720050913150178,1.1803212814913207,-4.317001665390894,42.91714144412175
