galstreams/tracks/track.st.Indus.shipp2019.ecsv
# %ECSV 1.0
# ---
# datatype:
# - {name: ra, unit: deg, datatype: float64}
# - {name: dec, unit: deg, datatype: float64}
# - {name: distance, unit: kpc, datatype: float64}
# - {name: pm_ra_cosdec, unit: mas / yr, datatype: float64}
# - {name: pm_dec, unit: mas / yr, datatype: float64}
# - {name: radial_velocity, unit: km / s, datatype: float64}
# delimiter: ','
# meta: !!omap
# - __serialized_columns__:
#     dec:
#       __class__: astropy.coordinates.angles.Latitude
#       unit: &id001 !astropy.units.Unit {unit: deg}
#       value: !astropy.table.SerializedColumn {name: dec}
#     distance:
#       __class__: astropy.coordinates.distances.Distance
#       unit: !astropy.units.Unit {unit: kpc}
#       value: !astropy.table.SerializedColumn {name: distance}
#     pm_dec:
#       __class__: astropy.units.quantity.Quantity
#       unit: !astropy.units.Unit {unit: mas / yr}
#       value: !astropy.table.SerializedColumn {name: pm_dec}
#     pm_ra_cosdec:
#       __class__: astropy.units.quantity.Quantity
#       unit: !astropy.units.Unit {unit: mas / yr}
#       value: !astropy.table.SerializedColumn {name: pm_ra_cosdec}
#     ra:
#       __class__: astropy.coordinates.angles.Longitude
#       unit: *id001
#       value: !astropy.table.SerializedColumn {name: ra}
#       wrap_angle: !astropy.coordinates.Angle
#         unit: *id001
#         value: 360.0
#     radial_velocity:
#       __class__: astropy.units.quantity.Quantity
#       unit: !astropy.units.Unit {unit: km / s}
#       value: !astropy.table.SerializedColumn {name: radial_velocity}
# schema: astropy-2.0
ra,dec,distance,pm_ra_cosdec,pm_dec,radial_velocity
[from data line 753]
333.1607417260939,-57.45755057070874,16.60000000000001,2.93522683271175,-4.870837181212755,-62.42667602612235
333.17409914141854,-57.46452952088342,16.600000000000005,2.9361634943612005,-4.870839670424285,-62.390082031550925
333.18746076500634,-57.47150750948913,16.6,2.9371006492348046,-4.870842006487695,-62.353466102380985
333.20082659914374,-57.47848453587975,16.600000000000005,2.938038297627071,-4.870844189032984,-62.31682823861261
333.21419664611847,-57.48546059940862,16.600000000000005,2.93897643983258,-4.870846217689764,-62.28016844024551
333.2275709082187,-57.49243569942851,16.60000000000001,2.9399150761459234,-4.870848092087295,-62.24348670728011
333.24094938773374,-57.499409835291914,16.600000000000005,2.9408542068617667,-4.870849811854437,-62.206783039716086
333.2543320869535,-57.506383006350674,16.600000000000005,2.9417938322747874,-4.870851376619686,-62.170057437553574
333.26771900816914,-57.51335521195625,16.600000000000005,2.942733952679741,-4.870852786011151,-62.1333099007926
333.2811101536724,-57.52032645145974,16.60000000000001,2.9436745683714096,-4.870854039656562,-62.096540429432984
333.2945055257558,-57.52729672421152,16.600000000000005,2.9446156796446155,-4.870855137183282,-62.05974902347491
333.307905126713,-57.5342660295617,16.600000000000005,2.945557286794228,-4.870856078218288,-62.02293568291837
333.32130895883836,-57.54123436685991,16.60000000000001,2.946499390115165,-4.870856862388166,-61.98610040776338
333.3347170244271,-57.54820173545517,16.600000000000005,2.947441989902383,-4.870857489319148,-61.9492431980099
333.3481293257754,-57.55516813469623,16.600000000000005,2.948385086450884,-4.8708579586370595,-61.91236405365779
333.36154586518006,-57.56213356393117,16.600000000000005,2.949328680055702,-4.870858269967366,-61.8754629747072
333.37496664493904,-57.56909802250772,16.600000000000005,2.950272771011921,-4.8708584229351395,-61.83853996115817
333.3883916673511,-57.576061509773176,16.60000000000001,2.951217359614677,-4.870858417165076,-61.801595013010484
333.40182093471543,-57.5830240250742,16.600000000000005,2.9521624461591225,-4.870858252281498,-61.76462813026444
333.4152544493328,-57.58998556775714,16.600000000000005,2.9531080309404745,-4.870857927908332,-61.72763931291971
333.4286922135043,-57.59694613716783,16.600000000000012,2.9540541142539825,-4.870857443669125,-61.69062856097667
333.4421342295319,-57.60390573265156,16.600000000000005,2.9550006963949293,-4.870856799187062,-61.65359587443509
333.45558049971874,-57.61086435355324,16.600000000000005,2.9559477776586496,-4.870855994084917,-61.61654125329496
333.46903102636867,-57.61782199921732,16.600000000000005,2.956895358340524,-4.870855027985095,-61.57946469755625
333.48248581178615,-57.624778668987624,16.600000000000005,2.9578434387359467,-4.870853900509625,-61.54236620721913
333.4959448582769,-57.631734362207716,16.600000000000005,2.9587920191403825,-4.870852611280135,-61.50524578228335
333.5094081681472,-57.63868907822047,16.600000000000005,2.959741099849313,-4.870851159917889,-61.46810342274922
333.52287574370416,-57.645642816368465,16.60000000000001,2.9606906811582645,-4.870849546043754,-61.430939128616615
333.53634758725616,-57.65259557599376,16.60000000000001,2.961640763362823,-4.87084776927821,-61.393752899885335
333.5498237011118,-57.65954735643782,16.600000000000005,2.962591346758581,-4.87084582924137,-61.35654473655555
333.563304087581,-57.666498157041794,16.60000000000001,2.9635424316411836,-4.870843725552942,-61.31931463862745
333.5767887489744,-57.67344797714631,16.600000000000005,2.9644940183063273,-4.870841457832259,-61.28206260610081
333.5902776876034,-57.68039681609145,16.600000000000012,2.9654461070497216,-4.870839025698266,-61.2447886389755
333.60377090578044,-57.68734467321692,16.60000000000001,2.966398698167139,-4.870836428769525,-61.20749273725182
333.61726840581855,-57.69429154786186,16.600000000000005,2.967351791954366,-4.87083366666421,-61.1701749009294
333.6307701900318,-57.701237439364974,16.6,2.9683053887072397,-4.870830739000111,-61.13283513000879
333.6442762607351,-57.70818234706456,16.600000000000005,2.96925948872164,-4.870827645394615,-61.09547342448938
333.65778662024405,-57.715126270298256,16.600000000000005,2.970214092293462,-4.870824385464752,-61.05808978437177
333.67130127087523,-57.72206920840341,16.60000000000001,2.971169199718659,-4.8708209588271405,-61.02068420965542
333.6848202149462,-57.72901116071686,16.60000000000001,2.9721248112932206,-4.870817365098014,-60.98325670034054
333.698343454775,-57.7359521265748,16.600000000000005,2.9730809273131458,-4.870813603893234,-60.94580725642732
333.71187099268076,-57.74289210531313,16.60000000000001,2.974037548074498,-4.8708096748282514,-60.90833587791551
333.7254028309835,-57.74983109626727,16.600000000000005,2.974994673873371,-4.8708055775181425,-60.870842564805145
333.73893897200384,-57.756769098772004,16.6,2.9759523050058743,-4.870801311577596,-60.83332731709637
333.75247941806356,-57.76370611216182,16.60000000000001,2.9769104417681773,-4.870796876620895,-60.795790134788916
333.7660241714849,-57.77064213577054,16.600000000000005,2.9778690844564655,-4.87079227226196,-60.758231017883105
333.7795732345913,-57.77757716893166,16.60000000000001,2.9788282333669627,-4.870787498114298,-60.72064996637884
333.79312660970686,-57.78451121097817,16.60000000000001,2.979787888795946,-4.870782553791029,-60.68304698027598
333.80668429915653,-57.791444261242496,16.600000000000005,2.980748051039696,-4.870777438904898,-60.645422059574514
333.82024630526615,-57.798376319056636,16.600000000000005,2.9817087203945487,-4.8707721530682395,-60.60777520427463
333.83381263036233,-57.80530738375218,16.60000000000001,2.982669897156866,-4.870766695893009,-60.570106414376255
333.8473832767725,-57.81223745466006,16.600000000000005,2.9836315816230385,-4.870761066990768,-60.532415689879286
333.8609582468251,-57.81916653111087,16.600000000000005,2.984593774089488,-4.8707552659726865,-60.494703030783995
333.87453754284917,-57.82609461243472,16.60000000000001,2.985556474852692,-4.870749292449534,-60.456968437090076
333.88812116717475,-57.83302169796115,16.600000000000005,2.9865196842091306,-4.870743146031702,-60.41921190879748
333.9017091221327,-57.8399477870193,16.600000000000005,2.9874834024553323,-4.87073682632918,-60.381433445906616
333.91530141005455,-57.846872878937724,16.60000000000001,2.988447629887844,-4.870730332951565,-60.34363304841715
333.92889803327284,-57.853796973044595,16.600000000000005,2.989412366803265,-4.870723665508066,-60.305810716329205
333.9424989941209,-57.860720068667625,16.600000000000005,2.990377613498208,-4.87071682360749,-60.267966449642756
333.9561042949329,-57.867642165133866,16.600000000000005,2.99134337026932,-4.870709806858253,-60.23010024835771
333.9697139380438,-57.87456326177006,16.60000000000001,2.992309637413279,-4.870702614868383,-60.19221211247436
333.98332792578947,-57.88148335790245,16.60000000000001,2.99327641522681,-4.8706952472455,-60.15430204199226
333.99694626050643,-57.88840245285667,16.600000000000005,2.994243704006635,-4.870687703596848,-60.1163700369117
334.0105689445322,-57.89532054595799,16.600000000000005,2.9952115040495313,-4.870679983529255,-60.07841609723273
334.0241959802051,-57.90223763653111,16.60000000000001,2.996179815652296,-4.870672086649172,-60.04044022295523
334.0378273698642,-57.90915372390031,16.600000000000005,2.9971486391117574,-4.87066401256264,-60.00244241407912
334.0514631158495,-57.91606880738937,16.600000000000005,2.998117974724778,-4.870655760875306,-59.96442267060462
334.0651032205017,-57.92298288632153,16.600000000000005,2.9990878227882325,-4.870647331192433,-59.92638099253159
334.0787476861625,-57.92989596001959,16.6,3.000058183599042,-4.87063872311887,-59.88831737986004
334.09239651517436,-57.93680802780592,16.60000000000001,3.001029057454149,-4.870629936259077,-59.85023183258991
334.1060497098803,-57.94371908900222,16.600000000000005,3.0020004446505215,-4.87062097021712,-59.812124350721376
334.11970727262457,-57.95062914292988,16.60000000000001,3.0029723454851527,-4.870611824596659,-59.77399493425426
334.1333692057521,-57.95753818890977,16.600000000000005,3.003944760255078,-4.870602499000963,-59.73584358318868
334.14703551160846,-57.96444622626217,16.600000000000005,3.004917689257331,-4.870592993032899,-59.697670297524546
334.1607061925403,-57.971353254307004,16.60000000000001,3.005891132789011,-4.8705833062949315,-59.65947507726192
334.17438125089484,-57.97825927236356,16.60000000000001,3.0068650911471995,-4.870573438389142,-59.621257922400815
334.1880606890204,-57.985164279750755,16.60000000000001,3.007839564629043,-4.870563388917188,-59.58301883294112
334.20174450926595,-57.99206827578702,16.60000000000001,3.0088145535316944,-4.8705531574803445,-59.54475780888309
334.21543271398116,-57.99897125979018,16.600000000000005,3.0097900581523285,-4.870542743679486,-59.50647485022634
334.2291253055168,-58.00587323107767,16.600000000000005,3.0107660787881554,-4.87053214711508,-59.46816995697107
334.2428222862243,-58.01277418896644,16.600000000000005,3.011742615736413,-4.8705213673871945,-59.42984312911762
334.2565236584559,-58.019674132772856,16.60000000000001,3.012719669294345,-4.8705104040955,-59.391494366665306
334.27022942456466,-58.02657306181289,16.600000000000005,3.0136972397592445,-4.870499256839264,-59.35312366961469
334.2839395869044,-58.03347097540193,16.600000000000005,3.0146753274284017,-4.870487925217354,-59.314731037965444
334.2976541478299,-58.040367872854944,16.600000000000005,3.015653932599152,-4.870476408828231,-59.27631647171776
334.3113731096968,-58.047263753486426,16.600000000000005,3.016633055568853,-4.870464707269955,-59.237879970871546
334.3250964748611,-58.05415861661025,16.60000000000001,3.017612696634867,-4.8704528201401915,-59.199421535426865
334.3388242456802,-58.06105246153994,16.600000000000005,3.018592856094598,-4.870440747036195,-59.16094116538355
334.35255642451204,-58.06794528758847,16.600000000000005,3.0195735342454713,-4.870428487554812,-59.12243886074178
334.3662930137152,-58.07483709406826,16.60000000000001,3.020554731384912,-4.870416041292501,-59.08391462150158
334.3800340156494,-58.08172788029132,16.600000000000012,3.0215364478104005,-4.870403407845304,-59.04536844766273
334.393779432675,-58.08861764556917,16.600000000000005,3.0225186838194196,-4.870390586808862,-59.006800339225464
334.40752926715305,-58.09550638921272,16.600000000000005,3.023501439709466,-4.870377577778418,-58.96821029618978
334.42128352144573,-58.10239411053256,16.600000000000005,3.024484715778083,-4.870364380348792,-58.92959831855545
334.43504219791566,-58.10928080883857,16.60000000000001,3.025468512322806,-4.870350994114425,-58.89096440632268
334.4488052989265,-58.11616648344033,16.600000000000005,3.026452829641211,-4.870337418669335,-58.8523085594913
334.46257282684275,-58.12305113364686,16.60000000000001,3.027437668030885,-4.870323653607133,-58.813630778061516
334.47634478402944,-58.12993475876659,16.6,3.0284230277894406,-4.870309698521039,-58.77493106203323
334.49012117285264,-58.136817358107564,16.600000000000005,3.029408909214502,-4.870295553003848,-58.736209411406264
334.50390199567926,-58.14369893097734,16.60000000000001,3.030395312603722,-4.870281216647962,-58.69746582618098
334.5176872548767,-58.15057947668283,16.60000000000001,3.0313822382547615,-4.870266689045374,-58.65870030635715
334.5314769528136,-58.1574589945306,16.600000000000005,3.0323696864653105,-4.870251969787664,-58.61991285193478
334.545271091859,-58.16433748382672,16.600000000000005,3.0333576575330765,-4.870237058466007,-58.58110346291393
334.55906967438295,-58.171214943876606,16.60000000000001,3.0343461517557704,-4.870221954671174,-58.54227213929451
334.5728727027563,-58.17809137398536,16.600000000000005,3.0353351694311423,-4.870206657993522,-58.5034188810767
334.5866801793506,-58.184966773457404,16.60000000000001,3.0363247108569418,-4.870191168023002,-58.464543688260264
334.60049210653824,-58.191841141596804,16.600000000000005,3.03731477633095,-4.870175484349161,-58.42564656084521
334.61430848669244,-58.19871447770711,16.600000000000005,3.0383053661509543,-4.870159606561127,-58.38672749883188
334.62812932218714,-58.20558678109126,16.600000000000005,3.039296480614759,-4.870143534247627,-58.34778650221991
334.6419546153972,-58.21245805105179,16.600000000000005,3.0402881200201914,-4.870127266996974,-58.30882357100956
334.6557843686981,-58.219328286890786,16.600000000000005,3.041280284665093,-4.8701108043970684,-58.26983870520061
334.66961858446626,-58.22619748790964,16.60000000000001,3.0422729748473123,-4.870094146035409,-58.23083190479304
334.6834572650788,-58.2330656534094,16.600000000000005,3.0432661908647263,-4.870077291499077,-58.19180316978706
334.69730041291376,-58.239932782690616,16.600000000000005,3.0442599330152174,-4.87006024037474,-58.15275250018274
334.7111480303497,-58.24679887505322,16.600000000000005,3.0452542015966824,-4.870042992248665,-58.11367989597969
334.7250001197664,-58.25366392979679,16.600000000000005,3.0462489969070443,-4.870025546706691,-58.07458535717816
334.7388566835438,-58.26052794622021,16.60000000000001,3.047244319244218,-4.870007903334266,-58.03546888377817
334.75271772406325,-58.26739092362204,16.600000000000005,3.048240168906151,-4.869990061716415,-57.99633047577972
334.7665832437067,-58.2742528613003,16.600000000000005,3.0492365461908095,-4.869972021437734,-57.9571701331826
334.7804532448566,-58.28111375855236,16.600000000000005,3.0502334513961413,-4.869953782082439,-57.917987855987136
334.79432772989645,-58.28797361467527,16.600000000000005,3.0512308848201384,-4.8699353432343075,-57.878783644193135
334.8082067012106,-58.29483242896553,16.6,3.0522288467608005,-4.86991670447671,-57.83955749780055
334.822090161184,-58.30169020071902,16.600000000000005,3.053227337516119,-4.869897865392609,-57.80030941680948
334.8359781122025,-58.30854692923129,16.60000000000001,3.0542263573841226,-4.869878825564543,-57.76103940121981
334.8498705566525,-58.31540261379718,16.600000000000005,3.05522590666283,-4.869859584574651,-57.721747451031746
334.8637674969215,-58.32225725371121,16.600000000000005,3.0562259856502854,-4.8698401420046435,-57.68243356624517
334.8776689353977,-58.32911084826735,16.600000000000005,3.0572265946445434,-4.869820497435814,-57.64309774686007
334.89157487446977,-58.33596339675893,16.600000000000005,3.058227733943653,-4.869800650449056,-57.60373999287649
334.90548531652763,-58.34281489847894,16.6,3.059229403845695,-4.869780600624833,-57.56436030429434
334.91940026396173,-58.34966535271982,16.600000000000005,3.0602316046487497,-4.869760347543195,-57.52495868111382
334.9333197191632,-58.35651475877339,16.600000000000005,3.061234336650908,-4.869739890783782,-57.485535123334635
334.94724368452415,-58.36336311593115,16.600000000000005,3.0622376001502656,-4.86971922992581,-57.44608963095702
334.96117216243726,-58.37021042348391,16.600000000000005,3.0632413954449262,-4.869698364548086,-57.40662220398078
334.9751051552962,-58.37705668072205,16.60000000000001,3.064245722833017,-4.8696772942289925,-57.36713284240618
334.9890426654953,-58.38390188693552,16.600000000000005,3.065250582612659,-4.869656018546495,-57.32762154623301
335.0029846954296,-58.3907460414136,16.600000000000005,3.066255975081982,-4.869634537078145,-57.28808831546124
335.01693124749494,-58.397589143445146,16.600000000000005,3.0672619005391244,-4.869612849401075,-57.24853315009119
335.0308823240881,-58.404431192318555,16.600000000000005,3.0682683592822455,-4.869590955091994,-57.20895605012254
335.04483792760635,-58.411272187321586,16.600000000000005,3.0692753516094884,-4.869568853727194,-57.169357015555235
335.05879806044794,-58.418112127741594,16.600000000000005,3.0702828778190137,-4.86954654488256,-57.12973604638953
335.0727627250119,-58.4249510128654,16.600000000000005,3.071290938209002,-4.869524028133531,-57.090093142625385
