galstreams/tracks/track.st.Hyllus.grillmair2014.ecsv
# %ECSV 0.9
# ---
# datatype:
# - {name: ra, unit: deg, datatype: float64}
# - {name: dec, unit: deg, datatype: float64}
# - {name: distance, unit: kpc, datatype: float64}
# - {name: pm_ra_cosdec, unit: mas / yr, datatype: float64}
# - {name: pm_dec, unit: mas / yr, datatype: float64}
# - {name: radial_velocity, unit: km / s, datatype: float64}
# delimiter: ','
# meta: !!omap
# - __serialized_columns__:
#     dec:
#       __class__: astropy.coordinates.angles.Latitude
#       unit: &id001 !astropy.units.Unit {unit: deg}
#       value: !astropy.table.SerializedColumn {name: dec}
#     distance:
#       __class__: astropy.coordinates.distances.Distance
#       unit: !astropy.units.Unit {unit: kpc}
#       value: !astropy.table.SerializedColumn {name: distance}
#     pm_dec:
#       __class__: astropy.units.quantity.Quantity
#       unit: !astropy.units.Unit {unit: mas / yr}
#       value: !astropy.table.SerializedColumn {name: pm_dec}
#     pm_ra_cosdec:
#       __class__: astropy.units.quantity.Quantity
#       unit: !astropy.units.Unit {unit: mas / yr}
#       value: !astropy.table.SerializedColumn {name: pm_ra_cosdec}
#     ra:
#       __class__: astropy.coordinates.angles.Longitude
#       unit: *id001
#       value: !astropy.table.SerializedColumn {name: ra}
#       wrap_angle: !astropy.coordinates.Angle
#         unit: *id001
#         value: 360.0
#     radial_velocity:
#       __class__: astropy.units.quantity.Quantity
#       unit: !astropy.units.Unit {unit: km / s}
#       value: !astropy.table.SerializedColumn {name: radial_velocity}
# schema: astropy-2.0
ra,dec,distance,pm_ra_cosdec,pm_dec,radial_velocity
[from data line 706]
246.6955632995034,17.899151882029848,21.650250447017132,0.0,0.0,0.0
246.6932638347131,17.909005997916207,21.648321950382357,0.0,0.0,0.0
246.6909672970205,17.918860354458214,21.64639340523282,0.0,0.0,0.0
246.68867368636955,17.928714951697128,21.644464811569584,0.0,0.0,0.0
246.68638300270473,17.938569789674425,21.642536169393697,0.0,0.0,0.0
246.68409524597124,17.948424868431424,21.640607478706208,0.0,0.0,0.0
246.68181041611456,17.95828018800956,21.63867873950818,0.0,0.0,0.0
246.67952851308087,17.968135748450244,21.636749951800653,0.0,0.0,0.0
246.6772495368168,17.977991549795068,21.63482111558469,0.0,0.0,0.0
246.67497348726948,17.987847592085522,21.63289223086133,0.0,0.0,0.0
246.6727003643868,17.99770387536316,21.630963297631638,0.0,0.0,0.0
246.6704301681169,18.007560399669526,21.62903431589666,0.0,0.0,0.0
246.66816289840847,18.017417165046368,21.62710528565745,0.0,0.0,0.0
246.66589855521096,18.027274171535293,21.625176206915057,0.0,0.0,0.0
246.66363713847412,18.037131419177992,21.62324707967054,0.0,0.0,0.0
246.66137864814837,18.046988908016143,21.621317903924947,0.0,0.0,0.0
246.65912308418459,18.056846638091624,21.61938867967933,0.0,0.0,0.0
246.6568704465342,18.066704609446163,21.617459406934746,0.0,0.0,0.0
246.65462073514917,18.076562822121588,21.615530085692235,0.0,0.0,0.0
246.65237394998204,18.0864212761597,21.61360071595286,0.0,0.0,0.0
246.65013009098578,18.09627997160249,21.61167129771767,0.0,0.0,0.0
246.6478891581139,18.10613890849182,21.609741830987723,0.0,0.0,0.0
246.64565115132066,18.115998086869624,21.60781231576407,0.0,0.0,0.0
246.64341607056053,18.125857506777844,21.60588275204774,0.0,0.0,0.0
246.6411839157887,18.13571716825857,21.60395313983982,0.0,0.0,0.0
246.6389546869609,18.14557707135379,21.602023479141344,0.0,0.0,0.0
246.63672838403332,18.155437216105554,21.600093769953375,0.0,0.0,0.0
246.63450500696268,18.165297602555903,21.598164012276953,0.0,0.0,0.0
246.63228455570635,18.175158230747062,21.59623420611313,0.0,0.0,0.0
246.63006703022205,18.185019100721107,21.594304351462966,0.0,0.0,0.0
246.62785243046827,18.19488021252015,21.59237444832751,0.0,0.0,0.0
246.62564075640373,18.204741566186513,21.590444496707818,0.0,0.0,0.0
246.623432007988,18.214603161762334,21.588514496604933,0.0,0.0,0.0
246.6212261851809,18.224464999289882,21.58658444801992,0.0,0.0,0.0
246.61902328794307,18.23432707881135,21.584654350953826,0.0,0.0,0.0
246.61682331623538,18.244189400369166,21.582724205407693,0.0,0.0,0.0
246.61462627001947,18.254051964005576,21.58079401138259,0.0,0.0,0.0
246.61243214925742,18.263914769762938,21.578863768879554,0.0,0.0,0.0
246.61024095391187,18.27377781768354,21.576933477899647,0.0,0.0,0.0
246.60805268394597,18.28364110780991,21.57500313844392,0.0,0.0,0.0
246.6058673393234,18.293504640184388,21.573072750513425,0.0,0.0,0.0
246.60368492000842,18.303368414849412,21.571142314109217,0.0,0.0,0.0
246.6015054259658,18.31323243184739,21.569211829232337,0.0,0.0,0.0
246.59932885716077,18.3230966912209,21.567281295883852,0.0,0.0,0.0
246.5971552135593,18.332961193012395,21.56535071406481,0.0,0.0,0.0
246.59498449512762,18.342825937264404,21.56342008377625,0.0,0.0,0.0
246.59281670183276,18.352690924019395,21.56148940501924,0.0,0.0,0.0
246.59065183364214,18.36255615332006,21.559558677794826,0.0,0.0,0.0
246.5884898905237,18.372421625208904,21.55762790210407,0.0,0.0,0.0
246.58633087244596,18.382287339728542,21.555697077948007,0.0,0.0,0.0
246.5841747793781,18.392153296921542,21.553766205327694,0.0,0.0,0.0
246.58202161128955,18.402019496830643,21.5518352842442,0.0,0.0,0.0
246.5798713681505,18.41188593949846,21.549904314698548,0.0,0.0,0.0
246.5777240499316,18.421752624967656,21.547973296691822,0.0,0.0,0.0
246.57557965660413,18.431619553280875,21.546042230225048,0.0,0.0,0.0
246.57343818813976,18.44148672448093,21.54411111529929,0.0,0.0,0.0
246.57129964451082,18.451354138610508,21.54217995191561,0.0,0.0,0.0
246.5691640256901,18.46122179571234,21.540248740075043,0.0,0.0,0.0
246.567031331651,18.471089695829136,21.538317479778648,0.0,0.0,0.0
246.56490156236737,18.480957839003782,21.536386171027484,0.0,0.0,0.0
246.5627747178136,18.490826225279,21.53445481382258,0.0,0.0,0.0
246.5606507979648,18.500694854697617,21.532523408165023,0.0,0.0,0.0
246.55852980279636,18.510563727302383,21.530591954055836,0.0,0.0,0.0
246.5564117322844,18.520432843136245,21.528660451496094,0.0,0.0,0.0
246.5542965864055,18.53030220224201,21.526728900486827,0.0,0.0,0.0
246.5521843651367,18.54017180466252,21.5247973010291,0.0,0.0,0.0
246.5500750684558,18.55004165044061,21.522865653123965,0.0,0.0,0.0
246.547968696341,18.559911739619267,21.520933956772474,0.0,0.0,0.0
246.54586524877098,18.569782072241342,21.519002211975675,0.0,0.0,0.0
246.54376472572503,18.579652648349743,21.51707041873463,0.0,0.0,0.0
246.54166712718305,18.589523467987345,21.51513857705038,0.0,0.0,0.0
246.5395724531253,18.599394531197184,21.513206686923976,0.0,0.0,0.0
246.53748070353282,18.609265838022164,21.511274748356477,0.0,0.0,0.0
246.53539187838703,18.61913738850518,21.509342761348936,0.0,0.0,0.0
246.53330597766984,18.629009182689305,21.50741072590241,0.0,0.0,0.0
246.53122300136383,18.638881220617463,21.505478642017938,0.0,0.0,0.0
246.5291429494521,18.648753502332635,21.503546509696584,0.0,0.0,0.0
246.52706582191828,18.65862602787777,21.50161432893939,0.0,0.0,0.0
246.52499161874647,18.668498797295978,21.499682099747417,0.0,0.0,0.0
246.52292033992137,18.678371810630214,21.497749822121712,0.0,0.0,0.0
246.52085198542832,18.6882450679235,21.495817496063335,0.0,0.0,0.0
246.518786555253,18.698118569218806,21.493885121573324,0.0,0.0,0.0
246.51672404938182,18.707992314559277,21.491952698652746,0.0,0.0,0.0
246.5146644678016,18.7178663039879,21.49002022730264,0.0,0.0,0.0
246.51260781049973,18.72774053754773,21.488087707524066,0.0,0.0,0.0
246.5105540774642,18.737615015281747,21.486155139318083,0.0,0.0,0.0
246.50850326868354,18.74748973723314,21.484222522685734,0.0,0.0,0.0
246.50645538414673,18.7573647034449,21.48228985762807,0.0,0.0,0.0
246.50441042384338,18.767239913960122,21.480357144146147,0.0,0.0,0.0
246.50236838776368,18.7771153688218,21.478424382241013,0.0,0.0,0.0
246.5003292758982,18.78699106807314,21.476491571913737,0.0,0.0,0.0
246.49829308823823,18.79686701175715,21.474558713165347,0.0,0.0,0.0
246.4962598247755,18.806743199916944,21.47262580599691,0.0,0.0,0.0
246.49422948550236,18.81661963259554,21.470692850409467,0.0,0.0,0.0
246.49220207041162,18.826496309836127,21.46875984640409,0.0,0.0,0.0
246.4901775794967,18.83637323168177,21.46682679398181,0.0,0.0,0.0
246.4881560127515,18.846250398175552,21.464893693143686,0.0,0.0,0.0
246.48613737017052,18.85612780936051,21.462960543890784,0.0,0.0,0.0
246.48412165174886,18.86600546527987,21.46102734622414,0.0,0.0,0.0
246.482108857482,18.875883365976655,21.459094100144814,0.0,0.0,0.0
246.48009898736612,18.885761511493996,21.457160805653846,0.0,0.0,0.0
246.47809204139793,18.8956399018749,21.45522746275231,0.0,0.0,0.0
246.47608801957455,18.905518537162607,21.453294071441242,0.0,0.0,0.0
246.47408692189376,18.915397417400158,21.451360631721695,0.0,0.0,0.0
246.47208874835394,18.92527654263064,21.449427143594725,0.0,0.0,0.0
246.4700934989539,18.9351559128971,21.447493607061386,0.0,0.0,0.0
246.468101173693,18.94503552824275,21.445560022122727,0.0,0.0,0.0
246.46611177257128,18.954915388710628,21.44362638877981,0.0,0.0,0.0
246.46412529558913,18.96479549434382,21.441692707033667,0.0,0.0,0.0
246.4621417427477,18.97467584518536,21.43975897688537,0.0,0.0,0.0
246.46016111404853,18.984556441278457,21.437825198335958,0.0,0.0,0.0
246.45818340949378,18.994437282666116,21.43589137138649,0.0,0.0,0.0
246.4562086290861,19.004318369391378,21.43395749603802,0.0,0.0,0.0
246.45423677282872,19.01419970149742,21.432023572291587,0.0,0.0,0.0
246.45226784072545,19.024081279027257,21.430089600148264,0.0,0.0,0.0
246.4503018327807,19.033963102023957,21.428155579609083,0.0,0.0,0.0
246.44833874899925,19.04384517053051,21.42622151067512,0.0,0.0,0.0
246.44637858938646,19.0537274845901,21.42428739334741,0.0,0.0,0.0
246.4444213539485,19.063610044245706,21.422353227627,0.0,0.0,0.0
246.4424670426918,19.073492849540376,21.42041901351496,0.0,0.0,0.0
246.44051565562341,19.083375900517076,21.41848475101233,0.0,0.0,0.0
246.43856719275104,19.09325919721896,21.416550440120158,0.0,0.0,0.0
246.43662165408273,19.103142739688977,21.414616080839515,0.0,0.0,0.0
246.43467903962735,19.11302652797015,21.41268167317143,0.0,0.0,0.0
246.43273934939415,19.122910562105417,21.41074721711698,0.0,0.0,0.0
246.43080258339296,19.13279484213789,21.40881271267719,0.0,0.0,0.0
246.4288687416341,19.142679368110503,21.406878159853136,0.0,0.0,0.0
246.42693782412854,19.15256414006622,21.404943558645858,0.0,0.0,0.0
246.42500983088777,19.16244915804795,21.40300890905642,0.0,0.0,0.0
246.42308476192383,19.172334422098782,21.401074211085852,0.0,0.0,0.0
246.42116261724928,19.18221993226159,21.399139464735224,0.0,0.0,0.0
246.41924339687728,19.192105688579304,21.39720467000559,0.0,0.0,0.0
246.41732710082147,19.20199169109479,21.395269826897998,0.0,0.0,0.0
246.41541372909614,19.211877939851096,21.393334935413492,0.0,0.0,0.0
246.41350328171612,19.221764434891043,21.391399995553137,0.0,0.0,0.0
246.41159575869665,19.23165117625752,21.38946500731797,0.0,0.0,0.0
246.40969116005368,19.241538163993358,21.38752997070906,0.0,0.0,0.0
246.4077894858037,19.251425398141524,21.38559488572745,0.0,0.0,0.0
246.40589073596368,19.26131287874481,21.383659752374193,0.0,0.0,0.0
246.40399491055115,19.271200605846055,21.381724570650334,0.0,0.0,0.0
246.40210200958427,19.28108857948802,21.379789340556943,0.0,0.0,0.0
246.40021203308171,19.29097679971362,21.377854062095064,0.0,0.0,0.0
246.39832498106264,19.30086526656559,21.375918735265746,0.0,0.0,0.0
246.39644085354684,19.310753980086723,21.37398336007004,0.0,0.0,0.0
246.39455965055464,19.320642940319697,21.372047936509002,0.0,0.0,0.0
246.39268137210698,19.330532147307387,21.37011246458369,0.0,0.0,0.0
246.39080601822528,19.340421601092462,21.368176944295147,0.0,0.0,0.0
246.38893358893142,19.350311301717635,21.366241375644428,0.0,0.0,0.0
246.3870640842481,19.360201249225536,21.364305758632586,0.0,0.0,0.0
246.38519750419832,19.370091443658964,21.362370093260672,0.0,0.0,0.0
246.38333384880573,19.379981885060506,21.360434379529742,0.0,0.0,0.0
246.38147311809465,19.38987257347277,21.358498617440844,0.0,0.0,0.0
246.37961531208973,19.39976350893847,21.356562806995033,0.0,0.0,0.0
246.3777604308164,19.40965469150017,21.354626948193356,0.0,0.0,0.0
246.37590847430045,19.419546121200444,21.352691041036874,0.0,0.0,0.0
246.37405944256838,19.429437798081803,21.350755085526632,0.0,0.0,0.0
246.3722133356471,19.439329722186905,21.348819081663684,0.0,0.0,0.0
246.3703701535643,19.449221893558217,21.34688302944909,0.0,0.0,0.0
246.36852989634795,19.459114312238242,21.344946928883886,0.0,0.0,0.0
246.36669256402678,19.46900697826942,21.343010779969134,0.0,0.0,0.0
246.36485815663002,19.478899891694304,21.341074582705897,0.0,0.0,0.0
246.36302667418747,19.48879305255529,21.339138337095207,0.0,0.0,0.0
246.3611981167294,19.49868646089479,21.337202043138127,0.0,0.0,0.0
246.35937248428672,19.508580116755148,21.335265700835713,0.0,0.0,0.0
246.35754977689098,19.518474020178846,21.333329310189004,0.0,0.0,0.0
246.3557299945741,19.528368171208168,21.331392871199068,0.0,0.0,0.0
246.3539131373687,19.538262569885458,21.329456383866948,0.0,0.0,0.0
246.35209920530784,19.548157216252942,21.327519848193692,0.0,0.0,0.0
246.35028819842526,19.558052110353028,21.325583264180356,0.0,0.0,0.0
246.34848011675524,19.567947252227892,21.323646631828005,0.0,0.0,0.0
246.34667496033254,19.57784264191978,21.321709951137677,0.0,0.0,0.0
246.34487272919256,19.58773827947083,21.319773222110424,0.0,0.0,0.0
246.34307342337124,19.597634164923324,21.317836444747307,0.0,0.0,0.0
246.341277042905,19.60753029831936,21.31589961904937,0.0,0.0,0.0
246.33948358783098,19.617426679701065,21.31396274501767,0.0,0.0,0.0
246.3376930581868,19.62732330911047,21.312025822653265,0.0,0.0,0.0
246.33590545401051,19.637220186589772,21.31008885195719,0.0,0.0,0.0
246.33412077534098,19.647117312180942,21.308151832930513,0.0,0.0,0.0
246.33233902221738,19.657014685926004,21.306214765574282,0.0,0.0,0.0
246.33056019467963,19.66691230786688,21.304277649889546,0.0,0.0,0.0
246.3287842927682,19.676810178045642,21.30234048587736,0.0,0.0,0.0
246.32701131652396,19.686708296504168,21.300403273538773,0.0,0.0,0.0
246.32524126598855,19.69660666328434,21.298466012874847,0.0,0.0,0.0
246.323474141204,19.70650527842799,21.29652870388661,0.0,0.0,0.0
246.3217099422131,19.71640414197706,21.294591346575157,0.0,0.0,0.0
246.31994866905887,19.7263032539733,21.29265394094149,0.0,0.0,0.0
246.3181903217853,19.736202614458485,21.290716486986707,0.0,0.0,0.0
246.3164349004366,19.74610222347431,21.288778984711836,0.0,0.0,0.0
246.31468240505777,19.7560020810626,21.28684143411792,0.0,0.0,0.0
246.31293283569434,19.765902187264984,21.284903835206034,0.0,0.0,0.0
246.31118619239223,19.77580254212305,21.28296618797722,0.0,0.0,0.0
246.3094424751981,19.785703145678536,21.281028492432526,0.0,0.0,0.0
246.30770168415918,19.79560399797296,21.279090748573015,0.0,0.0,0.0
246.30596381932318,19.80550509904789,21.277152956399725,0.0,0.0,0.0
246.30422888073835,19.81540644894477,21.27521511591372,0.0,0.0,0.0
246.3024968684536,19.825308047705207,21.273277227116047,0.0,0.0,0.0
246.3007677825184,19.835209895370586,21.27133929000776,0.0,0.0,0.0
246.2990416229827,19.845111991982325,21.269401304589913,0.0,0.0,0.0
246.2973183898971,19.855014337581746,21.26746327086356,0.0,0.0,0.0
246.29559808331265,19.864916932210306,21.26552518882974,0.0,0.0,0.0
246.29388070328116,19.87481977590926,21.263587058489527,0.0,0.0,0.0
246.29216624985483,19.884722868719876,21.26164887984395,0.0,0.0,0.0
246.2904547230865,19.894626210683324,21.25971065289408,0.0,0.0,0.0
246.28874612302954,19.904529801840926,21.257772377640958,0.0,0.0,0.0
246.28704044973796,19.914433642233785,21.255834054085643,0.0,0.0,0.0
246.28533770326624,19.924337731903027,21.25389568222918,0.0,0.0,0.0
246.28363788366954,19.934242070889663,21.251957262072622,0.0,0.0,0.0
246.28194099100347,19.944146659234864,21.25001879361704,0.0,0.0,0.0
246.28024702532426,19.95405149697958,21.24808027686346,0.0,0.0,0.0
246.27855598668873,19.963956584164794,21.24614171181295,0.0,0.0,0.0
246.2768678751543,19.973861920831354,21.244203098466553,0.0,0.0,0.0
246.2751826907788,19.98376750702028,21.242264436825327,0.0,0.0,0.0
246.27350043362085,19.993673342772354,21.240325726890322,0.0,0.0,0.0
246.27182110373946,20.00357942812839,21.238386968662596,0.0,0.0,0.0
246.27014470119425,20.01348576312909,21.236448162143198,0.0,0.0,0.0
246.26847122604548,20.023392347815303,21.234509307333173,0.0,0.0,0.0
246.26680067835386,20.033299182227665,21.23257040423358,0.0,0.0,0.0
246.26513305818085,20.0432062664068,21.230631452845476,0.0,0.0,0.0
246.26346836558835,20.05311360039326,21.2286924531699,0.0,0.0,0.0
246.2618066006388,20.06302118422771,21.22675340520792,0.0,0.0,0.0
246.26014776339525,20.072929017950624,21.224814308960575,0.0,0.0,0.0
246.25849185392144,20.082837101602458,21.22287516442892,0.0,0.0,0.0
246.25683887228143,20.09274543522358,21.22093597161402,0.0,0.0,0.0
246.25518881854012,20.1026540188545,21.21899673051691,0.0,0.0,0.0
246.2535416927628,20.112562852535497,21.21705744113865,0.0,0.0,0.0
246.25189749501536,20.122471936306848,21.215118103480293,0.0,0.0,0.0
246.25025622536438,20.13238127020877,21.213178717542892,0.0,0.0,0.0
246.24861788387682,20.142290854281562,21.211239283327494,0.0,0.0,0.0
246.2469824706204,20.152200688565333,21.20929980083515,0.0,0.0,0.0
246.24534998566327,20.162110773100125,21.207360270066925,0.0,0.0,0.0
246.2437204290742,20.17202110792613,21.205420691023868,0.0,0.0,0.0
246.24209380092262,20.181931693083303,21.203481063707017,0.0,0.0,0.0
246.24047010127836,20.19184252861161,21.20154138811743,0.0,0.0,0.0
246.23884933021196,20.20175361455098,21.199601664256175,0.0,0.0,0.0
246.2372314877945,20.21166495094122,21.197661892124284,0.0,0.0,0.0
