galstreams/tracks/track.st.Gunnthra.ibata2021.ecsv
# %ECSV 0.9
# ---
# datatype:
# - {name: ra, unit: deg, datatype: float64}
# - {name: dec, unit: deg, datatype: float64}
# - {name: distance, unit: kpc, datatype: float64}
# - {name: pm_ra_cosdec, unit: mas / yr, datatype: float64}
# - {name: pm_dec, unit: mas / yr, datatype: float64}
# - {name: radial_velocity, unit: km / s, datatype: float64}
# delimiter: ','
# meta: !!omap
# - __serialized_columns__:
#     dec:
#       __class__: astropy.coordinates.angles.Latitude
#       unit: &id001 !astropy.units.Unit {unit: deg}
#       value: !astropy.table.SerializedColumn {name: dec}
#     distance:
#       __class__: astropy.coordinates.distances.Distance
#       unit: !astropy.units.Unit {unit: kpc}
#       value: !astropy.table.SerializedColumn {name: distance}
#     pm_dec:
#       __class__: astropy.units.quantity.Quantity
#       unit: !astropy.units.Unit {unit: mas / yr}
#       value: !astropy.table.SerializedColumn {name: pm_dec}
#     pm_ra_cosdec:
#       __class__: astropy.units.quantity.Quantity
#       unit: !astropy.units.Unit {unit: mas / yr}
#       value: !astropy.table.SerializedColumn {name: pm_ra_cosdec}
#     ra:
#       __class__: astropy.coordinates.angles.Longitude
#       unit: *id001
#       value: !astropy.table.SerializedColumn {name: ra}
#       wrap_angle: !astropy.coordinates.Angle
#         unit: *id001
#         value: 360.0
#     radial_velocity:
#       __class__: astropy.units.quantity.Quantity
#       unit: !astropy.units.Unit {unit: km / s}
#       value: !astropy.table.SerializedColumn {name: radial_velocity}
# schema: astropy-2.0
ra,dec,distance,pm_ra_cosdec,pm_dec,radial_velocity
[from data line 544]
285.37328227392436,-73.56169190577731,3.1091320645187532,-14.777777222470423,-23.714703077080927,1.8525687685719145e-13
285.3972123873838,-73.5540824808023,3.1090841106940013,-14.768524925372347,-23.723516873415175,2.694645481559148e-13
285.42110510392257,-73.54646738544322,3.109035970880293,-14.75928340234477,-23.732321100627217,2.020984111169361e-13
285.4449604710195,-73.53884663192356,3.108987645890809,-14.750052646602988,-23.741115778588803,2.1893994537668078e-13
285.4687785361814,-73.53122023244276,3.1089391365387264,-14.740832651317582,-23.749900927130806,1.515738083377021e-13
285.4925593469427,-73.5235881991763,3.1088904436372276,-14.731623409614546,-23.758676566043206,1.515738083377021e-13
285.51630295086477,-73.5159505442758,3.108841567999492,-14.722424914575791,-23.767442715074903,1.6841534259744677e-13
285.5400093955356,-73.50830727986883,3.1087925104386986,-14.71323715923915,-23.776199393933787,1.8525687685719145e-13
285.5636787285693,-73.50065841805916,3.1087432717680272,-14.70406013659879,-23.78494662228657,2.1893994537668078e-13
285.5873109976055,-73.49300397092664,3.1086938528006582,-14.694893839605342,-23.793684419758772,2.1893994537668078e-13
285.6109062503086,-73.48534395052741,3.1086442543497723,-14.685738261166529,-23.80241280593448,1.8525687685719145e-13
285.63446453436774,-73.47767836889378,3.108594477228546,-14.676593394146911,-23.81113180035653,2.5262301389617017e-13
285.657985897496,-73.47000723803424,3.1085445222501624,-14.667459231368511,-23.81984142252627,1.8525687685719145e-13
285.68147038743007,-73.4623305699336,3.1084943902278006,-14.65833576561098,-23.828541691903492,1.347322740779574e-13
285.7049180519293,-73.4546483765531,3.1084440819746404,-14.649222989611907,-23.837232627906374,2.3578147963642546e-13
285.7283289387761,-73.44696066983018,3.10839359830386,-14.640120896066925,-23.845914249911527,2.020984111169361e-13
285.7517030957744,-73.43926746167871,3.1083429400286415,-14.631029477630122,-23.854586577253748,2.3578147963642546e-13
285.77504057075015,-73.43156876398893,3.1082921079621633,-14.621948726914214,-23.863249629226104,2.020984111169361e-13
285.79834141154976,-73.42386458862768,3.108241102917605,-14.612878636490994,-23.8719034250797,1.6841534259744677e-13
285.8216056660407,-73.41615494743814,3.1081899257081482,-14.603819198891259,-23.880547984023796,1.6841534259744677e-13
285.8448333821104,-73.40843985224,3.1081385771469714,-14.594770406605285,-23.889183325225687,2.020984111169361e-13
285.8680246076657,-73.40071931482962,3.108087058047254,-14.585732252083174,-23.89780946781051,2.3578147963642546e-13
285.8911793906329,-73.39299334697985,3.1080353692221765,-14.576704727734814,-23.906426430861412,1.8525687685719145e-13
285.91429777895655,-73.38526196044016,3.1079835114849184,-14.56768782593042,-23.915034233419284,2.020984111169361e-13
285.9373798205999,-73.37752516693665,3.1079314856486593,-14.558681539000558,-23.92363289448286,2.5262301389617017e-13
285.9604255635434,-73.36978297817224,3.1078792925265795,-14.549685859236664,-23.932222433008487,1.8525687685719145e-13
285.983435055785,-73.36203540582645,3.107826932931859,-14.540700778891011,-23.940802867910257,2.1893994537668078e-13
286.0064083453395,-73.35428246155556,3.1077744076776774,-14.531726290177103,-23.949374218059845,1.515738083377021e-13
286.02934548023785,-73.34652415699264,3.1077217175772147,-14.522762385269933,-23.957936502286472,2.020984111169361e-13
286.0522465085269,-73.33876050374766,3.10766886344365,-14.513809056306297,-23.96648973937681,1.515738083377021e-13
286.07511147826887,-73.3309915134074,3.107615846090163,-14.50486629538485,-23.97503394807502,2.020984111169361e-13
286.0979404375411,-73.32321719753547,3.107562666329935,-14.495934094566461,-23.98356914708267,1.1789073981821273e-13
286.1207334344354,-73.31543756767248,3.107509324976144,-14.487012445874498,-23.992095355058638,2.020984111169361e-13
286.14349051705733,-73.30765263533604,3.1074558228419717,-14.478101341295071,-24.000612590619056,1.515738083377021e-13
286.1662117335263,-73.29986241202066,3.1074021607405955,-14.469200772777217,-24.009120872337377,1.6841534259744677e-13
286.1888971319749,-73.29206690919794,3.107348339485197,-14.460310732233122,-24.017620218744206,2.020984111169361e-13
286.2115467605484,-73.28426613831648,3.107294359888957,-14.451431211538416,-24.026110648327332,2.3578147963642546e-13
286.2341606674041,-73.27646011080212,3.1072402227650517,-14.442562202532566,-24.034592179531604,2.020984111169361e-13
286.25673890071147,-73.26864883805773,3.1071859289266643,-14.433703697018785,-24.04306483075894,1.515738083377021e-13
286.2792815086511,-73.26083233146336,3.1071314791869726,-14.424855686764554,-24.051528620368323,2.020984111169361e-13
286.3017885394149,-73.25301060237626,3.107076874359159,-14.41601816350165,-24.059983566675697,1.8525687685719145e-13
286.32426004120475,-73.24518366213101,3.1070221152564006,-14.407191118926711,-24.06842968795386,1.6841534259744677e-13
286.3466960622332,-73.23735152203939,3.106967202691878,-14.398374544701069,-24.076867002432635,1.6841534259744677e-13
286.3690966507221,-73.22951419339049,3.106912137478771,-14.389568432451263,-24.08529552829862,2.020984111169361e-13
286.3914618549028,-73.22167168745072,3.10685692043026,-14.380772773769138,-24.093715283695257,2.1893994537668078e-13
286.41379172301515,-73.21382401546403,3.106801552359524,-14.37198756021225,-24.102126286722743,2.020984111169361e-13
286.4360863033077,-73.20597118865163,3.1067460340797433,-14.363212783303897,-24.110528555438044,1.6841534259744677e-13
286.4583456440369,-73.19811321821227,3.106690366404098,-14.35444843453347,-24.11892210785484,2.020984111169361e-13
286.48056979346694,-73.19025011532209,3.106634550145767,-14.345694505356612,-24.127306961943518,1.1789073981821273e-13
286.5027587998687,-73.18238189113495,3.1065785861179314,-14.336950987195646,-24.135683135630977,2.020984111169361e-13
286.52491271152024,-73.17450855678209,3.1065224751337692,-14.328217871439534,-24.144050646800864,1.515738083377021e-13
286.5470315767058,-73.16663012337243,3.106466218006462,-14.319495149444268,-24.152409513293346,1.1789073981821273e-13
286.56911544371576,-73.15874660199248,3.106409815549189,-14.310782812533063,-24.160759752905147,1.515738083377021e-13
286.5911643608456,-73.15085800370653,3.1063532685751296,-14.302080851996662,-24.1691013833895,2.1893994537668078e-13
286.6131783763963,-73.14296433955647,3.1062965778974636,-14.293389259093392,-24.177434422456123,1.6841534259744677e-13
286.6351575386736,-73.13506562056193,3.1062397443293714,-14.284708025049564,-24.185758887771215,2.1893994537668078e-13
286.6571018959871,-73.12716185772042,3.1061827686840333,-14.276037141059659,-24.19407479695735,1.6841534259744677e-13
286.67901149665096,-73.11925306200722,3.1061256517746276,-14.267376598286454,-24.20238216759357,2.5262301389617017e-13
286.7008863889825,-73.1113392443754,3.1060683944143346,-14.258726387861332,-24.210681017215315,1.6841534259744677e-13
286.7227266213024,-73.10342041575595,3.106010997416335,-14.250086500884517,-24.218971363314317,1.347322740779574e-13
286.7445322419337,-73.0954965870579,3.1059534615938063,-14.241456928425363,-24.227253223338636,2.1893994537668078e-13
286.7663032992024,-73.0875677691681,3.105895787759932,-14.232837661522337,-24.235526614692677,2.020984111169361e-13
286.7880398414361,-73.07963397295144,3.1058379767278894,-14.22422869118349,-24.24379155473715,2.5262301389617017e-13
286.80974191696424,-73.07169520925082,3.1057800293108584,-14.215630008386498,-24.252048060789036,1.515738083377021e-13
286.83140957411723,-73.06375148888735,3.105721946322019,-14.207041604079109,-24.26029615012147,1.515738083377021e-13
286.8530428612265,-73.0558028226601,3.105663728574552,-14.198463469179128,-24.268535839963892,1.347322740779574e-13
286.874641826624,-73.04784922134631,3.1056053768816354,-14.189895594574756,-24.276767147501936,2.1893994537668078e-13
286.89620651864186,-73.0398906957014,3.1055468920564513,-14.181337971124677,-24.284990089877457,1.515738083377021e-13
286.9177369856116,-73.03192725645913,3.1054882749121777,-14.172790589658602,-24.2932046841884,1.6841534259744677e-13
286.9392332758644,-73.02395891433136,3.1054295262619944,-14.164253440977099,-24.301410947488908,2.020984111169361e-13
286.96069543773046,-73.0159856800083,3.105370646919083,-14.155726515851985,-24.309608896789292,2.1893994537668078e-13
286.9821235195386,-73.00800756415846,3.1053116376966203,-14.147209805026502,-24.31779854905601,1.515738083377021e-13
287.0035175696156,-73.00002457742886,3.105252499407789,-14.138703299215713,-24.325979921211513,1.347322740779574e-13
287.0248776362865,-72.99203673044475,3.105193232865768,-14.13020698910645,-24.334153030134445,2.694645481559148e-13
287.04620376787386,-72.98404403380988,3.1051338388837366,-14.12172086535756,-24.342317892659555,2.1893994537668078e-13
287.0674960126974,-72.97604649810644,3.1050743182748755,-14.113244918600305,-24.350474525577614,2.020984111169361e-13
287.0887544190735,-72.96804413389529,3.1050146718523637,-14.104779139438483,-24.35862294563544,1.8525687685719145e-13
287.10997903531523,-72.96003695171567,3.10495490042938,-14.096323518448552,-24.366763169535975,2.1893994537668078e-13
287.13116990973185,-72.95202496208546,3.1048950048191077,-14.087878046179874,-24.37489521393814,1.515738083377021e-13
287.1523270906283,-72.94400817550115,3.104834985834722,-14.079442713154982,-24.383019095456977,2.020984111169361e-13
287.1734506263049,-72.935986602438,3.1047748442894063,-14.07101750986983,-24.391134830663418,2.020984111169361e-13
287.1945405650572,-72.92796025334987,3.10471458099634,-14.062602426793834,-24.399242436084545,1.515738083377021e-13
287.21559695517544,-72.91992913866935,3.1046541967687014,-14.054197454370193,-24.40734192820342,2.020984111169361e-13
287.23661984494447,-72.9118932688078,3.1045936924196713,-14.045802583016059,-24.41543332345908,1.6841534259744677e-13
287.2576092826429,-72.90385265415551,3.104533068762428,-14.037417803122828,-24.4235166382466,1.515738083377021e-13
287.2785653165432,-72.89580730508153,3.104472326610154,-14.029043105056184,-24.431591888917037,1.347322740779574e-13
287.2994879949115,-72.88775723193372,3.1044114667760274,-14.020678479156409,-24.439659091777457,2.1893994537668078e-13
287.3203773660066,-72.87970244503906,3.104350490073228,-14.012323915738591,-24.44771826309091,1.515738083377021e-13
287.3412334780804,-72.87164295470335,3.1042893973149353,-14.003979405092778,-24.45576941907646,1.347322740779574e-13
287.36205637937707,-72.86357877121141,3.104228189314331,-13.995644937484194,-24.46381257590911,1.8525687685719145e-13
287.38284611813293,-72.85550990482704,3.1041668668845923,-13.987320503153395,-24.471847749719938,1.6841534259744677e-13
287.4036027425759,-72.84743636579334,3.104105430838901,-13.979006092316613,-24.47987495659592,1.8525687685719145e-13
287.4243263009256,-72.83935816433228,3.1040438819904366,-13.970701695165815,-24.487894212580077,2.020984111169361e-13
287.4450168413926,-72.83127531064507,3.1039822211523775,-13.962407301868904,-24.495905533671408,1.8525687685719145e-13
287.46567441217854,-72.82318781491209,3.1039204491379055,-13.954122902569901,-24.503908935824956,2.3578147963642546e-13
287.4862990614751,-72.81509568729301,3.1038585667601986,-13.945848487389373,-24.511904434951646,1.347322740779574e-13
287.50689083746454,-72.80699893792672,3.103796574832438,-13.937584046424293,-24.51989204691849,2.1893994537668078e-13
287.5274497883188,-72.79889757693138,3.103734474167803,-13.929329569748408,-24.527871787548484,2.3578147963642546e-13
287.5479759621996,-72.79079161440445,3.103672265579473,-13.921085047412383,-24.53584367262068,1.515738083377021e-13
287.56846940725745,-72.78268106042296,3.1036099498806293,-13.912850469444187,-24.543807717870024,1.8525687685719145e-13
287.58893017163234,-72.77456592504318,3.10354752788445,-13.904625825848864,-24.551763938987598,1.515738083377021e-13
287.60935830345255,-72.76644621830084,3.1034850004041155,-13.896411106609207,-24.55971235162045,2.5262301389617017e-13
287.6297538508349,-72.75832195021115,3.1034223682528053,-13.888206301685502,-24.567652971371732,2.020984111169361e-13
287.65011686188404,-72.75019313076905,3.1033596322437,-13.880011401016116,-24.57558581380052,2.020984111169361e-13
287.67044738469247,-72.74205976994875,3.1032967931899784,-13.871826394517438,-24.58351089442204,1.6841534259744677e-13
287.6907454673401,-72.73392187770426,3.1032338519048217,-13.863651272084098,-24.591428228707535,1.6841534259744677e-13
287.7110111578942,-72.7257794639691,3.1031708092014085,-13.855486023589169,-24.599337832084345,1.6841534259744677e-13
287.7312445044083,-72.71763253865664,3.1031076658929186,-13.847330638884499,-24.60723971993584,1.8525687685719145e-13
287.75144555492324,-72.70948111165983,3.1030444227925327,-13.83918510780062,-24.615133907601535,2.020984111169361e-13
287.7716143574656,-72.70132519285137,3.102981080713431,-13.831049420147137,-24.623020410377002,2.3578147963642546e-13
287.7917509600482,-72.69316479208376,3.10291764046879,-13.822923565712824,-24.630899243513994,1.8525687685719145e-13
287.81185541066935,-72.68499991918945,3.1028541028717935,-13.814807534265919,-24.638770422220297,1.515738083377021e-13
287.8319277573128,-72.67683058398063,3.1027904687356203,-13.806701315554172,-24.64663396165987,2.3578147963642546e-13
287.8519680479477,-72.66865679624941,3.1027267388734487,-13.798604899305046,-24.65448987695287,1.347322740779574e-13
287.87197633052784,-72.66047856576783,3.1026629140984596,-13.790518275225914,-24.66233818317562,1.6841534259744677e-13
287.89195265299145,-72.65229590228803,3.1025989952238335,-13.782441433004381,-24.670178895360536,1.515738083377021e-13
287.9118970632611,-72.64410881554205,3.1025349830627484,-13.774374362308233,-24.67801202849632,2.020984111169361e-13
287.93180960924377,-72.63591731524195,3.102470878428385,-13.766317052785691,-24.68583759752788,1.6841534259744677e-13
287.95169033882956,-72.62772141108006,3.1024066821339242,-13.758269494065718,-24.6936556173563,1.6841534259744677e-13
287.9715392998924,-72.61952111272868,3.102342394992545,-13.750231675758018,-24.701466102838957,1.347322740779574e-13
287.9913565402894,-72.61131642984034,3.1022780178174254,-13.742203587453304,-24.70926906878949,1.8525687685719145e-13
288.01114210786073,-72.60310737204775,3.1022135514217486,-13.734185218723418,-24.717064529977836,1.347322740779574e-13
288.03089605042874,-72.59489394896394,3.102148996618692,-13.72617655912167,-24.724852501130194,2.020984111169361e-13
288.05061841579857,-72.58667617018217,3.102084354221436,-13.71817759818276,-24.732632996929105,2.1893994537668078e-13
288.0703092517576,-72.57845404527599,3.102019625043161,-13.71018832542308,-24.740406032013464,1.6841534259744677e-13
288.0899686060747,-72.57022758379932,3.1019548098970455,-13.702208730340942,-24.748171620978543,1.8525687685719145e-13
288.1095965265005,-72.56199679528659,3.1018899095962706,-13.694238802416713,-24.755929778375926,1.6841534259744677e-13
288.1291930607672,-72.55376168925253,3.1018249249540157,-13.686278531112883,-24.76368051871366,1.347322740779574e-13
288.14875825658777,-72.5455222751924,3.1017598567834606,-13.678327905874351,-24.77142385645621,2.1893994537668078e-13
288.16829216165644,-72.5372785625819,3.101694705897785,-13.670386916128471,-24.77915980602454,1.0104920555846805e-13
288.18779482364744,-72.52903056087746,3.101629473110168,-13.662455551285541,-24.786888381795958,1.515738083377021e-13
288.20726629021584,-72.52077827951592,3.101564159233791,-13.65453380073848,-24.79460959810438,1.6841534259744677e-13
288.2267066089966,-72.51252172791482,3.1014987650818324,-13.646621653863413,-24.802323469240193,1.515738083377021e-13
288.24611582760474,-72.50426091547227,3.101433291467473,-13.638719100019525,-24.810030009450365,1.0104920555846805e-13
288.2654939936343,-72.49599585156729,3.1013677392038925,-13.630826128549586,-24.81772923293836,1.0104920555846805e-13
