galstreams/tracks/track.st.NGC3201-Gjoll.ibata2021.ecsv
# %ECSV 1.0
# ---
# datatype:
# - {name: ra, unit: deg, datatype: float64}
# - {name: dec, unit: deg, datatype: float64}
# - {name: distance, unit: kpc, datatype: float64}
# - {name: pm_ra_cosdec, unit: mas / yr, datatype: float64}
# - {name: pm_dec, unit: mas / yr, datatype: float64}
# - {name: radial_velocity, unit: km / s, datatype: float64}
# delimiter: ','
# meta: !!omap
# - __serialized_columns__:
#     dec:
#       __class__: astropy.coordinates.angles.Latitude
#       unit: &id001 !astropy.units.Unit {unit: deg}
#       value: !astropy.table.SerializedColumn {name: dec}
#     distance:
#       __class__: astropy.coordinates.distances.Distance
#       unit: !astropy.units.Unit {unit: kpc}
#       value: !astropy.table.SerializedColumn {name: distance}
#     pm_dec:
#       __class__: astropy.units.quantity.Quantity
#       unit: !astropy.units.Unit {unit: mas / yr}
#       value: !astropy.table.SerializedColumn {name: pm_dec}
#     pm_ra_cosdec:
#       __class__: astropy.units.quantity.Quantity
#       unit: !astropy.units.Unit {unit: mas / yr}
#       value: !astropy.table.SerializedColumn {name: pm_ra_cosdec}
#     ra:
#       __class__: astropy.coordinates.angles.Longitude
#       unit: *id001
#       value: !astropy.table.SerializedColumn {name: ra}
#       wrap_angle: !astropy.coordinates.Angle
#         unit: *id001
#         value: 360.0
#     radial_velocity:
#       __class__: astropy.units.quantity.Quantity
#       unit: !astropy.units.Unit {unit: km / s}
#       value: !astropy.table.SerializedColumn {name: radial_velocity}
# schema: astropy-2.0
ra,dec,distance,pm_ra_cosdec,pm_dec,radial_velocity
[from data line 992]
71.95018316011928,-4.621446500674168,3.620645364140402,21.220090378273152,-22.185443152190594,-29.081690307456146
71.95740272241257,-4.628397535982575,3.6203859246954253,21.222790530671496,-22.188111692610963,-29.01350279878387
71.96462252325212,-4.635348395526504,3.6201266068074243,21.225489071124194,-22.190777814506678,-28.945306597463226
71.97184256280455,-4.6422990792421235,3.6198674104512563,21.22818600007166,-22.193441518151413,-28.877101706258085
71.9790628412365,-4.649249587065614,3.619608335601774,21.230881317954147,-22.196102803818963,-28.808888127932182
71.98628335871457,-4.656199918933118,3.6193493822338336,21.233575025211756,-22.19876167178326,-28.74066586524941
71.9935041154054,-4.663150074780789,3.6190905503222908,21.23626712228442,-22.201418122318344,-28.672434920973544
72.00072511147559,-4.670100054544734,3.6188318398419996,21.238957609611887,-22.20407215569839,-28.604195297868525
72.00794634709183,-4.677049858161074,3.6185732507678154,21.241646487633744,-22.20672377219773,-28.535946998698037
72.01516782242072,-4.6839994855659075,3.6183147830745943,21.24433375678943,-22.209372972090748,-28.467690026226023
72.02238953762897,-4.690948936695312,3.6180564367371897,21.247019417518192,-22.212019755652022,-28.399424383216147
72.02961149288323,-4.6978982114853975,3.6177982117304577,21.249703470259156,-22.214664123156236,-28.331150072432543
72.03683368835007,-4.704847309872106,3.617540108029254,21.25238591545121,-22.217306074878188,-28.26286709663875
72.04405612419635,-4.711796231791624,3.617282125608432,21.255066753533136,-22.219945611092815,-28.194575458598703
72.0512788005886,-4.718744977179869,3.6170242644428487,21.25774598494352,-22.22258273207516,-28.12627516107621
72.05850171769357,-4.725693545972886,3.6167665245073586,21.2604236101208,-22.22521743810042,-28.05796620683512
72.06572487567796,-4.732641938106682,3.6165089057768154,21.263099629503245,-22.227849729443896,-27.989648598639242
72.07294827470845,-4.73959015351723,3.616251408226076,21.265774043528925,-22.23047960638102,-27.921322339252423
72.08017191495179,-4.746538192140507,3.615994031829994,21.268446852635808,-22.23310706918736,-27.852987431438397
72.08739579657467,-4.753486053912465,3.615736776563427,21.27111805726162,-22.23573211813858,-27.784643877961205
72.09461991974382,-4.760433738769047,3.6154796424012274,21.273787657843982,-22.238354753510507,-27.716291681584494
72.10184428462598,-4.767381246646174,3.615222629318251,21.276455654820325,-22.24097497557908,-27.64793084507215
72.10906889138792,-4.774328577479766,3.614965737289353,21.27912204862792,-22.243592784620343,-27.579561371187985
72.11629374019634,-4.781275731205722,3.614708966289389,21.281786839703855,-22.246208180910482,-27.511183262695834
72.12351883121802,-4.788222707759923,3.614452316293214,21.284450028485075,-22.248821164725822,-27.4427965223595
72.1307441646197,-4.795169507078234,3.614195787275682,21.287111615408346,-22.2514317363428,-27.374401152942806
72.13796974056818,-4.802116129096521,3.61393937921165,21.28977160091027,-22.254039896037956,-27.305997157209745
72.14519555923022,-4.809062573750625,3.613683092075972,21.29242998542727,-22.256645644087975,-27.23758453792389
72.15242162077261,-4.816008840976369,3.6134269258435032,21.295086769395656,-22.259248980769698,-27.169163297849224
72.15964792536215,-4.82295493070956,3.613170880489099,21.29774195325149,-22.261849906360027,-27.10073343974946
72.16687447316562,-4.8299008428860075,3.612914955987613,21.300395537430752,-22.264448421136052,-27.03229496638863
72.17410126434983,-4.8368465774415,3.6126591523139027,21.30304752236918,-22.267044525374935,-26.96384788053037
72.1813282990816,-4.8437921343118004,3.612403469442821,21.30569790850242,-22.269638219354004,-26.89539218493859
72.18855557752774,-4.850737513432662,3.6121479073492253,21.308346696265875,-22.27222950335067,-26.826927882377117
72.19578309985509,-4.857682714739835,3.6118924660079688,21.31099388609486,-22.274818377642525,-26.758454975609713
72.20301086623049,-4.86462773816904,3.611637145393907,21.313639478424463,-22.277404842507224,-26.68997346740032
72.21023887682075,-4.871572583655997,3.611381945481896,21.316283473689634,-22.279988898222587,-26.621483360512595
72.21746713179276,-4.878517251136401,3.611126866246788,21.318925872325174,-22.282570545066566,-26.552984657710514
72.22469563131335,-4.885461740545941,3.610871907663443,21.32156667476567,-22.285149783317195,-26.484477361757907
72.23192437554938,-4.892406051820286,3.610617069706712,21.32420588144559,-22.28772661325267,-26.41596147541855
72.23915336466779,-4.89935018489513,3.6103623523514505,21.32684349279922,-22.290301035151288,-26.3474370014562
72.24638259883531,-4.906294139706003,3.610107755572516,21.329479509260672,-22.292873049291497,-26.278903942634873
72.253612078219,-4.913237916188683,3.6098532793447617,21.3321139312639,-22.295442655951845,-26.21036230171827
72.26084180298564,-4.920181514278666,3.6095989236430417,21.334746759242712,-22.298009855411014,-26.141812081470242
72.26807177330215,-4.927124933911601,3.609344688442214,21.337377993630703,-22.300574647947805,-26.073253284654466
72.27530198933546,-4.934068175023064,3.609090573717132,21.340007634861337,-22.303137033841146,-26.00468591403498
72.28253245125246,-4.941011237548627,3.608836579442652,21.342635683367927,-22.3056970133701,-25.93610997237565
72.28976315922009,-4.947954121423845,3.608582705593626,21.345262139583593,-22.308254586813852,-25.867525462440128
72.29699411340529,-4.954896826584266,3.608328952144912,21.347887003941292,-22.310809754451682,-25.79893238699229
72.30422531397498,-4.961839352965418,3.608075319071365,21.350510276873823,-22.313362516563046,-25.73033074879593
72.31145676109611,-4.968781700502807,3.6078218063478396,21.353131958813822,-22.315912873427457,-25.661720550615023
72.31868845493564,-4.975723869131935,3.6075684139491893,21.35575205019376,-22.31846082532462,-25.593101795213233
72.3259203956605,-4.982665858788293,3.607315141850271,21.358370551445944,-22.32100637253433,-25.524474485354514
72.33315258343771,-4.989607669407341,3.6070619900259397,21.36098746300249,-22.323549515336502,-25.45583862380264
72.3403850184342,-4.996549300924551,3.60680895845105,21.3636027852954,-22.32609025401118,-25.38719421332143
72.34761770081698,-5.003490753275351,3.606556047100458,21.36621651875646,-22.328628588838548,-25.31854125667465
72.354850630753,-5.010432026395171,3.606303255949017,21.368828663817325,-22.331164520098895,-25.24987975662635
72.36208380840931,-5.017373120219429,3.606050584971584,21.371439220909473,-22.33369804807264,-25.181209715940046
72.36931723395288,-5.024314034683514,3.605798034143013,21.374048190464205,-22.336229173040305,-25.11253113737979
72.37655090755074,-5.031254769722828,3.6055456034381597,21.376655572912682,-22.33875789528259,-25.043844023709283
72.3837848293699,-5.038195325272725,3.6052932928318775,21.3792613686859,-22.341284215080265,-24.975148377692527
72.39101899957738,-5.045135701268571,3.6050411022990243,21.38186557821466,-22.34380813271425,-24.90644420209313
72.39825341834025,-5.0520758976457,3.6047890318144526,21.384468201929625,-22.346329648465574,-24.837731499675044
72.4054880858255,-5.0590159143394375,3.604537081353019,21.387069240261283,-22.34884876261541,-24.769010273202095
72.4127230022002,-5.065955751285107,3.6042852508895784,21.38966869363995,-22.351365475445036,-24.700280525438192
72.41995816763142,-5.072895408418003,3.604033540398986,21.39226656249581,-22.353879787235865,-24.631542259146965
72.42719358228624,-5.0798348856734,3.6037819498560966,21.394862847258835,-22.356391698269412,-24.56279547709228
72.43442924633167,-5.0867741829865745,3.6035304792357636,21.39745754835889,-22.358901208827362,-24.494040182038173
72.44166515993487,-5.093713300292782,3.603279128512846,21.400050666225596,-22.361408319191458,-24.425276376748176
72.44890132326287,-5.100652237527264,3.603027897662195,21.402642201288508,-22.36391302964363,-24.356504063986335
72.45613773648279,-5.1075909946252445,3.6027767866586684,21.405232153976915,-22.36641534046588,-24.287723246516435
72.46337439976178,-5.114529571521976,3.60252579547712,21.40782052472003,-22.368915251940372,-24.218933927102242
72.4706113132668,-5.121467968152535,3.602274924092406,21.410407313946838,-22.371412764349362,-24.150136108507517
72.47784847716515,-5.128406184452263,3.60202417247938,21.412992522086206,-22.373907877975274,-24.081329793496362
72.48508589162384,-5.135344220356212,3.601773540612898,21.4155761495668,-22.376400593100595,-24.012514984832368
72.49232355681004,-5.1422820757995735,3.6015230284678155,21.418158196817146,-22.37889091000798,-23.94369168527938
72.49956147289086,-5.149219750717491,3.601272636018986,21.420738664265592,-22.381378828980196,-23.874859897601386
72.50679964003349,-5.1561572450450885,3.601022363241266,21.423317552340322,-22.383864350300115,-23.806019624562012
72.51403805840509,-5.163094558717467,3.6007722101095103,21.425894861469377,-22.386347474250766,-23.737170868925144
72.5212767281728,-5.1700316916697355,3.6005221765985733,21.4284705920806,-22.388828201115267,-23.668313633454652
72.52851564950379,-5.176968643836974,3.6002722626833115,21.431044744601703,-22.391306531176888,-23.599447920914425
72.53575482256525,-5.183905415154244,3.6000224683385795,21.433617319460204,-22.393782464718985,-23.530573734068135
72.54299424752438,-5.190842005556605,3.599772793539231,21.436188317083484,-22.39625600202508,-23.461691075679603
72.55023392454834,-5.197778414979087,3.599523238260123,21.438757737898737,-22.3987271433788,-23.39279994851292
72.55747385380437,-5.204714643356724,3.5992738024761106,21.44132558233301,-22.401195889063867,-23.32390035533163
72.56471403545966,-5.211650690624519,3.599024486162047,21.443891850813177,-22.40366223936418,-23.254992298899598
72.57195446968142,-5.2185865567174625,3.5987752892927887,21.446456543765958,-22.406126194563715,-23.186075781980968
72.57919515663691,-5.22552224157054,3.5985262118431898,21.449019661617896,-22.408587754946605,-23.117150807339158
72.58643609649333,-5.232457745118723,3.598277253788107,21.451581204795374,-22.411046920797066,-23.048217377738265
72.59367728941794,-5.239393067296954,3.598028415102395,21.454141173724608,-22.413503692399452,-22.979275495941895
72.60091873557799,-5.2463282080401745,3.5977796957609067,21.456699568831677,-22.415958070038283,-22.910325164713974
72.60816043514072,-5.25326316728331,3.5975310957385007,21.459256390542453,-22.41841005399813,-22.841366386818514
72.61540238827341,-5.260197944961258,3.59728261501003,21.46181163928267,-22.420859644563727,-22.772399165019007
72.62264459514334,-5.267132541008923,3.5970342535503494,21.464365315477906,-22.423306842019937,-22.70342350207939
72.62988705591778,-5.274066955361174,3.596786011334315,21.466917419553557,-22.425751646651733,-22.634439400763714
72.63712977076402,-5.2810011879528895,3.596537888336781,21.46946795193486,-22.42819405874419,-22.56544686383553
72.64437273984935,-5.287935238718903,3.596289884532604,21.472016913046886,-22.43063407858255,-22.49644589405885
72.65161596334106,-5.294869107594052,3.5960419998966375,21.47456430331456,-22.433071706452132,-22.42743649419748
72.6588594414065,-5.301802794513171,3.595794234403736,21.477110123162632,-22.435506942638415,-22.358418667015055
72.66610317421296,-5.3087362994110565,3.595546588028758,21.479654373015666,-22.437939787426966,-22.289392415275685
72.67334716192784,-5.315669622222541,3.5952990607465556,21.482197053298098,-22.4403702411035,-22.22035774174289
72.68059140471833,-5.322602762882275,3.5950516525319847,21.484738164434187,-22.442798303953847,-22.15131464918081
72.68783590275193,-5.329535721325191,3.5948043633599,21.48727770684803,-22.44522397626395,-22.082263140353092
72.69508065619588,-5.336468497485911,3.5945571932051585,21.48981568096356,-22.44764725831989,-22.01320321802361
72.7023256652176,-5.343401091299211,3.5943101420426125,21.492352087204537,-22.45006815040785,-21.944134884956036
72.70957092998442,-5.350333502699806,3.5940632098471186,21.49488692599457,-22.452486652814162,-21.875058143914558
72.71681645066374,-5.35726573162241,3.593816396593532,21.497420197757098,-22.454902765825253,-21.80597299766266
72.72406222742293,-5.3641977780017,3.5935697022567066,21.499951902915395,-22.45731648972768,-21.736879448964242
72.7313082604294,-5.3711296417723595,3.5933231268114993,21.502482041892595,-22.459727824808137,-21.667777500583313
72.73855454985053,-5.378061322869042,3.5930766702327643,21.505010615111633,-22.462136771353418,-21.598667155283582
72.74580109585372,-5.384992821226405,3.592830332495357,21.507537622995304,-22.464543329650436,-21.52954841582888
72.75304789860641,-5.391924136779065,3.592584113574132,21.510063065966243,-22.46694749998626,-21.46042128498293
72.76029495827603,-5.398855269461647,3.592338013443945,21.5125869444469,-22.46934928264805,-21.391285765509643
72.76754227502998,-5.405786219208747,3.5920920320796497,21.515109258859578,-22.471748677923102,-21.322141860172874
72.77478984903573,-5.412716985954963,3.5918461694561032,21.51763000962642,-22.47414568609881,-21.252989571736492
72.78203768046069,-5.4196475696348525,3.591600425548159,21.52014919716939,-22.476540307462727,-21.18382890296421
72.78928576947233,-5.426577970182986,3.5913548003306737,21.522666821910303,-22.4789325423025,-21.114659856619948
72.79653411623813,-5.4335081875339055,3.591109293778501,21.52518288427082,-22.48132239090591,-21.045482435467477
72.80378272092555,-5.440438221622137,3.5908639058664957,21.527697384672408,-22.483709853560836,-20.976296642270682
72.81103158370207,-5.447368072382191,3.5906186365695154,21.5302103235364,-22.486094930555318,-20.907102479793288
72.81828070473519,-5.4542977397485695,3.5903734858624126,21.53272170128395,-22.488477622177484,-20.837899950799287
72.82553008419238,-5.461227223655758,3.5901284537200433,21.53523151833607,-22.49085792871561,-20.768689058052278
72.83277972224116,-5.468156524038232,3.589883540117263,21.537739775113575,-22.49323585045806,-20.69946980431632
72.84002961904903,-5.475085640830438,3.589638745028926,21.54024647203715,-22.49561138769335,-20.630242192355166
72.84727977478353,-5.482014573966819,3.589394068429889,21.542751609527297,-22.497984540710107,-20.561006224932587
72.85453018961219,-5.488943323381811,3.5891495102950044,21.545255188004372,-22.500355309797072,-20.491761904812325
72.86178086370249,-5.4958718890098055,3.588905070599129,21.547757207888544,-22.502723695243112,-20.422509234758518
72.86903179722205,-5.502800270785217,3.588660749317119,21.55025766959984,-22.505089697337223,-20.35324821753462
72.87628299033838,-5.509728468642421,3.588416546423827,21.552756573558128,-22.507453316368505,-20.283978855904692
72.88353444321906,-5.5166564825157876,3.58817246189411,21.5552539201831,-22.509814552626192,-20.21470115263253
72.89078615603164,-5.523584312339663,3.5879284957028217,21.557749709894285,-22.512173406399647,-20.145415110481938
72.89803812894374,-5.530511958048423,3.587684647824819,21.560243943111058,-22.514529877978315,-20.076120732216754
72.90529036212284,-5.537439419576287,3.587440918234956,21.56273662025263,-22.516883967651815,-20.006818020600846
72.91254285573667,-5.544366696857711,3.5871973069080862,21.565227741738042,-22.519235675709858,-19.937506978397902
72.91979560995276,-5.551293789826873,3.5869538138190675,21.567717307986182,-22.52158500244226,-19.86818760837179
72.92704862493868,-5.558220698418084,3.586710438942753,21.570205319415773,-22.52393194813901,-19.798859913286545
72.93430190086211,-5.565147422565617,3.5864671822539993,21.572691776445375,-22.526276513090156,-19.72952389590579
72.94155543789067,-5.572073962203724,3.5862240437276607,21.57517667949339,-22.528618697585912,-19.66017955899333
72.94880923619198,-5.57900031726663,3.585981023338592,21.577660028978034,-22.530958501916583,-19.590826905313023
72.95606329593367,-5.585926487688562,3.585738121061649,21.5801418253174,-22.53329592637261,-19.52146593762887
