galstreams/tracks/track.st.C-9.ibata2021.ecsv
# %ECSV 0.9
# ---
# datatype:
# - {name: ra, unit: deg, datatype: float64}
# - {name: dec, unit: deg, datatype: float64}
# - {name: distance, unit: kpc, datatype: float64}
# - {name: pm_ra_cosdec, unit: mas / yr, datatype: float64}
# - {name: pm_dec, unit: mas / yr, datatype: float64}
# - {name: radial_velocity, unit: km / s, datatype: float64}
# delimiter: ','
# meta: !!omap
# - __serialized_columns__:
#     dec:
#       __class__: astropy.coordinates.angles.Latitude
#       unit: &id001 !astropy.units.Unit {unit: deg}
#       value: !astropy.table.SerializedColumn {name: dec}
#     distance:
#       __class__: astropy.coordinates.distances.Distance
#       unit: !astropy.units.Unit {unit: kpc}
#       value: !astropy.table.SerializedColumn {name: distance}
#     pm_dec:
#       __class__: astropy.units.quantity.Quantity
#       unit: !astropy.units.Unit {unit: mas / yr}
#       value: !astropy.table.SerializedColumn {name: pm_dec}
#     pm_ra_cosdec:
#       __class__: astropy.units.quantity.Quantity
#       unit: !astropy.units.Unit {unit: mas / yr}
#       value: !astropy.table.SerializedColumn {name: pm_ra_cosdec}
#     ra:
#       __class__: astropy.coordinates.angles.Longitude
#       unit: *id001
#       value: !astropy.table.SerializedColumn {name: ra}
#       wrap_angle: !astropy.coordinates.Angle
#         unit: *id001
#         value: 360.0
#     radial_velocity:
#       __class__: astropy.units.quantity.Quantity
#       unit: !astropy.units.Unit {unit: km / s}
#       value: !astropy.table.SerializedColumn {name: radial_velocity}
# schema: astropy-2.0
ra,dec,distance,pm_ra_cosdec,pm_dec,radial_velocity
[from data line 799]
21.048871829151995,-20.00755178187434,7.433748907694399,-0.1289629736377233,-0.0583039190104839,-3.9472345921276583e-16
21.056709437959054,-20.0150542882179,7.435394233451197,-0.12896271681645313,-0.05843736044453991,2.6314897280851057e-16
21.064546735901974,-20.02255738518624,7.437042005197729,-0.1289621420796832,-0.05857037748416211,1.3157448640425528e-16
21.072383720970027,-20.030061074814295,7.4386922072780886,-0.12896125057109353,-0.05870296988547596,-1.3157448640425528e-16
21.080220391152384,-20.03756535913735,7.4403448240363685,-0.1289600434344558,-0.05883513740478473,0.0
21.08805674443838,-20.04507024019126,7.441999839816665,-0.12895852181363285,-0.05896687979856982,2.6314897280851057e-16
21.095892778817372,-20.05257572001237,7.443657238963071,-0.12895668685257894,-0.05909819682349091,1.3157448640425528e-16
21.103728492278627,-20.060081800637345,7.44531700581968,-0.1289545396953398,-0.059229088236386215,0.0
21.11156388281157,-20.067588484103442,7.446979124730585,-0.1289520814860523,-0.05935955379427285,-5.262979456170211e-16
21.119398948405642,-20.075095772448396,7.44864358003988,-0.12894931336894447,-0.05948959325434673,-3.9472345921276583e-16
21.127233687050207,-20.082603667710263,7.450310356091663,-0.12894623648833553,-0.05961920637398319,-1.3157448640425528e-16
21.13506809673478,-20.090112171927714,7.451979437230024,-0.12894285198863592,-0.059748392910737,-1.3157448640425528e-16
21.1429021754489,-20.097621287139866,7.453650807799057,-0.12893916101434708,-0.059877152622342784,-1.3157448640425528e-16
21.150735921182008,-20.105131015386185,7.455324452142858,-0.12893516471006142,-0.06000548526671487,-2.6314897280851057e-16
21.158569331923708,-20.11264135870672,7.457000354605521,-0.12893086422046235,-0.06013339060194807,1.3157448640425528e-16
21.166402405663632,-20.120152319142015,7.458678499531138,-0.12892626069032412,-0.06026086838631752,2.6314897280851057e-16
21.17423514039133,-20.12766389873292,7.460358871263803,-0.12892135526451207,-0.06038791837827896,-1.3157448640425528e-16
21.182067534096472,-20.135176099520905,7.462041454147611,-0.12891614908798216,-0.0605145403364692,-2.6314897280851057e-16
21.189899584768746,-20.14268892354784,7.463726232526656,-0.12891064330578117,-0.06064073401970606,-1.3157448640425528e-16
21.1977312903979,-20.15020237285613,7.465413190745033,-0.1289048390630465,-0.06076649918698879,-3.9472345921276583e-16
21.20556264897359,-20.157716449488515,7.4671023131468335,-0.12889873750500638,-0.06089183559749817,1.3157448640425528e-16
21.213393658485625,-20.165231155488318,7.4687935840761535,-0.12889233977697961,-0.06101674301059698,-5.262979456170211e-16
21.221224316923834,-20.172746492899336,7.470486987877087,-0.12888564702437544,-0.06114122118583004,1.3157448640425528e-16
21.229054622277975,-20.180262463765715,7.4721825088937255,-0.12887866039269374,-0.06126526988292433,-6.578724320212764e-16
21.236884572537924,-20.1877790701322,7.473880131470165,-0.12887138102752482,-0.06138888886178957,-1.3157448640425528e-16
21.244714165693637,-20.19529631404399,7.475579839950498,-0.1288638100745493,-0.06151207788251818,-3.9472345921276583e-16
21.25254339973491,-20.202814197546633,7.4772816186788225,-0.12885594867953828,-0.061634836705385554,0.0
21.26037227265175,-20.21033272268628,7.478985451999228,-0.12884779798835314,-0.06175716509085036,0.0
21.26820078243416,-20.217851891509547,7.480691324255809,-0.1288393591469454,-0.06187906279955476,-3.9472345921276583e-16
21.276028927072055,-20.22537170606339,7.4823992197926605,-0.12883063330135683,-0.06200052959232459,-1.3157448640425528e-16
21.28385670455551,-20.232892168395377,7.4841091229538765,-0.12882162159771937,-0.06212156523016961,-5.262979456170211e-16
21.291684112874616,-20.240413280553515,7.485821018083554,-0.12881232518225502,-0.06224216947428381,-6.578724320212764e-16
21.299511150019374,-20.2479350445862,7.487534889525781,-0.12880274520127588,-0.0623623420860455,2.6314897280851057e-16
21.307337813979956,-20.25545746254238,7.489250721624654,-0.12879288280118387,-0.06248208282701767,-1.3157448640425528e-16
21.315164102746493,-20.262980536471467,7.4909684987242695,-0.12878273912847094,-0.06260139145894814,-3.9472345921276583e-16
21.322990014309188,-20.270504268423373,7.492688205168718,-0.1287723153297189,-0.06272026774376988,0.0
21.33081554665818,-20.27802866044836,7.494409825302094,-0.12876161255159937,-0.062838711443601,-5.262979456170211e-16
21.33864069778371,-20.28555371459727,7.496133343468493,-0.1287506319408737,-0.0629567223207453,-5.262979456170211e-16
21.34646546567609,-20.29307943292145,7.497858744012007,-0.12873937464439297,-0.06307430013769243,-1.3157448640425528e-16
21.35428984832552,-20.30060581747257,7.499586011276732,-0.12872784180909785,-0.06319144465711779,-2.6314897280851057e-16
21.36211384372235,-20.30813287030289,7.50131512960676,-0.12871603458201872,-0.06330815564188319,-2.6314897280851057e-16
21.369937449856963,-20.315660593465182,7.503046083346189,-0.1287039541102753,-0.0634244328550369,-2.6314897280851057e-16
21.377760664719634,-20.32318898901253,7.504778856839106,-0.12869160154107706,-0.06354027605981377,0.0
21.385583486300806,-20.330718058998617,7.506513434429611,-0.12867897802172257,-0.0636556850196356,-5.262979456170211e-16
21.393405912590932,-20.338247805477632,7.508249800461797,-0.12866608469959998,-0.06377065949811135,0.0
21.401227941580395,-20.345778230504084,7.509987939279756,-0.1286529227221867,-0.0638851992590373,-1.3157448640425528e-16
21.409049571259708,-20.35330933613308,7.511727835227584,-0.12863949323704937,-0.06399930406639738,-2.6314897280851057e-16
21.416870799619392,-20.360841124420226,7.513469472649373,-0.12862579739184377,-0.06411297368436326,-1.3157448640425528e-16
21.424691624649927,-20.36837359742145,7.515212835889216,-0.128611836334315,-0.0642262078772947,0.0
21.432512044341895,-20.3759067571933,7.51695790929121,-0.12859761121229696,-0.06433900640973965,-1.3157448640425528e-16
21.440332056685925,-20.383440605792785,7.518704677199447,-0.12858312317371276,-0.06445136904643463,-2.6314897280851057e-16
21.448151659672547,-20.390975145277274,7.520453123958024,-0.12856837336657437,-0.0645632955523048,-6.578724320212764e-16
21.455970851292435,-20.398510377704735,7.522203233911032,-0.12855336293898273,-0.06467478569246429,2.6314897280851057e-16
21.46378962953631,-20.406046305133614,7.523954991402565,-0.12853809303912758,-0.06478583923221647,-6.578724320212764e-16
21.471607992394762,-20.413582929622695,7.525708380776717,-0.12852256481528748,-0.06489645593705388,-7.8944691842553165e-16
21.479425937858558,-20.421120253231376,7.527463386377583,-0.12850677941582958,-0.06500663557265882,-3.9472345921276583e-16
21.487243463918453,-20.42865827801949,7.529219992549256,-0.12849073798920987,-0.06511637790490339,-2.6314897280851057e-16
21.495060568565236,-20.43619700604738,7.530978183635831,-0.1284744416839728,-0.06522568269984977,-5.262979456170211e-16
21.50287724978964,-20.44373643937574,7.5327379439814015,-0.12845789164875132,-0.06533454972375023,-2.6314897280851057e-16
21.510693505582523,-20.451276580065883,7.534499257930062,-0.12844108903226711,-0.0654429787430478,-3.9472345921276583e-16
21.518509333934777,-20.45881743017959,7.5362621098259055,-0.12842403498332997,-0.06555096952437607,-6.578724320212764e-16
21.52632473283719,-20.466358991778982,7.5380264840130256,-0.1284067306508383,-0.06565852183455949,-1.3157448640425528e-16
21.534139700280704,-20.4739012669268,7.5397923648355185,-0.1283891771837785,-0.06576563544061384,-2.6314897280851057e-16
21.541954234256288,-20.481444257686253,7.541559736637474,-0.12837137573122556,-0.06587231010974615,-1.3157448640425528e-16
21.54976833275481,-20.488987966120906,7.543328583762991,-0.12835332744234232,-0.06597854560935501,-1.3157448640425528e-16
21.55758199376729,-20.496532394294928,7.54509889055616,-0.12833503346637992,-0.06608434170703097,-3.9472345921276583e-16
21.565395215284774,-20.504077544272974,7.546870641361077,-0.1283164949526774,-0.0661896981705565,2.6314897280851057e-16
21.573207995298198,-20.51162341812004,7.548643820521835,-0.12829771305066204,-0.06629461476790634,1.3157448640425528e-16
21.581020331798662,-20.51917001790173,7.5504184123825295,-0.1282786889098487,-0.06639909126724766,-2.6314897280851057e-16
21.58883222277728,-20.52671734568413,7.5521944012872515,-0.12825942367984033,-0.06650312743694042,-5.262979456170211e-16
21.596643666225077,-20.534265403533688,7.553971771580098,-0.12823991851032762,-0.06660672304553734,0.0
21.604454660133218,-20.541814193517435,7.555750507605157,-0.12822017455108897,-0.06670987786178442,-2.6314897280851057e-16
21.61226520249291,-20.54936371770291,7.55753059370653,-0.12820019295199042,-0.06681259165462095,-6.578724320212764e-16
21.62007529129522,-20.55691397815798,7.55931201422831,-0.12817997486298555,-0.06691486419317956,-2.6314897280851057e-16
21.627884924531408,-20.564464976951133,7.5610947535145865,-0.12815952143411571,-0.06701669524678694,-3.9472345921276583e-16
21.635694100192694,-20.57201671615129,7.562878795909459,-0.12813883381550947,-0.06711808458496364,-6.578724320212764e-16
21.64350281627037,-20.579569197827915,7.564664125757012,-0.12811791315738297,-0.0672190319774245,-1.3157448640425528e-16
21.651311070755618,-20.587122424050783,7.566450727401351,-0.12809676061003963,-0.06731953719407859,-1.3157448640425528e-16
21.659118861639787,-20.59467639689032,7.568238585186563,-0.1280753773238701,-0.06741960000502972,0.0
21.666926186914242,-20.602231118417418,7.570027683456744,-0.1280537644493522,-0.06751922018057663,0.0
21.67473304457023,-20.609786590703315,7.571818006555988,-0.12803192313705114,-0.06761839749121294,0.0
21.682539432599174,-20.617342815819867,7.57360953882839,-0.12800985453761887,-0.06771713170762769,-5.262979456170211e-16
21.690345348992494,-20.62489979583941,7.57540226461804,-0.12798755980179471,-0.0678154226007054,1.3157448640425528e-16
21.698150791741536,-20.63245753283464,7.577196168269036,-0.1279650400804046,-0.06791326994152613,-1.3157448640425528e-16
21.70595575883776,-20.64001602887885,7.578991234125471,-0.12794229652436145,-0.06801067350136604,-1.3157448640425528e-16
21.713760248272695,-20.647575286045832,7.5807874465314375,-0.12791933028466515,-0.06810763305169736,-3.9472345921276583e-16
21.721564258037727,-20.655135306409722,7.582584789831031,-0.1278961425124021,-0.06820414836418857,-9.21021404829787e-16
21.729367786124396,-20.66269609204527,7.5843832483683435,-0.12787273435874555,-0.06830021921070481,-6.578724320212764e-16
21.737170830524278,-20.670257645027704,7.586182806487472,-0.12784910697495522,-0.06839584536330795,-5.262979456170211e-16
21.744973389228843,-20.677819967432626,7.587983448532509,-0.1278252615123774,-0.06849102659425672,-2.6314897280851057e-16
21.752775460229714,-20.68538306133622,7.589785158847548,-0.12780119912244498,-0.06858576267600724,-1.3157448640425528e-16
21.760577041518516,-20.69294692881518,7.591587921776685,-0.127776920956677,-0.06868005338121284,-1.3157448640425528e-16
21.76837813108679,-20.700511571946553,7.593391721664008,-0.12775242816667917,-0.06877389848272455,-2.6314897280851057e-16
21.77617872692623,-20.70807699280797,7.59519654285362,-0.12772772190414308,-0.06886729775359113,-5.262979456170211e-16
21.78397882702852,-20.715643193477593,7.597002369689606,-0.12770280332084682,-0.06896025096705949,-1.3157448640425528e-16
21.791778429385268,-20.723210176033902,7.598809186516068,-0.12767767356865437,-0.06905275789657452,-1.3157448640425528e-16
21.79957753198823,-20.730777942556006,7.6006169776770935,-0.12765233379951602,-0.06914481831577987,-1.0525958912340423e-15
21.80737613282911,-20.738346495123462,7.6024257275167795,-0.12762678516546783,-0.06923643199851759,-2.6314897280851057e-16
21.81517422989972,-20.745915835816334,7.60423542037922,-0.12760102881863178,-0.06932759871882872,-3.9472345921276583e-16
21.82297182119174,-20.753485966715065,7.6060460406085095,-0.12757506591121584,-0.06941831825095324,-1.3157448640425528e-16
21.830768904697003,-20.761056889900708,7.607857572548739,-0.1275488975955137,-0.06950859036933052,-7.8944691842553165e-16
21.83856547840736,-20.76862860745479,7.609670000544006,-0.12752252502390451,-0.06959841484859924,-5.262979456170211e-16
21.846361540314557,-20.776201121459206,7.611483308938403,-0.12749594934885344,-0.06968779146359796,-9.21021404829787e-16
21.85415708841048,-20.78377443399646,7.613297482076023,-0.12746917172291097,-0.06977671998936497,-6.578724320212764e-16
21.861952120687068,-20.791348547149553,7.61511250430096,-0.1274421932987131,-0.06986520020113872,-7.8944691842553165e-16
21.869746635136107,-20.798923463001824,7.616928359957312,-0.12741501522898124,-0.06995323187435785,-5.262979456170211e-16
21.877540629749564,-20.806499183637257,7.618745033389168,-0.12738763866652217,-0.07004081478466168,-5.262979456170211e-16
21.88533410251941,-20.814075711140294,7.620562508940622,-0.12736006476422795,-0.07012794870789013,-2.6314897280851057e-16
21.893127051437514,-20.82165304759575,7.622380770955772,-0.12733229467507579,-0.07021463342008398,0.0
21.900919474495893,-20.829231195089054,7.624199803778709,-0.12730432955212798,-0.07030086869748516,-1.3157448640425528e-16
21.908711369686586,-20.83681015570613,7.626019591753528,-0.127276170548532,-0.07038665431653701,-5.262979456170211e-16
21.916502735001515,-20.844389931533243,7.627840119224322,-0.12724781881752018,-0.07047199005388424,-5.262979456170211e-16
21.924293568432752,-20.85197052465729,7.629661370535186,-0.1272192755124097,-0.0705568756863733,-2.6314897280851057e-16
21.93208386797234,-20.859551937165612,7.631483330030212,-0.12719054178660275,-0.07064131099105264,-6.578724320212764e-16
21.939873631612404,-20.867134171146066,7.633305982053499,-0.1271616187935861,-0.07072529574517282,-2.6314897280851057e-16
21.947662857344937,-20.8747172286869,7.635129310949136,-0.1271325076869312,-0.07080882972618657,-1.3157448640425528e-16
21.955451543162095,-20.88230111187695,7.636953301061218,-0.1271032096202943,-0.07089191271174942,-2.6314897280851057e-16
21.963239687056042,-20.889885822805542,7.63877793673384,-0.12707372574741596,-0.07097454447971938,-7.8944691842553165e-16
21.97102728701883,-20.89747136356239,7.640603202311095,-0.12704405722212123,-0.07105672480815746,-5.262979456170211e-16
21.978814341042668,-20.905057736237794,7.642429082137077,-0.12701420519831963,-0.07113845347532784,-7.8944691842553165e-16
21.98660084711978,-20.912644942922565,7.64425556055588,-0.1269841708300048,-0.07121973025969798,-3.9472345921276583e-16
21.994386803242268,-20.920232985707866,7.646082621911599,-0.1269539552712548,-0.07130055493993881,-1.3157448640425528e-16
22.002172207402396,-20.927821866685477,7.647910250548327,-0.1269235596762317,-0.0713809272949251,-2.6314897280851057e-16
22.00995705759244,-20.93541158794767,7.649738430810159,-0.12689298519918163,-0.07146084710373551,-2.6314897280851057e-16
22.017741351804563,-20.943002151587088,7.651567147041187,-0.12686223299443486,-0.07154031414565272,-5.262979456170211e-16
22.025525088031067,-20.950593559696976,7.653396383585507,-0.12683130421640543,-0.07161932820016376,-5.262979456170211e-16
22.033308264264285,-20.958185814371085,7.655226124787211,-0.12680020001959122,-0.07169788904696031,-5.262979456170211e-16
22.041090878496423,-20.965778917703513,7.657056354990395,-0.12676892155857392,-0.07177599646593852,-6.578724320212764e-16
22.048872928719845,-20.973372871789,7.658887058539151,-0.1267374699880189,-0.07185365023719957,-2.6314897280851057e-16
22.05665441292693,-20.98096767872275,7.660718219777577,-0.12670584646267502,-0.0719308501410498,-3.9472345921276583e-16
22.064435329109944,-20.988563340600347,7.66254982304976,-0.1266740521373749,-0.07200759595800076,-5.262979456170211e-16
22.072215675261283,-20.99615985951799,7.6643818526998,-0.12664208816703434,-0.07208388746876943,-6.578724320212764e-16
22.07999544937337,-21.003757237572376,7.66621429307179,-0.12660995570665265,-0.07215972445427862,-2.6314897280851057e-16
