galstreams/tracks/track.st.Jhelum-a.bonaca2019.ecsv
# %ECSV 1.0
# ---
# datatype:
# - {name: ra, unit: deg, datatype: float64}
# - {name: dec, unit: deg, datatype: float64}
# - {name: distance, unit: kpc, datatype: float64}
# - {name: pm_ra_cosdec, unit: mas / yr, datatype: float64}
# - {name: pm_dec, unit: mas / yr, datatype: float64}
# - {name: radial_velocity, unit: km / s, datatype: float64}
# delimiter: ','
# meta: !!omap
# - __serialized_columns__:
#     dec:
#       __class__: astropy.coordinates.angles.Latitude
#       unit: &id001 !astropy.units.Unit {unit: deg}
#       value: !astropy.table.SerializedColumn {name: dec}
#     distance:
#       __class__: astropy.coordinates.distances.Distance
#       unit: !astropy.units.Unit {unit: kpc}
#       value: !astropy.table.SerializedColumn {name: distance}
#     pm_dec:
#       __class__: astropy.units.quantity.Quantity
#       unit: !astropy.units.Unit {unit: mas / yr}
#       value: !astropy.table.SerializedColumn {name: pm_dec}
#     pm_ra_cosdec:
#       __class__: astropy.units.quantity.Quantity
#       unit: !astropy.units.Unit {unit: mas / yr}
#       value: !astropy.table.SerializedColumn {name: pm_ra_cosdec}
#     ra:
#       __class__: astropy.coordinates.angles.Longitude
#       unit: *id001
#       value: !astropy.table.SerializedColumn {name: ra}
#       wrap_angle: !astropy.coordinates.Angle
#         unit: *id001
#         value: 360.0
#     radial_velocity:
#       __class__: astropy.units.quantity.Quantity
#       unit: !astropy.units.Unit {unit: km / s}
#       value: !astropy.table.SerializedColumn {name: radial_velocity}
# schema: astropy-2.0
ra,dec,distance,pm_ra_cosdec,pm_dec,radial_velocity
[from data line 148]
4.8945075992365386,-52.33262788777296,13.000000000000002,7.509020128821113,-3.0851420850115625,5.0524602779234026e-14
4.878181593991507,-52.333357134716415,13.000000000000004,7.508674104379663,-3.0865572511182733,5.0524602779234026e-14
4.861855067246263,-52.334084258494144,13.000000000000002,7.508327545484691,-3.087972528361737,0.0
4.845528020491285,-52.334809258977884,13.0,7.507980452143764,-3.089387916278765,1.6841534259744676e-14
4.829200455217499,-52.33553213603974,13.000000000000002,7.507632824364737,-3.090803414406107,5.0524602779234026e-14
4.812872372915927,-52.33625288955217,13.000000000000002,7.507284662155739,-3.0922190222804886,3.368306851948935e-14
4.796543775078214,-52.33697151938799,13.000000000000002,7.5069359655251935,-3.093634739438558,3.368306851948935e-14
4.780214663196376,-52.337688025420384,13.0,7.506586734481818,-3.0950505654169094,1.6841534259744676e-14
4.763885038762502,-52.33840240752293,13.0,7.506236969034587,-3.0964664997521147,5.0524602779234026e-14
4.747554903269318,-52.339114665569525,13.000000000000002,7.505886669192784,-3.0978825419806726,1.6841534259744676e-14
4.731224258209908,-52.339824799434446,13.000000000000002,7.505535834965975,-3.099298691639027,3.368306851948935e-14
4.714893105077424,-52.34053280899235,13.000000000000002,7.5051844663640015,-3.100714948263599,3.368306851948935e-14
4.6985614453656614,-52.34123869411823,13.000000000000002,7.504832563396995,-3.102131311390737,3.368306851948935e-14
4.682229280568668,-52.34194245468749,13.000000000000002,7.504480126075376,-3.1035477805567453,5.0524602779234026e-14
4.66589661218094,-52.342644090575824,13.0,7.504127154409851,-3.104964355297876,5.0524602779234026e-14
4.64956344169704,-52.34334360165934,13.0,7.503773648411401,-3.106381035150354,3.368306851948935e-14
4.633229770612169,-52.34404098781452,13.000000000000002,7.503419608091297,-3.1077978196503313,3.368306851948935e-14
4.616895600421867,-52.344736248918196,13.000000000000002,7.503065033461112,-3.109214708333917,3.368306851948935e-14
4.60056093262175,-52.345429384847556,13.000000000000002,7.502709924532676,-3.1106317007371915,6.73661370389787e-14
4.5842257687080545,-52.34612039548015,13.000000000000002,7.502354281318125,-3.1120487963961683,5.0524602779234026e-14
4.567890110177365,-52.34680928069392,13.000000000000002,7.501998103829879,-3.113465994846809,3.368306851948935e-14
4.551553958526335,-52.34749604036714,13.0,7.5016413920806295,-3.1148832956250616,5.0524602779234026e-14
4.5352173152522335,-52.34818067437847,13.000000000000002,7.501284146083368,-3.1163006982667936,5.0524602779234026e-14
4.518880181852586,-52.34886318260693,13.0,7.500926365851371,-3.1177182023078434,3.368306851948935e-14
4.502542559825348,-52.3495435649319,13.0,7.500568051398198,-3.1191358072839908,1.6841534259744676e-14
4.486204450668541,-52.350221821233134,13.0,7.500209202737683,-3.120553512730999,1.6841534259744676e-14
4.4698658558808,-52.35089795139076,13.000000000000002,7.4998498198839645,-3.121971318184558,3.368306851948935e-14
4.453526776961108,-52.35157195528524,13.000000000000002,7.499489902851459,-3.1233892231803155,3.368306851948935e-14
4.437187215408494,-52.35224383279744,13.000000000000002,7.499129451654862,-3.1248072272539007,8.420767129872338e-14
4.420847172722612,-52.35291358380854,13.000000000000002,7.4987684663091665,-3.1262253299408753,3.368306851948935e-14
4.40450665040345,-52.353581208200154,13.000000000000002,7.498406946829653,-3.1276435307767514,5.0524602779234026e-14
4.388165649951049,-52.354246705854216,13.000000000000004,7.498044893231866,-3.1290618292970303,6.73661370389787e-14
4.371824172866067,-52.354910076653034,13.000000000000002,7.497682305531662,-3.130480225037144,6.73661370389787e-14
4.355482220649397,-52.35557132047928,13.000000000000004,7.49731918374517,-3.1318987175324855,1.6841534259744676e-14
4.339139794802358,-52.356230437216006,13.000000000000002,7.496955527888817,-3.133317306318406,1.6841534259744676e-14
4.322796896826326,-52.356887426746624,13.0,7.496591337979292,-3.1347359909302313,1.6841534259744676e-14
4.306453528223277,-52.35754228895491,13.000000000000002,7.496226614033594,-3.1361547709032274,8.420767129872338e-14
4.290109690495521,-52.358195023724974,13.0,7.495861356069007,-3.1375736457726147,0.0
4.273765385145415,-52.358845630941374,13.000000000000004,7.495495564103079,-3.138992615073602,0.0
4.257420613675928,-52.359494110488974,13.0,7.495129238153676,-3.14041167834133,1.6841534259744676e-14
4.241075377590342,-52.360140462253,13.0,7.494762378238923,-3.1418308351108997,6.73661370389787e-14
4.224729678391992,-52.360784686119075,13.000000000000002,7.494394984377245,-3.1432500849173985,1.6841534259744676e-14
4.208383517584817,-52.36142678197318,13.000000000000002,7.494027056587353,-3.144669427295849,5.0524602779234026e-14
4.192036896672985,-52.36206674970164,13.000000000000004,7.493658594888239,-3.1460888617812417,3.368306851948935e-14
4.175689817161075,-52.36270458919118,13.000000000000004,7.493289599299193,-3.147508387908523,1.6841534259744676e-14
4.1593422805537115,-52.3633403003289,13.000000000000002,7.4929200698397755,-3.1489280052126247,8.420767129872338e-14
4.142994288356113,-52.36397388300221,13.000000000000002,7.492550006529843,-3.1503477132284132,5.0524602779234026e-14
4.126645842073821,-52.36460533709893,13.000000000000004,7.492179409389541,-3.151767511490718,1.6841534259744676e-14
4.110296943212417,-52.36523466250727,13.0,7.491808278439295,-3.153187399534363,3.368306851948935e-14
4.0939475932780685,-52.36586185911575,13.0,7.49143661369982,-3.1546073768941003,1.6841534259744676e-14
4.0775977937772705,-52.366486926813316,13.000000000000002,7.4910644151921195,-3.1560274431046493,5.0524602779234026e-14
4.061247546216544,-52.367109865489226,13.000000000000002,7.490691682937478,-3.1574475977007204,3.368306851948935e-14
4.044896852103007,-52.36773067503314,13.000000000000002,7.490318416957475,-3.1588678402169608,3.368306851948935e-14
4.028545712943998,-52.36834935533509,13.000000000000002,7.48994461727397,-3.1602881701879904,3.368306851948935e-14
4.012194130247258,-52.36896590628546,13.0,7.489570283909118,-3.161708587148383,8.420767129872338e-14
3.9958421055205546,-52.369580327775,13.000000000000002,7.489195416885344,-3.163129090632709,0.0
3.9794896402722535,-52.37019261969484,13.000000000000002,7.488820016225379,-3.1645496801754724,3.368306851948935e-14
3.9631367360110206,-52.37080278193648,13.0,7.488444081952234,-3.1659703553111473,5.0524602779234026e-14
3.9467833942455575,-52.3714108143918,13.0,7.488067614089197,-3.1673911155741954,3.368306851948935e-14
3.9304296164851413,-52.372016716953,13.000000000000002,7.487690612659857,-3.1688119604990224,5.0524602779234026e-14
3.9140754042393637,-52.37262048951269,13.000000000000002,7.487313077688086,-3.1702328896199985,6.73661370389787e-14
3.8977207590178375,-52.37322213196384,13.000000000000002,7.486935009198039,-3.1716539024714883,6.73661370389787e-14
3.8813656823307565,-52.37382164419981,13.0,7.486556407214161,-3.173074998587799,5.0524602779234026e-14
3.8650101756885222,-52.37441902611428,13.000000000000002,7.4861772717611785,-3.1744961775032086,3.368306851948935e-14
3.848654240601941,-52.375014277601345,13.0,7.485797602864124,-3.175917438751961,5.0524602779234026e-14
3.8322978785818265,-52.37560739855543,13.000000000000002,7.485417400548291,-3.177338781868289,1.6841534259744676e-14
3.815941091139578,-52.37619838887137,13.0,7.485036664839277,-3.1787602063863742,5.0524602779234026e-14
3.799583879786892,-52.376787248444344,13.000000000000002,7.484655395762964,-3.180181711840361,5.0524602779234026e-14
3.7832262460354817,-52.377373977169896,13.0,7.484273593345516,-3.1816032977643927,-1.6841534259744676e-14
3.7668681913976374,-52.377958574943975,13.000000000000002,7.4838912576133865,-3.1830249636925565,5.0524602779234026e-14
3.7505097173859405,-52.37854104166285,13.000000000000002,7.483508388593327,-3.1844467091589066,3.368306851948935e-14
3.7341508255129945,-52.379121377223186,13.0,7.483124986312354,-3.1858685336974975,-3.368306851948935e-14
3.717791517291964,-52.379699581522026,13.000000000000002,7.48274105079779,-3.187290436842324,0.0
3.7014317942362243,-52.38027565445677,13.000000000000002,7.482356582077237,-3.188712418127366,0.0
3.685071657859527,-52.38084959592519,13.000000000000002,7.481971580178596,-3.19013447708656,6.73661370389787e-14
3.6687111096756357,-52.38142140582543,13.0,7.481586045130034,-3.191556613253846,5.0524602779234026e-14
3.6523501511988825,-52.38199108405599,13.0,7.481199976960019,-3.192978826163107,3.368306851948935e-14
3.6359887839438882,-52.38255863051577,13.000000000000002,7.480813375697308,-3.194401115348195,5.0524602779234026e-14
3.619627009425282,-52.38312404510402,13.000000000000002,7.48042624137094,-3.1958234803429715,5.0524602779234026e-14
3.6032648291582534,-52.38368732772035,13.000000000000002,7.480038574010241,-3.1972459206812314,5.0524602779234026e-14
3.586902244658283,-52.38424847826477,13.0,7.479650373644835,-3.1986684358967534,5.0524602779234026e-14
3.57053925744085,-52.38480749663765,12.999999999999998,7.479261640304613,-3.2000910255233115,6.73661370389787e-14
3.5541758690219973,-52.3853643827397,13.000000000000002,7.478872374019772,-3.201513689094627,3.368306851948935e-14
3.537812080917957,-52.38591913647205,13.000000000000004,7.478482574820789,-3.202936426144407,3.368306851948935e-14
3.5214478946453385,-52.38647175773616,13.000000000000004,7.4780922427384375,-3.2043592362063213,3.368306851948935e-14
3.505083311720746,-52.387022246433894,13.0,7.477701377803762,-3.2057821188140463,6.73661370389787e-14
3.48871833366134,-52.38757060246747,13.000000000000002,7.477309980048103,-3.2072050735012034,1.6841534259744676e-14
3.4723529619845626,-52.38811682573947,13.0,7.476918049503099,-3.2086280998013867,3.368306851948935e-14
3.4559871982078527,-52.388660916152844,13.000000000000004,7.47652558620065,-3.2100511972482,1.6841534259744676e-14
3.439621043849206,-52.389202873610955,13.000000000000002,7.476132590172977,-3.2114743653751945,5.0524602779234026e-14
3.423254500426883,-52.38974269801748,13.000000000000004,7.475739061452559,-3.212897603715895,3.368306851948935e-14
3.4068875694591503,-52.390280389276505,13.000000000000002,7.475345000072182,-3.214320911803833,3.368306851948935e-14
3.3905202524648175,-52.390815947292474,13.000000000000002,7.474950406064907,-3.2157442891724903,1.6841534259744676e-14
3.374152550962877,-52.39134937197021,13.000000000000004,7.47455527946409,-3.217167735355335,3.368306851948935e-14
3.3577844664726824,-52.3918806632149,13.000000000000004,7.474159620303383,-3.2185912498858045,8.420767129872338e-14
3.341416000513575,-52.3924098209321,13.000000000000002,7.473763428616705,-3.220014832297344,0.0
3.32504715460545,-52.39293684502776,13.000000000000002,7.4733667044382734,-3.2214384821233444,3.368306851948935e-14
3.3086779302684626,-52.39346173540817,13.000000000000002,7.472969447802602,-3.22286219889718,1.6841534259744676e-14
3.292308329022758,-52.39398449198001,13.0,7.472571658744476,-3.224285982152234,5.0524602779234026e-14
3.275938352389024,-52.39450511465032,13.000000000000002,7.472173337298975,-3.2257098314218355,1.6841534259744676e-14
3.2595680018882174,-52.39502360332654,13.000000000000002,7.471774483501478,-3.2271337462393,3.368306851948935e-14
3.2431972790412713,-52.39553995791646,13.000000000000002,7.471375097387631,-3.228557726137948,3.368306851948935e-14
3.226826185369665,-52.39605417832824,13.000000000000002,7.470975178993385,-3.2299817706510527,3.368306851948935e-14
3.2104547223951343,-52.396566264470415,13.000000000000004,7.470574728354968,-3.2314058793118687,5.0524602779234026e-14
3.194082891639402,-52.39707621625191,13.000000000000002,7.470173745508901,-3.2328300516536648,1.6841534259744676e-14
3.177710694624722,-52.39758403358199,13.0,7.469772230491992,-3.234254287209656,5.0524602779234026e-14
3.161338132873517,-52.39808971637033,13.0,7.469370183341337,-3.2356785855130537,0.0
3.1449652079085553,-52.39859326452694,13.000000000000004,7.468967604094322,-3.2371029460970373,3.368306851948935e-14
3.1285919212525877,-52.399094677962225,13.000000000000002,7.468564492788611,-3.2385273684948066,5.0524602779234026e-14
3.1122182744288964,-52.39959395658698,13.0,7.468160849462171,-3.239951852239508,8.420767129872338e-14
3.095844268961009,-52.4000911003123,13.000000000000002,7.467756674153247,-3.2413763968642733,0.0
3.0794699063724402,-52.400586109049776,13.000000000000002,7.4673519669003685,-3.2428010019022495,3.368306851948935e-14
3.0630951881872246,-52.40107898271125,13.000000000000004,7.466946727742363,-3.2442256668865372,3.368306851948935e-14
3.046720115929558,-52.401569721209,13.000000000000002,7.466540956718343,-3.245650391350228,3.368306851948935e-14
3.0303446911239798,-52.40205832445566,13.000000000000002,7.466134653867709,-3.2470751748263957,3.368306851948935e-14
3.013968915294994,-52.40254479236426,13.000000000000002,7.465727819230137,-3.248500016848123,3.368306851948935e-14
2.9975927899676367,-52.403029124848175,13.000000000000002,7.46532045284561,-3.2499249169484488,0.0
2.9812163166671843,-52.40351132182115,13.000000000000002,7.464912554754389,-3.2513498746604013,-3.368306851948935e-14
2.964839496918886,-52.403991383197344,13.000000000000002,7.464504124997024,-3.2527748895170223,-1.6841534259744676e-14
2.9484623322485053,-52.40446930889126,13.0,7.464095163614352,-3.2541999610513104,0.0
2.9320848241820574,-52.404945098817755,13.000000000000002,7.463685670647503,-3.255625088796253,0.0
2.9157069742455133,-52.4054187528921,13.000000000000004,7.463275646137882,-3.257050272284851,3.368306851948935e-14
2.8993287839653687,-52.40589027102991,13.000000000000002,7.462865090127202,-3.2584755110500674,1.6841534259744676e-14
2.8829502548683554,-52.4063596531472,13.000000000000002,7.462454002657449,-3.2599008046248503,0.0
2.86657138848117,-52.40682689916034,13.000000000000002,7.462042383770897,-3.261326152542166,1.6841534259744676e-14
2.8501921863310193,-52.40729200898608,13.000000000000002,7.461630233510117,-3.2627515543349404,6.73661370389787e-14
2.8338126499452576,-52.40775498254153,13.000000000000002,7.4612175519179615,-3.264177009536099,1.6841534259744676e-14
2.8174327808515702,-52.4082158197442,13.000000000000002,7.460804339037574,-3.2656025176785444,0.0
2.801052580577592,-52.408674520511966,13.000000000000004,7.4603905949123765,-3.2670280782951986,3.368306851948935e-14
2.7846720506514746,-52.409131084763054,12.999999999999998,7.459976319586097,-3.2684536909189488,1.6841534259744676e-14
2.7682911926016014,-52.409585512416115,13.0,7.459561513102738,-3.2698793550826672,3.368306851948935e-14
2.7519100079563037,-52.41003780339011,13.0,7.459146175506587,-3.2713050703192468,3.368306851948935e-14
2.7355284982444292,-52.41048795760442,13.000000000000002,7.45873030684223,-3.2727308361615437,1.6841534259744676e-14
2.7191466649950518,-52.410935974978784,13.000000000000002,7.458313907154542,-3.274156652142405,0.0
2.7027645097371944,-52.41138185543333,13.000000000000002,7.457896976488671,-3.275582517794699,3.368306851948935e-14
2.6863820340003834,-52.41182559888854,13.000000000000002,7.4574795148900686,-3.277008432651257,-1.6841534259744676e-14
2.6699992393142833,-52.4122672052653,13.000000000000002,7.457061522404462,-3.2784343962449087,1.6841534259744676e-14
2.653616127208873,-52.41270667448483,13.0,7.456642999077884,-3.2798604081084743,0.0
2.6372326992140778,-52.413144006468755,13.0,7.456223944956631,-3.2812864677747884,3.368306851948935e-14
2.6208489568603244,-52.413579201139065,13.0,7.455804360087306,-3.282712574776652,-1.6841534259744676e-14
2.6044649016782606,-52.41401225841813,13.000000000000005,7.4553842445167975,-3.2841387286468637,6.73661370389787e-14
2.5880805351984795,-52.41444317822869,13.0,7.454963598292271,-3.2855649289182436,1.6841534259744676e-14
2.5716958589520673,-52.41487196049386,13.000000000000002,7.454542421461192,-3.286991175123572,5.0524602779234026e-14
2.5553108744703334,-52.415298605137124,13.0,7.454120714071313,-3.2884174667956314,1.6841534259744676e-14
