galstreams/tracks/track.st.Phoenix.shipp2019.ecsv
# %ECSV 1.0
# ---
# datatype:
# - {name: ra, unit: deg, datatype: float64}
# - {name: dec, unit: deg, datatype: float64}
# - {name: distance, unit: kpc, datatype: float64}
# - {name: pm_ra_cosdec, unit: mas / yr, datatype: float64}
# - {name: pm_dec, unit: mas / yr, datatype: float64}
# - {name: radial_velocity, unit: km / s, datatype: float64}
# delimiter: ','
# meta: !!omap
# - __serialized_columns__:
#     dec:
#       __class__: astropy.coordinates.angles.Latitude
#       unit: &id001 !astropy.units.Unit {unit: deg}
#       value: !astropy.table.SerializedColumn {name: dec}
#     distance:
#       __class__: astropy.coordinates.distances.Distance
#       unit: !astropy.units.Unit {unit: kpc}
#       value: !astropy.table.SerializedColumn {name: distance}
#     pm_dec:
#       __class__: astropy.units.quantity.Quantity
#       unit: !astropy.units.Unit {unit: mas / yr}
#       value: !astropy.table.SerializedColumn {name: pm_dec}
#     pm_ra_cosdec:
#       __class__: astropy.units.quantity.Quantity
#       unit: !astropy.units.Unit {unit: mas / yr}
#       value: !astropy.table.SerializedColumn {name: pm_ra_cosdec}
#     ra:
#       __class__: astropy.coordinates.angles.Longitude
#       unit: *id001
#       value: !astropy.table.SerializedColumn {name: ra}
#       wrap_angle: !astropy.coordinates.Angle
#         unit: *id001
#         value: 360.0
#     radial_velocity:
#       __class__: astropy.units.quantity.Quantity
#       unit: !astropy.units.Unit {unit: km / s}
#       value: !astropy.table.SerializedColumn {name: radial_velocity}
# schema: astropy-2.0
ra,dec,distance,pm_ra_cosdec,pm_dec,radial_velocity
[from data line 700]
24.844808180788828,-48.84363619407313,17.49999999999999,2.6901476876082033,-0.06716983694447304,43.82692596119007
24.850320860055426,-48.834307124674204,17.499999999999993,2.6900968060579498,-0.06730041403213838,43.79228930294913
24.8558293276384,-48.824977236137876,17.499999999999993,2.6900462197989374,-0.06743138780616248,43.75764534580833
24.861333585940745,-48.81564652895447,17.499999999999993,2.689995928855433,-0.06756275806269202,43.72299408976771
24.86683363736368,-48.8063150036138,17.49999999999999,2.6899459332516016,-0.06769452459807657,43.688335534827246
24.872329484306658,-48.79698266060504,17.49999999999999,2.6898962330114973,-0.06782668720886481,43.653669680986965
24.87782112916738,-48.78764950041683,17.49999999999999,2.6898468281590713,-0.06795924569180456,43.618996528246825
24.88330857434177,-48.77831552353723,17.499999999999993,2.6897977187181694,-0.0680921998438459,43.58431607660691
24.888791822223993,-48.76898073045368,17.49999999999999,2.6897489047125314,-0.06822554946213782,43.54962832606714
24.894270875206473,-48.75964512165307,17.499999999999986,2.6897003861657933,-0.06835929434402943,43.51493327662753
24.899745735679847,-48.75030869762173,17.49999999999999,2.6896521631014814,-0.06849343428706872,43.48023092828809
24.905216406033027,-48.7409714588454,17.499999999999993,2.6896042355430243,-0.0686279690890032,43.44552128104882
24.91068288865315,-48.731633405809234,17.49999999999999,2.6895566035137435,-0.0687628985477794,43.41080433490974
24.916145185925572,-48.72229453899783,17.49999999999999,2.6895092670368554,-0.06889822246154448,43.37608008987082
24.92160330023395,-48.71295485889519,17.499999999999993,2.68946222613547,-0.06903394062864193,43.341348545932085
24.927057233960134,-48.70361436598478,17.49999999999999,2.689415480832602,-0.06917005284761563,43.30660970309349
24.932506989484263,-48.69427306074944,17.49999999999999,2.6893690311511533,-0.06930655891720722,43.27186356135508
24.937952569184688,-48.68493094367149,17.499999999999993,2.689322877113926,-0.06944345863635792,43.23711012071686
24.943393975438035,-48.67558801523265,17.499999999999993,2.689277018743621,-0.0695807518042047,43.20234938117879
24.948831210619172,-48.66624427591406,17.499999999999993,2.689231456062834,-0.06971843822008417,43.167581342740895
24.954264277101213,-48.65689972619633,17.49999999999999,2.6891861890940585,-0.06985651768353102,43.13280600540316
24.959693177255524,-48.647554366559476,17.49999999999999,2.6891412178596856,-0.06999498999427622,43.098023369165574
24.96511791345173,-48.63820819748292,17.499999999999993,2.689096542382004,-0.07013385495225022,43.0632334340282
24.97053848805771,-48.62886121944557,17.499999999999993,2.689052162683203,-0.07027311235757788,43.02843619999098
24.975954903439597,-48.61951343292571,17.49999999999999,2.6890080787853647,-0.07041276201058333,42.993631667053926
24.98136716196177,-48.6101648384011,17.49999999999999,2.6889642907104734,-0.07055280371178635,42.95881983521705
24.986775265986868,-48.60081543634892,17.499999999999986,2.6889207984804133,-0.07069323726190507,42.924000704480335
24.992179217875808,-48.59146522724577,17.499999999999993,2.6888776021169605,-0.07083406246185264,42.8891742748438
24.99757901998774,-48.58211421156769,17.49999999999999,2.688834701641801,-0.0709752791127386,42.854340546307434
25.002974674680083,-48.57276238979019,17.49999999999999,2.688792097076509,-0.07111688701586988,42.81949951887126
25.00836618430851,-48.56340976238816,17.49999999999999,2.6887497884425664,-0.07125888597274899,42.78465119253521
25.013753551226976,-48.55405632983597,17.49999999999999,2.6887077757613502,-0.07140127578507321,42.74979556729938
25.019136777787676,-48.544702092607395,17.49999999999999,2.6886660590541376,-0.07154405625473687,42.71493264316368
25.024515866341083,-48.535347051175684,17.499999999999993,2.6886246383421084,-0.0716872271838292,42.68006242012815
25.029890819235924,-48.52599120601348,17.49999999999999,2.68858351364634,-0.07183078837463447,42.6451848981928
25.03526163881919,-48.516634557592916,17.499999999999986,2.6885426849878122,-0.07197473962963297,42.6103000773576
25.040628327436153,-48.50727710638552,17.49999999999999,2.688502152387404,-0.07211908075149942,42.575407957622616
25.045990887430346,-48.497918852862284,17.49999999999999,2.6884619158658967,-0.07226381154310307,42.54050853898776
25.05134932114357,-48.48855979749363,17.49999999999999,2.6884219754439713,-0.0724089318075084,42.50560182145311
25.05670363091587,-48.479199940749425,17.49999999999999,2.6883823311422117,-0.07255444134797423,42.47068780501859
25.062053819085616,-48.46983928309899,17.499999999999986,2.6883429829811023,-0.07270033996795233,42.43576648968429
25.067399887989396,-48.46047782501107,17.499999999999993,2.6883039309810273,-0.0728466274710915,42.40083787545011
25.072741839962106,-48.45111556695386,17.49999999999999,2.6882651751622784,-0.07299330366123125,42.36590196231613
25.07807967733689,-48.44175250939499,17.499999999999986,2.688226715545044,-0.07314036834240717,42.3309587502823
25.083413402445196,-48.432388652801556,17.49999999999999,2.688188552149416,-0.07328782131884687,42.29600823934868
25.0887430176167,-48.42302399764009,17.499999999999993,2.6881506849953922,-0.07343566239497323,42.261050429515194
25.09406852517941,-48.41365854437655,17.499999999999993,2.6881131141028693,-0.07358389137539967,42.22608532078188
25.099389927459576,-48.404292293476374,17.49999999999999,2.6880758394916486,-0.07373250806493409,42.19111291314875
25.104707226781724,-48.394925245404416,17.499999999999986,2.688038861181435,-0.07388151226857925,42.156133206615785
25.110020425468676,-48.385557400625,17.49999999999999,2.688002179191835,-0.07403090379152749,42.12114620118298
25.11532952584153,-48.37618875960188,17.499999999999993,2.687965793542359,-0.07418068243916459,42.08615189685038
25.120634530219665,-48.36681932279827,17.49999999999999,2.6879297042524253,-0.07433084801706957,42.051150293617944
25.12593544092072,-48.35744909067683,17.49999999999999,2.68789391134135,-0.0744814003310128,42.016141391485625
25.13123226026066,-48.34807806369966,17.49999999999999,2.6878584148283573,-0.07463233918695683,41.981125190453525
25.13652499055369,-48.33870624232833,17.49999999999999,2.687823214732575,-0.07478366439105688,41.94610169052158
25.14181363411234,-48.329333627023864,17.49999999999999,2.687788311073035,-0.07493537574965786,41.91107089168982
25.14709819324739,-48.3199602182467,17.49999999999999,2.6877537038686747,-0.07508747306929808,41.8760327939582
25.15237867026792,-48.31058601645676,17.499999999999993,2.6877193931383343,-0.07523995615670637,41.840987397326764
25.15765506748132,-48.301211022113414,17.49999999999999,2.687685378900765,-0.07539282481880377,41.805934701795486
25.162927387193236,-48.29183523567548,17.49999999999999,2.6876516611746157,-0.0755460788626991,41.77087470736441
25.16819563170761,-48.28245865760123,17.49999999999999,2.6876182399784456,-0.0756997180956962,41.735807414033474
25.173459803326704,-48.27308128834841,17.499999999999993,2.687585115330718,-0.07585374232528591,41.70073282180273
25.178719904351023,-48.263703128374175,17.499999999999993,2.6875522872498063,-0.0760081513591529,41.665650930672136
25.183975937079406,-48.25432417813518,17.49999999999999,2.687519755753984,-0.07616294500516857,41.63056174064173
25.189227903808973,-48.244944438087515,17.49999999999999,2.6874875208614335,-0.07631812307139751,41.59546525171149
25.194475806835126,-48.235563908686736,17.49999999999999,2.6874555825902453,-0.07647368536609217,41.560361463881414
25.199719648451584,-48.22618259038785,17.49999999999999,2.687423940958415,-0.07662963169769504,41.525250377151515
25.20495943095035,-48.21680048364532,17.499999999999993,2.6873925959838445,-0.07678596187483944,41.4901319915218
25.21019515662172,-48.207417588913096,17.49999999999999,2.687361547684347,-0.07694267570634677,41.455006306992225
25.21542682775429,-48.198033906644525,17.499999999999993,2.6873307960776374,-0.07709977300122856,41.419873323562825
25.22065444663498,-48.188649437292476,17.49999999999999,2.6873003411813423,-0.07725725356868424,41.384733041233595
25.225878015548975,-48.17926418130924,17.49999999999999,2.687270183012995,-0.07741511721810351,41.34958546000455
25.23109753677979,-48.16987813914662,17.499999999999993,2.687240321590035,-0.07757336375906371,41.31443057987566
25.236313012609216,-48.16049131125578,17.49999999999999,2.6872107569298143,-0.07773199300133182,41.27926840084694
25.241524445317367,-48.15110369808747,17.49999999999999,2.6871814890495878,-0.07789100475486072,41.2440989229184
25.246731837182665,-48.141715300091796,17.49999999999999,2.687152517966523,-0.07805039882979514,41.208922146090046
25.251935190481817,-48.13232611771841,17.499999999999993,2.6871238436976945,-0.0782101750364646,41.173738070361836
25.25713450748985,-48.12293615141636,17.499999999999993,2.6870954662600863,-0.07837033318538839,41.13854669573381
25.262329790480102,-48.1135454016342,17.49999999999999,2.6870673856705936,-0.07853087308727247,41.10334802220598
25.26752104172421,-48.10415386881995,17.49999999999999,2.687039601946015,-0.07869179455301112,41.06814204977824
25.27270826349212,-48.094761553421066,17.49999999999999,2.687012115103066,-0.07885309739368557,41.03292877845072
25.277891458052096,-48.0853684558845,17.49999999999999,2.6869849251583657,-0.07901478142056345,40.99770820822338
25.283070627670707,-48.075974576656655,17.499999999999993,2.686958032128447,-0.07917684644510026,40.96248033909621
25.288245774612847,-48.06657991618339,17.49999999999999,2.6869314360297536,-0.07933929227893821,40.927245171069195
25.293416901141704,-48.05718447491009,17.49999999999999,2.6869051368786345,-0.07950211873390584,40.892002704142364
25.298584009518787,-48.04778825328152,17.49999999999999,2.6868791346913548,-0.079665325622018,40.85675293831568
25.303747102003925,-48.03839125174196,17.499999999999993,2.6868534294840862,-0.07982891275547721,40.82149587358918
25.30890618085527,-48.02899347073519,17.49999999999999,2.686828021272915,-0.07999287994666948,40.78623150996286
25.31406124832927,-48.0195949107044,17.49999999999999,2.686802910073835,-0.08015722700816957,40.75095984743668
25.319212306680708,-48.0101955720923,17.499999999999993,2.686778095902754,-0.08032195375273593,40.715680886010716
25.324359358162674,-48.000795455341034,17.499999999999993,2.686753578775489,-0.08048705999331457,40.680394625684876
25.329502405026606,-47.991394560892246,17.499999999999993,2.6867293587077716,-0.0806525455430338,40.64510106645922
25.33464144952222,-47.98199288918702,17.49999999999999,2.6867054357152425,-0.08081841021521052,40.60980020833373
25.339776493897592,-47.97259044066596,17.499999999999996,2.686681809813454,-0.08098465382334502,40.57449205130844
25.344907540399106,-47.96318721576911,17.499999999999993,2.6866584810178757,-0.08115127618112244,40.53917659538332
25.35003459127145,-47.95378321493598,17.499999999999996,2.686635449343883,-0.08131827710241374,40.50385384055833
25.35515764875768,-47.94437843860559,17.499999999999993,2.6866127148067696,-0.08148565640127314,40.468523786833536
25.36027671509914,-47.934972887216404,17.499999999999996,2.6865902774217365,-0.08165341389194025,40.43318643420892
25.365391792535522,-47.92556656120638,17.5,2.6865681372039023,-0.08182154938883784,40.397841782684466
25.370502883304848,-47.91615946101294,17.499999999999993,2.6865462941682985,-0.08199006270657339,40.36248983226018
25.37560998964344,-47.90675158707298,17.499999999999993,2.686524748329866,-0.0821589536599392,40.327130582936036
25.38071311378599,-47.8973429398229,17.499999999999993,2.6865034997034627,-0.082328222063909,40.291764034712116
25.385812257965494,-47.88793351969854,17.499999999999996,2.6864825483038595,-0.08249786773364265,40.25639018758832
25.390907424413292,-47.87852332713528,17.499999999999996,2.6864618941457414,-0.08266789048448037,40.22100904156472
25.395998615359044,-47.86911236256788,17.499999999999993,2.686441537243708,-0.08283829013194854,40.1856205966413
25.40108583303076,-47.85970062643067,17.499999999999996,2.6864214776122703,-0.08300906649175516,40.15022485281802
25.40616907965477,-47.85028811915743,17.499999999999993,2.686401715265858,-0.0831802193797912,40.1148218100949
25.411248357455765,-47.84087484118143,17.499999999999996,2.686382250218812,-0.0833517486121293,40.079411468472
25.41632366865673,-47.83146079293538,17.499999999999993,2.686363082485393,-0.08352365400502698,40.04399382794926
25.421395015479025,-47.82204597485153,17.499999999999996,2.6863442120797685,-0.08369593537492198,40.00856888852666
25.426462400142345,-47.812630387361565,17.499999999999993,2.6863256390160286,-0.08386859253843504,39.973136650204246
25.431525824864703,-47.803214030896676,17.499999999999993,2.686307363308176,-0.0840416253123682,39.937697112981986
25.436585291862468,-47.79379690588754,17.499999999999996,2.686289384970129,-0.08421503351370707,39.902250276859895
25.44164080335036,-47.784379012764326,17.499999999999996,2.686271704015722,-0.08438881695961592,39.86679614183804
25.44669236154142,-47.774960351956665,17.499999999999996,2.6862543204587066,-0.08456297546744485,39.83133470791626
25.45173996864704,-47.76554092389368,17.499999999999993,2.686237234312748,-0.08473750885472026,39.79586597509472
25.45678362687697,-47.756120729003975,17.49999999999999,2.686220445591429,-0.08491241693915352,39.76038994337332
25.461823338439288,-47.74669976771568,17.499999999999996,2.68620395430825,-0.08508769953863515,39.724906612752086
25.466859105540433,-47.73727804045636,17.499999999999993,2.686187760476627,-0.08526335647123762,39.68941598323102
25.471890930385182,-47.727855547653085,17.499999999999996,2.686171864109891,-0.08543938755521185,39.653918054810156
25.47691881517666,-47.71843228973243,17.499999999999993,2.6861562652212956,-0.08561579260899155,39.61841282748942
25.481942762116347,-47.70900826712044,17.499999999999996,2.6861409638240046,-0.0857925714511894,39.582900301268886
25.486962773404084,-47.69958348024266,17.499999999999996,2.686125959931106,-0.08596972390059898,39.54738047614855
25.491978851238027,-47.69015792952411,17.499999999999996,2.6861112535556013,-0.08614724977619376,39.51185335212833
25.49699099781473,-47.680731615389334,17.49999999999999,2.68609684471041,-0.08632514889712628,39.476318929208276
25.501999215329068,-47.67130453826232,17.499999999999993,2.6860827334083703,-0.08650342108272879,39.44077720738842
25.507003505974282,-47.66187669856658,17.499999999999996,2.686068919662237,-0.08668206615251367,39.40522818666872
25.51200387194198,-47.65244809672511,17.499999999999993,2.6860554034846897,-0.08686108392617181,39.36967186704923
25.517000315422095,-47.643018733160396,17.499999999999993,2.6860421848883185,-0.08704047422357408,39.334108248529816
25.521992838602966,-47.63358860829444,17.499999999999996,2.686029263885634,-0.0872202368647681,39.298537331110666
25.52698144367123,-47.624157722548674,17.499999999999993,2.6860166404890697,-0.08740037166998404,39.262959114791656
25.531966132811927,-47.6147260763441,17.499999999999993,2.6860043147109756,-0.08758087845962675,39.22737359957282
25.536946908208463,-47.6052936701012,17.499999999999996,2.6859922865636183,-0.08776175705428224,39.191780785454135
25.541923772042562,-47.59586050423989,17.499999999999993,2.685980556059189,-0.08794300727471299,39.15618067243561
25.54689672649435,-47.58642657917965,17.499999999999993,2.685969123209795,-0.08812462894186063,39.12057326051729
25.551865773742303,-47.576991895339425,17.499999999999996,2.685957988027464,-0.08830662187684424,39.08495854969914
25.556830915963257,-47.567556453137676,17.49999999999999,2.6859471505241443,-0.08848898590096077,39.04933653998117
25.56179215533242,-47.55812025299234,17.499999999999996,2.6859366107117038,-0.08867172083568514,39.01370723136332
25.56674949402335,-47.54868329532086,17.499999999999993,2.685926368601931,-0.08885482650266835,38.97807062384567
25.57170293420802,-47.5392455805402,17.499999999999996,2.6859164242065354,-0.08903830272373986,38.942426717428184
