galstreams/tracks/track.st.M5.sollima2020.ecsv
# %ECSV 0.9
# ---
# datatype:
# - {name: ra, unit: deg, datatype: float64}
# - {name: dec, unit: deg, datatype: float64}
# - {name: distance, unit: kpc, datatype: float64}
# - {name: pm_ra_cosdec, unit: mas / yr, datatype: float64}
# - {name: pm_dec, unit: mas / yr, datatype: float64}
# - {name: radial_velocity, unit: km / s, datatype: float64}
# delimiter: ','
# meta: !!omap
# - __serialized_columns__:
#     dec:
#       __class__: astropy.coordinates.angles.Latitude
#       unit: &id001 !astropy.units.Unit {unit: deg}
#       value: !astropy.table.SerializedColumn {name: dec}
#     distance:
#       __class__: astropy.coordinates.distances.Distance
#       unit: !astropy.units.Unit {unit: kpc}
#       value: !astropy.table.SerializedColumn {name: distance}
#     pm_dec:
#       __class__: astropy.units.quantity.Quantity
#       unit: !astropy.units.Unit {unit: mas / yr}
#       value: !astropy.table.SerializedColumn {name: pm_dec}
#     pm_ra_cosdec:
#       __class__: astropy.units.quantity.Quantity
#       unit: !astropy.units.Unit {unit: mas / yr}
#       value: !astropy.table.SerializedColumn {name: pm_ra_cosdec}
#     ra:
#       __class__: astropy.coordinates.angles.Longitude
#       unit: *id001
#       value: !astropy.table.SerializedColumn {name: ra}
#       wrap_angle: !astropy.coordinates.Angle
#         unit: *id001
#         value: 360.0
#     radial_velocity:
#       __class__: astropy.units.quantity.Quantity
#       unit: !astropy.units.Unit {unit: km / s}
#       value: !astropy.table.SerializedColumn {name: radial_velocity}
# schema: astropy-2.0
ra,dec,distance,pm_ra_cosdec,pm_dec,radial_velocity
227.96855197,2.997324890000002,7.299999999999999,0.0,0.0,0.0
227.97638563788516,2.9910290212970487,7.3,0.0,0.0,0.0
227.98430389566607,2.9848485171913506,7.3,0.0,0.0,0.0
227.99230452459287,2.9787803495652687,7.299999999999999,0.0,0.0,0.0
228.00038533354376,2.972821528018753,7.299999999999998,0.0,0.0,0.0
228.00854415887895,2.966969099675593,7.3,0.0,0.0,0.0
228.01677886429442,2.9612201489898005,7.3,0.0,0.0,0.0
228.02508734067632,2.955571797551703,7.299999999999998,0.0,0.0,0.0
228.03346750595517,2.950021203894292,7.299999999999999,0.0,0.0,0.0
228.04191730496055,2.944565563299214,7.3000000000000025,0.0,0.0,0.0
228.05043470927615,2.939202107602683,7.300000000000001,0.0,0.0,0.0
228.05901771709455,2.9339281050016184,7.300000000000001,0.0,0.0,0.0
228.06766435307253,2.9287408598594418,7.300000000000001,0.0,0.0,0.0
228.07637266818676,2.9236377125118014,7.300000000000001,0.0,0.0,0.0
228.0851407395892,2.918616039072537,7.3,0.0,0.0,0.0
228.09396667046283,2.9136732512392647,7.300000000000002,0.0,0.0,0.0
228.10284858987782,2.9088067960991113,7.300000000000001,0.0,0.0,0.0
228.11178465264766,2.9040141559341874,7.300000000000001,0.0,0.0,0.0
228.12077303918517,2.89929284802737,7.300000000000001,0.0,0.0,0.0
228.12981195535917,2.8946404244677164,7.300000000000001,0.0,0.0,0.0
228.1388996323511,2.890054471955854,7.300000000000002,0.0,0.0,0.0
228.14803432651138,2.885532611609626,7.300000000000001,0.0,0.0,0.0
228.15721431921656,2.881072498769393,7.3000000000000025,0.0,0.0,0.0
228.16643791672607,2.876671822803311,7.300000000000002,0.0,0.0,0.0
228.17570345003946,2.8723283069128684,7.300000000000001,0.0,0.0,0.0
228.18500927475333,2.8680397079380593,7.300000000000001,0.0,0.0,0.0
228.19435377091872,2.863803816162731,7.300000000000002,0.0,0.0,0.0
228.20373534289865,2.8596184551197,7.3000000000000025,0.0,0.0,0.0
228.2131524192253,2.8554814813961786,7.300000000000001,0.0,0.0,0.0
228.2226034524577,2.8513907844388724,7.300000000000001,0.0,0.0,0.0
228.23208691903946,2.847344286359063,7.3000000000000025,0.0,0.0,0.0
228.24160131915636,2.843339941737962,7.3000000000000025,0.0,0.0,0.0
228.25114517659418,2.8393757374317548,7.300000000000002,0.0,0.0,0.0
228.26071703859665,2.835449692376608,7.300000000000002,0.0,0.0,0.0
228.2703154757234,2.831559857393987,7.3000000000000025,0.0,0.0,0.0
228.2799390817078,2.827704314995605,7.300000000000002,0.0,0.0,0.0
228.28958647331524,2.823881179188559,7.300000000000002,0.0,0.0,0.0
228.2992562902012,2.8200885952802657,7.300000000000003,0.0,0.0,0.0
228.30894719476947,2.8163247396837074,7.300000000000002,0.0,0.0,0.0
228.31865787203012,2.8125878197223733,7.300000000000002,0.0,0.0,0.0
228.3283870294583,2.8088760734351865,7.3000000000000025,0.0,0.0,0.0
228.33813339685207,2.805187769381733,7.3000000000000025,0.0,0.0,0.0
228.3478957261911,2.8015212064471746,7.3000000000000025,0.0,0.0,0.0
228.35767279149496,2.7978747136471567,7.3000000000000025,0.0,0.0,0.0
228.36746338868153,2.7942466499330134,7.3000000000000025,0.0,0.0,0.0
228.3772663354256,2.7906354039966406,7.300000000000002,0.0,0.0,0.0
228.3870804710172,2.787039394075552,7.300000000000002,0.0,0.0,0.0
228.39690465622053,2.7834570677577513,7.3000000000000025,0.0,0.0,0.0
228.40673777313205,2.7798869017869148,7.300000000000002,0.0,0.0,0.0
228.41657872503927,2.776327401867298,7.3000000000000025,0.0,0.0,0.0
228.42642643627963,2.7727771024686207,7.300000000000002,0.0,0.0,0.0
228.43627985209864,2.769234566631264,7.3000000000000025,0.0,0.0,0.0
228.4461379385089,2.7656983857711723,7.3000000000000025,0.0,0.0,0.0
228.45599968214879,2.7621671794847473,7.300000000000002,0.0,0.0,0.0
228.4658640901408,2.7586395953540515,7.3000000000000025,0.0,0.0,0.0
228.47573018995058,2.7551143087516854,7.3000000000000025,0.0,0.0,0.0
228.4855970292454,2.7515900226458623,7.3000000000000025,0.0,0.0,0.0
228.49546367575317,2.748065467405291,7.300000000000001,0.0,0.0,0.0
228.50532921712085,2.7445394006043986,7.300000000000002,0.0,0.0,0.0
228.51519276077312,2.7410106068282576,7.3000000000000025,0.0,0.0,0.0
228.5250534337716,2.7374778974775262,7.300000000000002,0.0,0.0,0.0
228.53491038267296,2.733940110573678,7.3000000000000025,0.0,0.0,0.0
228.54476277338816,2.730396110563934,7.3000000000000025,0.0,0.0,0.0
228.5546097910407,2.7268447881263764,7.3000000000000025,0.0,0.0,0.0
228.56445063982585,2.723285059974884,7.3000000000000025,0.0,0.0,0.0
228.57428454286895,2.7197158686644123,7.3000000000000025,0.0,0.0,0.0
228.5841107420843,2.7161361823959735,7.3000000000000025,0.0,0.0,0.0
228.59392849803396,2.7125449948216342,7.3000000000000025,0.0,0.0,0.0
228.60373708978628,2.7089413248498238,7.300000000000002,0.0,0.0,0.0
228.61353581477465,2.7053242164503417,7.3000000000000025,0.0,0.0,0.0
228.62332398865624,2.701692738459394,7.3000000000000025,0.0,0.0,0.0
228.63310094517067,2.6980459843849256,7.300000000000002,0.0,0.0,0.0
228.64286603599854,2.6943830722116386,7.3000000000000025,0.0,0.0,0.0
228.65261863062025,2.6907031442062204,7.3000000000000025,0.0,0.0,0.0
228.66235811617463,2.6870053667223806,7.300000000000002,0.0,0.0,0.0
228.67208389731738,2.683288930006243,7.3000000000000025,0.0,0.0,0.0
228.6817953960799,2.6795530480014382,7.300000000000002,0.0,0.0,0.0
228.69149205172786,2.6757969581542156,7.300000000000003,0.0,0.0,0.0
228.70117332061957,2.672019921218872,7.3000000000000025,0.0,0.0,0.0
228.71083867606478,2.6682212210628813,7.3000000000000025,0.0,0.0,0.0
228.72048760818325,2.6644001644720494,7.300000000000003,0.0,0.0,0.0
228.73011962376302,2.6605560809559776,7.300000000000002,0.0,0.0,0.0
228.73973424611916,2.6566883225532067,7.300000000000002,0.0,0.0,0.0
228.74933101495216,2.6527962636365703,7.3000000000000025,0.0,0.0,0.0
228.75890948620662,2.6488793007183724,7.300000000000002,0.0,0.0,0.0
228.76846923192932,2.6449368522559054,7.300000000000002,0.0,0.0,0.0
228.77800984012796,2.640968358456677,7.300000000000002,0.0,0.0,0.0
228.7875309146296,2.636973281083665,7.300000000000002,0.0,0.0,0.0
228.7970320749388,2.6329511032608703,7.3000000000000025,0.0,0.0,0.0
228.80651295609633,2.6289013292786008,7.300000000000002,0.0,0.0,0.0
228.81597320853732,2.624823484398751,7.3000000000000025,0.0,0.0,0.0
228.8254124979496,2.6207171146604167,7.3000000000000025,0.0,0.0,0.0
228.83483050513212,2.6165817866851695,7.300000000000004,0.0,0.0,0.0
228.84422692585318,2.6124170874825636,7.300000000000002,0.0,0.0,0.0
228.85360147070898,2.608222624255443,7.3,0.0,0.0,0.0
228.86295386498128,2.603998024205607,7.3000000000000025,0.0,0.0,0.0
228.8722838484962,2.599742934339185,7.300000000000001,0.0,0.0,0.0
228.88159117548238,2.5954570212720225,7.300000000000001,0.0,0.0,0.0
228.89087561442884,2.5911399710353895,7.3000000000000025,0.0,0.0,0.0
228.9001369479433,2.586791488881396,7.300000000000002,0.0,0.0,0.0
228.90937497261078,2.5824112990884247,7.300000000000001,0.0,0.0,0.0
228.918589498851,2.5779991447668755,7.300000000000002,0.0,0.0,0.0
228.927780350777,2.5735547876645977,7.300000000000002,0.0,0.0,0.0
228.9369473660531,2.569078007972524,7.300000000000001,0.0,0.0,0.0
228.946090395753,2.564568604130129,7.300000000000001,0.0,0.0,0.0
228.9552093042178,2.5600263926312317,7.300000000000002,0.0,0.0,0.0
228.96430396891392,2.555451207829511,7.300000000000001,0.0,0.0,0.0
228.97337428029152,2.5508429017440304,7.300000000000002,0.0,0.0,0.0
228.98242014164205,2.5462013438650866,7.300000000000002,0.0,0.0,0.0
228.99144146895628,2.541526420959762,7.300000000000001,0.0,0.0,0.0
229.00043819078272,2.5368180368774937,7.300000000000001,0.0,0.0,0.0
229.00941024808492,2.5320761123559588,7.300000000000002,0.0,0.0,0.0
229.01835759409994,2.527300584826634,7.300000000000002,0.0,0.0,0.0
229.02728019419573,2.522491408220569,7.300000000000002,0.0,0.0,0.0
229.03617802572958,2.5176485527739776,7.300000000000002,0.0,0.0,0.0
229.0450510779056,2.512772004834169,7.300000000000001,0.0,0.0,0.0
229.05389935163265,2.507861766665196,7.300000000000002,0.0,0.0,0.0
229.0627228593823,2.502917856253507,7.300000000000001,0.0,0.0,0.0
229.0715216250464,2.4979403071139243,7.3000000000000025,0.0,0.0,0.0
229.08029568379513,2.4929291680952916,7.3000000000000025,0.0,0.0,0.0
229.08904508193467,2.487884503186328,7.3,0.0,0.0,0.0
229.09776987676506,2.4828063913213074,7.300000000000002,0.0,0.0,0.0
229.10647013643788,2.4776949261860755,7.300000000000002,0.0,0.0,0.0
229.11514593981377,2.4725502160237744,7.3,0.0,0.0,0.0
229.1237973763207,2.467372383440585,7.3,0.0,0.0,0.0
229.13242454581118,2.462161565211779,7.3,0.0,0.0,0.0
229.14102755842012,2.456917912087479,7.300000000000002,0.0,0.0,0.0
229.1496065344227,2.4516415885984286,7.300000000000001,0.0,0.0,0.0
229.15816160409162,2.4463327728620787,7.300000000000001,0.0,0.0,0.0
229.16669290755527,2.4409916563883467,7.300000000000001,0.0,0.0,0.0
229.17520059465485,2.4356184438855855,7.300000000000001,0.0,0.0,0.0
229.18368482480253,2.430213353066361,7.300000000000002,0.0,0.0,0.0
229.1921457668386,2.4247766144535805,7.300000000000001,0.0,0.0,0.0
229.20058359888947,2.4193084711863193,7.300000000000001,0.0,0.0,0.0
229.20899850822497,2.4138091788256655,7.300000000000001,0.0,0.0,0.0
229.21739069111612,2.408279005160871,7.300000000000002,0.0,0.0,0.0
229.22576035269253,2.4027182300152132,7.300000000000001,0.0,0.0,0.0
229.23410770680044,2.3971271450518588,7.300000000000001,0.0,0.0,0.0
229.24243297585951,2.391506053580046,7.300000000000002,0.0,0.0,0.0
229.25073639072102,2.385855270360939,7.299999999999999,0.0,0.0,0.0
229.25901819052518,2.38017512141368,7.300000000000002,0.0,0.0,0.0
229.26727862255868,2.3744659438212716,7.300000000000002,0.0,0.0,0.0
229.27551794211226,2.3687280855367785,7.3,0.0,0.0,0.0
229.283736412338,2.362961905189247,7.3,0.0,0.0,0.0
229.29193430410734,2.3571677718896322,7.3,0.0,0.0,0.0
229.3001118958681,2.351346065037036,7.300000000000001,0.0,0.0,0.0
229.30826947350204,2.345497174124642,7.3,0.0,0.0,0.0
229.31640733018276,2.339621498545663,7.300000000000001,0.0,0.0,0.0
229.32452576623277,2.333719447399603,7.300000000000001,0.0,0.0,0.0
229.33262508898105,2.3277914392981818,7.3,0.0,0.0,0.0
229.34070561262064,2.3218379021714677,7.300000000000002,0.0,0.0,0.0
229.34876765806615,2.315859273073824,7.300000000000001,0.0,0.0,0.0
229.35681155281117,2.309855997990187,7.300000000000001,0.0,0.0,0.0
229.36483763078553,2.3038285316420564,7.300000000000001,0.0,0.0,0.0
229.3728462322133,2.2977773372934887,7.300000000000002,0.0,0.0,0.0
229.3808377034696,2.291702886557395,7.300000000000001,0.0,0.0,0.0
229.38881239693853,2.285605659201548,7.299999999999999,0.0,0.0,0.0
229.39677067087067,2.279486142954591,7.300000000000001,0.0,0.0,0.0
229.40471288923993,2.2733448333123607,7.300000000000001,0.0,0.0,0.0
229.41263942160177,2.2671822333438674,7.300000000000001,0.0,0.0,0.0
229.42055064295005,2.2609988534974956,7.300000000000001,0.0,0.0,0.0
229.4284469335751,2.2547952114069982,7.300000000000001,0.0,0.0,0.0
229.43632867892035,2.2485718316978387,7.300000000000001,0.0,0.0,0.0
229.44419626944054,2.2423292457932296,7.299999999999999,0.0,0.0,0.0
229.45205010045885,2.236067991720179,7.299999999999999,0.0,0.0,0.0
229.45989057202422,2.229788613915845,7.299999999999998,0.0,0.0,0.0
229.46771808876903,2.2234916630335917,7.3,0.0,0.0,0.0
229.47553305976655,2.2171776957490454,7.3,0.0,0.0,0.0
229.48333589838808,2.210847274566464,7.300000000000001,0.0,0.0,0.0
229.4911270221608,2.204500967624774,7.3,0.0,0.0,0.0
229.49890685262486,2.198139348503802,7.300000000000001,0.0,0.0,0.0
229.50667581519127,2.191762996030326,7.3,0.0,0.0,0.0
229.5144343389988,2.185372494084457,7.3,0.0,0.0,0.0
229.52218285677176,2.1789684314057167,7.3,0.0,0.0,0.0
229.52992180467768,2.1725514013991334,7.3,0.0,0.0,0.0
229.53765162218414,2.1661220019416323,7.3,0.0,0.0,0.0
229.54537275191686,2.1596808351880954,7.3,0.0,0.0,0.0
229.5530856395165,2.15322850737763,7.300000000000001,0.0,0.0,0.0
229.56079073349687,2.1467656286396393,7.3,0.0,0.0,0.0
229.5684884851019,2.1402928128002263,7.3,0.0,0.0,0.0
229.57617934816307,2.1338106771883036,7.300000000000002,0.0,0.0,0.0
229.58386377895712,2.127319842441708,7.300000000000001,0.0,0.0,0.0
229.59154223606336,2.120820932313618,7.300000000000001,0.0,0.0,0.0
229.5992151802213,2.1143145734786684,7.3,0.0,0.0,0.0
229.60688307418786,2.1078013953390737,7.3,0.0,0.0,0.0
229.614546382595,2.1012820298310597,7.3,0.0,0.0,0.0
229.62220557180726,2.094757111230951,7.3,0.0,0.0,0.0
229.62986110977897,2.088227275961472,7.3,0.0,0.0,0.0
229.63751346591215,2.081693162397853,7.3,0.0,0.0,0.0
229.6451631109136,2.0751554106742636,7.300000000000002,0.0,0.0,0.0
229.65281051665238,2.068614662489908,7.3,0.0,0.0,0.0
229.6604561560178,2.0620715609153177,7.300000000000001,0.0,0.0,0.0
229.6681005027761,2.055526750198594,7.3,0.0,0.0,0.0
229.6757440314288,2.0489808755716545,7.299999999999999,0.0,0.0,0.0
229.6833872170694,2.042434583056485,7.299999999999999,0.0,0.0,0.0
229.69103053524142,2.0358885192713925,7.3,0.0,0.0,0.0
229.69867446179575,2.029343331237267,7.300000000000001,0.0,0.0,0.0
229.7063194727479,2.0227996661838357,7.300000000000001,0.0,0.0,0.0
229.7139660441359,2.016258171355928,7.3,0.0,0.0,0.0
229.72161465187736,2.0097194938197425,7.3,0.0,0.0,0.0
229.72926577162744,2.0031842802691124,7.3,0.0,0.0,0.0
229.7369198786359,1.9966531768317777,7.3,0.0,0.0,0.0
229.74457744760488,1.9901268288756582,7.300000000000001,0.0,0.0,0.0
229.75223895254635,1.9836058808151322,7.300000000000001,0.0,0.0,0.0
229.75990486663966,1.9770909759173105,7.299999999999999,0.0,0.0,0.0
229.76757566208875,1.9705827561083222,7.300000000000001,0.0,0.0,0.0
229.77525180998003,1.9640818617795988,7.300000000000001,0.0,0.0,0.0
229.78293378013976,1.9575889315941608,7.300000000000001,0.0,0.0,0.0
229.79062204099142,1.9511046022929073,7.3,0.0,0.0,0.0
229.79831705941336,1.9446295085009107,7.3,0.0,0.0,0.0
229.80601930059638,1.9381642825337086,7.299999999999999,0.0,0.0,0.0
229.8137292279009,1.9317095542036071,7.300000000000001,0.0,0.0,0.0
229.82144730271486,1.9252659506259797,7.299999999999998,0.0,0.0,0.0
229.8291739843111,1.91883409602557,7.3,0.0,0.0,0.0
229.83690972970476,1.9124146115428007,7.3,0.0,0.0,0.0
229.84465499351072,1.9060081150400847,7.299999999999999,0.0,0.0,0.0
229.85241022780153,1.8996152209081336,7.3,0.0,0.0,0.0
229.8601758819644,1.893236539872278,7.300000000000001,0.0,0.0,0.0
229.86795240255904,1.886872678798784,7.3,0.0,0.0,0.0
229.87574023317495,1.8805242405011748,7.3,0.0,0.0,0.0
229.8835398142892,1.8741918235465567,7.299999999999999,0.0,0.0,0.0
229.89135158312362,1.8678760220619435,7.3,0.0,0.0,0.0
229.8991759735025,1.8615774255405926,7.3,0.0,0.0,0.0
229.90701341571003,1.8552966186483333,7.3,0.0,0.0,0.0
229.91486433634776,1.849034181029907,7.3,0.0,0.0,0.0
229.92272915819217,1.8427906871153066,7.300000000000001,0.0,0.0,0.0
229.9306083000521,1.83656670592612,7.3,0.0,0.0,0.0
229.93850217662632,1.830362800881873,7.300000000000001,0.0,0.0,0.0
229.94641119836095,1.824179529606385,7.3,0.0,0.0,0.0
229.95433577130686,1.8180174437341157,7.3,0.0,0.0,0.0
229.9622762969774,1.8118770887165254,7.300000000000001,0.0,0.0,0.0
229.97023317220558,1.8057590036284312,7.299999999999999,0.0,0.0,0.0
229.978206789002,1.7996637209743702,7.3,0.0,0.0,0.0
229.9861975344117,1.793591766494967,7.300000000000001,0.0,0.0,0.0
229.99420579037212,1.7875436589733014,7.3,0.0,0.0,0.0
230.00223193357033,1.7815199100412806,7.3,0.0,0.0,0.0
230.01027633530072,1.775521023986015,7.3,0.0,0.0,0.0
230.01833936132212,1.7695474975561996,7.299999999999999,0.0,0.0,0.0
230.02642137171566,1.7635998197684917,7.300000000000001,0.0,0.0,0.0
230.0345227207419,1.7576784717139022,7.300000000000001,0.0,0.0,0.0
230.0426437566983,1.7517839263641828,7.300000000000001,0.0,0.0,0.0
230.050784821777,1.7459166483782185,7.3,0.0,0.0,0.0
230.0589462519218,1.7400770939084245,7.300000000000001,0.0,0.0,0.0
230.06712837668596,1.7342657104071462,7.300000000000001,0.0,0.0,0.0
230.07533151908936,1.728482936433062,7.300000000000001,0.0,0.0,0.0
230.08355599547625,1.7227292014575901,7.300000000000002,0.0,0.0,0.0
230.09180211537225,1.7170049256713016,7.3,0.0,0.0,0.0
230.10007018134206,1.7113105197903278,7.3000000000000025,0.0,0.0,0.0
230.10836048884698,1.7056463848627863,7.300000000000001,0.0,0.0,0.0
