galstreams/tracks/track.st.NGC6101.ibata2021.ecsv
# %ECSV 0.9
# ---
# datatype:
# - {name: ra, unit: deg, datatype: float64}
# - {name: dec, unit: deg, datatype: float64}
# - {name: distance, unit: kpc, datatype: float64}
# - {name: pm_ra_cosdec, unit: mas / yr, datatype: float64}
# - {name: pm_dec, unit: mas / yr, datatype: float64}
# - {name: radial_velocity, unit: km / s, datatype: float64}
# delimiter: ','
# meta: !!omap
# - __serialized_columns__:
#     dec:
#       __class__: astropy.coordinates.angles.Latitude
#       unit: &id001 !astropy.units.Unit {unit: deg}
#       value: !astropy.table.SerializedColumn {name: dec}
#     distance:
#       __class__: astropy.coordinates.distances.Distance
#       unit: !astropy.units.Unit {unit: kpc}
#       value: !astropy.table.SerializedColumn {name: distance}
#     pm_dec:
#       __class__: astropy.units.quantity.Quantity
#       unit: !astropy.units.Unit {unit: mas / yr}
#       value: !astropy.table.SerializedColumn {name: pm_dec}
#     pm_ra_cosdec:
#       __class__: astropy.units.quantity.Quantity
#       unit: !astropy.units.Unit {unit: mas / yr}
#       value: !astropy.table.SerializedColumn {name: pm_ra_cosdec}
#     ra:
#       __class__: astropy.coordinates.angles.Longitude
#       unit: *id001
#       value: !astropy.table.SerializedColumn {name: ra}
#       wrap_angle: !astropy.coordinates.Angle
#         unit: *id001
#         value: 360.0
#     radial_velocity:
#       __class__: astropy.units.quantity.Quantity
#       unit: !astropy.units.Unit {unit: km / s}
#       value: !astropy.table.SerializedColumn {name: radial_velocity}
# schema: astropy-2.0
ra,dec,distance,pm_ra_cosdec,pm_dec,radial_velocity
[from data line 269]
250.8925805879187,-71.63170093375687,15.228064630683722,1.5600901166355705,-0.38418359599301327,-1.9999321933446802e-14
250.92101668166427,-71.6271910903759,15.227046318984504,1.5601987663386487,-0.3836113788024098,-3.789345208442552e-14
250.9494429072587,-71.62267974275193,15.226014136452344,1.5603082280986305,-0.38303159929243824,-3.4735664410723393e-14
250.97785926978443,-71.61816689101207,15.224968156365527,1.5604184907848488,-0.3824442822006071,-2.7367493172085098e-14
251.00626577431797,-71.61365253528203,15.223908452002341,1.5605295433224178,-0.38184945227658795,-5.578758223540424e-14
251.0346624259287,-71.60913667568644,15.222835096641067,1.5606413746921803,-0.38124713428216805,-4.210383564936169e-14
251.0630492296798,-71.6046193123485,15.221748163559988,1.5607539739306762,-0.38063735299115087,-5.578758223540424e-14
251.09142619062794,-71.60010044539021,15.220647726037399,1.5608673301301026,-0.38002013318928457,-2.8420089063319142e-14
251.1197933138226,-71.59558007493237,15.219533857351575,1.560981432438266,-0.3793954996742063,-3.8946047975659563e-14
251.14815060430755,-71.59105820109444,15.218406630780809,1.561096270058557,-0.3787634772553263,-3.157787673702127e-14
251.1764980671191,-71.58653482399471,15.217266119603382,1.5612118322498951,-0.3781240907537936,-3.4735664410723393e-14
251.20483570728788,-71.58200994375015,15.216112397097582,1.5613281083267032,-0.37747736500238,-4.9472006887999985e-14
251.23316352983716,-71.57748356047661,15.214945536541688,1.561445087658857,-0.37682332484544184,-5.0524602779234026e-14
251.26148153978423,-71.57295567428856,15.21376561121399,1.5615627596716513,-0.3761619951388114,-3.684085619319148e-14
251.28978974213973,-71.56842628529931,15.212572694392772,1.5616811138457583,-0.3754934007497364,-2.8420089063319142e-14
251.3180881419073,-71.56389539362101,15.211366859356323,1.5618001397171866,-0.37481756655681725,-3.4735664410723393e-14
251.34637674408478,-71.55936299936444,15.210148179382921,1.5619198268772454,-0.37413451744989557,-3.157787673702127e-14
251.37465555366265,-71.5548291026393,15.208916727750857,1.562040164972499,-0.3734442783300217,-4.105123975812765e-14
251.40292457562575,-71.55029370355395,15.207672577738416,1.5621611437047325,-0.37274687410933766,-1.473634247727659e-14
251.4311838149514,-71.54575680221564,15.206415802623878,1.5622827528309062,-0.37204232971104506,-3.5788260301957434e-14
251.45943327661138,-71.54121839873032,15.205146475685535,1.5624049821631232,-0.3713306700692827,-4.210383564936169e-14
251.48767296557008,-71.53667849320286,15.203864670201662,1.5625278215685805,-0.37061192012909944,-3.9998643866893604e-14
251.51590288678597,-71.53213708573678,15.202570459450556,1.5626512609695358,-0.3698861048463412,-3.263047262825531e-14
251.54412304521097,-71.52759417643448,15.201263916710495,1.5627752903432641,-0.3691532491875929,-2.1051917824680846e-14
251.57233344578992,-71.52304976539716,15.199945115259768,1.562899899722018,-0.3684133781301161,-4.210383564936169e-14
251.60053409346196,-71.51850385272483,15.19861412837666,1.5630250791929905,-0.3676665166617421,-5.157719867046807e-14
251.628724993159,-71.5139564385163,15.197271029339445,1.5631508188982701,-0.36691268978083513,-2.5262301389617013e-14
251.656906149807,-71.5094075228692,15.195915891426427,1.5632771090348032,-0.36615192249618644,-3.8946047975659563e-14
251.68507756832503,-71.50485710587999,15.19454878791588,1.5634039398543542,-0.36538423982696655,-3.368306851948935e-14
251.71323925362606,-71.50030518764392,15.193169792086088,1.5635313016634662,-0.3646096668026265,-3.8946047975659563e-14
251.74139121061606,-71.49575176825512,15.191778977215344,1.5636591848234154,-0.36382822846285096,-2.315710960714893e-14
251.76953344419496,-71.49119684780649,15.190376416581925,1.5637875797501786,-0.3630399498574615,-4.210383564936169e-14
251.79766595925628,-71.48664042638981,15.188962183464119,1.5639164769143876,-0.36224485604635,-3.789345208442552e-14
251.8257887606865,-71.48208250409569,15.187536351140212,1.5640458668412889,-0.3614429720994224,-3.789345208442552e-14
251.85390185336632,-71.47752308101353,15.186098992888489,1.5641757401107073,-0.36063432309649435,-2.947268495455318e-14
251.88200524216933,-71.47296215723166,15.184650181987234,1.5643060873569985,-0.3598189341272521,-2.2104513715914887e-14
251.91009893196326,-71.4683997328372,15.183189991714734,1.5644368992690179,-0.3589968302911493,-3.684085619319148e-14
251.93818292760886,-71.46383580791614,15.181718495349275,1.5645681665900706,-0.35816803669735964,-2.6314897280851057e-14
251.96625723396076,-71.45927038255333,15.18023576616914,1.5646998801178789,-0.35733257846468625,-2.947268495455318e-14
251.99432185586727,-71.4547034568324,15.178741877452612,1.564832030704538,-0.35649048072149236,-2.4209705498382972e-14
252.0223767981697,-71.45013503083602,15.177236902477983,1.5649646092564724,-0.35564176860564817,-2.6314897280851057e-14
252.05042206570357,-71.44556510464554,15.17572091452353,1.5650976067344027,-0.3547864672644254,-1.0525958912340423e-14
252.07845766329737,-71.44099367834129,15.174193986867543,1.5652310141532968,-0.353924601854462,-2.2104513715914887e-14
252.10648359577377,-71.43642075200242,15.172656192788308,1.5653648225823382,-0.35305619754165357,-2.5262301389617013e-14
252.1344998679484,-71.431846325707,15.171107605564107,1.565499023144876,-0.35218127950111855,-3.684085619319148e-14
252.16250648463105,-71.42727039953193,15.169548298473227,1.5656336070183925,-0.35129987291709025,-2.315710960714893e-14
252.19050345062456,-71.42269297355305,15.167978344793951,1.5657685654344553,-0.350412002982883,-3.0525280845787224e-14
252.2184907707257,-71.41811404784504,15.166397817804572,1.565903889678681,-0.34951769490078743,-4.9472006887999985e-14
252.24646844972506,-71.41353362248147,15.164806790783363,1.5660395710906962,-0.3486169738820133,-3.8946047975659563e-14
252.27443649240607,-71.40895169753485,15.163205337008621,1.566175601064088,-0.3477098651466328,-3.8946047975659563e-14
252.30239490354657,-71.40436827307653,15.16159352975862,1.566311971046375,-0.34679639392347983,-4.5261623323063815e-14
252.33034368791738,-71.3997833491768,15.159971442311651,1.5664486725389561,-0.34587658545010913,-3.4735664410723393e-14
252.35828285028347,-71.39519692590486,15.158339147946,1.5665856970970755,-0.34495046497269993,-2.315710960714893e-14
252.3862123954029,-71.39060900332879,15.156696719939953,1.5667230363297795,-0.34401805774601185,-2.315710960714893e-14
252.41413232802773,-71.38601958151561,15.155044231571791,1.566860681899876,-0.34307938903328933,-1.6841534259744676e-14
252.44204265290372,-71.38142866053118,15.153381756119801,1.5669986255238983,-0.3421344841062018,-3.8946047975659563e-14
252.4699433747697,-71.37683624044043,15.151709366862272,1.5671368589720498,-0.341183368244788,-5.2629794561702114e-14
252.49783449835903,-71.37224232130701,15.150027137077481,1.5672753740681846,-0.340226066737354,-2.2104513715914887e-14
252.52571602839765,-71.3676469031937,15.14833514004372,1.5674141626897422,-0.3392626048804451,-3.5788260301957434e-14
252.55358796960613,-71.36304998616204,15.146633449039273,1.56755321676773,-0.33829300797873135,-3.0525280845787224e-14
252.58145032669788,-71.35845157027262,15.144922137342425,1.5676925282866614,-0.3373173013449796,-3.157787673702127e-14
252.60930310438064,-71.3538516555849,15.14320127823146,1.5678320892845325,-0.33633551029994924,-5.2629794561702114e-14
252.6371463073553,-71.34925024215732,15.141470944984661,1.567971891852767,-0.33534766017235224,-3.9998643866893604e-14
252.66497994031667,-71.34464733004722,15.139731210880319,1.568111928136182,-0.3343537762987625,-4.631421921429786e-14
252.6928040079534,-71.3400429193109,15.13798214919671,1.5682521903329483,-0.33335388402355254,-1.894672604221276e-14
252.72061851494723,-71.33543701000366,15.136223833212133,1.56839267069454,-0.33234800869884346,-3.8946047975659563e-14
252.74842346597433,-71.33082960217965,15.13445633620486,1.5685333615257069,-0.33133617568439966,-3.368306851948935e-14
252.77621886570378,-71.32622069589209,15.132679731453182,1.5686742551844202,-0.3303184103475998,-1.894672604221276e-14
252.8040047187991,-71.32161029119305,15.130894092235385,1.5688153440818406,-0.32929473806333487,-1.9999321933446802e-14
252.8317810299168,-71.3169983881337,15.129099491829754,1.56895662068227,-0.3282651842139701,-3.368306851948935e-14
252.8595478037076,-71.31238498676403,15.12729600351457,1.5690980775031151,-0.32722977418924915,-4.315643154059573e-14
252.88730504481595,-71.30777008713306,15.12548370056812,1.5692397071148472,-0.32618853338623865,-3.0525280845787224e-14
252.91505275787944,-71.30315368928885,15.123662656268694,1.5693815021409507,-0.32514148720927566,-3.368306851948935e-14
252.94279094753006,-71.29853579327832,15.121832943894573,1.5695234552578958,-0.3240886610698662,-4.4209027431829774e-14
252.97051961839298,-71.29391639914743,15.119994636724039,1.569665559195085,-0.3230300803866525,-2.6314897280851057e-14
252.99823877508754,-71.28929550694113,15.118147808035383,1.5698078067348207,-0.3219657705853167,-3.0525280845787224e-14
253.02594842222626,-71.28467311670337,15.116292531106888,1.5699501907122562,-0.3208957570985404,-4.8419410996765944e-14
253.05364856441616,-71.28004922847703,15.11442887921684,1.5700927040153616,-0.31982006536590624,-3.368306851948935e-14
253.0813392062571,-71.27542384230405,15.11255692564352,1.5702353395848736,-0.3187387208338693,-3.684085619319148e-14
253.1090203523434,-71.2707969582253,15.110676743665222,1.5703780904142615,-0.31765174895565207,-3.157787673702127e-14
253.13669200726295,-71.2661685762807,15.108788406560222,1.570520949549684,-0.31655917519120014,-5.2629794561702114e-14
253.16435417559708,-71.26153869650918,15.106891987606808,1.5706639100899424,-0.31546102500711704,-2.8420089063319142e-14
253.19200686192139,-71.25690731894862,15.104987560083266,1.5708069651864465,-0.314357323876581,-2.7367493172085098e-14
253.21965007080462,-71.252274443636,15.103075197267884,1.570950108043166,-0.3132480972793023,-4.315643154059573e-14
253.24728380680997,-71.2476400706072,15.101154972438943,1.571093331916596,-0.3121333707014266,-3.789345208442552e-14
253.27490807449377,-71.24300419989724,15.099226958874725,1.571236630115709,-0.31101316963550424,-3.368306851948935e-14
253.30252287840656,-71.23836683154008,15.097291229853527,1.5713799960019128,-0.30988751958039285,-2.315710960714893e-14
253.33012822309271,-71.23372796556866,15.095347858653625,1.5715234229890187,-0.30875644604120644,-1.1578554803574466e-14
253.3577241130898,-71.2290876020151,15.0933969185533,1.5716669045431857,-0.3076199745292606,-5.4734986344170195e-14
253.38531055293012,-71.22444574091038,15.091438482830847,1.57181043418289,-0.30647813056197176,-1.7894130150978717e-14
253.41288754713867,-71.21980238228467,15.089472624764552,1.5719540054788737,-0.3053309396628427,-5.0524602779234026e-14
253.4404551002353,-71.21515752616703,15.08749941763269,1.5720976120541144,-0.30417842736134193,-4.9472006887999985e-14
253.46801321673294,-71.2105111725857,15.08551893471355,1.5722412475837713,-0.30302061919288703,-1.9999321933446802e-14
253.49556190113876,-71.20586332156782,15.083531249285423,1.5723849057951524,-0.3018575406987437,-1.7894130150978717e-14
253.5231011579533,-71.20121397313972,15.081536434626589,1.5725285804676665,-0.3006892174259906,-3.9998643866893604e-14
253.55063099167145,-71.19656312732666,15.079534564015335,1.5726722654327856,-0.29951567492742315,-1.2631150694808506e-14
253.57815140678173,-71.19191078415301,15.077525710729942,1.5728159545740017,-0.2983369387615137,-2.947268495455318e-14
253.60566240776623,-71.18725694364221,15.075509948048701,1.5729596418267804,-0.2971530344923437,-3.5788260301957434e-14
253.63316399910138,-71.18260160581671,15.073487349249895,1.5731033211785286,-0.2959639876895218,-3.5788260301957434e-14
253.66065618525693,-71.17794477069812,15.071457987611808,1.5732469866685426,-0.2947698239281474,-2.947268495455318e-14
253.68813897069697,-71.17328643830696,15.069421936412727,1.5733906323879707,-0.29357056878871596,-2.4209705498382972e-14
253.7156123598789,-71.16862660866299,15.067379268930933,1.5735342524797717,-0.29236624785708676,-1.9999321933446802e-14
253.74307635725444,-71.16396528178493,15.065330058444715,1.5736778411386712,-0.291156886724391,-2.4209705498382972e-14
253.77053096726922,-71.15930245769059,15.06327437823236,1.5738213926111195,-0.28994251098697893,-4.210383564936169e-14
253.79797619436223,-71.1546381363969,15.061212301572152,1.5739649011952503,-0.28872314624636924,-4.9472006887999985e-14
253.82541204296703,-71.14997231791983,15.059143901742372,1.574108361240839,-0.28749881810915834,-4.631421921429786e-14
253.8528385175103,-71.14530500227451,15.057069252021305,1.5742517671492593,-0.2862695521869885,-2.947268495455318e-14
253.88025562241333,-71.14063618947506,15.054988425687243,1.5743951133734408,-0.2850353740964533,-2.6314897280851057e-14
253.90766336209066,-71.13596587953474,15.052901496018467,1.5745383944178273,-0.2837963094590649,-4.105123975812765e-14
253.9350617409514,-71.13129407246592,15.050808536293264,1.5746816048383374,-0.2825523839011589,-2.4209705498382972e-14
253.9624507633978,-71.12662076828006,15.048709619789918,1.5748247392423147,-0.281303623053869,-4.8419410996765944e-14
253.9898304338267,-71.12194596698771,15.04660481978671,1.574967792288496,-0.2800500525530256,-4.210383564936169e-14
254.0172007566287,-71.1172696685985,15.044494209561933,1.57511075868696,-0.2787916980391168,-3.684085619319148e-14
254.0445617361879,-71.11259187312123,15.042377862393863,1.5752536331990898,-0.2775285851572321,-3.9998643866893604e-14
254.07191337688295,-71.10791258056378,15.040255851560795,1.5753964106375302,-0.2762607395569703,-2.7367493172085098e-14
254.09925568308574,-71.10323179093315,15.03812825034101,1.5755390858661402,-0.27498818689241566,-3.157787673702127e-14
254.12658865916285,-71.09854950423542,15.035995132012788,1.5756816537999607,-0.2737109528220374,-3.157787673702127e-14
254.1539123094741,-71.09386572047589,15.033856569854423,1.5758241094051604,-0.2724290630086633,-3.368306851948935e-14
254.18122663837374,-71.08918043965886,15.031712637144196,1.5759664476990047,-0.27114254311938935,-2.5262301389617013e-14
254.20853165020995,-71.08449366178782,15.02956340716039,1.5761086637498065,-0.2698514188255308,-4.8419410996765944e-14
254.23582734932447,-71.07980538686543,15.027408953181293,1.576250752676881,-0.26855571580256876,-4.105123975812765e-14
254.26311374005357,-71.07511561489339,15.025249348485188,1.576392709650513,-0.2672554597300667,-2.4209705498382972e-14
254.29039082672685,-71.07042434587264,15.023084666350368,1.5765345298919047,-0.2659506762916394,-3.5788260301957434e-14
254.31765861366856,-71.06573157980317,15.020914980055105,1.576676208673141,-0.2646413911748544,-4.5261623323063815e-14
254.3449171051963,-71.06103731668418,15.018740362877693,1.5768177413171403,-0.2633276300712096,-3.684085619319148e-14
254.37216630562227,-71.05634155651394,15.016560888096414,1.5769591231976163,-0.262009418676038,-2.2104513715914887e-14
254.39940621925197,-71.05164429929002,15.014376628989563,1.5771003497390328,-0.2606867826884812,-4.105123975812765e-14
254.42663685038553,-71.04694554500895,15.012187658835407,1.577241416416566,-0.25935974781139276,-2.1051917824680846e-14
254.45385820331697,-71.04224529366651,15.009994050912242,1.5773823187560558,-0.2580283397513006,-6.315575347404253e-15
254.48107028233377,-71.03754354525769,15.007795878498357,1.5775230523339643,-0.25669258421835284,-2.8420089063319142e-14
254.50827309171825,-71.03284029977654,15.005593214872023,1.5776636127773391,-0.25535250692622663,-3.368306851948935e-14
254.535466635746,-71.02813555721636,15.003386133311544,1.5778039957637622,-0.25400813359210694,-3.157787673702127e-14
254.56265091868727,-71.02342931756957,15.00117470709519,1.5779441970213144,-0.25265948993658927,-1.7894130150978717e-14
254.58982594480568,-71.01872158082777,14.998959009501252,1.5780842123285266,-0.2513066016836564,-4.631421921429786e-14
