galstreams/tracks/track.st.Svol.ibata2021.ecsv
# %ECSV 0.9
# ---
# datatype:
# - {name: ra, unit: deg, datatype: float64}
# - {name: dec, unit: deg, datatype: float64}
# - {name: distance, unit: kpc, datatype: float64}
# - {name: pm_ra_cosdec, unit: mas / yr, datatype: float64}
# - {name: pm_dec, unit: mas / yr, datatype: float64}
# - {name: radial_velocity, unit: km / s, datatype: float64}
# delimiter: ','
# meta: !!omap
# - __serialized_columns__:
#     dec:
#       __class__: astropy.coordinates.angles.Latitude
#       unit: &id001 !astropy.units.Unit {unit: deg}
#       value: !astropy.table.SerializedColumn {name: dec}
#     distance:
#       __class__: astropy.coordinates.distances.Distance
#       unit: !astropy.units.Unit {unit: kpc}
#       value: !astropy.table.SerializedColumn {name: distance}
#     pm_dec:
#       __class__: astropy.units.quantity.Quantity
#       unit: !astropy.units.Unit {unit: mas / yr}
#       value: !astropy.table.SerializedColumn {name: pm_dec}
#     pm_ra_cosdec:
#       __class__: astropy.units.quantity.Quantity
#       unit: !astropy.units.Unit {unit: mas / yr}
#       value: !astropy.table.SerializedColumn {name: pm_ra_cosdec}
#     ra:
#       __class__: astropy.coordinates.angles.Longitude
#       unit: *id001
#       value: !astropy.table.SerializedColumn {name: ra}
#       wrap_angle: !astropy.coordinates.Angle
#         unit: *id001
#         value: 360.0
#     radial_velocity:
#       __class__: astropy.units.quantity.Quantity
#       unit: !astropy.units.Unit {unit: km / s}
#       value: !astropy.table.SerializedColumn {name: radial_velocity}
# schema: astropy-2.0
ra,dec,distance,pm_ra_cosdec,pm_dec,radial_velocity
[from data line 2960]
252.77316943012252,22.737018368781484,6.40066953936296,4.3294291078318725,-7.459036305680931,0.0
252.7834666773028,22.73408172341766,6.400313210771955,4.330480257903784,-7.4602700918490665,-5.0524602779234026e-14
252.7937643015788,22.731146250720037,6.399957190039396,4.331530848124761,-7.461503014235083,-3.368306851948935e-14
252.80406230414636,22.72821195258024,6.399601477140171,4.332580878122094,-7.462735071742248,3.368306851948935e-14
252.8143606862016,22.725278830889668,6.399246072049165,4.333630347523286,-7.463966263273766,5.0524602779234026e-14
252.82465944894122,22.72234688753952,6.3988909747412634,4.334679255956066,-7.465196587732756,-1.6841534259744676e-14
252.83495859356225,22.719416124420793,6.398536185191354,4.3357276030483725,-7.46642604402227,5.0524602779234026e-14
252.84525812126205,22.716486543424278,6.398181703374323,4.336775388428368,-7.46765463104527,5.0524602779234026e-14
252.85555803323842,22.713558146440548,6.397827529265055,4.3378226117244445,-7.468882347704653,0.0
252.8658583306896,22.710630935359987,6.397473662838441,4.338869272565183,-7.47010919290323,6.73661370389787e-14
252.8761590148141,22.707704912072774,6.397120104069359,4.339915370579416,-7.471335165543741,-3.368306851948935e-14
252.88646008681096,22.704780078468847,6.396766852932703,4.340960905396169,-7.472560264528841,-3.368306851948935e-14
252.89676154787955,22.70185643643797,6.396413909403353,4.3420058766447,-7.473784488761118,5.0524602779234026e-14
252.9070633992195,22.6989339878697,6.3960612734562,4.343050283954486,-7.475007837143074,1.6841534259744676e-14
252.91736564203111,22.696012734653376,6.395708945066127,4.34409412695521,-7.476230308577144,1.6841534259744676e-14
252.92766827751487,22.693092678678134,6.3953569242080235,4.345137405276789,-7.4774519019656704,3.368306851948935e-14
252.93797130687165,22.690173821832904,6.395005210856772,4.346180118549347,-7.478672616210935,-1.6841534259744676e-14
252.94827473130283,22.687256166006414,6.3946538049872625,4.3472222664032305,-7.479892450215138,-1.6841534259744676e-14
252.95857855201012,22.684339713087176,6.394302706574377,4.348263848469003,-7.481111402880398,-1.6841534259744676e-14
252.96888277019565,22.681424464963502,6.393951915593005,4.349304864377443,-7.4823294731087575,8.420767129872338e-14
252.9791873870618,22.678510423523512,6.39360143201803,4.350345313759558,-7.483546659802194,5.0524602779234026e-14
252.98949240381154,22.67559759065508,6.393251255824341,4.351385196246561,-7.484762961862588,5.0524602779234026e-14
252.9997978216481,22.672685968245926,6.392901386986825,4.352424511469891,-7.485978378191757,-5.0524602779234026e-14
253.01010364177517,22.669775558183517,6.392551825480363,4.353463259061203,-7.487192907691448,1.6841534259744676e-14
253.02040986539683,22.666866362355144,6.392202571279845,4.354501438652366,-7.488406549263319,-1.6841534259744676e-14
253.03071649371742,22.66395838264787,6.3918536243601585,4.355539049875475,-7.4896193018089505,0.0
253.0410235279419,22.661051620948577,6.391504984696186,4.356576092362833,-7.490831164229862,5.0524602779234026e-14
253.05133096927537,22.658146079143922,6.391156652262816,4.357612565746973,-7.492042135427481,1.6841534259744676e-14
253.06163881892346,22.65524175912036,6.390808627034934,4.358648469660632,-7.4932522143031655,0.0
253.0719470780922,22.652338662764144,6.390460908987428,4.359683803736777,-7.494461399758194,-1.6841534259744676e-14
253.082255747988,22.64943679196132,6.390113498095178,4.360718567608585,-7.495669690693781,-1.6841534259744676e-14
253.0925648298176,22.64653614859773,6.389766394333079,4.361752760909456,-7.496877086011045,1.6841534259744676e-14
253.1028743247881,22.643636734558985,6.389419597676013,4.3627863832730025,-7.498083584611042,1.6841534259744676e-14
253.1131842341072,22.64073855173054,6.389073108098863,4.363819434333059,-7.499289185394753,6.73661370389787e-14
253.12349455898266,22.637841601997593,6.388726925576521,4.36485191372368,-7.500493887263074,1.6841534259744676e-14
253.13380530062292,22.634945887245177,6.388381050083869,4.365883821079125,-7.501697689116834,5.0524602779234026e-14
253.1441164602366,22.63205140935808,6.388035481595796,4.36691515603389,-7.502900589856779,5.0524602779234026e-14
253.15442803903287,22.629158170220926,6.387690220087186,4.367945918222672,-7.5041025883835815,-3.368306851948935e-14
253.16474003822125,22.6262661717181,6.387345265532924,4.368976107280394,-7.5053036835978455,3.368306851948935e-14
253.17505245901154,22.623375415733793,6.387000617907904,4.370005722842188,-7.506503874400087,8.420767129872338e-14
253.185365302614,22.620485904151998,6.3866562771870035,4.371034764543422,-7.507703159690755,1.6841534259744676e-14
253.19567857023935,22.61759763885648,6.386312243345111,4.372063232019662,-7.508901538370223,1.0104920555846805e-13
253.20599226309855,22.61471062173084,6.385968516357114,4.373091124906703,-7.510099009338784,5.0524602779234026e-14
253.216306382403,22.61182485465842,6.385625096197898,4.374118442840552,-7.5112955714966585,1.6841534259744676e-14
253.22662092936457,22.608940339522388,6.385281982842351,4.375145185457429,-7.512491223743987,-1.6841534259744676e-14
253.23693590519548,22.606057078205698,6.384939176265357,4.376171352393784,-7.513685964980844,6.73661370389787e-14
253.24725131110824,22.60317507259112,6.384596676441799,4.377196943286277,-7.514879794107228,8.420767129872338e-14
253.25756714831581,22.60029432456118,6.384254483346572,4.378221957771778,-7.516072710023045,1.0104920555846805e-13
253.26788341803157,22.597414835998226,6.383912596954556,4.379246395487391,-7.51726471162815,5.0524602779234026e-14
253.27820012146924,22.594536608784384,6.383571017240637,4.3802702560704265,-7.518455797822305,0.0
253.28851725984296,22.5916596448016,6.383229744179702,4.381293539158409,-7.519645967505209,1.6841534259744676e-14
253.29883483436723,22.588783945931574,6.382888777746639,4.382316244389086,-7.520835219576473,3.368306851948935e-14
253.30915284625686,22.585909514055842,6.382548117916331,4.383338371400425,-7.522023552935648,-3.368306851948935e-14
253.31947129672733,22.5830363510557,6.382207764663671,4.384359919830599,-7.5232109664821945,1.347322740779574e-13
253.32979018699402,22.58016445881227,6.381867717963538,4.385380889318014,-7.524397459115509,0.0
253.34010951827318,22.577293839206444,6.381527977790818,4.386401279501282,-7.525583029734914,-8.420767129872338e-14
253.35042929178124,22.574424494118933,6.381188544120403,4.387421090019225,-7.526767677239654,5.0524602779234026e-14
253.36074950873487,22.571556425430195,6.380849416927175,4.388440320510903,-7.527951400528885,0.0
253.3710701703514,22.568689635020544,6.380510596186021,4.389458970615576,-7.529134198501715,1.0104920555846805e-13
253.3813912778483,22.565824124770046,6.3801720818718275,4.390477039972726,-7.53031607005716,5.0524602779234026e-14
253.3917128324436,22.562959896558578,6.37983387395948,4.391494528222058,-7.531497014094162,1.6841534259744676e-14
253.40203483535566,22.560096952265802,6.379495972423866,4.392511435003481,-7.532677029511599,1.6841534259744676e-14
253.41235728780313,22.557235293771196,6.379158377239871,4.39352775995713,-7.533856115208259,0.0
253.42268019100527,22.554374922954008,6.378821088382382,4.3945435027233515,-7.535034270082866,5.0524602779234026e-14
253.43300354618145,22.55151584169329,6.378484105826282,4.395558662942715,-7.5362114930340685,3.368306851948935e-14
253.44332735455154,22.5486580518679,6.37814742954646,4.396573240256004,-7.537387782960444,0.0
253.4536516173359,22.545801555356466,6.3778110595178035,4.397587234304211,-7.53856313876048,6.73661370389787e-14
253.4639763357551,22.542946354037426,6.377474995715194,4.398600644728561,-7.5397375593326075,-5.0524602779234026e-14
253.4743015110302,22.540092449789018,6.377139238113524,4.399613471170477,-7.5409110435751785,1.6841534259744676e-14
253.48462714438259,22.537239844489278,6.376803786687676,4.4006257132716184,-7.542083590386466,-3.368306851948935e-14
253.49495323703408,22.53438854001601,6.376468641412534,4.401637370673842,-7.5432551986646725,0.0
253.50527979020686,22.531538538246835,6.37613380226299,4.402648443019231,-7.54442586730793,8.420767129872338e-14
253.5156068051234,22.528689841059176,6.375799269213925,4.40365892995009,-7.545595595214282,0.0
253.52593428300673,22.52584245033022,6.375465042240227,4.40466883110893,-7.546764381281721,3.368306851948935e-14
253.53626222508015,22.522996367936983,6.375131121316784,4.405678146138477,-7.547932224408144,6.73661370389787e-14
253.5465906325673,22.520151595756257,6.37479750641848,4.406686874681688,-7.549099123491386,1.6841534259744676e-14
253.55691950669234,22.51730813566463,6.374464197520201,4.40769501638172,-7.550265077429209,6.73661370389787e-14
253.56724884867967,22.514465989538497,6.374131194596834,4.4087025708819585,-7.551430085119296,3.368306851948935e-14
253.57757865975415,22.511625159254034,6.373798497623266,4.409709537825998,-7.5525941454592544,-1.6841534259744676e-14
253.58790894114105,22.508785646687212,6.373466106574382,4.410715916857647,-7.553757257346625,5.0524602779234026e-14
253.5982396940659,22.50594745371381,6.373134021425067,4.411721707620941,-7.554919419678871,1.6841534259744676e-14
253.60857091975478,22.503110582209384,6.372802242150211,4.412726909760116,-7.556080631353385,8.420767129872338e-14
253.61890261943392,22.50027503404932,6.372470768724697,4.413731522919644,-7.55724089126748,0.0
253.62923479433016,22.497440811108742,6.372139601123412,4.414735546744196,-7.558400198318402,1.6841534259744676e-14
253.63956744567062,22.49460791526263,6.371808739321244,4.415738980878668,-7.559558551403319,0.0
253.6499005746828,22.491776348385716,6.3714781832930765,4.416741824968167,-7.560715949419329,3.368306851948935e-14
253.66023418259454,22.48894611235255,6.371147933013798,4.417744078658016,-7.5618723912634564,5.0524602779234026e-14
253.6705682706341,22.486117209037463,6.370817988458292,4.418745741593764,-7.563027875832651,3.368306851948935e-14
253.6809028400302,22.48328964031459,6.3704883496014455,4.419746813421162,-7.564182402023791,1.6841534259744676e-14
253.69123789201177,22.48046340805786,6.370159016418146,4.420747293786187,-7.5653359687336765,0.0
253.7015734278083,22.47763851414101,6.3698299888832794,4.4217471823350225,-7.566488574859045,0.0
253.71190944864955,22.474814960437538,6.369501266971732,4.422746478714078,-7.567640219296545,5.0524602779234026e-14
253.72224595576557,22.471992748820764,6.369172850658389,4.423745182569972,-7.568790900942767,-3.368306851948935e-14
253.73258295038707,22.469171881163795,6.368844739918139,4.42474329354954,-7.569940618694224,1.0104920555846805e-13
253.74292043374479,22.466352359339563,6.368516934725864,4.42574081129984,-7.57108937144735,3.368306851948935e-14
253.75325840707012,22.463534185220738,6.368189435056453,4.426737735468137,-7.57223715809852,-5.0524602779234026e-14
253.76359687159479,22.460717360679826,6.367862240884793,4.427734065701909,-7.573383977544019,3.368306851948935e-14
253.77393582855072,22.457901887589127,6.367535352185767,4.428729801648859,-7.574529828680074,0.0
253.78427527917037,22.455087767820714,6.367208768934265,4.429724942956904,-7.5756747104028275,-5.0524602779234026e-14
253.79461522468665,22.452275003246477,6.366882491105171,4.430719489274172,-7.576818621608356,-3.368306851948935e-14
253.80495566633263,22.4494635957381,6.366556518673373,4.431713440249008,-7.577961561192667,1.6841534259744676e-14
253.8152966053419,22.446653547167042,6.366230851613754,4.432706795529975,-7.579103528051687,8.420767129872338e-14
253.82563804294836,22.44384485940459,6.365905489901201,4.43369955476585,-7.580244521081274,0.0
253.83597998038638,22.441037534321797,6.365580433510601,4.43469171760563,-7.5813845391772166,-1.6841534259744676e-14
253.84632241889065,22.438231573789533,6.3652556824168425,4.435683283698509,-7.58252358123522,0.0
253.85666535969622,22.43542697967844,6.36493123659481,4.436674252693924,-7.583661646150935,0.0
253.86700880403853,22.432623753858994,6.364607096019389,4.437664624241504,-7.584798732819923,3.368306851948935e-14
253.87735275315342,22.429821898201414,6.364283260665464,4.438654397991109,-7.585934840137684,8.420767129872338e-14
253.88769720827702,22.427021414575773,6.363959730507924,4.439643573592806,-7.587069966999641,6.73661370389787e-14
253.89804217064594,22.424222304851888,6.363636505521655,4.440632150696881,-7.5882041123011446,1.6841534259744676e-14
253.9083876414972,22.421424570899408,6.363313585681543,4.44162012895383,-7.589337274937477,5.0524602779234026e-14
253.91873362206803,22.41862821458776,6.362990970962475,4.44260750801437,-7.590469453803841,1.6841534259744676e-14
253.9290801135962,22.415833237786174,6.362668661339332,4.443594287529429,-7.591600647795382,5.0524602779234026e-14
253.9394271173197,22.41303964236367,6.362346656787008,4.444580467150153,-7.5927308558071545,0.0
253.9497746344771,22.410247430189063,6.362024957280382,4.445566046527903,-7.59386007673416,1.0104920555846805e-13
253.9601226663071,22.407456603130974,6.361703562794347,4.446551025314256,-7.594988309471307,0.0
253.97047121404898,22.404667163057805,6.361382473303785,4.447535403160995,-7.596115552913452,5.0524602779234026e-14
253.9808202789423,22.401879111837786,6.361061688783582,4.448519179720131,-7.597241805955373,3.368306851948935e-14
253.991169862227,22.39909245133889,6.360741209208625,4.449502354643885,-7.598367067491772,6.73661370389787e-14
254.0015199651434,22.396307183428938,6.360421034553802,4.450484927584688,-7.599491336417281,5.0524602779234026e-14
254.0118705889322,22.393523309975517,6.360101164793996,4.451466898195193,-7.600614611626464,-6.73661370389787e-14
254.02222173483457,22.390740832846017,6.359781599904093,4.452448266128261,-7.60173689201382,6.73661370389787e-14
254.0325734040918,22.387959753907626,6.359462339858984,4.453429031036976,-7.602858176473749,-1.6841534259744676e-14
254.04292559794587,22.385180075027332,6.359143384633553,4.454409192574628,-7.6039784639006145,8.420767129872338e-14
254.05327831763884,22.38240179807191,6.358824734202685,4.45538875039473,-7.605097753188685,3.368306851948935e-14
254.06363156441336,22.379624924907937,6.358506388541263,4.456367704151008,-7.60621604323217,0.0
254.07398533951235,22.376849457401786,6.358188347624181,4.457346053497391,-7.607333332925197,-5.0524602779234026e-14
254.08433964417918,22.374075397419617,6.35787061142632,4.45832379808804,-7.608449621161837,5.0524602779234026e-14
254.09469447965742,22.371302746827418,6.357553179922567,4.45930093757732,-7.609564906836074,1.6841534259744676e-14
254.10504984719128,22.36853150749092,6.3572360530878065,4.460277471619818,-7.610679188841834,6.73661370389787e-14
254.11540574802507,22.365761681275703,6.356919230896929,4.461253399870326,-7.611792466072961,-1.6841534259744676e-14
254.1257621834037,22.362993270047102,6.3566027133248175,4.4622287219838555,-7.612904737423232,3.368306851948935e-14
254.13611915457233,22.360226275670282,6.356286500346359,4.463203437615637,-7.614016001786362,3.368306851948935e-14
254.14647666277648,22.35746070001019,6.35597059193644,4.464177546421109,-7.61512625805598,3.368306851948935e-14
254.15683470926209,22.354696544931556,6.355654988069945,4.4651510480559224,-7.61623550512565,-1.6841534259744676e-14
254.1671932952755,22.351933812298928,6.355339688721763,4.466123942175953,-7.617343741888877,6.73661370389787e-14
254.17755242206331,22.349172503976636,6.355024693866779,4.467096228437281,-7.618450967239075,0.0
254.1879120908727,22.34641262182882,6.35471000347988,4.468067906496205,-7.619557180069596,0.0
254.19827230295093,22.3436541677194,6.35439561753595,4.469038976009235,-7.620662379273733,6.73661370389787e-14
254.20863305954586,22.340897143512112,6.3540815360098755,4.470009436633106,-7.6217665637446865,1.6841534259744676e-14
254.21899436190566,22.33814155107047,6.353767758876545,4.470979288024748,-7.622869732375601,0.0
254.22935621127885,22.335387392257797,6.353454286110843,4.471948529841323,-7.623971884059553,-1.6841534259744676e-14
