galstreams/tracks/track.st.Gaia-9.ibata2021.ecsv
# %ECSV 0.9
# ---
# datatype:
# - {name: ra, unit: deg, datatype: float64}
# - {name: dec, unit: deg, datatype: float64}
# - {name: distance, unit: kpc, datatype: float64}
# - {name: pm_ra_cosdec, unit: mas / yr, datatype: float64}
# - {name: pm_dec, unit: mas / yr, datatype: float64}
# - {name: radial_velocity, unit: km / s, datatype: float64}
# delimiter: ','
# meta: !!omap
# - __serialized_columns__:
#     dec:
#       __class__: astropy.coordinates.angles.Latitude
#       unit: &id001 !astropy.units.Unit {unit: deg}
#       value: !astropy.table.SerializedColumn {name: dec}
#     distance:
#       __class__: astropy.coordinates.distances.Distance
#       unit: !astropy.units.Unit {unit: kpc}
#       value: !astropy.table.SerializedColumn {name: distance}
#     pm_dec:
#       __class__: astropy.units.quantity.Quantity
#       unit: !astropy.units.Unit {unit: mas / yr}
#       value: !astropy.table.SerializedColumn {name: pm_dec}
#     pm_ra_cosdec:
#       __class__: astropy.units.quantity.Quantity
#       unit: !astropy.units.Unit {unit: mas / yr}
#       value: !astropy.table.SerializedColumn {name: pm_ra_cosdec}
#     ra:
#       __class__: astropy.coordinates.angles.Longitude
#       unit: *id001
#       value: !astropy.table.SerializedColumn {name: ra}
#       wrap_angle: !astropy.coordinates.Angle
#         unit: *id001
#         value: 360.0
#     radial_velocity:
#       __class__: astropy.units.quantity.Quantity
#       unit: !astropy.units.Unit {unit: km / s}
#       value: !astropy.table.SerializedColumn {name: radial_velocity}
# schema: astropy-2.0
ra,dec,distance,pm_ra_cosdec,pm_dec,radial_velocity
[from data line 1955]
243.3571124292038,53.84785406705655,4.913270265206918,-9.182008224463537,5.9299776986334205,-1.6841534259744676e-14
243.3620222088896,53.838009291626875,4.914771895425287,-9.180128882061883,5.927706252234742,-2.5262301389617013e-14
243.36692470001594,53.82816296435549,4.9162753905241745,-9.178253605867745,5.925434716429583,-3.368306851948935e-14
243.37181990247345,53.818315084682155,4.917780751919301,-9.176382398291548,5.923163093971325,-8.420767129872338e-14
243.37670781615284,53.808465652046095,4.919287981026393,-9.174515261743672,5.920891387611909,-8.420767129872338e-15
243.38158844094514,53.798614665885964,4.920797079261167,-9.17265219863445,5.918619600101901,-3.368306851948935e-14
243.38646177674144,53.788762125639835,4.922308048039351,-9.170793211374164,5.9163477341903885,-3.368306851948935e-14
243.39132782343304,53.77890803074523,4.923820888776663,-9.16893830237307,5.914075792625067,-2.5262301389617013e-14
243.3961865809115,53.76905238063908,4.925335602888827,-9.167087474041363,5.911803778152182,-1.6841534259744676e-14
243.40103804906838,53.75919517475775,4.926852191791566,-9.165240728789215,5.909531693516555,-5.0524602779234026e-14
243.40588222779553,53.74933641253703,4.928370656900601,-9.163398069026764,5.907259541461565,2.5262301389617013e-14
243.410719116985,53.739476093412144,4.9298909996316524,-9.161559497164106,5.904987324729164,-1.6841534259744676e-14
243.41554871652892,53.72961421681773,4.931413221400447,-9.159725015611318,5.9027150460598525,-3.368306851948935e-14
243.4203710263196,53.719750782187845,4.9329373236227045,-9.157894626778445,5.900442708192694,4.210383564936169e-14
243.42518604624965,53.70988578895597,4.934463307714146,-9.15606833307551,5.898170313865327,-7.578690416885104e-14
243.4299937762117,53.70001923655502,4.935991175090495,-9.154246136912505,5.895897865813907,-1.1789073981821273e-13
243.43479421609854,53.69015112441731,4.9375209271674745,-9.152428040699412,5.893625366773162,-7.578690416885104e-14
243.43958736580322,53.68028145197459,4.939052565360807,-9.150614046846195,5.891352819476368,-1.6841534259744676e-14
243.44437322521898,53.67041021865802,4.940586091086211,-9.148804157762802,5.889080226655363,5.0524602779234026e-14
243.4491517942392,53.660537423898155,4.942121505759415,-9.146998375859154,5.886807591040505,8.420767129872338e-15
243.4539230727574,53.65066306712502,4.943658810796136,-9.145196703545185,5.884534915360714,8.420767129872338e-15
243.45868706066722,53.64078714776798,4.945198007612097,-9.143399143230816,5.882262202343437,-7.578690416885104e-14
243.4634437578626,53.6309096652559,4.9467390976230226,-9.141605697325945,5.879989454714664,-1.0104920555846805e-13
243.46819316423745,53.62103061901697,4.948282082244635,-9.139816368240492,5.8777166751989185,0.0
243.47293527968617,53.61115000847884,4.949826962892654,-9.138031158384356,5.8754438665192845,-8.420767129872338e-15
243.47767010410297,53.60126783306856,4.951373740982802,-9.136250070167454,5.87317103139734,5.0524602779234026e-14
243.48239763738255,53.5913840922126,4.952922417930805,-9.134473105999692,5.870898172553223,-8.420767129872338e-14
243.48711787941946,53.58149878533681,4.95447299515238,-9.132700268291003,5.868625292705573,8.420767129872338e-15
243.49183083010863,53.57161191186647,4.956025474063253,-9.130931559451312,5.866352394571582,5.894536990910637e-14
243.49653648934515,53.56172347122625,4.957579856079144,-9.12916698189056,5.864079480866954,8.420767129872338e-15
243.50123485702417,53.55183346284025,4.959136142615779,-9.127406538018704,5.861806554305915,-5.894536990910637e-14
243.5059259330411,53.541941886131944,4.960694335088875,-9.12565023024572,5.859533617601203,-1.0946997268834039e-13
243.51060971729143,53.532048740524196,4.962254434914159,-9.123898060981608,5.857260673464083,2.5262301389617013e-14
243.51528620967093,53.52215402543934,4.9638164435073495,-9.12215003263637,5.854987724604344,-5.0524602779234026e-14
243.51995541007534,53.51225774029903,4.96538036228417,-9.120406147620054,5.852714773730259,5.0524602779234026e-14
243.52461731840089,53.50235988452436,4.966946192660344,-9.118666408342717,5.850441823548655,0.0
243.5292719345436,53.49246045753582,4.968513936051593,-9.116930817214453,5.848168876764822,-1.6841534259744676e-14
243.53391925839992,53.482559458753286,4.97008359387364,-9.115199376645387,5.845895936082593,-8.420767129872338e-15
243.53855928986633,53.472656887596045,4.971655167542204,-9.11347208904569,5.8436230042042805,4.210383564936169e-14
243.54319202883957,53.462752743482746,4.973228658473011,-9.11174895682554,5.841350083830724,-8.420767129872338e-15
243.54781747521645,53.452847025831495,4.974804068081782,-9.110029982395169,5.83907717766125,-1.0104920555846805e-13
243.55243562889393,53.442939734059706,4.976381397784238,-9.108315168164864,5.836804288393671,-2.5262301389617013e-14
243.55704648976928,53.433030867584264,4.977960648996104,-9.106604516544927,5.834531418724325,-5.0524602779234026e-14
243.56165005773977,53.423120425821395,4.9795418231331015,-9.104898029945726,5.8322585713480155,1.6841534259744676e-14
243.56624633270295,53.41320840818671,4.981124921610949,-9.103195710777676,5.829985748958068,-1.0104920555846805e-13
243.57083531455638,53.40329481409527,4.982709945845373,-9.101497561451225,5.827712954246265,0.0
243.57541700319794,53.39337964296145,4.984296897252096,-9.0998035843769,5.825440189902904,5.894536990910637e-14
243.57999139852564,53.38346289419904,4.9858857772468355,-9.09811378196526,5.8231674586167665,4.210383564936169e-14
243.5845585004376,53.373544567221224,4.987476587245318,-9.09642815662693,5.8208947630751044,0.0
243.5891183088321,53.36362466144057,4.989069328663266,-9.094746710772593,5.818622105963656,-4.210383564936169e-14
243.5936708236076,53.35370317626902,4.990664002916402,-9.093069446812997,5.816349489966642,-5.894536990910637e-14
243.5982160446627,53.34378011111788,4.992260611420442,-9.091396367158964,5.814076917766767,-8.420767129872338e-14
243.60275397189616,53.333855465397896,4.9938591555911165,-9.089727474221366,5.811804392045191,-5.0524602779234026e-14
243.60728460520696,53.32392923851913,4.995459636844143,-9.088062770411156,5.809531915481576,-2.5262301389617013e-14
243.61180794449416,53.31400142989105,4.997062056595245,-9.086402258139344,5.807259490754046,-8.420767129872338e-15
243.61632398965702,53.3040720389225,4.998666416260145,-9.084745939817036,5.804987120539183,-5.0524602779234026e-14
243.6208327405949,53.294141065021705,5.000272717254564,-9.083093817855397,5.802714807512039,1.0104920555846805e-13
243.6253341972075,53.28420850759626,5.001880960994225,-9.081445894665675,5.800442554346166,-5.894536990910637e-14
243.62982835939434,53.274274366053156,5.003491148894852,-9.079802172659209,5.79817036371351,7.578690416885104e-14
243.63431522705548,53.26433863979871,5.005103282372166,-9.0781626542474,5.795898238284558,-3.368306851948935e-14
243.63879480009084,53.25440132823865,5.006717362841886,-9.07652734184176,5.793626180728203,-1.0946997268834039e-13
243.64326707840056,53.24446243077807,5.00833339171974,-9.074896237853881,5.791354193711795,0.0
243.64773206188508,53.23452194682145,5.009951370421448,-9.073269344695426,5.789082279901184,5.0524602779234026e-14
243.65218975044493,53.2245798757726,5.011571300362729,-9.071646664778179,5.786810441960641,-2.5262301389617013e-14
243.65664014398067,53.2146362170347,5.013193182959309,-9.07002820051401,5.784538682552882,-5.0524602779234026e-14
243.66108324239312,53.20469097001037,5.01481701962691,-9.068413954314877,5.782267004339092,-3.368306851948935e-14
243.66551904558324,53.194744134101505,5.016442811781254,-9.06680392859285,5.779995409978893,-2.5262301389617013e-14
243.66994755345218,53.18479570870941,5.01807056083806,-9.0651981257601,5.777723902130366,-9.262843842859572e-14
243.6743687659011,53.174845693234765,5.019700268213057,-9.063596548228887,5.775452483450001,4.210383564936169e-14
243.67878268283152,53.164894087077585,5.021331935321961,-9.061999198411607,5.773181156592781,4.210383564936169e-14
243.68318930414506,53.15494088963726,5.022965563580498,-9.060406078720735,5.770909924212099,-1.0946997268834039e-13
243.6875886297433,53.14498610031256,5.024601154404386,-9.058817191568885,5.768638788959773,-5.894536990910637e-14
243.69198065952816,53.13502971850157,5.026238709209352,-9.057232539368764,5.76636775348608,-3.368306851948935e-14
243.6963653934017,53.125071743601794,5.027878229411115,-9.055652124533204,5.764096820439729,-1.6841534259744676e-14
243.70074283126604,53.115112175010054,5.0295197164253995,-9.054075949475159,5.761825992467848,2.5262301389617013e-14
243.70511297302355,53.10515101212252,5.031163171667927,-9.052504016607699,5.7595552722160015,5.0524602779234026e-14
243.70947581857675,53.09518825433476,5.0328085965544185,-9.050936328344008,5.7572846623282,-2.5262301389617013e-14
243.71383136782816,53.08522390104166,5.0344559925005985,-9.049372887097423,5.755014165446839,2.5262301389617013e-14
243.71817962068062,53.0752579516375,5.036105360922187,-9.047813695281384,5.7527437842127735,2.5262301389617013e-14
243.72252057703705,53.06529040551584,5.0377567032349075,-9.046258755309474,5.750473521265268,0.0
243.72685423680048,53.05532126206971,5.039410020854483,-9.044708069595398,5.7482033792420015,3.368306851948935e-14
243.73118059987422,53.04535052069138,5.041065315196633,-9.043161640553002,5.745933360779093,-5.0524602779234026e-14
243.73549966616153,53.03537818077251,5.042722587677083,-9.041619470596281,5.743663468511043,2.5262301389617013e-14
243.73981143556603,53.02540424170414,5.044381839711552,-9.040081562139347,5.7413937050708,-5.0524602779234026e-14
243.74411590799127,53.01542870287662,5.046043072715767,-9.03854791759647,5.739124073089696,1.6841534259744676e-14
243.74841308334118,53.00545156367966,5.047706288105445,-9.037018539382057,5.736854575197505,-1.6841534259744676e-14
243.75270296151965,52.995472823502304,5.049371487296312,-9.035493429910671,5.734585214022379,-1.6841534259744676e-14
243.75698554243078,52.98549248173299,5.051038671704089,-9.033972591597008,5.732315992190893,1.6841534259744676e-14
243.76126082597887,52.975510537759426,5.052707842744496,-9.032456026855932,5.730046912328025,9.262843842859572e-14
243.7655288120683,52.96552699096873,5.054379001833258,-9.030943738102444,5.727777977057168,-2.5262301389617013e-14
243.76978950060354,52.955541840747316,5.0560521503860985,-9.02943572775172,5.725509189000076,6.73661370389787e-14
243.77404289148944,52.94555508648099,5.057727289818736,-9.027931998219067,5.7232405507769535,-7.578690416885104e-14
243.77828898463062,52.93556672755483,5.059404421546896,-9.026432551919987,5.720972065006356,-4.210383564936169e-14
243.7825277799322,52.92557676335333,5.061083546986297,-9.024937391270115,5.718703734305267,-8.420767129872338e-15
243.78675927729927,52.915585193260256,5.062764667552664,-9.023446518685262,5.716435561289048,-4.210383564936169e-14
243.790983476637,52.90559201665874,5.064447784661721,-9.021959936581416,5.714167548571451,2.5262301389617013e-14
243.79520037785096,52.89559723293129,5.066132899729188,-9.020477647374708,5.711899698764631,-1.6841534259744676e-14
243.7994099808466,52.88560084145966,5.0678200141707865,-9.018999653481465,5.709632014479114,-4.210383564936169e-14
243.80361228552957,52.87560284162503,5.069509129402239,-9.017525957318188,5.70736449832382,2.5262301389617013e-14
243.80780729180583,52.86560323280785,5.071200246839269,-9.016056561301536,5.7050971529060615,-6.73661370389787e-14
243.8119949995812,52.85560201438793,5.072893367897597,-9.014591467848366,5.702829980831508,-8.420767129872338e-14
243.8161754087619,52.84559918574443,5.074588493992948,-9.013130679375697,5.700562984704236,-1.0104920555846805e-13
243.8203485192541,52.83559474625581,5.076285626541042,-9.01167419830075,5.698296167126674,-1.6841534259744676e-14
243.82451433096432,52.82558869529985,5.077984766957601,-9.010222027040914,5.696029530699662,-1.0946997268834039e-13
243.82867284379896,52.815581032253725,5.07968591665835,-9.00877416801378,5.69376307802237,-3.368306851948935e-14
243.83282405766474,52.80557175649386,5.081389077059008,-9.007330623637122,5.691496811692385,5.894536990910637e-14
243.83696797246853,52.795560867396034,5.083094249575299,-9.005891396328902,5.689230734305632,5.894536990910637e-14
243.84110458811728,52.78554836433538,5.084801435622944,-9.004456488507284,5.686964848456432,-8.420767129872338e-15
243.845233904518,52.77553424668632,5.0865106366176684,-9.003025902590624,5.684699156737446,-4.210383564936169e-14
243.84935592157794,52.76551851382264,5.088221853975192,-9.001599640997483,5.68243366173971,4.210383564936169e-14
243.85347063920455,52.75550116511738,5.089935089111235,-9.000177706146616,5.680168366052636,-2.5262301389617013e-14
243.85757805730523,52.74548219994299,5.091650343441522,-8.998760100456987,5.677903272263988,-1.6841534259744676e-14
243.86167817578763,52.73546161767119,5.0933676183817775,-8.997346826347762,5.675638382959871,7.578690416885104e-14
243.86577099455965,52.72543941767302,5.0950869153477205,-8.995937886238302,5.67337370072479,3.368306851948935e-14
243.8698565135291,52.71541559931885,5.0968082357550735,-8.994533282548213,5.671109228141573,3.368306851948935e-14
243.87393473260406,52.70539016197837,5.098531581019558,-8.99313301769728,5.668844967791415,-2.5262301389617013e-14
243.87800565169266,52.6953631050206,5.1002569525569,-8.991737094105519,5.666580922253848,-3.368306851948935e-14
243.88206927070328,52.68533442781383,5.10198435178282,-8.990345514193152,5.664317094106778,5.894536990910637e-14
243.88612558954443,52.67530412972573,5.103713780113037,-8.98895828038063,5.662053485926455,-6.73661370389787e-14
243.89017460812457,52.665272210123234,5.105445238963278,-8.987575395088621,5.65979010028745,-4.210383564936169e-14
243.8942163263525,52.65523866837261,5.107178729749263,-8.98619686073802,5.657526939762718,-1.2631150694808508e-13
243.89825074413707,52.64520350383946,5.108914253886715,-8.98482267974994,5.655264006923525,-5.894536990910637e-14
243.90227786138726,52.63516671588865,5.110651812791355,-8.98345285454573,5.653001304339497,-8.420767129872338e-15
243.9062976780122,52.625128303884395,5.1123914078789054,-8.982087387546965,5.650738834578601,-4.210383564936169e-14
243.91031019392116,52.61508826719022,5.114133040565089,-8.980726281175455,5.648476600207132,-5.894536990910637e-14
243.91431540902354,52.60504660516895,5.115876712265629,-8.979369537853234,5.646214603789724,-4.210383564936169e-14
243.91831332322886,52.595003317182695,5.117622424396246,-8.97801716000259,5.64395284788935,-6.73661370389787e-14
243.92230393644667,52.584958402592896,5.119370178372662,-8.976669150046042,5.6416913350673035,2.5262301389617013e-14
243.9262872485869,52.574911860760324,5.121119975610603,-8.975325510406343,5.639430067883232,-4.210383564936169e-14
243.9302632595594,52.56486369104501,5.122871817525787,-8.973986243506495,5.637169048895087,-6.73661370389787e-14
243.9342319692742,52.554813892806315,5.124625705533938,-8.972651351769757,5.634908280659164,-5.894536990910637e-14
243.93819337764145,52.544762465402904,5.126381641050776,-8.971320837619619,5.632647765730074,0.0
243.94214748457156,52.53470940819275,5.128139625492028,-8.969994703479818,5.630387506660766,-2.5262301389617013e-14
243.94609428997484,52.5246547205331,5.129899660273414,-8.968672951774362,5.628127506002494,-8.420767129872338e-15
243.95003379376197,52.51459840178051,5.131661746810651,-8.967355584927509,5.625867766304849,-1.2631150694808508e-13
243.9539659958435,52.504540451290886,5.133425886519471,-8.96604260536376,5.623608290115716,0.0
243.95789089613032,52.49448086841937,5.135192080815589,-8.964734015507885,5.621349079981325,5.0524602779234026e-14
243.96180849453341,52.48441965252044,5.136960331114731,-8.963429817784908,5.619090138446207,5.0524602779234026e-14
243.9657187909638,52.474356802947824,5.138730638832616,-8.962130014620131,5.616831468053211,3.368306851948935e-14
243.96962178533272,52.46429231905462,5.140503005384968,-8.960834608439102,5.614573071343497,-1.6841534259744676e-14
