galstreams/tracks/track.st.Kwando.ibata2024.ecsv
# %ECSV 1.0
# ---
# datatype:
# - {name: ra, unit: deg, datatype: float64}
# - {name: dec, unit: deg, datatype: float64}
# - {name: distance, unit: kpc, datatype: float64}
# - {name: pm_ra_cosdec, unit: mas / yr, datatype: float64}
# - {name: pm_dec, unit: mas / yr, datatype: float64}
# - {name: radial_velocity, unit: km / s, datatype: float64}
# delimiter: ','
# meta: !!omap
# - __serialized_columns__:
#     dec:
#       __class__: astropy.coordinates.angles.Latitude
#       unit: &id001 !astropy.units.Unit {unit: deg}
#       value: !astropy.table.SerializedColumn {name: dec}
#     distance:
#       __class__: astropy.coordinates.distances.Distance
#       unit: !astropy.units.Unit {unit: kpc}
#       value: !astropy.table.SerializedColumn {name: distance}
#     pm_dec:
#       __class__: astropy.units.quantity.Quantity
#       unit: !astropy.units.Unit {unit: mas / yr}
#       value: !astropy.table.SerializedColumn {name: pm_dec}
#     pm_ra_cosdec:
#       __class__: astropy.units.quantity.Quantity
#       unit: !astropy.units.Unit {unit: mas / yr}
#       value: !astropy.table.SerializedColumn {name: pm_ra_cosdec}
#     ra:
#       __class__: astropy.coordinates.angles.Longitude
#       unit: *id001
#       value: !astropy.table.SerializedColumn {name: ra}
#       wrap_angle: !astropy.coordinates.Angle
#         unit: *id001
#         value: 360.0
#     radial_velocity:
#       __class__: astropy.units.quantity.Quantity
#       unit: !astropy.units.Unit {unit: km / s}
#       value: !astropy.table.SerializedColumn {name: radial_velocity}
# schema: astropy-2.0
ra,dec,distance,pm_ra_cosdec,pm_dec,radial_velocity
[from data line 1113]
19.86589893412798,7.7796834539451245,1.0000000000000004,0.7471328929886312,-0.36067629237118615,-131.5219894885592
19.867946872623094,7.769570139197459,1.0000000000000007,0.7472040470729766,-0.36086340093153924,-131.4855594846045
19.86999540769987,7.759456988008064,1.0000000000000007,0.7472751129945685,-0.3610504334151612,-131.44913816876922
19.87204453903971,7.7493440002804945,1.0000000000000007,0.7473460908049621,-0.36123738981321596,-131.41272553098946
19.874094266324178,7.739231175918158,1.0000000000000007,0.7474169805556983,-0.3614242701168684,-131.37632156120105
19.876144589234972,7.729118514824556,1.0000000000000009,0.7474877822983146,-0.3616110743173122,-131.33992624933987
19.878195507453956,7.719006016903184,1.0000000000000007,0.7475584960843751,-0.3617978024057127,-131.30353958534187
19.880247020663102,7.708893682057593,1.0000000000000007,0.7476291219654136,-0.36198445437326443,-131.2671615591429
19.882299128544545,7.6987815101913295,1.0000000000000007,0.7476996599929926,-0.36217103021116204,-131.23079216067882
19.884351830780563,7.688669501207978,1.0000000000000007,0.7477701102186618,-0.36235752991058634,-131.1944313798856
19.886405127053568,7.67855765501114,1.0000000000000007,0.74784047269398,-0.3625439534627519,-131.15807920669917
19.888459017046134,7.66844597150439,1.0000000000000004,0.7479107474705078,-0.36273030085884983,-131.12173563105532
19.89051350044094,7.65833445059148,1.0000000000000007,0.7479809345997968,-0.362916572090092,-131.08540064289002
19.89256857692083,7.64822309217603,1.0000000000000007,0.7480510341334146,-0.3631027671476872,-131.04907423213913
19.894624246168792,7.638111896161741,1.0000000000000004,0.7481210461229182,-0.3632888860228545,-131.01275638873858
19.896680507867963,7.628000862452306,1.0000000000000007,0.748190970619877,-0.36347492870681064,-130.9764471026243
19.898737361701603,7.61788999095149,1.0000000000000004,0.7482608076758606,-0.36366089519078626,-130.94014636373205
19.900794807353112,7.607779281563044,1.0000000000000007,0.7483305573424293,-0.3638467854660048,-130.9038541619979
19.902852844506054,7.597668734190751,1.0000000000000007,0.7484002196711614,-0.36403259952369993,-130.8675704873576
19.904911472844116,7.587558348738422,1.0000000000000007,0.7484697947136265,-0.36421833735510845,-130.83129532974718
19.906970692051146,7.577448125109829,1.0000000000000007,0.7485392825213903,-0.3644039989514729,-130.7950286791024
19.90903050181109,7.5673380632089335,1.0000000000000007,0.7486086831460366,-0.3645895843040412,-130.75877052535924
19.911090901808073,7.557228162939565,1.0000000000000007,0.7486779966391452,-0.36477509340406034,-130.7225208584537
19.913151891726354,7.547118424205614,1.0000000000000007,0.7487472230522894,-0.3649605262427902,-130.68627966832142
19.915213471250336,7.537008846910995,1.0000000000000007,0.7488163624370561,-0.36514588281148086,-130.65004694489852
19.917275640064542,7.526899430959676,1.0000000000000007,0.7488854148450184,-0.36533116310140334,-130.61382267812078
19.919338397853657,7.516790176255599,1.0000000000000007,0.7489543803277687,-0.3655163671038242,-130.5776068579241
19.921401744302496,7.5066810827027615,1.0000000000000007,0.749023258936889,-0.3657014948100157,-130.54139947424449
19.923465679096022,7.496572150205181,1.0000000000000007,0.7490920507239682,-0.3658865462112493,-130.50520051701778
19.92553020191934,7.486463378666831,1.0000000000000009,0.7491607557405988,-0.3660715212988128,-130.4690099761798
19.92759531245766,7.476354767991886,1.0000000000000004,0.7492293740383644,-0.36625642006398573,-130.4328278416665
19.929661010396376,7.466246318084369,1.0000000000000007,0.7492979056688647,-0.36644124249805765,-130.39665410341382
19.931727295421005,7.456138028848378,1.0000000000000007,0.7493663506836885,-0.36662598859232887,-130.36048875135756
19.933794167217197,7.446029900188049,1.0000000000000009,0.7494347091344338,-0.36681065833808857,-130.32433177543382
19.935861625470753,7.435921932007529,1.0000000000000007,0.7495029810727001,-0.36699525172664593,-130.2881831655782
19.937929669867614,7.425814124210985,1.0000000000000007,0.749571166550087,-0.3671797687493057,-130.25204291172685
19.93999830009386,7.4157064767025584,1.0000000000000007,0.7496392656181925,-0.36736420939737746,-130.2159110038155
19.942067515835664,7.405598989386583,1.0000000000000007,0.7497072783286196,-0.36754857366218197,-130.1797874317802
19.944137316779415,7.3954916621672435,1.0000000000000007,0.7497752047329733,-0.3677328615350359,-130.14367218555665
19.946207702611588,7.385384494948794,1.0000000000000004,0.749843044882855,-0.36791707300726095,-130.10756525508094
19.948278673018816,7.3752774876355245,1.0000000000000009,0.7499107988298768,-0.3681012080701933,-130.0714666302889
19.95035022768787,7.365170640131755,1.0000000000000007,0.7499784666256506,-0.36828526671515904,-130.03537630111643
19.952422366305655,7.355063952341814,1.0000000000000007,0.7500460483217832,-0.36846924893350064,-129.9992942574994
19.954495088559216,7.34495742417005,1.0000000000000007,0.7501135439698814,-0.3686531547165601,-129.96322048937367
19.956568394135726,7.334851055520842,1.0000000000000004,0.7501809536215642,-0.3688369840556813,-129.92715498667522
19.958642282722536,7.324744846298538,1.0000000000000007,0.7502482773284527,-0.36902073694221516,-129.89109773933995
19.960716754007066,7.314638796407672,1.0000000000000007,0.7503155151421517,-0.36920441336752496,-129.8550487373037
19.962791807676922,7.304532905752643,1.0000000000000007,0.7503826671142821,-0.36938801332296034,-129.81900797050244
19.964867443419845,7.294427174237908,1.0000000000000004,0.7504497332964668,-0.36957153679988775,-129.7829754288719
19.96694366092371,7.284321601767972,1.0000000000000007,0.7505167137403301,-0.36975498378967764,-129.74695110234825
19.96902045987651,7.274216188247338,1.0000000000000007,0.7505836084974824,-0.369938354283708,-129.7109349808671
19.97109783996641,7.264110933580562,1.0000000000000007,0.7506504176195623,-0.37012164827334626,-129.6749270543646
19.97317580088168,7.254005837672184,1.0000000000000007,0.750717141158189,-0.3703048657499841,-129.63892731277642
19.97525434231074,7.243900900426801,1.0000000000000007,0.7507837791649834,-0.37048800670500226,-129.60293574603867
19.97733346394217,7.23379612174897,1.0000000000000007,0.7508503316915878,-0.37067107112979203,-129.56695234408707
19.97941316546463,7.223691501543424,1.0000000000000007,0.750916798789623,-0.37085405901575585,-129.53097709685758
19.98149344656697,7.213587039714757,1.0000000000000007,0.7509831805107208,-0.37103697035428507,-129.4950099942862
19.983574306938145,7.203482736167659,1.0000000000000007,0.7510494769065179,-0.37121980513678654,-129.45905102630866
19.985655746267266,7.1933785908068195,1.0000000000000007,0.7511156880286425,-0.3714025633546729,-129.423100182861
19.987737764243573,7.183274603536962,1.0000000000000007,0.751181813928735,-0.37158524499935286,-129.387157453879
19.989820360556443,7.1731707742628315,1.0000000000000007,0.7512478546584358,-0.3717678500622452,-129.35122282929868
19.991903534895386,7.163067102889208,1.0000000000000004,0.7513138102693784,-0.37195037853477686,-129.31529629905575
19.993987286950063,7.152963589320808,1.0000000000000007,0.7513796808132032,-0.37213283040836886,-129.27937785308626
19.99607161641023,7.14286023346257,1.0000000000000007,0.7514454663415542,-0.3723152056744552,-129.24346748132612
19.99815652296582,7.132757035219273,1.0000000000000007,0.7515111669060719,-0.3724975043244716,-129.2075651737112
20.00024200630689,7.122653994495776,1.0000000000000007,0.7515767825583985,-0.3726797263498556,-129.17167092017732
20.00232806612363,7.112551111196965,1.0000000000000007,0.7516423133501853,-0.37286187174205576,-129.13578471066043
20.004414702106367,7.1024483852277465,1.0000000000000004,0.7517077593330743,-0.37304394049251677,-129.0999065350965
20.006501913945545,7.092345816493044,1.0000000000000007,0.7517731205587186,-0.37322593259270365,-129.06403638342127
20.008589701331793,7.082243404897818,1.0000000000000007,0.7518383970787639,-0.37340784803406235,-129.0281742455708
20.010678063955822,7.072141150346982,1.0000000000000004,0.751903588944856,-0.3735896868080615,-128.9923201114809
20.012767001508493,7.0620390527456545,1.0000000000000007,0.7519686962086602,-0.3737714489061683,-128.95647397108746
20.014856513680808,7.051937111998788,1.0000000000000007,0.7520337189218207,-0.373953134319855,-128.92063581432637
20.01694660016391,7.041835328011438,1.0000000000000007,0.7520986571359929,-0.3741347430405937,-128.88480563113364
20.01903726064906,7.031733700688677,1.0000000000000007,0.7521635109028368,-0.374316275059869,-128.84898341144503
20.021128494827664,7.02163222993558,1.0000000000000007,0.7522282802740063,-0.37449773036917033,-128.8131691451965
20.023220302391266,7.0115309156572705,1.0000000000000007,0.7522929653011641,-0.37467910895998235,-128.7773628223239
20.025312683031537,7.001429757758887,1.0000000000000004,0.7523575660359656,-0.37486041082380117,-128.74156443276328
20.027405636440275,6.991328756145586,1.0000000000000007,0.7524220825300718,-0.37504163595212203,-128.70577396645032
20.029499162309435,6.981227910722503,1.0000000000000007,0.7524865148351516,-0.37522278433645706,-128.6699914133211
20.03159326033108,6.971127221394938,1.0000000000000004,0.7525508630028623,-0.37540385596831083,-128.63421676331137
20.03368793019741,6.961026688068082,1.0000000000000004,0.7526151270848747,-0.37558485083919635,-128.59845000635715
20.03578317160077,6.950926310647179,1.0000000000000007,0.752679307132845,-0.3757657689406253,-128.56269113239426
20.037878984233643,6.940826089037509,1.0000000000000007,0.7527434031984548,-0.3759466102641307,-128.5269401313586
20.03997536778864,6.930726023144366,1.0000000000000004,0.7528074153333622,-0.37612737480123304,-128.4911969931861
20.042072321958482,6.920626112873076,1.0000000000000007,0.7528713435892413,-0.37630806254346494,-128.45546170781267
20.044169846436063,6.9105263581289815,1.0000000000000004,0.7529351880177613,-0.3764886734823558,-128.4197342651742
20.04626794091437,6.90042675881745,1.0000000000000007,0.7529989486705952,-0.37666920760945555,-128.38401465520656
20.048366605086574,6.890327314843819,1.0000000000000007,0.7530626255994131,-0.37684966491630156,-128.34830286784563
20.05046583864591,6.880228026113612,1.0000000000000007,0.7531262188558996,-0.3770300453944504,-128.31259889302737
20.052565641285796,6.870128892532219,1.0000000000000007,0.7531897284917175,-0.3772103490354506,-128.27690272068762
20.05466601269978,6.8600299140050875,1.0000000000000004,0.7532531545585561,-0.377390575830864,-128.2412143407623
20.05676695258152,6.849931090437706,1.0000000000000007,0.7533164971080852,-0.37757072577225115,-128.20553374318732
20.05886846062482,6.839832421735589,1.0000000000000004,0.753379756191987,-0.37775079885118545,-128.16986091789857
20.060970536523612,6.829733907804251,1.0000000000000007,0.7534429318619429,-0.3779307950592332,-128.13419585483194
20.06307317997197,6.819635548549262,1.0000000000000007,0.7535060241696314,-0.3781107143879727,-128.09853854392327
20.065176390664092,6.809537343876128,1.0000000000000007,0.7535690331667348,-0.3782905568289885,-128.06288897510868
20.06728016829429,6.79943929369057,1.0000000000000009,0.7536319589049398,-0.378470322373865,-128.0272471383238
20.069384512557033,6.789341397898154,1.0000000000000007,0.7536948014359286,-0.37865001101419793,-127.99161302350458
20.071489423146915,6.779243656404525,1.0000000000000007,0.7537575608113931,-0.37882962274157395,-127.9559866205871
20.073594899758668,6.76914606911534,1.0000000000000007,0.7538202370830156,-0.379009157547602,-127.92036791950704
20.075700942087128,6.759048635936307,1.0000000000000007,0.7538828303024756,-0.3791886154238817,-127.88475691020042
20.0778075498273,6.748951356773144,1.0000000000000004,0.7539453405214802,-0.37936799636202245,-127.84915358260304
20.079914722674285,6.7388542315315645,1.0000000000000007,0.7540077677917063,-0.3795473003536425,-127.81355792665097
20.08202246032336,6.7287572601173,1.0000000000000004,0.7540701121648485,-0.3797265273903574,-127.77796993227993
20.084130762469854,6.718660442436237,1.0000000000000007,0.7541323736925962,-0.3799056774637939,-127.74238958942591
20.086239628809313,6.70856377839413,1.0000000000000007,0.7541945524266565,-0.3800847505655729,-127.70681688802479
20.088349059037366,6.6984672678968105,1.0000000000000007,0.7542566484187025,-0.3802637466873353,-127.67125181801245
20.090459052849784,6.688370910850124,1.0000000000000007,0.7543186617204443,-0.3804426658207185,-127.63569436932478
20.09256960994247,6.678274707159956,1.0000000000000007,0.7543805923835727,-0.38062150795736027,-127.60014453189773
20.094680730011454,6.668178656732209,1.0000000000000007,0.7544424404597923,-0.38080027308890463,-127.56460229566713
20.096792412752894,6.658082759472805,1.0000000000000007,0.7545042060007878,-0.38097896120701114,-127.52906765056898
20.098904657863077,6.647987015287689,1.0000000000000007,0.75456588905827,-0.3811575723033287,-127.49354058653904
20.101017465038456,6.637891424082775,1.0000000000000004,0.7546274896839362,-0.3813361063695244,-127.4580210935133
20.103130833975523,6.627795985764174,1.0000000000000007,0.7546890079294828,-0.38151456339725964,-127.42250916142763
20.105244764371,6.61770070023784,1.0000000000000007,0.7547504438466204,-0.38169294337820636,-127.38700478021795
20.107359255921683,6.607605567409819,1.0000000000000007,0.754811797487049,-0.38187124630403835,-127.35150793982011
20.10947430832451,6.597510587186168,1.0000000000000007,0.7548730689024694,-0.38204947216643337,-127.31601863017009
20.111589921276554,6.587415759472981,1.0000000000000007,0.7549342581445853,-0.38222762095707896,-127.28053684120366
20.113706094475006,6.577321084176364,1.0000000000000007,0.7549953652651116,-0.3824056926676671,-127.2450625628568
20.115822827617198,6.567226561202444,1.0000000000000007,0.7550563903157492,-0.3825836872898809,-127.20959578506543
20.11794012040058,6.557132190457392,1.0000000000000007,0.7551173333482009,-0.38276160481542787,-127.17413649776542
20.12005797252275,6.547037971847316,1.0000000000000007,0.755178194414186,-0.3829394452360084,-127.13868469089267
20.1221763836814,6.5369439052785365,1.0000000000000007,0.7552389735654055,-0.383117208543327,-127.10324035438308
20.12429535357437,6.526849990657228,1.0000000000000007,0.7552996708535744,-0.3832948947291017,-127.06780347817246
20.12641488189965,6.516756227889633,1.0000000000000007,0.7553602863304034,-0.3834725037850446,-127.03237405219687
20.128534968355318,6.506662616882027,1.0000000000000007,0.755420820047604,-0.38365003570288225,-126.99695206639205
20.130655612639607,6.496569157540707,1.0000000000000007,0.7554812720568886,-0.3838274904743364,-126.96153751069404
20.13277681445087,6.486475849771983,1.0000000000000007,0.7555416424099723,-0.384004868091143,-126.92613037503865
20.13489857348761,6.476382693482158,1.0000000000000007,0.7556019311585684,-0.38418216854503484,-126.89073064936179
20.137020889448397,6.466289688577695,1.0000000000000004,0.7556621383543911,-0.3843593918277497,-126.85533832359938
20.139143762031992,6.456196834964931,1.0000000000000007,0.755722264049167,-0.38453653793104214,-126.8199533876873
20.141267190937253,6.446104132550276,1.0000000000000004,0.7557823082945978,-0.3847136068466557,-126.7845758315614
20.14339117586318,6.436011581240168,1.0000000000000007,0.7558422711424138,-0.3848905985663458,-126.74920564515769
20.145515716508886,6.425919180941062,1.0000000000000007,0.7559021526443255,-0.38506751308187503,-126.71384281841199
20.147640812573616,6.4158269315594465,1.0000000000000007,0.7559619528520569,-0.3852443503850087,-126.67848734126018
20.149766463756748,6.405734833001824,1.0000000000000007,0.7560216718173249,-0.3854211104675085,-126.64313920363821
20.15189266975779,6.395642885174715,1.0000000000000007,0.7560813095918588,-0.38559779332115385,-126.60779839548198
