galstreams/tracks/track.st.Ylgr.ibata2021.ecsv
# %ECSV 1.0
# ---
# datatype:
# - {name: ra, unit: deg, datatype: float64}
# - {name: dec, unit: deg, datatype: float64}
# - {name: distance, unit: kpc, datatype: float64}
# - {name: pm_ra_cosdec, unit: mas / yr, datatype: float64}
# - {name: pm_dec, unit: mas / yr, datatype: float64}
# - {name: radial_velocity, unit: km / s, datatype: float64}
# delimiter: ','
# meta: !!omap
# - __serialized_columns__:
#     dec:
#       __class__: astropy.coordinates.angles.Latitude
#       unit: &id001 !astropy.units.Unit {unit: deg}
#       value: !astropy.table.SerializedColumn {name: dec}
#     distance:
#       __class__: astropy.coordinates.distances.Distance
#       unit: !astropy.units.Unit {unit: kpc}
#       value: !astropy.table.SerializedColumn {name: distance}
#     pm_dec:
#       __class__: astropy.units.quantity.Quantity
#       unit: !astropy.units.Unit {unit: mas / yr}
#       value: !astropy.table.SerializedColumn {name: pm_dec}
#     pm_ra_cosdec:
#       __class__: astropy.units.quantity.Quantity
#       unit: !astropy.units.Unit {unit: mas / yr}
#       value: !astropy.table.SerializedColumn {name: pm_ra_cosdec}
#     ra:
#       __class__: astropy.coordinates.angles.Longitude
#       unit: *id001
#       value: !astropy.table.SerializedColumn {name: ra}
#       wrap_angle: !astropy.coordinates.Angle
#         unit: *id001
#         value: 360.0
#     radial_velocity:
#       __class__: astropy.units.quantity.Quantity
#       unit: !astropy.units.Unit {unit: km / s}
#       value: !astropy.table.SerializedColumn {name: radial_velocity}
# schema: astropy-2.0
ra,dec,distance,pm_ra_cosdec,pm_dec,radial_velocity
[from data line 563]
166.08336396468184,-2.7988399852834958,7.550480423657424,-0.446600406880349,-11.118590775813454,89.18857782536574
166.08731497818735,-2.808050315168237,7.549661906569689,-0.44639490633463924,-11.117173939288671,89.2479587271895
166.09126568967488,-2.8172607652430415,7.548846955335227,-0.44618957248208463,-11.115756455391386,89.30736197570029
166.09521609939168,-2.8264713354461715,7.548035567789241,-0.4459844052987273,-11.114338324596662,89.36678755345208
166.09916620758486,-2.8356820257157183,7.547227741766944,-0.4457794047606267,-11.112919547379542,89.42623544299909
166.10311601450164,-2.8448928359900023,7.546423475103544,-0.44557457084384744,-11.111500124215125,89.48570562689518
166.107065520389,-2.8541037662071487,7.54562276563425,-0.4453699035244651,-11.1100800555785,89.54519808769446
166.11101472549407,-2.8633148163055284,7.544825611194266,-0.4451654027785704,-11.108659341944803,89.60471280795095
166.11496363006387,-2.8725259862233217,7.544032009618808,-0.44496106858226114,-11.107237983789169,89.6642497702188
166.11891223434532,-2.881737275898897,7.543241958743081,-0.44475690091164605,-11.105815981586757,89.72380895705196
166.12286053858548,-2.8909486852706383,7.542455456402293,-0.44455289974284523,-11.104393335812754,89.78339035100448
166.12680854303125,-2.900160214276796,7.541672500431654,-0.44434906505198735,-11.102970046942369,89.8429939346305
166.1307562479295,-2.9093718628558656,7.540893088666368,-0.44414539681521176,-11.101546115450818,89.90261969048393
166.13470365352705,-2.918583630946144,7.540117218941654,-0.4439418950086728,-11.100121541813333,89.96226760111898
166.13865076007085,-2.9277955184861684,7.539344889092712,-0.4437385596085286,-11.098696326505182,90.02193764908952
166.14259756780757,-2.937007525414297,7.538576096954752,-0.4435353905909488,-11.097270470001655,90.08162981694974
166.14654407698404,-2.946219651669101,7.537810840362986,-0.44333238793211455,-11.095843972778043,90.14134408725366
166.150490287847,-2.955431897188994,7.537049117152621,-0.4431295516082201,-11.09441683530966,90.20108044255531
166.15443620064312,-2.964644261912603,7.536290925158863,-0.44292688159546295,-11.09298905807186,90.26083886540876
166.15838181561907,-2.973856745778372,7.535536262216924,-0.44272437787005536,-11.091560641539994,90.32061933836799
166.16232713302148,-2.983069348724984,7.534785126162011,-0.4425220404082175,-11.09013158618944,90.38042184398711
166.16627215309694,-2.9922820706909348,7.534037514829333,-0.44231986918617655,-11.088701892495603,90.4402463648201
166.17021687609207,-3.001494911614957,7.533293426054102,-0.4421178641801783,-11.08727156093389,90.50009288342115
166.17416130225337,-3.0107078714355793,7.532552857671521,-0.4419160253664697,-11.085840591979752,90.55996138234417
166.17810543182733,-3.0199209500916013,7.531815807516802,-0.4417143527213074,-11.084408986108638,90.61985184414326
166.18204926506044,-3.029134147521599,7.531082273425154,-0.44151284622096615,-11.082976743796024,90.67976425137252
166.18599280219914,-3.0383474636643446,7.530352253231783,-0.441311505841721,-11.081543865517412,90.73969858658587
166.18993604348987,-3.047560898458641,7.529625744771901,-0.4411103315598576,-11.080110351748308,90.79965483233751
166.19387898917896,-3.0567744518431987,7.528902745880714,-0.4409093233516764,-11.07867620296426,90.85963297118133
166.19782163951274,-3.06598812375676,7.528183254393434,-0.4407084811934811,-11.077241419640812,90.91963298567154
166.20176399473755,-3.0752019141381908,7.527467268145266,-0.440507805061589,-11.075806002253548,90.97965485836208
166.20570605509968,-3.0844158229263843,7.526754784971419,-0.44030729493232224,-11.074369951278054,91.03969857180702
166.2096478208454,-3.093629850060096,7.526045802707104,-0.4401069507820174,-11.072933267189946,91.09976410856049
166.21358929222086,-3.1028439954783176,7.525340319187528,-0.439906772587018,-11.071495950464854,91.15985145117645
166.21753046947225,-3.112058259119852,7.524638332247901,-0.43970676032367045,-11.070058001578436,91.21996058220887
166.22147135284578,-3.121272640923746,7.523939839723432,-0.43950691396834307,-11.068619421006346,91.28009148421197
166.22541194258753,-3.130487140828846,7.523244839449327,-0.43930723349739825,-11.067180209224299,91.3402441397397
166.22935223894362,-3.139701758774244,7.522553329260796,-0.4391077188872209,-11.065740366707987,91.40041853134615
166.23329224216005,-3.148916494698842,7.521865306993046,-0.4389083701141923,-11.064299893933152,91.46061464158535
166.23723195248292,-3.158131348541761,7.521180770481291,-0.438709187154709,-11.062858791375529,91.52083245301131
166.24117137015816,-3.1673463202419634,7.520499717560738,-0.4385101699851817,-11.061417059510887,91.58107194817819
166.24511049543176,-3.176561409738624,7.51982214606659,-0.43831131858201494,-11.059974698815026,91.64133310963994
166.24904932854963,-3.185776616970736,7.519148053834061,-0.4381126329216339,-11.058531709763743,91.7016159199506
166.25298786975773,-3.1949919418775314,7.518477438698359,-0.4379141129804675,-11.057088092832863,91.76192036166428
166.25692611930185,-3.2042073843980505,7.517810298494692,-0.4377157587349563,-11.055643848498237,91.82224641733501
166.26086407742793,-3.2134229444715756,7.517146631058268,-0.43751757016154413,-11.054198977235725,91.88259406951681
166.26480174438163,-3.2226386220371843,7.516486434224298,-0.4373195472366859,-11.052753479521202,91.94296330076375
166.26873912040884,-3.231854417034158,7.515829705827987,-0.4371216899368455,-11.051307355830588,92.00335409362991
166.27267620575526,-3.2410703294017797,7.515176443704546,-0.43692399823849287,-11.049860606639786,92.06376643066929
166.27661300066663,-3.2502863590792113,7.514526645689186,-0.4367264721181093,-11.04841323242475,92.124200294436
166.2805495053886,-3.259502506005861,7.513880309617112,-0.43652911155217816,-11.046965233661432,92.18465566748401
166.2844857201668,-3.268718770120915,7.513237433323534,-0.4363319165171978,-11.045516610825818,92.24513253236738
166.28842164524693,-3.277935151363825,7.512598014643659,-0.4361348869896699,-11.0440673643939,92.30563087164016
166.29235728087448,-3.287151649673845,7.511962051412699,-0.43593802294610345,-11.042617494841698,92.36615066785646
166.2962926272951,-3.296368264990456,7.5113295414658605,-0.4357413243630223,-11.041167002645247,92.42669190357032
166.30022768475422,-3.305584997252958,7.5107004826383506,-0.4355447912169458,-11.039715888280604,92.48725456133567
166.30416245349738,-3.314801846400893,7.510074872765383,-0.4353484234844094,-11.038264152223839,92.5478386237067
166.3080969337701,-3.3240188123736027,7.509452709682163,-0.4351522211419575,-11.03681179495105,92.60844407323748
166.31203112581773,-3.3332358951106635,7.508833991223898,-0.4349561841661375,-11.035358816938347,92.66907089248186
166.3159650298857,-3.34245309455148,7.508218715225799,-0.43476031253350583,-11.033905218661863,92.72971906399408
166.3198986462194,-3.351670410635663,7.507606879523075,-0.4345646062206264,-11.032451000597744,92.79038857032805
166.32383197506414,-3.3608878433026717,7.506998481950932,-0.4343690652040691,-11.030996163222165,92.85107939403801
166.32776501666527,-3.3701053924921602,7.506393520344582,-0.4341736894604134,-11.029540707011307,92.91179151767777
166.331697771268,-3.3793230581436293,7.505791992539231,-0.43397847896624403,-11.028084632441386,92.9725249238016
166.3356302391177,-3.3885408401967934,7.50519389637009,-0.43378343369815436,-11.026627939988622,93.03327959496333
166.33956242045946,-3.3977587385911865,7.504599229672365,-0.43358855363274423,-11.025170630129258,93.0940555137172
166.34349431553855,-3.4069767532665765,7.504007990281266,-0.4333938387466208,-11.02371270333957,93.15485266261719
166.3474259246001,-3.4161948841625382,7.503420176032004,-0.43319928901639565,-11.022254160095825,93.2156710242173
166.35135724788924,-3.425413131218837,7.5028357847597835,-0.4330049044186919,-11.020795000874333,93.2765105810717
166.35528828565108,-3.434631494375252,7.502254814299816,-0.4328106849301376,-11.019335226151414,93.3373713157343
166.35921903813065,-3.443849973571431,7.501677262487309,-0.4326166305273646,-11.017874836403404,93.39825321075918
166.36314950557306,-3.453068568747262,7.501103127157472,-0.43242274118701596,-11.016413832106664,93.45915624870041
166.3670796882232,-3.4622872798424384,7.5005324061455125,-0.4322290168857401,-11.014952213737569,93.52008041211214
166.37100958632618,-3.4715061067968893,7.4999650972866405,-0.43203545760018863,-11.013489981772517,93.5810256835483
166.37493920012685,-3.480725049550341,7.499401198416064,-0.43184206330702546,-11.012027136687918,93.64199204556292
166.37886852987018,-3.4899441080427835,7.498840707368993,-0.43164883398291565,-11.010563678960207,93.70297948071006
166.382797575801,-3.4991632822139973,7.498283621980632,-0.43145576960453386,-11.009099609065842,93.76398797154374
166.38672633816424,-3.508382572004009,7.497729940086195,-0.43126287014856235,-11.007634927481282,93.82501750061822
166.39065481720468,-3.5176019773526472,7.497179659520888,-0.4310701355916848,-11.006169634683028,93.88606805048738
166.39458301316714,-3.5268214981999724,7.49663277811992,-0.4308775659105973,-11.004703731147575,93.94713960370521
166.39851092629635,-3.536041134485875,7.496089293718501,-0.4306851610819943,-11.003237217351462,94.00823214282593
166.4024385568371,-3.545260886150452,7.495549204151837,-0.4304929210825878,-11.00177009377122,94.06934565040342
166.40636590503402,-3.554480753133643,7.495012507255135,-0.4303008458890814,-11.000302360883435,94.13048010899179
166.41029297113187,-3.563700735375595,7.494479200863613,-0.4301089354781976,-10.998834019164667,94.19163550114513
166.41421975537526,-3.572920832816277,7.493949282812469,-0.42991718982665705,-10.997365069091527,94.25281180941742
166.41814625800882,-3.582141045395903,7.493422750936918,-0.4297256089111891,-10.99589551114064,94.3140090163628
166.4220724792771,-3.5913613730544824,7.492899603072165,-0.42953419270853077,-10.994425345788633,94.37522710453526
166.4259984194247,-3.600581815732207,7.4923798370534245,-0.42934294119542205,-10.992954573512167,94.43646605648881
166.42992407869616,-3.609802373369305,7.491863450715897,-0.42915185434860853,-10.991483194787916,94.4977258547776
166.43384945733592,-3.6190230459058563,7.491350441894798,-0.4289609321448424,-10.990011210092582,94.55900648195558
166.43777455558856,-3.628243833282175,7.4908408084253315,-0.4287701745608799,-10.988538619902872,94.62030792057682
166.44169937369838,-3.6374647354383933,7.490334548142711,-0.42857958157348897,-10.987065424695512,94.68163015319541
166.44562391190993,-3.646685752314879,7.489831658882139,-0.42838915315943427,-10.985591624947261,94.74297316236542
166.44954817046747,-3.6559068838517983,7.489332138478829,-0.42819888929549216,-10.984117221134877,94.80433693064082
166.45347214961546,-3.6651281299895633,7.488835984767989,-0.42800878995844227,-10.982642213735149,94.86572144057565
166.45739584959816,-3.6743494906683947,7.488343195584827,-0.42781885512506673,-10.981166603224885,94.92712667472412
166.46131927065989,-3.6835709658287388,7.487853768764551,-0.42762908477215805,-10.97969039008091,94.98855261564006
166.46524241304488,-3.692792555410872,7.487367702142371,-0.42743947887651285,-10.97821357478006,95.04999924587766
166.46916527699742,-3.702014259355289,7.4868849935534945,-0.42725003741492784,-10.976736157799202,95.11146654799096
166.47308786276167,-3.711236077602299,7.48640564083313,-0.427060760364211,-10.975258139615205,95.17295450453393
166.47701017058185,-3.720458010092442,7.485929641816489,-0.42687164770117253,-10.973779520704973,95.23446309806069
166.4809322007021,-3.7296800567660755,7.485456994338777,-0.4266826994026284,-10.972300301545417,95.29599231112522
166.48485395336652,-3.738902217563799,7.484987696235205,-0.4264939154453987,-10.970820482613467,95.35754212628167
166.48877542881925,-3.7481244924259958,7.484521745340978,-0.42630529580630727,-10.969340064386088,95.41911252608396
166.4926966273043,-3.757346881293305,7.4840591394913085,-0.42611684046218573,-10.967859047340237,95.48070349308625
166.4966175490657,-3.766569384106185,7.483599876521404,-0.42592854938986746,-10.966377431952909,95.54231500984261
166.5005381943475,-3.7757920008052435,7.483143954266472,-0.42574042256619515,-10.964895218701106,95.60394705890697
166.50445856339368,-3.7850147313311435,7.482691370561723,-0.4255524599680086,-10.96341240806186,95.66559962283345
166.50837865644814,-3.7942375756243876,7.482242123242366,-0.42536466157215963,-10.9619290005122,95.72727268417603
166.51229847375484,-3.8034605336257297,7.481796210143607,-0.4251770273554961,-10.960444996529207,95.7889662254889
166.51621801555766,-3.812683605275722,7.4813536291006555,-0.42498955729488075,-10.958960396589944,95.85068022932602
166.52013728210048,-3.8219067905151505,7.480914377948723,-0.42480225136717426,-10.957475201171514,95.91241467824133
166.52405627362708,-3.831130089284634,7.480478454523016,-0.4246151095492413,-10.955989410751036,95.9741695547891
166.52797499038135,-3.840353501524988,7.480045856658742,-0.42442813181795275,-10.954503025805641,96.0359448415232
166.531893432607,-3.8495770271768754,7.479616582191111,-0.42424131815018495,-10.953016046812483,96.09774052099783
166.53581160054782,-3.8588006661811636,7.479190628955333,-0.4240546685228135,-10.95152847424873,96.15955657576684
166.5397294944475,-3.8680244184785524,7.478767994786615,-0.42386818291272454,-10.950040308591566,96.22139298838458
166.54364711454977,-3.877248284009961,7.478348677520166,-0.4236818612968006,-10.948551550318216,96.28324974140473
166.54756446109826,-3.8864722627161377,7.477932674991193,-0.42349570365193684,-10.947062199905885,96.34512681738161
166.55148153433663,-3.8956963545380385,7.47751998503491,-0.42330970995502315,-10.945572257831818,96.40702419886918
166.55539833450845,-3.9049205594164382,7.477110605486518,-0.4231238801829621,-10.944081724573287,96.46894186842142
166.5593148618574,-3.914144877292366,7.476704534181233,-0.42293821431265494,-10.942590600607561,96.53087980859253
166.56323111662687,-3.923369308106637,7.476301768954261,-0.4227527123210076,-10.94109888641194,96.59283800193646
166.56714709906052,-3.932593851800318,7.475902307640805,-0.422567374184927,-10.939606582463744,96.65481643100726
166.5710628094018,-3.9418185083142663,7.475506148076082,-0.4223821998813305,-10.938113689240295,96.71681507835895
166.5749782478942,-3.9510432775895903,7.4751132880953,-0.4221971893871313,-10.93662020721895,96.77883392654572
166.5788934147811,-3.9602681595671965,7.4747237255336625,-0.42201234267925164,-10.935126136877084,96.8408729581214
166.582808310306,-3.969493154188183,7.47433745822638,-0.4218276597346177,-10.933631478692071,96.90293215564022
166.58672293471227,-3.978718261393675,7.473954484008665,-0.42164314053015217,-10.932136233141321,96.96501150165619
166.5906372882432,-3.9879434811246313,7.4735748007157214,-0.4214587850427852,-10.930640400702263,97.02711097872333
166.59455137114216,-3.997168813322282,7.4731984061827585,-0.42127459324945377,-10.929143981852333,97.0892305693957
166.59846518365242,-4.006394257927641,7.472825298244988,-0.42109056512709353,-10.92764697706898,97.15137025622732
166.60237872601735,-4.0156198148819655,7.472455474737619,-0.4209067006526433,-10.926149386829694,97.21353002177227
166.60629199848012,-4.024845484126321,7.472088933495855,-0.42072299980304884,-10.924651211611963,97.27570984858458
166.61020500128393,-4.034071265602021,7.471725672354907,-0.4205394625552521,-10.923152451893307,97.3379097192184
166.61411773467205,-4.043297159250154,7.471365689149985,-0.4203560888862061,-10.921653108151242,97.40012961622753
166.6180301988876,-4.052523165012083,7.471008981716299,-0.4201728787728607,-10.920153180863325,97.4623695221663
166.6219423941737,-4.061749282828954,7.470655547889054,-0.4199898321921717,-10.91865267050712,97.52462941958855
166.62585432077347,-4.070975512642159,7.470305385503462,-0.41980694912109534,-10.917151577560208,97.58690929104853
