galstreams/tracks/track.st.Pegasus.perottoni2019.ecsv
# %ECSV 0.9
# ---
# datatype:
# - {name: ra, unit: deg, datatype: float64}
# - {name: dec, unit: deg, datatype: float64}
# - {name: distance, unit: kpc, datatype: float64}
# - {name: pm_ra_cosdec, unit: mas / yr, datatype: float64}
# - {name: pm_dec, unit: mas / yr, datatype: float64}
# - {name: radial_velocity, unit: km / s, datatype: float64}
# delimiter: ','
# meta: !!omap
# - __serialized_columns__:
#     dec:
#       __class__: astropy.coordinates.angles.Latitude
#       unit: &id001 !astropy.units.Unit {unit: deg}
#       value: !astropy.table.SerializedColumn {name: dec}
#     distance:
#       __class__: astropy.coordinates.distances.Distance
#       unit: !astropy.units.Unit {unit: kpc}
#       value: !astropy.table.SerializedColumn {name: distance}
#     pm_dec:
#       __class__: astropy.units.quantity.Quantity
#       unit: !astropy.units.Unit {unit: mas / yr}
#       value: !astropy.table.SerializedColumn {name: pm_dec}
#     pm_ra_cosdec:
#       __class__: astropy.units.quantity.Quantity
#       unit: !astropy.units.Unit {unit: mas / yr}
#       value: !astropy.table.SerializedColumn {name: pm_ra_cosdec}
#     ra:
#       __class__: astropy.coordinates.angles.Longitude
#       unit: *id001
#       value: !astropy.table.SerializedColumn {name: ra}
#       wrap_angle: !astropy.coordinates.Angle
#         unit: *id001
#         value: 360.0
#     radial_velocity:
#       __class__: astropy.units.quantity.Quantity
#       unit: !astropy.units.Unit {unit: km / s}
#       value: !astropy.table.SerializedColumn {name: radial_velocity}
# schema: astropy-2.0
ra,dec,distance,pm_ra_cosdec,pm_dec,radial_velocity
328.34404261479085,20.87641926893183,17.999999999999407,0.0,0.0,0.0
328.3665400566486,20.914071679789267,17.99999999999946,0.0,0.0,0.0
328.38906191418437,20.951713735062402,17.999999999999496,0.0,0.0,0.0
328.41160823815653,20.989345412493204,17.999999999999538,0.0,0.0,0.0
328.43417907937226,21.02696668979112,17.99999999999957,0.0,0.0,0.0
328.45677448868776,21.064577544632623,17.99999999999961,0.0,0.0,0.0
328.47939451700813,21.10217795466114,17.999999999999638,0.0,0.0,0.0
328.502039215288,21.139767897486635,17.999999999999666,0.0,0.0,0.0
328.52470863453124,21.177347350685693,17.99999999999969,0.0,0.0,0.0
328.54740282579155,21.214916291801195,17.999999999999716,0.0,0.0,0.0
328.57012184017225,21.252474698341917,17.999999999999737,0.0,0.0,0.0
328.59286572882667,21.290022547782684,17.99999999999976,0.0,0.0,0.0
328.61563454295845,21.3275598175639,17.99999999999978,0.0,0.0,0.0
328.6384283338212,21.365086485091467,17.99999999999979,0.0,0.0,0.0
328.66124715271934,21.402602527736395,17.999999999999805,0.0,0.0,0.0
328.68409105100767,21.44010792283487,17.999999999999826,0.0,0.0,0.0
328.70696008009196,21.47760264768791,17.999999999999837,0.0,0.0,0.0
328.7298542914288,21.51508667956098,17.999999999999847,0.0,0.0,0.0
328.75277373652614,21.552559995684124,17.999999999999858,0.0,0.0,0.0
328.77571846694303,21.59002257325151,17.99999999999987,0.0,0.0,0.0
328.79868853428997,21.627474389421362,17.999999999999872,0.0,0.0,0.0
328.8216839902293,21.664915421315538,17.999999999999883,0.0,0.0,0.0
328.8447048864749,21.70234564601957,17.99999999999989,0.0,0.0,0.0
328.86775127479285,21.73976504058239,17.99999999999989,0.0,0.0,0.0
328.89082320700106,21.777173582015894,17.9999999999999,0.0,0.0,0.0
328.91392073496996,21.81457124729508,17.9999999999999,0.0,0.0,0.0
328.9370439106224,21.8519580133576,17.999999999999908,0.0,0.0,0.0
328.9601927859337,21.889333857103654,17.999999999999915,0.0,0.0,0.0
328.983367412932,21.92669875539561,17.99999999999992,0.0,0.0,0.0
329.0065678436984,21.96405268505804,17.999999999999922,0.0,0.0,0.0
329.02979413036695,22.00139562287739,17.999999999999922,0.0,0.0,0.0
329.0530463251252,22.038727545601617,17.99999999999993,0.0,0.0,0.0
329.0763244802137,22.07604842994024,17.999999999999932,0.0,0.0,0.0
329.09962864792686,22.11335825256402,17.999999999999936,0.0,0.0,0.0
329.12295888061277,22.15065699010456,17.999999999999943,0.0,0.0,0.0
329.1463152306732,22.18794461915442,17.99999999999994,0.0,0.0,0.0
329.16969775056407,22.22522111626665,17.999999999999943,0.0,0.0,0.0
329.1931064927955,22.26248645795474,17.999999999999947,0.0,0.0,0.0
329.21654150993174,22.29974062069216,17.99999999999995,0.0,0.0,0.0
329.24000285459175,22.33698358091243,17.999999999999954,0.0,0.0,0.0
329.263490579449,22.374215315008797,17.999999999999954,0.0,0.0,0.0
329.28700473723177,22.41143579933384,17.999999999999957,0.0,0.0,0.0
329.31054538072317,22.44864501019955,17.999999999999957,0.0,0.0,0.0
329.33411256276145,22.485842923876913,17.99999999999996,0.0,0.0,0.0
329.35770633624026,22.52302951659579,17.99999999999996,0.0,0.0,0.0
329.38132675410833,22.56020476454452,17.999999999999968,0.0,0.0,0.0
329.4049738693701,22.597368643869945,17.99999999999997,0.0,0.0,0.0
329.42864773508563,22.634521130677115,17.99999999999997,0.0,0.0,0.0
329.45234840437087,22.671662201028845,17.99999999999998,0.0,0.0,0.0
329.4760759303976,22.708791830945838,17.99999999999997,0.0,0.0,0.0
329.4998303663938,22.745909996406244,17.999999999999982,0.0,0.0,0.0
329.52361176564375,22.783016673345546,17.99999999999998,0.0,0.0,0.0
329.547420181488,22.820111837656132,17.999999999999982,0.0,0.0,0.0
329.5712556673237,22.857195465187374,17.999999999999986,0.0,0.0,0.0
329.59511827660486,22.894267531745257,17.999999999999986,0.0,0.0,0.0
329.61900806284194,22.931328013092003,17.999999999999986,0.0,0.0,0.0
329.6429250796027,22.96837688494615,17.999999999999986,0.0,0.0,0.0
329.66686938051186,23.005414122982092,17.999999999999986,0.0,0.0,0.0
329.6908410192515,23.04243970283005,17.999999999999986,0.0,0.0,0.0
329.71484004956085,23.079453600075514,17.999999999999986,0.0,0.0,0.0
329.738866525237,23.116455790259433,17.999999999999986,0.0,0.0,0.0
329.7629205001343,23.153446248877746,17.999999999999986,0.0,0.0,0.0
329.7870020281654,23.190424951381104,17.99999999999999,0.0,0.0,0.0
329.8111111633003,23.227391873174835,17.999999999999993,0.0,0.0,0.0
329.8352479595677,23.264346989618602,17.99999999999999,0.0,0.0,0.0
329.85941247105393,23.30129027602623,17.999999999999986,0.0,0.0,0.0
329.88360475190404,23.338221707665287,17.999999999999986,0.0,0.0,0.0
329.9078248563213,23.375141259757175,17.99999999999999,0.0,0.0,0.0
329.9320728385678,23.41204890747671,17.999999999999986,0.0,0.0,0.0
329.95634875296423,23.448944625951782,17.999999999999986,0.0,0.0,0.0
329.9806526538902,23.485828390263407,17.999999999999986,0.0,0.0,0.0
330.00498459578426,23.522700175445287,17.999999999999986,0.0,0.0,0.0
330.0293446331441,23.559559956483692,17.999999999999986,0.0,0.0,0.0
330.0537328205266,23.596407708317045,17.999999999999986,0.0,0.0,0.0
330.0781492125482,23.63324340583595,17.999999999999982,0.0,0.0,0.0
330.10259386388475,23.670067023882837,17.999999999999986,0.0,0.0,0.0
330.12706682927154,23.706878537251576,17.999999999999986,0.0,0.0,0.0
330.1515681635039,23.743677920687542,17.999999999999986,0.0,0.0,0.0
330.1760979214369,23.780465148887224,17.999999999999986,0.0,0.0,0.0
330.2006561579855,23.817240196497856,17.999999999999982,0.0,0.0,0.0
330.2252429281251,23.85400303811746,17.999999999999986,0.0,0.0,0.0
330.249858286891,23.890753648294456,17.999999999999982,0.0,0.0,0.0
330.2745022893791,23.927492001527455,17.999999999999982,0.0,0.0,0.0
330.2991749907456,23.964218072264895,17.999999999999986,0.0,0.0,0.0
330.32387644620735,24.000931834905057,17.999999999999982,0.0,0.0,0.0
330.3486067110421,24.037633263795694,17.999999999999986,0.0,0.0,0.0
330.3733658405881,24.074322333233674,17.999999999999986,0.0,0.0,0.0
330.39815389024494,24.110999017464973,17.999999999999986,0.0,0.0,0.0
330.42297091547294,24.147663290684314,17.999999999999986,0.0,0.0,0.0
330.44781697179377,24.18431512703496,17.99999999999999,0.0,0.0,0.0
330.47269211479033,24.220954500608336,17.99999999999999,0.0,0.0,0.0
330.497596400107,24.25758138544404,17.99999999999999,0.0,0.0,0.0
330.5225298834495,24.294195755529493,17.999999999999993,0.0,0.0,0.0
330.5474926205854,24.330797584799512,17.999999999999993,0.0,0.0,0.0
330.5724846673438,24.367386847136416,17.99999999999999,0.0,0.0,0.0
330.5975060796159,24.40396351636952,17.999999999999993,0.0,0.0,0.0
330.6225569133546,24.44052756627507,17.999999999999993,0.0,0.0,0.0
330.6476372245749,24.477078970575732,17.999999999999993,0.0,0.0,0.0
330.6727470693541,24.51361770294069,17.99999999999999,0.0,0.0,0.0
330.6978865038316,24.550143736985234,17.99999999999999,0.0,0.0,0.0
330.72305558420936,24.5866570462704,17.999999999999996,0.0,0.0,0.0
330.74825436675155,24.62315760430301,17.999999999999993,0.0,0.0,0.0
330.7734829077852,24.65964538453517,18.0,0.0,0.0,0.0
330.7987412636998,24.69612036036417,17.999999999999993,0.0,0.0,0.0
330.8240294909477,24.732582505132154,17.999999999999996,0.0,0.0,0.0
330.8493476460442,24.769031792125954,17.999999999999993,0.0,0.0,0.0
330.87469578556727,24.805468194576804,17.999999999999993,0.0,0.0,0.0
330.9000739661584,24.841891685660062,17.999999999999993,0.0,0.0,0.0
330.92548224452196,24.87830223849503,17.999999999999993,0.0,0.0,0.0
330.9509206774255,24.914699826144652,17.999999999999996,0.0,0.0,0.0
330.97638932170014,24.951084421615302,17.999999999999996,0.0,0.0,0.0
331.00188823424025,24.98745599785652,17.99999999999999,0.0,0.0,0.0
331.02741747200395,25.023814527760752,17.99999999999999,0.0,0.0,0.0
331.0529770920128,25.06015998416312,17.99999999999999,0.0,0.0,0.0
331.0785671513521,25.096492339841184,17.99999999999999,0.0,0.0,0.0
331.104187707171,25.13281156751464,17.999999999999993,0.0,0.0,0.0
331.1298388166825,25.169117639845144,17.999999999999986,0.0,0.0,0.0
331.15552053716357,25.20541052943598,17.999999999999986,0.0,0.0,0.0
331.18123292595527,25.241690208831884,17.999999999999986,0.0,0.0,0.0
331.20697604046285,25.27795665051875,17.999999999999986,0.0,0.0,0.0
331.23274993815573,25.314209826923378,17.99999999999998,0.0,0.0,0.0
331.2585546765674,25.350449710413212,17.999999999999982,0.0,0.0,0.0
331.2843903132962,25.386676273296157,17.999999999999982,0.0,0.0,0.0
331.3102569060046,25.42288948782022,17.999999999999986,0.0,0.0,0.0
331.3361545124197,25.45908932617334,17.999999999999982,0.0,0.0,0.0
331.36208319033324,25.495275760483093,17.99999999999998,0.0,0.0,0.0
331.38804299760153,25.53144876281643,17.999999999999982,0.0,0.0,0.0
331.41403399214585,25.567608305179476,17.999999999999982,0.0,0.0,0.0
331.44005623195216,25.6037543595172,17.99999999999998,0.0,0.0,0.0
331.46610977507146,25.639886897713208,17.999999999999975,0.0,0.0,0.0
331.49219467961956,25.676005891589476,17.99999999999997,0.0,0.0,0.0
331.5183110037775,25.71211131290608,17.999999999999975,0.0,0.0,0.0
331.54445880579135,25.74820313336096,17.999999999999975,0.0,0.0,0.0
331.57063814397236,25.78428132458964,17.99999999999998,0.0,0.0,0.0
331.5968490766971,25.820345858164988,17.999999999999975,0.0,0.0,0.0
331.6230916624073,25.856396705596936,17.999999999999975,0.0,0.0,0.0
331.6493659596104,25.892433838332252,17.99999999999997,0.0,0.0,0.0
331.67567202687883,25.92845722775422,17.99999999999998,0.0,0.0,0.0
331.7020099228509,25.96446684518247,17.99999999999997,0.0,0.0,0.0
331.72837970623027,26.00046266187264,17.99999999999997,0.0,0.0,0.0
331.75478143578636,26.036444649016136,17.99999999999997,0.0,0.0,0.0
331.7812151703542,26.072412777739885,17.99999999999997,0.0,0.0,0.0
331.8076809688345,26.108367019106055,17.99999999999997,0.0,0.0,0.0
331.83417889019387,26.144307344111812,17.999999999999968,0.0,0.0,0.0
331.8607089934647,26.18023372368903,17.99999999999997,0.0,0.0,0.0
331.8872713377453,26.21614612870406,17.99999999999997,0.0,0.0,0.0
331.9138659821998,26.252044529957434,17.99999999999997,0.0,0.0,0.0
331.9404929860586,26.28792889818361,17.999999999999975,0.0,0.0,0.0
331.96715240861784,26.323799204050708,17.99999999999997,0.0,0.0,0.0
331.99384430923993,26.359655418160266,17.99999999999997,0.0,0.0,0.0
332.0205687473533,26.395497511046937,17.999999999999975,0.0,0.0,0.0
332.04732578245273,26.431325453178246,17.999999999999975,0.0,0.0,0.0
332.07411547409896,26.46713921495432,17.999999999999968,0.0,0.0,0.0
332.1009378819192,26.502938766707594,17.999999999999964,0.0,0.0,0.0
332.1277930656068,26.53872407870259,17.99999999999997,0.0,0.0,0.0
332.15468108492166,26.574495121135627,17.999999999999964,0.0,0.0,0.0
332.1816019996898,26.610251864134515,17.999999999999964,0.0,0.0,0.0
332.20855586980383,26.645994277758366,17.999999999999957,0.0,0.0,0.0
332.23554275522275,26.681722331997236,17.999999999999957,0.0,0.0,0.0
332.2625627159719,26.717435996771915,17.999999999999954,0.0,0.0,0.0
332.2896158121434,26.75313524193363,17.999999999999957,0.0,0.0,0.0
332.3167021038956,26.788820037263793,17.999999999999954,0.0,0.0,0.0
332.3438216514536,26.824490352473706,17.99999999999995,0.0,0.0,0.0
332.370974515109,26.860146157204287,17.999999999999947,0.0,0.0,0.0
332.39816075522015,26.895787421025837,17.99999999999994,0.0,0.0,0.0
332.4253804322118,26.931414113437704,17.99999999999994,0.0,0.0,0.0
332.4526336065756,26.967026203868066,17.99999999999994,0.0,0.0,0.0
332.4799203388696,27.00262366167363,17.99999999999993,0.0,0.0,0.0
332.5072406897188,27.038206456139367,17.999999999999925,0.0,0.0,0.0
332.5345947198149,27.07377455647821,17.999999999999922,0.0,0.0,0.0
332.56198248991603,27.109327931830816,17.99999999999992,0.0,0.0,0.0
332.5894040608474,27.144866551265263,17.999999999999908,0.0,0.0,0.0
332.61685949350084,27.18039038377679,17.999999999999904,0.0,0.0,0.0
332.6443488488349,27.2158993982875,17.9999999999999,0.0,0.0,0.0
332.671872187875,27.25139356364612,17.99999999999989,0.0,0.0,0.0
332.69942957171315,27.28687284862767,17.999999999999886,0.0,0.0,0.0
332.7270210615084,27.322337221933214,17.99999999999988,0.0,0.0,0.0
332.7546467184865,27.357786652189592,17.999999999999872,0.0,0.0,0.0
332.7823066039399,27.39322110794912,17.999999999999865,0.0,0.0,0.0
332.8100007792279,27.428640557689313,17.999999999999858,0.0,0.0,0.0
332.8377293057765,27.4640449698126,17.999999999999847,0.0,0.0,0.0
332.86549224507877,27.49943431264607,17.99999999999984,0.0,0.0,0.0
332.89328965869424,27.534808554441156,17.99999999999983,0.0,0.0,0.0
332.92112160824945,27.57016766337337,17.99999999999982,0.0,0.0,0.0
332.9489881554376,27.60551160754199,17.999999999999805,0.0,0.0,0.0
332.97688936201865,27.64084035496987,17.999999999999794,0.0,0.0,0.0
333.00482528981934,27.676153873603024,17.99999999999978,0.0,0.0,0.0
333.0327960007332,27.711452131310452,17.999999999999762,0.0,0.0,0.0
333.0608015567203,27.746735095883768,17.999999999999744,0.0,0.0,0.0
333.0888420198077,27.782002735037004,17.999999999999723,0.0,0.0,0.0
333.11691745208896,27.817255016406257,17.9999999999997,0.0,0.0,0.0
333.14502791572426,27.85249190754941,17.999999999999677,0.0,0.0,0.0
333.1731734729406,27.88771337594589,17.999999999999655,0.0,0.0,0.0
333.2013541860316,27.922919388996338,17.99999999999962,0.0,0.0,0.0
333.22957011735724,27.958109914022327,17.99999999999959,0.0,0.0,0.0
333.2578213293443,27.993284918266074,17.999999999999556,0.0,0.0,0.0
333.2861078844861,28.028444368890177,17.999999999999517,0.0,0.0,0.0
333.31442984534243,28.0635882329773,17.999999999999478,0.0,0.0,0.0
333.34278727453943,28.098716477529894,17.99999999999943,0.0,0.0,0.0
333.3711802347699,28.133829069469886,17.999999999999385,0.0,0.0,0.0
