galstreams/tracks/track.st.AAU-ATLAS.ibata2021.ecsv
# %ECSV 0.9
# ---
# datatype:
# - {name: ra, unit: deg, datatype: float64}
# - {name: dec, unit: deg, datatype: float64}
# - {name: distance, unit: kpc, datatype: float64}
# - {name: pm_ra_cosdec, unit: mas / yr, datatype: float64}
# - {name: pm_dec, unit: mas / yr, datatype: float64}
# - {name: radial_velocity, unit: km / s, datatype: float64}
# delimiter: ','
# meta: !!omap
# - __serialized_columns__:
#     dec:
#       __class__: astropy.coordinates.angles.Latitude
#       unit: &id001 !astropy.units.Unit {unit: deg}
#       value: !astropy.table.SerializedColumn {name: dec}
#     distance:
#       __class__: astropy.coordinates.distances.Distance
#       unit: !astropy.units.Unit {unit: kpc}
#       value: !astropy.table.SerializedColumn {name: distance}
#     pm_dec:
#       __class__: astropy.units.quantity.Quantity
#       unit: !astropy.units.Unit {unit: mas / yr}
#       value: !astropy.table.SerializedColumn {name: pm_dec}
#     pm_ra_cosdec:
#       __class__: astropy.units.quantity.Quantity
#       unit: !astropy.units.Unit {unit: mas / yr}
#       value: !astropy.table.SerializedColumn {name: pm_ra_cosdec}
#     ra:
#       __class__: astropy.coordinates.angles.Longitude
#       unit: *id001
#       value: !astropy.table.SerializedColumn {name: ra}
#       wrap_angle: !astropy.coordinates.Angle
#         unit: *id001
#         value: 360.0
#     radial_velocity:
#       __class__: astropy.units.quantity.Quantity
#       unit: !astropy.units.Unit {unit: km / s}
#       value: !astropy.table.SerializedColumn {name: radial_velocity}
# schema: astropy-2.0
ra,dec,distance,pm_ra_cosdec,pm_dec,radial_velocity
17.3502321924859,-25.248735227010766,24.83901518211961,-0.2594195426105516,-1.0217806208447693,8.420767129872338e-15
17.35997006752221,-25.253755923833893,24.82998291181109,-0.2591027181281875,-1.0211511316980593,0.0
17.369706143174657,-25.258778855138647,24.820982383672398,-0.2587863863240827,-1.020522325742981,-8.420767129872338e-15
17.37944042278595,-25.263804018072946,24.81201355706211,-0.25847054637944716,-1.0198942028538802,0.0
17.389172909698207,-25.268831409783893,24.803076391338823,-0.2581551974755436,-1.0192667629048926,-1.6841534259744676e-14
17.398903607253374,-25.27386102741815,24.79417084586111,-0.25784033879368473,-1.018640005769946,8.420767129872338e-15
17.408632518792817,-25.27889286812156,24.78529687998754,-0.2575259695152351,-1.0180139313227592,0.0
17.418359647657738,-25.283926929039495,24.776454453076713,-0.2572120888216093,-1.0173885394368416,-1.6841534259744676e-14
17.428084997188773,-25.2889632073166,24.767643524487205,-0.25689869589427317,-1.016763829985494,-8.420767129872338e-15
17.437808570726215,-25.294001700096867,24.758864053577597,-0.25658578991474434,-1.0161398028418083,-8.420767129872338e-15
17.4475303716101,-25.299042404523775,24.750115999706466,-0.25627337006458983,-1.0155164578786677,8.420767129872338e-15
17.457250403179927,-25.304085317740018,24.74139932223239,-0.2559614355254287,-1.0148937949687469,0.0
17.46696866877496,-25.3091304368878,24.732713980513967,-0.25564998547893014,-1.0142718139845102,0.0
17.476685171733926,-25.314177759108556,24.724059933909768,-0.25533901910681506,-1.013650514798215,-1.6841534259744676e-14
17.486399915395367,-25.31922728154325,24.71543714177837,-0.25502853559085303,-1.0130298972819094,0.0
17.496112903097295,-25.324279001332055,24.70684556347836,-0.2547185341128667,-1.012409961307433,0.0
17.50582413817734,-25.32933291561455,24.698285158368318,-0.25440901385472847,-1.0117907067464154,-8.420767129872338e-15
17.515533623972896,-25.33438902152978,24.68975588580683,-0.25409997399836065,-1.011172133470279,0.0
17.525241363820815,-25.339447316216006,24.681257705152465,-0.2537914137257379,-1.0105542413502366,-1.6841534259744676e-14
17.534947361057736,-25.344507796811012,24.672790575763813,-0.2534833322188828,-1.0099370302572925,-8.420767129872338e-15
17.544651619019728,-25.349570460451776,24.66435445699946,-0.25317572865987165,-1.0093205000622432,0.0
17.554354141042708,-25.35463530427481,24.655949308217984,-0.25286860223082874,-1.0087046506356754,-2.5262301389617013e-14
17.56405493046204,-25.359702325415896,24.64757508877796,-0.25256195211392973,-1.0080894818479678,-2.5262301389617013e-14
17.57375399061273,-25.364771521010155,24.639231758037972,-0.2522557774914018,-1.0074749935692904,1.6841534259744676e-14
17.583451324829543,-25.369842888192174,24.630919275356607,-0.25195007754552,-1.0068611856696046,-8.420767129872338e-15
17.59314693644668,-25.37491642409579,24.622637600092446,-0.25164485145861265,-1.0062480580186635,8.420767129872338e-15
17.60284082879816,-25.37999212585434,24.61438669160406,-0.25134009841305627,-1.0056356104860114,0.0
17.612533005217433,-25.385069990600364,24.606166509250045,-0.2510358175912787,-1.0050238429409835,0.0
17.622223469037767,-25.390150015465945,24.597977012388974,-0.25073200817575775,-1.0044127552527082,8.420767129872338e-15
17.631912223591915,-25.395232197582377,24.589818160379423,-0.25042866934902164,-1.0038023472901043,8.420767129872338e-15
17.641599272212254,-25.400316534080364,24.581689912579982,-0.25012580029364906,-1.0031926189218816,0.0
17.651284618230925,-25.405403022090052,24.57359222834923,-0.24982340019226812,-1.002583570016542,0.0
17.660968264979505,-25.410491658740828,24.565525067045755,-0.24952146822755747,-1.0019752004423794,-8.420767129872338e-15
17.6706502157894,-25.415582441161572,24.557488388028126,-0.2492200035822465,-1.0013675100674795,8.420767129872338e-15
17.680330473991447,-25.42067536648038,24.549482150654924,-0.24891900543911366,-1.0007604987597187,-8.420767129872338e-15
17.690009042916277,-25.425770431824883,24.541506314284742,-0.248618472980988,-1.0001541663867644,1.6841534259744676e-14
17.699685925894038,-25.430867634321917,24.533560838276163,-0.24831840539074854,-0.9995485128160776,-1.6841534259744676e-14
17.70936112625449,-25.43596697109774,24.525645681987754,-0.24801880185132472,-0.9989435379149099,-1.6841534259744676e-14
17.719034647327174,-25.44106843927806,24.517760804778106,-0.24771966154569483,-0.9983392415503041,-1.6841534259744676e-14
17.728706492441045,-25.44617203598778,24.50990616600579,-0.2474209836568886,-0.9977356235890961,-1.6841534259744676e-14
17.73837666492489,-25.45127775835134,24.50208172502941,-0.24712276736798355,-0.997132683897912,0.0
17.748045168106948,-25.456385603492386,24.49428744120753,-0.24682501186210926,-0.9965304223431697,8.420767129872338e-15
17.757712005315245,-25.46149556853407,24.48652327389872,-0.2465277163224442,-0.9959288387910809,0.0
17.76737717987733,-25.466607650598807,24.478789182461586,-0.24623087993221618,-0.9953279331076459,0.0
17.77704069512034,-25.471721846808357,24.4710851262547,-0.24593450187470375,-0.9947277051586592,-1.6841534259744676e-14
17.786702554371214,-25.47683815428398,24.46341106463664,-0.24563858133323416,-0.9941281548097063,-1.6841534259744676e-14
17.796362760956324,-25.48195657014612,24.45576695696599,-0.24534311749118534,-0.9935292819261636,-1.6841534259744676e-14
17.806021318201854,-25.487077091514763,24.44815276260133,-0.24504810953198394,-0.9929310863732016,0.0
17.815678229433423,-25.49219971550908,24.44056844090124,-0.24475355663910758,-0.9923335680157801,-8.420767129872338e-15
17.825333497976484,-25.497324439247766,24.433013951224318,-0.24445945799608143,-0.9917367267186515,0.0
17.834987127155976,-25.50245125984875,24.425489252929115,-0.24416581278648228,-0.9911405623463615,-1.6841534259744676e-14
17.84463912029645,-25.507580174429364,24.417994305374236,-0.24387262019393569,-0.9905450747632453,-1.6841534259744676e-14
17.854289480722247,-25.512711180106372,24.410529067918254,-0.24357987940211606,-0.9899502638334319,0.0
17.863938211757148,-25.51784427399576,24.40309349991975,-0.2432875895947485,-0.9893561294208413,-8.420767129872338e-15
17.873585316724746,-25.522979453213033,24.395687560737308,-0.2429957499556061,-0.988762671389185,0.0
17.88323079894808,-25.5281167148729,24.388311209729505,-0.2427043596685131,-0.9881698896019675,8.420767129872338e-15
17.89287466175001,-25.533256056089584,24.380964406254932,-0.2424134179173415,-0.9875777839224846,-8.420767129872338e-15
17.902516908452835,-25.53839747397652,24.373647109672156,-0.24212292388601372,-0.986986354213824,0.0
17.912157542378676,-25.54354096564665,24.366359279339772,-0.24183287675850104,-0.9863956003388656,-8.420767129872338e-15
17.921796566849142,-25.548686528212166,24.359100874616352,-0.24154327571882384,-0.9858055221602808,0.0
17.931433985185485,-25.553834158784618,24.35187185486048,-0.24125411995105248,-0.9852161195405337,8.420767129872338e-15
17.941069800708703,-25.558983854475024,24.34467217943074,-0.2409654086393058,-0.9846273923418793,0.0
17.950704016739266,-25.564135612393628,24.33750180768571,-0.24067714096775225,-0.9840393404263661,8.420767129872338e-15
17.960336636597457,-25.569289429650176,24.330360698983984,-0.24038931612060868,-0.983451963655833,8.420767129872338e-15
17.969967663603047,-25.57444530335364,24.323248812684124,-0.2401019332821422,-0.9828652618919118,0.0
17.97959710107543,-25.57960323061239,24.31616610814472,-0.23981499163666903,-0.9822792349960267,-1.6841534259744676e-14
17.9892249523338,-25.584763208534245,24.309112544724353,-0.23952849036855245,-0.9816938828293928,-8.420767129872338e-15
17.998851220696775,-25.589925234226232,24.30208808178161,-0.23924242866220724,-0.9811092052530181,-8.420767129872338e-15
18.008475909482794,-25.5950893047949,24.295092678675058,-0.23895680570209565,-0.9805252021277029,-8.420767129872338e-15
18.01809902200975,-25.60025541734598,24.28812629476329,-0.23867162067273007,-0.9799418733140386,0.0
18.027720561595363,-25.60542356898475,24.281188889404888,-0.23838687275867015,-0.9793592186724094,0.0
18.037340531556776,-25.610593756815664,24.27428042195843,-0.23810256114452616,-0.9787772380629909,0.0
18.04695893521098,-25.615765977942694,24.2674008517825,-0.23781868501495557,-0.9781959313457516,-1.6841534259744676e-14
18.056575775874446,-25.620940229469088,24.26055013823567,-0.23753524355466651,-0.9776152983804521,0.0
18.066191056863282,-25.626116508497397,24.25372824067653,-0.237252235948415,-0.9770353390266444,-8.420767129872338e-15
18.075804781493368,-25.631294812129674,24.246935118463664,-0.23696966138100503,-0.976456053143673,-8.420767129872338e-15
18.085416953080035,-25.6364751374672,24.240170730955647,-0.23668751903729113,-0.9758774405906752,8.420767129872338e-15
18.095027574938438,-25.641657481610714,24.23343503751106,-0.2364058081021745,-0.9752995012265789,-8.420767129872338e-15
18.104636650383227,-25.64684184166024,24.226727997488485,-0.23612452776060636,-0.9747222349101055,-8.420767129872338e-15
18.11424418272867,-25.65202821471514,24.220049570246516,-0.23584367719758673,-0.9741456414997678,0.0
18.12385017528884,-25.657216597874267,24.213399715143716,-0.2355632555981631,-0.9735697208538713,0.0
18.133454631377237,-25.66240698823565,24.20677839153867,-0.2352832621474328,-0.972994472830514,0.0
18.143057554307198,-25.66759938289684,24.20018555878997,-0.23500369603054055,-0.9724198972875846,0.0
18.152658947391497,-25.672793778954613,24.193621176256183,-0.23472455643268084,-0.9718459940827655,0.0
18.162258813942746,-25.677990173505226,24.187085203295904,-0.2344458425390949,-0.9712727630735306,1.6841534259744676e-14
18.171857157272978,-25.68318856364414,24.18057759926771,-0.23416755353507432,-0.9707002041171456,0.0
18.181453980694073,-25.68838894646635,24.174098323530185,-0.23388968860595755,-0.9701283170706697,-1.6841534259744676e-14
18.191049287517423,-25.693591319066076,24.167647335441895,-0.23361224693713248,-0.9695571017909539,-8.420767129872338e-15
18.200643081054018,-25.698795678536897,24.16122459436144,-0.2333352277140354,-0.96898655813464,-8.420767129872338e-15
18.210235364614643,-25.704002021971863,24.15483005964739,-0.23305863012214964,-0.9684166859581637,8.420767129872338e-15
18.219826141509554,-25.70921034646322,24.14846369065833,-0.23278245334700842,-0.9678474851177525,8.420767129872338e-15
18.22941541504879,-25.714420649102728,24.142125446752846,-0.23250669657419168,-0.9672789554694254,-1.6841534259744676e-14
18.239003188541872,-25.71963292698135,24.13581528728952,-0.23223135898932937,-0.9667110968689949,-1.6841534259744676e-14
18.24858946529814,-25.72484717718957,24.129533171626914,-0.23195643977809777,-0.9661439091720656,-1.6841534259744676e-14
18.258174248626425,-25.730063396817094,24.123279059123632,-0.23168193812622245,-0.9655773922340327,-8.420767129872338e-15
18.267757541835195,-25.735281582952982,24.11705290913825,-0.23140785321947727,-0.9650115459100854,-8.420767129872338e-15
18.277339348232715,-25.740501732685782,24.11085468102934,-0.23113418424368318,-0.9644463700552044,0.0
18.286919671126682,-25.74572384310323,24.10468433415549,-0.2308609303847107,-0.963881864524164,-8.420767129872338e-15
18.296498513824616,-25.750947911292567,24.09854182787529,-0.23058809082847626,-0.9633180291715281,0.0
18.306075879633497,-25.756173934340246,24.092427121547306,-0.23031566476094661,-0.9627548638516554,8.420767129872338e-15
18.315651771860146,-25.76140190933222,24.086340174530125,-0.23004365136813465,-0.9621923684186962,-1.6841534259744676e-14
18.325226193810863,-25.76663183335369,24.080280946182327,-0.2297720498361022,-0.9616305427265925,0.0
18.334799148791586,-25.771863703489206,24.074249395862505,-0.22950085935095918,-0.9610693866290787,8.420767129872338e-15
18.344370640108046,-25.77709751682277,24.068245482929232,-0.22923007909886195,-0.9605088999796821,0.0
18.35394067106542,-25.782333270437626,24.062269166741086,-0.228959708266017,-0.9599490826317223,-8.420767129872338e-15
18.36350924496871,-25.78757096141648,24.056320406656642,-0.2286897460386763,-0.959389934438311,0.0
18.37307636512238,-25.792810586841266,24.050399162034495,-0.2284201916031414,-0.9588314552523511,-8.420767129872338e-15
18.38264203483071,-25.79805214379342,24.044505392233226,-0.22815104414575985,-0.9582736449265401,-8.420767129872338e-15
18.39220625739748,-25.803295629353606,24.038639056611416,-0.22788230285292885,-0.9577165033133657,8.420767129872338e-15
18.401769036126126,-25.808541040601853,24.032800114527628,-0.22761396691109234,-0.9571600302651097,0.0
18.411330374319842,-25.81378837461764,24.026988525340474,-0.22734603550674118,-0.9566042256338441,-1.6841534259744676e-14
18.420890275281298,-25.819037628479688,24.021204248408505,-0.22707850782641567,-0.9560490892714353,8.420767129872338e-15
18.430448742312983,-25.82428879926616,24.015447243090325,-0.22681138305670162,-0.9554946210295413,0.0
18.440005778716834,-25.82954188405448,24.009717468744505,-0.22654466038423438,-0.9549408207596121,0.0
18.449561387794628,-25.834796879921523,24.00401488472963,-0.22627833899569477,-0.9543876883128901,0.0
18.459115572847637,-25.840053783943453,23.99833945040428,-0.2260124180778128,-0.95383522354041,-8.420767129872338e-15
18.468668337176762,-25.845312593195754,23.99269112512704,-0.2257468968173659,-0.9532834262929999,-1.6841534259744676e-14
18.478219684082717,-25.850573304753382,23.98706986825648,-0.22548177440117764,-0.9527322964212792,0.0
18.48776961686564,-25.8558359156905,23.981475639151192,-0.22521705001612002,-0.9521818337756591,0.0
18.497318138825523,-25.861100423080757,23.97590839716975,-0.2249527228491118,-0.9516320382063449,0.0
18.506865253261793,-25.866366823997023,23.970368101670747,-0.22468879208712011,-0.9510829095633325,8.420767129872338e-15
18.51641096347372,-25.87163511551166,23.964854712012755,-0.22442525691715776,-0.950534447696411,-8.420767129872338e-15
18.525955272760076,-25.876905294696268,23.959368187554354,-0.22416211652628643,-0.9499866524551621,0.0
18.535498184419254,-25.8821773586218,23.953908487654136,-0.22389937010161431,-0.9494395236889589,-1.6841534259744676e-14
18.545039701749467,-25.887451304358674,23.948475571670674,-0.22363701683029674,-0.9488930612469677,-1.6841534259744676e-14
18.554579828048357,-25.8927271289765,23.94306939896254,-0.22337505589953638,-0.9483472649781474,-1.6841534259744676e-14
18.564118566613402,-25.89800482954441,23.937689928888336,-0.2231134864965829,-0.9478021347312477,-8.420767129872338e-15
18.573655920741544,-25.903284403130705,23.932337120806626,-0.22285230780873383,-0.9472576703548128,-8.420767129872338e-15
18.583191893729545,-25.908565846803217,23.927010934076005,-0.22259151902333235,-0.9467138716971772,8.420767129872338e-15
18.59272648887368,-25.913849157628984,23.92171132805505,-0.2223311193277696,-0.9461707386064687,8.420767129872338e-15
18.602259709469866,-25.91913433267442,23.916438262102336,-0.2220711079094846,-0.9456282709306081,-8.420767129872338e-15
18.611791558813795,-25.924421369005398,23.911191695576445,-0.22181148395596129,-0.9450864685173075,0.0
18.621322040200617,-25.92971026368698,23.905971587835968,-0.2215522466547325,-0.944545331214071,-2.5262301389617013e-14
18.63085115692533,-25.935001013783733,23.900777898239483,-0.22129339519337654,-0.9440048588681966,-8.420767129872338e-15
18.64037891228238,-25.940293616359426,23.895610586145562,-0.22103492875952016,-0.9434650513267736,0.0
18.649905309566048,-25.945588068477328,23.8904696109128,-0.22077684654083496,-0.9429259084366837,0.0
18.659430352070096,-25.950884367199926,23.88535493189977,-0.22051914772504105,-0.9423874300446007,-8.420767129872338e-15
18.668954043087968,-25.95618250958909,23.880266508465052,-0.22026183149990514,-0.9418496159969916,0.0
18.67847638591287,-25.96148249270611,23.875204299967237,-0.22000489705323983,-0.9413124661401147,-1.6841534259744676e-14
18.687997383837466,-25.966784313611523,23.870168265764892,-0.21974834357290554,-0.9407759803200214,0.0
18.697517040154263,-25.97208796936532,23.86515836521661,-0.21949217024680806,-0.940240158382555,0.0
