galstreams/tracks/track.st.M92.ibata2021.ecsv
# %ECSV 1.0
# ---
# datatype:
# - {name: ra, unit: deg, datatype: float64}
# - {name: dec, unit: deg, datatype: float64}
# - {name: distance, unit: kpc, datatype: float64}
# - {name: pm_ra_cosdec, unit: mas / yr, datatype: float64}
# - {name: pm_dec, unit: mas / yr, datatype: float64}
# - {name: radial_velocity, unit: km / s, datatype: float64}
# delimiter: ','
# meta: !!omap
# - __serialized_columns__:
#     dec:
#       __class__: astropy.coordinates.angles.Latitude
#       unit: &id001 !astropy.units.Unit {unit: deg}
#       value: !astropy.table.SerializedColumn {name: dec}
#     distance:
#       __class__: astropy.coordinates.distances.Distance
#       unit: !astropy.units.Unit {unit: kpc}
#       value: !astropy.table.SerializedColumn {name: distance}
#     pm_dec:
#       __class__: astropy.units.quantity.Quantity
#       unit: !astropy.units.Unit {unit: mas / yr}
#       value: !astropy.table.SerializedColumn {name: pm_dec}
#     pm_ra_cosdec:
#       __class__: astropy.units.quantity.Quantity
#       unit: !astropy.units.Unit {unit: mas / yr}
#       value: !astropy.table.SerializedColumn {name: pm_ra_cosdec}
#     ra:
#       __class__: astropy.coordinates.angles.Longitude
#       unit: *id001
#       value: !astropy.table.SerializedColumn {name: ra}
#       wrap_angle: !astropy.coordinates.Angle
#         unit: *id001
#         value: 360.0
#     radial_velocity:
#       __class__: astropy.units.quantity.Quantity
#       unit: !astropy.units.Unit {unit: km / s}
#       value: !astropy.table.SerializedColumn {name: radial_velocity}
# schema: astropy-2.0
ra,dec,distance,pm_ra_cosdec,pm_dec,radial_velocity
[from data line 991]
261.46491150459883,42.365339827034596,9.402416705905367,-4.845728923721412,-0.3919159597077011,-157.30366423874014
261.475924462652,42.36018667296355,9.402815007125595,-4.845022189763523,-0.3906466890668132,-157.38225213263615
261.48693389938535,42.355030703124385,9.403210511925764,-4.844316834809111,-0.38937785420680626,-157.460561727622
261.4979398302544,42.34987193451435,9.403603210934046,-4.8436128637094376,-0.3881094467843369,-157.53859116813982
261.50894227072234,42.34471038412446,9.403993094778604,-4.842910281311107,-0.3868414584545965,-157.61633859863167
261.51994123626,42.339546068939555,9.40438015408761,-4.842209092456059,-0.38557388087131206,-157.69380216353974
261.5309367423455,42.33437900593818,9.404764379489226,-4.841509301981595,-0.3843067056867602,-157.770980007306
261.5419288044645,42.32920921209273,9.405145761611623,-4.840810914720357,-0.3830399245517597,-157.8478702743726
261.5529174381101,42.32403670436938,9.405524291082958,-4.840113935500345,-0.3817735291156741,-157.9244711091817
261.563902658783,42.31886149972808,9.405899958531409,-4.839418369144918,-0.3805075110264251,-158.00078065617512
261.574884481991,42.31368361512259,9.406272754585137,-4.8387242204727965,-0.3792418619304865,-158.07679705979507
261.5858629232496,42.308503067500496,9.406642669872308,-4.838031494298063,-0.37797657347288394,-158.15251846448382
261.59683799808136,42.30331987380312,9.40700969502109,-4.83734019543018,-0.3767116372972181,-158.2279430146832
261.6078097220165,42.298134050965636,9.407373820659648,-4.836650328673974,-0.3754470450456424,-158.30306885483543
261.6187781105922,42.29294561591706,9.407735037416154,-4.83596189882965,-0.3741827883588862,-158.37789412938253
261.62974317935317,42.28775458558015,9.40809333591877,-4.835274910692797,-0.37291885887623955,-158.45241698276664
261.6407049438514,42.282560976871544,9.40844870679566,-4.8345893690543855,-0.3716552482355773,-158.52663555942965
261.651663419646,42.27736480670166,9.408801140674992,-4.8339052787007715,-0.37039194807333664,-158.60054800381403
261.6626186223033,42.27216609197475,9.409150628184939,-4.833222644413704,-0.3691289500245507,-158.6741524603615
261.6735705673969,42.266964849588916,9.409497159953663,-4.832541470970328,-0.36786624572282345,-158.74744707351428
261.68451927050756,42.261761096436054,9.40984072660933,-4.831861763143184,-0.36660382680034687,-158.82042998771442
261.6954647472232,42.256554849401915,9.410181318780102,-4.831183525700216,-0.36534168488790186,-158.89309934740413
261.70640701313874,42.25134612536609,9.410518927094156,-4.830506763404772,-0.36407981161486114,-158.96545329702525
261.7173460838564,42.246134941201994,9.41085354217965,-4.829831481015605,-0.36281819860918696,-159.0374899810201
261.7282819749854,42.24092131377689,9.411185154664757,-4.829157683286884,-0.3615568374974447,-159.10920754383054
261.739214702142,42.2357052599519,9.411513755177639,-4.828485374968193,-0.36029571990478937,-159.18060412989885
261.75014428094954,42.23048679658199,9.411839334346464,-4.8278145608045255,-0.3590348374549861,-159.25167788366707
261.7610707270383,42.22526594051596,9.4121618827994,-4.827145245536312,-0.35777418177040277,-159.3224269495772
261.7719940560457,42.22004270859647,9.41248139116461,-4.8264774338993925,-0.3565137444720128,-159.3928494720713
261.782914283616,42.21481711766009,9.412797850070264,-4.825811130625045,-0.3552535171793956,-159.46294359559164
261.7938314254004,42.20958918453717,9.413111250144528,-4.825146340439974,-0.3539934915107492,-159.53270746458003
261.80474549705724,42.20435892605198,9.413421582015564,-4.824483068066318,-0.35273365908288246,-159.60213922347884
261.81565651425154,42.19912635902265,9.413728836311545,-4.823821318221654,-0.35147401151122315,-159.67123701673006
261.8265644926552,42.193891500261145,9.414033003660636,-4.823161095619007,-0.3502145404098189,-159.7399989887756
261.8374694479473,42.188654366573374,9.414334074691002,-4.822502404966831,-0.3489552373913378,-159.8084232840577
261.84837139581333,42.18341497475904,9.414632040030812,-4.821845250969037,-0.3476960940670746,-159.8765080470184
261.8592703519459,42.17817334161179,9.414926890308228,-4.821189638324983,-0.3464371020469492,-159.94425142209974
261.87016633204433,42.172929483919134,9.415218616151419,-4.820535571729485,-0.3451782529395069,-160.01165155374397
261.88105935181477,42.16768341846243,9.41550720818855,-4.819883055872806,-0.34391953835193534,-160.0787065863929
261.8919494269701,42.162435162017,9.415792657047795,-4.819232095440676,-0.3426609498900446,-160.1454146644889
261.9028365732299,42.157184731352004,9.416074953357315,-4.81858269511428,-0.3414024791582859,-160.211773932474
261.9137208063205,42.15193214323051,9.416354087745276,-4.817934859570273,-0.3401441177597484,-160.27778253479022
261.9246021419749,42.146677414409474,9.416630050839842,-4.817288593480782,-0.3388858572961664,-160.34343861587934
261.9354805959329,42.14142056163977,9.416902833269186,-4.816643901513392,-0.33762768936790266,-160.40874032018394
261.94635618394085,42.13616160166615,9.41717242566147,-4.816000788331174,-0.33636960557398243,-160.47368579214577
261.95722892175183,42.130900551227306,9.417438818644863,-4.815359258592667,-0.3351115975120642,-160.53827317620716
261.9680988251254,42.125637427055814,9.417702002847529,-4.8147193169518925,-0.333853656778462,-160.60250061681003
261.97896590982776,42.12037224587816,9.417961968897638,-4.8140809680583585,-0.33259577496813963,-160.66636625839647
261.9898301916318,42.115105024414774,9.418218707423355,-4.813444216557052,-0.3313379436747137,-160.72986824540845
262.0006916863169,42.109835779379964,9.418472209052846,-4.812809067088446,-0.3300801544904537,-160.79300472228832
262.0115504096689,42.10456452748199,9.418722464414278,-4.812175524288506,-0.32882239900628485,-160.85577383347808
262.0224063774803,42.09929128542299,9.418969464135817,-4.811543592788699,-0.3275646688118019,-160.91817372341964
262.0332596055501,42.0940160698991,9.41921319884563,-4.810913277215975,-0.326306955495242,-160.98020253655534
262.0441101096835,42.088738897600315,9.419453659171884,-4.81028458219279,-0.32504925064352475,-161.04185841732695
262.0549579056927,42.0834597852106,9.419690835742747,-4.809657512337093,-0.3237915458422149,-161.10313951017687
262.0658030093958,42.07817874940783,9.419924719186382,-4.809032072262348,-0.32253383267555624,-161.16404395954714
262.0766454366175,42.07289580686383,9.420155300130958,-4.808408266577517,-0.32127610272646123,-161.22456990987948
262.08748520318915,42.067610974244396,9.42038256920464,-4.807786099887076,-0.32001834757649816,-161.28471550561642
262.09832232494813,42.062324268209174,9.420606517035598,-4.807165576791005,-0.31876055880592524,-161.34447889119969
262.10915681773844,42.05703570541184,9.420827134251997,-4.806546701884801,-0.31750272799365753,-161.4038582110716
262.1199886974103,42.05174530250001,9.421044411482,-4.805929479759482,-0.31624484671729314,-161.46285160967412
262.13081797982034,42.04645307611519,9.421258339353779,-4.805313915001576,-0.3149869065531017,-161.52145723144957
262.1416446808314,42.04115904289289,9.421468908495495,-4.804700012193143,-0.3137288990760403,-161.57967322083965
262.1524688163127,42.03586321946257,9.421676109535321,-4.804087775911751,-0.31247081585973335,-161.63749772228667
262.16329040213975,42.030565622447625,9.421879933101414,-4.803477210730512,-0.31121264847648944,-161.6949288802328
262.17410945419414,42.025266268465415,9.422080369821952,-4.802868321218051,-0.3099543884973064,-161.7519648391198
262.184925988364,42.019965174127286,9.422277410325096,-4.802261111938529,-0.3086960274918584,-161.80860374339005
262.1957400205435,42.01466235603852,9.422471045239012,-4.8016555874516405,-0.3074375570285037,-161.86484373748561
262.2065515666329,42.00935783079837,9.42266126519187,-4.801051752312618,-0.3061789686742986,-161.9206829658484
262.21736064253895,42.00405161500009,9.422848060811832,-4.8004496110722235,-0.3049202539949718,-161.97611957292062
262.2281672641742,41.99874372523086,9.423031422727064,-4.799849168276768,-0.3036614045549537,-162.0311517031443
262.23897144745763,41.993434178071844,9.42321134156574,-4.799250428468095,-0.30240241191736406,-162.08577750096148
262.24977320831437,41.988122990098226,9.42338780795602,-4.798653396183592,-0.30114326764400157,-162.1399951108144
262.2605725626754,41.9828101778791,9.423560812526071,-4.798058075956202,-0.29988396329537603,-162.193802677145
262.271369526478,41.977495757977614,9.423730345904064,-4.797464472314407,-0.29862449043068295,-162.2471983443954
262.2821641156656,41.972179746950836,9.423896398718156,-4.796872589782245,-0.29736484060781265,-162.30018025700767
262.29295634618734,41.96686216134987,9.42405896159653,-4.796282432879299,-0.29610500538335693,-162.3527465594238
262.30374623399894,41.96154301771977,9.424218025167338,-4.795694006120714,-0.29484497631259754,-162.40489539608615
262.3145337950617,41.956222332599616,9.424373580058749,-4.795107314017186,-0.29358474494952236,-162.45662491143676
262.3253190453431,41.950900122522434,9.424525616898936,-4.794522361074975,-0.292324302846823,-162.50793324991727
262.33610200081665,41.94557640401529,9.424674126316058,-4.793939151795894,-0.29106364155588427,-162.5588185559702
262.3468826774618,41.94025119359923,9.424819098938286,-4.79335769067732,-0.2898027526267899,-162.6092789740376
262.35766109126394,41.9349245077893,9.424960525393786,-4.7927779822122005,-0.2885416276083441,-162.65931264856135
262.3684372582144,41.92959636309455,9.425098396310727,-4.792200030889037,-0.2872802580480365,-162.7089177239836
262.3792111943105,41.92426677601802,9.42523270231727,-4.79162384119191,-0.2860186354920724,-162.75809234474667
262.3899829155555,41.91893576305679,9.425363434041582,-4.791049417600466,-0.2847567514853653,-162.80683465529225
262.40075243795843,41.91360334070191,9.425490582111838,-4.790476764589918,-0.2834945975715222,-162.85514280006274
262.4115197775343,41.90826952543847,9.425614137156195,-4.78990588663106,-0.2822321652928741,-162.90301492350008
262.42228495030395,41.90293433374555,9.425734089802825,-4.789336788190254,-0.2809694461904533,-162.9504491700463
262.4330479722941,41.897597782096256,9.425850430679894,-4.7887694737294435,-0.2797064318040008,-162.99744368414352
262.44380885953734,41.892259886957724,9.425963150415564,-4.788203947706149,-0.2784431136719676,-163.043996610234
262.4545676280719,41.88692066479109,9.426072239638005,-4.78764021457347,-0.27717948333152154,-163.09010609275953
262.46532429394205,41.8815801320515,9.426177688975384,-4.787078278780086,-0.27591553231853494,-163.1357702761625
262.4760788731977,41.87623830518817,9.42627948905587,-4.786518144770264,-0.2746512521675988,-163.18098730488475
262.48683138189455,41.870895200644284,9.426377630507623,-4.785959816983854,-0.2733866344120106,-163.22575532336845
262.4975818360941,41.86555083485708,9.426472103958815,-4.785403299856292,-0.27212167058379166,-163.27007247605562
262.50833025186364,41.86020522425786,9.426562900037611,-4.7848485978186,-0.27085635221366333,-163.31393690738844
262.519076645276,41.854858385271875,9.426650009372175,-4.784295715297396,-0.2695906708310778,-163.35734676180897
262.52982103240987,41.84951033431849,9.426733422590681,-4.783744656714878,-0.2683246179641905,-163.40030018375924
262.54056342934973,41.84416108781105,9.426813130321287,-4.783195426488848,-0.2670581851398788,-163.44279531768146
262.55130385218547,41.83881066215697,9.426889123192165,-4.7826480290326945,-0.2657913638837379,-163.48483030801748
262.56204231701287,41.83345907375771,9.426961391831478,-4.782102468755406,-0.26452414572007443,-163.52640329920962
262.5727788399332,41.82810633900871,9.427029926867394,-4.781558750061563,-0.26325652217191764,-163.5675124356997
262.5835134370537,41.822752474299534,9.427094718928085,-4.781016877351344,-0.26198848476101033,-163.60815586193016
262.59424612448674,41.817397496013726,9.427155758641703,-4.780476855020537,-0.26072002500782054,-163.64833172234268
262.6049769183507,41.812041420528914,9.427213036636433,-4.779938687460514,-0.25945113443152934,-163.68803816137955
262.6157058347694,41.80668426421677,9.427266543540432,-4.779402379058257,-0.2581818045500315,-163.7272733234831
262.62643288987226,41.80132604344298,9.427316269981862,-4.7788679341963585,-0.2569120268799572,-163.76603535309494
262.63715809979425,41.79596677456735,9.427362206588898,-4.778335357253003,-0.25564179293664013,-163.80432239465745
262.6478814806759,41.790606473943654,9.427404343989702,-4.777804652601992,-0.25437109423414306,-163.8421325926126
262.6586030486633,41.78524515791978,9.427442672812445,-4.77727582461272,-0.25309992228524725,-163.87946409140253
262.669322819908,41.77988284283769,9.427477183685289,-4.776748877650204,-0.2518282686014499,-163.9163150354692
262.68004081056733,41.774519545033336,9.427507867236404,-4.7762238160750545,-0.2505561246929706,-163.95268356925496
262.6907570368037,41.76915528083678,9.427534714093952,-4.775700644243509,-0.24928348206875794,-163.98856783720157
262.7014715147852,41.763790066572135,9.427557714886103,-4.775179366507406,-0.24801033223646862,-164.02396598375128
262.71218426068555,41.758423918557575,9.427576860241025,-4.774659987214197,-0.2467366667024864,-164.05887615334615
262.72289529068377,41.75305685310534,9.42759214078688,-4.774142510706947,-0.24546247697191403,-164.09329649042834
262.73360462096434,41.74768888652174,9.427603547151838,-4.773626941324334,-0.24418775454857933,-164.1272251394398
262.7443122677171,41.74232003510715,9.427611069964064,-4.773113283400659,-0.24291249093502332,-164.16066024482276
262.75501824713746,41.736950315155994,9.427614699851727,-4.772601541265828,-0.24163667763251961,-164.19359995101908
262.76572257542614,41.73157974295681,9.427614427442991,-4.772091719245368,-0.24036030614104886,-164.22604240247102
262.77642526878924,41.72620833479218,9.427610243366026,-4.771583821660429,-0.2390833679593245,-164.2579857436206
262.7871263434384,41.720836106938776,9.427602138248993,-4.771077852827775,-0.237805854584773,-164.28942811890994
262.79782581559044,41.71546307566733,9.42759010272006,-4.770573817059787,-0.23652775751354405,-164.32036767278106
262.8085237014677,41.71008925724266,9.4275741274074,-4.770071718664469,-0.2352490682405064,-164.35080254967627
262.81922001729765,41.70471466792366,9.42755420293917,-4.769571561945449,-0.23396977825925314,-164.38073089403727
262.82991477931324,41.69933932396331,9.427530319943545,-4.769073351201976,-0.23268987906209415,-164.41015085030634
262.8406080037527,41.69396324160867,9.427502469048687,-4.768577090728915,-0.23140936214006103,-164.43906056292548
262.85129970685983,41.688586437100874,9.427470640882763,-4.76808278481676,-0.23012821898289748,-164.4674581763371
262.86198990488316,41.68320892667517,9.427434826073942,-4.767590437751627,-0.22884644107907803,-164.49534183498284
262.872678614077,41.677830726560835,9.427395015250386,-4.76710005381526,-0.22756401991579134,-164.522709683305
262.8833658507007,41.6724518529813,9.427351199040265,-4.766611637285022,-0.2262809469789442,-164.5495598657457
262.89405163101895,41.667072322154034,9.427303368071746,-4.766125192433909,-0.22499721375315795,-164.57589052674686
262.90473597130165,41.66169215029063,9.427251512972994,-4.765640723530535,-0.22371281172178015,-164.6016998107506
262.91541888782405,41.656311353596735,9.427195624372176,-4.765158234839144,-0.2224277323668693,-164.62698586219923
262.9261003968664,41.65092994827214,9.427135692897458,-4.7646777306196135,-0.22114196716920365,-164.65174682553456
262.9367805147143,41.64554795051068,9.427071709177008,-4.764199215127442,-0.2198555076082802,-164.6759808451988
262.9474592576587,41.64016537650033,9.427003663838994,-4.763722692613753,-0.2185683451623046,-164.699686065634
262.95813664199545,41.6347822424231,9.426931547511577,-4.763248167325305,-0.2172804713082077,-164.72286063128232
262.96881268402575,41.629398564455165,9.42685535082293,-4.762775643504489,-0.21599187752163185,-164.74550268658558
