galstreams/tracks/track.st.New-5.ibata2024.ecsv
# %ECSV 1.0
# ---
# datatype:
# - {name: ra, unit: deg, datatype: float64}
# - {name: dec, unit: deg, datatype: float64}
# - {name: distance, unit: kpc, datatype: float64}
# - {name: pm_ra_cosdec, unit: mas / yr, datatype: float64}
# - {name: pm_dec, unit: mas / yr, datatype: float64}
# - {name: radial_velocity, unit: km / s, datatype: float64}
# delimiter: ','
# meta: !!omap
# - __serialized_columns__:
#     dec:
#       __class__: astropy.coordinates.angles.Latitude
#       unit: &id001 !astropy.units.Unit {unit: deg}
#       value: !astropy.table.SerializedColumn {name: dec}
#     distance:
#       __class__: astropy.coordinates.distances.Distance
#       unit: !astropy.units.Unit {unit: kpc}
#       value: !astropy.table.SerializedColumn {name: distance}
#     pm_dec:
#       __class__: astropy.units.quantity.Quantity
#       unit: !astropy.units.Unit {unit: mas / yr}
#       value: !astropy.table.SerializedColumn {name: pm_dec}
#     pm_ra_cosdec:
#       __class__: astropy.units.quantity.Quantity
#       unit: !astropy.units.Unit {unit: mas / yr}
#       value: !astropy.table.SerializedColumn {name: pm_ra_cosdec}
#     ra:
#       __class__: astropy.coordinates.angles.Longitude
#       unit: *id001
#       value: !astropy.table.SerializedColumn {name: ra}
#       wrap_angle: !astropy.coordinates.Angle
#         unit: *id001
#         value: 360.0
#     radial_velocity:
#       __class__: astropy.units.quantity.Quantity
#       unit: !astropy.units.Unit {unit: km / s}
#       value: !astropy.table.SerializedColumn {name: radial_velocity}
# schema: astropy-2.0
ra,dec,distance,pm_ra_cosdec,pm_dec,radial_velocity
52.24642794854734,-2.907488415755529,0.9999999999999996,-16.541719622590875,-37.18614606470739,206.33662751017323
52.2565450930764,-2.9077969565544897,0.9999999999999996,-16.566539412349464,-37.200099252957756,206.22863316944674
52.266662222086424,-2.9081048416627606,0.9999999999999994,-16.591344216870432,-37.21404264035436,206.12071674323877
52.27677933556683,-2.9084120712686694,0.9999999999999994,-16.61613403964296,-37.227976228924085,206.01287821377235
52.286896433507074,-2.90871864556055,0.9999999999999996,-16.64090888415609,-37.24190002069398,205.9051175632707
52.29701351589639,-2.9090245647267414,0.9999999999999997,-16.66566875389873,-37.255814017691385,205.79743477395638
52.307130582724305,-2.909329828955582,0.9999999999999998,-16.69041365235971,-37.26971822194366,205.6898298280523
52.3172476339801,-2.9096344384354165,0.9999999999999997,-16.715143583027647,-37.2836126354785,205.5823027077817
52.32736466965328,-2.909938393354585,0.9999999999999994,-16.739858549391066,-37.297497260323674,205.47485339536715
52.33748168973315,-2.9102416939014373,0.9999999999999994,-16.764558554938382,-37.31137209850719,205.36748187303198
52.34759869420928,-2.9105443402643214,0.9999999999999994,-16.789243603157907,-37.32523715205721,205.26018812299878
52.35771568307098,-2.9108463326315905,0.9999999999999997,-16.813913697537735,-37.33909242300208,205.15297212749093
52.367832656307826,-2.9111476711915985,0.9999999999999997,-16.83856884156595,-37.35293791337034,205.0458338687309
52.37794961390911,-2.9114483561327047,0.9999999999999996,-16.863209038730414,-37.366773625190746,204.9387733289418
52.38806655586446,-2.9117483876432644,0.9999999999999994,-16.887834292518914,-37.38059956049216,204.8317904903467
52.39818348216324,-2.9120477659116433,0.9999999999999996,-16.91244460641909,-37.39441572130366,204.7248853351685
52.408300392795034,-2.9123464911262036,0.9999999999999996,-16.937039983918424,-37.40822210965455,204.61805784562986
52.41841728774922,-2.912644563475315,0.9999999999999996,-16.961620428504354,-37.42201872757425,204.5113080039541
52.42853416701544,-2.912941983147344,0.9999999999999996,-16.986185943664122,-37.4358055770924,204.4046357923641
52.438651030583074,-2.913238750330667,0.9999999999999996,-17.010736532884827,-37.44958266023881,204.29804119308247
52.44876787844176,-2.9135348652136535,0.9999999999999994,-17.035272199653523,-37.46334997904349,204.19152418833244
52.45888471058093,-2.9138303279846847,0.9999999999999997,-17.059792947457076,-37.47710753553659,204.08508476033688
52.469001526990226,-2.914125138832138,0.9999999999999993,-17.08429877978224,-37.49085533174851,203.97872289131877
52.4791183276591,-2.9144192979443986,0.9999999999999996,-17.108789700115608,-37.50459336970976,203.87243856350108
52.48923511257725,-2.914712805509846,0.9999999999999996,-17.13326571194373,-37.51832165145109,203.76623175910657
52.49935188173409,-2.915005661716874,0.9999999999999996,-17.157726818752902,-37.53204017900337,203.66010246035847
52.50946863511937,-2.9152978667538645,0.9999999999999997,-17.18217302402944,-37.54574895439772,203.55405064947942
52.51958537272252,-2.915589420809218,0.9999999999999994,-17.206604331259427,-37.559447979665414,203.44807630869246
52.529702094533214,-2.9158803240713245,0.9999999999999996,-17.231020743928852,-37.57313725683788,203.34217942022056
52.539818800541134,-2.91617057672858,0.9999999999999996,-17.25542226552358,-37.58681678794678,203.23635996628673
52.549935490735834,-2.916460178969387,0.9999999999999996,-17.27980889952933,-37.60048657502394,203.13061792911375
52.56005216510689,-2.9167491309821476,0.9999999999999996,-17.30418064943173,-37.61414662010136,203.02495329092483
52.570168823643996,-2.9170374329552673,0.9999999999999997,-17.32853751871621,-37.627796925211186,202.91936603394254
52.580285466336875,-2.917325085077149,0.9999999999999994,-17.35287951086818,-37.64143749238582,202.8138561403901
52.590402093175044,-2.917612087536207,0.9999999999999996,-17.37720662937283,-37.6550683236578,202.70842359249033
52.60051870414831,-2.917898440520852,0.9999999999999996,-17.40151887771526,-37.66868942105987,202.60306837246628
52.61063529924624,-2.9181841442194987,0.9999999999999994,-17.42581625938044,-37.682300786624914,202.49779046254056
52.62075187845863,-2.9184691988205635,0.9999999999999996,-17.450098777853217,-37.69590242238607,202.3925898449365
52.63086844177506,-2.9187536045124687,0.9999999999999996,-17.474366436618297,-37.709494330376586,202.28746650187693
52.640984989185355,-2.9190373614836336,0.9999999999999994,-17.498619239160252,-37.72307651262994,202.18242041558486
52.651101520679106,-2.919320469922485,0.9999999999999997,-17.522857188963535,-37.73664897117976,202.07745156828292
52.66121803624618,-2.919602930017448,0.9999999999999996,-17.54708028951252,-37.750211708059894,201.97255994219444
52.6713345358762,-2.919884741956956,0.9999999999999996,-17.571288544291395,-37.76376472530433,201.86774551954204
52.68145101955899,-2.9201659059294385,0.9999999999999994,-17.595481956784198,-37.77730802494726,201.7630082825488
52.69156748728424,-2.920446422123331,0.9999999999999996,-17.61966053047494,-37.790841609023076,201.65834821343773
52.70168393904179,-2.9207262907270692,0.9999999999999996,-17.643824268847357,-37.80436547956631,201.5537652944316
52.71180037482134,-2.9210055119290965,0.9999999999999994,-17.667973175385228,-37.81787963861173,201.4492595077535
52.72191679461275,-2.92128408591785,0.9999999999999996,-17.69210725357204,-37.831384088194234,201.34483083562637
52.732033198405745,-2.9215620128817803,0.9999999999999996,-17.716226506891307,-37.84487883034893,201.24047926027305
52.74214958619019,-2.92183929300933,0.9999999999999996,-17.74033093882628,-37.85836386711111,201.13620476391654
52.75226595795584,-2.9221159264889507,0.9999999999999994,-17.76442055286018,-37.87183920051625,201.03200732877977
52.76238231369259,-2.9223919135090934,0.9999999999999996,-17.788495352476033,-37.885304832599985,200.92788693708562
52.772498653390194,-2.922667254258216,0.9999999999999996,-17.812555341156795,-37.89876076539814,200.8238435710571
52.782614977038584,-2.9229419489247714,0.9999999999999996,-17.836600522385247,-37.91220700094677,200.71987721291714
52.79273128462751,-2.923215997697224,0.9999999999999996,-17.860630899644036,-37.925643541282035,200.61598784488874
52.802847576146945,-2.9234894007640295,0.9999999999999994,-17.884646476415746,-37.93907038844034,200.5121754491947
52.81296385158666,-2.92376215831366,0.9999999999999996,-17.908647256182796,-37.95248754445822,200.408440008058
52.823080110936566,-2.9240342705345785,0.9999999999999996,-17.932633242427464,-37.96589501137246,200.30478150370175
52.83319635418663,-2.924305737615254,0.9999999999999997,-17.956604438631885,-37.97929279121997,200.20119991834872
52.8433125813267,-2.92457655974416,0.9999999999999998,-17.980560848278124,-37.99268088603786,200.09769523422176
52.85342879234663,-2.9248467371097724,0.9999999999999996,-18.004502474848096,-38.00605929786345,199.99426743354405
52.86354498723638,-2.925116269900567,0.9999999999999993,-18.028429321823534,-38.019428028734175,199.89091649853845
52.87366116598596,-2.925385158305021,0.9999999999999996,-18.052341392686134,-38.032787080687704,199.7876424114277
52.883777328585175,-2.925653402511621,0.9999999999999996,-18.0762386909174,-38.04613645576191,199.68444515443502
52.89389347502411,-2.925921002708848,0.9999999999999997,-18.10012121999873,-38.05947615599479,199.58132470978316
52.904009605292586,-2.9261879590851914,0.9999999999999997,-18.123988983411394,-38.07280618342454,199.4782810596953
52.914125719380706,-2.9264542718291375,0.9999999999999996,-18.147841984636532,-38.086126540089595,199.3753141863941
52.92424181727833,-2.926719941129184,0.9999999999999994,-18.171680227155143,-38.0994372280285,199.27242407210258
52.934357898975556,-2.9269849671738193,0.9999999999999996,-18.195503714448108,-38.11273824928,199.16961069904383
52.94447396446226,-2.9272493501515453,0.9999999999999994,-18.219312449996224,-38.12602960588305,199.06687404944057
52.95459001372858,-2.9275130902508564,0.9999999999999996,-18.243106437280076,-38.13931129987675,198.96421410551585
52.964706046764405,-2.92777618766026,0.9999999999999997,-18.266885679780177,-38.15258333330043,198.86163084949263
52.974822063559884,-2.9280386425682563,0.9999999999999996,-18.29065018097694,-38.16584570819356,198.75912426359383
52.984938064104945,-2.9283004551633556,0.9999999999999993,-18.31439994435055,-38.17909842659582,198.65669433004237
52.995054048389726,-2.928561625634063,0.9999999999999996,-18.338134973381166,-38.19234149054704,198.55434103106117
53.005170016404186,-2.9288221541688935,0.9999999999999994,-18.361855271548734,-38.20557490208728,198.45206434887325
53.01528596813849,-2.9290820409563607,0.9999999999999996,-18.38556084233315,-38.21879866325671,198.34986426570157
53.025401903582626,-2.929341286184983,0.9999999999999994,-18.409251689214166,-38.2320127760958,198.2477407637689
53.03551782272676,-2.929599890043276,0.9999999999999996,-18.432927815671363,-38.24521724264507,198.14569382529825
53.0456337255609,-2.9298578527197656,0.9999999999999994,-18.45658922518421,-38.25841206494532,198.04372343251268
53.05574961207524,-2.9301151744029723,0.9999999999999994,-18.480235921232087,-38.27159724503748,197.94182956763504
53.0658654822598,-2.9303718552814266,0.9999999999999994,-18.5038679072942,-38.28477278496269,197.84001221288827
53.07598133610475,-2.9306278955436547,0.9999999999999994,-18.527485186849603,-38.297938686762244,197.73827135049524
53.086097173600265,-2.9308832953781883,0.9999999999999996,-18.551087763377346,-38.31109495247766,197.63660696267908
53.09621299473646,-2.931138054973562,0.9999999999999996,-18.57467564035621,-38.324241584150606,197.53501903166253
53.106328799503416,-2.9313921745183156,0.9999999999999997,-18.598248821264942,-38.33737858382293,197.43350753966862
53.116444587891344,-2.9316456542009846,0.9999999999999996,-18.6218073095821,-38.3505059535367,197.33207246892027
53.12656035989048,-2.9318984942101096,0.9999999999999996,-18.64535110878616,-38.36362369533413,197.23071380164043
53.13667611549095,-2.932150694734237,0.9999999999999997,-18.668880222355426,-38.37673181125763,197.1294315200521
53.14679185468287,-2.9324022559619145,0.9999999999999996,-18.69239465376809,-38.38983030334978,197.0282256063782
53.15690757745652,-2.932653178081688,0.9999999999999994,-18.715894406502265,-38.40291917365337,196.9270960428415
53.16702328380215,-2.9329034612821094,0.9999999999999994,-18.739379484035872,-38.41599842421135,196.8260428116653
53.17713897370989,-2.9331531057517353,0.9999999999999994,-18.76284988984672,-38.429068057066885,196.725065895072
53.18725464717006,-2.9334021116791185,0.9999999999999996,-18.786305627412517,-38.442128074263245,196.62416527528507
53.197370304172786,-2.93365047925282,0.9999999999999996,-18.809746700210816,-38.455178477843944,196.52334093452708
53.20748594470844,-2.9338982086614003,0.9999999999999996,-18.83317311171903,-38.46821926985274,196.42259285502115
53.217601568767144,-2.9341453000934243,0.9999999999999994,-18.856584865414483,-38.48125045233342,196.3219210189904
53.227717176339304,-2.9343917537374558,0.9999999999999994,-18.879981964774345,-38.49427202733008,196.22132540865735
53.23783276741508,-2.9346375697820672,0.9999999999999994,-18.90336441327566,-38.50728399688694,196.1208060062452
53.24794834198487,-2.934882748415825,0.9999999999999994,-18.926732214395365,-38.520286363048456,196.0203627939768
53.258063900038856,-2.935127289827307,0.9999999999999998,-18.950085371610257,-38.53327912785917,195.91999575407522
53.268179441567455,-2.935371194205087,0.9999999999999996,-18.973423888396972,-38.54626229336391,195.81970486876327
53.27829496656086,-2.935614461737745,0.9999999999999997,-18.996747768232055,-38.559235861607625,195.7194901202639
53.28841047500952,-2.9358570926138596,0.9999999999999997,-19.02005701459193,-38.57219983463548,195.6193514908001
53.29852596690367,-2.9360990870220176,0.9999999999999996,-19.043351630952845,-38.585154214492775,195.5192889625949
53.30864144223374,-2.936340445150801,0.9999999999999994,-19.066631620791,-38.59809900322505,195.419302517871
53.31875690098998,-2.936581167188803,0.9999999999999996,-19.08989698758237,-38.61103420287801,195.31939213885147
53.32887234316289,-2.9368212533246085,0.9999999999999997,-19.113147734802883,-38.62395981549753,195.21955780775934
53.338987768742705,-2.9370607037468175,0.9999999999999994,-19.136383865928316,-38.636875843129694,195.1197995068174
53.349103177719925,-2.93729951864402,0.9999999999999993,-19.159605384434276,-38.64978228782073,195.02011721824866
53.359218570084835,-2.9375376982048182,0.9999999999999993,-19.182812293796296,-38.66267915161704,194.92051092427604
53.3693339458279,-2.93777524261781,0.9999999999999996,-19.20600459748973,-38.67556643656525,194.82098060712252
53.37944930493956,-2.938012152071599,0.9999999999999996,-19.22918229898989,-38.6884441447122,194.72152624901105
53.38956464741021,-2.9382484267547917,0.9999999999999996,-19.252345401771848,-38.70131227810482,194.62214783216447
53.39967997323023,-2.9384840668559957,0.9999999999999996,-19.27549390931064,-38.71417083879028,194.52284533880564
53.409795282390085,-2.9387190725638237,0.9999999999999994,-19.29862782508113,-38.72701982881596,194.42361875115787
53.419910574880305,-2.938953444066884,0.9999999999999993,-19.321747152558046,-38.739859250229365,194.32446805144374
53.430025850691294,-2.939187181553794,0.9999999999999994,-19.344851895216014,-38.75268910507818,194.22539322188638
53.440141109813446,-2.939420285213174,0.9999999999999996,-19.36794205652951,-38.76550939541032,194.12639424470876
53.45025635223731,-2.9396527552336433,0.9999999999999994,-19.39101763997292,-38.77832012327385,194.0274711021336
53.46037157795345,-2.9398845918038212,0.9999999999999996,-19.414078649020453,-38.791121290717044,193.9286237763839
53.470486786952215,-2.9401157951123373,0.9999999999999996,-19.43712508714622,-38.80391289978834,193.82985224968277
53.480601979224254,-2.9403463653478155,0.9999999999999996,-19.460156957824193,-38.816694952536345,193.731156504253
53.490717154759956,-2.940576302698891,0.9999999999999994,-19.483174264528234,-38.8294674510099,193.63253652231762
53.500832313549964,-2.940805607354188,0.9999999999999996,-19.506177010732017,-38.84223039725795,193.53399228609965
53.51094745558471,-2.941034279502351,0.9999999999999993,-19.52916519990916,-38.854983793329694,193.43552377782174
53.52106258085484,-2.9412623193320107,0.9999999999999997,-19.552138835533118,-38.867727641274485,193.33713097970707
53.53117768935081,-2.9414897270318114,0.9999999999999997,-19.575097921077237,-38.880461943141874,193.2388138739785
53.5412927810633,-2.9417165027903915,0.9999999999999997,-19.598042460014735,-38.89318670098155,193.14057244285894
53.55140785598277,-2.941942646796399,0.9999999999999994,-19.62097245581867,-38.905901916843476,193.04240666857132
53.56152291409991,-2.9421681592384785,0.9999999999999997,-19.64388791196197,-38.91860759277766,192.9443165333387
53.57163795540521,-2.942393040305283,0.9999999999999994,-19.666788831917508,-38.93130373083444,192.84630201938398
53.58175297988938,-2.9426172901854595,0.9999999999999996,-19.68967521915791,-38.94399033306422,192.74836310893005
53.59186798754293,-2.942840909067669,0.9999999999999996,-19.712547077155794,-38.95666740151767,192.65049978419995
53.601982978356595,-2.9430638971405623,0.9999999999999996,-19.735404409383573,-38.9693349382456,192.55271202741636
53.61209795232088,-2.943286254592804,0.9999999999999994,-19.75824721931356,-38.981992945299,192.4549998208025
53.622212909426565,-2.9435079816130516,0.9999999999999996,-19.781075510417935,-38.994641424729075,192.35736314658124
53.63232784966418,-2.943729078389974,0.9999999999999996,-19.80388928616874,-39.00728037858719,192.25980198697536
53.64244277302448,-2.943949545112232,0.9999999999999996,-19.82668855003792,-39.01990980892486,192.16231632420798
53.65255767949806,-2.9441693819685004,0.9999999999999996,-19.849473305497234,-39.032529717793864,192.06490614050213
