galstreams/tracks/track.st.OmegaCen-Fimbulthul.sollima2020.ecsv
# %ECSV 1.0
# ---
# datatype:
# - {name: ra, unit: deg, datatype: float64}
# - {name: dec, unit: deg, datatype: float64}
# - {name: distance, unit: kpc, datatype: float64}
# - {name: pm_ra_cosdec, unit: mas / yr, datatype: float64}
# - {name: pm_dec, unit: mas / yr, datatype: float64}
# - {name: radial_velocity, unit: km / s, datatype: float64}
# delimiter: ','
# meta: !!omap
# - __serialized_columns__:
#     dec:
#       __class__: astropy.coordinates.angles.Latitude
#       unit: &id001 !astropy.units.Unit {unit: deg}
#       value: !astropy.table.SerializedColumn {name: dec}
#     distance:
#       __class__: astropy.coordinates.distances.Distance
#       unit: !astropy.units.Unit {unit: kpc}
#       value: !astropy.table.SerializedColumn {name: distance}
#     pm_dec:
#       __class__: astropy.units.quantity.Quantity
#       unit: !astropy.units.Unit {unit: mas / yr}
#       value: !astropy.table.SerializedColumn {name: pm_dec}
#     pm_ra_cosdec:
#       __class__: astropy.units.quantity.Quantity
#       unit: !astropy.units.Unit {unit: mas / yr}
#       value: !astropy.table.SerializedColumn {name: pm_ra_cosdec}
#     ra:
#       __class__: astropy.coordinates.angles.Longitude
#       unit: *id001
#       value: !astropy.table.SerializedColumn {name: ra}
#       wrap_angle: !astropy.coordinates.Angle
#         unit: *id001
#         value: 360.0
#     radial_velocity:
#       __class__: astropy.units.quantity.Quantity
#       unit: !astropy.units.Unit {unit: km / s}
#       value: !astropy.table.SerializedColumn {name: radial_velocity}
# schema: astropy-2.0
ra,dec,distance,pm_ra_cosdec,pm_dec,radial_velocity
[from data line 233]
198.93687956438163,-46.38271121309259,5.425999999999997,0.0,0.0,-0.0
198.94848238507367,-46.38872197137099,5.4259999999999975,0.0,0.0,-0.0
198.96008731932838,-46.39473205045046,5.425999999999997,0.0,0.0,-0.0
198.9716944319059,-46.40074137847982,5.425999999999997,0.0,0.0,-0.0
198.98330378711717,-46.406749884046974,5.425999999999997,0.0,0.0,-0.0
198.99491544882585,-46.412757496177385,5.4259999999999975,0.0,0.0,-0.0
199.00652948044979,-46.41876414433266,5.4259999999999975,0.0,0.0,-0.0
199.0181459449627,-46.424769758409134,5.425999999999997,0.0,0.0,-0.0
199.02976490489596,-46.430774268736435,5.4259999999999975,0.0,0.0,-0.0
199.04138642234,-46.43677760607599,5.425999999999997,0.0,0.0,-0.0
199.05301055894626,-46.442779701619656,5.425999999999997,0.0,0.0,-0.0
199.06463737592867,-46.44878048698822,5.4259999999999975,0.0,0.0,-0.0
199.0762669340652,-46.454779894230015,5.4259999999999975,0.0,0.0,-0.0
199.0878992936998,-46.4607778558194,5.425999999999997,0.0,0.0,-0.0
199.09953451474374,-46.4667743046554,5.425999999999997,0.0,0.0,-0.0
199.11117265667747,-46.472769174060204,5.425999999999997,0.0,0.0,-0.0
199.12281377855206,-46.47876239777772,5.425999999999997,0.0,0.0,-0.0
199.1344579389911,-46.484753909972156,5.425999999999997,0.0,0.0,-0.0
199.146105196192,-46.49074364522656,5.425999999999997,0.0,0.0,-0.0
199.15775560792804,-46.49673153854134,5.425999999999996,0.0,0.0,-0.0
199.16940923154957,-46.502717525332855,5.425999999999997,0.0,0.0,-0.0
199.18106612398597,-46.508701541431925,5.425999999999997,0.0,0.0,-0.0
199.19272634174712,-46.514683523082425,5.425999999999997,0.0,0.0,-0.0
199.20438994092498,-46.52066340693978,5.425999999999997,0.0,0.0,-0.0
199.21605697719545,-46.52664113006954,5.425999999999997,0.0,0.0,-0.0
199.2277275058198,-46.5326166299459,5.425999999999997,0.0,0.0,-0.0
199.2394015816462,-46.53858984445028,5.4259999999999975,0.0,0.0,-0.0
199.2510792591117,-46.544560711869806,5.425999999999997,0.0,0.0,-0.0
199.26276059224344,-46.55052917089591,5.425999999999997,0.0,0.0,-0.0
199.2744456346606,-46.556495160622845,5.425999999999997,0.0,0.0,-0.0
199.2861344395758,-46.56245862054623,5.425999999999996,0.0,0.0,-0.0
199.2978270597968,-46.568419490561546,5.425999999999997,0.0,0.0,-0.0
199.3095235477281,-46.57437771096273,5.425999999999997,0.0,0.0,-0.0
199.32122395537263,-46.58033322244068,5.425999999999997,0.0,0.0,-0.0
199.3329283343332,-46.586285966081796,5.4259999999999975,0.0,0.0,-0.0
199.34463673581425,-46.5922358833665,5.425999999999997,0.0,0.0,-0.0
199.35634921062342,-46.598182916167794,5.425999999999997,0.0,0.0,-0.0
199.36806580917312,-46.60412700674975,5.425999999999997,0.0,0.0,-0.0
199.37978658148216,-46.610068097766096,5.425999999999997,0.0,0.0,-0.0
199.39151157717743,-46.6160061322587,5.425999999999997,0.0,0.0,-0.0
199.4032408454954,-46.6219410536561,5.425999999999997,0.0,0.0,-0.0
199.41497443528368,-46.627872805772064,5.425999999999997,0.0,0.0,-0.0
199.42671239500282,-46.63380133280406,5.425999999999997,0.0,0.0,-0.0
199.43845477272774,-46.63972657933185,5.425999999999997,0.0,0.0,-0.0
199.45020161614934,-46.64564849031597,5.4259999999999975,0.0,0.0,-0.0
199.4619529725762,-46.65156701109624,5.425999999999997,0.0,0.0,-0.0
199.47370888893613,-46.657482087390356,5.425999999999997,0.0,0.0,-0.0
199.4854694117777,-46.66339366529231,5.425999999999997,0.0,0.0,-0.0
199.4972345872719,-46.669301691270995,5.425999999999997,0.0,0.0,-0.0
199.5090044612137,-46.675206112168674,5.425999999999997,0.0,0.0,-0.0
199.52077907902373,-46.68110687519953,5.425999999999997,0.0,0.0,-0.0
199.53255848574977,-46.68700392794818,5.4259999999999975,0.0,0.0,-0.0
199.54434272606835,-46.69289721836817,5.425999999999997,0.0,0.0,-0.0
199.55613184428637,-46.69878669478049,5.425999999999997,0.0,0.0,-0.0
199.5679258843428,-46.70467230587213,5.4259999999999975,0.0,0.0,-0.0
199.57972488980994,-46.71055400069453,5.425999999999997,0.0,0.0,-0.0
199.5915289038954,-46.716431728662165,5.425999999999997,0.0,0.0,-0.0
199.6033379694435,-46.72230543955099,5.425999999999997,0.0,0.0,-0.0
199.6151521289367,-46.728175083497,5.425999999999997,0.0,0.0,-0.0
199.62697142449755,-46.73404061099471,5.4259999999999975,0.0,0.0,-0.0
199.6387958978899,-46.73990197289568,5.4259999999999975,0.0,0.0,-0.0
199.6506255905208,-46.745759120407016,5.425999999999997,0.0,0.0,-0.0
199.66246054344185,-46.75161200508988,5.425999999999997,0.0,0.0,-0.0
199.67430079735084,-46.757460578857994,5.425999999999997,0.0,0.0,-0.0
199.68614639259343,-46.763304793976175,5.425999999999997,0.0,0.0,-0.0
199.69799736916457,-46.76914460305876,5.425999999999997,0.0,0.0,-0.0
199.70985376671027,-46.77497995906821,5.4259999999999975,0.0,0.0,-0.0
199.72171562452897,-46.78081081531356,5.425999999999998,0.0,0.0,-0.0
199.73358298157328,-46.7866371254489,5.4259999999999975,0.0,0.0,-0.0
199.74545587645144,-46.79245884347191,5.4259999999999975,0.0,0.0,-0.0
199.75733434742904,-46.79827592372241,5.4259999999999975,0.0,0.0,-0.0
199.7692184324304,-46.804088320880716,5.425999999999998,0.0,0.0,-0.0
199.78110816904027,-46.809895989966286,5.4259999999999975,0.0,0.0,-0.0
199.79300359450545,-46.81569888633614,5.4259999999999975,0.0,0.0,-0.0
199.8049047457362,-46.821496965683394,5.425999999999997,0.0,0.0,-0.0
199.816811659308,-46.82729018403571,5.4259999999999975,0.0,0.0,-0.0
199.82872437146293,-46.83307849775383,5.425999999999998,0.0,0.0,-0.0
199.8406429181114,-46.83886186353007,5.4259999999999975,0.0,0.0,-0.0
199.85256733483365,-46.84464023838679,5.425999999999997,0.0,0.0,-0.0
199.86449765688127,-46.85041357967491,5.425999999999998,0.0,0.0,-0.0
199.87643391917888,-46.85618184507238,5.4259999999999975,0.0,0.0,-0.0
199.88837615632565,-46.8619449925827,5.4259999999999975,0.0,0.0,-0.0
199.90032440259685,-46.867702980533394,5.425999999999998,0.0,0.0,-0.0
199.91227869194537,-46.873455767574484,5.425999999999997,0.0,0.0,-0.0
199.9242390580034,-46.879203312677014,5.425999999999997,0.0,0.0,-0.0
199.93620553408388,-46.884945575131496,5.425999999999998,0.0,0.0,-0.0
199.94817815318225,-46.89068251454643,5.4259999999999975,0.0,0.0,-0.0
199.9601569479777,-46.89641409084678,5.425999999999998,0.0,0.0,-0.0
199.9721419508351,-46.902140264272475,5.425999999999998,0.0,0.0,-0.0
199.98413319380623,-46.90786099537685,5.4259999999999975,0.0,0.0,-0.0
199.99613070863157,-46.913576245025176,5.4259999999999975,0.0,0.0,-0.0
200.00813452674177,-46.919285974393105,5.425999999999997,0.0,0.0,-0.0
200.02014467925926,-46.92499014496521,5.4259999999999975,0.0,0.0,-0.0
200.03216119699977,-46.930688718533375,5.4259999999999975,0.0,0.0,-0.0
200.04418411047382,-46.93638165719537,5.4259999999999975,0.0,0.0,-0.0
200.05621344988847,-46.94206892335328,5.425999999999998,0.0,0.0,-0.0
200.0682492451487,-46.947750479711985,5.425999999999998,0.0,0.0,-0.0
200.08029152585905,-46.953426289277644,5.4259999999999975,0.0,0.0,-0.0
200.09234032132514,-46.959096315356184,5.425999999999998,0.0,0.0,-0.0
200.10439566055535,-46.96476052155176,5.4259999999999975,0.0,0.0,-0.0
200.11645757226214,-46.970418871765254,5.4259999999999975,0.0,0.0,-0.0
200.12852608486384,-46.976071330192724,5.4259999999999975,0.0,0.0,-0.0
200.14060122648607,-46.981717861323865,5.425999999999998,0.0,0.0,-0.0
200.15268302496338,-46.98735842994053,5.425999999999998,0.0,0.0,-0.0
200.1647715078407,-46.99299300111518,5.4259999999999975,0.0,0.0,-0.0
200.17686670237498,-46.99862154020934,5.4259999999999975,0.0,0.0,-0.0
200.18896863553678,-47.0042440128721,5.4259999999999975,0.0,0.0,-0.0
200.20107733401167,-47.00986038503855,5.425999999999998,0.0,0.0,-0.0
200.21319282420197,-47.01547062292827,5.4259999999999975,0.0,0.0,-0.0
200.22531513222808,-47.021074693043815,5.4259999999999975,0.0,0.0,-0.0
200.2374442839303,-47.026672562169146,5.4259999999999975,0.0,0.0,-0.0
200.24958030487022,-47.03226419736812,5.4259999999999975,0.0,0.0,-0.0
200.26172322033216,-47.03784956598295,5.425999999999997,0.0,0.0,-0.0
200.27387305532505,-47.04342863563267,5.4259999999999975,0.0,0.0,-0.0
200.28602983458364,-47.04900137421159,5.425999999999998,0.0,0.0,-0.0
200.29819358257026,-47.054567749887816,5.425999999999998,0.0,0.0,-0.0
200.31036432347628,-47.06012773110161,5.425999999999999,0.0,0.0,-0.0
200.3225420812237,-47.065681286563944,5.4259999999999975,0.0,0.0,-0.0
200.33472687946676,-47.071228385254926,5.425999999999999,0.0,0.0,-0.0
200.34691874159319,-47.07676899642223,5.425999999999998,0.0,0.0,-0.0
200.3591176907262,-47.08230308957965,5.425999999999999,0.0,0.0,-0.0
200.3713237497257,-47.087830634505444,5.425999999999998,0.0,0.0,-0.0
200.38353694118993,-47.093351601240855,5.425999999999999,0.0,0.0,-0.0
200.39575728745714,-47.09886596008856,5.4259999999999975,0.0,0.0,-0.0
200.4079848106069,-47.10437368161116,5.425999999999998,0.0,0.0,-0.0
200.4202195324618,-47.10987473662952,5.425999999999998,0.0,0.0,-0.0
200.43246147458902,-47.115369096221414,5.4259999999999975,0.0,0.0,-0.0
200.44471065830174,-47.120856731719776,5.425999999999999,0.0,0.0,-0.0
200.4569671046608,-47.1263376147113,5.4259999999999975,0.0,0.0,-0.0
200.46923083447618,-47.13181171703482,5.425999999999999,0.0,0.0,-0.0
200.4815018683086,-47.1372790107798,5.425999999999999,0.0,0.0,-0.0
200.49378022647102,-47.14273946828475,5.425999999999999,0.0,0.0,-0.0
200.50606592903014,-47.14819306213572,5.425999999999999,0.0,0.0,-0.0
200.51835899580803,-47.15363976516468,5.425999999999999,0.0,0.0,-0.0
200.53065944638362,-47.15907955044805,5.425999999999998,0.0,0.0,-0.0
200.5429673000943,-47.1645123913051,5.425999999999999,0.0,0.0,-0.0
200.5552825760373,-47.16993826129642,5.425999999999999,0.0,0.0,-0.0
200.56760529307152,-47.17535713422233,5.425999999999998,0.0,0.0,-0.0
200.57993546981868,-47.18076898412138,5.4259999999999975,0.0,0.0,-0.0
200.5922731246652,-47.186173785268736,5.425999999999998,0.0,0.0,-0.0
200.6046182757636,-47.19157151217466,5.425999999999998,0.0,0.0,-0.0
200.61697094103403,-47.19696213958297,5.425999999999999,0.0,0.0,-0.0
200.6293311381657,-47.20234564246944,5.4259999999999975,0.0,0.0,-0.0
200.6416988846188,-47.207721996040256,5.425999999999998,0.0,0.0,-0.0
200.65407419762548,-47.213091175730476,5.425999999999999,0.0,0.0,-0.0
200.66645709419188,-47.21845315720245,5.425999999999999,0.0,0.0,-0.0
200.67884759109944,-47.22380791634426,5.4259999999999975,0.0,0.0,-0.0
200.6912457049063,-47.22915542926818,5.425999999999998,0.0,0.0,-0.0
200.70365145194924,-47.23449567230907,5.425999999999999,0.0,0.0,-0.0
200.7160648483447,-47.23982862202287,5.426,0.0,0.0,-0.0
200.7284859099908,-47.245154255184985,5.425999999999999,0.0,0.0,-0.0
200.74091465256853,-47.25047254878876,5.425999999999998,0.0,0.0,-0.0
200.7533510915434,-47.25578348004388,5.425999999999998,0.0,0.0,-0.0
200.76579524216703,-47.261087026374845,5.425999999999999,0.0,0.0,-0.0
200.77824711947855,-47.26638316541935,5.425999999999999,0.0,0.0,-0.0
200.7907067383063,-47.271671875026755,5.425999999999999,0.0,0.0,-0.0
200.80317411326916,-47.27695313325653,5.425999999999999,0.0,0.0,-0.0
200.81564925877822,-47.28222691837661,5.425999999999999,0.0,0.0,-0.0
200.82813218903829,-47.287493208861946,5.425999999999999,0.0,0.0,-0.0
200.8406229180494,-47.29275198339281,5.425999999999999,0.0,0.0,-0.0
200.85312145960827,-47.29800322085332,5.425999999999999,0.0,0.0,-0.0
200.86562782731002,-47.30324690032978,5.425999999999999,0.0,0.0,-0.0
200.87814203454948,-47.3084830011092,5.425999999999999,0.0,0.0,-0.0
200.89066409452286,-47.31371150267766,5.425999999999999,0.0,0.0,-0.0
200.90319402022917,-47.31893238471873,5.425999999999999,0.0,0.0,-0.0
200.91573182447186,-47.32414562711193,5.425999999999999,0.0,0.0,-0.0
200.9282775198603,-47.32935120993113,5.426,0.0,0.0,-0.0
200.94083111881116,-47.33454911344302,5.425999999999999,0.0,0.0,-0.0
200.95339263355027,-47.339739318105416,5.425999999999999,0.0,0.0,-0.0
200.96596207611367,-47.34492180456582,5.425999999999999,0.0,0.0,-0.0
200.97853945834967,-47.350096553659746,5.425999999999999,0.0,0.0,-0.0
200.99112479191987,-47.355263546409205,5.426,0.0,0.0,-0.0
201.003718088301,-47.360422764021024,5.425999999999999,0.0,0.0,-0.0
201.01631935878638,-47.36557418788539,5.425999999999999,0.0,0.0,-0.0
201.02892861448728,-47.3707177995742,5.425999999999999,0.0,0.0,-0.0
201.04154586633467,-47.37585358083945,5.425999999999999,0.0,0.0,-0.0
201.05417112508056,-47.38098151361169,5.425999999999999,0.0,0.0,-0.0
201.0668044012996,-47.38610157999845,5.426,0.0,0.0,-0.0
201.0794457053906,-47.391213762282625,5.425999999999999,0.0,0.0,-0.0
201.09209504757794,-47.39631804292091,5.425999999999999,0.0,0.0,-0.0
201.1047524379133,-47.40141440454217,5.425999999999999,0.0,0.0,-0.0
201.11741788627688,-47.40650282994593,5.425999999999999,0.0,0.0,-0.0
201.1300914023792,-47.411583302100674,5.426,0.0,0.0,-0.0
201.14277299576247,-47.416655804142366,5.426,0.0,0.0,-0.0
201.155462675802,-47.42172031937279,5.425999999999999,0.0,0.0,-0.0
201.16816045170796,-47.42677683125798,5.425999999999999,0.0,0.0,-0.0
201.18086633252668,-47.43182532342663,5.426,0.0,0.0,-0.0
201.19358032714226,-47.43686577966848,5.425999999999999,0.0,0.0,-0.0
201.20630244427804,-47.441898183932764,5.426,0.0,0.0,-0.0
201.2190326924981,-47.44692252032655,5.425999999999999,0.0,0.0,-0.0
201.23177108020883,-47.45193877311321,5.426,0.0,0.0,-0.0
201.2445176156604,-47.4569469267108,5.426,0.0,0.0,-0.0
201.25727230694818,-47.46194696569042,5.425999999999999,0.0,0.0,-0.0
201.2700351620144,-47.46693887477468,5.426,0.0,0.0,-0.0
201.28280618864954,-47.47192263883605,5.425999999999999,0.0,0.0,-0.0
201.29558539449383,-47.4768982428953,5.425999999999999,0.0,0.0,-0.0
201.30837278703885,-47.48186567211989,5.426,0.0,0.0,-0.0
201.32116837362892,-47.48682491182232,5.426,0.0,0.0,-0.0
201.33397216146273,-47.49177594745859,5.425999999999999,0.0,0.0,-0.0
201.3467841575946,-47.49671876462656,5.425999999999999,0.0,0.0,-0.0
201.35960436893632,-47.50165334906438,5.425999999999999,0.0,0.0,-0.0
201.37243280225832,-47.50657968664882,5.425999999999999,0.0,0.0,-0.0
201.38526946419137,-47.51149776339374,5.426000000000001,0.0,0.0,-0.0
201.398114361228,-47.516407565448446,5.426000000000001,0.0,0.0,-0.0
201.41096749972405,-47.52130907909604,5.426,0.0,0.0,-0.0
201.42382888590004,-47.52620229075193,5.426,0.0,0.0,-0.0
201.43669852584276,-47.531087186962054,5.426000000000001,0.0,0.0,-0.0
201.44957642550685,-47.53596375440143,5.426000000000001,0.0,0.0,-0.0
201.4624625907161,-47.54083197987244,5.426000000000001,0.0,0.0,-0.0
201.47535702716493,-47.54569185030328,5.426000000000001,0.0,0.0,-0.0
201.4882597404202,-47.550543352746274,5.425999999999999,0.0,0.0,-0.0
201.50117073592227,-47.555386474376355,5.425999999999999,0.0,0.0,-0.0
201.51409001898676,-47.56022120248936,5.426,0.0,0.0,-0.0
201.52701759480604,-47.56504752450049,5.426000000000001,0.0,0.0,-0.0
201.53995346845048,-47.569865427942624,5.426000000000001,0.0,0.0,-0.0
201.55289764487023,-47.57467490046476,5.426,0.0,0.0,-0.0
201.5658501288965,-47.579475929830345,5.426,0.0,0.0,-0.0
201.5788109252431,-47.58426850391571,5.426,0.0,0.0,-0.0
201.59178003850795,-47.589052610708414,5.426,0.0,0.0,-0.0
201.6047574731745,-47.59382823830562,5.426,0.0,0.0,-0.0
201.61774323361328,-47.598595374912506,5.426000000000001,0.0,0.0,-0.0
201.63073732408336,-47.60335400884061,5.426000000000001,0.0,0.0,-0.0
201.64373974873368,-47.608104128506184,5.425999999999999,0.0,0.0,-0.0
201.65675051160483,-47.61284572242867,5.426000000000001,0.0,0.0,-0.0
201.66976961663025,-47.61757877922895,5.425999999999999,0.0,0.0,-0.0
201.68279706763772,-47.62230328762782,5.425999999999999,0.0,0.0,-0.0
201.695832868351,-47.62701923644426,5.426000000000001,0.0,0.0,-0.0
201.70887702239125,-47.63172661459395,5.425999999999999,0.0,0.0,-0.0
201.7219295332783,-47.63642541108749,5.426000000000001,0.0,0.0,-0.0
201.7349904044325,-47.641115615028866,5.426,0.0,0.0,-0.0
201.7480596391757,-47.64579721561377,5.426000000000001,0.0,0.0,-0.0
201.76113724073318,-47.65047020212801,5.426,0.0,0.0,-0.0
201.77422321223477,-47.65513456394587,5.426,0.0,0.0,-0.0
201.78731755671654,-47.659790290528406,5.426000000000001,0.0,0.0,-0.0
