galstreams/tracks/track.st.Orphan-Chenab.ibata2021.ecsv
# %ECSV 1.0
# ---
# datatype:
# - {name: ra, unit: deg, datatype: float64}
# - {name: dec, unit: deg, datatype: float64}
# - {name: distance, unit: kpc, datatype: float64}
# - {name: pm_ra_cosdec, unit: mas / yr, datatype: float64}
# - {name: pm_dec, unit: mas / yr, datatype: float64}
# - {name: radial_velocity, unit: km / s, datatype: float64}
# delimiter: ','
# meta: !!omap
# - __serialized_columns__:
#     dec:
#       __class__: astropy.coordinates.angles.Latitude
#       unit: &id001 !astropy.units.Unit {unit: deg}
#       value: !astropy.table.SerializedColumn {name: dec}
#     distance:
#       __class__: astropy.coordinates.distances.Distance
#       unit: !astropy.units.Unit {unit: kpc}
#       value: !astropy.table.SerializedColumn {name: distance}
#     pm_dec:
#       __class__: astropy.units.quantity.Quantity
#       unit: !astropy.units.Unit {unit: mas / yr}
#       value: !astropy.table.SerializedColumn {name: pm_dec}
#     pm_ra_cosdec:
#       __class__: astropy.units.quantity.Quantity
#       unit: !astropy.units.Unit {unit: mas / yr}
#       value: !astropy.table.SerializedColumn {name: pm_ra_cosdec}
#     ra:
#       __class__: astropy.coordinates.angles.Longitude
#       unit: *id001
#       value: !astropy.table.SerializedColumn {name: ra}
#       wrap_angle: !astropy.coordinates.Angle
#         unit: *id001
#         value: 360.0
#     radial_velocity:
#       __class__: astropy.units.quantity.Quantity
#       unit: !astropy.units.Unit {unit: km / s}
#       value: !astropy.table.SerializedColumn {name: radial_velocity}
# schema: astropy-2.0
ra,dec,distance,pm_ra_cosdec,pm_dec,radial_velocity
[from data line 7707]
173.52138667859484,-32.51807435780218,13.920170606525264,-3.0836083683139113,2.522444831523458,176.50996528139723
173.52511346530557,-32.5276077060983,13.920320287843627,-3.083969769311703,2.522815708250166,176.46543394832577
173.52884042223724,-32.53714116711195,13.920470909121036,-3.0843311428279927,2.5231864372202697,176.42087746891053
173.5325675494707,-32.546674740895504,13.920622470492253,-3.084692488835507,2.5235570183832063,176.37629583885578
173.5362948470869,-32.5562084275014,13.920774972092037,-3.0850538073069744,2.5239274516884143,176.331689053865
173.54002231516682,-32.565742226982074,13.920928414055153,-3.085415098215097,2.524297737085343,176.28705710964206
173.54374995379135,-32.575276139389956,13.921082796516359,-3.0857763615325693,2.524667874523447,176.24240000189084
173.5474777630416,-32.584810164777544,13.92123811961042,-3.086137597232071,2.525037863952184,176.19771772631495
173.55120574299858,-32.5943443031973,13.9213943834721,-3.0864988052862685,2.525407705321024,176.1530102786184
173.55493389374337,-32.60387855470172,13.921551588236158,-3.086859985667817,2.525777398579435,176.10827765450475
173.55866221535712,-32.61341291934334,13.921709734037353,-3.087221138349352,2.5261469436769,176.06351984967802
173.56239070792097,-32.622947397174656,13.921868821010445,-3.087582263303507,2.526516340562904,176.01873685984182
173.56611937151607,-32.63248198824822,13.922028849290202,-3.0879433605028885,2.5268855891869384,175.97392868069997
173.5698482062237,-32.64201669261659,13.922189819011379,-3.0883044299200986,2.5272546894984993,175.9290953079564
173.57357721212512,-32.651551510332354,13.922351730308746,-3.0886654715277246,2.5276236414470903,175.8842367373146
173.57730638930158,-32.661086441448056,13.92251458331706,-3.0890264852983362,2.5279924449822233,175.83935296447876
173.5810357378344,-32.670621486016344,13.92267837817108,-3.0893874712044966,2.5283611000534174,175.7944439851523
173.58476525780495,-32.680156644089806,13.922843115005573,-3.089748429218746,2.5287296066101925,175.7495097950393
173.5884949492946,-32.689691915721085,13.923008793955292,-3.090109359313623,2.5290979646020784,175.7045503898434
173.59222481238487,-32.69922730096282,13.923175415155013,-3.090470261461643,2.5294661739786113,175.65956576526844
173.59595484715712,-32.70876279986768,13.92334297873948,-3.090831135635314,2.529834234689331,175.61455591701818
173.59968505369287,-32.71829841248833,13.923511484843468,-3.091191981807128,2.5302021466837896,175.56952084079632
173.60341543207366,-32.727834138877476,13.923680933601732,-3.09155279994956,2.530569909911538,175.52446053230685
173.607145982381,-32.73736997908784,13.923851325149036,-3.0919135900350803,2.5309375243221384,175.47937498725344
173.61087670469658,-32.746905933172094,13.924022659620144,-3.092274352036137,2.531304989865158,175.43426420133986
173.61460759910196,-32.75644200118301,13.924194937149815,-3.0926350859251706,2.531672306490168,175.38912817027
173.61833866567883,-32.765978183173345,13.924368157872808,-3.092995791674607,2.532039474146752,175.34396688974752
173.6220699045089,-32.775514479195834,13.924542321923886,-3.0933564692568574,2.532406492784492,175.2987803554763
173.62580131567387,-32.785050889303285,13.924717429437813,-3.093717118644319,2.532773362352982,175.25356856316014
173.6295328992555,-32.794587413548484,13.92489348054935,-3.094077739809376,2.53314008280182,175.2083315085029
173.63326465533567,-32.80412405198426,13.925070475393259,-3.0944383327244034,2.5335066540806115,175.16306918720812
173.6369965839961,-32.81366080466342,13.9252484141043,-3.094798897361755,2.533873076138967,175.1177815949798
173.64072868531878,-32.823197671638795,13.925427296817233,-3.095159433693778,2.534239348926503,175.07246872752168
173.64446095938553,-32.83273465296329,13.925607123666826,-3.0955199416928005,2.5346054723928457,175.02713058053746
173.64819340627835,-32.84227174868971,13.925787894787833,-3.095880421331146,2.5349714464876207,174.98176714973107
173.65192602607914,-32.851808958871004,13.925969610315017,-3.096240872581112,2.5353372711604703,174.93637843080626
173.65565881886997,-32.861346283560046,13.926152270383142,-3.0966012954149935,2.535702946361033,174.8909644194668
173.6593917847329,-32.870883722809715,13.926335875126973,-3.096961689805067,2.5360684720389557,174.84552511141652
173.6631249237499,-32.880421276673,13.926520424681264,-3.0973220557235965,2.536433848143898,174.8000605023591
173.6668582360032,-32.889958945202835,13.926705919180781,-3.097682393142831,2.5367990746255207,174.75457058799842
173.67059172157494,-32.899496728452185,13.926892358760284,-3.098042702035011,2.5371641514334904,174.70905536403822
173.67432538054723,-32.90903462647398,13.92707974355454,-3.0984029823723556,2.5375290785174784,174.66351482618245
173.6780592130023,-32.91857263932126,13.927268073698304,-3.0987632341270777,2.537893855827169,174.6179489701347
173.6817932190225,-32.92811076704703,13.927457349326337,-3.0991234572713773,2.53825848331225,174.5723577915988
173.68552739868997,-32.93764900970428,13.927647570573408,-3.09948365177743,2.538622960922411,174.52674128627868
173.68926175208713,-32.94718736734609,13.927838737574266,-3.099843817617411,2.538987288607354,174.48109944987795
173.69299627929632,-32.95672584002547,13.928030850463687,-3.1002039547634763,2.539351466316781,174.4354322781005
173.69673098039988,-32.9662644277955,13.928223909376426,-3.100564063187766,2.539715494000408,174.3897397666501
173.7004658554803,-32.97580313070927,13.928417914447243,-3.1009241428624135,2.5400793716079506,174.3440219112306
173.70420090462002,-32.98534194881987,13.928612865810901,-3.101284193759534,2.540443099089133,174.29827870754556
173.70793612790155,-32.994880882180425,13.928808763602161,-3.1016442158512287,2.5408066763936894,174.25251015129896
173.71167152540738,-33.00441993084404,13.92900560795579,-3.102004209109587,2.5411701034713525,174.2067162381947
173.7154070972201,-33.01395909486386,13.929203399006543,-3.102364173506685,2.541533380271871,174.16089696393638
173.71914284342228,-33.02349837429302,13.929402136889184,-3.102724109014584,2.5418965067449886,174.11505232422797
173.72287876409666,-33.03303776918476,13.929601821738473,-3.1030840156053374,2.5422594828404668,174.06918231477303
173.7266148593258,-33.0425772795922,13.929802453689172,-3.103443893250975,2.542622308508066,174.0232869312754
173.73035112919243,-33.052116905568575,13.930004032876045,-3.1038037419235223,2.542984983697555,173.97736616943897
173.7340875737793,-33.06165664716709,13.930206559433849,-3.1041635615949863,2.543347508358708,173.93142002496748
173.73782419316922,-33.07119650444096,13.930410033497353,-3.104523352237362,2.5437098824413074,173.88544849356484
173.74156098744496,-33.08073647744347,13.930614455201315,-3.1048831138226305,2.544072105895141,173.83945157093467
173.74529795668937,-33.090276566227836,13.930819824680492,-3.105242846322763,2.5444341786700013,173.79342925278084
173.74903510098537,-33.09981677084737,13.931026142069651,-3.105602549709712,2.544796100715692,173.7473815348071
173.75277242041582,-33.109357091355335,13.931233407503553,-3.1059622239554163,2.5451578719820165,173.70130841271728
173.75650991506373,-33.11889752780506,13.93144162111696,-3.1063218690318086,2.5455194924187885,173.6552098822151
173.76024758501208,-33.12843808024986,13.931650783044633,-3.106681484910801,2.5458809619758282,173.60908593900447
173.76398543034384,-33.137978748743066,13.93186089342133,-3.107041071564293,2.5462422806029625,173.56293657878913
173.76772345114216,-33.147519533338034,13.932071952381813,-3.1074006289641765,2.5466034482500213,173.5167617972727
173.77146164749,-33.1570604340881,13.932283960060852,-3.1077601570823186,2.5469644648668424,173.47056159015935
173.77520001947065,-33.1666014510467,13.9324969165932,-3.1081196558905853,2.547325330403273,173.42433595315248
173.7789385671672,-33.1761425842672,13.932710822113622,-3.1084791253608226,2.547686044809163,173.3780848819561
173.7826772906628,-33.18568383380299,13.932925676756877,-3.1088385654648643,2.548046608034368,173.33180837227397
173.78641619004077,-33.19522519970753,13.93314148065773,-3.1091979761745288,2.5484070200287547,173.28550641980982
173.79015526538436,-33.20476668203423,13.93335823395094,-3.109557357461623,2.548767280742189,173.23917902026756
173.79389451677687,-33.21430828083658,13.933575936771271,-3.1099167092979436,2.549127390124551,173.19282616935072
173.79763394430162,-33.22384999616803,13.933794589253484,-3.1102760316552667,2.549487348125721,173.14644786276352
173.80137354804205,-33.23339182808207,13.934014191532338,-3.1106353245053597,2.5498471546955908,173.10004409620925
173.80511332808152,-33.24293377663218,13.934234743742598,-3.110994587819975,2.5502068097840533,173.05361486539212
173.80885328450353,-33.252475841871906,13.934456246019023,-3.111353821570853,2.55056631334101,173.00716016601575
173.81259341739153,-33.26201802385476,13.93467869849638,-3.1117130257297196,2.5509256653163694,172.9606799937838
173.81633372682904,-33.27156032263428,13.93490210130942,-3.1120722002682863,2.551284865660047,172.9141743444003
173.82007421289964,-33.28110273826406,13.935126454592913,-3.112431345158252,2.5516439143219634,172.8676432135689
173.82381487568694,-33.29064527079764,13.935351758481623,-3.1127904603713032,2.5520028112520428,172.82108659699347
173.82755571527454,-33.30018792028862,13.935578013110302,-3.113149545879112,2.552361556400221,172.77450449037764
173.8312967317461,-33.30973068679062,13.935805218613721,-3.113508601653336,2.552720149716438,172.7278968894254
173.83503792518536,-33.31927357035724,13.936033375126634,-3.11386762766562,2.553078591150638,172.68126378984047
173.83877929567606,-33.328816571042125,13.936262482783807,-3.1142266238876,2.553436880652774,172.63460518732649
173.84252084330194,-33.3383596888989,13.936492541720002,-3.1145855902908877,2.553795018172805,172.58792107758762
173.84626256814687,-33.34790292398129,13.936723552069976,-3.1149445268470934,2.554153003660697,172.54121145632718
173.85000447029458,-33.357446276342905,13.936955513968494,-3.1153034335278034,2.5545108370664207,172.49447631924932
173.8537465498291,-33.366989746037476,13.937188427550318,-3.1156623103045993,2.554868518339952,172.44771566205762
173.85748880683428,-33.376533333118715,13.937422292950211,-3.1160211571490444,2.5552260474312773,172.400929480456
173.86123124139405,-33.38607703764031,13.937657110302933,-3.116379974032689,2.5555834242903854,172.35411777014824
173.86497385359246,-33.39562085965607,13.93789287974324,-3.116738760927071,2.555940648867277,172.30728052683807
173.86871664351347,-33.40516479921968,13.938129601405905,-3.1170975178037112,2.5562977211119495,172.26041774622934
173.87245961124123,-33.41470885638494,13.93836727542568,-3.1174562446341256,2.556654640974416,172.21352942402578
173.87620275685978,-33.42425303120562,13.938605901937331,-3.1178149413898075,2.5570114084046898,172.1666155559312
173.87994608045327,-33.43379732373555,13.938845481075617,-3.1181736080422415,2.557368023352798,172.11967613764944
173.8836895821059,-33.44334173402852,13.939086012975302,-3.1185322445628976,2.557724485768764,172.07271116488417
173.88743326190186,-33.45288626213834,13.93932749777115,-3.1188908509232327,2.558080795602624,172.02572063333923
173.89117711992537,-33.46243090811891,13.939569935597916,-3.119249427094687,2.558436952804422,171.97870453871852
173.8949211562608,-33.471975672024016,13.939813326590365,-3.1196079730486943,2.5587929573242003,171.9316628767258
173.89866537099238,-33.48152055390758,13.94005767088326,-3.1199664887566674,2.559148809112016,171.88459564306476
173.9024097642045,-33.491065553823496,13.94030296861136,-3.1203249741900105,2.559504508117933,171.83750283343917
173.9061543359816,-33.50061067182563,13.940549219909428,-3.1206834293201133,2.5598600542920105,171.79038444355288
173.90989908640802,-33.51015590796793,13.940796424912229,-3.1210418541183484,2.560215447584326,171.74324046910985
173.91364401556828,-33.51970126230431,13.941044583754516,-3.1214002485560814,2.560570687944959,171.6960709058136
173.9173891235469,-33.52924673488874,13.941293696571057,-3.121758612604661,2.5609257753239945,171.64887574936805
173.9211344104284,-33.538792325775155,13.941543763496611,-3.1221169462354195,2.5612807096715224,171.60165499547688
173.92487987629738,-33.54833803501757,13.941794784665943,-3.1224752494196806,2.561635490937645,171.55440863984413
173.92862552123842,-33.55788386266995,13.942046760213811,-3.1228335221287518,2.5619901190724645,171.50713667817328
173.93237134533615,-33.56742980878631,13.942299690274979,-3.1231917643339275,2.5623445940260936,171.45983910616843
173.93611734867534,-33.57697587342065,13.942553574984208,-3.1235499760064918,2.5626989157486473,171.41251591953315
173.93986353134065,-33.586522056627054,13.942808414476259,-3.123908157117709,2.563053084190253,171.36516711397127
173.94360989341686,-33.596068358459554,13.943064208885891,-3.1242663076388357,2.563407099301039,171.31779268518665
173.94735643498876,-33.60561477897218,13.943320958347872,-3.124624427541109,2.5637609610311416,171.27039262888303
173.95110315614122,-33.61516131821908,13.94357866299696,-3.124982516795762,2.5641146693307046,171.22296694076408
173.9548500569591,-33.62470797625431,13.943837322967916,-3.125340575374006,2.564468224149876,171.1755156165338
173.95859713752725,-33.63425475313197,13.944096938395502,-3.1256986032470375,2.564821625438813,171.12803865189602
173.96234439793074,-33.643801648906226,13.94435750941448,-3.12605660038605,2.5651748731476776,171.0805360425542
173.9660918382544,-33.65334866363119,13.944619036159612,-3.1264145667622105,2.565527967226637,171.03300778421254
173.9698394585834,-33.662895797361045,13.944881518765655,-3.1267725023466864,2.5658809076258677,170.98545387257442
173.9735872590027,-33.67244305014993,13.945144957367376,-3.1271304071106165,2.5662336942955504,170.93787430334405
173.97733523959747,-33.68199042205206,13.945409352099539,-3.127488281025139,2.5665863271858713,170.89026907222478
173.98108340045275,-33.69153791312162,13.9456747030969,-3.1278461240613695,2.566938806247026,170.8426381749208
173.9848317416538,-33.701085523412814,13.945941010494222,-3.1282039361904186,2.567291131429213,170.7949816071357
173.98858026328577,-33.71063325297992,13.946208274426265,-3.1285617173833726,2.567643302682641,170.7472993645733
173.99232896543396,-33.720181101877124,13.946476495027799,-3.1289194676113152,2.5679953199575216,170.69959144293742
173.9960778481836,-33.72972907015873,13.946745672433572,-3.1292771868453118,2.568347183204075,170.6518578379316
173.99982691162003,-33.739277157878995,13.947015806778357,-3.1296348750564102,2.568698892372526,170.6040985452601
174.00357615582863,-33.748825365092216,13.94728689819691,-3.129992532215654,2.569050447413108,170.5563135606263
174.0073255808948,-33.758373691852704,13.947558946823994,-3.130350158294066,2.56940184827606,170.50850287973424
174.0110751869039,-33.767922138214765,13.94783195279437,-3.130707753262657,2.569753094911624,170.4606664982876
174.01482497394144,-33.77747070423275,13.948105916242804,-3.1310653170924243,2.5701041872700543,170.41280441199027
174.01857494209295,-33.78701938996098,13.948380837304052,-3.1314228497543537,2.5704551253016064,170.36491661654594
174.022325091444,-33.796568195453865,13.948656716112875,-3.1317803512194184,2.5708059089565456,170.31700310765834
174.02607542208014,-33.80611712076576,13.948933552804041,-3.1321378214585742,2.5711565381851433,170.2690638810313
174.02982593408694,-33.81566616595104,13.949211347512302,-3.132495260442761,2.571507012937675,170.22109893236876
174.03357662755013,-33.825215331064136,13.949490100372428,-3.1328526681429167,2.571857333164423,170.17310825737437
174.0373275025554,-33.83476461615948,13.949769811519179,-3.133210044529954,2.572207498815678,170.125091851752
174.04107855918846,-33.84431402129151,13.950050481087318,-3.1335673895747744,2.572557509841735,170.0770497112053
