galstreams/tracks/track.st.C-20.ibata2024.ecsv
# %ECSV 1.0
# ---
# datatype:
# - {name: ra, unit: deg, datatype: float64}
# - {name: dec, unit: deg, datatype: float64}
# - {name: distance, unit: kpc, datatype: float64}
# - {name: pm_ra_cosdec, unit: mas / yr, datatype: float64}
# - {name: pm_dec, unit: mas / yr, datatype: float64}
# - {name: radial_velocity, unit: km / s, datatype: float64}
# delimiter: ','
# meta: !!omap
# - __serialized_columns__:
#     dec:
#       __class__: astropy.coordinates.angles.Latitude
#       unit: &id001 !astropy.units.Unit {unit: deg}
#       value: !astropy.table.SerializedColumn {name: dec}
#     distance:
#       __class__: astropy.coordinates.distances.Distance
#       unit: !astropy.units.Unit {unit: kpc}
#       value: !astropy.table.SerializedColumn {name: distance}
#     pm_dec:
#       __class__: astropy.units.quantity.Quantity
#       unit: !astropy.units.Unit {unit: mas / yr}
#       value: !astropy.table.SerializedColumn {name: pm_dec}
#     pm_ra_cosdec:
#       __class__: astropy.units.quantity.Quantity
#       unit: !astropy.units.Unit {unit: mas / yr}
#       value: !astropy.table.SerializedColumn {name: pm_ra_cosdec}
#     ra:
#       __class__: astropy.coordinates.angles.Longitude
#       unit: *id001
#       value: !astropy.table.SerializedColumn {name: ra}
#       wrap_angle: !astropy.coordinates.Angle
#         unit: *id001
#         value: 360.0
#     radial_velocity:
#       __class__: astropy.units.quantity.Quantity
#       unit: !astropy.units.Unit {unit: km / s}
#       value: !astropy.table.SerializedColumn {name: radial_velocity}
# schema: astropy-2.0
ra,dec,distance,pm_ra_cosdec,pm_dec,radial_velocity
353.197831825051,18.868516002945302,0.9999999999999987,-1.2951061259859014,1.854957035416541,5.204132872220825
353.2033084761939,18.859946196557416,0.9999999999999987,-1.294213794111825,1.8547220984265613,4.842334437623766
353.20878574021634,18.851376971159286,0.9999999999999986,-1.2933220588506924,1.8544867002434737,4.48122218731943
353.2142636156747,18.84280832569787,0.9999999999999988,-1.2924309201922763,1.8542508415508654,4.120795494579709
353.21974210112575,18.834240259120573,0.9999999999999989,-1.291540378126205,1.8540145230323601,3.7610537326767557
353.22522119512627,18.825672770374826,0.9999999999999987,-1.2906504326419563,1.8537777453716227,3.4019962748824932
353.2307008962336,18.817105858408443,0.9999999999999987,-1.2897610837288593,1.8535405092523503,3.04362249446895
353.23618120300506,18.80853952216948,0.9999999999999986,-1.2888723313760961,1.8533028153582802,2.6859317647080165
353.2416621139983,18.799973760606076,0.9999999999999986,-1.2879841755726984,1.8530646643731867,2.3289234588718712
353.2471436277712,18.791408572666803,0.9999999999999988,-1.2870966163075508,1.8528260569808808,1.9725969502324145
353.25262574288183,18.782843957300273,0.9999999999999989,-1.286209653569388,1.85258699386521,1.6169516120616414
353.25810845788857,18.774279913455477,0.9999999999999989,-1.2853232873467981,1.8523474757100589,1.2619868176314954
353.26359177134987,18.765716440081654,0.9999999999999988,-1.2844375176282201,1.852107503199348,0.9077019402141389
353.26907568182463,18.757153536128108,0.9999999999999988,-1.2835523444019428,1.8518670770170338,0.5540963530814493
353.27456018787177,18.748591200544595,0.9999999999999987,-1.2826677676561093,1.8516261978471096,0.2011694295054872
353.28004528805076,18.74002943228089,0.9999999999999988,-1.2817837873787115,1.8513848663736039,-0.15107945724182015
353.28553098092084,18.73146823028717,0.9999999999999987,-1.280900403557596,1.8511430832805824,-0.5026509338884464
353.2910172650419,18.72290759351383,0.9999999999999987,-1.2800176161804606,1.8509008492521444,-0.8535456271623433
353.2965041389738,18.714347520911364,0.9999999999999988,-1.2791354252348521,1.8506581649724247,-1.2037641637915155
353.3019916012767,18.70578801143069,0.9999999999999988,-1.2782538307081717,1.8504150311255962,-1.5533071705040091
353.30747965051114,18.697229064022768,0.9999999999999987,-1.2773728325876705,1.8501714483958636,-1.902175274027854
353.3129682852376,18.688670677638925,0.9999999999999989,-1.2764924308604537,1.849927417467467,-2.250369101090951
353.31845750401703,18.680112851230746,0.9999999999999987,-1.2756126255134772,1.8496829390246825,-2.5978892784213468
353.32394730541057,18.671555583749893,0.9999999999999988,-1.2747334165335467,1.8494380137518203,-2.9447364327470495
353.32943768797935,18.66299887414845,0.9999999999999988,-1.2738548039073236,1.8491926423332234,-3.2909111907960487
353.3349286502852,18.654442721378537,0.9999999999999987,-1.2729767876213178,1.8489468254532733,-3.63641417929641
353.3404201908896,18.645887124392676,0.9999999999999988,-1.2720993676618946,1.8487005637963803,-3.9812460249760133
353.3459123083547,18.637332082143594,0.9999999999999988,-1.271222544015268,1.848453858046991,-4.325407354562923
353.3514050012428,18.62877759358414,0.9999999999999989,-1.2703463166675033,1.848206708889586,-4.66889879478512
353.3568982681162,18.620223657667545,0.9999999999999989,-1.2694706856045237,1.8479591170086787,-5.011720972370695
353.36239210753763,18.611670273347123,0.9999999999999989,-1.2685956508120972,1.8477110830888166,-5.3538745140475035
353.3678865180701,18.60311743957655,0.9999999999999987,-1.2677212122758483,1.8474626078145808,-5.6953600465436
353.37338149827656,18.594565155309727,0.9999999999999988,-1.266847369981255,1.8472136918705826,-6.036178196587026
353.3788770467205,18.58601341950064,0.9999999999999988,-1.2659741239136386,1.8469643359414687,-6.376329590905754
353.38437316196547,18.57746223110373,0.9999999999999989,-1.2651014740581847,1.8467145407119179,-6.715814856227809
353.38986984257525,18.568911589073444,0.9999999999999987,-1.264229420399923,1.8464643068666442,-7.054634619281131
353.39536708711387,18.56036149236463,0.9999999999999989,-1.2633579629237368,1.8462136350903868,-7.392789506793763
353.40086489414557,18.551811939932353,0.9999999999999989,-1.2624871016143646,1.8459625260679242,-7.730280145493695
353.40636326223483,18.543262930731775,0.9999999999999988,-1.261616836456395,1.845710980484065,-8.067107162108949
353.41186218994636,18.534714463718483,0.9999999999999988,-1.2607471674342665,1.8454589990236472,-8.403271183367494
353.41736167584514,18.526166537848095,0.9999999999999989,-1.259878094532272,1.8452065823715436,-8.738772835997313
353.4228617184962,18.517619152076623,0.9999999999999989,-1.259009617734561,1.8449537312126574,-9.073612746726427
353.42836231646487,18.50907230536028,0.9999999999999989,-1.2581417370251309,1.844700446231921,-9.407791542282904
353.4338634683169,18.50052599665542,0.9999999999999987,-1.2572744523878294,1.844446728114303,-9.741309849394623
353.4393651726179,18.491980224918755,0.9999999999999988,-1.2564077638063598,1.8441925775447976,-10.074168294789668
353.44486742793407,18.483434989107092,0.9999999999999988,-1.2555416712642806,1.8439379952084334,-10.406367505195988
353.4503702328316,18.47489028817758,0.9999999999999988,-1.2546761747449962,1.843682981790268,-10.73790810734164
353.4558735858768,18.466346121087614,0.9999999999999988,-1.2538112742317697,1.8434275379753902,-11.068790727954605
353.46137748563655,18.457802486794677,0.9999999999999989,-1.2529469697077145,1.8431716644489202,-11.399015993762847
353.4668819306776,18.44925938425667,0.9999999999999987,-1.2520832611557973,1.8429153618960066,-11.728584531494375
353.4723869195672,18.44071681243154,0.9999999999999989,-1.2512201485588306,1.8426586310018274,-12.057496967877201
353.4778924508726,18.4321747702776,0.9999999999999988,-1.2503576318994942,1.8424014724515945,-12.38575392963939
353.48339852316144,18.423633256753398,0.9999999999999988,-1.2494957111603062,1.8421438869305442,-12.713356043508822
353.48890513500146,18.41509227081758,0.9999999999999987,-1.248634386323643,1.8418858751239484,-13.040303936213544
353.4944122849606,18.406551811429196,0.9999999999999989,-1.2477736573717366,1.8416274377171011,-13.366598234481588
353.49991997160714,18.398011877547347,0.999999999999999,-1.2469135242866707,1.8413685753953324,-13.692239565040994
353.5054281935095,18.3894724681315,0.9999999999999989,-1.2460539870503762,1.841109288843998,-14.017228554619606
353.5109369492362,18.380933582141374,0.999999999999999,-1.245195045644647,1.8408495787484824,-14.34156582994555
353.51644623735626,18.37239521853675,0.999999999999999,-1.2443367000511194,1.8405894457942003,-14.665252017746779
353.5219560564387,18.363857376277835,0.9999999999999991,-1.243478950251287,1.840328890666592,-14.988287744751329
353.5274664050528,18.3553200543249,0.9999999999999991,-1.2426217962265012,1.8400679140511316,-15.310673637687215
353.53297728176807,18.346783251638545,0.999999999999999,-1.2417652379579587,1.839806516633317,-15.632410323282354
353.5384886851542,18.338246967179636,0.999999999999999,-1.2409092754267141,1.8395446990986741,-15.95349842826478
353.5440006137812,18.32971119990912,0.9999999999999989,-1.2400539086136728,1.8392824621327604,-16.273938579362508
353.54951306621905,18.32117594878836,0.9999999999999989,-1.2391991374995979,1.8390198064211565,-16.59373140330356
353.55502604103833,18.31264121277874,0.9999999999999991,-1.2383449620650988,1.8387567326494747,-16.91287752681592
353.56053953680953,18.304106990842058,0.999999999999999,-1.2374913822906422,1.8384932415033532,-17.231377576627565
353.56605355210337,18.295573281940314,0.9999999999999989,-1.236638398156546,1.8382293336684572,-17.549232179466514
353.5715680854909,18.28704008503559,0.999999999999999,-1.235786009642987,1.8379650098304778,-17.86644196206077
353.5770831355433,18.278507399090394,0.999999999999999,-1.23493421672999,1.837700270675136,-18.183007551138314
353.58259870083214,18.269975223067288,0.9999999999999989,-1.2340830193974286,1.837435116888178,-18.498929573427166
353.5881147799289,18.26144355592919,0.9999999999999988,-1.2332324176250435,1.8371695491553754,-18.81420865565529
353.5936313714055,18.252912396639243,0.999999999999999,-1.2323824113924156,1.8369035681625285,-19.128845424550757
353.59914847383396,18.244381744160698,0.9999999999999989,-1.2315330006789893,1.8366371745954644,-19.442840506841495
353.60466608578656,18.235851597457202,0.999999999999999,-1.2306841854640576,1.836370369140033,-19.75619452925555
353.6101842058358,18.227321955492446,0.999999999999999,-1.2298359657267623,1.8361031524821134,-20.068908118520863
353.6157028325544,18.218792817230508,0.999999999999999,-1.228988341446111,1.8358355253076089,-20.380981901365512
353.6212219645152,18.21026418163567,0.999999999999999,-1.2281413126009504,1.8355674883024493,-20.69241650451745
353.6267416002914,18.201736047672327,0.9999999999999989,-1.227294879169997,1.835299042152591,-21.00321255470471
353.6322617384561,18.193208414305264,0.999999999999999,-1.2264490411318087,1.8350301875440116,-21.313370678655247
353.63778237758316,18.18468128049933,0.9999999999999989,-1.225603798464801,1.83476092516272,-21.622891503097065
353.6433035162461,18.176154645219725,0.999999999999999,-1.224759151147242,1.8344912556947448,-21.93177565475822
353.6488251530189,18.167628507431886,0.999999999999999,-1.2239150991572592,1.8342211798261425,-22.240023760366636
353.65434728647574,18.15910286610134,0.999999999999999,-1.223071642472827,1.8339506982429943,-22.54763644665039
353.65986991519094,18.15057772019402,0.999999999999999,-1.222228781071777,1.8336798116314044,-22.85461434033741
353.6653930377391,18.1420530686759,0.999999999999999,-1.2213865149317966,1.8334085206775017,-23.160958068155765
353.67091665269504,18.133528910513334,0.999999999999999,-1.2205448440304205,1.8331368260674414,-23.466668256833373
353.67644075863365,18.125005244672895,0.999999999999999,-1.2197037683450507,1.8328647284874005,-23.77174553309831
353.68196535413017,18.11648207012124,0.9999999999999991,-1.2188632878529297,1.8325922286235818,-24.07619052367853
353.68749043776,18.107959385825446,0.9999999999999991,-1.2180234025311605,1.83231932716221,-24.380003855302043
353.69301600809877,18.099437190752635,0.999999999999999,-1.2171841123566933,1.8320460247895365,-24.683186154696884
353.6985420637222,18.09091548387027,0.9999999999999992,-1.216345417306349,1.8317723221918314,-24.985738048591003
353.70406860320634,18.082394264146085,0.999999999999999,-1.2155073173567887,1.8314982200553938,-25.28766016371243
353.7095956251274,18.073873530547854,0.999999999999999,-1.2146698124845308,1.8312237190665415,-25.58895312678915
353.71512312806186,18.0653532820438,0.9999999999999989,-1.2138329026659458,1.8309488199116168,-25.889617564549184
353.7206511105863,18.05683351760217,0.9999999999999991,-1.2129965878772673,1.8306735232769862,-26.18965410372049
353.72617957127756,18.048314236191576,0.9999999999999991,-1.2121608680945721,1.8303978298490373,-26.489063371031108
353.7317085087126,18.03979543678087,0.999999999999999,-1.211325743293806,1.8301217403141823,-26.787845993208993
353.7372379214687,18.031277118338963,0.9999999999999991,-1.2104912134507586,1.8298452553588513,-27.08600259698224
353.74276780812335,18.022759279835213,0.999999999999999,-1.2096572785410697,1.8295683756695043,-27.38353380907874
353.7482981672541,18.014241920238987,0.9999999999999992,-1.208823938540244,1.829291101932614,-27.680440256226564
353.753828997439,18.005725038520044,0.9999999999999991,-1.2079911934236378,1.8290134348346831,-27.976722565153647
353.75936029725574,17.997208633648352,0.9999999999999992,-1.2071590431664636,1.8287353750622315,-28.272381362588053
353.7648920652829,17.988692704593966,0.9999999999999989,-1.2063274877437853,1.8284569233018053,-28.567417275257768
353.7704243000987,17.98017725032735,0.999999999999999,-1.2054965271305245,1.8281780802399639,-28.86183092989074
353.77595700028195,17.971662269819024,0.9999999999999991,-1.204666161301456,1.827898846563297,-29.155622953215076
353.7814901644113,17.96314776203986,0.999999999999999,-1.2038363902312148,1.8276192229584105,-29.448793971958636
353.787023791066,17.954633725960953,0.9999999999999991,-1.2030072138942796,1.8273392101119323,-29.74134461284955
353.7925578788253,17.946120160553487,0.9999999999999992,-1.2021786322649932,1.827058808710512,-30.033275502615723
353.79809242626845,17.93760706478907,0.9999999999999991,-1.2013506453175533,1.82677801944082,-30.32458726798522
353.8036274319753,17.929094437639318,0.9999999999999991,-1.2005232530260055,1.8264968429895467,-30.615280535686015
353.80916289452557,17.92058227807624,0.9999999999999992,-1.1996964553642657,1.826215280043401,-30.905355932446074
353.8146988124994,17.912070585072065,0.9999999999999992,-1.1988702523060852,1.825933331289117,-31.194814084993478
353.820235184477,17.903559357599086,0.9999999999999991,-1.1980446438250874,1.8256509974134432,-31.483655620056147
353.8257720090387,17.895048594629987,0.9999999999999992,-1.1972196298947455,1.8253682791031522,-31.77188116436212
353.8313092847653,17.886538295137665,0.9999999999999992,-1.1963952104883817,1.8250851770450351,-32.05949134463938
353.83684701023765,17.87802845809509,0.9999999999999991,-1.1955713855791847,1.8248016919259045,-32.346486787615966
353.84238518403663,17.869519082475666,0.9999999999999992,-1.194748155140187,1.8245178244325873,-32.63286812001984
353.84792380474363,17.861010167252815,0.9999999999999992,-1.1939255191442868,1.824233575251936,-32.918635968579004
353.8534628709399,17.852501711400375,0.9999999999999992,-1.1931034775642397,1.823948945070817,-33.203790960021436
353.8590023812073,17.843993713892225,0.9999999999999993,-1.1922820303726405,1.823663934576122,-33.488333721075186
353.86454233412746,17.835486173702613,0.9999999999999992,-1.1914611775419588,1.8233785444547563,-33.772264878468256
353.8700827282825,17.82697908980598,0.9999999999999991,-1.1906409190445064,1.8230927753936446,-34.05558505892862
353.8756235622546,17.818472461176892,0.9999999999999991,-1.1898212548524616,1.822806628079734,-34.33829488918426
353.88116483462613,17.809966286790253,0.9999999999999991,-1.1890021849378507,1.8225201031999843,-34.62039499596319
353.88670654397976,17.80146056562119,0.9999999999999991,-1.1881837092725576,1.8222332014413778,-34.90188600599346
353.89224868889823,17.792955296644923,0.9999999999999992,-1.1873658278283314,1.8219459234909157,-35.182768546002976
353.8977912679646,17.784450478837083,0.9999999999999992,-1.1865485405767535,1.8216582700356159,-35.46304324271982
353.903334279762,17.77594611117332,0.9999999999999992,-1.1857318474892902,1.8213702417625117,-35.742710722871955
353.90887772287385,17.767442192629662,0.9999999999999992,-1.18491574853725,1.8210818393586576,-36.021771613187404
353.91442159588365,17.75893872218236,0.9999999999999992,-1.1841002436917962,1.820793063511124,-36.30022654039409
353.9199658973753,17.750435698807735,0.9999999999999991,-1.1832853329239459,1.8205039149070001,-36.57807613122013
353.9255106259326,17.741933121482525,0.9999999999999992,-1.1824710162045895,1.820214394233389,-36.855321012393425
353.9310557801398,17.733430989183507,0.9999999999999991,-1.181657293504454,1.8199245021774186,-37.13196181064204
353.93660135858124,17.72492930088781,0.9999999999999991,-1.180844164794121,1.8196342394262244,-37.40799915269398
353.94214735984144,17.716428055572788,0.9999999999999992,-1.1800316300440579,1.8193436066669628,-37.683433665277185
353.94769378250516,17.707927252215896,0.9999999999999991,-1.1792196892245557,1.8190526045868112,-37.95826597511969
353.95324062515715,17.69942688979496,0.9999999999999993,-1.1784083423057852,1.8187612338729542,-38.23249670894945
353.9587878863828,17.690926967287872,0.9999999999999991,-1.1775975892577493,1.8184694952126041,-38.50612649349457
353.9643355647672,17.68242748367287,0.9999999999999992,-1.1767874300503403,1.8181773892929798,-38.77915595548294
