galstreams/tracks/track.st.New-15.ibata2024.ecsv
# %ECSV 1.0
# ---
# datatype:
# - {name: ra, unit: deg, datatype: float64}
# - {name: dec, unit: deg, datatype: float64}
# - {name: distance, unit: kpc, datatype: float64}
# - {name: pm_ra_cosdec, unit: mas / yr, datatype: float64}
# - {name: pm_dec, unit: mas / yr, datatype: float64}
# - {name: radial_velocity, unit: km / s, datatype: float64}
# delimiter: ','
# meta: !!omap
# - __serialized_columns__:
#     dec:
#       __class__: astropy.coordinates.angles.Latitude
#       unit: &id001 !astropy.units.Unit {unit: deg}
#       value: !astropy.table.SerializedColumn {name: dec}
#     distance:
#       __class__: astropy.coordinates.distances.Distance
#       unit: !astropy.units.Unit {unit: kpc}
#       value: !astropy.table.SerializedColumn {name: distance}
#     pm_dec:
#       __class__: astropy.units.quantity.Quantity
#       unit: !astropy.units.Unit {unit: mas / yr}
#       value: !astropy.table.SerializedColumn {name: pm_dec}
#     pm_ra_cosdec:
#       __class__: astropy.units.quantity.Quantity
#       unit: !astropy.units.Unit {unit: mas / yr}
#       value: !astropy.table.SerializedColumn {name: pm_ra_cosdec}
#     ra:
#       __class__: astropy.coordinates.angles.Longitude
#       unit: *id001
#       value: !astropy.table.SerializedColumn {name: ra}
#       wrap_angle: !astropy.coordinates.Angle
#         unit: *id001
#         value: 360.0
#     radial_velocity:
#       __class__: astropy.units.quantity.Quantity
#       unit: !astropy.units.Unit {unit: km / s}
#       value: !astropy.table.SerializedColumn {name: radial_velocity}
# schema: astropy-2.0
ra,dec,distance,pm_ra_cosdec,pm_dec,radial_velocity
[from data line 1586]
183.48105702040272,14.091650793931262,1.0000000000000007,3.1535425692644656,-3.5763099194959427,194.42430139689907
183.4917553610702,14.092496947284719,1.0000000000000007,3.1525289395374854,-3.5756638316741682,194.44737475241553
183.50245587433642,14.093330143558832,1.0000000000000007,3.1515157644034804,-3.5750129205586108,194.47052905545777
183.51315856235712,14.094150359544049,1.0000000000000007,3.150503045158937,-3.574357178756707,194.49376442954718
183.52386342728283,14.094957572030193,1.0000000000000004,3.1494907831022405,-3.5736965988759195,194.5170809982054
183.5345704712589,14.095751757806502,1.0000000000000007,3.148478979533674,-3.57303117352376,194.54047888495384
183.54527969642544,14.096532893661593,1.0000000000000004,3.147467635755343,-3.572360895307754,194.563958213314
183.55599110491735,14.097300956383483,1.0000000000000004,3.1464567530713223,-3.5716857568354676,194.58751910680746
183.5667046988643,14.098055922759585,1.0000000000000004,3.145446332787508,-3.571005750714508,194.6111616889558
183.5774204803907,14.098797769576711,1.0000000000000007,3.1444363762117358,-3.5703208695524964,194.63488608328058
183.58813845161583,14.09952647362106,1.0000000000000007,3.1434268846536724,-3.5696311059571046,194.6586924133031
183.59885861465358,14.100242011678231,1.0000000000000007,3.142417859424953,-3.568936452536019,194.682580802545
183.6095809716127,14.100944360533216,1.0000000000000007,3.1414093018390417,-3.56823690189698,194.70655137452795
183.62030552459666,14.101633496970402,1.0000000000000007,3.1404012132113484,-3.5675324466477383,194.73060425277333
183.63103227570366,14.102309397773583,1.0000000000000007,3.1393935948591554,-3.5668230793961024,194.75473956080265
183.64176122702665,14.102972039725934,1.0000000000000007,3.138386448101643,-3.5661087927498913,194.77895742213735
183.6524923806533,14.103621399610036,1.0000000000000007,3.1373797742599105,-3.565389579316977,194.80325796029922
183.66322573866609,14.104257454207856,1.0000000000000007,3.136373574656965,-3.5646654317052517,194.82764129880957
183.6739613031421,14.104880180300771,1.0000000000000007,3.1353678506176976,-3.5639363425226502,194.85210756119005
183.6846990761532,14.105489554669544,1.0000000000000007,3.134362603468943,-3.5632023043771346,194.87665687096205
183.69543905976604,14.10608555409434,1.0000000000000007,3.1333578345393884,-3.5624633098767102,194.9012893516473
183.70618125604182,14.106668155354718,1.0000000000000007,3.1323535451597064,-3.5617193516294057,194.92600512676708
183.71692566703658,14.107237335229641,1.0000000000000004,3.131349736662425,-3.560970422243294,194.9508043198429
183.72767229480098,14.107793070497452,1.0000000000000007,3.130346410382011,-3.56021651432647,194.9756870543966
183.73842114138048,14.108335337935918,1.0000000000000007,3.1293435676548493,-3.5594576204870885,195.00065345394947
183.7491722088151,14.108864114322174,1.0000000000000009,3.1283412098192307,-3.558693733333313,195.02570364202313
183.75992549913968,14.109379376432779,1.0000000000000007,3.1273393382153967,-3.557924845473365,195.05083774213887
183.77068101438363,14.109881101043673,1.0000000000000004,3.1263379541854905,-3.5571509495154787,195.07605587781856
183.78143875657108,14.110369264930195,1.0000000000000007,3.125337059073562,-3.5563720380679307,195.10135817258347
183.7921987277209,14.110843844867091,1.0000000000000007,3.124336654225607,-3.555588103739053,195.1267447499553
183.80296092984645,14.111304817628502,1.0000000000000007,3.123336740989591,-3.55479913913719,195.1522157334554
183.81372536495596,14.111752159987965,1.0000000000000007,3.1223373207153218,-3.554005136870736,195.17777124660537
183.82449203505217,14.112185848718411,1.0000000000000007,3.121338394754628,-3.553206089548116,195.20341141292676
183.83526094213258,14.112605860592181,1.0000000000000007,3.1203399644611856,-3.5524019897777874,195.22913635594102
183.84603208818925,14.113012172381014,1.0000000000000007,3.1193420311906843,-3.551592830168259,195.2549461991699
183.85680547520894,14.113404760856035,1.0000000000000004,3.118344596300693,-3.550778603328064,195.2808410661346
183.867581105173,14.113783602787784,1.0000000000000004,3.1173476611507747,-3.549959301865778,195.30682108035683
183.87835898005747,14.114148674946186,1.0000000000000007,3.1163512271023714,-3.5491349183900036,195.33288636535815
183.889139101833,14.11449995410058,1.0000000000000004,3.115355295518911,-3.5483054455094045,195.3590370446599
183.89992147246483,14.114837417019697,1.0000000000000007,3.1143598677657627,-3.547470875832654,195.38527324178375
183.9107060939129,14.115161040471667,1.0000000000000007,3.1133649452102077,-3.546631201968488,195.41159508025126
183.92149296813167,14.115470801224026,1.0000000000000007,3.1123705292215234,-3.545786416525666,195.43800268358387
183.93228209707024,14.115766676043702,1.0000000000000007,3.1113766211709093,-3.5449365121129848,195.46449617530308
183.9430734826724,14.116048641697034,1.0000000000000007,3.110383222431501,-3.5440814813392967,195.49107567893054
183.9538671268764,14.116316674949754,1.0000000000000007,3.1093903343784395,-3.543221316813467,195.51774131798754
183.96466303161523,14.116570752566993,1.0000000000000004,3.108397958388752,-3.5423560111444257,195.54449321599583
183.9754611988163,14.116810851313293,1.0000000000000007,3.107406095841485,-3.5414855569411223,195.5713314964769
183.98626163040186,14.117036947952593,1.0000000000000007,3.1064147481175897,-3.5406099468125554,195.59825628295212
183.99706432828845,14.117249019248227,1.0000000000000007,3.1054239166000146,-3.5397291733677614,195.6252676989432
184.00786929438738,14.117447041962938,1.0000000000000007,3.104433602673681,-3.538843229215816,195.65236586797155
184.01867653060452,14.117630992858869,1.0000000000000007,3.1034438077254114,-3.537952106965843,195.67955091355878
184.02948603884022,14.117800848697561,1.0000000000000007,3.1024545331440527,-3.5370557992269855,195.7068229592263
184.04029782098945,14.11795658623997,1.0000000000000007,3.1014657803204106,-3.5361542986084515,195.73418212849577
184.05111187894178,14.118098182246438,1.0000000000000007,3.100477550647223,-3.5352475977194695,195.76162854488857
184.06192821458123,14.11822561347672,1.0000000000000007,3.0994898455192454,-3.534335689169323,195.78916233192635
184.07274682978647,14.11833885668997,1.0000000000000007,3.0985026663331663,-3.533418565567332,195.8167836131305
184.08356772643063,14.118437888644747,1.0000000000000007,3.097516014487675,-3.5324962195228533,195.84449251202264
184.09439090638145,14.118522686099013,1.0000000000000007,3.0965298913834296,-3.5315686436452927,195.87228915212435
184.1052163715012,14.118593225810127,1.0000000000000007,3.0955442984230443,-3.5306358305440932,195.90017365695707
184.11604412364662,14.11864948453487,1.0000000000000004,3.0945592370111483,-3.5296977728287375,195.92814615004232
184.12687416466903,14.118691439029403,1.0000000000000007,3.0935747085543266,-3.528754463108755,195.95620675490161
184.1377064964143,14.118719066049309,1.0000000000000007,3.0925907144611258,-3.52780589399372,195.98435559505654
184.1485411207227,14.11873234234956,1.0000000000000004,3.0916072561421375,-3.526852058093234,196.0125927940285
184.15937803942916,14.118731244684547,1.0000000000000007,3.090624335009893,-3.5258929480169607,196.04091847533917
184.17021725436302,14.11871574980806,1.0000000000000007,3.0896419524789187,-3.5249285563746007,196.06933276251002
184.18105876734813,14.118685834473295,1.0000000000000004,3.088660109965734,-3.5239588757758886,196.09783577906254
184.1919025802029,14.118641475432847,1.0000000000000007,3.0876788088888394,-3.5229838988306126,196.12642764851824
184.2027486947402,14.118582649438725,1.0000000000000007,3.0866980506687374,-3.5220036181486023,196.15510849439872
184.2135971127673,14.118509333242338,1.0000000000000007,3.0857178367279405,-3.521018026339732,196.18387844022539
184.22444783608614,14.118421503594499,1.0000000000000007,3.0847381684909045,-3.5200271160139094,196.21273760951988
184.235300866493,14.118319137245436,1.0000000000000007,3.0837590473841403,-3.5190308797811074,196.2416861258037
184.24615620577868,14.118202210944771,1.0000000000000007,3.0827804748361345,-3.518029310251319,196.27072411259832
184.25701385572842,14.118070701441544,1.0000000000000007,3.081802452277355,-3.5170224000346018,196.29985169342535
184.26787381812198,14.117924585484195,1.0000000000000004,3.0808249811403114,-3.516010141741056,196.3290689918062
184.27873609473357,14.11776383982057,1.0000000000000004,3.0798480628594755,-3.514992527980806,196.35837613126242
184.28960068733187,14.117588441197924,1.0000000000000004,3.0788716988713376,-3.513969551364058,196.38777323531562
184.30046759767993,14.11739836636292,1.0000000000000007,3.0778958906144305,-3.5129412045010238,196.41726042748718
184.3113368275353,14.117193592061628,1.0000000000000007,3.076920639529228,-3.5119074800019945,196.44683783129884
184.32220837865006,14.116974095039529,1.0000000000000007,3.0759459470582784,-3.5108683704772927,196.47650557027194
184.3330822527706,14.116739852041507,1.0000000000000004,3.0749718146460983,-3.50982386853729,196.50626376792812
184.3439584516378,14.116490839811847,1.0000000000000007,3.0739982437392337,-3.5087739667923925,196.53611254778872
184.35483697698697,14.11622703509426,1.0000000000000007,3.073025235786258,-3.5077186578530704,196.56605203337546
184.36571783054788,14.115948414631857,1.0000000000000007,3.072052792237734,-3.5066579343298416,196.5960823482098
184.37660101404464,14.115654955167148,1.0000000000000007,3.071080914546264,-3.5055917888332493,196.62620361581327
184.38748652919585,14.115346633442073,1.0000000000000004,3.0701096041664475,-3.5045202139739153,196.65641595970743
184.3983743777145,14.115023426197961,1.0000000000000007,3.069138862554953,-3.503443202362482,196.6867195034136
184.409264561308,14.114685310175565,1.0000000000000007,3.0681686911703805,-3.502360746609659,196.71711437045352
184.4201570816781,14.114332262115042,1.0000000000000004,3.0671990914734715,-3.50127283932619,196.74760068434867
184.4310519405211,14.113964258755955,1.0000000000000007,3.0662300649268865,-3.500179473122879,196.77817856862058
184.44194913952745,14.113581276837285,1.0000000000000007,3.065261612995404,-3.4990806406105692,196.80884814679064
184.45284868038226,14.113183293097421,1.0000000000000007,3.0642937371457415,-3.497976334400163,196.83960954238057
184.4637505647649,14.112770284274157,1.0000000000000007,3.063326438846713,-3.496866547102602,196.87046287891175
184.47465479434905,14.112342227104707,1.0000000000000007,3.062359719569138,-3.4957512713288867,196.9014082799058
184.48556137080294,14.11189909832569,1.0000000000000007,3.0613935807858734,-3.4946304996900563,196.93244586888423
184.496470295789,14.111440874673141,1.0000000000000004,3.060428023971828,-3.493504224797216,196.96357576936853
184.50738157096416,14.110967532882498,1.0000000000000007,3.059463050603915,-3.492372439261496,196.9947981048802
184.51829519797963,14.110479049688625,1.0000000000000007,3.0584986621610915,-3.491235135694108,197.02611299894087
184.52921117848103,14.109975401825789,1.0000000000000007,3.057534860124387,-3.490092306706299,197.05752057507192
184.54012951410832,14.10945656602767,1.0000000000000004,3.0565716459768364,-3.4889439449093604,197.08902095679494
184.55105020649577,14.108922519027358,1.0000000000000007,3.055609021203544,-3.4877900429146473,197.1206142676315
184.56197325727211,14.108373237557366,1.0000000000000007,3.0546469872916107,-3.4866305933335573,197.15230063110295
184.57289866806033,14.107808698349608,1.0000000000000007,3.0536855457302385,-3.485465588777547,197.1840801707311
184.58382644047774,14.107228878135427,1.0000000000000004,3.052724698010648,-3.4842950218581272,197.21595301003725
184.594756576136,14.10663375364556,1.0000000000000007,3.051764445626102,-3.4831188851868475,197.2479192725431
184.60568907664117,14.106023301610175,1.0000000000000004,3.050804790071942,-3.4819371713753267,197.2799790817699
184.61662394359354,14.105397498758848,1.0000000000000004,3.0498457328455295,-3.480749873035225,197.31213256123942
184.62756117858777,14.104756321820565,1.0000000000000007,3.048887275446284,-3.4795569827782513,197.34437983447307
184.63850078321286,14.104099747523737,1.0000000000000007,3.047929419375708,-3.478358493216194,197.37672102499235
184.64944275905205,14.103427752596183,1.0000000000000004,3.0469721661373264,-3.477154396960869,197.409156256319
184.66038710768296,14.102740313765135,1.0000000000000004,3.0460155172367203,-3.475944686624157,197.4416856519743
184.6713338306775,14.102037407757248,1.0000000000000007,3.045059474181553,-3.474729354817984,197.47430933547986
184.68228292960183,14.10131901129859,1.0000000000000007,3.0441040384815334,-3.473508394154348,197.5070274303572
184.69323440601647,14.100585101114648,1.0000000000000007,3.043149211648439,-3.472281797245289,197.53984006012786
184.70418826147622,14.099835653930315,1.0000000000000007,3.0421949951960925,-3.471049556702896,197.5727473483133
184.71514449753016,14.099070646469913,1.0000000000000004,3.0412413906403852,-3.4698116651393383,197.60574941843515
184.7261031157216,14.098290055457177,1.0000000000000004,3.040288399499316,-3.468568115166809,197.63884639401488
184.73706411758823,14.097493857615252,1.0000000000000004,3.039336023292871,-3.4673188993975748,197.67203839857396
184.74802750466193,14.096682029666711,1.0000000000000007,3.0383842635431866,-3.4660640104439686,197.70532555563398
184.7589932784689,14.09585454833355,1.0000000000000007,3.037433121774413,-3.4648034409183595,197.7387079887165
184.7699614405296,14.09501139033716,1.0000000000000007,3.036482599512779,-3.463537183433183,197.772185821343
184.78093199235875,14.094152532398374,1.0000000000000007,3.0355326982866173,-3.4622652306009343,197.8057591770349
184.79190493546528,14.093277951237427,1.0000000000000007,3.034583419626296,-3.4609875750341557,197.83942817931384
184.80288027135248,14.092387623573991,1.0000000000000007,3.0336347650642734,-3.459704209345463,197.8731929517014
184.8138580015178,14.091481526127142,1.0000000000000004,3.0326867361351084,-3.4584151261475107,197.907053617719
184.82483812745295,14.090559635615378,1.0000000000000004,3.0317393343753922,-3.4571203180530317,197.94101030088817
184.8358206506439,14.089621928756621,1.0000000000000007,3.030792561323816,-3.455819777674801,197.97506312473044
184.84680557257096,14.088668382268214,1.0000000000000007,3.02984641852115,-3.4545134976256593,198.0092122127674
184.85779289470844,14.087698972866917,1.0000000000000007,3.028900907510277,-3.453201470518506,198.04345768852048
184.86878261852505,14.086713677268913,1.0000000000000007,3.027956029836102,-3.4518836889663014,198.07779967551124
184.87977474548376,14.085712472189801,1.0000000000000007,3.0270117870456548,-3.450560145582066,198.11223829726123
184.89076927704156,14.084695334344616,1.0000000000000007,3.0260681806880654,-3.4492308329788735,198.14677367729197
184.9017662146499,14.083662240447795,1.0000000000000007,3.025125212314491,-3.4478957437698687,198.18140593912494
184.91276555975432,14.082613167213212,1.0000000000000007,3.0241828834782276,-3.446554870568246,198.21613520628173
184.92376731379457,14.081548091354154,1.0000000000000007,3.023241195734645,-3.4452082059872673,198.2509616022838
184.93477147820462,14.080466989583341,1.0000000000000004,3.0223001506412066,-3.443855742640258,198.28588525065277
184.94577805441264,14.079369838612905,1.0000000000000004,3.0213597497574667,-3.4424974731405946,198.32090627491002
184.95678704384102,14.078256615154405,1.0000000000000007,3.0204199946450694,-3.4411333901017267,198.3560247985771
184.96779844790632,14.077127295918826,1.0000000000000004,3.0194808868677407,-3.439763486137161,198.3912409451756
184.97881226801925,14.075981857616577,1.0000000000000004,3.0185424279913504,-3.438387753860459,198.42655483822708
184.98982850558485,14.07482027695749,1.0000000000000007,3.01760461958381,-3.4370061858852585,198.461966601253
