galstreams/tracks/track.st.Leiptr.ibata2021.ecsv
# %ECSV 0.9
# ---
# datatype:
# - {name: ra, unit: deg, datatype: float64}
# - {name: dec, unit: deg, datatype: float64}
# - {name: distance, unit: kpc, datatype: float64}
# - {name: pm_ra_cosdec, unit: mas / yr, datatype: float64}
# - {name: pm_dec, unit: mas / yr, datatype: float64}
# - {name: radial_velocity, unit: km / s, datatype: float64}
# delimiter: ','
# meta: !!omap
# - __serialized_columns__:
#     dec:
#       __class__: astropy.coordinates.angles.Latitude
#       unit: &id001 !astropy.units.Unit {unit: deg}
#       value: !astropy.table.SerializedColumn {name: dec}
#     distance:
#       __class__: astropy.coordinates.distances.Distance
#       unit: !astropy.units.Unit {unit: kpc}
#       value: !astropy.table.SerializedColumn {name: distance}
#     pm_dec:
#       __class__: astropy.units.quantity.Quantity
#       unit: !astropy.units.Unit {unit: mas / yr}
#       value: !astropy.table.SerializedColumn {name: pm_dec}
#     pm_ra_cosdec:
#       __class__: astropy.units.quantity.Quantity
#       unit: !astropy.units.Unit {unit: mas / yr}
#       value: !astropy.table.SerializedColumn {name: pm_ra_cosdec}
#     ra:
#       __class__: astropy.coordinates.angles.Longitude
#       unit: *id001
#       value: !astropy.table.SerializedColumn {name: ra}
#       wrap_angle: !astropy.coordinates.Angle
#         unit: *id001
#         value: 360.0
#     radial_velocity:
#       __class__: astropy.units.quantity.Quantity
#       unit: !astropy.units.Unit {unit: km / s}
#       value: !astropy.table.SerializedColumn {name: radial_velocity}
# schema: astropy-2.0
ra,dec,distance,pm_ra_cosdec,pm_dec,radial_velocity
[from data line 1109]
65.50331933651736,-4.643394171918122,7.8507311623719005,9.00112570206552,-10.190915825958992,-8.420767129872338e-14
65.51015460337892,-4.650727547416966,7.850046705086903,9.001994569701452,-10.191861288183603,-1.515738083377021e-13
65.51698989349245,-4.658060960630065,7.849362668149551,9.0028631175329,-10.192806098504539,-1.1789073981821273e-13
65.52382520708333,-4.665394411453937,7.848679051410996,9.003731345628664,-10.193750256888718,-1.0525958912340423e-13
65.53066054437711,-4.6727278997852215,7.847995854722395,9.004599254057476,-10.194693763303098,-1.1789073981821273e-13
65.5374959055992,-4.680061425520393,7.847313077934901,9.005466842888032,-10.195636617714657,-5.894536990910637e-14
65.5443312909751,-4.687394988556107,7.846630720899673,9.006334112188972,-10.1965788200904,-1.5999457546757442e-13
65.55116670073025,-4.694728588788852,7.8459487834678585,9.007201062028908,-10.197520370397386,-1.1789073981821273e-13
65.55800213509022,-4.702062226115282,7.845267265490621,9.008067692476384,-10.198461268602667,-9.683882199353189e-14
65.56483759428043,-4.709395900431878,7.84458616681911,9.008934003599906,-10.199401514673347,-1.768361097273191e-13
65.57167307852649,-4.716729611635329,7.843905487304483,9.009799995467942,-10.200341108576568,-1.1368035625327657e-13
65.57850858805386,-4.72406335962216,7.843225226797894,9.010665668148894,-10.20128005027948,-7.999728773378721e-14
65.58534412308803,-4.731397144288914,7.8425453851505,9.011531021711129,-10.20221833974927,-1.2631150694808508e-13
65.59217968385462,-4.738730965532271,7.841865962213455,9.012396056222972,-10.203155976953168,-1.6841534259744677e-13
65.59901527057916,-4.746064823248744,7.841186957837912,9.013260771752693,-10.204092961858418,-1.0525958912340423e-13
65.60585088348721,-4.7533987173350125,7.840508371875027,9.014125168368514,-10.2050292944323,-1.0946997268834039e-13
65.61268652280434,-4.760732647687635,7.839830204175956,9.014989246138624,-10.205964974642121,-1.221011233831489e-13
65.6195221887561,-4.768066614203166,7.839152454591853,9.015853005131142,-10.206900002455223,-7.578690416885104e-14
65.62635788156811,-4.775400616778304,7.838475122973874,9.016716445414163,-10.207834377838976,-1.2631150694808508e-13
65.63319360146595,-4.782734655309574,7.837798209173175,9.017579567055718,-10.208768100760777,-1.3894265764289357e-13
65.64002934867528,-4.790068729693682,7.837121713040909,9.018442370123811,-10.209701171188051,-1.6841534259744677e-13
65.64686512342165,-4.797402839827151,7.836445634428229,9.019304854686373,-10.210633589088257,-1.0104920555846805e-13
65.65370092593075,-4.804736985606687,7.835769973186296,9.020167020811307,-10.21156535442888,-1.9788802755199994e-13
65.6605367564282,-4.812071166928877,7.8350947291662605,9.021028868566471,-10.21249646717744,-1.347322740779574e-13
65.66737261513961,-4.8194053836903095,7.834419902219278,9.021890398019666,-10.21342692730149,-8.841805486365955e-14
65.67420850229068,-4.826739635787694,7.833745492196506,9.022751609238647,-10.214356734768586,-8.420767129872338e-14
65.68104441810705,-4.8340739231175744,7.833071498949098,9.023612502291128,-10.215285889546351,-1.221011233831489e-13
65.68788036281444,-4.841408245576685,7.832397922328207,9.024473077244775,-10.216214391602419,-1.0525958912340423e-13
65.69471633663848,-4.848742603061572,7.83172476218499,9.02533333416721,-10.217142240904456,-1.221011233831489e-13
65.70155233980493,-4.8560769954689755,7.831052018370606,9.026193273125996,-10.218069437420144,-1.2631150694808508e-13
65.70838837253947,-4.863411422695494,7.830379690736202,9.027052894188664,-10.21899598111722,-5.4734986344170195e-14
65.71522443506777,-4.870745884637726,7.829707779132937,9.02791219742269,-10.219921871963434,-1.0525958912340423e-13
65.72206052761565,-4.878080381192421,7.829036283411966,9.028771182895506,-10.220847109926563,-6.73661370389787e-14
65.72889665040876,-4.885414912256152,7.828365203424447,9.029629850674496,-10.221771694974425,-8.420767129872338e-14
65.73573280367292,-4.892749477725657,7.827694539021528,9.030488200827005,-10.222695627074863,-1.5999457546757442e-13
65.74256898763385,-4.900084077497563,7.82702429005437,9.031346233420308,-10.223618906195743,-5.0524602779234026e-14
65.74940520251727,-4.907418711468489,7.826354456374126,9.032203948521667,-10.224541532304974,-1.768361097273191e-13
65.75624144854906,-4.914753379535196,7.825685037831953,9.033061346198272,-10.225463505370485,-7.578690416885104e-14
65.76307772595491,-4.922088081594264,7.825016034279002,9.033918426517277,-10.22638482536023,-1.515738083377021e-13
65.76991403496072,-4.929422817542458,7.824347445566431,9.034775189545787,-10.227305492242202,-1.1368035625327657e-13
65.77675037579218,-4.9367575872763725,7.823679271545394,9.035631635350859,-10.228225505984419,-7.999728773378721e-14
65.7835867486752,-4.944092390692768,7.823011512067046,9.036487763999506,-10.229144866554934,-1.347322740779574e-13
65.79042315383555,-4.9514272276882565,7.822344166982543,9.03734357555869,-10.230063573921818,-1.3894265764289357e-13
65.79725959149913,-4.958762098159605,7.82167723614304,9.038199070095331,-10.230981628053176,-6.73661370389787e-14
65.80409606189174,-4.966097002003457,7.82101071939969,9.039054247676304,-10.231899028917157,-8.841805486365955e-14
65.81093256523921,-4.97343193911647,7.820344616603651,9.03990910836843,-10.232815776481914,-1.8104649329225526e-13
65.81776910176748,-4.980766909395427,7.819678927606074,9.04076365223849,-10.233731870715653,-1.8525687685719145e-13
65.82460567170237,-4.9881019127369335,7.819013652258118,9.041617879353218,-10.234647311586585,-1.8104649329225526e-13
65.83144227526982,-4.995436949037797,7.818348790410938,9.04247178977929,-10.235562099062971,-2.5262301389617013e-14
65.8382789126957,-5.002772018194661,7.817684341915685,9.043325383583355,-10.236476233113098,-5.0524602779234026e-14
65.84511558420587,-5.010107120104203,7.817020306623517,9.044178660832003,-10.23738971370528,-1.9788802755199994e-13
65.85195229002636,-5.017442254663224,7.816356684385588,9.045031621591773,-10.238302540807844,-8.841805486365955e-14
65.85878903038298,-5.024777421768345,7.815693475053057,9.045884265929168,-10.239214714389169,-5.894536990910637e-14
65.86562580550176,-5.032112621316374,7.815030678477072,9.046736593910643,-10.240126234417657,-1.4315304120782974e-13
65.8724626156086,-5.039447853203948,7.814368294508795,9.0475886056026,-10.241037100861739,-9.683882199353189e-14
65.8792994609295,-5.046783117327874,7.813706322999375,9.0484403010714,-10.241947313689872,-1.347322740779574e-13
65.88613634169037,-5.0541184135847965,7.813044763799969,9.049291680383364,-10.242856872870549,-1.515738083377021e-13
65.89297325811727,-5.061453741871524,7.8123836167617355,9.050142743604736,-10.243765778372271,-1.7262572616238293e-13
65.89981021043614,-5.068789102084759,7.811722881735825,9.050993490801755,-10.244674030163598,-1.515738083377021e-13
65.90664719887297,-5.076124494121185,7.811062558573395,9.051843922040588,-10.245581628213104,-1.0525958912340423e-13
65.91348422365382,-5.083459917877627,7.810402647125601,9.052694037387361,-10.246488572489387,-1.2631150694808508e-13
65.92032128500466,-5.0907953732507405,7.809743147243595,9.053543836908155,-10.24739486296109,-1.347322740779574e-13
65.92715838315158,-5.098130860137358,7.809084058778535,9.054393320668996,-10.24830049959687,-1.3052189051302125e-13
65.9339955183206,-5.105466378434186,7.808425381581576,9.055242488735882,-10.249205482365419,-8.420767129872338e-14
65.94083269073772,-5.112801928037924,7.807767115503871,9.056091341174746,-10.250109811235456,-1.0525958912340423e-13
65.94766990062908,-5.120137508845415,7.807109260396576,9.056939878051484,-10.25101348617574,-1.7262572616238293e-13
65.95450714822071,-5.127473120753332,7.806451816110845,9.057788099431948,-10.251916507155046,-1.3894265764289357e-13
65.96134443373873,-5.134808763658519,7.805794782497834,9.058636005381924,-10.25281887414218,-1.1789073981821273e-13
65.96818175740918,-5.142144437457645,7.8051381594087,9.059483595967178,-10.25372058710598,-1.0104920555846805e-13
65.97501911945825,-5.149480142047564,7.804481946694595,9.060330871253418,-10.254621646015313,-1.1368035625327657e-13
65.98185652011202,-5.1568158773249975,7.803826144206676,9.061177831306297,-10.255522050839078,-1.4736342477276593e-13
65.98869395959656,-5.164151643186673,7.803170751796096,9.06202447619144,-10.2564218015462,-1.0946997268834039e-13
65.99553143813809,-5.171487439529451,7.802515769314011,9.062870805974406,-10.257320898105622,-1.1789073981821273e-13
66.0023689559627,-5.178823266250024,7.801861196611579,9.063716820720714,-10.258219340486336,-1.0525958912340423e-13
66.00920651329659,-5.186159123245234,7.801207033539951,9.064562520495848,-10.259117128657353,-1.0525958912340423e-13
66.01604411036591,-5.1934950104118025,7.8005532799502815,9.065407905365237,-10.260014262587719,-9.683882199353189e-14
66.02288174739687,-5.200830927646588,7.7998999356937295,9.066252975394256,-10.260910742246487,-1.1789073981821273e-13
66.02971942461562,-5.2081668748463255,7.799247000621446,9.067097730648241,-10.261806567602775,-9.683882199353189e-14
66.03655714224836,-5.215502851907768,7.798594474584589,9.067942171192488,-10.2627017386257,-1.0946997268834039e-13
66.04339490052136,-5.222838858727795,7.797942357434311,9.068786297092233,-10.263596255284416,-9.262843842859572e-14
66.05023269966077,-5.230174895203106,7.797290649021771,9.069630108412671,-10.264490117548114,-1.2631150694808508e-13
66.0570705398929,-5.237510961230586,7.796639349198122,9.070473605218956,-10.265383325386004,-1.5578419190263825e-13
66.06390842144397,-5.244847056706996,7.795988457814516,9.071316787576187,-10.266275878767336,-6.73661370389787e-14
66.07074634454015,-5.252183181529089,7.795337974722111,9.072159655549427,-10.267167777661378,-1.0525958912340423e-13
66.07758430940785,-5.259519335593753,7.794687899772064,9.07300220920368,-10.268059022037427,-1.0104920555846805e-13
66.08442231627325,-5.266855518797715,7.7940382328155255,9.073844448603916,-10.268949611864818,-1.1789073981821273e-13
66.09126036536269,-5.274191731037863,7.793388973703652,9.074686373815045,-10.26983954711291,-6.73661370389787e-14
66.0980984569024,-5.281527972210922,7.792740122287599,9.075527984901942,-10.270728827751089,-1.4315304120782974e-13
66.1049365911188,-5.288864242213806,7.792091678418526,9.076369281929422,-10.271617453748764,-2.947268495455318e-14
66.11177476823809,-5.296200540943224,7.7914436419475805,9.07721026496228,-10.272505425075396,-4.210383564936169e-14
66.1186129884867,-5.303536868296097,7.790796012725922,9.078050934065239,-10.273392741700444,-7.157652060391487e-14
66.12545125209094,-5.310873224169199,7.790148790604701,9.07889128930298,-10.274279403593422,-1.0946997268834039e-13
66.13228955927713,-5.318209608459309,7.789501975435078,9.079731330740149,-10.275165410723856,-7.999728773378721e-14
66.13912791027168,-5.3255460210633405,7.7888555670682065,9.080571058441329,-10.276050763061301,-8.420767129872338e-14
66.14596630530093,-5.33288246187804,7.78820956535524,9.081410472471077,-10.276935460575357,-6.315575347404254e-14
66.15280474459132,-5.340218930800319,7.7875639701473345,9.082249572893884,-10.277819503235632,-1.515738083377021e-13
66.15964322836922,-5.347555427726976,7.786918781295645,9.083088359774205,-10.278702891011779,-9.683882199353189e-14
66.166481756861,-5.354891952554793,7.786273998651328,9.083926833176447,-10.279585623873466,-8.420767129872338e-14
66.17332033029314,-5.362228505180707,7.785629622065536,9.084764993164969,-10.280467701790403,-7.999728773378721e-14
66.18015894889201,-5.369565085501462,7.784985651389424,9.085602839804091,-10.281349124732326,-1.642049590325106e-13
66.18699761288414,-5.376901693413995,7.78434208647415,9.086440373158071,-10.282229892668985,-1.5999457546757442e-13
66.1938363224959,-5.384238328815061,7.7836989271708665,9.087277593291132,-10.283110005570178,-1.5578419190263825e-13
66.2006750779538,-5.3915749916016,7.783056173330728,9.088114500267453,-10.28398946340572,-1.894672604221276e-13
66.2075138794843,-5.398911681670372,7.782413824804893,9.088951094151163,-10.284868266145464,-1.347322740779574e-13
66.21435272731392,-5.406248398918319,7.781771881444512,9.089787375006338,-10.285746413759277,-2.947268495455318e-14
66.22119162166912,-5.413585143242245,7.781130343100745,9.090623342897013,-10.286623906217063,-1.0946997268834039e-13
66.22803056277638,-5.420921914538972,7.780489209624741,9.091458997887184,-10.287500743488772,-1.5999457546757442e-13
66.2348695508623,-5.428258712705444,7.77984848086766,9.09229434004079,-10.288376925544346,-1.3894265764289357e-13
66.24170858615334,-5.435595537638433,7.779208156680655,9.093129369421726,-10.289252452353782,-1.8104649329225526e-13
66.24854766887611,-5.442932389234901,7.77856823691488,9.093964086093841,-10.290127323887098,-1.5578419190263825e-13
66.25538679925715,-5.450269267391656,7.777928721421493,9.094798490120942,-10.291001540114346,-9.262843842859572e-14
66.26222597752295,-5.45760617200554,7.777289610051648,9.095632581566782,-10.291875101005594,-9.262843842859572e-14
66.26906520390017,-5.464943102973496,7.776650902656499,9.096466360495079,-10.292748006530955,-1.0946997268834039e-13
66.27590447861535,-5.472280060192322,7.7760125990872,9.097299826969493,-10.293620256660551,-8.841805486365955e-14
66.28274380189514,-5.479617043558966,7.7753746991949075,9.09813298105364,-10.294491851364556,-9.262843842859572e-14
66.2895831739661,-5.486954052970231,7.774737202830778,9.098965822811094,-10.295362790613149,-1.5578419190263825e-13
66.29642259505489,-5.494291088323083,7.774100109845964,9.09979835230538,-10.296233074376552,-8.841805486365955e-14
66.30326206538815,-5.501628149514352,7.773463420091623,9.100630569599979,-10.297102702625015,-1.0525958912340423e-13
66.31010158519246,-5.5089652364408845,7.772827133418909,9.101462474758318,-10.297971675328807,-9.262843842859572e-14
66.31694115469456,-5.51630234899966,7.772191249678975,9.102294067843793,-10.298839992458237,-9.683882199353189e-14
66.32378077412105,-5.52363948708747,7.771555768722979,9.103125348919738,-10.299707653983637,-1.0946997268834039e-13
66.33062044369866,-5.530976650601293,7.770920690402073,9.103956318049448,-10.300574659875364,-7.578690416885104e-14
66.33746016365404,-5.53831383943794,7.770286014567414,9.104786975296172,-10.301441010103812,-7.578690416885104e-14
66.34429993421394,-5.545651053494388,7.7696517410701595,9.105617320723107,-10.302306704639388,-1.515738083377021e-13
66.35113975560508,-5.5529882926674965,7.769017869761459,9.106447354393417,-10.303171743452552,-1.0946997268834039e-13
66.35797962805408,-5.5603255568541154,7.768384400492472,9.107277076370199,-10.304036126513768,-9.683882199353189e-14
66.36481955178779,-5.567662845951231,7.767751333114352,9.108106486716519,-10.30489985379354,-8.841805486365955e-14
66.3716595270329,-5.575000159855663,7.767118667478251,9.108935585495397,-10.305762925262401,-8.420767129872338e-14
66.37849955401623,-5.5823374984643985,7.766486403435331,9.109764372769805,-10.306625340890909,-1.221011233831489e-13
66.3853396329645,-5.589674861674314,7.765854540836741,9.110592848602659,-10.30748710064965,-1.515738083377021e-13
66.39217976410448,-5.597012249382264,7.765223079533638,9.111421013056841,-10.308348204509246,-1.5999457546757442e-13
66.39901994766304,-5.60434966148525,7.764592019377177,9.112248866195177,-10.309208652440333,-5.4734986344170195e-14
66.40586018386688,-5.611687097880101,7.763961360218514,9.113076408080456,-10.310068444413588,-1.2631150694808506e-14
66.41270047294293,-5.6190245584638046,7.7633311019088005,9.113903638775419,-10.310927580399712,-1.4315304120782974e-13
66.41954081511791,-5.62636204313321,7.762701244299197,9.114730558342748,-10.311786060369426,-1.0946997268834039e-13
66.42638121061879,-5.633699551785308,7.762071787240854,9.115557166845102,-10.312643884293502,-8.420767129872338e-14
66.43322165967231,-5.641037084316944,7.76144273058493,9.116383464345072,-10.31350105214271,-1.0104920555846805e-13
