galstreams/tracks/track.st.Kshir.ibata2021.ecsv
# %ECSV 0.9
# ---
# datatype:
# - {name: ra, unit: deg, datatype: float64}
# - {name: dec, unit: deg, datatype: float64}
# - {name: distance, unit: kpc, datatype: float64}
# - {name: pm_ra_cosdec, unit: mas / yr, datatype: float64}
# - {name: pm_dec, unit: mas / yr, datatype: float64}
# - {name: radial_velocity, unit: km / s, datatype: float64}
# delimiter: ','
# meta: !!omap
# - __serialized_columns__:
#     dec:
#       __class__: astropy.coordinates.angles.Latitude
#       unit: &id001 !astropy.units.Unit {unit: deg}
#       value: !astropy.table.SerializedColumn {name: dec}
#     distance:
#       __class__: astropy.coordinates.distances.Distance
#       unit: !astropy.units.Unit {unit: kpc}
#       value: !astropy.table.SerializedColumn {name: distance}
#     pm_dec:
#       __class__: astropy.units.quantity.Quantity
#       unit: !astropy.units.Unit {unit: mas / yr}
#       value: !astropy.table.SerializedColumn {name: pm_dec}
#     pm_ra_cosdec:
#       __class__: astropy.units.quantity.Quantity
#       unit: !astropy.units.Unit {unit: mas / yr}
#       value: !astropy.table.SerializedColumn {name: pm_ra_cosdec}
#     ra:
#       __class__: astropy.coordinates.angles.Longitude
#       unit: *id001
#       value: !astropy.table.SerializedColumn {name: ra}
#       wrap_angle: !astropy.coordinates.Angle
#         unit: *id001
#         value: 360.0
#     radial_velocity:
#       __class__: astropy.units.quantity.Quantity
#       unit: !astropy.units.Unit {unit: km / s}
#       value: !astropy.table.SerializedColumn {name: radial_velocity}
# schema: astropy-2.0
ra,dec,distance,pm_ra_cosdec,pm_dec,radial_velocity
[from data line 833]
213.77671678270525,68.06033356644464,10.611039723159019,-7.592100437973585,-2.8063784305651227,3.368306851948935e-14
213.8031429904772,68.06194123820461,10.613035406867803,-7.591757370837849,-2.8027051256993136,8.420767129872338e-14
213.82957289717822,68.06354463575141,10.615031139239408,-7.5914134021825435,-2.799031412323395,9.262843842859572e-14
213.85600649518807,68.06514375486186,10.617026908259149,-7.591068529544706,-2.7953572927881494,9.262843842859572e-14
213.88244377686394,68.06673859131412,10.619022701912359,-7.590722750464097,-2.7916827694496344,2.5262301389617013e-14
213.90888473453964,68.06832914088766,10.621018508184365,-7.5903760624831875,-2.788007844669287,5.0524602779234026e-14
213.93532936052608,68.06991539936331,10.623014315060487,-7.590028463147207,-2.7843325208138663,1.6841534259744676e-14
213.961777647111,68.07149736252323,10.62501011052606,-7.589679950004117,-2.7806568002554775,2.5262301389617013e-14
213.98822958655913,68.07307502615096,10.627005882566404,-7.589330520604645,-2.776980685371555,5.894536990910637e-14
214.01468517111212,68.0746483860314,10.62900161916685,-7.588980172502273,-2.7733041785448624,6.73661370389787e-14
214.04114439298854,68.07621743795079,10.630997308312722,-7.588628903253281,-2.7696272821634924,5.0524602779234026e-14
214.0676072443839,68.0777821776968,10.632992937989343,-7.588276710416729,-2.7659499986208615,5.0524602779234026e-14
214.0940737174707,68.07934260105844,10.634988496182046,-7.587923591554477,-2.7622723303157075,2.5262301389617013e-14
214.12054380439832,68.08089870382615,10.636983970876157,-7.587569544231199,-2.7585942796520837,5.0524602779234026e-14
214.14701749729312,68.08245048179175,10.638979350057,-7.587214566014394,-2.754915849039359,7.578690416885104e-14
214.1734947882584,68.08399793074851,10.640974621709896,-7.586858654474394,-2.7512370408922133,1.0104920555846805e-13
214.19997566937442,68.0855410464911,10.642969773820182,-7.586501807184376,-2.7475578576306314,2.5262301389617013e-14
214.22646013269832,68.0870798248156,10.64496479437318,-7.586144021720366,-2.743878301679914,5.894536990910637e-14
214.2529481702643,68.08861426151957,10.646959671354217,-7.585785295661257,-2.740198375470649,8.420767129872338e-14
214.27943977408344,68.090144352402,10.648954392748616,-7.585425626588835,-2.7365180814387315,7.578690416885104e-14
214.30593493614387,68.09167009326335,10.650948946541705,-7.585065012087745,-2.732837422025344,4.210383564936169e-14
214.33243364841053,68.09319147990549,10.652943320718814,-7.584703449745559,-2.7291563996769685,3.368306851948935e-14
214.35893590282544,68.09470850813182,10.654937503265268,-7.584340937152734,-2.725475016845371,3.368306851948935e-14
214.3854416913076,68.09622117374721,10.656931482166387,-7.583977471902663,-2.7217932759876007,4.210383564936169e-14
214.41195100575285,68.097729472558,10.65892524540751,-7.583613051591662,-2.718111179565989,1.1789073981821273e-13
214.43846383803424,68.09923340037204,10.660918780973953,-7.583247673818995,-2.714428730048141,7.578690416885104e-14
214.4649801800015,68.1007329529987,10.662912076851045,-7.582881336186875,-2.710745929906944,8.420767129872338e-14
214.4915000234816,68.10222812624885,10.664905121024113,-7.5825140363004735,-2.707062781620544,4.210383564936169e-14
214.51802336027833,68.10371891593483,10.666897901478485,-7.582145771767943,-2.7033792876723637,5.894536990910637e-14
214.54455018217254,68.10520531787063,10.668890406199486,-7.581776540200421,-2.6996954505510877,1.0104920555846805e-13
214.5710804809221,68.10668732787168,10.67088262317245,-7.581406339212031,-2.6960112727506473,4.210383564936169e-14
214.59761424826175,68.10816494175499,10.672874540382688,-7.581035166419919,-2.6923267567702514,9.262843842859572e-14
214.62415147590337,68.10963815533914,10.674866145815535,-7.580663019444234,-2.6886419051143378,9.262843842859572e-14
214.6506921555358,68.11110696444425,10.676857427456321,-7.580289895908159,-2.6849567202926035,3.368306851948935e-14
214.67723627882486,68.112571364892,10.678848373290364,-7.579915793437921,-2.681271204819994,6.73661370389787e-14
214.7037838374134,68.11403135250573,10.680838971303,-7.579540709662787,-2.677585361216685,1.0104920555846805e-13
214.7303348229213,68.11548692311028,10.682829209479548,-7.579164642215087,-2.673899192008095,5.894536990910637e-14
214.75688922694545,68.11693807253214,10.68481907580534,-7.578787588730231,-2.670212699724872,4.210383564936169e-14
214.78344704105973,68.11838479659937,10.6868085582657,-7.578409546846701,-2.6665258869028965,5.0524602779234026e-14
214.81000825681514,68.11982709114166,10.68879764484595,-7.57803051420608,-2.66283875608327,5.894536990910637e-14
214.83657286573967,68.12126495199034,10.690786323531421,-7.57765048845305,-2.6591513098123136,5.894536990910637e-14
214.8631408593383,68.12269837497836,10.692774582307441,-7.577269467235407,-2.6554635506415702,9.262843842859572e-14
214.8897122290932,68.12412735594032,10.694762409159337,-7.576887448204082,-2.651775481127787,8.420767129872338e-15
214.91628696646342,68.12555189071243,10.69674979207243,-7.576504429013126,-2.64808710383293,5.0524602779234026e-14
214.94286506288515,68.12697197513262,10.69873671903205,-7.576120407319753,-2.644398421324165,4.210383564936169e-14
214.96944650977173,68.1283876050404,10.700723178023523,-7.575735380784331,-2.6407094361738515,6.73661370389787e-14
214.99603129851343,68.12979877627706,10.702709157032178,-7.575349347070385,-2.6370201509595543,4.210383564936169e-14
215.02261942047764,68.13120548468547,10.704694644043334,-7.574962303844643,-2.6333305682640265,5.894536990910637e-14
215.04921086700887,68.13260772611027,10.706679627042325,-7.574574248777,-2.6296406906752057,3.368306851948935e-14
215.0758056294287,68.13400549639772,10.708664094014473,-7.574185179540569,-2.625950520786219,5.894536990910637e-14
215.10240369903576,68.13539879139587,10.710648032945107,-7.573795093811667,-2.622260061195368,1.347322740779574e-13
215.12900506710588,68.13678760695447,10.71263143181956,-7.573403989269832,-2.618569314506123,5.0524602779234026e-14
215.1556097248919,68.1381719389249,10.714614278623143,-7.57301186359785,-2.6148782833271427,1.1789073981821273e-13
215.18221766362382,68.1395517831604,10.716596561341191,-7.572618714481736,-2.6111869702722292,5.894536990910637e-14
215.20882887450878,68.14092713551588,10.718578267959034,-7.57222453961076,-2.6074953779603605,0.0
215.23544334873094,68.142297991848,10.720559386461993,-7.571829336677479,-2.603803509015675,8.420767129872338e-14
215.26206107745176,68.14366434801521,10.722539904835395,-7.571433103377705,-2.600111366067446,7.578690416885104e-14
215.28868205180976,68.14502619987769,10.724519811064571,-7.571035837410543,-2.5964189517501057,4.210383564936169e-14
215.31530626292056,68.14638354329743,10.72649909313484,-7.570637536478406,-2.592726268703234,3.368306851948935e-14
215.341933701877,68.14773637413818,10.728477739031536,-7.570238198287008,-2.5890333195715414,5.0524602779234026e-14
215.36856435974906,68.14908468826549,10.730455736739978,-7.569837820545386,-2.5853401070048747,4.210383564936169e-14
215.39519822758396,68.15042848154667,10.732433074245504,-7.569436400965906,-2.5816466336582056,5.0524602779234026e-14
215.42183529640596,68.15176774985093,10.734409739533428,-7.569033937264284,-2.577952902191643,8.420767129872338e-14
215.44847555721665,68.1531024890492,10.736385720589082,-7.568630427159576,-2.5742589152704,6.73661370389787e-14
215.4751190009947,68.15443269501431,10.738361005397794,-7.568225868374213,-2.570564675564817,7.578690416885104e-14
215.50176561869614,68.15575836362083,10.740335581944887,-7.567820258633995,-2.5668701857503367,3.368306851948935e-14
215.528415401254,68.1570794907453,10.742309438215688,-7.567413595668111,-2.5631754485075176,7.578690416885104e-14
215.55506833957867,68.158396072266,10.744282562195526,-7.5670058772091355,-2.5594804665220052,5.894536990910637e-14
215.5817244245578,68.1597081040631,10.746254941869728,-7.566597100993067,-2.5557852424845473,7.578690416885104e-14
215.60838364705614,68.16101558201869,10.748226565223614,-7.566187264759305,-2.5520897790909842,3.368306851948935e-14
215.63504599791582,68.16231850201665,10.750197420242518,-7.565776366250691,-2.548394079042243,9.262843842859572e-14
215.66171146795614,68.16361685994279,10.752167494911761,-7.5653644032134935,-2.5446981450443267,1.0104920555846805e-13
215.68838004797374,68.1649106516848,10.754136777216674,-7.564951373397442,-2.541001979808314,8.420767129872338e-14
215.71505172874242,68.16619987313234,10.756105255142579,-7.5645372745557165,-2.5373055860503606,7.578690416885104e-14
215.74172650101337,68.16748452017684,10.758072916674806,-7.564122104444976,-2.5336089664916814,5.894536990910637e-14
215.76840435551503,68.16876458871177,10.760039749798683,-7.5637058608253565,-2.5299121238585576,8.420767129872338e-14
215.79508528295318,68.17004007463244,10.76200574249953,-7.563288541460493,-2.526215060882317,5.0524602779234026e-14
215.8217692740108,68.17131097383619,10.763970882762676,-7.562870144117522,-2.522517780299353,3.368306851948935e-14
215.84845631934834,68.17257728222219,10.765935158573454,-7.562450666567085,-2.518820284851084,2.5262301389617013e-14
215.87514640960345,68.17383899569164,10.767898557917182,-7.562030106583364,-2.515122577283984,3.368306851948935e-14
215.90183953539122,68.1750961101477,10.76986106877919,-7.561608461944066,-2.511424660349557,4.210383564936169e-14
215.92853568730405,68.17634862149545,10.771822679144806,-7.561185730430452,-2.507726536804329,1.6841534259744676e-14
215.95523485591167,68.17759652564197,10.77378337699935,-7.560761909827337,-2.5040282094098654,1.0104920555846805e-13
215.9819370317613,68.17883981849631,10.775743150328157,-7.560336997923107,-2.5003296809327265,3.368306851948935e-14
216.00864220537736,68.18007849596958,10.777701987116549,-7.559910992509721,-2.496630954144512,4.210383564936169e-14
216.0353503672618,68.1813125539748,10.779659875349854,-7.559483891382726,-2.4929320318218124,4.210383564936169e-14
216.06206150789396,68.18254198842705,10.781616803013396,-7.559055692341282,-2.489232916746224,6.73661370389787e-14
216.08877561773053,68.18376679524343,10.783572758092502,-7.55862639318815,-2.485533611704339,2.5262301389617013e-14
216.1154926872057,68.18498697034303,10.785527728572504,-7.558195991729713,-2.481834119487742,1.6841534259744676e-14
216.14221270673102,68.186202509647,10.787481702438718,-7.557764485775996,-2.4781344428930074,3.368306851948935e-14
216.16893566669557,68.18741340907856,10.78943466767648,-7.557331873140654,-2.4744345847216778,4.210383564936169e-14
216.19566155746588,68.18861966456294,10.791386612271113,-7.556898151640997,-2.4707345477802805,8.420767129872338e-15
216.22239036938586,68.18982127202743,10.793337524207942,-7.556463319098015,-2.4670343348803065,5.0524602779234026e-14
216.24912209277701,68.19101822740144,10.795287391472296,-7.556027373336354,-2.463333948838212,6.73661370389787e-14
216.27585671793827,68.19221052661639,10.797236202049495,-7.555590312184366,-2.459633392475406,3.368306851948935e-14
216.3025942351461,68.19339816560583,10.799183943924879,-7.555152133474072,-2.455932668618254,5.0524602779234026e-14
216.3293346346545,68.19458114030537,10.801130605083761,-7.554712835041232,-2.452231780098067,7.578690416885104e-14
216.35607790669496,68.19575944665279,10.803076173511474,-7.554272414725297,-2.4485307297510848,2.5262301389617013e-14
216.38282404147654,68.19693308058787,10.805020637193344,-7.553830870369463,-2.444829520418498,6.73661370389787e-14
216.40957302918585,68.19810203805261,10.806963984114697,-7.5533881998206605,-2.441128154946412,5.894536990910637e-14
216.43632485998708,68.19926631499109,10.808906202260857,-7.552944400929573,-2.4374266361858576,5.894536990910637e-14
216.463079524022,68.20042590734954,10.810847279617153,-7.552499471550633,-2.4337249669927865,6.73661370389787e-14
216.48983701140995,68.20158081107633,10.812787204168917,-7.552053409542053,-2.4300231502280503,3.368306851948935e-14
216.5165973122479,68.20273102212195,10.814725963901465,-7.551606212765834,-2.4263211887574134,5.0524602779234026e-14
216.54336041661045,68.20387653643913,10.816663546800129,-7.551157879087761,-2.4226190854515353,7.578690416885104e-14
216.57012631454978,68.20501734998267,10.818599940850234,-7.5507084063774155,-2.418916843185963,7.578690416885104e-14
216.59689499609584,68.20615345870965,10.820535134037105,-7.550257792508207,-2.4152144648411342,2.5262301389617013e-14
216.62366645125607,68.20728485857924,10.822469114346072,-7.549806035357359,-2.411511953302369,6.73661370389787e-14
216.65044067001568,68.20841154555288,10.824401869762461,-7.54935313280593,-2.4078093114598484,6.73661370389787e-14
216.67721764233764,68.20953351559416,10.826333388271596,-7.548899082738833,-2.4041065422086327,8.420767129872338e-14
216.7039973581625,68.21065076466893,10.828263657858807,-7.548443883044829,-2.4004036484486333,4.210383564936169e-14
216.73077980740857,68.2117632887452,10.830192666509419,-7.5479875316165455,-2.3967006330846243,8.420767129872338e-15
216.75756497997187,68.21287108379323,10.832120402208755,-7.547530026350489,-2.392997499026227,8.420767129872338e-14
216.7843528657262,68.21397414578558,10.834046852942143,-7.547071365147056,-2.389294249187893,5.0524602779234026e-14
216.81114345452315,68.21507247069695,10.835972006694913,-7.546611545910534,-2.3855908864889215,8.420767129872338e-15
216.837936736192,68.21616605450436,10.837895851452393,-7.546150566549125,-2.3818874138534363,3.368306851948935e-14
216.86473270053983,68.21725489318708,10.839818375199902,-7.545688424974948,-2.3781838342103874,5.894536990910637e-14
216.89153133735164,68.21833898272662,10.841739565922772,-7.545225119104058,-2.3744801504935302,7.578690416885104e-14
216.9183326363901,68.21941831910682,10.843659411606323,-7.544760646856441,-2.3707763656414387,3.368306851948935e-14
216.94513658739578,68.22049289831376,10.845577900235892,-7.5442950061560365,-2.3670724825974876,3.368306851948935e-14
216.9719431800871,68.22156271633585,10.847495019796796,-7.543828194930748,-2.363368504309848,8.420767129872338e-14
216.9987524041603,68.22262776916376,10.849410758274368,-7.543360211112449,-2.3596644337314756,7.578690416885104e-14
217.02556424928966,68.22368805279051,10.851325103653933,-7.5428910526369926,-2.355960273820111,3.368306851948935e-14
217.05237870512713,68.22474356321142,10.853238043920811,-7.542420717444232,-2.35225602753828,5.894536990910637e-14
217.07919576130269,68.22579429642416,10.855149567060337,-7.541949203478016,-2.348551697853262,1.6841534259744676e-14
217.10601540742425,68.22684024842866,10.85705966105783,-7.541476508686207,-2.344847287737111,2.5262301389617013e-14
217.13283763307763,68.22788141522733,10.858968313898627,-7.541002631020696,-2.3411428001666357,5.894536990910637e-14
217.15966242782665,68.22891779282482,10.860875513568043,-7.540527568437411,-2.337438238123387,2.5262301389617013e-14
217.18648978121306,68.22994937722817,10.862781248051414,-7.540051318896309,-2.3337336045936614,5.894536990910637e-14
217.21331968275666,68.23097616444683,10.864685505334059,-7.539573880361425,-2.33002890256849,2.5262301389617013e-14
217.2401521219552,68.23199815049256,10.866588273401305,-7.539095250800844,-2.326324135043639,5.0524602779234026e-14
217.26698708828442,68.23301533137955,10.868489540238487,-7.538615428186728,-2.3226193050195834,8.420767129872338e-14
217.2938245711983,68.23402770312438,10.870389293830922,-7.538134410495335,-2.3189144155015184,3.368306851948935e-14
217.3206645601286,68.23503526174603,10.872287522163937,-7.537652195707012,-2.315209469499352,3.368306851948935e-14
217.34750704448538,68.23603800326589,10.874184213222868,-7.537168781806208,-2.3115044700276814,1.6841534259744676e-14
217.37435201365668,68.23703592370775,10.876079354993031,-7.536684166781505,-2.307799420105811,6.73661370389787e-14
217.4011994570087,68.23802901909787,10.877972935459757,-7.5361983486256,-2.3040943227577135,2.5262301389617013e-14
