galstreams/tracks/track.st.New-9.ibata2024.ecsv
# %ECSV 1.0
# ---
# datatype:
# - {name: ra, unit: deg, datatype: float64}
# - {name: dec, unit: deg, datatype: float64}
# - {name: distance, unit: kpc, datatype: float64}
# - {name: pm_ra_cosdec, unit: mas / yr, datatype: float64}
# - {name: pm_dec, unit: mas / yr, datatype: float64}
# - {name: radial_velocity, unit: km / s, datatype: float64}
# delimiter: ','
# meta: !!omap
# - __serialized_columns__:
#     dec:
#       __class__: astropy.coordinates.angles.Latitude
#       unit: &id001 !astropy.units.Unit {unit: deg}
#       value: !astropy.table.SerializedColumn {name: dec}
#     distance:
#       __class__: astropy.coordinates.distances.Distance
#       unit: !astropy.units.Unit {unit: kpc}
#       value: !astropy.table.SerializedColumn {name: distance}
#     pm_dec:
#       __class__: astropy.units.quantity.Quantity
#       unit: !astropy.units.Unit {unit: mas / yr}
#       value: !astropy.table.SerializedColumn {name: pm_dec}
#     pm_ra_cosdec:
#       __class__: astropy.units.quantity.Quantity
#       unit: !astropy.units.Unit {unit: mas / yr}
#       value: !astropy.table.SerializedColumn {name: pm_ra_cosdec}
#     ra:
#       __class__: astropy.coordinates.angles.Longitude
#       unit: *id001
#       value: !astropy.table.SerializedColumn {name: ra}
#       wrap_angle: !astropy.coordinates.Angle
#         unit: *id001
#         value: 360.0
#     radial_velocity:
#       __class__: astropy.units.quantity.Quantity
#       unit: !astropy.units.Unit {unit: km / s}
#       value: !astropy.table.SerializedColumn {name: radial_velocity}
# schema: astropy-2.0
ra,dec,distance,pm_ra_cosdec,pm_dec,radial_velocity
[from data line 288]
142.75707951334923,29.70137173929734,0.9999999999999998,11.119344638605371,-6.540603779267212,136.428070693721
142.77010858343,29.701225770134148,0.9999999999999998,11.116478375399966,-6.5410293699168305,136.2741272449846
142.7831665778232,29.70111637477077,0.9999999999999996,11.113607769567803,-6.541466063385266,136.1192367602173
142.7962533267993,29.701043302688447,0.9999999999999998,11.11073286466496,-6.541913786303981,135.9634100918852
142.80936866055302,29.701006303425267,0.9999999999999997,11.107853704261338,-6.542372465335139,135.80665809245437
142.82251240920246,29.701005126576465,0.9999999999999999,11.104970331941024,-6.542842027171505,135.64899161439084
142.83568440278776,29.701039521794808,0.9999999999999998,11.102082791302903,-6.543322398536237,135.4904215101607
142.84888447126988,29.701109238790945,0.9999999999999998,11.099191125960981,-6.543813506182718,135.33095863223005
142.86211244452934,29.701214027333865,0.9999999999999999,11.096295379544928,-6.544315276894444,135.17061383306492
142.87536815236513,29.701353637251053,0.9999999999999999,11.093395595700496,-6.544827637484818,135.0093979651315
142.8886514244933,29.701527818429128,0.9999999999999999,11.090491818090012,-6.545350514797007,134.84732188089575
142.90196209054588,29.701736320814017,0.9999999999999999,11.08758409039277,-6.545883835703786,134.68439643282372
142.91529998006968,29.70197889441139,0.9999999999999999,11.084672456305547,-6.546427527107378,134.52063247338157
142.92866492252514,29.702255289286985,0.9999999999999999,11.081756959542979,-6.5469815159393105,134.35604085503545
142.94205674728505,29.70256525556702,0.9999999999999999,11.078837643838058,-6.547545729160261,134.19063243025127
142.9554752836335,29.702908543438397,0.9999999999999999,11.075914552942542,-6.548120093759876,134.02441805149516
142.96892036076468,29.70328490314928,0.9999999999999998,11.07298773062739,-6.548704536756681,133.8574085712332
142.98239180778168,29.703694085009285,0.9999999999999999,11.07005722068321,-6.549298985197866,133.6896148419315
142.99588945369544,29.70413583938989,0.9999999999999998,11.067123066920654,-6.549903366159203,133.52104771605616
143.0094131274235,29.704609916724745,0.9999999999999998,11.0641853131709,-6.550517606744848,133.35171804607316
143.022962657789,29.705116067510076,0.9999999999999999,11.061244003286017,-6.551141634087196,133.18163668444862
143.03653787351962,29.7056540423049,0.9999999999999999,11.058299181139404,-6.551775375346816,133.01081448364857
143.0501386032462,29.706223591731554,0.9999999999999999,11.055350890626245,-6.552418757712209,132.83926229613925
143.0637646755019,29.70682446647589,0.9999999999999999,11.052399175663869,-6.553071708399715,132.66699097438652
143.07741591872093,29.707456417287656,0.9999999999999998,11.049444080192176,-6.55373415465339,132.4940113708566
143.09109216123773,29.70811919498087,0.9999999999999998,11.046485648174073,-6.554406023744843,132.3203343380155
143.10479323128553,29.70881255043409,1.0,11.043523923595838,-6.555087242973091,132.14597072832925
143.11851895699573,29.709536234590722,0.9999999999999999,11.040558950467542,-6.555777739664482,131.97093139426414
143.13226916639636,29.710289998459466,0.9999999999999998,11.037590772823442,-6.556477441172486,131.795227188286
143.1460436874114,29.71107359311456,1.0,11.034619434722401,-6.557186274877605,131.618868962861
143.15984234785958,29.7118867696961,1.0,11.031644980248252,-6.557904168187243,131.44186757045532
143.17366497545333,29.712729279410425,0.9999999999999998,11.028667453510188,-6.558631048535583,131.26423386353483
143.1875113977979,29.713600873530382,1.0,11.025686898643151,-6.559366843383409,131.0859786945657
143.20138144239021,29.714501303395593,0.9999999999999999,11.022703359808268,-6.560111480218073,130.90711291601409
143.21527493661793,29.71543032041292,1.0,11.019716881193116,-6.560864886553264,130.72764738034593
143.22919170775833,29.716387676056677,0.9999999999999999,11.016727507012236,-6.561626989928969,130.5475929400274
143.24313158297753,29.71737312186898,0.9999999999999999,11.013735281507401,-6.562397717911301,130.36696044752458
143.2570943893293,29.718386409460024,1.0,11.010740248948032,-6.5631769980923975,130.18576075530348
143.2710799537541,29.71942729050845,0.9999999999999998,11.007742453631613,-6.563964758090293,130.0040047158302
143.28508810307852,29.720495516761545,1.0,11.004741939883917,-6.564760925548834,129.8217031815708
143.29911866401366,29.721590840035677,1.0,11.001738752059556,-6.565565428137489,129.63886700499134
143.3131714631546,29.722713012216534,0.9999999999999999,10.998732934542197,-6.566378193551308,129.45550703855798
143.32724632697943,29.723861785259444,0.9999999999999999,10.99572453174496,-6.567199149510773,129.27163413473676
143.3413430818483,29.72503691118963,0.9999999999999999,10.992713588110792,-6.568028223761686,129.08725914599378
143.35546155400226,29.726238142102584,0.9999999999999999,10.989700148112842,-6.56886534407504,128.90239292479498
143.36960156956283,29.727465230164253,0.9999999999999999,10.986684256254716,-6.569710438246977,128.71704632360655
143.38376295453065,29.728717927611463,1.0,10.983665957070905,-6.570563434098587,128.5312301948946
143.39794553478472,29.729995986752122,0.9999999999999999,10.980645295127124,-6.571424259475868,128.34495539112513
143.41214913608158,29.731299159965552,1.0,10.977622315020604,-6.572292842249576,128.15823276476428
143.4263735840544,29.732627199702744,1.0,10.974597061380468,-6.573169110315164,127.97107316827807
143.44061870421197,29.733979858486677,1.0,10.971569578868056,-6.574052991592619,127.78348745413257
143.45488432193812,29.735356888912538,1.0,10.968539912177235,-6.574944414026431,127.59548647479383
143.46917026249056,29.736758043648102,1.0,10.965508106034754,-6.575843305585424,127.40708108272801
143.48347635100026,29.738183075433927,1.0,10.962474205200564,-6.5767495942626955,127.21828213040119
143.49780241247032,29.739631737083705,1.0,10.959438254468145,-6.5776632080754975,127.02910047027937
143.5121482717756,29.74110378148446,1.0,10.956400298664768,-6.578584075065164,126.83954695482863
143.5265137536613,29.742598961596904,1.0,10.953360382651937,-6.579512123296973,126.6496324365151
143.5408986827428,29.744117030455573,1.0,10.950318551325537,-6.580447280860108,126.45936776780489
143.55530288350434,29.74565774116926,1.0,10.947274849616292,-6.581389475867501,126.26876380116396
143.56972618029835,29.747220846921223,1.0000000000000002,10.944229322490001,-6.5823386364557885,126.07783138905842
143.5841683973448,29.748806100969393,1.0,10.941182014947824,-6.583294690785185,125.88658138395436
143.59862935873028,29.7504132566467,1.0,10.938132972026636,-6.584257567039418,125.6950246383179
143.6131088884072,29.752042067361344,1.0,10.935082238799318,-6.585227193425621,125.5031720046151
143.62760681019324,29.753692286596937,1.0,10.932029860374993,-6.586203498174266,125.31103433531199
143.6421229477704,29.755363667912963,1.0,10.92897588189938,-6.5871864095390595,125.1186224828747
143.65665712468407,29.757055964944843,1.0,10.925920348555094,-6.588175855796835,124.92594729976925
143.67120916434283,29.758768931404294,1.0,10.92286330556188,-6.5891717652475235,124.73301963846168
143.68577889001713,29.76050232107957,1.0,10.919804798176909,-6.5901740662140345,124.53985035141822
143.70036612483892,29.7622558878357,1.0,10.91674487169508,-6.591182687042158,124.34645029110483
143.71497069180094,29.764029385614613,1.0,10.913683571449305,-6.592197556100524,124.15283030998759
143.7295924137557,29.765822568435645,0.9999999999999999,10.910620942810763,-6.593218601780499,123.95900126053256
143.74423111341517,29.76763519039556,1.0,10.907557031189164,-6.5942457524961,123.76497399520595
143.75888661334972,29.769467005668883,1.0,10.90449188203306,-6.595278936683934,123.57075936647371
143.77355873598776,29.77131776850812,1.0,10.901425540830035,-6.596318082803113,123.37636822680186
143.7882473036148,29.773187233244037,1.0,10.898358053107064,-6.597363119335177,123.18181142865662
143.8029521383731,29.77507515428571,1.0000000000000002,10.895289464430697,-6.598413974784015,122.98709982450397
143.81767306226058,29.776981286121067,1.0000000000000002,10.892219820407345,-6.599470577675828,122.79224426681007
143.83240989713045,29.778905383316864,1.0,10.889149166683582,-6.600532856558987,122.59725560804085
143.84716246469065,29.78084720051902,1.0,10.886077548946265,-6.601600740004017,122.40214470066257
143.86193058650292,29.78280649245283,0.9999999999999999,10.88300501292293,-6.60267415660352,122.20692239714116
143.8767140839823,29.784783013923207,1.0000000000000002,10.879931604381962,-6.6037530349720885,122.01159954994282
143.89151277839682,29.786776519814765,1.0,10.876857369132821,-6.60483730374625,121.8161870115335
143.90632649086632,29.788786765092276,1.0,10.873782353026346,-6.605926891584406,121.62069563437932
143.92115504236222,29.790813504800713,1.0,10.870706601954936,-6.607021727166732,121.42513627094642
143.93599825370686,29.792856494065525,1.0,10.867630161852805,-6.608121739195159,121.22951977370074
143.9508559455729,29.794915488092826,1.0000000000000002,10.864553078696218,-6.609226856393283,121.03385699510854
143.96572793848267,29.796990242169656,1.0,10.861475398503707,-6.6103370075063035,120.83815878763572
143.9806140528079,29.799080511664087,1.0000000000000002,10.858397167336278,-6.6114521213009825,120.64243600374846
143.99551410876867,29.801186052025535,1.0000000000000002,10.855318431297682,-6.612572126565549,120.44669949591282
144.0104279264332,29.803306618784937,1.0000000000000004,10.852239236534611,-6.613696952109668,120.25096011659485
144.0253553257173,29.805441967554916,1.0000000000000002,10.849159629236887,-6.614826526764367,120.0552287182606
144.04029612638362,29.807591854030033,1.0000000000000004,10.846079655637698,-6.615960779381998,119.85951615337625
144.05525014804135,29.809756033986947,1.0000000000000004,10.842999362013835,-6.6170996388361445,119.66383327440776
144.0702172101457,29.811934263284567,1.0000000000000002,10.839918794685818,-6.618243034021626,119.46819093382125
144.0851971319971,29.814126297864355,1.0000000000000002,10.836838000018204,-6.619390893854361,119.27259998408285
144.10018973274106,29.81633189375047,1.0000000000000002,10.833757024419697,-6.620543147271405,119.0770712776585
144.11519483136743,29.818550807049885,1.0000000000000002,10.830675914343407,-6.621699723230811,118.88161566701442
144.13021224671002,29.82078279395271,1.0000000000000004,10.827594716287017,-6.62286055071165,118.68624400461663
144.1452417974461,29.82302761073228,1.0000000000000002,10.824513476792957,-6.624025558713922,118.4909671429312
144.16028330209602,29.825285013745262,1.0000000000000004,10.821432242448651,-6.625194676258508,118.29579593442418
144.17533657902254,29.82755475943205,1.0000000000000002,10.818351059886641,-6.626367832387143,118.10074123156166
144.19040144643063,29.82983660431677,1.0000000000000002,10.815269975784785,-6.627544956162345,117.90581388680977
144.20547772236674,29.832130305007524,1.0000000000000002,10.812189036866469,-6.628725976667373,117.71102475263453
144.22056522471865,29.834435618196526,1.0000000000000002,10.809108289900745,-6.6299108230062025,117.51638468150202
144.2356637712149,29.83675230066033,1.0000000000000002,10.806027781702529,-6.6310994243034385,117.32190452587835
144.25077317942436,29.839080109259875,1.0000000000000002,10.802947559132754,-6.632291709704335,117.12759513822957
144.26589326675594,29.8414188009408,1.0000000000000002,10.799867669098543,-6.633487608374687,116.93346737102175
144.28102385045798,29.84376813273356,1.0000000000000002,10.79678815855338,-6.634687049500825,116.73953207672093
144.29616474761812,29.846127861753523,1.0000000000000004,10.793709074497242,-6.635889962289573,116.54580010779333
144.3113157751626,29.848497745201183,1.0000000000000002,10.79063046397684,-6.637096275968186,116.35228231670484
144.32647674985623,29.850877540362323,1.0000000000000004,10.787552374085633,-6.638305919784349,116.15898955592165
144.34164748830182,29.853267004608146,1.0000000000000002,10.784474851964127,-6.639518823006101,115.96593267790978
144.3568278069398,29.85566589539542,1.0000000000000002,10.781397944799906,-6.640734914921814,115.77312253513536
144.372017522048,29.85807397026666,1.0000000000000002,10.778321699827877,-6.641954124840162,115.58056998006442
144.38721644974117,29.86049098685026,1.0000000000000002,10.775246164330332,-6.643176382090084,115.38828586516308
144.40242440597083,29.862916702860606,1.0000000000000002,10.772171385637124,-6.644401616020736,115.19628104289738
144.41764120652473,29.86535087609827,1.0000000000000002,10.769097411125795,-6.645629756001464,115.00456636573337
144.43286666702667,29.867793264450114,1.0000000000000002,10.766024288221743,-6.646860731421793,114.81315268613722
144.44810060293622,29.870243625889422,1.0000000000000004,10.762952064398274,-6.648094471691344,114.62205085657487
144.4633428295483,29.872701718476087,1.0000000000000002,10.759880787176812,-6.649330906239866,114.43127172951252
144.47859316199305,29.875167300356672,1.0000000000000002,10.756810504126955,-6.650569964517166,114.24082615741614
144.49385141523535,29.877640129764593,1.0000000000000002,10.753741262866662,-6.651811575993073,114.05072499275191
144.50911740407474,29.88011996502021,1.0000000000000002,10.750673111062321,-6.653055670157436,113.86097908798584
144.52439094314508,29.88260656453098,1.0000000000000002,10.74760609642886,-6.654302176520086,113.67159929558406
144.53967184691425,29.88509968679157,1.0000000000000002,10.744540266729908,-6.655551024610798,113.48259646801259
144.554959929684,29.88759909038396,1.0000000000000002,10.741475669777824,-6.65680214397929,113.2939814577375
144.5702550055896,29.890104533977595,1.0000000000000002,10.738412353433917,-6.65805546419516,113.1057651172249
144.58555688859977,29.892615776329468,1.0000000000000007,10.735350365608394,-6.659310914847913,112.91795829894089
144.60086539251628,29.89513257628425,1.0000000000000004,10.73228975426062,-6.660568425546883,112.73057185535147
144.61618033097392,29.89765469277437,1.0000000000000004,10.729230567399096,-6.6618279259212265,112.54361663892276
144.63150151744014,29.900181884820185,1.0000000000000004,10.726172853081573,-6.663089345619944,112.35710350212084
144.64682876521496,29.902713911530018,1.0000000000000004,10.723116659415194,-6.664352614311799,112.1710432974118
144.66216188743076,29.905250532100297,1.0000000000000004,10.72006203455652,-6.665617661685321,111.98544687726165
144.6775006970521,29.90779150581565,1.0000000000000004,10.717009026711661,-6.666884417448792,111.80032509413655
144.6928450068755,29.91033659204897,1.0000000000000002,10.713957684136304,-6.668152811330214,111.61568880050251
144.70819462952946,29.91288555026159,1.0000000000000004,10.710908055135814,-6.669422773077316,111.43154884882567
144.7235493774741,29.915438140003257,1.0000000000000004,10.707860188065327,-6.670694232457485,111.24791609157201
144.73890906300113,29.91799412091234,1.0000000000000004,10.704814131329787,-6.671967119257818,111.06480138120766
144.75427349823374,29.920553252715827,1.0000000000000002,10.70176993338402,-6.673241363285051,110.88221557019877
144.76964249512645,29.923115295229472,1.0000000000000004,10.698727642732788,-6.674516894365565,110.7001695110113
144.7850158654649,29.925680008357823,1.0000000000000004,10.695687307930893,-6.6757936423453605,110.51867405611132
144.800393420866,29.928247152094347,1.0000000000000004,10.69264897758319,-6.67707153709007,110.33774005796504
144.81577497277755,29.930816486521476,1.0000000000000004,10.689612700344615,-6.678350508484914,110.15737836903838
144.83116033247833,29.933387771810686,1.0000000000000004,10.686578524920327,-6.6796304864347,109.97759984179754
144.84654931107792,29.935960768222603,1.0000000000000004,10.683546500065683,-6.6809114008638195,109.79841532870851
144.86194171951686,29.938535236106986,1.0000000000000004,10.680516674586247,-6.682193181716214,109.6198356822374
