galstreams/tracks/track.st.Jhelum-a.shipp2019.ecsv
# %ECSV 0.9
# ---
# datatype:
# - {name: ra, unit: deg, datatype: float64}
# - {name: dec, unit: deg, datatype: float64}
# - {name: distance, unit: kpc, datatype: float64}
# - {name: pm_ra_cosdec, unit: mas / yr, datatype: float64}
# - {name: pm_dec, unit: mas / yr, datatype: float64}
# - {name: radial_velocity, unit: km / s, datatype: float64}
# delimiter: ','
# meta: !!omap
# - __serialized_columns__:
#     dec:
#       __class__: astropy.coordinates.angles.Latitude
#       unit: &id001 !astropy.units.Unit {unit: deg}
#       value: !astropy.table.SerializedColumn {name: dec}
#     distance:
#       __class__: astropy.coordinates.distances.Distance
#       unit: !astropy.units.Unit {unit: kpc}
#       value: !astropy.table.SerializedColumn {name: distance}
#     pm_dec:
#       __class__: astropy.units.quantity.Quantity
#       unit: !astropy.units.Unit {unit: mas / yr}
#       value: !astropy.table.SerializedColumn {name: pm_dec}
#     pm_ra_cosdec:
#       __class__: astropy.units.quantity.Quantity
#       unit: !astropy.units.Unit {unit: mas / yr}
#       value: !astropy.table.SerializedColumn {name: pm_ra_cosdec}
#     ra:
#       __class__: astropy.coordinates.angles.Longitude
#       unit: *id001
#       value: !astropy.table.SerializedColumn {name: ra}
#       wrap_angle: !astropy.coordinates.Angle
#         unit: *id001
#         value: 360.0
#     radial_velocity:
#       __class__: astropy.units.quantity.Quantity
#       unit: !astropy.units.Unit {unit: km / s}
#       value: !astropy.table.SerializedColumn {name: radial_velocity}
# schema: astropy-2.0
ra,dec,distance,pm_ra_cosdec,pm_dec,radial_velocity
323.005498428775,-46.903496620461475,13.19999999998044,4.959197476650451,-5.982563765946544,-2.4447710060541685e-08
323.01884519253576,-46.90764625104084,13.199999999980452,4.960030153721579,-5.981810567012647,-2.4434944177572796e-08
323.03219400633054,-46.9117943586928,13.199999999980466,4.960862952772002,-5.9810570617320025,-2.442217829460391e-08
323.0455448700325,-46.915940942941965,13.199999999980477,4.961695873679738,-5.980303250039069,-2.440961451004614e-08
323.05889778351394,-46.920086003312896,13.199999999980491,4.962528916322693,-5.97954913186837,-2.4397084408556893e-08
323.07225274664694,-46.92422953933025,13.199999999980504,4.963362080578668,-5.978794707154483,-2.4384284842519486e-08
323.08560975930226,-46.92837155051858,13.199999999980516,4.964195366325351,-5.978039975832086,-2.4371687374893197e-08
323.0989688213504,-46.93251203640243,13.199999999980529,4.9650287734403244,-5.9772849378359005,-2.435895517499283e-08
323.112329932661,-46.93665099650638,13.19999999998054,4.965862301801061,-5.976529593100738,-2.434639139043506e-08
323.12569309310305,-46.940788430354985,13.199999999980554,4.966695951284924,-5.9757739415614655,-2.4333760239740252e-08
323.139058302545,-46.94492433747278,13.199999999980564,4.967529721769185,-5.975017983153027,-2.4320960673702845e-08
323.15242556085417,-46.949058717384275,13.199999999980578,4.968363613130972,-5.974261717810446,-2.4308396889145075e-08
323.1657948678979,-46.95319156961405,13.199999999980589,4.969197625247352,-5.973505145468792,-2.4295496273902112e-08
323.1791662235421,-46.957322893686595,13.199999999980607,4.9700317579952475,-5.972748266063229,-2.4282865123207305e-08
323.19253962765254,-46.96145268912642,13.199999999980617,4.970866011251491,-5.971991079528989,-2.4270267655581012e-08
323.205915080094,-46.96558095545801,13.199999999980626,4.971700384892796,-5.9712335858013645,-2.4257670187954724e-08
323.21929258073067,-46.96970769220588,13.199999999980642,4.972534878795783,-5.97047578481572,-2.4244937988054357e-08
323.232672129426,-46.973832898894514,13.199999999980655,4.973369492836949,-5.969717676507507,-2.4232340520428068e-08
323.24605372604293,-46.977956575048374,13.199999999980664,4.974204226892691,-5.968959260812227,-2.4219540954390664e-08
323.2594373704434,-46.98207872019192,13.19999999998068,4.975039080839291,-5.9682005376654725,-2.4206876120627335e-08
323.2728230624889,-46.98619933384966,13.19999999998069,4.97587405455294,-5.967441507002894,-2.4194211286864006e-08
323.28621080204016,-46.99031841554603,13.199999999980705,4.97670914790971,-5.966682168760215,-2.418151277003216e-08
323.2996005889573,-46.99443596480547,13.199999999980715,4.97754436078556,-5.965922522873239,-2.416884793626883e-08
323.31299242309956,-46.99855198115243,13.19999999998073,4.978379693056347,-5.965162569277836,-2.4156216785574024e-08
323.3263863043255,-47.00266646411135,13.19999999998074,4.979215144597821,-5.96440230790995,-2.4143585634879213e-08
323.3397822324933,-47.00677941320665,13.199999999980752,4.980050715285623,-5.963641738705595,-2.413088711804737e-08
323.35318020746,-47.01089082796274,13.199999999980767,4.980886404995281,-5.962880861600863,-2.411812123507848e-08
323.3665802290823,-47.01500070790407,13.199999999980777,4.981722213602225,-5.962119676531907,-2.4105591133589232e-08
323.37998229721603,-47.01910905255504,13.19999999998079,4.982558140981777,-5.961358183434961,-2.4092993665962943e-08
323.39338641171645,-47.023215861440065,13.199999999980802,4.98339418700914,-5.960596382246329,-2.4080059367651458e-08
323.40679257243784,-47.02732113408354,13.199999999980818,4.984230351559413,-5.959834272902397,-2.406746190002517e-08
323.42020077923416,-47.031424870009836,13.199999999980829,4.985066634507599,-5.959071855339609,-2.405469601705628e-08
323.4336110319584,-47.03552706874338,13.199999999980843,4.98590303572857,-5.958309129494493,-2.4042098549429992e-08
323.4470233304629,-47.0396277298085,13.199999999980855,4.986739555097109,-5.95754609530365,-2.4029366349529625e-08
323.4604376745995,-47.04372685272964,13.199999999980863,4.987576192487891,-5.956782752703745,-2.4016768881903336e-08
323.47385406421915,-47.04782443703116,13.199999999980879,4.988412947775473,-5.956019101631517,-2.400403668200297e-08
323.4872724991721,-47.05192048223742,13.199999999980891,4.989249820834312,-5.955255142023791,-2.3991304482102603e-08
323.500692979308,-47.05601498787279,13.199999999980903,4.990086811538753,-5.954490873817459,-2.3978605965270755e-08
323.5141155044756,-47.060107953461625,13.199999999980914,4.990923919763029,-5.953726296949484,-2.396594113150743e-08
323.5275400745232,-47.064199378528286,13.199999999980927,4.9917611453812745,-5.952961411356906,-2.3953444713086696e-08
323.5409666892983,-47.068289262597105,13.19999999998094,4.992598488267509,-5.95219621697684,-2.394067883011781e-08
323.5543953486477,-47.07237760519249,13.199999999980953,4.993435948295653,-5.951430713746464,-2.3927980313285963e-08
323.5678260524175,-47.07646440583874,13.199999999980966,4.994273525339512,-5.950664901603044,-2.3915248113385596e-08
323.58125880045304,-47.08054966406023,13.19999999998098,4.995111219272779,-5.9498987804839185,-2.390244854734819e-08
323.59469359259907,-47.084633379381266,13.19999999998099,4.995949029969048,-5.949132350326496,-2.38898510797219e-08
323.6081304286995,-47.08871555132621,13.199999999981003,4.996786957301802,-5.948365611068261,-2.3877118879821534e-08
323.6215693085976,-47.0927961794194,13.199999999981015,4.997625001144407,-5.947598562646775,-2.3864487729126726e-08
323.6350102321361,-47.09687526318514,13.19999999998103,4.998463161370149,-5.946831204999665,-2.38516544800208e-08
323.6484531991566,-47.10095280214775,13.199999999981042,4.999301437852158,-5.946063538064653,-2.383915806160007e-08
323.6618982095006,-47.105028795831615,13.199999999981054,5.000139830463518,-5.94529556177951,-2.3826459544768223e-08
323.67534526300835,-47.109103243761034,13.199999999981065,5.000978339077151,-5.944527276082097,-2.3813626295662297e-08
323.6887943595197,-47.1131761454603,13.199999999981074,5.0018169635659,-5.9437586809103555,-2.380099514496749e-08
323.70224549887365,-47.11724750045378,13.19999999998109,5.002655703802488,-5.942989776202287,-2.3788195578930082e-08
323.71569868090864,-47.12131730826575,13.199999999981102,5.003494559659536,-5.942220561895983,-2.3775530745166753e-08
323.72915390546217,-47.125385568420555,13.199999999981117,5.004333531009559,-5.9414510379296015,-2.3762798545266386e-08
323.7426111723712,-47.129452280442464,13.199999999981125,5.005172617724946,-5.940681204241391,-2.3750201077640098e-08
323.75607048147214,-47.133517443855865,13.199999999981138,5.006011819678016,-5.939911060769641,-2.373746887773973e-08
323.76953183260025,-47.13758105818504,13.199999999981152,5.006851136740936,-5.939140607452757,-2.3724804043976405e-08
323.7829952255906,-47.141643122954285,13.199999999981163,5.007690568785797,-5.938369844229198,-2.3712172893281594e-08
323.7964606602771,-47.14570363768792,13.199999999981177,5.0085301156845725,-5.937598771037505,-2.369937332724419e-08
323.8099281364932,-47.14976260191028,13.199999999981186,5.009369777309117,-5.936827387816298,-2.368684322575494e-08
323.82339765407164,-47.15382001514565,13.199999999981198,5.010209553531193,-5.936055694504267,-2.3673976293580494e-08
323.83686921284425,-47.15787587691831,13.199999999981214,5.011049444222441,-5.935283691040187,-2.366121041061161e-08
323.85034281264245,-47.16193018675264,13.199999999981225,5.0118894492544115,-5.9345113773629015,-2.3648713992190876e-08
323.86381845329674,-47.165982944172924,13.199999999981236,5.0127295684985365,-5.933738753411333,-2.363594810922199e-08
323.877296134637,-47.17003414870347,13.19999999998125,5.013569801826135,-5.932965819124482,-2.362328327545866e-08
323.89077585649227,-47.17408379986859,13.199999999981264,5.014410149108421,-5.932192574441428,-2.3610517392489776e-08
323.9042576186911,-47.17813189719259,13.199999999981275,5.015250610216515,-5.931419019301323,-2.3597650460315332e-08
323.917741421061,-47.18217844019979,13.199999999981285,5.016091185021408,-5.9306451536434075,-2.358501930962052e-08
323.9312272634291,-47.186223428414515,13.199999999981301,5.01693187339399,-5.9298709774069795,-2.3572354475857195e-08
323.9447151456216,-47.190266861361025,13.199999999981312,5.017772675205051,-5.929096490531438,-2.3559689642093866e-08
323.9582050674642,-47.19430873856371,13.199999999981326,5.01861359032527,-5.928321692956233,-2.354692375912498e-08
323.97169702878165,-47.198349059546864,13.199999999981335,5.0194546186252165,-5.927546584620918,-2.3534225242293132e-08
323.9851910293981,-47.20238782383479,13.19999999998135,5.020295759975347,-5.926771165465107,-2.3521661457735362e-08
323.99868706913696,-47.206425030951834,13.19999999998136,5.021137014246022,-5.925995435428499,-2.3508794525560918e-08
324.012185147821,-47.21046068042231,13.19999999998137,5.0219783813074805,-5.925219394450873,-2.3495961276454992e-08
324.0256852652721,-47.21449477177054,13.199999999981387,5.022819861029861,-5.924443042472081,-2.3483330125760185e-08
324.0391874213115,-47.21852730452081,13.199999999981399,5.023661453283188,-5.923666379432064,-2.3470833707339455e-08
324.05269161576,-47.22255827819754,13.199999999981411,5.024503157937402,-5.922889405270819,-2.345789940902797e-08
324.06619784843724,-47.226587692325005,13.199999999981422,5.025344974862303,-5.922112119928441,-2.3445200892196122e-08
324.0797061191624,-47.23061554642756,13.199999999981433,5.0261869039275995,-5.9213345233451005,-2.3432569741501315e-08
324.0932164277538,-47.234641840029546,13.199999999981449,5.0270289450028915,-5.9205566154610425,-2.3419770175463907e-08
324.10672877402925,-47.2386665726553,13.199999999981458,5.027871097957667,-5.919778396216595,-2.340703797556354e-08
324.1202431578056,-47.24268974382917,13.199999999981472,5.028713362661312,-5.918999865552163,-2.3394406824868733e-08
324.13375957889906,-47.24671135307546,13.199999999981484,5.029555738983094,-5.9182210234082335,-2.3381741991105404e-08
324.1472780371254,-47.25073139991861,13.199999999981493,5.03039822679219,-5.917441869725362,-2.3369043474273556e-08
324.1607985322992,-47.25474988388292,13.199999999981507,5.031240825957657,-5.916662404444196,-2.335631127437319e-08
324.1743210642346,-47.25876680449278,13.199999999981522,5.032083536348445,-5.9158826275054555,-2.3343511708335786e-08
324.18784563274505,-47.26278216127254,13.199999999981532,5.032926357833398,-5.915102538849947,-2.3330813191503938e-08
324.201372237643,-47.26679595374657,13.199999999981546,5.03376929028125,-5.914322138418549,-2.3318182040809127e-08
324.2149008787406,-47.27080818143925,13.199999999981557,5.0346123335606325,-5.913541426152223,-2.330544984090876e-08
324.2284315558489,-47.27481884387495,13.19999999998157,5.035455487540066,-5.912760401992008,-2.3292582908734316e-08
324.2419642687782,-47.27882794057804,13.19999999998158,5.0362987520879505,-5.911979065879041,-2.3280052807245067e-08
324.25549901733865,-47.282835471072964,13.199999999981594,5.037142127072608,-5.911197417754503,-2.326725324120766e-08
324.26903580133904,-47.28684143488409,13.199999999981605,5.037985612362233,-5.910415457559687,-2.3254386309033216e-08
324.2825746205877,-47.29084583153579,13.19999999998162,5.038829207824905,-5.90963318523595,-2.3241721475269887e-08
324.29611547489213,-47.29484866055251,13.199999999981628,5.039672913328609,-5.908850600724745,-2.3229124007643598e-08
324.3096583640594,-47.29884992145864,13.199999999981644,5.040516728741226,-5.908067703967584,-2.3216358124674713e-08
324.3232032878954,-47.30284961377861,13.199999999981655,5.0413606539305125,-5.907284494906079,-2.3203659607842865e-08
324.3367502462056,-47.30684773703681,13.199999999981664,5.0422046887641265,-5.90650097348192,-2.319082635873694e-08
324.3502992387948,-47.31084429075772,13.19999999998168,5.043048833109629,-5.905717139636863,-2.3178094158836572e-08
324.3638502654668,-47.31483927446576,13.19999999998169,5.043893086834451,-5.9049329933127614,-2.3165463008141765e-08
324.3774033260249,-47.31883268768537,13.199999999981705,5.044737449805935,-5.904148534451542,-2.3152764491309917e-08
324.39095842027155,-47.32282452994101,13.199999999981715,5.045581921891309,-5.903363762995214,-2.3139897559135472e-08
324.40451554800853,-47.326814800757106,13.199999999981726,5.046426502957687,-5.902578678885879,-2.312730009150918e-08
324.4180747090369,-47.33080349965817,13.199999999981738,5.0472711928720795,-5.9017932820657,-2.3114567891608814e-08
324.4316359031568,-47.33479062616861,13.19999999998175,5.04811599150139,-5.901007572476942,-2.310176832557141e-08
324.4451991301681,-47.33877617981298,13.199999999981765,5.048960898712426,-5.9002215500619295,-2.3089069808739562e-08
324.4587643898695,-47.34276016011572,13.199999999981774,5.049805914371869,-5.899435214763092,-2.3076371291907714e-08
324.472331682059,-47.34674256660136,13.199999999981788,5.0506510383463,-5.898648566522928,-2.3063672775075866e-08
324.4859010065342,-47.35072339879437,13.1999999999818,5.0514962705021915,-5.8978616052840165,-2.3050873209038462e-08
324.4994723630916,-47.35470265621929,13.19999999998181,5.052341610705907,-5.897074330989032,-2.3038107326069573e-08
324.5130457515272,-47.35868033840061,13.199999999981824,5.053187058823714,-5.896286743580719,-2.3025408809237725e-08
324.5266211716361,-47.36265644486287,13.199999999981836,5.054032614721747,-5.8954988430019135,-2.3012710292405877e-08
324.5401986232129,-47.36663097513063,13.199999999981848,5.054878278266063,-5.894710629195517,-2.3000011775574033e-08
324.5537781060513,-47.37060392872843,13.19999999998186,5.055724049322598,-5.893922102104533,-2.2987111160331066e-08
324.5673596199443,-47.37457530518081,13.199999999981872,5.056569927757171,-5.893133261672041,-2.2974311594293663e-08
324.58094316468396,-47.378545104012346,13.199999999981888,5.057415913435501,-5.892344107841208,-2.2961747809735892e-08
324.5945287400621,-47.38251332474761,13.199999999981896,5.058262006223212,-5.891554640555274,-2.2948880877561448e-08
324.6081163458693,-47.386479966911196,13.19999999998191,5.059108205985795,-5.890764859757571,-2.293621604379812e-08
324.62170598189573,-47.390445030027685,13.199999999981918,5.059954512588657,-5.88997476539151,-2.2923483843897752e-08
324.63529764793054,-47.39440851362166,13.199999999981936,5.060800925897075,-5.889184357400589,-2.2910751643997385e-08
324.64889134376256,-47.398370417217805,13.199999999981946,5.061647445776247,-5.888393635728385,-2.2898053127165537e-08
324.6624870691796,-47.402330740340695,13.199999999981957,5.062494072091241,-5.887602600318561,-2.288535461033369e-08
324.6760848239686,-47.40628948251498,13.19999999998197,5.0633408047070265,-5.886811251114862,-2.2872453995090726e-08
324.6896846079161,-47.4102466432653,13.19999999998198,5.064187643488456,-5.8860195880611315,-2.2859822844395916e-08
324.7032864208077,-47.41420222211632,13.199999999981994,5.065034588300283,-5.885227611101272,-2.284705696142703e-08
324.71689026242825,-47.418156218592706,13.199999999982005,5.065881639007161,-5.884435320179289,-2.2834223712321105e-08
324.7304961325618,-47.42210863221912,13.199999999982017,5.066728795473607,-5.883642715239274,-2.2821592561626297e-08
324.74410403099216,-47.4260594625203,13.199999999982028,5.0675760575640725,-5.882849796225377,-2.280879299558889e-08
324.75771395750166,-47.43000870902091,13.19999999998204,5.068423425142869,-5.8820565630818695,-2.2796128161825564e-08
324.77132591187245,-47.4339563712457,13.199999999982055,5.0692708980742145,-5.881263015753074,-2.2783261229651116e-08
324.7849398938856,-47.437902448719356,13.199999999982065,5.070118476222211,-5.880469154183427,-2.2770461663613713e-08
324.79855590332164,-47.44184694096665,13.199999999982078,5.070966159450864,-5.879674978317427,-2.2757695780644824e-08
324.8121739399603,-47.445789847512316,13.199999999982088,5.071813947624058,-5.878880488099676,-2.2744963580744457e-08
324.8257940035804,-47.4497311678811,13.1999999999821,5.072661840605578,-5.8780856834748505,-2.273233243004965e-08
