galstreams/tracks/track.st.Gaia-6.ibata2021.ecsv
# %ECSV 1.0
# ---
# datatype:
# - {name: ra, unit: deg, datatype: float64}
# - {name: dec, unit: deg, datatype: float64}
# - {name: distance, unit: kpc, datatype: float64}
# - {name: pm_ra_cosdec, unit: mas / yr, datatype: float64}
# - {name: pm_dec, unit: mas / yr, datatype: float64}
# - {name: radial_velocity, unit: km / s, datatype: float64}
# delimiter: ','
# meta: !!omap
# - __serialized_columns__:
#     dec:
#       __class__: astropy.coordinates.angles.Latitude
#       unit: &id001 !astropy.units.Unit {unit: deg}
#       value: !astropy.table.SerializedColumn {name: dec}
#     distance:
#       __class__: astropy.coordinates.distances.Distance
#       unit: !astropy.units.Unit {unit: kpc}
#       value: !astropy.table.SerializedColumn {name: distance}
#     pm_dec:
#       __class__: astropy.units.quantity.Quantity
#       unit: !astropy.units.Unit {unit: mas / yr}
#       value: !astropy.table.SerializedColumn {name: pm_dec}
#     pm_ra_cosdec:
#       __class__: astropy.units.quantity.Quantity
#       unit: !astropy.units.Unit {unit: mas / yr}
#       value: !astropy.table.SerializedColumn {name: pm_ra_cosdec}
#     ra:
#       __class__: astropy.coordinates.angles.Longitude
#       unit: *id001
#       value: !astropy.table.SerializedColumn {name: ra}
#       wrap_angle: !astropy.coordinates.Angle
#         unit: *id001
#         value: 360.0
#     radial_velocity:
#       __class__: astropy.units.quantity.Quantity
#       unit: !astropy.units.Unit {unit: km / s}
#       value: !astropy.table.SerializedColumn {name: radial_velocity}
# schema: astropy-2.0
ra,dec,distance,pm_ra_cosdec,pm_dec,radial_velocity
[from data line 1124]
214.53102837942023,32.92676614517368,8.233529921323763,-8.32972878199235,-7.778516936512407,1.6841534259744676e-14
214.54015263670345,32.93319500892494,8.23440262846563,-8.329298332827259,-7.775825010446429,1.515738083377021e-13
214.5492783471439,32.93962308295485,8.235277134686605,-8.328866885231566,-7.77313243798791,6.73661370389787e-14
214.55840551232285,32.94605036576739,8.236153439401365,-8.328434435399169,-7.770439219758255,8.420767129872338e-14
214.56753413382128,32.95247685586605,8.237031542024575,-8.328000979523946,-7.7677453563803125,5.0524602779234026e-14
214.57666421322008,32.95890255175395,8.237911441970917,-8.32756651379975,-7.765050848478359,0.0
214.58579575209993,32.965327451933675,8.238793138655058,-8.327131034420415,-7.762355696678119,5.0524602779234026e-14
214.59492875204137,32.97175155490742,8.239676631491673,-8.32669453757974,-7.75965990160675,1.6841534259744676e-14
214.6040632146247,32.978174859176924,8.240561919895438,-8.326257019471504,-7.75696346389285,1.1789073981821273e-13
214.6131991414301,32.98459736324346,8.241449003281023,-8.325818476289461,-7.754266384166462,1.0104920555846805e-13
214.62233653403754,32.99101906560788,8.242337881063104,-8.325378904227344,-7.751568663059068,5.0524602779234026e-14
214.6314753940268,32.997439964770564,8.243228552656348,-8.324938299478864,-7.7488703012036035,-6.73661370389787e-14
214.64061572297754,33.00386005923145,8.24412101747544,-8.324496658237694,-7.7461712992344385,0.0
214.64975752246917,33.01027934749003,8.245015274935042,-8.324053976697504,-7.74347165778741,3.368306851948935e-14
214.65890079408092,33.016697828045345,8.245911324449834,-8.323610251051928,-7.7407713774997795,1.1789073981821273e-13
214.6680455393919,33.02311549939601,8.246809165434485,-8.323165477494577,-7.738070459010275,3.368306851948935e-14
214.677191759981,33.02953236004014,8.247708797303668,-8.322719652219044,-7.735368902959072,5.0524602779234026e-14
214.68633945742693,33.035948408475456,8.248610219472063,-8.322272771418895,-7.732666709987799,1.6841534259744676e-14
214.69548863330814,33.0423636431992,8.24951343135434,-8.321824831287682,-7.729963880739541,6.73661370389787e-14
214.70463928920307,33.04877806270816,8.250418432365167,-8.321375828018924,-7.727260415858839,3.368306851948935e-14
214.71379142668982,33.05519166549868,8.251325221919222,-8.320925757806123,-7.724556315991686,0.0
214.72294504734631,33.06160445006668,8.252233799431178,-8.320474616842757,-7.721851581785542,0.0
214.7321001527504,33.068016414907575,8.25314416431571,-8.320022401322287,-7.719146213889312,1.0104920555846805e-13
214.7412567444796,33.074427558516376,8.25405631598749,-8.319569107438145,-7.716440212953383,1.1789073981821273e-13
214.7504148241114,33.080837879387644,8.254970253861188,-8.319114731383756,-7.713733579629594,-6.73661370389787e-14
214.75957439322295,33.08724737601543,8.255885977351483,-8.318659269352507,-7.7110263145712405,5.0524602779234026e-14
214.76873545339123,33.09365604689343,8.256803485873043,-8.318202717537776,-7.7083184184331035,8.420767129872338e-14
214.7778980061932,33.10006389051479,8.257722778840545,-8.317745072132913,-7.705609891871411,0.0
214.78706205320537,33.10647090537227,8.258643855668659,-8.317286329331257,-7.702900735543871,-3.368306851948935e-14
214.79622759600426,33.11287708995814,8.259566715772062,-8.31682648532611,-7.700190950109655,1.1789073981821273e-13
214.80539463616614,33.11928244276426,8.260491358565426,-8.31636553631078,-7.69748053622941,-5.0524602779234026e-14
214.814563175267,33.125686962281996,8.26141778346342,-8.315903478478532,-7.694769494565257,-1.6841534259744676e-14
214.82373321488276,33.13209064700228,8.262345989880727,-8.315440308022616,-7.692057825780784,6.73661370389787e-14
214.8329047565891,33.138493495415595,8.263275977232013,-8.314976021136271,-7.689345530541059,5.0524602779234026e-14
214.84207780196152,33.144895506011956,8.264207744931948,-8.31451061401272,-7.6866326095126265,1.6841534259744676e-14
214.85125235257522,33.15129667728094,8.265141292395215,-8.31404408284515,-7.6839190633635095,1.347322740779574e-13
214.86042841000534,33.157697007711654,8.26607661903648,-8.313576423826746,-7.68120489276321,1.347322740779574e-13
214.8696059758268,33.16409649579278,8.267013724270422,-8.313107633150665,-7.6784900983827065,1.6841534259744676e-14
214.87878505161424,33.17049514001252,8.267952607511708,-8.31263770701005,-7.675774680894467,1.0104920555846805e-13
214.88796563894218,33.176892938858614,8.268893268175015,-8.312166641598022,-7.673058640972439,3.368306851948935e-14
214.8971477393849,33.18328989081837,8.269835705675016,-8.311694433107691,-7.670341979292054,6.73661370389787e-14
214.90633135451648,33.18968599437865,8.270779919426383,-8.311221077732146,-7.667624696530236,1.6841534259744677e-13
214.9155164859109,33.19608124802584,8.271725908843788,-8.310746571664462,-7.66490679336539,6.73661370389787e-14
214.92470313514173,33.20247565024587,8.272673673341911,-8.31027091109768,-7.662188270477411,6.73661370389787e-14
214.93389130378253,33.208869199524216,8.273623212335417,-8.309794092224859,-7.659469128547694,3.368306851948935e-14
214.9430809934066,33.21526189434592,8.274574525238988,-8.309316111239001,-7.65674936825911,0.0
214.95227220558695,33.22165373319554,8.275527611467288,-8.308836964333125,-7.654028990296044,1.347322740779574e-13
214.96146494189654,33.22804471455719,8.276482470434996,-8.308356647700215,-7.651307995344354,1.515738083377021e-13
214.970659203908,33.234434836914545,8.277439101556784,-8.307875157533239,-7.648586384091406,0.0
214.9798549931938,33.240824098750785,8.278397504247327,-8.307392490025164,-7.64586415722607,5.0524602779234026e-14
214.98905231132622,33.24721249854867,8.279357677921295,-8.306908641368926,-7.6431413154387045,1.347322740779574e-13
214.99825115987733,33.25360003479048,8.280319621993364,-8.306423607757456,-7.640417859421167,1.6841534259744676e-14
215.00745154041894,33.25998670595805,8.281283335878205,-8.305937385383663,-7.63769378986683,1.6841534259744676e-14
215.0166534545227,33.26637251053276,8.282248818990494,-8.305449970440446,-7.634969107470559,3.368306851948935e-14
215.02585690376003,33.27275744699552,8.2832160707449,-8.304961359120695,-7.63224381292873,1.6841534259744676e-14
215.03506188970218,33.27914151382679,8.284185090556102,-8.304471547617267,-7.629517906939216,1.8525687685719145e-13
215.04426841392015,33.28552470950658,8.285155877838768,-8.30398053212302,-7.626791390201407,8.420767129872338e-14
215.05347647798473,33.29190703251442,8.286128432007576,-8.303488308830804,-7.624064263416201,1.347322740779574e-13
215.06268608346653,33.298288481329415,8.287102752477196,-8.302994873933436,-7.621336527286001,0.0
215.07189723193588,33.30466905443017,8.288078838662305,-8.302500223623737,-7.618608182514732,5.0524602779234026e-14
215.08110992496296,33.311048750294866,8.289056689977572,-8.302004354094507,-7.615879229807826,1.6841534259744676e-14
215.0903241641177,33.31742756740122,8.290036305837672,-8.301507261538532,-7.613149669872226,-1.6841534259744676e-14
215.09953995096987,33.32380550422645,8.291017685657279,-8.301008942148595,-7.6104195034164,5.0524602779234026e-14
215.10875728708896,33.33018255924738,8.292000828851064,-8.300509392117455,-7.607688731150329,0.0
215.1179761740443,33.336558730940325,8.2929857348337,-8.300008607637864,-7.604957353785518,1.1789073981821273e-13
215.12719661340495,33.34293401778117,8.293972403019865,-8.299506584902565,-7.602225372034978,5.0524602779234026e-14
215.13641860673974,33.349308418245315,8.29496083282423,-8.299003320104283,-7.59949278661326,5.0524602779234026e-14
215.14564215561737,33.355681930807705,8.295951023661466,-8.29849880943574,-7.596759598236437,1.1789073981821273e-13
215.15486726160623,33.36205455394284,8.296942974946251,-8.297993049089637,-7.59402580762209,5.0524602779234026e-14
215.16409392627455,33.36842628612476,8.297936686093252,-8.297486035258677,-7.591291415489348,0.0
215.1733221511903,33.374797125827016,8.29893215651715,-8.296977764135537,-7.588556422558851,1.347322740779574e-13
215.18255193792126,33.381167071522725,8.299929385632607,-8.2964682319129,-7.58582082955278,6.73661370389787e-14
215.19178328803494,33.387536121684526,8.30092837285431,-8.295957434783423,-7.58308463719484,6.73661370389787e-14
215.2010162030987,33.39390427478462,8.301929117596924,-8.295445368939767,-7.580347846210271,6.73661370389787e-14
215.21025068467964,33.40027152929471,8.302931619275123,-8.294932030574577,-7.577610457325849,1.347322740779574e-13
215.21948673434457,33.40663788368608,8.303935877303582,-8.294417415880487,-7.574872471269876,6.73661370389787e-14
215.22872435366023,33.41300333642952,8.304941891096972,-8.293901521050124,-7.572133888772203,6.73661370389787e-14
215.23796354419295,33.41936788599536,8.30594966006997,-8.293384342276108,-7.56939471056421,6.73661370389787e-14
215.24720430750895,33.425731530853476,8.306959183637247,-8.292865875751051,-7.566654937378821,8.420767129872338e-14
215.25644664517424,33.43209426947327,8.307970461213474,-8.29234611766755,-7.563914569950501,5.0524602779234026e-14
215.2656905587545,33.43845610032371,8.308983492213327,-8.291825064218209,-7.561173609015257,1.1789073981821273e-13
215.2749360498153,33.44481702187328,8.30999827605148,-8.291302711595602,-7.558432055310634,8.420767129872338e-14
215.28418311992183,33.45117703258999,8.311014812142608,-8.290779055992312,-7.555689909575734,1.515738083377021e-13
215.29343177063924,33.4575361309414,8.31203309990138,-8.290254093600913,-7.552947172551198,1.0104920555846805e-13
215.30268200353228,33.46389431539461,8.31305313874247,-8.289727820613967,-7.5502038449792135,1.0104920555846805e-13
215.31193382016556,33.47025158441624,8.31407492808055,-8.28920023322404,-7.547459927603528,1.0104920555846805e-13
215.32118722210345,33.47660793647247,8.315098467330301,-8.288671327623671,-7.5447154211694265,6.73661370389787e-14
215.33044221091004,33.48296337002898,8.31612375590639,-8.288141100005413,-7.541970326423761,1.0104920555846805e-13
215.33969878814926,33.48931788355104,8.317150793223488,-8.287609546561807,-7.539224644114924,0.0
215.3489569553847,33.495671475503364,8.318179578696274,-8.287076663485381,-7.5364783749928765,6.73661370389787e-14
215.3582167141798,33.502024144350315,8.319210111739416,-8.286542446968669,-7.5337315198091295,1.1789073981821273e-13
215.36747806609776,33.50837588855572,8.320242391767593,-8.286006893204194,-7.5309840793167515,5.0524602779234026e-14
215.3767410127015,33.51472670658293,8.321276418195476,-8.285469998384476,-7.528236054270378,1.6841534259744677e-13
215.38600555555377,33.521076596894865,8.322312190437733,-8.284931758702028,-7.525487445426198,5.0524602779234026e-14
215.39527169621698,33.527425557953975,8.323349707909045,-8.284392170349362,-7.52273825354197,8.420767129872338e-14
215.40453943625337,33.53377358822223,8.324388970024085,-8.283851229518982,-7.519988479377016,5.0524602779234026e-14
215.41380877722494,33.54012068616114,8.32542997619752,-8.28330893240339,-7.5172381236922154,-5.0524602779234026e-14
215.4230797206934,33.546466850231745,8.326472725844026,-8.28276527519509,-7.514487187250035,1.0104920555846805e-13
215.4323522682203,33.55281207889464,8.327517218378283,-8.282220254086571,-7.511735670814485,3.368306851948935e-14
215.44162642136692,33.5591563706099,8.328563453214954,-8.281673865270333,-7.5089835751511735,5.0524602779234026e-14
215.45090218169418,33.56549972383719,8.329611429768716,-8.281126104938867,-7.506230901027257,1.6841534259744677e-13
215.46017955076297,33.57184213703569,8.330661147454247,-8.28057696928466,-7.5034776492114785,8.420767129872338e-14
215.46945853013375,33.578183608664084,8.331712605686215,-8.280026454500195,-7.5007238204741515,5.0524602779234026e-14
215.4787391213668,33.584524137180615,8.332765803879292,-8.279474556777963,-7.497969415587171,6.73661370389787e-14
215.48802132602216,33.590863721043064,8.333820741448159,-8.27892127231044,-7.495214435324008,3.368306851948935e-14
215.49730514565962,33.597202358708714,8.334877417807482,-8.278366597290113,-7.492458880459708,1.515738083377021e-13
215.50659058183876,33.60354004863442,8.335935832371934,-8.277810527909466,-7.489702751770902,6.73661370389787e-14
215.51587763611886,33.60987678927653,8.336995984556197,-8.277253060360977,-7.486946050035805,3.368306851948935e-14
215.52516631005892,33.61621257909095,8.338057873774932,-8.276694190837125,-7.484188776034215,1.6841534259744676e-14
215.53445660521777,33.62254741653309,8.339121499442824,-8.27613391553039,-7.481430930547512,3.368306851948935e-14
215.54374852315394,33.6288813000579,8.340186860974537,-8.275572230633257,-7.478672514358667,1.515738083377021e-13
215.55304206542573,33.63521422811989,8.34125395778475,-8.275009132338209,-7.475913528252241,0.0
215.56233723359117,33.64154619917306,8.342322789288133,-8.27444461683772,-7.47315397301438,3.368306851948935e-14
215.571634029208,33.64787721167096,8.34339335489936,-8.273878680324282,-7.470393849432831,1.347322740779574e-13
215.58093245383384,33.65420726406665,8.344465654033108,-8.273311318990375,-7.467633158296921,1.8525687685719145e-13
215.59023250902595,33.66053635481275,8.345539686104045,-8.272742529028486,-7.464871900397575,1.6841534259744676e-14
215.59953419634124,33.66686448236138,8.346615450526851,-8.272172306631102,-7.462110076527329,1.8525687685719145e-13
215.6088375173366,33.67319164516423,8.34769294671619,-8.271600647990725,-7.459347687480294,0.0
215.61814247356847,33.67951784167245,8.348772174086742,-8.271027549299834,-7.4565847340522025,8.420767129872338e-14
215.6274490665931,33.685843070336794,8.34985313205318,-8.270453006750934,-7.453821217040371,2.1893994537668078e-13
215.63675729796648,33.69216732960749,8.350935820030179,-8.26987701653652,-7.451057137243719,6.73661370389787e-14
215.64606716924436,33.69849061793432,8.3520202374324,-8.269299574849107,-7.448292495462794,1.515738083377021e-13
215.65537868198217,33.70481293376658,8.353106383674533,-8.268720677881188,-7.445527292499708,6.73661370389787e-14
215.66469183773518,33.711134275553114,8.354194258171244,-8.268140321825276,-7.442761529158209,0.0
215.67400663805824,33.717454641742265,8.355283860337202,-8.267558502873895,-7.439995206243655,-1.6841534259744676e-14
215.6833230845061,33.723774030781925,8.356375189587087,-8.266975217219565,-7.437228324562998,-1.6841534259744676e-14
215.69264117863312,33.73009244111951,8.357468245335568,-8.26639046105481,-7.434460884924812,1.6841534259744676e-14
215.7019609219935,33.73640987120195,8.358563026997322,-8.26580423057215,-7.431692888139276,1.8525687685719145e-13
215.71128231614114,33.74272631947572,8.359659533987019,-8.26521652196414,-7.428924335018194,0.0
215.72060536262958,33.74904178438679,8.360757765719333,-8.264627331423313,-7.426155226374976,1.8525687685719145e-13
215.72993006301226,33.75535626438071,8.361857721608942,-8.264036655142212,-7.423385563024656,1.515738083377021e-13
215.73925641884222,33.7616697579025,8.362959401070508,-8.263444489313411,-7.42061534578389,1.0104920555846805e-13
215.74858443167224,33.76798226339674,8.364062803518719,-8.262850830129445,-7.41784457547094,1.0104920555846805e-13
215.75791410305496,33.77429377930753,8.365167928368239,-8.26225567378291,-7.415073252905706,3.368306851948935e-14
215.7672454345426,33.780604304078466,8.366274775033741,-8.261659016466368,-7.412301378909709,-1.6841534259744676e-14
215.77657842768713,33.78691383615271,8.367383342929902,-8.261060854372412,-7.40952895430609,1.347322740779574e-13
215.78591308404035,33.79322237397293,8.368493631471395,-8.26046118369363,-7.406755979919615,0.0
215.79524940515367,33.79952991598132,8.369605640072892,-8.259860000622623,-7.40398245657669,6.73661370389787e-14
215.8045873925783,33.80583646061959,8.370719368149064,-8.25925730135201,-7.401208385105343,3.368306851948935e-14
215.81392704786512,33.81214200632899,8.371834815114589,-8.2586530820744,-7.3984337663352315,1.515738083377021e-13
