galstreams/tracks/track.st.M92.ibata2021.ecsv
# %ECSV 1.0
# ---
# datatype:
# - {name: ra, unit: deg, datatype: float64}
# - {name: dec, unit: deg, datatype: float64}
# - {name: distance, unit: kpc, datatype: float64}
# - {name: pm_ra_cosdec, unit: mas / yr, datatype: float64}
# - {name: pm_dec, unit: mas / yr, datatype: float64}
# - {name: radial_velocity, unit: km / s, datatype: float64}
# delimiter: ','
# meta: !!omap
# - __serialized_columns__:
#     dec:
#       __class__: astropy.coordinates.angles.Latitude
#       unit: &id001 !astropy.units.Unit {unit: deg}
#       value: !astropy.table.SerializedColumn {name: dec}
#     distance:
#       __class__: astropy.coordinates.distances.Distance
#       unit: !astropy.units.Unit {unit: kpc}
#       value: !astropy.table.SerializedColumn {name: distance}
#     pm_dec:
#       __class__: astropy.units.quantity.Quantity
#       unit: !astropy.units.Unit {unit: mas / yr}
#       value: !astropy.table.SerializedColumn {name: pm_dec}
#     pm_ra_cosdec:
#       __class__: astropy.units.quantity.Quantity
#       unit: !astropy.units.Unit {unit: mas / yr}
#       value: !astropy.table.SerializedColumn {name: pm_ra_cosdec}
#     ra:
#       __class__: astropy.coordinates.angles.Longitude
#       unit: *id001
#       value: !astropy.table.SerializedColumn {name: ra}
#       wrap_angle: !astropy.coordinates.Angle
#         unit: *id001
#         value: 360.0
#     radial_velocity:
#       __class__: astropy.units.quantity.Quantity
#       unit: !astropy.units.Unit {unit: km / s}
#       value: !astropy.table.SerializedColumn {name: radial_velocity}
# schema: astropy-2.0
ra,dec,distance,pm_ra_cosdec,pm_dec,radial_velocity
[from data line 991]
261.46491150459883,42.36533982703459,9.40241670590536,-4.845728923721408,-0.39191595970770443,-157.30366423874
261.47592446265196,42.36018667296355,9.402815007125588,-4.845022189763521,-0.3906466890668192,-157.38225213263587
261.4869338993853,42.355030703124385,9.403210511925757,-4.844316834809108,-0.3893778542068125,-157.4605617276217
261.4979398302543,42.34987193451434,9.403603210934039,-4.843612863709436,-0.38810944678434267,-157.53859116813956
261.5089422707223,42.34471038412446,9.403993094778599,-4.842910281311102,-0.3868414584546025,-157.61633859863133
261.51994123625997,42.33954606893953,9.404380154087603,-4.842209092456058,-0.3855738808713185,-157.69380216353943
261.53093674234543,42.33437900593817,9.40476437948922,-4.841509301981592,-0.38430670568676706,-157.7709800073057
261.5419288044644,42.329209212092714,9.405145761611616,-4.840810914720354,-0.3830399245517657,-157.84787027437233
261.55291743811006,42.32403670436938,9.405524291082951,-4.840113935500343,-0.3817735291156801,-157.92447110918138
261.5639026587829,42.31886149972808,9.405899958531402,-4.839418369144916,-0.38050751102643177,-158.00078065617484
261.574884481991,42.313683615122585,9.406272754585128,-4.838724220472793,-0.3792418619304898,-158.0767970597948
261.5858629232495,42.308503067500475,9.406642669872301,-4.838031494298061,-0.37797657347289104,-158.1525184644835
261.5968379980813,42.303319873803105,9.407009695021086,-4.837340195430176,-0.37671163729722523,-158.2279430146829
261.60780972201644,42.29813405096563,9.407373820659643,-4.8366503286739695,-0.37544704504564974,-158.30306885483517
261.61877811059213,42.292945615917056,9.407735037416147,-4.835961898829648,-0.3741827883588924,-158.37789412938227
261.62974317935317,42.28775458558015,9.408093335918764,-4.835274910692792,-0.372918858876246,-158.45241698276627
261.6407049438514,42.28256097687154,9.408448706795655,-4.83458936905438,-0.37165524823558105,-158.52663555942948
261.65166341964596,42.27736480670165,9.40880114067499,-4.833905278700765,-0.3703919480733442,-158.60054800381377
261.6626186223032,42.272166091974746,9.409150628184936,-4.8332226444137,-0.3691289500245578,-158.67415246036114
261.67357056739684,42.26696484958891,9.409497159953656,-4.832541470970325,-0.36786624572282967,-158.7474470735139
261.68451927050756,42.26176109643604,9.409840726609323,-4.83186176314318,-0.36660382680035064,-158.82042998771416
261.6954647472231,42.2565548494019,9.410181318780099,-4.831183525700213,-0.3653416848879083,-158.89309934740376
261.7064070131387,42.25134612536608,9.41051892709415,-4.8305067634047685,-0.36407981161486846,-158.96545329702488
261.71734608385634,42.24613494120198,9.410853542179645,-4.829831481015602,-0.36281819860919384,-159.03748998101975
261.72828197498535,42.24092131377688,9.411185154664752,-4.829157683286882,-0.36155683749745116,-159.10920754383022
261.73921470214196,42.23570525995189,9.411513755177635,-4.828485374968188,-0.3602957199047965,-159.1806041298985
261.7501442809495,42.23048679658198,9.411839334346459,-4.827814560804525,-0.35903483745499165,-159.2516778836668
261.76107072703826,42.22526594051594,9.412161882799394,-4.827145245536308,-0.35777418177041054,-159.32242694957688
261.7719940560456,42.220042708596466,9.412481391164603,-4.826477433899392,-0.3565137444720181,-159.39284947207096
261.7829142836159,42.214817117660075,9.412797850070257,-4.825811130625042,-0.3552535171794018,-159.4629435955912
261.7938314254004,42.209589184537165,9.413111250144523,-4.82514634043997,-0.35399349151075343,-159.53270746457983
261.8047454970572,42.20435892605197,9.413421582015559,-4.824483068066316,-0.3527336590828898,-159.60213922347847
261.8156565142515,42.199126359022635,9.41372883631154,-4.823821318221653,-0.3514740115112296,-159.6712370167297
261.8265644926552,42.19389150026114,9.414033003660629,-4.823161095619005,-0.350214540409826,-159.7399989887752
261.8374694479472,42.18865436657336,9.414334074690997,-4.822502404966827,-0.3489552373913458,-159.8084232840573
261.84837139581333,42.183414974759025,9.414632040030806,-4.821845250969032,-0.347696094067079,-159.87650804701812
261.85927035194584,42.17817334161178,9.414926890308223,-4.82118963832498,-0.34643710204695566,-159.94425142209943
261.8701663320443,42.17292948391911,9.415218616151416,-4.820535571729481,-0.3451782529395142,-160.01165155374363
261.88105935181477,42.167683418462424,9.415507208188545,-4.819883055872801,-0.3439195383519391,-160.07870658639274
261.8919494269701,42.16243516201699,9.415792657047788,-4.819232095440672,-0.3426609498900488,-160.1454146644887
261.9028365732298,42.157184731352,9.41607495335731,-4.818582695114277,-0.3414024791582928,-160.21177393247362
261.91372080632044,42.1519321432305,9.41635408774527,-4.81793485957027,-0.3401441177597555,-160.2777825347898
261.9246021419749,42.14667741440946,9.416630050839837,-4.817288593480778,-0.3388858572961697,-160.34343861587914
261.93548059593286,42.141420561639755,9.416902833269178,-4.816643901513392,-0.33762768936791043,-160.40874032018354
261.94635618394085,42.136161601666146,9.417172425661464,-4.81600078833117,-0.336369605573986,-160.47368579214557
261.9572289217518,42.1309005512273,9.417438818644856,-4.8153592585926654,-0.3351115975120711,-160.5382731762068
261.96809882512537,42.12563742705579,9.417702002847525,-4.814719316951891,-0.3338536567784691,-160.60250061680964
261.9789659098277,42.12037224587816,9.417961968897634,-4.814080968058355,-0.3325957749681465,-160.66636625839604
261.98983019163177,42.11510502441477,9.41821870742335,-4.8134442165570475,-0.331337943674721,-160.7298682454081
262.0006916863169,42.10983577937996,9.41847220905284,-4.81280906708844,-0.3300801544904577,-160.7930047222881
262.01155040966887,42.10456452748196,9.418722464414273,-4.812175524288503,-0.32882239900629306,-160.8557738334777
262.0224063774803,42.099291285422986,9.418969464135813,-4.811543592788694,-0.32756466881180635,-160.91817372341941
262.03325960555003,42.094016069899084,9.419213198845627,-4.81091327721597,-0.3263069554952498,-160.98020253655497
262.0441101096835,42.0887388976003,9.419453659171879,-4.810284582192786,-0.32504925064352963,-161.0418584173267
262.0549579056926,42.08345978521059,9.419690835742742,-4.8096575123370915,-0.32379154584222025,-161.10313951017653
262.0658030093957,42.07817874940782,9.419924719186378,-4.809032072262344,-0.32253383267556335,-161.1640439595467
262.07664543661747,42.07289580686383,9.42015530013095,-4.8084082665775165,-0.32127610272646767,-161.22456990987914
262.0874852031891,42.067610974244374,9.420382569204635,-4.807786099887071,-0.3200183475765068,-161.28471550561608
262.0983223249481,42.06232426820916,9.420606517035594,-4.807165576791001,-0.31876055880593235,-161.34447889119937
262.1091568177384,42.05703570541185,9.420827134251992,-4.806546701884799,-0.3175027279936633,-161.40385821107125
262.1199886974103,42.0517453025,9.421044411481997,-4.8059294797594765,-0.316244846717296,-161.46285160967398
262.1308179798203,42.04645307611518,9.421258339353772,-4.805313915001573,-0.31498690655310924,-161.52145723144915
262.14164468083135,42.041159042892886,9.42146890849549,-4.804700012193139,-0.31372889907604673,-161.5796732208393
262.15246881631265,42.03586321946256,9.421676109535314,-4.804087775911751,-0.31247081585974046,-161.63749772228627
262.1632904021397,42.030565622447604,9.42187993310141,-4.8034772107305095,-0.31121264847649677,-161.6949288802324
262.17410945419414,42.02526626846541,9.422080369821948,-4.802868321218046,-0.30995438849731083,-161.75196483911958
262.184925988364,42.01996517412727,9.42227741032509,-4.802261111938525,-0.30869602749186176,-161.80860374338985
262.19574002054344,42.014662356038514,9.422471045239007,-4.80165558745164,-0.3074375570285115,-161.86484373748522
262.2065515666329,42.00935783079837,9.422661265191865,-4.801051752312615,-0.30617896867430217,-161.92068296584816
262.2173606425389,42.00405161500008,9.422848060811825,-4.800449611072223,-0.3049202539949778,-161.97611957292028
262.22816726417415,41.99874372523084,9.42303142272706,-4.799849168276766,-0.3036614045549615,-162.03115170314393
262.23897144745763,41.99343417807184,9.423211341565736,-4.7992504284680875,-0.30240241191736805,-162.0857775009612
262.2497732083143,41.988122990098205,9.423387807956015,-4.79865339618359,-0.30114326764400934,-162.13999511081397
262.26057256267535,41.9828101778791,9.423560812526066,-4.798058075956199,-0.2998839632953827,-162.1938026771446
262.27136952647794,41.977495757977614,9.42373034590406,-4.797464472314405,-0.2986244904306894,-162.247198344395
262.2821641156655,41.97217974695083,9.423896398718155,-4.796872589782241,-0.29736484060781976,-162.30018025700727
262.29295634618734,41.96686216134987,9.424058961596522,-4.796282432879297,-0.2961050053833596,-162.3527465594236
262.30374623399894,41.96154301771976,9.424218025167331,-4.79569400612071,-0.29484497631260154,-162.40489539608595
262.31453379506166,41.956222332599594,9.424373580058745,-4.795107314017184,-0.2935847449495306,-162.4566249114363
262.32531904534306,41.95090012252242,9.424525616898928,-4.794522361074974,-0.2923243028468303,-162.5079332499169
262.33610200081665,41.94557640401528,9.424674126316056,-4.79393915179589,-0.29106364155588893,-162.55881855596985
262.34688267746174,41.94025119359921,9.424819098938283,-4.793357690677317,-0.289802752626797,-162.6092789740372
262.3576610912639,41.93492450778928,9.424960525393782,-4.792777982212198,-0.2885416276083512,-162.65931264856087
262.3684372582143,41.92959636309453,9.425098396310721,-4.792200030889035,-0.28728025804804447,-162.7089177239832
262.37921119431047,41.92426677601801,9.425232702317265,-4.791623841191908,-0.2860186354920804,-162.75809234474616
262.3899829155555,41.91893576305678,9.42536343404158,-4.791049417600462,-0.2847567514853693,-162.80683465529194
262.4007524379584,41.9136033407019,9.425490582111834,-4.790476764589915,-0.28349459757153017,-162.85514280006237
262.41151977753424,41.908269525438456,9.425614137156192,-4.7899058866310575,-0.28223216529288164,-162.9030149234996
262.42228495030395,41.90293433374554,9.42573408980282,-4.789336788190252,-0.2809694461904604,-162.95044917004586
262.4330479722941,41.89759778209625,9.425850430679889,-4.788769473729439,-0.27970643180400545,-162.99744368414324
262.4438088595373,41.89225988695771,9.42596315041556,-4.788203947706147,-0.2784431136719765,-163.04399661023353
262.4545676280719,41.88692066479108,9.426072239638003,-4.7876402145734644,-0.2771794833315282,-163.09010609275927
262.46532429394205,41.8815801320515,9.42617768897538,-4.787078278780083,-0.2759155323185416,-163.1357702761621
262.47607887319765,41.87623830518815,9.426279489055863,-4.7865181447702625,-0.2746512521676068,-163.18098730488427
262.4868313818945,41.87089520064427,9.42637763050762,-4.785959816983851,-0.27338663441201905,-163.225755323368
262.49758183609407,41.865550834857075,9.42647210395881,-4.78540329985629,-0.27212167058379877,-163.2700724760552
262.5083302518636,41.86020522425784,9.426562900037606,-4.7848485978186,-0.270856352213672,-163.31393690738798
262.51907664527596,41.85485838527186,9.426650009372173,-4.784295715297393,-0.26959067083108534,-163.35734676180854
262.5298210324098,41.84951033431848,9.426733422590678,-4.783744656714876,-0.26832461796419915,-163.40030018375876
262.5405634293497,41.84416108781104,9.426813130321282,-4.783195426488845,-0.26705818513988633,-163.44279531768103
262.5513038521854,41.83881066215697,9.426889123192161,-4.782648029032691,-0.2657913638837457,-163.48483030801702
262.5620423170128,41.83345907375769,9.426961391831474,-4.782102468755405,-0.26452414572008176,-163.52640329920914
262.57277883993316,41.8281063390087,9.427029926867393,-4.781558750061559,-0.2632565221719261,-163.56751243569929
262.5835134370536,41.82275247429952,9.42709471892808,-4.781016877351343,-0.2619884847610199,-163.60815586192967
262.5942461244867,41.81739749601371,9.427155758641698,-4.780476855020535,-0.2607200250078292,-163.64833172234225
262.6049769183507,41.81204142052891,9.427213036636429,-4.779938687460509,-0.2594511344315342,-163.68803816137924
262.6157058347694,41.80668426421675,9.427266543540426,-4.779402379058254,-0.25818180455004036,-163.72727332348256
262.6264328898722,41.80132604344297,9.427316269981858,-4.778867934196356,-0.2569120268799647,-163.76603535309454
262.6371580997942,41.79596677456732,9.427362206588896,-4.778335357252999,-0.2556417929366477,-163.80432239465705
262.64788148067584,41.79060647394363,9.4274043439897,-4.777804652601988,-0.2543710942341506,-163.8421325926121
262.6586030486632,41.785245157919775,9.427442672812441,-4.777275824612716,-0.25309992228525346,-163.87946409140204
262.669322819908,41.77988284283767,9.427477183685285,-4.776748877650197,-0.2518282686014557,-163.9163150354688
262.6800408105673,41.77451954503332,9.427507867236399,-4.776223816075053,-0.2505561246929795,-163.95268356925445
262.69075703680363,41.76915528083677,9.42753471409395,-4.775700644243505,-0.24928348206876616,-163.9885678372011
262.70147151478517,41.76379006657213,9.4275577148861,-4.775179366507402,-0.24801033223647573,-164.02396598375083
262.71218426068555,41.758423918557575,9.427576860241022,-4.774659987214194,-0.2467366667024904,-164.05887615334572
262.72289529068377,41.75305685310533,9.427592140786876,-4.774142510706943,-0.24546247697191848,-164.09329649042797
262.7336046209643,41.747688886521736,9.427603547151834,-4.773626941324332,-0.2441877545485862,-164.12722513943936
262.7443122677171,41.742320035107134,9.427611069964062,-4.773113283400654,-0.24291249093503064,-164.16066024482225
262.7550182471374,41.73695031515599,9.427614699851723,-4.772601541265825,-0.2416366776325265,-164.1935999510186
262.7657225754261,41.731579742956804,9.427614427442986,-4.772091719245367,-0.2403603061410553,-164.2260424024706
262.77642526878924,41.726208334792176,9.42761024336602,-4.771583821660427,-0.2390833679593325,-164.25798574362014
262.7871263434384,41.72083610693877,9.42760213824899,-4.771077852827769,-0.23780585458477765,-164.2894281189096
262.79782581559044,41.71546307566732,9.427590102720059,-4.770573817059784,-0.23652775751355115,-164.32036767278066
262.80852370146766,41.71008925724266,9.427574127407397,-4.770071718664466,-0.23524906824051306,-164.3508025496758
262.8192200172976,41.70471466792365,9.427554202939167,-4.7695715619454475,-0.23396977825926024,-164.3807308940368
262.8299147793132,41.6993393239633,9.427530319943541,-4.769073351201972,-0.23268987906210103,-164.41015085030585
262.8406080037527,41.69396324160866,9.427502469048685,-4.7685770907289085,-0.2314093621400659,-164.4390605629252
262.8512997068598,41.68858643710087,9.427470640882758,-4.768082784816758,-0.2301282189829046,-164.4674581763366
262.8619899048831,41.68320892667515,9.427434826073938,-4.767590437751624,-0.2288464410790858,-164.49534183498236
262.8726786140769,41.67783072656083,9.427395015250383,-4.767100053815258,-0.22756401991580155,-164.5227096833044
262.88336585070067,41.67245185298128,9.427351199040261,-4.7666116372850205,-0.22628094697894974,-164.54955986574524
262.8940516310189,41.66707232215402,9.427303368071742,-4.766125192433905,-0.22499721375316706,-164.57589052674626
262.90473597130165,41.66169215029061,9.427251512972992,-4.765640723530529,-0.22371281172178525,-164.60169981075026
262.915418887824,41.65631135359672,9.427195624372173,-4.765158234839143,-0.22242773236687707,-164.62698586219878
262.92610039686633,41.650929948272136,9.427135692897457,-4.764677730619611,-0.2211419671692103,-164.65174682553413
262.9367805147143,41.645547950510675,9.427071709177007,-4.764199215127437,-0.21985550760828398,-164.6759808451985
262.94745925765864,41.64016537650031,9.427003663838988,-4.76372269261375,-0.21856834516231216,-164.69968606563353
262.9581366419954,41.634782242423086,9.426931547511575,-4.763248167325304,-0.21728047130821615,-164.72286063128183
262.96881268402575,41.629398564455165,9.426855350822928,-4.762775643504483,-0.21599187752163762,-164.74550268658527
