galstreams/tracks/track.st.C-9.ibata2024.ecsv
# %ECSV 1.0
# ---
# datatype:
# - {name: ra, unit: deg, datatype: float64}
# - {name: dec, unit: deg, datatype: float64}
# - {name: distance, unit: kpc, datatype: float64}
# - {name: pm_ra_cosdec, unit: mas / yr, datatype: float64}
# - {name: pm_dec, unit: mas / yr, datatype: float64}
# - {name: radial_velocity, unit: km / s, datatype: float64}
# delimiter: ','
# meta: !!omap
# - __serialized_columns__:
#     dec:
#       __class__: astropy.coordinates.angles.Latitude
#       unit: &id001 !astropy.units.Unit {unit: deg}
#       value: !astropy.table.SerializedColumn {name: dec}
#     distance:
#       __class__: astropy.coordinates.distances.Distance
#       unit: !astropy.units.Unit {unit: kpc}
#       value: !astropy.table.SerializedColumn {name: distance}
#     pm_dec:
#       __class__: astropy.units.quantity.Quantity
#       unit: !astropy.units.Unit {unit: mas / yr}
#       value: !astropy.table.SerializedColumn {name: pm_dec}
#     pm_ra_cosdec:
#       __class__: astropy.units.quantity.Quantity
#       unit: !astropy.units.Unit {unit: mas / yr}
#       value: !astropy.table.SerializedColumn {name: pm_ra_cosdec}
#     ra:
#       __class__: astropy.coordinates.angles.Longitude
#       unit: *id001
#       value: !astropy.table.SerializedColumn {name: ra}
#       wrap_angle: !astropy.coordinates.Angle
#         unit: *id001
#         value: 360.0
#     radial_velocity:
#       __class__: astropy.units.quantity.Quantity
#       unit: !astropy.units.Unit {unit: km / s}
#       value: !astropy.table.SerializedColumn {name: radial_velocity}
# schema: astropy-2.0
ra,dec,distance,pm_ra_cosdec,pm_dec,radial_velocity
[from data line 1455]
155.24227114413523,17.19619061382224,1.0000000000000002,-8.477048030302008,-6.0768627097856625,47.589360022084094
155.2554102528484,17.196743010761008,1.0000000000000002,-8.47817799211376,-6.0747448724127775,47.56952435728967
155.268551543936,17.197297642048316,1.0000000000000002,-8.479307426482826,-6.072627292328189,47.54967554677119
155.28169500100424,17.197854481616027,1.0000000000000002,-8.480436330567514,-6.070509970299694,47.52981374056521
155.2948406076508,17.19841350340093,1.0000000000000004,-8.481564701526523,-6.0683929070965945,47.50993908870833
155.30798834746517,17.198974681344694,1.0000000000000002,-8.482692536519,-6.066276103489682,47.49005174123708
155.32113820402813,17.199537989393924,1.0000000000000004,-8.483819832704452,-6.064159560251256,47.47015184818813
155.33429016091233,17.20010340150013,1.0,-8.484946587242836,-6.062043278155109,47.45023955959797
155.34744420168184,17.200670891619716,1.0000000000000002,-8.486072797294494,-6.0599272579765255,47.43031502550321
155.3606003098924,17.201240433714005,1.0000000000000002,-8.487198460020185,-6.057811500492306,47.41037839594047
155.37375846909134,17.201812001749225,1.0000000000000002,-8.488323572581086,-6.055696006480732,47.39042982094625
155.38691866281752,17.202385569696535,1.0000000000000004,-8.489448132138754,-6.05358077672161,47.37046945055719
155.4000808746015,17.202961111531977,1.0000000000000002,-8.490572135855189,-6.051465811996223,47.35049743480984
155.4132450879654,17.203538601236502,1.0000000000000002,-8.49169558089277,-6.049351113087362,47.330513923740796
155.4264112864229,17.20411801279598,1.0000000000000004,-8.492818464414302,-6.047236680779328,47.31051906738661
155.43957945347933,17.204699320201204,1.0000000000000002,-8.493940783582989,-6.045122515857922,47.29051301578387
155.45274957263163,17.205282497447847,1.0000000000000002,-8.495062535562449,-6.043008619110438,47.270495918969196
155.46592162736832,17.2058675185365,1.0000000000000002,-8.496183717516695,-6.040894991325672,47.25046792697913
155.47909560116952,17.20645435747268,1.0000000000000002,-8.49730432661016,-6.038781633293942,47.230429189850234
155.49227147750702,17.207042988266792,1.0000000000000002,-8.498424360007686,-6.03666854580705,47.21037985761913
155.5054492398442,17.20763338493416,1.0000000000000004,-8.499543814874517,-6.034555729658305,47.190320080322344
155.51862887163603,17.208225521495002,1.0000000000000004,-8.500662688376293,-6.032443185642521,47.17025000799649
155.5318103563291,17.208819371974457,1.0000000000000002,-8.501780977679083,-6.030330914556024,47.15016979067815
155.54499367736162,17.209414910402575,1.0000000000000002,-8.502898679949348,-6.028218917196627,47.13007957840389
155.5581788181635,17.2100121108143,1.0000000000000002,-8.504015792353963,-6.026107194363659,47.10997952121028
155.57136576215612,17.21061094724949,1.0000000000000002,-8.505132312060201,-6.0239957468579535,47.08986976913393
155.5845544927526,17.211211393752905,1.0000000000000004,-8.506248236235757,-6.021884575481842,47.069750472211396
155.5977449933577,17.21181342437422,1.0000000000000002,-8.507363562048722,-6.019773681039167,47.049621780479235
155.6109372473678,17.21241701316801,1.0000000000000004,-8.508478286667591,-6.017663064335268,47.02948384397407
155.62413123817078,17.21302213419376,1.0000000000000004,-8.50959240726128,-6.015552726177,47.00933681273247
155.6373269491463,17.213628761515846,1.0000000000000002,-8.510705920999103,-6.013442667372713,46.98918083679098
155.6505243636657,17.21423686920357,1.0000000000000002,-8.511818825050778,-6.011332888732266,46.969016066186214
155.66372346509186,17.214846431331125,1.0000000000000002,-8.51293111658644,-6.009223391067017,46.94884265095474
155.67692423677926,17.21545742197761,1.0000000000000004,-8.514042792776621,-6.007114175189847,46.92866074113312
155.69012666207414,17.216069815227034,1.0000000000000002,-8.515153850792265,-6.00500524191512,46.90847048675795
155.70333072431433,17.2166835851683,1.0000000000000004,-8.516264287804724,-6.0028965920587165,46.88827203786584
155.71653640682936,17.217298705895217,1.0000000000000002,-8.517374100985766,-6.000788226438019,46.868065544493305
155.7297436929403,17.217915151506503,1.0000000000000002,-8.51848328750754,-5.9986801458719174,46.84785115667695
155.74295256596005,17.218532896105774,1.0000000000000002,-8.519591844542637,-5.996572351180805,46.827629024453366
155.75616300919302,17.219151913801543,1.0000000000000002,-8.52069976926402,-5.994464843186577,46.807399297859135
155.7693750059354,17.219772178707224,1.0000000000000002,-8.521807058845097,-5.992357622712634,46.78716212693079
155.78258853947486,17.220393664941145,1.0000000000000002,-8.522913710459651,-5.990250690583892,46.76691766170498
155.79580359309097,17.221016346626516,1.0000000000000002,-8.524019721281892,-5.988144047626755,46.746666052218245
155.80902015005483,17.221640197891457,1.0000000000000002,-8.525125088486437,-5.986037694669141,46.72640744850714
155.82223819362926,17.22226519286898,1.0000000000000002,-8.526229809248303,-5.98393163254047,46.706142000608274
155.83545770706877,17.222891305697,1.0000000000000002,-8.527333880742924,-5.981825862071663,46.685869858558235
155.84867867361947,17.22351851051834,1.0000000000000002,-8.528437300146134,-5.9797203840951525,46.66559117239358
155.86190107651933,17.22414678148069,1.0000000000000002,-8.529540064634183,-5.977615199444863,46.645306092150875
155.87512489899777,17.22477609273667,1.0000000000000002,-8.530642171383727,-5.9755103089562365,46.625014767866745
155.88835012427603,17.225406418443765,1.0000000000000002,-8.531743617571825,-5.973405713466204,46.60471734957774
155.90157673556715,17.226037732764386,1.0000000000000004,-8.532844400375966,-5.971301413813208,46.584413987320424
155.91480471607565,17.226670009865813,1.0000000000000004,-8.533944516974021,-5.969197410837194,46.56410483113141
155.92803404899792,17.22730322392024,1.0000000000000002,-8.535043964544293,-5.967093705379604,46.543790031047244
155.94126471752196,17.227937349104728,1.0000000000000004,-8.536142740265474,-5.964990298283384,46.52346973710454
155.95449670482753,17.22857235960126,1.0,-8.537240841316693,-5.9628871903929905,46.50314409933983
155.9677299940861,17.22920822959668,1.0000000000000002,-8.538338264877464,-5.96078438255436,46.48281326778973
155.9809645684608,17.22984493328275,1.0000000000000002,-8.539435008127723,-5.95868187561495,46.462477392490804
155.99420041110656,17.23048244485611,1.0000000000000004,-8.540531068247812,-5.956579670423713,46.44213662347964
156.00743750516995,17.231120738518282,1.0000000000000002,-8.541626442418499,-5.954477767831097,46.42179111079281
156.02067583378934,17.23175978847568,1.0000000000000002,-8.542721127820942,-5.9523761686890495,46.40144100446692
156.0339153800948,17.232399568939623,1.0000000000000002,-8.54381512163672,-5.950274873851027,46.3810864545385
156.04715612720815,17.233040054126295,1.0000000000000002,-8.544908421047833,-5.9481738841719745,46.36072761104413
156.06039805824292,17.23368121825677,1.0000000000000004,-8.546001023236673,-5.946073200508336,46.340364624020424
156.0736411563044,17.234323035557,1.0000000000000002,-8.547092925386073,-5.943972823718061,46.319997643503946
156.0868854044896,17.234965480257845,1.0000000000000002,-8.548184124679246,-5.941872754660585,46.29962681953128
156.10013078588736,17.23560852659503,1.0000000000000004,-8.549274618299835,-5.939772994196851,46.279252302139
156.11337728357822,17.236252148809157,1.0000000000000002,-8.550364403431912,-5.937673543189289,46.25887424136367
156.12662488063438,17.236896321145736,1.0000000000000004,-8.551453477259917,-5.935574402501835,46.238492787241896
156.13987356012004,17.237541017855108,1.0000000000000002,-8.552541836968762,-5.933475572999907,46.218108089810215
156.15312330509096,17.238186213192545,1.0000000000000004,-8.55362947974373,-5.9313770555504295,46.19772029910528
156.16637409859473,17.23883188141816,1.0000000000000002,-8.554716402770527,-5.929278851021812,46.177329565163596
156.17962592367076,17.239477996796975,1.0000000000000002,-8.555802603235295,-5.92718096028396,46.15693603802176
156.19287876335022,17.240124533598852,1.0000000000000002,-8.55688807832457,-5.925083384208271,46.13653986771638
156.20613260065605,17.24077146609856,1.0000000000000002,-8.557972825225308,-5.9229861236676395,46.11614120428399
156.21938741860296,17.241418768575716,1.0000000000000002,-8.559056841124884,-5.920889179536445,46.095740197761224
156.23264320019751,17.242066415314834,1.0000000000000002,-8.560140123211095,-5.918792552690559,46.07533699818461
156.24589992843804,17.242714380605282,1.0000000000000004,-8.561222668672139,-5.916696244007337,46.05493175559075
156.25915758631461,17.2433626387413,1.0000000000000002,-8.562304474696651,-5.9146002543656415,46.03452462001622
156.27241615680927,17.24401116402201,1.0000000000000002,-8.563385538473673,-5.912504584645802,46.014115741497605
156.2856756228957,17.244659930751386,1.0000000000000002,-8.56446585719266,-5.910409235729644,45.993705270071445
156.29893596753948,17.245308913238283,1.0000000000000002,-8.56554542804349,-5.9083142085004825,45.97329335577438
156.31219717369802,17.245958085796403,1.0000000000000004,-8.566624248216472,-5.906219503843114,45.95288014864294
156.32545922432058,17.24660742274433,1.0000000000000004,-8.567702314902323,-5.90412512264382,45.93246579871374
156.33872210234816,17.247256898405517,1.0000000000000004,-8.568779625292176,-5.90203106579037,45.91205045602333
156.35198579071366,17.247906487108256,1.0000000000000004,-8.569856176577588,-5.899937334172012,45.891634270608314
156.36525027234185,17.24855616318571,1.0,-8.570931965950557,-5.897843928679481,45.8712173925052
156.3785155301493,17.249205900975912,1.0000000000000004,-8.572006990603454,-5.895750850204984,45.85079997175071
156.39178154704442,17.249855674821735,1.0000000000000002,-8.573081247729128,-5.89365809964222,45.83038215838126
156.40504830592752,17.250505459070926,1.0000000000000004,-8.574154734520805,-5.89156567788636,45.80996410243355
156.41831578969078,17.251155228076076,1.0000000000000002,-8.575227448172162,-5.889473585834059,45.78954595394409
156.43158398121824,17.25180495619464,1.0000000000000002,-8.576299385877295,-5.887381824383442,45.76912786294947
156.44485286338573,17.252454617788906,1.0000000000000002,-8.577370544830709,-5.8852903944341195,45.7487099794863
156.45812241906108,17.253104187226047,1.0000000000000002,-8.57844092222734,-5.883199296887167,45.72829245359113
156.47139263110395,17.25375363887805,1.0000000000000002,-8.579510515262566,-5.881108532645143,45.70787543530057
156.4846634823659,17.254402947121765,1.0000000000000002,-8.580579321132165,-5.879018102612076,45.68745907465113
156.49793495569037,17.255052086338907,1.0000000000000004,-8.58164733703235,-5.8769280076934685,45.667043521679474
156.51120703391274,17.255701030916008,1.0000000000000002,-8.582714560159776,-5.8748382487962925,45.646628926422096
156.5244796998602,17.256349755244464,1.0000000000000002,-8.5837809877115,-5.872748826828991,45.62621543891566
156.53775293635198,17.256998233720502,1.0000000000000002,-8.584846616885015,-5.870659742701472,45.6058032091967
156.55102672619918,17.257646440745198,1.0000000000000002,-8.58591144487825,-5.868570997325122,45.585392387301795
156.56430105220477,17.258294350724462,1.0000000000000002,-8.586975468889559,-5.866482591612776,45.56498312326751
156.5775758971637,17.258941938069047,1.0000000000000002,-8.58803868611772,-5.8643945264787565,45.54457556713046
156.59085124386291,17.259589177194538,1.0000000000000002,-8.589101093761943,-5.862306802838836,45.524169868927196
156.60412707508118,17.26023604252136,1.0000000000000002,-8.59016268902188,-5.860219421610246,45.50376617869428
156.61740337358924,17.260882508474758,1.0000000000000002,-8.591223469097585,-5.858132383711692,45.48336464646834
156.63068012214987,17.261528549484837,1.0000000000000004,-8.592283431189578,-5.856045690063334,45.46296542228594
156.6439573035177,17.262174139986506,1.0000000000000002,-8.593342572498791,-5.853959341586798,45.442568656183624
156.65723490043945,17.2628192544195,1.0000000000000004,-8.594400890226588,-5.851873339205152,45.422174498198025
156.67051289565364,17.263463867228413,1.0000000000000002,-8.595458381574776,-5.849787683842941,45.401783098365684
156.68379127189098,17.264107952862627,1.0000000000000002,-8.596515043745592,-5.847702376426142,45.381394606723156
156.697070011874,17.26475148577637,1.0000000000000002,-8.597570873941704,-5.845617417882205,45.361009173307096
156.71034909831727,17.265394440428683,1.0000000000000002,-8.598625869366227,-5.843532809140033,45.34062694815401
156.72362851392734,17.266036791283426,1.0000000000000002,-8.599680027222686,-5.841448551129961,45.32024808130053
156.7369082414028,17.266678512809282,1.0000000000000002,-8.600733344715081,-5.839364644783791,45.29987272278319
156.75018826343427,17.267319579479746,1.0000000000000002,-8.60178581904781,-5.837281091034767,45.27950102263858
156.76346856270433,17.267959965773134,1.0000000000000002,-8.602837447425749,-5.835197890817584,45.25913313090329
156.7767491218876,17.26859964617256,1.0000000000000004,-8.603888227054167,-5.833115045068372,45.23876919761389
156.7900299236507,17.269238595165977,1.0000000000000002,-8.604938155138814,-5.83103255472472,45.218409372806974
156.8033109506524,17.269876787246115,1.0000000000000004,-8.605987228885859,-5.828950420725649,45.198053806519106
156.81659218554336,17.270514196910533,1.0000000000000002,-8.60703544550191,-5.82686864401162,45.17770264878686
156.82987361096636,17.27115079866158,1.0000000000000002,-8.60808280219402,-5.824787225524544,45.15735604964686
156.8431552095563,17.27178656700642,1.0000000000000002,-8.609129296169701,-5.82270616620775,45.137014159135624
156.85643696394004,17.272421476457012,1.0000000000000002,-8.61017492463688,-5.820625467006021,45.11667712728974
156.86971885673654,17.27305550153012,1.0000000000000002,-8.611219684803938,-5.818545128865569,45.096345104145826
156.88300087055688,17.273688616747304,1.0000000000000002,-8.612263573879716,-5.81646515273404,45.076018239740435
156.8962829880042,17.274320796634907,1.0000000000000004,-8.613306589073478,-5.814385539560504,45.05569668411012
156.9095651916737,17.274952015724093,1.0000000000000002,-8.61434872759494,-5.812306290295474,45.03538058729149
156.9228474641527,17.275582248550794,1.0000000000000002,-8.615389986654273,-5.810227405890877,45.01507009932116
156.93612978802068,17.276211469655724,1.0000000000000002,-8.616430363462094,-5.808148887300069,44.99476537023563
156.94941214584912,17.276839653584418,1.0000000000000004,-8.61746985522945,-5.8060707354778405,44.97446655007154
156.9626945202017,17.27746677488717,1.0000000000000004,-8.61850845916786,-5.803992951380396,44.95417378886544
156.97597689363423,17.27809280811906,1.0000000000000002,-8.619546172489288,-5.80191553596536,44.93388723665388
156.98925924869462,17.278717727839958,1.0000000000000002,-8.620582992406138,-5.799838490191782,44.913607043473505
157.00254156792292,17.2793415086145,1.0000000000000004,-8.621618916131265,-5.797761815020122,44.893333359360874
157.01582383385136,17.279964125012125,1.0000000000000002,-8.622653940877992,-5.795685511412264,44.873066334352536
157.0291060290043,17.280585551607007,1.0000000000000004,-8.623688063860085,-5.793609580331497,44.852806118485084
157.04238813589834,17.28120576297813,1.0000000000000002,-8.624721282291759,-5.791534022742525,44.83255286179511
157.0556701370421,17.281824733709218,1.0000000000000002,-8.625753593387689,-5.789458839611465,44.81230671431918
157.0689520149365,17.28244243838879,1.0000000000000002,-8.626784994363007,-5.787384031905839,44.79206782609388
157.08223375207467,17.28305885161011,1.0000000000000002,-8.627815482433297,-5.785309600594573,44.771836347155755
157.0955153309418,17.28367394797122,1.0000000000000002,-8.6288450548146,-5.783235546648003,44.75161242754143
157.1087967340154,17.28428770207491,1.0000000000000002,-8.629873708723421,-5.7811618710378685,44.731396217287475
