galstreams/tracks/track.st.Pal5.ibata2020.ecsv
# %ECSV 0.9
# ---
# datatype:
# - {name: ra, unit: deg, datatype: float64}
# - {name: dec, unit: deg, datatype: float64}
# - {name: distance, unit: kpc, datatype: float64}
# - {name: pm_ra_cosdec, unit: mas / yr, datatype: float64}
# - {name: pm_dec, unit: mas / yr, datatype: float64}
# - {name: radial_velocity, unit: km / s, datatype: float64}
# delimiter: ','
# meta: !!omap
# - __serialized_columns__:
#     dec:
#       __class__: astropy.coordinates.angles.Latitude
#       unit: &id001 !astropy.units.Unit {unit: deg}
#       value: !astropy.table.SerializedColumn {name: dec}
#     distance:
#       __class__: astropy.coordinates.distances.Distance
#       unit: !astropy.units.Unit {unit: kpc}
#       value: !astropy.table.SerializedColumn {name: distance}
#     pm_dec:
#       __class__: astropy.units.quantity.Quantity
#       unit: !astropy.units.Unit {unit: mas / yr}
#       value: !astropy.table.SerializedColumn {name: pm_dec}
#     pm_ra_cosdec:
#       __class__: astropy.units.quantity.Quantity
#       unit: !astropy.units.Unit {unit: mas / yr}
#       value: !astropy.table.SerializedColumn {name: pm_ra_cosdec}
#     ra:
#       __class__: astropy.coordinates.angles.Longitude
#       unit: *id001
#       value: !astropy.table.SerializedColumn {name: ra}
#       wrap_angle: !astropy.coordinates.Angle
#         unit: *id001
#         value: 360.0
#     radial_velocity:
#       __class__: astropy.units.quantity.Quantity
#       unit: !astropy.units.Unit {unit: km / s}
#       value: !astropy.table.SerializedColumn {name: radial_velocity}
# schema: astropy-2.0
ra,dec,distance,pm_ra_cosdec,pm_dec,radial_velocity
[from data line 136]
233.86082253282154,3.093676616334422,21.736251616939704,-2.8802227750226286,-2.470904534208644,2.610437810260425e-13
233.95810865509773,3.145129348702459,21.712617961893187,-2.8857307718716143,-2.4703308577000493,-5.6840178126638284e-14
234.055538996262,3.1963765419896712,21.68879414984655,-2.8914277607654197,-2.4698950791443357,-4.210383564936169e-14
234.15311089936012,3.2474220252588197,21.664792701520465,-2.8973160258321737,-2.469597518194933,1.1999593160068083e-13
234.25082170670663,3.2982696271140313,21.6406261376356,-2.9033978526239994,-2.4694384917134253,2.7578012350331905e-13
234.34866875993777,3.348923175754931,21.61630697891261,-2.9096755281329583,-2.469418313716738,2.315710960714893e-14
234.44664940006516,3.39938649903105,21.59184774607217,-2.9161513408064734,-2.469537295324732,1.221011233831489e-13
234.5447609675308,3.4496634244964657,21.567260959834943,-2.922827580562223,-2.4697957447082244,7.368171238638296e-14
234.6430008022622,3.4997577794647143,21.542559140921593,-2.929706538802513,-2.4701939670374378,8.21024795162553e-14
234.74136624372878,3.549673391063903,21.517754810052786,-2.936790508428128,-2.4707322644308882,1.0525958912340423e-13
234.83985463099856,3.5994140862920467,21.492860487949194,-2.9440817838516566,-2.4714109359047356,2.063087946818723e-13
234.93846330279612,3.6489836920726195,21.467888695331467,-2.951582661010304,-2.4722302773225895,1.0104920555846805e-13
235.03718959756063,3.6983860353102727,21.44285195292029,-2.959295437378178,-2.473190581345783,6.73661370389787e-14
235.1360308535049,3.7476249429467594,21.417762781436323,-2.967222411978057,-2.4742921373841424,-3.789345208442552e-14
235.23498440867505,3.7967042420170034,21.39263370160023,-2.975365885392649,-2.4755352315472336,6.315575347404254e-14
235.33404760101075,3.8456277597053354,21.367477234132675,-2.983728159775318,-2.476920146596114,-8.631286308119147e-14
235.43321776840577,3.8943993234018754,21.342305899754322,-2.9923115388603128,-2.4784471618956054,2.589385892435744e-13
235.5324922487697,3.943022760759035,21.31713221918584,-3.0011183279724625,-2.4801165533670706,2.020984111169361e-13
235.63186838008946,3.9915018997481417,21.291968713147895,-3.0101508340363705,-2.4819285934417397,8.420767129872338e-14
235.73134350049187,4.039840568716191,21.266827902361154,-3.019411365585091,-2.483883551014565,1.4315304120782974e-13
235.83091494830649,4.088042596442665,21.24172230754628,-3.0289022327682886,-2.4859816913986323,1.2841669873055315e-13
235.93058006212888,4.136111812196466,21.216664449423938,-3.0386257473598914,-2.4882232762801264,2.2315032894161697e-13
236.03033618088455,4.184052045792899,21.1916668487148,-3.0485842227652205,-2.4906085636738777,1.894672604221276e-13
236.13018064389277,4.2318671276507365,21.166742026139524,-3.0587799740276314,-2.493137807879482,1.3894265764289357e-13
236.23011079093152,4.279560888849332,21.14190250241878,-3.069215317834609,-2.495811259438011,1.8104649329225526e-13
236.33012396230222,4.327137161185769,21.117160798273233,-3.079892572523392,-2.4986291650893286,-1.1578554803574466e-13
236.43021749889485,4.374599777232039,21.09252943442355,-3.0908140580860484,-2.501591767730011,3.368306851948935e-14
236.53038874225393,4.421952570392248,21.06802093159039,-3.1019820961740767,-2.504699306371896,1.1789073981821273e-13
236.63063503464417,4.469199374959833,21.043647810494434,-3.1133990101024667,-2.5079520161012527,4.210383564936169e-15
236.7309537191165,4.516344026174761,21.019422591856337,-3.125067124853273,-2.511350128038606,4.210383564936169e-14
236.8313421395748,4.563390360280728,20.995357796396757,-3.136988767078672,-2.5148938692992027,2.3578147963642546e-13
236.9317976408424,4.610342214582342,20.971465944836375,-3.1491662651035033,-2.5185834629541377,2.1472956181174462e-13
237.032317568729,4.657203427502253,20.94775955789585,-3.161601948927317,-2.522419127992168,1.347322740779574e-13
237.13289927009762,4.70397783863826,20.924251156295846,-3.174298150225899,-2.526401079282191,-3.789345208442552e-14
237.23354009293195,4.750669288820343,20.90095326075703,-3.1872572023522956,-2.5305295275364266,4.210383564936169e-14
237.3342373864037,4.797281620167653,20.877878392000074,-3.2004814403373287,-2.5348046792743064,1.7262572616238293e-13
237.43498850094014,4.843818676145417,20.855039070745637,-3.213973200889602,-2.5392267367870707,1.5999457546757442e-13
237.5357907882917,4.890284301621747,20.832447817714385,-3.2277348223950004,-2.543795898103094,3.368306851948935e-14
237.63664160159962,4.936682342924385,20.810117153626983,-3.2417686449156733,-2.5485123569539487,2.5262301389617013e-14
237.73753829546382,4.98301664789731,20.788059599204104,-3.2560770101885264,-2.553376302741222,-3.789345208442552e-14
237.83847822601064,5.0292910659572625,20.766287675166407,-3.2706622616231877,-2.5583879205040794,-7.157652060391487e-14
237.93945875096065,5.075509448150119,20.744813902234554,-3.2855267442994753,-2.563547390887612,1.515738083377021e-13
238.0404772296968,5.121675647207141,20.723650801129228,-3.30067280496435,-2.568854890111959,2.98937233110468e-13
238.14153102333185,5.167793517601104,20.702810892571073,-3.316102792028369,-2.574310589942228,1.9788802755199994e-13
238.24261749477643,5.213866915602238,20.68230669728077,-3.331819055561609,-2.5799146576592125,-5.894536990910637e-14
238.34373400880662,5.2598996993340315,20.662150735978976,-3.347823947289115,-2.5856672560309444,-4.210383564936169e-15
238.44487793213182,5.305895728828843,20.642355529386368,-3.3641198205857954,-2.5915685432850526,8.420767129872338e-14
238.54604663346234,5.351858866083375,20.622933598223593,-3.3807090304708485,-2.5976186730819855,1.5999457546757442e-13
238.64723748357662,5.397792975113889,20.603897463211336,-3.397593933601642,-2.60381779448907,3.578826030195744e-13
238.74844785538897,5.443701922011295,20.585259645070252,-3.4147768882671126,-2.610166051955448,1.515738083377021e-13
238.84967512401622,5.48958957499598,20.567032664521015,-3.4322602543806267,-2.6166635852878883,2.1893994537668078e-13
238.9509166668454,5.535459804472444,20.549229042284278,-3.450046393472349,-2.623310529627489,3.368306851948935e-14
239.05216986359991,5.581316483083701,20.53186129908072,-3.4681376686810834,-2.6301070154272863,3.3262030162995735e-13
239.1534320964069,5.627163485765463,20.51494195563099,-3.4865364447456115,-2.63705316843078,2.5262301389617013e-14
239.25470074986282,5.673004689800036,20.498483532655776,-3.505245087995508,-2.6441491096513934,8.420767129872338e-15
239.35597321110023,5.718843974870027,20.48249855087573,-3.5242659663414426,-2.651394955352873,4.631421921429786e-14
239.45724686985344,5.764685223111728,20.466999531011513,-3.543601449264976,-2.6587908170306536,1.0104920555846805e-13
239.55851911852403,5.810532319168266,20.451998993783814,-3.5632539078078165,-2.6663368013941833,1.9367764398706378e-13
239.65978735224644,5.856389150242477,20.437509459913265,-3.5832257145605872,-2.674033010350257,5.4734986344170195e-14
239.76104896895245,5.902259606149457,20.423543450120565,-3.603519243651043,-2.681879540987322,1.0525958912340423e-13
239.86230136943635,5.948147579368861,20.410113485126356,-3.624136870731804,-2.6898764855608253,7.999728773378721e-14
239.96354195741884,5.99405696509687,20.397232085651318,-3.6450809729675315,-2.6980239314795735,1.9788802755199994e-13
240.06476813961115,6.039991661297849,20.384911772416103,-3.6663539290216143,-2.706321961293151,-3.368306851948935e-14
240.1659773257782,6.085955568755686,20.37316506614139,-3.6879581190423014,-2.7147706526803845,3.663033701494467e-13
