galstreams/tracks/track.st.Pegasus.perottoni2019.ecsv
# %ECSV 1.0
# ---
# datatype:
# - {name: ra, unit: deg, datatype: float64}
# - {name: dec, unit: deg, datatype: float64}
# - {name: distance, unit: kpc, datatype: float64}
# - {name: pm_ra_cosdec, unit: mas / yr, datatype: float64}
# - {name: pm_dec, unit: mas / yr, datatype: float64}
# - {name: radial_velocity, unit: km / s, datatype: float64}
# delimiter: ','
# meta: !!omap
# - __serialized_columns__:
#     dec:
#       __class__: astropy.coordinates.angles.Latitude
#       unit: &id001 !astropy.units.Unit {unit: deg}
#       value: !astropy.table.SerializedColumn {name: dec}
#     distance:
#       __class__: astropy.coordinates.distances.Distance
#       unit: !astropy.units.Unit {unit: kpc}
#       value: !astropy.table.SerializedColumn {name: distance}
#     pm_dec:
#       __class__: astropy.units.quantity.Quantity
#       unit: !astropy.units.Unit {unit: mas / yr}
#       value: !astropy.table.SerializedColumn {name: pm_dec}
#     pm_ra_cosdec:
#       __class__: astropy.units.quantity.Quantity
#       unit: !astropy.units.Unit {unit: mas / yr}
#       value: !astropy.table.SerializedColumn {name: pm_ra_cosdec}
#     ra:
#       __class__: astropy.coordinates.angles.Longitude
#       unit: *id001
#       value: !astropy.table.SerializedColumn {name: ra}
#       wrap_angle: !astropy.coordinates.Angle
#         unit: *id001
#         value: 360.0
#     radial_velocity:
#       __class__: astropy.units.quantity.Quantity
#       unit: !astropy.units.Unit {unit: km / s}
#       value: !astropy.table.SerializedColumn {name: radial_velocity}
# schema: astropy-2.0
ra,dec,distance,pm_ra_cosdec,pm_dec,radial_velocity
[from data line 237]
329.61978905169576,22.932538661572465,17.999999999999943,0.0,0.0,0.0
329.6253404886321,22.941142556172768,17.999999999999943,0.0,0.0,0.0
329.6308933945855,22.949745824450023,17.999999999999947,0.0,0.0,0.0
329.6364477702271,22.958348466099686,17.999999999999943,0.0,0.0,0.0
329.6420036162286,22.96695048081713,17.999999999999943,0.0,0.0,0.0
329.64756093326145,22.975551868297597,17.99999999999995,0.0,0.0,0.0
329.65311972199754,22.984152628236156,17.999999999999943,0.0,0.0,0.0
329.65867998310887,22.99275276032789,17.999999999999943,0.0,0.0,0.0
329.66424171726766,23.001352264267613,17.999999999999947,0.0,0.0,0.0
329.66980492514614,23.00995113975004,17.999999999999947,0.0,0.0,0.0
329.6753696074167,23.018549386469733,17.999999999999947,0.0,0.0,0.0
329.6809357647522,23.027147004121254,17.99999999999995,0.0,0.0,0.0
329.6865033978252,23.035743992398903,17.999999999999943,0.0,0.0,0.0
329.692072507309,23.04434035099687,17.99999999999995,0.0,0.0,0.0
329.6976430938765,23.052936079609257,17.999999999999947,0.0,0.0,0.0
329.70321515820103,23.061531177929954,17.999999999999947,0.0,0.0,0.0
329.7087887009562,23.07012564565288,17.999999999999947,0.0,0.0,0.0
329.7143637228155,23.078719482471673,17.999999999999947,0.0,0.0,0.0
329.71994022445296,23.087312688079898,17.999999999999943,0.0,0.0,0.0
329.7255182065424,23.095905262170977,17.999999999999947,0.0,0.0,0.0
329.731097669758,23.104497204438164,17.999999999999947,0.0,0.0,0.0
329.7366786147742,23.113088514574716,17.99999999999995,0.0,0.0,0.0
329.7422610422653,23.121679192273625,17.99999999999995,0.0,0.0,0.0
329.7478449529061,23.130269237227786,17.999999999999947,0.0,0.0,0.0
329.75343034737136,23.138858649129936,17.99999999999995,0.0,0.0,0.0
329.7590172263361,23.1474474276728,17.999999999999947,0.0,0.0,0.0
329.7646055904755,23.156035572548852,17.999999999999943,0.0,0.0,0.0
329.7701954404649,23.164623083450454,17.99999999999995,0.0,0.0,0.0
329.7757867769797,23.17320996006986,17.999999999999947,0.0,0.0,0.0
329.7813796006957,23.18179620209913,17.99999999999995,0.0,0.0,0.0
329.7869739122886,23.190381809230345,17.99999999999995,0.0,0.0,0.0
329.79256971243456,23.1989667811553,17.999999999999947,0.0,0.0,0.0
329.7981670018096,23.20755111756571,17.999999999999947,0.0,0.0,0.0
329.8037657810902,23.216134818153158,17.999999999999947,0.0,0.0,0.0
329.80936605095275,23.224717882609042,17.999999999999947,0.0,0.0,0.0
329.81496781207403,23.233300310624777,17.999999999999947,0.0,0.0,0.0
329.8205710651308,23.241882101891495,17.999999999999947,0.0,0.0,0.0
329.82617581080024,23.25046325610025,17.999999999999947,0.0,0.0,0.0
329.8317820497593,23.25904377294191,17.99999999999995,0.0,0.0,0.0
329.8373897826856,23.267623652107346,17.99999999999995,0.0,0.0,0.0
329.8429990102564,23.27620289328716,17.99999999999995,0.0,0.0,0.0
329.84860973314966,23.284781496171867,17.99999999999995,0.0,0.0,0.0
329.8542219520431,23.29335946045184,17.99999999999995,0.0,0.0,0.0
329.8598356676147,23.30193678581728,17.999999999999954,0.0,0.0,0.0
329.86545088054277,23.3105134719584,17.99999999999995,0.0,0.0,0.0
329.87106759150566,23.31908951856512,17.999999999999947,0.0,0.0,0.0
329.87668580118196,23.327664925327277,17.99999999999995,0.0,0.0,0.0
329.8823055102504,23.336239691934534,17.99999999999995,0.0,0.0,0.0
329.88792671938967,23.34481381807656,17.99999999999995,0.0,0.0,0.0
329.8935494292791,23.35338730344274,17.999999999999947,0.0,0.0,0.0
329.8991736405978,23.36196014772237,17.999999999999947,0.0,0.0,0.0
329.90479935402504,23.37053235060462,17.999999999999947,0.0,0.0,0.0
329.9104265702406,23.379103911778465,17.999999999999947,0.0,0.0,0.0
329.9160552899241,23.387674830932898,17.999999999999943,0.0,0.0,0.0
329.9216855137555,23.396245107756613,17.999999999999947,0.0,0.0,0.0
329.9273172424149,23.40481474193825,17.999999999999947,0.0,0.0,0.0
329.93295047658245,23.41338373316629,17.999999999999947,0.0,0.0,0.0
329.9385852169387,23.421952081129017,17.999999999999947,0.0,0.0,0.0
329.9442214641641,23.430519785514743,17.99999999999995,0.0,0.0,0.0
329.9498592189396,23.439086846011502,17.99999999999995,0.0,0.0,0.0
329.95549848194605,23.447653262307217,17.999999999999947,0.0,0.0,0.0
329.9611392538644,23.45621903408965,17.99999999999995,0.0,0.0,0.0
329.96678153537624,23.464784161046556,17.99999999999995,0.0,0.0,0.0
329.97242532716285,23.473348642865403,17.99999999999995,0.0,0.0,0.0
329.9780706299058,23.481912479233586,17.99999999999995,0.0,0.0,0.0
329.983717444287,23.490475669838357,17.99999999999995,0.0,0.0,0.0
329.98936577098834,23.499038214366767,17.99999999999995,0.0,0.0,0.0
329.995015610692,23.507600112505894,17.999999999999947,0.0,0.0,0.0
330.00066696408027,23.516161363942516,17.99999999999995,0.0,0.0,0.0
330.0063198318357,23.52472196836334,17.999999999999947,0.0,0.0,0.0
330.0119742146409,23.53328192545491,17.999999999999947,0.0,0.0,0.0
330.01763011317854,23.54184123490361,17.999999999999947,0.0,0.0,0.0
330.02328752813196,23.550399896395803,17.999999999999947,0.0,0.0,0.0
330.028946460184,23.55895790961759,17.99999999999995,0.0,0.0,0.0
330.0346069100182,23.56751527425497,17.99999999999995,0.0,0.0,0.0
330.04026887831805,23.576071989993757,17.999999999999947,0.0,0.0,0.0
330.0459323657672,23.584628056519758,17.999999999999947,0.0,0.0,0.0
330.05159737304956,23.59318347351853,17.99999999999995,0.0,0.0,0.0
330.05726390084914,23.6017382406755,17.999999999999947,0.0,0.0,0.0
330.0629319498501,23.61029235767597,17.999999999999947,0.0,0.0,0.0
330.0686015207369,23.618845824205057,17.999999999999947,0.0,0.0,0.0
330.074272614194,23.62739863994789,17.999999999999947,0.0,0.0,0.0
330.0799452309063,23.63595080458929,17.999999999999947,0.0,0.0,0.0
330.0856193715585,23.644502317814,17.99999999999995,0.0,0.0,0.0
330.09129503683585,23.65305317930662,17.99999999999995,0.0,0.0,0.0
330.0969722274234,23.661603388751566,17.99999999999995,0.0,0.0,0.0
330.1026509440068,23.670152945833248,17.99999999999995,0.0,0.0,0.0
330.10833118727146,23.678701850235793,17.99999999999995,0.0,0.0,0.0
330.11401295790336,23.68725010164324,17.99999999999995,0.0,0.0,0.0
330.11969625658816,23.69579769973944,17.99999999999995,0.0,0.0,0.0
330.1253810840122,23.704344644208238,17.99999999999995,0.0,0.0,0.0
330.1310674408617,23.71289093473318,17.999999999999954,0.0,0.0,0.0
330.1367553278231,23.721436570997767,17.999999999999954,0.0,0.0,0.0
330.14244474558313,23.72998155268529,17.999999999999954,0.0,0.0,0.0
330.1481356948285,23.738525879478907,17.99999999999995,0.0,0.0,0.0
330.15382817624624,23.74706955106175,17.999999999999954,0.0,0.0,0.0
330.1595221905235,23.755612567116664,17.99999999999995,0.0,0.0,0.0
330.1652177383476,23.764154927326416,17.99999999999995,0.0,0.0,0.0
330.17091482040615,23.772696631373602,17.99999999999995,0.0,0.0,0.0
330.17661343738666,23.781237678940652,17.999999999999954,0.0,0.0,0.0
330.1823135899772,23.789778069709993,17.99999999999995,0.0,0.0,0.0
330.18801527886563,23.798317803363755,17.999999999999954,0.0,0.0,0.0
330.1937185047403,23.80685687958398,17.99999999999995,0.0,0.0,0.0
330.1994232682895,23.815395298052504,17.99999999999995,0.0,0.0,0.0
330.2051295702018,23.82393305845119,17.999999999999947,0.0,0.0,0.0
330.2108374111659,23.832470160461583,17.99999999999995,0.0,0.0,0.0
330.2165467918708,23.841006603765155,17.999999999999954,0.0,0.0,0.0
330.22225771300566,23.849542388043215,17.999999999999954,0.0,0.0,0.0
330.22797017525954,23.858077512976898,17.99999999999995,0.0,0.0,0.0
330.2336841793219,23.866611978247327,17.999999999999954,0.0,0.0,0.0
330.2393997258826,23.87514578353534,17.999999999999954,0.0,0.0,0.0
330.2451168156311,23.883678928521668,17.999999999999954,0.0,0.0,0.0
330.25083544925764,23.892211412886915,17.99999999999995,0.0,0.0,0.0
330.25655562745203,23.90074323631147,17.99999999999995,0.0,0.0,0.0
330.262277350905,23.909274398475738,17.99999999999995,0.0,0.0,0.0
330.26800062030674,23.917804899059828,17.999999999999954,0.0,0.0,0.0
330.273725436348,23.926334737743755,17.99999999999995,0.0,0.0,0.0
330.27945179971965,23.934863914207334,17.999999999999954,0.0,0.0,0.0
330.2851797111127,23.94339242813037,17.999999999999954,0.0,0.0,0.0
330.2909091712183,23.9519202791924,17.999999999999954,0.0,0.0,0.0
330.2966401807279,23.960447467072846,17.999999999999954,0.0,0.0,0.0
330.30237274033294,23.96897399145099,17.999999999999954,0.0,0.0,0.0
330.30810685072527,23.977499852005906,17.999999999999954,0.0,0.0,0.0
330.3138425125967,23.98602504841669,17.999999999999957,0.0,0.0,0.0
330.3195797266394,23.994549580362126,17.999999999999957,0.0,0.0,0.0
330.3253184935455,24.003073447520908,17.999999999999957,0.0,0.0,0.0
330.3310588140076,24.011596649571572,17.999999999999957,0.0,0.0,0.0
330.3368006887181,24.020119186192474,17.999999999999957,0.0,0.0,0.0
330.34254411837,24.028641057061957,17.999999999999957,0.0,0.0,0.0
330.34828910365604,24.037162261858075,17.999999999999957,0.0,0.0,0.0
330.35403564526956,24.04568280025877,17.999999999999957,0.0,0.0,0.0
330.35978374390373,24.05420267194181,17.999999999999957,0.0,0.0,0.0
330.36553340025216,24.06272187658495,17.999999999999954,0.0,0.0,0.0
330.37128461500845,24.071240413865628,17.99999999999995,0.0,0.0,0.0
330.3770373888665,24.079758283461217,17.999999999999957,0.0,0.0,0.0
330.38279172252027,24.088275485048936,17.999999999999954,0.0,0.0,0.0
330.38854761666397,24.09679201830578,17.999999999999957,0.0,0.0,0.0
330.3943050719921,24.105307882908765,17.999999999999957,0.0,0.0,0.0
330.400064089199,24.1138230785346,17.999999999999954,0.0,0.0,0.0
330.4058246689797,24.122337604859897,17.999999999999957,0.0,0.0,0.0
330.4115868120289,24.130851461561125,17.999999999999957,0.0,0.0,0.0
330.41735051904163,24.139364648314537,17.999999999999954,0.0,0.0,0.0
330.4231157907134,24.147877164796405,17.999999999999957,0.0,0.0,0.0
330.42888262773954,24.156389010682688,17.999999999999957,0.0,0.0,0.0
330.43465103081564,24.16490018564925,17.99999999999996,0.0,0.0,0.0
330.44042100063757,24.173410689371742,17.999999999999957,0.0,0.0,0.0
330.4461925379012,24.181920521525832,17.999999999999957,0.0,0.0,0.0
330.45196564330286,24.19042968178688,17.999999999999957,0.0,0.0,0.0
330.4577403175388,24.198938169830154,17.99999999999996,0.0,0.0,0.0
330.4635165613056,24.207445985330754,17.999999999999957,0.0,0.0,0.0
330.4692943752998,24.21595312796358,17.999999999999957,0.0,0.0,0.0
330.47507376021844,24.224459597403534,17.999999999999957,0.0,0.0,0.0
330.48085471675853,24.232965393325234,17.99999999999996,0.0,0.0,0.0
330.4866372456173,24.241470515403176,17.999999999999957,0.0,0.0,0.0
330.4924213474921,24.249974963311658,17.99999999999996,0.0,0.0,0.0
330.4982070230806,24.258478736724978,17.999999999999957,0.0,0.0,0.0
330.5039942730806,24.266981835317125,17.99999999999996,0.0,0.0,0.0
330.50978309819004,24.275484258762006,17.99999999999996,0.0,0.0,0.0
330.5155734991069,24.283986006733354,17.999999999999957,0.0,0.0,0.0
330.52136547652964,24.2924870789047,17.999999999999957,0.0,0.0,0.0
330.52715903115677,24.300987474949576,17.999999999999957,0.0,0.0,0.0
330.5329541636869,24.309487194541227,17.999999999999957,0.0,0.0,0.0
330.53875087481885,24.317986237352773,17.999999999999957,0.0,0.0,0.0
330.5445491652517,24.326484603057185,17.99999999999996,0.0,0.0,0.0
330.5503490356846,24.334982291327247,17.999999999999957,0.0,0.0,0.0
330.556150486817,24.34347930183571,17.999999999999957,0.0,0.0,0.0
330.56195351934844,24.351975634255048,17.999999999999957,0.0,0.0,0.0
330.56775813397866,24.360471288257614,17.999999999999957,0.0,0.0,0.0
330.5735643314075,24.368966263515567,17.999999999999964,0.0,0.0,0.0
330.5793721123353,24.37746055970105,17.99999999999996,0.0,0.0,0.0
330.5851814774622,24.385954176485924,17.99999999999996,0.0,0.0,0.0
330.5909924274886,24.39444711354192,17.999999999999957,0.0,0.0,0.0
330.59680496311523,24.402939370540608,17.999999999999964,0.0,0.0,0.0
330.60261908504293,24.4114309471534,17.999999999999964,0.0,0.0,0.0
330.60843479397266,24.41992184305165,17.99999999999996,0.0,0.0,0.0
330.61425209060565,24.42841205790644,17.99999999999996,0.0,0.0,0.0
330.62007097564333,24.43690159138873,17.999999999999964,0.0,0.0,0.0
330.6258914497871,24.44539044316933,17.99999999999996,0.0,0.0,0.0
330.63171351373876,24.45387861291885,17.99999999999996,0.0,0.0,0.0
330.63753716820025,24.46236610030787,17.999999999999957,0.0,0.0,0.0
330.6433624138736,24.470852905006694,17.999999999999964,0.0,0.0,0.0
330.64918925146117,24.47933902668551,17.999999999999957,0.0,0.0,0.0
330.65501768166536,24.487824465014285,17.999999999999964,0.0,0.0,0.0
330.66084770518876,24.496309219662997,17.999999999999964,0.0,0.0,0.0
330.6666793227343,24.504793290301315,17.99999999999996,0.0,0.0,0.0
330.6725125350049,24.513276676598778,17.999999999999964,0.0,0.0,0.0
330.6783473427038,24.521759378224807,17.99999999999996,0.0,0.0,0.0
330.6841837465342,24.53024139484859,17.999999999999957,0.0,0.0,0.0
330.6900217471998,24.53872272613931,17.99999999999996,0.0,0.0,0.0
330.6958613454043,24.54720337176584,17.99999999999996,0.0,0.0,0.0
330.70170254185155,24.55568333139696,17.99999999999996,0.0,0.0,0.0
330.70754533724573,24.564162604701266,17.999999999999964,0.0,0.0,0.0
330.713389732291,24.5726411913472,17.99999999999996,0.0,0.0,0.0
330.7192357276918,24.581119091003096,17.99999999999996,0.0,0.0,0.0
330.7250833241529,24.589596303337075,17.999999999999964,0.0,0.0,0.0
330.73093252237896,24.59807282801712,17.999999999999957,0.0,0.0,0.0
330.7367833230751,24.60654866471104,17.99999999999996,0.0,0.0,0.0
330.7426357269464,24.615023813086495,17.999999999999964,0.0,0.0,0.0
330.7484897346983,24.623498272811005,17.99999999999996,0.0,0.0,0.0
330.7543453470363,24.631972043551887,17.999999999999957,0.0,0.0,0.0
330.7602025646661,24.640445124976342,17.999999999999964,0.0,0.0,0.0
330.7660613882936,24.64891751675138,17.99999999999996,0.0,0.0,0.0
330.77192181862495,24.657389218543866,17.99999999999996,0.0,0.0,0.0
330.7777838563664,24.66586023002051,17.99999999999996,0.0,0.0,0.0
330.7836475022243,24.674330550847856,17.99999999999996,0.0,0.0,0.0
330.7895127569055,24.682800180692276,17.999999999999964,0.0,0.0,0.0
330.79537962111664,24.691269119219992,17.99999999999996,0.0,0.0,0.0
330.80124809556474,24.699737366097075,17.99999999999996,0.0,0.0,0.0
330.80711818095705,24.708204920989427,17.99999999999996,0.0,0.0,0.0
330.81298987800096,24.71667178356277,17.99999999999996,0.0,0.0,0.0
330.8188631874039,24.725137953482697,17.99999999999996,0.0,0.0,0.0
330.8247381098737,24.733603430414618,17.99999999999996,0.0,0.0,0.0
330.8306146461182,24.74206821402379,17.99999999999996,0.0,0.0,0.0
330.83649279684556,24.750532303975323,17.99999999999996,0.0,0.0,0.0
330.842372562764,24.758995699934115,17.99999999999996,0.0,0.0,0.0
330.8482539445821,24.767458401564966,17.99999999999996,0.0,0.0,0.0
330.8541369430084,24.775920408532468,17.999999999999964,0.0,0.0,0.0
330.8600215587518,24.784381720501074,17.999999999999964,0.0,0.0,0.0
330.8659077925212,24.79284233713506,17.999999999999957,0.0,0.0,0.0
330.87179564502594,24.801302258098552,17.99999999999996,0.0,0.0,0.0
330.87768511697533,24.809761483055507,17.99999999999996,0.0,0.0,0.0
330.88357620907897,24.818220011669723,17.99999999999996,0.0,0.0,0.0
330.88946892204655,24.826677843604823,17.99999999999996,0.0,0.0,0.0
330.895363256588,24.83513497852427,17.999999999999957,0.0,0.0,0.0
330.90125921341354,24.843591416091385,17.999999999999964,0.0,0.0,0.0
330.90715679323336,24.8520471559693,17.999999999999964,0.0,0.0,0.0
330.913055996758,24.860502197821,17.99999999999996,0.0,0.0,0.0
330.9189568246981,24.868956541309288,17.99999999999996,0.0,0.0,0.0
330.92485927776454,24.877410186096814,17.999999999999957,0.0,0.0,0.0
330.9307633566683,24.885863131846065,17.99999999999996,0.0,0.0,0.0
330.93666906212076,24.894315378219364,17.99999999999996,0.0,0.0,0.0
330.9425763948331,24.90276692487886,17.999999999999964,0.0,0.0,0.0
330.94848535551705,24.911217771486548,17.99999999999996,0.0,0.0,0.0
330.9543959448844,24.91966791770426,17.999999999999964,0.0,0.0,0.0
330.960308163647,24.928117363193643,17.999999999999957,0.0,0.0,0.0
330.9662220125171,24.936566107616198,17.99999999999996,0.0,0.0,0.0
