galstreams/tracks/track.st.M3-Svol.yang2023.ecsv
# %ECSV 1.0
# ---
# datatype:
# - {name: ra, unit: deg, datatype: float64}
# - {name: dec, unit: deg, datatype: float64}
# - {name: distance, unit: kpc, datatype: float64}
# - {name: pm_ra_cosdec, unit: mas / yr, datatype: float64}
# - {name: pm_dec, unit: mas / yr, datatype: float64}
# - {name: radial_velocity, unit: km / s, datatype: float64}
# delimiter: ','
# meta: !!omap
# - __serialized_columns__:
#     dec:
#       __class__: astropy.coordinates.angles.Latitude
#       unit: &id001 !astropy.units.Unit {unit: deg}
#       value: !astropy.table.SerializedColumn {name: dec}
#     distance:
#       __class__: astropy.coordinates.distances.Distance
#       unit: !astropy.units.Unit {unit: kpc}
#       value: !astropy.table.SerializedColumn {name: distance}
#     pm_dec:
#       __class__: astropy.units.quantity.Quantity
#       unit: !astropy.units.Unit {unit: mas / yr}
#       value: !astropy.table.SerializedColumn {name: pm_dec}
#     pm_ra_cosdec:
#       __class__: astropy.units.quantity.Quantity
#       unit: !astropy.units.Unit {unit: mas / yr}
#       value: !astropy.table.SerializedColumn {name: pm_ra_cosdec}
#     ra:
#       __class__: astropy.coordinates.angles.Longitude
#       unit: *id001
#       value: !astropy.table.SerializedColumn {name: ra}
#       wrap_angle: !astropy.coordinates.Angle
#         unit: *id001
#         value: 360.0
#     radial_velocity:
#       __class__: astropy.units.quantity.Quantity
#       unit: !astropy.units.Unit {unit: km / s}
#       value: !astropy.table.SerializedColumn {name: radial_velocity}
# schema: astropy-2.0
ra,dec,distance,pm_ra_cosdec,pm_dec,radial_velocity
[from data line 837]
198.09383200427698,26.35216267566083,11.893774215706115,-0.46926168764496334,-2.3475322278046153,-107.8657545687062
198.1049588963621,26.354473163297136,11.891944191565367,-0.46859110218525507,-2.3481450431677686,-107.92719060515864
198.1160862971639,26.356782503101652,11.890114519880143,-0.4679203844012353,-2.348757979696926,-107.98860564527091
198.1272142064971,26.359090694948016,11.888285200650436,-0.4672495343189995,-2.3493710374683863,-108.04999968904308
198.13834262417603,26.361397738709844,11.88645623387625,-0.46657855196464515,-2.3499842165584486,-108.111372736475
198.149471550015,26.36370363426083,11.884627619557584,-0.46590743736427265,-2.350597517043412,-108.17272478756678
198.16060098382823,26.366008381474707,11.88279935769444,-0.4652361905439916,-2.3512109389995715,-108.23405584231844
198.1717309254298,26.368311980225233,11.880971448286813,-0.464564811529913,-2.351824482503221,-108.2953659007299
198.1828613746337,26.370614430386212,11.879143891334705,-0.4638933003481504,-2.3524381476306537,-108.35665496280119
198.1939923312538,26.372915731831505,11.877316686838121,-0.46322165702482765,-2.3530519344581577,-108.41792302853233
198.20512379510382,26.375215884434983,11.875489834797056,-0.462549881586069,-2.353665843062025,-108.47917009792329
198.21625576599737,26.37751488807058,11.873663335211509,-0.461877974058002,-2.3542798735185397,-108.54039617097409
198.22738824374807,26.379812742612277,11.871837188081484,-0.4612059344667637,-2.354894025903988,-108.60160124768475
198.23852122816922,26.382109447934063,11.870011393406973,-0.46053376283849123,-2.3555083002946526,-108.66278532805522
198.24965471907424,26.38440500391002,11.868185951187987,-0.4598614591993284,-2.3561226967668136,-108.7239484120855
198.26078871627624,26.386699410414224,11.866360861424521,-0.4591890235754233,-2.3567372153967505,-108.78509049977569
198.27192321958827,26.388992667320807,11.864536124116576,-0.4585164559929266,-2.357351856260742,-108.84621159112567
198.28305822882336,26.39128477450395,11.862711739264146,-0.45784375647799747,-2.3579666194350613,-108.90731168613547
198.29419374379435,26.39357573183787,11.860887706867242,-0.45717092505679546,-2.3585815049959806,-108.96839078480515
198.30532976431388,26.395865539196805,11.859064026925855,-0.4564979617554866,-2.359196513019775,-109.02944888713462
198.31646629019474,26.398154196455085,11.857240699439988,-0.4558248666002423,-2.3598116435827117,-109.09048599312393
198.3276033212493,26.40044170348703,11.855417724409639,-0.4551516396172366,-2.360426896761057,-109.15150210277312
198.33874085729002,26.402728060167025,11.853595101834813,-0.4544782808326474,-2.361042272631077,-109.2124972160821
198.34987889812922,26.405013266369494,11.851772831715508,-0.45380479027266163,-2.361657771269035,-109.273471333051
198.36101744357902,26.4072973219689,11.849950914051718,-0.453131167963466,-2.3622733927511925,-109.33442445367965
198.37215649345143,26.40958022683973,11.848129348843448,-0.45245741393125166,-2.3628891371538083,-109.39535657796814
198.38329604755856,26.411861980856568,11.846308136090702,-0.45178352820221823,-2.363505004553138,-109.4562677059165
198.39443610571212,26.414142583893966,11.844487275793474,-0.45110951080256756,-2.364120995025438,-109.5171578375247
198.40557666772384,26.41642203582656,11.842666767951766,-0.4504353617585032,-2.3647371086469606,-109.57802697279267
198.41671773340542,26.418700336529035,11.840846612565578,-0.4497610810962387,-2.365353345493956,-109.63887511172051
198.42785930256824,26.420977485876087,11.83902680963491,-0.44908666884198706,-2.365969705642673,-109.69970225430822
198.43900137502382,26.423253483742478,11.837207359159763,-0.4484121250219699,-2.366586189169358,-109.76050840055576
198.45014395058337,26.425528330003004,11.835388261140134,-0.44773744966241114,-2.3672027961502544,-109.82129355046314
198.46128702905798,26.42780202453248,11.833569515576029,-0.4470626427895372,-2.3678195266616053,-109.88205770403034
198.47243061025887,26.43007456720581,11.83175112246744,-0.44638770442958364,-2.3684363807796487,-109.94280086125737
198.48357469399687,26.432345957897905,11.829933081814369,-0.4457126346087863,-2.3690533585806235,-110.00352302214424
198.49471928008276,26.43461619648371,11.828115393616821,-0.4450374333533871,-2.3696704601407643,-110.06422418669094
198.50586436832737,26.436885282838247,11.826298057874796,-0.44436210068963383,-2.3702876855363035,-110.12490435489747
198.51700995854128,26.439153216836562,11.824481074588284,-0.44368663664377617,-2.370905034843472,-110.18556352676387
198.52815605053488,26.441419998353712,11.822664443757295,-0.44301104124206836,-2.3715225081385,-110.2462017022901
198.5393026441187,26.443685627264852,11.820848165381827,-0.44233531451077207,-2.372140105497611,-110.30681888147612
198.5504497391029,26.445950103445153,11.819032239461881,-0.4416594564761511,-2.372757826997029,-110.36741506432202
198.56159733529765,26.4482134267698,11.81721666599745,-0.4409834671644719,-2.3733756727129776,-110.42799025082773
198.57274543251305,26.45047559711407,11.815401444988542,-0.4403073466020102,-2.3739936427216737,-110.48854444099331
198.58389403055898,26.45273661435325,11.813586576435155,-0.4396310948150425,-2.374611737099334,-110.54907763481872
198.59504312924523,26.45499647836266,11.811772060337283,-0.43895471182984835,-2.3752299559221743,-110.60958983230388
198.6061927283816,26.457255189017708,11.809957896694936,-0.4382781976727177,-2.375848299266406,-110.670081033449
198.61734282777755,26.459512746193777,11.808144085508106,-0.43760155236993836,-2.376466767208237,-110.73055123825387
198.62849342724274,26.461769149766376,11.806330626776795,-0.4369247759478066,-2.377085359823878,-110.79100044671861
198.63964452658644,26.464024399610974,11.804517520501008,-0.4362478684326221,-2.377704077189528,-110.85142865884319
198.65079612561783,26.466278495603124,11.802704766680735,-0.43557082985068657,-2.378322919381395,-110.91183587462763
198.66194822414624,26.468531437618424,11.800892365315987,-0.4348936602283112,-2.3789418864756744,-110.97222209407188
198.67310082198057,26.470783225532497,11.799080316406759,-0.4342163595918075,-2.379560978548566,-111.03258731717597
198.68425391892973,26.473033859221,11.797268619953048,-0.43353892796749033,-2.380180195676262,-111.09293154393986
198.69540751480267,26.475283338559677,11.79545727595486,-0.43286136538168446,-2.3807995379349585,-111.15325477436363
198.70656160940797,26.477531663424276,11.79364628441219,-0.4321836718607145,-2.3814190054008413,-111.21355700844721
198.7177162025542,26.479778833690574,11.791835645325039,-0.4315058474309089,-2.3820385981500993,-111.2738382461906
198.72887129404992,26.482024849234445,11.790025358693407,-0.4308278921186045,-2.3826583162589157,-111.3340984875939
198.7400268837035,26.48426970993175,11.788215424517299,-0.430149805950139,-2.3832781598034742,-111.39433773265701
198.7511829713231,26.48651341565841,11.78640584279671,-0.4294715889518549,-2.383898128859953,-111.45455598137995
198.76233955671697,26.48875596629041,11.784596613531642,-0.4287932411501023,-2.3845182235045295,-111.51475323376268
198.77349663969306,26.49099736170376,11.782787736722087,-0.4281147625712311,-2.385138443813377,-111.5749294898053
198.78465422005925,26.49323760177449,11.780979212368061,-0.42743615324159745,-2.385758789862667,-111.63508474950774
198.79581229762348,26.495476686378723,11.779171040469546,-0.4267574131875641,-2.3863792617285693,-111.69521901287007
198.80697087219338,26.49771461539258,11.777363221026556,-0.4260785424354949,-2.3869998594872497,-111.75533227989216
198.81812994357645,26.499951388692228,11.775555754039088,-0.4253995410117577,-2.3876205832148707,-111.8154245505741
198.82928951158033,26.502187006153928,11.773748639507135,-0.4247204089427293,-2.3882414329875927,-111.87549582491589
198.8404495760122,26.50442146765391,11.771941877430706,-0.4240411462547845,-2.3888624088815757,-111.93554610291751
198.85161013667943,26.506654773068497,11.770135467809794,-0.4233617529743091,-2.3894835109729735,-111.99557538457897
198.86277119338914,26.508886922274037,11.768329410644403,-0.42268222912768755,-2.390104739337939,-112.05558366990027
198.87393274594828,26.51111791514692,11.766523705934533,-0.42200257474131053,-2.3907260940526207,-112.11557095888139
198.88509479416385,26.513347751563572,11.764718353680182,-0.4213227898415763,-2.3913475751931683,-112.17553725152231
198.89625733784266,26.515576431400497,11.76291335388135,-0.42064287445488213,-2.391969182835724,-112.2354825478232
198.90742037679124,26.51780395453418,11.761108706538039,-0.41996282860763157,-2.3925909170564283,-112.29540684778382
198.9185839108164,26.52003032084121,11.759304411650248,-0.4192826523262351,-2.393212777931423,-112.35531015140425
198.92974793972445,26.52225553019819,11.757500469217975,-0.4186023456371042,-2.3938347655368415,-112.41519245868461
198.94091246332178,26.524479582481764,11.755696879241224,-0.4179219085666548,-2.394456879948816,-112.47505376962476
198.95207748141468,26.526702477568627,11.753893641719992,-0.4172413411413102,-2.3950791212434765,-112.53489408422472
198.96324299380922,26.5289242153355,11.752090756654281,-0.4165606433874959,-2.3957014894969517,-112.59471340248454
198.9744090003114,26.531144795659163,11.750288224044093,-0.41587981533163887,-2.396323984785364,-112.65451172440423
198.98557550072726,26.533364218416455,11.748486043889422,-0.41519885700017645,-2.3969466071848364,-112.71428904998373
198.99674249486245,26.53558248348422,11.746684216190268,-0.41451776841954546,-2.397569356771486,-112.77404537922305
199.00790998252276,26.53779959073938,11.744882740946634,-0.41383654961618965,-2.3981922336214287,-112.83378071212222
199.01907796351378,26.540015540058867,11.743081618158522,-0.41315520061655525,-2.398815237810776,-112.89349504868122
199.03024643764084,26.542230331319665,11.74128084782593,-0.41247372144709304,-2.399438369415638,-112.95318838889999
199.0414154047094,26.54444396439884,11.739480429948859,-0.4117921121342604,-2.400061628512121,-113.0128607327787
199.05258486452473,26.546656439173457,11.737680364527307,-0.4111103727045159,-2.400685015176328,-113.0725120803172
199.06375481689184,26.54886775552063,11.735880651561272,-0.4104285031843222,-2.4013085294843592,-113.13214243151559
199.0749252616159,26.55107791331752,11.734081291050764,-0.4097465036001504,-2.4019321715123123,-113.19175178637373
199.0860961985017,26.55328691244134,11.732282282995769,-0.40906437397847195,-2.402555941336284,-113.25134014489173
199.09726762735406,26.55549475276934,11.730483627396298,-0.40838211434576255,-2.4031798390323593,-113.31090750706963
199.10843954797775,26.557701434178828,11.728685324252345,-0.40769972472850513,-2.4038038646766315,-113.37045387290729
199.11961196017725,26.55990695654712,11.726887373563912,-0.40701720515318496,-2.4044280183451834,-113.4299792424048
199.13078486375704,26.56211131975159,11.725089775331,-0.40633455564628895,-2.4050523001140993,-113.48948361556218
199.14195825852153,26.564314523669697,11.723292529553605,-0.40565177623431403,-2.405676710059454,-113.54896699237938
199.1531321442749,26.566516568178876,11.721495636231733,-0.4049688669437578,-2.406301248257325,-113.60842937285639
199.16430652082127,26.568717453156633,11.719699095365382,-0.40428582780112027,-2.4069259147837863,-113.66787075699328
199.17548138796477,26.57091717848055,11.717902906954548,-0.40360265883291035,-2.407550709714904,-113.72729114478996
199.18665674550923,26.573115744028208,11.716107070999236,-0.4029193600656382,-2.4081756331267457,-113.78669053624652
199.1978325932584,26.575313149677235,11.714311587499443,-0.4022359315258174,-2.4088006850953745,-113.84606893136288
199.20900893101603,26.577509395305338,11.71251645645517,-0.4015523732399698,-2.4094258656968495,-113.90542633013912
199.22018575858567,26.579704480790227,11.710721677866415,-0.4008686852346155,-2.4100511750072267,-113.96476273257515
199.23136307577084,26.581898406009692,11.708927251733181,-0.40018486753628535,-2.4106766131025594,-114.02407813867104
199.2425408823749,26.584091170841525,11.707133178055468,-0.3995009201715094,-2.4113021800588976,-114.08337254842678
199.25371917820095,26.58628277516359,11.705339456833277,-0.3988168431668227,-2.4119278759522866,-114.14264596184233
199.26489796305228,26.588473218853796,11.703546088066599,-0.39813263654876857,-2.4125537008587714,-114.20189837891769
199.27607723673188,26.59066250179009,11.701753071755448,-0.397448300343889,-2.413179654854391,-114.26112979965293
199.28725699904257,26.592850623850442,11.699960407899813,-0.3967638345787317,-2.4138057380151814,-114.320340224048
199.29843724978727,26.59503758491291,11.6981680964997,-0.39607923927985206,-2.414431950417175,-114.37952965210292
199.30961798876862,26.597223384855557,11.696376137555106,-0.3953945144738059,-2.415058292136404,-114.43869808381764
199.32079921578915,26.59940802355649,11.694584531066031,-0.3947096601871527,-2.4156847632488936,-114.49784551919221
199.33198093065144,26.6015915008939,11.692793277032477,-0.394024676446461,-2.4163113638306646,-114.55697195822661
199.34316313315776,26.60377381674598,11.691002375454444,-0.3933395632782978,-2.4169380939577403,-114.61607740092086
199.35434582311035,26.605954970990968,11.68921182633193,-0.39265432070923656,-2.4175649537061346,-114.67516184727494
199.36552900031143,26.608134963507187,11.687421629664934,-0.39196894876585675,-2.4181919431518613,-114.73422529728889
199.37671266456297,26.610313794172953,11.685631785453461,-0.39128344747473975,-2.418819062370928,-114.79326775096261
199.38789681566683,26.612491462866668,11.683842293697506,-0.3905978168624704,-2.419446311439342,-114.85228920829626
199.39908145342494,26.614667969466748,11.682053154397071,-0.3899120569556407,-2.4200736904331044,-114.91128966928964
199.41026657763885,26.616843313851653,11.680264367552157,-0.3892261677808434,-2.420701199428215,-114.97026913394292
199.42145218811027,26.619017495899918,11.678475933162764,-0.3885401493646789,-2.4213288385006684,-115.02922760225601
199.43263828464066,26.621190515490103,11.676687851228888,-0.3878540017337492,-2.4219566077264565,-115.08816507422895
199.44382486703128,26.62336237250079,11.67490012175053,-0.3871677249146594,-2.4225845071815666,-115.14708154986171
199.4550119350835,26.62553306681065,11.673112744727696,-0.3864813189340234,-2.423212536941984,-115.20597702915434
199.4661994885984,26.627702598298363,11.671325720160379,-0.3857947838184541,-2.423840697083689,-115.26485151210674
199.47738752737698,26.629870966842645,11.669539048048588,-0.3851081195945708,-2.4244689876826597,-115.323704998719
199.48857605122024,26.632038172322318,11.667752728392312,-0.3844213262889977,-2.425097408814869,-115.3825374889911
199.49976505992896,26.634204214616187,11.665966761191559,-0.38373440392836206,-2.4257259605562878,-115.44134898292307
199.51095455330378,26.6363690936031,11.664181146446321,-0.38304735253929423,-2.4263546429828833,-115.50013948051486
199.52214453114541,26.63853280916199,11.662395884156606,-0.3823601721484319,-2.4269834561706167,-115.55890898176646
199.53333499325427,26.640695361171822,11.660610974322413,-0.3816728627824134,-2.4276124001954464,-115.61765748667797
199.54452593943066,26.642856749511566,11.658826416943734,-0.3809854244678818,-2.4282414751333294,-115.67638499524926
199.55571736947493,26.645016974060304,11.65704221202058,-0.38029785723148707,-2.4288706810602165,-115.73509150748039
199.56690928318721,26.647176034697114,11.655258359552944,-0.3796101610998803,-2.4295000180520576,-115.79377702337138
199.57810168036747,26.649333931301094,11.653474859540827,-0.3789223360997167,-2.430129486184795,-115.85244154292212
199.58929456081577,26.65149066375148,11.651691711984231,-0.3782343822576579,-2.430759085534369,-115.9110850661328
199.6004879243318,26.65364623192745,11.649908916883156,-0.37754629960036684,-2.431388816176718,-115.96970759300322
199.61168177071534,26.655800635708303,11.648126474237602,-0.37685808815451327,-2.432018678187771,-116.02830912353355
