galstreams/tracks/track.st.C-8.ibata2021.ecsv
# %ECSV 1.0
# ---
# datatype:
# - {name: ra, unit: deg, datatype: float64}
# - {name: dec, unit: deg, datatype: float64}
# - {name: distance, unit: kpc, datatype: float64}
# - {name: pm_ra_cosdec, unit: mas / yr, datatype: float64}
# - {name: pm_dec, unit: mas / yr, datatype: float64}
# - {name: radial_velocity, unit: km / s, datatype: float64}
# delimiter: ','
# meta: !!omap
# - __serialized_columns__:
#     dec:
#       __class__: astropy.coordinates.angles.Latitude
#       unit: &id001 !astropy.units.Unit {unit: deg}
#       value: !astropy.table.SerializedColumn {name: dec}
#     distance:
#       __class__: astropy.coordinates.distances.Distance
#       unit: !astropy.units.Unit {unit: kpc}
#       value: !astropy.table.SerializedColumn {name: distance}
#     pm_dec:
#       __class__: astropy.units.quantity.Quantity
#       unit: !astropy.units.Unit {unit: mas / yr}
#       value: !astropy.table.SerializedColumn {name: pm_dec}
#     pm_ra_cosdec:
#       __class__: astropy.units.quantity.Quantity
#       unit: !astropy.units.Unit {unit: mas / yr}
#       value: !astropy.table.SerializedColumn {name: pm_ra_cosdec}
#     ra:
#       __class__: astropy.coordinates.angles.Longitude
#       unit: *id001
#       value: !astropy.table.SerializedColumn {name: ra}
#       wrap_angle: !astropy.coordinates.Angle
#         unit: *id001
#         value: 360.0
#     radial_velocity:
#       __class__: astropy.units.quantity.Quantity
#       unit: !astropy.units.Unit {unit: km / s}
#       value: !astropy.table.SerializedColumn {name: radial_velocity}
# schema: astropy-2.0
ra,dec,distance,pm_ra_cosdec,pm_dec,radial_velocity
[from data line 873]
344.13482581925456,-73.7483631887608,3.3063692128261555,7.936282275180455,6.678292946624111,1000.0000000000022
344.1506824859605,-73.73890904450546,3.307292295213141,7.9339458082560235,6.677052919850784,1000.0000000000023
344.16659948820904,-73.72945540714997,3.308225137835831,7.931603510814126,6.675804857904506,1000.0000000000022
344.1825769471375,-73.72000226608179,3.3091677643367867,7.929255393408603,6.674548739685143,1000.0000000000018
344.198614983618,-73.71054961057374,3.3101201983585677,7.926901466738068,6.67328454403447,1000.000000000002
344.21471371825805,-73.70109742978347,3.311082463543735,7.924541741646227,6.67201224973638,1000.0000000000023
344.2308732714008,-73.69164571275313,3.312054583534847,7.922176229122389,6.670731835517053,1000.0000000000022
344.2470937631254,-73.68219444840878,3.3130365819744663,7.919804940301738,6.66944328004524,1000.0000000000023
344.26337531324685,-73.67274362556003,3.314028482505151,7.917427886465831,6.668146561932456,1000.000000000002
344.27971804131687,-73.66329323289953,3.3150303087694626,7.915045079042948,6.6668416597332225,1000.0000000000023
344.2961220666237,-73.65384325900251,3.316042084409961,7.912656529608505,6.66552855194529,1000.0000000000022
344.3125875081924,-73.64439369232639,3.317063833069207,7.910262249885493,6.6642072170098565,1000.0000000000022
344.3291144847853,-73.6349445212102,3.3180955783897583,7.9078622517448425,6.662877633311783,1000.0000000000022
344.34570311490194,-73.62549573387422,3.319137344014177,7.905456547205859,6.661539779179851,1000.0000000000022
344.3623535167794,-73.61604731841948,3.3201891535850248,7.903045148436616,6.660193632886994,1000.0000000000022
344.37906580839285,-73.6065992628273,3.321251030744858,7.900628067754347,6.658839172650488,1000.0000000000023
344.39584010745506,-73.59715155495884,3.3223229991362397,7.8982053176259255,6.6574763766322285,1000.000000000002
344.41267653141716,-73.58770418255462,3.3234050824017296,7.895776910668164,6.656105222938944,1000.000000000002
344.4295751974686,-73.57825713323408,3.3244973041838874,7.893342859648358,6.654725689622431,1000.0000000000023
344.44653622253736,-73.56881039449507,3.325599688125274,7.890903177484564,6.653337754679782,1000.0000000000024
344.4635597232901,-73.55936395371349,3.3267122578684476,7.888457877246182,6.651941396053633,1000.0000000000022
344.4806458161324,-73.54991779814267,3.327835037055971,7.8860069721542025,6.6505365916324095,1000.000000000002
344.4977946172088,-73.54047191491308,3.3289680493304035,7.883550475581734,6.649123319250556,1000.0000000000023
344.5150062424031,-73.53102629103174,3.3301113183343043,7.881088401054347,6.647701556688755,1000.0000000000023
344.5322808073383,-73.52158091338175,3.331264867710234,7.878620762250585,6.646271281674167,1000.0000000000023
344.5496184273768,-73.51213576872196,3.3324287211007535,7.876147573002308,6.644832471880754,1000.0000000000022
344.5670192176207,-73.50269084368637,3.333602902148422,7.873668847295145,6.643385104929415,1000.0000000000022
344.5844832929117,-73.49324612478367,3.3347874344958,7.871184599268913,6.641929158388265,1000.0000000000022
344.60201076783125,-73.48380159839688,3.335982341785448,7.868694843218064,6.640464609772948,1000.0000000000022
344.61960175670066,-73.4743572507828,3.3371876476599267,7.866199593592064,6.638991436546764,1000.0000000000023
344.63725637358124,-73.46491306807155,3.338403375761795,7.86369886499586,6.637509616121008,1000.0000000000023
344.6549747322743,-73.4554690362661,3.3396295497336137,7.861192672190308,6.636019125855185,1000.000000000002
344.67275694632133,-73.4460251412418,3.3408661932179435,7.858681030092555,6.63451994305726,1000.0000000000024
344.69060312900393,-73.43658136874603,3.342113329857344,7.856163953776557,6.633012044983925,1000.000000000002
344.708513393344,-73.4271377043975,3.3433709832943745,7.853641458473392,6.631495408840827,1000.0000000000023
344.72648785210373,-73.41769413368598,3.3446391771715964,7.851113559571818,6.629970011782856,1000.0000000000024
344.7445266177856,-73.40825064197178,3.34591793513157,7.848580272618593,6.628435830914359,1000.0000000000023
344.76262980263255,-73.39880721448519,3.3472072808168543,7.8460416133189925,6.626892843289411,1000.0000000000023
344.7807975186277,-73.38936383632617,3.348507237870012,7.843497597537219,6.625341025912107,1000.0000000000023
344.7990298774949,-73.37992049246374,3.3498178299335994,7.840948241296811,6.623780355736766,1000.0000000000024
344.81732699069806,-73.3704771677356,3.3511390806501793,7.838393560781131,6.622210809668228,1000.0000000000023
344.8356889694417,-73.36103384684762,3.352471013662313,7.835833572333765,6.620632364562081,1000.0000000000022
344.8541159246709,-73.35159051437333,3.353813652612557,7.8332682924589765,6.619044997224979,1000.0000000000025
344.8726079670709,-73.34214715475355,3.355167021143474,7.830697737822113,6.617448684414846,1000.0000000000024
344.8911652070674,-73.33270375229587,3.356531142897624,7.828121925250121,6.615843402841197,1000.0000000000022
344.90978775482637,-73.32326029117412,3.3579060415175666,7.825540871731948,6.614229129165334,1000.0000000000022
344.9284757202542,-73.31381675542802,3.3592917406458627,7.822954594418977,6.612605840000658,1000.0000000000024
344.94722921299757,-73.30437312896258,3.360688263925072,7.8203631106254345,6.610973511913013,1000.0000000000023
344.96604834244323,-73.29492939554774,3.362095634997754,7.817766437828945,6.609332121420767,1000.0000000000024
344.98493321771815,-73.28548553881781,3.3635138775064695,7.815164593670876,6.607681644995267,1000.0000000000024
345.0038839476893,-73.27604154227106,3.3649430150937794,7.812557595956852,6.606022059061001,1000.0000000000023
345.0229006409637,-73.26659738926922,3.366383071402243,7.809945462657142,6.6043533399959315,1000.0000000000022
345.04198340588835,-73.25715306303701,3.3678340700744216,7.807328211907159,6.60267546413176,1000.0000000000022
345.0611323505499,-73.24770854666166,3.3692960347528733,7.804705862007871,6.600988407754148,1000.0000000000024
345.0803475827747,-73.23826382309245,3.3707689890801595,7.802078431426288,6.5992921471030925,1000.0000000000025
345.0996292101288,-73.22881887514025,3.372252956698841,7.799445938795921,6.597586658373139,1000.0000000000023
345.11897733991776,-73.21937368547702,3.3737479612514765,7.796808402917154,6.595871917713701,1000.0000000000024
345.1383920791862,-73.20992823663535,3.375254026380628,7.794165842757829,6.594147901229249,1000.0000000000023
345.1578735347183,-73.20048251100795,3.3767711757288543,7.791518277453537,6.592414584979753,1000.0000000000023
345.1774218130371,-73.19103649084727,3.378299432938715,7.788865726308268,6.59067194498083,1000.0000000000023
345.1970370204045,-73.18159015826492,3.379838821652772,7.786208208794665,6.588919957204126,1000.0000000000024
345.2167192628212,-73.17214349523127,3.381389365513585,7.783545744554663,6.5871585975774885,1000.0000000000024
345.23646864602654,-73.16269648357492,3.382951088163714,7.780878353399807,6.585387841985398,1000.0000000000023
345.25628527549816,-73.1532491049823,3.384524013245718,7.7782060553117764,6.583607666269181,1000.0000000000023
345.27616925645196,-73.14380134099706,3.3861081644021596,7.775528870442864,6.581818046227276,1000.0000000000024
345.2961206938419,-73.13435317301982,3.3877035652755962,7.772846819116376,6.580018957615618,1000.0000000000025
345.31613969235957,-73.12490458230744,3.38931023950859,7.770159921827162,6.578210376147826,1000.0000000000024
345.33622635643434,-73.11545554997275,3.3909282107437013,7.767468199241982,6.576392277495625,1000.0000000000024
345.35638079023283,-73.10600605698393,3.392557502623489,7.764771672200077,6.574564637288997,1000.0000000000024
345.37660309765903,-73.09655608416413,3.3941981387905136,7.762070361713571,6.572727431116622,1000.0000000000025
345.39689338235354,-73.08710561219098,3.395850142887335,7.7593642889679435,6.570880634526095,1000.0000000000025
345.4172517476939,-73.07765462159607,3.3975135385565154,7.7566534753224925,6.569024223024265,1000.0000000000024
345.4376782967939,-73.06820309276448,3.3991883494406125,7.753937942310822,6.56715817207748,1000.0000000000024
345.4581731325035,-73.0587510059344,3.4008745991821874,7.751217711641268,6.565282457112037,1000.0000000000024
345.47873635740865,-73.04929834119652,3.4025723114238007,7.748492805197423,6.563397053514294,1000.0000000000024
345.4993680738309,-73.03984507849366,3.4042815098080115,7.745763245038543,6.561501936631171,1000.0000000000024
345.52006838382715,-73.0303911976202,3.4060022179773815,7.743029053400033,6.55959708177031,1000.0000000000024
345.5408373891891,-73.02093667822173,3.4077344595744696,7.740290252693985,6.557682464200461,1000.0000000000025
345.5616751914435,-73.01148149979447,3.409478258241836,7.737546865509537,6.555758059151842,1000.0000000000025
345.5825818918513,-73.00202564168478,3.411233637622042,7.734798914613405,6.553823841816307,1000.0000000000024
345.6035575914077,-72.99256908308882,3.413000621357648,7.732046422950366,6.55187978734784,1000.0000000000023
345.62460239084163,-72.98311180305194,3.414779233091212,7.729289413643688,6.549925870862733,1000.0000000000024
345.64571639061535,-72.97365378046827,3.4165694964652946,7.726527909995652,6.547962067440036,1000.0000000000024
345.6668996909244,-72.96419499408019,3.4183714351224577,7.723761935487948,6.545988352121718,1000.0000000000025
345.68815239169703,-72.95473542247794,3.420185072705261,7.7209915137822325,6.544004699913156,1000.0000000000025
345.7094745925937,-72.94527504409909,3.422010432856264,7.71821666872057,6.542011085783379,1000.0000000000022
345.7308663930071,-72.93581383722804,3.423847539218027,7.715437424325913,6.540007484665363,1000.0000000000026
345.75232789206143,-72.92635177999564,3.4256964154331104,7.712653804802521,6.537993871456468,1000.0000000000024
345.7738591886123,-72.91688885037861,3.427557085144074,7.7098658345365445,6.535970221018655,1000.0000000000022
345.79546038124596,-72.9074250261991,3.4294295719934795,7.7070735380964,6.533936508178915,1000.0000000000024
345.8171315682793,-72.89796028512427,3.431313899623884,7.704276940233292,6.531892707729497,1000.0000000000024
345.83887284775915,-72.88849460466572,3.433210091677851,7.701476065881739,6.529838794428372,1000.0000000000024
345.86068431746213,-72.87902796217911,3.435118171797938,7.69867094015992,6.527774742999462,1000.0000000000023
345.8825660748938,-72.86956033486362,3.4370381636267084,7.695861588370299,6.525700528133061,1000.0000000000023
345.90451821728874,-72.86009169976148,3.4389700908067184,7.693048035999993,6.523616124486107,1000.0000000000026
345.9265408416097,-72.85062203375759,3.4409139769805313,7.690230308721311,6.52152150668261,1000.0000000000026
345.94863404454753,-72.84115131357885,3.442869845790705,7.687408432392212,6.519416649313843,1000.0000000000026
345.9707979225201,-72.83167951579391,3.4448377208798013,7.6845824330568036,6.5173015269389225,1000.0000000000026
345.9930325716726,-72.82220661681257,3.4468176258903807,7.681752336945807,6.515176114084966,1000.0000000000025
346.0153380878765,-72.81273259288527,3.448809584465002,7.67891817047701,6.513040385247489,1000.0000000000025
346.0377145667292,-72.80325742010274,3.450813620246225,7.676079960255839,6.510894314890795,1000.0000000000024
346.0601621035538,-72.79378107439547,3.452829756876613,7.673237733075732,6.508737877448322,1000.0000000000025
346.08268079339825,-72.78430353153317,3.454858017998722,7.670391515918645,6.506571047322989,1000.0000000000024
346.105270731035,-72.7748247671244,3.456898427255114,7.66754133595564,6.5043937988875165,1000.0000000000024
346.12793201096036,-72.76534475661607,3.4589510082883503,7.66468722054723,6.502206106484888,1000.0000000000023
346.15066472739426,-72.7558634752929,3.461015784740991,7.661829197243897,6.500007944428543,1000.0000000000026
346.17346897427933,-72.74638089827705,3.463092780255593,7.6589672937866595,6.497799287002973,1000.0000000000025
346.1963448452807,-72.73689700052756,3.465182018474721,7.656101538107446,6.495580108463848,1000.0000000000022
346.2192924337852,-72.72741175683996,3.4672835230409316,7.653231958329623,6.493350383038564,1000.0000000000024
346.24231183290095,-72.7179251418457,3.4693973175967883,7.650358582768512,6.491110084926511,1000.0000000000028
346.2654031354568,-72.7084371300118,3.4715234257848477,7.647481439931791,6.4888591882995215,1000.0000000000026
346.2885664340014,-72.69894769564026,3.4736618712476712,7.644600558520109,6.486597667302139,1000.0000000000026
346.31180182080334,-72.68945681286768,3.4758126776278213,7.6417159674274036,6.4843254960521115,1000.0000000000024
346.3351093878498,-72.67996445566473,3.4779758685678557,7.63882769574151,6.4820426486406895,1000.0000000000025
346.35848922684625,-72.67047059783569,3.4801514677103347,7.6359357727446575,6.479749099132999,1000.0000000000025
346.38194142921617,-72.66097521301806,3.482339498697819,7.633040227913812,6.477444821568525,1000.0000000000024
346.4054660860997,-72.65147827468193,3.484539985172869,7.630141090921352,6.475129789961329,1000.0000000000025
346.42906328835386,-72.6419797561297,3.4867529507780453,7.627238391635369,6.472803978300629,1000.0000000000025
346.45273312655104,-72.63247963049544,3.4889784191559072,7.6243321601203125,6.470467360551027,1000.0000000000025
346.47647569097916,-72.62297787074453,3.4912164139490143,7.62142242663735,6.468119910652952,1000.0000000000026
346.50029107164045,-72.61347444967318,3.4934669587999285,7.618509221644976,6.465761602523074,1000.0000000000024
346.52417935825105,-72.60396933990789,3.4957300773512086,7.61559257579934,6.463392410054695,1000.0000000000025
346.5481406402403,-72.59446251390509,3.4980057932454147,7.612672519954883,6.4610123071181,1000.0000000000023
346.57217500675,-72.58495394395058,3.5002941301251096,7.609749085164767,6.458621267560993,1000.0000000000028
