galstreams/tracks/track.st.Gaia-10.ibata2024.ecsv
# %ECSV 1.0
# ---
# datatype:
# - {name: ra, unit: deg, datatype: float64}
# - {name: dec, unit: deg, datatype: float64}
# - {name: distance, unit: kpc, datatype: float64}
# - {name: pm_ra_cosdec, unit: mas / yr, datatype: float64}
# - {name: pm_dec, unit: mas / yr, datatype: float64}
# - {name: radial_velocity, unit: km / s, datatype: float64}
# delimiter: ','
# meta: !!omap
# - __serialized_columns__:
#     dec:
#       __class__: astropy.coordinates.angles.Latitude
#       unit: &id001 !astropy.units.Unit {unit: deg}
#       value: !astropy.table.SerializedColumn {name: dec}
#     distance:
#       __class__: astropy.coordinates.distances.Distance
#       unit: !astropy.units.Unit {unit: kpc}
#       value: !astropy.table.SerializedColumn {name: distance}
#     pm_dec:
#       __class__: astropy.units.quantity.Quantity
#       unit: !astropy.units.Unit {unit: mas / yr}
#       value: !astropy.table.SerializedColumn {name: pm_dec}
#     pm_ra_cosdec:
#       __class__: astropy.units.quantity.Quantity
#       unit: !astropy.units.Unit {unit: mas / yr}
#       value: !astropy.table.SerializedColumn {name: pm_ra_cosdec}
#     ra:
#       __class__: astropy.coordinates.angles.Longitude
#       unit: *id001
#       value: !astropy.table.SerializedColumn {name: ra}
#       wrap_angle: !astropy.coordinates.Angle
#         unit: *id001
#         value: 360.0
#     radial_velocity:
#       __class__: astropy.units.quantity.Quantity
#       unit: !astropy.units.Unit {unit: km / s}
#       value: !astropy.table.SerializedColumn {name: radial_velocity}
# schema: astropy-2.0
ra,dec,distance,pm_ra_cosdec,pm_dec,radial_velocity
[from data line 1152]
157.9762863875858,15.358875187565655,1.0,-3.626927018176758,-3.0477027284627844,299.2946494253714
157.98661751933378,15.358149081810936,0.9999999999999999,-3.628361228536029,-3.048039960366326,299.2883315690622
157.99694861260033,15.357422918971505,0.9999999999999999,-3.6297954451049534,-3.04837720142109,299.2819753142255
158.0072796673345,15.35669669819672,0.9999999999999999,-3.63122966823261,-3.0487144512913105,299.2755805590122
158.01761068348503,15.35597041863596,0.9999999999999999,-3.6326638982680137,-3.0490517096411853,299.26914720157276
158.02794166100057,15.355244079438622,0.9999999999999999,-3.6340981355600945,-3.049388976134834,299.26267514005804
158.0382725998296,15.354517679754142,0.9999999999999999,-3.6355323804577218,-3.049726250436347,299.2561642726189
158.04860349992038,15.35379121873198,0.9999999999999998,-3.6369666333096475,-3.0500635322097587,299.249614497406
158.05893436122108,15.353064695521601,0.9999999999999999,-3.638400894464649,-3.0504008211190055,299.2430257125698
158.06926518367962,15.352338109272512,0.9999999999999999,-3.6398351642713145,-3.0507381168280236,299.2363978162614
158.0795959672438,15.351611459134244,0.9999999999999999,-3.6412694430782757,-3.0510754190006555,299.2297307066313
158.08992671186118,15.350884744256344,0.9999999999999999,-3.6427037312339827,-3.0514127273007094,299.22302428183013
158.10025741747933,15.350157963788384,0.9999999999999998,-3.6441380290869247,-3.051750041391921,299.2162784400088
158.1105880840454,15.349431116879982,0.9999999999999998,-3.6455723369854205,-3.0520873609380033,299.20949307931807
158.12091871150656,15.34870420268075,0.9999999999999998,-3.6470066552777887,-3.0524246856025705,299.2026680979085
158.13124929980972,15.347977220340345,0.9999999999999999,-3.648440984312188,-3.0527620150492147,299.1958033939308
158.14157984890173,15.347250169008442,0.9999999999999999,-3.6498753244368487,-3.053099348941462,299.18889886553563
158.15191035872905,15.346523047834738,1.0,-3.65130967599978,-3.053436686942783,299.1819544108741
158.16224082923821,15.345795855968964,0.9999999999999999,-3.652744039348992,-3.053774028716578,299.1749699280965
158.17257126037546,15.345068592560878,1.0,-3.6541784148324474,-3.0541113739262364,299.16794531535373
158.18290165208688,15.344341256760236,0.9999999999999998,-3.6556128027980073,-3.054448722235046,299.1608804707965
158.1932320043184,15.343613847716847,0.9999999999999999,-3.657047203593404,-3.05478607330625,299.15377529257546
158.20356231701575,15.342886364580538,0.9999999999999997,-3.6584816175664123,-3.055123426803055,299.14662967884146
158.21389259012452,15.342158806501162,0.9999999999999999,-3.6599160450646124,-3.055460782388618,299.13944352774513
158.22422282359014,15.341431172628594,0.9999999999999999,-3.6613504864356408,-3.05579813972599,299.13221673743715
158.23455301735785,15.340703462112723,0.9999999999999998,-3.662784942026974,-3.056135498478227,299.1249492060683
158.24488317137275,15.339975674103481,0.9999999999999998,-3.664219412186039,-3.0564728583082914,299.11764083178934
158.25521328557969,15.33924780775082,0.9999999999999998,-3.6656538972601993,-3.056810218879111,299.1102915127509
158.26554335992347,15.338519862204711,0.9999999999999998,-3.667088397596718,-3.057147579853556,299.10290114710375
158.27587339434862,15.337791836615164,0.9999999999999998,-3.668522913542837,-3.0574849408944385,299.09546963299863
158.28620338879955,15.337063730132186,0.9999999999999999,-3.6699574454456645,-3.0578223016645047,299.0879968685862
158.29653334322052,15.336335541905848,0.9999999999999999,-3.671391993652307,-3.058159661826469,299.08048275201725
158.30686325755553,15.335607271086204,0.9999999999999998,-3.6728265585097404,-3.0584970210429656,299.07292718144237
158.31719313174855,15.334878916823367,0.9999999999999999,-3.674261140364912,-3.058834378976597,299.0653300550124
158.32752296574327,15.334150478267468,0.9999999999999999,-3.67569573956467,-3.059171735289903,299.057691270878
158.33785275948324,15.333421954568642,0.9999999999999999,-3.6771303564557805,-3.059509089645351,299.05001072719
158.34818251291182,15.332693344877073,0.9999999999999999,-3.678564991384963,-3.059846441705389,299.0422883220989
158.3585122259723,15.33196464834297,0.9999999999999998,-3.6799996446988636,-3.060183791132385,299.0345239537556
158.3688418986077,15.331235864116545,0.9999999999999999,-3.681434316744081,-3.0605211375886494,299.0267175203108
158.37917153076089,15.330506991348056,0.9999999999999999,-3.6828690078670583,-3.0608584807364547,299.0188689199153
158.38950112237458,15.329778029187779,1.0,-3.6843037184142347,-3.061195820238014,299.0109780507194
158.3998306733913,15.32904897678602,0.9999999999999999,-3.6857384487319926,-3.0615331557554804,299.0030448108745
158.4101601837535,15.328319833293092,0.9999999999999999,-3.6871731991665975,-3.0618704869509443,298.9950690985306
158.42048965340334,15.327590597859366,0.9999999999999998,-3.6886079700642505,-3.0622078134864683,298.9870508118389
158.43081908228282,15.326861269635202,0.9999999999999999,-3.690042761771114,-3.0625451350240223,298.97898984894994
158.44114847033387,15.326131847771022,1.0,-3.691477574633229,-3.0628824512255743,298.97088610801455
158.45147781749816,15.325402331417243,0.9999999999999999,-3.6929124089965946,-3.0632197617529897,298.9627394871834
158.46180712371722,15.324672719724314,0.9999999999999999,-3.69434726520716,-3.0635570662680855,298.95454988460716
158.47213638893243,15.323943011842726,0.9999999999999999,-3.695782143610746,-3.063894364432665,298.9463171984366
158.482465613085,15.323213206922977,1.0,-3.6972170445531383,-3.0642316559084275,298.93804132682243
158.4927947961159,15.322483304115597,0.9999999999999999,-3.6986519683800694,-3.064568940357045,298.9297221679153
158.50312393796605,15.32175330257114,1.0,-3.7000869154371507,-3.064906217440118,298.92135961986605
158.51345303857613,15.32102320144019,0.9999999999999998,-3.701521886069976,-3.065243486819213,298.9129535808252
158.52378209788665,15.320292999873352,0.9999999999999998,-3.7029568806240327,-3.0655807481558384,298.9045039489438
158.53411111583796,15.319562697021258,0.9999999999999998,-3.7043918994447047,-3.0659180011114273,298.8960106223722
158.54444009237025,15.318832292034562,0.9999999999999998,-3.705826942877369,-3.0662552453473815,298.88747349926143
158.55476902742356,15.318101784063956,1.0,-3.707262011267325,-3.0665924805250455,298.87889247776207
158.56509792093772,15.317371172260136,0.9999999999999999,-3.7086971049597466,-3.0669297063056966,298.87026745602464
158.5754267728524,15.316640455773843,0.9999999999999997,-3.7101322242998087,-3.0672669223505693,298.8615983322003
158.58575558310713,15.315909633755833,0.9999999999999999,-3.711567369632533,-3.067604128320834,298.85288500443943
158.59608435164125,15.3151787053569,0.9999999999999998,-3.7130025413029344,-3.06794132387763,298.84412737089286
158.60641307839396,15.314447669727837,1.0,-3.714437739655935,-3.068278508681999,298.83532532971134
158.61674176330425,15.313716526019501,0.9999999999999998,-3.715872965036393,-3.0686156823949915,298.8264787790454
158.62707040631093,15.312985273382738,0.9999999999999999,-3.717308217789043,-3.0689528446775345,298.817587617046
158.6373990073527,15.312253910968437,0.9999999999999999,-3.7187434982586325,-3.06928999519055,298.80865174186386
158.6477275663681,15.311522437927517,0.9999999999999999,-3.7201788067898214,-3.069627133594885,298.79967105164945
158.6580560832954,15.310790853410925,0.9999999999999999,-3.7216141437270878,-3.0699642595513534,298.7906454445536
158.66838455807286,15.3100591565696,0.9999999999999998,-3.7230495094149987,-3.070301372720671,298.78157481872717
158.6787129906384,15.309327346554555,0.9999999999999999,-3.7244849041979364,-3.07063847276355,298.7724590723209
158.68904138092984,15.308595422516799,0.9999999999999999,-3.725920328420248,-3.0709755593406154,298.76329810348517
158.6993697288849,15.307863383607371,0.9999999999999999,-3.7273557824262262,-3.071312632112466,298.75409181037116
158.70969803444112,15.307131228977338,0.9999999999999999,-3.728791266560087,-3.071649690739603,298.7448400911291
158.72002629753572,15.306398957777802,0.9999999999999998,-3.7302267811659497,-3.0719867348825325,298.7355428439101
158.7303545181059,15.305666569159877,0.9999999999999999,-3.731662326587845,-3.072323764201652,298.7261999668647
158.74068269608875,15.30493406227471,1.0,-3.733097903169824,-3.072660778357342,298.71681135814373
158.75101083142093,15.304201436273459,0.9999999999999999,-3.73453351125573,-3.0729977770098955,298.7073769158976
158.76133892403922,15.303468690307334,1.0,-3.7359691511894724,-3.0733347598195895,298.6978965382775
158.7716669738801,15.302735823527554,0.9999999999999999,-3.737404823314815,-3.0736717264466193,298.68837012343386
158.78199498087983,15.30200283508537,0.9999999999999998,-3.7388405279754373,-3.0740086765511485,298.67879756951737
158.79232294497464,15.301269724132053,0.9999999999999998,-3.7402762655150177,-3.074345609793264,298.6691787746789
158.80265086610046,15.300536489818901,0.9999999999999998,-3.7417120362770504,-3.074682525833005,298.65951363706915
158.81297874419317,15.299803131297248,0.9999999999999999,-3.743147840605072,-3.075019424330378,298.64980205483874
158.82330657918837,15.299069647718438,0.9999999999999999,-3.7445836788424707,-3.075356304945304,298.64004392613845
158.83363437102156,15.298336038233858,0.9999999999999999,-3.7460195513326227,-3.075693167337679,298.6302391491189
158.8439621196281,15.2976023019949,0.9999999999999997,-3.7474554584187842,-3.076030011167319,298.62038762193083
158.85428982494307,15.296868438153,0.9999999999999999,-3.7488914004441725,-3.0763668360940013,298.61048924272524
158.8646174869015,15.29613444585962,0.9999999999999999,-3.750327377751887,-3.0767036417774545,298.6005439096526
158.8749451054382,15.29540032426624,0.9999999999999997,-3.751763390685017,-3.0770404278773498,298.59055152086347
158.88527268048784,15.294666072524361,0.9999999999999998,-3.7531994395865382,-3.077377194053293,298.580511974509
158.89560021198486,15.293931689785525,0.9999999999999999,-3.754635524799358,-3.07771393996485,298.57042516873963
158.90592769986358,15.293197175201286,0.9999999999999999,-3.7560716466663315,-3.078050665271519,298.5602910017061
158.9162551440582,15.292462527923238,0.9999999999999999,-3.757507805530249,-3.0783873696327646,298.550109371559
158.92658254450265,15.29172774710299,0.9999999999999998,-3.758944001733788,-3.0787240527079867,298.53988017644934
158.93690990113075,15.290992831892178,0.9999999999999997,-3.7603802356195573,-3.0790607141565225,298.52960331452766
158.94723721387615,15.290257781442477,1.0,-3.7618165075301704,-3.079397353637681,298.5192786839448
158.95756448267232,15.289522594905568,0.9999999999999999,-3.763252817808077,-3.079733970810688,298.5089061828513
158.9678917074526,15.28878727143317,0.9999999999999999,-3.764689166795698,-3.080070565334738,298.498485709398
158.9782188881501,15.288051810177027,0.9999999999999999,-3.76612555483538,-3.08040713686896,298.4880171617355
158.98854602469783,15.287316210288916,0.9999999999999999,-3.767561982269388,-3.0807436850724397,298.4775004380147
158.99887311702855,15.286580470920633,0.9999999999999998,-3.7689984494399233,-3.081080209604206,298.4669354363862
159.009200165075,15.285844591223988,0.9999999999999999,-3.770434956689133,-3.0814167101232144,298.45632205500084
159.01952716876954,15.285108570350845,0.9999999999999999,-3.7718715043590443,-3.081753186288415,298.4456601920093
159.02985412804455,15.28437240745306,0.9999999999999999,-3.773308092791659,-3.0820896377586298,298.4349497455621
159.04018104283216,15.283636101682553,0.9999999999999999,-3.774744722328901,-3.082426064192717,298.42419061381014
159.05050791306434,15.282899652191245,0.9999999999999998,-3.7761813933125907,-3.082762465249413,298.4133826949041
159.0608347386729,15.282163058131088,1.0,-3.7776181060845424,-3.083098840587425,298.40252588699474
159.07116151958948,15.281426318654065,0.9999999999999999,-3.779054860986381,-3.0834351898654173,298.3916200882327
159.08148825574557,15.280689432912183,0.9999999999999999,-3.7804916583598,-3.083771512741981,298.38066519676875
159.09181494707244,15.279952400057475,0.9999999999999999,-3.7819284985463177,-3.0841078088756753,298.3696611107536
159.1021415935013,15.279215219242003,1.0,-3.7833653818874637,-3.0844440779249815,298.35860772833803
159.11246819496307,15.278477889617848,0.9999999999999999,-3.7848023087246254,-3.084780319548349,298.34750494767263
159.12279475138857,15.277740410337127,0.9999999999999998,-3.7862392793991155,-3.0851165334041593,298.3363526669083
159.13312126270844,15.277002780551976,0.9999999999999999,-3.7876762942522255,-3.0854527191507515,298.32515078419556
159.14344772885318,15.276264999414565,0.9999999999999999,-3.7891133536251758,-3.085788876446408,298.3138991976852
159.15377414975308,15.27552706607708,0.9999999999999999,-3.7905504578590623,-3.0861250049493556,298.302597805528
159.16410052533826,15.274788979691742,0.9999999999999999,-3.79198760729496,-3.0864611043177614,298.29124650587465
159.1744268555387,15.274050739410805,0.9999999999999999,-3.79342480227384,-3.086797174209776,298.2798451968758
159.18475314028427,15.273312344386536,0.9999999999999999,-3.7948620431366393,-3.0871332142834476,298.2683937766823
159.19507937950456,15.272573793771219,0.9999999999999998,-3.7962993302241586,-3.087469224196788,298.2568921434447
159.20540557312904,15.271835086717193,0.9999999999999999,-3.797736663877213,-3.08780520360777,298.24534019531393
159.21573172108708,15.271096222376814,0.9999999999999998,-3.7991740444364837,-3.0881411521743143,298.2337378304405
159.2260578233077,15.270357199902449,0.9999999999999997,-3.800611472242558,-3.0884770695542585,298.2220849469752
159.23638387972005,15.26961801844651,0.9999999999999999,-3.802048947636056,-3.0888129554054284,298.2103814430688
159.2467098902528,15.268878677161423,0.9999999999999999,-3.803486470957399,-3.089148809385561,298.19862721687207
159.25703585483464,15.268139175199655,1.0,-3.804924042547068,-3.08948463115237,298.18682216653565
159.26736177339404,15.267399511713679,0.9999999999999999,-3.806361662745328,-3.0898204203634894,298.1749661902102
159.27768764585937,15.26665968585602,0.9999999999999997,-3.807799331892518,-3.090156176676526,298.16305918604644
159.28801347215867,15.2659196967792,0.9999999999999998,-3.8092370503287647,-3.090491899748999,298.1511010521952
159.29833925222005,15.2651795436358,0.9999999999999999,-3.8106748183942614,-3.0908275892384225,298.1390916868072
159.30866498597118,15.264439225578407,0.9999999999999999,-3.8121126364290134,-3.091163244802221,298.12703098803297
159.31899067333984,15.263698741759637,0.9999999999999997,-3.8135505047730405,-3.0914988660977762,298.11491885402353
159.32931631425342,15.262958091332134,1.0,-3.814988423766227,-3.0918344527824217,298.10275518292934
159.33964190863924,15.262217273448575,0.9999999999999998,-3.816426393748408,-3.092170004513438,298.09053987290116
159.3499674564245,15.261476287261658,1.0,-3.8178644150593826,-3.0925055209480483,298.0782728220898
159.3602929575362,15.260735131924113,0.9999999999999997,-3.819302488038822,-3.0928410017434356,298.0659539286459
159.3706184119011,15.259993806588684,0.9999999999999999,-3.8207406130263806,-3.093176446556688,298.05358309072034
159.38094381944583,15.25925231040815,0.9999999999999998,-3.82217879036158,-3.093511855044902,298.0411602064636
159.39126918009694,15.258510642535327,0.9999999999999999,-3.823617020383903,-3.0938472268650834,298.0286851740265
159.40159449378072,15.257768802123048,0.9999999999999999,-3.825055303432798,-3.0941825616741934,298.0161578915598
159.41191976042333,15.257026788324165,0.9999999999999999,-3.8264936398475484,-3.094517859129148,298.0035782572143
159.4222449799508,15.256284600291574,0.9999999999999999,-3.8279320299674886,-3.094853118886812,297.9909461691405
159.43257015228886,15.255542237178185,0.9999999999999999,-3.8293704741317747,-3.095188340603963,297.9782615254893
