galstreams/tracks/track.st.C-25.ibata2024.ecsv
# %ECSV 1.0
# ---
# datatype:
# - {name: ra, unit: deg, datatype: float64}
# - {name: dec, unit: deg, datatype: float64}
# - {name: distance, unit: kpc, datatype: float64}
# - {name: pm_ra_cosdec, unit: mas / yr, datatype: float64}
# - {name: pm_dec, unit: mas / yr, datatype: float64}
# - {name: radial_velocity, unit: km / s, datatype: float64}
# delimiter: ','
# meta: !!omap
# - __serialized_columns__:
#     dec:
#       __class__: astropy.coordinates.angles.Latitude
#       unit: &id001 !astropy.units.Unit {unit: deg}
#       value: !astropy.table.SerializedColumn {name: dec}
#     distance:
#       __class__: astropy.coordinates.distances.Distance
#       unit: !astropy.units.Unit {unit: kpc}
#       value: !astropy.table.SerializedColumn {name: distance}
#     pm_dec:
#       __class__: astropy.units.quantity.Quantity
#       unit: !astropy.units.Unit {unit: mas / yr}
#       value: !astropy.table.SerializedColumn {name: pm_dec}
#     pm_ra_cosdec:
#       __class__: astropy.units.quantity.Quantity
#       unit: !astropy.units.Unit {unit: mas / yr}
#       value: !astropy.table.SerializedColumn {name: pm_ra_cosdec}
#     ra:
#       __class__: astropy.coordinates.angles.Longitude
#       unit: *id001
#       value: !astropy.table.SerializedColumn {name: ra}
#       wrap_angle: !astropy.coordinates.Angle
#         unit: *id001
#         value: 360.0
#     radial_velocity:
#       __class__: astropy.units.quantity.Quantity
#       unit: !astropy.units.Unit {unit: km / s}
#       value: !astropy.table.SerializedColumn {name: radial_velocity}
# schema: astropy-2.0
ra,dec,distance,pm_ra_cosdec,pm_dec,radial_velocity
[from data line 874]
106.44177171118743,38.86741760635214,1.0000000000000004,5.9637707276944125,-1.315916418681942,-21.322270062269183
106.45344098184196,38.87067069740565,1.0000000000000002,5.9637951045014,-1.3165806195138134,-21.302553313944237
106.46511314995716,38.87391740485692,1.0000000000000002,5.963819010266084,-1.3172448205733427,-21.282895201965218
106.47678820761851,38.8771577433974,1.0000000000000002,5.9638424474394744,-1.3179090217805207,-21.263295613249834
106.48846614691846,38.88039172772109,1.0000000000000002,5.963865418472525,-1.3185732230566878,-21.243754434715715
106.50014695995586,38.88361937252438,1.0000000000000002,5.963887925816135,-1.3192374243244995,-21.22427155328053
106.51183063883651,38.88684069250619,1.0000000000000002,5.963909971921146,-1.3199016255079692,-21.204846855861945
106.5235171756727,38.890055702367846,1.0000000000000002,5.963931559238356,-1.320565826532425,-21.185480229377607
106.53520656258368,38.8932644168132,1.0000000000000002,5.963952690218493,-1.321230027324563,-21.166171560745195
106.54689879169516,38.89646685054854,1.0000000000000002,5.963973367312237,-1.3218942278123997,-21.146920736882354
106.55859385513993,38.89966301828264,1.0000000000000002,5.963993592970202,-1.3225584279253253,-21.12772764470676
106.57029174505732,38.90285293472671,1.0000000000000002,5.964013369642947,-1.323222627594061,-21.10859217113606
106.58199245359346,38.906036614594434,1.0000000000000002,5.964032699780969,-1.32388682675069,-21.089514203087916
106.59369597290149,38.909214072602005,1.0000000000000002,5.9640515858347,-1.3245510253286605,-21.070493627479998
106.60540229514112,38.91238532346802,1.0000000000000002,5.9640700302545175,-1.3252152232627652,-21.05153033122995
106.61711141247918,38.9155503819136,1.0000000000000002,5.964088035490721,-1.3258794204891837,-21.032624201255455
106.62882331708903,38.918709262662276,1.0000000000000002,5.964105603993559,-1.3265436169454323,-21.01377512447418
106.64053800115124,38.92186198044011,1.0000000000000004,5.9641227382132005,-1.3272078125704292,-20.99498298780375
106.65225545685301,38.925008549975566,1.0000000000000002,5.964139440599761,-1.3278720073044397,-20.976247678161833
106.66397567638863,38.92814898599963,1.0000000000000002,5.964155713603272,-1.3285362010891193,-20.957569082466122
106.67569865195912,38.93128330324568,1.0000000000000002,5.964171559673709,-1.3292003938674932,-20.938947087634254
106.6874243757727,38.93441151644966,1.0000000000000002,5.964186981260968,-1.3298645855839788,-20.920381580583904
106.69915284004423,38.93753364034987,1.0000000000000004,5.964201980814874,-1.3305287761843618,-20.901872448232716
106.71088403699586,38.94064968968718,1.0000000000000002,5.964216560785187,-1.331192965615838,-20.88341957749835
106.7226179588565,38.943759679204845,1.0000000000000002,5.964230723621579,-1.3318571538269728,-20.865022855298477
106.73435459786208,38.946863623648625,1.0000000000000002,5.964244471773663,-1.3325213407677277,-20.846682168550764
106.74609394625571,38.94996153776672,1.0000000000000002,5.964257807690963,-1.3331855263894785,-20.828397404172854
106.7578359962873,38.953053436309794,1.0000000000000002,5.964270733822929,-1.3338497106449725,-20.810168449082422
106.76958074021405,38.95613933403102,1.0,5.964283252618935,-1.3345138934883873,-20.79199519019712
106.78132817030001,38.959219245685965,1.0000000000000002,5.96429536652827,-1.335178074875278,-20.77387751443462
106.79307827881652,38.962293186032745,1.0000000000000002,5.964307078000154,-1.3358422547626325,-20.755815308712563
106.8048310580418,38.96536116983182,1.0000000000000004,5.9643183894837115,-1.33650643310883,-20.73780845994863
106.81658650026138,38.96842321184625,1.0000000000000004,5.964329303427992,-1.3371706098736769,-20.71985685506049
106.8283445977677,38.971479326841425,1.0000000000000004,5.964339822281958,-1.3378347850183818,-20.701960380965765
106.84010534286061,38.97452952958532,1.0000000000000004,5.964349948494488,-1.3384989585055898,-20.68411892458215
106.85186872784685,38.977573834848265,1.0000000000000004,5.964359684514376,-1.3391631302993496,-20.666332372827295
106.8636347450406,38.98061225740313,1.0000000000000002,5.964369032790326,-1.3398273003651537,-20.648600612618857
106.87540338676298,38.9836448120252,1.0000000000000004,5.964377995770952,-1.340491468669906,-20.630923530874515
106.88717464534243,38.9866715134922,1.0000000000000002,5.964386575904785,-1.3411556351819454,-20.6133010145119
106.89894851311466,38.9896923765844,1.0000000000000002,5.9643947756402556,-1.3418197998710515,-20.59573295044869
106.91072498242245,38.99270741608445,1.0000000000000002,5.964402597425714,-1.3424839627084253,-20.57821922560255
106.92250404561611,38.99571664677748,1.0000000000000002,5.964410043709408,-1.3431481236667286,-20.560759726891128
106.93428569505288,38.998720083451104,1.0000000000000002,5.964417116939496,-1.3438122827200398,-20.543354341232092
106.94606992309758,39.00171774089539,1.0000000000000002,5.964423819564042,-1.3444764398439026,-20.526002955543117
106.95785672212207,39.004709633902806,1.0000000000000002,5.96443015403101,-1.3451405950152893,-20.508705456741847
106.96964608450578,39.00769577726836,1.0000000000000002,5.964436122788269,-1.345804748212643,-20.491461731745932
106.9814380026352,39.01067618578946,1.0000000000000002,5.964441728283593,-1.3464688994158358,-20.474271667473054
106.99323246890444,39.013650874266006,1.0000000000000002,5.964446972964652,-1.3471330486062176,-20.457135150840866
107.00502947571466,39.016619857500324,1.0000000000000004,5.96445185927901,-1.3477971957665775,-20.44005206876703
107.0168290154747,39.01958315029721,1.0000000000000002,5.964456389674147,-1.3484613408811827,-20.42302230816921
107.02863108060052,39.022540767463916,1.0000000000000002,5.96446056659742,-1.3491254839357454,-20.406045755965053
107.04043566351571,39.02549272381016,1.0000000000000002,5.964464392496095,-1.3497896249174628,-20.38912229907224
107.05224275665113,39.028439034148086,1.0000000000000002,5.964467869817325,-1.3504537638149883,-20.37225182440842
107.06405235244503,39.03137971329232,1.0000000000000002,5.964471001008165,-1.3511179006184464,-20.355434218891244
107.07586444334335,39.03431477605992,1.0000000000000002,5.964473788515554,-1.3517820353194463,-20.338669369438403
107.08767902179915,39.0372442372704,1.0000000000000002,5.96447623478633,-1.3524461679110602,-20.321957162967518
107.0994960802733,39.040168111745764,1.0000000000000002,5.964478342267217,-1.3531102983878567,-20.305297486396288
107.11131561123389,39.043086414310395,1.0000000000000002,5.964480113404831,-1.3537744267458658,-20.28869022664236
107.12313760715675,39.045999159791215,1.0000000000000004,5.9644815506456705,-1.354438552982625,-20.272135270623387
107.134962060525,39.04890636301751,1.0000000000000002,5.964482656436131,-1.3551026770971397,-20.25563250525703
107.14678896382954,39.05180803882108,1.0000000000000002,5.964483433222485,-1.3557667990899227,-20.239181817460956
107.15861830956854,39.054704202036135,1.0000000000000004,5.964483883450892,-1.3564309189629575,-20.22278309415283
107.17045009024804,39.05759486749937,1.0000000000000002,5.964484009567401,-1.3570950367197492,-20.206436222250304
107.18228429838136,39.0604800500499,1.0000000000000002,5.964483814017935,-1.3577591523652777,-20.190141088671048
107.19412092648969,39.063359764529295,1.0000000000000002,5.964483299248306,-1.3584232659060413,-20.173897580332707
107.20595996710165,39.06623402578158,1.0000000000000002,5.9644824677041965,-1.35908737735003,-20.157705584152954
107.21780141275343,39.0691028486532,1.0000000000000004,5.964481321831181,-1.3597514867067368,-20.14156498704946
107.22964525598915,39.071966247993096,1.0000000000000002,5.964479864074708,-1.360415593987181,-20.12547567593986
107.2414914893602,39.0748242386526,1.0000000000000002,5.964478096880094,-1.3610796992038678,-20.109437537741833
107.25334010542598,39.07767683548554,1.0000000000000002,5.964476022692541,-1.361743802370842,-20.09345045937303
107.26519109675328,39.080524053348135,1.0000000000000002,5.964473643957124,-1.3624079035036374,-20.07751432775112
107.27704445591688,39.08336590709911,1.0000000000000002,5.96447096311879,-1.3630720026193326,-20.061629029793767
107.28890017549892,39.08620241159955,1.0000000000000002,5.964467982622361,-1.3637360997365033,-20.04579445241863
107.30075824808966,39.08903358171308,1.0000000000000002,5.964464704912526,-1.3644001948752695,-20.030010482543357
107.31261866628671,39.091859432305675,1.0000000000000002,5.96446113243385,-1.3650642880572557,-20.014277007085617
107.32448142269577,39.09467997824582,1.0000000000000004,5.964457267630758,-1.3657283793056414,-19.99859391296308
107.33634650993001,39.0974952344044,1.0000000000000002,5.96445311294756,-1.366392468645107,-19.982961087093397
107.34821392061066,39.100305215654764,1.0000000000000002,5.964448670828414,-1.3670565561018946,-19.967378416394222
107.36008364736654,39.10310993687267,1.0000000000000002,5.964443943717356,-1.367720641703762,-19.951845787783224
107.37195568283424,39.105909412936334,1.0000000000000002,5.96443893405828,-1.3683847254800086,-19.936363088178076
107.38383001965848,39.10870365872643,1.0000000000000002,5.964433644294946,-1.3690488074614908,-19.920930204496415
107.39570665049142,39.11149268912602,1.0000000000000002,5.9644280768709805,-1.3697128876805822,-19.905547023655927
107.40758556799344,39.114276519020635,1.0000000000000004,5.964422234229861,-1.3703769661712295,-19.89021343257425
107.41946676483244,39.11705516329823,1.0000000000000002,5.964416118814943,-1.3710410429689013,-19.87492931816905
107.4313502336845,39.11982863684922,1.0000000000000002,5.964409733069417,-1.3717051181106388,-19.859694567358
107.44323596723336,39.1225969545664,1.0000000000000002,5.964403079436352,-1.3723691916350216,-19.844509067058752
107.45512395817087,39.12536013134506,1.0000000000000004,5.964396160358663,-1.3730332635821938,-19.829372704188973
107.46701419919658,39.12811818208286,1.0000000000000002,5.9643889782791275,-1.373697333993849,-19.814285365666315
107.4789066830182,39.130871121679945,1.0000000000000002,5.96438153564037,-1.3743614029132525,-19.799246938408444
107.49080140235115,39.133618965038856,1.0000000000000002,5.964373834884873,-1.375025470385217,-19.78425730933302
107.50269834991909,39.1363617270646,1.0000000000000002,5.964365878454971,-1.375689536456137,-19.769316365357696
107.5145975184534,39.13909942266457,1.0000000000000004,5.964357668792847,-1.3763536011739603,-19.75442399340015
107.52649890069351,39.14183206674859,1.0000000000000002,5.964349208340544,-1.3770176645882057,-19.739580080378033
107.53840248938702,39.14455967422895,1.0000000000000002,5.964340499539938,-1.3776817267499801,-19.724784513209
107.55030827728926,39.14728226002034,1.0000000000000002,5.964331544832763,-1.3783457877119376,-19.710037178810726
107.56221625716393,39.14999983903986,1.0000000000000002,5.9643223466606,-1.3790098475283408,-19.69533796410086
107.57412642178242,39.15271242620706,1.0000000000000002,5.964312907464874,-1.3796739062550019,-19.68068675599706
107.58603876392449,39.155420036443935,1.0000000000000002,5.964303229686849,-1.380337963949335,-19.666083441417005
107.59795327637767,39.158122684674844,1.0000000000000004,5.964293315767639,-1.3810020206703209,-19.651527907278343
107.6098699519379,39.16082038582662,1.0000000000000002,5.964283168148202,-1.3816660764785493,-19.63702004049873
107.62178878340887,39.163513154828465,1.0000000000000002,5.964272789269331,-1.3823301314361702,-19.62255972799585
107.63370976360272,39.16620100661207,1.0000000000000002,5.964262181571656,-1.3829941856069514,-19.608146856687327
107.64563288533942,39.16888395611148,1.0000000000000004,5.96425134749566,-1.3836582390562309,-19.59378131349084
107.6575581414473,39.171562018263195,1.0000000000000002,5.964240289481646,-1.3843222918509583,-19.579462985324067
107.6694855247627,39.17423520800614,1.0000000000000002,5.964229009969768,-1.3849863440596692,-19.565191759104653
107.6814150281301,39.17690354028159,1.0000000000000002,5.964217511400008,-1.3856503957525028,-19.55096752175025
107.69334664440235,39.179567030033354,1.0000000000000002,5.964205796212183,-1.3863144470012039,-19.536790160178544
107.70528036644023,39.182225692207524,1.0000000000000002,5.964193866845942,-1.3869784978791144,-19.522659561307165
107.71721618711298,39.184879541752714,1.0000000000000002,5.964181725740773,-1.3876425484611925,-19.508575612053793
107.72915409929782,39.18752859361987,1.0000000000000002,5.964169375335988,-1.3883065988239895,-19.49453819933609
107.74109409588041,39.19017286276242,1.0000000000000002,5.964156818070728,-1.3889706490456866,-19.480547210071702
107.75303616975442,39.19281236413614,1.0000000000000004,5.964144056383966,-1.389634699206058,-19.466602531178303
107.76498031382205,39.19544711269927,1.0000000000000002,5.9641310927145055,-1.3902987493865118,-19.45270404957355
107.77692652099348,39.198077123412396,1.0000000000000002,5.96411792950097,-1.3909627996700578,-19.43885165217511
107.78887478418744,39.200702411238595,1.0000000000000002,5.964104569181808,-1.3916268501413371,-19.425045225900636
107.80082509633068,39.20332299114327,1.0000000000000002,5.964091014195301,-1.392290900886601,-19.411284657667792
107.81277745035857,39.20593887809428,1.0000000000000002,5.964077266979541,-1.3929549519937408,-19.397569834394243
107.82473183921445,39.20855008706185,1.0000000000000002,5.964063329972452,-1.3936190035522529,-19.38390064299764
107.83668825585033,39.21115663301868,1.0000000000000002,5.964049205611775,-1.3942830556532835,-19.370276970395643
107.84864669322634,39.21375853093979,1.0000000000000002,5.964034896335072,-1.3949471083895915,-19.35669870350593
107.86060714431096,39.21635579580263,1.0000000000000002,5.96402040457972,-1.3956111618555722,-19.343165729246138
107.87256960208123,39.218948442587084,1.0000000000000004,5.964005732782911,-1.3962752161472702,-19.32967793453395
107.88453405952232,39.221536486275376,1.0,5.96399088338167,-1.3969392713623416,-19.316235206287015
107.89650050962807,39.224119941852194,1.0000000000000002,5.963975858812809,-1.397603327600104,-19.302837431422997
107.90846894540047,39.22669882430456,1.0000000000000002,5.963960661512982,-1.3982673849614997,-19.289484496859558
107.92043935985014,39.229273148621964,1.0000000000000002,5.9639452939186395,-1.3989314435491287,-19.27617628951436
107.93241174599594,39.231842929796194,1.0000000000000002,5.963929758466047,-1.3995955034672192,-19.262912696305047
107.94438609686539,39.23440818282154,1.0,5.963914057591281,-1.4002595648216625,-19.249693604149304
107.95636240549422,39.2369689226946,1.0000000000000002,5.963898193730228,-1.4009236277199828,-19.236518899964775
107.96834066492688,39.239525164414424,1.0000000000000002,5.963882169318581,-1.4015876922713761,-19.223388470669136
107.9803208682161,39.24207692298239,1.0000000000000002,5.963865986791847,-1.4022517585866687,-19.21030220318004
107.99230300842325,39.24462421340234,1.0000000000000002,5.9638496485853265,-1.4029158267783626,-19.19725998441514
108.00428707861813,39.247167050680446,1.0000000000000002,5.963833157134136,-1.403579896960603,-19.1842617012921
108.016273071879,39.24970544982528,1.0000000000000002,5.963816514873194,-1.404243969249197,-19.171307240728602
108.02826098129285,39.25223942584784,1.0000000000000004,5.963799724237214,-1.4049080437616195,-19.158396489642275
108.04025079995495,39.25476899376143,1.0000000000000002,5.963782787660723,-1.4055721206170015,-19.145529334950798
108.0522425209694,39.257294168581815,1.0000000000000002,5.963765707578037,-1.4062361999361483,-19.13270566357183
108.06423613744863,39.2598149653271,1.0000000000000002,5.9637484864232775,-1.4069002818415202,-19.11992536242303
108.07623164251385,39.26233139901781,1.0000000000000002,5.9637311266303605,-1.407564366457258,-19.10718831842206
108.08822902929467,39.26484348467679,1.0000000000000002,5.963713630633007,-1.4082284539091652,-19.094494418486583
108.10022829092951,39.26735123732932,1.0000000000000002,5.963696000864726,-1.4088925443247287,-19.081843549534238
