galstreams/tracks/track.st.NGC3201.ibata2021.ecsv
# %ECSV 0.9
# ---
# datatype:
# - {name: ra, unit: deg, datatype: float64}
# - {name: dec, unit: deg, datatype: float64}
# - {name: distance, unit: kpc, datatype: float64}
# - {name: pm_ra_cosdec, unit: mas / yr, datatype: float64}
# - {name: pm_dec, unit: mas / yr, datatype: float64}
# - {name: radial_velocity, unit: km / s, datatype: float64}
# delimiter: ','
# meta: !!omap
# - __serialized_columns__:
#     dec:
#       __class__: astropy.coordinates.angles.Latitude
#       unit: &id001 !astropy.units.Unit {unit: deg}
#       value: !astropy.table.SerializedColumn {name: dec}
#     distance:
#       __class__: astropy.coordinates.distances.Distance
#       unit: !astropy.units.Unit {unit: kpc}
#       value: !astropy.table.SerializedColumn {name: distance}
#     pm_dec:
#       __class__: astropy.units.quantity.Quantity
#       unit: !astropy.units.Unit {unit: mas / yr}
#       value: !astropy.table.SerializedColumn {name: pm_dec}
#     pm_ra_cosdec:
#       __class__: astropy.units.quantity.Quantity
#       unit: !astropy.units.Unit {unit: mas / yr}
#       value: !astropy.table.SerializedColumn {name: pm_ra_cosdec}
#     ra:
#       __class__: astropy.coordinates.angles.Longitude
#       unit: *id001
#       value: !astropy.table.SerializedColumn {name: ra}
#       wrap_angle: !astropy.coordinates.Angle
#         unit: *id001
#         value: 360.0
#     radial_velocity:
#       __class__: astropy.units.quantity.Quantity
#       unit: !astropy.units.Unit {unit: km / s}
#       value: !astropy.table.SerializedColumn {name: radial_velocity}
# schema: astropy-2.0
ra,dec,distance,pm_ra_cosdec,pm_dec,radial_velocity
146.94511359938616,-45.47173289826987,5.3872747084408195,5.070937892516632,-3.509555330538955,2.5262301389617013e-14
146.95980346075282,-45.47255179391007,5.383894087161141,5.091539901660826,-3.505223496113829,1.6841534259744676e-14
146.974490151798,-45.47337634227863,5.380522180440628,5.112069357887495,-3.5008959318383956,-2.5262301389617013e-14
146.98917368288565,-45.47420653273786,5.377158980647033,5.132526363260433,-3.496572656137091,0.0
147.00385406436735,-45.47504235464586,5.373804480148107,5.152911019838396,-3.492253687340501,-1.6841534259744676e-14
147.01853130658262,-45.47588379735658,5.370458671311605,5.173223429675043,-3.487939043685465,2.5262301389617013e-14
147.03320541985838,-45.47673085021971,5.367121546505277,5.193463694818931,-3.483628743315254,0.0
147.04787641450943,-45.477583502580785,5.363793098096876,5.213631917313473,-3.479322804279678,-8.420767129872338e-15
147.06254430083834,-45.478441743781126,5.360473318454154,5.233728199196912,-3.4750212445352213,-1.6841534259744676e-14
147.07720908913532,-45.4793055631579,5.357162199944867,5.2537526425023,-3.470724081945178,1.6841534259744676e-14
147.0918707896783,-45.480174950044066,5.353859734936764,5.273705349257457,-3.466431334279802,0.0
147.10652941273324,-45.481049893768464,5.350565915797598,5.293586421484963,-3.462143019216394,8.420767129872338e-15
147.12118496855356,-45.48193038365574,5.347280734895121,5.31339596120211,-3.457859154339488,8.420767129872338e-15
147.13583746738067,-45.482816409026356,5.34400418459709,5.33313407042088,-3.4535797571409477,-1.6841534259744676e-14
147.15048691944367,-45.483707959196686,5.340736257271251,5.3528008511479275,-3.449304845020105,-8.420767129872338e-15
147.1651333349595,-45.4846050234789,5.33747694528536,5.372396405384539,-3.4450344352839055,-1.6841534259744676e-14
147.17977672413286,-45.485507591181005,5.334226241007169,5.391920835126602,-3.4407685451470114,-1.6841534259744676e-14
147.1944170971565,-45.486415651606976,5.330984136804429,5.411374242364609,-3.4365071917319505,-2.5262301389617013e-14
147.20905446421074,-45.487329194056585,5.327750625044897,5.430756729083576,-3.4322503920692427,-8.420767129872338e-15
147.22368883546386,-45.48824820782546,5.32452569809632,5.450068397263071,-3.4279981630975302,-1.6841534259744676e-14
147.23832022107197,-45.48917268220515,5.321309348326453,5.469309348877147,-3.4237505216637016,-3.368306851948935e-14
147.25294863117912,-45.4901026064831,5.3181015681030495,5.488479685894328,-3.4195074845230207,-2.5262301389617013e-14
147.26757407591708,-45.491037969942575,5.31490234979386,5.50757951027759,-3.4152690683392595,8.420767129872338e-15
147.28219656540577,-45.491978761862825,5.311711685766638,5.52660892398432,-3.4110352896848104,-2.5262301389617013e-14
147.29681610975274,-45.49292497151896,5.308529568389136,5.545568028966296,-3.406806165040833,8.420767129872338e-15
147.3114327190536,-45.493876588182005,5.305355990029105,5.56445692716966,-3.4025817107973793,0.0
147.3260464033918,-45.49483360111888,5.302190943054301,5.583275720534886,-3.3983619432534953,-1.6841534259744676e-14
147.34065717283883,-45.49579599959244,5.2990344198324735,5.6020245109967615,-3.3941468786173763,-3.368306851948935e-14
147.35526503745388,-45.496763772861456,5.295886412731376,5.620703400484343,-3.3899365330064786,8.420767129872338e-15
147.36987000728442,-45.49773691018066,5.29274691411876,5.639312490920965,-3.385730922447636,3.368306851948935e-14
147.38447209236563,-45.49871540080068,5.289615916362379,5.657851884224162,-3.3815300628772063,0.0
147.39907130272073,-45.4996992339681,5.286493411829985,5.6763216823056855,-3.3773339701411755,-1.6841534259744676e-14
147.41366764836093,-45.50068839892545,5.283379392889332,5.694721987071459,-3.373142659995291,-1.6841534259744676e-14
147.42826113928535,-45.50168288491121,5.280273851908169,5.713052900421545,-3.3689561481051844,-8.420767129872338e-15
147.44285178548114,-45.50268268115979,5.277176781254253,5.73131452425013,-3.364774450046493,-8.420767129872338e-15
147.45743959692362,-45.503687776901636,5.274088173295334,5.749506960445504,-3.3605975813049778,-8.420767129872338e-15
147.47202458357586,-45.50469816136308,5.271008020399163,5.767630310890008,-3.356425557276652,-1.6841534259744676e-14
147.48660675538912,-45.50571382376647,5.267936314933496,5.785684677460037,-3.352258393267901,-2.5262301389617013e-14
147.5011861223026,-45.50673475333012,5.264873049266084,5.803670162025986,-3.3480961044956046,0.0
147.51576269424365,-45.50776093926832,5.261818215764677,5.821586866452251,-3.3439387060872625,0.0
147.5303364811274,-45.508792370791355,5.258771806797032,5.839434892597171,-3.339786213081104,-8.420767129872338e-15
147.5449074928575,-45.509829037105526,5.255733814730897,5.857214342313047,-3.3356386404262004,1.6841534259744676e-14
147.55947573932528,-45.51087092741309,5.252704231934027,5.87492531744606,-3.33149600298262,-1.6841534259744676e-14
147.57404123041027,-45.51191803091235,5.249683050774175,5.892567919836292,-3.3273583155215105,0.0
147.58860397598013,-45.51297033679757,5.246670263619093,5.910142251317673,-3.323225592725236,1.6841534259744676e-14
147.6031639858905,-45.51402783425909,5.243665862836533,5.927648413717956,-3.3190978491875,-2.5262301389617013e-14
147.6177212699852,-45.515090512483184,5.240669840794248,5.9450865088587115,-3.314975099413447,-1.6841534259744676e-14
147.63227583809626,-45.51615836065227,5.2376821898599895,5.962456638555281,-3.3108573578197844,-8.420767129872338e-15
147.64682770004367,-45.517231367944696,5.234702902401511,5.97975890461675,-3.306744638734913,1.6841534259744676e-14
147.6613768656356,-45.51830952353488,5.231731970786564,5.996993408845943,-3.302636956399039,-1.6841534259744676e-14
147.67592334466835,-45.51939281659329,5.2287693873829015,6.014160253039373,-3.298534324964281,-3.368306851948935e-14
147.69046714692644,-45.52048123628642,5.2258151445582754,6.03125953898723,-3.2944367584947907,-8.420767129872338e-15
147.70500828218232,-45.52157477177682,5.2228692346804415,6.048291368473344,-3.290344270966883,-4.210383564936169e-14
147.71954676019706,-45.522673412223114,5.2199316501171475,6.0652558432751835,-3.2862568762691136,1.6841534259744676e-14
147.7340825907194,-45.52377714677998,5.217002383236149,6.0821530651638005,-3.2821745882024485,-5.0524602779234026e-14
147.74861578348657,-45.52488596459815,5.214081426405197,6.098983135903818,-3.278097420480333,-8.420767129872338e-15
147.76314634822384,-45.52599985482443,5.211168771992044,6.1157461572534,-3.2740253867288303,-8.420767129872338e-15
147.77767429464475,-45.527118806601706,5.208264412364444,6.132442230964244,-3.2699585004867235,-1.6841534259744676e-14
147.79219963245097,-45.52824280906895,5.205368339890148,6.14907145878152,-3.265896775205644,-1.6841534259744676e-14
147.8067223713326,-45.52937185136122,5.202480546936909,6.165633942443886,-3.261840224250153,-1.6841534259744676e-14
147.8212425209677,-45.530505922609684,5.19960102587248,6.182129783683421,-3.257788860897895,1.6841534259744676e-14
147.83576009102265,-45.531645011941556,5.196729769064612,6.19855908422564,-3.2537426983396873,-5.894536990910637e-14
147.85027509115216,-45.53278910848021,5.19386676888106,6.214921945789434,-3.249701749679634,-4.210383564936169e-14
147.86478753099905,-45.53393820134508,5.191012017689574,6.231218470087065,-3.245666027935239,-4.210383564936169e-14
147.8792974201944,-45.535092279651735,5.188165507857907,6.247448758824143,-3.241635546037528,-4.210383564936169e-14
147.89380476835777,-45.53625133251189,5.1853272317538135,6.26361291369958,-3.2376103168311285,-1.6841534259744676e-14
147.90830958509673,-45.53741534903332,5.182497181745044,6.279711036405585,-3.2335903530744217,-4.210383564936169e-14
147.9228118800073,-45.53858431831997,5.179675350199349,6.295743228627629,-3.2295756674396214,-3.368306851948935e-14
147.93731166267358,-45.539758229471914,5.176861729484486,6.3117095920444175,-3.2255662725129026,-1.6841534259744676e-14
147.9518089426682,-45.54093707158535,5.174056311968204,6.327610228327878,-3.2215621807945,-5.0524602779234026e-14
147.96630372955192,-45.54212083375262,5.171259090018258,6.343445239143118,-3.217563404698824,-1.6841534259744676e-14
147.980796032874,-45.54330950506223,5.1684700560023975,6.359214726148423,-3.213569956554552,-8.420767129872338e-15
147.9952858621718,-45.544503074598836,5.165689202288377,6.374918790995201,-3.2095818486047696,0.0
148.00977322697113,-45.545701531443214,5.162916521243946,6.390557535327984,-3.205599093007053,-1.6841534259744676e-14
148.02425813678616,-45.546904864672356,5.160152005236861,6.406131060784384,-3.2016217018335777,-8.420767129872338e-15
148.03874060111926,-45.548113063359395,5.157395646634875,6.421639468995081,-3.1976496870712436,-3.368306851948935e-14
148.0532206294612,-45.54932611657361,5.154647437805735,6.437082861583789,-3.1936830606217628,-8.420767129872338e-15
148.06769823129127,-45.550544013380524,5.151907371117199,6.452461340167243,-3.1897218343017695,-6.73661370389787e-14
148.08217341607696,-45.551766742841785,5.149175438937017,6.467775006355167,-3.1857660198429336,-2.5262301389617013e-14
148.0966461932741,-45.55299429401524,5.146451633632942,6.48302396175024,-3.1818156288920694,-3.368306851948935e-14
148.111116572327,-45.55422665595496,5.143735947572725,6.498208307948087,-3.177870673011232,-3.368306851948935e-14
148.1255845626683,-45.55546381771117,5.14102837312412,6.513328146537238,-3.1739311636778194,-4.210383564936169e-14
148.14005017371898,-45.55670576833029,5.13832890265488,6.528383579099125,-3.1699971122846966,-2.5262301389617013e-14
148.15451341488864,-45.557952496855016,5.135637528532758,6.543374707208039,-3.1660685301402642,-2.5262301389617013e-14
148.168974295575,-45.55920399232418,5.132954243125503,6.558301632431116,-3.1621454284686097,-5.894536990910637e-14
148.18343282516437,-45.56046024377289,5.13027903880087,6.573164456328293,-3.1582278184095696,-5.0524602779234026e-14
148.19788901303147,-45.561721240232416,5.127611907926613,6.587963280452307,-3.1543157110188527,0.0
148.2123428685393,-45.56298697073031,5.124952842870483,6.60269820634867,-3.1504091172681554,-1.6841534259744676e-14
148.2267944010394,-45.56425742429028,5.12230183600023,6.617369335555618,-3.146508048045234,-1.6841534259744676e-14
148.2412436198719,-45.565532589932396,5.119658879683609,6.631976769604124,-3.142612514154017,-1.6841534259744676e-14
148.25569053436513,-45.56681245667283,5.117023966288373,6.646520610017829,-3.138722526314722,-4.210383564936169e-14
148.270135153836,-45.5680970135241,5.1143970881822725,6.6610009583130765,-3.1348380951639516,-5.894536990910637e-14
148.28457748758987,-45.56938624949491,5.1117782377330645,6.675417915998808,-3.1309592312547796,-4.210383564936169e-14
148.29901754492053,-45.57068015359027,5.109167407308495,6.689771584576632,-3.127085945056873,-3.368306851948935e-14
148.3134553351102,-45.57197871481138,5.106564589276322,6.704062065540713,-3.1232182469565783,-1.2631150694808506e-14
148.3278908674298,-45.5732819221558,5.103969776004294,6.718289460377813,-3.119356147257018,-2.947268495455318e-14
148.34232415113848,-45.574589764617286,5.101382959860166,6.732453870567233,-3.1154996561782102,-2.947268495455318e-14
148.35675519548406,-45.57590223118589,5.09880413321169,6.746555397580783,-3.1116487838571514,-5.4734986344170195e-14
148.37118400970277,-45.57721931084796,5.0962332884266175,6.760594142882787,-3.107803540347917,-1.6841534259744676e-14
148.3856106030194,-45.578540992586085,5.093670417872701,6.774570207930035,-3.103963935621773,-2.1051917824680846e-14
148.40003498464705,-45.57986726537918,5.091115513917695,6.788483694171763,-3.1001299795672645,-2.947268495455318e-14
148.41445716378777,-45.58119811820245,5.088568568929349,6.80233470304965,-3.096301681990295,-2.947268495455318e-14
148.42887714963177,-45.58253354002739,5.086029575275418,6.816123335997752,-3.092479052614265,-4.210383564936169e-15
148.44329495135793,-45.58387351982179,5.083498525323654,6.829849694442518,-3.0886621010801427,0.0
148.4577105781336,-45.58521804654976,5.080975411441807,6.843513879802742,-3.0848508369465657,-2.947268495455318e-14
148.47212403911473,-45.58656710917173,5.078460225997635,6.8571159934895505,-3.081045269689937,-2.947268495455318e-14
148.48653534344584,-45.587920696644396,5.075952961358885,6.870656136906374,-3.0772454087045293,-1.2631150694808506e-14
148.50094450025998,-45.58927879792085,5.073453609893311,6.884134411448917,-3.073451263302559,-3.789345208442552e-14
148.51535151867876,-45.59064140195045,5.070962163968668,6.897550918505156,-3.0696628427143144,-5.4734986344170195e-14
148.52975640781239,-45.59200849767895,5.0684786159527055,6.910905759455284,-3.065880156088228,-4.631421921429786e-14
148.5441591767596,-45.59338007404835,5.066002958213177,6.924199035671716,-3.062103212490981,-3.368306851948935e-14
148.55855983460773,-45.594756119997044,5.063535183117836,6.937430848519038,-3.0583320209075913,-3.368306851948935e-14
148.57295839043263,-45.596136624459774,5.061075283034432,6.950601299354006,-3.054566590241521,-4.210383564936169e-15
148.587354853299,-45.597521576367626,5.058623250330721,6.963710489525517,-3.050806929314744,-5.0524602779234026e-14
148.60174923225986,-45.598910964648056,5.056179077374454,6.976758520374571,-3.0470530468678705,-5.4734986344170195e-14
148.616141536357,-45.60030477822481,5.053742756533382,6.9897454932342615,-3.043304951560222,-5.0524602779234026e-14
148.6305317746207,-45.60170300601809,5.051314280175261,7.002671509429743,-3.0395626519699324,-1.2631150694808506e-14
148.6449199560699,-45.60310563694439,5.048893640667842,7.01553667027822,-3.0358261565940374,-2.1051917824680846e-14
148.65930608971217,-45.6045126599166,5.046480830378875,7.02834107708891,-3.0320954738485715,8.420767129872338e-15
148.6736901845438,-45.60592406384405,5.044075841676115,7.04108483116303,-3.0283706120686413,-4.210383564936169e-14
148.68807224954963,-45.607339837632345,5.0416786669273135,7.053768033793758,-3.0246515795085402,-3.789345208442552e-14
148.70245229370306,-45.60875997018355,5.039289298500224,7.066390786266223,-3.020938384341836,-5.894536990910637e-14
148.7168303259663,-45.610184450396076,5.036907728762599,7.078953189857479,-3.017231034661453,-5.0524602779234026e-14
148.73120635529006,-45.611613267164785,5.0345339500821895,7.09145534583648,-3.0135295384797667,-2.947268495455318e-14
148.74558039061372,-45.613046409380864,5.0321679548267495,7.103897355464049,-3.009833903728704,-1.2631150694808506e-14
148.7599524408655,-45.61448386593198,5.029809735364029,7.116279319992869,-3.0061441382598035,-6.73661370389787e-14
148.77432251496217,-45.615925625702175,5.027459284061786,7.128601340667452,-3.00246024984434,-3.789345208442552e-14
148.78869062180902,-45.617371677571896,5.025116593287767,7.140863518724101,-2.998782246173401,-5.0524602779234026e-14
148.80305677030026,-45.61882201041799,5.022781655409727,7.153065955390917,-2.9951101348579696,-2.947268495455318e-14
148.81742096931865,-45.620276613113795,5.020454462795419,7.16520875188775,-2.9914439234290233,-6.315575347404254e-14
148.83178322773557,-45.62173547452899,5.018135007812595,7.177292009426188,-2.98778361933762,-7.157652060391487e-14
148.84614355441138,-45.62319858352977,5.015823282829006,7.1893158292095265,-2.9841292299549638,-5.4734986344170195e-14
148.86050195819485,-45.62466592897871,5.013519280212408,7.201280312432746,-2.980480762572534,-6.73661370389787e-14
148.87485844792354,-45.62613749973484,5.011222992330549,7.213185560282497,-2.9768382244021447,-2.5262301389617013e-14
148.88921303242373,-45.62761328465363,5.008934411551185,7.225031673937067,-2.973201622576043,-5.4734986344170195e-14
148.9035657205104,-45.629093272587006,5.006653530242068,7.236818754566365,-2.9695709641469845,-6.315575347404254e-14
148.91791652098718,-45.63057745238334,5.004380340770949,7.248546903331884,-2.9659462560883365,-7.578690416885104e-14
148.93226544264667,-45.632065812887504,5.002114835505581,7.260216221386688,-2.9623275052941347,-1.2631150694808506e-14
