galstreams/tracks/track.st.Ophiuchus.caldwell2020.ecsv
# %ECSV 0.9
# ---
# datatype:
# - {name: ra, unit: deg, datatype: float64}
# - {name: dec, unit: deg, datatype: float64}
# - {name: distance, unit: kpc, datatype: float64}
# - {name: pm_ra_cosdec, unit: mas / yr, datatype: float64}
# - {name: pm_dec, unit: mas / yr, datatype: float64}
# - {name: radial_velocity, unit: km / s, datatype: float64}
# delimiter: ','
# meta: !!omap
# - __serialized_columns__:
#     dec:
#       __class__: astropy.coordinates.angles.Latitude
#       unit: &id001 !astropy.units.Unit {unit: deg}
#       value: !astropy.table.SerializedColumn {name: dec}
#     distance:
#       __class__: astropy.coordinates.distances.Distance
#       unit: !astropy.units.Unit {unit: kpc}
#       value: !astropy.table.SerializedColumn {name: distance}
#     pm_dec:
#       __class__: astropy.units.quantity.Quantity
#       unit: !astropy.units.Unit {unit: mas / yr}
#       value: !astropy.table.SerializedColumn {name: pm_dec}
#     pm_ra_cosdec:
#       __class__: astropy.units.quantity.Quantity
#       unit: !astropy.units.Unit {unit: mas / yr}
#       value: !astropy.table.SerializedColumn {name: pm_ra_cosdec}
#     ra:
#       __class__: astropy.coordinates.angles.Longitude
#       unit: *id001
#       value: !astropy.table.SerializedColumn {name: ra}
#       wrap_angle: !astropy.coordinates.Angle
#         unit: *id001
#         value: 360.0
#     radial_velocity:
#       __class__: astropy.units.quantity.Quantity
#       unit: !astropy.units.Unit {unit: km / s}
#       value: !astropy.table.SerializedColumn {name: radial_velocity}
# schema: astropy-2.0
ra,dec,distance,pm_ra_cosdec,pm_dec,radial_velocity
[from data line 552]
246.5151083054635,-7.459405712802756,8.333333333333337,-8.45577545208549,-3.8699619573182287,7.578690416885104e-14
246.5249695573486,-7.461448288887847,8.333333333333337,-8.46187512127549,-3.8675788355554848,2.442022467662978e-13
246.53483570909108,-7.463454185018752,8.33333333333334,-8.468119170356957,-3.865279752976168,1.6841534259744677e-13
246.54470685621624,-7.465422658953571,8.333333333333337,-8.474510465369375,-3.8630668438706186,1.1789073981821273e-13
246.55458309504817,-7.467352961880786,8.333333333333337,-8.481051897070175,-3.8609422648587914,1.642049590325106e-13
246.56446452271223,-7.469244338393487,8.33333333333334,-8.487746381022431,-3.8589081949866513,1.2631150694808508e-13
246.5743512371374,-7.471096026463567,8.33333333333334,-8.49459685768252,-3.856966835822563,3.789345208442552e-14
246.58424333705872,-7.472907257415939,8.333333333333337,-8.501606292487805,-3.85512041155372,-7.578690416885104e-14
246.59414092201996,-7.474677255902752,8.333333333333337,-8.508777675944213,-3.85337116908262,2.1051917824680846e-14
246.60404409237586,-7.476405239877585,8.333333333333337,-8.516114023713861,-3.8517213781235635,1.0104920555846805e-13
246.61395294929474,-7.478090420569673,8.33333333333334,-8.5236183767026,-3.8501733312991795,-9.683882199353189e-14
246.62386759476064,-7.479732002458103,8.333333333333337,-8.531293801147553,-3.8487293442369928,1.4315304120782974e-13
246.63378813157618,-7.481329183246016,8.33333333333334,-8.539143388704604,-3.8473917556660258,2.1893994537668078e-13
246.6437146633646,-7.482881153834831,8.333333333333337,-8.547170256535885,-3.846162927513422,2.442022467662978e-13
246.65364729457227,-7.4843870982984315,8.333333333333337,-8.5553775473972,-3.8450452450011188,2.5262301389617017e-13
246.66358613047115,-7.485846193857379,8.33333333333334,-8.563768429725437,-3.8440411167425412,2.063087946818723e-13
246.6735312771611,-7.4872576108531135,8.333333333333337,-8.572346097725966,-3.8431529748393425,2.3578147963642546e-13
246.68348284157221,-7.488620512722157,8.33333333333334,-8.581113771459938,-3.842383274978176,1.7262572616238293e-13
246.69344093146736,-7.489934055970312,8.333333333333337,-8.590074696931637,-3.841734496527486,-4.210383564936169e-14
246.70340565544416,-7.491197390146862,8.33333333333334,-8.599232146175744,-3.8412091426343644,1.2631150694808506e-14
246.71337712293771,-7.492409657818775,8.33333333333334,-8.608589417344572,-3.8408097403214203,1.768361097273191e-13
246.72335544422282,-7.493569994544904,8.33333333333334,-8.618149834795311,-3.840538840583692,1.0525958912340423e-13
246.73334073041605,-7.494677528850174,8.333333333333341,-8.627916749177164,-3.840399018485597,0.0
246.74333309347833,-7.495731382199788,8.33333333333334,-8.63789353751854,-3.840392873257927,2.063087946818723e-13
246.7533326462172,-7.49673066897342,8.33333333333334,-8.648083603314108,-3.840523028394859,8.841805486365955e-14
246.76333950228883,-7.497674496439411,8.333333333333341,-8.65849037661193,-3.8407921317510216,0.0
246.77335377620065,-7.49856196472897,8.33333333333334,-8.669117314100461,-3.8412028556385995,-5.0524602779234026e-14
246.78337558331327,-7.499392166810341,8.33333333333334,-8.679967899195567,-3.8417578969244643,1.6841534259744677e-13
246.79340503984312,-7.5001641884630335,8.333333333333341,-8.691045642127506,-3.842459977127353,9.262843842859572e-14
246.8034422628642,-7.500877108251985,8.33333333333334,-8.702354080027838,-3.843311842515085,-8.420767129872338e-15
246.81348737031058,-7.501529997501756,8.33333333333334,-8.71389677701634,-3.8443162642018107,-3.789345208442552e-14
246.82354048097872,-7.502121920270736,8.33333333333334,-8.725677324287851,-3.845476038245312,-4.210383564936169e-14
246.8336017145293,-7.502651933325308,8.33333333333334,-8.73769934019911,-3.8467939857443287,-3.368306851948935e-14
246.8436711914897,-7.503119086114052,8.333333333333341,-8.749966470355531,-3.8482729529359347,2.2315032894161697e-13
246.85374903325615,-7.503522420741927,8.333333333333341,-8.762482387697949,-3.8499158112929552,7.999728773378721e-14
246.8638353620956,-7.503860971944451,8.33333333333334,-8.775250792589327,-3.851725457621416,1.768361097273191e-13
246.87393030114822,-7.504133767061897,8.33333333333334,-8.788275412901434,-3.853704814158028,2.2736071250655313e-13
246.8840339744294,-7.504339826013466,8.33333333333334,-8.801560004101464,-3.8558568286677497,1.1789073981821273e-13
246.89414650683165,-7.504478161271465,8.333333333333343,-8.815108349338647,-3.858184474541335,1.0946997268834039e-13
246.90426802412702,-7.504547777835515,8.333333333333341,-8.828924259530773,-3.860690750892976,2.947268495455318e-14
246.914398652969,-7.504547673206689,8.333333333333343,-8.843011573450719,-3.8633786826579413,2.315710960714893e-13
246.92453852089474,-7.504476837361732,8.333333333333343,-8.857374157812938,-3.8662513206903006,8.420767129872338e-15
246.93468775632684,-7.504334252727212,8.333333333333341,-8.87201590735985,-3.86931174186065,2.1472956181174462e-13
246.94484648857573,-7.504118894153705,8.333333333333343,-8.886940744948259,-3.8725630491539125,1.642049590325106e-13
246.95501484784143,-7.503829728889979,8.333333333333341,-8.902152621635706,-3.876008371767167,2.2315032894161697e-13
246.96519296521572,-7.5034657165571526,8.33333333333334,-8.91765551676675,-3.879650865207508,7.578690416885104e-14
246.97538097268412,-7.503025809122891,8.333333333333341,-8.933453438059255,-3.883493711389979,-2.5262301389617013e-14
246.98557900312773,-7.502508950875552,8.333333333333341,-8.949550421690613,-3.8875401187355223,-7.578690416885104e-14
246.99578719032547,-7.501914078398379,8.333333333333341,-8.965950532383907,-3.8917933222689856,-2.5262301389617013e-14
247.00600566895585,-7.50124012054366,8.333333333333343,-8.982657863494067,-3.896256583717165,-1.0525958912340423e-13
247.01623457459888,-7.500485998406906,8.333333333333341,-8.999676537093947,-3.9009331916068977,7.999728773378721e-14
247.02647404373823,-7.499650625301011,8.333333333333345,-9.017010704060391,-3.9058264613631937,2.5262301389617013e-14
247.03672421376282,-7.498732906730417,8.333333333333343,-9.034664544160243,-3.91093973540742,8.841805486365955e-14
247.046985222969,-7.497731740365295,8.333333333333343,-9.052642266136278,-3.916276383255516,1.1789073981821273e-13
247.0572572105623,-7.4966460160156885,8.333333333333345,-9.070948107793168,-3.9218398016162648,6.73661370389787e-14
247.06754031665926,-7.495474615605699,8.333333333333343,-9.089586336083325,-3.927633414489599,7.578690416885104e-14
247.07783468228942,-7.494216413147632,8.333333333333345,-9.10856124719274,-3.93366067326496,8.841805486365955e-14
247.08814044939697,-7.492870274716164,8.333333333333345,-9.127877166626773,-3.9399250568197015,9.262843842859572e-14
247.0984577608428,-7.491435058422517,8.333333333333343,-9.14753844929588,-3.9464300716175287,-7.578690416885104e-14
247.10878676040602,-7.489909614388577,8.333333333333343,-9.167549479601316,-3.953179251806981,6.73661370389787e-14
247.11912759278607,-7.488292784721101,8.333333333333343,-9.187914671520799,-3.9601761593199805,-4.210383564936169e-15
247.12948040360416,-7.486583403485844,8.333333333333345,-9.20863846869409,-3.967424383970398,5.0524602779234026e-14
247.13984533940535,-7.484780296681724,8.333333333333345,-9.229725344508566,-3.9749275435526785,1.0525958912340423e-13
247.15022254766004,-7.482882282214971,8.333333333333346,-9.251179802184717,-3.9826892839405077,1.5578419190263825e-13
247.1606121767658,-7.4808881698732845,8.333333333333346,-9.273006374861632,-3.990713279185531,1.6841534259744676e-14
247.171014376049,-7.4787967612999875,8.333333333333346,-9.295209625682396,-3.99900323161609,1.768361097273191e-13
247.18142929576666,-7.476606849968168,8.333333333333346,-9.317794147879487,-4.007562871936043,-5.4734986344170195e-14
247.19185708710793,-7.4743172211548385,8.333333333333346,-9.340764564860086,-4.016395959323595,1.6841534259744677e-13
247.20229790219597,-7.471926651915082,8.333333333333345,-9.364125530291359,-4.025506281530191,3.368306851948935e-14
247.21275189408928,-7.469433911056196,8.333333333333345,-9.38788172818569,-4.034897654979443,8.420767129872338e-15
247.22321921678358,-7.466837759111833,8.333333333333348,-9.41203787298586,-4.044573924866109,1.7262572616238293e-13
247.23370002521335,-7.4641369483161615,8.333333333333346,-9.43659870965023,-4.054538965255104,2.947268495455318e-14
247.24419447525338,-7.461330222577998,8.333333333333348,-9.46156901373775,-4.0647966791805725,9.683882199353189e-14
247.2547027237203,-7.458416317454947,8.333333333333346,-9.486953591493101,-4.075350998744977,1.642049590325106e-13
247.26522492837432,-7.455393960127551,8.333333333333346,-9.512757279931611,-4.086205885218253,9.683882199353189e-14
247.2757612479205,-7.4522618693734195,8.333333333333348,-9.53898494692426,-4.097365329136997,1.5578419190263825e-13
247.28631184201052,-7.449018755541372,8.333333333333346,-9.565641491282575,-4.108833350403692,1.7262572616238293e-13
247.29687687124394,-7.445663320525587,8.333333333333348,-9.592731842843458,-4.120613998385976,7.999728773378721e-14
247.3074564971699,-7.442194257739717,8.33333333333335,-9.620260962554035,-4.132711352015963,1.8525687685719145e-13
247.31805088228853,-7.438610252091036,8.33333333333335,-9.64823384255642,-4.145129519889585,9.683882199353189e-14
247.3286601900522,-7.4349099799545675,8.33333333333335,-9.676655506272407,-4.157872640365987,7.999728773378721e-14
247.33928458486733,-7.431092109147226,8.33333333333335,-9.705531008488167,-4.17094488166696,-3.368306851948935e-14
247.34992423209533,-7.427155298901941,8.33333333333335,-9.734865435438868,-4.1843504419764095,-7.999728773378721e-14
247.36057929805446,-7.42309819984178,8.333333333333348,-9.764663904893247,-4.198093549539856,1.1368035625327657e-13
247.37124995002097,-7.418919453954087,8.333333333333352,-9.794931566238152,-4.212178462763992,6.73661370389787e-14
247.3819363562303,-7.414617694564611,8.33333333333335,-9.825673600563062,-4.226609470316265,6.73661370389787e-14
247.39263868587886,-7.410191546311621,8.333333333333353,-9.856895220744477,-4.241390891224468,1.9367764398706378e-13
247.40335710912498,-7.405639625120048,8.333333333333352,-9.888601671530362,-4.2565270749764474,-4.210383564936169e-15
247.4140917970902,-7.400960538175582,8.33333333333335,-9.920798229624493,-4.272022401619724,2.315710960714893e-13
247.42484292186097,-7.3961528838988215,8.333333333333352,-9.953490203770752,-4.287881281861265,3.3262030162995735e-13
247.43561065648947,-7.391215251919386,8.333333333333352,-9.98668293483744,-4.304108157167223,1.9788802755199994e-13
247.44639517499502,-7.386146223050015,8.333333333333353,-10.02038179590145,-4.320707499862716,6.73661370389787e-14
247.45719665236544,-7.380944369260729,8.333333333333353,-10.054592192332494,-4.3376838132316475,-8.420767129872338e-14
247.46801526455798,-7.375608253652897,8.333333333333352,-10.089319561877232,-4.355041631616558,2.1893994537668078e-13
247.47885118850093,-7.370136430433398,8.333333333333352,-10.124569374743356,-4.372785520518498,6.315575347404254e-14
247.4897046020944,-7.364527444888697,8.333333333333353,-10.160347133683665,-4.390920076696923,2.5262301389617013e-14
247.50057568421164,-7.358779833358991,8.333333333333352,-10.196658374080126,-4.40944992826964,2.5262301389617017e-13
247.51146461470037,-7.3528921232123,8.333333333333355,-10.233508664027752,-4.428379734812745,2.020984111169361e-13
247.52237157438356,-7.346862832818581,8.333333333333353,-10.270903604418669,-4.4477141874606145,2.8209569885072334e-13
247.53329674506085,-7.340690471523854,8.333333333333355,-10.308848829025912,-4.467458009005889,7.999728773378721e-14
247.54424030950935,-7.3343735396242895,8.333333333333355,-10.34735000458737,-4.487615953999517,2.1893994537668078e-13
247.55520245148506,-7.327910528340326,8.333333333333353,-10.38641283088958,-4.508192808850782,7.578690416885104e-14
247.56618335572364,-7.321299919790776,8.333333333333359,-10.426043040851521,-4.529193391927361,3.24199534500085e-13
247.57718320794166,-7.3145401869669335,8.333333333333357,-10.466246400608398,-4.550622553655412,1.5578419190263825e-13
247.58820219483746,-7.307629793706669,8.333333333333359,-10.507028709595353,-4.572485176619654,5.894536990910637e-14
247.5992405040922,-7.300567194668545,8.333333333333357,-10.548395800631166,-4.594786175663477,2.8630608241565947e-13
247.610298324371,-7.293350835305908,8.333333333333359,-10.590353540001914,-4.617530497989047,1.6841534259744677e-13
