galstreams/tracks/track.st.C-11.ibata2024.ecsv
# %ECSV 1.0
# ---
# datatype:
# - {name: ra, unit: deg, datatype: float64}
# - {name: dec, unit: deg, datatype: float64}
# - {name: distance, unit: kpc, datatype: float64}
# - {name: pm_ra_cosdec, unit: mas / yr, datatype: float64}
# - {name: pm_dec, unit: mas / yr, datatype: float64}
# - {name: radial_velocity, unit: km / s, datatype: float64}
# delimiter: ','
# meta: !!omap
# - __serialized_columns__:
#     dec:
#       __class__: astropy.coordinates.angles.Latitude
#       unit: &id001 !astropy.units.Unit {unit: deg}
#       value: !astropy.table.SerializedColumn {name: dec}
#     distance:
#       __class__: astropy.coordinates.distances.Distance
#       unit: !astropy.units.Unit {unit: kpc}
#       value: !astropy.table.SerializedColumn {name: distance}
#     pm_dec:
#       __class__: astropy.units.quantity.Quantity
#       unit: !astropy.units.Unit {unit: mas / yr}
#       value: !astropy.table.SerializedColumn {name: pm_dec}
#     pm_ra_cosdec:
#       __class__: astropy.units.quantity.Quantity
#       unit: !astropy.units.Unit {unit: mas / yr}
#       value: !astropy.table.SerializedColumn {name: pm_ra_cosdec}
#     ra:
#       __class__: astropy.coordinates.angles.Longitude
#       unit: *id001
#       value: !astropy.table.SerializedColumn {name: ra}
#       wrap_angle: !astropy.coordinates.Angle
#         unit: *id001
#         value: 360.0
#     radial_velocity:
#       __class__: astropy.units.quantity.Quantity
#       unit: !astropy.units.Unit {unit: km / s}
#       value: !astropy.table.SerializedColumn {name: radial_velocity}
# schema: astropy-2.0
ra,dec,distance,pm_ra_cosdec,pm_dec,radial_velocity
[from data line 1874]
110.86914610518728,50.84397499099065,1.0,5.8505262464951,-1.397006066467692,-55.42060170289322
110.88197974828992,50.85103152960692,1.0000000000000002,5.851560239066009,-1.397863889500437,-55.39456372987876
110.89482080889594,50.85808467324107,1.0,5.852594761268549,-1.3987228709446864,-55.36791248569784
110.90766928241453,50.86513442326126,1.0000000000000002,5.853629811988128,-1.3995830114356096,-55.34064989456861
110.9205251642515,50.87218078103688,1.0000000000000002,5.854665390109632,-1.4004443116075675,-55.312777880709014
110.93338844980927,50.8792237479386,1.0,5.855701494517424,-1.4013067720940997,-55.28429836833713
110.94625913448681,50.886263325338334,1.0000000000000002,5.856738124095345,-1.402170393527923,-55.255213281671054
110.95913721367978,50.89329951460925,1.0,5.8577752777267165,-1.4030351765409401,-55.225524544928795
110.97202268278038,50.90033231712579,1.0000000000000002,5.858812954294329,-1.4039011217642177,-55.19523408232841
110.98491553717747,50.907361734263695,1.0,5.859851152680465,-1.4047682298280009,-55.16434381808795
110.99781577225649,50.914387767399944,1.0000000000000002,5.860889871766869,-1.405636501361716,-55.13285567642546
111.01072338339958,50.921410417912824,1.0,5.861929110434782,-1.4065059369939572,-55.10077158155897
111.0236383659854,50.928429687181875,1.0000000000000002,5.862968867564906,-1.4073765373524827,-55.068093457706595
111.03656071538936,50.935445576587945,1.0000000000000002,5.864009142037435,-1.408248303064222,-55.03482322908632
111.04949042698338,50.94245808751319,1.0000000000000002,5.86504993273204,-1.4091212347552782,-55.000962819916246
111.06242749613612,50.94946722134103,1.0,5.866091238527865,-1.409995333050908,-54.966514154414355
111.07537191821284,50.956472979456194,1.0000000000000002,5.867133058303534,-1.4108705985755403,-54.93147915679874
111.08832368857544,50.96347536324471,1.0000000000000002,5.86817539093716,-1.4117470319527579,-54.895859751287425
111.10128280258249,50.97047437409394,1.0000000000000002,5.869218235306327,-1.4126246338053123,-54.859657862098516
111.11424925558919,50.97747001339253,1.0,5.870261590288107,-1.413503404755109,-54.822875413449985
111.12722304294743,50.984462282530444,1.0000000000000002,5.871305454759042,-1.41438334542321,-54.78551432955993
111.14020416000572,50.99145118289897,1.0000000000000002,5.872349827595163,-1.4152644564298358,-54.747576534646406
111.15319260210927,50.99843671589073,1.0,5.87339470767198,-1.4161467383943593,-54.70906395292742
111.16618836459996,51.005418882899654,1.0000000000000002,5.87444009386448,-1.4170301919353,-54.66997850862104
111.17919144281629,51.01239768532099,1.0000000000000002,5.875485985047138,-1.4179148176703453,-54.630322125945355
111.1922018320935,51.01937312455138,1.0,5.876532380093906,-1.4188006162163074,-54.59009672911837
111.2052195277635,51.02634520198873,1.0,5.877579277878217,-1.4196875881891664,-54.54930424235815
111.21824452515483,51.033313919032345,1.0000000000000002,5.8786266772729885,-1.4205757342040357,-54.50794658988271
111.23127681959281,51.04027927708285,1.0,5.879674577150622,-1.4214650548751786,-54.46602569591015
111.24431640639934,51.047241277542234,1.0000000000000002,5.8807229763829945,-1.4223555508159977,-54.4235434846585
111.25736328089312,51.05419992181382,1.0000000000000002,5.8817718738414735,-1.4232472226390414,-54.3805018803458
111.27041743838947,51.061155211302314,1.0000000000000002,5.882821268396905,-1.424140070955997,-54.33690280719012
111.2834788742005,51.06810714741377,1.0000000000000002,5.88387115891962,-1.4250340963776864,-54.29274818940949
111.29654758363495,51.07505573155559,1.0,5.88492154427943,-1.4259292995140695,-54.248039951221934
111.3096235619983,51.08200096513659,1.0000000000000002,5.885972423345635,-1.4268256809742335,-54.202780016845566
111.32270680459273,51.08894284956692,1.0,5.887023794987012,-1.427723241366416,-54.156970310498394
111.33579730671718,51.09588138625814,1.0000000000000002,5.888075658071829,-1.4286219812979697,-54.110612756398474
111.34889506366727,51.10281657662316,1.0000000000000002,5.889128011467836,-1.4295219013753897,-54.063709278763845
111.36200007073539,51.10974842207631,1.0000000000000002,5.890180854042267,-1.4304230022042885,-54.01626180181259
111.37511232321064,51.116676924033264,1.0,5.891234184661842,-1.4313252843894126,-53.9682722497627
111.38823181637883,51.12360208391114,1.0000000000000002,5.89228800219276,-1.4322287485346301,-53.919742546832296
111.40135854552256,51.1305239031284,1.0,5.893342305500719,-1.4331333952429386,-53.87067461723937
111.41449250592112,51.137442383104975,1.0000000000000002,5.894397093450888,-1.4340392251164484,-53.82107038520198
111.4276336928506,51.14435752526213,1.0000000000000002,5.89545236490793,-1.434946238756397,-53.770931774938184
111.44078210158382,51.15126933102259,1.0,5.896508118735998,-1.4358544367631403,-53.720260710666054
111.45393772739037,51.15817780181047,1.0000000000000002,5.897564353798718,-1.4367638197361519,-53.669059116603606
111.46710056553655,51.16508293905128,1.0,5.898621068959216,-1.4376743882740222,-53.6173289169689
111.4802706112855,51.171984744172015,1.0,5.8996782630801015,-1.4385861429744473,-53.565072035979995
111.49344785989709,51.17888321860104,1.0,5.900735935023464,-1.4394990844342468,-53.512290397854926
111.50663230662792,51.18577836376816,1.0000000000000002,5.901794083650891,-1.4404132132493483,-53.45898592681174
111.51982394673146,51.19267018110461,1.0000000000000002,5.902852707823454,-1.4413285300147898,-53.405160547068526
111.53302277545788,51.199558672043075,1.0000000000000002,5.903911806401708,-1.4422450353247092,-53.35081618284327
111.54622878805421,51.206443838017684,1.0,5.904971378245708,-1.44316272977236,-53.29595475835408
111.55944197976419,51.21332568046398,1.0,5.90603142221498,-1.4440816139501012,-53.24057819781895
111.5726623458284,51.22020420081897,1.0000000000000002,5.9070919371685555,-1.4450016884493904,-53.184688425455974
111.58588988148422,51.227079400521134,1.0,5.908152921964952,-1.445922953860789,-53.12828736548317
111.59912458196585,51.23395128101038,1.0000000000000002,5.909214375462168,-1.4468454107739541,-53.07137694211861
111.61236644250423,51.240819843728055,1.0,5.910276296517702,-1.4477690597776522,-53.01395907958035
111.62561545832718,51.24768509011704,1.0,5.911338683988535,-1.4486939014597358,-52.95603570208642
111.63887162465927,51.25454702162162,1.0000000000000002,5.912401536731142,-1.449619936407161,-52.897608733854845
111.65213493672198,51.26140563968756,1.0,5.913464853601493,-1.4505471652059754,-52.83868009910371
111.66540538973352,51.26826094576212,1.0,5.91452863345504,-1.4514755884413129,-52.779251722051086
111.67868297890901,51.27511294129403,1.0000000000000002,5.915592875146734,-1.4524052066974118,-52.719325526914965
111.69196769946035,51.2819616277335,1.0000000000000002,5.9166575775310175,-1.4533360205575878,-52.65890343791342
111.7052595465963,51.288807006532245,0.9999999999999999,5.917722739461822,-1.454268030604247,-52.59798737926452
111.71855851552242,51.295649079143416,1.0000000000000002,5.918788359792567,-1.4552012374188905,-52.53657927518631
111.73186460144117,51.30248784702171,1.0000000000000002,5.919854437376174,-1.4561356415820939,-52.474681049896795
111.74517779955185,51.309323311623324,1.0000000000000002,5.920920971065053,-1.4570712436735196,-52.41229462761408
111.7584981050506,51.31615547440592,1.0,5.92198795971111,-1.45800804427191,-52.349421932556176
111.77182551313042,51.32298433682869,1.0000000000000002,5.923055402165736,-1.4589460439550948,-52.286064888941155
111.7851600189812,51.32980990035232,1.0000000000000002,5.924123297279827,-1.4598852432999756,-52.22222542098705
111.79850161778967,51.336632166439045,1.0,5.925191643903773,-1.4608256428825346,-52.157905452911926
111.8118503047394,51.34345113655256,1.0000000000000002,5.926260440887445,-1.4617672432778228,-52.09310690893384
111.82520607501091,51.35026681215812,1.0000000000000002,5.927329687080223,-1.4627100450599766,-52.027831713270814
111.8385689237816,51.357079194722495,1.0000000000000002,5.928399381330978,-1.4636540488022005,-51.9620817901409
111.85193884622568,51.363888285714,1.0000000000000002,5.929469522488077,-1.4645992550767657,-51.895859063762146
111.8653158375143,51.37069408660244,1.0,5.930540109399383,-1.465545664455015,-51.82916545835261
111.87869989281552,51.377496598859196,1.0000000000000002,5.931611140912249,-1.466493277507361,-51.7620028981304
111.8920910072943,51.38429582395718,1.0000000000000002,5.932682615873535,-1.467442094803289,-51.69437330731345
111.90548917611245,51.39109176337084,1.0,5.933754533129598,-1.4683921169113328,-51.62627861011987
111.91889439442875,51.397884418576155,1.0,5.934826891526276,-1.4693433443991095,-51.557720730767706
111.93230665739885,51.404673791050705,1.0000000000000002,5.935899689908926,-1.4702957778332806,-51.48870159347503
111.94572596017537,51.41145988227357,1.0,5.93697292712239,-1.4712494177795854,-51.419223122459876
111.95915229790779,51.41824269372542,1.0000000000000002,5.938046602011013,-1.4722042648028033,-51.34928724194025
111.97258566574256,51.42502222688849,1.0000000000000002,5.939120713418637,-1.4731603194667846,-51.27889587613425
111.98602605882307,51.43179848324655,1.0000000000000002,5.940195260188605,-1.4741175823344328,-51.208050949259906
111.99947347228961,51.43857146428498,1.0000000000000002,5.941270241163757,-1.4750760539677081,-51.136754385535276
112.01292790127943,51.445341171490725,1.0000000000000002,5.942345655186436,-1.476035734927617,-51.06500810917842
112.02638934092673,51.452107606352286,1.0000000000000002,5.94342150109848,-1.476996625774218,-50.99281404440739
112.03985778636266,51.458870770359745,1.0,5.944497777741238,-1.4779587270666283,-50.92017411544019
112.05333323271533,51.4656306650048,1.0,5.945574483955546,-1.4789220393630105,-50.84709024649488
112.06681567510981,51.47238729178072,1.0000000000000002,5.94665161858175,-1.4798865632205676,-50.77356436178953
112.0803051086681,51.47914065218236,1.0000000000000002,5.9477291804596994,-1.4808522991955506,-50.69959838554222
112.09380152850923,51.48589074770619,1.0000000000000002,5.948807168428741,-1.4818192478432657,-50.62519424197096
112.10730492974918,51.49263757985026,1.0,5.949885581327726,-1.4827874097180418,-50.55035385529381
112.12081530750088,51.499381150114246,1.0000000000000002,5.950964417995006,-1.4837567853732674,-50.47507914972877
112.13433265687428,51.50612145999941,1.0000000000000002,5.952043677268437,-1.4847273753613566,-50.39937204949397
112.1478569729763,51.51285851100864,1.0000000000000002,5.953123357985383,-1.4856991802337758,-50.32323447880741
112.16138825091086,51.51959230464644,1.0000000000000002,5.954203458982706,-1.4866722005410118,-50.24666836188716
112.17492648577893,51.52632284241892,1.0000000000000002,5.9552839790967775,-1.487646436832602,-50.16967562295124
112.18847167267836,51.53305012583382,1.0,5.956364917163471,-1.4886218896571055,-50.09225818621774
112.20202380670415,51.53977415640051,1.0000000000000002,5.95744627201816,-1.4895985595621246,-50.01441797590468
112.21558288294821,51.54649493563001,1.0,5.958528042495736,-1.4905764470942815,-49.936156916230104
112.22914889649952,51.55321246503492,1.0000000000000002,5.9596102274305816,-1.4915555527992366,-49.85747693141213
112.24272184244408,51.55992674612954,1.0,5.960692825656603,-1.492535877221667,-49.77837994566869
112.25630171586488,51.56663778042977,1.0000000000000002,5.961775836007195,-1.4935174209052917,-49.698867883217915
112.26988851184198,51.57334556945317,1.0,5.9628592573152766,-1.4945001843928418,-49.618942668277825
112.28348222545249,51.58005011471894,1.0000000000000002,5.963943088413256,-1.4954841682260778,-49.53860622506651
112.29708285177053,51.58675141774795,1.0000000000000002,5.965027328133068,-1.4964693729457803,-49.45786047780195
112.31069038586725,51.59344948006273,1.0000000000000002,5.966111975306143,-1.4974557990917488,-49.376707350702276
112.32430482281094,51.600144303187435,1.0000000000000002,5.9671970287634295,-1.498443447202809,-49.29514876798547
112.33792615766686,51.606835888647915,1.0000000000000002,5.968282487335374,-1.4994323178167948,-49.21318665386959
112.35155438549735,51.61352423797169,1.0000000000000002,5.9693683498519405,-1.5004224114705602,-49.130822932572705
112.3651895013619,51.62020935268793,1.0,5.970454615142607,-1.5014137286999807,-49.04805952831286
112.37883150031692,51.62689123432749,1.0,5.971541282036348,-1.5024062700399297,-48.96489836530812
112.39248037741602,51.633569884422926,1.0000000000000002,5.972628349361662,-1.5034000360243054,-48.88134136777651
112.40613612770987,51.64024530450843,1.0,5.973715815946555,-1.504395027186014,-48.797390459936075
112.41979874624623,51.646917496119954,1.0000000000000002,5.974803680618541,-1.5053912440569617,-48.71304756600488
112.43346822806991,51.65358646079502,1.0000000000000002,5.975891942204653,-1.5063886871680845,-48.62831461020095
112.44714456822284,51.66025220007297,1.0000000000000002,5.97698059953143,-1.5073873570492946,-48.543193516742406
112.4608277617441,51.666914715494784,1.0000000000000002,5.978069651424926,-1.5083872542295298,-48.457686209847225
112.47451780366983,51.67357400860314,1.0000000000000002,5.979159096710713,-1.5093883792367242,-48.371794613733464
112.48821468903326,51.680230080942444,1.0,5.980248934213873,-1.5103907325978145,-48.28552065261916
112.50191841286481,51.686882934058794,1.0000000000000002,5.981339162758999,-1.5113943148387339,-48.19886625072243
112.51562897019198,51.69353256949999,1.0000000000000004,5.982429781170204,-1.5123991264844223,-48.111833332261305
112.52934635603944,51.70017898881559,1.0000000000000002,5.983520788271118,-1.5134051680588136,-48.02442382145374
112.5430705654289,51.70682219355681,1.0000000000000002,5.98461218288488,-1.5144124400848353,-47.936639642517875
112.55680159337933,51.71346218527665,1.0000000000000002,5.985703963834153,-1.5154209430844103,-47.84848271967176
112.57053943490678,51.7200989655298,1.0000000000000002,5.986796129941107,-1.516430677578457,-47.75995497713338
112.58428408502441,51.7267325358727,1.0000000000000002,5.987888680027435,-1.5174416440868819,-47.671058339120854
112.59803553874264,51.7333628978635,1.0000000000000002,5.988981612914351,-1.5184538431285879,-47.581794729852206
112.61179379106898,51.739990053062115,1.0,5.990074927422581,-1.5194672752214613,-47.49216607354548
112.62555883700811,51.746614003030196,1.0,5.99116862237237,-1.5204819408823735,-47.40217429441871
112.63933067156192,51.753234749331114,1.0000000000000002,5.9922626965834835,-1.5214978406271964,-47.31182131668997
112.65310928972943,51.75985229353004,1.0000000000000002,5.993357148875209,-1.5225149749707625,-47.22110906457732
112.66689468650686,51.76646663719383,1.0000000000000002,5.994451978066347,-1.5235333444269124,-47.1300394622988
112.68068685688763,51.77307778189117,1.0,5.995547182975225,-1.5245529495084562,-47.03861443407243
112.69448579586235,51.77968572919244,1.0000000000000002,5.996642762419688,-1.525573790727183,-46.94683590411626
112.70829149841882,51.786290480669834,1.0000000000000002,5.997738715217102,-1.5265958685938625,-46.85470579664837
112.72210395954203,51.79289203789727,1.0,5.998835040184357,-1.5276191836182509,-46.76222603588681
112.73592317421421,51.79949040245048,1.0000000000000002,5.999931736137862,-1.528643736309065,-46.669398546049635
112.7497491374148,51.80608557590694,1.0,6.001028801893554,-1.5296695271740117,-46.576225251354835
112.76358184412041,51.812677559845916,1.0000000000000002,6.002126236266882,-1.53069655671976,-46.48270807602051
112.77742128930495,51.819266355848455,1.0000000000000002,6.003224038072835,-1.5317248254519589,-46.3888489442647
112.79126746793952,51.825851965497385,1.0000000000000002,6.004322206125913,-1.5327543338752259,-46.29464978030546
112.80512037499246,51.83243439037732,1.0000000000000002,6.0054207392401455,-1.5337850824931447,-46.20011250836082
112.81898000542934,51.83901363207471,1.0,6.006519636229088,-1.5348170718082654,-46.10523905264887
