galstreams/tracks/track.st.Jet.ferguson2022.ecsv
# %ECSV 0.9
# ---
# datatype:
# - {name: ra, unit: deg, datatype: float64}
# - {name: dec, unit: deg, datatype: float64}
# - {name: distance, unit: kpc, datatype: float64}
# - {name: pm_ra_cosdec, unit: mas / yr, datatype: float64}
# - {name: pm_dec, unit: mas / yr, datatype: float64}
# - {name: radial_velocity, unit: km / s, datatype: float64}
# delimiter: ','
# meta: !!omap
# - __serialized_columns__:
#     dec:
#       __class__: astropy.coordinates.angles.Latitude
#       unit: &id001 !astropy.units.Unit {unit: deg}
#       value: !astropy.table.SerializedColumn {name: dec}
#     distance:
#       __class__: astropy.coordinates.distances.Distance
#       unit: !astropy.units.Unit {unit: kpc}
#       value: !astropy.table.SerializedColumn {name: distance}
#     pm_dec:
#       __class__: astropy.units.quantity.Quantity
#       unit: !astropy.units.Unit {unit: mas / yr}
#       value: !astropy.table.SerializedColumn {name: pm_dec}
#     pm_ra_cosdec:
#       __class__: astropy.units.quantity.Quantity
#       unit: !astropy.units.Unit {unit: mas / yr}
#       value: !astropy.table.SerializedColumn {name: pm_ra_cosdec}
#     ra:
#       __class__: astropy.coordinates.angles.Longitude
#       unit: *id001
#       value: !astropy.table.SerializedColumn {name: ra}
#       wrap_angle: !astropy.coordinates.Angle
#         unit: *id001
#         value: 360.0
#     radial_velocity:
#       __class__: astropy.units.quantity.Quantity
#       unit: !astropy.units.Unit {unit: km / s}
#       value: !astropy.table.SerializedColumn {name: radial_velocity}
# schema: astropy-2.0
ra,dec,distance,pm_ra_cosdec,pm_dec,radial_velocity
[from data line 674]
133.17591003531783,-28.660797918191456,32.721750234084794,-0.39666858756839185,-1.232013415474733,1.977010865217168e-09
133.18226823878794,-28.65241337482518,32.71998299329133,-0.3969162587263712,-1.232318570631793,1.968573256553036e-09
133.18862674059227,-28.64402950956732,32.71821372495925,-0.3971639007703067,-1.2326236799654502,1.9601861724916828e-09
133.19498554053897,-28.635646322003875,32.71644243109579,-0.39741151385338513,-1.2329287434451977,1.9517822468960705e-09
133.2013446384362,-28.627263811720944,32.714669113708204,-0.3976590981288023,-1.2332337610405504,1.9433951628347174e-09
133.20770403409216,-28.61888197830475,32.71289377480369,-0.39790665374976153,-1.233538732721048,1.935024920307624e-09
133.21406372731502,-28.610500821341603,32.7111164163895,-0.39815418086947213,-1.233843658456253,1.9266883608490507e-09
133.22042371791304,-28.602120340417873,32.70933704047288,-0.39840167964115064,-1.2341485382157493,1.9183181183219578e-09
133.22678400569433,-28.593740535120208,32.707555649061035,-0.39864915021802244,-1.2344533719691453,1.910032083466163e-09
133.2331445904672,-28.58536140503519,32.70577224416124,-0.39889659275331835,-1.234758159686072,1.9017460486103688e-09
133.2395054720399,-28.57698294974956,32.70398682778071,-0.3991440074002771,-1.2350629013361836,1.893426330686055e-09
133.2458666502207,-28.568605168850198,32.70219940192666,-0.3993913943121441,-1.2353675968891582,1.8851402958302608e-09
133.2522281248179,-28.560228061924057,32.70040996860636,-0.39963875364217294,-1.2356722463146954,1.8768879440429855e-09
133.2585898956397,-28.55185162855823,32.69861852982703,-0.39988608554362354,-1.2359768495825185,1.8686355922557106e-09
133.26495196249448,-28.543475868339875,32.69682508759589,-0.4001333901697628,-1.2362814066623748,1.8604000820026957e-09
133.27131432519056,-28.535100780856297,32.6950296439202,-0.40038066767386604,-1.236585917524034,1.8521477302154209e-09
133.27767698353628,-28.526726365694905,32.69323220080718,-0.40062791820921284,-1.236890382137287,1.8439459030309252e-09
133.28403993733994,-28.518352622443196,32.69143276026407,-0.40087514192909385,-1.2371948004719506,1.8357609173806892e-09
133.29040318640997,-28.509979550688744,32.6896313242981,-0.40112233898680344,-1.237499172497864,1.8275590901961935e-09
133.29676673055465,-28.50160715001936,32.68782789491651,-0.40136950953564443,-1.2378034981848869,1.8193741045459575e-09
133.30313056958244,-28.493235420022852,32.686022474126524,-0.4016166537289276,-1.2381077775029068,1.8112564850327607e-09
133.30949470330168,-28.48486436028713,32.68421506393539,-0.4018637717199691,-1.2384120104218288,1.8031051824510443e-09
133.31585913152082,-28.476493970400263,32.68240566635035,-0.40211086366209275,-1.2387161969115847,1.7950044044721072e-09
133.32222385404833,-28.468124249950403,32.68059428337861,-0.4023579297086297,-1.2390203369421289,1.7868699434246504e-09
133.32858887069258,-28.459755198525833,32.678780917027424,-0.40260497001291734,-1.2393244304834363,1.7788028485142326e-09
133.33495418126205,-28.451386815714905,32.67696556930402,-0.40285198472830136,-1.2396284775055082,1.7707189120695552e-09
133.3413197855652,-28.443019101106113,32.67514824221565,-0.4030989740081327,-1.2399324779783665,1.7626686586933974e-09
133.34768568341053,-28.43465205428804,32.67332893776953,-0.40334593800577084,-1.2402364318720571,1.75456788071446e-09
133.3540518746065,-28.42628567484936,32.671507657972896,-0.40359287687458145,-1.2405403391566485,1.7465513104068217e-09
133.36041835896165,-28.417919962378953,32.66968440483299,-0.4038397907679369,-1.2408441998022317,1.7385178985649234e-09
133.36678513628445,-28.4095549164657,32.66785918035705,-0.4040866798392182,-1.2411480137789221,1.730501328257285e-09
133.37315220638345,-28.401190536698625,32.666031986552305,-0.4043335442418103,-1.2414517810568566,1.7225015994839062e-09
133.37951956906718,-28.392826822666862,32.66420282542599,-0.4045803841291077,-1.2417555016061956,1.7145187122447873e-09
133.38588722414423,-28.38446377395965,32.66237169898534,-0.40482719965451064,-1.2420591753971228,1.706552666539928e-09
133.39225517142313,-28.37610139016635,32.66053860923758,-0.4050739909714264,-1.2423628023998452,1.6986034623693286e-09
133.3986234107125,-28.367739670876414,32.658703558189956,-0.4053207582332688,-1.2426663825845907,1.6906542581987291e-09
133.4049919418209,-28.359378615679404,32.6568665478497,-0.4055675015934593,-1.2429699159216112,1.68268821249387e-09
133.41136076455695,-28.351018224165013,32.65502758022404,-0.40581422120542554,-1.2432734023811836,1.6747895329260496e-09
133.41772987872926,-28.342658495923,32.65318665732024,-0.4060609172226022,-1.2435768419336033,1.6668571702897099e-09
133.4240992841465,-28.334299430543243,32.6513437811455,-0.40630758979843096,-1.2438802345491942,1.658992173790409e-09
133.43046898061723,-28.32594102761582,32.64949895370708,-0.40655423908636,-1.244183580198297,1.6510934942225889e-09
133.43683896795014,-28.3175832867308,32.64765217701218,-0.40680086523984493,-1.2444868788512806,1.6432790223260674e-09
133.4432092459539,-28.309226207478396,32.645803453068076,-0.407047468412347,-1.2447901304785334,1.6354140258267665e-09
133.4495798144372,-28.30086978944894,32.64395278388198,-0.4072940487573353,-1.2450933350504678,1.6275658708617255e-09
133.45595067320872,-28.292514032232866,32.64210017146114,-0.4075406064282846,-1.2453964925375192,1.6197345574309443e-09
133.46232182207714,-28.284158935420734,32.64024561781277,-0.40778714157867785,-1.2456996029101464,1.611970610137202e-09
133.4686932608512,-28.275804498603176,32.63838912494412,-0.408033654362004,-1.2460026661388295,1.6041561382406805e-09
133.47506498933961,-28.267450721370967,32.636530694862415,-0.4082801449317581,-1.2463056821940732,1.5963753494126784e-09
133.4814370073511,-28.259097603314984,32.6346703295749,-0.40852661344144287,-1.2466086510464032,1.5886619267217154e-09
133.48780931469443,-28.250745144026194,32.632808031088814,-0.4087730600445676,-1.2469115726663693,1.580897979427973e-09
133.49418191117846,-28.24239334309564,32.63094380141138,-0.4090194848946469,-1.247214447024545,1.573117190599971e-09
133.50055479661174,-28.23404220011462,32.62907764254984,-0.40926588814520426,-1.2475172740915235,1.565403767909008e-09
133.50692797080322,-28.225691714674394,32.6272095565114,-0.4095122699497683,-1.2478200538379243,1.557673503683785e-09
133.51330143356165,-28.217341886366373,32.62533954530335,-0.409758630461875,-1.2481227862343878,1.5499937640613416e-09
133.51967518469584,-28.208992714782077,32.62346761093288,-0.41000496983506624,-1.2484254712515774,1.542314024438898e-09
133.52604922401457,-28.200644199513153,32.62159375540725,-0.4102512882228912,-1.2487281088601794,1.5347016509534934e-09
133.5324235513267,-28.19229634015132,32.619717980733675,-0.41049758577890555,-1.2490306990309032,1.5269882282625304e-09
133.53879816644113,-28.183949136288447,32.6178402889194,-0.41074386265667107,-1.2493332417344818,1.5193421717086063e-09
133.5451730691666,-28.175602587516487,32.61596068197167,-0.41099011900975635,-1.2496357369416673,1.5117297982232016e-09
133.55154825931203,-28.167256693427504,32.6140791618977,-0.4112363549917375,-1.2499381846232402,1.5041005832035372e-09
133.5579237366863,-28.158911453613683,32.61219573070474,-0.41148257075619554,-1.2502405847499987,1.4964882097181328e-09
133.56429950109825,-28.15056686766726,32.610310390400016,-0.41172876645671885,-1.250542937292767,1.488943202369767e-09
133.57067555235685,-28.14222293518071,32.60842314299076,-0.4119749422469028,-1.2508452422223906,1.4813308288843626e-09
133.5770518902709,-28.1338796557465,32.606533990484216,-0.4122210982803493,-1.2511474995097385,1.4737858215359968e-09
133.5834285146494,-28.12553702895724,32.604642934887615,-0.41246723471066515,-1.2514497091257006,1.466257655721891e-09
133.58980542530125,-28.11719505440566,32.60274997820819,-0.412713351691465,-1.251751871041192,1.4586958068392656e-09
133.59618262203537,-28.108853731684576,32.60085512245318,-0.4129594493763707,-1.2520539852271488,1.4512013240936792e-09
133.60256010466077,-28.100513060386934,32.59895836962982,-0.41320552791900866,-1.2523560516545316,1.443689999813833e-09
133.60893787298633,-28.092173040105784,32.59705972174534,-0.41345158747301297,-1.2526580702943213,1.4361618339997272e-09
133.61531592682107,-28.083833670434277,32.595159180806974,-0.41369762819202455,-1.252960041117524,1.42873471739118e-09
133.62169426597396,-28.075494950965677,32.59325674882195,-0.4139436502296888,-1.2532619640951659,1.4212570761798532e-09
133.62807289025397,-28.067156881293357,32.59135242779753,-0.41418965373966043,-1.253563839198298,1.4137962765027862e-09
133.63445179947018,-28.058819461010774,32.58944621974093,-0.4144356388755971,-1.253865666397993,1.406369159894239e-09
133.6408309934315,-28.050482689711593,32.587538126659375,-0.4146816057911665,-1.2541674456653469,1.3989252017514319e-09
133.64721047194698,-28.042146566989473,32.58562815056011,-0.41492755464004016,-1.2544691769714775,1.3915654512799234e-09
133.65359023482569,-28.03381109243822,32.58371629345039,-0.4151734855758966,-1.2547708602875256,1.3841046516028565e-09
133.6599702818766,-28.02547626565177,32.58180255733741,-0.4154193987524215,-1.2550724955846557,1.376744901131348e-09
133.66635061290884,-28.01714208622413,32.57988694422843,-0.4156652943233058,-1.2553740828340534,1.3693683091255798e-09
133.67273122773142,-28.00880855374946,32.57796945613068,-0.4159111724422472,-1.255675622006927,1.3620590832568508e-09
133.67911212615346,-28.000475667821984,32.5760500950514,-0.4161570332629496,-1.2559771130745085,1.3546656497168229e-09
133.685493307984,-27.992143428036073,32.574128862997824,-0.41640287693912337,-1.2562785560080518,1.3473395823138339e-09
133.69187477303214,-27.98381183398619,32.572205761977166,-0.4166487036244857,-1.256579950778835,1.3399966733765852e-09
133.698256521107,-27.97548088526691,32.57028079399669,-0.41689451347275847,-1.2568812973581551,1.3327379721106352e-09
133.70463855201774,-27.96715058147287,32.5683539610636,-0.41714030663767127,-1.257182595717336,1.3254455877761657e-09
133.71102086557332,-27.95882092219894,32.566425265185174,-0.41738608327296034,-1.2574838458277209,1.3181868865102158e-09
133.71740346158302,-27.950491907039993,32.564494708368606,-0.4176318435323664,-1.2577850476606778,1.3109113437100061e-09
133.72378633985593,-27.942163535591025,32.562562292621145,-0.4178775875696379,-1.2580862011875964,1.3036358009097965e-09
133.7301695002012,-27.933835807447178,32.56062801995003,-0.4181233155385282,-1.2583873063798878,1.2964276242466257e-09
133.736552942428,-27.92550872220365,32.558691892362496,-0.4183690275927988,-1.2586883632089887,1.289219447583455e-09
133.7429366663455,-27.9171822794558,32.55675391186577,-0.41861472388621496,-1.2589893716463547,1.2820112709202842e-09
133.7493206717629,-27.908856478799073,32.554814080467104,-0.4188604045725504,-1.259290331663467,1.2747862527228537e-09
133.75570495848933,-27.900531319829017,32.552872400173705,-0.41910606980558296,-1.2595912432318273,1.267578076059683e-09
133.762089526334,-27.892206802141313,32.55092887299283,-0.4193517197390987,-1.259892106322961,1.2604372655335513e-09
133.76847437510617,-27.883882925331715,32.5489835009317,-0.41959735452688807,-1.2601929209084155,1.2532627719389e-09
133.77485950461505,-27.87555968899608,32.54703628599757,-0.4198429743227484,-1.2604936869597614,1.246138802947028e-09
133.7812449146698,-27.867237092730477,32.54508723019765,-0.4200885792804834,-1.26079440444859,1.2389979924208964e-09
133.7876306050797,-27.858915136130975,32.54313633553919,-0.4203341695539027,-1.2610950733465178,1.2319077064975439e-09
133.79401657565398,-27.85059381879378,32.54118360402942,-0.42057974529682135,-1.2613956936251811,1.2248174205741914e-09
133.80040282620192,-27.842273140315207,32.53922903767557,-0.4208253066630617,-1.2616962652562416,1.2177102931165791e-09
133.80678935653276,-27.833953100291698,32.537272638484886,-0.4210708538064508,-1.26199678821138,1.2106031656589669e-09
133.81317616645575,-27.82563369831979,32.5353144084646,-0.421316386880823,-1.2622972624623023,1.2035802458726533e-09
133.81956325578017,-27.81731493399612,32.533354349621945,-0.42156190604001803,-1.2625976879807355,1.1965236430178202e-09
133.8259506243154,-27.808996806917456,32.531392463964146,-0.4218074114378815,-1.262898064738431,1.1895007232315068e-09
133.8323382718706,-27.800679316680675,32.52942875349845,-0.42205290322826605,-1.2631983927071597,1.1824609619109334e-09
133.8387261982552,-27.79236246288273,32.52746322023209,-0.4222983815650283,-1.2634986718587164,1.1754717251931394e-09
133.84511440327844,-27.784046245120685,32.52549586617229,-0.422543846602033,-1.2637989021649187,1.1684488054068258e-09
133.85150288674967,-27.77573066299181,32.5235266933263,-0.42278929849314967,-1.264099083597607,1.1614764102232916e-09
133.85789164847822,-27.76741571609337,32.52155570370136,-0.42303473739225445,-1.2643992161286421,1.1544703319712379e-09
133.86428068827337,-27.759101404022786,32.51958289930469,-0.4232801634532297,-1.26469929972991,1.1475484613904827e-09
133.87067000594456,-27.750787726377563,32.51760828214352,-0.42352557682996217,-1.2649993343733161,1.1405929077412082e-09
133.8770596013011,-27.742474682755354,32.5156318542251,-0.4237709776763454,-1.2652993200307905,1.1336541956261934e-09
133.88344947415234,-27.734162272753895,32.51365361755665,-0.42401636614628024,-1.2655992566742855,1.126749166579698e-09
133.88983962430774,-27.725850495971038,32.51167357414541,-0.4242617423936702,-1.2658991442757739,1.1198609790674626e-09
133.8962300515766,-27.717539352004735,32.509691725998636,-0.42450710657242874,-1.266198982807253,1.1129559500209672e-09
133.90262075576828,-27.709228840453065,32.507708075123524,-0.424752458836472,-1.2664987722407415,1.1060677625087317e-09
133.90901173669226,-27.700918960914212,32.50572262352734,-0.42499779933972315,-1.26679851254828,1.0992132580650155e-09
133.91540299415797,-27.692609712986407,32.50373537321731,-0.425243128236111,-1.267098203701933,1.0923587536212995e-09
133.9217945279747,-27.684301096268157,32.50174632620065,-0.425488445679571,-1.2673978456737858,1.0855716153146223e-09
133.92818633795198,-27.675993110357904,32.49975548448463,-0.42573375182404316,-1.2676974384359463,1.078666586268127e-09
133.93457842389918,-27.667685754854286,32.497762850076455,-0.42597904682347476,-1.2679969819605454,1.0718962894957098e-09
133.94097078562578,-27.659379029356018,32.49576842498338,-0.4262243308318172,-1.268296476219736,1.0650586265862533e-09
133.9473634229412,-27.651072933461947,32.49377221121263,-0.4264696040030293,-1.2685959211856932,1.0583051713480958e-09
133.9537563356549,-27.642767466771,32.49177421077143,-0.4267148664910745,-1.2688953168306147,1.051551716109938e-09
133.96014952357638,-27.634462628882257,32.48977442566704,-0.42696011844992204,-1.2691946631267188,1.044764577803261e-09
133.96654298651504,-27.626158419394876,32.48777285790667,-0.42720536003354737,-1.269493960046249,1.0380279640993632e-09
133.97293672428037,-27.617854837908112,32.485769509497565,-0.4274505913959329,-1.2697932075614695,1.0312913503954652e-09
133.97933073668193,-27.609551884021375,32.483764382446964,-0.4276958126910635,-1.2700924056446659,1.0245547366915674e-09
133.9857250235292,-27.60124955733411,32.48175747876209,-0.4279410240729329,-1.2703915542681479,1.0178686475904488e-09
133.99211958463155,-27.592947857446,32.47974880045019,-0.4281862256955394,-1.270690653404246,1.0111657169550703e-09
133.99851441979865,-27.584646783956718,32.4777383495185,-0.4284314177128862,-1.2709897030253132,1.0044796278539517e-09
134.00490952883993,-27.576346336466088,32.47572612797425,-0.42867660027898363,-1.2712887031037257,9.978272218213525e-10
134.01130491156488,-27.56804651457404,32.47371213782466,-0.42892177354784733,-1.2715876536118815,9.91191657323013e-10
134.01770056778312,-27.559747317880618,32.47169638107698,-0.429166937673497,-1.2718865545221993,9.84471885153375e-10
