galstreams/tracks/track.st.Phoenix.shipp2019.ecsv
# %ECSV 0.9
# ---
# datatype:
# - {name: ra, unit: deg, datatype: float64}
# - {name: dec, unit: deg, datatype: float64}
# - {name: distance, unit: kpc, datatype: float64}
# - {name: pm_ra_cosdec, unit: mas / yr, datatype: float64}
# - {name: pm_dec, unit: mas / yr, datatype: float64}
# - {name: radial_velocity, unit: km / s, datatype: float64}
# delimiter: ','
# meta: !!omap
# - __serialized_columns__:
#     dec:
#       __class__: astropy.coordinates.angles.Latitude
#       unit: &id001 !astropy.units.Unit {unit: deg}
#       value: !astropy.table.SerializedColumn {name: dec}
#     distance:
#       __class__: astropy.coordinates.distances.Distance
#       unit: !astropy.units.Unit {unit: kpc}
#       value: !astropy.table.SerializedColumn {name: distance}
#     pm_dec:
#       __class__: astropy.units.quantity.Quantity
#       unit: !astropy.units.Unit {unit: mas / yr}
#       value: !astropy.table.SerializedColumn {name: pm_dec}
#     pm_ra_cosdec:
#       __class__: astropy.units.quantity.Quantity
#       unit: !astropy.units.Unit {unit: mas / yr}
#       value: !astropy.table.SerializedColumn {name: pm_ra_cosdec}
#     ra:
#       __class__: astropy.coordinates.angles.Longitude
#       unit: *id001
#       value: !astropy.table.SerializedColumn {name: ra}
#       wrap_angle: !astropy.coordinates.Angle
#         unit: *id001
#         value: 360.0
#     radial_velocity:
#       __class__: astropy.units.quantity.Quantity
#       unit: !astropy.units.Unit {unit: km / s}
#       value: !astropy.table.SerializedColumn {name: radial_velocity}
# schema: astropy-2.0
ra,dec,distance,pm_ra_cosdec,pm_dec,radial_velocity
[from data line 269]
22.041774958994758,-52.78068831261982,17.500000000000718,2.7390559232537717,-0.05087511076976229,1.253736966387901e-09
22.049351612240734,-52.77176671217687,17.50000000000072,2.73888182570335,-0.050812784668216336,1.3058449365365238e-09
22.056922841967726,-52.76284401807839,17.500000000000718,2.738707999576227,-0.050750964158939225,1.3577721233408273e-09
22.0644886514177,-52.75392023113028,17.50000000000072,2.7385344449683635,-0.0506896489353467,1.4095990503864905e-09
22.072049043830372,-52.74499535213768,17.50000000000072,2.7383611619754857,-0.05062883869113588,1.4612728247299794e-09
22.079604022443537,-52.73606938190467,17.500000000000725,2.7381881506930745,-0.0505685331202686,1.5128513391453115e-09
22.087153590492747,-52.727142321234616,17.50000000000073,2.738015411216373,-0.05050873191698888,1.5643017000108859e-09
22.09469775121163,-52.71821417092977,17.500000000000725,2.7378429436403824,-0.050449434775805505,1.6155841718318085e-09
22.10223650783158,-52.70928493179169,17.50000000000073,2.737670748059868,-0.050390641391507854,1.6667953302811e-09
22.109769863582063,-52.700354604620856,17.50000000000073,2.7374988245693506,-0.05033235145915124,1.7178422837713587e-09
22.117297821690315,-52.691423190217044,17.500000000000732,2.737327173263118,-0.05027456467407029,1.7687818724807118e-09
22.12482038538162,-52.68249068937889,17.500000000000732,2.737155794235216,-0.05021728073186635,1.819556203635141e-09
22.132337557879076,-52.67355710290439,17.500000000000732,2.7369846875794543,-0.050160499328418096,1.8702726420155527e-09
22.139849342403803,-52.664622431590416,17.50000000000074,2.736813853389403,-0.050104220159872606,1.9208111916903455e-09
22.14735574217472,-52.65568667623316,17.500000000000732,2.7366432917584023,-0.05004844292265294,1.9712255350499726e-09
22.15485676040883,-52.646749837627716,17.50000000000074,2.7364730027795447,-0.04999316731344917,2.0215433027365792e-09
22.162352400320852,-52.63781191656847,17.50000000000074,2.7363029865456974,-0.04993839302922994,2.0716992338049087e-09
22.169842665123642,-52.628872913848724,17.500000000000743,2.736133243149486,-0.04988411976722819,2.1217454317515766e-09
22.177327558027784,-52.61993283026111,17.500000000000746,2.7359637726833004,-0.0498303472249558,2.171676107299182e-09
22.184807082241957,-52.610991666597144,17.500000000000743,2.7357945752393,-0.049777075100189055,2.221459682570987e-09
22.192281240972637,-52.602049423647635,17.500000000000743,2.7356256509094066,-0.04972430309098026,2.2711632605550588e-09
22.199750037424227,-52.59310610220245,17.500000000000743,2.735456999785308,-0.0496720308956539,2.3206781607256264e-09
22.20721347479916,-52.58416170305045,17.500000000000743,2.7352886219584605,-0.04962025821280017,2.3701022745005755e-09
22.214671556297663,-52.57521622697984,17.500000000000753,2.7351205175200817,-0.04956898474128603,2.41936955148773e-09
22.222124285118024,-52.566269674777686,17.50000000000075,2.734952686561168,-0.04951821018024219,2.4685457789302933e-09
22.2295716644563,-52.55732204723043,17.500000000000753,2.7347851291724696,-0.04946793422907841,2.517573064054247e-09
22.237013697506622,-52.54837334512333,17.500000000000753,2.7346178454445154,-0.049418156587467565,2.5664729850753612e-09
22.24445038746091,-52.53942356924108,17.500000000000757,2.734450835467597,-0.04936887695535806,2.6152660676135156e-09
22.251881737509155,-52.530472720367214,17.500000000000753,2.7342840993317785,-0.049320095032963446,2.663908628939223e-09
22.259307750839117,-52.52152079928461,17.50000000000076,2.7341176371268885,-0.04927181052077296,2.7124356678658675e-09
22.266728430636636,-52.51256780677505,17.50000000000076,2.7339514489425314,-0.04922402311954006,2.7608311323061077e-09
22.27414378008534,-52.503613743619674,17.500000000000764,2.733785534868077,-0.04917673253029247,2.809118179369551e-09
22.28155380236692,-52.494658610598506,17.500000000000767,2.7336198949926684,-0.04912993845432365,2.8572965459072247e-09
22.288958500660836,-52.485702408490916,17.500000000000767,2.733454529405219,-0.0490836405932011,2.905289129270095e-09
22.29635787814465,-52.47674513807516,17.500000000000764,2.7332894381944133,-0.04903783864875538,2.95320434683496e-09
22.3037519379937,-52.46778680012888,17.500000000000767,2.733124621448706,-0.04899253232309307,3.0009548331428465e-09
22.311140683381378,-52.458827395428585,17.500000000000767,2.7329600792563284,-0.048947721318582854,3.048629006248619e-09
22.318524117478873,-52.44986692475014,17.500000000000774,2.732795811705279,-0.04890340533786971,3.096134237713848e-09
22.325902243455467,-52.44090538886832,17.500000000000778,2.7326318188833323,-0.04885958408385866,3.1435247362269326e-09
22.33327506447819,-52.431942788557244,17.500000000000774,2.7324681008780405,-0.04881625725973174,3.1907849759984773e-09
22.34064258371219,-52.422979124589965,17.500000000000778,2.7323046577767176,-0.048773424568931946,3.237931009115823e-09
22.348004804320396,-52.414014397738775,17.500000000000778,2.7321414896664655,-0.04873108571517523,3.2849486255344376e-09
22.3553617294637,-52.405048608775154,17.50000000000078,2.7319785966341517,-0.048689240402445884,3.3318267729974643e-09
22.362713362301008,-52.3960817584695,17.50000000000078,2.7318159787664213,-0.04864788833499188,3.378576766910733e-09
22.370059705989053,-52.3871138475916,17.500000000000785,2.731653636149697,-0.04860702921733388,3.4252157119574766e-09
22.377400763682594,-52.378144876910135,17.500000000000785,2.7314915688701746,-0.04856666275425474,3.47173755571132e-09
22.38473653853422,-52.36917484719315,17.500000000000792,2.7313297770138263,-0.04852678865081145,3.518115720126011e-09
22.392067033694573,-52.360203759207586,17.50000000000079,2.731168260666403,-0.048487406612321246,3.5643754675029373e-09
22.3993922523121,-52.351231613719754,17.500000000000792,2.7310070199134304,-0.04844851634437514,3.6105170609910726e-09
22.406712197533324,-52.3422584114949,17.500000000000792,2.7308460548402134,-0.04841011755282543,3.6565120805013537e-09
22.414026872502554,-52.333284153297576,17.500000000000796,2.7306853655318326,-0.048372209943795125,3.702393945953327e-09
22.42133628036218,-52.324308839891295,17.500000000000796,2.73052495207315,-0.04833479322367202,3.748144763216842e-09
22.428640424252386,-52.31533247203891,17.500000000000803,2.7303648145488033,-0.04829786709911174,3.793784794762804e-09
22.435939307311425,-52.3063550505022,17.500000000000806,2.730204953043212,-0.04826143127703419,3.839279304926804e-09
22.443232932675365,-52.29737657604231,17.500000000000806,2.7300453676405714,-0.04822548546462918,3.884640398561589e-09
22.450521303478343,-52.28839704941929,17.500000000000806,2.7298860584248588,-0.04819002936934712,3.92988860128704e-09
22.45780442285228,-52.279416471392565,17.50000000000081,2.7297270254798347,-0.048155062698910824,3.975035228508986e-09
22.4650822939272,-52.27043484272048,17.50000000000081,2.7295682688890333,-0.04812058516130266,4.0200294924756765e-09
22.472354919830906,-52.261452164160744,17.500000000000814,2.7294097887357758,-0.048086596464776504,4.0649153390655704e-09
22.479622303689283,-52.25246843646999,17.500000000000814,2.7292515851031642,-0.04805309631784643,4.109647769804316e-09
22.486884448626025,-52.2434836604042,17.50000000000082,2.729093658074077,-0.04802008442929595,4.1542633623991345e-09
22.494141357762896,-52.23449783671833,17.500000000000817,2.7289360077311833,-0.04798756050816951,4.1987573801685165e-09
22.50139303421951,-52.2255109661666,17.50000000000082,2.7287786341569262,-0.047955524263780434,4.243128507367596e-09
22.5086394811134,-52.21652304950239,17.500000000000824,2.728621537433538,-0.04792397540570813,4.287358060419305e-09
22.515880701560157,-52.20753408747808,17.500000000000828,2.7284647176430306,-0.04789291364378842,4.331460249368174e-09
22.52311669867319,-52.19854408084539,17.50000000000083,2.728308174867205,-0.04786233868813229,4.375476388602936e-09
22.53034747556396,-52.189553030355015,17.500000000000828,2.7281519091876403,-0.047832250249106464,4.419337796241685e-09
22.537573035341754,-52.18056093675698,17.50000000000083,2.7279959206857014,-0.04780264803734911,4.463082365736508e-09
22.54479338111393,-52.17156780080027,17.50000000000084,2.727840209442541,-0.04777353176375554,4.506675361422993e-09
22.55200851598566,-52.16257362323321,17.500000000000835,2.727684775539096,-0.04774490113949125,4.55015888713679e-09
22.55921844306019,-52.153578404803106,17.500000000000842,2.727529619056086,-0.047716755875978886,4.59351531189672e-09
22.566423165438582,-52.144582146256596,17.50000000000084,2.7273747400740223,-0.04768909568491269,4.636762792981908e-09
22.573622686219974,-52.13558484833927,17.500000000000842,2.7272201386731982,-0.047661920278242564,4.679872910303289e-09
22.580817008501313,-52.126586511796106,17.500000000000846,2.727065814933694,-0.047635229368187496,4.722873557651982e-09
22.58800613537764,-52.11758713737102,17.500000000000846,2.7269117689353806,-0.04760902266722568,4.7657249995330924e-09
22.595190069941786,-52.10858672580725,17.50000000000085,2.7267580007579126,-0.047583299888102504,4.808451971950065e-09
22.602368815284684,-52.09958527784706,17.500000000000853,2.726604510480736,-0.04755806074381988,4.851046054135769e-09
22.609542374495085,-52.09058279423204,17.500000000000856,2.726451298183083,-0.04753330494764993,4.893526192816247e-09
22.6167107506598,-52.08157927570275,17.500000000000856,2.7262983639439775,-0.047509032213119674,4.935890019650743e-09
22.62387394686346,-52.07257472299907,17.500000000000863,2.7261457078422255,-0.047485242254025575,4.978112272337869e-09
22.63103196618879,-52.0635691368599,17.50000000000086,2.7259933299564323,-0.04746193478442105,5.020191371983787e-09
22.63818481171635,-52.054562518023495,17.50000000000086,2.7258412303649866,-0.04743910951862462,5.0621988951091e-09
22.64533248652474,-52.045554867227025,17.500000000000863,2.725689409146068,-0.047416766171213834,5.104060107405533e-09
22.65247499369044,-52.03654618520704,17.500000000000867,2.7255378663776484,-0.04739490445703112,5.145768956446708e-09
22.659612336287875,-52.02753647269921,17.50000000000087,2.725386602137493,-0.047373524091179835,5.187383071857674e-09
22.666744517389525,-52.01852573043823,17.50000000000087,2.725235616503153,-0.04735262478902107,5.228863244441479e-09
22.673871540065683,-52.009513959158184,17.500000000000874,2.725084909551975,-0.04733220626618405,5.270201316579968e-09
22.68099340738473,-52.0005011595921,17.500000000000878,2.7249344813610974,-0.04731226823855095,5.3114246557663125e-09
22.688110122412883,-51.99148733247238,17.500000000000878,2.724784332007452,-0.04729281042227245,5.352528262170029e-09
22.695221688214424,-51.982472478530404,17.50000000000088,2.7246344615677582,-0.04727383253375303,5.393475294934924e-09
22.702328107851475,-51.97345659849694,17.500000000000885,2.724484870118538,-0.04725533428966433,5.434348909136406e-09
22.709429384384233,-51.96443969310167,17.500000000000888,2.7243355577360986,-0.0472373154069326,5.475067528592904e-09
22.716525520870725,-51.9554217630737,17.50000000000089,2.724186524496549,-0.047219775602750556,5.515671151948285e-09
22.723616520367074,-51.94640280914111,17.50000000000089,2.7240377704757845,-0.047202714594563766,5.556114780728198e-09
22.730702385927216,-51.937382832031325,17.50000000000089,2.7238892957495016,-0.04718613210008453,5.5964876224344245e-09
22.737783120603176,-51.92836183247074,17.50000000000089,2.7237411003931884,-0.0471700278372799,5.636688891010381e-09
22.74485872744481,-51.919339811185175,17.5000000000009,2.7235931844821306,-0.04715440152438086,5.6767851631461866e-09
22.75192920950009,-51.91031676889938,17.500000000000902,2.7234455480914073,-0.04713925287987327,5.71674722930586e-09
22.75899456981476,-51.90129270633751,17.500000000000902,2.723298191295901,-0.04712458162250773,5.756599562343872e-09
22.76605481143271,-51.892267624222654,17.500000000000906,2.723151114170281,-0.04711038747128752,5.796302426765329e-09
22.773109937395628,-51.88324152327734,17.50000000000091,2.723004316789019,-0.04709667014548129,5.835907662917873e-09
22.7801599507433,-51.874214404223046,17.500000000000913,2.7228577992263845,-0.04708342936461146,5.875377903647367e-09
22.787204854513355,-51.86518626778063,17.500000000000913,2.7227115615564443,-0.04707066484846349,5.914709464868191e-09
22.794244651741508,-51.85615711466993,17.500000000000913,2.722565603853063,-0.04705837631707695,5.953939976883457e-09
22.801279345461325,-51.847126945610114,17.500000000000913,2.722419926189903,-0.04704656349075252,5.993023651771896e-09
22.808308938704357,-51.83809576131956,17.500000000000913,2.722274528640427,-0.047035226090051216,6.031971015492419e-09
22.815333434500204,-51.82906356251564,17.50000000000092,2.722129411277895,-0.04702436383578518,6.070839171372127e-09
22.822352835876313,-51.82003034991514,17.500000000000927,2.7219845741753703,-0.04701397644903142,6.10955785863528e-09
22.82936714585821,-51.810996124233824,17.500000000000927,2.7218400174057122,-0.04700406365112048,6.148146550305866e-09
22.83637636746926,-51.801960886186826,17.500000000000927,2.7216957410415836,-0.04699462516364415,6.186594983573944e-09
22.84338050373094,-51.792924636488294,17.50000000000093,2.721551745155445,-0.04698566070844555,6.2249276312939875e-09
22.850379557662553,-51.78388737585176,17.500000000000934,2.7214080298195613,-0.046977170007632685,6.2631279150807076e-09
22.857373532281503,-51.77484910498971,17.500000000000934,2.721264595105998,-0.046969152783562416,6.30123188634338e-09
22.86436243060301,-51.765809824614074,17.50000000000094,2.721121441086618,-0.04696160875885726,6.339177178775449e-09
22.871346255640443,-51.75676953543573,17.50000000000094,2.720978567833095,-0.0469545376563875,6.3770064225105096e-09
22.878325010404964,-51.74772823816497,17.50000000000095,2.720835975416897,-0.04694793919928764,6.414727248868772e-09
22.88529869790585,-51.73868593351105,17.50000000000095,2.720693663909302,-0.04694181311094346,6.4523104483142565e-09
22.89226732115023,-51.72964262218266,17.50000000000095,2.7205516333813846,-0.04693615911500031,6.489799966725421e-09
22.899230883143318,-51.72059830488747,17.50000000000095,2.7204098839040274,-0.046930976935356444,6.527143174307704e-09
22.906189386888173,-51.711552982332506,17.500000000000956,2.7202684155479147,-0.04692626629616925,6.564354017956664e-09
22.913142835385962,-51.70250665522385,17.500000000000956,2.720127228383539,-0.04692202692184898,6.601428024139764e-09
22.9200912316357,-51.69345932426693,17.50000000000096,2.7199863224811907,-0.046918258537064925,6.6383512459614444e-09
22.927034578634498,-51.684410990166214,17.500000000000963,2.719845697910973,-0.0469149608667365,6.6752105225827325e-09
22.933972879377347,-51.67536165362548,17.500000000000963,2.7197053547427905,-0.04691213363604328,6.711922962077194e-09
22.9409061368572,-51.66631131534773,17.500000000000966,2.719565293046353,-0.04690977657041912,6.748506195426006e-09
22.94783435406511,-51.657259976034986,17.500000000000966,2.7194255128911777,-0.04690788939555057,6.784952065011012e-09
22.95475753398996,-51.648207636388726,17.500000000000973,2.719286014346588,-0.04690647183738002,6.8213139900736915e-09
22.961675679618732,-51.639154297109364,17.50000000000097,2.7191467974817156,-0.04690552362210459,6.857498026430753e-09
22.968588793936263,-51.63009995889676,17.500000000000977,2.719007862365497,-0.0469050444761777,6.893590486945277e-09
22.97549687992551,-51.62104462244975,17.50000000000098,2.718869209066678,-0.046905034126302085,6.929550846675451e-09
22.98239994056727,-51.61198828846659,17.50000000000098,2.7187308376538137,-0.046905492299440674,6.9653793687702484e-09
22.989297978840444,-51.60293095764454,17.50000000000098,2.718592748195262,-0.0469064187228043,7.00107157969713e-09
22.996190997721783,-51.59387263068026,17.500000000000984,2.718454940759195,-0.04690781312386414,7.036673530526339e-09
23.00307900018617,-51.58481330826941,17.500000000000988,2.7183174154135923,-0.0469096752303368,7.072147854103737e-09
