galstreams/tracks/track.st.Orphan-Chenab.ibata2021.ecsv
# %ECSV 1.0
# ---
# datatype:
# - {name: ra, unit: deg, datatype: float64}
# - {name: dec, unit: deg, datatype: float64}
# - {name: distance, unit: kpc, datatype: float64}
# - {name: pm_ra_cosdec, unit: mas / yr, datatype: float64}
# - {name: pm_dec, unit: mas / yr, datatype: float64}
# - {name: radial_velocity, unit: km / s, datatype: float64}
# delimiter: ','
# meta: !!omap
# - __serialized_columns__:
#     dec:
#       __class__: astropy.coordinates.angles.Latitude
#       unit: &id001 !astropy.units.Unit {unit: deg}
#       value: !astropy.table.SerializedColumn {name: dec}
#     distance:
#       __class__: astropy.coordinates.distances.Distance
#       unit: !astropy.units.Unit {unit: kpc}
#       value: !astropy.table.SerializedColumn {name: distance}
#     pm_dec:
#       __class__: astropy.units.quantity.Quantity
#       unit: !astropy.units.Unit {unit: mas / yr}
#       value: !astropy.table.SerializedColumn {name: pm_dec}
#     pm_ra_cosdec:
#       __class__: astropy.units.quantity.Quantity
#       unit: !astropy.units.Unit {unit: mas / yr}
#       value: !astropy.table.SerializedColumn {name: pm_ra_cosdec}
#     ra:
#       __class__: astropy.coordinates.angles.Longitude
#       unit: *id001
#       value: !astropy.table.SerializedColumn {name: ra}
#       wrap_angle: !astropy.coordinates.Angle
#         unit: *id001
#         value: 360.0
#     radial_velocity:
#       __class__: astropy.units.quantity.Quantity
#       unit: !astropy.units.Unit {unit: km / s}
#       value: !astropy.table.SerializedColumn {name: radial_velocity}
# schema: astropy-2.0
ra,dec,distance,pm_ra_cosdec,pm_dec,radial_velocity
[from data line 2646]
155.55203375289952,15.062017206948239,22.28966249310247,-1.2134062428768115,-0.025829373802075117,172.6490784188103
155.55562643074632,15.052643203185708,22.286781255735395,-1.2137511346950531,-0.025450223035747788,172.67678090163798
155.55921900498302,15.043269222484996,22.283900276298894,-1.2140960504947524,-0.025070919228786237,172.70447998123905
155.56281147566966,15.03389526482262,22.281019554927735,-1.2144409902587148,-0.024691462441733425,172.73217565331714
155.5664038428662,15.024521330175304,22.278139091756678,-1.2147859539697587,-0.024311852735134587,172.75986791357613
155.5699961066325,15.015147418519614,22.275258886920483,-1.215130941610715,-0.0239320901695384,172.78755675771978
155.5735882670286,15.005773529832144,22.272378940553917,-1.2154759531644301,-0.023552174805497095,172.81524218145185
155.57718032411432,14.99639966408965,22.269499252791753,-1.2158209886137579,-0.023172106703566175,172.84292418047625
155.58077227794962,14.987025821268738,22.266619823768725,-1.2161660479415732,-0.022791885924303867,172.8706027504966
155.5843641285944,14.977652001346021,22.263740653619614,-1.2165111311307575,-0.02241151252827117,172.89827788721684
155.58795587610842,14.968278204298278,22.260861742479168,-1.2168562381642078,-0.022030986576033196,172.92594958634072
155.59154752055167,14.958904430102088,22.257983090482163,-1.217201369024835,-0.02165030812815638,172.95361784357178
155.59513906198387,14.94953067873425,22.255104697763354,-1.2175465236955594,-0.021269477245212498,172.9812826546143
155.59873050046494,14.94015695017141,22.252226564457505,-1.2178917021593187,-0.020888493987774925,173.0089440151717
155.60232183605467,14.930783244390224,22.249348690699374,-1.2182369043990608,-0.02050735841642043,173.03660192094793
155.60591306881284,14.921409561367518,22.24647107662372,-1.2185821303977478,-0.020126070591728884,173.06425636764666
155.60950419879927,14.912035901079916,22.243593722365315,-1.218927380138354,-0.019744630574283828,173.09190735097184
155.61309522607368,14.902662263504245,22.240716628058912,-1.2192726536038674,-0.019363038424670576,173.11955486662706
155.61668615069587,14.893288648617219,22.237839793839278,-1.2196179507772889,-0.018981294203479326,173.1471989103163
155.62027697272558,14.88391505639552,22.234963219841166,-1.2199632716416322,-0.018599397971301224,173.17483947774318
155.6238676922225,14.87454148681601,22.232086906199353,-1.2203086161799226,-0.018217349788732573,173.20247656461171
155.6274583092464,14.865167939855372,22.229210853048578,-1.2206539843752016,-0.017835149716371235,173.23011016662545
155.63104882385696,14.855794415490484,22.226335060523617,-1.2209993762105202,-0.01745279781481912,173.25774027948833
155.63463923611383,14.846420913698063,22.223459528759236,-1.2213447916689448,-0.017070294144680254,173.28536689890416
155.63822954607673,14.83704743445488,22.22058425789019,-1.2216902307335538,-0.01668763876656304,173.31299002057656
155.64181975380532,14.827673977737817,22.21770924805124,-1.2220356933874386,-0.016304831741076553,173.3406096402094
155.64540985935923,14.818300543523602,22.21483449937715,-1.2223811796137027,-0.01592187312883675,173.36822575350664
155.64899986279806,14.80892713178914,22.211960012002677,-1.2227266893954645,-0.01553876299045881,173.39583835617188
155.6525897641815,14.799553742511234,22.209085786062587,-1.223072222715854,-0.015155501386563242,173.4234474439089
155.65617956356908,14.790180375666651,22.206211821691646,-1.2234177795580128,-0.01477208837777283,173.45105301242162
155.65976926102041,14.780807031232342,22.203338119024604,-1.2237633599050985,-0.014388524024713523,173.4786550574138
155.6633588565951,14.77143370918512,22.200464678196234,-1.2241089637402798,-0.014004808388014378,173.50625357458907
155.66694835035267,14.762060409501789,22.197591499341286,-1.224454591046738,-0.013620941528306618,173.5338485596514
155.67053774235265,14.752687132159338,22.194718582594533,-1.2248002418076682,-0.01323692350622685,173.56144000830457
155.67412703265464,14.74331387713452,22.19184592809073,-1.225145916006278,-0.012852754382412068,173.58902791625238
155.67771622131812,14.733940644404344,22.188973535964642,-1.2254916136257878,-0.012468434217503321,173.61661227919845
155.68130530840256,14.724567433945666,22.186101406351025,-1.2258373346494307,-0.012083963072145765,173.64419309284673
155.68489429396755,14.715194245735313,22.183229539384644,-1.226183079060454,-0.011699341006985553,173.67177035290095
155.6884831780725,14.705821079750326,22.180357935200266,-1.226528846842116,-0.011314568082673115,173.69934405506493
155.69207196077684,14.696447935967514,22.177486593932645,-1.226874637977689,-0.010929644359862434,173.72691419504238
155.69566064214007,14.68707481436392,22.17461551571655,-1.2272204524504566,-0.010544569899209322,173.7544807685373
155.6992492222216,14.677701714916427,22.171744700686727,-1.227566290243719,-0.01015934476137298,173.78204377125326
155.7028377010809,14.668328637601922,22.168874148977956,-1.2279121513407847,-0.009773969007015215,173.80960319889414
155.70642607877735,14.658955582397484,22.166003860724995,-1.2282580357249784,-0.009388442696802224,173.83715904716374
155.71001435537033,14.649582549279968,22.163133836062592,-1.2286039433796345,-0.009002765891401643,173.86471131176577
155.71360253091925,14.640209538226447,22.160264075125525,-1.2289498742881046,-0.008616938651484607,173.8922599884041
155.7171906054834,14.630836549213857,22.157394578048546,-1.2292958284337487,-0.00823096103772708,173.9198050727825
155.72077857912225,14.62146358221913,22.154525344966416,-1.2296418057999428,-0.00784483311080414,173.94734656060476
155.72436645189504,14.612090637219383,22.151656376013904,-1.2299878063700738,-0.007458554931397521,173.97488444757468
155.72795422386116,14.602717714191503,22.14878767132577,-1.230333830127542,-0.007072126560190017,174.00241872939606
155.73154189507986,14.593344813112624,22.145919231036768,-1.23067987705576,-0.00668554805786864,174.02994940177268
155.7351294656105,14.583971933959702,22.143051055281674,-1.2310259471381548,-0.006298819485121732,174.05747646040825
155.73871693551234,14.574599076709736,22.140183144195237,-1.2313720403581654,-0.0059119409026416325,174.08499990100677
155.74230430484465,14.565226241339873,22.137315497912216,-1.2317181566992432,-0.005524912371124402,174.11251971927172
155.74589157366665,14.555853427827042,22.134448116567377,-1.2320642961448507,-0.005137733951267709,174.14003591090724
155.74947874203767,14.546480636148411,22.131581000295494,-1.2324104586784674,-0.004750405703772387,174.1675484716168
155.75306581001684,14.537107866281,22.12871414923131,-1.232756644283582,-0.004362927689343765,174.19505739710436
155.75665277766345,14.527735118201823,22.125847563509602,-1.2331028529436974,-0.003975299968688117,174.22256268307376
155.76023964503668,14.51836239188808,22.122981243265116,-1.2334490846423303,-0.0035875226025153806,174.2500643252286
155.7638264121957,14.508989687316749,22.120115188632628,-1.233795339363006,-0.0031995956515391,174.27756231927287
155.76741307919968,14.499617004465042,22.117249399746886,-1.2341416170892678,-0.0028115191764760405,174.30505666091022
155.7709996461078,14.490244343310001,22.114383876742664,-1.2344879178046684,-0.0024232932380439665,174.33254734584455
155.77458611297922,14.480871703828713,22.111518619754715,-1.2348342414927744,-0.0020349178969658044,174.3600343697796
155.77817247987306,14.471499085998387,22.108653628917804,-1.2351805881371656,-0.0016463932139655912,174.3875177284191
155.78175874684845,14.462126489796058,22.105788904366698,-1.2355269577214332,-0.0012577192497720269,174.41499741746702
155.78534491396445,14.452753915198983,22.10292444623615,-1.2358733502291823,-0.0008688960651154765,174.44247343262694
155.7889309812802,14.443381362184246,22.100060254660928,-1.2362197656440292,-0.00047992372073013545,174.46994576960276
155.79251694885477,14.434008830728963,22.097196329775784,-1.236566203949605,-9.080227735214219e-05,174.4974144240982
155.7961028167472,14.424636320810405,22.094332671715488,-1.2369126651295528,0.00029846820427825715,174.5248793918171
155.7996885850166,14.41526383240563,22.091469280614803,-1.2372591491675264,0.0006878876634188735,174.55234066846336
155.80327425372195,14.405891365491943,22.08860615660848,-1.2376056560471953,0.0010774560393236876,174.5797982497405
155.80685982292232,14.396518920046468,22.085743299831304,-1.2379521857522406,0.0014671732712447372,174.6072521313526
155.8104452926767,14.387146496046372,22.082880710418,-1.2382987382663548,0.0018570392984302297,174.63470230900322
155.81403066304406,14.37777409346895,22.080018388503365,-1.2386453135732447,0.002247054060125764,174.66214877839633
155.8176159340834,14.368401712291373,22.077156334222146,-1.2389919116566284,0.002637217495574551,174.68959153523562
155.82120110585373,14.359029352490815,22.074294547709094,-1.2393385325002395,0.0030275295440160277,174.71703057522487
155.82478617841397,14.34965701404462,22.07143302909898,-1.23968517608782,0.003417990144687244,174.74446589406793
155.8283711518231,14.340284696929922,22.06857177852658,-1.2400318424031274,0.0038085992368218635,174.7718974874686
155.83195602613995,14.330912401124058,22.06571079612663,-1.2403785314299314,0.00419935675965144,174.79932535113062
155.83554080142358,14.32154012660427,22.062850082033908,-1.240725243152015,0.004590262652403587,174.82674948075768
155.8391254777328,14.312167873347734,22.059989636383175,-1.2410719775531718,0.004981316854304085,174.8541698720538
155.84271005512653,14.302795641331853,22.057129459309184,-1.2414187346172105,0.005372519304574719,174.88158652072264
155.84629453366364,14.293423430533798,22.054269550946703,-1.2417655143279502,0.005763869942435607,174.90899942246796
155.849878913403,14.284051240930966,22.05140991143049,-1.2421123166692243,0.006155368707102371,174.9364085729936
155.85346319440342,14.274679072500607,22.048550540895313,-1.2424591416248774,0.006547015537789247,174.9638139680034
155.8570473767238,14.26530692521997,22.045691439475927,-1.2428059891787675,0.006938810373707138,174.99121560320108
155.86063146042295,14.255934799066477,22.042832607307098,-1.2431528593147672,0.007330753154063507,175.01861347429045
155.86421544555967,14.246562694017355,22.039974044523586,-1.2434997520167566,0.007722843818063596,175.0460075769752
155.86779933219267,14.237190610050037,22.03711575126015,-1.2438466672686324,0.008115082304908872,175.07339790695937
155.87138312038087,14.227818547141808,22.03425772765155,-1.244193605054305,0.008507468553799025,175.1007844599465
155.874966810183,14.218446505269972,22.031399973832556,-1.244540565357693,0.008900002503930582,175.12816723164045
155.87855040165778,14.209074484411987,22.02854248993792,-1.2448875481627322,0.00929268409449635,175.15554621774513
155.88213389486395,14.199702484545103,22.02568527610241,-1.2452345534533658,0.009685513264687362,175.1829214139642
155.88571728986025,14.190330505646813,22.022828332460794,-1.245581581213554,0.01007848995369115,175.21029281600147
155.88930058670545,14.180958547694447,22.019971659147817,-1.2459286314272688,0.01047161410069225,175.23766041956074
155.89288378545822,14.171586610665328,22.017115256298254,-1.246275704078494,0.010864885644873423,175.26502422034585
155.8964668861772,14.162214694536974,22.014259124046866,-1.2466227991512244,0.011258304525412877,175.2923842140606
155.90004988892113,14.152842799286734,22.0114032625284,-1.24696991662947,0.011651870681486542,175.3197403964086
155.90363279374864,14.143470924891966,22.008547671877633,-1.2473170564972524,0.012045584052269187,175.3470927630938
155.9072156007184,14.134099071330208,22.005692352229325,-1.2476642187386051,0.012439444576929803,175.37444130982007
155.91079830988906,14.124727238578773,22.002837303718227,-1.2480114033375753,0.012833452194637107,175.40178603229097
155.91438092131918,14.115355426615213,21.999982526479116,-1.2483586102782218,0.013227606844555428,175.42912692621047
155.9179634350674,14.105983635416914,21.997128020646738,-1.2487058395446153,0.013621908465846655,175.45646398728238
155.92154585119238,14.096611864961297,21.994273786355865,-1.2490530911208417,0.014016356997669621,175.48379721121026
155.9251281697526,14.087240115225912,21.991419823741257,-1.2494003649909955,0.014410952379181496,175.51112659369818
155.92871039080674,14.077868386188129,21.988566132937677,-1.2497476611391884,0.014805694549534898,175.53845213044968
155.93229251441323,14.068496677825545,21.985712714079877,-1.250094979549539,0.015200583447880167,175.56577381716872
155.93587454063075,14.059124990115576,21.98285956730263,-1.2504423202061845,0.015595619013365702,175.59309164955906
155.93945646951775,14.049753323035679,21.980006692740695,-1.2507896830932688,0.01599080118513657,175.6204056233246
155.94303830113276,14.040381676563463,21.977154090528828,-1.2511370681949532,0.016386129902334345,175.6477157341688
155.9466200355343,14.031010050676333,21.974301760801797,-1.2514844754954078,0.01678160510409804,175.6750219777957
155.95020167278082,14.021638445351913,21.971449703694358,-1.2518319049788174,0.0171772267295649,175.70232434990905
155.95378321293083,14.012266860567674,21.968597919341274,-1.2521793566293784,0.01757299471786783,175.72962284621275
155.9573646560428,14.002895296301107,21.96574640787732,-1.2525268304312986,0.017968909008137968,175.75691746241043
155.9609460021752,13.99352375252986,21.962895169437232,-1.2528743263688022,0.018364969539503506,175.78420819420586
155.96452725138647,13.98415222923139,21.960044204155793,-1.253221844426121,0.018761176251088973,175.81149503730288
155.96810840373496,13.974780726383338,21.95719351216776,-1.2535693845875011,0.01915752908201701,175.83877798740536
155.97168945927916,13.965409243963245,21.954343093607882,-1.2539169468372018,0.019554027971406984,175.86605704021707
155.97527041807746,13.956037781948627,21.951492948610927,-1.254264531159496,0.019950672858375873,175.8933321914417
155.97885128018822,13.946666340317172,21.948643077311672,-1.2546121375386643,0.020347463682037825,175.92060343678307
155.98243204566984,13.93729491904636,21.94579347984486,-1.2549597659590042,0.020744400381503603,175.9478707719451
155.98601271458065,13.927923518113914,21.94294415634526,-1.2553074164048255,0.021141482895881525,175.97513419263137
155.98959328697902,13.91855213749738,21.940095106947634,-1.2556550888604465,0.021538711164276914,176.00239369454587
155.9931737629233,13.909180777174328,21.937246331786735,-1.2560027833102023,0.021936085125793203,176.02964927339224
155.99675414247181,13.899809437122483,21.93439783099734,-1.2563504997384385,0.022333604719529998,176.05690092487436
156.00033442568284,13.890438117319375,21.931549604714206,-1.256698238129512,0.022731269884584404,176.08414864469594
156.00391461261464,13.88106681774275,21.928701653072082,-1.2570459984677944,0.023129080560050863,176.1113924285609
156.0074947033256,13.871695538370208,21.925853976205747,-1.2573937807376687,0.023527036685020986,176.13863227217283
156.0110746978739,13.86232427917935,21.92300657424994,-1.257741584923529,0.023925138198583884,176.16586817123576
156.01465459631785,13.852953040147943,21.920159447339454,-1.2580894110097842,0.024323385039824952,176.1931001214533
156.0182343987157,13.843581821253567,21.91731259560902,-1.258437258980853,0.02472177714782814,176.22032811852938
156.0218141051256,13.834210622473998,21.914466019193416,-1.2587851288211698,0.025120314461673565,176.24755215816768
156.02539371560587,13.824839443786868,21.911619718227406,-1.2591330205151767,0.025518996920439074,176.27477223607207
156.0289732302147,13.815468285169837,21.908773692845745,-1.2594809340473327,0.025917824463199846,176.30198834794615
156.03255264901017,13.806097146600713,21.90592794318319,-1.259828869402106,0.02631679702902756,176.32920048949399
156.0361319720506,13.79672602805709,21.903082469374514,-1.2601768265639797,0.02671591455699235,176.35640865641915
156.0397111993941,13.787354929516805,21.90023727155447,-1.2605248055174463,0.027115176986160228,176.3836128444256
