galstreams/tracks/track.st.Hermus.grillmair2014.ecsv
# %ECSV 0.9
# ---
# datatype:
# - {name: ra, unit: deg, datatype: float64}
# - {name: dec, unit: deg, datatype: float64}
# - {name: distance, unit: kpc, datatype: float64}
# - {name: pm_ra_cosdec, unit: mas / yr, datatype: float64}
# - {name: pm_dec, unit: mas / yr, datatype: float64}
# - {name: radial_velocity, unit: km / s, datatype: float64}
# delimiter: ','
# meta: !!omap
# - __serialized_columns__:
#     dec:
#       __class__: astropy.coordinates.angles.Latitude
#       unit: &id001 !astropy.units.Unit {unit: deg}
#       value: !astropy.table.SerializedColumn {name: dec}
#     distance:
#       __class__: astropy.coordinates.distances.Distance
#       unit: !astropy.units.Unit {unit: kpc}
#       value: !astropy.table.SerializedColumn {name: distance}
#     pm_dec:
#       __class__: astropy.units.quantity.Quantity
#       unit: !astropy.units.Unit {unit: mas / yr}
#       value: !astropy.table.SerializedColumn {name: pm_dec}
#     pm_ra_cosdec:
#       __class__: astropy.units.quantity.Quantity
#       unit: !astropy.units.Unit {unit: mas / yr}
#       value: !astropy.table.SerializedColumn {name: pm_ra_cosdec}
#     ra:
#       __class__: astropy.coordinates.angles.Longitude
#       unit: *id001
#       value: !astropy.table.SerializedColumn {name: ra}
#       wrap_angle: !astropy.coordinates.Angle
#         unit: *id001
#         value: 360.0
#     radial_velocity:
#       __class__: astropy.units.quantity.Quantity
#       unit: !astropy.units.Unit {unit: km / s}
#       value: !astropy.table.SerializedColumn {name: radial_velocity}
# schema: astropy-2.0
ra,dec,distance,pm_ra_cosdec,pm_dec,radial_velocity
245.41607028968522,4.999980848603831,18.947016470080285,0.0,0.0,0.0
245.47598105096762,5.227151490231594,18.9851471167451,0.0,0.0,0.0
245.52856549095483,5.45448263847399,19.013414238104087,0.0,0.0,0.0
245.57405801904846,5.681975963931439,19.033813256139446,0.0,0.0,0.0
245.6126920171047,5.909632802451602,19.048054580349344,0.0,0.0,0.0
245.64469958049833,6.137454127848299,19.05759339953893,0.0,0.0,0.0
245.67031127541412,6.3654405304714725,19.063657179090786,0.0,0.0,0.0
245.68975591173893,6.593592201254548,19.067270991684495,0.0,0.0,0.0
245.7032603309478,6.821908920862322,19.069280804508303,0.0,0.0,0.0
245.7110492083931,7.050390053562336,19.070374841196767,0.0,0.0,0.0
245.71334486942337,7.279034545445341,19.07110313203663,0.0,0.0,0.0
245.71036711877392,7.507840926625088,19.071895361405367,0.0,0.0,0.0
245.70233308268712,7.7368073170543505,19.073077116944326,0.0,0.0,0.0
245.68945706323635,7.96593143560265,19.07488464061705,0.0,0.0,0.0
245.67195040434007,8.195210612051104,19.07747817756452,0.0,0.0,0.0
245.6500213689705,8.424641801671095,19.080954014538957,0.0,0.0,0.0
245.62387502707182,8.65422160206582,19.085355295677108,0.0,0.0,0.0
245.59371315371996,8.883946271967188,19.09068169945996,0.0,0.0,0.0
245.55973413706778,9.113811751694216,19.09689805689802,0.0,0.0,0.0
245.52213289563431,9.343813684994162,19.103941987277807,0.0,0.0,0.0
245.48110080450905,9.573947442002016,19.111730624205364,0.0,0.0,0.0
245.43682563005663,9.804208143069916,19.12016650118414,0.0,0.0,0.0
245.38949147271896,10.034590683232969,19.129142662567197,0.0,0.0,0.0
245.33927871752658,10.265089757093776,19.138547062425385,0.0,0.0,0.0
245.28636399194153,10.495699883923391,19.148266310672607,0.0,0.0,0.0
245.2309201306695,10.72641543279174,19.15818882268572,0.0,0.0,0.0
245.17311614708785,10.957230647555747,19.168207425648028,0.0,0.0,0.0
245.11311721095205,11.188139671548177,19.178221471930854,0.0,0.0,0.0
245.05108463205232,11.419136571824831,19.188138507005736,0.0,0.0,0.0
244.98717584950617,11.650215362841776,19.197875536649327,0.0,0.0,0.0
244.92154442638284,11.881370029448043,19.20735993556241,0.0,0.0,0.0
244.85434004936766,12.112594549092359,19.21653003697246,0.0,0.0,0.0
244.78570853318618,12.343882913155213,19.225335440324677,0.0,0.0,0.0
244.7157918295187,12.575229147329727,19.233737071787694,0.0,0.0,0.0
244.64472804014522,12.806627330986245,19.241707030006236,0.0,0.0,0.0
244.5726514340745,13.038071615466812,19.24922824732251,0.0,0.0,0.0
244.49969246841852,13.26955624126583,19.256293994559332,0.0,0.0,0.0
244.4259778127847,13.501075554063142,19.262907255410276,0.0,0.0,0.0
244.351630376969,13.732624019585161,19.26907999451356,0.0,0.0,0.0
244.27676934174056,13.964196237277847,19.27483234139584,0.0,0.0,0.0
244.20151019252043,14.195786952783687,19.280191710658336,0.0,0.0,0.0
244.1259647557634,14.427391069222455,19.285191877039438,0.0,0.0,0.0
244.050241237863,14.659003657281197,19.289872022323383,0.0,0.0,0.0
243.9744442664062,14.890619964127156,19.294275769473217,0.0,0.0,0.0
243.89867493361447,15.122235421160974,19.29845021784594,0.0,0.0,0.0
243.82303084181416,15.353845650634048,19.302444991897666,0.0,0.0,0.0
243.7476061507881,15.585446471157882,19.306311314405143,0.0,0.0,0.0
243.67249162686622,15.817033902137698,19.31010111391634,0.0,0.0,0.0
243.5977746936224,16.048604167166076,19.31386617489458,0.0,0.0,0.0
243.52353948404917,16.280153696415542,19.317657337837897,0.0,0.0,0.0
243.44986689408975,16.511679128071805,19.32152375553559,0.0,0.0,0.0
243.37683463741325,16.743177308851514,19.325512210566437,0.0,0.0,0.0
243.3045173013247,16.974645293650553,19.329666498146274,0.0,0.0,0.0
243.2329864037073,17.206080344369905,19.33402687749551,0.0,0.0,0.0
243.1623104508998,17.437479927967853,19.338629594017867,0.0,0.0,0.0
243.0925549964182,17.668841713787526,19.343506473759486,0.0,0.0,0.0
243.0237827004343,17.90016357020974,19.348684590850638,0.0,0.0,0.0
242.9560533899307,18.131443560680815,19.354186007919612,0.0,0.0,0.0
242.88942411945428,18.36267993916547,19.36002758880854,0.0,0.0,0.0
242.82394923239704,18.59387114507408,19.366220882312653,0.0,0.0,0.0
242.75968042273564,18.825015797713352,19.372772075106155,0.0,0.0,0.0
242.69666679716522,19.05611269030843,19.379682011508745,0.0,0.0,0.0
242.63495493756872,19.287160783643774,19.38694627728498,0.0,0.0,0.0
242.5745889637644,19.5181591993686,19.394555344253146,0.0,0.0,0.0
242.51561059647938,19.74910721301183,19.402494772109446,0.0,0.0,0.0
242.45805922049973,19.980004246749623,19.410745463546338,0.0,0.0,0.0
242.4019719479509,20.21084986196736,19.419283968458828,0.0,0.0,0.0
242.3473836816659,20.441643751655942,19.42808283278836,0.0,0.0,0.0
242.29432717860135,20.672385732680887,19.43711098734963,0.0,0.0,0.0
242.24283311326334,20.903075737960535,19.44633417181928,0.0,0.0,0.0
242.19293014110963,21.13371380858796,19.4557153889361,0.0,0.0,0.0
242.14464496189595,21.36430008592928,19.465215383868593,0.0,0.0,0.0
242.09800238293624,21.59483480372887,19.4747931436462,0.0,0.0,0.0
242.0530253822506,21.82531828025023,19.48440641152413,0.0,0.0,0.0
242.00973517157547,22.05575091047911,19.494012211156356,0.0,0.0,0.0
241.96815125921276,22.28613315841342,19.503567375487016,0.0,0.0,0.0
241.92829151269774,22.516465549462655,19.51302907533454,0.0,0.0,0.0
241.89017222126577,22.74674866297712,19.522355342734624,0.0,0.0,0.0
241.85380815810143,22.976983124925933,19.53150558422653,0.0,0.0,0.0
241.81921264235342,23.20716960074014,19.540441079410105,0.0,0.0,0.0
241.78639760090184,23.437308788335706,19.549125460267906,0.0,0.0,0.0
241.7553736298652,23.667401411329216,19.557525166935772,0.0,0.0,0.0
241.72615005583543,23.897448212457352,19.565609875815134,0.0,0.0,0.0
241.6987349968313,24.127449947209122,19.573352896150617,0.0,0.0,0.0
241.67313542296154,24.35740737767846,19.58073153144382,0.0,0.0,0.0
241.64935721678998,24.58732126664284,19.58772740233991,0.0,0.0,0.0
241.6274052333956,24.817192371872025,19.594326727904036,0.0,0.0,0.0
241.6072833601228,25.04702144066962,19.60052056249985,0.0,0.0,0.0
241.58899457601595,25.276809204648334,19.606304985790537,0.0,0.0,0.0
241.57254101093477,25.506556374738615,19.61168124370269,0.0,0.0,0.0
241.5579240043472,25.73626363642897,19.61665583852338,0.0,0.0,0.0
241.5451441637961,25.965931645234818,19.621240566640353,0.0,0.0,0.0
241.5342014230385,26.195561022391605,19.625452502782025,0.0,0.0,0.0
241.52509509985472,26.42515235076668,19.629313929967477,0.0,0.0,0.0
241.51782395352592,26.65470617098345,19.632852214735106,0.0,0.0,0.0
241.51238624197865,26.88422297775,19.63609962758072,0.0,0.0,0.0
241.50877977859528,27.113703216383833,19.63909310890053,0.0,0.0,0.0
241.50700198868893,27.34314727952308,19.64187398110029,0.0,0.0,0.0
241.5070499656415,27.572555504013685,19.644487607897098,0.0,0.0,0.0
241.50892052670392,27.801928167961968,19.64698300220443,0.0,0.0,0.0
241.51261026845634,28.03126548793996,19.649412384351987,0.0,0.0,0.0
241.5181156219265,28.26056761633178,19.65183069274862,0.0,0.0,0.0
241.52543290736446,28.48983463880721,19.65429504944798,0.0,0.0,0.0
241.53455838866964,28.719066571909448,19.65686418342072,0.0,0.0,0.0
241.54548832746823,28.948263360742367,19.659597814673546,0.0,0.0,0.0
241.55821903683494,29.177424876743004,19.662556002681708,0.0,0.0,0.0
241.57274693465547,29.40655091552404,19.665798462917603,0.0,0.0,0.0
241.5890685966232,29.63564119477106,19.669383855561613,0.0,0.0,0.0
241.60718080886312,29.864695352178934,19.673369050771495,0.0,0.0,0.0
241.6270806201744,30.093712943411155,19.677808375161835,0.0,0.0,0.0
241.64876539388356,30.3226934400663,19.682752844404295,0.0,0.0,0.0
241.67223285929595,30.551636227635015,19.688249387100896,0.0,0.0,0.0
241.6974811627342,30.7805406034312,19.694340065305507,0.0,0.0,0.0
241.72450891815015,31.009405774480637,19.701061297271306,0.0,0.0,0.0
241.75331525729376,31.238230855350402,19.70844308818323,0.0,0.0,0.0
241.78389987942265,31.46701486590242,19.716508274792783,0.0,0.0,0.0
241.81626310053252,31.6957567289542,19.725271790007024,0.0,0.0,0.0
241.8504059020876,31.924455267830123,19.73473995359215,0.0,0.0,0.0
241.886329979227,32.153109203786286,19.744909795234456,0.0,0.0,0.0
241.9240377884214,32.38171715329257,19.755768416255215,0.0,0.0,0.0
241.96353259455205,32.610277625154936,19.767292396300554,0.0,0.0,0.0
242.00481851738087,32.83878901746149,19.779447251321503,0.0,0.0,0.0
242.04790057737745,33.06724961433613,19.792186949120623,0.0,0.0,0.0
242.09278474086778,33.29565758248305,19.805453488670373,0.0,0.0,0.0
242.13947796446357,33.52401096750649,19.8191765493017,0.0,0.0,0.0
242.18798823872982,33.75230768998925,19.83327321571884,0.0,0.0,0.0
242.23832463104495,33.98054554131476,19.847647784616655,0.0,0.0,0.0
242.29049732760294,34.20872217921689,19.862191658457903,0.0,0.0,0.0
242.34451767450457,34.43683512304234,19.876783331709607,0.0,0.0,0.0
242.40039821787957,34.66488174871081,19.89128847453726,0.0,0.0,0.0
242.45815274297942,34.89285928335822,19.905560118613344,0.0,0.0,0.0
242.51779631217386,35.12076479964886,19.91943894930952,0.0,0.0,0.0
242.57934530178173,35.3485952097427,19.932753708110074,0.0,0.0,0.0
242.64281743766054,35.57634725890428,19.945321708605345,0.0,0.0,0.0
242.70823182947615,35.80401751874079,19.956949468897168,0.0,0.0,0.0
242.77560900356607,36.03160238005661,19.96743346267217,0.0,0.0,0.0
242.84497093430744,36.25909804531311,19.97656099057224,0.0,0.0,0.0
242.91634107389402,36.48650052068262,19.984111172812643,0.0,0.0,0.0
242.98974438041887,36.713805607686474,19.989856063266256,0.0,0.0,0.0
243.06520734415778,36.94100889440811,19.993561884445835,0.0,0.0,0.0
243.14275801193702,37.1681057462729,19.99499038197343,0.0,0.0,0.0
243.22242600946606,37.39509129638787,19.99390029622649,0.0,0.0,0.0
243.30424256150832,37.62196043543521,19.990048947891243,0.0,0.0,0.0
243.3882405097542,37.84870780111559,19.983193933135972,0.0,0.0,0.0
243.47445432825484,38.07532776713813,19.97309492303662,0.0,0.0,0.0
243.56292013626796,38.3018144317563,19.95951556074517,0.0,0.0,0.0
243.653675708356,38.52816160585033,19.942225448684923,0.0,0.0,0.0
243.74676048157252,38.75436280055932,19.921002216785098,0.0,0.0,0.0
243.84221555956086,38.98041121446865,19.8956336614295,0.0,0.0,0.0
243.94008371338126,39.20629972036041,19.865919943387656,0.0,0.0,0.0
244.0404093788743,39.432020851538326,19.831675831521817,0.0,0.0,0.0
244.1432386503569,39.657566787741125,19.792732977517474,0.0,0.0,0.0
244.24861927043884,39.882929340662386,19.748942205267337,0.0,0.0,0.0
244.35660061573637,40.10809993909858,19.700175796847834,0.0,0.0,0.0
244.4672336782494,40.333069613751476,19.646329755261984,0.0,0.0,0.0
244.5805710421581,40.55782898171565,19.587326022281044,0.0,0.0,0.0
244.69666685578207,40.78236823068719,19.523114627798993,0.0,0.0,0.0
244.81557679843561,41.0066771029352,19.453675745117042,0.0,0.0,0.0
244.93735804189942,41.230744879084,19.37902162449835,0.0,0.0,0.0
245.0620692062176,41.45456036176044,19.299198375175425,0.0,0.0,0.0
245.18977030951578,41.67811185916823,19.214287563751952,0.0,0.0,0.0
245.3205227115251,41.90138716865872,19.1244075946168,0.0,0.0,0.0
245.45438905048235,42.12437356037673,19.02971483557822,0.0,0.0,0.0
245.5914331730653,42.347057761068136,18.9304044494306,0.0,0.0,0.0
245.73172005700812,42.56942593814717,18.82671088958227,0.0,0.0,0.0
245.87531572603035,42.79146368413059,18.718908015199986,0.0,0.0,0.0
246.02228715669864,43.013156001558556,18.60730877856264,0.0,0.0,0.0
246.17270217682898,43.23448728853306,18.492264434461287,0.0,0.0,0.0
246.32662935502432,43.45544132501867,18.374163218534783,0.0,0.0,0.0
246.48413788093063,43.676001260063586,18.25342843838739,0.0,0.0,0.0
246.64529743578274,43.89614960011393,18.130515918196462,0.0,0.0,0.0
246.81017805280047,44.115868198609526,18.00591073428273,0.0,0.0,0.0
246.97884996698562,44.33513824706626,17.880123175782014,0.0,0.0,0.0
247.15138345386111,44.553940267866814,17.753683861123196,0.0,0.0,0.0
247.32784865668467,44.7722541090002,17.627137937482924,0.0,0.0,0.0
247.50831540166365,44.990058941009394,17.501038286750084,0.0,0.0,0.0
247.6928530006919,45.20733325642606,17.375937657792498,0.0,0.0,0.0
247.88153004112507,45.42405487199243,17.25237964097227,0.0,0.0,0.0
248.0744141621102,45.64020093399126,17.13088839690386,0.0,0.0,0.0
248.27157181698522,45.85574792702729,17.011957047389274,0.0,0.0,0.0
248.47306802126676,46.07067168662657,16.896034632295308,0.0,0.0,0.0
248.67896608575126,46.28494741604247,16.783511531858885,0.0,0.0,0.0
248.88932733426216,46.498549707681875,16.67470324951515,0.0,0.0,0.0
249.10421080558797,46.711452569588275,16.569832445839047,0.0,0.0,0.0
249.32367293917275,46.9236294574431,16.469009109572667,0.0,0.0,0.0
249.54776724413873,47.135053312570676,16.372208746976632,0.0,0.0,0.0
249.77654395124563,47.34569660645573,16.27924846589275,0.0,0.0,0.0
250.01004964741878,47.55553139230639,16.18976082593553,0.0,0.0,0.0
250.24832689251215,47.764529364218134,16.103165321141663,0.0,0.0,0.0
250.49141381800823,47.972661924515776,16.01863735619598,0.0,0.0,0.0
250.73934370740304,48.17990025987164,15.93507457202051,0.0,0.0,0.0
250.99214455806944,48.3862154268165,15.85106037105718,0.0,0.0,0.0
251.24983862444856,48.59157844727713,15.764824486993918,0.0,0.0,0.0
251.51244194247514,48.795960414788865,15.674200437976612,0.0,0.0,0.0
251.7799638352106,48.99933261204335,15.576579696514845,0.0,0.0,0.0
252.0524063997226,49.20166664043993,15.46886240332542,0.0,0.0,0.0
252.32976397532715,49.40293456231445,15.347404446263958,0.0,0.0,0.0
252.61202259338475,49.603109056518754,15.207960719268971,0.0,0.0,0.0
252.8991594089259,49.80216358802092,15.045624369885019,0.0,0.0,0.0
253.19114211446208,50.00007259218513,14.854761837437948,0.0,0.0,0.0
