galstreams/tracks/track.st.SGP-S.yang2022.ecsv
# %ECSV 1.0
# ---
# datatype:
# - {name: ra, unit: deg, datatype: float64}
# - {name: dec, unit: deg, datatype: float64}
# - {name: distance, unit: kpc, datatype: float64}
# - {name: pm_ra_cosdec, unit: mas / yr, datatype: float64}
# - {name: pm_dec, unit: mas / yr, datatype: float64}
# - {name: radial_velocity, unit: km / s, datatype: float64}
# delimiter: ','
# meta: !!omap
# - __serialized_columns__:
#     dec:
#       __class__: astropy.coordinates.angles.Latitude
#       unit: &id001 !astropy.units.Unit {unit: deg}
#       value: !astropy.table.SerializedColumn {name: dec}
#     distance:
#       __class__: astropy.coordinates.distances.Distance
#       unit: !astropy.units.Unit {unit: kpc}
#       value: !astropy.table.SerializedColumn {name: distance}
#     pm_dec:
#       __class__: astropy.units.quantity.Quantity
#       unit: !astropy.units.Unit {unit: mas / yr}
#       value: !astropy.table.SerializedColumn {name: pm_dec}
#     pm_ra_cosdec:
#       __class__: astropy.units.quantity.Quantity
#       unit: !astropy.units.Unit {unit: mas / yr}
#       value: !astropy.table.SerializedColumn {name: pm_ra_cosdec}
#     ra:
#       __class__: astropy.coordinates.angles.Longitude
#       unit: *id001
#       value: !astropy.table.SerializedColumn {name: ra}
#       wrap_angle: !astropy.coordinates.Angle
#         unit: *id001
#         value: 360.0
#     radial_velocity:
#       __class__: astropy.units.quantity.Quantity
#       unit: !astropy.units.Unit {unit: km / s}
#       value: !astropy.table.SerializedColumn {name: radial_velocity}
# schema: astropy-2.0
ra,dec,distance,pm_ra_cosdec,pm_dec,radial_velocity
[from data line 3699]
5.788371687665116,-24.171939934687444,9.5,1.9999999999999996,2.4999999999999987,-4.210383564936169e-14
5.787349638983144,-24.161980705438022,9.499999999999996,2.0000000000000004,2.5,-6.73661370389787e-14
5.786327618936058,-24.152021479645718,9.499999999999998,1.9999999999999998,2.5,-5.894536990910637e-14
5.785305627379774,-24.14206225731816,9.499999999999998,1.9999999999999993,2.4999999999999996,-5.894536990910637e-14
5.784283664170204,-24.132103038462933,9.499999999999998,1.9999999999999996,2.499999999999999,-5.0524602779234026e-14
5.783261729163259,-24.122143823087654,9.5,1.9999999999999991,2.4999999999999982,-4.210383564936169e-14
5.7822398222148585,-24.112184611199933,9.499999999999998,2.0,2.499999999999999,-5.0524602779234026e-14
5.781217943180915,-24.10222540280739,9.499999999999998,1.9999999999999996,2.499999999999999,-5.0524602779234026e-14
5.780196091917344,-24.092266197917613,9.499999999999995,2.0000000000000004,2.5,-4.210383564936169e-14
5.779174268280055,-24.082306996538218,9.5,1.9999999999999991,2.4999999999999982,-4.210383564936169e-14
5.778152472124973,-24.072347798676844,9.5,1.9999999999999996,2.499999999999999,-3.368306851948935e-14
5.777130703308008,-24.062388604341102,9.499999999999996,2.0,2.4999999999999996,-5.0524602779234026e-14
5.776108961685078,-24.052429413538594,9.499999999999998,1.9999999999999991,2.499999999999999,-4.210383564936169e-14
5.7750872471121,-24.04247022627694,9.499999999999996,2.0,2.5,-5.0524602779234026e-14
5.774065559444993,-24.032511042563783,9.499999999999998,1.9999999999999998,2.4999999999999987,-5.0524602779234026e-14
5.77304389853967,-24.022551862406726,9.5,1.999999999999999,2.4999999999999982,-3.368306851948935e-14
5.772022264252054,-24.01259268581341,9.499999999999996,1.9999999999999998,2.5,-5.0524602779234026e-14
5.771000656438063,-24.00263351279145,9.499999999999996,2.0,2.4999999999999987,-5.894536990910637e-14
5.7699790749536115,-23.992674343348472,9.499999999999998,2.0,2.499999999999999,-4.210383564936169e-14
5.7689575196546246,-23.982715177492135,9.499999999999996,2.0,2.499999999999999,-4.210383564936169e-14
5.767935990397018,-23.972756015230036,9.499999999999996,2.0,2.499999999999999,-5.894536990910637e-14
5.766914487036712,-23.962796856569817,9.5,2.0,2.4999999999999987,-3.368306851948935e-14
5.765893009429631,-23.952837701519126,9.5,1.9999999999999998,2.499999999999999,-5.0524602779234026e-14
5.764871557431691,-23.94287855008559,9.5,1.9999999999999998,2.4999999999999996,-4.210383564936169e-14
5.763850130898817,-23.932919402276852,9.499999999999998,2.0,2.4999999999999996,-4.210383564936169e-14
5.762828729686927,-23.922960258100545,9.5,1.9999999999999998,2.499999999999999,-5.0524602779234026e-14
5.761807353651948,-23.91300111756432,9.5,1.9999999999999991,2.4999999999999982,-5.0524602779234026e-14
5.760786002649796,-23.903041980675805,9.5,2.0000000000000004,2.499999999999999,-5.0524602779234026e-14
5.759764676536402,-23.89308284744267,9.5,1.9999999999999998,2.499999999999999,-3.368306851948935e-14
5.758743375167683,-23.88312371787254,9.499999999999998,1.9999999999999998,2.4999999999999996,-5.0524602779234026e-14
5.757722098399564,-23.873164591973076,9.5,1.9999999999999993,2.499999999999999,-4.210383564936169e-14
5.7567008460879725,-23.863205469751918,9.5,2.0,2.499999999999999,-5.894536990910637e-14
5.755679618088832,-23.85324635121674,9.499999999999998,1.9999999999999993,2.4999999999999987,-5.894536990910637e-14
5.754658414258063,-23.843287236375154,9.5,1.9999999999999993,2.4999999999999996,-4.210383564936169e-14
5.753637234451597,-23.833328125234853,9.499999999999998,1.9999999999999998,2.4999999999999996,-5.0524602779234026e-14
5.752616078525356,-23.823369017803472,9.500000000000002,2.0,2.4999999999999982,-4.210383564936169e-14
5.75159494633527,-23.813409914088684,9.500000000000002,1.9999999999999998,2.499999999999999,-5.0524602779234026e-14
5.75057383773726,-23.803450814098138,9.5,1.9999999999999996,2.4999999999999996,-5.0524602779234026e-14
5.749552752587259,-23.793491717839494,9.499999999999998,2.0,2.5,-5.0524602779234026e-14
5.748531690741189,-23.783532625320422,9.499999999999998,2.0,2.4999999999999996,-5.0524602779234026e-14
5.7475106520549835,-23.773573536548593,9.500000000000002,1.9999999999999998,2.4999999999999987,-4.210383564936169e-14
5.746489636384568,-23.763614451531666,9.5,1.9999999999999998,2.4999999999999996,-5.894536990910637e-14
5.745468643585871,-23.753655370277293,9.5,1.9999999999999998,2.5,-4.210383564936169e-14
5.744447673514823,-23.74369629279317,9.500000000000002,1.9999999999999996,2.4999999999999987,-4.210383564936169e-14
5.7434267260273515,-23.73373721908695,9.500000000000002,1.9999999999999996,2.4999999999999987,-3.368306851948935e-14
5.74240580097939,-23.723778149166318,9.5,2.0000000000000004,2.499999999999999,-3.368306851948935e-14
5.741384898226868,-23.713819083038945,9.499999999999998,2.0,2.4999999999999996,-4.210383564936169e-14
5.740364017625715,-23.703860020712508,9.5,2.0,2.499999999999999,-5.0524602779234026e-14
5.739343159031863,-23.69390096219468,9.5,1.9999999999999998,2.499999999999999,-4.210383564936169e-14
5.738322322301243,-23.68394190749313,9.5,2.0000000000000004,2.499999999999999,-3.368306851948935e-14
5.737301507289791,-23.673982856615567,9.499999999999998,2.0000000000000004,2.5,-4.210383564936169e-14
5.736280713853434,-23.664023809569652,9.5,2.0,2.499999999999999,-5.0524602779234026e-14
5.735259941848109,-23.65406476636307,9.500000000000002,1.9999999999999998,2.4999999999999987,-3.368306851948935e-14
5.73423919112975,-23.644105727003524,9.5,1.9999999999999993,2.4999999999999987,-5.0524602779234026e-14
5.733218461554288,-23.63414669149868,9.5,2.0000000000000004,2.499999999999999,-5.0524602779234026e-14
5.732197752977659,-23.624187659856233,9.500000000000002,1.9999999999999996,2.4999999999999987,-4.210383564936169e-14
5.7311770652558,-23.614228632083886,9.5,2.0,2.4999999999999996,-5.0524602779234026e-14
5.730156398244642,-23.60426960818932,9.5,2.0,2.4999999999999996,-4.210383564936169e-14
5.729135751800124,-23.59431058818023,9.499999999999998,2.0000000000000004,2.5,-5.0524602779234026e-14
5.7281151257781815,-23.584351572064307,9.5,2.0,2.499999999999999,-4.210383564936169e-14
5.7270945200347505,-23.574392559849265,9.5,2.0,2.4999999999999987,-3.368306851948935e-14
5.726073934425769,-23.56443355154279,9.5,2.0,2.499999999999999,-5.0524602779234026e-14
5.725053368807173,-23.554474547152573,9.5,1.9999999999999996,2.499999999999999,-4.210383564936169e-14
5.724032823034902,-23.544515546686334,9.5,2.0,2.499999999999999,-4.210383564936169e-14
5.723012296964895,-23.534556550151773,9.499999999999998,2.0000000000000004,2.5000000000000004,-4.210383564936169e-14
5.721991790453088,-23.524597557556582,9.5,1.9999999999999996,2.499999999999999,-5.0524602779234026e-14
5.720971303355424,-23.514638568908477,9.5,1.9999999999999998,2.499999999999999,-5.0524602779234026e-14
5.71995083552784,-23.50467958421517,9.5,2.0,2.4999999999999996,-5.894536990910637e-14
5.718930386826278,-23.49472060348437,9.5,2.0,2.4999999999999996,-5.894536990910637e-14
5.717909957106676,-23.484761626723778,9.5,1.9999999999999998,2.499999999999999,-3.368306851948935e-14
5.716889546224977,-23.47480265394112,9.5,2.0,2.4999999999999987,-5.894536990910637e-14
5.715869154037122,-23.464843685144093,9.5,1.9999999999999998,2.499999999999999,-4.210383564936169e-14
5.714848780399057,-23.45488472034045,9.499999999999996,2.000000000000001,2.5000000000000004,-5.0524602779234026e-14
5.713828425166717,-23.44492575953786,9.5,2.0,2.499999999999999,-4.210383564936169e-14
5.71280808819605,-23.434966802744068,9.5,1.9999999999999998,2.499999999999999,-3.368306851948935e-14
5.711787769343,-23.425007849966807,9.5,2.0,2.4999999999999996,-5.0524602779234026e-14
5.710767468463509,-23.415048901213783,9.499999999999998,2.000000000000001,2.4999999999999996,-5.0524602779234026e-14
5.709747185413519,-23.40508995649272,9.5,2.0,2.499999999999999,-4.210383564936169e-14
5.70872692004898,-23.395131015811344,9.5,2.0,2.499999999999999,-3.368306851948935e-14
5.707706672225833,-23.38517207917739,9.500000000000002,1.999999999999999,2.499999999999999,-5.0524602779234026e-14
5.706686441800025,-23.37521314659859,9.5,1.9999999999999996,2.499999999999999,-5.0524602779234026e-14
5.7056662286275035,-23.365254218082654,9.5,2.0,2.499999999999999,-4.210383564936169e-14
5.704646032564213,-23.35529529363733,9.500000000000002,2.0,2.499999999999999,-5.0524602779234026e-14
5.703625853466103,-23.345336373270346,9.499999999999998,2.000000000000001,2.5,-3.368306851948935e-14
5.702605691189119,-23.335377456989455,9.5,1.9999999999999998,2.499999999999999,-3.368306851948935e-14
5.70158554558921,-23.325418544802368,9.5,2.0000000000000004,2.4999999999999996,-5.0524602779234026e-14
5.7005654165223225,-23.315459636716827,9.5,1.9999999999999998,2.499999999999999,-4.210383564936169e-14
5.699545303844409,-23.30550073274059,9.499999999999998,2.0000000000000004,2.5,-4.210383564936169e-14
5.698525207411416,-23.29554183288139,9.5,1.9999999999999998,2.4999999999999996,-6.73661370389787e-14
5.697505127079296,-23.285582937146962,9.499999999999998,2.000000000000001,2.5,-5.0524602779234026e-14
5.696485062703995,-23.275624045545058,9.5,2.0,2.4999999999999996,-5.0524602779234026e-14
5.695465014141469,-23.26566515808342,9.500000000000004,1.9999999999999993,2.4999999999999982,-4.210383564936169e-14
5.694444981247666,-23.255706274769803,9.500000000000002,2.0,2.4999999999999996,-4.210383564936169e-14
5.69342496387854,-23.245747395611957,9.5,2.0,2.499999999999999,-5.894536990910637e-14
5.692404961890043,-23.235788520617625,9.499999999999998,2.0,2.499999999999999,-5.894536990910637e-14
5.691384975138124,-23.22582964979455,9.5,2.0000000000000004,2.4999999999999996,-4.210383564936169e-14
5.690365003478741,-23.21587078315052,9.5,2.000000000000001,2.499999999999999,-5.0524602779234026e-14
5.689345046767845,-23.205911920693257,9.5,2.0,2.4999999999999996,-4.210383564936169e-14
5.688325104861391,-23.195953062430533,9.5,2.0000000000000004,2.5,-3.368306851948935e-14
5.687305177615334,-23.185994208370108,9.5,2.0,2.499999999999999,-4.210383564936169e-14
5.68628526488563,-23.176035358519748,9.5,2.0,2.4999999999999996,-5.0524602779234026e-14
5.685265366528231,-23.16607651288719,9.5,2.0,2.499999999999999,-4.210383564936169e-14
5.684245482399098,-23.15611767148022,9.499999999999998,2.0000000000000004,2.5,-4.210383564936169e-14
5.683225612354182,-23.146158834306593,9.499999999999998,2.0000000000000004,2.5000000000000004,-5.0524602779234026e-14
5.682205756249446,-23.136200001374092,9.5,2.0000000000000004,2.499999999999999,-5.0524602779234026e-14
5.681185913940844,-23.126241172690463,9.5,2.0,2.499999999999999,-5.0524602779234026e-14
5.680166085284336,-23.116282348263482,9.5,2.0000000000000004,2.4999999999999996,-4.210383564936169e-14
5.679146270135878,-23.10632352810093,9.5,2.0000000000000004,2.499999999999999,-4.210383564936169e-14
5.678126468351431,-23.096364712210583,9.5,1.9999999999999998,2.5,-5.894536990910637e-14
5.677106679786955,-23.08640590060019,9.500000000000002,1.9999999999999998,2.4999999999999982,-3.368306851948935e-14
5.676086904298408,-23.07644709327754,9.5,2.000000000000001,2.499999999999999,-3.368306851948935e-14
5.675067141741753,-23.06648829025043,9.5,1.9999999999999998,2.499999999999999,-5.0524602779234026e-14
5.674047391972947,-23.056529491526614,9.500000000000002,1.9999999999999996,2.499999999999999,-3.368306851948935e-14
5.673027654847957,-23.04657069711388,9.5,2.0000000000000004,2.4999999999999996,-3.368306851948935e-14
5.672007930222741,-23.036611907020013,9.5,2.0,2.4999999999999996,-4.210383564936169e-14
5.670988217953263,-23.026653121252796,9.5,2.0,2.499999999999999,-5.0524602779234026e-14
5.6699685178954855,-23.016694339820013,9.5,2.0,2.499999999999999,-4.210383564936169e-14
5.668948829905371,-23.00673556272945,9.5,2.0,2.4999999999999996,-2.5262301389617013e-14
5.667929153838888,-22.9967767899889,9.5,2.0,2.5,-5.0524602779234026e-14
5.666909489551994,-22.986818021606144,9.5,1.9999999999999998,2.4999999999999996,-4.210383564936169e-14
5.66588983690066,-22.97685925758898,9.5,2.0,2.499999999999999,-5.894536990910637e-14
5.664870195740848,-22.9669004979452,9.5,2.0000000000000004,2.4999999999999996,-4.210383564936169e-14
5.663850565928526,-22.9569417426826,9.5,2.000000000000001,2.499999999999999,-4.210383564936169e-14
5.662830947319662,-22.946982991808976,9.500000000000002,1.9999999999999998,2.5,-4.210383564936169e-14
5.661811339770218,-22.93702424533212,9.5,2.0000000000000004,2.5000000000000004,-5.0524602779234026e-14
5.6607917431361665,-22.92706550325984,9.500000000000002,2.000000000000001,2.5000000000000004,-5.0524602779234026e-14
5.659772157273472,-22.91710676559993,9.500000000000002,2.0,2.499999999999999,-5.0524602779234026e-14
5.658752582038104,-22.907148032360183,9.500000000000002,2.0,2.4999999999999996,-5.0524602779234026e-14
5.657733017286034,-22.897189303548423,9.500000000000002,1.9999999999999998,2.5,-5.894536990910637e-14
5.656713462873228,-22.887230579172442,9.5,2.0,2.4999999999999996,-4.210383564936169e-14
5.655693918655658,-22.87727185924005,9.5,2.0000000000000004,2.5,-4.210383564936169e-14
5.654674384489294,-22.86731314375906,9.500000000000004,2.0,2.499999999999999,-4.210383564936169e-14
5.653654860230109,-22.857354432737274,9.5,2.0000000000000004,2.5000000000000004,-3.368306851948935e-14
5.652635345734072,-22.847395726182512,9.5,2.0000000000000004,2.5,-3.368306851948935e-14
5.651615840857157,-22.837437024102577,9.5,2.000000000000001,2.5,-3.368306851948935e-14
5.650596345455334,-22.82747832650529,9.500000000000002,2.0,2.4999999999999996,-5.894536990910637e-14
5.649576859384581,-22.817519633398458,9.500000000000002,1.9999999999999996,2.4999999999999996,-4.210383564936169e-14
5.648557382500867,-22.807560944789916,9.500000000000002,2.0000000000000004,2.4999999999999996,-3.368306851948935e-14
5.64753791466017,-22.797602260687466,9.5,2.0000000000000013,2.5,-2.5262301389617013e-14
5.646518455718459,-22.787643581098937,9.5,2.0000000000000004,2.5,-3.368306851948935e-14
5.645499005531716,-22.77768490603215,9.500000000000002,2.0,2.5,-5.0524602779234026e-14
5.644479563955914,-22.76772623549493,9.500000000000004,1.9999999999999991,2.499999999999999,-5.0524602779234026e-14
5.643460130847029,-22.757767569495098,9.500000000000004,2.0,2.499999999999999,-3.368306851948935e-14
5.642440706061039,-22.747808908040476,9.500000000000002,2.0,2.499999999999999,-4.210383564936169e-14
5.641421289453918,-22.737850251138905,9.500000000000004,1.9999999999999998,2.4999999999999996,-3.368306851948935e-14
5.64040188088165,-22.727891598798212,9.5,2.0000000000000004,2.5000000000000004,-3.368306851948935e-14
5.639382480200208,-22.71793295102622,9.5,2.0000000000000004,2.5000000000000004,-4.210383564936169e-14
5.638363087265572,-22.70797430783076,9.500000000000002,2.0,2.4999999999999996,-3.368306851948935e-14
5.637343701933722,-22.698015669219675,9.500000000000002,2.0000000000000004,2.499999999999999,-3.368306851948935e-14
5.63632432406064,-22.688057035200806,9.500000000000002,1.9999999999999998,2.4999999999999996,-5.0524602779234026e-14
5.635304953502304,-22.67809840578197,9.500000000000004,1.9999999999999996,2.499999999999999,-3.368306851948935e-14
5.634285590114698,-22.668139780971025,9.5,2.000000000000001,2.5000000000000004,-5.894536990910637e-14
5.633266233753799,-22.6581811607758,9.500000000000002,2.0,2.4999999999999996,-4.210383564936169e-14
5.632246884275593,-22.648222545204145,9.500000000000002,2.0,2.4999999999999996,-4.210383564936169e-14
5.631227541536061,-22.6382639342639,9.5,2.0000000000000013,2.5000000000000004,-5.0524602779234026e-14
5.630208205391188,-22.6283053279629,9.500000000000002,2.0000000000000004,2.5,-5.0524602779234026e-14
5.629188875696954,-22.618346726308996,9.500000000000002,1.9999999999999998,2.499999999999999,-5.0524602779234026e-14
5.628169552309349,-22.608388129310057,9.500000000000002,2.0000000000000004,2.5,-5.894536990910637e-14
