galstreams/tracks/track.st.M5.grillmair2019.ecsv
# %ECSV 1.0
# ---
# datatype:
# - {name: ra, unit: deg, datatype: float64}
# - {name: dec, unit: deg, datatype: float64}
# - {name: distance, unit: kpc, datatype: float64}
# - {name: pm_ra_cosdec, unit: mas / yr, datatype: float64}
# - {name: pm_dec, unit: mas / yr, datatype: float64}
# - {name: radial_velocity, unit: km / s, datatype: float64}
# delimiter: ','
# meta: !!omap
# - __serialized_columns__:
#     dec:
#       __class__: astropy.coordinates.angles.Latitude
#       unit: &id001 !astropy.units.Unit {unit: deg}
#       value: !astropy.table.SerializedColumn {name: dec}
#     distance:
#       __class__: astropy.coordinates.distances.Distance
#       unit: !astropy.units.Unit {unit: kpc}
#       value: !astropy.table.SerializedColumn {name: distance}
#     pm_dec:
#       __class__: astropy.units.quantity.Quantity
#       unit: !astropy.units.Unit {unit: mas / yr}
#       value: !astropy.table.SerializedColumn {name: pm_dec}
#     pm_ra_cosdec:
#       __class__: astropy.units.quantity.Quantity
#       unit: !astropy.units.Unit {unit: mas / yr}
#       value: !astropy.table.SerializedColumn {name: pm_ra_cosdec}
#     ra:
#       __class__: astropy.coordinates.angles.Longitude
#       unit: *id001
#       value: !astropy.table.SerializedColumn {name: ra}
#       wrap_angle: !astropy.coordinates.Angle
#         unit: *id001
#         value: 360.0
#     radial_velocity:
#       __class__: astropy.units.quantity.Quantity
#       unit: !astropy.units.Unit {unit: km / s}
#       value: !astropy.table.SerializedColumn {name: radial_velocity}
# schema: astropy-2.0
ra,dec,distance,pm_ra_cosdec,pm_dec,radial_velocity
[from data line 3745]
191.93567902527903,19.49933687710857,12.674732637840178,2.5898976466163313,-7.095507186277675,1.6841534259744677e-13
191.92588664918375,19.503218578997465,12.673824276564273,2.5894870510163743,-7.094485400151452,6.73661370389787e-14
191.91609394677448,19.507100119949037,12.672915885535664,2.589076560777741,-7.093463447160613,5.0524602779234026e-14
191.90630091798877,19.51098149997802,12.672007464749656,2.588666175977293,-7.0924413272330105,1.1789073981821273e-13
191.89650756276404,19.514862719099188,12.671099014201543,2.5882558966918676,-7.0914190402964765,1.347322740779574e-13
191.8867138810378,19.518743777327288,12.670190533886647,2.5878457229982645,-7.090396586278796,1.6841534259744677e-13
191.8769198727475,19.522624674677132,12.669282023800262,2.5874356549732687,-7.089373965107732,-1.6841534259744676e-14
191.86712553783062,19.52650541116347,12.668373483937701,2.587025692693632,-7.088351176711001,5.0524602779234026e-14
191.8573308762246,19.53038598680111,12.667464914294266,2.5866158362360743,-7.087328221016289,0.0
191.84753588786688,19.534266401604857,12.66655631486526,2.5862060856773015,-7.086305097951255,1.0104920555846805e-13
191.83774057269483,19.538146655589532,12.665647685645986,2.585796441093981,-7.085281807443515,5.0524602779234026e-14
191.82794493064588,19.54202674876995,12.66473902663176,2.585386902562757,-7.084258349420647,3.368306851948935e-14
191.81814896165744,19.545906681160943,12.663830337817883,2.5849774701602484,-7.083234723810205,1.515738083377021e-13
191.80835266566683,19.54978645277736,12.66292161919965,2.5845681439630503,-7.0822109305397,1.515738083377021e-13
191.79855604261147,19.553666063634058,12.662012870772385,2.5841589240477196,-7.081186969536611,3.368306851948935e-14
191.78875909242868,19.557545513745875,12.661104092531382,2.583749810490795,-7.080162840728384,6.73661370389787e-14
191.7789618150558,19.561424803127707,12.660195284471948,2.5833408033687872,-7.079138544042425,5.0524602779234026e-14
191.76916421043018,19.56530393179441,12.659286446589384,2.5829319027581805,-7.078114079406116,1.0104920555846805e-13
191.75936627848907,19.5691828997609,12.658377578879003,2.582523108735428,-7.077089446746789,3.368306851948935e-14
191.74956801916983,19.573061707042058,12.657468681336104,2.5821144213769602,-7.076064645991755,0.0
191.73976943240976,19.576940353652788,12.656559753956,2.5817058407591764,-7.0750396770682835,5.0524602779234026e-14
191.72997051814605,19.580818839608018,12.655650796733994,2.5812973669584505,-7.074014539903608,1.347322740779574e-13
191.72017127631597,19.584697164922666,12.654741809665385,2.580889000051136,-7.072989234424931,8.420767129872338e-14
191.71037170685685,19.588575329611675,12.65383279274549,2.580480740113545,-7.071963760559418,1.1789073981821273e-13
191.70057180970582,19.592453333689992,12.652923745969604,2.580072587221978,-7.070938118234205,3.368306851948935e-14
191.69077158480016,19.596331177172562,12.652014669333031,2.5796645414526966,-7.0699123073763825,1.347322740779574e-13
191.68097103207708,19.60020886007436,12.651105562831091,2.579256602881942,-7.068886327913015,5.0524602779234026e-14
191.67117015147372,19.60408638241035,12.650196426459075,2.5788487715859247,-7.067860179771134,3.368306851948935e-14
191.6613689429273,19.60796374419552,12.649287260212292,2.57844104764083,-7.0668338628777265,6.73661370389787e-14
191.65156740637502,19.611840945444857,12.648378064086051,2.578033431122816,-7.065807377159748,1.347322740779574e-13
191.64176554175395,19.615717986173372,12.647468838075657,2.5776259221080107,-7.064780722544128,8.420767129872338e-14
191.63196334900127,19.61959486639607,12.64655958217641,2.5772185206725227,-7.063753898957753,1.6841534259744676e-14
191.62216082805412,19.623471586127962,12.64565029638362,2.5768112268924215,-7.0627269063274705,1.515738083377021e-13
191.6123579788496,19.6273481453841,12.644740980692593,2.5764040408437614,-7.061699744580103,1.6841534259744676e-14
191.60255480132477,19.631224544179496,12.643831635098634,2.575996962602561,-7.0606724136424335,8.420767129872338e-14
191.5927512954168,19.635100782529218,12.642922259597041,2.5755899922448173,-7.059644913441209,1.0104920555846805e-13
191.5829474610627,19.638976860448324,12.642012854183134,2.5751831298464922,-7.058617243903143,1.0104920555846805e-13
191.57314329819954,19.642852777951866,12.641103418852207,2.574776375483533,-7.057589404954913,5.0524602779234026e-14
191.5633388067644,19.646728535054933,12.64019395359957,2.574369729231848,-7.056561396523168,6.73661370389787e-14
191.55353398669425,19.65060413177261,12.639284458420523,2.5739631911673237,-7.055533218534512,3.368306851948935e-14
191.54372883792618,19.65447956811998,12.638374933310379,2.5735567613658166,-7.054504870915519,6.73661370389787e-14
191.53392336039715,19.65835484411216,12.637465378264439,2.5731504399031593,-7.053476353592729,3.368306851948935e-14
191.52411755404418,19.66222995976426,12.636555793278012,2.572744226855157,-7.052447666492645,6.73661370389787e-14
191.51431141880423,19.666104915091406,12.6356461783464,2.572338122297583,-7.051418809541738,6.73661370389787e-14
191.5045049546143,19.66997971010872,12.634736533464908,2.5719321263061885,-7.050389782666441,6.73661370389787e-14
191.49469816141132,19.673854344831362,12.633826858628844,2.5715262389566935,-7.049360585793153,5.0524602779234026e-14
191.4848910391322,19.67772881927446,12.632917153833514,2.571120460324795,-7.0483312188482365,1.0104920555846805e-13
191.47508358771393,19.6816031334532,12.632007419074215,2.570714790486156,-7.047301681758025,1.0104920555846805e-13
191.46527580709335,19.68547728738273,12.631097654346265,2.570309229516422,-7.046271974448806,5.0524602779234026e-14
191.45546769720744,19.68935128107825,12.63018785964496,2.5699037774911972,-7.045242096846846,5.0524602779234026e-14
191.44565925799304,19.693225114554927,12.629278034965614,2.569498434486073,-7.044212048878364,3.368306851948935e-14
191.43585048938704,19.697098787827976,12.62836818030352,2.5690932005766047,-7.043181830469553,5.0524602779234026e-14
191.42604139132632,19.70097230091259,12.627458295653996,2.568688075838322,-7.042151441546565,5.0524602779234026e-14
191.41623196374763,19.70484565382399,12.626548381012343,2.5682830603467295,-7.041120882035517,8.420767129872338e-14
191.40642220658793,19.708718846577423,12.625638436373862,2.567878154177303,-7.040090151862499,3.368306851948935e-14
191.39661211978398,19.71259187918809,12.624728461733865,2.5674733574054835,-7.039059250953552,1.6841534259744676e-14
191.3868017032726,19.716464751671257,12.623818457087653,2.5670686701066994,-7.038028179234697,1.1789073981821273e-13
191.37699095699057,19.72033746404217,12.622908422430537,2.5666640923563406,-7.036996936631907,1.347322740779574e-13
191.36717988087466,19.724210016316107,12.621998357757812,2.5662596242297733,-7.035965523071132,1.515738083377021e-13
191.3573684748617,19.728082408508325,12.621088263064793,2.5658552658023344,-7.034933938478277,1.347322740779574e-13
191.34755673888833,19.731954640634108,12.620178138346782,2.565451017149335,-7.033902182779217,1.0104920555846805e-13
191.3377446728914,19.735826712708757,12.619267983599086,2.565046878346058,-7.032870255899789,5.0524602779234026e-14
191.3279322768076,19.739698624747565,12.618357798817007,2.5646428494677576,-7.0318381577657965,8.420767129872338e-14
191.3181195505736,19.743570376765838,12.617447583995851,2.5642389305896653,-7.0308058883030125,6.73661370389787e-14
191.30830649412616,19.747441968778904,12.61653733913093,2.5638351217869775,-7.02977344743716,1.1789073981821273e-13
191.29849310740195,19.751313400802097,12.61562706421754,2.5634314231348707,-7.028740835093949,3.368306851948935e-14
191.28867939033765,19.75518467285074,12.614716759250992,2.5630278347084876,-7.027708051199034,1.347322740779574e-13
191.27886534286986,19.759055784940184,12.613806424226595,2.562624356582946,-7.026675095678044,1.347322740779574e-13
191.26905096493533,19.762926737085795,12.612896059139647,2.562220988833338,-7.025641968456579,1.347322740779574e-13
191.2592362564706,19.766797529302945,12.611985663985454,2.561817731534726,-7.0246086694601875,1.1789073981821273e-13
191.2494212174123,19.770668161606995,12.611075238759327,2.5614145847621432,-7.023575198614395,5.0524602779234026e-14
191.2396058476971,19.774538634013325,12.610164783456565,2.561011548590596,-7.02254155584469,1.1789073981821273e-13
191.22979014726155,19.778408946537347,12.609254298072477,2.560608623095068,-7.021507741076524,6.73661370389787e-14
191.2199741160422,19.78227909919445,12.608343782602368,2.5602058083505117,-7.020473754235312,1.347322740779574e-13
191.21015775397566,19.786149092000063,12.607433237041542,2.559803104431848,-7.019439595246437,3.368306851948935e-14
191.2003410609985,19.79001892496959,12.606522661385307,2.5594005114139757,-7.018405264035247,1.0104920555846805e-13
191.1905240370472,19.793888598118482,12.605612055628967,2.5589980293717614,-7.01737076052705,1.1789073981821273e-13
191.18070668205831,19.797758111462162,12.60470141976783,2.5585956583800513,-7.016336084647122,1.1789073981821273e-13
191.1708889959683,19.801627465016097,12.603790753797197,2.558193398513656,-7.015301236320706,0.0
191.16107097871378,19.805496658795732,12.602880057712378,2.5577912498473596,-7.014266215473005,-1.6841534259744676e-14
191.15125263023114,19.80936569281654,12.601969331508673,2.557389212455927,-7.013231022029189,8.420767129872338e-14
191.14143395045687,19.813234567094007,12.60105857518139,2.5569872864140843,-7.0121956559143985,1.0104920555846805e-13
191.1316149393274,19.817103281643615,12.60014778872584,2.556585471796536,-7.011160117053724,8.420767129872338e-14
191.12179559677924,19.82097183648086,12.59923697213732,2.556183768677956,-7.010124405372237,1.0104920555846805e-13
191.11197592274877,19.82484023162126,12.598326125411136,2.5557821771329916,-7.009088520794966,1.0104920555846805e-13
191.1021559171724,19.828708467080308,12.597415248542598,2.555380697236266,-7.0080524632469015,1.0104920555846805e-13
191.09233557998658,19.832576542873554,12.596504341527009,2.5549793290623666,-7.007016232653004,3.368306851948935e-14
191.08251491112767,19.836444459016512,12.59559340435968,2.554578072685861,-7.005979828938197,1.347322740779574e-13
191.07269391053202,19.840312215524744,12.594682437035905,2.554176928181282,-7.004943252027363,1.1789073981821273e-13
191.06287257813605,19.844179812413792,12.593771439550999,2.553775895623142,-7.003906501845364,8.420767129872338e-14
191.05305091387606,19.84804724969922,12.59286041190026,2.553374975085922,-7.002869578317014,1.0104920555846805e-13
191.0432289176884,19.8519145273966,12.591949354079004,2.5529741666440713,-7.0018324813670905,1.0104920555846805e-13
191.03340658950938,19.85578164552151,12.591038266082526,2.5525734703720158,-7.0007952109203435,1.347322740779574e-13
191.02358392927533,19.859648604089557,12.590127147906138,2.552172886344155,-6.999757766901483,8.420767129872338e-14
191.01376093692252,19.863515403116324,12.589215999545143,2.5517724146348586,-6.998720149235185,6.73661370389787e-14
191.0039376123873,19.86738204261742,12.588304820994844,2.5513720553184625,-6.997682357846092,8.420767129872338e-14
190.9941139556058,19.871248522608468,12.587393612250551,2.5509718084692867,-6.996644392658803,5.0524602779234026e-14
190.98428996651438,19.87511484310511,12.586482373307568,2.5505716741616147,-6.995606253597895,5.0524602779234026e-14
190.97446564504926,19.87898100412296,12.585571104161193,2.5501716524697042,-6.994567940587903,3.368306851948935e-14
190.96464099114667,19.882847005677675,12.584659804806748,2.5497717434677822,-6.9935294535533155,6.73661370389787e-14
190.95481600474278,19.88671284778491,12.583748475239526,2.549371947230056,-6.992490792418605,5.0524602779234026e-14
190.94499068577383,19.890578530460324,12.582837115454833,2.548972263830697,-6.991451957108196,1.347322740779574e-13
190.935165034176,19.894444053719614,12.581925725447975,2.5485726933438513,-6.990412947546483,8.420767129872338e-14
190.92533904988545,19.89830941757844,12.581014305214262,2.5481732358436364,-6.989373763657822,1.1789073981821273e-13
190.91551273283832,19.902174622052506,12.580102854748995,2.5477738914041446,-6.988334405366534,1.515738083377021e-13
190.90568608297076,19.90603966715751,12.579191374047484,2.5473746600994334,-6.987294872596906,1.0104920555846805e-13
190.89585910021896,19.909904552909172,12.578279863105022,2.546975542003544,-6.986255165273191,8.420767129872338e-14
190.88603178451893,19.913769279323205,12.57736832191693,2.546576537190477,-6.985215283319603,1.6841534259744676e-14
190.8762041358069,19.917633846415338,12.57645675047851,2.546177645734209,-6.984175226660318,1.0104920555846805e-13
190.86637615401884,19.92149825420132,12.57554514878506,2.5457788677086985,-6.983134995219483,8.420767129872338e-14
190.85654783909087,19.925362502696895,12.574633516831895,2.54538020318786,-6.982094588921209,0.0
190.84671919095908,19.929226591917818,12.573721854614309,2.5449816522455895,-6.981054007689568,8.420767129872338e-14
190.83689020955944,19.933090521879862,12.572810162127617,2.544583214955755,-6.980013251448597,1.0104920555846805e-13
190.8270608948281,19.936954292598813,12.571898439367121,2.5441848913921916,-6.978972320122297,1.0104920555846805e-13
190.81723124670094,19.940817904090437,12.570986686328128,2.5437866816287094,-6.977931213634639,1.0104920555846805e-13
190.8074012651141,19.944681356370552,12.570074903005937,2.543388585739093,-6.976889931909553,1.6841534259744676e-14
190.7975709500035,19.948544649454938,12.569163089395866,2.542990603797091,-6.975848474870928,1.0104920555846805e-13
190.7877403013051,19.95240778335943,12.56825124549321,2.5425927358764353,-6.974806842442634,5.0524602779234026e-14
190.77790931895493,19.956270758099848,12.567339371293276,2.542194982050817,-6.973765034548491,3.368306851948935e-14
190.76807800288887,19.960133573692016,12.566427466791371,2.5417973423939086,-6.972723051112288,3.368306851948935e-14
190.75824635304292,19.963996230151785,12.565515531982802,2.54139981697935,-6.97168089205778,1.515738083377021e-13
190.74841436935293,19.967858727495013,12.564603566862875,2.5410024058807568,-6.97063855730868,8.420767129872338e-14
190.73858205175492,19.971721065737555,12.563691571426887,2.540605109171711,-6.96959604678868,1.1789073981821273e-13
190.72874940018468,19.975583244895272,12.56277954567015,2.5402079269257696,-6.968553360421419,6.73661370389787e-14
190.7189164145781,19.97944526498405,12.561867489587973,2.539810859216461,-6.967510498130507,8.420767129872338e-14
190.70908309487112,19.983307126019795,12.560955403175655,2.539413906117286,-6.966467459839526,1.6841534259744676e-14
190.69924944099952,19.98716882801837,12.560043286428508,2.539017067701714,-6.96542424547201,6.73661370389787e-14
190.6894154528992,19.991030370995716,12.559131139341828,2.5386203440431916,-6.964380854951468,-1.6841534259744676e-14
190.679581130506,19.994891754967732,12.558218961910928,2.5382237352151322,-6.963337288201366,1.1789073981821273e-13
190.66974647375562,19.998752979950357,12.557306754131108,2.5378272412909273,-6.962293545145137,6.73661370389787e-14
190.65991148258394,20.00261404595952,12.556394515997685,2.5374308623439283,-6.961249625706175,8.420767129872338e-14
190.65007615692673,20.00647495301115,12.555482247505953,2.5370345984474736,-6.960205529807847,6.73661370389787e-14
190.64024049671977,20.010335701121235,12.554569948651215,2.536638449674861,-6.959161257373481,8.420767129872338e-14
190.63040450189882,20.014196290305716,12.553657619428789,2.5362424160993635,-6.958116808326359,8.420767129872338e-14
190.6205681723996,20.018056720580567,12.552745259833967,2.5358464977942328,-6.957072182589744,8.420767129872338e-14
190.61073150815787,20.021916991961778,12.551832869862062,2.5354506948326807,-6.956027380086851,1.347322740779574e-13
190.6008945091093,20.025777104465334,12.550920449508382,2.5350550072878986,-6.954982400740861,8.420767129872338e-14
