galstreams/tracks/track.st.NGC5466.grillmair2006.ecsv
# %ECSV 0.9
# ---
# datatype:
# - {name: ra, unit: deg, datatype: float64}
# - {name: dec, unit: deg, datatype: float64}
# - {name: distance, unit: kpc, datatype: float64}
# - {name: pm_ra_cosdec, unit: mas / yr, datatype: float64}
# - {name: pm_dec, unit: mas / yr, datatype: float64}
# - {name: radial_velocity, unit: km / s, datatype: float64}
# delimiter: ','
# meta: !!omap
# - __serialized_columns__:
#     dec:
#       __class__: astropy.coordinates.angles.Latitude
#       unit: &id001 !astropy.units.Unit {unit: deg}
#       value: !astropy.table.SerializedColumn {name: dec}
#     distance:
#       __class__: astropy.coordinates.distances.Distance
#       unit: !astropy.units.Unit {unit: kpc}
#       value: !astropy.table.SerializedColumn {name: distance}
#     pm_dec:
#       __class__: astropy.units.quantity.Quantity
#       unit: !astropy.units.Unit {unit: mas / yr}
#       value: !astropy.table.SerializedColumn {name: pm_dec}
#     pm_ra_cosdec:
#       __class__: astropy.units.quantity.Quantity
#       unit: !astropy.units.Unit {unit: mas / yr}
#       value: !astropy.table.SerializedColumn {name: pm_ra_cosdec}
#     ra:
#       __class__: astropy.coordinates.angles.Longitude
#       unit: *id001
#       value: !astropy.table.SerializedColumn {name: ra}
#       wrap_angle: !astropy.coordinates.Angle
#         unit: *id001
#         value: 360.0
#     radial_velocity:
#       __class__: astropy.units.quantity.Quantity
#       unit: !astropy.units.Unit {unit: km / s}
#       value: !astropy.table.SerializedColumn {name: radial_velocity}
# schema: astropy-2.0
ra,dec,distance,pm_ra_cosdec,pm_dec,radial_velocity
228.8337165764973,20.45696628318264,16.600000000000026,0.0,0.0,0.0
228.8224457583982,20.45988786663701,16.600000000000023,0.0,0.0,0.0
228.81117799607156,20.462812778526374,16.600000000000023,0.0,0.0,0.0
228.79991328622162,20.465741016012373,16.600000000000023,0.0,0.0,0.0
228.7886516255543,20.46867257625772,16.600000000000023,0.0,0.0,0.0
228.77739301077742,20.471607456426142,16.600000000000026,0.0,0.0,0.0
228.7661374386004,20.474545653682586,16.600000000000023,0.0,0.0,0.0
228.75488490573449,20.477487165192937,16.600000000000023,0.0,0.0,0.0
228.74363540889263,20.48043198812435,16.600000000000026,0.0,0.0,0.0
228.73238894478965,20.483380119644895,16.600000000000026,0.0,0.0,0.0
228.72114551014187,20.48633155692388,16.600000000000026,0.0,0.0,0.0
228.7099051016676,20.48928629713158,16.600000000000026,0.0,0.0,0.0
228.69866771608673,20.492244337439487,16.600000000000023,0.0,0.0,0.0
228.687433350121,20.495205675020056,16.600000000000023,0.0,0.0,0.0
228.6762020004938,20.49817030704695,16.600000000000023,0.0,0.0,0.0
228.66497366393034,20.501138230694828,16.600000000000023,0.0,0.0,0.0
228.6537483371575,20.504109443139523,16.600000000000023,0.0,0.0,0.0
228.642526016904,20.50708394155785,16.600000000000026,0.0,0.0,0.0
228.63130669990008,20.510061723127855,16.600000000000023,0.0,0.0,0.0
228.62009038287803,20.513042785028524,16.600000000000026,0.0,0.0,0.0
228.60887706257157,20.516027124440082,16.600000000000023,0.0,0.0,0.0
228.59766673571642,20.519014738543685,16.600000000000023,0.0,0.0,0.0
228.5864593990498,20.522005624521746,16.600000000000023,0.0,0.0,0.0
228.5752550493109,20.52499977955761,16.600000000000023,0.0,0.0,0.0
228.56405368324033,20.527997200835845,16.600000000000023,0.0,0.0,0.0
228.55285529758078,20.530997885541975,16.600000000000023,0.0,0.0,0.0
228.54165988907644,20.534001830862756,16.600000000000023,0.0,0.0,0.0
228.53046745447332,20.53700903398589,16.600000000000023,0.0,0.0,0.0
228.51927799051919,20.54001949210028,16.600000000000023,0.0,0.0,0.0
228.50809149396332,20.543033202395897,16.600000000000026,0.0,0.0,0.0
228.49690796155707,20.546050162063707,16.600000000000023,0.0,0.0,0.0
228.4857273900532,20.549070368295904,16.600000000000026,0.0,0.0,0.0
228.47454977620643,20.552093818285627,16.600000000000026,0.0,0.0,0.0
228.46337511677308,20.55512050922724,16.600000000000026,0.0,0.0,0.0
228.45220340851125,20.558150438316073,16.60000000000002,0.0,0.0,0.0
228.44103464818068,20.561183602748642,16.600000000000023,0.0,0.0,0.0
228.42986883254292,20.56421999972245,16.60000000000002,0.0,0.0,0.0
228.41870595836124,20.567259626436197,16.60000000000002,0.0,0.0,0.0
228.40754602240057,20.57030248008956,16.600000000000023,0.0,0.0,0.0
228.3963890214276,20.573348557883403,16.600000000000023,0.0,0.0,0.0
228.38523495221077,20.57639785701957,16.60000000000002,0.0,0.0,0.0
228.37408381152014,20.579450374701118,16.600000000000023,0.0,0.0,0.0
228.36293559612758,20.582506108132048,16.60000000000002,0.0,0.0,0.0
228.35179030280665,20.58556505451757,16.60000000000002,0.0,0.0,0.0
228.34064792833266,20.588627211063883,16.60000000000002,0.0,0.0,0.0
228.3295084694825,20.591692574978357,16.60000000000002,0.0,0.0,0.0
228.318371923035,20.594761143469352,16.600000000000023,0.0,0.0,0.0
228.30723828577044,20.597832913746416,16.600000000000023,0.0,0.0,0.0
228.29610755447106,20.600907883020078,16.600000000000023,0.0,0.0,0.0
228.28497972592064,20.603986048502055,16.60000000000002,0.0,0.0,0.0
228.2738547969048,20.607067407405026,16.600000000000023,0.0,0.0,0.0
228.26273276421065,20.61015195694289,16.60000000000002,0.0,0.0,0.0
228.2516136246274,20.613239694330503,16.60000000000002,0.0,0.0,0.0
228.24049737494553,20.616330616783873,16.60000000000002,0.0,0.0,0.0
228.2293840119575,20.61942472152014,16.600000000000023,0.0,0.0,0.0
228.21827353245746,20.622522005757382,16.60000000000002,0.0,0.0,0.0
228.20716593324113,20.625622466714912,16.60000000000002,0.0,0.0,0.0
228.19606121110604,20.628726101612994,16.60000000000002,0.0,0.0,0.0
228.1849593628514,20.6318329076731,16.60000000000002,0.0,0.0,0.0
228.1738603852782,20.634942882117656,16.600000000000023,0.0,0.0,0.0
228.16276427518898,20.638056022170307,16.60000000000002,0.0,0.0,0.0
228.1516710293881,20.64117232505562,16.60000000000002,0.0,0.0,0.0
228.14058064468153,20.64429178799942,16.600000000000023,0.0,0.0,0.0
228.12949311787713,20.64741440822845,16.600000000000023,0.0,0.0,0.0
228.11840844578415,20.650540182970673,16.60000000000002,0.0,0.0,0.0
228.10732662521386,20.65366910945499,16.60000000000002,0.0,0.0,0.0
228.096247652979,20.656801184911544,16.600000000000023,0.0,0.0,0.0
228.0851715258942,20.659936406571394,16.600000000000023,0.0,0.0,0.0
228.0740982407755,20.663074771666828,16.60000000000002,0.0,0.0,0.0
228.063027794441,20.666216277431083,16.60000000000002,0.0,0.0,0.0
228.05196018371015,20.6693609210986,16.600000000000023,0.0,0.0,0.0
228.04089540540443,20.67250869990476,16.600000000000023,0.0,0.0,0.0
228.02983345634667,20.675659611086196,16.60000000000002,0.0,0.0,0.0
228.0187743333617,20.67881365188042,16.600000000000023,0.0,0.0,0.0
228.00771803327578,20.681970819526228,16.60000000000002,0.0,0.0,0.0
227.9966645529171,20.685131111263303,16.600000000000023,0.0,0.0,0.0
227.9856138891153,20.68829452433257,16.600000000000023,0.0,0.0,0.0
227.974566038702,20.691461055975893,16.60000000000002,0.0,0.0,0.0
227.96352099851023,20.694630703436317,16.60000000000002,0.0,0.0,0.0
227.9524787653748,20.697803463957964,16.60000000000002,0.0,0.0,0.0
227.94143933613236,20.700979334785917,16.60000000000002,0.0,0.0,0.0
227.93040270762094,20.70415831316651,16.600000000000023,0.0,0.0,0.0
227.9193688766806,20.70734039634696,16.600000000000023,0.0,0.0,0.0
227.9083378401528,20.710525581575766,16.60000000000002,0.0,0.0,0.0
227.8973095948809,20.7137138661023,16.600000000000023,0.0,0.0,0.0
227.88628413770977,20.716905247177202,16.60000000000002,0.0,0.0,0.0
227.8752614654861,20.720099722052012,16.60000000000002,0.0,0.0,0.0
227.86424157505812,20.723297287979523,16.60000000000002,0.0,0.0,0.0
227.85322446327592,20.72649794221342,16.60000000000002,0.0,0.0,0.0
227.8422101269911,20.729701682008642,16.60000000000002,0.0,0.0,0.0
227.83119856305706,20.73290850462104,16.60000000000002,0.0,0.0,0.0
227.82018976832876,20.736118407307693,16.600000000000023,0.0,0.0,0.0
227.80918373966304,20.7393313873266,16.600000000000023,0.0,0.0,0.0
227.79818047391814,20.742547441936996,16.600000000000023,0.0,0.0,0.0
227.78717996795424,20.74576656839904,16.60000000000002,0.0,0.0,0.0
227.776182218633,20.748988763974104,16.60000000000002,0.0,0.0,0.0
227.7651872228179,20.75221402592449,16.60000000000002,0.0,0.0,0.0
227.75419497737397,20.755442351513736,16.60000000000002,0.0,0.0,0.0
227.743205479168,20.75867373800628,16.60000000000002,0.0,0.0,0.0
227.73221872506844,20.761908182667806,16.60000000000002,0.0,0.0,0.0
227.7212347119454,20.765145682764917,16.600000000000023,0.0,0.0,0.0
227.7102534366706,20.768386235565416,16.60000000000002,0.0,0.0,0.0
227.69927489611757,20.771629838338068,16.60000000000002,0.0,0.0,0.0
227.68829908716143,20.77487648835279,16.600000000000023,0.0,0.0,0.0
227.67732600667884,20.778126182880595,16.60000000000002,0.0,0.0,0.0
227.66635565154837,20.781378919193436,16.60000000000002,0.0,0.0,0.0
227.65538801865011,20.784634694564513,16.60000000000002,0.0,0.0,0.0
227.64442310486592,20.78789350626792,16.60000000000002,0.0,0.0,0.0
227.63346090707913,20.791155351578993,16.600000000000023,0.0,0.0,0.0
227.62250142217496,20.794420227773987,16.60000000000002,0.0,0.0,0.0
227.61154464704012,20.797688132130357,16.60000000000002,0.0,0.0,0.0
227.60059057856316,20.80095906192653,16.60000000000002,0.0,0.0,0.0
227.5896392136341,20.804233014442076,16.600000000000023,0.0,0.0,0.0
227.57869054914474,20.807509986957577,16.60000000000002,0.0,0.0,0.0
227.5677445819885,20.81078997675475,16.60000000000002,0.0,0.0,0.0
227.55680130906055,20.814072981116308,16.600000000000023,0.0,0.0,0.0
227.54586072725755,20.81735899732612,16.60000000000002,0.0,0.0,0.0
227.53492283347802,20.820648022669012,16.60000000000002,0.0,0.0,0.0
227.52398762462187,20.823940054431024,16.60000000000002,0.0,0.0,0.0
227.51305509759104,20.82723508989911,16.60000000000002,0.0,0.0,0.0
227.50212524928872,20.83053312636144,16.60000000000002,0.0,0.0,0.0
227.4911980766201,20.833834161107127,16.600000000000023,0.0,0.0,0.0
227.48027357649178,20.83713819142646,16.600000000000023,0.0,0.0,0.0
227.46935174581222,20.8404452146107,16.60000000000002,0.0,0.0,0.0
227.4584325814913,20.843755227952272,16.60000000000002,0.0,0.0,0.0
227.44751608044078,20.847068228744572,16.60000000000002,0.0,0.0,0.0
227.43660223957392,20.85038421428216,16.60000000000002,0.0,0.0,0.0
227.4256910558057,20.85370318186056,16.60000000000002,0.0,0.0,0.0
227.41478252605276,20.857025128776456,16.60000000000002,0.0,0.0,0.0
227.4038766472333,20.8603500523276,16.60000000000002,0.0,0.0,0.0
227.39297341626727,20.86367794981273,16.60000000000002,0.0,0.0,0.0
227.38207283007628,20.867008818531666,16.600000000000023,0.0,0.0,0.0
227.37117488558349,20.870342655785365,16.60000000000002,0.0,0.0,0.0
227.3602795797137,20.87367945887585,16.60000000000002,0.0,0.0,0.0
227.3493869093936,20.877019225106086,16.600000000000023,0.0,0.0,0.0
227.3384968715511,20.88036195178027,16.60000000000002,0.0,0.0,0.0
227.32760946311615,20.883707636203514,16.60000000000002,0.0,0.0,0.0
227.31672468102013,20.88705627568214,16.600000000000023,0.0,0.0,0.0
227.30584252219623,20.89040786752338,16.600000000000023,0.0,0.0,0.0
227.29496298357896,20.893762409035702,16.60000000000002,0.0,0.0,0.0
227.28408606210493,20.897119897528462,16.600000000000023,0.0,0.0,0.0
227.27321175471195,20.900480330312256,16.60000000000002,0.0,0.0,0.0
227.2623400583398,20.903843704698588,16.60000000000002,0.0,0.0,0.0
227.2514709699297,20.907210018000143,16.60000000000002,0.0,0.0,0.0
227.24060448642462,20.91057926753058,16.60000000000002,0.0,0.0,0.0
227.229740604769,20.913951450604728,16.60000000000002,0.0,0.0,0.0
227.21887932190924,20.917326564538342,16.600000000000023,0.0,0.0,0.0
227.20802063479303,20.9207046066484,16.600000000000023,0.0,0.0,0.0
227.19716454036995,20.924085574252786,16.60000000000002,0.0,0.0,0.0
227.186311035591,20.927469464670594,16.60000000000002,0.0,0.0,0.0
227.17546011740902,20.93085627522183,16.600000000000023,0.0,0.0,0.0
227.16461178277828,20.93424600322773,16.60000000000002,0.0,0.0,0.0
227.1537660286549,20.93763864601041,16.600000000000023,0.0,0.0,0.0
227.14292285199653,20.9410342008932,16.600000000000023,0.0,0.0,0.0
227.13208224976233,20.94443266520046,16.60000000000002,0.0,0.0,0.0
227.12124421891326,20.947834036257554,16.60000000000002,0.0,0.0,0.0
227.11040875641194,20.951238311390913,16.600000000000023,0.0,0.0,0.0
227.09957585922243,20.954645487928087,16.600000000000023,0.0,0.0,0.0
227.08874552431055,20.958055563197686,16.600000000000023,0.0,0.0,0.0
227.07791774864378,20.961468534529292,16.60000000000002,0.0,0.0,0.0
227.06709252919106,20.964884399253684,16.600000000000023,0.0,0.0,0.0
227.05626986292316,20.968303154702557,16.600000000000023,0.0,0.0,0.0
227.04544974681232,20.97172479820879,16.60000000000002,0.0,0.0,0.0
227.03463217783258,20.975149327106212,16.60000000000002,0.0,0.0,0.0
227.0238171529593,20.978576738729853,16.600000000000023,0.0,0.0,0.0
227.01300466916985,20.982007030415623,16.60000000000002,0.0,0.0,0.0
227.0021947234429,20.985440199500683,16.60000000000002,0.0,0.0,0.0
226.99138731275895,20.988876243323066,16.60000000000002,0.0,0.0,0.0
226.98058243409994,20.992315159222027,16.60000000000002,0.0,0.0,0.0
226.96978008444967,20.99575694453776,16.60000000000002,0.0,0.0,0.0
226.95898026079325,20.99920159661163,16.600000000000023,0.0,0.0,0.0
226.94818296011778,21.002649112785917,16.600000000000023,0.0,0.0,0.0
226.9373881794116,21.00609949040412,16.60000000000002,0.0,0.0,0.0
226.92659591566502,21.00955272681065,16.600000000000023,0.0,0.0,0.0
226.9158061658696,21.013008819351114,16.60000000000002,0.0,0.0,0.0
226.90501892701886,21.016467765372028,16.60000000000002,0.0,0.0,0.0
226.8942341961077,21.01992956222111,16.600000000000023,0.0,0.0,0.0
226.88345197013285,21.02339420724701,16.60000000000002,0.0,0.0,0.0
226.87267224609235,21.02686169779956,16.60000000000002,0.0,0.0,0.0
226.8618950209862,21.03033203122951,16.600000000000023,0.0,0.0,0.0
226.8511202918157,21.033805204888807,16.600000000000023,0.0,0.0,0.0
226.840348055584,21.037281216130328,16.60000000000002,0.0,0.0,0.0
226.8295783092957,21.040760062308085,16.60000000000002,0.0,0.0,0.0
226.8188110499571,21.044241740777178,16.60000000000002,0.0,0.0,0.0
226.80804627457616,21.047726248893632,16.600000000000023,0.0,0.0,0.0
226.79728398016223,21.051213584014672,16.60000000000002,0.0,0.0,0.0
226.78652416372654,21.054703743498454,16.600000000000023,0.0,0.0,0.0
226.77576682228175,21.058196724704317,16.600000000000023,0.0,0.0,0.0
226.7650119528422,21.06169252499251,16.60000000000002,0.0,0.0,0.0
226.75425955242378,21.06519114172449,16.60000000000002,0.0,0.0,0.0
226.74350961804407,21.06869257226261,16.600000000000023,0.0,0.0,0.0
226.73276214672214,21.072196813970454,16.600000000000023,0.0,0.0,0.0
226.7220171354788,21.07570386421247,16.60000000000002,0.0,0.0,0.0
226.71127458133637,21.07921372035434,16.60000000000002,0.0,0.0,0.0
226.70053448131878,21.08272637976264,16.60000000000002,0.0,0.0,0.0
226.6897968324516,21.086241839805147,16.60000000000002,0.0,0.0,0.0
226.679061631762,21.089760097850547,16.60000000000002,0.0,0.0,0.0
226.66832887627868,21.093281151268723,16.600000000000023,0.0,0.0,0.0
226.65759856303202,21.096804997430468,16.60000000000002,0.0,0.0,0.0
226.64687068905394,21.100331633707764,16.600000000000016,0.0,0.0,0.0
226.6361452513781,21.10386105747352,16.60000000000002,0.0,0.0,0.0
226.62542224703952,21.107393266101823,16.60000000000002,0.0,0.0,0.0
226.61470167307502,21.11092825696768,16.600000000000023,0.0,0.0,0.0
226.60398352652288,21.114466027447264,16.60000000000002,0.0,0.0,0.0
226.59326780442314,21.11800657491771,16.600000000000023,0.0,0.0,0.0
226.5825545038172,21.12154989675731,16.60000000000002,0.0,0.0,0.0
226.5718436217483,21.12509599034527,16.60000000000002,0.0,0.0,0.0
226.5611351552611,21.12864485306195,16.600000000000023,0.0,0.0,0.0
226.5504291014019,21.13219648228877,16.600000000000023,0.0,0.0,0.0
226.53972545721868,21.135750875408092,16.60000000000002,0.0,0.0,0.0
226.52902421976088,21.13930802980347,16.60000000000002,0.0,0.0,0.0
226.51832538607962,21.14286794285935,16.60000000000002,0.0,0.0,0.0
226.5076289532275,21.146430611961414,16.60000000000002,0.0,0.0,0.0
226.49693491825894,21.149996034496194,16.60000000000002,0.0,0.0,0.0
226.48624327822964,21.153564207851463,16.600000000000023,0.0,0.0,0.0
226.4755540301972,21.157135129415867,16.60000000000002,0.0,0.0,0.0
226.4648671712205,21.160708796579254,16.60000000000002,0.0,0.0,0.0
226.45418269836026,21.16428520673238,16.600000000000023,0.0,0.0,0.0
226.44350060867865,21.167864357267216,16.60000000000002,0.0,0.0,0.0
226.4328208992395,21.171446245576586,16.60000000000002,0.0,0.0,0.0
226.4221435671081,21.175030869054556,16.600000000000023,0.0,0.0,0.0
226.41146860935152,21.178618225096063,16.600000000000023,0.0,0.0,0.0
226.40079602303823,21.182208311097238,16.60000000000002,0.0,0.0,0.0
226.39012580523843,21.185801124455143,16.600000000000023,0.0,0.0,0.0
226.3794579530237,21.189396662568015,16.600000000000023,0.0,0.0,0.0
226.36879246346749,21.19299492283497,16.60000000000002,0.0,0.0,0.0
226.3581293336445,21.19659590265636,16.600000000000023,0.0,0.0,0.0
226.34746856063137,21.200199599433404,16.600000000000023,0.0,0.0,0.0
226.336810141506,21.203806010568538,16.60000000000002,0.0,0.0,0.0
226.32615407334805,21.20741513346507,16.60000000000002,0.0,0.0,0.0
226.31550035323863,21.211026965527513,16.60000000000002,0.0,0.0,0.0
226.30484897826062,21.214641504161296,16.60000000000002,0.0,0.0,0.0
226.29419994549832,21.21825874677299,16.60000000000002,0.0,0.0,0.0
226.28355325203754,21.221878690770193,16.600000000000023,0.0,0.0,0.0
226.27290889496592,21.22550133356147,16.60000000000002,0.0,0.0,0.0
226.26226687137245,21.229126672556568,16.600000000000016,0.0,0.0,0.0
