galstreams/tracks/track.st.New-1.ibata2024.ecsv
# %ECSV 1.0
# ---
# datatype:
# - {name: ra, unit: deg, datatype: float64}
# - {name: dec, unit: deg, datatype: float64}
# - {name: distance, unit: kpc, datatype: float64}
# - {name: pm_ra_cosdec, unit: mas / yr, datatype: float64}
# - {name: pm_dec, unit: mas / yr, datatype: float64}
# - {name: radial_velocity, unit: km / s, datatype: float64}
# delimiter: ','
# meta: !!omap
# - __serialized_columns__:
#     dec:
#       __class__: astropy.coordinates.angles.Latitude
#       unit: &id001 !astropy.units.Unit {unit: deg}
#       value: !astropy.table.SerializedColumn {name: dec}
#     distance:
#       __class__: astropy.coordinates.distances.Distance
#       unit: !astropy.units.Unit {unit: kpc}
#       value: !astropy.table.SerializedColumn {name: distance}
#     pm_dec:
#       __class__: astropy.units.quantity.Quantity
#       unit: !astropy.units.Unit {unit: mas / yr}
#       value: !astropy.table.SerializedColumn {name: pm_dec}
#     pm_ra_cosdec:
#       __class__: astropy.units.quantity.Quantity
#       unit: !astropy.units.Unit {unit: mas / yr}
#       value: !astropy.table.SerializedColumn {name: pm_ra_cosdec}
#     ra:
#       __class__: astropy.coordinates.angles.Longitude
#       unit: *id001
#       value: !astropy.table.SerializedColumn {name: ra}
#       wrap_angle: !astropy.coordinates.Angle
#         unit: *id001
#         value: 360.0
#     radial_velocity:
#       __class__: astropy.units.quantity.Quantity
#       unit: !astropy.units.Unit {unit: km / s}
#       value: !astropy.table.SerializedColumn {name: radial_velocity}
# schema: astropy-2.0
ra,dec,distance,pm_ra_cosdec,pm_dec,radial_velocity
[from data line 1578]
27.069865683286515,-50.96445498853164,0.9999999999999989,2.1196969660664906,1.7651154526916768,68.99229031076037
27.0704676969168,-50.974447105293834,0.9999999999999987,2.1196000009506775,1.7651387612936702,69.0590239507198
27.071070016438114,-50.984439217823535,0.9999999999999988,2.119503239487754,1.7651622706232617,69.12578084434531
27.071672643638713,-50.994431326079805,0.9999999999999988,2.1194066825301867,1.7651859819808697,69.19256070294433
27.072275580308442,-51.00442343002167,0.9999999999999988,2.1193103309303347,1.7652098966670362,69.25936323782415
27.07287882823872,-51.01441552960813,0.9999999999999988,2.119214185540442,1.7652340159823945,69.32618816029212
27.07348238922253,-51.02440762479811,0.9999999999999988,2.1191182472126484,1.7652583412276641,69.39303518165562
27.074086265054465,-51.03439971555056,0.999999999999999,2.1190225167989825,1.7652828737036845,69.459904013222
27.074690457530693,-51.04439180182437,0.9999999999999988,2.1189269951513574,1.7653076147113849,69.52679436629857
27.075294968448965,-51.05438388357837,0.9999999999999988,2.1188316831215817,1.765332565551791,69.59370595219276
27.07589979960865,-51.064375960771365,0.999999999999999,2.118736581561348,1.7653577275260313,69.66063848221184
27.07650495281068,-51.07436803336214,0.9999999999999989,2.1186416913222406,1.7653831019353374,69.72759166766322
27.077110429857605,-51.08436010130946,0.9999999999999989,2.1185470132557307,1.7654086900810455,69.79456521985426
27.077716232553563,-51.09435216457199,0.9999999999999988,2.118452548213182,1.7654344932645678,69.86155885009225
27.078322362704288,-51.10434422310841,0.9999999999999988,2.1183582970458414,1.7654605127874472,69.92857226968458
27.07892882211715,-51.11433627687739,0.9999999999999988,2.118264260604841,1.7654867499513127,69.99560518993864
27.079535612601067,-51.124328325837496,0.9999999999999988,2.118170439741214,1.7655132060579009,70.06265732216173
27.080142735966607,-51.134320369947275,0.9999999999999989,2.118076835305868,1.7655398824090325,70.12972837766121
27.080750194025942,-51.14431240916528,0.9999999999999989,2.1179834481496047,1.7655667803066528,70.19681806774447
27.081357988592845,-51.154304443449995,0.9999999999999988,2.117890279123113,1.7655939010527897,70.2639261037188
27.081966121482726,-51.164296472759865,0.9999999999999987,2.1177973290769607,1.7656212459495837,70.33105219689163
27.08257459451256,-51.174288497053304,0.9999999999999988,2.1177045988616183,1.7656488162992758,70.39819605857024
27.08318340950101,-51.1842805162887,0.9999999999999989,2.117612089327425,1.7656766134042075,70.465357400062
27.083792568268304,-51.194272530424385,0.9999999999999988,2.1175198013246215,1.765704638566807,70.53253593267432
27.084402072636326,-51.20426453941867,0.9999999999999988,2.1174277357033255,1.7657328930896323,70.5997313677145
27.08501192442857,-51.21425654322986,0.9999999999999989,2.1173358933135447,1.7657613782753332,70.6669434164899
27.085622125470163,-51.224248541816124,0.9999999999999989,2.1172442750051688,1.765790095426654,70.73417179030784
27.086232677587862,-51.234240535135704,0.9999999999999988,2.117152881627981,1.765819045846447,70.80141620047573
27.086843582610054,-51.24423252314674,0.9999999999999989,2.1170617140316397,1.7658482308376664,70.8686763583009
27.087454842366768,-51.25422450580738,0.9999999999999988,2.116970773065696,1.765877651703378,70.93595197509073
27.088066458689674,-51.26421648307568,0.9999999999999987,2.1168800595795827,1.765907309746737,71.00324276215255
27.088678433412053,-51.27420845490971,0.9999999999999987,2.116789574422618,1.7659372062710146,71.07054843079368
27.089290768368855,-51.28420042126747,0.9999999999999989,2.116699318444008,1.765967342579576,71.13786869232149
27.08990346539667,-51.29419238210694,0.9999999999999989,2.116609292492838,1.765997719975891,71.20520325804337
27.09051652633373,-51.30418433738606,0.9999999999999988,2.116519497418079,1.7660283397635412,71.27255183926665
27.09112995301992,-51.31417628706272,0.9999999999999987,2.1164299340685853,1.7660592032462104,71.33991414729869
27.091743747296757,-51.324168231094816,0.9999999999999988,2.1163406032931023,1.7660903117276812,71.40728989344682
27.09235791100745,-51.33416016944014,0.9999999999999989,2.1162515059402445,1.7661216665118458,71.47467878901843
27.09297244599682,-51.344152102056476,0.9999999999999987,2.1161626428585243,1.7661532689026949,71.54208054532079
27.09358735411137,-51.354144028901594,0.9999999999999988,2.1160740148963306,1.7661851202043293,71.60949487366138
27.09420263719928,-51.36413594993322,0.9999999999999987,2.1159856229019303,1.76621722172096,71.67692148534742
27.094818297110358,-51.37412786510901,0.9999999999999988,2.115897467723479,1.7662495747568911,71.74436009168639
27.095434335696076,-51.38411977438659,0.9999999999999988,2.11580955020902,1.766282180616538,71.81181040398555
27.09605075480962,-51.394111677723586,0.9999999999999988,2.1157218712064645,1.7663150406044243,71.87927213355226
27.096667556305785,-51.404103575077556,0.9999999999999987,2.1156344315636204,1.766348156025182,71.94674499169393
27.097284742041083,-51.41409546640601,0.9999999999999988,2.1155472321281663,1.766381528183535,72.01422868971787
27.097902313873693,-51.42408735166645,0.9999999999999989,2.115460273747665,1.7664151583843335,72.08172293893143
27.098520273663453,-51.434079230816316,0.9999999999999988,2.1153735572695656,1.766449047932519,72.14922745064203
27.0991386232719,-51.44407110381303,0.9999999999999991,2.115287083541191,1.766483198133141,72.21674193615694
27.09975736456222,-51.45406297061394,0.9999999999999989,2.1152008534097564,1.7665176102913653,72.28426610678349
27.100376499399317,-51.46405483117641,0.9999999999999988,2.1151148677223426,1.7665522857124554,72.35179967382912
27.100996029649774,-51.474046685457715,0.9999999999999987,2.1150291273259203,1.7665872257017838,72.41934234860115
27.10161595718187,-51.484038533415124,0.9999999999999989,2.1149436330673343,1.7666224315648345,72.48689384240694
27.102236283865526,-51.49403037500585,0.9999999999999991,2.1148583857933216,1.7666579046071957,72.55445386655383
27.102857011572432,-51.50402221018708,0.999999999999999,2.1147733863504827,1.7666936461345628,72.62202213234917
27.10347814217592,-51.51401403891594,0.9999999999999989,2.114688635585307,1.7667296574527454,72.68959835110026
27.104099677551027,-51.52400586114954,0.999999999999999,2.1146041343441637,1.7667659398676463,72.75718223411458
27.104721619574512,-51.53399767684496,0.9999999999999987,2.1145198834732963,1.7668024946852992,72.8247734926994
27.10534397012483,-51.54398948595921,0.999999999999999,2.1144358838188255,1.7668393232118262,72.89237183816209
27.105966731082113,-51.553981288449286,0.999999999999999,2.1143521362267643,1.7668764267534645,72.95997698180997
27.106589904328242,-51.56397308427212,0.9999999999999989,2.114268641542985,1.7669138066165733,73.02758863495043
27.107213491746784,-51.57396487338463,0.9999999999999989,2.114185400613249,1.7669514641075938,73.09520650889084
27.107837495223027,-51.5839566557437,0.9999999999999991,2.1141024142831935,1.7669894005331024,73.16283031493853
27.108461916643957,-51.59394843130612,0.9999999999999989,2.1140196833983333,1.7670276171997692,73.23045976440082
27.109086757898325,-51.60394020002873,0.9999999999999989,2.1139372088040584,1.7670661154143854,73.29809456858511
27.109712020876525,-51.613931961868246,0.9999999999999989,2.113854991345643,1.7671048964838425,73.36573443879873
27.110337707470748,-51.62392371678139,0.9999999999999989,2.113773031868223,1.7671439617151474,73.433379086349
27.11096381957487,-51.63391546472484,0.9999999999999989,2.1136913312168266,1.7671833124154173,73.50102822254338
27.11159035908449,-51.64390720565524,0.999999999999999,2.1136098902363543,1.7672229498918783,73.56868155868914
27.112217327896968,-51.65389893952915,0.9999999999999989,2.1135287097715736,1.7672628754518689,73.63633880609362
27.11284472791137,-51.66389066630315,0.9999999999999989,2.113447790667144,1.7673030904028355,73.70399967606423
27.11347256102851,-51.67388238593375,0.9999999999999988,2.113367133767582,1.7673435960523385,73.77166387990827
27.114100829150907,-51.683874098377416,0.9999999999999988,2.113286739917293,1.7673843937080518,73.83933112893311
27.11472953418288,-51.69386580359059,0.9999999999999989,2.1132066099605513,1.767425484677756,73.9070011344461
27.115358678030436,-51.70385750152966,0.9999999999999989,2.1131267447415105,1.7674668702693426,73.97467360775465
27.11598826260136,-51.713849192151,0.9999999999999989,2.1130471451041917,1.767508551790831,74.04234826016602
27.11661828980514,-51.72384087541089,0.9999999999999989,2.1129678118925,1.7675505305503245,74.11002480298764
27.117248761553068,-51.733832551265614,0.999999999999999,2.1128887459502055,1.7675928078560608,74.1777029475268
27.117879679758158,-51.743824219671424,0.9999999999999989,2.1128099481209563,1.7676353850163906,74.24538240509088
27.11851104633518,-51.753815880584504,0.9999999999999989,2.112731419248271,1.7676782633397643,74.31306288698725
27.119142863200654,-51.76380753396098,0.9999999999999989,2.11265316017555,1.7677214441347502,74.38074410452327
27.119775132272878,-51.773799179757006,0.999999999999999,2.1125751717460526,1.76776492871004,74.44842576900623
27.120407855471903,-51.78379081792862,0.999999999999999,2.112497454802927,1.7678087183744218,74.51610759174358
27.121041034719536,-51.793782448431855,0.999999999999999,2.112420010189182,1.7678528144368144,74.58378928404255
27.121674671939367,-51.803774071222726,0.9999999999999989,2.112342838747699,1.7678972182062438,74.65147055721059
27.12230876905674,-51.81376568625717,0.9999999999999989,2.112265941321237,1.767941930991845,74.71915112255505
27.122943327998776,-51.82375729349108,0.999999999999999,2.112189318752425,1.7679869541028665,74.78683069138322
27.123578350694373,-51.83374889288033,0.9999999999999989,2.1121129718837626,1.768032288848687,74.85450897500246
27.124213839074198,-51.84374048438074,0.999999999999999,2.112036901557622,1.7680779365387806,74.9221856847202
27.124849795070705,-51.85373206794809,0.9999999999999989,2.111961108616242,1.7681238984827496,74.98986053184373
27.125486220618136,-51.863723643538144,0.999999999999999,2.111885593901734,1.768170175990309,75.05753322768044
27.12612311765249,-51.87371521110658,0.9999999999999989,2.1118103582560854,1.76821677037129,75.12520348353762
27.1267604881116,-51.88370677060907,0.999999999999999,2.111735402521143,1.7682636829356309,75.19287101072268
27.127398333935034,-51.89369832200124,0.9999999999999989,2.111660727538635,1.7683109149933998,75.26053552054294
27.128036657064175,-51.903689865238654,0.9999999999999989,2.111586334150151,1.768358467854771,75.32819672430577
27.128675459442224,-51.91368140027683,0.9999999999999989,2.111512223197149,1.7684063428300325,75.39585433331854
27.129314743014138,-51.92367292707129,0.9999999999999989,2.111438395520967,1.7684545412296018,75.46350805888858
27.129954509726716,-51.93366444557748,0.9999999999999988,2.1113648519627937,1.768503064364003,75.53115761232324
27.130594761528513,-51.943655955750785,0.9999999999999989,2.1112915933637035,1.7685519135438783,75.5988027049299
27.13123550036991,-51.9536474575466,0.999999999999999,2.1112186205646326,1.7686010900799953,75.66644304801586
27.13187672820312,-51.96363895092022,0.9999999999999989,2.1111459344063794,1.7686505952832272,75.73407835288849
27.13251844698213,-51.97363043582694,0.999999999999999,2.111073535729618,1.7687004304645715,75.8017083308552
27.13316065866275,-51.98362191222202,0.999999999999999,2.1110014253748846,1.7687505969351491,75.86933269322327
27.1338033652026,-51.99361338006064,0.9999999999999989,2.110929604182589,1.7688010960061904,75.93695115130011
27.13444656856113,-52.00360483929794,0.999999999999999,2.1108580729929987,1.768851928989041,76.00456341639303
27.135090270699607,-52.01359628988904,0.9999999999999989,2.1107868326462524,1.7689030971951762,76.07216919980942
27.135734473581127,-52.023587731789036,0.999999999999999,2.110715883982353,1.7689546019361932,76.13976821285657
27.136379179170582,-52.033579164952926,0.9999999999999989,2.1106452278411743,1.7690064445237867,76.20736016684188
27.13702438943471,-52.04357058933569,0.999999999999999,2.1105748650624543,1.7690586262697918,76.27494477307276
27.1376701063421,-52.05356200489228,0.999999999999999,2.110504796485791,1.7691111484861555,76.34252174285645
27.138316331863138,-52.06355341157759,0.9999999999999989,2.1104350229506483,1.7691640124849428,76.41009078750038
27.13896306797007,-52.07354480934648,0.999999999999999,2.110365545296358,1.7692172195783522,76.47765161831182
27.139610316636976,-52.083536198153745,0.9999999999999989,2.11029636436212,1.769270771078677,76.54520394659822
27.140258079839747,-52.09352757795417,0.999999999999999,2.1102274809869925,1.7693246682983537,76.6127474836669
27.140906359556183,-52.10351894870248,0.9999999999999989,2.110158896009894,1.7693789125499393,76.68028194082517
27.141555157765858,-52.11351031035333,0.9999999999999989,2.1100906102696175,1.7694335051460879,76.74780702938045
27.142204476450235,-52.12350166286137,0.9999999999999989,2.1100226246048086,1.7694884473996,76.81532246064005
27.14285431759263,-52.133493006181205,0.9999999999999989,2.109954939853985,1.7695437406233951,76.8828279459113
27.143504683178204,-52.14348434026738,0.9999999999999988,2.1098875568555133,1.769599386130503,76.95032319650163
27.144155575193945,-52.15347566507439,0.9999999999999989,2.1098204764476414,1.769655385234083,77.01780792371834
27.14480699562876,-52.1634669805567,0.999999999999999,2.109753699468466,1.7697117392474144,77.08528183886881
27.14545894647336,-52.173458286668726,0.9999999999999989,2.1096872267559474,1.7697684494838972,77.15274465326031
27.14611142972037,-52.18344958336484,0.9999999999999989,2.109621059147911,1.769825517257063,77.22019607820032
27.146764447364255,-52.193440870599375,0.999999999999999,2.109555197482039,1.7698829438805568,77.2876358249961
27.147418001401345,-52.20343214832661,0.9999999999999989,2.109489642595877,1.76994073066815,77.35506360495502
27.14807209382984,-52.213423416500795,0.999999999999999,2.1094243953268323,1.7699988789337375,77.42247912938448
27.148726726649844,-52.2234146750761,0.9999999999999989,2.1093594565121716,1.7700573899913437,77.4898821095918
27.14938190186332,-52.233405924006696,0.999999999999999,2.1092948269890144,1.770116265155104,77.5572722568843
27.15003762147409,-52.24339716324669,0.999999999999999,2.1092305075943525,1.770175505739294,77.62464928256937
27.150693887487904,-52.25338839275012,0.9999999999999989,2.1091664991650294,1.770235113058301,77.69201289795436
27.15135070191236,-52.26337961247104,0.999999999999999,2.1091028025377465,1.770295088426642,77.75936281434663
27.152008066756974,-52.27337082236338,0.999999999999999,2.1090394185490657,1.7703554331589633,77.82669874305353
27.152665984033124,-52.28336202238109,0.9999999999999991,2.1089763480354113,1.7704161485700292,77.89402039538241
27.153324455754092,-52.29335321247803,0.9999999999999989,2.108913591833062,1.7704772359747283,77.96132748264058
27.15398348393507,-52.303344392608054,0.9999999999999988,2.1088511507781496,1.7705386966880923,78.02861971613542
27.154643070593135,-52.31333556272494,0.999999999999999,2.1087890257066686,1.7706005320252567,78.09589680717434
27.155303217747274,-52.32332672278243,0.9999999999999989,2.1087272174544722,1.7706627433014956,78.16315846706465
27.155963927418377,-52.333317872734234,0.999999999999999,2.1086657268572626,1.770725331832205,78.23040440711367
27.15662520162922,-52.343309012533986,0.999999999999999,2.108604554750613,1.7707882989329136,78.29763433862878
27.15728704240454,-52.35330014213531,0.999999999999999,2.1085437019699347,1.770851645919274,78.36484797291737
27.157949451770914,-52.36329126149173,0.9999999999999991,2.1084831693505093,1.770915374107057,78.43204502128674
27.158612431756904,-52.3732823705568,0.9999999999999988,2.1084229577274645,1.770979484812182,78.49922519504423
