galstreams/tracks/track.po.PS1-B.bernard2016.ecsv
# %ECSV 1.0
# ---
# datatype:
# - {name: ra, unit: deg, datatype: float64}
# - {name: dec, unit: deg, datatype: float64}
# - {name: distance, unit: kpc, datatype: float64}
# - {name: pm_ra_cosdec, unit: mas / yr, datatype: float64}
# - {name: pm_dec, unit: mas / yr, datatype: float64}
# - {name: radial_velocity, unit: km / s, datatype: float64}
# delimiter: ','
# meta: !!omap
# - __serialized_columns__:
#     dec:
#       __class__: astropy.coordinates.angles.Latitude
#       unit: &id001 !astropy.units.Unit {unit: deg}
#       value: !astropy.table.SerializedColumn {name: dec}
#     distance:
#       __class__: astropy.coordinates.distances.Distance
#       unit: !astropy.units.Unit {unit: kpc}
#       value: !astropy.table.SerializedColumn {name: distance}
#     pm_dec:
#       __class__: astropy.units.quantity.Quantity
#       unit: !astropy.units.Unit {unit: mas / yr}
#       value: !astropy.table.SerializedColumn {name: pm_dec}
#     pm_ra_cosdec:
#       __class__: astropy.units.quantity.Quantity
#       unit: !astropy.units.Unit {unit: mas / yr}
#       value: !astropy.table.SerializedColumn {name: pm_ra_cosdec}
#     ra:
#       __class__: astropy.coordinates.angles.Longitude
#       unit: *id001
#       value: !astropy.table.SerializedColumn {name: ra}
#       wrap_angle: !astropy.coordinates.Angle
#         unit: *id001
#         value: 360.0
#     radial_velocity:
#       __class__: astropy.units.quantity.Quantity
#       unit: !astropy.units.Unit {unit: km / s}
#       value: !astropy.table.SerializedColumn {name: radial_velocity}
# schema: astropy-2.0
ra,dec,distance,pm_ra_cosdec,pm_dec,radial_velocity
[from data line 930]
150.78368944691036,-7.493404671584739,14.500000000000018,0.0,0.0,0.0
150.7891708646216,-7.48499831581461,14.50000000000002,0.0,0.0,0.0
150.7946520710078,-7.476591892317297,14.50000000000002,0.0,0.0,0.0
150.80013306631542,-7.468185401172345,14.50000000000002,0.0,0.0,0.0
150.80561385079096,-7.459778842459281,14.500000000000021,0.0,0.0,0.0
150.81109442468085,-7.451372216257627,14.500000000000021,0.0,0.0,0.0
150.8165747882315,-7.44296552264689,14.500000000000021,0.0,0.0,0.0
150.82205494168926,-7.4345587617065645,14.500000000000023,0.0,0.0,0.0
150.82753488530048,-7.426151933516142,14.500000000000021,0.0,0.0,0.0
150.83301461931146,-7.41774503815509,14.500000000000023,0.0,0.0,0.0
150.83849414396855,-7.409338075702879,14.500000000000025,0.0,0.0,0.0
150.84397345951794,-7.400931046238956,14.500000000000023,0.0,0.0,0.0
150.84945256620588,-7.392523949842763,14.500000000000021,0.0,0.0,0.0
150.8549314642786,-7.38411678659373,14.500000000000027,0.0,0.0,0.0
150.86041015398223,-7.375709556571274,14.500000000000027,0.0,0.0,0.0
150.86588863556292,-7.367302259854806,14.500000000000025,0.0,0.0,0.0
150.8713669092668,-7.358894896523718,14.500000000000027,0.0,0.0,0.0
150.87684497533994,-7.350487466657398,14.500000000000023,0.0,0.0,0.0
150.8823228340284,-7.342079970335218,14.500000000000025,0.0,0.0,0.0
150.8878004855782,-7.333672407636543,14.500000000000025,0.0,0.0,0.0
150.89327793023534,-7.325264778640722,14.500000000000028,0.0,0.0,0.0
150.8987551682458,-7.316857083427098,14.500000000000028,0.0,0.0,0.0
150.9042321998555,-7.308449322074997,14.500000000000028,0.0,0.0,0.0
150.90970902531035,-7.300041494663738,14.50000000000003,0.0,0.0,0.0
150.91518564485625,-7.291633601272635,14.50000000000003,0.0,0.0,0.0
150.92066205873905,-7.28322564198098,14.50000000000003,0.0,0.0,0.0
150.92613826720458,-7.274817616868057,14.500000000000032,0.0,0.0,0.0
150.93161427049864,-7.26640952601314,14.50000000000003,0.0,0.0,0.0
150.93709006886698,-7.258001369495495,14.500000000000032,0.0,0.0,0.0
150.94256566255535,-7.249593147394376,14.500000000000032,0.0,0.0,0.0
150.94804105180947,-7.241184859789019,14.500000000000032,0.0,0.0,0.0
150.953516236875,-7.23277650675866,14.500000000000032,0.0,0.0,0.0
150.9589912179976,-7.224368088382515,14.500000000000034,0.0,0.0,0.0
150.96446599542296,-7.215959604739797,14.500000000000036,0.0,0.0,0.0
150.96994056939658,-7.207551055909697,14.500000000000036,0.0,0.0,0.0
150.97541494016411,-7.19914244197141,14.500000000000034,0.0,0.0,0.0
150.98088910797102,-7.190733763004105,14.500000000000037,0.0,0.0,0.0
150.9863630730629,-7.182325019086952,14.500000000000037,0.0,0.0,0.0
150.99183683568518,-7.173916210299101,14.50000000000004,0.0,0.0,0.0
150.99731039608335,-7.165507336719702,14.500000000000043,0.0,0.0,0.0
151.00278375450281,-7.157098398427884,14.500000000000043,0.0,0.0,0.0
151.008256911189,-7.148689395502766,14.500000000000043,0.0,0.0,0.0
151.01372986638725,-7.140280328023464,14.500000000000044,0.0,0.0,0.0
151.01920262034292,-7.131871196069075,14.500000000000044,0.0,0.0,0.0
151.02467517330138,-7.12346199971869,14.500000000000044,0.0,0.0,0.0
151.03014752550786,-7.115052739051388,14.500000000000046,0.0,0.0,0.0
151.03561967720762,-7.106643414146238,14.500000000000046,0.0,0.0,0.0
151.04109162864592,-7.098234025082294,14.500000000000052,0.0,0.0,0.0
151.04656338006797,-7.089824571938606,14.500000000000052,0.0,0.0,0.0
151.0520349317189,-7.081415054794212,14.500000000000053,0.0,0.0,0.0
151.05750628384396,-7.07300547372813,14.500000000000053,0.0,0.0,0.0
151.06297743668816,-7.064595828819378,14.500000000000057,0.0,0.0,0.0
151.06844839049666,-7.056186120146964,14.500000000000055,0.0,0.0,0.0
151.0739191455145,-7.047776347789878,14.500000000000059,0.0,0.0,0.0
151.07938970198677,-7.039366511827098,14.500000000000062,0.0,0.0,0.0
151.08486006015843,-7.030956612337605,14.500000000000062,0.0,0.0,0.0
151.0903302202745,-7.022546649400354,14.500000000000062,0.0,0.0,0.0
151.09580018257992,-7.014136623094299,14.500000000000066,0.0,0.0,0.0
151.1012699473196,-7.00572653349838,14.500000000000064,0.0,0.0,0.0
151.1067395147385,-6.997316380691522,14.50000000000007,0.0,0.0,0.0
