galstreams/tracks/track.st.Slidr.ibata2024.ecsv
# %ECSV 1.0
# ---
# datatype:
# - {name: ra, unit: deg, datatype: float64}
# - {name: dec, unit: deg, datatype: float64}
# - {name: distance, unit: kpc, datatype: float64}
# - {name: pm_ra_cosdec, unit: mas / yr, datatype: float64}
# - {name: pm_dec, unit: mas / yr, datatype: float64}
# - {name: radial_velocity, unit: km / s, datatype: float64}
# delimiter: ','
# meta: !!omap
# - __serialized_columns__:
#     dec:
#       __class__: astropy.coordinates.angles.Latitude
#       unit: &id001 !astropy.units.Unit {unit: deg}
#       value: !astropy.table.SerializedColumn {name: dec}
#     distance:
#       __class__: astropy.coordinates.distances.Distance
#       unit: !astropy.units.Unit {unit: kpc}
#       value: !astropy.table.SerializedColumn {name: distance}
#     pm_dec:
#       __class__: astropy.units.quantity.Quantity
#       unit: !astropy.units.Unit {unit: mas / yr}
#       value: !astropy.table.SerializedColumn {name: pm_dec}
#     pm_ra_cosdec:
#       __class__: astropy.units.quantity.Quantity
#       unit: !astropy.units.Unit {unit: mas / yr}
#       value: !astropy.table.SerializedColumn {name: pm_ra_cosdec}
#     ra:
#       __class__: astropy.coordinates.angles.Longitude
#       unit: *id001
#       value: !astropy.table.SerializedColumn {name: ra}
#       wrap_angle: !astropy.coordinates.Angle
#         unit: *id001
#         value: 360.0
#     radial_velocity:
#       __class__: astropy.units.quantity.Quantity
#       unit: !astropy.units.Unit {unit: km / s}
#       value: !astropy.table.SerializedColumn {name: radial_velocity}
# schema: astropy-2.0
ra,dec,distance,pm_ra_cosdec,pm_dec,radial_velocity
[from data line 563]
149.79996326003192,15.18529587933083,1.0000000000000016,-27.80384510778249,-8.48629704991897,-40.444987587928374
149.80872097097838,15.17965389753212,1.0000000000000016,-27.802286269983433,-8.484508566768232,-40.47683121631396
149.8174792967947,15.174014350106065,1.0000000000000016,-27.800725102368368,-8.482720628502827,-40.508670737113654
149.8262382372453,15.16837723550597,1.0000000000000016,-27.79916160586366,-8.48093323507331,-40.54050616541913
149.83499779209419,15.16274255218533,1.0000000000000016,-27.797595781395717,-8.479146386429939,-40.57233751632184
149.84375796110538,15.157110298597626,1.0000000000000016,-27.796027629890943,-8.477360082522607,-40.60416480491353
149.8525187440425,15.151480473196541,1.0000000000000016,-27.79445715227574,-8.475574323300942,-40.63598804628574
149.86128014066904,15.145853074435744,1.0000000000000016,-27.79288434947653,-8.4737891087142,-40.66780725553006
149.87004215074813,15.140228100769107,1.0000000000000016,-27.79130922241972,-8.472004438711355,-40.69962244773816
149.87880477404292,15.134605550650491,1.0000000000000016,-27.789731772031747,-8.47022031324104,-40.731433638001555
149.88756801031607,15.128985422533923,1.0000000000000016,-27.788151999239055,-8.468436732251572,-40.76324084141201
149.89633185933013,15.123367714873522,1.0000000000000016,-27.78656990496808,-8.466653695690962,-40.79504407306099
149.90509632084746,15.117752426123435,1.0000000000000016,-27.78498549014528,-8.46487120350688,-40.82684334804008
149.91386139463015,15.112139554737995,1.0000000000000016,-27.783398755697107,-8.463089255646686,-40.85863868144094
149.9226270804401,15.106529099171524,1.0000000000000016,-27.781809702550028,-8.46130785205742,-40.890430088355274
149.93139337803885,15.10092105787856,1.0000000000000018,-27.780218331630515,-8.459526992685802,-40.9222175838745
149.94016028718795,15.095315429313613,1.0000000000000018,-27.77862464386505,-8.45774667747822,-40.95400118309028
149.94892780764846,15.089712211931388,1.0000000000000016,-27.777028640180138,-8.455966906380777,-40.98578090109424
149.95769593918155,15.084111404186599,1.0000000000000016,-27.77543032150222,-8.454187679339192,-41.01755675297806
149.96646468154773,15.07851300453413,1.0000000000000016,-27.773829688757836,-8.452408996298937,-41.049328753833215
149.97523403450768,15.072917011428899,1.0000000000000016,-27.77222674287347,-8.450630857205102,-41.08109691875138
149.9840039978216,15.067323423325965,1.0000000000000016,-27.770621484775646,-8.448853262002503,-41.11286126282414
149.9927745712496,15.061732238680431,1.0000000000000016,-27.769013915390886,-8.447076210635604,-41.144621801143096
150.0015457545515,15.05614345594755,1.0000000000000018,-27.767404035645697,-8.445299703048558,-41.17637854879985
150.01031754748695,15.05055707358261,1.0000000000000016,-27.765791846466634,-8.443523739185203,-41.208131520886106
150.0190899498153,15.04497309004104,1.0000000000000016,-27.764177348780215,-8.441748318989053,-41.239880732493305
150.02786296129565,15.03939150377837,1.0000000000000016,-27.762560543512983,-8.439973442403307,-41.271626198713136
150.03663658168708,15.033812313250163,1.0000000000000018,-27.76094143159148,-8.43819910937082,-41.30336793463723
150.04541081074808,15.028235516912144,1.0000000000000016,-27.75932001394229,-8.436425319834168,-41.33510595535705
150.0541856482374,15.02266111322007,1.0000000000000013,-27.757696291491943,-8.434652073735558,-41.36684027596445
150.062961093913,15.017089100629864,1.0000000000000013,-27.75607026516703,-8.432879371016922,-41.398570911550785
150.07173714753316,15.011519477597469,1.0000000000000013,-27.7544419358941,-8.431107211619825,-41.43029787720782
150.0805138088555,15.00595224257899,1.0000000000000013,-27.75281130459973,-8.429335595485558,-41.46202118802707
150.0892910776377,15.000387394030561,1.0000000000000013,-27.751178372210518,-8.427564522555056,-41.49374085910021
150.09806895363704,14.994824930408475,1.0000000000000013,-27.749543139653053,-8.425793992768952,-41.52545690551872
150.1068474366107,14.989264850169054,1.0000000000000013,-27.747905607853923,-8.42402400606754,-41.557169342374394
150.11562652631548,14.983707151768785,1.0000000000000013,-27.746265777739723,-8.422254562390826,-41.5888781847587
150.12440622250813,14.978151833664175,1.0000000000000013,-27.744623650237063,-8.420485661678457,-41.62058344776323
150.13318652494502,14.972598894311895,1.0000000000000013,-27.742979226272556,-8.418717303869787,-41.65228514647965
150.14196743338243,14.967048332168655,1.0000000000000013,-27.74133250677281,-8.416949488903827,-41.683983295999575
150.1507489475763,14.961500145691287,1.0000000000000013,-27.739683492664454,-8.415182216719284,-41.715677911414595
150.15953106728236,14.955954333336747,1.0000000000000013,-27.738032184874093,-8.413415487254548,-41.74736900781628
150.16831379225616,14.950410893562008,1.0000000000000013,-27.736378584328378,-8.41164930044766,-41.779056600296265
150.17709712225297,14.944869824824211,1.0000000000000016,-27.734722691953927,-8.409883656236376,-41.810740703946124
150.18588105702796,14.939331125580537,1.0000000000000013,-27.733064508677415,-8.408118554558097,-41.84242133385744
150.19466559633582,14.933794794288323,1.0000000000000013,-27.73140403542545,-8.406353995349935,-41.874098505121935
150.20345073993133,14.928260829404927,1.0000000000000013,-27.72974127312468,-8.404589978548644,-41.90577223283113
150.21223648756873,14.922729229387873,1.0000000000000013,-27.72807622270178,-8.402826504090703,-41.937442532076595
150.22102283900233,14.917199992694709,1.0000000000000016,-27.726408885083387,-8.401063571912221,-41.96910941795004
150.2298097939859,14.91167311778316,1.0000000000000016,-27.72473926119618,-8.399301181949024,-42.000772905542966
150.2385973522733,14.906148603110966,1.0000000000000013,-27.723067351966833,-8.397539334136596,-42.03243300994702
150.24738551361787,14.900626447136014,1.0000000000000016,-27.721393158321987,-8.39577802841011,-42.064089746253806
150.25617427777297,14.89510664831626,1.0000000000000013,-27.719716681188338,-8.394017264704406,-42.09574312955489
150.26496364449153,14.889589205109782,1.0000000000000016,-27.718037921492567,-8.392257042954016,-42.12739317494195
150.27375361352642,14.884074115974702,1.0000000000000013,-27.716356880161356,-8.390497363093147,-42.159039897506545
150.2825441846302,14.878561379369295,1.0000000000000013,-27.71467355812138,-8.388738225055668,-42.19068331234034
150.2913353575551,14.873050993751916,1.0000000000000013,-27.712987956299347,-8.386979628775162,-42.22232343453478
150.30012713205338,14.867542957580973,1.0000000000000013,-27.711300075621935,-8.385221574184843,-42.25396027918166
150.3089195078768,14.862037269315035,1.0000000000000013,-27.709609917015868,-8.38346406121766,-42.2855938613725
150.31771248477708,14.856533927412698,1.0000000000000013,-27.707917481407826,-8.381707089806188,-42.317224196198865
150.32650606250556,14.85103293033272,1.0000000000000013,-27.706222769724526,-8.379950659882724,-42.348851298752365
150.33530024081355,14.845534276533888,1.0000000000000013,-27.70452578289267,-8.378194771379192,-42.380475184124734
150.3440950194519,14.840037964475155,1.0000000000000013,-27.702826521838986,-8.37643942422726,-42.41209586740739
150.3528903981715,14.834543992615487,1.0000000000000016,-27.701124987490175,-8.374684618358206,-42.44371336369205
150.36168637672267,14.82905235941404,1.0000000000000013,-27.69942118077298,-8.372930353703051,-42.47532768807031
150.37048295485585,14.823563063329972,1.000000000000001,-27.69771510261411,-8.371176630192434,-42.506938855633756
150.37928013232099,14.81807610282261,1.0000000000000013,-27.69600675394029,-8.369423447756727,-42.538546881474026
150.38807790886796,14.812591476351322,1.0000000000000013,-27.694296135678247,-8.36767080632594,-42.570151780682636
150.39687628424633,14.807109182375621,1.0000000000000016,-27.692583248754723,-8.365918705829772,-42.60175356835133
150.40567525820546,14.801629219355057,1.0000000000000013,-27.690868094096462,-8.364167146197623,-42.63335225957154
150.41447483049458,14.796151585749323,1.0000000000000016,-27.689150672630184,-8.362416127358534,-42.664947869435025
150.4232750008624,14.790676280018216,1.0000000000000013,-27.68743098528266,-8.360665649241266,-42.696540413033276
150.43207576905778,14.78520330062156,1.0000000000000013,-27.68570903298061,-8.358915711774214,-42.72812990545797
150.44087713482907,14.779732646019365,1.0000000000000013,-27.683984816650785,-8.357166314885484,-42.75971636180071
150.44967909792456,14.774264314671651,1.0000000000000013,-27.682258337219952,-8.355417458502838,-42.79129979715306
150.45848165809213,14.768798305038603,1.0000000000000016,-27.68052959561484,-8.35366914255374,-42.82288022660666
150.4672848150797,14.763334615580444,1.0000000000000013,-27.678798592762234,-8.351921366965307,-42.85445766525307
150.4760885686346,14.757873244757553,1.0000000000000013,-27.67706532958887,-8.350174131664366,-42.886032128183885
150.4848929185043,14.752414191030336,1.0000000000000013,-27.67532980702152,-8.348427436577369,-42.91760363049083
150.4936978644358,14.746957452859364,1.0000000000000013,-27.67359202598695,-8.346681281630516,-42.94917218726539
150.50250340617598,14.741503028705239,1.0000000000000013,-27.671851987411905,-8.344935666749628,-42.98073781359917
150.51130954347136,14.736050917028722,1.0000000000000013,-27.670109692223182,-8.343190591860234,-43.01230052458383
150.52011627606845,14.730601116290602,1.0000000000000013,-27.668365141347536,-8.341446056887515,-43.043860335310946
150.5289236037133,14.725153624951833,1.0000000000000016,-27.66661833571174,-8.339702061756364,-43.07541726087217
150.53773152615196,14.7197084414734,1.0000000000000016,-27.664869276242573,-8.33795860639133,-43.10697131635903
150.54654004313,14.714265564316433,1.0000000000000016,-27.663117963866807,-8.336215690716642,-43.1385225168632
150.5553491543929,14.708824991942153,1.0000000000000016,-27.66136439951122,-8.334473314656222,-43.170070877476256
150.56415885968596,14.703386722811826,1.0000000000000016,-27.659608584102607,-8.332731478133638,-43.201616413289734
150.5729691587541,14.697950755386895,1.0000000000000013,-27.657850518567734,-8.330990181072172,-43.23315913939531
150.58178005134218,14.69251708812881,1.0000000000000013,-27.656090203833386,-8.329249423394764,-43.26469907088461
150.59059153719465,14.687085719499205,1.0000000000000013,-27.65432764082635,-8.327509205024022,-43.296236222849195
150.59940361605595,14.681656647959729,1.0000000000000013,-27.652562830473414,-8.325769525882258,-43.327770610380746
150.60821628767005,14.676229871972195,1.0000000000000013,-27.65079577370136,-8.324030385891458,-43.35930224857072
150.61702955178086,14.670805389998455,1.0000000000000013,-27.64902647143699,-8.32229178497326,-43.390831152510835
150.62584340813197,14.665383200500518,1.0000000000000013,-27.647254924607104,-8.320553723048999,-43.422357337292624
150.63465785646684,14.659963301940403,1.0000000000000016,-27.645481134138457,-8.318816200039691,-43.45388081800777
150.64347289652855,14.654545692780339,1.0000000000000013,-27.643705100957877,-8.317079215866029,-43.48540160974785
150.65228852806013,14.649130371482537,1.000000000000001,-27.641926825992144,-8.315342770448359,-43.51691972760447
150.66110475080413,14.643717336509395,1.000000000000001,-27.640146310168078,-8.313606863706749,-43.548435186669145
150.66992156450323,14.638306586323331,1.000000000000001,-27.63836355441244,-8.311871495560904,-43.579948002033646
150.67873896889952,14.632898119386915,1.000000000000001,-27.63657855965205,-8.31013666593024,-43.611458188789385
150.687556963735,14.627491934162817,1.000000000000001,-27.634791326813705,-8.30840237473382,-43.64296576202814
150.69637554875158,14.622088029113735,1.000000000000001,-27.6330018568242,-8.306668621890404,-43.67447073684145
150.70519472369068,14.616686402702554,1.000000000000001,-27.631210150610332,-8.304935407318426,-43.705973128320856
150.7140144882937,14.611287053392173,1.000000000000001,-27.629416209098927,-8.303202730935984,-43.7374729515581
150.72283484230172,14.605889979645655,1.000000000000001,-27.627620033216758,-8.301470592660886,-43.7689702216447
150.7316557854556,14.600495179926096,1.000000000000001,-27.625821623890644,-8.299738992410576,-43.800464953672204
150.74047731749584,14.595102652696758,1.000000000000001,-27.624020982047384,-8.298007930102216,-43.831957162732294
150.74929943816306,14.589712396420929,1.000000000000001,-27.62221810861378,-8.296277405652614,-43.863446863916586
150.75812214719727,14.584324409562056,1.0000000000000013,-27.62041300451664,-8.294547418978267,-43.89493407231663
150.76694544433846,14.578938690583621,1.0000000000000013,-27.61860567068277,-8.29281796999536,-43.92641880302405
150.7757693293263,14.573555237949272,1.000000000000001,-27.616796108038976,-8.291089058619747,-43.95790107113049
150.78459380190034,14.568174050122682,1.000000000000001,-27.614984317512054,-8.289360684766942,-43.989380891727514
150.79341886179967,14.562795125567682,1.000000000000001,-27.61317030002882,-8.287632848352171,-44.020858279906676
150.80224450876352,14.557418462748144,1.000000000000001,-27.611354056516074,-8.285905549290302,-44.052333250759716
150.81107074253052,14.552044060128075,1.000000000000001,-27.609535587900616,-8.284178787495918,-44.08380581937813
150.81989756283917,14.546671916171599,1.000000000000001,-27.607714895109254,-8.28245256288325,-44.11527600085358
150.82872496942795,14.541302029342857,1.000000000000001,-27.605891979068808,-8.280726875366216,-44.1467438102776
150.8375529620348,14.535934398106171,1.000000000000001,-27.604066840706064,-8.27900172485841,-44.17820926274187
150.84638154039772,14.5305690209259,1.000000000000001,-27.60223948094783,-8.277277111273103,-44.20967237333794
150.85521070425418,14.525205896266552,1.000000000000001,-27.600409900720926,-8.275553034523263,-44.241133157157456
150.86404045334166,14.519845022592664,1.000000000000001,-27.598578100952146,-8.273829494521495,-44.27259162929193
150.87287078739732,14.514486398368946,1.000000000000001,-27.596744082568286,-8.272106491180114,-44.30404780483315
150.88170170615808,14.509130022060141,1.000000000000001,-27.594907846496156,-8.270384024411094,-44.335501698872584
150.8905332093606,14.503775892131143,1.000000000000001,-27.593069393662564,-8.268662094126109,-44.36695332650181
150.89936529674145,14.498424007046875,1.000000000000001,-27.59122872499431,-8.26694070023648,-44.39840270281254
150.9081979680367,14.493074365272443,1.000000000000001,-27.589385841418185,-8.265219842653241,-44.429849842896274
150.91703122298256,14.487726965272964,1.000000000000001,-27.587540743861,-8.26349952128707,-44.461294761844705
150.92586506131457,14.482381805513725,1.0000000000000009,-27.585693433249553,-8.261779736048341,-44.49273747474931
150.93469948276848,14.477038884460036,1.0000000000000013,-27.583843910510634,-8.260060486847085,-44.52417799670188
150.94353448707955,14.471698200577377,1.000000000000001,-27.581992176571067,-8.258341773593045,-44.55561634279392
150.9523700739827,14.466359752331295,1.000000000000001,-27.580138232357626,-8.25662359619562,-44.587052528117
150.96120624321298,14.461023538187401,1.000000000000001,-27.57828207879711,-8.254905954563881,-44.618486567762716
150.97004299450487,14.455689556611471,1.000000000000001,-27.576423716816308,-8.253188848606586,-44.64991847682273
150.97888032759283,14.450357806069299,1.000000000000001,-27.574563147342033,-8.251472278232162,-44.681348270388646
150.98771824221095,14.44502828502686,1.000000000000001,-27.57270037130106,-8.249756243348727,-44.71277596355212
150.9965567380932,14.43970099195014,1.0000000000000013,-27.570835389620196,-8.248040743864056,-44.74420157140461
151.0053958149732,14.434375925305305,1.0000000000000013,-27.568968203226216,-8.246325779685634,-44.77562510903786
151.01423547258452,14.429053083558541,1.0000000000000013,-27.567098813045906,-8.244611350720579,-44.80704659154335
