galstreams/tracks/track.Eridanus.myeong2017.ecsv
# %ECSV 0.9
# ---
# datatype:
# - {name: sc.ra, unit: deg, datatype: float64}
# - {name: sc.dec, unit: deg, datatype: float64}
# - {name: sc.distance, unit: kpc, datatype: float64}
# - {name: width, datatype: float64}
# meta: !!omap
# - __serialized_columns__:
#     sc:
#       __class__: astropy.coordinates.sky_coordinate.SkyCoord
#       dec: !astropy.table.SerializedColumn
#         __class__: astropy.coordinates.angles.Latitude
#         unit: &id001 !astropy.units.Unit {unit: deg}
#         value: !astropy.table.SerializedColumn {name: sc.dec}
#       distance: !astropy.table.SerializedColumn
#         __class__: astropy.coordinates.distances.Distance
#         unit: !astropy.units.Unit {unit: kpc}
#         value: !astropy.table.SerializedColumn {name: sc.distance}
#       frame: icrs
#       ra: !astropy.table.SerializedColumn
#         __class__: astropy.coordinates.angles.Longitude
#         unit: *id001
#         value: !astropy.table.SerializedColumn {name: sc.ra}
#         wrap_angle: !astropy.coordinates.Angle
#           unit: *id001
#           value: 360.0
#       representation_type: spherical
# schema: astropy-2.0
sc.ra sc.dec sc.distance width
65.98279363310122 -21.416953214828233 95.0 0.0
65.98976707243739 -21.409347103134664 95.0 0.0
65.99673978586533 -21.401740703037202 95.0 0.0
66.00371177371653 -21.394134014678496 95.0 0.0
66.01068303632255 -21.386527038201162 95.0 0.0
66.01765357401477 -21.378919773747786 95.0 0.0
66.02462338712459 -21.371312221460883 95.0 0.0
66.03159247598333 -21.36370438148295 95.0 0.0
66.03856084092214 -21.356096253956416 95.0 0.0
66.04552848227218 -21.348487839023683 95.0 0.0
66.05249540036455 -21.3408791368271 95.0 0.0
66.05946159553027 -21.333270147508966 95.0 0.0
66.06642706810018 -21.325660871211536 95.0 0.0
66.07339181840528 -21.318051308077063 95.0 0.0
66.0803558467763 -21.310441458247684 95.0 0.0
66.08731915354392 -21.302831321865536 95.0 0.0
66.0942817390388 -21.295220899072714 95.0 0.0
66.10124360359154 -21.28761019001125 95.0 0.0
66.10820474753264 -21.279999194823137 95.0 0.0
66.11516517119254 -21.27238791365033 95.0 0.0
66.12212487490162 -21.264776346634743 95.0 0.0
66.1290838589901 -21.257164493918225 95.0 0.0
66.13604212378829 -21.249552355642606 95.0 0.0
66.14299966962628 -21.241939931949656 95.0 0.0
66.14995649683419 -21.234327222981104 95.0 0.0
66.156912605742 -21.226714228878638 95.0 0.0
66.16386799667964 -21.219100949783904 95.0 0.0
66.17082266997697 -21.21148738583849 95.0 0.0
66.17777662596387 -21.203873537183963 95.0 0.0
66.18472986496997 -21.196259403961825 95.0 0.0
66.19168238732496 -21.18864498631354 95.0 0.0
66.1986341933584 -21.181030284380544 95.0 0.0
66.20558528339986 -21.1734152983042 95.0 0.0
66.2125356577787 -21.16580002822584 95.0 0.0
66.21948531682439 -21.158184474286774 95.0 0.0
66.22643426086611 -21.150568636628247 95.0 0.0
66.23338249023318 -21.14295251539144 95.0 0.0
66.24033000525473 -21.135336110717517 95.0 0.0
66.24727680625983 -21.127719422747603 95.0 0.0
66.25422289357755 -21.120102451622778 95.0 0.0
66.26116826753677 -21.112485197484048 95.0 0.0
66.2681129284664 -21.10486766047241 95.0 0.0
66.27505687669525 -21.097249840728807 95.0 0.0
66.28200011255204 -21.089631738394118 95.0 0.0
66.28894263636543 -21.08201335360922 95.0 0.0
66.29588444846404 -21.0743946865149 95.0 0.0
66.30282554917636 -21.06677573725194 95.0 0.0
66.30976593883089 -21.05915650596105 95.0 0.0
66.31670561775594 -21.051536992782914 95.0 0.0
66.3236445862799 -21.043917197858168 95.0 0.0
66.33058284473096 -21.0362971213274 95.0 0.0
66.3375203934373 -21.028676763331152 95.0 0.0
66.34445723272702 -21.021056124009952 95.0 0.0
66.35139336292816 -21.013435203504237 95.0 0.0
66.35832878436868 -21.005814001954434 95.0 0.0
66.36526349737646 -20.9981925195009 95.0 0.0
66.37219750227933 -20.990570756283997 95.0 0.0
66.37913079940502 -20.982948712444003 95.0 0.0
66.38606338908123 -20.975326388121132 95.0 0.0
66.39299527163556 -20.96770378345562 95.0 0.0
66.39992644739553 -20.960080898587616 95.0 0.0
