galstreams/tracks/track.st.Jhelum-b.shipp2019.ecsv
# %ECSV 0.9
# ---
# datatype:
# - {name: ra, unit: deg, datatype: float64}
# - {name: dec, unit: deg, datatype: float64}
# - {name: distance, unit: kpc, datatype: float64}
# - {name: pm_ra_cosdec, unit: mas / yr, datatype: float64}
# - {name: pm_dec, unit: mas / yr, datatype: float64}
# - {name: radial_velocity, unit: km / s, datatype: float64}
# delimiter: ','
# meta: !!omap
# - __serialized_columns__:
#     dec:
#       __class__: astropy.coordinates.angles.Latitude
#       unit: &id001 !astropy.units.Unit {unit: deg}
#       value: !astropy.table.SerializedColumn {name: dec}
#     distance:
#       __class__: astropy.coordinates.distances.Distance
#       unit: !astropy.units.Unit {unit: kpc}
#       value: !astropy.table.SerializedColumn {name: distance}
#     pm_dec:
#       __class__: astropy.units.quantity.Quantity
#       unit: !astropy.units.Unit {unit: mas / yr}
#       value: !astropy.table.SerializedColumn {name: pm_dec}
#     pm_ra_cosdec:
#       __class__: astropy.units.quantity.Quantity
#       unit: !astropy.units.Unit {unit: mas / yr}
#       value: !astropy.table.SerializedColumn {name: pm_ra_cosdec}
#     ra:
#       __class__: astropy.coordinates.angles.Longitude
#       unit: *id001
#       value: !astropy.table.SerializedColumn {name: ra}
#       wrap_angle: !astropy.coordinates.Angle
#         unit: *id001
#         value: 360.0
#     radial_velocity:
#       __class__: astropy.units.quantity.Quantity
#       unit: !astropy.units.Unit {unit: km / s}
#       value: !astropy.table.SerializedColumn {name: radial_velocity}
# schema: astropy-2.0
ra,dec,distance,pm_ra_cosdec,pm_dec,radial_velocity
[from data line 689]
352.9317371238113,-51.20313473884766,13.199999999989569,7.605882894157393,-4.681276712834372,1.52318540982668e-08
352.94779105470315,-51.20295187449047,13.199999999989547,7.606623589395945,-4.679376803899527,1.5265301385306653e-08
352.963844854603,-51.20276679915021,13.199999999989531,7.607363820698214,-4.677476789358565,1.529895077075762e-08
352.9798985219605,-51.202579512828166,13.199999999989515,7.6081035879213985,-4.675576669535456,1.533266752234563e-08
352.9959520552251,-51.20239001552602,13.199999999989497,7.608842890922945,-4.673676444754252,1.53662327001253e-08
353.0120054528466,-51.20219830724585,13.199999999989481,7.609581729560543,-4.671776115339055,1.5400151550124428e-08
353.0280587132746,-51.20200438799012,13.199999999989462,7.610320103692117,-4.669875681614085,1.543361567869854e-08
353.0441118349591,-51.20180825776169,13.199999999989444,7.611058013175847,-4.6679751439035915,1.5467450321026367e-08
353.06016481634964,-51.20160991656378,13.199999999989428,7.6117954578701355,-4.666074502531939,1.5500830241929183e-08
353.0762176558963,-51.201409364400064,13.199999999989409,7.6125324376336625,-4.6641737578235345,1.5534631201188488e-08
353.09227035204884,-51.20120660127452,13.199999999989394,7.613268952325306,-4.662272910102881,1.556814585436538e-08
353.1083229032575,-51.20100162719158,13.199999999989375,7.61400500180424,-4.660371959694544,1.5602014179761727e-08
353.12437530797206,-51.200794442156045,13.199999999989355,7.614740585929837,-4.658470906923181,1.5635495149870102e-08
353.1404275646428,-51.20058504617309,13.19999999998934,7.615475704561739,-4.6565697521134926,1.5669296109129407e-08
353.1564796717197,-51.200373439248295,13.199999999989322,7.616210357559818,-4.654668495590291,1.570279392077204e-08
353.17253162765314,-51.20015962138765,13.199999999989304,7.616944544784203,-4.652767137678426,1.5736544355428568e-08
353.1885834308933,-51.19994359259749,13.199999999989286,7.617678266095262,-4.650865678702848,1.577007585013972e-08
353.2046350798906,-51.19972535288457,13.199999999989268,7.618411521353603,-4.648964118988558,1.5803843126330507e-08
353.22068657309535,-51.19950490225601,13.199999999989252,7.619144310420076,-4.64706245886065,1.5837441987178697e-08
353.2367379089581,-51.19928224071935,13.199999999989233,7.619876633155791,-4.645160698644277,1.587100716495837e-08
353.25278908592935,-51.199057368282496,13.199999999989217,7.620608489422083,-4.643258838664668,1.590455550120378e-08
353.2688401024597,-51.198830284953736,13.1999999999892,7.621339879080555,-4.641356879247116,1.593828909432605e-08
353.2848909569998,-51.19860099074179,13.199999999989183,7.6220708019930274,-4.639454820717003,1.597185427210572e-08
353.3009416480004,-51.19836948565572,13.199999999989162,7.622801258021587,-4.637552663399767,1.6005469974488173e-08
353.3169921739123,-51.19813576970498,13.199999999989146,7.623531247028553,-4.635650407620917,1.6039085676870622e-08
353.33304253318636,-51.19789984289945,13.19999999998913,7.624260768876498,-4.633748053706038,1.607283611152715e-08
353.34909272427353,-51.19766170524938,13.199999999989108,7.624989823428239,-4.631845601980791,1.610650233851238e-08
353.36514274562484,-51.19742135676538,13.199999999989094,7.625718410546827,-4.629943052770894,1.6140050674757792e-08
353.38119259569135,-51.1971787974585,13.199999999989073,7.626446530095577,-4.6280404064021425,1.617370006020876e-08
353.39724227292425,-51.19693402734013,13.199999999989053,7.627174181938029,-4.626137663200399,1.6207181030317135e-08
353.4132917757748,-51.19668704642209,13.199999999989041,7.627901365937986,-4.624234823491595,1.6240729366562543e-08
353.4293411026942,-51.19643785471657,13.19999999998902,7.62862808195949,-4.622331887601729,1.6274328227410737e-08
353.4453902521341,-51.196186452236134,13.199999999989004,7.629354329866833,-4.62042885585687,1.6308028137464486e-08
353.46143922254566,-51.19593283899376,13.199999999988984,7.630080109524541,-4.618525728583161,1.6341593315244154e-08
353.47748801238066,-51.195677015002815,13.199999999988968,7.630805420797393,-4.616622506106802,1.6375158493023825e-08
353.49353662009065,-51.195418980277026,13.19999999998895,7.631530263550424,-4.614719188754067,1.640875735387202e-08
353.5095850441274,-51.19515873483055,13.199999999988933,7.6322546376488996,-4.612815776851296,1.6442558313131324e-08
353.5256332829426,-51.19489627867788,13.199999999988911,7.632978542958338,-4.6109122707249,1.6476106649376736e-08
353.54168133498825,-51.19463161183395,13.199999999988894,7.633701979344506,-4.609008670701352,1.6509587619485107e-08
353.5577291987163,-51.194364734314064,13.199999999988878,7.634424946673413,-4.607104977107187,1.654322016340182e-08
353.5737768725787,-51.19409564613389,13.19999999998886,7.6351474448113175,-4.6052011902690175,1.657671797504445e-08
353.5898243550278,-51.19382434730952,13.199999999988844,7.635869473624729,-4.603297310513513,1.661051893430376e-08
353.6058716445157,-51.19355083785742,13.199999999988826,7.6365910329803866,-4.6013933381674175,1.664396622134361e-08
353.6219187394947,-51.193275117794464,13.199999999988808,7.6373121227453025,-4.599489273557529,1.66775650821918e-08
353.63796563841726,-51.19299718713786,13.199999999988789,7.638032742786717,-4.597585117010717,1.6711197626108513e-08
353.6540123397359,-51.19271704590526,13.19999999998877,7.638752892972121,-4.595680868853918,1.6744796486956703e-08
353.67005884190326,-51.19243469411468,13.199999999988751,7.639472573169255,-4.593776529414129,1.6778479555476193e-08
353.68610514337195,-51.19215013178453,13.199999999988734,7.640191783246102,-4.591872099018411,1.6812061574790124e-08
353.70215124259477,-51.19186335893361,13.199999999988714,7.640910523070901,-4.589967577993896,1.6845407812624418e-08
353.71819713802466,-51.1915743755811,13.1999999999887,7.641628792512133,-4.588062966667761,1.6879191930349467e-08
353.7342428281146,-51.19128318174658,13.199999999988679,7.642346591438527,-4.586158265367272,1.691265605892358e-08
353.7502883113176,-51.19098977745001,13.199999999988663,7.643063919719057,-4.58425347441974,1.694615387056621e-08
353.76633358608694,-51.19069416271173,13.199999999988643,7.643780777222955,-4.582348594152541,1.6979971671359778e-08
353.7823786508758,-51.1903963375525,13.199999999988625,7.644497163819683,-4.580443624893123,1.701352000760519e-08
353.79842350413765,-51.190096301993435,13.199999999988608,7.645213079378971,-4.578538566968987,1.704703466078208e-08
353.81446814432593,-51.18979405605606,13.199999999988588,7.64592852377078,-4.576633420707698,1.7080650363164533e-08
353.83051256989427,-51.18948959976227,13.199999999988572,7.646643496865329,-4.574728186436882,1.7114232382478463e-08
353.8465567792963,-51.189182933134354,13.199999999988554,7.647357998533085,-4.572822864484232,1.7147730194121094e-08
353.86260077098586,-51.188874056195,13.199999999988533,7.64807202864476,-4.570917455177495,1.7181194322695206e-08
353.8786445434169,-51.188562968967275,13.199999999988515,7.648785587071313,-4.569011958844479,1.721482686661192e-08
353.8946880950434,-51.18824967147464,13.199999999988497,7.649498673683955,-4.567106375813057,1.724840888592585e-08
353.91073142431947,-51.18793416374093,13.19999999998848,7.650211288354144,-4.5652007064111615,1.7281856172965702e-08
353.9267745296994,-51.18761644579038,13.199999999988464,7.650923430953586,-4.563294950966779,1.731547187534815e-08
353.9428174096375,-51.187296517647624,13.19999999998844,7.6516351013542385,-4.561389109807964,1.734907073619634e-08
353.95886006258814,-51.18697437933764,13.199999999988423,7.652346299428305,-4.5594831832628255,1.7382450657099157e-08
353.9749024870061,-51.18665003088586,13.199999999988405,7.653057025048243,-4.557577171659531,1.7415982151810307e-08
353.9909446813459,-51.18632347231806,13.199999999988385,7.653767278086745,-4.555671075326307,1.7449715744932574e-08
354.0069866440624,-51.185994703660384,13.199999999988368,7.654477058416772,-4.553764894591447,1.748312934890391e-08
354.0230283736106,-51.18566372493943,13.19999999998835,7.65518636591152,-4.551858629783287,1.751667768514932e-08
354.03906986844544,-51.185330536182114,13.199999999988332,7.6558952004444425,-4.549952281230225,1.755037759520307e-08
354.0551111270221,-51.184995137415804,13.199999999988313,7.656603561889235,-4.548045849260732,1.758394277298274e-08
354.0711521477958,-51.1846575286682,13.199999999988293,7.657311450119843,-4.5461393342033265,1.7617272169282776e-08
354.08719292922206,-51.184317709967395,13.199999999988277,7.658018865010472,-4.544232736386566,1.7650871030130966e-08
354.10323346975633,-51.18397568134194,13.19999999998826,7.658725806435567,-4.542326056139096,1.7684335158705078e-08
354.1192737678542,-51.1836314428207,13.199999999988238,7.659432274269825,-4.540419293789599,1.771788349495049e-08
354.13531382197164,-51.18328499443293,13.199999999988226,7.660138268388192,-4.538512449666816,1.7751398148127384e-08
354.1513536305644,-51.18293633620829,13.199999999988203,7.660843788665869,-4.536605524099545,1.7785098058181133e-08
354.16739319208847,-51.18258546817687,13.199999999988183,7.6615488349783005,-4.534698517416649,1.7818595869823764e-08
354.183432505,-51.182232390369066,13.199999999988165,7.662253407201177,-4.532791429947031,1.785199263226084e-08
354.1994715677554,-51.181877102815726,13.19999999998815,7.662957505210455,-4.530884262019654,1.7885608334643288e-08
354.21551037881096,-51.18151960554804,13.19999999998813,7.66366112888233,-4.5289770139635435,1.791912298782018e-08
354.23154893662326,-51.18115989859762,13.19999999998811,7.664364278093248,-4.527069686107769,1.795275553173689e-08
354.2475872396489,-51.18079798199646,13.19999999998809,7.665066952719901,-4.525162278781464,1.7986051244968406e-08
354.2636252863448,-51.180433855776926,13.199999999988075,7.665769152639245,-4.523254792313803,1.8019700630419374e-08
354.27966307516783,-51.18006751997177,13.199999999988053,7.666470877728482,-4.521347227034022,1.8053232125130527e-08
354.295700604575,-51.17969897461415,13.199999999988036,7.667172127865051,-4.519439583271417,1.80867130952389e-08
354.31173787302373,-51.17932821973759,13.199999999988018,7.667872902926657,-4.517531861355321,1.812029511455283e-08
354.3277748789711,-51.17895525537603,13.199999999987996,7.668573202791253,-4.515624061615136,1.8153792926195463e-08
354.34381162087476,-51.17858008156378,13.199999999987979,7.6692730273370335,-4.5137161843803035,1.8187257054769576e-08
354.3598480971923,-51.17820269833551,13.199999999987961,7.669972376442459,-4.511808229980325,1.822068750027517e-08
354.3758843063815,-51.177823105726326,13.199999999987941,7.670671249986228,-4.509900198744745,1.8254387410328915e-08
354.3919202469002,-51.1774413037717,13.199999999987924,7.671369647847298,-4.5079920910031746,1.8287750489697472e-08
354.4079559172065,-51.177057292507484,13.199999999987904,7.67206756990487,-4.5060839070852605,1.832128198440862e-08
354.42399131575854,-51.176671071969906,13.199999999987885,7.672765016038404,-4.504175647320707,1.8354695588379956e-08
354.44002644101477,-51.17628264219563,13.199999999987867,7.673461986127612,-4.502267312039271,1.8388361815365186e-08
354.45606129143357,-51.175892003221655,13.199999999987847,7.674158480052448,-4.500358901570757,1.8421825943939298e-08
354.47209586547353,-51.175499155085376,13.199999999987828,7.67485449769312,-4.498450416245023,1.8455172181773592e-08
354.4881301615936,-51.17510409782461,13.199999999987808,7.675550038930102,-4.496541856391971,1.8488720518019004e-08
354.5041641782525,-51.174706831477515,13.199999999987789,7.676245103644095,-4.494633222341554,1.8522150963524598e-08
354.52019791390944,-51.17430735608267,13.199999999987773,7.6769396917160755,-4.492724514423774,1.8555800348975566e-08
354.5362313670236,-51.173905671679016,13.199999999987751,7.677633803027252,-4.490815732968691,1.8589163428344122e-08
354.5522645360544,-51.173501778305905,13.199999999987732,7.6783274374590995,-4.488906878306399,1.8622678081521012e-08
354.5682974194613,-51.17309567600304,13.19999999998772,7.6790205948933385,-4.486997950767046,1.8656293783903465e-08
354.584330015704,-51.172687364810535,13.199999999987698,7.67971327521194,-4.485088950680843,1.868957265560072e-08
354.60036232324245,-51.172276844768916,13.199999999987673,7.680405478297137,-4.483179878378013,1.8723356773325767e-08
354.6163943405365,-51.17186411591904,13.199999999987659,7.681097204031388,-4.481270734188873,1.8756534595817465e-08
354.6324260660464,-51.17144917830219,13.19999999998764,7.681788452297445,-4.4793615184437385,1.8790217664336955e-08
354.64845749823235,-51.17103203196002,13.199999999987622,7.682479222978274,-4.477452231473017,1.882356390217125e-08
354.66448863555496,-51.17061267693456,13.1999999999876,7.683169515957119,-4.47554287360713,1.8856977506142583e-08
354.6805194764749,-51.17019111326826,13.199999999987583,7.6838593311174614,-4.473633445176551,1.8890677416196332e-08
354.69655001945273,-51.16976734100392,13.199999999987563,7.684548668343038,-4.471723946511827,1.8923922604825067e-08
354.7125802629497,-51.16934136018475,13.199999999987542,7.6852375275178515,-4.4698143779435044,1.8957588831810297e-08
354.7286102054267,-51.16891317085433,13.199999999987526,7.685925908526128,-4.467904739802213,1.899106980191867e-08
354.74463984534515,-51.16848277305665,13.199999999987504,7.686613811252385,-4.465995032418613,1.902461813816408e-08
354.7606691811664,-51.168050166836046,13.199999999987487,7.6873012355813515,-4.464085256123411,1.9057981217532634e-08
354.7766982113522,-51.167615352237284,13.199999999987467,7.6879881813980475,-4.462175411247357,1.909129377229841e-08
354.7927269343642,-51.16717832930547,13.199999999987448,7.6886746485877175,-4.460265498121244,1.912477474240678e-08
354.80875534866453,-51.16673909808614,13.199999999987428,7.689360637035875,-4.458355517075909,1.9158289395583674e-08
354.8247834527151,-51.16629765862522,13.19999999998741,7.690046146628278,-4.456445468442244,1.9191635633417968e-08
354.84081124497845,-51.16585401096896,13.199999999987389,7.690731177250947,-4.454535352551161,1.922528501886894e-08
354.8568387239169,-51.16540815516405,13.199999999987371,7.691415728790142,-4.45262516973364,1.925881651358009e-08
354.8728658879931,-51.164960091257534,13.199999999987355,7.692099801132385,-4.45071492032069,1.9292213276017164e-08
354.8888927356699,-51.16450981929688,13.199999999987332,7.692783394164457,-4.448804604643369,1.9325660563057017e-08
354.90491926541034,-51.16405733932992,13.199999999987313,7.6934665077733815,-4.446894223032765,1.9359158374699648e-08
354.9209454756775,-51.16360265140485,13.199999999987293,7.694149141846436,-4.444983775820026,1.9392369880259864e-08
354.93697136493483,-51.16314575557028,13.199999999987273,7.694831296271163,-4.443073263336322,1.9425918216505276e-08
354.95299693164577,-51.1626866518752,13.199999999987256,7.695512970935343,-4.4411626859128805,1.945936550354513e-08
354.9690221742741,-51.16222534036899,13.199999999987234,7.696194165727022,-4.439252043880963,1.949286331518776e-08
354.98504709128366,-51.16176182110139,13.199999999987217,7.696874880534491,-4.437341337571873,1.9526175869953535e-08
355.0010716811385,-51.16129609412256,13.199999999987195,7.697555115246305,-4.435430567316953,1.955958947392487e-08
355.017095942303,-51.16082815948302,13.199999999987176,7.698234869751264,-4.433519733447584,1.9593019919430463e-08
355.0331198732415,-51.1603580172337,13.199999999987156,7.698914143938427,-4.431608836295191,1.9626601938744394e-08
355.04914347241856,-51.15988566742587,13.199999999987137,7.6995929376971,-4.429697876191243,1.965991449351017e-08
355.0651667382992,-51.15941111011123,13.199999999987117,7.700271250916855,-4.427786853467231,1.9693530195892618e-08
355.0811896693482,-51.15893434534184,13.1999999999871,7.700949083487508,-4.425875768454709,1.9726893275261175e-08
355.0972122640308,-51.15845537317016,13.19999999998708,7.7016264352991275,-4.423964621485249,1.9760290037698246e-08
355.11323452081245,-51.157974193649025,13.199999999987059,7.702303306242046,-4.422053412890472,1.9793585750929762e-08
