galstreams/tracks/track.st.Kshir.ibata2020.ecsv
# %ECSV 0.9
# ---
# datatype:
# - {name: ra, unit: deg, datatype: float64}
# - {name: dec, unit: deg, datatype: float64}
# - {name: distance, unit: kpc, datatype: float64}
# - {name: pm_ra_cosdec, unit: mas / yr, datatype: float64}
# - {name: pm_dec, unit: mas / yr, datatype: float64}
# - {name: radial_velocity, unit: km / s, datatype: float64}
# delimiter: ','
# meta: !!omap
# - __serialized_columns__:
#     dec:
#       __class__: astropy.coordinates.angles.Latitude
#       unit: &id001 !astropy.units.Unit {unit: deg}
#       value: !astropy.table.SerializedColumn {name: dec}
#     distance:
#       __class__: astropy.coordinates.distances.Distance
#       unit: !astropy.units.Unit {unit: kpc}
#       value: !astropy.table.SerializedColumn {name: distance}
#     pm_dec:
#       __class__: astropy.units.quantity.Quantity
#       unit: !astropy.units.Unit {unit: mas / yr}
#       value: !astropy.table.SerializedColumn {name: pm_dec}
#     pm_ra_cosdec:
#       __class__: astropy.units.quantity.Quantity
#       unit: !astropy.units.Unit {unit: mas / yr}
#       value: !astropy.table.SerializedColumn {name: pm_ra_cosdec}
#     ra:
#       __class__: astropy.coordinates.angles.Longitude
#       unit: *id001
#       value: !astropy.table.SerializedColumn {name: ra}
#       wrap_angle: !astropy.coordinates.Angle
#         unit: *id001
#         value: 360.0
#     radial_velocity:
#       __class__: astropy.units.quantity.Quantity
#       unit: !astropy.units.Unit {unit: km / s}
#       value: !astropy.table.SerializedColumn {name: radial_velocity}
# schema: astropy-2.0
ra,dec,distance,pm_ra_cosdec,pm_dec,radial_velocity
[from data line 139]
223.98542929569436,68.32693583882694,11.263410922372632,-7.37782066679621,-1.4081983441489438,5.894536990910637e-14
224.2216639702321,68.32413356650497,11.27329784569773,-7.370539106009922,-1.3766845407544315,8.420767129872338e-14
224.45783370754947,68.32089509245104,11.28283434448453,-7.363139353423288,-1.345234991867072,8.420767129872338e-15
224.69392833993493,68.31721836468549,11.292012442425191,-7.355620979605561,-1.313852289127867,5.0524602779234026e-14
224.92993762581904,68.3131013561775,11.300824163211857,-7.347983590716604,-1.2825390343761176,7.157652060391487e-14
225.16585125234465,68.30854206511151,11.309261530536679,-7.340226828689533,-1.2512978389221918,3.368306851948935e-14
225.40165883797903,68.30353851514535,11.317316568091803,-7.332350371396547,-1.2201313228137525,4.210383564936169e-15
225.63734993516658,68.29808875565992,11.324981299569389,-7.324353932797653,-1.1890421140959022,2.1051917824680846e-14
225.87291403302063,68.29219086200013,11.332247748661576,-7.3162372630721,-1.1580328480657844,2.5262301389617013e-14
226.1083405600525,68.28584293570724,11.339107939060526,-7.308000148732273,-1.1271061665221338,6.315575347404254e-14
226.3436188869369,68.2790431047421,11.345553894458376,-7.299642412719902,-1.0962647170102962,5.894536990910637e-14
226.57873832931153,68.27178952369921,11.351577638547287,-7.291163914484292,-1.0655111520632508,4.210383564936169e-15
226.81368815060935,68.26408037401163,11.357171195019404,-7.2825645500425775,-1.0348481284391824,4.631421921429786e-14
227.0484575649223,68.25591386414646,11.362326587566875,-7.273844252021719,-1.0042783063561043,6.315575347404254e-14
227.2830357398941,68.24728822979066,11.367035839881856,-7.265002989682142,-0.9738043487241466,8.21024795162553e-14
227.51741179964066,68.23820173402726,11.371290975656494,-7.256040768923006,-0.9434289203760123,2.947268495455318e-14
227.75157482769677,68.22865266750176,11.375084018582939,-7.246957632268814,-0.913154687296196,2.7367493172085098e-14
227.98551386998625,68.21863934857855,11.378406992353339,-7.23775365883754,-0.8829843158494992,7.578690416885104e-14
228.21921793781507,68.2081601234873,11.38125192065985,-7.22842896428999,-0.85292047200943,3.789345208442552e-14
228.45267601088418,68.19721336645927,11.383610827194616,-7.218983700760516,-0.8229658205870837,3.9998643866893604e-14
228.6858770403211,68.18579747985315,11.38547573564979,-7.209418056769,-0.7931230244610141,5.0524602779234026e-14
228.91880995172826,68.17391089427088,11.386838669717521,-7.199732257114125,-0.7633947438087173,2.5262301389617013e-14
229.1514636482457,68.16155206866273,11.387691653089961,-7.189926562747964,-0.7337836353403068,1.2631150694808506e-14
229.3838270136266,68.14871949042214,11.38802670945926,-7.1800012706319105,-0.7042923515349222,6.526094525651062e-14
229.61588891532364,68.13541167546977,11.387835862517562,-7.169956713574041,-0.6749235398804513,8.420767129872338e-15
229.84763820758383,68.12162716832708,11.387111135957028,-7.159793260047951,-0.6456798421171861,5.2629794561702114e-14
230.0790637345506,68.10736454217917,11.3858445534698,-7.14951131399324,-0.6165638934858902,3.789345208442552e-14
230.31015433337015,68.0926223989268,11.384028138748027,-7.13911131459764,-0.5875783219809287,-4.210383564936169e-15
230.5408988373008,68.07739936922793,11.381653915483868,-7.128593736061059,-0.5587257476089807,1.0525958912340423e-14
230.7712860788234,68.06169411252803,11.378713907369466,-7.117959087341625,-0.5300087816538733,6.526094525651062e-14
231.00130489274994,68.04550531708001,11.375200138096972,-7.1072079118839,-0.5014300259481208,4.4209027431829774e-14
231.2309441193293,68.02883169995302,11.371104631358536,-7.096340787329506,-0.4729920721517178,-1.0525958912340423e-15
231.46019260734772,68.0116720070306,11.366419410846309,-7.085358325210327,-0.44469750103865996,2.6314897280851057e-14
231.689039217222,67.99402501299784,11.361136500252442,-7.074261170624563,-0.41654888179178573,-7.368171238638296e-15
231.91747282408326,67.97588952131792,11.35524792326908,-7.063050001895846,-0.388548771306433,-9.47336302110638e-15
232.14548232084985,67.9572643641977,11.348745703588381,-7.051725530215694,-0.36069971350341146,9.683882199353189e-14
232.37305662128708,67.93814840254252,11.341621864902491,-7.040288499269605,-0.33300423865176765,1.3683746586042549e-14
232.6001846630512,67.91854052590044,11.33386843090356,-7.028739684847077,-0.3054648627019413,8.631286308119147e-14
232.82685541071743,67.8984396523956,11.32547742528374,-7.017079894435846,-0.2780840866295755,-1.9999321933446802e-14
233.05305785878772,67.87784472865103,11.316440871735177,-7.005309966800716,-0.2508643957907099,6.262945552842552e-14
233.27878103467918,67.85675472970095,11.306750793950028,-6.99343077154729,-0.2238082592885428,1.9473023987829782e-14
233.5040140016882,67.83516865889234,11.296399215620433,-6.981443208670997,-0.19691812935243297,4.73668151055319e-15
233.7287458619314,67.81308554777632,11.285378160438551,-6.969348208091713,-0.17019644072938966,3.105157879140425e-14
233.9529657592593,67.79050445598904,11.27367965209653,-6.957146729174491,-0.14364561008854504,3.210417468263829e-14
234.17666288214244,67.76742447112228,11.261295714286518,-6.944839760236674,-0.11726803543899986,3.526196235634042e-14
234.39982646652717,67.74384470858396,11.248218370700664,-6.932428318041869,-0.09106609556138996,1.0894367474272338e-13
234.6224457986604,67.71976431144857,11.234439645031124,-6.919913447281189,-0.06504214945354318,5.736647607225531e-14
234.84451021788053,67.69518245029758,11.219951560970042,-6.907296220042214,-0.0391985357906232,1.1223303690282976e-13
235.06600911937394,67.67009832305013,11.204746142209567,-6.8945777352660755,-0.013537572399978635,-4.440638916143616e-15
235.28693195689473,67.64451115478388,11.188815412441862,-6.881759118193166,0.011938444248839743,-7.134626525270743e-14
235.50726824544654,67.6184201975464,11.17215139535906,-6.868841519797911,0.03722723953875298,6.920817984863828e-14
235.7270075639252,67.59182473015701,11.15474611465332,-6.855826116213075,0.062326561184145354,4.210383564936169e-14
235.94613955771953,67.56472405799944,11.136591594016792,-6.842714108144084,0.0872341796938992,2.815694009051063e-14
236.16465394127053,67.53711751280525,11.117679857141624,-6.829506720273848,0.11194788881831699,5.23666455888936e-14
236.38254050058654,67.5090044524283,11.09800292771997,-6.816205200658611,0.13646550597965815,-9.999660966723401e-15
236.59978909571316,67.48038426061039,11.077552829443976,-6.802810820115228,0.16078487268604053,-8.947065075489359e-15
236.81638966315708,67.45125634673832,11.056321586005794,-6.789324871600527,0.18490385492864259,3.8946047975659563e-14
237.0323322182621,67.42162014559219,11.034301221097571,-6.775748669583066,0.20882034356189566,5.157719867046807e-14
237.24760685753657,67.39147511708589,11.011483758411462,-6.762083549408012,0.23253225466661415,2.1051917824680846e-14
237.46220376093083,67.36082074599885,10.987861221639612,-6.748330866655455,0.25603752989590933,-1.5788938368510635e-14
237.6761131940639,67.32965654170042,10.963425634474175,-6.7344919964928,0.27933413680375674,2.4209705498382972e-14
