galstreams/tracks/track.st.300S.fu2018.ecsv
# %ECSV 1.0
# ---
# datatype:
# - {name: ra, unit: deg, datatype: float64}
# - {name: dec, unit: deg, datatype: float64}
# - {name: distance, unit: kpc, datatype: float64}
# - {name: pm_ra_cosdec, unit: mas / yr, datatype: float64}
# - {name: pm_dec, unit: mas / yr, datatype: float64}
# - {name: radial_velocity, unit: km / s, datatype: float64}
# delimiter: ','
# meta: !!omap
# - __serialized_columns__:
#     dec:
#       __class__: astropy.coordinates.angles.Latitude
#       unit: &id001 !astropy.units.Unit {unit: deg}
#       value: !astropy.table.SerializedColumn {name: dec}
#     distance:
#       __class__: astropy.coordinates.distances.Distance
#       unit: !astropy.units.Unit {unit: kpc}
#       value: !astropy.table.SerializedColumn {name: distance}
#     pm_dec:
#       __class__: astropy.units.quantity.Quantity
#       unit: !astropy.units.Unit {unit: mas / yr}
#       value: !astropy.table.SerializedColumn {name: pm_dec}
#     pm_ra_cosdec:
#       __class__: astropy.units.quantity.Quantity
#       unit: !astropy.units.Unit {unit: mas / yr}
#       value: !astropy.table.SerializedColumn {name: pm_ra_cosdec}
#     ra:
#       __class__: astropy.coordinates.angles.Longitude
#       unit: *id001
#       value: !astropy.table.SerializedColumn {name: ra}
#       wrap_angle: !astropy.coordinates.Angle
#         unit: *id001
#         value: 360.0
#     radial_velocity:
#       __class__: astropy.units.quantity.Quantity
#       unit: !astropy.units.Unit {unit: km / s}
#       value: !astropy.table.SerializedColumn {name: radial_velocity}
# schema: astropy-2.0
ra,dec,distance,pm_ra_cosdec,pm_dec,radial_velocity
[from data line 279]
154.6851935694603,15.724138802755876,16.882054302763635,1.7763568394002505e-15,-1.1102230246251565e-16,298.1213242129802
154.695509946949,15.722857296871156,16.878382738081363,2.220446049250313e-16,0.0,298.11711961579255
154.70582614681658,15.721574969076206,16.874712637264157,2.220446049250313e-15,0.0,298.11289580077823
154.71614216906966,15.720291820085377,16.871044000384835,8.881784197001252e-16,-2.220446049250313e-16,298.10865277362234
154.72645801371485,15.719007850613009,16.86737682751625,1.5543122344752192e-15,0.0,298.10439054000994
154.73677368075911,15.717723061373446,16.863711118731217,1.3322676295501878e-15,2.220446049250313e-16,298.1001091056261
154.74708917020942,15.716437453081042,16.860046874102597,4.440892098500626e-16,2.220446049250313e-16,298.0958084761557
154.75740448207293,15.71515102645015,16.856384093703202,8.881784197001252e-16,-1.1102230246251565e-16,298.09148865728395
154.76771961635697,15.71386378219513,16.85272277760588,2.220446049250313e-16,-1.1102230246251565e-16,298.0871496546958
154.7780345730691,15.712575721030316,16.849062925883466,1.1102230246251565e-15,-3.3306690738754696e-16,298.08279147407643
154.78834935221698,15.71128684367008,16.845404538608786,1.5543122344752192e-15,0.0,298.0784141211107
154.79866395380847,15.70999715082878,16.841747615854693,4.440892098500626e-16,-2.220446049250313e-16,298.07401760148366
154.80897837785145,15.708706643220777,16.838092157694003,4.440892098500626e-16,-2.220446049250313e-16,298.06960192088053
154.8192926243542,15.707415321560427,16.83443816419956,2.220446049250313e-16,-2.220446049250313e-16,298.06516708498606
154.82960669332496,15.706123186562092,16.830785635444204,1.5543122344752192e-15,1.1102230246251565e-16,298.0607130994855
154.83992058477224,15.704830238940152,16.827134571500757,4.440892098500626e-16,-2.220446049250313e-16,298.05623997006376
154.85023429870478,15.703536479408957,16.82348497244207,2.220446049250313e-16,-2.220446049250313e-16,298.0517477024061
154.86054783513123,15.702241908682879,16.819836838340958,1.5543122344752192e-15,-3.3306690738754696e-16,298.04723630219723
154.8708611940607,15.700946527476288,16.81619016927028,6.661338147750939e-16,-2.220446049250313e-16,298.0427057751225
154.88117437550216,15.69965033650356,16.812544965302855,1.1102230246251565e-15,2.220446049250313e-16,298.0381561268668
154.89148737946508,15.698353336479071,16.808901226511523,1.7763568394002505e-15,-2.220446049250313e-16,298.03358736311515
154.90180020595886,15.697055528117179,16.805258952969123,6.661338147750939e-16,-3.3306690738754696e-16,298.02899948955263
154.9121128549931,15.69575691213227,16.801618144748478,6.661338147750939e-16,-2.220446049250313e-16,298.02439251186416
154.92242532657752,15.69445748923873,16.797978801922444,4.440892098500626e-16,-1.1102230246251565e-16,298.01976643573505
154.9327376207222,15.693157260150922,16.794340924563834,8.881784197001252e-16,-5.551115123125783e-16,298.0151212668501
154.9430497374372,15.691856225583228,16.790704512745496,6.661338147750939e-16,2.220446049250313e-16,298.01045701089447
154.95336167673275,15.690554386250037,16.78706956654026,1.7763568394002505e-15,-2.220446049250313e-16,298.00577367355294
154.9636734386193,15.68925174286574,16.78343608602097,1.3322676295501878e-15,-1.1102230246251565e-16,298.001071260511
154.9739850231075,15.687948296144695,16.779804071260454,1.1102230246251565e-15,1.1102230246251565e-16,297.9963497774534
154.98429643020808,15.686644046801309,16.776173522331547,4.440892098500626e-16,-3.3306690738754696e-16,297.9916092300652
154.99460765993192,15.68533899554996,16.77254443930708,1.5543122344752192e-15,-2.220446049250313e-16,297.98684962403144
155.00491871229008,15.684033143105047,16.7689168222599,1.1102230246251565e-15,-2.220446049250313e-16,297.98207096503717
155.0152295872939,15.682726490180944,16.76529067126283,1.7763568394002505e-15,1.1102230246251565e-16,297.9772732587675
155.0255402849548,15.681419037492049,16.761665986388717,6.661338147750939e-16,-3.3306690738754696e-16,297.9724565109073
155.03585080528424,15.680110785752754,16.758042767710386,1.3322676295501878e-15,-2.220446049250313e-16,297.96762072714176
155.04616114829395,15.678801735677462,16.75442101530068,1.1102230246251565e-15,-2.220446049250313e-16,297.962765913156
155.05647131399596,15.677491887980551,16.750800729232427,8.881784197001252e-16,0.0,297.95789207463463
155.0667813024022,15.67618124337642,16.747181909578472,1.5543122344752192e-15,0.0,297.9529992172632
155.07709111352494,15.674869802579472,16.743564556411638,1.9984014443252818e-15,0.0,297.94808734672654
155.0874007473765,15.673557566304112,16.739948669804768,8.881784197001252e-16,-2.220446049250313e-16,297.9431564687096
155.09771020396954,15.672244535264717,16.736334249830698,2.220446049250313e-16,-1.1102230246251565e-16,297.93820658889746
155.10801948331667,15.670930710175705,16.732721296562264,2.220446049250313e-16,-1.1102230246251565e-16,297.9332377129753
155.11832858543076,15.669616091751477,16.72910981007229,2.220446049250313e-16,-1.1102230246251565e-16,297.928249846628
155.12863751032478,15.668300680706432,16.72549979043363,1.3322676295501878e-15,0.0,297.9232429955407
155.13894625801206,15.666984477754964,16.7218912377191,1.1102230246251565e-15,2.220446049250313e-16,297.9182171653984
155.1492548285059,15.665667483611493,16.718284152001548,8.881784197001252e-16,1.1102230246251565e-16,297.91317236188615
155.15956322181975,15.66434969899042,16.7146785333538,6.661338147750939e-16,-1.1102230246251565e-16,297.9081085906888
155.1698714379673,15.663031124606158,16.711074381848707,1.9984014443252818e-15,0.0,297.9030258574917
155.18017947696242,15.661711761173096,16.707471697559082,1.7763568394002505e-15,1.1102230246251565e-16,297.8979241679798
155.19048733881914,15.660391609405657,16.703870480557782,1.3322676295501878e-15,0.0,297.89280352783805
155.20079502355148,15.659070670018256,16.700270730917627,1.5543122344752192e-15,1.1102230246251565e-16,297.8876639427514
155.21110253117394,15.657748943725286,16.696672448711457,4.440892098500626e-16,-5.551115123125783e-16,297.882505418405
155.22140986170086,15.656426431241167,16.693075634012107,0.0,-1.1102230246251565e-16,297.877327960484
155.23171701514696,15.655103133280313,16.68948028689242,1.1102230246251565e-15,0.0,297.87213157467335
155.24202399152696,15.65377905055715,16.685886407425215,2.220446049250313e-16,1.1102230246251565e-16,297.86691626665794
155.2523307908559,15.652454183786068,16.68229399568334,1.5543122344752192e-15,2.220446049250313e-16,297.86168204212305
155.26263741314892,15.651128533681495,16.67870305173963,6.661338147750939e-16,1.1102230246251565e-16,297.85642890675354
155.27294385842126,15.649802100957846,16.67511357566691,1.5543122344752192e-15,0.0,297.85115686623465
155.28325012668833,15.648474886329549,16.671525567538033,4.440892098500626e-16,-3.3306690738754696e-16,297.8458659262512
155.29355621796583,15.647146890511003,16.667939027425813,1.1102230246251565e-15,-2.220446049250313e-16,297.8405560924882
155.30386213226947,15.645818114216626,16.6643539554031,1.7763568394002505e-15,-2.220446049250313e-16,297.83522737063095
155.31416786961526,15.644488558160848,16.660770351542727,2.220446049250313e-16,1.1102230246251565e-16,297.8298797663643
155.32447343001914,15.643158223058098,16.657188215917525,1.5543122344752192e-15,-1.1102230246251565e-16,297.8245132853733
155.33477881349754,15.641827109622774,16.65360754860033,8.881784197001252e-16,1.1102230246251565e-16,297.81912793334294
155.3450840200668,15.64049521856931,16.650028349663984,6.661338147750939e-16,0.0,297.81372371595836
155.35538904974345,15.639162550612129,16.64645061918131,1.3322676295501878e-15,2.220446049250313e-16,297.80830063890465
155.36569390254425,15.637829106465656,16.64287435722515,1.5543122344752192e-15,4.440892098500626e-16,297.8028587078668
155.37599857848616,15.636494886844309,16.63929956386834,1.3322676295501878e-15,1.1102230246251565e-16,297.7973979285297
155.3863030775862,15.635159892462507,16.63572623918372,8.881784197001252e-16,-1.1102230246251565e-16,297.7919183065786
155.3966073998616,15.633824124034684,16.632154383244117,8.881784197001252e-16,0.0,297.78641984769837
155.40691154532965,15.632487582275271,16.628583996122373,2.220446049250313e-16,-1.1102230246251565e-16,297.7809025575741
155.41721551400803,15.631150267898674,16.62501507789131,2.220446049250313e-15,0.0,297.7753664418909
155.4275193059144,15.629812181619334,16.621447628623777,1.3322676295501878e-15,-2.220446049250313e-16,297.76981150633384
155.43782292106658,15.628473324151676,16.617881648392608,4.440892098500626e-16,0.0,297.7642377565877
155.44812635948256,15.627133696210132,16.614317137270632,1.1102230246251565e-15,1.1102230246251565e-16,297.7586451983377
155.45842962118067,15.625793298509116,16.61075409533069,8.881784197001252e-16,-1.1102230246251565e-16,297.753033837269
155.46873270617914,15.624452131763071,16.607192522645608,1.7763568394002505e-15,-3.3306690738754696e-16,297.7474036790665
155.47903561449652,15.62311019668642,16.603632419288235,1.3322676295501878e-15,-2.220446049250313e-16,297.7417547294151
155.48933834615138,15.621767493993598,16.600073785331393,1.1102230246251565e-15,-4.440892098500626e-16,297.73608699399995
155.4996409011627,15.620424024399027,16.596516620847932,1.9984014443252818e-15,0.0,297.7304004785064
155.50994327954942,15.619079788617139,16.592960925910674,1.5543122344752192e-15,1.1102230246251565e-16,297.72469518861897
155.52024548133065,15.617734787362371,16.589406700592455,1.1102230246251565e-15,-4.440892098500626e-16,297.7189711300231
155.5305475065256,15.616389021349157,16.585853944966114,1.9984014443252818e-15,-1.1102230246251565e-16,297.71322830840353
155.540849355154,15.615042491291913,16.58230265910449,0.0,-1.1102230246251565e-16,297.70746672944534
155.55115102723525,15.613695197905079,16.578752843080412,4.440892098500626e-16,3.3306690738754696e-16,297.70168639883394
155.56145252278924,15.612347141903095,16.575204496966723,1.7763568394002505e-15,-3.3306690738754696e-16,297.69588732225384
155.57175384183583,15.610998324000391,16.571657620836252,1.5543122344752192e-15,3.3306690738754696e-16,297.6900695053905
155.58205498439528,15.609648744911393,16.56811221476183,6.661338147750939e-16,1.1102230246251565e-16,297.68423295392864
155.59235595048776,15.608298405350537,16.564568278816303,-2.220446049250313e-16,2.220446049250313e-16,297.6783776735534
155.60265674013365,15.60694730603227,16.561025813072494,2.220446049250313e-16,-1.1102230246251565e-16,297.67250366994995
155.61295735335366,15.605595447671002,16.557484817603246,6.661338147750939e-16,-2.220446049250313e-16,297.66661094880334
155.6232577901685,15.604242830981176,16.553945292481398,1.3322676295501878e-15,-2.220446049250313e-16,297.6606995157984
155.63355805059908,15.602889456677236,16.550407237779776,4.440892098500626e-16,-2.220446049250313e-16,297.6547693766203
155.64385813466637,15.601535325473613,16.546870653571226,8.881784197001252e-16,-2.220446049250313e-16,297.6488205369541
155.65415804239174,15.600180438084738,16.54333553992857,1.1102230246251565e-15,-3.3306690738754696e-16,297.6428530024847
155.66445777379656,15.598824795225042,16.539801896924658,4.440892098500626e-16,0.0,297.6368667788973
155.67475732890233,15.597468397608965,16.53626972463231,8.881784197001252e-16,1.1102230246251565e-16,297.6308618718767
155.68505670773072,15.596111245950954,16.532739023124368,4.440892098500626e-16,-2.220446049250313e-16,297.6248382871083
155.69535591030373,15.594753340965424,16.529209792473676,2.220446049250313e-16,-4.440892098500626e-16,297.6187960302768
155.70565493664327,15.593394683366817,16.525682032753053,6.661338147750939e-16,-2.220446049250313e-16,297.61273510706746
155.71595378677162,15.592035273869572,16.522155744035345,1.3322676295501878e-15,1.1102230246251565e-16,297.60665552316516
155.726252460711,15.590675113188126,16.51863092639339,1.5543122344752192e-15,4.440892098500626e-16,297.60055728425516
155.7365509584841,15.589314202036913,16.515107579900008,1.5543122344752192e-15,0.0,297.59444039602215
155.74684928011345,15.587952541130367,16.51158570462805,1.3322676295501878e-15,0.0,297.5883048641515
155.75714742562195,15.586590131182918,16.508065300650344,8.881784197001252e-16,-2.220446049250313e-16,297.5821506943281
155.7674453950325,15.585226972909025,16.504546368039726,0.0,-2.220446049250313e-16,297.57597789223706
155.77774318836833,15.583863067023094,16.501028906869035,1.3322676295501878e-15,3.3306690738754696e-16,297.56978646356333
155.78804080565277,15.582498414239572,16.4975129172111,1.3322676295501878e-15,-3.3306690738754696e-16,297.563576413992
155.7983382469092,15.581133015272895,16.493998399138764,1.5543122344752192e-15,4.440892098500626e-16,297.55734774920796
155.80863551216126,15.57976687083752,16.49048535272485,6.661338147750939e-16,-2.220446049250313e-16,297.55110047489654
155.8189326014328,15.578399981647843,16.486973778042202,2.220446049250313e-16,-3.3306690738754696e-16,297.5448345967426
155.82922951474774,15.577032348418323,16.48346367516366,2.220446049250313e-16,-1.1102230246251565e-16,297.53855012043107
155.83952625213016,15.575663971863385,16.47995504416205,2.220446049250313e-16,2.220446049250313e-16,297.5322470516471
155.84982281360428,15.57429485269749,16.476447885110208,4.440892098500626e-16,-5.551115123125783e-16,297.52592539607593
155.86011919919463,15.572924991635036,16.472942198080975,4.440892098500626e-16,-2.220446049250313e-16,297.5195851594023
155.8704154089257,15.57155438939047,16.469437983147184,1.1102230246251565e-15,-1.1102230246251565e-16,297.51322634731133
155.8807114428223,15.570183046678236,16.46593524038167,8.881784197001252e-16,-1.1102230246251565e-16,297.5068489654881
155.89100730090922,15.568810964212775,16.462433969857265,1.1102230246251565e-15,1.1102230246251565e-16,297.5004530196177
155.9013029832117,15.567438142708497,16.458934171646803,6.661338147750939e-16,0.0,297.494038515385
155.91159848975482,15.566064582879848,16.455435845823125,1.1102230246251565e-15,0.0,297.4876054584752
155.921893820564,15.564690285441259,16.451938992459066,6.661338147750939e-16,4.440892098500626e-16,297.4811538545733
155.9321889756647,15.56331525110718,16.448443611627464,4.440892098500626e-16,0.0,297.47468370936423
155.94248395508276,15.561939480592022,16.444949703401143,1.3322676295501878e-15,0.0,297.46819502853316
155.95277875884395,15.560562974610226,16.44145726785295,6.661338147750939e-16,-1.1102230246251565e-16,297.4616878177651
155.96307338697423,15.559185733876227,16.43796630505571,2.220446049250313e-16,1.1102230246251565e-16,297.45516208274495
155.97336783949987,15.55780775910445,16.434476815082263,1.3322676295501878e-15,-1.1102230246251565e-16,297.4486178291579
155.9836621164472,15.55642905100933,16.430988798005448,6.661338147750939e-16,1.1102230246251565e-16,297.4420550626891
155.99395621784265,15.555049610305298,16.4275022538981,4.440892098500626e-16,0.0,297.4354737890234
156.00425014371282,15.553669437706795,16.424017182833044,1.5543122344752192e-15,-1.1102230246251565e-16,297.42887401384576
156.0145438940847,15.552288533928236,16.420533584883128,2.220446049250313e-16,-3.3306690738754696e-16,297.42225574284134
156.0248374689851,15.550906899684053,16.41705146012118,2.220446049250313e-16,-1.1102230246251565e-16,297.41561898169533
156.0351308684412,15.549524535688684,16.41357080862003,1.5543122344752192e-15,-2.220446049250313e-16,297.40896373609246
156.0454240924802,15.548141442656556,16.41009163045253,1.5543122344752192e-15,-5.551115123125783e-16,297.40229001171804
156.05571714112972,15.546757621302094,16.4066139256915,4.440892098500626e-16,-3.3306690738754696e-16,297.3955978142569
156.0660100144172,15.545373072339721,16.403137694409786,0.0,1.1102230246251565e-16,297.38888714939424
156.07630271237048,15.54398779648388,16.399662936680212,2.220446049250313e-16,-3.3306690738754696e-16,297.3821580228149
156.08659523501737,15.542601794448988,16.39618965257562,8.881784197001252e-16,-3.3306690738754696e-16,297.3754104402041
