galstreams/tracks/track.st.Jhelum.ibata2021.ecsv
# %ECSV 0.9
# ---
# datatype:
# - {name: ra, unit: deg, datatype: float64}
# - {name: dec, unit: deg, datatype: float64}
# - {name: distance, unit: kpc, datatype: float64}
# - {name: pm_ra_cosdec, unit: mas / yr, datatype: float64}
# - {name: pm_dec, unit: mas / yr, datatype: float64}
# - {name: radial_velocity, unit: km / s, datatype: float64}
# delimiter: ','
# meta: !!omap
# - __serialized_columns__:
#     dec:
#       __class__: astropy.coordinates.angles.Latitude
#       unit: &id001 !astropy.units.Unit {unit: deg}
#       value: !astropy.table.SerializedColumn {name: dec}
#     distance:
#       __class__: astropy.coordinates.distances.Distance
#       unit: !astropy.units.Unit {unit: kpc}
#       value: !astropy.table.SerializedColumn {name: distance}
#     pm_dec:
#       __class__: astropy.units.quantity.Quantity
#       unit: !astropy.units.Unit {unit: mas / yr}
#       value: !astropy.table.SerializedColumn {name: pm_dec}
#     pm_ra_cosdec:
#       __class__: astropy.units.quantity.Quantity
#       unit: !astropy.units.Unit {unit: mas / yr}
#       value: !astropy.table.SerializedColumn {name: pm_ra_cosdec}
#     ra:
#       __class__: astropy.coordinates.angles.Longitude
#       unit: *id001
#       value: !astropy.table.SerializedColumn {name: ra}
#       wrap_angle: !astropy.coordinates.Angle
#         unit: *id001
#         value: 360.0
#     radial_velocity:
#       __class__: astropy.units.quantity.Quantity
#       unit: !astropy.units.Unit {unit: km / s}
#       value: !astropy.table.SerializedColumn {name: radial_velocity}
# schema: astropy-2.0
ra,dec,distance,pm_ra_cosdec,pm_dec,radial_velocity
[from data line 1802]
341.89033906534206,-51.22273564224334,10.712117995935605,6.443593577481048,-5.486482868363813,-3.368306851948935e-14
341.8744753851847,-51.22136833382755,10.712877563945646,6.442130427636971,-5.48761875986326,-8.420767129872338e-14
341.85861275463657,-51.21999831790427,10.713637073628977,6.4406673619161925,-5.488753845760356,-1.0104920555846805e-13
341.84275117576857,-51.218625594103536,10.714396523335791,6.439204381948504,-5.489888126092997,-6.73661370389787e-14
341.82689065065165,-51.21725016205588,10.715155911416277,6.437741489363634,-5.491021600900343,-3.368306851948935e-14
341.8110311813567,-51.21587202139243,10.715915236220633,6.43627868579123,-5.492154270222812,-1.1789073981821273e-13
341.79517276995495,-51.214491171744854,10.716674496099053,6.434815972860874,-5.493286134102084,-1.6841534259744676e-14
341.77931541851717,-51.213107612745354,10.717433689401728,6.433353352202067,-5.494417192581109,-1.347322740779574e-13
341.7634591291145,-51.21172134402669,10.718192814478853,6.431890825444261,-5.495547445704088,-1.347322740779574e-13
341.74760390381806,-51.21033236522218,10.718951869680621,6.4304283942168095,-5.496676893516493,-1.1789073981821273e-13
341.7317497446988,-51.20894067596566,10.719710853357224,6.428966060148996,-5.497805536065054,-1.8525687685719145e-13
341.7158966538278,-51.20754627589155,10.720469763858862,6.4275038248700325,-5.498933373397759,-1.515738083377021e-13
341.70004463327626,-51.20614916463479,10.72122859953572,6.426041690009056,-5.500060405563868,-1.515738083377021e-13
341.6841936851152,-51.2047493418309,10.721987358738,6.424579657195115,-5.501186632613889,-5.0524602779234026e-14
341.66834381141564,-51.203346807115906,10.722746039815892,6.423117728057181,-5.502312054599603,-1.1789073981821273e-13
341.6524950142488,-51.20194156012643,10.723504641119584,6.4216559042241705,-5.5034366715740495,-8.420767129872338e-14
341.63664729568575,-51.20053360049962,10.724263160999282,6.420194187324871,-5.5045604835915185,-8.420767129872338e-14
341.62080065779764,-51.19912292787314,10.725021597805167,6.418732578988037,-5.505683490707574,-5.0524602779234026e-14
341.6049551026554,-51.19770954188528,10.725779949887444,6.417271080842302,-5.506805692979034,-1.347322740779574e-13
341.58911063233035,-51.196293442174806,10.726538215596296,6.415809694516243,-5.507927090463978,-2.020984111169361e-13
341.57326724889356,-51.19487462838106,10.727296393281925,6.414348421638341,-5.509047683221735,-1.0104920555846805e-13
341.557424954416,-51.19345310014394,10.728054481294523,6.412887263836979,-5.510167471312922,-2.020984111169361e-13
341.54158375096887,-51.192028857103885,10.728812477984281,6.411426222740485,-5.511286454799379,-3.368306851948935e-14
341.5257436406231,-51.19060189890188,10.72957038170139,6.409965299977063,-5.512404633744241,-1.515738083377021e-13
341.5099046254499,-51.18917222517947,10.730328190796053,6.408504497174853,-5.513522008211873,-2.020984111169361e-13
341.49406670752035,-51.187739835578725,10.731085903618455,6.407043815961896,-5.514638578267917,-1.347322740779574e-13
341.47822988890533,-51.18630472974228,10.731843518518792,6.405583257966144,-5.515754343979264,-1.0104920555846805e-13
341.46239417167595,-51.18486690731334,10.73260103384726,6.404122824815453,-5.516869305414071,0.0
341.44655955790313,-51.18342636793561,10.733358447954053,6.402662518137588,-5.517983462641754,-1.8525687685719145e-13
341.430726049658,-51.18198311125338,10.73411575918936,6.401202339560237,-5.519096815732976,-5.0524602779234026e-14
341.41489364901133,-51.18053713691148,10.73487296590338,6.399742290710968,-5.520209364759673,-1.347322740779574e-13
341.39906235803414,-51.17908844455528,10.735630066446303,6.398282373217263,-5.5213211097950285,-2.020984111169361e-13
341.3832321787974,-51.177637033830734,10.736387059168326,6.396822588706518,-5.522432050913487,-1.0104920555846805e-13
341.3674031133719,-51.17618290438428,10.737143942419639,6.395362938806018,-5.523542188190749,-6.73661370389787e-14
341.35157516382844,-51.174726055862955,10.737900714550438,6.393903425142954,-5.5246515217037775,-3.368306851948935e-14
341.335748332238,-51.17326648791432,10.738657373910915,6.39244404934442,-5.5257600515307885,-5.0524602779234026e-14
341.31992262067115,-51.17180420018651,10.739413918851264,6.3909848130374085,-5.5268677777512565,-1.0104920555846805e-13
341.30409803119875,-51.170339192328186,10.74017034772168,6.389525717848807,-5.527974700445907,-6.73661370389787e-14
341.2882745658915,-51.16887146398858,10.740926658872361,6.3880667654054015,-5.529080819696731,-1.515738083377021e-13
341.27245222682006,-51.16740101481743,10.741682850653488,6.386607957333892,-5.530186135586969,-1.515738083377021e-13
341.2566310160551,-51.165927844465074,10.742438921415266,6.385149295260845,-5.53129064820112,-6.73661370389787e-14
341.2408109356671,-51.16445195258236,10.743194869507885,6.383690780812736,-5.532394357624939,-2.020984111169361e-13
341.2249919877267,-51.16297333882071,10.74395069328154,6.3822324156159445,-5.533497263945436,-1.6841534259744677e-13
341.2091741743044,-51.16149200283207,10.74470639108642,6.380774201296732,-5.534599367250875,-1.1789073981821273e-13
341.1933574974706,-51.16000794426897,10.745461961272728,6.379316139481248,-5.535700667630781,-5.0524602779234026e-14
341.17754195929564,-51.158521162784446,10.746217402190643,6.377858231795542,-5.536801165175931,-1.1789073981821273e-13
341.1617275618499,-51.15703165803212,10.746972712190372,6.376400479865544,-5.53790085997835,-1.0104920555846805e-13
341.1459143072037,-51.15553942966613,10.747727889622107,6.374942885317089,-5.538999752131325,-1.347322740779574e-13
341.13010219742733,-51.15404447734117,10.748482932836035,6.373485449775884,-5.540097841729394,-1.1789073981821273e-13
341.1142912345909,-51.15254680071253,10.749237840182355,6.372028174867532,-5.541195128868356,-1.515738083377021e-13
341.09848142076453,-51.15104639943596,10.749992610011258,6.370571062217517,-5.542291613645251,-1.6841534259744677e-13
341.08267275801825,-51.14954327316786,10.750747240672943,6.369114113451217,-5.5433872961583806,-6.73661370389787e-14
341.0668652484221,-51.14803742156508,10.751501730517594,6.367657330193882,-5.544482176507305,-5.0524602779234026e-14
341.05105889404604,-51.14652884428508,10.752256077895414,6.366200714070659,-5.545576254792829,-1.6841534259744677e-13
341.0352536969599,-51.145017540985855,10.75301028115659,6.364744266706567,-5.546669531117005,-6.73661370389787e-14
341.0194496592335,-51.14350351132594,10.753764338651319,6.363287989726504,-5.547762005583159,-1.6841534259744677e-13
341.0036467829365,-51.141986754964435,10.754518248729795,6.361831884755267,-5.548853678295842,-3.368306851948935e-14
340.98784507013863,-51.14046727156097,10.75527200974221,6.360375953417507,-5.549944549360884,-5.0524602779234026e-14
340.97204452290947,-51.138945060775725,10.75602562003876,6.358920197337779,-5.551034618885344,-1.6841534259744676e-14
340.9562451433184,-51.13742012226944,10.75677907796964,6.357464618140489,-5.552123886977551,-8.420767129872338e-14
340.9404469334351,-51.1358924557034,10.757532381885035,6.356009217449945,-5.553212353747073,-6.73661370389787e-14
340.9246498953287,-51.13436206073943,10.758285530135149,6.354553996890318,-5.554300019304733,-1.1789073981821273e-13
340.9088540310686,-51.1328289370399,10.75903852107017,6.353098958085653,-5.555386883762606,-1.6841534259744676e-14
340.89305934272386,-51.13129308426776,10.759791353040292,6.35164410265987,-5.556472947234022,-1.347322740779574e-13
340.8772658323637,-51.129754502086456,10.76054402439571,6.35018943223677,-5.55755820983355,-1.515738083377021e-13
340.8614735020572,-51.12821319016003,10.761296533486618,6.348734948440013,-5.558642671677019,-1.1789073981821273e-13
340.84568235387314,-51.12666914815305,10.762048878663208,6.3472806528931365,-5.559726332881502,-8.420767129872338e-14
340.82989238988046,-51.125122375730626,10.762801058275675,6.345826547219554,-5.560809193565327,-6.73661370389787e-14
340.8141036121478,-51.12357287255844,10.763553070674213,6.34437263304253,-5.561891253848069,-6.73661370389787e-14
340.79831602274396,-51.122020638302686,10.764304914209013,6.342918911985223,-5.562972513850553,-8.420767129872338e-14
340.7825296237374,-51.12046567263014,10.765056587230273,6.341465385670633,-5.564052973694848,-1.6841534259744677e-13
340.76674441719666,-51.11890797520811,10.765808088088185,6.340012055721642,-5.565132633504276,-6.73661370389787e-14
340.75096040518997,-51.11734754570446,10.766559415132939,6.338558923760996,-5.566211493403413,-1.515738083377021e-13
340.73517758978585,-51.11578438378756,10.767310566714734,6.337105991411301,-5.567289553518067,-1.1789073981821273e-13
340.71939597305226,-51.11421848912643,10.76806154118376,6.335653260295025,-5.568366813975313,-5.0524602779234026e-14
340.7036155570573,-51.11264986139051,10.768812336890214,6.334200732034503,-5.569443274903463,-2.3578147963642546e-13
340.6878363438689,-51.11107850024988,10.769562952184286,6.332748408251931,-5.57051893643207,-1.0104920555846805e-13
340.672058335555,-51.109504405375134,10.770313385416175,6.3312962905693615,-5.571593798691951,-1.6841534259744677e-13
340.65628153418334,-51.107927576437405,10.771063634936064,6.329844380608715,-5.572667861815155,-8.420767129872338e-14
340.64050594182146,-51.10634801310841,10.771813699094157,6.3283926799917625,-5.573741125934987,-6.73661370389787e-14
340.6247315605369,-51.10476571506037,10.772563576240646,6.326941190340128,-5.574813591185994,-1.347322740779574e-13
340.6089583923971,-51.10318068196606,10.773313264725724,6.325489913275312,-5.575885257703963,-1.6841534259744676e-14
340.59318643946926,-51.10159291349884,10.774062762899584,6.324038850418644,-5.57695612562594,-1.1789073981821273e-13
340.57741570382063,-51.100002409332575,10.774812069112416,6.322588003391335,-5.57802619509021,-1.347322740779574e-13
340.56164618751825,-51.09840916914172,10.775561181714417,6.321137373814435,-5.579095466236296,-1.0104920555846805e-13
340.54587789262905,-51.09681319260121,10.776310099055785,6.319686963308845,-5.580163939204976,-1.347322740779574e-13
340.53011082121975,-51.09521447938663,10.77705881948671,6.3182367734953235,-5.581231614138268,-5.0524602779234026e-14
340.5143449753571,-51.09361302917399,10.777807341357379,6.31678680599449,-5.582298491179437,-1.6841534259744676e-14
340.49858035710764,-51.092008841639945,10.778555663017997,6.315337062426783,-5.583364570472988,-3.368306851948935e-14
340.4828169685377,-51.090401916461644,10.779303782818749,6.313887544412526,-5.584429852164676,-1.515738083377021e-13
340.46705481171375,-51.08879225331681,10.780051699109835,6.312438253571875,-5.585494336401486,-6.73661370389787e-14
340.4512938887018,-51.08717985188372,10.780799410241446,6.310989191524827,-5.586558023331662,-1.6841534259744676e-14
340.4355342015678,-51.08556471184115,10.781546914563775,6.3095403598912325,-5.587620913104686,-1.347322740779574e-13
340.41977575237786,-51.08394683286847,10.782294210427018,6.30809176029079,-5.588683005871275,-1.347322740779574e-13
340.4040185431976,-51.08232621464559,10.783041296181361,6.306643394343044,-5.5897443017834,-1.347322740779574e-13
340.3882625760926,-51.080702856852945,10.783788170177008,6.305195263667369,-5.590804800994258,-1.347322740779574e-13
340.37250785312835,-51.07907675917155,10.784534830764148,6.303747369882995,-5.591864503658307,-1.515738083377021e-13
340.3567543763702,-51.07744792128293,10.785281276292976,6.302299714608987,-5.592923409931231,-1.515738083377021e-13
340.34100214788333,-51.075816342869174,10.786027505113681,6.300852299464261,-5.593981519969962,-3.368306851948935e-14
340.32525116973267,-51.07418202361292,10.786773515576465,6.299405126067558,-5.595038833932673,-1.0104920555846805e-13
340.3095014439832,-51.07254496319737,10.787519306031513,6.297958196037467,-5.596095351978778,-1.1789073981821273e-13
340.2937529726997,-51.07090516130624,10.788264874829023,6.29651151099241,-5.597151074268924,-1.515738083377021e-13
340.2780057579466,-51.06926261762381,10.789010220319192,6.2950650725506545,-5.598206000965003,-2.020984111169361e-13
340.2622598017884,-51.06761733183489,10.789755340852208,6.293618882330297,-5.599260132230149,-2.1893994537668078e-13
340.2465151062894,-51.065969303624875,10.790500234778268,6.292172941949274,-5.600313468228727,1.6841534259744676e-14
340.23077167351363,-51.06431853267965,10.791244900447559,6.290727253025342,-5.601366009126357,-1.1789073981821273e-13
340.21502950552514,-51.0626650186857,10.791989336210284,6.289281817176116,-5.602417755089879,-1.515738083377021e-13
340.1992886043876,-51.061008761330044,10.792733540416632,6.28783663601902,-5.6034687062873765,-1.6841534259744676e-14
340.1835489721647,-51.0593497603002,10.7934775114168,6.286391711171311,-5.604518862888183,-1.6841534259744677e-13
340.16781061091996,-51.0576880152843,10.794221247560976,6.284947044250105,-5.60556822506285,-1.347322740779574e-13
340.15207352271665,-51.05602352597099,10.794964747199357,6.2835026368723055,-5.606616792983186,-8.420767129872338e-14
340.1363377096178,-51.054356292049455,10.795708008682139,6.282058490654677,-5.607664566822217,-6.73661370389787e-14
340.1206031736864,-51.05268631320943,10.796451030359512,6.280614607213794,-5.6087115467542255,-2.3578147963642546e-13
340.1048699169853,-51.05101358914122,10.797193810581668,6.279170988166066,-5.609757732954712,-1.6841534259744677e-13
340.0891379415771,-51.04933811953564,10.797936347698807,6.27772763512773,-5.610803125600423,-6.73661370389787e-14
340.0734072495243,-51.04765990408407,10.798678640061116,6.276284549714842,-5.611847724869346,-8.420767129872338e-14
340.05767784288895,-51.045978942478456,10.799420686018793,6.2748417335432745,-5.612891530940688,-8.420767129872338e-14
340.04194972373324,-51.044295234411244,10.80016248392203,6.273399188228744,-5.613934543994907,-1.6841534259744677e-13
340.02622289411914,-51.04260877957545,10.800904032121025,6.271956915386771,-5.614976764213684,-8.420767129872338e-14
340.0104973561083,-51.040919577664646,10.801645328965964,6.2705149166327026,-5.616018191779938,-6.73661370389787e-14
339.99477311176224,-51.03922762837293,10.802386372807046,6.26907319358171,-5.61705882687783,-1.6841534259744677e-13
339.9790501631424,-51.03753293139496,10.80312716199446,6.267631747848784,-5.618098669692737,-6.73661370389787e-14
339.9633285123098,-51.035835486425945,10.80386769487841,6.266190581048719,-5.61913772041129,-1.0104920555846805e-13
339.94760816132543,-51.034135293161604,10.804607969809073,6.264749694796151,-5.620175979221338,-8.420767129872338e-14
339.93188911225013,-51.03243235129825,10.80534798513666,6.263309090705509,-5.62121344631197,-1.1789073981821273e-13
339.91617136714456,-51.03072666053269,10.806087739211351,6.261868770391057,-5.6222501218735,-6.73661370389787e-14
339.9004549280689,-51.02901822056234,10.806827230383352,6.260428735466857,-5.623286006097485,-1.6841534259744676e-14
339.88473979708345,-51.02730703108509,10.807566457002842,6.258988987546797,-5.624321099176709,-2.020984111169361e-13
339.8690259762483,-51.02559309179943,10.80830541742003,6.257549528244574,-5.625355401305174,-5.0524602779234026e-14
339.853313467623,-51.02387640240437,10.809044109985102,6.2561103591736895,-5.626388912678138,-1.8525687685719145e-13
339.8376022732674,-51.02215696259947,10.809782533048251,6.254671481947469,-5.62742163349207,-8.420767129872338e-14
339.82189239524075,-51.02043477208484,10.810520684959673,6.253232898179035,-5.628453563944678,-1.6841534259744677e-13
339.80618383560227,-51.018709830561114,10.81125856406956,6.2517946094813395,-5.629484704234894,-1.1789073981821273e-13
339.79047659641094,-51.01698213772949,10.811996168728102,6.250356617467118,-5.630515054562885,-5.0524602779234026e-14
339.77477067972546,-51.015251693291724,10.812733497285505,6.248918923748919,-5.631544615130047,-5.0524602779234026e-14
339.7590660876044,-51.013518496950084,10.81347054809195,6.247481529939116,-5.632573386139005,-6.73661370389787e-14
339.74336282210623,-51.01178254840741,10.814207319497635,6.246044437649865,-5.633601367793606,0.0
