galstreams/tracks/track.st.Jet.ferguson2022.ecsv
# %ECSV 1.0
# ---
# datatype:
# - {name: ra, unit: deg, datatype: float64}
# - {name: dec, unit: deg, datatype: float64}
# - {name: distance, unit: kpc, datatype: float64}
# - {name: pm_ra_cosdec, unit: mas / yr, datatype: float64}
# - {name: pm_dec, unit: mas / yr, datatype: float64}
# - {name: radial_velocity, unit: km / s, datatype: float64}
# delimiter: ','
# meta: !!omap
# - __serialized_columns__:
#     dec:
#       __class__: astropy.coordinates.angles.Latitude
#       unit: &id001 !astropy.units.Unit {unit: deg}
#       value: !astropy.table.SerializedColumn {name: dec}
#     distance:
#       __class__: astropy.coordinates.distances.Distance
#       unit: !astropy.units.Unit {unit: kpc}
#       value: !astropy.table.SerializedColumn {name: distance}
#     pm_dec:
#       __class__: astropy.units.quantity.Quantity
#       unit: !astropy.units.Unit {unit: mas / yr}
#       value: !astropy.table.SerializedColumn {name: pm_dec}
#     pm_ra_cosdec:
#       __class__: astropy.units.quantity.Quantity
#       unit: !astropy.units.Unit {unit: mas / yr}
#       value: !astropy.table.SerializedColumn {name: pm_ra_cosdec}
#     ra:
#       __class__: astropy.coordinates.angles.Longitude
#       unit: *id001
#       value: !astropy.table.SerializedColumn {name: ra}
#       wrap_angle: !astropy.coordinates.Angle
#         unit: *id001
#         value: 360.0
#     radial_velocity:
#       __class__: astropy.units.quantity.Quantity
#       unit: !astropy.units.Unit {unit: km / s}
#       value: !astropy.table.SerializedColumn {name: radial_velocity}
# schema: astropy-2.0
ra,dec,distance,pm_ra_cosdec,pm_dec,radial_velocity
[from data line 2609]
145.80646183762258,-13.269324344182097,27.9283253057544,-1.0076717212832742,-1.7107386721797182,-6.73661370389787e-14
145.81303739031898,-13.26160586429186,27.926390605078304,-1.008151626875104,-1.7109184020913308,-4.210383564936169e-14
145.81961286484568,-13.25388745499969,27.924457760862914,-1.0086317996478267,-1.7110980531471354,-2.5262301389617013e-14
145.82618826100077,-13.246169116074608,27.922526775115458,-1.0091122397485417,-1.7112776253309743,-1.6841534259744676e-14
145.83276357858233,-13.238450847285698,27.920597649843167,-1.0095929473243386,-1.7114571186266787,-1.6841534259744676e-14
145.83933881738844,-13.230732648402107,27.918670387053282,-1.0100739225222943,-1.711636533018065,-8.420767129872338e-15
145.84591397721718,-13.223014519193027,27.91674498875303,-1.0105551654894769,-1.7118158684889364,-4.210383564936169e-14
145.85248905786662,-13.215296459427707,27.914821456949657,-1.011036676372941,-1.7119951250230803,-5.894536990910637e-14
145.85906405913477,-13.207578468875464,27.912899793650393,-1.0115184553197314,-1.7121743026042735,0.0
145.8656389808197,-13.199860547305663,27.91098000086247,-1.012000502476881,-1.7123534012162767,-3.368306851948935e-14
145.87221382271952,-13.192142694487721,27.90906208059312,-1.0124828179914132,-1.7125324208428372,-8.420767129872338e-15
145.87878858463216,-13.184424910191117,27.907146034849596,-1.0129654020103374,-1.7127113614676874,0.0
145.88536326635574,-13.176707194185388,27.905231865639102,-1.013448254680655,-1.7128902230745486,-3.368306851948935e-14
145.89193786768826,-13.168989546240123,27.903319574968897,-1.0139313761493545,-1.7130690056471258,0.0
145.89851238842772,-13.161271966124973,27.901409164846203,-1.014414766563414,-1.7132477091691103,-1.6841534259744676e-14
145.90508682837213,-13.153554453609628,27.899500637278273,-1.014898426069799,-1.7134263336241784,-4.210383564936169e-14
145.9116611873195,-13.145837008463857,27.89759399427232,-1.015382354815466,-1.713604878995996,-4.210383564936169e-14
145.91823546506785,-13.138119630457465,27.895689237835583,-1.015866552947359,-1.7137833452682114,-2.5262301389617013e-14
145.92480966141517,-13.130402319360332,27.893786369975306,-1.0163510206124102,-1.7139617324244598,-4.210383564936169e-14
145.93138377615938,-13.122685074942378,27.891885392698722,-1.016835757957543,-1.7141400404483629,-3.368306851948935e-14
145.93795780909855,-13.114967896973576,27.889986308013068,-1.0173207651296665,-1.714318269323527,-3.368306851948935e-14
145.9445317600306,-13.107250785223973,27.888089117925563,-1.0178060422756818,-1.714496419033547,-5.0524602779234026e-14
145.95110562875348,-13.09953373946366,27.886193824443463,-1.0182915895424764,-1.7146744895619996,1.6841534259744676e-14
145.95767941506517,-13.091816759462775,27.884300429573976,-1.0187774070769282,-1.7148524808924526,3.368306851948935e-14
145.96425311876365,-13.084099844991531,27.882408935324367,-1.0192634950259019,-1.7150303930084538,-3.368306851948935e-14
145.9708267396468,-13.076382995820175,27.88051934370186,-1.0197498535362535,-1.7152082258935404,-8.420767129872338e-15
145.9774002775126,-13.068666211719028,27.878631656713683,-1.0202364827548258,-1.7153859795312343,-2.5262301389617013e-14
145.983973732159,-13.06094949245846,27.876745876367067,-1.0207233828284519,-1.7155636539050443,-2.5262301389617013e-14
145.99054710338385,-13.053232837808885,27.87486200466927,-1.021210553903952,-1.7157412489984623,-1.6841534259744676e-14
145.99712039098515,-13.04551624754079,27.8729800436275,-1.0216979961281365,-1.7159187647949687,1.6841534259744676e-14
146.00369359476076,-13.037799721424712,27.871099995249004,-1.0221857096478044,-1.7160962012780288,-2.5262301389617013e-14
146.01026671450862,-13.030083259231224,27.869221861541014,-1.0226736946097428,-1.7162735584310915,-3.368306851948935e-14
146.0168397500266,-13.022366860730981,27.867345644510774,-1.0231619511607273,-1.7164508362375943,-1.6841534259744676e-14
146.0234127011126,-13.014650525694677,27.865471346165506,-1.0236504794475236,-1.7166280346809586,-6.73661370389787e-14
146.02998556756447,-13.00693425389307,27.863598968512452,-1.0241392796168856,-1.7168051537445914,-1.6841534259744676e-14
146.03655834918015,-12.999218045096962,27.861728513558845,-1.024628351815555,-1.7169821934118856,-8.420767129872338e-15
146.04313104575752,-12.991501899077214,27.859859983311917,-1.0251176961902628,-1.71715915366622,-5.894536990910637e-14
146.04970365709434,-12.983785815604747,27.85799337977891,-1.0256073128877299,-1.7173360344909585,-2.5262301389617013e-14
146.05627618298857,-12.976069794450531,27.856128704967052,-1.0260972020546641,-1.71751283586945,-1.6841534259744676e-14
146.062848623238,-12.968353835385594,27.854265960883573,-1.0265873638377627,-1.71768955778503,0.0
146.06942097764053,-12.960637938181012,27.852405149535734,-1.027077798383712,-1.7178662002210183,0.0
146.07599324599397,-12.95292210260792,27.850546272930735,-1.0275685058391866,-1.7180427631607207,8.420767129872338e-15
146.08256542809616,-12.945206328437507,27.848689333075836,-1.02805948635085,-1.7182192465874282,-3.368306851948935e-14
146.0891375237449,-12.937490615441021,27.846834331978254,-1.0285507400653544,-1.7183956504844191,-4.210383564936169e-14
146.09570953273806,-12.92977496338975,27.844981271645235,-1.0290422671293404,-1.7185719748349526,-5.0524602779234026e-14
146.10228145487338,-12.922059372055061,27.843130154084008,-1.0295340676894378,-1.718748219622278,-8.420767129872338e-15
146.10885328994868,-12.914343841208341,27.841280981301818,-1.030026141892264,-1.7189243848296267,0.0
146.11542503776184,-12.906628370621055,27.839433755305887,-1.030518489884427,-1.7191004704402166,-5.894536990910637e-14
146.12199669811056,-12.898912960064724,27.837588478103452,-1.0310111118125216,-1.7192764764372512,-2.5262301389617013e-14
146.12856827079267,-12.891197609310911,27.835745151701754,-1.031504007823132,-1.719452402803919,-1.6841534259744676e-14
146.1351397556059,-12.883482318131236,27.833903778108027,-1.0319971780628308,-1.7196282495233928,-2.5262301389617013e-14
146.1417111523481,-12.875767086297369,27.832064359329507,-1.0324906226781798,-1.7198040165788315,-4.210383564936169e-14
146.14828246081697,-12.868051913581043,27.830226897373425,-1.0329843418157296,-1.7199797039533797,-5.0524602779234026e-14
146.1548536808103,-12.860336799754041,27.828391394247006,-1.0334783356220185,-1.7201553116301667,1.6841534259744676e-14
146.16142481212586,-12.8526217445882,27.826557851957503,-1.0339726042435733,-1.7203308395923056,-2.5262301389617013e-14
146.16799585456135,-12.844906747855399,27.82472627251214,-1.0344671478269107,-1.7205062878228967,-3.368306851948935e-14
146.17456680791454,-12.837191809327596,27.822896657918154,-1.0349619665185352,-1.7206816563050236,-8.420767129872338e-15
146.18113767198315,-12.829476928776776,27.82106901018279,-1.03545706046494,-1.7208569450217566,-2.5262301389617013e-14
146.18770844656493,-12.821762105974983,27.819243331313263,-1.035952429812607,-1.7210321539561502,-7.578690416885104e-14
146.19427913145756,-12.814047340694337,27.817419623316816,-1.0364480747080071,-1.7212072830912437,-5.894536990910637e-14
146.20084972645876,-12.806332632706983,27.815597888200696,-1.0369439952975985,-1.7213823324100619,-1.6841534259744676e-14
146.20742023136626,-12.798617981785126,27.81377812797212,-1.0374401917278293,-1.7215573018956143,0.0
146.21399064597776,-12.79090338770104,27.81196034463833,-1.0379366641451355,-1.7217321915308954,-2.5262301389617013e-14
146.22056097009096,-12.78318885022703,27.810144540206565,-1.0384334126959422,-1.7219070012988842,3.368306851948935e-14
146.22713120350352,-12.775474369135463,27.80833071668405,-1.038930437526663,-1.722081731182547,8.420767129872338e-15
146.2337013460131,-12.767759944198765,27.80651887607803,-1.0394277387836999,-1.722256381164831,-3.368306851948935e-14
146.24027139741744,-12.760045575189404,27.804709020395737,-1.0399253166134423,-1.7224309512286704,0.0
146.24684135751417,-12.752331261879915,27.8029011516444,-1.0404231711622711,-1.7226054413569865,0.0
146.25341122610095,-12.744617004042873,27.80109527183126,-1.0409213025765522,-1.7227798515326804,-3.368306851948935e-14
146.25998100297542,-12.736902801450903,27.79929138296355,-1.0414197110026433,-1.7229541817386425,-8.420767129872338e-15
146.26655068793528,-12.7291886538767,27.797489487048505,-1.0419183965868886,-1.7231284319577465,-1.6841534259744676e-14
146.27312028077813,-12.721474561093,27.79568958609336,-1.0424173594756208,-1.723302602172849,0.0
146.2796897813016,-12.713760522872581,27.793891682105343,-1.0429165998151624,-1.7234766923667948,-5.894536990910637e-14
146.28625918930334,-12.706046538988293,27.7920957770917,-1.0434161177518235,-1.7236507025224095,-3.368306851948935e-14
146.29282850458094,-12.69833260921303,27.79030187305967,-1.0439159134319032,-1.7238246326225073,-4.210383564936169e-14
146.29939772693206,-12.690618733319738,27.788509972016463,-1.0444159870016883,-1.7239984826498844,0.0
146.30596685615427,-12.682904911081417,27.786720075969335,-1.0449163386074558,-1.7241722525873233,-3.368306851948935e-14
146.3125358920452,-12.675191142271117,27.784932186925516,-1.045416968395469,-1.724345942417589,-1.6841534259744676e-14
146.31910483440242,-12.66747742666194,27.783146306892238,-1.0459178765119814,-1.7245195521234342,-4.210383564936169e-14
146.32567368302352,-12.659763764027037,27.78136243787674,-1.0464190631032344,-1.7246930816875927,-8.420767129872338e-15
146.33224243770613,-12.652050154139623,27.779580581886254,-1.0469205283154577,-1.7248665310927862,-8.420767129872338e-15
146.3388110982478,-12.64433659677295,27.777800740928015,-1.0474222722948694,-1.7250399003217187,-1.6841534259744676e-14
146.34537966444606,-12.636623091700333,27.776022917009254,-1.0479242951876775,-1.7252131893570795,-5.0524602779234026e-14
146.35194813609849,-12.628909638695134,27.774247112137214,-1.0484265971400757,-1.7253863981815414,0.0
146.35851651300268,-12.621196237530764,27.772473328319133,-1.0489291782982484,-1.7255595267777637,-5.0524602779234026e-14
146.36508479495618,-12.613482887980691,27.77070156756223,-1.0494320388083684,-1.7257325751283887,0.0
146.37165298175648,-12.605769589818433,27.768931831873747,-1.0499351788165963,-1.7259055432160435,-3.368306851948935e-14
146.37822107320116,-12.598056342817564,27.767164123260915,-1.0504385984690812,-1.7260784310233397,-8.420767129872338e-15
146.38478906908776,-12.590343146751692,27.765398443730984,-1.0509422979119596,-1.7262512385328732,0.0
146.39135696921377,-12.582630001394506,27.76363479529118,-1.0514462772913589,-1.7264239657272245,-3.368306851948935e-14
146.39792477337673,-12.574916906519713,27.76187317994873,-1.051950536753394,-1.7265966125889576,0.0
146.40449248137418,-12.567203861901096,27.760113599710873,-1.0524550764441654,-1.7267691791006219,-3.368306851948935e-14
146.41106009300356,-12.559490867312482,27.758356056584848,-1.0529598965097673,-1.7269416652447507,-8.420767129872338e-15
146.4176276080624,-12.551777922527744,27.756600552577893,-1.0534649970962775,-1.727114071003861,1.6841534259744676e-14
146.4241950263482,-12.544065027320814,27.75484708969723,-1.0539703783497651,-1.727286396360456,-1.6841534259744676e-14
146.43076234765843,-12.53635218146567,27.753095669950103,-1.0544760404162865,-1.72745864129702,-2.5262301389617013e-14
146.43732957179057,-12.528639384736337,27.75134629534375,-1.054981983441886,-1.727630805796024,-3.368306851948935e-14
146.44389669854212,-12.520926636906905,27.749598967885397,-1.0554882075725975,-1.727802889839923,-2.5262301389617013e-14
146.4504637277105,-12.513213937751509,27.747853689582286,-1.0559947129544434,-1.7279748934111552,-4.210383564936169e-14
146.4570306590932,-12.50550128704432,27.746110462441646,-1.0565014997334328,-1.7281468164921434,-8.420767129872338e-15
146.46359749248768,-12.49778868455958,27.744369288470708,-1.057008568055565,-1.7283186590652957,2.5262301389617013e-14
146.47016422769138,-12.490076130071573,27.74263016967672,-1.057515918066826,-1.728490421113001,-4.210383564936169e-14
146.47673086450172,-12.482363623354631,27.74089310806691,-1.0580235499131918,-1.7286621026176356,-2.5262301389617013e-14
146.48329740271618,-12.47465116418314,27.739158105648514,-1.0585314637406258,-1.7288337035615595,-3.368306851948935e-14
146.4898638421321,-12.46693875233154,27.737425164428757,-1.0590396596950802,-1.729005223927115,-3.368306851948935e-14
146.496430182547,-12.459226387574313,27.73569428641489,-1.0595481379224951,-1.7291766636966301,-2.5262301389617013e-14
146.50299642375825,-12.451514069686008,27.733965473614138,-1.060056898568799,-1.7293480228524154,0.0
146.50956256556321,-12.443801798441196,27.732238728033742,-1.0605659417799096,-1.729519301376766,1.6841534259744676e-14
146.51612860775938,-12.436089573614524,27.73051405168092,-1.0610752677017319,-1.7296904992519635,8.420767129872338e-15
146.52269455014414,-12.428377394980675,27.728791446562937,-1.061584876480159,-1.7298616164602678,-1.6841534259744676e-14
146.5292603925148,-12.420665262314394,27.727070914686994,-1.0620947682610735,-1.7300326529839283,-1.6841534259744676e-14
146.53582613466878,-12.412953175390465,27.72535245806035,-1.0626049431903457,-1.7302036088051744,0.0
146.54239177640352,-12.405241133983722,27.723636078690227,-1.0631154014138349,-1.7303744839062238,-3.368306851948935e-14
146.54895731751628,-12.397529137869062,27.721921778583866,-1.0636261430773868,-1.7305452782692723,-8.420767129872338e-15
146.5555227578045,-12.389817186821425,27.720209559748504,-1.0641371683268377,-1.7307159918765043,-1.6841534259744676e-14
146.56208809706553,-12.382105280615788,27.71849942419137,-1.0646484773080105,-1.730886624710085,-1.6841534259744676e-14
146.56865333509668,-12.374393419027195,27.7167913739197,-1.0651600701667172,-1.7310571767521656,-3.368306851948935e-14
146.57521847169534,-12.36668160183073,27.715085410940734,-1.0656719470487581,-1.7312276479848796,-4.210383564936169e-14
146.5817835066588,-12.35896982880153,27.713381537261693,-1.0661841080999221,-1.7313980383903456,-8.420767129872338e-15
146.58834843978445,-12.351258099714798,27.71167975488983,-1.066696553465985,-1.7315683479506632,0.0
146.59491327086957,-12.343546414345738,27.70998006583237,-1.067209283292712,-1.7317385766479192,-3.368306851948935e-14
146.6014779997115,-12.33583477246967,27.708282472096542,-1.0677222977258571,-1.7319087244641833,8.420767129872338e-15
146.60804262610753,-12.328123173861906,27.70658697568959,-1.0682355969111608,-1.7320787913815054,-8.420767129872338e-15
146.614607149855,-12.320411618297841,27.704893578618748,-1.0687491809943537,-1.7322487773819237,0.0
146.6211715707512,-12.312700105552906,27.70320228289125,-1.0692630501211533,-1.7324186824474577,-1.6841534259744676e-14
146.62773588859338,-12.304988635402585,27.70151309051433,-1.0697772044372655,-1.7325885065601094,-2.5262301389617013e-14
146.63430010317887,-12.297277207622411,27.699826003495218,-1.0702916440883863,-1.7327582497018676,5.0524602779234026e-14
146.64086421430494,-12.289565821987962,27.698141023841163,-1.0708063692201963,-1.732927911854702,-3.368306851948935e-14
146.64742822176888,-12.281854478274866,27.69645815355938,-1.0713213799783683,-1.7330974930005665,0.0
146.65399212536792,-12.274143176258818,27.694777394657116,-1.0718366765085605,-1.7332669931213993,0.0
146.66055592489937,-12.266431915715527,27.69309874914161,-1.072352258956421,-1.733436412199121,-3.368306851948935e-14
146.66711962016043,-12.258720696420776,27.691422219020087,-1.0728681274675842,-1.733605750215636,3.368306851948935e-14
146.6736832109484,-12.251009518150399,27.68974780629978,-1.0733842821876753,-1.733775007152833,-4.210383564936169e-14
146.68024669706048,-12.243298380680264,27.68807551298794,-1.0739007232623052,-1.7339441829925828,-8.420767129872338e-15
146.68681007829392,-12.23558728378629,27.68640534109179,-1.074417450837075,-1.7341132777167405,-5.0524602779234026e-14
146.69337335444595,-12.227876227244456,27.684737292618554,-1.0749344650575732,-1.734282291307145,-1.6841534259744676e-14
