galstreams/tracks/track.st.Gaia-11.ibata2021.ecsv
# %ECSV 0.9
# ---
# datatype:
# - {name: ra, unit: deg, datatype: float64}
# - {name: dec, unit: deg, datatype: float64}
# - {name: distance, unit: kpc, datatype: float64}
# - {name: pm_ra_cosdec, unit: mas / yr, datatype: float64}
# - {name: pm_dec, unit: mas / yr, datatype: float64}
# - {name: radial_velocity, unit: km / s, datatype: float64}
# delimiter: ','
# meta: !!omap
# - __serialized_columns__:
#     dec:
#       __class__: astropy.coordinates.angles.Latitude
#       unit: &id001 !astropy.units.Unit {unit: deg}
#       value: !astropy.table.SerializedColumn {name: dec}
#     distance:
#       __class__: astropy.coordinates.distances.Distance
#       unit: !astropy.units.Unit {unit: kpc}
#       value: !astropy.table.SerializedColumn {name: distance}
#     pm_dec:
#       __class__: astropy.units.quantity.Quantity
#       unit: !astropy.units.Unit {unit: mas / yr}
#       value: !astropy.table.SerializedColumn {name: pm_dec}
#     pm_ra_cosdec:
#       __class__: astropy.units.quantity.Quantity
#       unit: !astropy.units.Unit {unit: mas / yr}
#       value: !astropy.table.SerializedColumn {name: pm_ra_cosdec}
#     ra:
#       __class__: astropy.coordinates.angles.Longitude
#       unit: *id001
#       value: !astropy.table.SerializedColumn {name: ra}
#       wrap_angle: !astropy.coordinates.Angle
#         unit: *id001
#         value: 360.0
#     radial_velocity:
#       __class__: astropy.units.quantity.Quantity
#       unit: !astropy.units.Unit {unit: km / s}
#       value: !astropy.table.SerializedColumn {name: radial_velocity}
# schema: astropy-2.0
ra,dec,distance,pm_ra_cosdec,pm_dec,radial_velocity
267.71301129151755,48.68846727804634,11.461675480778197,-4.749252275989606,5.332353094214843,2.3578147963642546e-13
267.7180315317632,48.67899815281688,11.463702940758782,-4.748801854478571,5.331022338647447,2.5262301389617017e-13
267.72305111617925,48.66952916246671,11.46572732659696,-4.748350943746717,5.32969270215936,3.031476166754042e-13
267.72807004496497,48.660060306850966,11.467748641353422,-4.747899544129621,5.328364184573132,2.1893994537668078e-13
267.73308831831906,48.650591585824905,11.469766888088849,-4.747447655963044,5.327036785711492,2.3578147963642546e-13
267.73810593644043,48.64112299924369,11.471782069863927,-4.746995279582885,5.325710505397341,3.536722194546382e-13
267.7431228995276,48.631654546962686,11.47379418973934,-4.746542415325218,5.324385343453752,2.5262301389617017e-13
267.74813920777865,48.62218622883728,11.475803250775773,-4.746089063526285,5.323061299703967,3.1998915093514883e-13
267.75315486139175,48.6127180447229,11.477809256033915,-4.745635224522479,5.321738373971412,2.020984111169361e-13
267.7581698605646,48.603249994475036,11.479812208574446,-4.7451808986503705,5.32041656607967,2.1893994537668078e-13
267.76318420549467,48.5937820779493,11.481812111458055,-4.7447260862466765,5.319095875852502,2.5262301389617017e-13
267.76819789637943,48.58431429500118,11.48380896774542,-4.744270787648289,5.317776303113858,2.020984111169361e-13
267.77321093341595,48.574846645486396,11.48580278049723,-4.743815003192251,5.3164578476878335,1.515738083377021e-13
267.778223316801,48.56537912926069,11.487793552774178,-4.743358733215778,5.315140509398709,2.8630608241565947e-13
267.7832350467313,48.55591174617982,11.489781287636935,-4.742901978056246,5.31382428807095,2.694645481559148e-13
267.7882461234032,48.546444496099646,11.491765988146199,-4.742444738051182,5.312509183529173,2.020984111169361e-13
267.79325654701285,48.53697737887603,11.493747657362645,-4.741987013538291,5.311195195598175,2.1893994537668078e-13
267.7982663177562,48.52751039436502,11.49572629834696,-4.741528804855433,5.309882324102933,2.1893994537668078e-13
267.803275435829,48.51804354242249,11.497701914159833,-4.74107011234062,5.308570568868587,1.0104920555846805e-13
267.80828390142665,48.50857682290459,11.499674507861949,-4.740610936332047,5.307259929720451,3.031476166754042e-13
267.8132917147445,48.49911023566742,11.501644082513986,-4.740151277168045,5.3059504064840155,3.031476166754042e-13
267.8182988759775,48.48964378056718,11.503610641176639,-4.7396911351871225,5.304641998984941,1.6841534259744677e-13
267.82330538532045,48.48017745746011,11.505574186910582,-4.739230510727957,5.303334707049061,3.8735528797412755e-13
267.8283112429679,48.47071126620256,11.50753472277651,-4.738769404129364,5.302028530502373,3.536722194546382e-13
267.8333164491143,48.46124520665077,11.509492251835102,-4.738307815730335,5.300723469171061,2.3578147963642546e-13
267.83832100395364,48.45177927866124,11.511446777147047,-4.737845745870019,5.299419522881472,2.1893994537668078e-13
267.8433249076798,48.44231348209042,11.513398301773025,-4.737383194887734,5.298116691460123,3.031476166754042e-13
267.8483281604866,48.43284781679484,11.515346828773724,-4.736920163122942,5.296814974733714,2.020984111169361e-13
267.8533307625672,48.423382282631096,11.51729236120983,-4.736456650915281,5.295514372529105,2.020984111169361e-13
267.858332714115,48.41391687945583,11.519234902142024,-4.735992658604542,5.294214884673338,1.6841534259744677e-13
267.86333401532295,48.40445160712583,11.521174454630996,-4.73552818653068,5.292916510993612,1.6841534259744677e-13
267.8683346663837,48.394986465497695,11.523111021737428,-4.735063235033808,5.291619251317319,2.3578147963642546e-13
267.8733346674899,48.38552145442833,11.525044606522007,-4.734597804454197,5.290323105472006,2.694645481559148e-13
267.8783340188338,48.376056573774626,11.526975212045416,-4.734131895132283,5.289028073285402,2.5262301389617017e-13
267.8833327206075,48.36659182339347,11.52890284136834,-4.733665507408658,5.287734154585403,2.020984111169361e-13
267.8883307730028,48.3571272031419,11.530827497551465,-4.733198641624082,5.286441349200075,1.0104920555846805e-13
267.89332817621136,48.34766271287696,11.532749183655474,-4.732731298119467,5.285149656957662,2.5262301389617017e-13
267.8983249304245,48.33819835245579,11.534667902741056,-4.7322634772358825,5.283859077686572,1.515738083377021e-13
267.9033210358335,48.328734121735465,11.536583657868892,-4.731795179314567,5.282569611215393,2.5262301389617017e-13
267.90831649262935,48.31927002057326,11.538496452099674,-4.731326404696907,5.28128125737288,2.1893994537668078e-13
267.91331130100264,48.30980604882646,11.540406288494072,-4.730857153724463,5.279994015987961,2.3578147963642546e-13
267.9183054611439,48.30034220635238,11.54231317011279,-4.730387426738943,5.278707886889729,2.8630608241565947e-13
267.9232989732435,48.29087849300844,11.544217100016498,-4.729917224082218,5.277422869907463,3.3683068519489354e-13
267.92829183749143,48.28141490865214,11.546118081265886,-4.729446546096323,5.2761389648706025,2.8630608241565947e-13
267.9332840540776,48.271951453140886,11.548016116921643,-4.728975393123441,5.274856171608762,3.3683068519489354e-13
267.9382756231916,48.2624881263323,11.549911210044451,-4.728503765505918,5.273574489951727,1.8525687685719145e-13
267.94326654502277,48.25302492808402,11.551803363694995,-4.728031663586272,5.272293919729451,3.031476166754042e-13
267.94825681976033,48.243561858253706,11.553692580933953,-4.727559087707162,5.271014460772069,2.020984111169361e-13
267.95324644759324,48.234098916699125,11.555578864822028,-4.727086038211412,5.269736112909877,1.6841534259744677e-13
267.95823542871017,48.22463610327806,11.557462218419882,-4.726612515442015,5.268458875973346,8.420767129872338e-14
267.9632237632996,48.21517341784843,11.559342644788217,-4.726138519742107,5.2671827497931165,2.3578147963642546e-13
267.96821145154996,48.20571086026805,11.561220146987715,-4.725664051454982,5.265907734200004,1.8525687685719145e-13
267.9731984936492,48.19624843039493,11.563094728079054,-4.725189110924109,5.264633829025002,2.8630608241565947e-13
267.9781848897852,48.18678612808712,11.564966391122924,-4.7247136984931,5.263361034099253,2.5262301389617017e-13
267.9831706401457,48.1773239532027,11.56683513918001,-4.724237814505726,5.2620893492541025,2.5262301389617017e-13
267.9881557449179,48.167861905599814,11.568700975311,-4.723761459305931,5.260818774321031,3.8735528797412755e-13
267.9931402042891,48.15839998513672,11.570563902576573,-4.7232846332378,5.259549309131718,3.3683068519489354e-13
267.9981240184463,48.14893819167157,11.572423924037418,-4.722807336645578,5.258280953518009,2.8630608241565947e-13
268.00310718757623,48.13947652506274,11.574281042754217,-4.722329569873676,5.257013707311912,1.515738083377021e-13
268.0080897118653,48.13001498516861,11.576135261787657,-4.72185133326666,5.255747570345607,2.8630608241565947e-13
268.0130715915,48.120553571847616,11.57798658419842,-4.721372627169248,5.254482542451454,3.031476166754042e-13
268.01805282666635,48.111092284958225,11.579835013047196,-4.720893451926322,5.253218623461978,1.347322740779574e-13
268.0230334175502,48.10163112435903,11.581680551394667,-4.7204138078829185,5.251955813209876,2.8630608241565947e-13
268.02801336433726,48.09217008990867,11.583523202301523,-4.71993369538423,5.250694111528008,2.694645481559148e-13
268.0329926672129,48.082709181465695,11.58536296882844,-4.719453114775608,5.249433518249428,2.8630608241565947e-13
268.03797132636254,48.07324839888889,11.587199854036108,-4.718972066402556,5.248174033207336,1.6841534259744677e-13
268.04294934197094,48.06378774203704,11.58903386098521,-4.718490550610746,5.246915656235112,2.020984111169361e-13
268.047926714223,48.05432721076898,11.590864992736433,-4.718008567746001,5.245658387166312,2.3578147963642546e-13
268.05290344330336,48.0448668049436,11.592693252350461,-4.717526118154295,5.244402225834653,1.6841534259744677e-13
268.05787952939625,48.03540652441986,11.594518642887984,-4.717043202181763,5.243147172074028,1.8525687685719145e-13
268.0628549726859,48.02594636905683,11.596341167409678,-4.716559820174702,5.241893225718507,2.1893994537668078e-13
268.0678297733562,48.01648633871346,11.598160828976233,-4.716075972479556,5.240640386602317,2.694645481559148e-13
268.0728039315909,48.00702643324894,11.599977630648338,-4.715591659442929,5.239388654559866,2.8630608241565947e-13
268.0777774475735,47.99756665252244,11.60179157548667,-4.715106881411585,5.238138029425732,2.5262301389617017e-13
268.08275032148725,47.98810699639323,11.603602666551916,-4.714621638732442,5.23688851103466,3.031476166754042e-13
268.0877225535153,47.97864746472057,11.605410906904767,-4.7141359317525655,5.235640099221565,1.515738083377021e-13
268.09269414384033,47.9691880573639,11.607216299605899,-4.713649760819202,5.234392793821533,2.3578147963642546e-13
268.0976650926452,47.95972877418252,11.609018847716007,-4.713163126279723,5.233146594669826,3.031476166754042e-13
268.10263540011215,47.95026961503596,11.610818554295763,-4.712676028481672,5.231901501601872,2.694645481559148e-13
268.1076050664235,47.940810579783744,11.612615422405865,-4.712188467772748,5.230657514453268,2.3578147963642546e-13
268.1125740917612,47.93135166828545,11.61440945510699,-4.711700444500806,5.229414633059784,2.8630608241565947e-13
268.1175424763071,47.92189288040075,11.616200655459826,-4.71121195901385,5.228172857257361,1.8525687685719145e-13
268.12251022024276,47.912434215989315,11.61798902652506,-4.710723011660046,5.226932186882107,1.6841534259744677e-13
268.1274773237494,47.902975674911,11.619774571363369,-4.710233602787718,5.225692621770298,1.8525687685719145e-13
268.13244378700836,47.89351725702548,11.621557293035446,-4.7097437327453315,5.224454161758391,3.1998915093514883e-13
268.1374096102005,47.88405896219269,11.623337194601977,-4.709253401881516,5.223216806683008,2.020984111169361e-13
268.1423747935065,47.87460079027258,11.625114279123641,-4.708762610545065,5.2219805563809345,3.536722194546382e-13
268.14733933710704,47.86514274112512,11.62688854966112,-4.708271359084915,5.2207454106891396,2.8630608241565947e-13
268.15230324118227,47.855684814610385,11.628660009275109,-4.707779647850157,5.2195113694447475,3.1998915093514883e-13
268.1572665059123,47.846227010588514,11.63042866102629,-4.707287477190043,5.2182784324850555,2.5262301389617017e-13
268.162229131477,47.836769328919566,11.632194507975345,-4.706794847453975,5.2170465996475475,2.1893994537668078e-13
268.1671911180561,47.82731176946383,11.633957553182963,-4.706301758991514,5.215815870769857,2.1893994537668078e-13
268.1721524658291,47.81785433208157,11.635717799709822,-4.705808212152375,5.2145862456898,2.3578147963642546e-13
268.17711317497503,47.80839701663313,11.637475250616614,-4.705314207286423,5.213357724245353,2.694645481559148e-13
268.1820732456732,47.79893982297891,11.63922990896402,-4.7048197447436815,5.2121303062746716,2.3578147963642546e-13
268.1870326781023,47.78948275097935,11.640981777812726,-4.70432482487433,5.210903991616074,2.694645481559148e-13
268.1919914724409,47.78002580049502,11.642730860223422,-4.703829448028692,5.20967878010805,2.1893994537668078e-13
268.19694962886757,47.770568971386375,11.64447715925678,-4.703333614557259,5.208454671589271,1.347322740779574e-13
268.2019071475604,47.7611122635141,11.6462206779735,-4.702837324810666,5.207231665898556,2.8630608241565947e-13
268.20686402869745,47.75165567673888,11.64796141943426,-4.702340579139708,5.2060097628749125,3.536722194546382e-13
268.21182027245646,47.74219921092144,11.649699386699744,-4.701843377895328,5.204788962357512,2.020984111169361e-13
268.216775879015,47.7327428659226,11.651434582830639,-4.701345721428627,5.20356926418569,2.020984111169361e-13
268.22173084855046,47.72328664160321,11.65316701088763,-4.7008476100908645,5.202350668198958,2.694645481559148e-13
268.22668518124004,47.71383053782421,11.6548966739314,-4.700349044233446,5.201133174236993,3.031476166754042e-13
268.23163887726065,47.70437455444649,11.656623575022635,-4.699850024207925,5.199916782139655,1.1789073981821273e-13
268.236591936789,47.69491869133113,11.65834771722202,-4.699350550366027,5.198701491746949,2.8630608241565947e-13
268.24154436000174,47.685462948339215,11.66006910359024,-4.698850623059609,5.197487302899074,1.8525687685719145e-13
268.2464961470751,47.676007325331874,11.661787737187982,-4.698350242640702,5.196274215436377,3.3683068519489354e-13
268.2514472981853,47.66655182217033,11.663503621075929,-4.697849409461468,5.195062229199393,2.1893994537668078e-13
268.25639781350816,47.65709643871587,11.665216758314768,-4.697348123874244,5.1938513440288165,1.6841534259744677e-13
268.2613476932195,47.64764117482973,11.666927151965178,-4.69684638623151,5.192641559765518,3.031476166754042e-13
268.26629693749476,47.63818603037331,11.668634805087855,-4.6963441968858834,5.191432876250525,1.0104920555846805e-13
268.27124554650925,47.628731005208074,11.670339720743474,-4.695841556190172,5.190225293325046,2.694645481559148e-13
268.2761935204381,47.619276099195474,11.67204190199272,-4.6953384644973,5.189018810830456,2.694645481559148e-13
268.2811408594562,47.609821312197084,11.673741351896284,-4.694834922160359,5.187813428608299,2.3578147963642546e-13
268.2860875637382,47.6003666440745,11.675438073514846,-4.6943309295325975,5.186609146500283,3.3683068519489354e-13
268.2910336334586,47.59091209468942,11.677132069909097,-4.693826486967406,5.185405964348297,1.8525687685719145e-13
268.29597906879167,47.58145766390349,11.678823344139717,-4.693321594818334,5.18420388199438,3.031476166754042e-13
268.30092386991157,47.5720033515785,11.680511899267392,-4.692816253439082,5.183002899280766,2.1893994537668078e-13
268.30586803699214,47.56254915757631,11.68219773835281,-4.692310463183498,5.1818030160498365,2.1893994537668078e-13
268.31081157020697,47.55309508175882,11.683880864456649,-4.691804224405596,5.180604232144153,2.8630608241565947e-13
268.3157544697296,47.54364112398795,11.6855612806396,-4.691297537459521,5.179406547406438,2.020984111169361e-13
268.32069673573324,47.53418728412579,11.687238989962346,-4.690790402699591,5.17820996167959,3.031476166754042e-13
268.325638368391,47.52473356203428,11.688913995485573,-4.690282820480256,5.177014474806677,2.1893994537668078e-13
268.33057936787577,47.51527995757559,11.690586300269961,-4.689774791156135,5.175820086630928,2.5262301389617017e-13
268.3355197343601,47.50582647061192,11.692255907376206,-4.689266315081985,5.17462679699575,1.1789073981821273e-13
268.3404594680165,47.496373101005496,11.693922819864984,-4.688757392612729,5.173434605744712,3.1998915093514883e-13
268.3453985690172,47.4869198486186,11.695587040796983,-4.688248024103425,5.172243512721558,2.1893994537668078e-13
268.35033703753436,47.47746671331361,11.697248573232883,-4.687738209909293,5.171053517770195,1.8525687685719145e-13
268.3552748737396,47.46801369495296,11.698907420233375,-4.687227950385709,5.169864620734698,2.1893994537668078e-13
268.36021207780476,47.45856079339902,11.700563584859145,-4.686717245888181,5.168676821459318,2.5262301389617017e-13
268.3651486499012,47.4491080085144,11.702217070170875,-4.686206096772383,5.1674901197884715,2.1893994537668078e-13
268.3700845902002,47.43965534016163,11.703867879229248,-4.685694503394145,5.16630451556674,2.8630608241565947e-13
268.37501989887284,47.43020278820339,11.705516015094952,-4.685182466109427,5.165120008638878,2.1893994537668078e-13
268.3799545760898,47.420750352502345,11.70716148082867,-4.684669985274365,5.163936598849801,2.5262301389617017e-13
268.38488862202195,47.41129803292128,11.708804279491089,-4.684157061245226,5.162754286044608,2.8630608241565947e-13
268.3898220368395,47.40184582932305,11.710444414142895,-4.6836436943784365,5.161573070068551,2.694645481559148e-13
268.39475482071293,47.3923937415704,11.712081887844771,-4.68312988503057,5.16039295076706,1.6841534259744677e-13
268.3996869738121,47.38294176952633,11.7137167036574,-4.6826156335583615,5.159213927985725,3.1998915093514883e-13
