galstreams/tracks/track.st.M5.ibata2021.ecsv
# %ECSV 1.0
# ---
# datatype:
# - {name: ra, unit: deg, datatype: float64}
# - {name: dec, unit: deg, datatype: float64}
# - {name: distance, unit: kpc, datatype: float64}
# - {name: pm_ra_cosdec, unit: mas / yr, datatype: float64}
# - {name: pm_dec, unit: mas / yr, datatype: float64}
# - {name: radial_velocity, unit: km / s, datatype: float64}
# delimiter: ','
# meta: !!omap
# - __serialized_columns__:
#     dec:
#       __class__: astropy.coordinates.angles.Latitude
#       unit: &id001 !astropy.units.Unit {unit: deg}
#       value: !astropy.table.SerializedColumn {name: dec}
#     distance:
#       __class__: astropy.coordinates.distances.Distance
#       unit: !astropy.units.Unit {unit: kpc}
#       value: !astropy.table.SerializedColumn {name: distance}
#     pm_dec:
#       __class__: astropy.units.quantity.Quantity
#       unit: !astropy.units.Unit {unit: mas / yr}
#       value: !astropy.table.SerializedColumn {name: pm_dec}
#     pm_ra_cosdec:
#       __class__: astropy.units.quantity.Quantity
#       unit: !astropy.units.Unit {unit: mas / yr}
#       value: !astropy.table.SerializedColumn {name: pm_ra_cosdec}
#     ra:
#       __class__: astropy.coordinates.angles.Longitude
#       unit: *id001
#       value: !astropy.table.SerializedColumn {name: ra}
#       wrap_angle: !astropy.coordinates.Angle
#         unit: *id001
#         value: 360.0
#     radial_velocity:
#       __class__: astropy.units.quantity.Quantity
#       unit: !astropy.units.Unit {unit: km / s}
#       value: !astropy.table.SerializedColumn {name: radial_velocity}
# schema: astropy-2.0
ra,dec,distance,pm_ra_cosdec,pm_dec,radial_velocity
[from data line 143]
197.2933577363367,17.14413969279992,7.083004224698584,3.039013179565382,-8.31374691602696,-274.9892927043218
197.3036981610452,17.141856925813546,7.081733683283273,3.0379543048016595,-8.316950099359127,-273.685560596822
197.314035860206,17.139566932827115,7.080480135962919,3.0369094663818945,-8.320135892924888,-272.3958844854512
197.32437084005372,17.137269734072362,7.079243532467896,3.0358786001584672,-8.32330434178384,-271.12019409352285
197.33470310682821,17.134965349779353,7.078023822528589,3.0348616419711743,-8.326455490979482,-269.85841914435076
197.3450326667745,17.13265380017657,7.076820955875376,3.0338585276472645,-8.329589385539217,-268.6104893612484
197.355359526143,17.130335105490836,7.0756348822386395,3.0328691930014426,-8.332706070474389,-267.3763344675296
197.3656836911891,17.128009285947385,7.07446555134876,3.0318935738359056,-8.335805590780277,-266.1558841865076
197.37600516817358,17.125676361769848,7.073312912936119,3.0309316059403555,-8.33888799143615,-264.94906824149615
197.38632396336234,17.12333635318023,7.072176916731099,3.029983225092022,-8.341953317405238,-263.75581635580903
197.39664008302634,17.120989280398934,7.071057512464076,3.0290483670556814,-8.3450016136348,-262.5760582527595
197.40695353344208,17.11863516364472,7.069954649865437,3.028126967583666,-8.348032925056108,-261.4097236556614
197.41726432089084,17.116274023134775,7.0688682786655574,3.0272189624159047,-8.351047296584479,-260.2567422878282
197.42757245165924,17.11390587908467,7.067798348594822,3.0263242872799334,-8.354044773119275,-259.11704387257356
197.43787793203902,17.111530751708372,7.066744809383611,3.0254428778909057,-8.357025399543959,-257.99055813321115
197.44818076832712,17.1091486612182,7.065707610762305,3.0245746699516243,-8.359989220726074,-256.8772147930546
197.4584809668256,17.106759627824903,7.064686702461285,3.0237195991525656,-8.362936281517294,-255.77694357541688
197.46877853384157,17.104363671737637,7.06368203421093,3.0228776011718796,-8.365866626753407,-254.68967420361233
197.47907347568722,17.10196081316394,7.062693555741625,3.022048611675431,-8.368780301254361,-253.61533640095433
197.48936579868015,17.09955107230972,7.061721216783749,3.021232566316809,-8.371677349824276,-252.55385989075637
197.4996555091428,17.0971344693793,7.06076496706768,3.0204294007373402,-8.37455781725145,-251.50517439633205
197.5099426134027,17.09471102457542,7.059824756323803,3.01963905056612,-8.377421748308395,-250.46920964099508
197.52022711779256,17.092280758099196,7.058900534282498,3.0188614514200385,-8.380269187751843,-249.445895348059
197.53050902865013,17.089843690150182,7.057992250674145,3.0180965389037797,-8.383100180322762,-248.4351612408374
197.54078835231832,17.087399840926242,7.057099855229125,3.0173442486098496,-8.385914770746385,-247.4369370426438
197.55106509514505,17.08494923062373,7.05622329767782,3.0166045161186066,-8.38871300373222,-246.4511524767919
197.56133926348318,17.082491879437388,7.05536252775061,3.0158772769982636,-8.391494923974067,-245.47773726659523
197.57161086369075,17.080027807560338,7.054517495177876,3.015162466804928,-8.394260576150034,-244.51662113536747
197.58187990213088,17.077557035184103,7.053688149689999,3.0144600210825914,-8.39701000492257,-243.56773380642207
197.59214638517162,17.075079582498624,7.052874441017361,3.0137698753631836,-8.399743254938466,-242.63100500307274
197.60241031918608,17.07259546969225,7.052076318890344,3.01309196516657,-8.402460370828871,-241.70636444863305
197.61267171055235,17.070104716951754,7.051293733039326,3.0124262260005805,-8.405161397209328,-240.79374186641664
197.62293056565366,17.067607344462257,7.050526633194688,3.011772593361018,-8.407846378679775,-239.89306697973691
197.6331868908781,17.06510337240735,7.049774969086813,3.0111310027316875,-8.410515359824567,-239.0042695119077
197.6434406926188,17.062592820969005,7.04903869044608,3.0105013895844133,-8.413168385212497,-238.12727918624225
197.65369197727384,17.06007571032763,7.048317747002872,3.0098836893790617,-8.415805499396807,-237.2620257260547
197.66394075124643,17.057552060661987,7.047612088487569,3.0092778375635496,-8.418426746915216,-236.4084388546582
197.67418702094454,17.055021892149302,7.04692166463055,3.0086837695738744,-8.42103217228992,-235.5664482953665
197.68443079278128,17.052485224965213,7.046246425162199,3.0081014208341292,-8.423621820027629,-234.7359837714932
197.6946720731746,17.049942079283735,7.045586319812897,3.007530726756523,-8.426195734619576,-233.91697500635175
197.7049108685473,17.04739247527735,7.044941298313022,3.0069716227413967,-8.428753960541524,-233.109351723256
197.7151471853275,17.044836433116885,7.044311310392955,3.0064240441772476,-8.431296542253808,-232.3130436455194
197.7253810299479,17.04227397297165,7.043696305783082,3.005887926440738,-8.433823524201312,-231.52798049645548
197.73561240884618,17.039705115009333,7.043096234213779,3.0053632048967294,-8.43633495081355,-230.75409199937795
197.745841328465,17.037129879396087,7.042511045415429,3.004849814898295,-8.438830866504597,-229.9913078776004
197.75606779525197,17.034548286296392,7.041940689118412,3.0043476917867267,-8.441311315673193,-229.2395578544363
197.7662918156595,17.03196035587323,7.04138511505311,3.0038567708915744,-8.443776342702707,-228.49877165319933
197.776513396145,17.029366108287995,7.040844272949904,3.0033769875306513,-8.446225991961159,-227.76887899720305
197.78673254317056,17.02676556370049,7.040318112539173,3.0029082770100626,-8.448660307801253,-227.0498096097612
197.7969492632035,17.024158742268895,7.039806583551299,3.002450574624206,-8.45107933456039,-226.3414932141871
197.80716356271563,17.021545664149887,7.039309635716664,3.002003815655811,-8.453483116560676,-225.64385953379463
197.81737544818387,17.01892634949852,7.038827218765648,3.0015679353759506,-8.45587169810894,-224.95683829189716
197.82758492608988,17.01630081846832,7.038359282428633,3.001142869044061,-8.458245123496765,-224.28035921180845
197.83779200292028,17.01366909121116,7.037905776435997,3.0007285519079465,-8.460603437000493,-223.61435201684188
197.84799668516646,17.01103118787741,7.037466650518123,3.0003249192038233,-8.462946682881242,-222.9587464303113
197.85819897932458,17.008387128615837,7.037041854405394,2.9999319061563154,-8.465274905384911,-222.31347217553025
197.8683988918957,17.00573693357364,7.0366313378281875,2.99954944797849,-8.46758814874223,-221.6784589758121
197.87859642938565,17.003080622896483,7.0362350505168845,2.9991774798718644,-8.469886457168748,-221.05363655447067
197.88879159830523,17.000418216728374,7.035852942201871,2.998815937026426,-8.472169874864854,-220.43893463481947
197.8989844051698,16.997749735211833,7.035484962613522,2.9984647546206595,-8.47443844601581,-219.83428294017216
197.9091748564997,16.995075198487783,7.035131061482223,2.9981238678215565,-8.476692214791736,-219.23961119384225
197.9193629588199,16.992394626695592,7.03479118853835,2.9977932117846398,-8.478931225347669,-218.65484911914342
197.92954871866039,16.98970803997302,7.034465293512286,2.997472721653974,-8.481155521823535,-218.07992643938917
197.93973214255573,16.9870154584563,7.0341533261344145,2.9971623325621906,-8.483365148344195,-217.5147728778932
197.94991323704525,16.984316902280092,7.033855236135113,2.996861979630503,-8.48556014901946,-216.9593181579689
197.9600920086731,16.981612391577524,7.033570973244765,2.9965715979687353,-8.48774056794408,-216.41349200293013
197.9702684639882,16.978901946480065,7.033300487193751,2.996291122675314,-8.4899064491978,-215.8772241360903
197.9804426095442,16.976185587117726,7.0330437277124505,2.9960204888373227,-8.492057836845358,-215.35044428076304
197.9906144518995,16.973463333618902,7.032800644531246,2.995759631530487,-8.494194774936485,-214.83308216026197
198.00078399761708,16.970735206110447,7.032571187380518,2.9955084858192103,-8.496317307505933,-214.3250674979008
198.01095125326484,16.96800122471766,7.032355305990645,2.9952669867566017,-8.498425478573518,-213.8263300169927
198.02111622541534,16.96526140956424,7.032152950092013,2.995035069384456,-8.500519332144084,-213.33679944085188
198.0312789206458,16.962515780772367,7.031964069414999,2.994812668733318,-8.502598912207567,-212.85640549279142
198.0414393455382,16.959764358462664,7.031788613689985,2.9945997198224656,-8.504664262738983,-212.3850778961252
198.0515975066791,16.957007162754188,7.031626532647351,2.994396157659958,-8.506715427698454,-211.92274637416668
198.06175341065986,16.95424421376442,7.03147777601748,2.994201917242611,-8.508752451031222,-211.46934065022955
198.07190706407656,16.95147553160932,7.031342293530752,2.9940169335560656,-8.51077537666766,-211.02479044762737
198.08205847352977,16.948701136403276,7.031220034917546,2.9938411415747685,-8.5127842485233,-210.58902548967367
198.09220764562482,16.945921048259148,7.031110949908249,2.993674476262008,-8.514779110498829,-210.16197549968206
198.1023545869718,16.94313528728819,7.031014988233236,2.9935168725699164,-8.516760006480135,-209.74357020096622
198.11249930418535,16.940343873600142,7.030932099622888,2.993368265439512,-8.518726980338295,-209.33373931683954
198.12264180388468,16.937546827303205,7.030862233807589,2.99322858980069,-8.520680075929592,-208.93241257061598
198.13278209269373,16.934744168504018,7.030805340517719,2.9930977805722634,-8.522619337095556,-208.53951968560872
198.1429201772411,16.93193591730764,7.030761369483659,2.9929757726619535,-8.524544807662947,-208.15499038513164
198.15305606415995,16.92912209381763,7.030730270435788,2.992862500966445,-8.526456531443795,-207.77875439249826
198.16318976008807,16.926302718135965,7.030711993104489,2.992757900371366,-8.528354552235408,-207.41074143102216
198.17332127166785,16.9234778103631,7.030706487220143,2.9926619057513286,-8.530238913820375,-207.05088122401688
198.1834506055462,16.92064739059795,7.030713702513129,2.9925744519699458,-8.532109659966608,-206.69910349479602
198.19357776837487,16.917811478937825,7.030733588713832,2.9924954738798273,-8.533966834427325,-206.35533796667326
198.20370276680998,16.914970095478555,7.03076609555263,2.9924249063226247,-8.535810480941095,-206.01951436296218
198.21382560751226,16.912123260314416,7.0308111727599005,2.9923626841290347,-8.537640643231839,-205.6915624069763
198.223946297147,16.909270993538147,7.030868770066031,2.99230874211882,-8.539457365008836,-205.37141182202927
198.23406484238419,16.90641331524088,7.0309388372014014,2.9922630151008116,-8.541260689966759,-205.0589923314347
198.24418124989825,16.90355024551229,7.031021323896388,2.9922254378729627,-8.543050661785674,-204.75423365850617
198.25429552636817,16.90068180444048,7.031116179881375,2.992195945222325,-8.54482732413107,-204.4570655265572
198.26440767847748,16.897808012112016,7.031223354886744,2.9921744719250905,-8.546590720653851,-204.16741765890143
198.27451771291433,16.894928888611897,7.031342798642876,2.992160952746598,-8.548340894990373,-203.88521977885247
198.28462563637137,16.892044454023633,7.031474460880145,2.9921553224413637,-8.550077890762461,-203.6104016097239
198.29473145554562,16.889154728429162,7.031618291328946,2.9921575157530707,-8.551801751577386,-203.34289287482932
198.30483517713884,16.88625973190891,7.031774239719647,2.9921674674146272,-8.553512521027937,-203.0826232974824
198.31493680785712,16.883359484541774,7.031942255782635,2.992185112148142,-8.555210242692391,-202.82952260099657
198.32503635441128,16.880454006405056,7.032122289248289,2.99221038466497,-8.556894960134548,-202.5835205086855
198.3351338235164,16.877543317574585,7.032314289846992,2.99224321966571,-8.558566716903737,-202.34454674386285
198.34522922189214,16.874627438124648,7.032518207309122,2.9922835518402406,-8.560225556534844,-202.1125310298421
198.35532255626262,16.87170638812801,7.032733991365066,2.9923313158677214,-8.561871522548298,-201.88740308993695
198.3654138333566,16.868780187655858,7.032961591745195,2.9923864464166225,-8.563504658450134,-201.669092647461
198.3755030599071,16.86584885677788,7.033200958179898,2.9924488781447174,-8.56512500773196,-201.45752942572778
198.38559024265163,16.862912415562242,7.0334520403995535,2.992518545699138,-8.566732613870983,-201.25264314805074
198.39567538833225,16.8599708840756,7.0337147881345405,2.992595383716356,-8.568327520330058,-201.05436353774382
198.4057585036955,16.857024282383,7.033989151115244,2.992679326822217,-8.569909770557643,-200.8626203181202
198.41583959549217,16.854072630548053,7.034275079072043,2.992770309631956,-8.571479407987875,-200.67734321249387
198.42591867047773,16.8511159486328,7.034572521735318,2.992868266750211,-8.573036476040528,-200.4984619441782
198.43599573541184,16.84815425669778,7.034881428835448,2.992973132771043,-8.574581018121076,-200.32590623648684
198.44607079705884,16.845187574801958,7.035201750102818,2.9930848422779404,-8.576113077620676,-200.15960581273336
198.45614386218728,16.84221592300282,7.035533435267808,2.993203329843852,-8.577632697916188,-199.99949039623135
198.46621493757016,16.839239321356324,7.035876434060796,2.993328530031196,-8.579139922370207,-199.8454897102945
198.476284029985,16.8362577899169,7.036230696212164,2.9934603773918833,-8.580634794331045,-199.69753347823618
198.48635114621354,16.833271348737473,7.036596171452296,2.9935988064673147,-8.582117357132777,-199.55555142337016
198.49641629304207,16.830280017869388,7.036972809511571,2.993743751788414,-8.583587654095234,-199.4194732690101
198.50647947726122,16.82728381736254,7.037360560120369,2.993895147875647,-8.585045728524031,-199.2892287384695
198.51654070566596,16.82428276726527,7.037759373009073,2.994052929239024,-8.586491623710566,-199.16474755506178
198.5265999850556,16.821276887624435,7.038169197908061,2.99421703037813,-8.587925382932045,-199.04595944210087
198.53665732223396,16.818266198485304,7.038589984547717,2.9943873857821237,-8.5893470494515,-198.93279412290013
198.54671272400907,16.815250719891697,7.0390216826584195,2.9945639299297726,-8.590756666517791,-198.82518132077328
198.5567661971934,16.81223047188589,7.0394642419705535,2.9947465972894562,-8.592154277365617,-198.72305075903375
198.56681774860365,16.809205474508673,7.039917612214495,2.9949353223191952,-8.593539925215548,-198.62633216099536
198.5768673850611,16.80617574779925,7.040381743120626,2.9951300394666407,-8.594913653274027,-198.53495524997146
198.58691511339111,16.803141311795383,7.04085658441933,2.9953306831691275,-8.59627550473338,-198.4488497492758
198.5969609404235,16.8001021865333,7.041342085840987,2.9955371878536563,-8.597625522771835,-198.36794538222193
198.60700487299232,16.79705839204771,7.041838197115976,2.9957494879369335,-8.59896375055354,-198.29217187212356
198.617046917936,16.794009948371837,7.04234486797468,2.9959675178253766,-8.60029023122857,-198.22145894229413
198.62708708209738,16.790956875537333,7.042862048147478,2.9961912119151277,-8.601605007932937,-198.15573631604718
198.6371253723234,16.787899193574393,7.043389687364755,2.9964205045920673,-8.602908123788612,-198.09493371669646
198.64716179546542,16.784836922511705,7.043927735356885,2.9966553302318513,-8.60419962190354,-198.03898086755547
198.657196358379,16.78177008237643,7.044476141854256,2.9968956231998973,-8.605479545371637,-197.98780749193793
198.66722906792415,16.778698693194205,7.045034856587246,2.997141317851421,-8.60674793727282,-197.9413433131573
198.677259930965,16.775622774989195,7.045603829286235,2.9973923485314398,-8.608004840673017,-197.89951805452714
198.68728895436993,16.772542347784043,7.046183009681607,2.9976486495747947,-8.609250298624179,-197.86226143936122
198.69731614501168,16.76945743159991,7.046772347503739,2.9979101553061733,-8.61048435416428,-197.82950319097299
198.70734150976736,16.766368046456392,7.047371792483014,2.9981768000401035,-8.611707050317362,-197.8011730326761
198.7173650555181,16.76327421237164,7.047981294349814,2.9984485180809886,-8.612918430093513,-197.7772006877841
198.72738678914934,16.760175949362292,7.0486008028345175,2.998725243723114,-8.614118536488899,-197.75751587961065
