galstreams/tracks/track.st.M68.ibata2021.ecsv
# %ECSV 1.0
# ---
# datatype:
# - {name: ra, unit: deg, datatype: float64}
# - {name: dec, unit: deg, datatype: float64}
# - {name: distance, unit: kpc, datatype: float64}
# - {name: pm_ra_cosdec, unit: mas / yr, datatype: float64}
# - {name: pm_dec, unit: mas / yr, datatype: float64}
# - {name: radial_velocity, unit: km / s, datatype: float64}
# delimiter: ','
# meta: !!omap
# - __serialized_columns__:
#     dec:
#       __class__: astropy.coordinates.angles.Latitude
#       unit: &id001 !astropy.units.Unit {unit: deg}
#       value: !astropy.table.SerializedColumn {name: dec}
#     distance:
#       __class__: astropy.coordinates.distances.Distance
#       unit: !astropy.units.Unit {unit: kpc}
#       value: !astropy.table.SerializedColumn {name: distance}
#     pm_dec:
#       __class__: astropy.units.quantity.Quantity
#       unit: !astropy.units.Unit {unit: mas / yr}
#       value: !astropy.table.SerializedColumn {name: pm_dec}
#     pm_ra_cosdec:
#       __class__: astropy.units.quantity.Quantity
#       unit: !astropy.units.Unit {unit: mas / yr}
#       value: !astropy.table.SerializedColumn {name: pm_ra_cosdec}
#     ra:
#       __class__: astropy.coordinates.angles.Longitude
#       unit: *id001
#       value: !astropy.table.SerializedColumn {name: ra}
#       wrap_angle: !astropy.coordinates.Angle
#         unit: *id001
#         value: 360.0
#     radial_velocity:
#       __class__: astropy.units.quantity.Quantity
#       unit: !astropy.units.Unit {unit: km / s}
#       value: !astropy.table.SerializedColumn {name: radial_velocity}
# schema: astropy-2.0
ra,dec,distance,pm_ra_cosdec,pm_dec,radial_velocity
[from data line 861]
188.54004592390862,-35.41334991020731,4.150082226484074,-4.094537109639353,8.441691348429554,162.10326141669378
188.54237609183528,-35.40357789223782,4.150526218511107,-4.093691084879126,8.437473832686635,162.11349131610305
188.5447085646488,-35.39380623003518,4.150969713868743,-4.092846711184666,8.433254995199903,162.1247752529726
188.54704335111393,-35.384034924778156,4.15141270782308,-4.092003997777433,8.429034857367622,162.13711341559102
188.54938045999188,-35.374263977644695,4.151855195640222,-4.091162953878582,8.424813440587812,162.15050599224702
188.5517199000402,-35.36449338981204,4.152297172586267,-4.090323588708953,8.420590766258222,162.16495317122917
188.5540616800129,-35.354723162456594,4.152738633927319,-4.0894859114891045,8.416366855776339,162.18045514082624
188.5564058086603,-35.34495329675399,4.153179574929476,-4.0886499314392895,8.412141730539387,162.1970120893267
188.55875229472912,-35.3351837938791,4.153619990858844,-4.08781565777947,8.407915411944318,162.2146242050192
188.56110114696256,-35.32541465500595,4.154059876981519,-4.08698309972935,8.403687921387805,162.23329167619252
188.5634523741002,-35.315645881307866,4.154499228563603,-4.086152266508334,8.39945928026626,162.25301469113518
188.56580598487798,-35.305877473957324,4.154938040871201,-4.085323167335574,8.395229509975794,162.27379343813587
188.56816198802832,-35.29610943412604,4.155376309170409,-4.0844958114299565,8.390998631912241,162.29562810548327
188.57052039228006,-35.28634176298492,4.15581402872733,-4.083670208010115,8.38676666747115,162.31851888146588
188.57288120635846,-35.2765744617041,4.156251194808067,-4.082846366294422,8.382533638047773,162.34246595437253
188.57524443898518,-35.266807531452926,4.156687802678718,-4.082024295501025,8.378299565037068,162.3674695124917
188.57761009887838,-35.25704097339992,4.157123847605386,-4.08120400484783,8.374064469833685,162.39352974411207
188.57997819475264,-35.24727478871286,4.157559324854169,-4.080385503552513,8.369828373831993,162.42064683752236
188.582348735319,-35.23750897855867,4.157994229691174,-4.079568800832508,8.365591298426022,162.4488209810111
188.58472172928495,-35.22774354410353,4.158428557382497,-4.078753905905067,8.36135326500952,162.47805236286703
188.58709718535445,-35.21797848651279,4.158862303194241,-4.077940827987213,8.357114294975894,162.5083411713787
188.5894751122279,-35.208213806951036,4.159295462392507,-4.077129576295751,8.352874409718256,162.5396875948348
188.5918555186022,-35.19844950658201,4.159728030243396,-4.076320160047318,8.348633630629376,162.57209182152397
188.59423841317073,-35.18868558656869,4.160160002013006,-4.07551258845834,8.34439197910172,162.60555403973484
188.59662380462333,-35.17892204807325,4.160591372967443,-4.074706870745066,8.340149476527401,162.64007443775594
188.59901170164636,-35.16915889225701,4.161022138372805,-4.073903016123564,8.335906144298209,162.6756532038762
188.6014021129227,-35.15939612028058,4.161452293495196,-4.07310103380974,8.331662003805594,162.71229052638395
188.6037950471316,-35.14963373330369,4.161881833600714,-4.072300933019321,8.327417076440671,162.74998659356794
188.60619051294893,-35.13987173248528,4.1623107539554605,-4.071502722967896,8.323171383594207,162.7887415937169
188.60858851904706,-35.13011011898349,4.162739049825538,-4.0707064128708845,8.31892494665661,162.82855571511936
188.61098907409487,-35.120348893955665,4.163166716477044,-4.06991201194358,8.314677787017947,162.869429146064
188.61339218675772,-35.110588058558314,4.163593749176087,-4.069119529401116,8.310429926067915,162.91136207483945
188.61579786569752,-35.10082761394716,4.16402014318876,-4.068328974458522,8.306181385195874,162.95435468973437
188.6182061195727,-35.09106756127708,4.16444589378117,-4.067540356330688,8.301932185790792,162.99840717903743
188.62061695703827,-35.08130790170218,4.164870996219412,-4.066753684232388,8.297682349241288,163.04351973103707
188.6230303867457,-35.07154863637574,4.165295445769592,-4.0659689673782955,8.293431896935601,163.08969253402225
188.6254464173431,-35.0617897664502,4.165719237697811,-4.065186214982973,8.289180850261591,163.13692577628137
188.62786505747505,-35.0520312930772,4.166142367270168,-4.064405436260886,8.28492923060674,163.18521964610318
188.63028631578274,-35.04227321740757,4.1665648297527635,-4.0636266404264285,8.280677059358156,163.23457433177623
188.63271020090392,-35.032515540591305,4.166986620411702,-4.062849836693886,8.276424357902538,163.28499002158927
188.63513672147283,-35.02275826377761,4.16740773451308,-4.06207503427749,8.272171147626215,163.33646690383085
188.63756588612037,-35.01300138811482,4.1678281673230035,-4.0613022423914,8.267917449915105,163.3890051667897
188.63999770347402,-35.00324491475052,4.168247914107569,-4.060531470249709,8.263663286154733,163.4426049987543
188.64243218215776,-34.99348884483137,4.16866697013288,-4.059762727066463,8.25940867773022,163.49726658801342
188.64486933079226,-34.983733179503304,4.169085330665037,-4.058996022055663,8.255153646026274,163.55299012285568
188.64730915799467,-34.97397791991137,4.16950299097014,-4.05823136443126,8.250898212427204,163.60977579156966
188.6497516723788,-34.96422306719982,4.169919946314295,-4.057468763407186,8.246642398316881,163.6676237824442
188.6521968825551,-34.95446862251205,4.170336191963595,-4.056708228197343,8.242386225078784,163.72653428376765
188.65464479713057,-34.94471458699065,4.170751723184146,-4.055949768015619,8.238129714095948,163.78650748382884
188.65709542470884,-34.934960961777364,4.171166535242052,-4.055193392075885,8.23387288675098,163.8475435709163
188.65954877389012,-34.92520774801314,4.171580623403408,-4.054439109592014,8.229615764426079,163.90964273331892
188.66200485327138,-34.91545494683803,4.1719939829343184,-4.053686929777888,8.225358368502972,163.97280515932493
188.66446367144601,-34.905702559391294,4.172406609100881,-4.05293686184739,8.221100720362983,164.03703103722336
188.66692523700422,-34.89595058681137,4.172818497169201,-4.052188915014435,8.216842841386963,164.10232055530255
188.66938955853274,-34.886199030235794,4.173229642405378,-4.051443098492956,8.212584752955326,164.1686739018513
188.67185664461502,-34.876447890801344,4.173640040075513,-4.050699421496918,8.208326476448043,164.2360912651582
188.67432650383105,-34.8666971696439,4.174049685445706,-4.049957893240336,8.204068033244623,164.30457283351197
188.67679914475767,-34.85694686789855,4.174458573782059,-4.049218522937274,8.199809444724103,164.37411879520116
188.67927457596815,-34.84719698669948,4.174866700350674,-4.048481319801839,8.195550732265072,164.44472933851435
188.6817528060326,-34.83744752718008,4.17527406041765,-4.047746293048222,8.191291917245648,164.51640465174046
188.68423384351766,-34.827698490472905,4.17568064924909,-4.04701345189067,8.187033021043469,164.58914492316785
188.68671769698682,-34.81794987770961,4.176086462111093,-4.046282805543521,8.182774065035705,164.66295034108515
188.68920437500003,-34.80820169002105,4.176491494269762,-4.045554363221185,8.178515070599044,164.73782109378124
188.69169388611417,-34.79845392853721,4.176895740991197,-4.044828134138186,8.174256059109684,164.81375736954456
188.69418623888254,-34.78870659438724,4.177299197541498,-4.044104127509126,8.16999705194334,164.89075935666378
188.6966814418554,-34.778959688699445,4.1777018591867705,-4.043382352548743,8.165738070475232,164.96882724342757
188.69917950357947,-34.769213212601244,4.17810372119311,-4.042662818471872,8.16147913608009,165.0479612181246
188.70168043259838,-34.759467167219235,4.178504778826621,-4.041945534493485,8.157220270132122,165.12816146904342
188.70418423745232,-34.749721553679144,4.178905027353403,-4.041230509828677,8.152961494005059,165.20942818447276
188.7066909266783,-34.73997637310587,4.179304462039558,-4.040517753692698,8.148702829072109,165.29176155270122
188.70920050880997,-34.730231626623414,4.179703078151187,-4.039807275300934,8.14444429670596,165.3751617620175
188.71171299237776,-34.720487315354944,4.18010087095439,-4.039099083868926,8.14018591827879,165.45962900071007
188.7142283859088,-34.71074344042277,4.180497835715269,-4.038393188612391,8.13592771516226,165.54516345706776
188.71674669792694,-34.70100000294834,4.180893967699926,-4.037689598747208,8.131669708727499,165.63176531937913
188.7192679369529,-34.69125700405224,4.18128926217446,-4.036988323489449,8.127411920345104,165.71943477593274
188.7217921115039,-34.681514444854166,4.181683714404974,-4.03628937205535,8.123154371385137,165.80817201501736
188.7243192300941,-34.671772326473,4.182077319657567,-4.035592753661362,8.118897083217135,165.89797722492165
188.7268493012344,-34.6620306500267,4.182470073198342,-4.034898477524139,8.11464007721007,165.9888505939341
188.7293823334324,-34.65228941663242,4.182861970293399,-4.034206552860535,8.110383374732386,166.0807923103435
188.7319183351925,-34.642548627406406,4.183253006208838,-4.033516988887639,8.106126997151971,166.17380256243842
188.73445731501585,-34.63280828346402,4.183643176210763,-4.032829794822755,8.101870965836147,166.26788153850745
188.7369992814004,-34.62306838591981,4.184032475565273,-4.032144979883422,8.097615302151691,166.3630294268393
188.73954424284088,-34.613328935887395,4.18442089953847,-4.0314625532874375,8.09336002746481,166.4592464157225
188.74209220782873,-34.60358993447955,4.184808443396453,-4.030782524252835,8.089105163141141,166.55653269344597
188.74464318485232,-34.593851382808175,4.185195102405326,-4.030104901997913,8.08485073054575,166.65488844829804
188.7471971823967,-34.58411328198428,4.1855808718311875,-4.029429695741246,8.080596751043133,166.75431386856752
188.74975420894378,-34.574375633118,4.185965746940141,-4.028756914701674,8.076343245997187,166.854809142543
188.75231427297223,-34.56463843731861,4.186349722998286,-4.028086568098324,8.072090236771245,166.95637445851304
188.75487738295757,-34.55490169569448,4.186732795271723,-4.02741866515062,8.06783774472804,167.05901000476635
188.7574435473721,-34.545165409353125,4.187114959026553,-4.026753215078281,8.063585791229713,167.16271596959166
188.760012774685,-34.53542957940115,4.187496209528881,-4.026090227101338,8.059334397637802,167.26749254127756
188.76258507336223,-34.52569420694429,4.187876542044801,-4.0254297104401395,8.055083585313254,167.37333990811263
188.76516045186656,-34.515959293087406,4.188255951840422,-4.024771674315361,8.05083337561639,167.48025825838548
188.7677389186576,-34.50622483893445,4.188634434181839,-4.02411612794801,8.04658378990695,167.58824778038485
188.7703204821919,-34.496490845588504,4.189011984335156,-4.023463080559433,8.04233484954403,167.69730866239937
188.77290515092272,-34.48675731415176,4.189388597566473,-4.022812541371335,8.038086575886126,167.80744109271754
188.77549293330023,-34.47702424572549,4.189764269141891,-4.022164519605775,8.033838990291093,167.91864525962822
188.77808383777145,-34.467291641410114,4.190138994327513,-4.021519024485173,8.029592114116166,168.0309213514199
188.7806778727803,-34.45755950230515,4.190512768389436,-4.0208760652323425,8.02534596871796,168.14426955638115
188.7832750467675,-34.447827829509194,4.190885586593764,-4.020235651070466,8.021100575452431,168.2586900628009
188.78587536817065,-34.43809662411998,4.191257444206599,-4.019597791223116,8.016855955674904,168.37418305896747
188.78847884542427,-34.42836588723432,4.191628336494041,-4.018962494914281,8.01261213074006,168.49074873316965
188.7910854869597,-34.418635619948155,4.1919982587221885,-4.018329771368347,8.008369122001927,168.60838727369617
188.79369530120522,-34.408905823356505,4.192367206157146,-4.017699629810124,8.004126950813887,168.7270988688355
188.79630829658598,-34.399176498553494,4.192735174065014,-4.0170720794648505,7.999885638528645,168.8468837068763
188.798924481524,-34.38944764663234,4.193102157711892,-4.0164471295581885,7.995645206498262,168.9677419761073
188.80154386443826,-34.379719268685356,4.193468152363882,-4.015824789316261,7.991405676074116,169.089673864817
188.80416645374453,-34.36999136580395,4.193833153287086,-4.015205067965624,7.987167068606919,169.21267956129424
188.80679225785562,-34.36026393907864,4.194197155747603,-4.0145879747333115,7.982929405446719,169.33675925382764
188.8094212851812,-34.350536989599036,4.194560155011535,-4.013973518846823,7.97869270794286,169.46191313070557
188.81205354412785,-34.3408105184538,4.194922146344983,-4.013361709534129,7.97445699744402,169.5881413802169
188.81468904309904,-34.33108452673072,4.195283125014049,-4.012752556023687,7.970222295298175,169.7154441906502
188.81732779049526,-34.32135901551668,4.195643086284832,-4.012146067544472,7.965988622852617,169.84382175029418
188.81996979471384,-34.3116339858976,4.196002025423438,-4.011542253325921,7.961756001453925,169.97327424743756
188.82261506414912,-34.301909438958546,4.196359937695961,-4.010941122598029,7.957524452447999,170.10380187036867
188.82526360719234,-34.29218537578362,4.196716818368507,-4.010342684591292,7.953293997180002,170.2354048073764
188.82791543223172,-34.28246179745603,4.197072662707175,-4.00974694853673,7.949064656994407,170.36808324674934
188.83057054765237,-34.27273870505808,4.197427465978066,-4.00915392366591,7.944836453234966,170.50183737677602
188.83322896183645,-34.26301609967113,4.197781223447283,-4.0085636192109515,7.940609407244705,170.63666738574523
188.83589068316303,-34.2532939823756,4.198133930380925,-4.007976044404532,7.93638354036593,170.7725734619456
188.83855572000815,-34.24357235425105,4.198485582045094,-4.007391208479881,7.932158873940211,170.9095557936656
188.8412240807448,-34.233851216376046,4.1988361737058915,-4.006809120670819,7.927935429308391,171.0476145691941
188.843895773743,-34.22413056982826,4.199185700629417,-4.0062297902117345,7.923713227810568,171.18674997681958
188.84657080736972,-34.21441041568446,4.199534158081772,-4.0056532263376265,7.919492290786108,171.32696220483066
188.8492491899889,-34.20469075502045,4.199881541329059,-4.005079438284082,7.9152726395736135,171.4682514415162
188.85193092996158,-34.1949715889111,4.200227845637379,-4.004508435287308,7.911054295510942,171.61061787516456
188.8546160356456,-34.185252918430386,4.200573066272831,-4.003940226584111,7.9068372799352,171.75406169406466
188.85730451539598,-34.17553474465133,4.200917198501518,-4.003374821411958,7.902621614182729,171.89858308650489
188.85999637756467,-34.165817068646014,4.20126023758954,-4.0028122290089305,7.8984073195890945,172.04418224077392
188.86269163050056,-34.15609989148558,4.201602178802998,-4.002252458613754,7.894194417489109,172.1908593451606
188.86539028254978,-34.14638321424027,4.201943017407992,-4.001695519465828,7.8899829292168,172.33861458795323
188.86809234205526,-34.13666703797933,4.202282748670628,-4.001141420805204,7.885772876105414,172.4874481574408
188.87079781735702,-34.12695136377113,4.202621367857002,-4.0005901718726,7.881564279487424,172.63736024191184
188.87350671679215,-34.11723619268304,4.202958870233216,-4.000041781909439,7.877357160694501,172.78835102965482
188.87621904869474,-34.10752152578152,4.203295251065372,-3.9994962601578186,7.873151541057534,172.9404207089586
188.87893482139592,-34.09780736413212,4.203630505619571,-3.9989536158605374,7.86894744190661,173.09356946811164
188.88165404322388,-34.08809370879936,4.203964629161914,-3.998413858261107,7.8647448845710155,173.24779749540278
188.88437672250387,-34.07838056084688,4.204297616958502,-3.997876996603771,7.860543890379223,173.4031049791205
188.88710286755816,-34.06866792133735,4.204629464275435,-3.9973430401334795,7.8563444806589064,173.55949210755333
188.88983248670607,-34.058955791332494,4.204960166378816,-3.9968119980959305,7.852146676736915,173.71695906899026
188.89256558826403,-34.04924417189306,4.205289718534743,-3.996283879737576,7.847950499939282,173.87550605171964
188.89530218054554,-34.03953306407891,4.205618116009322,-3.995758694305609,7.843755971591209,174.0351332440302
188.89804227186113,-34.029822468948865,4.20594535406865,-3.9952364510480045,7.839563113017075,174.19584083421068
