galstreams/tracks/track.st.New-22.ibata2024.ecsv
# %ECSV 1.0
# ---
# datatype:
# - {name: ra, unit: deg, datatype: float64}
# - {name: dec, unit: deg, datatype: float64}
# - {name: distance, unit: kpc, datatype: float64}
# - {name: pm_ra_cosdec, unit: mas / yr, datatype: float64}
# - {name: pm_dec, unit: mas / yr, datatype: float64}
# - {name: radial_velocity, unit: km / s, datatype: float64}
# delimiter: ','
# meta: !!omap
# - __serialized_columns__:
#     dec:
#       __class__: astropy.coordinates.angles.Latitude
#       unit: &id001 !astropy.units.Unit {unit: deg}
#       value: !astropy.table.SerializedColumn {name: dec}
#     distance:
#       __class__: astropy.coordinates.distances.Distance
#       unit: !astropy.units.Unit {unit: kpc}
#       value: !astropy.table.SerializedColumn {name: distance}
#     pm_dec:
#       __class__: astropy.units.quantity.Quantity
#       unit: !astropy.units.Unit {unit: mas / yr}
#       value: !astropy.table.SerializedColumn {name: pm_dec}
#     pm_ra_cosdec:
#       __class__: astropy.units.quantity.Quantity
#       unit: !astropy.units.Unit {unit: mas / yr}
#       value: !astropy.table.SerializedColumn {name: pm_ra_cosdec}
#     ra:
#       __class__: astropy.coordinates.angles.Longitude
#       unit: *id001
#       value: !astropy.table.SerializedColumn {name: ra}
#       wrap_angle: !astropy.coordinates.Angle
#         unit: *id001
#         value: 360.0
#     radial_velocity:
#       __class__: astropy.units.quantity.Quantity
#       unit: !astropy.units.Unit {unit: km / s}
#       value: !astropy.table.SerializedColumn {name: radial_velocity}
# schema: astropy-2.0
ra,dec,distance,pm_ra_cosdec,pm_dec,radial_velocity
322.14734546369266,-27.06969211254551,0.9999999999999979,-4.006397672101103,-0.8231917213349957,-56.64514195185666
322.155422172241,-27.07679411107713,0.999999999999998,-4.006792786241759,-0.8252892569055605,-56.52301902109044
322.16349413038864,-27.08389958399992,0.999999999999998,-4.0071790015928626,-0.8273747499578592,-56.400503764492164
322.17156135088254,-27.091008523477377,0.9999999999999979,-4.00755633923166,-0.8294482231649685,-56.27759753276036
322.17962384646995,-27.098120921670187,0.9999999999999978,-4.007924820227522,-0.8315096992064186,-56.15430167659354
322.1876816298979,-27.105236770736123,0.999999999999998,-4.008284465642009,-0.8335592007682004,-56.03061754669031
322.19573471391357,-27.112356062830113,0.9999999999999979,-4.008635296528833,-0.8355967505427291,-55.906546493749175
322.20378311126416,-27.11947879010424,0.9999999999999978,-4.0089773339338795,-0.8376223712288642,-55.78208986846871
322.21182683469686,-27.1266049447077,0.999999999999998,-4.009310598895256,-0.8396360855318754,-55.65724902154744
322.21986589695905,-27.133734518786866,0.9999999999999978,-4.009635112443236,-0.8416379161634504,-55.532025303683895
322.227900310798,-27.14086750448522,0.9999999999999979,-4.009950895600329,-0.8436278858416681,-55.406420065576654
322.2359300889611,-27.148003893943415,0.9999999999999979,-4.010257969381255,-0.8456060172909998,-55.280434657924246
322.2439552441957,-27.155143679299247,0.9999999999999979,-4.0105563547929775,-0.8475723332422946,-55.15407043142523
322.2519757892495,-27.162286852687657,0.9999999999999979,-4.010846072834678,-0.849526856432778,-55.02732873677816
322.25999173686995,-27.16943340624073,0.999999999999998,-4.011127144497836,-0.8514696096060215,-54.900210924681566
322.26800309980473,-27.176583332087738,0.999999999999998,-4.011399590766166,-0.8534006155119602,-54.772718345834
322.2760098908016,-27.183736622355067,0.9999999999999979,-4.011663432615649,-0.855319896906864,-54.64485235093404
322.2840121226085,-27.190893269166263,0.9999999999999978,-4.011918691014573,-0.8572274765533221,-54.516614290680124
322.29200980797316,-27.19805326464205,0.9999999999999978,-4.012165386923524,-0.8591233772202576,-54.388005515770914
322.30000295964385,-27.20521660090031,0.9999999999999978,-4.01240354129537,-0.8610076216829006,-54.259027376904925
322.30799159036854,-27.212383270056065,0.9999999999999979,-4.012633175075318,-0.8628802327227714,-54.1296812247807
322.31597571289564,-27.21955326422151,0.999999999999998,-4.012854309200873,-0.8647412331276914,-53.99996841009683
322.32395533997334,-27.22672657550601,0.999999999999998,-4.0130669646019275,-0.8665906456917587,-53.869890283551754
322.3319304843503,-27.233903196016094,0.999999999999998,-4.01327116220067,-0.8684284932153368,-53.73944819584411
322.3399011587751,-27.24108311785544,0.9999999999999979,-4.013466922911682,-0.870254798505055,-53.60864349767238
322.34786737599654,-27.248266333124917,0.999999999999998,-4.013654267641885,-0.8720695843737998,-53.4774775397352
322.3558291487635,-27.255452833922543,0.999999999999998,-4.0138332172906,-0.8738728736406776,-53.34595167273105
322.36378648982515,-27.262642612343534,0.9999999999999981,-4.014003792749516,-0.8756646891310544,-53.21406724735853
322.3717394119305,-27.269835660480243,0.999999999999998,-4.014166014902752,-0.8774450536764937,-53.08182561431609
322.379687927829,-27.27703197042219,0.999999999999998,-4.0143199046268085,-0.8792139901147835,-52.94922812430237
322.38763205027027,-27.28423153425617,0.9999999999999979,-4.014465482790625,-0.8809715212899105,-52.81627612801587
322.395571792004,-27.291434344066044,0.999999999999998,-4.014602770255536,-0.8827176700520574,-52.68297097615514
322.40350716578,-27.298640391932896,0.999999999999998,-4.014731787875349,-0.8844524592575889,-52.54931401941876
322.41143818434847,-27.305849669934975,0.9999999999999979,-4.014852556496313,-0.8861759117690364,-52.41530660850525
322.41936486045944,-27.313062170147717,0.9999999999999981,-4.014965096957137,-0.8878880504551012,-52.28095009411312
322.42728720686364,-27.320277884643758,0.9999999999999981,-4.01506943008898,-0.8895888981906395,-52.146245826941026
322.4352052363115,-27.3274968054929,0.9999999999999981,-4.0151655767155106,-0.8912784778566532,-52.01119515768743
322.4431189615539,-27.334718924762136,0.9999999999999979,-4.015253557652877,-0.8929568123402745,-51.87579943705089
322.451028395342,-27.341944234515633,0.999999999999998,-4.015333393709707,-0.8946239245347627,-51.74006001572996
322.45893355042705,-27.349172726814775,0.999999999999998,-4.015405105687165,-0.8962798373394927,-51.60397824442319
322.46683443956044,-27.35640439371812,0.9999999999999978,-4.015468714378926,-0.8979245736599499,-51.467555473829094
322.474731075494,-27.363639227281414,0.9999999999999981,-4.015524240571187,-0.8995581564077151,-51.330793054646264
322.48262347097966,-27.37087721955761,0.9999999999999981,-4.0155717050427,-0.9011806085004554,-51.19369233757326
322.4905116387696,-27.37811836259683,0.9999999999999982,-4.015611128564756,-0.9027919528619153,-51.05625467330857
322.4983955916162,-27.385362648446424,0.999999999999998,-4.015642531901206,-0.9043922124219095,-50.918481412550776
322.5062753422723,-27.392610069150916,0.999999999999998,-4.015665935808469,-0.9059814101163166,-50.78037390599841
322.51415090349076,-27.399860616752044,0.9999999999999981,-4.0156813610355435,-0.9075595688870601,-50.64193350435007
322.52202228802474,-27.40711428328873,0.999999999999998,-4.015688828324033,-0.9091267116821045,-50.50316155830426
322.52988950862783,-27.414371060797112,0.9999999999999981,-4.015688358408115,-0.9106828614554519,-50.364059418559485
322.5377525780536,-27.421630941310532,0.999999999999998,-4.015679972014604,-0.9122280411671171,-50.22462843581438
322.54561150905624,-27.42889391685952,0.9999999999999981,-4.015663689862896,-0.9137622737831324,-50.08486996076744
322.5534663143899,-27.436159979471824,0.9999999999999981,-4.015639532665065,-0.9152855822755379,-49.94478534411719
322.56131700680925,-27.443429121172397,0.9999999999999981,-4.015607521125773,-0.9167979896223613,-49.80437593656224
322.5691635990692,-27.450701333983407,0.9999999999999981,-4.015567675942365,-0.9182995188076233,-49.663643088801116
322.5770061039249,-27.457976609924227,0.9999999999999981,-4.015520017804828,-0.919790192821313,-49.522588151532304
322.58484453413183,-27.465254941011416,0.9999999999999981,-4.015464567395814,-0.9212700346593903,-49.381212475454454
322.59267890244575,-27.472536319258797,0.9999999999999982,-4.01540134539068,-0.9227390673237745,-49.23951741126602
322.6005092216228,-27.47982073667737,0.999999999999998,-4.015330372457434,-0.9241973138223267,-49.09750430966562
322.60833550441953,-27.48710818527536,0.9999999999999981,-4.015251669256795,-0.9256447971688573,-48.95517452135179
322.6161577635925,-27.494398657058202,0.999999999999998,-4.015165256442199,-0.9270815403830981,-48.812529397023006
322.623976011899,-27.50169214402856,0.999999999999998,-4.01507115465978,-0.9285075664907088,-48.669570287377894
322.63179026209633,-27.508988638186306,0.9999999999999982,-4.014969384548416,-0.9299228985232539,-48.52629854311497
322.63960052694233,-27.516288131528547,0.999999999999998,-4.014859966739701,-0.9313275595182109,-48.38271551493275
322.6474068191951,-27.523590616049603,0.9999999999999981,-4.014742921857983,-0.9327215725189468,-48.238822553529864
322.6552091516131,-27.530896083741013,0.9999999999999981,-4.01461827052038,-0.9341049605747096,-48.09462100960477
322.66300753695526,-27.538204526591542,0.999999999999998,-4.014486033336742,-0.9354777467406308,-47.95011223385612
322.6708019879807,-27.545515936587194,0.9999999999999981,-4.014346230909718,-0.9368399540777022,-47.80529757698233
322.67859251744903,-27.55283030571118,0.9999999999999979,-4.014198883834734,-0.938191605652781,-47.66017838968203
322.68637913812023,-27.560147625943948,0.9999999999999982,-4.014044012699992,-0.9395327245385698,-47.51475602265376
322.6941618627546,-27.5674678892632,0.9999999999999981,-4.013881638086525,-0.9408633338136116,-47.36903182659607
322.7019407041128,-27.57479108764381,0.9999999999999982,-4.01371178056816,-0.9421834565622809,-47.22300715220747
322.70971567495616,-27.582117213057938,0.9999999999999982,-4.013534460711537,-0.9434931158747761,-47.076683350186556
322.717486788046,-27.589446257474957,0.9999999999999981,-4.013349699076145,-0.9447923348471128,-46.930061771231834
322.72525405614425,-27.59677821286149,0.9999999999999983,-4.013157516214308,-0.9460811365811019,-46.78314376604186
322.73301749201335,-27.60411307118137,0.9999999999999982,-4.012957932671184,-0.9473595441843665,-46.63593068531521
322.74077710841595,-27.611450824395668,0.9999999999999981,-4.012750968984809,-0.9486275807703,-46.488423879750385
322.74853291811525,-27.618791464462724,0.9999999999999983,-4.012536645686074,-0.9498852694580853,-46.340624700045964
322.75628493387484,-27.626134983338098,0.9999999999999982,-4.012314983298755,-0.9511326333726733,-46.1925344969005
322.7640331684588,-27.633481372974575,0.9999999999999982,-4.012086002339504,-0.9523696956447751,-46.04415462101255
322.77177763463146,-27.64083062532221,0.9999999999999982,-4.01184972331788,-0.9535964794108565,-45.89548642308057
322.7795183451578,-27.648182732328294,0.9999999999999983,-4.011606166736341,-0.9548130078131223,-45.746531253803234
322.7872553128031,-27.65553768593735,0.9999999999999983,-4.011355353090256,-0.9560193039995215,-45.597290463879
322.79498855033324,-27.66289547809115,0.9999999999999983,-4.011097302867924,-0.9572153911237224,-45.44776540400644
322.80271807051446,-27.670256100728732,0.9999999999999982,-4.0108320365505765,-0.9584012923451133,-45.29795742488413
322.8104438861135,-27.677619545786353,0.9999999999999983,-4.010559574612371,-0.9595770308287941,-45.14786787721058
322.8181660098974,-27.68498580519754,0.9999999999999983,-4.0102799375204485,-0.9607426297455612,-44.99749811168434
322.82588445463404,-27.692354870893077,0.9999999999999982,-4.009993145734878,-0.9618981122719132,-44.846849479003964
322.8335992330914,-27.699726734800958,0.999999999999998,-4.009699219708706,-0.9630435015900183,-44.69592332986801
322.84131035803813,-27.70710138884644,0.9999999999999982,-4.009398179887957,-0.9641788208877347,-44.54472101497505
322.8490178422434,-27.71447882495212,0.9999999999999981,-4.009090046711661,-0.9653040933585761,-44.39324388502356
322.85672169847686,-27.721859035037745,0.9999999999999983,-4.00877484061182,-0.9664193422017191,-44.241493290712135
322.8644219395085,-27.729242011020357,0.9999999999999982,-4.008452582013453,-0.9675245906219958,-44.08947058273932
322.872118578109,-27.736627744814257,0.9999999999999982,-4.008123291334584,-0.9686198618298714,-43.93717711180363
322.8798116270495,-27.744016228330995,0.9999999999999983,-4.007786988986273,-0.9697051790414473,-43.784614228603644
322.8875010991017,-27.751407453479377,0.9999999999999982,-4.007443695372597,-0.9707805654784534,-43.63178328383793
322.89518700703763,-27.758801412165486,0.9999999999999984,-4.007093430890698,-0.9718460443682271,-43.478685628204985
322.90286936363003,-27.766198096292673,0.9999999999999982,-4.006736215930746,-0.9729016389437266,-43.32532261240337
322.9105481816522,-27.773597497761525,0.9999999999999983,-4.006372070875975,-0.9739473724434999,-43.17169558713163
322.91822347387784,-27.780999608469898,0.9999999999999983,-4.006001016102691,-0.974983268111691,-43.017805903088345
322.9258952530813,-27.788404420312922,0.9999999999999984,-4.005623071980269,-0.9760093491980228,-42.86365491097201
322.9335635320374,-27.795811925183006,0.9999999999999984,-4.005238258871183,-0.9770256389578029,-42.70924396148125
322.94122832352156,-27.803222114969806,0.9999999999999983,-4.004846597130991,-0.9780321606518965,-42.554574405314526
322.9488896403098,-27.810634981560245,0.9999999999999984,-4.004448107108347,-0.9790289375467291,-42.39964759317043
322.95654749517854,-27.818050516838525,0.9999999999999984,-4.004042809145044,-0.9800159929142804,-42.24446487574748
322.964201900905,-27.82546871268613,0.9999999999999981,-4.003630723575965,-0.9809933500320716,-42.089027603744256
322.97185287026673,-27.832889560981773,0.9999999999999983,-4.003211870729146,-0.9819610321831478,-41.9333371278593
322.97950041604213,-27.84031305360149,0.9999999999999983,-4.002786270925737,-0.9829190626561006,-41.777394798791136
322.9871445510099,-27.847739182418557,0.9999999999999983,-4.002353944480054,-0.9838674647450203,-41.62120196723834
322.99478528794964,-27.85516793930355,0.9999999999999983,-4.001914911699566,-0.9848062617495179,-41.46475998389945
323.0024226396412,-27.862599316124285,0.9999999999999984,-4.0014691928849,-0.9857354769747024,-41.308070199473
323.0100566188653,-27.87003330474589,0.9999999999999981,-4.001016808329868,-0.9866551337311766,-41.15113396465752
323.01768723840314,-27.877469897030743,0.9999999999999982,-4.000557778321442,-0.9875652553350283,-40.99395263015164
323.0253145110366,-27.884909084838526,0.9999999999999984,-4.000092123139795,-0.9884658651078264,-40.836527546653805
323.03293844954806,-27.89235086002618,0.9999999999999984,-3.9996198630583057,-0.9893569863766065,-40.67886006486262
323.04055906672073,-27.899795214447945,0.9999999999999984,-3.9991410183435496,-0.9902386424738685,-40.52095153547662
323.0481763753382,-27.907242139955315,0.9999999999999983,-3.9986556092553256,-0.9911108567375639,-40.362803309194334
323.0557903881848,-27.914691628397094,0.9999999999999986,-3.9981636560466534,-0.9919736525110903,-40.204416736714336
323.0634011180456,-27.922143671619367,0.9999999999999984,-3.997665178963781,-0.9928270531432855,-40.045793168735166
323.07100857770615,-27.929598261465483,0.9999999999999984,-3.9971601982461973,-0.9936710819884169,-39.88693395595536
323.0786127799528,-27.93705538977608,0.9999999999999984,-3.9966487341266403,-0.9945057624061744,-39.72784044907349
323.0862137375723,-27.944515048389114,0.9999999999999984,-3.996130806831129,-0.9953311177616575,-39.568513998788056
323.0938114633523,-27.951977229139786,0.9999999999999983,-3.9956064365789117,-0.9961471714253833,-39.408955955797644
323.1014059700811,-27.959441923860624,0.9999999999999983,-3.9950756435825294,-0.9969539467732593,-39.24916767080081
323.10899727054755,-27.96690912438141,0.9999999999999983,-3.9945384480478023,-0.9977514671865886,-39.08915049449607
323.1165853775412,-27.974378822529225,0.9999999999999983,-3.993994870173853,-0.9985397560520513,-38.928905777581996
323.1241703038522,-27.981851010128466,0.9999999999999984,-3.993444930153094,-0.9993188367617112,-38.7684348707571
323.1317520622717,-27.989325679000796,0.9999999999999984,-3.9928886481712413,-1.0000887327130008,-38.607739124719956
323.1393306655912,-27.996802820965172,0.9999999999999984,-3.992326044407327,-1.0008494673087038,-38.4468198901691
323.146906126603,-28.00428242783786,0.9999999999999984,-3.991757139033715,-1.0016010639569677,-38.2856785178031
323.15447845810024,-28.011764491432412,0.9999999999999984,-3.9911819522161007,-1.0023435460712782,-38.124316358320485
323.1620476728764,-28.019249003559676,0.9999999999999983,-3.9906005041135213,-1.0030769370704613,-37.9627347624198
323.16961378372605,-28.026735956027775,0.9999999999999983,-3.990012814878348,-1.0038012603786721,-37.80093508079962
323.1771768034443,-28.03422534064218,0.9999999999999984,-3.989418904656321,-1.004516539425392,-37.638918664158474
323.18473674482703,-28.041717149205606,0.9999999999999987,-3.988818793586548,-1.0052227976454113,-37.476686863194885
323.19229362067074,-28.049211373518105,0.9999999999999986,-3.988212501801504,-1.005920058478833,-37.3142410286074
323.1998474437727,-28.05670800537701,0.9999999999999984,-3.9876000494270505,-1.0066083453710588,-37.151582511094595
323.20739822693105,-28.064207036576956,0.9999999999999987,-3.986981456582424,-1.0072876817727794,-36.98871266135503
323.2149459829445,-28.07170845890988,0.9999999999999984,-3.98635674338027,-1.0079580911399781,-36.8256328300872
323.22249072461256,-28.079212264165037,0.9999999999999986,-3.985725929926639,-1.0086195969339093,-36.6623443679897
