galstreams/tracks/track.st.M2.ibata2021.ecsv
# %ECSV 0.9
# ---
# datatype:
# - {name: ra, unit: deg, datatype: float64}
# - {name: dec, unit: deg, datatype: float64}
# - {name: distance, unit: kpc, datatype: float64}
# - {name: pm_ra_cosdec, unit: mas / yr, datatype: float64}
# - {name: pm_dec, unit: mas / yr, datatype: float64}
# - {name: radial_velocity, unit: km / s, datatype: float64}
# delimiter: ','
# meta: !!omap
# - __serialized_columns__:
#     dec:
#       __class__: astropy.coordinates.angles.Latitude
#       unit: &id001 !astropy.units.Unit {unit: deg}
#       value: !astropy.table.SerializedColumn {name: dec}
#     distance:
#       __class__: astropy.coordinates.distances.Distance
#       unit: !astropy.units.Unit {unit: kpc}
#       value: !astropy.table.SerializedColumn {name: distance}
#     pm_dec:
#       __class__: astropy.units.quantity.Quantity
#       unit: !astropy.units.Unit {unit: mas / yr}
#       value: !astropy.table.SerializedColumn {name: pm_dec}
#     pm_ra_cosdec:
#       __class__: astropy.units.quantity.Quantity
#       unit: !astropy.units.Unit {unit: mas / yr}
#       value: !astropy.table.SerializedColumn {name: pm_ra_cosdec}
#     ra:
#       __class__: astropy.coordinates.angles.Longitude
#       unit: *id001
#       value: !astropy.table.SerializedColumn {name: ra}
#       wrap_angle: !astropy.coordinates.Angle
#         unit: *id001
#         value: 360.0
#     radial_velocity:
#       __class__: astropy.units.quantity.Quantity
#       unit: !astropy.units.Unit {unit: km / s}
#       value: !astropy.table.SerializedColumn {name: radial_velocity}
# schema: astropy-2.0
ra,dec,distance,pm_ra_cosdec,pm_dec,radial_velocity
[from data line 1091]
320.9257437598363,-2.1323994875193297,11.031041827380047,3.8585989857302065,-2.2736448995422465,-2.315710960714893e-14
320.9353140554294,-2.129501442895001,11.03266018505357,3.8576806975537448,-2.2738538613951147,2.2104513715914887e-14
320.9448839341088,-2.126602105596558,11.03427923635533,3.8567624387587705,-2.2740626450349293,-1.0789107885148933e-13
320.95445339522666,-2.1237014735244832,11.035898976886145,3.855844208349361,-2.274271249033513,-1.0789107885148933e-13
320.9640224381348,-2.1207995445793273,11.037519402246836,3.8549260053295815,-2.2744796719627094,-9.947031172161699e-14
320.97359106218533,-2.117896316661567,11.039140508038233,3.8540078287034705,-2.274687912394369,2.9998982900170206e-14
320.9831592667302,-2.1149917876717454,11.040762289861153,3.8530896774750607,-2.2748959689003683,8.420767129872338e-15
320.9927270511215,-2.112085955510338,11.042384743316417,3.8521715506483627,-2.275103840052595,-1.0999627063395741e-13
321.00229441471123,-2.109178818077879,11.044007864004858,3.8512534472273696,-2.275311524422952,-2.315710960714893e-14
321.01186135685157,-2.106270373274839,11.045631647527287,3.850335366216064,-2.27551902058336,-9.368103431982976e-14
321.02142787689445,-2.1033606190017475,11.047256089484533,3.849417306618406,-2.275726327105758,-1.24206315165617e-13
321.03099397419214,-2.100449553159068,11.048881185477414,3.848499267438344,-2.275933442562094,-1.473634247727659e-14
321.04055964809663,-2.097537173647326,11.050506931106753,3.8475812476798104,-2.27614036552434,-8.526026718995742e-14
321.05012489796013,-2.0946234783669757,11.052133321973377,3.8466632463467194,-2.2763470945644766,-1.7367832205361698e-13
321.05968972313474,-2.0917084652185385,11.05376035367811,3.8457452624429713,-2.276553628254503,-3.4209366465106376e-14
321.06925412297267,-2.0887921321024625,11.055388021821765,3.8448272949724513,-2.276759965166435,-1.394689555885106e-13
321.078818096826,-2.0858744769192605,11.057016322005174,3.8439093429390283,-2.276966103872301,-1.2841669873055315e-13
321.0883816440471,-2.0829554975693756,11.058645249829153,3.842991405346557,-2.2771720429441484,-1.6315236314127656e-14
321.09794476398804,-2.0800351919533147,11.06027480089453,3.842073481198877,-2.2773777809540356,9.47336302110638e-15
321.10750745600114,-2.0771135579715123,11.061904970802123,3.841155569499815,-2.2775833164740393,-8.473396924434041e-14
321.1170697194385,-2.0741905935244684,11.06353575515276,3.840237669253176,-2.277788648076248,-1.3894265764289357e-13
321.12663155365266,-2.0712662965126114,11.065167149547257,3.839319779462761,-2.2779937743327703,-1.342059761323404e-13
321.1361929579956,-2.068340664836433,11.066799149586442,3.8384018991323448,-2.278198693815724,-1.4104784942536167e-13
321.14575393181985,-2.0654136963963556,11.068431750871136,3.8374840272657,-2.278403405097247,-1.0315439734093615e-13
321.1553144744776,-2.062485389092863,11.070064949002159,3.836566162866575,-2.2786079067494867,-1.3578486996919146e-13
321.1648745853213,-2.059555740826369,11.071698739580334,3.83564830493871,-2.278812197344609,-9.631252404791486e-14
321.1744342637031,-2.056624749497351,11.073333118206492,3.8347304524858266,-2.2790162754547922,-9.789141788476593e-14
321.1839935089757,-2.0536924130062144,11.07496808048144,3.8338126045116416,-2.279220139652232,-8.526026718995742e-14
321.1935523204911,-2.0507587292534275,11.076603622006015,3.8328947600198457,-2.2794237885091326,-3.9998643866893604e-14
321.203110697602,-2.047823696139407,11.078239738381033,3.831976918014124,-2.2796272205977206,-3.1577876737021266e-15
321.2126686396607,-2.044887311564562,11.079876425207317,3.8310590774981472,-2.279830434490229,-9.947031172161699e-14
321.2222261460197,-2.0419495734293482,11.081513678085688,3.8301412374755746,-2.280033428758911,-1.0420699323217018e-13
321.2317832160315,-2.0390104796341526,11.083151492616972,3.8292233969500478,-2.280236201976028,-2.7367493172085098e-14
321.2413398490484,-2.036070028079423,11.08478986440199,3.828305554925196,-2.280438752713863,-1.289429966761702e-13
321.2508960444232,-2.0331282166655353,11.086428789041566,3.82738771040464,-2.2806410795447043,0.0
321.2604518015081,-2.0301850432929283,11.088068262136524,3.826469862391982,-2.280843181040861,-8.052358567940423e-14
321.2700071196559,-2.027240505861972,11.089708279287679,3.825552009890819,-2.281045055774652,-1.6946793848868082e-13
321.279561998219,-2.024294602273095,11.09134883609586,3.8246341519047284,-2.281246702318412,-1.820990891834893e-13
321.28911643655016,-2.021347330426657,11.09298992816189,3.8237162874372776,-2.2814481192444855,-1.0841737679710636e-13
321.2986704340018,-2.0183986882230696,11.094631551086588,3.822798415492024,-2.281649305125236,-9.052324664612763e-14
321.3082239899266,-2.0154486735627066,11.09627370047078,3.82188053507251,-2.281850258533035,-1.2578520900246805e-13
321.31777710367726,-2.012497284345947,11.097916371915286,3.8209626451822705,-2.2820509780402722,-4.263013359497871e-14
321.32732977460637,-2.009544518473164,11.099559561020925,3.8200447448248225,-2.2822514622193486,-1.5788938368510635e-13
321.3368820020667,-2.006590373844725,11.10120326338853,3.8191268330036743,-2.2824517096426744,-1.3894265764289357e-13
321.3464337854109,-2.003634848360994,11.102847474618919,3.818208908722325,-2.2826517188826783,-1.1368035625327657e-13
321.3559851239917,-2.00067793992233,11.104492190312909,3.817290970984258,-2.2828514885118008,-4.210383564936169e-15
321.36553601716184,-1.997719646429085,11.106137406071328,3.8163730187929508,-2.283051017102493,-1.9473023987829782e-14
321.3750864642741,-1.9947599657816069,11.107783117494996,3.8154550511518632,-2.2832503032272204,-5.841907196348934e-14
321.38463646468125,-1.9917988958802397,11.10942932018474,3.81453706706445,-2.2834493454584615,-1.268378048937021e-13
321.39418601773616,-1.9888364346253196,11.111076009741378,3.8136190655341506,-2.283648142368707,-8.683916102680849e-14
321.40373512279166,-1.9858725799171797,11.112723181765734,3.8127010455643973,-2.283846692530459,-7.683950006008508e-14
321.4132837792005,-1.9829073296561484,11.114370831858627,3.8117830061586107,-2.2840449945162344,-1.4578453093591484e-13
321.4228319863157,-1.9799406817425445,11.11601895562089,3.810864946320198,-2.2842430468985615,-7.631320211446807e-14
321.4323797434902,-1.9769726340766856,11.117667548653335,3.8099468650525603,-2.284440848249979,-1.5788938368510633e-15
321.44192705007663,-1.9740031845588812,11.119316606556787,3.8090287613590874,-2.2846383971430417,-8.262877746187231e-14
321.45147390542826,-1.971032331089437,11.120966124932075,3.8081106342431568,-2.28483569215031,-1.0525958912340423e-13
321.4610203088979,-1.9680600715686516,11.122616099380014,3.8071924827081403,-2.2850327318443653,-1.542052980657872e-13
321.4705662598386,-1.9650864038968177,11.124266525501431,3.806274305757396,-2.285229514797795,-2.315710960714893e-14
321.48011175760337,-1.9621113259742249,11.125917398897144,3.805356102394274,-2.2854260395831973,2.5262301389617013e-14
321.48965680154515,-1.959134835701153,11.127568715167978,3.804437871622115,-2.2856223047731876,-1.0578588706902125e-13
321.4992013910171,-1.9561569309778797,11.129220469914758,3.8035196124442487,-2.2858183089403883,-1.9262504809582973e-13
321.5087455253724,-1.9531776097046722,11.130872658738303,3.8026013238640006,-2.286014050657434,-6.841873293021275e-14
321.51828920396395,-1.9501968697817962,11.132525277239438,3.801683004884679,-2.286209528496974,-3.841975003004254e-14
321.527832426145,-1.9472147091095098,11.134178321018988,3.800764654509589,-2.286404741031666,-1.968354316607659e-13
321.5373751912688,-1.9442311255880642,11.135831785677768,3.799846271742028,-2.286599686834179,4.47353253774468e-14
321.5469174986883,-1.9412461171177036,11.137485666816605,3.79892785558528,-2.286794364477196,-6.894503087582976e-14
321.55645934775686,-1.9382596815986681,11.139139960036323,3.798009405042622,-2.2869887725334093,-1.1052256857957444e-14
321.5660007378277,-1.93527181693119,11.140794660937742,3.797090919117325,-2.287182909575521,-1.6841534259744676e-14
321.57554166825406,-1.932282521015497,11.142449765121686,3.7961723968126493,-2.2873767741762485,-1.194696336550638e-13
321.5850821383893,-1.9292917917518069,11.144105268188975,3.7952538371318476,-2.287570364908314,-9.999660966723401e-15
321.5946221475866,-1.9262996270403354,11.145761165740439,3.7943352390781646,-2.287763680344456,1.1052256857957444e-14
321.6041616951993,-1.9233060247812874,11.147417453376889,3.7934166016548385,-2.287956719057423,-2.5788599335234036e-14
321.61370078058087,-1.9203109828748641,11.149074126699158,3.7924979238650947,-2.288149479619971,-7.999728773378721e-14
321.6232394030846,-1.9173144992212587,11.150731181308064,3.791579204712158,-2.288341960604868,-1.221011233831489e-13
321.6327775620639,-1.9143165717206583,11.15238861280443,3.7906604431992403,-2.288534160584895,-7.052392471268083e-14
321.6423152568723,-1.9113171982732429,11.154046416789077,3.78974163832955,-2.288726078132842,1.7367832205361697e-14
321.6518524868631,-1.9083163767791855,11.15570458886283,3.7888227891062853,-2.2889177118215063,-1.0683848296025529e-13
321.66138925138995,-1.9053141051386517,11.157363124626512,3.7879038945326373,-2.2891090602237,-1.2104852749191487e-13
321.67092554980627,-1.902310381251801,11.159022019680947,3.7869849536117925,-2.2893001219122437,-5.420868839855318e-14
321.6804613814656,-1.8993052030187856,11.160681269626952,3.786065965346929,-2.2894908954599686,-8.631286308119147e-14
321.6899967457216,-1.8962985683397522,11.16234087006535,3.78514692874122,-2.289681379439714,3.210417468263829e-14
321.6995316419277,-1.8932904751148356,11.164000816596971,3.7842278427978284,-2.289871572424332,-9.999660966723402e-14
321.70906606943765,-1.890280921244169,11.165661104822629,3.7833087065199136,-2.2900614729866824,-6.947132882144679e-14
321.718600027605,-1.8872699046278738,11.16732173034315,3.782389518910627,-2.2902510796996354,-8.94706507548936e-14
321.7281335157836,-1.8842574231660678,11.168982688759362,3.7814702789731163,-2.2904403911360687,2.1051917824680846e-14
321.73766653332694,-1.8812434747588593,11.170643975672078,3.7805509857105206,-2.2906294058688763,-9.736511993914891e-14
321.7471990795889,-1.8782280573063488,11.172305586682125,3.7796316381259745,-2.2908181224709563,-1.1841703776382977e-13
321.7567311539231,-1.8752111687086297,11.173967517390329,3.7787122352226064,-2.2910065395152146,-5.315609250731914e-14
321.76626275568344,-1.872192806865789,11.175629763397504,3.777792776003539,-2.2911946555745724,-1.321007843498723e-13
321.7757938842238,-1.8691729696779054,11.177292320304483,3.7768732594718886,-2.2913824692219547,-2.1051917824680846e-14
321.78532453889784,-1.8661516550450477,11.17895518371208,3.7759536846307684,-2.2915699790303017,-1.0525958912340423e-14
321.7948547190595,-1.863128860867281,11.180618349221122,3.775034050483285,-2.2917571835725545,-1.468371268271489e-13
321.80438442406273,-1.86010458504466,11.182281812432432,3.7741143560325376,-2.2919440814216707,-1.5631048984825526e-13
321.8139136532614,-1.857078825477231,11.183945568946829,3.7731946002816272,-2.2921306711506126,2.6314897280851058e-15
321.8234424060095,-1.8540515800650348,11.185609614365138,3.77227478223364,-2.2923169513323547,2.2630811661531907e-14
321.832970681661,-1.851022846708102,11.187273944288183,3.7713549008916676,-2.292502920539876,-1.515738083377021e-13
321.84249847956994,-1.847992623306455,11.188938554316787,3.770434955258789,-2.292688577346167,-1.7894130150978717e-14
321.85202579909026,-1.8449609077601112,11.190603440051765,3.7695149443380824,-2.2928739203242285,-1.368374658604255e-13
321.86155263957625,-1.8419276979690755,11.192268597093946,3.7685948671326237,-2.2930589480470664,2.7367493172085098e-14
321.87107900038177,-1.8388929918333483,11.193934021044154,3.7676747226454816,-2.293243659087697,-7.894469184255318e-15
321.88060488086103,-1.8358567872529188,11.195599707503208,3.7667545098797195,-2.2934280520191432,-1.194696336550638e-13
321.89013028036834,-1.8328190821277708,11.197265652071934,3.7658342278383987,-2.2936121254144393,-8.894435280927657e-14
321.89965519825773,-1.8297798743578764,11.19893185035115,3.76491387552458,-2.293795877846624,-4.9472006887999985e-14
321.90917963388347,-1.8267391618432018,11.200598297941681,3.7639934519413147,-2.293979307888748,-1.547315960114042e-13
321.9187035865998,-1.8236969424837037,11.20226499044435,3.7630729560916527,-2.2941624141138686,-1.1525925009012763e-13
321.92822705576106,-1.8206532141793297,11.203931923459978,3.7621523869786433,-2.2943451950950475,-8.999694870051062e-14
321.9377500407215,-1.8176079748300205,11.205599092589393,3.761231743605326,-2.294527649405361,-1.2368001721999998e-13
321.9472725408355,-1.8145612223357062,11.207266493433405,3.760311024974749,-2.294709775617887,-2.5262301389617013e-14
321.9567945554574,-1.8115129545963082,11.208934121592854,3.7593902300899407,-2.294891572305715,-1.4631082888153188e-13
321.96631608394165,-1.808463169511741,11.210601972668549,3.7584693579539414,-2.295073038041941,-8.578656513557444e-14
321.9758371256427,-1.805411864981909,11.21227004226132,3.7575484075697814,-2.2952541713996686,-5.105090072485105e-14
321.985357679915,-1.8023590389067075,11.213938325971979,3.756627377940493,-2.2954349709520088,-1.9473023987829782e-14
321.99487774611305,-1.7993046891860216,11.215606819401362,3.7557062680690976,-2.295615435272079,-1.5578419190263825e-13
322.0043973235914,-1.7962488137197308,11.217275518150283,3.7547850769586226,-2.295795562933007,-4.894570894238297e-14
322.01391641170454,-1.7931914104077014,11.218944417819573,3.7538638036120897,-2.2959753525079227,-1.3052189051302125e-13
322.02343500980726,-1.7901324771497935,11.220613514010045,3.7529424470325203,-2.2961548025699683,-4.894570894238297e-14
322.032953117254,-1.7870720118458576,11.222282802322525,3.7520210062229324,-2.2963339116922907,2.8420089063319142e-14
322.04247073339945,-1.7840100123957334,11.223952278357837,3.7510994801863426,-2.296512678448045,-1.299955925674042e-13
322.05198785759836,-1.7809464766992529,11.225621937716804,3.750177867925763,-2.2966911014103895,-1.4788972271838294e-13
322.0615044892055,-1.7778814026562366,11.227291776000245,3.7492561684442087,-2.296869179152495,-2.8946387008936165e-14
322.0710206275756,-1.7748147881664977,11.228961788808986,3.7483343807446925,-2.2970469102475337,2.315710960714893e-14
322.08053627206334,-1.7717466311298393,11.230631971743849,3.747412503830223,-2.2972242932686884,-1.1894333570944678e-13
322.0900514220237,-1.7686769294460545,11.232302320405655,3.7464905367038113,-2.2974013267891458,-1.4157414737097868e-13
322.09956607681147,-1.765605681014927,11.233972830395226,3.7455684783684653,-2.2975780093821028,-1.268378048937021e-13
322.10908023578156,-1.7625328837362304,11.235643497313387,3.744646327827192,-2.2977543396207567,3.263047262825531e-14
322.1185938982889,-1.759458535509729,11.23731431676096,3.743724084082996,-2.2979303160783173,-3.263047262825531e-14
322.1281070636885,-1.756382634235177,11.23898528433877,3.742801746138885,-2.298105937327995,-1.2631150694808506e-14
322.13761973133523,-1.7533051778123185,11.240656395647635,3.741879312997866,-2.2982812019430114,-2.1578215770297867e-14
322.14713190058427,-1.7502261641408892,11.24232764628838,3.7409567836629414,-2.2984561084965933,-2.1578215770297867e-14
322.1566435707906,-1.7471455911206124,11.243999031861826,3.740034157137117,-2.2986306555619693,-9.157584253736168e-14
322.1661547413093,-1.7440634566512032,11.245670547968798,3.7391114324233983,-2.298804841712378,-9.841771583038295e-14
322.1756654114956,-1.740979758632366,11.247342190210116,3.7381886085247897,-2.2989786655210636,-1.49468616555234e-13
322.1851755807046,-1.7378944949637947,11.249013954186603,3.7372656844442957,-2.299152125561275,-5.999796580034041e-14
322.1946852482915,-1.734807663545173,11.250685835499084,3.7363426591849214,-2.2993252204062657,-8.999694870051062e-14
322.20419441361156,-1.7317192622761755,11.25235782974838,3.735419531749673,-2.299497948629298,-1.2104852749191487e-13
