galstreams/tracks/track.st.M68-Fjorm.ibata2024.ecsv
# %ECSV 1.0
# ---
# datatype:
# - {name: ra, unit: deg, datatype: float64}
# - {name: dec, unit: deg, datatype: float64}
# - {name: distance, unit: kpc, datatype: float64}
# - {name: pm_ra_cosdec, unit: mas / yr, datatype: float64}
# - {name: pm_dec, unit: mas / yr, datatype: float64}
# - {name: radial_velocity, unit: km / s, datatype: float64}
# delimiter: ','
# meta: !!omap
# - __serialized_columns__:
#     dec:
#       __class__: astropy.coordinates.angles.Latitude
#       unit: &id001 !astropy.units.Unit {unit: deg}
#       value: !astropy.table.SerializedColumn {name: dec}
#     distance:
#       __class__: astropy.coordinates.distances.Distance
#       unit: !astropy.units.Unit {unit: kpc}
#       value: !astropy.table.SerializedColumn {name: distance}
#     pm_dec:
#       __class__: astropy.units.quantity.Quantity
#       unit: !astropy.units.Unit {unit: mas / yr}
#       value: !astropy.table.SerializedColumn {name: pm_dec}
#     pm_ra_cosdec:
#       __class__: astropy.units.quantity.Quantity
#       unit: !astropy.units.Unit {unit: mas / yr}
#       value: !astropy.table.SerializedColumn {name: pm_ra_cosdec}
#     ra:
#       __class__: astropy.coordinates.angles.Longitude
#       unit: *id001
#       value: !astropy.table.SerializedColumn {name: ra}
#       wrap_angle: !astropy.coordinates.Angle
#         unit: *id001
#         value: 360.0
#     radial_velocity:
#       __class__: astropy.units.quantity.Quantity
#       unit: !astropy.units.Unit {unit: km / s}
#       value: !astropy.table.SerializedColumn {name: radial_velocity}
# schema: astropy-2.0
ra,dec,distance,pm_ra_cosdec,pm_dec,radial_velocity
[from data line 4976]
204.90761066327173,33.65762349089878,1.0000000000000004,-0.7604734392394574,5.330528144526318,-85.30300041830104
204.91196506312085,33.66700307533341,1.0000000000000002,-0.7597637477116708,5.330920390551976,-85.29058512329583
204.9163207993016,33.67638237937405,1.0000000000000004,-0.7590538929910933,5.331312448361865,-85.27816677198683
204.92067787246194,33.68576140288841,1.0000000000000004,-0.7583438750324163,5.331704317880525,-85.2657453669355
204.92503628325022,33.69514014574411,1.0000000000000004,-0.7576336937903099,5.33209599903245,-85.25332091070318
204.92939603231522,33.70451860780882,1.0000000000000004,-0.7569233492194201,5.332487491742098,-85.24089340585124
204.93375712030607,33.71389678894994,1.0000000000000004,-0.7562128412743707,5.332878795933888,-85.22846285494113
204.93811954787228,33.72327468903485,1.0000000000000004,-0.7555021699097786,5.333269911532208,-85.21602926053419
204.94248331566374,33.732652307930834,1.0000000000000002,-0.7547913350802071,5.333660838461397,-85.20359262519182
204.9468484243307,33.74202964550503,1.0000000000000004,-0.7540803367402358,5.334051576645764,-85.19115295147543
204.95121487452397,33.75140670162459,1.0000000000000004,-0.7533691748443854,5.334442126009577,-85.17871024194638
204.95558266689451,33.76078347615649,1.0000000000000004,-0.7526578493471803,5.334832486477067,-85.16626449916605
204.95995180209385,33.77015996896762,1.0000000000000004,-0.751946360203104,5.335222657972429,-85.15381572569584
204.96432228077384,33.779536179924776,1.0000000000000007,-0.7512347073666401,5.335612640419808,-85.14136392409716
204.9686941035867,33.78891210889467,1.0000000000000004,-0.7505228907922206,5.336002433743332,-85.12890909693134
204.9730672711851,33.79828775574392,1.0000000000000004,-0.7498109104342712,5.336392037867078,-85.11645124675982
204.977441784222,33.80766312033897,1.0000000000000007,-0.7490987662472026,5.3367814527150745,-85.10399037614404
204.98181764335092,33.81703820254638,1.0000000000000004,-0.7483864581853901,5.337170678211338,-85.0915264876453
204.9861948492256,33.8264130022324,1.0000000000000004,-0.7476739862032034,5.337559714279823,-85.07905958382499
204.99057340250027,33.83578751926327,1.0000000000000004,-0.7469613502549572,5.33794856084446,-85.0665896672445
204.9949533038295,33.84516175350513,1.0000000000000004,-0.7462485502949825,5.338337217829133,-85.05411674046526
204.99933455386832,33.854535704824,1.0000000000000004,-0.7455355862775503,5.33872568515769,-85.04164080604863
205.00371715327205,33.863909373085846,1.0000000000000004,-0.744822458156956,5.3391139627539435,-85.02916186655602
205.00810110269646,33.873282758156456,1.0000000000000004,-0.7441091658874246,5.339502050541666,-85.01667992454881
205.01248640279778,33.882655859901675,1.0000000000000004,-0.7433957094231811,5.339889948444585,-85.00419498258834
205.01687305423255,33.892028678187145,1.0000000000000004,-0.742682088718432,5.340277656386407,-84.99170704323605
205.0212610576577,33.901401212878376,1.0000000000000004,-0.7419683037273561,5.340665174290774,-84.97921610905333
205.0256504137306,33.910773463840876,1.0000000000000004,-0.7412543544041039,5.3410525020813155,-84.96672218260153
205.03004112310893,33.92014543093993,1.0000000000000004,-0.7405402407028134,5.34143963968161,-84.95422526644211
205.03443318645085,33.92951711404095,1.0000000000000004,-0.739825962577604,5.341826587015193,-84.94172536313638
205.03882660441494,33.93888851300902,1.0000000000000004,-0.739111519982548,5.342213344005567,-84.92922247524577
205.04322137766007,33.948259627709234,1.0000000000000004,-0.7383969128717283,5.342599910576198,-84.91671660533163
205.04761750684557,33.957630458006584,1.0000000000000002,-0.7376821411991736,5.342986286650514,-84.90420775595538
205.05201499263117,33.967001003765965,1.0000000000000004,-0.7369672049189164,5.343372472151897,-84.89169592967843
205.05641383567692,33.97637126485213,1.0000000000000004,-0.7362521039849561,5.343758467003693,-84.8791811290621
205.0608140366434,33.985741241129766,1.0000000000000004,-0.7355368383512584,5.344144271129212,-84.86666335666784
205.06521559619148,33.99511093246356,1.0000000000000002,-0.7348214079718005,5.344529884451731,-84.85414261505703
205.06961851498244,34.004480338717926,1.0000000000000002,-0.7341058128004869,5.3449153068944675,-84.84161890679101
205.074022793678,34.01384945975731,1.0000000000000007,-0.7333900527912425,5.345300538380619,-84.82909223443124
205.07842843294026,34.023218295446,1.0000000000000002,-0.7326741278979556,5.345685578833344,-84.81656260053904
205.08283543343165,34.032586845648154,1.0000000000000004,-0.7319580380744934,5.346070428175747,-84.80403000767586
205.0872437958151,34.04195511022799,1.0000000000000004,-0.7312417832746894,5.346455086330914,-84.79149445840302
205.09165352075394,34.05132308904947,1.0000000000000004,-0.7305253634523616,5.346839553221869,-84.77895595528194
205.09606460891175,34.06069078197649,1.0000000000000004,-0.7298087785613241,5.347223828771616,-84.76641450087406
205.10047706095267,34.07005818887291,1.0000000000000004,-0.7290920285553346,5.347607912903117,-84.75387009774072
205.10489087754115,34.07942530960244,1.0000000000000002,-0.7283751133881635,5.347991805539287,-84.74132274844324
205.10930605934212,34.08879214402868,1.0000000000000004,-0.727658033013519,5.348375506602998,-84.72877245554315
205.11372260702078,34.09815869201513,1.0000000000000002,-0.7269407873851303,5.348759016017099,-84.71621922160173
205.11814052124282,34.10752495342532,1.0000000000000004,-0.7262233764566748,5.349142333704391,-84.70366304918039
205.12255980267437,34.11689092812252,1.0000000000000004,-0.7255058001818151,5.349525459587631,-84.69110394084053
205.1269804519819,34.12625661596998,1.0000000000000004,-0.7247880585141857,5.349908393589542,-84.67854189914355
205.1314024698322,34.13562201683082,1.0000000000000004,-0.7240701514074193,5.350291135632812,-84.66597692665084
205.1358258568926,34.14498713056804,1.0000000000000004,-0.7233520788150996,5.350673685640086,-84.65340902592378
205.1402506138308,34.15435195704466,1.0000000000000007,-0.722633840690813,5.351056043533958,-84.64083819952373
205.14467674131487,34.1637164961235,1.0000000000000002,-0.7219154369880991,5.351438209236996,-84.62826445001207
205.14910424001323,34.17308074766729,1.0000000000000004,-0.7211968676604883,5.35182018267174,-84.61568777995026
205.15353311059482,34.18244471153867,1.0000000000000004,-0.7204781326614889,5.352201963760659,-84.60310819189966
205.15796335372886,34.191808387600204,1.0000000000000007,-0.7197592319445922,5.352583552426209,-84.59052568842162
205.16239497008513,34.20117177571433,1.0000000000000002,-0.7190401654632472,5.352964948590793,-84.57794027207751
205.1668279603336,34.210534875743335,1.0000000000000004,-0.7183209331708991,5.353346152176775,-84.56535194542883
205.17126232514482,34.21989768754958,1.0000000000000004,-0.7176015350209672,5.3537271631064876,-84.55276071103687
205.17569806518966,34.229260210995186,1.0000000000000004,-0.7168819709668428,5.354107981302222,-84.54016657146305
205.1801351811394,34.23862244594219,1.0000000000000004,-0.7161622409619044,5.35448860668622,-84.52756952926877
205.18457367366582,34.24798439225254,1.0000000000000004,-0.7154423449594836,5.35486903918069,-84.51496958701537
205.18901354344092,34.257346049788104,1.0000000000000004,-0.7147222829129314,5.355249278707801,-84.5023667472643
205.19345479113724,34.2667074184106,1.0000000000000004,-0.7140020547755332,5.355629325189687,-84.48976101257688
205.1978974174277,34.27606849798175,1.0000000000000004,-0.7132816605005781,5.356009178548436,-84.47715238551457
205.2023414229856,34.2854292883631,1.0000000000000004,-0.712561100041329,5.356388838706095,-84.46454086863872
205.20678680848462,34.294789789416086,1.0000000000000004,-0.711840373351019,5.356768305584674,-84.45192646451073
205.21123357459896,34.30415000100208,1.0000000000000004,-0.7111194803828633,5.357147579106139,-84.43930917569196
205.21568172200307,34.313509922982334,1.0000000000000002,-0.7103984210900673,5.357526659192424,-84.4266890047438
205.2201312513719,34.32286955521798,1.0000000000000004,-0.7096771954257797,5.35790554576542,-84.41406595422768
205.22458216338083,34.332228897570154,1.0000000000000002,-0.7089558033431587,5.358284238746974,-84.40144002670496
205.22903445870557,34.34158794989979,1.0000000000000004,-0.7082342447953289,5.358662738058891,-84.38881122473707
205.23348813802227,34.35094671206772,1.0000000000000004,-0.7075125197354026,5.359041043622938,-84.37617955088533
205.2379432020075,34.36030518393474,1.0000000000000004,-0.7067906281164422,5.359419155360858,-84.36354500771115
205.2423996513382,34.369663365361504,1.0000000000000004,-0.7060685698915234,5.359797073194329,-84.35090759777596
205.24685748669177,34.37902125620856,1.0000000000000004,-0.7053463450136652,5.360174797045001,-84.33826732364108
205.2513167087459,34.388378856336345,1.0000000000000004,-0.7046239534358998,5.360552326834489,-84.32562418786796
205.2557773181789,34.39773616560529,1.0000000000000004,-0.703901395111199,5.360929662484351,-84.31297819301794
205.2602393156693,34.40709318387563,1.0000000000000004,-0.7031786699925417,5.361306803916116,-84.30032934165239
205.26470270189608,34.41644991100753,1.0000000000000004,-0.7024557780328813,5.361683751051281,-84.2876776363328
205.2691674775387,34.425806346861044,1.0000000000000004,-0.701732719185121,5.362060503811283,-84.27502307962045
205.2736336432769,34.43516249129606,1.0000000000000007,-0.7010094934021867,5.36243706211753,-84.26236567407682
205.27810119979102,34.44451834417259,1.0000000000000004,-0.7002861006369274,5.362813425891392,-84.2497054222632
205.28257014776162,34.4538739053503,1.0000000000000004,-0.6995625408422246,5.363189595054188,-84.23704232674105
205.28704048786975,34.463229174688884,1.0000000000000004,-0.6988388139709043,5.363565569527217,-84.22437639007175
205.29151222079685,34.47258415204786,1.0000000000000004,-0.6981149199757759,5.3639413492317,-84.21170761481666
205.2959853472248,34.48193883728673,1.0000000000000004,-0.6973908588096336,5.364316934088866,-84.19903600353719
205.30045986783594,34.491293230264816,1.0000000000000004,-0.6966666304252387,5.364692324019862,-84.18636155879472
205.30493578331283,34.50064733084134,1.0000000000000004,-0.6959422347753348,5.365067518945819,-84.1736842831506
205.30941309433868,34.51000113887556,1.0000000000000004,-0.6952176718126459,5.365442518787812,-84.16100417916633
205.31389180159692,34.51935465422647,1.0000000000000004,-0.6944929414898802,5.365817323466888,-84.14832124940315
205.31837190577153,34.52870787675304,1.0000000000000004,-0.6937680437596994,5.366191932904043,-84.13563549642255
205.3228534075468,34.538060806314085,1.0000000000000004,-0.6930429785747609,5.366566347020236,-84.12294692278591
205.32733630760742,34.547413442768345,1.0000000000000004,-0.6923177458877134,5.366940565736395,-84.11025553105462
205.33182060663867,34.55676578597455,1.0000000000000004,-0.6915923456511486,5.367314588973381,-84.09756132378999
205.33630630532605,34.56611783579119,1.0000000000000004,-0.6908667778176545,5.367688416652043,-84.0848643035535
205.34079340435554,34.57546959207672,1.0000000000000002,-0.6901410423398078,5.368062048693175,-84.07216447290646
205.34528190441353,34.58482105468949,1.0000000000000004,-0.6894151391701415,5.368435485017534,-84.05946183441033
205.3497718061868,34.59417222348773,1.0000000000000002,-0.6886890682611808,5.368808725545829,-84.04675639062646
205.3542631103626,34.60352309832959,1.0000000000000004,-0.6879628295654259,5.369181770198732,-84.0340481441163
205.35875581762858,34.61287367907303,1.0000000000000004,-0.6872364230353405,5.369554618896876,-84.0213370974411
205.3632499286728,34.622223965576126,1.0000000000000004,-0.6865098486233858,5.369927271560858,-84.00862325316238
205.36774544418364,34.63157395769663,1.0000000000000002,-0.6857831062819946,5.37029972811122,-83.99590661384147
205.37224236485005,34.6409236552923,1.0000000000000004,-0.6850561959635613,5.370671988468471,-83.98318718203977
205.3767406913613,34.65027305822073,1.0000000000000004,-0.684329117620492,5.371044052553081,-83.97046496031868
205.3812404244071,34.65962216633949,1.0000000000000004,-0.6836018712051333,5.371415920285475,-83.95773995123955
205.38574156467752,34.66897097950591,1.0000000000000004,-0.6828744566698433,5.371787591586035,-83.94501215736385
205.39024411286317,34.67831949757744,1.0000000000000004,-0.6821468739669205,5.372159066375105,-83.93228158125282
205.394748069655,34.68766772041124,1.0000000000000004,-0.6814191230486655,5.372530344572989,-83.91954822546799
205.39925343574433,34.69701564786443,1.0000000000000004,-0.6806912038673634,5.372901426099945,-83.90681209257069
205.403760211823,34.706363279794026,1.0000000000000004,-0.679963116375256,5.373272310876192,-83.89407318512234
205.40826839858317,34.715710616056924,1.0000000000000002,-0.6792348605245735,5.373642998821907,-83.88133150568424
205.41277799671744,34.7250576565099,1.0000000000000004,-0.6785064362675266,5.374013489857222,-83.86858705681789
205.4172890069189,34.73440440100975,1.0000000000000004,-0.6777778435562896,5.374383783902244,-83.85583984108463
205.42180142988101,34.74375084941301,1.0000000000000004,-0.6770490823430357,5.374753880877011,-83.84308986104584
205.42631526629762,34.75309700157621,1.0000000000000004,-0.676320152579895,5.37512378070154,-83.83033711926288
205.430830516863,34.76244285735573,1.0000000000000004,-0.6755910542189909,5.375493483295805,-83.81758161829721
205.4353471822719,34.77178841660785,1.0000000000000004,-0.674861787212409,5.375862988579721,-83.80482336071016
205.43986526321945,34.78113367918877,1.0000000000000007,-0.6741323515122275,5.376232296473188,-83.79206234906317
205.4443847604011,34.790478644954526,1.0000000000000007,-0.6734027470705044,5.376601406896043,-83.77929858591759
205.44890567451296,34.799823313761195,1.0000000000000004,-0.6726729738392461,5.376970319768089,-83.7665320738348
205.45342800625136,34.80916768546461,1.0000000000000004,-0.6719430317704722,5.377339035009087,-83.75376281537622
205.45795175631307,34.818511759920526,1.0000000000000002,-0.6712129208161652,5.377707552538755,-83.74099081310318
205.46247692539535,34.82785553698464,1.0000000000000004,-0.6704826409282783,5.378075872276767,-83.72821606957714
205.46700351419585,34.83719901651245,1.0000000000000004,-0.6697521920587439,5.378443994142764,-83.71543858735944
205.4715315234126,34.846542198359536,1.0000000000000004,-0.6690215741594967,5.378811918056337,-83.7026583690115
205.47606095374417,34.85588508238117,1.0000000000000004,-0.6682907871824098,5.379179643937032,-83.6898754170947
205.4805918058894,34.86522766843263,1.0000000000000004,-0.6675598310793642,5.379547171704359,-83.67708973417042
205.48512408054762,34.87456995636907,1.0000000000000004,-0.6668287058022067,5.379914501277791,-83.66430132279999
205.48965777841863,34.88391194604552,1.0000000000000004,-0.6660974113027542,5.380281632576742,-83.65151018554494
205.49419290020256,34.89325363731694,1.0000000000000004,-0.665365947532818,5.3806485655206036,-83.63871632496652
205.4987294466,34.9025950300381,1.0000000000000002,-0.6646343144441893,5.381015300028715,-83.62591974362617
205.50326741831205,34.91193612406382,1.0000000000000004,-0.6639025119885984,5.381381836020364,-83.61312044408531
205.50780681604007,34.92127691924871,1.0000000000000004,-0.6631705401178065,5.381748173414822,-83.60031842890531
205.51234764048596,34.93061741544726,1.0000000000000004,-0.6624383987835207,5.382114312131286,-83.5875137006475
205.51688989235205,34.9399576125139,1.0000000000000004,-0.6617060879374153,5.382480252088934,-83.57470626187336
205.52143357234095,34.949297510302884,1.0000000000000004,-0.660973607531183,5.3828459932068915,-83.56189611514424
205.52597868115586,34.958637108668526,1.0000000000000004,-0.6602409575164607,5.383211535404252,-83.54908326302149
205.5305252195004,34.967976407464896,1.0000000000000004,-0.6595081378448704,5.383576878600055,-83.53626770806656
