galstreams/tracks/track.st.Svol.ibata2020.ecsv
# %ECSV 0.9
# ---
# datatype:
# - {name: ra, unit: deg, datatype: float64}
# - {name: dec, unit: deg, datatype: float64}
# - {name: distance, unit: kpc, datatype: float64}
# - {name: pm_ra_cosdec, unit: mas / yr, datatype: float64}
# - {name: pm_dec, unit: mas / yr, datatype: float64}
# - {name: radial_velocity, unit: km / s, datatype: float64}
# delimiter: ','
# meta: !!omap
# - __serialized_columns__:
#     dec:
#       __class__: astropy.coordinates.angles.Latitude
#       unit: &id001 !astropy.units.Unit {unit: deg}
#       value: !astropy.table.SerializedColumn {name: dec}
#     distance:
#       __class__: astropy.coordinates.distances.Distance
#       unit: !astropy.units.Unit {unit: kpc}
#       value: !astropy.table.SerializedColumn {name: distance}
#     pm_dec:
#       __class__: astropy.units.quantity.Quantity
#       unit: !astropy.units.Unit {unit: mas / yr}
#       value: !astropy.table.SerializedColumn {name: pm_dec}
#     pm_ra_cosdec:
#       __class__: astropy.units.quantity.Quantity
#       unit: !astropy.units.Unit {unit: mas / yr}
#       value: !astropy.table.SerializedColumn {name: pm_ra_cosdec}
#     ra:
#       __class__: astropy.coordinates.angles.Longitude
#       unit: *id001
#       value: !astropy.table.SerializedColumn {name: ra}
#       wrap_angle: !astropy.coordinates.Angle
#         unit: *id001
#         value: 360.0
#     radial_velocity:
#       __class__: astropy.units.quantity.Quantity
#       unit: !astropy.units.Unit {unit: km / s}
#       value: !astropy.table.SerializedColumn {name: radial_velocity}
# schema: astropy-2.0
ra,dec,distance,pm_ra_cosdec,pm_dec,radial_velocity
[from data line 141]
247.5757908520406,24.33508331742937,6.621535209956255,3.7331293662722276,-6.745963715985901,3.368306851948935e-14
247.75410187794293,24.27799641345125,6.61261007529239,3.755385528505442,-6.772575578855242,3.368306851948935e-14
247.93236503343547,24.220975913145132,6.603781844728523,3.7775357784566213,-6.799085709844258,5.0524602779234026e-14
248.1105854849869,24.164032308034248,6.595050386033318,3.79957757708211,-6.82548856588461,1.6841534259744676e-14
248.2887684453092,24.107176070422863,6.586415566975436,3.821508406949822,-6.851778594193719,1.6841534259744676e-14
248.46691917287603,24.05041765338443,6.577877255323545,3.8433257721693206,-6.8779502323926796,5.0524602779234026e-14
248.64504297144964,23.993767490751814,6.569435318846313,3.8650271983232094,-6.903997908621915,-5.0524602779234026e-14
248.82314518961653,23.93723599710937,6.561089625312401,3.8866102323997582,-6.929916041654602,6.73661370389787e-14
249.00123122033096,23.88083356778697,6.552840042490477,3.9080724427268065,-6.955699041007938,5.0524602779234026e-14
249.17930650046787,23.82457057885593,6.544686438149202,3.9294114189067604,-6.981341307052375,3.368306851948935e-14
249.35737651038323,23.76845738712672,6.536628680057244,3.9506247717527514,-7.006837231118842,-5.0524602779234026e-14
249.53544677348313,23.712504330148548,6.52866663598327,3.9717101332258746,-7.0321811956040845,3.368306851948935e-14
249.71352285580087,23.656721726210716,6.520800173695939,3.99266515637345,-7.05736757407414,1.6841534259744676e-14
249.89161036558266,23.601119874345727,6.513029160963921,4.013487515268219,-7.082390731366086,-1.6841534259744676e-14
250.0697149528809,23.5457090543341,6.50535346555588,4.034174904948518,-7.107245023688086,3.368306851948935e-14
250.2478423091557,23.490499526710995,6.49777295524048,4.054725041359298,-7.131924798717844,1.6841534259744676e-14
250.42599816688443,23.435501532774346,6.490287497786389,4.075135661293966,-7.156424395699511,3.368306851948935e-14
250.60418829917907,23.38072529459485,6.482896960962267,4.09540452233702,-7.180738145539159,5.0524602779234026e-14
250.7824185194114,23.32618101502738,6.475601212536785,4.115529402807384,-7.204860370898834,5.0524602779234026e-14
250.96069468084602,23.271878877724188,6.468400120278603,4.135508101702422,-7.228785386289321,0.0
251.1390226762809,23.21782904714955,6.4612935519563885,4.155338438642581,-7.25250749816167,3.368306851948935e-14
251.31740843769535,23.16404166859607,6.454281375338806,4.175018253816599,-7.27602100499752,3.368306851948935e-14
251.49585793590612,23.11052686820247,6.44736345819452,4.194545407927243,-7.299320197398357,1.6841534259744676e-14
251.67437718023038,23.05729475297288,6.440539668292196,4.213917782137502,-7.322399358173724,-3.368306851948935e-14
251.85297221815622,23.004355410797675,6.433809873400502,4.233133278017228,-7.345252762428446,-3.368306851948935e-14
252.03164913502064,22.95171891047576,6.427173941288099,4.252189817490156,-7.3678746776490005,-1.6841534259744676e-14
252.21041405369428,22.89939530173827,6.420631739723651,4.271085342781236,-7.390259363789001,5.0524602779234026e-14
252.38927313427394,22.8473946152738,6.414183136475827,4.289817816364276,-7.4124010733539505,-5.0524602779234026e-14
252.56823257378184,22.795726862754908,6.407827999313291,4.308385220909809,-7.434294051485274,-1.6841534259744676e-14
252.74729860587166,22.744402036866155,6.401566196004708,4.326785559233182,-7.4559325360436945,5.0524602779234026e-14
252.92647750054195,22.6934301113334,6.395397594318742,4.345016854242803,-7.4773107576920514,-1.6841534259744676e-14
253.1057755638562,22.642821040954523,6.389322062024058,4.363077148888481,-7.498422939977571,5.0524602779234026e-14
253.28519913766962,22.59258476163144,6.383339466889322,4.380964506109895,-7.51926329941366,1.6841534259744676e-14
253.4647545993629,22.54273119040348,6.3774496766832,4.398677008785079,-7.5398260455613375,6.73661370389787e-14
253.64444836158228,22.49327022548199,6.371652559174354,4.416212759678935,-7.560105381110244,5.0524602779234026e-14
253.82428687198677,22.444211746286296,6.365947982131452,4.433569881391719,-7.5800955019594,3.368306851948935e-14
254.00427661300128,22.395565613480816,6.360335813323159,4.450746516307497,-7.599790597297694,8.420767129872338e-14
254.18442410157664,22.347341669013577,6.354815920518136,4.467740826542512,-7.619184849684151,1.6841534259744676e-14
254.3647358889562,22.299549736155733,6.349388171485053,4.484550993893443,-7.6382724351281,1.6841534259744676e-14
254.5452185604483,22.252199619542495,6.344052433992573,4.501175219785585,-7.657047523169181,1.6841534259744676e-14
254.72587873520553,22.205301105215106,6.338808575809361,4.517611725220837,-7.67550427695734,-3.368306851948935e-14
254.90672306601027,22.15886396066399,6.333656464704083,4.533858750725562,-7.693636853332771,3.368306851948935e-14
255.08775823906606,22.11289793487312,6.328595968445403,4.549914556298277,-7.711439402905928,6.73661370389787e-14
255.2689909737957,22.067412758365403,6.323626954801986,4.565777421357151,-7.728906070137557,3.368306851948935e-14
255.4504280226454,22.022418143249215,6.318749291542497,4.581445644687316,-7.746030993418893,-1.6841534259744676e-14
255.63207617089492,21.977923783266018,6.313962846435603,4.596917544387993,-7.762808305151952,1.0104920555846805e-13
255.81394223647376,21.93393935383901,6.309267487249965,4.612191457819427,-7.77923213183003,-1.6841534259744676e-14
255.9960330697841,21.890474512122747,6.304663081754252,4.627265741549605,-7.7952965941184145,-1.6841534259744676e-14
256.17835555352895,21.84753889705393,6.300149497717126,4.642138771300841,-7.810995806935344,6.73661370389787e-14
256.360916602547,21.805142129402988,6.295726602907258,4.6568089418961325,-7.826323879533223,-3.368306851948935e-14
256.5437231636533,21.763293811826713,6.291394265093306,4.671274667205417,-7.841274915580188,5.0524602779234026e-14
256.7267822154862,21.72200352892184,6.287152352043938,4.685534380091632,-7.855843013241957,3.368306851948935e-14
256.91010076836,21.681280847279456,6.283000731527817,4.699586532356715,-7.870022265264059,-1.6841534259744676e-14
257.09368586412415,21.641135315540303,6.278939271313612,4.713429594687483,-7.883806759054436,-6.73661370389787e-14
257.2775445760282,21.601576464451004,6.274967839169985,4.727062056601459,-7.8971905767664605,5.0524602779234026e-14
257.4616840085927,21.562613806920954,6.271086302865603,4.7404824263927114,-7.910167795382343,5.0524602779234026e-14
257.6461112974872,21.524256838080152,6.2672945301691305,4.7536892310776775,-7.9227324867970035,1.6841534259744676e-14
257.83083360941293,21.486515035337625,6.263592388849231,4.766681016341081,-7.934878717902363,5.0524602779234026e-14
258.0158581419931,21.449397858440687,6.259979746674571,4.779456346481984,-7.946600550672133,8.420767129872338e-14
