galstreams/tracks/track.po.PS1-A.bernard2016.ecsv
# %ECSV 0.9
# ---
# datatype:
# - {name: ra, unit: deg, datatype: float64}
# - {name: dec, unit: deg, datatype: float64}
# - {name: distance, unit: kpc, datatype: float64}
# - {name: pm_ra_cosdec, unit: mas / yr, datatype: float64}
# - {name: pm_dec, unit: mas / yr, datatype: float64}
# - {name: radial_velocity, unit: km / s, datatype: float64}
# delimiter: ','
# meta: !!omap
# - __serialized_columns__:
#     dec:
#       __class__: astropy.coordinates.angles.Latitude
#       unit: &id001 !astropy.units.Unit {unit: deg}
#       value: !astropy.table.SerializedColumn {name: dec}
#     distance:
#       __class__: astropy.coordinates.distances.Distance
#       unit: !astropy.units.Unit {unit: kpc}
#       value: !astropy.table.SerializedColumn {name: distance}
#     pm_dec:
#       __class__: astropy.units.quantity.Quantity
#       unit: !astropy.units.Unit {unit: mas / yr}
#       value: !astropy.table.SerializedColumn {name: pm_dec}
#     pm_ra_cosdec:
#       __class__: astropy.units.quantity.Quantity
#       unit: !astropy.units.Unit {unit: mas / yr}
#       value: !astropy.table.SerializedColumn {name: pm_ra_cosdec}
#     ra:
#       __class__: astropy.coordinates.angles.Longitude
#       unit: *id001
#       value: !astropy.table.SerializedColumn {name: ra}
#       wrap_angle: !astropy.coordinates.Angle
#         unit: *id001
#         value: 360.0
#     radial_velocity:
#       __class__: astropy.units.quantity.Quantity
#       unit: !astropy.units.Unit {unit: km / s}
#       value: !astropy.table.SerializedColumn {name: radial_velocity}
# schema: astropy-2.0
ra,dec,distance,pm_ra_cosdec,pm_dec,radial_velocity
28.385123895654047,-6.497929446580384,7.900000000000005,0.0,0.0,0.0
28.39395308644101,-6.4749220988971885,7.900000000000001,0.0,0.0,0.0
28.402781472511833,-6.451914598777914,7.8999999999999995,0.0,0.0,0.0
28.411609056817912,-6.428906946782758,7.8999999999999995,0.0,0.0,0.0
28.420435842309725,-6.405899143471508,7.899999999999997,0.0,0.0,0.0
28.429261831936714,-6.382891189403963,7.899999999999998,0.0,0.0,0.0
28.438087028647406,-6.359883085139575,7.899999999999998,0.0,0.0,0.0
28.446911435389374,-6.336874831237597,7.899999999999999,0.0,0.0,0.0
28.455735055109155,-6.313866428257253,7.8999999999999995,0.0,0.0,0.0
28.46455789075241,-6.290857876757359,7.899999999999999,0.0,0.0,0.0
28.47337994526377,-6.267849177296752,7.8999999999999995,0.0,0.0,0.0
28.48220122158697,-6.244840330433922,7.900000000000001,0.0,0.0,0.0
28.491021722664815,-6.221831336727164,7.9,0.0,0.0,0.0
28.49984145143909,-6.198822196734751,7.900000000000001,0.0,0.0,0.0
28.508660410850705,-6.175812911014597,7.900000000000002,0.0,0.0,0.0
28.517478603839646,-6.152803480124438,7.900000000000001,0.0,0.0,0.0
28.526296033344885,-6.129793904621976,7.900000000000001,0.0,0.0,0.0
28.535112702304566,-6.106784185064519,7.900000000000002,0.0,0.0,0.0
28.543928613655815,-6.083774322009398,7.900000000000001,0.0,0.0,0.0
28.55274377033491,-6.060764316013602,7.900000000000001,0.0,0.0,0.0
28.561558175277195,-6.037754167633935,7.900000000000001,0.0,0.0,0.0
28.570371831417056,-6.014743877427178,7.900000000000001,0.0,0.0,0.0
28.579184741688035,-5.991733445949713,7.900000000000002,0.0,0.0,0.0
28.58799690902271,-5.968722873757959,7.900000000000002,0.0,0.0,0.0
28.596808336352787,-5.94571216140799,7.900000000000002,0.0,0.0,0.0
28.605619026609098,-5.922701309455703,7.900000000000001,0.0,0.0,0.0
28.614428982721506,-5.899690318456968,7.900000000000001,0.0,0.0,0.0
28.623238207619053,-5.876679188967268,7.900000000000002,0.0,0.0,0.0
28.632046704229847,-5.853667921542126,7.900000000000002,0.0,0.0,0.0
28.64085447548114,-5.830656516736717,7.900000000000002,0.0,0.0,0.0
28.64966152429932,-5.807644975106046,7.9,0.0,0.0,0.0
28.65846785360982,-5.784633297205102,7.9,0.0,0.0,0.0
28.667273466337274,-5.761621483588532,7.900000000000002,0.0,0.0,0.0
28.676078365405445,-5.738609534810819,7.900000000000002,0.0,0.0,0.0
28.68488255373718,-5.715597451426424,7.9,0.0,0.0,0.0
28.693686034254515,-5.6925852339894245,7.900000000000001,0.0,0.0,0.0
28.702488809878563,-5.669572883053939,7.900000000000003,0.0,0.0,0.0
28.711290883529646,-5.646560399173753,7.900000000000003,0.0,0.0,0.0
28.720092258127238,-5.6235477829024845,7.900000000000003,0.0,0.0,0.0
28.728892936589887,-5.600535034793737,7.900000000000005,0.0,0.0,0.0
28.73769292183539,-5.577522155400734,7.900000000000005,0.0,0.0,0.0
28.74649221678061,-5.554509145276742,7.900000000000005,0.0,0.0,0.0
28.75529082434166,-5.531496004974701,7.900000000000006,0.0,0.0,0.0
28.764088747433796,-5.508482735047383,7.900000000000006,0.0,0.0,0.0
28.772885988971378,-5.485469336047554,7.900000000000006,0.0,0.0,0.0
28.781682551868048,-5.4624558085276,7.900000000000006,0.0,0.0,0.0
28.790478439036512,-5.4394421530399555,7.900000000000004,0.0,0.0,0.0
28.79927365338875,-5.416428370136729,7.900000000000006,0.0,0.0,0.0
28.808068197835897,-5.39341446036987,7.900000000000006,0.0,0.0,0.0
28.816862075288224,-5.37040042429132,7.900000000000007,0.0,0.0,0.0
28.825655288655295,-5.347386262452651,7.900000000000005,0.0,0.0,0.0
28.834447840845755,-5.324371975405478,7.900000000000005,0.0,0.0,0.0
28.84323973476754,-5.301357563701103,7.900000000000006,0.0,0.0,0.0
28.852030973327757,-5.278343027890664,7.900000000000006,0.0,0.0,0.0
28.860821559432686,-5.255328368525303,7.900000000000005,0.0,0.0,0.0
28.869611495987865,-5.232313586155841,7.900000000000005,0.0,0.0,0.0
28.878400785898044,-5.20929868133294,7.900000000000005,0.0,0.0,0.0
28.887189432067135,-5.186283654607268,7.900000000000004,0.0,0.0,0.0
28.895977437398333,-5.163268506529122,7.900000000000005,0.0,0.0,0.0
28.904764804794006,-5.140253237648855,7.900000000000004,0.0,0.0,0.0
28.913551537155787,-5.117237848516507,7.900000000000005,0.0,0.0,0.0
28.922337637384544,-5.0942223396819655,7.900000000000004,0.0,0.0,0.0
28.93112310838034,-5.071206711695118,7.900000000000004,0.0,0.0,0.0
28.93990795304251,-5.048190965105495,7.900000000000003,0.0,0.0,0.0
28.948692174269606,-5.025175100462678,7.900000000000003,0.0,0.0,0.0
28.95747577495944,-5.0021591183159435,7.900000000000002,0.0,0.0,0.0
28.966258758009108,-4.979143019214423,7.900000000000002,0.0,0.0,0.0
28.975041126314864,-4.956126803707242,7.900000000000003,0.0,0.0,0.0
28.98382288277233,-4.933110472343178,7.900000000000004,0.0,0.0,0.0
28.992604030276294,-4.91009402567107,7.900000000000002,0.0,0.0,0.0
29.00138457172085,-4.887077464239442,7.900000000000003,0.0,0.0,0.0
29.010164509999395,-4.86406078859668,7.900000000000003,0.0,0.0,0.0
29.018943848004508,-4.841043999291179,7.900000000000003,0.0,0.0,0.0
29.027722588628112,-4.818027096871029,7.900000000000003,0.0,0.0,0.0
29.036500734761407,-4.795010081884178,7.900000000000003,0.0,0.0,0.0
29.045278289294817,-4.771992954878584,7.900000000000002,0.0,0.0,0.0
29.054055255118108,-4.748975716401854,7.900000000000003,0.0,0.0,0.0
29.062831635120293,-4.725958367001658,7.900000000000002,0.0,0.0,0.0
29.0716074321897,-4.702940907225377,7.900000000000003,0.0,0.0,0.0
29.080382649213984,-4.679923337620236,7.900000000000003,0.0,0.0,0.0
29.089157289080013,-4.656905658733488,7.900000000000003,0.0,0.0,0.0
29.09793135467405,-4.633887871112034,7.900000000000004,0.0,0.0,0.0
29.106704848881574,-4.61086997530284,7.900000000000004,0.0,0.0,0.0
29.11547777458745,-4.587851971852585,7.900000000000003,0.0,0.0,0.0
29.124250134675837,-4.564833861307801,7.900000000000005,0.0,0.0,0.0
29.133021932030164,-4.541815644215047,7.900000000000004,0.0,0.0,0.0
29.141793169533255,-4.518797321120532,7.900000000000005,0.0,0.0,0.0
29.150563850067172,-4.495778892570544,7.900000000000005,0.0,0.0,0.0
29.159333976513377,-4.472760359111073,7.900000000000006,0.0,0.0,0.0
29.168103551752644,-4.449741721287978,7.900000000000006,0.0,0.0,0.0
29.17687257866505,-4.426722979647142,7.900000000000006,0.0,0.0,0.0
29.185641060130052,-4.4037041347341,7.900000000000007,0.0,0.0,0.0
29.1944089990264,-4.380685187094476,7.900000000000006,0.0,0.0,0.0
29.203176398232237,-4.3576661372735925,7.900000000000007,0.0,0.0,0.0
29.211943260625034,-4.33464698581665,7.9000000000000075,0.0,0.0,0.0
29.220709589081594,-4.311627733268874,7.900000000000007,0.0,0.0,0.0
29.229475386478104,-4.2886083801752015,7.900000000000007,0.0,0.0,0.0
29.238240655690127,-4.265588927080444,7.9000000000000075,0.0,0.0,0.0
29.247005399592506,-4.242569374529438,7.9000000000000075,0.0,0.0,0.0
29.255769621059564,-4.219549723066691,7.900000000000008,0.0,0.0,0.0
29.264533322964887,-4.196529973236784,7.9000000000000075,0.0,0.0,0.0
29.2732965081815,-4.173510125584003,7.9000000000000075,0.0,0.0,0.0
29.282059179581786,-4.150490180652596,7.900000000000008,0.0,0.0,0.0
29.290821340037503,-4.127470138986669,7.9000000000000075,0.0,0.0,0.0
29.299582992419793,-4.104450001130205,7.900000000000008,0.0,0.0,0.0
29.30834413959919,-4.081429767627064,7.9000000000000075,0.0,0.0,0.0
29.31710478444563,-4.0584094390209815,7.9000000000000075,0.0,0.0,0.0
29.325864929828395,-4.035389015855575,7.900000000000007,0.0,0.0,0.0
29.334624578616225,-4.012368498674338,7.9000000000000075,0.0,0.0,0.0
29.343383733677232,-3.9893478880206454,7.900000000000007,0.0,0.0,0.0
29.35214239787892,-3.9663271844377515,7.900000000000006,0.0,0.0,0.0
29.360900574088227,-3.9433063884687947,7.900000000000007,0.0,0.0,0.0
29.36965826517149,-3.920285500656792,7.900000000000007,0.0,0.0,0.0
29.378415473994455,-3.897264521544644,7.9000000000000075,0.0,0.0,0.0
29.38717220342229,-3.874243451675138,7.900000000000006,0.0,0.0,0.0
29.395928456319588,-3.851222291590942,7.900000000000007,0.0,0.0,0.0
29.404684235550377,-3.828201041834608,7.900000000000006,0.0,0.0,0.0
29.413439543978097,-3.8051797029485774,7.900000000000006,0.0,0.0,0.0
29.422194384465623,-3.7821582754751755,7.900000000000005,0.0,0.0,0.0
29.430948759875267,-3.7591367599566103,7.900000000000005,0.0,0.0,0.0
29.439702673068776,-3.7361151569349866,7.900000000000005,0.0,0.0,0.0
29.448456126907367,-3.713093466952291,7.900000000000005,0.0,0.0,0.0
29.457209124251666,-3.690071690550399,7.900000000000004,0.0,0.0,0.0
29.465961667961757,-3.6670498282710806,7.900000000000004,0.0,0.0,0.0
29.474713760897203,-3.6440278806559907,7.900000000000004,0.0,0.0,0.0
29.483465405917,-3.621005848246679,7.900000000000004,0.0,0.0,0.0
29.492216605879605,-3.5979837315845846,7.900000000000005,0.0,0.0,0.0
29.500967363642943,-3.5749615312110414,7.900000000000004,0.0,0.0,0.0
29.5097176820644,-3.551939247667275,7.900000000000005,0.0,0.0,0.0
29.518467564000858,-3.5289168814944056,7.900000000000003,0.0,0.0,0.0
29.527217012308636,-3.5058944332334456,7.900000000000004,0.0,0.0,0.0
29.535966029843543,-3.4828719034253077,7.900000000000004,0.0,0.0,0.0
29.544714619460894,-3.4598492926107953,7.900000000000004,0.0,0.0,0.0
29.553462784015455,-3.4368266013306115,7.900000000000004,0.0,0.0,0.0
29.5622105263615,-3.4138038301253575,7.900000000000004,0.0,0.0,0.0
29.57095784935278,-3.3907809795355286,7.900000000000004,0.0,0.0,0.0
29.579704755842553,-3.3677580501015236,7.900000000000004,0.0,0.0,0.0
29.58845124868357,-3.3447350423636366,7.900000000000004,0.0,0.0,0.0
29.59719733072808,-3.321711956862067,7.900000000000004,0.0,0.0,0.0
29.60594300482785,-3.29868879413691,7.900000000000005,0.0,0.0,0.0
29.614688273834133,-3.2756655547281635,7.900000000000004,0.0,0.0,0.0
29.623433140597726,-3.2526422391757284,7.900000000000005,0.0,0.0,0.0
29.63217760796891,-3.2296188480194106,7.900000000000005,0.0,0.0,0.0
29.6409216787975,-3.206595381798917,7.900000000000004,0.0,0.0,0.0
29.64966535593284,-3.1835718410538587,7.900000000000005,0.0,0.0,0.0
29.658408642223787,-3.1605482263237517,7.900000000000005,0.0,0.0,0.0
29.667151540518734,-3.1375245381480212,7.900000000000005,0.0,0.0,0.0
29.675894053665612,-3.1145007770659943,7.900000000000005,0.0,0.0,0.0
29.684636184511866,-3.0914769436169074,7.900000000000004,0.0,0.0,0.0
29.69337793590451,-3.0684530383399045,7.900000000000004,0.0,0.0,0.0
29.70211931069008,-3.0454290617740383,7.900000000000005,0.0,0.0,0.0
29.710860311714665,-3.02240501445827,7.900000000000006,0.0,0.0,0.0
29.719600941823916,-2.999380896931472,7.900000000000005,0.0,0.0,0.0
29.72834120386302,-2.9763567097324257,7.900000000000004,0.0,0.0,0.0
29.73708110067673,-2.9533324533998226,7.900000000000005,0.0,0.0,0.0
29.745820635109364,-2.9303081284722707,7.900000000000004,0.0,0.0,0.0
29.754559810004785,-2.9072837354882877,7.900000000000004,0.0,0.0,0.0
29.763298628206442,-2.8842592749863023,7.900000000000004,0.0,0.0,0.0
29.772037092557348,-2.8612347475046613,7.900000000000003,0.0,0.0,0.0
29.780775205900092,-2.8382101535816253,7.900000000000003,0.0,0.0,0.0
29.78951297107683,-2.8151854937553673,7.900000000000003,0.0,0.0,0.0
29.798250390929322,-2.7921607685639813,7.900000000000004,0.0,0.0,0.0
29.80698746829889,-2.769135978545474,7.900000000000003,0.0,0.0,0.0
29.815724206026463,-2.7461111242377707,7.900000000000003,0.0,0.0,0.0
29.824460606952538,-2.7230862061787158,7.900000000000001,0.0,0.0,0.0
29.833196673917236,-2.7000612249060723,7.9,0.0,0.0,0.0
29.841932409760243,-2.677036180957521,7.900000000000002,0.0,0.0,0.0
29.850667817320875,-2.6540110748706662,7.900000000000001,0.0,0.0,0.0
29.859402899438034,-2.63098590718303,7.9,0.0,0.0,0.0
29.868137658950257,-2.6079606784320557,7.8999999999999995,0.0,0.0,0.0
29.87687209869566,-2.5849353891551132,7.9,0.0,0.0,0.0
29.885606221511992,-2.561910039889492,7.8999999999999995,0.0,0.0,0.0
29.89434003023662,-2.5388846311724054,7.9,0.0,0.0,0.0
29.903073527706525,-2.5158591635409913,7.9,0.0,0.0,0.0
29.911806716758328,-2.492833637532312,7.9,0.0,0.0,0.0
29.92053960022827,-2.469808053683359,7.8999999999999995,0.0,0.0,0.0
29.929272180952218,-2.446782412531045,7.9,0.0,0.0,0.0
29.938004461765697,-2.4237567146122143,7.899999999999999,0.0,0.0,0.0
29.946736445503852,-2.400730960463634,7.8999999999999995,0.0,0.0,0.0
29.955468135001468,-2.377705150622008,7.9,0.0,0.0,0.0
29.964199533092998,-2.35467928562396,7.8999999999999995,0.0,0.0,0.0
29.972930642612525,-2.331653366006047,7.9,0.0,0.0,0.0
29.98166146639378,-2.30862739230476,7.9,0.0,0.0,0.0
29.99039200727017,-2.285601365056517,7.9,0.0,0.0,0.0
29.999122268074768,-2.262575284797668,7.9,0.0,0.0,0.0
30.007852251640273,-2.2395491520644994,7.900000000000002,0.0,0.0,0.0
30.016581960799098,-2.2165229673932276,7.900000000000002,0.0,0.0,0.0
30.02531139838328,-2.193496731320001,7.9,0.0,0.0,0.0
30.034040567224558,-2.1704704443809084,7.900000000000001,0.0,0.0,0.0
30.042769470154354,-2.14744410711197,7.900000000000002,0.0,0.0,0.0
30.05149811000374,-2.1244177200491414,7.900000000000001,0.0,0.0,0.0
30.060226489603497,-2.1013912837283177,7.900000000000001,0.0,0.0,0.0
30.068954611784093,-2.0783647986853295,7.900000000000002,0.0,0.0,0.0
30.077682479375664,-2.0553382654559464,7.900000000000001,0.0,0.0,0.0
30.086410095208073,-2.0323116845758746,7.900000000000001,0.0,0.0,0.0
30.095137462110856,-2.0092850565807625,7.900000000000001,0.0,0.0,0.0
30.10386458291326,-1.986258382006198,7.900000000000001,0.0,0.0,0.0
30.112591460444232,-1.9632316613877068,7.900000000000002,0.0,0.0,0.0
30.121318097532427,-1.9402048952607602,7.900000000000004,0.0,0.0,0.0
30.130044497006214,-1.9171780841607702,7.900000000000005,0.0,0.0,0.0
