galstreams/tracks/track.st.AAU-ATLAS.li2021.ecsv
# %ECSV 0.9
# ---
# datatype:
# - {name: ra, unit: deg, datatype: float64}
# - {name: dec, unit: deg, datatype: float64}
# - {name: distance, unit: kpc, datatype: float64}
# - {name: pm_ra_cosdec, unit: mas / yr, datatype: float64}
# - {name: pm_dec, unit: mas / yr, datatype: float64}
# - {name: radial_velocity, unit: km / s, datatype: float64}
# delimiter: ','
# meta: !!omap
# - __serialized_columns__:
#     dec:
#       __class__: astropy.coordinates.angles.Latitude
#       unit: &id001 !astropy.units.Unit {unit: deg}
#       value: !astropy.table.SerializedColumn {name: dec}
#     distance:
#       __class__: astropy.coordinates.distances.Distance
#       unit: !astropy.units.Unit {unit: kpc}
#       value: !astropy.table.SerializedColumn {name: distance}
#     pm_dec:
#       __class__: astropy.units.quantity.Quantity
#       unit: !astropy.units.Unit {unit: mas / yr}
#       value: !astropy.table.SerializedColumn {name: pm_dec}
#     pm_ra_cosdec:
#       __class__: astropy.units.quantity.Quantity
#       unit: !astropy.units.Unit {unit: mas / yr}
#       value: !astropy.table.SerializedColumn {name: pm_ra_cosdec}
#     ra:
#       __class__: astropy.coordinates.angles.Longitude
#       unit: *id001
#       value: !astropy.table.SerializedColumn {name: ra}
#       wrap_angle: !astropy.coordinates.Angle
#         unit: *id001
#         value: 360.0
#     radial_velocity:
#       __class__: astropy.units.quantity.Quantity
#       unit: !astropy.units.Unit {unit: km / s}
#       value: !astropy.table.SerializedColumn {name: radial_velocity}
# schema: astropy-2.0
ra,dec,distance,pm_ra_cosdec,pm_dec,radial_velocity
[from data line 688]
15.420412346676029,-24.473457881294216,22.3568915852682,0.03657838192467755,-0.915479220924315,-127.41123030425294
15.429882766579677,-24.478558986517175,22.353573431311723,0.03632230629716904,-0.9156131286832854,-127.3789238698315
15.439353361828083,-24.483660321607758,22.35025649693543,0.03606606753081981,-0.9157468671823927,-127.3466053481821
15.448824132695616,-24.48876188647612,22.346940782139317,0.035809665593350526,-0.9158804364722843,-127.31427473930466
15.458295079456693,-24.49386368103237,22.343626286923385,0.03555310045247312,-0.9160138366036294,-127.28193204319939
15.467766202385794,-24.498965705186677,22.34031301128763,0.035296372075887705,-0.916147067627117,-127.249577259866
15.477237501757457,-24.504067958849173,22.33700095523206,0.0350394804312848,-0.9162801295934588,-127.2172103893047
15.48670897784623,-24.509170441929992,22.333690118756667,0.03478242548634497,-0.9164130225533882,-127.18483143151543
15.496180630926867,-24.51427315433935,22.330380501861466,0.034525207208739306,-0.9165457465576583,-127.15244038649818
15.505652461274043,-24.519376095987404,22.327072104546435,0.034267825566127286,-0.9166783016570461,-127.12003725425302
15.515124469162517,-24.524479266784308,22.323764926811588,0.03401028052615884,-0.9168106879023479,-127.08762203477987
15.524596654867132,-24.529582666640245,22.320458968656922,0.033752572056474583,-0.9169429053443822,-127.05519472807873
15.53406901866277,-24.53468629546542,22.31715423008244,0.03349470012470346,-0.9170749540339893,-127.02275533414962
15.543541560824396,-24.539790153170014,22.313850711088133,0.0332366646984662,-0.9172068340220305,-126.99030385299257
15.55301428162701,-24.54489423966424,22.310548411674013,0.03297846574537211,-0.9173385453593892,-126.95784028460751
15.56248718134568,-24.54999855485831,22.307247331840074,0.03272010323302027,-0.9174700880969691,-126.9253646289945
15.57196026025554,-24.55510309866243,22.303947471586316,0.032461577129000885,-0.9176014622856963,-126.89287688615352
15.58143351863172,-24.560207870986776,22.30064883091274,0.032202887400892555,-0.9177326679765185,-126.86037705608457
15.590906956749576,-24.56531287174167,22.297351409819342,0.031944034016265666,-0.9178637052204041,-126.82786513878767
15.60038057488435,-24.570418100837294,22.29405520830613,0.031685016942679445,-0.9179945740683432,-126.79534113426283
15.609854373311414,-24.5755235581839,22.29076022637309,0.03142583614768252,-0.9181252745713484,-126.76280504251
15.619328352306187,-24.580629243691725,22.28746646402024,0.03116649159881491,-0.918255806780452,-126.73025686352918
15.628802512144158,-24.585735157271035,22.284173921247568,0.03090698326360614,-0.9183861707467096,-126.69769659732037
15.63827685310086,-24.590841298832075,22.28088259805508,0.030647311109574697,-0.9185163665211971,-126.66512424388364
15.647751375451895,-24.59594766828511,22.27759249444277,0.030387475104230507,-0.9186463941550123,-126.63253980321893
15.657226079472927,-24.601054265540423,22.274303610410644,0.030127475215072527,-0.9187762536992752,-126.59994327532625
15.66670096543961,-24.60616109050826,22.271015945958695,0.029867311409590033,-0.9189059452051258,-126.56733466020559
15.676176033627844,-24.61126814309896,22.267729501086933,0.029606983655263153,-0.9190354687237272,-126.53471395785701
15.68565128431341,-24.616375423222802,22.264444275795345,0.029346491919560846,-0.9191648243062631,-126.5020811682804
15.695126717772188,-24.62148293079006,22.26116027008394,0.029085836169942866,-0.9192940120039392,-126.46943629147587
15.704602334280155,-24.626590665711042,22.257877483952726,0.028825016373858706,-0.9194230318679817,-126.43677932744332
15.71407813411331,-24.63169862789607,22.254595917401684,0.028564032498747786,-0.9195518839496406,-126.40411027618282
15.723554117547732,-24.63680681725544,22.251315570430823,0.02830288451204066,-0.9196805683001856,-126.37142913769438
15.733030284859556,-24.64191523369948,22.248036443040146,0.028041572381156177,-0.919809084970908,-126.338735911978
15.742506636324974,-24.64702387713852,22.244758535229654,0.02778009607350479,-0.9199374340131214,-126.30603059903359
15.751983172220182,-24.652132747482863,22.241481846999335,0.027518455556486465,-0.9200656154781611,-126.27331319886126
15.761459892821604,-24.657241844642908,22.238206378349197,0.027256650797491844,-0.9201936294173829,-126.2405837114609
15.770936798405545,-24.66235116852896,22.23493212927925,0.026994681763900574,-0.9203214758821653,-126.20784213683261
15.780413889248443,-24.667460719051387,22.23165909978948,0.026732548423083813,-0.9204491549239083,-126.17508847497636
15.789891165626793,-24.67257049612053,22.228387289879887,0.026470250742401835,-0.9205766665940334,-126.1423227258921
15.799368627817133,-24.677680499646748,22.225116699550473,0.026207788689205536,-0.9207040109439826,-126.10954488957994
15.808846276096071,-24.682790729540425,22.22184732880125,0.02594516223083615,-0.9208311880252209,-126.07675496603979
15.818324110740283,-24.687901185711926,22.2185791776322,0.02568237133462431,-0.9209581978892347,-126.04395295527162
15.827802132026491,-24.693011868071626,22.215312246043336,0.025419415967891823,-0.9210850405875317,-126.01113885727555
15.837280340231423,-24.698122776529882,22.212046534034652,0.025156296097949837,-0.9212117161716411,-125.97831267205144
15.84675873563204,-24.70323391099715,22.208782041606145,0.024893011692100897,-0.9213382246931147,-125.94547439959945
15.856237318505189,-24.70834527138379,22.205518768757827,0.024629562717636444,-0.9214645662035241,-125.91262403991944
15.865716089127835,-24.71345685760022,22.202256715489685,0.024365949141839205,-0.921590740754465,-125.87976159301148
15.875195047777003,-24.718568669556824,22.198995881801725,0.024102170931981137,-0.9217167483975524,-125.8468870588755
15.88467419472978,-24.72368070716403,22.195736267693945,0.023838228055325317,-0.9218425891844249,-125.81400043751161
15.894153530263305,-24.728792970332243,22.192477873166347,0.023574120479124605,-0.9219682631667413,-125.78110172891975
15.903633054654774,-24.733905458971893,22.189220698218936,0.02330984817062237,-0.922093770396182,-125.7481909330999
15.913112768181458,-24.739018172993422,22.185964742851702,0.02304541109705205,-0.9222191109244515,-125.7152680500521
15.922592671120634,-24.744131112307215,22.18271000706465,0.022780809225637355,-0.922344284803273,-125.68233307977636
15.932072763749778,-24.749244276823788,22.179456490857774,0.022516042523593294,-0.922469292084393,-125.64938602227258
15.941553046346277,-24.754357666453554,22.176204194231087,0.0222511109581236,-0.9225941328195795,-125.61642687754085
15.951033519187634,-24.75947128110695,22.172953117184576,0.02198601449642329,-0.9227188070606218,-125.5834556455812
15.960514182551416,-24.764585120694456,22.169703259718247,0.021720753105677337,-0.9228433148593316,-125.55047232639353
15.969995036715234,-24.76969918512652,22.166454621832106,0.021455326753061443,-0.9229676562675415,-125.51747691997795
15.979476081956776,-24.7748134743136,22.16320720352613,0.021189735405741483,-0.9230918313371065,-125.48446942633433
15.988957318553775,-24.779927988166182,22.15996100480035,0.02092397903087362,-0.9232158401199024,-125.45144984546282
15.99843874678403,-24.785042726594746,22.15671602565474,0.020658057595604018,-0.9233396826678283,-125.41841817736331
16.007920366925354,-24.79015768950973,22.15347226608932,0.020391971067069692,-0.9234633590328039,-125.38537442203581
16.017402179255765,-24.795272876821684,22.150229726104083,0.020125719412398546,-0.9235868692667701,-125.35231857948035
16.026884184053195,-24.800388288441088,22.146988405699016,0.019859302598707884,-0.9237102134216921,-125.31925064969691
16.036366381595673,-24.80550392427842,22.143748304874148,0.019592720593105628,-0.9238333915495528,-125.28617063268555
16.045848772161307,-24.810619784244192,22.140509423629446,0.019325973362691207,-0.9239564037023611,-125.25307852844618
16.055331356028244,-24.815735868248918,22.137271761964932,0.019059060874552558,-0.9240792499321455,-125.21997433697888
16.064814133474716,-24.820852176203104,22.134035319880596,0.018791983095770015,-0.9242019302909557,-125.1868580582836
16.07429710477899,-24.82596870801726,22.130800097376444,0.018524739993412476,-0.9243244448308645,-125.15372969236033
16.08378027021941,-24.831085463601937,22.127566094452465,0.018257331534541343,-0.9244467936039666,-125.12058923920912
16.093263630074308,-24.83620244286759,22.12433331110868,0.017989757686206198,-0.9245689766623768,-125.08743669882989
16.102747184622256,-24.841319645724848,22.12110174734507,0.017722018415449292,-0.9246909940582333,-125.05427207122274
16.11223093414172,-24.8464370720842,22.117871403161637,0.017454113689302275,-0.9248128458436958,-125.0210953563876
16.121714878911277,-24.851554721856203,22.114642278558396,0.017186043474787083,-0.9249345320709458,-124.98790655432451
16.131199019209564,-24.856672594951394,22.11141437353532,0.01691780773891699,-0.925056052792187,-124.95470566503343
16.14068335531527,-24.86179069128033,22.108187688092446,0.01664940644869456,-0.9251774080596427,-124.92149268851443
16.150167887507166,-24.86690901075357,22.104962222229737,0.016380839571114414,-0.9252985979255618,-124.88826762476747
16.159652616064058,-24.87202755328167,22.101737975947213,0.016112107073160353,-0.9254196224422118,-124.85503047379247
16.169137541264828,-24.877146318775196,22.09851494924487,0.015843208921807184,-0.9255404816618831,-124.82178123558951
16.178622663388353,-24.882265307144696,22.09529314212271,0.015574145084020554,-0.9256611756368887,-124.7885199101586
16.188107982713742,-24.887384518300795,22.09207255458073,0.01530491552675678,-0.9257817044195626,-124.75524649749974
16.19759349952,-24.89250395215406,22.088853186618934,0.015035520216962195,-0.9259020680622607,-124.72196099761292
16.207079214086242,-24.897623608615064,22.08563503823732,0.014765959121573968,-0.926022266617362,-124.68866341049811
16.21656512669165,-24.902743487594392,22.082418109435878,0.014496232207520053,-0.9261423001372653,-124.65535373615532
16.226051237615447,-24.907863589002655,22.079202400214633,0.014226339441718585,-0.9262621686743928,-124.62203197458457
16.235537547136946,-24.912983912750445,22.075987910573563,0.013956280791078746,-0.9263818722811885,-124.5886981257859
16.2450240555355,-24.918104458748356,22.072774640512666,0.013686056222499798,-0.9265014110101175,-124.55535218975922
16.254510763090526,-24.923225226907004,22.069562590031957,0.013415665702872559,-0.9266207849136674,-124.52199416650458
16.26399767008145,-24.928346217136973,22.066351759131432,0.013145109199077132,-0.9267399940443477,-124.48862405602198
16.273484776787917,-24.933467429348937,22.063142147811078,0.012874386677986072,-0.92685903845469,-124.45524185831137
16.28297208348947,-24.938588863453482,22.059933756070908,0.012603498106460997,-0.9269779181972468,-124.42184757337284
16.292459590465764,-24.943710519361243,22.056726583910926,0.012332443451354591,-0.9270966333245936,-124.38844120120633
16.301947297996524,-24.94883239698284,22.053520631331125,0.012061222679511208,-0.927215183889327,-124.35502274181185
16.311435206361526,-24.95395449622892,22.050315898331505,0.011789835757764267,-0.927333569944067,-124.32159219518941
16.32092331584061,-24.95907681701011,22.04711238491206,0.011518282652939416,-0.9274517915414542,-124.288149561339
16.330411626713676,-24.964199359237053,22.0439100910728,0.011246563331851811,-0.9275698487341514,-124.25469484026061
16.33990013926069,-24.969322122820405,22.04070901681372,0.01097467776130795,-0.9276877415748432,-124.22122803195425
16.349388853761617,-24.97444510767077,22.037509162134818,0.010702625908105168,-0.9278054701162376,-124.1877491364199
16.358877770496626,-24.979568313698888,22.034310527036105,0.010430407739031256,-0.9279230344110616,-124.15425815365765
16.368366889745825,-24.984691740815364,22.03111311151757,0.010158023220864731,-0.9280404345120675,-124.12075508366739
16.377856211789414,-24.98981538893087,22.027916915579212,0.009885472320375122,-0.9281576704720278,-124.08723992644917
16.387345736907648,-24.994939257956084,22.024721939221042,0.009612755004322682,-0.928274742343737,-124.053712682003
16.396835465380853,-25.000063347801664,22.02152818244305,0.00933987123945812,-0.928391650180012,-124.02017335032882
16.406325397489407,-25.00518765837829,22.01833564524524,0.00906682099252304,-0.9285083940336912,-123.98662193142667
16.415815533513758,-25.01031218959665,22.01514432762761,0.008793604230250274,-0.9286249739576364,-123.95305842529662
16.425305873734402,-25.015436941367405,22.01195422959016,0.00852022091936322,-0.9287413900047293,-123.91948283193854
16.434796418431862,-25.020561913601238,22.00876535113289,0.008246671026575114,-0.9288576422278758,-123.8858951513525
16.44428716788686,-25.02568710620888,22.005577692255812,0.007972954518592312,-0.9289737306800016,-123.85229538353852
16.453778122380026,-25.030812519101005,22.00239125295891,0.0076990713621099,-0.9290896554140562,-123.81868352849658
16.463269282192115,-25.035938152188322,21.999206033242178,0.007425021523814801,-0.9292054164830112,-123.78505958622662
16.472760647603923,-25.041064005381507,21.996022033105643,0.007150804970384117,-0.929321013939858,-123.75142355672872
16.482252218896324,-25.0461900785913,21.992839252549278,0.006876421668486621,-0.9294364478376136,-123.71777544000285
16.491743996350237,-25.051316371728397,21.9896576915731,0.006601871584781205,-0.9295517182293134,-123.68411523604902
16.50123598024666,-25.056442884703497,21.9864773501771,0.006327154685918712,-0.9296668251680172,-123.65044294486721
16.51072817086663,-25.061569617427345,21.983298228361285,0.006052270938539606,-0.9297817687068065,-123.61675856645748
16.52022056849121,-25.06669656981061,21.98012032612565,0.005777220309275688,-0.9298965488987843,-123.58306210081972
16.529713173401678,-25.07182374176409,21.9769436434702,0.005502002764750713,-0.9300111657970758,-123.549353547954
16.53920598587921,-25.076951133198488,21.97376818039492,0.0052266182715777765,-0.9301256194548293,-123.51563290786032
16.548699006205084,-25.082078744024514,21.97059393689983,0.004951066796361592,-0.9302399099252137,-123.48190018053873
16.558192234660666,-25.08720657415293,21.967420912984924,0.004675348305698379,-0.9303540372614206,-123.44815536598908
16.567685671527368,-25.092334623494466,21.964249108650186,0.004399462766174644,-0.9304680015166644,-123.41439846421153
16.577179317086653,-25.097462891959857,21.96107852389564,0.004123410144367401,-0.9305818027441805,-123.38062947520598
16.586673171620063,-25.102591379459863,21.957909158721275,0.003847190406845946,-0.9306954409972275,-123.34684839897245
16.596167235409194,-25.10772008590523,21.954741013127084,0.0035708035201694748,-0.9308089163290847,-123.31305523551099
16.605661508735693,-25.11284901120671,21.951574087113084,0.003294249450888742,-0.9309222287930552,-123.27924998482153
16.615155991881227,-25.117978155275022,21.94840838067926,0.0030175281655446806,-0.931035378442463,-123.2454326469041
16.624650685127683,-25.123107518021005,21.945243893825616,0.002740639630670949,-0.9311483653306551,-123.21160322175874
16.63414558875684,-25.12823709935537,21.94208062655216,0.002463583812790715,-0.9312611895109995,-123.1777617093854
16.643640703050597,-25.1333668991889,21.938918578858875,0.0021863606784184864,-0.9313738510368881,-123.14390810978406
16.653136028290913,-25.138496917432366,21.935757750745775,0.0019089701940599448,-0.9314863499617334,-123.11004242295475
16.662631564759817,-25.143627153996547,21.932598142212857,0.0016314123262122227,-0.9315986863389709,-123.07616464889753
16.672127312739374,-25.148757608792188,21.929439753260123,0.0013536870413625723,-0.9317108602220573,-123.04227478761233
16.68162327251174,-25.153888281730104,21.926282583887566,0.001075794305990141,-0.9318228716644736,-123.00837283909912
16.691119444359103,-25.159019172721067,21.92312663409519,0.0007977340865649163,-0.9319347207197202,-122.9744588033579
16.70061582856369,-25.164150281675827,21.919971903883003,0.000519506349547505,-0.9320464074413217,-122.94053268038887
