galstreams/tracks/track.st.M5.sollima2020.ecsv
# %ECSV 0.9
# ---
# datatype:
# - {name: ra, unit: deg, datatype: float64}
# - {name: dec, unit: deg, datatype: float64}
# - {name: distance, unit: kpc, datatype: float64}
# - {name: pm_ra_cosdec, unit: mas / yr, datatype: float64}
# - {name: pm_dec, unit: mas / yr, datatype: float64}
# - {name: radial_velocity, unit: km / s, datatype: float64}
# delimiter: ','
# meta: !!omap
# - __serialized_columns__:
#     dec:
#       __class__: astropy.coordinates.angles.Latitude
#       unit: &id001 !astropy.units.Unit {unit: deg}
#       value: !astropy.table.SerializedColumn {name: dec}
#     distance:
#       __class__: astropy.coordinates.distances.Distance
#       unit: !astropy.units.Unit {unit: kpc}
#       value: !astropy.table.SerializedColumn {name: distance}
#     pm_dec:
#       __class__: astropy.units.quantity.Quantity
#       unit: !astropy.units.Unit {unit: mas / yr}
#       value: !astropy.table.SerializedColumn {name: pm_dec}
#     pm_ra_cosdec:
#       __class__: astropy.units.quantity.Quantity
#       unit: !astropy.units.Unit {unit: mas / yr}
#       value: !astropy.table.SerializedColumn {name: pm_ra_cosdec}
#     ra:
#       __class__: astropy.coordinates.angles.Longitude
#       unit: *id001
#       value: !astropy.table.SerializedColumn {name: ra}
#       wrap_angle: !astropy.coordinates.Angle
#         unit: *id001
#         value: 360.0
#     radial_velocity:
#       __class__: astropy.units.quantity.Quantity
#       unit: !astropy.units.Unit {unit: km / s}
#       value: !astropy.table.SerializedColumn {name: radial_velocity}
# schema: astropy-2.0
ra,dec,distance,pm_ra_cosdec,pm_dec,radial_velocity
[from data line 245]
230.08355599547625,1.7227292014575903,7.479000000000003,0.0,0.0,0.0
230.09180211537225,1.7170049256713011,7.479000000000002,0.0,0.0,0.0
230.10007018134206,1.7113105197903287,7.479000000000003,0.0,0.0,0.0
230.10836048884698,1.7056463848627863,7.479000000000003,0.0,0.0,0.0
230.1166733261019,1.700012912075194,7.479000000000003,0.0,0.0,0.0
230.12500897393315,1.6944104825588968,7.479000000000002,0.0,0.0,0.0
230.13336770563546,1.6888394671964941,7.479000000000004,0.0,0.0,0.0
230.14174978682973,1.6833002264282746,7.479000000000003,0.0,0.0,0.0
230.15015547532036,1.677793110058646,7.479000000000002,0.0,0.0,0.0
230.15858502095227,1.6723184570625773,7.479000000000002,0.0,0.0,0.0
230.1670386654688,1.6668765953920401,7.479000000000002,0.0,0.0,0.0
230.17551664236865,1.6614678417824527,7.479000000000002,0.0,0.0,0.0
230.18401917676346,1.656092501559132,7.479000000000003,0.0,0.0,0.0
230.1925464852351,1.6507508684437435,7.479000000000001,0.0,0.0,0.0
230.20109877569305,1.6454432243607588,7.479000000000002,0.0,0.0,0.0
230.20967624723176,1.6401698392439144,7.479000000000003,0.0,0.0,0.0
230.21827908998787,1.6349309708426751,7.479000000000003,0.0,0.0,0.0
230.22690748499784,1.6297268645286995,7.479000000000004,0.0,0.0,0.0
230.2355616040547,1.624557753102313,7.479000000000003,0.0,0.0,0.0
230.24424160956605,1.6194238565989763,7.479000000000002,0.0,0.0,0.0
230.25294765441103,1.6143253820957653,7.479000000000003,0.0,0.0,0.0
230.26167988179742,1.6092625235178495,7.479000000000003,0.0,0.0,0.0
230.2704384251195,1.6042354614449768,7.479000000000001,0.0,0.0,0.0
230.27922340781473,1.5992443629179574,7.479000000000003,0.0,0.0,0.0
230.2880349432215,1.5942893812451568,7.479000000000003,0.0,0.0,0.0
230.29687313443625,1.5893706558089873,7.479000000000003,0.0,0.0,0.0
230.3057380741707,1.584488311872401,7.479000000000002,0.0,0.0,0.0
230.3146298446091,1.5796424603853951,7.479000000000003,0.0,0.0,0.0
230.32354851726566,1.5748331977915087,7.479000000000003,0.0,0.0,0.0
230.3324941528417,1.5700606058343334,7.479000000000003,0.0,0.0,0.0
230.34146680108276,1.565324751364015,7.4790000000000045,0.0,0.0,0.0
230.35046650063623,1.5606256861437728,7.479000000000003,0.0,0.0,0.0
230.35949327890802,1.5559634466564058,7.479000000000001,0.0,0.0,0.0
230.3685471519205,1.5513380539108166,7.479000000000003,0.0,0.0,0.0
230.37762812416906,1.5467495132485267,7.4790000000000045,0.0,0.0,0.0
230.38673618847977,1.5421978141502022,7.479000000000003,0.0,0.0,0.0
230.3958713258664,1.5376829300421746,7.479000000000002,0.0,0.0,0.0
230.40503350538765,1.5332048181029747,7.479000000000002,0.0,0.0,0.0
230.4142226840045,1.5287634190698591,7.479000000000002,0.0,0.0,0.0
230.4234388064372,1.5243586570453433,7.479000000000003,0.0,0.0,0.0
230.43268180502258,1.5199904393037376,7.479000000000003,0.0,0.0,0.0
230.44195159957113,1.515658656097686,7.479000000000004,0.0,0.0,0.0
230.4512480972245,1.511363180464703,7.479000000000002,0.0,0.0,0.0
230.46057119231216,1.5071038680337183,7.479000000000003,0.0,0.0,0.0
230.4699207662091,1.5028805568316206,7.479000000000003,0.0,0.0,0.0
230.47929668719266,1.4986930670898035,7.479000000000001,0.0,0.0,0.0
230.4886988102998,1.4945412010507104,7.479000000000004,0.0,0.0,0.0
230.49812697718423,1.490424742774392,7.479000000000002,0.0,0.0,0.0
230.50758101597364,1.4863434579450492,7.479000000000002,0.0,0.0,0.0
230.51706074112684,1.4822970936775932,7.479000000000001,0.0,0.0,0.0
230.52656595329074,1.4782853783241974,7.479000000000001,0.0,0.0,0.0
230.5360964391577,1.4743080212808526,7.479000000000001,0.0,0.0,0.0
230.54565197132257,1.470364712793928,7.479000000000001,0.0,0.0,0.0
230.55523230813995,1.4664551237667272,7.479,0.0,0.0,0.0
230.564837193581,1.46257890556605,7.479000000000001,0.0,0.0,0.0
230.574466357091,1.4587356898287525,7.479000000000001,0.0,0.0,0.0
230.58411951344618,1.4549250882683102,7.479000000000002,0.0,0.0,0.0
230.59379636261093,1.4511466924813803,7.479000000000002,0.0,0.0,0.0
230.60349658959493,1.4474000737543642,7.479000000000003,0.0,0.0,0.0
230.61321986431028,1.4436847828699744,7.479000000000002,0.0,0.0,0.0
230.62296584142857,1.4400003499137934,7.479000000000002,0.0,0.0,0.0
230.63273416023804,1.4363462840808467,7.479,0.0,0.0,0.0
230.6425244445007,1.4327220734821602,7.479000000000002,0.0,0.0,0.0
230.65233630230935,1.4291271849513287,7.479000000000002,0.0,0.0,0.0
230.6621693259449,1.425561063851081,7.479000000000001,0.0,0.0,0.0
230.67202309173325,1.4220231338798428,7.479000000000003,0.0,0.0,0.0
230.68189715990255,1.418512796878302,7.479000000000001,0.0,0.0,0.0
230.6917910744403,1.4150294326359723,7.479000000000001,0.0,0.0,0.0
230.70170436295027,1.411572398697756,7.479000000000003,0.0,0.0,0.0
230.7116365365099,1.4081410301705053,7.479000000000001,0.0,0.0,0.0
230.72158708952747,1.4047346395295843,7.479000000000002,0.0,0.0,0.0
230.73155549959858,1.4013525164254275,7.479000000000002,0.0,0.0,0.0
230.74154122736422,1.3979939274901014,7.479000000000003,0.0,0.0,0.0
230.75154371636714,1.3946581161438552,7.479000000000003,0.0,0.0,0.0
230.76156239290916,1.3913443024016816,7.479000000000001,0.0,0.0,0.0
230.77159666590856,1.3880516826798692,7.479000000000003,0.0,0.0,0.0
230.7816459267569,1.384779429602551,7.479000000000001,0.0,0.0,0.0
230.79170954917632,1.381526691808254,7.479,0.0,0.0,0.0
230.80178688907657,1.3782925937564483,7.479000000000003,0.0,0.0,0.0
230.81187728441245,1.3750762355340866,7.479000000000002,0.0,0.0,0.0
230.8219800550403,1.3718766926621482,7.479000000000001,0.0,0.0,0.0
230.832094502576,1.368693015902174,7.479,0.0,0.0,0.0
230.84221991025154,1.365524231062803,7.479,0.0,0.0,0.0
230.85235554277224,1.3623693388063032,7.479,0.0,0.0,0.0
230.8625006461743,1.3592273144550948,7.479,0.0,0.0,0.0
230.8726544476815,1.356097107798279,7.479,0.0,0.0,0.0
230.88281615556275,1.352977642898152,7.479,0.0,0.0,0.0
230.8929849589892,1.3498678178967216,7.478999999999999,0.0,0.0,0.0
230.90316002789115,1.3467665048222182,7.479000000000001,0.0,0.0,0.0
230.91334051281592,1.3436725493955954,7.479000000000001,0.0,0.0,0.0
230.92352554478435,1.3405847708370344,7.479000000000001,0.0,0.0,0.0
230.93371423514856,1.3375019616724335,7.479000000000001,0.0,0.0,0.0
230.94390567544903,1.3344228875399007,7.479000000000001,0.0,0.0,0.0
230.95409893727182,1.3313462869962327,7.479,0.0,0.0,0.0
230.96429307210576,1.3282708713233948,7.479,0.0,0.0,0.0
230.97448711120012,1.3251953243349863,7.479000000000001,0.0,0.0,0.0
230.98468006542157,1.322118302182708,7.479000000000001,0.0,0.0,0.0
230.99487092511157,1.3190384331628136,7.479000000000002,0.0,0.0,0.0
231.0050586599437,1.3159543175225619,7.478999999999999,0.0,0.0,0.0
231.0152422187812,1.312864527266657,7.478999999999999,0.0,0.0,0.0
231.025420529534,1.3097676059636782,7.479000000000001,0.0,0.0,0.0
231.03559249901656,1.3066620685525119,7.479000000000001,0.0,0.0,0.0
231.04575701280478,1.3035464011487585,7.479000000000001,0.0,0.0,0.0
231.0559129350938,1.300419060851149,7.479000000000002,0.0,0.0,0.0
231.06605910855532,1.2972784755479365,7.479,0.0,0.0,0.0
231.076194354195,1.2941230437232902,7.478999999999999,0.0,0.0,0.0
231.08631747121012,1.2909511342636717,7.478999999999999,0.0,0.0,0.0
231.0964272368468,1.2877610862642057,7.478999999999998,0.0,0.0,0.0
231.10652240625797,1.2845512088350381,7.478999999999999,0.0,0.0,0.0
231.11660171236053,1.2813197809076862,7.478999999999999,0.0,0.0,0.0
231.12666386569302,1.2780650510413731,7.479,0.0,0.0,0.0
231.1367075542735,1.2747852372293578,7.478999999999999,0.0,0.0,0.0
231.1467314434567,1.271478526705246,7.479,0.0,0.0,0.0
231.15673417579208,1.268143075749294,7.479,0.0,0.0,0.0
231.16671437088158,1.264777009494702,7.478999999999999,0.0,0.0,0.0
231.17667062523688,1.2613784217338886,7.478999999999999,0.0,0.0,0.0
231.18660151213749,1.2579453747247578,7.479000000000001,0.0,0.0,0.0
231.19650558148842,1.2544758989969509,7.478999999999999,0.0,0.0,0.0
231.20638135967806,1.2509679931580864,7.478999999999999,0.0,0.0,0.0
231.21622734943597,1.247419623699984,7.479000000000001,0.0,0.0,0.0
231.2260420296907,1.2438287248048763,7.479000000000002,0.0,0.0,0.0
231.2358238554277,1.2401931981516068,7.479000000000001,0.0,0.0,0.0
231.2455712575474,1.2365109127218121,7.479,0.0,0.0,0.0
231.25528264272288,1.2327797046060907,7.479000000000001,0.0,0.0,0.0
231.26495639325816,1.2289973768101548,7.479,0.0,0.0,0.0
231.27459086694608,1.225161699060969,7.479000000000001,0.0,0.0,0.0
231.28418439692643,1.2212704076128749,7.479,0.0,0.0,0.0
231.29373529154404,1.2173212050536955,7.479000000000001,0.0,0.0,0.0
231.3032418342068,1.2133117601108276,7.478999999999999,0.0,0.0,0.0
231.31270228324396,1.209239707457319,7.478999999999998,0.0,0.0,0.0
231.32211487176463,1.2051026475179254,7.478999999999999,0.0,0.0,0.0
231.33147780751517,1.2008981462751556,7.478999999999999,0.0,0.0,0.0
231.34078927273853,1.196623735075299,7.478999999999999,0.0,0.0,0.0
231.35004742403177,1.192276910434436,7.478999999999999,0.0,0.0,0.0
231.35925039220487,1.1878551338444316,7.479,0.0,0.0,0.0
231.36839628213883,1.1833558315789168,7.478999999999999,0.0,0.0,0.0
231.3774831726444,1.1787763944992462,7.478999999999999,0.0,0.0,0.0
231.38650911632018,1.1741141778604496,7.478999999999998,0.0,0.0,0.0
231.39547213941157,1.1693665011171541,7.478999999999998,0.0,0.0,0.0
231.40437024166897,1.1645306477295068,7.478999999999999,0.0,0.0,0.0
231.41320139620635,1.1596038649690648,7.478999999999999,0.0,0.0,0.0
231.42196354936016,1.154583363724684,7.478999999999998,0.0,0.0,0.0
231.4306546205477,1.1494663183083806,7.478999999999998,0.0,0.0,0.0
231.43927250212576,1.144249866261188,7.478999999999999,0.0,0.0,0.0
231.4478150592495,1.1389311081589903,7.478999999999998,0.0,0.0,0.0
231.45628012973123,1.1335071074183503,7.478999999999999,0.0,0.0,0.0
231.46466552389887,1.1279748901023148,7.478999999999999,0.0,0.0,0.0
231.47296902445518,1.1223314447262178,7.478999999999998,0.0,0.0,0.0
231.4811883863361,1.116573722063457,7.478999999999999,0.0,0.0,0.0
231.48932133656976,1.1106986349512746,7.478999999999999,0.0,0.0,0.0
231.4973655741356,1.104703058096514,7.478999999999998,0.0,0.0,0.0
231.50531876982294,1.0985838278813784,7.478999999999999,0.0,0.0,0.0
231.5131785660899,1.0923377421691662,7.478999999999999,0.0,0.0,0.0
231.52094257692247,1.0859615601100132,7.478999999999998,0.0,0.0,0.0
231.5286083876931,1.0794520019466214,7.479,0.0,0.0,0.0
231.53617355502013,1.0728057488199787,7.479,0.0,0.0,0.0
231.54363560662617,1.066019442575084,7.479,0.0,0.0,0.0
231.55099204119725,1.0590896855666612,7.479,0.0,0.0,0.0
231.55824032824185,1.0520130404648764,7.479,0.0,0.0,0.0
231.5653779079495,1.044786030061059,7.478999999999999,0.0,0.0,0.0
231.57240219104995,1.0374051370734185,7.478999999999999,0.0,0.0,0.0
231.57931055867172,1.0298668039527723,7.479,0.0,0.0,0.0
231.5861003622012,1.02216743268828,7.478999999999998,0.0,0.0,0.0
231.59276892314134,1.0143033846131857,7.479,0.0,0.0,0.0
231.59931353297017,1.0062709802105696,7.478999999999999,0.0,0.0,0.0
231.60573145299998,0.9980664989191255,7.479,0.0,0.0,0.0
231.6120199142354,0.9896861789389396,7.478999999999999,0.0,0.0,0.0
231.61817611723225,0.9811262170373063,7.478999999999999,0.0,0.0,0.0
231.6241972319562,0.9723827683545575,7.478999999999999,0.0,0.0,0.0
231.63008039764068,0.9634519462099231,7.478999999999998,0.0,0.0,0.0
231.6358227226457,0.9543298219074257,7.478999999999999,0.0,0.0,0.0
231.6414212843156,0.9450124245418039,7.478999999999999,0.0,0.0,0.0
231.64687312883763,0.9354957408044847,7.478999999999999,0.0,0.0,0.0
231.65217527109925,0.9257757147895873,7.478999999999999,0.0,0.0,0.0
231.65732469454667,0.9158482477999903,7.478999999999999,0.0,0.0,0.0
231.6623183510418,0.9057091981534419,7.478999999999999,0.0,0.0,0.0
231.66715316072026,0.895354380988734,7.478999999999998,0.0,0.0,0.0
231.6718260118484,0.8847795680719373,7.479,0.0,0.0,0.0
231.67633376068036,0.8739804876027127,7.479,0.0,0.0,0.0
231.68067323131515,0.8629528240206947,7.479000000000001,0.0,0.0,0.0
231.68484121555304,0.85169221781196,7.479,0.0,0.0,0.0
231.68883447275195,0.8401942653155852,7.479,0.0,0.0,0.0
231.6926497296839,0.8284545185303064,7.478999999999999,0.0,0.0,0.0
231.69628368039008,0.8164684849212782,7.479000000000001,0.0,0.0,0.0
231.69973298603725,0.8042316272269503,7.478999999999999,0.0,0.0,0.0
231.70299427477195,0.7917393632660629,7.479000000000001,0.0,0.0,0.0
231.7060641415759,0.7789870657447775,7.479,0.0,0.0,0.0
231.7089391481202,0.7659700620639431,7.479000000000001,0.0,0.0,0.0
231.71161582261905,0.7526836341265182,7.478999999999999,0.0,0.0,0.0
231.7140906596835,0.7391230181451465,7.479,0.0,0.0,0.0
231.71636012017453,0.7252834044499082,7.479,0.0,0.0,0.0
231.71842063105524,0.7111599372962559,7.479000000000001,0.0,0.0,0.0
231.72026858524302,0.6967477146731405,7.478999999999999,0.0,0.0,0.0
231.72190034146107,0.6820417881113479,7.479,0.0,0.0,0.0
231.7233122240888,0.6670371624920545,7.479000000000001,0.0,0.0,0.0
231.72450052301247,0.651728795855619,7.479,0.0,0.0,0.0
231.72546149347403,0.63611159921062,7.479000000000002,0.0,0.0,0.0
231.72619135592046,0.6201804363431599,7.479,0.0,0.0,0.0
231.72668629585118,0.6039301236264415,7.479,0.0,0.0,0.0
231.72694246366555,0.5873554298306551,7.479000000000002,0.0,0.0,0.0
231.7269559745088,0.5704510759331602,7.479000000000001,0.0,0.0,0.0
231.72672290811767,0.5532117349290131,7.479000000000002,0.0,0.0,0.0
231.7262393086647,0.5356320316418329,7.479000000000002,0.0,0.0,0.0
231.72550118460143,0.5177065425350452,7.479000000000002,0.0,0.0,0.0
231.7245045085009,0.4994297955235131,7.479000000000002,0.0,0.0,0.0
231.72324521689885,0.48079626978557377,7.479000000000002,0.0,0.0,0.0
231.72171921013333,0.46180039557551666,7.479000000000002,0.0,0.0,0.0
231.71992235218397,0.4424365540365115,7.479000000000003,0.0,0.0,0.0
231.7178504705087,0.4226990770140188,7.479000000000003,0.0,0.0,0.0
231.71549935588052,0.4025822468697103,7.479000000000002,0.0,0.0,0.0
231.71286476222147,0.3820802962959131,7.479000000000001,0.0,0.0,0.0
231.70994240643583,0.36118740813061595,7.479000000000004,0.0,0.0,0.0
231.70672796824155,0.33989771517307016,7.4790000000000045,0.0,0.0,0.0
231.70321708999998,0.3182052999999978,7.479000000000003,0.0,0.0,0.0
