galstreams/tracks/track.st.Hermus.grillmair2014.ecsv
# %ECSV 0.9
# ---
# datatype:
# - {name: ra, unit: deg, datatype: float64}
# - {name: dec, unit: deg, datatype: float64}
# - {name: distance, unit: kpc, datatype: float64}
# - {name: pm_ra_cosdec, unit: mas / yr, datatype: float64}
# - {name: pm_dec, unit: mas / yr, datatype: float64}
# - {name: radial_velocity, unit: km / s, datatype: float64}
# delimiter: ','
# meta: !!omap
# - __serialized_columns__:
#     dec:
#       __class__: astropy.coordinates.angles.Latitude
#       unit: &id001 !astropy.units.Unit {unit: deg}
#       value: !astropy.table.SerializedColumn {name: dec}
#     distance:
#       __class__: astropy.coordinates.distances.Distance
#       unit: !astropy.units.Unit {unit: kpc}
#       value: !astropy.table.SerializedColumn {name: distance}
#     pm_dec:
#       __class__: astropy.units.quantity.Quantity
#       unit: !astropy.units.Unit {unit: mas / yr}
#       value: !astropy.table.SerializedColumn {name: pm_dec}
#     pm_ra_cosdec:
#       __class__: astropy.units.quantity.Quantity
#       unit: !astropy.units.Unit {unit: mas / yr}
#       value: !astropy.table.SerializedColumn {name: pm_ra_cosdec}
#     ra:
#       __class__: astropy.coordinates.angles.Longitude
#       unit: *id001
#       value: !astropy.table.SerializedColumn {name: ra}
#       wrap_angle: !astropy.coordinates.Angle
#         unit: *id001
#         value: 360.0
#     radial_velocity:
#       __class__: astropy.units.quantity.Quantity
#       unit: !astropy.units.Unit {unit: km / s}
#       value: !astropy.table.SerializedColumn {name: radial_velocity}
# schema: astropy-2.0
ra,dec,distance,pm_ra_cosdec,pm_dec,radial_velocity
[from data line 2833]
242.14013780034267,33.52717517255591,19.81936955902698,0.0,0.0,0.0
242.14222433607196,33.537169970946756,19.8199796946034,0.0,0.0,0.0
242.14431435445798,33.54716466054276,19.820590538234125,0.0,0.0,0.0
242.14640785622254,33.557159241163276,19.821202082345405,0.0,0.0,0.0
242.14850484209123,33.56715371262723,19.82181431931643,0.0,0.0,0.0
242.15060531279394,33.577148074753026,19.82242724147929,0.0,0.0,0.0
242.1527092690642,33.58714232735864,19.823040841118967,0.0,0.0,0.0
242.15481671163965,33.597136470261546,19.82365511047332,0.0,0.0,0.0
242.1569276412621,33.607130503278725,19.824270041733058,0.0,0.0,0.0
242.15904205867704,33.617124426226695,19.824885627041716,0.0,0.0,0.0
242.16115996463418,33.62711823892151,19.82550185849562,0.0,0.0,0.0
242.16328135988726,33.6371119411787,19.826118728143914,0.0,0.0,0.0
242.16540624519396,33.64710553281338,19.82673622798849,0.0,0.0,0.0
242.16753462131598,33.65709901364009,19.827354349984017,0.0,0.0,0.0
242.1696664890192,33.66709238347297,19.82797308603788,0.0,0.0,0.0
242.17180184907343,33.67708564212565,19.828592428010193,0.0,0.0,0.0
242.17394070225248,33.68707878941126,19.829212367713772,0.0,0.0,0.0
242.17608304933432,33.69707182514246,19.829832896914137,0.0,0.0,0.0
242.178228891101,33.70706474913141,19.830454007329458,0.0,0.0,0.0
242.18037822833855,33.71705756118982,19.831075690630588,0.0,0.0,0.0
242.18253106183712,33.727050261128845,19.831697938441017,0.0,0.0,0.0
242.18468739239097,33.73704284875923,19.832320742336886,0.0,0.0,0.0
242.1868472207984,33.74703532389118,19.832944093846926,0.0,0.0,0.0
242.18901054786184,33.75702768633444,19.83356798445252,0.0,0.0,0.0
242.19117737438793,33.767019935898226,19.834192405587633,0.0,0.0,0.0
242.1933477011871,33.777012072391294,19.834817348638833,0.0,0.0,0.0
242.19552152907434,33.78700409562193,19.83544280494524,0.0,0.0,0.0
242.19769885886845,33.79699600539785,19.836068765798593,0.0,0.0,0.0
242.1998796913924,33.806987801526375,19.836695222443165,0.0,0.0,0.0
242.20206402747334,33.816979483814244,19.837322166075797,0.0,0.0,0.0
242.20425186794267,33.82697105206776,19.83794958784589,0.0,0.0,0.0
242.20644321363582,33.83696250609271,19.838577478855385,0.0,0.0,0.0
242.20863806539242,33.84695384569439,19.839205830158765,0.0,0.0,0.0
242.21083642405617,33.85694507067758,19.839834632763036,0.0,0.0,0.0
242.21303829047508,33.86693618084659,19.840463877627766,0.0,0.0,0.0
242.21524366550125,33.87692717600522,19.84109355566502,0.0,0.0,0.0
242.2174525499911,33.886918055956755,19.841723657739408,0.0,0.0,0.0
242.21966494480498,33.89690882050402,19.842354174668063,0.0,0.0,0.0
242.22188085080774,33.906899469449286,19.842985097220627,0.0,0.0,0.0
242.22410026886814,33.91689000259437,19.843616416119293,0.0,0.0,0.0
242.22632319985948,33.92688041974057,19.844248122038742,0.0,0.0,0.0
242.22854964465893,33.93687072068865,19.844880205606195,0.0,0.0,0.0
242.23077960414818,33.946860905238935,19.8455126574014,0.0,0.0,0.0
242.23301307921298,33.95685097319119,19.846145467956635,0.0,0.0,0.0
242.23525007074338,33.9668409243447,19.846778627756688,0.0,0.0,0.0
242.2374905796336,33.97683075849823,19.84741212723889,0.0,0.0,0.0
242.23973460678215,33.98682047545005,19.848045956793115,0.0,0.0,0.0
242.241982153092,33.99681007499792,19.848680106761766,0.0,0.0,0.0
242.24423321947,34.006799556939086,19.84931456743981,0.0,0.0,0.0
242.24648780682756,34.0167889210703,19.849949329074743,0.0,0.0,0.0
242.2487459160802,34.02677816718777,19.850584381866636,0.0,0.0,0.0
242.25100754814787,34.03676729508725,19.851219715968124,0.0,0.0,0.0
242.25327270395482,34.046756304563914,19.851855321484425,0.0,0.0,0.0
242.2555413844293,34.05674519541247,19.85249118847333,0.0,0.0,0.0
242.2578135905043,34.06673396742711,19.85312730694523,0.0,0.0,0.0
242.26008932311674,34.076722620401476,19.853763666863113,0.0,0.0,0.0
242.2623685832081,34.08671115412875,19.85440025814258,0.0,0.0,0.0
242.26465137172397,34.09669956840156,19.855037070651886,0.0,0.0,0.0
242.2669376896146,34.10668786301203,19.855674094211892,0.0,0.0,0.0
242.26922753783427,34.11667603775175,19.85631131859612,0.0,0.0,0.0
242.27152091734163,34.12666409241182,19.856948733530775,0.0,0.0,0.0
242.2738178290998,34.13665202678281,19.857586328694726,0.0,0.0,0.0
242.2761182740763,34.146639840654764,19.858224093719535,0.0,0.0,0.0
242.2784222532428,34.15662753381721,19.858862018189484,0.0,0.0,0.0
242.28072976757542,34.16661510605913,19.859500091641593,0.0,0.0,0.0
242.28304081805484,34.17660255716905,19.860138303565602,0.0,0.0,0.0
242.28535540566577,34.1865898869349,19.86077664340404,0.0,0.0,0.0
242.2876735313977,34.19657709514412,19.8614151005522,0.0,0.0,0.0
242.28999519624418,34.20656418158364,19.862053664358186,0.0,0.0,0.0
242.29232040120337,34.21655114603983,19.862692324122925,0.0,0.0,0.0
242.29464914727768,34.22653798829856,19.86333106910019,0.0,0.0,0.0
242.2969814354741,34.23652470814516,19.8639698884966,0.0,0.0,0.0
242.2993172668039,34.24651130536443,19.864608771471683,0.0,0.0,0.0
242.30165664228286,34.256497779740656,19.86524770713787,0.0,0.0,0.0
242.30399956293107,34.26648413105758,19.865886684560518,0.0,0.0,0.0
242.30634602977324,34.27647035909843,19.86652569275795,0.0,0.0,0.0
242.3086960438384,34.28645646364588,19.867164720701474,0.0,0.0,0.0
242.31104960616008,34.29644244448207,19.86780375731541,0.0,0.0,0.0
242.31340671777622,34.30642830138864,19.868442791477094,0.0,0.0,0.0
242.31576737972918,34.316414034146675,19.869081812016955,0.0,0.0,0.0
242.31813159306603,34.32639964253672,19.869720807718483,0.0,0.0,0.0
242.3204993588379,34.3363851263388,19.870359767318323,0.0,0.0,0.0
242.32287067810086,34.346370485332386,19.870998679506243,0.0,0.0,0.0
242.32524555191515,34.3563557192964,19.87163753292521,0.0,0.0,0.0
242.32762398134562,34.36634082800929,19.872276316171376,0.0,0.0,0.0
242.3300059674616,34.3763258112489,19.872915017794178,0.0,0.0,0.0
242.33239151133697,34.38631066879255,19.873553626296285,0.0,0.0,0.0
242.33478061405,34.396295400417024,19.874192130133707,0.0,0.0,0.0
242.3371732766837,34.406280005898566,19.874830517715786,0.0,0.0,0.0
242.33956950032535,34.416264485012896,19.87546877740524,0.0,0.0,0.0
242.34196928606693,34.42624883753513,19.876106897518213,0.0,0.0,0.0
242.3443726350049,34.43623306323992,19.876744866324273,0.0,0.0,0.0
242.34677954824025,34.44621716190131,19.877382672046515,0.0,0.0,0.0
242.34919002687857,34.45620113329283,19.878020302861515,0.0,0.0,0.0
242.35160407203003,34.46618497718745,19.878657746899453,0.0,0.0,0.0
242.35402168480917,34.4761686933576,19.879294992244073,0.0,0.0,0.0
242.35644286633539,34.486152281575144,19.8799320269328,0.0,0.0,0.0
242.35886761773244,34.49613574161144,19.88056883895672,0.0,0.0,0.0
242.36129594012874,34.506119073237244,19.881205416260638,0.0,0.0,0.0
242.36372783465734,34.51610227622277,19.88184174674315,0.0,0.0,0.0
242.36616330245573,34.526085350337716,19.882477818256636,0.0,0.0,0.0
242.36860234466613,34.53606829535119,19.883113618607357,0.0,0.0,0.0
242.37104496243543,34.546051111031765,19.883749135555455,0.0,0.0,0.0
242.3734911569149,34.55603379714745,19.884384356815016,0.0,0.0,0.0
242.37594092926065,34.566016353465685,19.885019270054126,0.0,0.0,0.0
242.37839428063327,34.57599877975339,19.885653862894895,0.0,0.0,0.0
242.38085121219808,34.5859810757769,19.886288122913545,0.0,0.0,0.0
242.38331172512497,34.595963241301995,19.886922037640392,0.0,0.0,0.0
242.38577582058855,34.605945276093884,19.88755559455997,0.0,0.0,0.0
242.38824349976792,34.61592717991725,19.88818878111101,0.0,0.0,0.0
242.39071476384706,34.62590895253618,19.88882158468656,0.0,0.0,0.0
242.39318961401437,34.635890593714215,19.889453992633985,0.0,0.0,0.0
242.39566805146316,34.64587210321432,19.890085992255045,0.0,0.0,0.0
242.3981500773912,34.65585348079893,19.89071757080592,0.0,0.0,0.0
242.40063569300105,34.665834726229875,19.891348715497305,0.0,0.0,0.0
242.40312489949997,34.67581583926843,19.89197941349444,0.0,0.0,0.0
242.40561769809983,34.68579681967531,19.892609651917148,0.0,0.0,0.0
242.40811409001725,34.69577766721065,19.893239417839947,0.0,0.0,0.0
242.41061407647354,34.70575838163404,19.893868698292028,0.0,0.0,0.0
242.41311765869472,34.71573896270447,19.894497480257396,0.0,0.0,0.0
242.41562483791157,34.725719410180396,19.895125750674865,0.0,0.0,0.0
242.41813561535955,34.735699723819664,19.895753496438143,0.0,0.0,0.0
242.42064999227878,34.74567990337955,19.896380704395895,0.0,0.0,0.0
242.42316796991418,34.7556599486168,19.897007361351804,0.0,0.0,0.0
242.42568954951543,34.76563985928753,19.897633454064593,0.0,0.0,0.0
242.42821473233695,34.77561963514732,19.898258969248168,0.0,0.0,0.0
242.43074351963796,34.78559927595114,19.89888389357161,0.0,0.0,0.0
242.43327591268218,34.79557878145344,19.89950821365926,0.0,0.0,0.0
242.43581191273842,34.80555815140801,19.900131916090803,0.0,0.0,0.0
242.43835152108005,34.81553738556811,19.900754987401292,0.0,0.0,0.0
242.44089473898535,34.825516483686435,19.90137741408126,0.0,0.0,0.0
242.44344156773724,34.83549544551506,19.90199918257677,0.0,0.0,0.0
242.44599200862353,34.84547427080549,19.90262027928946,0.0,0.0,0.0
242.44854606293686,34.85545295930866,19.90324069057665,0.0,0.0,0.0
242.45110373197443,34.865431510774904,19.903860402751377,0.0,0.0,0.0
242.45366501703856,34.87540992495397,19.90447940208249,0.0,0.0,0.0
242.45622991943623,34.88538820159505,19.905097674794725,0.0,0.0,0.0
242.45879844047914,34.89536634044671,19.905715207068724,0.0,0.0,0.0
242.46137058148403,34.905344341256935,19.906331985041206,0.0,0.0,0.0
242.46394634377216,34.91532220377314,19.90694799480492,0.0,0.0,0.0
242.46652572866998,34.925299927742145,19.907563222408825,0.0,0.0,0.0
242.46910873750855,34.93527751291015,19.9081776538581,0.0,0.0,0.0
242.47169537162384,34.94525495902279,19.908791275114254,0.0,0.0,0.0
242.4742856323566,34.95523226582512,19.909404072095175,0.0,0.0,0.0
242.4768795210526,34.965209433061574,19.910016030675244,0.0,0.0,0.0
242.47947703906223,34.975186460475975,19.91062713668537,0.0,0.0,0.0
242.48207818774108,34.9851633478116,19.911237375913093,0.0,0.0,0.0
242.4846829684492,34.99514009481109,19.91184673410267,0.0,0.0,0.0
242.48729138255186,35.00511670121649,19.91245519695516,0.0,0.0,0.0
242.48990343141912,35.01509316676928,19.913062750128457,0.0,0.0,0.0
242.49251911642585,35.025069491210296,19.913669379237433,0.0,0.0,0.0
242.49513843895184,35.03504567427978,19.914275069853996,0.0,0.0,0.0
242.49776140038188,35.04502171571739,19.91487980750717,0.0,0.0,0.0
242.50038800210555,35.05499761526219,19.915483577683172,0.0,0.0,0.0
242.5030182455174,35.0649733726526,19.916086365825528,0.0,0.0,0.0
242.50565213201693,35.07494898762647,19.916688157335134,0.0,0.0,0.0
242.50828966300853,35.084924459921005,19.917288937570337,0.0,0.0,0.0
242.5109308399014,35.09489978927285,19.917888691847054,0.0,0.0,0.0
242.51357566410988,35.104874975418,19.918487405438842,0.0,0.0,0.0
242.51622413705323,35.11485001809188,19.91908506357697,0.0,0.0,0.0
242.51887626015545,35.124824917029265,19.91968165145054,0.0,0.0,0.0
242.52153203484568,35.134799671964316,19.920277154206566,0.0,0.0,0.0
242.52419146255804,35.14477428263064,19.920871556950075,0.0,0.0,0.0
242.52685454473146,35.15474874876116,19.92146484474417,0.0,0.0,0.0
242.52952128280998,35.16472307008822,19.922057002610146,0.0,0.0,0.0
242.53219167824255,35.17469724634355,19.922648015527614,0.0,0.0,0.0
242.53486573248318,35.18467127725824,19.923237868434533,0.0,0.0,0.0
242.53754344699064,35.19464516256279,19.92382654622735,0.0,0.0,0.0
242.54022482322898,35.20461890198706,19.924414033761085,0.0,0.0,0.0
242.542909862667,35.2145924952603,19.925000315849434,0.0,0.0,0.0
242.54559856677878,35.2245659421111,19.92558537726486,0.0,0.0,0.0
242.5482909370431,35.23453924226751,19.92616920273868,0.0,0.0,0.0
242.55098697494404,35.244512395456866,19.926751776961215,0.0,0.0,0.0
242.55368668197042,35.25448540140596,19.92733308458183,0.0,0.0,0.0
242.55639005961632,35.264458259840886,19.92791311020907,0.0,0.0,0.0
242.5590971093808,35.27443097048715,19.92849183841076,0.0,0.0,0.0
242.5618078327678,35.28440353306965,19.929069253714097,0.0,0.0,0.0
242.56452223128653,35.294375947312595,19.92964534060577,0.0,0.0,0.0
242.56724030645103,35.30434821293961,19.930220083532056,0.0,0.0,0.0
242.56996205978055,35.31432032967368,19.930793466898926,0.0,0.0,0.0
242.57268749279942,35.32429229723714,19.931365475072155,0.0,0.0,0.0
242.57541660703683,35.33426411535173,19.93193609237742,0.0,0.0,0.0
242.5781494040272,35.344235783738505,19.93250530310043,0.0,0.0,0.0
242.58088588531004,35.35420730211791,19.93307309148701,0.0,0.0,0.0
242.58362605242985,35.364178670209775,19.93363944174324,0.0,0.0,0.0
242.58636990693628,35.374149887733246,19.934204338035524,0.0,0.0,0.0
242.589117450384,35.38412095440685,19.93476776449075,0.0,0.0,0.0
242.59186868433295,35.394091869948504,19.935329705196377,0.0,0.0,0.0
242.59462361034795,35.40406263407543,19.935890144200545,0.0,0.0,0.0
242.59738222999894,35.41403324650424,19.93644906551221,0.0,0.0,0.0
242.60014454486122,35.424003706950906,19.937006453101223,0.0,0.0,0.0
242.60291055651496,35.43397401513073,19.93756229089849,0.0,0.0,0.0
242.60568026654548,35.44394417075839,19.938116562796065,0.0,0.0,0.0
242.6084536765434,35.45391417354792,19.93866925264726,0.0,0.0,0.0
242.61123078810425,35.463884023212685,19.939220344266783,0.0,0.0,0.0
242.61401160282892,35.47385371946541,19.939769821430843,0.0,0.0,0.0
242.61679612232314,35.483823262018184,19.9403176678773,0.0,0.0,0.0
242.61958434819823,35.493792650582414,19.94086386730573,0.0,0.0,0.0
242.62237628207018,35.50376188486888,19.941408403377594,0.0,0.0,0.0
242.62517192556044,35.513730964587694,19.941951259716355,0.0,0.0,0.0
242.62797128029564,35.52369988944833,19.942492419907577,0.0,0.0,0.0
242.63077434790742,35.53366865915958,19.943031867499087,0.0,0.0,0.0
242.6335811300327,35.5436372734296,19.943569586001054,0.0,0.0,0.0
242.63639162831348,35.55360573196589,19.944105558886168,0.0,0.0,0.0
242.6392058443971,35.56357403447526,19.944639769589717,0.0,0.0,0.0
242.64202377993598,35.573542180663885,19.94517220150975,0.0,0.0,0.0
242.64484543658773,35.58351017023729,19.945702838007186,0.0,0.0,0.0
242.64767081601528,35.593478002900305,19.94623166240597,0.0,0.0,0.0
242.6504999198866,35.6034456783571,19.94675865799316,0.0,0.0,0.0
242.653332749875,35.6134131963112,19.947283808019094,0.0,0.0,0.0
242.65616930765904,35.62338055646544,19.94780709569752,0.0,0.0,0.0
242.65900959492225,35.63334775852202,19.94832850420571,0.0,0.0,0.0
242.66185361335363,35.64331480218243,19.948848016684604,0.0,0.0,0.0
242.66470136464739,35.65328168714752,19.949365616238946,0.0,0.0,0.0
242.66755285050283,35.663248413117444,19.94988128593743,0.0,0.0,0.0
242.67040807262475,35.673214979791716,19.950395008812816,0.0,0.0,0.0
242.67326703272292,35.683181386869144,19.950906767862065,0.0,0.0,0.0
242.6761297325125,35.693147634047875,19.951416546046506,0.0,0.0,0.0
242.6789961737138,35.70311372102538,19.95192432629196,0.0,0.0,0.0
242.68186635805273,35.71307964749844,19.952430091488864,0.0,0.0,0.0
242.68474028725998,35.723045413163184,19.95293382449243,0.0,0.0,0.0
242.6876179630719,35.73301101771503,19.953435508122784,0.0,0.0,0.0
242.69049938722992,35.74297646084873,19.953935125165103,0.0,0.0,0.0
242.69338456148074,35.75294174225837,19.954432658369768,0.0,0.0,0.0
242.6962734875765,35.762906861637305,19.954928090452498,0.0,0.0,0.0
242.6991661672745,35.772871818678254,19.95542140409449,0.0,0.0,0.0
242.70206260233743,35.78283661307322,19.955912581942584,0.0,0.0,0.0
242.70496279453315,35.79280124451355,19.956401606609404,0.0,0.0,0.0
242.70786674563496,35.80276571268985,19.956888460673493,0.0,0.0,0.0
242.71077445742145,35.8127300172921,19.957373126679453,0.0,0.0,0.0
242.71368593167648,35.82269415800952,19.95785558713815,0.0,0.0,0.0
242.71660117018922,35.832658134530696,19.95833582452678,0.0,0.0,0.0
242.71952017475428,35.84262194654349,19.958813821289098,0.0,0.0,0.0
242.72244294717143,35.85258559373509,19.959289559835515,0.0,0.0,0.0
242.72536948924594,35.86254907579196,19.959763022543285,0.0,0.0,0.0
