galstreams/tracks/track.st.Gaia-1.ibata2021.ecsv
# %ECSV 1.0
# ---
# datatype:
# - {name: ra, unit: deg, datatype: float64}
# - {name: dec, unit: deg, datatype: float64}
# - {name: distance, unit: kpc, datatype: float64}
# - {name: pm_ra_cosdec, unit: mas / yr, datatype: float64}
# - {name: pm_dec, unit: mas / yr, datatype: float64}
# - {name: radial_velocity, unit: km / s, datatype: float64}
# delimiter: ','
# meta: !!omap
# - __serialized_columns__:
#     dec:
#       __class__: astropy.coordinates.angles.Latitude
#       unit: &id001 !astropy.units.Unit {unit: deg}
#       value: !astropy.table.SerializedColumn {name: dec}
#     distance:
#       __class__: astropy.coordinates.distances.Distance
#       unit: !astropy.units.Unit {unit: kpc}
#       value: !astropy.table.SerializedColumn {name: distance}
#     pm_dec:
#       __class__: astropy.units.quantity.Quantity
#       unit: !astropy.units.Unit {unit: mas / yr}
#       value: !astropy.table.SerializedColumn {name: pm_dec}
#     pm_ra_cosdec:
#       __class__: astropy.units.quantity.Quantity
#       unit: !astropy.units.Unit {unit: mas / yr}
#       value: !astropy.table.SerializedColumn {name: pm_ra_cosdec}
#     ra:
#       __class__: astropy.coordinates.angles.Longitude
#       unit: *id001
#       value: !astropy.table.SerializedColumn {name: ra}
#       wrap_angle: !astropy.coordinates.Angle
#         unit: *id001
#         value: 360.0
#     radial_velocity:
#       __class__: astropy.units.quantity.Quantity
#       unit: !astropy.units.Unit {unit: km / s}
#       value: !astropy.table.SerializedColumn {name: radial_velocity}
# schema: astropy-2.0
ra,dec,distance,pm_ra_cosdec,pm_dec,radial_velocity
[from data line 281]
184.70263970748223,-18.42387152335668,4.996566622152123,-12.622865526096625,-16.78555292288417,145.26752724179926
184.7083885853067,-18.415453719099343,4.996623564107226,-12.624420264679243,-16.78881648465933,145.5645599402695
184.71413753949622,-18.407036200291827,4.99668067315788,-12.625974856809238,-16.79207889564253,145.8611135040345
184.7198865700397,-18.398618966782763,4.996737949015245,-12.627529302569805,-16.795340155729633,146.1571881801335
184.725635676926,-18.390202018420812,4.9967953913904894,-12.629083602044068,-16.798600264816486,146.45278421560525
184.73138486014403,-18.381785355054543,4.9968529999947835,-12.630637755315096,-16.80185922279893,146.74790185748907
184.73713411968262,-18.373368976532714,4.996910774539292,-12.632191762465915,-16.805117029572802,147.04254135282397
184.7428834555306,-18.364952882704113,4.996968714735183,-12.63374562357949,-16.80837368503394,147.33670294864902
184.7486328676769,-18.356537073417446,4.997026820293626,-12.635299338738731,-16.811629189078197,147.63038689200343
184.75438235611028,-18.348121548521643,4.997085090925787,-12.636852908026501,-16.814883541601382,147.9235934299263
184.76013192081967,-18.339706307865512,4.997143526342833,-12.638406331525601,-16.818136742499338,148.21632280945659
184.76588156179392,-18.331291351298,4.997202126255932,-12.639959609318787,-16.8213887916679,148.50857527763344
184.77163127902176,-18.32287667866815,4.99726089037625,-12.64151274148876,-16.824639689002872,148.80035108149607
184.77738107249215,-18.31446228982486,4.997319818414957,-12.64306572811816,-16.8278894344001,149.09165046808334
184.78313094219382,-18.30604818461731,4.997378910083217,-12.644618569289587,-16.831138027755394,149.38247368443461
184.78888088811564,-18.2976343628945,4.9974381650922,-12.64617126508557,-16.83438546896457,149.67282097758888
184.79463091024647,-18.289220824505612,4.997497583153075,-12.647723815588584,-16.837631757923443,149.9626925945851
184.80038100857502,-18.28080756929991,4.9975571639770076,-12.649276220881074,-16.84087689452781,150.25208878246266
184.8061311830902,-18.272394597126528,4.997616907275162,-12.65082848104541,-16.844120878673515,150.5410097882603
184.81188143378074,-18.263981907834836,4.997676812758712,-12.652380596163914,-16.847363710256335,150.82945585901746
184.8176317606355,-18.25556950127407,4.99773688013882,-12.653932566318844,-16.850605389172085,151.11742724177307
184.8233821636433,-18.247157377293647,4.997797109126655,-12.655484391592429,-16.853845915316573,151.40492418356612
184.8291326427928,-18.238745535743025,4.997857499433384,-12.657036072066814,-16.857085288585587,151.69194693143598
184.83488319807293,-18.230333976471577,4.997918050770175,-12.658587607824108,-16.860323508874938,151.9784957324216
184.84063382947238,-18.221922699328893,4.997978762848196,-12.660138998946364,-16.863560576080413,152.2645708335619
184.84638453698003,-18.213511704164418,4.998039635378615,-12.661690245515565,-16.866796490097798,152.5501724818963
184.85213532058458,-18.205100990827802,4.998100668072597,-12.663241347613662,-16.870031250822883,152.83530092446364
184.85788618027473,-18.196690559168715,4.99816186064131,-12.664792305322544,-16.873264858151465,153.11995640830312
184.86363711603943,-18.188280409036754,4.998223212795925,-12.666343118724027,-16.87649731197932,153.4041391804539
184.86938812786727,-18.179870540281726,4.998284724247604,-12.667893787899914,-16.879728612202243,153.68784948795496
184.87513921574708,-18.171460952753314,4.998346394707517,-12.669444312931903,-16.882958758716,153.97108757784554
184.88089037966765,-18.163051646301366,4.998408223886834,-12.670994693901669,-16.88618775141637,154.25385369716452
184.88664161961762,-18.15464262077579,4.998470211496718,-12.672544930890833,-16.889415590199135,154.5361480929513
184.89239293558586,-18.14623387602638,4.998532357248339,-12.67409502398094,-16.892642274960068,154.8179710122445
184.89814432756097,-18.137825411903194,4.998594660852863,-12.675644973253505,-16.89586780559494,155.09932270208387
184.9038957955318,-18.129417228256106,4.998657122021459,-12.67719477878996,-16.899092181999507,155.38020340950789
184.90964733948707,-18.121009324935205,4.998719740465294,-12.67874444067171,-16.902315404069554,155.66061338155598
184.9153989594154,-18.112601701790613,4.998782515895534,-12.680293958980098,-16.905537471700836,155.94055286526725
184.92115065530564,-18.10419435867235,4.998845448023348,-12.68184333379639,-16.908758384789103,156.22002210768062
184.92690242714636,-18.095787295430675,4.998908536559903,-12.683392565201824,-16.91197814323013,156.4990213558355
184.93265427492645,-18.0873805119157,4.998971781216368,-12.684941653277571,-16.915196746919673,156.77755085677066
184.9384061986345,-18.078974007977735,4.999035181703907,-12.686490598104749,-16.91841419575349,157.0556108575253
184.9441581982592,-18.070567783467105,4.99909873773369,-12.688039399764412,-16.921630489627315,157.33320160513838
184.94991027378933,-18.062161838234072,4.999162449016883,-12.689588058337577,-16.92484562843692,157.6103233466495
184.9556624252135,-18.0537561721291,4.999226315264655,-12.691136573905185,-16.92805961207804,157.88697632909705
184.96141465252046,-18.04535078500253,4.999290336188173,-12.692684946548134,-16.93127244044643,158.16316079952068
184.96716695569884,-18.036945676704878,4.999354511498603,-12.694233176347266,-16.934484113437833,158.4388770049593
184.97291933473736,-18.028540847086703,4.999418840907114,-12.695781263383358,-16.93769463094798,158.7141251924519
184.97867178962468,-18.020136295998476,4.999483324124873,-12.697329207737146,-16.940903992872624,158.98890560903772
184.98442432034952,-18.01173202329085,4.999547960863047,-12.6988770094893,-16.944112199107508,159.26321850175583
184.99017692690043,-18.003328028814508,4.999612750832805,-12.70042466872043,-16.94731924954834,159.53706411764526
184.9959296092662,-17.994924312420064,4.999677693745311,-12.701972185511107,-16.950525144090893,159.81044270374517
185.00168236743536,-17.98652087395833,4.999742789311735,-12.703519559941826,-16.953729882630864,160.08335450709473
185.00743520139667,-17.97811771328,4.999808037243246,-12.705066792093042,-16.956933465064,160.3557997747329
185.01318811113873,-17.969714830235986,4.999873437251009,-12.706613882045147,-16.960135891286026,160.6277787536987
185.01894109665022,-17.961312224677066,4.999938989046191,-12.70816082987847,-16.963337161192673,160.89929169103144
185.02469415791973,-17.952909896454194,5.00000469233996,-12.709707635673297,-16.96653727467966,161.17033883377022
185.0304472949359,-17.944507845418368,5.000070546843486,-12.711254299509852,-16.9697362316427,161.44092042895386
185.03620050768743,-17.9361060714205,5.000136552267933,-12.712800821468306,-16.972934031977534,161.7110367236217
185.04195379616283,-17.927704574311687,5.000202708324471,-12.714347201628765,-16.976130675579856,161.98068796481297
185.0477071603508,-17.919303353943043,5.000269014724263,-12.715893440071293,-16.97932616234541,162.24987439956635
185.05346060023996,-17.910902410165615,5.000335471178483,-12.71743953687587,-16.98252049216988,162.51859627492124
185.05921411581886,-17.90250174283067,5.000402077398294,-12.71898549212246,-16.985713664948996,162.7868538379166
185.0649677070762,-17.894101351789327,5.000468833094864,-12.720531305890937,-16.988905680578473,163.05464733559157
185.07072137400053,-17.885701236892906,5.000535737979361,-12.722076978261134,-16.99209653895401,163.32197701498532
185.0764751165804,-17.877301397992742,5.000602791762954,-12.72362250931282,-16.995286239971307,163.58884312313685
185.08222893480448,-17.868901834940104,5.000669994156807,-12.725167899125708,-16.99847478352609,163.85524590708545
185.08798282866132,-17.86050254758648,5.000737344872089,-12.726713147779469,-17.001662169514045,164.12118561386987
185.09373679813956,-17.852103535783204,5.000804843619969,-12.728258255353689,-17.00484839783088,164.3866624905296
185.09949084322773,-17.84370479938181,5.00087249011161,-12.729803221927938,-17.008033468372304,164.6516767841035
185.10524496391437,-17.835306338233867,5.000940284058186,-12.73134804758168,-17.011217381033997,164.91622874163053
185.11099916018816,-17.826908152190853,5.001008225170859,-12.732892732394356,-17.014400135711668,165.18031861015004
185.11675343203757,-17.818510241104462,5.0010763131608,-12.73443727644534,-17.017581732301007,165.44394663670107
185.1225077794512,-17.810112604826266,5.001144547739174,-12.73598167981395,-17.02076217069771,165.70711306832268
185.12826220241766,-17.801715243208008,5.001212928617151,-12.737525942579438,-17.023941450797466,165.96981815205396
185.1340167009254,-17.79331815610149,5.001281455505894,-12.739070064821025,-17.02711957249596,166.232062134934
185.13977127496304,-17.784921343358388,5.0013501281165755,-12.740614046617841,-17.030296535688894,166.49384526400192
185.1455259245191,-17.77652480483063,5.001418946160359,-12.74215788804898,-17.03347234027193,166.75516778629682
185.1512806495821,-17.76812854037001,5.001487909348413,-12.743701589193483,-17.036646986140788,167.01602994885795
185.15703545014065,-17.75973254982847,5.0015570173919075,-12.7452451501303,-17.03982047319112,167.2764319987242
185.1627903261832,-17.751336833058037,5.001626270002008,-12.746788570938367,-17.04299280131861,167.53637418293457
185.16854527769837,-17.74294138991062,5.00169566688988,-12.748331851696541,-17.04616397041897,167.79585674852842
185.17430030467455,-17.734546220238364,5.001765207766693,-12.749874992483617,-17.04933398038784,168.0548799425447
185.18005540710038,-17.726151323893262,5.001834892343615,-12.751417993378343,-17.052502831120915,168.3134440120226
185.18581058496434,-17.717756700727495,5.001904720331812,-12.752960854459399,-17.05567052251387,168.57154920400103
185.19156583825486,-17.709362350593295,5.001974691442453,-12.754503575805417,-17.05883705446237,168.82919576551944
185.1973211669606,-17.70096827334279,5.002044805386705,-12.75604615749497,-17.062002426862104,169.08638394361643
185.2030765710699,-17.69257446882835,5.002115061875734,-12.75758859960657,-17.06516663960873,169.34311398533157
185.20883205057137,-17.68418093690218,5.002185460620707,-12.759130902218663,-17.068329692597917,169.59938613770368
185.21458760545346,-17.675787677416697,5.002256001332794,-12.760673065409659,-17.071491585725344,169.85520064777197
185.22034323570463,-17.667394690224324,5.002326683723163,-12.76221508925789,-17.07465231888666,170.11055776257547
185.2260989413134,-17.65900197517742,5.002397507502978,-12.763756973841629,-17.07781189197755,170.3654577291533
185.23185472226828,-17.650609532128527,5.002468472383409,-12.765298719239107,-17.080970304893665,170.61990079454463
185.23761057855765,-17.642217360930214,5.002539578075621,-12.766840325528497,-17.08412755753067,170.87388720578846
185.2433665101701,-17.63382546143496,5.002610824290783,-12.768381792787894,-17.087283649784236,171.12741720992378
185.24912251709392,-17.625433833495467,5.002682210740065,-12.76992312109534,-17.090438581549993,171.38049105398997
185.25487859931778,-17.61704247696432,5.002753737134631,-12.771464310528836,-17.093592352723643,171.63310898502596
185.26063475682997,-17.6086513916943,5.002825403185648,-12.773005361166309,-17.096744963200802,171.88527125007073
185.26639098961905,-17.600260577538066,5.002897208604286,-12.774546273085631,-17.099896412877158,172.1369780961637
185.27214729767343,-17.59187003434845,5.002969153101712,-12.77608704636461,-17.103046701648335,172.38822977034366
185.2779036809815,-17.583479761978342,5.003041236389091,-12.777627681081018,-17.106195829410016,172.63902651964983
185.28366013953178,-17.57508976028053,5.003113458177593,-12.77916817731254,-17.109343796057843,172.88936859112147
185.28941667331267,-17.56670002910797,5.003185818178383,-12.780708535136814,-17.112490601487462,173.1392562317974
185.29517328231256,-17.558310568313665,5.003258316102633,-12.78224875463142,-17.11563624559451,173.38868968871662
185.30092996651996,-17.549921377750564,5.003330951661504,-12.783788835873889,-17.118780728274665,173.63766920891877
185.30668672592324,-17.541532457271774,5.003403724566168,-12.785328778941675,-17.12192404942356,173.88619503944236
185.31244356051081,-17.533143806730326,5.003476634527793,-12.786868583912172,-17.125066208936833,174.13426742732688
185.3182004702711,-17.52475542597939,5.003549681257543,-12.788408250862737,-17.128207206710137,174.38188661961124
185.3239574551925,-17.5163673148722,5.003622864466587,-12.789947779870655,-17.131347042639113,174.6290528633345
185.32971451526345,-17.507979473261884,5.003696183866094,-12.791487171013143,-17.134485716619405,174.87576640553598
185.3354716504723,-17.499591901001807,5.003769639167229,-12.79302642436738,-17.137623228546655,175.12202749325465
185.34122886080746,-17.491204597945195,5.003843230081162,-12.794565540010462,-17.140759578316505,175.36783637352957
185.3469861462574,-17.48281756394544,5.003916956319056,-12.796104518019444,-17.14389476582459,175.61319329339972
185.35274350681033,-17.47443079885599,5.003990817592084,-12.79764335847132,-17.147028790966555,175.85809849990457
185.3585009424548,-17.466044302530204,5.00406481361141,-12.799182061443004,-17.150161653638026,176.10255224008273
185.36425845317908,-17.457658074821648,5.004138944088201,-12.800720627011383,-17.153293353734647,176.3465547609737
185.3700160389716,-17.44927211558377,5.004213208733626,-12.802259055253273,-17.15642389115206,176.59010630961637
185.37577369982077,-17.44088642467018,5.004287607258854,-12.803797346245396,-17.15955326578588,176.83320713304983
185.38153143571483,-17.432501001934547,5.00436213937505,-12.80533550006448,-17.162681477531763,177.0758574783133
185.38728924664224,-17.424115847230446,5.0044368047933805,-12.806873516787132,-17.16580852628532,177.318057592446
185.39304713259128,-17.415730960411654,5.004511603225014,-12.808411396489943,-17.1689344119422,177.55980772248657
185.39880509355038,-17.40734634133184,5.0045865343811196,-12.80994913924941,-17.17205913439802,177.80110811547453
185.40456312950786,-17.398961989844835,5.004661597972863,-12.811486745142002,-17.175182693548425,178.0419590184487
185.410321240452,-17.39057790580451,5.004736793711413,-12.813024214244097,-17.17830508928902,178.2823606784484
185.4160794263712,-17.382194089064672,5.004812121307936,-12.814561546632042,-17.18142632151545,178.5223133425126
185.42183768725374,-17.373810539479315,5.004887580473598,-12.816098742382106,-17.184546390123334,178.7618172576805
185.42759602308806,-17.36542725690231,5.004963170919571,-12.817635801570502,-17.18766529500831,179.00087267099107
185.4333544338624,-17.357044241187715,5.0050388923570175,-12.819172724273383,-17.190783036065984,179.23947982948332
185.43911291956508,-17.348661492189628,5.005114744497107,-12.82070951056685,-17.193899613191995,179.47763898019664
185.44487148018442,-17.340279009762046,5.005190727051006,-12.822246160526937,-17.197015026281978,179.71535037017006
185.4506301157087,-17.3318967937592,5.005266839729884,-12.823782674229607,-17.20012927523152,179.95261424644247
185.4563888261263,-17.323514844035174,5.005343082244907,-12.82531905175078,-17.203242359936276,180.18943085605306
185.4621476114255,-17.315133160444248,5.005419454307241,-12.826855293166311,-17.206354280291855,180.42580044604105
185.46790647159457,-17.306751742840717,5.005495955628058,-12.828391398551986,-17.209465036193862,180.6617232634453
185.47366540662182,-17.298370591078807,5.005572585918522,-12.829927367983545,-17.212574627537947,180.8971995553051
185.47942441649553,-17.28998970501293,5.005649344889798,-12.831463201536659,-17.21568305421971,181.13222956865968
185.485183501204,-17.2816090844975,5.0057262322530605,-12.832998899286935,-17.21879031613477,181.36681355054776
185.4909426607355,-17.273228729386886,5.005803247719469,-12.83453446130992,-17.22189641317874,181.60095174800867
185.49670189507827,-17.264848639535654,5.005880391000197,-12.836069887681123,-17.225001345247257,181.8346444080815
