galstreams/tracks/track.st.Phlegethon.ibata2024.ecsv
# %ECSV 1.0
# ---
# datatype:
# - {name: ra, unit: deg, datatype: float64}
# - {name: dec, unit: deg, datatype: float64}
# - {name: distance, unit: kpc, datatype: float64}
# - {name: pm_ra_cosdec, unit: mas / yr, datatype: float64}
# - {name: pm_dec, unit: mas / yr, datatype: float64}
# - {name: radial_velocity, unit: km / s, datatype: float64}
# delimiter: ','
# meta: !!omap
# - __serialized_columns__:
#     dec:
#       __class__: astropy.coordinates.angles.Latitude
#       unit: &id001 !astropy.units.Unit {unit: deg}
#       value: !astropy.table.SerializedColumn {name: dec}
#     distance:
#       __class__: astropy.coordinates.distances.Distance
#       unit: !astropy.units.Unit {unit: kpc}
#       value: !astropy.table.SerializedColumn {name: distance}
#     pm_dec:
#       __class__: astropy.units.quantity.Quantity
#       unit: !astropy.units.Unit {unit: mas / yr}
#       value: !astropy.table.SerializedColumn {name: pm_dec}
#     pm_ra_cosdec:
#       __class__: astropy.units.quantity.Quantity
#       unit: !astropy.units.Unit {unit: mas / yr}
#       value: !astropy.table.SerializedColumn {name: pm_ra_cosdec}
#     ra:
#       __class__: astropy.coordinates.angles.Longitude
#       unit: *id001
#       value: !astropy.table.SerializedColumn {name: ra}
#       wrap_angle: !astropy.coordinates.Angle
#         unit: *id001
#         value: 360.0
#     radial_velocity:
#       __class__: astropy.units.quantity.Quantity
#       unit: !astropy.units.Unit {unit: km / s}
#       value: !astropy.table.SerializedColumn {name: radial_velocity}
# schema: astropy-2.0
ra,dec,distance,pm_ra_cosdec,pm_dec,radial_velocity
[from data line 860]
313.04835073434185,-49.383981101665036,1.0000000000000007,-7.773223366752808,-31.742751474654447,217.7751507748945
313.05406576133794,-49.374634797503504,1.0000000000000007,-7.771017120953957,-31.748350751898005,217.64850176181847
313.0597781896864,-49.365288122354144,1.0000000000000007,-7.768810817480414,-31.75394711726112,217.52186743749908
313.0654880210039,-49.355941076477905,1.0000000000000004,-7.7666044569445,-31.75954057116108,217.39524779906074
313.07119525690524,-49.346593660135674,1.0000000000000004,-7.7643980399578165,-31.765131114015045,217.2686428436285
313.07689989900445,-49.33724587358795,1.0000000000000004,-7.7621915671312145,-31.77071874624018,217.14205256832702
313.082601948914,-49.32789771709505,1.0000000000000007,-7.759985039074808,-31.776303468253584,217.01547697028101
313.088301408245,-49.31854919091701,1.0000000000000007,-7.757778456397974,-31.78188528047228,216.88891604661507
313.0939982786074,-49.309200295313794,1.0000000000000007,-7.755571819709395,-31.787464183313272,216.76236979445414
313.0996925616096,-49.29985103054497,1.0000000000000004,-7.753365129616965,-31.793040177193458,216.63583821092283
313.105384258859,-49.29050139686995,1.0000000000000004,-7.751158386727887,-31.798613262529713,216.5093212931459
313.1110733719614,-49.28115139454789,1.0000000000000007,-7.748951591648623,-31.80418343973885,216.38281903824807
313.11675990252144,-49.271801023837675,1.0000000000000007,-7.746744744984889,-31.80975070923763,216.2563314433541
313.1224438521424,-49.262450284998124,1.0000000000000004,-7.74453784734172,-31.815315071442765,216.12985850558866
313.12812522242626,-49.253099178287655,1.0000000000000007,-7.742330899323363,-31.820876526770846,216.00340022207655
313.13380401497363,-49.243747703964544,1.0000000000000004,-7.74012390153338,-31.826435075638514,215.8769565899425
313.139480231384,-49.234395862286796,1.0000000000000007,-7.737916854574593,-31.831990718462265,215.7505276063112
313.14515387325537,-49.22504365351215,1.0000000000000007,-7.735709759049087,-31.83754345565858,215.62411326830738
313.15082494218444,-49.215691077898306,1.0000000000000007,-7.73350261555825,-31.843093287643857,215.4977135730558
313.15649343976673,-49.20633813570251,1.0000000000000004,-7.731295424702744,-31.84864021483451,215.37132851768118
313.16215936759625,-49.1969848271819,1.0000000000000007,-7.729088187082473,-31.854184237646763,215.24495809930838
313.167822727266,-49.18763115259334,1.0000000000000004,-7.726880903296653,-31.859725356496917,215.11860231506176
313.17348352036754,-49.17827711219347,1.0000000000000007,-7.72467357394375,-31.865263571801094,214.99226116206646
313.17914174849085,-49.168922706238796,1.0000000000000007,-7.722466199621556,-31.870798883975475,214.86593463744705
313.18479741322517,-49.159567934985475,1.0000000000000004,-7.7202587809271055,-31.876331293436102,214.73962273832828
313.19045051615797,-49.15021279868948,1.0000000000000007,-7.718051318456714,-31.881860800598965,214.61332546183485
313.1961010588757,-49.140857297606516,1.0000000000000007,-7.715843812805987,-31.88738740588005,214.48704280509142
313.2017490429633,-49.13150143199221,1.0000000000000004,-7.7136362645698355,-31.892911109695245,214.36077476522289
313.2073944700046,-49.12214520210181,1.0000000000000004,-7.711428674342413,-31.89843191246035,214.23452133935385
313.21303734158204,-49.1127886081904,1.0000000000000007,-7.709221042717184,-31.903949814591147,214.10828252460902
313.21867765927675,-49.103431650512796,1.0000000000000007,-7.707013370286886,-31.909464816503384,213.98205831811336
313.22431542466876,-49.0940743293236,1.0000000000000007,-7.704805657643547,-31.91497691861267,213.85584871699126
313.2299506393366,-49.08471664487729,1.0000000000000007,-7.7025979053785,-31.920486121334662,213.7296537183678
313.23558330485747,-49.075358597428014,1.0000000000000004,-7.700390114082328,-31.92599242508482,213.6034733193675
313.2412134228075,-49.066000187229704,1.0000000000000007,-7.698182284344933,-31.93149583027867,213.47730751711524
313.24684099476144,-49.05664141453604,1.0000000000000007,-7.6959744167554796,-31.936996337331614,213.35115630873548
313.25246602229265,-49.047282279600616,1.0000000000000004,-7.693766511902455,-31.942493946659006,213.22501969135317
313.2580885069734,-49.03792278267667,1.0000000000000007,-7.691558570373625,-31.947988658676152,213.098897662093
313.2637084503745,-49.028562924017244,1.0000000000000007,-7.689350592756019,-31.953480473798272,212.97279021807975
313.2693258540655,-49.019202703875166,1.0000000000000004,-7.687142579635998,-31.95896939244058,212.84669735643797
313.2749407196149,-49.009842122503,1.0000000000000007,-7.684934531599173,-31.964455415018122,212.72061907429264
313.28055304858964,-49.00048118015324,1.0000000000000007,-7.682726449230516,-31.96993854194603,212.59455536876828
313.2861628425554,-48.99111987707798,1.0000000000000007,-7.680518333114218,-31.97541877363924,212.46850623698978
313.2917701030769,-48.98175821352917,1.0000000000000004,-7.67831018383382,-31.980896110512706,212.34247167608171
313.2973748317171,-48.97239618975851,1.0000000000000007,-7.67610200197212,-31.98637055298129,212.21645168316897
313.3029770300381,-48.963033806017464,1.0000000000000007,-7.673893788111242,-31.991842101459838,212.09044625537624
313.3085766996005,-48.9536710625574,1.0000000000000007,-7.671685542832603,-31.997310756363067,211.96445538982815
313.3141738419638,-48.94430795962931,1.0000000000000007,-7.669477266716901,-32.00277651810566,211.8384790836496
313.319768458686,-48.93494449748403,1.0000000000000004,-7.667268960344152,-32.008239387102265,211.7125173339652
313.32536055132397,-48.92558067637218,1.0000000000000004,-7.6650606242936545,-32.013699363767415,211.58657013789968
313.33095012143343,-48.91621649654409,1.0000000000000007,-7.662852259144012,-32.01915644851564,211.46063749257786
313.3365371705686,-48.90685195825,1.0000000000000004,-7.660643865473161,-32.024610641761384,211.33471939512432
313.34212170028246,-48.89748706173985,1.0000000000000004,-7.658435443858289,-32.030061943918994,211.20881584266397
313.34770371212693,-48.88812180726335,1.0000000000000007,-7.656226994875917,-32.03551035540279,211.0829268323214
313.35328320765257,-48.87875619506995,1.0000000000000009,-7.654018519101859,-32.04095587662706,210.9570523612214
313.35886018840847,-48.86939022540904,1.0000000000000004,-7.651810017111254,-32.046398508005964,210.83119242648877
313.3644346559428,-48.86002389852963,1.0000000000000007,-7.649601489478528,-32.05183824995365,210.7053470252481
313.3700066118022,-48.8506572146806,1.0000000000000004,-7.647392936777407,-32.05727510288417,210.57951615462423
313.3755760575321,-48.84129017411053,1.0000000000000004,-7.6451843595809255,-32.062709067211514,210.45369981174184
313.3811429946769,-48.831922777067795,1.0000000000000004,-7.642975758461434,-32.06814014334964,210.32789799372566
313.38670742477944,-48.82255502380072,1.0000000000000007,-7.640767133990605,-32.07356833171241,210.2021106977005
313.3922693493815,-48.81318691455719,1.0000000000000007,-7.6385584867394005,-32.07899363271365,210.076337920791
313.39782877002347,-48.803818449584966,1.0000000000000007,-7.636349817278084,-32.0844160467671,209.9505796601219
313.4033856882446,-48.79444962913155,1.0000000000000004,-7.634141126176244,-32.08983557428645,209.82483591281803
313.4089401055828,-48.785080453444344,1.0000000000000004,-7.6319324140027875,-32.0952522156853,209.69910667600394
313.41449202357484,-48.77571092277041,1.0000000000000004,-7.629723681325917,-32.10066597137723,209.57339194680446
313.42004144375613,-48.76634103735661,1.0000000000000007,-7.627514928713156,-32.10607684177572,209.44769172234453
313.42558836766085,-48.756970797449625,1.0000000000000007,-7.625306156731343,-32.11148482729421,209.32200599974854
313.43113279682194,-48.74760020329585,1.0000000000000004,-7.6230973659466175,-32.11688992834607,209.1963347761412
313.4366747327712,-48.73822925514164,1.0000000000000004,-7.6208885569244655,-32.122292145344595,209.07067804864766
313.442214177039,-48.72885795323292,1.0000000000000007,-7.61867973022964,-32.12769147870299,208.94503581439236
313.4477511311546,-48.71948629781552,1.0000000000000007,-7.616470886426262,-32.13308792883446,208.8194080705
313.4532855966459,-48.710114289134964,1.0000000000000007,-7.6142620260777285,-32.13848149615211,208.69379481409533
313.45881757503975,-48.70074192743671,1.0000000000000004,-7.612053149746791,-32.14387218106897,208.56819604230316
313.4643470678615,-48.69136921296586,1.0000000000000007,-7.609844257995487,-32.149259983998014,208.44261175224833
313.46987407663556,-48.68199614596736,1.0000000000000004,-7.607635351385191,-32.154644905352164,208.3170419410553
313.47539860288475,-48.67262272668593,1.0000000000000004,-7.605426430476595,-32.160026945544246,208.19148660584895
313.480920648131,-48.663248955366065,1.0000000000000007,-7.603217495829705,-32.16540610498707,208.06594574375396
313.4864402138948,-48.653874832252015,1.0000000000000007,-7.601008548003852,-32.17078238409332,207.94041935189512
313.49195730169544,-48.644500357587965,1.0000000000000004,-7.598799587557712,-32.17615578327567,207.81490742739723
313.49747191305096,-48.6351255316177,1.0000000000000007,-7.5965906150492515,-32.181526302946686,207.68940996738485
313.5029840494782,-48.62575035458489,1.0000000000000004,-7.594381631035773,-32.18689394351888,207.56392696898286
313.50849371249274,-48.6163748267329,1.0000000000000007,-7.592172636073894,-32.19225870540472,207.4384584293158
313.51400090360903,-48.60699894830506,1.0000000000000007,-7.589963630719595,-32.197620589016594,207.31300434550863
313.5195056243401,-48.597622719544326,1.0000000000000007,-7.58775461552813,-32.20297959476678,207.187564714686
313.525007876198,-48.5882461406935,1.0000000000000007,-7.58554559105412,-32.20833572306757,207.06213953397256
313.5305076606933,-48.57886921199514,1.0000000000000007,-7.583336557851502,-32.21368897433115,206.9367288004931
313.5360049793355,-48.56949193369157,1.0000000000000004,-7.58112751647351,-32.21903934896962,206.81133251137237
313.5414998336327,-48.560114306025056,1.0000000000000004,-7.5789184674727785,-32.22438684739505,206.6859506637351
313.5469922250921,-48.550736329237466,1.0000000000000007,-7.576709411401192,-32.2297314700194,206.56058325470602
313.55248215521937,-48.54135800357055,1.0000000000000007,-7.574500348810024,-32.2350732172546,206.43523028140973
313.55796962551915,-48.53197932926575,1.0000000000000007,-7.572291280249842,-32.24041208951253,206.30989174097115
313.56345463749466,-48.5226003065645,1.0000000000000007,-7.570082206270578,-32.245748087204916,206.184567630515
313.56893719264804,-48.51322093570782,1.0000000000000007,-7.5678731274214694,-32.25108121074351,206.0592579471659
313.5744172924803,-48.50384121693661,1.0000000000000007,-7.565664044251095,-32.25641146053995,205.93396268804878
313.57989493849095,-48.494461150491524,1.0000000000000007,-7.563454957307381,-32.261738837005836,205.80868185028805
313.58537013217864,-48.48508073661297,1.0000000000000007,-7.5612458671375595,-32.26706334055267,205.68341543100868
313.5908428750405,-48.4756999755413,1.0000000000000004,-7.559036774288234,-32.2723849715919,205.55816342733522
313.5963131685726,-48.46631886751653,1.0000000000000007,-7.556827679305323,-32.27770373053485,205.43292583639263
313.6017810142697,-48.45693741277844,1.0000000000000007,-7.55461858273408,-32.28301961779292,205.30770265530563
313.6072464136255,-48.44755561156661,1.0000000000000007,-7.552409485119094,-32.2883326337773,205.18249388119872
313.6127093681323,-48.43817346412057,1.0000000000000007,-7.550200387004326,-32.29364277889916,205.05729951119676
313.6181698792813,-48.42879097067944,1.0000000000000007,-7.54799128893303,-32.29895005356963,204.93211954242457
313.62362794856256,-48.41940813148221,1.0000000000000009,-7.5457821914478265,-32.30425445819972,204.8069539720068
313.6290835774648,-48.41002494676767,1.0000000000000007,-7.543573095090675,-32.30955599320042,204.6818027970681
313.6345367674756,-48.400641416774334,1.0000000000000004,-7.541364000402853,-32.31485465898261,204.55666601473322
313.6399875200812,-48.39125754174066,1.0000000000000007,-7.5391549079250195,-32.32015045595711,204.43154362212715
313.6454358367669,-48.38187332190475,1.0000000000000007,-7.536945818197159,-32.325443384534715,204.30643561637433
313.6508817190166,-48.372488757504534,1.0000000000000007,-7.534736731758581,-32.33073344512609,204.18134199459953
313.65632516831295,-48.36310384877776,1.0000000000000007,-7.532527649147966,-32.33602063814186,204.05626275392765
313.66176618613764,-48.35371859596191,1.0000000000000007,-7.5303185709033045,-32.341304963992584,203.93119789148324
313.6672047739709,-48.34433299929437,1.0000000000000004,-7.528109497561994,-32.34658642308876,203.80614740439108
313.6726409332919,-48.33494705901224,1.0000000000000007,-7.525900429660719,-32.35186501584076,203.68111128977594
313.67807466557866,-48.32556077535238,1.0000000000000007,-7.523691367735527,-32.35714074265897,203.5560895447627
313.6835059723078,-48.316174148551525,1.0000000000000007,-7.521482312321835,-32.362413603953634,203.4310821664757
313.688934854955,-48.30678717884607,1.0000000000000007,-7.519273263954369,-32.367683600134974,203.30608915203996
313.6943613149945,-48.29739986647243,1.0000000000000007,-7.517064223167258,-32.37295073161314,203.18111049858018
313.6997853538995,-48.28801221166662,1.0000000000000007,-7.514855190493928,-32.37821499879815,203.0561462032211
313.70520697314197,-48.27862421466449,1.0000000000000007,-7.512646166467187,-32.38347640210004,202.93119626308734
313.71062617419267,-48.269235875701675,1.0000000000000007,-7.510437151619173,-32.3887349419287,202.8062606753037
313.7160429585212,-48.259847195013705,1.0000000000000007,-7.508228146481409,-32.393990618694026,202.68133943699502
313.721457327596,-48.25045817283581,1.0000000000000007,-7.506019151584732,-32.39924343280574,202.55643254528584
313.7268692828842,-48.241068809403,1.0000000000000007,-7.503810167459366,-32.404493384673636,202.431539997301
313.73227882585184,-48.231679104950125,1.0000000000000007,-7.501601194634858,-32.40974047470728,202.30666179016524
313.73768595796383,-48.22228905971176,1.0000000000000007,-7.4993922336401235,-32.414984703316286,202.18179792100327
313.74309068068374,-48.212898673922446,1.0000000000000004,-7.497183285003454,-32.42022607091013,202.0569483869397
313.748492995474,-48.20350794781635,1.0000000000000007,-7.4949743492524625,-32.42546457789824,201.93211318509947
313.75389290379593,-48.19411688162748,1.0000000000000007,-7.492765426914141,-32.43070022468999,201.80729231260727
313.75929040710963,-48.1847254755896,1.0000000000000007,-7.490556518514821,-32.435933011694665,201.68248576658772
313.764685506874,-48.17533372993642,1.0000000000000007,-7.488347624580222,-32.44116293932147,201.55769354416552
313.77007820454685,-48.1659416449013,1.0000000000000009,-7.4861387456354,-32.446390007979545,201.43291564246562
313.7754685015846,-48.15654922071743,1.0000000000000007,-7.4839298822047695,-32.45161421807798,201.3081520586127
313.7808563994427,-48.147156457617825,1.0000000000000007,-7.481721034812115,-32.45683557002576,201.18340278973125
313.78624189957543,-48.13776335583518,1.0000000000000007,-7.479512203980562,-32.46205406423183,201.05866783294618
313.7916250034357,-48.12836991560224,1.0000000000000009,-7.477303390232639,-32.467269701104996,200.93394718538227
313.7970057124753,-48.118976137151314,1.0000000000000007,-7.4750945940902,-32.4724824810541,200.80924084416424
313.80238402814507,-48.10958202071458,1.0000000000000007,-7.472885816074476,-32.47769240448784,200.6845488064166
313.80775995189447,-48.100187566524035,1.0000000000000007,-7.4706770567060525,-32.48289947181483,200.55987106926443
313.8131334851718,-48.09079277481137,1.0000000000000007,-7.468468316504884,-32.488103683443676,200.43520762983218
313.8185046294242,-48.08139764580831,1.0000000000000007,-7.466259595990309,-32.49330503978284,200.31055848524477
