galstreams/tracks/track.st.Gjoll.ibata2020.ecsv
# %ECSV 0.9
# ---
# datatype:
# - {name: ra, unit: deg, datatype: float64}
# - {name: dec, unit: deg, datatype: float64}
# - {name: distance, unit: kpc, datatype: float64}
# - {name: pm_ra_cosdec, unit: mas / yr, datatype: float64}
# - {name: pm_dec, unit: mas / yr, datatype: float64}
# - {name: radial_velocity, unit: km / s, datatype: float64}
# delimiter: ','
# meta: !!omap
# - __serialized_columns__:
#     dec:
#       __class__: astropy.coordinates.angles.Latitude
#       unit: &id001 !astropy.units.Unit {unit: deg}
#       value: !astropy.table.SerializedColumn {name: dec}
#     distance:
#       __class__: astropy.coordinates.distances.Distance
#       unit: !astropy.units.Unit {unit: kpc}
#       value: !astropy.table.SerializedColumn {name: distance}
#     pm_dec:
#       __class__: astropy.units.quantity.Quantity
#       unit: !astropy.units.Unit {unit: mas / yr}
#       value: !astropy.table.SerializedColumn {name: pm_dec}
#     pm_ra_cosdec:
#       __class__: astropy.units.quantity.Quantity
#       unit: !astropy.units.Unit {unit: mas / yr}
#       value: !astropy.table.SerializedColumn {name: pm_ra_cosdec}
#     ra:
#       __class__: astropy.coordinates.angles.Longitude
#       unit: *id001
#       value: !astropy.table.SerializedColumn {name: ra}
#       wrap_angle: !astropy.coordinates.Angle
#         unit: *id001
#         value: 360.0
#     radial_velocity:
#       __class__: astropy.units.quantity.Quantity
#       unit: !astropy.units.Unit {unit: km / s}
#       value: !astropy.table.SerializedColumn {name: radial_velocity}
# schema: astropy-2.0
ra,dec,distance,pm_ra_cosdec,pm_dec,radial_velocity
64.87888068216225,2.3506694348519597,3.941982928023929,17.66872566217411,-18.30787792300738,-1.7262572616238293e-13
65.08281652345103,2.145894016412595,3.930715145526209,17.79904453655834,-18.45634435243008,-1.9999321933446803e-13
65.2868186849112,1.9412186541473073,3.919568836221205,17.9275982343314,-18.602630653411968,-1.789413015097872e-13
65.49089112974694,1.7366446115967151,3.908543395417271,18.054401483275726,-18.746739998960326,-2.463074385487659e-13
65.69503781871825,1.5321731590220193,3.8976382184227596,18.179468876195124,-18.88867568370856,-2.0315100700817015e-13
65.89926271039803,1.3278055735023282,3.8868527005460196,18.302814871479093,-19.028441122611685,-2.115717741380425e-13
66.10356976142788,1.1235431390311321,3.876186237095408,18.42445379366863,-19.166039849660084,-1.4420563709906378e-13
66.30796292677105,0.919387146612879,3.8656382233792734,18.544399834023785,-19.301475516611475,-2.1683475359421271e-13
66.51244615996336,0.7153388943592441,3.8552080547059684,18.662667051092853,-19.43475189174068,-1.3894265764289357e-13
66.71702341336223,0.5113996875848216,3.8448951263838462,18.77926937128333,-19.56587285860704,-2.0472990084502123e-13
66.9216986383931,0.3075708389030756,3.834698833721258,18.894220589434703,-19.69484241483913,-2.5972803616199994e-13
67.12647578579421,0.10385366832150329,3.8246185720265586,19.007534369393042,-19.821664670936617,-2.0288785803536164e-13
67.3313588058588,-0.09975049666275156,3.8146537366080966,19.119224244587613,-19.94634384908896,-2.2407135034644675e-13
67.53635164867559,-0.3032403209682018,3.804803722774227,19.229303618609308,-20.068884282010657,-1.992037724160425e-13
67.741458264367,-0.5066144618339414,3.7950679258333,19.337785765791196,-20.189290411792943,-1.820990891834893e-13
67.94668260332509,-0.7098715687248625,3.7854457410936693,19.444683831791146,-20.307566788771638,-1.7525721589046804e-13
68.15202861644603,-0.9130102832373533,3.7759365638636853,19.550010834176497,-20.42371807041081,-1.5999457546757442e-13
68.35750025536176,-1.1160292390045572,3.7665397894517016,19.653779663010972,-20.537749020202273,-2.1893994537668078e-13
68.56310147267031,-1.3189270616023934,3.7572548131660706,19.756003081443787,-20.649664506580454,-1.842042809659574e-13
68.76883622216344,-1.521702368455032,3.7480810303151437,19.856693726301067,-20.759469501852585,-2.1051917824680845e-13
68.97470845905292,-1.7243537687410804,3.739017836207274,19.955864108679492,-20.867169081143878,-1.8736206863965952e-13
69.18072214019423,-1.9268798632994601,3.7300646261508126,20.053526614542474,-20.97276842135767,-2.3999186320136165e-13
69.38688122430844,-2.129279244535336,3.7212207954541108,20.149693505318613,-21.076272800150058,-1.8525687685719145e-13
69.59318967220229,-2.3315504963264737,3.712485739425524,20.244376918502734,-21.177687594919096,-2.3999186320136165e-13
69.79965144698583,-2.5336921939291224,3.703858853373402,20.337588868259427,-21.277018281808186,-1.789413015097872e-13
70.00627051428863,-2.735702903884474,3.6953395326060967,20.42934124602912,-21.37427043472353,-2.610437810260425e-13
70.2130508424733,-2.9375811839245567,3.686927172431961,20.51964582113684,-21.469449724365482,-2.48412630331234e-13
70.41999640284766,-3.1393255828787217,3.6786211681593475,20.60851424140362,-21.5625619172735,-2.1472956181174462e-13
70.6271111698746,-3.3409346405797065,3.6704209150966096,20.69595803376067,-21.653612874884704,-2.5262301389617017e-13
70.83439912137969,-3.5424068877697037,3.6623258085520964,20.781988604866275,-21.74260855260568,-2.3999186320136165e-13
71.04186423875746,-3.7437408460067756,3.6543352438341623,20.866617241725535,-21.829554998897414,-2.48412630331234e-13
71.24951050717493,-3.94493502757064,3.6464486162511585,20.949855112313042,-21.914458354373256,-2.8630608241565947e-13
71.45734191577374,-4.145987935369013,3.6386653211114375,21.031713266198366,-21.997324850909635,-1.5999457546757442e-13
71.66536245786985,-4.346898062843416,3.6309847537233515,21.112202635174626,-22.078160810769383,-1.8525687685719145e-13
71.87357613115127,-4.547663893875036,3.6234063093952527,21.19133403389004,-22.156972645737586,-1.6841534259744677e-13
72.08198693787415,-4.748283902690763,3.6159293834354935,21.269118160482538,-22.23376685626966,-2.1051917824680845e-13
72.29059888505616,-4.9487565537686065,3.608553371152425,21.345565597217487,-22.308550030651617,-2.1051917824680845e-13
72.49941598466847,-5.1490803017435915,3.6012776678544016,21.420686811128636,-22.381328844172238,-2.1051917824680845e-13
72.70844225382531,-5.34925359131311,3.594101668849773,21.494492154662236,-22.45211005830716,-2.610437810260425e-13
72.91768171497138,-5.549274857142176,3.5870247694468937,21.56699186632445,-22.520900519914544,-1.515738083377021e-13
73.12713839606752,-5.7491425237689,3.580046364954114,21.63819607133207,-22.587707160442317,-2.694645481559148e-13
73.33681633077396,-5.948855005509281,3.5731658506797865,21.70811478226657,-22.652536995146686,-1.6841534259744677e-13
73.54671955863162,-6.148410706362373,3.5663826219322643,21.776757899731656,-22.715397122321956,-2.2736071250655313e-13
73.75685212524115,-6.347808019914763,3.5596960740198984,21.8441352130142,-22.776294722541397,-2.5262301389617017e-13
73.96721808243998,-6.547045329245395,3.553105602251042,21.91025640074871,-22.835237057908948,-2.1051917824680845e-13
74.17782148847714,-6.746121006829806,3.5466106019340478,21.975131031585406,-22.892231471321807,-2.694645481559148e-13
74.38866640818554,-6.945033414444229,3.5402104683772655,22.038768564861805,-22.947285385743577,-2.3578147963642546e-13
74.59975691315282,-7.143780903069816,3.5339045968890495,22.10117835127809,-23.000406303487935,-2.1893994537668078e-13
74.81109708188899,-7.342361812796116,3.5276923827777504,22.162369633576105,-23.051601805512643,-2.610437810260425e-13
75.02269099999276,-7.540774472724906,3.521573221351723,22.222351547222146,-23.10087955072376,-2.5262301389617017e-13
75.23454276031465,-7.739017200873237,3.5155465079193178,22.281133121093525,-23.148247275289986,-1.8525687685719145e-13
75.4466564631186,-7.93708830407676,3.5096116377888853,22.338723278169088,-23.193712791966878,-1.8525687685719145e-13
75.6590362162408,-8.134986077892478,3.503768006268781,22.395130836223508,-23.23728398943092,-2.3578147963642546e-13
75.87168613524601,-8.332708806501204,3.498015008667355,22.45036450852564,-23.27896883162324,-2.2736071250655313e-13
76.08461034358194,-8.5302547626102,3.4923520402929595,22.504432904540867,-23.318775357102894,-1.8525687685719145e-13
76.29781297273075,-8.727622207354926,3.486778496453948,22.55734453063748,-23.35671167840954,-2.1051917824680845e-13
76.51129816235843,-8.92480939020117,3.481293772458671,22.60910779079721,-23.39278598143541,-1.6841534259744677e-13
76.72507006046118,-9.121814548846274,3.475897263615482,22.65973098732994,-23.427006524806444,-1.6841534259744677e-13
76.93913282350991,-9.318635909120676,3.4705883652327323,22.709222321592527,-23.459381639272358,-2.020984111169361e-13
77.15349061659161,-9.515271684888765,3.4653664726187747,22.757589894712066,-23.489919727105725,-1.4315304120782974e-13
77.36814761354813,-9.711720077949433,3.460230981081962,22.804841708313337,-23.5186292615098,-2.020984111169361e-13
77.58310799711279,-9.907979277936779,3.455181285930645,22.850985665250697,-23.54551878603487,-1.5999457546757442e-13
77.79837595904347,-10.104047462219873,3.450216782473177,22.896029570344385,-23.57059691400325,-2.1893994537668078e-13
78.01395570025383,-10.299922795802829,3.445336866017909,22.93998113112133,-23.59387232794263,-1.515738083377021e-13
78.229851430941,-10.495603431224163,3.440540931873194,22.98284795856046,-23.615353779027586,-1.515738083377021e-13
78.44606737071067,-10.691087508455903,3.435828375347384,23.024637567842614,-23.635050086529386,-2.1051917824680845e-13
78.6626077486996,-10.886373154802705,3.4311985917488306,23.06535737910521,-23.652970137273677,-2.020984111169361e-13
78.8794768036945,-11.081458484800082,3.426650976385888,23.10501471820137,-23.669122885106077,-1.9367764398706378e-13
79.09667878424865,-11.276341600113033,3.4221849245669067,23.143616817464146,-23.683517350365577,-1.4315304120782974e-13
79.3142179487947,-11.471020589433568,3.4177998316002385,23.18117081647523,-23.696162619365545,-2.1051917824680845e-13
79.53209856575519,-11.665493528378658,3.4134950927942365,23.21768376283876,-23.70706784388214,-1.1789073981821273e-13
79.75032491364908,-11.859758479387393,3.4092701034572537,23.253162612959986,-23.7162422406503,-2.020984111169361e-13
79.9689012811955,-12.053813491617834,3.4051242588976396,23.287614232828957,-23.723695090866826,-1.347322740779574e-13
80.1878319674143,-12.247656600843944,3.4010569544237494,23.321045398809172,-23.72943573970064,-1.515738083377021e-13
80.40712128172274,-12.441285829351598,3.397067585343934,23.35346279843144,-23.73347359581002,-1.1789073981821273e-13
80.62677354402928,-12.634699185834899,3.393155546966544,23.384873031192893,-23.735818130866786,-1.515738083377021e-13
80.84679308482366,-12.827894665291746,3.3893202345999347,23.415282609361185,-23.73647887908713,-2.020984111169361e-13
81.06718424526319,-13.02087024891911,3.3855610435524564,23.444697958783976,-23.73546543676913,-1.6841534259744677e-13
81.28795137725591,-13.213623904008372,3.3818773691324613,23.473125419703916,-23.7327874618367,-1.515738083377021e-13
81.50909884353945,-13.406153583839789,3.3782686066483016,23.500571247578787,-23.728454673389983,-1.515738083377021e-13
81.73063101775675,-13.598457227577256,3.3747341514083304,23.527041613907357,-23.72247685126183,-1.347322740779574e-13
81.95255228452723,-13.790532760162169,3.3712733987208994,23.552542607060705,-23.71486383558055,-1.6841534259744677e-13
82.17486703951462,-13.982378092207526,3.3678857438943597,23.577080233119055,-23.70562552633846,-1.347322740779574e-13
82.39757968949048,-14.173991119891399,3.364570582237066,23.600660416714454,-23.69477188296636,-1.347322740779574e-13
82.62069465239344,-14.36536972485011,3.3613273090573683,23.623289001879055,-23.682312923913734,-1.0104920555846805e-13
82.84421635738477,-14.556511774071462,3.3581553196636187,23.644971752899263,-23.668258726234377,-1.347322740779574e-13
83.06814924489905,-14.747415119787192,3.3550540093641708,23.665714355175712,-23.65261942517757,-1.0104920555846805e-13
83.29249776669113,-14.938077599365716,3.3520227734673753,23.68552241608928,-23.635405213784498,-1.1789073981821273e-13
83.51726638587789,-15.128497035204006,3.3490610072815867,23.70440146587296,-23.616626342489813,-1.347322740779574e-13
83.74245957697623,-15.318671234619856,3.346168106115154,23.722356958489954,-23.5962931187282,-8.420767129872338e-14
83.96808182593577,-15.50859798974341,3.343343465276433,23.73939427251782,-23.57441590654579,-8.420767129872338e-14
84.19413763016703,-15.698275077408567,3.340586480073773,23.755518712038867,-23.551005126216392,-1.0104920555846805e-13
84.42063149856507,-15.88770025904448,3.3378965458155263,23.77073550753688,-23.526071253862103,-1.347322740779574e-13
84.6475679515275,-16.0768712805663,3.335273057810047,23.785049816800086,-23.49962482107854,-8.420767129872338e-14
84.87495152096827,-16.265785872266314,3.3327154113656863,23.79846672583071,-23.471676414564232,-1.0104920555846805e-13
85.10278675032534,-16.454441748704333,3.3302230017907952,23.81099124976092,-23.442236675754224,-5.0524602779234026e-14
85.33107819456409,-16.642836608598415,3.3277952243937285,23.822628333775423,-23.411316300457507,-1.6841534259744676e-14
85.55983042017455,-16.830968134715093,3.325431474482836,23.833382854040625,-23.378926038498474,-5.0524602779234026e-14
85.78904800516344,-17.01883399375946,3.323131147366471,23.843259618640648,-23.34507669336182,-5.0524602779234026e-14
86.0187355390407,-17.206431836265494,3.320893638352985,23.852263368520056,-23.309779121841117,-1.0104920555846805e-13
86.24889762279999,-17.393759296485694,3.318718342750731,23.86039877843345,-23.273044233690612,-1.1789073981821273e-13
86.47953886889367,-17.580813992281247,3.3166046558680624,23.867670457902157,-23.23488299128026,-6.73661370389787e-14
86.71066390120146,-17.76759352501159,3.314551973013327,23.874082952177826,-23.19530640925374,-8.420767129872338e-14
86.94227735499322,-17.95409547942426,3.312559689494882,23.87964074321308,-23.154325554189267,-3.368306851948935e-14
87.17438387688544,-18.140317423544566,3.310627200621077,23.8843482506396,-23.111951544263185,-3.368306851948935e-14
87.40698812479123,-18.326256908565252,3.308753901700264,23.88820983275331,-23.06819554891595,-8.420767129872338e-14
87.64009476786403,-18.51191146873624,3.306939188040796,23.89122978750681,-23.023068788520398,-5.0524602779234026e-14
87.87370848643441,-18.69727862125431,3.3051824549510256,23.89341235350957,-22.976582534052262,-6.73661370389787e-14
88.10783397194035,-18.88235586615292,3.3034830977393037,23.89476171103531,-22.928748106762555,-5.0524602779234026e-14
88.34247592685031,-19.067140686192065,3.3018405117139826,23.89528198303715,-22.879576877851715,-8.420767129872338e-14
88.57763906457956,-19.25163054674824,3.3002540921834167,23.894977236170384,-22.8290802681453,0.0
88.81332810939891,-19.435822895704547,3.2987232344559554,23.89385148182304,-22.777269747771204,-3.368306851948935e-14
89.0495477963364,-19.619715163340985,3.2972473338399526,23.89190867715424,-22.724156835837807,-5.0524602779234026e-14
89.28630287107129,-19.803304762224897,3.2958257856437596,23.88915272614049,-22.669753100113283,-3.368306851948935e-14
89.52359808982035,-19.986589087101674,3.294457985175729,23.885587480630043,-22.614070156705736,0.0
89.76143821921646,-20.16956551478566,3.293143327744213,23.881216741405233,-22.55711966974364,-5.0524602779234026e-14
89.9998280361791,-20.352231404051444,3.2918812086575633,23.876044259253053,-22.498913351056906,1.6841534259744676e-14
90.23877232777659,-20.53458409552534,3.290671023224133,23.870073736043995,-22.439462959857966,0.0
90.47827589108026,-20.716620911577337,3.289512166752273,23.86330882581922,-22.378780302422776,-6.73661370389787e-14
90.71834353300991,-20.89833915621341,3.288404034550337,23.85575313588605,-22.316877231771535,-1.6841534259744676e-14
90.95898007017061,-21.079736114968195,3.2873460219266764,23.84741022792215,-22.253765647348917,0.0
91.20019032868076,-21.260809054798273,3.2863375241896433,23.83828361908813,-22.18945749470345,5.0524602779234026e-14
91.4419791439911,-21.4415552239758,3.28537793664759,23.828376783148855,-22.123964765165937,5.0524602779234026e-14
91.68435136069442,-21.621971851982835,3.28446665460887,23.817693151603567,-22.05729949552672,0.0
91.92731183232605,-21.80205614940618,3.283603073381832,23.8062361148248,-21.989473767711324,0.0
92.17086542115466,-21.981805307832875,3.282786588274832,23.794009023206097,-21.92049970845439,-1.6841534259744676e-14
92.41501699796335,-22.1612164997464,3.28201659459622,23.781015188319007,-21.850389488971818,-5.0524602779234026e-14
92.6597714418208,-22.3402868784236,3.281292487654348,23.76725788407878,-21.77915532463031,6.73661370389787e-14
92.90513363984229,-22.519013577832375,3.2806136627575704,23.75274034791952,-21.70680947461468,5.0524602779234026e-14
93.15110848694037,-22.697393712530236,3.279979515214237,23.73746578197843,-21.633364241592357,1.6841534259744676e-14
93.39770088556509,-22.875424377563753,3.2793894403327015,23.72143735428935,-21.558831971374616,-8.420767129872338e-14
93.64491574543332,-23.053102648368874,3.2788428334213156,23.704658199985776,-21.48322505257475,1.6841534259744676e-14
93.89275798324735,-23.230425580672332,3.278339089788431,23.687131422513236,-21.406555916262423,3.368306851948935e-14
94.14123252240222,-23.407390210394038,3.2778776047424,23.66886009485124,-21.328837035614185,3.368306851948935e-14
94.39034429268182,-23.58399355355059,3.2774577735915753,23.64984726074487,-21.250080925559764,1.6841534259744676e-14
94.64009822994333,-23.760232606160038,3.2770789916443093,23.63009593594598,-21.170300142423848,6.73661370389787e-14
94.89049927579,-23.93610434414771,3.2767406542089534,23.609609109464202,-21.089507283563044,1.6841534259744676e-14
