galstreams/tracks/track.st.C-5.ibata2021.ecsv
# %ECSV 0.9
# ---
# datatype:
# - {name: ra, unit: deg, datatype: float64}
# - {name: dec, unit: deg, datatype: float64}
# - {name: distance, unit: kpc, datatype: float64}
# - {name: pm_ra_cosdec, unit: mas / yr, datatype: float64}
# - {name: pm_dec, unit: mas / yr, datatype: float64}
# - {name: radial_velocity, unit: km / s, datatype: float64}
# delimiter: ','
# meta: !!omap
# - __serialized_columns__:
#     dec:
#       __class__: astropy.coordinates.angles.Latitude
#       unit: &id001 !astropy.units.Unit {unit: deg}
#       value: !astropy.table.SerializedColumn {name: dec}
#     distance:
#       __class__: astropy.coordinates.distances.Distance
#       unit: !astropy.units.Unit {unit: kpc}
#       value: !astropy.table.SerializedColumn {name: distance}
#     pm_dec:
#       __class__: astropy.units.quantity.Quantity
#       unit: !astropy.units.Unit {unit: mas / yr}
#       value: !astropy.table.SerializedColumn {name: pm_dec}
#     pm_ra_cosdec:
#       __class__: astropy.units.quantity.Quantity
#       unit: !astropy.units.Unit {unit: mas / yr}
#       value: !astropy.table.SerializedColumn {name: pm_ra_cosdec}
#     ra:
#       __class__: astropy.coordinates.angles.Longitude
#       unit: *id001
#       value: !astropy.table.SerializedColumn {name: ra}
#       wrap_angle: !astropy.coordinates.Angle
#         unit: *id001
#         value: 360.0
#     radial_velocity:
#       __class__: astropy.units.quantity.Quantity
#       unit: !astropy.units.Unit {unit: km / s}
#       value: !astropy.table.SerializedColumn {name: radial_velocity}
# schema: astropy-2.0
ra,dec,distance,pm_ra_cosdec,pm_dec,radial_velocity
113.35053109462349,36.67835341937528,3.3518629495384373,-1.1381989110832618,-12.720866096054458,-1.6841534259744676e-14
113.36106509740911,36.67283772046302,3.3562059228494654,-1.136662557241363,-12.703975693930271,-3.368306851948935e-14
113.37160285296501,36.66732997167052,3.360534718165238,-1.1351287527137401,-12.687162538019525,0.0
113.38214434534086,36.66183014037818,3.3648493954310528,-1.1335975044812068,-12.670426400238618,1.6841534259744676e-14
113.39268955857533,36.65633819397223,3.369150014592207,-1.1320688194506274,-12.653767052503213,-3.368306851948935e-14
113.40323847669603,36.65085409984473,3.373436635593999,-1.1305427044546832,-12.637184266728259,-3.368306851948935e-14
113.41379108371954,36.64537782539357,3.377709318381728,-1.1290191662516798,-12.620677814828031,0.0
113.4243473636514,36.63990933802252,3.3819681229006906,-1.1274982115253236,-12.604247468716169,-5.0524602779234026e-14
113.434907300486,36.63444860514118,3.386213109096186,-1.1259798468845064,-12.587893000305685,-1.6841534259744676e-14
113.44547087820662,36.62899559416506,3.390444336913512,-1.1244640788631044,-12.571614181509009,0.0
113.45603808078542,36.62355027251551,3.3946618662979664,-1.122950913919762,-12.55541078423801,-5.0524602779234026e-14
113.4666088921833,36.61811260761974,3.3988657571948475,-1.121440358437674,-12.53928258040403,-3.368306851948935e-14
113.47718329635006,36.61268256691092,3.403056069549454,-1.1199324187244009,-12.523229341917933,-3.368306851948935e-14
113.48776127722417,36.60726011782809,3.4072328633070827,-1.1184271010116298,-12.507250840690094,-5.0524602779234026e-14
113.49834281873302,36.60184522781613,3.4113961984130325,-1.1169244114550105,-12.49134684863046,-1.6841534259744676e-14
113.5089279047926,36.596437864325914,3.415546134812602,-1.1154243561339028,-12.475517137648577,-3.368306851948935e-14
113.5195165193076,36.591037994814215,3.4196827324510894,-1.1139269410512036,-12.459761479653608,-1.6841534259744676e-14
113.53010864617143,36.58564558674373,3.423806051273792,-1.1124321721331294,-12.444079646554382,-1.6841534259744676e-14
113.54070426926617,36.58026060758311,3.427916151226007,-1.1109400552290234,-12.428471410259416,-5.0524602779234026e-14
113.5513033724625,36.574883024806894,3.432013092253034,-1.1094505961111452,-12.412936542676924,-3.368306851948935e-14
113.56190593961972,36.569512805895634,3.436096934300171,-1.1079638004744718,-12.397474815714887,1.6841534259744676e-14
113.57251195458575,36.56414991833582,3.440167737312716,-1.1064796739365041,-12.38208600128106,-1.6841534259744676e-14
113.58312140119702,36.558794329619914,3.444225561235967,-1.1049982220370584,-12.366769871282997,-5.0524602779234026e-14
113.59373426327855,36.55344600724632,3.448270466015223,-1.1035194502380756,-12.351526197628102,-1.6841534259744676e-14
113.60435052464388,36.54810491871945,3.452302511595779,-1.1020433639234237,-12.336354752223656,-5.0524602779234026e-14
113.61497016909502,36.54277103154972,3.4563217579229364,-1.1005699683986947,-12.32125530697682,-5.0524602779234026e-14
113.62559318042247,36.5374443132535,3.460328264941993,-1.0990992688910162,-12.306227633794704,-3.368306851948935e-14
113.6362195424052,36.532124731353214,3.464322092598244,-1.097631270548857,-12.29127150458438,1.6841534259744676e-14
113.64684923881059,36.52681225337725,3.468303300836991,-1.0961659784418307,-12.276386691252902,0.0
113.65748225339445,36.521506846860035,3.472271949603531,-1.0947033975605072,-12.261572965707371,-3.368306851948935e-14
113.66811856990094,36.51620847934202,3.476228098843161,-1.093243532816206,-12.246830099854925,-6.73661370389787e-14
113.67875817206264,36.510917118369676,3.480171808501181,-1.0917863890408321,-12.232157865602797,-5.0524602779234026e-14
113.68940104360047,36.50563273149555,3.4841031385228876,-1.0903319709866681,-12.217556034858344,-5.0524602779234026e-14
113.70004716822363,36.500355286278186,3.48802214885358,-1.0888802833261855,-12.203024379529067,-1.6841534259744676e-14
113.71069652962969,36.49508475028224,3.491928899438555,-1.0874313306518664,-12.188562671522654,-3.368306851948935e-14
113.72134911150444,36.48982109107836,3.4958234502231105,-1.0859851174760051,-12.174170682747006,-5.0524602779234026e-14
113.73200489752199,36.484564276243326,3.4997058611525462,-1.0845416482305323,-12.15984818511026,-3.368306851948935e-14
113.74266387134458,36.479314273359975,3.5035761921721598,-1.0831009272668104,-12.145594950520842,-3.368306851948935e-14
113.75332601662289,36.47407105001719,3.5074345032272505,-1.0816629588554951,-12.131410750887472,-5.0524602779234026e-14
113.76399131699566,36.46883457380997,3.5112808542631124,-1.0802277471863013,-12.117295358119236,-3.368306851948935e-14
113.77465975608978,36.46360481233943,3.515115305225048,-1.0787952963678336,-12.103248544125549,1.6841534259744676e-14
113.78533131752036,36.45838173321279,3.5189379160583534,-1.0773656104274252,-12.089270080816265,-1.6841534259744676e-14
113.79600598489067,36.453165304043345,3.522748746708326,-1.0759386933109387,-12.075359740101666,-5.0524602779234026e-14
113.80668374179204,36.44795549245052,3.5265478571202666,-1.0745145488825898,-12.061517293892479,-3.368306851948935e-14
113.817364571804,36.44275226605989,3.5303353072394703,-1.0730931809247763,-12.047742514099962,-1.6841534259744676e-14
113.82804845849408,36.43755559250313,3.5341111570112362,-1.0716745931378888,-12.034035172635873,-1.6841534259744676e-14
113.83873538541792,36.43236543941808,3.537875466380863,-1.070258789140142,-12.020395041412556,-1.6841534259744676e-14
113.8494253361192,36.42718177444872,3.5416282952936498,-1.0688457724673965,-12.006821892342925,-1.6841534259744676e-14
113.8601182941296,36.42200456524516,3.5453697036948926,-1.0674355465729781,-11.993315497340546,-1.6841534259744676e-14
113.8708142429689,36.4168337794637,3.5490997515298894,-1.066028114827516,-11.979875628319622,-5.0524602779234026e-14
113.88151316614477,36.41166938476679,3.55281849874394,-1.064623480518756,-11.966502057195058,-5.0524602779234026e-14
113.8922150471529,36.406511348823045,3.5565260052823415,-1.0632216468513958,-11.953194555882476,0.0
113.90291986947696,36.40135963930729,3.5602223310903933,-1.0618226169469152,-11.939952896298255,-5.0524602779234026e-14
113.91362761658851,36.39621422390051,3.563907536113392,-1.060426393843396,-11.926776850359555,-3.368306851948935e-14
113.92433827194708,36.391075070289894,3.5675816802966347,-1.0590329804953629,-11.913666189984369,-5.0524602779234026e-14
113.93505181900005,36.38594214616882,3.571244823585423,-1.0576423797736065,-11.900620687091521,0.0
113.94576824118275,36.38081541923692,3.574897025925052,-1.0562545944650246,-11.887640113600739,-3.368306851948935e-14
113.9564875219183,36.375694857199946,3.578538347260821,-1.0548696272724443,-11.874724241432649,-6.73661370389787e-14
113.96720964461777,36.37058042776996,3.5821688475380284,-1.0534874808144614,-11.861872842508838,-3.368306851948935e-14
113.97793459267997,36.36547209866522,3.585788586701971,-1.0521081576252793,-11.849085688751867,-5.0524602779234026e-14
113.98866234949159,36.3603698376102,3.589397624697948,-1.0507316601545367,-11.836362552085312,-3.368306851948935e-14
113.9993928984271,36.35527361233565,3.592996021471258,-1.0493579907671464,-11.823703204433794,-1.6841534259744676e-14
114.01012622284871,36.35018339057855,3.596583836967197,-1.0479871517431338,-11.811107417723019,-3.368306851948935e-14
114.02086230610654,36.345099140082084,3.600161131131065,-1.0466191452774871,-11.798574963879787,-1.6841534259744676e-14
114.03160113153832,36.34002082859579,3.6037279639081605,-1.0452539734799726,-11.786105614832058,-5.0524602779234026e-14
114.04234268246957,36.33494842387539,3.6072843952437808,-1.043891638374992,-11.773699142508962,-1.6841534259744676e-14
114.05308694221353,36.32988189368293,3.6108304850832225,-1.0425321419014155,-11.761355318840838,-3.368306851948935e-14
114.06383389407112,36.324821205786726,3.614366293371786,-1.0411754859124316,-11.749073915759267,-3.368306851948935e-14
114.07458352133101,36.319766327961354,3.617891880054769,-1.0398216721753823,-11.736854705197096,-3.368306851948935e-14
114.08533580726947,36.314717227987714,3.6214073050774673,-1.0384707023716115,-11.7246974590885,-6.73661370389787e-14
114.09609073515048,36.309673873652955,3.6249126283851822,-1.0371225780963085,-11.712601949368963,-1.6841534259744676e-14
114.10684828822565,36.30463623275062,3.6284079099232103,-1.0357773008583526,-11.700567947975369,-3.368306851948935e-14
114.1176084497342,36.29960427308046,3.6318932096368504,-1.0344348720801604,-11.688595226845994,0.0
114.12837120290303,36.294577962448614,3.6353685874713997,-1.0330952930975335,-11.676683557920551,-1.6841534259744676e-14
114.13913653094653,36.28955726866753,3.638834103372156,-1.0317585651595058,-11.664832713140235,-1.6841534259744676e-14
114.14990441706676,36.284542159555954,3.6422898172844196,-1.0304246894281888,-11.653042464447736,0.0
114.16067484445335,36.27953260293901,3.6457357891534854,-1.0290936669786352,-11.641312583787277,-5.0524602779234026e-14
114.17144779628345,36.27452856664813,3.649172078924654,-1.0277654987986686,-11.629642843104662,-5.0524602779234026e-14
114.18222325572174,36.26953001852113,3.652598746543223,-1.0264401857887577,-11.618033014347294,-5.0524602779234026e-14
114.1930012059205,36.26453692640214,3.656015851954489,-1.025117728761852,-11.606482869464212,-3.368306851948935e-14
114.20378163001946,36.25954925814168,3.6594234551037528,-1.023798128443245,-11.594992180406122,-1.6841534259744676e-14
114.21456451114587,36.25456698159664,3.662821615936311,-1.0224813854704187,-11.583560719125433,-1.6841534259744676e-14
114.22534983241448,36.24959006463025,3.6662103943974613,-1.0211675003929155,-11.572188257576288,0.0
114.23613757692749,36.244618475112155,3.669589850432502,-1.0198564736721767,-11.56087456771461,-5.0524602779234026e-14
114.24692772777459,36.239652180918355,3.6729600439867327,-1.0185483056814106,-11.5496194214981,-3.368306851948935e-14
114.2577202680329,36.234691149931265,3.6763210350054494,-1.0172429967054446,-11.53842259088632,-3.368306851948935e-14
114.26851518076694,36.22973535003971,3.679672883433951,-1.0159405469405847,-11.527283847840689,-5.0524602779234026e-14
114.2793124490288,36.22478474913884,3.683015649217535,-1.0146409564944954,-11.516202964324526,-1.6841534259744676e-14
114.29011205585779,36.2198393151303,3.686349392301502,-1.013344225386014,-11.505179712303075,-5.0524602779234026e-14
114.30091398428075,36.21489901592211,3.6896741726311473,-1.0120503535450658,-11.494213863743575,-3.368306851948935e-14
114.31171821731186,36.209963819428715,3.6929900501517703,-1.0107593408124835,-11.483305190615235,0.0
114.32252473795268,36.205033693570996,3.6962970848086694,-1.0094711869398985,-11.47245346488932,0.0
114.3333335291921,36.200108606276274,3.699595336547141,-1.00818589158959,-11.461658458539164,-5.0524602779234026e-14
114.34414457400639,36.19518852547826,3.7028848653124853,-1.0069034543343538,-11.450919943540178,-3.368306851948935e-14
114.3549578553592,36.19027341911717,3.7061657310499987,-1.0056238746573758,-11.440237691869932,-6.73661370389787e-14
114.36577335620143,36.18536325513962,3.7094379937049804,-1.0043471519520877,-11.429611475508157,-5.0524602779234026e-14
114.37659105947134,36.18045800149869,3.712701713222728,-1.0030732855220383,-11.419041066436783,0.0
114.38741094809451,36.17555762615399,3.7159569495485405,-1.0018022745807686,-11.408526236639977,-3.368306851948935e-14
114.39823300498375,36.17066209707148,3.7192037626277146,-1.0005341182516712,-11.398066758104164,-3.368306851948935e-14
114.40905721303926,36.16577138222367,3.72244221240555,-0.9992688155678711,-11.387662402818094,-3.368306851948935e-14
114.41988355514842,36.16088544958952,3.7256723588273433,-0.998006365472086,-11.377312942772825,-1.6841534259744676e-14
114.43071201418589,36.1560042671545,3.7288942618383936,-0.9967467668165058,-11.367018149961801,0.0
114.4415425730136,36.15112780291054,3.7321079813839986,-0.9954900183626663,-11.356777796380863,-5.0524602779234026e-14
114.45237521448075,36.14625602485606,3.7353135774094564,-0.994236118781318,-11.34659165402829,-1.6841534259744676e-14
114.46320992142373,36.14138890099601,3.7385111098600654,-0.9929850666523075,-11.336459494904819,-3.368306851948935e-14
114.47404667666612,36.136526399341825,3.7417006386811225,-0.9917368604644461,-11.326381091013712,-1.6841534259744676e-14
114.4848854630188,36.13166848791146,3.7448822238179282,-0.9904914986153839,-11.316356214360738,-5.0524602779234026e-14
114.49572626327979,36.12681513472938,3.748055925215779,-0.989248979411508,-11.306384636954258,-3.368306851948935e-14
114.50656906023431,36.121966307826554,3.7512218028199724,-0.9880093010677946,-11.296466130805232,-3.368306851948935e-14
114.51741383665481,36.11712197524051,3.7543799165758083,-0.9867724617077034,-11.286600467927242,-3.368306851948935e-14
114.52826057530083,36.1122821050153,3.757530326428584,-0.9855384593630542,-11.276787420336563,-1.6841534259744676e-14
114.53910925891911,36.107446665201515,3.7606730923235956,-0.984307291973896,-11.267026760052161,-3.368306851948935e-14
114.54995987024365,36.10261562385625,3.7638082742061445,-0.9830789573884305,-11.257318259095737,-5.0524602779234026e-14
114.56081239199547,36.09778894904319,3.766935932021527,-0.9818534533628361,-11.247661689491766,-6.73661370389787e-14
114.57166680688276,36.092966608832555,3.7700561257150427,-0.9806307775611935,-11.238056823267529,-3.368306851948935e-14
114.58252309760086,36.088148571301154,3.7731689152319876,-0.9794109275553524,-11.228503432453147,-5.0524602779234026e-14
114.5933812468322,36.08333480453232,3.77627436051766,-0.9781939008248197,-11.219001289081609,-5.0524602779234026e-14
114.60424123724637,36.07852527661598,3.779372521517361,-0.9769796947566601,-11.209550165188807,-3.368306851948935e-14
114.61510305150004,36.07371995564863,3.7824634581763847,-0.9757683066453553,-11.200149832813583,-5.0524602779234026e-14
114.625966672237,36.06891880973331,3.785547230440032,-0.9745597336927201,-11.190800063997733,0.0
114.63683208208806,36.064121806979706,3.7886238982536,-0.9733539730077698,-11.18150063078608,1.6841534259744676e-14
114.64769926367127,36.059328915504075,3.791693521562386,-0.97215102160663,-11.172251305226471,-3.368306851948935e-14
114.65856819959157,36.05454010342922,3.7947561603116897,-0.9709508764124071,-11.163051859369833,-1.6841534259744676e-14
114.66943887244106,36.049755338884594,3.7978118744468077,-0.9697535342550899,-11.153902065270202,-1.6841534259744676e-14
114.68031126479896,36.044974590006234,3.80086072391304,-0.9685589918714504,-11.14480169498475,-3.368306851948935e-14
114.69118535923143,36.0401978249368,3.8039027686556834,-0.967367245904919,-11.135750520573819,-3.368306851948935e-14
114.70206113829177,36.03542501182555,3.806938068620036,-0.9661782929054967,-11.126748314100972,-5.0524602779234026e-14
114.71293858452026,36.03065611882836,3.809966683751396,-0.9649921293296313,-11.117794847633,-5.0524602779234026e-14
114.72381768044423,36.02589111410776,3.812988673995062,-0.9638087515401327,-11.108889893239983,-3.368306851948935e-14
114.73469840857807,36.02112996583287,3.8160040992963307,-0.9626281558060561,-11.100033222995297,-8.420767129872338e-14
114.74558075142316,36.01637264217944,3.8190130196005025,-0.9614503383026073,-11.09122460897566,-3.368306851948935e-14
114.75646469146793,36.011619111329914,3.8220154948528737,-0.9602752951110387,-11.082463823261174,-5.0524602779234026e-14
114.7673502111878,36.006869341473305,3.8250115849987427,-0.9591030222185476,-11.073750637935346,-5.0524602779234026e-14
114.77823729304518,36.002123300805344,3.828001349983409,-0.9579335155181762,-11.065084825085126,-1.6841534259744676e-14
114.78912591948949,35.997380957528364,3.830984849752168,-0.9567667708087197,-11.05646615680095,-3.368306851948935e-14
114.8000160729571,35.992642279851395,3.833962144250321,-0.9556027837946108,-11.047894405176738,-3.368306851948935e-14
114.81090773587157,35.987907235990065,3.8369332934231637,-0.954441550085857,-11.039369342309984,-5.0524602779234026e-14
