galstreams/tracks/track.po.Sangarius.grillmair2017.ecsv
# %ECSV 1.0
# ---
# datatype:
# - {name: ra, unit: deg, datatype: float64}
# - {name: dec, unit: deg, datatype: float64}
# - {name: distance, unit: kpc, datatype: float64}
# - {name: pm_ra_cosdec, unit: mas / yr, datatype: float64}
# - {name: pm_dec, unit: mas / yr, datatype: float64}
# - {name: radial_velocity, unit: km / s, datatype: float64}
# delimiter: ','
# meta: !!omap
# - __serialized_columns__:
#     dec:
#       __class__: astropy.coordinates.angles.Latitude
#       unit: &id001 !astropy.units.Unit {unit: deg}
#       value: !astropy.table.SerializedColumn {name: dec}
#     distance:
#       __class__: astropy.coordinates.distances.Distance
#       unit: !astropy.units.Unit {unit: kpc}
#       value: !astropy.table.SerializedColumn {name: distance}
#     pm_dec:
#       __class__: astropy.units.quantity.Quantity
#       unit: !astropy.units.Unit {unit: mas / yr}
#       value: !astropy.table.SerializedColumn {name: pm_dec}
#     pm_ra_cosdec:
#       __class__: astropy.units.quantity.Quantity
#       unit: !astropy.units.Unit {unit: mas / yr}
#       value: !astropy.table.SerializedColumn {name: pm_ra_cosdec}
#     ra:
#       __class__: astropy.coordinates.angles.Longitude
#       unit: *id001
#       value: !astropy.table.SerializedColumn {name: ra}
#       wrap_angle: !astropy.coordinates.Angle
#         unit: *id001
#         value: 360.0
#     radial_velocity:
#       __class__: astropy.units.quantity.Quantity
#       unit: !astropy.units.Unit {unit: km / s}
#       value: !astropy.table.SerializedColumn {name: radial_velocity}
# schema: astropy-2.0
ra,dec,distance,pm_ra_cosdec,pm_dec,radial_velocity
134.0376408647587,-17.601067656625567,20.999999999999694,0.0,0.0,0.0
134.03713919596777,-17.591077098067018,20.999999999999694,0.0,0.0,0.0
134.0366375826412,-17.58108653824317,20.999999999999694,0.0,0.0,0.0
134.03613602473936,-17.57109597715489,20.99999999999969,0.0,0.0,0.0
134.03563452222255,-17.561105414803187,20.999999999999694,0.0,0.0,0.0
134.0351330750511,-17.5511148511889,20.99999999999969,0.0,0.0,0.0
134.03463168318544,-17.541124286312954,20.99999999999969,0.0,0.0,0.0
134.03413034658587,-17.531133720176236,20.999999999999698,0.0,0.0,0.0
134.03362906521278,-17.52114315277966,20.999999999999694,0.0,0.0,0.0
134.0331278390266,-17.511152584124073,20.999999999999698,0.0,0.0,0.0
134.03262666798773,-17.50116201421048,20.999999999999694,0.0,0.0,0.0
134.03212555205664,-17.49117144303974,20.999999999999698,0.0,0.0,0.0
134.03162449119375,-17.481180870612743,20.999999999999698,0.0,0.0,0.0
134.03112348535956,-17.4711902969304,20.999999999999698,0.0,0.0,0.0
134.0306225345145,-17.461199721993612,20.999999999999694,0.0,0.0,0.0
134.03012163861914,-17.45120914580322,20.999999999999698,0.0,0.0,0.0
134.02962079763392,-17.441218568360245,20.999999999999698,0.0,0.0,0.0
134.02912001151938,-17.431227989665526,20.999999999999698,0.0,0.0,0.0
134.0286192802361,-17.42123740971996,20.999999999999698,0.0,0.0,0.0
134.0281186037446,-17.411246828524455,20.9999999999997,0.0,0.0,0.0
134.0276179820055,-17.401256246079893,20.9999999999997,0.0,0.0,0.0
134.02711741497936,-17.391265662387138,20.9999999999997,0.0,0.0,0.0
134.02661690262676,-17.381275077447203,20.9999999999997,0.0,0.0,0.0
134.02611644490833,-17.37128449126092,20.999999999999698,0.0,0.0,0.0
134.02561604178476,-17.361293903829164,20.9999999999997,0.0,0.0,0.0
134.02511569321663,-17.351303315152887,20.999999999999698,0.0,0.0,0.0
134.02461539916465,-17.34131272523294,20.9999999999997,0.0,0.0,0.0
134.02411515958943,-17.331322134070177,20.999999999999705,0.0,0.0,0.0
134.0236149744518,-17.32133154166562,20.999999999999705,0.0,0.0,0.0
134.02311484371234,-17.3113409480201,20.9999999999997,0.0,0.0,0.0
134.02261476733185,-17.301350353134513,20.999999999999705,0.0,0.0,0.0
134.022114745271,-17.291359757009747,20.999999999999705,0.0,0.0,0.0
134.0216147774906,-17.281369159646708,20.999999999999705,0.0,0.0,0.0
134.02111486395142,-17.271378561046234,20.999999999999705,0.0,0.0,0.0
134.02061500461426,-17.26138796120933,20.99999999999971,0.0,0.0,0.0
134.02011519943989,-17.251397360136828,20.99999999999971,0.0,0.0,0.0
134.01961544838915,-17.24140675782963,20.999999999999705,0.0,0.0,0.0
134.01911575142282,-17.23141615428863,20.99999999999971,0.0,0.0,0.0
134.0186161085018,-17.221425549514667,20.99999999999971,0.0,0.0,0.0
134.01811651958693,-17.211434943508745,20.99999999999971,0.0,0.0,0.0
134.01761698463906,-17.20144433627169,20.99999999999971,0.0,0.0,0.0
134.01711750361918,-17.191453727804404,20.999999999999712,0.0,0.0,0.0
134.01661807648807,-17.18146311810778,20.99999999999971,0.0,0.0,0.0
134.01611870320673,-17.1714725071827,20.999999999999712,0.0,0.0,0.0
134.01561938373604,-17.161481895030008,20.999999999999712,0.0,0.0,0.0
134.01512011803703,-17.151491281650706,20.999999999999712,0.0,0.0,0.0
134.0146209060706,-17.141500667045634,20.999999999999712,0.0,0.0,0.0
134.01412174779776,-17.131510051215674,20.99999999999971,0.0,0.0,0.0
134.0136226431795,-17.121519434161712,20.99999999999971,0.0,0.0,0.0
134.01312359217684,-17.11152881588465,20.999999999999712,0.0,0.0,0.0
134.01262459475078,-17.10153819638531,20.999999999999712,0.0,0.0,0.0
134.01212565086237,-17.0915475756647,20.999999999999716,0.0,0.0,0.0
134.01162676047267,-17.08155695372365,20.999999999999716,0.0,0.0,0.0
134.01112792354277,-17.07156633056304,20.999999999999716,0.0,0.0,0.0
134.01062914003373,-17.06157570618378,20.999999999999716,0.0,0.0,0.0
134.01013040990662,-17.051585080586733,20.999999999999716,0.0,0.0,0.0
134.00963173312263,-17.04159445377275,20.999999999999716,0.0,0.0,0.0
134.00913310964285,-17.031603825742813,20.99999999999972,0.0,0.0,0.0
134.00863453942839,-17.021613196497764,20.999999999999716,0.0,0.0,0.0
134.00813602244048,-17.01162256603849,20.999999999999723,0.0,0.0,0.0
134.00763755864023,-17.001631934365868,20.999999999999716,0.0,0.0,0.0
134.00713914798885,-16.991641301480737,20.999999999999716,0.0,0.0,0.0
134.0066407904476,-16.981650667384084,20.999999999999723,0.0,0.0,0.0
134.00614248597762,-16.97166003207674,20.999999999999723,0.0,0.0,0.0
134.00564423454014,-16.9616693955596,20.99999999999972,0.0,0.0,0.0
134.00514603609645,-16.95167875783354,20.999999999999723,0.0,0.0,0.0
134.00464789060783,-16.941688118899442,20.999999999999723,0.0,0.0,0.0
134.00414979803548,-16.931697478758196,20.999999999999723,0.0,0.0,0.0
134.00365175834074,-16.92170683741062,20.999999999999723,0.0,0.0,0.0
134.00315377148493,-16.911716194857725,20.999999999999726,0.0,0.0,0.0
134.00265583742936,-16.901725551100313,20.99999999999973,0.0,0.0,0.0
134.00215795613533,-16.891734906139288,20.999999999999723,0.0,0.0,0.0
134.00166012756424,-16.88174425997553,20.999999999999726,0.0,0.0,0.0
134.0011623516774,-16.871753612609844,20.999999999999726,0.0,0.0,0.0
134.00066462843625,-16.861762964043244,20.999999999999726,0.0,0.0,0.0
134.00016695780215,-16.85177231427655,20.999999999999726,0.0,0.0,0.0
133.9996693397365,-16.84178166331064,20.99999999999973,0.0,0.0,0.0
133.99917177420073,-16.831791011146397,20.999999999999726,0.0,0.0,0.0
133.99867426115628,-16.8218003577847,20.999999999999726,0.0,0.0,0.0
133.9981768005646,-16.81180970322637,20.99999999999973,0.0,0.0,0.0
133.99767939238723,-16.8018190474724,20.999999999999726,0.0,0.0,0.0
133.9971820365855,-16.791828390523612,20.99999999999973,0.0,0.0,0.0
133.996684733121,-16.781837732380886,20.99999999999973,0.0,0.0,0.0
133.99618748195522,-16.771847073045098,20.999999999999734,0.0,0.0,0.0
133.9956902830497,-16.761856412517126,20.999999999999734,0.0,0.0,0.0
133.99519313636594,-16.751865750797787,20.999999999999734,0.0,0.0,0.0
133.99469604186552,-16.74187508788809,20.99999999999973,0.0,0.0,0.0
133.99419899951002,-16.73188442378883,20.999999999999734,0.0,0.0,0.0
133.993702009261,-16.72189375850091,20.999999999999734,0.0,0.0,0.0
133.99320507108007,-16.711903092025178,20.999999999999737,0.0,0.0,0.0
133.9927081849288,-16.701912424362526,20.999999999999734,0.0,0.0,0.0
133.99221135076888,-16.69192175551378,20.999999999999734,0.0,0.0,0.0
133.99171456856192,-16.681931085479913,20.999999999999737,0.0,0.0,0.0
133.99121783826953,-16.67194041426174,20.99999999999974,0.0,0.0,0.0
133.99072115985345,-16.66194974186016,20.999999999999737,0.0,0.0,0.0
133.9902245332753,-16.651959068276025,20.99999999999974,0.0,0.0,0.0
133.98972795849681,-16.64196839351016,20.99999999999974,0.0,0.0,0.0
133.9892314354797,-16.631977717563558,20.99999999999974,0.0,0.0,0.0
133.98873496418565,-16.62198704043702,20.99999999999974,0.0,0.0,0.0
133.98823854457643,-16.611996362131432,20.99999999999974,0.0,0.0,0.0
133.98774217661384,-16.602005682647658,20.99999999999974,0.0,0.0,0.0
133.98724586025955,-16.59201500198658,20.999999999999744,0.0,0.0,0.0
133.98674959547537,-16.582024320149063,20.999999999999744,0.0,0.0,0.0
133.98625338222317,-16.572033637135927,20.99999999999974,0.0,0.0,0.0
133.98575722046468,-16.56204295294815,20.999999999999744,0.0,0.0,0.0
133.98526111016173,-16.552052267586554,20.999999999999744,0.0,0.0,0.0
133.98476505127618,-16.54206158105201,20.999999999999744,0.0,0.0,0.0
133.98426904376993,-16.532070893345374,20.999999999999744,0.0,0.0,0.0
133.98377308760473,-16.52208020446747,20.999999999999748,0.0,0.0,0.0
133.98327718274254,-16.512089514419287,20.999999999999748,0.0,0.0,0.0
133.98278132914527,-16.502098823201628,20.999999999999748,0.0,0.0,0.0
133.98228552677477,-16.492108130815364,20.999999999999748,0.0,0.0,0.0
133.981789775593,-16.482117437261373,20.999999999999748,0.0,0.0,0.0
133.9812940755619,-16.472126742540514,20.999999999999748,0.0,0.0,0.0
133.98079842664342,-16.462136046653594,20.99999999999975,0.0,0.0,0.0
133.9803028287995,-16.4521453496016,20.99999999999975,0.0,0.0,0.0
133.97980728199212,-16.44215465138535,20.99999999999975,0.0,0.0,0.0
133.97931178618327,-16.4321639520057,20.99999999999975,0.0,0.0,0.0
133.97881634133503,-16.42217325146352,20.99999999999975,0.0,0.0,0.0
133.97832094740934,-16.412182549759677,20.99999999999975,0.0,0.0,0.0
133.97782560436826,-16.402191846894983,20.999999999999755,0.0,0.0,0.0
133.97733031217382,-16.39220114287042,20.999999999999755,0.0,0.0,0.0
133.97683507078813,-16.382210437686783,20.999999999999755,0.0,0.0,0.0
133.9763398801732,-16.37221973134495,20.999999999999755,0.0,0.0,0.0
133.97584474029122,-16.362229023845785,20.999999999999755,0.0,0.0,0.0
133.97534965110418,-16.352238315190153,20.99999999999975,0.0,0.0,0.0
133.9748546125743,-16.342247605378855,20.999999999999755,0.0,0.0,0.0
133.97435962466363,-16.33225689441287,20.999999999999755,0.0,0.0,0.0
133.97386468733438,-16.322266182293006,20.999999999999755,0.0,0.0,0.0
133.97336980054868,-16.312275469020133,20.999999999999755,0.0,0.0,0.0
133.9728749642687,-16.302284754595096,20.99999999999976,0.0,0.0,0.0
133.97238017845663,-16.292294039018728,20.99999999999976,0.0,0.0,0.0
133.97188544307468,-16.282303322291984,20.99999999999976,0.0,0.0,0.0
133.97139075808508,-16.272312604415674,20.999999999999762,0.0,0.0,0.0
133.97089612345002,-16.26232188539067,20.999999999999762,0.0,0.0,0.0
133.97040153913179,-16.252331165217814,20.999999999999762,0.0,0.0,0.0
133.96990700509258,-16.242340443897984,20.999999999999762,0.0,0.0,0.0
133.96941252129474,-16.23234972143203,20.999999999999766,0.0,0.0,0.0
133.96891808770053,-16.222358997820766,20.999999999999762,0.0,0.0,0.0
133.96842370427223,-16.212368273065163,20.999999999999762,0.0,0.0,0.0
133.96792937097212,-16.202377547166005,20.999999999999766,0.0,0.0,0.0
133.9674350877626,-16.192386820124185,20.999999999999762,0.0,0.0,0.0
133.96694085460598,-16.18239609194054,20.999999999999762,0.0,0.0,0.0
133.96644667146458,-16.172405362615873,20.999999999999766,0.0,0.0,0.0
133.96595253830083,-16.16241463215116,20.999999999999766,0.0,0.0,0.0
133.96545845507706,-16.15242390054721,20.999999999999766,0.0,0.0,0.0
133.96496442175567,-16.142433167804867,20.99999999999977,0.0,0.0,0.0
133.9644704382991,-16.132442433924997,20.99999999999977,0.0,0.0,0.0
133.96397650466974,-16.12245169890846,20.999999999999766,0.0,0.0,0.0
133.96348262083,-16.112460962756046,20.999999999999766,0.0,0.0,0.0
133.96298878674241,-16.10247022546874,20.99999999999977,0.0,0.0,0.0
133.96249500236937,-16.092479487047324,20.999999999999773,0.0,0.0,0.0
133.96200126767337,-16.082488747492672,20.99999999999977,0.0,0.0,0.0
133.9615075826169,-16.072498006805628,20.999999999999773,0.0,0.0,0.0
133.96101394716248,-16.062507264987048,20.999999999999776,0.0,0.0,0.0
133.9605203612726,-16.052516522037735,20.999999999999773,0.0,0.0,0.0
133.9600268249098,-16.04252577795866,20.999999999999773,0.0,0.0,0.0
133.95953333803664,-16.03253503275061,20.999999999999773,0.0,0.0,0.0
133.95903990061564,-16.022544286414448,20.999999999999776,0.0,0.0,0.0
133.9585465126094,-16.012553538951025,20.99999999999978,0.0,0.0,0.0
133.95805317398052,-16.002562790361196,20.999999999999773,0.0,0.0,0.0
133.95755988469153,-15.992572040645761,20.999999999999773,0.0,0.0,0.0
133.95706664470512,-15.982581289805674,20.999999999999776,0.0,0.0,0.0
133.95657345398388,-15.972590537841743,20.999999999999776,0.0,0.0,0.0
133.95608031249043,-15.962599784754824,20.99999999999978,0.0,0.0,0.0
133.95558722018745,-15.95260903054575,20.99999999999978,0.0,0.0,0.0
133.9550941770376,-15.942618275215336,20.99999999999978,0.0,0.0,0.0
133.95460118300355,-15.93262751876454,20.99999999999978,0.0,0.0,0.0
133.954108238048,-15.922636761194152,20.99999999999978,0.0,0.0,0.0
133.95361534213365,-15.912646002505028,20.99999999999978,0.0,0.0,0.0
133.95312249522323,-15.902655242698016,20.99999999999978,0.0,0.0,0.0
133.95262969727943,-15.892664481773966,20.99999999999978,0.0,0.0,0.0
133.95213694826506,-15.882673719733734,20.999999999999783,0.0,0.0,0.0
133.95164424814283,-15.872682956578107,20.999999999999783,0.0,0.0,0.0
133.95115159687552,-15.862692192308048,20.999999999999783,0.0,0.0,0.0
133.95065899442594,-15.852701426924353,20.999999999999783,0.0,0.0,0.0
133.95016644075685,-15.842710660427862,20.999999999999783,0.0,0.0,0.0
133.9496739358311,-15.832719892819432,20.999999999999787,0.0,0.0,0.0
133.94918147961147,-15.822729124099851,20.999999999999787,0.0,0.0,0.0
133.94868907206086,-15.812738354270087,20.999999999999783,0.0,0.0,0.0
133.94819671314207,-15.802747583330927,20.999999999999783,0.0,0.0,0.0
133.94770440281798,-15.792756811283205,20.999999999999787,0.0,0.0,0.0
133.94721214105147,-15.782766038127793,20.999999999999787,0.0,0.0,0.0
133.94671992780542,-15.772775263865523,20.999999999999783,0.0,0.0,0.0
133.94622776304277,-15.762784488497175,20.999999999999787,0.0,0.0,0.0
133.9457356467264,-15.75279371202373,20.99999999999979,0.0,0.0,0.0
133.94524357881926,-15.742802934445962,20.999999999999787,0.0,0.0,0.0
133.94475155928427,-15.732812155764714,20.99999999999979,0.0,0.0,0.0
133.9442595880844,-15.722821375980848,20.99999999999979,0.0,0.0,0.0
133.94376766518266,-15.712830595095202,20.99999999999979,0.0,0.0,0.0
133.94327579054197,-15.70283981310855,20.999999999999794,0.0,0.0,0.0
133.94278396412537,-15.692849030021867,20.999999999999794,0.0,0.0,0.0
133.94229218589584,-15.68285824583593,20.999999999999794,0.0,0.0,0.0
133.9418004558164,-15.672867460551585,20.999999999999794,0.0,0.0,0.0
133.94130877385015,-15.662876674169683,20.999999999999794,0.0,0.0,0.0
133.94081713996005,-15.65288588669106,20.999999999999794,0.0,0.0,0.0
133.94032555410922,-15.642895098116496,20.999999999999794,0.0,0.0,0.0
133.9398340162607,-15.63290430844696,20.999999999999794,0.0,0.0,0.0
133.9393425263776,-15.622913517683225,20.999999999999797,0.0,0.0,0.0
133.93885108442305,-15.61292272582615,20.999999999999794,0.0,0.0,0.0
133.9383596903601,-15.60293193287655,20.999999999999797,0.0,0.0,0.0
133.93786834415192,-15.59294113883524,20.999999999999794,0.0,0.0,0.0
133.93737704576162,-15.582950343703152,20.999999999999794,0.0,0.0,0.0
133.93688579515236,-15.572959547481071,20.999999999999794,0.0,0.0,0.0
133.93639459228734,-15.562968750169855,20.9999999999998,0.0,0.0,0.0
133.93590343712972,-15.552977951770336,20.9999999999998,0.0,0.0,0.0
133.9354123296427,-15.542987152283338,20.999999999999794,0.0,0.0,0.0
133.93492126978944,-15.532996351709718,20.9999999999998,0.0,0.0,0.0
133.9344302575332,-15.523005550050254,20.9999999999998,0.0,0.0,0.0
133.9339392928372,-15.5130147473059,20.999999999999797,0.0,0.0,0.0
133.93344837566468,-15.503023943477432,20.999999999999805,0.0,0.0,0.0
133.9329575059789,-15.493033138565695,20.9999999999998,0.0,0.0,0.0
133.93246668374312,-15.483042332571527,20.9999999999998,0.0,0.0,0.0
133.93197590892063,-15.473051525495698,20.9999999999998,0.0,0.0,0.0
133.93148518147476,-15.46306071733917,20.999999999999805,0.0,0.0,0.0
133.93099450136876,-15.453069908102727,20.9999999999998,0.0,0.0,0.0
133.93050386856598,-15.443079097787193,20.9999999999998,0.0,0.0,0.0
133.93001328302972,-15.433088286393406,20.999999999999808,0.0,0.0,0.0
133.92952274472339,-15.423097473922219,20.999999999999808,0.0,0.0,0.0
133.92903225361025,-15.413106660374396,20.999999999999805,0.0,0.0,0.0
133.9285418096538,-15.403115845750882,20.999999999999808,0.0,0.0,0.0
133.92805141281733,-15.393125030052472,20.999999999999808,0.0,0.0,0.0
133.92756106306427,-15.383134213279993,20.999999999999808,0.0,0.0,0.0
133.92707076035802,-15.373143395434276,20.999999999999805,0.0,0.0,0.0
133.926580504662,-15.363152576516159,20.99999999999981,0.0,0.0,0.0
133.92609029593967,-15.353161756526417,20.999999999999808,0.0,0.0,0.0
133.92560013415448,-15.343170935466002,20.99999999999981,0.0,0.0,0.0
133.92511001926982,-15.333180113335684,20.99999999999981,0.0,0.0,0.0
133.92461995124927,-15.323189290136307,20.99999999999981,0.0,0.0,0.0
133.92412993005624,-15.313198465868698,20.99999999999981,0.0,0.0,0.0
133.9236399556542,-15.303207640533683,20.99999999999981,0.0,0.0,0.0
133.92315002800677,-15.293216814132052,20.999999999999815,0.0,0.0,0.0
