galstreams/tracks/track.st.Cetus-New.yuan2021.ecsv
# %ECSV 0.9
# ---
# datatype:
# - {name: ra, unit: deg, datatype: float64}
# - {name: dec, unit: deg, datatype: float64}
# - {name: distance, unit: kpc, datatype: float64}
# - {name: pm_ra_cosdec, unit: mas / yr, datatype: float64}
# - {name: pm_dec, unit: mas / yr, datatype: float64}
# - {name: radial_velocity, unit: km / s, datatype: float64}
# delimiter: ','
# meta: !!omap
# - __serialized_columns__:
#     dec:
#       __class__: astropy.coordinates.angles.Latitude
#       unit: &id001 !astropy.units.Unit {unit: deg}
#       value: !astropy.table.SerializedColumn {name: dec}
#     distance:
#       __class__: astropy.coordinates.distances.Distance
#       unit: !astropy.units.Unit {unit: kpc}
#       value: !astropy.table.SerializedColumn {name: distance}
#     pm_dec:
#       __class__: astropy.units.quantity.Quantity
#       unit: !astropy.units.Unit {unit: mas / yr}
#       value: !astropy.table.SerializedColumn {name: pm_dec}
#     pm_ra_cosdec:
#       __class__: astropy.units.quantity.Quantity
#       unit: !astropy.units.Unit {unit: mas / yr}
#       value: !astropy.table.SerializedColumn {name: pm_ra_cosdec}
#     ra:
#       __class__: astropy.coordinates.angles.Longitude
#       unit: *id001
#       value: !astropy.table.SerializedColumn {name: ra}
#       wrap_angle: !astropy.coordinates.Angle
#         unit: *id001
#         value: 360.0
#     radial_velocity:
#       __class__: astropy.units.quantity.Quantity
#       unit: !astropy.units.Unit {unit: km / s}
#       value: !astropy.table.SerializedColumn {name: radial_velocity}
# schema: astropy-2.0
ra,dec,distance,pm_ra_cosdec,pm_dec,radial_velocity
[from data line 1782]
25.277661355187096,-18.28882468404336,20.4889786691639,1.5125566044874494,0.5270853001228231,2.315710960714893e-14
25.277809353647374,-18.298952677855173,20.488034121801096,1.5126738770602015,0.5272731016908547,1.0525958912340423e-14
25.27795764568028,-18.309080662922206,20.487088805247048,1.5127911973176136,0.5274611896169781,1.0525958912340423e-14
25.278106231171606,-18.319208639249055,20.486142720118785,1.5129085652445793,0.5276495637685432,-4.210383564936169e-15
25.278255110007123,-18.329336606840386,20.485195867033383,1.5130259808259856,0.5278382240128988,4.210383564936169e-15
25.278404282072675,-18.339464565700766,20.484248246607883,1.513143444046719,0.5280271702173922,8.420767129872338e-15
25.278553747254108,-18.34959251583499,20.48329985945936,1.5132609548916622,0.52821640224937,1.0525958912340423e-14
25.278703505437306,-18.359720457247622,20.48235070620485,1.5133785133456954,0.5284059199761778,2.5262301389617013e-14
25.27885355650816,-18.36984838994333,20.481400787461432,1.5134961193936955,0.5285957232651597,-4.210383564936169e-15
25.27900390035262,-18.3799763139267,20.48045010384615,1.5136137730205372,0.5287858119836598,-4.210383564936169e-15
25.279154536856655,-18.390104229202485,20.47949865597605,1.513731474211093,0.5289761859990205,2.5262301389617013e-14
25.279305465906226,-18.400232135775287,20.478546444468204,1.5138492229502307,0.5291668451785831,2.7367493172085098e-14
25.279456687387356,-18.410360033649688,20.477593469939663,1.5139670192228174,0.5293577893896884,-2.1051917824680845e-15
25.279608201186093,-18.420487922830443,20.47663973300749,1.5140848630137151,0.5295490184996753,-1.2631150694808506e-14
25.279760007188514,-18.43061580332215,20.475685234288736,1.5142027543077854,0.5297405323758825,-1.0525958912340423e-14
25.279912105280697,-18.44074367512944,20.474729974400454,1.514320693089886,0.5299323308856476,-4.210383564936169e-15
25.280064495348775,-18.4508715382569,20.473773953959707,1.51443867934487,0.5301244138963066,1.2631150694808506e-14
25.28021717727889,-18.460999392709294,20.472817173583554,1.5145567130575908,0.5303167812751951,8.420767129872338e-15
25.28037015095723,-18.471127238491196,20.47185963388904,1.5146747942128973,0.530509432889648,3.157787673702127e-14
25.280523416269972,-18.48125507560727,20.470901335493235,1.5147929227956358,0.5307023686069973,8.420767129872338e-15
25.28067697310337,-18.491382904062064,20.469942279013182,1.5149110987906498,0.5308955882945767,1.894672604221276e-14
25.280830821343663,-18.50151072386035,20.468982465065945,1.51502932218278,0.5310890918197166,1.0525958912340423e-14
25.280984960877145,-18.511638535006707,20.468021894268585,1.5151475929568632,0.5312828790497479,0.0
25.28113939159012,-18.521766337505717,20.467060567238157,1.5152659110977353,0.5314769498519994,8.420767129872338e-15
25.28129411336893,-18.531894131362126,20.466098484591708,1.5153842765902286,0.5316713040937997,4.210383564936169e-14
25.28144912609992,-18.54202191658051,20.465135646946305,1.5155026894191723,0.5318659416424758,1.473634247727659e-14
25.281604429669486,-18.552149693165514,20.464172054919,1.5156211495693916,0.5320608623653539,-2.1051917824680845e-15
25.281760023964054,-18.562277461121706,20.463207709126852,1.5157396570257118,0.5322560661297594,1.2631150694808506e-14
25.28191590887005,-18.57240522045384,20.462242610186916,1.5158582117729529,0.5324515528030166,-2.1051917824680845e-15
25.282072084273953,-18.582532971166483,20.461276758716245,1.5159768137959326,0.5326473222524483,-1.2631150694808506e-14
25.282228550062253,-18.592660713264276,20.4603101553319,1.5160954630794665,0.5328433743453769,-4.210383564936169e-15
25.282385306121476,-18.602788446751784,20.459342800650933,1.5162141596083663,0.5330397089491237,2.5262301389617013e-14
25.28254235233815,-18.612916171633756,20.458374695290413,1.5163329033674418,0.5332363259310082,4.210383564936169e-15
25.28269968859886,-18.623043887914758,20.457405839867388,1.516451694341498,0.5334332251583502,2.1051917824680845e-15
25.282857314790228,-18.633171595599382,20.456436234998904,1.5165705325153407,0.5336304064984677,2.1051917824680846e-14
25.283015230798824,-18.643299294692344,20.455465881302036,1.5166894178737693,0.5338278698186771,8.420767129872338e-15
25.283173436511348,-18.653426985198227,20.454494779393837,1.516808350401582,0.534025614986295,2.1051917824680846e-14
25.28333193181446,-18.663554667121662,20.453522929891353,1.5169273300835737,0.5342236418686364,3.157787673702127e-14
25.28349071659486,-18.673682340467206,20.452550333411644,1.5170463569045372,0.5344219503330153,1.6841534259744676e-14
25.28364979073928,-18.6838100052396,20.451576990571777,1.517165430849261,0.5346205402467445,6.315575347404253e-15
25.283809154134474,-18.69393766144341,20.4506029019888,1.5172845519025315,0.5348194114771361,2.1051917824680845e-15
25.28396880666724,-18.70406530908322,20.449628068279765,1.5174037200491337,0.5350185638915014,2.1051917824680846e-14
25.284128748224365,-18.714192948163742,20.448652490061743,1.5175229352738464,0.5352179973571498,2.1051917824680846e-14
25.28428897869268,-18.724320578689554,20.447676167951773,1.5176421975614487,0.5354177117413905,-4.210383564936169e-15
25.284449497959063,-18.73444820066526,20.446699102566924,1.517761506896715,0.5356177069115314,-4.210383564936169e-15
25.28461030591039,-18.744575814095445,20.445721294524255,1.5178808632644174,0.5358179827348792,1.6841534259744676e-14
25.28477140243357,-18.75470341898483,20.44474274444081,1.5180002666493257,0.5360185390787402,4.210383564936169e-15
25.284932787415546,-18.76483101533798,20.44376345293365,1.5181197170362055,0.5362193758104191,2.7367493172085098e-14
25.285094460743267,-18.774958603159458,20.442783420619843,1.5182392144098202,0.5364204927972192,1.473634247727659e-14
25.28525642230374,-18.78508618245398,20.441802648116433,1.5183587587549305,0.5366218899064439,2.1051917824680846e-14
25.285418671983955,-18.795213753226125,20.44082113604048,1.518478350056295,0.5368235670053949,8.420767129872338e-15
25.285581209670976,-18.8053413154805,20.43983888500904,1.5185979882986675,0.5370255239613733,8.420767129872338e-15
25.285744035251852,-18.815468869221643,20.43885589563917,1.5187176734667995,0.5372277606416781,1.894672604221276e-14
25.285907148613678,-18.825596414454324,20.437872168547926,1.5188374055454412,0.5374302769136086,0.0
25.286070549643576,-18.83572395118306,20.43688770435237,1.5189571845193381,0.537633072644462,2.315710960714893e-14
25.286234238228676,-18.845851479412477,20.43590250366955,1.5190770103732336,0.5378361477015359,1.2631150694808506e-14
25.28639821425616,-18.855978999147126,20.434916567116527,1.5191968830918678,0.5380395019521254,2.947268495455318e-14
25.286562477613206,-18.866106510391734,20.43392989531036,1.5193168026599777,0.5382431352635251,2.7367493172085098e-14
25.286727028187034,-18.876234013150853,20.432942488868104,1.519436769062299,0.5384470475030286,1.0525958912340423e-14
25.28689186586489,-18.88636150742904,20.431954348406816,1.5195567822835625,0.538651238537929,1.894672604221276e-14
25.28705699053405,-18.896488993231007,20.430965474543545,1.519676842308498,0.5388557082355175,4.210383564936169e-15
25.287222402081806,-18.906616470561296,20.42997586789535,1.5197969491218304,0.5390604564630852,2.1051917824680846e-14
25.28738810039546,-18.91674393942453,20.428985529079302,1.5199171027082823,0.5392654830879211,8.420767129872338e-15
25.287554085362384,-18.926871399825263,20.42799445871244,1.5200373030525751,0.539470787977314,1.894672604221276e-14
25.287720356869922,-18.93699885176819,20.427002657411833,1.5201575501394247,0.5396763709985513,6.315575347404253e-15
25.287886914805487,-18.947126295257878,20.426010125794527,1.5202778439535463,0.5398822320189198,-4.210383564936169e-15
25.2880537590565,-18.957253730298913,20.425016864477584,1.52039818447965,0.5400883709057049,1.473634247727659e-14
25.288220889510384,-18.96738115689586,20.42402287407807,1.5205185717024454,0.540294787526191,1.473634247727659e-14
25.288388306054628,-18.977508575053406,20.42302815521302,1.520639005606638,0.5405014817476617,1.894672604221276e-14
25.288556008576723,-18.987635984776126,20.422032708499508,1.5207594861769294,0.5407084534373994,-6.315575347404253e-15
25.288723996964187,-18.997763386068527,20.421036534554588,1.52088001339802,0.5409157024626849,2.1051917824680845e-15
25.28889227110457,-19.00789077893536,20.42003963399531,1.5210005872546069,0.5411232286907997,6.315575347404253e-15
25.28906083088544,-19.018018163381136,20.419042007438733,1.5211212077313834,0.5413310319890225,8.420767129872338e-15
25.289229676194385,-19.02814553941047,20.418043655501922,1.5212418748130403,0.5415391122246319,0.0
25.289398806919042,-19.038272907027896,20.417044578801914,1.521362588484267,0.5417474692649052,-6.315575347404253e-15
25.289568222947043,-19.04840026623811,20.416044777955786,1.521483348729747,0.5419561029771186,2.947268495455318e-14
25.289737924166047,-19.058527617045666,20.41504425358059,1.5216041555341628,0.5421650132285474,1.6841534259744676e-14
25.289907910463768,-19.068654959455156,20.41404300629338,1.521725008882194,0.542374199886466,8.420767129872338e-15
25.290078181727917,-19.078782293471107,20.413041036711203,1.521845908758518,0.5425836628181475,8.420767129872338e-15
25.290248737846238,-19.08890961909823,20.41203834545113,1.5219668551478065,0.5427934018908641,-1.6841534259744676e-14
25.29041957870651,-19.09903693634106,20.411034933130207,1.5220878480347306,0.5430034169718879,1.0525958912340423e-14
25.290590704196504,-19.109164245204127,20.410030800365504,1.5222088874039579,0.5432137079284879,-6.315575347404253e-15
25.290762114204057,-19.11929154569214,20.409025947774065,1.5223299732401534,0.5434242746279335,1.0525958912340423e-14
25.290933808617,-19.129418837809624,20.408020375972953,1.5224511055279786,0.5436351169374933,2.1051917824680846e-14
25.2911057873232,-19.139546121561168,20.407014085579224,1.5225722842520926,0.5438462347244344,1.0525958912340423e-14
25.29127805021055,-19.149673396951304,20.406007077209928,1.5226935093971503,0.5440576278560223,2.1051917824680845e-15
25.29145059716698,-19.159800663984726,20.40499935148213,1.5228147809478056,0.544269296199523,0.0
25.291623428080417,-19.16992792266598,20.403990909012883,1.5229360988887084,0.5444812396222,2.315710960714893e-14
25.291796542838814,-19.180055172999623,20.402981750419244,1.5230574632045053,0.5446934579913165,2.1051917824680845e-15
25.291969941330173,-19.190182414990204,20.40197187631827,1.5231788738798406,0.5449059511741341,1.473634247727659e-14
25.29214362344252,-19.20030964864241,20.40096128732701,1.5233003308993562,0.5451187190379148,2.7367493172085098e-14
25.292317589063867,-19.21043687396076,20.39994998406254,1.5234218342476888,0.5453317614499171,8.420767129872338e-15
25.292491838082285,-19.220564090949793,20.3989379671419,1.5235433839094754,0.5455450782774013,2.1051917824680845e-15
25.29266637038587,-19.230691299614193,20.39792523718215,1.5236649798693478,0.5457586693876247,1.894672604221276e-14
25.292841185862724,-19.240818499958486,20.396911794800346,1.5237866221119352,0.5459725346478445,1.894672604221276e-14
25.293016284400977,-19.250945691987233,20.395897640613548,1.523908310621864,0.5461866739253161,6.315575347404253e-15
25.2931916658888,-19.261072875704983,20.39488277523881,1.5240300453837585,0.5464010870872951,2.7367493172085098e-14
25.293367330214366,-19.271200051116416,20.393867199293187,1.5241518263822385,0.5466157740010347,1.0525958912340423e-14
25.293543277265883,-19.281327218226032,20.392850913393747,1.5242736536019217,0.5468307345337875,1.0525958912340423e-14
25.293719506931584,-19.291454377038384,20.391833918157527,1.5243955270274236,0.5470459685528065,-6.315575347404253e-15
25.293896019099723,-19.30158152755813,20.3908162142016,1.5245174466433555,0.5472614759253412,2.5262301389617013e-14
25.294072813658573,-19.3117086697898,20.389797802143015,1.524639412434326,0.5474772565186419,2.1051917824680845e-15
25.29424989049645,-19.321835803737958,20.38877868259883,1.5247614243849417,0.5476933101999575,4.210383564936169e-15
25.294427249501663,-19.331962929407123,20.387758856186103,1.5248834824798048,0.5479096368365348,8.420767129872338e-15
25.294604890562578,-19.34209004680198,20.386738323521893,1.5250055867035155,0.5481262362956214,1.2631150694808506e-14
25.29478281356756,-19.352217155927047,20.38571708522325,1.525127737040671,0.548343108444463,1.6841534259744676e-14
25.294961018405015,-19.362344256786834,20.384695141907233,1.5252499334758653,0.5485602531503034,2.1051917824680845e-15
25.295139504963355,-19.372471349386007,20.383672494190897,1.52537217599369,0.5487776702803872,2.1051917824680845e-15
25.295318273131034,-19.38259843372909,20.382649142691307,1.525494464578732,0.5489953597019558,1.6841534259744676e-14
25.29549732279651,-19.39272550982065,20.38162508802551,1.5256167992155785,0.5492133212822519,8.420767129872338e-15
25.295676653848293,-19.402852577665197,20.380600330810566,1.5257391798888098,0.5494315548885151,1.473634247727659e-14
25.295856266174887,-19.4129796372674,20.379574871663532,1.525861606583006,0.5496500603879853,2.1051917824680846e-14
25.296036159664833,-19.42310668863177,20.378548711201464,1.525984079282744,0.5498688376479012,2.5262301389617013e-14
25.296216334206697,-19.433233731762872,20.377521850041422,1.5261065979725963,0.5500878865354997,8.420767129872338e-15
25.296396789689062,-19.443360766665204,20.37649428880046,1.5262291626371338,0.5503072069180175,4.210383564936169e-15
25.296577526000547,-19.45348779334345,20.375466028095627,1.5263517732609242,0.5505267986626902,2.1051917824680845e-15
25.296758543029778,-19.463614811802106,20.374437068543994,1.526474429828531,0.5507466616367516,4.210383564936169e-15
25.296939840665424,-19.473741822045685,20.37340741076261,1.5265971323245175,0.5509667957074356,2.7367493172085098e-14
25.297121418796145,-19.48386882407884,20.372377055368524,1.5267198807334412,0.5511872007419742,2.1051917824680845e-15
25.297303277310665,-19.493995817906093,20.37134600297881,1.5268426750398572,0.5514078766075985,0.0
25.297485416097704,-19.50412280353198,20.370314254210516,1.526965515228319,0.551628823171539,4.210383564936169e-15
25.297667835046013,-19.51424978096102,20.36928180968069,1.5270884012833765,0.551850040301025,1.2631150694808506e-14
25.29785053404437,-19.52437675019786,20.368248670006402,1.5272113331895762,0.5520715278632848,2.1051917824680846e-14
25.298033512981558,-19.534503711247023,20.3672148358047,1.5273343109314612,0.5522932857255449,4.210383564936169e-15
25.298216771746425,-19.544630664113036,20.36618030769264,1.5274573344935731,0.5525153137550324,1.2631150694808506e-14
25.298400310227787,-19.554757608800404,20.365145086287292,1.527580403860449,0.5527376118189713,6.315575347404253e-15
25.298584128314527,-19.564884545313802,20.364109172205694,1.5277035190166257,0.5529601797845867,4.210383564936169e-15
25.29876822589553,-19.57501147365771,20.36307256606492,1.527826679946632,0.5531830175191006,6.315575347404253e-15
25.298952602859707,-19.58513839383663,20.362035268482007,1.5279498866349992,0.5534061248897361,1.6841534259744676e-14
25.299137259096,-19.595265305855218,20.36099728007403,1.5280731390662523,0.5536295017637134,4.210383564936169e-15
25.29932219449336,-19.605392209717962,20.35995860145804,1.528196437224915,0.5538531480082525,6.315575347404253e-15
25.29950740894078,-19.61551910542942,20.358919233251083,1.5283197810955067,0.5540770634905732,1.0525958912340423e-14
25.299692902327255,-19.625645992994077,20.357879176070234,1.5284431706625443,0.554301248077892,6.315575347404253e-15
25.299878674541816,-19.635772872416585,20.356838430532534,1.5285666059105432,0.554525701637427,2.5262301389617013e-14
25.30006472547351,-19.645899743701435,20.355796997255045,1.5286900868240125,0.5547504240363936,-2.1051917824680845e-15
25.30025105501142,-19.65602660685317,20.354754876854827,1.528813613387462,0.5549754151420062,2.1051917824680845e-15
25.30043766304463,-19.666153461876274,20.353712069948934,1.5289371855853957,0.5552006748214787,-2.1051917824680845e-15
