galstreams/tracks/track.st.M2.grillmair2022.ecsv
# %ECSV 0.9
# ---
# datatype:
# - {name: ra, unit: deg, datatype: float64}
# - {name: dec, unit: deg, datatype: float64}
# - {name: distance, unit: kpc, datatype: float64}
# - {name: pm_ra_cosdec, unit: mas / yr, datatype: float64}
# - {name: pm_dec, unit: mas / yr, datatype: float64}
# - {name: radial_velocity, unit: km / s, datatype: float64}
# delimiter: ','
# meta: !!omap
# - __serialized_columns__:
#     dec:
#       __class__: astropy.coordinates.angles.Latitude
#       unit: &id001 !astropy.units.Unit {unit: deg}
#       value: !astropy.table.SerializedColumn {name: dec}
#     distance:
#       __class__: astropy.coordinates.distances.Distance
#       unit: !astropy.units.Unit {unit: kpc}
#       value: !astropy.table.SerializedColumn {name: distance}
#     pm_dec:
#       __class__: astropy.units.quantity.Quantity
#       unit: !astropy.units.Unit {unit: mas / yr}
#       value: !astropy.table.SerializedColumn {name: pm_dec}
#     pm_ra_cosdec:
#       __class__: astropy.units.quantity.Quantity
#       unit: !astropy.units.Unit {unit: mas / yr}
#       value: !astropy.table.SerializedColumn {name: pm_ra_cosdec}
#     ra:
#       __class__: astropy.coordinates.angles.Longitude
#       unit: *id001
#       value: !astropy.table.SerializedColumn {name: ra}
#       wrap_angle: !astropy.coordinates.Angle
#         unit: *id001
#         value: 360.0
#     radial_velocity:
#       __class__: astropy.units.quantity.Quantity
#       unit: !astropy.units.Unit {unit: km / s}
#       value: !astropy.table.SerializedColumn {name: radial_velocity}
# schema: astropy-2.0
ra,dec,distance,pm_ra_cosdec,pm_dec,radial_velocity
[from data line 1083]
291.63565000214294,-12.47830119409308,11.693000000000003,7.045634000019577,-1.5881472202380686,-1.4104784942536167e-13
291.6448964951792,-12.473630479357338,11.693000000000003,7.044512819537055,-1.5882456777241836,-3.136735755877446e-13
291.6541428150999,-12.4689599354795,11.693000000000005,7.043391665620691,-1.5883441342476992,-6.105056169157445e-14
291.6633889632667,-12.464289566782123,11.693000000000003,7.042270538064047,-1.5884425904948118,-1.515738083377021e-13
291.67263494103963,-12.459619377579568,11.693000000000001,7.041149436661285,-1.5885410471504122,-8.841805486365955e-14
291.6818807497766,-12.45494937217808,11.693000000000003,7.040028361207177,-1.5886395048981052,-3.599877948020425e-13
291.6911263908339,-12.45027955487575,11.693000000000005,7.038907311497098,-1.5887379644201989,-4.8419410996765944e-14
291.70037186556556,-12.445609929962595,11.693000000000001,7.037786287327034,-1.5888364263977222,-1.789413015097872e-13
291.70961717532396,-12.440940501720442,11.693000000000001,7.036665288493565,-1.5889348915104011,-1.1368035625327657e-13
291.7188623214593,-12.436271274423067,11.693000000000001,7.0355443147938725,-1.5890333604366829,-1.5999457546757442e-13
291.72810730532024,-12.431602252336088,11.693000000000001,7.0344233660257505,-1.5891318338537188,-3.136735755877446e-13
291.73735212825335,-12.426933439717008,11.693000000000001,7.033302441987583,-1.5892303124373726,-1.4315304120782974e-13
291.7465967916031,-12.422264840815291,11.693000000000005,7.032181542478362,-1.5893287968622272,-2.715697399383829e-13
291.75584129671245,-12.41759645987225,11.693000000000005,7.031060667297681,-1.5894272878015698,-2.1893994537668078e-13
291.76508564492224,-12.412928301121115,11.693000000000005,7.0299398162457285,-1.5895257859274063,-1.0104920555846805e-13
291.77432983757126,-12.408260368787067,11.693000000000007,7.028818989123294,-1.5896242919104597,-3.957760551039999e-13
291.7835738759967,-12.403592667087176,11.693000000000003,7.027698185731763,-1.5897228064201618,-1.8104649329225526e-13
291.7928177615336,-12.398925200230428,11.693000000000003,7.02657740587312,-1.5898213301246633,-3.599877948020425e-13
291.8020614955153,-12.394257972417783,11.693000000000003,7.0254566493499455,-1.5899198636908303,-1.7262572616238293e-13
291.81130507927304,-12.389590987842109,11.693000000000003,7.024335915965419,-1.590018407784249,-2.3999186320136165e-13
291.8205485141363,-12.3849242506882,11.693000000000005,7.023215205523308,-1.5901169630692173,-1.368374658604255e-13
291.8297918014325,-12.380257765132866,11.693000000000003,7.022094517827995,-1.5902155302087575,-3.5788260301957434e-14
291.83903494248733,-12.375591535344789,11.693000000000007,7.020973852684429,-1.5903141098646087,-4.041968222338722e-13
291.84827793862456,-12.370925565484642,11.693000000000005,7.019853209898171,-1.5904127026972237,-1.3262708229548932e-13
291.8575207911659,-12.366259859705098,11.693000000000001,7.018732589275373,-1.5905113093657857,-2.947268495455318e-14
291.8667635014313,-12.361594422150729,11.693000000000003,7.017611990622774,-1.5906099305281898,-1.789413015097872e-13
291.8760060707387,-12.356929256958157,11.693000000000001,7.016491413747712,-1.5907085668410585,-2.968320413279999e-13
291.88524850040426,-12.352264368255929,11.693000000000003,7.015370858458107,-1.5908072189597315,-2.2525552072408504e-13
291.89449079174216,-12.347599760164597,11.693000000000003,7.014250324562477,-1.590905887538276,-1.768361097273191e-13
291.9037329460647,-12.342935436796692,11.693000000000001,7.013129811869931,-1.5910045732294766,-3.24199534500085e-13
291.91297496468223,-12.338271402256778,11.693000000000001,7.012009320190159,-1.591103276684846,-3.3262030162995735e-13
291.92221684890336,-12.33360766064137,11.693000000000005,7.010888849333444,-1.591201998554621,-3.7261894549685094e-13
291.9314586000345,-12.328944216039044,11.693000000000001,7.009768399110666,-1.591300739487764,-1.5788938368510635e-13
291.94070021938046,-12.32428107253035,11.693000000000003,7.008647969333273,-1.591399500131959,-1.368374658604255e-13
291.94994170824395,-12.319618234187839,11.693000000000005,7.007527559813319,-1.5914982811336222,-3.789345208442552e-13
291.9591830679259,-12.314955705076157,11.693000000000003,7.006407170363434,-1.591597083137895,-2.315710960714893e-13
291.9684242997252,-12.310293489251913,11.693000000000005,7.005286800796835,-1.5916959067886411,-3.599877948020425e-13
291.97766540493905,-12.305631590763761,11.693000000000003,7.004166450927324,-1.5917947527284606,-1.8736206863965952e-13
291.9869063848625,-12.300970013652439,11.693000000000003,7.003046120569287,-1.5918936215986776,-4.063020140163403e-13
291.99614724078896,-12.296308761950668,11.693000000000005,7.0019258095376955,-1.5919925140393485,-2.2736071250655313e-13
292.00538797400975,-12.291647839683245,11.693000000000005,7.000805517648101,-1.5920914306892557,-2.315710960714893e-13
292.0146285858143,-12.28698725086705,11.693000000000001,6.999685244716645,-1.5921903721859185,-2.442022467662978e-13
292.0238690774902,-12.282326999510985,11.693000000000005,6.998564990560033,-1.5922893391655826,-2.589385892435744e-13
292.03310945032314,-12.277667089616019,11.693000000000005,6.997444754995574,-1.5923883322632266,-4.210383564936169e-13
292.0423497055969,-12.27300752517524,11.693000000000005,6.9963245378411445,-1.5924873521125638,-3.263047262825531e-13
292.05158984459337,-12.268348310173756,11.693000000000001,6.9952043389152045,-1.5925863993460396,-1.515738083377021e-13
292.06082986859246,-12.26368944858877,11.693000000000005,6.994084158036783,-1.5926854745948331,-1.894672604221276e-13
292.07006977887227,-12.259030944389625,11.693000000000005,6.992963995025503,-1.5927845784888603,-3.663033701494467e-13
292.0793095767091,-12.254372801537672,11.693000000000003,6.9918438497015645,-1.5928837116567678,-2.3788667141889356e-13
292.08854926337705,-12.24971502398644,11.693000000000001,6.990723721885729,-1.5929828747259434,-2.2104513715914888e-13
292.09778884014855,-12.245057615681514,11.693000000000005,6.98960361139935,-1.593082068322507,-1.0736478090587231e-13
292.10702830829416,-12.240400580560582,11.693000000000005,6.988483518064346,-1.5931812930713196,-2.063087946818723e-13
292.1162676690824,-12.235743922553507,11.693000000000001,6.987363441703231,-1.5932805495959772,-2.020984111169361e-13
292.1255069237799,-12.231087645582203,11.693000000000005,6.986243382139063,-1.5933798385188143,-2.8630608241565947e-13
292.1347460736516,-12.22643175356073,11.693000000000007,6.9851233391955,-1.593479160460903,-4.210383564936169e-14
292.14398511996023,-12.221776250395324,11.693000000000001,6.984003312696768,-1.593578516042063,-1.49468616555234e-13
292.1532240639669,-12.217121139984293,11.693000000000001,6.982883302467654,-1.5936779058808455,-1.789413015097872e-13
292.16246290693067,-12.212466426218104,11.693000000000005,6.981763308333527,-1.5937773305945417,-5.4734986344170195e-14
292.17170165010873,-12.20781211297941,11.693000000000003,6.980643330120333,-1.5938767907991953,-2.48412630331234e-13
292.18094029475634,-12.203158204142976,11.693000000000001,6.979523367654577,-1.5939762871095828,-3.178839591526808e-13
292.19017884212707,-12.198504703575717,11.693000000000005,6.978403420763337,-1.5940758201392224,-3.536722194546382e-13
292.1994172934722,-12.193851615136765,11.693000000000003,6.97728348927427,-1.5941753905003861,-3.9788124688646797e-13
292.2086556500416,-12.18919894267736,11.693000000000003,6.976163573015596,-1.594274998804078,-3.7682932906178713e-13
292.21789391308283,-12.18454669004094,11.693000000000005,6.9750436718161,-1.5943746456600518,-6.947132882144679e-14
292.2271320838417,-12.179894861063145,11.693000000000005,6.973923785505138,-1.5944743316768126,-6.73661370389787e-14
292.2363701635622,-12.175243459571766,11.693000000000005,6.9728039139126405,-1.5945740574616027,-2.0841398646434036e-13
292.2456081534864,-12.170592489386783,11.693000000000003,6.971684056869092,-1.594673823620415,-2.8420089063319143e-13
292.2548460548543,-12.165941954320415,11.693000000000005,6.970564214205546,-1.5947736307579894,-3.641981783669786e-13
292.2640838689044,-12.161291858177034,11.693000000000003,6.969444385753635,-1.5948734794778117,6.315575347404253e-15
292.2733215968728,-12.156642204753213,11.693000000000005,6.968324571345536,-1.5949733703821214,-2.7999050706825524e-13
292.2825592399941,-12.15199299783781,11.693000000000005,6.967204770814009,-1.5950733040719014,-1.2631150694808508e-13
292.29179679950084,-12.147344241211796,11.693000000000001,6.966084983992365,-1.5951732811468875,-1.49468616555234e-13
292.3010342766236,-12.142695938648462,11.693000000000005,6.964965210714478,-1.595273302205567,-1.8315168507472335e-13
292.3102716725913,-12.138048093913262,11.693000000000005,6.963845450814791,-1.5953733678451771,-4.189331647111488e-13
292.31950898863084,-12.133400710763885,11.693000000000001,6.962725704128313,-1.5954734786617024,-2.2525552072408504e-13
292.3287462259671,-12.128753792950304,11.693000000000003,6.961605970490595,-1.595573635249889,-2.610437810260425e-13
292.3379833858233,-12.1241073442147,11.693000000000001,6.960486249737771,-1.5956738382032278,-1.4315304120782974e-13
292.34722046942056,-12.119461368291484,11.693000000000005,6.959366541706517,-1.595774088113968,-4.673525757079147e-13
292.3564574779782,-12.114815868907389,11.693000000000001,6.958246846234085,-1.595874385573112,-2.73674931720851e-13
292.36569441271376,-12.110170849781342,11.693000000000005,6.957127163158267,-1.5959747311704162,-1.49468616555234e-13
292.3749312748427,-12.105526314624553,11.693000000000003,6.956007492317429,-1.5960751254943917,-7.157652060391487e-14
292.3841680655787,-12.10088226714053,11.693000000000003,6.954887833550487,-1.5961755691323114,-7.578690416885104e-14
292.39340478613343,-12.09623871102503,11.693000000000003,6.953768186696914,-1.5962760626701995,-3.789345208442552e-14
292.40264143771685,-12.091595649966068,11.693000000000005,6.952648551596736,-1.5963766066928389,-3.936708633215318e-13
292.41187802153695,-12.08695308764402,11.693000000000005,6.951528928090553,-1.5964772017837703,-1.8104649329225526e-13
292.42111453879977,-12.082311027731487,11.693000000000003,6.950409316019492,-1.5965778485252962,-2.1683475359421271e-13
292.4303509907096,-12.077669473893367,11.693000000000005,6.949289715225255,-1.596678547498473,-5.894536990910637e-14
292.43958737846856,-12.073028429786921,11.693000000000001,6.948170125550087,-1.5967792992831247,-2.7788531528578715e-13
292.4488237032773,-12.068387899061639,11.693000000000005,6.947050546836792,-1.5968801044578274,-2.2315032894161697e-13
292.4580599663342,-12.063747885359406,11.693000000000005,6.945930978928726,-1.5969809635999273,-2.2315032894161697e-13
292.46729616883596,-12.059108392314364,11.693000000000003,6.944811421669797,-1.5970818772855266,-6.73661370389787e-14
292.47653231197734,-12.054469423553,11.693000000000001,6.943691874904464,-1.5971828460894903,-8.420767129872338e-14
292.4857683969513,-12.049830982694107,11.693000000000003,6.942572338477724,-1.5972838705854495,-1.347322740779574e-13
292.4950044249486,-12.045193073348877,11.693000000000001,6.941452812235151,-1.5973849513458007,-3.3683068519489354e-13
292.5042403971586,-12.040555699120759,11.693000000000001,6.940333296022847,-1.5974860889416944,-1.1157516447080849e-13
292.51347631476835,-12.035918863605623,11.693000000000005,6.939213789687467,-1.5975872839430605,-6.105056169157445e-14
292.5227121789631,-12.031282570391644,11.693000000000007,6.938094293076219,-1.5976885369185885,-4.126175893637446e-13
292.53194799092654,-12.026646823059345,11.693000000000005,6.93697480603686,-1.59778984843573,-2.8420089063319143e-13
292.5411837518401,-12.022011625181666,11.693000000000001,6.9358553284176905,-1.5978912190607104,-2.3367628785395737e-13
292.5504194628833,-12.017376980323856,11.693000000000003,6.934735860067545,-1.5979926493585221,-1.368374658604255e-13
292.5596551252342,-12.012742892043551,11.693000000000001,6.933616400835833,-1.5980941398929205,-3.094631920228084e-13
292.5688907400685,-12.008109363890798,11.693000000000003,6.932496950572476,-1.5981956912264361,-3.031476166754042e-13
292.5781263085603,-12.003476399407981,11.693000000000003,6.931377509127969,-1.5982973039203654,-2.1683475359421271e-13
292.58736183188176,-11.998844002129887,11.693000000000001,6.9302580763533355,-1.598398978534777,-1.8736206863965952e-13
292.59659731120297,-11.994212175583725,11.693000000000003,6.92913865210014,-1.598500715628511,-2.2315032894161697e-13
292.6058327476925,-11.98958092328907,11.693000000000001,6.9280192362205035,-1.5986025157591761,2.7367493172085098e-14
292.6150681425167,-11.984950248757889,11.693000000000001,6.926899828567075,-1.5987043794831561,-2.631489728085106e-13
292.6243034968401,-11.98032015549462,11.693000000000003,6.925780428993049,-1.5988063073556094,-3.136735755877446e-13
292.63353881182564,-11.975690646996057,11.693000000000003,6.924661037352174,-1.5989082999304611,-2.4209705498382974e-13
292.64277408863404,-11.97106172675142,11.693000000000001,6.9235416534987175,-1.5990103577604171,-2.5051782211370207e-13
292.65200932842424,-11.966433398242401,11.693000000000001,6.9224222772875015,-1.5991124813969564,-1.789413015097872e-13
292.6612445323533,-11.961805664943059,11.693000000000001,6.921302908573881,-1.5992146713903308,-2.2525552072408504e-13
292.67047970157637,-11.95717853031995,11.693000000000005,6.9201835472137505,-1.599316928289573,-3.705137537143829e-13
292.6797148372469,-11.952551997832039,11.693000000000003,6.919064193063548,-1.5994192526424884,-1.0946997268834039e-13
292.6889499405161,-11.947926070930736,11.693000000000001,6.917944845980241,-1.599521644995663,-2.547282056786382e-13
292.6981850125338,-11.943300753059894,11.693000000000003,6.916825505821334,-1.5996241058944545,-2.7788531528578715e-13
292.7074200544475,-11.93867604765587,11.693000000000001,6.915706172444879,-1.5997266358830096,-2.694645481559148e-13
292.716655067403,-11.934051958147432,11.693000000000003,6.914586845709449,-1.5998292355042434,-1.7262572616238293e-13
292.72589005254423,-11.92942848795586,11.693000000000003,6.913467525474158,-1.5999319052998602,-2.1051917824680845e-15
292.73512501101317,-11.924805640494878,11.693000000000003,6.912348211598659,-1.6000346458103398,-1.8525687685719145e-13
292.7443599439501,-11.92018341917068,11.693000000000007,6.911228903943131,-1.600137457574942,-1.8104649329225526e-13
292.75359485249317,-11.915561827382001,11.693000000000001,6.910109602368292,-1.6002403411317165,4.631421921429786e-14
292.76282973777876,-11.910940868520003,11.693000000000001,6.908990306735386,-1.6003432970174885,-3.0525280845787227e-13
292.7720646009416,-11.906320545968354,11.693000000000005,6.907871016906194,-1.600446325767861,-8.631286308119147e-14
292.78129944311405,-11.901700863103281,11.693000000000001,6.906751732743031,-1.6005494279172379,-1.0315439734093615e-13
292.790534265427,-11.897081823293439,11.693000000000001,6.905632454108735,-1.600652603998792,-1.9788802755199994e-13
292.7997690690095,-11.892463429900022,11.693000000000003,6.904513180866681,-1.6007558545444855,-1.7052053437991484e-13
292.80900385498836,-11.88784568627678,11.693000000000003,6.9033939128807695,-1.6008591800850724,-1.3262708229548932e-13
292.81823862448874,-11.883228595769934,11.693000000000003,6.902274650015432,-1.6009625811500872,-3.515670276721701e-13
292.82747337863407,-11.878612161718236,11.693000000000003,6.9011553921356255,-1.6010660582678484,-1.9157245220459568e-13
292.8367081185455,-11.873996387453015,11.693000000000003,6.90003613910684,-1.601169611965474,-2.1051917824680845e-13
292.8459428453427,-11.86938127629809,11.693000000000005,6.8989168907950855,-1.6012732427688592,-2.9051646598059566e-13
292.8551775601433,-11.864766831569833,11.693000000000001,6.897797647066909,-1.60137695120269,-2.315710960714893e-13
292.86441226406305,-11.860153056577202,11.693000000000003,6.896678407789373,-1.6014807377904474,-9.47336302110638e-14
