galstreams/tracks/track.st.Fimbulthul.ibata2021.ecsv
# %ECSV 0.9
# ---
# datatype:
# - {name: ra, unit: deg, datatype: float64}
# - {name: dec, unit: deg, datatype: float64}
# - {name: distance, unit: kpc, datatype: float64}
# - {name: pm_ra_cosdec, unit: mas / yr, datatype: float64}
# - {name: pm_dec, unit: mas / yr, datatype: float64}
# - {name: radial_velocity, unit: km / s, datatype: float64}
# delimiter: ','
# meta: !!omap
# - __serialized_columns__:
#     dec:
#       __class__: astropy.coordinates.angles.Latitude
#       unit: &id001 !astropy.units.Unit {unit: deg}
#       value: !astropy.table.SerializedColumn {name: dec}
#     distance:
#       __class__: astropy.coordinates.distances.Distance
#       unit: !astropy.units.Unit {unit: kpc}
#       value: !astropy.table.SerializedColumn {name: distance}
#     pm_dec:
#       __class__: astropy.units.quantity.Quantity
#       unit: !astropy.units.Unit {unit: mas / yr}
#       value: !astropy.table.SerializedColumn {name: pm_dec}
#     pm_ra_cosdec:
#       __class__: astropy.units.quantity.Quantity
#       unit: !astropy.units.Unit {unit: mas / yr}
#       value: !astropy.table.SerializedColumn {name: pm_ra_cosdec}
#     ra:
#       __class__: astropy.coordinates.angles.Longitude
#       unit: *id001
#       value: !astropy.table.SerializedColumn {name: ra}
#       wrap_angle: !astropy.coordinates.Angle
#         unit: *id001
#         value: 360.0
#     radial_velocity:
#       __class__: astropy.units.quantity.Quantity
#       unit: !astropy.units.Unit {unit: km / s}
#       value: !astropy.table.SerializedColumn {name: radial_velocity}
# schema: astropy-2.0
ra,dec,distance,pm_ra_cosdec,pm_dec,radial_velocity
[from data line 1515]
200.43225212868896,-26.97041547047627,4.311936047138637,-10.053241521948973,-9.04049518239792,8.420767129872338e-14
200.4405046479495,-26.963496829893405,4.310525347420386,-10.05981706088485,-9.04295161521921,9.262843842859572e-14
200.44875971636682,-26.956582456294406,4.309114489403008,-10.066395439817015,-9.045408743824735,6.73661370389787e-14
200.45701733784372,-26.94967235351428,4.307703475029088,-10.072976654048698,-9.047866567163027,7.578690416885104e-14
200.46527751628386,-26.9427665253872,4.306292306241212,-10.079560698883514,-9.050325084181813,6.73661370389787e-14
200.4735402555915,-26.935864975746572,4.304880984981967,-10.08614756962548,-9.052784293828017,7.578690416885104e-14
200.48180555967184,-26.928967708424885,4.303469513193936,-10.092737261578987,-9.055244195047791,5.894536990910637e-14
200.4900734324307,-26.92207472725383,4.302057892819709,-10.099329770048818,-9.05770478678647,7.578690416885104e-14
200.49834387777483,-26.915186036064277,4.300646125801867,-10.105925090340149,-9.06016606798862,8.420767129872338e-14
200.5066168996116,-26.90830163868624,4.299234214082998,-10.11252321775853,-9.062628037597987,8.420767129872338e-14
200.51489250184926,-26.901421538948863,4.297822159605689,-10.119124147609915,-9.065090694557542,7.578690416885104e-14
200.5231706883967,-26.89454574068058,4.296409964312524,-10.125727875200644,-9.067554037809444,1.347322740779574e-13
200.5314514631637,-26.887674247708873,4.294997630146089,-10.132334395837438,-9.070018066295077,7.578690416885104e-14
200.53973483006078,-26.880807063860434,4.293585159048968,-10.138943704827406,-9.072482778955015,8.420767129872338e-14
200.54802079299924,-26.87394419296111,4.29217255296375,-10.145555797478051,-9.074948174729052,4.210383564936169e-14
200.55630935589113,-26.86708563883592,4.290759813833019,-10.152170669097272,-9.077414252556169,1.0946997268834039e-13
200.5646005226493,-26.860231405309044,4.289346943599361,-10.158788314993329,-9.079881011374571,8.420767129872338e-14
200.57289429718742,-26.85338149620379,4.287933944205362,-10.165408730474896,-9.082348450121664,5.0524602779234026e-14
200.5811906834198,-26.84653591534274,4.286520817593607,-10.172031910851027,-9.08481656773404,6.73661370389787e-14
200.58948968526167,-26.83969466654754,4.2851075657066815,-10.17865785143117,-9.087285363147528,9.262843842859572e-14
200.59779130662898,-26.83285775363902,4.283694190487172,-10.185286547525147,-9.089754835297137,1.347322740779574e-13
200.6060955514385,-26.826025180437174,4.282280693877665,-10.19191799444318,-9.092224983117102,5.894536990910637e-14
200.61440242360777,-26.819196950761185,4.280867077820744,-10.198552187495878,-9.09469580554084,1.0946997268834039e-13
200.6227119270551,-26.81237306842937,4.279453344258996,-10.205189121994234,-9.097167301500996,2.5262301389617013e-14
200.63102406569962,-26.80555353725918,4.2780394951350065,-10.21182879324963,-9.099639469929404,1.1789073981821273e-13
200.63933884346116,-26.798738361067343,4.276625532391362,-10.218471196573855,-9.102112309757112,1.0946997268834039e-13
200.64765626426046,-26.79192754366964,4.275211457970648,-10.225116327279041,-9.10458581991437,8.420767129872338e-14
200.65597633201898,-26.78512108888104,4.2737972738154495,-10.23176418067776,-9.107059999330628,6.73661370389787e-14
200.66429905065897,-26.77831900051569,4.2723829818683505,-10.238414752082953,-9.109534846934558,6.73661370389787e-14
200.6726244241035,-26.77152128238689,4.270968584071941,-10.245068036807933,-9.112010361654018,6.73661370389787e-14
200.68095245627646,-26.76472793830709,4.269554082368804,-10.251724030166418,-9.114486542416085,8.420767129872338e-14
200.6892831511025,-26.75793897208789,4.268139478701525,-10.258382727472506,-9.116963388147031,7.578690416885104e-14
200.69761651250698,-26.751154387540133,4.266724775012691,-10.265044124040703,-9.119440897772334,8.420767129872338e-14
200.70595254441625,-26.744374188473728,4.265309973244888,-10.271708215185884,-9.12191907021669,7.578690416885104e-14
200.71429125075724,-26.737598378697776,4.2638950753407,-10.278374996223318,-9.124397904403978,8.420767129872338e-14
200.72263263545793,-26.730826962020547,4.262480083242712,-10.285044462468658,-9.126877399257303,6.73661370389787e-14
200.73097670244684,-26.724059942249458,4.261064998893513,-10.291716609237962,-9.129357553698965,5.894536990910637e-14
200.73932345565356,-26.71729732319107,4.259649824235687,-10.29839143184765,-9.131838366650475,5.0524602779234026e-14
200.7476728990082,-26.71053910865116,4.258234561211819,-10.305068925614556,-9.134319837032535,9.262843842859572e-14
200.75602503644186,-26.70378530243463,4.256819211764496,-10.31174908585589,-9.136801963765063,9.262843842859572e-14
200.76437987188643,-26.69703590834551,4.255403777836302,-10.318431907889252,-9.13928474576718,7.578690416885104e-14
200.77273740927458,-26.690290930187032,4.253988261369826,-10.325117387032634,-9.141768181957211,7.578690416885104e-14
200.78109765253978,-26.683550371761566,4.252572664307649,-10.331805518604408,-9.144252271252693,3.368306851948935e-14
200.7894606056163,-26.676814236870644,4.25115698859236,-10.338496297923347,-9.146737012570355,8.420767129872338e-14
200.79782627243935,-26.670082529314925,4.249741236166544,-10.345189720308602,-9.149222404826144,6.73661370389787e-14
200.80619465694468,-26.66335525289432,4.2483254089727875,-10.351885781079723,-9.151708446935194,8.420767129872338e-14
200.8145657630691,-26.6566324114078,4.2469095089536735,-10.358584475556647,-9.154195137811863,7.578690416885104e-14
200.82293959475012,-26.649914008653525,4.245493538051792,-10.36528579905968,-9.156682476369697,1.0946997268834039e-13
200.83131615592617,-26.643200048428817,4.244077498209726,-10.371989746909538,-9.159170461521464,1.0104920555846805e-13
200.83969545053634,-26.636490534530136,4.242661391370061,-10.37869631442733,-9.161659092179125,9.262843842859572e-14
200.84807748252072,-26.629785470753102,4.241245219475383,-10.385405496934531,-9.164148367253848,1.347322740779574e-13
200.85646225582005,-26.623084860892547,4.239828984468279,-10.392117289753024,-9.166638285656006,5.894536990910637e-14
200.86484977437595,-26.61638870874238,4.238412688291333,-10.398831688205078,-9.169128846295171,8.420767129872338e-14
200.8732400421309,-26.609697018095712,4.23699633288713,-10.405548687613338,-9.171620048080134,7.578690416885104e-14
200.88163306302818,-26.60300979274477,4.23557992019826,-10.41226828330085,-9.17411188991887,1.0946997268834039e-13
200.8900288410119,-26.596327036480986,4.234163452167304,-10.418990470591048,-9.176604370718586,8.420767129872338e-14
200.89842738002702,-26.5896487530949,4.23274693073685,-10.425715244807753,-9.179097489385668,5.0524602779234026e-14
200.90682868401927,-26.582974946376208,4.231330357849483,-10.432442601275163,-9.181591244825722,4.210383564936169e-14
200.91523275693515,-26.576305620113825,4.22991373544779,-10.439172535317892,-9.184085635943545,8.420767129872338e-14
200.9236396027222,-26.569640778095756,4.2284970654743566,-10.445905042260913,-9.186580661643145,6.73661370389787e-14
200.93204922532857,-26.562980424109174,4.227080349871765,-10.452640117429612,-9.189076320827752,1.0946997268834039e-13
200.9404616287034,-26.5563245619404,4.225663590582605,-10.459377756149744,-9.19157261239977,9.262843842859572e-14
200.94887681679654,-26.549673195374922,4.2242467895494595,-10.46611795374747,-9.194069535260834,4.210383564936169e-14
200.95729479355876,-26.54302632819737,4.222829948714916,-10.472860705549323,-9.196567088311758,1.0946997268834039e-13
200.96571556294168,-26.5363839641915,4.221413070021562,-10.479606006882232,-9.199065270452584,1.0104920555846805e-13
200.97413912889766,-26.529746107140312,4.21999615541198,-10.486353853073522,-9.201564080582543,5.894536990910637e-14
200.9825654953799,-26.523112760825867,4.218579206828756,-10.493104239450906,-9.20406351760008,1.0104920555846805e-13
200.99099466634257,-26.51648392902941,4.217162226214477,-10.499857161342472,-9.20656358040284,9.262843842859572e-14
200.99942664574058,-26.50985961553132,4.215745215511728,-10.50661261407671,-9.209064267887673,6.73661370389787e-14
201.00786143752964,-26.50323982411115,4.214328176663095,-10.51337059298249,-9.211565578950626,8.420767129872338e-14
201.01629904566644,-26.496624558547595,4.212911111611164,-10.520131093389077,-9.214067512486968,1.0104920555846805e-13
201.02473947410846,-26.49001382261847,4.2114940222985195,-10.526894110626115,-9.216570067391165,9.262843842859572e-14
201.0331827268139,-26.483407620100827,4.210076910667748,-10.533659640023657,-9.219073242556874,1.0104920555846805e-13
201.04162880774192,-26.47680595477079,4.2086597786614375,-10.54042767691213,-9.22157703687697,5.894536990910637e-14
201.05007772085256,-26.470208830403646,4.207242628222168,-10.547198216622345,-9.224081449243535,7.578690416885104e-14
201.0585294701066,-26.463616250773843,4.20582546129253,-10.553971254485514,-9.226586478547848,1.0946997268834039e-13
201.0669840594658,-26.45702821965497,4.204408279815111,-10.560746785833231,-9.229092123680388,7.578690416885104e-14
201.0754414928927,-26.450444740819744,4.202991085732489,-10.567524805997472,-9.23159838353086,5.0524602779234026e-14
201.08390177435064,-26.443865818040123,4.201573880987258,-10.574305310310619,-9.234105256988139,7.578690416885104e-14
201.09236490780384,-26.437291455087106,4.2001566675219975,-10.58108829410544,-9.236612742940338,9.262843842859572e-14
201.10083089721743,-26.43072165573089,4.198739447279297,-10.587873752715073,-9.23912084027476,1.0104920555846805e-13
201.10929974655738,-26.4241564237408,4.19732222220174,-10.594661681473061,-9.241629547877908,1.2631150694808508e-13
201.11777145979053,-26.417595762885327,4.195904994231915,-10.601452075713324,-9.244138864635493,5.0524602779234026e-14
201.12624604088444,-26.41103967693211,4.194487765312406,-10.608244930770194,-9.246648789432435,8.420767129872338e-14
201.13472349380783,-26.404488169647887,4.193070537385797,-10.615040241978363,-9.249159321152865,5.894536990910637e-14
201.14320382252984,-26.397941244798634,4.191653312394676,-10.621838004672933,-9.251670458680088,4.210383564936169e-14
201.15168703102086,-26.391398906149416,4.190236092281627,-10.628638214189387,-9.254182200896654,6.73661370389787e-14
201.16017312325195,-26.384861157464435,4.18881887898924,-10.635440865863583,-9.256694546684276,1.0104920555846805e-13
201.16866210319512,-26.378328002507057,4.187401674460095,-10.642245955031795,-9.259207494923915,8.420767129872338e-14
201.1771539748232,-26.371799445039798,4.1859844806367805,-10.649053477030662,-9.261721044495703,7.578690416885104e-14
201.18564874210992,-26.36527548882427,4.184567299461882,-10.65586342719723,-9.264235194279003,6.73661370389787e-14
201.19414640902977,-26.358756137621356,4.183150132877986,-10.662675800868914,-9.266749943152345,2.5262301389617013e-14
201.20264697955824,-26.35224139519096,4.181732982827676,-10.669490593383538,-9.2692652899935,5.894536990910637e-14
201.2111504576716,-26.345731265292166,4.180315851253541,-10.676307800079298,-9.271781233679427,7.578690416885104e-14
201.2196568473471,-26.33922575168322,4.178898740098163,-10.683127416294786,-9.274297773086294,1.0104920555846805e-13
201.22816615256272,-26.3327248581215,4.177481651304131,-10.689949437368991,-9.276814907089474,1.0946997268834039e-13
201.2366783772974,-26.326228588363524,4.176064586814029,-10.696773858641263,-9.279332634563538,9.262843842859572e-14
201.24519352553105,-26.31973694616493,4.174647548570442,-10.703600675451373,-9.281850954382275,5.894536990910637e-14
201.25371160124413,-26.313249935280595,4.173230538515958,-10.710429883139462,-9.284369865418657,1.1789073981821273e-13
201.26223260841832,-26.306767559464443,4.171813558593161,-10.717261477046069,-9.286889366544884,1.1789073981821273e-13
201.27075655103604,-26.300289822469555,4.170396610744638,-10.724095452512106,-9.289409456632349,6.73661370389787e-14
201.27928343308056,-26.29381672804819,4.168979696912973,-10.730931804878896,-9.29193013455165,7.578690416885104e-14
201.2878132585361,-26.287348279951726,4.167562819040752,-10.737770529488134,-9.294451399172594,1.0946997268834039e-13
201.2963460313877,-26.280884481930677,4.166145979070561,-10.744611621681901,-9.29697324936418,5.894536990910637e-14
201.30488175562135,-26.274425337734687,4.164729178944987,-10.751455076802682,-9.299495683994637,1.0946997268834039e-13
201.31342043522383,-26.267970851112622,4.163312420606616,-10.758300890193333,-9.302018701931367,6.73661370389787e-14
201.32196207418284,-26.2615210258124,4.161895705998029,-10.765149057197123,-9.304542302041003,1.0104920555846805e-13
201.33050667648703,-26.25507586558112,4.160479037061816,-10.771999573157677,-9.307066483189375,5.894536990910637e-14
201.3390542461259,-26.248635374165,4.159062415740564,-10.778852433419031,-9.309591244241508,5.894536990910637e-14
201.34760478708978,-26.24219955530942,4.157645843976856,-10.7857076333256,-9.312116584061643,6.73661370389787e-14
201.35615830337,-26.23576841275885,4.156229323713277,-10.792565168222193,-9.31464250151323,6.73661370389787e-14
201.36471479895863,-26.229341950257023,4.154812856892415,-10.799425033454007,-9.317168995458905,7.578690416885104e-14
201.37327427784876,-26.22292017154669,4.153396445456856,-10.806287224366619,-9.319696064760524,8.420767129872338e-14
201.38183674403436,-26.216503080369776,4.151980091349183,-10.813151736306004,-9.32222370827915,3.368306851948935e-14
201.3904022015102,-26.210090680467353,4.150563796511983,-10.820018564618529,-9.324751924875045,8.420767129872338e-14
201.39897065427206,-26.203682975579643,4.149147562887842,-10.826887704650924,-9.327280713407673,1.2631150694808508e-13
201.40754210631658,-26.197279969445987,4.147731392419346,-10.833759151750337,-9.329810072735707,9.262843842859572e-14
201.41611656164133,-26.190881665804838,4.14631528704908,-10.840632901264282,-9.332340001717034,8.420767129872338e-14
201.4246940242446,-26.184488068393875,4.144899248719631,-10.847508948540682,-9.334870499208725,8.420767129872338e-14
201.43327449812577,-26.17809918094985,4.143483279373582,-10.854387288927837,-9.337401564067083,5.894536990910637e-14
201.44185798728503,-26.17171500720865,4.142067380953523,-10.861267917774423,-9.339933195147578,1.1789073981821273e-13
201.45044449572362,-26.165335550905326,4.140651555402035,-10.868150830429531,-9.342465391304941,9.262843842859572e-14
201.45903402744347,-26.158960815774034,4.139235804661706,-10.875036022242613,-9.344998151393057,4.210383564936169e-14
201.46762658644758,-26.15259080554807,4.137820130675123,-10.881923488563524,-9.347531474265045,8.420767129872338e-14
201.4762221767397,-26.146225523959934,4.1364045353848695,-10.888813224742513,-9.350065358773211,1.0104920555846805e-13
201.48482080232463,-26.139864974741194,4.134989020733531,-10.895705226130199,-9.352599803769081,1.1789073981821273e-13
201.493422467208,-26.13350916162256,4.133573588663697,-10.902599488077595,-9.355134808103383,1.1789073981821273e-13
201.50202717539645,-26.127158088333893,4.132158241117948,-10.909496005936111,-9.357670370626053,4.210383564936169e-14
201.51063493089737,-26.120811758604184,4.130742980038874,-10.916394775057542,-9.36020649018622,5.894536990910637e-14
201.51924573771916,-26.114470176161564,4.129327807369058,-10.92329579079406,-9.362743165632233,9.262843842859572e-14
201.5278595998712,-26.108133344733265,4.127912725051086,-10.930199048498226,-9.36528039581165,5.0524602779234026e-14
201.53647652136357,-26.101801268045747,4.126497735027547,-10.937104543523013,-9.36781817957121,8.420767129872338e-14
201.54509650620744,-26.095473949824505,4.125082839241021,-10.944012271221752,-9.37035651575688,9.262843842859572e-14
201.5537195584149,-26.089151393794218,4.123668039634098,-10.950922226948176,-9.372895403213832,1.0104920555846805e-13
201.56234568199886,-26.082833603678676,4.122253338149363,-10.957834406056401,-9.375434840786438,1.1789073981821273e-13
201.57097488097327,-26.076520583200814,4.120838736729401,-10.964748803900935,-9.37797482731827,9.262843842859572e-14
