galstreams/tracks/track.st.Fimbulthul.ibata2021.ecsv
# %ECSV 1.0
# ---
# datatype:
# - {name: ra, unit: deg, datatype: float64}
# - {name: dec, unit: deg, datatype: float64}
# - {name: distance, unit: kpc, datatype: float64}
# - {name: pm_ra_cosdec, unit: mas / yr, datatype: float64}
# - {name: pm_dec, unit: mas / yr, datatype: float64}
# - {name: radial_velocity, unit: km / s, datatype: float64}
# delimiter: ','
# meta: !!omap
# - __serialized_columns__:
#     dec:
#       __class__: astropy.coordinates.angles.Latitude
#       unit: &id001 !astropy.units.Unit {unit: deg}
#       value: !astropy.table.SerializedColumn {name: dec}
#     distance:
#       __class__: astropy.coordinates.distances.Distance
#       unit: !astropy.units.Unit {unit: kpc}
#       value: !astropy.table.SerializedColumn {name: distance}
#     pm_dec:
#       __class__: astropy.units.quantity.Quantity
#       unit: !astropy.units.Unit {unit: mas / yr}
#       value: !astropy.table.SerializedColumn {name: pm_dec}
#     pm_ra_cosdec:
#       __class__: astropy.units.quantity.Quantity
#       unit: !astropy.units.Unit {unit: mas / yr}
#       value: !astropy.table.SerializedColumn {name: pm_ra_cosdec}
#     ra:
#       __class__: astropy.coordinates.angles.Longitude
#       unit: *id001
#       value: !astropy.table.SerializedColumn {name: ra}
#       wrap_angle: !astropy.coordinates.Angle
#         unit: *id001
#         value: 360.0
#     radial_velocity:
#       __class__: astropy.units.quantity.Quantity
#       unit: !astropy.units.Unit {unit: km / s}
#       value: !astropy.table.SerializedColumn {name: radial_velocity}
# schema: astropy-2.0
ra,dec,distance,pm_ra_cosdec,pm_dec,radial_velocity
[from data line 1983]
204.6409687616326,-24.26218678614148,3.6674044193192206,-13.361981183773638,-10.246727753327736,145.53393197700638
204.65085605537072,-24.257669533654088,3.6661319174914717,-13.369379135928337,-10.249381500938334,145.49077961554454
204.6607478280485,-24.253158247512484,3.66486016649471,-13.3767777718379,-10.252035366558239,145.44746804058266
204.67064408405284,-24.248652931132874,3.663589168271522,-13.384177086980909,-10.254689348777312,145.40399698866162
204.680544827772,-24.244153587930533,3.6623189247644956,-13.391577076836313,-10.257343446184759,145.36036619632225
204.6904500635956,-24.239660221319767,3.661049437916214,-13.39897773688338,-10.259997657369102,145.3165754001053
204.7003597959144,-24.23517283471392,3.659780709669263,-13.406379062601731,-10.262651980918195,145.27262433655198
204.71027402912068,-24.23069143152537,3.65851274196623,-13.4137810494713,-10.265306415419193,145.2285127422028
204.72019276760787,-24.22621601516554,3.657245536749699,-13.421183692972374,-10.267960959458602,145.18424035359882
204.73011601577082,-24.221746589044876,3.6559790959622567,-13.428586988585577,-10.270615611622238,145.13980690728067
204.74004377800554,-24.21728315657287,3.65471342154649,-13.435990931791833,-10.273270370495238,145.09521213978954
204.74997605870954,-24.21282572115804,3.6534485154449814,-13.443395518072458,-10.27592523466208,145.050455787666
204.75991286228148,-24.208374286207953,3.6521843796003197,-13.450800742909053,-10.278580202706562,145.0055375874511
204.7698541931214,-24.203928855129185,3.6509210159550887,-13.458206601783576,-10.281235273211811,144.96045727568574
204.77980005563077,-24.19948943132737,3.649658426451875,-13.46561309017831,-10.283890444760283,144.91521458891052
204.78975045421214,-24.195056018207175,3.648396613033264,-13.473020203575883,-10.286545715933755,144.8698092636664
204.79970539326953,-24.190628619172283,3.647135577641843,-13.480427937459236,-10.289201085313351,144.8242410364944
204.8096648772083,-24.186207237625432,3.645875322220195,-13.487836287311652,-10.291856551479507,144.77850964393537
204.81962891043503,-24.18179187696837,3.644615848710906,-13.495245248616754,-10.294512113012011,144.73261482252983
204.8295974973577,-24.177382540601887,3.643357159056564,-13.502654816858492,-10.297167768489967,144.68655630881904
204.83957064238558,-24.17297923192582,3.642099255199753,-13.510064987521142,-10.299823516491818,144.6403338393437
204.84954834992925,-24.16858195433902,3.6408421390830594,-13.517475756089308,-10.302479355595342,144.59394715064462
204.85953062440063,-24.164190711239367,3.6395858126490688,-13.524887118047943,-10.305135284377648,144.5473959792628
204.86951747021303,-24.15980550602379,3.638330277840366,-13.532299068882315,-10.30779130141519,144.50068006173896
204.87950889178097,-24.155426342088237,3.637075536599538,-13.539711604078025,-10.31044740528375,144.45379913461394
204.88950489352035,-24.15105322282768,3.6358215908691696,-13.547124719121014,-10.313103594558447,144.40675293442882
204.89950547984844,-24.146686151636143,3.634568442591847,-13.554538409497532,-10.315759867813735,144.35954119772413
204.90951065518377,-24.14232513190665,3.633316093710157,-13.561952670694174,-10.31841622362342,144.31216366104118
204.91952042394627,-24.137970167031277,3.6320645461666823,-13.569367498197868,-10.32107266056063,144.26462006092035
204.92953479055717,-24.133621260401128,3.6308138019040124,-13.576782887495852,-10.323729177197844,144.21691013390281
204.93955375943898,-24.12927841540632,3.6295638628647295,-13.584198834075721,-10.326385772106892,144.16903361652928
204.9495773350157,-24.12494163543602,3.628314730991422,-13.59161533342536,-10.329042443858919,144.12099024534075
204.9596055217125,-24.120610923878413,3.6270664082266735,-13.59903238103302,-10.331699191024434,144.0727797568779
204.96963832395593,-24.116286284120697,3.6258188965130715,-13.606449972387251,-10.334356012173275,144.02440188768176
204.97967574617394,-24.111967719549128,3.6245721977932006,-13.613868102976943,-10.337012905874642,143.97585637429313
204.98971779279583,-24.107655233548954,3.6233263140096463,-13.621286768291323,-10.339669870697069,143.92714295325277
204.9997644682521,-24.103348829504487,3.622081247104996,-13.628705963819908,-10.342326905208425,143.87826136110172
205.0098157769748,-24.099048510799044,3.620836999021834,-13.636125685052587,-10.344984007975945,143.82921133438074
205.01987172339713,-24.094754280814964,3.619593571702746,-13.643545927479545,-10.347641177566208,143.77999260963063
205.02993231195376,-24.090466142933618,3.618350967090319,-13.6509666865913,-10.350298412545127,143.73060492339246
205.03999754708065,-24.08618410053541,3.617109187127136,-13.658387957878704,-10.352955711477986,143.68104801220682
205.05006743321513,-24.08190815699976,3.6158682337557857,-13.665809736832912,-10.355613072929389,143.63132161261478
205.06014197479587,-24.077638315705116,3.614628108918852,-13.673232018945427,-10.358270495463321,143.58142546115712
205.07022117626292,-24.073374580028954,3.6133888145589212,-13.68065479970807,-10.360927977643104,143.53135929437465
205.08030504205763,-24.069116953347752,3.6121503526185803,-13.688078074612964,-10.363585518031408,143.48112284880833
205.09039357662272,-24.064865439037046,3.6109127250404125,-13.695501839152591,-10.366243115190267,143.43071586099893
205.10048678440228,-24.06062004047138,3.609675933767005,-13.702926088819734,-10.368900767681065,143.3801380674874
205.11058466984176,-24.056380761024315,3.6084399807409433,-13.710350819107507,-10.371558474064539,143.32938920481462
205.12068723738795,-24.052147604068438,3.6072048679048128,-13.717776025509341,-10.374216232900782,143.27846900952125
205.13079449148898,-24.047920572975364,3.6059705972012015,-13.725201703518977,-10.37687404274923,143.2273772181485
205.1409064365944,-24.043699671115718,3.6047371705726894,-13.73262784863052,-10.379531902168718,143.1761135672368
205.15102307715503,-24.039484901859176,3.6035045899618687,-13.740054456338344,-10.382189809717385,143.12467779332732
205.16114441762315,-24.035276268574382,3.602272857311321,-13.747481522137182,-10.38484776395277,143.07306963296074
205.1712704624523,-24.031073774629064,3.6010419745636355,-13.754909041522067,-10.387505763431752,143.02128882267817
205.18140121609747,-24.02687742338991,3.5998119436613933,-13.762337009988366,-10.390163806710579,142.96933509902016
205.19153668301502,-24.022687218222693,3.5985827665471835,-13.769765423031757,-10.392821892344854,142.91720819852773
205.20167686766254,-24.01850316249214,3.5973544451635915,-13.777194276148236,-10.395480018889545,142.86490785774185
205.21182177449916,-24.014325259562042,3.5961269814532018,-13.784623564834135,-10.398138184898984,142.81243381320323
205.2219714079853,-24.0101535127952,3.5949003773586012,-13.792053284586078,-10.40079638892687,142.7597858014527
205.23212577258278,-24.00598792555342,3.5936746348223747,-13.79948343090104,-10.403454629526268,142.7069635590311
205.24228487275468,-24.001828501197554,3.5924497557871082,-13.806913999276281,-10.406112905249593,142.65396682247962
205.2524487129656,-23.99767524308743,3.5912257421953884,-13.8143449852094,-10.408771214648647,142.60079532833865
205.26261729768143,-23.99352815458193,3.5900025959897985,-13.821776384198316,-10.411429556274589,142.54744881314943
205.27279063136947,-23.989387239038944,3.5887803191129275,-13.829208191741252,-10.41408792867795,142.4939270134526
205.28296871849838,-23.985252499815374,3.5875589135073582,-13.83664040333676,-10.416746330408634,142.440229665789
205.29315156353817,-23.981123940267146,3.5863383811156786,-13.844073014483692,-10.4194047600159,142.38635650669974
205.30333917096033,-23.977001563749198,3.5851187238804725,-13.851506020681239,-10.4220632160484,142.33230727272536
205.3135315452376,-23.97288537361547,3.583899943744327,-13.858939417428886,-10.424721697054137,142.2780817004069
205.32372869084418,-23.96877537321895,3.5826820426498265,-13.866373200226446,-10.427380201580503,142.22367952628525
205.3339306122556,-23.96467156591162,3.581465022539559,-13.873807364574049,-10.430038728174253,142.16910048690124
205.34413731394883,-23.960573955044474,3.580248885356108,-13.881241905972132,-10.432697275381525,142.11434431879573
205.35434880040222,-23.956482543967535,3.579033633042061,-13.88867681992145,-10.43535584174783,142.0594107585095
205.36456507609546,-23.952397336029826,3.5778192675400007,-13.896112101923073,-10.438014425818054,142.00429954258345
205.3747861455097,-23.948318334579394,3.576605790792516,-13.903547747478381,-10.440673026136459,141.94901040755843
205.38501201312735,-23.94424554296329,3.5753932047421912,-13.91098375208908,-10.443331641246692,141.8935430899754
205.39524268343234,-23.940178964527597,3.5741815113316124,-13.918420111257163,-10.445990269691766,141.83789732637513
205.40547816090995,-23.936118602617384,3.5729707125033654,-13.925856820484956,-10.448648910014088,141.7820728532985
205.41571845004682,-23.93206446057675,3.5717608102000358,-13.933293875275105,-10.451307560755444,141.72606940728633
205.425963555331,-23.928016541748814,3.5705518063642088,-13.940731271130547,-10.453966220456993,141.6698867248796
205.43621348125203,-23.92397484947568,3.56934370293847,-13.948169003554533,-10.456624887659288,141.61352454261905
205.44646823230065,-23.919939387098488,3.568136501865407,-13.955607068050641,-10.459283560902259,141.55698259704565
205.45672781296918,-23.915910157957384,3.5669302050876026,-13.963045460122755,-10.461942238725223,141.50026062470008
205.4669922277512,-23.911887165391505,3.5657248145476457,-13.970484175275054,-10.464600919666886,141.44335836212326
205.47726148114182,-23.907870412739037,3.564520332188119,-13.977923209012033,-10.46725960226533,141.38627554585628
205.48753557763746,-23.903859903337132,3.5633167599516096,-13.985362556838522,-10.469918285058041,141.32901191243968
205.49781452173596,-23.899855640521988,3.562114099780705,-13.992802214259621,-10.47257696658187,141.2715671984146
205.50809831793663,-23.895857627628786,3.560912353617987,-14.000242176780773,-10.475235645373093,141.21394114032165
205.51838697074004,-23.89186586799173,3.559711523406045,-14.007682439907699,-10.477894319967337,141.15613347470193
205.52868048464833,-23.887880364944035,3.558511611087463,-14.015122999146453,-10.48055298889965,141.09814393809603
205.53897886416493,-23.88390112181791,3.5573126186048256,-14.022563850003385,-10.483211650704455,141.039972267045
205.5492821137947,-23.879928141944593,3.5561145479007212,-14.03000498798515,-10.485870303915576,140.98161819808973
205.55959023804397,-23.875961428654303,3.5549174009177333,-14.037446408598727,-10.488528947066236,140.9230814677709
205.56990324142043,-23.872000985276287,3.5537211795984494,-14.044888107351372,-10.491187578689042,140.86436181262957
205.5802211284332,-23.868046815138793,3.552525885885453,-14.05233007975068,-10.493846197316,140.8054589692065
205.59054390359285,-23.864098921569067,3.551331521721332,-14.059772321304532,-10.49650480147852,140.74637267404248
205.60087157141123,-23.86015730789338,3.5501380890486716,-14.06721482752112,-10.499163389707403,140.68710266367856
205.61120413640177,-23.856221977436984,3.5489455898100553,-14.07465759390894,-10.501821960532862,140.62764867465538
205.6215416030792,-23.85229293352416,3.547754025948073,-14.082100615976783,-10.504480512484486,140.568010443514
205.6318839759598,-23.84837017947818,3.5465633994053056,-14.089543889233774,-10.507139044091291,140.50818770679504
205.64223125956107,-23.844453718621306,3.545373712124343,-14.096987409189303,-10.50979755388167,140.4481802010396
205.65258345840215,-23.84054355427485,3.544184966047769,-14.104431171353095,-10.512456040383448,140.38798766278842
205.66294057700344,-23.836639689759075,3.5429971631181685,-14.111875171235164,-10.51511450212383,140.32760982858247
205.67330261988684,-23.83274212839328,3.5418103052781293,-14.119319404345818,-10.517772937629433,140.2670464349625
205.68366959157566,-23.828850873495757,3.5406243944702362,-14.126763866195692,-10.520431345426283,140.20629721846942
205.69404149659465,-23.824965928383822,3.539439432637074,-14.134208552295705,-10.523089724039814,140.14536191564412
205.70441833946998,-23.82108729637374,3.53825542172123,-14.14165345815708,-10.525748071994869,140.08424026302737
205.71480012472924,-23.817214980780825,3.537072363665288,-14.149098579291348,-10.528406387815693,140.02293199715996
205.72518685690144,-23.813348984919386,3.535890260411836,-14.156543911210337,-10.531064670025945,139.96143685458298
205.73557854051705,-23.809489312102716,3.5347091139034563,-14.163989449426165,-10.5337229171487,139.89975457183718
205.74597518010796,-23.805635965643123,3.533528926082738,-14.171435189451262,-10.53638112770643,139.83788488546335
205.7563767802075,-23.801788948851904,3.5323496988922667,-14.178881126798352,-10.539039300221036,139.7758275320025
205.7667833453504,-23.797948265039373,3.531171434274626,-14.186327256980473,-10.54169743321383,139.7135822479953
205.77719488007293,-23.794113917514824,3.529994134172404,-14.19377357551094,-10.544355525205535,139.65114876998274
205.7876113889126,-23.79028590958657,3.528817800528184,-14.201220077903383,-10.547013574716287,139.58852683450567
205.79803287640863,-23.786464244561902,3.5276424352845526,-14.208666759671717,-10.549671580265652,139.52571617810506
205.80845934710146,-23.78264892574712,3.526468040384096,-14.216113616330166,-10.552329540372599,139.46271653732148
205.81889080553304,-23.77883995644753,3.5252946177693993,-14.223560643393242,-10.554987453555531,139.399527648696
205.82932725624678,-23.775037339967422,3.52412216938305,-14.23100783637576,-10.557645318332256,139.33614924876954
205.83976870378757,-23.77124107961008,3.522950697167631,-14.238455190792827,-10.560303133220017,139.27258107408278
205.85021515270168,-23.767451178677817,3.52178020306573,-14.24590270215985,-10.562960896735468,139.20882286117669
205.8606666075368,-23.76366764047189,3.5206106890199327,-14.253350365992528,-10.565618607394697,139.14487434659205
205.8711230728422,-23.75989046829261,3.5194421569728234,-14.260798177806867,-10.568276263713212,139.0807352668698
205.8815845531685,-23.756119665439243,3.518274608866989,-14.268246133119144,-10.570933864205942,139.01640535855074
205.89205105306775,-23.75235523521005,3.517108046645014,-14.275694227445957,-10.573591407387253,138.95188435817587
205.90252257709355,-23.74859718090232,3.515942472249486,-14.283142456304176,-10.576248891770927,138.88717200228575
205.91299912980085,-23.744845505812293,3.5147778876229885,-14.290590815210976,-10.578906315870185,138.8222680274216
205.92348071574614,-23.74110021323525,3.51361429470811,-14.298039299683818,-10.581563678197664,138.75717217012405
205.93396733948728,-23.73736130646543,3.512451695447434,-14.305487905240472,-10.584220977265446,138.69188416693402
205.94445900558372,-23.733628788796075,3.5112900917835472,-14.312936627398972,-10.586878211585041,138.62640375439238
205.9549557185962,-23.72990266351943,3.5101294856590344,-14.320385461677674,-10.589535379667392,138.5607306690401
205.9654574830871,-23.72618293392672,3.5089698790164823,-14.327834403595205,-10.59219248002287,138.49486464741778
205.97596430362015,-23.722469603308173,3.5078112737984757,-14.335283448670495,-10.594849511161295,138.42880542606636
205.98647618476048,-23.71876267495299,3.506653671947602,-14.342732592422752,-10.5975064715919,138.36255274152688
205.99699313107487,-23.7150621521494,3.505497075406445,-14.35018183037149,-10.600163359823377,138.29610633033997
206.00751514713136,-23.71136803818457,3.5043414861175908,-14.357631158036494,-10.602820174363853,138.22946592904682
206.01804223749969,-23.70768033634471,3.503186906023625,-14.365080570937856,-10.605476913720885,138.16263127418802
206.02857440675086,-23.703999049914987,3.5020333370671355,-14.37253006459595,-10.608133576401478,138.09560210230438
206.03911165945743,-23.70032418217958,3.500880781190705,-14.37997963453143,-10.61079016091208,138.02837814993697
