galstreams/tracks/track.st.Ophiuchus.ibata2024.ecsv
# %ECSV 1.0
# ---
# datatype:
# - {name: ra, unit: deg, datatype: float64}
# - {name: dec, unit: deg, datatype: float64}
# - {name: distance, unit: kpc, datatype: float64}
# - {name: pm_ra_cosdec, unit: mas / yr, datatype: float64}
# - {name: pm_dec, unit: mas / yr, datatype: float64}
# - {name: radial_velocity, unit: km / s, datatype: float64}
# delimiter: ','
# meta: !!omap
# - __serialized_columns__:
#     dec:
#       __class__: astropy.coordinates.angles.Latitude
#       unit: &id001 !astropy.units.Unit {unit: deg}
#       value: !astropy.table.SerializedColumn {name: dec}
#     distance:
#       __class__: astropy.coordinates.distances.Distance
#       unit: !astropy.units.Unit {unit: kpc}
#       value: !astropy.table.SerializedColumn {name: distance}
#     pm_dec:
#       __class__: astropy.units.quantity.Quantity
#       unit: !astropy.units.Unit {unit: mas / yr}
#       value: !astropy.table.SerializedColumn {name: pm_dec}
#     pm_ra_cosdec:
#       __class__: astropy.units.quantity.Quantity
#       unit: !astropy.units.Unit {unit: mas / yr}
#       value: !astropy.table.SerializedColumn {name: pm_ra_cosdec}
#     ra:
#       __class__: astropy.coordinates.angles.Longitude
#       unit: *id001
#       value: !astropy.table.SerializedColumn {name: ra}
#       wrap_angle: !astropy.coordinates.Angle
#         unit: *id001
#         value: 360.0
#     radial_velocity:
#       __class__: astropy.units.quantity.Quantity
#       unit: !astropy.units.Unit {unit: km / s}
#       value: !astropy.table.SerializedColumn {name: radial_velocity}
# schema: astropy-2.0
ra,dec,distance,pm_ra_cosdec,pm_dec,radial_velocity
[from data line 567]
242.54667241704843,-7.013180039120786,0.9999999999999994,-5.558576400500176,-4.493111801694472,291.2265379781749
242.55680484624133,-7.012548648575989,0.9999999999999996,-5.567460050819413,-4.493261730120181,291.18294700358
242.56694115374896,-7.011934141352154,0.9999999999999997,-5.576355515652654,-4.493411373336002,291.13800064224637
242.57708133065037,-7.0113364734737695,0.9999999999999994,-5.585262712434542,-4.4935607330230685,291.09171016179704
242.58722536802102,-7.010755600966197,0.9999999999999996,-5.594181558599182,-4.493709810855036,291.04408682985525
242.59737325693277,-7.010191479855683,0.9999999999999996,-5.603111971580404,-4.493858608498104,290.99514191404415
242.6075249884537,-7.009644066169345,0.9999999999999994,-5.612053868811518,-4.49400712761099,290.9448866819867
242.61768055364848,-7.00911331593518,0.9999999999999997,-5.621007167725715,-4.494155369844943,290.89333240130634
242.6278399435779,-7.008599185182066,0.9999999999999997,-5.629971785755565,-4.49430333684373,290.840490339626
242.63800314929944,-7.008101629939761,0.9999999999999997,-5.638947640333583,-4.494451030243638,290.7863717645689
242.64817016186663,-7.007620606238895,0.9999999999999996,-5.6479346488916455,-4.49459845167346,290.7309879437583
242.65834097232954,-7.007156070110982,0.9999999999999997,-5.656932728861477,-4.494745602754506,290.6743501448172
242.66851557173456,-7.006707977588418,0.9999999999999997,-5.665941797674421,-4.494892485100586,290.61646963536873
242.67869395112433,-7.0062762847044775,0.9999999999999997,-5.67496177276136,-4.495039100318014,290.55735768303606
242.6888761015381,-7.005860947493313,0.9999999999999996,-5.683992571553116,-4.495185450005607,290.49702555544235
242.6990620140111,-7.005461921989964,0.9999999999999996,-5.693034111479776,-4.495331535754665,290.4354845202108
242.70925167957526,-7.005079164230343,0.9999999999999997,-5.70208630997152,-4.4954773591489925,290.37274584496447
242.71944508925856,-7.004712630251251,0.9999999999999998,-5.711149084457862,-4.49562292176488,290.3088207973267
242.72964223408545,-7.0043622760903705,0.9999999999999996,-5.720222352368136,-4.495768225171085,290.24372064492024
242.73984310507666,-7.00402805778626,0.9999999999999997,-5.729306031131319,-4.49591327092887,290.1774566553687
242.7500476932493,-7.003709931378373,0.9999999999999997,-5.73840003817611,-4.49605806059195,290.11004009629494
242.7602559896167,-7.003407852907033,0.9999999999999996,-5.747504290930767,-4.496202595706543,290.04148223532223
242.77046798518862,-7.003121778413455,0.9999999999999996,-5.756618706823378,-4.496346877811306,289.97179434007364
242.7806836709711,-7.002851663939734,0.9999999999999994,-5.765743203281627,-4.496490908437378,289.9009876781723
242.79090303796642,-7.0025974655288525,0.9999999999999997,-5.774877697732915,-4.496634689108358,289.82907351724145
242.80112607717328,-7.002359139224673,0.9999999999999996,-5.784022107604347,-4.496778221340319,289.75606312490413
242.81135277958649,-7.002136641071948,0.9999999999999997,-5.793176350322565,-4.496921506641757,289.68196776878364
242.8215831361974,-7.001929927116313,0.9999999999999997,-5.8023403433141425,-4.497064546513661,289.6067987165028
242.83181713799343,-7.001738953404286,0.9999999999999998,-5.811514004005129,-4.497207342449435,289.53056723568517
242.84205477595845,-7.001563675983272,0.9999999999999997,-5.820697249821428,-4.49734989593495,289.4532845939537
242.8522960410726,-7.0014040509015665,0.9999999999999998,-5.829889998188637,-4.4974922084485165,289.37496205893143
242.86254092431216,-7.00126003420835,0.9999999999999997,-5.839092166531895,-4.497634281460874,289.29561089824176
242.87278941664994,-7.001131581953683,0.9999999999999997,-5.848303672276288,-4.497776116435216,289.21524237950763
242.8830415090547,-7.001018650188518,0.9999999999999998,-5.857524432846315,-4.497917714827158,289.1338677703522
242.89329719249173,-7.000921194964701,0.9999999999999997,-5.866754365666452,-4.49805907808474,289.05149833839874
242.90355645792255,-7.000839172334953,0.9999999999999998,-5.875993388160751,-4.498200207648446,288.9681453512704
242.9138192963048,-7.000772538352891,0.9999999999999998,-5.885241417752976,-4.4983411049511695,288.8838200765902
242.9240856985926,-7.0007212490730195,0.9999999999999998,-5.894498371866675,-4.498481771418231,288.79853378198123
242.9343556557361,-7.000685260550729,0.9999999999999998,-5.903764167925043,-4.498622208467365,288.71229773506684
242.9446291586819,-7.000664528842301,0.9999999999999998,-5.9130387233510255,-4.498762417508725,288.6251232034701
242.95490619837278,-7.000659010004907,0.9999999999999999,-5.922321955567352,-4.498902399944868,288.5370214548141
242.96518676574766,-7.000668660096604,0.9999999999999997,-5.9316137819962975,-4.499042157170769,288.448003756722
242.97547085174185,-7.000693435176344,0.9999999999999996,-5.9409141200600715,-4.4991816905738,288.358081376817
242.98575844728688,-7.000733291303962,0.9999999999999998,-5.950222887180473,-4.499321001533738,288.26726558272213
242.99604954331048,-7.0007881845401885,0.9999999999999999,-5.95954000077915,-4.499460091422766,288.17556764206086
243.00634413073658,-7.000858070946646,0.9999999999999997,-5.968865378277318,-4.499598961605448,288.08299882245586
243.01664220048542,-7.000942906585843,0.9999999999999997,-5.978198937096106,-4.499737613438757,287.9895703915307
243.02694374347348,-7.00104264752118,0.9999999999999998,-5.987540594656295,-4.499876048272044,287.89529361690825
243.0372487506134,-7.001157249816954,0.9999999999999997,-5.996890268378415,-4.500014267447055,287.8001797662118
243.04755721281398,-7.0012866695383424,0.9999999999999997,-6.006247875682671,-4.500152272297919,287.7042401070644
243.0578691209805,-7.001430862751428,0.9999999999999999,-6.015613333989208,-4.500290064151144,287.6074859070892
243.0681844660141,-7.001589785523177,0.9999999999999998,-6.024986560717647,-4.500427644325617,287.5099284339094
243.07850323881243,-7.0017633939214505,0.9999999999999998,-6.034367473287638,-4.500565014132607,287.4115789551482
243.0888254302692,-7.001951644015002,0.9999999999999998,-6.043755989118374,-4.500702174875747,287.31244873842866
243.09915103127435,-7.002154491873478,0.9999999999999997,-6.053152025628872,-4.500839127851045,287.21254905137386
243.1094800327141,-7.002371893567417,0.9999999999999999,-6.062555500237998,-4.50097587434688,287.11189116160716
243.1198124254707,-7.0026038051682535,1.0,-6.071966330364191,-4.501112415643986,287.0104863367515
243.13014820042275,-7.002850182748315,0.9999999999999998,-6.081384433425772,-4.501248753015465,286.9083458444302
243.14048734844508,-7.003110982380818,0.9999999999999999,-6.090809726840899,-4.5013848877267835,286.80548095226624
243.15082986040852,-7.003386160139881,0.9999999999999999,-6.1002421280272685,-4.501520821035757,286.7019029278829
243.16117572718028,-7.003675672100512,1.0,-6.109681554402567,-4.501656554192549,286.5976230389032
243.1715249396237,-7.003979474338614,0.9999999999999998,-6.119127923384202,-4.501792088439693,286.49265255295035
243.18187748859813,-7.004297522930986,0.9999999999999999,-6.128581152389142,-4.501927425012049,286.38700273764755
243.19223336495943,-7.004629773955319,0.9999999999999999,-6.138041158834465,-4.502062565136842,286.2806848606177
243.2025925595594,-7.004976183490207,0.9999999999999999,-6.147507860136859,-4.5021975100336284,286.17371018948444
243.212955063246,-7.005336707615129,0.9999999999999999,-6.156981173712637,-4.502332260914305,286.0660899918705
243.22332086686362,-7.005711302410469,0.9999999999999999,-6.166461016978285,-4.502466818983119,285.957835535399
243.23368996125248,-7.0060999239575015,0.9999999999999997,-6.175947307349649,-4.5026011854366335,285.8489580876934
243.24406233724918,-7.006502528338396,0.9999999999999999,-6.185439962242665,-4.502735361463762,285.73946891637667
243.25443798568642,-7.006919071636225,0.9999999999999999,-6.194938899072849,-4.50286934824574,285.62937928907184
243.26481689739308,-7.0073495099349525,0.9999999999999999,-6.204444035255683,-4.5030031469561305,285.5187004734024
243.2751990631942,-7.007793799319441,0.9999999999999998,-6.213955288206332,-4.503136758760824,285.40744373699107
243.28558447391097,-7.008251895875448,1.0,-6.223472575339752,-4.503270184818039,285.29562034746135
243.29597312036069,-7.008723755689632,0.9999999999999999,-6.232995814070751,-4.503403426278297,285.1832415724361
243.306364993357,-7.009209334849544,1.0,-6.24252492181402,-4.503536484284462,285.0703186795386
243.31676008370928,-7.009708589443638,1.0,-6.2520598159837135,-4.5036693599716955,284.95686293639204
243.3271583822236,-7.010221475561262,1.0,-6.261600413994227,-4.503802054467478,284.84288561061965
243.3375598797017,-7.010747949292665,0.9999999999999999,-6.271146633259477,-4.503934568891597,284.72839796984437
243.34796456694173,-7.0112879667289905,1.0,-6.280698391193241,-4.504066904356155,284.6134112816894
243.35837243473787,-7.011841483962286,1.0,-6.290255605209147,-4.504199061965558,284.497936813778
243.36878347388043,-7.012408457085491,0.9999999999999999,-6.299818192720593,-4.504331042816509,284.3819858337331
243.379197675156,-7.0129888421924464,1.0,-6.309386071140906,-4.504462847998027,284.26556960917804
243.3896150293471,-7.013582595377897,1.0,-6.318959157883036,-4.504594478591414,284.1486994077359
243.40003552723243,-7.014189672737478,1.0,-6.328537370359832,-4.504725935670274,284.03138649702987
243.410459159587,-7.014810030367732,1.0,-6.3381206259841,-4.5048572203005115,283.913642144683
243.4208859171817,-7.015443624366096,1.0,-6.347708842168299,-4.5049883335403225,283.79547761831856
243.4313157907836,-7.016090410830913,0.9999999999999998,-6.35730193632476,-4.505119276440178,283.6769041855596
243.44174877115597,-7.0167503458614116,0.9999999999999999,-6.366899825865609,-4.505250050042861,283.5579331140293
243.45218484905823,-7.0174233855577395,1.0,-6.376502428202944,-4.505380655383414,283.43857567135086
243.46262401524572,-7.018109486020931,0.9999999999999998,-6.38610966074847,-4.505511093489188,283.3188431251473
243.47306626047006,-7.018808603352928,1.0,-6.395721440913917,-4.505641365379796,283.1987467430419
243.48351157547896,-7.019520693656569,0.9999999999999999,-6.405337686110801,-4.5057714720671385,283.0782977926576
243.49395995101617,-7.020245713035594,0.9999999999999999,-6.414958313750368,-4.5059014145553915,282.9575075416178
243.50441137782147,-7.020983617594645,0.9999999999999999,-6.424583241243784,-4.506031193841004,282.83638725754554
243.51486584663107,-7.021734363439267,1.0,-6.434212386002173,-4.506160810912702,282.714948208064
243.52532334817693,-7.022497906675901,1.0,-6.443845665436275,-4.506290266751475,282.5932016607961
243.5357838731873,-7.023274203411893,1.0,-6.453482996956893,-4.506419562330594,282.4711588833654
243.5462474123864,-7.024063209755492,1.0,-6.46312429797446,-4.506548698615575,282.3488311433947
243.5567139564947,-7.024864881815845,1.0,-6.4727694858994695,-4.506677676564222,282.22622970850733
243.56718349622855,-7.025679175703002,1.0,-6.482418478142087,-4.5068064971265835,282.1033658463262
243.57765602230063,-7.026506047527917,1.0,-6.492071192112466,-4.506935161244979,281.98025082447487
243.58813152541953,-7.027345453402443,1.0,-6.50172754522054,-4.5070636698539825,281.8568959105761
243.59860999628995,-7.02819734943934,0.9999999999999998,-6.511387454876122,-4.507192023880423,281.73331237225324
243.60909142561283,-7.029061691752265,1.0,-6.521050838488929,-4.507320224243383,281.6095114771294
243.61957580408503,-7.029938436455781,1.0,-6.5307176134685285,-4.507448271854204,281.4855044928277
243.6300631223995,-7.030827539665354,1.0,-6.540387697224247,-4.507576167616474,281.3613026869712
243.6405533712452,-7.031728957497351,1.0000000000000002,-6.55006100716534,-4.50770391242603,281.2369173271833
243.65104654130744,-7.03264264606904,1.0000000000000002,-6.559737460700994,-4.507831507170951,281.1123596810869
243.6615426232673,-7.0335685614986,1.0,-6.569416975240195,-4.507958952731574,280.9876410163052
243.67204160780213,-7.034506659905104,1.0000000000000002,-6.579099468191867,-4.508086249980463,280.8627726004614
243.68254348558523,-7.035456897408537,1.0,-6.588784856964683,-4.508213399782427,280.7377657011786
243.69304824728604,-7.036419230129778,1.0,-6.5984730589673575,-4.508340402994529,280.61263158608
243.70355588357,-7.03739361419062,1.0,-6.608163991608318,-4.508467260466054,280.4873815227888
243.71406638509868,-7.0383800057137496,1.0,-6.617857572295996,-4.508593973038528,280.3620267789279
243.72457974252967,-7.039378360822765,1.0,-6.627553718438676,-4.508720541545705,280.23657862212065
243.73509594651665,-7.0403886356421665,0.9999999999999999,-6.637252347444509,-4.508846966813589,280.11104831999023
243.7456149877093,-7.041410786297355,1.0,-6.646953376721491,-4.508973249660395,279.98544714015975
243.75613685675344,-7.04244476891464,1.0,-6.656656723677578,-4.509099390896575,279.85978635025225
243.76666154429088,-7.043490539621237,1.0,-6.666362305720597,-4.509225391324803,279.7340772178909
243.77718904095948,-7.044548054545256,1.0000000000000002,-6.676070040258278,-4.509351251739993,279.608331010699
243.78771933739316,-7.045617269815724,1.0000000000000002,-6.685779844698118,-4.509476972929266,279.4825589962994
243.798252424222,-7.046698141562564,1.0000000000000002,-6.695491636447791,-4.509602555671977,279.35677244231556
243.80878829207185,-7.047790625916608,1.0,-6.7052053329145345,-4.509728000739693,279.23098261637045
243.81932693156494,-7.0488946790095905,1.0,-6.71492085150577,-4.5098533088962025,279.1052007860874
243.82986833331935,-7.0500102569741525,1.0,-6.7246381096286605,-4.509978480897515,278.9794382190892
243.8404124879492,-7.051137315943841,1.0000000000000002,-6.7343570246902615,-4.510103517491855,278.85370618299953
243.8509593860647,-7.052275812053107,1.0,-6.744077514097629,-4.510228419419658,278.7280159454409
243.8615090182721,-7.053425701437305,1.0,-6.7537994952577165,-4.510353187413569,278.602378774037
243.8720613751736,-7.054586940232699,1.0,-6.763522885577235,-4.510477822198452,278.47680593641064
243.88261644736752,-7.055759484576452,1.0000000000000002,-6.773247602463002,-4.510602324491381,278.3513087001852
243.89317422544832,-7.056943290606642,1.0,-6.782973563321743,-4.510726695001631,278.22589833298366
243.9037347000062,-7.058138314462243,1.0000000000000002,-6.7927006855598435,-4.510850934430686,278.1005861024292
243.91429786162763,-7.0593445122831415,1.0000000000000004,-6.802428886583925,-4.510975043472237,277.975383276145
243.92486370089514,-7.060561840210126,1.0000000000000002,-6.812158083800423,-4.511099022812181,277.8503011217541
243.93543220838703,-7.061790254384894,1.0,-6.821888194615578,-4.511222873128613,277.7253509068797
243.94600337467782,-7.063029710950046,1.0000000000000002,-6.831619136435641,-4.511346595091826,277.60054389914524
243.956577190338,-7.064280166049089,1.0000000000000002,-6.841350826666769,-4.511470189364322,277.47589136617347
243.96715364593416,-7.065541575826438,1.0000000000000002,-6.851083182715168,-4.511593656600793,277.3514045755877
243.9777327320288,-7.066813896427413,1.0000000000000004,-6.860816121986783,-4.511716997448138,277.227094795011
243.98831443918044,-7.068097083998241,1.0000000000000002,-6.870549561887554,-4.511840212545435,277.10297329206657
243.99889875794375,-7.069391094686053,1.0000000000000002,-6.880283419823453,-4.511963302523973,276.97905133437763
244.0094856788692,-7.070695884638891,1.0000000000000002,-6.890017613200204,-4.512086268007224,276.8553401895672
244.02007519250355,-7.072011410005698,1.0000000000000002,-6.899752059423701,-4.512209109610853,276.73185112525846
244.0306672893893,-7.073337626936326,1.0000000000000002,-6.909486675899522,-4.51233182794272,276.60859540907467
244.04126196006519,-7.074674491581537,1.0000000000000004,-6.9192213800334095,-4.512454423602871,276.4855843086388
244.05185919506573,-7.076021960092995,1.0000000000000002,-6.928956089230834,-4.512576897183536,276.362829091574
