galstreams/tracks/track.st.C-5.ibata2021.ecsv
# %ECSV 1.0
# ---
# datatype:
# - {name: ra, unit: deg, datatype: float64}
# - {name: dec, unit: deg, datatype: float64}
# - {name: distance, unit: kpc, datatype: float64}
# - {name: pm_ra_cosdec, unit: mas / yr, datatype: float64}
# - {name: pm_dec, unit: mas / yr, datatype: float64}
# - {name: radial_velocity, unit: km / s, datatype: float64}
# delimiter: ','
# meta: !!omap
# - __serialized_columns__:
#     dec:
#       __class__: astropy.coordinates.angles.Latitude
#       unit: &id001 !astropy.units.Unit {unit: deg}
#       value: !astropy.table.SerializedColumn {name: dec}
#     distance:
#       __class__: astropy.coordinates.distances.Distance
#       unit: !astropy.units.Unit {unit: kpc}
#       value: !astropy.table.SerializedColumn {name: distance}
#     pm_dec:
#       __class__: astropy.units.quantity.Quantity
#       unit: !astropy.units.Unit {unit: mas / yr}
#       value: !astropy.table.SerializedColumn {name: pm_dec}
#     pm_ra_cosdec:
#       __class__: astropy.units.quantity.Quantity
#       unit: !astropy.units.Unit {unit: mas / yr}
#       value: !astropy.table.SerializedColumn {name: pm_ra_cosdec}
#     ra:
#       __class__: astropy.coordinates.angles.Longitude
#       unit: *id001
#       value: !astropy.table.SerializedColumn {name: ra}
#       wrap_angle: !astropy.coordinates.Angle
#         unit: *id001
#         value: 360.0
#     radial_velocity:
#       __class__: astropy.units.quantity.Quantity
#       unit: !astropy.units.Unit {unit: km / s}
#       value: !astropy.table.SerializedColumn {name: radial_velocity}
# schema: astropy-2.0
ra,dec,distance,pm_ra_cosdec,pm_dec,radial_velocity
[from data line 142]
114.87628842581091,35.959571503868716,3.8546344935654044,-0.9475317094811095,-10.98918666692984,65.21657159179819
114.88719016161436,35.95486100731619,3.857564303929427,-0.9463896180361879,-10.980982044399418,65.21035497366954
114.89809326578286,35.950153890545025,3.8604884485305266,-0.9452502413651489,-10.97282228753788,65.20378950013344
114.90899772062258,35.94545012183103,3.863406987313999,-0.9441135742237501,-10.964707168476119,65.19688503568484
114.91990350842653,35.94074966945674,3.8663199802251422,-0.9429796112723805,-10.956636459348882,65.18965144481857
114.93081061147468,35.93605250171141,3.869227487209256,-0.9418483470759726,-10.948609932294847,65.18209859202962
114.941719012034,35.931358586891,3.8721295682116383,-0.9407197761039212,-10.94062735945663,65.17423634181284
114.95262869235835,35.92666789329815,3.8750262831775855,-0.9395938927299974,-10.932688512980828,65.16607455866328
114.96353963468846,35.9219803892423,3.877917692052397,-0.9384706912322471,-10.924793165018045,65.1576231070757
114.97445182125209,35.91729604303955,3.8808038547813712,-0.937350165792934,-10.916941087722932,65.14889185154517
114.98536523426387,35.912614823012774,3.8836848313098047,-0.936232310498442,-10.909132053254233,65.13989065656656
114.9962798559254,35.90793669749154,3.8865606815829974,-0.9351171193391923,-10.90136583377477,65.1306293866348
115.00719566842511,35.90326163481222,3.8894314655462465,-0.9340045862095678,-10.893642201451557,65.12111790624472
115.01811265393845,35.89858960331785,3.8922972431448506,-0.9328947049078287,-10.885960928455749,65.11136607989141
115.0290307946277,35.89392057135828,3.8951580743241063,-0.9317874691360339,-10.878321786962724,65.10138377206968
115.03995007264211,35.88925450729009,3.8980140190293135,-0.9306828724999687,-10.870724549152115,65.09118084727444
115.05087047011784,35.88459137947659,3.900865137205769,-0.9295809085090565,-10.863168987207818,65.08076717000071
115.06179196917792,35.87993115628789,3.9037114887987725,-0.928481570576293,-10.855654873318052,65.07015260474333
115.07271455193228,35.87527380610086,3.9065531337536212,-0.9273848520181565,-10.848181979675381,65.05934701599723
115.08363820047782,35.8706192972991,3.9093901320156124,-0.926290746054558,-10.840750078476738,65.0483602682574
115.09456289689827,35.86596759827302,3.912222543530046,-0.9251992458087286,-10.833358941923468,65.03720222601869
115.10548862326428,35.8613186774198,3.915050428242218,-0.9241103443071852,-10.826008342221373,65.02588275377614
115.11641536163353,35.856672503143386,3.9178738460974283,-0.9230240344796501,-10.81869805158072,65.01441171602448
115.12734309405042,35.8520290438545,3.920692857040974,-0.9219403091589498,-10.81142784221629,65.00279897725876
115.13827180254633,35.847388267970665,3.923507521018153,-0.9208591610809802,-10.804197486347404,64.99105440197391
115.14920146913956,35.84275014391623,3.926317897974265,-0.9197805828846262,-10.797006756197966,64.97918785466476
115.16013207583521,35.83811464012224,3.929124047854607,-0.9187045671116678,-10.789855423996482,64.96720919982641
115.17106360462539,35.83348172502666,3.931926030604476,-0.9176311062067586,-10.782743261976105,64.9551283019536
115.18199603748909,35.828851367074165,3.934723906169173,-0.9165601925173297,-10.775670042374667,64.94295502554132
115.19292935639213,35.82422353471627,3.937517734493993,-0.9154918182935208,-10.768635537434696,64.93069923508456
115.2038635432873,35.81959819641133,3.940307575524235,-0.9144259756881321,-10.76163951940347,64.91837079507806
115.21479858011425,35.81497532062442,3.943093489205198,-0.9133626567565449,-10.754681760533039,64.905979570017
115.22573444879953,35.81035487582753,3.9458755354821804,-0.9123018534566683,-10.747762033080257,64.89353542439613
115.2366711312566,35.80573683049942,3.948653774300479,-0.9112435576488664,-10.740880109306811,64.88104822271039
115.24760860938585,35.801121153125685,3.951428265605394,-0.9101877610959153,-10.734035761479278,64.86852782945475
115.25854686507449,35.79650781219873,3.9541990693422204,-0.9091344554629188,-10.727228761869128,64.8559841091241
115.26948588019671,35.79189677621782,3.956966245456259,-0.9080836323172652,-10.720458882752766,64.8434269262134
115.28042563661357,35.78728801368903,3.959729853892805,-0.9070352831285664,-10.713725896411574,64.83086614521751
115.29136611617302,35.782681493125274,3.96248995459716,-0.9059893992685879,-10.707029575131923,64.8183116306314
115.30230730070994,35.778077183046314,3.96524660751462,-0.9049459720112054,-10.700369691205239,64.80577324694998
115.3132491720461,35.77347505197874,3.9679998725904837,-0.9039049925323468,-10.693746016927989,64.79326085866822
115.3241917119902,35.76887506845602,3.9707498097700493,-0.9028664519099312,-10.687158324601764,64.78078433028095
115.33513490233781,35.76427720101844,3.973496478998614,-0.9018303411238109,-10.680606386533286,64.76835352628312
115.34607872487145,35.75968141821313,3.976239940221478,-0.9007966510557348,-10.67408997503442,64.75597831116974
115.35702316136052,35.7550876885941,3.9789802533839373,-0.8997653724892736,-10.667608862422252,64.7436685494357
115.36796819356138,35.75049598072224,3.98171747843129,-0.8987364961097906,-10.66116282101908,64.73143410557583
115.37891380321723,35.745906263165274,3.984451675308836,-0.8977100125043642,-10.654751623152471,64.71928484408517
115.38985997205835,35.741318504497755,3.9871829039618714,-0.8966859121617738,-10.648375041155287,64.70723062945854
115.4008066818018,35.73673267330116,3.9899112243356956,-0.8956641854724166,-10.642032847365712,64.69528132619092
115.41175391415155,35.73214873816382,3.9926366963756066,-0.8946448227282642,-10.63572481412729,64.68344679877725
115.4227016507986,35.72756666768093,3.995359380026902,-0.8936278141228424,-10.629450713788955,64.67173691171243
115.43364987342085,35.72298643045458,3.99807933523488,-0.892613149751154,-10.623210318705066,64.66016152949136
115.44459856368307,35.71840799509373,4.000796621944839,-0.8916008196096445,-10.617003401235431,64.64873051660908
115.4555477032371,35.71383133021422,4.003511300102078,-0.8905908135961673,-10.610829733745337,64.63745373756032
115.46649727372157,35.70925640443876,4.006223429651894,-0.8895831215099177,-10.604689088605607,64.62634105684015
115.47744725676216,35.70468318639701,4.008933070539584,-0.8885777330514109,-10.598581238192606,64.61540233894344
115.48839763397149,35.70011164472543,4.011640282710449,-0.8875746378224374,-10.592505954888278,64.60464744836514
115.4993483869491,35.695541748067456,4.014345126109783,-0.8865738253260038,-10.586463011080173,64.59408624960012
115.51029949728148,35.690973465073355,4.017047660682889,-0.8855752849663134,-10.580452179161501,64.5837286071434
115.52125094654215,35.68640676440035,4.019747946375062,-0.8845790060487131,-10.574473231531138,64.57358438548978
115.53220271629154,35.68184161471253,4.0224460431316,-0.8835849777796692,-10.568525940593677,64.56366344913428
115.54315478807706,35.67727798468089,4.025142010897802,-0.8825931892667147,-10.562610078759445,64.55397566257183
115.55410714343311,35.672715842983344,4.027835909618966,-0.881603629518414,-10.556725418444536,64.54453089029728
115.56505976388107,35.668155158304735,4.030527799240392,-0.8806162874443433,-10.55087173207085,64.53533899680559
115.57601263092924,35.663595899336755,4.033217739707374,-0.8796311518550368,-10.545048792066133,64.52640984659163
115.58696572607307,35.65903803477808,4.035905790965214,-0.8786482114619694,-10.539256370863978,64.51775330415045
115.59791903079484,35.654481533334256,4.038592012959207,-0.8776674548775025,-10.533494240903888,64.50937923397684
115.60887252656393,35.649926363717775,4.041276465634652,-0.8766888706148723,-10.527762174631281,64.50129750056584
115.61982619483669,35.64537249464804,4.043959208936849,-0.8757124470881501,-10.522059944497549,64.49351796841226
115.63078001705647,35.640819894851376,4.046640302811094,-0.8747381726122021,-10.516387322960062,64.4860505020111
115.64173397465368,35.636268533061035,4.049319807202687,-0.8737660354026864,-10.510744082482223,64.47890496585728
115.65268804904571,35.63171837801722,4.051997782056925,-0.8727960235759928,-10.505129995533466,64.47209122444566
115.66364222163699,35.627169398467046,4.054674287319106,-0.8718281251492339,-10.499544834589333,64.46561914227121
115.6745964738191,35.62262156316453,4.057349382934526,-0.870862328040229,-10.493988372131478,64.45949858382893
115.6855507869705,35.61807484087066,4.0600231288484885,-0.8698986200674415,-10.48846038064767,64.45373941361362
115.69650514245677,35.613529200353376,4.062695585006287,-0.8689369889499878,-10.482960632631887,64.44835149612022
115.70745952163057,35.60898461038753,4.06536681135322,-0.867977422307602,-10.477488900584305,64.44334469584372
115.71841390583158,35.60444103975491,4.0680368678345875,-0.8670199076606044,-10.47204495701132,64.43872887727902
115.72936827638658,35.5998984572443,4.070705814395686,-0.8660644324298974,-10.466628574425622,64.43451390492099
115.74032261460943,35.59535683165137,4.073373710981817,-0.8651109839369209,-10.461239525346173,64.43070964326459
115.75127690180102,35.590816131778745,4.076040617538274,-0.8641595494036514,-10.455877582298275,64.42732595680475
115.76223111924945,35.58627632643603,4.078706594010358,-0.8632101159525827,-10.450542517813595,64.42437271003647
115.77318524822977,35.58173738443977,4.081371700343365,-0.8622626706066798,-10.445234104430188,64.42185976745449
115.78413927000429,35.577199274613456,4.084035996482595,-0.861317200289399,-10.439952114692506,64.41979699355387
115.79509316582232,35.57266196578753,4.086699542373346,-0.8603736918246478,-10.434696321151485,64.4181942528295
115.80604691692037,35.56812542679942,4.089362397960914,-0.8594321319367695,-10.429466496364514,64.4170614097763
115.81700050452204,35.56358962649345,4.0920246231906,-0.8584925072505394,-10.424262412895496,64.41640832888923
115.82795390983807,35.559054533721,4.094686278007699,-0.8575548042911296,-10.419083843314889,64.41624487466314
115.8389071140664,35.55452011734033,4.0973474223575135,-0.8566190094841346,-10.413930560199699,64.41658091159303
115.84986009839204,35.5499863462167,4.100008116185338,-0.8556851091555036,-10.408802336133544,64.41742630417377
115.86081284398726,35.545453189222314,4.102668419436471,-0.854753089531584,-10.403698943706667,64.4187909169003
115.8717653320114,35.540920615236395,4.1053283920562125,-0.8538229367390673,-10.398620155515971,64.42068461426756
115.88271754361114,35.53638859314507,4.1079880939898565,-0.8528946368050176,-10.393565744165052,64.42311726077044
115.89366945992022,35.53185709184147,4.110647585182706,-0.8519681756568258,-10.388535482264208,64.42609872090392
115.90462106205962,35.5273260802257,4.113306925580057,-0.8510435391222289,-10.383529142430497,64.42963885916282
115.91557233113751,35.52279552720484,4.115966175127207,-0.8501207129292818,-10.378546497287756,64.43374754004213
115.92652324824935,35.518265401692915,4.118625393769454,-0.8491996827063772,-10.373587319466619,64.43843462803684
115.93747379447773,35.513735672611,4.1212846414521005,-0.8482804339822128,-10.36865138160455,64.44370998764172
115.94842395089263,35.509206308887016,4.123943978120437,-0.8473629521858106,-10.363738456345903,64.44958348335186
115.95937369855118,35.50467727945599,4.126603463719767,-0.8464472226464963,-10.358848316341884,64.45606497966206
115.97032301849777,35.50014855325989,4.129263158195388,-0.8455332305939054,-10.353980734250662,64.46316434106733
115.98127189176408,35.49562009924764,4.131923121492596,-0.8446209611579727,-10.349135482737335,64.47089143206252
115.99222029936905,35.49109188637517,4.134583413556691,-0.8437103993689457,-10.34431233447398,64.47925611714263
116.00316822231899,35.48656388360541,4.13724409433297,-0.842801530157371,-10.3395110621397,64.4882682608024
116.01411564160742,35.482036059908225,4.139905223766733,-0.8418943383541113,-10.334731438420603,64.497937727537
116.0250625382152,35.47750838426053,4.142566861803275,-0.8409888086903203,-10.329973236009902,64.5082743818412
116.03600889311059,35.472980825646175,4.145229068387897,-0.8400849257974858,-10.325236227607876,64.51928808820999
116.04695468724908,35.46845335305601,4.147891903465895,-0.8391826742073922,-10.32052018592194,64.53098871113829
116.05789990157359,35.4639259354879,4.150555426982569,-0.8382820383521468,-10.315824883666647,64.54338611512097
116.06884451701434,35.459398541946676,4.153219698883215,-0.8373830025641866,-10.311150093563743,64.55649016465301
116.07978851448898,35.45487114144417,4.1558847791131335,-0.8364855510762785,-10.306495588342177,64.57031072422927
116.09073187490247,35.4503437029992,4.158550727617621,-0.8355896680215262,-10.301861140738133,64.58485765834475
116.10167457914729,35.4458161956376,4.161217604341975,-0.8346953374333941,-10.297246523495062,64.60014083149433
116.11261660810317,35.441288588392155,4.163885469231498,-0.8338025432456786,-10.292651509363688,64.61617010817294
116.12355794263735,35.43676085030268,4.166554382231483,-0.8329112692925604,-10.28807587110208,64.63295535287551
116.13449856360455,35.43223295041599,4.169224403287227,-0.8320214993086066,-10.283519381475653,64.65050643009698
116.14543845184677,35.42770485778588,4.1718955923440335,-0.8311332169287438,-10.278981813257168,64.6688332043322
116.15637758819366,35.42317654147313,4.174568009347198,-0.8302464056883299,-10.27446293922681,64.6879455400762
116.16731595346222,35.41864797054554,4.177241714242019,-0.8293610490231234,-10.26996253217219,64.7078533018238
116.17825352845696,35.414119114077906,4.179916766973793,-0.828477130269325,-10.265480364888383,64.72856635407
116.18919029396989,35.40958994115203,4.18259322748782,-0.8275946326635739,-10.261016210177932,64.75009456130965
116.2001262307805,35.405060420856685,4.185271155729398,-0.8267135393429696,-10.256569840850904,64.7724477880378
116.21106131965581,35.400530522287696,4.187950611643824,-0.8258338333451012,-10.2521410297249,64.79563589874924
116.22199554135051,35.396000214547804,4.190631655176397,-0.8249554976080566,-10.247729549625078,64.81966875793894
116.23292887660664,35.391469466746834,4.193314346272415,-0.8240785149704366,-10.243335173384203,64.84455623010186
116.24386130615393,35.38693824800157,4.1959987448771745,-0.8232028681713843,-10.238957673842659,64.8703081797329
116.2547928107096,35.38240652743583,4.198684910935977,-0.8223285398505937,-10.234596823848452,64.89693447132693
116.26572337097852,35.3778742741804,4.201372904394118,-0.8214555125483463,-10.230252396257292,64.92444496937895
116.27665296765316,35.373341457373094,4.204062785196896,-0.8205837687055313,-10.225924163932564,64.95284953838383
116.28758158141359,35.3688080461587,4.20675461328961,-0.8197132906636564,-10.221611899745392,64.98215804283659
116.29850919292754,35.36427400968905,4.209448448617557,-0.8188440606648935,-10.217315376574641,65.01238034723195
116.30943578285033,35.359739317122944,4.212144351126036,-0.8179760608520801,-10.213034367306964,65.04352631606504
116.32036133182503,35.35520393762621,4.214842380760345,-0.8171092732687653,-10.208768644836804,65.07560581383069
116.33128582048234,35.350667840371656,4.217542597465781,-0.8162436798592374,-10.204517982066454,65.10862870502383
116.34220922944061,35.346130994539116,4.220245061187643,-0.8153792624685234,-10.200282151906041,65.14260485413944
116.353131539306,35.341593369315426,4.222949831871229,-0.8145160028424638,-10.196060927273585,65.17754412567237
116.36405273067231,35.33705493389441,4.225656969461837,-0.8136538826277073,-10.191854081095013,65.21345638411762
116.37497278412111,35.33251565747691,4.228366533904765,-0.812792883371745,-10.187661386304177,65.25035149396994
116.38589168022172,35.327975509270765,4.231078585145313,-0.8119329865229687,-10.183482615842895,65.28823931972452
116.39680939953125,35.32343445849082,4.233793183128776,-0.811074173430681,-10.179317542660966,65.32712972587606
116.40772592259454,35.31889247435894,4.236510387800454,-0.8102164253451201,-10.175165939716198,65.36703257691958
