galstreams/tracks/track.st.NGC3201-Gjoll.ibata2021.ecsv
# %ECSV 0.9
# ---
# datatype:
# - {name: ra, unit: deg, datatype: float64}
# - {name: dec, unit: deg, datatype: float64}
# - {name: distance, unit: kpc, datatype: float64}
# - {name: pm_ra_cosdec, unit: mas / yr, datatype: float64}
# - {name: pm_dec, unit: mas / yr, datatype: float64}
# - {name: radial_velocity, unit: km / s, datatype: float64}
# delimiter: ','
# meta: !!omap
# - __serialized_columns__:
#     dec:
#       __class__: astropy.coordinates.angles.Latitude
#       unit: &id001 !astropy.units.Unit {unit: deg}
#       value: !astropy.table.SerializedColumn {name: dec}
#     distance:
#       __class__: astropy.coordinates.distances.Distance
#       unit: !astropy.units.Unit {unit: kpc}
#       value: !astropy.table.SerializedColumn {name: distance}
#     pm_dec:
#       __class__: astropy.units.quantity.Quantity
#       unit: !astropy.units.Unit {unit: mas / yr}
#       value: !astropy.table.SerializedColumn {name: pm_dec}
#     pm_ra_cosdec:
#       __class__: astropy.units.quantity.Quantity
#       unit: !astropy.units.Unit {unit: mas / yr}
#       value: !astropy.table.SerializedColumn {name: pm_ra_cosdec}
#     ra:
#       __class__: astropy.coordinates.angles.Longitude
#       unit: *id001
#       value: !astropy.table.SerializedColumn {name: ra}
#       wrap_angle: !astropy.coordinates.Angle
#         unit: *id001
#         value: 360.0
#     radial_velocity:
#       __class__: astropy.units.quantity.Quantity
#       unit: !astropy.units.Unit {unit: km / s}
#       value: !astropy.table.SerializedColumn {name: radial_velocity}
# schema: astropy-2.0
ra,dec,distance,pm_ra_cosdec,pm_dec,radial_velocity
[from data line 4662]
101.51358841689036,-28.28926469210655,3.279912550278799,22.84697293897689,-18.725740489943952,2.020984111169361e-13
101.52290767245087,-28.294987260215333,3.279929934009817,22.845634324247936,-18.72218655735329,1.1789073981821273e-13
101.53222786293324,-28.300709281926167,3.2799473470160323,22.844294915766355,-18.71863182770545,1.0104920555846805e-13
101.54154898854216,-28.306430757089476,3.2799647892722965,22.84295471364763,-18.715076301563595,6.73661370389787e-14
101.5508710494824,-28.312151685555644,3.2799822607534654,22.841613718007295,-18.711519979490912,8.420767129872338e-14
101.56019404595864,-28.31787206717503,3.2799997614343956,22.840271928960853,-18.70796286205062,8.420767129872338e-14
101.56951797817558,-28.32359190179797,3.280017291289942,22.83892934662387,-18.704404949806005,3.368306851948935e-14
101.57884284633795,-28.32931118927476,3.2800348502949577,22.837585971111913,-18.700846243320363,1.0104920555846805e-13
101.58816865065037,-28.335029929455665,3.2800524384242995,22.836241802540563,-18.697286743157054,6.73661370389787e-14
101.59749539131751,-28.34074812219092,3.280070055652822,22.834896841025408,-18.69372644987946,1.1789073981821273e-13
101.60682306854402,-28.346465767330713,3.280087701955381,22.833551086682064,-18.69016536405101,1.1789073981821273e-13
101.61615168253454,-28.352182864725247,3.280105377306831,22.832204539626186,-18.68660348623517,1.6841534259744677e-13
101.62548123349369,-28.357899414224626,3.280123081682027,22.830857199973416,-18.68304081699546,1.0104920555846805e-13
101.63481172162606,-28.363615415678975,3.280140815055824,22.829509067839425,-18.67947735689542,1.347322740779574e-13
101.64414314713628,-28.36933086893838,3.2801585774030775,22.828160143339893,-18.675913106498633,6.73661370389787e-14
101.6534755102289,-28.375045773852857,3.2801763686986423,22.826810426590544,-18.67234806636874,3.368306851948935e-14
101.6628088111085,-28.380760130272456,3.2801941889173727,22.825459917707093,-18.668782237069394,8.420767129872338e-14
101.67214304997962,-28.386473938047132,3.2802120380341266,22.82410861680527,-18.665215619164304,1.0104920555846805e-13
101.68147822704685,-28.39218719702684,3.2802299160237562,22.82275652400086,-18.661648213217227,8.420767129872338e-14
101.69081434251466,-28.397899907061493,3.2802478228611185,22.821403639409613,-18.65808001979194,-1.6841534259744676e-14
101.70015139658761,-28.403612068000996,3.2802657585210673,22.820049963147348,-18.65451103945226,1.1789073981821273e-13
101.70948938947016,-28.409323679695188,3.2802837229784574,22.81869549532987,-18.65094127276206,8.420767129872338e-14
101.71882832136686,-28.415034741993907,3.280301716208145,22.817340236073015,-18.647370720285252,1.515738083377021e-13
101.72816819248212,-28.420745254746933,3.280319738184985,22.81598418549263,-18.64379938258577,1.347322740779574e-13
101.73750900302043,-28.426455217804023,3.2803377888838323,22.81462734370458,-18.640227260227583,1.1789073981821273e-13
101.74685075318625,-28.432164631014913,3.280355868279542,22.813269710824777,-18.636654353774734,5.0524602779234026e-14
101.75619344318402,-28.437873494229304,3.28037397634697,22.811911286969103,-18.633080663791276,8.420767129872338e-14
101.76553707321813,-28.443581807296862,3.280392113060969,22.81055207225349,-18.62950619084131,1.0104920555846805e-13
101.774881643493,-28.449289570067208,3.280410278396397,22.80919206679389,-18.625930935488967,1.0104920555846805e-13
101.78422715421306,-28.454996782389955,3.2804284723281074,22.80783127070626,-18.622354898298436,1.0104920555846805e-13
101.79357360558265,-28.46070344411468,3.280446694830956,22.806469684106585,-18.618778079833916,1.1789073981821273e-13
101.80292099780613,-28.4664095550909,3.280464945879798,22.80510730711087,-18.615200480659688,6.73661370389787e-14
101.8122693310879,-28.472115115168155,3.2804832254494873,22.80374413983514,-18.611622101340036,1.0104920555846805e-13
101.82161860563227,-28.477820124195894,3.2805015335148804,22.802380182395414,-18.60804294243929,8.420767129872338e-14
101.83096882164355,-28.483524582023573,3.280519870050832,22.80101543490777,-18.60446300452183,1.0104920555846805e-13
101.8403199793261,-28.489228488500604,3.2805382350321963,22.799649897488298,-18.60088228815207,8.420767129872338e-14
101.84967207888418,-28.494931843476365,3.2805566284338292,22.798283570253076,-18.597300793894455,8.420767129872338e-14
101.85902512052209,-28.50063464680022,3.2805750502305857,22.796916453318225,-18.593718522313477,2.1893994537668078e-13
101.8683791044441,-28.50633689832146,3.280593500397322,22.79554854679988,-18.590135473973668,1.0104920555846805e-13
101.87773403085446,-28.512038597889386,3.280611978908891,22.794179850814217,-18.586551649439592,6.73661370389787e-14
101.88708989995742,-28.51773974535327,3.280630485740149,22.79281036547739,-18.582967049275858,1.0104920555846805e-13
101.8964467119572,-28.52344034056232,3.2806490208659516,22.791440090905606,-18.579381674047106,1.347322740779574e-13
101.90580446705802,-28.529140383365718,3.280667584261153,22.790069027215083,-18.57579552431802,6.73661370389787e-14
101.91516316546408,-28.53483987361263,3.2806861759006085,22.788697174522056,-18.572208600653333,6.73661370389787e-14
101.92452280737957,-28.540538811152196,3.280704795759174,22.787324532942772,-18.56862090361779,3.368306851948935e-14
101.93388339300867,-28.546237195833505,3.2807234438117034,22.785951102593533,-18.56503243377621,6.73661370389787e-14
101.94324492255551,-28.551935027505618,3.280742120033053,22.784576883590606,-18.56144319169342,5.0524602779234026e-14
101.95260739622427,-28.557632306017585,3.280760824398076,22.783201876050338,-18.5578531779343,1.515738083377021e-13
101.96197081421904,-28.56332903121839,3.28077955688163,22.781826080089047,-18.55426239306376,5.0524602779234026e-14
101.97133517674398,-28.56902520295701,3.2807983174585678,22.780449495823103,-18.550670837646756,1.1789073981821273e-13
101.98070048400314,-28.574720821082373,3.280817106103747,22.779072123368866,-18.547078512248284,0.0
101.99006673620065,-28.580415885443415,3.28083592279202,22.77769396284276,-18.543485417433377,3.368306851948935e-14
101.99943393354056,-28.58611039588899,3.2808547674982433,22.776315014361195,-18.53989155376709,1.1789073981821273e-13
102.00880207622693,-28.591804352267943,3.2808736401972722,22.774935278040605,-18.536296921814554,3.368306851948935e-14
102.0181711644638,-28.597497754429092,3.280892540863962,22.773554753997455,-18.532701522140897,6.73661370389787e-14
102.0275411984552,-28.603190602221215,3.2809114694731663,22.772173442348237,-18.5291053553113,6.73661370389787e-14
102.03691217840516,-28.60888289549307,3.2809304259997414,22.770791343209453,-18.525508421890997,5.0524602779234026e-14
102.04628410451765,-28.614574634093362,3.280949410418542,22.76940845669761,-18.52191072244525,3.368306851948935e-14
102.05565697699667,-28.62026581787078,3.280968422704423,22.768024782929288,-18.518312257539346,1.1789073981821273e-13
102.06503079604619,-28.625956446673992,3.2809874628322406,22.766640322021008,-18.514713027738615,1.0104920555846805e-13
102.07440556187017,-28.631646520351598,3.281006530776849,22.76525507408941,-18.51111303360846,1.0104920555846805e-13
102.08378127467252,-28.6373360387522,3.2810256265131033,22.763869039251063,-18.507512275714276,6.73661370389787e-14
102.09315793465719,-28.643025001724357,3.281044750015859,22.762482217622615,-18.503910754621508,6.73661370389787e-14
102.10253554202811,-28.648713409116606,3.2810639012599703,22.761094609320732,-18.500308470895657,8.420767129872338e-14
102.11191409698911,-28.654401260777426,3.281083080220294,22.759706214462057,-18.49670542510224,5.0524602779234026e-14
102.12129359974415,-28.660088556555298,3.281102286871684,22.75831703316331,-18.493101617806822,1.0104920555846805e-13
102.13067405049703,-28.665775296298644,3.281121521188994,22.756927065541227,-18.489497049575032,6.73661370389787e-14
102.14005544945164,-28.671461479855882,3.281140783147083,22.755536311712497,-18.48589172097247,8.420767129872338e-14
102.1494377968118,-28.67714710707536,3.281160072720802,22.754144771793925,-18.482285632564835,8.420767129872338e-14
102.15882109278131,-28.68283217780543,3.2811793898850077,22.75275244590229,-18.478678784917854,8.420767129872338e-14
102.168205337564,-28.688516691894378,3.281198734614557,22.751359334154365,-18.475071178597254,1.1789073981821273e-13
102.17759053136368,-28.694200649190517,3.281218106884302,22.749965436667015,-18.471462814168845,6.73661370389787e-14
102.18697667438406,-28.699884049542057,3.2812375066691,22.748570753557075,-18.467853692198446,5.0524602779234026e-14
102.19636376682897,-28.705566892797226,3.2812569339438045,22.747175284941427,-18.46424381325194,1.6841534259744677e-13
102.20575180890208,-28.7112491788042,3.281276388683272,22.745779030936955,-18.460633177895218,8.420767129872338e-14
102.21514080080719,-28.71693090741113,3.281295870862356,22.744381991660582,-18.457021786694224,1.8525687685719145e-13
102.22453074274796,-28.722612078466113,3.281315380455914,22.742984167229245,-18.453409640214943,1.0104920555846805e-13
102.2339216349281,-28.72829269181726,3.281334917438799,22.741585557759926,-18.449796739023387,6.73661370389787e-14
102.24331347755131,-28.73397274731263,3.281354481785866,22.740186163369593,-18.44618308368561,3.368306851948935e-14
102.25270627082124,-28.73965224480022,3.2813740734719716,22.73878598417525,-18.442568674767706,1.0104920555846805e-13
102.26210001494155,-28.74533118412802,3.2813936924719704,22.737385020293935,-18.438953512835795,6.73661370389787e-14
102.27149471011587,-28.751009565144017,3.281413338760717,22.735983271842706,-18.43533759845606,1.0104920555846805e-13
102.28089035654781,-28.756687387696108,3.281433012313066,22.734580738938647,-18.431720932194697,1.515738083377021e-13
102.29028695444099,-28.762364651632197,3.2814527131038744,22.73317742169883,-18.42810351461795,8.420767129872338e-14
102.29968450399898,-28.768041356800158,3.281472441107995,22.73177332024043,-18.4244853462921,6.73661370389787e-14
102.30908300542536,-28.77371750304782,3.2814921963002845,22.730368434680532,-18.42086642778345,1.347322740779574e-13
102.31848245892368,-28.779393090222968,3.2815119786555984,22.728962765136348,-18.41724675965837,3.368306851948935e-14
102.3278828646975,-28.785068118173392,3.28153178814879,22.727556311725074,-18.41362634248324,5.0524602779234026e-14
102.33728422295032,-28.790742586746816,3.2815516247547167,22.7261490745639,-18.41000517682449,6.73661370389787e-14
102.34668653388567,-28.796416495790954,3.2815714884482308,22.724741053770092,-18.406383263248582,1.0104920555846805e-13
102.35608979770703,-28.80208984515347,3.2815913792041895,22.723332249460896,-18.40276060232202,1.0104920555846805e-13
102.36549401461787,-28.80776263468201,3.281611296997447,22.721922661753613,-18.39913719461135,1.1789073981821273e-13
102.37489918482166,-28.81343486422419,3.281631241802859,22.720512290765544,-18.395513040683127,1.1789073981821273e-13
102.38430530852185,-28.819106533627583,3.2816512135952802,22.719101136614036,-18.391888141103983,5.0524602779234026e-14
102.39371238592186,-28.82477764273973,3.2816712123495653,22.717689199416462,-18.388262496440568,5.0524602779234026e-14
102.4031204172251,-28.830448191408163,3.28169123804057,22.716276479290176,-18.384636107259553,1.0104920555846805e-13
102.41252940263497,-28.836118179480362,3.2817112906431496,22.7148629763526,-18.38100897412767,1.6841534259744677e-13
102.42193934235485,-28.841787606803763,3.281731370132159,22.713448690721176,-18.377381097611686,5.0524602779234026e-14
102.43135023658809,-28.847456473225805,3.281751476482453,22.712033622513342,-18.373752478278384,1.0104920555846805e-13
102.44076208553805,-28.853124778593873,3.281771609668886,22.7106177718466,-18.3701231166946,8.420767129872338e-14
102.45017488940806,-28.85879252275532,3.281791769666315,22.70920113883843,-18.36649301342722,1.1789073981821273e-13
102.45958864840144,-28.864459705557472,3.281811956449594,22.707783723606376,-18.362862169043126,1.515738083377021e-13
102.46900336272147,-28.870126326847615,3.281832169993578,22.706365526268,-18.35923058410928,1.6841534259744676e-14
102.47841903257144,-28.875792386473034,3.281852410273123,22.704946546940885,-18.355598259192654,1.0104920555846805e-13
102.48783565815462,-28.881457884280945,3.2818726772630824,22.70352678574262,-18.35196519486027,6.73661370389787e-14
102.49725323967425,-28.887122820118545,3.2818929709383124,22.702106242790833,-18.348331391679178,1.1789073981821273e-13
102.50667177733357,-28.892787193833016,3.2819132912736673,22.700684918203194,-18.344696850216472,8.420767129872338e-14
102.51609127133577,-28.89845100527146,3.281933638244004,22.699262812097373,-18.341061571039273,3.368306851948935e-14
102.52551172188407,-28.904114254281026,3.281954011824176,22.697839924591065,-18.337425554714738,1.6841534259744676e-14
102.53493312918168,-28.90977694070876,3.281974411989039,22.69641625580203,-18.33378880181008,1.6841534259744677e-13
102.5443554934317,-28.915439064401703,3.2819948387134485,22.694991805847977,-18.33015131289252,1.1789073981821273e-13
102.5537788148373,-28.921100625206876,3.282015291972258,22.693566574846724,-18.32651308852934,6.73661370389787e-14
102.56320309360164,-28.92676162297124,3.2820357717403246,22.692140562916048,-18.322874129287843,1.1789073981821273e-13
102.57262832992781,-28.932422057541753,3.2820562779925018,22.690713770173808,-18.319234435735375,3.368306851948935e-14
102.5820545240189,-28.938081928765325,3.2820768107036455,22.689286196737836,-18.31559400843932,5.0524602779234026e-14
102.59148167607802,-28.94374123648884,3.2820973698486116,22.68785784272603,-18.311952847967085,1.6841534259744676e-14
102.6009097863082,-28.949399980559154,3.2821179554022533,22.686428708256297,-18.30831095488613,0.0
102.6103388549125,-28.95505816082308,3.2821385673394263,22.68499879344657,-18.30466832976395,1.1789073981821273e-13
102.61976888209394,-28.960715777127408,3.282159205634987,22.683568098414785,-18.301024973168055,5.0524602779234026e-14
102.62919986805555,-28.966372829318885,3.2821798702637897,22.682136623278964,-18.297380885666012,1.1789073981821273e-13
102.63863181300029,-28.97202931724425,3.282200561200688,22.680704368157095,-18.293736067825424,5.0524602779234026e-14
102.64806471713118,-28.977685240750183,3.28222127842054,22.67927133316721,-18.29009052021391,6.73661370389787e-14
102.65749858065115,-28.98334059968335,3.2822420218981985,22.677837518427385,-18.286444243399142,1.0104920555846805e-13
102.66693340376315,-28.98899539389039,3.2822627916085194,22.676402924055726,-18.28279723794884,1.1789073981821273e-13
102.67636918667012,-28.994649623217885,3.2822835875263565,22.674967550170315,-18.279149504430734,1.515738083377021e-13
102.68580592957494,-29.000303287512395,3.2823044096265677,22.67353139688932,-18.275501043412604,1.1789073981821273e-13
102.69524363268052,-29.00595638662049,3.2823252578840054,22.672094464330897,-18.271851855462252,1.1789073981821273e-13
102.70468229618973,-29.011608920388632,3.282346132273527,22.670656752613244,-18.268201941147527,1.515738083377021e-13
102.7141219203054,-29.0172608886633,3.282367032769985,22.66921826185458,-18.264551301036324,8.420767129872338e-14
102.7235625052304,-29.02291229129096,3.282387959348237,22.667778992173176,-18.26089993569655,1.6841534259744677e-13
102.73300405116755,-29.028563128118,3.2824089119831363,22.66633894368728,-18.25724784569617,1.515738083377021e-13
102.74244655831963,-29.034213398990794,3.2824298906495395,22.664898116515207,-18.25359503160317,8.420767129872338e-14
102.75189002688944,-29.039863103755685,3.2824508953222997,22.663456510775283,-18.249941493985578,8.420767129872338e-14
102.76133445707974,-29.04551224225899,3.2824719259762736,22.662014126585877,-18.246287233411447,6.73661370389787e-14
102.77077984909327,-29.051160814347,3.2824929825863167,22.66057096406535,-18.24263225044888,0.0
102.7802262031328,-29.05680881986595,3.282514065127282,22.65912702333214,-18.23897654566602,1.1789073981821273e-13
