galstreams/tracks/track.st.Pal5.ibata2021.ecsv
# %ECSV 0.9
# ---
# datatype:
# - {name: ra, unit: deg, datatype: float64}
# - {name: dec, unit: deg, datatype: float64}
# - {name: distance, unit: kpc, datatype: float64}
# - {name: pm_ra_cosdec, unit: mas / yr, datatype: float64}
# - {name: pm_dec, unit: mas / yr, datatype: float64}
# - {name: radial_velocity, unit: km / s, datatype: float64}
# delimiter: ','
# meta: !!omap
# - __serialized_columns__:
#     dec:
#       __class__: astropy.coordinates.angles.Latitude
#       unit: &id001 !astropy.units.Unit {unit: deg}
#       value: !astropy.table.SerializedColumn {name: dec}
#     distance:
#       __class__: astropy.coordinates.distances.Distance
#       unit: !astropy.units.Unit {unit: kpc}
#       value: !astropy.table.SerializedColumn {name: distance}
#     pm_dec:
#       __class__: astropy.units.quantity.Quantity
#       unit: !astropy.units.Unit {unit: mas / yr}
#       value: !astropy.table.SerializedColumn {name: pm_dec}
#     pm_ra_cosdec:
#       __class__: astropy.units.quantity.Quantity
#       unit: !astropy.units.Unit {unit: mas / yr}
#       value: !astropy.table.SerializedColumn {name: pm_ra_cosdec}
#     ra:
#       __class__: astropy.coordinates.angles.Longitude
#       unit: *id001
#       value: !astropy.table.SerializedColumn {name: ra}
#       wrap_angle: !astropy.coordinates.Angle
#         unit: *id001
#         value: 360.0
#     radial_velocity:
#       __class__: astropy.units.quantity.Quantity
#       unit: !astropy.units.Unit {unit: km / s}
#       value: !astropy.table.SerializedColumn {name: radial_velocity}
# schema: astropy-2.0
ra,dec,distance,pm_ra_cosdec,pm_dec,radial_velocity
[from data line 1082]
230.39471176345225,1.0157994929853897,22.361930904165753,-2.7885345333353984,-2.5854554448567524,1.8315168507472335e-13
230.40295417925154,1.0214669788594317,22.361239138288052,-2.788541106847384,-2.584953931774703,2.0315100700817015e-13
230.41119863939105,1.0271315194989263,22.360541806237332,-2.788548547884023,-2.584453461198859,7.368171238638296e-14
230.41944514187324,1.0327931178863166,22.35983891762993,-2.788556858171141,-2.583954033423967,7.262911649514892e-14
230.42769368470042,1.0384517770038868,22.35913048208217,-2.7885660394345884,-2.5834556487447315,5.789277401787233e-14
230.43594426587478,1.0441074998337696,22.358416509210386,-2.7885760934002417,-2.582958307455819,3.3051510984748925e-13
230.44419688339852,1.049760289357939,22.357697008630907,-2.788587021794008,-2.5824620098518585,2.1051917824680845e-13
230.45245153527347,1.0554101485582188,22.35697198996007,-2.7885988263418247,-2.5819667562274393,2.3999186320136165e-13
230.4607082195015,1.0610570804162736,22.356241462814193,-2.7886115087696504,-2.581472546877111,2.4104445909259567e-13
230.46896693408434,1.066701087913618,22.355505436809615,-2.7886250708034757,-2.5809793820953812,6.315575347404254e-14
230.47722767702348,1.0723421740316095,22.354763921562675,-2.7886395141693194,-2.5804872621767205,5.0524602779234026e-14
230.48549044632037,1.0779803417514526,22.35401692668968,-2.78865484059323,-2.5799961874155564,2.8841127419812757e-13
230.49375523997645,1.0836155940542003,22.353264461806983,-2.7886710518012845,-2.579506158106276,1.0525958912340423e-15
230.50202205599274,1.089247933920748,22.352506536530903,-2.7886881495195883,-2.5790171745432247,4.9472006887999985e-14
230.51029089237036,1.0948773643318426,22.351743160477763,-2.788706135474278,-2.5785292370207054,2.915690618718297e-13
230.51856174711037,1.1005038882680742,22.35097434326391,-2.7887250113915174,-2.578042345832979,-6.73661370389787e-14
230.52683461821334,1.1061275087098832,22.350200094505674,-2.7887447789975015,-2.5775565012742625,2.8946387008936164e-13
230.53510950368016,1.111748228637555,22.34942042381937,-2.788765440018458,-2.5770717036387323,2.315710960714893e-13
230.5433864015113,1.1173660510312244,22.34863534082134,-2.78878699618064,-2.5765879532205194,1.347322740779574e-13
230.55166530970715,1.1229809788708727,22.34784485512791,-2.7888094492103375,-2.576105250313711,2.8735867830689355e-13
230.55994622626807,1.128593015136331,22.34704897635542,-2.7888328008338634,-2.5756235952123485,3.5472481534587226e-13
230.56822914919422,1.134202162807278,22.346247714120185,-2.788857052777571,-2.5751429882104335,2.1367696592051057e-13
230.57651407648564,1.1398084248632392,22.34544107803854,-2.78888220676784,-2.574663429601918,1.3894265764289357e-13
230.58480100614221,1.1454118042835921,22.34462907772682,-2.78890826453108,-2.5741849196807087,6.420834936527658e-14
230.59308993616372,1.1510123040475604,22.34381172280136,-2.788935227793737,-2.573707458740669,1.7157313027114889e-13
230.6013808645499,1.15660992713422,22.342989022878477,-2.7889630982822853,-2.5732310470756135,1.021018014497021e-13
230.60967378930016,1.162204676522492,22.342160987574516,-2.788991877723233,-2.5727556849793105,3.284099180650212e-13
230.61796870841405,1.167796555191152,22.34132762650579,-2.789021567843124,-2.5722813727454845,1.1157516447080849e-13
230.62626561989075,1.173385566118821,22.340488949288645,-2.789052170368531,-2.571808110667809,2.515704180049361e-13
230.63456452172943,1.178971712283975,22.3396449655394,-2.789083687026059,-2.5713358990399082,2.631489728085106e-13
230.64286541192917,1.184554996664935,22.3387956848744,-2.789116119542349,-2.570864738155362,9.47336302110638e-15
230.65116828848872,1.190135422239875,22.337941116909967,-2.7891494696440757,-2.570394628307702,2.8209569885072334e-13
230.659473149407,1.1957129919868221,22.337081271262424,-2.789183739057946,-2.5699255697904078,1.7578351383608505e-13
230.66777999268263,1.20128770888365,22.33621615754811,-2.789218929510702,-2.5694575628969107,1.4210044531659572e-13
230.67608881631404,1.2068595759080878,22.335345785383353,-2.7892550427291205,-2.5689906079205924,6.841873293021275e-14
230.68439961829964,1.2124285960377121,22.334470164384484,-2.7892920804400108,-2.5685247051547853,1.9367764398706378e-13
230.69271239663775,1.2179947722499551,22.333589304167834,-2.7893300443702165,-2.56805985489277,1.2841669873055315e-13
230.70102714932645,1.2235581075220965,22.33270321434974,-2.789368936246618,-2.567596057427774,1.7367832205361698e-13
230.70934387436373,1.2291186048312739,22.33181190454652,-2.789408757796134,-2.5671333130529805,2.968320413279999e-13
230.71766256974755,1.2346762671544715,22.330915384374503,-2.7894495107457136,-2.5666716220615164,1.1368035625327657e-13
230.72598323347552,1.2402310974685287,22.330013663450032,-2.7894911968223415,-2.5662109847464536,1.0841737679710636e-13
230.7343058635454,1.2457830987501386,22.329106751389432,-2.789533817753041,-2.5657514014008154,1.368374658604255e-13
230.74263045795456,1.251332273975845,22.328194657809036,-2.7895773752648716,-2.5652928723175736,1.7999389740102124e-13
230.75095701470042,1.2568786261220475,22.327277392325165,-2.789621871084925,-2.5648353977896408,2.3788667141889356e-13
230.75928553178028,1.262422158164997,22.326354964554156,-2.789667306940336,-2.5643789781098847,1.473634247727659e-14
230.76761600719115,1.2679628730808006,22.325427384112345,-2.7897136845582713,-2.56392361357111,6.105056169157445e-14
230.77594843893004,1.2735007738454154,22.324494660616054,-2.7897610056659348,-2.5634693044660715,1.5788938368510635e-13
230.78428282499382,1.2790358634346575,22.323556803681623,-2.7898092719905714,-2.5630160510874718,1.9262504809582973e-13
230.7926191633793,1.2845681448241932,22.322613822925366,-2.789858485259461,-2.562563853727952,-2.4209705498382972e-14
230.8009574520829,1.2900976209895472,22.32166572796362,-2.789908647199919,-2.562112712680102,2.6314897280851057e-14
230.80929768910121,1.295624294906096,22.32071252841272,-2.789959759539303,-2.561662628236454,1.3578486996919146e-13
230.81763987243056,1.3011481695490712,22.31975423388901,-2.7900118240050036,-2.561213600689484,7.578690416885104e-14
230.82598400006717,1.3066692478935638,22.31879085400879,-2.790064842324459,-2.560765630331613,1.5262640422893614e-13
230.83433007000713,1.3121875329145152,22.317822398388405,-2.790118816225136,-2.5603187174552033,1.49468616555234e-13
230.8426780802464,1.3177030275867267,22.316848876644187,-2.7901737474345465,-2.5598728623525595,5.157719867046807e-14
230.8510280287808,1.3232157348848523,22.315870298392472,-2.790229637680235,-2.559428065315927,1.2525891105685104e-13
230.85937991360603,1.3287256577834057,22.31488667324958,-2.7902864886897945,-2.5589843266374968,2.7788531528578715e-13
230.86773373271777,1.3342327992567526,22.31389801083185,-2.7903443021908503,-2.5585416466093966,7.4734308277617e-14
230.87608948411133,1.3397371622791217,22.312904320755596,-2.7904030799110715,-2.5581000255236996,2.789379111770212e-13
230.8844471657822,1.3452387498245924,22.31190561263717,-2.7904628235781654,-2.5576594636724166,-4.315643154059573e-14
230.89280677572538,1.3507375648671047,22.310901896092886,-2.7905235349198794,-2.5572199613474993,3.684085619319148e-13
230.90116831193612,1.356233610380457,22.30989318073908,-2.7905852156640014,-2.556781518840838,2.9262165776306376e-13
230.9095317724093,1.3617268893383017,22.308879476192086,-2.7906478675383597,-2.5563441364442636,1.7367832205361698e-13
230.9178971551397,1.367217404714153,22.307860792068237,-2.7907114922708254,-2.555907814449546,2.3472888374519144e-13
230.92626445812212,1.3727051594813797,22.30683713798385,-2.7907760915893096,-2.555472553148394,7.789209595131913e-14
230.934633679351,1.3781901566132135,22.30580852355527,-2.7908416672217626,-2.5550383528324523,1.1473295214451061e-13
230.94300481682086,1.38367239908274,22.30477495839882,-2.7909082208961804,-2.554605213793308,2.568333974611063e-13
230.95137786852598,1.3891518898629076,22.303736452130828,-2.7909757543405984,-2.5541731363224813,1.8736206863965952e-13
230.9597528324606,1.3946286319265209,22.302693014367623,-2.7910442692830935,-2.55374212071143,1.5788938368510635e-14
230.96812970661864,1.4001026282462452,22.30164465472555,-2.791113767451785,-2.55331216725155,2.7578012350331905e-13
230.97650848899417,1.4055738817946053,22.300591382820926,-2.791184250574837,-2.5528832762341738,2.3472888374519144e-13
230.98488917758095,1.4110423955439866,22.299533208270077,-2.791255720380453,-2.552455447950569,1.515738083377021e-13
230.99327177037264,1.416508172466634,22.298470140689354,-2.791328178596882,-2.552028682691935,1.842042809659574e-13
231.0016562653628,1.421971215534651,22.297402189695067,-2.791401626952414,-2.5516029807494145,3.410410687598297e-13
231.0100426605449,1.427431527720005,22.296329364903556,-2.7914760671753838,-2.551178342414077,1.0631218501463827e-13
231.0184309539122,1.4328891119945222,22.29525167593114,-2.7915515009941716,-2.5507547679769313,1.0631218501463827e-13
231.02682114345782,1.4383439713298896,22.294169132394174,-2.791627930137195,-2.5503322577289174,1.589419795763404e-13
231.03521322717492,1.4437961086976563,22.29308174390897,-2.791705356332921,-2.5499108119609084,8.420767129872338e-15
231.0436072030563,1.4492455270692342,22.29198952009186,-2.7917837813098614,-2.549490430963716,1.3999525353412762e-13
231.0520030690948,1.4546922294158944,22.29089247055917,-2.791863206796569,-2.5490711150280774,1.0946997268834039e-13
231.0604008232831,1.4601362187087705,22.289790604927248,-2.791943634521644,-2.5486528644446653,3.189365550439148e-13
231.0688004636138,1.465577497918862,22.288683932812404,-2.7920250662137294,-2.5482356795040872,1.642049590325106e-13
231.0772019880792,1.4710160700170243,22.287572463830983,-2.792107503601513,-2.5478195604968743,1.3367967818672336e-13
231.08560539467166,1.4764519379739829,22.286456207599304,-2.7921909484137326,-2.5474045077135,8.420767129872338e-15
231.09401068138325,1.4818851047603203,22.28533517373371,-2.792275402379164,-2.546990521444359,1.4736342477276593e-13
231.1024178462061,1.4873155733464873,22.284209371850512,-2.792360867226636,-2.546577601979781,2.8946387008936164e-13
231.11082688713216,1.4927433467027937,22.283078811566067,-2.792447344685017,-2.5461657496100236,1.294692946217872e-13
231.11923780215307,1.4981684277994174,22.281943502496684,-2.792534836483228,-2.545754964625278,1.8630947274842547e-13
231.12765058926064,1.503590819606396,22.280803454258702,-2.79262334435023,-2.545345247315659,-3.4735664410723393e-14
231.13606524644624,1.5090105250936343,22.279658676468454,-2.7927128700150354,-2.5449365979712155,2.715697399383829e-13
231.14448177170144,1.5144275472309017,22.278509178742265,-2.7928034152066994,-2.5445290168819197,6.631354114774466e-14
231.15290016301742,1.5198418889878298,22.277354970696464,-2.7928949816543316,-2.5441225043376785,1.315744864042553e-13
231.16132041838532,1.5252535533339198,22.27619606194738,-2.79298757108708,-2.5437170606283215,3.1262097969651053e-13
231.1697425357963,1.5306625432385315,22.275032462111362,-2.7930811852341417,-2.5433126860436044,6.315575347404254e-14
231.17816651324117,1.5360688616708984,22.273864180804715,-2.7931758258247683,-2.542909380873215,-2.2104513715914887e-14
231.18659234871066,1.5414725116001118,22.27269122764379,-2.79327149458825,-2.5425071454067636,1.1368035625327657e-13
231.19502004019552,1.5468734959951354,22.2715136122449,-2.7933681932539356,-2.5421059799337913,5.3682390452936155e-14
231.2034495856862,1.5522718178247958,22.27033134422438,-2.7934659235512096,-2.5417058847437577,1.221011233831489e-13
231.2118809831732,1.5576674800577852,22.269144433198573,-2.793564687209515,-2.5413068601260527,1.4104784942536167e-13
231.22031423064675,1.5630604856626673,22.267952888783793,-2.793664485958341,-2.5409089063699923,4.8419410996765944e-14
231.22874932609696,1.568450837607867,22.266756720596387,-2.7937653215272213,-2.540512023764811,5.0524602779234026e-14
231.2371862675139,1.5738385388616818,22.26555593825267,-2.7938671956457464,-2.5401162125996777,1.221011233831489e-13
231.24562505288748,1.5792235923922728,22.264350551368985,-2.7939701100435497,-2.5397214731636746,2.115717741380425e-13
231.2540656802075,1.5846060011676715,22.26314056956165,-2.7940740664503174,-2.539327805745813,1.7262572616238293e-13
231.26250814746356,1.5899857681557756,22.261926002446998,-2.7941790665957846,-2.5389352106350263,2.8209569885072334e-13
231.27095245264525,1.5953628963243531,22.26070685964136,-2.794285112209737,-2.5385436881201704,1.3894265764289357e-13
231.27939859374194,1.6007373886410374,22.25948315076108,-2.7943922050220085,-2.5381532384900223,9.368103431982976e-14
231.2878465687429,1.6061092480733357,22.258254885422474,-2.7945003467624856,-2.5377638620332834,2.389392673101276e-13
231.29629637563733,1.6114784775886193,22.257022073241874,-2.7946095391611045,-2.537375559038575,2.98937233110468e-13
231.30474801241425,1.6168450801541308,22.255784723835617,-2.7947197839478517,-2.5369883297944384,2.1367696592051057e-13
231.31320147706256,1.6222090587369848,22.254542846820026,-2.7948310828527685,-2.5366021745893392,1.4420563709906378e-13
231.32165676757106,1.6275704163041615,22.253296451811433,-2.794943437605941,-2.5362170937116604,1.4104784942536167e-13
231.33011388192836,1.632929155822515,22.252045548426167,-2.7950568499375117,-2.535833087449706,1.789413015097872e-13
231.33857281812305,1.6382852802587662,22.250790146280565,-2.795171321577672,-2.535450156091698,1.568367877938723e-13
231.34703357414352,1.6436387925795108,22.249530254990955,-2.795286854256668,-2.5350682999257796,2.2841330839778716e-13
231.3554961479781,1.6489896957512107,22.248265884173662,-2.795403449704794,-2.5346875192400122,1.642049590325106e-13
231.36396053761496,1.6543379927402044,22.246997043445027,-2.7955211096524,-2.5343078143223745,-2.315710960714893e-14
231.37242674104206,1.6596836865126972,22.245723742421365,-2.795639835829888,-2.5339291854607664,2.2104513715914887e-14
231.38089475624733,1.6650267800347673,22.244445990719022,-2.7957596299677094,-2.533551632943001,1.820990891834893e-13
231.38936458121867,1.6703672762723678,22.243163797954313,-2.795880493796374,-2.533175157056812,1.6104717135880846e-13
231.3978362139437,1.6757051781913184,22.241877173743585,-2.796002429046439,-2.5327997580898485,6.73661370389787e-14
231.40630965240993,1.6810404887573176,22.240586127703153,-2.7961254374485205,-2.532425436329677,1.6631015081497867e-13
231.41478489460485,1.6863732109359315,22.239290669449364,-2.796249520733282,-2.532052192063779,1.3999525353412762e-13
231.42326193851574,1.6917033476926022,22.237990808598536,-2.7963746806314447,-2.531680025579551,-9.47336302110638e-15
231.4317407821297,1.697030901992644,22.236686554767,-2.796500918873784,-2.5313089371643094,2.389392673101276e-13
231.44022142343394,1.7023558768012457,22.23537791757109,-2.7966282371911273,-2.530938927105279,1.7367832205361698e-13
231.44870386041535,1.707678275083468,22.23406490662713,-2.796756637314357,-2.530569995689604,3.157787673702127e-14
231.4571880910607,1.7129980998042469,22.23274753155146,-2.7968861209744125,-2.53020214320434,3.0525280845787224e-14
231.46567411335664,1.7183153539283933,22.231425801960413,-2.797016689902282,-2.529835369936458,1.515738083377021e-13
231.47416192528985,1.7236300404205913,22.230099727470307,-2.7971483458290134,-2.529469676172841,1.6525755492374463e-13
231.48265152484677,1.7289421622454015,22.228769317697477,-2.7972810904857113,-2.529105062200289,6.947132882144679e-14
231.49114291001362,1.7342517223672576,22.227434582258255,-2.797414925603529,-2.528741528305507,1.4631082888153188e-13
231.49963607877672,1.739558723750472,22.22609553076897,-2.797549852913681,-2.5283790747751187,6.105056169157445e-14
231.50813102912204,1.7448631693592274,22.224752172845957,-2.797685874147437,-2.528017701895659,2.9472684954553185e-13
231.51662775903569,1.7501650621575893,22.223404518105536,-2.797822991036119,-2.527657409953571,1.1789073981821273e-13
