galstreams/tracks/track.st.Gaia-6.ibata2021.ecsv
# %ECSV 0.9
# ---
# datatype:
# - {name: ra, unit: deg, datatype: float64}
# - {name: dec, unit: deg, datatype: float64}
# - {name: distance, unit: kpc, datatype: float64}
# - {name: pm_ra_cosdec, unit: mas / yr, datatype: float64}
# - {name: pm_dec, unit: mas / yr, datatype: float64}
# - {name: radial_velocity, unit: km / s, datatype: float64}
# delimiter: ','
# meta: !!omap
# - __serialized_columns__:
#     dec:
#       __class__: astropy.coordinates.angles.Latitude
#       unit: &id001 !astropy.units.Unit {unit: deg}
#       value: !astropy.table.SerializedColumn {name: dec}
#     distance:
#       __class__: astropy.coordinates.distances.Distance
#       unit: !astropy.units.Unit {unit: kpc}
#       value: !astropy.table.SerializedColumn {name: distance}
#     pm_dec:
#       __class__: astropy.units.quantity.Quantity
#       unit: !astropy.units.Unit {unit: mas / yr}
#       value: !astropy.table.SerializedColumn {name: pm_dec}
#     pm_ra_cosdec:
#       __class__: astropy.units.quantity.Quantity
#       unit: !astropy.units.Unit {unit: mas / yr}
#       value: !astropy.table.SerializedColumn {name: pm_ra_cosdec}
#     ra:
#       __class__: astropy.coordinates.angles.Longitude
#       unit: *id001
#       value: !astropy.table.SerializedColumn {name: ra}
#       wrap_angle: !astropy.coordinates.Angle
#         unit: *id001
#         value: 360.0
#     radial_velocity:
#       __class__: astropy.units.quantity.Quantity
#       unit: !astropy.units.Unit {unit: km / s}
#       value: !astropy.table.SerializedColumn {name: radial_velocity}
# schema: astropy-2.0
ra,dec,distance,pm_ra_cosdec,pm_dec,radial_velocity
[from data line 138]
205.9849751766514,26.42733630475632,8.342255356964248,-8.876468006284416,-10.06667237494552,3.3683068519489354e-13
205.9934465500069,26.43387915076763,8.341069357403379,-8.87517748468629,-10.064733254254183,3.3683068519489354e-13
206.0019177966128,26.44042249796417,8.33988573405374,-8.873889694075944,-10.06279340758774,1.347322740779574e-13
206.01038891805763,26.446966345191726,8.338704486330005,-8.872604630694092,-10.060852834611946,2.694645481559148e-13
206.0188599159302,26.45351069129582,8.337525613646845,-8.871322290781418,-10.058911534993207,1.347322740779574e-13
206.02733079181908,26.46005553512172,8.336349115418935,-8.870042670578567,-10.056969508398584,2.020984111169361e-13
206.03580154731316,26.466600875514484,8.33517499106095,-8.868765766326147,-10.055026754495774,3.3683068519489354e-13
206.04427218400116,26.473146711318805,8.33400323998756,-8.86749157426473,-10.053083272953161,3.031476166754042e-13
206.05274270347198,26.479693041379218,8.332833861613437,-8.866220090634867,-10.051139063439775,3.031476166754042e-13
206.06121310731456,26.486239864539986,8.331666855353262,-8.864951311677057,-10.049194125625283,1.347322740779574e-13
206.06968339711787,26.49278717964509,8.330502220621703,-8.863685233631777,-10.047248459180029,1.347322740779574e-13
206.07815357447097,26.499334985538276,8.329339956833433,-8.862421852739455,-10.045302063775006,1.0104920555846805e-13
206.08662364096298,26.50588328106307,8.328180063403126,-8.861161165240507,-10.043354939081873,3.031476166754042e-13
206.09509359818296,26.51243206506261,8.327022539745453,-8.859903167375286,-10.041407084772931,3.3683068519489354e-13
206.10356344772018,26.518981336379927,8.325867385275092,-8.85864785538412,-10.039458500521153,2.694645481559148e-13
206.11203319116385,26.525531093857712,8.324714599406713,-8.857395225507318,-10.03750918600017,2.020984111169361e-13
206.12050283010333,26.532081336338436,8.323564181554993,-8.856145273985131,-10.03555914088426,2.3578147963642546e-13
206.12897236612795,26.538632062664302,8.3224161311346,-8.85489799705779,-10.033608364848378,1.6841534259744677e-13
206.1374418008272,26.545183271677278,8.32127044756021,-8.85365339096549,-10.031656857568127,3.3683068519489354e-13
206.14591113579044,26.551734962218994,8.3201271302465,-8.85241145194837,-10.029704618719776,3.031476166754042e-13
206.15438037260728,26.558287133130904,8.318986178608137,-8.851172176246557,-10.02775164798025,2.020984111169361e-13
206.16284951286724,26.564839783254182,8.317847592059794,-8.849935560100143,-10.025797945027154,2.694645481559148e-13
206.17131855816,26.571392911429747,8.316711370016147,-8.848701599749168,-10.023843509538725,3.031476166754042e-13
206.17978751007536,26.57794651649829,8.315577511891874,-8.847470291433652,-10.021888341193876,2.020984111169361e-13
206.18825637020285,26.584500597300124,8.31444601710164,-8.846241631393566,-10.019932439672202,3.3683068519489354e-13
206.1967251401324,26.591055152675448,8.313316885060125,-8.845015615868853,-10.01797580465393,1.6841534259744677e-13
206.20519382145386,26.59761018146412,8.312190115181998,-8.843792241099417,-10.016018435819975,1.6841534259744677e-13
206.21366241575709,26.604165682505776,8.311065706881934,-8.842571503325129,-10.014060332851901,2.020984111169361e-13
206.22213092463213,26.61072165463977,8.309943659574607,-8.841353398785829,-10.01210149543194,2.3578147963642546e-13
206.230599349669,26.617278096705256,8.308823972674684,-8.840137923721324,-10.010141923243001,2.3578147963642546e-13
206.2390676924577,26.623835007540997,8.307706645596852,-8.838925074371353,-10.008181615968638,2.694645481559148e-13
206.2475359545884,26.630392385985612,8.306591677755769,-8.837714846975667,-10.006220573293096,2.3578147963642546e-13
206.25600413765127,26.636950230877446,8.30547906856612,-8.83650723777394,-10.004258794901263,2.3578147963642546e-13
206.26447224323658,26.64350854105454,8.304368817442569,-8.83530224300584,-10.002296280478708,2.020984111169361e-13
206.2729402729346,26.65006731535472,8.303260923799796,-8.834099858910978,-10.000333029711667,1.6841534259744677e-13
206.2814082283357,26.656626552615567,8.302155387052473,-8.832900081728942,-9.998369042287035,1.6841534259744677e-13
206.28987611103025,26.663186251674283,8.30105220661527,-8.831702907699283,-9.996404317892388,2.3578147963642546e-13
206.29834392260872,26.669746411367946,8.299951381902861,-8.830508333061502,-9.994438856215961,1.6841534259744677e-13
206.3068116646616,26.6763070305333,8.298852912329926,-8.829316354055083,-9.99247265694666,2.694645481559148e-13
206.31527933877953,26.682868108006875,8.29775679731113,-8.828126966919461,-9.990505719774067,1.347322740779574e-13
206.32374694655303,26.68942964262489,8.296663036261153,-8.826940167894035,-9.988538044388426,3.031476166754042e-13
206.3322144895729,26.695991633223393,8.29557162859466,-8.825755953218184,-9.986569630480655,3.705137537143829e-13
206.34068196942977,26.702554078638006,8.29448257372633,-8.824574319131221,-9.984600477742351,2.3578147963642546e-13
206.34914938771442,26.709116977704237,8.293395871070837,-8.82339526187245,-9.982630585865767,2.3578147963642546e-13
206.35761674601775,26.71568032925728,8.292311520042853,-8.822218777681126,-9.980659954543844,1.6841534259744677e-13
206.36608404593062,26.722244132132072,8.291229520057056,-8.821044862796462,-9.978688583470177,2.694645481559148e-13
206.374551289044,26.728808385163298,8.290149870528108,-8.819873513457656,-9.97671647233906,1.6841534259744677e-13
206.3830184769489,26.735373087185398,8.28907257087069,-8.818704725903851,-9.974743620845436,1.347322740779574e-13
206.3914856112363,26.741938237032432,8.287997620499475,-8.817538496374148,-9.972770028684934,2.020984111169361e-13
206.3999526934974,26.748503833538344,8.286925018829134,-8.81637482110763,-9.970795695553853,1.6841534259744677e-13
206.4084197253233,26.75506987553675,8.285854765274344,-8.815213696343333,-9.968820621149177,2.020984111169361e-13
206.41688670830533,26.76163636186102,8.284786859249772,-8.81405511832026,-9.966844805168556,2.3578147963642546e-13
206.42535364403463,26.768203291344243,8.283721300170098,-8.812899083277365,-9.964868247310307,3.031476166754042e-13
206.43382053410267,26.774770662819304,8.282658087449994,-8.811745587453588,-9.962890947273435,1.6841534259744677e-13
206.4422873801007,26.78133847511868,8.28159722050413,-8.810594627087806,-9.960912904757627,1.6841534259744677e-13
206.45075418362023,26.787906727074727,8.28053869874718,-8.80944619841889,-9.958934119463255,2.020984111169361e-13
206.45922094625274,26.794475417519486,8.279482521593819,-8.808300297685632,-9.956954591091327,2.3578147963642546e-13
206.4676876695898,26.80104454528474,8.278428688458721,-8.807156921126825,-9.954974319343563,1.6841534259744677e-13
206.476154355223,26.807614109202046,8.277377198756557,-8.80601606498122,-9.952993303922366,2.3578147963642546e-13
206.48462100474396,26.814184108102577,8.276328051902002,-8.8048777254875,-9.9510115445308,2.694645481559148e-13
206.49308761974447,26.82075454081735,8.27528124730973,-8.803741898884343,-9.94902904087261,2.694645481559148e-13
206.50155420181625,26.827325406177096,8.274236784394411,-8.80260858141039,-9.94704579265224,1.6841534259744677e-13
206.5100207525511,26.83389670301226,8.273194662570718,-8.801477769304217,-9.945061799574793,2.020984111169361e-13
206.51848727354093,26.84046843015306,8.272154881253334,-8.800349458804387,-9.943077061346054,2.3578147963642546e-13
206.52695376637766,26.8470405864294,8.271117439856916,-8.79922364614942,-9.941091577672513,2.020984111169361e-13
206.53542023265337,26.853613170670986,8.270082337796152,-8.7981003275778,-9.939105348261307,1.6841534259744677e-13
206.54388667395992,26.86018618170714,8.269049574485708,-8.79697949932796,-9.93711837282029,2.694645481559148e-13
206.5523530918895,26.866759618367034,8.26801914934026,-8.795861157638313,-9.935130651057971,2.020984111169361e-13
206.56081948803427,26.87333347947952,8.266991061774476,-8.79474529874723,-9.933142182683556,2.020984111169361e-13
206.5692858639864,26.879907763873195,8.26596531120304,-8.793631918893034,-9.931152967406932,2.3578147963642546e-13
206.57775222133822,26.886482470376446,8.264941897040615,-8.792521014314028,-9.92916300493867,3.031476166754042e-13
206.58621856168196,26.893057597817254,8.263920818701877,-8.791412581248464,-9.927172294990033,2.3578147963642546e-13
206.59468488661,26.899633145023454,8.262902075601502,-8.79030661593455,-9.925180837272954,2.3578147963642546e-13
206.60315119771477,26.90620911082258,8.26188566715416,-8.78920311461048,-9.923188631500064,2.3578147963642546e-13
206.61161749658876,26.91278549404189,8.260871592774528,-8.788102073514391,-9.921195677384672,3.031476166754042e-13
206.62008378482452,26.91936229350839,8.259859851877277,-8.787003488884386,-9.919201974640782,2.3578147963642546e-13
206.6285500640146,26.92593950804885,8.25885044387708,-8.785907356958537,-9.917207522983073,2.020984111169361e-13
206.6370163357516,26.93251713648965,8.257843368188611,-8.784813673974863,-9.91521232212693,2.694645481559148e-13
206.64548260162832,26.939095177657023,8.256838624226543,-8.783722436171363,-9.913216371788405,2.020984111169361e-13
206.65394886323742,26.9456736303769,8.25583621140555,-8.782633639785985,-9.911219671684254,2.020984111169361e-13
206.66241512217172,26.952252493474944,8.254836129140303,-8.78154728105665,-9.909222221531918,1.347322740779574e-13
206.6708813800241,26.958831765776534,8.25383837684548,-8.780463356221222,-9.907224021049513,1.347322740779574e-13
206.67934763838747,26.965411446106838,8.252842953935748,-8.779381861517555,-9.905225069955868,1.6841534259744677e-13
206.68781389885478,26.97199153329063,8.251849859825786,-8.778302793183434,-9.90322536797049,2.020984111169361e-13
206.69628016301903,26.97857202615254,8.250859093930265,-8.777226147456627,-9.901224914813579,2.3578147963642546e-13
206.7047464324733,26.98515292351687,8.249870655663859,-8.776151920574858,-9.899223710206023,2.020984111169361e-13
206.71321270881077,26.991734224207686,8.248884544441237,-8.775080108775816,-9.89722175386941,1.6841534259744677e-13
206.72167899362458,26.998315927048743,8.247900759677078,-8.774010708297133,-9.895219045526005,2.694645481559148e-13
206.73014528850803,27.00489803086361,8.246919300786054,-8.77294371537644,-9.893215584898783,2.020984111169361e-13
206.7386115950543,27.011480534475435,8.245940167182834,-8.771879126251289,-9.8912113717114,1.347322740779574e-13
206.7470779148568,27.01806343670722,8.244963358282101,-8.770816937159209,-9.88920640568821,2.020984111169361e-13
206.7555442495089,27.024646736381687,8.243988873498518,-8.769757144337701,-9.887200686554266,2.3578147963642546e-13
206.76401060060408,27.031230432321237,8.243016712246764,-8.768699744024213,-9.885194214035302,2.3578147963642546e-13
206.77247696973586,27.037814523348043,8.24204687394151,-8.767644732456171,-9.883186987857767,2.694645481559148e-13
206.78094335849784,27.044399008284024,8.24107935799743,-8.766592105870943,-9.881179007748782,1.347322740779574e-13
206.78940976848352,27.050983885950718,8.240114163829196,-8.765541860505861,-9.879170273436184,3.3683068519489354e-13
206.79787620128667,27.057569155169517,8.239151290851487,-8.764493992598233,-9.877160784648494,1.6841534259744677e-13
206.80634265850094,27.06415481476149,8.238190738478966,-8.76344849838531,-9.875150541114941,2.694645481559148e-13
206.8148091417202,27.070740863547435,8.237232506126315,-8.762405374104322,-9.873139542565436,2.3578147963642546e-13
206.8232756525382,27.0773273003479,8.236276593208204,-8.761364615992449,-9.871127788730606,2.020984111169361e-13
206.83174219254892,27.083914123983167,8.235322999139306,-8.760326220286833,-9.869115279341756,2.694645481559148e-13
206.8402087633462,27.09050133327315,8.234371723334299,-8.759290183224572,-9.867102014130914,2.3578147963642546e-13
206.84867536652408,27.097088927037614,8.23342276520785,-8.758256501042734,-9.865087992830784,2.3578147963642546e-13
206.85714200367659,27.10367690409599,8.232476124174635,-8.757225169978346,-9.863073215174788,2.694645481559148e-13
206.8656086763979,27.110265263267465,8.231531799649328,-8.756196186268397,-9.861057680897034,1.6841534259744677e-13
206.87407538628213,27.116854003370953,8.2305897910466,-8.755169546149833,-9.859041389732342,3.705137537143829e-13
206.88254213492345,27.12344312322503,8.229650097781127,-8.754145245859553,-9.85702434141622,1.0104920555846805e-13
206.89100892391616,27.130032621648066,8.22871271926758,-8.753123281634434,-9.855006535684899,1.347322740779574e-13
206.8994757548546,27.136622497458156,8.227777654920633,-8.7521036497113,-9.852987972275294,2.020984111169361e-13
206.90794262933312,27.14321274947309,8.22684490415496,-8.75108634632695,-9.850968650925026,1.6841534259744677e-13
206.91640954894615,27.149803376510423,8.225914466385234,-8.750071367718123,-9.848948571372421,1.6841534259744677e-13
206.92487651528822,27.156394377387436,8.22498634102613,-8.749058710121533,-9.846927733356509,3.031476166754042e-13
206.93334352995382,27.16298575092106,8.224060527492316,-8.748048369773853,-9.844906136617029,1.347322740779574e-13
206.9418105945375,27.169577495928017,8.22313702519847,-8.74704034291171,-9.842883780894413,3.031476166754042e-13
206.95027771063397,27.176169611224765,8.222215833559265,-8.746034625771701,-9.840860665929814,1.6841534259744677e-13
206.9587448798379,27.18276209562746,8.22129695198937,-8.745031214590377,-9.83883679146507,1.0104920555846805e-13
206.967212103744,27.189354947951994,8.220380379903467,-8.74403010560424,-9.836812157242745,2.020984111169361e-13
206.97567938394724,27.19594816701402,8.21946611671622,-8.743031295049782,-9.834786763006095,1.347322740779574e-13
206.98414672204228,27.2025417516288,8.218554161842311,-8.742034779163415,-9.83276060849909,2.3578147963642546e-13
206.99261411962414,27.20913570061144,8.217644514696405,-8.741040554181541,-9.830733693466414,1.6841534259744677e-13
207.00108157828774,27.215730012776724,8.21673717469318,-8.740048616340513,-9.828706017653449,2.3578147963642546e-13
207.00954909962812,27.222324686939178,8.215832141247304,-8.739058961876644,-9.826677580806283,3.3683068519489354e-13
207.01801668524038,27.228919721913027,8.214929413773461,-8.738071587026202,-9.824648382671716,1.6841534259744677e-13
207.02648433671968,27.235515116512293,8.214028991686316,-8.737086488025424,-9.822618422997262,6.73661370389787e-14
207.03495205566108,27.242110869550547,8.213130874400543,-8.736103661110498,-9.820587701531151,2.020984111169361e-13
207.0434198436599,27.248706979841273,8.212235061330817,-8.735123102517576,-9.818556218022309,3.031476166754042e-13
207.05188770231143,27.25530344619759,8.211341551891811,-8.734144808482775,-9.816523972220374,1.347322740779574e-13
207.06035563321097,27.261900267432367,8.210450345498197,-8.733168775242163,-9.814490963875706,1.6841534259744677e-13
207.06882363795398,27.26849744235818,8.20956144156465,-8.732194999031769,-9.81245719273937,1.347322740779574e-13
207.07729171813588,27.275094969787364,8.208674839505843,-8.731223476087594,-9.810422658563144,2.3578147963642546e-13
207.08575987535215,27.281692848531886,8.207790538736447,-8.730254202645575,-9.808387361099523,2.3578147963642546e-13
207.09422811119833,27.288291077403525,8.206908538671142,-8.72928717494162,-9.806351300101703,2.694645481559148e-13
207.1026964272701,27.294889655213748,8.206028838724594,-8.728322389211614,-9.804314475323613,2.694645481559148e-13
207.1111648251631,27.30148858077376,8.205151438311479,-8.727359841691372,-9.802276886519882,2.020984111169361e-13
207.11963330647302,27.308087852894474,8.204276336846469,-8.72639952861669,-9.800238533445857,2.694645481559148e-13
207.12810187279572,27.31468747038658,8.203403533744238,-8.725441446223318,-9.798199415857596,1.0104920555846805e-13
207.13657052572688,27.321287432060352,8.202533028419463,-8.724485590746948,-9.79615953351189,1.0104920555846805e-13
207.14503926686245,27.327887736725902,8.201664820286812,-8.723531958423258,-9.794118886166231,2.694645481559148e-13
