galstreams/tracks/track.st.NGC288.ibata2024.ecsv
# %ECSV 1.0
# ---
# datatype:
# - {name: ra, unit: deg, datatype: float64}
# - {name: dec, unit: deg, datatype: float64}
# - {name: distance, unit: kpc, datatype: float64}
# - {name: pm_ra_cosdec, unit: mas / yr, datatype: float64}
# - {name: pm_dec, unit: mas / yr, datatype: float64}
# - {name: radial_velocity, unit: km / s, datatype: float64}
# delimiter: ','
# meta: !!omap
# - __serialized_columns__:
#     dec:
#       __class__: astropy.coordinates.angles.Latitude
#       unit: &id001 !astropy.units.Unit {unit: deg}
#       value: !astropy.table.SerializedColumn {name: dec}
#     distance:
#       __class__: astropy.coordinates.distances.Distance
#       unit: !astropy.units.Unit {unit: kpc}
#       value: !astropy.table.SerializedColumn {name: distance}
#     pm_dec:
#       __class__: astropy.units.quantity.Quantity
#       unit: !astropy.units.Unit {unit: mas / yr}
#       value: !astropy.table.SerializedColumn {name: pm_dec}
#     pm_ra_cosdec:
#       __class__: astropy.units.quantity.Quantity
#       unit: !astropy.units.Unit {unit: mas / yr}
#       value: !astropy.table.SerializedColumn {name: pm_ra_cosdec}
#     ra:
#       __class__: astropy.coordinates.angles.Longitude
#       unit: *id001
#       value: !astropy.table.SerializedColumn {name: ra}
#       wrap_angle: !astropy.coordinates.Angle
#         unit: *id001
#         value: 360.0
#     radial_velocity:
#       __class__: astropy.units.quantity.Quantity
#       unit: !astropy.units.Unit {unit: km / s}
#       value: !astropy.table.SerializedColumn {name: radial_velocity}
# schema: astropy-2.0
ra,dec,distance,pm_ra_cosdec,pm_dec,radial_velocity
[from data line 570]
13.273235341749418,-28.66167393825041,1.0000000000000007,4.048147317816603,-6.0350357224378985,-92.06290852638122
13.275713522862517,-28.67643486936358,1.0000000000000009,4.04768572066446,-6.037313521942297,-92.36236733526789
13.278170169517317,-28.6911995901638,1.0000000000000007,4.0472230595883705,-6.039589885844832,-92.66162465833841
13.28060531021436,-28.705968095471206,1.0000000000000007,4.046759333598253,-6.04186481699541,-92.96067329869766
13.283018973456544,-28.72074038009366,1.0000000000000004,4.04629454170882,-6.044138318241391,-93.2595060594507
13.285411187749144,-28.735516438826814,1.0000000000000007,4.045828682939579,-6.046410392427587,-93.55811574370242
13.287781981599876,-28.750296266454143,1.0000000000000007,4.0453617563148505,-6.048681042396266,-93.85649515455783
13.290131383518887,-28.7650798577469,1.0000000000000007,4.044893760863747,-6.050950270987131,-94.15463709512167
13.292459422018814,-28.77986720746422,1.0000000000000007,4.044424695620197,-6.053218081037331,-94.45253436849904
13.294766125614812,-28.79465831035311,1.0000000000000009,4.043954559622944,-6.055484475381466,-94.75017977779491
13.297051522824582,-28.809453161148465,1.0000000000000007,4.043483351915547,-6.057749456851571,-95.04756612611412
13.299315642168398,-28.824251754573115,1.0000000000000004,4.043011071546389,-6.060013028277127,-95.34468621656177
13.301558512169155,-28.839054085337843,1.0000000000000007,4.04253771756867,-6.0622751924850355,-95.64153285224259
13.303780161352387,-28.853860148141415,1.0000000000000009,4.042063289040426,-6.064535952299657,-95.93809883626166
13.305980618246315,-28.868669937670607,1.0000000000000007,4.041587785024534,-6.066795310542777,-96.2343769717239
13.308159911381859,-28.883483448600188,1.0000000000000007,4.041111204588698,-6.069053270033604,-96.53036006173424
13.310318069292688,-28.89830067559305,1.0000000000000007,4.040633546805464,-6.071309833588791,-96.82604090939763
13.312455120515242,-28.91312161330011,1.0000000000000007,4.04015481075223,-6.073565004022409,-97.12141231781901
13.314571093588782,-28.927946256360432,1.0000000000000007,4.039674995511238,-6.075818784145961,-97.4164670901033
13.316666017055393,-28.942774599401194,1.0000000000000007,4.039194100169585,-6.078071176768374,-97.71119802935551
13.318739919460052,-28.95760663703776,1.0000000000000007,4.038712123819229,-6.080322184696004,-98.00559793868047
13.320792829350635,-28.97244236387368,1.0000000000000007,4.038229065556988,-6.082571810732628,-98.29965962118322
13.322824775277969,-28.98728177450069,1.0000000000000007,4.037744924484547,-6.084820057679434,-98.59337587996868
13.32483578579584,-29.002124863498814,1.0000000000000007,4.037259699708456,-6.087066928335034,-98.88673951814181
13.326825889461055,-29.016971625436316,1.0000000000000007,4.036773390340146,-6.08931242549546,-99.1797433388075
13.32879511483347,-29.03182205486978,1.0000000000000004,4.0362859954959225,-6.091556551954161,-99.4723801450707
13.330743490475996,-29.046676146344094,1.0000000000000007,4.035797514296971,-6.093799310501985,-99.76464274003641
13.332671044954674,-29.061533894392507,1.0000000000000007,4.0353079458693655,-6.0960407039272075,-100.05652392680953
13.334577806838675,-29.076395293536653,1.0000000000000007,4.034817289344074,-6.098280735015506,-100.34801650849495
13.33646380470036,-29.09126033828655,1.0000000000000007,4.034325543856953,-6.100519406549969,-100.6391132881977
13.338329067115295,-29.106129023140692,1.0000000000000007,4.033832708548765,-6.102756721311103,-100.92980706902273
13.340173622662283,-29.121001342585988,1.0000000000000007,4.033338782565161,-6.1049926820767935,-101.22009065407494
13.341997499923425,-29.13587729109786,1.0000000000000007,4.0328437650567155,-6.107227291622352,-101.50995684645925
13.343800727484123,-29.150756863140238,1.0000000000000007,4.032347655178902,-6.109460552720484,-101.79939844928063
13.345583333933133,-29.165640053165603,1.0000000000000004,4.031850452092117,-6.111692468141293,-102.08840826564399
13.347345347862595,-29.180526855615,1.0000000000000004,4.031352154961665,-6.113923040652287,-102.37697909865432
13.349086797868063,-29.195417264918074,1.0000000000000002,4.030852762957789,-6.11615227301837,-102.6651037514166
13.350807712548548,-29.210311275493098,1.0000000000000004,4.030352275255646,-6.11838016800184,-102.95277502703573
13.35250812050654,-29.225208881746997,1.0000000000000004,4.029850691035329,-6.1206067283623815,-103.23998572861662
13.35418805034806,-29.240110078075382,1.0000000000000004,4.029348009481869,-6.122831956857083,-103.52672865926415
13.355847530682686,-29.25501485886257,1.0000000000000004,4.028844229785235,-6.125055856240421,-103.81299662208347
13.357486590123576,-29.269923218481633,1.0000000000000004,4.028339351140336,-6.1272784292642655,-104.09878242017935
13.35910525728753,-29.284835151294388,1.0000000000000004,4.027833372747036,-6.129499678677863,-104.38407885665677
13.360703560794999,-29.29975065165144,1.0000000000000004,4.027326293810145,-6.131719607227846,-104.66887873462068
13.362281529270136,-29.31466971389225,1.0000000000000007,4.0268181135394325,-6.133938217658246,-104.95317485717604
13.36383919134083,-29.32959233234511,1.0000000000000002,4.02630883114963,-6.136155512710469,-105.23696002742778
13.365376575638724,-29.344518501327194,1.0000000000000004,4.025798445860427,-6.1383714951232955,-105.52022704848088
13.36689371079928,-29.35944821514459,1.0000000000000007,4.025286956896484,-6.1405861676329,-105.80296872344019
13.368390625461796,-29.374381468092302,1.0000000000000004,4.024774363487445,-6.14279953297283,-106.08517785541072
13.36986734826944,-29.389318254454327,1.0000000000000004,4.024260664867916,-6.145011593874005,-106.36684724749736
13.371323907869295,-29.40425856850365,1.0000000000000004,4.023745860277495,-6.147222353064722,-106.64796970280518
13.37276033291238,-29.419202404502272,1.0000000000000004,4.023229948960758,-6.149431813270663,-106.928538024439
13.374176652053714,-29.43414975670125,1.0000000000000004,4.022712930167278,-6.151639977214874,-107.20854501550377
13.37557289395232,-29.449100619340708,1.0000000000000004,4.022194803151614,-6.153846847617764,-107.48798347910451
13.376949087271283,-29.464054986649906,1.0000000000000004,4.021675567173329,-6.156052427197121,-107.76684621834606
13.378305260677777,-29.47901285284723,1.0000000000000004,4.021155221496993,-6.158256718668113,-108.04512603633351
13.379641442843099,-29.493974212140223,1.0000000000000004,4.0206337653921675,-6.160459724743249,-108.32281573617159
13.380957662442711,-29.50893905872564,1.0000000000000004,4.02011119813344,-6.162661448132425,-108.5999081209654
13.382253948156277,-29.523907386789467,1.0000000000000004,4.019587519000404,-6.1648618915428965,-108.87639599381988
13.383530328667698,-29.53887919050692,1.0000000000000007,4.019062727277676,-6.1670610576792635,-109.1522721578399
13.384786832665148,-29.553854464042537,1.0000000000000004,4.018536822254901,-6.169258949243526,-109.42752941613047
13.386023488841106,-29.568833201550138,1.0000000000000004,4.018009803226737,-6.171455568934998,-109.70216057179648
13.387240325892401,-29.583815397172906,1.0000000000000004,4.017481669492892,-6.1736509194503855,-109.97615842794286
13.388437372520245,-29.59880104504338,1.0000000000000004,4.016952420358098,-6.175845003483742,-110.24951578767464
13.38961465743027,-29.613790139283527,1.0000000000000004,4.016422055132134,-6.178037823726473,-110.52222545409666
13.390772209332564,-29.62878267400473,1.0000000000000004,4.015890573129818,-6.1802293828673385,-110.79428023031394
13.391910056941711,-29.64377864330783,1.0000000000000007,4.0153579736710245,-6.182419683592459,-111.06567291943144
13.39302822897683,-29.65877804128318,1.0000000000000004,4.014824256080681,-6.1846087285853075,-111.33639632455397
13.394126754161599,-29.673780862010645,1.0000000000000004,4.014289419688765,-6.186796520526693,-111.6064432487866
13.395205661224315,-29.688787099559637,1.0000000000000004,4.013753463830324,-6.188983062094782,-111.8758064952342
13.396264978897907,-29.70379674798915,1.0000000000000004,4.013216387845469,-6.191168355965094,-112.1444788670018
13.397304735919993,-29.718809801347806,1.0000000000000004,4.012678191079383,-6.193352404810494,-112.41245316719427
13.398324961032912,-29.73382625367385,1.0000000000000004,4.012138872882321,-6.195535211301181,-112.67972219891654
13.399325682983756,-29.748846098995227,1.0000000000000002,4.011598432609626,-6.197716778104721,-112.9462787652736
13.400306930524401,-29.763869331329552,1.0000000000000004,4.011056869621706,-6.199897107885989,-113.21211566937035
13.401268732411578,-29.77889594468419,1.0000000000000004,4.010514183284085,-6.202076203307234,-113.47722571431181
13.402211117406873,-29.793925933056276,1.0000000000000004,4.009970372967358,-6.20425406702803,-113.74160170320282
13.403134114276781,-29.80895929043273,1.0000000000000004,4.009425438047222,-6.20643070170529,-114.00523643914842
13.404037751792751,-29.8239960107903,1.0000000000000004,4.00887937790448,-6.208606109993266,-114.26812272525345
13.404922058731216,-29.839036088095582,1.0000000000000007,4.008332191925037,-6.2107802945435475,-114.53025336462291
13.405787063873625,-29.85407951630508,1.0000000000000004,4.007783879499911,-6.212953258005066,-114.79162116036181
13.406632796006493,-29.869126289365184,1.0000000000000004,4.007234440025226,-6.21512500302407,-115.05221891557495
13.407459283921437,-29.884176401212258,1.0000000000000004,4.006683872902238,-6.217295532244159,-115.31203943336733
13.408266556415212,-29.899229845772634,1.0000000000000004,4.0061321775373155,-6.219464848306255,-115.57107551684399
13.409054642289748,-29.914286616962645,1.0000000000000004,4.005579353341959,-6.221632953848607,-115.82931996910968
13.409823570352199,-29.929346708688694,1.0000000000000004,4.005025399732803,-6.223799851506811,-116.08676559326953
13.410573369414966,-29.944410114847198,1.0000000000000004,4.004470316131616,-6.225965543913762,-116.34340519242842
13.411304068295742,-29.959476829324743,1.0000000000000004,4.0039141019653055,-6.228130033699715,-116.59923156969121
13.412015695817562,-29.97454684599801,1.0000000000000007,4.003356756665927,-6.230293323492228,-116.85423752816297
13.412708280808836,-29.98962015873385,1.0000000000000004,4.0027982796706905,-6.23245541591619,-117.10841587094855
13.413381852103363,-30.00469676138931,1.0000000000000007,4.002238670421949,-6.234616313593822,-117.36175940115291
13.414036438540421,-30.01977664781168,1.0000000000000004,4.0016779283672275,-6.236776019144652,-117.61426092188101
13.414672068964762,-30.034859811838476,1.0000000000000004,4.001116052959204,-6.238934535185539,-117.86591323623783
13.415288772226669,-30.049946247297544,1.0000000000000004,4.000553043655729,-6.241091864330667,-118.11670914732821
13.415886577181997,-30.06503594800702,1.0000000000000007,3.999988899919822,-6.243248009191533,-118.36664145825726
13.416465512692207,-30.08012890777541,1.0000000000000007,3.9994236212196865,-6.245402972376952,-118.61570297212974
13.417025607624412,-30.09522512040158,1.0000000000000004,3.9988572070287005,-6.247556756493047,-118.86388649205065
13.417566890851408,-30.11032457967487,1.0000000000000004,3.998289656825427,-6.249709364143288,-119.11118482112497
13.418089391251726,-30.125427279375,1.0000000000000004,3.997720970093626,-6.251860797928422,-119.3575907624576
13.418593137709655,-30.140533213272207,1.0000000000000007,3.997151146322246,-6.254011060446536,-119.60309711915362
13.419078159115303,-30.15564237512724,1.0000000000000007,3.99658018500544,-6.2561601542930285,-119.84769669431776
13.419544484364618,-30.170754758691377,1.0000000000000007,3.9960080856425617,-6.258308082060586,-120.09138229105508
13.419992142359437,-30.18587035770648,1.0000000000000004,3.9954348477381707,-6.260454846339243,-120.3341467124705
13.420421162007528,-30.200989165905018,1.0000000000000004,3.994860470802045,-6.262600449716309,-120.57598276166895
13.42083157222263,-30.21611117701011,1.0000000000000004,3.9942849543491814,-6.26474489477643,-120.81688324175545
13.421223401924484,-30.231236384735514,1.0000000000000004,3.993708297899789,-6.266888184101539,-121.05684095583482
13.421596680038894,-30.24636478278574,1.0000000000000004,3.9931305009793174,-6.269030320270894,-121.29584870701214
13.421951435497732,-30.261496364855986,1.0000000000000004,3.992551563118436,-6.271171305861044,-121.53389929839221
13.422287697239028,-30.276631124632253,1.0000000000000004,3.9919714838530562,-6.273311143445851,-121.77098553308004
13.42260549420697,-30.291769055791338,1.0000000000000004,3.9913902627243303,-6.27544983559649,-122.00710021418061
13.42290485535195,-30.306910152000853,1.0000000000000004,3.99080789927865,-6.277587384881414,-122.24223614479881
13.42318580963063,-30.322054406919296,1.0000000000000004,3.9902243930676664,-6.279723793866415,-122.47638612803964
13.423448386005958,-30.33720181419603,1.0000000000000007,3.989639743648271,-6.2818590651145385,-122.70954296700792
13.423692613447226,-30.35235236747142,1.0000000000000004,3.989053950582635,-6.283993201186187,-122.94169946480868
13.423918520930096,-30.36750606037671,1.0000000000000004,3.988467013438172,-6.286126204639017,-123.17284842454693
13.424126137436645,-30.382662886534185,1.0000000000000004,3.987878931787577,-6.288258078028,-123.4029826493275
13.42431549195542,-30.397822839557158,1.0000000000000004,3.9872897052088154,-6.290388823905416,-123.63209494225536
13.424486613481461,-30.412985913049994,1.0000000000000004,3.9866993332851264,-6.2925184448208205,-123.86017810643547
13.424639531016357,-30.428152100608155,1.0000000000000004,3.9861078156050405,-6.294646943321078,-124.08722494497272
13.424774273568282,-30.443321395818252,1.0000000000000002,3.985515151762368,-6.296774321950374,-124.31322826097217
13.424890870152025,-30.458493792258007,1.0000000000000004,3.9849213413562095,-6.2989005832501315,-124.53818085753866
13.424989349789053,-30.473669283496374,1.0000000000000004,3.9843263839909677,-6.301025729759111,-124.76207553777718
13.425069741507544,-30.488847863093536,1.0000000000000004,3.9837302792763456,-6.30314976401335,-124.98490510479262
13.425132074342418,-30.504029524600906,1.0000000000000004,3.983133026827349,-6.305272688546191,-125.20666236168998
13.4251763773354,-30.51921426156122,1.0000000000000007,3.9825346262642998,-6.307394505888247,-125.42734011157418
13.425202679535047,-30.534402067508523,1.0000000000000004,3.9819350772128326,-6.309515218567442,-125.64693115755017
13.425211009996792,-30.54959293596822,1.0000000000000004,3.9813343793039,-6.311634829108978,-125.86542830272288
13.425201397782988,-30.564786860457126,1.0000000000000004,3.980732532173783,-6.313753340035356,-126.08282435019724
13.425173871962958,-30.57998383448344,1.0000000000000004,3.9801295354640938,-6.315870753866349,-126.29911210307823
13.425128461613017,-30.595183851546874,1.0000000000000004,3.97952538882177,-6.317987073119036,-126.51428436447078
13.425065195816538,-30.610386905138597,1.0000000000000002,3.9789200918991026,-6.32010230030777,-126.7283339374798
13.42498410366398,-30.625592988741296,1.0000000000000004,3.9783136443537135,-6.32221643794419,-126.9412536252103
13.424885214252946,-30.640802095829265,1.0000000000000004,3.9777060458485836,-6.324329488537239,-127.15303623076714
13.4247685566882,-30.65601421986835,1.0000000000000007,3.9770972960520474,-6.326441454593127,-127.36367455725531
13.424634160081728,-30.671229354316036,1.0000000000000004,3.976487394637789,-6.328552338615356,-127.57316140777982
13.424482053552785,-30.686447492621475,1.0000000000000004,3.9758763412848643,-6.3306621431047025,-127.78148958544541
13.424312266227924,-30.701668628225487,1.0000000000000004,3.9752641356776937,-6.33277087055923,-127.98865189335723
13.42412482724105,-30.71689275456066,1.0000000000000004,3.9746507775060747,-6.3348785234742975,-128.1946411346201
13.423919765733457,-30.73211986505133,1.0000000000000007,3.9740362664651805,-6.336985104342523,-128.39945011233908
