galstreams/tracks/track.st.Murrumbidgee.grillmair2017b.ecsv
# %ECSV 0.9
# ---
# datatype:
# - {name: ra, unit: deg, datatype: float64}
# - {name: dec, unit: deg, datatype: float64}
# - {name: distance, unit: kpc, datatype: float64}
# - {name: pm_ra_cosdec, unit: mas / yr, datatype: float64}
# - {name: pm_dec, unit: mas / yr, datatype: float64}
# - {name: radial_velocity, unit: km / s, datatype: float64}
# delimiter: ','
# meta: !!omap
# - __serialized_columns__:
#     dec:
#       __class__: astropy.coordinates.angles.Latitude
#       unit: &id001 !astropy.units.Unit {unit: deg}
#       value: !astropy.table.SerializedColumn {name: dec}
#     distance:
#       __class__: astropy.coordinates.distances.Distance
#       unit: !astropy.units.Unit {unit: kpc}
#       value: !astropy.table.SerializedColumn {name: distance}
#     pm_dec:
#       __class__: astropy.units.quantity.Quantity
#       unit: !astropy.units.Unit {unit: mas / yr}
#       value: !astropy.table.SerializedColumn {name: pm_dec}
#     pm_ra_cosdec:
#       __class__: astropy.units.quantity.Quantity
#       unit: !astropy.units.Unit {unit: mas / yr}
#       value: !astropy.table.SerializedColumn {name: pm_ra_cosdec}
#     ra:
#       __class__: astropy.coordinates.angles.Longitude
#       unit: *id001
#       value: !astropy.table.SerializedColumn {name: ra}
#       wrap_angle: !astropy.coordinates.Angle
#         unit: *id001
#         value: 360.0
#     radial_velocity:
#       __class__: astropy.units.quantity.Quantity
#       unit: !astropy.units.Unit {unit: km / s}
#       value: !astropy.table.SerializedColumn {name: radial_velocity}
# schema: astropy-2.0
ra,dec,distance,pm_ra_cosdec,pm_dec,radial_velocity
[from data line 940]
97.7824845723554,-61.90657219154272,19.999999999999982,0.0,0.0,0.0
97.76009060084475,-61.90443117986055,19.999999999999986,0.0,0.0,0.0
97.73770144628469,-61.9022904948495,19.99999999999998,0.0,0.0,0.0
97.71531710062207,-61.90015012899164,19.99999999999998,0.0,0.0,0.0
97.69293755583905,-61.89801007478531,19.999999999999982,0.0,0.0,0.0
97.67056280395325,-61.895870324745175,19.99999999999998,0.0,0.0,0.0
97.64819283701733,-61.8937308714022,19.999999999999982,0.0,0.0,0.0
97.62582764711921,-61.891591707303526,19.99999999999998,0.0,0.0,0.0
97.60346722638153,-61.88945282501269,19.99999999999998,0.0,0.0,0.0
97.58111156696215,-61.887314217109456,19.999999999999982,0.0,0.0,0.0
97.55876066105348,-61.88517587618975,19.99999999999998,0.0,0.0,0.0
97.53641450088294,-61.88303779486585,19.99999999999998,0.0,0.0,0.0
97.51407307871207,-61.880899965766204,19.999999999999982,0.0,0.0,0.0
97.49173638683727,-61.87876238153553,19.999999999999975,0.0,0.0,0.0
97.46940441758917,-61.876625034834774,19.99999999999998,0.0,0.0,0.0
97.44707716333275,-61.87448791834102,19.99999999999998,0.0,0.0,0.0
97.42475461646721,-61.87235102474763,19.999999999999975,0.0,0.0,0.0
97.40243676942553,-61.87021434676416,19.999999999999982,0.0,0.0,0.0
97.38012361467499,-61.868077877116306,19.99999999999998,0.0,0.0,0.0
97.35781514471665,-61.86594160854601,19.999999999999975,0.0,0.0,0.0
97.33551135208543,-61.863805533811295,19.99999999999998,0.0,0.0,0.0
97.31321222934962,-61.86166964568647,19.99999999999998,0.0,0.0,0.0
97.29091776911136,-61.85953393696191,19.99999999999998,0.0,0.0,0.0
97.26862796400619,-61.857398400444126,19.999999999999975,0.0,0.0,0.0
97.24634280670298,-61.855263028955854,19.99999999999998,0.0,0.0,0.0
97.22406228990398,-61.85312781533586,19.99999999999998,0.0,0.0,0.0
97.20178640634458,-61.85099275243915,19.999999999999975,0.0,0.0,0.0
97.17951514879299,-61.84885783313673,19.999999999999975,0.0,0.0,0.0
97.1572485100507,-61.84672305031577,19.999999999999986,0.0,0.0,0.0
97.13498648295199,-61.844588396879516,19.99999999999998,0.0,0.0,0.0
97.11272906036395,-61.84245386574734,19.99999999999998,0.0,0.0,0.0
97.0904762351861,-61.84031944985465,19.99999999999998,0.0,0.0,0.0
97.06822800035081,-61.83818514215295,19.999999999999982,0.0,0.0,0.0
97.04598434882286,-61.836050935609805,19.99999999999998,0.0,0.0,0.0
97.02374527359936,-61.833916823208796,19.999999999999982,0.0,0.0,0.0
97.00151076770986,-61.831782797949614,19.999999999999982,0.0,0.0,0.0
96.9792808242157,-61.82964885284793,19.99999999999998,0.0,0.0,0.0
96.95705543621072,-61.82751498093549,19.999999999999975,0.0,0.0,0.0
96.93483459682056,-61.82538117526003,19.99999999999998,0.0,0.0,0.0
96.91261829920293,-61.82324742888525,19.999999999999982,0.0,0.0,0.0
96.89040653654692,-61.82111373489097,19.99999999999998,0.0,0.0,0.0
96.86819930207373,-61.818980086372896,19.99999999999998,0.0,0.0,0.0
96.84599658903598,-61.81684647644275,19.99999999999998,0.0,0.0,0.0
96.82379839071787,-61.81471289822824,19.99999999999998,0.0,0.0,0.0
96.80160470043495,-61.81257934487303,19.99999999999998,0.0,0.0,0.0
96.77941551153421,-61.8104458095367,19.999999999999982,0.0,0.0,0.0
96.7572308173935,-61.80831228539486,19.999999999999975,0.0,0.0,0.0
96.73505061142218,-61.80617876563896,19.999999999999975,0.0,0.0,0.0
96.71287488706047,-61.80404524347649,19.99999999999998,0.0,0.0,0.0
96.69070363777965,-61.80191171213072,19.999999999999975,0.0,0.0,0.0
96.66853685708153,-61.799778164840944,19.99999999999997,0.0,0.0,0.0
96.64637453849893,-61.79764459486234,19.99999999999998,0.0,0.0,0.0
96.62421667559524,-61.795510995465875,19.999999999999975,0.0,0.0,0.0
96.60206326196443,-61.7933773599385,19.99999999999998,0.0,0.0,0.0
96.579914291231,-61.79124368158303,19.999999999999975,0.0,0.0,0.0
96.55776975704944,-61.78910995371809,19.999999999999975,0.0,0.0,0.0
96.53562965310496,-61.786976169678205,19.999999999999975,0.0,0.0,0.0
96.51349397311273,-61.78484232281369,19.999999999999975,0.0,0.0,0.0
96.49136271081801,-61.78270840649075,19.999999999999975,0.0,0.0,0.0
96.4692358599962,-61.78057441409137,19.999999999999975,0.0,0.0,0.0
96.44711341445228,-61.778440339013365,19.999999999999975,0.0,0.0,0.0
96.42499536802127,-61.776306174670346,19.999999999999975,0.0,0.0,0.0
96.40288171456788,-61.77417191449176,19.99999999999998,0.0,0.0,0.0
96.38077244798639,-61.772037551922736,19.99999999999998,0.0,0.0,0.0
96.35866756220076,-61.76990308042426,19.99999999999998,0.0,0.0,0.0
96.33656705116398,-61.767768493473085,19.99999999999998,0.0,0.0,0.0
96.31447090885878,-61.76563378456167,19.99999999999998,0.0,0.0,0.0
96.29237912929699,-61.76349894719826,19.999999999999975,0.0,0.0,0.0
96.2702917065197,-61.76136397490677,19.999999999999975,0.0,0.0,0.0
96.24820863459676,-61.75922886122694,19.99999999999998,0.0,0.0,0.0
96.22612990762734,-61.75709359971411,19.99999999999998,0.0,0.0,0.0
96.20405551973933,-61.75495818393944,19.99999999999998,0.0,0.0,0.0
96.18198546508945,-61.752822607489676,19.999999999999975,0.0,0.0,0.0
96.15991973786309,-61.75068686396729,19.99999999999998,0.0,0.0,0.0
96.13785833227442,-61.74855094699043,19.99999999999998,0.0,0.0,0.0
96.11580124256571,-61.74641485019292,19.999999999999975,0.0,0.0,0.0
96.09374846300813,-61.74427856722423,19.99999999999998,0.0,0.0,0.0
96.07169998790091,-61.74214209174944,19.999999999999975,0.0,0.0,0.0
96.04965581157178,-61.74000541744929,19.99999999999998,0.0,0.0,0.0
96.02761592837618,-61.7378685380201,19.999999999999975,0.0,0.0,0.0
96.0055803326981,-61.73573144717393,19.999999999999975,0.0,0.0,0.0
95.98354901894925,-61.73359413863827,19.99999999999998,0.0,0.0,0.0
95.96152198156933,-61.731456606156264,19.99999999999998,0.0,0.0,0.0
95.93949921502595,-61.729318843486666,19.999999999999975,0.0,0.0,0.0
95.91748071381404,-61.72718084440377,19.99999999999997,0.0,0.0,0.0
95.89546647245656,-61.72504260269746,19.999999999999975,0.0,0.0,0.0
95.87345648550387,-61.722904112173126,19.999999999999975,0.0,0.0,0.0
95.85145074753383,-61.72076536665167,19.99999999999998,0.0,0.0,0.0
95.82944925315151,-61.71862635996965,19.999999999999975,0.0,0.0,0.0
95.80745199698933,-61.71648708597892,19.99999999999997,0.0,0.0,0.0
95.78545897370705,-61.714347538547095,19.999999999999975,0.0,0.0,0.0
95.76347017799131,-61.71220771155707,19.99999999999997,0.0,0.0,0.0
95.74148560455593,-61.71006759890733,19.99999999999997,0.0,0.0,0.0
95.71950524814163,-61.70792719451181,19.999999999999975,0.0,0.0,0.0
95.69752910351576,-61.7057864922999,19.99999999999997,0.0,0.0,0.0
95.67555716547265,-61.70364548621646,19.99999999999997,0.0,0.0,0.0
95.65358942883323,-61.70150417022173,19.99999999999997,0.0,0.0,0.0
95.63162588844513,-61.69936253829147,19.999999999999968,0.0,0.0,0.0
95.60966653918211,-61.697220584416776,19.99999999999997,0.0,0.0,0.0
95.58771137594472,-61.69507830260417,19.999999999999975,0.0,0.0,0.0
95.56576039365969,-61.692935686875614,19.99999999999997,0.0,0.0,0.0
95.54381358727989,-61.69079273126838,19.99999999999997,0.0,0.0,0.0
95.52187095178468,-61.688649429835166,19.99999999999997,0.0,0.0,0.0
95.49993248217889,-61.686505776644026,19.99999999999997,0.0,0.0,0.0
95.47799817349392,-61.68436176577834,19.999999999999968,0.0,0.0,0.0
95.45606802078665,-61.682217391336856,19.99999999999997,0.0,0.0,0.0
95.43414201914017,-61.68007264743358,19.99999999999997,0.0,0.0,0.0
95.41222016366274,-61.67792752819795,19.999999999999968,0.0,0.0,0.0
95.39030244948879,-61.675782027774595,19.999999999999968,0.0,0.0,0.0
95.36838887177805,-61.673636140323524,19.99999999999997,0.0,0.0,0.0
95.34647942571574,-61.67148986001998,19.999999999999975,0.0,0.0,0.0
95.32457410651253,-61.669343181054494,19.99999999999997,0.0,0.0,0.0
95.30267290940446,-61.66719609763284,19.999999999999968,0.0,0.0,0.0
95.28077582965247,-61.66504860397604,19.99999999999997,0.0,0.0,0.0
95.2588828625429,-61.66290069432038,19.999999999999975,0.0,0.0,0.0
95.2369940033872,-61.66075236291735,19.99999999999997,0.0,0.0,0.0
95.21510924752171,-61.65860360403364,19.999999999999968,0.0,0.0,0.0
95.19322859030741,-61.656454411951174,19.999999999999968,0.0,0.0,0.0
95.17135202713045,-61.65430478096704,19.99999999999997,0.0,0.0,0.0
95.14947955340156,-61.65215470539349,19.99999999999997,0.0,0.0,0.0
95.12761116455604,-61.65000417955801,19.99999999999997,0.0,0.0,0.0
95.10574685605388,-61.647853197803165,19.99999999999997,0.0,0.0,0.0
95.08388662337954,-61.64570175448669,19.99999999999997,0.0,0.0,0.0
95.0620304620416,-61.643549843981454,19.99999999999997,0.0,0.0,0.0
95.04017836757328,-61.64139746067547,19.99999999999997,0.0,0.0,0.0
95.01833033553183,-61.6392445989718,19.99999999999997,0.0,0.0,0.0
94.99648636149892,-61.63709125328866,19.999999999999968,0.0,0.0,0.0
94.9746464410798,-61.634937418059295,19.999999999999975,0.0,0.0,0.0
94.95281056990412,-61.63278308773211,19.99999999999997,0.0,0.0,0.0
94.93097874362532,-61.63062825677045,19.99999999999997,0.0,0.0,0.0
94.9091509579206,-61.62847291965279,19.999999999999968,0.0,0.0,0.0
94.88732720849109,-61.62631707087262,19.99999999999997,0.0,0.0,0.0
94.86550749106121,-61.62416070493847,19.999999999999975,0.0,0.0,0.0
94.84369180137926,-61.62200381637383,19.99999999999997,0.0,0.0,0.0
94.82188013521704,-61.61984639971726,19.99999999999997,0.0,0.0,0.0
94.80007248836974,-61.61768844952226,19.99999999999997,0.0,0.0,0.0
94.77826885665564,-61.61552996035732,19.99999999999997,0.0,0.0,0.0
94.75646923591661,-61.613370926805885,19.99999999999997,0.0,0.0,0.0
94.73467362201757,-61.61121134346637,19.999999999999968,0.0,0.0,0.0
94.71288201084656,-61.60905120495212,19.999999999999964,0.0,0.0,0.0
94.6910943983146,-61.606890505891386,19.999999999999968,0.0,0.0,0.0
94.66931078035586,-61.604729240927355,19.999999999999964,0.0,0.0,0.0
94.64753115292689,-61.60256740471814,19.999999999999964,0.0,0.0,0.0
94.62575551200754,-61.60040499193666,19.999999999999968,0.0,0.0,0.0
94.6039838536001,-61.598241997270826,19.999999999999964,0.0,0.0,0.0
94.58221617372962,-61.59607841542333,19.999999999999968,0.0,0.0,0.0
94.5604524684435,-61.593914241111726,19.99999999999997,0.0,0.0,0.0
94.53869273381179,-61.59174946906849,19.99999999999997,0.0,0.0,0.0
94.51693696592689,-61.58958409404078,19.999999999999968,0.0,0.0,0.0
94.49518516090355,-61.58741811079069,19.99999999999997,0.0,0.0,0.0
94.47343731487878,-61.58525151409508,19.99999999999997,0.0,0.0,0.0
94.45169342401148,-61.583084298745575,19.999999999999968,0.0,0.0,0.0
94.42995348448297,-61.58091645954863,19.99999999999997,0.0,0.0,0.0
94.40821749249638,-61.57874799132543,19.999999999999964,0.0,0.0,0.0
94.38648544427701,-61.5765788889119,19.999999999999968,0.0,0.0,0.0
94.36475733607163,-61.57440914715873,19.999999999999964,0.0,0.0,0.0
94.34303316414903,-61.57223876093134,19.999999999999968,0.0,0.0,0.0
94.3213129247997,-61.57006772510985,19.999999999999968,0.0,0.0,0.0
94.29959661433573,-61.56789603458909,19.99999999999997,0.0,0.0,0.0
94.27788422909072,-61.56572368427859,19.99999999999997,0.0,0.0,0.0
94.25617576541984,-61.563550669102504,19.999999999999964,0.0,0.0,0.0
94.23447121969936,-61.561376983999736,19.999999999999964,0.0,0.0,0.0
94.21277058832719,-61.55920262392376,19.999999999999968,0.0,0.0,0.0
94.19107386772241,-61.55702758384278,19.99999999999997,0.0,0.0,0.0
94.16938105432526,-61.55485185873948,19.999999999999968,0.0,0.0,0.0
94.14769214459686,-61.55267544361132,19.99999999999997,0.0,0.0,0.0
94.12600713501962,-61.55049833347024,19.999999999999968,0.0,0.0,0.0
94.10432602209679,-61.548320523342845,19.999999999999968,0.0,0.0,0.0
94.08264880235248,-61.546142008270245,19.99999999999997,0.0,0.0,0.0
94.0609754723317,-61.54396278330816,19.99999999999997,0.0,0.0,0.0
94.03930602859987,-61.54178284352687,19.99999999999997,0.0,0.0,0.0
94.01764046774339,-61.53960218401114,19.999999999999968,0.0,0.0,0.0
93.99597878636901,-61.53742079986027,19.99999999999997,0.0,0.0,0.0
93.9743209811042,-61.53523868618809,19.999999999999968,0.0,0.0,0.0
93.95266704859651,-61.533055838122934,19.999999999999968,0.0,0.0,0.0
93.93101698551409,-61.53087225080759,19.999999999999968,0.0,0.0,0.0
93.90937078854535,-61.5286879193993,19.999999999999968,0.0,0.0,0.0
93.88772845439877,-61.52650283906983,19.999999999999964,0.0,0.0,0.0
93.8660899798031,-61.524317005005315,19.99999999999997,0.0,0.0,0.0
93.84445536150712,-61.522130412406355,19.999999999999964,0.0,0.0,0.0
93.82282459627935,-61.519943056487996,19.999999999999964,0.0,0.0,0.0
93.8011976809085,-61.517754932479626,19.999999999999968,0.0,0.0,0.0
93.779574612203,-61.51556603562505,19.999999999999968,0.0,0.0,0.0
93.7579553869912,-61.51337636118247,19.999999999999964,0.0,0.0,0.0
93.73634000212068,-61.51118590442443,19.999999999999964,0.0,0.0,0.0
93.71472845445916,-61.50899466063785,19.999999999999964,0.0,0.0,0.0
93.69312074089359,-61.50680262512392,19.999999999999964,0.0,0.0,0.0
93.6715168583305,-61.504609793198235,19.999999999999968,0.0,0.0,0.0
93.64991680369582,-61.50241616019066,19.999999999999964,0.0,0.0,0.0
93.62832057393489,-61.50022172144536,19.999999999999964,0.0,0.0,0.0
93.60672816601196,-61.49802647232079,19.999999999999964,0.0,0.0,0.0
93.58513957691079,-61.49583040818967,19.999999999999964,0.0,0.0,0.0
93.56355480363416,-61.493633524438984,19.999999999999964,0.0,0.0,0.0
93.54197384320406,-61.491435816469945,19.999999999999968,0.0,0.0,0.0
93.520396692661,-61.48923727969802,19.999999999999964,0.0,0.0,0.0
93.49882334906476,-61.487037909552875,19.999999999999964,0.0,0.0,0.0
93.47725380949382,-61.484837701478355,19.999999999999964,0.0,0.0,0.0
93.45568807104553,-61.482636650932555,19.999999999999964,0.0,0.0,0.0
93.4341261308359,-61.4804347533877,19.999999999999968,0.0,0.0,0.0
93.41256798599926,-61.478232004330174,19.999999999999964,0.0,0.0,0.0
93.39101363368883,-61.47602839926052,19.999999999999968,0.0,0.0,0.0
93.36946307107621,-61.47382393369344,19.999999999999964,0.0,0.0,0.0
93.34791629535148,-61.47161860315771,19.999999999999964,0.0,0.0,0.0
93.3263733037227,-61.469412403196294,19.999999999999968,0.0,0.0,0.0
93.30483409341663,-61.46720532936612,19.999999999999964,0.0,0.0,0.0
93.28329866167802,-61.464997377238305,19.999999999999964,0.0,0.0,0.0
93.26176700576974,-61.462788542398,19.999999999999964,0.0,0.0,0.0
93.24023912297278,-61.460578820444425,19.999999999999964,0.0,0.0,0.0
93.21871501058618,-61.4583682069908,19.99999999999997,0.0,0.0,0.0
93.19719466592659,-61.45615669766435,19.999999999999964,0.0,0.0,0.0
93.17567808632883,-61.45394428810641,19.999999999999964,0.0,0.0,0.0
93.15416526914538,-61.45173097397222,19.999999999999968,0.0,0.0,0.0
93.13265621174658,-61.449516750931046,19.999999999999968,0.0,0.0,0.0
93.11115091151999,-61.44730161466612,19.999999999999968,0.0,0.0,0.0
93.08964936587124,-61.445085560874595,19.999999999999964,0.0,0.0,0.0
93.06815157222314,-61.442868585267604,19.999999999999968,0.0,0.0,0.0
93.04665752801614,-61.440650683570226,19.999999999999964,0.0,0.0,0.0
93.02516723070806,-61.43843185152138,19.999999999999968,0.0,0.0,0.0
93.00368067777372,-61.436212084873944,19.999999999999964,0.0,0.0,0.0
92.98219786670548,-61.43399137939469,19.999999999999964,0.0,0.0,0.0
92.96071879501281,-61.4317697308642,19.999999999999964,0.0,0.0,0.0
92.93924346022234,-61.42954713507699,19.999999999999968,0.0,0.0,0.0
92.91777185987745,-61.42732358784134,19.999999999999964,0.0,0.0,0.0
92.89630399153876,-61.42509908497943,19.999999999999964,0.0,0.0,0.0
92.87483985278372,-61.422873622327195,19.999999999999964,0.0,0.0,0.0
92.8533794412066,-61.42064719573444,19.999999999999964,0.0,0.0,0.0
92.83192275441846,-61.41841980106471,19.999999999999964,0.0,0.0,0.0
92.81046979004711,-61.416191434195305,19.999999999999968,0.0,0.0,0.0
92.78902054573668,-61.41396209101734,19.999999999999968,0.0,0.0,0.0
92.76757501914828,-61.41173176743562,19.99999999999996,0.0,0.0,0.0
92.74613320795929,-61.40950045936875,19.999999999999968,0.0,0.0,0.0
92.72469510986372,-61.407268162748956,19.999999999999968,0.0,0.0,0.0
92.7032607225716,-61.40503487352226,19.999999999999964,0.0,0.0,0.0
92.6818300438095,-61.402800587648294,19.999999999999964,0.0,0.0,0.0
92.66040307132027,-61.400565301100436,19.999999999999964,0.0,0.0,0.0
92.63897980286285,-61.398329009865655,19.999999999999964,0.0,0.0,0.0
