galstreams/tracks/track.st.NGC5466.ibata2024.ecsv
# %ECSV 1.0
# ---
# datatype:
# - {name: ra, unit: deg, datatype: float64}
# - {name: dec, unit: deg, datatype: float64}
# - {name: distance, unit: kpc, datatype: float64}
# - {name: pm_ra_cosdec, unit: mas / yr, datatype: float64}
# - {name: pm_dec, unit: mas / yr, datatype: float64}
# - {name: radial_velocity, unit: km / s, datatype: float64}
# delimiter: ','
# meta: !!omap
# - __serialized_columns__:
#     dec:
#       __class__: astropy.coordinates.angles.Latitude
#       unit: &id001 !astropy.units.Unit {unit: deg}
#       value: !astropy.table.SerializedColumn {name: dec}
#     distance:
#       __class__: astropy.coordinates.distances.Distance
#       unit: !astropy.units.Unit {unit: kpc}
#       value: !astropy.table.SerializedColumn {name: distance}
#     pm_dec:
#       __class__: astropy.units.quantity.Quantity
#       unit: !astropy.units.Unit {unit: mas / yr}
#       value: !astropy.table.SerializedColumn {name: pm_dec}
#     pm_ra_cosdec:
#       __class__: astropy.units.quantity.Quantity
#       unit: !astropy.units.Unit {unit: mas / yr}
#       value: !astropy.table.SerializedColumn {name: pm_ra_cosdec}
#     ra:
#       __class__: astropy.coordinates.angles.Longitude
#       unit: *id001
#       value: !astropy.table.SerializedColumn {name: ra}
#       wrap_angle: !astropy.coordinates.Angle
#         unit: *id001
#         value: 360.0
#     radial_velocity:
#       __class__: astropy.units.quantity.Quantity
#       unit: !astropy.units.Unit {unit: km / s}
#       value: !astropy.table.SerializedColumn {name: radial_velocity}
# schema: astropy-2.0
ra,dec,distance,pm_ra_cosdec,pm_dec,radial_velocity
[from data line 1272]
215.58001736179008,26.065967183427958,0.9999999999999997,-5.870998861212365,-0.5631631282120324,83.7014614476511
215.5893032107824,26.060451828293033,0.9999999999999998,-5.872196622927142,-0.5626484639596425,83.74200339466236
215.5985886747851,26.05493652979384,0.9999999999999999,-5.873393915370737,-0.5621337863486007,83.78239102681434
215.60787375539348,26.049421289776724,0.9999999999999998,-5.874590737766969,-0.5616190957412099,83.82262356983036
215.61715845420306,26.043906110087697,0.9999999999999998,-5.875787089339714,-0.5611043924999626,83.86270024943387
215.6264427728097,26.03839099257242,0.9999999999999998,-5.876982969312937,-0.5605896769874965,83.90262029134828
215.63572671280946,26.032875939076224,0.9999999999999998,-5.878178376910669,-0.560074949566645,83.94238292129693
215.6450102757986,26.027360951444102,0.9999999999999999,-5.879373311357005,-0.5595602106003925,83.9819873650032
215.65429346337373,26.021846031520674,0.9999999999999999,-5.88056777187612,-0.5590454604519035,84.02143284819051
215.66357627713168,26.016331181150253,0.9999999999999997,-5.881761757692262,-0.5585306994845025,84.06071859658216
215.67285871866946,26.010816402176808,0.9999999999999998,-5.88295526802972,-0.558015928061697,84.09984383590171
215.6821407895844,26.00530169644394,0.9999999999999997,-5.884148302112899,-0.5575011465471524,84.13880779187235
215.69142249147401,25.999787065794933,0.9999999999999998,-5.885340859166238,-0.5569863553047085,84.17760969021762
215.70070382593616,25.99427251207273,0.9999999999999999,-5.8865329384142795,-0.5564715546983754,84.21624875666085
215.70998479456884,25.988758037119922,0.9999999999999997,-5.887724539081603,-0.5559567450923328,84.25472421692538
215.7192653989704,25.983243642778763,0.9999999999999998,-5.888915660392877,-0.555441926850925,84.29303529673463
215.7285456407393,25.977729330891176,0.9999999999999997,-5.890106301572834,-0.5549271003386798,84.33118122181202
215.7378255214744,25.972215103298733,0.9999999999999998,-5.891296461846293,-0.5544122659202726,84.36916121788089
215.74710504277468,25.966700961842676,0.9999999999999998,-5.89248614043812,-0.5538974239605698,84.40697451066465
215.75638420623946,25.961186908363885,0.9999999999999998,-5.893675336573266,-0.5533825748245906,84.44462032588672
215.7656630134682,25.955672944702933,0.9999999999999998,-5.894864049476752,-0.5528677188775379,84.48209788927043
215.77494146606077,25.950159072700025,0.9999999999999998,-5.89605227837367,-0.5523528564847702,84.51940642653913
215.7842195656171,25.944645294195052,0.9999999999999997,-5.897240022489186,-0.5518379880118305,84.55654516341633
215.79349731373745,25.93913161102753,0.9999999999999997,-5.8984272810485106,-0.5513231138244112,84.59351332562532
215.80277471202234,25.93361802503668,0.9999999999999998,-5.8996140532769585,-0.5508082342883931,84.63031013888954
215.8120517620725,25.92810453806135,0.9999999999999999,-5.9008003383999,-0.5502933497698272,84.66693482893234
215.82132846548893,25.922591151940058,0.9999999999999999,-5.901986135642776,-0.5497784606349088,84.70338662147714
215.83060482387285,25.917077868511,0.9999999999999998,-5.9031714442311,-0.5492635672500246,84.73966474224724
215.8398808388257,25.911564689612003,0.9999999999999997,-5.904356263390456,-0.5487486699817321,84.77576841696616
215.84915651194927,25.906051617080582,0.9999999999999998,-5.90554059234649,-0.5482337691967443,84.81169687135721
215.85843184484543,25.900538652753898,0.9999999999999998,-5.906724430324941,-0.5477188652619498,84.84744933114376
215.86770683911644,25.895025798468787,0.9999999999999999,-5.9079077765516,-0.5472039585444097,84.8830250220492
215.8769814963647,25.88951305606173,0.9999999999999998,-5.909090630252319,-0.5466890494113494,84.918423169797
215.88625581819292,25.884000427368882,0.9999999999999998,-5.910272990653055,-0.5461741382301604,84.95364300011042
215.89552980620397,25.878487914226067,0.9999999999999997,-5.91145485697979,-0.5456592253684178,84.98868373871294
215.90480346200104,25.872975518468742,0.9999999999999997,-5.912636228458628,-0.545144311193841,85.0235446113279
215.91407678718755,25.867463241932068,0.9999999999999998,-5.913817104315688,-0.5446293960743454,85.05822484367876
215.9233497833671,25.861951086450837,0.9999999999999997,-5.914997483777206,-0.544114480378,85.09272366148878
215.93262245214356,25.856439053859518,0.9999999999999996,-5.9161773660694585,-0.5435995644730438,85.12704029048146
215.94189479512113,25.85092714599222,0.9999999999999997,-5.917356750418819,-0.5430846487278851,85.16117395638011
215.95116681390408,25.84541536468277,0.9999999999999997,-5.918535636051706,-0.5425697335111019,85.19512388490818
215.96043851009702,25.839903711764585,0.9999999999999997,-5.919714022194606,-0.5420548191914438,85.22888930178902
215.9697098853048,25.834392189070797,0.9999999999999999,-5.920891908074111,-0.541539906137829,85.26246943274602
215.9789809411325,25.8288807984342,0.9999999999999998,-5.922069292916852,-0.5410249947193364,85.29586350350256
215.9882516791854,25.82336954168722,0.9999999999999998,-5.923246175949531,-0.5405100853052272,85.32907073978204
215.99752210106908,25.817858420661974,0.9999999999999998,-5.924422556398943,-0.5399951782649168,85.36209036730784
216.00679220838927,25.812347437190233,0.9999999999999998,-5.925598433491922,-0.5394802739680005,85.39492161180334
216.01606200275205,25.806836593103426,0.9999999999999998,-5.926773806455403,-0.5389653727842347,85.42756369899196
216.02533148576364,25.80132589023266,0.9999999999999997,-5.927948674516374,-0.5384504750835495,85.46001585459703
216.03460065903053,25.7958153304087,0.9999999999999998,-5.929123036901891,-0.5379355812360407,85.49227730434198
216.04386952415948,25.790304915461977,0.9999999999999998,-5.9302968928390865,-0.5374206916119757,85.52434727395021
216.05313808275739,25.784794647222583,0.9999999999999997,-5.93147024155516,-0.5369058065817898,85.55622498914504
216.06240633643154,25.779284527520268,0.9999999999999999,-5.932643082277395,-0.5363909265160798,85.58790967564994
216.07167428678926,25.773774558184464,0.9999999999999998,-5.933815414233116,-0.5358760517856211,85.61940055918824
216.08094193543832,25.76826474104426,0.9999999999999996,-5.934987236649755,-0.5353611827613509,85.6506968654833
216.09020928398658,25.762755077928396,0.9999999999999998,-5.936158548754781,-0.5348463198143749,85.68179782025861
216.09947633404215,25.757245570665308,0.9999999999999997,-5.937329349775748,-0.5343314633159792,85.71270264923744
216.1087430872134,25.75173622108307,0.9999999999999998,-5.938499638940286,-0.5338166136375957,85.74341057814328
216.11800954510898,25.746227031009443,0.9999999999999998,-5.939669415476079,-0.5333017711508496,85.77392083269943
216.1272757093377,25.74071800227182,0.9999999999999997,-5.940838678610902,-0.5327869362275104,85.8042326386293
216.13654158150862,25.735209136697303,0.9999999999999998,-5.942007427572571,-0.5322721092395355,85.83434522165633
216.14580716323104,25.729700436112626,0.9999999999999997,-5.943175661589009,-0.5317572905590398,85.86425780750383
216.1550724561145,25.72419190234421,0.9999999999999998,-5.944343379888175,-0.5312424805583111,85.89396962189525
216.16433746176878,25.71868353721813,0.9999999999999998,-5.9455105816981195,-0.5307276796098002,85.9234798905539
216.17360218180386,25.713175342560138,0.9999999999999997,-5.946677266246954,-0.5302128880861394,85.9527878392033
216.18286661782994,25.70766732019564,0.9999999999999997,-5.947843432762866,-0.5296981063601072,85.98189269356666
216.19213077145753,25.702159471949717,0.9999999999999999,-5.949009080474101,-0.52918333480467,86.01079367936755
216.20139464429727,25.696651799647114,0.9999999999999997,-5.9501742086089875,-0.5286685737929542,86.03949002232919
216.2106582379601,25.69114430511224,0.9999999999999998,-5.951338816395927,-0.5281538236982479,86.06798094817509
216.21992155405718,25.68563699016918,0.9999999999999998,-5.952502903063365,-0.5276390848940204,86.09626568262856
216.2291845941999,25.680129856641692,0.9999999999999998,-5.953666467839857,-0.5271243577539071,86.12434345141301
216.23844735999984,25.674622906353168,0.9999999999999997,-5.954829509953998,-0.5266096426517022,86.15221348025183
216.24770985306884,25.6691161411267,0.9999999999999997,-5.955992028634457,-0.5260949399613652,86.17987499486844
216.25697207501898,25.663609562785037,0.9999999999999998,-5.957154023109977,-0.5255802500570423,86.20732722098619
216.26623402746256,25.658103173150604,0.9999999999999998,-5.9583154926093895,-0.5250655733130332,86.23456938432844
216.27549571201212,25.652596974045476,0.9999999999999998,-5.9594764363615615,-0.524550910103807,86.26160071061861
216.28475713028035,25.647090967291412,0.9999999999999998,-5.96063685359545,-0.5240362608040074,86.28842042558009
216.29401828388026,25.641585154709826,0.9999999999999999,-5.961796743540079,-0.5235216257884323,86.31502775493628
216.30327917442509,25.636079538121813,0.9999999999999997,-5.962956105424545,-0.5230070054320652,86.3414219244105
216.31253980352827,25.63057411934814,0.9999999999999998,-5.964114938478011,-0.5224924001100444,86.36760215972619
216.32180017280342,25.625068900209218,0.9999999999999997,-5.9652732419297125,-0.5219778101976749,86.39356768660677
216.33106028386447,25.619563882525153,0.9999999999999997,-5.966431015008949,-0.5214632360704456,86.41931773077556
216.34032013832552,25.614059068115704,0.9999999999999999,-5.9675882569450955,-0.5209486781039896,86.44485151795597
216.34957973780092,25.608554458800306,0.9999999999999999,-5.9687449669675985,-0.5204341366741279,86.47016827387137
216.35883908390522,25.603050056398068,0.9999999999999997,-5.9699011443059655,-0.5199196121568415,86.49526722424521
216.3680981782532,25.597545862727756,0.9999999999999998,-5.971056788189778,-0.5194051049282766,86.52014759480082
216.3773570224599,25.592041879607812,0.9999999999999998,-5.9722118978486955,-0.5188906153647501,86.54480861126154
216.3866156181406,25.586538108856345,0.9999999999999997,-5.973366472512442,-0.5183761438427448,86.56924949935089
216.3958739669107,25.581034552291143,0.9999999999999999,-5.974520511410805,-0.5178616907389095,86.59346948479218
216.40513207038592,25.57553121172965,0.9999999999999997,-5.975674013773642,-0.5173472564300674,86.61746779330876
216.4143899301822,25.570028088988995,0.9999999999999998,-5.976826978830898,-0.516832841293204,86.64124365062406
216.42364754791564,25.564525185885955,0.9999999999999998,-5.977979405812568,-0.5163184457054699,86.66479628246147
216.43290492520265,25.559022504237003,0.9999999999999998,-5.979131293948726,-0.5158040700441893,86.68812491454435
216.4421620636598,25.553520045858264,0.9999999999999998,-5.980282642469516,-0.5152897146868494,86.71122877259613
216.45141896490387,25.548017812565543,0.9999999999999997,-5.98143345060514,-0.5147753800111055,86.73410708234016
216.46067563055192,25.54251580617432,0.9999999999999998,-5.982583717585882,-0.5142610663947851,86.75675906949984
216.4699320622212,25.537014028499726,0.9999999999999997,-5.9837334426421025,-0.5137467742158783,86.77918395979853
216.4791882615292,25.531512481356582,0.9999999999999997,-5.984882625004213,-0.5132325038525405,86.80138097895966
216.48844423009362,25.52601116655938,0.9999999999999997,-5.986031263902708,-0.5127182556830956,86.82334935270654
216.49769996953236,25.520510085922265,0.9999999999999998,-5.9871793585681425,-0.5122040300860391,86.84508830676268
216.50695548146356,25.515009241259072,0.9999999999999998,-5.988326908231141,-0.5116898274400317,86.86659706685141
216.5162107675056,25.5095086343833,0.9999999999999998,-5.989473912122426,-0.5111756481238992,86.8878748586961
216.52546582927712,25.504008267108123,0.9999999999999996,-5.990620369472749,-0.5106614925166362,86.90892090802005
216.53472066839686,25.49850814124638,0.9999999999999997,-5.991766279512955,-0.5101473609974052,86.92973444054682
216.54397528648383,25.49300825861058,0.9999999999999999,-5.992911641473946,-0.5096332539455304,86.95031468199971
216.55322968515733,25.487508621012935,0.9999999999999998,-5.994056454586706,-0.5091191717405152,86.97066085810212
216.5624838660368,25.482009230265287,0.9999999999999998,-5.995200718082278,-0.5086051147620196,86.99077219457739
216.57173783074194,25.476510088179165,0.9999999999999997,-5.996344431191787,-0.5080910833898775,87.01064791714897
216.58099158089266,25.471011196565783,0.9999999999999997,-5.9974875931464195,-0.5075770780040729,87.03028725154019
216.59024511810904,25.465512557236014,0.9999999999999996,-5.998630203177425,-0.5070630989847871,87.04968942347452
216.5994984440115,25.460014172000403,0.9999999999999998,-5.999772260516135,-0.5065491467123371,87.06885365867527
216.60875156022053,25.454516042669187,0.9999999999999998,-6.000913764393948,-0.506035221567231,87.08777918286583
216.6180044683569,25.44901817105225,0.9999999999999998,-6.002054714042321,-0.5055213239301279,87.10646522176964
216.6272571700417,25.44352055895917,0.9999999999999998,-6.003195108692797,-0.5050074541818681,87.12491100111005
216.63650966689605,25.438023208199187,0.9999999999999999,-6.00433494757698,-0.5044936127034418,87.14311574661043
216.64576196054148,25.432526120581212,0.9999999999999997,-6.005474229926548,-0.5039797998760154,87.16107868399418
216.65501405259954,25.42702929791384,0.9999999999999998,-6.006612954973234,-0.5034660160809334,87.17879903898474
216.66426594469218,25.421532742005333,1.0,-6.007751121948862,-0.5029522616996775,87.19627603730537
216.67351763844144,25.416036454663637,0.9999999999999998,-6.008888730085325,-0.5024385371139282,87.2135089046796
216.6827691354696,25.41054043769635,0.9999999999999997,-6.010025778614546,-0.5019248427055167,87.23049686683072
216.69202043739924,25.40504469291076,0.9999999999999998,-6.01116226676857,-0.5014111788564355,87.24723914948214
216.70127154585305,25.399549222113833,0.9999999999999998,-6.012298193779481,-0.5008975459488587,87.2637349783573
216.71052246245398,25.394054027112205,0.9999999999999999,-6.013433558879447,-0.5003839443651179,87.27998357917951
216.7197731888252,25.388559109712187,0.9999999999999997,-6.0145683613006895,-0.4998703744877151,87.2959841776722
216.72902372659013,25.38306447171975,0.9999999999999997,-6.015702600275522,-0.49935683669931397,87.31173599955872
216.7382740773723,25.377570114940568,0.9999999999999997,-6.016836275036301,-0.4988433313827514,87.32723827056252
216.74752424279552,25.372076041179962,0.9999999999999997,-6.0179693848154665,-0.49832985892102677,87.34249021640693
216.75677422448385,25.366582252242953,0.9999999999999999,-6.019101928845543,-0.49781641969730384,87.35749106281536
216.76602402406152,25.361088749934215,0.9999999999999998,-6.02023390635909,-0.4973030140949204,87.37224003551117
216.77527364315296,25.355595536058114,0.9999999999999998,-6.021365316588764,-0.4967896424973741,87.3867363602178
216.78452308338285,25.35010261241868,0.9999999999999997,-6.022496158767286,-0.4962763052883288,87.40097926265857
216.79377234637607,25.344609980819637,0.9999999999999998,-6.023626432127437,-0.49576300285162755,87.41496796855691
216.80302143375772,25.339117643064355,0.9999999999999999,-6.024756135902078,-0.4952497355712575,87.4287017036362
216.8122703471531,25.333625600955912,0.9999999999999998,-6.025885269324133,-0.494736503831394,87.44217969361982
216.82151908818767,25.328133856297036,0.9999999999999997,-6.027013831626593,-0.49422330801636516,87.45540116423116
216.83076765848725,25.32264241089015,0.9999999999999998,-6.028141822042524,-0.49371014851066963,87.4683653411936
216.8400160596777,25.317151266537344,0.9999999999999998,-6.029269239805064,-0.4931970256989757,87.48107145023054
216.8492642933852,25.31166042504038,0.9999999999999998,-6.030396084147408,-0.4926839399661125,87.4935187170654
216.8585123612362,25.306169888200714,0.9999999999999997,-6.031522354302851,-0.49217089169707773,87.50570636742145
216.8677602648571,25.300679657819458,0.9999999999999999,-6.032648049504701,-0.4916578812770389,87.51763362702219
216.87700800587487,25.29518973569742,0.9999999999999999,-6.033773168986396,-0.49114490909132247,87.52929972159096
