galstreams/tracks/track.st.C-24.ibata2024.ecsv
# %ECSV 1.0
# ---
# datatype:
# - {name: ra, unit: deg, datatype: float64}
# - {name: dec, unit: deg, datatype: float64}
# - {name: distance, unit: kpc, datatype: float64}
# - {name: pm_ra_cosdec, unit: mas / yr, datatype: float64}
# - {name: pm_dec, unit: mas / yr, datatype: float64}
# - {name: radial_velocity, unit: km / s, datatype: float64}
# delimiter: ','
# meta: !!omap
# - __serialized_columns__:
#     dec:
#       __class__: astropy.coordinates.angles.Latitude
#       unit: &id001 !astropy.units.Unit {unit: deg}
#       value: !astropy.table.SerializedColumn {name: dec}
#     distance:
#       __class__: astropy.coordinates.distances.Distance
#       unit: !astropy.units.Unit {unit: kpc}
#       value: !astropy.table.SerializedColumn {name: distance}
#     pm_dec:
#       __class__: astropy.units.quantity.Quantity
#       unit: !astropy.units.Unit {unit: mas / yr}
#       value: !astropy.table.SerializedColumn {name: pm_dec}
#     pm_ra_cosdec:
#       __class__: astropy.units.quantity.Quantity
#       unit: !astropy.units.Unit {unit: mas / yr}
#       value: !astropy.table.SerializedColumn {name: pm_ra_cosdec}
#     ra:
#       __class__: astropy.coordinates.angles.Longitude
#       unit: *id001
#       value: !astropy.table.SerializedColumn {name: ra}
#       wrap_angle: !astropy.coordinates.Angle
#         unit: *id001
#         value: 360.0
#     radial_velocity:
#       __class__: astropy.units.quantity.Quantity
#       unit: !astropy.units.Unit {unit: km / s}
#       value: !astropy.table.SerializedColumn {name: radial_velocity}
# schema: astropy-2.0
ra,dec,distance,pm_ra_cosdec,pm_dec,radial_velocity
[from data line 2605]
159.86459532775348,58.61433884689798,0.9999999999999999,0.7196940145748119,-0.424786797873244,-57.7963625897167
159.8737732747878,58.62314301639785,0.9999999999999999,0.7197367190074029,-0.4246748606917343,-57.79591797630966
159.8829517836022,58.63194804869365,0.9999999999999998,0.7197798393990185,-0.4245628591301873,-57.795434849358806
159.8921308520545,58.64075394551636,0.9999999999999999,0.7198233762014523,-0.4244507932566135,-57.79491317841385
159.90131047800216,58.64956070859783,0.9999999999999999,0.7198673298665088,-0.4243386631392685,-57.79435293302444
159.9104906593022,58.658368339670936,0.9999999999999998,0.7199117008459734,-0.42422646884665394,-57.79375408274028
159.91967139381123,58.66717684046943,1.0,0.7199564895916253,-0.4241142104475166,-57.79311659711104
159.92885267938541,58.675986212728034,0.9999999999999999,0.7200016965552403,-0.4240018880108467,-57.79244044568635
159.9380345138805,58.68479645818241,0.9999999999999999,0.7200473221885841,-0.4238895016058768,-57.79172559801596
159.94721689515177,58.69360757856916,0.9999999999999999,0.7200933669434115,-0.42377705130208554,-57.79097202364948
159.95639982105413,58.702419575625804,0.9999999999999999,0.7201398312714726,-0.4236645371692003,-57.790179692136626
159.96558328944204,58.71123245109088,0.9999999999999999,0.7201867156245052,-0.42355195927717837,-57.78934857302708
159.97476729816952,58.72004620670377,1.0,0.7202340204542454,-0.4234393176962383,-57.788478635870504
159.98395184509016,58.72886084420485,0.9999999999999998,0.7202817462124171,-0.42332661249683134,-57.78756985021655
159.9931369280571,58.73767636533544,0.9999999999999998,0.7203298933507296,-0.4232138437496573,-57.786622185614945
160.00232254492312,58.74649277183778,1.0,0.7203784623208938,-0.4231010115256568,-57.78563561161531
160.01150869354046,58.755310065455056,0.9999999999999999,0.7204274535746023,-0.42298811589601826,-57.78461009776738
160.02069537176104,58.76412824793141,0.9999999999999998,0.7204768675635491,-0.4228751569321645,-57.783545613620774
160.02988257743624,58.772947321011905,0.9999999999999999,0.7205267047394046,-0.4227621347057706,-57.782442128725194
160.03907030841708,58.78176728644256,0.9999999999999998,0.7205769655538456,-0.4226490492887498,-57.781299612630335
160.04825856255408,58.79058814597031,0.9999999999999999,0.7206276504585258,-0.42253590075326297,-57.780118034885874
160.0574473376974,58.799409901343076,1.0,0.7206787599050992,-0.42242268917170733,-57.77889736504145
160.06663663169675,58.80823255430966,1.0,0.720730294345207,-0.42230941461673055,-57.77763757264675
160.0758264424013,58.81705610661986,1.0,0.7207822542304725,-0.42219607716121654,-57.77633862725147
160.08501676765997,58.82588056002437,0.9999999999999998,0.7208346400125272,-0.4220826768782917,-57.775000498405255
160.09420760532103,58.83470591627485,1.0,0.7208874521429722,-0.4219692138413338,-57.77362315565783
160.10339895323247,58.84353217712388,0.9999999999999998,0.7209406910734129,-0.42185568812395413,-57.772206568558836
160.1125908092418,58.85235934432501,0.9999999999999999,0.7209943572554363,-0.42174209980000654,-57.77075070665796
160.121783171196,58.86118741963269,0.9999999999999999,0.7210484511406232,-0.4216284489435891,-57.76925553950485
160.13097603694172,58.870016404802335,0.9999999999999999,0.7211029731805425,-0.4215147356290476,-57.767721036649235
160.14016940432512,58.878846301590286,0.9999999999999998,0.7211579238267509,-0.4214009599309616,-57.76614716764076
160.14936327119196,58.88767711175385,0.9999999999999998,0.7212133035307966,-0.4212871219241485,-57.76453390202909
160.15855763538752,58.89650883705124,1.0,0.7212691127442177,-0.42117322168368254,-57.76288120936396
160.1677524947566,58.90534147924159,1.0,0.7213253519185352,-0.42105925928487054,-57.761189059194955
160.17694784714365,58.91417504008506,0.9999999999999998,0.7213820215052662,-0.42094523480325385,-57.75945742107183
160.18614369039256,58.923009521342635,0.9999999999999998,0.7214391219559106,-0.42083114831462964,-57.757686264544205
160.19534002234687,58.93184492477632,0.9999999999999998,0.7214966537219625,-0.420716999895026,-57.7558755591618
160.20453684084964,58.94068125214901,0.9999999999999999,0.7215546172549001,-0.4206027896207196,-57.754025274474266
160.21373414374347,58.949518505224596,0.9999999999999998,0.7216130130061895,-0.4204885175682129,-57.752135380031284
160.22293192887048,58.958356685767825,0.9999999999999999,0.7216718414272865,-0.42037418381427116,-57.750205845382546
160.23213019407245,58.96719579554444,1.0,0.7217311029696383,-0.4202597884358852,-57.74823664007772
160.24132893719062,58.97603583632112,0.9999999999999999,0.7217907980846725,-0.4201453315102919,-57.746227733666444
160.2505281560658,58.98487680986544,0.9999999999999999,0.7218509272238107,-0.4200308131149644,-57.74417909569848
160.25972784853838,58.99371871794596,0.9999999999999999,0.7219114908384618,-0.41991623332762007,-57.74209069572339
160.26892801244819,59.00256156233216,1.0,0.7219724893800163,-0.41980159222621527,-57.73996250329096
160.27812864563478,59.01140534479443,0.9999999999999998,0.7220339232998594,-0.41968688988894787,-57.73779448795083
160.2873297459371,59.020250067104136,0.9999999999999999,0.7220957930493597,-0.41957212639425645,-57.735586619252615
160.2965313111937,59.02909573103355,0.9999999999999998,0.7221580990798713,-0.41945730182080965,-57.73333886674609
160.3057333392427,59.03794233835589,0.9999999999999999,0.7222208418427412,-0.4193424162475319,-57.731051199980875
160.31493582792172,59.046789890845346,0.9999999999999999,0.7222840217892972,-0.41922746975357317,-57.72872358850662
160.32413877506795,59.05563839027697,0.9999999999999999,0.7223476393708583,-0.4191124624183349,-57.72635600187307
160.33334217851814,59.06448783842679,0.9999999999999998,0.7224116950387272,-0.41899739432144845,-57.723948409629855
160.34254603610853,59.07333823707181,0.9999999999999999,0.7224761892441942,-0.41888226554278596,-57.721500781326675
160.35175034567493,59.08218958798989,1.0,0.7225411224385352,-0.41876707616246467,-57.71901308651319
160.36095510505268,59.09104189295987,0.9999999999999999,0.7226064950730151,-0.4186518262608345,-57.71648529473909
160.37016031207673,59.099895153761544,0.9999999999999999,0.7226723075988826,-0.41853651591848084,-57.713917375554026
160.37936596458147,59.10874937217559,0.9999999999999999,0.7227385604673713,-0.4184211452162412,-57.71130929850771
160.38857206040083,59.11760454998365,1.0,0.7228052541297019,-0.41830571423517693,-57.70866103314977
160.39777859736836,59.1264606889683,0.9999999999999999,0.7228723890370812,-0.4181902230566026,-57.70597254902996
160.40698557331712,59.13531779091304,0.9999999999999999,0.7229399656407058,-0.4180746717620609,-57.70324381569786
160.41619298607966,59.14417585760233,0.9999999999999999,0.7230079843917483,-0.4179590604333292,-57.700474802703226
160.42540083348808,59.15303489082152,0.9999999999999998,0.7230764457413756,-0.41784338915243247,-57.6976654795957
160.43460911337408,59.16189489235693,0.9999999999999999,0.7231453501407337,-0.41772765800163025,-57.69481581592494
160.4438178235688,59.170755863995815,0.9999999999999999,0.7232146980409566,-0.4176118670634157,-57.691925781240684
160.45302696190294,59.17961780752633,1.0,0.7232844898931645,-0.4174960164205279,-57.68899534509255
160.46223652620677,59.18848072473758,0.9999999999999998,0.7233547261484603,-0.417380106155937,-57.68602447703022
160.47144651431006,59.19734461741963,0.9999999999999999,0.7234254072579296,-0.417264136352852,-57.68301314660339
160.48065692404214,59.20620948736343,0.9999999999999998,0.7234965336726529,-0.41714810709471806,-57.67996132336173
160.4898677532318,59.2150753363609,0.9999999999999998,0.7235681058436796,-0.417032018465223,-57.67686897685492
160.49907899970745,59.223942166204864,0.9999999999999998,0.7236401242220558,-0.41691587054828183,-57.67373607663263
160.50829066129697,59.232809978689126,0.9999999999999999,0.7237125892588054,-0.4167996634280575,-57.67056259224454
160.51750273582778,59.24167877560836,0.9999999999999999,0.7237855014049439,-0.41668339718893854,-57.66734849324033
160.5267152211268,59.250548558758226,0.9999999999999999,0.7238588611114591,-0.41656707191555764,-57.66409374916966
160.5359281150205,59.259419329935255,0.9999999999999999,0.7239326688293328,-0.4164506876927847,-57.66079832958224
160.5451414153349,59.268291090936984,0.9999999999999999,0.7240069250095256,-0.41633424460571966,-57.6574622040277
160.55435511989555,59.27716384356182,0.9999999999999999,0.7240816301029878,-0.41621774273970313,-57.65408534205575
160.56356922652742,59.28603758960913,0.9999999999999998,0.7241567845606434,-0.41610118218030934,-57.65066771321606
160.5727837330551,59.29491233087921,1.0,0.7242323888334046,-0.4159845630133532,-57.64720928705832
160.5819986373027,59.30378806917328,1.0,0.7243084433721689,-0.41586788532487606,-57.64371003313217
160.59121393709378,59.31266480629348,0.9999999999999999,0.7243849486278187,-0.4157511492011654,-57.640169920987304
160.60042963025145,59.32154254404293,0.9999999999999999,0.724461905051212,-0.415634354728736,-57.636588920173395
160.6096457145984,59.33042128422562,0.9999999999999999,0.7245393130931934,-0.415517501994338,-57.63296700024016
160.61886218795678,59.33930102864649,1.0,0.7246171732045932,-0.41540059108496674,-57.629304130737225
160.62807904814824,59.34818177911143,0.9999999999999999,0.7246954858362233,-0.41528362208783953,-57.62560028121426
160.63729629299397,59.35706353742723,0.9999999999999999,0.7247742514388711,-0.415166595090418,-57.62185542122096
160.64651392031467,59.36594630540163,0.9999999999999999,0.7248534704633156,-0.4150495101803928,-57.61806952030704
160.65573192793056,59.37483008484329,0.9999999999999998,0.7249331433603137,-0.4149323674456884,-57.61424254802211
160.6649503136614,59.3837148775618,1.0,0.725013270580608,-0.4148151669744715,-57.61037447391588
160.67416907532638,59.39260068536769,0.9999999999999998,0.7250938525749155,-0.41469790885513547,-57.60646526753804
160.68338821074428,59.40148751007239,1.0,0.7251748897939452,-0.4145805931763098,-57.60251489843826
160.69260771773335,59.41037535348831,1.0,0.7252563826883769,-0.4144632200268594,-57.59852333616618
160.70182759411134,59.41926421742872,0.9999999999999999,0.7253383317088806,-0.4143457894958784,-57.594490550271516
160.71104783769556,59.428154103707875,0.9999999999999999,0.7254207373061072,-0.41422830167270064,-57.590416510303925
160.72026844630278,59.437045014140935,0.9999999999999999,0.7255035999306834,-0.41411075664688735,-57.5863011858131
160.72948941774928,59.44593695054399,1.0,0.7255869200332228,-0.4139931545082396,-57.5821445463487
160.7387107498509,59.45482991473403,1.0,0.7256706980643193,-0.41387549534678847,-57.57794656146042
160.7479324404229,59.463723908529026,0.9999999999999998,0.7257549344745424,-0.41375777925279866,-57.573707200697896
160.75715448728002,59.47261893374785,1.0,0.7258396297144492,-0.41364000631675957,-57.56942643361085
160.7663768882367,59.481514992210315,0.9999999999999999,0.7259247842345766,-0.41352217662940394,-57.56510422974895
160.77559964110662,59.490412085737084,0.9999999999999998,0.7260103984854374,-0.41340429028170433,-57.56074055866185
160.78482274370316,59.49931021614988,0.9999999999999999,0.726096472917529,-0.41328634736484027,-57.55633538989926
160.79404619383908,59.508209385271215,0.9999999999999998,0.7261830079813312,-0.41316834797024615,-57.551888693010824
160.8032699893267,59.51710959492464,0.9999999999999999,0.7262700041272994,-0.41305029218957934,-57.547400437546216
160.81249412797789,59.526010846934575,0.9999999999999998,0.7263574618058735,-0.4129321801147263,-57.54287059305515
160.8217186076038,59.53491314312636,0.9999999999999999,0.7264453814674661,-0.4128140118378134,-57.538299129087264
160.83094342601532,59.54381648532627,0.9999999999999999,0.726533763562478,-0.41269578745119606,-57.53368601519226
160.8401685810227,59.55272087536152,0.9999999999999999,0.7266226085412892,-0.4125775070474562,-57.5290312209198
160.84939407043575,59.56162631506025,0.9999999999999998,0.7267119168542522,-0.4124591707194085,-57.52433471581957
160.8586198920637,59.570532806251514,0.9999999999999999,0.7268016889517066,-0.4123407785601003,-57.51959646944125
160.8678460437153,59.57944035076525,0.9999999999999999,0.7268919252839665,-0.4122223306628161,-57.51481645133448
160.87707252319882,59.588348950432426,0.9999999999999998,0.7269826263013275,-0.4121038271210553,-57.509994631048976
160.88629932832202,59.597258607084804,0.9999999999999998,0.7270737924540676,-0.4119852680285696,-57.505130978134424
160.8955264568921,59.606169322555175,0.9999999999999998,0.7271654241924357,-0.41186665347932117,-57.50022546214045
160.90475390671577,59.61508109867719,0.9999999999999999,0.7272575219666666,-0.41174798356751197,-57.495278052616776
160.91398167559925,59.62399393728546,0.9999999999999997,0.7273500862269726,-0.41162925838757136,-57.49028871911304
160.92320976134818,59.632907840215516,0.9999999999999998,0.7274431174235443,-0.4115104780341623,-57.485257431178965
160.93243816176778,59.641822809303775,0.9999999999999997,0.7275366160065495,-0.4113916426021724,-57.480184158364175
160.94166687466264,59.65073884638763,0.9999999999999999,0.7276305824261327,-0.4112727521867221,-57.47506887021841
160.95089589783697,59.659655953305354,0.9999999999999999,0.7277250171324252,-0.41115380688315994,-57.46991153629129
160.96012522909427,59.66857413189615,0.9999999999999999,0.7278199205755265,-0.41103480678706816,-57.46471212613251
160.96935486623772,59.67749338400017,0.9999999999999998,0.7279152932055213,-0.41091575199424657,-57.45947060929176
160.97858480706986,59.68641371145845,0.9999999999999998,0.7280111354724657,-0.41079664260074367,-57.4541869553187
160.98781504939274,59.695335116112986,0.9999999999999997,0.7281074478264034,-0.4106774787028131,-57.44886113376299
160.99704559100786,59.70425759980666,0.9999999999999998,0.7282042307173446,-0.410558260396952,-57.443493114174345
161.00627642971622,59.713181164383286,0.9999999999999998,0.7283014845952849,-0.4104389877798864,-57.43808286610241
161.01550756331827,59.72210581168762,0.9999999999999997,0.7283992099101926,-0.41031966094856553,-57.43263035909688
161.02473898961398,59.73103154356532,0.9999999999999998,0.7284974071120176,-0.41020028000015696,-57.42713556270744
161.03397070640278,59.73995836186295,0.9999999999999997,0.728596076650686,-0.41008084503208586,-57.421598446483735
161.0432027114835,59.74888626842802,0.9999999999999998,0.7286952189760976,-0.40996135614197016,-57.41601897997548
161.05243500265453,59.75781526510896,0.9999999999999998,0.7287948345381361,-0.4098418134276818,-57.410397132732314
161.06166757771368,59.7667453537551,0.9999999999999998,0.7288949237866524,-0.4097222169873005,-57.40473287430394
161.0709004344582,59.775676536216686,0.9999999999999998,0.7289954871714812,-0.4096025669191512,-57.399026174240014
161.0801335706849,59.78460881434492,0.9999999999999998,0.729096525142434,-0.4094828633217684,-57.393277002090215
161.08936698418995,59.793542189991875,0.9999999999999998,0.7291980381492957,-0.40936310629393,-57.387485327404235
161.09860067276904,59.8024766650106,0.9999999999999997,0.7293000266418272,-0.40924329593462705,-57.38165111973174
161.1078346342173,59.811412241255,0.9999999999999997,0.7294024910697714,-0.40912343234308324,-57.375774348622414
161.1170688663294,59.820348920579946,0.9999999999999998,0.7295054318828389,-0.4090035156187506,-57.369854983625935
161.12630336689932,59.8292867048412,0.9999999999999998,0.7296088495307231,-0.4088835458612996,-57.36389299429196
161.1355381337206,59.83822559589545,0.9999999999999999,0.7297127444630886,-0.408763523170637,-57.35788835017017
161.14477316458618,59.8471655956003,0.9999999999999998,0.7298171171295793,-0.40864344764688365,-57.35184102081027
161.1540084572886,59.85610670581429,0.9999999999999999,0.7299219679798161,-0.40852331939039477,-57.3457509757619
