galstreams/tracks/track.st.Orphan-Chenab.koposov2023.ecsv
# %ECSV 1.0
# ---
# datatype:
# - {name: ra, unit: deg, datatype: float64}
# - {name: dec, unit: deg, datatype: float64}
# - {name: distance, unit: kpc, datatype: float64}
# - {name: pm_ra_cosdec, unit: mas / yr, datatype: float64}
# - {name: pm_dec, unit: mas / yr, datatype: float64}
# - {name: radial_velocity, unit: km / s, datatype: float64}
# delimiter: ','
# meta: !!omap
# - __serialized_columns__:
#     dec:
#       __class__: astropy.coordinates.angles.Latitude
#       unit: &id001 !astropy.units.Unit {unit: deg}
#       value: !astropy.table.SerializedColumn {name: dec}
#     distance:
#       __class__: astropy.coordinates.distances.Distance
#       unit: !astropy.units.Unit {unit: kpc}
#       value: !astropy.table.SerializedColumn {name: distance}
#     pm_dec:
#       __class__: astropy.units.quantity.Quantity
#       unit: !astropy.units.Unit {unit: mas / yr}
#       value: !astropy.table.SerializedColumn {name: pm_dec}
#     pm_ra_cosdec:
#       __class__: astropy.units.quantity.Quantity
#       unit: !astropy.units.Unit {unit: mas / yr}
#       value: !astropy.table.SerializedColumn {name: pm_ra_cosdec}
#     ra:
#       __class__: astropy.coordinates.angles.Longitude
#       unit: *id001
#       value: !astropy.table.SerializedColumn {name: ra}
#       wrap_angle: !astropy.coordinates.Angle
#         unit: *id001
#         value: 360.0
#     radial_velocity:
#       __class__: astropy.units.quantity.Quantity
#       unit: !astropy.units.Unit {unit: km / s}
#       value: !astropy.table.SerializedColumn {name: radial_velocity}
# schema: astropy-2.0
ra,dec,distance,pm_ra_cosdec,pm_dec,radial_velocity
[from data line 560]
323.34894509703554,-55.95680808618049,33.03007814858631,0.21340111027054176,-2.709452518982683,-133.37166189638404
323.3407374658415,-55.9657167998707,33.02444542596774,0.2130917400773833,-2.71007291441528,-133.34027554520833
323.3325261266644,-55.97462499254266,33.01881270334917,0.21278204599190143,-2.710693289051083,-133.30888919403264
323.32431107672727,-55.983532663764436,33.0131799807306,0.21247202776131635,-2.711313642813188,-133.27750284285696
323.31609231325064,-55.99243981310395,33.00754725811201,0.2121616851326258,-2.7119339756245466,-133.24611649168133
323.3078698334528,-56.001346440128465,33.001914535493434,0.21185101785261007,-2.7125542874079662,-133.21473014050562
323.2996436345494,-56.01025254440499,32.99628181287486,0.21154002566782926,-2.713174578086109,-133.18334378932997
323.29141371375385,-56.019158125500084,32.99064909025629,0.21122870832462803,-2.713794847581491,-133.15195743815428
323.283180068277,-56.02806318297976,32.98501636763771,0.21091706556912682,-2.7144150958164834,-133.12057108697863
323.27494269532735,-56.03696771640979,32.97938364501914,0.21060509714723108,-2.7150353227133106,-133.08918473580295
323.266701592111,-56.04587172535533,32.973750922400555,0.21029280280462603,-2.715655528194051,-133.05779838462726
323.2584567558316,-56.054775209381305,32.96811819978199,0.20998018228677706,-2.716275712180636,-133.0264120334516
323.2502081836904,-56.06367816805202,32.96248547716341,0.20966723533893195,-2.716895874594849,-132.99502568227587
323.2419558728861,-56.072580600931495,32.95685275454483,0.2093539617061131,-2.717516015358331,-132.96363933110015
323.2336998206151,-56.081482507583324,32.951220031926255,0.20904036113312974,-2.7181361343925703,-132.93225297992458
323.2254400240712,-56.09038388757054,32.945587309307676,0.20872643336456442,-2.718756231618909,-132.90086662874884
323.21717648044586,-56.099284740455936,32.939954586689105,0.2084121781447814,-2.719376306958542,-132.86948027757327
323.2089091869283,-56.10818506580168,32.93432186407053,0.20809759521793114,-2.7199963603325172,-132.83809392639753
323.20063814070494,-56.11708486316968,32.92868914145195,0.2077826843279329,-2.720616391661733,-132.80670757522194
323.19236333896,-56.125984132121275,32.923056418833376,0.20746744521848703,-2.721236400866938,-132.77532122404622
323.18408477887505,-56.13488287221749,32.917423696214804,0.20715187763307874,-2.721856387868733,-132.74393487287048
323.17580245762946,-56.14378108301891,32.911790973596226,0.20683598131496805,-2.7224763525875697,-132.71254852169486
323.1675163723999,-56.152678764085564,32.90615825097765,0.20651975600719008,-2.723096294943753,-132.6811621705192
323.15922652036073,-56.161575914977234,32.900525528359076,0.2062032014525612,-2.723716214857431,-132.64977581934338
323.1509328986839,-56.17047253525307,32.894892805740504,0.20588631739367935,-2.7243361122486096,-132.61838946816786
323.14263550453865,-56.179368624472,32.88926008312192,0.20556910357291325,-2.7249559870371405,-132.5870031169921
323.1343343350921,-56.188264182192306,32.88362736050335,0.20525155973241627,-2.7255758391427234,-132.55561676581644
323.1260293875086,-56.19715920797206,32.87799463788476,0.20493368561411218,-2.7261956684849133,-132.5242304146407
323.11772065895025,-56.20605370136867,32.8723619152662,0.20461548095970739,-2.726815474983107,-132.4928440634651
323.1094081465765,-56.214947661939334,32.86672919264761,0.2042969455106809,-2.727435258556556,-132.46145771228942
323.10109184754464,-56.22384108924058,32.86109647002904,0.20397807900829412,-2.7280550191243558,-132.43007136111368
323.092771759009,-56.23273398282872,32.85546374741046,0.2036588811935789,-2.7286747566054537,-132.39868500993808
323.08444787812186,-56.24162634225955,32.84983102479189,0.20333935180735008,-2.7292944709186413,-132.36729865876237
323.07612020203277,-56.25051816708834,32.84419830217331,0.20301949059019275,-2.729914161982563,-132.33591230758663
323.0677887278889,-56.25940945687009,32.83856557955473,0.2026992972824686,-2.730533829715703,-132.30452595641103
323.0594534528351,-56.26830021115916,32.83293285693616,0.20237877162432305,-2.731153474036401,-132.27313960523537
323.05111437401337,-56.277190429509716,32.82730013431758,0.20205791335566525,-2.7317730948628394,-132.24175325405963
323.0427714885635,-56.28608011147523,32.82166741169901,0.2017367222161912,-2.732392692113044,-132.2103669028839
323.03442479362275,-56.29496925660891,32.81603468908043,0.20141519794536356,-2.733012265704896,-132.17898055170835
323.0260742863257,-56.303857864463545,32.81040196646186,0.20109334028242354,-2.733631815556113,-132.14759420053258
323.0177199638047,-56.312745934591305,32.804769243843275,0.20077114896638926,-2.7342513415842644,-132.11620784935687
323.0093618231894,-56.321633466544114,32.79913652122471,0.20044862373604655,-2.7348708437067626,-132.0848214981813
323.00099986160717,-56.33052045987328,32.793503798606125,0.20012576432996787,-2.7354903218408673,-132.05343514700564
322.9926340761826,-56.339406914129874,32.78787107598756,0.19980257048648453,-2.73610977590368,-132.0220487958299
322.9842644640379,-56.348292828864295,32.78223835336898,0.1994790419437158,-2.736729205812151,-131.99066244465425
322.97589102229296,-56.357178203626674,32.77660563075041,0.19915517843954889,-2.737348611483071,-131.95927609347862
322.9675137480648,-56.36606303796668,32.77097290813183,0.19883097971164276,-2.7379679928330782,-131.92788974230294
322.9591326384683,-56.3749473314334,32.76534018551325,0.1985064454974359,-2.7385873497786526,-131.89650339112725
322.95074769061546,-56.38383108357569,32.75970746289467,0.19818157553413074,-2.7392066822361203,-131.86511703995149
322.9423589016161,-56.39271429394175,32.7540747402761,0.1978563695587141,-2.7398259901216457,-131.83373068877592
322.9339662685772,-56.401596962079516,32.74844201765752,0.1975308273079346,-2.740445273351244,-131.8023443376002
322.9255697886036,-56.41047908753632,32.742809295038946,0.19720494851832582,-2.741064531840766,-131.77095798642446
322.9171694587973,-56.419360669859124,32.737176572420374,0.19687873292618407,-2.741683765505908,-131.73957163524884
322.9087652762578,-56.42824170859456,32.7315438498018,0.19655218026757648,-2.7423029742622096,-131.7081852840732
322.9003572380823,-56.43712220328856,32.72591112718322,0.19622529027835744,-2.742922158025052,-131.67679893289744
322.8919453413653,-56.44600215348684,32.72027840456464,0.1958980626941358,-2.7435413167096554,-131.64541258172184
322.88352958319865,-56.454881558734485,32.71464568194606,0.1955704972503003,-2.744160450231086,-131.6140262305461
322.875109960672,-56.46376041857633,32.70901295932749,0.19524259368201147,-2.744779558504247,-131.58263987937042
322.8666864708722,-56.472638732556526,32.70338023670891,0.19491435172420446,-2.745398641443885,-131.55125352819476
322.8582591108836,-56.481516500218966,32.697747514090345,0.19458577111157216,-2.7460176989645855,-131.51986717701917
322.84982787778796,-56.49039372110707,32.69211479147176,0.1942568515785934,-2.7466367309807773,-131.48848082584345
322.8413927686648,-56.49927039476368,32.68648206885318,0.193927592859513,-2.747255737406725,-131.45709447466777
322.8329537805906,-56.508146520731344,32.68084934623461,0.1935979946883415,-2.7478747181565364,-131.42570812349194
322.8245109106398,-56.51702209855199,32.67521662361604,0.19326805679886627,-2.748493673144157,-131.39432177231637
322.81606415588385,-56.52589712776731,32.66958390099745,0.19293777892464248,-2.749112602283375,-131.36293542114066
322.80761351339197,-56.53477160791829,32.66395117837889,0.1926071607989952,-2.7497315054878104,-131.331549069965
322.79915898023063,-56.543645538545675,32.658318455760316,0.19227620215501595,-2.7503503826709297,-131.3001627187893
322.7907005534638,-56.55251891918971,32.65268573314174,0.19194490272557574,-2.7509692337460327,-131.2687763676136
322.78223823015304,-56.56139174939003,32.64705301052315,0.19161326224330555,-2.7515880586262593,-131.2373900164381
322.77377200735697,-56.57026402868609,32.64142028790457,0.19128128044060544,-2.752206857224587,-131.2060036652623
322.76530188213206,-56.57913575661659,32.635787565286,0.1909489570496521,-2.752825629453829,-131.17461731408662
322.75682785153197,-56.58800693272005,32.63015484266742,0.19061629180238526,-2.75344437522664,-131.143230962911
322.7483499126078,-56.596877556534274,32.62452212004886,0.19028328443051157,-2.754063094455508,-131.11184461173536
322.7398680624082,-56.60574762759686,32.61888939743027,0.18994993466551557,-2.7546817870527596,-131.08045826055962
322.73138229797917,-56.61461714544472,32.6132566748117,0.18961624223864026,-2.755300452930554,-131.049071909384
322.72289261636405,-56.623486109614525,32.607623952193116,0.18928220688089858,-2.7559190920008927,-131.0176855582082
322.71439901460377,-56.63235451964226,32.60199122957455,0.18894782832307744,-2.756537704175607,-130.98629920703257
322.70590148973656,-56.641222375063634,32.59635850695597,0.1886131062957217,-2.7571562893663697,-130.954912855857
322.69740003879804,-56.65008967541389,32.590725784337394,0.1882780405291522,-2.757774847484684,-130.92352650468118
322.6888946588214,-56.658956420227604,32.58509306171882,0.1879426307534522,-2.7583933784418897,-130.89214015350566
322.68038534683706,-56.667822609039206,32.579460339100244,0.1876068766984731,-2.7590118821491627,-130.86075380232987
322.671872099873,-56.67668824138235,32.57382761648166,0.18727077809383763,-2.7596303585175104,-130.82936745115416
322.6633549149544,-56.68555331679049,32.568194893863094,0.18693433466892828,-2.760248807457774,-130.7979810999786
322.65483378910415,-56.69441783479641,32.56256217124452,0.18659754615289437,-2.760867228880635,-130.76659474880287
322.6463087193423,-56.70328179493258,32.556929448625944,0.1862604122746594,-2.7614856226966,-130.73520839762722
322.6377797026862,-56.71214519673097,32.55129672600736,0.18592293276290062,-2.7621039888160155,-130.70382204645153
322.629246736151,-56.721008039723024,32.545664003388794,0.18558510734607636,-2.762722327149056,-130.6724356952758
322.6207098167488,-56.729870323439805,32.54003128077021,0.1852469357523947,-2.763340637605732,-130.64104934410008
322.6121689414895,-56.73873204741181,32.534398558151636,0.18490841770984479,-2.763958920095883,-130.60966299292446
322.60362410737997,-56.74759321116921,32.52876583553306,0.18456955294616573,-2.764577174529185,-130.57827664174877
322.5950753114248,-56.75645381424156,32.52313311291448,0.18423034118887327,-2.765195400815142,-130.54689029057306
322.5865225506259,-56.76531385615804,32.5175003902959,0.18389078216524513,-2.765813598863091,-130.51550393939743
322.5779658219823,-56.7741733364474,32.511867667677336,0.1835508756023161,-2.7664317685821995,-130.4841175882218
322.5694051224908,-56.78303225463779,32.506234945058765,0.18321062122690202,-2.7670499098814667,-130.45273123704604
322.5608404491453,-56.79189061025703,32.500602222440186,0.18287001876556253,-2.7676680226697252,-130.42134488587038
322.5522717989372,-56.80074840283232,32.4949694998216,0.1825290679446383,-2.7682861068556326,-130.38995853469476
322.5436991688552,-56.8096056318906,32.489336777203036,0.1821877684902249,-2.7689041623476762,-130.35857218351902
322.53512255588544,-56.818462296958096,32.48370405458446,0.18184612012818757,-2.769522189054177,-130.32718583234336
322.5265419570113,-56.82731839756075,32.47807133196587,0.18150412258414672,-2.7701401868832867,-130.2957994811677
322.5179573692137,-56.836173933223996,32.47243860934731,0.1811617755834929,-2.7707581557429806,-130.26441312999202
322.50936878947084,-56.845028903472695,32.46680588672872,0.18081907885137838,-2.771376095541066,-130.2330267788163
322.5007762147582,-56.85388330783141,32.46117316411015,0.18047603211271723,-2.7719940061851798,-130.20164042764068
322.49217964204877,-56.86273714582401,32.45554044149158,0.1801326350921859,-2.7726118875827823,-130.17025407646491
322.48357906831274,-56.871590416974136,32.449907718873,0.17978888751422395,-2.773229739641168,-130.1388677252892
322.4749744905178,-56.8804431208047,32.44427499625442,0.1794447891030384,-2.7738475622674557,-130.10748137411363
322.4663659056289,-56.889295256838366,32.43864227363584,0.17910033958258698,-2.7744653553685903,-130.076095022938
322.45775331060827,-56.89814682459726,32.433009551017264,0.17875553867659777,-2.7750831188513465,-130.04470867176227
322.4491367024157,-56.90699782360289,32.42737682839869,0.17841038610855975,-2.7757008526223244,-130.01332232058664
322.44051607800805,-56.91584825337652,32.421744105780114,0.17806488160172207,-2.7763185565879493,-129.9819359694108
322.4318914343398,-56.92469811343869,32.41611138316154,0.17771902487909386,-2.7769362306544765,-129.95054961823521
322.42326276836246,-56.93354740330969,32.41047866054297,0.17737281566344665,-2.77755387472798,-129.91916326705964
322.4146300770252,-56.94239612250917,32.40484593792439,0.17702625367731661,-2.7781714887143685,-129.8877769158838
322.40599335727427,-56.95124427055643,32.399213215305814,0.1766793386429939,-2.778789072519369,-129.85639056470825
322.3973526060534,-56.96009184697013,32.39358049268724,0.1763320702825335,-2.779406626048535,-129.82500421353257
322.38870782030347,-56.96893885126867,32.38794777006866,0.1759844483177464,-2.7800241492072466,-129.79361786235688
322.380058996963,-56.97778528296972,32.382315047450085,0.17563647247021308,-2.7806416419007065,-129.76223151118114
322.3714061329675,-56.98663114159064,32.376682324831506,0.17528814246126356,-2.7812591040339396,-129.73084516000554
322.36274922525,-56.99547642664833,32.37104960221294,0.17493945801199362,-2.7818765355117976,-129.69945880882983
322.3540882707407,-57.00432113765904,32.36541687959436,0.17459041884325388,-2.782493936238955,-129.66807245765412
322.3454232663673,-57.013165274138736,32.359784156975785,0.17424102467565916,-2.783111306119908,-129.63668610647852
322.3367542090546,-57.02200883560271,32.354151434357206,0.17389127522958248,-2.7837286450589764,-129.60529975530284
322.32808109572494,-57.03085182156597,32.34851871173863,0.17354117022514992,-2.784345952960303,-129.57391340412707
322.31940392329784,-57.03969423154283,32.342885989120056,0.17319070938225756,-2.7849632297278504,-129.5425270529514
322.31072268869,-57.048536065047294,32.33725326650148,0.17283989242054854,-2.7855804752654083,-129.51114070177576
322.3020373888158,-57.057377321592824,32.331620543882906,0.17248871905943264,-2.786197689476577,-129.47975435060013
322.2933480205864,-57.06621800069233,32.32598782126433,0.1721371890180694,-2.7868148722647916,-129.4483679994244
322.2846545809107,-57.07505810185835,32.32035509864575,0.17178530201538522,-2.7874320235333014,-129.41698164824868
322.2759570666947,-57.08389762460281,32.31472237602718,0.17143305777005846,-2.7880491431851717,-129.38559529707305
322.2672554748416,-57.09273656843731,32.309089653408606,0.1710804560005239,-2.7886662311232966,-129.35420894589737
322.2585498022523,-57.101574932872744,32.30345693079002,0.17072749642498342,-2.7892832872503877,-129.32282259472174
322.24984004582444,-57.110412717419734,32.29782420817144,0.17037417876138505,-2.7899003114689727,-129.29143624354603
322.2411262024533,-57.119249921588334,32.29219148555287,0.17002050272743463,-2.790517303681399,-129.26004989237035
322.2324082690313,-57.12808654488801,32.2865587629343,0.16966646804059926,-2.7911342637898375,-129.2286635411947
322.2236862424482,-57.13692258682792,32.28092604031572,0.16931207441810447,-2.791751191696274,-129.197277190019
322.2149601195912,-57.14575804691653,32.27529331769715,0.16895732157692844,-2.792368087302514,-129.16589083884327
322.20622989734426,-57.15459292466203,32.26966059507856,0.16860220923379843,-2.7929849505101823,-129.1345044876676
322.1974955725893,-57.16342721957189,32.26402787245999,0.1682467371052121,-2.7936017812207177,-129.10311813649193
322.1887571422049,-57.172260931153275,32.25839514984141,0.16789090490741287,-2.7942185793353786,-129.07173178531636
