galstreams/tracks/track.st.Sylgr.ibata2021.ecsv
# %ECSV 0.9
# ---
# datatype:
# - {name: ra, unit: deg, datatype: float64}
# - {name: dec, unit: deg, datatype: float64}
# - {name: distance, unit: kpc, datatype: float64}
# - {name: pm_ra_cosdec, unit: mas / yr, datatype: float64}
# - {name: pm_dec, unit: mas / yr, datatype: float64}
# - {name: radial_velocity, unit: km / s, datatype: float64}
# delimiter: ','
# meta: !!omap
# - __serialized_columns__:
#     dec:
#       __class__: astropy.coordinates.angles.Latitude
#       unit: &id001 !astropy.units.Unit {unit: deg}
#       value: !astropy.table.SerializedColumn {name: dec}
#     distance:
#       __class__: astropy.coordinates.distances.Distance
#       unit: !astropy.units.Unit {unit: kpc}
#       value: !astropy.table.SerializedColumn {name: distance}
#     pm_dec:
#       __class__: astropy.units.quantity.Quantity
#       unit: !astropy.units.Unit {unit: mas / yr}
#       value: !astropy.table.SerializedColumn {name: pm_dec}
#     pm_ra_cosdec:
#       __class__: astropy.units.quantity.Quantity
#       unit: !astropy.units.Unit {unit: mas / yr}
#       value: !astropy.table.SerializedColumn {name: pm_ra_cosdec}
#     ra:
#       __class__: astropy.coordinates.angles.Longitude
#       unit: *id001
#       value: !astropy.table.SerializedColumn {name: ra}
#       wrap_angle: !astropy.coordinates.Angle
#         unit: *id001
#         value: 360.0
#     radial_velocity:
#       __class__: astropy.units.quantity.Quantity
#       unit: !astropy.units.Unit {unit: km / s}
#       value: !astropy.table.SerializedColumn {name: radial_velocity}
# schema: astropy-2.0
ra,dec,distance,pm_ra_cosdec,pm_dec,radial_velocity
[from data line 679]
170.6565522352907,-6.983599040780428,2.914429214620748,-19.937924540700372,-19.133538996647655,8.420767129872338e-15
170.66497050475337,-6.977941662180123,2.9150385202444236,-19.931262604450993,-19.12701831122437,2.1472956181174462e-13
170.6733898095875,-6.972286572665263,2.915647525751219,-19.92460305366923,-19.12049954027216,2.98937233110468e-13
170.68181014782698,-6.966633767960812,2.9162562327654014,-19.917945887863468,-19.113982680571297,2.610437810260425e-13
170.69023151751432,-6.96098324380907,2.916864642915091,-19.911291106530875,-19.107467728895845,2.8630608241565947e-13
170.69865391670024,-6.955334995969734,2.91747275783226,-19.90463870915739,-19.100954682013725,-2.5262301389617013e-14
170.70707735191374,-6.949689036932711,2.918080577126425,-19.897988708772154,-19.094443552865798,1.1789073981821273e-13
170.71550182006635,-6.944045360209312,2.9186881027367724,-19.891341103049466,-19.087934336011458,1.3894265764289357e-13
170.72392731186096,-6.938403947061588,2.91929533807784,-19.884695879659876,-19.08142701411869,4.210383564936169e-15
170.73235382538246,-6.932764793319046,2.9199022847970206,-19.878053038044385,-19.07492158393075,3.368306851948935e-14
170.74078135872423,-6.927127894828505,2.920508944545495,-19.871412577633034,-19.06841804218502,1.1368035625327657e-13
170.74920990998788,-6.92149324745391,2.921115318978245,-19.864774497844763,-19.061916385612808,2.2315032894161697e-13
170.75763947728336,-6.915860847076418,2.921721409754045,-19.858138798087335,-19.055416610939208,2.8630608241565947e-13
170.76607005872913,-6.910230689594312,2.9223272185354277,-19.851505477757716,-19.04891871488362,-8.841805486365955e-14
170.77450165245187,-6.904602770922964,2.9229327469887174,-19.84487453624161,-19.04242269415914,1.8525687685719145e-13
170.78293425658669,-6.898977086994849,2.923537996783977,-19.838245972913956,-19.035928545473183,5.0524602779234026e-14
170.79136786927683,-6.893353633759536,2.9241429695950325,-19.831619787138635,-19.029436265527046,5.4734986344170195e-14
170.799802488674,-6.8877324071835915,2.9247476670994526,-19.82499597826853,-19.02294585101618,1.515738083377021e-13
170.80823811293826,-6.882113403250584,2.9253520909785387,-19.81837454564568,-19.01645729863008,-2.5262301389617013e-14
170.8166747402377,-6.876496617961131,2.9259562429173163,-19.81175548860117,-19.009970605052406,1.6841534259744676e-14
170.82511236874888,-6.870882047332741,2.9265601246045354,-19.805138806455215,-19.003485766960907,5.894536990910637e-14
170.83355099665658,-6.865269687399869,2.9271637377326534,-19.79852449851712,-18.997002781027472,1.1368035625327657e-13
170.8419906221539,-6.8596595342138675,2.9277670839978276,-19.791912564085383,-18.990521643918203,1.9788802755199994e-13
170.8504312434419,-6.854051583843054,2.92837016509991,-19.78530300244765,-18.984042352293365,1.9788802755199994e-13
170.85887285873017,-6.848445832372496,2.9289729827424384,-19.778695812880734,-18.9775649028074,1.6841534259744677e-13
170.86731546623642,-6.842842275904106,2.9295755386326254,-19.772090994650682,-18.971089292109045,2.315710960714893e-13
170.8757590641864,-6.837240910556653,2.930177834481357,-19.765488547012723,-18.964615516841164,1.8525687685719145e-13
170.88420365081427,-6.831641732465647,2.9307798720031757,-19.758888469211335,-18.958143573640932,2.6525416459097863e-13
170.89264922436223,-6.826044737783353,2.931381652916272,-19.75229076048035,-18.951673459139908,1.4736342477276593e-13
170.9010957830807,-6.820449922678731,2.9319831789424864,-19.745695420042743,-18.94520516996379,9.683882199353189e-14
170.90954332522819,-6.814857283337487,2.9325844518073008,-19.739102447110767,-18.938738702732554,1.3052189051302125e-13
170.91799184907137,-6.8092668159619905,2.933185473239804,-19.73251184088619,-18.93227405406076,8.841805486365955e-14
170.92644135288515,-6.803678516771201,2.9337862449727226,-19.725923600559927,-18.925811220557073,6.73661370389787e-14
170.9348918349523,-6.798092382000792,2.9343867687423892,-19.719337725312258,-18.91935019882458,-2.947268495455318e-14
170.94334329356397,-6.792508407902962,2.9349870462887315,-19.71275421431295,-18.912890985460834,1.3894265764289357e-13
170.95179572701923,-6.786926590746508,2.9355870793552734,-19.70617306672111,-18.90643357705777,1.768361097273191e-13
170.9602491336253,-6.781346926816705,2.9361868696891302,-19.699594281685194,-18.899977970201686,1.3894265764289357e-13
170.96870351169738,-6.775769412415451,2.9367864190409896,-19.693017858343136,-18.893524161473373,9.262843842859572e-14
170.97715885955887,-6.770194043861076,2.9373857291651064,-19.68644379582233,-18.887072147448087,-5.894536990910637e-14
170.98561517554106,-6.764620817488346,2.937984801819305,-19.67987209323957,-18.880621924695497,-8.420767129872338e-14
170.99407245798338,-6.759049729648475,2.9385836387649533,-19.6733027497012,-18.874173489779828,1.0525958912340423e-13
171.0025307052332,-6.753480776709175,2.9391822417669595,-19.66673576430308,-18.86772683925987,1.6841534259744677e-13
171.01098991564592,-6.7479139550544405,2.939780612593779,-19.66017113613054,-18.861281969688857,1.7262572616238293e-13
171.01945008758506,-6.74234926108463,2.940378753017388,-19.65360886425844,-18.854838877614615,1.642049590325106e-13
171.02791121942184,-6.7367866912165155,2.9409766648132836,-19.64704894775124,-18.848397559579507,2.5262301389617017e-13
171.03637330953572,-6.731226241883103,2.9415743497604705,-19.640491385662983,-18.84195801212058,2.568333974611063e-13
171.044836356314,-6.725667909533722,2.9421718096414553,-19.63393617703731,-18.835520231769436,1.8525687685719145e-13
171.05330035815197,-6.720111690633885,2.9427690462422462,-19.627383320907377,-18.829084215052234,1.221011233831489e-13
171.06176531345275,-6.714557581665434,2.943366061352332,-19.620832816296108,-18.822649958489883,7.157652060391487e-14
171.0702312206275,-6.709005579126361,2.9439628567646743,-19.61428466221601,-18.816217458597944,1.6841534259744676e-14
171.07869807809533,-6.703455679530794,2.944559434275715,-19.607738857669226,-18.80978671188657,7.999728773378721e-14
171.087165884283,-6.697907879409119,2.9451557956853462,-19.601195401647693,-18.803357714860734,1.4736342477276593e-13
171.09563463762544,-6.692362175307757,2.945751942796919,-19.594654293132958,-18.79693046402008,2.020984111169361e-13
171.1041043365653,-6.686818563789245,2.946347877417225,-19.588115531096342,-18.790504955858978,1.1368035625327657e-13
171.11257497955322,-6.681277041432184,2.946943601356493,-19.581579114498904,-18.784081186866604,7.578690416885104e-14
171.12104656504744,-6.675737604831289,2.947539116428379,-19.57504504229145,-18.777659153526873,9.262843842859572e-14
171.12951909151428,-6.6702002505972064,2.9481344244499614,-19.56851331341458,-18.77123885231848,1.6841534259744676e-14
171.13799255742785,-6.664664975356586,2.948729527241728,-19.561983926798653,-18.764820279714954,8.420767129872338e-14
171.1464669612699,-6.659131775752145,2.9493244266275607,-19.555456881363977,-18.758403432184746,8.420767129872338e-14
171.15494230153024,-6.653600648442418,2.949919124434752,-19.548932176020486,-18.751988306190967,-2.1051917824680846e-14
171.16341857670622,-6.648071590101917,2.950513622493969,-19.542409809668147,-18.74557489819175,1.1368035625327657e-13
171.17189578530326,-6.6425445974210096,2.9511079226392587,-19.53588978119673,-18.739163204640114,1.3052189051302125e-13
171.18037392583417,-6.637019667106002,2.9517020267080327,-19.52937208948594,-18.732753221983945,4.210383564936169e-14
171.1888529968198,-6.631496795878957,2.9522959365410792,-19.522856733405284,-18.726344946666018,4.210383564936169e-15
171.19733299678867,-6.625975980477787,2.9528896539825182,-19.51634371181437,-18.719938375124176,1.0946997268834039e-13
171.20581392427707,-6.620457217656114,2.9534831808798363,-19.50983302356252,-18.713533503791048,1.0525958912340423e-13
171.21429577782882,-6.614940504183452,2.9540765190838396,-19.503324667489235,-18.7071303290944,2.442022467662978e-13
171.22277855599563,-6.6094258368449745,2.954669670448665,-19.49681864242395,-18.700728847456997,2.442022467662978e-13
171.23126225733697,-6.603913212441522,2.9552626368317703,-19.490314947186054,-18.694329055296574,1.1368035625327657e-13
171.23974688041966,-6.598402627789701,2.9558554200939358,-19.483813580584897,-18.68793094902581,1.894672604221276e-13
171.24823242381854,-6.592894079721721,2.9564480220992193,-19.477314541420096,-18.681534525052722,5.4734986344170195e-14
171.25671888611592,-6.58738756508541,2.957040444714998,-19.470817828481035,-18.6751397797801,1.1789073981821273e-13
171.26520626590192,-6.581883080744191,2.9576326898119247,-19.464323440547368,-18.66874670960599,-6.73661370389787e-14
171.27369456177397,-6.576380623577134,2.9582247592639304,-19.457831376388782,-18.662355310923555,1.0946997268834039e-13
171.28218377233745,-6.570880190478794,2.958816654948216,-19.45134163476509,-18.655965580121062,1.3052189051302125e-13
171.29067389620525,-6.565381778359235,2.959408378745246,-19.444854214426222,-18.649577513581914,9.262843842859572e-14
171.29916493199775,-6.559885384144114,2.959999932538727,-19.43836911411233,-18.643191107684835,-1.0104920555846805e-13
171.30765687834298,-6.554391004774414,2.9605913182156356,-19.43188633255353,-18.636806358803412,5.4734986344170195e-14
171.3161497338766,-6.548898637206687,2.9611825376661614,-19.425405868470296,-18.63042326330673,2.9051646598059566e-13
171.3246434972419,-6.543408278412825,2.9617735927837234,-19.41892772057336,-18.624041817559124,1.768361097273191e-13
171.33313816708943,-6.537919925380214,2.9623644854649682,-19.41245188756357,-18.61766201792004,4.210383564936169e-15
171.3416337420775,-6.532433575111438,2.9629552176097658,-19.40597836813185,-18.611283860744084,1.347322740779574e-13
171.35013022087196,-6.526949224624583,2.963545791121155,-19.399507160959793,-18.604907342381512,2.73674931720851e-13
171.358627602146,-6.521466870952988,2.964136207905402,-19.39303826471895,-18.598532459177576,1.6841534259744677e-13
171.36712588458045,-6.5159865111452495,2.9647264698719478,-19.38657167807118,-18.592159207472907,3.789345208442552e-14
171.37562506686362,-6.510508142265265,2.965316578933406,-19.38010739966883,-18.58578758360361,-1.2631150694808506e-14
171.38412515644504,-6.505031778625269,2.965906535794332,-19.373645443516097,-18.579417600464136,8.420767129872338e-14
171.39262614817193,-6.49955740972741,2.9664963429434654,-19.367185801508718,-18.5730492470625,7.999728773378721e-14
171.40112803581616,-6.4940850229579965,2.967086002994401,-19.360728463608456,-18.566682510370146,1.515738083377021e-13
171.40963081809616,-6.4886146154423265,2.9676755178724927,-19.354273428428577,-18.560317386704487,2.2736071250655313e-13
171.41813449373782,-6.483146184320805,2.9682648895062176,-19.34782069457295,-18.553953872378575,4.210383564936169e-14
171.4266390614743,-6.477679726748991,2.9688541198271987,-19.341370260635653,-18.547591963700658,1.6841534259744677e-13
171.43514452004635,-6.4722152398974755,2.9694432107701707,-19.33492212520127,-18.541231656974585,1.0104920555846805e-13
171.443650868202,-6.466752720951892,2.9700321642729763,-19.328476286844886,-18.534872948499718,8.420767129872338e-14
171.45215810469665,-6.461292167112936,2.9706209822765723,-19.322032744131977,-18.528515834570857,1.9367764398706378e-13
171.46066622829304,-6.455833575596282,2.971209666724996,-19.31559149561861,-18.522160311478444,1.4736342477276593e-13
171.46917523776145,-6.450376943632568,2.9717982195653754,-19.309152539851336,-18.51580637550847,-4.210383564936169e-15
171.4776851318793,-6.44492226846734,2.972386642747927,-19.302715875367177,-18.509454022942347,1.642049590325106e-13
171.48619590943133,-6.43946954736118,2.9729749382259243,-19.296281500693752,-18.503103250057247,2.5262301389617013e-14
171.49470756920974,-6.434018777589443,2.9735631079557083,-19.28984941434925,-18.496754053125887,-4.210383564936169e-15
171.50322011001398,-6.428569956442387,2.97415115389667,-19.283419614842437,-18.49040642841664,1.1368035625327657e-13
171.51173353065073,-6.423123081225162,2.974739078011247,-19.276992100672707,-18.484060372193525,6.73661370389787e-14
171.520247829934,-6.417678149257652,2.975326882264915,-19.270566870330022,-18.477715880716215,-1.2631150694808506e-14
171.52876300668504,-6.412235157874586,2.9759145686261728,-19.264143922295027,-18.471372950240095,1.1789073981821273e-13
171.53727905973244,-6.406794104425408,2.9765021390665445,-19.257723255039004,-18.465031577016244,1.3052189051302125e-13
171.5457959879119,-6.401354986274357,2.9770895955605594,-19.251304867023958,-18.45869175729152,0.0
171.55431379006643,-6.39591780080035,2.9776769400857592,-19.24488875670249,-18.452353487308425,1.3894265764289357e-13
171.56283246504628,-6.390482545396925,2.9782641746226735,-19.23847492251797,-18.446016763305305,1.9788802755199994e-13
171.5713520117088,-6.38504921747241,2.9788513011548163,-19.232063362904565,-18.439681581516336,1.9788802755199994e-13
171.57987242891863,-6.379617814449674,2.979438321668685,-19.225654076287096,-18.43334793817143,3.789345208442552e-14
171.58839371554757,-6.374188333766188,2.980025238153749,-19.219247061081113,-18.427015829496273,3.368306851948935e-14
171.59691587047467,-6.368760772874001,2.980612052602433,-19.212842315693056,-18.42068525171253,8.841805486365955e-14
171.6054388925859,-6.363335129239797,2.981198767010116,-19.20643983852014,-18.414356201037673,5.0524602779234026e-14
171.61396278077464,-6.35791140034468,2.9817853833751298,-19.200039627950332,-18.408028673684985,1.515738083377021e-13
171.62248753394127,-6.352489583684275,2.9823719036987306,-19.19364168236254,-18.401702665863795,1.1789073981821273e-13
171.63101315099325,-6.34706967676875,2.982958329985113,-19.18724600012642,-18.395378173779214,-8.420767129872338e-15
171.6395396308452,-6.341651677122633,2.983544664241392,-19.18085257960251,-18.389055193632334,1.7262572616238293e-13
171.64806697241892,-6.336235582284937,2.9841309084775807,-19.174461419142386,-18.38273372162033,8.420767129872338e-14
171.65659517464323,-6.330821389808998,2.9847170647066097,-19.16807251708838,-18.37641375393621,1.221011233831489e-13
171.6651242364539,-6.325409097262611,2.985303134944304,-19.161685871773752,-18.370095286768997,1.347322740779574e-13
171.6736541567939,-6.319998702227857,2.9858891212093672,-19.155301481522812,-18.36377831630383,1.4736342477276593e-13
171.6821849346133,-6.314590202301117,2.986475025523385,-19.14891934465076,-18.35746283872182,2.1051917824680846e-14
171.69071656886902,-6.3091835950931205,2.987060849910821,-19.142539459463716,-18.351148850200072,-1.2631150694808506e-14
171.69924905852508,-6.303778878228813,2.987646596398987,-19.13616182425894,-18.34483634691191,1.6841534259744676e-14
171.70778240255262,-6.298376049347396,2.988232267018056,-19.12978643732462,-18.3385253250267,3.368306851948935e-14
171.71631659992966,-6.292975106102222,2.9888178638010507,-19.123413296939926,-18.332215780709824,1.2631150694808508e-13
171.72485164964115,-6.287576046160954,2.989403388783822,-19.117042401375212,-18.325907710122948,1.3894265764289357e-13
171.7333875506792,-6.282178867205325,2.9899888440050546,-19.110673748891813,-18.319601109423843,6.73661370389787e-14
171.7419243020427,-6.276783566931207,2.9905742315062502,-19.10430733774214,-18.3132959747664,2.73674931720851e-13
171.7504619027376,-6.271390143048561,2.9911595533317206,-19.097943166169795,-18.30699230230084,1.9788802755199994e-13
171.75900035177676,-6.2659985932815,2.991744811528592,-19.091581232409396,-18.300690088173432,-3.368306851948935e-14
171.7675396481799,-6.2606089153681275,2.992330008146778,-19.085221534686745,-18.294389328526755,4.210383564936169e-15
171.7760797909738,-6.255221107060553,2.9929151452389786,-19.078864071218803,-18.28809001949967,8.420767129872338e-14
171.7846207791919,-6.249835166124975,2.993500224860674,-19.072508840213732,-18.281792157227287,7.999728773378721e-14
171.79316261187478,-6.244451090341509,2.994085249070115,-19.066155839870845,-18.275495737841002,1.6841534259744677e-13
