galstreams/tracks/track.st.NGC6101.ibata2021.ecsv
# %ECSV 0.9
# ---
# datatype:
# - {name: ra, unit: deg, datatype: float64}
# - {name: dec, unit: deg, datatype: float64}
# - {name: distance, unit: kpc, datatype: float64}
# - {name: pm_ra_cosdec, unit: mas / yr, datatype: float64}
# - {name: pm_dec, unit: mas / yr, datatype: float64}
# - {name: radial_velocity, unit: km / s, datatype: float64}
# delimiter: ','
# meta: !!omap
# - __serialized_columns__:
#     dec:
#       __class__: astropy.coordinates.angles.Latitude
#       unit: &id001 !astropy.units.Unit {unit: deg}
#       value: !astropy.table.SerializedColumn {name: dec}
#     distance:
#       __class__: astropy.coordinates.distances.Distance
#       unit: !astropy.units.Unit {unit: kpc}
#       value: !astropy.table.SerializedColumn {name: distance}
#     pm_dec:
#       __class__: astropy.units.quantity.Quantity
#       unit: !astropy.units.Unit {unit: mas / yr}
#       value: !astropy.table.SerializedColumn {name: pm_dec}
#     pm_ra_cosdec:
#       __class__: astropy.units.quantity.Quantity
#       unit: !astropy.units.Unit {unit: mas / yr}
#       value: !astropy.table.SerializedColumn {name: pm_ra_cosdec}
#     ra:
#       __class__: astropy.coordinates.angles.Longitude
#       unit: *id001
#       value: !astropy.table.SerializedColumn {name: ra}
#       wrap_angle: !astropy.coordinates.Angle
#         unit: *id001
#         value: 360.0
#     radial_velocity:
#       __class__: astropy.units.quantity.Quantity
#       unit: !astropy.units.Unit {unit: km / s}
#       value: !astropy.table.SerializedColumn {name: radial_velocity}
# schema: astropy-2.0
ra,dec,distance,pm_ra_cosdec,pm_dec,radial_velocity
[from data line 673]
261.6260937760644,-69.6875662002037,14.486846816810862,1.6060609042812883,0.18540353162594927,-1.3683746586042549e-14
261.6508904243617,-69.68244880017551,14.48618998068573,1.6061545820900829,0.1869568982054563,-2.315710960714893e-14
261.6756787775555,-69.67732987938457,14.485548878154862,1.6062486593494243,0.1885075385723464,7.368171238638296e-15
261.70045883850736,-69.67220943769736,14.484923582496553,1.6063431440165212,0.1900554279392398,-9.47336302110638e-15
261.72523061007473,-69.66708747498016,14.484314166989073,1.606438044086959,0.19160054152763234,-2.947268495455318e-14
261.74999409511076,-69.66196399109919,14.48372070491072,1.6065333675946427,0.19314285456791666,-2.2104513715914887e-14
261.7747492964644,-69.65683898592042,14.483143269539774,1.6066291226117662,0.1946823422994142,-1.9473023987829782e-14
261.7994962169804,-69.65171245930979,14.48258193415452,1.606725317248758,0.19621897997040713,-6.8418732930212744e-15
261.8242348594992,-69.64658441113303,14.482036772033247,1.606821959654242,0.19775274283816832,-7.894469184255318e-15
261.8489652268572,-69.64145484125584,14.481507856454234,1.6069190580149921,0.1992836061689922,-1.0525958912340423e-14
261.8736873218865,-69.63632374954368,14.48099526069577,1.6070166205558871,0.2008115452382233,-1.842042809659574e-14
261.89840114741514,-69.63119113586194,14.480499058036141,1.6071146555398674,0.20233653533028897,-2.0525619879063826e-14
261.9231067062669,-69.62605700007592,14.480019321753632,1.6072131712678912,0.2038585517387277,-9.999660966723401e-15
261.94780400126126,-69.62092134205072,14.479556125126528,1.6073121760788862,0.20537756976621746,2.1051917824680845e-15
261.9724930352137,-69.61578416165138,14.479109541433111,1.607411678349714,0.2068935647246079,-2.7367493172085098e-14
261.9971738109356,-69.61064545874281,14.478679643951665,1.6075116864951158,0.2084065119349533,-1.3157448640425528e-14
262.021846331234,-69.60550523318977,14.478266505960482,1.607612208967675,0.20991638672753327,-2.1051917824680846e-14
262.0465105989119,-69.60036348485698,14.477870200737842,1.6077132542577703,0.2114231644418918,-9.47336302110638e-15
262.0711666167682,-69.59522021360895,14.477490801562032,1.607814830893533,0.2129268204268593,-3.1577876737021266e-15
262.0958143875975,-69.59007541931017,14.477128381711337,1.6079169474408002,0.21442733004058753,-1.6841534259744676e-14
262.12045391419053,-69.58492910182497,14.476783014464043,1.6080196125030732,0.21592466865057708,-7.368171238638296e-15
262.1450851993337,-69.57978126101757,14.476454773098435,1.6081228347214718,0.2174188116337039,-4.210383564936169e-15
262.1697082458093,-69.57463189675212,14.476143730892797,1.6082266227746906,0.2189097343762529,-5.2629794561702115e-15
262.1943230563957,-69.56948100889267,14.475849961125416,1.6083309853789554,0.2203974122739445,-7.368171238638296e-15
262.21892963386694,-69.56432859730307,14.475573537074569,1.6084359312879775,0.22188182073196283,-1.894672604221276e-14
262.24352798099306,-69.55917466184725,14.475314532018555,1.6085414692929108,0.22336293516498743,-3.4735664410723393e-14
262.2681181005402,-69.55401920238886,14.475073019235653,1.6086476082223065,0.2248407309972214,-1.1578554803574466e-14
262.29269999527,-69.54886221879158,14.474849072004144,1.6087543569420695,0.22631518366241507,-1.473634247727659e-14
262.3172736679405,-69.54370371091895,14.474642763602317,1.6088617243554169,0.22778626860390208,-1.2631150694808506e-14
262.34183912130527,-69.5385436786344,14.474454167308457,1.6089697194028272,0.2292539612746229,-2.7367493172085098e-14
262.36639635811406,-69.5333821218013,14.474283356400846,1.6090783510620035,0.2307182371371573,-2.2104513715914887e-14
262.39094538111254,-69.52821904028293,14.47413040415778,1.6091876283478215,0.23217907166374738,-1.6841534259744676e-14
262.4154861930422,-69.52305443394246,14.473995383857526,1.6092975603122963,0.23363644033633077,2.1051917824680845e-15
262.44001879664063,-69.51788830264303,14.473878368778385,1.6094081560445268,0.23509031864656377,-2.315710960714893e-14
262.46454319464135,-69.51272064624762,14.473779432198635,1.6095194246706575,0.236540682095858,-1.1578554803574466e-14
262.48905938977373,-69.50755146461918,14.473698647396565,1.6096313753538332,0.23798750619539777,-8.420767129872338e-15
262.51356738476335,-69.50238075762059,14.473636087650458,1.6097440172941557,0.23943076646617595,1.0525958912340423e-15
262.5380671823315,-69.49720852511462,14.473591826238595,1.609857359728641,0.24087043843901662,-1.3683746586042549e-14
262.5625587851957,-69.49203476696395,14.473565936439272,1.6099714119311663,0.24230649765460754,-1.473634247727659e-14
262.5870421960694,-69.48685948303128,14.47355849153076,1.6100861832124413,0.243738919663526,-4.210383564936169e-15
262.61151741766184,-69.48168267317912,14.473569564791354,1.610201682919949,0.24516768002626277,1.473634247727659e-14
262.6359844526786,-69.47650433726999,14.473599229499339,1.6103179204379112,0.2465927543132523,-2.8420089063319142e-14
262.6604433038211,-69.4713244751663,14.473647558932994,1.6104349051872395,0.24801411810490798,9.47336302110638e-15
262.6848939737868,-69.46614308673041,14.473714626370613,1.6105526466254945,0.24943174699163068,-2.2104513715914887e-14
262.7093364652692,-69.46096017182464,14.473800505090475,1.6106711542468386,0.25084561657385684,-3.263047262825531e-14
262.73377078095774,-69.45577573031119,14.473905268370864,1.610790437581995,0.25225570246207113,-2.8420089063319142e-14
262.75819692353815,-69.45058976205225,14.474028989490069,1.6109105061982005,0.2536619802768401,-2.947268495455318e-14
262.782614895692,-69.44540226690992,14.474171741726373,1.6110313696991643,0.25506442564883713,-1.1578554803574466e-14
262.80702470009686,-69.44021324474629,14.474333598358065,1.6111530377250205,0.25646301421886797,-9.47336302110638e-15
262.8314263394265,-69.43502269542331,14.474514632663425,1.6112755199522875,0.25785772163790116,-9.47336302110638e-15
262.8558198163508,-69.42983061880295,14.474714917920737,1.6113988260938243,0.2592485235670925,-2.315710960714893e-14
262.8802051335356,-69.42463701474712,14.47493452740829,1.6115229658987817,0.2606353956778126,-2.6314897280851057e-14
262.90458229364276,-69.41944188311764,14.475173534404377,1.6116479491525606,0.2620183136516714,-1.473634247727659e-14
262.9289512993305,-69.41424522377633,14.475432012187266,1.6117737856767724,0.26339725318054696,-6.315575347404253e-15
262.95331215325274,-69.40904703658492,14.475710034035256,1.6119004853291876,0.26477218996660984,-1.0525958912340423e-14
262.9776648580599,-69.40384732140512,14.476007673226622,1.6120280580036974,0.266143099722351,-1.894672604221276e-14
263.00200941639815,-69.39864607809858,14.476325003039657,1.6121565136302645,0.26750995817060913,3.1577876737021266e-15
263.02634583091003,-69.39344330652693,14.476662096752642,1.6122858621748875,0.2688727410445911,-2.2104513715914887e-14
263.0506741042341,-69.38823900655177,14.477019027643868,1.6124161136395447,0.2702314240879062,-3.263047262825531e-14
263.0749942390051,-69.38303317803461,14.477395868991612,1.6125472780621617,0.27158598305458687,-1.0525958912340423e-14
263.0993062378537,-69.37782582083696,14.477792694074166,1.6126793655165614,0.2729363937091129,2.1051917824680845e-15
263.123610103407,-69.37261693482031,14.47820957616981,1.612812386112421,0.274282631826441,-1.6841534259744676e-14
263.14790583828795,-69.36740651984609,14.47864658855683,1.6129463499952281,0.2756246731920316,-2.4209705498382972e-14
263.17219344511597,-69.3621945757757,14.479103804513517,1.613081267346235,0.2769624936018708,-2.1051917824680845e-15
263.1964729265064,-69.35698110247051,14.479581297318148,1.6132171483824196,0.2782960688624957,-1.0525958912340423e-14
263.22074428507074,-69.3517660997919,14.480079140249009,1.6133540033564366,0.27962537479102273,-2.4209705498382972e-14
263.2450075234168,-69.34654956760117,14.480597406584394,1.6134918425565759,0.28095038721517285,-1.894672604221276e-14
263.26926264414845,-69.34133150575963,14.481136169602578,1.6136306763067167,0.28227108197329354,-2.8420089063319142e-14
263.2935096498659,-69.33611191412855,14.481695502581855,1.6137705149662842,0.2835874349143886,-1.0525958912340423e-15
263.31774854316524,-69.3308907925692,14.482275478800505,1.6139113689302107,0.28489942189813633,-1.6841534259744676e-14
263.3419793266391,-69.32566814094282,14.48287617153681,1.6140532486288823,0.28620701879492383,-2.4209705498382972e-14
263.36620200287615,-69.3204439591106,14.48349765406906,1.6141961645281024,0.28751020148586526,-3.1577876737021266e-15
263.39041657446114,-69.3152182469338,14.484139999675541,1.6143401271290438,0.28880894586282724,4.210383564936169e-15
263.4146230439753,-69.30999100427356,14.484803281634534,1.6144851469682082,0.2901032278284559,-7.368171238638296e-15
263.43882141399587,-69.30476223099109,14.485487573224326,1.6146312346173786,0.2913930232961999,-3.368306851948935e-14
263.4630116870964,-69.29953192694751,14.486192947723204,1.6147784006835768,0.2926783081903385,-3.0525280845787224e-14
263.4871938658468,-69.29430009200402,14.48691947840945,1.6149266558090214,0.2939590584460011,1.0525958912340423e-14
263.51136795281286,-69.2890667260218,14.48766723856135,1.615076010671082,0.2952352500091896,-3.368306851948935e-14
263.53553395055695,-69.28383182886192,14.488436301457195,1.6152264759822343,0.2965068588368155,-2.315710960714893e-14
263.5596918616377,-69.27859540038558,14.489226740375258,1.6153780624900198,0.29777386089671054,6.315575347404253e-15
263.5838416886096,-69.27335744045389,14.49003862859384,1.615530780976996,0.299036232167654,-8.420767129872338e-15
263.60798343402394,-69.26811794892804,14.490872039391213,1.6156846422607003,0.3002939486394035,-1.1578554803574466e-14
263.6321171004279,-69.26287692566908,14.491727046045666,1.6158396571935996,0.3015469863127118,-3.1577876737021266e-15
263.656242690365,-69.25763437053823,14.492603721835483,1.6159958366630496,0.3027953211993528,-1.894672604221276e-14
263.6803602063752,-69.2523902833966,14.493502140038956,1.616153191591251,0.3040389293221474,-2.1051917824680846e-14
263.7044696509946,-69.24714466410535,14.494422373934365,1.616311732935203,0.30527778671498507,-8.420767129872338e-15
263.72857102675573,-69.24189751252565,14.495364496799992,1.6164714716866626,0.3065118694228472,8.420767129872338e-15
263.7526643361872,-69.23664882851865,14.496328581914128,1.616632418872101,0.30774115350183123,-1.7894130150978717e-14
263.77674958181416,-69.23139861194555,14.497314702555057,1.6167945855526553,0.30896561501917696,-2.5262301389617013e-14
263.80082676615797,-69.22614686266753,14.49832293200106,1.6169579828240903,0.31018523005328713,-1.0525958912340423e-14
263.8248958917363,-69.2208935805458,14.499353343530423,1.6171226218167503,0.31139997469374897,-1.1578554803574466e-14
263.8489569610631,-69.21563876544158,14.50040601042144,1.6172885136955182,0.31260982504136126,-6.315575347404253e-15
263.8730099766488,-69.21038241721612,14.501481005952387,1.6174556696597717,0.3138147572081563,-3.1577876737021266e-15
263.8970549410001,-69.20512453573069,14.502578403401545,1.6176241009433376,0.31501474731742274,-8.420767129872338e-15
263.9210918566199,-69.19986512084652,14.503698276047215,1.6177938188144474,0.3162097715037271,-1.473634247727659e-14
263.9451207260077,-69.19460417242495,14.504840697167667,1.6179648345756976,0.31739980591294037,-2.1051917824680846e-14
263.9691415516593,-69.1893416903273,14.506005740041198,1.618137159564002,0.3185848267022579,-1.5788938368510635e-14
263.99315433606665,-69.18407767441491,14.50719347794608,1.6183108051505508,0.3197648100402222,-2.2104513715914887e-14
264.0171590817183,-69.17881212454917,14.508403984160612,1.618485782740763,0.320939732106748,-9.47336302110638e-15
264.04115579109913,-69.17354504059146,14.50963733196307,1.6186621037742484,0.32210956909314115,-9.47336302110638e-15
264.0651444666903,-69.16827642240327,14.51089359463174,1.6188397797247576,0.3232742972021251,-3.263047262825531e-14
264.0891251109696,-69.16300626984601,14.512172845444912,1.6190188221001427,0.32443389264786343,1.3683746586042549e-14
264.11309772641084,-69.15773458278122,14.513475157680867,1.6191992424423136,0.32558833165597423,7.368171238638296e-15
264.1370623154845,-69.1524613610704,14.514800604617893,1.6193810523271917,0.3267375904635643,-1.0525958912340423e-15
264.1610188806575,-69.14718660457515,14.51614925953427,1.6195642633646654,0.3278816453192448,5.2629794561702115e-15
264.18496742439294,-69.14191031315708,14.517521195708287,1.619748887198553,0.32902047248315064,-2.8420089063319142e-14
264.20890794915067,-69.13663248667783,14.518916486418233,1.6199349355065515,0.33015404822697336,1.0525958912340423e-14
264.2328404573866,-69.1313531249991,14.520335204942386,1.620122420000196,0.3312823488339651,-2.5262301389617013e-14
264.2567649515534,-69.12607222798258,14.521777424559033,1.6203113524248167,0.33240535059898296,-2.1051917824680845e-15
264.2806814340999,-69.12078979549011,14.523243218546462,1.6205017445594958,0.33352302982848947,-1.6841534259744676e-14
264.3045899074716,-69.11550582738349,14.524732660182954,1.6206936082170207,0.33463536284059103,-1.473634247727659e-14
264.3284903741103,-69.11022032352457,14.526245822746802,1.6208869552438434,0.3357423259650474,-9.47336302110638e-15
264.35238283645435,-69.10493328377531,14.527782779516281,1.6210817975200347,0.3368438955433015,-3.1577876737021266e-15
264.3762672969385,-69.09964470799765,14.52934360376968,1.6212781469592454,0.3379400479284962,-1.9999321933446802e-14
264.4001437579941,-69.09435459605362,14.530928368785288,1.6214760155086538,0.33903075948549855,-1.5788938368510635e-14
264.42401222204876,-69.08906294780532,14.532537147841392,1.6216754151489303,0.3401160065909192,-9.47336302110638e-15
264.4478726915267,-69.08376976311484,14.534170014216265,1.6218763578941922,0.34119576563313403,3.1577876737021266e-15
264.47172516884865,-69.07847504184437,14.535827041188202,1.6220788557919563,0.34227001301230503,3.1577876737021266e-15
264.49556965643177,-69.07317878385619,14.53750830203549,1.622282920923099,0.34333872514040437,0.0
264.5194061566898,-69.0678809890126,14.539213870036402,1.6224885654018122,0.3444018784412305,-4.210383564936169e-15
264.54323467203284,-69.06258165717594,14.540943818469238,1.6226958013755575,0.3454594493504327,-2.5262301389617013e-14
264.56705520486776,-69.05728078820863,14.542698220612275,1.6229046410250259,0.34651141431553334,4.210383564936169e-15
264.5908677575976,-69.05197838197321,14.544477149743798,1.6231150965640917,0.34755774979593973,1.0525958912340423e-15
264.6146723326222,-69.0466744383322,14.546280679142095,1.6233271802397724,0.34859843226297665,-2.315710960714893e-14
264.63846893233796,-69.04136895714826,14.54810888208545,1.6235409043321796,0.34963343819990156,-1.473634247727659e-14
264.6622575591376,-69.03606193828405,14.54996183185215,1.6237562811544806,0.3506627441019226,-6.315575347404253e-15
264.6860382154104,-69.03075338160237,14.551839601720474,1.623973323052854,0.3516863264762229,-1.7894130150978717e-14
264.70981090354246,-69.02544328696602,14.553742264968713,1.6241920424064422,0.35270416184198,1.0525958912340423e-14
264.73357562591605,-69.02013165423793,14.55566989487515,1.6244124516273155,0.3537162267303831,-2.2104513715914887e-14
264.7573323849104,-69.01481848328109,14.557622564718075,1.6246345631604189,0.3547224976846608,-2.2104513715914887e-14
264.781081182901,-69.00950377395853,14.55960034777576,1.62485838948354,0.3557229512600947,8.420767129872338e-15
264.80482202226005,-69.00418752613344,14.561603317326506,1.6250839431072541,0.3567175640240369,-1.7894130150978717e-14
264.8285549053564,-68.99886973966899,14.56363154664859,1.625311236574889,0.35770631255594143,4.210383564936169e-15
264.8522798345552,-68.99355041442851,14.565685109020302,1.6255402824624785,0.3586891734473703,-2.7367493172085098e-14
264.8759968122186,-68.98822955027536,14.567764077719913,1.62577109337872,0.3596661233020272,4.210383564936169e-15
