galstreams/tracks/track.po.Sangarius.grillmair2017.ecsv
# %ECSV 1.0
# ---
# datatype:
# - {name: ra, unit: deg, datatype: float64}
# - {name: dec, unit: deg, datatype: float64}
# - {name: distance, unit: kpc, datatype: float64}
# - {name: pm_ra_cosdec, unit: mas / yr, datatype: float64}
# - {name: pm_dec, unit: mas / yr, datatype: float64}
# - {name: radial_velocity, unit: km / s, datatype: float64}
# delimiter: ','
# meta: !!omap
# - __serialized_columns__:
#     dec:
#       __class__: astropy.coordinates.angles.Latitude
#       unit: &id001 !astropy.units.Unit {unit: deg}
#       value: !astropy.table.SerializedColumn {name: dec}
#     distance:
#       __class__: astropy.coordinates.distances.Distance
#       unit: !astropy.units.Unit {unit: kpc}
#       value: !astropy.table.SerializedColumn {name: distance}
#     pm_dec:
#       __class__: astropy.units.quantity.Quantity
#       unit: !astropy.units.Unit {unit: mas / yr}
#       value: !astropy.table.SerializedColumn {name: pm_dec}
#     pm_ra_cosdec:
#       __class__: astropy.units.quantity.Quantity
#       unit: !astropy.units.Unit {unit: mas / yr}
#       value: !astropy.table.SerializedColumn {name: pm_ra_cosdec}
#     ra:
#       __class__: astropy.coordinates.angles.Longitude
#       unit: *id001
#       value: !astropy.table.SerializedColumn {name: ra}
#       wrap_angle: !astropy.coordinates.Angle
#         unit: *id001
#         value: 360.0
#     radial_velocity:
#       __class__: astropy.units.quantity.Quantity
#       unit: !astropy.units.Unit {unit: km / s}
#       value: !astropy.table.SerializedColumn {name: radial_velocity}
# schema: astropy-2.0
ra,dec,distance,pm_ra_cosdec,pm_dec,radial_velocity
[from data line 1163]
133.4822635676695,-5.981407871904167,20.999999999999947,0.0,0.0,0.0
133.48180274978534,-5.971416381471576,20.999999999999943,0.0,0.0,0.0
133.48134194871207,-5.961424890655517,20.99999999999995,0.0,0.0,0.0
133.4808811644207,-5.951433399456657,20.999999999999947,0.0,0.0,0.0
133.48042039688232,-5.941441907875649,20.999999999999947,0.0,0.0,0.0
133.479959646068,-5.931450415913161,20.999999999999947,0.0,0.0,0.0
133.4794989119488,-5.921458923569789,20.999999999999947,0.0,0.0,0.0
133.47903819449579,-5.9114674308463115,20.999999999999943,0.0,0.0,0.0
133.47857749368006,-5.901475937743326,20.999999999999947,0.0,0.0,0.0
133.47811680947268,-5.891484444261496,20.999999999999947,0.0,0.0,0.0
133.47765614184473,-5.881492950401479,20.999999999999947,0.0,0.0,0.0
133.47719549076731,-5.871501456163941,20.999999999999947,0.0,0.0,0.0
133.47673485621152,-5.861509961549474,20.999999999999943,0.0,0.0,0.0
133.47627423814845,-5.851518466558861,20.999999999999943,0.0,0.0,0.0
133.4758136365492,-5.8415269711927,20.999999999999943,0.0,0.0,0.0
133.47535305138484,-5.831535475451645,20.999999999999943,0.0,0.0,0.0
133.4748924826266,-5.8215439793363615,20.999999999999947,0.0,0.0,0.0
133.4744319302454,-5.811552482847451,20.999999999999947,0.0,0.0,0.0
133.47397139421255,-5.801560985985685,20.999999999999947,0.0,0.0,0.0
133.47351087449906,-5.791569488751666,20.999999999999943,0.0,0.0,0.0
133.47305037107606,-5.781577991146054,20.99999999999995,0.0,0.0,0.0
133.47258988391474,-5.771586493169502,20.999999999999943,0.0,0.0,0.0
133.4721294129862,-5.761594994822671,20.999999999999947,0.0,0.0,0.0
133.47166895826155,-5.751603496106169,20.999999999999947,0.0,0.0,0.0
133.47120851971198,-5.741611997020758,20.999999999999943,0.0,0.0,0.0
133.47074809730861,-5.731620497567046,20.999999999999943,0.0,0.0,0.0
133.4702876910226,-5.721628997745688,20.999999999999943,0.0,0.0,0.0
133.4698273008251,-5.711637497557345,20.99999999999995,0.0,0.0,0.0
133.46936692668726,-5.701645997002674,20.99999999999995,0.0,0.0,0.0
133.46890656858022,-5.69165449608227,20.99999999999995,0.0,0.0,0.0
133.4684462264752,-5.681662994796913,20.99999999999995,0.0,0.0,0.0
133.46798590034336,-5.671671493147199,20.99999999999995,0.0,0.0,0.0
133.46752559015584,-5.661679991133789,20.99999999999995,0.0,0.0,0.0
133.46706529588383,-5.651688488757333,20.99999999999995,0.0,0.0,0.0
133.46660501749852,-5.641696986018498,20.999999999999947,0.0,0.0,0.0
133.4661447549711,-5.63170548291788,20.999999999999947,0.0,0.0,0.0
133.46568450827274,-5.621713979456245,20.99999999999995,0.0,0.0,0.0
133.46522427737466,-5.611722475634203,20.99999999999995,0.0,0.0,0.0
133.46476406224804,-5.6017309714524055,20.999999999999947,0.0,0.0,0.0
133.46430386286406,-5.591739466911509,20.99999999999995,0.0,0.0,0.0
133.46384367919396,-5.581747962012175,20.99999999999995,0.0,0.0,0.0
133.46338351120895,-5.571756456754995,20.99999999999995,0.0,0.0,0.0
133.4629233588802,-5.56176495114074,20.99999999999995,0.0,0.0,0.0
133.462463222179,-5.551773445170028,20.99999999999995,0.0,0.0,0.0
133.46200310107648,-5.541781938843489,20.999999999999954,0.0,0.0,0.0
133.46154299554394,-5.531790432161797,20.99999999999995,0.0,0.0,0.0
133.46108290555253,-5.521798925125603,20.999999999999947,0.0,0.0,0.0
133.46062283107358,-5.511807417735504,20.999999999999954,0.0,0.0,0.0
133.46016277207823,-5.501815909992276,20.999999999999954,0.0,0.0,0.0
133.45970272853782,-5.491824401896515,20.99999999999995,0.0,0.0,0.0
133.45924270042352,-5.481832893448873,20.99999999999995,0.0,0.0,0.0
133.45878268770656,-5.471841384650013,20.99999999999995,0.0,0.0,0.0
133.45832269035827,-5.461849875500527,20.99999999999995,0.0,0.0,0.0
133.45786270834984,-5.45185836600119,20.99999999999995,0.0,0.0,0.0
133.45740274165257,-5.441866856152598,20.99999999999995,0.0,0.0,0.0
133.4569427902377,-5.431875345955411,20.999999999999947,0.0,0.0,0.0
133.45648285407646,-5.421883835410274,20.999999999999947,0.0,0.0,0.0
133.45602293314022,-5.4118923245178525,20.999999999999947,0.0,0.0,0.0
133.45556302740013,-5.40190081327874,20.99999999999995,0.0,0.0,0.0
133.45510313682755,-5.391909301693705,20.99999999999995,0.0,0.0,0.0
133.45464326139373,-5.3819177897633494,20.99999999999995,0.0,0.0,0.0
133.45418340107,-5.371926277488325,20.99999999999995,0.0,0.0,0.0
133.4537235558276,-5.361934764869289,20.99999999999995,0.0,0.0,0.0
133.4532637256378,-5.351943251906899,20.999999999999947,0.0,0.0,0.0
133.45280391047194,-5.341951738601743,20.999999999999947,0.0,0.0,0.0
133.45234411030137,-5.331960224954601,20.999999999999947,0.0,0.0,0.0
133.45188432509727,-5.32196871096606,20.99999999999995,0.0,0.0,0.0
133.45142455483102,-5.311977196636782,20.999999999999954,0.0,0.0,0.0
133.45096479947392,-5.301985681967421,20.99999999999995,0.0,0.0,0.0
133.45050505899732,-5.291994166958626,20.99999999999995,0.0,0.0,0.0
133.4500453333725,-5.282002651611002,20.99999999999995,0.0,0.0,0.0
133.44958562257074,-5.272011135925313,20.99999999999995,0.0,0.0,0.0
133.44912592656343,-5.262019619902156,20.999999999999947,0.0,0.0,0.0
133.4486662453219,-5.252028103542182,20.99999999999995,0.0,0.0,0.0
133.44820657881743,-5.242036586846048,20.99999999999995,0.0,0.0,0.0
133.4477469270214,-5.2320450698144105,20.999999999999947,0.0,0.0,0.0
133.44728728990515,-5.222053552447861,20.99999999999995,0.0,0.0,0.0
133.44682766744,-5.212062034747176,20.999999999999947,0.0,0.0,0.0
133.44636805959732,-5.202070516712941,20.99999999999995,0.0,0.0,0.0
133.4459084663484,-5.192078998345815,20.99999999999995,0.0,0.0,0.0
133.4454488876647,-5.182087479646451,20.99999999999995,0.0,0.0,0.0
133.44498932351752,-5.172095960615501,20.99999999999995,0.0,0.0,0.0
133.4445297738782,-5.162104441253566,20.99999999999995,0.0,0.0,0.0
133.44407023871815,-5.152112921561405,20.999999999999954,0.0,0.0,0.0
133.44361071800867,-5.142121401539625,20.99999999999995,0.0,0.0,0.0
133.44315121172122,-5.132129881188869,20.99999999999995,0.0,0.0,0.0
133.4426917198271,-5.122138360509796,20.99999999999995,0.0,0.0,0.0
133.44223224229776,-5.112146839502998,20.99999999999995,0.0,0.0,0.0
133.4417727791045,-5.102155318169242,20.99999999999995,0.0,0.0,0.0
133.44131333021878,-5.0921637965091255,20.99999999999995,0.0,0.0,0.0
133.44085389561195,-5.082172274523303,20.99999999999995,0.0,0.0,0.0
133.44039447525543,-5.072180752212426,20.99999999999995,0.0,0.0,0.0
133.4399350691206,-5.06218922957714,20.99999999999995,0.0,0.0,0.0
133.43947567717882,-5.052197706618053,20.999999999999947,0.0,0.0,0.0
133.4390162994016,-5.042206183335921,20.99999999999995,0.0,0.0,0.0
133.4385569357602,-5.0322146597313475,20.999999999999947,0.0,0.0,0.0
133.43809758622618,-5.022223135804969,20.99999999999995,0.0,0.0,0.0
133.43763825077087,-5.012231611557458,20.99999999999995,0.0,0.0,0.0
133.4371789293657,-5.002240086989455,20.99999999999995,0.0,0.0,0.0
133.4367196219821,-4.9922485621015555,20.99999999999995,0.0,0.0,0.0
133.4362603285915,-4.982257036894529,20.999999999999947,0.0,0.0,0.0
133.43580104916526,-4.972265511368964,20.99999999999995,0.0,0.0,0.0
133.43534178367491,-4.96227398552552,20.99999999999995,0.0,0.0,0.0
133.43488253209188,-4.952282459364842,20.99999999999995,0.0,0.0,0.0
133.4344232943875,-4.942290932887582,20.99999999999995,0.0,0.0,0.0
133.43396407053336,-4.932299406094345,20.99999999999995,0.0,0.0,0.0
133.4335048605008,-4.922307878985882,20.999999999999947,0.0,0.0,0.0
133.43304566426127,-4.912316351562792,20.99999999999995,0.0,0.0,0.0
133.43258648178625,-4.9023248238257295,20.99999999999995,0.0,0.0,0.0
133.4321273130472,-4.892333295775343,20.99999999999995,0.0,0.0,0.0
133.43166815801558,-4.882341767412228,20.99999999999995,0.0,0.0,0.0
133.43120901666285,-4.872350238737151,20.99999999999995,0.0,0.0,0.0
133.43074988896046,-4.862358709750699,20.999999999999954,0.0,0.0,0.0
133.43029077487992,-4.852367180453532,20.999999999999954,0.0,0.0,0.0
133.4298316743926,-4.842375650846291,20.999999999999954,0.0,0.0,0.0
133.4293725874701,-4.832384120929637,20.99999999999995,0.0,0.0,0.0
133.42891351408383,-4.822392590704154,20.999999999999954,0.0,0.0,0.0
133.4284544542053,-4.812401060170612,20.999999999999954,0.0,0.0,0.0
133.42799540780598,-4.802409529329609,20.999999999999954,0.0,0.0,0.0
133.42753637485734,-4.792417998181784,20.999999999999954,0.0,0.0,0.0
133.4270773553309,-4.782426466727795,20.999999999999954,0.0,0.0,0.0
133.42661834919818,-4.772434934968286,20.99999999999995,0.0,0.0,0.0
133.42615935643062,-4.76244340290386,20.999999999999954,0.0,0.0,0.0
133.42570037699974,-4.752451870535272,20.999999999999954,0.0,0.0,0.0
133.42524141087705,-4.7424603378631165,20.999999999999954,0.0,0.0,0.0
133.42478245803406,-4.732468804888051,20.999999999999954,0.0,0.0,0.0
133.4243235184423,-4.722477271610718,20.99999999999995,0.0,0.0,0.0
133.42386459207327,-4.7124857380317655,20.999999999999954,0.0,0.0,0.0
133.42340567889846,-4.702494204151794,20.999999999999954,0.0,0.0,0.0
133.42294677888944,-4.692502669971562,20.999999999999954,0.0,0.0,0.0
133.4224878920177,-4.682511135491661,20.99999999999995,0.0,0.0,0.0
133.4220290182548,-4.672519600712739,20.999999999999954,0.0,0.0,0.0
133.4215701575722,-4.662528065635455,20.999999999999954,0.0,0.0,0.0
133.42111130994152,-4.652536530260453,20.99999999999995,0.0,0.0,0.0
133.42065247533426,-4.642544994588317,20.999999999999954,0.0,0.0,0.0
133.42019365372198,-4.632553458619823,20.99999999999995,0.0,0.0,0.0
133.4197348450762,-4.622561922355554,20.999999999999954,0.0,0.0,0.0
133.41927604936845,-4.612570385796165,20.99999999999995,0.0,0.0,0.0
133.4188172665703,-4.602578848942304,20.999999999999954,0.0,0.0,0.0
133.41835849665333,-4.592587311794612,20.999999999999954,0.0,0.0,0.0
133.41789973958907,-4.582595774353696,20.999999999999954,0.0,0.0,0.0
133.41744099534907,-4.572604236620303,20.999999999999954,0.0,0.0,0.0
133.4169822639049,-4.562612698595034,20.999999999999954,0.0,0.0,0.0
133.4165235452282,-4.552621160278539,20.999999999999954,0.0,0.0,0.0
133.41606483929039,-4.542629621671456,20.99999999999995,0.0,0.0,0.0
133.41560614606314,-4.532638082774389,20.999999999999954,0.0,0.0,0.0
133.415147465518,-4.522646543588091,20.999999999999954,0.0,0.0,0.0
133.41468879762658,-4.512655004113159,20.99999999999995,0.0,0.0,0.0
133.41423014236042,-4.502663464350239,20.999999999999954,0.0,0.0,0.0
133.41377149969117,-4.49267192429998,20.999999999999954,0.0,0.0,0.0
133.41331286959033,-4.482680383963028,20.99999999999995,0.0,0.0,0.0
133.41285425202952,-4.472688843339973,20.999999999999954,0.0,0.0,0.0
133.41239564698037,-4.462697302431584,20.999999999999954,0.0,0.0,0.0
133.41193705441447,-4.452705761238448,20.99999999999995,0.0,0.0,0.0
133.41147847430335,-4.442714219761209,20.99999999999995,0.0,0.0,0.0
133.41101990661872,-4.43272267800052,20.999999999999954,0.0,0.0,0.0
133.4105613513321,-4.422731135957021,20.999999999999954,0.0,0.0,0.0
133.41010280841513,-4.412739593631316,20.99999999999995,0.0,0.0,0.0
133.40964427783942,-4.402748051024153,20.999999999999954,0.0,0.0,0.0
133.40918575957662,-4.392756508136134,20.99999999999995,0.0,0.0,0.0
133.40872725359827,-4.382764964967897,20.99999999999995,0.0,0.0,0.0
133.40826875987605,-4.372773421520093,20.999999999999954,0.0,0.0,0.0
133.4078102783816,-4.362781877793371,20.999999999999954,0.0,0.0,0.0
133.4073518090865,-4.3527903337883185,20.999999999999954,0.0,0.0,0.0
133.4068933519624,-4.342798789505697,20.99999999999995,0.0,0.0,0.0
133.4064349069809,-4.332807244946097,20.999999999999954,0.0,0.0,0.0
133.40597647411371,-4.322815700110166,20.999999999999954,0.0,0.0,0.0
133.40551805333243,-4.31282415499855,20.999999999999954,0.0,0.0,0.0
133.40505964460868,-4.302832609611901,20.999999999999954,0.0,0.0,0.0
133.40460124791414,-4.2928410639507995,20.999999999999954,0.0,0.0,0.0
133.40414286322041,-4.2828495180160155,20.999999999999954,0.0,0.0,0.0
133.4036844904992,-4.272857971808127,20.999999999999954,0.0,0.0,0.0
133.40322612972213,-4.262866425327792,20.999999999999954,0.0,0.0,0.0
133.40276778086087,-4.252874878575653,20.999999999999954,0.0,0.0,0.0
133.40230944388708,-4.2428833315523535,20.999999999999957,0.0,0.0,0.0
133.4018511187724,-4.23289178425849,20.999999999999957,0.0,0.0,0.0
133.40139280548854,-4.222900236694818,20.999999999999954,0.0,0.0,0.0
133.40093450400713,-4.212908688861924,20.999999999999954,0.0,0.0,0.0
133.40047621429983,-4.20291714076046,20.999999999999954,0.0,0.0,0.0
133.40001793633837,-4.192925592391067,20.999999999999957,0.0,0.0,0.0
133.39955967009436,-4.18293404375434,20.999999999999954,0.0,0.0,0.0
133.39910141553952,-4.172942494851033,20.999999999999954,0.0,0.0,0.0
133.39864317264554,-4.162950945681736,20.999999999999954,0.0,0.0,0.0
133.39818494138407,-4.152959396247101,20.999999999999954,0.0,0.0,0.0
133.39772672172685,-4.142967846547767,20.999999999999954,0.0,0.0,0.0
133.39726851364554,-4.132976296584382,20.99999999999995,0.0,0.0,0.0
133.39681031711183,-4.122984746357534,20.99999999999995,0.0,0.0,0.0
133.3963521320974,-4.112993195867986,20.999999999999954,0.0,0.0,0.0
133.39589395857402,-4.1030016451163185,20.999999999999954,0.0,0.0,0.0
133.39543579651328,-4.093010094103186,20.999999999999954,0.0,0.0,0.0
133.394977645887,-4.083018542829231,20.999999999999954,0.0,0.0,0.0
133.39451950666685,-4.073026991295094,20.999999999999954,0.0,0.0,0.0
133.3940613788245,-4.063035439501371,20.999999999999954,0.0,0.0,0.0
133.3936032623317,-4.053043887448818,20.999999999999954,0.0,0.0,0.0
133.39314515716018,-4.043052335138021,20.999999999999954,0.0,0.0,0.0
133.3926870632816,-4.033060782569626,20.999999999999954,0.0,0.0,0.0
133.39222898066777,-4.023069229744281,20.999999999999954,0.0,0.0,0.0
133.39177090929033,-4.013077676662629,20.99999999999995,0.0,0.0,0.0
133.39131284912108,-4.0030861233252555,20.99999999999995,0.0,0.0,0.0
133.3908548001317,-3.9930945697329228,20.99999999999995,0.0,0.0,0.0
133.39039676229393,-3.983103015886217,20.99999999999995,0.0,0.0,0.0
133.3899387355795,-3.97311146178578,20.999999999999954,0.0,0.0,0.0
133.3894807199602,-3.963119907432261,20.999999999999954,0.0,0.0,0.0
133.38902271540775,-3.9531283528263077,20.999999999999954,0.0,0.0,0.0
133.38856472189383,-3.9431367979685015,20.99999999999995,0.0,0.0,0.0
133.38810673939025,-3.9331452428596014,20.999999999999954,0.0,0.0,0.0
133.38764876786877,-3.923153687500196,20.999999999999954,0.0,0.0,0.0
133.3871908073011,-3.9131621318909295,20.999999999999954,0.0,0.0,0.0
133.386732857659,-3.9031705760324478,20.999999999999957,0.0,0.0,0.0
133.38627491891427,-3.893179019925392,20.999999999999957,0.0,0.0,0.0
133.38581699103858,-3.8831874635703505,20.999999999999957,0.0,0.0,0.0
133.38535907400382,-3.8731959069680837,20.99999999999996,0.0,0.0,0.0
133.38490116778166,-3.8632043501191764,20.999999999999954,0.0,0.0,0.0
133.3844432723439,-3.8532127930242743,20.99999999999996,0.0,0.0,0.0
133.3839853876623,-3.8432212356840196,20.99999999999996,0.0,0.0,0.0
133.38352751370866,-3.833229678098999,20.999999999999957,0.0,0.0,0.0
133.38306965045473,-3.8232381202699695,20.999999999999957,0.0,0.0,0.0
133.38261179787227,-3.8132465621975213,20.999999999999957,0.0,0.0,0.0
133.38215395593312,-3.8032550038822963,20.999999999999957,0.0,0.0,0.0
133.38169612460902,-3.7932634453249348,20.999999999999954,0.0,0.0,0.0
133.38123830387175,-3.783271886526088,20.999999999999954,0.0,0.0,0.0
133.38078049369312,-3.7732803274863325,20.999999999999954,0.0,0.0,0.0
133.38032269404493,-3.7632887682064347,20.999999999999954,0.0,0.0,0.0
133.37986490489897,-3.753297208686977,20.999999999999954,0.0,0.0,0.0
133.37940712622702,-3.7433056489285974,20.999999999999957,0.0,0.0,0.0
133.37894935800088,-3.733314088931953,20.99999999999996,0.0,0.0,0.0
133.37849160019238,-3.723322528697674,20.999999999999957,0.0,0.0,0.0
133.37803385277329,-3.7133309682263573,20.999999999999954,0.0,0.0,0.0
133.37757611571544,-3.703339407518751,20.999999999999954,0.0,0.0,0.0
133.37711838899062,-3.693347846575443,20.999999999999954,0.0,0.0,0.0
133.37666067257064,-3.683356285397076,20.999999999999957,0.0,0.0,0.0
133.37620296642734,-3.673364723984294,20.999999999999957,0.0,0.0,0.0
133.37574527053252,-3.663373162337747,20.999999999999957,0.0,0.0,0.0
