galstreams/tracks/track.st.Alpheus.grillmair2013.ecsv
# %ECSV 1.0
# ---
# datatype:
# - {name: ra, unit: deg, datatype: float64}
# - {name: dec, unit: deg, datatype: float64}
# - {name: distance, unit: kpc, datatype: float64}
# - {name: pm_ra_cosdec, unit: mas / yr, datatype: float64}
# - {name: pm_dec, unit: mas / yr, datatype: float64}
# - {name: radial_velocity, unit: km / s, datatype: float64}
# delimiter: ','
# meta: !!omap
# - __serialized_columns__:
#     dec:
#       __class__: astropy.coordinates.angles.Latitude
#       unit: &id001 !astropy.units.Unit {unit: deg}
#       value: !astropy.table.SerializedColumn {name: dec}
#     distance:
#       __class__: astropy.coordinates.distances.Distance
#       unit: !astropy.units.Unit {unit: kpc}
#       value: !astropy.table.SerializedColumn {name: distance}
#     pm_dec:
#       __class__: astropy.units.quantity.Quantity
#       unit: !astropy.units.Unit {unit: mas / yr}
#       value: !astropy.table.SerializedColumn {name: pm_dec}
#     pm_ra_cosdec:
#       __class__: astropy.units.quantity.Quantity
#       unit: !astropy.units.Unit {unit: mas / yr}
#       value: !astropy.table.SerializedColumn {name: pm_ra_cosdec}
#     ra:
#       __class__: astropy.coordinates.angles.Longitude
#       unit: *id001
#       value: !astropy.table.SerializedColumn {name: ra}
#       wrap_angle: !astropy.coordinates.Angle
#         unit: *id001
#         value: 360.0
#     radial_velocity:
#       __class__: astropy.units.quantity.Quantity
#       unit: !astropy.units.Unit {unit: km / s}
#       value: !astropy.table.SerializedColumn {name: radial_velocity}
# schema: astropy-2.0
ra,dec,distance,pm_ra_cosdec,pm_dec,radial_velocity
[from data line 703]
23.62377442270217,-62.00724366772231,1.7165445310023686,0.0,0.0,0.0
23.626517715671483,-61.997318327047665,1.7167099749783223,0.0,0.0,0.0
23.629260552899648,-61.987393031023544,1.7168754182132613,0.0,0.0,0.0
23.632002934417997,-61.977467779585346,1.7170408607079615,0.0,0.0,0.0
23.6347448602578,-61.96754257266874,1.7172063024631985,0.0,0.0,0.0
23.637486330450344,-61.957617410209146,1.7173717434797475,0.0,0.0,0.0
23.64022734502678,-61.947692292142264,1.7175371837583857,0.0,0.0,0.0
23.64296790401831,-61.93776721840372,1.7177026232998882,0.0,0.0,0.0
23.645708007456058,-61.92784218892908,1.7178680621050313,0.0,0.0,0.0
23.648447655371065,-61.91791720365422,1.7180335001745901,0.0,0.0,0.0
23.651186847794403,-61.90799226251477,1.7181989375093418,0.0,0.0,0.0
23.653925584757012,-61.89806736544666,1.7183643741100616,0.0,0.0,0.0
23.65666386628987,-61.88814251238563,1.7185298099775248,0.0,0.0,0.0
23.65940169242389,-61.87821770326754,1.7186952451125077,0.0,0.0,0.0
23.6621390631899,-61.86829293802842,1.7188606795157864,0.0,0.0,0.0
23.664875978618753,-61.85836821660411,1.7190261131881368,0.0,0.0,0.0
23.667612438741184,-61.84844353893071,1.7191915461303355,0.0,0.0,0.0
23.670348443587944,-61.838518904944216,1.7193569783431564,0.0,0.0,0.0
23.673083993189735,-61.828594314580656,1.7195224098273767,0.0,0.0,0.0
23.67581908757718,-61.81866976777626,1.7196878405837726,0.0,0.0,0.0
23.678553726780905,-61.80874526446705,1.719853270613119,0.0,0.0,0.0
23.681287910831436,-61.79882080458937,1.7200186999161922,0.0,0.0,0.0
23.684021639759308,-61.788896388079394,1.7201841284937684,0.0,0.0,0.0
23.68675491359502,-61.77897201487333,1.7203495563466233,0.0,0.0,0.0
23.68948773236897,-61.76904768490764,1.7205149834755327,0.0,0.0,0.0
23.692220096111573,-61.75912339811855,1.7206804098812722,0.0,0.0,0.0
23.694952004853146,-61.74919915444256,1.7208458355646186,0.0,0.0,0.0
23.697683458624027,-61.739274953816064,1.7210112605263468,0.0,0.0,0.0
23.700414457454478,-61.72935079617551,1.7211766847672334,0.0,0.0,0.0
23.703145001374686,-61.71942668145749,1.7213421082880531,0.0,0.0,0.0
23.705875090414857,-61.709502609598516,1.7215075310895829,0.0,0.0,0.0
23.70860472460514,-61.699578580535146,1.7216729531725987,0.0,0.0,0.0
23.7113339039756,-61.689654594204114,1.7218383745378762,0.0,0.0,0.0
23.714062628556306,-61.679730650542,1.7220037951861908,0.0,0.0,0.0
23.71679089837725,-61.669806749485616,1.7221692151183186,0.0,0.0,0.0
23.719518713468418,-61.65988289097168,1.722334634335036,0.0,0.0,0.0
23.722246073859747,-61.649959074936916,1.7225000528371186,0.0,0.0,0.0
23.724972979581082,-61.64003530131831,1.7226654706253421,0.0,0.0,0.0
23.727699430662312,-61.630111570052584,1.7228308877004825,0.0,0.0,0.0
23.730425427133195,-61.620187881076795,1.7229963040633154,0.0,0.0,0.0
23.73315096902352,-61.610264234327836,1.7231617197146172,0.0,0.0,0.0
23.735876056363004,-61.60034062974265,1.7233271346551635,0.0,0.0,0.0
23.738600689181286,-61.59041706725837,1.7234925488857302,0.0,0.0,0.0
23.74132486750805,-61.58049354681198,1.7236579624070931,0.0,0.0,0.0
23.744048591372852,-61.57057006834071,1.7238233752200283,0.0,0.0,0.0
23.74677186080525,-61.56064663178164,1.7239887873253115,0.0,0.0,0.0
23.74949467583477,-61.550723237071914,1.7241541987237186,0.0,0.0,0.0
23.752217036490855,-61.54079988414889,1.7243196094160256,0.0,0.0,0.0
23.754938942802966,-61.53087657294973,1.7244850194030081,0.0,0.0,0.0
23.75766039480044,-61.52095330341186,1.7246504286854423,0.0,0.0,0.0
23.760381392512645,-61.51103007547257,1.7248158372641047,0.0,0.0,0.0
23.76310193596891,-61.501106889069206,1.7249812451397695,0.0,0.0,0.0
23.765822025198435,-61.491183744139306,1.7251466523132137,0.0,0.0,0.0
23.7685416602305,-61.481260640620235,1.725312058785213,0.0,0.0,0.0
23.771260841094247,-61.47133757844963,1.7254774645565438,0.0,0.0,0.0
23.773979567818813,-61.46141455756498,1.7256428696279809,0.0,0.0,0.0
23.776697840433325,-61.45149157790382,1.7258082740003013,0.0,0.0,0.0
23.7794156589668,-61.44156863940389,1.7259736776742798,0.0,0.0,0.0
23.782133023448296,-61.43164574200277,1.7261390806506938,0.0,0.0,0.0
23.78484993390673,-61.421722885638246,1.726304482930317,0.0,0.0,0.0
23.78756639037108,-61.41180007024805,1.7264698845139272,0.0,0.0,0.0
23.790282392870232,-61.40187729576989,1.7266352854022993,0.0,0.0,0.0
23.79299794143301,-61.391954562141756,1.7268006855962097,0.0,0.0,0.0
23.79571303608824,-61.38203186930139,1.726966085096434,0.0,0.0,0.0
23.798427676864712,-61.372109217186704,1.727131483903748,0.0,0.0,0.0
23.801141863791113,-61.362186605735744,1.7272968820189278,0.0,0.0,0.0
23.80385559689617,-61.35226403488635,1.7274622794427494,0.0,0.0,0.0
23.806568876208495,-61.34234150457673,1.7276276761759881,0.0,0.0,0.0
23.809281701756714,-61.33241901474485,1.7277930722194208,0.0,0.0,0.0
23.811994073569405,-61.32249656532876,1.727958467573822,0.0,0.0,0.0
23.814705991675062,-61.31257415626675,1.7281238622399684,0.0,0.0,0.0
23.8174174561022,-61.302651787496856,1.7282892562186363,0.0,0.0,0.0
23.820128466879243,-61.29272945895745,1.7284546495106008,0.0,0.0,0.0
23.822839024034597,-61.28280717058672,1.7286200421166382,0.0,0.0,0.0
23.825549127596645,-61.272884922322945,1.7287854340375244,0.0,0.0,0.0
23.82825877759369,-61.26296271410454,1.728950825274035,0.0,0.0,0.0
23.830967974054033,-61.2530405458698,1.729116215826946,0.0,0.0,0.0
23.83367671700589,-61.24311841755727,1.7292816056970337,0.0,0.0,0.0
23.836385006477485,-61.23319632910534,1.7294469948850724,0.0,0.0,0.0
23.839092842496985,-61.22327428045247,1.7296123833918406,0.0,0.0,0.0
23.84180022509249,-61.2133522715373,1.7297777712181122,0.0,0.0,0.0
23.84450715429212,-61.20343030229831,1.7299431583646632,0.0,0.0,0.0
23.84721363012387,-61.193508372674245,1.7301085448322704,0.0,0.0,0.0
23.849919652615768,-61.18358648260367,1.7302739306217092,0.0,0.0,0.0
23.852625221795797,-61.17366463202528,1.7304393157337556,0.0,0.0,0.0
23.85533033769184,-61.16374282087789,1.7306047001691853,0.0,0.0,0.0
23.858035000331817,-61.15382104910017,1.7307700839287736,0.0,0.0,0.0
23.860739209743535,-61.14389931663107,1.730935467013298,0.0,0.0,0.0
23.863442965954814,-61.13397762340938,1.7311008494235327,0.0,0.0,0.0
23.866146268993443,-61.12405596937394,1.731266231160255,0.0,0.0,0.0
23.868849118887095,-61.114134354463815,1.7314316122242397,0.0,0.0,0.0
23.87155151566349,-61.10421277861789,1.731596992616263,0.0,0.0,0.0
23.874253459350275,-61.09429124177515,1.7317623723371014,0.0,0.0,0.0
23.876954949975033,-61.084369743874774,1.7319277513875295,0.0,0.0,0.0
23.879655987565357,-61.074448284855706,1.7320931297683242,0.0,0.0,0.0
23.882356572148744,-61.064526864657225,1.7322585074802612,0.0,0.0,0.0
23.88505670375268,-61.054605483218424,1.7324238845241162,0.0,0.0,0.0
23.887756382404657,-61.04468414047849,1.7325892609006652,0.0,0.0,0.0
23.890455608132033,-61.03476283637674,1.732754636610684,0.0,0.0,0.0
23.893154380962216,-61.024841570852395,1.7329200116549488,0.0,0.0,0.0
23.895852700922493,-61.01492034384489,1.733085386034235,0.0,0.0,0.0
23.89855056804018,-61.004999155293525,1.7332507597493187,0.0,0.0,0.0
23.90124798234254,-60.99507800513765,1.7334161328009758,0.0,0.0,0.0
23.903944943856747,-60.98515689331684,1.7335815051899823,0.0,0.0,0.0
23.906641452610014,-60.97523581977046,1.7337468769171138,0.0,0.0,0.0
23.90933750862944,-60.965314784438156,1.7339122479831466,0.0,0.0,0.0
23.912033111942137,-60.95539378725942,1.7340776183888562,0.0,0.0,0.0
23.914728262575174,-60.94547282817383,1.7342429881350185,0.0,0.0,0.0
23.917422960555527,-60.93555190712111,1.734408357222409,0.0,0.0,0.0
23.920117205910223,-60.92563102404085,1.7345737256518048,0.0,0.0,0.0
23.922810998666158,-60.91571017887289,1.7347390934239808,0.0,0.0,0.0
23.925504338850242,-60.90578937155692,1.7349044605397137,0.0,0.0,0.0
23.928197226489363,-60.89586860203269,1.7350698269997777,0.0,0.0,0.0
23.930889661610305,-60.88594787024017,1.7352351928049503,0.0,0.0,0.0
23.93358164423988,-60.8760271761191,1.735400557956007,0.0,0.0,0.0
23.93627317440481,-60.866106519609524,1.7355659224537232,0.0,0.0,0.0
23.938964252131807,-60.85618590065134,1.7357312862988759,0.0,0.0,0.0
23.941654877447558,-60.846265319184496,1.7358966494922399,0.0,0.0,0.0
23.944345050378658,-60.83634477514914,1.7360620120345907,0.0,0.0,0.0
23.94703477095173,-60.826424268485226,1.736227373926706,0.0,0.0,0.0
23.949724039193296,-60.816503799132974,1.73639273516936,0.0,0.0,0.0
23.952412855129882,-60.80658336703251,1.7365580957633293,0.0,0.0,0.0
23.955101218787977,-60.79666297212393,1.7367234557093894,0.0,0.0,0.0
23.957789130193987,-60.78674261434761,1.7368888150083166,0.0,0.0,0.0
23.960476589374316,-60.77682229364376,1.7370541736608869,0.0,0.0,0.0
23.963163596355354,-60.76690200995262,1.7372195316678753,0.0,0.0,0.0
23.96585015116338,-60.75698176321466,1.737384889030059,0.0,0.0,0.0
23.968536253824716,-60.74706155337016,1.7375502457482126,0.0,0.0,0.0
23.971221904365564,-60.73714138035965,1.7377156018231126,0.0,0.0,0.0
23.97390710281215,-60.72722124412354,1.737880957255535,0.0,0.0,0.0
23.97659184919067,-60.71730114460228,1.7380463120462553,0.0,0.0,0.0
23.979276143527194,-60.70738108173654,1.7382116661960498,0.0,0.0,0.0
23.981959985847872,-60.697461055466775,1.738377019705694,0.0,0.0,0.0
23.984643376178717,-60.68754106573372,1.7385423725759643,0.0,0.0,0.0
23.987326314545754,-60.677621112477986,1.7387077248076357,0.0,0.0,0.0
23.990008800974984,-60.66770119564022,1.7388730764014853,0.0,0.0,0.0
23.99269083549231,-60.65778131516126,1.739038427358288,0.0,0.0,0.0
23.99537241812367,-60.64786147098177,1.7392037776788198,0.0,0.0,0.0
23.998053548894887,-60.63794166304271,1.739369127363857,0.0,0.0,0.0
24.000734227831806,-60.62802189128483,1.7395344764141747,0.0,0.0,0.0
24.00341445496024,-60.61810215564903,1.7396998248305502,0.0,0.0,0.0
24.006094230305887,-60.60818245607631,1.7398651726137575,0.0,0.0,0.0
24.00877355389452,-60.59826279250755,1.7400305197645745,0.0,0.0,0.0
24.011452425751756,-60.588343164883845,1.7401958662837755,0.0,0.0,0.0
24.014130845903257,-60.57842357314623,1.7403612121721375,0.0,0.0,0.0
24.016808814374638,-60.56850401723572,1.7405265574304354,0.0,0.0,0.0
24.019486331191438,-60.55858449709355,1.7406919020594456,0.0,0.0,0.0
24.0221633963792,-60.548665012660784,1.7408572460599439,0.0,0.0,0.0
24.024840009963377,-60.538745563878734,1.7410225894327065,0.0,0.0,0.0
24.027516171969445,-60.52882615068859,1.7411879321785086,0.0,0.0,0.0
24.030191882422827,-60.51890677303159,1.7413532742981264,0.0,0.0,0.0
24.03286714134886,-60.50898743084916,1.7415186157923364,0.0,0.0,0.0
24.035541948772902,-60.49906812408259,1.7416839566619133,0.0,0.0,0.0
24.038216304720265,-60.48914885267325,1.7418492969076342,0.0,0.0,0.0
24.040890209216187,-60.4792296165627,1.742014636530274,0.0,0.0,0.0
24.043563662285905,-60.46931041569226,1.742179975530609,0.0,0.0,0.0
24.046236663954602,-60.45939125000361,1.7423453139094154,0.0,0.0,0.0
24.048909214247423,-60.44947211943822,1.7425106516674684,0.0,0.0,0.0
24.0515813131895,-60.43955302393763,1.7426759888055443,0.0,0.0,0.0
24.054252960805883,-60.42963396344358,1.742841325324419,0.0,0.0,0.0
24.056924157121642,-60.419714937897645,1.7430066612248685,0.0,0.0,0.0
24.059594902161738,-60.40979594724163,1.7431719965076682,0.0,0.0,0.0
24.06226519595116,-60.399876991417266,1.7433373311735942,0.0,0.0,0.0
24.064935038514847,-60.38995807036624,1.7435026652234225,0.0,0.0,0.0
24.067604429877658,-60.38003918403053,1.743667998657929,0.0,0.0,0.0
24.07027337006448,-60.370120332351846,1.7438333314778895,0.0,0.0,0.0
24.072941859100087,-60.360201515272244,1.74399866368408,0.0,0.0,0.0
24.075609897009294,-60.35028273273359,1.7441639952772763,0.0,0.0,0.0
24.078277483816848,-60.34036398467781,1.744329326258254,0.0,0.0,0.0
24.080944619547413,-60.33044527104704,1.7444946566277892,0.0,0.0,0.0
24.083611304225713,-60.320526591783235,1.744659986386658,0.0,0.0,0.0
24.086277537876324,-60.31060794682858,1.7448253155356364,0.0,0.0,0.0
24.088943320523875,-60.300689336125195,1.7449906440754996,0.0,0.0,0.0
24.09160865219293,-60.290770759615164,1.7451559720070235,0.0,0.0,0.0
24.094273532907987,-60.28085221724083,1.7453212993309852,0.0,0.0,0.0
24.096937962693556,-60.27093370894432,1.7454866260481596,0.0,0.0,0.0
24.099601941574058,-60.26101523466805,1.7456519521593223,0.0,0.0,0.0
24.10226546957392,-60.25109679435428,1.7458172776652499,0.0,0.0,0.0
24.10492854671753,-60.241178387945354,1.7459826025667176,0.0,0.0,0.0
24.10759117302921,-60.23126001538375,1.7461479268645022,0.0,0.0,0.0
24.110253348533266,-60.22134167661182,1.7463132505593788,0.0,0.0,0.0
24.112915073253955,-60.21142337157215,1.7464785736521233,0.0,0.0,0.0
24.11557634721552,-60.20150510020722,1.746643896143512,0.0,0.0,0.0
24.11823717044216,-60.191586862459545,1.7468092180343209,0.0,0.0,0.0
24.120897542958016,-60.181668658271796,1.7469745393253255,0.0,0.0,0.0
24.123557464787226,-60.171750487586536,1.7471398600173014,0.0,0.0,0.0
24.126216935953842,-60.161832350346536,1.747305180111025,0.0,0.0,0.0
24.128875956481934,-60.151914246494464,1.747470499607272,0.0,0.0,0.0
24.131534526395534,-60.141996175973006,1.7476358185068184,0.0,0.0,0.0
24.134192645718578,-60.13207813872508,1.7478011368104407,0.0,0.0,0.0
24.136850314475016,-60.122160134693445,1.747966454518913,0.0,0.0,0.0
24.139507532688782,-60.11224216382093,1.748131771633013,0.0,0.0,0.0
24.142164300383705,-60.10232422605055,1.7482970881535156,0.0,0.0,0.0
24.144820617583644,-60.09240632132513,1.7484624040811967,0.0,0.0,0.0
24.147476484312367,-60.08248844958776,1.7486277194168323,0.0,0.0,0.0
24.15013190059364,-60.07257061078143,1.7487930341611986,0.0,0.0,0.0
24.152786866451216,-60.06265280484913,1.7489583483150717,0.0,0.0,0.0
24.15544138190873,-60.05273503173408,1.7491236618792267,0.0,0.0,0.0
24.158095446989883,-60.04281729137929,1.7492889748544396,0.0,0.0,0.0
24.160749061718256,-60.032899583728074,1.749454287241487,0.0,0.0,0.0
24.163402226117434,-60.02298190872356,1.749619599041144,0.0,0.0,0.0
24.166054940210984,-60.01306426630897,1.7497849102541871,0.0,0.0,0.0
24.168707204022386,-60.0031466564277,1.749950220881392,0.0,0.0,0.0
24.171359017575135,-59.99322907902296,1.750115530923534,0.0,0.0,0.0
24.174010380892636,-59.98331153403823,1.7502808403813899,0.0,0.0,0.0
24.17666129399831,-59.97339402141689,1.7504461492557344,0.0,0.0,0.0
24.17931175691553,-59.963476541102274,1.7506114575473448,0.0,0.0,0.0
24.181961769667605,-59.95355909303803,1.7507767652569959,0.0,0.0,0.0
24.18461133227785,-59.94364167716753,1.7509420723854643,0.0,0.0,0.0
24.187260444769493,-59.93372429343448,1.7511073789335254,0.0,0.0,0.0
24.189909107165782,-59.923806941782395,1.7512726849019549,0.0,0.0,0.0
24.192557319489904,-59.91388962215485,1.7514379902915294,0.0,0.0,0.0
24.195205081764982,-59.90397233449566,1.7516032951030247,0.0,0.0,0.0
24.197852394014156,-59.894055078748465,1.7517685993372158,0.0,0.0,0.0
24.200499256260517,-59.88413785485697,1.7519339029948795,0.0,0.0,0.0
24.20314566852707,-59.87422066276506,1.752099206076791,0.0,0.0,0.0
24.20579163083688,-59.864303502416455,1.7522645085837265,0.0,0.0,0.0
24.208437143212862,-59.85438637375514,1.7524298105164626,0.0,0.0,0.0
24.211082205677986,-59.844469276724965,1.7525951118757743,0.0,0.0,0.0
24.213726818255168,-59.834552211269795,1.7527604126624379,0.0,0.0,0.0
24.216370980967245,-59.82463517733375,1.752925712877228,0.0,0.0,0.0
24.219014693837078,-59.81471817486072,1.753091012520923,0.0,0.0,0.0
24.22165795688744,-59.80480120379489,1.7532563115942965,0.0,0.0,0.0
24.2243007701411,-59.79488426408028,1.753421610098125,0.0,0.0,0.0
24.22694313362081,-59.78496735566098,1.7535869080331854,0.0,0.0,0.0
24.229585047349225,-59.77505047848126,1.753752205400252,0.0,0.0,0.0
24.232226511349033,-59.76513363248523,1.7539175022001023,0.0,0.0,0.0
24.234867525642834,-59.75521681761724,1.7540827984335108,0.0,0.0,0.0
24.237508090253215,-59.745300033821515,1.7542480941012535,0.0,0.0,0.0
24.240148205202757,-59.73538328104234,1.7544133892041072,0.0,0.0,0.0
24.24278787051394,-59.72546655922418,1.7545786837428476,0.0,0.0,0.0
24.245427086209283,-59.71554986831132,1.7547439777182496,0.0,0.0,0.0
