galstreams/tracks/track.st.M5.grillmair2019.ecsv
# %ECSV 0.9
# ---
# datatype:
# - {name: ra, unit: deg, datatype: float64}
# - {name: dec, unit: deg, datatype: float64}
# - {name: distance, unit: kpc, datatype: float64}
# - {name: pm_ra_cosdec, unit: mas / yr, datatype: float64}
# - {name: pm_dec, unit: mas / yr, datatype: float64}
# - {name: radial_velocity, unit: km / s, datatype: float64}
# delimiter: ','
# meta: !!omap
# - __serialized_columns__:
#     dec:
#       __class__: astropy.coordinates.angles.Latitude
#       unit: &id001 !astropy.units.Unit {unit: deg}
#       value: !astropy.table.SerializedColumn {name: dec}
#     distance:
#       __class__: astropy.coordinates.distances.Distance
#       unit: !astropy.units.Unit {unit: kpc}
#       value: !astropy.table.SerializedColumn {name: distance}
#     pm_dec:
#       __class__: astropy.units.quantity.Quantity
#       unit: !astropy.units.Unit {unit: mas / yr}
#       value: !astropy.table.SerializedColumn {name: pm_dec}
#     pm_ra_cosdec:
#       __class__: astropy.units.quantity.Quantity
#       unit: !astropy.units.Unit {unit: mas / yr}
#       value: !astropy.table.SerializedColumn {name: pm_ra_cosdec}
#     ra:
#       __class__: astropy.coordinates.angles.Longitude
#       unit: *id001
#       value: !astropy.table.SerializedColumn {name: ra}
#       wrap_angle: !astropy.coordinates.Angle
#         unit: *id001
#         value: 360.0
#     radial_velocity:
#       __class__: astropy.units.quantity.Quantity
#       unit: !astropy.units.Unit {unit: km / s}
#       value: !astropy.table.SerializedColumn {name: radial_velocity}
# schema: astropy-2.0
ra,dec,distance,pm_ra_cosdec,pm_dec,radial_velocity
[from data line 2108]
207.5708153558539,12.921184468251777,14.125269135729564,3.3398804021523256,-8.587904452996774,-3.368306851948935e-14
207.56148096568975,12.925342723544743,14.124403185615426,3.339417232176901,-8.587081313294183,6.73661370389787e-14
207.55214633873473,12.929500805708795,14.123537213433591,3.3389540123971924,-8.586258086397875,-3.368306851948935e-14
207.54281147493936,12.9336587147449,14.122671219179363,3.338490742922459,-8.585434772276852,1.6841534259744676e-14
207.53347637425404,12.937816450654049,14.12180520284804,3.338027423861947,-8.584611370900108,-1.6841534259744676e-14
207.52414103662923,12.94197401343723,14.120939164434931,3.3375640553248958,-8.583787882236612,-1.6841534259744676e-14
207.51480546201537,12.946131403095428,14.120073103935345,3.3371006374205163,-8.582964306255327,0.0
207.5054696503629,12.950288619629648,14.119207021344584,3.3366371702580206,-8.582140642925204,5.0524602779234026e-14
207.4961336016222,12.954445663040897,14.118340916657953,3.3361736539465956,-8.58131689221517,3.368306851948935e-14
207.48679731574373,12.95860253333019,14.11747478987076,3.335710088595417,-8.58049305409415,-6.73661370389787e-14
207.47746079267793,12.962759230498538,14.116608640978308,3.335246474313647,-8.57966912853105,6.73661370389787e-14
207.46812403237521,12.966915754546976,14.1157424699759,3.3347828112104363,-8.578845115494763,0.0
207.45878703478596,12.97107210547653,14.114876276858853,3.334319099394917,-8.578021014954162,3.368306851948935e-14
207.44944979986062,12.975228283288248,14.114010061622459,3.3338553389762073,-8.57719682687812,0.0
207.4401123275496,12.979384287983157,14.11314382426203,3.333391530063411,-8.576372551235485,1.0104920555846805e-13
207.43077461780328,12.983540119562333,14.112277564772867,3.3329276727656265,-8.575548187995098,5.0524602779234026e-14
207.4214366705721,12.987695778026815,14.111411283150279,3.3324637671919186,-8.574723737125776,6.73661370389787e-14
207.4120984858064,12.991851263377674,14.110544979389575,3.331999813451357,-8.573899198596335,3.368306851948935e-14
207.40276006345667,12.996006575615986,14.109678653486055,3.3315358116529867,-8.57307457237557,1.6841534259744676e-14
207.3934214034732,13.000161714742822,14.108812305435022,3.331071761905844,-8.572249858432263,5.0524602779234026e-14
207.38408250580648,13.004316680759258,14.107945935231792,3.330607664318946,-8.571425056735176,-1.6841534259744676e-14
207.3747433704068,13.008471473666406,14.107079542871658,3.3301435190012985,-8.570600167253076,3.368306851948935e-14
207.36540399722463,13.012626093465343,14.106213128349934,3.3296793260618904,-8.569775189954694,1.0104920555846805e-13
207.35606438621025,13.016780540157184,14.105346691661918,3.3292150856096985,-8.568950124808765,0.0
207.34672453731412,13.02093481374303,14.104480232802926,3.3287507977536857,-8.568124971783995,-1.6841534259744676e-14
207.3373844504866,13.025088914224005,14.103613751768256,3.3282864626027977,-8.567299730849083,1.6841534259744676e-14
207.32804412567805,13.029242841601231,14.102747248553213,3.3278220802659693,-8.566474401972716,3.368306851948935e-14
207.3187035628388,13.033396595875837,14.101880723153107,3.327357650852122,-8.56564898512357,0.0
207.3093627619193,13.037550177048956,14.101014175563234,3.326893174470152,-8.564823480270295,6.73661370389787e-14
207.3000217228698,13.041703585121732,14.100147605778911,3.32642865122896,-8.563997887381538,0.0
207.2906804456407,13.045856820095315,14.099281013795437,3.325964081237413,-8.563172206425921,-3.368306851948935e-14
207.2813389301824,13.050009881970851,14.098414399608124,3.325499464604373,-8.562346437372067,0.0
207.27199717644515,13.054162770749517,14.097547763212267,3.3250348014386955,-8.561520580188578,-8.420767129872338e-14
207.2626551843794,13.058315486432466,14.096681104603183,3.324570091849203,-8.560694634844031,0.0
207.25331295393548,13.06246802902089,14.095814423776165,3.3241053359447186,-8.559868601307013,0.0
207.24397048506364,13.066620398515957,14.094947720726527,3.3236405338340487,-8.559042479546067,5.0524602779234026e-14
207.2346277777143,13.070772594918859,14.094080995449572,3.3231756856259773,-8.558216269529748,5.0524602779234026e-14
207.22528483183777,13.074924618230794,14.093214247940605,3.322710791429281,-8.557389971226584,5.0524602779234026e-14
207.21594164738434,13.079076468452959,14.092347478194934,3.322245851352723,-8.55656358460509,-1.6841534259744676e-14
207.2065982243044,13.08322814558656,14.091480686207865,3.321780865505045,-8.555737109633766,6.73661370389787e-14
207.19725456254818,13.087379649632815,14.090613871974695,3.321315833994986,-8.554910546281107,-1.6841534259744676e-14
207.18791066206612,13.091530980592943,14.089747035490738,3.320850756931255,-8.55408389451558,0.0
207.17856652280844,13.095682138468172,14.088880176751296,3.320385634422562,-8.553257154305648,-3.368306851948935e-14
207.1692221447255,13.099833123259733,14.088013295751677,3.3199204665775883,-8.552430325619754,1.6841534259744676e-14
207.15987752776755,13.103983934968875,14.087146392487181,3.319455253505017,-8.551603408426335,-1.0104920555846805e-13
207.15053267188495,13.108134573596832,14.086279466953117,3.3189899953135003,-8.5507764026938,-1.6841534259744676e-14
207.141187577028,13.112285039144863,14.085412519144796,3.318524692111683,-8.549949308390552,1.6841534259744676e-14
207.13184224314696,13.11643533161423,14.084545549057513,3.318059344008203,-8.549122125484985,-3.368306851948935e-14
207.12249667019216,13.1205854510062,14.083678556686582,3.31759395111167,-8.548294853945466,1.6841534259744676e-14
207.1131508581139,13.12473539732204,14.082811542027304,3.317128513530688,-8.547467493740358,3.368306851948935e-14
207.1038048068624,13.12888517056304,14.081944505074985,3.316663031373845,-8.54664004483801,6.73661370389787e-14
207.094458516388,13.133034770730475,14.08107744582493,3.316197504749713,-8.545812507206746,-1.6841534259744676e-14
207.08511198664092,13.137184197825643,14.080210364272443,3.315731933766851,-8.544984880814889,1.6841534259744676e-14
207.07576521757153,13.141333451849842,14.079343260412834,3.3152663185337996,-8.544157165630732,8.420767129872338e-14
207.06641820913003,13.145482532804383,14.078476134241408,3.314800659159095,-8.54332936162257,-3.368306851948935e-14
207.05707096126673,13.149631440690571,14.077608985753464,3.3143349557512436,-8.542501468758678,1.0104920555846805e-13
207.04772347393185,13.153780175509738,14.076741814944317,3.3138692084187538,-8.541673487007307,-1.6841534259744676e-14
207.0383757470757,13.157928737263195,14.075874621809263,3.313403417270107,-8.540845416336708,-5.0524602779234026e-14
207.0290277806485,13.162077125952278,14.075007406343612,3.3129375824137726,-8.540017256715108,5.0524602779234026e-14
207.01967957460053,13.166225341578333,14.07414016854267,3.3124717039582148,-8.539189008110725,0.0
207.01033112888203,13.170373384142698,14.073272908401744,3.312005782011868,-8.538360670491754,-3.368306851948935e-14
207.00098244344326,13.174521253646725,14.072405625916133,3.3115398166831658,-8.537532243826385,-1.6841534259744676e-14
206.99163351823444,13.178668950091783,14.071538321081151,3.311073808080516,-8.53670372808279,-6.73661370389787e-14
206.98228435320584,13.182816473479226,14.070670993892096,3.3106077563123226,-8.53587512322913,0.0
206.97293494830768,13.186963823810432,14.069803644344278,3.3101416614869645,-8.53504642923354,-5.0524602779234026e-14
206.9635853034902,13.191111001086778,14.068936272432998,3.3096755237128153,-8.534217646064155,5.0524602779234026e-14
206.9542354187036,13.19525800530965,14.068068878153566,3.309209343098231,-8.53338877368908,3.368306851948935e-14
206.94488529389815,13.19940483648044,14.067201461501284,3.308743119751548,-8.532559812076423,8.420767129872338e-14
206.93553492902404,13.203551494600548,14.066334022471462,3.308276853781094,-8.531730761194266,6.73661370389787e-14
206.9261843240315,13.207697979671376,14.0654665610594,3.3078105452951796,-8.530901621010676,0.0
206.91683347887079,13.211844291694339,14.064599077260407,3.307344194402106,-8.53007239149371,0.0
206.90748239349205,13.215990430670853,14.063731571069788,3.306877801210149,-8.529243072611408,5.0524602779234026e-14
206.8981310678455,13.220136396602346,14.062864042482845,3.30641136582758,-8.528413664331795,-6.73661370389787e-14
206.8887795018814,13.224282189490246,14.061996491494888,3.30594488836265,-8.52758416662288,1.6841534259744676e-14
206.87942769554988,13.228427809335994,14.061128918101218,3.3054783689235987,-8.526754579452664,0.0
206.8700756488012,13.232573256141032,14.060261322297151,3.305011807618649,-8.525924902789122,5.0524602779234026e-14
206.8607233615855,13.236718529906822,14.059393704077976,3.304545204556013,-8.52509513660023,5.0524602779234026e-14
206.85137083385303,13.240863630634811,14.058526063439011,3.3040785598438807,-8.52426528085393,8.420767129872338e-14
206.8420180655539,13.245008558326468,14.05765840037556,3.3036118735904334,-8.523435335518162,5.0524602779234026e-14
206.83266505663838,13.249153312983267,14.056790714882924,3.3031451459038372,-8.52260530056085,6.73661370389787e-14
206.82331180705654,13.253297894606684,14.055923006956407,3.3026783768922465,-8.521775175949907,-5.0524602779234026e-14
206.8139583167587,13.257442303198202,14.05505527659132,3.3022115666637877,-8.520944961653216,8.420767129872338e-14
206.80460458569488,13.261586538759325,14.054187523782964,3.3017447153265937,-8.520114657638654,0.0
206.79525061381534,13.265730601291533,14.053319748526652,3.3012778229887614,-8.519284263874093,3.368306851948935e-14
206.7858964010702,13.269874490796349,14.052451950817677,3.3008108897583908,-8.518453780327379,-5.0524602779234026e-14
206.7765419474097,13.27401820727527,14.051584130651358,3.300343915743551,-8.517623206966336,5.0524602779234026e-14
206.76718725278388,13.278161750729824,14.050716288022988,3.299876901052314,-8.516792543758793,1.6841534259744676e-14
206.757832317143,13.282305121161539,14.049848422927882,3.299409845792722,-8.515961790672552,-1.6841534259744676e-14
206.74847714043713,13.286448318571935,14.048980535361341,3.2989427500728086,-8.515130947675393,0.0
206.7391217226165,13.29059134296256,14.048112625318671,3.298475614000593,-8.514300014735094,5.0524602779234026e-14
206.72976606363113,13.29473419433496,14.047244692795175,3.2980084376840817,-8.513468991819417,0.0
206.72041016343127,13.298876872690684,14.046376737786167,3.2975412212312607,-8.5126378788961,1.6841534259744676e-14
206.71105402196702,13.303019378031292,14.045508760286943,3.2970739647501053,-8.511806675932874,-1.6841534259744676e-14
206.70169763918847,13.307161710358349,14.044640760292811,3.2966066683485775,-8.510975382897454,0.0
206.69234101504583,13.311303869673429,14.043772737799078,3.2961393321346204,-8.510143999757538,-3.368306851948935e-14
206.68298414948913,13.315445855978107,14.042904692801047,3.2956719562161685,-8.509312526480805,3.368306851948935e-14
206.67362704246858,13.319587669273973,14.04203662529403,3.295204540701132,-8.508480963034925,-1.6841534259744676e-14
206.66426969393422,13.323729309562616,14.041168535273325,3.294737085697416,-8.507649309387553,-1.6841534259744676e-14
206.6549121038362,13.327870776845643,14.040300422734237,3.2942695913129048,-8.506817565506326,3.368306851948935e-14
206.64555427212463,13.33201207112465,14.03943228767208,3.2938020576554705,-8.505985731358866,3.368306851948935e-14
206.6361961987496,13.336153192401259,14.038564130082152,3.2933344848329704,-8.505153806912784,-3.368306851948935e-14
206.62683788366124,13.340294140677088,14.037695949959755,3.2928668729532453,-8.50432179213567,-5.0524602779234026e-14
206.61747932680962,13.344434915953753,14.036827747300208,3.2923992221241236,-8.503489686995096,0.0
206.6081205281448,13.348575518232897,14.035959522098807,3.29193153245342,-8.502657491458633,1.6841534259744676e-14
206.59876148761694,13.352715947516165,14.035091274350856,3.2914638040489286,-8.501825205493821,-6.73661370389787e-14
206.58940220517607,13.35685620380519,14.034223004051665,3.290996037018435,-8.500992829068197,-5.0524602779234026e-14
206.58004268077235,13.360996287101631,14.033354711196534,3.290528231469708,-8.50016036214928,3.368306851948935e-14
206.57068291435579,13.365136197407152,14.032486395780776,3.290060387510497,-8.499327804704562,3.368306851948935e-14
206.56132290587647,13.369275934723413,14.031618057799689,3.2895925052485437,-8.498495156701535,1.0104920555846805e-13
206.55196265528443,13.373415499052097,14.030749697248583,3.2891245847915753,-8.49766241810767,-5.0524602779234026e-14
206.54260216252982,13.377554890394872,14.029881314122767,3.288656626247294,-8.496829588890417,3.368306851948935e-14
206.53324142756267,13.38169410875344,14.029012908417537,3.2881886297234004,-8.495996669017225,6.73661370389787e-14
206.523880450333,13.385833154129486,14.028144480128203,3.28772059532757,-8.495163658455514,6.73661370389787e-14
206.5145192307909,13.389972026524713,14.027276029250064,3.2872525231674725,-8.494330557172693,-5.0524602779234026e-14
206.50515776888645,13.394110725940827,14.026407555778444,3.286784413350751,-8.493497365136156,-3.368306851948935e-14
206.49579606456965,13.398249252379541,14.02553905970863,3.286316265985045,-8.492664082313281,5.0524602779234026e-14
206.48643411779054,13.40238760584258,14.024670541035936,3.2858480811779724,-8.491830708671435,8.420767129872338e-14
206.47707192849919,13.406525786331674,14.023801999755664,3.2853798590371417,-8.490997244177962,3.368306851948935e-14
206.4677094966456,13.41066379384855,14.022933435863125,3.2849115996701417,-8.490163688800193,-3.368306851948935e-14
206.45834682217986,13.414801628394962,14.022064849353614,3.2844433031845495,-8.489330042505452,-1.6841534259744676e-14
206.44898390505196,13.418939289972641,14.021196240222446,3.283974969687923,-8.488496305261034,3.368306851948935e-14
206.4396207452119,13.423076778583363,14.020327608464923,3.283506599287811,-8.48766247703423,-1.0104920555846805e-13
206.43025734260976,13.427214094228873,14.019458954076349,3.2830381920917437,-8.486828557792306,-1.0104920555846805e-13
206.42089369719554,13.431351236910947,14.018590277052034,3.2825697482072353,-8.485994547502518,3.368306851948935e-14
206.41152980891923,13.435488206631362,14.017721577387277,3.282101267741792,-8.48516044613211,6.73661370389787e-14
206.40216567773086,13.439625003391896,14.016852855077389,3.281632750802897,-8.484326253648302,1.1789073981821273e-13
206.3928013035804,13.443761627194343,14.015984110117671,3.2811641974980246,-8.483491970018306,3.368306851948935e-14
206.3834366864179,13.447898078040502,14.015115342503432,3.280695607934628,-8.482657595209307,0.0
206.3740718261933,13.452034355932168,14.014246552229974,3.280226982220151,-8.481823129188491,5.0524602779234026e-14
206.36470672285665,13.456170460871158,14.013377739292606,3.2797583204620246,-8.48098857192302,1.6841534259744676e-14
206.3553413763579,13.460306392859284,14.012508903686632,3.2792896227676533,-8.480153923380032,-3.368306851948935e-14
206.34597578664707,13.464442151898366,14.011640045407363,3.2788208892444377,-8.479319183526663,6.73661370389787e-14
206.33660995367413,13.468577737990246,14.01077116445009,3.278352119999762,-8.478484352330028,5.0524602779234026e-14
206.327243877389,13.472713151136757,14.009902260810131,3.2778833151409907,-8.477649429757225,-1.6841534259744676e-14
206.31787755774178,13.476848391339736,14.009033334482789,3.2774144747754788,-8.476814415775335,1.0104920555846805e-13
206.30851099468234,13.480983458601045,14.008164385463365,3.2769455990105634,-8.475979310351434,0.0
206.29914418816065,13.485118352922536,14.007295413747167,3.2764766879535645,-8.475144113452567,3.368306851948935e-14
206.2897771381267,13.48925307430607,14.006426419329506,3.276007741711791,-8.47430882504577,1.0104920555846805e-13
206.28040984453045,13.493387622753529,14.005557402205678,3.2755387603925374,-8.473473445098069,3.368306851948935e-14
206.27104230732184,13.497521998266782,14.004688362370997,3.275069744103079,-8.472637973576465,0.0
