galstreams/tracks/track.st.New-18.ibata2024.ecsv
# %ECSV 1.0
# ---
# datatype:
# - {name: ra, unit: deg, datatype: float64}
# - {name: dec, unit: deg, datatype: float64}
# - {name: distance, unit: kpc, datatype: float64}
# - {name: pm_ra_cosdec, unit: mas / yr, datatype: float64}
# - {name: pm_dec, unit: mas / yr, datatype: float64}
# - {name: radial_velocity, unit: km / s, datatype: float64}
# delimiter: ','
# meta: !!omap
# - __serialized_columns__:
#     dec:
#       __class__: astropy.coordinates.angles.Latitude
#       unit: &id001 !astropy.units.Unit {unit: deg}
#       value: !astropy.table.SerializedColumn {name: dec}
#     distance:
#       __class__: astropy.coordinates.distances.Distance
#       unit: !astropy.units.Unit {unit: kpc}
#       value: !astropy.table.SerializedColumn {name: distance}
#     pm_dec:
#       __class__: astropy.units.quantity.Quantity
#       unit: !astropy.units.Unit {unit: mas / yr}
#       value: !astropy.table.SerializedColumn {name: pm_dec}
#     pm_ra_cosdec:
#       __class__: astropy.units.quantity.Quantity
#       unit: !astropy.units.Unit {unit: mas / yr}
#       value: !astropy.table.SerializedColumn {name: pm_ra_cosdec}
#     ra:
#       __class__: astropy.coordinates.angles.Longitude
#       unit: *id001
#       value: !astropy.table.SerializedColumn {name: ra}
#       wrap_angle: !astropy.coordinates.Angle
#         unit: *id001
#         value: 360.0
#     radial_velocity:
#       __class__: astropy.units.quantity.Quantity
#       unit: !astropy.units.Unit {unit: km / s}
#       value: !astropy.table.SerializedColumn {name: radial_velocity}
# schema: astropy-2.0
ra,dec,distance,pm_ra_cosdec,pm_dec,radial_velocity
[from data line 736]
213.77362573309244,21.819274748967384,0.9999999999999993,-3.7517052656378667,-3.9840952495275985,999.9999999999997
213.77104841982964,21.830317585319367,0.9999999999999993,-3.7541497000510873,-3.9914596943603726,1000.0
213.76844027378718,21.841371799857225,0.9999999999999993,-3.7565933203045745,-3.99882914845972,999.9999999999999
213.7658012616986,21.852437400610782,0.9999999999999993,-3.759036122300671,-4.0062036057271655,1000.0000000000001
213.76313135026305,21.86351439558675,0.9999999999999992,-3.7614781019176036,-4.013583060072193,999.9999999999999
213.7604305061451,21.87460279276868,0.9999999999999993,-3.7639192550092986,-4.020967505412187,1000.0
213.7576986959748,21.88570260011687,0.9999999999999992,-3.7663595774057654,-4.028356935672548,1000.0
213.75493588634745,21.896813825568206,0.9999999999999992,-3.7687990649127414,-4.035751344786675,1000.0
213.7521420438235,21.907936477036113,0.9999999999999993,-3.77123771331145,-4.0431507266958135,1000.0
213.7493171349285,21.91907056241042,0.999999999999999,-3.773675518359042,-4.050555075349408,999.9999999999999
213.74646112615298,21.93021608955726,0.9999999999999992,-3.776112475788267,-4.057964384704732,1000.0000000000002
213.74357398395227,21.941373066318977,0.9999999999999993,-3.778548581307362,-4.065378648727204,1000.0000000000001
213.74065567474648,21.95254150051402,0.9999999999999993,-3.7809838306001637,-4.072797861390313,1000.0
213.7377061649204,21.96372139993684,0.999999999999999,-3.783418219326137,-4.080222016675606,999.9999999999999
213.73472542082328,21.974912772357737,0.9999999999999993,-3.785851743119892,-4.08765110857253,1000.0000000000001
213.73171340876883,21.986115625522842,0.9999999999999993,-3.7882843975917666,-4.095085131078861,999.9999999999999
213.72867009503506,21.997329967153934,0.9999999999999993,-3.790716178327301,-4.102524078200332,1000.0
213.72559544586414,22.008555804948376,0.9999999999999994,-3.7931470808873513,-4.109967943950835,1000.0000000000001
213.72248942746245,22.01979314657899,0.9999999999999992,-3.795577100808032,-4.117416722352488,1000.0
213.71935200600024,22.031041999693954,0.9999999999999993,-3.79800623360056,-4.124870407435353,1000.0
213.7161831476117,22.042302371916712,0.9999999999999993,-3.8004344747517678,-4.132328993237891,1000.0
213.71298281839472,22.053574270845825,0.9999999999999993,-3.8028618197231197,-4.1397924738065655,1000.0000000000001
213.70975098441096,22.064857704054894,0.9999999999999993,-3.80528826395134,-4.147260843196037,1000.0
213.70648761168547,22.07615267909248,0.9999999999999992,-3.80771380284817,-4.154734095469337,1000.0
213.70319266620686,22.087459203481917,0.9999999999999992,-3.810138431800482,-4.162212224697555,999.9999999999999
213.699866113927,22.098777284721272,0.9999999999999991,-3.812562146169796,-4.16969522496008,1000.0
213.69650792076095,22.110106930283205,0.9999999999999993,-3.8149849412928205,-4.1771830903445135,999.9999999999999
213.69311805258695,22.12144814761488,0.9999999999999991,-3.817406812480968,-4.184675814946843,1000.0
213.68969647524617,22.13280094413783,0.9999999999999991,-3.819827755020313,-4.19217339287114,1000.0000000000001
213.68624315454264,22.144165327247855,0.999999999999999,-3.822247764171962,-4.19967581822992,1000.0
213.68275805624313,22.155541304314916,0.9999999999999992,-3.8246668351713424,-4.2071830851439245,1000.0
213.6792411460772,22.166928882683052,0.9999999999999992,-3.8270849632290833,-4.214695187742279,1000.0000000000001
213.67569238973675,22.178328069670194,0.9999999999999991,-3.8295021435298224,-4.2222121201624105,1000.0000000000001
213.67211175287625,22.18973887256814,0.9999999999999992,-3.831918371233101,-4.229733876550014,1000.0
213.6684992011124,22.20116129864239,0.9999999999999992,-3.834333641472938,-4.2372604510593845,1000.0000000000001
213.66485470002416,22.21259535513204,0.9999999999999991,-3.8367479493576724,-4.244791837852915,999.9999999999999
213.66117821515255,22.224041049249685,0.9999999999999991,-3.839161289970292,-4.252328031101541,1000.0
213.65746971200045,22.235498388181316,0.9999999999999991,-3.841573658367821,-4.259869024984653,999.9999999999999
213.6537291560328,22.246967379086154,0.9999999999999991,-3.843985049581974,-4.267414813689953,1000.0
213.6499565126761,22.258448029096602,0.9999999999999991,-3.8463954586183604,-4.274965391413545,1000.0000000000002
213.64615174731858,22.26994034531809,0.9999999999999992,-3.8488048804569672,-4.2825207523601705,1000.0000000000001
213.64231482530997,22.281444334828986,0.9999999999999992,-3.8512133100521453,-4.290080890742843,1000.0000000000001
213.63844571196125,22.292960004680452,0.9999999999999991,-3.8536207423319553,-4.297645800783144,1000.0000000000002
213.63454437254492,22.304487361896356,0.999999999999999,-3.8560271721989636,-4.305215476711112,1000.0
213.63061077229446,22.316026413473157,0.999999999999999,-3.858432594529333,-4.3127899127653535,1000.0000000000001
213.62664487640447,22.327577166379754,0.999999999999999,-3.8608370041735753,-4.320369103192874,1000.0
213.62264665003045,22.339139627557422,0.9999999999999991,-3.863240395955785,-4.3279530422493195,999.9999999999999
213.61861605828875,22.350713803919668,0.999999999999999,-3.8656427646743197,-4.335541724198876,1000.0
213.61455306625635,22.362299702352104,0.9999999999999991,-3.8680441051009495,-4.343135143314214,1000.0
213.61045763897093,22.373897329712364,0.9999999999999991,-3.870444411981566,-4.350733293876672,1000.0
213.60632974143047,22.38550669282995,0.999999999999999,-3.8728436800354302,-4.358336170176045,1000.0
213.60216933859348,22.39712779850613,0.9999999999999991,-3.875241903955896,-4.365943766510895,1000.0000000000001
213.59797639537854,22.40876065351386,0.999999999999999,-3.8776390784095724,-4.3735560771883115,1000.0
213.5937508766644,22.420405264597576,0.9999999999999992,-3.8800351980368646,-4.38117309652398,1000.0000000000001
213.5894927472898,22.43206163847317,0.999999999999999,-3.8824302574515173,-4.388794818842285,1000.0000000000001
213.58520197205337,22.443729781827802,0.9999999999999992,-3.8848242512409854,-4.396421238476293,1000.0000000000002
213.5808785157135,22.455409701319827,0.9999999999999992,-3.88721717396605,-4.404052349767625,1000.0000000000002
213.5765223429881,22.467101403578656,0.9999999999999991,-3.889609020160634,-4.411688147066712,1000.0000000000001
213.5721334185548,22.47880489520463,0.999999999999999,-3.8919997843323983,-4.419328624732614,1000.0000000000001
213.56771170705048,22.49052018276892,0.9999999999999989,-3.894389460961861,-4.426973777133142,999.9999999999999
213.5632571730713,22.502247272813385,0.999999999999999,-3.8967780445031934,-4.4346235986448335,1000.0
213.5587697811726,22.513986171850465,0.9999999999999989,-3.899165529383353,-4.44227808365288,1000.0
213.5542494958688,22.525736886363056,0.999999999999999,-3.901551910002567,-4.449937226551327,1000.0000000000002
213.54969628163312,22.53749942280439,0.999999999999999,-3.903937180734104,-4.4576010217428745,1000.0000000000001
213.54511010289775,22.549273787597915,0.999999999999999,-3.906321335924474,-4.465269463639174,1000.0
213.54049092405342,22.561059987137174,0.9999999999999991,-3.9087043698927744,-4.472942546660491,1000.0000000000001
213.53583870944942,22.572858027785667,0.9999999999999989,-3.9110862769312433,-4.4806202652359985,999.9999999999999
213.5311534233935,22.58466791587675,0.9999999999999989,-3.9134670513049485,-4.488302613803697,1000.0000000000001
213.52643503015173,22.596489657713498,0.999999999999999,-3.9158466872516726,-4.49598958681031,1000.0
213.5216834939484,22.608323259568593,0.9999999999999989,-3.918225178982297,-4.503681178711531,1000.0000000000001
213.5168987789657,22.620168727684177,0.9999999999999989,-3.9206025206798785,-4.511377383971862,1000.0000000000001
213.51208084934396,22.632026068271767,0.9999999999999991,-3.922978706500402,-4.519078197064644,1000.0000000000001
213.50722966918127,22.643895287512095,0.999999999999999,-3.9253537305727804,-4.526783612472187,1000.0
213.50234520253332,22.655776391554987,0.999999999999999,-3.927727586997918,-4.5344936246855525,999.9999999999999
213.4974274134135,22.66766938651927,0.999999999999999,-3.930100269849447,-4.542208228204899,1000.0
213.49247626579262,22.6795742784926,0.999999999999999,-3.932471773173603,-4.549927417539152,1000.0000000000001
213.48749172359874,22.691491073531378,0.9999999999999988,-3.9348420909887807,-4.557651187206332,1000.0
213.48247375071722,22.703419777660585,0.9999999999999989,-3.937211217285906,-4.565379531733214,1000.0000000000002
213.4774223109904,22.71536039687369,0.9999999999999988,-3.9395791460278957,-4.573112445655653,1000.0000000000001
213.47233736821767,22.727312937132503,0.9999999999999989,-3.9419458711502813,-4.580849923518542,1000.0000000000001
213.4672188861552,22.739277404367055,0.9999999999999989,-3.9443113865606847,-4.588591959875572,1000.0
213.46206682851584,22.75125380447548,0.999999999999999,-3.9466756861386045,-4.5963385492896975,1000.0
213.4568811589691,22.76324214332384,0.9999999999999988,-3.949038763735885,-4.604089686332657,1000.0000000000001
213.45166184114083,22.77524242674606,0.9999999999999989,-3.9514006131763324,-4.611845365585211,1000.0000000000001
213.4464088386133,22.78725466054377,0.9999999999999989,-3.9537612282556154,-4.6196055816374155,1000.0
213.44112211492495,22.799278850486168,0.9999999999999989,-3.95612060274145,-4.627370329088123,1000.0
213.43580163357026,22.8113150023099,0.9999999999999989,-3.9584787303734004,-4.635139602545323,1000.0000000000001
213.43044735799975,22.823363121718934,0.9999999999999989,-3.960835604862851,-4.642913396626184,1000.0
213.42505925161964,22.835423214384413,0.999999999999999,-3.963191219892721,-4.65069170595676,1000.0
213.41963727779196,22.84749528594455,0.9999999999999987,-3.9655455691181345,-4.658474525172423,1000.0
213.4141813998342,22.859579342004473,0.9999999999999988,-3.967898646165267,-4.666261848917529,1000.0000000000001
213.40869158101935,22.871675388136104,0.9999999999999989,-3.970250444632285,-4.6740536718455985,1000.0
213.40316778457574,22.883783429878036,0.9999999999999989,-3.9726009580888757,-4.681849988619277,999.9999999999999
213.39760997368683,22.895903472735387,0.9999999999999988,-3.9749501800759646,-4.689650793910445,1000.0
213.39201811149115,22.90803552217966,0.9999999999999987,-3.9772981041061826,-4.697456082399995,1000.0
213.3863921610822,22.920179583648626,0.9999999999999989,-3.979644723663398,-4.705265848778097,1000.0000000000002
213.38073208550819,22.93233566254621,0.9999999999999989,-3.9819900322029156,-4.713080087744132,1000.0
213.37503784777203,22.944503764242306,0.9999999999999988,-3.9843340231509785,-4.720898794006644,1000.0000000000002
213.3693094108313,22.956683894072675,0.9999999999999988,-3.9866766899056643,-4.728721962283345,1000.0
213.3635467375978,22.968876057338807,0.9999999999999988,-3.9890180258355628,-4.736549587301212,1000.0000000000001
213.35774979093767,22.981080259307795,0.9999999999999988,-3.991358024280757,-4.744381663796531,1000.0
213.35191853367132,22.993296505212186,0.9999999999999988,-3.993696678552297,-4.752218186514696,1000.0000000000002
213.346052928573,23.005524800249844,0.9999999999999988,-3.996033981932115,-4.760059150210523,1000.0
213.34015293837095,23.01776514958382,0.9999999999999987,-3.9983699276732523,-4.767904549647952,1000.0
213.33421852574722,23.030017558342205,0.9999999999999989,-4.000704508999533,-4.775754379600244,999.9999999999999
213.32824965333737,23.042282031618043,0.9999999999999987,-4.003037719105677,-4.783608634850069,1000.0
213.3222462837305,23.054558574469095,0.9999999999999986,-4.005369551156974,-4.791467310189205,999.9999999999999
213.31620837946915,23.066847191917798,0.9999999999999986,-4.007699998289695,-4.799330400418967,1000.0000000000001
213.31013590304897,23.079147888951088,0.9999999999999987,-4.01002905361068,-4.807197900349848,1000.0000000000001
213.30402881691884,23.091460670520245,0.9999999999999988,-4.012356710197352,-4.8150698048017375,1000.0
213.2978870834805,23.103785541540788,0.9999999999999986,-4.014682961097577,-4.8229461086038725,1000.0
213.29171066508863,23.11612250689231,0.9999999999999986,-4.017007799330031,-4.830826806594899,1000.0000000000002
213.2854995240505,23.12847157141835,0.9999999999999986,-4.019331217883348,-4.838711893622701,999.9999999999995
213.27925362262607,23.140832739926253,0.9999999999999987,-4.021653209717158,-4.846601364544782,1000.0
213.27297292302765,23.153206017187028,0.9999999999999986,-4.023973767760793,-4.854495214227853,1000.0000000000002
213.26665738741988,23.165591407935196,0.9999999999999986,-4.0262928849141275,-4.86239343754805,1000.0000000000001
213.26030697791964,23.177988916868685,0.9999999999999987,-4.02861055404739,-4.870296029391028,1000.0
213.25392165659574,23.19039854864862,0.9999999999999987,-4.030926768000754,-4.878202984651793,1000.0
213.24750138546898,23.202820307899273,0.9999999999999987,-4.033241519584564,-4.886114298234887,1000.0
213.24104612651192,23.21525419920784,0.9999999999999984,-4.035554801579266,-4.89402996505423,999.9999999999999
213.23455584164867,23.227700227124338,0.9999999999999986,-4.037866606735051,-4.901949980033137,1000.0000000000001
213.22803049275493,23.24015839616144,0.9999999999999986,-4.040176927772237,-4.909874338104615,1000.0
213.22147004165774,23.25262871079437,0.9999999999999986,-4.042485757381002,-4.917803034210934,1000.0000000000001
213.2148744501354,23.265111175460717,0.9999999999999986,-4.04479308822134,-4.925736063304015,1000.0000000000001
213.20824367991722,23.277605794560312,0.9999999999999986,-4.047098912922948,-4.933673420345201,999.9999999999997
213.20157769268354,23.290112572455072,0.9999999999999986,-4.049403224085083,-4.941615100305441,999.9999999999997
213.19487645006555,23.302631513468867,0.9999999999999986,-4.0517060142770305,-4.9495610981651055,1000.0000000000001
213.18813991364502,23.315162621887364,0.9999999999999984,-4.054007276037083,-4.957511408914186,1000.0
213.18136804495438,23.327705901957888,0.9999999999999986,-4.056307001873662,-4.965466027552196,1000.0000000000001
213.17456080547637,23.340261357889272,0.9999999999999987,-4.0586051842640956,-4.973424949088255,1000.0
213.16771815664413,23.3528289938517,0.9999999999999984,-4.060901815655583,-4.981388168540931,1000.0
213.16084005984084,23.365408813976593,0.9999999999999987,-4.063196888464361,-4.989355680938559,1000.0
213.15392647639968,23.3780008223564,0.9999999999999987,-4.065490395075969,-4.997327481318834,1000.0000000000001
213.14697736760374,23.390605023044536,0.9999999999999984,-4.067782327845364,-5.005303564729346,1000.0000000000002
213.13999269468584,23.403221420055143,0.9999999999999986,-4.0700726790965405,-5.013283926227032,1000.0000000000002
213.13297241882836,23.415850017363002,0.9999999999999984,-4.072361441122652,-5.0212685608785534,999.9999999999999
213.12591650116315,23.428490818903374,0.9999999999999983,-4.074648606185818,-5.029257463760288,999.9999999999999
213.1188249027713,23.44114382857181,0.9999999999999983,-4.076934166517148,-5.037250629958137,999.9999999999997
213.11169758468318,23.453809050224063,0.9999999999999983,-4.079218114316788,-5.045248054567679,1000.0
213.1045345078781,23.46648648767587,0.9999999999999984,-4.0815004417536045,-5.053249732694113,1000.0000000000002
213.09733563328436,23.479176144702876,0.9999999999999986,-4.083781140965527,-5.0612556594524705,1000.0
213.0901009217789,23.491878025040418,0.9999999999999984,-4.086060204059052,-5.069265829967307,1000.0000000000001
213.08283033418735,23.50459213238339,0.9999999999999984,-4.088337623109226,-5.077280239372925,999.9999999999999
213.0755238312838,23.517318470386122,0.9999999999999983,-4.090613390160044,-5.085298882813333,999.9999999999999
213.06818137379057,23.530057042662182,0.9999999999999983,-4.092887497223856,-5.093321755442204,1000.0000000000001
213.06080292237837,23.54280785278425,0.9999999999999984,-4.095159936281661,-5.101348852422987,1000.0000000000001
213.05338843766583,23.555570904283947,0.9999999999999983,-4.097430699282754,-5.109380168928823,999.9999999999999
