galstreams/tracks/track.st.NGC6397.ibata2024.ecsv
# %ECSV 1.0
# ---
# datatype:
# - {name: ra, unit: deg, datatype: float64}
# - {name: dec, unit: deg, datatype: float64}
# - {name: distance, unit: kpc, datatype: float64}
# - {name: pm_ra_cosdec, unit: mas / yr, datatype: float64}
# - {name: pm_dec, unit: mas / yr, datatype: float64}
# - {name: radial_velocity, unit: km / s, datatype: float64}
# delimiter: ','
# meta: !!omap
# - __serialized_columns__:
#     dec:
#       __class__: astropy.coordinates.angles.Latitude
#       unit: &id001 !astropy.units.Unit {unit: deg}
#       value: !astropy.table.SerializedColumn {name: dec}
#     distance:
#       __class__: astropy.coordinates.distances.Distance
#       unit: !astropy.units.Unit {unit: kpc}
#       value: !astropy.table.SerializedColumn {name: distance}
#     pm_dec:
#       __class__: astropy.units.quantity.Quantity
#       unit: !astropy.units.Unit {unit: mas / yr}
#       value: !astropy.table.SerializedColumn {name: pm_dec}
#     pm_ra_cosdec:
#       __class__: astropy.units.quantity.Quantity
#       unit: !astropy.units.Unit {unit: mas / yr}
#       value: !astropy.table.SerializedColumn {name: pm_ra_cosdec}
#     ra:
#       __class__: astropy.coordinates.angles.Longitude
#       unit: *id001
#       value: !astropy.table.SerializedColumn {name: ra}
#       wrap_angle: !astropy.coordinates.Angle
#         unit: *id001
#         value: 360.0
#     radial_velocity:
#       __class__: astropy.units.quantity.Quantity
#       unit: !astropy.units.Unit {unit: km / s}
#       value: !astropy.table.SerializedColumn {name: radial_velocity}
# schema: astropy-2.0
ra,dec,distance,pm_ra_cosdec,pm_dec,radial_velocity
[from data line 2721]
303.2844409947884,-46.82832127118134,0.9999999999999999,5.872401442465405,-12.020554382277195,63.36433799597418
303.29346166263116,-46.819038054242085,1.0,5.870538247009582,-12.019264840318241,63.3373034523133
303.3024739143417,-46.809747676238516,0.9999999999999999,5.868671769426845,-12.017976489664782,63.31018713010631
303.3114777478336,-46.80045013524624,1.0,5.866802009244607,-12.016689330199174,63.282988974563686
303.3204731610257,-46.79114542934059,0.9999999999999998,5.864928965991291,-12.015403361801928,63.25570893089604
303.3294601518421,-46.78183355659649,1.0,5.863052639196301,-12.014118584351719,63.228346944313934
303.33843871821193,-46.772514515088496,0.9999999999999999,5.861173028390042,-12.012834997725394,63.2009029600279
303.3474088580697,-46.763188302890796,0.9999999999999998,5.859290133103901,-12.011552601797938,63.17337692324855
303.35637056935474,-46.753854918077224,1.0,5.857403952870257,-12.010271396442532,63.14576877918643
303.36532385001203,-46.74451435872122,0.9999999999999998,5.855514487222483,-12.0089913815305,63.11807847305208
303.37426869799117,-46.73516662289587,1.0,5.853621735694928,-12.007712556931338,63.09030595005609
303.3832051112474,-46.72581170867385,1.0,5.851725697822939,-12.006434922512712,63.062451155409015
303.39213308774083,-46.7164496141275,1.0,5.8498263731428395,-12.005158478140455,63.03451403432143
303.40105262543676,-46.707080337328755,0.9999999999999998,5.847923761191944,-12.003883223678564,63.00649453200387
303.4099637223058,-46.69770387634916,1.0,5.84601786150854,-12.002609158989204,62.97839259366693
303.4188663763234,-46.6883202292599,1.0,5.844108673631906,-12.001336283932725,62.95020816452114
303.42776058547054,-46.67892939413174,0.9999999999999999,5.8421961971022975,-12.000064598367628,62.921941189777115
303.436646347733,-46.66953136903512,1.0,5.840280431460948,-11.998794102150596,62.8935916146454
303.44552366110196,-46.66012615204001,0.9999999999999998,5.838361376250074,-11.997524795136492,62.86515938433652
303.4543925235734,-46.65071374121604,0.9999999999999999,5.836439031012863,-11.996256677178346,62.83664444406108
303.46325293314885,-46.641294134632425,1.0,5.83451339529348,-11.99498974812735,62.80804673902965
303.47210488783463,-46.631867330358006,1.0,5.832584468637075,-11.993724007832895,62.77936621445276
303.48094838564236,-46.62243332646122,0.9999999999999999,5.8306522505897584,-11.992459456142534,62.750602815540994
303.4897834245887,-46.61299212101008,0.9999999999999999,5.828716740698621,-11.991196092901994,62.72175648750489
303.4986100026955,-46.60354371207224,0.9999999999999999,5.826777938511723,-11.989933917955202,62.692827175555074
303.5074281179896,-46.59408809771491,0.9999999999999999,5.824835843578099,-11.98867293114424,62.66381482490203
303.51623776850306,-46.58462527600493,0.9999999999999998,5.822890455447749,-11.98741313230938,62.634719380756394
303.52503895227306,-46.575155245008716,0.9999999999999998,5.820941773671643,-11.98615452128908,62.60554078832869
303.5338316673418,-46.56567800279229,1.0,5.818989797801716,-11.984897097919966,62.576278992829515
303.5426159117566,-46.55619354742123,1.0,5.817034527390879,-11.983640862036875,62.54693393946939
303.55139168356993,-46.54670187696074,1.0,5.815075961992993,-11.982385813472796,62.51750557345886
303.56015898083933,-46.5372029894756,0.9999999999999999,5.8131141011629,-11.981131952058924,62.48799384000858
303.5689178016274,-46.52769688303017,1.0000000000000002,5.811148944456391,-11.97987927762462,62.458398684329026
303.5776681440018,-46.5181835556884,1.0000000000000002,5.809180491430228,-11.978627789997468,62.42872005163081
303.5864100060353,-46.508663005513824,1.0000000000000002,5.807208741642128,-11.9773774890032,62.3989578871245
303.59514338580584,-46.49913523056953,1.0000000000000002,5.805233694650777,-11.97612837446577,62.3691121360206
303.60386828139644,-46.48960022891821,1.0,5.8032553500158075,-11.97488044620729,62.33918274352976
303.61258469089495,-46.48005799862215,1.0,5.80127370729782,-11.973633704048098,62.3091696548625
303.6212926123945,-46.47050853774314,1.0,5.7992887660583605,-11.972388147806697,62.279072815229355
303.62999204399324,-46.460951844342645,1.0000000000000002,5.797300525859943,-11.971143777299789,62.248892169840936
303.63868298379447,-46.451387916481586,1.0000000000000002,5.795308986266036,-11.96990059234229,62.218627663907775
303.64736542990636,-46.44181675222056,1.0,5.793314146841048,-11.96865859274728,62.18827924264047
303.6560393804422,-46.43223834961966,1.0,5.791316007150349,-11.967417778326068,62.15784685124954
303.6647048335205,-46.42265270673858,1.0000000000000002,5.789314566760261,-11.966178148888133,62.12733043494563
303.6733617872646,-46.41305982163656,1.0,5.787309825238053,-11.964939704241168,62.09672993893919
303.68201023980293,-46.4034596923724,1.0,5.7853017821519455,-11.963702444191059,62.06604530844086
303.6906501892691,-46.39385231700448,1.0,5.783290437071107,-11.9624663685419,62.03527648866121
303.6992816338015,-46.38423769359072,1.0000000000000002,5.781275789565644,-11.961231477095984,62.00442342481076
303.70790457154396,-46.374615820188616,1.0000000000000002,5.779257839206629,-11.959997769653791,61.97348606210009
303.7165190006448,-46.36498669485521,1.0,5.77723658556606,-11.958765246014037,61.942464345739765
303.72512491925784,-46.35535031564709,1.0000000000000002,5.775212028216883,-11.957533905973621,61.91135822094039
303.73372232554175,-46.34570668062039,1.0000000000000002,5.773184166732994,-11.956303749327645,61.88016763291248
303.7423112176601,-46.33605578783081,1.0000000000000002,5.771153000689223,-11.955074775869436,61.848892526866585
303.75089159378155,-46.32639763533363,1.0000000000000002,5.769118529661349,-11.95384698539052,61.81753284801333
303.75946345207984,-46.316732221183585,1.0,5.767080753226078,-11.95262037768064,61.78608854156318
303.7680267907338,-46.30705954343508,1.0,5.765039670961062,-11.951394952527718,61.75455955272686
303.77658160792697,-46.297379600141944,1.0000000000000002,5.762995282444891,-11.950170709717938,61.72294582671475
303.7851279018481,-46.28769238935761,1.0,5.760947587257089,-11.94894764903566,61.69124730873753
303.79366567069104,-46.27799790913505,1.0000000000000002,5.758896584978114,-11.947725770263473,61.65946394400576
303.80219491265433,-46.26829615752677,1.0000000000000002,5.756842275189361,-11.94650507318218,61.62759567772995
303.81071562594167,-46.25858713258479,1.0000000000000002,5.754784657473158,-11.945285557570802,61.5956424551207
303.81922780876175,-46.2488708323607,1.0,5.752723731412763,-11.94406722320658,61.56360422138854
303.82773145932833,-46.23914725490562,1.0,5.750659496592362,-11.94285006986496,61.53148092174414
303.8362265758598,-46.22941639827015,1.0,5.748591952597074,-11.941634097319625,61.499272501397904
303.84471315658004,-46.219678260504494,1.0000000000000002,5.746521099012951,-11.94041930534247,61.46697890556053
303.85319119971746,-46.20993283965833,1.0000000000000002,5.744446935426966,-11.939205693703617,61.4346000794425
303.8616607035056,-46.2001801337809,1.0000000000000002,5.742369461427019,-11.93799326217141,61.402135968254434
303.87012166618297,-46.190420140920956,1.0000000000000002,5.740288676601945,-11.936782010512424,61.369586517206855
303.8785740859931,-46.18065285912675,1.0000000000000002,5.738204580541485,-11.935571938491448,61.33695167151035
303.88701796118426,-46.17087828644609,1.0,5.736117172836326,-11.93436304587152,61.304231376375455
303.89545329000987,-46.161096420926306,1.0000000000000002,5.7340264530780525,-11.933155332413873,61.27142557701273
303.9038800707283,-46.151307260614225,1.0000000000000002,5.731932420859193,-11.931948797878002,61.23853421863283
303.91229830160273,-46.14151080355619,1.0,5.729835075773186,-11.930743442021628,61.20555724644618
303.9207079809014,-46.13170704779809,1.0000000000000002,5.727734417414386,-11.929539264600686,61.172494605663495
303.9291091068974,-46.12189599138529,1.0000000000000002,5.7256304453780675,-11.928336265369358,61.13934624149521
303.9375016778687,-46.11207763236269,1.0000000000000002,5.723523159260432,-11.927134444080076,61.10611209915196
303.94588569209833,-46.1022519687747,1.0000000000000002,5.721412558658581,-11.925933800483477,61.072792123844245
303.9542611478742,-46.092418998665245,1.0000000000000002,5.719298643170541,-11.92473433432846,61.0393862607827
303.96262804348913,-46.08257872007772,1.0000000000000002,5.71718141239525,-11.923536045362159,61.005894455177845
303.9709863772409,-46.07273113105509,1.0,5.715060865932562,-11.92233893332994,60.97231665224029
303.979336147432,-46.06287622963976,1.0000000000000002,5.7129370033832325,-11.92114299797541,60.938652797180545
303.98767735237004,-46.053014013873685,1.0000000000000002,5.71080982434894,-11.919948239040439,60.90490283520923
303.9960099903675,-46.04314448179831,1.0,5.708679328432268,-11.91875465626512,60.871066711536855
304.00433405974167,-46.033267631454535,1.0000000000000002,5.706545515236706,-11.917562249387796,60.837144371373974
304.01264955881487,-46.02338346088285,1.0000000000000002,5.704408384366651,-11.916371018145064,60.803135759931266
304.0209564859141,-46.013491968123134,1.0000000000000002,5.702267935427409,-11.915180962271771,60.76904082241913
304.0292548393714,-46.00359315121486,1.0000000000000002,5.700124168025196,-11.913992081500997,60.73485950404821
304.0375446175237,-45.99368700819692,1.0000000000000002,5.697977081767124,-11.912804375564098,60.700591750029126
304.0458258187128,-45.983773537107744,1.0000000000000002,5.695826676261207,-11.91161784419066,60.666237505572354
304.05409844128513,-45.97385273598523,1.0,5.693672951116373,-11.91043248710854,60.63179671588851
304.0623624835925,-45.96392460286678,1.0000000000000002,5.69151590594244,-11.909248304043832,60.59726932618813
304.070617943991,-45.95398913578927,1.0000000000000002,5.68935554035013,-11.908065294720911,60.5626552816818
304.07886482084206,-45.944046332789064,1.0000000000000002,5.687191853951064,-11.906883458862382,60.52795452758004
304.08710311251167,-45.93409619190202,1.0000000000000002,5.685024846357769,-11.905702796189136,60.493167009093476
304.0953328173708,-45.92413871116347,1.0000000000000002,5.6828545171836495,-11.904523306420305,60.458292671432645
304.1035539337952,-45.914173888608225,1.0,5.68068086604303,-11.9033449892733,60.42333145980809
304.1117664601655,-45.904201722270585,1.0,5.678503892551108,-11.902167844463778,60.3882833194304
304.1199703948671,-45.89422221018432,1.0000000000000002,5.67632359632399,-11.900991871705678,60.353148195510116
304.12816573629044,-45.884235350382696,1.0,5.674139976978674,-11.899817070711194,60.317926033257855
304.13635248283055,-45.87424114089841,1.0000000000000002,5.671953034133034,-11.898643441190789,60.28261677788411
304.1445306328874,-45.86423957976369,1.0000000000000002,5.669762767405864,-11.897470982853203,60.24722037459951
304.15270018486575,-45.8542306650102,1.0,5.667569176416818,-11.896299695405444,60.21173676861455
304.16086113717523,-45.84421439466908,1.0000000000000002,5.665372260786455,-11.895129578552783,60.17616590513986
304.1690134882302,-45.83419076677095,1.0,5.663172020136224,-11.893960631998782,60.140507729385945
304.17715723644983,-45.824159779345905,1.0000000000000002,5.6609684540884455,-11.89279285544526,60.10476218656344
304.18529238025826,-45.81412143042345,1.0000000000000002,5.658761562266344,-11.89162624859233,60.06892922188284
304.19341891808426,-45.80407571803263,1.0000000000000002,5.656551344294011,-11.890460811138368,60.03300878055474
304.2015368483614,-45.79402264020192,1.0,5.6543377997964415,-11.889296542780038,59.99700080778972
304.209646169528,-45.783962194959265,1.0,5.652120928399492,-11.888133443212292,59.96090524879832
304.21774688002745,-45.773894380332045,1.0000000000000002,5.649900729729915,-11.886971512128351,59.92472204879113
304.2258389783076,-45.76381919434713,1.0000000000000002,5.6476772034153395,-11.885810749219713,59.888451152978675
304.23392246282106,-45.753736635030826,1.0,5.645450349084276,-11.884651154176208,59.85209250657151
304.2419973320256,-45.74364670040893,1.0000000000000002,5.643220166366101,-11.883492726685885,59.815646054780274
304.2500635843833,-45.733549388506646,1.0000000000000002,5.640986654891089,-11.882335466435142,59.77911174281546
304.2581212183614,-45.72344469734866,1.0000000000000002,5.6387498142903745,-11.881179373108628,59.742489515887655
304.2661702324315,-45.713332624959115,1.0000000000000004,5.636509644195975,-11.880024446389305,59.705779319207416
304.2742106250703,-45.7032131693616,1.0000000000000004,5.634266144240782,-11.878870685958423,59.66898109798532
304.282242394759,-45.693086328579135,1.0000000000000004,5.632019314058557,-11.877718091495526,59.63209479743194
304.2902655399838,-45.6829521006342,1.0000000000000004,5.6297691532839345,-11.876566662678451,59.595120362757825
304.29828005923537,-45.67281048354874,1.0000000000000004,5.627515661552425,-11.87541639918334,59.55805773917352
304.30628595100933,-45.662661475344116,1.0000000000000002,5.625258838500402,-11.874267300684632,59.52090687188963
304.3142832138059,-45.65250507404115,1.0000000000000002,5.622998683765114,-11.873119366855065,59.48366770611669
304.32227184613004,-45.6423412776601,1.0000000000000002,5.6207351969846755,-11.87197259736568,59.446340187065296
304.3302518464915,-45.63217008422065,1.0000000000000002,5.618468377798068,-11.870826991885831,59.40892425994595
304.3382232134048,-45.62199149174197,1.0000000000000004,5.61619822584514,-11.869682550083162,59.37141986996929
304.34618594538887,-45.61180549824263,1.0000000000000004,5.613924740766606,-11.868539271623643,59.33382696234583
304.3541400409678,-45.60161210174063,1.0000000000000004,5.611647922204043,-11.867397156171544,59.29614548228615
304.36208549867,-45.59141130025342,1.0000000000000002,5.609367769799889,-11.866256203389446,59.25837537500082
304.37002231702877,-45.5812030917979,1.0000000000000004,5.60708428319745,-11.865116412938244,59.22051658570035
304.3779504945821,-45.57098747439039,1.0000000000000004,5.604797462040891,-11.863977784477136,59.182569059595416
304.38587002987254,-45.560764446046626,1.0000000000000004,5.602507305975231,-11.86284031766366,59.14453274189648
304.3937809214475,-45.55053400478179,1.0000000000000004,5.600213814646359,-11.861704012153645,59.10640757781414
304.40168316785895,-45.54029614861049,1.0000000000000004,5.597916987701015,-11.860568867601266,59.068193512558985
304.40957676766357,-45.53005087554675,1.0000000000000004,5.595616824786795,-11.859434883658999,59.02989049134152
304.41746171942276,-45.51979818360405,1.0000000000000004,5.593313325552155,-11.85830205997764,58.99149845937239
304.4253380217025,-45.509538070795266,1.0000000000000004,5.591006489646406,-11.857170396206328,58.95301736186207
304.4332056730734,-45.499270535132716,1.0000000000000004,5.5886963167197115,-11.85603989199251,58.91444714402122
304.44106467211094,-45.48899557462811,1.0000000000000004,5.586382806423087,-11.854910546981973,58.87578775106029
304.44891501739505,-45.47871318729263,1.0000000000000004,5.584065958408407,-11.853782360818824,58.837039128189964
304.45675670751035,-45.46842337113681,1.0000000000000002,5.581745772328383,-11.852655333145513,58.79820122062072
304.46458974104615,-45.45812612417067,1.0000000000000004,5.579422247836591,-11.85152946360279,58.759273973563154
304.4724141165963,-45.4478214444036,1.0000000000000004,5.577095384587452,-11.850404751829792,58.720257332227845
304.48022983275945,-45.437509329844424,1.0000000000000004,5.574765182236228,-11.849281197463949,58.68115124182531
304.4880368881387,-45.42718977850138,1.0000000000000004,5.572431640439039,-11.848158800141043,58.64195564756616
304.4958352813419,-45.416862788382126,1.0000000000000004,5.570094758852841,-11.847037559495197,58.602670494660934
304.5036250109814,-45.406528357493706,1.0000000000000004,5.567754537135448,-11.845917475158876,58.56329572832022
304.5114060756743,-45.396186483842605,1.0000000000000004,5.5654109749455,-11.844798546762885,58.523831293754526
