galstreams/tracks/track.st.M68-Fjorm.ibata2021.ecsv
# %ECSV 0.9
# ---
# datatype:
# - {name: ra, unit: deg, datatype: float64}
# - {name: dec, unit: deg, datatype: float64}
# - {name: distance, unit: kpc, datatype: float64}
# - {name: pm_ra_cosdec, unit: mas / yr, datatype: float64}
# - {name: pm_dec, unit: mas / yr, datatype: float64}
# - {name: radial_velocity, unit: km / s, datatype: float64}
# delimiter: ','
# meta: !!omap
# - __serialized_columns__:
#     dec:
#       __class__: astropy.coordinates.angles.Latitude
#       unit: &id001 !astropy.units.Unit {unit: deg}
#       value: !astropy.table.SerializedColumn {name: dec}
#     distance:
#       __class__: astropy.coordinates.distances.Distance
#       unit: !astropy.units.Unit {unit: kpc}
#       value: !astropy.table.SerializedColumn {name: distance}
#     pm_dec:
#       __class__: astropy.units.quantity.Quantity
#       unit: !astropy.units.Unit {unit: mas / yr}
#       value: !astropy.table.SerializedColumn {name: pm_dec}
#     pm_ra_cosdec:
#       __class__: astropy.units.quantity.Quantity
#       unit: !astropy.units.Unit {unit: mas / yr}
#       value: !astropy.table.SerializedColumn {name: pm_ra_cosdec}
#     ra:
#       __class__: astropy.coordinates.angles.Longitude
#       unit: *id001
#       value: !astropy.table.SerializedColumn {name: ra}
#       wrap_angle: !astropy.coordinates.Angle
#         unit: *id001
#         value: 360.0
#     radial_velocity:
#       __class__: astropy.units.quantity.Quantity
#       unit: !astropy.units.Unit {unit: km / s}
#       value: !astropy.table.SerializedColumn {name: radial_velocity}
# schema: astropy-2.0
ra,dec,distance,pm_ra_cosdec,pm_dec,radial_velocity
[from data line 4521]
194.37605719200081,-0.4007437069944754,5.8978989800068495,-2.705458001586039,3.3978567807913977,1.9736172960638294e-15
194.37834456590397,-0.3906943233277246,5.8985459565612635,-2.705108140874619,3.398653930459179,2.7499067658489354e-14
194.38063222136697,-0.38064501811012574,5.899192221642495,-2.7047582318813093,3.3994509151494112,-1.8025704637382973e-14
194.38292015840796,-0.3705957913267056,5.899837775312914,-2.7044082746138223,3.4002477348047364,2.065719436546808e-14
194.38520837704544,-0.3605466429624237,5.900482617635128,-2.7040582690798236,3.401044389367911,1.0789107885148933e-14
194.38749687729808,-0.3504975730023124,5.901126748672006,-2.7037082152869223,3.4018408787818286,-4.539319780946807e-15
194.38978565918464,-0.3404485814314456,5.901770168486647,-2.703358113242682,3.402637202989486,-1.1315405830765954e-14
194.39207472272398,-0.3303996682349023,5.902412877142406,-2.7030079629546067,3.403433361934026,-1.7433619448563826e-14
194.3943640679352,-0.32035083339785575,5.903054874702881,-2.7026577644301497,3.4042293555587033,-3.0788429818595735e-14
194.3966536955633,-0.3103020771106553,5.903696159299343,-2.7023075176022218,3.4050251833210883,-2.3354471336755313e-14
194.3989436076916,-0.30025339994226474,5.904336725496216,-2.70195722226655,3.405820843781061,5.131404969765956e-14
194.4012338015473,-0.2902048010882826,5.904976580791716,-2.701606878717202,3.4066163387502426,1.0657533398744677e-14
194.40352427714993,-0.28015628053398794,5.905615725250428,-2.701256486961419,3.4074116681723785,3.80908138140319e-14
194.40581503451943,-0.27010783826472073,5.906254158937196,-2.700906047006393,3.408206831991351,3.039370635938297e-14
194.4081060736757,-0.26005947426582254,5.906891881917101,-2.700555558859262,3.4090018301511664,-4.473532537744679e-15
194.4103973946389,-0.25001118852273296,5.90752889425547,-2.700205022527115,3.4097966625959417,2.0525619879063826e-14
194.41268899742929,-0.23996298102087507,5.908165196017868,-2.699854438016988,3.4105913292699253,7.236596752234041e-15
194.41498088206743,-0.22991485174573903,5.9088007872701205,-2.699503805335865,3.4113858301174913,-1.0789107885148933e-14
194.4172730485737,-0.21986680068281889,5.909435668078286,-2.6991531244906755,3.4121801650831363,1.61836618277234e-14
194.419565496969,-0.20981882781764688,5.910069838508674,-2.698802395488299,3.4129743341114667,1.8815151555808505e-14
194.42185822727416,-0.19977093313588967,5.910703298627836,-2.6984516183355636,3.4137683371472294,6.907660536223402e-15
194.42415123951022,-0.1897231166231454,5.91133604850257,-2.6981007930392424,3.41456217413529,3.151208949381914e-14
194.42644453369837,-0.17967537826507082,5.9119680881999175,-2.697749919606058,3.4153558450206316,2.1183492311085102e-14
194.42873810985995,-0.1696277180473626,5.912599417787164,-2.6973989980426856,3.416149349748366,3.11831532778085e-14
194.43103196801647,-0.15958013595577483,5.913230037331841,-2.6970480283557405,3.416942688263717,2.3190003228749994e-14
194.43332610818956,-0.14953263197606392,5.913859946901723,-2.696697010551792,3.417735860512042,1.3058767775622337e-14
194.43562053040102,-0.13948520609406162,5.914489146564826,-2.6963459446373577,3.4185288664388183,9.868086480319146e-17
194.43791523467283,-0.12943785829555016,5.915117636389409,-2.6959948306188997,3.419321705989641,7.466852103441487e-15
194.44021022102706,-0.11939058856653995,5.915745416443992,-2.6956436685028287,3.420114379110231,1.4440299882867016e-14
194.4425054894859,-0.10934339689290098,5.916372486797313,-2.695292458295508,3.4209068857464375,2.4472854471191484e-14
194.44480104007187,-0.09929628326057828,5.916998847518373,-2.6949412000032433,3.421699225844222,-1.3289023126829784e-14
194.44709687280738,-0.08924924765559988,5.917624498676403,-2.694589893632295,3.4224913993496724,3.295940884426595e-14
194.44939298771527,-0.07920229006397038,5.918249440340895,-2.6942385391888632,3.4232834062090025,-1.5953406476515953e-15
194.4516893848183,-0.06915541047178603,5.918873672581565,-2.693887136679104,3.4240752463685418,-1.3979789180452124e-15
194.4539860641395,-0.05910860886514222,5.9194971954683835,-2.693535686109122,3.4248669197747463,6.299128536603722e-15
194.456283025702,-0.04906188523020038,5.920120009071562,-2.693184187484963,3.4256584263741896,3.488368570792818e-14
194.45858026952916,-0.039015239553094376,5.920742113461552,-2.69283264081263,3.426449766113572,2.1241056148886962e-14
194.4608777956444,-0.0289686718201384,5.921363508709049,-2.6924810460980693,3.4272409389397116,2.0196683663053188e-14
194.46317560407132,-0.018922182017544354,5.921984194885002,-2.6921294033471725,3.4280319447995584,4.0866213136621666e-14
194.46547369483372,-0.008875770131615425,5.922604172060588,-2.691777712565786,3.428822783640172,2.3218785147650924e-14
194.46777206795542,0.0011705638513266102,5.923223440307238,-2.691425973759701,3.4296134554087407,1.662155816528756e-14
194.47007072346057,0.01121681994491032,5.923841999696612,-2.69107418693466,3.4304039600525713,-1.3182118856626327e-14
194.4723696613733,0.021262998162721987,5.924459850300626,-2.6907223520963535,3.431194297519087,1.5571018125403587e-14
194.4746688817181,0.03130909851830492,5.925076992191427,-2.690370469250418,3.4319844677558486,-1.1841703776382976e-14
194.4769683845193,0.04135512102525175,5.925693425441414,-2.690018538402441,3.432774470710523,-7.179032914432178e-15
194.47926816980166,0.051401065696943915,5.926309150123228,-2.6896665595579567,3.433564306330905,-1.8371087664194144e-14
194.48156823758998,0.06144693254685987,5.926924166309743,-2.689314532722448,3.434353974564913,-1.644681080053191e-15
194.48386858790923,0.07149272158841728,5.927538474074084,-2.68896245790135,3.435143475360579,4.175845262255052e-14
194.48616922078452,0.08153843283496985,5.9281520734896125,-2.6886103351000434,3.4359328086660677,1.1874597397984039e-14
194.48847013624106,0.09158406629987503,5.928764964629929,-2.688258164323857,3.4367219744296533,4.049204819090956e-14
194.49077133430433,0.1016296219964149,5.929377147568887,-2.6879059455780707,3.437510972599741,9.604937507510635e-15
194.49307281499986,0.11167509993785345,5.929988622380571,-2.687553678867909,3.438299803124853,-2.022957728465425e-14
194.49537457835336,0.12172050013741956,5.930599389139308,-2.687201364198553,3.4390884659536263,3.710400516599999e-14
194.4976766243907,0.13176582260827854,5.931209447919673,-2.6868490015751254,3.4398769610348277,5.295873077771275e-14
194.4999789531379,0.1418110673636506,5.931818798796473,-2.6864965910026988,3.4406652883173443,1.9900641068643613e-14
194.50228156462111,0.15185623441653848,5.932427441844765,-2.686144132486297,3.4414534477501832,-1.0197022696329785e-15
194.50458445886667,0.16190132378006383,5.93303537713984,-2.6857916260308925,3.4422414392824665,-2.4736003443999992e-14
194.506887635901,0.17194633546727464,5.9336426047572335,-2.6854390716414045,3.443029262863444,1.6084980962920207e-14
194.5091910957507,0.1819912694911568,5.934249124772725,-2.6850864693227003,3.4438169184424887,2.7762216631297865e-14
194.51149483844264,0.19203612586467234,5.934854937262324,-2.6847338190796006,3.4446044059690846,-6.776086049819147e-15
194.5137988640036,0.20208090460077044,5.935460042302295,-2.684381120916873,3.445391725392842,1.0131235453127657e-14
194.51610317246073,0.21212560571238462,5.936064439969123,-2.6840283748392357,3.4461788766634944,-1.9078300528617015e-15
194.5184077638412,0.22217022921225066,5.936668130339556,-2.6836755808513493,3.44696585973089,-1.1183831344361698e-15
194.5207126381724,0.23221477511325064,5.937271113490572,-2.6833227389578296,3.447752674545001,9.999660966723401e-15
194.52301779548185,0.2422592434281494,5.9378733894993765,-2.6829698491632423,3.448539321055919,2.9406897711351056e-14
194.52532323579715,0.2523036341697108,5.938474958443444,-2.682616911472097,3.4493257992138604,-1.4275831774861697e-14
194.52762895914617,0.2623479473506283,5.939075820400463,-2.682263925888856,3.4501121089691513,-1.723625771895744e-14
194.52993496555686,0.2723921829835563,5.939675975448372,-2.6819108924179287,3.4508982502722505,-4.8024687537553175e-15
194.53224125505736,0.28243634108114396,5.940275423665348,-2.681557811063678,3.4516842230737264,2.980162117056382e-14
194.53454782767588,0.2924804216559928,5.940874165129811,-2.68120468183041,3.4524700273242765,1.1381193073968082e-14
194.53685468344082,0.3025244247206395,5.941472199920415,-2.680851504722384,3.4532556629747075,4.144596321734041e-15
194.53916182238086,0.3125683502876629,5.942069528116049,-2.680498279743812,3.454041129975959,3.539353684274467e-14
194.5414692445246,0.3226121983694495,5.94266614979586,-2.6801450068988424,3.4548264282790844,3.6511919977180843e-14
194.54377694990092,0.3326559689784972,5.943262065039222,-2.6797916861915834,3.4556115578352546,2.4867577930404248e-14
194.54608493853883,0.3426996621272244,5.943857273925743,-2.6794383176260927,3.4563965185957626,3.769609035481914e-14
194.5483932104675,0.3527432778279891,5.944451776535272,-2.6790849012063713,3.4571813105120244,4.407745294542552e-14
194.55070176571627,0.3627868160931356,5.9450455729479055,-2.6787314369363777,3.4579659335355672,4.170911219014893e-14
194.55301060431452,0.3728302769349528,5.945638663243975,-2.6783779248200106,3.4587503876180516,3.8156601057234034e-14
194.55531972629197,0.3828736603657138,5.946231047504045,-2.6780243648611264,3.4595346727112446,-3.6972430679595734e-14
194.55762913167828,0.39291696639770984,5.946822725808925,-2.677670757063526,3.4603187887670295,-9.736511993914891e-15
194.5599388205034,0.4029601950430062,5.947413698239661,-2.6773171014309582,3.461102735737433,-2.6051748308042545e-14
194.56224879279733,0.4130033463138098,5.948003964877535,-2.676963397967125,3.4618865135745795,-2.8946387008936165e-14
194.56455904859038,0.42304642022224304,5.948593525804067,-2.6766096466756806,3.4626701222307137,1.3157448640425529e-15
194.56686958896907,0.4330894164815474,5.949182378230523,-2.6762558474557974,3.463453560915807,-1.5788938368510635e-14
194.5691804152711,0.4431323347339466,5.949770518683587,-2.6759020001820177,3.4642368286616705,-6.315575347404253e-15
194.5714915251613,0.4531751756607836,5.95035795367341,-2.675548105091831,3.4650199270827873,2.1051917824680845e-15
194.57380291867034,0.46321793927402954,5.950944683282481,-2.675194162188683,3.46580285613189,4.1182814244531904e-14
194.5761145958293,0.47326062558560494,5.951530707593509,-2.674840171475975,3.4665856157618293,1.5525789395702124e-14
194.57842655666929,0.48330323460740543,5.9521160266894615,-2.6744861329570475,3.467368205925567,-5.657702915382977e-15
194.58073880122146,0.4933457663513631,5.952700640653531,-2.674132046635199,3.468150626576202,2.3288684093553184e-14
194.58305132951725,0.5033882208291678,5.953284549569158,-2.6737779125136685,3.4689328776669406,3.513038786993616e-14
194.5853641415883,0.513430598052657,5.953867753520003,-2.6734237305956605,3.4697149591511085,3.934077143487233e-14
194.5876772374662,0.5234728980335872,5.954450252589985,-2.673069500884309,3.4704968709821586,2.6051748308042545e-14
194.5899906171829,0.5335151207836596,5.95503204686324,-2.6727152233827156,3.4712786131136455,-3.815660105723403e-15
194.59230428077032,0.5435572663145516,5.9556131364241525,-2.672360898093922,3.4720601854992563,1.1578554803574466e-14
194.59461822826069,0.553599334637906,5.956193521357342,-2.672006525020923,3.4728415880927903,3.9472345921276583e-16
194.59693245968623,0.5636413257653731,5.956773201747661,-2.6716521041666623,3.4736228208481656,5.341924148012764e-14
194.5992469750794,0.5736832397084058,5.9573521776802085,-2.67129763553403,3.47440388371943,3.841975003004254e-14
194.60156177447283,0.58372507647858,5.957930449240313,-2.67094311912587,3.475184776660744,4.0393367326106375e-14
194.60387685789928,0.5937668360873972,5.958508016513533,-2.670588554944977,3.47596549962637,3.249889814185105e-14
194.60619222539162,0.603808518546284,5.959084879585676,-2.6702339429940922,3.4767460525707174,-1.986774744704255e-14
194.60850787698286,0.6138501238666888,5.959661038542777,-2.669879283275913,3.4775264354482855,3.3025196087468076e-14
194.6108238127062,0.6238916520599855,5.960236493471112,-2.6695245757930746,3.478306648213717,-3.5525111329148927e-15
194.61314003259506,0.6339331031375064,5.96081124445719,-2.6691698205481744,3.4790866908217484,4.4209027431829774e-14
194.61545653668284,0.6439744771105536,5.961385291587756,-2.6688150175437553,3.4798665632272634,1.3025874154021273e-14
194.6177733250032,0.6540157739904037,5.961958634949792,-2.6684601667823094,3.4806462653852366,1.2894299667617018e-14
194.62009039758996,0.6640569937883505,5.962531274630518,-2.6681052682662796,3.4814257972507696,-8.815490589085104e-15
194.62240775447705,0.6740981365154769,5.963103210717385,-2.6677503219980556,3.4822051587790943,-1.0262809939531913e-14
194.62472539569853,0.6841392021829852,5.9636744432980775,-2.667395327979986,3.482984349925543,1.2104852749191486e-14
194.62704332128862,0.6941801908020131,5.964244972460528,-2.667040286214359,3.4837633706455757,2.6841195226468077e-14
194.62936153128175,0.7042211023836442,5.964814798292893,-2.6666851967034177,3.4845422208947725,4.578792126868084e-14
194.6316800257124,0.7142619369389192,5.965383920883565,-2.666330059449357,3.4853209006288166,4.0261792839702116e-14
194.6339988046153,0.7243026944788579,5.965952340321171,-2.6659748744543212,3.486099409803525,3.9209196948468075e-14
194.63631786802526,0.7343433750144321,5.966520056694581,-2.665619641720401,3.4868777483748254,7.894469184255318e-15
194.63863721597724,0.7443839785566505,5.967087070092891,-2.6652643612496405,3.487655916298764,-7.1050222658297854e-15
194.64095684850636,0.7544245051162946,5.967653380605435,-2.6649090330440366,3.4884339135315043,4.3682729486212757e-14
194.64327676564793,0.764464954704286,5.968218988321785,-2.6645536571055297,3.489211740029329,2.710434419927659e-14
194.6455969674373,0.7745053273314505,5.968783893331741,-2.664198233436016,3.4899893957486356,2.1841364743106378e-14
194.64791745391014,0.7845456230085882,5.969348095725341,-2.66384276203734,3.4907668806459413,1.4210044531659571e-14
194.6502382251021,0.7945858417464489,5.96991159559286,-2.6634872429112963,3.4915441946778776,4.9998304833617005e-15
194.65255928104907,0.8046259835557623,5.9704743930248,-2.6631316760596295,3.4923213378011977,1.842042809659574e-14
194.65488062178704,0.8146660484472064,5.971036488111907,-2.662776061484036,3.4930983099727664,-1.0525958912340423e-14
194.65720224735222,0.8247060364314348,5.97159788094515,-2.662420399186166,3.4938751111495696,-5.789277401787233e-15
194.65952415778088,0.8347459475190936,5.9721585716157355,-2.6620646891676114,3.494651741288706,2.1315066797489355e-14
194.6618463531095,0.8447857817206689,5.972718560215112,-2.6617089314299207,3.4954282003474,4.9998304833617005e-15
194.66416883337465,0.854825539046744,5.973277846834954,-2.661353125974589,3.4962044882829897,-2.8946387008936164e-15
194.66649159861313,0.8648652195078205,5.973836431567171,-2.6609972728030655,3.4969806050529244,-1.1841703776382976e-14
194.66881464886183,0.8749048231143526,5.974394314503905,-2.660641371916748,3.4977565506147754,-6.315575347404253e-15
194.6711379841578,0.8849443498767698,5.974951495737534,-2.660285423316988,3.498532324926225,1.0789107885148933e-14
194.67346160453826,0.8949837998054908,5.975507975360663,-2.6599294270050846,3.4993079279450825,4.289328256778722e-14
194.67578551004053,0.9050231729108404,5.976063753466138,-2.6595733829822845,3.500083359629261,1.9999321933446802e-14
194.67810970070212,0.9150624692031878,5.976618830147037,-2.65921729124979,3.500858619936802,2.1578215770297867e-14
194.6804341765607,0.9251016886927284,5.977173205496665,-2.6588611518087526,3.5016337088258616,3.5788260301957434e-14
194.68275893765403,0.9351408313897482,5.97772687960857,-2.658504964660272,3.502408626254707,1.394689555885106e-14
194.68508398402005,0.9451798973044444,5.978279852576517,-2.6581487298054047,3.5031833721817263,-4.210383564936169e-15
