galstreams/tracks/track.st.NGC2298.sollima2020.ecsv
# %ECSV 0.9
# ---
# datatype:
# - {name: ra, unit: deg, datatype: float64}
# - {name: dec, unit: deg, datatype: float64}
# - {name: distance, unit: kpc, datatype: float64}
# - {name: pm_ra_cosdec, unit: mas / yr, datatype: float64}
# - {name: pm_dec, unit: mas / yr, datatype: float64}
# - {name: radial_velocity, unit: km / s, datatype: float64}
# delimiter: ','
# meta: !!omap
# - __serialized_columns__:
#     dec:
#       __class__: astropy.coordinates.angles.Latitude
#       unit: &id001 !astropy.units.Unit {unit: deg}
#       value: !astropy.table.SerializedColumn {name: dec}
#     distance:
#       __class__: astropy.coordinates.distances.Distance
#       unit: !astropy.units.Unit {unit: kpc}
#       value: !astropy.table.SerializedColumn {name: distance}
#     pm_dec:
#       __class__: astropy.units.quantity.Quantity
#       unit: !astropy.units.Unit {unit: mas / yr}
#       value: !astropy.table.SerializedColumn {name: pm_dec}
#     pm_ra_cosdec:
#       __class__: astropy.units.quantity.Quantity
#       unit: !astropy.units.Unit {unit: mas / yr}
#       value: !astropy.table.SerializedColumn {name: pm_ra_cosdec}
#     ra:
#       __class__: astropy.coordinates.angles.Longitude
#       unit: *id001
#       value: !astropy.table.SerializedColumn {name: ra}
#       wrap_angle: !astropy.coordinates.Angle
#         unit: *id001
#         value: 360.0
#     radial_velocity:
#       __class__: astropy.units.quantity.Quantity
#       unit: !astropy.units.Unit {unit: km / s}
#       value: !astropy.table.SerializedColumn {name: radial_velocity}
# schema: astropy-2.0
ra,dec,distance,pm_ra_cosdec,pm_dec,radial_velocity
[from data line 232]
102.43649478847883,-36.09658669286837,10.600000000000009,0.0,0.0,0.0
102.42581581235174,-36.092420145365665,10.60000000000001,0.0,0.0,0.0
102.41516688991594,-36.08820804088234,10.600000000000009,0.0,0.0,0.0
102.40454862519357,-36.08394947654358,10.600000000000007,0.0,0.0,0.0
102.39396160817284,-36.07964357168162,10.600000000000009,0.0,0.0,0.0
102.38340641464717,-36.07528946804726,10.600000000000009,0.0,0.0,0.0
102.37288360605903,-36.07088633001514,10.600000000000009,0.0,0.0,0.0
102.36239372934779,-36.06643334478254,10.600000000000009,0.0,0.0,0.0
102.35193731680192,-36.06192972256177,10.600000000000009,0.0,0.0,0.0
102.34151488591506,-36.057374696765976,10.600000000000007,0.0,0.0,0.0
102.33112693924673,-36.05276752418864,10.60000000000001,0.0,0.0,0.0
102.32077396428708,-36.04810748517666,10.600000000000009,0.0,0.0,0.0
102.31045643332625,-36.04339388379706,10.600000000000009,0.0,0.0,0.0
102.30017480332738,-36.03862604799704,10.600000000000009,0.0,0.0,0.0
102.28992951580459,-36.03380332975798,10.600000000000007,0.0,0.0,0.0
102.279720996705,-36.028925105242685,10.600000000000007,0.0,0.0,0.0
102.26954965629511,-36.023990774936564,10.600000000000009,0.0,0.0,0.0
102.2594158890518,-36.018999763782205,10.600000000000009,0.0,0.0,0.0
102.2493200735571,-36.01395152130759,10.60000000000001,0.0,0.0,0.0
102.2392625723981,-36.00884552174799,10.600000000000009,0.0,0.0,0.0
102.2292437320707,-36.00368126416142,10.600000000000007,0.0,0.0,0.0
102.21926388288836,-35.99845827253789,10.600000000000007,0.0,0.0,0.0
102.20932333889444,-35.99317609590191,10.600000000000009,0.0,0.0,0.0
102.19942239777994,-35.98783430840915,10.60000000000001,0.0,0.0,0.0
102.18956134080507,-35.982432509436265,10.600000000000009,0.0,0.0,0.0
102.17974043272551,-35.976970323664716,10.600000000000007,0.0,0.0,0.0
102.16995992172316,-35.97144740115798,10.600000000000007,0.0,0.0,0.0
102.16022003934138,-35.96586341743263,10.600000000000007,0.0,0.0,0.0
102.15052100042473,-35.960218073522924,10.600000000000007,0.0,0.0,0.0
102.1408630030632,-35.95451109603913,10.600000000000009,0.0,0.0,0.0
102.13124622854107,-35.9487422372195,10.600000000000009,0.0,0.0,0.0
102.12167084129013,-35.942911274975884,10.600000000000007,0.0,0.0,0.0
102.11213698884771,-35.9370180129331,10.600000000000007,0.0,0.0,0.0
102.10264480181893,-35.93106228046187,10.600000000000009,0.0,0.0,0.0
102.09319439384383,-35.92504393270552,10.600000000000007,0.0,0.0,0.0
102.08378586156887,-35.91896285060034,10.60000000000001,0.0,0.0,0.0
102.07441928462306,-35.9128189408896,10.60000000000001,0.0,0.0,0.0
102.06509472559864,-35.90661213613133,10.600000000000007,0.0,0.0,0.0
102.0558122300364,-35.9003423946997,10.600000000000005,0.0,0.0,0.0
102.04657182641553,-35.89400970078012,10.600000000000007,0.0,0.0,0.0
102.0373735261481,-35.88761406435814,10.600000000000007,0.0,0.0,0.0
102.02821732357808,-35.881155521201926,10.600000000000007,0.0,0.0,0.0
102.01910319598501,-35.87463413283838,10.600000000000007,0.0,0.0,0.0
102.01003110359223,-35.86804998652324,10.600000000000009,0.0,0.0,0.0
102.0010009895797,-35.86140319520455,10.600000000000007,0.0,0.0,0.0
101.99201278010145,-35.854693897480104,10.600000000000009,0.0,0.0,0.0
101.9830663843076,-35.847922257548426,10.600000000000009,0.0,0.0,0.0
101.974161694371,-35.841088465153526,10.600000000000009,0.0,0.0,0.0
101.96529858551841,-35.83419273552344,10.600000000000007,0.0,0.0,0.0
101.95647691606631,-35.82723530930229,10.600000000000009,0.0,0.0,0.0
101.94769652746132,-35.82021645247633,10.600000000000007,0.0,0.0,0.0
101.93895724432517,-35.81313645629343,10.600000000000009,0.0,0.0,0.0
101.93025887450426,-35.80599563717651,10.600000000000007,0.0,0.0,0.0
101.92160120912384,-35.79879433663051,10.600000000000007,0.0,0.0,0.0
101.91298402264663,-35.791532921143194,10.600000000000007,0.0,0.0,0.0
101.90440707293621,-35.78421178207966,10.600000000000005,0.0,0.0,0.0
101.89587010132477,-35.77683133557053,10.600000000000007,0.0,0.0,0.0
101.88737283268561,-35.76939202239385,10.600000000000007,0.0,0.0,0.0
101.87891497551,-35.76189430785083,10.600000000000005,0.0,0.0,0.0
101.87049622198872,-35.75433868163513,10.600000000000005,0.0,0.0,0.0
101.86211624809802,-35.74672565769597,10.600000000000007,0.0,0.0,0.0
101.85377471369029,-35.73905577409498,10.600000000000007,0.0,0.0,0.0
101.845471262589,-35.73132959285674,10.600000000000005,0.0,0.0,0.0
101.83720552268835,-35.72354769981298,10.600000000000003,0.0,0.0,0.0
101.82897710605732,-35.71571070444066,10.600000000000007,0.0,0.0,0.0
101.82078560904823,-35.70781923969354,10.600000000000007,0.0,0.0,0.0
101.81263061240976,-35.69987396182771,10.600000000000005,0.0,0.0,0.0
101.80451168140446,-35.69187555022069,10.600000000000005,0.0,0.0,0.0
101.79642836593078,-35.683824707184264,10.600000000000007,0.0,0.0,0.0
101.78838020064934,-35.67572215777111,10.600000000000005,0.0,0.0,0.0
101.7803667051139,-35.66756864957502,10.600000000000005,0.0,0.0,0.0
101.77238738390656,-35.65936495252498,10.600000000000003,0.0,0.0,0.0
101.76444172677742,-35.651111858672884,10.600000000000005,0.0,0.0,0.0
101.75652920878863,-35.64281018197493,10.600000000000005,0.0,0.0,0.0
101.74864929046294,-35.634460758066794,10.600000000000005,0.0,0.0,0.0
101.7408014179363,-35.626064444032494,10.600000000000005,0.0,0.0,0.0
101.73298502311533,-35.617622118167,10.600000000000005,0.0,0.0,0.0
101.72519952383858,-35.60913467973248,10.600000000000005,0.0,0.0,0.0
101.7174443240425,-35.60060304870825,10.600000000000003,0.0,0.0,0.0
101.70971881393154,-35.59202816553461,10.600000000000007,0.0,0.0,0.0
101.70202237015268,-35.58341099085008,10.600000000000007,0.0,0.0,0.0
101.69435435597411,-35.57475250522268,10.600000000000007,0.0,0.0,0.0
101.68671412146834,-35.56605370887457,10.600000000000005,0.0,0.0,0.0
101.67910100369936,-35.55731562140072,10.600000000000003,0.0,0.0,0.0
101.67151432691426,-35.54853928148103,10.600000000000007,0.0,0.0,0.0
101.66395340273895,-35.53972574658626,10.600000000000003,0.0,0.0,0.0
101.65641753037814,-35.530876092677644,10.600000000000007,0.0,0.0,0.0
101.6489059968195,-35.52199141390022,10.600000000000007,0.0,0.0,0.0
101.64141807704203,-35.513072822269805,10.600000000000003,0.0,0.0,0.0
101.63395303422861,-35.50412144735365,10.600000000000007,0.0,0.0,0.0
101.62651011998265,-35.49513843594488,10.600000000000005,0.0,0.0,0.0
101.61908857454893,-35.48612495173055,10.600000000000007,0.0,0.0,0.0
101.61168762703862,-35.47708217495339,10.600000000000005,0.0,0.0,0.0
101.60430649565825,-35.46801130206725,10.600000000000005,0.0,0.0,0.0
101.59694438794304,-35.4589135453862,10.600000000000005,0.0,0.0,0.0
101.58960050099402,-35.44979013272744,10.600000000000003,0.0,0.0,0.0
101.58227402171954,-35.440642307047725,10.600000000000003,0.0,0.0,0.0
101.57496412708049,-35.43147132607348,10.600000000000001,0.0,0.0,0.0
101.56766998433993,-35.42227846192478,10.600000000000005,0.0,0.0,0.0
101.5603907513165,-35.413065000732836,10.600000000000003,0.0,0.0,0.0
101.55312557664195,-35.40383224225118,10.600000000000005,0.0,0.0,0.0
101.5458736000227,-35.39458149946058,10.600000000000003,0.0,0.0,0.0
101.53863395250535,-35.38531409816757,10.600000000000003,0.0,0.0,0.0
101.53140575674622,-35.37603137659675,10.600000000000003,0.0,0.0,0.0
101.52418812728483,-35.36673468497665,10.600000000000005,0.0,0.0,0.0
101.51698017082143,-35.35742538511929,10.600000000000001,0.0,0.0,0.0
101.50978098649836,-35.34810484999351,10.600000000000001,0.0,0.0,0.0
101.50258966618546,-35.33877446329184,10.600000000000003,0.0,0.0,0.0
101.49540529476938,-35.32943561899109,10.600000000000003,0.0,0.0,0.0
101.48822695044691,-35.32008972090665,10.600000000000003,0.0,0.0,0.0
101.481053705022,-35.310738182240414,10.600000000000005,0.0,0.0,0.0
101.47388462420695,-35.30138242512237,10.600000000000003,0.0,0.0,0.0
101.46671876792738,-35.292023880145926,10.600000000000003,0.0,0.0,0.0
101.4595551906311,-35.28266398589675,10.600000000000007,0.0,0.0,0.0
101.45239294160095,-35.27330418847555,10.600000000000007,0.0,0.0,0.0
101.44523106527144,-35.263945941014185,10.600000000000005,0.0,0.0,0.0
101.43806860154932,-35.25459070318574,10.600000000000003,0.0,0.0,0.0
101.430904586138,-35.24523994070808,10.600000000000003,0.0,0.0,0.0
101.4237380508659,-35.23589512484121,10.600000000000005,0.0,0.0,0.0
101.41656802401864,-35.2265577318782,10.600000000000003,0.0,0.0,0.0
101.40939353067508,-35.21722924262984,10.600000000000007,0.0,0.0,0.0
101.40221359304726,-35.20791114190298,10.600000000000005,0.0,0.0,0.0
101.39502723082425,-35.198604917972474,10.600000000000005,0.0,0.0,0.0
101.38783346151975,-35.18931206204689,10.600000000000003,0.0,0.0,0.0
101.38063130082361,-35.18003406772786,10.600000000000003,0.0,0.0,0.0
101.37341976295734,-35.170772430463074,10.600000000000005,0.0,0.0,0.0
101.36619786103337,-35.16152864699307,10.600000000000003,0.0,0.0,0.0
101.3589646074181,-35.15230421479151,10.600000000000003,0.0,0.0,0.0
101.35171901409906,-35.14310063149936,10.600000000000007,0.0,0.0,0.0
101.34446009305579,-35.133919394352645,10.600000000000005,0.0,0.0,0.0
101.3371868566346,-35.12476199960386,10.600000000000005,0.0,0.0,0.0
101.32989831792739,-35.11562994193722,10.600000000000005,0.0,0.0,0.0
101.32259349115412,-35.10652471387739,10.600000000000003,0.0,0.0,0.0
101.31527139204943,-35.09744780519216,10.600000000000005,0.0,0.0,0.0
101.30793103825302,-35.088400702288645,10.600000000000005,0.0,0.0,0.0
101.30057144970404,-35.079384887603275,10.600000000000003,0.0,0.0,0.0
101.29319164903936,-35.07040183898538,10.600000000000007,0.0,0.0,0.0
101.2857906619958,-35.0614530290748,10.600000000000007,0.0,0.0,0.0
101.27836751781648,-35.05253992467271,10.600000000000007,0.0,0.0,0.0
101.27092124966077,-35.043663986106715,10.600000000000007,0.0,0.0,0.0
101.26345089501865,-35.03482666658923,10.600000000000007,0.0,0.0,0.0
101.25595549612878,-35.026029411569894,10.600000000000007,0.0,0.0,0.0
101.24843410040076,-35.01727365808152,10.600000000000007,0.0,0.0,0.0
101.24088576084127,-35.008560834079944,10.600000000000007,0.0,0.0,0.0
101.2333095364844,-34.99989235777744,10.600000000000007,0.0,0.0,0.0
101.22570449282598,-34.991269636970145,10.600000000000007,0.0,0.0,0.0
101.21806970226201,-34.98269406835898,10.600000000000007,0.0,0.0,0.0
101.21040424453118,-34.97416703686448,10.600000000000007,0.0,0.0,0.0
101.20270720716155,-34.96568991493539,10.600000000000007,0.0,0.0,0.0
101.19497768592136,-34.957264061851006,10.600000000000009,0.0,0.0,0.0
101.18721478527402,-34.94889082301727,10.600000000000009,0.0,0.0,0.0
101.17941761883729,-34.94057152925676,10.600000000000009,0.0,0.0,0.0
101.17158530984668,-34.93230749609234,10.600000000000009,0.0,0.0,0.0
101.16371699162306,-34.92410002302475,10.600000000000009,0.0,0.0,0.0
101.15581180804467,-34.9159503928039,10.600000000000009,0.0,0.0,0.0
101.14786891402325,-34.907859870694054,10.60000000000001,0.0,0.0,0.0
101.13988747598457,-34.89982970373279,10.600000000000009,0.0,0.0,0.0
101.13186667235335,-34.89186111998383,10.600000000000007,0.0,0.0,0.0
101.12380569404256,-34.88395532778371,10.600000000000009,0.0,0.0,0.0
101.11570374494696,-34.8761135149823,10.600000000000009,0.0,0.0,0.0
101.10756004244142,-34.868336848177115,10.600000000000009,0.0,0.0,0.0
101.09937381788333,-34.86062647194164,10.60000000000001,0.0,0.0,0.0
101.09114431711978,-34.852983508047416,10.600000000000012,0.0,0.0,0.0
101.08287080099915,-34.84540905467998,10.600000000000012,0.0,0.0,0.0
101.07455254588731,-34.83790418564889,10.600000000000012,0.0,0.0,0.0
101.06618884418842,-34.83046994959136,10.600000000000009,0.0,0.0,0.0
101.05777900487038,-34.823107369170124,10.60000000000001,0.0,0.0,0.0
101.04932235399485,-34.81581744026499,10.600000000000012,0.0,0.0,0.0
101.04081823525217,-34.80860113115844,10.600000000000012,0.0,0.0,0.0
101.03226601050079,-34.80145938171511,10.60000000000001,0.0,0.0,0.0
101.02366506031169,-34.794393102555276,10.600000000000012,0.0,0.0,0.0
101.0150147845174,-34.787403174222256,10.600000000000014,0.0,0.0,0.0
101.00631460276615,-34.780490446343826,10.600000000000012,0.0,0.0,0.0
100.99756395508055,-34.77365573678758,10.600000000000012,0.0,0.0,0.0
100.98876230242155,-34.76689983081033,10.600000000000012,0.0,0.0,0.0
100.9799091272571,-34.7602234802014,10.600000000000012,0.0,0.0,0.0
100.97100393413596,-34.7536274024201,10.600000000000012,0.0,0.0,0.0
100.96204625026645,-34.74711227972705,10.600000000000012,0.0,0.0,0.0
100.95303562610044,-34.74067875830973,10.600000000000009,0.0,0.0,0.0
100.94397163592218,-34.73432744740179,10.600000000000016,0.0,0.0,0.0
100.93485387844261,-34.72805891839681,10.600000000000014,0.0,0.0,0.0
100.92568197739857,-34.72187370395569,10.600000000000014,0.0,0.0,0.0
100.91645558215744,-34.71577229710848,10.600000000000012,0.0,0.0,0.0
100.90717436832699,-34.70975515035006,10.600000000000012,0.0,0.0,0.0
100.89783803837047,-34.703822674730084,10.600000000000016,0.0,0.0,0.0
100.88844632222715,-34.697975238936834,10.600000000000014,0.0,0.0,0.0
100.87899897793822,-34.69221316837543,10.600000000000016,0.0,0.0,0.0
100.86949579227795,-34.68653674423996,10.600000000000016,0.0,0.0,0.0
100.8599365813906,-34.68094620257987,10.600000000000016,0.0,0.0,0.0
100.85032119143253,-34.67544173336049,10.600000000000016,0.0,0.0,0.0
100.84064949922006,-34.670023479517646,10.600000000000016,0.0,0.0,0.0
100.83092141288272,-34.66469153600649,10.600000000000014,0.0,0.0,0.0
100.82113687252217,-34.659445948844564,10.600000000000016,0.0,0.0,0.0
100.81129585087683,-34.65428671414895,10.600000000000014,0.0,0.0,0.0
100.80139835399194,-34.649213777167674,10.600000000000016,0.0,0.0,0.0
100.79144442189556,-34.64422703130529,10.600000000000016,0.0,0.0,0.0
100.78143412928016,-34.63932631714273,10.600000000000016,0.0,0.0,0.0
100.77136758618988,-34.63451142145129,10.600000000000016,0.0,0.0,0.0
100.76124493871379,-34.62978207620095,10.600000000000016,0.0,0.0,0.0
100.75106636968475,-34.62513795756284,10.600000000000014,0.0,0.0,0.0
100.74083209938412,-34.620578684906,10.600000000000016,0.0,0.0,0.0
100.73054238625241,-34.61610381978845,10.600000000000017,0.0,0.0,0.0
100.7201975276057,-34.61171286494234,10.600000000000017,0.0,0.0,0.0
100.70979786035802,-34.607405263253604,10.600000000000017,0.0,0.0,0.0
100.69934376174952,-34.60318039673574,10.600000000000017,0.0,0.0,0.0
100.68883565008065,-34.59903758549787,10.60000000000002,0.0,0.0,0.0
100.67827398545224,-34.59497608670713,10.60000000000002,0.0,0.0,0.0
100.6676592705115,-34.59099509354536,10.600000000000017,0.0,0.0,0.0
100.65699205120399,-34.58709373416003,10.600000000000017,0.0,0.0,0.0
100.64627291753142,-34.58327107060951,10.600000000000017,0.0,0.0,0.0
100.6355025043156,-34.579526097802635,10.600000000000017,0.0,0.0,0.0
100.62468149196815,-34.5758577424325,10.600000000000017,0.0,0.0,0.0
100.61381060726622,-34.5722648619047,10.600000000000017,0.0,0.0,0.0
100.60289062413418,-34.56874624325969,10.600000000000016,0.0,0.0,0.0
100.59192236443111,-34.56530060208962,10.600000000000017,0.0,0.0,0.0
100.58090669874434,-34.56192658144937,10.60000000000002,0.0,0.0,0.0
100.56984454718872,-34.558622750761884,10.600000000000016,0.0,0.0,0.0
100.55873688021188,-34.555387604717815,10.600000000000017,0.0,0.0,0.0
