galstreams/tracks/track.st.Kwando.grillmair2017.ecsv
# %ECSV 0.9
# ---
# datatype:
# - {name: ra, unit: deg, datatype: float64}
# - {name: dec, unit: deg, datatype: float64}
# - {name: distance, unit: kpc, datatype: float64}
# - {name: pm_ra_cosdec, unit: mas / yr, datatype: float64}
# - {name: pm_dec, unit: mas / yr, datatype: float64}
# - {name: radial_velocity, unit: km / s, datatype: float64}
# delimiter: ','
# meta: !!omap
# - __serialized_columns__:
#     dec:
#       __class__: astropy.coordinates.angles.Latitude
#       unit: &id001 !astropy.units.Unit {unit: deg}
#       value: !astropy.table.SerializedColumn {name: dec}
#     distance:
#       __class__: astropy.coordinates.distances.Distance
#       unit: !astropy.units.Unit {unit: kpc}
#       value: !astropy.table.SerializedColumn {name: distance}
#     pm_dec:
#       __class__: astropy.units.quantity.Quantity
#       unit: !astropy.units.Unit {unit: mas / yr}
#       value: !astropy.table.SerializedColumn {name: pm_dec}
#     pm_ra_cosdec:
#       __class__: astropy.units.quantity.Quantity
#       unit: !astropy.units.Unit {unit: mas / yr}
#       value: !astropy.table.SerializedColumn {name: pm_ra_cosdec}
#     ra:
#       __class__: astropy.coordinates.angles.Longitude
#       unit: *id001
#       value: !astropy.table.SerializedColumn {name: ra}
#       wrap_angle: !astropy.coordinates.Angle
#         unit: *id001
#         value: 360.0
#     radial_velocity:
#       __class__: astropy.units.quantity.Quantity
#       unit: !astropy.units.Unit {unit: km / s}
#       value: !astropy.table.SerializedColumn {name: radial_velocity}
# schema: astropy-2.0
ra,dec,distance,pm_ra_cosdec,pm_dec,radial_velocity
[from data line 1007]
29.37655081009171,-27.73017218027599,20.00000000000001,0.0,0.0,0.0
29.38520406444622,-27.737639498323386,20.000000000000007,0.0,0.0,0.0
29.393853845831927,-27.745115703915285,20.000000000000007,0.0,0.0,0.0
29.402500153771985,-27.752600801788585,20.000000000000007,0.0,0.0,0.0
29.41114298778896,-27.760094796680253,20.000000000000004,0.0,0.0,0.0
29.419782347404862,-27.767597693327346,20.00000000000001,0.0,0.0,0.0
29.42841823214119,-27.775109496467003,20.00000000000001,0.0,0.0,0.0
29.43705064151884,-27.782630210836437,20.000000000000007,0.0,0.0,0.0
29.44567957505818,-27.79015984117297,20.000000000000007,0.0,0.0,0.0
29.454305032278977,-27.79769839221396,20.000000000000007,0.0,0.0,0.0
29.462927012700447,-27.805245868696872,20.00000000000001,0.0,0.0,0.0
29.47154551584122,-27.81280227535927,20.000000000000007,0.0,0.0,0.0
29.480160541219345,-27.820367616938753,20.000000000000007,0.0,0.0,0.0
29.48877208835229,-27.82794189817303,20.000000000000007,0.0,0.0,0.0
29.497380156756925,-27.835525123799886,20.00000000000001,0.0,0.0,0.0
29.505984745949544,-27.843117298557164,20.000000000000007,0.0,0.0,0.0
29.514585855445812,-27.85071842718279,20.000000000000004,0.0,0.0,0.0
29.52318348476081,-27.858328514414783,20.000000000000007,0.0,0.0,0.0
29.531777633408996,-27.865947564991206,20.00000000000001,0.0,0.0,0.0
29.540368300904245,-27.87357558365023,20.000000000000007,0.0,0.0,0.0
29.548955486759787,-27.881212575130057,20.000000000000004,0.0,0.0,0.0
29.557539190488242,-27.88885854416901,20.00000000000001,0.0,0.0,0.0
29.5661194116016,-27.89651349550545,20.00000000000001,0.0,0.0,0.0
29.574696149611206,-27.90417743387781,20.000000000000007,0.0,0.0,0.0
29.583269404027806,-27.91185036402461,20.000000000000007,0.0,0.0,0.0
29.59183917436146,-27.919532290684437,20.00000000000001,0.0,0.0,0.0
29.60040546012163,-27.92722321859592,20.00000000000001,0.0,0.0,0.0
29.608968260817093,-27.934923152497788,20.000000000000007,0.0,0.0,0.0
29.617527575955986,-27.942632097128836,20.000000000000007,0.0,0.0,0.0
29.626083405045804,-27.95035005722788,20.000000000000007,0.0,0.0,0.0
29.63463574759335,-27.958077037533872,20.000000000000007,0.0,0.0,0.0
29.643184603104764,-27.965813042785783,20.000000000000007,0.0,0.0,0.0
29.651729971085523,-27.973558077722654,20.000000000000007,0.0,0.0,0.0
29.660271851040438,-27.981312147083592,20.00000000000001,0.0,0.0,0.0
29.668810242473633,-27.98907525560777,20.000000000000007,0.0,0.0,0.0
29.677345144888523,-27.996847408034434,20.000000000000007,0.0,0.0,0.0
29.685876557787847,-28.004628609102856,20.000000000000007,0.0,0.0,0.0
29.69440448067367,-28.01241886355241,20.00000000000001,0.0,0.0,0.0
29.702928913047305,-28.020218176122505,20.00000000000001,0.0,0.0,0.0
29.71144985440942,-28.028026551552614,20.000000000000007,0.0,0.0,0.0
29.719967304259956,-28.03584399458228,20.000000000000007,0.0,0.0,0.0
29.728481262098093,-28.043670509951063,20.00000000000001,0.0,0.0,0.0
29.736991727422357,-28.05150610239866,20.00000000000001,0.0,0.0,0.0
29.745498699730508,-28.05935077666473,20.00000000000001,0.0,0.0,0.0
29.75400217851959,-28.06720453748906,20.000000000000007,0.0,0.0,0.0
29.762502163285937,-28.075067389611444,20.00000000000001,0.0,0.0,0.0
29.770998653525105,-28.08293933777177,20.000000000000007,0.0,0.0,0.0
29.77949164873192,-28.090820386709936,20.000000000000007,0.0,0.0,0.0
29.787981148400487,-28.098710541165925,20.000000000000007,0.0,0.0,0.0
29.796467152024118,-28.106609805879756,20.000000000000007,0.0,0.0,0.0
29.804949659095403,-28.114518185591525,20.00000000000001,0.0,0.0,0.0
29.813428669106134,-28.122435685041328,20.00000000000001,0.0,0.0,0.0
29.82190418154739,-28.130362308969357,20.000000000000007,0.0,0.0,0.0
29.83037619590942,-28.138298062115837,20.000000000000007,0.0,0.0,0.0
29.83884471168172,-28.146242949221037,20.00000000000001,0.0,0.0,0.0
29.847309728353018,-28.154196975025272,20.00000000000001,0.0,0.0,0.0
29.855771245411237,-28.162160144268906,20.000000000000007,0.0,0.0,0.0
29.86422926234352,-28.17013246169236,20.000000000000007,0.0,0.0,0.0
29.87268377863621,-28.178113932036077,20.000000000000007,0.0,0.0,0.0
29.88113479377486,-28.18610456004056,20.000000000000007,0.0,0.0,0.0
29.889582307244176,-28.194104350446366,20.000000000000007,0.0,0.0,0.0
29.89802631852811,-28.202113307994054,20.000000000000004,0.0,0.0,0.0
29.906466827109764,-28.210131437424277,20.000000000000007,0.0,0.0,0.0
29.914903832471424,-28.2181587434777,20.000000000000007,0.0,0.0,0.0
29.92333733409456,-28.226195230895026,20.00000000000001,0.0,0.0,0.0
29.931767331459792,-28.234240904417003,20.00000000000001,0.0,0.0,0.0
29.94019382404693,-28.242295768784413,20.000000000000014,0.0,0.0,0.0
29.948616811334936,-28.250359828738105,20.00000000000001,0.0,0.0,0.0
29.957036292801913,-28.258433089018922,20.000000000000014,0.0,0.0,0.0
29.965452267925116,-28.266515554367775,20.00000000000001,0.0,0.0,0.0
29.973864736180957,-28.274607229525596,20.000000000000014,0.0,0.0,0.0
29.98227369704498,-28.282708119233344,20.000000000000014,0.0,0.0,0.0
29.99067914999186,-28.290818228232045,20.000000000000014,0.0,0.0,0.0
29.999081094495413,-28.298937561262736,20.000000000000014,0.0,0.0,0.0
30.00747953002857,-28.307066123066473,20.00000000000001,0.0,0.0,0.0
30.01587445606338,-28.315203918384373,20.000000000000014,0.0,0.0,0.0
30.024265872071005,-28.32335095195757,20.00000000000001,0.0,0.0,0.0
30.032653777521727,-28.331507228527226,20.00000000000001,0.0,0.0,0.0
30.041038171884914,-28.339672752834534,20.000000000000014,0.0,0.0,0.0
30.04941905462904,-28.347847529620726,20.000000000000014,0.0,0.0,0.0
30.057796425221706,-28.356031563627052,20.00000000000001,0.0,0.0,0.0
30.066170283129537,-28.364224859594803,20.000000000000014,0.0,0.0,0.0
30.074540627818294,-28.372427422265257,20.000000000000014,0.0,0.0,0.0
30.0829074587528,-28.380639256379773,20.00000000000001,0.0,0.0,0.0
30.091270775396932,-28.38886036667971,20.00000000000001,0.0,0.0,0.0
30.099630577213663,-28.397090757906437,20.00000000000001,0.0,0.0,0.0
30.107986863665012,-28.405330434801368,20.00000000000001,0.0,0.0,0.0
30.116339634212054,-28.413579402105928,20.000000000000014,0.0,0.0,0.0
30.12468888831494,-28.42183766456157,20.000000000000014,0.0,0.0,0.0
30.133034625432835,-28.43010522690977,20.000000000000007,0.0,0.0,0.0
30.141376845023963,-28.43838209389202,20.00000000000001,0.0,0.0,0.0
30.149715546545593,-28.44666827024983,20.000000000000014,0.0,0.0,0.0
30.158050729454,-28.45496376072474,20.000000000000014,0.0,0.0,0.0
30.1663823932045,-28.463268570058293,20.00000000000001,0.0,0.0,0.0
30.17471053725144,-28.47158270299206,20.00000000000001,0.0,0.0,0.0
30.183035161048164,-28.47990616426763,20.00000000000001,0.0,0.0,0.0
30.191356264047027,-28.488238958626592,20.000000000000014,0.0,0.0,0.0
30.199673845699397,-28.496581090810565,20.00000000000001,0.0,0.0,0.0
30.207987905455646,-28.50493256556119,20.000000000000014,0.0,0.0,0.0
30.216298442765115,-28.51329338762011,20.00000000000001,0.0,0.0,0.0
30.22460545707617,-28.521663561728964,20.000000000000014,0.0,0.0,0.0
30.232908947836126,-28.530043092629437,20.000000000000014,0.0,0.0,0.0
30.241208914491306,-28.53843198506321,20.000000000000014,0.0,0.0,0.0
30.249505356486967,-28.54683024377196,20.000000000000014,0.0,0.0,0.0
30.257798273267376,-28.555237873497404,20.00000000000001,0.0,0.0,0.0
30.266087664275734,-28.56365487898124,20.00000000000001,0.0,0.0,0.0
30.274373528954197,-28.57208126496518,20.000000000000014,0.0,0.0,0.0
30.28265586674388,-28.580517036190972,20.000000000000014,0.0,0.0,0.0
30.290934677084866,-28.58896219740033,20.000000000000007,0.0,0.0,0.0
30.29920995941613,-28.597416753334997,20.00000000000001,0.0,0.0,0.0
30.307481713175623,-28.6058807087367,20.00000000000001,0.0,0.0,0.0
30.315749937800188,-28.614354068347208,20.00000000000001,0.0,0.0,0.0
30.32401463272563,-28.622836836908263,20.000000000000014,0.0,0.0,0.0
30.33227579738664,-28.63132901916162,20.000000000000007,0.0,0.0,0.0
30.340533431216826,-28.639830619849022,20.00000000000001,0.0,0.0,0.0
30.348787533648732,-28.648341643712236,20.000000000000014,0.0,0.0,0.0
30.357038104113766,-28.656862095493025,20.00000000000001,0.0,0.0,0.0
30.365285142042243,-28.665391979933126,20.000000000000014,0.0,0.0,0.0
30.373528646863388,-28.6739313017743,20.00000000000001,0.0,0.0,0.0
30.38176861800527,-28.68248006575832,20.000000000000014,0.0,0.0,0.0
30.390005054894885,-28.691038276626898,20.000000000000014,0.0,0.0,0.0
30.398237956958067,-28.699605939121806,20.00000000000001,0.0,0.0,0.0
30.40646732361952,-28.70818305798478,20.000000000000014,0.0,0.0,0.0
30.414693154302835,-28.716769637957565,20.000000000000014,0.0,0.0,0.0
30.422915448430416,-28.725365683781884,20.000000000000014,0.0,0.0,0.0
30.431134205423557,-28.733971200199445,20.000000000000014,0.0,0.0,0.0
30.439349424702385,-28.742586191951993,20.000000000000014,0.0,0.0,0.0
30.44756110568587,-28.751210663781215,20.000000000000014,0.0,0.0,0.0
30.45576924779179,-28.759844620428822,20.000000000000014,0.0,0.0,0.0
30.463973850436783,-28.768488066636486,20.000000000000014,0.0,0.0,0.0
30.472174913036294,-28.7771410071459,20.000000000000014,0.0,0.0,0.0
30.48037243500458,-28.785803446698733,20.000000000000014,0.0,0.0,0.0
30.488566415754725,-28.79447539003663,20.00000000000001,0.0,0.0,0.0
30.496756854698592,-28.803156841901227,20.000000000000014,0.0,0.0,0.0
30.504943751246877,-28.811847807034162,20.00000000000001,0.0,0.0,0.0
30.51312710480903,-28.82054829017704,20.000000000000014,0.0,0.0,0.0
30.52130691479332,-28.829258296071462,20.00000000000001,0.0,0.0,0.0
30.529483180606775,-28.837977829459003,20.000000000000014,0.0,0.0,0.0
30.537655901655228,-28.84670689508123,20.000000000000007,0.0,0.0,0.0
30.545825077343235,-28.855445497679696,20.000000000000014,0.0,0.0,0.0
30.55399070707416,-28.864193641995918,20.000000000000014,0.0,0.0,0.0
30.562152790250114,-28.872951332771393,20.00000000000001,0.0,0.0,0.0
30.570311326271945,-28.88171857474762,20.00000000000001,0.0,0.0,0.0
30.578466314539252,-28.890495372666063,20.000000000000014,0.0,0.0,0.0
30.586617754450387,-28.899281731268168,20.000000000000014,0.0,0.0,0.0
30.594765645402422,-28.908077655295347,20.000000000000014,0.0,0.0,0.0
30.60290998679118,-28.916883149489006,20.000000000000014,0.0,0.0,0.0
30.611050778011162,-28.925698218590504,20.000000000000014,0.0,0.0,0.0
30.619188018455638,-28.934522867341204,20.000000000000014,0.0,0.0,0.0
30.627321707516554,-28.943357100482416,20.000000000000014,0.0,0.0,0.0
30.63545184458456,-28.952200922755434,20.000000000000014,0.0,0.0,0.0
30.64357842904903,-28.961054338901537,20.000000000000014,0.0,0.0,0.0
30.651701460298014,-28.969917353661952,20.000000000000014,0.0,0.0,0.0
30.65982093771825,-28.978789971777886,20.00000000000001,0.0,0.0,0.0
30.66793686069514,-28.987672197990516,20.000000000000007,0.0,0.0,0.0
30.676049228612793,-28.996564037041004,20.000000000000014,0.0,0.0,0.0
30.68415804085397,-29.005465493670453,20.000000000000014,0.0,0.0,0.0
30.69226329680008,-29.01437657261995,20.000000000000014,0.0,0.0,0.0
30.700364995831208,-29.02329727863055,20.000000000000014,0.0,0.0,0.0
30.708463137326092,-29.03222761644326,20.00000000000001,0.0,0.0,0.0
30.716557720662085,-29.04116759079907,20.000000000000014,0.0,0.0,0.0
30.72464874521522,-29.05011720643892,20.000000000000018,0.0,0.0,0.0
30.73273621036012,-29.05907646810371,20.000000000000014,0.0,0.0,0.0
30.740820115470058,-29.068045380534333,20.000000000000014,0.0,0.0,0.0
30.748900459916925,-29.0770239484716,20.000000000000018,0.0,0.0,0.0
30.75697724307121,-29.086012176656318,20.000000000000014,0.0,0.0,0.0
30.765050464302018,-29.095010069829236,20.000000000000014,0.0,0.0,0.0
30.773120122977073,-29.104017632731072,20.000000000000014,0.0,0.0,0.0
30.78118621846264,-29.11303487010247,20.000000000000018,0.0,0.0,0.0
30.789248750123633,-29.122061786684096,20.000000000000018,0.0,0.0,0.0
30.797307717323516,-29.131098387216518,20.000000000000018,0.0,0.0,0.0
30.805363119424342,-29.140144676440283,20.000000000000014,0.0,0.0,0.0
30.813414955786705,-29.149200659095875,20.000000000000014,0.0,0.0,0.0
30.821463225769797,-29.158266339923767,20.000000000000014,0.0,0.0,0.0
30.82950792873134,-29.167341723664343,20.00000000000002,0.0,0.0,0.0
30.837549064027638,-29.17642681505797,20.000000000000018,0.0,0.0,0.0
30.845586631013497,-29.185521618844955,20.000000000000014,0.0,0.0,0.0
30.85362062904228,-29.19462613976555,20.000000000000018,0.0,0.0,0.0
30.861651057465888,-29.20374038255998,20.000000000000014,0.0,0.0,0.0
30.86967791563475,-29.212864351968392,20.000000000000018,0.0,0.0,0.0
30.877701202897793,-29.221998052730896,20.000000000000014,0.0,0.0,0.0
30.885720918602463,-29.23114148958755,20.000000000000014,0.0,0.0,0.0
30.89373706209471,-29.240294667278356,20.000000000000014,0.0,0.0,0.0
30.90174963271902,-29.24945759054326,20.000000000000018,0.0,0.0,0.0
30.909758629818306,-29.25863026412216,20.000000000000014,0.0,0.0,0.0
30.917764052734004,-29.267812692754877,20.000000000000018,0.0,0.0,0.0
30.925765900806034,-29.277004881181213,20.000000000000018,0.0,0.0,0.0
30.933764173372776,-29.28620683414088,20.000000000000018,0.0,0.0,0.0
30.941758869771082,-29.29541855637354,20.000000000000018,0.0,0.0,0.0
30.949749989336244,-29.3046400526188,20.00000000000002,0.0,0.0,0.0
30.957737531402056,-29.31387132761622,20.000000000000014,0.0,0.0,0.0
30.965721495300702,-29.323112386105272,20.000000000000014,0.0,0.0,0.0
30.97370188036284,-29.332363232825386,20.000000000000014,0.0,0.0,0.0
30.98167868591755,-29.34162387251591,20.000000000000014,0.0,0.0,0.0
30.98965191129235,-29.350894309916168,20.000000000000014,0.0,0.0,0.0
