galstreams/tracks/track.st.NGC3201-Gjoll.palau2021.ecsv
# %ECSV 0.9
# ---
# datatype:
# - {name: ra, unit: deg, datatype: float64}
# - {name: dec, unit: deg, datatype: float64}
# - {name: distance, unit: kpc, datatype: float64}
# - {name: pm_ra_cosdec, unit: mas / yr, datatype: float64}
# - {name: pm_dec, unit: mas / yr, datatype: float64}
# - {name: radial_velocity, unit: km / s, datatype: float64}
# delimiter: ','
# meta: !!omap
# - __serialized_columns__:
#     dec:
#       __class__: astropy.coordinates.angles.Latitude
#       unit: &id001 !astropy.units.Unit {unit: deg}
#       value: !astropy.table.SerializedColumn {name: dec}
#     distance:
#       __class__: astropy.coordinates.distances.Distance
#       unit: !astropy.units.Unit {unit: kpc}
#       value: !astropy.table.SerializedColumn {name: distance}
#     pm_dec:
#       __class__: astropy.units.quantity.Quantity
#       unit: !astropy.units.Unit {unit: mas / yr}
#       value: !astropy.table.SerializedColumn {name: pm_dec}
#     pm_ra_cosdec:
#       __class__: astropy.units.quantity.Quantity
#       unit: !astropy.units.Unit {unit: mas / yr}
#       value: !astropy.table.SerializedColumn {name: pm_ra_cosdec}
#     ra:
#       __class__: astropy.coordinates.angles.Longitude
#       unit: *id001
#       value: !astropy.table.SerializedColumn {name: ra}
#       wrap_angle: !astropy.coordinates.Angle
#         unit: *id001
#         value: 360.0
#     radial_velocity:
#       __class__: astropy.units.quantity.Quantity
#       unit: !astropy.units.Unit {unit: km / s}
#       value: !astropy.table.SerializedColumn {name: radial_velocity}
# schema: astropy-2.0
ra,dec,distance,pm_ra_cosdec,pm_dec,radial_velocity
[from data line 11103]
142.2061318595921,-43.696750736460096,4.936809489467557,12.029712039405474,-4.569507486727645,-5.894536990910637e-14
142.21935428848138,-43.70025581837148,4.937098189467195,12.025713172103949,-4.5661903153262795,-1.0104920555846805e-13
142.23257803451102,-43.70376021536424,4.9373871880913915,12.021713552324043,-4.562873796333429,-4.210383564936169e-14
142.24580309792464,-43.70726392680259,4.937676484941699,12.017713180121163,-4.559557930370415,-4.210383564936169e-14
142.25902947896537,-43.71076695204973,4.93796607961866,12.013712055551752,-4.556242718059416,-6.73661370389787e-14
142.27225717787636,-43.71426929046803,4.9382559717218095,12.00971017867329,-4.55292816002339,-1.347322740779574e-13
142.28548619490044,-43.71777094141888,4.938546160849671,12.005707549544315,-4.5496142568861195,-7.578690416885104e-14
142.29871653027985,-43.7212719042627,4.938836646599766,12.001704168224418,-4.5463010092722485,-1.0104920555846805e-13
142.31194818425692,-43.724772178359075,4.939127428568598,11.997700034774223,-4.542988417807187,-7.578690416885104e-14
142.32518115707333,-43.728271763066566,4.939418506351665,11.993695149255414,-4.53967648311723,-1.0946997268834039e-13
142.33841544897078,-43.73177065774285,4.939709879543451,11.989689511730754,-4.5363652058294335,-1.0946997268834039e-13
142.35165106019036,-43.735268861744636,4.940001547737426,11.98568312226403,-4.53305458657173,-1.0946997268834039e-13
142.36488799097313,-43.738766374427755,4.9402935105260495,11.981675980920098,-4.529744625972835,-4.210383564936169e-14
142.3781262415597,-43.74226319514704,4.940585767500765,11.977668087764904,-4.526435324662309,-1.0104920555846805e-13
142.3913658121904,-43.745759323256415,4.940878318252004,11.973659442865419,-4.523126683270542,-1.4315304120782974e-13
142.40460670310534,-43.7492547581089,4.941171162369177,11.969650046289706,-4.5198187024287115,-5.894536990910637e-14
142.4178489145441,-43.75274949905649,4.941464299440686,11.965639898106872,-4.516511382768879,-1.0104920555846805e-13
142.4310924467463,-43.75624354545035,4.941757729053908,11.961628998387134,-4.513204724923874,-1.1789073981821273e-13
142.4443372999509,-43.75973689664062,4.942051450795206,11.957617347201722,-4.509898729527389,-7.578690416885104e-14
142.4575834743967,-43.76322955197654,4.942345464249927,11.953604944622999,-4.506593397213927,-1.2631150694808508e-13
142.47083097032242,-43.76672151080644,4.942639769002391,11.94959179072438,-4.503288728618799,-5.0524602779234026e-14
142.48407978796598,-43.77021277247763,4.942934364635906,11.94557788558034,-4.499984724378189,-1.0946997268834039e-13
142.49732992756546,-43.77370333633657,4.943229250732753,11.941563229266473,-4.496681385129049,-1.2631150694808508e-13
142.5105813893583,-43.77719320172871,4.943524426874195,11.937547821859425,-4.493378711509216,-5.894536990910637e-14
142.52383417358183,-43.78068236799859,4.943819892640468,11.933531663436947,-4.4900767041573,-7.578690416885104e-14
142.5370882804729,-43.7841708344898,4.94411564761079,11.929514754077854,-4.486775363712784,-6.73661370389787e-14
142.55034371026815,-43.78765860054499,4.944411691363352,11.92549709386207,-4.483474690815946,-1.0104920555846805e-13
142.563600463204,-43.79114566550587,4.944708023475319,11.921478682870617,-4.480174686107896,-7.578690416885104e-14
142.57685853951634,-43.7946320287132,4.945004643522836,11.917459521185567,-4.4768753502305865,-5.894536990910637e-14
142.59011793944083,-43.79811768950679,4.945301551081014,11.913439608890139,-4.47357668382678,-1.1789073981821273e-13
142.6033786632128,-43.80160264722552,4.945598745723942,11.909418946068628,-4.470278687540093,-5.0524602779234026e-14
142.61664071106736,-43.805086901207325,4.945896227024677,11.905397532806422,-4.466981362014934,-6.73661370389787e-14
142.62990408323907,-43.80857045078916,4.9461939945552515,11.90137536919001,-4.463684707896579,-3.368306851948935e-14
142.64316877996237,-43.812053295307074,4.946492047886667,11.897352455306997,-4.460388725831104,-5.0524602779234026e-14
142.65643480147142,-43.815535434096155,4.946790386588893,11.893328791246102,-4.457093416465415,-5.894536990910637e-14
142.66970214799974,-43.819016866490536,4.947089010230871,11.889304377097112,-4.453798780447275,-1.347322740779574e-13
142.6829708197809,-43.822497591823414,4.947387918380506,11.885279212950977,-4.450504818425237,-8.420767129872338e-14
142.69624081704785,-43.82597760942701,4.947687110604675,11.881253298899711,-4.4472115310487235,-7.578690416885104e-14
142.7095121400334,-43.82945691863262,4.947986586469218,11.877226635036475,-4.443918918967953,-1.2631150694808508e-13
142.7227847889699,-43.832935518770604,4.9482863455389445,11.873199221455529,-4.440626982834001,-6.73661370389787e-14
142.73605876408945,-43.83641340917032,4.948586387377627,11.869171058252263,-4.437335723298759,-6.73661370389787e-14
142.74933406562383,-43.83989058916023,4.948886711548001,11.865142145523183,-4.434045141014941,-1.0104920555846805e-13
142.76261069380436,-43.8433670580678,4.9491873176117664,11.86111248336591,-4.43075523663612,-5.894536990910637e-14
142.7758886488622,-43.84684281521957,4.949488205129587,11.857082071879201,-4.427466010816665,-7.578690416885104e-14
142.78916793102798,-43.850317859941114,4.949789373661088,11.853050911162946,-4.424177464211818,-5.894536990910637e-14
142.80244854053223,-43.85379219155706,4.950090822764855,11.849019001318139,-4.420889597477604,-1.1789073981821273e-13
142.81573047760486,-43.85726580939108,4.950392551998434,11.844986342446923,-4.417602411270925,-1.0104920555846805e-13
142.82901374247564,-43.86073871276588,4.95069456091833,11.84095293465258,-4.41431590624949,-8.420767129872338e-14
142.84229833537404,-43.86421090100323,4.950996849080007,11.836918778039522,-4.411030083071834,-1.1789073981821273e-13
142.85558425652894,-43.86768237342394,4.951299416037892,11.83288387271328,-4.40774494239735,-9.262843842859572e-14
142.8688715061691,-43.871153129347825,4.951602261345361,11.828848218780557,-4.404460484886245,-5.0524602779234026e-14
142.88216008452298,-43.87462316809381,4.95190538455475,11.824811816349179,-4.401176711199554,-5.0524602779234026e-14
142.8954499918184,-43.87809248897981,4.952208785217352,11.820774665528118,-4.397893621999167,-1.0104920555846805e-13
142.90874122828308,-43.88156109132277,4.952512462883415,11.816736766427491,-4.394611217947794,-5.894536990910637e-14
142.92203379414423,-43.885028974438754,4.952816417102137,11.812698119158567,-4.391329499708984,-8.420767129872338e-14
142.93532768962902,-43.888496137642775,4.953120647421675,11.808658723833766,-4.388048467947095,-8.420767129872338e-14
142.94862291496383,-43.89196258024894,4.953425153389134,11.804618580566665,-4.384768123327362,-3.368306851948935e-14
142.961919470375,-43.895428301570384,4.953729934550569,11.800577689471991,-4.3814884665158305,-1.0946997268834039e-13
142.9752173560885,-43.89889330091927,4.954034990450997,11.796536050665615,-4.378209498179354,-8.420767129872338e-14
142.98851657232984,-43.90235757760683,4.954340320634372,11.792493664264592,-4.374931218985669,-6.73661370389787e-14
143.00181711932407,-43.905821130943245,4.9546459246436045,11.788450530387124,-4.371653629603339,-1.0104920555846805e-13
143.01511899729616,-43.909283960237865,4.954951802020552,11.784406649152574,-4.368376730701728,-9.262843842859572e-14
143.02842220647057,-43.91274606479898,4.9552579523060185,11.780362020681478,-4.365100522951056,-1.0104920555846805e-13
143.04172674707135,-43.91620744393395,4.955564375039759,11.77631664509554,-4.361825007022395,-1.347322740779574e-13
143.0550326193223,-43.919668096949145,4.9558710697604695,11.772270522517626,-4.358550183587623,-6.73661370389787e-14
143.06833982344688,-43.92312802315002,4.956178036005795,11.768223653071788,-4.355276053319459,-4.210383564936169e-14
143.08164835966804,-43.92658722184101,4.9564852733123255,11.764176036883232,-4.352002616891479,-9.262843842859572e-14
143.09495822820844,-43.9300456923256,4.956792781215592,11.760127674078367,-4.348729874978087,-4.210383564936169e-14
143.10826942929035,-43.933503433906324,4.957100559250069,11.756078564784755,-4.345457828254517,-1.1789073981821273e-13
143.12158196313584,-43.93696044588474,4.957408606949177,11.752028709131158,-4.342186477396819,-1.0104920555846805e-13
143.13489582996638,-43.94041672756142,4.957716923845276,11.747978107247507,-4.3389158230819245,-5.894536990910637e-14
143.14821103000315,-43.94387227823599,4.958025509469663,11.743926759264923,-4.3356458659875745,-1.0946997268834039e-13
143.1615275634671,-43.947327097207115,4.958334363352582,11.739874665315726,-4.332376606792334,-1.0104920555846805e-13
143.17484543057859,-43.95078118377242,4.95864348502321,11.735821825533403,-4.329108046175646,-5.0524602779234026e-14
143.18816463155778,-43.954234537228665,4.958952874009666,11.731768240052656,-4.325840184817745,-9.262843842859572e-14
143.20148516662425,-43.95768715687156,4.959262529839004,11.727713909009363,-4.322573023399746,-1.0104920555846805e-13
143.21480703599755,-43.96113904199587,4.959572452037218,11.723658832540604,-4.31930656260356,-1.2631150694808508e-13
143.22813023989644,-43.964590191895375,4.959882640129233,11.71960301078467,-4.316040803111981,-1.0104920555846805e-13
143.24145477853963,-43.96804060586291,4.9601930936389165,11.71554644388103,-4.312775745608597,-8.420767129872338e-14
143.25478065214537,-43.97149028319032,4.9605038120890645,11.711489131970367,-4.309511390777851,-8.420767129872338e-14
143.26810786093137,-43.97493922316845,4.960814795001409,11.707431075194583,-4.3062477393050465,-5.0524602779234026e-14
143.2814364051152,-43.97838742508721,4.961126041896613,11.703372273696756,-4.302984791876287,-1.4315304120782974e-13
143.2947662849138,-43.981834888235525,4.961437552294275,11.69931272762119,-4.299722549178549,-1.347322740779574e-13
143.30809750054402,-43.98528161190132,4.961749325712922,11.695252437113425,-4.2964610118996145,-9.262843842859572e-14
143.321430052222,-43.98872759537156,4.9620613616700116,11.691191402320165,-4.293200180728144,-9.262843842859572e-14
143.33476394016375,-43.99217283793224,4.9623736596819334,11.687129623389357,-4.2899400563536,-6.73661370389787e-14
143.34809916458485,-43.995617338868385,4.962686219264002,11.683067100470176,-4.286680639466302,-1.347322740779574e-13
143.36143572570032,-43.99906109746399,4.962999039930462,11.679003833713013,-4.28342193075742,-1.1789073981821273e-13
143.3747736237251,-44.00250411300216,4.963312121194489,11.674939823269451,-4.280163930918924,-5.0524602779234026e-14
143.3881128588733,-44.00594638476492,4.963625462568181,11.670875069292329,-4.276906640643679,-1.0104920555846805e-13
143.40145343135916,-44.009387912033375,4.9639390635625595,11.666809571935724,-4.273650060625343,-1.2631150694808508e-13
143.41479534139606,-44.01282869408765,4.964252923687576,11.662743331354902,-4.270394191558443,-1.347322740779574e-13
143.42813858919726,-44.01626873020686,4.964567042452106,11.65867634770638,-4.2671390341383315,-1.347322740779574e-13
143.4414831749757,-44.019708019669196,4.964881419363944,11.654608621147936,-4.26388458906119,-4.210383564936169e-14
143.45482909894352,-44.023146561751766,4.965196053929811,11.650540151838523,-4.260630857024081,-4.210383564936169e-14
143.4681763613129,-44.02658435573078,4.965510945655346,11.646470939938398,-4.257377838724861,-5.894536990910637e-14
143.48152496229534,-44.03002140088144,4.965826094045115,11.642400985609008,-4.254125534862269,-1.2631150694808508e-13
143.4948749021022,-44.03345769647796,4.9661414986026,11.638330289013075,-4.250873946135837,-2.5262301389617013e-14
143.50822618094406,-44.036893241793564,4.9664571588302,11.63425885031454,-4.247623073245998,-8.420767129872338e-14
143.52157879903146,-44.040328036100505,4.966773074229239,11.630186669678611,-4.244372916893971,-6.73661370389787e-14
143.53493275657442,-44.04376207867004,4.967089244299954,11.626113747271745,-4.241123477781834,-5.0524602779234026e-14
143.54828805378241,-44.047195368772435,4.967405668541499,11.622040083261627,-4.237874756612534,-1.347322740779574e-13
143.5616446908648,-44.050627905677004,4.967722346451948,11.617965677817228,-4.234626754089807,-5.0524602779234026e-14
143.57500266803018,-44.054059688652,4.968039277528288,11.613890531108746,-4.2313794709182915,-5.0524602779234026e-14
143.58836198548707,-44.05749071696477,4.968356461266421,11.609814643307654,-4.228132907803406,-5.894536990910637e-14
143.60172264344328,-44.06092098988161,4.9686738971611595,11.605738014586683,-4.224887065451467,-4.210383564936169e-14
143.61508464210644,-44.06435050666787,4.968991584706235,11.601660645119823,-4.221641944569598,-2.5262301389617013e-14
143.62844798168373,-44.06777926658788,4.969309523394289,11.597582535082335,-4.218397545865761,-9.262843842859572e-14
143.6418126623818,-44.07120726890499,4.969627712716871,11.593503684650736,-4.215153870048793,-1.0104920555846805e-13
143.65517868440705,-44.07463451288159,4.969946152164446,11.589424094002823,-4.211910917828334,-8.420767129872338e-14
143.66854604796524,-44.07806099777899,4.970264841226387,11.585343763317669,-4.208668689914904,-9.262843842859572e-14
143.681914753262,-44.081486722857626,4.9705837793909735,11.581262692775596,-4.205427187019829,-7.578690416885104e-14
143.6952848005022,-44.08491168737683,4.970902966145399,11.57718088255822,-4.202186409855316,-1.347322740779574e-13
143.70865618989063,-44.088335890595026,4.971222400975758,11.573098332848454,-4.198946359134381,-8.420767129872338e-15
143.7220289216315,-44.091759331769595,4.9715420833670585,11.56901504383045,-4.1957070355708925,-1.347322740779574e-13
143.73540299592855,-44.09518201015693,4.971862012803209,11.564931015689666,-4.192468439879578,-5.0524602779234026e-14
143.74877841298513,-44.098603925012455,4.972182188767023,11.56084624861286,-4.189230572775996,-8.420767129872338e-14
143.7621551730043,-44.10202507559058,4.97250261074022,11.55676074278805,-4.185993434976531,-7.578690416885104e-14
143.77553327618853,-44.105445461144704,4.972823278203427,11.552674498404546,-4.182757027198433,-3.368306851948935e-14
143.78891272273978,-44.108865080927245,4.973144190636166,11.548587515652969,-4.179521350159818,-1.2631150694808508e-13
143.80229351285985,-44.11228393418962,4.973465347516864,11.544499794725226,-4.176286404579593,-1.5999457546757442e-13
143.81567564675007,-44.11570202018227,4.973786748322855,11.540411335814511,-4.17305219117752,-9.262843842859572e-14
143.829059124611,-44.11911933815458,4.974108392530362,11.536322139115319,-4.169818710674247,-8.420767129872338e-14
143.84244394664316,-44.12253588735501,4.9744302796145154,11.532232204823469,-4.166585963791224,-5.0524602779234026e-14
143.85583011304655,-44.125951667030975,4.974752409049343,11.528141533136045,-4.16335395125075,-1.347322740779574e-13
143.8692176240206,-44.12936667642888,4.97507478030777,11.524050124251467,-4.160122673775977,-7.578690416885104e-14
143.88260647976426,-44.13278091479415,4.975397392861616,11.519957978369446,-4.156892132090919,-8.420767129872338e-14
143.8959966804763,-44.13619438137122,4.975720246181601,11.515865095691012,-4.153662326920398,-9.262843842859572e-14
143.90938822635493,-44.13960707540352,4.976043339737339,11.511771476418506,-4.150433258990086,-1.0104920555846805e-13
143.92278111759785,-44.14301899613342,4.97636667299734,11.507677120755575,-4.147204929026526,-4.210383564936169e-14
143.9361753544023,-44.14643014280235,4.976690245429001,11.503582028907209,-4.143977337757093,-6.73661370389787e-14
143.9495709369653,-44.14984051465075,4.977014056498622,11.499486201079673,-4.140750485909981,-1.4315304120782974e-13
143.96296786548325,-44.15325011091799,4.977338105671392,11.495389637480592,-4.137524374214255,-9.262843842859572e-14
143.97636614015198,-44.156658930842475,4.977662392411386,11.491292338318905,-4.134299003399837,-5.894536990910637e-14
143.98976576116712,-44.1600669736616,4.977986916181575,11.487194303804854,-4.131074374197464,-5.894536990910637e-14
