galstreams/tracks/track.st.Slidr.ibata2021.ecsv
# %ECSV 1.0
# ---
# datatype:
# - {name: ra, unit: deg, datatype: float64}
# - {name: dec, unit: deg, datatype: float64}
# - {name: distance, unit: kpc, datatype: float64}
# - {name: pm_ra_cosdec, unit: mas / yr, datatype: float64}
# - {name: pm_dec, unit: mas / yr, datatype: float64}
# - {name: radial_velocity, unit: km / s, datatype: float64}
# delimiter: ','
# meta: !!omap
# - __serialized_columns__:
#     dec:
#       __class__: astropy.coordinates.angles.Latitude
#       unit: &id001 !astropy.units.Unit {unit: deg}
#       value: !astropy.table.SerializedColumn {name: dec}
#     distance:
#       __class__: astropy.coordinates.distances.Distance
#       unit: !astropy.units.Unit {unit: kpc}
#       value: !astropy.table.SerializedColumn {name: distance}
#     pm_dec:
#       __class__: astropy.units.quantity.Quantity
#       unit: !astropy.units.Unit {unit: mas / yr}
#       value: !astropy.table.SerializedColumn {name: pm_dec}
#     pm_ra_cosdec:
#       __class__: astropy.units.quantity.Quantity
#       unit: !astropy.units.Unit {unit: mas / yr}
#       value: !astropy.table.SerializedColumn {name: pm_ra_cosdec}
#     ra:
#       __class__: astropy.coordinates.angles.Longitude
#       unit: *id001
#       value: !astropy.table.SerializedColumn {name: ra}
#       wrap_angle: !astropy.coordinates.Angle
#         unit: *id001
#         value: 360.0
#     radial_velocity:
#       __class__: astropy.units.quantity.Quantity
#       unit: !astropy.units.Unit {unit: km / s}
#       value: !astropy.table.SerializedColumn {name: radial_velocity}
# schema: astropy-2.0
ra,dec,distance,pm_ra_cosdec,pm_dec,radial_velocity
[from data line 2694]
173.99441306929205,5.357918914846171,3.5210211616186546,-18.367439384571302,-4.853938135429973,126.74691844367393
174.00349228025067,5.353739414940079,3.5216000655544,-18.362369992116804,-4.8529644783960455,126.93462147667336
174.01256999863406,5.3495546614957,3.5221793754568176,-18.35729973396643,-4.851991407380608,127.12234755595986
174.02164622264448,5.345364648446618,3.522759091631883,-18.35222861053032,-4.851018922582041,127.31009659335258
174.03072095048398,5.3411693697264475,3.523339214385569,-18.34715662221869,-4.850047024198423,127.4978685006714
174.03979418035453,5.33696881926886,3.5239197440238472,-18.34208376944181,-4.84907571242749,127.68566318973552
174.04886591045812,5.33276299100757,3.524500680852694,-18.337010052610033,-4.848104987466679,127.87348057236413
174.05793613899652,5.328551878876339,3.5250820251780817,-18.33193547213375,-4.847134849513104,128.06132056037674
174.06700486417142,5.324335476808973,3.5256637773059825,-18.32686002842345,-4.8461652987635535,128.24918306559272
174.07607208418452,5.320113778739321,3.526245937542372,-18.321783721889652,-4.845196335414499,128.43706799983138
174.08513779723728,5.315886778601279,3.5268285061932234,-18.316706552942964,-4.8442279596620965,128.62497527491223
174.09420200153116,5.311654470328792,3.5274114835645087,-18.311628521994074,-4.8432601717021715,128.81290480265446
174.10326469526746,5.307416847855845,3.527994869962203,-18.306549629453684,-4.842292971730248,129.0008564948775
174.1123258766475,5.303173905116466,3.5285786656922777,-18.301469875732604,-4.841326359941515,129.18883026340075
174.12138554387238,5.298925636044736,3.5291628710607093,-18.296389261241703,-4.840360336530846,129.3768260200435
174.13044369514313,5.29467203457477,3.529747486373469,-18.291307786391894,-4.839394901692799,129.56484367662543
174.13950032866077,5.29041309464074,3.530332511936531,-18.28622545159419,-4.838430055621604,129.7528831449654
174.14855544262616,5.28614881017685,3.530917948055869,-18.281142257259628,-4.83746579851118,129.94094433688315
174.15760903524006,5.281879175117357,3.531503795037456,-18.27605820379935,-4.836502130555124,130.12902716419808
174.16666110470317,5.277604183396557,3.532090053187266,-18.270973291624546,-4.835539051946707,130.31713153872934
174.17571164921605,5.273323828948795,3.532676722811273,-18.265887521146453,-4.8345765628788815,130.50525737229648
174.1847606669793,5.269038105708459,3.533263804215449,-18.260800892776423,-4.833614663544293,130.6934045767186
174.19380815619323,5.264747007609975,3.5338512977057683,-18.255713406925818,-4.8326533541352426,130.8815730638154
174.20285411505822,5.260450528587818,3.5344392035882057,-18.250625064006098,-4.831692634843728,131.06976274540614
174.21189854177447,5.256148662576506,3.535027522168733,-18.24553586442878,-4.830732505861435,131.25797353331018
174.22094143454214,5.251841403510605,3.5356162537533247,-18.240445808605458,-4.829772967379699,131.44620533934668
174.2299827915613,5.247528745324711,3.5362053986479527,-18.235354896947776,-4.828814019589568,131.63445807533532
174.23902261103186,5.243210681953477,3.536794957158593,-18.230263129867442,-4.827855662681745,131.82273165309545
174.24806089115376,5.238887207331593,3.5373849295912168,-18.22517050777626,-4.826897896846619,132.01102598444626
174.2570976301267,5.234558315393797,3.537975316251799,-18.220077031086056,-4.825940722274273,132.19934098120729
174.26613282615048,5.230224000074861,3.538566117446312,-18.214982700208775,-4.824984139154447,132.38767655519763
174.27516647742462,5.225884255309605,3.53915733348073,-18.209887515556364,-4.824028147676576,132.57603261823712
174.2841985821487,5.221539075032896,3.539748964661028,-18.204791477540887,-4.823072748029766,132.76440908214457
174.2932291385221,5.217188453179637,3.540341011293177,-18.199694586574452,-4.822117940402804,132.95280585873994
174.30225814474417,5.212832383684778,3.5409334736831495,-18.194596843069256,-4.821163724984164,133.14122285984206
174.31128559901418,5.208470860483305,3.5415263521369242,-18.18949824743752,-4.820210101961979,133.32965999727065
174.32031149953133,5.204103877510256,3.54211964696047,-18.184398800091582,-4.81925707152408,133.5181171828449
174.32933584449466,5.199731428700703,3.5427133584597623,-18.17929850144379,-4.818304633857968,133.70659432838437
174.33835863210317,5.195353507989765,3.543307486940773,-18.17419735190662,-4.817352789150837,133.89509134570827
174.3473798605558,5.1909701093126,3.543902032709479,-18.169095351892572,-4.816401537589527,134.08360814663604
174.35639952805133,5.186581226604407,3.54449699607185,-18.163992501814228,-4.815450879360593,134.27214464298697
174.36541763278854,5.182186853800431,3.545092377333861,-18.158888802084224,-4.81450081465025,134.46070074658059
174.37443417296606,5.17778698483596,3.545688176801486,-18.153784253115287,-4.813551343644391,134.64927636923605
174.38344914678245,5.173381613646314,3.546284394780698,-18.148678855320185,-4.812602466528596,134.83787142277293
174.39246255243626,5.16897073416686,3.546881031577471,-18.143572609111775,-4.811654183488115,135.02648581901045
174.4014743881258,5.1645543403330105,3.5474780874977774,-18.138465514902958,-4.8107064947078815,135.21511946976818
174.4104846520494,5.1601324260802155,3.5480755628475906,-18.133357573106736,-4.809759400372508,135.40377228686535
174.41949334240536,5.155704985343962,3.5486734579328867,-18.12824878413613,-4.808812900666275,135.59244418212106
174.42850045739178,5.1512720120597875,3.5492717730596373,-18.123139148404263,-4.807866995773158,135.7811350673551
174.43750599520666,5.146833500163261,3.5498705085338154,-18.118028666324317,-4.806921685876798,135.96984485438696
174.4465099540481,5.142389443589997,3.5504696646613945,-18.11291733830955,-4.805976971160522,136.15857345503548
174.45551233211395,5.1379398362756525,3.5510692417483503,-18.10780516477327,-4.805032851807322,136.3473207811203
174.464513127602,5.133484672155918,3.551669240100654,-18.102692146128863,-4.804089327999887,136.53608674446087
174.47351233871,5.129023945166532,3.5522696600242796,-18.09757828278977,-4.8031463999205695,136.72487125687653
174.48250996363566,5.124557649243269,3.552870501825201,-18.092463575169525,-4.802204067751408,136.91367423018647
174.49150600057644,5.120085778321948,3.5534717658093915,-18.0873480236817,-4.801262331674114,137.10249557621023
174.5005004477299,5.115608326338421,3.5540734522828252,-18.082231628739954,-4.800321191870077,137.29133520676723
174.50949330329343,5.111125287228586,3.5546755615514756,-18.077114390758002,-4.799380648520368,137.48019303367664
174.51848456546435,5.106636654928382,3.555278093921315,-18.07199631014964,-4.798440701805729,137.66906896875807
174.52747423243989,5.102142423373778,3.5558810496983178,-18.066877387328727,-4.797501351906591,137.85796292383074
174.53646230241725,5.0976425865008,3.556484429188456,-18.061757622709184,-4.796562599003056,138.046874810714
174.54544877359348,5.093137138245495,3.5570882326977067,-18.056637016704986,-4.795624443274894,138.23580454122734
174.55443364416564,5.088626072543962,3.5576924605320395,-18.05151556973021,-4.794686884901571,138.42475202719004
174.56341691233058,5.084109383332333,3.55829711299743,-18.046393282198984,-4.793749924062219,138.61371718042136
174.5723985762852,5.079587064546781,3.5589021903998526,-18.0412701545255,-4.792813560935647,138.80269991274096
174.5813786342262,5.075059110123524,3.559507693045277,-18.036146187124015,-4.79187779570035,138.99170013596805
174.59035708435033,5.070525513998806,3.5601136212396804,-18.031021380408873,-4.7909426285344905,139.18071776192195
174.5993339248542,5.065986270108926,3.560719975289036,-18.025895734794457,-4.790008059615917,139.36975270242206
174.60830915393427,5.061441372390208,3.5613267554993153,-18.020769250695245,-4.789074089122142,139.55880486928785
174.61728276978704,5.056890814779023,3.561933962176494,-18.015641928525763,-4.78814071723038,139.74787417433856
174.62625477060888,5.052334591211779,3.5625415956265436,-18.010513768700633,-4.787207944117495,139.93696052939373
174.63522515459607,5.047772695624919,3.5631496561554385,-18.005384771634525,-4.786275769960039,140.12606384627261
174.64419391994485,5.043205121954929,3.5637581440691517,-18.000254937742167,-4.785344194934254,140.31518403679448
174.65316106485133,5.038631864138334,3.5643670596736587,-17.99512426743837,-4.784413219216041,140.5043210127788
174.66212658751158,5.034052916111689,3.5649764032749314,-17.989992761138033,-4.783482842980982,140.693474686045
174.67109048612159,5.029468271811597,3.5655861751789435,-17.98486041925607,-4.782553066404339,140.8826449684125
174.68005275887725,5.024877925174695,3.5661963756916673,-17.979727242207524,-4.781623889661055,141.07183177170054
174.6890134039744,5.0202818701376595,3.5668070051190788,-17.97459323040746,-4.780695312925747,141.26103500772842
174.69797241960882,5.0156801006372005,3.5674180637671498,-17.969458384271046,-4.779767336372702,141.4502545883156
174.70692980397612,5.011072610610071,3.5680295519418532,-17.9643227042135,-4.778839960175899,141.6394904252816
174.715885555272,5.0064593939930555,3.5686414699491644,-17.95918619065011,-4.777913184508974,141.8287424304456
174.72483967169188,5.001840444722987,3.569253818095056,-17.954048843996233,-4.776987009545259,142.018010515627
174.7337921514313,4.99721575673672,3.5698665966855017,-17.948910664667302,-4.776061435457746,142.20729459264527
174.74274299268555,4.992585323971161,3.570479806026475,-17.943771653078812,-4.775136462419122,142.3965945733198
174.75169219364997,4.987949140363248,3.5710934464239488,-17.938631809646328,-4.774212090601734,142.5859103694698
174.76063975251984,4.983307199849952,3.571707518183897,-17.93349113478551,-4.773288320177615,142.77524189291464
174.76958566749022,4.97865949636829,3.5723220216122935,-17.92834962891202,-4.772365151318471,142.96458905547377
174.77852993675623,4.974006023855308,3.572936957015111,-17.92320729244167,-4.7714425841956905,143.15395176896666
174.7874725585129,4.969346776248093,3.573552324698324,-17.91806412579028,-4.770520618980328,143.3433299452125
174.79641353095505,4.964681747483766,3.574168124967905,-17.912920129373774,-4.769599255843127,143.53272349603083
174.80535285227765,4.960010931499491,3.5747843581298278,-17.907775303608148,-4.7686784949544965,143.72213233324084
174.81429052067543,4.955334322232458,3.575401024490068,-17.902629648909418,-4.767758336484527,143.91155636866208
174.82322653434312,4.950651913619901,3.5760181243545954,-17.897483165693757,-4.76683878060299,144.10099551411375
174.83216089147533,4.9459636995990905,3.5766356580293857,-17.89233585437731,-4.7659198274793315,144.29044968141525
174.84109359026655,4.941269674107332,3.577253625820412,-17.88718771537636,-4.765001477282663,144.47991878238614
174.85002462891143,4.936569831081964,3.577872028033648,-17.88203874910724,-4.764083730181787,144.66940272884548
174.8589540056042,4.931864164460364,3.578490864975067,-17.87688895598634,-4.763166586345173,144.8589014326131
174.86788171853934,4.927152668179945,3.579110136950643,-17.871738336430145,-4.762250045940973,145.04841480550792
174.87680776591105,4.922435336178156,3.579729844266349,-17.866586890855196,-4.761334109137012,145.23794275934955
174.88573214591358,4.917712162392484,3.5803499872281574,-17.86143461967809,-4.7604187761007974,145.42748520595705
174.89465485674097,4.9129831407604465,3.5809705661420446,-17.85628152331552,-4.759504046999499,145.6170420571503
174.90357589658734,4.9082482652196,3.5815915813139814,-17.851127602184235,-4.758589921999977,145.80661322474816
174.91249526364663,4.903507529707536,3.582213033049943,-17.845972856701053,-4.757676401268768,145.99619862057054
174.92141295611276,4.898760928161883,3.582834921655902,-17.84081728728287,-4.75676348497207,146.18579815643622
174.93032897217958,4.894008454520301,3.583457247437832,-17.835660894346642,-4.755851173275773,146.37541174416515
174.93924331004084,4.889250102720484,3.5840800107017063,-17.830503678309423,-4.754939466345435,146.5650392955763
174.94815596789027,4.884485866700171,3.584703211753499,-17.825345639588296,-4.754028364346296,146.7546807224891
174.9570669439214,4.879715740397127,3.585326850899184,-17.82018677860042,-4.753117867443265,146.94433593672298
174.9659762363279,4.874939717749153,3.585950928444733,-17.81502709576308,-4.75220797580093,147.13400485009737
174.97488384330316,4.8701577926940836,3.586575444696121,-17.80986659149357,-4.751298689583565,147.3236873744316
174.98378976304065,4.865369959169795,3.5872003999593223,-17.804705266209268,-4.750390008955099,147.51338342154494
174.99269399373367,4.860576211114191,3.587825794540308,-17.79954312032765,-4.749481934079165,147.70309290325696
175.0015965335755,4.855776542465215,3.588451628745053,-17.794380154266232,-4.748574465119049,147.8928157313868
175.01049738075935,4.850970947160839,3.5890779028795317,-17.789216368442606,-4.7476676022377164,148.08255181775405
175.01939653347836,4.846159419139071,3.5897046172497156,-17.78405176327445,-4.746761345597819,148.27230107417793
175.02829398992557,4.84134195233796,3.5903317721615804,-17.778886339179508,-4.745855695361678,148.4620634124778
175.037189748294,4.836518540695584,3.5909593679210965,-17.77372009657559,-4.744950651691296,148.65183874447308
175.04608380677652,4.831689178150049,3.59158740483424,-17.768553035880583,-4.7440462147483435,148.84162698198313
175.05497616356604,4.826853858639504,3.592215883206985,-17.763385157512428,-4.743142384694169,149.03142803682744
175.0638668168553,4.82201257610213,3.5928448033453035,-17.75821646188915,-4.742239161689808,149.22124182082536
175.07275576483704,4.817165324476142,3.5934741655551683,-17.753046949428875,-4.741336545895958,149.41106824579586
175.08164300570388,4.812312097699782,3.594103970142555,-17.74787662054973,-4.740434537473,149.600907223559
175.09052853764842,4.807452889711335,3.594734217413435,-17.742705475669986,-4.739533136580989,149.79075866593368
175.09941235886316,4.802587694449113,3.5953649076737833,-17.73753351520795,-4.738632343379657,149.98062248473937
175.10829446754056,4.797716505851465,3.595996041229573,-17.73236073958199,-4.737732158028409,150.17049859179528
175.11717486187297,4.792839317856774,3.596627618386777,-17.72718714921058,-4.736832580686332,150.36038689892106
175.12605354005265,4.787956124403449,3.597259639451369,-17.722012744512227,-4.735933611512188,150.550287317936
175.1349305002719,4.783066919429938,3.597892104729325,-17.716837525905543,-4.7350352506644064,150.7401997606594
175.14380574072288,4.77817169687473,3.5985250145266146,-17.7116614938092,-4.734137498301106,150.93012413891086
175.15267925959765,4.773270450676328,3.599158369149213,-17.706484648641936,-4.733240354580066,151.12006036450927
175.16155105508827,4.768363174773284,3.5997921689030936,-17.70130699082257,-4.732343819658761,151.31000834927443
175.17042112538667,4.763449863104172,3.60042641409423,-17.696128520769975,-4.731447893694327,151.4999680050256
175.17928946868483,4.758530509607607,3.6010611050285974,-17.690949238903126,-4.730552576843573,151.6899392435821
175.18815608317445,4.75360510822224,3.6016962420121663,-17.685769145641046,-4.729657869263009,151.87992197676323
175.1970209670474,4.748673652886734,3.6023318253509125,-17.68058824140284,-4.728763771108786,152.06991611638867
175.20588411849533,4.743736137539809,3.6029678553508075,-17.67540652660769,-4.727870282536757,152.25992157427734
175.21474553570982,4.738792556120199,3.6036043323178264,-17.670224001674832,-4.726977403702442,152.4499382622491
175.22360521688253,4.733842902566684,3.604241256557943,-17.665040667023597,-4.726085134761037,152.63996609212285
175.23246316020487,4.728887170818068,3.6048786283771292,-17.659856523073376,-4.725193475867419,152.83000497571814
175.2413193638683,4.723925354813187,3.6055164480813597,-17.65467157024364,-4.724302427176129,153.0200548248545
175.25017382606418,4.718957448490911,3.606154715976607,-17.64948580895392,-4.723411988841402,153.21011555135132
