galstreams/tracks/track.po.Sangarius.grillmair2017.ecsv
# %ECSV 0.9
# ---
# datatype:
# - {name: ra, unit: deg, datatype: float64}
# - {name: dec, unit: deg, datatype: float64}
# - {name: distance, unit: kpc, datatype: float64}
# - {name: pm_ra_cosdec, unit: mas / yr, datatype: float64}
# - {name: pm_dec, unit: mas / yr, datatype: float64}
# - {name: radial_velocity, unit: km / s, datatype: float64}
# delimiter: ','
# meta: !!omap
# - __serialized_columns__:
#     dec:
#       __class__: astropy.coordinates.angles.Latitude
#       unit: &id001 !astropy.units.Unit {unit: deg}
#       value: !astropy.table.SerializedColumn {name: dec}
#     distance:
#       __class__: astropy.coordinates.distances.Distance
#       unit: !astropy.units.Unit {unit: kpc}
#       value: !astropy.table.SerializedColumn {name: distance}
#     pm_dec:
#       __class__: astropy.units.quantity.Quantity
#       unit: !astropy.units.Unit {unit: mas / yr}
#       value: !astropy.table.SerializedColumn {name: pm_dec}
#     pm_ra_cosdec:
#       __class__: astropy.units.quantity.Quantity
#       unit: !astropy.units.Unit {unit: mas / yr}
#       value: !astropy.table.SerializedColumn {name: pm_ra_cosdec}
#     ra:
#       __class__: astropy.coordinates.angles.Longitude
#       unit: *id001
#       value: !astropy.table.SerializedColumn {name: ra}
#       wrap_angle: !astropy.coordinates.Angle
#         unit: *id001
#         value: 360.0
#     radial_velocity:
#       __class__: astropy.units.quantity.Quantity
#       unit: !astropy.units.Unit {unit: km / s}
#       value: !astropy.table.SerializedColumn {name: radial_velocity}
# schema: astropy-2.0
ra,dec,distance,pm_ra_cosdec,pm_dec,radial_velocity
[from data line 4947]
131.58606343264123,31.822913704537285,20.999999999999666,0.0,0.0,0.0
131.5854319959693,31.832901302307672,20.99999999999967,0.0,0.0,0.0
131.58480042261513,31.84288889695905,20.999999999999666,0.0,0.0,0.0
131.58416871249608,31.852876488489525,20.999999999999666,0.0,0.0,0.0
131.5835368655293,31.86286407689722,20.999999999999662,0.0,0.0,0.0
131.58290488163198,31.872851662180242,20.999999999999662,0.0,0.0,0.0
131.5822727607212,31.882839244336694,20.999999999999666,0.0,0.0,0.0
131.581640502714,31.89282682336466,20.999999999999662,0.0,0.0,0.0
131.58100810752742,31.902814399262294,20.999999999999666,0.0,0.0,0.0
131.5803755750784,31.912801972027655,20.99999999999966,0.0,0.0,0.0
131.57974290528384,31.922789541658858,20.99999999999966,0.0,0.0,0.0
131.57911009806054,31.93277710815403,20.999999999999655,0.0,0.0,0.0
131.57847715332534,31.942764671511227,20.99999999999966,0.0,0.0,0.0
131.57784407099498,31.95275223172858,20.99999999999966,0.0,0.0,0.0
131.5772108509861,31.962739788804175,20.99999999999966,0.0,0.0,0.0
131.57657749321538,31.972727342736125,20.999999999999655,0.0,0.0,0.0
131.57594399759935,31.9827148935225,20.99999999999966,0.0,0.0,0.0
131.57531036405456,31.992702441161413,20.999999999999655,0.0,0.0,0.0
131.57467659249753,32.00268998565094,20.999999999999655,0.0,0.0,0.0
131.5740426828446,32.012677526989194,20.999999999999652,0.0,0.0,0.0
131.57340863501213,32.02266506517426,20.999999999999655,0.0,0.0,0.0
131.57277444891653,32.03265260020421,20.999999999999655,0.0,0.0,0.0
131.57214012447398,32.04264013207714,20.999999999999655,0.0,0.0,0.0
131.57150566160072,32.052627660791146,20.999999999999652,0.0,0.0,0.0
131.5708710602129,32.06261518634431,20.999999999999655,0.0,0.0,0.0
131.57023632022663,32.0726027087347,20.99999999999965,0.0,0.0,0.0
131.56960144155792,32.08259022796044,20.999999999999652,0.0,0.0,0.0
131.56896642412275,32.09257774401957,20.99999999999965,0.0,0.0,0.0
131.56833126783715,32.10256525691019,20.999999999999652,0.0,0.0,0.0
131.56769597261695,32.112552766630365,20.999999999999652,0.0,0.0,0.0
131.56706053837797,32.12254027317821,20.999999999999652,0.0,0.0,0.0
131.566424965036,32.13252777655176,20.99999999999965,0.0,0.0,0.0
131.56578925250676,32.14251527674912,20.99999999999965,0.0,0.0,0.0
131.56515340070595,32.15250277376834,20.99999999999965,0.0,0.0,0.0
131.56451740954915,32.16249026760751,20.99999999999965,0.0,0.0,0.0
131.56388127895195,32.1724777582647,20.999999999999645,0.0,0.0,0.0
131.56324500882985,32.18246524573797,20.99999999999965,0.0,0.0,0.0
131.5626085990983,32.19245273002541,20.99999999999964,0.0,0.0,0.0
131.56197204967273,32.20244021112507,20.99999999999964,0.0,0.0,0.0
131.56133536046846,32.212427689035025,20.99999999999964,0.0,0.0,0.0
131.5606985314008,32.222415163753354,20.999999999999645,0.0,0.0,0.0
131.56006156238496,32.232402635278085,20.999999999999645,0.0,0.0,0.0
131.5594244533362,32.242390103607306,20.999999999999645,0.0,0.0,0.0
131.55878720416953,32.2523775687391,20.999999999999638,0.0,0.0,0.0
131.55814981480015,32.26236503067148,20.99999999999964,0.0,0.0,0.0
131.557512285143,32.27235248940256,20.99999999999964,0.0,0.0,0.0
131.5568746151131,32.28233994493036,20.99999999999964,0.0,0.0,0.0
131.5562368046253,32.29232739725294,20.99999999999964,0.0,0.0,0.0
131.55559885359452,32.30231484636836,20.99999999999964,0.0,0.0,0.0
131.55496076193558,32.312302292274694,20.999999999999638,0.0,0.0,0.0
131.55432252956317,32.322289734969964,20.99999999999964,0.0,0.0,0.0
131.55368415639202,32.33227717445225,20.999999999999638,0.0,0.0,0.0
131.55304564233677,32.34226461071959,20.999999999999638,0.0,0.0,0.0
131.552406987312,32.35225204377004,20.999999999999634,0.0,0.0,0.0
131.55176819123224,32.36223947360163,20.999999999999634,0.0,0.0,0.0
131.55112925401195,32.37222690021244,20.999999999999638,0.0,0.0,0.0
131.55049017556559,32.38221432360048,20.999999999999638,0.0,0.0,0.0
131.54985095580753,32.39220174376383,20.999999999999638,0.0,0.0,0.0
131.549211594652,32.4021891607005,20.999999999999638,0.0,0.0,0.0
131.5485720920134,32.41217657440856,20.999999999999634,0.0,0.0,0.0
131.54793244780578,32.42216398488603,20.999999999999634,0.0,0.0,0.0
131.5472926619434,32.43215139213097,20.999999999999634,0.0,0.0,0.0
131.54665273434028,32.44213879614139,20.999999999999634,0.0,0.0,0.0
