galstreams/tracks/track.st.Spectre.chandra2022.ecsv
# %ECSV 1.0
# ---
# datatype:
# - {name: ra, unit: deg, datatype: float64}
# - {name: dec, unit: deg, datatype: float64}
# - {name: distance, unit: kpc, datatype: float64}
# - {name: pm_ra_cosdec, unit: mas / yr, datatype: float64}
# - {name: pm_dec, unit: mas / yr, datatype: float64}
# - {name: radial_velocity, unit: km / s, datatype: float64}
# delimiter: ','
# meta: !!omap
# - __serialized_columns__:
#     dec:
#       __class__: astropy.coordinates.angles.Latitude
#       unit: &id001 !astropy.units.Unit {unit: deg}
#       value: !astropy.table.SerializedColumn {name: dec}
#     distance:
#       __class__: astropy.coordinates.distances.Distance
#       unit: !astropy.units.Unit {unit: kpc}
#       value: !astropy.table.SerializedColumn {name: distance}
#     pm_dec:
#       __class__: astropy.units.quantity.Quantity
#       unit: !astropy.units.Unit {unit: mas / yr}
#       value: !astropy.table.SerializedColumn {name: pm_dec}
#     pm_ra_cosdec:
#       __class__: astropy.units.quantity.Quantity
#       unit: !astropy.units.Unit {unit: mas / yr}
#       value: !astropy.table.SerializedColumn {name: pm_ra_cosdec}
#     ra:
#       __class__: astropy.coordinates.angles.Longitude
#       unit: *id001
#       value: !astropy.table.SerializedColumn {name: ra}
#       wrap_angle: !astropy.coordinates.Angle
#         unit: *id001
#         value: 360.0
#     radial_velocity:
#       __class__: astropy.units.quantity.Quantity
#       unit: !astropy.units.Unit {unit: km / s}
#       value: !astropy.table.SerializedColumn {name: radial_velocity}
# schema: astropy-2.0
ra,dec,distance,pm_ra_cosdec,pm_dec,radial_velocity
218.59563604618796,43.39611401055606,12.5,-5.786780350402361,-4.819989684770066,-149.01176033160692
218.58562029826498,43.389226699263524,12.5,-5.786464577384201,-4.821344506931422,-148.97567089778443
218.57560682651072,43.3823385140739,12.500000000000002,-5.78614876010746,-4.82269908555653,-148.9395814639621
218.56559563016424,43.37544945538528,12.500000000000002,-5.785832898675926,-4.824053420717376,-148.90349203013966
218.55558670846466,43.368559523595586,12.500000000000002,-5.785516993193292,-4.825407512485963,-148.86740259631722
218.5455800606513,43.361668719102575,12.5,-5.785201043763177,-4.8267613609342845,-148.83131316249484
218.53557568596332,43.35477704230375,12.499999999999998,-5.7848850504891,-4.828114966134375,-148.7952237286722
218.52557358364024,43.34788449359651,12.500000000000002,-5.784569013474504,-4.829468328158249,-148.7591342948499
218.5155737529214,43.34099107337806,12.499999999999998,-5.784252932822753,-4.830821447077954,-148.72304486102752
218.5055761930464,43.33409678204542,12.500000000000002,-5.78393680863711,-4.832174322965525,-148.68695542720508
218.49558090325485,43.32720161999544,12.499999999999998,-5.783620641020775,-4.833526955893031,-148.65086599338255
218.48558788278643,43.32030558762479,12.5,-5.7833044300768375,-4.834879345932533,-148.6147765595602
218.4755971308809,43.31340868532993,12.499999999999998,-5.782988175908326,-4.836231493156109,-148.57868712573776
218.46560864677812,43.30651091350719,12.5,-5.782671878618169,-4.837583397635846,-148.5425976919153
218.45562242971798,43.29961227255268,12.500000000000002,-5.782355538309217,-4.838935059443847,-148.50650825809282
218.44563847894054,43.29271276286241,12.500000000000002,-5.78203915508424,-4.8402864786522075,-148.47041882427047
218.4356567936858,43.28581238483206,12.500000000000002,-5.7817227290459074,-4.8416376553330505,-148.434329390448
218.42567737319396,43.27891113885726,12.500000000000002,-5.781406260296821,-4.842988589558502,-148.39823995662553
218.4157002167053,43.272009025333425,12.500000000000002,-5.781089748939493,-4.844339281400697,-148.36215052280318
218.40572532346002,43.265106044655816,12.5,-5.780773195076351,-4.845689730931779,-148.32606108898062
218.3957526926986,43.25820219721947,12.5,-5.780456598809733,-4.847039938223901,-148.2899716551583
218.38578232366152,43.251297483419265,12.5,-5.780139960241899,-4.848389903349226,-148.25388222133577
218.37581421558932,43.244391903649905,12.500000000000002,-5.779823279475025,-4.849739626379925,-148.21779278751342
218.3658483677226,43.23748545830594,12.5,-5.779506556611201,-4.851089107388185,-148.18170335369098
218.35588477930213,43.23057814778168,12.5,-5.779189791752433,-4.8524383464461955,-148.14561391986842
218.34592344956874,43.22366997247136,12.500000000000002,-5.778872985000647,-4.853787343626146,-148.10952448604618
218.33596437776322,43.216760932768885,12.5,-5.778556136457675,-4.85513609900026,-148.07343505222363
218.32600756312655,43.20985102906812,12.499999999999998,-5.778239246225273,-4.856484612640751,-148.03734561840125
218.31605300489977,43.20294026176268,12.5,-5.777922314405114,-4.85783288461984,-148.00125618457886
218.30610070232404,43.19602863124603,12.499999999999998,-5.777605341098783,-4.85918091500977,-147.9651667507563
218.29615065464054,43.18911613791147,12.5,-5.777288326407783,-4.86052870388278,-147.92907731693384
218.28620286109057,43.18220278215208,12.500000000000002,-5.776971270433537,-4.8618762513111236,-147.89298788311152
218.27625732091553,43.175288564360805,12.5,-5.776654173277379,-4.863223557367063,-147.85689844928916
218.26631403335682,43.16837348493038,12.5,-5.776337035040559,-4.864570622122871,-147.82080901546655
218.25637299765606,43.16145754425342,12.500000000000002,-5.776019855824251,-4.865917445650819,-147.78471958164423
218.24643421305475,43.154540742722254,12.5,-5.775702635729536,-4.8672640280232,-147.74863014782167
218.23649767879468,43.14762308072912,12.499999999999998,-5.775385374857418,-4.868610369312315,-147.71254071399935
218.2265633941176,43.14070455866608,12.5,-5.7750680733088124,-4.869956469590457,-147.6764512801769
218.2166313582654,43.13378517692498,12.5,-5.774750731184561,-4.871302328929946,-147.64036184635455
218.20670157048002,43.126864935897515,12.5,-5.774433348585409,-4.872647947403096,-147.60427241253205
218.19677403000352,43.11994383597519,12.5,-5.774115925612033,-4.873993325082241,-147.56818297870967
218.18684873607802,43.11302187754935,12.5,-5.773798462365013,-4.875338462039716,-147.5320935448872
218.17692568794575,43.10609906101114,12.5,-5.773480958944855,-4.876683358347865,-147.4960041110648
218.16700488484898,43.09917538675154,12.499999999999998,-5.77316341545198,-4.878028014079042,-147.4599146772423
218.1570863260302,43.09225085516138,12.5,-5.772845831986723,-4.879372429305603,-147.4238252434198
218.14717001073168,43.08532546663125,12.5,-5.7725282086493355,-4.8807166040999235,-147.38773580959742
218.13725593819612,43.0783992215516,12.500000000000002,-5.772210545539992,-4.8820605385343745,-147.35164637577503
218.1273441076661,43.07147212031272,12.5,-5.771892842758783,-4.883404232681345,-147.31555694195256
218.11743451838433,43.064544163304696,12.5,-5.771575100405712,-4.884747686613228,-147.27946750813004
218.10752716959374,43.05761535091745,12.5,-5.771257318580702,-4.886090900402413,-147.24337807430766
218.0976220605371,43.05068568354074,12.499999999999998,-5.770939497383593,-4.887433874121316,-147.2072886404852
218.08771919045748,43.04375516156413,12.5,-5.770621636914144,-4.888776607842351,-147.17119920666278
218.07781855859793,43.03682378537701,12.5,-5.770303737272032,-4.890119101637938,-147.13510977284048
218.0679201642016,43.02989155536858,12.500000000000002,-5.769985798556846,-4.891461355580505,-147.09902033901798
218.05802400651186,43.02295847192793,12.5,-5.769667820868105,-4.892803369742488,-147.06293090519551
218.04813008477188,43.01602453544386,12.5,-5.769349804305227,-4.894145144196335,-147.02684147137316
218.03823839822516,43.00908974630508,12.5,-5.76903174896756,-4.895486679014496,-146.99075203755064
218.02834894611524,43.002154104900114,12.500000000000002,-5.768713654954372,-4.896827974269433,-146.95466260372817
218.0184617276857,42.99521761161728,12.500000000000002,-5.768395522364841,-4.898169030033605,-146.91857316990576
218.00857674218025,42.98828026684476,12.5,-5.768077351298071,-4.899509846379491,-146.88248373608343
217.99869398884263,42.98134207097053,12.5,-5.767759141853075,-4.900850423379566,-146.8463943022609
217.9888134669168,42.97440302438239,12.5,-5.76744089412879,-4.9021907611063185,-146.81030486843852
217.9789351756467,42.96746312746799,12.500000000000002,-5.767122608224067,-4.903530859632241,-146.77421543461605
217.9690591142764,42.96052238061481,12.5,-5.766804284237685,-4.904870719029833,-146.73812600079359
217.95918528205,42.95358078421007,12.500000000000002,-5.766485922268326,-4.906210339371607,-146.7020365669712
217.94931367821175,42.94663833864091,12.5,-5.766167522414602,-4.907549720730074,-146.66594713314873
217.939444302006,42.93969504429426,12.5,-5.765849084775033,-4.908888863177751,-146.62985769932638
217.92957715267715,42.93275090155688,12.499999999999998,-5.765530609448071,-4.910227766787171,-146.59376826550385
217.9197122294697,42.925805910815356,12.5,-5.765212096532073,-4.911566431630863,-146.5576788316814
217.9098495316283,42.91886007245608,12.499999999999998,-5.764893546125326,-4.9129048577813705,-146.521589397859
217.8999890583976,42.911913386865294,12.5,-5.764574958326024,-4.914243045311238,-146.48549996403656
217.89013080902245,42.904965854429044,12.5,-5.764256333232289,-4.9155809942930215,-146.44941053021404
217.88027478274765,42.89801747553323,12.5,-5.763937670942159,-4.916918704799279,-146.41332109639166
217.8704209788183,42.891068250563585,12.499999999999998,-5.763618971553585,-4.918256176902569,-146.37723166256916
217.8605693964793,42.88411817990556,12.499999999999998,-5.7633002351644445,-4.919593410675477,-146.34114222874672
217.8507200349759,42.87716726394457,12.500000000000002,-5.762981461872528,-4.920930406190568,-146.30505279492453
217.84087289355332,42.87021550306578,12.5,-5.762662651775547,-4.922267163520436,-146.26896336110207
217.83102797145693,42.86326289765419,12.5,-5.762343804971133,-4.923603682737666,-146.23287392727957
217.82118526793215,42.85630944809464,12.5,-5.762024921556837,-4.924939963914859,-146.19678449345702
217.81134478222455,42.8493551547718,12.500000000000002,-5.761706001630126,-4.926276007124608,-146.16069505963475
217.80150651357974,42.842400018070144,12.5,-5.761387045288388,-4.9276118124395305,-146.12460562581225
217.7916704612434,42.835444038373986,12.499999999999998,-5.7610680526289295,-4.928947379932236,-146.08851619198987
217.7818366244614,42.828487216067444,12.500000000000002,-5.760749023748975,-4.9302827096753425,-146.0524267581674
217.77200500247966,42.821529551534546,12.500000000000002,-5.760429958745673,-4.931617801741476,-146.01633732434496
217.76217559454412,42.814571045158985,12.500000000000002,-5.7601108577160804,-4.93295265620327,-145.98024789052243
217.75234839990094,42.807611697324404,12.5,-5.759791720757191,-4.934287273133364,-145.94415845670008
217.74252341779632,42.800651508414255,12.500000000000002,-5.759472547965894,-4.93562165260439,-145.9080690228777
217.7327006474765,42.793690478811804,12.5,-5.759153339439024,-4.936955794689004,-145.87197958905523
217.72288008818788,42.786728608900134,12.5,-5.758834095273315,-4.93828969945986,-145.83589015523276
217.713061739177,42.77976589906216,12.5,-5.758514815565428,-4.939623366989607,-145.7998007214104
217.7032455996904,42.77280234968064,12.5,-5.758195500411951,-4.940956797350916,-145.763711287588
217.69343166897477,42.765837961138104,12.5,-5.757876149909377,-4.942289990616457,-145.72762185376544
217.68361994627696,42.75887273381703,12.5,-5.757556764154133,-4.943622946858896,-145.69153241994303
217.67381043084367,42.751906668099544,12.500000000000002,-5.757237343242549,-4.944955666150922,-145.65544298612065
217.664003121922,42.74493976436772,12.5,-5.756917887270889,-4.946288148565218,-145.61935355229815
217.654198018759,42.737972023003465,12.500000000000002,-5.756598396335333,-4.947620394174468,-145.58326411847574
217.64439512060179,42.73100344438844,12.5,-5.756278870531981,-4.948952403051375,-145.5471746846532
217.6345944266977,42.7240340289042,12.5,-5.755959309956852,-4.95028417526863,-145.51108525083086
217.62479593629405,42.717063776932086,12.499999999999998,-5.755639714705882,-4.951615710898942,-145.47499581700842
217.61499964863833,42.71009268885329,12.5,-5.755320084874931,-4.952947010015018,-145.438906383186
217.60520556297809,42.7031207650488,12.499999999999998,-5.755000420559782,-4.954278072689575,-145.4028169493636
217.59541367856093,42.696148005899474,12.5,-5.754680721856129,-4.955608898995327,-145.36672751554107
217.58562399463477,42.689174411786,12.5,-5.7543609888596,-4.9569394890049985,-145.33063808171863
217.57583651044726,42.68219998308876,12.500000000000002,-5.754041221665723,-4.958269842791324,-145.29454864789625
217.5660512252465,42.67522472018816,12.5,-5.753721420369967,-4.95959996042703,-145.25845921407372
217.55626813828047,42.66824862346433,12.5,-5.75340158506771,-4.960929841984857,-145.22236978025146
217.5464872487974,42.661271693297216,12.499999999999998,-5.753081715854254,-4.962259487537543,-145.18628034642896
217.53670855604548,42.65429393006663,12.5,-5.752761812824819,-4.963588897157839,-145.15019091260658
217.5269320592731,42.64731533415218,12.5,-5.7524418760745455,-4.964918070918491,-145.11410147878405
217.5171577577287,42.64033590593334,12.500000000000002,-5.752121905698498,-4.9662470088922515,-145.07801204496175
217.5073856506609,42.633355645789365,12.5,-5.751801901791664,-4.967575711151887,-145.04192261113928
217.49761573731828,42.62637455409938,12.5,-5.751481864448943,-4.968904177770156,-145.0058331773168
217.48784801694967,42.619392631242306,12.5,-5.7511617937651565,-4.970232408819826,-144.96974374349435
217.4780824888039,42.61240987759691,12.5,-5.750841689835057,-4.97156040437367,-144.93365430967197
217.4683191521299,42.605426293541775,12.500000000000002,-5.750521552753305,-4.972888164504463,-144.89756487584944
217.4585580061768,42.598441879455315,12.500000000000002,-5.750201382614492,-4.974215689284982,-144.86147544202706
217.44879905019374,42.59145663571579,12.5,-5.749881179513126,-4.975542978788013,-144.82538600820462
217.43904228343,42.58447056270127,12.499999999999998,-5.749560943543633,-4.976870033086344,-144.78929657438218
217.42928770513498,42.57748366078961,12.5,-5.749240674800366,-4.978196852252763,-144.75320714055974
217.41953531455812,42.5704959303586,12.5,-5.748920373377599,-4.9795234363600684,-144.7171177067373
217.409785110949,42.56350737178575,12.5,-5.748600039369519,-4.980849785481055,-144.6810282729148
217.40003709355736,42.556517985448465,12.5,-5.748279672870243,-4.982175899688526,-144.64493883909248
217.39029126163288,42.549527771723945,12.499999999999998,-5.747959273973805,-4.983501779055293,-144.60884940526995
217.38054761442558,42.54253673098925,12.5,-5.747638842774167,-4.9848274236541545,-144.57275997144757
217.37080615118538,42.53554486362123,12.5,-5.747318379365199,-4.986152833557933,-144.53667053762516
217.3610668711624,42.52855216999658,12.500000000000002,-5.746997883840704,-4.987478008839441,-144.5005811038027
217.35132977360684,42.52155865049184,12.5,-5.746677356294404,-4.9888029495714985,-144.46449166998036
217.341594857769,42.51456430548335,12.500000000000002,-5.74635679681994,-4.990127655826929,-144.4284022361579
217.3318621228993,42.507569135347275,12.499999999999998,-5.7460362055108805,-4.991452127678563,-144.39231280233537
217.32213156824827,42.50057314045966,12.500000000000002,-5.7457155824607025,-4.992776365199221,-144.3562233685129
217.31240319306656,42.49357632119633,12.5,-5.745394927762824,-4.994100368461742,-144.3201339346906
217.30267699660484,42.48657867793294,12.500000000000002,-5.745074241510567,-4.995424137538967,-144.28404450086813
217.29295297811396,42.47958021104501,12.5,-5.744753523797185,-4.996747672503728,-144.2479550670456
217.2832311368449,42.47258092090784,12.5,-5.744432774715852,-4.998070973428867,-144.21186563322325
217.2735114720487,42.46558080789659,12.5,-5.74411199435966,-4.999394040387231,-144.1757761994008
217.26379398297647,42.45857987238626,12.499999999999998,-5.7437911828216315,-5.000716873451674,-144.13968676557835
217.25407866887952,42.451578114751634,12.5,-5.743470340194698,-5.002039472695036,-144.10359733175594
217.24436552900917,42.44457553536737,12.500000000000002,-5.743149466571726,-5.00336183819018,-144.0675078979335
217.23465456261692,42.43757213460793,12.499999999999998,-5.742828562045499,-5.004683970009962,-144.03141846411097
217.22494576895437,42.43056791284763,12.500000000000002,-5.742507626708719,-5.006005868227234,-143.99532903028862
217.21523914727317,42.423562870460586,12.5,-5.742186660654021,-5.00732753291487,-143.95923959646618
217.20553469682517,42.41655700782076,12.5,-5.741865663973945,-5.008648964145723,-143.9231501626438
217.19583241686217,42.409550325301915,12.5,-5.741544636760972,-5.009970161992671,-143.88706072882127
217.1861323066363,42.4025428232777,12.5,-5.7412235791074915,-5.011291126528576,-143.85097129499894
217.17643436539961,42.39553450212152,12.5,-5.740902491105825,-5.012611857826316,-143.81488186117645
217.16673859240436,42.388525362206714,12.500000000000002,-5.74058137284821,-5.013932355958763,-143.7787924273541
217.1570449869029,42.38151540390633,12.500000000000002,-5.740260224426809,-5.015252620998795,-143.7427029935317
217.1473535481476,42.37450462759331,12.500000000000002,-5.73993904593371,-5.016572653019294,-143.7066135597092
217.13766427539107,42.367493033640436,12.5,-5.7396178374609175,-5.017892452093139,-143.67052412588674
217.12797716788597,42.3604806224203,12.499999999999998,-5.739296599100365,-5.019212018293217,-143.6344346920642
217.1182922248851,42.35346739430532,12.499999999999998,-5.7389753309439016,-5.020531351692411,-143.59834525824184
