galstreams/tracks/track.st.Hermus.grillmair2014.ecsv
# %ECSV 0.9
# ---
# datatype:
# - {name: ra, unit: deg, datatype: float64}
# - {name: dec, unit: deg, datatype: float64}
# - {name: distance, unit: kpc, datatype: float64}
# - {name: pm_ra_cosdec, unit: mas / yr, datatype: float64}
# - {name: pm_dec, unit: mas / yr, datatype: float64}
# - {name: radial_velocity, unit: km / s, datatype: float64}
# delimiter: ','
# meta: !!omap
# - __serialized_columns__:
#     dec:
#       __class__: astropy.coordinates.angles.Latitude
#       unit: &id001 !astropy.units.Unit {unit: deg}
#       value: !astropy.table.SerializedColumn {name: dec}
#     distance:
#       __class__: astropy.coordinates.distances.Distance
#       unit: !astropy.units.Unit {unit: kpc}
#       value: !astropy.table.SerializedColumn {name: distance}
#     pm_dec:
#       __class__: astropy.units.quantity.Quantity
#       unit: !astropy.units.Unit {unit: mas / yr}
#       value: !astropy.table.SerializedColumn {name: pm_dec}
#     pm_ra_cosdec:
#       __class__: astropy.units.quantity.Quantity
#       unit: !astropy.units.Unit {unit: mas / yr}
#       value: !astropy.table.SerializedColumn {name: pm_ra_cosdec}
#     ra:
#       __class__: astropy.coordinates.angles.Longitude
#       unit: *id001
#       value: !astropy.table.SerializedColumn {name: ra}
#       wrap_angle: !astropy.coordinates.Angle
#         unit: *id001
#         value: 360.0
#     radial_velocity:
#       __class__: astropy.units.quantity.Quantity
#       unit: !astropy.units.Unit {unit: km / s}
#       value: !astropy.table.SerializedColumn {name: radial_velocity}
# schema: astropy-2.0
ra,dec,distance,pm_ra_cosdec,pm_dec,radial_velocity
[from data line 2832]
242.13805474655626,33.51718026556848,19.818760139032758,0.0,0.0,0.0
242.14013780034645,33.52717517257406,19.81936955902815,0.0,0.0,0.0
242.1422243360757,33.53716997096491,19.819979694604562,0.0,0.0,0.0
242.14431435446178,33.54716466056091,19.82059053823529,0.0,0.0,0.0
242.14640785622632,33.55715924118143,19.821202082346574,0.0,0.0,0.0
242.1485048420951,33.56715371264537,19.821814319317596,0.0,0.0,0.0
242.15060531279775,33.577148074771166,19.822427241480458,0.0,0.0,0.0
242.152709269068,33.587142327376775,19.823040841120132,0.0,0.0,0.0
242.15481671164352,33.59713647027967,19.82365511047449,0.0,0.0,0.0
242.15692764126587,33.60713050329686,19.824270041734227,0.0,0.0,0.0
242.1590420586808,33.61712442624483,19.824885627042885,0.0,0.0,0.0
242.161159964638,33.62711823893963,19.82550185849679,0.0,0.0,0.0
242.16328135989107,33.63711194119682,19.82611872814508,0.0,0.0,0.0
242.16540624519777,33.64710553283149,19.82673622798966,0.0,0.0,0.0
242.16753462131985,33.65709901365821,19.827354349985182,0.0,0.0,0.0
242.16966648902306,33.66709238349109,19.82797308603904,0.0,0.0,0.0
242.1718018490773,33.67708564214376,19.828592428011362,0.0,0.0,0.0
242.17394070225635,33.68707878942936,19.829212367714938,0.0,0.0,0.0
242.1760830493382,33.697071825160556,19.829832896915295,0.0,0.0,0.0
242.17822889110494,33.70706474914951,19.830454007330623,0.0,0.0,0.0
242.18037822834248,33.71705756120791,19.831075690631753,0.0,0.0,0.0
242.18253106184105,33.727050261146935,19.831697938442186,0.0,0.0,0.0
242.1846873923949,33.73704284877732,19.832320742338048,0.0,0.0,0.0
242.18684722080232,33.74703532390927,19.83294409384809,0.0,0.0,0.0
242.18901054786582,33.757027686352515,19.83356798445369,0.0,0.0,0.0
242.1911773743918,33.7670199359163,19.834192405588805,0.0,0.0,0.0
242.19334770119107,33.77701207240938,19.83481734863999,0.0,0.0,0.0
242.19552152907826,33.787004095639986,19.835442804946403,0.0,0.0,0.0
242.19769885887231,33.79699600541592,19.83606876579975,0.0,0.0,0.0
242.19987969139626,33.80698780154443,19.836695222444323,0.0,0.0,0.0
242.20206402747726,33.8169794838323,19.83732216607696,0.0,0.0,0.0
242.20425186794665,33.82697105208581,19.837949587847056,0.0,0.0,0.0
242.2064432136398,33.83696250611076,19.838577478856546,0.0,0.0,0.0
242.20863806539637,33.84695384571243,19.83920583015992,0.0,0.0,0.0
242.21083642406015,33.85694507069562,19.839834632764195,0.0,0.0,0.0
242.21303829047903,33.86693618086463,19.84046387762892,0.0,0.0,0.0
242.21524366550526,33.87692717602325,19.841093555666173,0.0,0.0,0.0
242.21745254999504,33.88691805597479,19.841723657740566,0.0,0.0,0.0
242.21966494480895,33.89690882052204,19.842354174669214,0.0,0.0,0.0
242.22188085081171,33.90689946946732,19.84298509722178,0.0,0.0,0.0
242.2241002688722,33.91689000261239,19.843616416120447,0.0,0.0,0.0
242.2263231998635,33.92688041975858,19.844248122039893,0.0,0.0,0.0
242.228549644663,33.93687072070667,19.84488020560735,0.0,0.0,0.0
242.23077960415222,33.94686090525695,19.845512657402555,0.0,0.0,0.0
242.23301307921702,33.9568509732092,19.846145467957786,0.0,0.0,0.0
242.23525007074738,33.96684092436271,19.846778627757836,0.0,0.0,0.0
242.2374905796376,33.97683075851623,19.847412127240037,0.0,0.0,0.0
242.23973460678624,33.98682047546804,19.848045956794262,0.0,0.0,0.0
242.24198215309602,33.996810075015915,19.84868010676291,0.0,0.0,0.0
242.24423321947407,34.006799556957084,19.849314567440953,0.0,0.0,0.0
242.2464878068316,34.016788921088285,19.84994932907588,0.0,0.0,0.0
242.24874591608426,34.02677816720576,19.85058438186778,0.0,0.0,0.0
242.25100754815193,34.03676729510523,19.851219715969275,0.0,0.0,0.0
242.25327270395888,34.04675630458188,19.85185532148557,0.0,0.0,0.0
242.25554138443343,34.05674519543044,19.85249118847447,0.0,0.0,0.0
242.25781359050836,34.06673396744507,19.853127306946373,0.0,0.0,0.0
242.2600893231208,34.07672262041944,19.85376366686425,0.0,0.0,0.0
242.26236858321215,34.08671115414672,19.854400258143723,0.0,0.0,0.0
242.26465137172815,34.09669956841952,19.855037070653022,0.0,0.0,0.0
242.26693768961871,34.10668786302998,19.855674094213025,0.0,0.0,0.0
242.2692275378384,34.1166760377697,19.856311318597257,0.0,0.0,0.0
242.27152091734575,34.12666409242977,19.856948733531915,0.0,0.0,0.0
242.273817829104,34.13665202680075,19.857586328695856,0.0,0.0,0.0
242.27611827408043,34.1466398406727,19.858224093720665,0.0,0.0,0.0
242.27842225324693,34.156627533835135,19.85886201819062,0.0,0.0,0.0
242.2807297675796,34.16661510607706,19.85950009164272,0.0,0.0,0.0
242.28304081805896,34.176602557186975,19.860138303566735,0.0,0.0,0.0
242.28535540566995,34.18658988695282,19.860776643405163,0.0,0.0,0.0
242.28767353140185,34.19657709516204,19.861415100553323,0.0,0.0,0.0
242.28999519624836,34.20656418160156,19.862053664359312,0.0,0.0,0.0
242.29232040120755,34.216551146057746,19.862692324124048,0.0,0.0,0.0
242.29464914728186,34.22653798831647,19.863331069101314,0.0,0.0,0.0
242.29698143547827,34.23652470816305,19.86396988849772,0.0,0.0,0.0
242.2993172668081,34.24651130538234,19.8646087714728,0.0,0.0,0.0
242.30165664228704,34.25649777975856,19.865247707138987,0.0,0.0,0.0
242.30399956293527,34.26648413107548,19.86588668456163,0.0,0.0,0.0
242.30634602977747,34.27647035911631,19.866525692759062,0.0,0.0,0.0
242.30869604384267,34.286456463663754,19.867164720702586,0.0,0.0,0.0
242.3110496061643,34.296442444499945,19.867803757316523,0.0,0.0,0.0
242.31340671778042,34.30642830140652,19.868442791478206,0.0,0.0,0.0
242.31576737973347,34.316414034164545,19.86908181201806,0.0,0.0,0.0
242.3181315930702,34.326399642554584,19.86972080771959,0.0,0.0,0.0
242.32049935884214,34.33638512635667,19.87035976731943,0.0,0.0,0.0
242.32287067810515,34.346370485350235,19.870998679507352,0.0,0.0,0.0
242.3252455519194,34.356355719314266,19.87163753292631,0.0,0.0,0.0
242.32762398134986,34.366340828027155,19.87227631617248,0.0,0.0,0.0
242.33000596746584,34.376325811266746,19.872915017795275,0.0,0.0,0.0
242.33239151134123,34.386310668810395,19.87355362629738,0.0,0.0,0.0
242.3347806140543,34.396295400434866,19.87419213013481,0.0,0.0,0.0
242.337173276688,34.406280005916415,19.874830517716884,0.0,0.0,0.0
242.33956950032965,34.41626448503073,19.875468777406333,0.0,0.0,0.0
242.34196928607122,34.42624883755296,19.876106897519303,0.0,0.0,0.0
242.34437263500917,34.43623306325774,19.87674486632536,0.0,0.0,0.0
242.3467795482445,34.44621716191914,19.877382672047595,0.0,0.0,0.0
242.3491900268829,34.45620113331065,19.878020302862602,0.0,0.0,0.0
242.3516040720343,34.46618497720526,19.878657746900533,0.0,0.0,0.0
242.35402168481346,34.47616869337541,19.879294992245157,0.0,0.0,0.0
242.3564428663397,34.486152281592965,19.879932026933886,0.0,0.0,0.0
242.35886761773676,34.496135741629246,19.880568838957796,0.0,0.0,0.0
242.3612959401331,34.506119073255036,19.881205416261714,0.0,0.0,0.0
242.36372783466166,34.51610227624057,19.88184174674422,0.0,0.0,0.0
242.36616330246008,34.5260853503555,19.882477818257712,0.0,0.0,0.0
242.3686023446705,34.53606829536897,19.883113618608434,0.0,0.0,0.0
242.37104496243975,34.54605111104955,19.883749135556528,0.0,0.0,0.0
242.37349115691924,34.556033797165234,19.88438435681608,0.0,0.0,0.0
242.37594092926497,34.56601635348346,19.88501927005519,0.0,0.0,0.0
242.3783942806376,34.57599877977116,19.885653862895968,0.0,0.0,0.0
242.38085121220246,34.58598107579467,19.886288122914607,0.0,0.0,0.0
242.38331172512935,34.59596324131975,19.88692203764145,0.0,0.0,0.0
242.38577582059293,34.60594527611164,19.88755559456102,0.0,0.0,0.0
242.3882434997723,34.615927179935,19.888188781112063,0.0,0.0,0.0
242.39071476385143,34.62590895255393,19.888821584687612,0.0,0.0,0.0
242.39318961401875,34.635890593731965,19.88945399263504,0.0,0.0,0.0
242.39566805146754,34.645872103232065,19.890085992256093,0.0,0.0,0.0
242.39815007739563,34.655853480816674,19.890717570806967,0.0,0.0,0.0
242.40063569300548,34.66583472624761,19.891348715498353,0.0,0.0,0.0
242.40312489950435,34.67581583928616,19.89197941349548,0.0,0.0,0.0
242.40561769810427,34.68579681969303,19.89260965191819,0.0,0.0,0.0
242.40811409002166,34.69577766722836,19.893239417840984,0.0,0.0,0.0
242.410614076478,34.705758381651755,19.893868698293065,0.0,0.0,0.0
242.4131176586992,34.715738962722185,19.89449748025843,0.0,0.0,0.0
242.41562483791606,34.725719410198096,19.895125750675895,0.0,0.0,0.0
242.418135615364,34.735699723837364,19.895753496439177,0.0,0.0,0.0
242.42064999228322,34.74567990339725,19.89638070439692,0.0,0.0,0.0
242.42316796991867,34.75565994863449,19.897007361352824,0.0,0.0,0.0
242.42568954951992,34.76563985930523,19.89763345406561,0.0,0.0,0.0
242.42821473234144,34.775619635165,19.898258969249188,0.0,0.0,0.0
242.43074351964242,34.78559927596883,19.898883893572627,0.0,0.0,0.0
242.43327591268667,34.795578781471114,19.899508213660276,0.0,0.0,0.0
242.4358119127429,34.80555815142568,19.900131916091805,0.0,0.0,0.0
242.4383515210845,34.81553738558578,19.900754987402294,0.0,0.0,0.0
242.44089473898984,34.8255164837041,19.901377414082265,0.0,0.0,0.0
242.44344156774176,34.83549544553271,19.90199918257777,0.0,0.0,0.0
242.44599200862808,34.84547427082314,19.902620279290456,0.0,0.0,0.0
242.44854606294132,34.8554529593263,19.903240690577643,0.0,0.0,0.0
242.45110373197895,34.86543151079255,19.903860402752375,0.0,0.0,0.0
242.45366501704314,34.87540992497162,19.904479402083485,0.0,0.0,0.0
242.45622991944077,34.885388201612685,19.905097674795712,0.0,0.0,0.0
242.4587984404837,34.89536634046433,19.905715207069722,0.0,0.0,0.0
242.4613705814885,34.90534434127456,19.906331985042186,0.0,0.0,0.0
242.4639463437767,34.915322203790765,19.9069479948059,0.0,0.0,0.0
242.46652572867455,34.92529992775975,19.9075632224098,0.0,0.0,0.0
242.4691087375131,34.93527751292776,19.908177653859074,0.0,0.0,0.0
242.47169537162836,34.945254959040405,19.90879127511522,0.0,0.0,0.0
242.4742856323612,34.95523226584273,19.909404072096148,0.0,0.0,0.0
242.47687952105719,34.96520943307917,19.910016030676207,0.0,0.0,0.0
242.4794770390668,34.97518646049357,19.91062713668633,0.0,0.0,0.0
242.48207818774566,34.985163347829186,19.91123737591405,0.0,0.0,0.0
242.48468296845377,34.99514009482868,19.911846734103634,0.0,0.0,0.0
242.4872913825565,35.00511670123407,19.912455196956117,0.0,0.0,0.0
242.48990343142376,35.01509316678686,19.91306275012941,0.0,0.0,0.0
242.49251911643043,35.02506949122786,19.913669379238385,0.0,0.0,0.0
242.49513843895647,35.03504567429734,19.91427506985495,0.0,0.0,0.0
242.4977614003865,35.04502171573496,19.914879807508115,0.0,0.0,0.0
242.50038800211016,35.054997615279746,19.915483577684114,0.0,0.0,0.0
242.50301824552204,35.06497337267016,19.916086365826466,0.0,0.0,0.0
242.50565213202157,35.074948987644014,19.91668815733607,0.0,0.0,0.0
242.5082896630131,35.084924459938556,19.917288937571268,0.0,0.0,0.0
242.51093083990602,35.09489978929038,19.917888691847985,0.0,0.0,0.0
242.5135756641145,35.104874975435536,19.918487405439766,0.0,0.0,0.0
242.5162241370578,35.11485001810941,19.919085063577885,0.0,0.0,0.0
242.51887626016008,35.12482491704678,19.919681651451455,0.0,0.0,0.0
242.52153203485037,35.134799671981845,19.920277154207483,0.0,0.0,0.0
242.52419146256267,35.14477428264815,19.920871556950985,0.0,0.0,0.0
242.52685454473615,35.15474874877867,19.92146484474507,0.0,0.0,0.0
242.52952128281467,35.16472307010574,19.92205700261105,0.0,0.0,0.0
242.53219167824724,35.174697246361056,19.92264801552852,0.0,0.0,0.0
242.53486573248784,35.184671277275754,19.923237868435432,0.0,0.0,0.0
242.5375434469953,35.19464516258029,19.92382654622825,0.0,0.0,0.0
242.54022482323364,35.20461890200455,19.924414033761977,0.0,0.0,0.0
242.54290986267173,35.21459249527776,19.925000315850323,0.0,0.0,0.0
242.54559856678347,35.22456594212858,19.925585377265737,0.0,0.0,0.0
242.54829093704782,35.23453924228498,19.92616920273956,0.0,0.0,0.0
242.55098697494873,35.244512395474345,19.926751776962096,0.0,0.0,0.0
242.55368668197514,35.254485401423416,19.927333084582703,0.0,0.0,0.0
242.5563900596211,35.264458259858344,19.92791311020994,0.0,0.0,0.0
242.55909710938553,35.27443097050461,19.92849183841162,0.0,0.0,0.0
242.56180783277253,35.284403533087094,19.929069253714964,0.0,0.0,0.0
242.56452223129125,35.29437594733004,19.929645340606633,0.0,0.0,0.0
242.56724030645577,35.30434821295705,19.930220083532916,0.0,0.0,0.0
242.5699620597853,35.31432032969111,19.930793466899782,0.0,0.0,0.0
242.5726874928042,35.32429229725458,19.931365475073,0.0,0.0,0.0
242.57541660704155,35.334264115369166,19.931936092378265,0.0,0.0,0.0
242.578149404032,35.34423578375592,19.932505303101276,0.0,0.0,0.0
242.5808858853148,35.35420730213532,19.93307309148785,0.0,0.0,0.0
242.5836260524346,35.364178670227176,19.93363944174407,0.0,0.0,0.0
242.58636990694106,35.374149887750654,19.934204338036356,0.0,0.0,0.0
242.5891174503888,35.38412095442426,19.93476776449158,0.0,0.0,0.0
242.59186868433775,35.3940918699659,19.9353297051972,0.0,0.0,0.0
242.59462361035273,35.40406263409281,19.93589014420137,0.0,0.0,0.0
242.59738223000377,35.41403324652163,19.93644906551302,0.0,0.0,0.0
242.600144544866,35.42400370696828,19.937006453102036,0.0,0.0,0.0
242.60291055651976,35.43397401514811,19.937562290899304,0.0,0.0,0.0
242.6056802665503,35.44394417077577,19.938116562796864,0.0,0.0,0.0
242.60845367654824,35.45391417356529,19.938669252648054,0.0,0.0,0.0
242.61123078810914,35.46388402323006,19.939220344267575,0.0,0.0,0.0
242.61401160283373,35.473853719482776,19.93976982143164,0.0,0.0,0.0
242.61679612232803,35.48382326203553,19.940317667878087,0.0,0.0,0.0
242.619584348203,35.493792650599765,19.940863867306508,0.0,0.0,0.0
242.622376282075,35.50376188488622,19.94140840337837,0.0,0.0,0.0
242.62517192556533,35.51373096460503,19.941951259717126,0.0,0.0,0.0
242.62797128030047,35.52369988946567,19.942492419908344,0.0,0.0,0.0
242.63077434791225,35.53366865917691,19.94303186749985,0.0,0.0,0.0
242.63358113003753,35.54363727344693,19.94356958600181,0.0,0.0,0.0
242.63639162831834,35.553605731983204,19.94410555888692,0.0,0.0,0.0
242.639205844402,35.563574034492575,19.944639769590466,0.0,0.0,0.0
242.64202377994087,35.573542180681194,19.945172201510495,0.0,0.0,0.0
242.64484543659262,35.5835101702546,19.945702838007932,0.0,0.0,0.0
242.64767081602022,35.59347800291759,19.946231662406714,0.0,0.0,0.0
242.6504999198915,35.603445678374385,19.946758657993893,0.0,0.0,0.0
242.65333274987995,35.61341319632849,19.94728380801983,0.0,0.0,0.0
242.65616930766393,35.62338055648273,19.947807095698252,0.0,0.0,0.0
242.65900959492717,35.6333477585393,19.948328504206433,0.0,0.0,0.0
242.66185361335857,35.64331480219971,19.94884801668532,0.0,0.0,0.0
242.66470136465227,35.65328168716479,19.949365616239664,0.0,0.0,0.0
242.6675528505078,35.66324841313472,19.94988128593814,0.0,0.0,0.0
242.67040807262967,35.673214979808975,19.950395008813523,0.0,0.0,0.0
242.67326703272784,35.68318138688641,19.95090676786277,0.0,0.0,0.0
242.6761297325174,35.69314763406513,19.951416546047206,0.0,0.0,0.0
242.67899617371882,35.70311372104263,19.95192432629265,0.0,0.0,0.0
242.68186635805765,35.713079647515684,19.952430091489553,0.0,0.0,0.0
242.68474028726493,35.72304541318042,19.952933824493112,0.0,0.0,0.0
242.6876179630769,35.73301101773226,19.95343550812346,0.0,0.0,0.0
242.69049938723487,35.742976460865954,19.953935125165774,0.0,0.0,0.0
242.69338456148571,35.75294174227558,19.954432658370436,0.0,0.0,0.0
242.6962734875815,35.76290686165452,19.95492809045316,0.0,0.0,0.0
242.6991661672795,35.772871818695464,19.955421404095148,0.0,0.0,0.0
242.70206260234244,35.78283661309043,19.955912581943245,0.0,0.0,0.0
242.70496279453818,35.79280124453074,19.956401606610058,0.0,0.0,0.0
242.70786674563996,35.80276571270705,19.95688846067414,0.0,0.0,0.0
242.71077445742648,35.81273001730928,19.957373126680096,0.0,0.0,0.0
242.71368593168148,35.8226941580267,19.957855587138784,0.0,0.0,0.0
242.71660117019425,35.83265813454788,19.95833582452741,0.0,0.0,0.0
242.7195201747593,35.84262194656066,19.95881382128972,0.0,0.0,0.0
242.72244294717646,35.85258559375226,19.95928955983613,0.0,0.0,0.0
242.72536948925094,35.86254907580912,19.9597630225439,0.0,0.0,0.0
