galstreams/tracks/track.st.OmegaCen-Fimbulthul.ibata2021.ecsv
# %ECSV 0.9
# ---
# datatype:
# - {name: ra, unit: deg, datatype: float64}
# - {name: dec, unit: deg, datatype: float64}
# - {name: distance, unit: kpc, datatype: float64}
# - {name: pm_ra_cosdec, unit: mas / yr, datatype: float64}
# - {name: pm_dec, unit: mas / yr, datatype: float64}
# - {name: radial_velocity, unit: km / s, datatype: float64}
# delimiter: ','
# meta: !!omap
# - __serialized_columns__:
#     dec:
#       __class__: astropy.coordinates.angles.Latitude
#       unit: &id001 !astropy.units.Unit {unit: deg}
#       value: !astropy.table.SerializedColumn {name: dec}
#     distance:
#       __class__: astropy.coordinates.distances.Distance
#       unit: !astropy.units.Unit {unit: kpc}
#       value: !astropy.table.SerializedColumn {name: distance}
#     pm_dec:
#       __class__: astropy.units.quantity.Quantity
#       unit: !astropy.units.Unit {unit: mas / yr}
#       value: !astropy.table.SerializedColumn {name: pm_dec}
#     pm_ra_cosdec:
#       __class__: astropy.units.quantity.Quantity
#       unit: !astropy.units.Unit {unit: mas / yr}
#       value: !astropy.table.SerializedColumn {name: pm_ra_cosdec}
#     ra:
#       __class__: astropy.coordinates.angles.Longitude
#       unit: *id001
#       value: !astropy.table.SerializedColumn {name: ra}
#       wrap_angle: !astropy.coordinates.Angle
#         unit: *id001
#         value: 360.0
#     radial_velocity:
#       __class__: astropy.units.quantity.Quantity
#       unit: !astropy.units.Unit {unit: km / s}
#       value: !astropy.table.SerializedColumn {name: radial_velocity}
# schema: astropy-2.0
ra,dec,distance,pm_ra_cosdec,pm_dec,radial_velocity
[from data line 1240]
192.77197914699363,-35.59959754142795,5.730243215431553,-3.6601098079742664,-6.29278493071143,6.73661370389787e-14
192.77573084773874,-35.589429635523295,5.729729293644218,-3.6624702387966357,-6.293898901460638,5.0524602779234026e-14
192.77949105468988,-35.57926692209419,5.729214091986607,-3.664837657721723,-6.295015342674494,3.368306851948935e-14
192.78325976057536,-35.56910939765229,5.728697611330679,-3.6672120612648045,-6.2961342535452784,5.0524602779234026e-14
192.78703695813158,-35.55895705870793,5.7281798525483945,-3.669593445939686,-6.297255633267765,6.73661370389787e-14
192.79082264010324,-35.548809901770014,5.727660816511715,-3.6719818082586784,-6.29837948103923,5.0524602779234026e-14
192.79461679924287,-35.53866792334633,5.7271405040926,-3.6743771447326328,-6.299505796059419,5.0524602779234026e-14
192.7984194283113,-35.52853111994335,5.726618916163008,-3.676779451870928,-6.300634577530541,5.0524602779234026e-14
192.80223052007725,-35.518399488066294,5.726096053594902,-3.6791887261814824,-6.301765824657262,6.73661370389787e-14
192.8060500673175,-35.50827302421898,5.72557191726024,-3.681604964170759,-6.3028995366466845,6.73661370389787e-14
192.80987806281692,-35.49815172490415,5.725046508030985,-3.6840281623437594,-6.30403571270833,8.420767129872338e-14
192.81371449936827,-35.488035586623205,5.724519826779094,-3.686458317204051,-6.305174352054152,5.0524602779234026e-14
192.81755936977225,-35.477924605876396,5.72399187437653,-3.6888954252537567,-6.3063154538984785,6.73661370389787e-14
192.82141266683772,-35.467818779162556,5.72346265169525,-3.6913394829935564,-6.307459017458058,3.368306851948935e-14
192.82527438338118,-35.45771810297946,5.722932159607217,-3.6937904869227056,-6.308605041951987,5.0524602779234026e-14
192.82914451222726,-35.447622573823594,5.722400398984392,-3.6962484335390298,-6.3097535266017415,6.73661370389787e-14
192.8330230462083,-35.43753218819028,5.721867370698732,-3.698713319338939,-6.3109044706311455,3.368306851948935e-14
192.83690997816473,-35.42744694257349,5.721333075622199,-3.7011851408174214,-6.312057873266363,6.73661370389787e-14
192.84080530094462,-35.41736683346613,5.720797514626752,-3.703663894468052,-6.313213733735886,5.0524602779234026e-14
192.84470900740405,-35.40729185735985,5.7202606885843545,-3.706149576783008,-6.31437205127051,6.73661370389787e-14
192.84862109040668,-35.397222010745196,5.719722598366962,-3.708642184253067,-6.31553282510335,3.368306851948935e-14
192.8525415428243,-35.387157290111354,5.7191832448465405,-3.7111417133675926,-6.3166960544698,8.420767129872338e-14
192.85647035753618,-35.37709769194647,5.718642628895045,-3.713648160614579,-6.317861738607537,6.73661370389787e-14
192.86040752742943,-35.36704321273747,5.718100751384438,-3.716161522480626,-6.319029876756495,8.420767129872338e-14
192.86435304539899,-35.35699384897018,5.717557613186679,-3.7186817954509497,-6.320200468158869,6.73661370389787e-14
192.8683069043474,-35.346949597129104,5.717013215173731,-3.7212089760093976,-6.321373512059093,6.73661370389787e-14
192.872269097185,-35.33691045369776,5.716467558217551,-3.7237430606384363,-6.322549007703833,3.368306851948935e-14
192.87623961682974,-35.32687641515846,5.715920643190099,-3.726284045819175,-6.3237269543419625,6.73661370389787e-14
192.88021845620716,-35.31684747799239,5.715372470963338,-3.728831928031365,-6.324907351224573,3.368306851948935e-14
192.88420560825068,-35.30682363867951,5.714823042409226,-3.7313867037533863,-6.326090197604932,6.73661370389787e-14
192.88820106590114,-35.29680489369875,5.714272358399724,-3.733948369462281,-6.327275492738506,3.368306851948935e-14
192.892204822107,-35.28679123952795,5.713720419806792,-3.7365169216337453,-6.328463235882918,3.368306851948935e-14
192.89621686982443,-35.27678267264368,5.713167227502391,-3.7390923567421224,-6.329653426297952,5.0524602779234026e-14
192.90023720201705,-35.266779189521515,5.712612782358479,-3.7416746712604327,-6.330846063245533,6.73661370389787e-14
192.9042658116561,-35.256780786635915,5.712057085247018,-3.7442638616603574,-6.332041145989725,5.0524602779234026e-14
192.90830269172025,-35.24678746046027,5.7115001370399705,-3.746859924412252,-6.333238673796697,8.420767129872338e-14
192.91234783519585,-35.23679920746675,5.710941938609292,-3.7494628559851515,-6.334438645934755,8.420767129872338e-14
192.91640123507662,-35.22681602412656,5.710382490826946,-3.7520726528467723,-6.335641061674275,3.368306851948935e-14
192.92046288436376,-35.21683790690981,5.709821794564892,-3.7546893114635207,-6.336845920287733,5.0524602779234026e-14
192.92453277606597,-35.20686485228554,5.709259850695091,-3.757312828300498,-6.338053221049673,8.420767129872338e-14
192.9286109031994,-35.1968968567216,5.708696660089499,-3.7599431998214934,-6.3392629632367035,3.368306851948935e-14
192.93269725878758,-35.18693391668496,5.7081322236200815,-3.7625804224890107,-6.3404751461274795,8.420767129872338e-14
192.93679183586147,-35.176976028641405,5.707566542158798,-3.7652244927642493,-6.341689769002697,8.420767129872338e-14
192.94089462745936,-35.16702318905578,5.706999616577605,-3.767875407107134,-6.342906831145075,6.73661370389787e-14
192.94500562662702,-35.157075394391725,5.706431447748469,-3.770533161976288,-6.344126331839348,1.0104920555846805e-13
192.94912482641746,-35.14713264111198,5.7058620365433415,-3.7731977538290726,-6.345348270372263,1.0104920555846805e-13
192.9532522198911,-35.13719492567822,5.705291383834191,-3.7758691791215693,-6.34657264603254,5.0524602779234026e-14
192.9573878001156,-35.127262244551126,5.704719490492972,-3.7785474343085887,-6.347799458110892,6.73661370389787e-14
192.96153156016598,-35.11733459419023,5.7041463573916475,-3.7812325158436795,-6.349028705900002,3.368306851948935e-14
192.96568349312452,-35.10741197105418,5.70357198540218,-3.7839244201791264,-6.350260388694495,5.0524602779234026e-14
192.96984359208068,-35.09749437160056,5.702996375396526,-3.7866231437659645,-6.351494505790957,3.368306851948935e-14
192.97401185013126,-35.08758179228606,5.702419528246645,-3.7893286830539803,-6.352731056487902,8.420767129872338e-14
192.9781882603803,-35.07767422956613,5.701841444824501,-3.792041034491706,-6.353970040085759,8.420767129872338e-14
192.982372815939,-35.06777167989545,5.70126212600205,-3.794760194526437,-6.355211455886882,5.0524602779234026e-14
192.98656550992564,-35.05787413972763,5.700681572651257,-3.797486159604238,-6.356455303195505,6.73661370389787e-14
192.99076633546588,-35.047981605515396,5.7000997856440785,-3.8002189261699364,-6.357701581317769,3.368306851948935e-14
192.99497528569242,-35.0380940737103,5.699516765852477,-3.8029584906671303,-6.358950289561679,3.368306851948935e-14
192.9991923537451,-35.02821154076311,5.698932514148411,-3.805704849538203,-6.360201427237106,5.0524602779234026e-14
193.0034175327708,-35.01833400312361,5.698347031403842,-3.808457999224315,-6.361454993655784,3.368306851948935e-14
193.00765081592368,-35.0084614572405,5.6977603184907295,-3.811217936165415,-6.362710988131275,8.420767129872338e-14
193.01189219636493,-34.99859389956166,5.697172376281033,-3.813984656800239,-6.3639694099789805,3.368306851948935e-14
193.01614166726264,-34.988731326534015,5.696583205646715,-3.816758157566329,-6.365230258516123,6.73661370389787e-14
193.0203992217921,-34.97887373460354,5.695992807459733,-3.8195384349000205,-6.366493533061728,3.368306851948935e-14
193.02466485313568,-34.969021120215174,5.69540118259205,-3.8223254852364534,-6.367759232936622,3.368306851948935e-14
193.0289385544826,-34.95917347981309,5.694808331915624,-3.825119305009582,-6.369027357463417,6.73661370389787e-14
193.0332203190292,-34.94933080984045,5.694214256302418,-3.827919890652172,-6.370297905966495,1.0104920555846805e-13
193.0375101399787,-34.93949310673956,5.6936189566243876,-3.8307272385958107,-6.371570877772009,5.0524602779234026e-14
193.04180801054142,-34.92966036695171,5.693022433753497,-3.8335413452709037,-6.372846272207861,5.0524602779234026e-14
193.0461139239345,-34.91983258691738,5.692424688561706,-3.8363622071066894,-6.374124088603691,6.73661370389787e-14
193.0504278733821,-34.91000976307614,5.691825721920972,-3.8391898205312383,-6.375404326290875,8.420767129872338e-14
193.05474985211512,-34.9001918918667,5.69122553470326,-3.842024181971457,-6.376686984602502,6.73661370389787e-14
193.05907985337163,-34.89037896972674,5.690624127780524,-3.844865287853093,-6.37797206287338,5.0524602779234026e-14
193.0634178703963,-34.88057099309321,5.69002150202473,-3.847713134600739,-6.3792595604399995,5.0524602779234026e-14
193.06776389644085,-34.87076795840213,5.689417658307836,-3.8505677186378393,-6.380549476640544,3.368306851948935e-14
193.0721179247637,-34.86096986208872,5.688812597501802,-3.8534290363867028,-6.38184181081488,1.0104920555846805e-13
193.07647994863024,-34.85117670058716,5.688206320478589,-3.8562970842684727,-6.383136562304525,8.420767129872338e-14
193.08084996131257,-34.84138847033094,5.687598828110156,-3.8591718587031805,-6.384433730452656,5.0524602779234026e-14
193.0852279560896,-34.83160516775264,5.6869901212684635,-3.862053356109719,-6.385733314604093,5.0524602779234026e-14
193.089613926247,-34.82182678928405,5.686380200825472,-3.8649415729058494,-6.387035314105284,5.0524602779234026e-14
193.0940078650773,-34.81205333135596,5.685769067653143,-3.86783650550821,-6.388339728304301,5.0524602779234026e-14
193.0984097658796,-34.802284790398495,5.685156722623434,-3.8707381503323273,-6.389646556550828,8.420767129872338e-14
193.10281962195984,-34.792521162840856,5.684543166608308,-3.8736465037926098,-6.3909557981961385,5.0524602779234026e-14
193.10723742663063,-34.78276244511152,5.683928400479725,-3.876561562302353,-6.392267452593101,6.73661370389787e-14
193.11166317321135,-34.77300863363798,5.683312425109643,-3.8794833222737513,-6.393581519096166,6.73661370389787e-14
193.11609685502796,-34.763259724847046,5.682695241370025,-3.882411780117898,-6.39489799706134,6.73661370389787e-14
193.12053846541306,-34.75351571516475,5.682076850132828,-3.8853469322447904,-6.396216885846193,6.73661370389787e-14
193.124987997706,-34.74377660101613,5.681457252270015,-3.88828877506333,-6.397538184809835,6.73661370389787e-14
193.1294454452527,-34.73404237882564,5.680836448653546,-3.891237304981331,-6.398861893312917,3.368306851948935e-14
193.13391080140565,-34.72431304501684,5.680214440155378,-3.894192518405531,-6.400188010717612,5.0524602779234026e-14
193.13838405952393,-34.714588596012575,5.679591227647476,-3.8971544117415813,-6.401516536387592,6.73661370389787e-14
193.14286521297333,-34.704869028234754,5.678966812001796,-3.900122981394055,-6.40284746968806,1.6841534259744676e-14
193.14735425512603,-34.69515433810468,5.678341194090302,-3.903098223766468,-6.404180809985683,5.0524602779234026e-14
193.15185117936088,-34.685444522042815,5.67771437478495,-3.9060801352612557,-6.405516556648632,1.0104920555846805e-13
193.15635597906314,-34.675739576468885,5.677086354957704,-3.9090687122798,-6.4068547090465255,1.6841534259744676e-14
193.16086864762468,-34.66603949780179,5.6764571354805256,-3.9120639512224216,-6.4081952665504645,6.73661370389787e-14
193.1653891784439,-34.65634428245974,5.675826717225369,-3.915065848488388,-6.409538228532993,5.0524602779234026e-14
193.16991756492553,-34.6466539268602,5.675195101064198,-3.918074400475918,-6.410883594368085,5.0524602779234026e-14
193.1744538004808,-34.63696842741992,5.674562287868974,-3.9210896035821907,-6.412231363431152,5.0524602779234026e-14
193.17899787852755,-34.627287780554774,5.673928278511656,-3.924111454203333,-6.413581535099024,1.6841534259744676e-14
193.18354979248986,-34.617611982680046,5.673293073864203,-3.927139948734446,-6.414934108749939,5.0524602779234026e-14
193.18810953579833,-34.60794103021025,5.672656674798575,-3.930175083569592,-6.41628908376353,8.420767129872338e-14
193.19267710188987,-34.59827491955922,5.6720190821867345,-3.933216855101812,-6.41764645952082,5.0524602779234026e-14
193.19725248420792,-34.58861364713996,5.671380296900643,-3.9362652597231116,-6.419006235404202,3.368306851948935e-14
193.20183567620217,-34.57895720936488,5.670740319812256,-3.939320293824488,-6.420368410797453,5.0524602779234026e-14
193.2064266713286,-34.56930560264568,5.670099151793537,-3.9423819537959215,-6.421732985085683,3.368306851948935e-14
193.2110254630497,-34.559658823393235,5.669456793716446,-3.9454502360263763,-6.423099957655366,5.0524602779234026e-14
193.21563204483422,-34.55001686801788,5.668813246452939,-3.94852513690381,-6.4244693278943075,5.0524602779234026e-14
193.22024641015713,-34.54037973292916,5.668168510874987,-3.9516066528151788,-6.425841095191628,5.0524602779234026e-14
193.22486855249974,-34.53074741453607,5.667522587854538,-3.954694780146447,-6.42721525893778,5.0524602779234026e-14
193.2294984653497,-34.52111990924672,5.666875478263558,-3.9577895152825735,-6.4285918185245166,5.0524602779234026e-14
193.2341361422008,-34.5114972134687,5.666227182974007,-3.9608908546075305,-6.429970773344873,6.73661370389787e-14
193.23878157655318,-34.50187932360891,5.665577702857846,-3.963998794504306,-6.431352122793184,6.73661370389787e-14
193.24343476191308,-34.49226623607361,5.664927038787033,-3.9671133313549065,-6.432735866265052,5.0524602779234026e-14
193.2480956917931,-34.48265794726828,5.6642751916335286,-3.970234461540352,-6.434122003157349,6.73661370389787e-14
193.25276435971202,-34.47305445359786,5.663622162269296,-3.9733621814407,-6.4355105328682,1.6841534259744676e-14
193.2574407591946,-34.46345575146665,5.662967951566291,-3.9764964874350293,-6.436901454796967,6.73661370389787e-14
193.26212488377195,-34.45386183727829,5.662312560396478,-3.9796373759014623,-6.438294768344253,1.6841534259744676e-14
193.26681672698132,-34.444272707435715,5.661655989631812,-3.9827848432171504,-6.43969047291189,6.73661370389787e-14
193.27151628236606,-34.43468835834131,5.660998240144259,-3.985938885758287,-6.441088567902914,6.73661370389787e-14
193.27622354347562,-34.425108786396805,5.660339312805777,-3.989099499900121,-6.442489052721571,6.73661370389787e-14
193.28093850386554,-34.41553398800339,5.659679208488325,-3.9922666820169477,-6.443891926773302,8.420767129872338e-14
193.28566115709754,-34.40596395956143,5.659017928063864,-3.995440428482112,-6.4452971894647355,6.73661370389787e-14
193.29039149673937,-34.396398697470914,5.658355472404357,-3.9986207356680166,-6.44670484020366,3.368306851948935e-14
193.29512951636474,-34.38683819813109,5.657691842381759,-4.00180759994614,-6.448114878399049,3.368306851948935e-14
193.2998752095535,-34.377282457940716,5.657027038868033,-4.005001017687018,-6.449527303461014,8.420767129872338e-14
193.30462856989155,-34.367731473297766,5.65636106273514,-4.008200985260253,-6.450942114800823,1.6841534259744676e-14
193.30938959097074,-34.358185240599816,5.655693914855037,-4.011407499034529,-6.452359311830872,5.0524602779234026e-14
193.31415826638894,-34.34864375624377,5.65502559609969,-4.014620555377605,-6.453778893964682,5.0524602779234026e-14
193.31893458974997,-34.33910701662601,5.654356107341054,-4.017840150656326,-6.455200860616893,3.368306851948935e-14
193.32371855466374,-34.32957501814222,5.653685449451092,-4.021066281236619,-6.456625211203251,5.0524602779234026e-14
193.3285101547459,-34.32004775718764,5.653013623301763,-4.024298943483507,-6.458051945140597,5.0524602779234026e-14
193.33330938361823,-34.310525230156955,5.652340629765027,-4.027538133761105,-6.459481061846857,5.0524602779234026e-14
193.3381162349084,-34.30100743344414,5.651666469712844,-4.03078384843262,-6.46091256074103,5.0524602779234026e-14
193.3429307022499,-34.291494363442766,5.650991144017177,-4.034036083860373,-6.462346441243193,5.0524602779234026e-14
193.34775277928216,-34.281986016545794,5.650314653549985,-4.037294836405781,-6.463782702774463,3.368306851948935e-14
193.35258245965045,-34.27248238914572,5.649636999183225,-4.04056010242939,-6.465221344757025,6.73661370389787e-14
