galstreams/tracks/track.st.Pal5.pricewhelan2019.ecsv
# %ECSV 0.9
# ---
# datatype:
# - {name: ra, unit: deg, datatype: float64}
# - {name: dec, unit: deg, datatype: float64}
# - {name: distance, unit: kpc, datatype: float64}
# - {name: pm_ra_cosdec, unit: mas / yr, datatype: float64}
# - {name: pm_dec, unit: mas / yr, datatype: float64}
# - {name: radial_velocity, unit: km / s, datatype: float64}
# delimiter: ','
# meta: !!omap
# - __serialized_columns__:
#     dec:
#       __class__: astropy.coordinates.angles.Latitude
#       unit: &id001 !astropy.units.Unit {unit: deg}
#       value: !astropy.table.SerializedColumn {name: dec}
#     distance:
#       __class__: astropy.coordinates.distances.Distance
#       unit: !astropy.units.Unit {unit: kpc}
#       value: !astropy.table.SerializedColumn {name: distance}
#     pm_dec:
#       __class__: astropy.units.quantity.Quantity
#       unit: !astropy.units.Unit {unit: mas / yr}
#       value: !astropy.table.SerializedColumn {name: pm_dec}
#     pm_ra_cosdec:
#       __class__: astropy.units.quantity.Quantity
#       unit: !astropy.units.Unit {unit: mas / yr}
#       value: !astropy.table.SerializedColumn {name: pm_ra_cosdec}
#     ra:
#       __class__: astropy.coordinates.angles.Longitude
#       unit: *id001
#       value: !astropy.table.SerializedColumn {name: ra}
#       wrap_angle: !astropy.coordinates.Angle
#         unit: *id001
#         value: 360.0
#     radial_velocity:
#       __class__: astropy.units.quantity.Quantity
#       unit: !astropy.units.Unit {unit: km / s}
#       value: !astropy.table.SerializedColumn {name: radial_velocity}
# schema: astropy-2.0
ra,dec,distance,pm_ra_cosdec,pm_dec,radial_velocity
[from data line 998]
232.83531183297967,2.753821282564907,21.319581700609564,-2.6457962061071885,-2.48927085635813,999.0000223209265
232.8266140443576,2.74882499694474,21.31824400703929,-2.646124895288355,-2.4895966939835414,999.0000223204331
232.81791833592055,2.743825613353636,21.316905047289808,-2.646453202806271,-2.4899228934704594,999.0000223199403
232.80922471306113,2.7388231236412643,21.31556482136113,-2.646781128657992,-2.4902494548066514,999.0000223194478
232.80053318202556,2.733817518365751,21.314223329253256,-2.6471086728423066,-2.490576377978158,999.0000223189559
232.79184374989734,2.728808786818357,21.312880570966175,-2.6474358353596465,-2.4909036629693393,999.0000223184638
232.783156424581,2.723796917048431,21.31153654649989,-2.647762616212069,-2.4912313097629317,999.0000223179721
232.77447121478477,2.718781895889237,21.310191255854406,-2.6480890154031442,-2.4915593183400975,999.0000223174809
232.76578813000373,2.7137637089839233,21.308844699029716,-2.6484150329379994,-2.4918876886804773,999.0000223169898
232.75710718050195,2.70874234081226,21.307496876025834,-2.6487406688231925,-2.4922164207622486,999.0000223164991
232.7484283772946,2.70371777471796,21.30614778684275,-2.649065923066683,-2.492545514562175,999.0000223160083
232.73975173212972,2.698689992936168,21.30479743148046,-2.6493907956777853,-2.4928749700556643,999.0000223155188
232.7310772574697,2.6936589766217534,21.303445809938967,-2.6497152866671447,-2.4932047872168197,999.0000223150289
232.7224049664721,2.6886247058778303,21.302092922218282,-2.650039396046621,-2.4935349660184936,999.0000223145393
232.71373487297095,2.6835871597850325,21.300738768318386,-2.6503631238292997,-2.493865506432355,999.00002231405
232.7050669914567,2.6785463164307393,21.299383348239292,-2.650686470029392,-2.4941964084289245,999.0000223135609
232.69640133705693,2.673502152939161,21.298026661981005,-2.651009434662227,-2.494527671977645,999.000022313072
232.68773792551607,2.668454645501723,21.296668709543518,-2.6513320177441466,-2.494859297046935,999.000022312584
232.67907677317532,2.663403769407567,21.29530949092681,-2.651654219292527,-2.4951912836042465,999.0000223120958
232.67041789695188,2.658349499074815,21.293949006130926,-2.651976039325639,-2.4955236316161065,999.0000223116083
232.66176131431828,2.6532918080819052,21.29258725515583,-2.6522974778626702,-2.4958563410481958,999.0000223111207
232.65310704328158,2.648230669199472,21.291224238001536,-2.652618534923601,-2.4961894118653865,999.0000223106337
232.64445510236186,2.6431660544223083,21.289859954668035,-2.652939210529226,-2.49652284403181,999.0000223101468
232.63580551057115,2.6380979350018245,21.288494405155337,-2.6532595047010727,-2.496856637510904,999.0000223096602
232.6271582873914,2.6330262814788674,21.28712758946345,-2.6535794174612892,-2.497190792265475,999.0000223091744
232.61851345275315,2.627951063716511,21.28575950759235,-2.653898948832709,-2.497525308257755,999.0000223086882
232.6098710270133,2.6228722509333657,21.284390159542056,-2.6542180988386948,-2.4978601854494507,999.0000223082027
232.60123103093284,2.6177898117370475,21.28301954531256,-2.654536867503125,-2.4981954238018074,999.0000223077175
232.59259348565521,2.612703714157982,21.281647664903865,-2.6548552548503714,-2.498531023275659,999.0000223072325
232.58395841268305,2.6076139256831223,21.280274518315977,-2.6551732609051704,-2.4988669838314834,999.0000223067483
232.57532583385625,2.60252041329015,21.278900105548882,-2.65549088569266,-2.499203305429464,999.0000223062638
232.56669577132925,2.5974231434818584,21.277524426602586,-2.655808129238273,-2.499539988029538,999.00002230578
232.55806824754794,2.592322082320387,21.276147481477096,-2.6561249915676854,-2.4998770315914536,999.0000223052966
232.5494432852271,2.5872171954619465,21.274769270172403,-2.656441472706796,-2.5002144360748226,999.0000223048132
232.54082090732723,2.5821084481914474,21.273389792688512,-2.6567575726816344,-2.5005522014391808,999.0000223043306
232.532201137032,2.576995805457455,21.272009049025428,-2.657073291518369,-2.5008903276440324,999.0000223038479
232.52358399772447,2.5718792319069044,21.270627039183132,-2.657388629243195,-2.501228814648912,999.0000223033658
232.5149695129644,2.5667586919201693,21.26924376316165,-2.657703585882305,-2.5015676624134304,999.0000223028838
232.50635770646528,2.561634149646226,21.26785922096096,-2.658018161461882,-2.5019068708973338,999.0000223024023
232.49774860207043,2.556505569037514,21.26647341258108,-2.658332356007967,-2.5022464400605493,999.0000223019214
232.48914222373057,2.551372913885189,21.26508633802201,-2.6586461695464947,-2.5025863698632405,999.0000223014408
232.48053859547997,2.5462361478541866,21.263697997283725,-2.6589596021032005,-2.50292666026586,999.0000223009604
232.4719377414137,2.541095234518416,21.262308390366247,-2.659272653703568,-2.5032673112291945,999.0000223004803
232.46333968566412,2.535950137395698,21.260917517269572,-2.6595853243728116,-2.503608322714419,999.0000223000005
232.45474445237775,2.5308008199828613,21.259525377993707,-2.659897614135795,-2.503949694683144,999.0000222995214
232.44615206569233,2.5256472457908226,21.25813197253863,-2.6602095230170186,-2.5042914270974674,999.0000222990424
232.43756254971356,2.5204893783793056,21.256737300904366,-2.6605210510405577,-2.5046335199200183,999.000022298564
232.42897592849204,2.51532718139177,21.255341363090903,-2.660832198230012,-2.5049759731140058,999.0000222980859
232.42039222600047,2.510160618590049,21.25394415909824,-2.6611429646084948,-2.5053187866432696,999.0000222976079
232.41181146611066,2.504989653889014,21.252545688926382,-2.6614533501985145,-2.505661960472318,999.0000222971305
232.40323367257076,2.4998142513908634,21.251145952575325,-2.6617633550220265,-2.5060054945663817,999.0000222966537
232.3946588689827,2.4946343754194302,21.249744950045073,-2.6620729791003317,-2.5063493888914525,999.0000222961772
232.3860870787795,2.4894499905544207,21.248342681335625,-2.662382222454044,-2.506693643414331,999.000022295701
232.37751832520303,2.484261061665056,21.24693914644698,-2.6626910851030816,-2.507038258102666,999.0000222952253
232.36895263128125,2.4790675539439584,21.245534345379134,-2.6629995670665556,-2.5073832329249988,999.0000222947494
232.36039001980663,2.4738694329404796,21.2441282781321,-2.6633076683628056,-2.5077285678508034,999.0000222942746
232.351830513314,2.468666664594107,21.24272094470587,-2.6636153890093386,-2.5080742628505277,999.0000222938003
232.34327413405848,2.4634592152672052,21.241312345100436,-2.6639227290227683,-2.508420317895636,999.0000222933262
232.33472090399414,2.4582470517778097,21.23990247931581,-2.664229688418821,-2.5087667329586405,999.0000222928525
232.32617084475234,2.4530301414321136,21.238491347351992,-2.6645362672122297,-2.5091135080131433,999.0000222923792
232.3176239776207,2.447808452056403,21.237078949208975,-2.664842465416795,-2.5094606430338766,999.0000222919061
232.30908032352184,2.442581952028894,21.23566528488676,-2.6651482830452733,-2.509808137996732,999.0000222914338
232.30053990299277,2.4373506103113027,21.234250354385356,-2.6654537201093857,-2.5101559928787984,999.0000222909614
232.2920027361641,2.4321143964797174,21.232834157704747,-2.665758776619752,-2.5105042076584,999.00002229049
232.2834688427398,2.42687328075547,21.23141669484495,-2.666063452585885,-2.5108527823151197,999.000022290019
232.2749382419772,2.421627234035409,21.229997965805957,-2.6663677480161727,-2.511201716829839,999.000022289548
232.2664109526671,2.4163762279219876,21.228577970587764,-2.6666716629178153,-2.5115510111847685,999.0000222890777
232.25788699311406,2.411120234752596,21.227156709190382,-2.6669751972968223,-2.5119006653634735,999.0000222886076
232.2493663811172,2.405859227628823,21.225734181613806,-2.6672783511579468,-2.512250679350903,999.0000222881382
232.24084913395134,2.400593180445052,21.22431038785803,-2.6675811245047147,-2.512601053133425,999.0000222876694
232.23233526834838,2.3953220679168328,21.222885327923063,-2.6678835173393813,-2.512951786698843,999.0000222872004
232.2238248004784,2.3900458656084314,21.221459001808896,-2.6681855296628623,-2.51330288003643,999.0000222867327
232.21531774593217,2.384764549960216,21.220031409515542,-2.6684871614747845,-2.513654333136943,999.0000222862644
232.20681411970318,2.379478098315528,21.21860255104299,-2.6687884127734023,-2.5140061459926586,999.0000222857975
232.19831393617008,2.374186488946779,21.217172426391237,-2.6690892835555973,-2.514358318597388,999.0000222853305
232.1898172090799,2.368889701081298,21.215741035560306,-2.669389773816878,-2.5147108509464946,999.0000222848647
232.18132395153125,2.3635877149266515,21.214308378550164,-2.669689883551331,-2.5150637430369254,999.0000222843987
232.17283417595777,2.3582805116951397,21.212874455360843,-2.669989612751613,-2.515416994867217,999.0000222839333
232.1643478941124,2.3529680736280363,21.21143926599232,-2.6702889614089536,-2.5157706064375245,999.0000222834684
232.15586511705166,2.347650384019083,21.2100028104446,-2.6705879295131005,-2.516124577749625,999.0000222830038
232.1473858551205,2.342327427237586,21.208565088717688,-2.6708865170523453,-2.516478908806949,999.0000222825399
232.13891011793734,2.336999188750595,21.207126100811585,-2.6711847240134756,-2.5168335996145808,999.0000222820761
232.1304379143796,2.3316656551447847,21.205685846726283,-2.6714825503817727,-2.517188650179278,999.0000222816134
232.12196925257018,2.32632681414769,21.20424432646179,-2.6717799961410473,-2.51754406050948,999.0000222811506
232.11350413986312,2.3209826546480445,21.202801540018104,-2.6720770612735367,-2.5178998306153253,999.0000222806883
232.10504258283083,2.3156331667158088,21.20135748739522,-2.6723737457599737,-2.5182559605086503,999.0000222802265
232.09658458725136,2.3102783416213284,21.19991216859315,-2.6726700495795415,-2.5186124502030056,999.0000222797654
232.08813015809602,2.3049181718540623,21.19846558361188,-2.6729659727098958,-2.5189692997136612,999.0000222793042
232.07967929951727,2.299552651140287,21.19701773245142,-2.6732615151271055,-2.5193265090576107,999.0000222788444
232.07123201483768,2.2941817744604416,21.195568615111767,-2.6735566768057213,-2.519684078253576,999.0000222783846
232.06278830653875,2.2888055380657564,21.194118231592917,-2.673851457718705,-2.520042007322011,999.0000222779249
232.05434817625033,2.283423939493918,21.192666581894873,-2.674145857837459,-2.5204002962851066,999.0000222774662
232.04591162474063,2.2780369775843443,21.19121366601764,-2.6744398771318276,-2.5207589451667847,999.0000222770078
232.03747865190692,2.2726446524925423,21.189759483961204,-2.674733515570115,-2.521117953992708,999.0000222765499
232.02904925676597,2.267246965703944,21.188304035725583,-2.6750267731190234,-2.5214773227902665,999.0000222760921
232.0206234374456,2.261843920046698,21.186847321310765,-2.6753196497436944,-2.521837051588586,999.0000222756349
232.0122011911768,2.2564355197039956,21.18538934071675,-2.6756121454077486,-2.522197140418519,999.0000222751784
232.00378251428594,2.2510217702256545,21.183930093943548,-2.6759042600732243,-2.522557589312635,999.0000222747225
231.99536740218736,2.245602678538684,21.182469580991146,-2.6761959937006137,-2.5229183983052272,999.0000222742669
231.9869558493772,2.240178252957377,21.181007801859554,-2.6764873462488845,-2.52327956743229,999.0000222738113
231.97854784942697,2.234748503192467,21.179544756548765,-2.6767783176754434,-2.523641096731524,999.0000222733565
231.97014339497812,2.2293134403596992,21.178080445058782,-2.677068907936194,-2.5240029862423157,999.0000222729022
231.96174247773686,2.223873076987291,21.17661486738961,-2.6773591169855275,-2.5243652360057327,999.0000222724483
231.95334508846935,2.218427427022936,21.175148023541233,-2.6776489447762986,-2.5247278460645117,999.0000222719949
231.9449512169982,2.2129765058399617,21.17367991351367,-2.6779383912599037,-2.525090816463041,999.0000222715422
231.93656085219845,2.2075203302424566,21.172210537306917,-2.6782274563862534,-2.5254541472473466,999.0000222710897
231.9281739819947,2.202058918469895,21.17073989492096,-2.678516140103777,-2.5258178384650862,999.0000222706373
231.91979059335864,2.196592290200767,21.169267986355816,-2.678804442359468,-2.526181890165521,999.0000222701858
231.91141067230728,2.191120466555604,21.16779481161148,-2.679092363098873,-2.526546302399503,999.0000222697348
231.9030342039013,2.1856434700988765,21.166320370687934,-2.6793799022661458,-2.52691107521946,999.0000222692843
231.8946611722443,2.1801613248403426,21.16484466358521,-2.6796670598040198,-2.527276208679363,999.0000222688335
231.88629156048242,2.1746740562356206,21.163367690303282,-2.679953835653845,-2.5276417028347242,999.0000222683838
231.87792535080465,2.1691816911856203,21.161889450842164,-2.6802402297556167,-2.528007557742559,999.0000222679342
231.86956252444358,2.1636842580354942,21.160409945201845,-2.6805262420480234,-2.5283737734613747,999.0000222674852
231.86120306167643,2.1581817865725537,21.15892917338233,-2.680811872468379,-2.5287403500511365,999.0000222670366
231.85284694182747,2.1526743080235917,21.157447135383627,-2.6810971209527468,-2.5291072875732494,999.0000222665884
231.84449414326983,2.1471618550510154,21.155963831205728,-2.6813819874359077,-2.529474586090532,999.0000222661408
231.8361446434287,2.1416444617484682,21.154479260848625,-2.6816664718513925,-2.5298422456671874,999.0000222656934
231.827798418785,2.1361221636356182,21.152993424312335,-2.6819505741315237,-2.5302102663687744,999.0000222652468
231.81945544487903,2.1305949976518384,21.151506321596848,-2.6822342942074267,-2.5305786482621837,999.0000222648002
231.81111569631537,2.125063002149361,21.150017952702164,-2.682517632009065,-2.5309473914156024,999.000022264354
231.80277914676773,2.119526216885444,21.148528317628283,-2.6828005874652563,-2.5313164958984884,999.0000222639084
231.794445768985,2.113984683013871,21.147037416375202,-2.683083160503714,-2.5316859617815384,999.0000222634632
231.78611553479715,2.1084384430753382,21.145545248942927,-2.6833653510510733,-2.532055789136648,999.0000222630183
231.77778841512207,2.1028875409872914,21.144051815331455,-2.6836471590329327,-2.532425978036894,999.0000222625737
231.76946437997307,2.0973320220329326,21.142557115540786,-2.683928584373868,-2.5327965285564833,999.0000222621298
231.76114339846652,2.0917719328491495,21.141061149570916,-2.684209626997466,-2.5331674407707303,999.0000222616857
231.75282543883023,2.0862073214139194,21.139563917421857,-2.684490286826378,-2.533538714756019,999.0000222612421
231.74451046841247,2.0806382370327308,21.1380654190936,-2.684770563782314,-2.5339103505897604,999.0000222607995
231.73619845369163,2.0750647303243714,21.13656565458614,-2.6850504577861356,-2.534282348350367,999.0000222603567
231.72788936028587,2.0694868532055986,21.135064623899492,-2.6853299687578276,-2.534654708117202,999.0000222599142
231.71958315296376,2.0639046588753094,21.13356232703363,-2.685609096616586,-2.5350274299705546,999.000022259472
231.71127979565549,2.058318201797871,21.132058763988578,-2.6858878412808034,-2.535400513991589,999.0000222590306
231.70297925146437,2.0527275376854277,21.130553934764322,-2.6861662026681734,-2.535773960262313,999.0000222585891
231.69468148267873,2.0471327234796637,21.129047839360876,-2.6864441806956516,-2.53614776886553,999.0000222581485
231.68638645078505,2.0415338173327964,21.127540477778226,-2.6867217752795547,-2.5365219398848105,999.0000222577078
231.67809411648054,2.035930878587521,21.126031850016382,-2.686998986335565,-2.536896473404438,999.0000222572671
231.66980443968714,2.030323967756479,21.124521956075334,-2.6872758137787853,-2.537271369509373,999.0000222568275
231.6615173795655,2.024713146500791,21.123010795955086,-2.687552257523778,-2.5376466282852124,999.0000222563878
231.65323289452988,2.019098477608007,21.121498369655633,-2.6878283174845774,-2.5380222498181424,999.0000222559485
