galstreams/tracks/track.st.New-27.ibata2024.ecsv
# %ECSV 1.0
# ---
# datatype:
# - {name: ra, unit: deg, datatype: float64}
# - {name: dec, unit: deg, datatype: float64}
# - {name: distance, unit: kpc, datatype: float64}
# - {name: pm_ra_cosdec, unit: mas / yr, datatype: float64}
# - {name: pm_dec, unit: mas / yr, datatype: float64}
# - {name: radial_velocity, unit: km / s, datatype: float64}
# delimiter: ','
# meta: !!omap
# - __serialized_columns__:
#     dec:
#       __class__: astropy.coordinates.angles.Latitude
#       unit: &id001 !astropy.units.Unit {unit: deg}
#       value: !astropy.table.SerializedColumn {name: dec}
#     distance:
#       __class__: astropy.coordinates.distances.Distance
#       unit: !astropy.units.Unit {unit: kpc}
#       value: !astropy.table.SerializedColumn {name: distance}
#     pm_dec:
#       __class__: astropy.units.quantity.Quantity
#       unit: !astropy.units.Unit {unit: mas / yr}
#       value: !astropy.table.SerializedColumn {name: pm_dec}
#     pm_ra_cosdec:
#       __class__: astropy.units.quantity.Quantity
#       unit: !astropy.units.Unit {unit: mas / yr}
#       value: !astropy.table.SerializedColumn {name: pm_ra_cosdec}
#     ra:
#       __class__: astropy.coordinates.angles.Longitude
#       unit: *id001
#       value: !astropy.table.SerializedColumn {name: ra}
#       wrap_angle: !astropy.coordinates.Angle
#         unit: *id001
#         value: 360.0
#     radial_velocity:
#       __class__: astropy.units.quantity.Quantity
#       unit: !astropy.units.Unit {unit: km / s}
#       value: !astropy.table.SerializedColumn {name: radial_velocity}
# schema: astropy-2.0
ra,dec,distance,pm_ra_cosdec,pm_dec,radial_velocity
[from data line 284]
342.43608440199614,-53.11100153460583,1.0000000000000033,1.2036184967808952,-8.536874453013471,-43.134470636850025
342.4387758600183,-53.09269856696363,1.0000000000000036,1.205392794798478,-8.532766016710191,-44.159521082330386
342.4414443479243,-53.07439225513072,1.0000000000000036,1.207162693304718,-8.528647874838507,-45.186393682642816
342.44409011187497,-53.05608263511821,1.0000000000000033,1.2089282798154417,-8.524519933893526,-46.21503567802193
342.44671339761845,-53.03776974290554,1.0000000000000033,1.2106896417161583,-8.520382100341838,-47.24539430870216
342.4493144504906,-53.01945361444108,1.0000000000000033,1.2124468662622712,-8.51623428062192,-48.27741681491816
342.45189351541586,-53.001134285642394,1.0000000000000033,1.214200040579287,-8.512076381144501,-49.311050436904445
342.4544508369078,-52.982811792396845,1.0000000000000033,1.2159492516629569,-8.507908308292963,-50.34624241489551
342.45698665907025,-52.96448617056195,1.000000000000003,1.2176945863795532,-8.50372996842369,-51.38293998912597
342.45950122559765,-52.94615745596579,1.000000000000003,1.2194361314659545,-8.499541267866414,-52.42109039983031
342.461994779776,-52.92782568440743,1.000000000000003,1.2211739735298885,-8.49534211292462,-53.46064088724314
342.4644675644836,-52.90949089165733,1.0000000000000027,1.2229081990500932,-8.491132409875858,-54.50153869159889
342.4669198221917,-52.89115311345773,1.0000000000000027,1.2246388943764623,-8.486912064972099,-55.54373105313228
342.46935179496535,-52.872812385523105,1.0000000000000029,1.2263661457302208,-8.482680984440083,-56.58716521207773
342.47176372446415,-52.854468743540465,1.0000000000000027,1.2280900392040572,-8.478439074481644,-57.63178840866976
342.474155851943,-52.8361222231698,1.0000000000000027,1.2298106607623533,-8.47418624127404,-58.67754788314302
342.47652841825277,-52.81777286004446,1.0000000000000027,1.2315280962412158,-8.469922390970275,-59.72439087573198
342.4788816638413,-52.7994206897715,1.0000000000000024,1.23324243134872,-8.465647429699416,-60.77226462667122
342.4812158287538,-52.781065747932104,1.0000000000000022,1.2349537516649836,-8.461361263566918,-61.82111637619524
342.48353115263404,-52.76270807008187,1.0000000000000024,1.2366621426423157,-8.457063798654902,-62.87089336453869
342.4858278747248,-52.74434769175124,1.0000000000000024,1.2383676896053641,-8.452754941022487,-63.921542831936044
342.4881062338689,-52.7259846484458,1.0000000000000022,1.2400704777512273,-8.44843459670605,-64.97301201862177
342.49036646850954,-52.70761897564669,1.0000000000000022,1.2417705921495168,-8.444102671719547,-66.02524816483057
342.49260881669176,-52.68925070881088,1.0000000000000022,1.243468117742581,-8.439759072054786,-67.07819851079682
342.4948335160625,-52.670879883371555,1.000000000000002,1.2451631393455003,-8.435403703681688,-68.13181029675525
342.49704080387215,-52.65250653473841,1.0000000000000022,1.2468557416462822,-8.43103647254858,-69.18603076294025
342.4992309169744,-52.63413069829802,1.000000000000002,1.2485460092058593,-8.426657284582474,-70.24080714958644
342.50140409182796,-52.61575240941413,1.000000000000002,1.2502340264582958,-8.422266045689284,-71.2960866969284
342.50356056449675,-52.59737170342798,1.0000000000000018,1.251919877710769,-8.417862661754132,-72.35181664520053
342.505700570651,-52.57898861565865,1.0000000000000018,1.2536036471437608,-8.413447038641573,-73.40794423463753
342.5078243455677,-52.56060318140327,1.000000000000002,1.2552854188109963,-8.40901908219584,-74.46441670547387
342.50993212413204,-52.542215435937464,1.0000000000000018,1.2569652766396855,-8.404578698241112,-75.52118129794415
342.5120241408373,-52.523825414515535,1.0000000000000016,1.2586433044304393,-8.4001257925817,-76.57818525228282
342.5141006297865,-52.50543315237078,1.0000000000000016,1.2603195858574416,-8.395660271002328,-77.6353758087245
342.51616182469274,-52.48703868471579,1.0000000000000016,1.261994204468433,-8.391182039268333,-78.69270020750373
342.51820795888017,-52.46864204674277,1.0000000000000013,1.2636672436848162,-8.386691003125888,-79.75010568885506
342.5202392652847,-52.450243273623755,1.000000000000001,1.2653387868017223,-8.38218706830223,-80.80753949301298
342.5222559764549,-52.431842400510895,1.0000000000000013,1.2670089169879546,-8.377670140505845,-81.86494886021208
342.5242583245528,-52.413439462536694,1.0000000000000013,1.2686777172861738,-8.37314012542669,-82.92228103068692
342.5262465413546,-52.395034494814404,1.000000000000001,1.270345270612804,-8.368596928736412,-83.97948324467195
342.5282208582516,-52.37662753243809,1.000000000000001,1.2720116597581397,-8.364040456088492,-85.0365027424019
342.5301815062511,-52.35821861048305,1.0000000000000013,1.2736769673863666,-8.359470613118493,-86.09328676411121
342.5321287159769,-52.33980776400593,1.0000000000000009,1.275341276035574,-8.354887305444194,-87.14978255003427
342.5340627176705,-52.321395028045075,1.000000000000001,1.2770046681177174,-8.350290438665812,-88.20593734040594
342.53598374119184,-52.30298043762068,1.0000000000000009,1.2786672259187748,-8.34567991836617,-89.26169837546044
342.53789201601967,-52.28456402773509,1.0000000000000007,1.2803290315985736,-8.341055650110821,-90.3170128954326
342.53978777125315,-52.26614583337298,1.0000000000000007,1.2819901671909735,-8.336417539448288,-91.37182814055674
342.541671235612,-52.247725889501595,1.0000000000000007,1.2836507146037048,-8.331765491910176,-92.42609135106761
342.5435426374379,-52.22930423107099,1.0000000000000007,1.2853107556185028,-8.32709941301134,-93.47974976719962
342.5454022046947,-52.210880893014206,1.0000000000000004,1.2869703718909822,-8.322419208250034,-94.53275062918728
342.5472501649698,-52.1924559102475,1.0000000000000004,1.2886296449507118,-8.317724783108066,-95.58504117726527
342.5490867454748,-52.17402931767057,1.0000000000000007,1.2902886562011764,-8.313016043050954,-96.636568651668
342.55091217304613,-52.155601150166696,1.0,1.2919474869196899,-8.30829289352802,-97.6872802926301
342.5527266741463,-52.13717144260296,1.0000000000000002,1.2936062182574748,-8.303555239972537,-98.73712334038618
342.5545304748643,-52.11874022983051,1.0000000000000002,1.2952649312395375,-8.29880298780193,-99.78604503517059
342.5563238009168,-52.10030754668462,1.0000000000000004,1.2969237067646926,-8.294036042417774,-100.83399261721807
342.5581068776488,-52.08187342798497,1.0,1.2985826256055137,-8.289254309206024,-101.88091332676298
342.55987993003464,-52.06343790853576,0.9999999999999998,1.300241768408256,-8.28445769353706,-102.92675440404007
342.56164318267844,-52.04500102312593,1.0,1.3019012156928254,-8.27964610076583,-103.97146308928369
342.56339685981555,-52.026562806529284,1.0,1.3035610478527762,-8.274819436231954,-105.01498662272854
342.56514118531294,-52.008123293504696,0.9999999999999998,1.3052213451551546,-8.269977605259825,-106.05727224460908
342.5668763826702,-51.98968251879624,0.9999999999999998,1.306882187740534,-8.265120513158685,-107.09826719515988
342.56860267502054,-51.97124051713335,0.9999999999999998,1.3085436556228958,-8.260248065222735,-108.13791871461551
342.57032028513134,-51.952797323230975,0.9999999999999997,1.3102058286895675,-8.255360166731249,-109.17617404321045
342.5720294354052,-51.934352971789714,0.9999999999999994,1.311868786701175,-8.250456722948613,-110.21298042117927
342.5737303478809,-51.91590749749596,0.9999999999999996,1.3135326092915225,-8.245537639124418,-111.24828508875655
342.5754232442339,-51.89746093502206,0.9999999999999996,1.315197375967549,-8.240602820493553,-112.28203528617686
342.5771083457775,-51.879013319026406,0.9999999999999994,1.3168631661092043,-8.23565217227626,-113.31417825367464
342.57878587346386,-51.86056468415358,0.9999999999999993,1.3185300589694382,-8.230685599678203,-114.34466123148447
342.5804560478842,-51.84211506503453,0.9999999999999993,1.3201981336739514,-8.225703007890557,-115.37343145984099
342.5821190892704,-51.82366449628655,0.9999999999999991,1.3218674692213002,-8.220704302090011,-116.40043617897857
342.5837752174955,-51.805213012513576,0.9999999999999992,1.3235381444826144,-8.215689387438871,-117.42562262913198
342.5854246520745,-51.78676064830615,0.9999999999999992,1.325210238201592,-8.210658169085102,-118.44893805053555
342.5870676121655,-51.76830743824161,0.9999999999999988,1.326883828994375,-8.20561055216235,-119.47032968342396
342.58870431657033,-51.74985341688412,0.999999999999999,1.32855899534938,-8.200546441790015,-120.48974476803176
342.59033498373543,-51.73139861878489,0.9999999999999988,1.330235815627276,-8.195465743073274,-121.50713054459332
342.59195983175294,-51.71294307848211,0.9999999999999988,1.3319143680607537,-8.190368361103117,-122.52243425334342
342.59357907836136,-51.694486830501155,0.9999999999999989,1.3335947307544878,-8.185254200956368,-123.53560313451645
342.59519294094645,-51.67602990935465,0.9999999999999987,1.3352769816849523,-8.180123167695731,-124.54658442834705
342.5968016365422,-51.657572349542505,0.9999999999999987,1.336961198700294,-8.174975166369808,-125.5553253750697
342.5984053818315,-51.639114185552046,0.9999999999999984,1.3386474595202413,-8.169810102013088,-126.56177321491892
342.6000043931474,-51.62065545185805,0.9999999999999986,1.3403358417358797,-8.164627879646016,-127.56587518812938
342.6015988864736,-51.60219618292285,0.9999999999999986,1.342026422809587,-8.159428404274951,-128.5675785349355
342.60318907744534,-51.58373641319636,0.9999999999999984,1.3437192800747892,-8.154211580892195,-129.56683049557188
342.60477518135065,-51.565276177116154,0.9999999999999982,1.3454144907359415,-8.148977314476017,-130.56357831027307
342.60635741313087,-51.546815509107525,0.9999999999999983,1.3471121318682444,-8.143725509990594,-131.55776921927355
342.60793598738167,-51.52835444358354,0.9999999999999983,1.3488122804174996,-8.13845607238607,-132.54935046280792
342.60951111835385,-51.50989301494507,0.9999999999999982,1.3505150132000505,-8.133168906598526,-133.5382692811108
342.6110830199544,-51.49143125758088,0.999999999999998,1.3522204069024601,-8.127863917549949,-134.5244729144166
342.6126519057471,-51.4729692058676,0.9999999999999982,1.3539285380814539,-8.122541010148222,-135.5079086029599
342.6142179889538,-51.45450689416981,0.999999999999998,1.355639483163725,-8.117200089287127,-136.48852358697533
342.6157814824548,-51.43604435684008,0.9999999999999979,1.357353318445642,-8.111841059846311,-137.46626510669728
342.6173425987901,-51.41758162821896,0.9999999999999978,1.3590701200932482,-8.10646382669125,-138.4410804023605
342.6189015501604,-51.39911874263503,0.9999999999999978,1.3607899641419294,-8.10106829467321,-139.41291671419935
342.62045854842745,-51.38065573440491,0.9999999999999977,1.3625129264962768,-8.095654368629246,-140.38172128244844
342.62201380511544,-51.36219263783331,0.9999999999999977,1.3642390829298705,-8.090221953382152,-141.34744134734237
342.6235675314117,-51.343729487212975,0.9999999999999979,1.3659685090851266,-8.084770953740378,-142.3100241491156
342.6251199381676,-51.325266316824774,0.9999999999999976,1.3677012804730353,-8.079301274498075,-143.26941692800276
342.6266712358993,-51.30680316093764,0.9999999999999976,1.3694374724729634,-8.07381282043494,-144.2255669242383
342.6282216347891,-51.28834005380861,0.9999999999999974,1.3711771603325218,-8.068305496316261,-145.1784213780568
342.6297713446856,-51.26987702968281,0.9999999999999974,1.3729204191672135,-8.062779206892776,-146.1279275296929
342.6313205751054,-51.25141412279347,0.9999999999999973,1.3746673239603542,-8.05723385690071,-147.074032619381
342.6328695352332,-51.23295136736184,0.9999999999999973,1.3764179495627227,-8.051669351061602,-148.01668388735573
342.6344184339235,-51.214488797597305,0.9999999999999971,1.378172370692468,-8.046085594082353,-148.9558285738516
342.6359674797008,-51.19602644769726,0.9999999999999972,1.379930661934801,-8.040482490655068,-149.8914139191032
342.63751688076076,-51.17756435184709,0.9999999999999973,1.3816928977417202,-8.034859945457026,-150.82338716334493
342.6390668449712,-51.159102544220254,0.9999999999999971,1.3834591524318736,-8.02921786315061,-151.7516955468116
342.640617579873,-51.140641058978126,0.999999999999997,1.3852295001903263,-8.023556148383202,-152.67628630973755
342.64216929268053,-51.122179930270065,0.999999999999997,1.3870040150681335,-8.017874705787133,-153.59710669235733
342.6437221902834,-51.103719192233264,0.999999999999997,1.3887827709823704,-8.012173439979556,-154.51410393490562
342.64527647924666,-51.08525887899287,0.9999999999999969,1.3905658417156799,-8.006452255562397,-155.42722527761677
342.6468323658117,-51.0667990246618,0.9999999999999969,1.3923533009160582,-8.00071105712227,-156.33641796072558
342.6483900558975,-51.04833966334074,0.9999999999999968,1.3941452220966442,-7.99494974923031,-157.24162922446632
342.6499497551016,-51.02988082911816,0.999999999999997,1.3959416786354577,-7.989168236442179,-158.1428063090738
342.65151166870044,-51.01142255607015,0.9999999999999967,1.3977427437750967,-7.983366423297888,-159.03989645478228
342.6530760016507,-50.99296487826045,0.9999999999999964,1.3995484906224327,-7.977544214321723,-159.93284690182648
342.6546429585902,-50.97450782974034,0.9999999999999964,1.4013589921484995,-7.971701514022122,-160.82160489044102
342.65621274383864,-50.956051444548606,0.9999999999999967,1.4031743211880485,-7.965838226891604,-161.70611766086026
342.6577855613985,-50.93759575671146,0.9999999999999966,1.404994550439345,-7.959954257406592,-162.58633245331893
342.659361614956,-50.919140800242474,0.9999999999999966,1.406819752463881,-7.95404951002736,-163.4621965080514
342.6609411078821,-50.900686609142475,0.9999999999999963,1.4086499996860953,-7.9481238891978805,-164.33365706529224
342.66252424323307,-50.88223321739954,0.9999999999999964,1.4104853643930886,-7.942177299345712,-165.2006613652762
342.66411122375183,-50.86378065898883,0.9999999999999963,1.4123259187343118,-7.936209644881837,-166.06315664823748
342.6657022518686,-50.84532896787258,0.9999999999999962,1.414171734721318,-7.930220830200625,-166.921090154411
342.6672975297017,-50.82687817799994,0.9999999999999962,1.4160228842273828,-7.9242107596795925,-167.774409124031
342.6688972590588,-50.808428323306956,0.9999999999999962,1.4178794389872884,-7.918179337679353,-168.62306079733222
342.67050164143734,-50.78997943771641,0.9999999999999961,1.4197414705969837,-7.912126468543416,-169.46699241454903
342.672110878026,-50.77153155513778,0.9999999999999962,1.4216090505132915,-7.906052056598115,-170.30615121591623
342.67372516970516,-50.75308470946708,0.999999999999996,1.4234822500535689,-7.8999560061524114,-171.1404844416681
342.6753447170478,-50.734638934586826,0.9999999999999959,1.4253611403953776,-7.893838221497759,-171.9699393320393
342.6769697203208,-50.71619426436586,0.999999999999996,1.427245792576306,-7.887698606907975,-172.79446312726446
342.6786003794855,-50.697750732659266,0.9999999999999957,1.4291362774933987,-7.881537066639073,-173.614003067578
342.68023689419863,-50.67930837330829,0.9999999999999959,1.431032665903114,-7.875353504929123,-174.42850639321443
342.6818794638134,-50.66086722014013,0.9999999999999958,1.4329350284208058,-7.869147825998066,-175.23792034440848
342.68352828738017,-50.64242730696796,0.9999999999999958,1.4348434355204347,-7.862919934047605,-176.04219216139452
342.6851835636475,-50.62398866759065,0.9999999999999958,1.436757957534251,-7.8566697332610005,-176.84126908440714
342.6868454910631,-50.60555133579273,0.9999999999999957,1.4386786646525174,-7.850397127802898,-177.63509835368092
342.6885142677745,-50.587115345344266,0.9999999999999957,1.4406056269230696,-7.844102021819214,-178.42362720945044
342.69019009163026,-50.56868073000066,0.9999999999999956,1.4425389142510046,-7.837784319436917,-179.20680289195016
342.6918731601806,-50.55024752350258,0.9999999999999956,1.444478596398353,-7.831443924763885,-179.98457264141464
342.6935636706785,-50.531815759575785,0.9999999999999954,1.4464247429837744,-7.825080741888714,-180.75688369807844
