galstreams/tracks/track.st.AAU-ATLAS.ibata2021.ecsv
# %ECSV 1.0
# ---
# datatype:
# - {name: ra, unit: deg, datatype: float64}
# - {name: dec, unit: deg, datatype: float64}
# - {name: distance, unit: kpc, datatype: float64}
# - {name: pm_ra_cosdec, unit: mas / yr, datatype: float64}
# - {name: pm_dec, unit: mas / yr, datatype: float64}
# - {name: radial_velocity, unit: km / s, datatype: float64}
# delimiter: ','
# meta: !!omap
# - __serialized_columns__:
#     dec:
#       __class__: astropy.coordinates.angles.Latitude
#       unit: &id001 !astropy.units.Unit {unit: deg}
#       value: !astropy.table.SerializedColumn {name: dec}
#     distance:
#       __class__: astropy.coordinates.distances.Distance
#       unit: !astropy.units.Unit {unit: kpc}
#       value: !astropy.table.SerializedColumn {name: distance}
#     pm_dec:
#       __class__: astropy.units.quantity.Quantity
#       unit: !astropy.units.Unit {unit: mas / yr}
#       value: !astropy.table.SerializedColumn {name: pm_dec}
#     pm_ra_cosdec:
#       __class__: astropy.units.quantity.Quantity
#       unit: !astropy.units.Unit {unit: mas / yr}
#       value: !astropy.table.SerializedColumn {name: pm_ra_cosdec}
#     ra:
#       __class__: astropy.coordinates.angles.Longitude
#       unit: *id001
#       value: !astropy.table.SerializedColumn {name: ra}
#       wrap_angle: !astropy.coordinates.Angle
#         unit: *id001
#         value: 360.0
#     radial_velocity:
#       __class__: astropy.units.quantity.Quantity
#       unit: !astropy.units.Unit {unit: km / s}
#       value: !astropy.table.SerializedColumn {name: radial_velocity}
# schema: astropy-2.0
ra,dec,distance,pm_ra_cosdec,pm_dec,radial_velocity
[from data line 410]
21.229583636017495,-27.46130118649443,23.33377573971525,-0.161549751799498,-0.8192978699637998,-101.0512317798332
21.23885989533752,-27.46699150554432,23.334350179292326,-0.1613668191717762,-0.818935578834352,-101.02709446147838
21.24813569571743,-27.472682835011003,23.334939698057592,-0.1611840474362397,-0.818573901888128,-101.00295223248574
21.257411040355215,-27.478375171770356,23.335544255369623,-0.16100143579236909,-0.8182128389134457,-100.97880495899251
21.266685932448713,-27.484068512697675,23.33616381058703,-0.16081898343968243,-0.817852389698404,-100.95465250713573
21.275960375195254,-27.489762854667482,23.336798323068358,-0.16063668957773702,-0.8174925540308876,-100.93049474305255
21.28523437179183,-27.495458194553578,23.337447752172217,-0.16045455340612802,-0.8171333316985625,-100.90633153288006
21.29450792543523,-27.501154529229165,23.338112057257174,-0.16027257412448764,-0.8167747224888788,-100.8821627427555
21.303781039321695,-27.506851855566627,23.338791197681815,-0.16009075093248692,-0.8164167261890696,-100.8579882388159
21.31305371664731,-27.512550170437773,23.33948513280472,-0.15990908302983453,-0.8160593425861509,-100.8338078871984
21.322325960607625,-27.518249470713595,23.340193821984464,-0.15972756961627738,-0.8157025714669219,-100.80962155404015
21.331597774398016,-27.523949753264482,23.340917224579638,-0.1595462098915998,-0.8153464126179641,-100.78542910547826
21.340869161213377,-27.529651014960045,23.341655299948826,-0.15936500305562434,-0.8149908658256425,-100.76123040764992
21.35014012424825,-27.5353532526692,23.342408007450597,-0.15918394830821153,-0.8146359308761045,-100.73702532669216
21.35941066669697,-27.541056463260258,23.343175306443538,-0.1590030448492592,-0.8142816075552801,-100.71281372874216
21.368680791753324,-27.546760643600688,23.343957156286237,-0.15882229187870334,-0.8139278956488825,-100.68859547993709
21.37795050261095,-27.552465790557406,23.344753516337274,-0.15864168859651712,-0.8135747949424066,-100.66437044641403
21.387219802462937,-27.55817190099648,23.345564345955207,-0.1584612342027129,-0.8132223052211311,-100.64013849431011
21.39648869450221,-27.56387897178342,23.346389604498654,-0.1582809278973386,-0.812870426270115,-100.61589948976241
21.405757181921214,-27.56958699978293,23.347229251326173,-0.15810076888048136,-0.8125191578742017,-100.59165329890817
21.41502526791202,-27.575295981859,23.348083245796346,-0.15792075635226577,-0.8121684998180159,-100.56739978788444
21.42429295566651,-27.581005914875046,23.348951547267763,-0.1577408895128532,-0.8118184518859647,-100.5431388228284
21.43356024837602,-27.58671679569362,23.349834115099004,-0.15756116756244315,-0.8114690138622371,-100.51887026987714
21.44282714923172,-27.592428621176722,23.35073090864865,-0.15738158970127264,-0.8111201855308046,-100.49459399516778
21.45209366142424,-27.598141388185528,23.35164188727527,-0.15720215512961655,-0.8107719666754203,-100.47030986483747
21.461359788144044,-27.603855093580602,23.352567010337463,-0.15702286304778618,-0.8104243570796197,-100.44601774502331
21.470625532581103,-27.609569734221743,23.35350623719381,-0.1568437126561309,-0.8100773565267188,-100.42171750186246
21.47989089792504,-27.615285306968033,23.354459527202877,-0.15666470315503828,-0.8097309647998179,-100.3974090014921
21.489155887365268,-27.621001808677963,23.355426839723254,-0.15648583374493164,-0.8093851816817961,-100.37309211004921
21.49842050409064,-27.626719236209155,23.35640813411353,-0.15630710362627315,-0.809040006955316,-100.34876669367112
21.507684751289876,-27.632437586418714,23.357403369732268,-0.1561285119995609,-0.8086954404028219,-100.32443261849474
21.516948632151117,-27.638156856162844,23.358412505938066,-0.1559500580653319,-0.8083514818065377,-100.30008975065736
21.52621214986238,-27.643877042297234,23.359435502089507,-0.1557717410241587,-0.808008130948471,-100.27573795629608
21.535475307611158,-27.649598141676737,23.36047231754515,-0.15559356007665237,-0.8076653876104096,-100.25137710154796
21.544738108584585,-27.6553201511555,23.3615229116636,-0.1554155144234607,-0.8073232515739222,-100.22700705255018
21.554000555969612,-27.661043067587094,23.36258724380343,-0.15523760326526848,-0.8069817226203593,-100.2026276754399
21.563262652952616,-27.666766887824213,23.363665273323218,-0.15505982580279815,-0.8066408005308523,-100.17823883635414
21.57252440271984,-27.672491608719024,23.36475695958155,-0.15488218123680836,-0.8063004850863142,-100.15384040143009
21.581785808456956,-27.678217227122804,23.365862261937004,-0.15470466876809602,-0.8059607760674375,-100.12943223680493
21.59104687334948,-27.683943739886303,23.366981139748166,-0.1545272875974939,-0.8056216732546976,-100.10501420861577
21.600307600582436,-27.689671143859417,23.368113552373615,-0.15435003692587262,-0.8052831764283483,-100.08058618299971
21.609567993340487,-27.695399435891403,23.369259459171932,-0.15417291595413996,-0.8049452853684269,-100.05614802609385
21.61882805480808,-27.70112861283085,23.370418819501698,-0.15399592388323957,-0.804607999854749,-100.03169960403537
21.628087788169132,-27.706858671525527,23.371591592721487,-0.15381905991415318,-0.8042713196669122,-100.0072407829614
21.63734719660738,-27.712589608822658,23.372777738189903,-0.1536423232478984,-0.8039352445842936,-99.98277142900899
21.64660628330601,-27.718321421568575,23.373977215265498,-0.15346571308553075,-0.8035997743860517,-99.95829140831536
21.655865051448064,-27.724054106609085,23.37518998330688,-0.1532892286281417,-0.8032649088511249,-99.93380058701761
21.665123504216062,-27.729787660789146,23.376416001672613,-0.15311286907686006,-0.8029306477582314,-99.9092988312529
21.67438164479218,-27.73552208095305,23.377655229721285,-0.15293663363285154,-0.8025969908858706,-99.88478600715824
21.683639476358387,-27.74125736394445,23.37890762681147,-0.15276052149731767,-0.8022639380123212,-99.86026198087092
21.69289700209608,-27.74699350660616,23.38017315230176,-0.152584531871498,-0.8019314889156419,-99.83572661852797
21.702154225186522,-27.752730505780452,23.381451765550732,-0.15240866395666758,-0.8015996433736723,-99.81117978626646
21.7114111488104,-27.758468358308704,23.382743425916967,-0.15223291695413926,-0.8012684011640308,-99.7866213502237
21.72066777614824,-27.76420706103176,23.384048092759045,-0.15205729006526097,-0.8009377620641158,-99.76205117653663
21.729924110380033,-27.769946610789617,23.385365725435552,-0.15188178249141937,-0.8006077258511064,-99.73746913134254
21.7391801546856,-27.775687004421663,23.386696283305064,-0.15170639343403536,-0.8002782923019598,-99.71287508077846
21.74843591224424,-27.781428238766516,23.38803972572616,-0.15153112209456826,-0.7999494611934139,-99.68826889098155
21.757691386234924,-27.787170310662084,23.389396012057436,-0.15135596767451326,-0.7996212323019856,-99.66365042808893
21.766946579836375,-27.792913216945635,23.390765101657458,-0.1511809293754014,-0.7992936054039712,-99.63901955823769
21.776201496226808,-27.79865695445362,23.392146953884815,-0.15100600639880096,-0.798966580275447,-99.61437614756504
21.785456138584237,-27.80440152002189,23.39354152809808,-0.15083119794631644,-0.7986401566922672,-99.58972006220806
21.794710510086116,-27.810146910485482,23.39494878365585,-0.15065650321958912,-0.7983143344300663,-99.56505116830388
21.80396461390978,-27.815893122678833,23.396368679916687,-0.1504819214202951,-0.7979891132642577,-99.54036933198965
21.813218453232015,-27.821640153435588,23.39780117623919,-0.15030745175014876,-0.797664492970033,-99.51567441940243
21.822472031229257,-27.827387999588655,23.39924623198193,-0.15013309341089998,-0.7973404733223632,-99.49096629667947
21.831725351077747,-27.833136657970353,23.400703806503493,-0.1499588456043343,-0.7970170540959991,-99.4662448299578
21.840978415953142,-27.838886125412145,23.40217385916245,-0.14978470753227507,-0.7966942350654683,-99.44150988537456
21.85023122903096,-27.844636398744928,23.403656349317405,-0.1496106783965796,-0.7963720160050782,-99.41676132906692
21.85948379348614,-27.850387474798744,23.40515123632691,-0.14943675739914392,-0.7960503966889152,-99.39199902717195
21.86873611249348,-27.856139350403055,23.406658479549577,-0.14926294374189814,-0.7957293768908431,-99.36722284582686
21.877988189227246,-27.861892022386524,23.408178038343966,-0.14908923662680978,-0.7954089563845047,-99.34243265116874
21.887240026861356,-27.867645487577086,23.409709872068657,-0.14891563525588186,-0.7950891349433213,-99.31762830933468
21.89649162856952,-27.873399742802075,23.411253940082247,-0.14874213883115345,-0.7947699123404919,-99.29280968646182
21.905742997524868,-27.879154784887966,23.412810201743312,-0.1485687465547001,-0.7944512883489938,-99.26797664868737
21.914994136900376,-27.884910610660658,23.41437861641042,-0.14839545762863293,-0.7941332627415826,-99.24312906214837
21.92424504986847,-27.890667216945225,23.415959143442173,-0.14822227125509924,-0.7938158352907917,-99.21826679298198
21.93349573960141,-27.89642460056613,23.41755174219713,-0.1480491866362822,-0.7934990057689327,-99.19338970732534
21.94274620927091,-27.902182758347053,23.419156372033896,-0.1478762029744013,-0.7931827739480942,-99.1684976713155
21.951996462048374,-27.90794168711092,23.420772992311033,-0.14770331947171123,-0.7928671396001432,-99.14359055108973
21.961246501104952,-27.913701383680085,23.422401562387137,-0.1475305353305031,-0.7925521024967243,-99.118668212785
21.97049632961125,-27.91946184487603,23.424042041620776,-0.14735784975310373,-0.7922376624092593,-99.09373052253856
21.979745950737705,-27.925223067519653,23.425694389370545,-0.14718526194187542,-0.7919238191089475,-99.06877734648754
21.988995367654173,-27.930985048431026,23.42735856499502,-0.14701277109921695,-0.7916105723667658,-99.04380855076899
21.998244583530393,-27.936747784429627,23.429034527852775,-0.14684037642756165,-0.7912979219534686,-99.01882400152007
22.00749360153553,-27.942511272334105,23.430722237302398,-0.14666807712938013,-0.7909858676395869,-98.99382356487793
22.01674242483843,-27.94827550896242,23.43242165270247,-0.14649587240717804,-0.790674409195429,-98.9688071069797
22.025991056607698,-27.954040491131895,23.434132733411577,-0.14632376146349557,-0.79036354639108,-98.94377449396244
22.035239500011382,-27.959806215659007,23.43585543878829,-0.1461517435009106,-0.7900532789964025,-98.91872559196332
22.04448775821737,-27.965572679359678,23.437589728191192,-0.1459798177220346,-0.7897436067810358,-98.89366026711953
22.053735834392977,-27.971339879048926,23.439335560978876,-0.14580798332951667,-0.7894345295143952,-98.86857838556814
22.06298373170534,-27.97710781154125,23.441092896509915,-0.14563623952603943,-0.7891260469656733,-98.84347981344628
22.072231453321116,-27.98287647365028,23.442861694142884,-0.14546458551432206,-0.7888181589038398,-98.8183644168911
22.08147900240655,-27.988645862188957,23.444641913236374,-0.14529302049712023,-0.7885108650976389,-98.79323206203966
22.090726382127702,-27.99441597396959,23.446433513148964,-0.1451215436772224,-0.7882041653155933,-98.76808261502917
22.099973595650056,-28.000186805803647,23.44823645323924,-0.14495015425745522,-0.7878980593260008,-98.74291594199677
22.109220646138912,-28.005958354502017,23.450050692865773,-0.14477885144067915,-0.7875925468969363,-98.7177319090795
22.118467536759034,-28.011730616874733,23.45187619138715,-0.14460763442979074,-0.7872876277962497,-98.69253038241459
22.127714270675003,-28.017503589731227,23.453712908161954,-0.14443650242772083,-0.7869833017915673,-98.66731122813906
22.136960851050866,-28.02327726988014,23.455560802548767,-0.14426545463743717,-0.7866795686502916,-98.64207431239004
22.146207281050316,-28.02905165412937,23.45741983390616,-0.14409449026194204,-0.7863764281396008,-98.61681950130483
22.155453563836833,-28.034826739286206,23.45928996159273,-0.1439236085042725,-0.7860738800264491,-98.59154666102042
22.164699702573323,-28.040602522157098,23.461171144967054,-0.1437528085675015,-0.7857719240775649,-98.56625565767396
22.173945700422507,-28.0463789995479,23.463063343387706,-0.14358208965473662,-0.7854705600594545,-98.54094635740255
22.18319156054656,-28.0521561682636,23.464966516213266,-0.14341145096912167,-0.7851697877383976,-98.51561862634335
22.192437286107477,-28.057934025108626,23.46688062280233,-0.14324089171383447,-0.7848696068804504,-98.49027233063349
22.201682880266734,-28.063712566886565,23.46880562251346,-0.1430704110920884,-0.7845700172514438,-98.46490733641009
22.210928346185412,-28.069491790400285,23.470741474705257,-0.14290000830713273,-0.7842710186169838,-98.43952350981033
22.220173687024417,-28.07527169245205,23.472688138736284,-0.14272968256225016,-0.7839726107424518,-98.41412071697124
22.22941890594405,-28.08105226984326,23.47464557396514,-0.14255943306075985,-0.7836747933930046,-98.38869882403002
22.238664006104457,-28.086833519374725,23.47661373975039,-0.14238925900601507,-0.7833775663335726,-98.36325769712379
22.247908990665195,-28.092615437846405,23.47859259545063,-0.14221915960140485,-0.7830809293288619,-98.33779720238965
22.257153862785668,-28.098398022057673,23.480582100424428,-0.1420491340503524,-0.782784882143353,-98.31231720596476
22.26639862562474,-28.10418126880707,23.482582214030376,-0.1418791815563165,-0.7824894245413009,-98.28681757398623
22.275643282340912,-28.109965174892437,23.484592895627053,-0.14170930132279058,-0.7821945562867353,-98.2612981725912
22.28488783609247,-28.115749737110978,23.486614104573036,-0.1415394925533029,-0.7819002771434607,-98.2357588679168
22.29413229003711,-28.12153495225904,23.488645800226912,-0.14136975445141647,-0.7816065868750541,-98.21019952610015
22.303376647332364,-28.12732081713239,23.490687941947257,-0.14120008622072938,-0.7813134852448693,-98.18462001327836
22.31262091113518,-28.133107328525938,23.49274048909265,-0.14103048706487475,-0.7810209720160323,-98.15902019558857
22.321865084602358,-28.138894483233994,23.49480340102168,-0.1408609561875192,-0.7807290469514431,-98.13339993916797
22.331109170890127,-28.144682278050052,23.496876637092928,-0.14069149279236598,-0.780437709813777,-98.10775911015361
22.34035317315439,-28.150470709766893,23.49896015666497,-0.14052209608315147,-0.7801469603654816,-98.08209757468265
22.349597094550802,-28.156259775176657,23.501053919096393,-0.14035276526364737,-0.7798567983687789,-98.05641519889221
22.35884093823444,-28.16204947107064,23.50315788374577,-0.14018349953766057,-0.7795672235856643,-98.03071184891937
22.36808470736019,-28.16783979423954,23.5052720099717,-0.140014298109031,-0.7792782357779064,-98.00498739090138
22.37732840508242,-28.17363074147321,23.507396257132736,-0.13984516018163523,-0.7789898347070486,-97.97924169097524
22.386572034555247,-28.179422309560895,23.509530584587495,-0.1396760849593825,-0.7787020201344051,-97.9534746152782
22.39581559893231,-28.185214495291028,23.511674951694523,-0.13950707164621806,-0.7784147918210662,-97.9276860299473
22.40505910136686,-28.191007295451303,23.51382931781243,-0.139338119446121,-0.7781281495278924,-97.9018758011197
22.414302545011903,-28.196800706828803,23.515993642299776,-0.13916922756310496,-0.7778420930155189,-97.87604379493253
22.4235459330199,-28.202594726209753,23.51816788451515,-0.1390003952012181,-0.7775566220443539,-97.85018987752287
22.432789268543093,-28.208389350379772,23.520352003817145,-0.13883162156454276,-0.7772717363745774,-97.82431391502794
22.442032554733185,-28.21418457612365,23.522545959564326,-0.1386629058571962,-0.7769874357661429,-97.79841577358481
22.45127579474168,-28.21998040022554,23.52474971111528,-0.13849424728332937,-0.7767037199787757,-97.77249531933063
22.460518991719553,-28.225776819468813,23.526963217828587,-0.1383256450471284,-0.7764205887719742,-97.74655241840246
22.469762148817402,-28.231573830636076,23.529186439062833,-0.13815709835281376,-0.7761380419050089,-97.7205869369376
22.47900526918559,-28.237371430509345,23.5314193341766,-0.13798860640463895,-0.7758560791369228,-97.69459874107297
