galstreams/tracks/track.po.PS1-E.bernard2016.ecsv
# %ECSV 0.9
# ---
# datatype:
# - {name: ra, unit: deg, datatype: float64}
# - {name: dec, unit: deg, datatype: float64}
# - {name: distance, unit: kpc, datatype: float64}
# - {name: pm_ra_cosdec, unit: mas / yr, datatype: float64}
# - {name: pm_dec, unit: mas / yr, datatype: float64}
# - {name: radial_velocity, unit: km / s, datatype: float64}
# delimiter: ','
# meta: !!omap
# - __serialized_columns__:
#     dec:
#       __class__: astropy.coordinates.angles.Latitude
#       unit: &id001 !astropy.units.Unit {unit: deg}
#       value: !astropy.table.SerializedColumn {name: dec}
#     distance:
#       __class__: astropy.coordinates.distances.Distance
#       unit: !astropy.units.Unit {unit: kpc}
#       value: !astropy.table.SerializedColumn {name: distance}
#     pm_dec:
#       __class__: astropy.units.quantity.Quantity
#       unit: !astropy.units.Unit {unit: mas / yr}
#       value: !astropy.table.SerializedColumn {name: pm_dec}
#     pm_ra_cosdec:
#       __class__: astropy.units.quantity.Quantity
#       unit: !astropy.units.Unit {unit: mas / yr}
#       value: !astropy.table.SerializedColumn {name: pm_ra_cosdec}
#     ra:
#       __class__: astropy.coordinates.angles.Longitude
#       unit: *id001
#       value: !astropy.table.SerializedColumn {name: ra}
#       wrap_angle: !astropy.coordinates.Angle
#         unit: *id001
#         value: 360.0
#     radial_velocity:
#       __class__: astropy.units.quantity.Quantity
#       unit: !astropy.units.Unit {unit: km / s}
#       value: !astropy.table.SerializedColumn {name: radial_velocity}
# schema: astropy-2.0
ra,dec,distance,pm_ra_cosdec,pm_dec,radial_velocity
[from data line 2370]
190.69399069810248,62.357769736893324,12.599999999999884,0.0,0.0,0.0
190.71288781148627,62.36258919652403,12.599999999999884,0.0,0.0,0.0
190.73179099558774,62.3674060940698,12.59999999999988,0.0,0.0,0.0
190.7507002503687,62.37222042818332,12.599999999999882,0.0,0.0,0.0
190.76961557578628,62.37703219751703,12.599999999999879,0.0,0.0,0.0
190.78853697179312,62.38184140072314,12.59999999999988,0.0,0.0,0.0
190.80746443833726,62.386648036453664,12.59999999999988,0.0,0.0,0.0
190.82639797536208,62.391452103360386,12.599999999999877,0.0,0.0,0.0
190.8453375828065,62.39625360009487,12.599999999999877,0.0,0.0,0.0
190.8642832606047,62.4010525253085,12.59999999999988,0.0,0.0,0.0
190.88323500868626,62.40584887765239,12.599999999999877,0.0,0.0,0.0
190.90219282697623,62.410642655777494,12.599999999999877,0.0,0.0,0.0
190.92115671539497,62.4154338583345,12.599999999999875,0.0,0.0,0.0
190.94012667385823,62.42022248397394,12.599999999999875,0.0,0.0,0.0
190.9591027022771,62.4250085313461,12.599999999999875,0.0,0.0,0.0
190.97808480055807,62.42979199910105,12.599999999999875,0.0,0.0,0.0
190.9970729686029,62.434572885888706,12.599999999999874,0.0,0.0,0.0
191.01606720630883,62.439351190358714,12.599999999999874,0.0,0.0,0.0
191.03506751356832,62.44412691116056,12.59999999999987,0.0,0.0,0.0
191.0540738902692,62.44890004694349,12.599999999999874,0.0,0.0,0.0
191.0730863362946,62.45367059635659,12.599999999999872,0.0,0.0,0.0
191.09210485152306,62.45843855804869,12.599999999999872,0.0,0.0,0.0
191.1111294358283,62.46320393066847,12.599999999999868,0.0,0.0,0.0
191.13016008907945,62.46796671286437,12.599999999999866,0.0,0.0,0.0
191.14919681114094,62.47272690328465,12.599999999999866,0.0,0.0,0.0
191.16823960187233,62.47748450057738,12.599999999999866,0.0,0.0,0.0
191.18728846112876,62.482239503390424,12.599999999999865,0.0,0.0,0.0
191.2063433887604,62.486991910371444,12.599999999999866,0.0,0.0,0.0
191.22540438461277,62.491741720167916,12.599999999999865,0.0,0.0,0.0
191.24447144852675,62.496488931427116,12.599999999999865,0.0,0.0,0.0
191.2635445803383,62.50123354279614,12.599999999999863,0.0,0.0,0.0
191.28262377987886,62.50597555292188,12.599999999999863,0.0,0.0,0.0
191.30170904697493,62.51071496045105,12.599999999999863,0.0,0.0,0.0
191.32080038144835,62.51545176403014,12.599999999999861,0.0,0.0,0.0
191.33989778311613,62.52018596230552,12.599999999999863,0.0,0.0,0.0
191.35900125179063,62.524917553923295,12.59999999999986,0.0,0.0,0.0
191.3781107872793,62.52964653752946,12.59999999999986,0.0,0.0,0.0
191.3972263893849,62.53437291176975,12.599999999999858,0.0,0.0,0.0
191.41634805790537,62.53909667528979,12.599999999999856,0.0,0.0,0.0
191.43547579263387,62.543817826734966,12.599999999999858,0.0,0.0,0.0
191.45460959335873,62.54853636475052,12.599999999999856,0.0,0.0,0.0
191.47374945986348,62.55325228798148,12.599999999999856,0.0,0.0,0.0
191.49289539192688,62.55796559507271,12.599999999999856,0.0,0.0,0.0
191.51204738932284,62.56267628466894,12.599999999999854,0.0,0.0,0.0
191.53120545182043,62.56738435541463,12.599999999999852,0.0,0.0,0.0
191.5503695791839,62.572089805954164,12.599999999999852,0.0,0.0,0.0
191.5695397711727,62.576792634931685,12.59999999999985,0.0,0.0,0.0
191.58871602754138,62.58149284099118,12.599999999999852,0.0,0.0,0.0
191.60789834803967,62.586190422776475,12.59999999999985,0.0,0.0,0.0
191.62708673241244,62.59088537893122,12.59999999999985,0.0,0.0,0.0
191.64628118039968,62.59557770809889,12.59999999999985,0.0,0.0,0.0
191.66548169173655,62.6002674089228,12.599999999999847,0.0,0.0,0.0
191.6846882661533,62.604954480046075,12.599999999999847,0.0,0.0,0.0
191.70390090337528,62.60963892011171,12.599999999999847,0.0,0.0,0.0
191.72311960312305,62.61432072776252,12.599999999999843,0.0,0.0,0.0
191.74234436511213,62.618999901641146,12.599999999999845,0.0,0.0,0.0
191.7615751890533,62.62367644039005,12.599999999999845,0.0,0.0,0.0
191.78081207465232,62.628350342651586,12.599999999999843,0.0,0.0,0.0
191.80005502161004,62.63302160706792,12.599999999999843,0.0,0.0,0.0
191.81930402962243,62.63769023228102,12.599999999999843,0.0,0.0,0.0
191.83855909838056,62.64235621693278,12.599999999999843,0.0,0.0,0.0
191.8578202275705,62.647019559664855,12.59999999999984,0.0,0.0,0.0
191.87708741687345,62.651680259118784,12.59999999999984,0.0,0.0,0.0
191.8963606659656,62.656338313935954,12.599999999999838,0.0,0.0,0.0
191.91563997451826,62.66099372275758,12.59999999999984,0.0,0.0,0.0
191.9349253421977,62.66564648422476,12.599999999999836,0.0,0.0,0.0
191.9542167686653,62.67029659697838,12.599999999999838,0.0,0.0,0.0
191.97351425357746,62.674944059659246,12.599999999999836,0.0,0.0,0.0
191.9928177965856,62.67958887090796,12.599999999999833,0.0,0.0,0.0
192.0121273973361,62.68423102936501,12.599999999999834,0.0,0.0,0.0
192.03144305547045,62.688870533670716,12.599999999999834,0.0,0.0,0.0
192.05076477062508,62.693507382465285,12.599999999999834,0.0,0.0,0.0
192.07009254243144,62.69814157438874,12.599999999999831,0.0,0.0,0.0
192.08942637051595,62.70277310808099,12.599999999999831,0.0,0.0,0.0
192.10876625450013,62.70740198218178,12.59999999999983,0.0,0.0,0.0
192.12811219400027,62.712028195330745,12.599999999999831,0.0,0.0,0.0
192.14746418862785,62.71665174616736,12.599999999999827,0.0,0.0,0.0
192.16682223798918,62.72127263333096,12.599999999999827,0.0,0.0,0.0
192.18618634168564,62.725890855460754,12.599999999999827,0.0,0.0,0.0
192.20555649931345,62.73050641119582,12.599999999999827,0.0,0.0,0.0
192.22493271046383,62.73511929917506,12.599999999999826,0.0,0.0,0.0
192.244314974723,62.73972951803732,12.599999999999826,0.0,0.0,0.0
192.26370329167204,62.744337066421245,12.599999999999824,0.0,0.0,0.0
192.28309766088702,62.748941942965395,12.599999999999824,0.0,0.0,0.0
192.30249808193886,62.75354414630816,12.599999999999822,0.0,0.0,0.0
192.3219045543935,62.75814367508782,12.599999999999822,0.0,0.0,0.0
192.34131707781177,62.76274052794257,12.599999999999822,0.0,0.0,0.0
192.36073565174928,62.76733470351039,12.599999999999822,0.0,0.0,0.0
192.3801602757567,62.77192620042923,12.599999999999818,0.0,0.0,0.0
192.39959094937956,62.77651501733685,12.599999999999818,0.0,0.0,0.0
192.41902767215822,62.78110115287091,12.599999999999818,0.0,0.0,0.0
192.43847044362792,62.785684605668955,12.599999999999818,0.0,0.0,0.0
192.45791926331887,62.79026537436842,12.599999999999815,0.0,0.0,0.0
192.47737413075606,62.79484345760658,12.599999999999815,0.0,0.0,0.0
192.49683504545942,62.799418854020665,12.599999999999817,0.0,0.0,0.0
192.51630200694368,62.80399156224771,12.599999999999815,0.0,0.0,0.0
192.53577501471838,62.80856158092468,12.599999999999815,0.0,0.0,0.0
192.55525406828806,62.81312890868843,12.599999999999813,0.0,0.0,0.0
192.5747391671519,62.817693544175675,12.599999999999813,0.0,0.0,0.0
192.5942303108041,62.82225548602305,12.599999999999815,0.0,0.0,0.0
192.61372749873354,62.82681473286706,12.599999999999811,0.0,0.0,0.0
192.63323073042406,62.83137128334411,12.59999999999981,0.0,0.0,0.0
192.65274000535416,62.835925136090516,12.599999999999811,0.0,0.0,0.0
192.67225532299727,62.84047628974243,12.59999999999981,0.0,0.0,0.0
192.69177668282154,62.845024742935976,12.59999999999981,0.0,0.0,0.0
192.71130408429,62.84957049430713,12.59999999999981,0.0,0.0,0.0
192.73083752686043,62.85411354249174,12.599999999999808,0.0,0.0,0.0
192.75037700998536,62.85865388612564,12.59999999999981,0.0,0.0,0.0
192.76992253311212,62.86319152384447,12.599999999999804,0.0,0.0,0.0
192.78947409568286,62.867726454283854,12.599999999999804,0.0,0.0,0.0
192.80903169713443,62.87225867607924,12.599999999999806,0.0,0.0,0.0
192.82859533689847,62.876788187866055,12.599999999999802,0.0,0.0,0.0
192.84816501440136,62.881314988279584,12.599999999999806,0.0,0.0,0.0
192.86774072906428,62.88583907595502,12.599999999999804,0.0,0.0,0.0
192.88732248030306,62.890360449527506,12.599999999999806,0.0,0.0,0.0
192.90691026752833,62.89487910763203,12.599999999999804,0.0,0.0,0.0
192.92650409014544,62.899395048903564,12.5999999999998,0.0,0.0,0.0
192.94610394755446,62.90390827197693,12.5999999999998,0.0,0.0,0.0
192.96570983915015,62.9084187754869,12.599999999999799,0.0,0.0,0.0
192.98532176432204,62.912926558068136,12.599999999999799,0.0,0.0,0.0
