galstreams/tracks/track.po.20.0-1.mateu2018.ecsv
# %ECSV 0.9
# ---
# datatype:
# - {name: ra, unit: deg, datatype: float64}
# - {name: dec, unit: deg, datatype: float64}
# - {name: distance, unit: kpc, datatype: float64}
# - {name: pm_ra_cosdec, unit: mas / yr, datatype: float64}
# - {name: pm_dec, unit: mas / yr, datatype: float64}
# - {name: radial_velocity, unit: km / s, datatype: float64}
# delimiter: ','
# meta: !!omap
# - __serialized_columns__:
#     dec:
#       __class__: astropy.coordinates.angles.Latitude
#       unit: &id001 !astropy.units.Unit {unit: deg}
#       value: !astropy.table.SerializedColumn {name: dec}
#     distance:
#       __class__: astropy.coordinates.distances.Distance
#       unit: !astropy.units.Unit {unit: kpc}
#       value: !astropy.table.SerializedColumn {name: distance}
#     pm_dec:
#       __class__: astropy.units.quantity.Quantity
#       unit: !astropy.units.Unit {unit: mas / yr}
#       value: !astropy.table.SerializedColumn {name: pm_dec}
#     pm_ra_cosdec:
#       __class__: astropy.units.quantity.Quantity
#       unit: !astropy.units.Unit {unit: mas / yr}
#       value: !astropy.table.SerializedColumn {name: pm_ra_cosdec}
#     ra:
#       __class__: astropy.coordinates.angles.Longitude
#       unit: *id001
#       value: !astropy.table.SerializedColumn {name: ra}
#       wrap_angle: !astropy.coordinates.Angle
#         unit: *id001
#         value: 360.0
#     radial_velocity:
#       __class__: astropy.units.quantity.Quantity
#       unit: !astropy.units.Unit {unit: km / s}
#       value: !astropy.table.SerializedColumn {name: radial_velocity}
# schema: astropy-2.0
ra,dec,distance,pm_ra_cosdec,pm_dec,radial_velocity
280.22587880281264,-41.031405104116125,27.652558643617432,0.0,0.0,0.0
280.43634719677107,-40.938292717063014,27.649480992874032,0.0,0.0,0.0
280.6461564904086,-40.844722807148536,27.646296561559065,0.0,0.0,0.0
280.85530744182813,-40.75069806216181,27.643005412794704,0.0,0.0,0.0
281.063800854991,-40.65622116165367,27.639607611527968,0.0,0.0,0.0
281.27163757891003,-40.56129477676678,27.636103224528526,0.0,0.0,0.0
281.4788185068471,-40.46592157007038,27.632492320386522,0.0,0.0,0.0
281.6853445755144,-40.37010419539937,27.62877496951031,0.0,0.0,0.0
281.89121676428016,-40.27384529769823,27.62495124412423,0.0,0.0,0.0
282.0964360943798,-40.177147512868935,27.62102121826633,0.0,0.0,0.0
282.3010036281312,-40.080013467623715,27.61698496778608,0.0,0.0,0.0
282.5049204681551,-39.98244577934194,27.61284257034206,0.0,0.0,0.0
282.7081877566009,-39.884447055931446,27.608594105399636,0.0,0.0,0.0
282.9108066743782,-39.78601989569389,27.60423965422857,0.0,0.0,0.0
283.11277844039284,-39.68716688719464,27.59977929990072,0.0,0.0,0.0
283.31410431078996,-39.58789060913649,27.59521312728755,0.0,0.0,0.0
283.5147855782017,-39.48819363023789,27.590541223057787,0.0,0.0,0.0
283.7148235710021,-39.3880785091147,27.585763675674958,0.0,0.0,0.0
283.9142196525671,-39.28754779416639,27.58088057539494,0.0,0.0,0.0
284.1129752205414,-39.18660402346606,27.575892014263466,0.0,0.0,0.0
284.3110917061114,-39.085249724654304,27.570798086113644,0.0,0.0,0.0
284.50857057328506,-38.98348741483689,27.565598886563443,0.0,0.0,0.0
284.7054133181778,-38.88131960048627,27.560294513013133,0.0,0.0,0.0
284.9016214683058,-38.77874877734695,27.554885064642754,0.0,0.0,0.0
285.09719658188516,-38.67577743034441,27.549370642409514,0.0,0.0,0.0
285.29214024713906,-38.57240803349755,27.54375134904519,0.0,0.0,0.0
285.4864540816111,-38.468643049834974,27.538027289053538,0.0,0.0,0.0
285.6801397314862,-38.36448493131451,27.532198568707635,0.0,0.0,0.0
285.87319887091763,-38.25993611874654,27.5262652960472,0.0,0.0,0.0
286.0656332013633,-38.154999041720345,27.520227580875943,0.0,0.0,0.0
286.2574444509268,-38.049676118534066,27.514085534758884,0.0,0.0,0.0
286.4486343737077,-37.94396975612786,27.507839271019563,0.0,0.0,0.0
286.63920474915807,-37.83788235002053,27.5014889047374,0.0,0.0,0.0
286.829157381447,-37.73141628424888,27.495034552744848,0.0,0.0,0.0
287.01849409883243,-37.62457393131066,27.488476333624664,0.0,0.0,0.0
287.2072167530404,-37.51735765211038,27.481814367707116,0.0,0.0,0.0
287.39532721865174,-37.40976979590827,27.475048777067137,0.0,0.0,0.0
287.5828273924965,-37.301812700272095,27.468179685521513,0.0,0.0,0.0
287.7697191930557,-37.19348869103191,27.461207218626004,0.0,0.0,0.0
287.9560045598714,-37.08480008223783,27.454131503672496,0.0,0.0,0.0
288.1416854529631,-36.97574917612053,27.446952669686073,0.0,0.0,0.0
288.32676385225255,-36.86633826305443,27.439670847422143,0.0,0.0,0.0
288.51124175699664,-36.7565696215237,27.432286169363483,0.0,0.0,0.0
288.6951211852268,-36.64644551809091,27.42479876971725,0.0,0.0,0.0
288.87840417319677,-36.535968207368406,27.41720878441207,0.0,0.0,0.0
289.0610927748376,-36.42513993199197,27.40951635109502,0.0,0.0,0.0
289.24318906122085,-36.31396292259723,27.40172160912859,0.0,0.0,0.0
289.4246951200286,-36.202439397798415,27.3938246995877,0.0,0.0,0.0
289.6056130550316,-36.090571564169764,27.38582576525657,0.0,0.0,0.0
289.7859449855747,-35.978361616228845,27.37772495062577,0.0,0.0,0.0
289.9656930460701,-35.86581173642259,27.369522401888997,0.0,0.0,0.0
290.1448593854977,-35.752924095115404,27.361218266940067,0.0,0.0,0.0
290.3234461669135,-35.6397008505797,27.35281269536972,0.0,0.0,0.0
290.501455566965,-35.526144148988244,27.344305838462514,0.0,0.0,0.0
290.67888977541406,-35.412256124408934,27.335697849193604,0.0,0.0,0.0
290.8557509946679,-35.298038898801565,27.326988882225635,0.0,0.0,0.0
291.03204143931606,-35.18349458201668,27.31817909390543,0.0,0.0,0.0
291.207763335676,-35.06862527179621,27.309268642260854,0.0,0.0,0.0
291.38291892134583,-34.95343305377631,27.3002576869975,0.0,0.0,0.0
291.5575104447631,-34.8379200014919,27.291146389495474,0.0,0.0,0.0
291.73154016477247,-34.72208817638331,27.281934912806058,0.0,0.0,0.0
291.90501035019923,-34.605939627804354,27.272623421648426,0.0,0.0,0.0
292.0779232794309,-34.48947639303248,27.263212082406334,0.0,0.0,0.0
292.25028124000494,-34.37270049728061,27.25370106312474,0.0,0.0,0.0
292.4220865282045,-34.25561395371049,27.244090533506437,0.0,0.0,0.0
292.59334144866,-34.138218763448016,27.23438066490869,0.0,0.0,0.0
292.76404831395894,-34.02051691559966,27.22457163033983,0.0,0.0,0.0
292.93420944426146,-33.90251038727095,27.214663604455772,0.0,0.0,0.0
293.1038271669228,-33.78420114358628,27.204656763556645,0.0,0.0,0.0
293.27290381612363,-33.66559113771006,27.194551285583255,0.0,0.0,0.0
293.4414417325056,-33.54668231086958,27.184347350113637,0.0,0.0,0.0
293.60944326281424,-33.42747659237909,27.174045138359542,0.0,0.0,0.0
293.7769107595487,-33.307975899665294,27.163644833162856,0.0,0.0,0.0
293.94384658061705,-33.188182138294366,27.153146618992135,0.0,0.0,0.0
294.1102530889993,-33.068097201999855,27.142550681938975,0.0,0.0,0.0
294.2761326524156,-32.94772297271224,27.13185720971442,0.0,0.0,0.0
294.4414876430015,-32.827061320589536,27.121066391645368,0.0,0.0,0.0
294.6063204369893,-32.706114104049234,27.11017841867093,0.0,0.0,0.0
294.7706334143953,-32.584883169801074,27.09919348333878,0.0,0.0,0.0
294.9344289587136,-32.46337035288134,27.088111779801476,0.0,0.0,0.0
295.09770945661586,-32.34157747668801,27.076933503812747,0.0,0.0,0.0
295.26047729765645,-32.21950635301711,27.0656588527238,0.0,0.0,0.0
295.4227348739848,-32.09715878209987,27.05428802547957,0.0,0.0,0.0
295.5844845800621,-31.97453655264116,27.042821222614926,0.0,0.0,0.0
295.7457288123852,-31.851641441858654,27.031258646250965,0.0,0.0,0.0
295.906469969215,-31.728475215523215,27.019600500091133,0.0,0.0,0.0
296.06671045031123,-31.605039627999787,27.007846989417423,0.0,0.0,0.0
296.2264526566731,-31.481336422289566,26.995998321086542,0.0,0.0,0.0
296.38569899028437,-31.357367330072677,26.984054703526017,0.0,0.0,0.0
296.5444518538648,-31.233134071752122,26.972016346730317,0.0,0.0,0.0
296.702713650627,-31.10863835649793,26.959883462256947,0.0,0.0,0.0
296.86048678403785,-30.98388188229259,26.947656263222473,0.0,0.0,0.0
297.01777365758596,-30.8588663359769,26.935334964298608,0.0,0.0,0.0
297.17457667455375,-30.73359339329685,26.922919781708195,0.0,0.0,0.0
297.33089823779505,-30.608064718950768,26.910410933221243,0.0,0.0,0.0
297.4867407495176,-30.48228196663752,26.897808638150856,0.0,0.0,0.0
297.6421066110705,-30.356246779105078,26.885113117349185,0.0,0.0,0.0
297.7969982227362,-30.229960788200064,26.872324593203405,0.0,0.0,0.0
297.9514179835283,-30.103425614917306,26.85944328963155,0.0,0.0,0.0
298.10536829099317,-29.976642869450572,26.846469432078454,0.0,0.0,0.0
298.2588515410168,-29.849614151243415,26.83340324751155,0.0,0.0,0.0
298.4118701276357,-29.722341049040892,26.820244964416762,0.0,0.0,0.0
298.5644264428539,-29.59482514094143,26.806994812794265,0.0,0.0,0.0
298.7165228764619,-29.467067994449444,26.793653024154306,0.0,0.0,0.0
298.8681618158629,-29.339071166528296,26.78021983151293,0.0,0.0,0.0
299.01934564590107,-29.21083620365376,26.766695469387752,0.0,0.0,0.0
299.17007674869564,-29.082364641867816,26.753080173793638,0.0,0.0,0.0
299.3203575034787,-28.953658006832963,26.739374182238443,0.0,0.0,0.0
299.4701902864371,-28.824717813886807,26.72557773371861,0.0,0.0,0.0
299.61957747055845,-28.695545568097103,26.711691068714842,0.0,0.0,0.0
299.76852142548154,-28.566142764317046,26.697714429187744,0.0,0.0,0.0
299.91702451735046,-28.43651088724101,26.68364805857335,0.0,0.0,0.0
300.0650891086729,-28.306651411460475,26.66949220177874,0.0,0.0,0.0
300.2127175581817,-28.17656580152035,26.655247105177565,0.0,0.0,0.0
300.3599122207011,-28.046255511975517,26.640913016605534,0.0,0.0,0.0
300.5066754470164,-27.915721987447636,26.626490185355937,0.0,0.0,0.0
300.6530095837467,-27.784966662682205,26.611978862175093,0.0,0.0,0.0
300.7989169732224,-27.65399096260589,26.597379299257778,0.0,0.0,0.0
300.9443999533651,-27.522796302383984,26.582691750242635,0.0,0.0,0.0
301.08946085757236,-27.39138408747816,26.567916470207585,0.0,0.0,0.0
301.23410201460416,-27.2597557137043,26.55305371566514,0.0,0.0,0.0
301.37832574847477,-27.12791256729063,26.538103744557773,0.0,0.0,0.0
301.5221343783463,-26.995856024935904,26.52306681625318,0.0,0.0,0.0
301.66553021842645,-26.86358745386774,26.50794319153961,0.0,0.0,0.0
301.80851557786906,-26.731108211901184,26.49273313262107,0.0,0.0,0.0
301.95109276067825,-26.59841964749729,26.477436903112547,0.0,0.0,0.0
302.0932640656153,-26.4655230998218,26.462054768035234,0.0,0.0,0.0
302.23503178610895,-26.332419898804037,26.446586993811678,0.0,0.0,0.0
302.3763982101681,-26.199111365195726,26.431033848260913,0.0,0.0,0.0
302.5173656202984,-26.065598810630032,26.415395600593584,0.0,0.0,0.0
302.6579362934208,-25.931883537680516,26.39967252140701,0.0,0.0,0.0
302.7981125007938,-25.79796683992026,26.38386488268025,0.0,0.0,0.0
302.937896507938,-25.663850001980958,26.36797295776915,0.0,0.0,0.0
303.07729057456334,-25.529534299612074,26.351997021401314,0.0,0.0,0.0
303.2162969544994,-25.395020999739963,26.335937349671045,0.0,0.0,0.0
303.3549178956284,-25.26031136052709,26.31979422003436,0.0,0.0,0.0
303.4931556398201,-25.12540663143114,26.303567911303823,0.0,0.0,0.0
303.63101242287064,-24.990308053264226,26.287258703643474,0.0,0.0,0.0
303.76849047444216,-24.85501685825198,26.27086687856364,0.0,0.0,0.0
303.9055920180062,-24.719534270092666,26.254392718915806,0.0,0.0,0.0
304.0423192707894,-24.583861504016287,26.237836508887355,0.0,0.0,0.0
304.1786744437207,-24.44799976684356,26.22119853399636,0.0,0.0,0.0
304.314659741382,-24.3119502570449,26.204479081086298,0.0,0.0,0.0
304.4502773619603,-24.17571416479937,26.18767843832075,0.0,0.0,0.0
304.58552949720246,-24.03929267205346,26.170796895178082,0.0,0.0,0.0
304.72041833237233,-23.902686952579906,26.15383474244607,0.0,0.0,0.0
304.8549460462094,-23.765898172036344,26.136792272216503,0.0,0.0,0.0
304.9891148108903,-23.628927488023916,26.11966977787979,0.0,0.0,0.0
305.1229267919921,-23.491776050145774,26.10246755411943,0.0,0.0,0.0
305.25638414845736,-23.35444500006548,26.08518589690661,0.0,0.0,0.0
305.3894890325617,-23.216935471565268,26.06782510349465,0.0,0.0,0.0
305.52224358988315,-23.079248590604248,26.050385472413407,0.0,0.0,0.0
305.65464995927323,-22.941385475376464,26.032867303463753,0.0,0.0,0.0
305.78671027283,-22.80334723636878,26.01527089771195,0.0,0.0,0.0
305.91842665587325,-22.66513497641872,25.997596557483956,0.0,0.0,0.0
306.04980122692115,-22.52674979077211,25.97984458635978,0.0,0.0,0.0
306.18083609766893,-22.388192767140612,25.962015289167745,0.0,0.0,0.0
306.3115333729689,-22.249464985759072,25.944108971978775,0.0,0.0,0.0
306.44189515081297,-22.110567519442746,25.926125942100562,0.0,0.0,0.0
306.57192352231584,-21.971501433644395,25.90806650807178,0.0,0.0,0.0
306.70162057170074,-21.832267786511167,25.889930979656242,0.0,0.0,0.0
306.8309883762861,-21.692867628941332,25.871719667836985,0.0,0.0,0.0
306.9600290064741,-21.553302004640862,25.85343288481039,0.0,0.0,0.0
307.0887445257411,-21.413571950179854,25.835070943980178,0.0,0.0,0.0
307.21713699062866,-21.273678495048724,25.816634159951498,0.0,0.0,0.0
307.3452084507371,-21.133622661714277,25.79812284852482,0.0,0.0,0.0
307.4729609487196,-20.993405465675536,25.779537326689944,0.0,0.0,0.0
307.6003965202785,-20.853027915519483,25.76087791261988,0.0,0.0,0.0
307.72751719416215,-20.71249101297647,25.742144925664718,0.0,0.0,0.0
307.8543249921642,-20.57179575297559,25.723338686345475,0.0,0.0,0.0
307.9808219291231,-20.4309431236997,25.704459516347892,0.0,0.0,0.0
308.1070100129237,-20.289934106640395,25.685507738516215,0.0,0.0,0.0
308.23289124449957,-20.148769676652655,25.66648367684688,0.0,0.0,0.0
308.3584676178372,-20.007450802009384,25.64738765648229,0.0,0.0,0.0
308.48374111998083,-19.865978444455692,25.628220003704367,0.0,0.0,0.0
308.6087137310386,-19.72435355926295,25.608981045928253,0.0,0.0,0.0
308.73338742419037,-19.582577095282726,25.58967111169587,0.0,0.0,0.0
308.85776416569587,-19.440649995000364,25.570290530669467,0.0,0.0,0.0
308.98184591490474,-19.29857319458853,25.550839633625113,0.0,0.0,0.0
309.1056346242669,-19.156347623960386,25.5313187524462,0.0,0.0,0.0
309.229132239345,-19.01397420682261,25.511728220116872,0.0,0.0,0.0
309.3523406988268,-18.8714538607282,25.492068370715383,0.0,0.0,0.0
309.4752619345395,-18.728787497129066,25.472339539407546,0.0,0.0,0.0
309.5978978714641,-18.58597602142838,25.45254206243995,0.0,0.0,0.0
309.72025042775226,-18.44302033303269,25.43267627713333,0.0,0.0,0.0
309.8423215147423,-18.299921325403815,25.412742521875753,0.0,0.0,0.0
309.9641130369774,-18.156679886110588,25.392741136115884,0.0,0.0,0.0
310.0856268922244,-18.013296896880234,25.372672460356092,0.0,0.0,0.0
310.20686497149325,-17.86977323364966,25.352536836145653,0.0,0.0,0.0
310.32782915905767,-17.72610976661641,25.33233460607375,0.0,0.0,0.0
310.4485213324764,-17.58230736028944,25.312066113762654,0.0,0.0,0.0
310.5689433626154,-17.438366873539675,25.291731703860606,0.0,0.0,0.0
310.6890971136711,-17.294289159650294,25.271331722034883,0.0,0.0,0.0
310.808984443194,-17.15007506636682,25.250866514964684,0.0,0.0,0.0
310.92860720211314,-17.005725435946957,25.230336430334063,0.0,0.0,0.0
311.04796723476187,-16.861241105210198,25.209741816824774,0.0,0.0,0.0
311.1670663789037,-16.716622905587194,25.189083024109074,0.0,0.0,0.0
311.2859064657592,-16.571871663168928,25.168360402842506,0.0,0.0,0.0
311.4044893200334,-16.42698819875558,25.14757430465665,0.0,0.0,0.0
311.5228167599444,-16.281973327905273,25.126725082151825,0.0,0.0,0.0
