galstreams/tracks/track.st.Orphan-Chenab.ibata2021.ecsv
# %ECSV 0.9
# ---
# datatype:
# - {name: ra, unit: deg, datatype: float64}
# - {name: dec, unit: deg, datatype: float64}
# - {name: distance, unit: kpc, datatype: float64}
# - {name: pm_ra_cosdec, unit: mas / yr, datatype: float64}
# - {name: pm_dec, unit: mas / yr, datatype: float64}
# - {name: radial_velocity, unit: km / s, datatype: float64}
# delimiter: ','
# meta: !!omap
# - __serialized_columns__:
#     dec:
#       __class__: astropy.coordinates.angles.Latitude
#       unit: &id001 !astropy.units.Unit {unit: deg}
#       value: !astropy.table.SerializedColumn {name: dec}
#     distance:
#       __class__: astropy.coordinates.distances.Distance
#       unit: !astropy.units.Unit {unit: kpc}
#       value: !astropy.table.SerializedColumn {name: distance}
#     pm_dec:
#       __class__: astropy.units.quantity.Quantity
#       unit: !astropy.units.Unit {unit: mas / yr}
#       value: !astropy.table.SerializedColumn {name: pm_dec}
#     pm_ra_cosdec:
#       __class__: astropy.units.quantity.Quantity
#       unit: !astropy.units.Unit {unit: mas / yr}
#       value: !astropy.table.SerializedColumn {name: pm_ra_cosdec}
#     ra:
#       __class__: astropy.coordinates.angles.Longitude
#       unit: *id001
#       value: !astropy.table.SerializedColumn {name: ra}
#       wrap_angle: !astropy.coordinates.Angle
#         unit: *id001
#         value: 360.0
#     radial_velocity:
#       __class__: astropy.units.quantity.Quantity
#       unit: !astropy.units.Unit {unit: km / s}
#       value: !astropy.table.SerializedColumn {name: radial_velocity}
# schema: astropy-2.0
ra,dec,distance,pm_ra_cosdec,pm_dec,radial_velocity
[from data line 6668]
169.72744428726253,-22.66473465239471,14.247228067799758,-2.697737263314783,2.0670478376461094,8.420767129872338e-15
169.73103280402805,-22.674176384028623,14.246473940667391,-2.6981149215474862,2.06754379895861,5.0524602779234026e-14
169.73462142075033,-22.683618182013923,14.245720613476765,-2.6984925737145677,2.0680396681970823,4.210383564936169e-14
169.73821013748707,-22.6930600463877,14.244968086362642,-2.698870219801601,2.0685354453051907,3.368306851948935e-14
169.74179895429614,-22.702501977186998,14.244216359459784,-2.699247859794146,2.069031130226603,-8.420767129872338e-15
169.74538787123524,-22.71194397444893,14.243465432902955,-2.699625493677756,2.0695267229049947,5.0524602779234026e-14
169.7489768883622,-22.721386038210575,14.242715306826911,-2.7000031214379714,2.0700222232840435,1.6841534259744676e-14
169.75256600573488,-22.730828168509067,14.241965981366416,-2.700380743060322,2.0705176313074323,4.210383564936169e-14
169.75615522341113,-22.740270365381534,14.241217456656237,-2.700758358530326,2.071012946918847,0.0
169.75974454144873,-22.749712628865094,14.24046973283113,-2.7011359678334923,2.071508170061983,-8.420767129872338e-15
169.76333395990557,-22.759154958996945,14.239722810025857,-2.701513570955319,2.072003300680535,2.5262301389617013e-14
169.76692347883954,-22.768597355814222,14.238976688375176,-2.7018911678812922,2.0724983387182068,1.6841534259744676e-14
169.77051309830856,-22.778039819354134,14.238231368013862,-2.7022687585968863,2.0729932841187027,0.0
169.77410281837047,-22.78748234965388,14.237486849076658,-2.7026463430875696,2.073488136825736,1.6841534259744676e-14
169.77769263908323,-22.796924946750654,14.236743131698343,-2.7030239213387928,2.07398289678302,-3.368306851948935e-14
169.78128256050476,-22.806367610681697,14.23600021601367,-2.703401493336,2.0744775639342783,3.368306851948935e-14
169.78487258269303,-22.815810341484244,14.235258102157395,-2.7037790590646265,2.0749721382232336,3.368306851948935e-14
169.78846270570594,-22.825253139195564,14.234516790264298,-2.7041566185100896,2.075466619593618,8.420767129872338e-15
169.79205292960154,-22.834696003852905,14.233776280469115,-2.7045341716578033,2.0759610079891644,-3.368306851948935e-14
169.79564325443778,-22.84413893549357,14.233036572906629,-2.704911718493166,2.076455303353615,-8.420767129872338e-15
169.79923368027266,-22.853581934154846,14.232297667711592,-2.7052892590015682,2.0769495056307106,-8.420767129872338e-15
169.80282420716424,-22.863024999874032,14.231559565018765,-2.705666793168387,2.0774436147642024,-2.5262301389617013e-14
169.80641483517047,-22.87246813268849,14.230822264962914,-2.70604432097899,2.0779376306978437,-5.894536990910637e-14
169.81000556434944,-22.881911332635497,14.230085767678801,-2.706421842418733,2.078431553375392,0.0
169.81359639475923,-22.891354599752464,14.229350073301182,-2.7067993574729647,2.0789253827406124,-4.210383564936169e-14
169.81718732645788,-22.90079793407672,14.228615181964825,-2.7071768661270146,2.07941911873727,1.6841534259744676e-14
169.8207783595035,-22.910241335645672,14.227881093804488,-2.7075543683662118,2.0799127613091404,3.368306851948935e-14
169.82436949395418,-22.91968480449671,14.227147808954928,-2.7079318641758667,2.080406310399997,-8.420767129872338e-15
169.827960729868,-22.92912834066722,14.226415327550916,-2.7083093535412814,2.0808997659536264,-1.6841534259744676e-14
169.83155206730316,-22.938571944194646,14.225683649727209,-2.708686836447748,2.0813931279138127,2.5262301389617013e-14
169.83514350631776,-22.948015615116404,14.224952775618569,-2.7090643128805465,2.0818863962243457,0.0
169.83873504696996,-22.957459353469982,14.224222705359756,-2.7094417828249466,2.082379570829027,8.420767129872338e-15
169.84232668931793,-22.966903159292794,14.223493439085537,-2.709819246266206,2.082872651671651,0.0
169.84591843341988,-22.976347032622357,14.222764976930664,-2.710196703189574,2.083365638696029,-3.368306851948935e-14
169.84951027933397,-22.985790973496158,14.222037319029907,-2.710574153580286,2.0838585318459693,-2.5262301389617013e-14
169.85310222711846,-22.995234981951672,14.221310465518021,-2.710951597423569,2.084351331065287,-4.210383564936169e-14
169.85669427683152,-23.00467905802645,14.220584416529778,-2.7113290347046366,2.084844036297803,-2.5262301389617013e-14
169.86028642853142,-23.014123201758007,14.219859172199929,-2.7117064654086933,2.0853366474873396,-1.6841534259744676e-14
169.86387868227644,-23.023567413183915,14.219134732663242,-2.7120838895209327,2.0858291645777296,-1.6841534259744676e-14
169.86747103812482,-23.033011692341713,14.218411098054473,-2.7124613070265373,2.0863215875128054,8.420767129872338e-15
169.87106349613487,-23.042456039268995,14.217688268508391,-2.712838717910675,2.0868139162364057,-3.368306851948935e-14
169.87465605636487,-23.05190045400335,14.21696624415975,-2.713216122158512,2.0873061506923754,-3.368306851948935e-14
169.87824871887315,-23.061344936582337,14.216245025143317,-2.713593519755193,2.087798290824562,-8.420767129872338e-15
169.881841483718,-23.07078948704364,14.215524611593853,-2.713970910685859,2.08829033657682,0.0
169.8854343509578,-23.080234105424854,14.214805003646115,-2.7143482949356352,2.088782287893008,1.6841534259744676e-14
169.8890273206509,-23.08967879176363,14.214086201434869,-2.7147256724896396,2.0892741447169847,0.0
169.89262039285566,-23.09912354609764,14.213368205094875,-2.7151030433329777,2.0897659069926227,-8.420767129872338e-15
169.8962135676305,-23.10856836846453,14.212651014760894,-2.715480407450745,2.0902575746637915,-1.6841534259744676e-14
169.89980684503374,-23.118013258902025,14.211934630567688,-2.7158577648280233,2.0907491476743707,1.6841534259744676e-14
169.90340022512387,-23.127458217447785,14.211219052650026,-2.716235115449887,2.0912406259682372,0.0
169.9069937079593,-23.136903244139567,14.210504281142656,-2.716612459301397,2.091732009489285,2.5262301389617013e-14
169.91058729359844,-23.14634833901507,14.20979031618035,-2.716989796367603,2.0922232981813993,-3.368306851948935e-14
169.9141809820998,-23.155793502112054,14.209077157897863,-2.7173671266335466,2.0927144919884793,-2.5262301389617013e-14
169.9177747735218,-23.165238733468275,14.208364806429964,-2.7177444500842562,2.093205590854425,-3.368306851948935e-14
169.92136866792296,-23.174684033121494,14.207653261911405,-2.7181217667047504,2.0936965947231423,-3.368306851948935e-14
169.92496266536173,-23.184129401109512,14.206942524476958,-2.7184990764800325,2.094187503538545,-8.420767129872338e-15
169.92855676589667,-23.193574837470123,14.206232594261378,-2.718876379395103,2.0946783172445427,-8.420767129872338e-15
169.93215096958633,-23.203020342241132,14.205523471399427,-2.7192536754349446,2.0951690357850588,-8.420767129872338e-15
169.9357452764892,-23.212465915460378,14.204815156025868,-2.71963096458453,2.095659659104018,1.6841534259744676e-14
169.93933968666386,-23.22191155716571,14.20410764827546,-2.720008246828825,2.0961501871453514,-8.420767129872338e-15
169.94293420016888,-23.231357267394976,14.203400948282969,-2.720385522152779,2.0966406198529906,5.0524602779234026e-14
169.94652881706287,-23.240803046186034,14.202695056183156,-2.7207627905413347,2.0971309571708785,-4.210383564936169e-14
169.9501235374044,-23.25024889357679,14.201989972110779,-2.72114005197942,2.097621199042955,-3.368306851948935e-14
169.95371836125207,-23.25969480960511,14.201285696200605,-2.7215173064519536,2.0981113454131726,3.368306851948935e-14
169.95731328866455,-23.26914079430895,14.200582228587391,-2.7218945539438457,2.098601396225484,8.420767129872338e-15
169.96090831970048,-23.2785868477262,14.199879569405898,-2.7222717944399912,2.0990913514238465,2.5262301389617013e-14
169.9645034544185,-23.288032969894825,14.199177718790887,-2.722649027925278,2.0995812109522256,-8.420767129872338e-15
169.9680986928773,-23.297479160852774,14.198476676877123,-2.723026254384579,2.1000709747545883,-2.5262301389617013e-14
169.97169403513556,-23.306925420637995,14.197776443799368,-2.723403473802757,2.100560642774907,-4.210383564936169e-14
169.97528948125196,-23.316371749288493,14.197077019692385,-2.7237806861646647,2.1010502149571604,4.210383564936169e-14
169.97888503128527,-23.325818146842252,14.19637840469093,-2.724157891455147,2.10153969124533,1.6841534259744676e-14
169.98248068529418,-23.33526461333729,14.195680598929773,-2.72453508965903,2.102029071583405,-2.5262301389617013e-14
169.98607644333745,-23.344711148811633,14.194983602543664,-2.7249122807611372,2.102518355915375,-4.210383564936169e-14
169.98967230547385,-23.354157753303316,14.194287415667372,-2.725289464746275,2.103007544185241,5.0524602779234026e-14
169.99326827176213,-23.363604426850397,14.193592038435657,-2.7256666415992408,2.103496636337001,0.0
169.99686434226112,-23.37305116949093,14.192897470983281,-2.7260438113048204,2.1039856323146635,4.210383564936169e-14
170.0004605170296,-23.38249798126301,14.192203713445007,-2.7264209738477905,2.104474532062239,1.6841534259744676e-14
170.0040567961264,-23.39194486220472,14.191510765955591,-2.726798129212915,2.1049633355237454,-1.6841534259744676e-14
170.00765317961037,-23.4013918123542,14.190818628649804,-2.727175277384947,2.1054520426432015,-3.368306851948935e-14
170.0112496675403,-23.410838831749516,14.190127301662402,-2.727552418348627,2.1059406533646357,1.6841534259744676e-14
170.01484625997512,-23.420285920428867,14.18943678512814,-2.7279295520886886,2.1064291676320788,-3.368306851948935e-14
170.01844295697367,-23.429733078430367,14.188747079181793,-2.728306678589849,2.106917585389564,-2.5262301389617013e-14
170.02203975859484,-23.439180305792178,14.188058183958116,-2.728683797836818,2.1074059065811346,1.6841534259744676e-14
170.02563666489758,-23.44862760255251,14.18737009959187,-2.7290609098142946,2.1078941311508337,8.420767129872338e-15
170.02923367594076,-23.458074968749536,14.186682826217817,-2.729438014506963,2.1083822590427124,8.420767129872338e-15
170.0328307917834,-23.46752240442147,14.185996363970718,-2.729815111899502,2.1088702902008256,-8.420767129872338e-15
170.03642801248438,-23.476969909606535,14.185310712985336,-2.730192201976573,2.109358224569233,0.0
170.04002533810265,-23.48641748434294,14.184625873396435,-2.730569284722829,2.1098460620919983,2.5262301389617013e-14
170.04362276869728,-23.49586512866899,14.183941845338767,-2.730946360122915,2.1103338027131935,1.6841534259744676e-14
170.0472203043272,-23.50531284262289,14.183258628947103,-2.7313234281614607,2.1108214463768915,2.5262301389617013e-14
170.05081794505142,-23.514760626242975,14.182576224356204,-2.7317004888230856,2.111308993027172,1.6841534259744676e-14
170.054415690929,-23.524208479567477,14.181894631700834,-2.7320775420923975,2.1117964426081164,8.420767129872338e-15
170.05801354201898,-23.53365640263476,14.181213851115741,-2.7324545879539976,2.112283795063817,2.5262301389617013e-14
170.06161149838042,-23.543104395483123,14.1805338827357,-2.732831626392469,2.1127710503383677,1.6841534259744676e-14
170.06520956007236,-23.552552458150878,14.179854726695469,-2.7332086573923884,2.1132582083758638,0.0
170.0688077271539,-23.562000590676412,14.179176383129805,-2.7335856809383206,2.113745269120413,1.6841534259744676e-14
170.07240599968415,-23.571448793098053,14.178498852173481,-2.7339626970148174,2.1142322325161182,2.5262301389617013e-14
170.07600437772226,-23.580897065454213,14.177822133961245,-2.734339705606423,2.114719098507098,3.368306851948935e-14
170.0796028613273,-23.590345407783246,14.177146228627866,-2.7347167066976654,2.115205867037468,1.6841534259744676e-14
170.08320145055845,-23.599793820123597,14.176471136308106,-2.735093700273066,2.115692538051351,4.210383564936169e-14
170.08680014547485,-23.60924230251367,14.17579685713672,-2.735470686317135,2.1161791114928756,8.420767129872338e-15
170.0903989461357,-23.618690854991883,14.17512339124848,-2.735847664814367,2.1166655873061737,-1.6841534259744676e-14
170.09399785260018,-23.628139477596708,14.174450738778141,-2.7362246357492483,2.1171519654353834,2.5262301389617013e-14
170.0975968649275,-23.637588170366573,14.173778899860466,-2.736601599106255,2.1176382458246454,2.5262301389617013e-14
170.1011959831769,-23.647036933340004,14.173107874630213,-2.7369785548698538,2.1181244284181107,5.0524602779234026e-14
170.1047952074076,-23.65648576655545,14.172437663222151,-2.737355503024491,2.1186105131599273,1.6841534259744676e-14
170.10839453767883,-23.665934670051424,14.171768265771036,-2.7377324435546133,2.1190964999942548,3.368306851948935e-14
170.1119939740499,-23.67538364386648,14.17109968241163,-2.738109376444649,2.119582388865255,-8.420767129872338e-15
170.11559351658005,-23.68483268803909,14.170431913278696,-2.7384863016790177,2.1200681797170926,5.894536990910637e-14
170.11919316532862,-23.694281802607858,14.169764958506995,-2.7388632192421283,2.120553872493941,-2.5262301389617013e-14
170.1227929203549,-23.703730987611305,14.169098818231292,-2.7392401291183757,2.121039467139977,-8.420767129872338e-15
170.1263927817182,-23.713180243088033,14.168433492586342,-2.739617031292148,2.121524963599381,-2.5262301389617013e-14
170.1299927494779,-23.72262956907661,14.167768981706914,-2.739993925747815,2.122010361816339,-1.6841534259744676e-14
170.13359282369333,-23.732078965615667,14.167105285727763,-2.7403708124697466,2.122495661735044,-1.6841534259744676e-14
170.13719300442386,-23.741528432743788,14.166442404783657,-2.740747691442288,2.122980863299691,4.210383564936169e-14
170.14079329172893,-23.750977970499626,14.165780339009348,-2.7411245626497864,2.123465966454481,8.420767129872338e-15
170.14439368566786,-23.760427578921835,14.165119088539608,-2.741501426076565,2.1239509711436195,2.5262301389617013e-14
170.14799418630014,-23.76987725804905,14.16445865350919,-2.7418782817069474,2.1244358773113188,8.420767129872338e-15
170.15159479368518,-23.779327007919985,14.163799034052863,-2.7422551295252378,2.1249206849017916,-4.210383564936169e-14
170.1551955078824,-23.788776828573294,14.163140230305387,-2.742631969515733,2.1254053938592623,-1.6841534259744676e-14
170.1587963289513,-23.79822672004768,14.16248224240152,-2.743008801662717,2.125890004127953,0.0
170.16239725695135,-23.807676682381885,14.161825070476024,-2.7433856259504648,2.1263745156520963,3.368306851948935e-14
170.16599829194206,-23.817126715614613,14.161168714663663,-2.7437624423632383,2.1268589283759263,5.0524602779234026e-14
170.1695994339829,-23.82657681978464,14.160513175099199,-2.7441392508852864,2.127343242243683,2.5262301389617013e-14
170.17320068313347,-23.836026994930695,14.15985845191739,-2.7445160515008515,2.1278274571996127,-1.6841534259744676e-14
170.1768020394532,-23.845477241091583,14.159204545253004,-2.744892844194159,2.128311573187965,8.420767129872338e-15
170.18040350300174,-23.85492755830607,14.158551455240794,-2.7452696289494294,2.128795590152995,3.368306851948935e-14
170.18400507383862,-23.86437794661295,14.15789918201553,-2.7456464057508674,2.129279508038962,1.6841534259744676e-14
170.18760675202344,-23.87382840605108,14.157247725711969,-2.7460231745826666,2.1297633267901293,8.420767129872338e-15
170.1912085376158,-23.88327893665924,14.156597086464874,-2.7463999354290114,2.1302470463507697,-2.5262301389617013e-14
170.19481043067535,-23.89272953847633,14.155947264409,-2.7467766882740747,2.130730666665157,-2.5262301389617013e-14
170.19841243126163,-23.902180211541157,14.155298259679123,-2.7471534331020155,2.131214187677569,5.0524602779234026e-14
170.20201453943437,-23.911630955892626,14.154650072409993,-2.747530169896986,2.1316976093322912,-4.210383564936169e-14
170.20561675525323,-23.921081771569618,14.154002702736374,-2.747906898643122,2.1321809315736133,1.6841534259744676e-14
170.20921907877786,-23.930532658611025,14.153356150793028,-2.7482836193245515,2.1326641543458282,4.210383564936169e-14
170.21282151006795,-23.93998361705579,14.152710416714717,-2.748660331925392,2.1331472775932387,3.368306851948935e-14
