galstreams/tracks/track.st.M68.ibata2020.ecsv
# %ECSV 0.9
# ---
# datatype:
# - {name: ra, unit: deg, datatype: float64}
# - {name: dec, unit: deg, datatype: float64}
# - {name: distance, unit: kpc, datatype: float64}
# - {name: pm_ra_cosdec, unit: mas / yr, datatype: float64}
# - {name: pm_dec, unit: mas / yr, datatype: float64}
# - {name: radial_velocity, unit: km / s, datatype: float64}
# delimiter: ','
# meta: !!omap
# - __serialized_columns__:
#     dec:
#       __class__: astropy.coordinates.angles.Latitude
#       unit: &id001 !astropy.units.Unit {unit: deg}
#       value: !astropy.table.SerializedColumn {name: dec}
#     distance:
#       __class__: astropy.coordinates.distances.Distance
#       unit: !astropy.units.Unit {unit: kpc}
#       value: !astropy.table.SerializedColumn {name: distance}
#     pm_dec:
#       __class__: astropy.units.quantity.Quantity
#       unit: !astropy.units.Unit {unit: mas / yr}
#       value: !astropy.table.SerializedColumn {name: pm_dec}
#     pm_ra_cosdec:
#       __class__: astropy.units.quantity.Quantity
#       unit: !astropy.units.Unit {unit: mas / yr}
#       value: !astropy.table.SerializedColumn {name: pm_ra_cosdec}
#     ra:
#       __class__: astropy.coordinates.angles.Longitude
#       unit: *id001
#       value: !astropy.table.SerializedColumn {name: ra}
#       wrap_angle: !astropy.coordinates.Angle
#         unit: *id001
#         value: 360.0
#     radial_velocity:
#       __class__: astropy.units.quantity.Quantity
#       unit: !astropy.units.Unit {unit: km / s}
#       value: !astropy.table.SerializedColumn {name: radial_velocity}
# schema: astropy-2.0
ra,dec,distance,pm_ra_cosdec,pm_dec,radial_velocity
[from data line 141]
189.1347472311437,-33.23753418816917,4.228334682217851,-3.9633626157158126,7.504341450104494,-8.420767129872338e-15
189.1583841517136,-33.163195495072124,4.2299473115931825,-3.9615621983533966,7.473805360548147,3.368306851948935e-14
189.1822719989367,-33.08889257292753,4.2314659657609655,-3.9599857101243088,7.443482057169016,-8.420767129872338e-15
189.20641444042633,-33.01462585972668,4.232888489036074,-3.958637415531496,7.413381204858515,8.420767129872338e-15
189.23081513512417,-32.94039578960945,4.234212725733385,-3.957521585226116,7.383512463932902,1.6841534259744676e-14
189.25547773341683,-32.86620279282366,4.23543652016777,-3.956642496293215,7.3538854899991,8.420767129872338e-15
189.28040587725155,-32.792047295684505,4.236557716654107,-3.956004432539212,7.324509933819979,3.368306851948935e-14
189.3056032002514,-32.71792972053392,4.237574159507268,-3.955611684781089,7.295395441179217,0.0
189.3310733278288,-32.64385048569993,4.238483693042131,-3.9554685511370917,7.266551652745717,2.5262301389617013e-14
189.35681987729905,-32.56981000545612,4.239284161573567,-3.955579337318937,7.237988203937677,0.0
189.38284645799234,-32.49580868998097,4.2399734094164545,-3.9559483569252825,7.209714724786253,2.5262301389617013e-14
189.40915667136528,-32.42184694531748,4.240549280885666,-3.9565799317364627,7.181740839798985,4.210383564936169e-14
189.43575411111127,-32.347925173332655,4.241009620296078,-3.9574783920102754,7.154076167822877,2.5262301389617013e-14
189.46264236327002,-32.2740437716772,4.241352271962561,-3.958648076778779,7.126730321907285,4.210383564936169e-14
189.4898250063365,-32.20020313374533,4.241575080199997,-3.960093334145919,7.099712909166563,-8.420767129872338e-15
189.51730561136853,-32.12640364863472,4.241675889323254,-3.9618185215859594,7.073033530642585,-8.420767129872338e-15
189.54508774209395,-32.05264570110652,4.241652543647213,-3.9638280062424887,7.046701781167062,-8.420767129872338e-15
189.5731749550165,-31.978929671545686,4.241502887486742,-3.966126165228024,7.0207272492238335,0.0
189.60157079952114,-31.905255935921367,4.241224765156722,-3.968717385923966,6.995119516811019,0.0
189.6302788179783,-31.831624865747628,4.240816020972025,-3.9716060662809114,6.969888159303182,-2.5262301389617013e-14
189.65930254584734,-31.758036828044247,4.2402744992475245,-3.974796615119143,6.9450427453134855,2.5262301389617013e-14
189.68864551177901,-31.684492185297973,4.239598044298097,-3.978293452429207,6.920592836555859,4.210383564936169e-14
189.71831123771727,-31.610991295423798,4.238784500438619,-3.982101009672483,6.896547987707234,8.420767129872338e-15
189.7483032389999,-31.53753451172673,4.237831711983963,-3.986223730081627,6.872917746269927,2.5262301389617013e-14
189.77862502445862,-31.46412218286371,4.236737523249003,-3.9906660689607882,6.849711652434083,1.6841534259744676e-14
189.80928009651785,-31.39075465280599,4.235499778548617,-3.995432493985474,6.826939238940328,-8.420767129872338e-15
189.84027195129306,-31.317432260801695,4.234116322197677,-4.000527485501994,6.804610030942612,-8.420767129872338e-15
189.87160407868802,-31.24415534133887,4.232584998511058,-4.0059555368263675,6.782733545871297,1.6841534259744676e-14
189.90327996249115,-31.170924224108845,4.230903651803636,-4.011721154542551,6.7613192932964585,2.5262301389617013e-14
189.93530308047104,-31.09773923396997,4.229070126390286,-4.01782885879995,6.7403767747915495,-1.6841534259744676e-14
189.9676769044712,-31.02460069091176,4.2270822665858825,-4.024283183610064,6.719915483797362,8.420767129872338e-15
190.00040490050372,-30.95150891001958,4.2249379167053,-4.031088677142193,6.699944905486342,8.420767129872338e-15
190.03349052884226,-30.878464201439566,4.2226349210634115,-4.038249902018075,6.6804745166273225,0.0
190.06693724411403,-30.805466870344198,4.220171123975095,-4.045771435605375,6.661513785450669,1.6841534259744676e-14
190.10074849539103,-30.732517216898238,4.217544369755224,-4.053657870309961,6.643072171513886,0.0
190.13492772628032,-30.659615536225203,4.214752502718674,-4.06191381386677,6.625159125567746,4.210383564936169e-14
190.16947837501354,-30.58676211837437,4.211793367180317,-4.070543889629283,6.607784089422893,-1.6841534259744676e-14
190.20440387453536,-30.513957248288214,4.208664807455032,-4.079552736857419,6.59095649581706,2.5262301389617013e-14
190.2397076525914,-30.44120120577055,4.205364667857692,-4.08894501100383,6.574685768282833,0.0
190.27539313181478,-30.368494265455098,4.20189079270317,-4.098725383998421,6.558981321016087,0.0
190.31146372981257,-30.295836696774682,4.198241026306344,-4.108898544531068,6.543852558745037,3.368306851948935e-14
190.34792285925062,-30.22322876393106,4.194413212982086,-4.119469198332411,6.529308876600014,-1.6841534259744676e-14
190.3847739279379,-30.150670725865297,4.190405197045274,-4.130442068452609,6.515359659983953,0.0
190.42202033891016,-30.078162836228806,4.186214822810778,-4.141821895538029,6.502014284443643,3.368306851948935e-14
190.45966549051235,-30.00570534335506,4.1818399345934765,-4.153613438105678,6.489282115541775,1.6841534259744676e-14
190.4977127764805,-29.933298490231934,4.177278376708244,-4.1658214728153835,6.4771725087297956,-8.420767129872338e-15
190.5361655860226,-29.86094251447473,4.172527993469957,-4.17845079473957,6.465694809221665,-1.6841534259744676e-14
190.5750273038987,-29.78863764829988,4.167586629193483,-4.191506217630575,6.454858351868483,1.6841534259744676e-14
190.61430131050025,-29.716384118499455,4.162452128193706,-4.204992574185372,6.444672461034018,8.420767129872338e-15
190.65399098192842,-29.6441821464163,4.157122334785496,-4.2189147163076655,6.435146450471279,-8.420767129872338e-15
190.69409969007182,-29.57203194791991,4.1515950932837296,-4.233277515367235,6.4262896232000015,-8.420767129872338e-15
190.73463080268314,-29.499933733383212,4.145868248003279,-4.24808586245644,6.418111271385229,-8.420767129872338e-15
190.77558768345526,-29.42788770765993,4.13993964325902,-4.263344668643806,6.410620676216939,8.420767129872338e-15
190.81697369209633,-29.35589407006291,4.1338071233658304,-4.279058865224606,6.403827107790772,2.5262301389617013e-14
190.8587921844041,-29.28395301434317,4.127468532638581,-4.295233403968369,6.397739824989926,0.0
190.9010465123394,-29.212064728669773,4.120921715392148,-4.311873257363147,6.392368075368201,8.420767129872338e-15
190.9437400240989,-29.140229395610618,4.1141645159414075,-4.328983418856603,6.387721095034283,-1.6841534259744676e-14
190.98687606418702,-29.068447192113997,4.107194778601233,-4.346568903093667,6.383808108537257,8.420767129872338e-15
191.0304579734871,-28.996718289491113,4.100010347686499,-4.364634746150821,6.380638328753436,-1.6841534259744676e-14
