galstreams/tracks/track.st.NGC5466.grillmair2006.ecsv
# %ECSV 0.9
# ---
# datatype:
# - {name: ra, unit: deg, datatype: float64}
# - {name: dec, unit: deg, datatype: float64}
# - {name: distance, unit: kpc, datatype: float64}
# - {name: pm_ra_cosdec, unit: mas / yr, datatype: float64}
# - {name: pm_dec, unit: mas / yr, datatype: float64}
# - {name: radial_velocity, unit: km / s, datatype: float64}
# delimiter: ','
# meta: !!omap
# - __serialized_columns__:
#     dec:
#       __class__: astropy.coordinates.angles.Latitude
#       unit: &id001 !astropy.units.Unit {unit: deg}
#       value: !astropy.table.SerializedColumn {name: dec}
#     distance:
#       __class__: astropy.coordinates.distances.Distance
#       unit: !astropy.units.Unit {unit: kpc}
#       value: !astropy.table.SerializedColumn {name: distance}
#     pm_dec:
#       __class__: astropy.units.quantity.Quantity
#       unit: !astropy.units.Unit {unit: mas / yr}
#       value: !astropy.table.SerializedColumn {name: pm_dec}
#     pm_ra_cosdec:
#       __class__: astropy.units.quantity.Quantity
#       unit: !astropy.units.Unit {unit: mas / yr}
#       value: !astropy.table.SerializedColumn {name: pm_ra_cosdec}
#     ra:
#       __class__: astropy.coordinates.angles.Longitude
#       unit: *id001
#       value: !astropy.table.SerializedColumn {name: ra}
#       wrap_angle: !astropy.coordinates.Angle
#         unit: *id001
#         value: 360.0
#     radial_velocity:
#       __class__: astropy.units.quantity.Quantity
#       unit: !astropy.units.Unit {unit: km / s}
#       value: !astropy.table.SerializedColumn {name: radial_velocity}
# schema: astropy-2.0
ra,dec,distance,pm_ra_cosdec,pm_dec,radial_velocity
[from data line 1686]
212.05427941112998,28.190172974644096,16.600000000000012,0.0,0.0,0.0
212.04465486362656,28.19547454591281,16.60000000000001,0.0,0.0,0.0
212.03502980610455,28.200776042550807,16.60000000000001,0.0,0.0,0.0
212.0254042374101,28.20607746325982,16.60000000000001,0.0,0.0,0.0
212.01577815639055,28.211378806742186,16.60000000000001,0.0,0.0,0.0
212.006151561894,28.21668007170113,16.600000000000012,0.0,0.0,0.0
211.99652445276968,28.221981256840472,16.600000000000012,0.0,0.0,0.0
211.98689682786755,28.22728236086488,16.60000000000001,0.0,0.0,0.0
211.9772686860387,28.232583382479657,16.600000000000012,0.0,0.0,0.0
211.96764002613503,28.23788432039096,16.600000000000012,0.0,0.0,0.0
211.95801084700955,28.24318517330554,16.600000000000012,0.0,0.0,0.0
211.9483811475159,28.24848593993103,16.600000000000012,0.0,0.0,0.0
211.93875092650907,28.253786618975663,16.600000000000012,0.0,0.0,0.0
211.92912018284468,28.25908720914853,16.60000000000001,0.0,0.0,0.0
211.9194889153795,28.26438770915934,16.60000000000001,0.0,0.0,0.0
211.90985712297103,28.26968811771862,16.600000000000012,0.0,0.0,0.0
211.90022480447783,28.274988433537636,16.60000000000001,0.0,0.0,0.0
211.89059195875953,28.2802886553283,16.600000000000012,0.0,0.0,0.0
211.8809585846764,28.28558878180337,16.600000000000012,0.0,0.0,0.0
211.87132468109,28.29088881167623,16.60000000000001,0.0,0.0,0.0
211.86169024686245,28.29618874366109,16.60000000000001,0.0,0.0,0.0
211.8520552808572,28.30148857647282,16.600000000000012,0.0,0.0,0.0
211.84241978193833,28.3067883088271,16.600000000000012,0.0,0.0,0.0
211.83278374897105,28.31208793944025,16.600000000000012,0.0,0.0,0.0
211.82314718082142,28.31738746702942,16.600000000000012,0.0,0.0,0.0
211.8135100763565,28.32268689031239,16.60000000000001,0.0,0.0,0.0
211.80387243444412,28.327986208007786,16.60000000000001,0.0,0.0,0.0
211.7942342539534,28.33328541883485,16.60000000000001,0.0,0.0,0.0
211.78459553375401,28.338584521513667,16.60000000000001,0.0,0.0,0.0
211.77495627271682,28.34388351476494,16.600000000000012,0.0,0.0,0.0
211.7653164697135,28.349182397310226,16.60000000000001,0.0,0.0,0.0
211.75567612361675,28.354481167871686,16.60000000000001,0.0,0.0,0.0
211.7460352333001,28.359779825172335,16.600000000000012,0.0,0.0,0.0
211.7363937976382,28.36507836793581,16.600000000000012,0.0,0.0,0.0
211.72675181550636,28.370376794886578,16.600000000000012,0.0,0.0,0.0
211.71710928578116,28.375675104749725,16.60000000000001,0.0,0.0,0.0
211.70746620733985,28.38097329625119,16.60000000000001,0.0,0.0,0.0
211.69782257906076,28.38627136811753,16.60000000000001,0.0,0.0,0.0
211.68817839982302,28.391569319076144,16.60000000000001,0.0,0.0,0.0
211.67853366850687,28.39686714785502,16.600000000000012,0.0,0.0,0.0
211.66888838399345,28.402164853183002,16.600000000000012,0.0,0.0,0.0
211.65924254516466,28.40746243378964,16.60000000000001,0.0,0.0,0.0
211.64959615090356,28.412759888405127,16.60000000000001,0.0,0.0,0.0
211.63994920009395,28.418057215760513,16.600000000000012,0.0,0.0,0.0
211.63030169162084,28.423354414587454,16.60000000000001,0.0,0.0,0.0
211.6206536243698,28.42865148361843,16.60000000000001,0.0,0.0,0.0
211.61100499722772,28.433948421586578,16.600000000000012,0.0,0.0,0.0
211.6013558090821,28.439245227225843,16.600000000000012,0.0,0.0,0.0
211.59170605882161,28.44454189927078,16.60000000000001,0.0,0.0,0.0
211.58205574533565,28.44983843645681,16.60000000000001,0.0,0.0,0.0
211.57240486751482,28.455134837519957,16.600000000000012,0.0,0.0,0.0
211.56275342425033,28.460431101197084,16.600000000000012,0.0,0.0,0.0
211.55310141443465,28.46572722622567,16.60000000000001,0.0,0.0,0.0
211.54344883696083,28.471023211344026,16.600000000000012,0.0,0.0,0.0
211.53379569072325,28.476319055291082,16.600000000000012,0.0,0.0,0.0
211.52414197461687,28.48161475680662,16.600000000000012,0.0,0.0,0.0
211.51448768753784,28.486910314631018,16.60000000000001,0.0,0.0,0.0
211.50483282838303,28.492205727505493,16.60000000000001,0.0,0.0,0.0
211.49517739605042,28.49750099417189,16.60000000000001,0.0,0.0,0.0
211.4855213894388,28.502796113372877,16.60000000000001,0.0,0.0,0.0
211.47586480744798,28.508091083851742,16.600000000000012,0.0,0.0,0.0
211.4662076489786,28.513385904352603,16.600000000000012,0.0,0.0,0.0
211.4565499129324,28.518680573620212,16.60000000000001,0.0,0.0,0.0
211.4468915982118,28.523975090400132,16.600000000000012,0.0,0.0,0.0
211.4372327037204,28.52926945343855,16.600000000000012,0.0,0.0,0.0
211.4275732283626,28.53456366148246,16.60000000000001,0.0,0.0,0.0
211.4179131710437,28.539857713279588,16.600000000000012,0.0,0.0,0.0
211.40825253067,28.545151607578312,16.60000000000001,0.0,0.0,0.0
211.3985913061488,28.55044534312774,16.600000000000012,0.0,0.0,0.0
211.38892949638816,28.555738918677775,16.600000000000012,0.0,0.0,0.0
211.3792671002971,28.56103233297903,16.60000000000001,0.0,0.0,0.0
211.36960411678575,28.56632558478275,16.60000000000001,0.0,0.0,0.0
211.35994054476492,28.57161867284102,16.600000000000012,0.0,0.0,0.0
211.35027638314654,28.576911595906545,16.60000000000001,0.0,0.0,0.0
211.34061163084334,28.582204352732866,16.600000000000012,0.0,0.0,0.0
211.33094628676912,28.587496942074115,16.60000000000001,0.0,0.0,0.0
211.3212803498384,28.59278936268527,16.600000000000012,0.0,0.0,0.0
211.31161381896683,28.598081613321913,16.60000000000001,0.0,0.0,0.0
211.30194669307087,28.603373692740483,16.60000000000001,0.0,0.0,0.0
211.292278971068,28.608665599698003,16.60000000000001,0.0,0.0,0.0
211.28261065187647,28.613957332952335,16.60000000000001,0.0,0.0,0.0
211.27294173441564,28.61924889126195,16.600000000000012,0.0,0.0,0.0
211.26327221760565,28.624540273386156,16.60000000000001,0.0,0.0,0.0
211.2536021003677,28.62983147808487,16.600000000000012,0.0,0.0,0.0
211.24393138162372,28.63512250411884,16.600000000000012,0.0,0.0,0.0
211.23426006029686,28.640413350249418,16.600000000000012,0.0,0.0,0.0
211.22458813531085,28.645704015238802,16.600000000000012,0.0,0.0,0.0
211.2149156055907,28.650994497849787,16.600000000000012,0.0,0.0,0.0
211.20524247006196,28.656284796845984,16.60000000000001,0.0,0.0,0.0
211.1955687276515,28.661574910991646,16.600000000000012,0.0,0.0,0.0
211.18589437728681,28.6668648390518,16.60000000000001,0.0,0.0,0.0
211.17621941789645,28.67215457979222,16.60000000000001,0.0,0.0,0.0
211.16654384840982,28.677444131979318,16.60000000000001,0.0,0.0,0.0
211.1568676677574,28.68273349438022,16.60000000000001,0.0,0.0,0.0
211.14719087487046,28.68802266576286,16.60000000000001,0.0,0.0,0.0
211.1375134686811,28.69331164489586,16.600000000000012,0.0,0.0,0.0
211.12783544812262,28.698600430548495,16.600000000000012,0.0,0.0,0.0
211.118156812129,28.703889021490852,16.600000000000012,0.0,0.0,0.0
211.1084775596353,28.709177416493638,16.60000000000001,0.0,0.0,0.0
211.09879768957734,28.714465614328397,16.60000000000001,0.0,0.0,0.0
211.08911720089205,28.71975361376723,16.60000000000001,0.0,0.0,0.0
211.07943609251708,28.725041413583153,16.600000000000012,0.0,0.0,0.0
211.06975436339124,28.73032901254969,16.600000000000012,0.0,0.0,0.0
211.060072012454,28.735616409441278,16.600000000000012,0.0,0.0,0.0
211.050389038646,28.740903603032894,16.60000000000001,0.0,0.0,0.0
211.04070544090857,28.74619059210039,16.600000000000012,0.0,0.0,0.0
211.03102121818415,28.751477375420194,16.60000000000001,0.0,0.0,0.0
211.021336369416,28.75676395176958,16.60000000000001,0.0,0.0,0.0
211.01165089354836,28.762050319926384,16.600000000000012,0.0,0.0,0.0
211.00196478952626,28.767336478669364,16.600000000000012,0.0,0.0,0.0
210.99227805629585,28.77262242677775,16.600000000000012,0.0,0.0,0.0
210.982590692804,28.77790816303172,16.600000000000012,0.0,0.0,0.0
210.97290269799868,28.783193686211977,16.600000000000012,0.0,0.0,0.0
210.9632140708286,28.788478995100096,16.60000000000001,0.0,0.0,0.0
210.95352481024358,28.793764088478216,16.600000000000012,0.0,0.0,0.0
210.94383491519417,28.79904896512933,16.600000000000012,0.0,0.0,0.0
210.93414438463205,28.804333623837035,16.60000000000001,0.0,0.0,0.0
210.92445321750952,28.809618063385724,16.600000000000012,0.0,0.0,0.0
210.91476141278014,28.81490228256043,16.600000000000012,0.0,0.0,0.0
210.90506896939814,28.820186280146963,16.600000000000012,0.0,0.0,0.0
210.8953758863187,28.82547005493183,16.60000000000001,0.0,0.0,0.0
210.88568216249809,28.830753605702213,16.60000000000001,0.0,0.0,0.0
210.87598779689327,28.836036931246074,16.600000000000012,0.0,0.0,0.0
210.86629278846232,28.841320030351998,16.60000000000001,0.0,0.0,0.0
210.856597136164,28.846602901809398,16.600000000000012,0.0,0.0,0.0
210.84690083895825,28.851885544408265,16.600000000000012,0.0,0.0,0.0
210.83720389580571,28.85716795693944,16.60000000000001,0.0,0.0,0.0
210.82750630566815,28.86245013819434,16.60000000000001,0.0,0.0,0.0
210.81780806750797,28.867732086965233,16.600000000000012,0.0,0.0,0.0
210.8081091802888,28.873013802044955,16.600000000000012,0.0,0.0,0.0
210.7984096429749,28.8782952822272,16.600000000000012,0.0,0.0,0.0
210.78870945453167,28.883576526306232,16.600000000000012,0.0,0.0,0.0
210.77900861392527,28.888857533077147,16.600000000000012,0.0,0.0,0.0
210.7693071201229,28.89413830133564,16.60000000000001,0.0,0.0,0.0
210.75960497209257,28.89941882987825,16.600000000000012,0.0,0.0,0.0
210.74990216880326,28.904699117502062,16.60000000000001,0.0,0.0,0.0
210.74019870922484,28.909979163005044,16.60000000000001,0.0,0.0,0.0
210.7304945923281,28.915258965185725,16.60000000000001,0.0,0.0,0.0
210.72078981708478,28.92053852284346,16.600000000000012,0.0,0.0,0.0
210.71108438246745,28.925817834778204,16.60000000000001,0.0,0.0,0.0
210.70137828744967,28.93109689979074,16.600000000000012,0.0,0.0,0.0
210.6916715310059,28.936375716682452,16.600000000000012,0.0,0.0,0.0
210.68196411211144,28.941654284255517,16.60000000000001,0.0,0.0,0.0
210.67225602974267,28.946932601312728,16.60000000000001,0.0,0.0,0.0
210.6625472828767,28.952210666657688,16.60000000000001,0.0,0.0,0.0
210.65283787049157,28.957488479094675,16.600000000000012,0.0,0.0,0.0
210.6431277915664,28.96276603742863,16.600000000000012,0.0,0.0,0.0
210.63341704508102,28.968043340465243,16.600000000000012,0.0,0.0,0.0
210.6237056300163,28.9733203870109,16.60000000000001,0.0,0.0,0.0
210.61399354535396,28.978597175872725,16.60000000000001,0.0,0.0,0.0
210.6042807900767,28.98387370585847,16.60000000000001,0.0,0.0,0.0
210.594567363168,28.989149975776712,16.600000000000012,0.0,0.0,0.0
210.58485326361244,28.994425984436603,16.60000000000001,0.0,0.0,0.0
210.57513849039526,28.999701730648127,16.600000000000012,0.0,0.0,0.0
210.5654230425029,29.00497721322185,16.600000000000012,0.0,0.0,0.0
210.55570691892248,29.010252430969185,16.600000000000012,0.0,0.0,0.0
210.54599011864212,29.0155273827021,16.600000000000012,0.0,0.0,0.0
210.53627264065082,29.02080206723342,16.60000000000001,0.0,0.0,0.0
210.52655448393858,29.02607648337652,16.600000000000012,0.0,0.0,0.0
210.51683564749615,29.03135062994565,16.60000000000001,0.0,0.0,0.0
210.50711613031535,29.036624505755583,16.600000000000012,0.0,0.0,0.0
210.49739593138878,29.041898109621968,16.60000000000001,0.0,0.0,0.0
210.48767504971005,29.04717144036103,16.60000000000001,0.0,0.0,0.0
210.47795348427357,29.052444496789786,16.600000000000012,0.0,0.0,0.0
210.4682312340748,29.057717277725885,16.60000000000001,0.0,0.0,0.0
210.45850829810993,29.062989781987767,16.60000000000001,0.0,0.0,0.0
210.4487846753763,29.06826200839446,16.600000000000005,0.0,0.0,0.0
210.4390603648718,29.073533955765836,16.60000000000001,0.0,0.0,0.0
210.42933536559565,29.07880562292232,16.600000000000005,0.0,0.0,0.0
210.41960967654765,29.08407700868516,16.600000000000005,0.0,0.0,0.0
210.40988329672862,29.089348111876287,16.600000000000005,0.0,0.0,0.0
210.4001562251403,29.09461893131824,16.600000000000005,0.0,0.0,0.0
210.39042846078533,29.099889465834423,16.60000000000001,0.0,0.0,0.0
210.38070000266725,29.10515971424877,16.60000000000001,0.0,0.0,0.0
210.3709708497905,29.110429675386087,16.60000000000001,0.0,0.0,0.0
210.36124100116044,29.11569934807169,16.60000000000001,0.0,0.0,0.0
210.35151045578326,29.120968731131807,16.60000000000001,0.0,0.0,0.0
210.3417792126662,29.12623782339318,16.60000000000001,0.0,0.0,0.0
210.33204727081727,29.13150662368341,16.60000000000001,0.0,0.0,0.0
210.3223146292455,29.136775130830657,16.60000000000001,0.0,0.0,0.0
210.31258128696066,29.14204334366392,16.600000000000005,0.0,0.0,0.0
210.30284724297366,29.14731126101275,16.600000000000005,0.0,0.0,0.0
210.29311249629603,29.152578881707562,16.60000000000001,0.0,0.0,0.0
210.2833770459405,29.15784620457932,16.60000000000001,0.0,0.0,0.0
210.27364089092043,29.16311322845982,16.600000000000005,0.0,0.0,0.0
210.2639040302503,29.168379952181436,16.60000000000001,0.0,0.0,0.0
210.2541664629453,29.17364637457736,16.60000000000001,0.0,0.0,0.0
210.2444281880218,29.178912494481366,16.60000000000001,0.0,0.0,0.0
210.23468920449668,29.184178310728054,16.600000000000005,0.0,0.0,0.0
210.22494951138813,29.189443822152587,16.600000000000005,0.0,0.0,0.0
210.21520910771488,29.19470902759097,16.60000000000001,0.0,0.0,0.0
210.20546799249692,29.199973925879764,16.600000000000005,0.0,0.0,0.0
210.19572616475477,29.205238515856355,16.600000000000005,0.0,0.0,0.0
210.1859836235102,29.21050279635874,16.60000000000001,0.0,0.0,0.0
210.1762403677856,29.215766766225645,16.60000000000001,0.0,0.0,0.0
210.16649639660437,29.221030424296536,16.60000000000001,0.0,0.0,0.0
210.1567517089909,29.226293769411527,16.60000000000001,0.0,0.0,0.0
210.14700630397036,29.231556800411376,16.60000000000001,0.0,0.0,0.0
210.13726018056892,29.236819516137658,16.60000000000001,0.0,0.0,0.0
210.12751333781344,29.24208191543262,16.60000000000001,0.0,0.0,0.0
210.11776577473196,29.247343997139104,16.600000000000005,0.0,0.0,0.0
210.1080174903532,29.252605760100785,16.60000000000001,0.0,0.0,0.0
210.09826848370702,29.257867203161926,16.60000000000001,0.0,0.0,0.0
210.0885187538238,29.26312832516758,16.600000000000005,0.0,0.0,0.0
210.07876829973526,29.268389124963385,16.60000000000001,0.0,0.0,0.0
210.0690171204737,29.27364960139581,16.600000000000005,0.0,0.0,0.0
210.0592652150724,29.278909753311886,16.60000000000001,0.0,0.0,0.0
210.0495125825656,29.28416957955947,16.600000000000005,0.0,0.0,0.0
210.03975922198845,29.289429078986974,16.60000000000001,0.0,0.0,0.0
210.03000513237683,29.294688250443652,16.60000000000001,0.0,0.0,0.0
210.02025031276776,29.29994709277931,16.60000000000001,0.0,0.0,0.0
210.01049476219893,29.305205604844605,16.60000000000001,0.0,0.0,0.0
210.00073847970907,29.310463785490708,16.60000000000001,0.0,0.0,0.0
209.99098146433778,29.315721633569684,16.600000000000005,0.0,0.0,0.0
209.98122371512554,29.320979147934086,16.600000000000005,0.0,0.0,0.0
209.9714652311137,29.326236327437357,16.60000000000001,0.0,0.0,0.0
209.96170601134463,29.331493170933456,16.60000000000001,0.0,0.0,0.0
209.95194605486134,29.336749677277215,16.60000000000001,0.0,0.0,0.0
209.94218536070807,29.34200584532398,16.60000000000001,0.0,0.0,0.0
209.93242392792968,29.347261673929918,16.60000000000001,0.0,0.0,0.0
209.92266175557202,29.35251716195187,16.600000000000005,0.0,0.0,0.0
209.9128988426819,29.357772308247345,16.60000000000001,0.0,0.0,0.0
209.90313518830695,29.36302711167448,16.600000000000005,0.0,0.0,0.0
209.89337079149576,29.368281571092226,16.600000000000005,0.0,0.0,0.0
209.88360565129764,29.373535685360217,16.60000000000001,0.0,0.0,0.0
209.87383976676307,29.37878945333865,16.60000000000001,0.0,0.0,0.0
209.86407313694315,29.384042873888568,16.60000000000001,0.0,0.0,0.0
209.85430576089013,29.389295945871595,16.600000000000012,0.0,0.0,0.0
209.8445376376569,29.394548668150136,16.60000000000001,0.0,0.0,0.0
209.83476876629751,29.399801039587175,16.600000000000005,0.0,0.0,0.0
209.82499914586663,29.40505305904653,16.600000000000005,0.0,0.0,0.0
209.81522877542005,29.410304725392574,16.60000000000001,0.0,0.0,0.0
209.80545765401428,29.415556037490482,16.600000000000005,0.0,0.0,0.0
209.79568578070692,29.420806994206014,16.600000000000005,0.0,0.0,0.0
209.78591315455614,29.426057594405737,16.600000000000005,0.0,0.0,0.0
