galstreams/tracks/track.st.Svol.ibata2024.ecsv
# %ECSV 1.0
# ---
# datatype:
# - {name: ra, unit: deg, datatype: float64}
# - {name: dec, unit: deg, datatype: float64}
# - {name: distance, unit: kpc, datatype: float64}
# - {name: pm_ra_cosdec, unit: mas / yr, datatype: float64}
# - {name: pm_dec, unit: mas / yr, datatype: float64}
# - {name: radial_velocity, unit: km / s, datatype: float64}
# delimiter: ','
# meta: !!omap
# - __serialized_columns__:
#     dec:
#       __class__: astropy.coordinates.angles.Latitude
#       unit: &id001 !astropy.units.Unit {unit: deg}
#       value: !astropy.table.SerializedColumn {name: dec}
#     distance:
#       __class__: astropy.coordinates.distances.Distance
#       unit: !astropy.units.Unit {unit: kpc}
#       value: !astropy.table.SerializedColumn {name: distance}
#     pm_dec:
#       __class__: astropy.units.quantity.Quantity
#       unit: !astropy.units.Unit {unit: mas / yr}
#       value: !astropy.table.SerializedColumn {name: pm_dec}
#     pm_ra_cosdec:
#       __class__: astropy.units.quantity.Quantity
#       unit: !astropy.units.Unit {unit: mas / yr}
#       value: !astropy.table.SerializedColumn {name: pm_ra_cosdec}
#     ra:
#       __class__: astropy.coordinates.angles.Longitude
#       unit: *id001
#       value: !astropy.table.SerializedColumn {name: ra}
#       wrap_angle: !astropy.coordinates.Angle
#         unit: *id001
#         value: 360.0
#     radial_velocity:
#       __class__: astropy.units.quantity.Quantity
#       unit: !astropy.units.Unit {unit: km / s}
#       value: !astropy.table.SerializedColumn {name: radial_velocity}
# schema: astropy-2.0
ra,dec,distance,pm_ra_cosdec,pm_dec,radial_velocity
[from data line 4217]
254.3746281789648,20.907775722167813,0.9999999999999997,4.625661415990939,-7.986683220194765,-153.52234706695145
254.38416643742784,20.90312637798284,0.9999999999999994,4.626565858579742,-7.988333908261062,-153.47391239112238
254.39370381300586,20.89847585144336,0.9999999999999996,4.627469791527496,-7.989984557798158,-153.4254389585546
254.40324030569775,20.893824142744062,0.9999999999999994,4.628373214568504,-7.9916351685460985,-153.37692675666736
254.41277591550264,20.889171252079617,0.9999999999999994,4.629276127437178,-7.993285740244893,-153.3283757728801
254.42231064241946,20.884517179644664,0.9999999999999998,4.630178529867832,-7.9949362726345505,-153.2797859946123
254.43184448644763,20.879861925633847,0.9999999999999998,4.631080421594918,-7.996586765455042,-153.23115740928313
254.44137744758646,20.87520549024176,0.9999999999999996,4.63198180235281,-7.998237218446347,-153.18249000431217
254.45090952583547,20.870547873662996,0.9999999999999997,4.632882671875971,-7.999887631348413,-153.13378376711873
254.4604407211943,20.86588907609211,0.9999999999999994,4.633783029898868,-8.001538003901175,-153.0850386851222
254.4699710336627,20.861229097723648,0.9999999999999996,4.6346828761559795,-8.003188335844541,-153.036254745742
254.4795004632404,20.856567938752136,0.9999999999999996,4.635582210381749,-8.004838626918415,-152.98743193639754
254.4890290099275,20.851905599372063,0.9999999999999997,4.636481032310723,-8.00648887686269,-152.93857024450816
254.49855667372412,20.847242079777914,0.9999999999999996,4.6373793416774625,-8.00813908541722,-152.88966965749313
254.5080834546304,20.84257738016415,0.9999999999999997,4.638277138216495,-8.009789252321855,-152.8407301627721
254.5176093526467,20.837911500725202,0.9999999999999996,4.6391744216624,-8.011439377316437,-152.79175174776427
254.52713436777344,20.83324444165548,0.9999999999999996,4.640071191749739,-8.013089460140773,-152.7427343998891
254.53665850001124,20.828576203149385,0.9999999999999994,4.640967448213143,-8.01473950053466,-152.69367810656593
254.5461817493608,20.82390678540128,0.9999999999999996,4.641863190787255,-8.016389498237896,-152.6445828552141
254.55570411582292,20.81923618860552,0.9999999999999997,4.642758419206719,-8.018039452990237,-152.59544863325317
254.5652255993985,20.81456441295643,0.9999999999999997,4.643653133206174,-8.01968936453144,-152.54627542810238
254.5747462000886,20.80989145864832,0.9999999999999996,4.644547332520336,-8.021339232601235,-152.49706322718114
254.58426591789444,20.80521732587547,0.9999999999999997,4.645441016883888,-8.022989056939338,-152.44781201790892
254.59378475281727,20.800542014832153,0.9999999999999996,4.646334186031599,-8.024638837285464,-152.39852178770505
254.60330270485852,20.7958655257126,0.9999999999999997,4.647226839698159,-8.026288573379285,-152.3491925239888
254.6128197740197,20.791187858711037,0.9999999999999997,4.648118977618365,-8.027938264960472,-152.29982421417972
254.62233596030242,20.786509014021657,0.9999999999999997,4.649010599526963,-8.029587911768694,-152.25041684569717
254.63185126370848,20.781828991838648,0.9999999999999996,4.649901705158786,-8.031237513543566,-152.20097040596056
254.64136568423982,20.777147792356153,0.9999999999999997,4.650792294248649,-8.03288707002473,-152.1514848823892
254.65087922189832,20.77246541576831,0.9999999999999997,4.651682366531359,-8.03453658095178,-152.10196026240249
254.6603918766862,20.767781862269235,0.9999999999999997,4.652571921741803,-8.036186046064312,-152.05239653341985
254.6699036486056,20.76309713205302,0.9999999999999994,4.653460959614837,-8.037835465101894,-152.0027936828606
254.679414537659,20.75841122531372,0.9999999999999994,4.654349479885362,-8.039484837804098,-151.95315169814424
254.6889245438488,20.75372414224539,0.9999999999999997,4.655237482288304,-8.041134163910455,-151.9034705666902
254.69843366717754,20.74903588304206,0.9999999999999996,4.656124966558545,-8.042783443160493,-151.85375027591763
254.70794190764803,20.744346447897723,0.9999999999999997,4.657011932431078,-8.04443267529373,-151.8039908132461
254.7174492652631,20.739655837006367,0.9999999999999996,4.657898379640874,-8.046081860049656,-151.75419216609492
254.7269557400256,20.734964050561953,0.9999999999999997,4.658784307922878,-8.047730997167754,-151.70435432188359
254.73646133193867,20.730271088758403,0.9999999999999996,4.6596697170121315,-8.049380086387497,-151.65447726803131
254.7459660410055,20.72557695178966,0.9999999999999997,4.66055460664365,-8.051029127448324,-151.60456099195764
254.75546986722932,20.720881639849587,0.9999999999999996,4.661438976552446,-8.052678120089672,-151.5546054810819
254.7649728106136,20.716185153132074,0.9999999999999996,4.662322826473607,-8.054327064050964,-151.50461072282354
254.77447487116189,20.711487491830972,0.9999999999999994,4.663206156142192,-8.055975959071608,-151.45457670460183
254.78397604887783,20.70678865614009,0.9999999999999998,4.664088965293326,-8.057624804890983,-151.40450341383615
254.79347634376512,20.70208864625326,0.9999999999999997,4.664971253662077,-8.059273601248467,-151.35439083794608
254.80297575582773,20.697387462364244,0.9999999999999996,4.665853020983609,-8.060922347883428,-151.3042389643508
254.8124742850697,20.69268510466682,0.9999999999999996,4.666734266993084,-8.062571044535193,-151.25404778046973
254.821971931495,20.687981573354712,0.9999999999999997,4.667614991425614,-8.064219690943101,-151.20381727372248
254.83146869510807,20.683276868621643,0.9999999999999996,4.668495194016461,-8.065868286846467,-151.15354743152807
254.84096457591312,20.678570990661317,0.9999999999999996,4.669374874500781,-8.067516831984587,-151.1032382413062
254.8504595739147,20.67386393966739,0.9999999999999997,4.670254032613798,-8.069165326096746,-151.05288969047606
254.8599536891173,20.669155715833533,0.9999999999999996,4.671132668090747,-8.070813768922205,-151.00250176645713
254.86944692152574,20.66444631935336,0.9999999999999997,4.6720107806669064,-8.072462160200239,-150.95207445666887
254.87893927114484,20.659735750420484,0.9999999999999997,4.672888370077568,-8.074110499670073,-150.90160774853047
254.8884307379795,20.65502400922849,0.9999999999999997,4.673765436057984,-8.075758787070926,-150.8511016294615
254.89792132203473,20.650311095970938,0.9999999999999996,4.674641978343478,-8.077407022142033,-150.80055608688127
254.90741102331586,20.645597010841374,0.9999999999999994,4.675517996669405,-8.079055204622561,-150.7499711082091
254.91689984182798,20.6408817540333,0.9999999999999994,4.676393490771073,-8.080703334251714,-150.6993466808645
254.92638777757668,20.63616532574023,0.9999999999999998,4.677268460383878,-8.082351410768648,-150.64868279226684
254.9358748305674,20.631447726155617,0.9999999999999996,4.678142905243201,-8.08399943391252,-150.59797942983548
254.9453610008058,20.626728955472938,0.9999999999999994,4.679016825084433,-8.085647403422469,-150.5472365809897
254.95484628829763,20.622009013885595,0.9999999999999997,4.6798902196429975,-8.087295319037622,-150.49645423314905
254.96433069304877,20.617287901587016,0.9999999999999997,4.680763088654318,-8.088943180497079,-150.4456323737329
254.97381421506518,20.612565618770574,0.9999999999999996,4.681635431853852,-8.090590987539944,-150.39477099016057
254.98329685435303,20.607842165629624,0.9999999999999997,4.6825072489770925,-8.092238739905302,-150.34387006985145
254.99277861091852,20.603117542357523,0.9999999999999997,4.6833785397595005,-8.093886437332204,-150.29292960022494
255.00225948476796,20.598391749147574,0.9999999999999997,4.684249303936591,-8.095534079559727,-150.24194956870045
255.01173947590786,20.593664786193067,0.9999999999999994,4.685119541243917,-8.097181666326899,-150.19092996269737
255.02121858434472,20.58893665368728,0.9999999999999998,4.685989251416965,-8.09882919737274,-150.13987076963505
255.03069681008532,20.584207351823473,0.9999999999999997,4.686858434191328,-8.100476672436267,-150.08877197693295
255.04017415313643,20.579476880794857,0.9999999999999997,4.687727089302595,-8.102124091256483,-150.03763357201035
255.04965061350492,20.57474524079464,0.9999999999999996,4.688595216486339,-8.103771453572369,-149.98645554228668
255.05912619119786,20.570012432016007,0.9999999999999996,4.6894628154781595,-8.105418759122891,-149.9352378751814
255.0686008862224,20.565278454652105,0.9999999999999997,4.690329886013694,-8.107066007647015,-149.8839805581138
255.07807469858582,20.56054330889609,0.9999999999999996,4.691196427828597,-8.108713198883676,-149.8326835785033
255.08754762829548,20.555806994941065,0.9999999999999996,4.69206244065853,-8.1103603325718,-149.78134692376935
255.0970196753589,20.551069512980114,0.9999999999999997,4.692927924239155,-8.112007408450314,-149.7299705813313
255.10649083978365,20.54633086320631,0.9999999999999997,4.69379287830619,-8.11365442625812,-149.67855453860838
255.11596112157753,20.541591045812712,0.9999999999999996,4.694657302595347,-8.115301385734092,-149.62709878302024
255.12543052074835,20.53685006099233,0.9999999999999996,4.695521196842353,-8.116948286617127,-149.5756033019861
255.13489903730405,20.532107908938166,0.9999999999999996,4.696384560782949,-8.118595128646064,-149.5240680829254
255.14436667125273,20.527364589843195,0.9999999999999996,4.697247394152907,-8.120241911559772,-149.4724931132575
255.15383342260256,20.522620103900373,0.9999999999999997,4.698109696688006,-8.121888635097083,-149.42087838040183
255.16329929136185,20.517874451302635,0.9999999999999997,4.69897146812405,-8.123535298996808,-149.3692238717777
255.17276427753902,20.513127632242888,0.9999999999999998,4.699832708196847,-8.125181902997763,-149.31752957480467
255.18222838114258,20.508379646914026,0.9999999999999997,4.7006934166422205,-8.126828446838745,-149.2657954769019
255.19169160218124,20.5036304955089,0.9999999999999996,4.7015535931960555,-8.128474930258543,-149.2140215654889
255.20115394066372,20.49888017822036,0.9999999999999996,4.702413237594191,-8.13012135299591,-149.16220782798507
255.2106153965989,20.494128695241216,0.9999999999999997,4.703272349572525,-8.131767714789627,-149.11035425180978
255.22007596999578,20.489376046764264,0.9999999999999998,4.7041309288669275,-8.133414015378424,-149.05846082438237
255.22953566086346,20.484622232982293,0.9999999999999994,4.704988975213363,-8.135060254501031,-149.00652753312232
255.23899446921115,20.479867254088024,0.9999999999999997,4.705846488347712,-8.136706431896165,-148.95455436544896
255.24845239504825,20.4751111102742,0.9999999999999996,4.706703468005975,-8.13835254730254,-148.90254130878162
255.25790943838416,20.470353801733527,0.9999999999999996,4.707559913924101,-8.13999860045885,-148.85048835053976
255.26736559922838,20.465595328658676,0.9999999999999997,4.70841582583805,-8.141644591103766,-148.79839547814285
255.27682087759075,20.46083569124231,0.9999999999999997,4.709271203483858,-8.143290518975965,-148.74626267901004
255.28627527348092,20.45607488967706,0.9999999999999997,4.71012604659752,-8.144936383814095,-148.69408994056093
255.2957287869089,20.45131292415554,0.9999999999999996,4.710980354915095,-8.146582185356799,-148.64187725021483
255.30518141788463,20.446549794870332,0.9999999999999996,4.711834128172579,-8.148227923342711,-148.58962459539117
255.3146331664183,20.44178550201401,0.9999999999999996,4.712687366106091,-8.149873597510448,-148.53733196350925
255.3240840325201,20.43702004577911,0.9999999999999996,4.713540068451679,-8.151519207598618,-148.4849993419886
255.3335340162005,20.43225342635815,0.9999999999999996,4.714392234945494,-8.15316475334581,-148.43262671824837
255.34298311746986,20.42748564394363,0.9999999999999997,4.715243865323586,-8.154810234490597,-148.38021407970822
255.35243133633878,20.42271669872802,0.9999999999999997,4.716094959322111,-8.15645565077157,-148.32776141378744
255.36187867281808,20.41794659090377,0.9999999999999997,4.716945516677246,-8.158101001927257,-148.27526870790524
255.37132512691844,20.413175320663306,0.9999999999999997,4.717795537125102,-8.15974628769622,-148.22273594948132
255.3807706986509,20.40840288819903,0.9999999999999996,4.718645020401913,-8.161391507816992,-148.17016312593478
255.39021538802646,20.403629293703325,0.9999999999999997,4.719493966243845,-8.163036662028087,-148.1175502246852
255.39965919505624,20.398854537368546,0.9999999999999994,4.720342374387109,-8.164681750068015,-148.0648972331519
255.40910211975154,20.394078619387017,0.9999999999999996,4.721190244567941,-8.166326771675266,-148.01220413875419
255.4185441621238,20.389301539951063,0.9999999999999997,4.722037576522602,-8.167971726588327,-147.95947092891166
255.42798532218447,20.38452329925296,0.9999999999999997,4.722884369987342,-8.169616614545678,-147.90669759104347
255.43742559994513,20.37974389748497,0.9999999999999997,4.723730624698421,-8.171261435285778,-147.85388411256915
255.44686499541754,20.37496333483935,0.9999999999999996,4.724576340392143,-8.17290618854706,-147.80103048090803
255.4563035086136,20.370181611508293,0.9999999999999997,4.725421516804845,-8.174550874067982,-147.74813668347952
255.4657411395451,20.365398727684013,0.9999999999999996,4.726266153672792,-8.176195491586949,-147.69520270770303
255.47517788822427,20.360614683558662,0.9999999999999996,4.727110250732399,-8.177840040842396,-147.64222854099793
255.48461375466317,20.355829479324395,0.9999999999999997,4.727953807719951,-8.179484521572709,-147.58921417078352
255.49404873887417,20.351043115173344,0.9999999999999994,4.728796824371879,-8.181128933516286,-147.53615958447932
255.50348284086962,20.346255591297588,0.9999999999999996,4.72963930042454,-8.1827732764115,-147.48306476950467
255.51291606066204,20.341466907889213,0.9999999999999997,4.730481235614345,-8.184417549996727,-147.4299297132789
255.52234839826409,20.336677065140275,0.9999999999999996,4.731322629677717,-8.186061754010314,-147.37675440322153
255.53177985368842,20.3318860632428,0.9999999999999997,4.7321634823510745,-8.187705888190614,-147.32353882675181
255.54121042694797,20.327093902388796,0.9999999999999996,4.733003793370883,-8.189349952275954,-147.27028297128916
255.5506401180557,20.32230058277024,0.9999999999999997,4.733843562473621,-8.190993946004658,-147.216986824253
255.56006892702467,20.317506104579092,0.9999999999999998,4.734682789395769,-8.192637869115039,-147.16365037306272
255.56949685386806,20.312710468007285,0.9999999999999996,4.735521473873819,-8.1942817213454,-147.11027360513768
255.5789238985992,20.30791367324674,0.9999999999999997,4.736359615644279,-8.195925502434022,-147.05685650789732
255.5883500612314,20.303115720489338,0.9999999999999996,4.737197214443664,-8.197569212119188,-147.00339906876096
255.5977753417783,20.298316609926932,0.9999999999999997,4.738034270008551,-8.199212850139162,-146.94990127514808
255.60719974025352,20.29351634175138,0.9999999999999996,4.738870782075502,-8.200856416232202,-146.89636311447796
255.61662325667075,20.288714916154493,0.9999999999999994,4.7397067503810595,-8.20249991013655,-146.84278457416997
255.62604589104393,20.283912333328054,0.9999999999999996,4.740542174661855,-8.204143331590448,-146.78916564164362
255.63546764338696,20.279108593463842,0.9999999999999996,4.741377054654461,-8.205786680332109,-146.73550630431822
255.64488851371394,20.27430369675361,0.9999999999999996,4.742211390095505,-8.207429956099752,-146.6818065496132
255.65430850203907,20.26949764338906,0.9999999999999996,4.743045180721632,-8.209073158631577,-146.62806636494793
255.66372760837675,20.264690433561896,0.9999999999999994,4.743878426269521,-8.210716287665775,-146.5742857377417
255.6731458327412,20.259882067463806,0.9999999999999994,4.744711126475777,-8.212359342940516,-146.52046465541406
255.68256317514715,20.255072545286428,0.9999999999999996,4.745543281077159,-8.214002324193988,-146.4666031053843
255.6919796356091,20.250261867221383,0.9999999999999996,4.7463748898103,-8.215645231164345,-146.41270107507182
255.70139521414183,20.245450033460287,0.9999999999999997,4.747205952411923,-8.217288063589725,-146.35875855189605
