galstreams/tracks/track.st.Cetus-New.yuan2021.ecsv
# %ECSV 0.9
# ---
# datatype:
# - {name: ra, unit: deg, datatype: float64}
# - {name: dec, unit: deg, datatype: float64}
# - {name: distance, unit: kpc, datatype: float64}
# - {name: pm_ra_cosdec, unit: mas / yr, datatype: float64}
# - {name: pm_dec, unit: mas / yr, datatype: float64}
# - {name: radial_velocity, unit: km / s, datatype: float64}
# delimiter: ','
# meta: !!omap
# - __serialized_columns__:
#     dec:
#       __class__: astropy.coordinates.angles.Latitude
#       unit: &id001 !astropy.units.Unit {unit: deg}
#       value: !astropy.table.SerializedColumn {name: dec}
#     distance:
#       __class__: astropy.coordinates.distances.Distance
#       unit: !astropy.units.Unit {unit: kpc}
#       value: !astropy.table.SerializedColumn {name: distance}
#     pm_dec:
#       __class__: astropy.units.quantity.Quantity
#       unit: !astropy.units.Unit {unit: mas / yr}
#       value: !astropy.table.SerializedColumn {name: pm_dec}
#     pm_ra_cosdec:
#       __class__: astropy.units.quantity.Quantity
#       unit: !astropy.units.Unit {unit: mas / yr}
#       value: !astropy.table.SerializedColumn {name: pm_ra_cosdec}
#     ra:
#       __class__: astropy.coordinates.angles.Longitude
#       unit: *id001
#       value: !astropy.table.SerializedColumn {name: ra}
#       wrap_angle: !astropy.coordinates.Angle
#         unit: *id001
#         value: 360.0
#     radial_velocity:
#       __class__: astropy.units.quantity.Quantity
#       unit: !astropy.units.Unit {unit: km / s}
#       value: !astropy.table.SerializedColumn {name: radial_velocity}
# schema: astropy-2.0
ra,dec,distance,pm_ra_cosdec,pm_dec,radial_velocity
[from data line 1916]
25.300064725473508,-19.645899743701403,20.35579699725505,1.5286900868240134,0.5547504240363941,8.420767129872338e-15
25.30025105501142,-19.656026606853143,20.354754876854834,1.5288136133874632,0.5549754151420067,1.0525958912340423e-14
25.30043766304463,-19.666153461876252,20.353712069948944,1.5289371855853964,0.5552006748214793,-6.315575347404253e-15
25.300624549462277,-19.67628030877539,20.352668577154432,1.529060803402317,0.5554262029420252,3.5788260301957434e-14
25.300811714153483,-19.686407147555027,20.35162439908835,1.5291844668227244,0.5556519993708555,2.315710960714893e-14
25.300999157007414,-19.696533978219726,20.350579536367775,1.5293081758311138,0.5558780639751806,6.315575347404253e-15
25.301186877913274,-19.706660800773953,20.349533989609746,1.5294319304119788,0.5561043966222107,6.315575347404253e-15
25.301374876760264,-19.71678761522237,20.348487759431325,1.529555730549809,0.5563309971791544,4.210383564936169e-15
25.301563153437613,-19.726914421569436,20.347440846449565,1.5296795762290931,0.5565578655132191,1.6841534259744676e-14
25.30175170783457,-19.737041219819655,20.346393251281533,1.529803467434314,0.5567850014916109,1.2631150694808506e-14
25.301940539840427,-19.747168009977667,20.345344974544272,1.5299274041499544,0.5570124049815363,2.1051917824680845e-15
25.302129649344472,-19.757294792047944,20.34429601685485,1.5300513863604914,0.5572400758501986,6.315575347404253e-15
25.302319036236042,-19.767421566035026,20.343246378830322,1.5301754140504014,0.5574680139648025,1.6841534259744676e-14
25.302508700404466,-19.777548331943386,20.342196061087733,1.530299487204156,0.5576962191925496,2.1051917824680846e-14
25.302698641739116,-19.78767508977767,20.341145064244152,1.530423605806225,0.5579246914006412,1.2631150694808506e-14
25.30288886012939,-19.79780183954235,20.340093388916628,1.5305477698410752,0.5581534304562782,2.7367493172085098e-14
25.303079355464682,-19.807928581241896,20.33904103572223,1.5306719792931691,0.558382436226659,2.1051917824680846e-14
25.303270127634438,-19.81805531488096,20.337988005278,1.5307962341469685,0.558611708578983,1.6841534259744676e-14
25.303461176528117,-19.82818204046401,20.336934298201,1.5309205343869292,0.5588412473804462,1.473634247727659e-14
25.30365250203519,-19.838308757995563,20.335879915108286,1.5310448799975074,0.5590710524982456,2.315710960714893e-14
25.30384410404516,-19.84843546748011,20.33482485661692,1.5311692709631541,0.5593011237995762,1.6841534259744676e-14
25.30403598244755,-19.858562168922255,20.333769123343945,1.5312937072683168,0.559531461151632,2.1051917824680846e-14
25.30422813713191,-19.868688862326504,20.33271271590644,1.5314181888974425,0.5597620644216064,1.473634247727659e-14
25.3044205679878,-19.878815547697357,20.33165563492144,1.5315427158349728,0.5599929334766907,2.1051917824680845e-15
25.304613274904817,-19.888942225039283,20.330597881006014,1.5316672880653472,0.5602240681840767,1.2631150694808506e-14
25.304806257772565,-19.899068894356926,20.329539454777205,1.531791905573004,0.5604554684109543,0.0
25.304999516480674,-19.909195555654744,20.32848035685209,1.5319165683423748,0.5606871340245115,0.0
25.305193050918813,-19.9193222089372,20.327420587847712,1.5320412763578912,0.5609190648919374,1.0525958912340423e-14
25.305386860976647,-19.92944885420892,20.326360148381127,1.5321660296039805,0.5611512608804181,1.473634247727659e-14
25.305580946543877,-19.939575491474383,20.325299039069396,1.5322908280650671,0.5613837218571396,1.2631150694808506e-14
25.305775307510228,-19.94970212073809,20.32423726052958,1.5324156717255735,0.5616164476892869,6.315575347404253e-15
25.305969943765433,-19.959828742004493,20.323174813378724,1.5325405605699178,0.5618494382440432,1.473634247727659e-14
25.30616485519927,-19.96995535527825,20.32211169823389,1.5326654945825167,0.5620826933885916,0.0
25.306360041701517,-19.98008196056379,20.32104791571214,1.532790473747781,0.5623162129901138,2.5262301389617013e-14
25.306555503161984,-19.99020855786565,20.319983466430525,1.532915498050122,0.5625499969157899,1.473634247727659e-14
25.30675123947049,-20.000335147188267,20.318918351006108,1.5330405674739456,0.5627840450327999,0.0
25.306947250516906,-20.01046172853627,20.317852570055926,1.5331656820036565,0.5630183572083224,1.2631150694808506e-14
25.30714353619109,-20.02058830191412,20.316786124197062,1.533290841623654,0.5632529333095346,2.1051917824680846e-14
25.307340096382934,-20.03071486732626,20.31571901404656,1.5334160463183373,0.5634877732036128,2.1051917824680846e-14
25.30753693098237,-20.040841424777327,20.314651240221473,1.5335412960721,0.5637228767577329,0.0
25.307734039879318,-20.050967974271753,20.313582803338864,1.533666590869335,0.5639582438390688,6.315575347404253e-15
25.30793142296375,-20.061094515814066,20.312513704015778,1.5337919306944308,0.5641938743147945,2.947268495455318e-14
25.308129080125642,-20.0712210494087,20.311443942869282,1.5339173155317734,0.5644297680520817,2.947268495455318e-14
25.30832701125499,-20.081347575060285,20.310373520516446,1.5340427453657441,0.5646659249181012,2.1051917824680845e-15
25.308525216241822,-20.091474092773254,20.309302437574303,1.534168220180724,0.564902344780024,1.6841534259744676e-14
25.308723694976177,-20.101600602552114,20.30823069465992,1.53429373996109,0.5651390275050189,2.1051917824680845e-15
25.30892244734813,-20.111727104401318,20.307158292390348,1.5344193046912156,0.5653759729602539,8.420767129872338e-15
25.309121473247767,-20.121853598325487,20.306085231382653,1.5345449143554717,0.5656131810128963,1.6841534259744676e-14
25.309320772565187,-20.131980084329044,20.305011512253884,1.5346705689382263,0.5658506515301115,-4.210383564936169e-15
25.309520345190528,-20.14210656241645,20.303937135621094,1.534796268423845,0.5660883843790656,1.894672604221276e-14
25.309720191013938,-20.152233032592306,20.302862102101354,1.534922012796688,0.5663263794269214,2.5262301389617013e-14
25.30992030992558,-20.162359494861064,20.30178641231171,1.5350478020411154,0.5665646365408421,2.1051917824680845e-15
25.310120701815674,-20.172485949227212,20.30071006686922,1.535173636141483,0.5668031555879898,1.473634247727659e-14
25.3103213665744,-20.182612395695198,20.299633066390943,1.5352995150821434,0.567041936435525,2.1051917824680846e-14
25.31052230409201,-20.192738834269615,20.29855541149393,1.535425438847447,0.5672809789506078,1.473634247727659e-14
25.310723514258754,-20.202865264954916,20.29747710279525,1.5355514074217398,0.5675202830003957,-1.0525958912340423e-14
25.31092499696493,-20.212991687755594,20.296398140911947,1.5356774207893666,0.5677598484520479,2.1051917824680845e-15
25.311126752100808,-20.223118102676068,20.295318526461077,1.5358034789346686,0.56799967517272,2.7367493172085098e-14
25.31132877955672,-20.233244509720958,20.29423826005971,1.5359295818419825,0.5682397630295676,2.1051917824680846e-14
25.311531079223,-20.243370908894686,20.293157342324882,1.5360557294956445,0.5684801118897456,6.315575347404253e-15
25.311733650990018,-20.25349730020171,20.29207577387367,1.5361819218799864,0.5687207216204069,2.1051917824680846e-14
25.311936494748153,-20.263623683646603,20.290993555323116,1.5363081589793366,0.5689615920887046,3.368306851948935e-14
25.312139610387792,-20.2737500592338,20.289910687290295,1.536434440778021,0.5692027231617887,6.315575347404253e-15
25.312342997799373,-20.283876426967808,20.288827170392246,1.5365607672603634,0.5694441147068109,-4.210383564936169e-15
25.31254665687334,-20.294002786853035,20.28774300524602,1.5366871384106835,0.5696857665909201,1.473634247727659e-14
25.31275058750015,-20.304129138894087,20.286658192468696,1.5368135542132983,0.5699276786812638,1.6841534259744676e-14
25.31295478957029,-20.314255483095394,20.285572732677316,1.5369400146525218,0.5701698508449896,-4.210383564936169e-15
25.31315926297427,-20.32438181946138,20.284486626488942,1.5370665197126643,0.5704122829492437,6.315575347404253e-15
25.31336400760261,-20.334508147996633,20.28339987452063,1.5371930693780353,0.5706549748611708,8.420767129872338e-15
25.31356902334586,-20.344634468705593,20.282312477389432,1.5373196636329394,0.5708979264479148,1.0525958912340423e-14
25.31377431009459,-20.354760781592734,20.281224435712403,1.5374463024616782,0.5711411375766191,3.368306851948935e-14
25.31397986773937,-20.36488708666247,20.28013575010661,1.5375729858485507,0.571384608114425,-6.315575347404253e-15
25.314185696170846,-20.375013383919402,20.2790464211891,1.5376997137778534,0.5716283379284739,3.157787673702127e-14
25.314391795279604,-20.38513967336795,20.277956449576937,1.5378264862338793,0.5718723268859051,2.5262301389617013e-14
25.31459816495631,-20.39526595501252,20.27686583588717,1.537953303200919,0.5721165748538568,1.894672604221276e-14
25.314804805091637,-20.40539222885773,20.27577458073686,1.538080164663259,0.5723610816994678,2.7367493172085098e-14
25.315011715576265,-20.41551849490796,20.274682684743066,1.5382070706051834,0.5726058472898735,8.420767129872338e-15
25.315218896300916,-20.425644753167717,20.273590148522846,1.5383340210109728,0.5728508714922104,1.0525958912340423e-14
25.315426347156315,-20.435771003641406,20.272496972693244,1.5384610158649075,0.5730961541736124,4.210383564936169e-15
25.315634068033212,-20.445897246333615,20.271403157871326,1.5385880551512596,0.5733416952012129,2.1051917824680845e-15
25.315842058822376,-20.45602348124874,20.27030870467415,1.538715138854304,0.5735874944421447,1.473634247727659e-14
25.31605031941459,-20.466149708391267,20.269213613718772,1.5388422669583088,0.5738335517635388,2.1051917824680846e-14
25.316258849700674,-20.476275927765613,20.268117885622246,1.53896943944754,0.5740798670325251,6.315575347404253e-15
25.31646764957146,-20.48640213937635,20.267021521001624,1.5390966563062611,0.5743264401162333,8.420767129872338e-15
25.31667671891779,-20.49652834322789,20.265924520473977,1.539223917518732,0.574573270881791,1.473634247727659e-14
25.31688605763054,-20.506654539324646,20.264826884656344,1.5393512230692108,0.5748203591963261,1.2631150694808506e-14
25.317095665600597,-20.516780727671193,20.263728614165792,1.539478572941951,0.5750677049269638,8.420767129872338e-15
25.317305542718884,-20.52690690827194,20.26262970961938,1.5396059671212035,0.5753153079408291,1.894672604221276e-14
25.317515688876313,-20.537033081131344,20.261530171634156,1.539733405591217,0.575563168105046,6.315575347404253e-15
25.31772610396384,-20.54715924625382,20.260430000827185,1.539860888336238,0.5758112852867375,0.0
25.317936787872437,-20.557285403643938,20.259329197815518,1.539988415340507,0.5760596593530252,1.6841534259744676e-14
25.318147740493103,-20.567411553306112,20.25822776321621,1.5401159865882634,0.5763082901710294,-4.210383564936169e-15
25.31835896171684,-20.577537695244786,20.257125697646327,1.5402436020637447,0.5765571776078702,1.473634247727659e-14
25.31857045143467,-20.587663829464372,20.256023001722912,1.5403712617511838,0.5768063215306662,1.2631150694808506e-14
25.31878220953765,-20.597789955969436,20.25491967606303,1.5404989656348111,0.577055721806535,1.2631150694808506e-14
25.318994235916843,-20.607916074764383,20.253815721283743,1.5406267136988534,0.5773053783025921,1.2631150694808506e-14
25.319206530463337,-20.61804218585361,20.2527111380021,1.540754505927536,0.577555290885954,6.315575347404253e-15
25.31941909306825,-20.628168289241682,20.251605926835158,1.5408823423050793,0.5778054594237344,1.473634247727659e-14
25.31963192362271,-20.638294384932998,20.250500088399967,1.541010222815703,0.5780558837830465,1.473634247727659e-14
25.319845022017848,-20.648420472932028,20.249393623313598,1.5411381474436212,0.5783065638310027,1.6841534259744676e-14
25.32005838814484,-20.658546553243138,20.2482865321931,1.5412661161730474,0.578557499434714,2.315710960714893e-14
25.320272021894873,-20.668672625870908,20.247178815655527,1.5413941289881903,0.5788086904612905,1.894672604221276e-14
25.32048592315915,-20.678798690819736,20.246070474317943,1.541522185873257,0.579060136777841,2.1051917824680846e-14
25.320700091828897,-20.688924748094056,20.2449615087974,1.5416502868124504,0.5793118382514737,3.368306851948935e-14
25.32091452779535,-20.699050797698277,20.24385191971095,1.5417784317899723,0.579563794749295,1.2631150694808506e-14
25.321129230949786,-20.70917683963695,20.242741707675663,1.5419066207900185,0.5798160061384108,2.1051917824680846e-14
25.321344201183475,-20.719302873914465,20.24163087330858,1.542034853796785,0.5800684722859257,0.0
25.321559438387734,-20.72942890053522,20.240519417226768,1.5421631307944632,0.580321193058944,1.894672604221276e-14
25.321774942453875,-20.73955491950376,20.239407340047276,1.5422914517672415,0.5805741683245678,1.2631150694808506e-14
25.321990713273234,-20.74968093082448,20.238294642387167,1.5424198166993053,0.5808273979498981,1.894672604221276e-14
25.322206750737177,-20.759806934501825,20.237181324863496,1.5425482255748375,0.5810808818020359,2.1051917824680846e-14
25.322423054737072,-20.769932930540165,20.236067388093325,1.542676678378017,0.5813346197480802,6.315575347404253e-15
25.322639625164342,-20.78005891894407,20.234952832693697,1.542805175093022,0.5815886116551299,3.368306851948935e-14
25.322856461910376,-20.79018489971792,20.233837659281676,1.5429337157040255,0.5818428573902813,2.7367493172085098e-14
25.32307356486662,-20.80031087286615,20.232721868474325,1.5430623001951975,0.5820973568206311,6.315575347404253e-15
25.32329093392453,-20.810436838393148,20.231605460888687,1.543190928550708,0.5823521098132742,2.7367493172085098e-14
25.323508568975573,-20.820562796303456,20.230488437141833,1.5433196007547194,0.5826071162353043,-8.420767129872338e-15
25.323726469911254,-20.83068874660146,20.22937079785081,1.5434483167913946,0.5828623759538146,6.315575347404253e-15
25.32394463662308,-20.840814689291534,20.228252543632678,1.5435770766448924,0.5831178888358972,1.894672604221276e-14
25.324163069002573,-20.85094062437823,20.227133675104493,1.5437058802993688,0.5833736547486422,1.0525958912340423e-14
25.32438176694129,-20.861066551865918,20.226014192883312,1.543834727738977,0.5836296735591397,1.2631150694808506e-14
25.324600730330797,-20.871192471759034,20.224894097586184,1.5439636189478663,0.5838859451344782,1.894672604221276e-14
25.324819959062676,-20.88131838406196,20.223773389830185,1.5440925539101835,0.5841424693417451,6.315575347404253e-15
25.325039453028538,-20.89144428877923,20.222652070232353,1.5442215326100734,0.5843992460480266,-2.1051917824680845e-15
25.325259212120017,-20.90157018591522,20.22153013940975,1.544350555031677,0.584656275120409,2.7367493172085098e-14
25.325479236228727,-20.9116960754743,20.220407597979435,1.5444796211591318,0.5849135564259756,1.0525958912340423e-14
25.325699525246357,-20.921821957461017,20.219284446558465,1.5446087309765737,0.58517108983181,1.473634247727659e-14
25.325920079064574,-20.931947831879732,20.21816068576389,1.5447378844681339,0.5854288752049943,8.420767129872338e-15
25.32614089757508,-20.942073698734877,20.217036316212774,1.5448670816179424,0.5856869124126095,1.473634247727659e-14
25.32636198066959,-20.95219955803082,20.21591133852217,1.5449963224101249,0.5859452013217356,2.7367493172085098e-14
25.32658332823984,-20.962325409772102,20.21478575330914,1.5451256068288044,0.5862037417994512,2.7367493172085098e-14
25.32680494017758,-20.972451253963083,20.213659561190735,1.5452549348581017,0.5864625337128344,2.315710960714893e-14
25.327026816374584,-20.982577090608125,20.212532762784008,1.5453843064821342,0.5867215769289622,2.5262301389617013e-14
25.32724895672265,-20.992702919711768,20.21140535870602,1.5455137216850163,0.5869808713149096,1.473634247727659e-14
25.327471361113577,-21.00282874127837,20.210277349573833,1.5456431804508588,0.5872404167377515,3.5788260301957434e-14
25.327694029439193,-21.01295455531237,20.209148736004497,1.5457726827637703,0.5875002130645611,1.2631150694808506e-14
25.327916961591345,-21.0230803618181,20.208019518615068,1.5459022286078574,0.5877602601624112,8.420767129872338e-15
