galstreams/tracks/track.po.PS1-C.bernard2016.ecsv
# %ECSV 0.9
# ---
# datatype:
# - {name: ra, unit: deg, datatype: float64}
# - {name: dec, unit: deg, datatype: float64}
# - {name: distance, unit: kpc, datatype: float64}
# - {name: pm_ra_cosdec, unit: mas / yr, datatype: float64}
# - {name: pm_dec, unit: mas / yr, datatype: float64}
# - {name: radial_velocity, unit: km / s, datatype: float64}
# delimiter: ','
# meta: !!omap
# - __serialized_columns__:
#     dec:
#       __class__: astropy.coordinates.angles.Latitude
#       unit: &id001 !astropy.units.Unit {unit: deg}
#       value: !astropy.table.SerializedColumn {name: dec}
#     distance:
#       __class__: astropy.coordinates.distances.Distance
#       unit: !astropy.units.Unit {unit: kpc}
#       value: !astropy.table.SerializedColumn {name: distance}
#     pm_dec:
#       __class__: astropy.units.quantity.Quantity
#       unit: !astropy.units.Unit {unit: mas / yr}
#       value: !astropy.table.SerializedColumn {name: pm_dec}
#     pm_ra_cosdec:
#       __class__: astropy.units.quantity.Quantity
#       unit: !astropy.units.Unit {unit: mas / yr}
#       value: !astropy.table.SerializedColumn {name: pm_ra_cosdec}
#     ra:
#       __class__: astropy.coordinates.angles.Longitude
#       unit: *id001
#       value: !astropy.table.SerializedColumn {name: ra}
#       wrap_angle: !astropy.coordinates.Angle
#         unit: *id001
#         value: 360.0
#     radial_velocity:
#       __class__: astropy.units.quantity.Quantity
#       unit: !astropy.units.Unit {unit: km / s}
#       value: !astropy.table.SerializedColumn {name: radial_velocity}
# schema: astropy-2.0
ra,dec,distance,pm_ra_cosdec,pm_dec,radial_velocity
[from data line 236]
331.59824800702,13.651938011915048,17.400000000000013,0.0,0.0,0.0
331.60415265445766,13.660143628492897,17.400000000000016,0.0,0.0,0.0
331.6100577129467,13.668349105419658,17.400000000000013,0.0,0.0,0.0
331.61596318276537,13.6765544425984,17.400000000000013,0.0,0.0,0.0
331.6218690641919,13.684759639932302,17.400000000000013,0.0,0.0,0.0
331.6277753575045,13.69296469732434,17.400000000000013,0.0,0.0,0.0
331.63368206298156,13.701169614677655,17.400000000000013,0.0,0.0,0.0
331.6395891809015,13.709374391895222,17.400000000000016,0.0,0.0,0.0
331.64549671154265,13.71757902887999,17.400000000000013,0.0,0.0,0.0
331.6514046551836,13.72578352553502,17.400000000000016,0.0,0.0,0.0
331.65731301210286,13.733987881763177,17.400000000000013,0.0,0.0,0.0
331.6632217825791,13.742192097467477,17.400000000000013,0.0,0.0,0.0
331.6691309668909,13.750396172550783,17.400000000000016,0.0,0.0,0.0
331.675040565317,13.758600106915924,17.400000000000013,0.0,0.0,0.0
331.6809505781362,13.766803900465854,17.400000000000013,0.0,0.0,0.0
331.68686100562724,13.775007553103308,17.400000000000016,0.0,0.0,0.0
331.6927718480691,13.78321106473119,17.400000000000013,0.0,0.0,0.0
331.6986831057407,13.791414435252245,17.400000000000016,0.0,0.0,0.0
331.7045947789209,13.799617664569187,17.400000000000016,0.0,0.0,0.0
331.71050686788897,13.807820752584842,17.400000000000016,0.0,0.0,0.0
331.7164193729237,13.816023699201835,17.400000000000013,0.0,0.0,0.0
331.7223322943045,13.824226504322962,17.400000000000013,0.0,0.0,0.0
331.7282456323106,13.832429167850835,17.400000000000013,0.0,0.0,0.0
331.734159387221,13.84063168968805,17.400000000000013,0.0,0.0,0.0
331.74007355931525,13.848834069737322,17.400000000000016,0.0,0.0,0.0
331.74598814887247,13.857036307901163,17.400000000000013,0.0,0.0,0.0
331.7519031561724,13.865238404082227,17.400000000000013,0.0,0.0,0.0
331.75781858149435,13.873440358183036,17.400000000000013,0.0,0.0,0.0
331.76373442511783,13.88164217010605,17.400000000000013,0.0,0.0,0.0
331.7696506873225,13.88984383975387,17.400000000000016,0.0,0.0,0.0
331.7755673683879,13.898045367028894,17.400000000000013,0.0,0.0,0.0
331.78148446859393,13.90624675183366,17.400000000000016,0.0,0.0,0.0
331.7874019882201,13.91444799407055,17.400000000000013,0.0,0.0,0.0
331.79331992754635,13.922649093641924,17.400000000000016,0.0,0.0,0.0
331.7992382868526,13.930850050450267,17.400000000000013,0.0,0.0,0.0
331.8051570664186,13.939050864397842,17.400000000000013,0.0,0.0,0.0
331.81107626652454,13.947251535387077,17.40000000000001,0.0,0.0,0.0
331.8169958874502,13.955452063320235,17.400000000000013,0.0,0.0,0.0
331.8229159294759,13.96365244809956,17.40000000000001,0.0,0.0,0.0
331.8288363928817,13.971852689627408,17.400000000000013,0.0,0.0,0.0
331.83475727794774,13.98005278780593,17.40000000000001,0.0,0.0,0.0
331.8406785849543,13.988252742537425,17.400000000000013,0.0,0.0,0.0
331.8466003141817,13.996452553724044,17.400000000000013,0.0,0.0,0.0
331.85252246591034,14.004652221267914,17.40000000000001,0.0,0.0,0.0
331.8584450404205,14.012851745071266,17.400000000000013,0.0,0.0,0.0
331.8643680379928,14.021051125036132,17.400000000000013,0.0,0.0,0.0
331.87029145890773,14.029250361064696,17.40000000000001,0.0,0.0,0.0
331.8762153034459,14.037449453058988,17.40000000000001,0.0,0.0,0.0
331.8821395718879,14.045648400921,17.40000000000001,0.0,0.0,0.0
331.8880642645144,14.053847204552861,17.40000000000001,0.0,0.0,0.0
331.8939893816062,14.062045863856515,17.400000000000013,0.0,0.0,0.0
331.8999149234441,14.070244378733895,17.400000000000013,0.0,0.0,0.0
331.90584089030904,14.078442749087047,17.40000000000001,0.0,0.0,0.0
331.9117672824818,14.086640974817799,17.400000000000013,0.0,0.0,0.0
331.91769410024335,14.094839055828153,17.400000000000013,0.0,0.0,0.0
331.9236213438749,14.10303699201994,17.40000000000001,0.0,0.0,0.0
331.9295490136573,14.111234783294968,17.40000000000001,0.0,0.0,0.0
331.935477109872,14.119432429555156,17.40000000000001,0.0,0.0,0.0
331.9414056327999,14.127629930702216,17.400000000000013,0.0,0.0,0.0
331.9473345827224,14.135827286638037,17.40000000000001,0.0,0.0,0.0
331.9532639599208,14.14402449726432,17.400000000000013,0.0,0.0,0.0
331.95919376467646,14.152221562482742,17.400000000000013,0.0,0.0,0.0
331.9651239972707,14.16041848219512,17.40000000000001,0.0,0.0,0.0
331.97105465798523,14.168615256303042,17.400000000000013,0.0,0.0,0.0
331.97698574710137,14.176811884708258,17.40000000000001,0.0,0.0,0.0
331.98291726490083,14.185008367312353,17.400000000000013,0.0,0.0,0.0
331.98884921166524,14.1932047040169,17.40000000000001,0.0,0.0,0.0
331.99478158767624,14.201400894723575,17.40000000000001,0.0,0.0,0.0
332.0007143932156,14.20959693933385,17.40000000000001,0.0,0.0,0.0
332.00664762856525,14.217792837749348,17.400000000000013,0.0,0.0,0.0
332.012581294007,14.22598858987155,17.400000000000013,0.0,0.0,0.0
332.01851538982277,14.234184195601884,17.40000000000001,0.0,0.0,0.0
332.0244499162945,14.242379654841915,17.40000000000001,0.0,0.0,0.0
332.0303848737043,14.25057496749299,17.40000000000001,0.0,0.0,0.0
332.0363202623343,14.258770133456617,17.400000000000013,0.0,0.0,0.0
332.04225608246657,14.266965152634137,17.400000000000013,0.0,0.0,0.0
332.0481923343834,14.275160024926876,17.40000000000001,0.0,0.0,0.0
332.05412901836695,14.283354750236258,17.400000000000013,0.0,0.0,0.0
332.06006613469964,14.291549328463518,17.40000000000001,0.0,0.0,0.0
332.0660036836639,14.299743759510038,17.40000000000001,0.0,0.0,0.0
332.07194166554206,14.307938043277034,17.40000000000001,0.0,0.0,0.0
332.0778800806167,14.31613217966571,17.40000000000001,0.0,0.0,0.0
332.0838189291703,14.324326168577375,17.400000000000006,0.0,0.0,0.0
332.0897582114855,14.332520009913129,17.400000000000006,0.0,0.0,0.0
332.09569792784504,14.340713703574231,17.40000000000001,0.0,0.0,0.0
332.1016380785316,14.34890724946178,17.40000000000001,0.0,0.0,0.0
332.1075786638279,14.357100647476852,17.40000000000001,0.0,0.0,0.0
332.11351968401686,14.365293897520635,17.40000000000001,0.0,0.0,0.0
332.1194611393813,14.373486999494101,17.400000000000006,0.0,0.0,0.0
332.12540303020427,14.381679953298386,17.40000000000001,0.0,0.0,0.0
332.13134535676875,14.389872758834482,17.40000000000001,0.0,0.0,0.0
332.1372881193577,14.39806541600331,17.40000000000001,0.0,0.0,0.0
332.14323131825444,14.406257924705956,17.40000000000001,0.0,0.0,0.0
332.149174953742,14.414450284843262,17.400000000000006,0.0,0.0,0.0
332.15511902610365,14.422642496316241,17.400000000000006,0.0,0.0,0.0
332.16106353562276,14.430834559025746,17.40000000000001,0.0,0.0,0.0
332.16700848258256,14.439026472872598,17.40000000000001,0.0,0.0,0.0
332.17295386726664,14.447218237757744,17.40000000000001,0.0,0.0,0.0
332.17889968995826,14.4554098535819,17.40000000000001,0.0,0.0,0.0
332.18484595094117,14.46360132024596,17.40000000000001,0.0,0.0,0.0
332.1907926504988,14.471792637650651,17.40000000000001,0.0,0.0,0.0
332.1967397889148,14.479983805696673,17.400000000000006,0.0,0.0,0.0
332.2026873664729,14.488174824284833,17.400000000000006,0.0,0.0,0.0
332.20863538345685,14.49636569331574,17.40000000000001,0.0,0.0,0.0
332.21458384015057,14.504556412690151,17.40000000000001,0.0,0.0,0.0
332.2205327368378,14.512746982308672,17.400000000000006,0.0,0.0,0.0
332.22648207380246,14.520937402071874,17.40000000000001,0.0,0.0,0.0
332.23243185132867,14.529127671880445,17.400000000000006,0.0,0.0,0.0
332.2383820697004,14.53731779163486,17.400000000000006,0.0,0.0,0.0
332.24433272920174,14.545507761235763,17.400000000000002,0.0,0.0,0.0
332.25028383011687,14.553697580583625,17.400000000000006,0.0,0.0,0.0
332.25623537273,14.561887249578882,17.400000000000002,0.0,0.0,0.0
332.2621873573254,14.570076768122115,17.400000000000006,0.0,0.0,0.0
332.2681397841875,14.578266136113667,17.400000000000002,0.0,0.0,0.0
332.2740926536006,14.586455353454046,17.400000000000002,0.0,0.0,0.0
332.2800459658492,14.594644420043599,17.400000000000002,0.0,0.0,0.0
332.2859997212177,14.60283333578265,17.400000000000002,0.0,0.0,0.0
332.2919539199909,14.611022100571638,17.400000000000002,0.0,0.0,0.0
332.2979085624532,14.619210714310833,17.400000000000006,0.0,0.0,0.0
332.3038636488894,14.627399176900473,17.400000000000002,0.0,0.0,0.0
332.3098191795842,14.63558748824093,17.400000000000002,0.0,0.0,0.0
332.3157751548224,14.64377564823234,17.400000000000002,0.0,0.0,0.0
332.321731574889,14.651963656775026,17.400000000000002,0.0,0.0,0.0
332.32768844006875,14.660151513769113,17.400000000000002,0.0,0.0,0.0
332.3336457506466,14.668339219114735,17.400000000000002,0.0,0.0,0.0
332.3396035069078,14.67652677271212,17.400000000000002,0.0,0.0,0.0
332.3455617091372,14.684714174461288,17.400000000000002,0.0,0.0,0.0
332.35152035762013,14.692901424262422,17.400000000000002,0.0,0.0,0.0
332.3574794526418,14.701088522015532,17.400000000000002,0.0,0.0,0.0
332.3634389944874,14.70927546762062,17.400000000000006,0.0,0.0,0.0
332.36939898344224,14.717462260977786,17.400000000000002,0.0,0.0,0.0
332.3753594197918,14.725648901986922,17.400000000000002,0.0,0.0,0.0
332.38132030382144,14.733835390548078,17.400000000000002,0.0,0.0,0.0
332.38728163581675,14.742021726561154,17.400000000000002,0.0,0.0,0.0
332.3932434160632,14.750207909926008,17.4,0.0,0.0,0.0
332.3992056448465,14.758393940542609,17.400000000000006,0.0,0.0,0.0
332.40516832245237,14.76657981831073,17.400000000000002,0.0,0.0,0.0
332.4111314491664,14.774765543130295,17.400000000000002,0.0,0.0,0.0
332.4170950252746,14.782951114901064,17.400000000000002,0.0,0.0,0.0
332.4230590510625,14.791136533522772,17.4,0.0,0.0,0.0
332.4290235268165,14.799321798895265,17.400000000000002,0.0,0.0,0.0
332.43498845282204,14.807506910918185,17.4,0.0,0.0,0.0
332.4409538293656,14.815691869491323,17.400000000000002,0.0,0.0,0.0
332.44691965673303,14.823876674514313,17.4,0.0,0.0,0.0
332.45288593521053,14.832061325886757,17.4,0.0,0.0,0.0
332.4588526650844,14.840245823508383,17.4,0.0,0.0,0.0
332.4648198466408,14.848430167278693,17.4,0.0,0.0,0.0
332.4707874801661,14.856614357097355,17.4,0.0,0.0,0.0
332.4767555659468,14.86479839286387,17.4,0.0,0.0,0.0
332.48272410426915,14.87298227447771,17.400000000000002,0.0,0.0,0.0
332.48869309541993,14.881166001838476,17.400000000000002,0.0,0.0,0.0
332.4946625396854,14.889349574845538,17.400000000000002,0.0,0.0,0.0
332.50063243735246,14.89753299339843,17.4,0.0,0.0,0.0
332.50660278870765,14.90571625739654,17.4,0.0,0.0,0.0
332.51257359403775,14.913899366739203,17.400000000000002,0.0,0.0,0.0
332.5185448536296,14.922082321325876,17.4,0.0,0.0,0.0
332.52451656777,14.930265121055815,17.400000000000002,0.0,0.0,0.0
332.53048873674595,14.938447765828421,17.400000000000002,0.0,0.0,0.0
332.53646136084444,14.946630255542948,17.4,0.0,0.0,0.0
332.5424344403525,14.95481259009861,17.4,0.0,0.0,0.0
332.5484079755572,14.9629947693947,17.400000000000002,0.0,0.0,0.0
332.5543819667457,14.971176793330411,17.4,0.0,0.0,0.0
332.5603564142054,14.97935866180494,17.4,0.0,0.0,0.0
332.5663313182234,14.98754037471742,17.400000000000002,0.0,0.0,0.0
332.5723066790871,14.995721931967005,17.4,0.0,0.0,0.0
332.5782824970839,15.003903333452786,17.400000000000002,0.0,0.0,0.0
332.58425877250124,15.012084579073859,17.400000000000002,0.0,0.0,0.0
332.5902355056267,15.020265668729264,17.400000000000002,0.0,0.0,0.0
332.59621269674795,15.02844660231803,17.400000000000002,0.0,0.0,0.0
332.6021903461525,15.03662737973916,17.4,0.0,0.0,0.0
332.6081684541281,15.044808000891628,17.4,0.0,0.0,0.0
332.6141470209625,15.052988465674382,17.4,0.0,0.0,0.0
332.6201260469436,15.061168773986346,17.4,0.0,0.0,0.0
332.62610553235925,15.069348925726409,17.400000000000002,0.0,0.0,0.0
332.63208547749736,15.077528920793448,17.400000000000002,0.0,0.0,0.0
332.63806588264595,15.085708759086302,17.400000000000002,0.0,0.0,0.0
332.64404674809316,15.093888440503788,17.400000000000002,0.0,0.0,0.0
332.6500280741271,15.102067964944691,17.400000000000002,0.0,0.0,0.0
332.65600986103584,15.110247332307784,17.400000000000002,0.0,0.0,0.0
332.6619921091078,15.118426542491795,17.400000000000002,0.0,0.0,0.0
332.6679748186312,15.126605595395436,17.400000000000002,0.0,0.0,0.0
332.6739579898944,15.134784490917399,17.4,0.0,0.0,0.0
332.6799416231859,15.142963228956333,17.400000000000002,0.0,0.0,0.0
332.68592571879424,15.151141809410873,17.4,0.0,0.0,0.0
332.6919102770078,15.159320232179624,17.4,0.0,0.0,0.0
332.6978952981153,15.167498497161153,17.4,0.0,0.0,0.0
332.7038807824055,15.17567660425403,17.400000000000002,0.0,0.0,0.0
332.709866730167,15.183854553356765,17.400000000000002,0.0,0.0,0.0
332.7158531416886,15.19203234436786,17.400000000000002,0.0,0.0,0.0
332.7218400172593,15.200209977185791,17.4,0.0,0.0,0.0
332.7278273571678,15.208387451708992,17.4,0.0,0.0,0.0
332.7338151617033,15.216564767835887,17.400000000000002,0.0,0.0,0.0
332.73980343115477,15.224741925464876,17.400000000000002,0.0,0.0,0.0
332.7457921658112,15.23291892449431,17.4,0.0,0.0,0.0
332.75178136596196,15.24109576482253,17.4,0.0,0.0,0.0
332.7577710318961,15.24927244634785,17.400000000000002,0.0,0.0,0.0
332.763761163903,15.257448968968557,17.399999999999995,0.0,0.0,0.0
332.76975176227194,15.265625332582902,17.4,0.0,0.0,0.0
332.77574282729245,15.273801537089113,17.4,0.0,0.0,0.0
332.78173435925385,15.281977582385407,17.400000000000002,0.0,0.0,0.0
332.78772635844575,15.29015346836995,17.399999999999995,0.0,0.0,0.0
332.7937188251578,15.298329194940896,17.399999999999995,0.0,0.0,0.0
332.7997117596795,15.306504761996363,17.4,0.0,0.0,0.0
332.8057051623006,15.31468016943446,17.4,0.0,0.0,0.0
332.8116990333111,15.322855417153237,17.4,0.0,0.0,0.0
332.81769337300057,15.331030505050753,17.4,0.0,0.0,0.0
332.82368818165907,15.339205433025018,17.4,0.0,0.0,0.0
332.8296834595765,15.34738020097402,17.400000000000002,0.0,0.0,0.0
332.8356792070428,15.35555480879572,17.4,0.0,0.0,0.0
332.84167542434824,15.363729256388048,17.4,0.0,0.0,0.0
332.8476721117828,15.371903543648921,17.4,0.0,0.0,0.0
332.85366926963684,15.380077670476219,17.4,0.0,0.0,0.0
332.8596668982005,15.38825163676778,17.4,0.0,0.0,0.0
332.8656649977642,15.39642544242145,17.4,0.0,0.0,0.0
332.87166356861826,15.404599087335013,17.4,0.0,0.0,0.0
332.87766261105315,15.412772571406249,17.4,0.0,0.0,0.0
332.8836621253595,15.4209458945329,17.4,0.0,0.0,0.0
332.88966211182776,15.429119056612684,17.4,0.0,0.0,0.0
332.8956625707485,15.43729205754329,17.400000000000002,0.0,0.0,0.0
332.9016635024127,15.445464897222386,17.4,0.0,0.0,0.0
332.9076649071109,15.453637575547601,17.400000000000002,0.0,0.0,0.0
332.913666785134,15.461810092416547,17.400000000000002,0.0,0.0,0.0
332.9196691367729,15.469982447726807,17.400000000000002,0.0,0.0,0.0
332.9256719623186,15.478154641375928,17.4,0.0,0.0,0.0
332.9316752620619,15.486326673261448,17.4,0.0,0.0,0.0
332.9376790362941,15.494498543280857,17.4,0.0,0.0,0.0
332.9436832853063,15.50267025133163,17.4,0.0,0.0,0.0
332.94968800938966,15.510841797311215,17.400000000000002,0.0,0.0,0.0
332.95569320883544,15.519013181117025,17.4,0.0,0.0,0.0
332.9616988839349,15.527184402646457,17.4,0.0,0.0,0.0
332.96770503497964,15.535355461796858,17.4,0.0,0.0,0.0
332.9737116622609,15.543526358465577,17.4,0.0,0.0,0.0
332.9797187660703,15.551697092549919,17.400000000000002,0.0,0.0,0.0
332.9857263466994,15.559867663947161,17.400000000000006,0.0,0.0,0.0
332.99173440443985,15.568038072554566,17.400000000000002,0.0,0.0,0.0
332.99774293958325,15.576208318269343,17.4,0.0,0.0,0.0
333.0037519524215,15.584378400988696,17.400000000000002,0.0,0.0,0.0
333.0097614432464,15.592548320609799,17.4,0.0,0.0,0.0
333.0157714123498,15.600718077029795,17.4,0.0,0.0,0.0
333.0217818600237,15.60888767014579,17.400000000000002,0.0,0.0,0.0
333.02779278656,15.61705709985488,17.400000000000002,0.0,0.0,0.0
333.0338041922509,15.625226366054124,17.400000000000002,0.0,0.0,0.0
333.0398160773885,15.63339546864055,17.400000000000002,0.0,0.0,0.0
333.045828442265,15.641564407511162,17.4,0.0,0.0,0.0
333.0518412871727,15.649733182562938,17.400000000000002,0.0,0.0,0.0
333.0578546124039,15.657901793692833,17.400000000000002,0.0,0.0,0.0
333.06386841825093,15.666070240797758,17.4,0.0,0.0,0.0
