galstreams/tracks/track.st.Jhelum-b.bonaca2019.ecsv
# %ECSV 1.0
# ---
# datatype:
# - {name: ra, unit: deg, datatype: float64}
# - {name: dec, unit: deg, datatype: float64}
# - {name: distance, unit: kpc, datatype: float64}
# - {name: pm_ra_cosdec, unit: mas / yr, datatype: float64}
# - {name: pm_dec, unit: mas / yr, datatype: float64}
# - {name: radial_velocity, unit: km / s, datatype: float64}
# delimiter: ','
# meta: !!omap
# - __serialized_columns__:
#     dec:
#       __class__: astropy.coordinates.angles.Latitude
#       unit: &id001 !astropy.units.Unit {unit: deg}
#       value: !astropy.table.SerializedColumn {name: dec}
#     distance:
#       __class__: astropy.coordinates.distances.Distance
#       unit: !astropy.units.Unit {unit: kpc}
#       value: !astropy.table.SerializedColumn {name: distance}
#     pm_dec:
#       __class__: astropy.units.quantity.Quantity
#       unit: !astropy.units.Unit {unit: mas / yr}
#       value: !astropy.table.SerializedColumn {name: pm_dec}
#     pm_ra_cosdec:
#       __class__: astropy.units.quantity.Quantity
#       unit: !astropy.units.Unit {unit: mas / yr}
#       value: !astropy.table.SerializedColumn {name: pm_ra_cosdec}
#     ra:
#       __class__: astropy.coordinates.angles.Longitude
#       unit: *id001
#       value: !astropy.table.SerializedColumn {name: ra}
#       wrap_angle: !astropy.coordinates.Angle
#         unit: *id001
#         value: 360.0
#     radial_velocity:
#       __class__: astropy.units.quantity.Quantity
#       unit: !astropy.units.Unit {unit: km / s}
#       value: !astropy.table.SerializedColumn {name: radial_velocity}
# schema: astropy-2.0
ra,dec,distance,pm_ra_cosdec,pm_dec,radial_velocity
[from data line 281]
2.6479456941045822,-51.51200585719943,13.000000000000007,7.455105690096149,-3.281455053771011,1.6841534259744676e-14
2.6318874993547356,-51.51244199738625,13.000000000000007,7.454701964509762,-3.2828473560516747,-1.6841534259744676e-14
2.6158290057025946,-51.512876044839324,13.000000000000004,7.454297721717588,-3.2842397078575916,0.0
2.5997702145776183,-51.5133079994846,13.000000000000007,7.453892961762274,-3.2856321087422047,0.0
2.5837111274094697,-51.51373786124841,13.000000000000009,7.453487684686762,-3.287024558258959,5.0524602779234026e-14
2.567651745627734,-51.514165630057384,13.000000000000007,7.453081890534235,-3.28841705596131,-1.6841534259744676e-14
2.55159207066247,-51.514591305838564,13.000000000000009,7.452675579348156,-3.289809601402685,1.6841534259744676e-14
2.535532103943936,-51.515014888519296,13.000000000000007,7.452268751172265,-3.2912021941365097,0.0
2.5194718469023156,-51.51543637802731,13.000000000000007,7.451861406050549,-3.2925948337162234,1.6841534259744676e-14
2.5034113009682577,-51.515855774290664,13.000000000000007,7.451453544027284,-3.293987519695242,1.6841534259744676e-14
2.4873504675726115,-51.51627307723778,13.000000000000007,7.451045165147009,-3.2953802516269697,0.0
2.471289348146144,-51.51668828679742,13.000000000000007,7.450636269454524,-3.296773029064838,-1.6841534259744676e-14
2.4552279441200895,-51.51710140289873,13.000000000000007,7.450226856994904,-3.2981658515622456,0.0
2.4391662569257857,-51.51751242547117,13.000000000000007,7.449816927813495,-3.2995587186725968,0.0
2.42310428799485,-51.51792135444455,13.000000000000004,7.449406481955913,-3.3009516299492843,1.6841534259744676e-14
2.40704203875882,-51.518328189749084,13.000000000000007,7.448995519468023,-3.302344584945723,1.6841534259744676e-14
2.3909795106496956,-51.51873293131527,13.000000000000007,7.448584040395985,-3.303737583215299,-1.6841534259744676e-14
2.374916705099664,-51.51913557907401,13.000000000000007,7.44817204478622,-3.3051306243113983,-3.368306851948935e-14
2.358853623540827,-51.51953613295654,13.000000000000004,7.447759532685403,-3.3065237077874294,-1.6841534259744676e-14
2.34279026740575,-51.51993459289442,13.000000000000007,7.447346504140493,-3.3079168331967717,1.6841534259744676e-14
2.3267266381271785,-51.52033095881961,13.000000000000009,7.4469329591987155,-3.3093100000928013,0.0
2.310662737137776,-51.520725230664404,13.000000000000007,7.44651889790756,-3.3107032080289267,0.0
2.294598565870659,-51.521117408361434,13.000000000000004,7.446104320314783,-3.3120964565585247,-1.6841534259744676e-14
2.278534125759035,-51.5215074918437,13.000000000000007,7.445689226468414,-3.3134897452349756,-3.368306851948935e-14
2.2624694182363894,-51.52189548104455,13.000000000000007,7.445273616416759,-3.314883073611659,5.0524602779234026e-14
2.246404444736111,-51.52228137589768,13.000000000000007,7.444857490208373,-3.3162764412419765,0.0
2.230339206692046,-51.52266517633714,13.000000000000007,7.444440847892093,-3.317669847679305,1.6841534259744676e-14
2.2142737055382162,-51.52304688229735,13.000000000000007,7.444023689517027,-3.319063292477022,-1.6841534259744676e-14
2.198207942708549,-51.523426493713046,13.000000000000005,7.443606015132535,-3.3204567751885317,0.0
2.182141919637424,-51.52380401051936,13.000000000000007,7.443187824788266,-3.321850295367212,-1.6841534259744676e-14
2.166075637759398,-51.52417943265175,13.000000000000007,7.4427691185341285,-3.3232438525664465,0.0
2.1500090985089244,-51.52455276004602,13.000000000000007,7.442349896420288,-3.324637446339643,1.6841534259744676e-14
2.133942303320912,-51.52492399263835,13.000000000000004,7.4419301584972,-3.3260310762401892,5.0524602779234026e-14
2.1178752536303453,-51.525293130365256,13.000000000000007,7.44150990481557,-3.3274247418214777,3.368306851948935e-14
2.101807950872477,-51.5256601731636,13.000000000000007,7.441089135426393,-3.328818442636903,-3.368306851948935e-14
2.085740396482456,-51.526025120970644,13.000000000000009,7.440667850380901,-3.3302121782398846,0.0
2.069672591895875,-51.526387973723935,13.000000000000007,7.440246049730624,-3.331605948183819,-1.6841534259744676e-14
2.0536045385484973,-51.52674873136143,13.000000000000007,7.43982373352735,-3.332999752022107,0.0
2.0375362378759805,-51.5271073938214,13.000000000000007,7.439400901823126,-3.3343935893081813,0.0
2.021467691314422,-51.527463961042486,13.000000000000007,7.438977554670276,-3.335787459595453,-3.368306851948935e-14
2.0053989003000927,-51.527818432963684,13.000000000000007,7.438553692121401,-3.3371813624373337,-1.6841534259744676e-14
1.9893298662691472,-51.52817080952435,13.000000000000005,7.438129314229353,-3.338575297387271,0.0
1.973260590658182,-51.52852109066417,13.000000000000009,7.437704421047258,-3.3399692639986904,0.0
1.9571910749038675,-51.5288692763232,13.000000000000007,7.437279012628519,-3.3413632618250295,0.0
1.9411213204431275,-51.52921536644186,13.000000000000007,7.436853089026806,-3.3427572904197262,-1.6841534259744676e-14
1.925051328712773,-51.52955936096088,13.000000000000007,7.436426650296038,-3.34415134933625,0.0
1.9089811011500506,-51.5299012598214,13.000000000000007,7.435999696490423,-3.3455454381280485,1.6841534259744676e-14
1.8929106391923676,-51.53024106296488,13.000000000000007,7.435572227664434,-3.3469395563485804,1.6841534259744676e-14
1.8768399442770156,-51.53057877033313,13.000000000000007,7.435144243872803,-3.348333703551333,0.0
1.8607690178417187,-51.530914381868335,13.000000000000007,7.434715745170536,-3.349727879289782,-3.368306851948935e-14
1.8446978613243559,-51.53124789751301,13.000000000000009,7.4342867316129135,-3.3511220831173993,-5.0524602779234026e-14
1.8286264761626931,-51.53157931721007,13.000000000000007,7.433857203255472,-3.3525163145877044,-1.6841534259744676e-14
1.8125548637949218,-51.531908640902714,13.000000000000004,7.433427160154022,-3.3539105732541916,3.368306851948935e-14
1.7964830256592967,-51.53223586853455,13.000000000000007,7.432996602364639,-3.3553048586703706,5.0524602779234026e-14
1.7804109631943181,-51.5325610000495,13.000000000000007,7.432565529943679,-3.356699170389758,-1.6841534259744676e-14
1.7643386778383645,-51.53288403539188,13.000000000000007,7.432133942947747,-3.3580935079659033,-3.368306851948935e-14
1.748266171030241,-51.53320497450635,13.000000000000007,7.431701841433729,-3.3594878709523375,0.0
1.7321934442089006,-51.53352381733788,13.000000000000007,7.431269225458779,-3.3608822589026026,-3.368306851948935e-14
1.716120498813172,-51.53384056383187,13.000000000000007,7.430836095080308,-3.3622766713702794,-1.6841534259744676e-14
1.700047336282309,-51.53415521393401,13.000000000000009,7.430402450356007,-3.3636711079089308,-5.0524602779234026e-14
1.6839739580557105,-51.53446776759036,13.000000000000009,7.4299682913438305,-3.365065568072132,-3.368306851948935e-14
1.6679003655726496,-51.534778224747356,13.000000000000009,7.429533618101998,-3.366460051413493,0.0
1.6518265602728177,-51.53508658535178,13.000000000000007,7.429098430689001,-3.367854557486613,-5.0524602779234026e-14
1.6357525435959588,-51.53539284935074,13.000000000000007,7.428662729163596,-3.369249085845109,-5.0524602779234026e-14
1.6196783169820541,-51.53569701669174,13.000000000000009,7.428226513584816,-3.370643636042602,-1.6841534259744676e-14
1.6036038818709537,-51.53599908732261,13.000000000000005,7.427789784011947,-3.372038207632754,-1.6841534259744676e-14
1.58752923970292,-51.536299061191535,13.000000000000004,7.427352540504549,-3.37343280016921,-5.0524602779234026e-14
1.5714543919183592,-51.53659693824707,13.000000000000009,7.4269147831224585,-3.3748274132056273,1.6841534259744676e-14
1.5553793399575435,-51.53689271843813,13.000000000000004,7.426476511925771,-3.3762220462957124,0.0
1.5393040852611555,-51.53718640171395,13.000000000000007,7.42603772697484,-3.377616698993145,-1.6841534259744676e-14
1.5232286292700181,-51.53747798802416,13.000000000000007,7.425598428330318,-3.3790113708516296,-3.368306851948935e-14
1.5071529734248152,-51.5377674773187,13.000000000000007,7.425158616053087,-3.3804060614249085,0.0
1.4910771191666423,-51.53805486954793,13.000000000000007,7.424718290204321,-3.38180077026671,-1.6841534259744676e-14
1.475001067936639,-51.53834016466249,13.000000000000005,7.424277450845459,-3.3831954969307887,1.6841534259744676e-14
1.4589248211761663,-51.53862336261341,13.000000000000004,7.423836098038203,-3.3845902409709057,-1.6841534259744676e-14
1.4428483803264482,-51.53890446335209,13.000000000000004,7.423394231844519,-3.3859850019408606,-1.6841534259744676e-14
1.4267717468291141,-51.53918346683026,13.000000000000007,7.422951852326643,-3.387379779394448,-5.0524602779234026e-14
1.4106949221259244,-51.53946037300003,13.000000000000007,7.422508959547091,-3.388774572885474,0.0
1.3946179076584937,-51.539735181813825,13.000000000000007,7.422065553568629,-3.390169381967791,-5.0524602779234026e-14
1.378540704868843,-51.540007893224484,13.000000000000007,7.421621634454296,-3.391564206195241,0.0
1.3624633151991183,-51.54027850718512,13.000000000000007,7.421177202267404,-3.3929590451216805,-5.0524602779234026e-14
1.3463857400913206,-51.54054702364928,13.000000000000009,7.420732257071524,-3.3943538983010137,-3.368306851948935e-14
1.3303079809878515,-51.54081344257083,13.000000000000007,7.420286798930502,-3.3957487652871343,-1.6841534259744676e-14
1.3142300393311461,-51.54107776390398,13.000000000000007,7.419840827908443,-3.3971436456339617,0.0
1.2981519165638535,-51.54133998760331,13.000000000000007,7.419394344069736,-3.3985385388954277,-3.368306851948935e-14
1.2820736141284754,-51.54160011362376,13.000000000000007,7.418947347479012,-3.399933444625508,-3.368306851948935e-14
1.265995133467907,-51.54185814192064,13.000000000000004,7.418499838201192,-3.401328362378169,0.0
1.2499164760251662,-51.542114072449564,13.000000000000009,7.418051816301445,-3.4027232917073986,0.0
1.2338376432431175,-51.542367905166536,13.000000000000007,7.417603281845229,-3.4041182321672325,-3.368306851948935e-14
1.2177586365650181,-51.54261964002792,13.000000000000007,7.417154234898246,-3.4055131833116956,0.0
1.2016794574342446,-51.54286927699042,13.000000000000007,7.416704675526488,-3.4069081446948353,-3.368306851948935e-14
1.1856001072940165,-51.54311681601112,13.000000000000007,7.416254603796195,-3.4083031158707477,0.0
1.1695205875879446,-51.54336225704743,13.000000000000007,7.415804019773876,-3.40969809639352,1.6841534259744676e-14
1.1534408997596621,-51.5436056000571,13.000000000000009,7.415352923526323,-3.4110930858172703,-5.0524602779234026e-14
1.1373610452530096,-51.5438468449983,13.000000000000007,7.414901315120585,-3.4124880836961324,-3.368306851948935e-14
1.121281025511669,-51.544085991829505,13.000000000000007,7.414449194623969,-3.413883089584284,-5.0524602779234026e-14
1.1052008419797044,-51.54432304050956,13.000000000000007,7.413996562104059,-3.4152781030359023,-3.368306851948935e-14
1.0891204961012975,-51.54455799099766,13.000000000000007,7.413543417628708,-3.4166731236051833,0.0
1.0730399893204603,-51.54479084325337,13.000000000000007,7.413089761266033,-3.418068150846376,3.368306851948935e-14
1.056959323081593,-51.54502159723657,13.000000000000007,7.412635593084411,-3.4194631843137238,-3.368306851948935e-14
1.0408784988292032,-51.54525025290756,13.000000000000004,7.412180913152497,-3.420858223561493,0.0
1.0247975180076332,-51.545476810226944,13.000000000000007,7.411725721539199,-3.422253268144,0.0
1.008716382061604,-51.54570126915571,13.000000000000004,7.41127001831371,-3.4236483176155623,0.0
0.9926350924358536,-51.54592362965516,13.000000000000007,7.410813803545469,-3.425043371530525,-6.73661370389787e-14
0.9765536505753145,-51.54614389168703,13.000000000000009,7.410357077304203,-3.426438429443253,-3.368306851948935e-14
0.9604720579247507,-51.54636205521333,13.000000000000007,7.40989983965989,-3.427833490908163,-8.420767129872338e-14
0.9443903159293009,-51.546578120196486,13.000000000000007,7.409442090682776,-3.429228555479666,-1.6841534259744676e-14
0.9283084260342084,-51.546792086599226,13.000000000000005,7.408983830443387,-3.430623622712204,-5.0524602779234026e-14
0.9122263896845398,-51.547003954384685,13.00000000000001,7.408525059012489,-3.4320186921602653,-3.368306851948935e-14
0.8961442083257407,-51.54721372351633,13.000000000000007,7.408065776461143,-3.433413763378346,-1.6841534259744676e-14
0.8800618834033517,-51.54742139395794,13.000000000000009,7.407605982860665,-3.434808835920961,-1.0104920555846805e-13
0.8639794163627383,-51.54762696567377,13.000000000000007,7.4071456782826255,-3.4362039093426833,0.0
0.8478968086496393,-51.5478304386283,13.000000000000007,7.406684862798882,-3.4375989831980824,-3.368306851948935e-14
0.8318140617097963,-51.548031812786455,13.000000000000007,7.406223536481541,-3.4389940570417674,0.0
0.8157311769891364,-51.54823108811346,13.000000000000007,7.405761699402993,-3.440389130428367,-3.368306851948935e-14
0.7996481559334095,-51.54842826457493,13.000000000000007,7.405299351635873,-3.44178420291256,-5.0524602779234026e-14
0.7835649999887312,-51.54862334213682,13.000000000000005,7.4048364932530975,-3.443179274049033,-5.0524602779234026e-14
0.7674817106013091,-51.548816320765454,13.000000000000009,7.404373124327846,-3.4445743433924934,-6.73661370389787e-14
0.7513982892171693,-51.5490072004275,13.000000000000004,7.4039092449335655,-3.445969410497714,-3.368306851948935e-14
0.7353147372827001,-51.54919598109,13.000000000000007,7.4034448551439604,-3.4473644749194596,-1.6841534259744676e-14
0.7192310562443818,-51.54938266272031,13.000000000000004,7.4029799550330155,-3.4487595362125347,0.0
0.7031472475485055,-51.5495672452862,13.000000000000007,7.402514544674959,-3.450154593931792,-5.0524602779234026e-14
0.6870633126417282,-51.54974972875576,13.000000000000007,7.402048624144311,-3.4515496476320937,-5.0524602779234026e-14
0.6709792529706973,-51.54993011309744,13.000000000000007,7.40158219351584,-3.4529446968683395,-1.6841534259744676e-14
0.6548950699822409,-51.55010839828005,13.000000000000007,7.401115252864597,-3.454339741195448,-1.6841534259744676e-14
0.6388107651229944,-51.55028458427275,13.000000000000007,7.400647802265869,-3.4557347801684,-3.368306851948935e-14
0.6227263398399521,-51.550458671045085,13.000000000000007,7.4001798417952385,-3.4571298133421795,-3.368306851948935e-14
0.6066417955801906,-51.550630658566924,13.000000000000007,7.399711371528548,-3.458524840271801,-5.0524602779234026e-14
0.5905571337905947,-51.5508005468085,13.000000000000007,7.399242391541888,-3.45991986051234,-1.6841534259744676e-14
0.5744723559184017,-51.550968335740414,13.000000000000004,7.398772901911633,-3.4613148736188757,-1.6841534259744676e-14
0.5583874634109308,-51.551134025333596,13.000000000000005,7.3983029027144145,-3.4627098791465203,-5.0524602779234026e-14
0.5423024577153035,-51.55129761555938,13.000000000000007,7.397832394027128,-3.4641048766504468,-3.368306851948935e-14
0.5262173402789949,-51.5514591063894,13.000000000000005,7.397361375926943,-3.4654998656858353,-3.368306851948935e-14
0.5101321125494643,-51.551618497795694,13.000000000000007,7.396889848491289,-3.4668948458079036,-5.0524602779234026e-14
0.49404677597433794,-51.551775789750636,13.000000000000005,7.3964178117978605,-3.4682898165719025,-6.73661370389787e-14
0.47796133200104274,-51.551930982226956,13.000000000000007,7.395945265924617,-3.4696847775331356,-5.0524602779234026e-14
0.4618757820773537,-51.55208407519775,13.000000000000007,7.395472210949781,-3.471079728246922,-1.6841534259744676e-14
0.44579012765111803,-51.552235068636435,13.000000000000007,7.394998646951851,-3.4724746682686085,-5.0524602779234026e-14
0.42970437016998103,-51.552383962516835,13.000000000000009,7.394524574009575,-3.4738695971536093,-6.73661370389787e-14
0.41361851108193226,-51.55253075681313,13.000000000000007,7.394049992201979,-3.4752645144573435,-5.0524602779234026e-14
0.3975325518350313,-51.55267545149979,13.000000000000004,7.393574901608349,-3.4766594197352694,-1.6841534259744676e-14
