galstreams/tracks/track.st.Gaia-8.ibata2024.ecsv
# %ECSV 1.0
# ---
# datatype:
# - {name: ra, unit: deg, datatype: float64}
# - {name: dec, unit: deg, datatype: float64}
# - {name: distance, unit: kpc, datatype: float64}
# - {name: pm_ra_cosdec, unit: mas / yr, datatype: float64}
# - {name: pm_dec, unit: mas / yr, datatype: float64}
# - {name: radial_velocity, unit: km / s, datatype: float64}
# delimiter: ','
# meta: !!omap
# - __serialized_columns__:
#     dec:
#       __class__: astropy.coordinates.angles.Latitude
#       unit: &id001 !astropy.units.Unit {unit: deg}
#       value: !astropy.table.SerializedColumn {name: dec}
#     distance:
#       __class__: astropy.coordinates.distances.Distance
#       unit: !astropy.units.Unit {unit: kpc}
#       value: !astropy.table.SerializedColumn {name: distance}
#     pm_dec:
#       __class__: astropy.units.quantity.Quantity
#       unit: !astropy.units.Unit {unit: mas / yr}
#       value: !astropy.table.SerializedColumn {name: pm_dec}
#     pm_ra_cosdec:
#       __class__: astropy.units.quantity.Quantity
#       unit: !astropy.units.Unit {unit: mas / yr}
#       value: !astropy.table.SerializedColumn {name: pm_ra_cosdec}
#     ra:
#       __class__: astropy.coordinates.angles.Longitude
#       unit: *id001
#       value: !astropy.table.SerializedColumn {name: ra}
#       wrap_angle: !astropy.coordinates.Angle
#         unit: *id001
#         value: 360.0
#     radial_velocity:
#       __class__: astropy.units.quantity.Quantity
#       unit: !astropy.units.Unit {unit: km / s}
#       value: !astropy.table.SerializedColumn {name: radial_velocity}
# schema: astropy-2.0
ra,dec,distance,pm_ra_cosdec,pm_dec,radial_velocity
[from data line 1990]
185.75468376714352,-23.823194781766517,0.9999999999999993,-9.171614532800891,-8.20018464178741,169.77635958558747
185.76319452033147,-23.816908214656593,0.9999999999999994,-9.172175128998116,-8.200757388171587,169.71877579533947
185.77170491180425,-23.81062173655153,0.9999999999999993,-9.172735578030416,-8.201329801846132,169.6611982305856
185.7802149423812,-23.80433534817788,0.9999999999999993,-9.173295879632803,-8.201901882822304,169.60362687720044
185.78872461288154,-23.798049050262215,0.9999999999999991,-9.173856033540346,-8.202473631111278,169.54606172105838
185.79723392412447,-23.79176284353089,0.9999999999999992,-9.174416039488039,-8.203045046724132,169.4885027480339
185.80574287692937,-23.78547672871013,0.9999999999999992,-9.174975897210933,-8.203616129671891,169.43094994400136
185.8142514721154,-23.779190706526144,0.9999999999999993,-9.175535606444061,-8.20418687996549,169.37340329483536
185.8227597105019,-23.772904777704866,0.9999999999999993,-9.17609516692244,-8.204757297615805,169.3158627864102
185.83126759290806,-23.76661894297227,0.9999999999999992,-9.176654578381093,-8.205327382633598,169.25832840460038
185.83977512015318,-23.76033320305408,0.9999999999999993,-9.177213840555051,-8.205897135029588,169.20080013528042
185.84828229305657,-23.754047558675925,0.9999999999999992,-9.177772953179327,-8.206466554814414,169.14327796432465
185.8567891124374,-23.74776201056339,0.9999999999999993,-9.178331915988927,-8.207035641998596,169.0857618776077
185.865295579115,-23.741476559441818,0.9999999999999993,-9.17889072871887,-8.207604396592627,169.0282518610038
185.87380169390863,-23.735191206036557,0.9999999999999993,-9.17944939110419,-8.208172818606904,168.97074790038752
185.88230745763752,-23.72890595107274,0.9999999999999992,-9.180007902879872,-8.208740908051729,168.9132499816334
185.89081287112103,-23.722620795275354,0.9999999999999993,-9.180566263780939,-8.209308664937357,168.85575809061564
185.8993179351783,-23.716335739369406,0.9999999999999993,-9.18112447354239,-8.20987608927395,168.79827221320897
185.90782265062867,-23.710050784079616,0.9999999999999993,-9.181682531899233,-8.210443181071575,168.74079233528767
185.91632701829135,-23.70376593013073,0.9999999999999993,-9.182240438586472,-8.211009940340258,168.68331844272626
185.92483103898567,-23.69748117824726,0.9999999999999993,-9.182798193339107,-8.211576367089918,168.6258505213991
185.9333347135309,-23.691196529153615,0.9999999999999992,-9.183355795892139,-8.212142461330412,168.56838855718075
185.94183804274627,-23.68491198357417,0.9999999999999992,-9.18391324598057,-8.212708223071507,168.51093253594564
185.9503410274511,-23.678627542233052,0.9999999999999993,-9.184470543339383,-8.213273652322906,168.45348244356813
185.95884366846457,-23.67234320585439,0.9999999999999992,-9.185027687703593,-8.213838749094224,168.39603826592275
185.967345966606,-23.666058975162098,0.9999999999999992,-9.18558467880817,-8.214403513395004,168.33859998888394
185.9758479226947,-23.65977485087998,0.9999999999999994,-9.186141516388124,-8.214967945234708,168.28116759832614
185.9843495375498,-23.65349083373181,0.9999999999999994,-9.186698200178428,-8.215532044622721,168.22374108012383
185.99285081199073,-23.647206924441097,0.9999999999999994,-9.187254729914082,-8.216095811568357,168.16632042015144
186.00135174683663,-23.64092312373138,0.9999999999999993,-9.187811105330079,-8.216659246080837,168.10890560428342
186.00985234290684,-23.63463943232597,0.9999999999999993,-9.188367326161394,-8.217222348169322,168.05149661839417
186.0183526010206,-23.628355850948047,0.9999999999999993,-9.188923392143009,-8.217785117842897,167.99409344835817
186.02685252199717,-23.622072380320812,0.9999999999999993,-9.189479303009911,-8.218347555110537,167.93669608004996
186.03535210665584,-23.61578902116715,0.9999999999999992,-9.190035058497074,-8.21890965998118,167.879304499344
186.0438513558158,-23.60950577421001,0.9999999999999992,-9.190590658339492,-8.219471432463667,167.82191869211445
186.05235027029636,-23.60322264017209,0.9999999999999992,-9.191146102272146,-8.220032872566765,167.7645386442361
186.06084885091684,-23.596939619775988,0.9999999999999993,-9.191701390029994,-8.220593980299167,167.70716434158325
186.0693470984964,-23.590656713744277,0.9999999999999992,-9.192256521348034,-8.221154755669467,167.64979577003035
186.0778450138544,-23.584373922799266,0.9999999999999992,-9.19281149596123,-8.221715198686216,167.5924329154519
186.08634259781,-23.5780912476633,0.9999999999999992,-9.193366313604571,-8.22227530935786,167.53507576372232
186.09483985118248,-23.57180868905847,0.9999999999999991,-9.19392097401301,-8.222835087692784,167.47772430071603
186.1033367747912,-23.565526247706778,0.9999999999999992,-9.194475476921536,-8.223394533699286,167.42037851230756
186.1118333694553,-23.559243924330193,0.9999999999999993,-9.195029822065123,-8.223953647385603,167.3630383843713
186.12032963599407,-23.552961719650437,0.9999999999999992,-9.19558400917872,-8.224512428759867,167.30570390278166
186.12882557522676,-23.54667963438925,0.9999999999999992,-9.196138037997326,-8.225070877830145,167.2483750534132
186.13732118797262,-23.54039766926813,0.9999999999999991,-9.196691908255907,-8.225628994604445,167.19105182214028
186.14581647505094,-23.534115825008477,0.9999999999999993,-9.197245619689397,-8.226186779090666,167.13373419483747
186.1543114372809,-23.52783410233167,0.9999999999999992,-9.197799172032807,-8.226744231296651,167.07642215737908
186.16280607548188,-23.521552501958823,0.9999999999999993,-9.198352565021091,-8.227301351230178,167.01911569563958
186.171300390473,-23.51527102461108,0.9999999999999996,-9.198905798389214,-8.227858138898899,166.9618147954935
186.17979438307347,-23.508989671009363,0.9999999999999994,-9.199458871872135,-8.228414594310438,166.90451944281526
186.18828805410274,-23.50270844187446,0.9999999999999993,-9.200011785204842,-8.228970717472325,166.84722962347925
186.19678140437983,-23.49642733792716,0.9999999999999993,-9.20056453812228,-8.229526508392007,166.78994532336
186.20527443472415,-23.490146359887987,0.9999999999999994,-9.201117130359421,-8.230081967076854,166.73266652833198
186.21376714595482,-23.483865508477493,0.9999999999999994,-9.201669561651237,-8.230637093534165,166.67539322426953
186.22225953889108,-23.47758478441599,0.9999999999999992,-9.202221831732674,-8.23119188777116,166.61812539704712
186.23075161435233,-23.471304188423684,0.9999999999999994,-9.202773940338723,-8.23174634979499,166.5608630325393
186.23924337315762,-23.46502372122077,0.9999999999999996,-9.203325887204318,-8.232300479612704,166.50360611662046
186.2477348161263,-23.458743383527192,0.9999999999999992,-9.203877672064454,-8.232854277231302,166.44635463516505
186.25622594407747,-23.452463176062885,0.9999999999999994,-9.204429294654062,-8.233407742657693,166.38910857404747
186.26471675783048,-23.446183099547586,0.9999999999999993,-9.204980754708139,-8.233960875898703,166.33186791914224
186.2732072582046,-23.43990315470092,0.9999999999999993,-9.205532051961619,-8.234513676961098,166.27463265632394
186.28169744601888,-23.433623342242477,0.9999999999999992,-9.206083186149488,-8.235066145851546,166.21740277146668
186.29018732209272,-23.427343662891598,0.9999999999999992,-9.2066341570067,-8.235618282576665,166.16017825044514
186.29867688724522,-23.421064117367653,0.9999999999999993,-9.207184964268215,-8.236170087142973,166.10295907913383
186.30716614229564,-23.414784706389778,0.9999999999999993,-9.207735607669001,-8.236721559556916,166.04574524340697
186.31565508806324,-23.408505430677003,0.9999999999999994,-9.208286086944012,-8.237272699824864,165.9885367291393
186.32414372536715,-23.402226290948345,0.9999999999999993,-9.208836401828233,-8.23782350795311,165.93133352220508
186.3326320550267,-23.395947287922546,0.9999999999999993,-9.209386552056607,-8.238373983947872,165.8741356084787
186.34112007786095,-23.389668422318387,0.9999999999999994,-9.209936537364108,-8.238924127815293,165.81694297383478
186.3496077946892,-23.383389694854436,0.9999999999999994,-9.210486357485692,-8.239473939561424,165.75975560414773
186.35809520633072,-23.377111106249114,0.9999999999999993,-9.211036012156331,-8.240023419192273,165.7025734852919
186.36658231360457,-23.37083265722085,0.9999999999999994,-9.211585501110989,-8.240572566713725,165.64539660314182
186.37506911733004,-23.36455434848781,0.9999999999999996,-9.212134824084627,-8.241121382131627,165.58822494357196
186.3835556183263,-23.358276180768197,0.9999999999999994,-9.212683980812226,-8.241669865451733,165.53105849245674
186.39204181741258,-23.351998154779967,0.9999999999999994,-9.213232971028738,-8.242218016679708,165.47389723567056
186.40052771540806,-23.34572027124098,0.9999999999999994,-9.213781794469122,-8.242765835821162,165.416741159088
186.40901331313188,-23.339442530869075,0.9999999999999992,-9.214330450868367,-8.243313322881612,165.35959024858334
186.41749861140332,-23.33316493438183,0.9999999999999994,-9.214878939961428,-8.243860477866523,165.30244449003112
186.42598361104146,-23.32688748249686,0.9999999999999994,-9.215427261483274,-8.24440730078124,165.24530386930584
186.43446831286553,-23.32061017593156,0.9999999999999994,-9.21597541516888,-8.244953791631067,165.18816837228195
186.44295271769477,-23.314333015403175,0.9999999999999993,-9.216523400753198,-8.24549995042123,165.1310379848337
186.45143682634824,-23.308056001628984,0.9999999999999993,-9.217071217971224,-8.24604577715685,165.07391269283585
186.45992063964522,-23.30177913532598,0.9999999999999994,-9.217618866557899,-8.246591271842998,165.01679248216269
186.4684041584048,-23.295502417211186,0.9999999999999994,-9.21816634624823,-8.247136434484661,164.95967733868858
186.47688738344618,-23.28922584800142,0.9999999999999994,-9.218713656777167,-8.247681265086738,164.90256724828816
186.48537031558857,-23.282949428413353,0.9999999999999994,-9.219260797879686,-8.248225763654073,164.84546219683574
186.49385295565105,-23.27667315916367,0.9999999999999993,-9.219807769290775,-8.248769930191411,164.78836217020583
186.50233530445286,-23.2703970409688,0.9999999999999994,-9.220354570745394,-8.249313764703437,164.73126715427284
186.51081736281307,-23.264121074545173,0.9999999999999996,-9.220901201978524,-8.24985726719475,164.67417713491128
186.51929913155087,-23.257845260609034,0.9999999999999994,-9.22144766272515,-8.250400437669867,164.61709209799557
186.52778061148544,-23.251569599876472,0.9999999999999996,-9.221993952720233,-8.250943276133246,164.5600120294001
186.5362618034359,-23.245294093063606,0.9999999999999993,-9.222540071698788,-8.25148578258926,164.5029369149994
186.54474270822138,-23.239018740886266,0.9999999999999993,-9.22308601939575,-8.252027957042184,164.44586674066795
186.55322332666103,-23.23274354406032,0.9999999999999994,-9.223631795546144,-8.252569799496253,164.3888014922801
186.56170365957396,-23.22646850330142,0.9999999999999996,-9.22417739988493,-8.2531113099556,164.33174115571038
186.57018370777936,-23.220193619325105,0.9999999999999993,-9.224722832147087,-8.25365248842429,164.2746857168332
186.57866347209628,-23.21391889284689,0.9999999999999992,-9.225268092067623,-8.25419333490631,164.217635161523
186.58714295334394,-23.207644324582034,0.9999999999999996,-9.22581317938151,-8.254733849405579,164.16058947565426
186.59562215234132,-23.20136991524584,0.9999999999999994,-9.226358093823738,-8.255274031925914,164.10354864510143
186.60410106990764,-23.195095665553392,0.9999999999999993,-9.226902835129303,-8.255813882471072,164.046512655739
186.61257970686205,-23.18882157621962,0.9999999999999994,-9.227447403033189,-8.256353401044759,163.98948149344133
186.62105806402357,-23.182547647959495,0.9999999999999993,-9.227991797270409,-8.256892587650544,163.9324551440829
186.6295361422114,-23.1762738814877,0.9999999999999993,-9.22853601757594,-8.257431442291985,163.8754335935382
186.6380139422445,-23.17000027751896,0.9999999999999994,-9.229080063684775,-8.257969964972512,163.8184168276817
186.64649146494205,-23.163726836767765,0.9999999999999993,-9.229623935331926,-8.258508155695498,163.76140483238765
186.6549687111232,-23.157453559948507,0.9999999999999993,-9.230167632252382,-8.259046014464253,163.70439759353079
186.6634456816069,-23.15118044777556,0.9999999999999994,-9.230711154181147,-8.259583541281994,163.64739509698543
186.6719223772124,-23.14490750096304,0.9999999999999993,-9.231254500853236,-8.26012073615186,163.59039732862598
186.68039879875866,-23.138634720225106,0.9999999999999993,-9.23179767200364,-8.260657599076922,163.53340427432693
186.6888749470648,-23.132362106275675,0.9999999999999993,-9.232340667367362,-8.261194130060161,163.47641591996282
186.6973508229499,-23.126089659828562,0.9999999999999993,-9.232883486679423,-8.261730329104509,163.41943225140795
186.70582642723298,-23.119817381597578,0.9999999999999994,-9.233426129674825,-8.262266196212796,163.3624532545369
186.71430176073318,-23.11354527229627,0.9999999999999994,-9.233968596088587,-8.262801731387777,163.305478915224
186.7227768242695,-23.107273332638215,0.9999999999999994,-9.234510885655723,-8.263336934632145,163.2485092193438
186.73125161866102,-23.10100156333678,0.9999999999999993,-9.235052998111254,-8.263871805948494,163.19154415277066
186.7397261447268,-23.094729965105195,0.9999999999999994,-9.235594933190173,-8.264406345339378,163.1345837013791
186.74820040328586,-23.088458538656706,0.9999999999999994,-9.236136690627529,-8.26494055280724,163.0776278510435
186.7566743951573,-23.082187284704297,0.9999999999999996,-9.236678270158329,-8.265474428354459,163.0206765876385
186.76514812116005,-23.07591620396098,0.9999999999999994,-9.237219671517611,-8.266007971983337,162.96372989703835
186.77362158211326,-23.06964529713953,0.9999999999999994,-9.2377608944404,-8.266541183696095,162.90678776511749
186.78209477883593,-23.063374564952642,0.9999999999999994,-9.238301938661703,-8.267074063494903,162.84985017775054
186.790567712147,-23.057104008112987,0.9999999999999994,-9.23884280391658,-8.26760661138181,162.7929171208118
186.79904038286563,-23.05083362733297,0.9999999999999993,-9.23938348994004,-8.268138827358829,162.73598858017579
186.8075127918107,-23.044563423325048,0.9999999999999993,-9.239923996467141,-8.268670711427866,162.6790645417169
186.8159849398013,-23.038293396801432,0.9999999999999994,-9.24046432323291,-8.269202263590781,162.62214499130974
186.82445682765643,-23.03202354847425,0.9999999999999993,-9.241004469972378,-8.269733483849336,162.5652299148286
186.83292845619505,-23.0257538790556,0.9999999999999994,-9.241544436420618,-8.270264372205215,162.50831929814788
186.84139982623623,-23.019484389257343,0.9999999999999994,-9.242084222312641,-8.270794928660038,162.4514131271423
186.84987093859885,-23.013215079791348,0.9999999999999994,-9.242623827383525,-8.271325153215352,162.39451138768598
186.85834179410196,-23.00694595136928,0.9999999999999994,-9.243163251368298,-8.271855045872611,162.3376140656536
186.86681239356463,-23.000677004702702,0.9999999999999994,-9.243702494002033,-8.272384606633201,162.28072114691955
186.87528273780566,-22.99440824050314,0.9999999999999994,-9.24424155501977,-8.272913835498434,162.22383261735823
186.88375282764417,-22.988139659481902,0.9999999999999994,-9.244780434156578,-8.273442732469547,162.1669484628441
186.892222663899,-22.9818712623503,0.9999999999999994,-9.245319131147498,-8.273971297547687,162.11006866925172
186.90069224738917,-22.975603049819433,0.9999999999999994,-9.245857645727627,-8.274499530733943,162.05319322245543
186.90916157893372,-22.96933502260029,0.9999999999999994,-9.246395977632009,-8.275027432029324,161.9963221083297
186.91763065935146,-22.963067181403858,0.9999999999999992,-9.246934126595722,-8.275555001434752,161.93945531274898
186.92609948946142,-22.956799526940866,0.9999999999999994,-9.247472092353824,-8.276082238951082,161.88259282158776
186.93456807008246,-22.950532059922082,0.9999999999999993,-9.248009874641419,-8.27660914457909,161.82573462072045
