galstreams/tracks/track.st.Monoceros.ramos2020b.ecsv
# %ECSV 0.9
# ---
# datatype:
# - {name: ra, unit: deg, datatype: float64}
# - {name: dec, unit: deg, datatype: float64}
# - {name: distance, unit: kpc, datatype: float64}
# - {name: pm_ra_cosdec, unit: mas / yr, datatype: float64}
# - {name: pm_dec, unit: mas / yr, datatype: float64}
# - {name: radial_velocity, unit: km / s, datatype: float64}
# delimiter: ','
# meta: !!omap
# - __serialized_columns__:
#     dec:
#       __class__: astropy.coordinates.angles.Latitude
#       unit: &id001 !astropy.units.Unit {unit: deg}
#       value: !astropy.table.SerializedColumn {name: dec}
#     distance:
#       __class__: astropy.coordinates.distances.Distance
#       unit: !astropy.units.Unit {unit: kpc}
#       value: !astropy.table.SerializedColumn {name: distance}
#     pm_dec:
#       __class__: astropy.units.quantity.Quantity
#       unit: !astropy.units.Unit {unit: mas / yr}
#       value: !astropy.table.SerializedColumn {name: pm_dec}
#     pm_ra_cosdec:
#       __class__: astropy.units.quantity.Quantity
#       unit: !astropy.units.Unit {unit: mas / yr}
#       value: !astropy.table.SerializedColumn {name: pm_ra_cosdec}
#     ra:
#       __class__: astropy.coordinates.angles.Longitude
#       unit: *id001
#       value: !astropy.table.SerializedColumn {name: ra}
#       wrap_angle: !astropy.coordinates.Angle
#         unit: *id001
#         value: 360.0
#     radial_velocity:
#       __class__: astropy.units.quantity.Quantity
#       unit: !astropy.units.Unit {unit: km / s}
#       value: !astropy.table.SerializedColumn {name: radial_velocity}
# schema: astropy-2.0
ra,dec,distance,pm_ra_cosdec,pm_dec,radial_velocity
[from data line 141]
111.74272304961559,43.494208190931246,10.59999999999998,-0.019231241638435342,-0.9361493243620247,4.210383564936169e-15
111.91137819373029,43.295167199907596,10.599999999999978,-0.025694122070969105,-0.9378020552353115,1.2631150694808506e-14
112.08110506785683,43.09649925406122,10.59999999999998,-0.03240224392385399,-0.9391773405870907,1.2631150694808506e-14
112.25181627189689,42.898174625200674,10.599999999999978,-0.03935377575836452,-0.9402668332847186,4.210383564936169e-15
112.42340820008378,42.700159286992964,10.599999999999978,-0.04654536378913851,-0.941063257512724,8.420767129872338e-15
112.59576069044486,42.5024148937901,10.599999999999978,-0.053972090727707256,-0.9415604997316248,1.2631150694808506e-14
112.76873673500242,42.30489877915999,10.599999999999978,-0.06162744080098847,-0.9417536973332568,1.2631150694808506e-14
112.94218225547317,42.107563974280026,10.599999999999977,-0.06950327126772216,-0.9416393243454134,0.0
113.11592594935355,41.91035924622577,10.59999999999998,-0.07758979072759836,-0.9412152734920622,1.2631150694808506e-14
113.28977921139636,41.71322915606384,10.599999999999977,-0.08587554448730539,-0.940480933869311,4.210383564936169e-15
113.46353613558672,41.51611413654288,10.599999999999977,-0.09434740721541529,-0.9394372634522618,1.2631150694808506e-14
113.63697360281657,41.318950589069864,10.599999999999978,-0.10299058308455986,-0.9380868556046138,4.210383564936169e-15
113.80985145952783,41.12167099956778,10.599999999999977,-0.11178861356536698,-0.9364339987220683,8.420767129872338e-15
113.98191279264962,40.924204072736096,10.599999999999977,-0.12072339300299081,-0.9344847281030282,8.420767129872338e-15
114.15288430618824,40.72647488418288,10.599999999999977,-0.1297751920746166,-0.9322468691065291,8.420767129872338e-15
114.32247680484132,40.52840504987104,10.599999999999978,-0.13892268919605805,-0.9297300706285814,1.2631150694808506e-14
114.49038578999661,40.32991291232455,10.599999999999977,-0.14814300991852847,-0.9269458279049303,4.210383564936169e-15
114.65629217344204,40.130913743078196,10.599999999999975,-0.15741177433400394,-0.9239074936314027,8.420767129872338e-15
114.819863114054,39.931319960931106,10.599999999999975,-0.1667031524904211,-0.9206302763832853,0.0
114.98075298264766,39.73104136568274,10.599999999999977,-0.1759899278075125,-0.9171312253132136,1.6841534259744676e-14
115.13860446006244,39.529985387194905,10.599999999999975,-0.1852435684814988,-0.9134292001135451,8.420767129872338e-15
115.29304977342223,39.328057349837486,10.599999999999977,-0.19443430687334584,-0.9095448252446693,8.420767129872338e-15
115.44371207534894,39.12516075264185,10.599999999999978,-0.20353122689190348,-0.9055004274556796,8.420767129872338e-15
115.59020697072522,38.92119756580621,10.599999999999978,-0.2125023594109672,-0.9013199556586773,2.1051917824680846e-14
115.73214419539278,38.716068544572956,10.599999999999978,-0.22131478579898867,-0.8970288822629754,8.420767129872338e-15
115.86912945094431,38.509673561929866,10.599999999999978,-0.2299347496924942,-0.8926540851307178,1.2631150694808506e-14
116.00076639951519,38.301911962073945,10.599999999999978,-0.23832777720960016,-0.8882237093809706,0.0
116.12665882221096,38.09268293711627,10.599999999999978,-0.24645880587859675,-0.8837670083449283,1.2631150694808506e-14
116.24641294452093,37.88188593009709,10.599999999999978,-0.2542923226481391,-0.8793141630602234,0.0
116.35963993176541,37.66942106801412,10.59999999999998,-0.2617925114496645,-0.87489607978678,8.420767129872338e-15
116.465958557313,37.45518962924198,10.599999999999978,-0.2689234108982568,-0.8705441651294943,1.2631150694808506e-14
116.56499804598342,37.23909455042301,10.599999999999978,-0.2756490828439306,-0.86629007846317,8.420767129872338e-15
116.65640109472871,37.02104097863407,10.59999999999998,-0.2819337926193391,-0.8621654614713079,4.210383564936169e-15
116.73982707236438,36.80093687536456,10.599999999999982,-0.2877422019697973,-0.8582016447308942,4.210383564936169e-15
116.81495539980868,36.578693679565006,10.599999999999982,-0.29303957579441475,-0.854429331398372,8.420767129872338e-15
116.88148911199225,36.354227037725465,10.599999999999984,-0.2977920039695675,-0.8508782581751686,4.210383564936169e-15
116.93915860232758,36.127457609600995,10.599999999999985,-0.30196663966395526,-0.8475768338518117,4.210383564936169e-15
116.98772555039204,35.898311958794444,10.599999999999984,-0.3055319556836643,-0.8445517558446809,0.0
117.02698703329037,35.66672353791315,10.599999999999985,-0.30845802050098386,-0.8418276052452458,0.0
117.05677982103872,35.43263377840895,10.599999999999985,-0.3107167957169052,-0.8394264209941293,4.210383564936169e-15
117.07698485626901,35.19599329546332,10.599999999999985,-0.3122824567784769,-0.8373672538669807,1.2631150694808506e-14
117.0875319186119,34.95676321836103,10.599999999999985,-0.31313173881254674,-0.8356657010107906,0.0
117.08840447429849,34.71491665667653,10.599999999999987,-0.31324430944060105,-0.8343334217923505,0.0
117.07964471185613,34.470440312243056,10.599999999999989,-0.31260317039918345,-0.8333776357088396,4.210383564936169e-15
117.06135876528674,34.22333624625312,10.59999999999999,-0.31119508970037446,-0.8328006030574386,0.0
117.0337221268407,33.97362380991469,10.59999999999999,-0.3090110659209191,-0.8325990889593051,0.0
116.99698525247234,33.721341745825846,10.599999999999993,-0.3060468260008197,-0.8327638111757945,8.420767129872338e-15
116.95147936431617,33.466550465596036,10.599999999999996,-0.3023033576569566,-0.8332788719337856,1.2631150694808506e-14
116.89762245609901,33.209334507199785,10.599999999999996,-0.2977874771692886,-0.8341211736845269,4.210383564936169e-15
116.83592550933977,32.949805173063204,10.599999999999998,-0.29251243287155004,-0.8352598183488076,0.0
116.76699893052509,32.688103346920876,10.6,-0.28649854417057985,-0.8366554891427384,4.210383564936169e-15
116.69155922222444,32.4244024840055,10.600000000000001,-0.27977387532417336,-0.8382598135257671,1.2631150694808506e-14
116.61043590436162,32.15891176511038,10.600000000000009,-0.27237494252231986,-0.8400147051588354,8.420767129872338e-15
116.52457870562083,31.891879400459214,10.600000000000007,-0.26434745203609095,-0.8418516819995212,1.2631150694808506e-14
116.435065049272,31.623596064090016,10.60000000000001,-0.2557470663166973,-0.843691156786974,8.420767129872338e-15
116.34310786257288,31.354398433566313,10.600000000000014,-0.24664019393683456,-0.84544169517735,1.894672604221276e-14
116.25006374436828,31.084672803220315,10.600000000000017,-0.23710479815739674,-0.8469992356756029,2.7367493172085098e-14
116.15744153157866,30.814858731744977,10.600000000000021,-0.22723121766080442,-0.8482462642673998,1.6841534259744676e-14
116.06691131195927,30.545452676711285,10.600000000000026,-0.21712299159776552,-0.8490509352806312,1.0525958912340423e-14
