galstreams/tracks/track.st.Indus.shipp2019.ecsv
# %ECSV 0.9
# ---
# datatype:
# - {name: ra, unit: deg, datatype: float64}
# - {name: dec, unit: deg, datatype: float64}
# - {name: distance, unit: kpc, datatype: float64}
# - {name: pm_ra_cosdec, unit: mas / yr, datatype: float64}
# - {name: pm_dec, unit: mas / yr, datatype: float64}
# - {name: radial_velocity, unit: km / s, datatype: float64}
# delimiter: ','
# meta: !!omap
# - __serialized_columns__:
#     dec:
#       __class__: astropy.coordinates.angles.Latitude
#       unit: &id001 !astropy.units.Unit {unit: deg}
#       value: !astropy.table.SerializedColumn {name: dec}
#     distance:
#       __class__: astropy.coordinates.distances.Distance
#       unit: !astropy.units.Unit {unit: kpc}
#       value: !astropy.table.SerializedColumn {name: distance}
#     pm_dec:
#       __class__: astropy.units.quantity.Quantity
#       unit: !astropy.units.Unit {unit: mas / yr}
#       value: !astropy.table.SerializedColumn {name: pm_dec}
#     pm_ra_cosdec:
#       __class__: astropy.units.quantity.Quantity
#       unit: !astropy.units.Unit {unit: mas / yr}
#       value: !astropy.table.SerializedColumn {name: pm_ra_cosdec}
#     ra:
#       __class__: astropy.coordinates.angles.Longitude
#       unit: *id001
#       value: !astropy.table.SerializedColumn {name: ra}
#       wrap_angle: !astropy.coordinates.Angle
#         unit: *id001
#         value: 360.0
#     radial_velocity:
#       __class__: astropy.units.quantity.Quantity
#       unit: !astropy.units.Unit {unit: km / s}
#       value: !astropy.table.SerializedColumn {name: radial_velocity}
# schema: astropy-2.0
ra,dec,distance,pm_ra_cosdec,pm_dec,radial_velocity
[from data line 277]
327.2409464009331,-54.03715310428843,16.600000000013164,2.540180804654155,-4.858206003630321,6.045942383905741e-09
327.2525439113504,-54.044524140303125,16.60000000001314,2.5409149018570982,-4.858245546199438,6.029707144879348e-09
327.2641446450099,-54.051894475152544,16.60000000001313,2.5416493604372015,-4.858285074386584,6.013404539715915e-09
327.27574860376126,-54.05926410837694,16.600000000013114,2.542384180649228,-4.858324587967723,5.9971693006895205e-09
327.28735578945515,-54.06663303951623,16.600000000013093,2.5431193627480435,-4.858364086718576,5.98073196325201e-09
327.298966203943,-54.074001268110024,16.60000000001308,2.5438549069886167,-4.858403570414616,5.964530407294136e-09
327.31057984907744,-54.081368793697656,16.60000000001306,2.544590813626046,-4.858443038831076,5.948261485199222e-09
327.32219672671175,-54.088735615818074,16.60000000001304,2.5453270829155086,-4.858482491742945,5.932093612309868e-09
327.3338168387001,-54.0961017340099,16.60000000001303,2.546063715112298,-4.85852192892497,5.915824690214954e-09
327.34544018689786,-54.10346714781146,16.60000000001301,2.5468007104718207,-4.858561350151653,5.899656817325599e-09
327.35706677316097,-54.11083185676075,16.600000000012997,2.547538069249578,-4.858600755197255,5.883421578299205e-09
327.36869659934644,-54.11819586039537,16.60000000001298,2.5482757917011822,-4.8586401438357925,5.867118973135772e-09
327.38032966731237,-54.125559158252784,16.60000000001296,2.549013878082366,-4.858679515841027,5.850984783314937e-09
327.39196597891754,-54.132921749869936,16.600000000012944,2.5497523286489487,-4.858718870986485,5.8347832273570625e-09
327.40360553602164,-54.14028363478356,16.60000000001293,2.550491143656865,-4.858758209045455,5.818716403673266e-09
327.4152483404854,-54.14764481252998,16.600000000012912,2.551230323362147,-4.858797529790964,5.802481164646872e-09
327.42689439417035,-54.15500528264522,16.600000000012898,2.551969868020948,-4.858836832995805,5.7863806578945566e-09
327.4385436989391,-54.162365044665066,16.60000000001288,2.5527097778895196,-4.858876118432519,5.770145418868162e-09
327.45019625665503,-54.16972409812488,16.60000000001287,2.553450053224215,-4.858915385873405,5.753977545978808e-09
327.46185206918256,-54.17708244255972,16.600000000012848,2.5541906942815054,-4.858954635090517,5.7378770392264915e-09
327.47351113838687,-54.18444007750432,16.600000000012834,2.5549317013179547,-4.858993865855654,5.721709166337137e-09
327.4851734661341,-54.19179700249305,16.60000000001282,2.555673074590233,-4.8590330779403805,5.705608659584821e-09
327.4968390542914,-54.19915321706007,16.600000000012802,2.5564148143551346,-4.8590722711160055,5.689508152832505e-09
327.5085079047268,-54.206508720739095,16.600000000012784,2.5571569208695415,-4.859111445153594,5.67330659687463e-09
327.52018001930924,-54.21386351306356,16.60000000001277,2.5578993943904456,-4.85915059982396,5.657239773190834e-09
327.5318553999086,-54.22121759356655,16.600000000012752,2.558642235174946,-4.859189734897678,5.6411392664385185e-09
327.54353404839554,-54.22857096178084,16.600000000012738,2.5593854434802514,-4.859228850145063,5.625139808891761e-09
327.55521596664175,-54.235923617238825,16.600000000012724,2.560129019563661,-4.859267945336193,5.609072985207964e-09
327.5669011565199,-54.24327555947271,16.600000000012706,2.5608729636826015,-4.859307020240891,5.59290511231861e-09
327.57858961990354,-54.250626788014216,16.600000000012688,2.5616172760945966,-4.859346074628732,5.576939337840372e-09
327.5902813586671,-54.25797730239483,16.60000000001267,2.562361957057261,-4.859385108269043,5.560973563362133e-09
327.6019763746858,-54.26532710214563,16.600000000012656,2.563107006828335,-4.859424120930904,5.544906739678337e-09
327.61367466983603,-54.272676186797405,16.600000000012642,2.5638524256656465,-4.859463112383147,5.528772549857502e-09
327.625376245995,-54.28002455588068,16.600000000012628,2.5645982138271504,-4.859502082394341,5.512705726173705e-09
327.6370811050408,-54.28737220892557,16.60000000001261,2.565344371570893,-4.859541030732824,5.496773634763987e-09
327.6487892488525,-54.29471914546184,16.600000000012592,2.566090899155022,-4.85957995716667,5.4807741772172295e-09
327.66050067931,-54.30206536501899,16.600000000012578,2.566837796837799,-4.859618861463709,5.464774719670472e-09
327.67221539829416,-54.30941086712609,16.600000000012564,2.56758506487758,-4.85965774339152,5.4487415790551955e-09
327.6839334076868,-54.31675565131206,16.60000000001255,2.568332703532845,-4.859696602717428,5.432775804576957e-09
327.69565470937073,-54.32409971710531,16.600000000012535,2.5690807130621627,-4.85973543920851,5.416877396235758e-09
327.7073793052295,-54.331443064034,16.60000000001252,2.56982909372421,-4.859774252631589,5.40091162175752e-09
327.7191071971476,-54.33878569162592,16.600000000012507,2.570577845777767,-4.859813042753242,5.384945847279282e-09
327.7308383870105,-54.34612759940852,16.60000000001249,2.5713269694817216,-4.859851809339789,5.368879023595486e-09
327.7425728767048,-54.353468786909026,16.60000000001248,2.5720764650950745,-4.859890552157294,5.352980615254287e-09
327.7543106681177,-54.360809253654196,16.60000000001246,2.5728263328769168,-4.859929270971578,5.337048523844569e-09
327.76605176313734,-54.36814899917052,16.600000000012447,2.573576573086452,-4.8599679655482,5.321183798571889e-09
327.777796163653,-54.375488022984136,16.600000000012432,2.5743271859829857,-4.860006635652476,5.305251707162171e-09
327.78954387155477,-54.38282632462085,16.600000000012418,2.5750781718259264,-4.860045281049463,5.289353298820972e-09
327.8012948887335,-54.390163903606094,16.6000000000124,2.575829530874789,-4.860083901503968,5.273454890479773e-09
327.8130492170813,-54.3975007594651,16.600000000012386,2.5765812633891985,-4.860122496780533,5.257623848275613e-09
327.8248068584909,-54.40483689172263,16.600000000012376,2.5773333696288714,-4.860161066643462,5.241725439934414e-09
327.83656781485615,-54.41217229990315,16.600000000012354,2.5780858498536485,-4.860199610856799,5.225827031593215e-09
327.8483320880717,-54.41950698353079,16.60000000001234,2.578838704323451,-4.860238129184326,5.210063355526094e-09
327.86009968003304,-54.426840942129296,16.600000000012326,2.5795919332983104,-4.860276621389585,5.194097581047856e-09
327.8718705926369,-54.43417417522223,16.60000000001231,2.5803455370383785,-4.860315087235849,5.178232855775176e-09
327.8836448277807,-54.44150668233268,16.600000000012294,2.5810995158039,-4.860353526486143,5.162300764365458e-09
327.89542238736277,-54.448838462983424,16.600000000012287,2.581853869855217,-4.8603919389032315,5.146638137503895e-09
327.90720327328245,-54.45616951669691,16.600000000012272,2.5826085994527856,-4.860430324249637,5.130739729162696e-09
327.91898748743984,-54.46349984299522,16.60000000001226,2.583363704857158,-4.86046868228761,5.1150097361640944e-09
327.9307750317363,-54.47082944140021,16.60000000001224,2.584119186328999,-4.860507012779152,5.0991113278228955e-09
327.94256590807373,-54.478158311433276,16.600000000012226,2.584875044129068,-4.860545315486005,5.083246602550216e-09
327.9543601183553,-54.48548645261553,16.600000000012212,2.58563127851824,-4.860583590169658,5.067617658757173e-09
327.96615766448474,-54.492813864467735,16.600000000012194,2.586387889757477,-4.860621836591347,5.051786616553013e-09
327.977958548367,-54.5001405465103,16.600000000012184,2.587144878107855,-4.8606600545120395,5.036022940485892e-09
327.98976277190775,-54.50746649826327,16.600000000012173,2.5879022438305515,-4.860698243692454,5.02032663055581e-09
328.0015703370138,-54.51479171924649,16.60000000001216,2.5886599871868508,-4.860736403893051,5.004428222214611e-09
328.01338124559277,-54.52211620897931,16.60000000001214,2.5894181084381387,-4.860774534874028,4.988731912284529e-09
328.0251954995532,-54.52943996698082,16.60000000001213,2.590176607845904,-4.860812636395323,4.9730692854229665e-09
328.0370131008044,-54.53676299276971,16.600000000012113,2.5909354856717286,-4.860850708216633,4.957271926287326e-09
328.04883405125685,-54.54408528586435,16.6000000000121,2.5916947421773084,-4.8608887500973745,4.941541933288724e-09
328.060658352822,-54.55140684578288,16.600000000012088,2.5924543776244495,-4.860926761796714,4.9259129894956815e-09
328.0724860074119,-54.55872767204294,16.60000000001207,2.5932143922750477,-4.860964743073561,4.9100819472915214e-09
328.08431701693985,-54.56604776416192,16.60000000001206,2.5939747863911022,-4.86100269368656,4.894520369635518e-09
328.09615138331986,-54.573367121656815,16.600000000012045,2.594735560234726,-4.861040613394103,4.878891425842474e-09
328.1079891084668,-54.580685744044274,16.60000000001203,2.5954967140681156,-4.861078501954322,4.863060383638314e-09
328.119830194297,-54.588003630840724,16.600000000012017,2.5962582481535943,-4.861116359125073,4.847431439845271e-09
328.131674642727,-54.59532078156212,16.600000000011995,2.5970201627535747,-4.861154184663974,4.831768812983709e-09
328.1435224556747,-54.60263719572413,16.600000000011992,2.597782458130575,-4.861191978328366,4.816106186122146e-09
328.1553736350589,-54.60995287284204,16.600000000011978,2.5985451345472046,-4.861229739875338,4.800409876192064e-09
328.16722818279897,-54.617267812430796,16.600000000011963,2.5993081922661903,-4.8612674690617155,4.784915664673099e-09
328.17908610081577,-54.62458201400511,16.60000000001195,2.6000716315503585,-4.86130516564406,4.769185671674498e-09
328.19094739103065,-54.63189547707921,16.60000000001194,2.6008354526626354,-4.861342829378668,4.753624094018493e-09
328.20281205536617,-54.63920820116703,16.60000000001192,2.601599655866052,-4.8613804600215875,4.737961467156931e-09
328.21468009574545,-54.64652018578218,16.600000000011907,2.6023642414237296,-4.861418057328592,4.722298840295368e-09
328.22655151409293,-54.65383143043787,16.600000000011896,2.6031292095989076,-4.861455621055197,4.706770945707884e-09
328.2384263123338,-54.66114193464706,16.60000000001188,2.603894560654925,-4.861493150956651,4.691243051120399e-09
328.25030449239415,-54.66845169792231,16.60000000001187,2.6046602948552127,-4.861530646787946,4.675647790395876e-09
328.262186056201,-54.67576071977581,16.600000000011857,2.605426412463311,-4.861568108303809,4.660086212739871e-09
328.2740710056825,-54.68306899971942,16.600000000011846,2.6061929137428663,-4.861605535258696,4.644558318152387e-09
328.2859593427674,-54.690376537264676,16.60000000001183,2.6069597989576128,-4.861642927406811,4.628963057427863e-09
328.2978510693855,-54.69768333192271,16.600000000011818,2.6077270683713927,-4.861680284502088,4.613401479771859e-09
328.30974618746774,-54.70498938320445,16.600000000011804,2.6084947222481647,-4.861717606298194,4.597873585184375e-09
328.3216446989457,-54.712294690620325,16.60000000001179,2.6092627608519665,-4.861754892548536,4.582379373665409e-09
328.333546605752,-54.719599253680464,16.60000000001178,2.610031184446951,-4.861792143006252,4.5668177960094056e-09
328.34545190982027,-54.726903071894675,16.600000000011764,2.610799993297368,-4.861829357424221,4.55139095062748e-09
328.3573606130848,-54.734206144772344,16.600000000011754,2.6115691876675617,-4.861866535555054,4.535795689902956e-09
328.3692727174811,-54.74150847182267,16.60000000001174,2.6123387678219947,-4.861903677151089,4.52036884452103e-09
328.3811882249457,-54.74881005255433,16.600000000011725,2.613108734025225,-4.86194078196441,4.504975682207623e-09
328.3931071374155,-54.75611088647573,16.60000000001171,2.6138790865418935,-4.861977849746829,4.48931305534606e-09
328.40502945682897,-54.76341097309494,16.600000000011697,2.6146498256367687,-4.86201488024989,4.473987259169693e-09
328.416955185125,-54.7707103119196,16.600000000011693,2.615420951574695,-4.862051873224876,4.458526730719247e-09
328.4288843242438,-54.778008902457145,16.60000000001168,2.616192464620646,-4.862088828422793,4.443099885337321e-09
328.4408168761264,-54.78530674421453,16.60000000001166,2.6169643650396734,-4.862125745594394,4.427571990749836e-09
328.4527528427145,-54.79260383669842,16.60000000001165,2.617736653096941,-4.862162624490153,4.412111462299391e-09
328.4646922259511,-54.79990017941512,16.600000000011633,2.6185093290577033,-4.8621994648602795,4.396751983054504e-09
328.47663502777993,-54.80719577187056,16.60000000001163,2.619282393187321,-4.862236266454715,4.381325137672578e-09
328.4885812501455,-54.81449061357032,16.600000000011615,2.6200558457512595,-4.8622730290231395,4.36599934149621e-09
328.5005308949937,-54.82178470401973,16.600000000011605,2.62082968701508,-4.862309752314954,4.350538813045765e-09
328.51248396427087,-54.82907804272363,16.600000000011587,2.6216039172444474,-4.862346436079296,4.335179333800877e-09
328.5244404599246,-54.83637062918659,16.600000000011573,2.6223785367051207,-4.862383080065035,4.31978617148747e-09
328.5364003839033,-54.84366246291279,16.60000000001157,2.623153545662966,-4.862419684020763,4.3044603753111026e-09
328.5483637381562,-54.85095354340603,16.60000000001155,2.6239289443839393,-4.862456247694823,4.288966163792138e-09
328.5603305246337,-54.85824387016991,16.60000000001154,2.624704733134113,-4.862492770835258,4.2736740506842895e-09
328.5723007452869,-54.865533442707495,16.600000000011523,2.6254809121796505,-4.862529253189869,4.258381937576441e-09
328.584274402068,-54.872822260521595,16.600000000011512,2.6262574817868094,-4.862565694506173,4.243022458331554e-09
328.59625149693,-54.880110323114614,16.600000000011505,2.627034442221954,-4.862602094531412,4.2277640282922255e-09
328.60823203182684,-54.88739762998862,16.60000000001149,2.627811793751542,-4.8626384530125755,4.212438232115858e-09
328.62021600871356,-54.89468418064539,16.60000000001148,2.62858953664215,-4.862674769696358,4.19711243593949e-09
328.63220342954594,-54.90196997458629,16.60000000001147,2.6293676711604266,-4.8627110443292,4.181820322831642e-09
328.64419429628066,-54.9092550113123,16.600000000011455,2.630146197573139,-4.86274727665727,4.166359794381197e-09
328.65618861087563,-54.91653929032411,16.60000000001144,2.630925116147149,-4.86278346642645,4.151135047410387e-09
328.66818637528934,-54.92382281112197,16.600000000011434,2.6317044271494106,-4.862819613382367,4.135910300439578e-09
328.68018759148146,-54.931105573205926,16.60000000001142,2.6324841308469953,-4.862855717270364,4.120786602674327e-09
328.69219226141234,-54.93838757607552,16.60000000001141,2.633264227507052,-4.86289177783552,4.1053934403609205e-09
328.70420038704356,-54.94566881923001,16.6000000000114,2.634044717396841,-4.862927794822632,4.090168693390112e-09
328.71621197033744,-54.95294930216826,16.600000000011388,2.634825600783722,-4.862963767976227,4.0750113125563415e-09
328.72822701325714,-54.9602290243888,16.600000000011374,2.635606877935146,-4.86299969704057,4.0595844671744156e-09
328.74024551776705,-54.96750798538978,16.600000000011363,2.6363885491186716,-4.863035581759633,4.0445281355462034e-09
328.75226748583225,-54.97478618466909,16.60000000001135,2.6371706146019536,-4.863071421877127,4.029269705506875e-09
328.76429291941884,-54.982063621724144,16.600000000011338,2.6379530746527413,-4.863107217136484,4.014078641604585e-09
328.7763218204938,-54.989340296052035,16.60000000001133,2.6387359295388864,-4.863142967280859,3.998752845428217e-09
328.7883541910252,-54.996616207149515,16.60000000001132,2.6395191795283415,-4.863178672053142,3.9836628307314864e-09
328.80039003298174,-55.00389135451291,16.600000000011306,2.6403028248891482,-4.863214331195939,3.968438083760677e-09
328.8124293483333,-55.01116573763834,16.600000000011295,2.6410868658894566,-4.8632499444515815,3.953280702926907e-09
328.82447213905067,-55.01843935602145,16.600000000011285,2.641871302797517,-4.863285511562131,3.9381570051616565e-09
328.83651840710553,-55.025712209157525,16.60000000001127,2.6426561358816683,-4.863321032269365,3.9230333073964055e-09
328.84856815447034,-55.032984296541514,16.60000000001126,2.6434413654103466,-4.863356506314793,3.907943292699674e-09
