galstreams/tracks/track.st.Gaia-1.ibata2021.ecsv
# %ECSV 0.9
# ---
# datatype:
# - {name: ra, unit: deg, datatype: float64}
# - {name: dec, unit: deg, datatype: float64}
# - {name: distance, unit: kpc, datatype: float64}
# - {name: pm_ra_cosdec, unit: mas / yr, datatype: float64}
# - {name: pm_dec, unit: mas / yr, datatype: float64}
# - {name: radial_velocity, unit: km / s, datatype: float64}
# delimiter: ','
# meta: !!omap
# - __serialized_columns__:
#     dec:
#       __class__: astropy.coordinates.angles.Latitude
#       unit: &id001 !astropy.units.Unit {unit: deg}
#       value: !astropy.table.SerializedColumn {name: dec}
#     distance:
#       __class__: astropy.coordinates.distances.Distance
#       unit: !astropy.units.Unit {unit: kpc}
#       value: !astropy.table.SerializedColumn {name: distance}
#     pm_dec:
#       __class__: astropy.units.quantity.Quantity
#       unit: !astropy.units.Unit {unit: mas / yr}
#       value: !astropy.table.SerializedColumn {name: pm_dec}
#     pm_ra_cosdec:
#       __class__: astropy.units.quantity.Quantity
#       unit: !astropy.units.Unit {unit: mas / yr}
#       value: !astropy.table.SerializedColumn {name: pm_ra_cosdec}
#     ra:
#       __class__: astropy.coordinates.angles.Longitude
#       unit: *id001
#       value: !astropy.table.SerializedColumn {name: ra}
#       wrap_angle: !astropy.coordinates.Angle
#         unit: *id001
#         value: 360.0
#     radial_velocity:
#       __class__: astropy.units.quantity.Quantity
#       unit: !astropy.units.Unit {unit: km / s}
#       value: !astropy.table.SerializedColumn {name: radial_velocity}
# schema: astropy-2.0
ra,dec,distance,pm_ra_cosdec,pm_dec,radial_velocity
[from data line 3258]
202.09656252397957,5.916757446537153,4.637477302317662,-16.699935501070527,-20.971412659858704,2.5262301389617013e-14
202.1024782542847,5.924846351191131,4.636752224157611,-16.701036317219753,-20.970837058888407,-1.6841534259744676e-14
202.10839402022535,5.932935290636256,4.636026453238569,-16.70213680601062,-20.970260070580036,5.0524602779234026e-14
202.11430982179053,5.941024264966429,4.635299989271698,-16.703236967196176,-20.969681694916186,1.0946997268834039e-13
202.1202256589693,5.949113274275571,4.634572831968169,-16.70433680052933,-20.969101931879532,1.0946997268834039e-13
202.12614153175068,5.957202318657608,4.633844981039149,-16.70543630576284,-20.96852078145279,5.0524602779234026e-14
202.1320574401237,5.965291398206499,4.633116436195805,-16.70653548264936,-20.967938243618782,2.5262301389617013e-14
202.1379733840774,5.973380513016189,4.6323871971493045,-16.707634330941378,-20.96735431836038,6.73661370389787e-14
202.1438893636009,5.981469663180664,4.631657263610812,-16.708732850391286,-20.966769005660563,-3.368306851948935e-14
202.14980537868317,5.989558848793903,4.6309266352915,-16.709831040751286,-20.966182305502336,-1.6841534259744676e-14
202.1557214293133,5.997648069949907,4.630195311902533,-16.710928901773503,-20.965594217868812,1.0946997268834039e-13
202.16163751548038,6.0057373267426915,4.629463293155081,-16.712026433209875,-20.965004742743147,1.5999457546757442e-13
202.1675536371735,6.0138266192662995,4.628730578760307,-16.713123634812263,-20.964413880108626,9.262843842859572e-14
202.17346979438176,6.0219159476147635,4.627997168429383,-16.71422050633234,-20.96382162994853,8.420767129872338e-14
202.17938598709418,6.030005311882146,4.627263061873472,-16.71531704752168,-20.963227992246296,8.420767129872338e-15
202.1853022152999,6.038094712162522,4.626528258803745,-16.716413258131695,-20.962632966985353,-4.210383564936169e-14
202.19121847898802,6.0461841485499725,4.625792758931369,-16.717509137913687,-20.962036554149268,-8.420767129872338e-15
202.1971347781476,6.054273621138598,4.62505656196751,-16.718604686618807,-20.961438753721648,1.0104920555846805e-13
202.20305111276787,6.0623631300225265,4.624319667623336,-16.719699903998084,-20.96083956568617,1.5999457546757442e-13
202.20896748283783,6.0704526752958845,4.623582075610015,-16.7207947898024,-20.960238990026618,0.0
202.2148838883467,6.078542257052805,4.622843785638714,-16.721889343782514,-20.95963702672681,-1.6841534259744676e-14
202.22080032928355,6.086631875387461,4.622104797420598,-16.722983565689045,-20.959033675770666,-3.368306851948935e-14
202.22671680563752,6.094721530394016,4.62136511066684,-16.72407745527246,-20.95842893714215,3.368306851948935e-14
202.23263331739776,6.102811222166664,4.620624725088605,-16.72517101228313,-20.95782281082534,1.0104920555846805e-13
202.23854986455345,6.110900950799597,4.619883640397057,-16.72626423647127,-20.957215296804367,1.2631150694808508e-13
202.2444664470937,6.118990716387052,4.619141856303367,-16.727357127586952,-20.956606395063417,1.6841534259744677e-13
202.25038306500775,6.127080519023246,4.618399372518701,-16.728449685380124,-20.955996105586774,2.2736071250655313e-13
202.2562997182847,6.1351703588024264,4.6176561887542285,-16.729541909600606,-20.955384428358798,1.0946997268834039e-13
202.26221640691375,6.143260235818862,4.616912304721115,-16.730633799998067,-20.95477136336389,1.0104920555846805e-13
202.26813313088408,6.151350150166813,4.616167720130528,-16.731725356322055,-20.954156910586576,1.0946997268834039e-13
202.2740498901849,6.159440101940573,4.6154224346936354,-16.732816578321987,-20.95354107001143,5.0524602779234026e-14
202.27996668480534,6.167530091234456,4.614676448121606,-16.733907465747112,-20.952923841623058,7.578690416885104e-14
202.28588351473465,6.175620118142776,4.613929760125604,-16.734998018346605,-20.952305225406228,6.73661370389787e-14
202.29180037996204,6.183710182759864,4.613182370416799,-16.736088235869456,-20.95168522134571,2.5262301389617013e-14
202.2977172804767,6.191800285180071,4.61243427870636,-16.73717811806452,-20.951063829426364,1.347322740779574e-13
202.30363421626788,6.199890425497763,4.6116854847054505,-16.738267664680567,-20.95044104963316,5.0524602779234026e-14
202.30955118732473,6.207980603807308,4.61093598812524,-16.73935687546618,-20.949816881951104,1.6841534259744677e-13
202.3154681936366,6.216070820203107,4.610185788676895,-16.740445750169837,-20.949191326365273,1.2631150694808508e-13
202.32138523519262,6.22416107477957,4.609434886071586,-16.741534288539857,-20.94856438286084,2.3578147963642546e-13
202.32730231198212,6.232251367631112,4.608683280020477,-16.742622490324468,-20.94793605142306,3.368306851948935e-14
202.33321942399425,6.2403416988521725,4.607930970234738,-16.743710355271713,-20.947306332037222,1.5999457546757442e-13
202.33913657121838,6.248432068537206,4.607177956425534,-16.74479788312953,-20.946675224688722,1.515738083377021e-13
202.34505375364367,6.256522476780674,4.606424238304034,-16.74588507364573,-20.94604272936303,1.4315304120782974e-13
202.35097097125947,6.264612923677061,4.605669815581407,-16.74697192656795,-20.945408846045666,3.368306851948935e-14
202.35688822405498,6.272703409320869,4.604914687968815,-16.74805844164376,-20.944773574722262,1.515738083377021e-13
202.36280551201955,6.280793933806602,4.604158855177431,-16.749144618620516,-20.94413691537849,1.1789073981821273e-13
202.36872283514242,6.288884497228788,4.6034023169184195,-16.750230457245493,-20.943498868000102,8.420767129872338e-14
202.37464019341292,6.296975099681974,4.602645072902949,-16.75131595726583,-20.942859432572952,5.0524602779234026e-14
202.3805575868203,6.305065741260703,4.601887122842188,-16.752401118428505,-20.94221860908293,1.515738083377021e-13
202.3864750153539,6.313156422059569,4.6011284664473004,-16.753485940480388,-20.94157639751603,6.73661370389787e-14
202.39239247900306,6.321247142173143,4.600369103429457,-16.754570423168197,-20.940932797858313,1.2631150694808508e-13
202.39830997775704,6.32933790169603,4.599609033499825,-16.75565456623852,-20.940287810095903,1.6841534259744677e-13
202.40422751160523,6.337428700722846,4.598848256369571,-16.756738369437812,-20.939641434214998,1.2631150694808508e-13
202.4101450805369,6.345519539348229,4.59808677174986,-16.757821832512423,-20.93899367020191,8.420767129872338e-15
202.4160626845414,6.353610417666812,4.597324579351864,-16.758904955208507,-20.938344518042967,1.0104920555846805e-13
202.4219803236081,6.361701335773276,4.596561678886748,-16.75998773727213,-20.93769397772461,1.0946997268834039e-13
202.42789799772632,6.369792293762289,4.595798070065681,-16.761070178449216,-20.937042049233337,2.020984111169361e-13
202.43381570688544,6.377883291728544,4.595033752599828,-16.762152278485562,-20.936388732555752,8.420767129872338e-14
202.43973345107486,6.385974329766759,4.594268726200354,-16.76323403712681,-20.935734027678503,-8.420767129872338e-15
202.44565123028386,6.394065407971637,4.593502990578435,-16.764315454118467,-20.9350779345883,2.020984111169361e-13
202.45156904450187,6.402156526437934,4.592736545445232,-16.765396529205937,-20.934420453271965,5.894536990910637e-14
202.45748689371825,6.410247685260397,4.591969390511915,-16.76647726213445,-20.933761583716368,1.1789073981821273e-13
202.4634047779224,6.4183388845338,4.591201525489648,-16.767557652649153,-20.933101325908495,1.6841534259744677e-13
202.46932269710373,6.426430124352927,4.5904329500896015,-16.76863770049501,-20.932439679835348,1.1789073981821273e-13
202.47524065125162,6.434521404812577,4.589663664022942,-16.76971740541687,-20.93177664548404,5.0524602779234026e-14
202.4811586403555,6.442612726007569,4.588893667000839,-16.77079676715945,-20.93111222284174,1.1789073981821273e-13
202.48707666440475,6.4507040880327216,4.5881229587344565,-16.77187578546733,-20.93044641189574,6.73661370389787e-14
202.49299472338882,6.4587954909828955,4.587351538934964,-16.772954460084968,-20.929779212633342,1.0104920555846805e-13
202.49891281729714,6.466886934952952,4.586579407313528,-16.77403279075666,-20.929110625041954,5.0524602779234026e-14
202.50483094611909,6.474978420037761,4.585806563581317,-16.775110777226597,-20.92844064910907,1.5999457546757442e-13
202.51074910984414,6.483069946332222,4.585033007449498,-16.77618841923883,-20.927769284822247,2.1051917824680845e-13
202.5166673084618,6.491161513931243,4.584258738629238,-16.777265716537265,-20.927096532169102,9.262843842859572e-14
202.52258554196143,6.499253122929742,4.583483756831704,-16.778342668865676,-20.926422391137365,1.515738083377021e-13
202.52850381033252,6.50734477342267,4.582708061768065,-16.779419275967715,-20.92574686171481,1.515738083377021e-13
202.53442211356455,6.51543646550498,4.581931653149487,-16.780495537586884,-20.925069943889284,4.210383564936169e-14
202.54034045164698,6.523528199271631,4.581154530687138,-16.781571453466572,-20.924391637648746,7.578690416885104e-14
202.54625882456926,6.531619974817626,4.580376694092187,-16.782647023350016,-20.923711942981182,1.768361097273191e-13
202.55217723232096,6.539711792237952,4.579598143075797,-16.783722246980332,-20.923030859874704,5.0524602779234026e-14
202.55809567489146,6.547803651627646,4.578818877349142,-16.784797124100482,-20.922348388317452,1.0946997268834039e-13
202.56401415227032,6.555895553081727,4.578038896623384,-16.78587165445332,-20.921664528297665,1.2631150694808508e-13
202.56993266444704,6.5639874966952485,4.577258200609692,-16.786945837781555,-20.92097927980367,1.6841534259744677e-13
202.5758512114111,6.5720794825632805,4.576476789019234,-16.788019673827755,-20.92029264282384,1.6841534259744677e-13
202.5817697931521,6.580171510780908,4.575694661563175,-16.789093162334375,-20.919604617346657,1.347322740779574e-13
202.58768840965948,6.588263581443217,4.574911817952687,-16.79016630304371,-20.918915203360648,-2.5262301389617013e-14
202.59360706092278,6.596355694645325,4.574128257898934,-16.791239095697936,-20.91822440085443,5.0524602779234026e-14
202.59952574693153,6.604447850482356,4.573343981113086,-16.792311540039087,-20.917532209816695,0.0
202.6054444676753,6.612540049049469,4.572558987306309,-16.793383635809093,-20.916838630236217,7.578690416885104e-14
202.61136322314366,6.62063229044182,4.571773276189767,-16.794455382749714,-20.916143662101835,1.0104920555846805e-13
202.61728201332613,6.628724574754576,4.570986847474633,-16.79552678060258,-20.915447305402463,4.210383564936169e-14
202.62320083821226,6.636816902082946,4.570199700872071,-16.79659782910921,-20.914749560127117,1.0104920555846805e-13
202.62911969779162,6.6449092725221215,4.569411836093252,-16.797668528010973,-20.914050426264836,2.020984111169361e-13
202.63503859205383,6.65300168616734,4.568623252849339,-16.79873887704911,-20.9133499038048,1.5999457546757442e-13
202.64095752098845,6.661094143113835,4.567833950851502,-16.799808875964736,-20.912647992736236,5.0524602779234026e-14
202.64687648458505,6.669186643456869,4.567043929810907,-16.800878524498806,-20.91194469304841,1.4315304120782974e-13
202.65279548283323,6.677279187291714,4.566253189438725,-16.80194782239216,-20.91124000473072,9.262843842859572e-14
202.6587145157226,6.685371774713656,4.565461729446118,-16.803016769385525,-20.910533927772626,9.262843842859572e-14
202.6646335832428,6.6934644058180055,4.564669549544257,-16.804085365219454,-20.909826462163636,6.73661370389787e-14
202.67055268538334,6.701557080700072,4.5638766494443095,-16.80515360963439,-20.90911760789338,2.020984111169361e-13
202.67647182213395,6.70964979945522,4.563083028857441,-16.806221502370644,-20.908407364951515,1.9367764398706378e-13
202.6823909934842,6.717742562178776,4.56228868749482,-16.807289043168378,-20.907695733327817,1.9367764398706378e-13
202.68831019942377,6.725835368966124,4.561493625067615,-16.808356231767632,-20.90698271301211,1.347322740779574e-13
202.6942294399423,6.733928219912642,4.560697841286991,-16.809423067908327,-20.90626830399432,3.368306851948935e-14
202.70014871502934,6.742021115113742,4.559901335864118,-16.810489551330217,-20.90555250626442,6.73661370389787e-14
202.70606802467464,6.750114054664831,4.559104108510162,-16.811555681772944,-20.904835319812477,1.347322740779574e-13
202.71198736886782,6.758207038661359,4.55830615893629,-16.81262145897602,-20.904116744628634,-8.420767129872338e-15
202.7179067475986,6.7663000671987685,4.557507486853671,-16.813686882678816,-20.903396780703112,8.420767129872338e-14
202.7238261608566,6.774393140372528,4.556708091973472,-16.814751952620565,-20.902675428026196,7.578690416885104e-14
202.72974560863148,6.782486258278131,4.555907974006859,-16.81581666854038,-20.901952686588267,1.2631150694808508e-13
202.735665090913,6.790579421011071,4.5551071326649994,-16.816881030177225,-20.901228556379763,-8.420767129872338e-15
202.74158460769078,6.798672628666851,4.554305567659065,-16.817945037269947,-20.90050303739121,3.368306851948935e-14
202.74750415895457,6.806765881341026,4.553503278700217,-16.819008689557243,-20.89977612961321,1.0946997268834039e-13
202.75342374469406,6.814859179129149,4.552700265499627,-16.82007198677769,-20.89904783303644,9.262843842859572e-14
202.75934336489897,6.822952522126769,4.551896527768461,-16.82113492866973,-20.898318147651654,1.9367764398706378e-13
202.76526301955903,6.831045910429481,4.551092065217887,-16.82219751497167,-20.8975870734497,1.0104920555846805e-13
202.77118270866393,6.8391393441328825,4.5502868775590715,-16.823259745421684,-20.896854610421467,8.420767129872338e-14
202.7771024322034,6.8472328233325825,4.549480964503182,-16.824321619757807,-20.89612075855794,5.894536990910637e-14
202.78302219016726,6.855326348124226,4.548674325761389,-16.82538313771795,-20.895385517850194,6.73661370389787e-14
202.78894198254517,6.8634199186034595,4.547866961044855,-16.826444299039878,-20.89464888828936,-5.894536990910637e-14
202.7948618093269,6.8715135348659455,4.54705887006475,-16.827505103461245,-20.89391086986665,4.210383564936169e-14
202.80078167050223,6.879607197007366,4.546250052532242,-16.82856555071955,-20.89317146257337,1.0104920555846805e-13
202.80670156606095,6.887700905123427,4.545440508158497,-16.829625640552177,-20.892430666400884,9.262843842859572e-14
202.81262149599277,6.8957946593098365,4.544630236654683,-16.83068537269635,-20.89168848134064,3.368306851948935e-14
202.81854146028755,6.903888459662338,4.543819237731968,-16.8317447468892,-20.89094490738417,-3.368306851948935e-14
202.824461458935,6.911982306276673,4.5430075111015205,-16.83280376286768,-20.890199944523054,2.5262301389617013e-14
202.83038149192492,6.920076199248612,4.542195056474505,-16.833862420368646,-20.889453592749,1.515738083377021e-13
202.83630155924718,6.928170138673938,4.5413818735620906,-16.834920719128814,-20.888705852053757,1.515738083377021e-13
202.8422216608915,6.93626412464845,4.540567962075444,-16.835978658884745,-20.887956722429152,1.515738083377021e-13
202.84814179684778,6.944358157267965,4.539753321725734,-16.837036239372893,-20.887206203867102,1.0946997268834039e-13
202.85406196710576,6.9524522366283215,4.538937952224127,-16.838093460329564,-20.886454296359595,1.347322740779574e-13
202.85998217165533,6.960546362825366,4.53812185328179,-16.83915032149094,-20.885700999898702,1.347322740779574e-13
202.86590241048629,6.96864053595497,4.537305024609892,-16.840206822593068,-20.88494631447656,2.442022467662978e-13
202.87182268358848,6.976734756113016,4.536487465919599,-16.84126296337185,-20.884190240085402,1.768361097273191e-13
202.8777429909518,6.984829023395405,4.535669176922078,-16.842318743563073,-20.883432776717516,3.368306851948935e-14
202.88366333256602,6.99292333789805,4.534850157328499,-16.843374162902382,-20.882673924365285,7.578690416885104e-14
202.88958370842104,7.001017699716896,4.534030406850028,-16.844429221125292,-20.881913683021164,9.262843842859572e-14
202.89550411850672,7.0091121089479005,4.533209925197831,-16.845483917967186,-20.88115205267769,1.2631150694808508e-13
202.90142456281296,7.017206565687026,4.532388712083077,-16.846538253163306,-20.880389033327464,1.1789073981821273e-13
