galstreams/tracks/track.st.LMS-1.malhan2021.ecsv
# %ECSV 0.9
# ---
# datatype:
# - {name: ra, unit: deg, datatype: float64}
# - {name: dec, unit: deg, datatype: float64}
# - {name: distance, unit: kpc, datatype: float64}
# - {name: pm_ra_cosdec, unit: mas / yr, datatype: float64}
# - {name: pm_dec, unit: mas / yr, datatype: float64}
# - {name: radial_velocity, unit: km / s, datatype: float64}
# delimiter: ','
# meta: !!omap
# - __serialized_columns__:
#     dec:
#       __class__: astropy.coordinates.angles.Latitude
#       unit: &id001 !astropy.units.Unit {unit: deg}
#       value: !astropy.table.SerializedColumn {name: dec}
#     distance:
#       __class__: astropy.coordinates.distances.Distance
#       unit: !astropy.units.Unit {unit: kpc}
#       value: !astropy.table.SerializedColumn {name: distance}
#     pm_dec:
#       __class__: astropy.units.quantity.Quantity
#       unit: !astropy.units.Unit {unit: mas / yr}
#       value: !astropy.table.SerializedColumn {name: pm_dec}
#     pm_ra_cosdec:
#       __class__: astropy.units.quantity.Quantity
#       unit: !astropy.units.Unit {unit: mas / yr}
#       value: !astropy.table.SerializedColumn {name: pm_ra_cosdec}
#     ra:
#       __class__: astropy.coordinates.angles.Longitude
#       unit: *id001
#       value: !astropy.table.SerializedColumn {name: ra}
#       wrap_angle: !astropy.coordinates.Angle
#         unit: *id001
#         value: 360.0
#     radial_velocity:
#       __class__: astropy.units.quantity.Quantity
#       unit: !astropy.units.Unit {unit: km / s}
#       value: !astropy.table.SerializedColumn {name: radial_velocity}
# schema: astropy-2.0
ra,dec,distance,pm_ra_cosdec,pm_dec,radial_velocity
[from data line 3956]
234.90328445299693,29.57010269935673,19.000000000000025,0.295022605085754,-1.6310351318851901,-114.76927127759132
234.91518084107963,29.570531238860102,19.00000000000002,0.2951633424857912,-1.6313290059767727,-114.7926737803446
234.9270769182273,29.570959977127927,19.000000000000025,0.2953039448003984,-1.6316227229363016,-114.81612122724385
234.9389726821924,29.571388922388838,19.00000000000003,0.2954444120522954,-1.6319162815589863,-114.83961370560107
234.95086813072788,29.571818082883993,19.000000000000025,0.29558474426469894,-1.632209680637797,-114.8631513027545
234.96276326158764,29.572247466867086,19.000000000000025,0.2957249414613284,-1.6325029189634648,-114.88673410606832
234.97465807252595,29.572677082604393,19.00000000000002,0.29586500366640356,-1.6327959953244766,-114.91036220293307
234.98655256129788,29.573106938374742,19.00000000000002,0.2960049309046471,-1.633088908507075,-114.93403568076528
234.99844672565922,29.573537042469567,19.000000000000025,0.29614472320128593,-1.6333816572952597,-114.95775462700755
235.0103405633664,29.573967403192853,19.000000000000025,0.2962843805820525,-1.6336742404707827,-114.98151912912854
235.02223407217656,29.574398028861165,19.000000000000025,0.2964239030731835,-1.633966656813148,-115.00532927462298
235.03412724984761,29.5748289278037,19.00000000000003,0.2965632907014253,-1.6342589050996106,-115.02918515101149
235.04602009413804,29.575260108362233,19.00000000000002,0.29670254349403063,-1.6345509841051744,-115.0530868458408
235.05791260280714,29.575691578891163,19.00000000000002,0.29684166147876273,-1.6348428926025915,-115.07703444668357
235.06980477361483,29.576123347757502,19.00000000000002,0.2969806446838943,-1.6351346293623585,-115.10102804113846
235.081696604322,29.57655542334088,19.00000000000002,0.29711949313821157,-1.6354261931527196,-115.12506771682985
235.09358809268994,29.57698781403357,19.00000000000002,0.2972582068710112,-1.6357175827396608,-115.14915356140816
235.10547923648085,29.577420528240477,19.000000000000025,0.2973967859121051,-1.6360087968869106,-115.17328566254982
235.11737003345777,29.577853574379162,19.000000000000025,0.2975352302918204,-1.6362998343559376,-115.19746410795679
235.12926048138434,29.57828696087984,19.00000000000002,0.29767354004099933,-1.6365906939059502,-115.2216889853571
235.1411505780249,29.578720696185368,19.00000000000003,0.29781171519100175,-1.636881374293893,-115.24596038250448
235.15304032114483,29.579154788751303,19.00000000000003,0.2979497557737061,-1.637171874274451,-115.27027838717851
235.16492970851004,29.579589247045845,19.00000000000003,0.29808766182151103,-1.6374621926000397,-115.29464308718443
235.1768187378873,29.580024079549908,19.000000000000025,0.2982254333673329,-1.6377523280208095,-115.31905457035326
235.18870740704412,29.580459294757066,19.00000000000002,0.2983630704446132,-1.6380422792846434,-115.34351292454181
235.2005957137488,29.580894901173615,19.00000000000002,0.2985005730873137,-1.6383320451371546,-115.36801823763247
235.21248365577048,29.58133090731855,19.00000000000002,0.29863794132992094,-1.638621624321685,-115.39257059753338
235.2243712308791,29.581767321723557,19.00000000000002,0.2987751752074467,-1.6389110155793052,-115.41717009217827
235.23625843684545,29.582204152933077,19.00000000000002,0.2989122747554289,-1.6392002176488123,-115.44181680952646
235.248145271441,29.582641409504266,19.000000000000018,0.2990492400099326,-1.6394892292667274,-115.466510837563
235.2600317324381,29.583079100006994,19.000000000000018,0.29918607100754996,-1.6397780491672946,-115.49125226429845
235.27191781760996,29.583517233023873,19.00000000000002,0.2993227677854049,-1.6400666760824818,-115.51604117776881
235.2838035247306,29.58395581715029,19.000000000000025,0.29945933038115,-1.6403551087419763,-115.54087766603584
235.2956888515749,29.584394860994372,19.00000000000002,0.29959575883297185,-1.6406433458731866,-115.56576181718657
235.3075737959185,29.584834373176996,19.00000000000002,0.29973205317958695,-1.6409313862012365,-115.5906937193337
235.31945835553793,29.58527436233183,19.00000000000002,0.2998682134602472,-1.6412192284489657,-115.61567346061528
235.33134252821074,29.585714837105296,19.000000000000025,0.3000042397147402,-1.641506871336932,-115.6407011291948
235.34322631171506,29.586155806156636,19.000000000000025,0.3001401319833897,-1.6417943135834057,-115.6657768132614
235.35510970383007,29.586597278157836,19.00000000000002,0.3002758903070549,-1.642081553904368,-115.69090060102923
235.36699270233575,29.587039261793734,19.000000000000018,0.3004115147271358,-1.6423685910135102,-115.71607258073814
235.37887530501314,29.587481765761915,19.000000000000025,0.3005470052855709,-1.642655423622235,-115.74129284065306
235.39075750964378,29.58792479877281,19.000000000000025,0.30068236202483895,-1.642942050439653,-115.7665614690645
235.40263931401051,29.58836836954969,19.000000000000025,0.3008175849879619,-1.6432284701725801,-115.79187855428819
235.41452071589677,29.5888124868286,19.000000000000025,0.3009526742185029,-1.6435146815255361,-115.81724418466504
235.42640171308724,29.589257159358453,19.00000000000003,0.30108762976057163,-1.6438006832007481,-115.84265844856128
235.4382823033671,29.589702395901018,19.000000000000025,0.3012224516588201,-1.6440864738981424,-115.86812143436849
235.45016248452274,29.590148205230875,19.00000000000002,0.3013571399584488,-1.6443720523153469,-115.8936332305033
235.46204225434136,29.590594596135485,19.000000000000025,0.30149169470520476,-1.6446574171476875,-115.91919392540757
235.47392161061126,29.591041577415158,19.00000000000002,0.30162611594538413,-1.6449425670881916,-115.94480360754837
235.48580055112137,29.591489157883085,19.00000000000002,0.3017604037258323,-1.6452275008275805,-115.97046236541792
235.49767907366171,29.591937346365327,19.000000000000025,0.3018945580939454,-1.6455122170542706,-115.9961702875336
235.5095571760234,29.59238615170084,19.00000000000002,0.30202857909767256,-1.6457967144543737,-116.02192746243772
235.52143485599834,29.59283558274147,19.000000000000025,0.3021624667855147,-1.6460809917116905,-116.04773397869785
235.53331211137933,29.593285648351927,19.000000000000025,0.302296221206528,-1.6463650475077183,-116.07358992490657
235.54518893996033,29.593736357409888,19.000000000000025,0.3024298424103235,-1.6466488805216377,-116.09949538968141
235.55706533953625,29.594187718805905,19.000000000000025,0.30256333044706984,-1.6469324894303217,-116.12545046166503
235.56894130790275,29.594639741443448,19.00000000000002,0.30269668536749156,-1.6472158729083277,-116.151455229525
235.5808168428568,29.59509243423893,19.000000000000025,0.30282990722287295,-1.6474990296278997,-116.17750978195389
235.59269194219604,29.59554580612168,19.000000000000025,0.3029629960650582,-1.6477819582589643,-116.2036142076691
235.60456660371943,29.595999866033996,19.00000000000002,0.30309595194645306,-1.6480646574691327,-116.22976859541316
235.61644082522668,29.596454622931102,19.000000000000025,0.3032287749200243,-1.648347125923694,-116.25597303395331
235.62831460451855,29.596910085781193,19.00000000000002,0.30336146503930295,-1.6486293622856194,-116.2822276120818
235.64018793939704,29.597366263565412,19.000000000000025,0.3034940223583845,-1.6489113652155574,-116.30853241861558
235.65206082766485,29.597823165277877,19.000000000000025,0.30362644693192953,-1.6491931333718335,-116.33488754239653
235.66393326712594,29.598280799925707,19.00000000000002,0.3037587388151657,-1.6494746654104477,-116.36129307229139
235.67580525558517,29.598739176528962,19.00000000000002,0.30389089806388836,-1.6497559599850755,-116.38774909719157
235.68767679084854,29.599198304120733,19.000000000000025,0.30402292473446235,-1.6500370157470645,-116.41425570601332
235.69954787072305,29.599658191747086,19.000000000000025,0.30415481888382223,-1.650317831345432,-116.44081298769748
235.71141849301682,29.600118848467112,19.00000000000002,0.30428658056947433,-1.6505984054268679,-116.46742103120985
235.72328865553885,29.600580283352887,19.000000000000025,0.3044182098494964,-1.6508787366357276,-116.49407992554065
235.73515835609942,29.601042505489538,19.000000000000025,0.30454970678254156,-1.6511588236140355,-116.52078975970501
235.74702759250977,29.601505523975227,19.00000000000002,0.30468107142783596,-1.6514386650014794,-116.54755062274259
235.75889636258233,29.601969347921102,19.00000000000002,0.30481230384518293,-1.6517182594354145,-116.57436260371765
235.7707646641303,29.602433986451388,19.00000000000002,0.3049434040949612,-1.6519976055508552,-116.6012257917191
235.78263249496842,29.602899448703358,19.00000000000002,0.30507437223812944,-1.6522767019804792,-116.62814027586043
235.79449985291214,29.603365743827336,19.00000000000002,0.3052052083362245,-1.6525555473546236,-116.65510614527975
235.80636673577828,29.603832880986698,19.000000000000025,0.30533591245136416,-1.652834140301285,-116.68212348913947
235.81823314138467,29.60430086935792,19.00000000000002,0.30546648464624765,-1.653112479446116,-116.70919239662676
235.83009906755024,29.604769718130527,19.000000000000025,0.3055969249841577,-1.6533905634124253,-116.73631295695321
235.84196451209507,29.60523943650713,19.00000000000002,0.30572723352895986,-1.6536683908211756,-116.76348525935472
235.8538294728403,29.60571003370346,19.000000000000025,0.30585741034510416,-1.6539459602909818,-116.79070939309193
235.8656939476083,29.606181518948308,19.00000000000002,0.30598745549762935,-1.6542232704381146,-116.81798544744967
235.87755793422252,29.606653901483607,19.00000000000003,0.3061173690521588,-1.6545003198764876,-116.84531351173723
235.88942143050764,29.60712719056438,19.00000000000002,0.3062471510749063,-1.6547771072176702,-116.87269367528826
235.90128443428935,29.607601395458772,19.000000000000025,0.30637680163267395,-1.6550536310708734,-116.90012602746081
235.91314694339465,29.608076525448062,19.000000000000025,0.3065063207928555,-1.655329890042959,-116.92761065763716
235.92500895565163,29.60855258982666,19.00000000000002,0.3066357086234367,-1.6556058827384292,-116.95514765522404
235.93687046888957,29.609029597902126,19.000000000000025,0.30676496519299556,-1.6558816077594318,-116.98273710965235
235.94873148093887,29.60950755899516,19.000000000000025,0.3068940905707049,-1.6561570637057557,-117.01037911037734
235.96059198963127,29.609986482439606,19.00000000000002,0.30702308482633317,-1.6564322491748313,-117.03807374687837
235.97245199279948,29.6104663775825,19.000000000000025,0.30715194803024476,-1.6567071627617236,-117.06582110865911
235.9843114882776,29.61094725378403,19.000000000000025,0.30728068025340227,-1.6569818030591414,-117.09362128524748
235.99617047390086,29.61142912041756,19.000000000000025,0.30740928156736713,-1.657256168657425,-117.12147436619541
236.00802894750564,29.611911986869632,19.000000000000025,0.30753775204430006,-1.657530258144552,-117.14938044107909
236.0198869069297,29.612395862540005,19.00000000000002,0.3076660917569643,-1.6578040701061312,-117.17733959949878
236.03174435001173,29.612880756841623,19.000000000000025,0.30779430077872383,-1.6580776031254036,-117.20535193107902
236.04360127459208,29.6133666792006,19.000000000000025,0.3079223791835477,-1.6583508557832438,-117.2334175254681
236.05545767851194,29.61385363905634,19.00000000000002,0.30805032704600843,-1.6586238266581521,-117.26153647233863
236.06731355961392,29.614341645861376,19.000000000000018,0.30817814444128466,-1.6588965143262586,-117.28970886138714
236.0791689157419,29.614830709081556,19.000000000000025,0.308305831445162,-1.6591689173613167,-117.31793478233425
236.09102374474088,29.615320838195895,19.000000000000025,0.3084333881340346,-1.6594410343347095,-117.34621432492447
236.10287804445724,29.615812042696678,19.00000000000002,0.308560814584905,-1.6597128638154413,-117.37454757892641
236.11473181273865,29.616304332089438,19.00000000000002,0.3086881108753872,-1.6599844043701373,-117.40293463413245
236.12658504743396,29.616797715892954,19.00000000000002,0.3088152770837063,-1.6602556545630454,-117.43137558035909
236.1384377463933,29.61729220363927,19.000000000000025,0.30894231328869953,-1.6605266129560317,-117.4598705074465
236.15028990746814,29.617787804873696,19.00000000000002,0.30906921956981925,-1.660797278108582,-117.48841950525893
236.16214152851126,29.618284529154828,19.00000000000002,0.309195996007132,-1.6610676485777967,-117.5170226636843
236.17399260737662,29.618782386054544,19.00000000000002,0.30932264268132026,-1.6613377229183928,-117.5456800726346
236.1858431419196,29.61928138515801,19.00000000000002,0.30944915967368547,-1.6616074996827,-117.57439182204544
236.19769312999688,29.619781536063694,19.00000000000002,0.309575547066146,-1.6618769774206623,-117.60315800187624
236.20954256946638,29.62028284838334,19.000000000000025,0.30970180494124094,-1.6621461546798333,-117.6319787021102
236.22139145818744,29.620785331742045,19.000000000000025,0.3098279333821296,-1.6624150300053757,-117.66085401275424
236.23323979402068,29.621288995778205,19.000000000000025,0.3099539324725937,-1.6626836019400633,-117.68978402383912
236.24508757482806,29.621793850143543,19.00000000000002,0.31007980229703863,-1.6629518690242744,-117.71876882541908
236.2569347984728,29.62229990450311,19.000000000000025,0.3102055429404928,-1.663219829795992,-117.74780850757223
236.26878146281962,29.62280716853531,19.00000000000002,0.3103311544886115,-1.663487482790806,-117.77690316040024
236.2806275657345,29.623315651931886,19.00000000000002,0.3104566370276764,-1.6637548265419064,-117.80605287402831
236.29247310508487,29.623825364397913,19.00000000000002,0.3105819906445969,-1.664021859580088,-117.83525773860546
236.30431807873933,29.62433631565188,19.000000000000025,0.31070721542691127,-1.664288580433741,-117.86451784430415
236.31616248456808,29.6248485154256,19.000000000000025,0.31083231146278834,-1.6645549876288583,-117.89383328132037
236.32800632044257,29.625361973464265,19.000000000000025,0.31095727884102825,-1.6648210796890281,-117.92320413987369
236.33984958423568,29.625876699526476,19.00000000000002,0.3110821176510635,-1.6650868551354348,-117.95263051020729
236.35169227382167,29.6263927033842,19.000000000000025,0.3112068279829605,-1.6653523124868548,-117.98211248258765
236.3635343870762,29.6269099948228,19.000000000000018,0.3113314099274208,-1.6656174502596643,-118.01165014730488
236.37537592187624,29.627428583641056,19.000000000000025,0.31145586357578137,-1.665882266967822,-118.04124359467248
236.3872168761004,29.627948479651156,19.000000000000025,0.31158018902001716,-1.6661467611228844,-118.07089291502731
236.39905724762855,29.62846969267869,19.000000000000025,0.311704386352741,-1.6664109312339939,-118.10059819872973
236.4108970343419,29.628992232562698,19.000000000000025,0.31182845566720546,-1.666674775807879,-118.1303595361634
236.4227362341233,29.629516109155617,19.00000000000002,0.31195239705730377,-1.6669382933488581,-118.16017701773532
236.4345748448569,29.630041332323366,19.00000000000002,0.31207621061757135,-1.667201482358831,-118.19005073387598
236.44641286442837,29.630567911945256,19.000000000000025,0.3121998964431872,-1.6674643413372832,-118.21998077503895
236.4582502907247,29.63109585791412,19.000000000000025,0.3123234546299731,-1.6677268687812807,-118.24996723170126
236.47008712163444,29.631625180136176,19.00000000000002,0.31244688527439785,-1.6679890631854701,-118.28001019436306
236.48192335504754,29.632155888531166,19.00000000000002,0.3125701884735752,-1.668250923042078,-118.31010975354799
236.4937589888556,29.632687993032278,19.000000000000025,0.31269336432526934,-1.668512446840908,-118.34026599980254
236.50559402095143,29.633221503586174,19.00000000000002,0.31281641292789064,-1.6687736330693423,-118.37047902369665
236.5174284492295,29.63375643015305,19.000000000000025,0.3129393343805011,-1.6690344802123351,-118.40074891582344
236.52926227158565,29.634292782706538,19.00000000000002,0.31306212878281386,-1.669294986752417,-118.43107576679911
