galstreams/tracks/track.st.Jhelum-a.shipp2019.ecsv
# %ECSV 0.9
# ---
# datatype:
# - {name: ra, unit: deg, datatype: float64}
# - {name: dec, unit: deg, datatype: float64}
# - {name: distance, unit: kpc, datatype: float64}
# - {name: pm_ra_cosdec, unit: mas / yr, datatype: float64}
# - {name: pm_dec, unit: mas / yr, datatype: float64}
# - {name: radial_velocity, unit: km / s, datatype: float64}
# delimiter: ','
# meta: !!omap
# - __serialized_columns__:
#     dec:
#       __class__: astropy.coordinates.angles.Latitude
#       unit: &id001 !astropy.units.Unit {unit: deg}
#       value: !astropy.table.SerializedColumn {name: dec}
#     distance:
#       __class__: astropy.coordinates.distances.Distance
#       unit: !astropy.units.Unit {unit: kpc}
#       value: !astropy.table.SerializedColumn {name: distance}
#     pm_dec:
#       __class__: astropy.units.quantity.Quantity
#       unit: !astropy.units.Unit {unit: mas / yr}
#       value: !astropy.table.SerializedColumn {name: pm_dec}
#     pm_ra_cosdec:
#       __class__: astropy.units.quantity.Quantity
#       unit: !astropy.units.Unit {unit: mas / yr}
#       value: !astropy.table.SerializedColumn {name: pm_ra_cosdec}
#     ra:
#       __class__: astropy.coordinates.angles.Longitude
#       unit: *id001
#       value: !astropy.table.SerializedColumn {name: ra}
#       wrap_angle: !astropy.coordinates.Angle
#         unit: *id001
#         value: 360.0
#     radial_velocity:
#       __class__: astropy.units.quantity.Quantity
#       unit: !astropy.units.Unit {unit: km / s}
#       value: !astropy.table.SerializedColumn {name: radial_velocity}
# schema: astropy-2.0
ra,dec,distance,pm_ra_cosdec,pm_dec,radial_velocity
[from data line 1093]
338.74391683475574,-50.42884934006452,13.199999999991482,5.909515606392104,-4.9679315369979165,-1.021486209149442e-08
338.7592581197862,-50.431059916177055,13.199999999991489,5.91038693118101,-4.966826550562198,-1.0201355181018103e-08
338.7746008336089,-50.4332684869284,13.199999999991498,5.911258187762565,-4.965721253294362,-1.0187915636678827e-08
338.78994497517755,-50.435475051956566,13.199999999991505,5.912129375926449,-4.96461564527316,-1.017457714154511e-08
338.80529054344544,-50.43767961089985,13.199999999991514,5.913000495462352,-4.963509726577503,-1.0161137597205834e-08
338.82063753736463,-50.43988216339673,13.199999999991519,5.913871546159929,-4.962403497286509,-1.0147900151277674e-08
338.8359859558865,-50.44208270908594,13.199999999991528,5.914742527808813,-4.961296957479455,-1.0134494290006917e-08
338.8513357979613,-50.44428124760646,13.199999999991535,5.915613440198616,-4.960190107235819,-1.012112211180468e-08
338.8666870625389,-50.44647777859746,13.199999999991544,5.91648428311894,-4.959082946635241,-1.0107615201328364e-08
338.8820397485678,-50.44867230169841,13.19999999999155,5.917355056359356,-4.957975475757566,-1.0094445121537244e-08
338.8973938549959,-50.45086481654897,13.199999999991556,5.9182257597094186,-4.956867694682797,-1.0080971894129448e-08
338.91274938077044,-50.45305532278907,13.199999999991562,5.919096392958674,-4.95575960349112,-1.0067566032858693e-08
338.9281063248375,-50.45524382005884,13.199999999991572,5.91996695589664,-4.954651202262914,-1.0054059122382377e-08
338.94346468614225,-50.457430307998685,13.19999999999158,5.920837448312814,-4.953542491078737,-1.004068694418014e-08
338.95882446362924,-50.459614786249205,13.199999999991588,5.921707869996672,-4.9524334700193275,-1.002741581518346e-08
338.97418565624207,-50.46179725445127,13.199999999991594,5.922578220737684,-4.951324139165598,-1.0014009953912703e-08
338.98954826292356,-50.46397771224599,13.199999999991602,5.9234485003252875,-4.950214498598649,-1.0000604092641946e-08
339.0049122826156,-50.466156159274675,13.19999999999161,5.924318708548919,-4.949104548399761,-9.987130865234152e-09
339.02027771425895,-50.46833259517889,13.199999999991617,5.925188845197964,-4.947994288650406,-9.973826053168953e-09
339.0356445567943,-50.4705070196005,13.199999999991624,5.926058910061846,-4.9468837194322095,-9.960352825761158e-09
339.0510128091606,-50.47267943218152,13.199999999991634,5.926928902929912,-4.945772840827006,-9.94698064755892e-09
339.06638247029656,-50.47484983256424,13.19999999999164,5.927798823591532,-4.944661652916802,-9.933507420151124e-09
339.08175353913964,-50.47701822039119,13.199999999991647,5.9286686718360295,-4.943550155783782,-9.920135241948887e-09
339.0971260146267,-50.47918459530514,13.199999999991656,5.92953844745274,-4.942438349510324,-9.90672938067813e-09
339.1124998956937,-50.4813489569491,13.199999999991663,5.930408150230949,-4.941326234178973,-9.893458251681452e-09
339.1278751812756,-50.4835113049663,13.199999999991668,5.931277779959957,-4.940213809872469,-9.880086073479214e-09
339.14325187030687,-50.48567163900026,13.199999999991677,5.932147336429031,-4.939101076673713,-9.866646529139938e-09
339.1586299617207,-50.48782995869468,13.199999999991686,5.933016819427427,-4.937988034665807,-9.853274350937701e-09
339.1740094544496,-50.489986263693545,13.199999999991691,5.933886228744381,-4.936874683932032,-9.839834806598424e-09
339.1893903474254,-50.49214055364105,13.199999999991698,5.93475556416911,-4.93576102455585,-9.826513152998967e-09
339.2047726395788,-50.494292828181656,13.199999999991705,5.935624825490823,-4.934647056620897,-9.813140974796728e-09
339.22015632983977,-50.49644308696005,13.199999999991714,5.936494012498709,-4.933532780211,-9.799667747388934e-09
339.2355414171374,-50.498591329621156,13.199999999991723,5.937363124981933,-4.932418195410169,-9.786211361515397e-09
339.2509279004002,-50.50073755581016,13.19999999999173,5.93823216272967,-4.931303302302583,-9.772923390984459e-09
339.2663157785555,-50.50288176517249,13.19999999999174,5.939101125531054,-4.93018810097261,-9.759365955905365e-09
339.28170505052975,-50.50502395735379,13.199999999991745,5.9399700131752144,-4.92907259150481,-9.745960094634608e-09
339.2970957152488,-50.507164131999964,13.19999999999175,5.9408388254512605,-4.927956773983912,-9.73257107489811e-09
339.31248777163756,-50.509302288757155,13.199999999991759,5.941707562148294,-4.926840648494832,-9.719266262832912e-09
339.32788121862006,-50.51143842727175,13.199999999991764,5.9425762230554025,-4.925724215122671,-9.705944609233455e-09
339.34327605511936,-50.51357254719037,13.199999999991771,5.943444807961643,-4.924607473952707,-9.692488223359918e-09
339.35867228005804,-50.51570464815992,13.19999999999178,5.944313316656086,-4.9234904250703915,-9.678930788280824e-09
339.37406989235745,-50.5178347298275,13.199999999991787,5.945181748927762,-4.922373068561383,-9.665727025421184e-09
339.3894688909384,-50.51996279184046,13.199999999991796,5.946050104565707,-4.921255404511497,-9.652304322616167e-09
339.40486927472057,-50.522088833846425,13.199999999991803,5.946918383358928,-4.9201374330067456,-9.638780570605593e-09
339.42027104262297,-50.52421285549324,13.199999999991812,5.947786585096423,-4.919019154133322,-9.625425233937616e-09
339.4356741935638,-50.526334856429,13.19999999999182,5.948654709567189,-4.917900567977595,-9.611834115790001e-09
339.45107872646014,-50.528454836302046,13.199999999991824,5.94952275656019,-4.916781674626127,-9.598562986793322e-09
339.4664846402286,-50.53057279476094,13.199999999991835,5.950390725864383,-4.915662474165651,-9.585039234782747e-09
339.48189193378477,-50.53268873145456,13.199999999991842,5.951258617268728,-4.9145429666830855,-9.57166705658051e-09
339.4973006060434,-50.53480264603195,13.199999999991848,5.95212643056215,-4.913423152265533,-9.55842961065235e-09
339.51271065591834,-50.53691453814245,13.199999999991856,5.952994165533582,-4.9123030310002775,-9.544956383244555e-09
339.52812208232274,-50.539024407435626,13.199999999991864,5.953861821971924,-4.9111826029747885,-9.531516838905279e-09
339.54353488416876,-50.54113225356128,13.199999999991872,5.95472939966608,-4.910061868276713,-9.518077294566002e-09
339.55894906036787,-50.54323807616949,13.199999999991876,5.955596898404937,-4.908940826993887,-9.504503017952648e-09
339.57436460983047,-50.545341874910534,13.199999999991883,5.956464317977358,-4.90781947921433,-9.49118136435319e-09
339.5897815314664,-50.54744364943501,13.199999999991892,5.957331658172217,-4.906697825026227,-9.477792344616693e-09
339.60519982418447,-50.54954339939372,13.199999999991899,5.9581989187783675,-4.905575864517963,-9.464352800277418e-09
339.6206194868928,-50.55164112443769,13.199999999991912,5.959066099584643,-4.904453597778097,-9.450879572869622e-09
339.6360405184984,-50.55373682421822,13.199999999991913,5.959933200379876,-4.903331024895383,-9.437440028530344e-09
339.65146291790774,-50.55583049838688,13.199999999991922,5.960800220952881,-4.902208145958744,-9.424084691862367e-09
339.66688668402634,-50.557922146595445,13.199999999991928,5.96166716109247,-4.901084961057288,-9.410594622920312e-09
339.6823118157586,-50.560011768495976,13.199999999991936,5.962534020587429,-4.899961470280324,-9.397306652389373e-09
339.6977383120088,-50.56209936374075,13.199999999991945,5.96340079922656,-4.898837673717301,-9.383900791118616e-09
339.7131661716797,-50.56418493198233,13.199999999991949,5.964267496798635,-4.8977135714578965,-9.37049492984786e-09
339.7285953936734,-50.566268472873496,13.19999999999196,5.9651341130924145,-4.896589163591944,-9.357122751645622e-09
339.74402597689135,-50.56834998606729,13.199999999991965,5.9660006478966645,-4.895464450209468,-9.34353163349801e-09
339.7594579202339,-50.570429471217,13.199999999991972,5.96686710100012,-4.894339431400683,-9.33020997989855e-09
339.77489122260084,-50.57250692797617,13.199999999991977,5.967733472191526,-4.8932141072559725,-9.316719910956495e-09
339.7903258828908,-50.57458235599858,13.199999999991984,5.968599761259601,-4.892088477865919,-9.303347732754258e-09
339.8057619000019,-50.57665575493831,13.199999999991997,5.969465967993076,-4.89096254332126,-9.289807139209424e-09
339.8211992728313,-50.57872712444962,13.199999999992002,5.970332092180659,-4.8898363037129515,-9.276434961007185e-09
339.8366380002752,-50.58079646418708,13.19999999999201,5.971198133611049,-4.888709759132104,-9.26294489206513e-09
339.8520780812291,-50.58286377380546,13.199999999992016,5.972064092072937,-4.887582909670032,-9.249623238465673e-09
339.8675195145877,-50.58492905295981,13.199999999992023,5.972929967355007,-4.886455755418216,-9.236183694126395e-09
339.88296229924475,-50.586992301305436,13.199999999992032,5.973795759245942,-4.885328296468324,-9.222659942115822e-09
339.8984064340932,-50.5890535184979,13.199999999992038,5.974661467534399,-4.884200532912224,-9.209388813119142e-09
339.91385191802516,-50.59111270419298,13.199999999992045,5.97552709200904,-4.883072464841945,-9.195881902642828e-09
339.92929874993206,-50.593169858046764,13.199999999992054,5.976392632458522,-4.8819440923497,-9.18252656597485e-09
339.9447469287043,-50.595224979715546,13.199999999992063,5.9772580886714906,-4.880815415527895,-9.169002813964275e-09
339.96019645323156,-50.59727806885587,13.199999999992066,5.9781234604365885,-4.879686434469124,-9.155698001899077e-09
339.9756473224026,-50.59932912512457,13.199999999992073,5.978988747542431,-4.878557149266149,-9.142308982162579e-09
339.9910995351055,-50.60137814817872,13.19999999999208,5.979853949777648,-4.877427560011924,-9.128802071686264e-09
340.0065530902273,-50.60342513767563,13.19999999999209,5.980719066930859,-4.876297666799582,-9.11524463660717e-09
340.0220079866543,-50.605470093272864,13.199999999992096,5.981584098790664,-4.875167469722457,-9.101838775336413e-09
340.0374642232721,-50.60751301462829,13.199999999992103,5.98244904514568,-4.87403696887403,-9.088399230997136e-09
340.05292179896526,-50.60955390139997,13.199999999992109,5.983313905784497,-4.872906164348,-9.07490916205508e-09
340.0683807126177,-50.611592753246235,13.19999999999212,5.984178680495705,-4.871775056238228,-9.061503300784324e-09
340.0838409631124,-50.61362956982569,13.199999999992125,5.985043369067893,-4.870643644638772,-9.048080597979307e-09
340.0993025493315,-50.61566435079719,13.199999999992134,5.9859079712896355,-4.869511929643864,-9.034624212105772e-09
340.1147654701564,-50.617697095819835,13.199999999992139,5.986772486949511,-4.868379911347925,-9.021184667766495e-09
340.13022972446754,-50.61972780455296,13.199999999992146,5.987636915836079,-4.867247589845561,-9.00777880649574e-09
340.1456953111447,-50.62175647665624,13.199999999992155,5.988501257737917,-4.866114965231548,-8.994322420622203e-09
340.1611622290668,-50.6237831117895,13.199999999992158,5.989365512443573,-4.864982037600858,-8.980882876282927e-09
340.17663047711176,-50.625807709612886,13.199999999992167,5.990229679741603,-4.86384880704864,-8.967359124272352e-09
340.1921000541568,-50.62783026978676,13.199999999992174,5.99109375942055,-4.862715273670242,-8.954189044481231e-09
340.20757095907845,-50.62985079197181,13.19999999999218,5.991957751268972,-4.861581437561169,-8.940597926333617e-09
340.22304319075215,-50.63186927582891,13.199999999992189,5.992821655075392,-4.86044729881713,-8.927208906597121e-09
340.2385167480527,-50.6338857210192,13.199999999992194,5.993685470628352,-4.859312857534014,-8.913617788449507e-09
340.25399162985394,-50.63590012720414,13.199999999992203,5.994549197716391,-4.858178113807886,-8.900296134850048e-09
340.2694678350291,-50.63791249404536,13.19999999999221,5.995412836128028,-4.857043067734995,-8.886822907442252e-09
340.2849453624504,-50.63992282120482,13.199999999992217,5.996276385651796,-4.855907719411784,-8.87321494776038e-09
340.30042421098926,-50.64193110834468,13.199999999992226,5.997139846076205,-4.85477206893487,-8.859842769558141e-09
340.31590437951627,-50.643937355127406,13.199999999992231,5.998003217189781,-4.853636116401062,-8.846554799027203e-09
340.3313858669014,-50.64594156121571,13.199999999992237,5.9988664987810365,-4.852499861907338,-8.83298052241385e-09
340.3468686720135,-50.64794372627253,13.199999999992245,5.9997296906384845,-4.851363305550873,-8.819473611937533e-09
340.3623527937207,-50.64994384996112,13.199999999992253,6.000592792550623,-4.850226447429034,-8.806017226063998e-09
340.37783823089046,-50.65194193194494,13.19999999999226,6.001455804305975,-4.849089287639337,-8.79272925553306e-09
340.3933249823893,-50.653937971887764,13.19999999999227,6.00231872569304,-4.847951826279515,-8.779256028125263e-09
340.4088130470829,-50.65593196945357,13.199999999992277,6.003181556500321,-4.846814063447468,-8.76564806844339e-09
340.4243024238361,-50.65792392430663,13.199999999992281,6.0040442965163106,-4.845675999241294,-8.752292731775412e-09
340.439793111513,-50.659913836111464,13.19999999999229,6.004906945529514,-4.844537633759259,-8.738853187436137e-09
340.4552851089769,-50.661901704532866,13.199999999992297,6.005769503328429,-4.8433989670998185,-8.725278910822781e-09
340.47077841509,-50.663887529235865,13.199999999992302,6.006631969701541,-4.842259999361626,-8.711974098757584e-09
340.4862730287143,-50.66587130988579,13.199999999992311,6.007494344437358,-4.841120730643478,-8.698399822144228e-09
340.5017689487104,-50.66785304614821,13.199999999992318,6.008356627324367,-4.839981161044408,-8.685044485476251e-09
340.5172661739382,-50.669832737688914,13.199999999992327,6.009218818151058,-4.838841290663591,-8.671705990342534e-09
340.532764703257,-50.67181038417406,13.199999999992333,6.010080916705932,-4.837701119600409,-8.65806434759214e-09
340.5482645355251,-50.67378598526994,13.19999999999234,6.010942922777473,-4.8365606479544185,-8.644557437115826e-09
340.5637656696,-50.67575954064321,13.199999999992343,6.011804836154171,-4.835419875825368,-8.631218941982108e-09
340.5792681043384,-50.67773104996073,13.199999999992354,6.01266665662451,-4.834278803313177,-8.617661506903014e-09
340.5947718385962,-50.679700512889646,13.19999999999236,6.013528383976994,-4.833137430517959,-8.604407219440594e-09
340.61027687122873,-50.681667929097365,13.199999999992365,6.014390018000115,-4.831995757539997,-8.590715052087422e-09
340.62578320109003,-50.683633298251564,13.199999999992373,6.015251558482356,-4.830853784479781,-8.577258666213885e-09
340.6412908270336,-50.68559662002016,13.199999999992379,6.016113005212208,-4.8297115114379725,-8.56378543880609e-09
340.65679974791203,-50.68755789407136,13.19999999999239,6.016974357978166,-4.828568938515412,-8.550497468275152e-09
340.67230996257734,-50.689517120073624,13.199999999992393,6.0178356165687354,-4.827426065813128,-8.536855825524758e-09
340.6878214698804,-50.69147429769566,13.1999999999924,6.018696780772392,-4.826282893432336,-8.523433122719742e-09
340.7033342686714,-50.69342942660646,13.199999999992409,6.019557850377637,-4.825139421474442,-8.510111469120283e-09
340.71884835779997,-50.69538250647528,13.199999999992414,6.020418825172981,-4.823995650041006,-8.49650350943841e-09
340.7343637361145,-50.69733353697166,13.199999999992421,6.021279704946908,-4.822851579233811,-8.483198697373211e-09
340.74988040246285,-50.69928251776537,13.19999999999243,6.02214048948793,-4.821707209154795,-8.469742311499676e-09
340.76539835569207,-50.70122944852644,13.199999999992436,6.023001178584551,-4.82056253990609,-8.456083827215023e-09
340.78091759464814,-50.70317432892521,13.199999999992443,6.023861772025268,-4.819417571590019,-8.442610599807227e-09
340.7964381181766,-50.70511715863224,13.19999999999245,6.02472226959859,-4.818272304309083,-8.42923842160499e-09
340.8119599251218,-50.70705793731837,13.199999999992459,6.025582671093026,-4.8171267381659675,-8.415647303457376e-09
340.8274830143277,-50.70899666465474,13.199999999992464,6.026442976297105,-4.8159808732635305,-8.402258283720878e-09
340.84300738463713,-50.71093334031273,13.199999999992473,6.02730318499933,-4.814834709704828,-8.388684007107525e-09
