galstreams/tracks/track.st.Indus.ibata2024.ecsv
# %ECSV 1.0
# ---
# datatype:
# - {name: ra, unit: deg, datatype: float64}
# - {name: dec, unit: deg, datatype: float64}
# - {name: distance, unit: kpc, datatype: float64}
# - {name: pm_ra_cosdec, unit: mas / yr, datatype: float64}
# - {name: pm_dec, unit: mas / yr, datatype: float64}
# - {name: radial_velocity, unit: km / s, datatype: float64}
# delimiter: ','
# meta: !!omap
# - __serialized_columns__:
#     dec:
#       __class__: astropy.coordinates.angles.Latitude
#       unit: &id001 !astropy.units.Unit {unit: deg}
#       value: !astropy.table.SerializedColumn {name: dec}
#     distance:
#       __class__: astropy.coordinates.distances.Distance
#       unit: !astropy.units.Unit {unit: kpc}
#       value: !astropy.table.SerializedColumn {name: distance}
#     pm_dec:
#       __class__: astropy.units.quantity.Quantity
#       unit: !astropy.units.Unit {unit: mas / yr}
#       value: !astropy.table.SerializedColumn {name: pm_dec}
#     pm_ra_cosdec:
#       __class__: astropy.units.quantity.Quantity
#       unit: !astropy.units.Unit {unit: mas / yr}
#       value: !astropy.table.SerializedColumn {name: pm_ra_cosdec}
#     ra:
#       __class__: astropy.coordinates.angles.Longitude
#       unit: *id001
#       value: !astropy.table.SerializedColumn {name: ra}
#       wrap_angle: !astropy.coordinates.Angle
#         unit: *id001
#         value: 360.0
#     radial_velocity:
#       __class__: astropy.units.quantity.Quantity
#       unit: !astropy.units.Unit {unit: km / s}
#       value: !astropy.table.SerializedColumn {name: radial_velocity}
# schema: astropy-2.0
ra,dec,distance,pm_ra_cosdec,pm_dec,radial_velocity
[from data line 4448]
47.39746893929715,-67.34741631021623,1.0,7.094753645579228,0.1404896253700123,67.59433513890463
47.37138864052456,-67.34961249570932,1.0000000000000002,7.094910834800703,0.13777813070610367,67.55437072212085
47.345303944200644,-67.35180521513088,1.0000000000000002,7.095066746968873,0.13506593917901366,67.51441155039454
47.31921485585456,-67.3539944675919,1.0,7.095221381311034,0.1323530521816494,67.47445761949554
47.29312138102248,-67.35618025220461,1.0,7.095374737055785,0.12963947110856822,67.43450892519363
47.26702352524748,-67.35836256808236,1.0,7.095526813433022,0.12692519735591734,67.3945654632586
47.24092129407964,-67.36054141433979,1.0000000000000002,7.095677609673959,0.12421023232151374,67.35462722946029
47.21481469307593,-67.36271679009272,1.0,7.095827125011118,0.12149457740475,67.31469421956848
47.18870372780029,-67.36488869445822,1.0,7.095975358678332,0.11877823400668142,67.274766429353
47.1625884038236,-67.36705712655456,1.0,7.096122309910753,0.11606120352996108,67.23484385458364
47.1364687267236,-67.36922208550125,1.0,7.096267977944857,0.11334348737885414,67.19492649103019
47.110344702085044,-67.37138357041898,1.0,7.096412362018437,0.11062508695926354,67.15501433446248
47.08421633549952,-67.37354158042976,1.0,7.096555461370617,0.10790600367868652,67.11510738065033
47.058083632565584,-67.3756961146567,1.0,7.096697275241841,0.10518623894623769,67.07520562536348
47.03194659888865,-67.37784717222424,1.0000000000000002,7.096837802873899,0.1024657941726419,67.03530906437182
47.00580524008107,-67.37999475225803,1.0,7.0969770435099075,0.09974467077023697,66.99541769344508
46.979659561762,-67.38213885388494,1.0,7.097114996394323,0.09702287015296207,66.95553150835309
46.95350956955762,-67.38427947623308,1.0000000000000002,7.097251660772939,0.09430039373636223,66.91565050486571
46.92735526910084,-67.38641661843178,1.0,7.097387035892898,0.09157724293757585,66.87577467875263
46.90119666603157,-67.38855027961165,1.0,7.097521121002688,0.0888534191753596,66.8359040257838
46.8750337659965,-67.39068045890454,1.0,7.097653915352143,0.08612892387005999,66.79603854172895
46.84886657464917,-67.3928071554435,1.0,7.097785418192457,0.08340375844361692,66.75617822235783
46.82269509765008,-67.39493036836286,1.0,7.097915628776172,0.0806779243195681,66.71632306344034
46.79651934066646,-67.3970500967982,1.0,7.098044546357194,0.07795142292304291,66.67647306074622
46.77033930937246,-67.3991663398863,1.0000000000000002,7.098172170190789,0.07522425568076851,66.63662821004534
46.744155009449,-67.40127909676528,1.0000000000000002,7.098298499533586,0.07249642402104595,66.59678850710746
46.71796644658393,-67.40338836657445,1.0,7.098423533643581,0.06976792937378118,66.55695394770238
46.69177362647178,-67.40549414845435,1.0000000000000002,7.098547271780145,0.06703877317045048,66.51712452759992
46.66557655481404,-67.40759644154686,1.0,7.0986697132040195,0.06430895684412619,66.4773002425699
46.63937523731889,-67.40969524499506,1.0,7.0987908571773195,0.0615784818294518,66.43748108838209
46.61316967970142,-67.4117905579433,1.0,7.098910702963541,0.05884734956265536,66.39766706080633
46.586959887683456,-67.41388237953721,1.0,7.099029249827563,0.05611556148153696,66.35785815561243
46.560745866993585,-67.41597070892367,1.0,7.099146497035649,0.053383119025472325,66.31805436857013
46.534527623367275,-67.41805554525081,1.0,7.099262443855453,0.050650023635416375,66.27825569544933
46.50830516254666,-67.42013688766808,1.0000000000000002,7.099377089556015,0.04791627675389254,66.23846213201973
46.48207849028078,-67.42221473532612,1.0000000000000002,7.099490433407774,0.04518187982499011,66.19867367405128
46.45584761232529,-67.42428908737693,1.0,7.099602474682559,0.0424468342943678,66.15889031731362
46.42961253444274,-67.42635994297372,1.0000000000000002,7.099713212653603,0.039711141609250156,66.11911205757669
46.403373262402305,-67.42842730127101,1.0,7.099822646595545,0.036974803218416064,66.07933889061019
46.37712980198003,-67.43049116142458,1.0,7.0999307757844194,0.034237820572223576,66.03957081218401
46.35088215895861,-67.43255152259151,1.0,7.100037599497677,0.03150019512257263,65.99980781806788
46.32463033912753,-67.43460838393013,1.0000000000000002,7.100143117014179,0.02876192832292812,65.96004990403173
46.298374348282955,-67.43666174460006,1.0,7.100247327614197,0.02602302162830039,65.92029706584523
46.272114192227775,-67.43871160376223,1.0,7.100350230579423,0.023283476495264743,65.88054929927823
46.24584987677164,-67.44075796057884,1.0,7.100451825192966,0.020543294381940136,65.84080660010055
46.219581407730836,-67.44280081421338,1.0,7.100552110739365,0.017802476747991847,65.801068964082
46.19330879092842,-67.44484016383062,1.0,7.1006510865045716,0.015061025054640353,65.76133638699238
46.16703203219408,-67.44687600859663,1.0000000000000002,7.100748751775974,0.012318940764633801,65.72160886460146
46.14075113736424,-67.4489083476788,1.0,7.100845105842397,0.009576225342280864,65.68188639267909
46.114466112281946,-67.45093718024577,1.0000000000000002,7.100940147994088,0.006832880253424101,65.64216896699507
46.08817696279697,-67.45296250546751,1.0,7.101033877522745,0.0040889069654301835,65.60245658331918
46.06188369476572,-67.45498432251529,1.0,7.101126293721487,0.0013443069472200975,65.56274923742126
46.035586314051294,-67.45700263056165,1.0,7.1012173958848965,-0.0014009183307530648,65.5230469250711
46.00928482652338,-67.45901742878046,0.9999999999999999,7.101307183308988,-0.004146767396528972,65.48334964203852
45.982979238058334,-67.4610287163469,1.0,7.10139565529123,-0.006893238776591204,65.44365738409326
45.95666955453921,-67.46303649243744,1.0,7.101482811130543,-0.009640330995901003,65.4039701470052
45.9303557818556,-67.46504075622987,1.0000000000000002,7.101568650127298,-0.01238804257790882,65.3642879265441
45.90403792590379,-67.46704150690329,1.0,7.101653171583331,-0.01513637204453211,65.32461071847982
45.87771599258664,-67.4690387436381,1.0000000000000002,7.101736374801926,-0.01788531791616954,65.28493851858211
45.85138998781364,-67.47103246561602,1.0,7.101818259087843,-0.020634878711702775,65.24527132262081
45.82505991750084,-67.47302267202011,1.0,7.101898823747291,-0.02338505294849824,65.20560912636567
45.79872578757097,-67.4750093620347,1.0,7.101978068087969,-0.026135839142406248,65.1659519255866
45.772387603953256,-67.4769925348455,1.0,7.102055991419034,-0.028887235807767198,65.1262997160533
45.74604537258356,-67.47897218963946,1.0,7.102132593051112,-0.031639241457420475,65.08665249353562
45.719699099404295,-67.48094832560496,1.0,7.102207872296323,-0.03439185460267957,65.04701025380339
45.69334879036444,-67.4829209419316,1.0,7.102281828468252,-0.03714507375337828,65.00737299262634
45.666994451419555,-67.48489003781039,1.0,7.102354460881973,-0.039898897417820045,64.96774070577439
45.64063608853169,-67.48685561243362,1.0000000000000002,7.102425768854042,-0.042653324102834844,64.92811338901724
45.61427370766952,-67.48881766499491,1.0,7.102495751702516,-0.045408352313739186,64.88849103812473
45.58790731480819,-67.49077619468923,1.0,7.102564408746925,-0.04816398055436011,64.8488736488667
45.56153691592944,-67.49273120071291,1.0000000000000002,7.102631739308299,-0.05092020732702629,64.8092612170129
45.53516251702143,-67.49468268226356,0.9999999999999999,7.102697742709174,-0.05367703113258315,64.76965373833315
45.50878412407896,-67.49663063854017,1.0000000000000002,7.102762418273573,-0.056434450470380426,64.73005120859732
45.482401743103225,-67.49857506874302,1.0000000000000002,7.102825765327031,-0.05919246383828902,64.69045362357514
45.45601538010197,-67.50051597207381,1.0000000000000002,7.102887783196582,-0.06195106973268594,64.65086097903642
45.42962504108943,-67.50245334773552,1.0000000000000002,7.102948471210774,-0.06471026664848267,64.61127327075101
45.40323073208632,-67.5043871949325,1.0,7.103007828699656,-0.0674700530790906,64.57169049448866
45.376832459119846,-67.50631751287044,1.0,7.103065854994801,-0.07023042751645736,64.53211264601924
45.35043022822363,-67.50824430075636,1.0,7.103122549429292,-0.07299138845106867,64.4925397211125
45.32402404543781,-67.51016755779868,1.0,7.103177911337733,-0.07575293437190656,64.45297171553825
45.297613916808956,-67.51208728320712,1.0,7.103231940056254,-0.07851506376650708,64.41340862506632
45.2711998483901,-67.51400347619278,1.0,7.103284634922497,-0.08127777512093282,64.37385044546656
45.24478184624065,-67.51591613596814,1.0,7.103335995275651,-0.08404106691978175,64.33429717250868
45.21835991642655,-67.51782526174695,1.0,7.103386020456414,-0.0868049376461908,64.29474880196254
45.19193406502008,-67.51973085274444,1.0,7.103434709807038,-0.0895693857818225,64.25520532959794
45.16550429809992,-67.52163290817712,1.0,7.10348206267129,-0.09233440980691032,64.21566675118466
45.139070621751266,-67.52353142726288,1.0,7.103528078394492,-0.09510000820020625,64.17613306249251
45.11263304206557,-67.52542640922097,1.0000000000000002,7.103572756323497,-0.09786617943903053,64.13660425929133
45.08619156514081,-67.52731785327201,1.0000000000000002,7.1036160958067125,-0.10063292199922991,64.09708033735092
45.05974619708123,-67.52920575863803,1.0,7.103658096194081,-0.10340023435521939,64.05756129244104
45.03329694399754,-67.53109012454233,1.0,7.103698756837099,-0.10616811497996714,64.01804712033156
45.00684381200674,-67.5329709502097,1.0,7.1037380770888205,-0.10893656234499449,63.97853781679223
44.980386807232286,-67.53484823486622,1.0,7.1037760563038415,-0.11170557492037947,63.93903337759289
44.95392593580385,-67.53672197773939,1.0,7.103812693838334,-0.11447515117476925,63.89953379850333
44.927461203857575,-67.53859217805804,1.0,7.103847989050015,-0.11724528957537395,63.860039075293365
44.90099261753588,-67.54045883505245,1.0,7.103881941298172,-0.12001598858796125,63.82054920373282
44.87452018298747,-67.54232194795419,1.0,7.1039145499436565,-0.12278724667688579,63.781064179591404
44.84804390636747,-67.5441815159963,1.0,7.1039458143488865,-0.12555906230505798,63.741583998639044
44.82156379383721,-67.54603753841315,1.0,7.103975733877858,-0.1283314339339725,63.702108656645485
44.795079851564395,-67.54789001444051,1.0000000000000002,7.1040043078961315,-0.13110436002368875,63.66263814938056
44.76859208572299,-67.54973894331553,1.0,7.104031535770853,-0.13387783903286277,63.623172472614016
44.74210050249325,-67.5515843242768,1.0000000000000002,7.104057416870742,-0.1366518694187171,63.58371162211574
44.71560510806171,-67.5534261565642,1.0,7.104081950566105,-0.1394264496370763,63.54425559365548
44.68910590862118,-67.5552644394191,1.0,7.104105136228825,-0.14220157814232515,63.50480438300307
44.66260291037071,-67.55709917208422,1.0,7.1041269732323835,-0.14497725338746914,63.465357985928264
44.636096119515635,-67.55893035380366,1.0000000000000002,7.104147460951841,-0.147753473824082,63.42591639820095
44.609585542267496,-67.56075798382297,1.0,7.1041665987638645,-0.150530237902343,63.38647961559089
44.58307118484409,-67.56258206138904,1.0,7.104184386046704,-0.15330754407103253,63.34704763386789
44.55655305346943,-67.56440258575022,1.0000000000000002,7.1042008221802115,-0.15608539077751615,63.30762044880176
44.530031154373766,-67.5662195561562,1.0,7.104215906545841,-0.1588637764677756,63.26819805616226
44.50350549379356,-67.56803297185814,1.0,7.10422963852665,-0.16164269958639466,63.228780451719274
44.47697607797141,-67.56984283210855,1.0000000000000002,7.104242017507304,-0.16442215857656528,63.18936763124256
44.450442913156216,-67.5716491361614,1.0,7.104253042874073,-0.16720215188008325,63.14995959050195
44.42390600560296,-67.57345188327201,1.0,7.104262714014842,-0.1699826779373641,63.11055632526721
44.39736536157289,-67.57525107269718,1.0,7.104271030319107,-0.17276373518743515,63.07115783130819
44.370820987333325,-67.57704670369509,1.0,7.104277991177986,-0.1755453220679435,63.03176410439468
44.34427288915779,-67.57883877552528,1.0000000000000002,7.1042835959842074,-0.17832743701516396,62.99237514029643
44.31772107332602,-67.58062728744882,1.0,7.104287844132132,-0.18111007846398142,62.952990934783365
44.29116554612376,-67.58241223872811,1.0,7.1042907350177416,-0.18389324484791914,62.91361148362519
44.26460631384301,-67.584193628627,1.0,7.104292268038641,-0.18667693459911927,62.874236782591744
44.23804338278179,-67.58597145641077,1.0000000000000002,7.104292442594071,-0.18946114614836507,62.8348668274528
44.21147675924435,-67.5877457213461,0.9999999999999999,7.1042912580849,-0.19224587792506664,62.795501613978246
44.18490644954093,-67.58951642270112,1.0000000000000002,7.104288713913633,-0.19503112835727343,62.7561411379378
44.15833245998794,-67.59128355974539,1.0,7.1042848094844215,-0.19781689587167328,62.71678539510133
44.13175479690785,-67.59304713174986,1.0,7.10427954420304,-0.20060317889360224,62.677434381238584
44.10517346662922,-67.59480713798695,1.0,7.104272917476921,-0.20338997584703478,62.638088092119425
44.078588475486676,-67.59656357773048,1.0,7.104264928715137,-0.20617728515459266,62.59874652351364
44.05199982982087,-67.59831645025577,1.0,7.104255577328404,-0.2089651052375574,62.55940967119099
44.0254075359786,-67.60006575483946,1.0,7.104244862729102,-0.2117534345158507,62.520077530921355
43.99881160031259,-67.60181149075974,1.0000000000000002,7.104232784331247,-0.21454227140806115,62.480750098474466
43.972212029181726,-67.60355365729617,1.0,7.104219341550526,-0.21733161433143255,62.44142736962019
43.94560882895076,-67.6052922537298,1.0,7.104204533804278,-0.22012146170186586,62.40210934012827
43.91900200599062,-67.60702727934306,1.0000000000000002,7.104188360511502,-0.22291181193392973,62.362796005768594
43.89239156667813,-67.6087587334199,1.0000000000000002,7.104170821092862,-0.22570266344085876,62.3234873623109
43.86577751739618,-67.61048661524562,1.0,7.10415191497069,-0.22849401463456687,62.28418340552503
43.8391598645336,-67.61221092410709,1.0,7.1041316415689835,-0.2312858639256179,62.24488413118073
43.812538614485234,-67.6139316592925,1.0,7.104110000313412,-0.23407820972327809,62.205589535047906
43.78591377365186,-67.61564882009158,1.0,7.104086990631326,-0.23687105043547074,62.16629961289631
43.75928534844026,-67.61736240579549,1.0,7.104062611951736,-0.23966438446881,62.12701436049571
43.73265334526315,-67.61907241569682,1.0,7.104036863705352,-0.2424582102285937,62.08773377361597
43.706017770539155,-67.62077884908962,1.0000000000000002,7.104009745324547,-0.245252526118807,62.04845784802685
43.67937863069291,-67.62248170526945,1.0000000000000002,7.103981256243393,-0.24804733054211603,62.00918657949819
43.652735932154876,-67.62418098353325,1.0,7.103951395897636,-0.25084262189989204,61.96991996379979
43.62608968136153,-67.62587668317947,1.0000000000000002,7.103920163724718,-0.2536383985921846,61.93065799670146
43.59943988475514,-67.62756880350803,1.0,7.103887559163778,-0.2564346590177635,61.89140067397295
43.57278654878402,-67.62925734382026,1.0,7.103853581655632,-0.25923140157407687,61.852147991384165
43.546129679902194,-67.63094230341902,1.0,7.10381823064281,-0.26202862465729293,61.8128999447048
43.51946928456973,-67.63262368160856,1.0,7.103781505569531,-0.2648263266622779,61.77365652970477
43.49280536925244,-67.6343014776947,1.0000000000000002,7.103743405881717,-0.2676245059826048,61.73441774215382
43.46613794042202,-67.63597569098465,1.0,7.103703931027002,-0.27042316101057384,61.69518357782172
43.43946700455611,-67.63764632078713,0.9999999999999999,7.103663080454717,-0.2732222901371806,61.65595403247838
43.412792568138016,-67.63931336641228,1.0,7.103620853615901,-0.2760218917521584,61.61672910189348
43.38611463765706,-67.6409768271718,1.0,7.103577249963313,-0.27882196424394046,61.577508781836926
43.35943321960821,-67.6426367023788,1.0000000000000002,7.103532268951421,-0.28162250599970395,61.538293068078474
43.3327483204924,-67.64429299134788,1.0,7.103485910036413,-0.28442351540533917,61.499081956387975
43.30605994681625,-67.64594569339515,0.9999999999999999,7.103438172676187,-0.2872249908454725,61.45987544253516
