galstreams/tracks/track.st.Gaia-2.ibata2021.ecsv
# %ECSV 1.0
# ---
# datatype:
# - {name: ra, unit: deg, datatype: float64}
# - {name: dec, unit: deg, datatype: float64}
# - {name: distance, unit: kpc, datatype: float64}
# - {name: pm_ra_cosdec, unit: mas / yr, datatype: float64}
# - {name: pm_dec, unit: mas / yr, datatype: float64}
# - {name: radial_velocity, unit: km / s, datatype: float64}
# delimiter: ','
# meta: !!omap
# - __serialized_columns__:
#     dec:
#       __class__: astropy.coordinates.angles.Latitude
#       unit: &id001 !astropy.units.Unit {unit: deg}
#       value: !astropy.table.SerializedColumn {name: dec}
#     distance:
#       __class__: astropy.coordinates.distances.Distance
#       unit: !astropy.units.Unit {unit: kpc}
#       value: !astropy.table.SerializedColumn {name: distance}
#     pm_dec:
#       __class__: astropy.units.quantity.Quantity
#       unit: !astropy.units.Unit {unit: mas / yr}
#       value: !astropy.table.SerializedColumn {name: pm_dec}
#     pm_ra_cosdec:
#       __class__: astropy.units.quantity.Quantity
#       unit: !astropy.units.Unit {unit: mas / yr}
#       value: !astropy.table.SerializedColumn {name: pm_ra_cosdec}
#     ra:
#       __class__: astropy.coordinates.angles.Longitude
#       unit: *id001
#       value: !astropy.table.SerializedColumn {name: ra}
#       wrap_angle: !astropy.coordinates.Angle
#         unit: *id001
#         value: 360.0
#     radial_velocity:
#       __class__: astropy.units.quantity.Quantity
#       unit: !astropy.units.Unit {unit: km / s}
#       value: !astropy.table.SerializedColumn {name: radial_velocity}
# schema: astropy-2.0
ra,dec,distance,pm_ra_cosdec,pm_dec,radial_velocity
[from data line 1110]
7.521195439563344,-18.137052573074484,7.1194096114995205,0.2159734750557334,0.2226395383271722,-21239.245591344046
7.526525722340857,-18.14572710225735,7.119422578624614,0.2159000764074932,0.22309717509574511,-21408.54550616325
7.5318542723622794,-18.154402882503476,7.119434146600055,0.21582148351856745,0.22355014875276424,-21578.664735303297
7.537181083748457,-18.163079917605792,7.119444312036238,0.21573768280110528,0.22399844245944678,-21749.60514145471
7.542506150619267,-18.17175821135791,7.119453071543561,0.21564866066923116,0.22444203937538987,-21921.36858730802
7.547829467093636,-18.180437767554217,7.1194604217324216,0.21555440353918698,0.22488092265837167,-22093.956935553757
7.553151027289522,-18.18911858998981,7.119466359213219,0.2154548978294315,0.22531507546457874,-22267.372048882433
7.558470825323919,-18.197800682460514,7.119470880596346,0.21535012996021408,0.22574448094877653,-22441.615789984597
7.563788855312856,-18.206484048762885,7.119473982492203,0.21524008635415726,0.22616912226359887,-22616.69002155076
7.569105111371388,-18.21516869269421,7.1194756615111885,0.21512475343575943,0.22658898256057114,-22792.596606271458
7.5744195876136,-18.223854618052496,7.119475914263698,0.2150041176316222,0.22700404498905868,-22969.337406837203
7.579732278152607,-18.232541828636492,7.119474737360128,0.21487816537049298,0.22741429269717628,-23146.914285938543
7.585043177100543,-18.241230328245678,7.1194721274108765,0.21474688308312295,0.22781970883110603,-23325.329106266
7.590352278568561,-18.249920120680233,7.119468081026343,0.214610257202267,0.2282202765356942,-23504.58373051009
7.595659576666851,-18.258611209741105,7.1194625948169215,0.21446827416293957,0.22861597895374075,-23684.68002136133
7.6009650655046,-18.267303599229944,7.119455665393012,0.21432092040201667,0.22900679922682343,-23865.61984151028
7.606268739190025,-18.275997292949132,7.119447289365008,0.21416818235859125,0.22939272049458737,-24047.405053647446
7.611570591830348,-18.284692294701784,7.119437463343312,0.2140100464736321,0.22977372589531342,-24230.037520463353
7.616870617531805,-18.29338860829174,7.1194261839383195,0.21384649919031062,0.23014979856534978,-24413.51910464854
7.62216881039965,-18.30208623752357,7.119413447760425,0.21367752695383047,0.23052092163956672,-24597.851668893523
7.627465164538131,-18.310785186202573,7.119399251420031,0.21350311621147,0.23088707825129973,-24783.037075888842
7.632759674050506,-18.31948545813478,7.119383591527529,0.2133232534124403,0.23124825153200845,-24969.077188324994
7.638052333039037,-18.32818705712693,7.119366464693322,0.21313792500811246,0.23160442461193043,-25155.973868892557
7.643343135604994,-18.33688998698651,7.119347867527802,0.21294711745188977,0.23195558061934207,-25343.728980282
7.64863207584863,-18.345594251521728,7.11932779664137,0.21275081719920763,0.2323017026810419,-25532.344385183886
7.653919147869204,-18.35429985454152,7.119306248644422,0.21254901070747678,0.23264277392209465,-25721.821946288743
7.659204345764971,-18.36300679985555,7.119283220147357,0.21234168443632484,0.23297877746603035,-25912.163526287095
7.664487663633173,-18.37171509127421,7.119258707760569,0.21212882484719842,0.23330969643487265,-26103.370987869443
7.669769095570041,-18.380424732608606,7.119232708094456,0.21191041840377522,0.233635513949082,-26295.446193726337
7.6750486356708,-18.389135727670592,7.119205217759419,0.21168645157163724,0.23395621312718617,-26488.391006548318
7.680326278029655,-18.397848080272727,7.119176233365854,0.2114569108184412,0.23427177708660452,-26682.20728902588
7.685602016739796,-18.406561794228313,7.119145751524155,0.21122178261391866,0.23458218894276683,-26876.89690384957
7.6908758458933955,-18.415276873351388,7.1191137688447235,0.21098105342977647,0.23488743180925553,-27072.461713709912
7.6961477595816,-18.423993321456678,7.119080281937953,0.2107347097397252,0.23518748879905615,-27268.903581297425
7.70141775189454,-18.432711142359675,7.1190452874142425,0.21048273801964967,0.23548234302239734,-27466.22436930265
7.706685816921311,-18.441430339876565,7.1190087818839904,0.21022512474723953,0.23577197758896773,-27664.425940416102
7.711951948749991,-18.450150917824285,7.118970761957594,0.20996185640235865,0.23605637560609694,-27863.51015732832
7.717216141467617,-18.458872880020497,7.11893122424545,0.20969291946680357,0.2363355201798356,-28063.478882729814
7.722478389160202,-18.467596230283558,7.1188901653579535,0.2094183004245025,0.23660939441472806,-28264.33397931113
7.727738685912719,-18.476320972432585,7.118847581905507,0.20913798576125942,0.23687798141361327,-28466.077309762783
7.732997025809109,-18.485047110287415,7.118803470498501,0.20885196196495315,0.2371412642777102,-28668.7107367753
7.73825340293227,-18.493774647668584,7.118757827747339,0.20856021552552306,0.23739922610712938,-28872.236123039213
7.743507811364059,-18.502503588397378,7.118710650262417,0.208262732934827,0.23765184999990652,-29076.655331245078
7.748760245185288,-18.511233936295802,7.1186619346541296,0.20795950068675495,0.2378991190523152,-29281.970224083358
7.7540106984757236,-18.519965695186578,7.118611677532876,0.207650505277158,0.23814101635991847,-29488.18266424461
7.759259165314088,-18.528698868893162,7.118559875509053,0.20733573320407572,0.23837752501600562,-29695.294514419365
7.764505639778046,-18.537433461239733,7.118506525193059,0.2070151709672814,0.2386086281126154,-29903.307637298145
7.769750115944214,-18.546169476051183,7.11845162319529,0.20668880506872256,0.23883430874002443,-30112.223895571475
7.774992587888153,-18.55490691715314,7.118395166126144,0.20635662201227944,0.2390545499873724,-30322.045151929906
7.780233049684364,-18.563645788371957,7.118337150596018,0.20601860830385021,0.23926933494175273,-30532.773269063935
7.785471495406286,-18.572386093534686,7.118277573215311,0.20567475045119465,0.2394786466891219,-30744.410109664088
7.790707919126301,-18.581127836469125,7.118216430594419,0.20532503496427523,0.23968246831373108,-30956.95753642092
7.795942314915722,-18.5898710210038,7.118153719343739,0.20496944835494446,0.23988078289818304,-31170.417412024944
7.801174676844798,-18.598615650967943,7.118089436073668,0.20460797713690226,0.24007357352382996,-31384.791599166685
7.806404998982706,-18.60736173019151,7.118023577394604,0.20424060782593756,0.24026082327020504,-31600.081960536652
7.811633275397553,-18.616109262505184,7.117956139916945,0.20386732693992826,0.24044251521564775,-31816.2903588254
7.816859500156367,-18.624858251740374,7.117887120251087,0.20348812099841496,0.24061863243667858,-32033.41865672345
7.822083667325108,-18.633608701729205,7.117816515007428,0.20310297652331144,0.2407891580083401,-32251.468716921325
7.827305770968651,-18.642360616304522,7.1177443207963655,0.20271188003819418,0.2409540750043675,-32470.442402109544
7.832525805150791,-18.65111399929989,7.117670534228297,0.20231481806864338,0.2411133664967906,-32690.341574978658
7.837743763934236,-18.659868854549607,7.117595151913617,0.20191177714234243,0.24126701555610452,-32911.168098219154
7.842959641380617,-18.668625185888665,7.117518170462729,0.20150274378882216,0.241415005251838,-33132.9238345216
7.8481734315504665,-18.677382997152808,7.117439586486024,0.20108770453958869,0.24155731865107555,-33355.6106465765
7.853385128503226,-18.686142292178488,7.117359396593904,0.20066664592803818,0.24169393881987844,-33579.23039707438
7.858594726297253,-18.694903074802863,7.117277597396764,0.20023955448959896,0.2418248488233985,-33803.78494870579
7.863802218989801,-18.703665348863826,7.117194185505002,0.1998064167617315,0.24195003172434326,-34029.27616416122
7.869007600637027,-18.71242911819999,7.117109157529016,0.19936721928363,0.2420694705842834,-34255.70590613124
7.874210865293992,-18.72119438665068,7.117022510079197,0.19892194859659185,0.24218314846336852,-34483.076037306324
7.879412007014642,-18.729961158055936,7.116934239765953,0.1984705912437903,0.24229104842061133,-34711.388420377065
7.88461101985183,-18.738729436256527,7.116844343199673,0.19801313377035967,0.24239315351292134,-34940.64491803393
7.8898078978572945,-18.747499225093936,7.1167528169907595,0.19754956272328172,0.24248944679612805,-35170.84739296748
7.895002635081664,-18.75627052841037,7.116659657749606,0.19707986465155614,0.24257991132435563,-35401.99770786822
7.900195225574454,-18.765043350048728,7.116564862086614,0.19660402610611527,0.24266453015025036,-35634.09772542671
7.905385663384066,-18.77381769385266,7.116468426612175,0.1961220336398526,0.24274328632560582,-35867.14930833345
7.9105739425577815,-18.782593563666513,7.116370347936692,0.1956338738074237,0.2428161628999419,-36101.15431927896
7.9157600571417595,-18.79137096333536,7.116270622670559,0.1951395331654453,0.24288314292181212,-36336.11462095378
7.920944001181041,-18.800149896704973,7.116169247424176,0.1946389982726089,0.24294420943812156,-36572.03207604846
7.926125768719539,-18.808930367621873,7.116066218807936,0.19413225568945336,0.24299934549424052,-36808.908547253486
7.9313053538000355,-18.817712379933255,7.11596153343224,0.1936192919781945,0.2430485341345161,-37046.7458972594
7.936482750464187,-18.826495937487064,7.115855187907484,0.19310009370332182,0.24309175840136277,-37285.54598875675
7.941657952752507,-18.83528104413194,7.115747178844067,0.1925746474308312,0.24312900133628546,-37525.310684436015
7.946830954704391,-18.84406770371725,7.115637502852384,0.1920429397290775,0.24316024597885644,-37766.04184698778
7.952001750358078,-18.85285592009306,7.115526156542836,0.19150495716795035,0.24318547536728374,-38007.74133910254
7.957170333750676,-18.86164569711017,7.115413136525814,0.19096068631924368,0.24320467253875222,-38250.411023470806
7.962336698918144,-18.870437038620075,7.1152984394117205,0.19041011375685457,0.24321782052868457,-38494.05276278313
7.967500839895299,-18.879229948474997,7.115182061810953,0.18985322605641386,0.24322490237085503,-38738.66841973005
7.972662750715814,-18.88802443052786,7.115064000333905,0.18929000979548505,0.24322590109846942,-38984.259857002064
7.977822425412198,-18.89682048863231,7.114944251590977,0.18872045155356432,0.24322079974240296,-39230.82893728973
7.9829798580158124,-18.9056181266427,7.114822812192565,0.1881445379116542,0.24320958133267823,-39478.377523283525
7.988135042556871,-18.914417348414094,7.114699678749067,0.1875622554533436,0.24319222889766934,-39726.90747767403
7.993287973064412,-18.92321815780228,7.1145748478708795,0.18697359076341513,0.24316872546444301,-39976.42066315175
7.998438643566322,-18.932020558663716,7.114448316168403,0.1863785304287262,0.2431390540590428,-40226.918942407196
8.00358704808933,-18.940824554855634,7.11432008025203,0.18577706103829428,0.24310319770518163,-40478.40417813092
8.00873318065898,-18.94963015023593,7.11419013673216,0.1851691691825863,0.2430611394260609,-40730.878233013456
8.013877035299661,-18.95843734866322,7.11405848221919,0.18455484145405876,0.24301286224323349,-40984.34296974529
8.019018606034587,-18.967246153996836,7.113925113323519,0.1839340644470724,0.2429583491767744,-41238.80025101698
8.024157886885794,-18.97605657009683,7.113790026655541,0.1833068247578069,0.24289758324505328,-41494.251939519054
8.029294871874137,-18.98486860082392,7.1136532188256565,0.1826731089842326,0.24283054746615562,-41750.69989794202
8.034429555019306,-18.993682250039576,7.113514686444261,0.18203290372630931,0.2427572248557226,-42008.14598897642
8.039561930339786,-19.002497521605964,7.113374426121755,0.18138619558564528,0.24267759842894066,-42266.592075312765
8.044691991852897,-19.011314419385947,7.113232434468533,0.18073297116586673,0.24259165119826775,-42526.040019641616
8.049819733574761,-19.020132947243113,7.113088708094992,0.18007321707216306,0.24249936617627554,-42786.49168465346
8.054945149520313,-19.028953109041733,7.112943243611528,0.17940691991194058,0.24240072637337562,-43047.94893303886
8.060068233703285,-19.037774908646814,7.112796037628542,0.17873406629399824,0.24229571479901324,-43310.413627488306
8.065188980136224,-19.046598349924032,7.112647086756433,0.17805464282932348,0.24218431446104205,-43573.88763069238
8.070307382830471,-19.055423436739794,7.112496387605591,0.17736863613035325,0.24206650836606514,-43838.37280534154
8.07542343579617,-19.06425017296122,7.11234393678642,0.17667603281171296,0.2419422795192645,-44103.871014126344
8.08053713304226,-19.073078562456107,7.1121897309093125,0.17597681948956279,0.24181161092491266,-44370.38411973735
8.085648468576467,-19.081908609092977,7.112033766584669,0.17527098278191033,0.24167448558551996,-44637.913984865
8.090757436405314,-19.090740316741044,7.111876040422886,0.17455850930875272,0.24153088650194832,-44906.46247219992
8.095864030534106,-19.09957368927023,7.111716549034361,0.1738393856915934,0.2413807966748891,-45176.03144443258
8.100968244966937,-19.10840873055116,7.111555289029491,0.17311359855392539,0.24122419910264625,-45446.62276425353
8.106070073706684,-19.117245444455175,7.111392257018672,0.1723811345210322,0.24106107678233002,-45718.23829435328
8.111169510754992,-19.126083834854278,7.111227449612305,0.17164198021978905,0.24089141271082326,-45990.87989742237
8.116266550112298,-19.134923905621225,7.111060863420783,0.17089612227911744,0.24071518988199614,-46264.549436151305
8.121361185777797,-19.14376566062942,7.110892495054508,0.17014354732936,0.24053239129011672,-46539.248773230676
8.126453411749464,-19.15260910375301,7.110722341123872,0.16938424200293412,0.24034299992717933,-46814.979771350896
8.131543222024042,-19.161454238866824,7.110550398239278,0.16861819293410463,0.2401469987839846,-47091.7442932026
8.136630610597036,-19.170301069846396,7.110376663011118,0.16784538675850058,0.23994437085002573,-47369.54420147626
8.141715571462715,-19.179149600567943,7.110201132049793,0.16706581011388266,0.23973509911439805,-47648.38135886244
8.1467980986141,-19.1879998349084,7.110023801965699,0.16627944963943264,0.23951916656358208,-47928.2576280516
8.151878186042984,-19.196851776745397,7.109844669369234,0.16548629197640707,0.23929655618354673,-48209.17487173434
8.156955827739896,-19.20570542995725,7.109663730870794,0.1646863237677394,0.23906725095901038,-48491.13495260116
8.162031017694128,-19.214560798422983,7.109480983080776,0.1638795316577557,0.23883123387304295,-48774.13973334256
8.167103749893716,-19.223417886022297,7.109296422609581,0.16306590229305584,0.23858848790820275,-49058.19107664911
8.172174018325439,-19.23227669663563,7.109110046067601,0.16224542232146177,0.2383389960450586,-49343.29084521132
8.17724181697482,-19.241137234144066,7.10892185006524,0.16141807839301237,0.23808274126338347,-49629.44090171974
8.182307139826124,-19.249999502429414,7.108731831212889,0.16058385715899703,0.23781970654113138,-49916.6431088648
8.18736998086235,-19.258863505374176,7.108539986120949,0.15974274527283683,0.2375498748560858,-50204.8993293372
8.192430334065229,-19.267729246861542,7.1083463113998135,0.15889472938934546,0.2372732291835291,-50494.211425827314
8.197488193415223,-19.27659673077538,7.108150803659885,0.15803979616529773,0.23698975249862997,-50784.5812610257
8.202543552891525,-19.285465961000277,7.107953459511559,0.15717793225900323,0.2366994277749086,-51076.010697622936
8.207596406472046,-19.29433694142151,7.107754275565227,0.15630912433042,0.23640223798412308,-51368.50159830948
8.212646748133427,-19.303209675925018,7.107553248431298,0.1554333590414103,0.23609816609786094,-51662.05582577593
8.217694571851025,-19.312084168397462,7.107350374720159,0.1545506230555702,0.23578719508560653,-51956.67524271279
8.22273987159891,-19.320960422726184,7.107145651042213,0.15366090303774627,0.23546930791644627,-52252.36171181055
8.227782641349867,-19.329838442799204,7.1069390740078555,0.1527641856549451,0.2351444875576476,-52549.11709575979
8.232822875075392,-19.33871823250526,7.106730640227482,0.1518604575755944,0.2348127169751706,-52846.94325725099
8.237860566745686,-19.34759979573374,7.106520346311492,0.1509497054699125,0.23447397913497525,-53145.84205897469
