galstreams/tracks/track.st.Sagittarius.antoja2020.ecsv
# %ECSV 1.0
# ---
# datatype:
# - {name: ra, unit: deg, datatype: float64}
# - {name: dec, unit: deg, datatype: float64}
# - {name: distance, unit: kpc, datatype: float64}
# - {name: pm_ra_cosdec, unit: mas / yr, datatype: float64}
# - {name: pm_dec, unit: mas / yr, datatype: float64}
# - {name: radial_velocity, unit: km / s, datatype: float64}
# delimiter: ','
# meta: !!omap
# - __serialized_columns__:
#     dec:
#       __class__: astropy.coordinates.angles.Latitude
#       unit: &id001 !astropy.units.Unit {unit: deg}
#       value: !astropy.table.SerializedColumn {name: dec}
#     distance:
#       __class__: astropy.coordinates.distances.Distance
#       unit: !astropy.units.Unit {unit: kpc}
#       value: !astropy.table.SerializedColumn {name: distance}
#     pm_dec:
#       __class__: astropy.units.quantity.Quantity
#       unit: !astropy.units.Unit {unit: mas / yr}
#       value: !astropy.table.SerializedColumn {name: pm_dec}
#     pm_ra_cosdec:
#       __class__: astropy.units.quantity.Quantity
#       unit: !astropy.units.Unit {unit: mas / yr}
#       value: !astropy.table.SerializedColumn {name: pm_ra_cosdec}
#     ra:
#       __class__: astropy.coordinates.angles.Longitude
#       unit: *id001
#       value: !astropy.table.SerializedColumn {name: ra}
#       wrap_angle: !astropy.coordinates.Angle
#         unit: *id001
#         value: 360.0
#     radial_velocity:
#       __class__: astropy.units.quantity.Quantity
#       unit: !astropy.units.Unit {unit: km / s}
#       value: !astropy.table.SerializedColumn {name: radial_velocity}
# schema: astropy-2.0
ra,dec,distance,pm_ra_cosdec,pm_dec,radial_velocity
[from data line 14770]
275.47878823072057,-27.42157159632816,30.66960092538833,-2.330368982461449,-1.1441651365064929,1.0104920555846805e-13
275.4678499782491,-27.419176704639487,30.672315751787682,-2.3300934515022678,-1.1439510457774646,-4.210383564936169e-14
275.45691220022553,-27.416780959401876,30.675031505239755,-2.3298178502444524,-1.143737047500127,4.210383564936169e-14
275.44597489674993,-27.414384360739668,30.677748186119977,-2.329542178747359,-1.1435231416571083,-4.210383564936169e-14
275.43503806792194,-27.411986908777212,30.68046579480356,-2.3292664370703475,-1.1433093282309885,1.2631150694808508e-13
275.4241017138414,-27.409588603638912,30.683184331665476,-2.328990625272783,-1.1430956072043088,6.73661370389787e-14
275.41316583460804,-27.407189445449177,30.68590379708051,-2.328714743414036,-1.1428819785595625,-3.368306851948935e-14
275.4022304303212,-27.40478943433244,30.688624191423212,-2.328438791553481,-1.1426684422791993,4.210383564936169e-14
275.39129550108055,-27.402388570413184,30.69134551506792,-2.328162769750498,-1.1424549983456267,-4.210383564936169e-14
275.38036104698534,-27.39998685381591,30.69406776838874,-2.327886678064472,-1.1422416467412058,1.0946997268834039e-13
275.369427068135,-27.39758428466514,30.696790951759613,-2.3276105165547882,-1.142028387448255,-1.6841534259744676e-14
275.35849356462853,-27.395180863085418,30.6995150655542,-2.3273342852808434,-1.1418152204490475,9.262843842859572e-14
275.34756053656525,-27.392776589201333,30.70224011014597,-2.327057984302035,-1.1416021457258148,4.210383564936169e-14
275.3366279840441,-27.390371463137495,30.704966085908175,-2.3267816136777637,-1.1413891632607416,2.5262301389617013e-14
275.325695907164,-27.387965485018533,30.707692993213847,-2.326505173467439,-1.1411762730359691,1.5999457546757442e-13
275.31476430602385,-27.38555865496911,30.710420832435794,-2.3262286637304688,-1.1409634750335982,0.0
275.30383318072234,-27.383150973113928,30.713149603946604,-2.3259520845262736,-1.14075076923568,2.020984111169361e-13
275.29290253135815,-27.380742439577688,30.71587930811866,-2.325675435914271,-1.1405381556242267,1.515738083377021e-13
275.2819723580299,-27.378333054485136,30.71860994532411,-2.325398717953884,-1.1403256341812034,-3.368306851948935e-14
275.2710426608361,-27.37592281796105,30.721341515934874,-2.3251219307045465,-1.1401132048885325,1.1789073981821273e-13
275.26011343987506,-27.37351173013023,30.724074020322664,-2.3248450742256903,-1.1399008677280933,6.73661370389787e-14
275.24918469524516,-27.371099791117494,30.726807458858982,-2.3245681485767524,-1.1396886226817189,1.768361097273191e-13
275.23825642704463,-27.368687001047704,30.72954183191508,-2.324291153817175,-1.1394764697312025,-2.5262301389617013e-14
275.2273286353716,-27.36627336004573,30.732277139862003,-2.3240140900064072,-1.1392644088582895,-1.0104920555846805e-13
275.21640132032394,-27.363858868236484,30.735013383070577,-2.323736957203899,-1.139052440044682,2.1051917824680845e-13
275.2054744819999,-27.3614435257449,30.737750561911405,-2.3234597554691034,-1.1388405632720424,1.768361097273191e-13
275.1945481204972,-27.359027332695945,30.740488676754858,-2.3231824848614835,-1.1386287785219846,3.368306851948935e-14
275.18362223591356,-27.356610289214597,30.743227727971085,-2.322905145440502,-1.1384170857760811,1.0946997268834039e-13
275.1726968283467,-27.35419239542588,30.745967715930018,-2.3226277372656257,-1.1382054850158605,1.4315304120782974e-13
275.16177189789437,-27.351773651454828,30.748708641001354,-2.3223502603963277,-1.1379939762228075,5.894536990910637e-14
275.15084744465383,-27.34935405742652,30.751450503554587,-2.322072714892085,-1.1377825593783624,9.262843842859572e-14
275.13992346872266,-27.34693361346604,30.754193303958964,-2.3217951008123774,-1.1375712344639226,9.262843842859572e-14
275.1289999701982,-27.34451231969853,30.756937042583502,-2.321517418216691,-1.1373600014608436,1.1789073981821273e-13
275.11807694917763,-27.34209017624913,30.759681719797026,-2.3212396671645132,-1.1371488603504338,1.5999457546757442e-13
275.1071544057581,-27.33966718324301,30.7624273359681,-2.3209618477153375,-1.13693781111396,2.5262301389617017e-13
275.0962323400367,-27.337243340805376,30.76517389146509,-2.320683959928661,-1.1367268537326465,7.578690416885104e-14
275.0853107521104,-27.334818649061464,30.767921386656095,-2.320406003863984,-1.1365159881876716,1.0946997268834039e-13
275.0743896420761,-27.33239310813654,30.770669821909035,-2.320127979580813,-1.1363052144601713,2.020984111169361e-13
275.06346901003053,-27.32996671815587,30.773419197591576,-2.3198498871386564,-1.1360945325312395,1.768361097273191e-13
275.05254885607053,-27.32753947924478,30.77616951407115,-2.3195717265970273,-1.1358839423819242,1.5999457546757442e-13
275.04162918029255,-27.3251113915286,30.778920771714976,-2.319293498015443,-1.1356734439932317,1.8525687685719145e-13
275.0307099827933,-27.32268245513271,30.781672970890046,-2.319015201453424,-1.1354630373461243,-4.210383564936169e-14
275.019791263669,-27.320252670182466,30.78442611196312,-2.318736836970494,-1.135252722421518,8.420767129872338e-14
275.00887302301624,-27.317822036803324,30.787180195300714,-2.318458404626185,-1.1350424992002925,-8.420767129872338e-15
274.99795526093106,-27.315390555120718,30.78993522126913,-2.318179904480028,-1.1348323676632774,1.8525687685719145e-13
274.9870379775098,-27.3129582252601,30.792691190234446,-2.3179013365915586,-1.134622327791262,1.0104920555846805e-13
274.9761211728484,-27.310525047346996,30.79544810256248,-2.3176227010203188,-1.1344123795649923,-4.210383564936169e-14
274.96520484704297,-27.308091021506918,30.798205958618865,-2.3173439978258514,-1.1342025229651687,1.6841534259744677e-13
274.9542890001894,-27.305656147865424,30.80096475876894,-2.3170652270677063,-1.1339927579724531,5.894536990910637e-14
274.9433736323835,-27.303220426548076,30.8037245033779,-2.3167863888054323,-1.1337830845674575,-2.5262301389617013e-14
274.93245874372093,-27.300783857680493,30.806485192810626,-2.3165074830985866,-1.1335735027307565,-2.5262301389617013e-14
274.92154433429744,-27.29834644138831,30.8092468274318,-2.316228510006729,-1.1333640124428792,8.420767129872338e-14
274.9106304042084,-27.29590817779716,30.812009407605895,-2.3159494695894196,-1.1331546136843098,1.4315304120782974e-13
274.8997169535495,-27.29346906703276,30.814772933697096,-2.3156703619062298,-1.1329453064354946,8.420767129872338e-15
274.88880398241594,-27.2910291092208,30.817537406069405,-2.3153911870167265,-1.1327360906768298,4.210383564936169e-14
274.87789149090304,-27.288588304487032,30.82030282508657,-2.3151119449804827,-1.132526966388674,1.0104920555846805e-13
274.86697947910596,-27.286146652957193,30.823069191112122,-2.314832635857077,-1.1323179335513385,8.420767129872338e-14
274.8560679471199,-27.2837041547571,30.825836504509308,-2.3145532597060923,-1.132108992145096,5.894536990910637e-14
274.84515689503985,-27.281260810012558,30.8286047656412,-2.3142738165871117,-1.1319001421501735,-1.0104920555846805e-13
274.83424632296067,-27.278816618849408,30.831373974870612,-2.3139943065597235,-1.1316913835467532,4.210383564936169e-14
274.82333623097725,-27.276371581393533,30.834144132560112,-2.313714729683518,-1.131482716314979,-9.262843842859572e-14
274.81242661918424,-27.27392569777081,30.836915239072045,-2.313435086018094,-1.131274140434947,6.73661370389787e-14
274.8015174876764,-27.27147896810717,30.839687294768524,-2.313155375623047,-1.131065655886713,1.6841534259744677e-13
274.79060883654836,-27.269031392528564,30.842460300011407,-2.31287559855798,-1.1308572626502909,-1.6841534259744676e-14
274.7797006658944,-27.266582971160965,30.84523425516234,-2.3125957548824987,-1.1306489607056478,1.1789073981821273e-13
274.7687929758091,-27.26413370413037,30.848009160582713,-2.3123158446562133,-1.1304407500327118,-4.210383564936169e-14
274.7578857663866,-27.261683591562797,30.850785016633694,-2.312035867938733,-1.1302326306113657,-1.0104920555846805e-13
274.74697903772125,-27.25923263358432,30.853561823676188,-2.3117558247896786,-1.1300246024214493,1.0946997268834039e-13
274.7360727899071,-27.256780830321006,30.856339582070888,-2.3114757152686654,-1.1298166654427635,-1.6841534259744676e-14
274.7251670230381,-27.25432818189896,30.85911829217825,-2.311195539435317,-1.129608819655059,1.768361097273191e-13
274.7142617372084,-27.25187468844432,30.861897954358458,-2.3109152973492595,-1.1294010650380522,2.1893994537668078e-13
274.7033569325117,-27.249420350083238,30.864678568971488,-2.3106349890701234,-1.1291934015714111,2.1051917824680845e-13
274.6924526090419,-27.246965166941894,30.86746013637708,-2.310354614657538,-1.128985829234762,1.1789073981821273e-13
274.6815487668925,-27.244509139146512,30.870242656934707,-2.3100741741711404,-1.1287783480076894,5.894536990910637e-14
274.6706454061572,-27.24205226682331,30.873026131003623,-2.309793667670571,-1.1285709578697343,-5.0524602779234026e-14
274.65974252692945,-27.23959455009857,30.875810558942845,-2.3095130952154688,-1.1283636588003942,9.262843842859572e-14
274.64884012930264,-27.23713598909856,30.87859594111113,-2.3092324568654816,-1.1281564507791262,1.768361097273191e-13
274.6379382133702,-27.234676583949614,30.881382277866997,-2.308951752680258,-1.127949333785344,1.9367764398706378e-13
274.6270367792253,-27.232216334778062,30.88416956956873,-2.308670982719448,-1.127742307798419,2.5262301389617013e-14
274.6161358269611,-27.229755241710265,30.886957816574387,-2.308390147042707,-1.1275353727976771,-8.420767129872338e-15
274.60523535667056,-27.227293304872617,30.88974701924177,-2.308109245709692,-1.127328528762404,1.2631150694808508e-13
274.59433536844676,-27.224830524391542,30.89253717792841,-2.307828278780066,-1.1271217756718435,1.2631150694808508e-13
274.5834358623825,-27.22236690039349,30.895328292991643,-2.3075472463134914,-1.1269151135051965,1.0946997268834039e-13
274.5725368385706,-27.2199024330049,30.898120364788547,-2.3072661483696333,-1.1267085422416194,1.6841534259744676e-14
274.5616382971038,-27.21743712235231,30.900913393675907,-2.3069849850081665,-1.1265020618602293,5.894536990910637e-14
274.55074023807464,-27.214970968562213,30.903707380010356,-2.3067037562887602,-1.1262956723400976,8.420767129872338e-15
274.5398426615756,-27.21250397176116,30.906502324148214,-2.306422462271091,-1.126089373660255,8.420767129872338e-15
274.5289455676992,-27.210036132075732,30.90929822644557,-2.306141103014839,-1.12588316579969,1.5999457546757442e-13
274.5180489565379,-27.207567449632524,30.912095087258265,-2.305859678579685,-1.1256770487373498,-1.6841534259744676e-14
274.5071528281836,-27.205097924558157,30.91489290694193,-2.3055781890253146,-1.125471022452134,1.1789073981821273e-13
274.49625718272875,-27.202627556979287,30.91769168585191,-2.305296634411414,-1.1252650869229062,2.5262301389617013e-14
274.48536202026537,-27.200156347022588,30.9204914243433,-2.3050150147976756,-1.1250592421284848,-8.420767129872338e-15
274.4744673408854,-27.19768429481476,30.923292122770988,-2.3047333302437916,-1.124853488047645,7.578690416885104e-14
274.4635731446807,-27.195211400482528,30.926093781489584,-2.3044515808094586,-1.1246478246591214,8.420767129872338e-14
274.4526794317432,-27.192737664152652,30.92889640085346,-2.3041697665543746,-1.124442251941606,0.0
274.4417862021645,-27.190263085951916,30.93169998121673,-2.3038878875382434,-1.124236769873748,1.0946997268834039e-13
274.4308934560363,-27.187787666007104,30.93450452293329,-2.303605943820768,-1.1240313784341542,1.8525687685719145e-13
274.4200011934501,-27.185311404445052,30.937310026356755,-2.3033239354616555,-1.12382607760139,1.4315304120782974e-13
274.40910941449744,-27.18283430139263,30.940116491840502,-2.3030418625206157,-1.1236208673539791,0.0
274.39821811926953,-27.18035635697671,30.94292391973766,-2.302759725057363,-1.1234157476704019,-7.578690416885104e-14
274.3873273078577,-27.17787757132419,30.94573231040112,-2.302477523131611,-1.1232107185290945,2.1051917824680845e-13
274.3764369803532,-27.175397944562025,30.9485416641835,-2.3021952568030803,-1.1230057799084578,5.894536990910637e-14
274.36554713684706,-27.17291747681715,30.95135198143719,-2.301912926131488,-1.1228009317868428,1.0104920555846805e-13
274.3546577774303,-27.170436168216558,30.954163262514314,-2.3016305311765604,-1.122596174142563,1.5999457546757442e-13
274.34376890219386,-27.167954018887247,30.95697550776677,-2.30134807199802,-1.1223915069538892,8.420767129872338e-15
274.33288051122855,-27.165471028956272,30.95978871754616,-2.301065548655599,-1.1221869301990481,1.515738083377021e-13
274.32199260462517,-27.162987198550674,30.962602892203872,-2.300782961209026,-1.121982443856229,-8.420767129872338e-14
274.3111051824742,-27.160502527797533,30.965418032091048,-2.300500309718035,-1.1217780479035722,1.6841534259744676e-14
274.3002182448663,-27.158017016823983,30.96823413755853,-2.3002175942423637,-1.1215737423191825,1.8525687685719145e-13
274.28933179189204,-27.155530665757144,30.97105120895696,-2.299934814841748,-1.1213695270811208,1.5999457546757442e-13
274.2784458236417,-27.153043474724175,30.9738692466367,-2.29965197157593,-1.1211654021674051,-1.6841534259744676e-14
274.26756034020553,-27.150555443852262,30.976688250947877,-2.299369064504653,-1.1209613675560106,1.0946997268834039e-13
274.2566753416739,-27.14806657326862,30.97950822224033,-2.299086093687663,-1.120757423224875,-3.368306851948935e-14
274.2457908281367,-27.14557686310049,30.982329160863678,-2.2988030591847095,-1.120553569151888,1.2631150694808508e-13
274.23490679968404,-27.143086313475123,30.985151067167283,-2.2985199610555402,-1.1203498053149024,2.3578147963642546e-13
274.22402325640604,-27.140594924519817,30.987973941500226,-2.2982367993599104,-1.1201461316917292,1.0104920555846805e-13
274.21314019839235,-27.13810269636187,30.99079778421135,-2.2979535741575754,-1.1199425482601346,2.5262301389617013e-14
274.2022576257327,-27.13560962912863,30.993622595649267,-2.2976702855082904,-1.1197390549978428,1.0104920555846805e-13
274.191375538517,-27.133115722947462,30.99644837616229,-2.2973869334718184,-1.11953565188254,7.578690416885104e-14
274.1804939368346,-27.130620977945757,30.999275126098496,-2.297103518107921,-1.1193323388918692,-1.6841534259744676e-14
274.16961282077506,-27.128125394250908,31.00210284580571,-2.2968200394763625,-1.1191291160034291,1.347322740779574e-13
274.15873219042777,-27.12562897199036,31.0049315356315,-2.296536497636908,-1.1189259831947802,1.4315304120782974e-13
274.14785204588213,-27.12313171129159,31.007761195923152,-2.2962528926493277,-1.1187229404434407,5.894536990910637e-14
274.1369723872273,-27.12063361228208,31.010591827027735,-2.295969224573394,-1.1185199877268852,1.1789073981821273e-13
274.1260932145524,-27.118134675089326,31.013423429292043,-2.2956854934688775,-1.118317125022548,8.420767129872338e-15
274.1152145279465,-27.115634899840888,31.01625600306259,-2.2954016993955553,-1.118114352307823,3.368306851948935e-14
274.1043363274986,-27.113134286664327,31.019089548685656,-2.295117842413206,-1.1179116695600613,9.262843842859572e-14
274.0934586132975,-27.110632835687213,31.02192406650727,-2.2948339225816072,-1.117709076756572,1.6841534259744676e-14
274.082581385432,-27.108130547037177,31.024759556873178,-2.2945499399605414,-1.1175065738746233,5.894536990910637e-14
274.0717046439908,-27.10562742084185,31.027596020128875,-2.2942658946097927,-1.1173041608914425,2.1051917824680845e-13
274.0608283890626,-27.103123457228897,31.0304334566196,-2.293981786589147,-1.117101837784216,1.1789073981821273e-13
274.0499526207357,-27.100618656325995,31.03327186669033,-2.2936976159583917,-1.1168996045300856,-1.6841534259744676e-14
274.03907733909875,-27.098113018260875,31.036111250685785,-2.293413382777318,-1.1166974611061558,6.73661370389787e-14
274.02820254424,-27.095606543161267,31.038951608950406,-2.2931290871057173,-1.1164954074894864,1.2631150694808508e-13
