galstreams/tracks/track.st.C-7.ibata2021.ecsv
# %ECSV 0.9
# ---
# datatype:
# - {name: ra, unit: deg, datatype: float64}
# - {name: dec, unit: deg, datatype: float64}
# - {name: distance, unit: kpc, datatype: float64}
# - {name: pm_ra_cosdec, unit: mas / yr, datatype: float64}
# - {name: pm_dec, unit: mas / yr, datatype: float64}
# - {name: radial_velocity, unit: km / s, datatype: float64}
# delimiter: ','
# meta: !!omap
# - __serialized_columns__:
#     dec:
#       __class__: astropy.coordinates.angles.Latitude
#       unit: &id001 !astropy.units.Unit {unit: deg}
#       value: !astropy.table.SerializedColumn {name: dec}
#     distance:
#       __class__: astropy.coordinates.distances.Distance
#       unit: !astropy.units.Unit {unit: kpc}
#       value: !astropy.table.SerializedColumn {name: distance}
#     pm_dec:
#       __class__: astropy.units.quantity.Quantity
#       unit: !astropy.units.Unit {unit: mas / yr}
#       value: !astropy.table.SerializedColumn {name: pm_dec}
#     pm_ra_cosdec:
#       __class__: astropy.units.quantity.Quantity
#       unit: !astropy.units.Unit {unit: mas / yr}
#       value: !astropy.table.SerializedColumn {name: pm_ra_cosdec}
#     ra:
#       __class__: astropy.coordinates.angles.Longitude
#       unit: *id001
#       value: !astropy.table.SerializedColumn {name: ra}
#       wrap_angle: !astropy.coordinates.Angle
#         unit: *id001
#         value: 360.0
#     radial_velocity:
#       __class__: astropy.units.quantity.Quantity
#       unit: !astropy.units.Unit {unit: km / s}
#       value: !astropy.table.SerializedColumn {name: radial_velocity}
# schema: astropy-2.0
ra,dec,distance,pm_ra_cosdec,pm_dec,radial_velocity
[from data line 821]
283.81774911642844,-51.0372292938664,5.693552022723274,-14.28551547915651,-11.395246325811355,6.73661370389787e-14
283.8326585634051,-51.0337417215625,5.693488013952046,-14.283438309478901,-11.399675405811122,8.420767129872338e-14
283.8475656048098,-51.03025199153373,5.6934248209872615,-14.28135960332269,-11.404103331601053,1.6841534259744676e-14
283.86247023975034,-51.02676010424335,5.693362442760693,-14.279279361298437,-11.408530100049749,0.0
283.8773724673356,-51.02326606015485,5.693300878204115,-14.277197584018714,-11.412955708026502,1.347322740779574e-13
283.89227228667613,-51.01976985973182,5.693240126249301,-14.275114272098028,-11.417380152401389,6.73661370389787e-14
283.9071696968834,-51.016271503438055,5.693180185828029,-14.273029426152942,-11.421803430045124,1.6841534259744677e-13
283.92206469707014,-51.012770991737554,5.693121055872069,-14.270943046801971,-11.42622553782919,1.0104920555846805e-13
283.93695728635026,-51.00926832509449,5.693062735313199,-14.268855134665651,-11.430646472625734,1.1789073981821273e-13
283.9518474638393,-51.005763503973135,5.693005223083194,-14.266765690366446,-11.435066231307697,1.515738083377021e-13
283.9667352286535,-51.00225652883798,5.692948518113825,-14.264674714528855,-11.439484810748679,1.6841534259744677e-13
283.98162057991067,-50.998747400153746,5.692892619336872,-14.262582207779328,-11.443902207823019,1.515738083377021e-13
283.9965035167297,-50.99523611838524,5.692837525684102,-14.260488170746346,-11.448318419405759,2.020984111169361e-13
284.011384038231,-50.99172268399745,5.692783236087296,-14.258392604060278,-11.452733442372722,1.1789073981821273e-13
284.02626214353575,-50.988207097455586,5.692729749478226,-14.25629550835355,-11.457147273600393,1.1789073981821273e-13
284.0411378317668,-50.98468935922499,5.692677064788666,-14.254196884260528,-11.461559909965995,2.1893994537668078e-13
284.05601110204793,-50.981169469771196,5.692625180950393,-14.252096732417554,-11.465971348347487,1.1789073981821273e-13
284.07088195350445,-50.97764742955985,5.692574096895177,-14.24999505346295,-11.470381585623564,1.1789073981821273e-13
284.0857503852626,-50.974123239056865,5.692523811554798,-14.247891848036982,-11.474790618673623,2.8630608241565947e-13
284.10061639645005,-50.970596898728246,5.692474323861027,-14.245787116781903,-11.479198444377797,1.6841534259744676e-14
284.1154799861957,-50.9670684090402,5.69242563274564,-14.243680860341943,-11.483605059616963,1.0104920555846805e-13
284.1303411536296,-50.963537770459084,5.6923777371404105,-14.241573079363254,-11.488010461272715,1.1789073981821273e-13
284.1451998978832,-50.96000498345144,5.692330635977115,-14.239463774493982,-11.492414646227378,6.73661370389787e-14
284.1600562180888,-50.95647004848397,5.692284328187524,-14.237352946384247,-11.496817611363994,1.0104920555846805e-13
284.1749101133803,-50.952932966023575,5.692238812703418,-14.235240595686093,-11.501219353566352,1.347322740779574e-13
284.1897615828929,-50.94939373653724,5.692194088456564,-14.233126723053521,-11.505619869719006,1.6841534259744677e-13
284.20461062576277,-50.9458523604922,5.692150154378745,-14.231011329142488,-11.510019156707191,-3.368306851948935e-14
284.21945724112726,-50.94230883835584,5.69210700940173,-14.228894414610942,-11.514417211416877,1.0104920555846805e-13
284.2343014281253,-50.93876317059566,5.6920646524572955,-14.226775980118727,-11.518814030734834,1.0104920555846805e-13
284.24914318589686,-50.93521535767939,5.692023082477215,-14.224656026327647,-11.523209611548513,6.73661370389787e-14
284.2639825135831,-50.931665400074884,5.691982298393262,-14.222534553901491,-11.527603950746109,-3.368306851948935e-14
284.2788194103264,-50.92811329825019,5.6919422991372155,-14.220411563505955,-11.531997045216563,1.347322740779574e-13
284.29365387527037,-50.92455905267351,5.6919030836408435,-14.21828705580871,-11.536388891849548,3.368306851948935e-14
284.3084859075601,-50.921002663813184,5.691864650835928,-14.216161031479304,-11.540779487535499,2.020984111169361e-13
284.3233155063417,-50.91744413213775,5.691826999654236,-14.214033491189284,-11.54516882916559,1.6841534259744677e-13
284.3381426707624,-50.913883458115926,5.691790129027549,-14.211904435612132,-11.549556913631694,3.368306851948935e-14
284.35296739997096,-50.91032064221651,5.691754037887637,-14.209773865423227,-11.553943737826486,6.73661370389787e-14
284.3677896931171,-50.90675568490857,5.691718725166276,-14.207641781299928,-11.558329298643345,2.694645481559148e-13
284.382609549352,-50.903188586661244,5.69168418979524,-14.205508183921463,-11.562713592976422,6.73661370389787e-14
284.3974269678279,-50.8996193479439,5.691650430706305,-14.20337307396907,-11.567096617720583,3.368306851948935e-14
284.41224194769825,-50.896047969226046,5.691617446831242,-14.20123645212587,-11.571478369771448,1.6841534259744677e-13
284.427054488118,-50.89247445097733,5.6915852371018305,-14.199098319076887,-11.575858846025422,1.6841534259744677e-13
284.44186458824305,-50.888898793667565,5.691553800449842,-14.196958675509103,-11.580238043379612,1.6841534259744677e-13
284.45667224723053,-50.88532099776678,5.691523135807052,-14.194817522111453,-11.584615958731884,0.0
284.471477464239,-50.881741063745075,5.691493242105234,-14.192674859574701,-11.588992588980874,1.347322740779574e-13
284.4862802384282,-50.878158992072784,5.691464118276165,-14.190530688591592,-11.593367931025963,3.368306851948935e-14
284.5010805689589,-50.874574783220375,5.691435763251615,-14.188385009856807,-11.597741981767266,2.3578147963642546e-13
284.5158784549934,-50.87098843765845,5.691408175963363,-14.186237824066902,-11.602114738105673,6.73661370389787e-14
284.5306738956949,-50.867399955857856,5.691381355343181,-14.184089131920365,-11.606486196942791,1.0104920555846805e-13
284.5454668902282,-50.86380933828945,5.691355300322846,-14.181938934117557,-11.610856355181031,0.0
284.5602574377591,-50.86021658542439,5.69133000983413,-14.179787231360807,-11.615225209723533,0.0
284.5750455374545,-50.85662169773394,5.691305482808809,-14.177634024354345,-11.619592757474171,1.0104920555846805e-13
284.58983118848283,-50.85302467568948,5.691281718178657,-14.175479313804232,-11.623958995337624,1.6841534259744677e-13
284.6046143900137,-50.84942551976262,5.691258714875448,-14.17332310041851,-11.628323920219305,1.6841534259744677e-13
284.61939514121775,-50.84582423042506,5.691236471830957,-14.171165384907104,-11.632687529025382,1.0104920555846805e-13
284.63417344126697,-50.842220808148724,5.691214987976959,-14.16900616798184,-11.637049818662778,3.368306851948935e-14
284.64894928933444,-50.838615253405656,5.69119426224523,-14.166845450356426,-11.641410786039163,3.368306851948935e-14
284.6637226845948,-50.83500756666802,5.69117429356754,-14.164683232746478,-11.64577042806302,6.73661370389787e-14
284.6784936262237,-50.83139774840819,5.691155080875669,-14.162519515869498,-11.650128741643556,1.0104920555846805e-13
284.6932621133979,-50.82778579909871,5.6911366231013885,-14.16035430044491,-11.654485723690728,0.0
284.7080281452956,-50.8241717192122,5.691118919176473,-14.158187587193986,-11.658841371115297,1.0104920555846805e-13
284.72279172109626,-50.8205555092215,5.691101968032696,-14.156019376839899,-11.663195680828766,-3.368306851948935e-14
284.7375528399802,-50.81693716959958,5.691085768601837,-14.153849670107736,-11.667548649743381,2.020984111169361e-13
284.75231150112944,-50.81331670081958,5.691070319815665,-14.15167846772444,-11.67190027477219,1.0104920555846805e-13
284.76706770372675,-50.809694103354786,5.691055620605956,-14.149505770418878,-11.676250552828979,1.347322740779574e-13
284.7818214469567,-50.80606937767861,5.691041669904485,-14.147331578921703,-11.680599480828354,-3.368306851948935e-14
284.7965727300046,-50.802442524264656,5.691028466643028,-14.145155893965567,-11.684947055685615,1.0104920555846805e-13
284.81132155205705,-50.79881354358668,5.691016009753359,-14.142978716284933,-11.689293274316864,0.0
284.8260679123022,-50.79518243611853,5.69100429816725,-14.140800046616144,-11.693638133639014,3.368306851948935e-14
284.8408118099291,-50.79154920233429,5.69099333081648,-14.138619885697413,-11.697981630569682,3.368306851948935e-14
284.8555532441281,-50.78791384270813,5.690983106632818,-14.136438234268862,-11.702323762027298,-3.368306851948935e-14
284.8702922140906,-50.78427635771444,5.690973624548045,-14.134255093072449,-11.706664524931012,1.6841534259744677e-13
284.8850287190099,-50.78063674782766,5.69096488349393,-14.13207046285199,-11.71100391620086,3.368306851948935e-14
284.8997627580797,-50.776995013522466,5.690956882402248,-14.129884344353217,-11.715341932757529,2.694645481559148e-13
284.91449433049536,-50.77335115527365,5.690949620204779,-14.12769673832366,-11.719678571522543,2.020984111169361e-13
284.9292234354533,-50.76970517355619,5.6909430958332905,-14.12550764551279,-11.72401382941818,1.0104920555846805e-13
284.9439500721514,-50.766057068845136,5.690937308219562,-14.123317066671857,-11.728347703367533,3.368306851948935e-14
284.9586742397885,-50.76240684161574,5.690932256295366,-14.121125002554031,-11.732680190294406,3.368306851948935e-14
284.9733959375647,-50.75875449234342,5.690927938992476,-14.118931453914316,-11.737011287123451,3.368306851948935e-14
284.9881151646814,-50.75510002150373,5.690924355242669,-14.116736421509577,-11.74134099078002,1.6841534259744677e-13
285.0028319203414,-50.751443429572305,5.690921503977719,-14.1145399060985,-11.745669298190341,0.0
285.01754620374834,-50.74778471702503,5.690919384129399,-14.112341908441683,-11.749996206281343,3.368306851948935e-14
285.03225801410724,-50.74412388433786,5.690917994629485,-14.11014242930152,-11.754321711980767,3.368306851948935e-14
285.0469673506244,-50.74046093198696,5.69091733440975,-14.107941469442302,-11.758645812217122,1.6841534259744677e-13
285.0616742125075,-50.73679586044859,5.690917402401971,-14.105739029630099,-11.76296850391974,3.368306851948935e-14
285.076378598965,-50.73312867019914,5.690918197537922,-14.103535110632883,-11.76728978401868,1.0104920555846805e-13
285.091080509207,-50.729459361715236,5.690919718749375,-14.101329713220439,-11.77160964944483,0.0
285.1057799424445,-50.7257879354736,5.690921964968108,-14.099122838164424,-11.77592809712981,0.0
285.12047689789,-50.72211439195102,5.690924935125893,-14.096914486238301,-11.780245124006099,3.368306851948935e-14
285.135171374757,-50.71843873162455,5.690928628154505,-14.094704658217372,-11.784560727006903,2.3578147963642546e-13
285.1498633722604,-50.71476095497134,5.690933042985719,-14.092493354878773,-11.788874903066246,1.347322740779574e-13
285.1645528896161,-50.71108106246869,5.690938178551311,-14.090280577001511,-11.793187649118902,1.347322740779574e-13
285.17923992604153,-50.70739905459402,5.690944033783053,-14.088066325366368,-11.797498962100505,6.73661370389787e-14
285.193924480755,-50.703714931824905,5.69095060761272,-14.085850600755984,-11.801808838947398,1.0104920555846805e-13
285.2086065529763,-50.70002869463908,5.690957898972087,-14.083633403954817,-11.806117276596773,3.368306851948935e-14
285.2232861419261,-50.69634034351443,5.690965906792931,-14.081414735749195,-11.81042427198655,0.0
285.2379632468268,-50.692649878928925,5.6909746300070205,-14.079194596927191,-11.814729822055531,3.368306851948935e-14
285.2526378669016,-50.68895730136073,5.690984067546137,-14.07697298827875,-11.819033923743225,6.73661370389787e-14
285.26731000137505,-50.68526261128815,5.69099421834205,-14.07474991059563,-11.82333657398998,2.020984111169361e-13
285.28197964947293,-50.68156580918963,5.691005081326537,-14.072525364671396,-11.827637769736924,-3.368306851948935e-14
285.2966468104222,-50.677866895543715,5.691016655431371,-14.070299351301438,-11.831937507925987,1.347322740779574e-13
285.31131148345116,-50.674165870829135,5.691028939588326,-14.06807187128295,-11.836235785499891,1.0104920555846805e-13
285.3259736677891,-50.67046273552473,5.6910419327291795,-14.06584292541496,-11.840532599402138,2.020984111169361e-13
285.34063336266667,-50.66675749010954,5.6910556337857034,-14.063612514498288,-11.844827946577048,3.368306851948935e-14
285.3552905673158,-50.66305013506264,5.691070041689672,-14.061380639335564,-11.849121823969737,1.0104920555846805e-13
285.36994528096943,-50.65934067086333,5.691085155372861,-14.059147300731219,-11.853414228526102,1.6841534259744677e-13
285.38459750286205,-50.65562909799104,5.691100973767046,-14.056912499491496,-11.857705157192875,6.73661370389787e-14
285.3992472322288,-50.65191541692531,5.691117495803999,-14.054676236424468,-11.861994606917516,3.368306851948935e-14
285.41389446830664,-50.64819962814582,5.691134720415497,-14.052438512339947,-11.86628257464837,3.368306851948935e-14
285.42853921033344,-50.644481732132405,5.691152646533312,-14.050199328049592,-11.870569057334542,0.0
285.4431814575483,-50.640761729365025,5.691171273089221,-14.047958684366858,-11.874854051925926,6.73661370389787e-14
285.4578212091915,-50.637039620323826,5.691190599014998,-14.04571658210697,-11.87913755537323,1.0104920555846805e-13
285.47245846450465,-50.633315405488965,5.691210623242415,-14.043473022086964,-11.883419564627992,1.347322740779574e-13
285.4870932227306,-50.629589085340875,5.691231344703249,-14.041228005125644,-11.887700076642531,-6.73661370389787e-14
285.5017254831132,-50.62586066036006,5.691252762329277,-14.038981532043646,-11.891979088369943,1.0104920555846805e-13
285.5163552448976,-50.622130131027184,5.691274875052266,-14.03673360366338,-11.896256596764168,3.368306851948935e-14
285.5309825073304,-50.61839749782298,5.691297681803999,-14.034484220809002,-11.90053259877995,1.347322740779574e-13
285.54560726965906,-50.61466276122841,5.691321181516246,-14.032233384306494,-11.904807091372835,3.368306851948935e-14
285.56022953113245,-50.610925921724515,5.6913453731207815,-14.029981094983615,-11.909080071499154,1.6841534259744677e-13
285.57484929100053,-50.60718697979249,5.691370255549381,-14.027727353669903,-11.913351536116068,0.0
285.58946654851457,-50.60344593591364,5.691395827733818,-14.025472161196644,-11.917621482181545,2.3578147963642546e-13
285.6040813029271,-50.59970279056941,5.6914220886058695,-14.023215518396949,-11.921889906654368,1.347322740779574e-13
285.6186935534917,-50.59595754424142,5.691449037097309,-14.020957426105658,-11.926156806494113,2.020984111169361e-13
285.6333032994632,-50.5922101974114,5.691476672139909,-14.018697885159428,-11.930422178661159,1.347322740779574e-13
285.6479105400978,-50.58846075056117,5.691504992665446,-14.016436896396646,-11.93468602011675,3.368306851948935e-14
285.6625152746528,-50.58470920417272,5.691533997605695,-14.014174460657495,-11.938948327822887,-6.73661370389787e-14
285.67711750238647,-50.580955558728185,5.6915636858924294,-14.011910578783926,-11.943209098742386,1.0104920555846805e-13
285.6917172225587,-50.57719981470983,5.691594056457424,-14.00964525161964,-11.947468329838902,6.73661370389787e-14
285.7063144344303,-50.5734419726,5.6916251082324525,-14.007378480010095,-11.951726018076904,1.347322740779574e-13
285.7209091372635,-50.569682032881225,5.6916568401492915,-14.005110264802521,-11.955982160421673,6.73661370389787e-14
285.73550133032154,-50.56591999603615,5.691689251139713,-14.00284060684593,-11.960236753839272,1.347322740779574e-13
285.7500910128689,-50.56215586254757,5.6917223401354935,-14.00056950699106,-11.964489795296611,1.347322740779574e-13
285.7646781841715,-50.55838963289835,5.691756106068408,-13.998296966090399,-11.968741281761444,0.0
285.77926284349604,-50.554621307571544,5.69179054787023,-13.99602298499823,-11.972991210202277,1.347322740779574e-13
285.79384499011087,-50.55085088705031,5.691825664472732,-13.993747564570544,-11.977239577588492,3.368306851948935e-14
285.80842462328513,-50.547078371817975,5.691861454807694,-13.991470705665122,-11.981486380890226,1.0104920555846805e-13
285.8230017422896,-50.54330376235791,5.691897917806885,-13.989192409141452,-11.985731617078525,6.73661370389787e-14
