galstreams/tracks/track.st.Gunnthra.ibata2021.ecsv
# %ECSV 0.9
# ---
# datatype:
# - {name: ra, unit: deg, datatype: float64}
# - {name: dec, unit: deg, datatype: float64}
# - {name: distance, unit: kpc, datatype: float64}
# - {name: pm_ra_cosdec, unit: mas / yr, datatype: float64}
# - {name: pm_dec, unit: mas / yr, datatype: float64}
# - {name: radial_velocity, unit: km / s, datatype: float64}
# delimiter: ','
# meta: !!omap
# - __serialized_columns__:
#     dec:
#       __class__: astropy.coordinates.angles.Latitude
#       unit: &id001 !astropy.units.Unit {unit: deg}
#       value: !astropy.table.SerializedColumn {name: dec}
#     distance:
#       __class__: astropy.coordinates.distances.Distance
#       unit: !astropy.units.Unit {unit: kpc}
#       value: !astropy.table.SerializedColumn {name: distance}
#     pm_dec:
#       __class__: astropy.units.quantity.Quantity
#       unit: !astropy.units.Unit {unit: mas / yr}
#       value: !astropy.table.SerializedColumn {name: pm_dec}
#     pm_ra_cosdec:
#       __class__: astropy.units.quantity.Quantity
#       unit: !astropy.units.Unit {unit: mas / yr}
#       value: !astropy.table.SerializedColumn {name: pm_ra_cosdec}
#     ra:
#       __class__: astropy.coordinates.angles.Longitude
#       unit: *id001
#       value: !astropy.table.SerializedColumn {name: ra}
#       wrap_angle: !astropy.coordinates.Angle
#         unit: *id001
#         value: 360.0
#     radial_velocity:
#       __class__: astropy.units.quantity.Quantity
#       unit: !astropy.units.Unit {unit: km / s}
#       value: !astropy.table.SerializedColumn {name: radial_velocity}
# schema: astropy-2.0
ra,dec,distance,pm_ra_cosdec,pm_dec,radial_velocity
[from data line 408]
281.75071211919123,-74.53814044613503,3.1135726347426522,-16.138581645678396,-22.417803720476662,1.8525687685719145e-13
281.7801496216648,-74.5314267815699,3.1135575509991056,-16.127824388498034,-22.42811977000536,2.3578147963642546e-13
281.8095437950962,-74.52470554881448,3.1135421706741484,-16.11707828429501,-22.438423222980166,1.6841534259744677e-13
281.8388946771211,-74.51797676359335,3.1135264945809613,-16.106343335197455,-22.448714103446786,2.3578147963642546e-13
281.86820230550023,-74.5112404416043,3.113510523532722,-16.095619543245636,-22.45899243543559,1.6841534259744677e-13
281.8974667181182,-74.50449659851824,3.113494258342612,-16.08490691039235,-22.469258242961278,2.020984111169361e-13
281.9266879529822,-74.49774524997942,3.1134776998238096,-16.074205438503434,-22.479511550022476,2.8630608241565947e-13
281.9558660482223,-74.49098641160514,3.1134608487894955,-16.063515129357732,-22.489752380601626,2.5262301389617017e-13
281.98500104208927,-74.48422009898592,3.1134437060528506,-16.052835984647825,-22.4999807586645,1.8525687685719145e-13
282.01409297295464,-74.47744632768547,3.1134262724270534,-16.04216800598007,-22.510196708159995,2.020984111169361e-13
282.04314187930896,-74.47066511324084,3.113408548725282,-16.0315111948753,-22.520400253019723,1.6841534259744677e-13
282.0721477997617,-74.46387647116217,3.1133905357607197,-16.02086555276877,-22.530591417157815,2.3578147963642546e-13
282.10111077303986,-74.45708041693277,3.1133722343465444,-16.0102310810108,-22.5407702244706,1.6841534259744677e-13
282.1300308379873,-74.45027696600928,3.113353645295936,-15.999607780866924,-22.550936698836253,2.5262301389617017e-13
282.1589080335636,-74.44346613382162,3.113334769422074,-15.988995653518497,-22.561090864114494,2.3578147963642546e-13
282.1877423988435,-74.4366479357728,3.1133156075381394,-15.978394700062736,-22.57123274414636,2.3578147963642546e-13
282.21653397301594,-74.4298223872392,3.1132961604573106,-15.967804921513242,-22.581362362753914,2.1893994537668078e-13
282.24528279538316,-74.42298950357034,3.113276428992769,-15.95722631880027,-22.591479743739892,1.8525687685719145e-13
282.2739889053594,-74.4161493000892,3.113256413957693,-15.94665889277127,-22.601584910887368,2.020984111169361e-13
282.3026523424708,-74.40930179209187,3.113236116165263,-15.936102644190916,-22.611677887959647,2.5262301389617017e-13
282.3312731463543,-74.40244699484774,3.1132155364286582,-15.925557573741639,-22.621758698699857,2.3578147963642546e-13
282.35985135675634,-74.3955849235995,3.1131946755610596,-15.915023682023937,-22.63182736683068,2.1893994537668078e-13
282.3883870135323,-74.38871559356326,3.1131735343756475,-15.904500969556837,-22.641883916054024,2.3578147963642546e-13
282.41688015664573,-74.3818390199283,3.1131521136855995,-15.893989436778012,-22.651928370050882,1.6841534259744677e-13
282.4453308261675,-74.37495521785726,3.1131304143040963,-15.883489084044287,-22.66196075248093,2.1893994537668078e-13
282.4737390622749,-74.3680642024861,3.1131084370443176,-15.87299991163184,-22.671981086982356,1.8525687685719145e-13
282.5021049052504,-74.36116598892421,3.113086182719445,-15.862521919736828,-22.68198939717144,2.3578147963642546e-13
282.5304283954815,-74.35426059225424,3.1130636521426553,-15.852055108475405,-22.69198570664245,2.020984111169361e-13
282.55870957345945,-74.34734802753222,3.113040846127131,-15.841599477884222,-22.70197003896728,1.8525687685719145e-13
282.5869484797786,-74.34042830978754,3.1130177654860502,-15.831155027920719,-22.711942417695255,1.8525687685719145e-13
282.61514515513517,-74.33350145402311,3.1129944110325933,-15.820721758463616,-22.721902866352714,1.6841534259744677e-13
282.64329964032703,-74.32656747521509,3.11297078357994,-15.81029966931304,-22.731851408442978,2.5262301389617017e-13
282.6714119762526,-74.31962638831305,3.11294688394127,-15.799888760190903,-22.741788067445935,2.3578147963642546e-13
282.69948220390967,-74.31267820824014,3.1129227129297634,-15.789489030741462,-22.751712866817766,2.020984111169361e-13
282.72751036439496,-74.3057229498928,3.1128982713586,-15.779100480531401,-22.761625829990773,2.694645481559148e-13
282.75549649890354,-74.29876062814097,3.1128735600409607,-15.768723109050237,-22.771526980373142,2.8630608241565947e-13
282.78344064872766,-74.291791257828,3.112848579790023,-15.758356915710667,-22.781416341348674,1.6841534259744677e-13
282.81134285525536,-74.28481485377088,3.1128233314189675,-15.748001899849136,-22.79129393627636,2.1893994537668078e-13
282.8392031599711,-74.27783143075995,3.1127978157409752,-15.737658060725714,-22.801159788490438,1.8525687685719145e-13
282.8670216044535,-74.27084100355908,3.112772033569225,-15.727325397524845,-22.811013921299935,2.3578147963642546e-13
282.8947982303757,-74.26384358690562,3.112745985716896,-15.71700390935541,-22.82085635798854,2.020984111169361e-13
282.9225330795036,-74.25683919551062,3.11271967299717,-15.706693595251316,-22.83068712181421,1.8525687685719145e-13
282.9502261936955,-74.24982784405853,3.112693096223224,-15.696394454171639,-22.840506236009134,2.020984111169361e-13
282.9778776149016,-74.2428095472074,3.1126662562082412,-15.686106485000977,-22.850313723779337,2.3578147963642546e-13
283.0054873851628,-74.23578431958882,3.1126391537653983,-15.675829686549829,-22.86010960830459,2.1893994537668078e-13
283.03305554660955,-74.2287521758081,3.1126117897078776,-15.665564057555057,-22.86989391273793,1.6841534259744677e-13
283.060582141462,-74.2217131304441,3.1125841648488577,-15.655309596679999,-22.879666660205743,2.694645481559148e-13
283.08806721202876,-74.21466719804924,3.112556280001517,-15.645066302514833,-22.889427873807364,1.347322740779574e-13
283.1155108007058,-74.20761439314964,3.112528135979038,-15.63483417357707,-22.89917757661483,1.6841534259744677e-13
283.142912949976,-74.20055473024519,3.1124997335945985,-15.624613208311834,-22.908915791672676,2.1893994537668078e-13
283.1702737024084,-74.19348822380927,3.11247107366138,-15.614403405092034,-22.91864254199779,2.1893994537668078e-13
283.1975931006574,-74.18641488828906,3.112442156992561,-15.604204762218911,-22.928357850579133,1.8525687685719145e-13
283.224871187462,-74.17933473810541,3.1124129844013217,-15.594017277922202,-22.938061740377503,2.020984111169361e-13
283.2521080056447,-74.17224778765303,3.112383556700842,-15.583840950360646,-22.947754234325313,2.3578147963642546e-13
283.27930359811126,-74.1651540513002,3.112353874704302,-15.57367577762214,-22.95743535532646,2.1893994537668078e-13
283.3064580078497,-74.15805354338909,3.1123239392248805,-15.56352175772414,-22.967105126256023,2.020984111169361e-13
283.33357127792954,-74.15094627823552,3.1122937510757582,-15.55337888861399,-22.976763569960116,1.8525687685719145e-13
283.3606434515008,-74.14383227012937,3.1122633110701146,-15.543247168169355,-22.98641070925555,2.3578147963642546e-13
283.3876745717937,-74.13671153333408,3.112232620021129,-15.533126594198354,-22.99604656692983,2.3578147963642546e-13
283.4146646821178,-74.12958408208705,3.1122016787419833,-15.523017164439992,-23.005671165740786,1.8525687685719145e-13
283.44161382586105,-74.12244993059952,3.112170488045855,-15.51291887656445,-23.015284528416462,1.8525687685719145e-13
283.468522046489,-74.11530909305667,3.112139048745926,-15.502831728173597,-23.024886677654816,2.3578147963642546e-13
283.4953893875444,-74.10816158361749,3.112107361655373,-15.492755716801026,-23.034477636123608,2.1893994537668078e-13
283.52221589264633,-74.10100741641489,3.112075427587378,-15.482690839912465,-23.044057426460245,1.515738083377021e-13
283.5490016054891,-74.09384660555588,3.112043247355121,-15.472637094906371,-23.053626071271346,1.8525687685719145e-13
283.5757465698422,-74.08667916512125,3.112010821771781,-15.462594479113818,-23.063183593132884,1.8525687685719145e-13
283.60245082954896,-74.07950510916584,3.1119781516505385,-15.452562989799148,-23.072730014589734,2.1893994537668078e-13
283.6291144285264,-74.07232445171843,3.111945237804572,-15.442542624160104,-23.082265358155656,1.6841534259744677e-13
283.65573741076355,-74.065137206782,3.1119120810470626,-15.432533379328405,-23.091789646312872,1.8525687685719145e-13
283.68231982032194,-74.0579433883334,3.11187868219119,-15.422535252369752,-23.101302901512117,1.6841534259744677e-13
283.7088617013342,-74.05074301032361,3.111845042050134,-15.412548240284298,-23.110805146172446,1.347322740779574e-13
283.7353630980032,-74.04353608667765,3.111811161437074,-15.402572340006998,-23.120296402680832,1.8525687685719145e-13
283.7618240546016,-74.03632263129478,3.1117770411651895,-15.392607548408005,-23.12977669339215,1.8525687685719145e-13
283.7882446154715,-74.02910265804826,3.1117426820476606,-15.382653862292727,-23.139246040629043,2.5262301389617017e-13
283.81462482502303,-74.02187618078555,3.111708084897668,-15.37271127840236,-23.148704466681586,2.1893994537668078e-13
283.8409647277341,-74.01464321332826,3.11167325052839,-15.362779793414148,-23.15815199380725,3.031476166754042e-13
283.8672643681495,-74.00740376947226,3.1116381797530077,-15.35285940394174,-23.167588644230605,1.515738083377021e-13
283.8935237908803,-74.00015786298763,3.1116028733847005,-15.34295010653547,-23.17701444014322,2.5262301389617017e-13
283.9197430406033,-73.99290550761864,3.1115673322366475,-15.333051897682594,-23.186429403703563,1.8525687685719145e-13
283.94592216206007,-73.98564671708381,3.11153155712203,-15.32316477380773,-23.19583355703665,1.8525687685719145e-13
283.9720612000562,-73.97838150507611,3.111495548854027,-15.313288731273216,-23.205226922233997,1.8525687685719145e-13
283.9981601994611,-73.97110988526268,3.111459308245818,-15.303423766379229,-23.21460952135345,2.1893994537668078e-13
284.0242192052068,-73.963831871285,3.1114228361105827,-15.293569875364243,-23.223981376418994,1.8525687685719145e-13
284.0502382622877,-73.95654747675891,3.1113861332615014,-15.283727054405285,-23.233342509420606,2.1893994537668078e-13
284.07621741575934,-73.94925671527479,3.111349200511754,-15.273895299618346,-23.24269294231403,1.6841534259744677e-13
284.10215671073826,-73.94195960039727,3.11131203867452,-15.264074607058568,-23.252032697020717,2.1893994537668078e-13
284.1280561924013,-73.93465614566546,3.1112746485629796,-15.254264972720563,-23.261361795427646,2.1893994537668078e-13
284.15391590598455,-73.92734636459285,3.111237030990312,-15.244466392538808,-23.270680259387092,2.3578147963642546e-13
284.17973589678274,-73.92003027066764,3.111199186769697,-15.23467886238799,-23.279988110716502,2.020984111169361e-13
284.20551621014914,-73.91270787735235,3.111161116714315,-15.224902378083115,-23.289285371198403,2.3578147963642546e-13
284.23125689149424,-73.90537919808405,3.111122821637346,-15.215136935379975,-23.29857206258019,2.1893994537668078e-13
284.2569579862855,-73.89804424627438,3.1110843023519688,-15.205382529975418,-23.307848206574022,1.8525687685719145e-13
284.2826195400463,-73.89070303530968,3.111045559671364,-15.195639157507756,-23.317113824856545,1.8525687685719145e-13
284.3082415983558,-73.88335557855076,3.1110065944087117,-15.185906813556855,-23.326368939068928,1.515738083377021e-13
284.333824206848,-73.87600188933311,3.1109674073771907,-15.176185493644553,-23.335613570816644,2.3578147963642546e-13
284.35936741121105,-73.86864198096694,3.1109279993899808,-15.166475193235096,-23.34484774166923,1.515738083377021e-13
284.38487125718666,-73.8612758667371,3.1108883712602635,-15.15677590773521,-23.35407147316027,1.6841534259744677e-13
284.4103357905696,-73.85390355990316,3.1108485238012173,-15.14708763249452,-23.363284786787254,1.8525687685719145e-13
284.43576105720706,-73.84652507369935,3.110808457826021,-15.137410362805849,-23.372487704011373,1.6841534259744677e-13
284.46114710299753,-73.83914042133489,3.1107681741478563,-15.127744093905603,-23.381680246257307,1.6841534259744677e-13
284.4864939738908,-73.8317496159936,3.110727673579902,-15.11808882097392,-23.390862434913313,1.6841534259744677e-13
284.5118017158872,-73.8243526708342,3.1106869569353384,-15.108444539134966,-23.400034291330908,1.515738083377021e-13
284.5370703750368,-73.8169495989902,3.1106460250273456,-15.09881124345737,-23.409195836824807,2.3578147963642546e-13
284.56229999743863,-73.80954041357012,3.1106048786691023,-15.089188928954567,-23.418347092672725,1.8525687685719145e-13
284.5874906292404,-73.80212512765726,3.110563518673789,-15.079577590584831,-23.427488080115356,1.347322740779574e-13
284.61264231663785,-73.79470375430991,3.110521945854585,-15.06997722325179,-23.43661882035614,2.5262301389617017e-13
284.63775510587413,-73.78727630656122,3.1104801610246717,-15.060387821804596,-23.445739334561264,2.5262301389617017e-13
284.66282904323884,-73.77984279741958,3.1104381649972277,-15.050809381038457,-23.45484964385929,2.3578147963642546e-13
284.68786417506783,-73.77240323986813,3.110395958585431,-15.04124189569463,-23.463949769341358,1.6841534259744677e-13
284.7128605477425,-73.76495764686518,3.110353542602465,-15.031685360460855,-23.473039732060776,1.6841534259744677e-13
284.7378182076892,-73.75750603134405,3.1103109178615074,-15.022139769971641,-23.48211955303313,1.6841534259744677e-13
284.76273720137823,-73.75004840621331,3.110268085175738,-15.012605118808697,-23.491189253235905,2.020984111169361e-13
284.78761757532413,-73.74258478435651,3.110225045358338,-15.003081401500891,-23.500248853608674,1.8525687685719145e-13
284.8124593760842,-73.73511517863241,3.1101817992224854,-14.99356861252489,-23.509298375052705,2.3578147963642546e-13
284.8372626502585,-73.7276396018749,3.1101383475813607,-14.984066746305157,-23.518337838431062,1.8525687685719145e-13
284.86202744448855,-73.72015806689326,3.1100946912481438,-14.974575797214584,-23.527367264568248,2.3578147963642546e-13
284.88675380545783,-73.71267058647183,3.1100508310360153,-14.965095759574428,-23.536386674250355,2.3578147963642546e-13
284.91144177989025,-73.70517717337034,3.110006767758154,-14.955626627654775,-23.545396088224802,1.347322740779574e-13
284.93609141454994,-73.69767784032372,3.1099625022277393,-14.946168395674842,-23.554395527200246,2.020984111169361e-13
284.9607027562407,-73.69017260004242,3.109918035257953,-14.936721057803233,-23.56338501184645,1.8525687685719145e-13
284.9852758518052,-73.68266146521208,3.109873367661973,-14.927284608158235,-23.572364562794235,2.020984111169361e-13
285.00981074812483,-73.67514444849378,3.109828500252979,-14.917859040808036,-23.581334200635375,2.1893994537668078e-13
285.03430749211884,-73.66762156252402,3.1097834338441515,-14.908444349771035,-23.590293945922443,2.3578147963642546e-13
285.0587661307434,-73.66009281991488,3.1097381692486716,-14.899040529016322,-23.59924381916865,2.3578147963642546e-13
285.08318671099187,-73.65255823325376,3.109692707279717,-14.889647572463629,-23.60818384084792,1.8525687685719145e-13
285.1075692798939,-73.6450178151036,3.109647048750469,-14.880265473983789,-23.617114031394674,2.3578147963642546e-13
285.1319138845142,-73.63747157800303,3.1096011944741058,-14.870894227399146,-23.626034411203705,2.020984111169361e-13
285.1562205719531,-73.62991953446613,3.1095551452638093,-14.861533826483557,-23.63494500063013,2.1893994537668078e-13
285.18048938934527,-73.62236169698258,3.1095089019327573,-14.852184264962837,-23.643845819989316,1.8525687685719145e-13
285.2047203838595,-73.61479807801771,3.1094624652941305,-14.842845536515004,-23.652736889556746,1.8525687685719145e-13
285.2289136026977,-73.60722869001266,3.109415836161109,-14.833517634770677,-23.661618229567868,1.6841534259744677e-13
285.2530690930949,-73.59965354538409,3.109369015346872,-14.824200553313078,-23.67048986021815,1.347322740779574e-13
285.2771869023184,-73.5920726565245,3.1093220036646008,-14.814894285678609,-23.679351801662847,1.8525687685719145e-13
285.30126707766755,-73.58448603580202,3.1092748019274725,-14.805598825356842,-23.688204074017037,1.6841534259744677e-13
285.3253096664724,-73.57689369556081,3.109227410948669,-14.796314165791141,-23.69704669735533,2.3578147963642546e-13
