galstreams/tracks/track.st.GD-1.ibata2021.ecsv
# %ECSV 0.9
# ---
# datatype:
# - {name: ra, unit: deg, datatype: float64}
# - {name: dec, unit: deg, datatype: float64}
# - {name: distance, unit: kpc, datatype: float64}
# - {name: pm_ra_cosdec, unit: mas / yr, datatype: float64}
# - {name: pm_dec, unit: mas / yr, datatype: float64}
# - {name: radial_velocity, unit: km / s, datatype: float64}
# delimiter: ','
# meta: !!omap
# - __serialized_columns__:
#     dec:
#       __class__: astropy.coordinates.angles.Latitude
#       unit: &id001 !astropy.units.Unit {unit: deg}
#       value: !astropy.table.SerializedColumn {name: dec}
#     distance:
#       __class__: astropy.coordinates.distances.Distance
#       unit: !astropy.units.Unit {unit: kpc}
#       value: !astropy.table.SerializedColumn {name: distance}
#     pm_dec:
#       __class__: astropy.units.quantity.Quantity
#       unit: !astropy.units.Unit {unit: mas / yr}
#       value: !astropy.table.SerializedColumn {name: pm_dec}
#     pm_ra_cosdec:
#       __class__: astropy.units.quantity.Quantity
#       unit: !astropy.units.Unit {unit: mas / yr}
#       value: !astropy.table.SerializedColumn {name: pm_ra_cosdec}
#     ra:
#       __class__: astropy.coordinates.angles.Longitude
#       unit: *id001
#       value: !astropy.table.SerializedColumn {name: ra}
#       wrap_angle: !astropy.coordinates.Angle
#         unit: *id001
#         value: 360.0
#     radial_velocity:
#       __class__: astropy.units.quantity.Quantity
#       unit: !astropy.units.Unit {unit: km / s}
#       value: !astropy.table.SerializedColumn {name: radial_velocity}
# schema: astropy-2.0
ra,dec,distance,pm_ra_cosdec,pm_dec,radial_velocity
[from data line 8750]
192.3739790375205,57.32126286164128,9.61295758185645,-8.044858420618437,-5.121829615086808,1.6841534259744677e-13
192.3919603350882,57.323850898384464,9.614090500855395,-8.044618548333464,-5.118805442547248,5.0524602779234026e-14
192.40994429569656,57.32643614712452,9.615223794015641,-8.044377548913044,-5.115781320898312,5.0524602779234026e-14
192.42793091713554,57.32901860717994,9.616357461380394,-8.044135421956868,-5.112757251148776,1.0104920555846805e-13
192.44592019719252,57.33159827786964,9.617491502992861,-8.043892167065245,-5.109733234307984,1.6841534259744676e-14
192.46391213365226,57.33417515851306,9.618625918896248,-8.043647783839106,-5.106709271385876,1.0104920555846805e-13
192.48190672429703,57.33674924843015,9.619760709133756,-8.043402271880003,-5.103685363392968,5.0524602779234026e-14
192.49990396690654,57.33932054694135,9.6208958737486,-8.043155630790109,-5.1006615113403315,3.368306851948935e-14
192.51790385925793,57.341889053367595,9.62203141278398,-8.042907860172225,-5.097637716239642,3.368306851948935e-14
192.5359063991258,57.344454767030314,9.623167326283104,-8.042658959629765,-5.094613979103125,1.1789073981821273e-13
192.55391158428216,57.34701768725145,9.62430361428918,-8.042408928766786,-5.091590300943601,1.515738083377021e-13
192.57191941249664,57.34957781335343,9.625440276845408,-8.04215776718797,-5.088566682774447,1.1789073981821273e-13
192.58992988153608,57.35213514465921,9.626577313995003,-8.04190547449861,-5.08554312560962,1.347322740779574e-13
192.6079429891649,57.35468968049223,9.627714725781166,-8.041652050304634,-5.082519630463653,1.0104920555846805e-13
192.62595873314504,57.3572414201764,9.628852512247104,-8.041397494212623,-5.079496198351636,1.6841534259744676e-14
192.64397711123573,57.3597903630362,9.62999067343602,-8.041141805829755,-5.076472830289259,1.515738083377021e-13
192.66199812119382,57.362336508396595,9.631129209391128,-8.04088498476386,-5.073449527292739,1.347322740779574e-13
192.6800217607735,57.364879855583,9.632268120155624,-8.040627030623405,-5.070426290378899,8.420767129872338e-14
192.69804802772654,57.367420403921436,9.633407405772724,-8.040367943017472,-5.067403120565104,3.368306851948935e-14
192.71607691980196,57.369958152738306,9.634547066285627,-8.04010772155579,-5.064380018869314,1.1789073981821273e-13
192.73410843474647,57.372493101360654,9.635687101737547,-8.039846365848723,-5.061356986310023,1.0104920555846805e-13
192.75214257030413,57.37502524911593,9.636827512171681,-8.039583875507276,-5.058334023906319,6.73661370389787e-14
192.77017932421649,57.37755459533216,9.63796829763124,-8.039320250143083,-5.055311132677833,6.73661370389787e-14
192.78821869422245,57.38008113933783,9.639109458159428,-8.039055489368423,-5.05228831364478,6.73661370389787e-14
192.80626067805858,57.382604880461955,9.640250993799453,-8.038789592796213,-5.049265567827925,1.1789073981821273e-13
192.82430527345878,57.3851258180341,9.641392904594523,-8.038522560040008,-5.0462428962485895,1.1789073981821273e-13
192.8423524781544,57.387643951384284,9.642535190587843,-8.038254390714014,-5.043220299928682,6.73661370389787e-14
192.86040228987434,57.390159279843076,9.643677851822618,-8.037985084433073,-5.040197779890641,1.6841534259744676e-14
192.87845470634488,57.392671802741525,9.644820888342052,-8.037714640812672,-5.037175337157498,1.515738083377021e-13
192.89650972528992,57.39518151941125,9.645964300189352,-8.037443059468941,-5.034152972752806,1.0104920555846805e-13
192.9145673444306,57.39768842918434,9.64710808740773,-8.03717034001866,-5.031130687700714,5.0524602779234026e-14
192.9326275614857,57.400192531393415,9.648252250040388,-8.036896482079257,-5.028108483025903,1.6841534259744676e-14
192.95069037417142,57.40269382537159,9.649396788130527,-8.0366214852688,-5.025086359753625,1.0104920555846805e-13
192.96875578020146,57.40519231045254,9.650541701721362,-8.03634534920602,-5.022064318909676,8.420767129872338e-14
192.9868237772869,57.40768798597044,9.651686990856096,-8.036068073510275,-5.019042361520425,1.0104920555846805e-13
193.0048943631364,57.410180851259994,9.652832655577933,-8.0357896578016,-5.016020488612775,1.347322740779574e-13
193.02296753545613,57.4126709056564,9.653978695930082,-8.03551010170067,-5.012998701214197,1.515738083377021e-13
193.04104329194956,57.41515814849539,9.655125111955748,-8.035229404828806,-5.009977000352713,5.0524602779234026e-14
193.0591216303178,57.41764257911321,9.656271903698139,-8.034947566807999,-5.006955387056887,3.368306851948935e-14
193.07720254825932,57.42012419684665,9.657419071200454,-8.034664587260878,-5.003933862355859,1.1789073981821273e-13
193.0952860434702,57.42260300103303,9.65856661450591,-8.034380465810735,-5.00091242727928,6.73661370389787e-14
193.11337211364386,57.425078991010174,9.659714533657702,-8.034095202081533,-4.9978910828573975,0.0
193.1314607564713,57.42755216611639,9.660862828699049,-8.033808795697865,-4.994869830120964,1.0104920555846805e-13
193.14955196964095,57.43002252569062,9.662011499673145,-8.033521246285005,-4.99184867010132,1.6841534259744677e-13
193.1676457508388,57.43249006907222,9.663160546623205,-8.03323255346888,-4.988827603830313,6.73661370389787e-14
193.1857420977482,57.434954795601136,9.664309969592429,-8.032942716876075,-4.985806632340372,1.1789073981821273e-13
193.20384100805006,57.43741670461783,9.665459768624023,-8.032651736133841,-4.982785756664457,6.73661370389787e-14
193.22194247942278,57.439875795463294,9.6666099437612,-8.032359610870088,-4.979764977836062,1.1789073981821273e-13
193.24004650954225,57.44233206747904,9.667760495047162,-8.032066340713397,-4.976744296889243,8.420767129872338e-14
193.25815309608183,57.44478552000712,9.668911422525113,-8.03177192529301,-4.973723714858592,6.73661370389787e-14
193.2762622367123,57.44723615239012,9.670062726238264,-8.031476364238822,-4.970703232779246,1.515738083377021e-13
193.29437392910214,57.44968396397113,9.671214406229815,-8.031179657181422,-4.967682851686873,1.515738083377021e-13
193.31248817091705,57.45212895409383,9.672366462542977,-8.030881803752045,-4.9646625726177,8.420767129872338e-14
193.33060495982045,57.45457112210238,9.673518895220957,-8.030582803582599,-4.96164239660847,1.6841534259744676e-14
193.34872429347305,57.457010467341476,9.674671704306958,-8.03028265630566,-4.95862232469649,1.0104920555846805e-13
193.3668461695333,57.4594469891564,9.675824889844185,-8.029981361554492,-4.955602357919587,6.73661370389787e-14
193.3849705856569,57.4618806868929,9.676978451875849,-8.029678918963008,-4.9525824973161345,8.420767129872338e-14
193.40309753949717,57.464311559897325,9.678132390445152,-8.02937532816581,-4.949562743925039,3.368306851948935e-14
193.42122702870495,57.46673960751652,9.679286705595302,-8.029070588798161,-4.9465430987857415,8.420767129872338e-14
193.43935905092854,57.469164829097885,9.680441397369506,-8.02876470049601,-4.943523562938219,0.0
193.45749360381373,57.471587223989346,9.681596465810967,-8.02845766289597,-4.940504137422983,1.8525687685719145e-13
193.4756306850038,57.47400679153939,9.682751910962898,-8.028149475635342,-4.9374848232810775,1.1789073981821273e-13
193.4937702921396,57.476423531097026,9.683907732868496,-8.027840138352097,-4.934465621554079,2.1893994537668078e-13
193.51191242285944,57.478837442011816,9.685063931570973,-8.027529650684892,-4.93144653328409,0.0
193.53005707479906,57.48124852363384,9.686220507113532,-8.027218012273055,-4.928427559513758,1.347322740779574e-13
193.54820424559182,57.48365677531377,9.687377459539384,-8.026905222756598,-4.925408701286245,1.1789073981821273e-13
193.56635393286857,57.48606219640276,9.688534788891731,-8.026591281776216,-4.922389959645244,1.6841534259744677e-13
193.5845061342576,57.488464786252564,9.689692495213782,-8.026276188973284,-4.919371335634986,1.0104920555846805e-13
193.6026608473848,57.49086454421543,9.690850578548735,-8.025959943989875,-4.916352830300216,5.0524602779234026e-14
193.62081806987348,57.49326146964421,9.692009038939814,-8.02564254646871,-4.91333444468621,5.0524602779234026e-14
193.6389777993445,57.49565556189224,9.693167876430204,-8.025323996053238,-4.910316179838777,1.1789073981821273e-13
193.65714003341628,57.49804682031347,9.694327091063126,-8.025004292387564,-4.907298036804232,1.0104920555846805e-13
193.6753047697047,57.50043524426231,9.695486682881779,-8.024683435116502,-4.9042800166294365,6.73661370389787e-14
193.69347200582308,57.50282083309382,9.696646651929374,-8.024361423885532,-4.901262120361757,1.515738083377021e-13
193.71164173938246,57.505203586163546,9.697806998249114,-8.02403825834085,-4.8982443490490875,1.347322740779574e-13
193.72981396799125,57.5075835028276,9.698967721884205,-8.023713938129317,-4.895226703739842,3.368306851948935e-14
193.7479886892553,57.509960582442616,9.70012882287785,-8.023388462898495,-4.892209185482963,1.347322740779574e-13
193.76616590077822,57.51233482436586,9.701290301273266,-8.023061832296648,-4.8891917953278945,1.515738083377021e-13
193.78434560016092,57.51470622795507,9.702452157113648,-8.022734045972717,-4.886174534324615,1.347322740779574e-13
193.80252778500196,57.517074792568586,9.70361439044221,-8.022405103576345,-4.883157403523606,6.73661370389787e-14
193.82071245289734,57.51944051756525,9.704777001302151,-8.022075004757875,-4.880140403975885,1.1789073981821273e-13
193.8388996014407,57.521803402304506,9.705939989736683,-8.021743749168337,-4.877123536732962,5.0524602779234026e-14
193.85708922822303,57.524163446146346,9.707103355789009,-8.02141133645946,-4.874106802846877,1.347322740779574e-13
193.87528133083302,57.52652064845134,9.708267099502336,-8.021077766283677,-4.871090203370181,1.1789073981821273e-13
193.89347590685685,57.52887500858054,9.709431220919873,-8.020743038294116,-4.868073739355928,1.1789073981821273e-13
193.91167295387808,57.53122652589563,9.710595720084823,-8.0204071521446,-4.865057411857703,1.8525687685719145e-13
193.92987246947803,57.53357519975883,9.711760597040392,-8.020070107489662,-4.86204122192958,1.0104920555846805e-13
193.94807445123536,57.535921029532915,9.712925851829786,-8.019731903984528,-4.8590251706261665,8.420767129872338e-14
193.96627889672638,57.5382640145812,9.714091484496212,-8.019392541285137,-4.856009259002556,1.515738083377021e-13
193.98448580352485,57.54060415426762,9.715257495082875,-8.019052019048118,-4.852993488114368,1.515738083377021e-13
194.00269516920218,57.54294144795662,9.716423883632986,-8.018710336930827,-4.849977859017713,1.347322740779574e-13
194.02090699132722,57.54527589501322,9.717590650189745,-8.018367494591297,-4.846962372769225,3.368306851948935e-14
194.03912126746636,57.54760749480301,9.718757794796362,-8.018023491688291,-4.843947030426037,8.420767129872338e-14
194.0573379951836,57.54993624669214,9.719925317496044,-8.017678327881267,-4.840931833045774,1.0104920555846805e-13
194.07555717204036,57.55226215004733,9.721093218331992,-8.017332002830397,-4.837916781686592,1.347322740779574e-13
194.09377879559577,57.554585204235856,9.722261497347416,-8.016984516196564,-4.8349018774071215,2.020984111169361e-13
194.11200286340633,57.556905408625575,9.723430154585524,-8.01663586764135,-4.831887121266509,2.5262301389617017e-13
194.13022937302628,57.5592227625849,9.724599190089517,-8.016286056827068,-4.828872514324397,6.73661370389787e-14
194.14845832200717,57.56153726548281,9.725768603902605,-8.01593508341672,-4.825858057640938,1.347322740779574e-13
194.1666897078983,57.56384891668887,9.726938396067995,-8.015582947074043,-4.822843752276772,1.347322740779574e-13
194.1849235282464,57.566157715573176,9.728108566628885,-8.01522964746348,-4.819829599293046,1.0104920555846805e-13
194.20315978059583,57.568463661506456,9.729279115628495,-8.014875184250176,-4.816815599751388,1.515738083377021e-13
194.2213984624884,57.57076675385995,9.73045004311002,-8.014519557100016,-4.813801754713949,1.6841534259744677e-13
194.23963957146356,57.57306699200551,9.731621349116669,-8.014162765679592,-4.810788065243354,1.0104920555846805e-13
194.25788310505828,57.57536437531552,9.732793033691651,-8.013804809656193,-4.8077745324027195,1.6841534259744677e-13
194.27612906080714,57.577658903163,9.733965096878167,-8.013445688697876,-4.804761157255674,3.368306851948935e-14
194.29437743624214,57.57995057492147,9.73513753871943,-8.013085402473365,-4.801747940866332,1.347322740779574e-13
194.31262822889303,57.58223938996508,9.736310359258638,-8.012723950652141,-4.798734884299287,6.73661370389787e-14
194.33088143628694,57.58452534766852,9.737483558539006,-8.012361332904385,-4.795721988619638,1.347322740779574e-13
194.34913705594866,57.586808447407094,9.738657136603734,-8.011997548901018,-4.7927092548929675,8.420767129872338e-14
194.36739508540052,57.58908868855666,9.739831093496033,-8.011632598313668,-4.789696684185345,1.1789073981821273e-13
194.3856555221624,57.59136607049362,9.7410054292591,-8.011266480814708,-4.786684277563333,1.515738083377021e-13
194.4039183637518,57.59364059259505,9.742180143936153,-8.010899196077219,-4.783672036093978,1.1789073981821273e-13
194.42218360768373,57.5959122542385,9.743355237570393,-8.01053074377501,-4.78065996084481,6.73661370389787e-14
194.44045125147073,57.59818105480217,9.744530710205021,-8.01016112358263,-4.77764805288385,8.420767129872338e-14
194.45872129262304,57.6004469936648,9.745706561883251,-8.009790335175346,-4.774636313279593,1.8525687685719145e-13
194.47699372864832,57.60271007020575,9.746882792648288,-8.009418378229151,-4.77162474310103,1.347322740779574e-13
194.49526855705196,57.604970283804924,9.748059402543333,-8.009045252420782,-4.7686133434176154,6.73661370389787e-14
194.51354577533675,57.60722763384284,9.749236391611594,-8.008670957427704,-4.765602115299311,5.0524602779234026e-14
194.5318253810032,57.60948211970057,9.750413759896285,-8.008295492928092,-4.762591059816534,1.515738083377021e-13
194.55010737154927,57.61173374075981,9.751591507440603,-8.007918858600881,-4.759580178040197,1.6841534259744677e-13
194.5683917444707,57.61398249640279,9.752769634287755,-8.007541054125737,-4.756569471041676,1.1789073981821273e-13
194.58667849726052,57.61622838601238,9.753948140480947,-8.007162079183047,-4.753558939892843,6.73661370389787e-14
194.6049676274096,57.618471408972006,9.755127026063391,-8.006781933453945,-4.750548585666026,1.347322740779574e-13
194.62325913240622,57.6207115646657,9.756306291078289,-8.006400616620299,-4.747538409434048,1.6841534259744677e-13
194.6415530097364,57.62294885247803,9.757485935568848,-8.006018128364706,-4.744528412270186,8.420767129872338e-14
194.65984925688363,57.625183271794235,9.758665959578272,-8.005634468370523,-4.741518595248201,8.420767129872338e-14
194.67814787132892,57.62741482200009,9.759846363149775,-8.005249636321821,-4.7385089594423375,8.420767129872338e-14
194.6964488505511,57.62964350248198,9.761027146326551,-8.004863631903433,-4.735499505927285,6.73661370389787e-14
194.71475219202637,57.63186931262685,9.762208309151813,-8.004476454800919,-4.732490235778225,3.368306851948935e-14
194.73305789322862,57.63409225182229,9.763389851668771,-8.004088104700587,-4.729481150070798,1.8525687685719145e-13
194.75136595162928,57.63631231945644,9.764571773920624,-8.003698581289491,-4.7264722498811205,1.0104920555846805e-13
194.7696763646975,57.63852951491806,9.765754075950582,-8.003307884255424,-4.723463536285766,1.347322740779574e-13
194.78798912989987,57.64074383759647,9.766936757801846,-8.002916013286931,-4.720455010361786,1.515738083377021e-13
194.80630424470067,57.64295528688164,9.768119819517631,-8.002522968073292,-4.717446673186684,1.347322740779574e-13
194.8246217065617,57.6451638621641,9.76930326114114,-8.00212874830454,-4.7144385258384425,5.0524602779234026e-14
194.84294151294245,57.64736956283496,9.77048708271557,-8.001733353671463,-4.7114305693955,2.020984111169361e-13
194.86126366129997,57.64957238828596,9.771671284284139,-8.001336783865584,-4.708422804936751,1.515738083377021e-13
