galstreams/tracks/track.st.NGC288.ibata2021.ecsv
# %ECSV 0.9
# ---
# datatype:
# - {name: ra, unit: deg, datatype: float64}
# - {name: dec, unit: deg, datatype: float64}
# - {name: distance, unit: kpc, datatype: float64}
# - {name: pm_ra_cosdec, unit: mas / yr, datatype: float64}
# - {name: pm_dec, unit: mas / yr, datatype: float64}
# - {name: radial_velocity, unit: km / s, datatype: float64}
# delimiter: ','
# meta: !!omap
# - __serialized_columns__:
#     dec:
#       __class__: astropy.coordinates.angles.Latitude
#       unit: &id001 !astropy.units.Unit {unit: deg}
#       value: !astropy.table.SerializedColumn {name: dec}
#     distance:
#       __class__: astropy.coordinates.distances.Distance
#       unit: !astropy.units.Unit {unit: kpc}
#       value: !astropy.table.SerializedColumn {name: distance}
#     pm_dec:
#       __class__: astropy.units.quantity.Quantity
#       unit: !astropy.units.Unit {unit: mas / yr}
#       value: !astropy.table.SerializedColumn {name: pm_dec}
#     pm_ra_cosdec:
#       __class__: astropy.units.quantity.Quantity
#       unit: !astropy.units.Unit {unit: mas / yr}
#       value: !astropy.table.SerializedColumn {name: pm_ra_cosdec}
#     ra:
#       __class__: astropy.coordinates.angles.Longitude
#       unit: *id001
#       value: !astropy.table.SerializedColumn {name: ra}
#       wrap_angle: !astropy.coordinates.Angle
#         unit: *id001
#         value: 360.0
#     radial_velocity:
#       __class__: astropy.units.quantity.Quantity
#       unit: !astropy.units.Unit {unit: km / s}
#       value: !astropy.table.SerializedColumn {name: radial_velocity}
# schema: astropy-2.0
ra,dec,distance,pm_ra_cosdec,pm_dec,radial_velocity
[from data line 138]
7.311008284474666,-20.684656622808934,11.329118259294857,4.103749721412099,-5.262010109340945,-3.368306851948935e-14
7.32037316017302,-20.69045095996804,11.328064596302115,4.103135014036198,-5.2618089045548215,-1.0104920555846805e-13
7.329728623614068,-20.696252117569976,11.32701269683517,4.10252347014801,-5.26161150218193,-1.0104920555846805e-13
7.339074691781709,-20.702060084922504,11.325962557945974,4.101915084259336,-5.261417893818761,-6.73661370389787e-14
7.348411381657762,-20.707874851329684,11.324914176686471,4.101309850879726,-5.261228071063738,-8.420767129872338e-14
7.357738710221963,-20.713696406091906,11.323867550108599,4.100707764516458,-5.261042025517216,-6.73661370389787e-14
7.3670566944519775,-20.719524738505807,11.322822675264321,4.100108819674553,-5.260859748781468,-3.368306851948935e-14
7.376365351323405,-20.72535983786437,11.321779549205573,4.099513010856786,-5.260681232460684,-6.73661370389787e-14
7.3856646978097915,-20.73120169345686,11.320738168984306,4.09892033256369,-5.260506468160979,-1.0104920555846805e-13
7.394954750882641,-20.737050294568885,11.319698531652463,4.098330779293568,-5.260335447490367,-6.73661370389787e-14
7.404235527511418,-20.74290563048232,11.318660634261994,4.097744345542486,-5.260168162058774,-8.420767129872338e-14
7.413507044663556,-20.74876769047538,11.317624473864846,4.097161025804291,-5.26000460347802,-1.1789073981821273e-13
7.422769319304478,-20.754636463822617,11.316590047512962,4.096580814570613,-5.259844763361828,-3.368306851948935e-14
7.43202236839758,-20.76051193979486,11.315557352258296,4.09600370633088,-5.259688633325807,-6.73661370389787e-14
7.441266208904265,-20.766394107659305,11.314526385152787,4.095429695572307,-5.2595362049874534,-1.0104920555846805e-13
7.450500857783945,-20.772282956679465,11.313497143248386,4.0948587767799225,-5.25938746996615,-6.73661370389787e-14
7.459726331994036,-20.77817847611518,11.312469623597037,4.09429094443656,-5.259242419883151,-8.420767129872338e-14
7.468942648489986,-20.78408065522262,11.311443823250691,4.093726193022874,-5.2591010463615895,-8.420767129872338e-14
7.478149824225268,-20.789989483254306,11.310419739261292,4.093164517017342,-5.258963341026462,-1.0104920555846805e-13
7.487347876151397,-20.795904949459104,11.309397368680786,4.092605910896269,-5.258829295504629,-1.0104920555846805e-13
7.49653682121794,-20.801827043082213,11.30837670856112,4.092050369133804,-5.258698901424815,-5.0524602779234026e-14
7.5057166763725105,-20.80775575336517,11.307357755954246,4.091497886201928,-5.258572150417593,-6.73661370389787e-14
7.5148874585608,-20.813691069545897,11.306340507912106,4.0909484565704854,-5.2584490341153955,-1.1789073981821273e-13
7.524049184726567,-20.819632980858636,11.305324961486644,4.090402074707169,-5.25832954415249,-1.1789073981821273e-13
7.5332018718116505,-20.825581476534005,11.30431111372981,4.089858735077537,-5.258213672164992,-5.0524602779234026e-14
7.542345536755989,-20.831536545798976,11.303298961693555,4.089318432145016,-5.25810140979085,-6.73661370389787e-14
7.551480196497608,-20.837498177876892,11.30228850242982,4.08878116037091,-5.257992748669849,-5.0524602779234026e-14
7.560605867972656,-20.843466361987446,11.301279732990553,4.0882469142144044,-5.2578876804435986,-8.420767129872338e-14
7.569722568115384,-20.84944108734673,11.3002726504277,4.087715688132573,-5.2577861967555295,-1.0104920555846805e-13
7.5788303138581785,-20.85542234316718,11.299267251793212,4.087187476580386,-5.257688289250893,-8.420767129872338e-14
7.587929122131552,-20.86141011865762,11.298263534139036,4.086662274010717,-5.257593949576762,-6.73661370389787e-14
7.597019009864166,-20.867404403023254,11.297261494517109,4.086140074874346,-5.257503169382007,-1.0104920555846805e-13
7.606099993982825,-20.873405185465664,11.29626112997939,4.0856208736199635,-5.257415940317307,-1.0104920555846805e-13
7.615172091412502,-20.879412455182834,11.295262437577817,4.08510466469419,-5.257332254035149,-1.1789073981821273e-13
7.62423531907633,-20.885426201369118,11.294265414364341,4.0845914425415675,-5.25725210218981,-1.1789073981821273e-13
7.633289693895621,-20.891446413215256,11.293270057390911,4.084081201604571,-5.257175476437355,-1.0104920555846805e-13
7.642335232789871,-20.897473079908416,11.292276363709467,4.08357393632362,-5.257102368435646,-6.73661370389787e-14
7.6513719526767705,-20.90350619063212,11.291284330371962,4.083069641137076,-5.257032769844325,-3.368306851948935e-14
7.660399870472211,-20.909545734566322,11.290293954430338,4.082568310481258,-5.256966672324804,-8.420767129872338e-14
7.669419003090293,-20.91559170088738,11.289305232936545,4.082069938790439,-5.256904067540282,-5.0524602779234026e-14
7.678429367443335,-20.921644078768036,11.288318162942533,4.081574520496861,-5.2568449471557175,-1.1789073981821273e-13
7.687430980441885,-20.92770285737747,11.28733274150024,4.081082050030737,-5.256789302837841,-5.0524602779234026e-14
7.696423858994729,-20.933768025881253,11.28634896566162,4.08059252182026,-5.256737126255139,-8.420767129872338e-14
7.705408020008895,-20.939839573441386,11.285366832478616,4.080105930291606,-5.256688409077858,-8.420767129872338e-14
7.714383480389655,-20.94591748921628,11.284386339003175,4.079622269868941,-5.256643142977996,-6.73661370389787e-14
7.723350257040557,-20.952001762360787,11.28340748228725,4.079141534974426,-5.256601319629292,-6.73661370389787e-14
7.73230836686341,-20.95809238202616,11.28243025938278,4.078663720028231,-5.256562930707236,-5.0524602779234026e-14
7.741257826758302,-20.964189337360093,11.281454667341713,4.078188819448535,-5.2565279678890615,-6.73661370389787e-14
7.750198653623605,-20.970292617506715,11.280480703216,4.077716827651526,-5.2564964228537185,-5.0524602779234026e-14
7.759130864355995,-20.976402211606572,11.279508364057584,4.07724773905142,-5.256468287281907,-6.73661370389787e-14
7.768054475850444,-20.98251810879668,11.27853764691841,4.076781548060464,-5.256443552856039,-1.0104920555846805e-13
7.776969505000234,-20.988640298210463,11.27756854885043,4.076318249088932,-5.2564222112602526,-6.73661370389787e-14
7.785875968696975,-20.994768768977806,11.276601066905592,4.075857836545143,-5.256404254180403,-8.420767129872338e-14
7.7947738838306,-21.000903510225047,11.275635198135836,4.075400304835464,-5.256389673304059,-5.0524602779234026e-14
7.803663267289383,-21.007044511074938,11.274670939593113,4.074945648364315,-5.256378460320498,-1.1789073981821273e-13
7.812544135959944,-21.01319176064674,11.273708288329368,4.074493861534171,-5.256370606920697,-5.0524602779234026e-14
7.821416506727249,-21.019345248056123,11.272747241396551,4.074044938745577,-5.256366104797335,-6.73661370389787e-14
7.830280396474641,-21.025504962415233,11.271787795846606,4.073598874397153,-5.2563649456447905,-1.0104920555846805e-13
7.839135822083823,-21.03167089283269,11.270829948731478,4.073155662885589,-5.256367121159127,-5.0524602779234026e-14
7.847982800434883,-21.037843028413544,11.269873697103117,4.072715298605662,-5.256372623038096,-8.420767129872338e-14
7.856821348406293,-21.044021358259357,11.26891903801347,4.072277775950242,-5.256381442981134,-5.0524602779234026e-14
7.865651482874927,-21.050205871468126,11.267965968514481,4.071843089310293,-5.256393572689351,-1.1789073981821273e-13
7.87447322071606,-21.056396557134345,11.267014485658104,4.071411233074881,-5.256409003865536,-6.73661370389787e-14
7.883286578803382,-21.062593404348966,11.266064586496274,4.070982201631184,-5.2564277282141445,-8.420767129872338e-14
7.892091574009001,-21.068796402199435,11.265116268080947,4.0705559893644905,-5.256449737441298,-8.420767129872338e-14
7.900888223203465,-21.07500553976967,11.264169527464068,4.070132590658211,-5.256475023254777,-1.1789073981821273e-13
7.9096765432557525,-21.0812208061401,11.263224361697578,4.0697119998938875,-5.2565035773640245,-6.73661370389787e-14
7.918456551033292,-21.087442190387602,11.262280767833436,4.069294211451185,-5.2565353914801225,-6.73661370389787e-14
7.9272282634019655,-21.093669681585578,11.261338742923577,4.06887921970792,-5.256570457315815,-5.0524602779234026e-14
7.935991697226121,-21.0999032688039,11.26039828401995,4.068467019040045,-5.256608766585491,-8.420767129872338e-14
7.94474686936858,-21.10614294110896,11.259459388174509,4.068057603821661,-5.25665031100516,-8.420767129872338e-14
7.953493796690641,-21.112388687563634,11.258522052439194,4.06765096842504,-5.25669508229249,-1.0104920555846805e-13
7.962232496052101,-21.118640497227315,11.25758627386595,4.067247107220607,-5.256743072166767,-6.73661370389787e-14
7.970962984311242,-21.12489835915589,11.25665204950673,4.066846014576954,-5.256794272348904,-1.0104920555846805e-13
7.979685278324863,-21.131162262401755,11.25571937641348,4.066447684860856,-5.256848674561442,-8.420767129872338e-14
7.988399394948272,-21.137432196013837,11.254788251638141,4.066052112437267,-5.256906270528537,-6.73661370389787e-14
7.997105351035302,-21.143708149037547,11.253858672232669,4.065659291669323,-5.256967051975959,-1.0104920555846805e-13
8.005803163438314,-21.149990110514846,11.252930635249003,4.065269216918356,-5.257031010631086,-1.1789073981821273e-13
8.014492849008217,-21.1562780694842,11.252004137739087,4.064881882543906,-5.257098138222914,-6.73661370389787e-14
8.023174424594458,-21.162572014980583,11.251079176754882,4.064497282903702,-5.257168426482019,-8.420767129872338e-14
8.031847907045053,-21.168871936035526,11.250155749348322,4.064115412353696,-5.257241867140591,-8.420767129872338e-14
8.040513313206606,-21.175177821677128,11.249233852571356,4.063736265248058,-5.257318451932413,-6.73661370389787e-14
8.04917065992419,-21.181489660929856,11.248313483475934,4.0633598359391705,-5.257398172592845,-1.0104920555846805e-13
8.057819964041578,-21.1878074428149,11.247394639114003,4.062986118777653,-5.257481020858846,-6.73661370389787e-14
8.066461242401083,-21.194131156349886,11.246477316537506,4.062615108112359,-5.257566988468945,-1.0104920555846805e-13
8.075094511843627,-21.20046079054902,11.245561512798393,4.062246798290383,-5.2576560671632535,-8.420767129872338e-14
8.083719789208738,-21.206796334423046,11.244647224948608,4.061881183657064,-5.257748248683452,-6.73661370389787e-14
8.092337091334548,-21.213137776979238,11.243734450040106,4.061518258555992,-5.25784352477279,-8.420767129872338e-14
8.100946435057828,-21.219485107221427,11.24282318512482,4.061158017329024,-5.257941887176084,-1.347322740779574e-13
8.109547837213977,-21.22583831415002,11.241913427254703,4.060800454316272,-5.258043327639707,-6.73661370389787e-14
8.118141314637029,-21.232197386761946,11.24100517348171,4.060445563856122,-5.2581478379115865,-8.420767129872338e-14
8.126726884159668,-21.238562314050707,11.240098420857775,4.060093340285233,-5.258255409741207,-8.420767129872338e-14
8.135304562613245,-21.24493308500637,11.239193166434852,4.059743777938555,-5.258366034879596,-8.420767129872338e-14
8.143874366827761,-21.251309688615553,11.238289407264885,4.059396871149314,-5.258479705079326,-1.1789073981821273e-13
8.152436313631904,-21.257692113861456,11.237387140399825,4.059052614249034,-5.258596412094504,-1.0104920555846805e-13
8.160990419853045,-21.26408034972384,11.236486362891615,4.058711001567543,-5.258716147680784,-8.420767129872338e-14
8.169536702317235,-21.27047438517904,11.235587071792203,4.058372027432968,-5.258838903595335,-6.73661370389787e-14
8.178075177849228,-21.276874209199967,11.234689264153534,4.058035686171753,-5.258964671596873,-8.420767129872338e-14
8.186605863272492,-21.283279810756106,11.233792937027557,4.057701972108649,-5.259093443445616,-8.420767129872338e-14
8.195128775409206,-21.289691178813527,11.23289808746622,4.05737087956674,-5.259225210903313,-1.0104920555846805e-13
8.203643931080272,-21.296108302334886,11.232004712521466,4.057042402867433,-5.259359965733227,-8.420767129872338e-14
8.21215134710533,-21.302531170279426,11.231112809245243,4.056716536330469,-5.259497699700127,-8.420767129872338e-14
8.22065104030275,-21.308959771602964,11.2302223746895,4.05639327427393,-5.259638404570293,-1.1789073981821273e-13
8.229143027489668,-21.315394095257936,11.229333405906182,4.056072611014246,-5.2597820721115065,-1.0104920555846805e-13
8.237627325481961,-21.32183413019335,11.228445899947234,4.05575454086619,-5.259928694093043,-8.420767129872338e-14
8.24610395109428,-21.32827986535482,11.227559853864603,4.055439058142905,-5.260078262285681,-6.73661370389787e-14
8.254572921140051,-21.334731289684548,11.226675264710245,4.055126157155882,-5.260230768461682,-1.0104920555846805e-13
8.263034252431483,-21.34118839212138,11.225792129536094,4.054815832214992,-5.260386204394797,-6.73661370389787e-14
8.271487961779568,-21.347651161600716,11.224910445394107,4.0545080776284745,-5.260544561860257,-1.1789073981821273e-13
8.27993406599411,-21.35411958705459,11.224030209336224,4.0542028877029495,-5.260705832634773,-1.0104920555846805e-13
8.288372581883712,-21.360593657411666,11.223151418414389,4.053900256743427,-5.260870008496537,-1.0104920555846805e-13
8.296803526255788,-21.36707336159717,11.22227406968056,4.053600179053298,-5.261037081225197,-8.420767129872338e-14
8.305226915916592,-21.37355868853301,11.221398160186675,4.053302648934362,-5.261207042601877,-1.0104920555846805e-13
8.313642767671196,-21.38004962713765,11.220523686984684,4.053007660686812,-5.2613798844091635,-8.420767129872338e-14
8.322051098323522,-21.38654616632624,11.21965064712653,4.052715208609255,-5.261555598431094,-6.73661370389787e-14
8.33045192467633,-21.393048295010495,11.218779037664165,4.052425286998709,-5.261734176453171,-6.73661370389787e-14
8.338845263531255,-21.399556002098787,11.217908855649535,4.052137890150609,-5.261915610262337,-1.1789073981821273e-13
8.347231131688782,-21.406069276496137,11.217040098134586,4.051853012358818,-5.2620998916469865,-1.0104920555846805e-13
8.355609545948276,-21.41258810710417,11.21617276217126,4.051570647915635,-5.262287012396958,-6.73661370389787e-14
8.363980523107985,-21.41911248282116,11.215306844811513,4.051290791111781,-5.262476964303521,-6.73661370389787e-14
8.372344079965046,-21.425642392542006,11.214442343107281,4.051013436236434,-5.262669739159388,-6.73661370389787e-14
8.380700233315494,-21.432177825158263,11.213579254110522,4.050738577577208,-5.262865328758694,-6.73661370389787e-14
8.38904899995428,-21.43871876955814,11.212717574873174,4.050466209420177,-5.263063724897008,-5.0524602779234026e-14
8.397390396675252,-21.445265214626456,11.211857302447193,4.050196326049864,-5.263264919371314,-1.0104920555846805e-13
8.405724440271204,-21.451817149244732,11.210998433884514,4.049928921749272,-5.263468903980023,-6.73661370389787e-14
8.414051147533845,-21.458374562291088,11.21014096623709,4.049663990799859,-5.2636756705229555,-1.0104920555846805e-13
8.42237053525383,-21.46493744264034,11.20928489655687,4.049401527481562,-5.263885210801341,-1.0104920555846805e-13
8.430682620220765,-21.471505779163945,11.208430221895798,4.049141526072801,-5.264097516617822,-1.0104920555846805e-13
8.438987419223215,-21.478079560730013,11.207576939305822,4.048883980850481,-5.264312579776439,-6.73661370389787e-14
8.447284949048695,-21.484658776203318,11.206725045838887,4.048628886089999,-5.264530392082634,-8.420767129872338e-14
8.455575226483717,-21.491243414445325,11.20587453854694,4.048376236065245,-5.264750945343244,-5.0524602779234026e-14
8.46385826831375,-21.497833464314137,11.20502541448193,4.048126025048616,-5.264974231366492,-1.0104920555846805e-13
8.472134091323275,-21.504428914664558,11.2041776706958,4.047878247311019,-5.265200241961998,-6.73661370389787e-14
8.480402712295751,-21.511029754348016,11.203331304240503,4.047632897121865,-5.265428968940758,-1.1789073981821273e-13
8.488664148013664,-21.517635972212673,11.202486312167977,4.047389968749098,-5.265660404115156,-1.0104920555846805e-13
8.496918415258499,-21.524247557103347,11.20164269153018,4.047149456459168,-5.265894539298934,-8.420767129872338e-14
