galstreams/tracks/track.st.Jhelum-b.bonaca2019.ecsv
# %ECSV 1.0
# ---
# datatype:
# - {name: ra, unit: deg, datatype: float64}
# - {name: dec, unit: deg, datatype: float64}
# - {name: distance, unit: kpc, datatype: float64}
# - {name: pm_ra_cosdec, unit: mas / yr, datatype: float64}
# - {name: pm_dec, unit: mas / yr, datatype: float64}
# - {name: radial_velocity, unit: km / s, datatype: float64}
# delimiter: ','
# meta: !!omap
# - __serialized_columns__:
#     dec:
#       __class__: astropy.coordinates.angles.Latitude
#       unit: &id001 !astropy.units.Unit {unit: deg}
#       value: !astropy.table.SerializedColumn {name: dec}
#     distance:
#       __class__: astropy.coordinates.distances.Distance
#       unit: !astropy.units.Unit {unit: kpc}
#       value: !astropy.table.SerializedColumn {name: distance}
#     pm_dec:
#       __class__: astropy.units.quantity.Quantity
#       unit: !astropy.units.Unit {unit: mas / yr}
#       value: !astropy.table.SerializedColumn {name: pm_dec}
#     pm_ra_cosdec:
#       __class__: astropy.units.quantity.Quantity
#       unit: !astropy.units.Unit {unit: mas / yr}
#       value: !astropy.table.SerializedColumn {name: pm_ra_cosdec}
#     ra:
#       __class__: astropy.coordinates.angles.Longitude
#       unit: *id001
#       value: !astropy.table.SerializedColumn {name: ra}
#       wrap_angle: !astropy.coordinates.Angle
#         unit: *id001
#         value: 360.0
#     radial_velocity:
#       __class__: astropy.units.quantity.Quantity
#       unit: !astropy.units.Unit {unit: km / s}
#       value: !astropy.table.SerializedColumn {name: radial_velocity}
# schema: astropy-2.0
ra,dec,distance,pm_ra_cosdec,pm_dec,radial_velocity
[from data line 2613]
327.14514927964404,-47.09118605527006,13.000000000000007,5.46189428380382,-5.861480880503874,-4.041968222338722e-13
327.1316658624227,-47.087207104838235,13.000000000000004,5.460808095775849,-5.862059135765607,-5.052460277923403e-13
327.11818439494334,-47.08322666829211,13.000000000000004,5.459721912902188,-5.86263683164897,-3.3683068519489354e-13
327.10470487736256,-47.07924474607145,13.000000000000002,5.458635735414719,-5.86321396813651,-3.705137537143829e-13
327.09122730983677,-47.07526133861605,13.000000000000004,5.457549563545235,-5.863790545210906,-4.041968222338722e-13
327.07775169252153,-47.07127644636573,13.000000000000004,5.456463397525412,-5.864366562855004,-4.715629592728509e-13
327.0642780255718,-47.06729006976028,13.000000000000004,5.455377237586821,-5.864942021051796,-3.3683068519489354e-13
327.05080630914176,-47.06330220923954,13.000000000000004,5.454291083960913,-5.865516919784444,-3.705137537143829e-13
327.03733654338527,-47.059312865243285,13.000000000000004,5.453204936879049,-5.866091259036233,-3.031476166754042e-13
327.02386872845517,-47.05532203821137,13.000000000000004,5.452118796572462,-5.866665038790632,-1.6841534259744677e-13
327.0104028645038,-47.05132972858361,13.000000000000004,5.451032663272287,-5.867238259031252,-4.041968222338722e-13
326.99693895168303,-47.04733593679985,13.000000000000002,5.4499465372095575,-5.86781091974184,-2.694645481559148e-13
326.98347699014386,-47.043340663299915,13.000000000000002,5.448860418615179,-5.868383020906327,-2.694645481559148e-13
326.97001698003663,-47.03934390852364,13.000000000000004,5.447774307719959,-5.86895456250877,-3.031476166754042e-13
326.95655892151126,-47.035345672910886,13.000000000000004,5.446688204754596,-5.869525544533394,-4.041968222338722e-13
326.94310281471684,-47.03134595690148,13.000000000000004,5.445602109949683,-5.870095966964564,-3.705137537143829e-13
326.9296486598019,-47.027344760935286,13.000000000000002,5.444516023535693,-5.870665829786811,-4.3787989075336156e-13
326.91619645691424,-47.02334208545215,13.000000000000004,5.443429945743001,-5.871235132984806,-4.715629592728509e-13
326.90274620620113,-47.01933793089196,13.000000000000002,5.442343876801866,-5.87180387654338,-3.705137537143829e-13
326.8892979078091,-47.015332297694535,13.000000000000002,5.441257816942438,-5.87237206044751,-3.705137537143829e-13
326.8758515618842,-47.01132518629977,13.000000000000005,5.44017176639476,-5.872939684682326,-4.041968222338722e-13
326.86240716857156,-47.007316597147515,13.000000000000004,5.439085725388768,-5.873506749233114,-4.3787989075336156e-13
326.84896472801597,-47.003306530677655,13.000000000000002,5.437999694154284,-5.874073254085307,-2.694645481559148e-13
326.8355242403614,-46.99929498733005,13.000000000000004,5.436913672921018,-5.874639199224486,-3.705137537143829e-13
326.82208570575114,-46.995281967544585,13.000000000000002,5.435827661918578,-5.875204584636394,-4.3787989075336156e-13
326.80864912432804,-46.99126747176115,13.000000000000002,5.434741661376459,-5.875769410306907,-3.705137537143829e-13
326.7952144962342,-46.987251500419596,13.000000000000004,5.4336556715240505,-5.8763336762220675,-3.031476166754042e-13
326.781781821611,-46.983234053959805,13.000000000000002,5.432569692590619,-5.876897382368067,-4.041968222338722e-13
326.76835110059926,-46.97921513282171,13.000000000000004,5.431483724805333,-5.8774605287312385,-3.705137537143829e-13
326.75492233333927,-46.97519473744513,13.000000000000004,5.430397768397256,-5.87802311529807,-3.3683068519489354e-13
326.74149551997056,-46.971172868269996,13.000000000000004,5.429311823595328,-5.878585142055201,-3.3683068519489354e-13
326.7280706606319,-46.96714952573619,13.000000000000002,5.4282258906283865,-5.879146608989425,-3.705137537143829e-13
326.71464775546167,-46.96312471028358,13.000000000000007,5.427139969725157,-5.879707516087668,-4.3787989075336156e-13
326.7012268045976,-46.95909842235208,13.000000000000004,5.426054061114263,-5.8802678633370284,-3.3683068519489354e-13
326.6878078081765,-46.95507066238158,13.000000000000004,5.4249681650242,-5.8808276507247434,-4.715629592728509e-13
326.67439076633485,-46.95104143081196,13.000000000000004,5.423882281683372,-5.881386878238191,-5.052460277923403e-13
326.66097567920843,-46.947010728083136,13.000000000000004,5.42279641132007,-5.881945545864912,-3.031476166754042e-13
326.6475625469322,-46.942978554634976,13.000000000000005,5.421710554162457,-5.882503653592591,-3.3683068519489354e-13
326.63415136964073,-46.938944910907395,13.000000000000004,5.420624710438613,-5.883061201409066,-3.031476166754042e-13
326.6207421474678,-46.93490979734028,13.000000000000004,5.419538880376479,-5.883618189302318,-3.3683068519489354e-13
326.60733488054666,-46.93087321437351,13.000000000000002,5.418453064203918,-5.884174617260471,-3.031476166754042e-13
326.5939295690098,-46.92683516244702,13.000000000000004,5.417367262148646,-5.884730485271813,-2.694645481559148e-13
326.58052621298924,-46.92279564200066,13.000000000000004,5.416281474438308,-5.8852857933247655,-2.3578147963642546e-13
326.5671248126162,-46.91875465347436,13.000000000000004,5.415195701300402,-5.885840541407913,-3.705137537143829e-13
326.5537253680214,-46.914712197307985,13.000000000000004,5.414109942962342,-5.8863947295099734,-4.3787989075336156e-13
326.54032787933494,-46.910668273941454,13.000000000000007,5.413024199651416,-5.886948357619817,-2.3578147963642546e-13
326.526932346686,-46.906622883814634,13.000000000000004,5.4119384715948105,-5.887501425726475,-3.705137537143829e-13
326.51353877020364,-46.902576027367424,13.000000000000002,5.410852759019596,-5.888053933819105,-4.041968222338722e-13
326.50014715001583,-46.898527705039726,13.000000000000002,5.409767062152735,-5.888605881887021,-3.705137537143829e-13
326.4867574862501,-46.894477917271416,13.000000000000002,5.408681381221076,-5.889157269919695,-4.3787989075336156e-13
326.4733697790334,-46.89042666450241,13.000000000000004,5.407595716451365,-5.889708097906726,-3.031476166754042e-13
326.45998402849193,-46.886373947172565,13.000000000000004,5.406510068070222,-5.8902583658378775,-2.694645481559148e-13
326.4466002347514,-46.882319765721746,13.000000000000004,5.405424436304172,-5.890808073703054,-3.3683068519489354e-13
326.4332183979367,-46.87826412058989,13.000000000000004,5.404338821379622,-5.8913572214923,-2.694645481559148e-13
326.4198385181723,-46.87420701221685,13.000000000000002,5.403253223522867,-5.891905809195819,-3.031476166754042e-13
326.40646059558185,-46.8701484410425,13.000000000000004,5.402167642960094,-5.89245383680395,-3.031476166754042e-13
326.39308463028857,-46.86608840750672,13.000000000000005,5.4010820799173755,-5.893001304307182,-2.694645481559148e-13
326.3797106224149,-46.86202691204938,13.000000000000004,5.39999653462068,-5.893548211696158,-3.705137537143829e-13
326.36633857208267,-46.857963955110364,13.000000000000005,5.398911007295853,-5.894094558961653,-3.705137537143829e-13
326.3529684794132,-46.85389953712954,13.000000000000002,5.397825498168645,-5.894640346094597,-2.020984111169361e-13
326.3396003445271,-46.84983365854676,13.000000000000002,5.396740007464676,-5.895185573086064,-2.694645481559148e-13
326.32623416754427,-46.84576631980189,13.000000000000004,5.395654535409468,-5.895730239927274,-4.041968222338722e-13
326.3128699485842,-46.841697521334815,13.000000000000004,5.3945690822284345,-5.896274346609587,-2.3578147963642546e-13
326.2995076877655,-46.83762726358535,13.000000000000002,5.393483648146868,-5.896817893124522,-3.705137537143829e-13
326.28614738520633,-46.83355554699338,13.000000000000004,5.392398233389947,-5.897360879463726,-3.031476166754042e-13
326.2727890410243,-46.82948237199873,13.000000000000004,5.391312838182756,-5.8979033056190024,-4.715629592728509e-13
326.2594326553361,-46.82540773904129,13.000000000000002,5.390227462750253,-5.898445171582295,-2.3578147963642546e-13
326.24607822825817,-46.82133164856085,13.000000000000004,5.3891421073172845,-5.898986477345694,-2.694645481559148e-13
326.2327257599059,-46.81725410099728,13.000000000000004,5.38805677210859,-5.899527222901437,-2.694645481559148e-13
326.2193752503945,-46.8131750967904,13.000000000000002,5.3869714573488015,-5.900067408241901,-2.694645481559148e-13
326.2060266998382,-46.80909463638006,13.000000000000004,5.38588616326243,-5.900607033359606,-2.3578147963642546e-13
326.19268010835094,-46.80501272020605,13.000000000000005,5.384800890073887,-5.90114609824722,-2.3578147963642546e-13
326.1793354760457,-46.80092934870822,13.000000000000004,5.383715638007459,-5.901684602897561,-2.3578147963642546e-13
326.165992803035,-46.79684452232638,13.000000000000004,5.382630407287319,-5.9022225473035785,-3.031476166754042e-13
326.15265208943083,-46.79275824150034,13.000000000000004,5.381545198137553,-5.902759931458368,-2.020984111169361e-13
326.1393133353444,-46.78867050666989,13.000000000000004,5.380460010782105,-5.90329675535518,-4.041968222338722e-13
326.1259765408865,-46.78458131827486,13.000000000000004,5.379374845444827,-5.9038330189873935,-3.3683068519489354e-13
326.112641706167,-46.78049067675503,13.000000000000002,5.378289702349451,-5.9043687223485435,-3.3683068519489354e-13
326.0993088312954,-46.776398582550186,13.000000000000004,5.377204581719591,-5.9049038654322965,-3.705137537143829e-13
326.0859779163805,-46.77230503610012,13.000000000000002,5.376119483778767,-5.9054384482324735,-3.705137537143829e-13
326.0726489615305,-46.76821003784461,13.000000000000004,5.375034408750366,-5.905972470743028,-4.715629592728509e-13
326.05932196685296,-46.764113588223445,13.000000000000005,5.373949356857679,-5.906505932958062,-3.705137537143829e-13
326.04599693245484,-46.76001568767636,13.000000000000002,5.372864328323882,-5.9070388348718215,-4.041968222338722e-13
326.0326738584425,-46.75591633664314,13.000000000000004,5.3717793233720315,-5.907571176478687,-3.031476166754042e-13
326.01935274492155,-46.75181553556352,13.000000000000004,5.37069434222507,-5.908102957773195,-5.389290963118296e-13
326.00603359199727,-46.74771328487728,13.000000000000004,5.369609385105846,-5.908634178750007,-2.3578147963642546e-13
325.992716399774,-46.743609585024146,13.000000000000004,5.368524452237079,-5.909164839403942,-3.031476166754042e-13
325.97940116835565,-46.73950443644384,13.000000000000004,5.367439543841373,-5.90969493972995,-2.694645481559148e-13
325.96608789784557,-46.735397839576095,13.000000000000002,5.3663546601412415,-5.910224479723127,-3.031476166754042e-13
325.95277658834624,-46.73128979486065,13.000000000000004,5.365269801359058,-5.910753459378714,-3.3683068519489354e-13
325.93946723995987,-46.72718030273721,13.000000000000004,5.3641849677171045,-5.911281878692086,-3.3683068519489354e-13
325.92615985278775,-46.72306936364548,13.000000000000005,5.363100159437542,-5.911809737658766,-3.705137537143829e-13
325.91285442693083,-46.718956978025155,13.000000000000004,5.362015376742423,-5.91233703627441,-2.694645481559148e-13
325.8995509624891,-46.71484314631594,13.000000000000004,5.360930619853675,-5.912863774534826,-3.3683068519489354e-13
325.8862494595623,-46.71072786895749,13.000000000000002,5.35984588899313,-5.913389952435956,-4.3787989075336156e-13
325.8729499182494,-46.706611146389534,13.000000000000002,5.3587611843825025,-5.913915569973877,-1.6841534259744677e-13
325.85965233864863,-46.702492979051705,13.000000000000002,5.357676506243381,-5.914440627144824,-3.031476166754042e-13
325.8463567208579,-46.69837336738366,13.000000000000004,5.356591854797262,-5.914965123945152,-3.705137537143829e-13
325.8330630649742,-46.694252311825075,13.000000000000005,5.355507230265513,-5.915489060371371,-2.694645481559148e-13
325.8197713710942,-46.69012981281556,13.000000000000004,5.354422632869397,-5.916012436420126,-4.041968222338722e-13
325.8064816393137,-46.68600587079477,13.000000000000004,5.3533380628300655,-5.916535252088201,-3.705137537143829e-13
325.79319386972804,-46.68188048620235,13.000000000000004,5.352253520368548,-5.917057507372515,-2.3578147963642546e-13
325.77990806243196,-46.67775365947789,13.000000000000004,5.351169005705769,-5.917579202270144,-3.031476166754042e-13
325.7666242175195,-46.67362539106101,13.000000000000004,5.3500845190625395,-5.9181003367782825,-3.031476166754042e-13
325.75334233508414,-46.66949568139131,13.000000000000004,5.349000060659551,-5.91862091089428,-3.031476166754042e-13
325.7400624152188,-46.66536453090838,13.000000000000004,5.347915630717392,-5.919140924615613,-3.031476166754042e-13
325.7267844580157,-46.6612319400518,13.000000000000002,5.34683122945653,-5.91966037793991,-4.3787989075336156e-13
325.7135084635666,-46.65709790926113,13.000000000000004,5.345746857097326,-5.920179270864926,-4.041968222338722e-13
325.70023443196243,-46.65296243897597,13.000000000000004,5.34466251386002,-5.920697603388561,-2.694645481559148e-13
325.6869623632937,-46.648825529635836,13.000000000000004,5.343578199964744,-5.921215375508856,-4.041968222338722e-13
325.6736922576502,-46.64468718168028,13.000000000000004,5.342493915631516,-5.92173258722399,-3.3683068519489354e-13
325.66042411512126,-46.64054739554884,13.000000000000004,5.34140966108024,-5.92224923853227,-3.3683068519489354e-13
325.64715793579546,-46.636406171681045,13.000000000000004,5.340325436530708,-5.9227653294321545,-3.705137537143829e-13
325.6338937197608,-46.63226351051638,13.000000000000004,5.339241242202599,-5.923280859922237,-3.031476166754042e-13
325.6206314671047,-46.62811941249438,13.000000000000004,5.338157078315479,-5.923795830001243,-3.031476166754042e-13
325.60737117791405,-46.62397387805451,13.000000000000004,5.337072945088789,-5.92431023966804,-4.3787989075336156e-13
325.594112852275,-46.619826907636266,13.000000000000002,5.335988842741882,-5.9248240889216355,-4.041968222338722e-13
325.5808564902732,-46.61567850167911,13.000000000000004,5.334904771493974,-5.925337377761167,-1.347322740779574e-13
325.56760209199365,-46.6115286606225,13.000000000000004,5.333820731564177,-5.92585010618592,-2.694645481559148e-13
325.55434965752073,-46.60737738490589,13.000000000000004,5.3327367231714895,-5.926362274195308,-2.694645481559148e-13
325.54109918693825,-46.60322467496871,13.000000000000004,5.331652746534792,-5.926873881788888,-3.705137537143829e-13
325.52785068032944,-46.59907053125037,13.000000000000004,5.330568801872862,-5.927384928966346,-4.3787989075336156e-13
325.5146041377769,-46.59491495419033,13.000000000000004,5.32948488940435,-5.927895415727512,-2.3578147963642546e-13
325.5013595593627,-46.590757944227946,13.000000000000004,5.328401009347801,-5.928405342072354,-1.6841534259744677e-13
325.4881169451681,-46.58659950180261,13.000000000000004,5.327317161921644,-5.9289147080009705,-3.031476166754042e-13
325.47487629527393,-46.58243962735373,13.000000000000004,5.326233347344199,-5.929423513513598,-2.694645481559148e-13
325.46163760976054,-46.578278321320624,13.000000000000002,5.325149565833662,-5.929931758610609,-3.031476166754042e-13
325.44840088870734,-46.574115584142696,13.000000000000004,5.3240658176081235,-5.930439443292518,-3.705137537143829e-13
325.43516613219344,-46.56995141625926,13.000000000000004,5.322982102885558,-5.930946567559966,-4.3787989075336156e-13
325.4219333402973,-46.565785818109646,13.000000000000007,5.321898421883831,-5.931453131413732,-2.3578147963642546e-13
325.4087025130966,-46.561618790133174,13.000000000000005,5.32081477482068,-5.931959134854743,-2.694645481559148e-13
325.39547365066863,-46.55745033276913,13.000000000000002,5.319731161913744,-5.932464577884048,-4.715629592728509e-13
325.38224675309,-46.55328044645683,13.000000000000004,5.31864758338054,-5.932969460502826,-4.3787989075336156e-13
325.3690218204367,-46.54910913163555,13.000000000000004,5.3175640394384756,-5.933473782712408,-3.705137537143829e-13
325.35579885278423,-46.544936388744524,13.000000000000002,5.316480530304841,-5.933977544514251,-3.031476166754042e-13
