galstreams/tracks/track.st.Jhelum-a.bonaca2019.ecsv
# %ECSV 0.9
# ---
# datatype:
# - {name: ra, unit: deg, datatype: float64}
# - {name: dec, unit: deg, datatype: float64}
# - {name: distance, unit: kpc, datatype: float64}
# - {name: pm_ra_cosdec, unit: mas / yr, datatype: float64}
# - {name: pm_dec, unit: mas / yr, datatype: float64}
# - {name: radial_velocity, unit: km / s, datatype: float64}
# delimiter: ','
# meta: !!omap
# - __serialized_columns__:
#     dec:
#       __class__: astropy.coordinates.angles.Latitude
#       unit: &id001 !astropy.units.Unit {unit: deg}
#       value: !astropy.table.SerializedColumn {name: dec}
#     distance:
#       __class__: astropy.coordinates.distances.Distance
#       unit: !astropy.units.Unit {unit: kpc}
#       value: !astropy.table.SerializedColumn {name: distance}
#     pm_dec:
#       __class__: astropy.units.quantity.Quantity
#       unit: !astropy.units.Unit {unit: mas / yr}
#       value: !astropy.table.SerializedColumn {name: pm_dec}
#     pm_ra_cosdec:
#       __class__: astropy.units.quantity.Quantity
#       unit: !astropy.units.Unit {unit: mas / yr}
#       value: !astropy.table.SerializedColumn {name: pm_ra_cosdec}
#     ra:
#       __class__: astropy.coordinates.angles.Longitude
#       unit: *id001
#       value: !astropy.table.SerializedColumn {name: ra}
#       wrap_angle: !astropy.coordinates.Angle
#         unit: *id001
#         value: 360.0
#     radial_velocity:
#       __class__: astropy.units.quantity.Quantity
#       unit: !astropy.units.Unit {unit: km / s}
#       value: !astropy.table.SerializedColumn {name: radial_velocity}
# schema: astropy-2.0
ra,dec,distance,pm_ra_cosdec,pm_dec,radial_velocity
7.304192757587471,-52.201367503208964,13.000000000000044,9.618537865316933,-5.766987781711634,78.82847649124298
7.059445810332692,-52.21684838047253,13.000000000000039,9.608032986558026,-5.794624791789387,78.54418836925487
6.8145364423567285,-52.23185150723305,13.000000000000043,9.59736519893421,-5.8222970925049715,78.25945377673982
6.569469572716417,-52.246376293226916,13.000000000000039,9.586534581620489,-5.850002705562208,77.97427466533118
6.324250144932678,-52.260422166168354,13.00000000000004,9.575541232817564,-5.877739648415671,77.68865299024677
6.078883126278398,-52.273988571855966,13.000000000000036,9.564385269804543,-5.905505934592843,77.40259071027461
5.833373507058315,-52.287074974275995,13.000000000000036,9.553066828985939,-5.933299574018401,77.11608978775837
5.587726299878864,-52.29968085570258,13.000000000000034,9.541586065932863,-5.96111857334086,76.82915218858358
5.341946538911241,-52.31180571679472,13.000000000000034,9.52994315541848,-5.988960936260999,76.54177988216324
5.096039279144699,-52.32344907669009,13.000000000000032,9.51813829144745,-6.016824663862407,76.25397484142331
4.850009595633592,-52.33461047309545,13.00000000000003,9.50617168727968,-6.044707754943517,75.96573904278881
4.603862582735285,-52.345289462373984,13.000000000000032,9.494043575447911,-6.072608206351476,75.67707446616951
4.357603353342176,-52.35548561962896,13.00000000000003,9.481754207769537,-6.100524013317241,75.38798309494578
4.111237038105212,-52.36519853878426,13.00000000000003,9.469303855352278,-6.128453169792209,75.09846691595389
3.8647687846521257,-52.37442783266142,13.000000000000028,9.456692808593932,-6.1563936687857845,74.80852791947241
3.6182037567976164,-52.3831731330531,13.00000000000003,9.443921377175991,-6.184343502704186,74.51816809920766
3.371547133748879,-52.39143409079318,13.000000000000027,9.430989890051315,-6.212300663689911,74.22738945227944
3.1248041093036565,-52.39921037582334,13.000000000000027,9.41789869542557,-6.240263143962126,73.93619397920688
2.877979891044215,-52.40650167725595,13.000000000000027,9.404648160732751,-6.268228936157435,73.64458368389414
2.6310796995244714,-52.41330770343356,13.000000000000025,9.391238672604445,-6.296196033671253,73.35256057361626
2.38410876745362,-52.419628181984585,13.000000000000027,9.377670636833162,-6.324162430999259,73.06012665900506
2.137072338873505,-52.42546285987553,13.000000000000021,9.363944478329419,-6.352126124079184,72.76728395403428
1.8899756683331685,-52.430811503459466,13.000000000000023,9.350060641072849,-6.3800851106323275,72.47403447600638
1.6428240200577418,-52.43567389852082,13.000000000000021,9.336019588057146,-6.408037390505129,72.18038024553726
1.395622667115093,-52.44004985031649,13.000000000000021,9.321821801229033,-6.435980966010176,71.88632328654286
1.148376890577571,-52.44393918361323,13.00000000000002,9.30746778142105,-6.463913842266928,71.59186562622409
0.9010919786820518,-52.44734174272131,13.000000000000018,9.292958048278459,-6.491834027541607,71.29700929505344
0.6537732259857484,-52.450257391524396,13.000000000000018,9.27829314017999,-6.519739533586475,71.00175632676027
0.406425932521025,-52.452686013505705,13.000000000000016,9.263473614152769,-6.547628375977979,70.70610875831666
0.15905540294653805,-52.45462751177034,13.000000000000018,9.248500045781116,-6.575498574453995,70.41006862992319
359.9116669456982,-52.45608180906383,13.000000000000016,9.233373029109636,-6.603348153249621,70.11363798499464
359.6642658721368,-52.45704884778694,13.000000000000016,9.218093176540211,-6.631175141431768,69.81681887014601
359.41685749569666,-52.45752859000662,13.000000000000016,9.202661118723404,-6.658977573232008,69.51961333517775
359.1694471310312,-52.45752101746314,13.000000000000012,9.187077504443838,-6.686753488377914,69.22202343306213
358.92204009316004,-52.45702613157342,13.000000000000014,9.171343000500075,-6.714500932422368,68.92405121992904
358.6746416966141,-52.456043953430616,13.000000000000016,9.155458291578592,-6.742217957071089,68.62569875505056
358.42725725458314,-52.45457452379974,13.000000000000012,9.139424080122376,-6.769902620507778,68.3269681008287
358.1798920780611,-52.45261790310967,13.000000000000012,9.123241086193698,-6.797552987717237,68.02786132277929
357.93255147499474,-52.45017417144112,13.000000000000012,9.106910047331658,-6.8251671308058555,67.72838048951876
357.68524074943196,-52.44724342851103,13.00000000000001,9.090431718404062,-6.852743129319691,67.42852767275004
357.43796520067264,-52.443825793653005,13.00000000000001,9.073806871454162,-6.8802790705597205,67.1283049472476
357.19073012242,-52.43992140579403,13.00000000000001,9.057036295541927,-6.907773049894409,66.82771439084372
356.9435408019361,-52.43553042342741,13.000000000000009,9.04012079658027,-6.935223171069119,66.52675808441379
356.69640251919776,-52.43065302458192,13.000000000000007,9.02306119716603,-6.962627546512584,66.22543811186337
356.4493205460569,-52.425289406787236,13.000000000000009,9.005858336406007,-6.98998429764006,65.9237565601116
356.2023001454034,-52.41943978703559,13.000000000000007,8.988513069738008,-7.0172915551531325,65.62171551907979
355.95534657033147,-52.413104401739794,13.000000000000009,8.971026268747073,-7.044547459336027,65.31931708167511
355.70846506330946,-52.40628350668739,13.000000000000007,8.953398820976824,-7.071750160348383,65.01656334377616
355.46166085535515,-52.39897737699137,13.000000000000005,8.935631629736363,-7.098897818514114,64.71345640422147
355.21493916521376,-52.39118630703706,13.000000000000007,8.917725613902356,-7.125988604606653,64.40999836479185
354.9683051985418,-52.38291061042535,13.000000000000004,8.899681707716821,-7.153020700130083,64.10619133019809
354.7217641470959,-52.37415061991253,13.000000000000004,8.881500860580505,-7.17999229759618,63.802037408066845
354.47532118792606,-52.36490668734628,13.000000000000004,8.863184036841929,-7.20690160079741,63.49753870892463
354.22898148257656,-52.35517918359835,13.000000000000007,8.844732215582454,-7.233746825075416,63.19269734618643
353.98275017629027,-52.344968498493515,13.000000000000004,8.826146390397122,-7.260526197585372,62.88751543613886
353.73663239722146,-52.3342750407352,13.000000000000005,8.807427569171706,-7.287237957555564,62.58199509792682
353.4906332556536,-52.32309923782756,13.000000000000002,8.788576773855866,-7.313880356542638,62.27613845353991
353.2447578432254,-52.31144153599422,13.0,8.769595040232717,-7.340451658681923,61.969947627797794
352.9990112321618,-52.299302400093495,13.0,8.75048341768466,-7.366950140933211,61.66342474833486
352.7533984745155,-52.286682313530434,13.000000000000002,8.731242968955984,-7.39337409332142,61.35657194558818
352.5079246014125,-52.273581778165415,13.0,8.711874769911887,-7.41972181917259,61.049391352781214
352.2625946223088,-52.26000131421958,13.0,8.692379909294521,-7.445991635344558,60.741885105910576
352.0174135242529,-52.24594146017694,13.0,8.672759488475775,-7.472181872452786,60.43405534373198
351.7723862711583,-52.23140277268344,13.0,8.653014621207259,-7.498290875090824,60.12590420774546
351.5275178030834,-52.216385826442675,12.999999999999998,8.633146433367289,-7.524317002045662,59.8174338421813
351.2828130355215,-52.200891214108765,13.0,8.613156062705366,-7.550258626507643,59.5086463939856
351.03827685869857,-52.184919546175976,13.0,8.593044658583894,-7.576114136275136,59.199544012806676
350.7939141368821,-52.16847145086545,12.999999999999998,8.572813381717644,-7.6018819339536385,58.89012885098027
350.54972970769785,-52.15154757400892,13.0,8.552463403910739,-7.627560437149504,58.58040306351593
350.30572838145724,-52.13414857892964,12.999999999999998,8.531995907791615,-7.653148078658077,58.27036880808114
350.0619149404948,-52.11627514632029,12.999999999999998,8.511412086545795,-7.678643306646237,57.96002824498988
349.81829413851557,-52.097927974118235,12.999999999999998,8.490713143646898,-7.70404458482933,57.649383537185074
349.5748706999527,-52.07910777737794,12.999999999999998,8.469900292585741,-7.729350392642439,57.33843685022769
349.3316493193364,-52.05981528814082,12.999999999999998,8.448974756597893,-7.754559225405917,57.02719035227963
349.0886346606726,-52.040051255302224,12.999999999999998,8.427937768389633,-7.779669594485224,56.71564621409143
348.8458313568335,-52.019816444476135,12.999999999999998,8.406790569862636,-7.804680027444947,56.40380660898698
348.60324400895854,-51.999111637857034,13.000000000000002,8.385534411837284,-7.82958906819709,56.09167371285031
348.360877185867,-51.97793763407958,12.999999999999998,8.36417055377499,-7.854395277143498,55.77924970410959
348.118735423482,-51.95629524807565,12.999999999999998,8.342700263499426,-7.8790972313124925,55.46653676372481
347.8768232242659,-51.934185310929195,12.999999999999998,8.321124816917024,-7.903693524489601,55.1535370751726
347.63514505666717,-51.91160866972866,12.999999999999996,8.299445497736624,-7.928182767342564,54.84025282443165
347.3937053545803,-51.88856618741728,12.999999999999996,8.27766359718868,-7.95256358754027,54.52668619997016
347.1525085168154,-51.86505874264116,12.999999999999996,8.255780413743846,-7.9768346298660955,54.212839392729066
346.91155890658246,-51.84108722959522,12.999999999999996,8.233797252831438,-8.000994556325125,53.89871459610997
346.6708608509856,-51.816652557867044,12.999999999999996,8.211715426557447,-8.025042046245707,53.58431400595941
346.4304186405312,-51.79175565227897,12.999999999999996,8.189536253422736,-8.04897579637503,53.26963982055579
346.1902365286471,-51.76639745272785,12.999999999999996,8.167261058041074,-8.072794520968966,52.95469424059476
345.95031873121553,-51.74057891402339,12.999999999999996,8.144891170857505,-8.096496951875979,52.63947946917466
345.710669426117,-51.71430100572423,12.999999999999996,8.122427927866884,-8.120081838615349,52.32399771178238
345.4712927527888,-51.68756471197273,12.999999999999996,8.099872670332985,-8.143547948449482,52.00825117627933
345.2321928117939,-51.66037103132771,12.999999999999996,8.077226744507975,-8.166894066450599,51.69224207288723
344.99337366440454,-51.632720976595806,12.999999999999998,8.054491501352734,-8.190118995561534,51.375972614173556
344.7548393321973,-51.604615574661075,12.999999999999996,8.031668296257784,-8.213221556651003,51.05944501503743
344.51659379666194,-51.57605586631337,12.999999999999998,8.008758488765244,-8.23620058856302,50.742661492696044
344.27864099882197,-51.54704290607503,12.999999999999996,7.985763442291745,-8.259054948160838,50.42562426666953
344.0409848388689,-51.51757776202629,12.999999999999998,7.96268452385237,-8.281783510365244,50.10833555876644
343.8036291758097,-51.48766151562956,12.999999999999998,7.939523103786043,-8.304385168187206,49.79079759307121
343.5665778271256,-51.45729526155214,12.999999999999996,7.916280555481998,-8.32685883275523,49.473012595927955
343.3298345684462,-51.426480107488054,12.999999999999996,7.892958255107921,-8.349203433336992,49.154982795927694
343.0934031332338,-51.395217173978615,12.999999999999996,7.869557581339432,-8.371417917355831,48.83671042389305
342.857287212483,-51.36350759423201,12.999999999999996,7.846079915091421,-8.393501250401641,48.51819771286485
342.6214904544317,-51.331352513941866,12.999999999999996,7.8225266392509445,-8.415452416236679,48.19944689808745
342.3860164642855,-51.29875309110486,12.999999999999996,7.798899138412081,-8.437270416795977,47.88046021699428
342.15086880395495,-51.26571049583756,12.999999999999998,7.77519879861272,-8.458954272182632,47.56123990919467
341.9160509918057,-51.23222591019245,12.999999999999996,7.751427007073304,-8.480503020658023,47.241788216458
341.68156650242105,-51.1983005279731,12.999999999999996,7.727585151937806,-8.501915718626865,46.92210738270118
341.4474187663774,-51.16393555454881,12.999999999999996,7.703674622016786,-8.523191440617396,46.60219965397246
341.213611170033,-51.12913220666851,12.999999999999998,7.679696806532913,-8.544329279256543,46.282067278439456
340.98014705532813,-51.093891712274264,12.999999999999998,7.655653094868673,-8.565328345240319,45.961712506373125
340.7470297195988,-51.05821531031411,13.000000000000002,7.631544876316688,-8.586187767299391,45.641137590134385
340.5142624154027,-51.022104250554555,12.999999999999996,7.607373539832501,-8.60690669215999,45.32034478415942
340.28184835035717,-50.98555979339269,12.999999999999998,7.583140473789968,-8.627484284500134,44.99933634494582
340.0497906869902,-50.94858320966803,12.999999999999998,7.558847065739387,-8.647919726901392,44.67811453103846
339.8180925426032,-50.91117578047388,12.999999999999998,7.534494702168325,-8.668212219796073,44.35668160301468
339.586756989146,-50.873338796968845,12.999999999999996,7.510084768265303,-8.688360981410138,44.035039823470534
339.3557870531039,-50.83507356018792,13.0,7.485618647686319,-8.708365247701693,43.713191457006296
339.12518571539704,-50.79638138085358,13.0,7.46109772232443,-8.728224272295357,43.391138770212514
338.8949559112911,-50.757263579186805,12.999999999999998,7.436523372082188,-8.747937326412424,43.06888403165542
338.6651005303204,-50.71772148471827,13.0,7.4118969746473065,-8.767503698796968,42.74642951186349
338.43562241622186,-50.67775643609931,13.0,7.387219905271303,-8.786922695638049,42.42377748331169
338.206524366881,-50.637369780913374,13.0,7.3624935365514,-8.806193640487946,42.100930220408394
337.9778091342897,-50.596562875487386,13.0,7.337719238215656,-8.825315874176647,41.77788999948131
337.7494794245142,-50.555337084703424,13.0,7.312898376911289,-8.844288754722626,41.454659098762555
337.5215378976754,-50.51369378181075,13.000000000000002,7.2880323159964036,-8.863111657239987,41.1312397983747
337.2939871679392,-50.47163434823807,13.000000000000002,7.263122415335011,-8.881783973842108,40.80763438031694
337.0668298035185,-50.42916017340618,13.0,7.238170031095465,-8.900305113541812,40.483845128449694
336.8400683266855,-50.38627265454117,13.000000000000002,7.213176515552319,-8.918674502148212,40.15987432848174
336.6137052137949,-50.342973196487975,13.000000000000002,7.188143216891674,-8.936891582160325,39.835724267955435
336.3877428953169,-50.29926321152443,13.000000000000004,7.163071479019977,-8.95495581265746,39.51139723623153
336.16218375588176,-50.25514411917609,13.000000000000002,7.137962641376392,-8.97286666918657,39.186895524477094
335.9370301343331,-50.21061734603138,13.000000000000004,7.112818038748689,-8.990623643646655,38.86222142564928
335.71228432379223,-50.165684325557685,13.000000000000005,7.0876390010927155,-9.008226244170206,38.53737723448205
335.48794857173186,-50.12034649791795,13.000000000000004,7.062426853355463,-9.025673995001924,38.21236524747118
335.2640250800597,-50.0746053097881,13.000000000000004,7.037182915301768,-9.042966436374638,37.88718776286153
335.04051600521126,-50.02846221417526,13.000000000000005,7.011908501344616,-9.060103124382742,37.56184708063125
334.81742345825256,-49.98191867023676,13.000000000000004,6.986604920379115,-9.077083630852991,37.236345502478045
334.5947495049916,-49.934976143100016,13.000000000000005,6.961273475620119,-9.093907543212913,36.91068533180521
334.37249616609887,-49.887636103683384,13.000000000000007,6.935915464443511,-9.110574464356889,36.58486887370728
334.15066541723706,-49.83990002851784,13.000000000000007,6.9105321782312075,-9.127084012509979,36.25889843495569
333.92925918919923,-49.7917693995697,13.000000000000007,6.88512490221977,-9.14343582108955,35.932776323984484
333.7082793680554,-49.74324570406444,13.00000000000001,6.859694915352781,-9.159629538564904,35.60650485087634
333.4877277953078,-49.69433043431138,13.00000000000001,6.8342434901368705,-9.175664828314865,35.28008632734843
333.26760626805395,-49.645025087529596,13.000000000000009,6.808771892501393,-9.191541368483499,34.953523066736814
333.04791653915805,-49.59533116567495,13.000000000000007,6.783281381661894,-9.207258851834027,34.626817383984616
332.82866031743004,-49.54525017526815,13.000000000000009,6.757773209987141,-9.222816985600993,34.29997159562597
