galstreams/tracks/track.st.Gaia-6.ibata2024.ecsv
# %ECSV 1.0
# ---
# datatype:
# - {name: ra, unit: deg, datatype: float64}
# - {name: dec, unit: deg, datatype: float64}
# - {name: distance, unit: kpc, datatype: float64}
# - {name: pm_ra_cosdec, unit: mas / yr, datatype: float64}
# - {name: pm_dec, unit: mas / yr, datatype: float64}
# - {name: radial_velocity, unit: km / s, datatype: float64}
# delimiter: ','
# meta: !!omap
# - __serialized_columns__:
#     dec:
#       __class__: astropy.coordinates.angles.Latitude
#       unit: &id001 !astropy.units.Unit {unit: deg}
#       value: !astropy.table.SerializedColumn {name: dec}
#     distance:
#       __class__: astropy.coordinates.distances.Distance
#       unit: !astropy.units.Unit {unit: kpc}
#       value: !astropy.table.SerializedColumn {name: distance}
#     pm_dec:
#       __class__: astropy.units.quantity.Quantity
#       unit: !astropy.units.Unit {unit: mas / yr}
#       value: !astropy.table.SerializedColumn {name: pm_dec}
#     pm_ra_cosdec:
#       __class__: astropy.units.quantity.Quantity
#       unit: !astropy.units.Unit {unit: mas / yr}
#       value: !astropy.table.SerializedColumn {name: pm_ra_cosdec}
#     ra:
#       __class__: astropy.coordinates.angles.Longitude
#       unit: *id001
#       value: !astropy.table.SerializedColumn {name: ra}
#       wrap_angle: !astropy.coordinates.Angle
#         unit: *id001
#         value: 360.0
#     radial_velocity:
#       __class__: astropy.units.quantity.Quantity
#       unit: !astropy.units.Unit {unit: km / s}
#       value: !astropy.table.SerializedColumn {name: radial_velocity}
# schema: astropy-2.0
ra,dec,distance,pm_ra_cosdec,pm_dec,radial_velocity
[from data line 282]
207.07979703720218,27.862217856981264,1.0000000000000007,-8.890074983861666,-9.618274589051278,-328.94155512079334
207.0875682790258,27.869604832181462,1.0000000000000004,-8.888693910759148,-9.615644260127823,-328.49199400761836
207.09534321041068,27.876988496953388,1.0000000000000002,-8.88731462681034,-9.61301538811512,-328.0437245316926
207.10312182828224,27.884368854349454,1.0000000000000004,-8.885937130232865,-9.610387970699634,-327.59674525379603
207.11090412956548,27.89174590742244,1.0000000000000004,-8.884561419243813,-9.607762005568183,-327.15105473470913
207.11869011118483,27.899119659225477,1.0000000000000004,-8.883187492059822,-9.605137490407877,-326.706651535212
207.1264797700644,27.906490112812047,1.0000000000000004,-8.881815346896904,-9.602514422906175,-326.2635342160849
207.1342731031278,27.913857271235983,1.0000000000000004,-8.88044498197059,-9.59989280075088,-325.8217013381081
207.14207010729817,27.921221137551477,1.0000000000000004,-8.879076395495883,-9.597272621630072,-325.3811514620618
207.1498707794982,27.92858171481308,1.0000000000000004,-8.877709585687263,-9.594653883232219,-324.94188314872633
207.1576751166501,27.935939006075692,1.0000000000000007,-8.876344550758724,-9.592036583246077,-324.503894958882
207.16548311567578,27.943293014394577,1.0000000000000004,-8.874981288923632,-9.589420719360731,-324.06718545330864
207.17329477349656,27.950643742825363,1.0000000000000004,-8.873619798394884,-9.58680628926562,-323.631753192787
207.18111008703335,27.95799119442402,1.0000000000000004,-8.872260077384862,-9.58419329065051,-323.19759673809705
207.18892905320666,27.96533537224691,1.0000000000000004,-8.870902124105424,-9.581581721205445,-322.764714650019
207.19675166893654,27.97267627935071,1.0000000000000004,-8.869545936767832,-9.578971578620887,-322.3331054893335
207.20457793114255,27.9800139187925,1.0000000000000004,-8.868191513582925,-9.576362860587572,-321.9027678168202
207.21240783674386,27.987348293629722,1.0000000000000004,-8.866838852760914,-9.573755564796546,-321.4737001932596
207.22024138265925,27.99467940692016,1.0000000000000002,-8.865487952511543,-9.571149688939222,-321.0459011794319
207.22807856580695,28.002007261721968,1.0000000000000004,-8.864138811044004,-9.568545230707347,-320.61936933611764
207.23591938310483,28.009331861093685,1.0000000000000004,-8.862791426566972,-9.565942187792984,-320.19410322409675
207.24376383147032,28.016653208094198,1.0000000000000004,-8.861445797288585,-9.563340557888559,-319.7701014041495
207.2516119078204,28.02397130578278,1.0000000000000004,-8.860101921416462,-9.560740338686735,-319.34736243705623
207.25946360907164,28.031286157219046,1.0000000000000007,-8.858759797157656,-9.558141527880629,-318.9258848835971
207.26731893214014,28.038597765463017,1.0000000000000004,-8.857419422718738,-9.555544123163621,-318.5056673045523
207.2751778739416,28.045906133575045,1.0000000000000004,-8.856080796305736,-9.552948122229449,-318.0867082607023
207.28304043139127,28.053211264615896,1.0000000000000004,-8.85474391612414,-9.550353522772145,-317.6690063128271
207.290906601404,28.060513161646668,1.0000000000000004,-8.853408780378903,-9.54776032248612,-317.252560021707
207.29877638089425,28.067811827728868,1.0000000000000004,-8.852075387274464,-9.545168519066102,-316.83736794812245
207.30664976677596,28.075107265924355,1.0000000000000004,-8.8507437350147,-9.542578110207153,-316.4234286528535
207.3145267559627,28.082399479295375,1.0000000000000004,-8.849413821803019,-9.539989093604653,-316.0107406966804
207.32240734536762,28.089688470904544,1.0000000000000004,-8.848085645842229,-9.537401466954332,-315.59930264038326
207.33029153190347,28.09697424381486,1.0000000000000004,-8.846759205334667,-9.534815227952247,-315.18911304474267
207.3381793124825,28.104256801089697,1.0000000000000004,-8.84543449848206,-9.532230374294826,-314.78017047053856
207.3460706840166,28.111536145792805,1.0000000000000004,-8.844111523485726,-9.52964690367877,-314.3724734785514
207.3539656434173,28.118812280988326,1.0000000000000004,-8.842790278546317,-9.52706481380115,-313.96602062956117
207.36186418759556,28.12608520974077,1.0000000000000004,-8.841470761864048,-9.524484102359384,-313.5608104843484
207.36976631346207,28.133354935115033,1.0000000000000004,-8.840152971638588,-9.521904767051211,-313.1568416036932
207.377672017927,28.1406214601764,1.0000000000000004,-8.838836906069012,-9.519326805574686,-312.7541125483757
207.38558129790025,28.14788478799055,1.0000000000000004,-8.837522563353918,-9.516750215628225,-312.3526218791764
207.39349415029113,28.155144921623503,1.0000000000000004,-8.836209941691372,-9.51417499491059,-311.95236815687537
207.40141057200867,28.162401864141707,1.0000000000000004,-8.834899039278884,-9.511601141120881,-311.5533499422529
207.4093305599614,28.169655618611994,1.0000000000000004,-8.833589854313463,-9.509028651958474,-311.15556579608904
207.41725411105753,28.176906188101572,1.0000000000000004,-8.83228238499155,-9.50645752512317,-310.7590142791642
207.4251812222048,28.18415357567803,1.0000000000000004,-8.83097662950906,-9.503887758315056,-310.3636939522588
207.43311189031058,28.191397784409375,1.0000000000000004,-8.82967258606136,-9.501319349234556,-309.9696033761529
207.44104611228184,28.198638817363967,1.0000000000000004,-8.828370252843353,-9.498752295582488,-309.57674111162663
207.4489838850251,28.205876677610593,1.0000000000000004,-8.827069628049333,-9.49618659505991,-309.18510571946047
207.45692520544645,28.21311136821839,1.0000000000000004,-8.825770709873108,-9.493622245368329,-308.79469576043454
207.46487007045175,28.220342892256948,1.0000000000000004,-8.824473496507903,-9.491059244209513,-308.405509795329
207.4728184769463,28.227571252796192,1.0000000000000004,-8.823177986146444,-9.488497589285604,-308.01754638492423
207.480770421835,28.234796452906487,1.0000000000000004,-8.82188417698093,-9.485937278299055,-307.6308040900005
207.48872590202245,28.242018495658566,1.0000000000000004,-8.820592067202984,-9.483378308952709,-307.2452814713379
207.4966849144128,28.249237384123564,1.0000000000000004,-8.81930165500373,-9.480820678949712,-306.8609770897167
207.5046474559098,28.256453121373028,1.0000000000000002,-8.818012938573766,-9.478264385993569,-306.4778895059173
207.51261352341686,28.26366571047889,1.0000000000000002,-8.816725916103103,-9.475709427788082,-306.09601728071976
207.5205831138369,28.27087515451349,1.0,-8.815440585781257,-9.473155802037475,-305.71535897490446
207.52855622407253,28.27808145654955,1.0000000000000002,-8.814156945797201,-9.470603506446242,-305.33591314925155
207.53653285102592,28.285284619660228,1.0000000000000002,-8.812874994339388,-9.46805253871928,-304.95767836454127
207.5445129915989,28.292484646919057,1.0000000000000002,-8.8115947295957,-9.465502896561745,-304.5806531815539
207.55249664269292,28.299681541399977,1.0,-8.81031614975349,-9.462954577679248,-304.20483616106964
207.56048380120893,28.306875306177357,1.0000000000000002,-8.809039252999604,-9.46040757977762,-303.83022586386886
207.56847446404768,28.314065944325925,1.0000000000000002,-8.807764037520311,-9.457861900563152,-303.4568208507317
207.57646862810935,28.321253458920854,1.0000000000000002,-8.806490501501369,-9.45531753774241,-303.0846196824384
207.5844662902939,28.32843785303772,1.0000000000000002,-8.805218643128004,-9.452774489022314,-302.71362091976937
207.59246744750075,28.335619129752494,1.0000000000000002,-8.803948460584898,-9.450232752110114,-302.3438231235044
207.60047209662912,28.342797292141555,1.0000000000000002,-8.802679952056131,-9.447692324713458,-301.97522485442425
207.60848023457768,28.349972343281717,1.0000000000000002,-8.801413115725378,-9.445153204540297,-301.60782467330887
207.61649185824479,28.35714428625016,1.0000000000000002,-8.80014794977567,-9.44261538929895,-301.24162114093855
207.6245069645285,28.36431312412454,1.0000000000000002,-8.79888445238953,-9.440078876698038,-300.8766128180936
207.63252555032645,28.371478859982854,1.0000000000000002,-8.797622621748936,-9.4375436644466,-300.5127982655542
207.64054761253578,28.378641496903573,1.0000000000000002,-8.796362456035347,-9.435009750253943,-300.15017604410065
207.64857314805346,28.38580103796554,1.0000000000000002,-8.795103953429653,-9.432477131829788,-299.78874471451314
207.65660215377594,28.39295748624805,1.0,-8.793847112112264,-9.429945806884163,-299.42850283757195
207.66463462659937,28.400110844830778,1.0,-8.792591930262976,-9.427415773127457,-299.0694489740574
207.6726705634195,28.40726111679384,1.0000000000000002,-8.791338406061087,-9.424887028270419,-298.71158168474955
207.68070996113175,28.41440830521777,1.0,-8.790086537685323,-9.422359570024124,-298.35489953042855
207.68875281663117,28.421552413183523,1.0000000000000002,-8.788836323313923,-9.419833396099982,-297.999401071875
207.69679912681238,28.428693443772445,1.0000000000000002,-8.787587761124549,-9.417308504209824,-297.6450848698691
207.7048488885697,28.435831400066352,1.0000000000000002,-8.78634084929433,-9.414784892065747,-297.29194948519074
207.7129020987971,28.442966285147445,1.0000000000000002,-8.785095585999851,-9.412262557380245,-296.9399934786205
207.72095875438814,28.450098102098362,1.0000000000000002,-8.783851969417153,-9.40974149786613,-296.5892154109384
207.72901885223604,28.45722685400217,1.0000000000000002,-8.782609997721764,-9.407221711236609,-296.2396138429249
207.73708238923368,28.464352543942333,1.0000000000000002,-8.781369669088612,-9.404703195205215,-295.89118733536003
207.7451493622736,28.471475175002784,1.0000000000000002,-8.780130981692132,-9.402185947485812,-295.54393444902416
207.75321976824787,28.47859475026785,1.0000000000000002,-8.778893933706229,-9.39966996579264,-295.19785374469745
207.76129360404838,28.485711272822293,1.0000000000000002,-8.777658523304211,-9.397155247840324,-294.8529437831603
207.7693708665665,28.49282474575132,1.0000000000000002,-8.776424748658908,-9.39464179134374,-294.50920312519276
207.7774515526934,28.49993517214055,1.0000000000000002,-8.775192607942525,-9.392129594018233,-294.1666303315752
207.7855356593198,28.50704255507604,1.0000000000000002,-8.773962099326798,-9.389618653579415,-293.8252239630878
207.79362318333608,28.51414689764426,1.0000000000000002,-8.772733220982914,-9.387108967743323,-293.4849825805108
207.80171412163233,28.521248202932163,1.0000000000000002,-8.771505971081442,-9.384600534226252,-293.14590474462466
207.8098084710982,28.528346474027067,1.0000000000000002,-8.770280347792543,-9.38209335074497,-292.80798901620926
207.8179062286231,28.535441714016773,1.0000000000000002,-8.769056349285677,-9.379587415016488,-292.471233956045
207.826007391096,28.54253392598951,1.0000000000000002,-8.767833973729882,-9.377082724758239,-292.1356381249122
207.83411195540563,28.54962311303393,1.0000000000000002,-8.766613219293596,-9.37457927768801,-291.801200083591
207.84221991844024,28.556709278239122,1.0000000000000002,-8.765394084144742,-9.372077071523897,-291.4679183928617
207.85033127708795,28.56379242469463,1.0000000000000002,-8.764176566450615,-9.369576103984407,-291.1357916135046
207.8584460282363,28.57087255549042,1.0000000000000002,-8.762960664378127,-9.367076372788368,-290.8048183062997
207.86656416877264,28.577949673716905,1.0000000000000002,-8.761746376093477,-9.364577875654959,-290.4749970320275
207.874685695584,28.585023782464948,1.0000000000000002,-8.760533699762409,-9.362080610303753,-290.1463263514681
207.88281060555698,28.592094884825833,1.0,-8.759322633550099,-9.35958457445465,-289.81880482540186
207.8909388955779,28.599162983891304,1.0000000000000002,-8.758113175621208,-9.35708976582793,-289.49243101460894
207.89907056253278,28.606228082753532,1.0000000000000002,-8.756905324139787,-9.354596182144192,-289.1672034798696
207.90720560330726,28.613290184505164,1.0000000000000002,-8.755699077269366,-9.352103821124416,-288.8431207819641
207.91534401478663,28.62034929223926,1.0000000000000002,-8.754494433173011,-9.349612680489969,-288.52018148167264
207.92348579385595,28.627405409049334,1.0000000000000002,-8.753291390013086,-9.347122757962534,-288.19838413977544
207.93163093739983,28.63445853802936,1.0000000000000002,-8.752089945951546,-9.34463405126418,-287.87772731705286
207.93977944230264,28.64150868227375,1.0000000000000002,-8.750890099149746,-9.34214655811731,-287.55820957428494
207.94793130544844,28.648555844877365,1.0,-8.749691847768464,-9.339660276244722,-287.23982947225227
207.95608652372087,28.65560002893552,1.0000000000000002,-8.74849518996798,-9.337175203369561,-286.9225855717347
207.9642450940034,28.662641237543976,1.0000000000000002,-8.74730012390798,-9.334691337215315,-286.6064764335127
207.97240701317895,28.66967947379897,1.0000000000000002,-8.746106647747677,-9.33220867550584,-286.29150061836646
207.9805722781304,28.676714740797145,1.0000000000000002,-8.744914759645628,-9.329727215965363,-285.97765668707626
207.98874088574013,28.68374704163564,1.0000000000000002,-8.743724457759942,-9.32724695631848,-285.66494320042233
207.99691283289025,28.690776379412018,1.0000000000000002,-8.742535740248083,-9.324767894290147,-285.3533587191849
208.00508811646253,28.69780275722434,1.0000000000000002,-8.741348605267088,-9.32229002760565,-285.04290180414415
208.0132667333385,28.704826178171086,1.0000000000000002,-8.74016305097333,-9.319813353990682,-284.73357101608036
208.0214486803993,28.711846645351198,1.0,-8.738979075522696,-9.31733787117129,-284.42536491577374
208.02963395452576,28.718864161864083,1.0000000000000002,-8.737796677070516,-9.314863576873858,-284.1182820640046
208.03782255259853,28.725878730809615,1.0000000000000002,-8.736615853771532,-9.312390468825171,-283.81232102155326
208.04601447149778,28.732890355288127,1.0000000000000002,-8.73543660377997,-9.309918544752342,-283.50748034919985
208.0542097081035,28.739899038400385,1.0000000000000002,-8.734258925249502,-9.307447802382889,-283.2037586077245
208.06240825929532,28.74690478324767,1.0000000000000002,-8.733082816333251,-9.304978239444651,-282.9011543579077
208.0706101219525,28.753907592931686,1.0000000000000002,-8.731908275183802,-9.302509853665867,-282.5996661605295
208.0788152929542,28.76090747055459,1.0000000000000004,-8.730735299953121,-9.300042642775153,-282.2992925763703
208.08702376917904,28.767904419219057,1.0000000000000002,-8.729563888792722,-9.29757660450144,-282.00003216621025
208.09523554750552,28.774898442028185,1.0000000000000002,-8.728394039853494,-9.295111736574064,-281.7018834908295
208.10345062481173,28.781889542085544,1.0000000000000002,-8.727225751285793,-9.292648036722749,-281.4048451110085
208.11166899797556,28.788877722495187,1.0000000000000002,-8.726059021239433,-9.29018550267753,-281.10891558752735
208.1198906638745,28.795862986361627,1.0000000000000002,-8.72489384786369,-9.28772413216883,-280.8140934811663
208.12811561938582,28.802845336789844,1.0000000000000002,-8.723730229307215,-9.285263922927498,-280.52037735270574
208.13634386138648,28.80982477688529,1.0000000000000002,-8.722568163718218,-9.282804872684661,-280.2277657629257
208.14457538675316,28.816801309753895,1.0,-8.721407649244277,-9.280346979171885,-279.9362572726064
208.15281019236227,28.82377493850206,1.0000000000000002,-8.720248684032399,-9.27789024012106,-279.6458504425284
208.16104827508983,28.83074566623665,1.0000000000000002,-8.719091266229118,-9.275434653264476,-279.3565438334717
208.16928963181164,28.83771349606501,1.0000000000000002,-8.717935393980369,-9.272980216334787,-279.06833600621644
208.1775342594033,28.84467843109497,1.0000000000000002,-8.71678106543149,-9.270526927065031,-278.78122552154315
208.18578215473997,28.85164047443482,1.0,-8.715628278727362,-9.268074783188567,-278.49521094023186
208.19403331469664,28.85859962919334,1.0000000000000002,-8.714477032012208,-9.265623782439182,-278.2102908230629
208.20228773614798,28.86555589847977,1.0000000000000002,-8.713327323429791,-9.26317392255103,-277.9264637308165
208.21054541596834,28.872509285403865,1.0000000000000002,-8.712179151123244,-9.260725201258577,-277.6437282242729
