galstreams/tracks/track.st.Kwando.ibata2021.ecsv
# %ECSV 0.9
# ---
# datatype:
# - {name: ra, unit: deg, datatype: float64}
# - {name: dec, unit: deg, datatype: float64}
# - {name: distance, unit: kpc, datatype: float64}
# - {name: pm_ra_cosdec, unit: mas / yr, datatype: float64}
# - {name: pm_dec, unit: mas / yr, datatype: float64}
# - {name: radial_velocity, unit: km / s, datatype: float64}
# delimiter: ','
# meta: !!omap
# - __serialized_columns__:
#     dec:
#       __class__: astropy.coordinates.angles.Latitude
#       unit: &id001 !astropy.units.Unit {unit: deg}
#       value: !astropy.table.SerializedColumn {name: dec}
#     distance:
#       __class__: astropy.coordinates.distances.Distance
#       unit: !astropy.units.Unit {unit: kpc}
#       value: !astropy.table.SerializedColumn {name: distance}
#     pm_dec:
#       __class__: astropy.units.quantity.Quantity
#       unit: !astropy.units.Unit {unit: mas / yr}
#       value: !astropy.table.SerializedColumn {name: pm_dec}
#     pm_ra_cosdec:
#       __class__: astropy.units.quantity.Quantity
#       unit: !astropy.units.Unit {unit: mas / yr}
#       value: !astropy.table.SerializedColumn {name: pm_ra_cosdec}
#     ra:
#       __class__: astropy.coordinates.angles.Longitude
#       unit: *id001
#       value: !astropy.table.SerializedColumn {name: ra}
#       wrap_angle: !astropy.coordinates.Angle
#         unit: *id001
#         value: 360.0
#     radial_velocity:
#       __class__: astropy.units.quantity.Quantity
#       unit: !astropy.units.Unit {unit: km / s}
#       value: !astropy.table.SerializedColumn {name: radial_velocity}
# schema: astropy-2.0
ra,dec,distance,pm_ra_cosdec,pm_dec,radial_velocity
[from data line 1727]
27.92115161328471,-27.5092276188948,7.9341251060401525,-0.1461406916584053,0.026323433694325934,2.6314897280851057e-16
27.92783157800712,-27.51821928205477,7.93130626671876,-0.14634658630508135,0.02666018916509982,8.552341616276593e-16
27.934509333191517,-27.527213637546293,7.928475344706304,-0.14655324959245267,0.026997500976995947,2.6314897280851057e-16
27.94118487664679,-27.536210687854776,7.925632324346875,-0.1467606826945797,0.02733536917147664,6.578724320212764e-16
27.947858206181113,-27.545210435465993,7.922777189984567,-0.14696888678545778,0.02767379378984819,6.578724320212764e-16
27.954529319601896,-27.554212882866135,7.919909925963473,-0.14717786303901723,0.02801277487326135,1.9736172960638291e-16
27.961198214715814,-27.563218032541737,7.917030516627688,-0.14738761262912295,0.02835231246271166,5.262979456170211e-16
27.96786488932882,-27.572225886979783,7.914138946321309,-0.14759813672957414,0.028692406599040165,1.3157448640425528e-16
27.974529341246125,-27.58123644866761,7.9112351993884245,-0.14780943651410405,0.029033057322933646,6.578724320212764e-17
27.981191568272173,-27.59024972009296,7.908319260173134,-0.1480215131563795,0.029374264674925203,4.605107024148935e-16
27.987851568210683,-27.599265703743974,7.905391113019527,-0.14823436783000077,0.02971602869539452,6.578724320212764e-16
27.994509338864624,-27.608284402109167,7.902450742271699,-0.14844800170850111,0.030058349424568313,6.578724320212764e-17
28.001164878036196,-27.617305817677448,7.899498132273744,-0.14866241596534674,0.030401226902521235,-1.9736172960638291e-16
28.007818183526872,-27.6263299529381,7.896533267369758,-0.14887761177393613,0.03074466116917555,1.0525958912340423e-15
28.01446925313735,-27.63535681038084,7.893556131903831,-0.14909359030760008,0.031088652264302265,3.9472345921276583e-16
28.021118084667577,-27.644386392495726,7.89056671022006,-0.14931035273960117,0.0314332002275212,1.3157448640425528e-16
28.027764675916753,-27.65341870177323,7.887564986662537,-0.14952790024313362,0.031778305098301665,-3.289362160106382e-16
28.03440902468328,-27.662453740704187,7.8845509455753575,-0.1497462339913226,0.03212396691596265,3.9472345921276583e-16
28.041051128764842,-27.67149151177984,7.881524571302616,-0.14996535515722476,0.03247018571967368,1.3157448640425528e-16
28.047690985958322,-27.68053201749182,7.878485848188405,-0.1501852649138268,0.032816961548454746,5.920851888191488e-16
28.054328594059857,-27.689575260332127,7.875434760576816,-0.15040596443404636,0.03316429444117727,5.262979456170211e-16
28.060963950864796,-27.698621242793156,7.872371292811947,-0.15062745489073057,0.03351218443656438,1.0525958912340423e-15
28.06759705416773,-27.70766996736768,7.8692954292378925,-0.1508497374566565,0.03386063157319104,4.605107024148935e-16
28.074227901762452,-27.716721436548855,7.866207154198744,-0.15107281330453054,0.03420963588948503,-1.3157448640425528e-16
28.080856491442002,-27.725775652830233,7.863106452038598,-0.15129668360698842,0.03455919742372733,1.1841703776382976e-15
28.087482820998634,-27.734832618705738,7.8599933071015435,-0.15152134953659446,0.03490931621405212,1.0525958912340423e-15
28.094106888223816,-27.74389233666968,7.8568677037316785,-0.15174681226584152,0.03525999229844783,1.9736172960638291e-16
28.10072869090822,-27.752954809216757,7.853729626273097,-0.15197307296715057,0.035611225714757284,5.262979456170211e-16
28.107348226841754,-27.76202003884202,7.850579059069892,-0.15220013281287068,0.03596301650067832,2.6314897280851057e-16
28.113965493813513,-27.771088028040946,7.847415986466157,-0.15242799297527806,0.03631536469376397,7.8944691842553165e-16
28.120580489611832,-27.78015877930935,7.844240392805986,-0.15265665462657663,0.03666827033142326,7.236596752234041e-16
28.12719321202422,-27.789232295143456,7.841052262433474,-0.15288611893889692,0.037021733450921704,7.236596752234041e-16
28.13380365883741,-27.798308578039858,7.837851579692715,-0.15311638708429626,0.03737575408938146,3.9472345921276583e-16
28.140411827837326,-27.807387630495512,7.834638328927801,-0.15334746023475818,0.037730332283782114,7.8944691842553165e-16
28.147017716809103,-27.816469455007788,7.831412494482829,-0.15357933956219233,0.03808546807096093,0.0
28.153621323537056,-27.825554054074395,7.8281740607018895,-0.153812026238434,0.038441161487613576,7.8944691842553165e-16
28.1602226458047,-27.834641430193443,7.82492301192908,-0.15404552143524383,0.03879741257029429,5.262979456170211e-16
28.166821681394772,-27.843731585863424,7.821659332508491,-0.15427982632430765,0.039154221355416845,1.3157448640425528e-16
28.173418428089146,-27.852824523583177,7.818383006784218,-0.15451494207723582,0.03951158787925421,2.6314897280851057e-16
28.180012883668926,-27.861920245851937,7.815094019100359,-0.15475086986556325,0.03986951217793997,7.8944691842553165e-16
28.186605045914384,-27.871018755169324,7.811792353801001,-0.15498761086074916,0.04022799428746841,1.0525958912340423e-15
28.193194912604977,-27.88012005403531,7.808477995230241,-0.1552251662341764,0.04058703424369482,7.8944691842553165e-16
28.199782481519353,-27.88922414495026,7.805150927732173,-0.15546353715715128,0.040946632082336135,0.0
28.206367750435305,-27.898331030414887,7.801811135650893,-0.15570272480090339,0.04130678783897157,1.1841703776382976e-15
28.212950717129853,-27.907440712930313,7.7984586033304915,-0.15594273033658523,0.04166750154904293,5.262979456170211e-16
28.21953137937914,-27.916553194998,7.795093315115064,-0.15618355493527175,0.0420287732478552,1.0525958912340423e-15
28.22610973495852,-27.925668479119796,7.7917152553487075,-0.15642519976796018,0.04239060297057686,5.262979456170211e-16
28.23268578164249,-27.934786567797918,7.788324408375508,-0.1566676660055698,0.0427529907522408,1.1841703776382976e-15
28.23925951720473,-27.943907463534966,7.784920758539567,-0.1569109548189412,0.04311593662774427,1.3157448640425528e-16
28.245830939418074,-27.95303116883389,7.781504290184974,-0.1571550673788366,0.04347944063184973,-2.6314897280851057e-16
28.252400046054504,-27.962157686198015,7.778074987655826,-0.15740000485593889,0.04384350279918528,2.6314897280851057e-16
28.258966834885193,-27.97128701813104,7.774632835296216,-0.15764576842085185,0.04420812316424526,3.9472345921276583e-16
28.265531303680447,-27.98041916713705,7.771177817450239,-0.15789235924409958,0.04457330176139056,1.0525958912340423e-15
28.272093450209752,-27.98955413572045,7.767709918461985,-0.15813977849612595,0.044939038624849145,5.262979456170211e-16
28.278653272241694,-27.998691926386066,7.764229122675551,-0.1583880273472949,0.04530533378871678,1.0525958912340423e-15
28.28521076754407,-28.007832541639065,7.7607354144350325,-0.15863710696788946,0.04567218728695721,1.1841703776382976e-15
28.291765933883784,-28.016975983984963,7.75722877808452,-0.15888701852811182,0.04603959915340298,2.6314897280851057e-16
28.298318769026896,-28.026122255929682,7.753709197968109,-0.15913776319808295,0.04640756942175581,6.578724320212764e-16
28.30486927073861,-28.035271359979482,7.750176658429895,-0.15938934214784212,0.046776098125586994,1.3157448640425528e-16
28.311417436783273,-28.044423298640993,7.7466311438139694,-0.15964175654734694,0.04714518529833822,-1.3157448640425528e-16
28.31796326492436,-28.053578074421214,7.743072638464428,-0.15989500756647262,0.047514830973321875,-1.3157448640425528e-16
28.324506752924478,-28.062735689827505,7.739501126725363,-0.16014909637501182,0.04788503518372131,3.9472345921276583e-16
28.33104789854538,-28.07189614736759,7.735916592940869,-0.16040402414267443,0.04825579796259201,9.21021404829787e-16
28.337586699547945,-28.081059449549553,7.732319021455043,-0.1606597920390871,0.04862711934286146,1.7104683232553186e-15
28.344123153692173,-28.090225598881837,7.728708396611975,-0.16091640123379286,0.04899899935732996,-1.3157448640425528e-16
28.35065725873719,-28.099394597873257,7.725084702755759,-0.16117385289625127,0.049371438038671445,5.262979456170211e-16
28.35718901244125,-28.10856644903298,7.7214479242304925,-0.16143214819583734,0.04974443541943325,6.578724320212764e-16
28.36371841256172,-28.117741154870544,7.717798045380266,-0.16169128830184182,0.050117991532037415,9.21021404829787e-16
28.370245456855084,-28.12691871789583,7.714135050549174,-0.16195127438347062,0.050492106408780664,1.0525958912340423e-15
28.376770143076953,-28.136099140619095,7.710458924081312,-0.16221210760984447,0.05086678008183523,2.6314897280851057e-16
28.383292468982038,-28.145282425550935,7.70676965032077,-0.16247378914999888,0.05124201258324958,1.3157448640425529e-15
28.389812432324167,-28.154468575202333,7.70306721361165,-0.16273632017288303,0.051617803944947895,7.8944691842553165e-16
28.396330030856266,-28.163657592084608,7.699351598298039,-0.16299970184736068,0.051994154198732226,-7.8944691842553165e-16
28.40284526233036,-28.172849478709423,7.695622788724033,-0.16326393534220876,0.052371063376281696,1.0525958912340423e-15
28.4093581244976,-28.182044237588837,7.691880769233727,-0.16352902182611756,0.05274853150915371,5.262979456170211e-16
28.415868615108234,-28.19124187123524,7.6881255241712125,-0.1637949624676903,0.05312655862878417,3.9472345921276583e-16
28.422376731911573,-28.20044238216137,7.684357037880586,-0.16406175843544268,0.053505144766488294,1.5788938368510633e-15
28.42888247265607,-28.209645772880346,7.680575294705938,-0.16432941089780292,0.053884289953460875,9.21021404829787e-16
28.435385835089242,-28.218852045905606,7.676780278991367,-0.16459792102311088,0.05426399422077696,-2.6314897280851057e-16
28.441886816957677,-28.228061203750975,7.672971975080964,-0.1648672899796183,0.05464425759939251,1.5788938368510633e-15
28.4483854160071,-28.237273248930613,7.6691503673188235,-0.165137518935488,0.0550250801201448,1.0525958912340423e-15
28.454881629982285,-28.246488183959038,7.665315440049041,-0.16540860905879382,0.05540646181375271,9.21021404829787e-16
28.461375456627096,-28.255706011351116,7.661467177615709,-0.1656805615175202,0.055788402710817905,-1.3157448640425528e-16
28.467866893684466,-28.264926733622065,7.657605564362922,-0.16595337747956207,0.056170902841824945,1.5788938368510633e-15
28.474355938896426,-28.27415035328746,7.653730584634772,-0.16622705811272415,0.05655396223714186,1.3157448640425529e-15
28.48084259000407,-28.283376872863215,7.649842222775356,-0.16650160458472066,0.056937580927020705,1.4473193504468082e-15
28.48732684474756,-28.29260629486562,7.645940463128763,-0.16677701806317552,0.05732175894159837,-5.262979456170211e-16
28.493808700866122,-28.301838621811257,7.642025290039095,-0.16705329971562108,0.057706496310896624,9.21021404829787e-16
28.500288156098065,-28.311073856217124,7.638096687850439,-0.16733045070949887,0.0580917930648233,7.8944691842553165e-16
28.50676520818075,-28.320312000600516,7.634154640906893,-0.16760847221215838,0.058477649233172356,1.0525958912340423e-15
28.513239854850603,-28.329553057479114,7.63019913355255,-0.16788736539085716,0.058864064845624633,6.578724320212764e-16
28.519712093843104,-28.33879702937091,7.6262301501315015,-0.16816713141276063,0.059251039931748545,0.0
28.526181922892786,-28.34804391879427,7.622247674987844,-0.1684477714449411,0.05963857452100026,7.8944691842553165e-16
28.53264933973324,-28.35729372826789,7.618251692465672,-0.16872928665437822,0.06002666864272481,1.0525958912340423e-15
28.53911434209712,-28.366546460310822,7.614242186909076,-0.16901167820795818,0.060415322326155985,5.262979456170211e-16
28.545576927716102,-28.37580211744243,7.610219142662152,-0.1692949472724734,0.060804535600417646,1.3157448640425528e-16
28.552037094320923,-28.38506070218248,7.606182544068997,-0.16957909501462215,0.061194308494523536,9.21021404829787e-16
28.55849483964136,-28.394322217051023,7.602132375473701,-0.16986412260100878,0.06158464103737846,5.262979456170211e-16
28.56495016140623,-28.403586664568493,7.598068621220361,-0.17015003119814254,0.061975533257778624,7.8944691842553165e-16
28.57140305734338,-28.41285404725564,7.593991265653066,-0.17043682197243776,0.06236698518441207,2.6314897280851057e-16
28.577853525179712,-28.42212436763357,7.589900293115914,-0.17072449609021353,0.06275899684585959,6.578724320212764e-16
28.58430156264113,-28.431397628223724,7.585795687952998,-0.17101305471769307,0.06315156827059493,7.8944691842553165e-16
28.590747167452577,-28.440673831547894,7.5816774345084115,-0.1713024990210036,0.06354469948698571,1.4473193504468082e-15
28.59719033733805,-28.44995298012818,7.57754551712625,-0.17159283016617605,0.06393839052329348,7.8944691842553165e-16
28.603631070020526,-28.459235076487055,7.5733999201506075,-0.17188404931914433,0.064332641407675,2.6314897280851057e-16
28.61006936322203,-28.468520123147318,7.569240627925574,-0.17217615764574584,0.06472745216818247,5.262979456170211e-16
28.616505214663597,-28.477808122632105,7.565067624795248,-0.17246915631172002,0.065122822832764,3.9472345921276583e-16
28.622938622065277,-28.48709907746489,7.560880895103721,-0.172763046482709,0.06551875342926436,1.0525958912340423e-15
28.629369583146133,-28.49639299016948,7.556680423195089,-0.1730578293242565,0.06591524398542549,1.842042809659574e-15
28.635798095624256,-28.505689863270028,7.552466193413445,-0.17335350600180807,0.0663122945288871,3.9472345921276583e-16
28.642224157216706,-28.514989699290993,7.548238190102883,-0.17365007768071042,0.06670990508718747,9.21021404829787e-16
28.64864776563959,-28.524292500757213,7.543996397607495,-0.1739475455262112,0.0671080756877636,2.6314897280851057e-16
28.65506891860797,-28.533598270193835,7.539740800271376,-0.17424591070345857,0.06750680635795234,-1.3157448640425528e-16
28.66148761383595,-28.542907010126328,7.535471382438622,-0.17454517437750083,0.06790609712499053,2.6314897280851057e-16
28.6679038490366,-28.552218723080514,7.531188128453328,-0.1748453377132863,0.06830594801601572,1.4473193504468082e-15
28.674317621922018,-28.56153341158254,7.526891022659582,-0.17514640187566297,0.06870635905806699,9.21021404829787e-16
28.680728930203255,-28.570851078158892,7.5225800494014825,-0.17544836802937763,0.06910733027808527,5.262979456170211e-16
28.687137771590358,-28.580171725336378,7.518255193023123,-0.17575123733907627,0.06950886170291416,1.3157448640425528e-16
28.693544143792383,-28.589495355642125,7.513916437868596,-0.17605501096930332,0.06991095335930039,5.262979456170211e-16
28.69994804451734,-28.598821971603613,7.509563768281996,-0.17635969008450117,0.07031360527389438,1.0525958912340423e-15
28.706349471472237,-28.608151575748643,7.5051971686074195,-0.1766652758490102,0.07071681747325083,7.8944691842553165e-16
28.71274842236306,-28.61748417060534,7.500816623188957,-0.17697176942706835,0.07112058998382983,-1.3157448640425528e-16
28.719144894894733,-28.62681975870214,7.496422116370705,-0.17727917198281046,0.07152492283199677,1.0525958912340423e-15
28.725538886771204,-28.63615834256786,7.492013632496755,-0.17758748468026836,0.07192981604402321,1.1841703776382976e-15
28.731930395695365,-28.645499924731578,7.487591155911202,-0.1778967086833702,0.07233526964608775,1.0525958912340423e-15
28.738319419369056,-28.65484450772275,7.483154670958141,-0.17820684515594026,0.07274128366427621,7.8944691842553165e-16
28.744705955493092,-28.664192094071108,7.478704161981667,-0.17851789526169867,0.07314785812458273,9.21021404829787e-16
28.75109000176727,-28.673542686306778,7.47423961332587,-0.1788298601642606,0.07355499305290973,1.842042809659574e-15
28.757471555890323,-28.68289628696012,7.469761009334846,-0.1791427410271368,0.07396268847506932,1.1841703776382976e-15
28.763850615559942,-28.6922528985619,7.465268334352689,-0.17945653901373224,0.07437094441678327,7.8944691842553165e-16
28.77022717847274,-28.70161252364316,7.460761572723494,-0.17977125528734644,0.07477976090368393,7.8944691842553165e-16
28.776601242324336,-28.71097516473528,7.456240708791354,-0.18008689101117303,0.075189137961315,2.6314897280851057e-16
28.782972804809255,-28.72034082436994,7.451705726900363,-0.18040344734829916,0.0755990756151316,0.0
