galstreams/tracks/track.po.20.0-1.mateu2018.ecsv
# %ECSV 1.0
# ---
# datatype:
# - {name: ra, unit: deg, datatype: float64}
# - {name: dec, unit: deg, datatype: float64}
# - {name: distance, unit: kpc, datatype: float64}
# - {name: pm_ra_cosdec, unit: mas / yr, datatype: float64}
# - {name: pm_dec, unit: mas / yr, datatype: float64}
# - {name: radial_velocity, unit: km / s, datatype: float64}
# delimiter: ','
# meta: !!omap
# - __serialized_columns__:
#     dec:
#       __class__: astropy.coordinates.angles.Latitude
#       unit: &id001 !astropy.units.Unit {unit: deg}
#       value: !astropy.table.SerializedColumn {name: dec}
#     distance:
#       __class__: astropy.coordinates.distances.Distance
#       unit: !astropy.units.Unit {unit: kpc}
#       value: !astropy.table.SerializedColumn {name: distance}
#     pm_dec:
#       __class__: astropy.units.quantity.Quantity
#       unit: !astropy.units.Unit {unit: mas / yr}
#       value: !astropy.table.SerializedColumn {name: pm_dec}
#     pm_ra_cosdec:
#       __class__: astropy.units.quantity.Quantity
#       unit: !astropy.units.Unit {unit: mas / yr}
#       value: !astropy.table.SerializedColumn {name: pm_ra_cosdec}
#     ra:
#       __class__: astropy.coordinates.angles.Longitude
#       unit: *id001
#       value: !astropy.table.SerializedColumn {name: ra}
#       wrap_angle: !astropy.coordinates.Angle
#         unit: *id001
#         value: 360.0
#     radial_velocity:
#       __class__: astropy.units.quantity.Quantity
#       unit: !astropy.units.Unit {unit: km / s}
#       value: !astropy.table.SerializedColumn {name: radial_velocity}
# schema: astropy-2.0
ra,dec,distance,pm_ra_cosdec,pm_dec,radial_velocity
[from data line 939]
290.1571774432275,-35.74513700195789,27.36064261524399,0.0,0.0,0.0
290.1669028562539,-35.738986546055415,27.360187693189825,0.0,0.0,0.0
290.1766265558022,-35.73283509826443,27.35973247115223,0.0,0.0,0.0
290.1863485422219,-35.72668265893089,27.359276949155454,0.0,0.0,0.0
290.1960688158625,-35.72052922840059,27.358821127223752,0.0,0.0,0.0
290.2057873770736,-35.71437480701929,27.35836500538139,0.0,0.0,0.0
290.21550422620504,-35.708219395132566,27.357908583652666,0.0,0.0,0.0
290.22521936360664,-35.70206299308596,27.35745186206186,0.0,0.0,0.0
290.23493278962843,-35.695905601224815,27.356994840633305,0.0,0.0,0.0
290.2446445046205,-35.68974721989451,27.35653751939134,0.0,0.0,0.0
290.2543545089331,-35.68358784944021,27.356079898360292,0.0,0.0,0.0
290.26406280291656,-35.67742749020698,27.355621977564528,0.0,0.0,0.0
290.2737693869214,-35.67126614253982,27.355163757028425,0.0,0.0,0.0
290.28347426129807,-35.66510380678359,27.35470523677637,0.0,0.0,0.0
290.2931774263974,-35.658940483283075,27.35424641683277,0.0,0.0,0.0
290.3028788825701,-35.65277617238292,27.35378729722204,0.0,0.0,0.0
290.3125786301672,-35.646610874427694,27.35332787796862,0.0,0.0,0.0
290.32227666953975,-35.640444589761806,27.35286815909696,0.0,0.0,0.0
290.3319730010388,-35.63427731872967,27.352408140631518,0.0,0.0,0.0
290.3416676250156,-35.628109061675495,27.35194782259677,0.0,0.0,0.0
290.3513605418217,-35.621939818943396,27.351487205017225,0.0,0.0,0.0
290.3610517518084,-35.61576959087743,27.351026287917367,0.0,0.0,0.0
290.3707412553276,-35.6095983778215,27.350565071321746,0.0,0.0,0.0
290.3804290527307,-35.60342618011942,27.350103555254883,0.0,0.0,0.0
290.3901151443697,-35.5972529981149,27.349641739741333,0.0,0.0,0.0
290.3997995305966,-35.591078832151545,27.349179624805664,0.0,0.0,0.0
290.4094822117635,-35.58490368257285,27.348717210472472,0.0,0.0,0.0
290.41916318822246,-35.578727549722196,27.348254496766323,0.0,0.0,0.0
290.42884246032577,-35.5725504339429,27.34779148371186,0.0,0.0,0.0
290.4385200284259,-35.566372335578116,27.347328171333693,0.0,0.0,0.0
290.44819589287533,-35.56019325497093,27.346864559656463,0.0,0.0,0.0
290.4578700540268,-35.55401319246432,27.346400648704837,0.0,0.0,0.0
290.46754251223285,-35.54783214840112,27.345936438503475,0.0,0.0,0.0
290.47721326784654,-35.54165012312409,27.345471929077068,0.0,0.0,0.0
290.4868823212207,-35.5354671169759,27.345007120450312,0.0,0.0,0.0
290.49654967270857,-35.529283130299085,27.344542012647924,0.0,0.0,0.0
290.50621532266314,-35.52309816343607,27.344076605694642,0.0,0.0,0.0
290.5158792714379,-35.51691221672916,27.3436108996152,0.0,0.0,0.0
290.525541519386,-35.51072529052067,27.34314489443436,0.0,0.0,0.0
290.53520206686125,-35.50453738515265,27.3426785901769,0.0,0.0,0.0
290.54486091421705,-35.49834850096714,27.34221198686761,0.0,0.0,0.0
290.5545180618073,-35.49215863830605,27.341745084531276,0.0,0.0,0.0
290.5641735099857,-35.48596779751116,27.34127788319274,0.0,0.0,0.0
290.57382725910645,-35.47977597892418,27.34081038287683,0.0,0.0,0.0
290.5834793095234,-35.47358318288671,27.340342583608376,0.0,0.0,0.0
290.59312966159075,-35.46738940974023,27.339874485412267,0.0,0.0,0.0
290.6027783156629,-35.46119465982609,27.339406088313368,0.0,0.0,0.0
290.61242527209413,-35.45499893348556,27.338937392336565,0.0,0.0,0.0
290.62207053123905,-35.44880223105988,27.33846839750677,0.0,0.0,0.0
290.6317140934521,-35.442604552890046,27.33799910384891,0.0,0.0,0.0
290.6413559590882,-35.43640589931704,27.33752951138792,0.0,0.0,0.0
290.6509961285021,-35.430206270681694,27.337059620148747,0.0,0.0,0.0
290.6606346020486,-35.42400566732477,27.336589430156348,0.0,0.0,0.0
290.67027138008297,-35.41780408958689,27.336118941435732,0.0,0.0,0.0
290.67990646296016,-35.41160153780858,27.335648154011864,0.0,0.0,0.0
290.6895398510356,-35.40539801233028,27.335177067909772,0.0,0.0,0.0
290.6991715446646,-35.39919351349226,27.334705683154475,0.0,0.0,0.0
290.7088015442025,-35.39298804163482,27.334233999771012,0.0,0.0,0.0
290.718429850005,-35.386781597098015,27.33376201778444,0.0,0.0,0.0
290.72805646242773,-35.38057418022185,27.33328973721983,0.0,0.0,0.0
290.7376813818265,-35.374365791346236,27.33281715810226,0.0,0.0,0.0
290.7473046085572,-35.36815643081094,27.332344280456834,0.0,0.0,0.0
290.7569261429758,-35.36194609895567,27.33187110430866,0.0,0.0,0.0
290.7665459854385,-35.355734796119975,27.331397629682872,0.0,0.0,0.0
290.7761641363013,-35.34952252264335,27.330923856604606,0.0,0.0,0.0
290.7857805959207,-35.34330927886514,27.330449785099024,0.0,0.0,0.0
290.7953953646531,-35.337095065124586,27.3299754151913,0.0,0.0,0.0
290.8050084428549,-35.330879881760914,27.329500746906614,0.0,0.0,0.0
290.81461983088286,-35.32466372911312,27.329025780270175,0.0,0.0,0.0
290.8242295290936,-35.31844660752016,27.328550515307196,0.0,0.0,0.0
290.833837537844,-35.31222851732087,27.328074952042908,0.0,0.0,0.0
290.843443857491,-35.306009458853964,27.327599090502563,0.0,0.0,0.0
290.8530484883916,-35.299789432458084,27.3271229307114,0.0,0.0,0.0
290.86265143090293,-35.293568438471745,27.326646472694723,0.0,0.0,0.0
290.8722526853823,-35.28734647723334,27.3261697164778,0.0,0.0,0.0
290.8818522521871,-35.28112354908118,27.325692662085945,0.0,0.0,0.0
290.8914501316746,-35.27489965435349,27.325215309544483,0.0,0.0,0.0
290.9010463242025,-35.26867479338836,27.32473765887874,0.0,0.0,0.0
290.9106408301284,-35.26244896652376,27.324259710114063,0.0,0.0,0.0
290.92023364981003,-35.25622217409759,27.323781463275818,0.0,0.0,0.0
290.9298247836052,-35.24999441644761,27.323302918389388,0.0,0.0,0.0
290.939414231872,-35.24376569391149,27.322824075480156,0.0,0.0,0.0
290.9490019949684,-35.237536006826815,27.322344934573543,0.0,0.0,0.0
290.9585880732526,-35.231305355531035,27.321865495694958,0.0,0.0,0.0
290.9681724670828,-35.22507374036148,27.321385758869848,0.0,0.0,0.0
290.97775517681737,-35.2188411616554,27.320905724123648,0.0,0.0,0.0
290.98733620281484,-35.212607619749974,27.320425391481837,0.0,0.0,0.0
290.9969155454337,-35.20637311498221,27.319944760969904,0.0,0.0,0.0
291.00649320503254,-35.200137647689054,27.319463832613334,0.0,0.0,0.0
291.01606918197024,-35.1939012182073,27.318982606437636,0.0,0.0,0.0
291.02564347660564,-35.1876638268737,27.318501082468337,0.0,0.0,0.0
291.03521608929765,-35.18142547402484,27.318019260730978,0.0,0.0,0.0
291.0447870204053,-35.17518615999723,27.31753714125112,0.0,0.0,0.0
291.05435627028777,-35.16894588512727,27.317054724054312,0.0,0.0,0.0
291.0639238393045,-35.16270464975122,27.316572009166162,0.0,0.0,0.0
291.0734897278145,-35.15646245420534,27.31608899661225,0.0,0.0,0.0
291.08305393617746,-35.150219298825675,27.315605686418202,0.0,0.0,0.0
291.0926164647527,-35.14397518394819,27.31512207860964,0.0,0.0,0.0
291.10217731390014,-35.13773010990877,27.3146381732122,0.0,0.0,0.0
291.11173648397937,-35.13148407704318,27.31415397025155,0.0,0.0,0.0
291.12129397535017,-35.12523708568707,27.31366946975335,0.0,0.0,0.0
291.13084978837264,-35.11898913617599,27.313184671743304,0.0,0.0,0.0
291.1404039234066,-35.11274022884539,27.312699576247102,0.0,0.0,0.0
291.1499563808124,-35.10649036403061,27.312214183290447,0.0,0.0,0.0
291.1595071609501,-35.10023954206685,27.311728492899093,0.0,0.0,0.0
291.16905626418014,-35.09398776328931,27.31124250509878,0.0,0.0,0.0
291.1786036908628,-35.08773502803298,27.310756219915255,0.0,0.0,0.0
291.1881494413587,-35.08148133663278,27.3102696373743,0.0,0.0,0.0
291.1976935160284,-35.0752266894235,27.309782757501704,0.0,0.0,0.0
291.20723591523256,-35.06897108673986,27.30929558032328,0.0,0.0,0.0
291.21677663933207,-35.06271452891646,27.308808105864824,0.0,0.0,0.0
291.22631568868775,-35.05645701628779,27.308320334152196,0.0,0.0,0.0
291.2358530636606,-35.05019854918824,27.307832265211214,0.0,0.0,0.0
291.2453887646118,-35.043939127952086,27.307343899067764,0.0,0.0,0.0
291.25492279190246,-35.03767875291347,27.30685523574771,0.0,0.0,0.0
291.2644551458937,-35.03141742440655,27.30636627527696,0.0,0.0,0.0
291.27398582694707,-35.02515514276522,27.3058770176814,0.0,0.0,0.0
291.283514835424,-35.018891908323376,27.305387462986957,0.0,0.0,0.0
291.29304217168595,-35.012627721414745,27.30489761121957,0.0,0.0,0.0
291.30256783609457,-35.00636258237298,27.30440746240519,0.0,0.0,0.0
291.3120918290117,-35.00009649153162,27.303917016569784,0.0,0.0,0.0
291.3216141507991,-34.99382944922411,27.303426273739326,0.0,0.0,0.0
291.33113480181873,-34.987561455783755,27.30293523393981,0.0,0.0,0.0
291.3406537824326,-34.9812925115438,27.302443897197247,0.0,0.0,0.0
291.35017109300276,-34.975022616837315,27.30195226353766,0.0,0.0,0.0
291.35968673389146,-34.96875177199739,27.30146033298708,0.0,0.0,0.0
291.3692007054609,-34.96247997735689,27.300968105571577,0.0,0.0,0.0
291.3787130080736,-34.95620723324863,27.300475581317198,0.0,0.0,0.0
291.38822364209193,-34.94993354000527,27.29998276025004,0.0,0.0,0.0
291.3977326078785,-34.94365889795942,27.29948964239619,0.0,0.0,0.0
291.4072399057959,-34.937383307443575,27.298996227781757,0.0,0.0,0.0
291.4167455362069,-34.931106768790094,27.298502516432883,0.0,0.0,0.0
291.42624949947447,-34.92482928233125,27.298008508375684,0.0,0.0,0.0
291.43575179596144,-34.918550848399164,27.297514203636343,0.0,0.0,0.0
291.4452524260307,-34.91227146732597,27.297019602241008,0.0,0.0,0.0
291.45475139004554,-34.905991139443614,27.29652470421587,0.0,0.0,0.0
291.464248688369,-34.89970986508389,27.296029509587132,0.0,0.0,0.0
291.4737443213645,-34.89342764457859,27.295534018380998,0.0,0.0,0.0
291.4832382893954,-34.88714447825932,27.295038230623703,0.0,0.0,0.0
291.49273059282507,-34.880860366457625,27.294542146341485,0.0,0.0,0.0
291.50222123201706,-34.87457530950492,27.294045765560604,0.0,0.0,0.0
291.51171020733517,-34.86828930773252,27.293549088307334,0.0,0.0,0.0
291.52119751914296,-34.862002361471646,27.293052114607956,0.0,0.0,0.0
291.5306831678044,-34.855714471053375,27.292554844488773,0.0,0.0,0.0
291.5401671536832,-34.84942563680875,27.292057277976106,0.0,0.0,0.0
291.54964947714353,-34.84313585906868,27.291559415096273,0.0,0.0,0.0
291.5591301385494,-34.83684513816391,27.291061255875636,0.0,0.0,0.0
291.56860913826495,-34.83055347442515,27.29056280034054,0.0,0.0,0.0
291.5780864766545,-34.824260868182954,27.290064048517365,0.0,0.0,0.0
291.5875621540824,-34.817967319767824,27.289565000432496,0.0,0.0,0.0
291.59703617091293,-34.8116728295101,27.289065656112342,0.0,0.0,0.0
291.60650852751075,-34.80537739774006,27.28856601558331,0.0,0.0,0.0
291.61597922424056,-34.799081024787824,27.288066078871847,0.0,0.0,0.0
291.6254482614668,-34.7927837109835,27.28756584600439,0.0,0.0,0.0
291.6349156395544,-34.786485456657,27.287065317007396,0.0,0.0,0.0
291.64438135886815,-34.780186262138166,27.286564491907352,0.0,0.0,0.0
291.6538454197731,-34.773886127756725,27.28606337073075,0.0,0.0,0.0
291.6633078226342,-34.76758505384232,27.285561953504093,0.0,0.0,0.0
291.6727685678165,-34.76128304072446,27.28506024025388,0.0,0.0,0.0
291.6822276556854,-34.754980088732545,27.284558231006674,0.0,0.0,0.0
291.691685086606,-34.7486761981959,27.284055925789016,0.0,0.0,0.0
291.7011408609438,-34.74237136944374,27.28355332462745,0.0,0.0,0.0
291.7105949790643,-34.736065602805105,27.283050427548595,0.0,0.0,0.0
291.7200474413328,-34.72975889860907,27.282547234579006,0.0,0.0,0.0
291.7294982481151,-34.72345125718449,27.282043745745302,0.0,0.0,0.0
291.7389473997769,-34.717142678860135,27.28153996107411,0.0,0.0,0.0
291.7483948966839,-34.71083316396469,27.281035880592064,0.0,0.0,0.0
291.75784073920215,-34.70452271282672,27.280531504325808,0.0,0.0,0.0
291.7672849276975,-34.6982113257747,27.280026832302013,0.0,0.0,0.0
291.776727462536,-34.69189900313697,27.279521864547355,0.0,0.0,0.0
291.7861683440837,-34.68558574524179,27.27901660108854,0.0,0.0,0.0
291.795607572707,-34.67927155241727,27.278511041952264,0.0,0.0,0.0
291.805045148772,-34.67295642499154,27.278005187165256,0.0,0.0,0.0
291.81448107264526,-34.66664036329248,27.277499036754257,0.0,0.0,0.0
291.82391534469303,-34.66032336764792,27.276992590746023,0.0,0.0,0.0
291.833347965282,-34.654005438385596,27.27648584916731,0.0,0.0,0.0
291.84277893477866,-34.64768657583313,27.275978812044904,0.0,0.0,0.0
291.8522082535498,-34.641366780318016,27.2754714794056,0.0,0.0,0.0
291.8616359219622,-34.63504605216769,27.27496385127622,0.0,0.0,0.0
291.87106194038273,-34.628724391709426,27.274455927683572,0.0,0.0,0.0
291.88048630917825,-34.622401799270435,27.273947708654514,0.0,0.0,0.0
291.889909028716,-34.61607827517777,27.27343919421589,0.0,0.0,0.0
291.89933009936277,-34.609753819758495,27.272930384394567,0.0,0.0,0.0
291.908749521486,-34.603428433339445,27.27242127921744,0.0,0.0,0.0
291.9181672954528,-34.59710211624739,27.271911878711393,0.0,0.0,0.0
291.92758342163063,-34.590774868809014,27.27140218290335,0.0,0.0,0.0
291.9369979003868,-34.58444669135087,27.27089219182023,0.0,0.0,0.0
291.94641073208896,-34.578117584199425,27.270381905488986,0.0,0.0,0.0
291.9558219171045,-34.57178754768101,27.269871323936563,0.0,0.0,0.0
291.9652314558013,-34.565456582121904,27.269360447189932,0.0,0.0,0.0
291.97463934854704,-34.559124687848225,27.26884927527609,0.0,0.0,0.0
291.98404559570946,-34.55279186518599,27.26833780822203,0.0,0.0,0.0
291.99345019765644,-34.546458114461174,27.26782604605476,0.0,0.0,0.0
292.0028531547561,-34.54012343599958,27.267313988801313,0.0,0.0,0.0
292.01225446737635,-34.53378783012693,27.266801636488744,0.0,0.0,0.0
292.02165413588546,-34.527451297168845,27.266288989144094,0.0,0.0,0.0
292.0310521606515,-34.52111383745082,27.265776046794446,0.0,0.0,0.0
292.04044854204284,-34.51477545129826,27.265262809466883,0.0,0.0,0.0
292.0498432804279,-34.50843613903647,27.26474927718851,0.0,0.0,0.0
292.059236376175,-34.50209590099063,27.264235449986437,0.0,0.0,0.0
292.0686278296529,-34.49575473748581,27.263721327887797,0.0,0.0,0.0
292.07801764122985,-34.48941264884704,27.26320691091974,0.0,0.0,0.0
292.0874058112748,-34.483069635399175,27.262692199109424,0.0,0.0,0.0
292.0967923401563,-34.476725697466975,27.262177192484017,0.0,0.0,0.0
292.1061772282433,-34.47038083537511,27.26166189107071,0.0,0.0,0.0
292.11556047590483,-34.464035049448135,27.261146294896708,0.0,0.0,0.0
292.1249420835096,-34.45768834001051,27.26063040398923,0.0,0.0,0.0
292.1343220514268,-34.451340707386585,27.26011421837551,0.0,0.0,0.0
292.1437003800256,-34.44499215190059,27.259597738082782,0.0,0.0,0.0
292.15307706967513,-34.438642673876686,27.25908096313832,0.0,0.0,0.0
292.16245212074483,-34.432292273638836,27.25856389356939,0.0,0.0,0.0
292.1718255336038,-34.425940951511066,27.258046529403305,0.0,0.0,0.0
292.1811973086217,-34.419588707817155,27.25752887066733,0.0,0.0,0.0
292.19056744616785,-34.413235542880805,27.25701091738882,0.0,0.0,0.0
292.1999359466119,-34.40688145702564,27.25649266959509,0.0,0.0,0.0
292.20930281032366,-34.40052645057517,27.255974127313497,0.0,0.0,0.0
292.2186680376726,-34.394170523852786,27.255455290571398,0.0,0.0,0.0
292.2280316290287,-34.387813677181775,27.254936159396166,0.0,0.0,0.0
292.23739358476183,-34.38145591088535,27.254416733815198,0.0,0.0,0.0
292.24675390524186,-34.37509722528658,27.2538970138559,0.0,0.0,0.0
292.2561125908389,-34.3687376207084,27.253376999545697,0.0,0.0,0.0
292.26546964192295,-34.36237709747377,27.25285669091201,0.0,0.0,0.0
292.2748250588642,-34.356015655905416,27.252336087982304,0.0,0.0,0.0
292.284178842033,-34.349653296326,27.25181519078404,0.0,0.0,0.0
292.2935309917995,-34.343290019058074,27.25129399934469,0.0,0.0,0.0
292.30288150853426,-34.33692582442411,27.250772513691746,0.0,0.0,0.0
292.3122303926076,-34.33056071274643,27.250250733852724,0.0,0.0,0.0
292.3215776443901,-34.32419468434729,27.249728659855126,0.0,0.0,0.0
292.3309232642524,-34.31782773954882,27.249206291726516,0.0,0.0,0.0
292.3402672525652,-34.31145987867302,27.248683629494415,0.0,0.0,0.0
292.34960960969914,-34.30509110204189,27.24816067318642,0.0,0.0,0.0
292.35895033602503,-34.29872140997721,27.247637422830085,0.0,0.0,0.0
292.36828943191387,-34.2923508028007,27.24711387845302,0.0,0.0,0.0
292.3776268977365,-34.28597928083396,27.24659004008283,0.0,0.0,0.0
