galstreams/tracks/track.st.C-4.ibata2021.ecsv
# %ECSV 1.0
# ---
# datatype:
# - {name: ra, unit: deg, datatype: float64}
# - {name: dec, unit: deg, datatype: float64}
# - {name: distance, unit: kpc, datatype: float64}
# - {name: pm_ra_cosdec, unit: mas / yr, datatype: float64}
# - {name: pm_dec, unit: mas / yr, datatype: float64}
# - {name: radial_velocity, unit: km / s, datatype: float64}
# delimiter: ','
# meta: !!omap
# - __serialized_columns__:
#     dec:
#       __class__: astropy.coordinates.angles.Latitude
#       unit: &id001 !astropy.units.Unit {unit: deg}
#       value: !astropy.table.SerializedColumn {name: dec}
#     distance:
#       __class__: astropy.coordinates.distances.Distance
#       unit: !astropy.units.Unit {unit: kpc}
#       value: !astropy.table.SerializedColumn {name: distance}
#     pm_dec:
#       __class__: astropy.units.quantity.Quantity
#       unit: !astropy.units.Unit {unit: mas / yr}
#       value: !astropy.table.SerializedColumn {name: pm_dec}
#     pm_ra_cosdec:
#       __class__: astropy.units.quantity.Quantity
#       unit: !astropy.units.Unit {unit: mas / yr}
#       value: !astropy.table.SerializedColumn {name: pm_ra_cosdec}
#     ra:
#       __class__: astropy.coordinates.angles.Longitude
#       unit: *id001
#       value: !astropy.table.SerializedColumn {name: ra}
#       wrap_angle: !astropy.coordinates.Angle
#         unit: *id001
#         value: 360.0
#     radial_velocity:
#       __class__: astropy.units.quantity.Quantity
#       unit: !astropy.units.Unit {unit: km / s}
#       value: !astropy.table.SerializedColumn {name: radial_velocity}
# schema: astropy-2.0
ra,dec,distance,pm_ra_cosdec,pm_dec,radial_velocity
[from data line 572]
219.98405656829405,83.27449833581818,3.6490497994769764,-17.237074851372284,4.850126926921958,1000.0000000000002
220.05569140465371,83.26891493030209,3.6480991004869043,-17.235817200951402,4.873403671527916,1000.0000000000006
220.1272112368513,83.26332169117175,3.6471481271471053,-17.234545090201813,4.896653164480359,1000.0000000000006
220.1986161216749,83.25771863800932,3.646196884787758,-17.23325861442791,4.919875405592348,1000.0000000000001
220.26990611685346,83.25210579037483,3.645245378739041,-17.231957868677544,4.943070395055988,1000.0000000000003
220.34108128105126,83.2464831678058,3.644293614331134,-17.230642947740805,4.966238133440014,1000.0000000000002
220.41214167386173,83.24085078981713,3.643341596894214,-17.22931394614886,4.989378621687211,1000.0000000000001
220.48308735579775,83.23520867590096,3.642389331758463,-17.227970958173096,5.012491861110684,1000.0
220.55391838828797,83.22955684552642,3.641436824254057,-17.22661407782384,5.03557785339191,1000.0000000000002
220.62463483366625,83.22389531813951,3.6404840797111757,-17.225243398849592,5.058636600576942,1000.0
220.6952367551683,83.21822411316282,3.639531103459998,-17.223859014735766,5.0816681050745185,1000.0000000000002
220.7657242169213,83.21254324999552,3.638577900830703,-17.222461018703996,5.104672369652201,1000.0
220.83609728394018,83.20685274801303,3.637624477153469,-17.221049503710883,5.1276493974344515,1000.0000000000001
220.90635602211782,83.20115262656697,3.6366708377584755,-17.219624562447322,5.150599191899008,1000.0000000000003
220.97650049821965,83.1954429049849,3.6357169879759,-17.218186287337502,5.173521756874355,1000.0000000000002
221.04653077987757,83.18972360257014,3.6347629331359212,-17.216734770537887,5.19641709653727,1000.0000000000001
221.11644693558065,83.18399473860181,3.6338086785687214,-17.21527010393656,5.219285215409102,1000.0000000000006
221.18624903467122,83.1782563323343,3.6328542296044737,-17.213792379152196,5.24212611835399,1000.0000000000001
221.25593714733503,83.17250840299752,3.631899591573362,-17.212301687533383,5.2649398105749965,1000.0000000000002
221.32551134459757,83.16675096979635,3.630944769805563,-17.210798120157627,5.287726297612314,1000.0
221.39497169831407,83.16098405191084,3.6299897696312553,-17.209281767830806,5.310485585339486,1000.0000000000002
221.46431828116602,83.15520766849572,3.6290345963806163,-17.207752721086138,5.333217679961565,1000.0000000000002
221.53355116665162,83.14942183868055,3.628079255383829,-17.206211070183635,5.3559225880114685,1000.0000000000001
221.6026704290802,83.14362658156941,3.6271237519710695,-17.204656905109317,5.378600316347612,1000.0
221.67167614356686,83.13782191624063,3.6261680914725156,-17.203090315574393,5.401250872151417,1000.0000000000002
221.7405683860228,83.13200786174693,3.6252122792183488,-17.20151139101477,5.423874262923767,1000.0000000000001
221.80934723315207,83.12618443711503,3.624256320538746,-17.199920220590123,5.44647049648317,1000.0000000000002
221.87801276244167,83.12035166134564,3.6233002207638862,-17.198316893183566,5.469039580962105,1000.0000000000001
221.94656505215806,83.11450955341321,3.6223439852239476,-17.19670149740067,5.491581524805141,1000.0000000000002
222.01500418133796,83.10865813226593,3.6213876192491123,-17.19507412156912,5.514096336765447,1000.0000000000001
222.08333022978286,83.10279741682547,3.620431128169554,-17.193434853738033,5.536584025902402,1000.0000000000001
222.15154327805368,83.0969274259868,3.619474517315456,-17.191783781677238,5.559044601579233,1000.0000000000002
222.21964340746158,83.09104817861831,3.6185177920169944,-17.190120992876984,5.581478073459449,1000.0000000000002
222.2876307000645,83.08515969356127,3.61756095760435,-17.1884465745471,5.603884451505135,1000.0000000000002
222.3555052386577,83.0792619896301,3.6166040194077,-17.18676061361678,5.626263745973289,1000.0000000000002
222.42326710677028,83.07335508561195,3.615646982757223,-17.185063196733758,5.648615967414056,1000.0000000000002
222.49091638865576,83.0674390002668,3.6146898529830995,-17.183354410264133,5.670941126667164,1000.0000000000001
222.55845316928875,83.06151375232703,3.613732635415507,-17.18163434029158,5.693239234860167,1000.0000000000002
222.62587753435588,83.05557936049766,3.612775335384625,-17.17990307261718,5.7155103034049315,1000.0000000000002
222.69318957025067,83.04963584345596,3.6118179582206316,-17.17816069275885,5.737754343995471,1000.0000000000003
222.7603893640682,83.04368321985132,3.6108605092537065,-17.17640728595083,5.759971368605495,1000.0000000000002
222.82747700359633,83.0377215083054,3.609902993814027,-17.174642937143517,5.782161389485055,1000.0000000000002
222.89445257731225,83.0317507274116,3.608945417231773,-17.1728677310028,5.804324419158825,1000.0
222.96131617437348,83.02577089573539,3.607987784837124,-17.171081751909966,5.82646047042262,1000.0000000000002
223.0280678846144,83.01978203181378,3.6070301019602575,-17.169285083961086,5.848569556341625,1000.0000000000003
223.09470779853717,83.0137841541555,3.6060723739313536,-17.167477810966925,5.870651690246956,1000.0000000000001
223.1612360073085,83.00777728124069,3.6051146060805896,-17.165660016452378,5.892706885733982,1000.0000000000002
223.22765260275096,83.00176143152096,3.604156803738144,-17.16383178365636,5.9147351566589315,1000.0000000000001
223.29395767733791,82.9957366234192,3.603198972234199,-17.16199319553146,5.936736517136673,1000.0000000000002
223.3601513241885,82.98970287532936,3.6022411168989295,-17.16014433474354,5.958710981538511,1000.0000000000003
223.42623363705906,82.98366020561654,3.6012832430625163,-17.158285283671724,5.98065856448891,1000.0000000000003
223.4922047103399,82.97760863261672,3.600325356055138,-17.156416124407855,6.002579280863745,1000.0000000000002
223.5580646390465,82.97154817463682,3.599367461206973,-17.154536938756593,6.024473145787002,1000.0
223.62381351881626,82.96547884995438,3.5984095638482,-17.15264780823487,6.046340174629016,999.9999999999999
223.68945144590018,82.95940067681767,3.597451669308998,-17.150748814071978,6.068180383003397,1000.0000000000001
223.75497851715775,82.95331367344552,3.596493782919547,-17.148840037209254,6.089993786764647,1000.0
223.82039483005227,82.94721785802709,3.5955359100100237,-17.146921558299823,6.111780402006159,1000.0
223.88570048264245,82.94111324872198,3.5945780559106084,-17.14499345770869,6.133540245056964,1000.0
223.95089557357934,82.93499986365997,3.5936202259514802,-17.143055815512277,6.155273332480046,1000.0000000000002
224.0159802020976,82.92887772094109,3.592662425462814,-17.141108711498674,6.1769796810691275,1000.0
224.08095446801266,82.92274683863532,3.591704659774795,-17.13915222516713,6.198659307847041,1000.0000000000001
224.14581847171183,82.9166072347827,3.590746934217598,-17.137186435728307,6.220312230062474,1000.0
224.21057231415176,82.91045892739308,3.5897892541214023,-17.13521142210392,6.241938465188374,1000.0
224.27521609684976,82.90430193444614,3.5888316248163874,-17.133227262926894,6.263538030918793,1000.0
224.3397499218795,82.8981362738913,3.5878740516327308,-17.13123403654118,6.285110945166858,1000.0000000000002
224.40417389186624,82.89196196364749,3.586916539900612,-17.129231821001632,6.306657226062619,1000.0
224.46848810997867,82.88577902160331,3.5859590949502107,-17.127220694074246,6.328176891950038,1000.0000000000002
224.53269267992616,82.87958746561667,3.5850017221117056,-17.1252007332358,6.34966996138537,1000.0000000000001
224.59678770595022,82.87338731351498,3.5840444267152742,-17.1231720156742,6.371136453134008,1000.0000000000002
224.660773292822,82.86717858309484,3.5830872140910963,-17.121134618288153,6.392576386169015,1000.0
224.72464954583344,82.86096129212216,3.5821300895693504,-17.119088617687503,6.41398977966788,1000.0000000000001
224.7884165707951,82.85473545833186,3.5811730584802146,-17.117034090192966,6.435376653011115,1000.0
224.85207447402775,82.848501099428,3.580216126153869,-17.114971111836432,6.456737025779128,1000.0
224.9156233623582,82.84225823308368,3.5792592979204922,-17.112899758360932,6.478070917750277,1000.0
224.97906334311477,82.83600687694076,3.5783025791102627,-17.110820105220544,6.4993783488989445,999.9999999999999
225.04239452411954,82.82974704861007,3.5773459750533587,-17.10873222758083,6.520659339392452,1000.0
225.10561701368556,82.82347876567111,3.57638949107996,-17.10663620031853,6.541913909589633,1000.0000000000002
225.16873092060888,82.81720204567216,3.5754331325202444,-17.104532098022034,6.56314208003784,1000.0000000000001
225.23173635416586,82.81091690613005,3.574476904704392,-17.10241999499118,6.584343871471391,1000.0000000000001
225.29463342410548,82.80462336453024,3.5735208129625806,-17.100299965237646,6.605519304808715,1000.0000000000001
225.35742224064495,82.7983214383267,3.572564862624989,-17.098172082484993,6.626668401150414,1000.0000000000001
225.4201029144658,82.79201114494172,3.5716090590217973,-17.096036420168662,6.6477911817773405,1000.0
225.48267555670577,82.78569250176612,3.570653407483182,-17.093893051436467,6.668887668147715,1000.0000000000001
225.54514027895684,82.77936552615886,3.5696979133393243,-17.091742049148394,6.689957881895719,1000.0
225.60749719325685,82.7730302354473,3.5687425819204015,-17.08958348587717,6.711001844828536,1000.0
225.6697464120874,82.76668664692684,3.567787418556593,-17.08741743390808,6.732019578924971,1000.0000000000001
225.7318880483658,82.76033477786122,3.5668324285780777,-17.08524396523951,6.753011106332498,1000.0000000000002
225.79392221544276,82.75397464548197,3.5658776173150346,-17.083063151582863,6.77397644936596,1000.0000000000001
225.85584902709496,82.7476062669889,3.56492299009764,-17.080875064363077,6.794915630504655,1000.0
225.91766859752096,82.74122965954966,3.563968552256077,-17.07867977471867,6.815828672390604,1000.0000000000001
225.97938104133715,82.73484484029979,3.563014309120522,-17.076477353501954,6.836715597826673,1000.0000000000001
226.0409864735705,82.72845182634276,3.562060266021153,-17.07426787127954,6.857576429773846,1000.0
226.1024850096562,82.72205063474978,3.5611064282881504,-17.072051398332256,6.878411191349829,1000.0000000000001
226.16387676543005,82.7156412825599,3.5601528012516916,-17.06982800465579,6.899219905826317,1000.0000000000001
226.22516185712615,82.70922378677977,3.5591993902419574,-17.06759775996061,6.920002596627605,1000.0
226.2863404013695,82.70279816438381,3.5582462005891244,-17.065360733672644,6.940759287327855,999.9999999999999
226.34741251517366,82.69636443231396,3.557293237623374,-17.063116994933186,6.96149000164971,1000.0000000000002
226.40837831593345,82.68992260747979,3.556340506674881,-17.060866612599593,6.9821947634616865,1000.0
226.46923792142184,82.68347270675841,3.555388013073829,-17.058609655245306,7.002873596776528,1000.0
226.52999144978466,82.67701474699436,3.5544357621503933,-17.056346191160365,7.0235265257491255,1000.0
226.59063901953567,82.67054874499965,3.5534837592347546,-17.054076288351652,7.044153574674434,1000.0
226.65118074955197,82.66407471755369,3.552532009657091,-17.051800014543314,7.064754767985553,1000.0000000000001
226.71161675906933,82.65759268140323,3.55158051874758,-17.04951743717706,7.085330130251761,1000.0000000000002
226.7719471676774,82.6511026532624,3.550629291836402,-17.04722862341257,7.105879686176537,1000.0000000000001
226.8321720953152,82.64460464981255,3.549678334253737,-17.044933640127834,7.126403460595594,1000.0
226.89229166226625,82.6380986877023,3.5487276513297616,-17.04263255391959,7.146901478474989,1000.0000000000001
226.95230598915424,82.63158478354748,3.547777248394654,-17.04032543110367,7.167373764909154,1000.0000000000001
227.01221519693837,82.62506295393115,3.546827130778596,-17.03801233771542,7.187820345119023,1000.0000000000002
227.0720194069086,82.61853321540343,3.545877303811764,-17.03569333951007,7.208241244450058,1000.0
227.1317187406815,82.6119955844816,3.544927772824338,-17.03336850196324,7.228636488370478,1000.0
227.19131332019535,82.60545007765003,3.5439785431464963,-17.031037890271257,7.249006102469228,1000.0000000000001
227.250803267706,82.59889671136014,3.5430296201084173,-17.02870156935166,7.269350112454231,1000.0000000000001
227.31018870578225,82.59233550203032,3.542081009040281,-17.02635960384362,7.289668544150491,1000.0000000000001
227.36946975730146,82.58576646604604,3.5411327152722643,-17.02401205810837,7.3099614234982235,1000.0000000000001
227.42864654544516,82.57918961975967,3.5401847441345478,-17.02165899622966,7.330228776551046,1000.0
227.4877191936948,82.57260497949055,3.5392371009573105,-17.019300482014252,7.3504706294741595,1000.0
227.54668782582712,82.56601256152493,3.53828979107073,-17.01693657899235,7.370687008542509,1000.0000000000001
227.6055525659102,82.55941238211594,3.5373428198049846,-17.01456735041809,7.39087794013903,1000.0000000000003
227.66431353829887,82.5528044574836,3.5363961924902556,-17.01219285927003,7.411043450752799,1000.0
227.72297086763064,82.54618880381477,3.5354499144567186,-17.009813168251604,7.431183566977284,1000.0000000000001
227.78152467882137,82.53956543726314,3.5345039910345553,-17.007428339791662,7.451298315508602,1000.0000000000001
227.83997509706103,82.53293437394915,3.533558427553943,-17.005038436044952,7.471387723143739,1000.0000000000001
227.89832224780972,82.52629562996009,3.53261322934506,-17.002643518892626,7.491451816778793,1000.0
227.95656625679317,82.51964922135,3.531668401738086,-17.000243649942753,7.511490623407244,999.9999999999999
228.01470724999893,82.51299516413964,3.5307239500632006,-16.99783889053083,7.53150417011828,1000.0000000000002
228.0727453536721,82.50633347431655,3.5297798796505817,-16.995429301720346,7.551492484095015,1000.0
228.13068069431125,82.49966416783492,3.528836195830407,-16.99301494430328,7.571455592612855,1000.0
228.18851339866438,82.49298726061569,3.5278929039328575,-16.990595878800644,7.5913935230377465,1000.0
228.24624359372496,82.48630276854647,3.52695000928811,-16.98817216546305,7.611306302824558,1000.0000000000001
228.30387140672778,82.47961070748154,3.526007517226345,-16.985743864271228,7.631193959515337,1000.0
228.36139696514508,82.47291109324182,3.52506543307774,-16.983311034936612,7.651056520737787,1000.0000000000001
228.41882039668263,82.46620394161492,3.524123762172475,-16.98087373690187,7.670894014203461,1000.0000000000001
228.47614182927563,82.45948926835507,3.5231825098407272,-16.978432029341526,7.690706467706267,1000.0
228.53336139108498,82.45276708918311,3.5222416814126767,-16.975985971162473,7.710493909120733,1000.0000000000001
228.5904792104933,82.44603741978649,3.5213012822185017,-16.973535621004565,7.7302563664004955,999.9999999999997
228.6474954161011,82.43930027581932,3.5203613175883817,-16.971081037241223,7.749993867576628,1000.0
228.70441013672297,82.43255567290227,3.519421792852495,-16.968622277980018,7.769706440756093,1000.0000000000001
228.76122350138377,82.42580362662262,3.5184827133410206,-16.96615940106324,7.7893941141201255,1000.0000000000001
228.81793563931475,82.41904415253424,3.517544084384138,-16.963692464068522,7.809056915922704,1000.0000000000001
228.87454667995,82.41227726615756,3.516605911312023,-16.961221524309444,7.82869487448899,999.9999999999999
228.93105675292253,82.40550298297963,3.5156681994548586,-16.9587466388361,7.84830801821373,1000.0
228.9874659880606,82.39872131845404,3.51473095414282,-16.956267864435773,7.867896375559804,1000.0
229.04377451538414,82.391932288001,3.513794180706089,-16.953785257633506,7.887459975056611,1000.0000000000001
229.09998246510105,82.38513590700724,3.5128578844748435,-16.95129887469273,7.906998845298679,1000.0
229.1560899676034,82.3783321908261,3.511922070779261,-16.948808771615916,7.926513014943991,1000.0
229.21209715346407,82.37152115477745,3.5109867449495207,-16.94631500414517,7.946002512712651,999.9999999999997
229.268004153433,82.3647028141478,3.5100519123158023,-16.94381762776291,7.965467367385294,1000.0000000000002
229.32381109843377,82.35787718419016,3.509117578208284,-16.94131669769243,7.984907607801725,1000.0000000000001
