galstreams/tracks/track.st.Pal5.ibata2021.ecsv
# %ECSV 1.0
# ---
# datatype:
# - {name: ra, unit: deg, datatype: float64}
# - {name: dec, unit: deg, datatype: float64}
# - {name: distance, unit: kpc, datatype: float64}
# - {name: pm_ra_cosdec, unit: mas / yr, datatype: float64}
# - {name: pm_dec, unit: mas / yr, datatype: float64}
# - {name: radial_velocity, unit: km / s, datatype: float64}
# delimiter: ','
# meta: !!omap
# - __serialized_columns__:
#     dec:
#       __class__: astropy.coordinates.angles.Latitude
#       unit: &id001 !astropy.units.Unit {unit: deg}
#       value: !astropy.table.SerializedColumn {name: dec}
#     distance:
#       __class__: astropy.coordinates.distances.Distance
#       unit: !astropy.units.Unit {unit: kpc}
#       value: !astropy.table.SerializedColumn {name: distance}
#     pm_dec:
#       __class__: astropy.units.quantity.Quantity
#       unit: !astropy.units.Unit {unit: mas / yr}
#       value: !astropy.table.SerializedColumn {name: pm_dec}
#     pm_ra_cosdec:
#       __class__: astropy.units.quantity.Quantity
#       unit: !astropy.units.Unit {unit: mas / yr}
#       value: !astropy.table.SerializedColumn {name: pm_ra_cosdec}
#     ra:
#       __class__: astropy.coordinates.angles.Longitude
#       unit: *id001
#       value: !astropy.table.SerializedColumn {name: ra}
#       wrap_angle: !astropy.coordinates.Angle
#         unit: *id001
#         value: 360.0
#     radial_velocity:
#       __class__: astropy.units.quantity.Quantity
#       unit: !astropy.units.Unit {unit: km / s}
#       value: !astropy.table.SerializedColumn {name: radial_velocity}
# schema: astropy-2.0
ra,dec,distance,pm_ra_cosdec,pm_dec,radial_velocity
[from data line 421]
225.48956130172667,-3.520408903891107,21.13638298232851,-2.890458347847744,-3.1308877452855506,-59.413016680672676
225.49601939177825,-3.5121335473227826,21.141474423360542,-2.890270151201596,-3.1297605069650096,-59.37345170601553
225.50248083475887,-3.5038631463897016,21.146553941825157,-2.890081672229592,-3.128634125393416,-59.33397488611466
225.50894562865585,-3.4955976979935555,21.15162154733869,-2.88989291271289,-3.127508600815742,-59.29458610823851
225.51541377145674,-3.487337199036177,21.156677249517465,-2.8897038744324277,-3.1263839334771184,-59.25528525965512
225.52188526114958,-3.479081646419427,21.161721057977815,-2.8895145591689086,-3.1252601236228363,-59.216072227632644
225.5283600957227,-3.4708310370454285,21.16675298233607,-2.8893249687028106,-3.124137171498344,-59.1769468994395
225.53483827316478,-3.4625853678163123,21.171773032208566,-2.8891351048143834,-3.123015077349251,-59.13790916234363
225.5413197914648,-3.4543446356344685,21.176781217211627,-2.888944969283653,-3.1218938414213215,-59.09895890361336
225.54780464861224,-3.4461088374022917,21.18177754696158,-2.888754563890416,-3.1207734639604814,-59.06009601051685
225.55429284259668,-3.4378779700224404,21.186762031074764,-2.888563890414246,-3.119653945212815,-59.02132037032215
225.56078437140835,-3.4296520303975777,21.191734679167507,-2.8883729506344915,-3.118535285424562,-58.98263187029764
225.56727923303754,-3.421431015430599,21.196695500856137,-2.8881817463302752,-3.117417484842122,-58.94403039771136
225.573777425475,-3.413214922024533,21.20164450575699,-2.8879902792804977,-3.116300543712052,-58.905515839831686
225.58027894671184,-3.405003747082454,21.20658170348638,-2.8877985512638378,-3.1151844622810696,-58.86708808392674
225.58678379473943,-3.3967974875076896,21.211507103660658,-2.887606564058748,-3.114069240796044,-58.82874701726461
225.5932919675496,-3.388596140203581,21.216420715896145,-2.8874143194434625,-3.1129548795040094,-58.790492527113464
225.59980346313435,-3.3803997020737384,21.221322549809173,-2.8872218191959904,-3.1118413786521515,-58.752324500741814
225.60631827948617,-3.372208170021772,21.22621261501607,-2.8870290650941253,-3.1107287384878153,-58.71424282541744
225.6128364145977,-3.3640215409515637,21.23109092113317,-2.886836058915435,-3.109616959258505,-58.676247388408775
225.6193578664621,-3.355839811767003,21.2359574777768,-2.88664280243727,-3.1085060412118803,-58.638338076983906
225.6258826330727,-3.3476629793722443,21.240812294563295,-2.886449297436762,-3.1073959845957577,-58.600514778411075
225.63241071242328,-3.339491040671455,21.245655381108975,-2.886255545690823,-3.1062867896581094,-58.56277737995843
225.63894210250785,-3.331323992569033,21.250486747030184,-2.886061548976148,-3.105178456647068,-58.52512576889425
225.6454768013207,-3.323161831969519,21.255306401943248,-2.8858673090692113,-3.1040709858109183,-58.487559832486674
225.65201480685664,-3.3150045557774956,21.260114355464488,-2.8856728277462773,-3.102964377398105,-58.450079458003785
225.65855611711052,-3.306852160897812,21.264910617210248,-2.8854781067833843,-3.101858631657226,-58.41268453271392
225.6651007300778,-3.2987046442353303,21.26969519679685,-2.8852831479563616,-3.1007537488370396,-58.37537494388525
225.67164864375397,-3.2905620026951823,21.274468103840622,-2.8850879530408227,-3.0996497291864555,-58.33815057878593
225.6781998561351,-3.282424233182511,21.279229347957905,-2.8848925238121623,-3.098546572954543,-58.301011324684154
225.68475436521732,-3.2742913326027283,21.283978938765024,-2.8846968620455646,-3.0974442803905258,-58.26395706884804
225.69131216899729,-3.2661632978612594,21.288716885878305,-2.884500969516,-3.0963428517437825,-58.22698769854589
225.69787326547177,-3.2580401258638,21.29344319891408,-2.884304847998224,-3.0952422872638494,-58.19010310104594
225.704437652638,-3.24992181351606,21.298157887488692,-2.8841084992667776,-3.0941425872004142,-58.153303163616116
225.71100532849348,-3.2418083577239862,21.30286096121846,-2.883911925095993,-3.0930437518033256,-58.11658777352486
225.7175762910359,-3.23369975539367,21.307552429719706,-2.8837151272599932,-3.0919457813225826,-58.07995681804033
225.72415053826347,-3.225596003431249,21.312232302608777,-2.8835181075326837,-3.0908486760083393,-58.04341018443076
225.73072806817441,-3.2174970987431313,21.316900589501994,-2.883320867687764,-3.0897524361109086,-58.00694775996413
225.73730887876752,-3.209403038235741,21.32155730001569,-2.8831234094987224,-3.0886570618807556,-57.9705694319087
225.74389296804168,-3.201313818815775,21.3262024437662,-2.8829257347388375,-3.0875625535684983,-57.934275087532754
225.7504803339963,-3.193229437389947,21.330836030369845,-2.88272784518118,-3.0864689114249115,-57.89806461410462
225.75707097463078,-3.185149890865244,21.33545806944296,-2.882529742598612,-3.0853761357009253,-57.861937898892116
225.76366488794508,-3.177075176148667,21.340068570601872,-2.8823314287637882,-3.08428422664762,-57.82589482916358
225.7702620719393,-3.1690052901474917,21.344667543462922,-2.8821329054491533,-3.083193184516232,-57.789935292187494
225.7768625246139,-3.160940229769013,21.34925499764243,-2.881934174426952,-3.0821030095581543,-57.75405917523164
225.7834662439696,-3.152879991920764,21.35383094275673,-2.881735237469213,-3.081013702024929,-57.71826636556432
225.79007322800737,-3.14482457351043,21.358395388422153,-2.8815360963477685,-3.0799252621682522,-57.68255675045394
225.79668347472852,-3.1367739714457414,21.362948344255027,-2.8813367528342413,-3.0788376902399777,-57.646930217168304
225.80329698213458,-3.1287281826347084,21.367489819871682,-2.88113720870005,-3.0777509864921084,-57.61138665297601
225.80991374822747,-3.120687203985354,21.372019824888454,-2.8809374657164097,-3.0766651511768015,-57.57592594514491
225.8165337710093,-3.112651032405982,21.37653836892167,-2.8807375256543315,-3.075580184546367,-57.54054798094344
225.82315704848247,-3.104619664804914,21.381045461587657,-2.8805373902846245,-3.074496086853268,-57.50525264763977
225.82978357864965,-3.0965930980907492,21.38554111250275,-2.8803370613778947,-3.0734128583501197,-57.47003983250194
225.83641335951384,-3.0885713291721077,21.390025331283272,-2.880136540704547,-3.0723304992896914,-57.434909422798114
225.84304638907824,-3.08055435495785,21.39449812754557,-2.879935830034783,-3.0712490099249012,-57.39986130579673
225.84968266534634,-3.0725421723569917,21.39895951090596,-2.8797349311386045,-3.0701683905088224,-57.36489536876561
225.85632218632196,-3.0645347782785963,21.403409490980774,-2.879533845785815,-3.069088641294682,-57.33001149897337
225.8629649500091,-3.0565321696320105,21.407848077386348,-2.8793325757460164,-3.0680097625358536,-57.29520958368797
225.86961095441214,-3.0485343433265975,21.41227527973901,-2.8791311227886123,-3.066931754485866,-57.26048951017765
225.87626019753554,-3.0405412962720035,21.416691107655083,-2.8789294886828056,-3.0658546173984,-57.225851165710544
225.88291267738424,-3.032553025377895,21.421095570750907,-2.8787276751976014,-3.064778351527284,-57.19129443755477
225.8895683919633,-3.0245695275542155,21.425488678642814,-2.8785256841018123,-3.063702957126502,-57.15681921297886
225.8962273392781,-3.0165907997109382,21.429870440947123,-2.878323517164044,-3.062628434450187,-57.12242537925051
225.90288951733424,-3.008616838758307,21.434240867280177,-2.878121176152715,-3.061554783752623,-57.08811282363827
225.90955492413767,-3.0006476416065975,21.43859996725829,-2.8779186628360436,-3.0604820052882444,-57.053881433410304
225.91622355769442,-2.9926832051663297,21.44294775049781,-2.8777159789820517,-3.0594100993116364,-57.01973109583452
225.92289541601093,-2.984723526348175,21.447284226615064,-2.8775131263585676,-3.0583390660775347,-56.985661698179435
225.9295704970939,-2.976768602062863,21.451609405226375,-2.877310106733228,-3.057268905840827,-56.95167312771306
225.93624879895015,-2.9688184292214066,21.45592329594808,-2.8771069218734677,-3.0561996188565463,-56.91776527170375
225.94293031958688,-2.9608730047348404,21.4602259083965,-2.8769035735465374,-3.0551312053798827,-56.88393801741952
225.94961505701144,-2.95293232551448,21.464517252187974,-2.8767000635194866,-3.0540636656661664,-56.85019125212859
225.95630300923156,-2.944996388471671,21.46879733693883,-2.8764963935591776,-3.0529969999708864,-56.81652486309923
225.96299417425504,-2.9370651905180383,21.473066172265405,-2.8762925654322817,-3.0519312085496764,-56.78293873759959
225.9696885500901,-2.929138728565232,21.477323767784014,-2.8760885809052743,-3.050866291658321,-56.74943276289785
225.97638613474507,-2.9212169995251562,21.481570133111006,-2.8758844417444402,-3.04980224955275,-56.716006826262216
225.9830869262285,-2.91330000030987,21.485805277862696,-2.8756801497158806,-3.048739082489048,-56.68266081496077
225.98979092254945,-2.9053877278314872,21.490029211655422,-2.8754757065854992,-3.0476767907234446,-56.649394616261866
225.99649812171683,-2.897480179002409,21.49424194410551,-2.8752711141190157,-3.0466153745123186,-56.616208117433594
226.00320852174013,-2.889577350735064,21.4984434848293,-2.875066374081954,-3.0455548341121963,-56.58310120574422
226.0099221206288,-2.8816792399421667,21.502633843443107,-2.8748614882396604,-3.044495169779755,-56.55007376846191
226.01663891639276,-2.8737858435364543,21.506813029563276,-2.8746564583572827,-3.043436381771816,-56.517125692854805
226.02335890704197,-2.865897158430953,21.510981052806127,-2.874451286199788,-3.0423784703453514,-56.48425686619114
226.03008209058677,-2.8580131815387184,21.515137922788,-2.8742459735319574,-3.041321435757481,-56.45146717573916
226.0368084650376,-2.85013390977309,21.519283649125217,-2.8740405221183787,-3.040265278265469,-56.41875650876683
226.04353802840532,-2.8422593400474345,21.52341824143411,-2.873834933723462,-3.039209998126731,-56.38612475254251
226.0502707787008,-2.834389469275378,21.527541709331018,-2.8736292101114276,-3.0381555955988264,-56.35357179433454
226.05700671393518,-2.826524294370699,21.531654062432256,-2.873423353046312,-3.037102070939463,-56.32109752141081
226.06374583212,-2.8186638122472405,21.53575531035417,-2.87321736429197,-3.036049424406496,-56.28870182103967
226.07048813126676,-2.810808019819133,21.539845462713075,-2.873011245612067,-3.0349976562579237,-56.2563845804892
226.0772336093875,-2.8029569140005384,21.543924529125317,-2.872804998770092,-3.033946766751896,-56.22414568702787
226.08398226449415,-2.795110491705901,21.54799251920722,-2.8725986255293474,-3.0328967561467066,-56.19198502792363
226.0907340945991,-2.7872687498497024,21.552049442575107,-2.8723921276529545,-3.0318476247007937,-56.159902490444566
226.09748909771477,-2.7794316853467085,21.556095308845318,-2.872185506903853,-3.0307993726727416,-56.127897961859105
226.10424727185406,-2.7715992951117174,21.560130127634185,-2.8719787650448,-3.029752000321283,-56.09597132943537
226.11100861502976,-2.7637715760598143,21.564153908558026,-2.8717719038383747,-3.028705507905292,-56.06412248044143
226.11777312525516,-2.7559485251061195,21.568166661233185,-2.8715649250469752,-3.0276598956837937,-56.03235130214568
226.12454080054357,-2.7481301391660096,21.572168395275984,-2.8713578304328173,-3.026615163915951,-56.000657681816136
226.13131163890858,-2.7403164151550197,21.576159120302755,-2.8711506217579412,-3.0255713128610777,-55.96904150672118
226.13808563836403,-2.732507349988751,21.580138845929834,-2.8709433007842082,-3.0245283427786296,-55.93750266412888
226.14486279692383,-2.724702940583096,21.584107581773544,-2.8707358692733,-3.023486253928206,-55.9060410413073
226.15164311260233,-2.7169031838539786,21.58806533745021,-2.8705283289867225,-3.0224450465695543,-55.874656525524706
226.15842658341387,-2.7091080767176123,21.592012122576183,-2.8703206816858007,-3.021404720962561,-55.84334900404952
226.1652132073731,-2.701317616090247,21.595947946767776,-2.870112929131688,-3.020365277367262,-55.812118364149626
226.17200298249483,-2.693531798888423,21.59987281964132,-2.8699050730853575,-3.0193267160438313,-55.780964493093435
226.17879590679414,-2.685750622028712,21.60378675081316,-2.8696971153076087,-3.0182890372525897,-55.74988727814892
226.18559197828614,-2.6779740824279825,21.607689749899606,-2.8694890575590692,-3.017252241254003,-55.718886606584476
226.1923911949864,-2.6702021770031275,21.61158182651701,-2.8692809016001846,-3.016216328308674,-55.687962365668085
226.19919355491052,-2.6624349026713134,21.61546299028168,-2.8690726491912337,-3.0151812986773563,-55.65711444266821
226.20599905607426,-2.654672256349859,21.619333250809966,-2.8688643020923164,-3.01414715262094,-55.62634272485287
226.21280769649368,-2.6469142349561587,21.623192617718182,-2.868655862063364,-3.013113890400462,-55.595647099490186
226.21961947418495,-2.639160835407891,21.627041100622673,-2.8684473308641305,-3.012081512277098,-55.56502745384846
226.2264343871646,-2.631412054622777,21.63087870913976,-2.8682387102542,-3.0110500185121665,-55.53448367519595
226.23325243344902,-2.6236678895188295,21.63470545288578,-2.868030001992988,-3.010019409367131,-55.50401565080059
226.2400736110552,-2.6159283370140973,21.638521341477052,-2.867821207839733,-3.008989685103594,-55.473623267930876
226.246897918,-2.608193394026922,21.642326384529916,-2.8676123295535096,-3.0079608459833,-55.443306413854856
226.25372535230065,-2.6004630574756815,21.646120591660704,-2.8674033688932137,-3.0069328922681335,-55.41306497584069
226.26055591197445,-2.592737324279018,21.64990397248574,-2.8671943276175798,-3.005905824220125,-55.38289884115658
226.26738959503888,-2.585016191355738,21.653676536621358,-2.8669852074851705,-3.0048796421014408,-55.35280789707069
226.2742263995118,-2.577299655624715,21.657438293683885,-2.866776010254377,-3.0038543461743883,-55.32279203085142
226.28106632341098,-2.5695877140051233,21.661189253289656,-2.8665667376834265,-3.0028299367014184,-55.29285112976664
226.28790936475457,-2.561880363416169,21.664929425055004,-2.866357391530375,-3.001806413945121,-55.262985081084786
226.29475552156077,-2.5541776007773604,21.66865881859625,-2.8661479735531135,-3.0007837781682247,-55.23319377207397
226.30160479184812,-2.5464794230082353,21.672377443529726,-2.8659384855093664,-2.9997620296335996,-55.20347709000225
226.3084571736351,-2.5387858270286343,21.67608530947177,-2.8657289291566896,-2.9987411686042544,-55.17383492213802
226.31531266494062,-2.5310968097584334,21.679782426038706,-2.8655193062524784,-2.997721195343341,-55.144267155749255
226.32217126378353,-2.523412368117806,21.683468802846875,-2.8653096185539546,-2.9967021101141436,-55.11477367810441
226.32903296818313,-2.5157324990269645,21.687144449512587,-2.8650998678181847,-2.995683913180091,-55.08535437647165
226.33589777615856,-2.5080571994063856,21.69080937565219,-2.8648900558020634,-2.9946666048047494,-55.05600913811887
226.34276568572935,-2.5003864661767143,21.69446359088201,-2.864680184262324,-2.9936501852518216,-55.02673785031454
226.34963669491523,-2.492720296258668,21.69810710481837,-2.8644702549555405,-2.9926346547851543,-54.99754040032671
226.35651080173588,-2.485058686573261,21.70173992707761,-2.8642602696381174,-2.9916200136687245,-54.96841667542365
226.3633880042114,-2.4774016340415472,21.705362067276056,-2.8640502300663018,-2.9906062621666543,-54.93936656287336
226.3702683003619,-2.4697491355848804,21.708973535030044,-2.863840137996176,-2.9895934005431988,-54.91038994994436
226.3771516882077,-2.462101188124652,21.712574339955893,-2.863629995183665,-2.9885814290627555,-54.8814867239046
226.38403816576925,-2.454457788582554,21.716164491669947,-2.8634198033845273,-2.9875703479898537,-54.85265677202237
226.39092773106728,-2.4468189338803175,21.719743999788527,-2.8632095643543662,-2.986560157589163,-54.82389998156581
226.3978203821225,-2.4391846209399444,21.723312873927963,-2.862999279848621,-2.9855508581254897,-54.79521623980315
226.40471611695585,-2.4315548466836003,21.726871123704587,-2.8627889516225764,-2.984542449863777,-54.76660543400253
