galstreams/tracks/track.st.New-25.ibata2024.ecsv
# %ECSV 1.0
# ---
# datatype:
# - {name: ra, unit: deg, datatype: float64}
# - {name: dec, unit: deg, datatype: float64}
# - {name: distance, unit: kpc, datatype: float64}
# - {name: pm_ra_cosdec, unit: mas / yr, datatype: float64}
# - {name: pm_dec, unit: mas / yr, datatype: float64}
# - {name: radial_velocity, unit: km / s, datatype: float64}
# delimiter: ','
# meta: !!omap
# - __serialized_columns__:
#     dec:
#       __class__: astropy.coordinates.angles.Latitude
#       unit: &id001 !astropy.units.Unit {unit: deg}
#       value: !astropy.table.SerializedColumn {name: dec}
#     distance:
#       __class__: astropy.coordinates.distances.Distance
#       unit: !astropy.units.Unit {unit: kpc}
#       value: !astropy.table.SerializedColumn {name: distance}
#     pm_dec:
#       __class__: astropy.units.quantity.Quantity
#       unit: !astropy.units.Unit {unit: mas / yr}
#       value: !astropy.table.SerializedColumn {name: pm_dec}
#     pm_ra_cosdec:
#       __class__: astropy.units.quantity.Quantity
#       unit: !astropy.units.Unit {unit: mas / yr}
#       value: !astropy.table.SerializedColumn {name: pm_ra_cosdec}
#     ra:
#       __class__: astropy.coordinates.angles.Longitude
#       unit: *id001
#       value: !astropy.table.SerializedColumn {name: ra}
#       wrap_angle: !astropy.coordinates.Angle
#         unit: *id001
#         value: 360.0
#     radial_velocity:
#       __class__: astropy.units.quantity.Quantity
#       unit: !astropy.units.Unit {unit: km / s}
#       value: !astropy.table.SerializedColumn {name: radial_velocity}
# schema: astropy-2.0
ra,dec,distance,pm_ra_cosdec,pm_dec,radial_velocity
[from data line 1823]
338.7856108462496,-35.91280117347795,1.0000000000000109,0.8626846404526534,-2.3708684962204725,123.71764227997257
338.7917847949953,-35.921748198024666,1.000000000000011,0.8625325522234846,-2.370477876213357,124.40178759416887
338.79795712299097,-35.93069652597849,1.0000000000000109,0.8623804385742142,-2.3700869880355597,125.08747106441488
338.8041278247336,-35.93964616061697,1.000000000000011,0.8622283003460636,-2.3696958322866752,125.77469426257966
338.81029689471814,-35.9485971052188,1.000000000000011,0.8620761383804076,-2.369304409566059,126.46345876053303
338.8164643274376,-35.9575493630638,1.000000000000011,0.8619239535186969,-2.368912720472828,127.15376613014396
338.82263011738337,-35.96650293743293,1.000000000000011,0.8617717466024422,-2.368520765605849,127.84561794328216
338.8287942590446,-35.975457831608296,1.000000000000011,0.8616195184732955,-2.3681285455637298,128.53901577181674
338.8349567469089,-35.984414048873134,1.0000000000000113,0.8614672699729766,-2.3677360609448677,129.23396118761758
338.8411175754618,-35.99337159251183,1.0000000000000113,0.8613150019433133,-2.3673433123473853,129.9304557625538
338.8472767391868,-36.002330465809884,1.0000000000000113,0.8611627152262376,-2.3669503003691705,130.6285010684946
338.8534342325657,-36.01129067205396,1.000000000000011,0.8610104106637433,-2.3665570256078805,131.32809867730973
338.85959005007834,-36.02025221453184,1.0000000000000113,0.8608580890979516,-2.366163488660895,132.0292501608683
338.86574418620273,-36.02921509653243,1.0000000000000113,0.8607057513710581,-2.3657696901253935,132.7319570910401
338.8718966354147,-36.03817932134583,1.000000000000011,0.8605533983253624,-2.3653756305982654,133.43622103969403
338.87804739218853,-36.04714489226319,1.000000000000011,0.8604010308032635,-2.364981310676187,134.1420435787
338.8841964509962,-36.056111812576866,1.000000000000011,0.8602486496472626,-2.3645867309555832,134.84942627992697
338.8903438063082,-36.065080085580284,1.0000000000000113,0.8600962556999141,-2.3641918920326326,135.55837071524488
338.89648945259256,-36.07404971456806,1.0000000000000115,0.8599438498039333,-2.3637967945032603,136.26887845652254
338.90263338431583,-36.083020702835924,1.0000000000000115,0.8597914328020773,-2.363401438963159,136.98095107562986
338.9087755959424,-36.09199305368072,1.0000000000000115,0.8596390055372316,-2.3630058260077806,137.6945901444358
338.9149160819348,-36.10096677040041,1.0000000000000113,0.8594865688523807,-2.3626099562323244,138.40979723481018
338.92105483675357,-36.10994185629414,1.0000000000000115,0.8593341235905525,-2.3622138302317417,139.12657391862203
338.9271918548573,-36.11891831466215,1.0000000000000115,0.859181670594956,-2.3618174486007533,139.84492176774117
338.93332713070276,-36.127896148805824,1.0000000000000115,0.8590292107088029,-2.361420811933817,140.56484235403656
338.9394606587445,-36.13687536202765,1.0000000000000113,0.8588767447754977,-2.361023920825172,141.28633724937802
338.94559243343537,-36.14585595763125,1.0000000000000115,0.8587242736384626,-2.3606267758688055,142.0094080256345
338.9517224492261,-36.1548379389214,1.0000000000000115,0.8585717981412584,-2.3602293776584293,142.73405625467595
338.95785070056553,-36.16382130920398,1.0000000000000115,0.8584193191275258,-2.3598317267875526,143.4602835083713
338.9639771819006,-36.172806071786,1.0000000000000118,0.8582668374410005,-2.3594338238494323,144.18809135859027
338.970101887676,-36.181792229975606,1.0000000000000118,0.8581143539255427,-2.3590356694370627,144.91748137720225
338.9762248123347,-36.190779787082036,1.0000000000000118,0.8579618694250755,-2.358637264143212,145.64845513607622
338.98234595031767,-36.19976874641569,1.0000000000000115,0.8578093847836428,-2.3582386085604057,146.3810142070822
338.98846529606374,-36.208759111288074,1.0000000000000118,0.85765690084538,-2.357839703280902,147.11516016208907
338.9945828440099,-36.21775088501183,1.0000000000000118,0.8575044184544947,-2.3574405488967436,147.8508945729666
339.00069858859115,-36.226744070900715,1.0000000000000115,0.8573519384553379,-2.3570411459997143,148.58821901158387
339.00681252424033,-36.23573867226958,1.0000000000000118,0.8571994616923293,-2.356641495181375,149.32713504981075
339.0129246453884,-36.24473469243442,1.0000000000000115,0.8570469890099961,-2.3562415970330104,150.06764425951616
339.01903494646444,-36.25373213471238,1.0000000000000118,0.8568945212529169,-2.3558414521456843,150.8097482125699
339.0251434218952,-36.26273100242169,1.0000000000000115,0.8567420592658612,-2.3554410611102075,151.55344848084096
339.0312500661057,-36.271731298881676,1.0000000000000118,0.8565896038936254,-2.3550404245171723,152.2987466361992
339.0373548735188,-36.28073302741284,1.000000000000012,0.856437155981129,-2.354639542956882,153.04564425051362
339.04345783855536,-36.28973619133678,1.000000000000012,0.8562847163733744,-2.354238417019438,153.79414289565403
339.04955895563427,-36.29874079397617,1.0000000000000118,0.8561322859154865,-2.3538370472946895,154.54424414348938
339.0556582191724,-36.307746838654865,1.0000000000000118,0.8559798654526336,-2.353435434372212,155.29594956588952
339.0617556235844,-36.31675432869779,1.0000000000000118,0.8558274558301875,-2.3530335788413925,156.04926073472345
339.0678511632832,-36.32576326743101,1.0000000000000118,0.8556750578935066,-2.352631481291338,156.80417922186103
339.0739448326794,-36.334773658181675,1.000000000000012,0.8555226724880907,-2.352229142310911,157.56070659917114
339.0800366261817,-36.34378550427808,1.000000000000012,0.8553703004595548,-2.3518265624887604,158.31884443852363
339.08612653819677,-36.352798809049624,1.0000000000000118,0.8552179426536108,-2.351423742413253,159.07859431178784
339.09221456312906,-36.36181357582681,1.000000000000012,0.8550655999160623,-2.351020682672541,159.83995779083278
339.09830069538117,-36.370829807941256,1.000000000000012,0.8549132730927775,-2.350617383854539,160.60293644752846
339.10438492935356,-36.379847508725696,1.0000000000000122,0.8547609630297766,-2.3502138465468914,161.36753185374363
339.11046725944453,-36.38886668151396,1.000000000000012,0.8546086705731604,-2.3498100713370427,162.1337455813483
339.11654768005053,-36.39788732964101,1.0000000000000122,0.8544563965690894,-2.3494060588121393,162.90157920221137
339.12262618556565,-36.40690945644289,1.0000000000000122,0.8543041418638992,-2.3490018095591427,163.6710342882027
339.1287027703822,-36.415933065256766,1.0000000000000122,0.8541519073039474,-2.3485973241647304,164.44211241119132
339.1347774288901,-36.424958159420925,1.0000000000000122,0.8539996937357657,-2.348192603215363,165.21481514304693
339.1408501554775,-36.43398474227473,1.000000000000012,0.8538475020059142,-2.3477876472972508,165.9891440556387
339.1469209445302,-36.443012817158674,1.000000000000012,0.8536953329611112,-2.347382456996357,166.76510072083627
339.15298979043206,-36.45204238741434,1.0000000000000122,0.8535431874481176,-2.3469770328984048,167.54268671050875
339.1590566875648,-36.46107345638442,1.0000000000000122,0.8533910663138276,-2.3465713755888977,168.3219035965259
339.165121630308,-36.470106027412704,1.0000000000000124,0.8532389704052665,-2.3461654856530636,169.10275295075664
339.1711846130392,-36.47914010384412,1.0000000000000124,0.8530869005694885,-2.3457593636759206,169.88523634507095
339.1772456301338,-36.48817568902464,1.0000000000000124,0.8529348576536702,-2.3453530102422206,170.66935535133783
339.1833046759651,-36.497212786301375,1.0000000000000124,0.8527828425051318,-2.344946425936481,171.455111541427
339.1893617449041,-36.50625139902252,1.0000000000000124,0.8526308559712774,-2.344539611343002,172.24250648720735
339.19541683132,-36.515291530537375,1.0000000000000124,0.8524788988995411,-2.344132567045815,173.03154176054898
339.2014699295797,-36.524333184196365,1.0000000000000124,0.8523269721375364,-2.343725293628708,173.82221893332084
339.2075210340479,-36.53337636335097,1.0000000000000124,0.8521750765329781,-2.343317791675261,174.6145395773922
339.2135701390872,-36.542421071353786,1.0000000000000124,0.852023212933636,-2.342910061768773,175.40850526463296
339.21961723905827,-36.5514673115585,1.0000000000000124,0.8518713821873725,-2.3425021044923575,176.204117566912
339.2256623283193,-36.560515087319914,1.0000000000000124,0.8517195851422237,-2.342093920428809,177.0013780560992
339.23170540122663,-36.56956440199389,1.0000000000000127,0.8515678226462189,-2.341685510160751,177.80028830406357
339.23774645213416,-36.57861525893743,1.0000000000000124,0.8514160955476147,-2.3412768742705374,178.6008498826749
339.2437854753939,-36.58766766150858,1.0000000000000124,0.8512644046946658,-2.340868013340298,179.40306436380212
339.2498224653555,-36.59672161306652,1.0000000000000127,0.8511127509357514,-2.3404589279519,180.20693331931528
339.2558574163666,-36.60577711697148,1.0000000000000127,0.8509611351193787,-2.3400496186869972,181.01245832108305
339.26189032277256,-36.614834176584836,1.0000000000000129,0.8508095580941273,-2.339640086126977,181.8196409409755
339.26792117891654,-36.62389279526899,1.0000000000000127,0.8506580207087193,-2.339230330853013,182.62848275086145
339.2739499791396,-36.6329529763875,1.0000000000000124,0.850506523811914,-2.3388203534460104,183.43898532261088
339.27997671778076,-36.64201472330494,1.0000000000000127,0.8503550682525916,-2.3384101544866773,184.25115022809263
339.28600138917636,-36.65107803938702,1.0000000000000127,0.8502036548797953,-2.337999734555435,185.06497903917665
339.2920239876611,-36.660142928000546,1.0000000000000129,0.8500522845426044,-2.337589094232513,185.8804733277318
339.2980445075672,-36.66920939251338,1.0000000000000127,0.8499009580901689,-2.337178234097859,186.69763466562802
339.3040629432247,-36.67827743629446,1.0000000000000129,0.8497496763718431,-2.33676715473122,187.51646462473414
339.31007928896156,-36.68734706271385,1.0000000000000129,0.8495984402369672,-2.336355856712075,188.33696477692024
339.3160935391033,-36.69641827514266,1.0000000000000129,0.8494472505350892,-2.335944340619676,189.15913669405512
339.3221056879734,-36.705491076953095,1.0000000000000127,0.8492961081157802,-2.335532607033052,189.98298194800867
339.3281157298931,-36.71456547151845,1.0000000000000129,0.8491450138287746,-2.3351206565309717,190.80850211065007
339.3341236591814,-36.72364146221308,1.0000000000000129,0.848993968523823,-2.334708489691984,191.6356987538484
339.340129470155,-36.73271905241245,1.0000000000000129,0.8488429730508447,-2.334296107094371,192.4645734494737
339.34613315712846,-36.741798245493065,1.0000000000000129,0.8486920282598298,-2.3338835093162125,193.2951277693948
339.35213471441403,-36.75087904483255,1.0000000000000129,0.8485411350009358,-2.33347069693534,194.12736328548164
339.3581341363219,-36.75996145380958,1.000000000000013,0.8483902941243002,-2.3330576705293318,194.96128156960305
339.3641314171596,-36.76904547580391,1.0000000000000129,0.8482395064802937,-2.3326444306755505,195.79688419362898
339.370126551233,-36.77813111419636,1.000000000000013,0.8480887729192474,-2.3322309779511095,196.63417272942837
339.37611953284517,-36.78721837236885,1.000000000000013,0.8479380942917505,-2.331817312932909,197.47314874887115
339.3821103562971,-36.79630725370436,1.000000000000013,0.8477874714483704,-2.3314034361975544,198.3138138238261
339.38809901588775,-36.80539776158695,1.0000000000000129,0.8476369052398116,-2.330989348321488,199.1561695261632
339.3940855059135,-36.814489899401735,1.0000000000000129,0.8474863965168922,-2.3305750498808706,200.00021742775138
339.4000698206685,-36.823583670534916,1.000000000000013,0.8473359461305492,-2.330160541451626,200.84595910046062
339.40605195444476,-36.832679078373744,1.000000000000013,0.8471855549317802,-2.329745823609475,201.69339611615956
339.4120319015319,-36.84177612630658,1.000000000000013,0.8470352237717051,-2.3293308969298643,202.54253004671838
339.41800965621735,-36.85087481772279,1.000000000000013,0.8468849535015348,-2.3289157619880356,203.39336246400583
339.423985212786,-36.85997515601287,1.000000000000013,0.8467347449726095,-2.3285004193589813,204.2458949398919
339.42995856552085,-36.86907714456836,1.0000000000000135,0.8465845990363423,-2.328084869617456,205.10012904624543
339.4359297087022,-36.87818078678184,1.000000000000013,0.8464345165442335,-2.327669113337979,205.95606635493635
339.44189863660824,-36.887286086046984,1.0000000000000133,0.8462844983479361,-2.327253151094844,206.81370843783395
339.4478653435148,-36.8963930457585,1.0000000000000133,0.8461345452991846,-2.326836983462126,207.673056866807
339.4538298236954,-36.90550166931222,1.0000000000000133,0.8459846582497779,-2.3264206110136243,208.53411321372593
339.4597920714213,-36.91461196010497,1.0000000000000133,0.8458348380516547,-2.3260040343229207,209.3968790504592
339.4657520809613,-36.92372392153466,1.0000000000000133,0.8456850855568643,-2.325587253963395,210.26135594887702
339.471709846582,-36.93283755700026,1.0000000000000133,0.8455354016175018,-2.3251702705081314,211.1275454808481
339.4776653625475,-36.94195286990181,1.0000000000000133,0.8453857870858474,-2.3247530845300304,211.9954492182425
339.48361862311975,-36.95106986364039,1.0000000000000135,0.8452362428142308,-2.3243356966017537,212.86506873292882
339.4895696225582,-36.96018854161813,1.0000000000000135,0.8450867696550795,-2.323918107295718,213.73640559677742
339.49551835512,-36.96930890723826,1.0000000000000135,0.8449373684609167,-2.3235003171840845,214.6094613816569
339.50146481506005,-36.978430963905005,1.0000000000000135,0.8447880400844099,-2.3230823268388328,215.48423765943727
339.50740899663066,-36.98755471502369,1.0000000000000135,0.844638785378292,-2.3226641368316727,216.36073600198728
339.51335089408195,-36.99668016400066,1.0000000000000135,0.8444896051954203,-2.322245747734101,217.23895798117704
339.5192905016617,-37.00580731424333,1.0000000000000135,0.8443405003887179,-2.3218271601173477,218.11890516887544
339.5252278136151,-37.014936169160165,1.0000000000000135,0.844191471811266,-2.321408374552469,219.0005791369524
339.53116282418523,-37.024066732160684,1.0000000000000135,0.8440425203161777,-2.320989391610233,219.88398145727646
339.5370955276125,-37.03319900665542,1.0000000000000138,0.8438936467567455,-2.3205702118612237,220.76911370171806
339.5430259181352,-37.042332996056,1.0000000000000138,0.843744851986326,-2.320150835875747,221.65597744214574
339.54895398998895,-37.05146870377507,1.0000000000000135,0.8435961368583431,-2.3197312642239147,222.54457425042952
339.55487973740725,-37.06060613322633,1.0000000000000138,0.8434475022263825,-2.3193114974755886,223.43490569843863
339.560803154621,-37.06974528782451,1.0000000000000135,0.8432989489440814,-2.3188915362004074,224.32697335804215
339.56672423585877,-37.07888617098542,1.0000000000000138,0.843150477865219,-2.3184713809677717,225.22077880111001
339.57264297534664,-37.08802878612587,1.0000000000000138,0.8430020898436634,-2.3180510323468546,226.11632359951108
339.57855936730834,-37.09717313666373,1.0000000000000135,0.8428537857333609,-2.3176304909066054,227.0136093251153
339.5844734059651,-37.10631922601791,1.0000000000000138,0.8427055663884122,-2.3172097572157426,227.9126375497914
339.59038508553584,-37.115467057608356,1.0000000000000135,0.8425574326629857,-2.31678883184275,228.81340984540975
339.596294400237,-37.12461663485606,1.000000000000014,0.8424093854112868,-2.316367715355888,229.71592778383868
339.60220134428243,-37.13376796118305,1.000000000000014,0.8422614254877985,-2.315946408323178,230.62019293694854
339.6081059118837,-37.14292104001236,1.0000000000000138,0.8421135537469286,-2.315524911312419,231.52620687660792
339.61400809724995,-37.152075874768116,1.000000000000014,0.8419657710432471,-2.315103224891171,232.4339711746871
339.61990789458764,-37.16123246887542,1.000000000000014,0.841818078231455,-2.3146813496267917,233.3434874030544
339.625805298101,-37.17039082576044,1.000000000000014,0.8416704761663656,-2.31425928608639,234.2547571335804
