galstreams/tracks/track.ep.Gaia-5.malhan2018.ecsv
# %ECSV 1.0
# ---
# datatype:
# - {name: ra, unit: deg, datatype: float64}
# - {name: dec, unit: deg, datatype: float64}
# - {name: distance, unit: kpc, datatype: float64}
# - {name: pm_ra_cosdec, unit: mas / yr, datatype: float64}
# - {name: pm_dec, unit: mas / yr, datatype: float64}
# - {name: radial_velocity, unit: km / s, datatype: float64}
# delimiter: ','
# meta: !!omap
# - __serialized_columns__:
#     dec:
#       __class__: astropy.coordinates.angles.Latitude
#       unit: &id001 !astropy.units.Unit {unit: deg}
#       value: !astropy.table.SerializedColumn {name: dec}
#     distance:
#       __class__: astropy.coordinates.distances.Distance
#       unit: !astropy.units.Unit {unit: kpc}
#       value: !astropy.table.SerializedColumn {name: distance}
#     pm_dec:
#       __class__: astropy.units.quantity.Quantity
#       unit: !astropy.units.Unit {unit: mas / yr}
#       value: !astropy.table.SerializedColumn {name: pm_dec}
#     pm_ra_cosdec:
#       __class__: astropy.units.quantity.Quantity
#       unit: !astropy.units.Unit {unit: mas / yr}
#       value: !astropy.table.SerializedColumn {name: pm_ra_cosdec}
#     ra:
#       __class__: astropy.coordinates.angles.Longitude
#       unit: *id001
#       value: !astropy.table.SerializedColumn {name: ra}
#       wrap_angle: !astropy.coordinates.Angle
#         unit: *id001
#         value: 360.0
#     radial_velocity:
#       __class__: astropy.units.quantity.Quantity
#       unit: !astropy.units.Unit {unit: km / s}
#       value: !astropy.table.SerializedColumn {name: radial_velocity}
# schema: astropy-2.0
ra,dec,distance,pm_ra_cosdec,pm_dec,radial_velocity
136.99999999999997,22.999999999999968,18.5,0.0,0.0,0.0
137.06999009164423,23.10020966256957,18.51005025125628,0.0,0.0,0.0
137.1400846724396,23.20038842472022,18.520100502512562,0.0,0.0,0.0
137.21028437357944,23.30053609016919,18.530150753768844,0.0,0.0,0.0
137.28058982870954,23.400652461725045,18.54020100502513,0.0,0.0,0.0
137.3510016739436,23.50073734128074,18.550251256281406,0.0,0.0,0.0
137.42152054787877,23.60079052980673,18.56030150753769,0.0,0.0,0.0
137.49214709161132,23.700811827343845,18.57035175879397,0.0,0.0,0.0
137.56288194875233,23.800801032996464,18.58040201005025,0.0,0.0,0.0
137.63372576544344,23.900757944925328,18.59045226130653,0.0,0.0,0.0
137.70467919037247,24.00068236034043,18.600502512562816,0.0,0.0,0.0
137.77574287478947,24.100574075493878,18.6105527638191,0.0,0.0,0.0
137.8469174725224,24.20043288567265,18.62060301507538,0.0,0.0,0.0
137.91820363999312,24.300258585191372,18.63065326633166,0.0,0.0,0.0
137.98960203623363,24.400050967384995,18.640703517587944,0.0,0.0,0.0
138.06111332290166,24.49980982460143,18.650753768844222,0.0,0.0,0.0
138.13273816429705,24.59953494819418,18.660804020100507,0.0,0.0,0.0
138.2044772273779,24.699226128514855,18.670854271356784,0.0,0.0,0.0
138.27633118177667,24.798883154905695,18.68090452261307,0.0,0.0,0.0
138.3483006998164,24.898505815692015,18.690954773869347,0.0,0.0,0.0
138.42038645652713,24.998093898174616,18.701005025125628,0.0,0.0,0.0
138.4925891296621,25.09764718862213,18.71105527638191,0.0,0.0,0.0
138.56490939971425,25.197165472263315,18.721105527638194,0.0,0.0,0.0
138.63734794993266,25.296648533279324,18.731155778894472,0.0,0.0,0.0
138.70990546633902,25.3960961547959,18.741206030150757,0.0,0.0,0.0
138.78258263774404,25.495508118875506,18.751256281407038,0.0,0.0,0.0
138.8553801557643,25.594884206509466,18.761306532663315,0.0,0.0,0.0
138.92829871483872,25.694224197609977,18.771356783919597,0.0,0.0,0.0
139.00133901224527,25.7935278710021,18.78140703517588,0.0,0.0,0.0
139.07450174811774,25.892795004415724,18.79145728643216,0.0,0.0,0.0
139.14778762546246,25.99202537447742,18.801507537688444,0.0,0.0,0.0
139.2211973501752,26.09121875670233,18.81155778894473,0.0,0.0,0.0
139.29473163105803,26.19037492548587,18.82160804020101,0.0,0.0,0.0
139.36839117983618,26.289493654095523,18.831658291457288,0.0,0.0,0.0
139.44217671117502,26.38857471466247,18.841708542713572,0.0,0.0,0.0
139.51608894269722,26.487617878173243,18.85175879396985,0.0,0.0,0.0
139.59012859499956,26.586622914461216,18.861809045226135,0.0,0.0,0.0
139.6642963916702,26.68558959219819,18.871859296482416,0.0,0.0,0.0
139.7385930593057,26.784517678885784,18.881909547738694,0.0,0.0,0.0
139.81301932752837,26.883406940846857,18.89195979899498,0.0,0.0,0.0
139.88757592900328,26.982257143216824,18.902010050251256,0.0,0.0,0.0
139.96226359945572,27.08106804993494,18.91206030150754,0.0,0.0,0.0
140.03708307768835,27.17983942373551,18.92211055276382,0.0,0.0,0.0
140.11203510559866,27.278571026139062,18.932160804020103,0.0,0.0,0.0
140.18712042819627,27.37726261744344,18.94221105527638,0.0,0.0,0.0
140.26233979362038,27.475913956714873,18.952261306532662,0.0,0.0,0.0
140.3376939531573,27.574524801778885,18.962311557788944,0.0,0.0,0.0
140.41318366125776,27.673094909211326,18.97236180904523,0.0,0.0,0.0
140.48880967555465,27.77162403432913,18.982412060301506,0.0,0.0,0.0
140.56457275688044,27.870111931181192,18.992462311557787,0.0,0.0,0.0
140.64047366928486,27.968558352539084,19.002512562814072,0.0,0.0,0.0
140.7165131800525,28.066963049887715,19.012562814070357,0.0,0.0,0.0
140.79269205972045,28.16532577341599,19.022613065326638,0.0,0.0,0.0
140.86901108209605,28.26364627200734,19.03266331658292,0.0,0.0,0.0
140.94547102427458,28.361924293230203,19.0427135678392,0.0,0.0,0.0
141.02207266665704,28.4601595833285,19.052763819095482,0.0,0.0,0.0
141.0988167929679,28.558351887211955,19.06281407035176,0.0,0.0,0.0
141.17570419027297,28.656500948446425,19.072864321608044,0.0,0.0,0.0
141.25273564899717,28.754606509244145,19.082914572864322,0.0,0.0,0.0
141.3299119629424,28.852668310453854,19.092964824120603,0.0,0.0,0.0
141.4072339293055,28.950686091550995,19.103015075376888,0.0,0.0,0.0
141.48470234869603,29.04865959062765,19.113065326633166,0.0,0.0,0.0
141.56231802515444,29.146588544382613,19.12311557788945,0.0,0.0,0.0
141.64008176616971,29.244472688111248,19.133165829145728,0.0,0.0,0.0
141.7179943826975,29.34231175569535,19.143216080402013,0.0,0.0,0.0
141.79605668917816,29.440105479592923,19.153266331658294,0.0,0.0,0.0
141.8742695035547,29.537853590827876,19.163316582914575,0.0,0.0,0.0
141.95263364729075,29.63555581897972,19.173366834170853,0.0,0.0,0.0
142.03114994538865,29.73321189217307,19.183417085427138,0.0,0.0,0.0
142.1098192264075,29.8308215370672,19.19346733668342,0.0,0.0,0.0
142.1886423224812,29.92838447884545,19.2035175879397,0.0,0.0,0.0
142.26762006933657,30.02590044120463,19.213567839195985,0.0,0.0,0.0
142.34675330631137,30.12336914634429,19.223618090452266,0.0,0.0,0.0
142.4260428763723,30.220790314955945,19.233668341708544,0.0,0.0,0.0
142.5054896261333,30.31816366621227,19.24371859296483,0.0,0.0,0.0
142.58509440587343,30.415488917756093,19.253768844221106,0.0,0.0,0.0
142.66485806955507,30.512765785689563,19.263819095477388,0.0,0.0,0.0
142.744781474842,30.60999398456294,19.273869346733672,0.0,0.0,0.0
142.8248654831175,30.707173227363594,19.28391959798995,0.0,0.0,0.0
142.90511095950228,30.804303225504594,19.29396984924623,0.0,0.0,0.0
142.9855187728728,30.90138368881373,19.304020100502516,0.0,0.0,0.0
143.06608979587918,30.998414325521935,19.314070351758794,0.0,0.0,0.0
143.14682490496332,31.09539484225197,19.324120603015075,0.0,0.0,0.0
143.22772498037688,31.192324944006863,19.33417085427136,0.0,0.0,0.0
143.30879090619942,31.289204334158384,19.344221105527637,0.0,0.0,0.0
143.39002357035628,31.38603271443538,19.354271356783922,0.0,0.0,0.0
143.4714238646367,31.482809784912057,19.364321608040203,0.0,0.0,0.0
143.55299268471174,31.57953524399616,19.37437185929648,0.0,0.0,0.0
143.63473093015233,31.676208788417142,19.384422110552762,0.0,0.0,0.0
143.716639504447,31.772830113214177,19.394472361809047,0.0,0.0,0.0
143.7987193150199,31.869398911724137,19.40452261306533,0.0,0.0,0.0
143.88097127324883,31.965914875569506,19.414572864321613,0.0,0.0,0.0
143.96339629448278,32.06237769464617,19.42462311557789,0.0,0.0,0.0
144.04599529805992,32.1587870571112,19.434673366834172,0.0,0.0,0.0
144.12876920732538,32.25514264937044,19.444723618090457,0.0,0.0,0.0
144.21171894964897,32.35144415606615,19.454773869346738,0.0,0.0,0.0
144.2948454564427,32.44769126006449,19.46482412060302,0.0,0.0,0.0
144.37814966317862,32.543883642442935,19.474874371859297,0.0,0.0,0.0
144.46163250940646,32.64002098247765,19.48492462311558,0.0,0.0,0.0
144.54529493877092,32.73610295763068,19.494974874371863,0.0,0.0,0.0
144.62913789902942,32.8321292435372,19.50502512562814,0.0,0.0,0.0
144.7131623420693,32.928099513992606,19.515075376884425,0.0,0.0,0.0
144.7973692239254,33.02401344093951,19.525125628140707,0.0,0.0,0.0
144.88175950479723,33.1198706944547,19.535175879396988,0.0,0.0,0.0
144.96633414906634,33.21567094273594,19.545226130653266,0.0,0.0,0.0
145.05109412531337,33.31141385208885,19.55527638190955,0.0,0.0,0.0
145.13604040633518,33.4070990869135,19.56532663316583,0.0,0.0,0.0
145.22117396916198,33.50272630969105,19.575376884422113,0.0,0.0,0.0
145.30649579507408,33.59829518097029,19.58542713567839,0.0,0.0,0.0
145.392006869619,33.693805359354045,19.595477386934675,0.0,0.0,0.0
145.47770818262802,33.789256501485596,19.605527638190956,0.0,0.0,0.0
145.56360072823298,33.884648262034844,19.61557788944724,0.0,0.0,0.0
145.6496855048829,33.97998029368462,19.62562814070352,0.0,0.0,0.0
145.73596351536042,34.075252247116694,19.6356783919598,0.0,0.0,0.0
145.82243576679818,34.17046377099784,19.64572864321608,0.0,0.0,0.0
145.9091032706951,34.26561451196578,19.655778894472363,0.0,0.0,0.0
145.99596704293268,34.36070411461495,19.665829145728647,0.0,0.0,0.0
146.08302810379095,34.45573222148236,19.67587939698493,0.0,0.0,0.0
146.1702874779644,34.55069847303322,19.685929648241206,0.0,0.0,0.0
146.25774619457792,34.64560250764653,19.69597989949749,0.0,0.0,0.0
146.34540528720234,34.740443961600576,19.706030150753772,0.0,0.0,0.0
146.43326579387013,34.835222469058344,19.71608040201005,0.0,0.0,0.0
146.5213287570908,34.92993766205287,19.72613065326633,0.0,0.0,0.0
146.60959522386614,35.02458917047247,19.736180904522612,0.0,0.0,0.0
146.69806624570543,35.11917662204584,19.746231155778894,0.0,0.0,0.0
146.78674287864038,35.21369964232722,19.75628140703518,0.0,0.0,0.0
146.87562618324003,35.30815785468128,19.766331658291456,0.0,0.0,0.0
146.96471722462536,35.40255088026803,19.776381909547737,0.0,0.0,0.0
147.0540170724839,35.496878338027656,19.786432160804022,0.0,0.0,0.0
147.14352680108396,35.59113984466518,19.796482412060303,0.0,0.0,0.0
147.233247489289,35.68533501463512,19.806532663316585,0.0,0.0,0.0
147.32318022057126,35.77946346012601,19.81658291457287,0.0,0.0,0.0
147.41332608302602,35.87352479104481,19.82663316582915,0.0,0.0,0.0
147.50368616938488,35.967518615001296,19.83668341708543,0.0,0.0,0.0
147.59426157702933,36.06144453729236,19.846733668341713,0.0,0.0,0.0
147.68505340800382,36.15530216088609,19.85678391959799,0.0,0.0,0.0
147.776062769029,36.24909108640593,19.866834170854272,0.0,0.0,0.0
147.86729077151432,36.34281091211467,19.876884422110557,0.0,0.0,0.0
147.95873853157056,36.43646123389831,19.886934673366838,0.0,0.0,0.0
148.05040717002242,36.53004164524991,19.89698492462312,0.0,0.0,0.0
148.1422978124204,36.62355173725332,19.9070351758794,0.0,0.0,0.0
148.23441158905268,36.7169910985668,19.917085427135685,0.0,0.0,0.0
148.32674963495683,36.81035931540658,19.927135678391963,0.0,0.0,0.0
148.41931308993122,36.90365597153029,19.93718592964824,0.0,0.0,0.0
148.51210309854588,36.9968806482204,19.947236180904525,0.0,0.0,0.0
148.60512081015375,37.09003292426737,19.957286432160803,0.0,0.0,0.0
148.69836737890077,37.183112375952994,19.967336683417088,0.0,0.0,0.0
148.7918439637365,37.27611857703335,19.97738693467337,0.0,0.0,0.0
148.88555172842402,37.36905109872192,19.987437185929647,0.0,0.0,0.0
148.9794918415496,37.46190950967245,19.99748743718593,0.0,0.0,0.0
149.07366547653214,37.5546933759618,20.007537688442216,0.0,0.0,0.0
149.16807381163215,37.64740226107266,20.017587939698494,0.0,0.0,0.0
149.26271802996072,37.74003572587625,20.02763819095478,0.0,0.0,0.0
149.3575993194877,37.832593328614806,20.037688442211056,0.0,0.0,0.0
149.45271887305,37.925074624884154,20.047738693467338,0.0,0.0,0.0
149.5480778883593,38.01747916761599,20.05778894472362,0.0,0.0,0.0
149.64367756800937,38.10980650706025,20.067839195979904,0.0,0.0,0.0
149.73951911948322,38.202056190767266,20.077889447236185,0.0,0.0,0.0
149.83560375515972,38.294227763569964,20.087939698492463,0.0,0.0,0.0
149.93193269231995,38.38632076756576,20.097989949748744,0.0,0.0,0.0
150.02850715315304,38.47833474209866,20.10804020100503,0.0,0.0,0.0
150.1253283647617,38.57026922374101,20.11809045226131,0.0,0.0,0.0
150.22239755916746,38.66212374627528,20.128140703517595,0.0,0.0,0.0
150.31971597331514,38.753897840675826,20.13819095477387,0.0,0.0,0.0
150.41728484907722,38.84559103509038,20.14824120603015,0.0,0.0,0.0
150.51510543325787,38.93720285482164,20.15829145728643,0.0,0.0,0.0
150.61317897759596,39.02873282230866,20.168341708542712,0.0,0.0,0.0
150.71150673876838,39.120180457108205,20.178391959798994,0.0,0.0,0.0
150.81008997839217,39.21154527587601,20.188442211055275,0.0,0.0,0.0
150.9089299630269,39.30282679234797,20.198492462311556,0.0,0.0,0.0
151.00802796417582,39.394024517321185,20.20854271356784,0.0,0.0,0.0
151.10738525828705,39.48513795863503,20.218592964824126,0.0,0.0,0.0
151.2070031267542,39.576166621152026,20.228643216080407,0.0,0.0,0.0
151.30688285591606,39.667110006738746,20.238693467336685,0.0,0.0,0.0
151.40702573705644,39.757967614246525,20.24874371859297,0.0,0.0,0.0
151.50743306640277,39.84873893949218,20.258793969849247,0.0,0.0,0.0
151.60810614512474,39.9394234752386,20.268844221105528,0.0,0.0,0.0
151.70904627933183,40.03002071117528,20.27889447236181,0.0,0.0,0.0
151.81025478007084,40.12053013389878,20.28894472361809,0.0,0.0,0.0
151.91173296332227,40.2109512268931,20.298994974874372,0.0,0.0,0.0
152.0134821499966,40.30128347050993,20.309045226130657,0.0,0.0,0.0
152.11550366592954,40.39152634194896,20.319095477386934,0.0,0.0,0.0
152.2177988418769,40.481679315237955,20.329145728643216,0.0,0.0,0.0
152.32036901350892,40.57174186121283,20.3391959798995,0.0,0.0,0.0
152.4232155214034,40.66171344749772,20.34924623115578,0.0,0.0,0.0
152.52633971103896,40.75159353848486,20.359296482412063,0.0,0.0,0.0
152.62974293278705,40.84138159531443,20.369346733668344,0.0,0.0,0.0
152.73342654190344,40.93107707585441,20.37939698492462,0.0,0.0,0.0
152.83739189851886,41.02067943468024,20.389447236180906,0.0,0.0,0.0
152.9416403676294,41.11018812305452,20.399497487437184,0.0,0.0,0.0
153.04617331908543,41.19960258890659,20.40954773869347,0.0,0.0,0.0
153.1509921275806,41.28892227681205,20.41959798994975,0.0,0.0,0.0
153.2560981726392,41.378146627972235,20.429648241206035,0.0,0.0,0.0
153.36149283860362,41.46727508019363,20.439698492462313,0.0,0.0,0.0
153.46717751462032,41.556307067867195,20.449748743718597,0.0,0.0,0.0
153.57315359462535,41.64524202194764,20.45979899497488,0.0,0.0,0.0
153.67942247732893,41.7340793699327,20.46984924623116,0.0,0.0,0.0
153.78598556619934,41.822818535842266,20.479899497487438,0.0,0.0,0.0
153.8928442694457,41.91145894019753,20.489949748743722,0.0,0.0,0.0
154.0,41.99999999999999,20.5,0.0,0.0,0.0
