galstreams/tracks/track.st.Tri-Pis.bonaca2012.ecsv
# %ECSV 0.9
# ---
# datatype:
# - {name: ra, unit: deg, datatype: float64}
# - {name: dec, unit: deg, datatype: float64}
# - {name: distance, unit: kpc, datatype: float64}
# - {name: pm_ra_cosdec, unit: mas / yr, datatype: float64}
# - {name: pm_dec, unit: mas / yr, datatype: float64}
# - {name: radial_velocity, unit: km / s, datatype: float64}
# delimiter: ','
# meta: !!omap
# - __serialized_columns__:
#     dec:
#       __class__: astropy.coordinates.angles.Latitude
#       unit: &id001 !astropy.units.Unit {unit: deg}
#       value: !astropy.table.SerializedColumn {name: dec}
#     distance:
#       __class__: astropy.coordinates.distances.Distance
#       unit: !astropy.units.Unit {unit: kpc}
#       value: !astropy.table.SerializedColumn {name: distance}
#     pm_dec:
#       __class__: astropy.units.quantity.Quantity
#       unit: !astropy.units.Unit {unit: mas / yr}
#       value: !astropy.table.SerializedColumn {name: pm_dec}
#     pm_ra_cosdec:
#       __class__: astropy.units.quantity.Quantity
#       unit: !astropy.units.Unit {unit: mas / yr}
#       value: !astropy.table.SerializedColumn {name: pm_ra_cosdec}
#     ra:
#       __class__: astropy.coordinates.angles.Longitude
#       unit: *id001
#       value: !astropy.table.SerializedColumn {name: ra}
#       wrap_angle: !astropy.coordinates.Angle
#         unit: *id001
#         value: 360.0
#     radial_velocity:
#       __class__: astropy.units.quantity.Quantity
#       unit: !astropy.units.Unit {unit: km / s}
#       value: !astropy.table.SerializedColumn {name: radial_velocity}
# schema: astropy-2.0
ra,dec,distance,pm_ra_cosdec,pm_dec,radial_velocity
[from data line 989]
23.20893839408029,26.380644407253417,26.0,0.0,0.0,0.0
23.211165633927237,26.370834576136463,26.0,0.0,0.0,0.0
23.213395397251144,26.361025209208485,25.999999999999996,0.0,0.0,0.0
23.21562692584756,26.35121617614453,26.0,0.0,0.0,0.0
23.217858076601097,26.341407108634158,25.999999999999996,0.0,0.0,0.0
23.22008884974114,26.331598006698826,26.000000000000004,0.0,0.0,0.0
23.222319245497005,26.32178887035999,25.999999999999996,0.0,0.0,0.0
23.22454926409785,26.311979699639057,25.999999999999996,0.0,0.0,0.0
23.226778905772733,26.302170494557465,25.999999999999996,0.0,0.0,0.0
23.229008170750586,26.292361255136626,26.0,0.0,0.0,0.0
23.23123705926023,26.28255198139793,25.999999999999996,0.0,0.0,0.0
23.23346557153035,26.272742673362767,26.0,0.0,0.0,0.0
23.235693707789533,26.262933331052512,26.0,0.0,0.0,0.0
23.23792146826625,26.25312395448854,25.999999999999993,0.0,0.0,0.0
23.240148853188817,26.243314543692186,26.0,0.0,0.0,0.0
23.242375862785476,26.233505098684805,25.999999999999996,0.0,0.0,0.0
23.24460742321163,26.22369646589824,26.000000000000004,-1.734723475976807e-18,1.734723475976807e-18,-1.8060235280492516
23.24683869582712,26.21388781388815,26.0,-1.7347234759768069e-18,3.469446951953614e-18,-3.6442613818366025
23.249069592988743,26.20407912757707,25.999999999999996,-1.734723475976807e-18,6.938893903907228e-18,-5.482499235623951
23.251300114924874,26.194270406986416,25.999999999999996,0.0,1.0408340855860843e-17,-7.320737089411302
23.25353026186374,26.184461652137585,26.0,-1.0408340855860843e-17,3.469446951953614e-18,-9.15897494319865
23.255760034033486,26.174652863051996,26.0,-6.938893903907228e-18,1.3877787807814457e-17,-10.997212796986325
23.257989431662104,26.164844039751035,25.999999999999996,-6.938893903907228e-18,1.3877787807814457e-17,-12.835450650773675
23.260218454977483,26.15503518225608,26.000000000000004,-2.0816681711721685e-17,-6.938893903907228e-18,-14.673688504561028
23.262447104207403,26.145226290588496,26.000000000000004,-2.0816681711721685e-17,3.469446951953614e-17,-16.511926358348376
23.264675379579508,26.13541736476963,26.0,-6.9388939039072276e-18,2.7755575615628914e-17,-18.350164212135727
23.266903281321344,26.125608404820838,26.000000000000004,0.0,2.7755575615628914e-17,-20.188402065923075
23.26913080966032,26.115799410763444,26.000000000000007,-6.938893903907228e-18,2.7755575615628914e-17,-22.026639919710753
23.271357964823736,26.10599038261877,26.000000000000007,-2.7755575615628914e-17,-1.3877787807814457e-17,-23.8648777734981
23.273586687206645,26.09618165374593,26.000000000000004,-2.775557561562891e-17,1.3877787807814457e-17,-24.987514069574654
23.275818080047262,26.08637341366304,26.000000000000007,0.0,4.163336342344337e-17,-24.987514069574658
23.278049099590884,26.076565139404295,26.000000000000004,0.0,1.3877787807814457e-17,-24.987514069574654
23.28027974606496,26.0667568309911,26.000000000000007,-1.3877787807814455e-17,2.7755575615628914e-17,-24.987514069574658
23.282510019696804,26.056948488444842,26.0,0.0,2.7755575615628914e-17,-24.98751406957466
23.284739920713623,26.047140111786913,26.000000000000004,1.3877787807814457e-17,2.7755575615628914e-17,-24.98751406957466
23.2869694493425,26.037331701038667,26.000000000000004,0.0,5.551115123125783e-17,-24.987514069574665
23.289198605810412,26.027523256221457,26.0,0.0,2.7755575615628914e-17,-24.987514069574658
23.291427390344207,26.017714777356645,25.999999999999996,1.3877787807814457e-17,4.163336342344337e-17,-24.98751406957466
23.293655803170616,26.007906264465547,25.999999999999996,0.0,4.163336342344337e-17,-24.987514069574658
23.29588384451626,25.998097717569504,26.000000000000004,1.3877787807814457e-17,2.7755575615628914e-17,-24.98751406957466
23.298111514607644,25.988289136689815,26.000000000000004,-2.7755575615628914e-17,1.3877787807814457e-17,-24.98751406957466
23.300338813671164,25.978480521847803,25.999999999999996,1.3877787807814455e-17,5.551115123125783e-17,-24.987514069574665
23.302565741933073,25.96867187306472,26.000000000000004,0.0,2.7755575615628914e-17,-24.98751406957466
23.30479624052162,25.95886386736181,26.0,2.7755575615628914e-17,4.163336342344337e-17,-24.98751406957466
23.307027380802687,25.949056001603896,26.000000000000004,-1.3877787807814457e-17,4.163336342344337e-17,-24.98751406957466
23.309258150167434,25.93924810181784,26.0,0.0,1.3877787807814457e-17,-24.98751406957467
23.311488548842274,25.929440168025014,25.999999999999996,0.0,2.7755575615628914e-17,-24.98751406957466
23.31371857705348,25.91963220024677,25.999999999999996,0.0,2.7755575615628914e-17,-24.987514069574658
23.315948235027232,25.909824198504452,26.0,-1.3877787807814457e-17,1.3877787807814457e-17,-24.987514069574654
23.31817752298959,25.90001616281941,26.000000000000004,0.0,0.0,-24.98751406957466
23.320406441166494,25.890208093212955,26.0,0.0,2.7755575615628914e-17,-24.98751406957466
23.32263498978376,25.8803999897064,26.000000000000004,0.0,1.3877787807814457e-17,-24.987514069574665
23.32486316906711,25.87059185232106,26.000000000000004,0.0,2.7755575615628914e-17,-24.98751406957466
23.327090979242136,25.86078368107821,26.000000000000004,1.3877787807814457e-17,0.0,-24.98751406957466
23.329318420534314,25.850975475999153,26.000000000000004,-1.3877787807814457e-17,0.0,-24.98751406957466
23.33154549316901,25.841167237105147,26.0,-1.3877787807814457e-17,-1.3877787807814457e-17,-24.987514069574658
23.333773188455694,25.83135913465457,26.000000000000004,2.7755575615628914e-17,-1.3877787807814457e-17,-24.98751406957466
23.336004447824685,25.821551673866377,26.000000000000004,1.3877787807814457e-17,-1.3877787807814457e-17,-24.98751406957466
23.338235338427882,25.81174417917752,26.000000000000004,-1.3877787807814455e-17,0.0,-24.98751406957466
23.340465860490795,25.80193665060937,26.000000000000004,1.3877787807814457e-17,2.7755575615628914e-17,-24.98751406957466
23.3426960142388,25.792129088183238,26.0,0.0,0.0,-24.987514069574658
23.344925799897158,25.782321491920467,26.000000000000004,2.7755575615628914e-17,4.163336342344337e-17,-24.98751406957466
23.347155217691018,25.77251386184236,26.000000000000004,0.0,-1.3877787807814457e-17,-24.987514069574665
23.34938426784543,25.762706197970235,25.999999999999996,1.3877787807814455e-17,1.3877787807814457e-17,-24.987514069574654
23.351612950585302,25.752898500325372,25.999999999999996,1.3877787807814457e-17,1.3877787807814457e-17,-24.987514069574658
23.353841266135444,25.743090768929065,26.0,0.0,2.7755575615628914e-17,-24.987514069574654
23.356069214720552,25.73328300380258,25.999999999999996,0.0,0.0,-24.987514069574654
23.358296796565202,25.72347520496718,25.999999999999996,2.775557561562891e-17,1.3877787807814457e-17,-24.987514069574658
23.360524011893855,25.713667372444107,25.999999999999996,2.775557561562891e-17,5.551115123125783e-17,-24.987514069574654
23.36275086093086,25.703859506254602,25.999999999999996,-1.3877787807814457e-17,2.7755575615628914e-17,-24.987514069574654
23.364980311802793,25.694052116149095,25.999999999999996,1.3877787807814457e-17,2.7755575615628914e-17,-24.987514069574658
23.367211321987288,25.68424502304789,26.0,1.3877787807814455e-17,0.0,-24.987514069574654
23.36944196577844,25.67443789619603,25.999999999999996,0.0,4.163336342344337e-17,-24.987514069574658
23.37167224340074,25.664630735614818,25.999999999999996,0.0,4.163336342344337e-17,-24.987514069574658
23.37390215507855,25.654823541325563,25.999999999999996,1.3877787807814457e-17,2.7755575615628914e-17,-24.98751406957466
23.376131701036115,25.645016313349565,26.000000000000004,1.3877787807814457e-17,1.3877787807814457e-17,-24.98751406957466
23.37836088149759,25.63520905170811,25.999999999999996,0.0,-1.3877787807814457e-17,-24.987514069574658
23.380589696686982,25.625401756422455,26.000000000000004,0.0,0.0,-24.987514069574665
23.382818146828214,25.615594427513894,26.000000000000004,0.0,1.3877787807814457e-17,-24.987514069574665
23.38504623214508,25.605787065003636,26.0,1.3877787807814457e-17,-1.3877787807814457e-17,-24.98751406957466
23.38727395286126,25.595979668912957,26.0,-1.3877787807814455e-17,1.3877787807814457e-17,-24.98751406957466
23.389501309200323,25.586172239263064,25.999999999999996,2.7755575615628914e-17,1.3877787807814457e-17,-24.987514069574665
23.391728301385733,25.576364776075188,26.0,0.0,-1.3877787807814457e-17,-24.987514069574654
23.393954983828337,25.566557288675998,25.999999999999996,0.0,0.0,-24.98751406957466
23.39618611193201,25.556750593673257,26.000000000000004,1.3877787807814457e-17,1.3877787807814457e-17,-24.98751406957467
23.39841687578666,25.54694386504967,26.000000000000004,2.7755575615628914e-17,1.3877787807814457e-17,-24.98751406957466
23.40064727561586,25.53713710282654,26.000000000000004,2.7755575615628914e-17,2.7755575615628914e-17,-24.987514069574665
23.402877311643092,25.527330307025156,26.000000000000004,-1.3877787807814457e-17,1.3877787807814457e-17,-24.987514069574665
23.405106984091713,25.517523477666796,26.0,2.775557561562891e-17,1.3877787807814457e-17,-24.987514069574658
23.407336293184965,25.507716614772704,25.999999999999996,1.3877787807814457e-17,5.551115123125783e-17,-24.987514069574658
23.40956523914599,25.49790971836415,25.999999999999996,0.0,-1.3877787807814457e-17,-24.98751406957466
23.411793822197804,25.488102788462367,26.000000000000004,-1.3877787807814457e-17,-1.3877787807814457e-17,-24.98751406957466
23.414022042563328,25.478295825088594,25.999999999999996,2.7755575615628914e-17,2.7755575615628914e-17,-24.98751406957466
23.41624990046534,25.46848882826404,25.999999999999996,2.7755575615628914e-17,0.0,-24.98751406957466
23.418477396126534,25.45868179800993,25.999999999999996,-2.775557561562891e-17,0.0,-24.987514069574665
23.420704529769484,25.448874734347452,25.999999999999996,0.0,0.0,-24.987514069574665
23.422931301616643,25.43906763729779,25.999999999999996,-1.3877787807814457e-17,1.3877787807814457e-17,-24.987514069574658
23.425159719293834,25.429260851564184,26.0,0.0,1.3877787807814457e-17,-24.987514069574658
23.427390601542307,25.419454517701222,26.0,0.0,4.163336342344337e-17,-24.987514069574665
23.42962112190612,25.409648150369698,26.0,0.0,-1.3877787807814457e-17,-24.98751406957466
23.431851280607862,25.399841749590877,26.0,-1.3877787807814457e-17,0.0,-24.987514069574665
23.434081077870026,25.390035315386015,25.999999999999993,1.3877787807814455e-17,4.163336342344337e-17,-24.98751406957466
23.43631051391495,25.380228847776348,25.999999999999996,-1.3877787807814457e-17,1.3877787807814457e-17,-24.98751406957466
23.438539588964904,25.37042234678311,25.999999999999996,0.0,0.0,-24.987514069574654
23.440768303242017,25.360615812427522,26.000000000000007,1.3877787807814457e-17,1.3877787807814457e-17,-24.987514069574658
23.442996656968315,25.350809244730804,26.000000000000004,0.0,0.0,-24.98751406957466
23.44522465036572,25.341002643714145,26.000000000000007,-1.3877787807814455e-17,-1.3877787807814457e-17,-24.987514069574658
23.44745228365603,25.331196009398745,26.000000000000004,0.0,2.7755575615628914e-17,-24.987514069574665
23.449679557060957,25.32138934180577,25.999999999999996,0.0,-4.163336342344337e-17,-24.987514069574658
23.45190647080206,25.311582640956395,26.000000000000004,0.0,0.0,-24.98751406957466
23.454133025100816,25.30177590687179,26.0,0.0,2.7755575615628914e-17,-24.98751406957466
23.456363154017623,25.291969814947535,26.000000000000004,0.0,-1.3877787807814457e-17,-24.987514069574665
23.45859379323888,25.28216383906148,26.0,4.163336342344337e-17,0.0,-24.98751406957466
23.46082407293537,25.272357829860244,26.000000000000007,-1.3877787807814455e-17,-2.7755575615628914e-17,-24.987514069574658
23.463053993328703,25.262551787365087,26.000000000000004,-2.7755575615628914e-17,-2.7755575615628914e-17,-24.987514069574658
23.465283554640365,25.25274571159722,26.000000000000004,0.0,0.0,-24.987514069574658
23.467512757091733,25.242939602577867,26.000000000000004,2.7755575615628914e-17,1.3877787807814457e-17,-24.98751406957466
23.469741600904058,25.233133460328215,25.999999999999993,-1.3877787807814457e-17,1.3877787807814457e-17,-24.987514069574654
23.4719700862985,25.22332728486946,26.0,-1.3877787807814457e-17,1.3877787807814457e-17,-24.987514069574658
23.474198213496116,25.213521076222783,26.0,0.0,5.551115123125783e-17,-24.98751406957466
23.476425982717814,25.203714834409343,26.0,0.0,2.7755575615628914e-17,-24.98751406957466
23.478653394184423,25.19390855945032,26.0,-1.3877787807814457e-17,4.163336342344337e-17,-24.987514069574654
23.48088044811666,25.18410225136685,26.0,-2.7755575615628914e-17,5.551115123125783e-17,-24.987514069574654
23.483107144735126,25.17429591018007,25.999999999999996,-1.3877787807814457e-17,4.163336342344337e-17,-24.987514069574654
23.485334544130303,25.16448971785106,26.0,0.0,1.3877787807814457e-17,-24.987514069574654
23.487565300526906,25.154684129984634,25.999999999999996,-1.3877787807814457e-17,1.3877787807814457e-17,-24.987514069574647
23.489795699533506,25.144878508936355,26.000000000000004,-2.7755575615628914e-17,-1.3877787807814457e-17,-24.987514069574658
23.492025741370814,25.13507285472743,25.999999999999996,-1.3877787807814455e-17,2.7755575615628914e-17,-24.987514069574654
23.49425542625945,25.12526716737907,26.0,1.3877787807814455e-17,2.7755575615628914e-17,-24.98751406957466
23.496484754419907,25.115461446912462,26.000000000000004,1.3877787807814457e-17,2.7755575615628914e-17,-24.987514069574665
23.498713726072594,25.10565569334879,26.0,0.0,2.7755575615628914e-17,-24.987514069574658
23.50094234143778,25.09584990670921,26.000000000000007,-4.163336342344337e-17,-2.7755575615628914e-17,-24.98751406957466
23.503170600735665,25.0860440870149,26.000000000000004,-1.3877787807814455e-17,-2.7755575615628914e-17,-24.98751406957466
23.50539850418629,25.07623823428701,26.000000000000004,0.0,-1.3877787807814457e-17,-24.98751406957466
23.507626052009616,25.066432348546677,26.000000000000007,0.0,0.0,-24.987514069574665
23.5098532444255,25.056626429815026,26.000000000000004,1.3877787807814457e-17,1.3877787807814457e-17,-24.987514069574658
23.512080081653668,25.046820478113172,26.000000000000004,0.0,2.7755575615628914e-17,-24.98751406957466
23.51430656391374,25.037014493462234,26.000000000000004,-2.7755575615628914e-17,1.3877787807814457e-17,-24.98751406957467
23.51653565462841,25.027208984487153,26.000000000000004,-2.775557561562891e-17,-2.7755575615628914e-17,-24.987514069574665
23.518766171255624,25.01740374818748,26.000000000000007,-1.3877787807814457e-17,-2.7755575615628914e-17,-24.987514069574665
23.52099633284486,25.007598478861617,26.000000000000004,-2.775557561562891e-17,-2.7755575615628914e-17,-24.98751406957467
23.523226139615883,24.99779317653076,26.000000000000007,-1.3877787807814457e-17,-1.3877787807814457e-17,-24.987514069574665
23.52545559178833,24.987987841216075,26.000000000000007,-1.3877787807814457e-17,0.0,-24.98751406957466
23.527684689581722,24.97818247293872,26.000000000000007,-2.775557561562891e-17,0.0,-24.98751406957466
23.5299134332155,24.968377071719846,26.000000000000004,-4.163336342344337e-17,-1.3877787807814457e-17,-24.987514069574658
23.53214182290898,24.958571637580594,26.000000000000004,-2.7755575615628914e-17,-4.163336342344337e-17,-24.98751406957466
23.53436985888136,24.948766170542115,26.000000000000004,0.0,1.3877787807814457e-17,-24.98751406957466
23.536597541351725,24.938960670625494,26.000000000000004,-1.3877787807814455e-17,-1.3877787807814457e-17,-24.987514069574658
23.53882487053908,24.929155137851865,25.999999999999996,0.0,-1.3877787807814457e-17,-24.987514069574654
23.541051846662295,24.919349572242318,26.000000000000004,0.0,1.3877787807814457e-17,-24.98751406957466
23.543278469940148,24.909543973817943,25.999999999999996,-1.3877787807814455e-17,0.0,-24.987514069574658
23.54550486634705,24.899738364181847,26.000000000000004,-2.7755575615628914e-17,-1.3877787807814457e-17,-24.987514069574647
23.54773549890051,24.889933509246717,26.000000000000004,-1.3877787807814457e-17,1.3877787807814457e-17,-24.987514069574654
