galstreams/tracks/track.po.PS1-D.bernard2016.ecsv
# %ECSV 0.9
# ---
# datatype:
# - {name: ra, unit: deg, datatype: float64}
# - {name: dec, unit: deg, datatype: float64}
# - {name: distance, unit: kpc, datatype: float64}
# - {name: pm_ra_cosdec, unit: mas / yr, datatype: float64}
# - {name: pm_dec, unit: mas / yr, datatype: float64}
# - {name: radial_velocity, unit: km / s, datatype: float64}
# delimiter: ','
# meta: !!omap
# - __serialized_columns__:
#     dec:
#       __class__: astropy.coordinates.angles.Latitude
#       unit: &id001 !astropy.units.Unit {unit: deg}
#       value: !astropy.table.SerializedColumn {name: dec}
#     distance:
#       __class__: astropy.coordinates.distances.Distance
#       unit: !astropy.units.Unit {unit: kpc}
#       value: !astropy.table.SerializedColumn {name: distance}
#     pm_dec:
#       __class__: astropy.units.quantity.Quantity
#       unit: !astropy.units.Unit {unit: mas / yr}
#       value: !astropy.table.SerializedColumn {name: pm_dec}
#     pm_ra_cosdec:
#       __class__: astropy.units.quantity.Quantity
#       unit: !astropy.units.Unit {unit: mas / yr}
#       value: !astropy.table.SerializedColumn {name: pm_ra_cosdec}
#     ra:
#       __class__: astropy.coordinates.angles.Longitude
#       unit: *id001
#       value: !astropy.table.SerializedColumn {name: ra}
#       wrap_angle: !astropy.coordinates.Angle
#         unit: *id001
#         value: 360.0
#     radial_velocity:
#       __class__: astropy.units.quantity.Quantity
#       unit: !astropy.units.Unit {unit: km / s}
#       value: !astropy.table.SerializedColumn {name: radial_velocity}
# schema: astropy-2.0
ra,dec,distance,pm_ra_cosdec,pm_dec,radial_velocity
[from data line 1394]
139.3075607152256,-7.669902083836161,22.899999999999977,0.0,0.0,0.0
139.3079990487666,-7.659909294429376,22.899999999999977,0.0,0.0,0.0
139.30843736174452,-7.649916504579676,22.899999999999977,0.0,0.0,0.0
139.30887565418746,-7.639923714287547,22.89999999999998,0.0,0.0,0.0
139.30931392612356,-7.629930923553652,22.899999999999974,0.0,0.0,0.0
139.30975217758092,-7.619938132378658,22.899999999999974,0.0,0.0,0.0
139.3101904085876,-7.609945340763049,22.899999999999977,0.0,0.0,0.0
139.31062861917172,-7.59995254870755,22.89999999999998,0.0,0.0,0.0
139.31106680936136,-7.5899597562126475,22.89999999999998,0.0,0.0,0.0
139.31150497918458,-7.5799669632790065,22.899999999999977,0.0,0.0,0.0
139.31194312866947,-7.569974169907289,22.899999999999977,0.0,0.0,0.0
139.3123812578441,-7.5599813760979835,22.89999999999998,0.0,0.0,0.0
139.3128193667365,-7.549988581851812,22.899999999999977,0.0,0.0,0.0
139.31325745537478,-7.539995787169261,22.899999999999974,0.0,0.0,0.0
139.31369552378698,-7.530002992050992,22.899999999999974,0.0,0.0,0.0
139.3141335720011,-7.520010196497669,22.89999999999998,0.0,0.0,0.0
139.3145716000452,-7.510017400509781,22.899999999999974,0.0,0.0,0.0
139.3150096079474,-7.500024604088043,22.899999999999977,0.0,0.0,0.0
139.31544759573563,-7.490031807232951,22.899999999999977,0.0,0.0,0.0
139.31588556343794,-7.480039009945217,22.899999999999974,0.0,0.0,0.0
139.31632351108243,-7.470046212225338,22.899999999999974,0.0,0.0,0.0
139.316761438697,-7.460053414073963,22.89999999999998,0.0,0.0,0.0
139.31719934630976,-7.450060615491762,22.899999999999977,0.0,0.0,0.0
139.31763723394866,-7.440067816479225,22.899999999999977,0.0,0.0,0.0
139.31807510164174,-7.430075017037062,22.899999999999977,0.0,0.0,0.0
139.31851294941697,-7.420082217165769,22.89999999999998,0.0,0.0,0.0
139.31895077730235,-7.410089416866003,22.89999999999998,0.0,0.0,0.0
139.3193885853259,-7.400096616138421,22.89999999999998,0.0,0.0,0.0
139.31982637351555,-7.390103814983517,22.89999999999998,0.0,0.0,0.0
139.32026414189932,-7.380111013402004,22.89999999999998,0.0,0.0,0.0
139.32070189050518,-7.370118211394379,22.899999999999977,0.0,0.0,0.0
139.32113961936102,-7.360125408961287,22.89999999999998,0.0,0.0,0.0
139.32157732849493,-7.350132606103398,22.899999999999977,0.0,0.0,0.0
139.3220150179348,-7.340139802821198,22.89999999999998,0.0,0.0,0.0
139.3224526877086,-7.330146999115405,22.89999999999998,0.0,0.0,0.0
139.32289033784426,-7.320154194986501,22.89999999999998,0.0,0.0,0.0
139.3233279683697,-7.3101613904352085,22.899999999999977,0.0,0.0,0.0
139.32376557931295,-7.300168585462009,22.89999999999998,0.0,0.0,0.0
139.32420317070185,-7.2901757800675675,22.89999999999998,0.0,0.0,0.0
139.32464074256438,-7.2801829742525435,22.899999999999977,0.0,0.0,0.0
139.32507829492846,-7.270190168017418,22.89999999999998,0.0,0.0,0.0
139.325515827822,-7.26019736136291,22.899999999999977,0.0,0.0,0.0
139.3259533412729,-7.250204554289506,22.89999999999998,0.0,0.0,0.0
139.3263908353091,-7.240211746797869,22.899999999999977,0.0,0.0,0.0
139.32682830995847,-7.230218938888647,22.89999999999998,0.0,0.0,0.0
139.32726576524894,-7.220226130562336,22.89999999999998,0.0,0.0,0.0
139.3277032012084,-7.210233321819647,22.89999999999998,0.0,0.0,0.0
139.32814061786473,-7.20024051266107,22.89999999999998,0.0,0.0,0.0
139.32857801524585,-7.190247703087255,22.899999999999984,0.0,0.0,0.0
139.3290153933796,-7.180254893098876,22.89999999999998,0.0,0.0,0.0
139.32945275229386,-7.170262082696398,22.899999999999984,0.0,0.0,0.0
139.3298900920165,-7.160269271880555,22.899999999999977,0.0,0.0,0.0
139.33032741257543,-7.150276460651817,22.89999999999998,0.0,0.0,0.0
139.33076471399846,-7.1402836490109145,22.899999999999974,0.0,0.0,0.0
139.33120199631347,-7.130290836958316,22.89999999999998,0.0,0.0,0.0
139.3316392595483,-7.120298024494692,22.89999999999998,0.0,0.0,0.0
139.33207650373083,-7.110305211620694,22.899999999999984,0.0,0.0,0.0
139.33251372888887,-7.100312398336807,22.89999999999998,0.0,0.0,0.0
139.33295093505023,-7.09031958464375,22.89999999999998,0.0,0.0,0.0
139.3333881222428,-7.080326770542004,22.89999999999998,0.0,0.0,0.0
139.33382529049442,-7.070333956032224,22.89999999999998,0.0,0.0,0.0
139.33426243983286,-7.0603411411150665,22.899999999999988,0.0,0.0,0.0
139.33469957028598,-7.050348325791025,22.899999999999984,0.0,0.0,0.0
139.33513668188155,-7.040355510060805,22.89999999999998,0.0,0.0,0.0
139.33557377464743,-7.030362693924894,22.899999999999984,0.0,0.0,0.0
139.33601084861138,-7.020369877384002,22.89999999999998,0.0,0.0,0.0
139.33644790380123,-7.010377060438622,22.89999999999998,0.0,0.0,0.0
139.3368849402448,-7.0003842430894,22.89999999999998,0.0,0.0,0.0
139.3373219579698,-6.990391425336994,22.899999999999984,0.0,0.0,0.0
139.3377589570041,-6.980398607181893,22.899999999999984,0.0,0.0,0.0
139.33819593737545,-6.970405788624808,22.899999999999984,0.0,0.0,0.0
139.3386328991116,-6.960412969666222,22.89999999999998,0.0,0.0,0.0
139.33906984224035,-6.950420150306791,22.899999999999984,0.0,0.0,0.0
139.3395067667895,-6.94042733054717,22.89999999999998,0.0,0.0,0.0
139.33994367278675,-6.930434510387841,22.89999999999998,0.0,0.0,0.0
139.3403805602599,-6.920441689829517,22.899999999999984,0.0,0.0,0.0
139.34081742923664,-6.910448868872686,22.89999999999998,0.0,0.0,0.0
139.34125427974482,-6.900456047517998,22.899999999999984,0.0,0.0,0.0
139.34169111181214,-6.890463225766111,22.89999999999998,0.0,0.0,0.0
139.34212792546634,-6.880470403617506,22.89999999999998,0.0,0.0,0.0
139.34256472073514,-6.870477581072897,22.89999999999998,0.0,0.0,0.0
139.3430014976463,-6.860484758132762,22.89999999999998,0.0,0.0,0.0
139.3434382562275,-6.850491934797822,22.89999999999998,0.0,0.0,0.0
139.3438749965065,-6.840499111068551,22.89999999999998,0.0,0.0,0.0
139.34431171851102,-6.830506286945606,22.89999999999998,0.0,0.0,0.0
139.34474842226876,-6.820513462429642,22.89999999999998,0.0,0.0,0.0
139.34518510780745,-6.810520637521143,22.899999999999984,0.0,0.0,0.0
139.34562177515477,-6.8005278122208175,22.899999999999984,0.0,0.0,0.0
139.3460584243384,-6.790534986529149,22.89999999999998,0.0,0.0,0.0
139.34649505538607,-6.780542160446793,22.89999999999998,0.0,0.0,0.0
139.34693166832545,-6.770549333974399,22.899999999999984,0.0,0.0,0.0
139.34736826318428,-6.76055650711245,22.899999999999988,0.0,0.0,0.0
139.34780483999018,-6.750563679861662,22.89999999999998,0.0,0.0,0.0
139.34824139877082,-6.740570852222511,22.89999999999998,0.0,0.0,0.0
139.3486779395539,-6.730578024195709,22.89999999999998,0.0,0.0,0.0
139.3491144623671,-6.72058519578174,22.89999999999998,0.0,0.0,0.0
139.3495509672381,-6.710592366981254,22.89999999999998,0.0,0.0,0.0
139.34998745419446,-6.700599537794907,22.89999999999998,0.0,0.0,0.0
139.35042392326395,-6.690606708223178,22.89999999999998,0.0,0.0,0.0
139.35086037447417,-6.680613878266775,22.899999999999988,0.0,0.0,0.0
139.35129680785278,-6.670621047926188,22.89999999999998,0.0,0.0,0.0
139.35173322342737,-6.660628217202057,22.899999999999984,0.0,0.0,0.0
139.35216962122564,-6.650635386095046,22.899999999999984,0.0,0.0,0.0
139.3526060012752,-6.64064255460563,22.89999999999998,0.0,0.0,0.0
139.35304236360366,-6.6306497227345185,22.89999999999998,0.0,0.0,0.0
139.3534787082387,-6.620656890482197,22.89999999999998,0.0,0.0,0.0
139.35391503520788,-6.610664057849308,22.899999999999984,0.0,0.0,0.0
139.35435134453883,-6.600671224836517,22.89999999999998,0.0,0.0,0.0
139.35478763625915,-6.5906783914442935,22.89999999999998,0.0,0.0,0.0
139.3552239103965,-6.580685557673349,22.89999999999998,0.0,0.0,0.0
139.35566016697842,-6.570692723524165,22.89999999999998,0.0,0.0,0.0
139.35609640603258,-6.560699888997393,22.89999999999998,0.0,0.0,0.0
139.35653262758646,-6.550707054093687,22.899999999999988,0.0,0.0,0.0
139.35696883166776,-6.540714218813523,22.89999999999998,0.0,0.0,0.0
139.35740501830398,-6.530721383157612,22.89999999999998,0.0,0.0,0.0
139.35784118752278,-6.520728547126435,22.89999999999998,0.0,0.0,0.0
139.3582773393517,-6.510735710720696,22.89999999999998,0.0,0.0,0.0
139.35871347381826,-6.500742873940879,22.89999999999998,0.0,0.0,0.0
139.3591495909501,-6.490750036787629,22.899999999999988,0.0,0.0,0.0
139.35958569077474,-6.480757199261609,22.899999999999977,0.0,0.0,0.0
139.36002177331977,-6.470764361363283,22.89999999999998,0.0,0.0,0.0
139.36045783861275,-6.46077152309337,22.89999999999998,0.0,0.0,0.0
139.3608938866812,-6.450778684452345,22.89999999999998,0.0,0.0,0.0
139.36132991755264,-6.440785845440861,22.89999999999998,0.0,0.0,0.0
139.3617659312547,-6.430793006059565,22.89999999999998,0.0,0.0,0.0
139.36220192781482,-6.42080016630894,22.89999999999998,0.0,0.0,0.0
139.3626379072606,-6.410807326189689,22.899999999999977,0.0,0.0,0.0
139.36307386961954,-6.40081448570229,22.89999999999998,0.0,0.0,0.0
139.36350981491915,-6.390821644847456,22.899999999999977,0.0,0.0,0.0
139.363945743187,-6.380828803625664,22.89999999999998,0.0,0.0,0.0
139.3643816544506,-6.370835962037561,22.899999999999984,0.0,0.0,0.0
139.36481754873742,-6.360843120083798,22.899999999999977,0.0,0.0,0.0
139.365253426075,-6.350850277764855,22.89999999999998,0.0,0.0,0.0
139.36568928649078,-6.340857435081436,22.89999999999998,0.0,0.0,0.0
139.36612513001236,-6.330864592034023,22.89999999999998,0.0,0.0,0.0
139.36656095666714,-6.320871748623259,22.89999999999998,0.0,0.0,0.0
139.3669967664827,-6.310878904849801,22.89999999999998,0.0,0.0,0.0
139.36743255948647,-6.300886060714124,22.89999999999998,0.0,0.0,0.0
139.36786833570596,-6.290893216216931,22.89999999999998,0.0,0.0,0.0
139.36830409516864,-6.280900371358704,22.89999999999998,0.0,0.0,0.0
139.36873983790196,-6.270907526140088,22.89999999999998,0.0,0.0,0.0
139.3691755639334,-6.2609146805617355,22.89999999999998,0.0,0.0,0.0
139.36961127329042,-6.250921834624124,22.89999999999998,0.0,0.0,0.0
139.37004696600056,-6.240928988327956,22.89999999999998,0.0,0.0,0.0
139.37048264209116,-6.230936141673712,22.899999999999984,0.0,0.0,0.0
139.37091830158977,-6.220943294662096,22.89999999999998,0.0,0.0,0.0
139.37135394452378,-6.210950447293587,22.899999999999977,0.0,0.0,0.0
139.37178957092064,-6.200957599568829,22.89999999999998,0.0,0.0,0.0
139.37222518080782,-6.190964751488473,22.89999999999998,0.0,0.0,0.0
139.37266077421273,-6.180971903053001,22.899999999999977,0.0,0.0,0.0
139.37309635116284,-6.170979054263108,22.89999999999998,0.0,0.0,0.0
139.37353191168555,-6.1609862051192765,22.899999999999984,0.0,0.0,0.0
139.37396745580827,-6.150993355622159,22.89999999999998,0.0,0.0,0.0
139.37440298355844,-6.141000505772394,22.89999999999998,0.0,0.0,0.0
139.3748384949635,-6.1310076555704605,22.89999999999998,0.0,0.0,0.0
139.37527399005083,-6.121014805017069,22.89999999999998,0.0,0.0,0.0
139.3757094688479,-6.111021954112688,22.89999999999998,0.0,0.0,0.0
139.37614493138202,-6.101029102858027,22.899999999999984,0.0,0.0,0.0
139.3765803776806,-6.091036251253563,22.89999999999998,0.0,0.0,0.0
139.37701580777113,-6.081043399299939,22.89999999999998,0.0,0.0,0.0
139.37745122168093,-6.071050546997804,22.89999999999998,0.0,0.0,0.0
139.37788661943742,-6.061057694347635,22.89999999999998,0.0,0.0,0.0
139.37832200106794,-6.051064841350133,22.899999999999988,0.0,0.0,0.0
139.37875736659996,-6.041071988005779,22.89999999999998,0.0,0.0,0.0
139.37919271606074,-6.031079134315213,22.899999999999988,0.0,0.0,0.0
139.3796280494777,-6.021086280279091,22.89999999999998,0.0,0.0,0.0
139.38006336687826,-6.01109342589788,22.89999999999998,0.0,0.0,0.0
139.38049866828973,-6.0011005711722865,22.899999999999988,0.0,0.0,0.0
139.38093395373951,-5.991107716102787,22.899999999999984,0.0,0.0,0.0
139.3813692232549,-5.981114860690027,22.899999999999988,0.0,0.0,0.0
139.3818044768633,-5.971122004934651,22.899999999999984,0.0,0.0,0.0
139.38223971459203,-5.961129148837137,22.89999999999998,0.0,0.0,0.0
139.38267493646848,-5.951136292398186,22.899999999999984,0.0,0.0,0.0
139.38311014251994,-5.941143435618275,22.89999999999998,0.0,0.0,0.0
139.3835453327738,-5.931150578498107,22.89999999999998,0.0,0.0,0.0
139.38398050725732,-5.921157721038152,22.899999999999984,0.0,0.0,0.0
139.3844156659979,-5.911164863239062,22.89999999999998,0.0,0.0,0.0
139.38485080902282,-5.90117200510148,22.89999999999998,0.0,0.0,0.0
139.38528593635945,-5.89117914662588,22.89999999999998,0.0,0.0,0.0
139.38572104803507,-5.881186287812967,22.89999999999998,0.0,0.0,0.0
139.38615614407698,-5.871193428663209,22.89999999999998,0.0,0.0,0.0
139.38659122451256,-5.861200569177258,22.899999999999984,0.0,0.0,0.0
139.38702628936903,-5.851207709355758,22.899999999999988,0.0,0.0,0.0
139.38746133867375,-5.841214849199184,22.899999999999984,0.0,0.0,0.0
139.38789637245398,-5.831221988708234,22.89999999999998,0.0,0.0,0.0
139.38833139073708,-5.8212291278833845,22.89999999999998,0.0,0.0,0.0
139.38876639355024,-5.811236266725282,22.89999999999998,0.0,0.0,0.0
139.38920138092084,-5.801243405234568,22.89999999999998,0.0,0.0,0.0
139.38963635287615,-5.791250543411719,22.899999999999984,0.0,0.0,0.0
139.39007130944339,-5.781257681257435,22.89999999999998,0.0,0.0,0.0
139.3905062506499,-5.77126481877219,22.899999999999984,0.0,0.0,0.0
139.39094117652292,-5.761271955956687,22.89999999999998,0.0,0.0,0.0
139.3913760870897,-5.751279092811397,22.899999999999984,0.0,0.0,0.0
139.39181098237756,-5.741286229336965,22.899999999999988,0.0,0.0,0.0
139.39224586241372,-5.731293365534038,22.89999999999998,0.0,0.0,0.0
139.39268072722544,-5.7213005014030855,22.899999999999984,0.0,0.0,0.0
139.39311557684,-5.7113076369448095,22.89999999999998,0.0,0.0,0.0
139.3935504112846,-5.7013147721596855,22.89999999999998,0.0,0.0,0.0
139.39398523058654,-5.691321907048353,22.899999999999984,0.0,0.0,0.0
139.39442003477302,-5.681329041611459,22.899999999999984,0.0,0.0,0.0
139.3948548238713,-5.671336175849478,22.89999999999998,0.0,0.0,0.0
139.39528959790863,-5.661343309763106,22.89999999999998,0.0,0.0,0.0
139.39572435691218,-5.651350443352819,22.89999999999998,0.0,0.0,0.0
139.39615910090927,-5.641357576619261,22.89999999999998,0.0,0.0,0.0
139.39659382992704,-5.631364709563069,22.89999999999998,0.0,0.0,0.0
139.39702854399275,-5.621371842184725,22.89999999999998,0.0,0.0,0.0
139.39746324313361,-5.611378974484924,22.89999999999998,0.0,0.0,0.0
139.39789792737685,-5.601386106464137,22.89999999999998,0.0,0.0,0.0
139.3983325967496,-5.591393238123069,22.89999999999998,0.0,0.0,0.0
139.39876725127917,-5.581400369462186,22.89999999999998,0.0,0.0,0.0
139.3992018909927,-5.571407500482135,22.899999999999984,0.0,0.0,0.0
139.39963651591742,-5.56141463118356,22.899999999999984,0.0,0.0,0.0
139.4000711260805,-5.551421761566926,22.899999999999984,0.0,0.0,0.0
139.40050572150912,-5.541428891632942,22.899999999999988,0.0,0.0,0.0
139.4009403022305,-5.531436021382076,22.89999999999998,0.0,0.0,0.0
139.4013748682718,-5.521443150814967,22.89999999999998,0.0,0.0,0.0
139.4018094196602,-5.511450279932262,22.89999999999998,0.0,0.0,0.0
139.40224395642292,-5.501457408734429,22.899999999999988,0.0,0.0,0.0
139.40267847858706,-5.49146453722217,22.89999999999998,0.0,0.0,0.0
139.40311298617982,-5.481471665395957,22.899999999999984,0.0,0.0,0.0
139.4035474792284,-5.471478793256488,22.89999999999998,0.0,0.0,0.0
139.40398195775992,-5.461485920804231,22.89999999999998,0.0,0.0,0.0
139.40441642180153,-5.451493048039832,22.899999999999988,0.0,0.0,0.0
139.4048508713804,-5.441500174963932,22.899999999999984,0.0,0.0,0.0
139.4052853065237,-5.4315073015770015,22.89999999999998,0.0,0.0,0.0
139.40571972725857,-5.421514427879737,22.89999999999999,0.0,0.0,0.0
139.40615413361215,-5.411521553872617,22.899999999999988,0.0,0.0,0.0
139.40658852561157,-5.401528679556277,22.899999999999984,0.0,0.0,0.0
139.40702290328394,-5.391535804931357,22.89999999999998,0.0,0.0,0.0
139.40745726665645,-5.38154292999833,22.899999999999984,0.0,0.0,0.0
139.4078916157562,-5.371550054757895,22.899999999999984,0.0,0.0,0.0
139.40832595061033,-5.361557179210521,22.899999999999988,0.0,0.0,0.0
139.40876027124597,-5.351564303356853,22.899999999999988,0.0,0.0,0.0
139.40919457769022,-5.341571427197527,22.899999999999988,0.0,0.0,0.0
