galstreams/tracks/track.st.NGC3201-Gjoll.ibata2024.ecsv
# %ECSV 1.0
# ---
# datatype:
# - {name: ra, unit: deg, datatype: float64}
# - {name: dec, unit: deg, datatype: float64}
# - {name: distance, unit: kpc, datatype: float64}
# - {name: pm_ra_cosdec, unit: mas / yr, datatype: float64}
# - {name: pm_dec, unit: mas / yr, datatype: float64}
# - {name: radial_velocity, unit: km / s, datatype: float64}
# delimiter: ','
# meta: !!omap
# - __serialized_columns__:
#     dec:
#       __class__: astropy.coordinates.angles.Latitude
#       unit: &id001 !astropy.units.Unit {unit: deg}
#       value: !astropy.table.SerializedColumn {name: dec}
#     distance:
#       __class__: astropy.coordinates.distances.Distance
#       unit: !astropy.units.Unit {unit: kpc}
#       value: !astropy.table.SerializedColumn {name: distance}
#     pm_dec:
#       __class__: astropy.units.quantity.Quantity
#       unit: !astropy.units.Unit {unit: mas / yr}
#       value: !astropy.table.SerializedColumn {name: pm_dec}
#     pm_ra_cosdec:
#       __class__: astropy.units.quantity.Quantity
#       unit: !astropy.units.Unit {unit: mas / yr}
#       value: !astropy.table.SerializedColumn {name: pm_ra_cosdec}
#     ra:
#       __class__: astropy.coordinates.angles.Longitude
#       unit: *id001
#       value: !astropy.table.SerializedColumn {name: ra}
#       wrap_angle: !astropy.coordinates.Angle
#         unit: *id001
#         value: 360.0
#     radial_velocity:
#       __class__: astropy.units.quantity.Quantity
#       unit: !astropy.units.Unit {unit: km / s}
#       value: !astropy.table.SerializedColumn {name: radial_velocity}
# schema: astropy-2.0
ra,dec,distance,pm_ra_cosdec,pm_dec,radial_velocity
[from data line 2962]
76.31858073858986,-8.661421248587706,0.9999999999999997,22.58014516099187,-23.376340104451135,15.471900974512359
76.3259890385156,-8.668205694078361,0.9999999999999998,22.581540595726494,-23.377103795599112,15.555235466153484
76.33339768961685,-8.67498990704676,0.9999999999999998,22.582935015530822,-23.377865773462663,15.63856810474829
76.3408066920477,-8.681773887435613,0.9999999999999998,22.58432842062181,-23.37862603818982,15.721898888977737
76.34821604596246,-8.688557635187742,0.9999999999999997,22.58572081121631,-23.379384589928716,15.805227817522802
76.35562575151539,-8.695341150245937,0.9999999999999999,22.58711218753106,-23.38014142882753,15.888554889064608
76.36303580886066,-8.702124432552882,0.9999999999999996,22.588502549782692,-23.380896555034585,15.971880102284073
76.37044621815265,-8.708907482051364,0.9999999999999997,22.589891898187663,-23.38164996869823,16.055203455862248
76.3778569795455,-8.715690298684022,0.9999999999999998,22.591280232962365,-23.382401669966953,16.13852494848015
76.3852680931936,-8.722472882393621,0.9999999999999998,22.592667554323054,-23.383151658989295,16.221844578818768
76.39267955925116,-8.729255233122764,0.9999999999999997,22.594053862485854,-23.383899935913906,16.305162345559165
76.40009137787256,-8.736037350814142,0.9999999999999999,22.595439157666778,-23.38464650088949,16.3884782473823
76.40750354921211,-8.74281923541044,0.9999999999999997,22.59682344008174,-23.38539135406489,16.471792282969208
76.4149160734241,-8.749600886854202,0.9999999999999998,22.598206709946474,-23.386134495588976,16.55510445100092
76.4223289506629,-8.756382305088106,0.9999999999999998,22.599588967476652,-23.386875925610745,16.638414750158457
76.42974218108282,-8.763163490054671,0.9999999999999998,22.600970212887812,-23.387615644279276,16.721723179122723
76.43715576483827,-8.769944441696504,0.9999999999999997,22.60235044639535,-23.388353651743714,16.80502973657492
76.44456970208364,-8.776725159956198,0.9999999999999998,22.603729668214577,-23.389089948153313,16.888334421195932
76.45198399297324,-8.783505644776213,0.9999999999999998,22.605107878560638,-23.389824533657396,16.9716372316668
76.45939863766155,-8.790285896099151,0.9999999999999998,22.606485077648607,-23.390557408405382,17.05493816666854
76.4668136363029,-8.79706591386743,0.9999999999999998,22.60786126569341,-23.391288572546785,17.138237224882225
76.47422898905174,-8.803845698023583,0.9999999999999997,22.60923644290985,-23.392018026231195,17.221534404988716
76.48164469606253,-8.810625248510116,0.9999999999999997,22.61061060951262,-23.392745769608265,17.304829705669157
76.48906075748967,-8.817404565269403,0.9999999999999998,22.611983765716296,-23.39347180282779,17.38812312560456
76.49647717348765,-8.824183648243949,0.9999999999999997,22.61335591173534,-23.39419612603961,17.471414663475876
76.50389394421086,-8.830962497376108,0.9999999999999998,22.614727047784054,-23.394918739393653,17.554704317964177
76.51131106981387,-8.837741112608343,0.9999999999999997,22.616097174076682,-23.395639643039946,17.637992087750426
76.51872855045107,-8.844519493882967,0.9999999999999999,22.61746629082728,-23.3963588371286,17.72127797151569
76.526146386277,-8.851297641142384,0.9999999999999997,22.61883439824985,-23.39707632180982,17.804561967940927
76.53356457744623,-8.858075554328986,0.9999999999999998,22.62020149655823,-23.397792097233857,17.887844075707207
76.54098312411315,-8.864853233385013,0.9999999999999997,22.62156758596615,-23.398506163551122,17.971124293495468
76.54840202643241,-8.871630678252872,0.9999999999999998,22.62293266668722,-23.399218520912036,18.054402619986828
76.55582128455845,-8.878407888874781,0.9999999999999998,22.624296738934937,-23.399929169467153,18.137679053862218
76.56324089864593,-8.885184865193088,0.9999999999999998,22.62565980292267,-23.400638109367097,18.22095359380266
76.57066086884929,-8.891961607149986,0.9999999999999998,22.62702185886367,-23.401345340762592,18.304226238489235
76.57808119532316,-8.898738114687758,0.9999999999999998,22.628382906971066,-23.402050863804423,18.38749698660284
76.5855018782222,-8.905514387748664,0.9999999999999998,22.629742947457878,-23.402754678643486,18.47076583682467
76.59292291770089,-8.91229042627485,0.9999999999999997,22.631101980536986,-23.40345678543075,18.55403278783552
76.60034431391392,-8.919066230208582,0.9999999999999999,22.63246000642117,-23.404157184317267,18.637297838316556
76.60776606701585,-8.925841799491954,0.9999999999999997,22.633817025323083,-23.404855875454196,18.720560986948755
76.61518817716131,-8.932617134067174,0.9999999999999997,22.63517303745524,-23.405552858992753,18.803822232413136
76.62261064450504,-8.939392233876413,0.9999999999999998,22.63652804303007,-23.40624813508427,18.887081573390645
76.63003346920156,-8.946167098861727,0.9999999999999998,22.637882042259857,-23.406941703880133,18.970339008562384
76.63745665140566,-8.9529417289653,0.9999999999999998,22.639235035356787,-23.407633565531842,19.053594536609346
76.64488019127191,-8.959716124129143,0.9999999999999996,22.640587022532902,-23.408323720190975,19.136848156212555
76.65230408895502,-8.966490284295366,0.9999999999999999,22.64193800400012,-23.409012168009188,19.220099866052955
76.65972834460976,-8.973264209406072,0.9999999999999998,22.64328797997029,-23.40969890913824,19.303349664811666
76.66715295839074,-8.98003789940321,0.9999999999999998,22.644636950655073,-23.41038394372995,19.38659755116956
76.67457793045277,-8.986811354228895,0.9999999999999998,22.645984916266055,-23.411067271936236,19.46984352380777
76.68200326095051,-8.993584573825045,0.9999999999999999,22.64733187701468,-23.411748893909124,19.55308758140732
76.68942895003876,-9.000357558133718,0.9999999999999998,22.648677833112302,-23.412428809800694,19.636329722649126
76.69685499787222,-9.007130307096824,0.9999999999999998,22.65002278477012,-23.41310701976312,19.719569946214335
76.70428140460567,-9.01390282065634,0.9999999999999999,22.651366732199218,-23.413783523948677,19.802808250783794
76.71170817039393,-9.020675098754245,0.9999999999999999,22.652709675610595,-23.41445832250971,19.886044635038626
76.71913529539175,-9.027447141332386,0.9999999999999998,22.654051615215085,-23.41513141559866,19.969279097659886
76.72656277975398,-9.034218948332732,0.9999999999999996,22.65539255122345,-23.415802803368038,20.05251163732846
76.73399062363532,-9.040990519697095,0.9999999999999996,22.656732483846266,-23.416472485970463,20.135742252725446
76.74141882719073,-9.047761855367417,0.9999999999999998,22.658071413294053,-23.41714046355862,20.218970942531815
76.74884739057494,-9.054532955285474,0.9999999999999997,22.65940933977719,-23.417806736285307,20.302197705428654
76.7562763139428,-9.061303819393128,0.9999999999999999,22.66074626350591,-23.418471304303367,20.385422540096894
76.76370559744927,-9.068074447632247,0.9999999999999997,22.662082184690384,-23.41913416776577,20.468645445217607
76.77113524124913,-9.074844839944538,0.9999999999999999,22.663417103540592,-23.419795326825547,20.551866419471803
76.77856524549728,-9.081614996271863,0.9999999999999999,22.66475102026647,-23.42045478163582,20.635085461540456
76.78599561034858,-9.088384916555912,0.9999999999999998,22.666083935077754,-23.42111253234981,20.718302570104605
76.79342633595796,-9.095154600738462,0.9999999999999998,22.667415848184138,-23.42176857912081,20.801517743845192
76.80085742248039,-9.101924048761289,0.9999999999999999,22.66874675979513,-23.422422922102182,20.884730981443408
76.80828887007068,-9.108693260566024,0.9999999999999997,22.670076670120174,-23.423075561447426,20.967942281580104
76.81572067888388,-9.115462236094436,0.9999999999999997,22.671405579368557,-23.42372649731007,21.051151642936336
76.82315284907484,-9.122230975288122,0.9999999999999998,22.672733487749447,-23.424375729843756,21.134359064193195
76.83058538079858,-9.128999478088785,0.9999999999999997,22.67406039547192,-23.42502325920223,21.217564544031614
76.83801827421009,-9.135767744438105,0.9999999999999998,22.67538630274491,-23.425669085539276,21.300768081132606
76.84545152946427,-9.142535774277626,0.9999999999999998,22.676711209777253,-23.42631320900881,21.383969674177195
76.85288514671622,-9.149303567549046,0.9999999999999998,22.67803511677762,-23.426955629764805,21.46716932184643
76.86031912612083,-9.156071124193863,0.9999999999999998,22.679358023954613,-23.42759634796133,21.550367022821252
76.86775346783323,-9.162838444153731,0.9999999999999998,22.6806799315167,-23.42823536375255,21.63356277578276
76.87518817200834,-9.169605527370138,0.9999999999999998,22.6820008396722,-23.42887267729269,21.716756579411943
76.88262323880126,-9.176372373784654,0.9999999999999999,22.683320748629345,-23.429508288736088,21.799948432389755
76.89005866836706,-9.183138983338834,0.9999999999999998,22.68463965859625,-23.430142198237135,21.883138333397326
76.89749446086076,-9.189905355974108,0.9999999999999998,22.685957569780882,-23.430774405950356,21.96632628111551
76.90493061643748,-9.196671491632047,0.9999999999999997,22.687274482391125,-23.43140491203032,22.049512274225478
76.91236713525223,-9.203437390254033,0.9999999999999998,22.688590396634705,-23.432033716631683,22.13269631140814
76.91980401746021,-9.210203051781608,0.9999999999999997,22.689905312719258,-23.432660819909227,22.215878391344603
76.92724126321643,-9.216968476156119,0.9999999999999998,22.691219230852283,-23.433286222017767,22.29905851271576
76.93467887267605,-9.223733663319019,0.9999999999999998,22.692532151241156,-23.433909923112232,22.382236674202755
76.94211684599426,-9.230498613211761,0.9999999999999997,22.693844074093185,-23.43453192334765,22.465412874486503
76.94955518332608,-9.237263325775636,0.9999999999999998,22.695154999615472,-23.435152222879097,22.548587112248033
76.95699388482679,-9.244027800952093,0.9999999999999997,22.696464928015068,-23.435770821861773,22.63175938616844
76.96443295065146,-9.25079203868241,0.9999999999999997,22.697773859498874,-23.436387720450934,22.71492969492858
76.9718723809553,-9.257556038907945,0.9999999999999997,22.69908179427368,-23.437002918801934,22.79809803720965
76.97931217589358,-9.264319801570055,0.9999999999999997,22.700388732546163,-23.437616417070217,22.881264411692573
76.98675233562136,-9.271083326609963,0.9999999999999998,22.701694674522866,-23.438228215411304,22.964428817058337
76.99419286029398,-9.27784661396902,0.9999999999999997,22.702999620410218,-23.438838313980803,23.047591251988052
77.00163375006655,-9.284609663588409,0.9999999999999997,22.70430357041455,-23.439446712934423,23.1307517151626
77.00907500509437,-9.291372475409414,0.9999999999999998,22.70560652474202,-23.440053412427925,23.213910205263026
77.01651662553273,-9.298135049373307,0.9999999999999997,22.70690848359873,-23.44065841261719,23.297066720970474
77.02395861153678,-9.30489738542122,0.9999999999999998,22.70820944719062,-23.44126171365816,23.38022126096584
77.0314009632619,-9.311659483494402,0.9999999999999997,22.709509415723534,-23.44186331570688,23.463373823930105
77.03884368086328,-9.318421343533979,0.9999999999999998,22.710808389403173,-23.442463218919475,23.546524408544382
77.04628676449632,-9.325182965481176,0.9999999999999998,22.71210636843515,-23.443061423452146,23.629673013489683
77.05373021431619,-9.331944349277048,0.9999999999999998,22.71340335302492,-23.44365792946119,23.71281963744693
77.0611740304783,-9.338705494862761,1.0,22.714699343377855,-23.444252737102993,23.795964279097266
77.068618213138,-9.345466402179468,0.9999999999999997,22.715994339699208,-23.444845846534015,23.87910693712156
77.07606276245053,-9.352227071168166,0.9999999999999997,22.71728834219406,-23.4454372579108,23.962247610200887
77.08350767857135,-9.35898750177001,0.9999999999999997,22.718581351067435,-23.446026971389987,24.045386297016293
77.09095296165574,-9.365747693925975,0.9999999999999996,22.719873366524215,-23.4466149871283,24.128522996248773
77.09839861185912,-9.372507647577136,0.9999999999999998,22.721164388769143,-23.44720130528254,24.21165770657932
77.1058446293369,-9.379267362664551,0.9999999999999998,22.722454418006873,-23.447785926009598,24.29479042668897
77.11329101424441,-9.386026839129146,0.9999999999999998,22.723743454441927,-23.448368849466465,24.37792115525875
77.12073776673714,-9.392786076911985,0.9999999999999998,22.72503149827871,-23.44895007581019,24.461049890969594
77.12818488697043,-9.399545075953945,0.9999999999999998,22.72631854972151,-23.449529605197924,24.5441766325027
77.13563237509979,-9.406303836196065,0.9999999999999998,22.727604608974467,-23.45010743778689,24.627301378538863
77.14308023128059,-9.413062357579195,0.9999999999999997,22.728889676241657,-23.450683573734434,24.710424127759193
77.15052845566832,-9.419820640044284,0.9999999999999998,22.73017375172699,-23.451258013197926,24.793544878844763
77.15797704841852,-9.426578683532275,0.9999999999999998,22.731456835634276,-23.45183075633488,24.87666363047647
77.16542600968654,-9.433336487983969,0.9999999999999998,22.732738928167205,-23.452401803302852,24.959780381335424
77.172875339628,-9.440094053340305,0.9999999999999998,22.734020029529354,-23.452971154259515,25.042895130102615
77.1803250383983,-9.446851379542048,0.9999999999999999,22.735300139924146,-23.453538809362602,25.126007875458992
77.187775106153,-9.453608466530067,0.9999999999999997,22.736579259554944,-23.454104768769955,25.209118616085657
77.19522554304767,-9.460365314245214,0.9999999999999998,22.737857388624942,-23.45466903263948,25.292227350663627
77.20267634923776,-9.467121922628198,0.9999999999999999,22.73913452733723,-23.455231601129174,25.375334077873763
77.21012752487894,-9.47387829161987,0.9999999999999999,22.740410675894797,-23.455792474397132,25.458438796397253
77.21757907012663,-9.480634421160916,0.9999999999999997,22.74168583450049,-23.45635165260153,25.541541504915113
77.22503098513648,-9.48739031119212,0.9999999999999999,22.742960003357027,-23.456909135900595,25.62464220210822
77.23248327006414,-9.494145961654239,0.9999999999999997,22.744233182667045,-23.45746492445269,25.707740886657685
77.23993592506508,-9.5009013724879,1.0,22.74550537263304,-23.45801901841624,25.79083755724454
77.24738895029503,-9.507656543633871,0.9999999999999997,22.746776573457396,-23.458571417949756,25.87393221254972
77.2548423459095,-9.514411475032743,0.9999999999999998,22.748046785342343,-23.459122123211827,25.957024851254246
77.26229611206423,-9.521166166625248,0.9999999999999998,22.74931600849005,-23.45967113436113,26.040115472039265
77.26975024891478,-9.527920618351956,0.9999999999999997,22.75058424310253,-23.460218451556447,26.1232040735856
77.27720475661683,-9.534674830153504,0.9999999999999999,22.751851489381675,-23.460764074956607,26.20629065457439
77.28465963532611,-9.541428801970541,0.9999999999999999,22.753117747529288,-23.461308004720575,26.28937521368661
77.2921148851982,-9.548182533743582,0.9999999999999997,22.75438301774702,-23.461850241007355,26.372457749603264
77.29957050638892,-9.554936025413264,0.9999999999999998,22.75564730023641,-23.46239078397604,26.45553826100545
77.30702649905382,-9.561689276920054,0.9999999999999997,22.7569105951989,-23.462929633785855,26.53861674657404
77.31448286334877,-9.568442288204565,0.9999999999999998,22.75817290283579,-23.463466790596044,26.62169320499014
77.32193959942938,-9.575195059207235,0.9999999999999998,22.759434223348272,-23.464002254566,26.70476763493474
77.32939670745142,-9.581947589868605,0.9999999999999998,22.760694556937402,-23.46453602585514,26.787840035088852
77.33685418757072,-9.588699880129184,0.9999999999999998,22.761953903804148,-23.465068104623004,26.870910404133493
77.34431203994295,-9.595451929929363,0.9999999999999998,22.763212264149328,-23.465598491029215,26.953978740749754
77.35177026472394,-9.602203739209656,0.9999999999999997,22.764469638173676,-23.466127185233468,27.037045043618498
77.35922886206941,-9.608955307910422,0.9999999999999998,22.765726026077754,-23.466654187395555,27.120109311420826
77.36668783213524,-9.615706635972105,0.9999999999999998,22.766981428062056,-23.46717949767533,27.20317154283782
