galstreams/tracks/track.st.Pal5.starkman2020.ecsv
# %ECSV 0.9
# ---
# datatype:
# - {name: ra, unit: deg, datatype: float64}
# - {name: dec, unit: deg, datatype: float64}
# - {name: distance, unit: kpc, datatype: float64}
# - {name: pm_ra_cosdec, unit: mas / yr, datatype: float64}
# - {name: pm_dec, unit: mas / yr, datatype: float64}
# - {name: radial_velocity, unit: km / s, datatype: float64}
# delimiter: ','
# meta: !!omap
# - __serialized_columns__:
#     dec:
#       __class__: astropy.coordinates.angles.Latitude
#       unit: &id001 !astropy.units.Unit {unit: deg}
#       value: !astropy.table.SerializedColumn {name: dec}
#     distance:
#       __class__: astropy.coordinates.distances.Distance
#       unit: !astropy.units.Unit {unit: kpc}
#       value: !astropy.table.SerializedColumn {name: distance}
#     pm_dec:
#       __class__: astropy.units.quantity.Quantity
#       unit: !astropy.units.Unit {unit: mas / yr}
#       value: !astropy.table.SerializedColumn {name: pm_dec}
#     pm_ra_cosdec:
#       __class__: astropy.units.quantity.Quantity
#       unit: !astropy.units.Unit {unit: mas / yr}
#       value: !astropy.table.SerializedColumn {name: pm_ra_cosdec}
#     ra:
#       __class__: astropy.coordinates.angles.Longitude
#       unit: *id001
#       value: !astropy.table.SerializedColumn {name: ra}
#       wrap_angle: !astropy.coordinates.Angle
#         unit: *id001
#         value: 360.0
#     radial_velocity:
#       __class__: astropy.units.quantity.Quantity
#       unit: !astropy.units.Unit {unit: km / s}
#       value: !astropy.table.SerializedColumn {name: radial_velocity}
# schema: astropy-2.0
ra,dec,distance,pm_ra_cosdec,pm_dec,radial_velocity
[from data line 1405]
227.49986145352722,-1.4984739315906852,22.500000000000018,0.0,0.0,-0.0
227.49250188070206,-1.5052548595645068,22.500000000000014,0.0,0.0,-0.0
227.4851449471199,-1.5120387790353338,22.500000000000018,0.0,0.0,-0.0
227.47779065302564,-1.5188256904346247,22.50000000000002,0.0,0.0,-0.0
227.47043899866424,-1.5256155941940723,22.50000000000002,0.0,0.0,-0.0
227.46308998428057,-1.532408490745599,22.500000000000018,0.0,0.0,-0.0
227.4557436101196,-1.5392043805213524,22.500000000000018,0.0,0.0,-0.0
227.44839987642612,-1.546003263953716,22.50000000000002,0.0,0.0,-0.0
227.441058783445,-1.552805141475298,22.500000000000025,0.0,0.0,-0.0
227.43372033142103,-1.55961001351894,22.500000000000018,0.0,0.0,-0.0
227.42638452059907,-1.5664178805177105,22.500000000000025,0.0,0.0,-0.0
227.41905135122389,-1.5732287429049066,22.50000000000002,0.0,0.0,-0.0
227.41172082354026,-1.580042601114056,22.500000000000018,0.0,0.0,-0.0
227.40439293779295,-1.5868594555789144,22.50000000000002,0.0,0.0,-0.0
227.3970676942267,-1.5936793067334654,22.50000000000002,0.0,0.0,-0.0
227.3897450930862,-1.6005021550119212,22.500000000000018,0.0,0.0,-0.0
227.38242513461623,-1.6073280008487234,22.50000000000002,0.0,0.0,-0.0
227.37510781906138,-1.614156844678539,22.500000000000025,0.0,0.0,-0.0
227.36779314666643,-1.6209886869362675,22.50000000000002,0.0,0.0,-0.0
227.36048111767596,-1.6278235280570288,22.50000000000002,0.0,0.0,-0.0
227.3531717323347,-1.6346613684761768,22.50000000000002,0.0,0.0,-0.0
227.34586499088718,-1.6415022086292914,22.50000000000002,0.0,0.0,-0.0
227.33856089357815,-1.6483460489521764,22.500000000000018,0.0,0.0,-0.0
227.33125944065213,-1.6551928898808665,22.500000000000018,0.0,0.0,-0.0
227.3239606323538,-1.662042731851619,22.500000000000025,0.0,0.0,-0.0
227.31666446892766,-1.6688955753009227,22.50000000000002,0.0,0.0,-0.0
227.3093709506183,-1.675751420665489,22.50000000000002,0.0,0.0,-0.0
227.30208007767035,-1.6826102683822564,22.500000000000025,0.0,0.0,-0.0
227.29479185032835,-1.689472118888391,22.50000000000002,0.0,0.0,-0.0
227.2875062688368,-1.6963369726212834,22.50000000000002,0.0,0.0,-0.0
227.2802233334403,-1.703204830018549,22.500000000000018,0.0,0.0,-0.0
227.27294304438334,-1.71007569151803,22.500000000000018,0.0,0.0,-0.0
227.26566540191047,-1.716949557557796,22.50000000000002,0.0,0.0,-0.0
227.2583904062662,-1.7238264285761367,22.500000000000025,0.0,0.0,-0.0
227.251118057695,-1.7307063050115714,22.500000000000018,0.0,0.0,-0.0
227.24384835644145,-1.7375891873028415,22.50000000000002,0.0,0.0,-0.0
227.23658130274995,-1.7444750758889134,22.50000000000002,0.0,0.0,-0.0
227.22931689686507,-1.751363971208981,22.500000000000018,0.0,0.0,-0.0
227.22205513903128,-1.7582558737024563,22.50000000000002,0.0,0.0,-0.0
227.21479602949304,-1.7651507838089837,22.50000000000002,0.0,0.0,-0.0
227.20753956849487,-1.7720487019684215,22.500000000000018,0.0,0.0,-0.0
227.2002857562812,-1.7789496286208597,22.50000000000002,0.0,0.0,-0.0
227.1930345930965,-1.7858535642066111,22.50000000000002,0.0,0.0,-0.0
227.18578607918528,-1.792760509166206,22.500000000000018,0.0,0.0,-0.0
227.17854021479198,-1.7996704639404038,22.50000000000002,0.0,0.0,-0.0
227.17129700016108,-1.8065834289701859,22.500000000000018,0.0,0.0,-0.0
227.16405643553705,-1.8134994046967523,22.500000000000025,0.0,0.0,-0.0
227.1568185211643,-1.820418391561532,22.500000000000018,0.0,0.0,-0.0
227.14958325728736,-1.8273403900061729,22.500000000000018,0.0,0.0,-0.0
227.14235064415067,-1.8342654004725427,22.50000000000002,0.0,0.0,-0.0
227.13512068199873,-1.8411934234027378,22.500000000000018,0.0,0.0,-0.0
227.1278933710759,-1.84812445923907,22.500000000000018,0.0,0.0,-0.0
227.1206687116268,-1.855058508424075,22.50000000000002,0.0,0.0,-0.0
227.1134467038958,-1.8619955714005139,22.500000000000018,0.0,0.0,-0.0
227.1062273481274,-1.868935648611362,22.50000000000002,0.0,0.0,-0.0
227.09901064456608,-1.8758787404998232,22.500000000000018,0.0,0.0,-0.0
227.09179659345634,-1.882824847509314,22.50000000000002,0.0,0.0,-0.0
227.08458519504265,-1.88977397008348,22.50000000000002,0.0,0.0,-0.0
227.07737644956947,-1.8967261086661846,22.500000000000018,0.0,0.0,-0.0
227.07017035728137,-1.9036812637015068,22.500000000000018,0.0,0.0,-0.0
227.06296691842283,-1.9106394356337522,22.50000000000002,0.0,0.0,-0.0
227.0557661332383,-1.9176006249074453,22.500000000000018,0.0,0.0,-0.0
227.0485680019724,-1.9245648319673263,22.50000000000002,0.0,0.0,-0.0
227.04137252486956,-1.9315320572583596,22.500000000000018,0.0,0.0,-0.0
227.03417970217438,-1.9385023012257285,22.500000000000018,0.0,0.0,-0.0
227.02698953413136,-1.9454755643148318,22.50000000000002,0.0,0.0,-0.0
227.01980202098508,-1.9524518469712935,22.500000000000025,0.0,0.0,-0.0
227.0126171629801,-1.9594311496409504,22.500000000000025,0.0,0.0,-0.0
227.00543496036093,-1.9664134727698626,22.500000000000018,0.0,0.0,-0.0
226.99825541337225,-1.9733988168043068,22.50000000000002,0.0,0.0,-0.0
226.99107852225856,-1.9803871821907768,22.50000000000002,0.0,0.0,-0.0
226.98390428726455,-1.987378569375989,22.500000000000018,0.0,0.0,-0.0
226.97673270863476,-1.994372978806871,22.50000000000002,0.0,0.0,-0.0
226.96956378661386,-2.001370410930574,22.50000000000002,0.0,0.0,-0.0
226.9623975214465,-2.008370866194467,22.500000000000014,0.0,0.0,-0.0
226.9552339133773,-2.0153743450461294,22.50000000000002,0.0,0.0,-0.0
226.94807296265094,-2.0223808479333663,22.500000000000025,0.0,0.0,-0.0
226.94091466951213,-2.0293903753041964,22.50000000000002,0.0,0.0,-0.0
226.93375903420556,-2.036402927606853,22.50000000000002,0.0,0.0,-0.0
226.9266060569759,-2.0434185052897886,22.50000000000002,0.0,0.0,-0.0
226.91945573806794,-2.0504371088016735,22.500000000000025,0.0,0.0,-0.0
226.9123080777264,-2.05745873859139,22.500000000000025,0.0,0.0,-0.0
226.90516307619606,-2.0644833951080415,22.50000000000002,0.0,0.0,-0.0
226.8980207337217,-2.071511078800943,22.50000000000002,0.0,0.0,-0.0
226.89088105054807,-2.078541790119626,22.500000000000018,0.0,0.0,-0.0
226.88374402692008,-2.0855755295138425,22.50000000000002,0.0,0.0,-0.0
226.87660966308255,-2.092612297433551,22.50000000000002,0.0,0.0,-0.0
226.86947795928026,-2.0996520943289343,22.500000000000018,0.0,0.0,-0.0
226.86234891575816,-2.1066949206503818,22.500000000000018,0.0,0.0,-0.0
226.85522253276113,-2.1137407768485033,22.50000000000002,0.0,0.0,-0.0
226.8480988105341,-2.120789663374123,22.500000000000018,0.0,0.0,-0.0
226.84097774932204,-2.1278415806782753,22.50000000000002,0.0,0.0,-0.0
226.83385934936985,-2.1348965292122135,22.500000000000018,0.0,0.0,-0.0
226.82674361092256,-2.1419545094274026,22.50000000000002,0.0,0.0,-0.0
226.81963053422518,-2.1490155217755196,22.50000000000002,0.0,0.0,-0.0
226.81252011952273,-2.156079566708458,22.50000000000002,0.0,0.0,-0.0
226.8054123670603,-2.1631466446783265,22.50000000000002,0.0,0.0,-0.0
226.79830727708298,-2.1702167561374406,22.50000000000002,0.0,0.0,-0.0
226.79120484983582,-2.177289901538335,22.500000000000018,0.0,0.0,-0.0
226.78410508556402,-2.1843660813337515,22.500000000000018,0.0,0.0,-0.0
226.77700798451272,-2.1914452959766497,22.50000000000002,0.0,0.0,-0.0
226.76991354692714,-2.1985275459202014,22.50000000000002,0.0,0.0,-0.0
226.76282177305245,-2.205612831617785,22.500000000000018,0.0,0.0,-0.0
226.7557326631339,-2.212701153522999,22.500000000000018,0.0,0.0,-0.0
226.74864621741682,-2.2197925120896445,22.500000000000018,0.0,0.0,-0.0
226.74156243614647,-2.2268869077717426,22.500000000000025,0.0,0.0,-0.0
226.7344813195682,-2.233984341023523,22.50000000000002,0.0,0.0,-0.0
226.72740286792734,-2.2410848122994236,22.500000000000018,0.0,0.0,-0.0
226.72032708146935,-2.248188322054097,22.500000000000018,0.0,0.0,-0.0
226.7132539604396,-2.2552948707424063,22.500000000000018,0.0,0.0,-0.0
226.70618350508357,-2.262404458819423,22.500000000000018,0.0,0.0,-0.0
226.69911571564677,-2.2695170867404304,22.50000000000002,0.0,0.0,-0.0
226.6920505923747,-2.276632754960924,22.50000000000002,0.0,0.0,-0.0
226.68498813551292,-2.283751463936606,22.50000000000002,0.0,0.0,-0.0
226.677928345307,-2.290873214123392,22.50000000000002,0.0,0.0,-0.0
226.67087122200266,-2.297998005977401,22.50000000000002,0.0,0.0,-0.0
226.66381676584544,-2.3051258399549694,22.50000000000002,0.0,0.0,-0.0
226.65676497708108,-2.312256716512638,22.50000000000002,0.0,0.0,-0.0
226.64971585595532,-2.319390636107157,22.50000000000002,0.0,0.0,-0.0
226.64266940271395,-2.3265275991954892,22.500000000000018,0.0,0.0,-0.0
226.63562561760276,-2.3336676062347985,22.50000000000002,0.0,0.0,-0.0
226.62858450086756,-2.3408106576824643,22.50000000000002,0.0,0.0,-0.0
226.6215460527543,-2.3479567539960735,22.50000000000002,0.0,0.0,-0.0
226.6145102735088,-2.3551058956334163,22.50000000000002,0.0,0.0,-0.0
226.60747716337713,-2.362258083052496,22.500000000000018,0.0,0.0,-0.0
226.60044672260523,-2.3694133167115226,22.500000000000018,0.0,0.0,-0.0
226.59341895143916,-2.3765715970689083,22.50000000000002,0.0,0.0,-0.0
226.58639385012498,-2.38373292458328,22.500000000000014,0.0,0.0,-0.0
226.57937141890883,-2.390897299713467,22.500000000000018,0.0,0.0,-0.0
226.57235165803687,-2.3980647229185075,22.50000000000002,0.0,0.0,-0.0
226.56533456775531,-2.405235194657645,22.50000000000002,0.0,0.0,-0.0
226.5583201483104,-2.4124087153903297,22.50000000000002,0.0,0.0,-0.0
226.55130839994843,-2.4195852855762197,22.50000000000002,0.0,0.0,-0.0
226.54429932291572,-2.426764905675178,22.50000000000002,0.0,0.0,-0.0
226.5372929174587,-2.4339475761472715,22.50000000000002,0.0,0.0,-0.0
226.53028918382375,-2.441133297452776,22.500000000000025,0.0,0.0,-0.0
226.52328812225738,-2.44832207005217,22.500000000000025,0.0,0.0,-0.0
226.5162897330061,-2.455513894406139,22.500000000000025,0.0,0.0,-0.0
226.50929401631643,-2.462708770975575,22.50000000000002,0.0,0.0,-0.0
226.50230097243505,-2.4699067002215696,22.500000000000018,0.0,0.0,-0.0
226.4953106016086,-2.477107682605425,22.500000000000018,0.0,0.0,-0.0
226.4883229040838,-2.4843117185886436,22.50000000000002,0.0,0.0,-0.0
226.48133788010733,-2.4915188086329336,22.50000000000002,0.0,0.0,-0.0
226.47435552992613,-2.498728953200207,22.50000000000002,0.0,0.0,-0.0
226.46737585378696,-2.505942152752582,22.500000000000018,0.0,0.0,-0.0
226.4603988519368,-2.5131584077523743,22.50000000000002,0.0,0.0,-0.0
226.45342452462253,-2.5203777186621097,22.50000000000002,0.0,0.0,-0.0
226.4464528720912,-2.5276000859445116,22.50000000000002,0.0,0.0,-0.0
226.43948389458993,-2.534825510062512,22.50000000000002,0.0,0.0,-0.0
226.43251759236577,-2.542053991479242,22.500000000000018,0.0,0.0,-0.0
226.4255539656659,-2.5492855306580333,22.50000000000002,0.0,0.0,-0.0
226.41859301473755,-2.5565201280624263,22.500000000000025,0.0,0.0,-0.0
226.41163473982803,-2.5637577841561567,22.500000000000018,0.0,0.0,-0.0
226.40467914118463,-2.570998499403167,22.50000000000002,0.0,0.0,-0.0
226.3977262190548,-2.5782422742676,22.50000000000002,0.0,0.0,-0.0
226.3907759736859,-2.585489109213798,22.50000000000002,0.0,0.0,-0.0
226.3838284053255,-2.592739004706308,22.500000000000018,0.0,0.0,-0.0
226.3768835142211,-2.599991961209877,22.500000000000018,0.0,0.0,-0.0
226.3699413006204,-2.6072479791894496,22.50000000000002,0.0,0.0,-0.0
226.36300176477107,-2.6145070591101756,22.500000000000025,0.0,0.0,-0.0
226.35606490692078,-2.621769201437406,22.50000000000002,0.0,0.0,-0.0
226.34913072731732,-2.6290344066366846,22.500000000000018,0.0,0.0,-0.0
226.3421992262086,-2.636302675173763,22.50000000000002,0.0,0.0,-0.0
226.33527040384254,-2.64357400751459,22.50000000000002,0.0,0.0,-0.0
226.32834426046708,-2.6508484041253126,22.500000000000018,0.0,0.0,-0.0
226.32142079633027,-2.6581258654722797,22.500000000000018,0.0,0.0,-0.0
226.3145000116802,-2.665406392022037,22.50000000000002,0.0,0.0,-0.0
226.30758190676508,-2.672689984241333,22.50000000000002,0.0,0.0,-0.0
226.30066648183308,-2.6799766425971097,22.50000000000002,0.0,0.0,-0.0
226.2937537371325,-2.687266367556511,22.500000000000025,0.0,0.0,-0.0
226.28684367291171,-2.694559159586881,22.50000000000002,0.0,0.0,-0.0
226.27993628941914,-2.7018550191557567,22.50000000000002,0.0,0.0,-0.0
226.27303158690327,-2.709153946730876,22.50000000000002,0.0,0.0,-0.0
226.26612956561266,-2.716455942780178,22.50000000000002,0.0,0.0,-0.0
226.2592302257959,-2.7237610077717895,22.500000000000025,0.0,0.0,-0.0
226.2523335677017,-2.731069142174047,22.50000000000002,0.0,0.0,-0.0
226.2454395915788,-2.7383803464554766,22.50000000000002,0.0,0.0,-0.0
226.238548297676,-2.7456946210847986,22.50000000000002,0.0,0.0,-0.0
226.23165968624224,-2.7530119665309387,22.50000000000002,0.0,0.0,-0.0
226.2247737575265,-2.7603323832630124,22.50000000000002,0.0,0.0,-0.0
226.21789051177774,-2.767655871750333,22.50000000000002,0.0,0.0,-0.0
226.2110099492451,-2.7749824324624113,22.500000000000018,0.0,0.0,-0.0
226.20413207017774,-2.7823120658689526,22.500000000000018,0.0,0.0,-0.0
226.19725687482492,-2.7896447724398588,22.50000000000002,0.0,0.0,-0.0
226.19038436343595,-2.796980552645224,22.50000000000002,0.0,0.0,-0.0
226.18351453626022,-2.80431940695534,22.50000000000002,0.0,0.0,-0.0
226.1766473935472,-2.8116613358406983,22.50000000000002,0.0,0.0,-0.0
226.1697829355464,-2.819006339771975,22.50000000000002,0.0,0.0,-0.0
226.1629211625075,-2.8263544192200474,22.500000000000018,0.0,0.0,-0.0
226.15606207468008,-2.833705574655988,22.50000000000002,0.0,0.0,-0.0
226.14920567231403,-2.841059806551056,22.500000000000018,0.0,0.0,-0.0
226.14235195565908,-2.848417115376714,22.50000000000002,0.0,0.0,-0.0
226.1355009249652,-2.8557775016046145,22.50000000000002,0.0,0.0,-0.0
226.12865258048242,-2.8631409657065987,22.500000000000025,0.0,0.0,-0.0
226.12180692246076,-2.8705075081547085,22.50000000000002,0.0,0.0,-0.0
226.11496395115037,-2.877877129421174,22.50000000000002,0.0,0.0,-0.0
226.10812366680148,-2.8852498299784175,22.50000000000002,0.0,0.0,-0.0
226.1012860696644,-2.89262561029906,22.500000000000018,0.0,0.0,-0.0
226.09445115998957,-2.900004470855908,22.50000000000002,0.0,0.0,-0.0
226.08761893802742,-2.907386412121962,22.50000000000002,0.0,0.0,-0.0
226.0807894040285,-2.9147714345704165,22.500000000000018,0.0,0.0,-0.0
226.07396255824347,-2.9221595386746553,22.50000000000002,0.0,0.0,-0.0
226.06713840092303,-2.9295507249082555,22.500000000000025,0.0,0.0,-0.0
226.060316932318,-2.9369449937449885,22.500000000000025,0.0,0.0,-0.0
226.05349815267923,-2.944342345658807,22.500000000000018,0.0,0.0,-0.0
226.0466820622577,-2.9517427811238615,22.50000000000002,0.0,0.0,-0.0
226.0398686613045,-2.9591463006144947,22.500000000000018,0.0,0.0,-0.0
226.03305795007074,-2.9665529046052344,22.500000000000018,0.0,0.0,-0.0
226.02624992880763,-2.9739625935708016,22.500000000000018,0.0,0.0,-0.0
226.01944459776652,-2.981375367986111,22.50000000000002,0.0,0.0,-0.0
226.0126419571988,-2.9887912283262548,22.50000000000002,0.0,0.0,-0.0
226.005842007356,-2.9962101750665284,22.500000000000018,0.0,0.0,-0.0
225.9990447484896,-3.0036322086824088,22.500000000000018,0.0,0.0,-0.0
225.99225018085136,-3.011057329649564,22.50000000000002,0.0,0.0,-0.0
225.98545830469297,-3.018485538443854,22.500000000000018,0.0,0.0,-0.0
225.97866912026632,-3.0259168355413184,22.500000000000018,0.0,0.0,-0.0
225.9718826278233,-3.0333512214181937,22.500000000000018,0.0,0.0,-0.0
225.965098827616,-3.0407886965509006,22.50000000000002,0.0,0.0,-0.0
225.95831771989648,-3.048229261416052,22.500000000000025,0.0,0.0,-0.0
225.95153930491702,-3.055672916490445,22.500000000000018,0.0,0.0,-0.0
225.94476358292988,-3.063119662251062,22.50000000000002,0.0,0.0,-0.0
225.93799055418745,-3.070569499175075,22.500000000000025,0.0,0.0,-0.0
225.9312202189423,-3.0780224277398456,22.50000000000002,0.0,0.0,-0.0
225.9244525774469,-3.085478448422918,22.50000000000002,0.0,0.0,-0.0
225.91768762995406,-3.0929375617020263,22.500000000000018,0.0,0.0,-0.0
225.91092537671648,-3.10039976805509,22.500000000000025,0.0,0.0,-0.0
225.90416581798706,-3.1078650679602124,22.50000000000002,0.0,0.0,-0.0
225.89740895401877,-3.1153334618956845,22.500000000000018,0.0,0.0,-0.0
225.89065478506473,-3.1228049503399835,22.500000000000025,0.0,0.0,-0.0
