galstreams/tracks/track.po.Scamander.grillmair2017.ecsv
# %ECSV 0.9
# ---
# datatype:
# - {name: ra, unit: deg, datatype: float64}
# - {name: dec, unit: deg, datatype: float64}
# - {name: distance, unit: kpc, datatype: float64}
# - {name: pm_ra_cosdec, unit: mas / yr, datatype: float64}
# - {name: pm_dec, unit: mas / yr, datatype: float64}
# - {name: radial_velocity, unit: km / s, datatype: float64}
# delimiter: ','
# meta: !!omap
# - __serialized_columns__:
#     dec:
#       __class__: astropy.coordinates.angles.Latitude
#       unit: &id001 !astropy.units.Unit {unit: deg}
#       value: !astropy.table.SerializedColumn {name: dec}
#     distance:
#       __class__: astropy.coordinates.distances.Distance
#       unit: !astropy.units.Unit {unit: kpc}
#       value: !astropy.table.SerializedColumn {name: distance}
#     pm_dec:
#       __class__: astropy.units.quantity.Quantity
#       unit: !astropy.units.Unit {unit: mas / yr}
#       value: !astropy.table.SerializedColumn {name: pm_dec}
#     pm_ra_cosdec:
#       __class__: astropy.units.quantity.Quantity
#       unit: !astropy.units.Unit {unit: mas / yr}
#       value: !astropy.table.SerializedColumn {name: pm_ra_cosdec}
#     ra:
#       __class__: astropy.coordinates.angles.Longitude
#       unit: *id001
#       value: !astropy.table.SerializedColumn {name: ra}
#       wrap_angle: !astropy.coordinates.Angle
#         unit: *id001
#         value: 360.0
#     radial_velocity:
#       __class__: astropy.units.quantity.Quantity
#       unit: !astropy.units.Unit {unit: km / s}
#       value: !astropy.table.SerializedColumn {name: radial_velocity}
# schema: astropy-2.0
ra,dec,distance,pm_ra_cosdec,pm_dec,radial_velocity
151.62806274964777,-20.455832380737682,20.999999999999783,0.0,0.0,0.0
151.5895024953981,-20.130196469164066,20.999999999999808,0.0,0.0,0.0
151.55110257090573,-19.804552206820365,20.999999999999833,0.0,0.0,0.0
151.5128595167195,-19.478899774099357,20.99999999999985,0.0,0.0,0.0
151.47476992147324,-19.153239348875708,20.99999999999987,0.0,0.0,0.0
151.43683042057486,-18.82757110657504,20.999999999999883,0.0,0.0,0.0
151.39903769492722,-18.501895220240968,20.999999999999893,0.0,0.0,0.0
151.36138846967933,-18.176211860600798,20.9999999999999,0.0,0.0,0.0
151.32387951300709,-17.850521196129232,20.999999999999904,0.0,0.0,0.0
151.2865076349226,-17.524823393110978,20.999999999999915,0.0,0.0,0.0
151.2492696861108,-17.199118615701963,20.99999999999992,0.0,0.0,0.0
151.21216255679275,-16.873407025988605,20.999999999999922,0.0,0.0,0.0
151.17518317561456,-16.5476887840463,20.999999999999925,0.0,0.0,0.0
151.13832850856102,-16.22196404799637,20.999999999999932,0.0,0.0,0.0
151.1015955578934,-15.896232974061832,20.99999999999994,0.0,0.0,0.0
151.06498136111006,-15.570495716621709,20.999999999999943,0.0,0.0,0.0
151.02848298992947,-15.24475242826446,20.999999999999943,0.0,0.0,0.0
150.99209754929498,-14.919003259840084,20.999999999999943,0.0,0.0,0.0
150.95582217640015,-14.593248360511428,20.99999999999995,0.0,0.0,0.0
150.9196540397341,-14.267487877803859,20.999999999999957,0.0,0.0,0.0
150.88359033814652,-13.941721957654524,20.999999999999957,0.0,0.0,0.0
150.8476282999312,-13.615950744460187,20.99999999999996,0.0,0.0,0.0
150.81176518192748,-13.290174381124599,20.99999999999997,0.0,0.0,0.0
150.77599826863943,-12.964393009104265,20.99999999999997,0.0,0.0,0.0
150.74032487137134,-12.638606768453915,20.99999999999997,0.0,0.0,0.0
150.7047423273799,-12.312815797871034,20.99999999999998,0.0,0.0,0.0
150.66924799904137,-11.987020234739196,20.99999999999998,0.0,0.0,0.0
150.63383927303437,-11.661220215171063,20.999999999999986,0.0,0.0,0.0
150.59851355953657,-11.335415874050305,20.99999999999999,0.0,0.0,0.0
150.5632682914356,-11.009607345073166,20.999999999999982,0.0,0.0,0.0
150.5281009235535,-10.683794760788691,20.999999999999993,0.0,0.0,0.0
150.49300893188337,-10.357978252638931,20.999999999999993,0.0,0.0,0.0
150.4579898128393,-10.032157950998274,20.999999999999993,0.0,0.0,0.0
150.42304108251733,-9.70633398521186,20.999999999999996,0.0,0.0,0.0
150.38816027596843,-9.38050648363379,20.999999999999996,0.0,0.0,0.0
150.3533449464821,-9.054675573664559,21.0,0.0,0.0,0.0
150.31859266488067,-8.728841381788184,20.999999999999996,0.0,0.0,0.0
150.28390101882334,-8.403004033608253,21.0,0.0,0.0,0.0
150.24926761212006,-8.077163653884018,21.000000000000004,0.0,0.0,0.0
150.21469006405476,-7.751320366565967,21.000000000000004,0.0,0.0,0.0
150.18016600871692,-7.425474294830425,21.000000000000007,0.0,0.0,0.0
150.1456930943419,-7.099625561114315,21.000000000000007,0.0,0.0,0.0
150.111268982659,-6.77377428714913,21.000000000000007,0.0,0.0,0.0
150.07689134824733,-6.4479205939948265,21.000000000000004,0.0,0.0,0.0
150.04255787789853,-6.122064602072828,21.00000000000001,0.0,0.0,0.0
150.0082662699868,-5.796206431199208,21.00000000000001,0.0,0.0,0.0
149.97401423384488,-5.470346200617178,21.000000000000007,0.0,0.0,0.0
149.9397994891467,-5.144484029029611,21.000000000000007,0.0,0.0,0.0
149.90561976529497,-4.818620034630713,21.00000000000001,0.0,0.0,0.0
149.87147280081504,-4.492754335137867,21.00000000000001,0.0,0.0,0.0
149.83735634275325,-4.166887047823307,21.000000000000007,0.0,0.0,0.0
149.80326814608003,-3.8410182895449108,21.00000000000001,0.0,0.0,0.0
149.76920597309757,-3.5151481767774446,21.00000000000001,0.0,0.0,0.0
149.73516759285135,-3.1892768256431876,21.000000000000007,0.0,0.0,0.0
149.70115078054536,-2.863404351942728,21.000000000000004,0.0,0.0,0.0
149.66715331696088,-2.537530871184991,21.00000000000001,0.0,0.0,0.0
149.6331729878781,-2.211656498617727,21.000000000000007,0.0,0.0,0.0
149.59920758350052,-1.885781349257455,21.000000000000007,0.0,0.0,0.0
149.56525489788189,-1.5599055379196334,21.000000000000007,0.0,0.0,0.0
149.5313127283551,-1.2340291792481946,21.000000000000007,0.0,0.0,0.0
149.49737887496298,-0.9081523877454434,21.00000000000001,0.0,0.0,0.0
149.46345113989048,-0.5822752778019092,21.00000000000001,0.0,0.0,0.0
149.42952732689795,-0.2563979637256228,21.000000000000007,0.0,0.0,0.0
149.3956052407556,0.06947944022811044,21.000000000000004,0.0,0.0,0.0
149.36168268667808,0.39535681982725673,21.000000000000007,0.0,0.0,0.0
149.3277574697596,0.7212340608333364,21.0,0.0,0.0,0.0
149.29382739440888,1.0471110489721973,21.000000000000007,0.0,0.0,0.0
149.25989026378377,1.3729876699043209,21.000000000000007,0.0,0.0,0.0
149.22594387922513,1.698863809195071,21.000000000000007,0.0,0.0,0.0
149.1919860396897,2.0247393522853834,21.000000000000007,0.0,0.0,0.0
149.15801454118187,2.350614184461841,21.000000000000007,0.0,0.0,0.0
149.12402717618352,2.676488190827,21.000000000000004,0.0,0.0,0.0
149.09002173308224,3.0023612562692756,21.000000000000004,0.0,0.0,0.0
149.05599599559707,3.3282332654332665,21.0,0.0,0.0,0.0
149.02194774220203,3.654104102689393,21.000000000000007,0.0,0.0,0.0
148.98787474554626,3.9799736521037157,21.000000000000004,0.0,0.0,0.0
148.95377477187157,4.305841797407264,21.0,0.0,0.0,0.0
148.9196455804259,4.631708421965699,21.0,0.0,0.0,0.0
148.8854849228735,4.957573408748337,21.0,0.0,0.0,0.0
148.8512905427004,5.2834366402968795,21.0,0.0,0.0,0.0
148.81706017461582,5.60929799869448,21.0,0.0,0.0,0.0
148.78279154394852,5.93515736553394,21.0,0.0,0.0,0.0
148.74848236603785,6.2610146218860026,21.000000000000007,0.0,0.0,0.0
148.7141303456196,6.586869648267008,21.000000000000004,0.0,0.0,0.0
148.67973317620564,6.912722324606793,21.000000000000004,0.0,0.0,0.0
148.64528853945748,7.238572530215713,21.0,0.0,0.0,0.0
148.6107941045532,7.564420143751651,21.0,0.0,0.0,0.0
148.5762475275473,7.89026504318632,20.999999999999996,0.0,0.0,0.0
148.54164645072333,8.21610710577172,20.999999999999996,0.0,0.0,0.0
148.5069885019386,8.541946208005726,21.0,0.0,0.0,0.0
148.4722712939609,8.867782225597216,21.0,0.0,0.0,0.0
148.43749242379667,9.19361503343126,20.999999999999993,0.0,0.0,0.0
148.40264947201,9.51944450553327,21.0,0.0,0.0,0.0
148.36774000203266,9.845270515033018,20.999999999999996,0.0,0.0,0.0
148.33276155946388,10.171092934127778,20.999999999999996,0.0,0.0,0.0
148.2977116713602,10.4969116340455,20.999999999999996,0.0,0.0,0.0
148.2625878455146,10.822726485006912,21.0,0.0,0.0,0.0
148.22738756972436,11.148537356187067,20.999999999999996,0.0,0.0,0.0
148.1921083110474,11.474344115676713,20.999999999999996,0.0,0.0,0.0
148.1567475150467,11.80014663044255,21.000000000000004,0.0,0.0,0.0
148.1213026050216,12.125944766287082,21.0,0.0,0.0,0.0
148.08577098122677,12.45173838780759,20.999999999999996,0.0,0.0,0.0
148.050150020077,12.777527358354668,20.999999999999993,0.0,0.0,0.0
148.01443707333806,13.103311539989758,20.999999999999996,0.0,0.0,0.0
147.97862946730277,13.429090793442038,20.999999999999996,0.0,0.0,0.0
147.94272450195214,13.754864978064482,20.999999999999996,0.0,0.0,0.0
147.9067194501002,14.080633951789052,20.999999999999993,0.0,0.0,0.0
147.87061155652282,14.406397571081095,20.999999999999996,0.0,0.0,0.0
147.83439803706926,14.732155690892766,20.999999999999996,0.0,0.0,0.0
147.79807607775624,15.057908164615606,20.999999999999993,0.0,0.0,0.0
147.76164283384344,15.38365484403205,21.0,0.0,0.0,0.0
147.72509542889034,15.709395579266062,21.0,0.0,0.0,0.0
147.68843095379304,16.035130218732604,21.0,0.0,0.0,0.0
147.65164646580112,16.36085860908612,21.0,0.0,0.0,0.0
147.61473898751288,16.686580595167882,21.000000000000004,0.0,0.0,0.0
147.57770550584922,17.012296019952178,21.0,0.0,0.0,0.0
147.54054297100453,17.33800472449131,21.0,0.0,0.0,0.0
147.50324829537414,17.66370654785936,21.000000000000004,0.0,0.0,0.0
147.4658183524576,17.989401327094647,21.0,0.0,0.0,0.0
147.428249975737,18.315088897140928,21.000000000000007,0.0,0.0,0.0
147.3905399575287,18.640769090787142,21.000000000000004,0.0,0.0,0.0
147.35268504780854,18.96644173860578,21.0,0.0,0.0,0.0
147.3146819530091,19.292106668889772,21.0,0.0,0.0,0.0
147.27652733478803,19.617763707587887,20.999999999999996,0.0,0.0,0.0
147.23821780876636,19.943412678238445,21.000000000000004,0.0,0.0,0.0
147.19974994323587,20.26905340190156,21.000000000000007,0.0,0.0,0.0
147.1611202578348,20.59468569708955,21.000000000000007,0.0,0.0,0.0
147.12232522218977,20.920309379695638,21.000000000000007,0.0,0.0,0.0
147.08336125452385,21.245924262920916,21.000000000000007,0.0,0.0,0.0
147.0442247202289,21.571530157199298,21.000000000000004,0.0,0.0,0.0
147.0049119304011,21.89712687012064,21.000000000000004,0.0,0.0,0.0
146.96541914033844,22.22271420635182,21.000000000000004,0.0,0.0,0.0
146.92574254799868,22.54829196755567,21.000000000000007,0.0,0.0,0.0
146.88587829241663,22.873859952307875,21.000000000000007,0.0,0.0,0.0
146.84582245207906,23.1994179560115,21.000000000000007,0.0,0.0,0.0
146.8055710432557,23.524965770809363,21.000000000000007,0.0,0.0,0.0
146.76512001828507,23.850503185493793,21.00000000000001,0.0,0.0,0.0
146.7244652638134,24.176029985414115,21.000000000000007,0.0,0.0,0.0
146.68360259898475,24.50154595238149,21.000000000000007,0.0,0.0,0.0
146.64252777358067,24.82705086457105,21.00000000000001,0.0,0.0,0.0
146.601236466108,25.152544496421292,21.00000000000001,0.0,0.0,0.0
146.55972428183227,25.478026618530652,21.00000000000001,0.0,0.0,0.0
146.51798675075537,25.803496997551065,21.00000000000001,0.0,0.0,0.0
146.4760193255348,26.128955396078496,21.000000000000014,0.0,0.0,0.0
146.433817379343,26.45440157254025,21.00000000000001,0.0,0.0,0.0
146.39137620366438,26.77983528107898,21.000000000000014,0.0,0.0,0.0
146.34869100602748,27.105256271433287,21.000000000000014,0.0,0.0,0.0
146.30575690767014,27.43066428881481,21.000000000000014,0.0,0.0,0.0
146.26256894113544,27.756059073781525,21.000000000000018,0.0,0.0,0.0
146.21912204779505,28.08144036210736,21.00000000000002,0.0,0.0,0.0
146.1754110752985,28.40680788464775,21.000000000000018,0.0,0.0,0.0
146.1314307749443,28.73216136720106,21.000000000000018,0.0,0.0,0.0
146.08717579897092,29.057500530365864,21.00000000000002,0.0,0.0,0.0
146.04264069776437,29.382825089393755,21.00000000000002,0.0,0.0,0.0
145.99781991697876,29.708134754037452,21.00000000000002,0.0,0.0,0.0
145.9527077945676,30.03342922839423,21.00000000000002,0.0,0.0,0.0
145.90729855772105,30.35870821074441,21.00000000000002,0.0,0.0,0.0
145.86158631970684,30.68397139338473,21.00000000000002,0.0,0.0,0.0
145.81556507661017,31.00921846245618,21.00000000000002,0.0,0.0,0.0
145.76922870396936,31.334449097766587,21.00000000000002,0.0,0.0,0.0
145.72257095330266,31.659662972607137,21.00000000000002,0.0,0.0,0.0
145.67558544852267,31.98485975356311,21.000000000000025,0.0,0.0,0.0
145.6282656822329,32.310039100318306,21.00000000000002,0.0,0.0,0.0
145.58060501190323,32.635200665452984,21.000000000000025,0.0,0.0,0.0
145.53259665591824,32.9603440942351,21.00000000000002,0.0,0.0,0.0
145.4842336894939,33.28546902440442,21.00000000000002,0.0,0.0,0.0
145.43550904045745,33.61057508594962,21.00000000000002,0.0,0.0,0.0
145.38641548488482,33.93566190087748,21.000000000000018,0.0,0.0,0.0
145.33694564258977,34.26072908297437,21.00000000000002,0.0,0.0,0.0
145.287091972459,34.58577623755957,21.000000000000018,0.0,0.0,0.0
145.2368467676266,34.91080296122979,21.000000000000014,0.0,0.0,0.0
145.1862021504815,35.235808841595144,21.000000000000018,0.0,0.0,0.0
145.13515006750112,35.56079345700549,21.00000000000001,0.0,0.0,0.0
145.0836822839037,35.885756376267416,21.00000000000001,0.0,0.0,0.0
145.03179037811208,36.21069715835093,21.00000000000001,0.0,0.0,0.0
144.97946573602073,36.535615352085784,21.000000000000007,0.0,0.0,0.0
144.92669954505823,36.860510495846825,21.000000000000007,0.0,0.0,0.0
144.87348278803597,37.18538211722798,21.000000000000007,0.0,0.0,0.0
144.8198062367743,37.510229732704225,21.000000000000007,0.0,0.0,0.0
144.76566044549654,37.83505284728135,21.0,0.0,0.0,0.0
144.71103574398097,38.159850954132544,21.000000000000007,0.0,0.0,0.0
144.6559222304601,38.48462353422167,21.000000000000007,0.0,0.0,0.0
144.60030976425625,38.80937005591233,21.000000000000007,0.0,0.0,0.0
144.54418795814234,39.13408997456222,21.000000000000007,0.0,0.0,0.0
144.48754617041473,39.458782732102044,21.00000000000001,0.0,0.0,0.0
144.43037349666696,39.78344775659851,21.000000000000018,0.0,0.0,0.0
144.37265876124928,40.10808446180038,21.000000000000018,0.0,0.0,0.0
144.31439050840123,40.43269224666701,21.000000000000025,0.0,0.0,0.0
144.25555699304186,40.75727049487852,21.00000000000003,0.0,0.0,0.0
144.1961461712024,41.08181857432682,21.000000000000032,0.0,0.0,0.0
144.1361456900846,41.4063358365865,21.00000000000004,0.0,0.0,0.0
144.07554287772788,41.73082161636469,21.000000000000043,0.0,0.0,0.0
144.01432473226754,42.055275230928935,21.00000000000005,0.0,0.0,0.0
143.95247791076403,42.37969597951211,21.000000000000057,0.0,0.0,0.0
143.88998871758412,42.704083142693015,21.000000000000064,0.0,0.0,0.0
143.82684309231269,43.02843598175195,21.000000000000068,0.0,0.0,0.0
143.76302659717226,43.35275373799961,21.000000000000068,0.0,0.0,0.0
143.69852440392773,43.67703563207825,21.000000000000068,0.0,0.0,0.0
143.6333212802509,44.00128086323382,21.000000000000064,0.0,0.0,0.0
143.56740157551886,44.325488608557464,21.00000000000005,0.0,0.0,0.0
