galstreams/tracks/track.st.Murrumbidgee.grillmair2017b.ecsv
# %ECSV 0.9
# ---
# datatype:
# - {name: ra, unit: deg, datatype: float64}
# - {name: dec, unit: deg, datatype: float64}
# - {name: distance, unit: kpc, datatype: float64}
# - {name: pm_ra_cosdec, unit: mas / yr, datatype: float64}
# - {name: pm_dec, unit: mas / yr, datatype: float64}
# - {name: radial_velocity, unit: km / s, datatype: float64}
# delimiter: ','
# meta: !!omap
# - __serialized_columns__:
#     dec:
#       __class__: astropy.coordinates.angles.Latitude
#       unit: &id001 !astropy.units.Unit {unit: deg}
#       value: !astropy.table.SerializedColumn {name: dec}
#     distance:
#       __class__: astropy.coordinates.distances.Distance
#       unit: !astropy.units.Unit {unit: kpc}
#       value: !astropy.table.SerializedColumn {name: distance}
#     pm_dec:
#       __class__: astropy.units.quantity.Quantity
#       unit: !astropy.units.Unit {unit: mas / yr}
#       value: !astropy.table.SerializedColumn {name: pm_dec}
#     pm_ra_cosdec:
#       __class__: astropy.units.quantity.Quantity
#       unit: !astropy.units.Unit {unit: mas / yr}
#       value: !astropy.table.SerializedColumn {name: pm_ra_cosdec}
#     ra:
#       __class__: astropy.coordinates.angles.Longitude
#       unit: *id001
#       value: !astropy.table.SerializedColumn {name: ra}
#       wrap_angle: !astropy.coordinates.Angle
#         unit: *id001
#         value: 360.0
#     radial_velocity:
#       __class__: astropy.units.quantity.Quantity
#       unit: !astropy.units.Unit {unit: km / s}
#       value: !astropy.table.SerializedColumn {name: radial_velocity}
# schema: astropy-2.0
ra,dec,distance,pm_ra_cosdec,pm_dec,radial_velocity
[from data line 5177]
27.274033108187613,-45.67171611264353,19.999999999999964,0.0,0.0,0.0
27.262609564867883,-45.66541917283852,19.999999999999964,0.0,0.0,0.0
27.251190891418425,-45.659119729512895,19.999999999999964,0.0,0.0,0.0
27.239777089904955,-45.652817782332505,19.99999999999996,0.0,0.0,0.0
27.228368162389643,-45.64651333096458,19.999999999999964,0.0,0.0,0.0
27.216964110931375,-45.64020637507798,19.999999999999964,0.0,0.0,0.0
27.205564937585553,-45.633896914343076,19.999999999999964,0.0,0.0,0.0
27.194170644404224,-45.62758494843182,19.999999999999964,0.0,0.0,0.0
27.182781233435826,-45.6212704770175,19.999999999999964,0.0,0.0,0.0
27.17139670672553,-45.614953499775105,19.999999999999964,0.0,0.0,0.0
27.160017066315024,-45.60863401638111,19.999999999999964,0.0,0.0,0.0
27.148642314242533,-45.60231202651347,19.999999999999964,0.0,0.0,0.0
27.137272452542906,-45.59598752985173,19.999999999999964,0.0,0.0,0.0
27.125907483247396,-45.58966052607681,19.999999999999964,0.0,0.0,0.0
27.114547408383952,-45.58333101487131,19.999999999999964,0.0,0.0,0.0
27.103192229977015,-45.57699899591927,19.999999999999964,0.0,0.0,0.0
27.091841950047634,-45.57066446890628,19.999999999999964,0.0,0.0,0.0
27.08049657061323,-45.56432743351935,19.999999999999964,0.0,0.0,0.0
27.06915609368793,-45.55798788944712,19.999999999999964,0.0,0.0,0.0
27.057820521282355,-45.551645836379706,19.999999999999964,0.0,0.0,0.0
27.046489855403614,-45.54530127400872,19.999999999999964,0.0,0.0,0.0
27.035164098055407,-45.5389542020273,19.999999999999964,0.0,0.0,0.0
27.023843251237956,-45.53260462013014,19.999999999999964,0.0,0.0,0.0
27.012527316947903,-45.526252528013295,19.999999999999964,0.0,0.0,0.0
27.001216297178523,-45.519897925374494,19.999999999999964,0.0,0.0,0.0
26.989910193919584,-45.51354081191289,19.999999999999968,0.0,0.0,0.0
26.978609009157413,-45.507181187329216,19.999999999999964,0.0,0.0,0.0
26.967312744874697,-45.50081905132558,19.999999999999968,0.0,0.0,0.0
26.956021403050773,-45.494454403605694,19.999999999999964,0.0,0.0,0.0
26.944734985661455,-45.48808724387478,19.999999999999964,0.0,0.0,0.0
26.933453494679053,-45.48171757183953,19.999999999999964,0.0,0.0,0.0
26.922176932072418,-45.475345387208186,19.999999999999964,0.0,0.0,0.0
26.910905299806764,-45.46897068969038,19.999999999999964,0.0,0.0,0.0
26.899638599843943,-45.46259347899734,19.999999999999964,0.0,0.0,0.0
26.888376834142242,-45.45621375484179,19.999999999999964,0.0,0.0,0.0
26.877120004656458,-45.44983151693794,19.999999999999964,0.0,0.0,0.0
26.86586811333791,-45.44344676500151,19.999999999999968,0.0,0.0,0.0
26.85462116213425,-45.437059498749655,19.999999999999964,0.0,0.0,0.0
26.843379152989773,-45.43066971790109,19.999999999999964,0.0,0.0,0.0
26.83214208784519,-45.42427742217601,19.999999999999964,0.0,0.0,0.0
26.820909968637697,-45.41788261129611,19.999999999999964,0.0,0.0,0.0
26.80968279730101,-45.41148528498461,19.999999999999968,0.0,0.0,0.0
26.798460575765166,-45.4050854429661,19.999999999999964,0.0,0.0,0.0
26.787243305956817,-45.39868308496679,19.999999999999964,0.0,0.0,0.0
26.776030989799033,-45.39227821071434,19.999999999999964,0.0,0.0,0.0
26.764823629211406,-45.385870819937935,19.999999999999964,0.0,0.0,0.0
26.75362122610981,-45.37946091236813,19.999999999999964,0.0,0.0,0.0
26.74242378240675,-45.373048487737094,19.999999999999964,0.0,0.0,0.0
26.731231300011128,-45.366633545778434,19.999999999999964,0.0,0.0,0.0
26.720043780828302,-45.36021608622725,19.999999999999964,0.0,0.0,0.0
26.708861226760124,-45.35379610882017,19.999999999999964,0.0,0.0,0.0
26.69768363970474,-45.34737361329518,19.999999999999964,0.0,0.0,0.0
26.686511021556893,-45.340948599391865,19.999999999999964,0.0,0.0,0.0
26.67534337420771,-45.33452106685127,19.999999999999968,0.0,0.0,0.0
26.66418069954478,-45.3280910154159,19.999999999999964,0.0,0.0,0.0
26.653022999452148,-45.3216584448298,19.999999999999964,0.0,0.0,0.0
26.641870275810156,-45.31522335483837,19.999999999999964,0.0,0.0,0.0
26.630722530495724,-45.308785745188594,19.999999999999968,0.0,0.0,0.0
26.619579765382156,-45.30234561562891,19.999999999999964,0.0,0.0,0.0
26.60844198233917,-45.29590296590923,19.999999999999964,0.0,0.0,0.0
26.59730918323296,-45.28945779578098,19.999999999999964,0.0,0.0,0.0
26.586181369926,-45.28301010499693,19.999999999999964,0.0,0.0,0.0
26.57505854427732,-45.27655989331148,19.999999999999964,0.0,0.0,0.0
26.56394070814231,-45.270107160480414,19.999999999999964,0.0,0.0,0.0
26.55282786337286,-45.26365190626108,19.999999999999964,0.0,0.0,0.0
26.54172001181706,-45.25719413041212,19.999999999999964,0.0,0.0,0.0
26.530617155319604,-45.25073383269382,19.999999999999964,0.0,0.0,0.0
26.519519295721512,-45.244271012867856,19.999999999999964,0.0,0.0,0.0
26.50842643486023,-45.23780567069739,19.999999999999964,0.0,0.0,0.0
26.4973385745696,-45.23133780594706,19.999999999999964,0.0,0.0,0.0
26.48625571667989,-45.224867418383,19.999999999999968,0.0,0.0,0.0
26.475177863017638,-45.21839450777269,19.999999999999964,0.0,0.0,0.0
26.464105015405902,-45.21191907388519,19.999999999999964,0.0,0.0,0.0
26.453037175664104,-45.20544111649099,19.999999999999964,0.0,0.0,0.0
26.441974345608077,-45.198960635362106,19.999999999999964,0.0,0.0,0.0
26.430916527049913,-45.19247763027182,19.999999999999964,0.0,0.0,0.0
26.419863721798226,-45.18599210099509,19.999999999999964,0.0,0.0,0.0
26.408815931657948,-45.17950404730823,19.999999999999964,0.0,0.0,0.0
26.39777315843041,-45.17301346898903,19.999999999999964,0.0,0.0,0.0
26.38673540391336,-45.16652036581682,19.999999999999964,0.0,0.0,0.0
26.375702669900765,-45.160024737572186,19.999999999999964,0.0,0.0,0.0
26.364674958183105,-45.15352658403735,19.999999999999964,0.0,0.0,0.0
26.353652270547204,-45.14702590499592,19.999999999999968,0.0,0.0,0.0
26.342634608776272,-45.14052270023303,19.999999999999964,0.0,0.0,0.0
26.33162197464975,-45.13401696953511,19.999999999999964,0.0,0.0,0.0
26.320614369943588,-45.1275087126902,19.999999999999964,0.0,0.0,0.0
26.30961179643004,-45.12099792948771,19.999999999999964,0.0,0.0,0.0
26.29861425587771,-45.114484619718525,19.999999999999968,0.0,0.0,0.0
26.287621750051567,-45.10796878317498,19.999999999999964,0.0,0.0,0.0
26.276634280712987,-45.101450419650895,19.999999999999964,0.0,0.0,0.0
26.26565184961952,-45.09492952894142,19.999999999999964,0.0,0.0,0.0
26.254674458525237,-45.08840611084326,19.999999999999968,0.0,0.0,0.0
26.243702109180497,-45.08188016515454,19.999999999999964,0.0,0.0,0.0
26.232734803332047,-45.07535169167487,19.999999999999964,0.0,0.0,0.0
26.22177254272282,-45.06882069020515,19.999999999999964,0.0,0.0,0.0
26.210815329092245,-45.06228716054789,19.999999999999964,0.0,0.0,0.0
26.199863164176037,-45.055751102506996,19.999999999999964,0.0,0.0,0.0
26.18891604970624,-45.049212515887774,19.999999999999968,0.0,0.0,0.0
26.177973987411278,-45.04267140049704,19.999999999999964,0.0,0.0,0.0
26.16703697901575,-45.03612775614294,19.999999999999964,0.0,0.0,0.0
26.156105026240752,-45.029581582635146,19.999999999999964,0.0,0.0,0.0
26.145178130803615,-45.02303287978474,19.999999999999964,0.0,0.0,0.0
26.134256294418027,-45.016481647404255,19.999999999999964,0.0,0.0,0.0
26.123339518794037,-45.00992788530769,19.999999999999964,0.0,0.0,0.0
26.112427805637854,-45.003371593310355,19.999999999999968,0.0,0.0,0.0
26.101521156652158,-44.996812771229095,19.999999999999964,0.0,0.0,0.0
26.090619573535882,-44.99025141888217,19.999999999999964,0.0,0.0,0.0
26.079723057984285,-44.98368753608928,19.999999999999964,0.0,0.0,0.0
26.068831611688978,-44.97712112267157,19.999999999999964,0.0,0.0,0.0
26.057945236337726,-44.970552178451506,19.999999999999968,0.0,0.0,0.0
26.047063933614748,-44.96398070325309,19.99999999999996,0.0,0.0,0.0
26.036187705200515,-44.957406696901735,19.999999999999964,0.0,0.0,0.0
26.02531655277186,-44.95083015922432,19.999999999999968,0.0,0.0,0.0
26.014450478001745,-44.94425109004898,19.999999999999964,0.0,0.0,0.0
26.003589482559594,-44.93766948920545,19.999999999999964,0.0,0.0,0.0
25.99273356811106,-44.93108535652483,19.999999999999968,0.0,0.0,0.0
25.981882736318102,-44.92449869183963,19.999999999999968,0.0,0.0,0.0
25.97103698883896,-44.91790949498382,19.999999999999968,0.0,0.0,0.0
25.960196327328216,-44.911317765792774,19.999999999999964,0.0,0.0,0.0
25.949360753436576,-44.90472350410318,19.999999999999964,0.0,0.0,0.0
25.938530268811192,-44.89812670975332,19.999999999999964,0.0,0.0,0.0
25.927704875095444,-44.891527382582765,19.999999999999968,0.0,0.0,0.0
25.91688457392904,-44.88492552243262,19.999999999999964,0.0,0.0,0.0
25.90606936694781,-44.87832112914524,19.999999999999964,0.0,0.0,0.0
25.895259255784012,-44.87171420256453,19.999999999999964,0.0,0.0,0.0
25.884454242066145,-44.865104742535756,19.999999999999968,0.0,0.0,0.0
25.873654327418947,-44.858492748905626,19.999999999999968,0.0,0.0,0.0
25.862859513463494,-44.85187822152226,19.999999999999964,0.0,0.0,0.0
25.852069801816974,-44.84526116023508,19.999999999999964,0.0,0.0,0.0
25.841285194093,-44.83864156489508,19.999999999999964,0.0,0.0,0.0
25.83050569190138,-44.83201943535455,19.999999999999968,0.0,0.0,0.0
25.81973129684825,-44.82539477146729,19.999999999999964,0.0,0.0,0.0
25.808962010535843,-44.818767573088344,19.999999999999964,0.0,0.0,0.0
25.798197834562803,-44.8121378400743,19.999999999999964,0.0,0.0,0.0
25.78743877052398,-44.80550557228312,19.999999999999964,0.0,0.0,0.0
25.77668482001048,-44.798870769574144,19.999999999999964,0.0,0.0,0.0
25.765935984609662,-44.792233431808135,19.999999999999964,0.0,0.0,0.0
25.755192265905166,-44.7855935588473,19.999999999999964,0.0,0.0,0.0
25.744453665476748,-44.778951150555095,19.999999999999964,0.0,0.0,0.0
25.73372018490056,-44.77230620679654,19.999999999999964,0.0,0.0,0.0
25.722991825748938,-44.76565872743798,19.999999999999964,0.0,0.0,0.0
25.712268589590508,-44.7590087123472,19.999999999999968,0.0,0.0,0.0
25.701550477990004,-44.75235616139329,19.999999999999968,0.0,0.0,0.0
25.690837492508525,-44.74570107444681,19.999999999999964,0.0,0.0,0.0
25.680129634703366,-44.73904345137972,19.999999999999964,0.0,0.0,0.0
25.669426906128066,-44.732383292065364,19.999999999999964,0.0,0.0,0.0
25.65872930833243,-44.72572059637847,19.99999999999996,0.0,0.0,0.0
25.64803684286235,-44.719055364195114,19.999999999999964,0.0,0.0,0.0
25.637349511260094,-44.71238759539281,19.999999999999964,0.0,0.0,0.0
25.62666731506411,-44.705717289850476,19.999999999999964,0.0,0.0,0.0
25.61599025580913,-44.699044447448436,19.999999999999964,0.0,0.0,0.0
25.605318335025938,-44.69236906806828,19.999999999999968,0.0,0.0,0.0
25.594651554241725,-44.68569115159311,19.999999999999964,0.0,0.0,0.0
25.583989914979796,-44.679010697907366,19.999999999999964,0.0,0.0,0.0
25.573333418759724,-44.67232770689687,19.999999999999968,0.0,0.0,0.0
25.562682067097278,-44.665642178448856,19.999999999999964,0.0,0.0,0.0
25.55203586150449,-44.65895411245195,19.999999999999964,0.0,0.0,0.0
25.54139480348946,-44.65226350879604,19.999999999999964,0.0,0.0,0.0
25.53075889455665,-44.64557036737254,19.999999999999964,0.0,0.0,0.0
25.520128136206665,-44.63887468807417,19.999999999999968,0.0,0.0,0.0
25.509502529936398,-44.6321764707951,19.999999999999964,0.0,0.0,0.0
25.49888207723877,-44.62547571543073,19.999999999999964,0.0,0.0,0.0
25.48826677960306,-44.61877242187798,19.999999999999964,0.0,0.0,0.0
25.477656638514713,-44.61206659003509,19.999999999999964,0.0,0.0,0.0
25.46705165545536,-44.60535821980168,19.999999999999964,0.0,0.0,0.0
25.456451831902893,-44.59864731107878,19.999999999999968,0.0,0.0,0.0
25.445857169331237,-44.59193386376869,19.999999999999964,0.0,0.0,0.0
25.43526766921069,-44.585217877775165,19.999999999999964,0.0,0.0,0.0
25.424683333007636,-44.578499353003316,19.999999999999964,0.0,0.0,0.0
25.414104162184735,-44.57177828935964,19.999999999999964,0.0,0.0,0.0
25.403530158200805,-44.56505468675201,19.999999999999968,0.0,0.0,0.0
25.392961322510757,-44.55832854508955,19.999999999999964,0.0,0.0,0.0
25.38239765656581,-44.55159986428289,19.999999999999964,0.0,0.0,0.0
25.37183916181335,-44.54486864424397,19.999999999999964,0.0,0.0,0.0
25.361285839696908,-44.5381348848861,19.999999999999968,0.0,0.0,0.0
25.350737691656267,-44.53139858612399,19.999999999999964,0.0,0.0,0.0
25.340194719127258,-44.524659747873606,19.999999999999964,0.0,0.0,0.0
25.329656923541997,-44.51791837005238,19.999999999999968,0.0,0.0,0.0
25.31912430632877,-44.51117445257904,19.999999999999968,0.0,0.0,0.0
25.30859686891208,-44.50442799537379,19.999999999999964,0.0,0.0,0.0
25.29807461271243,-44.497678998358,19.999999999999964,0.0,0.0,0.0
25.287557539146672,-44.49092746145454,19.999999999999964,0.0,0.0,0.0
25.277045649627766,-44.48417338458759,19.999999999999964,0.0,0.0,0.0
25.26653894556485,-44.47741676768272,19.999999999999964,0.0,0.0,0.0
25.25603742836322,-44.47065761066681,19.999999999999964,0.0,0.0,0.0
25.245541099424404,-44.46389591346818,19.999999999999964,0.0,0.0,0.0
25.23504996014593,-44.45713167601631,19.999999999999964,0.0,0.0,0.0
25.224564011921647,-44.45036489824222,19.999999999999968,0.0,0.0,0.0
25.21408325614151,-44.44359558007822,19.999999999999968,0.0,0.0,0.0
25.203607694191696,-44.43682372145798,19.999999999999964,0.0,0.0,0.0
25.193137327454387,-44.43004932231646,19.999999999999964,0.0,0.0,0.0
25.18267215730806,-44.42327238259002,19.999999999999968,0.0,0.0,0.0
25.172212185127314,-44.416492902216376,19.999999999999964,0.0,0.0,0.0
25.161757412282903,-44.409710881134565,19.999999999999964,0.0,0.0,0.0
25.151307840141776,-44.40292631928502,19.999999999999968,0.0,0.0,0.0
25.14086347006688,-44.39613921660938,19.999999999999968,0.0,0.0,0.0
25.13042430341748,-44.38934957305076,19.999999999999964,0.0,0.0,0.0
25.119990341548924,-44.38255738855358,19.999999999999964,0.0,0.0,0.0
25.109561585812752,-44.37576266306363,19.999999999999964,0.0,0.0,0.0
25.099138037556532,-44.36896539652794,19.999999999999964,0.0,0.0,0.0
25.088719698124095,-44.36216558889495,19.999999999999964,0.0,0.0,0.0
25.07830656885538,-44.355363240114464,19.999999999999964,0.0,0.0,0.0
25.06789865108645,-44.34855835013756,19.999999999999968,0.0,0.0,0.0
25.057495946149544,-44.34175091891669,19.999999999999964,0.0,0.0,0.0
25.04709845537306,-44.33494094640567,19.99999999999996,0.0,0.0,0.0
25.036706180081392,-44.32812843255953,19.999999999999968,0.0,0.0,0.0
25.02631912159522,-44.32131337733475,19.999999999999964,0.0,0.0,0.0
25.01593728123132,-44.3144957806891,19.999999999999964,0.0,0.0,0.0
25.005560660302628,-44.307675642581714,19.999999999999964,0.0,0.0,0.0
24.995189260118096,-44.30085296297296,19.999999999999964,0.0,0.0,0.0
24.98482308198293,-44.294027741824635,19.999999999999968,0.0,0.0,0.0
24.974462127198425,-44.28719997909982,19.999999999999964,0.0,0.0,0.0
24.964106397062007,-44.28036967476292,19.999999999999964,0.0,0.0,0.0
24.95375589286727,-44.27353682877973,19.999999999999964,0.0,0.0,0.0
24.943410615903794,-44.26670144111723,19.999999999999968,0.0,0.0,0.0
24.933070567457438,-44.25986351174383,19.999999999999964,0.0,0.0,0.0
24.922735748810116,-44.25302304062925,19.999999999999964,0.0,0.0,0.0
24.912406161239932,-44.24618002774457,19.999999999999964,0.0,0.0,0.0
24.90208180602096,-44.23933447306204,19.999999999999964,0.0,0.0,0.0
24.891762684423526,-44.232486376555386,19.999999999999964,0.0,0.0,0.0
24.88144879771404,-44.22563573819957,19.999999999999964,0.0,0.0,0.0
24.871140147155035,-44.21878255797093,19.999999999999964,0.0,0.0,0.0
24.860836734005144,-44.21192683584705,19.999999999999964,0.0,0.0,0.0
24.850538559519176,-44.20506857180695,19.999999999999964,0.0,0.0,0.0
24.840245624947894,-44.19820776583075,19.999999999999964,0.0,0.0,0.0
24.82995793153833,-44.19134441790008,19.999999999999968,0.0,0.0,0.0
24.819675480533583,-44.184478527997825,19.999999999999964,0.0,0.0,0.0
24.809398273172906,-44.17761009610819,19.999999999999964,0.0,0.0,0.0
24.7991263106915,-44.17073912221659,19.999999999999964,0.0,0.0,0.0
24.788859594320837,-44.163865606309884,19.999999999999964,0.0,0.0,0.0
24.77859812528845,-44.156989548376174,19.999999999999964,0.0,0.0,0.0
24.76834190481797,-44.15011094840488,19.999999999999964,0.0,0.0,0.0
