galstreams/tracks/track.st.Sylgr.ibata2021.ecsv
# %ECSV 0.9
# ---
# datatype:
# - {name: ra, unit: deg, datatype: float64}
# - {name: dec, unit: deg, datatype: float64}
# - {name: distance, unit: kpc, datatype: float64}
# - {name: pm_ra_cosdec, unit: mas / yr, datatype: float64}
# - {name: pm_dec, unit: mas / yr, datatype: float64}
# - {name: radial_velocity, unit: km / s, datatype: float64}
# delimiter: ','
# meta: !!omap
# - __serialized_columns__:
#     dec:
#       __class__: astropy.coordinates.angles.Latitude
#       unit: &id001 !astropy.units.Unit {unit: deg}
#       value: !astropy.table.SerializedColumn {name: dec}
#     distance:
#       __class__: astropy.coordinates.distances.Distance
#       unit: !astropy.units.Unit {unit: kpc}
#       value: !astropy.table.SerializedColumn {name: distance}
#     pm_dec:
#       __class__: astropy.units.quantity.Quantity
#       unit: !astropy.units.Unit {unit: mas / yr}
#       value: !astropy.table.SerializedColumn {name: pm_dec}
#     pm_ra_cosdec:
#       __class__: astropy.units.quantity.Quantity
#       unit: !astropy.units.Unit {unit: mas / yr}
#       value: !astropy.table.SerializedColumn {name: pm_ra_cosdec}
#     ra:
#       __class__: astropy.coordinates.angles.Longitude
#       unit: *id001
#       value: !astropy.table.SerializedColumn {name: ra}
#       wrap_angle: !astropy.coordinates.Angle
#         unit: *id001
#         value: 360.0
#     radial_velocity:
#       __class__: astropy.units.quantity.Quantity
#       unit: !astropy.units.Unit {unit: km / s}
#       value: !astropy.table.SerializedColumn {name: radial_velocity}
# schema: astropy-2.0
ra,dec,distance,pm_ra_cosdec,pm_dec,radial_velocity
[from data line 543]
169.61840922982003,-7.752050918227843,2.8250252344977564,-20.77516503267943,-20.040813535149532,5.894536990910637e-14
169.62669072785482,-7.745757471620875,2.825638047400751,-20.768234680346843,-20.034043757067852,5.894536990910637e-14
169.63497341681216,-7.739466850981947,2.8262506155880676,-20.761307007077423,-20.02727505448851,5.4734986344170195e-14
169.64325729647297,-7.733179055368465,2.8268629407507007,-20.754382010037418,-20.020507426291594,1.6841534259744677e-13
169.65154236661817,-7.726894083837941,2.827475024579646,-20.74745968639285,-20.013740871357236,1.0104920555846805e-13
169.65982862702867,-7.720611935447904,2.828086868765897,-20.74054003330953,-20.006975388565632,6.73661370389787e-14
169.6681160774852,-7.714332609256041,2.828698475000449,-20.733623047953074,-20.00021097679702,5.894536990910637e-14
169.67640471776843,-7.708056104320096,2.8293098449742957,-20.726708727488873,-19.993447634931698,7.157652060391487e-14
169.68469454765895,-7.701782419697929,2.82992098037843,-20.719797069082126,-19.986685361850004,1.9367764398706378e-13
169.69298556693752,-7.6955115544474015,2.8305318829038493,-20.712888069897748,-19.979924156432325,8.420767129872338e-14
169.70127777538457,-7.689243507626541,2.8311425542415467,-20.70598172710055,-19.97316401755912,1.0104920555846805e-13
169.7095711727805,-7.682978278293433,2.8317529960825163,-20.69907803785505,-19.966404944110863,1.515738083377021e-13
169.7178657589057,-7.6767158655062735,2.8323632101177543,-20.692176999325586,-19.959646934968102,1.515738083377021e-13
169.7261615335406,-7.6704562683232735,2.8329731980382524,-20.68527860867628,-19.95288998901145,1.7262572616238293e-13
169.73445849646538,-7.664199485802801,2.833582961535007,-20.678382863071043,-19.946134105121526,8.420767129872338e-14
169.74275664746023,-7.6579455170032755,2.8341925022990124,-20.67148975967357,-19.939379282179026,6.315575347404254e-14
169.75105598630526,-7.651694360983244,2.8348018220212623,-20.664599295647363,-19.932625519064686,1.2631150694808508e-13
169.7593565127806,-7.645446016801252,2.835410922392752,-20.65771146815569,-19.925872814659296,8.420767129872338e-14
169.7676582266662,-7.639200483516005,2.836019805104475,-20.65082627436162,-19.91912116784369,7.157652060391487e-14
169.77596112774205,-7.632957760186278,2.8366284718474257,-20.643943711428033,-19.91237057749876,7.578690416885104e-14
169.78426521578788,-7.626717845870946,2.8372369243126006,-20.637063776517557,-19.905621042505413,1.4315304120782974e-13
169.79257049058364,-7.620480739628904,2.8378451641909916,-20.630186466792654,-19.898872561744653,1.1789073981821273e-13
169.800876951909,-7.614246440519201,2.8384531931735943,-20.62331177941553,-19.892125134097483,1.0946997268834039e-13
169.8091845995436,-7.608014947600945,2.8390610129514036,-20.61643971154824,-19.885378758444986,1.4736342477276593e-13
169.81749343326706,-7.601786259933365,2.8396686252154133,-20.609570260352598,-19.87863343366827,6.315575347404254e-14
169.82580345285893,-7.595560376575691,2.8402760316566185,-20.602703422990174,-19.871889158648504,7.999728773378721e-14
169.8341146580987,-7.589337296587319,2.8408832339660117,-20.59583919662243,-19.8651459322669,7.578690416885104e-14
169.8424270487657,-7.583117019027698,2.84149023383459,-20.588977578410507,-19.85840375340471,1.0946997268834039e-13
169.85074062463923,-7.576899542956399,2.842097032953346,-20.582118565515422,-19.851662620943223,5.4734986344170195e-14
169.85905538549864,-7.570684867432996,2.8427036330132753,-20.575262155097942,-19.844922533763814,1.3894265764289357e-13
169.86737133112314,-7.5644729915172295,2.8433100357053713,-20.56840834431865,-19.838183490747845,1.1789073981821273e-13
169.87568846129176,-7.558263914268893,2.8439162427206295,-20.561557130337906,-19.831445490776755,1.5999457546757442e-13
169.88400677578358,-7.552057634747896,2.8445222557500442,-20.554708510315855,-19.824708532732025,1.221011233831489e-13
169.89232627437767,-7.5458541520141615,2.845128076484609,-20.547862481412487,-19.817972615495183,1.1789073981821273e-13
169.90064695685285,-7.53965346512777,2.845733706615319,-20.54101904078753,-19.811237737947803,1.5578419190263825e-13
169.90896882298804,-7.5334555731488635,2.8463391478331688,-20.53417818560052,-19.80450389897148,1.0946997268834039e-13
169.91729187256195,-7.527260475137695,2.8469444018291523,-20.527339913010806,-19.79777109744787,1.4736342477276593e-13
169.92561610535336,-7.5210681701545266,2.8475494702942648,-20.520504220177518,-19.791039332258674,1.4315304120782974e-13
169.9339415211409,-7.514878657259787,2.848154354919499,-20.513671104259586,-19.784308602285645,1.3894265764289357e-13
169.9422681197031,-7.508691935513989,2.848759057395851,-20.506840562415746,-19.777578906410543,7.578690416885104e-14
169.9505959008185,-7.50250800397765,2.849363579414316,-20.500012591804495,-19.770850243515195,1.3894265764289357e-13
169.95892486426555,-7.496326861711465,2.849967922665886,-20.493187189584173,-19.764122612481483,7.157652060391487e-14
169.9672550098226,-7.490148507776164,2.850572088841557,-20.486364352912872,-19.75739601219131,7.578690416885104e-14
169.97558633726783,-7.483972941232617,2.851176079632323,-20.47954407894853,-19.750670441526623,1.6841534259744677e-13
169.98391884637965,-7.477800161141689,2.851779896729179,-20.472726364848818,-19.743945899369407,1.2631150694808508e-13
169.99225253693612,-7.47163016656441,2.852383541823119,-20.465911207771267,-19.73722238460171,1.3894265764289357e-13
170.00058740871532,-7.4654629565618675,2.8529870166051374,-20.45909860487317,-19.730499896105602,5.0524602779234026e-14
170.0089234614952,-7.459298530195265,2.85359032276623,-20.452288553311607,-19.723778432763176,8.420767129872338e-14
170.01726069505378,-7.453136886525823,2.8541934619973888,-20.445481050243515,-19.717057993456617,5.894536990910637e-14
170.02559910916892,-7.4469780246149115,2.854796435989609,-20.438676092825567,-19.710338577068104,7.157652060391487e-14
170.03393870361836,-7.440821943523965,2.8553992464338873,-20.43187367821425,-19.703620182479874,7.157652060391487e-14
170.0422794781798,-7.434668642314542,2.856001895021214,-20.425073803565862,-19.696902808574205,1.4315304120782974e-13
170.05062143263103,-7.4285181200482,2.8566043834425874,-20.41827646603651,-19.6901864542334,1.642049590325106e-13
170.05896456674952,-7.422370375786653,2.8572067133890005,-20.41148166278206,-19.683471118339828,5.0524602779234026e-14
170.06730888031277,-7.416225408591694,2.857808886551449,-20.40468939095819,-19.676756799775855,1.1368035625327657e-13
170.07565437309822,-7.410083217525214,2.8584109046209245,-20.397899647720433,-19.670043497423944,4.210383564936169e-14
170.08400104488325,-7.403943801649125,2.8590127692884235,-20.391112430224055,-19.663331210166543,1.1789073981821273e-13
170.09234889544516,-7.3978071600254935,2.85961448224494,-20.38432773562414,-19.656619936886162,8.420767129872338e-14
170.1006979245611,-7.39167329171645,2.8602160451814678,-20.377545561075596,-19.649909676465363,9.262843842859572e-14
170.1090481320082,-7.385542195784239,2.860817459789004,-20.370765903733087,-19.643200427786695,7.157652060391487e-14
170.11739951756365,-7.379413871291117,2.8614187277585397,-20.36398876075112,-19.636492189732806,4.210383564936169e-14
170.12575208100432,-7.373288317299499,2.86201985078107,-20.357214129284,-19.629784961186353,7.578690416885104e-14
170.1341058221072,-7.367165532871863,2.8626208305475918,-20.350442006485796,-19.62307874103002,6.73661370389787e-14
170.14246074064897,-7.361045517070801,2.8632216687490972,-20.34367238951042,-19.61637352814654,1.0525958912340423e-13
170.15081683640665,-7.354928268958919,2.863822367076581,-20.336905275511576,-19.609669321418693,1.1368035625327657e-13
170.1591741091568,-7.348813787598978,2.8644229272210384,-20.330140661642737,-19.602966119729274,6.315575347404254e-14
170.167532558676,-7.342702072053809,2.8650233508734635,-20.323378545057228,-19.59626392196112,1.0946997268834039e-13
170.1758921847408,-7.336593121386345,2.8656236397248507,-20.316618922908145,-19.589562726997116,1.1368035625327657e-13
170.1842529871278,-7.330486934659545,2.866223795466194,-20.309861792348396,-19.58286253372018,7.578690416885104e-14
170.19261496561325,-7.324383510936522,2.8668238197884883,-20.303107150530703,-19.576163341013256,1.0525958912340423e-13
170.2009781199735,-7.318282849280445,2.8674237143827286,-20.296354994607558,-19.569465147759317,1.7262572616238293e-13
170.20934244998483,-7.3121849487546084,2.8680234809399088,-20.289605321731294,-19.562767952841384,3.789345208442552e-14
170.2177079554234,-7.306089808422312,2.8686231211510234,-20.282858129054027,-19.556071755142522,1.1368035625327657e-13
170.22607463606528,-7.299997427347021,2.869222636707066,-20.276113413727696,-19.549376553545823,1.0946997268834039e-13
170.2344424916865,-7.2939078045922585,2.8698220292990326,-20.269371172904005,-19.542682346934384,6.73661370389787e-14
170.24281152206294,-7.287820939221658,2.8704213006179167,-20.262631403734513,-19.535989134191386,1.1368035625327657e-13
170.25118172697054,-7.281736830298876,2.871020452354713,-20.25589410337055,-19.52929691420001,1.4736342477276593e-13
170.25955310618505,-7.2756554768877235,2.8716194862004154,-20.249159268963254,-19.522605685843487,7.578690416885104e-14
170.26792565948213,-7.2695768780520975,2.87221840384602,-20.24242689766358,-19.515915448005053,1.1789073981821273e-13
170.27629938663753,-7.263501032855919,2.872817206982519,-20.23569698662229,-19.50922619956803,1.347322740779574e-13
170.28467428742672,-7.257427940363255,2.8734158973009087,-20.228969532989925,-19.502537939415728,7.578690416885104e-14
170.2930503616252,-7.251357599638246,2.8740144764921824,-20.22224453391687,-19.495850666431497,7.999728773378721e-14
170.30142760900827,-7.245290009745141,2.8746129462473364,-20.215521986553295,-19.48916437949873,1.642049590325106e-13
170.30980602935142,-7.23922516974821,2.8752113082573616,-20.20880188804917,-19.48247907750086,7.157652060391487e-14
170.31818562242978,-7.233163078711869,2.8758095642132564,-20.2020842355543,-19.475794759321328,1.0525958912340423e-13
170.32656638801856,-7.227103735700615,2.876407715806013,-20.19536902621824,-19.46911142384362,1.6841534259744676e-14
170.33494832589275,-7.221047139779046,2.877005764726626,-20.18865625719045,-19.462429069951277,1.221011233831489e-13
170.3433314358275,-7.2149932900117735,2.8776037126660903,-20.18194592562008,-19.455747696527823,1.4736342477276593e-13
170.35171571759767,-7.20894218546358,2.8782015613154,-20.175238028656178,-19.44906730245685,1.5999457546757442e-13
170.3601011709781,-7.202893825199302,2.8787993123655498,-20.168532563447556,-19.442387886621976,1.5578419190263825e-13
170.36848779574353,-7.1968482082838925,2.879396967507535,-20.161829527142856,-19.43570944790683,7.157652060391487e-14
170.37687559166875,-7.190805333782319,2.879994528432349,-20.155128916890494,-19.429031985195095,5.0524602779234026e-14
170.38526455852832,-7.184765200759705,2.880591996830986,-20.14843072983873,-19.42235549737047,6.73661370389787e-14
170.39365469609675,-7.17872780828125,2.881189374394441,-20.141734963135633,-19.415679983316707,7.578690416885104e-14
170.40204600414845,-7.172693155412252,2.881786662813708,-20.135041613929054,-19.409005441917557,7.157652060391487e-14
170.4104384824579,-7.166661241218031,2.882383863779783,-20.128350679366687,-19.40233187205681,1.221011233831489e-13
170.41883213079933,-7.160632064764068,2.882980978983658,-20.12166215659598,-19.395659272618296,1.3052189051302125e-13
170.42722694894698,-7.1546056251159085,2.883578010116329,-20.11497604276427,-19.38898764248588,1.4736342477276593e-13
170.43562293667495,-7.148581921339204,2.884174958868791,-20.108292335018636,-19.382316980543433,5.0524602779234026e-14
170.44402009375733,-7.142560952499631,2.8847718269320373,-20.101611030505985,-19.375647285674876,6.73661370389787e-14
170.45241841996807,-7.13654271766302,2.885368615997062,-20.09493212637308,-19.368978556764148,9.262843842859572e-14
170.46081791508107,-7.130527215895266,2.8859653277548603,-20.08825561976642,-19.36231079269522,1.1789073981821273e-13
170.46921857887006,-7.124514446262378,2.8865619638964275,-20.08158150783237,-19.355643992352082,1.0525958912340423e-13
170.4776204111089,-7.118504407830383,2.887158526112757,-20.07490978771708,-19.348978154618784,9.683882199353189e-14
170.48602341157115,-7.112497099665465,2.8877550160948426,-20.06824045656651,-19.342313278379358,7.578690416885104e-14
170.49442758003042,-7.106492520833874,2.8883514355336803,-20.061573511526454,-19.335649362517895,1.0946997268834039e-13
170.50283291626008,-7.100490670401972,2.8889477861202635,-20.054908949742508,-19.328986405918517,1.5999457546757442e-13
170.51123942003372,-7.094491547436139,2.889544069545587,-20.048246768360066,-19.322324407465352,6.315575347404254e-14
170.5196470911245,-7.08849515100291,2.8901402875006457,-20.041586964524345,-19.315663366042564,1.1789073981821273e-13
170.52805592930576,-7.08250148016889,2.890736441676433,-20.03492953538039,-19.309003280534363,6.315575347404254e-14
170.53646593435053,-7.076510534000797,2.8913325337639444,-20.028274478073016,-19.302344149824947,1.221011233831489e-13
170.544877106032,-7.07052231156536,2.891928565454173,-20.021621789746906,-19.29568597279859,8.420767129872338e-14
170.55328944412315,-7.064536811929474,2.892524538438115,-20.0149714675465,-19.28902874833954,7.157652060391487e-14
170.56170294839677,-7.05855403416012,2.8931204544067635,-20.008323508616094,-19.282372475332107,8.841805486365955e-14
170.5701176186258,-7.052573977324296,2.893716315051115,-20.001677910099783,-19.27571715266062,1.4736342477276593e-13
170.57853345458295,-7.04659664048916,2.8943121220621606,-19.995034669141464,-19.269062779209435,1.347322740779574e-13
170.5869504560409,-7.040622022721934,2.8949078771308976,-19.98839378288488,-19.26240935386292,7.157652060391487e-14
170.59536862277213,-7.034650123089959,2.8955035819483186,-19.981755248473558,-19.255756875505497,8.420767129872338e-14
170.6037879545492,-7.028680940660583,2.8960992382054194,-19.97511906305084,-19.24910534302157,1.7262572616238293e-13
170.61220845114454,-7.022714474501319,2.896694847593193,-19.968485223759913,-19.242454755295615,1.3894265764289357e-13
170.62063011233042,-7.016750723679747,2.8972904118026364,-19.961853727743737,-19.23580511121211,1.4736342477276593e-13
170.62905293787904,-7.0107896872635616,2.8978859325247406,-19.955224572145124,-19.229156409655552,1.7262572616238293e-13
170.63747692756263,-7.004831364320462,2.8984814114505038,-19.948597754106668,-19.222508649510466,1.3894265764289357e-13
170.64590208115325,-6.998875753918324,2.8990768502709185,-19.941973270770795,-19.21586182966141,6.73661370389787e-14
170.65432839842285,-6.99292285512508,2.8996722506769776,-19.93535111927978,-19.20921594899298,6.73661370389787e-14
170.66275587914328,-6.986972667008778,2.900267614359679,-19.928731296775652,-19.202571006389757,1.3052189051302125e-13
170.67118452308645,-6.981025188637474,2.9008629430100137,-19.922113800400297,-19.195927000736383,8.420767129872338e-14
170.67961433002407,-6.9750804190794025,2.9014582383189778,-19.915498627295406,-19.189283930917505,5.894536990910637e-14
170.68804529972775,-6.969138357402846,2.902053501977567,-19.90888577460248,-19.182641795817784,4.210383564936169e-14
170.69647743196896,-6.963199002676212,2.902648735676773,-19.90227523946287,-19.17600059432194,1.5578419190263825e-13
170.70491072651933,-6.95726235396791,2.903243941107594,-19.89566701901767,-19.169360325314667,6.315575347404254e-14
170.71334518315018,-6.951328410346536,2.9038391199610194,-19.88906111040789,-19.16272098768074,7.578690416885104e-14
170.7217808016328,-6.945397170880722,2.904434273928048,-19.882457510774273,-19.156082580304904,1.0525958912340423e-13
170.73021758173837,-6.939468634639236,2.905029404699672,-19.875856217257436,-19.149445102071958,1.0104920555846805e-13
170.73865552323807,-6.933542800690843,2.905624513966888,-19.869257226997767,-19.142808551866707,1.3052189051302125e-13
