galstreams/tracks/track.st.NGC1851.ibata2021.ecsv
# %ECSV 0.9
# ---
# datatype:
# - {name: ra, unit: deg, datatype: float64}
# - {name: dec, unit: deg, datatype: float64}
# - {name: distance, unit: kpc, datatype: float64}
# - {name: pm_ra_cosdec, unit: mas / yr, datatype: float64}
# - {name: pm_dec, unit: mas / yr, datatype: float64}
# - {name: radial_velocity, unit: km / s, datatype: float64}
# delimiter: ','
# meta: !!omap
# - __serialized_columns__:
#     dec:
#       __class__: astropy.coordinates.angles.Latitude
#       unit: &id001 !astropy.units.Unit {unit: deg}
#       value: !astropy.table.SerializedColumn {name: dec}
#     distance:
#       __class__: astropy.coordinates.distances.Distance
#       unit: !astropy.units.Unit {unit: kpc}
#       value: !astropy.table.SerializedColumn {name: distance}
#     pm_dec:
#       __class__: astropy.units.quantity.Quantity
#       unit: !astropy.units.Unit {unit: mas / yr}
#       value: !astropy.table.SerializedColumn {name: pm_dec}
#     pm_ra_cosdec:
#       __class__: astropy.units.quantity.Quantity
#       unit: !astropy.units.Unit {unit: mas / yr}
#       value: !astropy.table.SerializedColumn {name: pm_ra_cosdec}
#     ra:
#       __class__: astropy.coordinates.angles.Longitude
#       unit: *id001
#       value: !astropy.table.SerializedColumn {name: ra}
#       wrap_angle: !astropy.coordinates.Angle
#         unit: *id001
#         value: 360.0
#     radial_velocity:
#       __class__: astropy.units.quantity.Quantity
#       unit: !astropy.units.Unit {unit: km / s}
#       value: !astropy.table.SerializedColumn {name: radial_velocity}
# schema: astropy-2.0
ra,dec,distance,pm_ra_cosdec,pm_dec,radial_velocity
[from data line 138]
81.19829720156864,-49.32728988963027,14.174801192875329,2.2718861860576207,-0.3782229960057163,-4.210383564936169e-15
81.18211549424193,-49.31755104665475,14.171726760466925,2.272344217548163,-0.37922661486263687,4.210383564936169e-15
81.16598718571836,-49.307810302020044,14.1686620902195,2.2728005175881916,-0.3802272858147866,6.315575347404253e-15
81.1499121839486,-49.298067677623756,14.16560716882399,2.2732550910530636,-0.3812250116976361,-4.210383564936169e-15
81.13389039693794,-49.288323195243656,14.16256198297134,2.27370794280207,-0.38221979535771783,1.0525958912340423e-14
81.11792173274657,-49.278576876537954,14.159526519352495,2.2741590776784872,-0.3832116396525578,-6.315575347404253e-15
81.10200609948981,-49.26882874304601,14.156500764658388,2.274608500509633,-0.3842005474505998,1.0525958912340423e-14
81.08614340533835,-49.25907881618832,14.153484705579965,2.2750562161069077,-0.3851865216311364,4.210383564936169e-15
81.07033355851851,-49.24932711726727,14.150478328808164,2.2755022292658498,-0.3861695650842364,8.420767129872338e-15
81.05457646731246,-49.239573667467376,14.147481621033936,2.2759465447661857,-0.38714968071067424,-8.420767129872338e-15
81.0388720400585,-49.22981848785583,14.144494568948215,2.2763891673718804,-0.38812687142185875,2.1051917824680845e-15
81.02322018515117,-49.22006159938275,14.141517159241943,2.276830101831186,-0.38910114013976427,-4.210383564936169e-15
81.00762081104169,-49.21030302288175,14.138549378606063,2.277269352876692,-0.3900724897968594,1.6841534259744676e-14
80.99207382623793,-49.200542779070204,14.135591213731514,2.277706925225377,-0.39104092333603835,1.0525958912340423e-14
80.97657913930486,-49.19078088854978,14.13264265130924,2.2781428235786563,-0.39200644371055093,4.210383564936169e-15
80.96113665886465,-49.181017371806774,14.12970367803018,2.2785770526224374,-0.39296905388393355,1.2631150694808506e-14
80.94574629359688,-49.17125224921252,14.126774280585282,2.279009617027164,-0.3939287568299418,1.2631150694808506e-14
80.93040795223885,-49.161485541023836,14.123854445665483,2.2794405214478672,-0.3948855555324811,1.473634247727659e-14
80.91512154358568,-49.1517172673834,14.120944159961724,2.279869770524221,-0.3958394529855396,1.894672604221276e-14
80.89988697649063,-49.14194744832014,14.11804341016494,2.2802973688805848,-0.3967904521931194,8.420767129872338e-15
80.88470415986521,-49.13217610374969,14.115152182966087,2.2807233211260605,-0.3977385561691704,1.2631150694808506e-14
80.86957300267943,-49.122403253474744,14.112270465056094,2.281147631854538,-0.3986837679375236,-2.1051917824680845e-15
80.85449341396202,-49.112628917185496,14.109398243125911,2.281570305644744,-0.39962609053182246,-4.210383564936169e-15
80.8394653028006,-49.10285311445997,14.106535503866475,2.2819913470602993,-0.40056552699545955,-2.1051917824680845e-15
80.8244885783419,-49.093075864764515,14.103682233968724,2.28241076064976,-0.40150208038150864,1.0525958912340423e-14
80.80956314979188,-49.08329718745414,14.100838420123608,2.2828285509466744,-0.4024357537526596,2.1051917824680845e-15
80.79468892641609,-49.07351710177296,14.098004049022066,2.283244722469628,-0.40336655018115264,2.1051917824680845e-15
80.77986581753966,-49.063735626854516,14.095179107355033,2.283659279722298,-0.4042944727487146,-4.210383564936169e-15
80.76509373254763,-49.05395278172228,14.09236358181346,2.284072227193496,-0.40521952454649235,0.0
80.75037258088507,-49.04416858528995,14.089557459088281,2.2844835693572283,-0.40614170867499055,1.2631150694808506e-14
80.73570227205725,-49.03438305636193,14.086760725870441,2.2848933106727376,-0.4070610282440066,2.1051917824680845e-15
80.7210827156299,-49.02459621363364,14.083973368850883,2.2853014555845528,-0.4079774863725659,6.315575347404253e-15
80.70651382122931,-49.01480807569198,14.081195374720544,2.2857080085225467,-0.4088910861888603,6.315575347404253e-15
80.6919954985425,-49.00501866101568,14.078426730170365,2.2861129739019774,-0.4098018308301842,2.1051917824680846e-14
80.67752765731746,-48.995227987975746,14.075667421891296,2.286516356123538,-0.4107097234428716,2.1051917824680845e-15
80.66311020736326,-48.98543607483575,14.072917436574272,2.286918159573414,-0.4116147671822329,1.0525958912340423e-14
80.64874305855025,-48.97564293975235,14.070176760910233,2.2873183886233273,-0.41251696521249537,1.2631150694808506e-14
80.63442612081018,-48.96584860077556,14.067445381590124,2.2877170476305824,-0.4134163207067385,-8.420767129872338e-15
80.62015930413646,-48.95605307584924,14.064723285304884,2.288114140938128,-0.41431283684683307,0.0
80.6059425185842,-48.9462563828114,14.062010458745458,2.2885096728745924,-0.41520651682338106,2.1051917824680845e-15
80.59177567427044,-48.936458539394614,14.059306888602784,2.2889036477543403,-0.4160973638356536,1.473634247727659e-14
80.57765868137427,-48.92665956322646,14.056612561567805,2.2892960698775244,-0.41698538109153155,0.0
80.56359145013707,-48.91685947182981,14.053927464331464,2.28968694353013,-0.4178705718074426,1.0525958912340423e-14
80.54957389086252,-48.90705828262331,14.0512515835847,2.290076272984026,-0.4187529392083046,4.210383564936169e-15
80.53560591391685,-48.89725601292168,14.048584906018457,2.2904640624970134,-0.4196324865274632,-2.1051917824680845e-15
80.52168742972898,-48.88745267993616,14.045927418323672,2.2908503163128797,-0.4205092170066339,-4.210383564936169e-15
80.50781834879065,-48.877648300774844,14.04327910719129,2.29123503866144,-0.42138313389584137,1.6841534259744676e-14
80.49399858165648,-48.867842892443086,14.040639959312252,2.291618233758593,-0.42225424045336324,4.210383564936169e-15
80.48022803894429,-48.858036471843924,14.038009961377497,2.2919999058063647,-0.4231225399456684,1.2631150694808506e-14
80.4665066313351,-48.84822905577832,14.035389100077973,2.292380058992963,-0.4239880356473606,1.2631150694808506e-14
80.45283426957323,-48.83842066094572,14.032777362104618,2.2927586974928214,-0.42485073084112046,1.6841534259744676e-14
80.43921086446663,-48.82861130394431,14.030174734148371,2.2931358254666545,-0.4257106288176469,1.473634247727659e-14
80.42563632688682,-48.81880100127138,14.027581202900175,2.293511447061501,-0.4265677328756005,1.6841534259744676e-14
80.41211056776906,-48.80898976932385,14.024996755050974,2.293885566410774,-0.42742204632154623,8.420767129872338e-15
80.39863349811256,-48.799177624398446,14.022421377291703,2.294258187634312,-0.4282735724698957,1.6841534259744676e-14
80.38520502898051,-48.78936458269218,14.019855056313311,2.2946293148384256,-0.4291223146428526,2.1051917824680845e-15
80.37182507150028,-48.779550660302775,14.017297778806737,2.2949989521159475,-0.4299682761703537,2.315710960714893e-14
80.35849353686346,-48.76973587322889,14.01474953146292,2.2953671035462824,-0.43081146039001605,4.210383564936169e-15
80.34521033632606,-48.75992023737064,14.012210300972805,2.2957337731954515,-0.43165187064707844,2.1051917824680845e-15
80.3319753812086,-48.750103768529875,14.00968007402733,2.296098965116145,-0.43248951029434735,1.2631150694808506e-14
80.31878858289612,-48.74028648241058,14.007158837317442,2.2964626833477677,-0.43332438269214213,4.210383564936169e-15
80.30564985283851,-48.73046839461924,14.004646577534078,2.2968249319164933,-0.43415649120823885,6.315575347404253e-15
80.29255910255044,-48.72064952066517,14.002143281368177,2.2971857148353045,-0.43498583921781725,0.0
80.27951624361154,-48.71082987596106,13.999648935510685,2.2975450361040486,-0.43581243010340465,8.420767129872338e-15
80.2665211876665,-48.70100947582306,13.997163526652548,2.297902899709478,-0.4366362672548234,2.1051917824680845e-15
80.25357384642516,-48.691188335471345,13.994687041484697,2.2982593096253114,-0.4374573540691367,2.1051917824680846e-14
80.24067413166262,-48.68136647003041,13.992219466698076,2.298614269812267,-0.4382756939505952,1.894672604221276e-14
80.22782195521937,-48.67154389452946,13.989760788983633,2.29896778421812,-0.4390912903105825,1.6841534259744676e-14
80.21501722900135,-48.66172062390275,13.987310995032304,2.2993198567777475,-0.43990414656756416,1.6841534259744676e-14
80.20225986498008,-48.65189667298998,13.984870071535033,2.2996704914131803,-0.4407142661470337,-2.1051917824680845e-15
80.18954977519272,-48.64207205653661,13.982438005182761,2.3000196920336444,-0.4415216524814603,-2.1051917824680845e-15
80.17688687174221,-48.63224678919426,13.980014782666425,2.3003674625356134,-0.4423263090102365,1.473634247727659e-14
80.16427106679733,-48.62242088552105,13.97760039067697,2.300713806802856,-0.44312823917962796,2.5262301389617013e-14
80.15170227259274,-48.612594359981976,13.975194815905347,2.301058728706483,-0.4439274464427193,4.210383564936169e-15
80.13918040142923,-48.60276722694923,13.97279804504248,2.301402232104995,-0.4447239342593643,-4.210383564936169e-15
80.12670536567364,-48.59293950070262,13.970410064779317,2.301744320844331,-0.4455177060961339,2.1051917824680845e-15
80.11427707775901,-48.58311119542986,13.968030861806815,2.302084998757911,-0.44630876542626563,1.2631150694808506e-14
80.10189545018466,-48.573282325226984,13.96566042281589,2.3024242696666968,-0.447097115729615,1.0525958912340423e-14
80.0895603955163,-48.563452904098625,13.963298734497496,2.3027621373792218,-0.4478827604926009,1.0525958912340423e-14
80.07727182638605,-48.55362294595846,13.96094578354258,2.3030986056916487,-0.44866570320815913,8.420767129872338e-15
80.06502965549258,-48.54379246462951,13.958601556642071,2.3034336783878198,-0.4494459473756912,4.210383564936169e-15
80.05283379560116,-48.5339614738445,13.956266040486918,2.3037673592392958,-0.45022349650101434,2.1051917824680846e-14
80.0406841595437,-48.524129987246184,13.953939221768064,2.3040996520054047,-0.4509983540963135,4.210383564936169e-15
80.02858066021888,-48.51429801838777,13.95162108717645,2.3044305604332953,-0.4517705236800906,8.420767129872338e-15
80.01652321059221,-48.50446558073318,13.94931162340301,2.3047600882579777,-0.45254000877711675,1.473634247727659e-14
80.00451172369606,-48.49463268765747,13.947010817138695,2.305088239202374,-0.453306812918384,1.2631150694808506e-14
79.99254611262977,-48.48479935244714,13.944718655074443,2.3054150169773613,-0.45407093964105527,1.894672604221276e-14
79.98062629055968,-48.474965588300485,13.942435123901191,2.305740425281825,-0.45483239248841895,0.0
79.96875217071927,-48.46513140832794,13.940160210309884,2.306064467802696,-0.45559117500983765,-2.1051917824680845e-15
79.95692366640914,-48.45529682555246,13.937893900991469,2.3063871482150073,-0.45634729076070335,8.420767129872338e-15
79.94514069099709,-48.445461852909794,13.935636182636882,2.306708470181935,-0.4571007433023889,2.315710960714893e-14
79.93340315791819,-48.43562650324892,13.933387041937062,2.307028437354846,-0.4578515362022021,1.473634247727659e-14
79.92171098067487,-48.42579078933228,13.931146465582954,2.3073470533733444,-0.45859967303333604,1.473634247727659e-14
79.91006407283695,-48.41595472383626,13.928914440265498,2.3076643218653174,-0.4593451573748252,8.420767129872338e-15
79.89846234804165,-48.40611831935136,13.926690952675639,2.3079802464469843,-0.46008799281149737,1.0525958912340423e-14
79.88690571999373,-48.3962815883827,13.924475989504314,2.308294830722938,-0.4608281829339294,2.1051917824680845e-15
79.8753941024655,-48.38644454335024,13.922269537442471,2.3086080782861957,-0.4615657313383981,6.315575347404253e-15
79.86392740929686,-48.3766071965892,13.920071583181041,2.3089199927182436,-0.4623006416268381,1.2631150694808506e-14
79.85250555439536,-48.36676956035033,13.917882113410975,2.3092305775890813,-0.46303291740679353,1.0525958912340423e-14
79.84112845173624,-48.35693164680029,13.915701114823209,2.3095398364572697,-0.46376256229137514,0.0
79.82979601536252,-48.34709346802199,13.913528574108689,2.309847772869975,-0.4644895798992119,2.1051917824680846e-14
79.81850815938496,-48.33725503601488,13.911364477958351,2.3101543903630186,-0.4652139738544112,1.0525958912340423e-14
79.80726479798221,-48.32741636269536,13.909208813063142,2.3104596924609138,-0.46593574778650926,1.894672604221276e-14
79.79606584540079,-48.317577459897024,13.907061566114,2.310763682676924,-0.46665490533042997,1.2631150694808506e-14
79.78491121595509,-48.30773833937105,13.904922723801867,2.3110663645130987,-0.46737145012644,1.473634247727659e-14
79.77380082402749,-48.29789901278653,13.902792272817688,2.311367741460321,-0.4680853858201039,-4.210383564936169e-15
79.76273458406841,-48.2880594917308,13.900670199852396,2.311667816998357,-0.4687967160622421,4.210383564936169e-15
79.75171241059623,-48.27821978770973,13.898556491596942,2.3119665945958925,-0.46950544450888654,1.473634247727659e-14
79.74073421819742,-48.26837991214809,13.896451134742263,2.3122640777105916,-0.4702115748212382,0.0
79.72979992152658,-48.25853987638991,13.8943541159793,2.312560269789127,-0.47091511066562186,2.1051917824680845e-15
79.71890943530644,-48.24869969169871,13.892265421998996,2.3128551742672356,-0.47161605571344656,1.2631150694808506e-14
79.70806267432788,-48.23885936925794,13.890185039492293,2.313148794569759,-0.472314413641161,1.6841534259744676e-14
79.69725955344994,-48.229018920171235,13.888112955150133,2.3134411341106906,-0.47301018813021234,8.420767129872338e-15
79.68649998759997,-48.21917835546276,13.886049155663452,2.313732196293219,-0.47370338286700236,1.6841534259744676e-14
79.67578389177353,-48.20933768607752,13.883993627723196,2.3140219845097683,-0.4743940015428476,2.1051917824680846e-14
79.66511118103445,-48.1994969228817,13.881946358020308,2.314310502142054,-0.47508204785393676,1.2631150694808506e-14
79.65448177051486,-48.18965607666302,13.879907333245727,2.314597752561118,-0.47576752550128876,1.0525958912340423e-14
79.64389557541527,-48.17981515813098,13.877876540090394,2.3148837391273753,-0.4764504381907121,1.2631150694808506e-14
79.63335251100446,-48.16997417791723,13.875853965245254,2.315168465190661,-0.4771307896327643,8.420767129872338e-15
79.62285249261966,-48.160133146575845,13.873839595401247,2.315451934090269,-0.4778085835427097,8.420767129872338e-15
79.61239543566641,-48.15029207458383,13.871833417249308,2.315734149155006,-0.4784838236404803,1.2631150694808506e-14
79.60198125561874,-48.140450972341156,13.869835417480388,2.316015113703224,-0.4791565136506348,1.0525958912340423e-14
79.59160986801906,-48.13060985017123,13.867845582785423,2.3162948310428724,-0.47982665730231766,-2.1051917824680845e-15
79.58128118847823,-48.120768718321216,13.865863899855354,2.3165733044715404,-0.48049425832921977,-4.210383564936169e-15
79.57099513267559,-48.11092758696234,13.863890355381129,2.316850537276497,-0.48115932046953863,4.210383564936169e-15
79.56075161635893,-48.101086466190154,13.861924936053681,2.317126532734741,-0.4818218474659396,1.894672604221276e-14
79.55055055534451,-48.09124536602496,13.859967628563961,2.3174012941130395,-0.48248184306551545,6.315575347404253e-15
79.54039186551714,-48.081404296411975,13.858018419602901,2.3176748246679746,-0.4831393110197465,4.210383564936169e-15
79.53027546283008,-48.07156326722182,13.856077295861448,2.317947127645984,-0.4837942550844637,4.210383564936169e-15
79.52020126330514,-48.06172228825064,13.85414424403054,2.3182182062834102,-0.48444667901980776,-2.1051917824680845e-15
79.51016918303266,-48.051881369220574,13.852219250801125,2.318488063806536,-0.4850965865901917,2.1051917824680846e-14
79.50017913817148,-48.04204051978001,13.850302302864135,2.318756703431634,-0.48574398156426424,1.2631150694808506e-14
79.49023104494898,-48.032199749503846,13.84839338691052,2.319024128365006,-0.4863888677148671,6.315575347404253e-15
79.48032481966115,-48.02235906789387,13.846492489631217,2.319290341803029,-0.4870312488190004,1.0525958912340423e-14
79.47046037867241,-48.01251848437903,13.844599597717167,2.319555346932196,-0.4876711286577851,6.315575347404253e-15
79.46063763841586,-48.00267800831575,13.842714697859314,2.3198191469291616,-0.488308511016423,2.7367493172085098e-14
