galstreams/tracks/track.st.Fjorm.ibata2020.ecsv
# %ECSV 0.9
# ---
# datatype:
# - {name: ra, unit: deg, datatype: float64}
# - {name: dec, unit: deg, datatype: float64}
# - {name: distance, unit: kpc, datatype: float64}
# - {name: pm_ra_cosdec, unit: mas / yr, datatype: float64}
# - {name: pm_dec, unit: mas / yr, datatype: float64}
# - {name: radial_velocity, unit: km / s, datatype: float64}
# delimiter: ','
# meta: !!omap
# - __serialized_columns__:
#     dec:
#       __class__: astropy.coordinates.angles.Latitude
#       unit: &id001 !astropy.units.Unit {unit: deg}
#       value: !astropy.table.SerializedColumn {name: dec}
#     distance:
#       __class__: astropy.coordinates.distances.Distance
#       unit: !astropy.units.Unit {unit: kpc}
#       value: !astropy.table.SerializedColumn {name: distance}
#     pm_dec:
#       __class__: astropy.units.quantity.Quantity
#       unit: !astropy.units.Unit {unit: mas / yr}
#       value: !astropy.table.SerializedColumn {name: pm_dec}
#     pm_ra_cosdec:
#       __class__: astropy.units.quantity.Quantity
#       unit: !astropy.units.Unit {unit: mas / yr}
#       value: !astropy.table.SerializedColumn {name: pm_ra_cosdec}
#     ra:
#       __class__: astropy.coordinates.angles.Longitude
#       unit: *id001
#       value: !astropy.table.SerializedColumn {name: ra}
#       wrap_angle: !astropy.coordinates.Angle
#         unit: *id001
#         value: 360.0
#     radial_velocity:
#       __class__: astropy.units.quantity.Quantity
#       unit: !astropy.units.Unit {unit: km / s}
#       value: !astropy.table.SerializedColumn {name: radial_velocity}
# schema: astropy-2.0
ra,dec,distance,pm_ra_cosdec,pm_dec,radial_velocity
189.3192158729308,-47.20393455207293,0.0001777348446507787,-2.396684669572956,2.098515620766368,1.1813178838900802e-14
189.3216677812865,-46.48576131395997,0.1592709064991933,-2.4342907961262705,2.0591789178674462,1.11838313443617e-14
189.32845263511658,-45.76769474957174,0.3155297477384247,-2.4709818646486656,2.022146990486678,1.0262809939531913e-14
189.3393659967532,-45.049752098672236,0.4689785013798966,-2.506736613885707,1.9873843930785702,9.736511993914891e-15
189.3542172755173,-44.33194966959492,0.6196414102411509,-2.541536318232178,1.9548562432835361,8.947065075489359e-15
189.37282867824447,-43.61430290224812,0.7675427171397436,-2.5753645867899295,1.9245281957208407,1.0525958912340423e-14
189.39503425474808,-42.89682642571419,0.9127066648932142,-2.6082071801025624,1.896366416479493,5.2629794561702115e-15
189.42067902849607,-42.17953411100332,1.0551574963191106,-2.6400518427302346,1.8703375583690842,6.8418732930212744e-15
189.4496182038946,-41.4624391194623,1.1949194542349852,-2.6708881500417454,1.846408736970635,7.368171238638296e-15
189.4817164425473,-40.74555394727797,1.3320167814583803,-2.700707367787752,1.8245475075102637,3.1577876737021266e-15
189.51684720171292,-40.0288904664672,1.4664737208068406,-2.729502323181903,1.804721842564991,7.368171238638296e-15
189.55489212893318,-39.312459962701745,1.5983145150979212,-2.7572672863592937,1.7869001105996611,3.1577876737021266e-15
189.59574050745988,-38.59627317027634,1.7275634071491641,-2.7839978612066583,1.7710510553259695,4.210383564936169e-15
189.63928874768945,-37.88034030449796,1.854244639778118,-2.809690884668477,1.7571437758685822,2.1051917824680845e-15
189.6854399203225,-37.16467109174205,1.9783824558023286,-2.8343443337297645,1.7451477077189337,4.210383564936169e-15
189.73410332741707,-36.44927479739689,2.1000010980393453,-2.8579572393613284,1.7350326044539994,2.1051917824680845e-15
189.78519410790153,-35.734160251894515,2.219124809306713,-2.880529606788423,1.7267685201952223,2.1051917824680845e-15
189.8386328744661,-35.01933587500553,2.33577783242198,-2.9020623415100113,1.720325792781237,-1.0525958912340423e-15
189.8943453790644,-34.304809698558586,2.449984410202694,-2.9225571805546835,1.715675027627253,3.1577876737021266e-15
189.95226220453512,-33.59058938772757,2.561768785466401,-2.94201662851129,1.7127870822435804,-2.1051917824680845e-15
190.01231848009937,-32.87668226101781,2.67115520103065,-2.9604438979186263,1.7116330513857976,8.420767129872338e-15
190.0744536187113,-32.16309530906825,2.7781678997129866,-2.9778428536396704,1.7121842528093363,-4.210383564936169e-15
190.1386110744347,-31.449835212376055,2.882831124330957,-2.9942179608824295,1.7144122136017874,1.0525958912340423e-14
190.204738118195,-30.736908358040615,2.9851691177021102,-3.0095742365621794,1.71828865706685,6.315575347404253e-15
190.2727856304117,-30.024320855614206,3.0852061226439935,-3.0239172037290114,1.723785490134648,-4.210383564936169e-15
190.3427079091585,-29.31207855213986,3.1829663819741536,-3.037252848810684,1.7308747912739555,-8.420767129872338e-15
190.4144624926237,-28.6001870464482,3.278474138510138,-3.0495875814441464,1.7395287988827652,6.315575347404253e-15
190.4880099947574,-27.888651702781008,3.3717536350694925,-3.060928196690023,1.7497199001345551,-2.1051917824680845e-15
190.56331395309292,-27.177477663801305,3.4628291144697645,-3.0712818394431074,1.761420620258519,-1.0525958912340423e-14
190.6403406878242,-26.466669863046327,3.5517248195285034,-3.080655970868902,1.774603612232938,0.0
190.71905917130033,-25.756233036874704,3.6384649930632533,-3.089058336711306,1.789241646871762,-4.210383564936169e-15
190.79944090717711,-25.046171735953905,3.7230738778915655,-3.0964969373303397,1.8053076032853612,-8.420767129872338e-15
190.88145981852924,-24.336490336333686,3.8055757168309827,-3.1029799993411262,1.822774459697213,4.210383564936169e-15
190.96509214429182,-23.627193050143113,3.885994752699055,-3.1085159487364575,1.8416152845991134,0.0
191.0503163434521,-22.918283935950562,3.9643552283133277,-3.113113385385413,1.8618032282282773,-1.0525958912340423e-14
191.13711300646537,-22.20976690882019,4.0406813864913484,-3.116781058809578,1.8833115143503907,4.210383564936169e-15
191.22546477341282,-21.5016457500975,4.114997470050666,-3.119527845146696,1.906113432333381,2.1051917824680845e-15
191.31535625846234,-20.793924116954255,4.187327721808827,-3.1213627252190683,1.930182329497322,2.1051917824680845e-15
191.40677398023024,-20.086605551720474,4.257696384583377,-3.122294763630854,1.9554916037264596,2.1051917824680845e-15
191.49970629767716,-19.379693491030643,4.326127701191863,-3.1223330888245284,1.9820146963299383,-1.0525958912340423e-14
191.59414335120283,-18.67319127480875,4.392645914451836,-3.1214868740325064,2.0097250851383066,4.210383564936169e-15
191.69007700863366,-17.967102155115885,4.457275267180838,-3.1197653190649492,2.038596277823378,-6.315575347404253e-15
191.7875008158232,-17.261429304882768,4.520040002196421,-3.1171776328794794,2.068601805429433,4.210383564936169e-15
191.88640995161077,-16.556175826548706,4.580964362316129,-3.1137330168828257,2.0997152161041788,2.1051917824680845e-15
191.9868011869053,-15.851344760627374,4.64007259035751,-3.1094406489182678,2.1319100690182426,-6.315575347404253e-15
192.08867284768235,-15.146939094218705,4.69738892913811,-3.1043096678963114,2.165159928462292,8.420767129872338e-15
192.1920247817017,-14.442961769486315,4.75293762147548,-3.098349159029298,2.199438358111169,-1.2631150694808506e-14
192.29685832876984,-13.739415692118394,4.806742910187164,-3.0915681396336545,2.2347189154447236,-4.210383564936169e-15
192.40317629438934,-13.03630373978991,4.8588290380907075,-3.0839755454661315,2.2709751463151817,-4.210383564936169e-15
192.5109829266505,-12.33362877064339,4.909220248003662,-3.07558021756303,2.3081805796511703,2.1051917824680845e-15
192.6202838962367,-11.631393631805384,4.957940782743573,-3.066390889553583,2.34630872228861,-1.0525958912340423e-14
192.73108627942653,-10.929601167955592,5.005014885127986,-3.0564161754208734,2.3853330539188686,-8.420767129872338e-15
192.84339854398965,-10.228254229964296,5.050466797974451,-3.045664557685589,2.425227022144632,0.0
192.9572305378833,-9.527355683615736,5.094320764100513,-3.0341443759896936,2.4659640376340675,2.1051917824680845e-15
193.07259348066884,-8.826908418432991,5.136601026323721,-3.0218638160588025,2.5075174693638487,1.0525958912340423e-14
193.1894999575766,-8.126915356621032,5.177331827461619,-3.008830899023557,2.5498606399416834,5.2629794561702115e-15
193.3079639161588,-7.427379462144374,5.216537410331758,-2.995053471081708,2.5929668209988983,-2.1051917824680845e-15
193.42800066547764,-6.728303749956075,5.2542420177516815,-2.980539193483954,2.6368092286436955,9.47336302110638e-15
193.54962687778612,-6.029691295395091,5.290469892538941,-2.965295532827805,2.681361018965502,-2.6314897280851057e-14
193.6728605926666,-5.3315452437683755,5.325245277511079,-2.94932975164487,2.726595283580857,1.0525958912340423e-15
193.79772122360149,-4.6338688201364135,5.358592415485646,-2.9326488992680213,2.7724850452110625,-1.894672604221276e-14
193.92422956695606,-3.936665339319051,5.390535549280189,-2.9152598029659287,2.8190032532817084,6.315575347404253e-15
194.05240781336457,-3.23993821614051,5.421098921712253,-2.897169059333325,2.866122779534007,-1.7894130150978717e-14
194.18227956151426,-2.5436909759325697,5.450306775599387,-2.878383025926275,2.9138164136376057,-1.473634247727659e-14
194.313869834333,-1.8479272653147192,5.478183353759136,-2.858907813132575,2.962056858794368,5.2629794561702115e-15
194.44720509759,-1.152650863272567,5.504752899009052,-2.838749276268124,3.010816727322266,-2.4472854471191484e-14
194.58231328092918,-0.4578656925545777,5.530039654166677,-2.8179130078909247,3.0600685362082674,2.6314897280851057e-16
194.71922380135945,0.23642416859073861,5.554067862049563,-2.796404330325042,3.1097847026187178,8.815490589085104e-15
194.85796758923473,0.9302144743145534,5.576861765475252,-2.7742282883875733,3.1599375393553606,-1.1841703776382976e-14
194.99857711676236,1.623500798680864,5.598445607261294,-2.7513896423122883,3.21049925024471,-2.4736003443999992e-14
195.14108642908698,2.316278522767914,5.618843630225235,-2.727892860864346,3.2614419254480262,-1.6315236314127656e-14
195.28553117800237,3.0085428213329397,5.638080077184624,-2.7037421146410154,3.312737536678663,-8.947065075489359e-15
195.4319486583525,3.7002886490119655,5.656179190957005,-2.6789412695540697,3.364357932313012,-1.0525958912340423e-14
195.5803778471893,4.39151072602718,5.673165214359931,-2.653493880490066,3.416274832380667,-5.2629794561702115e-15
195.73085944576255,5.082203523371433,5.689062390210943,-2.6274031851454143,3.468459823418847,-1.473634247727659e-14
195.88343592442504,5.772361247438771,5.70389496132759,-2.6006720980337437,3.520884353175371,-1.6841534259744676e-14
196.03815157054345,6.461977824067624,5.71768717052742,-2.5733032046637567,3.5735197251438326,-3.789345208442552e-14
196.19505253951402,7.15104688196169,5.730463260627982,-2.5452987558864253,3.626337092913743,-2.5262301389617013e-14
196.35418690898996,7.8395617354523175,5.74224747444682,-2.516660662411083,3.6793074543176703,-2.1051917824680846e-14
196.51560473643636,8.527515366562515,5.7530640548014835,-2.4873904894907186,3.7324016453564104,-6.315575347404253e-15
196.67935812013712,9.214900406332148,5.7629372445095175,-2.4574894517775294,3.7855903338823067,-2.1051917824680846e-14
196.84550126378744,9.901709115360743,5.771891286388472,-2.4269584083506404,3.8388440130198127,-2.5262301389617013e-14
197.01409054481556,10.587933363521627,5.77995042325589,-2.3957978579187653,3.8921329943012557,-2.5262301389617013e-14
197.1851845865866,11.27356460879899,5.787138897929323,-2.3640079342015192,3.9454274004945544,-2.947268495455318e-14
197.35884433465208,11.95859387519576,5.793480953226314,-2.331588401494118,3.998697158098481,-4.210383564936169e-15
197.53513313722004,12.643011729658253,5.799000831964414,-2.2985386504213237,4.05191198947959,-2.5262301389617013e-14
197.71411683003026,13.326808257958596,5.803722776961169,-2.2648576938876626,4.105041404623567,-8.420767129872338e-15
197.89586382583315,14.00997303947385,5.807671031034124,-2.2305441632322545,4.1580546924722155,-1.6841534259744676e-14
198.08044520868089,14.692495120796133,5.81086983700083,-2.195596304598074,4.210920911815634,0.0
198.26793483325378,15.374362988104062,5.81334343767883,-2.1600119755269644,4.263608881707442,-4.210383564936169e-15
198.45840942945742,16.055564538221756,5.815116075885674,-2.1237886417934946,4.316087171368993,-1.6841534259744676e-14
198.65194871253985,16.736087048286148,5.81621199443891,-2.086923374492684,4.368324089546641,-8.420767129872338e-15
198.8486354989939,17.415917143939932,5.816655436156084,-2.0494128473986284,4.420287673283943,-1.6841534259744676e-14
199.04855582852292,18.09504076595984,5.816470643854742,-2.0112533346134955,4.471945676068505,-4.210383564936169e-15
199.25179909236596,18.773443135226294,5.815681860352432,-1.972440708528823,4.5232655553108065,-8.420767129872338e-15
199.45845816829356,19.451108715933085,5.8143133284667,-1.932970438123973,4.574214459109875,-8.420767129872338e-15
199.6686295626028,20.128021176929256,5.812389291015095,-1.8928375876297003,4.624759212257962,-2.5262301389617013e-14
199.8824135594587,20.80416335107962,5.809933990815164,-1.8520368155882856,4.674866301433676,-1.6841534259744676e-14
200.09991437794596,21.47951719251957,5.806971670684456,-1.8105623743455963,4.724501859529959,-4.210383564936169e-14
200.32124033721544,22.154063731676505,5.8035265734405135,-1.7684081100146938,4.773631649060312,-1.6841534259744676e-14
200.54650403012903,22.82778302791672,5.799622941900887,-1.7255674629553894,4.8222210445832525,-3.368306851948935e-14
200.77582250582626,23.500654119670813,5.7952850188831215,-1.6820334688195056,4.870235014081703,1.6841534259744676e-14
201.00931746165713,24.17265497187888,5.790537047204767,-1.6377987602174207,4.917638099230238,-8.420767129872338e-15
201.24711544494673,24.843762420586973,5.785403269683368,-1.5928555690680937,4.964394394479511,-8.420767129872338e-15
201.48934806507827,25.513952114514776,5.779907929136474,-1.5471957297020258,5.010467524883123,-1.6841534259744676e-14
201.73615221640372,26.183198453402174,5.774075268381631,-1.5008106827947167,5.055820622588225,-2.5262301389617013e-14
201.98767031251109,26.85147452292942,5.767929530236387,-1.453691480217226,5.100416301906841,8.420767129872338e-15
202.24405053240125,27.518752025992146,5.761494957518286,-1.4058287909004243,5.144216632880653,-3.368306851948935e-14
202.50544707914608,28.185001210097344,5.75479579304488,-1.3572129078207293,5.1871831132474995,-3.368306851948935e-14
202.77202045162204,28.850190790630354,5.747856279633711,-1.3078337562275246,5.229276638713388,-1.6841534259744676e-14
203.04393772993112,29.514287869726974,5.7407006601023305,-1.2576809032462162,5.27045747142925,-2.5262301389617013e-14
203.32137287514004,30.17725785046573,5.733353177268284,-1.2067435690063482,5.310685206567208,1.6841534259744676e-14
203.60450704398482,30.839064346077286,5.72583807394912,-1.1550106394611863,5.3499187368866945,0.0
203.89352891920026,31.49966908384679,5.718179592962384,-1.1024706810842488,5.388116215176494,-2.5262301389617013e-14
204.18863505614493,32.15903180336382,5.710401977125621,-1.0491119576494108,5.42523501445477,-1.6841534259744676e-14
204.4900302463985,32.817110148751595,5.702529469256385,-0.9949224493246502,5.46123168580552,8.420767129872338e-15
204.79792789900915,33.473859554482694,5.694586312172215,-0.9398898743357214,5.496061913726786,-8.420767129872338e-15
205.11255044006342,34.129233124362834,5.686596748690667,-0.8840017134849976,5.529680468863465,-1.6841534259744676e-14
205.43412973123876,34.78318150323753,5.678585021629281,-0.8272452378430133,5.562041157996067,-2.5262301389617013e-14
205.76290750797668,35.435652740947,5.6705753738056055,-0.7696075399660394,5.593096771156269,0.0
206.09913583788244,36.08659214802572,5.66259204803719,-0.7110755690327206,5.6227990257412355,0.0
206.44307759990937,36.73594214261112,5.654659287141579,-0.6516361703368816,5.651098507501366,-1.6841534259744676e-14
206.79500698482616,37.383642087992826,5.646801333936323,-0.5912761296224269,5.677944608281157,-1.6841534259744676e-14
207.15521001738395,38.02962812020071,5.639042431238965,-0.5299822228002136,5.7032854604006715,-2.5262301389617013e-14
207.523985100497,38.673832964994105,5.631406821867055,-0.46774127164661716,5.727067867575931,-1.6841534259744676e-14
207.9016435816233,39.316185743578906,5.623918748638142,-0.4045402061494341,5.749237232291746,0.0
208.28851034137196,39.956611766342554,5.616602454369768,-0.34036613423952256,5.769737479560199,-1.6841534259744676e-14
208.68492440416819,40.5950323138595,5.609482181879485,-0.2752064197268329,5.788510977023666,-3.368306851948935e-14
209.09123957057162,41.23136440438338,5.602582173984837,-0.20904876934738256,5.805498451393854,0.0
209.5078250705564,41.86552054700513,5.595926673503373,-0.1418813299245434,5.820638901259085,0.0
209.93506623672062,42.49740847962189,5.589539923252639,-0.07369279675347817,5.833869506342801,-3.368306851948935e-14
210.37336519598256,43.12693089082842,5.583446166050184,-0.00447253443305673,5.845125533358447,-1.6841534259744676e-14
210.8231415778389,43.75398512481289,5.577669644713552,0.06578928850524979,5.854340238681992,0.0
211.28483323668632,44.37846286831485,5.572234602060293,0.13710154968616006,5.861444768155464,0.0
211.75889698503633,45.00024981868269,5.567165280907953,0.20947200606547578,5.86636805444599,-3.368306851948935e-14
212.24580933366227,45.619225332058356,5.562485924074081,0.2829071084026027,5.869036712518236,-3.368306851948935e-14
212.74606723379867,46.23526205071527,5.55822077437622,0.35741179507525755,5.869374933937097,-5.0524602779234026e-14
213.26018881543857,46.8482255085878,5.554394074631921,0.4329892631043233,5.867304380906816,0.0
