galstreams/tracks/track.po.PS1-C.bernard2016.ecsv
# %ECSV 0.9
# ---
# datatype:
# - {name: ra, unit: deg, datatype: float64}
# - {name: dec, unit: deg, datatype: float64}
# - {name: distance, unit: kpc, datatype: float64}
# - {name: pm_ra_cosdec, unit: mas / yr, datatype: float64}
# - {name: pm_dec, unit: mas / yr, datatype: float64}
# - {name: radial_velocity, unit: km / s, datatype: float64}
# delimiter: ','
# meta: !!omap
# - __serialized_columns__:
#     dec:
#       __class__: astropy.coordinates.angles.Latitude
#       unit: &id001 !astropy.units.Unit {unit: deg}
#       value: !astropy.table.SerializedColumn {name: dec}
#     distance:
#       __class__: astropy.coordinates.distances.Distance
#       unit: !astropy.units.Unit {unit: kpc}
#       value: !astropy.table.SerializedColumn {name: distance}
#     pm_dec:
#       __class__: astropy.units.quantity.Quantity
#       unit: !astropy.units.Unit {unit: mas / yr}
#       value: !astropy.table.SerializedColumn {name: pm_dec}
#     pm_ra_cosdec:
#       __class__: astropy.units.quantity.Quantity
#       unit: !astropy.units.Unit {unit: mas / yr}
#       value: !astropy.table.SerializedColumn {name: pm_ra_cosdec}
#     ra:
#       __class__: astropy.coordinates.angles.Longitude
#       unit: *id001
#       value: !astropy.table.SerializedColumn {name: ra}
#       wrap_angle: !astropy.coordinates.Angle
#         unit: *id001
#         value: 360.0
#     radial_velocity:
#       __class__: astropy.units.quantity.Quantity
#       unit: !astropy.units.Unit {unit: km / s}
#       value: !astropy.table.SerializedColumn {name: radial_velocity}
# schema: astropy-2.0
ra,dec,distance,pm_ra_cosdec,pm_dec,radial_velocity
330.2156364472797,11.71171899023195,17.400000000000194,0.0,0.0,0.0
330.23869514261975,11.74437225105499,17.400000000000183,0.0,0.0,0.0
330.2617593025525,11.777023662084924,17.40000000000017,0.0,0.0,0.0
330.2848289436959,11.80967321759115,17.40000000000015,0.0,0.0,0.0
330.30790408267933,11.842320911838403,17.400000000000144,0.0,0.0,0.0
330.3309847361433,11.874966739086453,17.40000000000013,0.0,0.0,0.0
330.35407092073984,11.907610693590287,17.400000000000116,0.0,0.0,0.0
330.37716265313253,11.94025276960002,17.400000000000105,0.0,0.0,0.0
330.40025994999615,11.972892961360891,17.400000000000095,0.0,0.0,0.0
330.42336282801705,12.00553126311323,17.400000000000087,0.0,0.0,0.0
330.44647130389336,12.038167669092575,17.40000000000008,0.0,0.0,0.0
330.4695853943344,12.070802173529424,17.400000000000073,0.0,0.0,0.0
330.49270511606125,12.103434770649372,17.400000000000063,0.0,0.0,0.0
330.51583048580665,12.136065454673071,17.400000000000055,0.0,0.0,0.0
330.5389615203149,12.1686942198162,17.400000000000052,0.0,0.0,0.0
330.5620982363422,12.201321060289406,17.40000000000005,0.0,0.0,0.0
330.5852406506562,12.233945970298485,17.400000000000045,0.0,0.0,0.0
330.6083887800366,12.266568944044066,17.40000000000004,0.0,0.0,0.0
330.63154264127473,12.29918997572181,17.400000000000034,0.0,0.0,0.0
330.6547022511738,12.331809059522303,17.400000000000034,0.0,0.0,0.0
330.67786762654873,12.364426189631047,17.400000000000034,0.0,0.0,0.0
330.7010387842268,12.397041360228595,17.40000000000003,0.0,0.0,0.0
330.7242157410468,12.429654565490248,17.40000000000003,0.0,0.0,0.0
330.7473985138596,12.462265799586264,17.40000000000003,0.0,0.0,0.0
330.77058711952816,12.494875056681765,17.400000000000027,0.0,0.0,0.0
330.7937815749275,12.527482330936717,17.400000000000027,0.0,0.0,0.0
330.8169818969445,12.560087616505896,17.400000000000023,0.0,0.0,0.0
330.8401881024786,12.592690907539026,17.400000000000023,0.0,0.0,0.0
330.8634002084409,12.625292198180505,17.400000000000023,0.0,0.0,0.0
330.886618231755,12.65789148256957,17.40000000000002,0.0,0.0,0.0
330.90984218935654,12.690488754840219,17.40000000000002,0.0,0.0,0.0
330.9330720981936,12.723084009121221,17.400000000000023,0.0,0.0,0.0
330.95630797522637,12.755677239536036,17.40000000000002,0.0,0.0,0.0
330.9795498374275,12.78826844020299,17.400000000000023,0.0,0.0,0.0
331.00279770178196,12.820857605234961,17.40000000000002,0.0,0.0,0.0
331.0260515852872,12.853444728739591,17.40000000000002,0.0,0.0,0.0
331.0493115049528,12.886029804819179,17.400000000000016,0.0,0.0,0.0
331.07257747780113,12.91861282757065,17.400000000000016,0.0,0.0,0.0
331.0958495208671,12.951193791085693,17.40000000000002,0.0,0.0,0.0
331.11912765119774,12.983772689450504,17.400000000000016,0.0,0.0,0.0
331.1424118858531,13.01634951674592,17.400000000000016,0.0,0.0,0.0
331.1657022419057,13.048924267047374,17.40000000000002,0.0,0.0,0.0
331.18899873644057,13.08149693442488,17.40000000000002,0.0,0.0,0.0
331.21230138655545,13.114067512942958,17.400000000000016,0.0,0.0,0.0
331.2356102093611,13.146635996660818,17.400000000000016,0.0,0.0,0.0
331.2589252219805,13.17920237963205,17.400000000000016,0.0,0.0,0.0
331.28224644155,13.211766655904807,17.400000000000016,0.0,0.0,0.0
331.3055738852183,13.244328819521728,17.400000000000016,0.0,0.0,0.0
331.32890757014707,13.276888864519934,17.400000000000013,0.0,0.0,0.0
331.3522475135111,13.30944678493095,17.400000000000016,0.0,0.0,0.0
331.37559373249786,13.342002574780894,17.400000000000013,0.0,0.0,0.0
331.39894624430787,13.374556228090167,17.400000000000013,0.0,0.0,0.0
331.4223050661547,13.40710773887362,17.400000000000016,0.0,0.0,0.0
331.44567021526484,13.4396571011405,17.400000000000016,0.0,0.0,0.0
331.46904170887785,13.472204308894383,17.400000000000013,0.0,0.0,0.0
331.4924195642466,13.504749356133352,17.400000000000013,0.0,0.0,0.0
331.51580379863685,13.537292236849675,17.400000000000013,0.0,0.0,0.0
331.5391944293276,13.569832945029997,17.400000000000016,0.0,0.0,0.0
331.56259147361123,13.60237147465528,17.400000000000013,0.0,0.0,0.0
331.58599494879314,13.634907819700762,17.400000000000013,0.0,0.0,0.0
331.6094048721921,13.667441974135915,17.400000000000013,0.0,0.0,0.0
331.63282126114024,13.699973931924617,17.400000000000013,0.0,0.0,0.0
331.65624413298303,13.732503687024831,17.400000000000013,0.0,0.0,0.0
331.67967350507934,13.765031233388795,17.400000000000013,0.0,0.0,0.0
331.70310939480134,13.797556564962948,17.400000000000013,0.0,0.0,0.0
331.7265518195349,13.830079675687921,17.400000000000013,0.0,0.0,0.0
331.7500007966791,13.862600559498478,17.400000000000013,0.0,0.0,0.0
331.77345634364684,13.895119210323655,17.400000000000013,0.0,0.0,0.0
331.79691847786427,13.927635622086513,17.400000000000013,0.0,0.0,0.0
331.8203872167716,13.960149788704248,17.400000000000013,0.0,0.0,0.0
331.84386257782216,13.992661704088185,17.400000000000013,0.0,0.0,0.0
331.86734457848337,14.025171362143674,17.400000000000013,0.0,0.0,0.0
331.8908332362361,14.05767875677027,17.400000000000013,0.0,0.0,0.0
331.9143285685751,14.09018388186145,17.400000000000013,0.0,0.0,0.0
331.937830593009,14.12268673130475,17.40000000000001,0.0,0.0,0.0
331.96133932705993,14.155187298981753,17.40000000000001,0.0,0.0,0.0
331.9848547882642,14.187685578768006,17.40000000000001,0.0,0.0,0.0
332.00837699417184,14.22018156453302,17.40000000000001,0.0,0.0,0.0
332.03190596234685,14.252675250140381,17.400000000000013,0.0,0.0,0.0
332.05544171036735,14.285166629447504,17.40000000000001,0.0,0.0,0.0
332.07898425582516,14.317655696305767,17.40000000000001,0.0,0.0,0.0
332.10253361632635,14.350142444560463,17.40000000000001,0.0,0.0,0.0
332.12608980949096,14.382626868050766,17.40000000000001,0.0,0.0,0.0
332.14965285295324,14.4151089606097,17.400000000000013,0.0,0.0,0.0
332.1732227643616,14.44758871606428,17.40000000000001,0.0,0.0,0.0
332.19679956137855,14.480066128235206,17.400000000000006,0.0,0.0,0.0
332.2203832616808,14.51254119093706,17.400000000000006,0.0,0.0,0.0
332.2439738829594,14.545013897978226,17.400000000000006,0.0,0.0,0.0
332.2675714429196,14.577484243160848,17.400000000000002,0.0,0.0,0.0
332.2911759592811,14.60995222028093,17.400000000000006,0.0,0.0,0.0
332.31478744977784,14.642417823128138,17.400000000000002,0.0,0.0,0.0
332.33840593215825,14.674881045485899,17.400000000000006,0.0,0.0,0.0
332.3620314241852,14.707341881131358,17.400000000000002,0.0,0.0,0.0
332.38566394363596,14.739800323835345,17.400000000000002,0.0,0.0,0.0
332.40930350830234,14.772256367362347,17.400000000000002,0.0,0.0,0.0
332.43295013599084,14.80471000547063,17.4,0.0,0.0,0.0
332.45660384452225,14.83716123191199,17.400000000000002,0.0,0.0,0.0
332.4802646517322,14.869610040431871,17.4,0.0,0.0,0.0
332.5039325754711,14.90205642476934,17.400000000000002,0.0,0.0,0.0
332.5276076336036,14.934500378657049,17.4,0.0,0.0,0.0
332.5512898440095,14.9669418958212,17.4,0.0,0.0,0.0
332.5749792245833,14.999380969981617,17.400000000000002,0.0,0.0,0.0
332.5986757932341,15.031817594851606,17.4,0.0,0.0,0.0
332.62237956788607,15.064251764137998,17.400000000000002,0.0,0.0,0.0
332.64609056647816,15.096683471541125,17.4,0.0,0.0,0.0
332.66980880696417,15.129112710754809,17.4,0.0,0.0,0.0
332.6935343073129,15.161539475466325,17.400000000000002,0.0,0.0,0.0
332.71726708550835,15.193963759356414,17.4,0.0,0.0,0.0
332.74100715954916,15.226385556099208,17.4,0.0,0.0,0.0
332.7647545474493,15.258804859362288,17.4,0.0,0.0,0.0
332.78850926723766,15.291221662806594,17.4,0.0,0.0,0.0
332.81227133695853,15.323635960086465,17.4,0.0,0.0,0.0
332.8360407746712,15.356047744849564,17.4,0.0,0.0,0.0
332.85981759845004,15.388457010736913,17.4,0.0,0.0,0.0
332.8836018263849,15.420863751382855,17.400000000000002,0.0,0.0,0.0
332.90739347658086,15.453267960415008,17.400000000000002,0.0,0.0,0.0
332.93119256715823,15.485669631454282,17.400000000000002,0.0,0.0,0.0
332.95499911625274,15.518068758114854,17.4,0.0,0.0,0.0
332.97881314201544,15.550465334004134,17.400000000000002,0.0,0.0,0.0
333.002634662613,15.582859352722771,17.4,0.0,0.0,0.0
333.0264636962273,15.615250807864602,17.4,0.0,0.0,0.0
333.050300261056,15.647639693016663,17.400000000000002,0.0,0.0,0.0
333.0741443753121,15.680026001759158,17.4,0.0,0.0,0.0
333.0979960572242,15.712409727665435,17.399999999999995,0.0,0.0,0.0
333.1218553250366,15.744790864301972,17.400000000000002,0.0,0.0,0.0
333.14572219700926,15.777169405228374,17.4,0.0,0.0,0.0
333.1695966914177,15.809545343997328,17.4,0.0,0.0,0.0
333.1934788265534,15.841918674154597,17.399999999999995,0.0,0.0,0.0
333.21736862072333,15.874289389238998,17.399999999999995,0.0,0.0,0.0
333.24126609225044,15.906657482782391,17.39999999999999,0.0,0.0,0.0
333.26517125947345,15.939022948309649,17.399999999999995,0.0,0.0,0.0
333.28908414074704,15.97138577933865,17.4,0.0,0.0,0.0
333.31300475444175,16.00374596938025,17.399999999999995,0.0,0.0,0.0
333.3369331189441,16.036103511938272,17.399999999999995,0.0,0.0,0.0
333.3608692526565,16.06845840050946,17.4,0.0,0.0,0.0
333.38481317399754,16.100810628583513,17.399999999999995,0.0,0.0,0.0
333.4087649014018,16.133160189643014,17.399999999999995,0.0,0.0,0.0
333.4327244533199,16.165507077163436,17.399999999999995,0.0,0.0,0.0
333.4566918482188,16.19785128461312,17.399999999999995,0.0,0.0,0.0
333.4806671045813,16.23019280545325,17.399999999999995,0.0,0.0,0.0
333.5046502409068,16.262531633137833,17.39999999999999,0.0,0.0,0.0
333.52864127571075,16.294867761113707,17.399999999999995,0.0,0.0,0.0
333.5526402275248,16.327201182820477,17.39999999999999,0.0,0.0,0.0
333.57664711489724,16.359531891690526,17.39999999999999,0.0,0.0,0.0
333.60066195639234,16.391859881148992,17.399999999999988,0.0,0.0,0.0
333.6246847705911,16.424185144613737,17.39999999999999,0.0,0.0,0.0
333.64871557609075,16.45650767549534,17.399999999999988,0.0,0.0,0.0
333.6727543915051,16.48882746719707,17.399999999999988,0.0,0.0,0.0
333.69680123546453,16.52114451311487,17.399999999999988,0.0,0.0,0.0
333.72085612661573,16.553458806637344,17.399999999999984,0.0,0.0,0.0
333.74491908362234,16.58577034114571,17.399999999999984,0.0,0.0,0.0
333.7689901251643,16.61807911001383,17.399999999999984,0.0,0.0,0.0
333.7930692699385,16.65038510660814,17.39999999999998,0.0,0.0,0.0
333.8171565366583,16.682688324287657,17.399999999999984,0.0,0.0,0.0
333.84125194405385,16.714988756403958,17.39999999999998,0.0,0.0,0.0
333.86535551087223,16.747286396301153,17.399999999999977,0.0,0.0,0.0
333.88946725587726,16.779581237315874,17.399999999999977,0.0,0.0,0.0
333.91358719784955,16.811873272777245,17.399999999999974,0.0,0.0,0.0
333.93771535558665,16.844162496006856,17.399999999999977,0.0,0.0,0.0
333.96185174790315,16.876448900318785,17.399999999999974,0.0,0.0,0.0
333.98599639363044,16.908732479019513,17.399999999999974,0.0,0.0,0.0
334.01014931161694,16.941013225407975,17.399999999999967,0.0,0.0,0.0
334.0343105207283,16.973291132775472,17.399999999999963,0.0,0.0,0.0
334.058480039847,17.0055661944057,17.399999999999967,0.0,0.0,0.0
334.08265788787287,17.037838403574707,17.39999999999996,0.0,0.0,0.0
334.10684408372276,17.07010775355089,17.399999999999963,0.0,0.0,0.0
334.1310386463308,17.102374237594944,17.39999999999996,0.0,0.0,0.0
334.15524159464826,17.13463784895989,17.399999999999952,0.0,0.0,0.0
334.1794529476439,17.166898580891004,17.399999999999952,0.0,0.0,0.0
334.2036727243035,17.19915642662583,17.399999999999952,0.0,0.0,0.0
334.22790094363035,17.23141137939415,17.399999999999945,0.0,0.0,0.0
334.2521376246452,17.263663432417953,17.399999999999945,0.0,0.0,0.0
334.2763827863861,17.295912578911462,17.39999999999994,0.0,0.0,0.0
334.3006364479086,17.328158812081018,17.399999999999938,0.0,0.0,0.0
334.3248986282858,17.360402125125173,17.39999999999993,0.0,0.0,0.0
334.34916934660833,17.392642511234595,17.399999999999928,0.0,0.0,0.0
334.3734486219844,17.424879963592062,17.399999999999928,0.0,0.0,0.0
334.39773647353985,17.457114475372453,17.399999999999924,0.0,0.0,0.0
334.42203292041813,17.489346039742745,17.399999999999913,0.0,0.0,0.0
334.4463379817804,17.52157464986193,17.399999999999913,0.0,0.0,0.0
334.47065167680563,17.553800298881065,17.39999999999991,0.0,0.0,0.0
334.4949740246905,17.586022979943213,17.3999999999999,0.0,0.0,0.0
334.5193050446495,17.61824268618343,17.399999999999896,0.0,0.0,0.0
334.543644755915,17.650459410728747,17.399999999999892,0.0,0.0,0.0
334.5679931777373,17.682673146698157,17.399999999999885,0.0,0.0,0.0
334.59235032938454,17.714883887202557,17.399999999999878,0.0,0.0,0.0
334.6167162301428,17.747091625344797,17.39999999999987,0.0,0.0,0.0
334.64109089931634,17.779296354219582,17.399999999999867,0.0,0.0,0.0
334.66547435622726,17.811498066913504,17.39999999999986,0.0,0.0,0.0
334.689866620216,17.843696756505008,17.399999999999853,0.0,0.0,0.0
334.71426771064074,17.875892416064357,17.399999999999842,0.0,0.0,0.0
334.7386776468782,17.908085038653635,17.39999999999983,0.0,0.0,0.0
334.76309644832315,17.940274617326686,17.39999999999982,0.0,0.0,0.0
334.78752413438855,17.972461145129163,17.399999999999814,0.0,0.0,0.0
334.81196072450564,18.00464461509842,17.399999999999807,0.0,0.0,0.0
334.836406238124,18.036825020263574,17.39999999999979,0.0,0.0,0.0
334.86086069471173,18.069002353645416,17.399999999999775,0.0,0.0,0.0
334.885324113755,18.10117660825644,17.399999999999764,0.0,0.0,0.0
334.9097965147587,18.133347777100795,17.39999999999975,0.0,0.0,0.0
334.934277917246,18.165515853174256,17.399999999999725,0.0,0.0,0.0
