galstreams/tracks/track.st.Indus.shipp2019.ecsv
# %ECSV 1.0
# ---
# datatype:
# - {name: ra, unit: deg, datatype: float64}
# - {name: dec, unit: deg, datatype: float64}
# - {name: distance, unit: kpc, datatype: float64}
# - {name: pm_ra_cosdec, unit: mas / yr, datatype: float64}
# - {name: pm_dec, unit: mas / yr, datatype: float64}
# - {name: radial_velocity, unit: km / s, datatype: float64}
# delimiter: ','
# meta: !!omap
# - __serialized_columns__:
#     dec:
#       __class__: astropy.coordinates.angles.Latitude
#       unit: &id001 !astropy.units.Unit {unit: deg}
#       value: !astropy.table.SerializedColumn {name: dec}
#     distance:
#       __class__: astropy.coordinates.distances.Distance
#       unit: !astropy.units.Unit {unit: kpc}
#       value: !astropy.table.SerializedColumn {name: distance}
#     pm_dec:
#       __class__: astropy.units.quantity.Quantity
#       unit: !astropy.units.Unit {unit: mas / yr}
#       value: !astropy.table.SerializedColumn {name: pm_dec}
#     pm_ra_cosdec:
#       __class__: astropy.units.quantity.Quantity
#       unit: !astropy.units.Unit {unit: mas / yr}
#       value: !astropy.table.SerializedColumn {name: pm_ra_cosdec}
#     ra:
#       __class__: astropy.coordinates.angles.Longitude
#       unit: *id001
#       value: !astropy.table.SerializedColumn {name: ra}
#       wrap_angle: !astropy.coordinates.Angle
#         unit: *id001
#         value: 360.0
#     radial_velocity:
#       __class__: astropy.units.quantity.Quantity
#       unit: !astropy.units.Unit {unit: km / s}
#       value: !astropy.table.SerializedColumn {name: radial_velocity}
# schema: astropy-2.0
ra,dec,distance,pm_ra_cosdec,pm_dec,radial_velocity
[from data line 1465]
343.8811938416223,-62.139013265921655,16.60000000000001,3.744603492750096,-4.8072157362132995,-30.81975405499832
343.8981675065698,-62.145112566514435,16.60000000000001,3.745964901343989,-4.806989719178279,-30.76754262628827
343.9151471581195,-62.15121030777999,16.60000000000001,3.747327001664809,-4.806763172332438,-30.715309262979737
343.932132798817,-62.15730648865921,16.600000000000012,3.7486897939297004,-4.806536094966316,-30.663053965072788
343.94912443120734,-62.16340110809236,16.60000000000001,3.7500532783554674,-4.806308486369914,-30.610776732567185
343.9661220578346,-62.16949416501903,16.600000000000012,3.751417455158541,-4.806080345832691,-30.5584775654631
343.9831256812427,-62.1755856583781,16.600000000000012,3.7527823245550223,-4.805851672643572,-30.506156463760682
344.0001353039749,-62.181675587107804,16.60000000000001,3.754147886760661,-4.8056224660909255,-30.453813427459497
344.01715092857376,-62.18776395014567,16.60000000000001,3.755514141990843,-4.805392725462591,-30.401448456560082
344.0341725575813,-62.193850746428595,16.60000000000001,3.7568810904606122,-4.805162450045862,-30.34906155106203
344.0512001935391,-62.19993597489275,16.600000000000012,3.7582487323846547,-4.804931639127487,-30.29665271096541
344.06823383898785,-62.206019634473684,16.60000000000001,3.7596170679773007,-4.804700291993685,-30.244221936270275
344.085273496468,-62.212101724106205,16.600000000000012,3.760986097452525,-4.804468407930116,-30.19176922697671
344.10231916851905,-62.218182242724495,16.60000000000001,3.762355821023948,-4.804235986221916,-30.13929458308464
344.1193708576802,-62.22426118926205,16.60000000000001,3.7637262389048276,-4.804003026153668,-30.08679800459404
344.1364285664899,-62.230338562651674,16.60000000000001,3.765097351308073,-4.803769527009415,-30.034279491504822
344.1534922974858,-62.2364143618255,16.600000000000012,3.7664691584462173,-4.803535488072664,-29.98173904381722
344.17056205320534,-62.242488585714995,16.60000000000001,3.7678416605314515,-4.803300908626378,-29.929176661531052
344.187637836185,-62.248561233250946,16.60000000000001,3.769214857775588,-4.803065787952979,-29.8765923446464
344.20471964896075,-62.25463230336344,16.60000000000001,3.7705887503900892,-4.802830125334347,-29.8239860931633
344.221807494068,-62.26070179498191,16.600000000000012,3.7719633385860476,-4.802593920051819,-29.77135790708163
344.2389013740414,-62.26676970703511,16.60000000000001,3.7733386225741956,-4.802357171386196,-29.718707786401477
344.25600129141503,-62.27283603845111,16.60000000000001,3.774714602564895,-4.802119878617731,-29.66603573112281
344.27310724872234,-62.278900788157294,16.600000000000012,3.7760912787681455,-4.801882041026144,-29.61334174124566
344.2902192484961,-62.28496395508039,16.60000000000001,3.7774686513935793,-4.801643657890606,-29.560625816769925
344.3073372932684,-62.29102553814644,16.60000000000001,3.7788467206504532,-4.801404728489756,-29.507887957695637
344.32446138557077,-62.29708553628078,16.60000000000001,3.7802254867476655,-4.80116525210168,-29.45512816402287
344.34159152793393,-62.30314394840811,16.600000000000012,3.78160494989373,-4.800925228003935,-29.4023464357516
344.35872772288803,-62.309200773452424,16.600000000000012,3.7829851102968037,-4.800684655473533,-29.349542772881982
344.3758699729627,-62.315256010337045,16.60000000000001,3.7843659681646664,-4.800443533786942,-29.29671717541368
344.39301828068653,-62.32130965798461,16.60000000000001,3.785747523704724,-4.800201862220088,-29.24386964334686
344.41017264858766,-62.32736171531709,16.60000000000001,3.7871297771239982,-4.79995964004837,-29.19100017668166
344.4273330791937,-62.333412181255774,16.600000000000005,3.788512728629155,-4.799716866546625,-29.138108775417788
344.44449957503133,-62.33946105472126,16.600000000000012,3.7898963784264654,-4.799473540989166,-29.08519543955557
344.46167213862645,-62.345508334633486,16.600000000000012,3.791280726721835,-4.799229662649763,-29.032260169094783
344.47885077250464,-62.351554019911696,16.60000000000001,3.79266577372079,-4.79898523080164,-28.979302964035465
344.4960354791905,-62.357598109474445,16.60000000000001,3.794051519628471,-4.7987402447174805,-28.92632382437768
344.5132262612079,-62.363640602239634,16.600000000000012,3.795437964649639,-4.798494703669432,-28.873322750121343
344.5304231210802,-62.369681497124475,16.600000000000012,3.7968251089886893,-4.7982486069291,-28.820299741266425
344.5476260613299,-62.37572079304548,16.600000000000012,3.798212952849604,-4.798001953767552,-28.76725479781317
344.5648350844788,-62.3817584889185,16.60000000000001,3.799601496436017,-4.797754743455313,-28.7141879197613
344.582050193048,-62.38779458365871,16.60000000000001,3.800990739951152,-4.797506975262364,-28.661099107110914
344.5992713895579,-62.393829076180594,16.60000000000001,3.802380683597853,-4.797258648458154,-28.607988359862095
344.6164986765281,-62.39986196539796,16.60000000000001,3.803771327578591,-4.7970097623115855,-28.554855678014658
344.6337320564776,-62.405893250223926,16.60000000000001,3.8051626720954332,-4.796760316091026,-28.501701061568774
344.6509715319244,-62.41192292957092,16.600000000000012,3.8065547173500667,-4.796510309064297,-28.448524510524454
344.66821710538613,-62.41795100235075,16.600000000000012,3.80794746354379,-4.796259740498689,-28.395326024881584
344.68546877937933,-62.423977467474465,16.600000000000012,3.809340910877512,-4.796008609660942,-28.34210560463998
344.7027265564199,-62.43000232385248,16.600000000000012,3.8107350595517375,-4.795756915817268,-28.288863249800126
344.71999043902304,-62.436025570394484,16.60000000000001,3.8121299097665937,-4.79550465823333,-28.23559896036169
344.7372604297032,-62.44204720600956,16.60000000000001,3.813525461721813,-4.7952518361742555,-28.182312736324704
344.7545365309739,-62.448067229606046,16.60000000000001,3.814921715616724,-4.794998448904634,-28.1290045776893
344.77181874534807,-62.454085640091606,16.600000000000012,3.816318671650265,-4.794744495688512,-28.075674484455348
344.7891070753379,-62.460102436373255,16.60000000000001,3.817716330020991,-4.794489975789398,-28.022322456622774
344.80640152345444,-62.46611761735728,16.600000000000012,3.819114690927033,-4.794234888470264,-27.96894849419179
344.82370209220835,-62.472131181949315,16.600000000000012,3.820513754566143,-4.793979232993545,-27.915552597162403
344.8410087841094,-62.47814312905432,16.600000000000012,3.8219135211356705,-4.793723008621125,-27.8621347655344
344.8583216016665,-62.48415345757656,16.600000000000012,3.823313990832559,-4.793466214614364,-27.80869499930791
344.8756405473877,-62.490162166419594,16.600000000000012,3.824715163853359,-4.79320885023407,-27.755233298482842
344.89296562378047,-62.49616925448634,16.600000000000012,3.826117040394209,-4.792950914740526,-27.701749663059353
344.91029683335125,-62.50217472067902,16.600000000000012,3.82751962065085,-4.792692407393465,-27.648244093037317
344.9276341786058,-62.508178563899165,16.600000000000012,3.828922904818617,-4.792433327452085,-27.594716588416645
344.9449776620489,-62.51418078304762,16.60000000000001,3.8303268930924386,-4.79217367417505,-27.54116714919761
344.9623272861847,-62.520181377024535,16.60000000000001,3.831731585666832,-4.791913446820483,-27.48759577538019
344.9796830535165,-62.52618034472943,16.60000000000001,3.8331369827359234,-4.791652644645961,-27.434002466964035
344.9970449665467,-62.53217768506111,16.60000000000001,3.8345430844934083,-4.7913912669085335,-27.380387223949445
345.01441302777675,-62.53817339691766,16.60000000000001,3.835949891132586,-4.791129312864711,-27.326750046336358
345.03178723970757,-62.54416747919653,16.600000000000012,3.8373574028463464,-4.790866781770459,-27.273090934124806
345.0491676048389,-62.550159930794486,16.60000000000001,3.8387656198271594,-4.790603672881212,-27.219409887314683
345.0665541256699,-62.55615075060758,16.60000000000001,3.840174542267089,-4.790339985451866,-27.165706905906045
345.0839468046987,-62.562139937531214,16.600000000000012,3.841584170357777,-4.790075718736773,-27.111981989898872
345.1013456444226,-62.568127490460064,16.600000000000012,3.8429945042904574,-4.789810871989759,-27.058235139293235
345.1187506473381,-62.57411340828818,16.600000000000012,3.844405544255946,-4.789545444464103,-27.004466354089097
345.1361618159409,-62.58009768990886,16.60000000000001,3.8458172904446446,-4.789279435412548,-26.950675634286494
345.15357915272557,-62.58608033421478,16.60000000000001,3.8472297430465368,-4.789012844087305,-26.896862979885274
345.17100266018605,-62.59206134009789,16.60000000000001,3.848642902251177,-4.788745669740044,-26.843028390885635
345.1884323408152,-62.59804070644949,16.60000000000001,3.8500567682477045,-4.788477911621898,-26.789171867287497
345.2058681971053,-62.60401843216015,16.600000000000012,3.8514713412248525,-4.788209568983463,-26.735293409090726
345.2233102315473,-62.609994516119805,16.60000000000001,3.852886621370909,-4.787940641074806,-26.681393016295587
345.2407584466317,-62.615968957217675,16.600000000000012,3.854302608873756,-4.787671127145442,-26.627470688901763
345.25821284484766,-62.621941754342295,16.600000000000012,3.8557193039208357,-4.787401026444368,-26.57352642690959
345.2756734286838,-62.62791290638153,16.600000000000012,3.8571367066991766,-4.787130338220032,-26.519560230318937
345.2931402006277,-62.63388241222256,16.60000000000001,3.8585548173953863,-4.786859061720345,-26.46557209912958
345.31061316316595,-62.63985027075186,16.600000000000012,3.859973636195622,-4.786587196192694,-26.411562033341895
345.3280923187844,-62.645816480855245,16.600000000000012,3.861393163285636,-4.786314740883916,-26.357530032955555
345.34557766996767,-62.65178104141782,16.60000000000001,3.862813398850733,-4.786041695040327,-26.30347609797095
345.3630692191998,-62.65774395132404,16.600000000000012,3.8642343430758084,-4.785768057907688,-26.24940022838751
345.3805669689636,-62.663705209457646,16.600000000000012,3.865655996145298,-4.785493828731248,-26.195302424205774
345.3980709217412,-62.669664814701676,16.600000000000012,3.8670783582432287,-4.785219006755701,-26.141182685425534
345.41558108001357,-62.67562276593854,16.60000000000001,3.8685014295531825,-4.784943591225219,-26.08704101204673
345.43309744626083,-62.68157906204991,16.600000000000012,3.869925210258307,-4.7846675813834265,-26.03287740406939
345.45062002296214,-62.68753370191681,16.60000000000001,3.871349700541316,-4.784390976473427,-25.978691861493502
345.4681488125957,-62.69348668441954,16.60000000000001,3.8727749005844863,-4.7841137757377785,-25.92448438431916
345.4856838176387,-62.69943800843775,16.600000000000012,3.8742008105696515,-4.783835978418511,-25.870254972546356
345.5032250405674,-62.705387672850385,16.60000000000001,3.8756274306782146,-4.783557583757119,-25.816003626175068
345.5207724838571,-62.711335676535704,16.60000000000001,3.877054761091131,-4.7832785909945565,-25.761730345205176
345.53832614998214,-62.717282018371286,16.60000000000001,3.878482801988922,-4.782998999371249,-25.707435129636806
345.5558860414158,-62.72322669723403,16.600000000000012,3.879911553551653,-4.78271880812709,-25.6531179794699
345.57345216063044,-62.72916971200013,16.600000000000012,3.8813410159589634,-4.782438016501436,-25.59877889470456
345.5910245100974,-62.735111061545105,16.60000000000001,3.8827711893900387,-4.782156623733107,-25.54441787534062
345.6086030922869,-62.74105074474381,16.600000000000012,3.8842020740236105,-4.781874629060397,-25.49003492137818
345.6261879096684,-62.746988760470344,16.60000000000001,3.8856336700379828,-4.781592031721063,-25.435630032817393
345.64377896471024,-62.752925107598216,16.60000000000001,3.887065977611,-4.781308830952323,-25.3812032096579
345.66137625987966,-62.75885978500019,16.60000000000001,3.888498996920055,-4.781025025990873,-25.326754451899944
345.67897979764297,-62.764792791548324,16.600000000000012,3.889932728142095,-4.780740616072867,-25.272283759543473
345.6965895804654,-62.77072412611405,16.600000000000012,3.8913671714536195,-4.780455600433932,-25.217791132588534
345.71420561081123,-62.77665378756806,16.600000000000012,3.892802327030669,-4.7801699783091625,-25.16327657103516
345.7318278911438,-62.782581774780404,16.60000000000001,3.894238195048839,-4.779883748933114,-25.108740074883087
345.74945642392504,-62.7885080866204,16.600000000000012,3.895674775683259,-4.779596911539817,-25.054181644132647
345.7670912116162,-62.79443272195671,16.600000000000012,3.8971120691086147,-4.779309465362765,-24.999601278783604
345.7847322566774,-62.80035567965729,16.600000000000012,3.898550075499127,-4.779021409634929,-24.944998978836235
345.8023795615676,-62.80627695858944,16.600000000000012,3.8999887950285705,-4.778732743588735,-24.890374744290142
345.8200331287447,-62.81219655761975,16.600000000000012,3.9014282278702437,-4.778443466456089,-24.83572857514562
345.83769296066566,-62.8181144756141,16.600000000000005,3.902868374196995,-4.778153577468363,-24.781060471402746
345.8553590597864,-62.82403071143775,16.60000000000001,3.904309234181218,-4.777863075856384,-24.72637043306102
345.87303142856155,-62.82994526395518,16.60000000000001,3.905750807994832,-4.777571960850473,-24.671658460121034
345.8907100694448,-62.835858132030275,16.60000000000001,3.907193095809306,-4.777280231680406,-24.616924552582525
345.90839498488884,-62.84176931452618,16.60000000000001,3.908636097795634,-4.776987887575421,-24.562168710445402
345.9260861773451,-62.84767881030535,16.600000000000005,3.9100798141243462,-4.776694927764248,-24.50739093370981
345.94378364926393,-62.85358661822958,16.600000000000012,3.911524244965512,-4.776401351475062,-24.45259122237577
345.9614874030948,-62.859492737159954,16.600000000000005,3.9129693904887324,-4.776107157935529,-24.397769576443146
345.9791974412858,-62.86539716595691,16.600000000000012,3.9144152508631302,-4.775812346372768,-24.342925995912022
345.996913766284,-62.87129990348011,16.60000000000001,3.915861826257372,-4.775516916013387,-24.288060480782534
346.0146363805355,-62.87720094858863,16.600000000000012,3.917309116839645,-4.775220866083443,-24.233173031054424
346.03236528648506,-62.88310030014082,16.600000000000012,3.918757122777671,-4.7749241958084845,-24.1782636467277
346.0501004865764,-62.88899795699428,16.60000000000001,3.920205844238689,-4.77462690441352,-24.12333232780271
346.0678419832522,-62.89489391800605,16.60000000000001,3.9216552813894743,-4.774328991123029,-24.06837907427902
346.08558977895393,-62.90078818203236,16.60000000000001,3.923105434396319,-4.774030455160964,-24.013403886156844
346.1033438761219,-62.906680747928824,16.60000000000001,3.924556303425044,-4.773731295750754,-23.95840676343612
346.1211042771953,-62.91257161455033,16.60000000000001,3.9260078886409895,-4.773431512115291,-23.903387706116995
346.1388709846121,-62.918460780751126,16.600000000000012,3.927460190209017,-4.77313110347695,-23.848346714199337
346.1566440008093,-62.9243482453847,16.60000000000001,3.928913208293517,-4.772830069057569,-23.79328378768303
346.1744233282225,-62.930234007303916,16.600000000000012,3.9303669430583796,-4.772528408078464,-23.738198926568387
346.19220896928624,-62.93611806536093,16.60000000000001,3.931821394667035,-4.772226119760424,-23.683092130855215
346.21000092643396,-62.9420004184072,16.60000000000001,3.933276563282416,-4.771923203323705,-23.62796340054347
346.22779920209786,-62.9478810652935,16.60000000000001,3.9347324490669786,-4.77161965798804,-23.572812735633164
346.24560379870894,-62.95376000486992,16.60000000000001,3.936189052182686,-4.771315482972642,-23.517640136124456
346.263414718697,-62.959637235985866,16.600000000000005,3.937646372791024,-4.7710106774961885,-23.462445602017265
346.28123196449064,-62.96551275749004,16.60000000000001,3.939104411052979,-4.7707052407768336,-23.407229133311557
346.2990555385174,-62.97138656823048,16.60000000000001,3.9405631671290684,-4.7703991720322065,-23.35199073000723
