galstreams/tracks/track.st.Tri-Pis.bonaca2012.ecsv
# %ECSV 0.9
# ---
# datatype:
# - {name: ra, unit: deg, datatype: float64}
# - {name: dec, unit: deg, datatype: float64}
# - {name: distance, unit: kpc, datatype: float64}
# - {name: pm_ra_cosdec, unit: mas / yr, datatype: float64}
# - {name: pm_dec, unit: mas / yr, datatype: float64}
# - {name: radial_velocity, unit: km / s, datatype: float64}
# delimiter: ','
# meta: !!omap
# - __serialized_columns__:
#     dec:
#       __class__: astropy.coordinates.angles.Latitude
#       unit: &id001 !astropy.units.Unit {unit: deg}
#       value: !astropy.table.SerializedColumn {name: dec}
#     distance:
#       __class__: astropy.coordinates.distances.Distance
#       unit: !astropy.units.Unit {unit: kpc}
#       value: !astropy.table.SerializedColumn {name: distance}
#     pm_dec:
#       __class__: astropy.units.quantity.Quantity
#       unit: !astropy.units.Unit {unit: mas / yr}
#       value: !astropy.table.SerializedColumn {name: pm_dec}
#     pm_ra_cosdec:
#       __class__: astropy.units.quantity.Quantity
#       unit: !astropy.units.Unit {unit: mas / yr}
#       value: !astropy.table.SerializedColumn {name: pm_ra_cosdec}
#     ra:
#       __class__: astropy.coordinates.angles.Longitude
#       unit: *id001
#       value: !astropy.table.SerializedColumn {name: ra}
#       wrap_angle: !astropy.coordinates.Angle
#         unit: *id001
#         value: 360.0
#     radial_velocity:
#       __class__: astropy.units.quantity.Quantity
#       unit: !astropy.units.Unit {unit: km / s}
#       value: !astropy.table.SerializedColumn {name: radial_velocity}
# schema: astropy-2.0
ra,dec,distance,pm_ra_cosdec,pm_dec,radial_velocity
[from data line 1292]
23.884168134189775,23.409640465305596,26.000000000000007,-1.3877787807814457e-17,0.0,-24.987514069574658
23.88639696938899,23.399839306665115,26.000000000000004,1.3877787807814457e-17,-1.3877787807814457e-17,-24.98751406957466
23.888625476820152,23.390038116890786,26.000000000000007,1.3877787807814455e-17,0.0,-24.98751406957466
23.890853656692258,23.380236896003478,26.000000000000004,0.0,-1.3877787807814457e-17,-24.98751406957466
23.893081509214223,23.37043564402405,26.000000000000004,1.3877787807814455e-17,0.0,-24.987514069574665
23.895309034594835,23.360634360973357,26.000000000000007,-1.3877787807814457e-17,1.3877787807814457e-17,-24.98751406957466
23.89753623304281,23.350833046872218,26.000000000000007,-1.3877787807814457e-17,-1.3877787807814457e-17,-24.987514069574658
23.899763104766755,23.34103170174147,26.000000000000007,0.0,1.3877787807814457e-17,-24.98751406957466
23.901989649975196,23.33123032560193,26.0,1.3877787807814457e-17,5.551115123125783e-17,-24.98751406957466
23.904215868876516,23.321428918474385,26.0,-2.7755575615628914e-17,0.0,-24.98751406957466
23.90644176167906,23.31162748037966,26.000000000000004,-1.3877787807814455e-17,1.3877787807814457e-17,-24.98751406957466
23.908667328591044,23.301826011338527,25.999999999999996,-1.3877787807814457e-17,2.7755575615628914e-17,-24.98751406957466
23.910896117505125,23.29202511921722,26.000000000000004,-1.3877787807814455e-17,2.7755575615628914e-17,-24.987514069574665
23.913125392677497,23.28222433525581,25.999999999999996,-1.3877787807814457e-17,0.0,-24.98751406957466
23.915354341966506,23.27242352028902,26.000000000000004,-1.3877787807814457e-17,2.7755575615628914e-17,-24.98751406957466
23.917582965580472,23.26262267433772,26.0,0.0,-1.3877787807814457e-17,-24.98751406957466
23.919811263727613,23.25282179742275,26.000000000000004,-2.775557561562891e-17,0.0,-24.98751406957466
23.922039236616072,23.243020889564942,26.0,0.0,-1.3877787807814457e-17,-24.987514069574658
23.924266884453864,23.23321995078514,26.0,-1.3877787807814457e-17,1.3877787807814457e-17,-24.987514069574665
23.926494207448943,23.22341898110415,26.000000000000004,-2.7755575615628914e-17,-2.7755575615628914e-17,-24.98751406957466
23.928721205809136,23.213617980542786,26.0,0.0,0.0,-24.987514069574665
23.93094787974219,23.203816949121837,25.999999999999996,0.0,-4.163336342344337e-17,-24.98751406957466
23.93317422945575,23.1940158868621,25.999999999999996,1.3877787807814457e-17,0.0,-24.987514069574658
23.93540025515736,23.18421479378435,25.999999999999996,-1.3877787807814455e-17,-4.163336342344337e-17,-24.98751406957466
23.93762595705449,23.17441366990937,26.0,1.3877787807814457e-17,-1.3877787807814457e-17,-24.987514069574658
23.9398522429948,23.164612670748014,25.999999999999996,1.3877787807814457e-17,-5.551115123125783e-17,-24.987514069574658
23.942081628388323,23.15481222719727,25.999999999999996,2.775557561562891e-17,0.0,-24.98751406957466
23.944310689990033,23.14501175279163,26.000000000000004,0.0,-1.3877787807814457e-17,-24.98751406957466
23.946539428007487,23.135211247551933,25.999999999999996,1.3877787807814457e-17,0.0,-24.98751406957466
23.948767842648135,23.12541071149902,25.999999999999996,1.3877787807814457e-17,1.3877787807814457e-17,-24.98751406957466
23.950995934119334,23.115610144653697,26.000000000000004,-4.163336342344337e-17,-1.3877787807814457e-17,-24.98751406957466
23.95322370262838,23.105809547036785,25.999999999999996,1.3877787807814455e-17,2.7755575615628914e-17,-24.98751406957466
23.955451148382412,23.09600891866907,26.0,-2.7755575615628914e-17,-1.3877787807814457e-17,-24.987514069574658
23.95767827158852,23.086208259571364,26.0,0.0,-2.7755575615628914e-17,-24.98751406957466
23.95990507245367,23.076407569764427,26.000000000000004,-4.163336342344337e-17,-2.7755575615628914e-17,-24.987514069574658
23.96213155118477,23.06660684926906,26.000000000000004,1.3877787807814457e-17,2.7755575615628914e-17,-24.987514069574665
23.96435770798857,23.05680609810598,26.0,-2.7755575615628914e-17,0.0,-24.987514069574658
23.966583543071796,23.047005316295987,26.000000000000004,0.0,1.3877787807814457e-17,-24.98751406957466
23.968809056641028,23.03720450385979,26.0,1.3877787807814457e-17,4.163336342344337e-17,-24.98751406957466
23.971036851324392,23.02740410657974,26.0,-1.3877787807814457e-17,1.3877787807814457e-17,-24.987514069574665
23.973266023457136,23.017603969642522,26.000000000000004,-1.3877787807814457e-17,2.7755575615628914e-17,-24.987514069574665
23.975494874094203,23.007803802022842,26.0,-1.3877787807814455e-17,1.3877787807814457e-17,-24.98751406957466
23.97772340344228,22.998003603741516,26.0,0.0,0.0,-24.987514069574658
23.97995161170798,22.988203374819353,26.0,-1.3877787807814457e-17,1.3877787807814457e-17,-24.987514069574654
23.982179499097807,22.97840311527715,26.0,0.0,2.7755575615628914e-17,-24.98751406957466
23.98440706581816,22.968602825135676,26.0,-1.3877787807814455e-17,1.3877787807814457e-17,-24.98751406957466
23.98663431207537,22.958802504415704,26.000000000000004,1.3877787807814457e-17,1.3877787807814457e-17,-24.987514069574658
23.988861238075657,22.949002153138018,26.000000000000004,-1.3877787807814457e-17,2.7755575615628914e-17,-24.987514069574658
23.991087844025135,22.939201771323344,25.999999999999996,1.3877787807814455e-17,0.0,-24.987514069574658
23.99331413012984,22.92940135899246,25.999999999999996,0.0,1.3877787807814457e-17,-24.987514069574654
23.99554009659571,22.919600916166075,25.999999999999996,-1.3877787807814457e-17,1.3877787807814457e-17,-24.987514069574658
23.9977657436286,22.909800442864928,25.999999999999996,1.3877787807814457e-17,0.0,-24.987514069574658
23.99999107143423,22.899999939109726,26.000000000000004,-1.3877787807814457e-17,-1.3877787807814457e-17,-24.987514069574658
