galstreams/tracks/track.st.C-19.martin2022.ecsv
# %ECSV 0.9
# ---
# datatype:
# - {name: ra, unit: deg, datatype: float64}
# - {name: dec, unit: deg, datatype: float64}
# - {name: distance, unit: kpc, datatype: float64}
# - {name: pm_ra_cosdec, unit: mas / yr, datatype: float64}
# - {name: pm_dec, unit: mas / yr, datatype: float64}
# - {name: radial_velocity, unit: km / s, datatype: float64}
# delimiter: ','
# meta: !!omap
# - __serialized_columns__:
#     dec:
#       __class__: astropy.coordinates.angles.Latitude
#       unit: &id001 !astropy.units.Unit {unit: deg}
#       value: !astropy.table.SerializedColumn {name: dec}
#     distance:
#       __class__: astropy.coordinates.distances.Distance
#       unit: !astropy.units.Unit {unit: kpc}
#       value: !astropy.table.SerializedColumn {name: distance}
#     pm_dec:
#       __class__: astropy.units.quantity.Quantity
#       unit: !astropy.units.Unit {unit: mas / yr}
#       value: !astropy.table.SerializedColumn {name: pm_dec}
#     pm_ra_cosdec:
#       __class__: astropy.units.quantity.Quantity
#       unit: !astropy.units.Unit {unit: mas / yr}
#       value: !astropy.table.SerializedColumn {name: pm_ra_cosdec}
#     ra:
#       __class__: astropy.coordinates.angles.Longitude
#       unit: *id001
#       value: !astropy.table.SerializedColumn {name: ra}
#       wrap_angle: !astropy.coordinates.Angle
#         unit: *id001
#         value: 360.0
#     radial_velocity:
#       __class__: astropy.units.quantity.Quantity
#       unit: !astropy.units.Unit {unit: km / s}
#       value: !astropy.table.SerializedColumn {name: radial_velocity}
# schema: astropy-2.0
ra,dec,distance,pm_ra_cosdec,pm_dec,radial_velocity
[from data line 601]
354.58462318087294,29.865591719504827,18.000000000000004,1.3210498528546317,-2.6261541828918444,-189.44000000000014
354.5852300454633,29.85518909500335,18.000000000000004,1.3209103600594176,-2.6268728013046063,-189.4400000000001
354.5858365842441,29.844786459734614,18.000000000000004,1.3207709395838911,-2.627591019206168,-189.44000000000005
354.58644279735853,29.83438381370307,18.0,1.320631591435379,-2.628308836603994,-189.44000000000005
354.58704868495,29.82398115691336,18.000000000000004,1.3204923156211945,-2.6290262535055398,-189.44000000000017
354.58765424716154,29.81357848937007,18.0,1.320353112148636,-2.6297432699182557,-189.44000000000005
354.58825948413613,29.803175811077754,18.000000000000004,1.3202139810249838,-2.6304598858495876,-189.4400000000001
354.58886439601673,29.792773122040995,18.000000000000004,1.3200749222575032,-2.6311761013069717,-189.44000000000005
354.5894689829461,29.782370422264396,18.000000000000004,1.3199359358534428,-2.6318919162978434,-189.44000000000005
354.59007324506683,29.77196771175241,18.0,1.319797021820037,-2.632607330829627,-189.4400000000001
354.5906771825215,29.761564990509623,18.000000000000004,1.3196581801645024,-2.633322344909744,-189.44000000000014
354.59128079545263,29.751162258540607,18.0,1.3195194108940396,-2.6340369585456065,-189.44000000000017
354.5918840840024,29.740759515849888,18.0,1.3193807140158358,-2.6347511717446244,-189.44000000000017
354.59248704831316,29.730356762441993,18.0,1.31924208953706,-2.635464984514198,-189.44000000000014
354.59308968852685,29.719953998321472,18.000000000000004,1.3191035374648652,-2.6361783968617227,-189.44000000000017
354.5936920047855,29.7095512234929,18.000000000000004,1.318965057806391,-2.636891408794591,-189.4400000000002
354.594293997231,29.69914843796067,18.000000000000004,1.3188266505687587,-2.6376040203201856,-189.44000000000014
354.5948956660051,29.688745641729366,18.0,1.3186883157590747,-2.638316231445885,-189.44000000000005
354.5954970112493,29.67834283480349,18.000000000000007,1.3185500533844285,-2.6390280421790577,-189.44000000000014
354.59609803310525,29.66794001718756,18.0,1.3184118634518975,-2.6397394525270728,-189.44000000000014
354.5966987317144,29.657537188886074,18.000000000000004,1.3182737459685392,-2.640450462497289,-189.4400000000001
354.59729910721785,29.64713434990358,18.000000000000004,1.3181357009413963,-2.641161072097058,-189.44000000000017
354.59789915975693,29.636731500244462,18.0,1.3179977283774973,-2.641871281333731,-189.44000000000014
354.59849888947264,29.626328639913243,18.0,1.3178598282838547,-2.6425810902146467,-189.4400000000001
354.59909829650593,29.615925768914416,18.000000000000004,1.3177220006674628,-2.6432904987471417,-189.44000000000014
354.59969738099767,29.60552288725246,18.0,1.3175842455353042,-2.6439995069385462,-189.44000000000014
354.6002961430885,29.59511999493185,18.0,1.317446562894342,-2.644708114796182,-189.44000000000017
354.60089458291907,29.584717091957085,18.000000000000004,1.317308952751526,-2.645416322327368,-189.4400000000002
354.60149270063,29.57431417833254,18.000000000000004,1.317171415113791,-2.646124129539416,-189.44000000000014
354.6020904963614,29.563911254062713,18.000000000000004,1.3170339499880535,-2.6468315364396315,-189.44000000000014
354.6026879702538,29.55350831915206,18.000000000000004,1.316896557381216,-2.6475385430353127,-189.44000000000014
354.60328512244723,29.54310537360502,18.000000000000007,1.3167592373001664,-2.648245149333756,-189.44000000000005
354.6038819530817,29.53270241742605,18.0,1.3166219897517746,-2.6489513553422492,-189.44000000000017
354.60447846229727,29.522299450619627,18.0,1.3164848147428974,-2.64965716106807,-189.4400000000001
354.60507465023363,29.511896473190077,18.000000000000004,1.3163477122803735,-2.6503625665184973,-189.44000000000005
354.60567051703055,29.50149348514188,18.000000000000004,1.316210682371029,-2.6510675717008008,-189.4400000000001
354.60626606282756,29.491090486479454,18.000000000000007,1.3160737250216705,-2.6517721766222437,-189.44000000000017
354.6068612877642,29.480687477207237,18.0,1.3159368402390952,-2.6524763812900853,-189.44000000000014
354.6074561919799,29.470284457329605,18.0,1.3158000280300788,-2.653180185711578,-189.4400000000001
354.6080507756138,29.45988142685099,18.000000000000007,1.3156632884013844,-2.6538835898939643,-189.44000000000005
354.608645038805,29.449478385775855,18.0,1.3155266213597594,-2.6545865938444893,-189.44000000000014
354.60923898169267,29.439075334108466,18.000000000000004,1.3153900269119356,-2.655289197570383,-189.44000000000014
354.6098326044157,29.428672271853284,18.0,1.3152535050646297,-2.6559914010788774,-189.44000000000005
354.61042590711276,29.4182691990147,18.0,1.315117055824541,-2.6566932043771927,-189.4400000000002
354.6110188899227,29.40786611559708,18.000000000000004,1.314980679198357,-2.6573946074725456,-189.44000000000014
354.61161155298413,29.397463021604825,18.000000000000004,1.3148443751927477,-2.658095610372148,-189.4400000000002
354.6122038964354,29.387059917042343,18.0,1.314708143814368,-2.658796213083206,-189.44000000000014
354.61279592041495,29.376656801913906,18.000000000000004,1.3145719850698552,-2.6594964156129137,-189.4400000000002
354.6133876250609,29.36625367622392,18.000000000000004,1.3144358989658358,-2.660196217968469,-189.4400000000002
354.6139790105116,29.355850539976757,18.000000000000004,1.3142998855089187,-2.6608956201570564,-189.44000000000017
354.61457007690495,29.34544739317676,18.000000000000007,1.314163944705696,-2.661594622185858,-189.44000000000017
354.61516082437885,29.335044235828292,18.0,1.3140280765627477,-2.6622932240620507,-189.4400000000002
354.61575125307115,29.32464106793574,18.0,1.3138922810866356,-2.662991425792802,-189.44000000000017
354.61634136311955,29.314237889503335,18.0,1.3137565582839081,-2.663689227385277,-189.44000000000014
354.61693115466153,29.303834700535475,18.000000000000004,1.3136209081610972,-2.6643866288466316,-189.44000000000014
354.6175206278347,29.293431501036483,18.0,1.3134853307247212,-2.6650836301840206,-189.44000000000017
354.6181097827764,29.283028291010677,18.000000000000004,1.3133498259812812,-2.6657802314045895,-189.44000000000014
354.61869861962384,29.2726250704624,18.000000000000004,1.3132143939372651,-2.666476432515476,-189.44000000000017
354.6192871385141,29.262221839395995,18.000000000000004,1.3130790345991439,-2.6671722335238193,-189.44000000000017
354.6198753395843,29.251818597815678,18.000000000000007,1.3129437479733743,-2.6678676344367447,-189.4400000000002
354.62046322297147,29.24141534572582,18.000000000000004,1.3128085340663993,-2.668562635261377,-189.44000000000014
354.6210507888121,29.2310120831307,18.000000000000004,1.3126733928846428,-2.6692572360048326,-189.44000000000014
354.6216380372432,29.220608810034634,18.000000000000004,1.3125383244345181,-2.6699514366742223,-189.44000000000017
354.6222249684012,29.210205526441896,18.0,1.3124033287224204,-2.670645237276652,-189.4400000000001
354.62281158242257,29.19980223235679,18.000000000000004,1.31226840575473,-2.6713386378192223,-189.4400000000002
354.6233978794438,29.18939892778366,18.000000000000004,1.312133555537815,-2.6720316383090252,-189.44000000000014
354.6239838596011,29.178995612726638,18.000000000000004,1.311998778078025,-2.6727242387531516,-189.44000000000017
354.6245695230305,29.168592287190076,18.000000000000004,1.3118640733816955,-2.6734164391586823,-189.44000000000014
354.6251548698682,29.158188951178257,18.0,1.3117294414551488,-2.674108239532694,-189.4400000000002
354.62573990025004,29.147785604695407,18.000000000000004,1.3115948823046892,-2.6747996398822576,-189.44000000000014
354.62632461431184,29.137382247745833,18.0,1.3114603959366091,-2.6754906402144374,-189.4400000000002
354.6269090121894,29.1269788803338,18.000000000000004,1.3113259823571835,-2.6761812405362946,-189.4400000000002
354.6274930940183,29.116575502463466,18.0,1.3111916415726739,-2.676871440854882,-189.4400000000001
354.6280768599339,29.106172114139135,18.0,1.3110573735893252,-2.677561241177247,-189.4400000000002
354.6286603100717,29.09576871536503,18.000000000000004,1.31092317841337,-2.6782506415104317,-189.44000000000014
354.629243444567,29.085365306145402,18.000000000000004,1.3107890560510236,-2.678939641861473,-189.44000000000005
354.6298262635549,29.074961886484477,18.000000000000004,1.3106550065084872,-2.679628242237402,-189.4400000000001
354.6304087671705,29.064558456386543,18.000000000000004,1.310521029791948,-2.6803164426452417,-189.44000000000017
354.63099095554867,29.054155015855706,18.000000000000004,1.3103871259075763,-2.6810042430920134,-189.4400000000002
354.63157282882435,29.043751564896223,18.000000000000004,1.3102532948615293,-2.68169164358473,-189.44000000000017
354.63215438713223,29.033348103512324,18.000000000000007,1.310119536659949,-2.6823786441303974,-189.44000000000014
354.63273563060693,29.02294463170821,18.000000000000004,1.309985851308963,-2.6830652447360226,-189.44000000000017
354.63331655938293,29.01254114948809,18.0,1.3098522388146818,-2.683751445408596,-189.44000000000017
354.63389717359473,29.00213765685621,18.000000000000007,1.309718699183204,-2.6844372461551105,-189.44000000000014
354.63447747337653,28.991734153816665,18.0,1.3095852324206123,-2.6851226469825535,-189.44000000000017
354.6350574588626,28.981330640373688,18.000000000000004,1.3094518385329732,-2.6858076478979,-189.44000000000025
354.635637130187,28.970927116531453,18.000000000000004,1.309318517526341,-2.6864922489081273,-189.4400000000002
354.63621648748364,28.960523582294158,18.0,1.3091852694067543,-2.6871764500202024,-189.44000000000014
354.63679553088645,28.95012003766597,18.000000000000004,1.309052094180235,-2.687860251241087,-189.4400000000002
354.63737426052916,28.939716482651054,18.000000000000004,1.3089189918527941,-2.6885436525777386,-189.44000000000014
354.6379526765454,28.92931291725364,18.000000000000004,1.3087859624304239,-2.6892266540371055,-189.44000000000023
354.63853077906884,28.91890934147778,18.000000000000004,1.3086530059191055,-2.6899092556261364,-189.44000000000014
354.6391085682327,28.90850575532768,18.000000000000004,1.3085201223248015,-2.6905914573517684,-189.4400000000002
354.63968604417056,28.89810215880749,18.000000000000004,1.3083873116534654,-2.6912732592209383,-189.4400000000002
354.6402632070154,28.887698551921364,18.0,1.3082545739110303,-2.6919546612405725,-189.44000000000017
354.64084005690046,28.877294934673426,18.000000000000004,1.3081219091034173,-2.692635663417593,-189.44000000000014
354.64141659395875,28.866891307067906,18.000000000000004,1.3079893172365336,-2.6933162657589174,-189.44000000000017
354.6419928183231,28.85648766910879,18.000000000000004,1.3078567983162706,-2.6939964682714588,-189.4400000000002
354.6425687301264,28.846084020800284,18.000000000000007,1.3077243523485056,-2.6946762709621224,-189.44000000000017
354.64314432950124,28.835680362146498,18.000000000000004,1.3075919793390995,-2.6953556738378075,-189.4400000000002
354.64371961658026,28.82527669315156,18.0,1.307459679293904,-2.696034676905411,-189.44000000000017
354.64429459149585,28.814873013819582,18.000000000000004,1.3073274522187488,-2.696713280171818,-189.44000000000017
354.64486925438047,28.804469324154738,18.0,1.3071952981194557,-2.6973914836439152,-189.44000000000014
354.6454436053663,28.794065624161014,18.0,1.3070632170018268,-2.6980692873285794,-189.4400000000002
354.6460176445856,28.783661913842565,18.000000000000004,1.3069312088716538,-2.6987466912326834,-189.44000000000014
354.6465913721703,28.7732581932035,18.000000000000004,1.3067992737347123,-2.6994236953630932,-189.44000000000014
354.6471647882523,28.762854462247898,18.000000000000004,1.306667411596762,-2.7001002997266697,-189.4400000000002
354.6477378929636,28.75245072097985,18.0,1.3065356224635507,-2.70077650433027,-189.44000000000014
354.6483106864359,28.7420469694035,18.000000000000004,1.3064039063408095,-2.7014523091807425,-189.44000000000014
354.64888316880064,28.73164320752281,18.000000000000004,1.3062722632342574,-2.702127714284932,-189.4400000000001
354.6494553401895,28.72123943534192,18.000000000000004,1.3061406931495974,-2.7028027196496778,-189.44000000000014
354.65002720073375,28.71083565286489,18.000000000000004,1.3060091960925175,-2.7034773252818125,-189.44000000000023
354.6505987505648,28.700431860095783,18.000000000000004,1.3058777720686932,-2.7041515311881663,-189.4400000000002
354.6511699898139,28.690028057038674,18.0,1.3057464210837848,-2.7048253373755577,-189.4400000000002
354.651740918612,28.679624243697596,18.0,1.3056151431434377,-2.705498743850805,-189.44000000000017
354.65231153709016,28.669220420076677,18.000000000000007,1.3054839382532837,-2.7061717506207197,-189.44000000000014
354.6528818453793,28.65881658617984,18.000000000000004,1.3053528064189406,-2.7068443576921073,-189.44000000000005
354.65345184361,28.6484127420112,18.000000000000004,1.3052217476460097,-2.707516565071768,-189.44000000000014
354.65402153191314,28.638008887574767,18.000000000000004,1.3050907619400811,-2.708188372766496,-189.4400000000001
354.6545909104192,28.627605022874604,18.000000000000007,1.3049598493067285,-2.7088597807830803,-189.44000000000017
354.6551599792586,28.617201147914724,18.0,1.304829009751512,-2.709530789128306,-189.4400000000002
354.6557287385618,28.606797262699214,18.000000000000004,1.3046982432799785,-2.7102013978089485,-189.44000000000014
354.6562971884589,28.59639336723198,18.0,1.3045675498976586,-2.710871606831782,-189.4400000000002
354.6568653290802,28.585989461517087,18.0,1.3044369296100697,-2.711541416203575,-189.44000000000014
354.65743316055557,28.57558554555855,18.000000000000007,1.3043063824227148,-2.712210825931084,-189.44000000000017
354.658000683015,28.565181619360388,18.000000000000004,1.3041759083410835,-2.712879836021071,-189.44000000000017
354.6585678965884,28.554777682926584,18.0,1.304045507370651,-2.7135484464802855,-189.44000000000017
354.65913480140546,28.544373736261214,18.0,1.3039151795168766,-2.7142166573154682,-189.4400000000002
354.6597013975957,28.533969779368135,18.0,1.3037849247852087,-2.7148844685333637,-189.44000000000017
354.66026768528883,28.523565812251405,18.0,1.3036547431810783,-2.7155518801407044,-189.44000000000014
354.660833664614,28.513161834915017,18.0,1.3035246347099039,-2.7162188921442194,-189.44000000000017
354.6613993357007,28.50275784736293,18.0,1.303394599377089,-2.7168855045506315,-189.4400000000002
354.6619646986781,28.49235384959914,18.000000000000004,1.3032646371880252,-2.717551717366658,-189.44000000000017
354.66252975367524,28.48194984162766,18.000000000000007,1.303134748148088,-2.7182175305990124,-189.44000000000014
354.66309450082116,28.471545823452367,18.0,1.3030049322626394,-2.718882944254403,-189.44000000000017
354.6636589402448,28.46114179507725,18.0,1.3028751895370272,-2.7195479583395294,-189.44000000000014
354.6642230720748,28.45073775650627,18.000000000000004,1.302745519976584,-2.7202125728610884,-189.4400000000001
354.6647868964399,28.440333707743406,18.000000000000007,1.3026159235866313,-2.7208767878257687,-189.4400000000001
354.66535041346873,28.42992964879259,18.000000000000004,1.3024864003724748,-2.7215406032402596,-189.44000000000017
354.6659136232897,28.419525579657773,18.000000000000004,1.3023569503394061,-2.7222040191112375,-189.44000000000014
354.6664765260312,28.409121500342945,18.000000000000004,1.3022275734927027,-2.7228670354453794,-189.44000000000014
354.6670391218216,28.398717410851926,18.0,1.3020982698376293,-2.7235296522493537,-189.44000000000014
354.6676014107888,28.388313311188718,18.000000000000007,1.3019690393794343,-2.7241918695298217,-189.44000000000014
354.6681633930611,28.377909201357234,18.0,1.3018398821233557,-2.724853687293445,-189.44000000000014
354.6687250687664,28.36750508136141,18.000000000000004,1.3017107980746145,-2.725515105546874,-189.4400000000001
354.6692864380325,28.357100951205165,18.0,1.3015817872384199,-2.726176124296757,-189.44000000000014
