galstreams/tracks/track.st.New-18.ibata2024.ecsv
# %ECSV 1.0
# ---
# datatype:
# - {name: ra, unit: deg, datatype: float64}
# - {name: dec, unit: deg, datatype: float64}
# - {name: distance, unit: kpc, datatype: float64}
# - {name: pm_ra_cosdec, unit: mas / yr, datatype: float64}
# - {name: pm_dec, unit: mas / yr, datatype: float64}
# - {name: radial_velocity, unit: km / s, datatype: float64}
# delimiter: ','
# meta: !!omap
# - __serialized_columns__:
#     dec:
#       __class__: astropy.coordinates.angles.Latitude
#       unit: &id001 !astropy.units.Unit {unit: deg}
#       value: !astropy.table.SerializedColumn {name: dec}
#     distance:
#       __class__: astropy.coordinates.distances.Distance
#       unit: !astropy.units.Unit {unit: kpc}
#       value: !astropy.table.SerializedColumn {name: distance}
#     pm_dec:
#       __class__: astropy.units.quantity.Quantity
#       unit: !astropy.units.Unit {unit: mas / yr}
#       value: !astropy.table.SerializedColumn {name: pm_dec}
#     pm_ra_cosdec:
#       __class__: astropy.units.quantity.Quantity
#       unit: !astropy.units.Unit {unit: mas / yr}
#       value: !astropy.table.SerializedColumn {name: pm_ra_cosdec}
#     ra:
#       __class__: astropy.coordinates.angles.Longitude
#       unit: *id001
#       value: !astropy.table.SerializedColumn {name: ra}
#       wrap_angle: !astropy.coordinates.Angle
#         unit: *id001
#         value: 360.0
#     radial_velocity:
#       __class__: astropy.units.quantity.Quantity
#       unit: !astropy.units.Unit {unit: km / s}
#       value: !astropy.table.SerializedColumn {name: radial_velocity}
# schema: astropy-2.0
ra,dec,distance,pm_ra_cosdec,pm_dec,radial_velocity
[from data line 140]
210.87539208171358,16.905077079079923,0.9999999999999993,-2.1915990960479235,-0.73540289907762,1000.0000000000011
210.88606261198646,16.91118557524641,0.9999999999999994,-2.194458168488694,-0.7384894545123544,1000.0000000000014
210.8967186997355,16.917299040356323,0.9999999999999996,-2.1973158352540736,-0.7415855893277552,1000.0000000000014
210.90736032020092,16.923417485176156,0.9999999999999994,-2.200172100739479,-0.7446912949187166,1000.0000000000009
210.91798744862027,16.92954092047799,0.9999999999999994,-2.203026969333692,-0.7478065626818022,1000.000000000001
210.92860006022792,16.93566935703929,0.9999999999999994,-2.2058804454186145,-0.7509313840153453,1000.0000000000011
210.93919813025536,16.941802805642936,0.9999999999999994,-2.2087325333695134,-0.754065750319441,1000.000000000001
210.949781633931,16.94794127707723,0.9999999999999996,-2.2115832375545494,-0.7572096529958969,1000.0000000000009
210.9603505464802,16.954084782135713,0.9999999999999993,-2.2144325623354746,-0.7603630834482686,1000.0000000000008
210.97090484312528,16.960233331617456,0.9999999999999993,-2.217280512066708,-0.7635260330818738,1000.000000000001
210.9814444990855,16.96638693632682,0.9999999999999994,-2.220127091096174,-0.7666984933038066,1000.000000000001
210.9919694895771,16.972545607073503,0.9999999999999996,-2.222972303764678,-0.7698804555228449,1000.000000000001
211.00247978981307,16.978709354672546,0.9999999999999996,-2.2258161544062034,-0.7730719111496924,1000.0000000000011
211.01297537500338,16.98487818994431,0.9999999999999994,-2.228658647347771,-0.7762728515966231,1000.0000000000011
211.02345622035483,16.991052123714326,0.9999999999999996,-2.2314997869093958,-0.7794832682777653,1000.000000000001
211.0339223010711,16.997231166813553,0.9999999999999994,-2.2343395774042136,-0.7827031526090593,1000.0000000000009
211.0443735923526,17.003415330078166,0.9999999999999996,-2.2371780231382274,-0.7859324960082219,1000.0000000000009
211.05481006939664,17.009604624349574,0.9999999999999994,-2.2400151284104908,-0.7891712898947318,1000.000000000001
211.0652317073973,17.015799060474425,0.9999999999999994,-2.2428508975130654,-0.7924195256897661,1000.0000000000009
211.07563848154538,17.021998649304646,0.9999999999999994,-2.245685334730709,-0.7956771948164132,1000.000000000001
211.08603036702848,17.028203401697215,0.9999999999999994,-2.2485184443414994,-0.7989442886995306,1000.000000000001
211.09640733903092,17.034413328514432,0.9999999999999993,-2.251350230615955,-0.8022207987657737,1000.0000000000008
211.10676937273377,17.040628440623742,0.9999999999999996,-2.254180697817901,-0.8055067164435172,1000.000000000001
211.1171164433147,17.046848748897734,0.9999999999999996,-2.2570098502035734,-0.8088020331630474,1000.000000000001
211.12744852594815,17.053074264214143,0.9999999999999996,-2.2598376920223444,-0.812106740356441,1000.0000000000009
211.13776559580523,17.059304997455893,0.9999999999999996,-2.2626642275162254,-0.8154208294575653,1000.000000000001
211.1480676280536,17.065540959510837,0.9999999999999996,-2.265489460920165,-0.8187442919020498,1000.0000000000009
211.15835459785768,17.071782161272115,0.9999999999999994,-2.268313396461849,-0.8220771191274991,1000.0000000000009
211.1686264803783,17.07802861363785,0.9999999999999996,-2.271136038361419,-0.8254193025731453,1000.0000000000008
211.17888325077305,17.08428032751128,0.9999999999999994,-2.2739573908322086,-0.8287708336802666,1000.000000000001
211.18912488419605,17.09053731380071,0.9999999999999994,-2.2767774580798346,-0.8321317038917897,1000.0000000000009
211.19935135579792,17.096799583419315,0.9999999999999996,-2.2795962443029083,-0.8355019046525811,1000.000000000001
211.2095626407258,17.103067147285476,0.9999999999999994,-2.2824137536924525,-0.8388814274093406,1000.0000000000009
211.21975871412343,17.109340016322488,0.9999999999999994,-2.2852299904322706,-0.8422702636105726,1000.0000000000009
211.22993955113094,17.115618201458645,0.9999999999999994,-2.288044958698734,-0.8456684047066432,1000.000000000001
211.24010512688503,17.121901713627214,0.9999999999999994,-2.2908586626608383,-0.8490758421498583,1000.000000000001
211.25025541651874,17.12819056376644,0.9999999999999994,-2.2936711064800335,-0.8524925673942292,1000.0000000000009
211.26039039516164,17.134484762819387,0.9999999999999997,-2.2964822943105077,-0.8559185718957636,1000.000000000001
211.27051003793966,17.14078432173416,0.9999999999999994,-2.299292230298917,-0.8593538471123168,1000.0000000000009
211.28061431997511,17.147089251463715,0.9999999999999996,-2.3021009185842303,-0.8627983845035345,1000.0000000000009
211.29070321638673,17.153399562965923,0.9999999999999994,-2.3049083632981393,-0.8662521755310664,1000.0000000000006
211.30077670228962,17.15971526720348,0.9999999999999994,-2.3077145685648333,-0.8697152116583027,1000.0000000000009
211.3108347527952,17.16603637514402,0.9999999999999996,-2.310519538500756,-0.8731874843505949,1000.0000000000008
211.32087734301106,17.172362897759847,0.9999999999999994,-2.3133232772148205,-0.876668985075284,1000.0000000000007
211.33090444804134,17.178694846028225,0.9999999999999994,-2.316125788808435,-0.8801597053013666,1000.0000000000008
211.34091604298624,17.185032230931178,0.9999999999999996,-2.3189270773752355,-0.8836596364999494,1000.0000000000008
211.35091210294235,17.191375063455517,0.9999999999999993,-2.3217271470013827,-0.8871687701439726,1000.0000000000008
211.36089260300244,17.19772335459281,0.9999999999999994,-2.324526001765392,-0.8906870977082804,1000.0000000000007
211.37085751825555,17.204077115339448,0.9999999999999994,-2.327323645737849,-0.8942146106696356,1000.0000000000008
211.38080682378677,17.210436356696345,0.9999999999999996,-2.3301200829818356,-0.8977513005066342,1000.0000000000006
211.39074049467752,17.216801089669353,0.9999999999999996,-2.3329153175526187,-0.9012971586999683,1000.0000000000008
211.4006585060053,17.223171325268922,0.9999999999999997,-2.3357093534979185,-0.904852176732156,1000.0000000000008
211.41056083284374,17.229547074510197,0.9999999999999996,-2.338502194857341,-0.9084163460875843,1000.0000000000007
211.42044745026266,17.235928348413044,0.9999999999999996,-2.3412938456630314,-0.9119896582527218,1000.0000000000008
211.43031833332785,17.2423151580018,0.9999999999999998,-2.344084309939049,-0.9155721047158778,1000.0000000000009
211.4401734571012,17.2487075143056,0.9999999999999997,-2.346873591701737,-0.9191636769673579,1000.0000000000009
211.45001279664075,17.25510542835812,0.9999999999999997,-2.3496616949596927,-0.9227643664993295,1000.0000000000008
211.4598363270005,17.261508911197637,0.9999999999999997,-2.3524486237134568,-0.9263741648059991,1000.0000000000008
211.4696440232304,17.267917973867004,0.9999999999999997,-2.355234381955839,-0.9299930633835771,1000.0000000000009
211.47943586037647,17.27433262741367,0.9999999999999996,-2.358018973671463,-0.9336210537300786,1000.0000000000008
211.48921181348067,17.280752882889473,0.9999999999999997,-2.360802402837365,-0.9372581273456859,1000.0000000000008
211.49897185758087,17.28717875135091,0.9999999999999996,-2.3635846734222667,-0.9409042757323292,1000.0000000000007
211.50871596771097,17.293610243858954,0.9999999999999997,-2.366365789387288,-0.9445594903941839,1000.0000000000008
211.51844411890062,17.300047371479025,0.9999999999999994,-2.36914575468505,-0.9482237628371877,1000.0000000000007
211.52815628617546,17.30649014528103,0.9999999999999997,-2.371924573260614,-0.9518970845693673,1000.0000000000008
211.53785244455693,17.312938576339366,0.9999999999999996,-2.3747022490507135,-0.9555794471007104,1000.0000000000008
211.54753256906235,17.31939267573269,0.9999999999999997,-2.377478785984124,-0.9592708419432654,1000.0000000000008
211.55719663470484,17.325852454544233,0.9999999999999999,-2.380254187981464,-0.9629712606110061,1000.0000000000009
211.56684461649328,17.332317923861563,0.9999999999999996,-2.383028458955394,-0.9666806946199173,1000.0000000000006
211.57647648943234,17.3387890947766,0.9999999999999996,-2.385801602810048,-0.9703991354880941,1000.0000000000008
211.5860922285225,17.34526597838564,0.9999999999999996,-2.3885736234419994,-0.9741265747355996,1000.0000000000007
211.59569180875985,17.35174858578935,0.9999999999999996,-2.391344524738983,-0.9778630038844227,1000.0000000000007
211.60527520513628,17.358236928092527,0.9999999999999997,-2.3941143105811307,-0.9816084144587549,1000.0000000000007
211.6148423926393,17.364731016404463,0.9999999999999997,-2.396882984839934,-0.9853627979846706,1000.0000000000006
211.62439334625213,17.37123086183865,0.9999999999999996,-2.399650551378741,-0.9891261459904186,1000.0000000000007
211.6339280409536,17.377736475512823,0.9999999999999997,-2.4024170140528014,-0.9928984500062015,1000.0000000000009
211.64344645171818,17.384247868549018,0.9999999999999998,-2.4051823767088223,-0.9966797015642754,1000.0000000000008
211.65294855351584,17.39076505207333,0.9999999999999997,-2.4079466431853405,-1.000469892199014,1000.0000000000009
211.66243432131225,17.397288037216192,0.9999999999999997,-2.410709817312622,-1.0042690134467946,1000.000000000001
211.67190373006855,17.40381683511218,0.9999999999999996,-2.4134719029124625,-1.0080770568460409,1000.0000000000007
211.68135675474144,17.410351456900013,0.9999999999999997,-2.4162329037983454,-1.011894013937365,1000.0000000000006
211.69079337028305,17.416891913722548,0.9999999999999997,-2.4189928237752696,-1.015719876263347,1000.0000000000007
211.7002135516411,17.423438216726815,0.9999999999999996,-2.4217516666399206,-1.0195546353686353,1000.0000000000008
211.7096172737586,17.429990377063778,0.9999999999999996,-2.424509436180415,-1.0233982828000734,1000.0000000000007
211.71900451157418,17.436548405888637,0.9999999999999997,-2.427266136176584,-1.0272508101065512,1000.0000000000009
211.7283752400218,17.443112314360597,0.9999999999999997,-2.430021770399705,-1.0311122088389908,1000.0000000000006
211.7377294340307,17.4496821136429,0.9999999999999996,-2.432776342612314,-1.0349824705504957,1000.0000000000003
211.74706706852567,17.456257814902795,0.9999999999999996,-2.4355298565688344,-1.0388615867962656,1000.0000000000003
211.75638811842674,17.462839429311583,0.9999999999999997,-2.4382823160148916,-1.0427495491336245,1000.0000000000007
211.76569255864916,17.469426968044377,0.9999999999999996,-2.4410337246875002,-1.0466463491219073,1000.0000000000003
211.7749803641036,17.476020442280422,0.9999999999999996,-2.4437840863151052,-1.050551978322794,1000.0000000000007
211.78425150969605,17.482619863202828,0.9999999999999994,-2.4465334046178384,-1.0544664282999392,1000.0000000000006
211.79350597032754,17.489225241998604,0.9999999999999996,-2.449281683306623,-1.0583896906191015,1000.0000000000003
211.80274372089445,17.495836589858673,0.9999999999999996,-2.452028926084168,-1.0623217568482985,1000.0000000000006
211.81196473628842,17.502453917977874,0.9999999999999997,-2.4547751366444714,-1.0662626185576656,1000.0000000000006
211.82116899139606,17.50907723755474,0.9999999999999997,-2.4575203186725076,-1.0702122673194694,1000.0000000000007
211.83035646109929,17.51570655979178,0.9999999999999998,-2.4602644758448378,-1.0741706947081084,1000.0000000000006
211.83952712027508,17.52234189589527,0.9999999999999997,-2.463007611829269,-1.0781378923002336,1000.0000000000006
211.84868094379553,17.528983257075264,0.9999999999999997,-2.465749730284557,-1.0821138516745847,1000.0000000000006
211.8578179065278,17.535630654545646,0.9999999999999996,-2.468490834860958,-1.0860985644121257,1000.0000000000006
211.86693798333408,17.542284099523865,0.9999999999999996,-2.4712309291998054,-1.0900920220959875,1000.0000000000006
211.87604114907157,17.548943603231265,0.9999999999999998,-2.473970016933521,-1.0940942163114968,1000.0000000000006
211.88512737859256,17.555609176892833,0.9999999999999999,-2.4767081016858725,-1.0981051386461758,1000.0000000000008
211.89419664674418,17.56228083173724,0.9999999999999997,-2.4794451870713914,-1.1021247806897563,1000.0000000000006
211.9032489283686,17.56895857899681,0.9999999999999997,-2.4821812766961955,-1.1061531340341588,1000.0000000000008
211.91228419830293,17.575642429907553,0.9999999999999998,-2.484916374157052,-1.110190190273535,1000.0000000000003
211.92130243137905,17.582332395708924,0.9999999999999998,-2.487650483041932,-1.1142359410042602,1000.0000000000006
211.9303036024238,17.589028487644153,0.9999999999999998,-2.490383606929811,-1.1182903778248914,1000.0000000000008
211.93928768625892,17.595730716959974,0.9999999999999998,-2.4931157493908387,-1.1223534923363019,1000.0000000000007
211.94825465770086,17.602439094906646,0.9999999999999997,-2.4958469139858437,-1.1264252761414824,1000.0000000000007
211.95720449156093,17.609153632737996,0.9999999999999997,-2.498577104266886,-1.1305057208458038,1000.0000000000006
211.96613716264523,17.615874341711365,0.9999999999999998,-2.5013063237768023,-1.1345948180567547,1000.0000000000007
211.97505264575452,17.622601233087437,0.9999999999999998,-2.5040345760494773,-1.1386925593841823,1000.0000000000006
211.98395091568435,17.629334318130514,0.9999999999999998,-2.5067618646095866,-1.1427989364401867,1000.0000000000006
211.99283194722491,17.63607360810826,0.9999999999999999,-2.509488192972725,-1.146913940839049,1000.0000000000006
212.00169571516116,17.642819114291775,0.9999999999999998,-2.5122135646453643,-1.151037564197388,1000.0000000000003
212.01054219427252,17.649570847955527,0.9999999999999999,-2.5149379831246392,-1.155169798134125,1000.0000000000003
212.01937135933326,17.656328820377425,0.9999999999999996,-2.5176614518988885,-1.1593106342704544,1000.0000000000006
212.02818318511197,17.66309304283854,0.9999999999999998,-2.5203839744466308,-1.1634600642297883,1000.0000000000003
212.03697764637204,17.669863526623434,0.9999999999999999,-2.523105554237844,-1.1676180796380038,1000.0000000000008
212.04575471787123,17.676640283019914,0.9999999999999998,-2.525826194732616,-1.17178467212306,1000.0000000000007
212.0545143743619,17.683423323319055,0.9999999999999998,-2.5285458993820953,-1.175959833315403,1000.0000000000003
212.06325659059084,17.69021265881524,0.9999999999999998,-2.5312646716280653,-1.1801435548477883,1000.0000000000006
212.07198134129933,17.697008300805923,0.9999999999999999,-2.533982514903002,-1.1843358283551808,1000.0000000000007
212.08068860122307,17.703810260591908,0.9999999999999998,-2.5366994326300016,-1.1885366454749615,1000.0000000000006
212.08937834509211,17.710618549477136,0.9999999999999997,-2.539415428222739,-1.1927459978468704,1000.0000000000006
212.09805054763098,17.717433178768708,0.9999999999999998,-2.542130505085609,-1.1969638771129354,1000.0000000000007
212.10670518355843,17.72425415977685,0.9999999999999998,-2.544844666613443,-1.2011902749175505,1000.0000000000002
212.11534222758763,17.731081503814952,0.9999999999999998,-2.5475579161917636,-1.2054251829074971,1000.0000000000006
212.12396165442598,17.737915222199327,0.9999999999999998,-2.550270257196601,-1.2096685927318873,1000.0000000000007
212.13256343877518,17.744755326249503,0.9999999999999998,-2.552981692994294,-1.2139204960421566,1000.0000000000002
212.14114755533114,17.751601827288017,0.9999999999999998,-2.5556922269421847,-1.2181808844922841,1000.0000000000006
212.149713978784,17.758454736640378,0.9999999999999998,-2.5584018623874556,-1.2224497497384235,1000.0000000000003
212.15826268381807,17.765314065635128,0.9999999999999997,-2.5611106026682364,-1.226727083439279,1000.0000000000002
212.1667936451118,17.772179825603793,0.9999999999999997,-2.5638184511126383,-1.2310128772558784,1000.0000000000006
212.1753068373378,17.779052027880677,0.9999999999999998,-2.566525411039734,-1.2353071228516157,1000.0000000000003
212.18380223516277,17.78593068380319,0.9999999999999998,-2.569231485758465,-1.2396098118924002,1000.0000000000006
212.19227981324738,17.792815804711545,0.9999999999999998,-2.571936678568264,-1.243920936046493,1000.0000000000002
