galstreams/tracks/track.st.Cetus-New.yuan2021.ecsv
# %ECSV 0.9
# ---
# datatype:
# - {name: ra, unit: deg, datatype: float64}
# - {name: dec, unit: deg, datatype: float64}
# - {name: distance, unit: kpc, datatype: float64}
# - {name: pm_ra_cosdec, unit: mas / yr, datatype: float64}
# - {name: pm_dec, unit: mas / yr, datatype: float64}
# - {name: radial_velocity, unit: km / s, datatype: float64}
# delimiter: ','
# meta: !!omap
# - __serialized_columns__:
#     dec:
#       __class__: astropy.coordinates.angles.Latitude
#       unit: &id001 !astropy.units.Unit {unit: deg}
#       value: !astropy.table.SerializedColumn {name: dec}
#     distance:
#       __class__: astropy.coordinates.distances.Distance
#       unit: !astropy.units.Unit {unit: kpc}
#       value: !astropy.table.SerializedColumn {name: distance}
#     pm_dec:
#       __class__: astropy.units.quantity.Quantity
#       unit: !astropy.units.Unit {unit: mas / yr}
#       value: !astropy.table.SerializedColumn {name: pm_dec}
#     pm_ra_cosdec:
#       __class__: astropy.units.quantity.Quantity
#       unit: !astropy.units.Unit {unit: mas / yr}
#       value: !astropy.table.SerializedColumn {name: pm_ra_cosdec}
#     ra:
#       __class__: astropy.coordinates.angles.Longitude
#       unit: *id001
#       value: !astropy.table.SerializedColumn {name: ra}
#       wrap_angle: !astropy.coordinates.Angle
#         unit: *id001
#         value: 360.0
#     radial_velocity:
#       __class__: astropy.units.quantity.Quantity
#       unit: !astropy.units.Unit {unit: km / s}
#       value: !astropy.table.SerializedColumn {name: radial_velocity}
# schema: astropy-2.0
ra,dec,distance,pm_ra_cosdec,pm_dec,radial_velocity
[from data line 4844]
26.57360292035394,-49.28080755224009,16.941647513401453,2.018332867230746,1.8038627220176933,5.0524602779234026e-14
26.57409305510564,-49.290930495212336,16.941239470897195,2.0185238526262475,1.8042958665547237,3.368306851948935e-14
26.574583036254577,-49.30105344624893,16.940832548628986,2.0187148466310787,1.804728877898789,2.5262301389617013e-14
26.575072863485083,-49.31117640535959,16.940426747213877,2.018905849248551,1.8051617559014765,2.5262301389617013e-14
26.575562536481154,-49.321299372554016,16.94002206726893,2.019096860482005,1.8055945004143508,1.6841534259744676e-14
26.57605205492652,-49.331422347842,16.939618509411208,2.019287880334798,1.8060271112889645,2.5262301389617013e-14
26.576541418504576,-49.34154533123323,16.939216074257757,2.019478908810316,1.8064595883768497,1.6841534259744676e-14
26.577030626898424,-49.351668322737446,16.938814762425636,2.019669945911968,1.806891931529523,4.210383564936169e-14
26.57751967979088,-49.361791322364404,16.938414574531908,2.01986099164318,1.8073241405984817,8.420767129872338e-15
26.57800857686445,-49.371914330123836,16.938015511193623,2.0200520460074096,1.8077562154352083,4.210383564936169e-14
26.578497317801315,-49.3820373460255,16.93761757302784,2.0202431090081308,1.8081881558911657,4.210383564936169e-14
26.578985902283396,-49.39216037007914,16.93722076065161,2.020434180648846,1.8086199618178027,1.6841534259744676e-14
26.579474329992255,-49.4022834022945,16.936825074681998,2.020625260933077,1.8090516330665465,0.0
26.579962600609214,-49.41240644268135,16.93643051573606,2.0208163498643725,1.8094831694888087,4.210383564936169e-14
26.58045071381524,-49.42252949124946,16.936037084430847,2.0210074474463005,1.8099145709359852,2.5262301389617013e-14
26.580938669291,-49.43265254800859,16.93564478138342,2.021198553682454,1.8103458372594514,1.6841534259744676e-14
26.581426466716902,-49.4427756129685,16.935253607210836,2.021389668576453,1.8107769683105697,3.368306851948935e-14
26.58191410577298,-49.452898686138965,16.934863562530147,2.0215807921319353,1.811207963940679,3.368306851948935e-14
26.582401586139017,-49.46302176752977,16.93447464795841,2.021771924352564,1.8116388240011059,1.6841534259744676e-14
26.582888907494464,-49.47314485715067,16.934086864112693,2.021963065242028,1.8120695483431564,3.368306851948935e-14
26.583376069518465,-49.483267955011485,16.93370021161003,2.022154214804037,1.812500136818122,5.0524602779234026e-14
26.58386307188987,-49.493391061121976,16.9333146910675,2.0223453730423246,1.8129305892772731,5.0524602779234026e-14
26.584349914287202,-49.503514175491944,16.93293030310215,2.022536539960648,1.8133609055718645,3.368306851948935e-14
26.5848365963887,-49.513637298131165,16.93254704833104,2.022727715562787,1.8137910855531323,5.894536990910637e-14
26.585323117872274,-49.52376042904947,16.932164927371215,2.0229188998525474,1.8142211290722983,2.5262301389617013e-14
26.585809478415523,-49.53388356825661,16.93178394083975,2.0231100928337566,1.8146510359805603,3.368306851948935e-14
26.586295677695762,-49.54400671576244,16.931404089353684,2.0233012945102664,1.8150808061291066,3.368306851948935e-14
26.586781715389968,-49.554129871576734,16.931025373530087,2.023492504885951,1.8155104393691006,8.420767129872338e-15
26.587267591174825,-49.56425303570931,16.930647793986008,2.0236837239647083,1.8159399355516923,5.0524602779234026e-14
26.587753304726707,-49.574376208169994,16.930271351338508,2.0238749517504604,1.8163692945280117,8.420767129872338e-15
26.588238855721663,-49.584499388968595,16.92989604620464,2.024066188247154,1.8167985161491726,4.210383564936169e-14
26.58872424383544,-49.59462257811492,16.92952187920146,2.0242574334587573,1.8172276002662706,5.894536990910637e-14
26.589209468743476,-49.60474577561883,16.92914885094603,2.0244486873892633,1.8176565467303831,0.0
26.589694530120884,-49.61486898149012,16.928776962055405,2.024639950042688,1.818085355392569,1.6841534259744676e-14
26.59017942764248,-49.624992195738635,16.928406213146637,2.0248312214230726,1.8185140261038728,3.368306851948935e-14
26.59066416098275,-49.63511541837421,16.928036604836787,2.02502250153448,1.8189425587153156,8.420767129872338e-15
26.5911487298159,-49.645238649406686,16.92766813774291,2.0252137903809975,1.8193709530779065,3.368306851948935e-14
26.59163313381577,-49.65536188884589,16.927300812482063,2.0254050879667362,1.8197992090426325,1.6841534259744676e-14
26.592117372655927,-49.66548513670169,16.926934629671294,2.025596394295832,1.8202273264604643,2.5262301389617013e-14
26.59260144600961,-49.67560839298392,16.92656958992768,2.0257877093724432,1.8206553051823542,4.210383564936169e-14
26.593085353549736,-49.68573165770243,16.92620569386826,2.0259790332007515,1.8210831450592382,8.420767129872338e-15
26.59356909494893,-49.695854930867085,16.925842942110094,2.0261703657849632,1.821510845942032,1.6841534259744676e-14
26.594052669879467,-49.70597821248775,16.92548133527024,2.0263617071293094,1.8219384076816338,3.368306851948935e-14
26.594536078013324,-49.71610150257426,16.925120873965763,2.0265530572380412,1.8223658301289245,3.368306851948935e-14
26.595019319022178,-49.72622480113652,16.924761558813707,2.0267444161154384,1.8227931131347686,4.210383564936169e-14
26.595502392577338,-49.73634810818437,16.924403390431134,2.026935783765801,1.8232202565500089,1.6841534259744676e-14
26.595985298349852,-49.74647142372768,16.9240463694351,2.027127160193457,1.8236472602254723,2.5262301389617013e-14
26.596468036010418,-49.75659474777636,16.92369049644266,2.027318545402752,1.8240741240119673,2.5262301389617013e-14
26.596950605229427,-49.76671808034026,16.923335772070878,2.02750993939806,1.824500847760284,-8.420767129872338e-15
26.597433005676944,-49.77684142142926,16.9229821969368,2.0277013421837795,1.824927431321195,3.368306851948935e-14
26.59791523702272,-49.78696477105327,16.922629771657487,2.027892753764331,1.8253538745454554,2.5262301389617013e-14
26.59839729893617,-49.79708812922216,16.92227849685,2.0280841741441566,1.8257801772837987,2.5262301389617013e-14
26.598879191086414,-49.80721149594583,16.921928373131383,2.028275603327729,1.8262063393869448,2.5262301389617013e-14
26.599360913142245,-49.81733487123419,16.92157940111871,2.0284670413195376,1.8266323607055908,2.5262301389617013e-14
26.599842464772113,-49.82745825509711,16.92123158142903,2.0286584881241,1.8270582410904197,1.6841534259744676e-14
26.600323845644176,-49.83758164754452,16.92088491467939,2.0288499437459575,1.8274839803920941,2.5262301389617013e-14
26.60080505542625,-49.8477050485863,16.920539401486867,2.029041408189675,1.827909578461258,3.368306851948935e-14
26.601286093785827,-49.85782845823239,16.920195042468492,2.02923288145984,1.8283350351485395,2.5262301389617013e-14
26.601766960390098,-49.86795187649268,16.919851838241346,2.029424363561068,1.8287603503045426,2.5262301389617013e-14
26.602247654905913,-49.8780753033771,16.91950978942247,2.029615854497993,1.8291855237798615,5.0524602779234026e-14
26.602728176999793,-49.88819873889558,16.919168896628925,2.0298073542752766,1.8296105554250643,4.210383564936169e-14
26.60320852633796,-49.89832218305801,16.91882916047777,2.029998862897604,1.8300354450907053,1.6841534259744676e-14
26.60368870258628,-49.90844563587435,16.91849058158606,2.0301903803696857,1.8304601926273187,3.368306851948935e-14
26.60416870541031,-49.91856909735452,16.91815316057085,2.030381906696253,1.8308847978854204,8.420767129872338e-15
26.604648534475285,-49.92869256750843,16.917816898049203,2.0305734418820642,1.8313092607155075,4.210383564936169e-14
26.60512818944611,-49.93881604634605,16.917481794638167,2.030764985931902,1.8317335809680593,3.368306851948935e-14
26.605607669987357,-49.94893953387729,16.917147850954795,2.030956538850572,1.832157758493537,2.5262301389617013e-14
26.606086975763283,-49.95906303011213,16.916815067616156,2.031148100642903,1.8325817931423813,5.0524602779234026e-14
26.606566106437803,-49.96918653506047,16.916483445239308,2.0313396713137495,1.8330056847650167,4.210383564936169e-14
26.607045061674533,-49.97931004873231,16.91615298444129,2.03153125086799,1.833429433211847,5.0524602779234026e-14
26.607523841136725,-49.98943357113757,16.915823685839175,2.031722839310529,1.8338530383332592,5.894536990910637e-14
26.608002444487312,-49.99955710228621,16.915495550050014,2.0319144366462916,1.8342764999796208,1.6841534259744676e-14
26.608480871388913,-50.0096806421882,16.915168577690867,2.03210604288023,1.8346998180012808,1.6841534259744676e-14
26.608959121503815,-50.0198041908535,16.91484276937878,2.0322976580173204,1.8351229922485697,3.368306851948935e-14
26.609437194493957,-50.02992774829206,16.914518125730815,2.0324892820625617,1.835546022571799,1.6841534259744676e-14
26.609915090020966,-50.040051314513875,16.91419464736404,2.032680915020978,1.8359689088212596,8.420767129872338e-15
26.610392807746123,-50.05017488952889,16.913872334895505,2.032872556897618,1.8363916508472289,2.5262301389617013e-14
26.610870347330394,-50.06029847334711,16.91355118894225,2.033064207697557,1.8368142484999612,8.420767129872338e-15
26.611347708434415,-50.070422065978505,16.913231210121353,2.0332558674258907,1.8372367016296924,1.6841534259744676e-14
26.61182489071846,-50.08054566743305,16.912912399049862,2.0334475360877406,1.8376590100866412,8.420767129872338e-15
26.6123018938425,-50.09066927772072,16.912594756344834,2.0336392136882533,1.8380811737210057,2.5262301389617013e-14
26.612778717466163,-50.10079289685152,16.91227828262333,2.0338309002326,1.8385031923829662,4.210383564936169e-14
26.61325536124875,-50.11091652483545,16.9119629785024,2.0340225957259754,1.8389250659226861,4.210383564936169e-14
26.613731824849214,-50.121040161682494,16.9116488445991,2.0342143001736,1.8393467941903052,3.368306851948935e-14
26.61420810792618,-50.13116380740266,16.91133588153049,2.0344060135807163,1.8397683770359483,8.420767129872338e-15
26.614684210137952,-50.14128746200593,16.91102408991363,2.0345977359525946,1.8401898143097193,1.6841534259744676e-14
26.615160131142474,-50.151411125502314,16.91071347036558,2.034789467294526,1.8406111058617038,1.6841534259744676e-14
26.615635870597373,-50.16153479790184,16.91040402350338,2.0349812076118305,1.8410322515419688,3.368306851948935e-14
26.616111428159922,-50.1716584792145,16.910095749944098,2.035172956909851,1.8414532512005626,0.0
26.61658680348709,-50.1817821694503,16.909788650304783,2.0353647151939525,1.8418741046875124,2.5262301389617013e-14
26.617061996235467,-50.19190586861929,16.90948272520251,2.035556482469526,1.8422948118528288,1.6841534259744676e-14
26.617537006061347,-50.202029576731476,16.909177975254313,2.03574825874199,1.8427153725465018,1.6841534259744676e-14
26.618011832620635,-50.212153293796874,16.908874401077263,2.0359400440167827,1.8431357866185027,8.420767129872338e-15
26.61848647556897,-50.222277019825526,16.90857200328841,2.0361318382993705,1.843556053918784,1.6841534259744676e-14
26.618960934561567,-50.232400754827424,16.908270782504818,2.0363236415952435,1.8439761742972776,3.368306851948935e-14
26.619435209253364,-50.24252449881265,16.907970739343533,2.036515453909917,1.8443961476038995,2.5262301389617013e-14
26.619909299298943,-50.252648251791214,16.90767187442162,2.03670727524893,1.8448159736885443,5.0524602779234026e-14
26.620383204352535,-50.26277201377318,16.907374188356133,2.0368991056178456,1.8452356524010858,3.368306851948935e-14
26.620856924068043,-50.27289578476857,16.907077681764125,2.0370909450222534,1.8456551835913815,3.368306851948935e-14
26.621330458099006,-50.283019564787416,16.906782355262656,2.0372827934677695,1.8460745671092686,8.420767129872338e-15
26.621803806098672,-50.2931433538398,16.906488209468783,2.037474650960027,1.8464938028045639,1.6841534259744676e-14
26.622276967719873,-50.30326715193576,16.906195244999566,2.037666517504694,1.8469128905270666,2.5262301389617013e-14
26.622749942615158,-50.313390959085346,16.905903462472054,2.0378583931074554,1.8473318301265553,2.5262301389617013e-14
26.623222730436726,-50.32351477529864,16.905612862503304,2.0380502777740253,1.8477506214527912,2.5262301389617013e-14
26.62369533083639,-50.33363860058566,16.905323445710383,2.0382421715101406,1.848169264355512,1.6841534259744676e-14
26.624167743465673,-50.34376243495652,16.905035212710338,2.038434074321564,1.8485877586844417,8.420767129872338e-15
26.624639967975718,-50.35388627842125,16.904748164120228,2.0386259862140843,1.8490061042892805,1.6841534259744676e-14
26.625112004017343,-50.364010130989946,16.90446230055711,2.038817907193512,1.8494243010197102,4.210383564936169e-14
26.625583851241004,-50.37413399267266,16.904177622638045,2.039009837265684,1.8498423487253923,3.368306851948935e-14
26.626055509296812,-50.38425786347949,16.90389413098008,2.0392017764364643,1.8502602472559735,2.5262301389617013e-14
26.62652697783455,-50.39438174342051,16.903611826200272,2.039393724711739,1.8506779964610753,0.0
26.626998256503636,-50.404505632505796,16.903330708915686,2.0395856820974196,1.8510955961903024,3.368306851948935e-14
26.627469344953163,-50.414629530745444,16.903050779743374,2.039777648599442,1.8515130462932383,2.5262301389617013e-14
26.627940242831833,-50.42475343814953,16.902772039300395,2.0399696242237693,1.851930346619448,2.5262301389617013e-14
26.62841094978805,-50.434877354728165,16.902494488203807,2.040161608976389,1.8523474970184788,8.420767129872338e-15
26.62888146546985,-50.44500128049144,16.902218127070658,2.040353602863313,1.8527644973398552,3.368306851948935e-14
26.629351789524883,-50.45512521544944,16.90194295651801,2.0405456058905775,1.853181347433082,8.420767129872338e-15
26.62982192160052,-50.46524915961229,16.901668977162927,2.040737618064244,1.853598047147648,2.5262301389617013e-14
26.630291861343718,-50.475373112990056,16.90139618962245,2.0409296393904013,1.854014596333018,3.368306851948935e-14
26.63076160840113,-50.48549707559288,16.90112459451365,2.0411216698751597,1.8544309948386404,3.368306851948935e-14
26.631231162419024,-50.495621047430866,16.90085419245357,2.0413137095246596,1.8548472425139415,3.368306851948935e-14
26.63170052304334,-50.50574502851414,16.900584984059275,2.04150575834506,1.8552633392083284,3.368306851948935e-14
26.632169689919643,-50.51586901885278,16.90031696994783,2.0416978163425505,1.8556792847711887,2.5262301389617013e-14
26.632638662693175,-50.52599301845693,16.900050150736273,2.0418898835233423,1.8560950790518922,3.368306851948935e-14
26.633107441008796,-50.53611702733674,16.899784527041675,2.042081959893675,1.8565107218997847,1.6841534259744676e-14
26.633576024511033,-50.54624104550229,16.899520099481084,2.0422740454598114,1.8569262131641944,0.0
26.634044412844037,-50.55636507296372,16.89925686867156,2.04246614022804,1.8573415526944306,3.368306851948935e-14
26.63451260565163,-50.56648910973117,16.898994835230166,2.042658244204673,1.8577567403397797,0.0
26.634980602577276,-50.576613155814776,16.898733999773945,2.042850357396051,1.8581717759495127,8.420767129872338e-15
26.635448403264053,-50.58673721122467,16.898474362919963,2.043042479808537,1.8585866593728757,1.6841534259744676e-14
26.635916007354734,-50.596861275971015,16.898215925285278,2.0432346114485207,1.8590013904590976,1.6841534259744676e-14
26.636383414491686,-50.606985350063916,16.89795868748694,2.043426752322417,1.859415969057387,3.368306851948935e-14
26.63685062431694,-50.61710943351355,16.897702650142012,2.043618902436666,1.8598303950169321,1.6841534259744676e-14
26.637317636472172,-50.62723352633004,16.897447813867537,2.0438110617977334,1.8602446681869014,8.420767129872338e-15
26.637784450598716,-50.63735762852357,16.897194179280593,2.0440032304121085,1.8606587884164425,2.5262301389617013e-14
26.638251066337507,-50.647481740104276,16.896941746998216,2.044195408286309,1.8610727555546838,2.5262301389617013e-14
26.63871748332916,-50.6576058610823,16.896690517637484,2.044387595426875,1.8614865694507325,4.210383564936169e-14
26.639183701213888,-50.66772999146784,16.896440491815437,2.0445797918403747,1.8619002299536764,3.368306851948935e-14
