galstreams/tracks/track.st.Hermus.grillmair2014.ecsv
# %ECSV 0.9
# ---
# datatype:
# - {name: ra, unit: deg, datatype: float64}
# - {name: dec, unit: deg, datatype: float64}
# - {name: distance, unit: kpc, datatype: float64}
# - {name: pm_ra_cosdec, unit: mas / yr, datatype: float64}
# - {name: pm_dec, unit: mas / yr, datatype: float64}
# - {name: radial_velocity, unit: km / s, datatype: float64}
# delimiter: ','
# meta: !!omap
# - __serialized_columns__:
#     dec:
#       __class__: astropy.coordinates.angles.Latitude
#       unit: &id001 !astropy.units.Unit {unit: deg}
#       value: !astropy.table.SerializedColumn {name: dec}
#     distance:
#       __class__: astropy.coordinates.distances.Distance
#       unit: !astropy.units.Unit {unit: kpc}
#       value: !astropy.table.SerializedColumn {name: distance}
#     pm_dec:
#       __class__: astropy.units.quantity.Quantity
#       unit: !astropy.units.Unit {unit: mas / yr}
#       value: !astropy.table.SerializedColumn {name: pm_dec}
#     pm_ra_cosdec:
#       __class__: astropy.units.quantity.Quantity
#       unit: !astropy.units.Unit {unit: mas / yr}
#       value: !astropy.table.SerializedColumn {name: pm_ra_cosdec}
#     ra:
#       __class__: astropy.coordinates.angles.Longitude
#       unit: *id001
#       value: !astropy.table.SerializedColumn {name: ra}
#       wrap_angle: !astropy.coordinates.Angle
#         unit: *id001
#         value: 360.0
#     radial_velocity:
#       __class__: astropy.units.quantity.Quantity
#       unit: !astropy.units.Unit {unit: km / s}
#       value: !astropy.table.SerializedColumn {name: radial_velocity}
# schema: astropy-2.0
ra,dec,distance,pm_ra_cosdec,pm_dec,radial_velocity
[from data line 4017]
247.66363794083532,45.17329166816799,17.395470275769103,0.0,0.0,0.0
247.67178170470382,45.182794119252414,17.390014973694434,0.0,0.0,0.0
247.67993338605723,45.192295516215616,17.384562514194066,0.0,0.0,0.0
247.68809299062102,45.20179585717369,17.379112942422616,0.0,0.0,0.0
247.69626052411724,45.211295140240225,17.373666303466955,0.0,0.0,0.0
247.70443599226448,45.2207933635264,17.368222642344428,0.0,0.0,0.0
247.71261940077798,45.230290525140866,17.362782004001115,0.0,0.0,0.0
247.72081075536929,45.239786623189914,17.3573444333101,0.0,0.0,0.0
247.72901006174638,45.24928165577725,17.35190997506964,0.0,0.0,0.0
247.7372173256138,45.258775621004204,17.346478674001453,0.0,0.0,0.0
247.74543255267233,45.268268516969634,17.34105057474885,0.0,0.0,0.0
247.75365574861905,45.27776034176991,17.335625721875015,0.0,0.0,0.0
247.7618869191474,45.28725109349896,17.330204159861136,0.0,0.0,0.0
247.7701260699471,45.29674077024829,17.32478593310461,0.0,0.0,0.0
247.778373206704,45.30622937010692,17.319371085917222,0.0,0.0,0.0
247.7866283351001,45.31571689116139,17.313959662523274,0.0,0.0,0.0
247.79489146081366,45.325203331495835,17.30855170705778,0.0,0.0,0.0
247.8031625895189,45.33468868919196,17.303147263564576,0.0,0.0,0.0
247.8114417268862,45.34417296232894,17.29774637599445,0.0,0.0,0.0
247.8197288785819,45.35365614898358,17.292349088203306,0.0,0.0,0.0
247.82802405026843,45.36313824723019,17.286955443950237,0.0,0.0,0.0
247.836327247604,45.3726192551407,17.28156548689562,0.0,0.0,0.0
247.84463847624275,45.38209917078449,17.276179260599246,0.0,0.0,0.0
247.85295774183487,45.391577992228626,17.270796808518387,0.0,0.0,0.0
247.86128505002623,45.40105571753765,17.265418174005866,0.0,0.0,0.0
247.86962040645844,45.41053234477366,17.260043400308124,0.0,0.0,0.0
247.87796381676895,45.42000787199639,17.254672530563255,0.0,0.0,0.0
247.8863152865909,45.429482297263064,17.249305607799084,0.0,0.0,0.0
247.8946748215531,45.43895561862853,17.243942674931173,0.0,0.0,0.0
247.90304242728,45.44842783414518,17.23858377476087,0.0,0.0,0.0
247.9114181093917,45.45789894186297,17.23322894997327,0.0,0.0,0.0
247.91980187350373,45.46736893982942,17.22787824313529,0.0,0.0,0.0
247.92819372522712,45.476837826089664,17.222531696693615,0.0,0.0,0.0
247.93659367016855,45.486305598686386,17.217189352972678,0.0,0.0,0.0
247.94500171393005,45.49577225565985,17.211851254172664,0.0,0.0,0.0
247.9534178621089,45.50523779504788,17.206517442367435,0.0,0.0,0.0
247.96184212029794,45.51470221488592,17.201187959502523,0.0,0.0,0.0
247.97027449408523,45.524165513207,17.19586284739302,0.0,0.0,0.0
247.97871498905408,45.53362768804168,17.190542147721583,0.0,0.0,0.0
247.98716361078314,45.54308873741815,17.18522590203626,0.0,0.0,0.0
247.99562036484613,45.55254865936221,17.17991415174847,0.0,0.0,0.0
248.00408525681198,45.56200745189718,17.174606938130918,0.0,0.0,0.0
248.0125582922447,45.57146511304404,17.169304302315393,0.0,0.0,0.0
248.02103947670346,45.58092164082135,17.16400628529075,0.0,0.0,0.0
248.0295288157423,45.590377033245254,17.158712927900694,0.0,0.0,0.0
248.03802631491047,45.5998312883295,17.15342427084173,0.0,0.0,0.0
248.04653197975193,45.609284404085436,17.148140354660903,0.0,0.0,0.0
248.05504581580567,45.61873637852202,17.14286121975372,0.0,0.0,0.0
248.06356782860556,45.628187209645844,17.137586906361935,0.0,0.0,0.0
248.07209802368033,45.63763689546105,17.132317454571385,0.0,0.0,0.0
248.08063640655325,45.64708543396943,17.127052904309767,0.0,0.0,0.0
248.0891829827427,45.65653282317037,17.121793295344474,0.0,0.0,0.0
248.09773775776154,45.66597906106091,17.11653866728033,0.0,0.0,0.0
248.10630073711718,45.67542414563565,17.1112890595574,0.0,0.0,0.0
248.1148719263119,45.684868074886865,17.106044511448737,0.0,0.0,0.0
248.12345133084239,45.69431084680442,17.10080506205811,0.0,0.0,0.0
248.13203895619992,45.70375245937583,17.095570750317812,0.0,0.0,0.0
248.1406348078703,45.71319291058619,17.090341614986304,0.0,0.0,0.0
248.14923889133368,45.72263219841828,17.08511769464599,0.0,0.0,0.0
248.15785121206463,45.73207032085249,17.079899027700915,0.0,0.0,0.0
248.16647177553222,45.741507275866866,17.074685652374413,0.0,0.0,0.0
248.17510058719964,45.75094306143704,17.06947760670688,0.0,0.0,0.0
248.1837376525245,45.76037767553633,17.064274928553367,0.0,0.0,0.0
248.1923829769586,45.76981111613569,17.059077655581298,0.0,0.0,0.0
248.20103656594796,45.77924338120373,17.053885825268054,0.0,0.0,0.0
248.20969842493258,45.78867446870666,17.04869947489871,0.0,0.0,0.0
248.21836855934689,45.7981043766084,17.043518641563573,0.0,0.0,0.0
248.22704697461901,45.80753310287051,17.038343362155857,0.0,0.0,0.0
248.2357336761714,45.816960645452184,17.033173673369262,0.0,0.0,0.0
248.24442866942022,45.8263870023103,17.028009611695566,0.0,0.0,0.0
248.25313195977586,45.83581217139938,17.022851213422232,0.0,0.0,0.0
248.26184355264226,45.845236150671624,17.017698514629956,0.0,0.0,0.0
248.27056345341742,45.85465893807692,17.012551551190267,0.0,0.0,0.0
248.27929166749314,45.864080531562784,17.007410358763,0.0,0.0,0.0
248.2880282002549,45.873500929074446,17.002274972793934,0.0,0.0,0.0
248.2967730570819,45.8829201285548,16.997145428512226,0.0,0.0,0.0
248.3055262433471,45.89233812794443,16.992021760927983,0.0,0.0,0.0
248.3142877644168,45.901754925181564,16.98690400482976,0.0,0.0,0.0
248.3230576256513,45.91117051820217,16.98179219478201,0.0,0.0,0.0
248.33183583240415,45.920584904939886,16.976686365122625,0.0,0.0,0.0
248.3406223900224,45.929998083326026,16.971586549960353,0.0,0.0,0.0
248.34941730384668,45.939410051289656,16.96649278317229,0.0,0.0,0.0
248.35822057921087,45.948820806757475,16.961405098401283,0.0,0.0,0.0
248.36703222144226,45.958230347653924,16.95632352905342,0.0,0.0,0.0
248.3758522358615,45.967638671901156,16.951248108295403,0.0,0.0,0.0
248.38468062778247,45.977045777419,16.946178869051973,0.0,0.0,0.0
248.39351740251217,45.98645166212504,16.941115844003342,0.0,0.0,0.0
248.40236256535096,45.995856323934554,16.93605906558249,0.0,0.0,0.0
248.41121612159225,46.00525976076055,16.93100856597264,0.0,0.0,0.0
248.42007807652234,46.01466197051374,16.925964377104552,0.0,0.0,0.0
248.42894843542092,46.02406295110261,16.92092653065389,0.0,0.0,0.0
248.43782720356037,46.03346270043332,16.915895058038593,0.0,0.0,0.0
248.4467143862062,46.04286121640981,16.910869990416135,0.0,0.0,0.0
248.4556099886167,46.05225849693376,16.90585135868089,0.0,0.0,0.0
248.46451401604307,46.06165453990454,16.90083919346143,0.0,0.0,0.0
248.4734264737293,46.07104934321932,16.89583352511778,0.0,0.0,0.0
248.4823473669121,46.08044290477299,16.890834383738714,0.0,0.0,0.0
248.491276700821,46.08983522245824,16.88584179913905,0.0,0.0,0.0
248.5002144806781,46.09922629416545,16.880855800856853,0.0,0.0,0.0
248.50916071169812,46.108616117782816,16.87587641815068,0.0,0.0,0.0
248.51811539908837,46.11800469119627,16.87090367999685,0.0,0.0,0.0
248.5270785480487,46.127392012289526,16.865937615086608,0.0,0.0,0.0
248.5360501637715,46.13677807894408,16.860978251823383,0.0,0.0,0.0
248.54503025144143,46.146162889039175,16.85602561831991,0.0,0.0,0.0
248.55401881623558,46.15554644045188,16.851079742395456,0.0,0.0,0.0
248.56301586332356,46.16492873105701,16.84614065157298,0.0,0.0,0.0
248.57202139786696,46.1743097587272,16.841208373076274,0.0,0.0,0.0
248.5810354250199,46.18368952133285,16.836282933827096,0.0,0.0,0.0
248.59005794992854,46.193068016742174,16.831364360442322,0.0,0.0,0.0
248.59908897773118,46.2024452428212,16.826452679231046,0.0,0.0,0.0
248.6081285135582,46.211821197433736,16.82154791619166,0.0,0.0,0.0
248.61717656253217,46.22119587844142,16.816650097008985,0.0,0.0,0.0
248.62623312976748,46.23056928370372,16.811759247051345,0.0,0.0,0.0
248.6352982203706,46.2399414110779,16.806875391367566,0.0,0.0,0.0
248.64437183943988,46.24931225841903,16.801998554684108,0.0,0.0,0.0
248.65345399206544,46.258681823580055,16.797128761402053,0.0,0.0,0.0
248.6625446833293,46.26805010441172,16.79226603559416,0.0,0.0,0.0
248.67164391830522,46.277417098762626,16.787410401001832,0.0,0.0,0.0
248.68075170205864,46.28678280447922,16.782561881032183,0.0,0.0,0.0
248.68986803964665,46.296147219405775,16.777720498754935,0.0,0.0,0.0
248.69899293611797,46.305510341384434,16.772886276899502,0.0,0.0,0.0
248.70812639651297,46.314872168255164,16.768059237851844,0.0,0.0,0.0
248.71726842586332,46.32423269785584,16.76323940365146,0.0,0.0,0.0
248.72641902919236,46.33359192802219,16.758426795988346,0.0,0.0,0.0
248.73557821151468,46.34294985658778,16.753621436199857,0.0,0.0,0.0
248.7447459778364,46.35230648138409,16.74882334526765,0.0,0.0,0.0
248.7539223331548,46.36166180024046,16.744032543814594,0.0,0.0,0.0
248.7631072824585,46.37101581098414,16.7392490521016,0.0,0.0,0.0
248.7723008307273,46.380368511440246,16.734472890024534,0.0,0.0,0.0
248.78150298293218,46.38971989943179,16.729704077111055,0.0,0.0,0.0
248.7907137440353,46.39906997277968,16.724942632517433,0.0,0.0,0.0
248.7999331189897,46.408418729302774,16.720188575025407,0.0,0.0,0.0
248.80916111273967,46.41776616681777,16.715441923038984,0.0,0.0,0.0
248.81839773022017,46.42711228313934,16.71070269458124,0.0,0.0,0.0
248.8276429763574,46.436457076080046,16.70597090729112,0.0,0.0,0.0
248.83689685606817,46.4458005434504,16.701246578420168,0.0,0.0,0.0
248.84615937426014,46.45514268305883,16.696529724829336,0.0,0.0,0.0
248.85543053583186,46.4644834927117,16.691820362985695,0.0,0.0,0.0
248.86471034567245,46.47382297021333,16.687118508959195,0.0,0.0,0.0
248.8739988086617,46.483161113365966,16.68242417841934,0.0,0.0,0.0
248.88329592967006,46.492497919969814,16.67773738663194,0.0,0.0,0.0
248.89260171355843,46.501833387823076,16.673058148455755,0.0,0.0,0.0
248.90191616517833,46.511167514721855,16.66838647833923,0.0,0.0,0.0
248.91123928937174,46.52050029846028,16.66372239031708,0.0,0.0,0.0
248.9205710909708,46.52983173683042,16.659065898007004,0.0,0.0,0.0
248.92991157479835,46.53916182762233,16.654417014606285,0.0,0.0,0.0
248.9392607456672,46.548490568624075,16.649775752888427,0.0,0.0,0.0
248.9486186083806,46.55781795762169,16.645142125199747,0.0,0.0,0.0
248.95798516773195,46.56714399239922,16.64051614345597,0.0,0.0,0.0
248.96736042850466,46.576468670738706,16.63589781913882,0.0,0.0,0.0
248.97674439547234,46.5857919904202,16.63128716329256,0.0,0.0,0.0
248.98613707339865,46.59511394922179,16.626684186520567,0.0,0.0,0.0
248.99553846703716,46.60443454491956,16.62208889898184,0.0,0.0,0.0
249.00494858113137,46.613753775287655,16.617501310387553,0.0,0.0,0.0
249.01436742041466,46.62307163809819,16.612921429997545,0.0,0.0,0.0
249.02379498961022,46.6323881311214,16.60834926661679,0.0,0.0,0.0
249.03323129343107,46.64170325212552,16.60378482859191,0.0,0.0,0.0
249.04267633657975,46.65101699887683,16.59922812380763,0.0,0.0,0.0
249.05213012374873,46.6603293691397,16.594679159683213,0.0,0.0,0.0
249.06159265961983,46.66964036067657,16.59013794316891,0.0,0.0,0.0
249.07106394886463,46.67894997124791,16.585604480742358,0.0,0.0,0.0
249.080543996144,46.6882581986123,16.581078778405004,0.0,0.0,0.0
249.09003280610844,46.697565040526406,16.576560841678518,0.0,0.0,0.0
249.0995303833976,46.70687049474497,16.5720506756011,0.0,0.0,0.0
249.1090367326408,46.71617455902082,16.567548284723905,0.0,0.0,0.0
249.1185518584563,46.72547723110492,16.563053673107376,0.0,0.0,0.0
249.1280757654518,46.73477850874634,16.558566844317557,0.0,0.0,0.0
249.13760845822412,46.74407838969225,16.554087801422405,0.0,0.0,0.0
249.14714994135906,46.75337687168795,16.549616546988133,0.0,0.0,0.0
249.1567002194317,46.76267395247686,16.545153083075466,0.0,0.0,0.0
249.16625929700595,46.771969629800566,16.5406974112359,0.0,0.0,0.0
249.17582717863473,46.7812639013988,16.536249532507988,0.0,0.0,0.0
249.1854038688599,46.79055676500938,16.53180944741359,0.0,0.0,0.0
249.1949893722121,46.79984821836837,16.527377155954053,0.0,0.0,0.0
249.2045836932107,46.80913825920993,16.522952657606453,0.0,0.0,0.0
249.2141868363639,46.81842688526644,16.518535951319826,0.0,0.0,0.0
249.22379880616856,46.82771409426845,16.514127035511272,0.0,0.0,0.0
249.2334196071101,46.83699988394467,16.50972590806217,0.0,0.0,0.0
249.24304924366248,46.84628425202201,16.505332566314358,0.0,0.0,0.0
249.2526877202883,46.85556719622562,16.50094700706618,0.0,0.0,0.0
249.26233504143838,46.86484871427881,16.4965692265687,0.0,0.0,0.0
249.2719912115522,46.87412880390313,16.492199220521762,0.0,0.0,0.0
249.28165623505734,46.88340746281836,16.487836984070064,0.0,0.0,0.0
249.2913301163698,46.89268468874247,16.483482511799266,0.0,0.0,0.0
249.30101285989375,46.901960479391704,16.479135797732038,0.0,0.0,0.0
249.3107044700215,46.91123483248056,16.474796835324106,0.0,0.0,0.0
249.3204049511335,46.92050774572176,16.470465617460256,0.0,0.0,0.0
249.33011430759828,46.92977921682629,16.46614213645038,0.0,0.0,0.0
249.33983254377227,46.939049243503426,16.461826384025457,0.0,0.0,0.0
249.34955966399988,46.94831782346069,16.45751835133353,0.0,0.0,0.0
249.35929567261348,46.957584954403906,16.45321802893567,0.0,0.0,0.0
249.36904057393315,46.96685063403719,16.44892540680194,0.0,0.0,0.0
249.37879437226675,46.97611486006295,16.444640474307324,0.0,0.0,0.0
249.38855707190982,46.98537763018191,16.4403632202276,0.0,0.0,0.0
249.3983286771457,46.9946389420931,16.43609363273534,0.0,0.0,0.0
249.40810919224506,47.003898793493846,16.431831699395694,0.0,0.0,0.0
249.41789862146638,47.01315718207989,16.427577407162318,0.0,0.0,0.0
249.42769696905543,47.02241410554519,16.4233307423732,0.0,0.0,0.0
249.43750423924544,47.03166956158218,16.41909169074651,0.0,0.0,0.0
249.44732043625697,47.04092354788153,16.414860237376462,0.0,0.0,0.0
249.45714556429792,47.05017606213238,16.41063636672902,0.0,0.0,0.0
249.46697962756338,47.05942710202217,16.40642006263778,0.0,0.0,0.0
249.47682263023566,47.068676665236744,16.402211308299684,0.0,0.0,0.0
249.48667457648418,47.07792474946033,16.398010086270844,0.0,0.0,0.0
249.49653547046543,47.08717135237556,16.39381637846218,0.0,0.0,0.0
249.50640531632286,47.096416471663474,16.389630166135266,0.0,0.0,0.0
249.5162841181869,47.10566010500353,16.385451429897916,0.0,0.0,0.0
249.52617188017484,47.11490225007358,16.38128014969999,0.0,0.0,0.0
249.53606860639073,47.12414290454991,16.37711630482897,0.0,0.0,0.0
249.54597430092556,47.133382066107316,16.372959873905693,0.0,0.0,0.0
249.5558889678569,47.14261973241894,16.368810834879927,0.0,0.0,0.0
249.5658126112489,47.15185590115648,16.36466916502606,0.0,0.0,0.0
249.5757452351524,47.16109056999001,16.360534840938683,0.0,0.0,0.0
249.58568684360472,47.17032373658814,16.35640783852815,0.0,0.0,0.0
249.5956374406297,47.17955539861794,16.352288133016184,0.0,0.0,0.0
249.60559703023742,47.18878555374501,16.348175698931463,0.0,0.0,0.0
249.6155656164245,47.198014199633384,16.344070510105105,0.0,0.0,0.0
249.62554320317375,47.20724133394568,16.339972539666206,0.0,0.0,0.0
249.63552979445407,47.21646695434299,16.335881760037395,0.0,0.0,0.0
249.64552539422078,47.22569105848494,16.33179814293026,0.0,0.0,0.0
249.6555300064151,47.23491364402974,16.327721659340853,0.0,0.0,0.0
249.6655436349643,47.24413470863409,16.32365227954518,0.0,0.0,0.0
249.67556628378176,47.253354249953276,16.31958997309455,0.0,0.0,0.0
249.68559795676657,47.26257226564117,16.315534708811096,0.0,0.0,0.0
249.6956386578039,47.271788753350194,16.311486454783108,0.0,0.0,0.0
249.70568839076446,47.28100371073136,16.30744517836049,0.0,0.0,0.0
249.71574715950487,47.29021713543428,16.303410846150047,0.0,0.0,0.0
249.72581496786728,47.29942902510719,16.29938342401092,0.0,0.0,0.0
249.73589181967958,47.30863937739691,16.295362877049854,0.0,0.0,0.0
249.7459777187551,47.317848189948926,16.29134916961658,0.0,0.0,0.0
249.7560726688927,47.32705546040732,16.28734226529906,0.0,0.0,0.0
249.76617667387666,47.336261186414845,16.283342126918818,0.0,0.0,0.0
249.77628973747647,47.34546536561291,16.279348716526158,0.0,0.0,0.0
249.78641186344717,47.354667995641556,16.275361995395475,0.0,0.0,0.0
249.7965430555288,47.363869074139565,16.271381924020428,0.0,0.0,0.0
249.8066833174466,47.37306859874435,16.267408462109177,0.0,0.0,0.0
