galstreams/tracks/track.st.M5.grillmair2019.ecsv
# %ECSV 0.9
# ---
# datatype:
# - {name: ra, unit: deg, datatype: float64}
# - {name: dec, unit: deg, datatype: float64}
# - {name: distance, unit: kpc, datatype: float64}
# - {name: pm_ra_cosdec, unit: mas / yr, datatype: float64}
# - {name: pm_dec, unit: mas / yr, datatype: float64}
# - {name: radial_velocity, unit: km / s, datatype: float64}
# delimiter: ','
# meta: !!omap
# - __serialized_columns__:
#     dec:
#       __class__: astropy.coordinates.angles.Latitude
#       unit: &id001 !astropy.units.Unit {unit: deg}
#       value: !astropy.table.SerializedColumn {name: dec}
#     distance:
#       __class__: astropy.coordinates.distances.Distance
#       unit: !astropy.units.Unit {unit: kpc}
#       value: !astropy.table.SerializedColumn {name: distance}
#     pm_dec:
#       __class__: astropy.units.quantity.Quantity
#       unit: !astropy.units.Unit {unit: mas / yr}
#       value: !astropy.table.SerializedColumn {name: pm_dec}
#     pm_ra_cosdec:
#       __class__: astropy.units.quantity.Quantity
#       unit: !astropy.units.Unit {unit: mas / yr}
#       value: !astropy.table.SerializedColumn {name: pm_ra_cosdec}
#     ra:
#       __class__: astropy.coordinates.angles.Longitude
#       unit: *id001
#       value: !astropy.table.SerializedColumn {name: ra}
#       wrap_angle: !astropy.coordinates.Angle
#         unit: *id001
#         value: 360.0
#     radial_velocity:
#       __class__: astropy.units.quantity.Quantity
#       unit: !astropy.units.Unit {unit: km / s}
#       value: !astropy.table.SerializedColumn {name: radial_velocity}
# schema: astropy-2.0
ra,dec,distance,pm_ra_cosdec,pm_dec,radial_velocity
[from data line 1121]
216.67627794211185,8.732640945795877,14.96995676882512,3.7546553911351706,-9.362401425314347,-3.368306851948935e-14
216.6671534363817,8.736969677820325,14.969110310565085,3.7542967477722815,-9.361650757427928,0.0
216.65802874194563,8.741298238247122,14.96826383487088,3.753937940584507,-9.3609000289976,6.73661370389787e-14
216.64890385875495,8.74562662707289,14.96741734173782,3.7535789696929065,-9.360149239997574,6.73661370389787e-14
216.63977878676107,8.749954844294242,14.966570831161206,3.753219835218541,-9.35939839040204,5.0524602779234026e-14
216.63065352591533,8.754282889907813,14.965724303136344,3.752860537282457,-9.358647480185208,0.0
216.62152807616914,8.758610763910225,14.964877757658536,3.7525010760056903,-9.357896509321282,-8.420767129872338e-14
216.61240243747392,8.762938466298102,14.964031194723097,3.7521414515092677,-9.35714547778448,1.6841534259744676e-14
216.60327660978098,8.767265997068078,14.963184614325321,3.7517816639142105,-9.356394385549011,0.0
216.59415059304175,8.771593356216785,14.962338016460517,3.7514217133415215,-9.355643232589097,-3.368306851948935e-14
216.5850243872076,8.775920543740858,14.961491401123993,3.751061599912199,-9.354892018878951,-3.368306851948935e-14
216.57589799222993,8.780247559636935,14.960644768311056,3.75070132374723,-9.35414074439281,6.73661370389787e-14
216.5667714080601,8.784574403901654,14.95979811801701,3.7503408849675934,-9.353389409104887,3.368306851948935e-14
216.55764463464953,8.788901076531658,14.958951450237157,3.7499802836942573,-9.352638012989422,3.368306851948935e-14
216.54851767194955,8.793227577523592,14.958104764966805,3.7496195200481766,-9.351886556020647,-3.368306851948935e-14
216.53939051991162,8.797553906874096,14.957258062201259,3.749258594150301,-9.3511350381728,-1.347322740779574e-13
216.53026317848713,8.801880064579827,14.956411341935826,3.7488975061215655,-9.350383459420115,-6.73661370389787e-14
216.52113564762743,8.806206050637428,14.95556460416581,3.7485362560829008,-9.349631819736842,-6.73661370389787e-14
216.51200792728395,8.810531865043558,14.954717848886519,3.748174844155222,-9.348880119097224,8.420767129872338e-14
216.50288001740805,8.814857507794867,14.953871076093249,3.7478132704594387,-9.348128357475515,1.0104920555846805e-13
216.49375191795113,8.819182978888024,14.953024285781314,3.7474515351164484,-9.347376534845958,-1.6841534259744676e-14
216.48462362886463,8.823508278319677,14.952177477946021,3.747089638247138,-9.346624651182818,0.0
216.4754951500999,8.82783340608649,14.951330652582671,3.746727579972385,-9.34587270646035,3.368306851948935e-14
216.46636648160836,8.83215836218513,14.950483809686569,3.7463653604130593,-9.345120700652812,-8.420767129872338e-14
216.45723762334146,8.836483146612263,14.949636949253023,3.746002979690016,-9.344368633734476,-3.368306851948935e-14
216.44810857525053,8.840807759364559,14.94879007127734,3.745640437924103,-9.343616505679597,6.73661370389787e-14
216.43897933728698,8.845132200438693,14.947943175754823,3.74527773523616,-9.342864316462457,-1.1789073981821273e-13
216.42984990940226,8.849456469831335,14.947096262680773,3.744914871747013,-9.342112066057323,3.368306851948935e-14
216.42072029154775,8.853780567539157,14.946249332050503,3.7445518475774815,-9.341359754438479,-3.368306851948935e-14
216.41159048367484,8.858104493558846,14.94540238385931,3.744188662848374,-9.340607381580192,-1.6841534259744676e-14
216.402460485735,8.86242824788708,14.944555418102514,3.743825317680482,-9.33985494745675,0.0
216.39333029767954,8.866751830520537,14.943708434775406,3.7434618121946,-9.339102452042441,1.6841534259744676e-14
216.38419991945995,8.871075241455909,14.942861433873299,3.7430981465115027,-9.338349895311548,-3.368306851948935e-14
216.37506935102763,8.875398480689883,14.942014415391492,3.742734320751958,-9.337597277238363,6.73661370389787e-14
216.36593859233395,8.879721548219148,14.941167379325297,3.7423703350367252,-9.33684459779718,-8.420767129872338e-14
216.3568076433304,8.884044444040395,14.940320325670015,3.7420061894865517,-9.336091856962295,1.6841534259744676e-14
216.3476765039683,8.888367168150324,14.939473254420955,3.7416418842221715,-9.335339054708005,-1.6841534259744676e-14
216.33854517419917,8.892689720545627,14.938626165573421,3.741277419364315,-9.334586191008608,6.73661370389787e-14
216.32941365397434,8.897012101223009,14.937779059122718,3.740912795033701,-9.333833265838418,-3.368306851948935e-14
216.32028194324525,8.90133431017917,14.93693193506415,3.740548011351034,-9.333080279171734,1.6841534259744676e-14
216.31115004196332,8.905656347410813,14.936084793393023,3.7401830684370116,-9.332327230982875,-5.0524602779234026e-14
216.30201795008003,8.90997821291465,14.935237634104647,3.7398179664123203,-9.33157412124614,-5.0524602779234026e-14
216.29288566754673,8.914299906687383,14.934390457194324,3.7394527053976443,-9.330820949935854,0.0
216.28375319431487,8.918621428725729,14.933543262657357,3.7390872855136394,-9.330067717026331,3.368306851948935e-14
216.27462053033582,8.9229427790264,14.932696050489055,3.7387217068809724,-9.32931442249189,-3.368306851948935e-14
216.26548767556108,8.927263957586115,14.931848820684722,3.7383559696202853,-9.328561066306857,-5.0524602779234026e-14
216.25635462994208,8.931584964401592,14.931001573239662,3.737990073852216,-9.327807648445557,8.420767129872338e-14
216.24722139343018,8.93590579946955,14.930154308149184,3.7376240196973916,-9.327054168882317,0.0
216.23808796597686,8.940226462786718,14.929307025408592,3.737257807276432,-9.32630062759147,0.0
216.22895434753354,8.94454695434982,14.928459725013191,3.736891436709936,-9.325547024547342,6.73661370389787e-14
216.2198205380516,8.948867274155583,14.927612406958284,3.7365249081185077,-9.324793359724278,0.0
216.21068653748256,8.953187422200743,14.926765071239183,3.73615822162273,-9.324039633096607,1.6841534259744676e-14
216.20155234577777,8.957507398482027,14.925917717851183,3.7357913773431823,-9.323285844638677,0.0
216.1924179628887,8.961827202996178,14.925070346789598,3.735424375400426,-9.322531994324834,1.6841534259744676e-14
216.1832833887668,8.966146835739927,14.924222958049734,3.735057215915022,-9.321778082129413,-1.6841534259744676e-14
216.1741486233635,8.970466296710025,14.923375551626894,3.7346898990075132,-9.321024108026764,0.0
216.1650136666302,8.974785585903211,14.922528127516378,3.7343224247984352,-9.320270071991244,3.368306851948935e-14
216.15587851851836,8.979104703316226,14.921680685713497,3.7339547934083193,-9.31951597399721,0.0
216.1467431789794,8.983423648945823,14.920833226213562,3.7335870049576725,-9.318761814018995,1.6841534259744676e-14
216.13760764796478,8.987742422788756,14.919985749011866,3.7332190595670087,-9.318007592030982,-8.420767129872338e-14
216.12847192542597,8.992061024841771,14.919138254103725,3.732850957356818,-9.317253308007515,0.0
216.11933601131437,8.996379455101634,14.918290741484435,3.7324826984475883,-9.316498961922964,-3.368306851948935e-14
216.11019990558142,9.000697713565096,14.917443211149312,3.7321142829597935,-9.315744553751689,5.0524602779234026e-14
216.10106360817858,9.005015800228922,14.91659566309365,3.731745711013899,-9.31499008346806,-5.0524602779234026e-14
216.0919271190573,9.009333715089864,14.915748097312767,3.7313769827303584,-9.314235551046444,-1.6841534259744676e-14
216.08279043816898,9.013651458144707,14.914900513801959,3.7310080982296174,-9.313480956461209,0.0
216.0736535654651,9.017969029390205,14.914052912556535,3.730639057632114,-9.312726299686735,5.0524602779234026e-14
216.06451650089713,9.02228642882314,14.913205293571794,3.730269861058267,-9.3119715806974,1.6841534259744676e-14
216.05537924441649,9.026603656440274,14.912357656843055,3.729900508628493,-9.311216799467573,1.347322740779574e-13
216.04624179597462,9.030920712238391,14.911510002365613,3.7295310004631963,-9.310461955971636,6.73661370389787e-14
216.037104155523,9.035237596214266,14.910662330134775,3.7291613366827705,-9.30970705018398,3.368306851948935e-14
216.02796632301303,9.039554308364684,14.909814640145848,3.728791517407601,-9.308952082078978,-1.6841534259744676e-14
216.01882829839622,9.043870848686424,14.908966932394135,3.728421542758056,-9.308197051631021,1.6841534259744676e-14
216.009690081624,9.048187217176277,14.908119206874947,3.7280514128545055,-9.3074419588145,-1.6841534259744676e-14
216.00055167264782,9.052503413831028,14.907271463583585,3.7276811278172994,-9.306686803603807,-8.420767129872338e-14
215.99141307141915,9.056819438647471,14.906423702515355,3.72731068776678,-9.305931585973326,1.6841534259744676e-14
215.9822742778894,9.061135291622396,14.905575923665559,3.7269400928232805,-9.305176305897461,-5.0524602779234026e-14
215.97313529201008,9.065450972752608,14.904728127029509,3.726569343107125,-9.304420963350607,1.6841534259744676e-14
215.96399611373263,9.069766482034893,14.903880312602512,3.726198438738624,-9.303665558307157,5.0524602779234026e-14
215.95485674300852,9.074081819466066,14.903032480379864,3.7258273798380834,-9.30291009074152,3.368306851948935e-14
215.94571717978917,9.078396985042923,14.902184630356873,3.7254561665257864,-9.302154560628098,1.347322740779574e-13
215.93657742402607,9.082711978762275,14.901336762528851,3.7250847989220253,-9.301398967941287,8.420767129872338e-14
215.92743747567064,9.08702680062093,14.900488876891098,3.724713277147066,-9.300643312655504,-3.368306851948935e-14
215.9182973346744,9.0913414506157,14.899640973438922,3.724341601321171,-9.299887594745156,-5.0524602779234026e-14
215.9091570009888,9.095655928743396,14.898793052167624,3.72396977156459,-9.29913181418465,8.420767129872338e-14
215.90001647456532,9.099970235000837,14.897945113072515,3.723597787997568,-9.2983759709484,-5.0524602779234026e-14
215.89087575535538,9.104284369384853,14.897097156148899,3.723225650740328,-9.29762006501082,1.6841534259744676e-14
215.88173484331045,9.108598331892251,14.896249181392077,3.7228533599130973,-9.296864096346333,-1.6841534259744676e-14
215.87259373838202,9.112912122519864,14.895401188797361,3.7224809156360816,-9.296108064929347,3.368306851948935e-14
215.86345244052154,9.117225741264521,14.89455317836005,3.7221083180294876,-9.295351970734286,-1.0104920555846805e-13
215.8543109496805,9.12153918812305,14.893705150075455,3.7217355672134964,-9.294595813735574,-8.420767129872338e-14
215.84516926581037,9.125852463092285,14.892857103938876,3.721362663308293,-9.293839593907636,0.0
215.8360273888626,9.130165566169055,14.892009039945627,3.720989606434043,-9.29308331122489,-3.368306851948935e-14
215.82688531878864,9.134478497350209,14.891160958091005,3.7206163967109087,-9.292326965661768,-6.73661370389787e-14
215.81774305554,9.138791256632581,14.89031285837032,3.7202430342590342,-9.291570557192696,6.73661370389787e-14
215.80860059906817,9.143103844013016,14.889464740778873,3.719869519198563,-9.290814085792112,-5.0524602779234026e-14
215.79945794932456,9.147416259488358,14.888616605311976,3.719495851649619,-9.29005755143444,6.73661370389787e-14
215.7903151062607,9.151728503055464,14.887768451964927,3.7191220317323226,-9.28930095409412,3.368306851948935e-14
215.78117206982802,9.15604057471118,14.886920280733033,3.7187480595667823,-9.288544293745584,1.6841534259744676e-14
215.77202883997805,9.160352474452356,14.88607209161161,3.7183739352730902,-9.28778757036327,8.420767129872338e-14
215.76288541666221,9.164664202275857,14.88522388459595,3.7179996589713378,-9.287030783921612,5.0524602779234026e-14
215.75374179983203,9.168975758178535,14.884375659681366,3.7176252307816,-9.28627393439506,-1.6841534259744676e-14
215.74459798943894,9.173287142157259,14.883527416863156,3.717250650823944,-9.285517021758054,-8.420767129872338e-14
215.73545398543448,9.177598354208886,14.882679156136636,3.716875919218423,-9.284760045985028,5.0524602779234026e-14
215.72630978777005,9.181909394330294,14.881830877497102,3.7165010360850874,-9.28400300705044,1.6841534259744676e-14
215.71716539639718,9.186220262518345,14.880982580939861,3.716126001543971,-9.283245904928735,1.6841534259744676e-14
215.70802081126737,9.190530958769916,14.880134266460226,3.7157508157150962,-9.28248873959435,5.0524602779234026e-14
215.69887603233204,9.194841483081877,14.879285934053497,3.71537547871848,-9.281731511021746,1.6841534259744676e-14
215.68973105954277,9.199151835451117,14.878437583714973,3.7149999906741282,-9.280974219185374,3.368306851948935e-14
215.68058589285093,9.20346201587451,14.877589215439972,3.714624351702034,-9.280216864059676,-8.420767129872338e-14
215.6714405322081,9.20777202434894,14.876740829223792,3.7142485619221786,-9.27945944561912,0.0
215.66229497756567,9.212081860871296,14.875892425061737,3.713872621454537,-9.278701963838152,-1.6841534259744676e-14
215.65314922887524,9.216391525438466,14.875044002949119,3.713496530419072,-9.277944418691236,5.0524602779234026e-14
215.6440032860882,9.220701018047341,14.874195562881239,3.7131202889357384,-9.277186810152822,-1.6841534259744676e-14
215.6348571491561,9.225010338694812,14.873347104853403,3.7127438971244784,-9.276429138197381,5.0524602779234026e-14
215.6257108180304,9.229319487377788,14.872498628860917,3.712367355105221,-9.275671402799363,1.6841534259744676e-14
215.61656429266262,9.233628464093162,14.871650134899086,3.711990662997893,-9.274913603933241,5.0524602779234026e-14
215.6074175730042,9.237937268837838,14.870801622963215,3.711613820922402,-9.274155741573468,1.6841534259744676e-14
215.59827065900663,9.242245901608719,14.869953093048608,3.711236828998648,-9.27339781569452,-3.368306851948935e-14
215.58912355062148,9.246554362402719,14.869104545150574,3.7108596873465243,-9.272639826270854,6.73661370389787e-14
215.57997624780018,9.250862651216744,14.868255979264415,3.710482396085913,-9.271881773276943,5.0524602779234026e-14
215.5708287504942,9.255170768047716,14.867407395385436,3.7101049553366807,-9.271123656687255,-8.420767129872338e-14
215.5616810586551,9.259478712892546,14.86655879350895,3.709727365218686,-9.27036547647626,3.368306851948935e-14
215.55253317223435,9.263786485748149,14.865710173630259,3.7093496258517815,-9.26960723261843,1.6841534259744676e-14
215.54338509118344,9.268094086611459,14.86486153574466,3.7089717373558044,-9.268848925088239,-1.0104920555846805e-13
215.53423681545388,9.27240151547939,14.864012879847467,3.708593699850583,-9.268090553860157,5.0524602779234026e-14
215.5250883449971,9.276708772348881,14.863164205933982,3.708215513455936,-9.267332118908662,-6.73661370389787e-14
215.5159396797647,9.281015857216856,14.862315513999514,3.70783717829167,-9.266573620208232,-6.73661370389787e-14
215.5067908197081,9.28532277008025,14.861466804039368,3.7074586944775816,-9.265815057733338,-6.73661370389787e-14
215.49764176477885,9.289629510935995,14.860618076048844,3.7070800621334614,-9.265056431458465,1.6841534259744676e-14
215.48849251492842,9.293936079781037,14.859769330023251,3.7067012813790825,-9.26429774135809,5.0524602779234026e-14
215.4793430701083,9.298242476612316,14.8589205659579,3.706322352334211,-9.263538987406688,0.0
215.47019343027006,9.302548701426776,14.858071783848088,3.7059432751186034,-9.262780169578756,6.73661370389787e-14
215.4610435953651,9.306854754221371,14.85722298368912,3.705564049852006,-9.262021287848759,3.368306851948935e-14
215.45189356534502,9.311160634993042,14.856374165476305,3.7051846766541514,-9.261262342191195,-3.368306851948935e-14
215.44274334016123,9.315466343738748,14.85552532920495,3.704805155644765,-9.260503332580535,-1.1789073981821273e-13
215.43359291976532,9.319771880455441,14.854676474870361,3.70442548694356,-9.259744258991274,-5.0524602779234026e-14
215.42444230410877,9.324077245140087,14.853827602467838,3.7040456706702405,-9.2589851213979,1.6841534259744676e-14
215.415291493143,9.328382437789642,14.852978711992689,3.7036657069445,-9.258225919774894,1.6841534259744676e-14
215.40614048681965,9.332687458401072,14.852129803440222,3.7032855958860207,-9.257466654096751,-5.0524602779234026e-14
