galstreams/tracks/track.st.NGC7492.ibata2024.ecsv
# %ECSV 1.0
# ---
# datatype:
# - {name: ra, unit: deg, datatype: float64}
# - {name: dec, unit: deg, datatype: float64}
# - {name: distance, unit: kpc, datatype: float64}
# - {name: pm_ra_cosdec, unit: mas / yr, datatype: float64}
# - {name: pm_dec, unit: mas / yr, datatype: float64}
# - {name: radial_velocity, unit: km / s, datatype: float64}
# delimiter: ','
# meta: !!omap
# - __serialized_columns__:
#     dec:
#       __class__: astropy.coordinates.angles.Latitude
#       unit: &id001 !astropy.units.Unit {unit: deg}
#       value: !astropy.table.SerializedColumn {name: dec}
#     distance:
#       __class__: astropy.coordinates.distances.Distance
#       unit: !astropy.units.Unit {unit: kpc}
#       value: !astropy.table.SerializedColumn {name: distance}
#     pm_dec:
#       __class__: astropy.units.quantity.Quantity
#       unit: !astropy.units.Unit {unit: mas / yr}
#       value: !astropy.table.SerializedColumn {name: pm_dec}
#     pm_ra_cosdec:
#       __class__: astropy.units.quantity.Quantity
#       unit: !astropy.units.Unit {unit: mas / yr}
#       value: !astropy.table.SerializedColumn {name: pm_ra_cosdec}
#     ra:
#       __class__: astropy.coordinates.angles.Longitude
#       unit: *id001
#       value: !astropy.table.SerializedColumn {name: ra}
#       wrap_angle: !astropy.coordinates.Angle
#         unit: *id001
#         value: 360.0
#     radial_velocity:
#       __class__: astropy.units.quantity.Quantity
#       unit: !astropy.units.Unit {unit: km / s}
#       value: !astropy.table.SerializedColumn {name: radial_velocity}
# schema: astropy-2.0
ra,dec,distance,pm_ra_cosdec,pm_dec,radial_velocity
[from data line 590]
349.15120109081056,-13.971384808664315,1.0,0.8779835350490686,-2.1546096992853094,1000.0000000000001
349.1580098472088,-13.964409400374752,1.0,0.8785427050572139,-2.1550739394943577,1000.0
349.1648125955512,-13.95742797885679,1.0,0.879104717862667,-2.1555535127664456,1000.0
349.17160928459134,-13.950440491136478,1.0,0.8796695856372736,-2.1560484705669936,1000.0000000000002
349.17839986308365,-13.94344688424482,1.0,0.8802373205563896,-2.1565588643607185,1000.0
349.1851842797832,-13.936447105217793,1.0,0.8808079347983764,-2.157084745611492,1000.0
349.1919624834458,-13.929441101096286,1.0,0.8813814405446578,-2.1576261657826237,1000.0
349.19873442282835,-13.922428818926122,1.0,0.8819578499793508,-2.158183176336628,1000.0000000000001
349.20550004668814,-13.915410205758018,0.9999999999999999,0.8825371752899045,-2.158755828735295,1000.0000000000001
349.2122593037836,-13.908385208647552,1.0,0.8831194286664541,-2.159344174439788,1000.0
349.2190121428738,-13.901353774655199,1.0,0.8837046223024814,-2.159948264910504,1000.0000000000001
349.2257585127189,-13.894315850846253,0.9999999999999999,0.8842927683935429,-2.160568151607201,1000.0000000000001
349.2324983620799,-13.887271384290843,1.0,0.8848838791386342,-2.161203885988968,1000.0000000000001
349.2392316397187,-13.880220322063908,1.0,0.8854779667390886,-2.161855519514191,1000.0000000000001
349.2459582943982,-13.873162611245167,1.0,0.8860750433990674,-2.162523103640652,999.9999999999999
349.25267827488227,-13.866098198919131,1.0,0.8866751213255242,-2.163206689825408,999.9999999999999
349.2593915299358,-13.859027032175051,1.0,0.8872782127279919,-2.1639063295248917,1000.0000000000001
349.26609800832483,-13.851949058106914,1.0,0.8878843298181422,-2.164622074194966,1000.0000000000001
349.2727976588163,-13.844864223813422,1.0000000000000002,0.8884934848106951,-2.165353975290799,1000.0000000000001
349.27949043017827,-13.837772476397989,1.0000000000000002,0.8891056899227792,-2.166102084266896,1000.0
349.2861762711801,-13.830673762968694,1.0000000000000002,0.8897209573735978,-2.1668664525772527,1000.0000000000002
349.2928551305922,-13.823568030638288,1.0000000000000002,0.8903392993850758,-2.1676471316751673,1000.0
349.29952695718606,-13.81645522652415,1.0000000000000002,0.8909607281814402,-2.1684441730134125,1000.0000000000001
349.30619169973454,-13.809335297748309,1.0000000000000002,0.8915852559888648,-2.1692576280440647,1000.0
349.3128493070115,-13.80220819143737,1.0000000000000002,0.8922128950364794,-2.1700875482187243,1000.0000000000001
349.3194997277924,-13.79507385472255,1.0000000000000002,0.8928436575549128,-2.1709339849883236,1000.0000000000001
349.3261429108536,-13.787932234739609,1.0,0.893477555777288,-2.1717969898033047,999.9999999999999
349.33277880497315,-13.780783278628874,1.0000000000000002,0.8941146019389237,-2.1726766141134775,1000.0000000000002
349.33940735893015,-13.773626933535196,1.0000000000000002,0.8947548082770425,-2.17357290936814,1000.0000000000001
349.34602852150516,-13.766463146607935,1.0000000000000002,0.895398187031013,-2.1744859270160077,1000.0
349.35264224148034,-13.75929186500094,1.0000000000000002,0.8960447504418383,-2.1754157185052634,1000.0000000000001
349.3592484676389,-13.75211303587253,1.0,0.8966945107531217,-2.1763623352836206,999.9999999999999
349.36584714876585,-13.744926606385482,1.0000000000000002,0.8973474802097385,-2.177325828798182,1000.0000000000001
349.3724382336474,-13.737732523707006,1.0000000000000002,0.8980036710586603,-2.1783062504955524,1000.0
349.3790216710715,-13.73053073500872,1.0000000000000002,0.8986630955489474,-2.1793036518218614,1000.0000000000001
349.38559740982754,-13.723321187466645,1.0000000000000002,0.8993257659307261,-2.1803180842226695,1000.0
349.3921653987064,-13.716103828261163,1.0000000000000002,0.8999916944567516,-2.1813495991431324,1000.0000000000002
349.3987255865008,-13.708878604577022,1.0000000000000002,0.9006608933803548,-2.1823982480278445,999.9999999999999
349.40527792200476,-13.701645463603304,1.0000000000000002,0.9013333749576873,-2.183464082320924,1000.0
349.41182235401425,-13.694404352533395,1.0000000000000002,0.9020091514453838,-2.1845471534660916,1000.0
349.41835883132666,-13.687155218564993,1.0000000000000002,0.9026882351024028,-2.185647512906513,1000.0000000000002
349.42488730274135,-13.679898008900057,1.0000000000000002,0.9033706381889388,-2.1867652120849286,1000.0000000000003
349.43140771705924,-13.672632670744813,1.0000000000000002,0.9040563729663234,-2.187900302443687,1000.0000000000002
349.4379200230831,-13.665359151309717,1.0000000000000002,0.9047454516977709,-2.189052835424569,1000.0000000000002
349.4444241696175,-13.658077397809446,1.0000000000000002,0.9054378866475972,-2.190222862469021,1000.0000000000001
349.4509201054688,-13.650787357462862,1.0000000000000002,0.9061336900814041,-2.1914104350180352,1000.0000000000002
349.4574077794452,-13.643488977493005,1.0000000000000002,0.9068328742663567,-2.19261560451222,1000.0
349.4638871403569,-13.636182205127083,1.0000000000000002,0.9075354514702951,-2.1938384223917,1000.0
349.47035813701604,-13.628866987596432,1.0000000000000002,0.908241433962587,-2.1950789400962236,1000.0
349.47682071823647,-13.62154327213649,1.0000000000000004,0.908950834013929,-2.1963372090651774,1000.0000000000002
349.4832748328342,-13.614211005986807,1.0000000000000002,0.9096636638957563,-2.197613280737528,1000.0000000000001
349.4897204296273,-13.606870136391004,1.0000000000000002,0.9103799358806413,-2.1989072065518727,1000.0000000000002
349.4961574574358,-13.599520610596741,1.0000000000000002,0.911099662241952,-2.2002190379464324,1000.0
349.5025858650817,-13.592162375855732,1.0000000000000002,0.9118228552547194,-2.2015488263590584,1000.0
349.5090056013894,-13.58479537942369,1.0000000000000002,0.912549527193832,-2.2028966232272253,999.9999999999999
349.5154166151851,-13.577419568560325,1.0000000000000002,0.9132796903361182,-2.2042624799880812,1000.0000000000003
349.52181885529734,-13.570034890529312,1.0000000000000002,0.9140133569581792,-2.205646448078504,1000.0
349.52821227055676,-13.56264129259828,1.0000000000000002,0.9147505393383923,-2.207048578934888,1000.0000000000002
349.5345968097964,-13.555238722038794,1.0000000000000002,0.9154912497548224,-2.2084689239933724,1000.0000000000001
349.54097242185145,-13.54782712612632,1.0000000000000002,0.9162355004872609,-2.209907534689833,1000.0
349.5473390555593,-13.540406452140209,1.0000000000000002,0.9169833038153286,-2.2113644624597413,1000.0000000000001
349.5536966597597,-13.532976647363697,1.0000000000000002,0.9177346720197193,-2.212839758738305,1000.0000000000001
349.5600451832949,-13.525537659083843,1.0000000000000002,0.9184896173813826,-2.214333474960455,999.9999999999999
349.5663845750093,-13.518089434591547,1.0000000000000002,0.9192481521820071,-2.2158456625607954,1000.0
349.57271478375,-13.510631921181496,1.0000000000000002,0.9200102887033736,-2.217376372973696,1000.0
349.57903575836616,-13.503165066152189,1.0000000000000002,0.9207760392281159,-2.2189256576331786,999.9999999999999
349.58534744770975,-13.495688816805869,1.0000000000000002,0.9215454160390308,-2.220493567973044,999.9999999999999
349.5916498006351,-13.48820312044851,1.0000000000000002,0.9223184314193134,-2.2220801554268803,999.9999999999999
349.59794276599905,-13.480707924389826,1.0000000000000004,0.9230950976521868,-2.223685471427949,1000.0
349.6042262926612,-13.473203175943215,1.0000000000000004,0.9238754270212084,-2.2253095674092975,1000.0
349.61050032948344,-13.465688822425758,1.0000000000000004,0.9246594318105039,-2.226952494803747,1000.0000000000002
349.6167648253306,-13.458164811158191,1.0000000000000004,0.9254471243037727,-2.2286143050438767,1000.0000000000001
349.62301972906994,-13.450631089464887,1.0000000000000004,0.9262385167852472,-2.230295049562052,1000.0
349.62926498957154,-13.443087604673824,1.0000000000000004,0.9270336215389889,-2.2319947797904405,1000.0000000000003
349.63550055570823,-13.435534304116583,1.0000000000000004,0.9278324508490741,-2.233713547160967,1000.0000000000001
349.6417263763555,-13.427971135128299,1.0000000000000007,0.9286350169996993,-2.2354514031053867,1000.0000000000003
349.6479424003918,-13.420398045047673,1.0000000000000004,0.929441332274827,-2.2372083990552625,1000.0000000000001
349.65414857669816,-13.412814981216915,1.0000000000000004,0.9302514089582488,-2.238984586441987,1000.0000000000001
349.66034485415867,-13.405221890981762,1.0000000000000004,0.9310652593339057,-2.240780016696718,1000.0
349.6665311816602,-13.39761872169141,1.0000000000000004,0.9318828956853551,-2.2425947412505423,1000.0
349.67270750809274,-13.39000542069854,1.0000000000000004,0.9327043302954436,-2.2444288115343056,999.9999999999999
349.67887378234894,-13.382381935359255,1.0000000000000004,0.933529575447622,-2.2462822789787324,999.9999999999999
349.68502995332466,-13.374748213033088,1.0000000000000004,0.9343586434242326,-2.248155195014398,1000.0000000000001
349.6911759699187,-13.367104201082963,1.0000000000000004,0.9351915465074896,-2.25004761107175,1000.0000000000001
349.69731178103285,-13.359449846875181,1.0000000000000004,0.9360282969793303,-2.2519595785811077,1000.0
349.7034373355721,-13.35178509777939,1.0000000000000004,0.9368689071209886,-2.2538911489726488,1000.0000000000001
349.7095525824446,-13.344109901168585,1.0000000000000004,0.9377133892134495,-2.255842373676444,1000.0
349.7156574705615,-13.336424204419043,1.0000000000000004,0.93856175553654,-2.257813304122479,1000.0
349.7217519488372,-13.328727954910361,1.0000000000000004,0.9394140183703286,-2.2598039917405828,1000.0000000000001
349.72783596618933,-13.321021100025371,1.0000000000000004,0.9402701899937256,-2.261814487960578,1000.0
349.7339094715388,-13.313303587150171,1.0000000000000004,0.9411302826847958,-2.2638448442120946,1000.0000000000001
349.7399724138098,-13.305575363674066,1.0000000000000004,0.9419943087212701,-2.2658951119247916,1000.0
349.7460247419298,-13.297836376989563,1.0000000000000004,0.9428622803799627,-2.267965342528221,1000.0000000000001
349.7520664048295,-13.290086574492353,1.0000000000000004,0.9437342099367001,-2.2700555874518074,999.9999999999999
349.75809735144327,-13.282325903581274,1.0000000000000004,0.9446101096666624,-2.272165898124996,1000.0000000000001
349.76411753070875,-13.274554311658303,1.0000000000000004,0.9454899918438358,-2.27429632597714,1000.0
349.7701268915669,-13.266771746128514,1.0000000000000002,0.9463738687417091,-2.2764469224376356,1000.0000000000001
349.7761253829624,-13.258978154400083,1.0000000000000004,0.9472617526323575,-2.278617738935722,1000.0000000000001
349.7821129538433,-13.251173483884253,1.0000000000000002,0.9481536557870243,-2.2808088269006817,999.9999999999997
349.7880895531613,-13.243357681995295,1.0000000000000004,0.9490495904756102,-2.2830202377617823,999.9999999999999
349.7940551298715,-13.23553069615052,1.0000000000000004,0.9499495689675825,-2.2852520229482494,1000.0000000000001
349.8000096329328,-13.227692473770226,1.0000000000000004,0.9508536035302555,-2.2875042338893365,1000.0000000000002
349.8059530113078,-13.219842962277697,1.0000000000000004,0.9517617064303323,-2.289776922014269,1000.0000000000002
349.81188521396257,-13.211982109099155,1.0000000000000004,0.9526738899332798,-2.292070138752308,1000.0
349.817806189867,-13.204109861663781,1.0000000000000004,0.9535901663031296,-2.294383935532686,1000.0000000000001
349.82371588799475,-13.196226167403635,1.0000000000000004,0.9545105478027054,-2.296718363784727,1000.0000000000002
349.8296142573233,-13.188330973753683,1.0000000000000004,0.9554350466931538,-2.2990734749377424,1000.0000000000001
349.835501246834,-13.180424228151754,1.0000000000000004,0.9563636752344138,-2.3014493204210638,1000.0
349.84137680551174,-13.172505878038518,1.0000000000000002,0.9572964456850741,-2.3038459516641225,1000.0
349.84724088234566,-13.164575870857458,1.0000000000000007,0.9582333703019188,-2.3062634200963643,1000.0
349.85309342632866,-13.15663415405487,1.0000000000000004,0.9591744613405808,-2.3087017771472915,1000.0
349.85893438645763,-13.148680675079804,1.0000000000000009,0.9601197310544975,-2.311161074246506,1000.0000000000001
349.86476371173336,-13.14071538138408,1.0000000000000004,0.9610691916962821,-2.3136413628236525,1000.0000000000001
349.87058135116087,-13.132738220422237,1.0000000000000007,0.9620228555161319,-2.3161426943084678,1000.0
349.876387253749,-13.124749139651529,1.0000000000000007,0.9629807347630646,-2.3186651201307455,1000.0000000000002
349.88218136851077,-13.116748086531892,1.0000000000000004,0.9639428416840232,-2.321208691720429,1000.0
349.8879636444634,-13.108735008525912,1.0000000000000007,0.9649091885243379,-2.3237734605075246,1000.0000000000001
349.8937340306282,-13.100709853098842,1.0000000000000007,0.9658797875272782,-2.3263594779221393,1000.0000000000001
349.8994924760307,-13.092672567718521,1.0000000000000007,0.9668546509345077,-2.3289667953945425,1000.0
349.90523892970054,-13.084623099855401,1.0000000000000004,0.9678337909855728,-2.3315954643550683,1000.0
349.9109733406717,-13.076561396982504,1.0000000000000004,0.9688172199183853,-2.334245536234185,1000.0
349.91669565798264,-13.068487406575388,1.0000000000000007,0.9698049499681574,-2.336917062462568,1000.0
349.92240583067587,-13.060401076112159,1.0000000000000007,0.9707969933688716,-2.339610094470899,1000.0
349.9281038077983,-13.052302353073404,1.0000000000000007,0.9717933623521517,-2.3423246836901725,1000.0000000000001
349.9337895384014,-13.044191184942207,1.0000000000000007,0.9727940691472057,-2.3450608815513974,1000.0
349.93946297154093,-13.036067519204106,1.0000000000000007,0.9737991259814436,-2.3478187394857954,1000.0
349.94512405627717,-13.027931303347069,1.0000000000000007,0.9748085450797177,-2.350598308924795,1000.0000000000002
349.9507727416748,-13.01978248486148,1.0000000000000007,0.9758223386651892,-2.35339964129993,1000.0
349.95640897680323,-13.011621011240113,1.0000000000000007,0.9768405189584257,-2.3562227880429703,1000.0
349.9620327107362,-13.003446829978111,1.0000000000000007,0.9778630981774086,-2.359067800585855,1000.0
349.96764389255225,-12.995259888572967,1.0000000000000007,0.978890088538229,-2.3619347303606872,1000.0000000000002
349.9732424713345,-12.987060134524485,1.0000000000000004,0.9799215022542143,-2.3648236287998046,1000.0
349.97882839617057,-12.978847515334776,1.0000000000000004,0.9809573515367447,-2.367734547335715,1000.0
349.98440161615304,-12.970621978508214,1.0000000000000007,0.9819976485940671,-2.370667537401218,999.9999999999999
349.9899620803789,-12.962383471551455,1.0000000000000007,0.9830424056326592,-2.3736226504292546,1000.0000000000001
349.99550973795033,-12.954131941973351,1.0000000000000007,0.9840916348558579,-2.376599937853001,1000.0
350.00104453797405,-12.945867337284989,1.0000000000000004,0.9851453484644566,-2.379599451105939,1000.0000000000003
350.0065664295616,-12.937589604999632,1.0000000000000007,0.9862035586569959,-2.3826212416216492,1000.0000000000001
350.0120753618293,-12.9292986926327,1.0000000000000007,0.9872662776293097,-2.3856653608340963,1000.0
350.01757128389875,-12.92099454770177,1.0000000000000007,0.9883335175740555,-2.38873186017738,999.9999999999997
350.02305414489615,-12.912677117726519,1.0000000000000007,0.9894052906814963,-2.391820791085962,1000.0
350.0285238939528,-12.904346350228726,1.0000000000000007,0.9904816091392803,-2.3949322049944755,1000.0000000000001
350.0339804802049,-12.896002192732249,1.0000000000000007,0.9915624851320572,-2.3980661533378793,1000.0000000000001
350.03942385279385,-12.887644592762976,1.0000000000000007,0.9926479308415352,-2.401222687551396,1000.0
350.04485396086596,-12.879273497848846,1.0000000000000007,0.9937379584465802,-2.404401859070475,1000.0000000000001
350.0502707535728,-12.87088885551978,1.0000000000000007,0.9948325801232585,-2.407603719330922,1000.0000000000001
350.0556741800709,-12.862490613307697,1.0000000000000009,0.9959318080446096,-2.410828319768825,1000.0000000000001
