galstreams/tracks/track.st.AAU-ATLAS.li2021.ecsv
# %ECSV 0.9
# ---
# datatype:
# - {name: ra, unit: deg, datatype: float64}
# - {name: dec, unit: deg, datatype: float64}
# - {name: distance, unit: kpc, datatype: float64}
# - {name: pm_ra_cosdec, unit: mas / yr, datatype: float64}
# - {name: pm_dec, unit: mas / yr, datatype: float64}
# - {name: radial_velocity, unit: km / s, datatype: float64}
# delimiter: ','
# meta: !!omap
# - __serialized_columns__:
#     dec:
#       __class__: astropy.coordinates.angles.Latitude
#       unit: &id001 !astropy.units.Unit {unit: deg}
#       value: !astropy.table.SerializedColumn {name: dec}
#     distance:
#       __class__: astropy.coordinates.distances.Distance
#       unit: !astropy.units.Unit {unit: kpc}
#       value: !astropy.table.SerializedColumn {name: distance}
#     pm_dec:
#       __class__: astropy.units.quantity.Quantity
#       unit: !astropy.units.Unit {unit: mas / yr}
#       value: !astropy.table.SerializedColumn {name: pm_dec}
#     pm_ra_cosdec:
#       __class__: astropy.units.quantity.Quantity
#       unit: !astropy.units.Unit {unit: mas / yr}
#       value: !astropy.table.SerializedColumn {name: pm_ra_cosdec}
#     ra:
#       __class__: astropy.coordinates.angles.Longitude
#       unit: *id001
#       value: !astropy.table.SerializedColumn {name: ra}
#       wrap_angle: !astropy.coordinates.Angle
#         unit: *id001
#         value: 360.0
#     radial_velocity:
#       __class__: astropy.units.quantity.Quantity
#       unit: !astropy.units.Unit {unit: km / s}
#       value: !astropy.table.SerializedColumn {name: radial_velocity}
# schema: astropy-2.0
ra,dec,distance,pm_ra_cosdec,pm_dec,radial_velocity
[from data line 2197]
29.25796971542706,-32.64944832116792,24.92289507615376,0.14867896335114572,-0.8214549102509121,-62.458639001863034
29.267703051732738,-32.65533160505833,24.926976919573534,0.14882790689278047,-0.8212568717739681,-62.40601094454802
29.277437103682754,-32.66121502133053,24.931060022059977,0.14897663858702342,-0.821058729126737,-62.35337083719033
29.287171871714754,-32.667098569876345,24.935144383613103,0.1491251584008823,-0.8208604823582069,-62.30071867979005
29.296907356266587,-32.672982250587594,24.93923000423291,0.14927346630136484,-0.8206621315173908,-62.248054472347064
29.306643557776162,-32.678866063356004,24.943316883919394,0.14942156225547698,-0.8204636766533272,-62.19537821486148
29.316380476681562,-32.684750008073294,24.94740502267255,0.14956944623022556,-0.8202651178150817,-62.14268990733326
29.326118113420947,-32.690634084631135,24.9514944204924,0.1497171181926149,-0.8200664550517425,-62.089989549762365
29.335856468432628,-32.69651829292113,24.955585077378917,0.14986457810965076,-0.8198676884124256,-62.03727714214888
29.345595542155053,-32.70240263283487,24.959676993332103,0.1500118259483369,-0.8196688179462712,-61.984552684492705
29.355335335026723,-32.70828710426386,24.963770168351992,0.1501588616756766,-0.819469843702445,-61.931816176793916
29.365075847486356,-32.714171707099595,24.96786460243854,0.1503056852586736,-0.8192707657301392,-61.87906761905248
29.37481707997271,-32.72005644123352,24.97196029559177,0.1504522966643299,-0.8190715840785698,-61.82630701126842
29.384559032924738,-32.725941306557004,24.97605724781168,0.1505986958596478,-0.8188722987969795,-61.773534353441725
29.394301706781455,-32.73182630296142,24.980155459098274,0.1507448828116278,-0.8186729099346359,-61.72074964557236
29.404045101982035,-32.73771143033806,24.984254929451538,0.1508908574872716,-0.8184734175408328,-61.66795288766039
29.41378921896576,-32.74359668857817,24.98835565887148,0.15103661985357897,-0.8182738216648885,-61.61514407970577
29.42353405817204,-32.74948207757298,24.99245764735811,0.15118216987754957,-0.8180741223561472,-61.56232322170851
29.433279620040416,-32.755367597213656,24.99656089491141,0.15132750752618257,-0.8178743196639784,-61.5094903136686
29.44302590501054,-32.76125324739131,25.000665401531386,0.15147263276647677,-0.817674413637778,-61.456645355586076
29.452772913522185,-32.76713902799702,25.004771167218056,0.15161754556542967,-0.8174744043269662,-61.40378834746087
29.462520646015275,-32.773024938921814,25.008878191971384,0.15176224589003984,-0.8172742917809894,-61.35091928929305
29.47226910292981,-32.77891098005667,25.012986475791404,0.151906733707303,-0.8170740760493196,-61.29803818108259
29.48201828470596,-32.78479715129256,25.0170960186781,0.1520510089842167,-0.8168737571814537,-61.24514502282949
29.49176819178399,-32.79068345252034,25.021206820631466,0.15219507168777657,-0.816673335226915,-61.19223981453373
29.50151882460429,-32.79656988363087,25.02531888165153,0.1523389217849776,-0.816472810235251,-61.139322556195395
29.511270183607397,-32.802456444514974,25.029432201738253,0.15248255924281584,-0.816272182256037,-61.08639324781434
29.52102226923393,-32.80834313506338,25.03354678089166,0.15262598402828492,-0.8160714513388715,-61.03345188939069
29.530775081924688,-32.81422995516682,25.037662619111742,0.1527691961083789,-0.8158706175333804,-60.980498480924375
29.540528622120537,-32.820116904715945,25.041779716398512,0.152912195450092,-0.8156696808892134,-60.92753302241546
29.55028289026252,-32.82600398360138,25.04589807275196,0.15305498202041634,-0.8154686414560475,-60.87455551386387
29.56003788679174,-32.83189119171371,25.05001768817208,0.15319755578634542,-0.8152674992835842,-60.82156595526967
29.56979361214949,-32.83777852894345,25.054138562658878,0.15333991671487085,-0.8150662544215512,-60.76856434663282
29.579550066777145,-32.8436659951811,25.058260696212358,0.15348206477298432,-0.8148649069197014,-60.715550687953325
29.589307251116217,-32.849553590317065,25.062384088832516,0.15362399992767733,-0.8146634568278133,-60.662524979231186
29.599065165608337,-32.855441314241766,25.066508740519353,0.15376572214594003,-0.8144619041956915,-60.60948722046643
29.608823810695267,-32.861329166845536,25.070634651272865,0.1539072313947632,-0.8142602490731659,-60.55643741165903
29.61858318681889,-32.86721714801869,25.074761821093055,0.1540485276411369,-0.8140584915100917,-60.50337555280893
29.628343294421214,-32.87310525765145,25.078890249979924,0.15418961085204985,-0.8138566315563505,-60.45030164391625
29.638104133944363,-32.87899349563405,25.08301993793348,0.15433048099449198,-0.8136546692618489,-60.397215684980935
29.647865705830604,-32.884881861856634,25.087150884953704,0.1544711380354512,-0.8134526046765195,-60.344117676002966
29.657628010522316,-32.89077035620933,25.09128309104061,0.15461158194191627,-0.8132504378503207,-60.29100761698234
29.66739104846199,-32.8966589785822,25.095416556194195,0.15475181268087423,-0.813048168833236,-60.23788550791912
29.67715482009227,-32.902547728865265,25.099551280414456,0.15489183021931313,-0.8128457976752748,-60.184751348813236
29.68691932585589,-32.908436606948506,25.1036872637014,0.15503163452421942,-0.812643324426473,-60.13160513966468
29.696684566195746,-32.91432561272184,25.107824506055024,0.15517122556257995,-0.8124407491368908,-60.07844688047351
29.706450541554833,-32.92021474607517,25.11196300747532,0.15531060330138108,-0.8122380718566156,-60.025276571239736
29.716217252376275,-32.92610400689832,25.1161027679623,0.1554497677076085,-0.8120352926357586,-59.972094211963274
29.72598469910333,-32.931993395081086,25.120243787515946,0.1555887187482473,-0.8118324115244593,-59.918899802644184
29.735752882179362,-32.93788291051321,25.124386066136285,0.15572745639028301,-0.8116294285728802,-59.86569334328245
29.74552180204788,-32.94377255308439,25.128529603823292,0.15586598060070017,-0.8114263438312117,-59.81247483387808
29.755291459152506,-32.949662322684276,25.132674400576985,0.15600429134648297,-0.8112231573496684,-59.759244274431076
29.76506185393698,-32.95555221920247,25.136820456397356,0.1561423885946155,-0.8110198691784917,-59.706001664941454
29.7748329868452,-32.961442242528534,25.1409677712844,0.15628027231208125,-0.8108164793679484,-59.652747005409175
29.784604858321142,-32.96733239255198,25.14511634523813,0.1564179424658637,-0.8106129879683308,-59.59948029583424
29.794377468808946,-32.97322266916227,25.149266178258532,0.15655539902294602,-0.8104093950299573,-59.54620153621672
29.80415081875286,-32.97911307224883,25.153417270345614,0.15669264195031024,-0.8102057006031724,-59.4929107265565
29.813924908597258,-32.98500360170103,25.15756962149937,0.15682967121493918,-0.8100019047383455,-59.43960786685364
29.82369973878662,-32.99089425740817,25.16172323171982,0.1569664867838143,-0.8097980074858719,-59.386292957108196
29.833475309765603,-32.99678503925957,25.165878101006932,0.1571030886239177,-0.809594008896174,-59.332965997320045
29.843251621978936,-33.002675947144425,25.170034229360727,0.15723947670223087,-0.8093899090196985,-59.27962698748932
29.853028675871496,-33.00856698095193,25.1741916167812,0.1573756509857343,-0.8091857079069187,-59.22627592761593
29.862806471888277,-33.014458140571236,25.178350263268356,0.15751161144140863,-0.8089814056083332,-59.172912817699874
29.872585010474424,-33.020349425891425,25.182510168822187,0.15764735803623514,-0.8087770021744675,-59.11953765774121
29.882364292075177,-33.02624083680153,25.186671333442696,0.15778289073719337,-0.8085724976558715,-59.06615044773991
29.89214431713591,-33.03213237319054,25.19083375712988,0.157918209511263,-0.8083678921031221,-59.01275118769596
29.901925086102125,-33.03802403494743,25.19499743988376,0.15805331432542413,-0.808163185566821,-58.95933987760936
29.911706599419446,-33.04391582196109,25.1991623817043,0.15818820514665588,-0.8079583780975973,-58.90591651748013
29.92148885753365,-33.04980773412038,25.20332858259152,0.15832288194193755,-0.8077534697461043,-58.852481107308286
29.93127186089059,-33.055699771314096,25.20749604254542,0.1584573446782478,-0.8075484605630223,-58.799033647093744
29.941055609936264,-33.06159193343099,25.211664761566006,0.15859159332256467,-0.807343350599057,-58.745574136836616
29.950840105116832,-33.06748422035981,25.21583473965326,0.15872562784186717,-0.8071381399049401,-58.692102576536804
29.960625346878523,-33.07337663198919,25.220005976807194,0.15885944820313289,-0.806932828531429,-58.63861896619437
29.970411335667723,-33.07926916820776,25.224178473027816,0.15899305437333985,-0.8067274165293076,-58.58512330580933
29.980198071930953,-33.085161828904084,25.228352228315106,0.1591264463194658,-0.8065219039493854,-58.53161559538163
29.989985556114824,-33.0910546139667,25.23252724266908,0.1592596240084877,-0.8063162908424977,-58.478095834911315
29.99977378866612,-33.09694752328407,25.236703516089737,0.15939258740738288,-0.8061105772595051,-58.424564024398286
30.0095627700317,-33.102840556744624,25.240881048577062,0.15952533648312803,-0.805904763251296,-58.371020163842694
30.0193525006586,-33.10873371423675,25.245059840131066,0.15965787120270045,-0.8056988488687831,-58.3174642532444
30.029142980993925,-33.114626995648784,25.24923989075176,0.15979019153307614,-0.8054928341629051,-58.263896292603526
30.03893421148499,-33.12052040086899,25.253421200439117,0.15992229744123154,-0.8052867191846279,-58.21031628191998
30.04872619257912,-33.126413929785635,25.257603769193164,0.16005418889414272,-0.8050805039849422,-58.1567242211938
30.05851892472387,-33.132307582286884,25.261787597013882,0.16018586585878566,-0.8048741886148649,-58.103120110425
30.068312408366882,-33.13820135826091,25.265972683901282,0.16031732830213616,-0.8046677731254397,-58.04950394961353
30.07810664395592,-33.14409525759578,25.270159029855364,0.16044857619116956,-0.8044612575677348,-57.995875738759416
30.087901631938863,-33.14998928017955,25.27434663487612,0.16057960949286146,-0.804254641992846,-57.94223547786268
30.097697372763744,-33.15588342590022,25.278535498963556,0.16071042817418701,-0.8040479264518943,-57.88858316692331
30.10749386687871,-33.16177769464574,25.28272562211767,0.16084103220212145,-0.8038411109960264,-57.83491880594131
30.117291114732033,-33.16767208630401,25.286917004338463,0.16097142154363925,-0.8036341956764159,-57.78124239491664
30.127089116772105,-33.1735666007629,25.291109645625934,0.16110159616571537,-0.8034271805442614,-57.727553933849364
30.13688787344747,-33.17946123791021,25.295303545980076,0.16123155603532494,-0.8032200656507886,-57.67385342273941
30.14668738520678,-33.18535599763369,25.299498705400904,0.1613613011194421,-0.803012851047249,-57.620140861586876
30.156487652498786,-33.19125087982106,25.303695123888417,0.16149083138504053,-0.802805536784919,-57.56641625039164
30.16628867577243,-33.19714588436,25.3078928014426,0.16162014679909514,-0.8025981229151027,-57.512679589153784
30.176090455476718,-33.20304101113809,25.312091738063454,0.16174924732858018,-0.8023906094891298,-57.45893087787329
30.18589299206085,-33.208936260042925,25.316291933751,0.16187813294046963,-0.8021829965583551,-57.405170116550174
30.195696285974055,-33.214831630962,25.32049338850522,0.16200680360173672,-0.8019752841741606,-57.35139730518441
30.205500337665796,-33.22072712378281,25.324696102326122,0.16213525927935568,-0.801767472387954,-57.29761244377602
30.215305147585592,-33.226622738392756,25.328900075213696,0.1622634999403004,-0.8015595612511695,-57.24381553232498
30.225110716183124,-33.232518474679225,25.333105307167948,0.16239152555154412,-0.8013515508152669,-57.19000657083127
30.234917043908172,-33.23841433252955,25.337311798188882,0.16251933608006058,-0.8011434411317322,-57.13618555929498
30.24472413121067,-33.244310311831,25.341519548276498,0.16264693149282297,-0.8009352322520772,-57.08235249771597
30.25453197854066,-33.250206412470796,25.345728557430785,0.16277431175680487,-0.8007269242278412,-57.0285073860944
30.26434058634832,-33.25610263433612,25.34993882565175,0.1629014768389793,-0.800518517110588,-56.97465022443016
30.274149955083963,-33.261998977314114,25.354150352939396,0.16302842670631965,-0.8003100109519083,-56.92078101272326
30.283960085197997,-33.26789544129185,25.358363139293722,0.16315516132579883,-0.8001014058034193,-56.866899750973744
30.293770977140998,-33.273792026156364,25.362577184714734,0.16328168066439025,-0.7998927017167636,-56.81300643918162
30.30358263136366,-33.279688731794664,25.366792489202414,0.16340798468906706,-0.7996838987436106,-56.7591010773468
30.313395048316778,-33.28558555809366,25.371009052756772,0.16353407336680162,-0.7994749969356562,-56.70518366546936
30.3232082284513,-33.29148250494024,25.37522687537781,0.16365994666456765,-0.7992659963446207,-56.65125420354928
30.3330221722183,-33.29737957222126,25.379445957065528,0.16378560454933766,-0.799056897022253,-56.59731269158658
30.342836880068973,-33.303276759823504,25.38366629781993,0.16391104698808479,-0.7988476990203266,-56.543359129581226
30.352652352454626,-33.309174067633705,25.387887897641,0.16403627394778164,-0.7986384023906419,-56.48939351753324
30.36246858982673,-33.315071495538575,25.39211075652875,0.16416128539540145,-0.7984290071850253,-56.435415855442606
30.372285592636846,-33.320969043424746,25.396334874483184,0.16428608129791683,-0.798219513455329,-56.38142614330931
30.382103361336704,-33.32686671117883,25.40056025150429,0.16441066162230084,-0.7980099212534326,-56.32742438113337
30.39192189637811,-33.33276449868733,25.40478688759208,0.16453502633552605,-0.7978002306312408,-56.27341056891489
30.401741198213056,-33.3386624058368,25.40901478274655,0.16465917540456593,-0.7975904416406856,-56.21938470665368
30.411561267293607,-33.344560432513646,25.413243936967692,0.16478310879639285,-0.7973805543337242,-56.16534679434989
30.421382104072002,-33.3504585786043,25.417474350255514,0.16490682647798005,-0.7971705687623404,-56.111296832003376
30.431203709000567,-33.356356843995066,25.42170602261002,0.1650303284163001,-0.7969604849785445,-56.057234819614294
30.4410260825318,-33.3622552285723,25.425938954031203,0.16515361457832628,-0.7967503030343734,-56.00316075718251
30.45084922511828,-33.36815373222222,25.430173144519056,0.16527668493103184,-0.7965400229818902,-55.94907464470816
30.460673137212737,-33.37405235483102,25.4344085940736,0.1653995394413892,-0.7963296448731834,-55.89497648219116
30.47049781926806,-33.37995109628489,25.438645302694813,0.16552217807637246,-0.7961191687603688,-55.84086626963148
30.480323271737202,-33.38584995646991,25.442883270382705,0.16564460080295362,-0.7959085946955882,-55.78674400702919
30.4901494950733,-33.39174893527213,25.447122497137276,0.16576680758810663,-0.7956979227310097,-55.73260969438425
30.49997648972959,-33.39764803257757,25.451362982958525,0.1658887983988044,-0.7954871529188274,-55.678463331696676
30.50980425615945,-33.403547248272176,25.455604727846456,0.16601057320202112,-0.7952762853112627,-55.62430491896645
30.519632794816363,-33.409446582241856,25.459847731801062,0.16613213196472928,-0.7950653199605628,-55.5701344561936
30.52946210615397,-33.415346034372476,25.464091994822358,0.16625347465390256,-0.7948542569190008,-55.51595194337809
30.539292190626032,-33.42124560454983,25.468337516910317,0.166374601236515,-0.7946430962388771,-55.461757380519956
30.54912304868643,-33.427145292659674,25.472584298064955,0.16649551167954002,-0.7944318379725175,-55.40755076761917
30.558954680789174,-33.433045098587726,25.476832338286282,0.16661620594995136,-0.7942204821722748,-55.353332104675786
30.568787087388426,-33.43894502221965,25.481081637574277,0.16673668401472327,-0.7940090288905286,-55.29910139168972
30.57862026893843,-33.444845063441036,25.485332195928954,0.16685694584082955,-0.7937974781796839,-55.244858628661014
30.588454225893603,-33.45074522213745,25.489584013350317,0.16697699139524444,-0.793585830092173,-55.19060381558971
30.598288958708483,-33.456645498194405,25.49383708983835,0.1670968206449421,-0.7933740846804538,-55.136336952475745
