galstreams/tracks/track.st.C-9.ibata2024.ecsv
# %ECSV 1.0
# ---
# datatype:
# - {name: ra, unit: deg, datatype: float64}
# - {name: dec, unit: deg, datatype: float64}
# - {name: distance, unit: kpc, datatype: float64}
# - {name: pm_ra_cosdec, unit: mas / yr, datatype: float64}
# - {name: pm_dec, unit: mas / yr, datatype: float64}
# - {name: radial_velocity, unit: km / s, datatype: float64}
# delimiter: ','
# meta: !!omap
# - __serialized_columns__:
#     dec:
#       __class__: astropy.coordinates.angles.Latitude
#       unit: &id001 !astropy.units.Unit {unit: deg}
#       value: !astropy.table.SerializedColumn {name: dec}
#     distance:
#       __class__: astropy.coordinates.distances.Distance
#       unit: !astropy.units.Unit {unit: kpc}
#       value: !astropy.table.SerializedColumn {name: distance}
#     pm_dec:
#       __class__: astropy.units.quantity.Quantity
#       unit: !astropy.units.Unit {unit: mas / yr}
#       value: !astropy.table.SerializedColumn {name: pm_dec}
#     pm_ra_cosdec:
#       __class__: astropy.units.quantity.Quantity
#       unit: !astropy.units.Unit {unit: mas / yr}
#       value: !astropy.table.SerializedColumn {name: pm_ra_cosdec}
#     ra:
#       __class__: astropy.coordinates.angles.Longitude
#       unit: *id001
#       value: !astropy.table.SerializedColumn {name: ra}
#       wrap_angle: !astropy.coordinates.Angle
#         unit: *id001
#         value: 360.0
#     radial_velocity:
#       __class__: astropy.units.quantity.Quantity
#       unit: !astropy.units.Unit {unit: km / s}
#       value: !astropy.table.SerializedColumn {name: radial_velocity}
# schema: astropy-2.0
ra,dec,distance,pm_ra_cosdec,pm_dec,radial_velocity
[from data line 285]
145.25491319938482,25.39025712744784,0.9999999999999993,-7.636980597719996,-8.581822479465735,21.638966560255025
145.25558155253367,25.36929873459971,0.9999999999999994,-7.636398433290751,-8.579840527066274,21.737291700259174
145.25627027735956,25.34837517179784,0.9999999999999993,-7.635820621571529,-8.57785758173046,21.83542815174223
145.25697934562194,25.32748641235559,0.9999999999999993,-7.635247154088761,-8.575873647862087,21.933376064740802
145.25770872916303,25.306632429572275,0.9999999999999994,-7.6346780223878365,-8.5738887298463,22.031135589291498
145.2584583999076,25.28581319673317,0.9999999999999993,-7.6341132180330415,-8.571902832049682,22.128706875430854
145.25922832986245,25.26502868710957,0.9999999999999996,-7.633552732607475,-8.56991595882031,22.22609007319549
145.2600184911162,25.244278873958923,0.9999999999999994,-7.632996557713012,-8.567928114487865,22.32328533262195
145.26082885583878,25.223563730524827,0.9999999999999997,-7.632444684970208,-8.565939303363695,22.4202928037468
145.26165939628106,25.20288323003716,0.9999999999999994,-7.63189710601827,-8.56394952974092,22.517112636606655
145.26251008477453,25.182237345712075,0.9999999999999993,-7.631353812514956,-8.561958797894487,22.613744981238085
145.26338089373093,25.16162605075218,0.9999999999999993,-7.630814796136526,-8.559967112081265,22.710189987677655
145.26427179564186,25.141049318346486,0.9999999999999994,-7.6302800485776965,-8.557974476540121,22.806447805961966
145.26518276307846,25.120507121670588,0.9999999999999994,-7.629749561551556,-8.55598089549201,22.902518586127552
145.26611376869084,25.099999433886648,0.9999999999999992,-7.629223326789495,-8.55398637314004,22.998402478211048
145.2670647852081,25.079526228143507,0.9999999999999994,-7.6287013360411695,-8.551990913669558,23.094099632248998
145.26803578543758,25.059087477576742,0.9999999999999994,-7.628183581074415,-8.549994521248232,23.189610198277972
145.2690267422647,25.038683155308735,0.9999999999999994,-7.627670053675196,-8.547997200026128,23.284934326334586
145.27003762865263,25.01831323444875,0.9999999999999994,-7.627160745647544,-8.545998954135786,23.380072166455392
145.27106841764177,24.997977688093,0.9999999999999994,-7.62665564881349,-8.543999787692304,23.47502386867697
145.27211908234952,24.977676489324676,0.9999999999999996,-7.626154755012999,-8.541999704793387,23.569789583035934
145.27318959596997,24.957409611214064,0.9999999999999994,-7.62565805610393,-8.539998709519478,23.66436945956879
145.27427993177338,24.937177026818606,0.9999999999999993,-7.625165543961953,-8.537996805933789,23.75876364831219
145.275390063106,24.916978709182924,0.9999999999999993,-7.624677210480487,-8.535993998082386,23.852972299302643
145.27651996338955,24.896814631338902,0.9999999999999994,-7.624193047570661,-8.533990289994277,23.946995562576813
145.27766960612098,24.876684766305857,0.9999999999999994,-7.623713047161227,-8.531985685681493,24.040833588171207
145.2788389648722,24.856589087090413,0.9999999999999992,-7.62323720119853,-8.529980189139133,24.1344865261224
145.2800280132895,24.836527566686694,0.9999999999999993,-7.6227655016464055,-8.527973804345459,24.227954526467023
145.2812367250935,24.816500178076375,0.9999999999999994,-7.622297940486169,-8.525966535261986,24.32123773924165
145.28246507407854,24.796506894228706,0.9999999999999994,-7.621834509716527,-8.523958385833517,24.41433631448282
145.28371303411254,24.77654768810065,0.9999999999999993,-7.621375201353519,-8.521949359988252,24.50725040222714
145.28498057913652,24.756622532636836,0.9999999999999994,-7.620920007430464,-8.519939461637843,24.59998015251117
145.28626768316425,24.73673140076974,0.9999999999999993,-7.620468919997899,-8.51792869467747,24.69252571537152
145.2875743202822,24.716874265419676,0.9999999999999993,-7.62002193112353,-8.51591706298592,24.78488724084473
145.28890046464878,24.697051099494857,0.9999999999999994,-7.619579032892158,-8.51390457042565,24.877064878967403
145.2902460904943,24.67726187589152,0.9999999999999992,-7.619140217405631,-8.511891220842859,24.969058779776102
145.29161117212053,24.657506567493922,0.9999999999999994,-7.618705476782788,-8.509877018067574,25.060869093307417
145.29299568390041,24.63778514717443,0.9999999999999993,-7.618274803159393,-8.507861965913705,25.152495969597933
145.29439960027773,24.6180975877936,0.9999999999999993,-7.617848188688085,-8.505846068179121,25.24393955868421
145.29582289576672,24.598443862200202,0.9999999999999993,-7.6174256255383135,-8.503829328645722,25.335200010602815
145.29726554495184,24.578823943231306,0.9999999999999994,-7.617007105896292,-8.501811751079513,25.426277475390396
145.29872752248733,24.55923780371234,0.9999999999999993,-7.6165926219649265,-8.49979333923066,25.51717210308345
145.300208803097,24.539685416457154,0.9999999999999993,-7.616182165963775,-8.497774096833574,25.607884043718595
145.3017093615739,24.520166754268068,0.9999999999999994,-7.615775730128982,-8.495754027606969,25.698413447332403
145.30322917277985,24.50068178993595,0.9999999999999993,-7.6153733067132245,-8.49373313525395,25.788760463961466
145.30476821164538,24.48123049624026,0.9999999999999993,-7.614974887985654,-8.491711423462053,25.878925243642332
145.3063264531691,24.46181284594914,0.9999999999999994,-7.61458046623184,-8.489688895903338,25.96890793641161
145.30790387241782,24.442428811819372,0.9999999999999994,-7.614190033753737,-8.487665556234433,26.058708692305864
145.30950044452558,24.423078366596663,0.9999999999999994,-7.61380358286957,-8.48564140809664,26.148327661361687
145.311116144694,24.40376148301543,0.9999999999999994,-7.613421105913861,-8.483616455115946,26.237764993615603
145.3127509481917,24.38447813379904,0.9999999999999994,-7.613042595237306,-8.48159070090315,26.32702083910428
145.3144048303538,24.365228291659818,0.9999999999999996,-7.612668043206753,-8.479564149053882,26.416095347864232
145.316077766582,24.346011929299095,0.9999999999999994,-7.612297442205154,-8.477536803148695,26.504988669932025
145.3177697323439,24.326829019407274,0.9999999999999994,-7.6119307846314745,-8.47550866675312,26.593700955344303
145.3194807031729,24.3076795346639,0.9999999999999993,-7.611568062900681,-8.473479743417741,26.68223235413763
145.32121065466794,24.288563447737705,0.9999999999999994,-7.611209269443662,-8.471450036678247,26.77058301634854
145.32295956249305,24.26948073128667,0.9999999999999994,-7.610854396707194,-8.469419550055509,26.858753092013607
145.32472740237705,24.250431357958067,0.9999999999999994,-7.610503437153854,-8.46738828705564,26.94674273116949
145.3265141501134,24.231415300388562,0.9999999999999997,-7.610156383262009,-8.465356251170057,27.034552083852674
145.32831978155974,24.212432531204218,0.9999999999999994,-7.609813227525732,-8.463323445875549,27.122181300099804
145.33014427263774,24.193483023020583,0.9999999999999996,-7.609473962454763,-8.461289874634335,27.20963052994743
145.33198759933262,24.174566748442732,0.9999999999999996,-7.609138580574455,-8.459255540894137,27.296899923432115
145.33384973769301,24.155683680065334,0.9999999999999996,-7.608807074425715,-8.457220448088233,27.383989630590477
145.33573066383062,24.136833790472703,0.9999999999999996,-7.608479436564963,-8.455184599635526,27.470899801459076
145.33763035391988,24.118017052238855,0.9999999999999996,-7.608155659564066,-8.4531479989406,27.557630586074485
145.33954878419772,24.09923343792757,0.9999999999999996,-7.6078357360103075,-8.451110649393797,27.644182134473297
145.34148593096327,24.08048292009242,0.9999999999999994,-7.607519658506308,-8.449072554371257,27.730554596692077
145.34344177057756,24.06176547127687,0.9999999999999996,-7.6072074196699955,-8.44703371723499,27.81674812276741
145.34541627946317,24.043081064014295,0.9999999999999992,-7.606899012134554,-8.444994141332954,27.90276286273585
145.34740943410407,24.02442967082805,0.9999999999999994,-7.60659442854835,-8.44295382999908,27.988598966634008
145.34942121104527,24.005811264231475,0.9999999999999997,-7.606293661574916,-8.440912786553362,28.074256584498464
145.35145158689238,23.987225816728113,0.9999999999999994,-7.605996703892864,-8.438871014301924,28.159735866365793
145.3535005383117,23.968673300811542,0.9999999999999996,-7.605703548195862,-8.436828516537036,28.245036962272533
145.35556804202955,23.950153688965575,0.9999999999999994,-7.605414187192579,-8.434785296537218,28.330160022255313
145.35765407483225,23.931666953664255,0.9999999999999994,-7.605128613606626,-8.432741357567286,28.415105196350705
145.3597586135657,23.913213067371935,0.9999999999999997,-7.604846820176501,-8.430696702878395,28.499872634595295
145.36188163513518,23.89479200254333,0.9999999999999994,-7.604568799655575,-8.428651335708135,28.584462487025597
145.364023116505,23.876403731623537,0.9999999999999997,-7.604294544811989,-8.426605259280539,28.668874903678258
145.36618303469822,23.85804822704816,0.9999999999999996,-7.604024048428643,-8.424558476806194,28.753110034589834
145.3683613667966,23.83972546124326,0.9999999999999997,-7.603757303303146,-8.422510991482255,28.83716802979689
145.37055808993998,23.821435406625483,0.9999999999999994,-7.60349430224775,-8.42046280649254,28.921049039336037
145.37277318132618,23.80317803560211,0.9999999999999996,-7.603235038089303,-8.418413925007556,29.004753213243834
145.37500661821082,23.784953320571073,0.9999999999999994,-7.602979503669219,-8.416364350184573,29.088280701556833
145.37725837790683,23.76676123392102,0.9999999999999994,-7.602727691843407,-8.414314085167687,29.1716316543117
145.37952843778442,23.748601748031376,0.9999999999999996,-7.602479595482238,-8.412263133087851,29.254806221544904
145.38181677527066,23.730474835272403,0.9999999999999994,-7.6022352074705015,-8.41021149706297,29.33780455329309
145.38412336784918,23.712380468005207,0.9999999999999994,-7.601994520707328,-8.408159180197913,29.420626799592807
145.38644819306003,23.69431861858184,0.9999999999999994,-7.60175752810618,-8.406106185584612,29.503273110480677
145.3887912284994,23.676289259345324,0.9999999999999994,-7.601524222594777,-8.40405251630208,29.585743635993207
145.39115245181924,23.658292362629705,0.9999999999999994,-7.601294597115059,-8.401998175416505,29.66803852616706
145.39353184072712,23.6403279007601,0.9999999999999996,-7.601068644623151,-8.399943165981258,29.750157931038757
145.39592937298588,23.62239584605276,0.9999999999999994,-7.600846358089287,-8.397887491037,29.832102000644873
145.39834502641344,23.60449617081511,0.9999999999999996,-7.600627730497779,-8.395831153611692,29.913870885022025
145.40077877888262,23.586628847345764,0.9999999999999994,-7.600412754846994,-8.393774156720674,29.995464734206763
145.40323060832054,23.568793847934703,0.9999999999999994,-7.600201424149257,-8.391716503366723,30.076883698235687
145.40570049270877,23.55099114486314,0.9999999999999996,-7.59999373143085,-8.38965819654008,30.158127927145358
145.4081884100829,23.5332207104037,0.9999999999999996,-7.599789669731943,-8.387599239218535,30.23919757097235
145.41069433853218,23.515482516820413,0.9999999999999994,-7.599589232106558,-8.385539634367465,30.320092779753267
145.41321825619957,23.49777653636879,0.9999999999999996,-7.5993924116225156,-8.383479384939877,30.400813703524673
145.4157601412811,23.480102741295863,0.9999999999999996,-7.599199201361397,-8.381418493876492,30.481360492323127
145.41831997202598,23.462461103840223,0.9999999999999994,-7.599009594418496,-8.379356964105757,30.56173329618524
145.42089772673603,23.44485159623207,0.9999999999999994,-7.59882358390276,-8.377294798543936,30.64193226514756
145.42349338376565,23.427274190693282,0.9999999999999994,-7.598641162936773,-8.375232000095139,30.721957549246692
145.42610692152158,23.409728859437436,0.9999999999999996,-7.598462324656695,-8.373168571651377,30.801809298519213
145.42873831846245,23.392215574669866,0.9999999999999997,-7.598287062212204,-8.37110451609262,30.881487663001682
145.4313875530988,23.374734308587716,0.9999999999999994,-7.598115368766492,-8.369039836286849,30.96099279273069
145.43405460399256,23.35728503337998,0.9999999999999993,-7.597947237496162,-8.366974535090097,31.040324837742826
145.43673944975703,23.339867721227545,0.9999999999999996,-7.597782661591232,-8.364908615346504,31.119483948074674
145.43944206905664,23.322482344303253,0.9999999999999994,-7.5976216342550895,-8.36284207988838,31.198470273762755
145.44216244060638,23.305128874771928,0.9999999999999994,-7.597464148704405,-8.360774931536238,31.27728396484372
145.44490054317205,23.287807284790436,0.9999999999999996,-7.597310198169136,-8.358707173098857,31.355925171354112
145.44765635556965,23.270517546507726,0.9999999999999994,-7.597159775892469,-8.356638807373326,31.434394043330478
145.45042985666527,23.253259632064882,0.9999999999999996,-7.597012875130743,-8.354569837145092,31.512690730809464
145.45322102537483,23.236033513595157,0.9999999999999996,-7.596869489153464,-8.35250026518802,31.590815383827636
145.45602984066394,23.21883916322403,0.9999999999999994,-7.596729611243223,-8.350430094264425,31.668768152421524
145.45885628154753,23.201676553069245,0.9999999999999996,-7.5965932346956615,-8.348359327125138,31.746549186627753
145.46170032708972,23.184545655240818,0.9999999999999994,-7.596460352819433,-8.346287966509546,31.824158636482885
145.46456195640334,23.167446441841236,0.9999999999999994,-7.5963309589361465,-8.344216015145644,31.90159665202349
145.46744114865015,23.150378884965274,0.9999999999999996,-7.5962050463803426,-8.342143475750085,31.978863383286157
145.47033788304026,23.1333429567002,0.9999999999999996,-7.5960826084994615,-8.34007035102822,32.05595898030746
145.47325213883195,23.116338629125757,0.9999999999999994,-7.595963638653757,-8.337996643674158,32.13288359312399
145.4761838953315,23.09936587431424,0.9999999999999997,-7.5958481302162895,-8.335922356370798,32.2096373717723
145.47913313189295,23.082424664330517,0.9999999999999996,-7.595736076572881,-8.333847491789896,32.286220466289016
145.4820998279179,23.06551497123207,0.9999999999999994,-7.595627471122066,-8.3317720525921,32.36263302671067
145.48508396285519,23.048636767069052,0.9999999999999994,-7.595522307275045,-8.329696041426994,32.43887520307384
145.48808551620075,23.03179002388435,0.9999999999999996,-7.595420578455661,-8.327619460933159,32.514947145415135
145.49110446749742,23.014974713713578,0.9999999999999998,-7.595322278100339,-8.325542313738207,32.590849003771126
145.49414079633456,22.998190808585157,0.9999999999999994,-7.595227399658061,-8.323464602458841,32.666580928178384
145.49719448234802,22.98143828052034,0.9999999999999998,-7.5951359365903155,-8.321386329700868,32.74214306867347
145.50026550521974,22.964717101533278,0.9999999999999997,-7.595047882371048,-8.319307498059302,32.81753557529301
145.50335384467775,22.948027243631056,0.9999999999999996,-7.594963230486655,-8.317228110118352,32.89275859807354
145.5064594804957,22.931368678813698,0.9999999999999996,-7.594881974435895,-8.315148168451502,32.967812287051665
145.50958239249277,22.914741379074254,0.9999999999999996,-7.594804107729891,-8.313067675621555,33.04269679226392
145.51272256053352,22.898145316398843,0.9999999999999996,-7.594729623892069,-8.310986634180662,33.117412263746935
145.51587996452753,22.881580462766657,0.9999999999999997,-7.594658516458113,-8.308905046670374,33.19195885153726
145.51905458442923,22.865046790150043,0.9999999999999997,-7.594590778975938,-8.306822915621694,33.266336705671485
145.52224640023775,22.84854427051452,0.9999999999999994,-7.594526405005664,-8.304740243555123,33.34054597618619
145.52545539199662,22.832072875818824,0.9999999999999997,-7.5944653881195165,-8.302657032980681,33.41458681311796
145.52868153979364,22.815632578014966,0.9999999999999997,-7.59440772190188,-8.300573286397986,33.48845936650334
145.53192482376065,22.79922334904822,0.9999999999999996,-7.594353399949175,-8.298489006296263,33.562163786378946
