galstreams/tracks/track.po.PS1-D.bernard2016.ecsv
# %ECSV 1.0
# ---
# datatype:
# - {name: ra, unit: deg, datatype: float64}
# - {name: dec, unit: deg, datatype: float64}
# - {name: distance, unit: kpc, datatype: float64}
# - {name: pm_ra_cosdec, unit: mas / yr, datatype: float64}
# - {name: pm_dec, unit: mas / yr, datatype: float64}
# - {name: radial_velocity, unit: km / s, datatype: float64}
# delimiter: ','
# meta: !!omap
# - __serialized_columns__:
#     dec:
#       __class__: astropy.coordinates.angles.Latitude
#       unit: &id001 !astropy.units.Unit {unit: deg}
#       value: !astropy.table.SerializedColumn {name: dec}
#     distance:
#       __class__: astropy.coordinates.distances.Distance
#       unit: !astropy.units.Unit {unit: kpc}
#       value: !astropy.table.SerializedColumn {name: distance}
#     pm_dec:
#       __class__: astropy.units.quantity.Quantity
#       unit: !astropy.units.Unit {unit: mas / yr}
#       value: !astropy.table.SerializedColumn {name: pm_dec}
#     pm_ra_cosdec:
#       __class__: astropy.units.quantity.Quantity
#       unit: !astropy.units.Unit {unit: mas / yr}
#       value: !astropy.table.SerializedColumn {name: pm_ra_cosdec}
#     ra:
#       __class__: astropy.coordinates.angles.Longitude
#       unit: *id001
#       value: !astropy.table.SerializedColumn {name: ra}
#       wrap_angle: !astropy.coordinates.Angle
#         unit: *id001
#         value: 360.0
#     radial_velocity:
#       __class__: astropy.units.quantity.Quantity
#       unit: !astropy.units.Unit {unit: km / s}
#       value: !astropy.table.SerializedColumn {name: radial_velocity}
# schema: astropy-2.0
ra,dec,distance,pm_ra_cosdec,pm_dec,radial_velocity
[from data line 1858]
139.50919514535153,-3.0332100499906574,22.899999999999956,0.0,0.0,0.0
139.5096268858236,-3.023217118554932,22.899999999999956,0.0,0.0,0.0
139.51005861834193,-3.013224186947927,22.899999999999956,0.0,0.0,0.0
139.51049034293308,-3.0032312551700957,22.899999999999956,0.0,0.0,0.0
139.51092205962348,-2.993238323222125,22.899999999999956,0.0,0.0,0.0
139.51135376843965,-2.983245391104469,22.899999999999956,0.0,0.0,0.0
139.511785469408,-2.973252458817813,22.899999999999956,0.0,0.0,0.0
139.51221716255515,-2.963259526362615,22.899999999999956,0.0,0.0,0.0
139.51264884790743,-2.9532665937395013,22.899999999999956,0.0,0.0,0.0
139.51308052549135,-2.9432736609490973,22.899999999999956,0.0,0.0,0.0
139.5135121953334,-2.933280727991861,22.899999999999956,0.0,0.0,0.0
139.51394385746002,-2.9232877948684766,22.899999999999956,0.0,0.0,0.0
139.51437551189775,-2.913294861579401,22.899999999999956,0.0,0.0,0.0
139.514807158673,-2.9033019281252592,22.899999999999956,0.0,0.0,0.0
139.5152387978122,-2.8933089945066803,22.899999999999952,0.0,0.0,0.0
139.5156704293419,-2.883316060724119,22.899999999999956,0.0,0.0,0.0
139.51610205328845,-2.8733231267782595,22.899999999999956,0.0,0.0,0.0
139.5165336696784,-2.86333019266956,22.899999999999952,0.0,0.0,0.0
139.51696527853818,-2.853337258398699,22.899999999999956,0.0,0.0,0.0
139.51739687989425,-2.8433443239661376,22.89999999999996,0.0,0.0,0.0
139.51782847377302,-2.8333513893725004,22.899999999999956,0.0,0.0,0.0
139.518260060201,-2.8233584546184165,22.899999999999952,0.0,0.0,0.0
139.5186916392046,-2.8133655197043375,22.899999999999956,0.0,0.0,0.0
139.51912321081025,-2.8033725846309516,22.899999999999952,0.0,0.0,0.0
139.51955477504447,-2.793379649398711,22.89999999999996,0.0,0.0,0.0
139.51998633193364,-2.7833867140082433,22.89999999999996,0.0,0.0,0.0
139.52041788150424,-2.773393778460177,22.89999999999996,0.0,0.0,0.0
139.52084942378264,-2.763400842754965,22.89999999999996,0.0,0.0,0.0
139.52128095879536,-2.753407906893294,22.899999999999952,0.0,0.0,0.0
139.5217124865688,-2.743414970875614,22.899999999999956,0.0,0.0,0.0
139.52214400712936,-2.7334220347025573,22.899999999999956,0.0,0.0,0.0
139.52257552050352,-2.723429098374748,22.899999999999956,0.0,0.0,0.0
139.52300702671772,-2.713436161892641,22.899999999999952,0.0,0.0,0.0
139.52343852579835,-2.703443225256919,22.899999999999956,0.0,0.0,0.0
139.52387001777188,-2.693450288468039,22.899999999999956,0.0,0.0,0.0
139.52430150266468,-2.683457351526685,22.899999999999956,0.0,0.0,0.0
139.52473298050327,-2.673464414433309,22.899999999999956,0.0,0.0,0.0
139.5251644513139,-2.6634714771885406,22.899999999999956,0.0,0.0,0.0
139.5255959151232,-2.6534785397930043,22.899999999999952,0.0,0.0,0.0
139.52602737195747,-2.643485602247154,22.89999999999996,0.0,0.0,0.0
139.5264588218431,-2.633492664551675,22.899999999999956,0.0,0.0,0.0
139.52689026480655,-2.62349972670702,22.899999999999956,0.0,0.0,0.0
139.52732170087427,-2.613506788713819,22.899999999999956,0.0,0.0,0.0
139.52775313007263,-2.603513850572694,22.899999999999956,0.0,0.0,0.0
139.52818455242803,-2.593520912284101,22.89999999999996,0.0,0.0,0.0
139.52861596796689,-2.583527973848724,22.899999999999956,0.0,0.0,0.0
139.52904737671565,-2.5735350352670165,22.899999999999956,0.0,0.0,0.0
139.5294787787007,-2.563542096539662,22.899999999999963,0.0,0.0,0.0
139.52991017394837,-2.5535491576671165,22.899999999999956,0.0,0.0,0.0
139.53034156248518,-2.543556218650003,22.89999999999996,0.0,0.0,0.0
139.53077294433746,-2.5335632794889484,22.899999999999956,0.0,0.0,0.0
139.5312043195316,-2.52357034018441,22.899999999999952,0.0,0.0,0.0
139.531635688094,-2.5135774007370664,22.899999999999956,0.0,0.0,0.0
139.53206705005115,-2.5035844611473745,22.899999999999956,0.0,0.0,0.0
139.53249840542932,-2.493591521415959,22.89999999999996,0.0,0.0,0.0
139.53292975425495,-2.483598581543446,22.899999999999956,0.0,0.0,0.0
139.53336109655444,-2.47360564153029,22.899999999999956,0.0,0.0,0.0
139.53379243235418,-2.4636127013771727,22.899999999999956,0.0,0.0,0.0
139.53422376168055,-2.4536197610845485,22.899999999999956,0.0,0.0,0.0
139.53465508455992,-2.443626820653045,22.899999999999956,0.0,0.0,0.0
139.5350864010187,-2.4336338800832853,22.899999999999956,0.0,0.0,0.0
139.53551771108326,-2.4236409393757254,22.899999999999956,0.0,0.0,0.0
139.53594901478,-2.413647998531046,22.899999999999956,0.0,0.0,0.0
139.53638031213526,-2.403655057549701,22.899999999999956,0.0,0.0,0.0
139.53681160317547,-2.3936621164323184,22.899999999999956,0.0,0.0,0.0
139.53724288792696,-2.3836691751795205,22.89999999999996,0.0,0.0,0.0
139.5376741664161,-2.373676233791764,22.899999999999956,0.0,0.0,0.0
139.5381054386693,-2.363683292269729,22.899999999999956,0.0,0.0,0.0
139.53853670471295,-2.3536903506138693,22.899999999999956,0.0,0.0,0.0
139.5389679645734,-2.3436974088248688,22.899999999999956,0.0,0.0,0.0
139.53939921827697,-2.333704466903181,22.899999999999956,0.0,0.0,0.0
139.5398304658501,-2.3237115248494296,22.89999999999996,0.0,0.0,0.0
139.54026170731908,-2.313718582664242,22.89999999999996,0.0,0.0,0.0
139.54069294271034,-2.303725640348071,22.899999999999952,0.0,0.0,0.0
139.54112417205025,-2.2937326979015973,22.899999999999952,0.0,0.0,0.0
139.5415553953651,-2.2837397553252754,22.899999999999956,0.0,0.0,0.0
139.5419866126813,-2.273746812619732,22.899999999999956,0.0,0.0,0.0
139.54241782402522,-2.263753869785589,22.899999999999956,0.0,0.0,0.0
139.5428490294232,-2.2537609268233028,22.899999999999952,0.0,0.0,0.0
139.54328022890158,-2.2437679837335525,22.899999999999956,0.0,0.0,0.0
139.54371142248672,-2.233775040516795,22.899999999999956,0.0,0.0,0.0
139.544142610205,-2.2237820971737094,22.899999999999956,0.0,0.0,0.0
139.54457379208276,-2.2137891537047505,22.899999999999956,0.0,0.0,0.0
139.54500496814632,-2.203796210110543,22.899999999999956,0.0,0.0,0.0
139.54543613842208,-2.193803266391711,22.899999999999956,0.0,0.0,0.0
139.54586730293636,-2.1838103225487075,22.899999999999956,0.0,0.0,0.0
139.54629846171545,-2.173817378582216,22.899999999999956,0.0,0.0,0.0
139.54672961478582,-2.1638244344926894,22.899999999999956,0.0,0.0,0.0
139.54716076217372,-2.15383149028075,22.899999999999956,0.0,0.0,0.0
139.5475919039055,-2.1438385459470246,22.899999999999956,0.0,0.0,0.0
139.54802304000754,-2.133845601491966,22.899999999999956,0.0,0.0,0.0
139.54845417050612,-2.123852656916256,22.899999999999956,0.0,0.0,0.0
139.54888529542765,-2.113859712220347,22.899999999999956,0.0,0.0,0.0
139.5493164147984,-2.1038667674048637,22.89999999999996,0.0,0.0,0.0
139.54974752864473,-2.09387382247043,22.899999999999963,0.0,0.0,0.0
139.550178636993,-2.0838808774175015,22.89999999999996,0.0,0.0,0.0
139.5506097398695,-2.0738879322467554,22.89999999999996,0.0,0.0,0.0
139.55104083730058,-2.063894986958649,22.899999999999956,0.0,0.0,0.0
139.55147192931256,-2.0539020415538607,22.899999999999956,0.0,0.0,0.0
139.55190301593183,-2.0439090960328454,22.89999999999996,0.0,0.0,0.0
139.5523340971846,-2.0339161503962258,22.89999999999996,0.0,0.0,0.0
139.5527651730973,-2.023923204644626,22.899999999999963,0.0,0.0,0.0
139.5531962436962,-2.013930258778501,22.89999999999996,0.0,0.0,0.0
139.55362730900765,-2.003937312798531,22.89999999999996,0.0,0.0,0.0
139.5540583690579,-1.9939443667051675,22.899999999999956,0.0,0.0,0.0
139.5544894238734,-1.9839514204990356,22.899999999999963,0.0,0.0,0.0
139.5549204734804,-1.9739584741807596,22.89999999999996,0.0,0.0,0.0
139.55535151790517,-1.9639655277507924,22.89999999999996,0.0,0.0,0.0
139.55578255717407,-1.9539725812098148,22.89999999999996,0.0,0.0,0.0
139.55621359131345,-1.9439796345582787,22.89999999999996,0.0,0.0,0.0
139.5566446203496,-1.9339866877968663,22.899999999999956,0.0,0.0,0.0
139.55707564430878,-1.9239937409260301,22.89999999999996,0.0,0.0,0.0
139.5575066632174,-1.9140007939463932,22.899999999999956,0.0,0.0,0.0
139.55793767710168,-1.9040078468585797,22.899999999999963,0.0,0.0,0.0
139.55836868598797,-1.8940148996630435,22.89999999999996,0.0,0.0,0.0
139.55879968990257,-1.8840219523604633,22.89999999999996,0.0,0.0,0.0
139.55923068887182,-1.8740290049512949,22.899999999999956,0.0,0.0,0.0
139.55966168292196,-1.8640360574361579,22.89999999999996,0.0,0.0,0.0
139.56009267207935,-1.854043109815679,22.899999999999956,0.0,0.0,0.0
139.5605236563703,-1.8440501620903094,22.89999999999996,0.0,0.0,0.0
139.56095463582105,-1.8340572142607299,22.899999999999963,0.0,0.0,0.0
139.56138561045793,-1.8240642663273943,22.899999999999956,0.0,0.0,0.0
139.56181658030727,-1.814071318290925,22.899999999999956,0.0,0.0,0.0
139.56224754539534,-1.804078370151944,22.899999999999963,0.0,0.0,0.0
139.56267850574844,-1.794085421910907,22.89999999999996,0.0,0.0,0.0
139.56310946139286,-1.7840924735684924,22.89999999999996,0.0,0.0,0.0
139.5635404123549,-1.7740995251251532,22.899999999999956,0.0,0.0,0.0
139.5639713586609,-1.7641065765815127,22.899999999999956,0.0,0.0,0.0
139.56440230033706,-1.7541136279381946,22.899999999999956,0.0,0.0,0.0
139.56483323740974,-1.7441206791956518,22.899999999999956,0.0,0.0,0.0
139.56526416990522,-1.7341277303545628,22.89999999999996,0.0,0.0,0.0
139.56569509784978,-1.724134781415382,22.899999999999956,0.0,0.0,0.0
139.5661260212697,-1.7141418323787876,22.89999999999996,0.0,0.0,0.0
139.56655694019128,-1.7041488832452345,22.899999999999956,0.0,0.0,0.0
139.56698785464081,-1.6941559340153431,22.899999999999956,0.0,0.0,0.0
139.56741876464454,-1.6841629846897388,22.899999999999956,0.0,0.0,0.0
139.5678496702288,-1.6741700352688722,22.899999999999956,0.0,0.0,0.0
139.56828057141988,-1.6641770857534253,22.899999999999956,0.0,0.0,0.0
139.568711468244,-1.6541841361438487,22.89999999999996,0.0,0.0,0.0
139.56914236072748,-1.6441911864407661,22.899999999999963,0.0,0.0,0.0
139.5695732488966,-1.634198236644801,22.899999999999956,0.0,0.0,0.0
139.57000413277763,-1.624205286756405,22.899999999999956,0.0,0.0,0.0
139.57043501239687,-1.614212336776258,22.899999999999963,0.0,0.0,0.0
139.57086588778057,-1.604219386704813,22.89999999999996,0.0,0.0,0.0
139.57129675895504,-1.5942264365427483,22.89999999999996,0.0,0.0,0.0
139.5717276259465,-1.5842334862905179,22.89999999999996,0.0,0.0,0.0
139.57215848878127,-1.5742405359487435,22.89999999999996,0.0,0.0,0.0
139.57258934748558,-1.5642475855180482,22.89999999999996,0.0,0.0,0.0
139.57302020208573,-1.5542546349988842,22.899999999999963,0.0,0.0,0.0
139.573451052608,-1.5442616843919312,22.899999999999963,0.0,0.0,0.0
139.57388189907863,-1.5342687336976422,22.89999999999996,0.0,0.0,0.0
139.57431274152393,-1.5242757829166385,22.89999999999996,0.0,0.0,0.0
139.57474357997012,-1.5142828320495436,22.89999999999996,0.0,0.0,0.0
139.5751744144435,-1.5042898810968095,22.89999999999996,0.0,0.0,0.0
139.57560524497035,-1.4942969300591151,22.89999999999996,0.0,0.0,0.0
139.57603607157685,-1.4843039789369132,22.899999999999963,0.0,0.0,0.0
139.57646689428935,-1.4743110277308273,22.899999999999963,0.0,0.0,0.0
139.5768977131341,-1.464318076441478,22.899999999999963,0.0,0.0,0.0
139.57732852813731,-1.4543251250693183,22.899999999999963,0.0,0.0,0.0
139.5777593393253,-1.4443321736150285,22.89999999999996,0.0,0.0,0.0
139.57819014672432,-1.4343392220790596,22.89999999999996,0.0,0.0,0.0
139.57862095036057,-1.4243462704620902,22.89999999999996,0.0,0.0,0.0
139.57905175026042,-1.4143533187645736,22.89999999999996,0.0,0.0,0.0
139.57948254645,-1.4043603669871316,22.899999999999956,0.0,0.0,0.0
139.57991333895566,-1.3943674151303875,22.89999999999996,0.0,0.0,0.0
139.5803441278036,-1.384374463194792,22.899999999999963,0.0,0.0,0.0
139.58077491302012,-1.374381511181025,22.89999999999996,0.0,0.0,0.0
139.58120569463145,-1.3643885590895386,22.89999999999996,0.0,0.0,0.0
139.58163647266383,-1.3543956069209544,22.89999999999996,0.0,0.0,0.0
139.58206724714356,-1.3444026546758956,22.899999999999956,0.0,0.0,0.0
139.5824980180968,-1.3344097023548138,22.89999999999996,0.0,0.0,0.0
139.58292878554988,-1.3244167499583865,22.899999999999963,0.0,0.0,0.0
139.58335954952904,-1.314423797487069,22.899999999999963,0.0,0.0,0.0
139.5837903100605,-1.304430844941538,22.89999999999996,0.0,0.0,0.0
139.58422106717052,-1.2944378923222448,22.89999999999996,0.0,0.0,0.0
139.5846518208853,-1.2844449396298132,22.899999999999963,0.0,0.0,0.0
139.58508257123123,-1.2744519868648647,22.899999999999963,0.0,0.0,0.0
139.5855133182344,-1.264459034027851,22.899999999999956,0.0,0.0,0.0
139.5859440619211,-1.2544660811194508,22.899999999999963,0.0,0.0,0.0
139.58637480231764,-1.2444731281401162,22.899999999999963,0.0,0.0,0.0
139.58680553945018,-1.2344801750904693,22.899999999999956,0.0,0.0,0.0
139.58723627334496,-1.2244872219711322,22.899999999999956,0.0,0.0,0.0
139.58766700402828,-1.2144942687825564,22.89999999999996,0.0,0.0,0.0
139.58809773152635,-1.204501315525421,22.89999999999996,0.0,0.0,0.0
139.58852845586543,-1.194508362200178,22.899999999999956,0.0,0.0,0.0
139.5889591770717,-1.1845154088074477,22.89999999999996,0.0,0.0,0.0
139.58938989517145,-1.1745224553478546,22.899999999999963,0.0,0.0,0.0
139.5898206101909,-1.164529501821849,22.89999999999996,0.0,0.0,0.0
139.59025132215632,-1.1545365482301098,22.899999999999956,0.0,0.0,0.0
139.59068203109388,-1.144543594573088,22.89999999999996,0.0,0.0,0.0
139.59111273702987,-1.1345506408514063,22.89999999999996,0.0,0.0,0.0
139.59154343999052,-1.124557687065687,22.899999999999956,0.0,0.0,0.0
139.59197414000204,-1.1145647332163804,22.89999999999996,0.0,0.0,0.0
139.59240483709067,-1.104571779304166,22.899999999999963,0.0,0.0,0.0
139.59283553128265,-1.0945788253294955,22.89999999999996,0.0,0.0,0.0
139.5932662226042,-1.0845858712930474,22.899999999999963,0.0,0.0,0.0
139.59369691108154,-1.0745929171952722,22.899999999999963,0.0,0.0,0.0
139.59412759674095,-1.0645999630367935,22.899999999999956,0.0,0.0,0.0
139.5945582796086,-1.0546070088182318,22.89999999999996,0.0,0.0,0.0
139.59498895971075,-1.0446140545400384,22.89999999999996,0.0,0.0,0.0
139.59541963707363,-1.0346211002028927,22.899999999999963,0.0,0.0,0.0
139.59585031172344,-1.024628145807246,22.899999999999956,0.0,0.0,0.0
139.59628098368646,-1.0146351913537197,22.89999999999996,0.0,0.0,0.0
139.59671165298886,-1.0046422368429357,22.899999999999963,0.0,0.0,0.0
139.5971423196569,-0.9946492822753453,22.89999999999996,0.0,0.0,0.0
139.59757298371676,-0.9846563276516273,22.89999999999996,0.0,0.0,0.0
139.59800364519475,-0.974663372972233,22.89999999999996,0.0,0.0,0.0
139.59843430411698,-0.96467041823784,22.899999999999956,0.0,0.0,0.0
139.5988649605098,-0.9546774634489007,22.899999999999963,0.0,0.0,0.0
139.5992956143993,-0.9446845086060368,22.89999999999996,0.0,0.0,0.0
139.5997262658118,-0.9346915537098694,22.899999999999956,0.0,0.0,0.0
139.60015691477346,-0.924698598760849,22.899999999999963,0.0,0.0,0.0
139.60058756131056,-0.914705643759656,22.89999999999996,0.0,0.0,0.0
139.60101820544926,-0.9047126887067398,22.899999999999963,0.0,0.0,0.0
139.60144884721583,-0.8947197336027234,22.899999999999956,0.0,0.0,0.0
139.60187948663645,-0.8847267784482276,22.899999999999963,0.0,0.0,0.0
139.60231012373737,-0.8747338232437036,22.899999999999963,0.0,0.0,0.0
139.60274075854477,-0.8647408679898301,22.89999999999996,0.0,0.0,0.0
139.6031713910849,-0.8547479126870579,22.89999999999996,0.0,0.0,0.0
139.60360202138398,-0.844754957336009,22.899999999999963,0.0,0.0,0.0
139.60403264946817,-0.8347620019373047,22.89999999999996,0.0,0.0,0.0
139.60446327536374,-0.8247690464913959,22.89999999999996,0.0,0.0,0.0
139.6048938990969,-0.8147760909989612,22.899999999999963,0.0,0.0,0.0
139.60532452069384,-0.8047831354604517,22.89999999999996,0.0,0.0,0.0
139.6057551401808,-0.7947901798765458,22.89999999999996,0.0,0.0,0.0
139.606185757584,-0.7847972242476943,22.89999999999996,0.0,0.0,0.0
139.6066163729296,-0.7748042685745185,22.899999999999956,0.0,0.0,0.0
139.60704698624386,-0.7648113128576406,22.899999999999956,0.0,0.0,0.0
139.607477597553,-0.754818357097511,22.899999999999956,0.0,0.0,0.0
139.60790820688317,-0.7448254012948081,22.89999999999996,0.0,0.0,0.0
139.60833881426063,-0.7348324454499829,22.899999999999956,0.0,0.0,0.0
