galstreams/tracks/track.po.PS1-A.bernard2016.ecsv
# %ECSV 1.0
# ---
# datatype:
# - {name: ra, unit: deg, datatype: float64}
# - {name: dec, unit: deg, datatype: float64}
# - {name: distance, unit: kpc, datatype: float64}
# - {name: pm_ra_cosdec, unit: mas / yr, datatype: float64}
# - {name: pm_dec, unit: mas / yr, datatype: float64}
# - {name: radial_velocity, unit: km / s, datatype: float64}
# delimiter: ','
# meta: !!omap
# - __serialized_columns__:
#     dec:
#       __class__: astropy.coordinates.angles.Latitude
#       unit: &id001 !astropy.units.Unit {unit: deg}
#       value: !astropy.table.SerializedColumn {name: dec}
#     distance:
#       __class__: astropy.coordinates.distances.Distance
#       unit: !astropy.units.Unit {unit: kpc}
#       value: !astropy.table.SerializedColumn {name: distance}
#     pm_dec:
#       __class__: astropy.units.quantity.Quantity
#       unit: !astropy.units.Unit {unit: mas / yr}
#       value: !astropy.table.SerializedColumn {name: pm_dec}
#     pm_ra_cosdec:
#       __class__: astropy.units.quantity.Quantity
#       unit: !astropy.units.Unit {unit: mas / yr}
#       value: !astropy.table.SerializedColumn {name: pm_ra_cosdec}
#     ra:
#       __class__: astropy.coordinates.angles.Longitude
#       unit: *id001
#       value: !astropy.table.SerializedColumn {name: ra}
#       wrap_angle: !astropy.coordinates.Angle
#         unit: *id001
#         value: 360.0
#     radial_velocity:
#       __class__: astropy.units.quantity.Quantity
#       unit: !astropy.units.Unit {unit: km / s}
#       value: !astropy.table.SerializedColumn {name: radial_velocity}
# schema: astropy-2.0
ra,dec,distance,pm_ra_cosdec,pm_dec,radial_velocity
28.38512389565407,-6.497929446580389,7.900000000000022,0.0,0.0,0.0
28.38871705832062,-6.48856655664903,7.900000000000021,0.0,0.0,0.0
28.39231008742761,-6.479203641417609,7.90000000000002,0.0,0.0,0.0
28.395902983174018,-6.469840700923886,7.90000000000002,0.0,0.0,0.0
28.399495745758784,-6.460477735205617,7.900000000000018,0.0,0.0,0.0
28.40308837538083,-6.451114744300548,7.900000000000016,0.0,0.0,0.0
28.406680872239043,-6.441751728246422,7.9000000000000155,0.0,0.0,0.0
28.410273236532294,-6.432388687080979,7.900000000000013,0.0,0.0,0.0
28.41386546845942,-6.42302562084195,7.900000000000013,0.0,0.0,0.0
28.417457568219223,-6.413662529567062,7.900000000000011,0.0,0.0,0.0
28.4210495360105,-6.404299413294038,7.900000000000009,0.0,0.0,0.0
28.42464137203201,-6.394936272060592,7.900000000000008,0.0,0.0,0.0
28.428233076482474,-6.385573105904438,7.900000000000007,0.0,0.0,0.0
28.431824649560586,-6.376209914863333,7.900000000000007,0.0,0.0,0.0
28.43541609146506,-6.366846698974871,7.900000000000005,0.0,0.0,0.0
28.439007402394534,-6.357483458276802,7.900000000000003,0.0,0.0,0.0
28.442598582547628,-6.348120192806812,7.900000000000004,0.0,0.0,0.0
28.44618963212294,-6.33875690260259,7.900000000000001,0.0,0.0,0.0
28.44978055131905,-6.329393587701812,7.900000000000002,0.0,0.0,0.0
28.453371340334503,-6.320030248142155,7.8999999999999995,0.0,0.0,0.0
28.456961999367824,-6.310666883961285,7.8999999999999995,0.0,0.0,0.0
28.460552528617495,-6.3013034951968665,7.899999999999999,0.0,0.0,0.0
28.464142928281998,-6.2919400818865565,7.899999999999999,0.0,0.0,0.0
28.467733198559763,-6.28257664406801,7.899999999999996,0.0,0.0,0.0
28.471323339649214,-6.273213181778875,7.899999999999997,0.0,0.0,0.0
28.474913351748743,-6.2638496950567895,7.899999999999996,0.0,0.0,0.0
28.47850323505671,-6.254486183939396,7.899999999999994,0.0,0.0,0.0
28.482092989771452,-6.245122648464323,7.899999999999994,0.0,0.0,0.0
28.485682616091285,-6.2357590886692,7.899999999999994,0.0,0.0,0.0
28.48927211421449,-6.226395504591646,7.899999999999994,0.0,0.0,0.0
28.492861484339343,-6.217031896269281,7.899999999999993,0.0,0.0,0.0
28.496450726664058,-6.207668263739714,7.899999999999992,0.0,0.0,0.0
28.500039841386858,-6.198304607040551,7.899999999999993,0.0,0.0,0.0
28.503628828705924,-6.188940926209394,7.899999999999992,0.0,0.0,0.0
28.50721768881941,-6.179577221283837,7.8999999999999915,0.0,0.0,0.0
28.510806421925444,-6.170213492301472,7.899999999999992,0.0,0.0,0.0
28.514395028222147,-6.160849739299884,7.8999999999999915,0.0,0.0,0.0
28.517983507907594,-6.151485962316657,7.899999999999992,0.0,0.0,0.0
28.521571861179833,-6.142122161389361,7.8999999999999915,0.0,0.0,0.0
28.525160088236905,-6.132758336555567,7.899999999999992,0.0,0.0,0.0
28.528748189276804,-6.123394487852842,7.899999999999993,0.0,0.0,0.0
28.532336164497522,-6.114030615318747,7.8999999999999915,0.0,0.0,0.0
28.535924014097,-6.104666718990834,7.899999999999992,0.0,0.0,0.0
28.539511738273177,-6.095302798906656,7.8999999999999915,0.0,0.0,0.0
28.543099337223946,-6.085938855103754,7.899999999999993,0.0,0.0,0.0
28.546686811147204,-6.076574887619671,7.899999999999991,0.0,0.0,0.0
28.550274160240786,-6.0672108964919405,7.899999999999991,0.0,0.0,0.0
28.553861384702525,-6.057846881758091,7.8999999999999915,0.0,0.0,0.0
28.557448484730227,-6.048482843455649,7.8999999999999915,0.0,0.0,0.0
28.561035460521666,-6.0391187816221334,7.8999999999999915,0.0,0.0,0.0
28.564622312274597,-6.029754696295058,7.899999999999992,0.0,0.0,0.0
28.568209040186748,-6.020390587511933,7.899999999999992,0.0,0.0,0.0
28.571795644455822,-6.011026455310263,7.8999999999999915,0.0,0.0,0.0
28.575382125279493,-6.0016622997275455,7.899999999999992,0.0,0.0,0.0
28.578968482855423,-5.99229812080128,7.899999999999992,0.0,0.0,0.0
28.58255471738123,-5.982933918568952,7.899999999999992,0.0,0.0,0.0
28.586140829054532,-5.973569693068045,7.899999999999993,0.0,0.0,0.0
28.589726818072876,-5.964205444336096,7.8999999999999915,0.0,0.0,0.0
28.593312684633855,-5.95484117241047,7.899999999999993,0.0,0.0,0.0
28.59689842893498,-5.945476877328692,7.899999999999994,0.0,0.0,0.0
28.60048405117377,-5.936112559128225,7.899999999999994,0.0,0.0,0.0
28.604069551547692,-5.92674821784653,7.899999999999994,0.0,0.0,0.0
28.607654930254203,-5.917383853521063,7.899999999999992,0.0,0.0,0.0
28.611240187490733,-5.9080194661892715,7.899999999999993,0.0,0.0,0.0
28.6148253234547,-5.898655055888603,7.899999999999993,0.0,0.0,0.0
28.618410338343473,-5.889290622656495,7.899999999999993,0.0,0.0,0.0
28.62199523235442,-5.879926166530388,7.899999999999993,0.0,0.0,0.0
28.62558000568487,-5.870561687547706,7.899999999999993,0.0,0.0,0.0
28.629164658532137,-5.861197185745878,7.899999999999993,0.0,0.0,0.0
28.632749191093502,-5.851832661162324,7.899999999999993,0.0,0.0,0.0
28.63633360356623,-5.842468113834462,7.899999999999992,0.0,0.0,0.0
28.639917896147555,-5.833103543799701,7.899999999999993,0.0,0.0,0.0
28.64350206903469,-5.823738951095446,7.899999999999993,0.0,0.0,0.0
28.647086122424827,-5.8143743357591005,7.899999999999993,0.0,0.0,0.0
28.650670056515132,-5.805009697828062,7.899999999999992,0.0,0.0,0.0
28.654253871502743,-5.795645037339718,7.899999999999993,0.0,0.0,0.0
28.65783756758478,-5.78628035433146,7.899999999999994,0.0,0.0,0.0
28.66142114495833,-5.776915648840668,7.899999999999993,0.0,0.0,0.0
28.66500460382047,-5.76755092090472,7.899999999999993,0.0,0.0,0.0
28.668587944368237,-5.758186170560988,7.899999999999993,0.0,0.0,0.0
28.672171166798663,-5.748821397846842,7.899999999999993,0.0,0.0,0.0
28.67575427130874,-5.739456602799642,7.899999999999993,0.0,0.0,0.0
28.679337258095437,-5.730091785456747,7.8999999999999915,0.0,0.0,0.0
28.682920127355718,-5.720726945855508,7.899999999999994,0.0,0.0,0.0
28.686502879286493,-5.711362084033279,7.899999999999993,0.0,0.0,0.0
28.690085514084675,-5.701997200027404,7.899999999999992,0.0,0.0,0.0
28.693668031947155,-5.692632293875217,7.899999999999992,0.0,0.0,0.0
28.69725043307077,-5.683267365614057,7.899999999999993,0.0,0.0,0.0
28.70083271765236,-5.673902415281253,7.899999999999993,0.0,0.0,0.0
28.70441488588874,-5.6645374429141295,7.899999999999992,0.0,0.0,0.0
28.70799693797669,-5.6551724485500054,7.899999999999992,0.0,0.0,0.0
28.71157887411297,-5.645807432226199,7.899999999999993,0.0,0.0,0.0
28.715160694494333,-5.636442393980024,7.8999999999999915,0.0,0.0,0.0
28.718742399317478,-5.627077333848782,7.8999999999999915,0.0,0.0,0.0
28.72232398877911,-5.617712251869777,7.899999999999992,0.0,0.0,0.0
28.725905463075886,-5.608347148080305,7.899999999999992,0.0,0.0,0.0
28.729486822404468,-5.598982022517661,7.899999999999991,0.0,0.0,0.0
28.733068066961472,-5.5896168752191295,7.8999999999999915,0.0,0.0,0.0
28.736649196943496,-5.580251706221995,7.8999999999999915,0.0,0.0,0.0
28.740230212547132,-5.570886515563539,7.8999999999999915,0.0,0.0,0.0
28.743811113968917,-5.561521303281032,7.899999999999991,0.0,0.0,0.0
28.74739190140536,-5.552156069411798,7.899999999999991,0.0,0.0,0.0
28.750972575053027,-5.542790813992996,7.899999999999991,0.0,0.0,0.0
28.754553135108377,-5.533425537061937,7.899999999999991,0.0,0.0,0.0
28.758133581767865,-5.52406023865588,7.8999999999999915,0.0,0.0,0.0
28.761713915227947,-5.514694918812075,7.89999999999999,0.0,0.0,0.0
28.765294135685018,-5.505329577567768,7.89999999999999,0.0,0.0,0.0
28.768874243335496,-5.4959642149602015,7.89999999999999,0.0,0.0,0.0
28.772454238375737,-5.486598831026613,7.899999999999991,0.0,0.0,0.0
28.7760341210021,-5.477233425804234,7.899999999999991,0.0,0.0,0.0
28.77961389141091,-5.467867999330296,7.89999999999999,0.0,0.0,0.0
28.78319354979847,-5.45850255164202,7.899999999999989,0.0,0.0,0.0
28.78677309636106,-5.449137082776625,7.89999999999999,0.0,0.0,0.0
28.79035253129494,-5.439771592771328,7.89999999999999,0.0,0.0,0.0
28.79393185479635,-5.43040608166334,7.899999999999989,0.0,0.0,0.0
28.797511067061507,-5.421040549489865,7.899999999999989,0.0,0.0,0.0
28.801090168286596,-5.411674996288104,7.89999999999999,0.0,0.0,0.0
28.804669158667796,-5.402309422095256,7.899999999999988,0.0,0.0,0.0
28.808248038401242,-5.392943826948511,7.89999999999999,0.0,0.0,0.0
28.811826807683072,-5.383578210885058,7.899999999999989,0.0,0.0,0.0
28.815405466709382,-5.374212573942081,7.89999999999999,0.0,0.0,0.0
28.818984015676264,-5.364846916156761,7.899999999999989,0.0,0.0,0.0
28.822562454779757,-5.355481237566267,7.899999999999989,0.0,0.0,0.0
28.82614078421592,-5.346115538207775,7.89999999999999,0.0,0.0,0.0
28.829719004180753,-5.33674981811845,7.899999999999989,0.0,0.0,0.0
28.83329711487026,-5.3273840773354495,7.899999999999989,0.0,0.0,0.0
28.836875116480403,-5.318018315895935,7.899999999999989,0.0,0.0,0.0
28.84045300920713,-5.308652533837057,7.899999999999991,0.0,0.0,0.0
28.84403079324638,-5.299286731195965,7.899999999999989,0.0,0.0,0.0
28.847608468794053,-5.2899209080098,7.899999999999989,0.0,0.0,0.0
28.851186036046034,-5.280555064315706,7.899999999999989,0.0,0.0,0.0
28.85476349519818,-5.2711892001508165,7.899999999999988,0.0,0.0,0.0
28.858340846446342,-5.261823315552259,7.89999999999999,0.0,0.0,0.0
28.861918089986325,-5.252457410557162,7.899999999999989,0.0,0.0,0.0
28.86549522601394,-5.24309148520265,7.89999999999999,0.0,0.0,0.0
28.869072254724948,-5.233725539525838,7.899999999999989,0.0,0.0,0.0
28.872649176315118,-5.224359573563841,7.89999999999999,0.0,0.0,0.0
28.876225990980174,-5.214993587353767,7.899999999999991,0.0,0.0,0.0
28.87980269891583,-5.205627580932724,7.89999999999999,0.0,0.0,0.0
28.883379300317774,-5.196261554337807,7.899999999999989,0.0,0.0,0.0
28.886955795381677,-5.186895507606117,7.8999999999999915,0.0,0.0,0.0
28.890532184303183,-5.177529440774744,7.899999999999991,0.0,0.0,0.0
28.89410846727792,-5.168163353880777,7.899999999999991,0.0,0.0,0.0
28.8976846445015,-5.1587972469612975,7.899999999999991,0.0,0.0,0.0
28.90126071616949,-5.149431120053388,7.899999999999991,0.0,0.0,0.0
28.90483668247744,-5.140064973194173,7.899999999999991,0.0,0.0,0.0
28.908412543620937,-5.130698806420618,7.89999999999999,0.0,0.0,0.0
28.91198829979547,-5.121332619769844,7.89999999999999,0.0,0.0,0.0
28.915563951196543,-5.111966413278912,7.8999999999999915,0.0,0.0,0.0
28.919139498019643,-5.102600186984883,7.8999999999999915,0.0,0.0,0.0
28.922714940460214,-5.093233940924805,7.899999999999991,0.0,0.0,0.0
28.926290278713697,-5.083867675135734,7.899999999999991,0.0,0.0,0.0
28.929865512975507,-5.074501389654711,7.8999999999999915,0.0,0.0,0.0
28.933440643441035,-5.06513508451878,7.899999999999991,0.0,0.0,0.0
28.937015670305662,-5.055768759764976,7.8999999999999915,0.0,0.0,0.0
28.940590593764735,-5.046402415430333,7.8999999999999915,0.0,0.0,0.0
28.944165414013586,-5.037036051551881,7.8999999999999915,0.0,0.0,0.0
28.94774013124753,-5.027669668166642,7.899999999999991,0.0,0.0,0.0
28.95131474566185,-5.01830326531164,7.8999999999999915,0.0,0.0,0.0
28.95488925745183,-5.008936843023888,7.899999999999992,0.0,0.0,0.0
28.958463666812705,-4.9995704013404,7.899999999999991,0.0,0.0,0.0
28.962037973939708,-4.990203940298185,7.8999999999999915,0.0,0.0,0.0
28.96561217902805,-4.980837459934245,7.8999999999999915,0.0,0.0,0.0
28.969186282272915,-4.97147096028558,7.899999999999991,0.0,0.0,0.0
28.97276028386948,-4.962104441389188,7.8999999999999915,0.0,0.0,0.0
28.97633418401288,-4.952737903282059,7.899999999999992,0.0,0.0,0.0
28.979907982898254,-4.9433713460011806,7.899999999999992,0.0,0.0,0.0
28.983481680720693,-4.934004769583538,7.899999999999992,0.0,0.0,0.0
28.9870552776753,-4.924638174066108,7.8999999999999915,0.0,0.0,0.0
28.99062877395713,-4.915271559485868,7.899999999999992,0.0,0.0,0.0
28.994202169761238,-4.90590492587979,7.899999999999992,0.0,0.0,0.0
28.997775465282633,-4.896538273284841,7.899999999999992,0.0,0.0,0.0
29.00134866071634,-4.887171601737982,7.8999999999999915,0.0,0.0,0.0
29.004921756257332,-4.877804911276176,7.8999999999999915,0.0,0.0,0.0
29.008494752100574,-4.868438201936376,7.899999999999992,0.0,0.0,0.0
29.012067648441032,-4.8590714737555345,7.8999999999999915,0.0,0.0,0.0
29.015640445473604,-4.849704726770596,7.899999999999992,0.0,0.0,0.0
29.019213143393216,-4.840337961018509,7.899999999999992,0.0,0.0,0.0
29.022785742394746,-4.830971176536209,7.8999999999999915,0.0,0.0,0.0
29.026358242673055,-4.821604373360632,7.899999999999992,0.0,0.0,0.0
29.02993064442299,-4.8122375515287095,7.899999999999992,0.0,0.0,0.0
29.03350294783939,-4.80287071107737,7.8999999999999915,0.0,0.0,0.0
29.037075153117055,-4.793503852043536,7.899999999999992,0.0,0.0,0.0
29.040647260450772,-4.7841369744641264,7.899999999999993,0.0,0.0,0.0
29.044219270035303,-4.77477007837606,7.8999999999999915,0.0,0.0,0.0
29.0477911820654,-4.765403163816244,7.899999999999992,0.0,0.0,0.0
29.05136299673579,-4.75603623082159,7.8999999999999915,0.0,0.0,0.0
29.054934714241192,-4.746669279429001,7.899999999999991,0.0,0.0,0.0
29.058506334776293,-4.737302309675375,7.8999999999999915,0.0,0.0,0.0
29.06207785853573,-4.727935321597663,7.8999999999999915,0.0,0.0,0.0
29.0656492857142,-4.71856831523265,7.899999999999991,0.0,0.0,0.0
29.06922061650632,-4.709201290617278,7.8999999999999915,0.0,0.0,0.0
29.072791851106704,-4.699834247788433,7.8999999999999915,0.0,0.0,0.0
29.07636298970993,-4.690467186782993,7.8999999999999915,0.0,0.0,0.0
29.07993403251059,-4.681100107637835,7.8999999999999915,0.0,0.0,0.0
29.08350497970322,-4.671733010389834,7.899999999999991,0.0,0.0,0.0
29.087075831482377,-4.662365895075857,7.8999999999999915,0.0,0.0,0.0
29.090646588042553,-4.6529987617327695,7.8999999999999915,0.0,0.0,0.0
29.09421724957827,-4.643631610397435,7.89999999999999,0.0,0.0,0.0
29.097787816283983,-4.6342644411067075,7.899999999999991,0.0,0.0,0.0
29.10135828835416,-4.624897253897443,7.8999999999999915,0.0,0.0,0.0
29.104928665983252,-4.615530048806492,7.89999999999999,0.0,0.0,0.0
29.108498949365668,-4.6061628258707,7.899999999999991,0.0,0.0,0.0
29.112069138695812,-4.596795585126909,7.899999999999991,0.0,0.0,0.0
29.115639234168068,-4.587428326611958,7.899999999999991,0.0,0.0,0.0
29.1192092359768,-4.578061050362682,7.899999999999991,0.0,0.0,0.0
29.12277914431636,-4.568693756415911,7.89999999999999,0.0,0.0,0.0
29.126348959381072,-4.559326444808473,7.899999999999989,0.0,0.0,0.0
29.129918681365236,-4.549959115577194,7.899999999999989,0.0,0.0,0.0
29.13348831046316,-4.5405917687588895,7.899999999999989,0.0,0.0,0.0
29.137057846869098,-4.53122440439038,7.89999999999999,0.0,0.0,0.0
29.140627290777314,-4.521857022508474,7.89999999999999,0.0,0.0,0.0
29.144196642382038,-4.512489623149982,7.899999999999991,0.0,0.0,0.0
29.147765901877484,-4.503122206351709,7.89999999999999,0.0,0.0,0.0
29.15133506945786,-4.493754772150458,7.899999999999989,0.0,0.0,0.0
29.15490414531733,-4.484387320583024,7.899999999999988,0.0,0.0,0.0
29.158473129650062,-4.475019851686201,7.89999999999999,0.0,0.0,0.0
29.1620420226502,-4.465652365496782,7.899999999999989,0.0,0.0,0.0
29.16561082451187,-4.45628486205155,7.899999999999989,0.0,0.0,0.0
29.16917953542917,-4.446917341387291,7.899999999999989,0.0,0.0,0.0
29.172748155596196,-4.437549803540784,7.899999999999989,0.0,0.0,0.0
29.176316685207006,-4.4281822485488025,7.899999999999988,0.0,0.0,0.0
29.179885124455673,-4.41881467644812,7.899999999999989,0.0,0.0,0.0
29.183453473536197,-4.409447087275503,7.89999999999999,0.0,0.0,0.0
29.187021732642627,-4.400079481067721,7.899999999999988,0.0,0.0,0.0
29.190589901968938,-4.39071185786153,7.899999999999989,0.0,0.0,0.0
29.19415798170913,-4.381344217693691,7.899999999999988,0.0,0.0,0.0
29.197725972057135,-4.371976560600957,7.899999999999987,0.0,0.0,0.0
29.201293873206925,-4.362608886620077,7.899999999999987,0.0,0.0,0.0
29.204861685352412,-4.3532411957878,7.899999999999988,0.0,0.0,0.0
29.208429408687504,-4.343873488140868,7.899999999999987,0.0,0.0,0.0
29.21199704340609,-4.334505763716021,7.899999999999988,0.0,0.0,0.0
29.21556458970205,-4.325138022549996,7.899999999999988,0.0,0.0,0.0
29.219132047769214,-4.3157702646795775,7.899999999999987,0.0,0.0,0.0
29.22269941780146,-4.306402490141387,7.899999999999987,0.0,0.0,0.0
29.22626669999259,-4.297034698972206,7.899999999999988,0.0,0.0,0.0
