galstreams/tracks/track.st.AAU-ATLAS.ibata2021.ecsv
# %ECSV 1.0
# ---
# datatype:
# - {name: ra, unit: deg, datatype: float64}
# - {name: dec, unit: deg, datatype: float64}
# - {name: distance, unit: kpc, datatype: float64}
# - {name: pm_ra_cosdec, unit: mas / yr, datatype: float64}
# - {name: pm_dec, unit: mas / yr, datatype: float64}
# - {name: radial_velocity, unit: km / s, datatype: float64}
# delimiter: ','
# meta: !!omap
# - __serialized_columns__:
#     dec:
#       __class__: astropy.coordinates.angles.Latitude
#       unit: &id001 !astropy.units.Unit {unit: deg}
#       value: !astropy.table.SerializedColumn {name: dec}
#     distance:
#       __class__: astropy.coordinates.distances.Distance
#       unit: !astropy.units.Unit {unit: kpc}
#       value: !astropy.table.SerializedColumn {name: distance}
#     pm_dec:
#       __class__: astropy.units.quantity.Quantity
#       unit: !astropy.units.Unit {unit: mas / yr}
#       value: !astropy.table.SerializedColumn {name: pm_dec}
#     pm_ra_cosdec:
#       __class__: astropy.units.quantity.Quantity
#       unit: !astropy.units.Unit {unit: mas / yr}
#       value: !astropy.table.SerializedColumn {name: pm_ra_cosdec}
#     ra:
#       __class__: astropy.coordinates.angles.Longitude
#       unit: *id001
#       value: !astropy.table.SerializedColumn {name: ra}
#       wrap_angle: !astropy.coordinates.Angle
#         unit: *id001
#         value: 360.0
#     radial_velocity:
#       __class__: astropy.units.quantity.Quantity
#       unit: !astropy.units.Unit {unit: km / s}
#       value: !astropy.table.SerializedColumn {name: radial_velocity}
# schema: astropy-2.0
ra,dec,distance,pm_ra_cosdec,pm_dec,radial_velocity
[from data line 960]
26.34900069520886,-30.65464328674127,24.805484837844006,-0.06328308828102441,-0.7060708014728574,-83.34263949248688
26.358496530947367,-30.660397563398323,24.808216992751525,-0.0630687391877196,-0.7060080032844529,-83.29559137634678
26.367993603612014,-30.66615102033278,24.810941874067005,-0.0628541157772105,-0.7059456671545676,-83.24846472498957
26.377491916137217,-30.671903653999134,24.81365944114901,-0.0626392172668091,-0.7058837927336037,-83.20125940455253
26.386991471456657,-30.677655460851035,24.816369653356126,-0.06242404287385911,-0.7058223796716594,-83.15397528117265
26.39649227250327,-30.68340643734125,24.81907247004695,-0.06220859181573718,-0.7057614276185287,-83.10661222098719
26.405994322209295,-30.68915657992175,24.82176785058005,-0.06199286330985182,-0.7057009362237041,-83.05917009013318
26.4154976235062,-30.694905885043617,24.824455754314005,-0.06177685657364357,-0.7056409051363726,-83.0116487547478
26.425002179324757,-30.700654349157098,24.827136140607404,-0.06156057082458555,-0.7055813340054178,-82.9640480809681
26.43450799259497,-30.706401968711575,24.82980896881882,-0.061344005280183134,-0.7055222224794181,-82.91636793493132
26.44401506624612,-30.7121487401556,24.832474198306844,-0.06112715915797412,-0.7054635702066483,-82.86860818277454
26.45352340320674,-30.717894659936857,24.835131788430054,-0.06091003167552905,-0.7054053768350775,-82.82076869063484
26.463033006404643,-30.72363972450219,24.837781698547023,-0.06069262205044984,-0.7053476420123702,-82.7728493246494
26.47254387876687,-30.72938393029757,24.840423888016346,-0.06047492950037214,-0.7052903653858846,-82.72484995095533
26.48205602321974,-30.73512727376815,24.8430583161966,-0.06025695324296354,-0.7052335466026742,-82.67677043568982
26.49156944268883,-30.740869751358193,24.84568494244636,-0.06003869249592386,-0.7051771853094861,-82.62861064498992
26.50108414009895,-30.746611359511142,24.848303726124218,-0.05982014647698569,-0.7051212811527605,-82.5803704449928
26.510600118374192,-30.75235209466956,24.850914626588743,-0.05960131440391492,-0.7050658337786325,-82.53204970183559
26.520117380437863,-30.758091953275198,24.853517603198515,-0.05938219549450885,-0.7050108428329296,-82.48364828165532
26.529635929212542,-30.76383093176888,24.856112615312135,-0.059162788966598545,-0.7049563079611715,-82.43516605058929
26.53915576762006,-30.76956902659065,24.85869962228817,-0.058943094038047095,-0.7049022288085719,-82.38660287477454
26.548676898581487,-30.775306234179656,24.861278583485202,-0.05872310992675023,-0.7048486050200368,-82.33795862034813
26.558199325017124,-30.781042550974192,24.863849458261814,-0.05850283585063765,-0.7047954362401633,-82.28923315344731
26.567723049846535,-30.786777973411716,24.866412205976584,-0.05828227102767075,-0.7047427221132413,-82.24042634020917
26.57724807598852,-30.792512497928822,24.8689667859881,-0.05806141467584364,-0.7046904622832523,-82.1915380467708
26.586774406361126,-30.798246120961238,24.87151315765494,-0.05784026601318404,-0.7046386563938682,-82.14256813926937
26.596302043881607,-30.80397883894384,24.874051280335685,-0.05761882425775233,-0.7045873040884537,-82.09351648384197
26.605830991466494,-30.809710648310656,24.876581113388923,-0.05739708862764198,-0.7045364050100624,-82.04438294662577
26.615361252031548,-30.81544154549484,24.87910261617322,-0.05717505834097908,-0.7044859588014399,-81.99516739375788
26.624892828491742,-30.821171526928726,24.88161574804717,-0.056952732615923096,-0.7044359651050217,-81.94586969137542
26.6344257237613,-30.826900589043717,24.884120468369353,-0.05673011067066652,-0.7043864235629325,-81.89648970561555
26.64395994075366,-30.832628728270446,24.88661673649835,-0.05650719172343499,-0.7043373338169879,-81.84702730261536
26.653495482381512,-30.838355941038625,24.889104511792734,-0.056283974992487384,-0.7042886955086922,-81.79748234851199
26.663032351556765,-30.844082223777136,24.891583753611094,-0.056060459696115394,-0.7042405082792393,-81.74785470944258
26.67257055119055,-30.84980757291397,24.894054421312013,-0.05583664505264396,-0.7041927717695113,-81.69814425154428
26.68211008419322,-30.855531984876315,24.89651647425407,-0.05561253028043239,-0.70414548562008,-81.64835084095415
26.691650953474362,-30.861255456090422,24.89896987179585,-0.05538811459787202,-0.7040986494712047,-81.59847434380937
26.701193161942783,-30.866977982981773,24.901414573295927,-0.05516339722338792,-0.7040522629628333,-81.54851462624706
26.710736712506513,-30.872699561974898,24.903850538112884,-0.054938377375438774,-0.7040063257346011,-81.49847155440432
26.720281608072785,-30.87842018949352,24.906277725605307,-0.05471305427251644,-0.7039608374258313,-81.44834499441838
26.729827851548073,-30.884139861960502,24.908696095131774,-0.05448742713314669,-0.7039157976755346,-81.3981348124262
26.73937544583804,-30.88985857579781,24.91110560605086,-0.05426149517588785,-0.7038712061224077,-81.3478408745651
26.74892439384759,-30.895576327426586,24.913506217721174,-0.05403525761933353,-0.7038270624048348,-81.29746304697206
26.75847469848082,-30.901293113267073,24.915897889501256,-0.05380871368210938,-0.7037833661608867,-81.24700119578426
26.768026362641056,-30.907008929738687,24.918280580749716,-0.05358186258287523,-0.70374011702832,-81.19645518713885
26.777579389230812,-30.912723773259973,24.920654250825134,-0.053354703540324566,-0.7036973146445769,-81.14582488717289
26.787133781151827,-30.91843764024857,24.92301885908608,-0.05312723577318451,-0.7036549586467856,-81.09511016202359
26.796689541305046,-30.924150527121313,24.92537436489114,-0.05289945850021671,-0.7036130486717601,-81.04431087782805
26.806246672590596,-30.92986243029413,24.92772072759889,-0.052671370940215456,-0.7035715843559989,-80.99342690072338
26.815805177907837,-30.935573346182103,24.930057906567924,-0.05244297231200967,-0.7035305653356844,-80.94245809684674
26.825365060155328,-30.941283271199453,24.932385861156813,-0.052214261834462095,-0.7034899912466854,-80.89140433233524
26.83492632223081,-30.946992201759528,24.934704550724142,-0.05198523872646893,-0.7034498617245535,-80.84026547332599
26.84448896703121,-30.952700134274792,24.9370139346285,-0.05175590220696158,-0.7034101764045245,-80.78904138595614
26.85405299745271,-30.95840706515688,24.939313972228454,-0.05152625149490403,-0.7033709349215186,-80.73773193636283
26.86361841639063,-30.964112990816535,24.941604622882593,-0.05129628580929518,-0.7033321369101383,-80.68633699068319
26.8731852267395,-30.96981790766364,24.9438858459495,-0.05106600436916792,-0.7032937820046701,-80.63485641505427
26.88275343139306,-30.975521812107203,24.946157600787753,-0.05083540639358952,-0.7032558698390825,-80.58329007561332
26.892323033244214,-30.981224700555373,24.94841984675593,-0.05060449110166099,-0.7032184000470271,-80.53163783849739
26.90189403518508,-30.986926569415438,24.95067254321262,-0.05037325771251783,-0.703181372261838,-80.47989956984365
26.91146644010694,-30.992627415093796,24.952915649516402,-0.05014170544533031,-0.7031447861165303,-80.42807513578921
26.921040250900276,-30.998327233995997,24.95514912502585,-0.04990983351930206,-0.7031086412438017,-80.37616440247116
26.93061547045475,-31.004026022526713,24.95737292909956,-0.049677641153672625,-0.7030729372760308,-80.32416723602667
26.940192101659203,-31.009723777089746,24.959587021096105,-0.04944512756771463,-0.7030376738452777,-80.27208350259286
26.949770147401672,-31.015420494088023,24.961791360374058,-0.0492122919807354,-0.703002850583283,-80.2199130683069
26.95934961056934,-31.021116169923612,24.963985906292013,-0.04897913361207784,-0.702968467121468,-80.16765579930589
26.96893049404861,-31.026810800997694,24.96617061820855,-0.04874565168111833,-0.7029345230909341,-80.11531156172693
26.97851280072503,-31.03250438371062,24.968345455482247,-0.04851184540726844,-0.7029010181224633,-80.06288022170716
26.988096533483336,-31.038196914461803,24.970510377471687,-0.04827771400997405,-0.7028679518465161,-80.01036164538371
26.99768169520742,-31.043888389649837,24.972665343535446,-0.04804325670871673,-0.7028353238932338,-79.95775569889372
27.007268288780374,-31.04957880567244,24.97481031303211,-0.047808472723011586,-0.7028031338924356,-79.90506224837435
27.01685631708442,-31.055268158926427,24.976945245320266,-0.04757336127240991,-0.7027713814736205,-79.85228115996269
27.026445783001,-31.06095644580777,24.979070099758484,-0.04733792157649647,-0.7027400662659657,-79.7994122997958
27.03603668941067,-31.066643662711545,24.981184835705356,-0.04710215285489211,-0.7027091878983263,-79.74645553401098
27.045629039193173,-31.072329806031988,24.983289412519454,-0.04686605432725205,-0.7026787459992361,-79.69341072874519
27.055222835227422,-31.07801487216241,24.98538378955936,-0.0466296252132673,-0.7026487401969056,-79.6402777501356
27.064818080391472,-31.083698857495293,24.987467926183665,-0.04639286473266313,-0.7026191701192238,-79.58705646431943
27.074414777562556,-31.089381758422235,24.98954178175094,-0.04615577210520028,-0.7025900353937562,-79.5337467374337
27.08401292961704,-31.095063571333927,24.991605315619783,-0.045918346550675004,-0.7025613356477447,-79.48034843561568
27.093612539430477,-31.10074429262023,24.993658487148753,-0.045680587288918495,-0.7025330705081086,-79.42686142500231
27.103213609877564,-31.106423918670114,24.99570125569644,-0.04544249353979718,-0.7025052396014436,-79.37328557173083
27.11281614383212,-31.11210244587166,24.99773358062143,-0.045204064523213405,-0.7024778425540202,-79.31962074193834
27.12242014416716,-31.11777987061207,24.999755421282305,-0.04496529945910416,-0.7024508789917849,-79.265866801762
27.132025613754827,-31.12345618927769,25.001766737037627,-0.04472619756744267,-0.702424348540361,-79.21202361733893
27.141632555466387,-31.12913139825397,25.00376748724601,-0.04448675806823732,-0.7023982508250444,-79.15809105480622
27.151240972172314,-31.13480549392551,25.00575763126601,-0.04424698018153195,-0.702372585470808,-79.10406898030105
27.160850866742155,-31.140478472675987,25.007737128456228,-0.04400686312740626,-0.7023473521022978,-79.04995725996048
27.170462242044664,-31.14615033088825,25.00970593817522,-0.04376640612597532,-0.702322550343835,-78.99575575992175
27.180075100947665,-31.151821064944233,25.01166401978159,-0.04352560839739111,-0.7022981798194136,-78.94146434632184
27.189689446318194,-31.157490671225,25.013611332633907,-0.043284469161839645,-0.7022742401527025,-78.88708288529804
27.199305281022365,-31.163159146110733,25.015547836090757,-0.04304298763954417,-0.7022507309670425,-78.83261124298734
27.208922607925466,-31.168826485980755,25.017473489510724,-0.04280116305076359,-0.7022276518854488,-78.77804928552689
27.218541429891896,-31.174492687213483,25.019388252252387,-0.042558994615791934,-0.7022050025306081,-78.72339687905395
27.228161749785187,-31.18015774618647,25.02129208367432,-0.042316481554960594,-0.702182782524881,-78.6686538897055
27.237783570468032,-31.18582165927638,25.023184943135114,-0.04207362308863599,-0.7021609914902986,-78.61382018361874
27.247406894802207,-31.191484422859,25.025066789993346,-0.041830418437221184,-0.7021396290485649,-78.55889562693078
27.257031725648638,-31.197146033309217,25.0269375836076,-0.04158686682115531,-0.7021186948210549,-78.50388008577872
27.266658065867382,-31.202806487001077,25.028797283336456,-0.04134296746091426,-0.7020981884288153,-78.44877342629974
27.276285918317598,-31.208465780307698,25.0306458485385,-0.041098719577009224,-0.7020781094925633,-78.39357551463092
27.28591528585759,-31.214123909601355,25.032483238572297,-0.040854122389988534,-0.7020584576326877,-78.33828621690945
27.295546171344757,-31.219780871253388,25.034309412796453,-0.04060917512043721,-0.702039232469246,-78.28290539927242
27.305178577635637,-31.225436661634326,25.03612433056953,-0.04036387698897603,-0.7020204336219675,-78.22743292785697
27.314812507585877,-31.23109127711376,25.03792795125012,-0.040118227216262514,-0.7020020607102502,-78.17186866880022
27.32444796405023,-31.236744714060393,25.039720234196793,-0.039872225022991425,-0.7019841133531617,-78.11621248823928
27.33408494988257,-31.242396968842087,25.041501138768137,-0.03962586962989345,-0.7019665911694388,-78.06046425231129
27.34372346793588,-31.248048037825782,25.043270624322744,-0.0393791602577363,-0.7019494937774877,-78.0046238271534
27.35336352106226,-31.253697917377544,25.045028650219187,-0.039132096127324545,-0.701932820795382,-77.94869107890274
27.363005112112887,-31.259346603862546,25.04677517581603,-0.038884676459499945,-0.7019165718408653,-77.89266587369642
27.372648243938087,-31.264994093645107,25.048510160471874,-0.03863690047514046,-0.7019007465313476,-77.83654807767158
27.382292919387254,-31.270640383088615,25.050233563545305,-0.038388767395161505,-0.7018853444839069,-77.7803375569653
27.391939141308903,-31.27628546855559,25.051945344394895,-0.03814027644051571,-0.7018703653152889,-77.72403417771478
27.401586912550624,-31.28192934640768,25.053645462379222,-0.03789142683219271,-0.7018558086419062,-77.6676378060571
27.41123623595915,-31.287572013005605,25.055333876856874,-0.03764221779121857,-0.7018416740798381,-77.61114830812944
27.42088711438027,-31.29321346470926,25.05701054718643,-0.03739264853865781,-0.701827961244831,-77.55456555006887
27.43053955065888,-31.298853697877586,25.05867543272647,-0.0371427182956115,-0.701814669752296,-77.49788939801259
27.44019354763897,-31.304492708868683,25.060328492835577,-0.03689242628321837,-0.7018017992173113,-77.44111971809762
27.44984910816363,-31.310130494039736,25.061969686872335,-0.036641771722654426,-0.7017893492546203,-77.3842563764612
27.459506235075008,-31.31576704974704,25.06359897419532,-0.03639075383513346,-0.7017773194786316,-77.3272992392404
27.46916493121438,-31.321402372346018,25.065216314163116,-0.03613937184190624,-0.7017657095034182,-77.27024817257235
27.478825199422065,-31.32703645819119,25.06682166613431,-0.0358876249642619,-0.701754518942719,-77.21310304259418
27.488487042537514,-31.332669303636198,25.068414989467467,-0.035635512423526805,-0.7017437474099361,-77.15586371544303
27.498150463399224,-31.338300905033766,25.06999624352119,-0.03538303344106519,-0.7017333945181359,-77.09853005725604
27.507815464844764,-31.343931258735765,25.07156538765404,-0.035130187238279265,-0.7017234598800485,-77.04110193417034
27.517482049710818,-31.349560361093125,25.07312238122461,-0.03487697303660897,-0.7017139431080677,-76.983579212323
27.527150220833114,-31.355188208455935,25.07466718359148,-0.034623390057532566,-0.70170484381425,-76.92596175785121
27.536819981046477,-31.36081479717337,25.07619975411323,-0.034369437522565494,-0.701696161610315,-76.86824943689209
27.546491333184782,-31.366440123593705,25.077720052148443,-0.03411511465326239,-0.7016878961076444,-76.81044211558269
27.556164280080985,-31.372064184064318,25.079228037055703,-0.03386042067121503,-0.7016800469172824,-76.75253966006031
27.565838824567113,-31.377686974931716,25.08072366819359,-0.03360535479805482,-0.701672613649935,-76.69454193646195
27.575514969474266,-31.383308492541502,25.082206904920675,-0.03334991625544931,-0.7016655959159699,-76.63644881092476
27.58519271763259,-31.388928733238384,25.083677706595545,-0.033094104265107005,-0.7016589933254158,-76.57826014958577
27.594872071871308,-31.394547693366146,25.085136032576788,-0.03283791804877295,-0.7016528054879618,-76.51997581858235
27.604553035018704,-31.40016536926774,25.086581842222984,-0.03258135682823132,-0.7016470320129593,-76.46159568405146
27.61423560990211,-31.40578175728517,25.08801509489271,-0.032324419825305095,-0.7016416725094179,-76.40311961213024
27.623919799347924,-31.411396853759566,25.08943574994455,-0.032067106261855716,-0.7016367265860091,-76.3445474689558
27.63360560618159,-31.41701065503115,25.090843766737084,-0.031809415359783544,-0.7016321938510626,-76.28587912066534
27.643293033227632,-31.422623157439258,25.09223910462889,-0.031551346341027076,-0.7016280739125684,-76.22711443339597
