galstreams/tracks/track.st.C-7.ibata2021.ecsv
# %ECSV 0.9
# ---
# datatype:
# - {name: ra, unit: deg, datatype: float64}
# - {name: dec, unit: deg, datatype: float64}
# - {name: distance, unit: kpc, datatype: float64}
# - {name: pm_ra_cosdec, unit: mas / yr, datatype: float64}
# - {name: pm_dec, unit: mas / yr, datatype: float64}
# - {name: radial_velocity, unit: km / s, datatype: float64}
# delimiter: ','
# meta: !!omap
# - __serialized_columns__:
#     dec:
#       __class__: astropy.coordinates.angles.Latitude
#       unit: &id001 !astropy.units.Unit {unit: deg}
#       value: !astropy.table.SerializedColumn {name: dec}
#     distance:
#       __class__: astropy.coordinates.distances.Distance
#       unit: !astropy.units.Unit {unit: kpc}
#       value: !astropy.table.SerializedColumn {name: distance}
#     pm_dec:
#       __class__: astropy.units.quantity.Quantity
#       unit: !astropy.units.Unit {unit: mas / yr}
#       value: !astropy.table.SerializedColumn {name: pm_dec}
#     pm_ra_cosdec:
#       __class__: astropy.units.quantity.Quantity
#       unit: !astropy.units.Unit {unit: mas / yr}
#       value: !astropy.table.SerializedColumn {name: pm_ra_cosdec}
#     ra:
#       __class__: astropy.coordinates.angles.Longitude
#       unit: *id001
#       value: !astropy.table.SerializedColumn {name: ra}
#       wrap_angle: !astropy.coordinates.Angle
#         unit: *id001
#         value: 360.0
#     radial_velocity:
#       __class__: astropy.units.quantity.Quantity
#       unit: !astropy.units.Unit {unit: km / s}
#       value: !astropy.table.SerializedColumn {name: radial_velocity}
# schema: astropy-2.0
ra,dec,distance,pm_ra_cosdec,pm_dec,radial_velocity
[from data line 1097]
287.8386627050477,-49.99441624209854,5.703142880089237,-13.656471443938306,-12.563196159268474,1.347322740779574e-13
287.85287859202293,-49.99035124169163,5.703263494740033,-13.653999849756138,-12.567190510300698,2.020984111169361e-13
287.86709187329177,-49.98628421684622,5.703384630367049,-13.6515269568405,-12.571182872701787,6.73661370389787e-14
287.8813025482927,-49.982215168060776,5.703506285902055,-13.649052766281628,-12.575173243565576,1.347322740779574e-13
287.8955106164659,-49.97814409583372,5.703628460276825,-13.646577279171124,-12.579161619986861,6.73661370389787e-14
287.9097160772523,-49.97407100066362,5.703751152423139,-13.644100496602148,-12.58314799906124,3.368306851948935e-14
287.9239189300941,-49.969995883049144,5.703874361272768,-13.641622419669314,-12.587132377885254,1.0104920555846805e-13
287.93811917443463,-49.96591874348904,5.703998085757485,-13.639143049468721,-12.59111475355633,3.368306851948935e-14
287.9523168097184,-49.96183958248206,5.704122324809068,-13.6366623870979,-12.595095123172792,1.347322740779574e-13
287.9665118353911,-49.957758400527105,5.7042470773592875,-13.634180433655866,-12.59907348383386,-6.73661370389787e-14
287.9807042508993,-49.95367519812315,5.704372342339923,-13.631697190243154,-12.603049832639606,1.6841534259744677e-13
287.994894055691,-49.94958997576926,5.704498118682746,-13.629212657961688,-12.607024166691044,3.368306851948935e-14
288.0090812492154,-49.945502733964524,5.704624405319531,-13.626726837914887,-12.61099648309009,3.368306851948935e-14
288.02326583092247,-49.94141347320813,5.704751201182053,-13.624239731207652,-12.614966778939504,6.73661370389787e-14
288.03744780026364,-49.9373221939994,5.70487850520209,-13.621751338946321,-12.618935051342984,1.0104920555846805e-13
288.0516271566913,-49.9332288968377,5.705006316311409,-13.619261662238694,-12.622901297405093,-3.368306851948935e-14
288.0658038996592,-49.92913358222241,5.70513463344179,-13.616770702194028,-12.626865514231334,-6.73661370389787e-14
288.0799780286219,-49.92503625065307,5.705263455525008,-13.614278459923034,-12.630827698928043,1.347322740779574e-13
288.0941495430354,-49.920936902629286,5.705392781492835,-13.611784936537871,-12.634787848602521,1.6841534259744677e-13
288.1083184423567,-49.91683553865072,5.705522610277044,-13.609290133152173,-12.63874596036291,-1.0104920555846805e-13
288.1224847260439,-49.91273215921711,5.705652940809414,-13.606794050880971,-12.642702031318283,-6.73661370389787e-14
288.13664839355636,-49.908626764828256,5.705783772021719,-13.60429669084081,-12.646656058578591,1.347322740779574e-13
288.1508094443545,-49.90451935598408,5.705915102845731,-13.601798054149619,-12.6506080392547,3.368306851948935e-14
288.1649678778997,-49.90040993318456,5.706046932213225,-13.599298141926827,-12.654557970458342,3.368306851948935e-14
288.1791236936549,-49.8962984969297,5.7061792590559755,-13.596796955293247,-12.658505849302198,3.368306851948935e-14
288.1932768910839,-49.892185047719664,5.706312082305759,-13.594294495371168,-12.662451672899817,-3.368306851948935e-14
288.20742746965146,-49.88806958605462,5.706445400894349,-13.591790763284301,-12.66639543836563,1.0104920555846805e-13
288.22157542882377,-49.88395211243487,5.7065792137535185,-13.589285760157837,-12.670337142814999,3.368306851948935e-14
288.2357207680682,-49.87983262736071,5.706713519815046,-13.586779487118301,-12.674276783364174,6.73661370389787e-14
288.249863486853,-49.8757111313326,5.706848318010701,-13.58427194529376,-12.67821435713032,6.73661370389787e-14
288.2640035846476,-49.87158762485101,5.706983607272261,-13.581763135813645,-12.68214986123146,6.73661370389787e-14
288.2781410609226,-49.86746210841653,5.7071193865315,-13.579253059808863,-12.686083292786552,6.73661370389787e-14
288.29227591514996,-49.863334582529745,5.707255654720193,-13.57674171841168,-12.690014648915469,1.347322740779574e-13
288.3064081468024,-49.85920504769141,5.7073924107701135,-13.574229112755848,-12.693943926738951,-3.368306851948935e-14
288.320537755354,-49.855073504402284,5.707529653613037,-13.57171524397651,-12.69787112337865,3.368306851948935e-14
288.3346647402797,-49.85093995316325,5.707667382180739,-13.569200113210277,-12.701796235957094,1.6841534259744677e-13
288.34878910105607,-49.84680439447518,5.707805595404991,-13.566683721595075,-12.705719261597803,3.368306851948935e-14
288.36291083716037,-49.84266682883909,5.70794429221757,-13.56416607027038,-12.709640197425097,3.368306851948935e-14
288.3770299480711,-49.83852725675607,5.708083471550248,-13.561647160376971,-12.713559040564252,3.368306851948935e-14
288.39114643326786,-49.834385678727266,5.708223132334805,-13.559126993057134,-12.717475788141414,-6.73661370389787e-14
288.40526029223156,-49.83024209525384,5.708363273503009,-13.556605569454485,-12.721390437283688,0.0
288.41937152444405,-49.826096506837075,5.708503893986638,-13.55408289071409,-12.725302985119027,0.0
288.43348012938833,-49.82194891397835,5.708644992717468,-13.55155895798244,-12.729213428776298,1.6841534259744677e-13
288.4475861065485,-49.81779931717907,5.70878656862727,-13.549033772407405,-12.733121765385299,-6.73661370389787e-14
288.46168945541,-49.81364771694071,5.7089286206478205,-13.54650733513826,-12.737027992076712,3.368306851948935e-14
288.4757901754591,-49.80949411376482,5.709071147710894,-13.543979647325688,-12.740932105982129,1.347322740779574e-13
288.4898882661834,-49.80533850815302,5.709214148748264,-13.541450710121783,-12.744834104234048,1.0104920555846805e-13
288.5039837270714,-49.801180900607044,5.709357622691705,-13.538920524680035,-12.748733983965845,1.0104920555846805e-13
288.5180765576131,-49.797021291628596,5.709501568472994,-13.536389092155304,-12.752631742311868,6.73661370389787e-14
288.53216675729925,-49.79285968171951,5.709645985023904,-13.533856413703868,-12.756527376407298,-3.368306851948935e-14
288.5462543256218,-49.7886960713817,5.709790871276209,-13.531322490483435,-12.760420883388264,1.347322740779574e-13
288.560339262074,-49.78453046111715,5.709936226161683,-13.528787323653027,-12.764312260391781,0.0
288.5744215661501,-49.78036285142782,5.7100820486121036,-13.526250914373113,-12.768201504555783,1.6841534259744677e-13
288.5885012373455,-49.77619324281583,5.710228337559242,-13.523713263805519,-12.772088613019129,-6.73661370389787e-14
288.6025782751565,-49.77202163578334,5.710375091934874,-13.521174373113496,-12.775973582921523,1.347322740779574e-13
288.61665267908086,-49.76784803083261,5.710522310670774,-13.518634243461639,-12.77985641140365,0.0
288.6307244486173,-49.76367242846588,5.710669992698718,-13.516092876015941,-12.78373709560707,0.0
288.64479358326565,-49.75949482918551,5.710818136950477,-13.513550271943782,-12.787615632674223,1.0104920555846805e-13
288.6588600825269,-49.755315233493945,5.710966742357831,-13.511006432413895,-12.791492019748517,0.0
288.672923945903,-49.751133641893674,5.71111580785255,-13.508461358596449,-12.795366253974194,1.0104920555846805e-13
288.6869851728974,-49.7469500548872,5.711265332366408,-13.505915051662909,-12.799238332496502,-3.368306851948935e-14
288.7010437630141,-49.742764472977164,5.711415314831185,-13.503367512786165,-12.803108252461499,1.0104920555846805e-13
288.7150997157588,-49.73857689666623,5.711565754178649,-13.500818743140483,-12.806976011016218,1.0104920555846805e-13
288.7291530306378,-49.734387326457174,5.711716649340579,-13.498268743901475,-12.810841605308553,6.73661370389787e-14
288.74320370715895,-49.73019576285274,5.7118679992487476,-13.49571751624611,-12.814705032487378,0.0
288.7572517448309,-49.72600220635582,5.712019802834931,-13.493165061352753,-12.818566289702389,1.347322740779574e-13
288.7712971431636,-49.721806657469344,5.7121720590309,-13.490611380401127,-12.822425374104268,6.73661370389787e-14
288.7853399016679,-49.7176091166963,5.712324766768433,-13.488056474572325,-12.826282282844538,3.368306851948935e-14
288.7993800198561,-49.71340958453974,5.712477924979305,-13.485500345048752,-12.830137013075705,1.347322740779574e-13
288.81341749724123,-49.70920806150274,5.712631532595287,-13.482942993014223,-12.83398956195114,6.73661370389787e-14
288.8274523333378,-49.70500454808853,5.712785588548158,-13.480384419653898,-12.837839926625133,0.0
288.841484527661,-49.70079904480033,5.712940091769687,-13.477824626154309,-12.84168810425287,1.0104920555846805e-13
288.85551407972764,-49.69659155214138,5.713095041191653,-13.475263613703275,-12.8455340919905,3.368306851948935e-14
288.8695409890552,-49.69238207061509,5.713250435745829,-13.472701383490033,-12.849377886995034,-3.368306851948935e-14
288.88356525516247,-49.68817060072484,5.713406274363989,-13.470137936705163,-12.853219486424406,0.0
288.8975868775693,-49.68395714297416,5.713562555977909,-13.467573274540564,-12.857058887437455,0.0
288.91160585579667,-49.67974169786651,5.7137192795193625,-13.465007398189503,-12.860896087193971,2.020984111169361e-13
288.9256221893668,-49.6755242659055,5.713876443920123,-13.462440308846562,-12.864731082854629,0.0
288.9396358778027,-49.67130484759481,5.7140340481119685,-13.459872007707707,-12.868563871581001,0.0
288.95364692062867,-49.66708344343816,5.71419209102667,-13.457302495970223,-12.872394450535579,3.368306851948935e-14
288.9676553173702,-49.662860053939255,5.714350571596003,-13.454731774832728,-12.876222816881814,0.0
288.9816610675538,-49.65863467960197,5.714509488751744,-13.452159845495178,-12.88004896778401,-3.368306851948935e-14
288.9956641707069,-49.65440732093016,5.714668841425666,-13.449586709158885,-12.883872900407404,1.347322740779574e-13
289.00966462635836,-49.650177978427806,5.714828628549541,-13.447012367026478,-12.88769461191816,1.6841534259744677e-13
289.02366243403804,-49.64594665259885,5.714988849055148,-13.444436820301895,-12.891514099483365,2.020984111169361e-13
289.03765759327683,-49.64171334394736,5.715149501874259,-13.441860070190438,-12.89533136027099,0.0
289.0516501036066,-49.637478052977464,5.71531058593865,-13.439282117898733,-12.899146391449932,-6.73661370389787e-14
289.06563996456055,-49.63324078019334,5.7154721001800946,-13.436702964634744,-12.902959190189982,1.0104920555846805e-13
289.07962717567295,-49.62900152609915,5.715634043530367,-13.4341226116077,-12.90676975366191,6.73661370389787e-14
289.0936117364791,-49.62476029119923,5.715796414921244,-13.431541060028195,-12.910578079037343,3.368306851948935e-14
289.1075936465154,-49.620517075997874,5.715959213284496,-13.428958311108168,-12.914384163488837,6.73661370389787e-14
289.1215729053192,-49.616271880999506,5.716122437551901,-13.426374366060848,-12.918188004189854,6.73661370389787e-14
289.13554951242946,-49.61202470670853,5.716286086655232,-13.423789226100743,-12.921989598314813,1.0104920555846805e-13
289.1495234673857,-49.60777555362944,5.716450159526266,-13.42120289244375,-12.925788943039002,6.73661370389787e-14
289.1634947697287,-49.6035244222668,5.716614655096773,-13.418615366307023,-12.929586035538655,6.73661370389787e-14
289.17746341900033,-49.599271313125236,5.716779572298531,-13.416026648909083,-12.933380872990881,0.0
289.1914294147437,-49.59501622670936,5.716944910063315,-13.413436741469678,-12.937173452573766,6.73661370389787e-14
289.20539275650293,-49.59075916352389,5.717110667322896,-13.410845645209942,-12.94096377146628,0.0
289.21935344382314,-49.58650012407361,5.717276843009052,-13.408253361352278,-12.94475182684829,1.347322740779574e-13
289.23331147625055,-49.58223910886333,5.717443436053555,-13.405659891120415,-12.948537615900612,-3.368306851948935e-14
289.2472668533327,-49.57797611839789,5.717610445388183,-13.403065235739344,-12.952321135804969,1.0104920555846805e-13
289.261219574618,-49.57371115318222,5.717777869944708,-13.40046939643538,-12.956102383744014,-1.347322740779574e-13
289.275169639656,-49.5694442137213,5.717945708654905,-13.39787237443616,-12.959881356901281,6.73661370389787e-14
289.2891170479973,-49.565175300520174,5.718113960450547,-13.3952741709706,-12.963658052461248,-3.368306851948935e-14
289.30306179919376,-49.56090441408384,5.718282624263411,-13.392674787268879,-12.967432467609324,0.0
289.31700389279814,-49.55663155491748,5.718451699025272,-13.390074224562518,-12.971204599531806,1.0104920555846805e-13
289.3309433283644,-49.55235672352625,5.718621183667901,-13.387472484084311,-12.974974445415938,1.0104920555846805e-13
289.3448801054476,-49.54807992041538,5.718791077123076,-13.384869567068336,-12.978742002449835,3.368306851948935e-14
289.3588142236038,-49.54380114609014,5.718961378322571,-13.382265474749943,-12.982507267822609,-6.73661370389787e-14
289.3727456823903,-49.53952040105584,5.719132086198159,-13.379660208365816,-12.986270238724213,0.0
289.3866744813652,-49.53523768581785,5.719303199681614,-13.377053769153896,-12.990030912345555,1.0104920555846805e-13
289.400600620088,-49.53095300088163,5.719474717704713,-13.374446158353406,-12.99378928587845,6.73661370389787e-14
289.41452409811916,-49.526666346752585,5.71964663919923,-13.371837377204825,-12.997545356515658,1.6841534259744677e-13
289.4284449150203,-49.52237772393627,5.719818963096938,-13.369227426949944,-13.001299121450844,1.0104920555846805e-13
289.44236307035396,-49.518087132938255,5.719991688329614,-13.366616308831832,-13.005050577878567,0.0
289.4562785636837,-49.51379457426415,5.72016481382903,-13.36400402409483,-13.008799722994326,-6.73661370389787e-14
289.47019139457467,-49.509500048419596,5.720338338526963,-13.361390573984531,-13.012546553994552,1.347322740779574e-13
289.48410156259257,-49.5052035559103,5.720512261355184,-13.358775959747822,-13.016291068076596,3.368306851948935e-14
289.49800906730434,-49.50090509724203,5.720686581245471,-13.356160182632856,-13.020033262438696,1.0104920555846805e-13
289.511913908278,-49.49660467292062,5.720861297129598,-13.353543243889057,-13.023773134280033,1.6841534259744677e-13
289.52581608508297,-49.492302283451856,5.721036407939339,-13.350925144767086,-13.027510680800727,2.020984111169361e-13
289.5397155972892,-49.487997929341645,5.721211912606467,-13.3483058865189,-13.03124589920179,3.368306851948935e-14
289.5536124444681,-49.48369161109595,5.721387810062757,-13.345685470397726,-13.034978786685166,0.0
289.5675066261919,-49.47938332922075,5.721564099239988,-13.34306389765805,-13.038709340453686,3.368306851948935e-14
289.5813981420343,-49.47507308422205,5.721740779069929,-13.34044116955555,-13.042437557711178,0.0
289.59528699156965,-49.470760876605944,5.721917848484354,-13.33781728734727,-13.046163435662326,1.6841534259744677e-13
289.6091731743737,-49.46644670687854,5.722095306415045,-13.335192252291407,-13.049886971512755,6.73661370389787e-14
289.6230566900231,-49.462130575546034,5.72227315179377,-13.332566065647505,-13.053608162469004,-3.368306851948935e-14
289.6369375380956,-49.45781248311458,5.722451383552304,-13.329938728676291,-13.057327005738557,1.347322740779574e-13
289.6508157181701,-49.453492430090456,5.722630000622424,-13.327310242639747,-13.061043498529802,3.368306851948935e-14
289.66469122982653,-49.449170416979946,5.722809001935902,-13.324680608801156,-13.064757638052047,0.0
289.67856407264577,-49.44484644428942,5.7229883864245155,-13.32204982842501,-13.068469421515507,-3.368306851948935e-14
289.6924342462101,-49.440520512525204,5.723168153020037,-13.319417902777031,-13.072178846131365,-3.368306851948935e-14
289.70630175010257,-49.43619262219375,5.723348300654241,-13.316784833124208,-13.07588590911169,3.368306851948935e-14
289.7201665839074,-49.43186277380152,5.723528828258903,-13.314150620734768,-13.079590607669475,6.73661370389787e-14
289.73402874720995,-49.42753096785504,5.723709734765797,-13.311515266878184,-13.083292939018635,3.368306851948935e-14
289.7478882395966,-49.42319720486082,5.723891019106696,-13.308878772825144,-13.086992900374039,1.347322740779574e-13
289.76174506065473,-49.41886148532545,5.724072680213379,-13.306241139847575,-13.090690488951438,3.368306851948935e-14
289.77559920997294,-49.414523809755586,5.724254717017615,-13.303602369218677,-13.094385701967523,6.73661370389787e-14
