galstreams/tracks/track.st.Orphan-Chenab.koposov2019.ecsv
# %ECSV 0.9
# ---
# datatype:
# - {name: ra, unit: deg, datatype: float64}
# - {name: dec, unit: deg, datatype: float64}
# - {name: distance, unit: kpc, datatype: float64}
# - {name: pm_ra_cosdec, unit: mas / yr, datatype: float64}
# - {name: pm_dec, unit: mas / yr, datatype: float64}
# - {name: radial_velocity, unit: km / s, datatype: float64}
# delimiter: ','
# meta: !!omap
# - __serialized_columns__:
#     dec:
#       __class__: astropy.coordinates.angles.Latitude
#       unit: &id001 !astropy.units.Unit {unit: deg}
#       value: !astropy.table.SerializedColumn {name: dec}
#     distance:
#       __class__: astropy.coordinates.distances.Distance
#       unit: !astropy.units.Unit {unit: kpc}
#       value: !astropy.table.SerializedColumn {name: distance}
#     pm_dec:
#       __class__: astropy.units.quantity.Quantity
#       unit: !astropy.units.Unit {unit: mas / yr}
#       value: !astropy.table.SerializedColumn {name: pm_dec}
#     pm_ra_cosdec:
#       __class__: astropy.units.quantity.Quantity
#       unit: !astropy.units.Unit {unit: mas / yr}
#       value: !astropy.table.SerializedColumn {name: pm_ra_cosdec}
#     ra:
#       __class__: astropy.coordinates.angles.Longitude
#       unit: *id001
#       value: !astropy.table.SerializedColumn {name: ra}
#       wrap_angle: !astropy.coordinates.Angle
#         unit: *id001
#         value: 360.0
#     radial_velocity:
#       __class__: astropy.units.quantity.Quantity
#       unit: !astropy.units.Unit {unit: km / s}
#       value: !astropy.table.SerializedColumn {name: radial_velocity}
# schema: astropy-2.0
ra,dec,distance,pm_ra_cosdec,pm_dec,radial_velocity
[from data line 21773]
142.41088542630848,48.37208918106943,47.25610904392903,-0.3557061809309505,-0.8977472933556403,82.58726438434113
142.40704478297224,48.38188832134942,47.26296290996589,-0.3554166384425052,-0.8979361543505879,82.52127084059505
142.40320256376887,48.3916873272094,47.269816776002784,-0.3551270549707095,-0.8981249938537434,82.45527729684883
142.3993587676618,48.40148619855118,47.276670642039626,-0.35483743048849126,-0.8983138118497197,82.38928375310286
142.39551339361344,48.41128493527658,47.28352450807651,-0.3545477649687494,-0.8985026083231116,82.32329020935659
142.39166644058548,48.42108353728722,47.290378374113395,-0.35425805838436153,-0.8986913832584933,82.25729666561041
142.38781790753848,48.43088200448469,47.297232240150244,-0.35396831070817975,-0.8988801366404197,82.19130312186434
142.38396779343205,48.44068033677057,47.30408610618714,-0.35367852191302923,-0.8990688684534274,82.12530957811822
142.38011609722497,48.45047853404619,47.31093997222399,-0.3533886919717143,-0.899257578682032,82.05931603437224
142.37626281787502,48.46027659621297,47.317793838260876,-0.3530988208570104,-0.8994462673107315,81.99332249062607
142.37240795433897,48.47007452317211,47.32464770429774,-0.3528089085416713,-0.8996349343240013,81.9273289468801
142.36855150557273,48.479872314824846,47.33150157033462,-0.3525189549984234,-0.8998235797063012,81.86133540313406
142.36469347053128,48.48966997107218,47.33835543637149,-0.3522289601999714,-0.9000122034420674,81.79534185938805
142.3608338481685,48.49946749181518,47.34520930240837,-0.351938924118991,-0.9002008055157196,81.72934831564197
142.35697263743748,48.50926487695471,47.35206316844525,-0.35164884672813734,-0.900389385911656,81.66335477189607
142.3531098372903,48.519062126391674,47.35891703448213,-0.3513587280000368,-0.9005779446142563,81.59736122814999
142.34924544667805,48.52885924002671,47.365770900519,-0.351068567907293,-0.900766481607879,81.53136768440417
142.34537946455092,48.538656217760575,47.37262476655587,-0.35077836642248356,-0.9009549968768651,81.46537414065811
142.34151188985808,48.5484530594938,47.379478632592765,-0.3504881235181613,-0.9011434904055338,81.39938059691211
142.33764272154784,48.558249765126874,47.38633249862964,-0.35019783916685593,-0.901331962178184,81.33338705316623
142.33377195856744,48.56804633456019,47.39318636466653,-0.349907513341068,-0.9015204121790983,81.26739350942026
142.32989959986327,48.577842767694044,47.400040230703404,-0.3496171460132778,-0.9017088403925353,81.20139996567444
142.32602564438062,48.587639064428714,47.40689409674029,-0.34932673715593504,-0.9018972468027373,81.13540642192848
142.32215009106397,48.59743522466434,47.413747962777165,-0.3490362867414693,-0.9020856313939238,81.06941287818272
142.31827293885678,48.60723124830095,47.42060182881406,-0.34874579474228207,-0.9022739941502964,81.00341933443674
142.31439418670152,48.6170271352385,47.42745569485094,-0.34845526113075065,-0.9024623350560355,80.93742579069101
142.3105138335397,48.626822885376924,47.43430956088783,-0.34816468587922633,-0.9026506540953025,80.87143224694509
142.3066318783119,48.63661849861599,47.4411634269247,-0.3478740689600373,-0.9028389512522378,80.80543870319936
142.3027603552137,48.64641750304116,47.44801468521863,-0.347583538051133,-0.9030274022959988,80.73922175217115
142.29891011685427,48.65622307978033,47.45486098576867,-0.3472932084510034,-0.9032161657287556,80.6725800675306
142.2950582850687,48.666028521935786,47.461707286318706,-0.3470028374610761,-0.9034049073910324,80.60593838289032
142.29120485880205,48.675833829408596,47.468553586868744,-0.3467124250537857,-0.9035936272671463,80.53929669824974
142.28734983699815,48.68563900209957,47.47539988741875,-0.34642197120154344,-0.9037823253413935,80.47265501360943
142.2834932186001,48.69544403990958,47.48224618796881,-0.3461314758767335,-0.9039710015980513,80.40601332896895
142.27963500254995,48.70524894273931,47.48909248851883,-0.3458409390517177,-0.9041596560213759,80.33937164432866
142.27577518778867,48.7150537104895,47.49593878906887,-0.34555036069882733,-0.9043482885956057,80.27272995968818
142.27191377325644,48.72485834306057,47.502785089618904,-0.3452597407903741,-0.9045368993049557,80.20608827504793
142.26805075789235,48.73466284035309,47.50963139016895,-0.3449690792986396,-0.9047254881336246,80.13944659040752
142.26418614063456,48.74446720226738,47.51647769071897,-0.3446783761958835,-0.9049140550657883,80.07280490576727
142.26031992042024,48.75427142870383,47.52332399126903,-0.3443876314543366,-0.9051026000856042,80.00616322112683
142.2564520961856,48.76407551956256,47.53017029181905,-0.3440968450462075,-0.9052911231772083,79.93952153648664
142.2525826668659,48.77387947474374,47.5370165923691,-0.3438060169436763,-0.9054796243247181,79.87287985184628
142.24871163139534,48.78368329414741,47.54386289291915,-0.3435151471188997,-0.905668103512229,79.80623816720589
142.24483898870724,48.79348697767352,47.55070919346918,-0.3432242355440082,-0.9058565607238178,79.73959648256573
142.2409647377339,48.80329052522191,47.55755549401922,-0.34293328219110525,-0.9060449959435406,79.6729547979254
142.23708887740662,48.813093936692376,47.56440179456926,-0.3426422870322719,-0.9062334091554323,79.60631311328528
142.23321140665573,48.82289721198464,47.5712480951193,-0.3423512500395593,-0.90642180034351,79.53967142864495
142.22933232441062,48.83270035099827,47.57809439566935,-0.34206017118499643,-0.9066101694917668,79.47302974400489
142.22545162959966,48.842503353632814,47.5849406962194,-0.3417690504405853,-0.9067985165841796,79.40638805936457
142.22156932115024,48.852306219787664,47.59178699676943,-0.3414778877783013,-0.9069868416047017,79.33974637472446
142.21768539798873,48.8621089493622,47.59863329731949,-0.3411866831700946,-0.9071751445372681,79.27310469008428
142.2137998590406,48.87191154225566,47.60547959786952,-0.3408954365878913,-0.9073634253657916,79.20646300544423
142.20991270323023,48.881713998367246,47.612325898419584,-0.34060414800358785,-0.9075516840741661,79.13982132080397
142.20602392948115,48.89151631759599,47.619172198969636,-0.34031281738905905,-0.9077399206462651,79.07317963616379
142.2021335367157,48.901318499840905,47.62601849951967,-0.3400214447161514,-0.9079281350659395,79.00653795152385
142.19824152385542,48.91112054500093,47.632864800069726,-0.33973002995668483,-0.9081163273170225,78.93989626688371
142.19434788982082,48.92092245297482,47.63971110061978,-0.33943857308245684,-0.9083044973833238,78.87325458224362
142.19045263353132,48.93072422366136,47.64655740116984,-0.33914707406523403,-0.9084926452486362,78.80661289760347
142.1865557539054,48.94052585695914,47.653403701719874,-0.33885553287676107,-0.9086807708967288,78.7399712129636
142.18265724986057,48.9503273527668,47.66025000226995,-0.3385639494887541,-0.9088688743113514,78.67332952832348
142.17875712031338,48.960128710982715,47.667096302819985,-0.33827232387290573,-0.9090569554762324,78.60668784368356
142.17485536417922,48.96992993150531,47.673942603370044,-0.33798065600087907,-0.909245014375081,78.54004615904338
142.17095198037273,48.97973101423283,47.6807889039201,-0.3376889458443152,-0.9094330509915831,78.47340447440357
142.16704696780727,48.98953195906356,47.68763520447016,-0.33739719337482454,-0.9096210653094075,78.40676278976349
142.16314032539543,48.999332765895524,47.6944815050202,-0.33710539856399535,-0.9098090573121994,78.34012110512366
142.1592320520487,49.00913343462679,47.70132780557027,-0.3368135613833873,-0.9099970269835836,78.27347942048362
142.15532214667758,49.01893396515529,47.70817410612034,-0.3365216818045351,-0.9101849743071648,78.20683773584362
142.15141060819153,49.02873435737883,47.71502040667039,-0.3362297597989467,-0.9103728992665263,78.14019605120384
142.1474974354991,49.03853461119522,47.72186670722044,-0.33593779533810375,-0.9105608018452321,78.07355436656387
142.14358262750773,49.04833472650207,47.7287130077705,-0.3356457883934622,-0.910748682026822,78.00691268192406
142.13966618312386,49.058134703197034,47.735559308320575,-0.33535373893644943,-0.9109365397948186,77.94027099728407
142.13574810125306,49.0679345411775,47.74240560887063,-0.3350616469384709,-0.9111243751327206,77.8736293126444
142.1318283807997,49.07773424034094,47.74925190942069,-0.33476951237090063,-0.911312188024008,77.80698762800444
142.12790702066727,49.087533800584616,47.75609820997074,-0.33447733520509015,-0.911499978452138,77.74034594336474
142.123992431868,49.09733568302837,47.76294234603308,-0.33418520461962886,-0.9116878854310572,77.67354002239121
142.12010084851866,49.10714463715376,47.76978014202106,-0.33389329289134284,-0.9118761772505493,77.60625303121225
142.11620763356686,49.11695345453386,47.77661793800905,-0.33360133881806503,-0.9120644467134044,77.5389660400332
142.11231278592,49.12676213506707,47.78345573399706,-0.3333093423712392,-0.9122526938032407,77.4716790488541
142.10841630448442,49.13657067865174,47.79029352998504,-0.3330173035222795,-0.9124409185036584,77.4043920576752
142.1045181881655,49.146379085186105,47.79713132597305,-0.3327252222425754,-0.9126291207982362,77.33710506649615
142.10061843586752,49.156187354568296,47.803969121961025,-0.33243309850348945,-0.9128173006705308,77.26981807531733
142.09671704649384,49.16599548669644,47.81080691794902,-0.33214093227635694,-0.9130054581040796,77.20253108413829
142.09281401894677,49.17580348146847,47.81764471393702,-0.33184872353248773,-0.913193593082396,77.13524409295945
142.08890935212753,49.18561133878231,47.82448250992501,-0.3315564722431637,-0.9133817055889764,77.06795710178048
142.0850030449365,49.19541905853569,47.831320305912996,-0.33126417837964306,-0.9135697956072923,77.0006701106017
142.08109509627283,49.20522664062643,47.838158101901016,-0.3309718419131525,-0.9137578631207969,76.93338311942274
142.07718550503478,49.215034084952066,47.84499589788899,-0.3306794628148963,-0.9139459081129205,76.86609612824404
142.07327427011958,49.22484139141018,47.851833693877005,-0.3303870410560494,-0.9141339305670735,76.79880913706512
142.06936139042344,49.23464855989817,47.858671489864996,-0.33009457660776315,-0.9143219304666432,76.73152214588637
142.06544686484145,49.244455590313436,47.865509285853,-0.32980206944115753,-0.9145099077949981,76.66423515470746
142.06153069226778,49.254262482553244,47.87234708184101,-0.32950951952732915,-0.9146978625354836,76.59694816352857
142.05761287159558,49.264069236514686,47.879184877829005,-0.3292169268373486,-0.9148857946714245,76.52966117234989
142.0536934017169,49.27387585209494,47.886022673817024,-0.3289242913422554,-0.9150737041861239,76.46237418117106
142.04977228152285,49.28368232919091,47.892860469805015,-0.32863161301306665,-0.9152615910628641,76.39508718999244
142.04584950990338,49.2934886676996,47.89969826579303,-0.3283388918207695,-0.9154494552849058,76.3278001988136
142.04192508574755,49.30329486751774,47.906536061781026,-0.3280461277363253,-0.9156372968354878,76.260513207635
142.03799900794328,49.313100928542084,47.91337385776903,-0.3277533207306685,-0.9158251156978292,76.19322621645621
142.03407127537758,49.32290685066924,47.920211653757036,-0.3274604707747074,-0.9160129118551247,76.12593922527765
142.03014188693626,49.33271263379583,47.92704944974505,-0.3271675778393206,-0.9162006852905505,76.05865223409886
142.02621084150425,49.34251827781816,47.933887245733054,-0.3268746418953631,-0.9163884359872585,75.99136524292034
142.02227813796537,49.3523237826327,47.94072504172106,-0.32658166291366,-0.9165761639283823,75.92407825174159
142.0183437752024,49.362129148135686,47.94756283770908,-0.32628864086501036,-0.9167638690970308,75.85679126056284
142.0144077520971,49.37193437422328,47.954400633697084,-0.32599557572018756,-0.9169515514762921,75.78950426938444
142.01047006753018,49.38173946079159,47.96123842968511,-0.32570246744993436,-0.9171392110492346,75.72221727820569
142.00653072038136,49.39154440773655,47.968076225673116,-0.325409316024971,-0.9173268477989024,75.65493028702727
142.0025897095292,49.40134921495415,47.97491402166112,-0.32511612141598545,-0.91751446170832,75.5876432958486
141.99864703385128,49.41115388234015,47.98175181764914,-0.3248228835936422,-0.9177020527604879,75.52035630467016
141.99470269222425,49.420958409790266,47.98858961363715,-0.32452960252857677,-0.917889620938388,75.45306931349155
141.99075668352356,49.43076279720011,47.995427409625165,-0.32423627819139866,-0.9180771662249766,75.38578232231315
141.9868090066236,49.440567044465254,48.00226520561319,-0.32394291055268704,-0.9182646886031918,75.31849533113463
141.98285966039782,49.450371151481136,48.00910300160118,-0.3236494995829987,-0.9184521880559475,75.25120833995621
141.97890864371863,49.46017511814308,48.015940797589224,-0.32335604525285755,-0.9186396645661363,75.18392134877764
141.97495595545726,49.46997894434634,48.022778593577236,-0.3230625475327647,-0.918827118116629,75.1166343575993
141.97100159448397,49.47978262998612,48.02961638956525,-0.32276900639319045,-0.9190145486902759,75.04934736642076
141.967045559668,49.48958617495747,48.03645418555329,-0.3224754218045793,-0.9192019562699019,74.98206037524231
141.9630878498775,49.49938957915535,48.043291981541294,-0.322181793737349,-0.9193893408383128,74.91477338406402
141.9591284639795,49.50919284247468,48.05012977752933,-0.32188812216188806,-0.9195767023782918,74.84748639288556
141.9551674008401,49.51899596481022,48.05696757351735,-0.321594407048558,-0.9197640408725992,74.78019940170728
141.95120465932425,49.528798946056746,48.06380536950538,-0.32130064836769245,-0.9199513563039747,74.71291241052892
141.9472402382959,49.53860178610875,48.07064316549339,-0.32100684608959984,-0.9201386486551334,74.64562541935062
141.94327925722234,49.54840597997614,48.077479409621176,-0.3207130543277661,-0.9203260135287102,74.57823285350696
141.9393426408456,49.55821763701252,48.08430776197191,-0.32041949443155593,-0.9205138416383611,74.51030340186577
141.9354043524336,49.568029154885664,48.091136114322644,-0.3201258911655642,-0.9207016467680968,74.44237395022435
141.93146439085373,49.577840533491134,48.09796446667338,-0.3198322445001736,-0.9208894289007807,74.37444449858326
141.92752275497224,49.587651772724556,48.10479281902411,-0.3195385544057333,-0.9210771880192568,74.30651504694191
141.92357944365443,49.59746287248139,48.11162117137487,-0.31924482085256967,-0.9212649241063444,74.23858559530056
141.9196344557644,49.607273832656965,48.1184495237256,-0.3189510438109796,-0.921452637144842,74.17065614365946
141.91568779016524,49.61708465314659,48.12527787607634,-0.31865722325123147,-0.9216403271175265,74.10272669201817
141.91173944571906,49.62689533384545,48.132106228427084,-0.3183633591435673,-0.9218279940071503,74.03479724037709
141.9077894212868,49.636705874648634,48.13893458077782,-0.3180694514581991,-0.9220156377964475,73.96686778873583
141.90383771572834,49.64651627545115,48.14576293312855,-0.31777550016531364,-0.9222032584681257,73.89893833709482
141.89988432790258,49.6563265361479,48.15259128547932,-0.3174815052350677,-0.922390856004873,73.83100888545363
141.8959292566673,49.66613665663369,48.159419637830034,-0.31718746663759245,-0.9225784303893549,73.76307943381258
141.89197250087912,49.67594663680328,48.166247990180786,-0.3168933843429874,-0.9227659816042142,73.69514998217137
141.8880140593937,49.685756476551276,48.17307634253152,-0.3165992583213278,-0.9229535096320705,73.62722053053045
141.88405393106564,49.6955661757722,48.17990469488228,-0.31630508854265904,-0.9231410144555223,73.55929107888929
141.8800921147484,49.70537573436052,48.186733047233034,-0.3160108749769985,-0.9233284960571455,73.49136162724815
141.87612860929437,49.71518515221054,48.19356139958377,-0.3157166175943365,-0.9235159544194926,73.42343217560725
141.8721634135549,49.724994429216615,48.20038975193452,-0.3154223163646335,-0.9237033895250953,73.35550272396611
141.86819652638025,49.73480356527276,48.20721810428527,-0.31512797125782416,-0.9238908013564603,73.28757327232525
