galstreams/tracks/track.st.Jet.ferguson2022.ecsv
# %ECSV 0.9
# ---
# datatype:
# - {name: ra, unit: deg, datatype: float64}
# - {name: dec, unit: deg, datatype: float64}
# - {name: distance, unit: kpc, datatype: float64}
# - {name: pm_ra_cosdec, unit: mas / yr, datatype: float64}
# - {name: pm_dec, unit: mas / yr, datatype: float64}
# - {name: radial_velocity, unit: km / s, datatype: float64}
# delimiter: ','
# meta: !!omap
# - __serialized_columns__:
#     dec:
#       __class__: astropy.coordinates.angles.Latitude
#       unit: &id001 !astropy.units.Unit {unit: deg}
#       value: !astropy.table.SerializedColumn {name: dec}
#     distance:
#       __class__: astropy.coordinates.distances.Distance
#       unit: !astropy.units.Unit {unit: kpc}
#       value: !astropy.table.SerializedColumn {name: distance}
#     pm_dec:
#       __class__: astropy.units.quantity.Quantity
#       unit: !astropy.units.Unit {unit: mas / yr}
#       value: !astropy.table.SerializedColumn {name: pm_dec}
#     pm_ra_cosdec:
#       __class__: astropy.units.quantity.Quantity
#       unit: !astropy.units.Unit {unit: mas / yr}
#       value: !astropy.table.SerializedColumn {name: pm_ra_cosdec}
#     ra:
#       __class__: astropy.coordinates.angles.Longitude
#       unit: *id001
#       value: !astropy.table.SerializedColumn {name: ra}
#       wrap_angle: !astropy.coordinates.Angle
#         unit: *id001
#         value: 360.0
#     radial_velocity:
#       __class__: astropy.units.quantity.Quantity
#       unit: !astropy.units.Unit {unit: km / s}
#       value: !astropy.table.SerializedColumn {name: radial_velocity}
# schema: astropy-2.0
ra,dec,distance,pm_ra_cosdec,pm_dec,radial_velocity
[from data line 2415]
144.52957513256817,-14.768333819578773,28.336291690174303,-0.9194413186207424,-1.6743986944101676,2.6425209330252387e-10
144.5361620396029,-14.760597201362776,28.334034802968894,-0.9198721868623831,-1.67459343238245,2.6538889686505663e-10
144.54274890750682,-14.752860699695397,28.33177938282062,-0.9203032935450446,-1.6747880944009916,2.665762250303686e-10
144.54933573607937,-14.745124314333589,28.32952543173675,-0.9207346388178658,-1.674982680451873,2.6774671166142086e-10
144.55592252511997,-14.737388045034383,28.327272951724492,-0.9211662228299773,-1.6751771905211696,2.6894246059386274e-10
144.56250927442812,-14.729651891554864,28.325021944791093,-0.9215980457304971,-1.6753716245949428,2.7003716032074615e-10
144.5690959838032,-14.72191585365221,28.32277241294377,-0.9220301076685359,-1.6755659826592484,2.7121606771892827e-10
144.57568265304474,-14.714179931083635,28.320524358189783,-0.9224624087931921,-1.6757602647001295,2.7235287128146103e-10
144.58226928195205,-14.706444123606445,28.318277782536356,-0.9228949492535561,-1.6759544707036227,2.735149371453834e-10
144.5888558703246,-14.698708430978007,28.316032687990713,-0.9233277291987076,-1.6761486006557533,2.7472752761208503e-10
144.59544241796183,-14.690972852955742,28.31378907656011,-0.9237607487777151,-1.6763426545425375,2.758138065718386e-10
144.60202892466307,-14.68323738929715,28.31154695025176,-0.9241940081396403,-1.6765366323499837,2.769421893672415e-10
144.6086153902278,-14.675502039759802,28.30930631107292,-0.9246275074335305,-1.6767305340640881,2.7806215139551447e-10
144.61520181445533,-14.667766804101333,28.307067161030805,-0.9250612468084276,-1.6769243596708392,2.792073757251771e-10
144.6217881971451,-14.660031682079435,28.30482950213266,-0.92549522641336,-1.6771181091562146,2.8032733775345014e-10
144.62837453809644,-14.652296673451882,28.302593336385712,-0.9259294463973479,-1.6773117825061847,2.814304582474634e-10
144.6349608371087,-14.644561777976502,28.30035866579721,-0.926363906909401,-1.677505379706708,2.8258410334425594e-10
144.6415470939813,-14.63682699541121,28.298125492374382,-0.9267986080985191,-1.6776989007437346,2.8369564460539907e-10
144.6481333085136,-14.629092325513955,28.29589381812445,-0.9272335501136919,-1.6778923456032035,2.84756661263763e-10
144.65471948050484,-14.621357768042788,28.293663645054668,-0.9276687331038995,-1.6780857142710468,2.858850440591659e-10
144.6613056097544,-14.613623322755805,28.291434975172255,-0.9281041572181116,-1.6782790067331843,2.86996585320309e-10
144.66789169606167,-14.605888989411165,28.28920781048446,-0.9285398226052871,-1.6784722229755273,2.8810812658145215e-10
144.6744777392259,-14.598154767767115,28.286982152998505,-0.9289757294143762,-1.6786653629839767,2.8923650937685506e-10
144.68106373904644,-14.590420657581953,28.28475800472164,-0.9294118777943186,-1.6788584267444249,2.9024700143243976e-10
144.6876496953226,-14.582686658614044,28.282535367661083,-0.9298482678940437,-1.6790514142427535,2.9131643885793354e-10
144.6942356078536,-14.574952770621833,28.280314243824076,-0.9302848998624706,-1.6792443254648333,2.924195593519468e-10
144.70082147643888,-14.567218993363813,28.278094635217858,-0.9307217738485096,-1.6794371603965281,2.9353110061308994e-10
144.7074073008776,-14.559485326598546,28.275876543849666,-0.9311588900010588,-1.6796299190236892,2.945500134358045e-10
144.7139930809691,-14.551751770084678,28.27365997172672,-0.9315962484690091,-1.67982260133216,2.9563629239555806e-10
144.72057881651259,-14.544018323580906,28.271444920856258,-0.9320338494012386,-1.680015207307773,2.9673941288957133e-10
144.72716450730738,-14.536284986845986,28.269231393245533,-0.932471692946616,-1.6802077369363493,2.977583257122859e-10
144.73375015315273,-14.528551759638765,28.26701939090176,-0.9329097792540015,-1.6804001902037033,2.988109216035199e-10
144.7403357538479,-14.520818641718133,28.26480891583219,-0.9333481084722433,-1.6805925670956372,2.9982983442623447e-10
144.74692130919203,-14.513085632843055,28.262599970044032,-0.9337866807501809,-1.6807848675979447,3.0086558878320875e-10
144.75350681898445,-14.505352732772574,28.260392555544552,-0.9342254962366426,-1.680977091696408,3.0196028851009216e-10
144.7600922830244,-14.497619941265757,28.25818667434097,-0.9346645550804464,-1.6811692393767985,3.029370974971574e-10
144.76667770111104,-14.4898872580818,28.255982328440513,-0.9351038574304018,-1.6813613106248808,3.0393916878561217e-10
144.77326307304358,-14.482154682979914,28.253779519850422,-0.935543403435307,-1.6815533054264074,3.0499176467684623e-10
144.77984839862125,-14.474422215719398,28.251578250577943,-0.9359831932439495,-1.6817452237671198,3.0606120210234e-10
144.78643367764326,-14.466689856059611,28.249378522630295,-0.9364232270051078,-1.6819370656327515,3.0712221876070393e-10
144.79301890990877,-14.458957603759977,28.247180338014722,-0.9368635048675497,-1.6821288310090239,3.0811586928202886e-10
144.79960409521698,-14.451225458579982,28.244983698738462,-0.9373040269800332,-1.68232051988165,3.0911794057048366e-10
144.80618923336704,-14.443493420279195,28.24278860680874,-0.9377447934913054,-1.6825121322363306,3.1012843262606836e-10
144.81277432415814,-14.435761488617223,28.240595064232785,-0.9381858045501046,-1.682703668058759,3.111473454487829e-10
144.81935936738944,-14.428029663353769,28.23840307301785,-0.9386270603051572,-1.682895127334615,3.1213257520297795e-10
144.8259443628601,-14.42029794424858,28.236212635171157,-0.939068560905181,-1.6830865100495715,3.130925426557834e-10
144.83252931036927,-14.412566331061473,28.23402375269995,-0.9395103064988819,-1.6832778161892874,3.14044089341459e-10
144.83911420971603,-14.404834823552337,28.231836427611455,-0.9399522972349578,-1.6834690457394157,3.150714229313034e-10
144.8456990606996,-14.397103421481107,28.229650661912913,-0.9403945332620943,-1.6836601986855941,3.1606507345262834e-10
144.85228386311903,-14.389372124607812,28.227466457611552,-0.9408370147289684,-1.683851275013455,3.170250409054338e-10
144.85886861677344,-14.38164093269252,28.22528381671462,-0.9412797417842457,-1.684042274708616,3.179934291253691e-10
144.865453321462,-14.373909845495387,28.223102741229333,-0.9417227145765821,-1.684233197756687,3.1896181734530444e-10
144.8720379769838,-14.366178862776609,28.220923233162946,-0.9421659332546231,-1.6844240441432674,3.199217847981099e-10
144.87862258313788,-14.358447984296468,28.218745294522684,-0.9426093979670045,-1.6846148138539443,3.208564899495257e-10
144.88520713972338,-14.350717209815304,28.216568927315766,-0.9430531088623519,-1.684805506874297,3.2179119510094155e-10
144.89179164653933,-14.342986539093518,28.214394133549455,-0.9434970660892791,-1.6849961231898911,3.227343210194872e-10
144.89837610338486,-14.335255971891577,28.212220915230965,-0.943941269796392,-1.685186662786285,3.2371113000655244e-10
144.904960510059,-14.327525507970018,28.210049274367545,-0.9443857201322841,-1.6853771256490238,3.2464583515796825e-10
144.91154486636083,-14.319795147089435,28.20787921296642,-0.94483041724554,-1.6855675117636428,3.256058026107737e-10
144.91812917208938,-14.312064889010493,28.205710733034834,-0.9452753612847339,-1.6857578211156692,3.2646472085802066e-10
144.9247134270437,-14.304334733493913,28.203543836580007,-0.9457205523984291,-1.6859480536906157,3.2744152984508587e-10
144.93129763102286,-14.296604680300499,28.201378525609186,-0.9461659907351789,-1.6861382094739867,3.283088688594627e-10
144.93788178382584,-14.288874729191098,28.199214802129607,-0.9466116764435268,-1.6863282884512751,3.2926883631226814e-10
144.9444658852517,-14.281144879926636,28.197052668148498,-0.9470576096720049,-1.6865182906079639,3.3017827916229437e-10
144.95104993509946,-14.273415132268093,28.194892125673093,-0.9475037905691364,-1.686708215929525,3.3107930124519074e-10
144.9576339331681,-14.265685485976514,28.19273317671063,-0.9479502192834333,-1.6868980644014198,3.319634817938273e-10
144.96421787925664,-14.257955940813021,28.190575823268347,-0.9483968959633975,-1.6870878360090975,3.3283082080820417e-10
144.97080177316406,-14.250226496538785,28.188420067353473,-0.9488438207575203,-1.687277530737998,3.3374868442536026e-10
144.97738561468933,-14.242497152915055,28.186265910973244,-0.9492909938142836,-1.6874671485735508,3.3466654804251635e-10
144.98396940363148,-14.234767909703123,28.184113356134905,-0.9497384152821571,-1.6876566895011726,3.3554230782402304e-10
144.99055313978945,-14.22703876666437,28.181962404845674,-0.9501860853096034,-1.687846153506273,3.3635912223562065e-10
144.99713682296223,-14.219309723560224,28.179813059112792,-0.9506340040450705,-1.6880355405742455,3.3727698585277674e-10
145.00372045294873,-14.21158078015219,28.1776653209435,-0.9510821716369999,-1.6882248506904767,3.381527456342835e-10
145.01030402954797,-14.203851936201813,28.175519192345025,-0.9515305882338206,-1.6884140838403414,3.3901166388153045e-10
145.0168875525588,-14.196123191470736,28.173374675324606,-0.951979253983952,-1.6886032400092021,3.398874236630372e-10
145.0234710217803,-14.188394545720637,28.17123177188948,-0.952428169035803,-1.6887923191824126,3.407210796088945e-10
145.03005443701127,-14.180665998713271,28.169090484046873,-0.952877333537772,-1.688981321345314,3.4156315632188177e-10
145.03663779805066,-14.172937550210454,28.166950813804032,-0.9533267476382468,-1.6891702464832359,3.4243049533625865e-10
145.0432211046974,-14.16520919997406,28.16481276316818,-0.9537764114856055,-1.6893590945815002,3.4324730974785626e-10
145.04980435675046,-14.157480947766036,28.162676334146557,-0.9542263252282149,-1.689547865625413,3.440641241594539e-10
145.05638755400864,-14.149752793348386,28.1605415287464,-0.9546764890144328,-1.6897365596002727,3.449314631738307e-10
145.06297069627087,-14.142024736483185,28.15840834897494,-0.9551269029926048,-1.6899251764913656,3.4572301528403874e-10
145.06955378333606,-14.134296776932562,28.15627679683942,-0.9555775673110681,-1.6901137162839672,3.465482504627662e-10
145.07613681500305,-14.126568914458709,28.154146874347056,-0.9560284821181474,-1.690302178963341,3.473734856414937e-10
145.0827197910708,-14.118841148823893,28.1520185835051,-0.9564796475621584,-1.6904905645147406,3.4819872082022116e-10
145.08930271133804,-14.11111347979043,28.14989192632079,-0.9569310637914062,-1.6906788729234072,3.489902729304292e-10
145.09588557560375,-14.103385907120709,28.14776690480134,-0.9573827309541857,-1.690867104174572,3.4975656273924755e-10
145.1024683836667,-14.095658430577174,28.145643520954003,-0.9578346491987797,-1.6910552582534528,3.505817979179751e-10
145.10905113532579,-14.087931049922336,28.143521776786013,-0.9582868186734623,-1.6912433351452583,3.513817707953129e-10
145.1156338303798,-14.080203764918783,28.14140167430459,-0.9587392395264972,-1.6914313348351866,3.5219858520691053e-10
145.12221646862764,-14.07247657532913,28.139283215516983,-0.9591919119061365,-1.691619257308422,3.529227711800796e-10
145.1287990498681,-14.064749480916097,28.137166402430427,-0.9596448359606222,-1.6918071025501387,3.5371432329028757e-10
145.13538157389993,-14.057022481442432,28.135051237052146,-0.9600980118381868,-1.691994870545499,3.5450587540049555e-10
145.14196404052203,-14.04929557667097,28.13293772138938,-0.9605514396870511,-1.6921825612796553,3.552300613736646e-10
145.14854644953317,-14.041568766364593,28.130825857449366,-0.9610051196554257,-1.692370174737747,3.559879304153531e-10
145.15512880073211,-14.033842050286252,28.12871564723934,-0.9614590518915114,-1.6925577109049021,3.567373786899117e-10
145.1617110939177,-14.026115428198962,28.126607092766537,-0.9619132365434975,-1.6927451697662386,3.5749524773160026e-10
145.16829332888867,-14.018388899865796,28.124500196038184,-0.9623676737595639,-1.6929325513068618,3.582615375404186e-10
145.17487550544382,-14.0106624650499,28.122394959061516,-0.9628223636878794,-1.6931198555118672,3.590025650478474e-10
145.1814576233819,-14.002936123514461,28.120291383843778,-0.963277306476602,-1.6933070823663354,3.5970990948675666e-10
145.1880396825017,-13.995209875022752,28.1181894723922,-0.9637325022738799,-1.6934942318553383,3.6041725392566594e-10
145.19462168260193,-13.98748371933809,28.116089226714024,-0.96418795122785,-1.693681303963936,3.6120038526874407e-10
145.20120362348135,-13.979757656223862,28.113990648816472,-0.9646436534866387,-1.6938682986771758,3.618908881733936e-10
145.20778550493876,-13.972031685443525,28.11189374070678,-0.965099609198363,-1.6940552159800943,3.625645495437834e-10
145.2143673267728,-13.964305806760585,28.10979850439218,-0.9655558185111286,-1.694242055857717,3.6331399781834204e-10
145.2209490887822,-13.95658001993861,28.107704941879923,-0.9660122815730303,-1.694428818295056,3.640297630243812e-10
145.22753079076574,-13.948854324741248,28.105613055177233,-0.9664689985321522,-1.6946155032771133,3.647202659290307e-10
145.2341124325221,-13.941128720932179,28.103522846291348,-0.9669259695365695,-1.6948021107888778,3.6534340269664126e-10
145.24069401384997,-13.933403208275173,28.1014343172295,-0.967383194734345,-1.694988640815329,3.660254848341609e-10
145.24727553454807,-13.925677786534045,28.099347469998925,-0.9678406742735319,-1.6951750933414325,3.667328292730702e-10
145.2538569944151,-13.917952455472683,28.097262306606847,-0.9682984083021724,-1.695361468352143,3.6742333217771975e-10
145.26043839324967,-13.91022721485502,28.095178829060522,-0.9687563969682981,-1.6955477658324027,3.681390973837589e-10
145.2670197308505,-13.90250206444507,28.093097039367166,-0.9692146404199304,-1.6957339857671432,3.687959172198889e-10
145.2736010070163,-13.894777004006903,28.091016939534022,-0.9696731388050795,-1.6959201281412832,3.694779993574086e-10
145.2801822215457,-13.887052033304634,28.088938531568342,-0.9701318922717455,-1.6961061929397294,3.701685022620581e-10
145.28676337423735,-13.87932715210246,28.086861817477335,-0.9705909009679183,-1.6962921801473785,3.7076637672827905e-10
145.29334446488986,-13.871602360164635,28.084786799268233,-0.9710501650415768,-1.6964780897491132,3.71431617331539e-10
145.2999254933019,-13.863877657255465,28.08271347894829,-0.9715096846406884,-1.6966639217298054,3.720294917977599e-10
145.30650645927216,-13.856153043139326,28.08064185852473,-0.971969459913211,-1.6968496760743146,3.726694700996302e-10
145.3130873625992,-13.848428517580654,28.078571940004792,-0.9724294910070912,-1.6970353527674877,3.732841861001109e-10
145.31966820308162,-13.840704080343942,28.076503725395707,-0.9728897780702661,-1.6972209517941614,3.739494267033708e-10
145.3262489805181,-13.83297973119375,28.07443721670472,-0.9733503212506603,-1.697406473139159,3.7454730116959175e-10
145.33282969470721,-13.825255469894696,28.072372415939054,-0.9738111206961894,-1.697591916787292,3.751283341015529e-10
145.33941034544756,-13.81753129621146,28.07030932510594,-0.9742721765547581,-1.6977772827233601,3.757514708691635e-10
145.3459909325377,-13.809807209908769,28.068247946212622,-0.9747334889742595,-1.6979625709321504,3.7639986993816365e-10
145.35257145577623,-13.802083210751443,28.06618828126634,-0.9751950581025768,-1.6981477813984382,3.7700616517151445e-10
145.35915191496179,-13.794359298504327,28.064130332274328,-0.9756568840875822,-1.6983329141069876,3.7757877733634577e-10
145.36573230989288,-13.786635472932357,28.062074101243795,-0.9761189670771374,-1.6985179690425483,3.7818507256969657e-10
145.37231264036808,-13.778911733800495,28.06001959018201,-0.9765813072190941,-1.6987029461898608,3.787324224331383e-10
145.37889290618597,-13.771188080873813,28.057966801096192,-0.9770439046612917,-1.6988878455336502,3.7934713843361896e-10
145.3854731071451,-13.763464513917388,28.055915735993572,-0.9775067595515599,-1.699072667058632,3.799113298313204e-10
145.39205324304396,-13.755741032696402,28.053866396881393,-0.9779698720377186,-1.6992574107495084,3.804249966262426e-10
145.3986333136811,-13.748017636976067,28.051818785766883,-0.9784332422675751,-1.699442076590969,3.810312918595934e-10
