galstreams/tracks/track.st.M30.sollima2020.ecsv
# %ECSV 1.0
# ---
# datatype:
# - {name: ra, unit: deg, datatype: float64}
# - {name: dec, unit: deg, datatype: float64}
# - {name: distance, unit: kpc, datatype: float64}
# - {name: pm_ra_cosdec, unit: mas / yr, datatype: float64}
# - {name: pm_dec, unit: mas / yr, datatype: float64}
# - {name: radial_velocity, unit: km / s, datatype: float64}
# delimiter: ','
# meta: !!omap
# - __serialized_columns__:
#     dec:
#       __class__: astropy.coordinates.angles.Latitude
#       unit: &id001 !astropy.units.Unit {unit: deg}
#       value: !astropy.table.SerializedColumn {name: dec}
#     distance:
#       __class__: astropy.coordinates.distances.Distance
#       unit: !astropy.units.Unit {unit: kpc}
#       value: !astropy.table.SerializedColumn {name: distance}
#     pm_dec:
#       __class__: astropy.units.quantity.Quantity
#       unit: !astropy.units.Unit {unit: mas / yr}
#       value: !astropy.table.SerializedColumn {name: pm_dec}
#     pm_ra_cosdec:
#       __class__: astropy.units.quantity.Quantity
#       unit: !astropy.units.Unit {unit: mas / yr}
#       value: !astropy.table.SerializedColumn {name: pm_ra_cosdec}
#     ra:
#       __class__: astropy.coordinates.angles.Longitude
#       unit: *id001
#       value: !astropy.table.SerializedColumn {name: ra}
#       wrap_angle: !astropy.coordinates.Angle
#         unit: *id001
#         value: 360.0
#     radial_velocity:
#       __class__: astropy.units.quantity.Quantity
#       unit: !astropy.units.Unit {unit: km / s}
#       value: !astropy.table.SerializedColumn {name: radial_velocity}
# schema: astropy-2.0
ra,dec,distance,pm_ra_cosdec,pm_dec,radial_velocity
320.8350880434941,-25.43041442803958,8.458000000000027,0.0,0.0,0.0
320.8444748378041,-25.422449715007115,8.458000000000027,0.0,0.0,0.0
320.8538728502453,-25.414567172484595,8.45800000000003,0.0,0.0,0.0
320.86328177323514,-25.406764638491374,8.458000000000027,0.0,0.0,0.0
320.8727013031701,-25.39903998105173,8.458000000000025,0.0,0.0,0.0
320.8821311404,-25.391391097982453,8.458000000000025,0.0,0.0,0.0
320.89157098920145,-25.383815916681005,8.458000000000027,0.0,0.0,0.0
320.90102055775304,-25.376312393914333,8.458000000000025,0.0,0.0,0.0
320.91047955810916,-25.368878515608305,8.458000000000027,0.0,0.0,0.0
320.9199477061754,-25.36151229663771,8.458000000000027,0.0,0.0,0.0
320.9294247216826,-25.35421178061701,8.458000000000025,0.0,0.0,0.0
320.938910328163,-25.346975039691564,8.458000000000023,0.0,0.0,0.0
320.9484042529244,-25.339800174329557,8.458000000000023,0.0,0.0,0.0
320.9579062270262,-25.33268531311455,8.458000000000023,0.0,0.0,0.0
320.96741598525506,-25.325628612538615,8.458000000000025,0.0,0.0,0.0
320.97693326610016,-25.31862825679611,8.458000000000023,0.0,0.0,0.0
320.9864578117294,-25.311682457578108,8.458000000000023,0.0,0.0,0.0
320.9959893679652,-25.304789453867414,8.458000000000023,0.0,0.0,0.0
321.005527684261,-25.297947511734172,8.458000000000025,0.0,0.0,0.0
321.0150725136769,-25.29115492413221,8.458000000000023,0.0,0.0,0.0
321.024623612857,-25.28441001069585,8.458000000000023,0.0,0.0,0.0
321.0341807420051,-25.27771111753751,8.458000000000022,0.0,0.0,0.0
321.0437436648618,-25.271056617045762,8.458000000000023,0.0,0.0,0.0
321.05331214868113,-25.264444907684197,8.458000000000023,0.0,0.0,0.0
321.06288596420757,-25.257874413790724,8.458000000000023,0.0,0.0,0.0
321.0724648856529,-25.251343585377654,8.458000000000023,0.0,0.0,0.0
321.08204869067373,-25.244850897932277,8.458000000000023,0.0,0.0,0.0
321.09163716034817,-25.238394852218207,8.45800000000002,0.0,0.0,0.0
321.1012300791535,-25.231973974077214,8.45800000000002,0.0,0.0,0.0
321.11082723494343,-25.22558681423176,8.458000000000023,0.0,0.0,0.0
321.1204284189258,-25.219231948088154,8.458000000000022,0.0,0.0,0.0
321.13003342564014,-25.212907975540308,8.458000000000022,0.0,0.0,0.0
321.1396420529353,-25.206613520774116,8.458000000000022,0.0,0.0,0.0
321.1492541019473,-25.200347232072527,8.458000000000022,0.0,0.0,0.0
321.1588693770771,-25.194107781621124,8.45800000000002,0.0,0.0,0.0
321.1684876859688,-25.18789386531445,8.458000000000018,0.0,0.0,0.0
321.1781088394872,-25.181704202562923,8.458000000000018,0.0,0.0,0.0
321.1877326516967,-25.175537536100276,8.45800000000002,0.0,0.0,0.0
321.1973589398387,-25.16939263179181,8.45800000000002,0.0,0.0,0.0
321.2069875243101,-25.163268278443113,8.45800000000002,0.0,0.0,0.0
321.21661822864183,-25.1571632876095,8.458000000000018,0.0,0.0,0.0
321.2262508794769,-25.151076493406038,8.458000000000018,0.0,0.0,0.0
321.2358853065493,-25.14500675231822,8.45800000000002,0.0,0.0,0.0
321.2455213426621,-25.138952943013198,8.458000000000018,0.0,0.0,0.0
321.255158823666,-25.1329139661518,8.45800000000002,0.0,0.0,0.0
321.2647975884385,-25.126888744201008,8.458000000000016,0.0,0.0,0.0
321.27443747886196,-25.120876221247133,8.458000000000018,0.0,0.0,0.0
321.2840783398026,-25.114875362809656,8.458000000000018,0.0,0.0,0.0
321.2937200190892,-25.108885155655617,8.458000000000018,0.0,0.0,0.0
321.3033623674926,-25.102904607614672,8.458000000000018,0.0,0.0,0.0
321.3130052387032,-25.096932747394835,8.458000000000018,0.0,0.0,0.0
321.3226484893115,-25.090968624398712,8.458000000000018,0.0,0.0,0.0
321.3322919787857,-25.085011308540523,8.458000000000016,0.0,0.0,0.0
321.3419355694518,-25.079059890063604,8.458000000000016,0.0,0.0,0.0
321.3515791264721,-25.073113479358632,8.458000000000018,0.0,0.0,0.0
321.3612225178244,-25.067171206782493,8.458000000000014,0.0,0.0,0.0
321.3708656142813,-25.061232222477656,8.458000000000016,0.0,0.0,0.0
321.38050828938935,-25.05529569619235,8.458000000000016,0.0,0.0,0.0
321.3901504194482,-25.04936081710119,8.458000000000016,0.0,0.0,0.0
321.39979188349,-25.043426793626605,8.458000000000014,0.0,0.0,0.0
321.40943256325875,-25.03749285326072,8.458000000000014,0.0,0.0,0.0
321.4190723431893,-25.031558242388034,8.458000000000016,0.0,0.0,0.0
321.4287111103874,-25.025622226108613,8.458000000000014,0.0,0.0,0.0
321.43834875460834,-25.01968408806196,8.458000000000014,0.0,0.0,0.0
321.44798516823715,-25.01374313025148,8.458000000000016,0.0,0.0,0.0
321.45762024626737,-25.007798672869637,8.458000000000016,0.0,0.0,0.0
321.4672538862812,-25.001850054123643,8.458000000000016,0.0,0.0,0.0
321.4768859884288,-24.995896630061893,8.458000000000014,0.0,0.0,0.0
321.48651645540764,-24.989937774400943,8.458000000000013,0.0,0.0,0.0
321.49614519244255,-24.983972878353125,8.458000000000013,0.0,0.0,0.0
321.50577210726493,-24.97800135045484,8.458000000000013,0.0,0.0,0.0
321.51539711009275,-24.97202261639543,8.458000000000013,0.0,0.0,0.0
321.52502011361014,-24.96603611884671,8.458000000000013,0.0,0.0,0.0
321.53464103294704,-24.960041317293115,8.458000000000014,0.0,0.0,0.0
321.54425978565905,-24.95403768786247,8.458000000000014,0.0,0.0,0.0
321.55387629170707,-24.94802472315743,8.458000000000014,0.0,0.0,0.0
321.56349047343735,-24.942001932087493,8.458000000000013,0.0,0.0,0.0
321.57310225556114,-24.935968839701648,8.458000000000014,0.0,0.0,0.0
321.5827115651344,-24.929924987021714,8.458000000000014,0.0,0.0,0.0
321.59231833153814,-24.923869930876254,8.458000000000013,0.0,0.0,0.0
321.6019224864579,-24.917803243735122,8.45800000000001,0.0,0.0,0.0
321.6115239638639,-24.911724513544662,8.45800000000001,0.0,0.0,0.0
321.62112269999074,-24.905633343563508,8.458000000000013,0.0,0.0,0.0
321.63071863331805,-24.899529352199025,8.458000000000013,0.0,0.0,0.0
321.6403117045496,-24.8934121728444,8.458000000000013,0.0,0.0,0.0
321.6499018565941,-24.887281453716362,8.45800000000001,0.0,0.0,0.0
321.65948903454455,-24.88113685769345,8.45800000000001,0.0,0.0,0.0
321.6690731856591,-24.874978062155055,8.458000000000013,0.0,0.0,0.0
321.6786542593406,-24.86880475882096,8.45800000000001,0.0,0.0,0.0
321.688232207117,-24.862616653591566,8.45800000000001,0.0,0.0,0.0
321.6978069826212,-24.85641346638876,8.45800000000001,0.0,0.0,0.0
321.7073785415718,-24.85019493099738,8.45800000000001,0.0,0.0,0.0
321.71694684175276,-24.843960794907332,8.45800000000001,0.0,0.0,0.0
321.7265118429937,-24.837710819156353,8.45800000000001,0.0,0.0,0.0
321.73607350715076,-24.8314447781733,8.458000000000009,0.0,0.0,0.0
321.745631798086,-24.825162459622245,8.458000000000009,0.0,0.0,0.0
321.7551866816484,-24.818863664247043,8.458000000000007,0.0,0.0,0.0
321.76473812565393,-24.81254820571658,8.458000000000009,0.0,0.0,0.0
321.77428609986583,-24.80621591047072,8.45800000000001,0.0,0.0,0.0
321.7838305759752,-24.79986661756676,8.458000000000009,0.0,0.0,0.0
321.79337152758137,-24.793500178526564,8.458000000000013,0.0,0.0,0.0
321.8029089301723,-24.787116457184407,8.45800000000001,0.0,0.0,0.0
321.812442761105,-24.780715329535315,8.458000000000009,0.0,0.0,0.0
321.82197299958614,-24.774296683584105,8.45800000000001,0.0,0.0,0.0
321.83149962665266,-24.76786041919507,8.458000000000009,0.0,0.0,0.0
321.84102262515205,-24.761406447942264,8.458000000000009,0.0,0.0,0.0
321.8505419797233,-24.75493469296036,8.45800000000001,0.0,0.0,0.0
321.86005767677705,-24.748445088796295,8.458000000000009,0.0,0.0,0.0
321.86956970447676,-24.741937581261386,8.458000000000009,0.0,0.0,0.0
321.879078052719,-24.73541212728413,8.458000000000009,0.0,0.0,0.0
321.8885827131145,-24.728868694763676,8.45800000000001,0.0,0.0,0.0
321.8980836789684,-24.72230726242385,8.458000000000007,0.0,0.0,0.0
321.9075809452616,-24.715727819667862,8.458000000000007,0.0,0.0,0.0
321.917074508631,-24.709130366433655,8.458000000000009,0.0,0.0,0.0
321.92656436735086,-24.70251491304979,8.458000000000007,0.0,0.0,0.0
321.9360505213131,-24.695881480092076,8.458000000000007,0.0,0.0,0.0
321.94553297200895,-24.68923009824079,8.458000000000007,0.0,0.0,0.0
321.9550117225091,-24.682560808138426,8.458000000000007,0.0,0.0,0.0
321.96448677744513,-24.675873660248264,8.458000000000007,0.0,0.0,0.0
321.9739581429904,-24.669168714713404,8.458000000000009,0.0,0.0,0.0
321.98342582684114,-24.662446041216498,8.458000000000007,0.0,0.0,0.0
321.99288983819736,-24.65570571884009,8.458000000000007,0.0,0.0,0.0
322.002350187744,-24.648947835927633,8.458000000000007,0.0,0.0,0.0
322.0118068876326,-24.642172489945033,8.458000000000009,0.0,0.0,0.0
322.02125995146145,-24.635379787342938,8.458000000000009,0.0,0.0,0.0
322.0307093942577,-24.62856984341958,8.458000000000007,0.0,0.0,0.0
322.04015523245823,-24.621742782184267,8.458000000000007,0.0,0.0,0.0
322.0495974838911,-24.6148987362215,8.458000000000007,0.0,0.0,0.0
322.0590361677567,-24.608037846555725,8.458000000000009,0.0,0.0,0.0
322.0684713046094,-24.601160262516714,8.458000000000007,0.0,0.0,0.0
322.07790291633853,-24.594266141605562,8.458000000000007,0.0,0.0,0.0
322.08733102615037,-24.587355649361314,8.458000000000009,0.0,0.0,0.0
322.09675565854934,-24.580428959228236,8.458000000000007,0.0,0.0,0.0
322.10617683931946,-24.573486252423713,8.458000000000007,0.0,0.0,0.0
322.1155945955063,-24.566527717806736,8.458000000000007,0.0,0.0,0.0
322.1250089553981,-24.559553551747044,8.458000000000007,0.0,0.0,0.0
322.1344199485079,-24.552563957994956,8.458000000000007,0.0,0.0,0.0
322.1438276055551,-24.545559147551696,8.458000000000006,0.0,0.0,0.0
322.1532319584469,-24.538539338540453,8.458000000000006,0.0,0.0,0.0
322.16263304026063,-24.53150475607806,8.458000000000007,0.0,0.0,0.0
322.1720308852255,-24.524455632147227,8.458000000000007,0.0,0.0,0.0
322.18142552870404,-24.51739220546947,8.458000000000007,0.0,0.0,0.0
322.19081700717453,-24.510314721378677,8.458000000000007,0.0,0.0,0.0
322.2002053582127,-24.503223431695243,8.458000000000007,0.0,0.0,0.0
322.20959062047405,-24.496118594600873,8.458000000000007,0.0,0.0,0.0
322.2189728336757,-24.48900047451398,8.458000000000007,0.0,0.0,0.0
322.2283520385786,-24.481869341965766,8.458000000000006,0.0,0.0,0.0
322.2377282769697,-24.474725473476884,8.458000000000006,0.0,0.0,0.0
322.2471015916443,-24.467569151434745,8.458000000000006,0.0,0.0,0.0
322.2564720263881,-24.460400663971416,8.458000000000007,0.0,0.0,0.0
322.26583962595976,-24.453220304842233,8.458000000000007,0.0,0.0,0.0
322.27520443607324,-24.446028373304912,8.458000000000007,0.0,0.0,0.0
322.28456650338023,-24.438825173999447,8.458000000000006,0.0,0.0,0.0
322.2939258754526,-24.431611016828448,8.458000000000007,0.0,0.0,0.0
322.3032826007649,-24.424386216838304,8.458000000000007,0.0,0.0,0.0
322.3126367286771,-24.417151094100802,8.458000000000007,0.0,0.0,0.0
322.3219883094172,-24.409905973595492,8.458000000000006,0.0,0.0,0.0
322.331337394064,-24.40265118509257,8.458000000000007,0.0,0.0,0.0
322.3406840345299,-24.395387063036527,8.458000000000006,0.0,0.0,0.0
322.3500282835432,-24.388113946430302,8.458000000000004,0.0,0.0,0.0
322.3593701946319,-24.38083217872012,8.458000000000004,0.0,0.0,0.0
322.36870982210576,-24.373542107680937,8.458000000000006,0.0,0.0,0.0
322.37804722103994,-24.366244085302515,8.458000000000004,0.0,0.0,0.0
322.3873824472578,-24.35893846767613,8.458000000000006,0.0,0.0,0.0
322.3967155573137,-24.351625614881932,8.458000000000006,0.0,0.0,0.0
322.4060466084769,-24.344305890876868,8.458000000000006,0.0,0.0,0.0
322.41537565871397,-24.336979663383257,8.458000000000004,0.0,0.0,0.0
322.4247027666728,-24.32964730377805,8.458000000000006,0.0,0.0,0.0
322.43402799166546,-24.3223091869826,8.458000000000007,0.0,0.0,0.0
322.44335139365177,-24.31496569135321,8.458000000000007,0.0,0.0,0.0
322.45267303322294,-24.30761719857213,8.458000000000006,0.0,0.0,0.0
322.4619929715847,-24.300264093539347,8.458000000000006,0.0,0.0,0.0
322.4713112705414,-24.29290676426488,8.458000000000006,0.0,0.0,0.0
322.48062799247907,-24.285545601761786,8.458000000000004,0.0,0.0,0.0
322.48994320034996,-24.278180999939714,8.458000000000004,0.0,0.0,0.0
322.4992569576555,-24.270813355499133,8.458000000000006,0.0,0.0,0.0
322.50856932843055,-24.263443067826223,8.458000000000006,0.0,0.0,0.0
322.5178803772273,-24.256070538888288,8.458000000000004,0.0,0.0,0.0
322.52719016909924,-24.2486961731299,8.458000000000006,0.0,0.0,0.0
322.5364987695852,-24.241320377369565,8.458000000000006,0.0,0.0,0.0
322.5458062446933,-24.23394356069714,8.458000000000006,0.0,0.0,0.0
322.5551126608856,-24.226566134371758,8.458000000000006,0.0,0.0,0.0
322.5644180850614,-24.219188511720454,8.458000000000004,0.0,0.0,0.0
322.5737225845428,-24.211811108037395,8.458000000000004,0.0,0.0,0.0
322.5830262270579,-24.204434340483704,8.458000000000006,0.0,0.0,0.0
322.59232908072624,-24.197058627987946,8.458000000000006,0.0,0.0,0.0
322.6016312140425,-24.189684391147274,8.458000000000006,0.0,0.0,0.0
322.6109326958616,-24.18231205212908,8.458000000000004,0.0,0.0,0.0
322.620233595383,-24.174942034573434,8.458000000000004,0.0,0.0,0.0
322.62953398213574,-24.16757476349599,8.458000000000004,0.0,0.0,0.0
322.63883392596296,-24.16021066519164,8.458000000000006,0.0,0.0,0.0
322.64813349700705,-24.152850167138713,8.458000000000006,0.0,0.0,0.0
322.6574327656942,-24.145493697903856,8.458000000000004,0.0,0.0,0.0
322.6667318027196,-24.138141687047497,8.458000000000004,0.0,0.0,0.0
322.6760306790326,-24.13079456502996,8.458000000000004,0.0,0.0,0.0
322.6853294658217,-24.12345276311818,8.458000000000002,0.0,0.0,0.0
322.6946282344997,-24.116116713293103,8.458000000000002,0.0,0.0,0.0
322.7039270566892,-24.10878684815758,8.458000000000004,0.0,0.0,0.0
322.71322600420785,-24.101463600845094,8.458000000000002,0.0,0.0,0.0
322.72252514905364,-24.094147404928883,8.458000000000004,0.0,0.0,0.0
322.7318245633905,-24.086838694331856,8.458000000000004,0.0,0.0,0.0
322.74112431953387,-24.07953790323707,8.458000000000004,0.0,0.0,0.0
322.75042448993656,-24.07224546599879,8.458000000000004,0.0,0.0,0.0
322.7597251471741,-24.064961817054293,8.458000000000004,0.0,0.0,0.0
322.7690263639304,-24.057687390836158,8.458000000000006,0.0,0.0,0.0
322.77832821298443,-24.05042262168531,8.458000000000002,0.0,0.0,0.0
322.78763076719514,-24.04316794376455,8.458000000000002,0.0,0.0,0.0
322.7969340994882,-24.035923790972863,8.458000000000004,0.0,0.0,0.0
322.8062382828418,-24.028690596860205,8.458000000000004,0.0,0.0,0.0
322.81554339027275,-24.021468794543026,8.458000000000004,0.0,0.0,0.0
322.82484949482284,-24.014258816620377,8.458000000000002,0.0,0.0,0.0
322.83415666954505,-24.00706109509061,8.458000000000004,0.0,0.0,0.0
322.84346498749005,-23.999876061268747,8.458000000000004,0.0,0.0,0.0
322.85277452169254,-23.992704145704483,8.458000000000002,0.0,0.0,0.0
322.86208534515794,-23.985545778100704,8.458000000000002,0.0,0.0,0.0
322.8713975308488,-23.978401387232836,8.458000000000002,0.0,0.0,0.0
322.8807111516717,-23.971271400868602,8.458000000000004,0.0,0.0,0.0
322.89002628046364,-23.964156245688546,8.458000000000002,0.0,0.0,0.0
322.89934298997935,-23.957056347207104,8.458000000000006,0.0,0.0,0.0
322.9086613528781,-23.949972129694356,8.458000000000002,0.0,0.0,0.0
322.91798144171037,-23.942904016098343,8.458000000000004,0.0,0.0,0.0
322.9273033289052,-23.935852427968083,8.458000000000004,0.0,0.0,0.0
322.9366270867573,-23.92881778537713,8.458000000000004,0.0,0.0,0.0
322.9459527874142,-23.921800506847823,8.458000000000002,0.0,0.0,0.0
322.9552805028636,-23.91480100927611,8.458000000000004,0.0,0.0,0.0
322.96461030492094,-23.90781970785703,8.458000000000002,0.0,0.0,0.0
322.97394226521635,-23.9008570160108,8.458000000000002,0.0,0.0,0.0
322.98327645518276,-23.893913345309564,8.458000000000004,0.0,0.0,0.0
322.99261294604315,-23.886989105404684,8.458000000000004,0.0,0.0,0.0
323.00195180879837,-23.880084703954758,8.458000000000004,0.0,0.0,0.0
323.0112931142148,-23.873200546554173,8.458000000000006,0.0,0.0,0.0
323.0206369328125,-23.866337036662326,8.458000000000004,0.0,0.0,0.0
323.02998333485283,-23.859494575533503,8.458000000000002,0.0,0.0,0.0
323.0393323903265,-23.85267356214726,8.458000000000004,0.0,0.0,0.0
323.0486841689417,-23.84587439313961,8.458000000000002,0.0,0.0,0.0
