galstreams/tracks/track.st.Gaia-9.ibata2020.ecsv
# %ECSV 0.9
# ---
# datatype:
# - {name: ra, unit: deg, datatype: float64}
# - {name: dec, unit: deg, datatype: float64}
# - {name: distance, unit: kpc, datatype: float64}
# - {name: pm_ra_cosdec, unit: mas / yr, datatype: float64}
# - {name: pm_dec, unit: mas / yr, datatype: float64}
# - {name: radial_velocity, unit: km / s, datatype: float64}
# delimiter: ','
# meta: !!omap
# - __serialized_columns__:
#     dec:
#       __class__: astropy.coordinates.angles.Latitude
#       unit: &id001 !astropy.units.Unit {unit: deg}
#       value: !astropy.table.SerializedColumn {name: dec}
#     distance:
#       __class__: astropy.coordinates.distances.Distance
#       unit: !astropy.units.Unit {unit: kpc}
#       value: !astropy.table.SerializedColumn {name: distance}
#     pm_dec:
#       __class__: astropy.units.quantity.Quantity
#       unit: !astropy.units.Unit {unit: mas / yr}
#       value: !astropy.table.SerializedColumn {name: pm_dec}
#     pm_ra_cosdec:
#       __class__: astropy.units.quantity.Quantity
#       unit: !astropy.units.Unit {unit: mas / yr}
#       value: !astropy.table.SerializedColumn {name: pm_ra_cosdec}
#     ra:
#       __class__: astropy.coordinates.angles.Longitude
#       unit: *id001
#       value: !astropy.table.SerializedColumn {name: ra}
#       wrap_angle: !astropy.coordinates.Angle
#         unit: *id001
#         value: 360.0
#     radial_velocity:
#       __class__: astropy.units.quantity.Quantity
#       unit: !astropy.units.Unit {unit: km / s}
#       value: !astropy.table.SerializedColumn {name: radial_velocity}
# schema: astropy-2.0
ra,dec,distance,pm_ra_cosdec,pm_dec,radial_velocity
[from data line 140]
240.54576953138636,57.97446204901166,4.418761284317882,-10.345574165054511,6.866378810406907,-2.5262301389617013e-14
240.63293304969798,57.874183621460375,4.427815354854424,-10.30867146298599,6.84502330287471,2.5262301389617013e-14
240.71924309850593,57.773745726002666,4.437018926990971,-10.27212411529111,6.823508279935662,0.0
240.80469942688836,57.673147803875416,4.446373818704535,-10.235935541395873,6.801837738435653,-1.6841534259744676e-14
240.8893017865588,57.57238929618993,4.455881847972133,-10.200109144600182,6.780015672151552,1.6841534259744676e-14
240.97304993192577,57.471469643699045,4.46554483277078,-10.164648312483976,6.758046071254228,-1.6841534259744676e-14
241.05594362014745,57.370388286565394,4.475364591077485,-10.129556417315207,6.735932921776285,-7.578690416885104e-14
241.13798261118106,57.269144664130614,4.485342940869267,-10.094836816459281,6.713680205084524,-4.210383564936169e-14
241.21916666782812,57.16773821468582,4.49548170012314,-10.060492852789995,6.6912918973572815,-8.420767129872338e-14
241.2994955557738,57.0661683752432,4.505782686816116,-10.02652785510174,6.668771969066491,1.6841534259744676e-14
241.37896904362327,56.96443458130888,4.5162477189252135,-9.992945138522764,6.646124384464819,-3.368306851948935e-14
241.45758690293232,56.86253626665695,4.526878614427443,-9.959748004929427,6.6233531010776066,-1.6841534259744676e-14
241.53534890823457,56.76047286310492,4.537677191299821,-9.926939743361231,6.600462069199922,-3.368306851948935e-14
241.61225483706463,56.6582438002905,4.54864526751936,-9.894523630436481,6.577455231398622,-1.6841534259744676e-14
241.68830446997677,56.555848505449575,4.559784661063077,-9.862502930768462,6.554336522019492,-9.262843842859572e-14
241.76349759056035,56.4532864031959,4.571097189907983,-9.830880897381936,6.5311098666995315,-8.420767129872338e-15
241.83783398545154,56.35055691530196,4.582584672031094,-9.79966077212984,6.507779181884449,1.6841534259744676e-14
241.91131344434135,56.247659460481536,4.594248925409425,-9.768845786110024,6.484348374351292,-5.0524602779234026e-14
241.98393575998017,56.14459345417368,4.60609176801999,-9.738439160081926,6.460821340736345,-1.0104920555846805e-13
242.0557007281795,56.041358308328284,4.618115017839804,-9.70844410488295,6.437201967068335,1.6841534259744676e-14
242.12660814781026,55.93795343119324,4.630320492845881,-9.678863821844525,6.413494128306948,0.0
242.196657820798,55.83437822710329,4.642710011015232,-9.649701503207627,6.389701687886614,0.0
242.26584955211533,55.73063209627045,4.6552853903248765,-9.620960332537619,6.3658284972657135,8.420767129872338e-15
242.33418314977166,55.626714434576236,4.668048448751826,-9.592643485138378,6.341878395481201,-5.0524602779234026e-14
242.40165842480005,55.52262463336556,4.681001004273095,-9.564754128465417,6.317855208708568,2.5262301389617013e-14
242.46827519124176,55.41836207924243,4.694144874865698,-9.53729542253803,6.293762749827392,-1.4315304120782974e-13
242.53403326612772,55.31392615386746,4.707481878506651,-9.510270520350256,6.269604817992137,2.5262301389617013e-14
242.59893246945876,55.20931623375722,4.721013833172965,-9.483682568280454,6.245385198208746,-8.420767129872338e-14
242.66297262418198,55.10453169008538,4.734742556841657,-9.457534706499601,6.221107660916422,-7.578690416885104e-14
242.7261535561666,54.99957188848597,4.748669867489741,-9.431830069377895,6.196775961575229,5.0524602779234026e-14
242.7884750941765,54.89443618885828,4.7627975830942315,-9.40657178588979,6.172393840259108,-4.210383564936169e-14
242.84993706984105,54.78912394517401,4.777127521632144,-9.381762980017204,6.1479650212544446,-1.0104920555846805e-13
242.9105393176243,54.68363450528622,4.791661501080488,-9.357406771150849,6.123493212664336,-8.420767129872338e-15
242.97028167479226,54.57796721074046,4.806401339416283,-9.333506274489473,6.098982106018424,5.894536990910637e-14
243.029163981378,54.472121396587795,4.821348854616539,-9.31006460143709,6.074435375888367,-8.420767129872338e-14
243.08718608014516,54.36609639120014,4.8365058646582755,-9.287084859997888,6.049856679508893,-3.368306851948935e-14
243.14434781655063,54.259891516087535,4.851874187518504,-9.264570155168796,6.0252496564046965,-1.6841534259744676e-14
243.20064903870437,54.15350608571761,4.867455641174239,-9.242523589329645,6.00061792802282,-7.578690416885104e-14
243.25608959732875,54.046939407337405,4.883252043602493,-9.220948262630708,5.975965097370869,-7.578690416885104e-14
243.3106693457158,53.940190780797074,4.899265212780283,-9.199847273377662,5.951294748660893,-4.210383564936169e-14
243.36438813968383,53.83325949837623,4.915496966684623,-9.179223718413702,5.926610446959021,4.210383564936169e-14
243.4172458375319,53.72614484461217,4.931949123292527,-9.159080693498861,5.901915737840826,-8.420767129872338e-15
243.46924229999345,53.61884609613076,4.948623500581008,-9.13942129368638,5.877214147052451,5.0524602779234026e-14
243.52037739018897,53.51136252147934,4.965521916527083,-9.120248613695974,5.852509180177556,7.578690416885104e-14
243.570650973577,53.40369338096224,4.982646189107764,-9.101565748284022,5.8278043223100084,7.578690416885104e-14
243.62006291790428,53.2958379264785,4.999998136300067,-9.083375792610497,5.8031030377324235,-2.5262301389617013e-14
243.66861309315487,53.18779540136215,5.017579576081006,-9.06568184260259,5.778408769600502,-2.5262301389617013e-14
243.71630137149836,53.0795650402248,5.035392326427594,-9.048486995314907,5.753724939633255,-5.894536990910637e-14
243.7631276272366,52.971146068800785,5.053438205316845,-9.031794349286233,5.729054947809027,3.368306851948935e-14
243.80909173675033,52.862537703794835,5.071719030725777,-9.015607004892647,5.704402172067476,-1.2631150694808508e-13
243.85419357844384,52.75373915273217,5.090236620631401,-8.999928064697096,5.679769968017334,-3.368306851948935e-14
243.89843303268987,52.644749613811214,5.108992793010734,-8.984760633795101,5.655161668650225,-9.262843842859572e-14
243.9418099817728,52.535568275758905,5.127989365840787,-8.970107820156812,5.630580584060262,2.5262301389617013e-14
243.98432430983172,52.42619431768856,5.147228157098577,-8.95597273496504,5.606030001169717,-5.894536990910637e-14
244.02597590280195,52.31662690896045,5.166710984761117,-8.942358492949465,5.581513183460554,-9.262843842859572e-14
244.06676464835658,52.20686520904493,5.186439666805422,-8.929268212716712,5.557033370712,0.0
244.106690435847,52.096908367388345,5.206416021208505,-8.91670501707642,5.5325937787441655,-2.5262301389617013e-14
244.14575315624234,51.98675552328162,5.226641865947385,-8.904672033363093,5.50819759916755,4.210383564936169e-14
244.18395270206886,51.876405805731586,5.247119018999069,-8.893172393753774,5.483847999138755,4.210383564936169e-14
244.22128896734822,51.76585833333503,5.267849298340576,-8.8822092355814,5.45954812112214,-5.894536990910637e-14
