galstreams/tracks/track.st.M2.grillmair2022.ecsv
# %ECSV 0.9
# ---
# datatype:
# - {name: ra, unit: deg, datatype: float64}
# - {name: dec, unit: deg, datatype: float64}
# - {name: distance, unit: kpc, datatype: float64}
# - {name: pm_ra_cosdec, unit: mas / yr, datatype: float64}
# - {name: pm_dec, unit: mas / yr, datatype: float64}
# - {name: radial_velocity, unit: km / s, datatype: float64}
# delimiter: ','
# meta: !!omap
# - __serialized_columns__:
#     dec:
#       __class__: astropy.coordinates.angles.Latitude
#       unit: &id001 !astropy.units.Unit {unit: deg}
#       value: !astropy.table.SerializedColumn {name: dec}
#     distance:
#       __class__: astropy.coordinates.distances.Distance
#       unit: !astropy.units.Unit {unit: kpc}
#       value: !astropy.table.SerializedColumn {name: distance}
#     pm_dec:
#       __class__: astropy.units.quantity.Quantity
#       unit: !astropy.units.Unit {unit: mas / yr}
#       value: !astropy.table.SerializedColumn {name: pm_dec}
#     pm_ra_cosdec:
#       __class__: astropy.units.quantity.Quantity
#       unit: !astropy.units.Unit {unit: mas / yr}
#       value: !astropy.table.SerializedColumn {name: pm_ra_cosdec}
#     ra:
#       __class__: astropy.coordinates.angles.Longitude
#       unit: *id001
#       value: !astropy.table.SerializedColumn {name: ra}
#       wrap_angle: !astropy.coordinates.Angle
#         unit: *id001
#         value: 360.0
#     radial_velocity:
#       __class__: astropy.units.quantity.Quantity
#       unit: !astropy.units.Unit {unit: km / s}
#       value: !astropy.table.SerializedColumn {name: radial_velocity}
# schema: astropy-2.0
ra,dec,distance,pm_ra_cosdec,pm_dec,radial_velocity
[from data line 2729]
307.1038190008856,-6.2766938672189845,11.693000000000001,5.211447911330765,-1.9328518278184736,-2.1893994537668078e-13
307.11339213063076,-6.273722321086694,11.693,5.210373518454515,-1.9331322326980438,-1.515738083377021e-13
307.12296526030644,-6.270750929016424,11.692999999999998,5.20929924037996,-1.933412550854975,-8.21024795162553e-14
307.1325383892707,-6.267779688968987,11.693,5.208225077223352,-1.9336927818670528,-4.210383564936169e-15
307.1421115168814,-6.264808598905412,11.693000000000001,5.207151029100831,-1.9339729253121067,-3.368306851948935e-14
307.15168464249666,-6.261837656787013,11.692999999999998,5.206077096128414,-1.9342529807680078,-2.5262301389617013e-14
307.16125776547403,-6.258866860575426,11.692999999999998,5.205003278421992,-1.9345329478126696,-7.789209595131913e-14
307.1708308851715,-6.255896208232526,11.693,5.203929576097337,-1.9348128260240518,-9.47336302110638e-14
307.1804040009466,-6.2529256977204835,11.693,5.202855989270098,-1.9350926149801602,-1.24206315165617e-13
307.189977112157,-6.249955327001807,11.693000000000001,5.201782518055799,-1.9353723142590484,-1.0736478090587231e-13
307.19955021816025,-6.246985094039261,11.693000000000001,5.200709162569848,-1.9356519234388152,-1.3262708229548932e-13
307.2091233183138,-6.244014996795911,11.693000000000001,5.199635922927525,-1.9359314420976075,-2.568333974611063e-13
307.21869641197515,-6.241045033235188,11.692999999999998,5.198562799243984,-1.9362108698136251,-3.157787673702127e-14
307.2282694985016,-6.238075201320781,11.693000000000001,5.197489791634256,-1.936490206165116,-1.1789073981821273e-13
307.2378425772505,-6.235105499016705,11.693000000000001,5.196416900213254,-1.9367694507303779,-1.0946997268834039e-13
307.24741564757903,-6.23213592428735,11.693,5.195344125095761,-1.9370486030877665,-2.020984111169361e-13
307.2569887088445,-6.229166475097381,11.693,5.194271466396435,-1.9373276628156848,-2.7367493172085098e-14
307.26656176040404,-6.2261971494117985,11.693,5.1931989242298116,-1.9376066294925927,-2.5262301389617017e-13
307.2761348016147,-6.223227945195996,11.693,5.192126498710299,-1.937885502697006,5.894536990910637e-14
307.2857078318335,-6.22025886041566,11.692999999999998,5.191054189952181,-1.9381642820074971,-1.4104784942536167e-13
307.2952808504176,-6.217289893036818,11.693000000000001,5.189981998069618,-1.9384429670026901,-2.3367628785395737e-13
307.3048538567238,-6.214321041025917,11.693,5.188909923176638,-1.9387215572612755,-1.1368035625327657e-13
307.3144268501091,-6.2113523023497015,11.692999999999998,5.187837965387149,-1.9390000523619968,-1.4315304120782974e-13
307.3239998299304,-6.20838367497528,11.693,5.186766124814925,-1.9392784518836597,-1.7473091794485103e-13
307.3335727955445,-6.205415156870183,11.693000000000001,5.185694401573621,-1.9395567554051283,4.210383564936169e-14
307.3431457463082,-6.202446746002245,11.693000000000001,5.184622795776759,-1.9398349625053342,3.9998643866893604e-14
307.3527186815782,-6.199478440339751,11.693,5.183551307537737,-1.9401130727632663,-7.157652060391487e-14
307.3622916007114,-6.196510237851313,11.693000000000001,5.182479936969822,-1.940391085757979,-2.5262301389617013e-14
307.37186450306444,-6.193542136505932,11.693000000000001,5.181408684186152,-1.9406690010685916,-6.73661370389787e-14
307.3814373879939,-6.190574134273056,11.692999999999998,5.180337549299745,-1.9409468182742897,-1.6841534259744676e-14
307.3910102548565,-6.187606229122472,11.692999999999998,5.179266532423478,-1.9412245369543228,1.2631150694808506e-14
307.4005831030089,-6.1846384190243775,11.693000000000001,5.178195633670104,-1.9415021566880106,-9.052324664612763e-14
307.41015593180765,-6.18167070194943,11.693000000000001,5.1771248531522485,-1.9417796770547433,-4.210383564936169e-14
307.4197287406093,-6.178703075868637,11.693,5.176054190982407,-1.9420570976339766,-7.368171238638296e-14
307.4293015287705,-6.175735538753432,11.693000000000001,5.174983647272946,-1.9423344180052338,-1.9157245220459568e-13
307.43887429564774,-6.172768088575722,11.692999999999998,5.173913222136096,-1.9426116377481188,-2.7367493172085098e-14
307.44844704059744,-6.169800723307782,11.693000000000001,5.172842915683962,-1.9428887564422999,-1.0104920555846805e-13
307.4580197629762,-6.16683344092233,11.693000000000001,5.171772728028516,-1.9431657736675214,-2.2315032894161697e-13
307.46759246214054,-6.163866239392563,11.692999999999998,5.170702659281604,-1.9434426890036018,-2.2104513715914888e-13
307.4771651374469,-6.160899116692068,11.692999999999998,5.169632709554928,-1.9437195020304356,-1.9999321933446803e-13
307.48673778825184,-6.1579320707948835,11.692999999999998,5.168562878960074,-1.9439962123279881,-2.315710960714893e-14
307.4963104139116,-6.1549650996755485,11.692999999999998,5.167493167608486,-1.9442728194763115,-2.1683475359421271e-13
307.50588301378286,-6.1519982013089844,11.693000000000001,5.166423575611473,-1.9445493230555262,-3.0525280845787227e-13
307.515455587222,-6.149031373670653,11.693000000000001,5.165354103080225,-1.944825722645836,-8.21024795162553e-14
307.52502813358547,-6.146064614736421,11.692999999999998,5.164284750125788,-1.9451020178275287,-8.631286308119147e-14
307.5346006522297,-6.143097922482643,11.692999999999998,5.163215516859076,-1.945378208180962,-2.5262301389617013e-14
307.5441731425112,-6.140131294886135,11.693,5.162146403390871,-1.9456542932865843,-2.1051917824680846e-14
307.5537456037864,-6.137164729924247,11.692999999999998,5.161077409831822,-1.9459302727249248,-4.4209027431829774e-14
307.5633180354118,-6.134198225574737,11.693,5.160008536292442,-1.9462061460765947,-1.789413015097872e-13
307.57289043674376,-6.131231779815935,11.693,5.158939782883113,-1.946481912922292,-7.157652060391487e-14
307.5824628071389,-6.128265390626598,11.693000000000001,5.157871149714078,-1.9467575728427962,-3.789345208442552e-14
307.5920351459537,-6.1252990559859954,11.693000000000001,5.156802636895449,-1.9470331254189799,-1.4315304120782974e-13
307.6016074525445,-6.122332773873948,11.692999999999998,5.155734244537202,-1.9473085702317974,-1.6841534259744677e-13
307.611179726268,-6.119366542270734,11.692999999999998,5.154665972749173,-1.9475839068622935,-9.47336302110638e-14
307.6207519664807,-6.116400359157147,11.693000000000001,5.153597821641068,-1.9478591348916012,-1.1157516447080849e-13
307.63032417253913,-6.113434222514551,11.693000000000001,5.152529791322455,-1.9481342539009465,-1.7052053437991484e-13
307.6398963437999,-6.110468130324779,11.693,5.151461881902764,-1.948409263471646,-1.5367900012017016e-13
307.6494684796196,-6.107502080570197,11.692999999999998,5.1503940934912915,-1.948684163185105,-1.9367764398706378e-13
307.6590405793548,-6.104536071233756,11.693,5.149326426197193,-1.9489589526228266,-1.7262572616238293e-13
307.6686126423622,-6.1015701002988925,11.693000000000001,5.148258880129491,-1.9492336313664036,-1.8315168507472335e-13
307.6781846679985,-6.098604165749586,11.692999999999998,5.147191455397068,-1.9495081989975267,-1.3262708229548932e-13
307.6877566556203,-6.09563826557042,11.693,5.1461241521086665,-1.9497826550979842,-2.1051917824680845e-13
307.69732860458447,-6.092672397746472,11.692999999999998,5.145056970372899,-1.9500569992496577,-2.7788531528578715e-13
307.7069005142478,-6.089706560263378,11.692999999999998,5.143989910298228,-1.950331231034527,-1.4525823299029783e-13
307.7164723839669,-6.0867407511074,11.692999999999998,5.142922971992988,-1.9506053500346758,-2.020984111169361e-13
307.72604421309893,-6.083774968265285,11.692999999999996,5.1418561555653675,-1.9508793558322777,-3.368306851948935e-14
307.73561600100044,-6.080809209724428,11.692999999999998,5.140789461123418,-1.9511532480096183,-2.5262301389617013e-14
307.7451877470285,-6.077843473472747,11.693,5.139722888775054,-1.9514270261490778,-8.841805486365955e-14
307.7547594505401,-6.074877757498746,11.692999999999998,5.138656438628047,-1.95170068983314,-1.347322740779574e-13
307.7643311108923,-6.071912059791561,11.693,5.137590110790027,-1.9519742386443948,3.5788260301957434e-14
307.77390272744196,-6.068946378340877,11.692999999999998,5.136523905368487,-1.9522476721655366,-3.031476166754042e-13
307.7834742995465,-6.065980711136966,11.692999999999998,5.13545782247078,-1.9525209899793605,2.1051917824680846e-14
307.7930458265628,-6.063015056170763,11.693,5.134391862204113,-1.9527941916687734,-2.2104513715914888e-13
307.80261730784815,-6.0600494114337495,11.693,5.133326024675555,-1.9530672768167858,-3.9998643866893604e-14
307.81218874275993,-6.057083774918024,11.693,5.132260309992039,-1.9533402450065198,-2.7367493172085098e-14
307.8217601306552,-6.054118144616348,11.692999999999998,5.131194718260343,-1.9536130958212072,-2.1051917824680845e-13
307.83133147089166,-6.0511525185220565,11.692999999999998,5.130129249587112,-1.953885828844184,-1.3052189051302125e-13
307.84090276282654,-6.048186894629107,11.692999999999998,5.129063904078848,-1.9541584436589046,-5.2629794561702114e-14
307.8504740058174,-6.045221270932142,11.692999999999998,5.127998681841909,-1.954430939848932,-1.0104920555846805e-13
307.86004519922176,-6.042255645426385,11.692999999999998,5.1269335829825105,-1.9547033169979429,-2.063087946818723e-13
307.86961634239736,-6.039290016107702,11.692999999999996,5.125868607606724,-1.9549755746897275,-1.1578554803574466e-13
307.87918743470175,-6.0363243809726566,11.692999999999998,5.1248037558204755,-1.9552477125081913,-1.2841669873055315e-13
307.88875847549275,-6.03335873801841,11.692999999999998,5.123739027729552,-1.955519730037357,-9.052324664612763e-14
307.8983294641282,-6.030393085242772,11.692999999999998,5.122674423439591,-1.9557916268613642,-1.4525823299029783e-13
307.9079003999661,-6.027427420644277,11.693,5.121609943056093,-1.9560634025644674,-1.0946997268834039e-13
307.9174712823642,-6.02446174222206,11.692999999999998,5.120545586684405,-1.956335056731043,-1.515738083377021e-13
307.9270421106809,-6.021496047975933,11.693,5.119481354429732,-1.9566065889455844,-1.1578554803574466e-13
307.936612884274,-6.018530335906429,11.692999999999998,5.118417246397141,-1.9568779987927114,-3.157787673702127e-14
307.9461836025019,-6.015564604014693,11.693000000000001,5.117353262691537,-1.957149285857157,-8.841805486365955e-14
307.9557542647227,-6.012598850302626,11.692999999999996,5.116289403417699,-1.9574204497237861,-1.9788802755199994e-13
307.9653248702951,-6.009633072772762,11.692999999999998,5.115225668680243,-1.9576914899775777,-1.789413015097872e-13
307.9748954185774,-6.00666726942833,11.693,5.11416205858365,-1.9579624062036425,-1.0946997268834039e-13
307.98446590892814,-6.00370143827331,11.692999999999998,5.113098573232249,-1.9582331979872145,-1.0525958912340423e-14
307.9940363407059,-6.000735577312331,11.692999999999996,5.1120352127302215,-1.9585038649136535,-7.999728773378721e-14
308.0036067132696,-5.9977696845507324,11.692999999999998,5.110971977181604,-1.9587744065684454,-1.7052053437991484e-13
308.01317702597794,-5.994803757994623,11.692999999999998,5.109908866690283,-1.95904482253721,-5.0524602779234026e-14
308.02274727818985,-5.991837795650765,11.692999999999998,5.108845881359999,-1.9593151124056891,-5.894536990910637e-14
308.03231746926446,-5.988871795526656,11.692999999999998,5.107783021294345,-1.9595852757597572,-2.1051917824680845e-13
308.0418875985607,-5.985905755630567,11.692999999999998,5.106720286596765,-1.9598553121854243,-9.052324664612763e-14
308.05145766543797,-5.98293967397145,11.692999999999998,5.1056576773705515,-1.9601252212688283,-1.5999457546757442e-13
308.06102766925557,-5.979973548558998,11.692999999999998,5.104595193718852,-1.9603950025962393,-4.4209027431829774e-14
308.0705976093728,-5.977007377403694,11.692999999999996,5.103532835744662,-1.960664655754066,-1.5367900012017016e-13
308.0801674851493,-5.974041158516713,11.693,5.102470603550825,-1.960934180328846,-7.368171238638296e-14
308.08973729594476,-5.97107488990999,11.692999999999998,5.101408497240044,-1.9612035759072572,-5.2629794561702114e-14
308.0993070411188,-5.968108569596264,11.692999999999998,5.100346516914864,-1.961472842076116,-7.999728773378721e-14
308.10887672003133,-5.965142195588986,11.693,5.099284662677677,-1.9617419784223726,-1.1789073981821273e-13
308.1184463320424,-5.962175765902366,11.692999999999998,5.0982229346307335,-1.9620109845331162,-2.2525552072408504e-13
308.12801587651205,-5.959209278551447,11.692999999999998,5.097161332876126,-1.9622798599955775,-2.315710960714893e-13
308.1375853528005,-5.956242731551991,11.692999999999998,5.096099857515798,-1.9625486043971283,-1.0946997268834039e-13
308.1471547602682,-5.953276122920538,11.692999999999998,5.095038508651539,-1.9628172173252785,5.4734986344170195e-14
308.1567240982754,-5.950309450674474,11.692999999999998,5.093977286384993,-1.9630856983676876,-2.7367493172085098e-14
308.16629336618274,-5.947342712831898,11.692999999999998,5.092916190817643,-1.9633540471121516,-1.5788938368510635e-13
308.17586256335096,-5.9443759074117795,11.692999999999996,5.091855222050828,-1.9636222631466154,-1.6841534259744677e-13
308.1854316891409,-5.941409032433832,11.692999999999998,5.090794380185726,-1.9638903460591666,-2.442022467662978e-13
308.1950007429136,-5.9384420859185765,11.692999999999998,5.0897336653233705,-1.96415829543804,-3.157787673702127e-14
308.2045697240299,-5.935475065887396,11.693,5.088673077564635,-1.964426110871621,-2.9051646598059566e-13
308.21413863185126,-5.932507970362437,11.692999999999998,5.087612617010244,-1.9646937919484373,-1.221011233831489e-13
308.223707465739,-5.929540797366661,11.692999999999998,5.0865522837607635,-1.9649613382571711,-1.2631150694808508e-13
308.23327622505445,-5.926573544923912,11.692999999999996,5.08549207791661,-1.9652287493866525,-1.768361097273191e-13
308.24284490915943,-5.923606211058807,11.692999999999998,5.084431999578043,-1.9654960249258633,-2.063087946818723e-13
308.2524135174157,-5.920638793796799,11.692999999999998,5.083372048845169,-1.9657631644639364,-7.789209595131913e-14
308.261982049185,-5.917671291164233,11.692999999999998,5.082312225817934,-1.966030167590161,-1.1999593160068083e-13
308.2715505038296,-5.914703701188243,11.692999999999998,5.081252530596137,-1.966297033893977,-1.9367764398706378e-13
308.28111888071163,-5.911736021896812,11.692999999999996,5.080192963279417,-1.9665637629649788,1.894672604221276e-14
308.2906871791933,-5.9087682513188335,11.692999999999996,5.079133523967256,-1.9668303543929215,-1.642049590325106e-13
308.3002553986373,-5.905800387484,11.692999999999998,5.078074212758983,-1.967096807767712,-1.4736342477276593e-13
308.30982353840625,-5.902832428422873,11.692999999999998,5.077015029753765,-1.9673631226794186,-2.2104513715914888e-13
308.31939159786293,-5.899864372166929,11.692999999999998,5.075955975050622,-1.9676292987182662,-1.8104649329225526e-13
308.3289595763703,-5.896896216748454,11.692999999999998,5.07489704874841,-1.9678953354746387,-1.1157516447080849e-13
308.3385274732915,-5.893927960200678,11.692999999999998,5.073838250945824,-1.9681612325390867,-1.894672604221276e-13
308.34809528798974,-5.890959600557657,11.692999999999998,5.072779581741413,-1.9684269895023134,-1.0736478090587231e-13
308.3576630198285,-5.88799113585436,11.692999999999998,5.071721041233556,-1.9686926059551921,-6.315575347404253e-15
308.3672306681715,-5.8850225641266265,11.693,5.070662629520482,-1.9689580814887555,-1.8525687685719145e-13
308.3767982323823,-5.882053883411245,11.692999999999998,5.0696043467002605,-1.969223415694204,-2.315710960714893e-14
308.386365711825,-5.879085091745836,11.692999999999998,5.0685461928708,-1.9694886081628995,-5.4734986344170195e-14
308.39593310586366,-5.876116187169,11.692999999999998,5.067488168129849,-1.9697536584863755,-9.47336302110638e-14
308.40550041386246,-5.873147167720191,11.692999999999998,5.0664302725749994,-1.9700185662563294,-1.8525687685719145e-13
308.415067635186,-5.870178031439783,11.692999999999998,5.065372506303683,-1.9702833310646262,-1.3052189051302125e-13
308.4246347691988,-5.867208776369128,11.692999999999998,5.064314869413174,-1.9705479525033023,-6.315575347404253e-15
