galstreams/tracks/track.st.AAU-ATLAS.ibata2021.ecsv
# %ECSV 1.0
# ---
# datatype:
# - {name: ra, unit: deg, datatype: float64}
# - {name: dec, unit: deg, datatype: float64}
# - {name: distance, unit: kpc, datatype: float64}
# - {name: pm_ra_cosdec, unit: mas / yr, datatype: float64}
# - {name: pm_dec, unit: mas / yr, datatype: float64}
# - {name: radial_velocity, unit: km / s, datatype: float64}
# delimiter: ','
# meta: !!omap
# - __serialized_columns__:
#     dec:
#       __class__: astropy.coordinates.angles.Latitude
#       unit: &id001 !astropy.units.Unit {unit: deg}
#       value: !astropy.table.SerializedColumn {name: dec}
#     distance:
#       __class__: astropy.coordinates.distances.Distance
#       unit: !astropy.units.Unit {unit: kpc}
#       value: !astropy.table.SerializedColumn {name: distance}
#     pm_dec:
#       __class__: astropy.units.quantity.Quantity
#       unit: !astropy.units.Unit {unit: mas / yr}
#       value: !astropy.table.SerializedColumn {name: pm_dec}
#     pm_ra_cosdec:
#       __class__: astropy.units.quantity.Quantity
#       unit: !astropy.units.Unit {unit: mas / yr}
#       value: !astropy.table.SerializedColumn {name: pm_ra_cosdec}
#     ra:
#       __class__: astropy.coordinates.angles.Longitude
#       unit: *id001
#       value: !astropy.table.SerializedColumn {name: ra}
#       wrap_angle: !astropy.coordinates.Angle
#         unit: *id001
#         value: 360.0
#     radial_velocity:
#       __class__: astropy.units.quantity.Quantity
#       unit: !astropy.units.Unit {unit: km / s}
#       value: !astropy.table.SerializedColumn {name: radial_velocity}
# schema: astropy-2.0
ra,dec,distance,pm_ra_cosdec,pm_dec,radial_velocity
[from data line 960]
26.34900069520887,-30.65464328674128,24.80548483784399,-0.06328308828102425,-0.706070801472856,-83.34263949248691
26.358496530947367,-30.66039756339833,24.80821699275152,-0.06306873918771977,-0.7060080032844511,-83.29559137634678
26.367993603612025,-30.666151020332787,24.810941874066987,-0.06285411577721073,-0.7059456671545664,-83.24846472498959
26.377491916137217,-30.671903653999138,24.813659441149,-0.06263921726680949,-0.7058837927336022,-83.20125940455253
26.386991471456657,-30.67765546085104,24.816369653356116,-0.06242404287385961,-0.7058223796716578,-83.15397528117265
26.39649227250327,-30.68340643734126,24.81907247004694,-0.06220859181573757,-0.7057614276185276,-83.10661222098719
26.405994322209295,-30.689156579921757,24.82176785058004,-0.0619928633098521,-0.7057009362237026,-83.05917009013318
26.41549762350621,-30.69490588504363,24.824455754314,-0.06177685657364368,-0.7056409051363713,-83.0116487547478
26.42500217932476,-30.7006543491571,24.827136140607394,-0.06156057082458577,-0.7055813340054161,-82.96404808096811
26.43450799259497,-30.70640196871159,24.82980896881881,-0.06134400528018347,-0.7055222224794168,-82.91636793493132
26.444015066246113,-30.712148740155605,24.832474198306834,-0.06112715915797462,-0.7054635702066467,-82.8686081827745
26.45352340320674,-30.717894659936864,24.83513178843004,-0.0609100316755295,-0.7054053768350762,-82.82076869063484
26.46303300640464,-30.723639724502192,24.83778169854702,-0.060692622050450284,-0.7053476420123685,-82.7728493246494
26.472543878766874,-30.729383930297576,24.840423888016332,-0.06047492950037259,-0.7052903653858832,-82.72484995095533
26.482056023219744,-30.735127273768153,24.843058316196586,-0.06025695324296376,-0.7052335466026729,-82.67677043568979
26.491569442688828,-30.740869751358193,24.845684942446354,-0.060038692495924195,-0.7051771853094843,-82.62861064498992
26.50108414009895,-30.746611359511153,24.848303726124207,-0.05982014647698608,-0.7051212811527593,-82.58037044499278
26.510600118374192,-30.752352094669575,24.850914626588725,-0.05960131440391514,-0.7050658337786313,-82.53204970183556
26.52011738043786,-30.758091953275205,24.853517603198508,-0.05938219549450907,-0.7050108428329281,-82.48364828165532
26.529635929212546,-30.763830931768894,24.85611261531212,-0.05916278896659882,-0.7049563079611704,-82.43516605058927
26.53915576762006,-30.76956902659066,24.85869962228816,-0.05894309403804737,-0.7049022288085708,-82.38660287477452
26.548676898581487,-30.77530623417967,24.86127858348519,-0.05872310992675067,-0.7048486050200357,-82.33795862034813
26.558199325017124,-30.781042550974202,24.8638494582618,-0.05850283585063809,-0.7047954362401618,-82.28923315344734
26.56772304984654,-30.786777973411727,24.866412205976573,-0.05828227102767097,-0.7047427221132401,-82.24042634020915
26.57724807598852,-30.792512497928822,24.86896678598809,-0.0580614146758438,-0.7046904622832508,-82.19153804677082
26.586774406361123,-30.79824612096124,24.87151315765493,-0.05784026601318437,-0.7046386563938668,-82.14256813926936
26.596302043881607,-30.80397883894384,24.874051280335678,-0.05761882425775272,-0.704587304088452,-82.09351648384198
26.605830991466497,-30.809710648310663,24.876581113388912,-0.057397088627642256,-0.7045364050100611,-82.04438294662576
26.615361252031548,-30.815441545494853,24.879102616173206,-0.05717505834097952,-0.7044859588014388,-81.99516739375787
26.62489282849175,-30.821171526928726,24.881615748047157,-0.056952732615923485,-0.7044359651050205,-81.9458696913754
26.6344257237613,-30.82690058904373,24.884120468369343,-0.056730110670666856,-0.7043864235629314,-81.89648970561555
26.643959940753657,-30.832628728270453,24.886616736498336,-0.05650719172343538,-0.7043373338169867,-81.84702730261537
26.653495482381512,-30.838355941038632,24.889104511792723,-0.05628397499248766,-0.704288695508691,-81.79748234851202
26.663032351556765,-30.844082223777136,24.891583753611084,-0.05606045969611567,-0.7042405082792379,-81.74785470944259
26.672570551190546,-30.849807572913978,24.894054421312006,-0.05583664505264441,-0.7041927717695099,-81.69814425154426
26.682110084193216,-30.855531984876315,24.896516474254064,-0.05561253028043295,-0.7041454856200785,-81.64835084095415
26.691650953474362,-30.861255456090436,24.89896987179584,-0.05538811459787235,-0.7040986494712033,-81.59847434380937
26.701193161942786,-30.86697798298178,24.901414573295913,-0.0551633972233882,-0.7040522629628321,-81.54851462624707
26.710736712506513,-30.87269956197491,24.903850538112874,-0.05493837737543894,-0.7040063257345999,-81.49847155440432
26.720281608072785,-30.87842018949353,24.9062777256053,-0.054713054272516715,-0.70396083742583,-81.44834499441836
26.729827851548073,-30.884139861960502,24.908696095131763,-0.054487427133146915,-0.7039157976755333,-81.39813481242622
26.73937544583804,-30.88985857579782,24.911105606050853,-0.05426149517588835,-0.7038712061224064,-81.34784087456508
26.74892439384759,-30.89557632742659,24.913506217721157,-0.05403525761933392,-0.7038270624048335,-81.29746304697204
26.758474698480825,-30.90129311326708,24.915897889501245,-0.053808713682109655,-0.7037833661608854,-81.24700119578426
26.768026362641056,-30.9070089297387,24.91828058074971,-0.053581862582875506,-0.7037401170283187,-81.19645518713885
26.777579389230812,-30.912723773259973,24.92065425082512,-0.0533547035403249,-0.7036973146445757,-81.1458248871729
26.787133781151827,-30.918437640248577,24.923018859086064,-0.05312723577318501,-0.7036549586467846,-81.09511016202359
26.796689541305046,-30.92415052712132,24.92537436489113,-0.05289945850021699,-0.7036130486717589,-81.04431087782804
26.8062466725906,-30.929862430294136,24.927720727598878,-0.052671370940215845,-0.7035715843559976,-80.99342690072339
26.81580517790784,-30.935573346182117,24.930057906567907,-0.05244297231201006,-0.7035305653356834,-80.94245809684675
26.825365060155328,-30.94128327119946,24.932385861156803,-0.05221426183446248,-0.7034899912466842,-80.89140433233524
26.83492632223081,-30.94699220175953,24.93470455072413,-0.05198523872646921,-0.7034498617245523,-80.84026547332599
26.844488967031214,-30.95270013427481,24.93701393462848,-0.05175590220696202,-0.7034101764045237,-80.78904138595615
26.854052997452715,-30.958407065156894,24.93931397222844,-0.05152625149490425,-0.7033709349215175,-80.73773193636283
26.86361841639063,-30.964112990816542,24.941604622882583,-0.05129628580929568,-0.7033321369101372,-80.68633699068317
26.8731852267395,-30.96981790766365,24.943885845949488,-0.051066004369168305,-0.7032937820046689,-80.63485641505427
26.882753431393063,-30.97552181210721,24.946157600787732,-0.050835406393589744,-0.7032558698390814,-80.5832900756133
26.892323033244217,-30.981224700555387,24.948419846755915,-0.05060449110166115,-0.7032184000470263,-80.5316378384974
26.90189403518508,-30.98692656941545,24.950672543212608,-0.05037325771251816,-0.7031813722618369,-80.47989956984362
26.91146644010694,-30.99262741509381,24.95291564951639,-0.05014170544533059,-0.7031447861165291,-80.4280751357892
26.921040250900273,-30.998327233996008,24.955149125025837,-0.04990983351930278,-0.7031086412438008,-80.37616440247119
26.930615470454747,-31.004026022526727,24.95737292909955,-0.049677641153673124,-0.7030729372760297,-80.32416723602668
26.940192101659207,-31.00972377708975,24.959587021096088,-0.04944512756771474,-0.7030376738452766,-80.27208350259288
26.949770147401665,-31.01542049408803,24.961791360374043,-0.04921229198073579,-0.703002850583282,-80.21991306830694
26.959349610569344,-31.021116169923616,24.963985906292002,-0.048979133612078174,-0.7029684671214668,-80.16765579930589
26.968930494048614,-31.02681080099771,24.966170618208533,-0.048745651681118496,-0.7029345230909332,-80.11531156172694
26.97851280072503,-31.032504383710616,24.968345455482233,-0.04851184540726866,-0.7029010181224621,-80.06288022170718
26.988096533483336,-31.03819691446181,24.97051037747167,-0.04827771400997449,-0.7028679518465151,-80.01036164538371
26.99768169520742,-31.04388838964985,24.972665343535432,-0.048043256708717064,-0.7028353238932327,-79.95775569889375
27.007268288780374,-31.04957880567245,24.974810313032098,-0.04780847272301203,-0.7028031338924348,-79.90506224837438
27.016856317084425,-31.055268158926438,24.97694524532025,-0.047573361272410075,-0.7027713814736196,-79.85228115996266
27.026445783001005,-31.060956445807776,24.97907009975847,-0.04733792157649663,-0.7027400662659646,-79.79941229979582
27.036036689410672,-31.06664366271156,24.981184835705335,-0.04710215285489233,-0.7027091878983255,-79.74645553401096
27.045629039193173,-31.07232980603199,24.983289412519436,-0.04686605432725249,-0.702678745999235,-79.69341072874516
27.055222835227415,-31.078014872162417,24.985383789559346,-0.046629625213267745,-0.7026487401969046,-79.64027775013562
27.06481808039147,-31.0836988574953,24.98746792618365,-0.046392864732663464,-0.7026191701192228,-79.58705646431946
27.074414777562556,-31.089381758422242,24.989541781750923,-0.0461557721052005,-0.7025900353937552,-79.53374673743373
27.084012929617046,-31.095063571333935,24.99160531561977,-0.04591834655067539,-0.7025613356477436,-79.48034843561568
27.093612539430477,-31.100744292620245,24.993658487148736,-0.04568058728891877,-0.7025330705081078,-79.42686142500231
27.103213609877567,-31.106423918670124,24.995701255696417,-0.0454424935397974,-0.7025052396014428,-79.37328557173086
27.112816143832127,-31.112102445871663,24.99773358062141,-0.04520406452321363,-0.702477842554019,-79.31962074193835
27.12242014416716,-31.117779870612075,24.99975542128228,-0.04496529945910466,-0.7024508789917842,-79.26586680176202
27.132025613754823,-31.123456189277697,25.00176673703762,-0.04472619756744306,-0.7024243485403598,-79.21202361733894
27.141632555466398,-31.12913139825398,25.003767487245995,-0.044486758068237375,-0.7023982508250434,-79.1580910548062
27.15124097217231,-31.134805493925512,25.005757631266,-0.044246980181532114,-0.7023725854708068,-79.10406898030105
27.16085086674216,-31.140478472675994,25.007737128456213,-0.04400686312740659,-0.7023473521022967,-79.04995725996051
27.170462242044657,-31.14615033088825,25.00970593817521,-0.04376640612597582,-0.7023225503438337,-78.99575575992174
27.18007510094766,-31.151821064944233,25.011664019781573,-0.043525608397391446,-0.7022981798194126,-78.94146434632188
27.189689446318184,-31.157490671225,25.013611332633893,-0.04328446916184009,-0.7022742401527011,-78.88708288529804
27.199305281022372,-31.163159146110743,25.015547836090743,-0.04304298763954456,-0.7022507309670417,-78.83261124298733
27.208922607925462,-31.168826485980762,25.017473489510706,-0.04280116305076376,-0.7022276518854479,-78.77804928552693
27.218541429891893,-31.17449268721349,25.01938825225237,-0.042558994615792434,-0.7022050025306075,-78.72339687905395
27.228161749785194,-31.180157746186477,25.021292083674304,-0.04231648155496093,-0.70218278252488,-78.6686538897055
27.237783570468032,-31.185821659276396,25.023184943135092,-0.042073623088636214,-0.7021609914902979,-78.61382018361876
27.247406894802204,-31.191484422859002,25.025066789993335,-0.04183041843722146,-0.7021396290485636,-78.55889562693076
27.257031725648638,-31.19714603330923,25.026937583607584,-0.041586866821155755,-0.7021186948210538,-78.50388008577873
27.266658065867375,-31.202806487001084,25.028797283336445,-0.04134296746091459,-0.7020981884288143,-78.44877342629974
27.2762859183176,-31.208465780307705,25.030645848538484,-0.04109871957700967,-0.7020781094925623,-78.39357551463092
27.28591528585759,-31.214123909601362,25.032483238572283,-0.04085412238998898,-0.7020584576326868,-78.33828621690945
27.29554617134476,-31.219780871253402,25.034309412796432,-0.0406091751204376,-0.7020392324692453,-78.28290539927242
27.305178577635633,-31.225436661634337,25.03612433056951,-0.040363876988976255,-0.7020204336219668,-78.22743292785694
27.314812507585874,-31.231091277113762,25.0379279512501,-0.04011822721626285,-0.7020020607102491,-78.17186866880022
27.324447964050222,-31.2367447140604,25.03972023419678,-0.039872225022991814,-0.7019841133531607,-78.11621248823928
27.334084949882573,-31.242396968842094,25.041501138768123,-0.039625869629893784,-0.701966591169438,-78.06046425231129
27.343723467935884,-31.24804803782579,25.04327062432273,-0.03937916025773647,-0.7019494937774866,-78.00462382715341
27.35336352106226,-31.253697917377547,25.045028650219166,-0.03913209612732488,-0.7019328207953813,-77.94869107890274
27.36300511211289,-31.25934660386256,25.046775175816013,-0.03888467645950028,-0.7019165718408645,-77.89266587369642
27.372648243938087,-31.264994093645115,25.04851016047186,-0.038636900475140845,-0.7019007465313466,-77.8365480776716
27.382292919387254,-31.270640383088615,25.050233563545284,-0.038388767395162005,-0.7018853444839059,-77.78033755696532
27.391939141308903,-31.276285468555592,25.051945344394877,-0.0381402764405161,-0.7018703653152879,-77.72403417771477
27.40158691255063,-31.28192934640768,25.053645462379208,-0.037891426832192876,-0.7018558086419051,-77.66763780605716
27.41123623595915,-31.28757201300561,25.055333876856857,-0.03764221779121896,-0.7018416740798373,-77.61114830812946
27.420887114380275,-31.29321346470926,25.05701054718641,-0.03739264853865809,-0.7018279612448299,-77.5545655500689
27.430539550658885,-31.298853697877593,25.058675432726456,-0.037142718295612,-0.701814669752295,-77.49788939801259
27.44019354763897,-31.304492708868697,25.06032849283556,-0.036892426283218815,-0.7018017992173106,-77.44111971809767
27.449849108163626,-31.310130494039736,25.06196968687232,-0.036641771722654815,-0.7017893492546193,-77.38425637646121
27.459506235075008,-31.315767049747045,25.063598974195305,-0.03639075383513368,-0.7017773194786306,-77.3272992392404
27.469164931214376,-31.321402372346025,25.0652163141631,-0.03613937184190663,-0.7017657095034175,-77.27024817257231
27.478825199422072,-31.327036458191206,25.066821666134288,-0.03588762496426223,-0.7017545189427182,-77.2131030425942
27.488487042537514,-31.332669303636205,25.068414989467453,-0.03563551242352708,-0.7017437474099352,-77.15586371544305
27.49815046339922,-31.33830090503378,25.069996243521167,-0.03538303344106564,-0.7017333945181348,-77.09853005725604
27.507815464844764,-31.343931258735775,25.07156538765402,-0.0351301872382796,-0.7017234598800478,-77.04110193417034
27.517482049710814,-31.349560361093136,25.073122381224593,-0.034876973036609416,-0.7017139431080669,-76.98357921232301
27.527150220833114,-31.355188208455946,25.074667183591462,-0.0346233900575329,-0.7017048438142492,-76.92596175785123
27.536819981046477,-31.360814797173383,25.076199754113212,-0.03436943752256577,-0.7016961616103141,-76.8682494368921
27.546491333184782,-31.366440123593705,25.077720052148425,-0.034115114653262446,-0.7016878961076436,-76.81044211558275
27.55616428008098,-31.372064184064325,25.079228037055685,-0.033860420671215474,-0.7016800469172817,-76.75253966006031
27.565838824567113,-31.37768697493173,25.080723668193567,-0.0336053547980551,-0.7016726136499342,-76.69454193646195
27.575514969474266,-31.383308492541513,25.082206904920657,-0.03334991625544975,-0.7016655959159691,-76.63644881092476
27.585192717632587,-31.388928733238377,25.08367770659553,-0.033094104265107394,-0.7016589933254148,-76.57826014958583
27.59487207187131,-31.394547693366157,25.085136032576766,-0.03283791804877323,-0.7016528054879613,-76.51997581858235
27.6045530350187,-31.400165369267746,25.08658184222297,-0.03258135682823171,-0.7016470320129584,-76.46159568405147
27.614235609902114,-31.40578175728518,25.088015094892697,-0.03232441982530543,-0.7016416725094173,-76.40311961213023
27.62391979934792,-31.411396853759566,25.08943574994453,-0.032067106261856104,-0.7016367265860083,-76.34454746895585
27.633605606181597,-31.417010655031156,25.090843766737066,-0.031809415359783655,-0.7016321938510618,-76.28587912066538
27.643293033227643,-31.422623157439272,25.09223910462887,-0.03155134634102724,-0.7016280739125678,-76.22711443339598
