galstreams/tracks/track.st.LMS-1.malhan2021.ecsv
# %ECSV 1.0
# ---
# datatype:
# - {name: ra, unit: deg, datatype: float64}
# - {name: dec, unit: deg, datatype: float64}
# - {name: distance, unit: kpc, datatype: float64}
# - {name: pm_ra_cosdec, unit: mas / yr, datatype: float64}
# - {name: pm_dec, unit: mas / yr, datatype: float64}
# - {name: radial_velocity, unit: km / s, datatype: float64}
# delimiter: ','
# meta: !!omap
# - __serialized_columns__:
#     dec:
#       __class__: astropy.coordinates.angles.Latitude
#       unit: &id001 !astropy.units.Unit {unit: deg}
#       value: !astropy.table.SerializedColumn {name: dec}
#     distance:
#       __class__: astropy.coordinates.distances.Distance
#       unit: !astropy.units.Unit {unit: kpc}
#       value: !astropy.table.SerializedColumn {name: distance}
#     pm_dec:
#       __class__: astropy.units.quantity.Quantity
#       unit: !astropy.units.Unit {unit: mas / yr}
#       value: !astropy.table.SerializedColumn {name: pm_dec}
#     pm_ra_cosdec:
#       __class__: astropy.units.quantity.Quantity
#       unit: !astropy.units.Unit {unit: mas / yr}
#       value: !astropy.table.SerializedColumn {name: pm_ra_cosdec}
#     ra:
#       __class__: astropy.coordinates.angles.Longitude
#       unit: *id001
#       value: !astropy.table.SerializedColumn {name: ra}
#       wrap_angle: !astropy.coordinates.Angle
#         unit: *id001
#         value: 360.0
#     radial_velocity:
#       __class__: astropy.units.quantity.Quantity
#       unit: !astropy.units.Unit {unit: km / s}
#       value: !astropy.table.SerializedColumn {name: radial_velocity}
# schema: astropy-2.0
ra,dec,distance,pm_ra_cosdec,pm_dec,radial_velocity
[from data line 4144]
237.13193496085688,29.66377555622514,19.0,0.31915872058377265,-1.6820928604836813,-120.05540261741102
237.14373441486032,29.664400140897445,19.0,0.3192750623345568,-1.6823335039485867,-120.0888167641158
237.15553315371827,29.66502669965494,18.999999999999996,0.3193912832829792,-1.6825737228766608,-120.1222927048599
237.1673311754163,29.665655243210356,18.999999999999996,0.3195073835656873,-1.682813515617379,-120.15583053147579
237.17912847794187,29.66628578229036,18.999999999999993,0.31962336332004565,-1.683052880517718,-120.18943033581807
237.19092505928424,29.666918327635447,19.0,0.31973922268413746,-1.683291815922149,-120.22309220976307
237.2027209174346,29.66755289000004,19.0,0.3198549617967642,-1.6835303201726393,-120.25681624520894
237.21451605038578,29.668189480152453,18.999999999999996,0.31997058079744894,-1.6837683916086543,-120.29060253407577
237.22631045613278,29.668828108874894,19.0,0.3200860798264357,-1.684006028567147,-120.32445116830543
237.23810413267222,29.669468786963513,19.0,0.32020145902469094,-1.684243229382565,-120.35836223986159
237.2498970780027,29.670111525228357,19.0,0.32031671853390675,-1.6844799923868472,-120.3923358407297
237.26168929012474,29.670756334493387,18.999999999999996,0.3204318584964995,-1.6847163159094218,-120.42637206291678
237.27348076704064,29.671403225596535,18.999999999999996,0.32054687905561186,-1.6849521982772018,-120.46047099845187
237.28527150675467,29.672052209389637,18.999999999999993,0.3206617803551146,-1.6851876378145887,-120.49463273938544
237.29706150727299,29.67270329673851,18.999999999999993,0.32077656253960785,-1.6854226328434696,-120.52885737778978
237.30885076660357,29.67335649852289,18.999999999999996,0.32089122575442064,-1.685657181683213,-120.56314500575881
237.32063928275645,29.6740118256365,18.999999999999996,0.3210057701456147,-1.6858912826506725,-120.59749571540804
237.33242705374354,29.67466928898703,18.999999999999993,0.3211201958599839,-1.686124934060182,-120.6319095988746
237.34421407757858,29.67532889949613,18.999999999999996,0.3212345030450552,-1.6863581342235534,-120.66638674831728
237.35600035227733,29.67599066809945,18.999999999999996,0.3213486918490912,-1.6865908814500767,-120.70092725591635
237.3677858758575,29.676654605746595,18.999999999999996,0.3214627624210909,-1.6868231740465227,-120.73553121387349
237.37957064633872,29.67732072340121,18.999999999999996,0.32157671491079043,-1.6870550103171336,-120.77019871441219
237.3913546617425,29.677989032040927,18.999999999999996,0.32169054946866404,-1.6872863885636284,-120.80492984977731
237.40313792009243,29.67865954265736,18.999999999999996,0.32180426624592684,-1.687517307085197,-120.83972471223504
237.41492041941405,29.679332266256196,18.999999999999996,0.321917865394534,-1.687747764178502,-120.87458339407317
237.42670215773472,29.680007213857074,18.999999999999996,0.32203134706718334,-1.687977758137677,-120.90950598760087
237.4384831330839,29.680684396493735,19.0,0.3221447114173163,-1.6882072872543226,-120.94449258514885
237.45026334349313,29.681363825213893,18.999999999999996,0.32225795859911943,-1.6884363498175092,-120.97954327906882
237.4620427869957,29.682045511079348,18.999999999999996,0.3223710887675239,-1.6886649441137704,-121.01465816173427
237.4738214616271,29.682729465165952,18.999999999999996,0.32248410207820927,-1.6888930684271073,-121.0498373255399
237.48559936542472,29.68341569856358,18.999999999999996,0.32259699868760283,-1.689120721038983,-121.08508086290145
237.49737649642793,29.684104222376195,19.0,0.32270977875288087,-1.6893479002283227,-121.12038886625639
237.50915285267826,29.68479504772184,18.999999999999993,0.3228224424319722,-1.6895746042715138,-121.15576142806312
237.52092843221916,29.68548818573262,18.999999999999996,0.3229349898835562,-1.6898008314424018,-121.19119864080149
237.53270323309604,29.68618364755473,18.999999999999996,0.3230474212670654,-1.6900265800122907,-121.22670059697239
237.54447725335646,29.68688144434845,18.999999999999996,0.32315973674268705,-1.69025184824994,-121.262267389098
237.55625049105004,29.687581587288182,18.999999999999993,0.3232719364713653,-1.690476634421568,-121.29789910972178
237.56802294422832,29.68828408756241,19.0,0.3233840206147988,-1.690700936790843,-121.33359585140813
237.57979461094493,29.688988956373727,18.999999999999996,0.3234959893354456,-1.6909247536188887,-121.36935770674273
237.59156548925571,29.68969620493888,18.999999999999996,0.32360784279652366,-1.69114808316428,-121.4051847683324
237.60333557721836,29.6904058444887,18.999999999999996,0.32371958116201016,-1.691370923683041,-121.4410771288048
237.6151048728928,29.69111788626817,19.0,0.3238312045966454,-1.6915932734286434,-121.47703488080897
237.62687337434096,29.691832341536426,18.999999999999996,0.3239427132659312,-1.6918151306520102,-121.51305811701477
237.6386410796268,29.692549221566733,18.999999999999996,0.324054107336134,-1.6920364936015049,-121.54914693011324
237.65040798681648,29.69326853764651,19.0,0.32416538697428643,-1.6922573605229396,-121.58530141281626
237.66217409397828,29.693990301077353,18.999999999999996,0.32427655234818775,-1.69247772965957,-121.62152165785672
237.67393939918242,29.694714523175005,18.999999999999996,0.32438760362640345,-1.6926975992520914,-121.65780775798846
237.68570390050138,29.69544121526939,18.999999999999993,0.3244985409782699,-1.692916967538641,-121.6941598059864
237.69746759600974,29.69617038870461,18.999999999999996,0.32460936457389283,-1.6931358327547956,-121.73057789464615
237.70923048378418,29.696902054838983,18.999999999999996,0.3247200745841504,-1.693354193133569,-121.76706211678433
237.72099256190347,29.69763622504497,18.999999999999996,0.32483067118069253,-1.6935720469054132,-121.80361256523821
237.7327538284485,29.698372910709296,18.999999999999996,0.3249411545359428,-1.6937893922982135,-121.84022933286631
237.74451428150246,29.699112123232823,18.999999999999996,0.32505152482310196,-1.6940062275372905,-121.87691251254752
237.75627391915054,29.699853874030683,19.0,0.32516178221614506,-1.694222550845398,-121.91366219718176
237.76803273948016,29.70059817453222,18.999999999999996,0.3252719268898264,-1.6944383604427196,-121.95047847968969
237.7797907405808,29.701345036181003,19.0,0.3253819590196778,-1.6946536545468696,-121.9873614530127
237.79154792054428,29.702094470434808,18.999999999999996,0.32549187878201286,-1.694868431372892,-122.02431121011286
237.8033042774644,29.702846488765708,18.999999999999993,0.32560168635392434,-1.6950826891332547,-122.06132784397299
237.81505980943732,29.703601102659977,19.0,0.3257113819132893,-1.6952964260378558,-122.09841144759659
237.8268145145613,29.70435832361818,18.999999999999993,0.3258209656387688,-1.6955096402940155,-122.13556211400774
237.83856839093679,29.705118163155127,18.999999999999996,0.3259304377098073,-1.6957223301064768,-122.17277993625126
237.8503214366665,29.70588063279988,18.999999999999996,0.32603979830663693,-1.695934493677408,-122.21006500739246
237.8620736498552,29.70664574409582,18.999999999999996,0.32614904761027663,-1.6961461292063937,-122.24741742051728
237.87382502861007,29.707413508600595,18.999999999999993,0.3262581858025351,-1.6963572348904405,-122.28483726873242
237.8855755710404,29.708183937886112,18.999999999999996,0.32636721306600913,-1.6965678089239726,-122.32232464516471
237.89732527525766,29.70895704353864,18.999999999999996,0.3264761295840881,-1.6967778494988301,-122.35987964296199
237.90907413937575,29.709732837158676,18.999999999999996,0.32658493554095375,-1.6969873548042695,-122.39750235529203
237.9208221615105,29.71051133036108,18.999999999999996,0.3266936311215807,-1.6971963230269593,-122.43519287534359
237.93256933978034,29.711292534775012,18.999999999999993,0.3268022165117398,-1.6974047523509839,-122.47295129632559
237.9443156723057,29.71207646204396,18.999999999999996,0.32691069189799704,-1.6976126409578363,-122.51077771146747
237.9560611572094,29.71286312382575,18.999999999999996,0.3270190574677156,-1.6978199870264195,-122.54867221401905
237.96780579261636,29.71365253179253,19.0,0.32712731340905754,-1.6980267887330462,-122.58663489725059
237.979549576654,29.714444697630782,19.0,0.3272354599109853,-1.6982330442514368,-122.62466585445253
237.99129250745176,29.71523963304139,18.999999999999996,0.32734349716326133,-1.6984387517527169,-122.66276517893591
238.00303458314173,29.716037349739544,19.0,0.32745142535645155,-1.6986439094054155,-122.70093296403188
238.0147758018578,29.716837859454824,19.0,0.3275592446819239,-1.698848515375467,-122.73916930309191
238.0265161617367,29.717641173931195,18.999999999999996,0.3276669553318532,-1.6990525678262083,-122.77747428948788
238.03825566091703,29.718447304926954,19.0,0.32777455749921813,-1.6992560649183739,-122.81584801661171
238.04999429753985,29.719256264214827,18.999999999999993,0.3278820513778059,-1.699459004810101,-122.85429057787573
238.0617320697486,29.720068063581913,18.999999999999993,0.32798943716221207,-1.6996613856569232,-122.89280206671238
238.07346897568902,29.72088271482972,18.999999999999996,0.32809671504784155,-1.6998632056117697,-122.93138257657421
238.0852050135091,29.721700229774143,18.999999999999996,0.3282038852309104,-1.7000644628249681,-122.970032200934
238.09694018135926,29.722520620245525,18.999999999999993,0.3283109479084473,-1.7002651554442374,-123.00875103328471
238.10867447739216,29.72334389808859,18.999999999999996,0.32841790327829296,-1.7004652816146895,-123.0475391671393
238.12040789976288,29.724170075162508,19.0,0.3285247515391045,-1.7006648394788293,-123.08639669603102
238.13214044662897,29.724999163340875,18.999999999999996,0.32863149289035426,-1.7008638271765515,-123.12532371351288
238.14387211615013,29.725831174511736,19.0,0.3287381275323318,-1.7010622428451376,-123.1643203131581
238.15560290648853,29.726666120577562,19.0,0.32884465566614496,-1.7012600846192585,-123.20338658855991
238.16733281580863,29.727504013455317,19.0,0.32895107749372055,-1.7014573506309705,-123.24252263333162
238.1790618422774,29.728344865076384,18.999999999999996,0.3290573932178076,-1.701654039009715,-123.2817285411064
238.19078998406425,29.72918868738662,18.999999999999996,0.329163603041977,-1.7018501478823165,-123.32100440553732
238.20251723934075,29.730035492346374,19.0,0.32926970717062215,-1.7020456753729813,-123.36035032029757
238.214243606281,29.73088529193047,18.999999999999996,0.3293757058089618,-1.7022406196032975,-123.39976637908006
238.22596908306164,29.731738098128208,18.999999999999996,0.32948159916304076,-1.7024349786922326,-123.43925267559759
238.23769366786138,29.732593922943376,18.999999999999996,0.3295873874397293,-1.7026287507561304,-123.47880930358296
238.24941735886173,29.73345277839429,18.999999999999996,0.3296930708467287,-1.7028219339087145,-123.51843635678875
238.26114015424645,29.73431467651375,18.999999999999996,0.3297986495925679,-1.703014526261082,-123.55813392898726
238.27286205220167,29.73517962934908,18.999999999999996,0.32990412388660717,-1.7032065259217042,-123.59790211397072
238.284583050916,29.73604764896212,18.999999999999993,0.3300094939390389,-1.7033979309964278,-123.63774100555106
238.29630314858065,29.736918747429232,19.0,0.33011475996088896,-1.7035887395884657,-123.67765069755991
238.30802234338907,29.737792936841338,19.0,0.3302199221640173,-1.7037789497984062,-123.7176312838487
238.31974063353732,29.738670229303874,19.0,0.33032498076112116,-1.7039685597242065,-123.75768285828865
238.33145801722384,29.739550636936823,19.0,0.3304299359657329,-1.7041575674611886,-123.79780551477029
238.34317449264952,29.74043417187475,18.999999999999996,0.3305347879922237,-1.704345971102041,-123.83799934720426
238.35489005801782,29.74132084626674,18.999999999999996,0.33063953705580557,-1.7045337687368187,-123.87826444952053
238.3666047115347,29.742210672276496,18.999999999999996,0.3307441833725303,-1.7047209584529404,-123.9186009156688
238.3783184514085,29.743103662082245,18.999999999999993,0.33084872715929203,-1.7049075383351868,-123.95900883961842
238.3900312758501,29.74399982787683,18.999999999999996,0.33095316863382784,-1.7050935064656974,-123.99948831535814
238.40174318307285,29.74489918186767,18.999999999999996,0.3310575080147198,-1.705278860923976,-124.04003943689634
238.41345417129273,29.745801736276782,18.999999999999996,0.33116174552139543,-1.7054635997868801,-124.08066229826098
238.42516423872814,29.746707503340776,19.0,0.3312658813741299,-1.7056477211286274,-124.12135699349933
238.4368733836001,29.74761649531088,19.0,0.3313699157940466,-1.705831223020791,-124.16212361667836
238.448581604132,29.748528724452935,18.999999999999996,0.3314738490031183,-1.706014103532298,-124.20296226188432
238.46028889854983,29.749444203047403,18.999999999999993,0.331577681224168,-1.7061963607294275,-124.24387302322303
238.47199526508223,29.75036294338937,18.999999999999996,0.3316814126808716,-1.706377992675811,-124.28485599481957
238.48370070196032,29.751284957788567,18.999999999999996,0.33178504359775873,-1.7065589974324324,-124.3259112708185
238.49540520741772,29.752210258569356,18.999999999999993,0.3318885742002124,-1.7067393730576237,-124.36703894538373
238.50710877969058,29.753138858070752,19.0,0.331992004714472,-1.7069191176070626,-124.40823911269852
238.51881141701787,29.754070768646436,18.999999999999996,0.3320953353676348,-1.7070982291337777,-124.44951186696531
238.53051311764077,29.755006002664725,18.999999999999996,0.3321985663876546,-1.7072767056881386,-124.49085730240608
238.5422138798034,29.755944572508632,19.0,0.3323016980033473,-1.7074545453178616,-124.53227551326182
238.55391370175224,29.75688649057583,19.0,0.33240473044438723,-1.7076317460680042,-124.57376659379295
238.56561258173645,29.757831769278678,19.0,0.3325076639413128,-1.7078083059809668,-124.61533063827905
238.57731051800775,29.758780421044225,18.999999999999996,0.33261049872552456,-1.7079842230964895,-124.65696774101889
238.5890075088205,29.759732458314218,18.999999999999993,0.3327132350292877,-1.7081594954516486,-124.69867799633042
238.60070355243158,29.760687893545096,19.0,0.33281587308573374,-1.7083341210808605,-124.74046149855081
238.61239864710072,29.76164673920801,18.999999999999996,0.3329184131288621,-1.708508098015877,-124.78231834203622
238.62409279109008,29.762609007788846,18.999999999999996,0.333020855393539,-1.7086814242857862,-124.82424862116213
238.6357859826644,29.763574711788173,18.999999999999996,0.33312320011550106,-1.708854097917006,-124.8662524303229
238.64747822009136,29.76454386372134,18.999999999999996,0.3332254475313566,-1.7090261169332892,-124.90832986393204
238.65916950164092,29.76551647611837,18.999999999999996,0.33332759787858496,-1.70919747935572,-124.9504810164222
238.67085982558592,29.766492561524107,18.999999999999996,0.3334296513955393,-1.709368183202709,-124.99270598224491
238.68254919020188,29.767472132498064,18.999999999999996,0.3335316083214478,-1.7095382264899999,-125.03500485587074
238.69423759376687,29.768455201614543,18.999999999999993,0.3336334688964149,-1.7097076072306592,-125.07737773178926
238.7059250345617,29.76944178146264,18.999999999999996,0.3337352333614211,-1.7098763234350798,-125.11982470450893
238.71761151086972,29.770431884646165,18.999999999999996,0.333836901958326,-1.7100443731109807,-125.16234586855731
238.7292970209772,29.771425523783737,19.0,0.33393847492986956,-1.7102117542634017,-125.20494131848062
238.74098156317302,29.77242271150875,18.999999999999996,0.33403995251967206,-1.7103784648947076,-125.24761114884404
238.7526651357486,29.773423460469395,18.999999999999993,0.3341413349722361,-1.7105445030045796,-125.29035545423181
238.76434773699825,29.77442778332862,19.0,0.3342426225329478,-1.7107098665900207,-125.33317432924677
238.77602936521902,29.77543569276425,18.999999999999996,0.33434381544807873,-1.7108745536453516,-125.37606786851067
238.7877100187104,29.77644720146884,18.999999999999996,0.33444491396478543,-1.7110385621622075,-125.41903616666404
