galstreams/tracks/track.st.Tri-Pis.bonaca2012.ecsv
# %ECSV 0.9
# ---
# datatype:
# - {name: ra, unit: deg, datatype: float64}
# - {name: dec, unit: deg, datatype: float64}
# - {name: distance, unit: kpc, datatype: float64}
# - {name: pm_ra_cosdec, unit: mas / yr, datatype: float64}
# - {name: pm_dec, unit: mas / yr, datatype: float64}
# - {name: radial_velocity, unit: km / s, datatype: float64}
# delimiter: ','
# meta: !!omap
# - __serialized_columns__:
#     dec:
#       __class__: astropy.coordinates.angles.Latitude
#       unit: &id001 !astropy.units.Unit {unit: deg}
#       value: !astropy.table.SerializedColumn {name: dec}
#     distance:
#       __class__: astropy.coordinates.distances.Distance
#       unit: !astropy.units.Unit {unit: kpc}
#       value: !astropy.table.SerializedColumn {name: distance}
#     pm_dec:
#       __class__: astropy.units.quantity.Quantity
#       unit: !astropy.units.Unit {unit: mas / yr}
#       value: !astropy.table.SerializedColumn {name: pm_dec}
#     pm_ra_cosdec:
#       __class__: astropy.units.quantity.Quantity
#       unit: !astropy.units.Unit {unit: mas / yr}
#       value: !astropy.table.SerializedColumn {name: pm_ra_cosdec}
#     ra:
#       __class__: astropy.coordinates.angles.Longitude
#       unit: *id001
#       value: !astropy.table.SerializedColumn {name: ra}
#       wrap_angle: !astropy.coordinates.Angle
#         unit: *id001
#         value: 360.0
#     radial_velocity:
#       __class__: astropy.units.quantity.Quantity
#       unit: !astropy.units.Unit {unit: km / s}
#       value: !astropy.table.SerializedColumn {name: radial_velocity}
# schema: astropy-2.0
ra,dec,distance,pm_ra_cosdec,pm_dec,radial_velocity
20.999989215121158,36.099999621094284,26.000000000000004,0.0,0.0,0.0
21.00223109739948,36.0901509718732,26.000000000000004,0.0,0.0,0.0
21.00447242129609,36.08030228132965,26.000000000000004,0.0,0.0,0.0
21.00671318714056,36.070453549487745,26.000000000000004,0.0,0.0,0.0
21.008953395262303,36.060604776371406,26.000000000000007,0.0,0.0,0.0
21.011193045990456,36.05075596200467,26.000000000000004,0.0,0.0,0.0
21.01343213965395,36.04090710641157,26.000000000000007,0.0,0.0,0.0
21.01567067658148,36.031058209616056,26.000000000000007,0.0,0.0,0.0
21.017908657101522,36.02120927164211,26.000000000000007,0.0,0.0,0.0
21.020146081542304,36.011360292513714,26.000000000000007,0.0,0.0,0.0
21.022382950231886,36.0015112722547,26.000000000000004,0.0,0.0,0.0
21.024619263498046,35.99166221088904,26.0,0.0,0.0,0.0
21.02685502166836,35.981813108440626,26.000000000000004,0.0,0.0,0.0
21.029090225070174,35.97196396493331,26.000000000000007,0.0,0.0,0.0
21.03132827287086,35.962115364201395,26.000000000000004,0.0,0.0,0.0
21.033569721313985,35.95226740178108,26.000000000000004,0.0,0.0,0.0
21.03581061420704,35.94241939810367,26.000000000000007,0.0,0.0,0.0
21.038050951877718,35.93257135319314,26.000000000000007,0.0,0.0,0.0
21.04029073465349,35.922723267073486,26.000000000000004,0.0,0.0,0.0
21.042529962861586,35.91287513976866,26.000000000000007,0.0,0.0,0.0
21.04476863682903,35.90302697130266,26.000000000000004,0.0,0.0,0.0
21.047006756882638,35.893178761699325,26.000000000000004,0.0,0.0,0.0
21.049244323348955,35.88333051098259,26.000000000000004,0.0,0.0,0.0
21.051481336554343,35.87348221917637,26.000000000000007,0.0,0.0,0.0
21.053717796824923,35.863633886304534,26.000000000000007,0.0,0.0,0.0
21.055953704486573,35.853785512391006,26.000000000000007,0.0,0.0,0.0
21.058189059865022,35.84393709745954,26.000000000000004,0.0,0.0,0.0
21.06042386328569,35.83408864153399,26.000000000000004,0.0,0.0,0.0
21.06266487345908,35.82424130571726,26.0,0.0,0.0,0.0
21.064905892319292,35.81439402519057,26.0,0.0,0.0,0.0
21.06714635845205,35.80454670347309,26.000000000000007,0.0,0.0,0.0
21.06938627218314,35.79469934058883,26.000000000000007,0.0,0.0,0.0
21.071625633838163,35.78485193656159,26.000000000000007,0.0,0.0,0.0
21.073864443742462,35.77500449141534,26.000000000000004,0.0,0.0,0.0
21.076102702221156,35.76515700517398,26.000000000000004,0.0,0.0,0.0
21.078340409599154,35.75530947786139,26.000000000000007,0.0,0.0,0.0
21.08057756620113,35.74546190950147,26.000000000000004,0.0,0.0,0.0
21.082814172351576,35.73561430011799,26.000000000000004,0.0,0.0,0.0
21.085050228374715,35.725766649734794,26.000000000000007,0.0,0.0,0.0
21.087285734594587,35.71591895837573,26.000000000000004,0.0,0.0,0.0
21.089520691334965,35.70607122606457,26.000000000000004,0.0,0.0,0.0
21.091757892839826,35.696223932892906,26.000000000000004,0.0,0.0,0.0
21.093999036580097,35.68637737051946,26.000000000000004,0.0,0.0,0.0
21.096239630082472,35.67653076699854,26.000000000000004,0.0,0.0,0.0
21.098479673671072,35.66668412235409,26.000000000000004,0.0,0.0,0.0
21.100719167669805,35.65683743661002,26.000000000000004,0.0,0.0,0.0
21.10295811240237,35.6469907097902,26.000000000000004,0.0,0.0,0.0
21.105196508192233,35.63714394191856,26.000000000000004,0.0,0.0,0.0
21.10743435536267,35.62729713301882,26.0,0.0,0.0,0.0
21.109671654236706,35.61745028311487,26.000000000000004,0.0,0.0,0.0
21.111908405137157,35.60760339223054,26.0,0.0,0.0,0.0
21.114144608386628,35.5977564603896,26.000000000000004,0.0,0.0,0.0
21.116380264307477,35.58790948761583,26.0,0.0,0.0,0.0
21.118615373221857,35.578062473933066,26.000000000000004,0.0,0.0,0.0
21.120849935451755,35.56821541936494,26.000000000000004,0.0,0.0,0.0
21.123090062051944,35.55836937409223,26.0,0.0,0.0,0.0
21.125330781825827,35.54852348378773,26.000000000000004,0.0,0.0,0.0
21.127570954168473,35.53867755240409,26.000000000000004,0.0,0.0,0.0
21.129810579402136,35.52883157996522,26.000000000000004,0.0,0.0,0.0
21.132049657848896,35.51898556649486,26.000000000000004,0.0,0.0,0.0
21.134288189830574,35.509139512016915,25.999999999999996,0.0,0.0,0.0
21.136526175668784,35.499293416555155,26.000000000000004,0.0,0.0,0.0
21.13876361568493,35.48944728013341,26.0,0.0,0.0,0.0
21.141000510200193,35.479601102775455,26.0,0.0,0.0,0.0
21.14323685953552,35.46975488450509,25.999999999999996,0.0,0.0,0.0
21.145472664011674,35.459908625345975,26.000000000000007,0.0,0.0,0.0
21.14770792394919,35.45006232532188,26.000000000000004,0.0,0.0,0.0
21.14994263966837,35.44021598445653,26.0,0.0,0.0,0.0
21.152178983756464,35.430369976143105,26.000000000000004,0.0,0.0,0.0
21.154419828698078,35.42052479409148,26.0,0.0,0.0,0.0
21.156660128685715,35.41067957100608,26.000000000000004,0.0,0.0,0.0
21.158899884040007,35.40083430691081,26.0,0.0,0.0,0.0
21.161139095081356,35.39098900182946,26.000000000000004,0.0,0.0,0.0
21.16337776212998,35.381143655785856,26.0,0.0,0.0,0.0
21.16561588550586,35.37129826880375,26.000000000000004,0.0,0.0,0.0
21.167853465528772,35.36145284090697,26.0,0.0,0.0,0.0
21.170090502518285,35.35160737211916,26.0,0.0,0.0,0.0
21.172326996793743,35.3417618624641,26.0,0.0,0.0,0.0
21.174562948674257,35.33191631196551,26.0,0.0,0.0,0.0
21.176798358478752,35.322070720647076,26.000000000000004,0.0,0.0,0.0
21.1790332265259,35.31222508853254,26.0,0.0,0.0,0.0
21.18126755313422,35.302379415645476,25.999999999999996,0.0,0.0,0.0
21.18350678567418,35.29253463839387,26.000000000000004,0.0,0.0,0.0
21.185747212192123,35.28269011866079,25.999999999999996,0.0,0.0,0.0
21.187987096547086,35.27284555796429,25.999999999999993,0.0,0.0,0.0
21.190226439057877,35.26300095632814,25.999999999999996,0.0,0.0,0.0
21.192465240043063,35.253156313776174,26.000000000000004,0.0,0.0,0.0
21.194703499821053,35.243311630332016,26.0,0.0,0.0,0.0
21.19694121870999,35.233466906019466,26.0,0.0,0.0,0.0
21.199178397027833,35.22362214086223,25.999999999999993,0.0,0.0,0.0
21.201415035092307,35.21377733488401,26.0,0.0,0.0,0.0
21.20365113322091,35.20393248810853,26.000000000000004,0.0,0.0,0.0
21.205886691730992,35.194087600559364,25.999999999999996,0.0,0.0,0.0
21.208121710939626,35.18424267226021,25.999999999999996,0.0,0.0,0.0
21.210356191163676,35.17439770323469,26.000000000000004,0.0,0.0,0.0
21.212591667687516,35.164552957413854,26.0,0.0,0.0,0.0
21.214832219615417,35.15470913610388,25.999999999999996,0.0,0.0,0.0
21.217072231845506,35.14486527387807,26.0,0.0,0.0,0.0
21.219311704695006,35.13502137076006,26.0,0.0,0.0,0.0
21.221550638480892,35.12517742677362,26.000000000000004,0.0,0.0,0.0
21.22378903351994,35.11533344194248,26.0,0.0,0.0,0.0
21.22602689012869,35.10548941629032,26.0,0.0,0.0,0.0
21.228264208623507,35.0956453498409,26.0,0.0,0.0,0.0
21.230500989320536,35.085801242617755,26.000000000000004,0.0,0.0,0.0
21.232737232535694,35.07595709464461,26.0,0.0,0.0,0.0
21.234972938584697,35.06611290594509,26.000000000000004,0.0,0.0,0.0
21.23720810778304,35.0562686765428,26.000000000000004,0.0,0.0,0.0
21.239442740446023,35.04642440646137,26.000000000000004,0.0,0.0,0.0
21.241676836888693,35.0365800957244,26.000000000000007,0.0,0.0,0.0
21.243915165841504,35.026736564306944,26.000000000000004,0.0,0.0,0.0
21.246155304815584,35.01689339564043,26.000000000000004,0.0,0.0,0.0
21.248394906867485,35.00705018613033,26.000000000000007,0.0,0.0,0.0
21.250633972312613,34.99720693580033,26.000000000000007,0.0,0.0,0.0
21.25287250146614,34.987363644674176,26.000000000000007,0.0,0.0,0.0
21.25511049464305,34.97752031277541,26.000000000000004,0.0,0.0,0.0
21.257347952158106,34.96767694012775,26.00000000000001,0.0,0.0,0.0
21.259584874325864,34.95783352675484,25.999999999999996,0.0,0.0,0.0
21.26182126146065,34.94799007268027,26.0,0.0,0.0,0.0
21.264057113876603,34.93814657792765,26.000000000000004,0.0,0.0,0.0
21.26629243188763,34.92830304252063,26.000000000000007,0.0,0.0,0.0
21.268527215807488,34.91845946648268,26.0,0.0,0.0,0.0
21.27076146594965,34.90861584983738,26.0,0.0,0.0,0.0
21.272996065714146,34.89877234447843,26.0,0.0,0.0,0.0
21.27523633029538,34.88892986447696,26.000000000000004,0.0,0.0,0.0
21.27747606040775,34.879087343681576,26.000000000000004,0.0,0.0,0.0
21.27971525636511,34.86924478211584,25.999999999999996,0.0,0.0,0.0
21.281953918481058,34.85940217980346,26.0,0.0,0.0,0.0
21.284192047068984,34.84955953676807,26.0,0.0,0.0,0.0
21.286429642442062,34.839716853033266,26.000000000000004,0.0,0.0,0.0
21.288666704913297,34.82987412862269,26.000000000000007,0.0,0.0,0.0
21.290903234795433,34.82003136355995,26.0,0.0,0.0,0.0
21.29313923240105,34.81018855786851,26.000000000000004,0.0,0.0,0.0
21.295374698042515,34.800345711571985,26.000000000000004,0.0,0.0,0.0
21.297609632031957,34.790502824693924,26.000000000000007,0.0,0.0,0.0
21.299844034681318,34.78065989725783,26.000000000000004,0.0,0.0,0.0
21.302077906302326,34.77081692928728,26.000000000000004,0.0,0.0,0.0
21.3043153230804,34.76097462185145,26.000000000000007,0.0,0.0,0.0
21.306555180105725,34.75113278489451,26.0,0.0,0.0,0.0
21.30879450542274,34.741290907217945,26.000000000000004,0.0,0.0,0.0
21.31103329934346,34.73144898884537,26.0,0.0,0.0,0.0
21.31327156217972,34.72160702980045,26.000000000000004,0.0,0.0,0.0
21.315509294243174,34.71176503010666,26.0,0.0,0.0,0.0
21.31774649584521,34.70192298978762,26.000000000000004,0.0,0.0,0.0
21.319983167297075,34.692080908866885,26.0,0.0,0.0,0.0
21.322219308909734,34.682238787368,26.000000000000004,0.0,0.0,0.0
21.32445492099401,34.672396625314484,26.0,0.0,0.0,0.0
21.326690003860488,34.66255442272989,25.999999999999996,0.0,0.0,0.0
21.32892455781957,34.652712179637604,26.0,0.0,0.0,0.0
21.331158583181427,34.642869896061164,25.999999999999996,0.0,0.0,0.0
21.333392297923336,34.63302760946688,26.0,0.0,0.0,0.0
21.33563228070841,34.62318645148944,26.0,0.0,0.0,0.0
21.337871734226848,34.61334525284418,26.0,0.0,0.0,0.0
21.34011065878916,34.60350401355459,26.0,0.0,0.0,0.0
21.34234905470561,34.59366273364428,25.999999999999996,0.0,0.0,0.0
21.34458692228628,34.583821413136825,25.999999999999993,0.0,0.0,0.0
21.346824261841036,34.57398005205575,25.999999999999996,0.0,0.0,0.0
21.349061073679533,34.56413865042458,26.0,0.0,0.0,0.0
21.351297358111236,34.554297208266874,25.999999999999996,0.0,0.0,0.0
21.353533115445416,34.54445572560602,25.999999999999996,0.0,0.0,0.0
21.355768345991127,34.53461420246554,25.999999999999996,0.0,0.0,0.0
21.358003050057192,34.52477263886888,25.999999999999996,0.0,0.0,0.0
21.360237227952275,34.51493103483951,25.999999999999996,0.0,0.0,0.0
21.362470879984784,34.50508939040091,25.999999999999996,0.0,0.0,0.0
21.364707376919547,34.49524828542714,26.0,0.0,0.0,0.0
21.366946957475623,34.48540776097244,25.999999999999993,0.0,0.0,0.0
21.36918601151075,34.475567195926295,26.0,0.0,0.0,0.0
21.371424539333663,34.465726590312215,26.0,0.0,0.0,0.0
21.373662541252894,34.45588594415373,26.000000000000004,0.0,0.0,0.0
21.375900017576775,34.44604525747439,26.0,0.0,0.0,0.0
21.378136968613454,34.43620453029758,25.999999999999996,0.0,0.0,0.0
21.38037339467084,34.42636376264684,26.000000000000007,0.0,0.0,0.0
21.382609296056675,34.41652295454562,26.0,0.0,0.0,0.0
21.384844673078458,34.406682106017364,26.000000000000004,0.0,0.0,0.0
21.387079526043514,34.396841217085566,26.000000000000004,0.0,0.0,0.0
21.38931385525897,34.3870002877735,26.000000000000004,0.0,0.0,0.0
21.39154766103174,34.37715931810465,26.0,0.0,0.0,0.0
21.393780943668524,34.367318308102384,26.000000000000007,0.0,0.0,0.0
21.396020189823627,34.35747837382242,26.000000000000007,0.0,0.0,0.0
21.3982593721572,34.34763847819757,26.000000000000004,0.0,0.0,0.0
21.400498030707276,34.3377985420587,26.000000000000004,0.0,0.0,0.0
21.402736165780908,34.3279585654292,26.000000000000004,0.0,0.0,0.0
21.404973777684894,34.31811854833263,25.999999999999996,0.0,0.0,0.0
21.407210866725826,34.308278490792404,26.000000000000004,0.0,0.0,0.0
21.409447433210122,34.29843839283198,26.000000000000004,0.0,0.0,0.0
21.411683477443958,34.28859825447485,26.000000000000007,0.0,0.0,0.0
21.413918999733372,34.27875807574432,26.0,0.0,0.0,0.0
21.416154000384157,34.26891785666382,25.999999999999996,0.0,0.0,0.0
21.4183884797019,34.25907759725675,25.999999999999996,0.0,0.0,0.0
21.42062243799201,34.249237297546465,25.999999999999996,0.0,0.0,0.0
21.422855875559694,34.23939695755633,25.999999999999996,0.0,0.0,0.0
21.425091445881538,34.22955703385638,25.999999999999996,0.0,0.0,0.0
21.427330755333557,34.219717802848166,25.999999999999996,0.0,0.0,0.0
21.42956954342598,34.20987853138086,26.0,0.0,0.0,0.0
21.431807810464303,34.20003921947791,25.999999999999996,0.0,0.0,0.0
21.434045556753826,34.190199867162754,26.0,0.0,0.0,0.0
21.43628278259963,34.1803604744589,25.999999999999996,0.0,0.0,0.0
21.43851948830663,34.17052104138963,25.999999999999996,0.0,0.0,0.0
21.4407556741795,34.16068156797839,26.000000000000004,0.0,0.0,0.0
21.442991340522752,34.15084205424859,26.0,0.0,0.0,0.0
21.44522648764066,34.14100250022356,26.0,0.0,0.0,0.0
21.44746111583735,34.13116290592667,26.0,0.0,0.0,0.0
21.44969522541668,34.12132327138131,26.0,0.0,0.0,0.0
21.451928816682386,34.11148359661069,26.000000000000004,0.0,0.0,0.0
21.454161889937964,34.10164388163816,26.0,0.0,0.0,0.0
21.45640017560071,34.09180511260142,26.0,0.0,0.0,0.0
21.458639092045015,34.08196650101977,26.000000000000004,0.0,0.0,0.0
21.460877489852763,34.072127849058546,26.000000000000004,0.0,0.0,0.0
21.463115369327763,34.06228915674107,26.000000000000004,0.0,0.0,0.0
21.4653527307736,34.0524504240908,26.000000000000004,0.0,0.0,0.0
21.467589574493662,34.042611651131104,26.0,0.0,0.0,0.0
21.46982590079115,34.03277283788537,25.999999999999996,0.0,0.0,0.0
21.47206170996906,34.022933984376905,26.000000000000004,0.0,0.0,0.0
21.47429700233019,34.013095090629136,26.000000000000004,0.0,0.0,0.0
21.47653177817717,34.00325615666527,25.999999999999996,0.0,0.0,0.0
21.47876603781238,33.993417182508644,25.999999999999996,0.0,0.0,0.0
21.48099978153804,33.98357816818257,25.999999999999996,0.0,0.0,0.0
21.48323300965616,33.97373911371031,26.0,0.0,0.0,0.0
21.48546764747494,33.96390035042556,26.0,0.0,0.0,0.0
21.487706691075065,33.95406239396128,26.0,0.0,0.0,0.0
21.489945218451417,33.944224397174516,26.0,0.0,0.0,0.0
21.4921832299063,33.93438636008866,26.0,0.0,0.0,0.0
21.494420725741808,33.92454828272708,26.0,0.0,0.0,0.0
21.496657706259843,33.9147101651131,26.0,0.0,0.0,0.0
21.498894171762114,33.90487200727014,26.000000000000004,0.0,0.0,0.0
21.50113012255016,33.895033809221395,26.000000000000004,0.0,0.0,0.0
21.50336555892528,33.88519557099022,26.000000000000004,0.0,0.0,0.0
21.5056004811886,33.87535729259992,25.999999999999996,0.0,0.0,0.0
21.50783488964105,33.86551897407376,26.000000000000004,0.0,0.0,0.0
21.510068784583346,33.85568061543504,26.000000000000007,0.0,0.0,0.0
21.51230216631605,33.84584221670691,26.000000000000007,0.0,0.0,0.0
21.5145350351395,33.836003777912644,26.000000000000004,0.0,0.0,0.0
21.516772354982013,33.82616615343682,26.000000000000004,0.0,0.0,0.0
21.51901101072054,33.8163288070752,26.000000000000004,0.0,0.0,0.0
21.521249152944147,33.8064914204727,26.000000000000007,0.0,0.0,0.0
21.523486781953448,33.79665399365269,25.999999999999996,0.0,0.0,0.0
21.525723898048895,33.78681652663838,26.000000000000004,0.0,0.0,0.0
21.527960501530718,33.77697901945315,26.000000000000004,0.0,0.0,0.0
21.530196592698946,33.76714147212027,26.000000000000004,0.0,0.0,0.0
21.532432171853436,33.757303884663024,26.000000000000004,0.0,0.0,0.0
21.53466723929382,33.74746625710472,26.000000000000004,0.0,0.0,0.0
21.536901795319594,33.737628589468486,26.0,0.0,0.0,0.0
21.539135840229996,33.727790881777615,26.0,0.0,0.0,0.0
21.541369374324105,33.717953134055314,25.999999999999996,0.0,0.0,0.0
21.5436023979008,33.70811534632477,25.999999999999996,0.0,0.0,0.0
21.545836098186527,33.6982777229246,26.0,0.0,0.0,0.0
21.54807488107518,33.688441022256704,25.999999999999996,0.0,0.0,0.0
21.5503131528508,33.678604281407175,25.999999999999996,0.0,0.0,0.0
21.55255091381254,33.66876750039938,26.0,0.0,0.0,0.0
21.554788164259335,33.6589306792566,26.0,0.0,0.0,0.0
21.557024904489975,33.64909381800211,26.0,0.0,0.0,0.0
21.55926113480303,33.63925691665922,26.0,0.0,0.0,0.0
