galstreams/tracks/track.st.Phoenix.shipp2019.ecsv
# %ECSV 0.9
# ---
# datatype:
# - {name: ra, unit: deg, datatype: float64}
# - {name: dec, unit: deg, datatype: float64}
# - {name: distance, unit: kpc, datatype: float64}
# - {name: pm_ra_cosdec, unit: mas / yr, datatype: float64}
# - {name: pm_dec, unit: mas / yr, datatype: float64}
# - {name: radial_velocity, unit: km / s, datatype: float64}
# delimiter: ','
# meta: !!omap
# - __serialized_columns__:
#     dec:
#       __class__: astropy.coordinates.angles.Latitude
#       unit: &id001 !astropy.units.Unit {unit: deg}
#       value: !astropy.table.SerializedColumn {name: dec}
#     distance:
#       __class__: astropy.coordinates.distances.Distance
#       unit: !astropy.units.Unit {unit: kpc}
#       value: !astropy.table.SerializedColumn {name: distance}
#     pm_dec:
#       __class__: astropy.units.quantity.Quantity
#       unit: !astropy.units.Unit {unit: mas / yr}
#       value: !astropy.table.SerializedColumn {name: pm_dec}
#     pm_ra_cosdec:
#       __class__: astropy.units.quantity.Quantity
#       unit: !astropy.units.Unit {unit: mas / yr}
#       value: !astropy.table.SerializedColumn {name: pm_ra_cosdec}
#     ra:
#       __class__: astropy.coordinates.angles.Longitude
#       unit: *id001
#       value: !astropy.table.SerializedColumn {name: ra}
#       wrap_angle: !astropy.coordinates.Angle
#         unit: *id001
#         value: 360.0
#     radial_velocity:
#       __class__: astropy.units.quantity.Quantity
#       unit: !astropy.units.Unit {unit: km / s}
#       value: !astropy.table.SerializedColumn {name: radial_velocity}
# schema: astropy-2.0
ra,dec,distance,pm_ra_cosdec,pm_dec,radial_velocity
19.795598821839846,-55.13802616821203,17.50000000000177,2.7953707391502625,-0.08706971486797727,-1.741781893164051e-08
19.804758989204082,-55.12943119809004,17.500000000001762,2.795128007977959,-0.08685932592926263,-1.733095608720615e-08
19.813912785149682,-55.12083488166002,17.500000000001748,2.794885512109138,-0.08664953537571739,-1.7244173766357467e-08
19.82306021347741,-55.112237220005035,17.500000000001737,2.794643251722335,-0.08644034282322705,-1.7157568281618512e-08
19.832201277985835,-55.10363821420717,17.500000000001723,2.794401226995706,-0.08623174788797804,-1.707109489766391e-08
19.841335982471712,-55.09503786534719,17.500000000001712,2.7941594381070196,-0.08602375018644896,-1.698472624700048e-08
19.850464330729583,-55.08643617450485,17.500000000001698,2.7939178852336766,-0.0858163493354202,-1.6898506538655663e-08
19.859586326552165,-55.07783314275857,17.500000000001695,2.7936765685526863,-0.08560954495196234,-1.6812425246670544e-08
19.868701973729962,-55.069228771185834,17.500000000001677,2.79343548824069,-0.08540333665345329,-1.6726440793507418e-08
19.877811276051656,-55.060623060862696,17.50000000000167,2.793194644473945,-0.08519772405755618,-1.6640630018666344e-08
19.88691423730373,-55.05201601286433,17.500000000001656,2.7929540374283333,-0.08499270678224159,-1.6554941344948655e-08
19.896010861270806,-55.04340762826451,17.500000000001645,2.79271366727936,-0.08478828444576769,-1.6469377403844078e-08
19.90510115173534,-55.03479790813606,17.500000000001634,2.792473534202158,-0.0845844566666975,-1.6383957142078652e-08
19.914185112477913,-55.02618685355047,17.500000000001624,2.7922336383714774,-0.08438122306388435,-1.6298643718796187e-08
19.92326274727692,-55.017574465578235,17.50000000000161,2.791993979961702,-0.08417858325648474,-1.621348292191795e-08
19.932334059908914,-55.00896074528854,17.500000000001602,2.791754559146835,-0.08397653686394488,-1.6128438963183642e-08
19.94139905414823,-55.00034569374958,17.500000000001588,2.79151537610051,-0.08377508350601612,-1.6043552367535074e-08
19.95045773376737,-54.99172931202825,17.500000000001577,2.7912764309959845,-0.08357422280273698,-1.5958807872331822e-08
19.959510102536626,-54.983111601190444,17.50000000000157,2.7910377240061472,-0.08337395437445232,-1.5874169163015638e-08
19.96855616422444,-54.974492562300725,17.50000000000156,2.790799255303514,-0.08317427784179486,-1.5789655186312563e-08
19.977595922597057,-54.965872196422744,17.50000000000155,2.7905610250602293,-0.08297519282570255,-1.5705285415246592e-08
19.986629381418844,-54.957250504618735,17.50000000000154,2.7903230334480673,-0.08277669894740307,-1.562107142837252e-08
19.995656544452043,-54.94862748795,17.50000000000153,2.79008528063843,-0.08257879582842431,-1.5536949017340987e-08
20.00467741545684,-54.94000314747667,17.500000000001517,2.7898477668023576,-0.08238148309059215,-1.5452972390840388e-08
20.013691998191515,-54.93137748425759,17.500000000001506,2.789610492110513,-0.082184760356023,-1.5369122602144687e-08
20.02270029641216,-54.92275049935065,17.500000000001496,2.7893734567331943,-0.08198862724713843,-1.528541807168197e-08
20.031702313873,-54.9141221938124,17.500000000001492,2.789136660840334,-0.08179308338664752,-1.520182880046935e-08
20.040698054326054,-54.905492568698484,17.500000000001478,2.788900104601497,-0.0815981283975648,-1.5118403207917812e-08
20.049687521521463,-54.89686162506315,17.500000000001474,2.7886637881858807,-0.08140376190319301,-1.5035078138273887e-08
20.058670719207182,-54.888229363959766,17.50000000000146,2.788427711762318,-0.08120998352713871,-1.495190358984241e-08
20.067647651129295,-54.87959578644031,17.50000000000145,2.788191875499276,-0.08101679289329743,-1.4868850089938426e-08
20.076618321031667,-54.870960893555875,17.500000000001442,2.7879562795648587,-0.08082418962586976,-1.4785929743414682e-08
20.08558273265629,-54.86232468635617,17.50000000000143,2.7877209241268037,-0.08063217334934489,-1.4703148865846527e-08
20.09454088974298,-54.853687165890015,17.50000000000142,2.787485809352489,-0.08044074368851382,-1.4620507983531905e-08
20.103492796029645,-54.84504833320486,17.500000000001418,2.7872509354089265,-0.08024990026845887,-1.4537944993313234e-08
20.112438455252,-54.83640818934724,17.500000000001407,2.7870163024627685,-0.08005964271456503,-1.4455571470354986e-08
20.121377871143892,-54.827766735362346,17.500000000001393,2.7867819106803076,-0.07986997065250602,-1.4373304259581753e-08
20.13031104743693,-54.81912397229449,17.500000000001386,2.786547760227469,-0.07968088370826,-1.4291180201849728e-08
20.139237987860884,-54.81047990118658,17.50000000000138,2.786313851269823,-0.07949238150809272,-1.4209194034179454e-08
20.148158696143284,-54.80183452308064,17.500000000001364,2.786080183972581,-0.07930446367857419,-1.4127328915036671e-08
20.15707317600981,-54.793187839017385,17.50000000000136,2.7858467585005893,-0.07911712984656402,-1.4045600107061805e-08
20.1659814311839,-54.784539850036545,17.50000000000135,2.7856135750183437,-0.07893037963922284,-1.396397182199455e-08
20.174883465387122,-54.775890557176574,17.50000000000134,2.785380633689975,-0.07874421268400321,-1.3882533004187717e-08
20.183779282338882,-54.76723996147494,17.500000000001332,2.7851479346792627,-0.0785586286086565,-1.3801193130394662e-08
20.192668885756532,-54.758588063968,17.500000000001325,2.784915478149624,-0.0783736270412309,-1.3719982199598282e-08
20.20155227935549,-54.74993486569079,17.500000000001318,2.7846832642641246,-0.07818920761006559,-1.3638916527034892e-08
20.21042946684898,-54.74128036767749,17.500000000001307,2.7844512931854726,-0.07800536994380293,-1.3557957692954462e-08
20.219300451948314,-54.732624570960915,17.500000000001297,2.7842195650760204,-0.0778221136713719,-1.3477140433021403e-08
20.228165238362607,-54.72396747657301,17.500000000001293,2.7839880800977665,-0.07763943842200766,-1.3396448431999401e-08
20.237023829799085,-54.71530908554433,17.500000000001286,2.783756838412359,-0.07745734382523244,-1.3315916425552868e-08
20.24587622996275,-54.706649398904574,17.500000000001272,2.7835258401810865,-0.07727582951087052,-1.3235514414698901e-08
20.254722442556734,-54.6979884176821,17.50000000000127,2.78329508556489,-0.07709489510903608,-1.3155221347519677e-08
20.26356247128192,-54.68932614290436,17.50000000000126,2.7830645747243574,-0.0769145402501441,-1.3075048802569999e-08
20.272396319837323,-54.6806625755975,17.50000000000125,2.7828343078197237,-0.07673476456490136,-1.2995036778493734e-08
20.281223991919738,-54.671997716786734,17.500000000001247,2.782604285010873,-0.07655556768431428,-1.2915126329920975e-08
20.290045491224056,-54.66333156749598,17.500000000001236,2.7823745064573426,-0.07637694923967941,-1.2835370612944226e-08
20.298860821442958,-54.65466412874823,17.50000000000123,2.782144972318315,-0.07619890886259406,-1.2755752786029228e-08
20.30766998626724,-54.64599540156518,17.50000000000122,2.7819156827526283,-0.07602144618494605,-1.2676240218703354e-08
20.316472989385453,-54.63732538696763,17.50000000000121,2.781686637918768,-0.07584456083892396,-1.2596873962206362e-08
20.32526983448426,-54.62865408597502,17.500000000001208,2.7814578379748727,-0.075668252457006,-1.2517629280534807e-08
20.334060525248127,-54.61998149960597,17.5000000000012,2.7812292830787366,-0.0754925206719704,-1.2438519857435276e-08
20.342845065359583,-54.611307628877704,17.500000000001194,2.781000973387804,-0.07531736511688737,-1.2359552534781061e-08
20.351623458498963,-54.6026324748066,17.500000000001183,2.780772909059172,-0.07514278542512516,-1.2280713628825577e-08
20.3603957083447,-54.59395603840772,17.500000000001176,2.7805450902495976,-0.07496878123034309,-1.220200103437704e-08
20.36916181857303,-54.58527832069516,17.50000000000117,2.7803175171154835,-0.07479535216649871,-1.2123425803692311e-08
20.377921792858135,-54.57659932268194,17.500000000001165,2.780090189812898,-0.07462249786784587,-1.2044984252685768e-08
20.386675634872272,-54.5679190453798,17.500000000001155,2.779863108497559,-0.07445021796892831,-1.1966659539823151e-08
20.395423348285437,-54.559237489799614,17.500000000001148,2.779636273324841,-0.07427851210459077,-1.188845061250857e-08
20.40416493676575,-54.550554656950915,17.50000000000114,2.779409684449779,-0.07410737990996667,-1.1810429573560575e-08
20.412900403979105,-54.54187054784238,17.500000000001137,2.779183342027063,-0.07393682102048968,-1.1732452743640012e-08
20.421629753589468,-54.533185163481356,17.500000000001126,2.7789572462110437,-0.07376683507188378,-1.165467748583262e-08
20.430352989258612,-54.52449850487433,17.50000000000112,2.7787313971557275,-0.0735974217001717,-1.1577012224295862e-08
20.439070114646384,-54.51581057302647,17.500000000001116,2.778505795014783,-0.0734285805416664,-1.1499463274605085e-08
20.447781133410402,-54.50712136894205,17.50000000000111,2.7782804399415384,-0.07326031123298073,-1.142208221395896e-08
20.456486049206386,-54.49843089362408,17.500000000001098,2.7780553320889805,-0.07309261341101506,-1.1344791676559481e-08
20.465184865687824,-54.48973914807465,17.500000000001094,2.777830471609759,-0.07292548671297316,-1.1267663238927253e-08
20.473877586506294,-54.48104613329455,17.500000000001087,2.777605858656185,-0.07275893077634385,-1.1190632166414963e-08
20.482564215311143,-54.47235185028372,17.50000000000108,2.777381493380233,-0.07259294523891756,-1.1113762667371976e-08
20.49124475574983,-54.46365630004079,17.50000000000108,2.777157375933536,-0.07242752973877366,-1.1037020006133885e-08
20.499919211467535,-54.454959483563485,17.500000000001073,2.776933506467397,-0.07226268391429141,-1.0960409445680144e-08
20.508587586107584,-54.446261401848304,17.500000000001062,2.7767098851327776,-0.0720984074041369,-1.088388677698332e-08
20.517249883311024,-54.43756205589077,17.500000000001062,2.7764865120803055,-0.07193469984727818,-1.0807531471033203e-08
20.525906106717038,-54.42886144668522,17.500000000001048,2.776263387460275,-0.07177156088297038,-1.0731287213949611e-08
20.534556259962553,-54.42015957522497,17.500000000001044,2.7760405114226425,-0.07160899015076794,-1.0655238739701788e-08
20.54320034668249,-54.411456442502306,17.50000000000104,2.7758178841170356,-0.07144698729051754,-1.0579246579334146e-08
20.55183837050978,-54.4027520495083,17.50000000000103,2.7755955056927437,-0.07128555194235596,-1.050339915090155e-08
20.560470335075127,-54.39404639723308,17.500000000001023,2.7753733762987256,-0.07112468374672097,-1.042770698036291e-08
20.569096244007323,-54.38533948666554,17.500000000001016,2.7751514960836086,-0.07096438234433596,-1.0352107964560643e-08
20.57771610093291,-54.37663131879369,17.500000000001016,2.7749298651956873,-0.0708046473762256,-1.0276653680693423e-08
20.58632990947654,-54.36792189460426,17.50000000000101,2.7747084837829252,-0.07064547848370208,-1.0201349918038647e-08
20.59493767326062,-54.3592112150831,17.500000000001005,2.7744873519929576,-0.07048687530837566,-1.0126165625017527e-08
20.603539395905624,-54.350499281214795,17.500000000001,2.7742664699730866,-0.07032883749214539,-1.0051133958400637e-08
20.612135081029823,-54.34178609398303,17.500000000000995,2.7740458378702866,-0.07017136467720815,-9.976193867626283e-09
20.62072473224954,-54.33307165437027,17.500000000000984,2.7738254558312034,-0.07001445650605051,-9.9013895617219e-09
20.629308353178864,-54.32435596335804,17.500000000000984,2.7736053240021525,-0.06985811262145676,-9.826727882560778e-09
20.637885947429986,-54.31563902192664,17.500000000000973,2.773385442529126,-0.06970233266649808,-9.752195672694278e-09
20.64645751861284,-54.30692083105549,17.50000000000097,2.773165811557783,-0.0695471162845456,-9.67778082726965e-09
20.65502307033546,-54.29820139172275,17.50000000000097,2.7729464312334593,-0.06939246311925633,-9.603504924502667e-09
20.66358260620361,-54.28948070490568,17.500000000000963,2.772727301701166,-0.06923837281458797,-9.529367964393324e-09
20.672136129821155,-54.2807587715803,17.500000000000952,2.772508423105587,-0.06908484501478362,-9.455366262856006e-09
20.68068364478973,-54.27203559272177,17.500000000000952,2.7722897955910786,-0.06893187936438595,-9.381473504993431e-09
20.689225154709035,-54.263311169303975,17.50000000000095,2.7720714193016764,-0.06877947550822296,-9.30771600570288e-09
20.697760663176524,-54.254585502299925,17.50000000000094,2.771853294381092,-0.06862763309142314,-9.234091659792568e-09
20.706290173787732,-54.24585859268136,17.500000000000934,2.7716354209727103,-0.06847635175940148,-9.16060151985839e-09
20.714813690135966,-54.2371304414192,17.50000000000093,2.771417799219598,-0.06832563115787008,-9.087246638496236e-09
20.723331215812596,-54.22840104948305,17.500000000000927,2.771200429264495,-0.06817547093282868,-9.014034383877343e-09
20.731842754406806,-54.21967041784167,17.500000000000924,2.7709833112498212,-0.0680258707305714,-8.940893179481108e-09
20.740348309505677,-54.210938547462696,17.500000000000917,2.7707664453176784,-0.06787683019768959,-8.867925127108981e-09
20.748847884694335,-54.202205439312586,17.500000000000913,2.770549831609842,-0.06772834898105773,-8.795082859945859e-09
20.757341483555667,-54.19347109435695,17.50000000000091,2.7703334702677695,-0.06758042672785042,-8.722371114673247e-09
20.765829109670634,-54.18473551356012,17.500000000000906,2.770117361432602,-0.0674330630855279,-8.649783049417858e-09
20.774310766617948,-54.175998697885596,17.500000000000902,2.769901505245159,-0.06728625770184826,-8.577331295330381e-09
20.782786457974403,-54.16726064829559,17.50000000000089,2.769685901845942,-0.06714001022485536,-8.505014273516983e-09
20.79125618731454,-54.15852136575149,17.500000000000888,2.7694705513751305,-0.0669943203028919,-8.432825668402315e-09
20.79971995821098,-54.149780851213436,17.50000000000089,2.7692554539725913,-0.06684918758458491,-8.36076653258227e-09
20.8081777742341,-54.1410391056407,17.50000000000088,2.769040609777876,-0.06670461171885958,-8.288828971587662e-09
20.81662963895235,-54.1322961299913,17.500000000000874,2.7688260189302154,-0.06656059235492756,-8.21699982796985e-09
20.825075555931924,-54.123551925222415,17.500000000000878,2.768611681568524,-0.0664171291422969,-8.145349099355603e-09
20.833515528737102,-54.114806492289986,17.50000000000087,2.7683975978314055,-0.06627422173076085,-8.073813629991447e-09
20.841949560929923,-54.10605983214908,17.50000000000087,2.7681837678571437,-0.0661318697704104,-8.002369210171881e-09
20.85037765607047,-54.09731194575353,17.50000000000086,2.7679701917837143,-0.06599007291162266,-7.93107583786271e-09
20.858799817716605,-54.08856283405633,17.50000000000086,2.767756869748773,-0.06584883080507095,-7.859928250084472e-09
20.867216049424254,-54.07981249800924,17.500000000000856,2.767543801889666,-0.06570814310171347,-7.788900658237836e-09
20.875626354747087,-54.07106093856314,17.50000000000085,2.7673309883434256,-0.06556800945280626,-7.718010956452951e-09
20.884030737236866,-54.06230815666771,17.50000000000085,2.7671184292467723,-0.06542842950988868,-7.647250197664743e-09
20.892429200443125,-54.05355415327172,17.500000000000846,2.7669061247361153,-0.0652894029247971,-7.576581014719071e-09
20.900821747913312,-54.04479892932287,17.50000000000084,2.7666940749475524,-0.06515092934965844,-7.506078668222161e-09
20.909208383192905,-54.03604248576774,17.50000000000084,2.766482280016871,-0.06501300843688504,-7.435702106934252e-09
20.91758910982515,-54.027284823551994,17.500000000000835,2.766270740079546,-0.0648756398391852,-7.365443436386163e-09
20.925963931351333,-54.018525943620105,17.50000000000083,2.766059455270748,-0.06473882320955392,-7.2953326555607915e-09
20.93433285131052,-54.00976584691571,17.500000000000828,2.7658484257253346,-0.06460255820128075,-7.225345028454694e-09
20.94269587323982,-54.0010045343812,17.500000000000824,2.7656376515778573,-0.06446684446793957,-7.155481607663763e-09
20.95105300067411,-53.99224200695813,17.50000000000082,2.765427132962557,-0.06433168166340154,-7.085741340592106e-09
20.959404237146337,-53.983478265586804,17.500000000000817,2.7652168700133677,-0.06419706944181977,-7.016140016178092e-09
