galstreams/tracks/track.st.NGC5466.jensen2021.ecsv
# %ECSV 0.9
# ---
# datatype:
# - {name: ra, unit: deg, datatype: float64}
# - {name: dec, unit: deg, datatype: float64}
# - {name: distance, unit: kpc, datatype: float64}
# - {name: pm_ra_cosdec, unit: mas / yr, datatype: float64}
# - {name: pm_dec, unit: mas / yr, datatype: float64}
# - {name: radial_velocity, unit: km / s, datatype: float64}
# delimiter: ','
# meta: !!omap
# - __serialized_columns__:
#     dec:
#       __class__: astropy.coordinates.angles.Latitude
#       unit: &id001 !astropy.units.Unit {unit: deg}
#       value: !astropy.table.SerializedColumn {name: dec}
#     distance:
#       __class__: astropy.coordinates.distances.Distance
#       unit: !astropy.units.Unit {unit: kpc}
#       value: !astropy.table.SerializedColumn {name: distance}
#     pm_dec:
#       __class__: astropy.units.quantity.Quantity
#       unit: !astropy.units.Unit {unit: mas / yr}
#       value: !astropy.table.SerializedColumn {name: pm_dec}
#     pm_ra_cosdec:
#       __class__: astropy.units.quantity.Quantity
#       unit: !astropy.units.Unit {unit: mas / yr}
#       value: !astropy.table.SerializedColumn {name: pm_ra_cosdec}
#     ra:
#       __class__: astropy.coordinates.angles.Longitude
#       unit: *id001
#       value: !astropy.table.SerializedColumn {name: ra}
#       wrap_angle: !astropy.coordinates.Angle
#         unit: *id001
#         value: 360.0
#     radial_velocity:
#       __class__: astropy.units.quantity.Quantity
#       unit: !astropy.units.Unit {unit: km / s}
#       value: !astropy.table.SerializedColumn {name: radial_velocity}
# schema: astropy-2.0
ra,dec,distance,pm_ra_cosdec,pm_dec,radial_velocity
[from data line 1496]
209.12698809657832,29.500728075183734,17.581882445596698,-5.204365130597955,-0.915959660198592,-9.271293350067658e-06
209.1372590387195,29.496239215747302,17.577712598685967,-5.2051885139964575,-0.9155104357622865,-9.25297287226651e-06
209.14752921171421,29.491749807886254,17.573545420103372,-5.206012008300945,-0.9150612151413692,-9.234604922390669e-06
209.15779861570533,29.48725985178409,17.569380909848903,-5.206835613530663,-0.9146119983408858,-9.216189504650515e-06
209.1680672508357,29.482769347624227,17.56521906792256,-5.207659329704853,-0.9141627853658948,-9.197726391685337e-06
209.17833511724837,29.47827829559008,17.561059894324348,-5.20848315684276,-0.9137135762214517,-9.179215844538918e-06
209.18860221508623,29.473786695865105,17.55690338905427,-5.20930709496362,-0.9132643709126358,-9.160658014785064e-06
209.19886854449237,29.469294548632675,17.552749552112314,-5.210131144086671,-0.9128151694445273,-9.142052485595803e-06
209.20913410560996,29.46480185407619,17.548598383498486,-5.210955304231147,-0.9123659718222128,-9.123399539066833e-06
209.21939889858214,29.46030861237897,17.544449883212792,-5.211779575416285,-0.9119167780507916,-9.104699145725471e-06
209.22966292355216,29.45581482372439,17.540304051255223,-5.212603957661315,-0.9114675881353727,-9.085951351885935e-06
209.23992618066333,29.45132048829576,17.536160887625783,-5.213428450985466,-0.9110184020810709,-9.067156136496307e-06
209.250188670059,29.44682560627642,17.532020392324473,-5.2142530554079665,-0.9105692198930119,-9.04831332693086e-06
209.2604503918826,29.44233017784963,17.527882565351295,-5.21507777094804,-0.9101200415763289,-9.029423369490252e-06
209.2707113462776,29.437834203198683,17.523747406706246,-5.215902597624913,-0.909670867136166,-9.010485775769992e-06
209.2809715333875,29.433337682506835,17.51961491638932,-5.216727535457808,-0.9092216965776728,-8.991500832076162e-06
209.29123095335595,29.42884061595734,17.515485094400525,-5.217552584465944,-0.9087725299060099,-8.972468774190238e-06
209.30148960632656,29.424343003733416,17.511357940739863,-5.21837774466854,-0.908323367126347,-8.95338908002466e-06
209.31174749244312,29.419844846018254,17.507233455407327,-5.219203016084813,-0.9078742082438601,-8.934262187459321e-06
209.32200461184922,29.415346142995084,17.503111638402917,-5.220028398733973,-0.9074250532637428,-8.91508775545315e-06
209.3322609646888,29.41084689484707,17.49899248972664,-5.220853892635237,-0.9069759021911871,-8.895866074522612e-06
209.34251655110575,29.406347101757373,17.494876009378487,-5.221679497807814,-0.9065267550313942,-8.876597203613079e-06
209.352771371244,29.401846763909127,17.490762197358467,-5.222505214270913,-0.9060776117895822,-8.857280852208084e-06
209.36302542524749,29.397345881485457,17.486651053666574,-5.22333104204374,-0.9056284724709719,-8.837917264509874e-06
209.37327871326036,29.392844454669486,17.482542578302812,-5.224156981145502,-0.9051793370807927,-8.818506469991134e-06
209.38353123542666,29.38834248364429,17.47843677126717,-5.224983031595403,-0.904730205624288,-8.799048249711918e-06
209.3937829918906,29.383839968592948,17.47433363255967,-5.225809193412639,-0.9042810781067048,-8.779542822612172e-06
209.4040339827964,29.37933690969853,17.470233162180286,-5.226635466616412,-0.9038319545333016,-8.75999020553343e-06
209.41428420828834,29.37483330714406,17.46613536012904,-5.227461851225918,-0.9033828349093461,-8.740390175325366e-06
209.42453366851083,29.370329161112544,17.46204022640592,-5.228288347260353,-0.9029337192401097,-8.720743123553645e-06
209.43478236360815,29.36582447178705,17.457947761010928,-5.2291149547389155,-0.9024846075308819,-8.701048734439505e-06
209.4450302937248,29.361319239350536,17.453857963944067,-5.2299416736807895,-0.9020354997869556,-8.68130715534637e-06
209.45527745900532,29.356813463985958,17.44977083520533,-5.230768504105167,-0.9015863960136333,-8.661518217858896e-06
209.46552385959427,29.3523071458763,17.445686374794725,-5.231595446031237,-0.9011372962162248,-8.641682191441631e-06
209.4757694956363,29.34780028520449,17.441604582712245,-5.232422499478187,-0.9006882004000502,-8.621798958203837e-06
209.4860143672761,29.343292882153452,17.4375254589579,-5.233249664465198,-0.9002391085704373,-8.601868690771239e-06
209.49625847465842,29.338784936906094,17.433449003531678,-5.234076941011452,-0.8997900207327274,-8.581891128100056e-06
209.50650181792804,29.33427644964529,17.429375216433584,-5.23490432913613,-0.899340936892266,-8.561866493340617e-06
209.51674439722981,29.329767420553935,17.425304097663627,-5.23573182885841,-0.8988918570544091,-8.541794508607606e-06
209.52698621270866,29.32525784981488,17.421235647221792,-5.236559440197469,-0.8984427812245217,-8.521675502310943e-06
209.53722726450968,29.32074773761092,17.417169865108082,-5.2373871631724835,-0.897993709407972,-8.501509558658296e-06
209.5474675527777,29.316237084124946,17.413106751322506,-5.238214997802623,-0.8975446416101516,-8.48129632397745e-06
209.5577070776579,29.31172588953972,17.409046305865058,-5.239042944107057,-0.8970955778364498,-8.461035920369526e-06
209.56794583929548,29.307214154038054,17.404988528735736,-5.239871002104959,-0.8966465180922626,-8.44072857098485e-06
209.57818383783552,29.302701877802694,17.400933419934542,-5.240699171815492,-0.896197462383004,-8.420374040041948e-06
209.5884210734234,29.2981890610164,17.396880979461482,-5.241527453257823,-0.8957484107140897,-8.399972432800406e-06
209.5986575462044,29.293675703861915,17.392831207316544,-5.242355846451113,-0.8952993630909482,-8.379523947148252e-06
209.60889325632388,29.28916180652196,17.388784103499738,-5.243184351414526,-0.8948503195190163,-8.359028098891377e-06
209.61912820392726,29.284647369179222,17.38473966801106,-5.244012968167219,-0.8944012800037378,-8.33848541011734e-06
209.62936238916004,29.2801323920164,17.38069790085051,-5.2448416967283515,-0.8939522445505674,-8.317895543995459e-06
209.63959581216778,29.27561687521617,17.376658802018092,-5.245670537117077,-0.8935032131649683,-8.297258854197953e-06
209.64982847309605,29.271100818961163,17.3726223715138,-5.246499489352551,-0.8930541858524124,-8.276575008104518e-06
209.66006037209053,29.266584223434027,17.36858860933763,-5.247328553453927,-0.8926051626183833,-8.255844190972033e-06
209.67029150929696,29.262067088817332,17.364557515489594,-5.248157729440351,-0.8921561434683638,-8.235066364907046e-06
209.68052188486104,29.257549415293756,17.36052908996969,-5.248987017330969,-0.8917071284078626,-8.214241513068023e-06
209.69075149892862,29.25303120304586,17.35650333277791,-5.2498164171449355,-0.8912581174423807,-8.193369854394907e-06
209.70098035164557,29.248512452256186,17.352480243914258,-5.250645928901386,-0.8908091105774409,-8.172450942587042e-06
209.7112084431579,29.243993163107305,17.348459823378736,-5.251475552619469,-0.8903601078185629,-8.151485303942375e-06
209.7214357736115,29.23947333578173,17.34444207117134,-5.252305288318322,-0.8899111091712867,-8.130472525843313e-06
209.7316623431525,29.234952970462004,17.340426987292076,-5.253135136017084,-0.8894621146411521,-8.109413075642435e-06
209.74188815192696,29.230432067330593,17.33641457174094,-5.253965095734893,-0.8890131242337159,-8.088306464935245e-06
209.7521132000811,29.22591062656999,17.332404824517926,-5.254795167490884,-0.8885641379545383,-8.06715310212895e-06
209.76233748776107,29.221388648362677,17.328397745623043,-5.255625351304189,-0.8881151558091892,-8.04595265460325e-06
209.7725610151132,29.21686613289107,17.32439333505629,-5.256455647193937,-0.8876661778032496,-8.024705480240745e-06
209.78278378228384,29.212343080337597,17.320391592817668,-5.257286055179259,-0.8872172039423069,-8.00341133483919e-06
209.7930057894193,29.20781949088472,17.316392518907172,-5.258116575279284,-0.8867682342319624,-7.982070302606255e-06
209.80322703666604,29.203295364714787,17.3123961133248,-5.258947207513135,-0.8863192686778233,-7.960682257230436e-06
209.81344752417056,29.198770702010215,17.308402376070568,-5.2597779518999355,-0.8858703072855018,-7.939247527121646e-06
209.82366725207947,29.194245502953333,17.30441130714445,-5.2606088084588105,-0.885421350060626,-7.917765889129561e-06
209.83388622053934,29.189719767726505,17.300422906546462,-5.261439777208876,-0.8849723970088275,-7.896237465355302e-06
209.8441044296968,29.185193496512046,17.29643717427661,-5.26227085816925,-0.8845234481357521,-7.874662091593912e-06
209.8543218796986,29.180666689492277,17.292454110334884,-5.263102051359053,-0.8840745034470505,-7.853039868894592e-06
209.8645385706916,29.176139346849478,17.28847371472128,-5.263933356797395,-0.883625562948383,-7.83137104988036e-06
209.87475450282247,29.17161146876594,17.284495987435818,-5.264764774503386,-0.883176626645421,-7.809655221933626e-06
209.88496967623823,29.167083055423916,17.28052092847847,-5.265596304496144,-0.8827276945438453,-7.787892667150089e-06
209.89518409108578,29.162554107005644,17.276548537849255,-5.266427946794771,-0.8822787666493416,-7.76608327184939e-06
209.90539774751215,29.158024623693322,17.27257881554816,-5.267259701418379,-0.8818298429676052,-7.744227179184573e-06
209.91561064566432,29.153494605669223,17.268611761575205,-5.268091568386067,-0.8813809235043486,-7.72232414074301e-06
209.92582278568943,29.148964053115506,17.264647375930377,-5.26892354771694,-0.8809320082652834,-7.700374425989243e-06
209.93603416773465,29.14443296621434,17.260685658613674,-5.269755639430103,-0.8804830972561356,-7.678377967557138e-06
209.94624479194724,29.13990134514788,17.256726609625098,-5.27058784354465,-0.8800341904826372,-7.656334815971298e-06
209.9564546584744,29.135369190098285,17.252770228964653,-5.27142016007968,-0.8795852879505323,-7.634244958600572e-06
209.9666637674635,29.130836501247643,17.24881651663233,-5.27225258905429,-0.8791363896655717,-7.612108290185373e-06
209.9768721190619,29.126303278778085,17.244865472628145,-5.273085130487571,-0.8786874956335164,-7.589924772832245e-06
209.9870797134171,29.121769522871702,17.240917096952078,-5.273917784398619,-0.8782386058601366,-7.567694743371876e-06
209.99728655067656,29.117235233710538,17.236971389604147,-5.274750550806518,-0.8777897203512106,-7.545417953391635e-06
210.0074926309878,29.112700411476663,17.233028350584338,-5.27558342973036,-0.8773408391125285,-7.5230943607876855e-06
210.01769795449846,29.10816505635214,17.229087979892658,-5.27641642118923,-0.876891962149886,-7.5007241592376725e-06
210.02790252135622,29.10362916851891,17.225150277529107,-5.2772495252022145,-0.876443089469085,-7.478307281375459e-06
210.03810633170875,29.099092748159073,17.22121524349368,-5.278082741788392,-0.8759942210759477,-7.455843815619098e-06
210.0483093857038,29.09455579545456,17.21728287778639,-5.278916070966844,-0.8755453569762975,-7.433333404085989e-06
210.05851168348926,29.090018310587354,17.21335318040722,-5.27974951275665,-0.8750964971759642,-7.410776581494844e-06
210.06871322521295,29.0854802937394,17.209426151356183,-5.280583067176888,-0.8746476416807923,-7.388173204692622e-06
210.07891401102282,29.080941745092627,17.20550179063327,-5.281416734246631,-0.8741987904966353,-7.365523021056307e-06
210.08911404106686,29.07640266482897,17.201580098238487,-5.282250513984953,-0.873749943629353,-7.342826148476641e-06
210.09931331549313,29.071863053130304,17.19766107417183,-5.283084406410925,-0.873301101084814,-7.3200827890520355e-06
210.1095118344497,29.067322910178518,17.1937447184333,-5.283918411543617,-0.8728522628688978,-7.297292761735995e-06
210.11970959808474,29.06278223615548,17.1898310310229,-5.284752529402095,-0.8724034289874928,-7.274456180208878e-06
210.12990660654643,29.05824103124305,17.18592001194063,-5.285586760005426,-0.871954599446497,-7.251572930790327e-06
210.1401028599831,29.053699295623016,17.182011661186486,-5.286421103372672,-0.8715057742518143,-7.228643131371081e-06
210.15029835854298,29.04915702947726,17.17810597876047,-5.287255559522897,-0.8710569534093637,-7.205666807213444e-06
210.16049310237443,29.044614232987527,17.17420296466258,-5.288090128475162,-0.870608136925069,-7.182643832005907e-06
210.17068709162592,29.040070906335618,17.170302618892816,-5.288924810248522,-0.8701593248048641,-7.159574357322278e-06
210.1808803264459,29.035527049703276,17.166404941451184,-5.289759604862035,-0.869710517054692,-7.13645811369801e-06
210.19107280698293,29.03098266327226,17.16250993233768,-5.290594512334754,-0.8692617136805051,-7.113295437963788e-06
210.20126453338557,29.026437747224296,17.1586175915523,-5.291429532685736,-0.8688129146882614,-7.090086443799969e-06
210.21145550580243,29.021892301741094,17.15472791909505,-5.292264665934027,-0.868364120083937,-7.066830642802058e-06
210.22164572438228,29.017346327004336,17.150840914965926,-5.293099912098678,-0.8679153298735065,-7.043528460218796e-06
210.2318351892738,29.012799823195706,17.146956579164932,-5.2939352711987375,-0.867466544062961,-7.02017962237525e-06
210.2420239006258,29.008252790496872,17.143074911692064,-5.294770743253248,-0.8670177626582984,-6.996784335580217e-06
210.2522118585872,29.003705229089434,17.139195912547322,-5.295606328281255,-0.8665689856655228,-6.973342705093284e-06
210.2623990633068,28.999157139155077,17.13531958173071,-5.296442026301798,-0.8661202130906561,-6.94985433934878e-06
210.2725855149336,28.99460852087536,17.131445919242225,-5.297277837333919,-0.8656714449397196,-6.9263195793877734e-06
210.28277121361663,28.990059374431915,17.127574925081866,-5.298113761396654,-0.8652226812187512,-6.902738416789499e-06
210.29295615950494,28.98550970000626,17.12370659924964,-5.29894979850904,-0.8647739219337911,-6.8791106410347765e-06
210.30314035274765,28.98095949778001,17.119840941745533,-5.299785948690111,-0.8643251670908935,-6.855436555271223e-06
210.31332379349394,28.97640876793466,17.115977952569562,-5.300622211958897,-0.8638764166961224,-6.831715860561606e-06
210.32350648189305,28.971857510651738,17.112117631721716,-5.301458588334432,-0.8634276707555479,-6.807948716900501e-06
210.33368841809428,28.96730572611275,17.108259979201996,-5.302295077835744,-0.8629789292752472,-6.784135448487441e-06
210.34386960224694,28.962753414499193,17.104404995010402,-5.303131680481862,-0.8625301922613148,-6.760275554286784e-06
210.35405003450037,28.958200575992517,17.10055267914694,-5.303968396291802,-0.862081459719848,-6.736369013246611e-06
210.3642297150041,28.953647210774186,17.096703031611604,-5.304805225284595,-0.8616327316569555,-6.7124163306129495e-06
210.37440864390754,28.94909331902563,17.092856052404393,-5.30564216747926,-0.8611840080787555,-6.688416988508621e-06
210.38458682136036,28.944538900928244,17.08901174152531,-5.30647922289482,-0.8607352889913671,-6.664371563756175e-06
210.394764247512,28.93998395666346,17.085170098974356,-5.307316391550289,-0.8602865744009381,-6.640279454270761e-06
210.40494092251222,28.93542848641266,17.08133112475153,-5.30815367346468,-0.8598378643136056,-6.616141161088023e-06
210.4151168465107,28.930872490357196,17.077494818856827,-5.308991068657011,-0.859389158735525,-6.59195636421881e-06
210.4252920196572,28.926315968678413,17.073661181290255,-5.309828577146294,-0.858940457672863,-6.567725194185013e-06
210.4354664421015,28.921758921557647,17.069830212051812,-5.3106661989515365,-0.8584917611317893,-6.543447570989344e-06
210.44564011399353,28.917201349176217,17.0660019111415,-5.31150393409175,-0.8580430691184859,-6.519123667257529e-06
210.45581303548315,28.912643251715416,17.062176278559303,-5.312341782585939,-0.857594381639143,-6.494753407202665e-06
210.4659852067204,28.90808462935649,17.05835331430524,-5.313179744453109,-0.857145698699963,-6.470336959240092e-06
210.4761566278552,28.90352548228076,17.054533018379306,-5.314017819712262,-0.8566970203071562,-6.445873910752224e-06
210.48632729903773,28.89896581066942,17.050715390781498,-5.314856008382402,-0.8562483464669395,-6.421364623832045e-06
210.49649722041815,28.894405614703683,17.04690043151182,-5.315694310482526,-0.8557996771855374,-6.3968091700560765e-06
