galstreams/tracks/track.st.GD-1.pricewhelan2018.ecsv
# %ECSV 0.9
# ---
# datatype:
# - {name: ra, unit: deg, datatype: float64}
# - {name: dec, unit: deg, datatype: float64}
# - {name: distance, unit: kpc, datatype: float64}
# - {name: pm_ra_cosdec, unit: mas / yr, datatype: float64}
# - {name: pm_dec, unit: mas / yr, datatype: float64}
# - {name: radial_velocity, unit: km / s, datatype: float64}
# delimiter: ','
# meta: !!omap
# - __serialized_columns__:
#     dec:
#       __class__: astropy.coordinates.angles.Latitude
#       unit: &id001 !astropy.units.Unit {unit: deg}
#       value: !astropy.table.SerializedColumn {name: dec}
#     distance:
#       __class__: astropy.coordinates.distances.Distance
#       unit: !astropy.units.Unit {unit: kpc}
#       value: !astropy.table.SerializedColumn {name: distance}
#     pm_dec:
#       __class__: astropy.units.quantity.Quantity
#       unit: !astropy.units.Unit {unit: mas / yr}
#       value: !astropy.table.SerializedColumn {name: pm_dec}
#     pm_ra_cosdec:
#       __class__: astropy.units.quantity.Quantity
#       unit: !astropy.units.Unit {unit: mas / yr}
#       value: !astropy.table.SerializedColumn {name: pm_ra_cosdec}
#     ra:
#       __class__: astropy.coordinates.angles.Longitude
#       unit: *id001
#       value: !astropy.table.SerializedColumn {name: ra}
#       wrap_angle: !astropy.coordinates.Angle
#         unit: *id001
#         value: 360.0
#     radial_velocity:
#       __class__: astropy.units.quantity.Quantity
#       unit: !astropy.units.Unit {unit: km / s}
#       value: !astropy.table.SerializedColumn {name: radial_velocity}
# schema: astropy-2.0
ra,dec,distance,pm_ra_cosdec,pm_dec,radial_velocity
[from data line 3968]
142.16256854922017,27.781190923253305,7.492504057673972,-4.575384459793015,-12.604382617234712,4.9514110723649346e-12
142.16851223687382,27.78970829004245,7.493004097108737,-4.576323365412195,-12.60437006591723,5.018777209403914e-12
142.17445706214272,27.79822527894769,7.4935041365435,-4.577262225238994,-12.604356794074821,4.917728003845445e-12
142.18040302552794,27.80674188979822,7.494004175978265,-4.578201039242751,-12.604342801673226,4.850361866806467e-12
142.1863501275308,27.815258122423167,7.494504215413031,-4.5791398073929415,-12.60432808867826,4.749312661247998e-12
142.1922983686527,27.823773976651406,7.495004254847793,-4.580078529659101,-12.604312655055754,4.68194652420902e-12
142.1982477493954,27.832289452311922,7.495504294282557,-4.581017206010909,-12.60429650077161,4.614580387170041e-12
142.20419827026072,27.840804549233386,7.49600433371732,-4.581955836418121,-12.604279625791758,4.5808973186505516e-12
142.21014993175078,27.84931926724464,7.496504373152086,-4.582894420850618,-12.604262030082188,4.479848113092084e-12
142.2161027343679,27.857833606174125,7.49700441258685,-4.58383295927837,-12.60424371360893,4.513531181611573e-12
142.2220566786146,27.86634756585045,7.497504452021616,-4.5847714516714495,-12.604224676338053,4.412481976053105e-12
142.2280117649936,27.874861146102045,7.498004491456378,-4.5857098980000535,-12.60420491823569,4.446165044572594e-12
142.23396799400783,27.88337434675714,7.498504530891144,-4.586648298234445,-12.604184439267998,4.311432770494637e-12
142.2399253661604,27.89188716764403,7.499004570325908,-4.587586652345031,-12.604163239401196,4.244066633455658e-12
142.24588388195474,27.90039960859086,7.499504609760671,-4.588524960302301,-12.604141318601538,4.17670049641668e-12
142.25184354189432,27.90891166942559,7.500004649195435,-4.589463222076838,-12.604118676835338,4.109334359377701e-12
142.2578043464829,27.917423349976204,7.500504688630199,-4.59040143763935,-12.60409531406895,4.041968222338723e-12
142.26376629622453,27.925934650070598,7.501004728064964,-4.591339606960633,-12.604071230268751,3.940919016780254e-12
142.26972939162331,27.93444556953642,7.50150476749973,-4.592277730011594,-12.6040464254012,4.041968222338723e-12
142.2756936331837,27.94295610820145,7.502004806934493,-4.5932158067632445,-12.60402089943279,3.806186742702297e-12
142.28165902141023,27.951466265893142,7.502504846369259,-4.594153837186687,-12.60399465233004,3.839869811221786e-12
142.28762555680777,27.959976042439045,7.503004885804022,-4.5950918212531375,-12.603967684059544,3.806186742702297e-12
142.29359323988123,27.96848543766646,7.503504925238786,-4.596029758933911,-12.603939994587927,3.806186742702297e-12
142.29956207113594,27.976994451402717,7.504004964673551,-4.596967650200424,-12.603911583881855,3.63777140010485e-12
142.30553205107728,27.98550308347505,7.504505004108314,-4.597905495024204,-12.60388245190805,3.536722194546382e-12
142.31150318021088,27.99401133371042,7.505005043543081,-4.598843293376864,-12.60385259863327,3.67145446862434e-12
142.31747545904264,28.002519201935925,7.505505082977843,-4.599781045230139,-12.603822024024337,3.4693560575074034e-12
142.32344888807856,28.011026687978486,7.506005122412607,-4.60071875055586,-12.603790728048095,3.435672988987914e-12
142.3294234678249,28.019533791664813,7.506505161847373,-4.601656409325945,-12.603758710671448,3.4019899204684248e-12
142.33539919878822,28.028040512821708,7.507005201282139,-4.602594021512434,-12.603725971861337,3.3346237834294458e-12
142.3413760814751,28.036546851275723,7.507505240716902,-4.6035315870874625,-12.603692511584772,3.3346237834294458e-12
142.34735411639247,28.0450528068534,7.508005280151665,-4.6044691060232665,-12.603658329808777,3.13252537231251e-12
142.35333330404745,28.05355837938121,7.508505319586429,-4.605406578292188,-12.603623426500434,3.267257646390467e-12
142.35931364494735,28.062063568685417,7.5090053590211925,-4.606344003866663,-12.603587801626881,3.1998915093514885e-12
142.36529513959968,28.070568374592334,7.50950539845596,-4.607281382719242,-12.603551455155284,3.0314761667540418e-12
142.37127778851212,28.079072796928013,7.510005437890723,-4.6082187148225575,-12.603514387052869,3.0314761667540418e-12
142.37726159219264,28.08757683551855,7.510505477325487,-4.6091560001493646,-12.603476597286907,2.964110029715063e-12
142.38324655114948,28.096080490189944,7.511005516760252,-4.610093238672517,-12.603438085824697,2.9304269611955737e-12
142.38923266589086,28.104583760767945,7.511505556195016,-4.6110304303649565,-12.60339885263361,2.896743892676084e-12
142.3952199369254,28.113086647078394,7.512005595629781,-4.611967575199733,-12.603358897681035,2.8293777556371055e-12
142.4012083647619,28.12158914894699,7.512505635064546,-4.612904673150005,-12.603318220934437,2.6946454815591483e-12
142.4071979499093,28.130091266199173,7.5130056744993094,-4.613841724189025,-12.603276822361298,2.7283285500786374e-12
142.41318869287684,28.138592998660556,7.513505713934075,-4.614778728290151,-12.60323470192916,2.6609624130396588e-12
142.4191805941739,28.14709434615642,7.514005753368839,-4.615715685426833,-12.603191859605612,2.5599132074811907e-12
142.42517365431007,28.155595308512073,7.514505792803604,-4.616652595572638,-12.603148295358281,2.59359627600068e-12
142.4311678737952,28.164095885552783,7.515005832238368,-4.617589458701218,-12.603104009154844,2.5262301389617016e-12
142.43716325313935,28.17259607710353,7.515505871673135,-4.6185262747863405,-12.603059000963022,2.391497864883744e-12
142.44315979285273,28.181095882989396,7.5160059111078965,-4.619463043801859,-12.603013270750584,2.4588640019227225e-12
142.44915749344577,28.18959530303521,7.516505950542663,-4.6203997657217375,-12.602966818485342,2.2904486593252758e-12
142.45515635542918,28.198094337065832,7.5170059899774255,-4.621336440520043,-12.602919644135156,2.2904486593252758e-12
142.46115637931385,28.206592984905985,7.517506029412192,-4.622273068170941,-12.602871747667926,2.189399453766808e-12
142.4671575656108,28.215091246380222,7.5180060688469545,-4.6232096486486824,-12.602823129051597,2.122033316727829e-12
142.47315991483134,28.22358912131309,7.518506108281719,-4.6241461819276495,-12.602773788254176,2.122033316727829e-12
142.479163427487,28.232086609529073,7.519006147716484,-4.625082667982298,-12.602723725243685,2.0546671796888504e-12
142.48516810408947,28.240583710852402,7.51950618715125,-4.62601910678719,-12.602672939988224,1.987301042649872e-12
142.49117394515076,28.249080425107397,7.5200062265860135,-4.626955498317006,-12.602621432455914,1.919934905610893e-12
142.49718095118286,28.257576752118098,7.520506266020779,-4.6278918425465,-12.602569202614937,1.8525687685719146e-12
142.5031891226982,28.266072691708597,7.521006305455543,-4.628828139450545,-12.602516250433512,1.8525687685719146e-12
142.50919846020935,28.274568243702888,7.521506344890307,-4.62976438900411,-12.602462575879905,1.7515195630134463e-12
142.515208964229,28.283063407924715,7.522006384325072,-4.630700591182258,-12.602408178922426,1.818885700052425e-12
142.52122063527025,28.291558184197935,7.522506423759836,-4.631636745960159,-12.60235305952943,1.6841534259744676e-12
142.52723347384617,28.30005257234609,7.523006463194601,-4.632572853313074,-12.602297217669323,1.717836494493957e-12
142.53324748047024,28.308546572192814,7.523506502629367,-4.633508913216378,-12.602240653310549,1.5494211518965102e-12
142.53926265565602,28.317040183561588,7.52400654206413,-4.634444925645539,-12.602183366421606,1.5494211518965102e-12
142.54527899991734,28.325533406275706,7.524506581498897,-4.635380890576118,-12.602125356971028,1.4820550148575316e-12
142.55129651376825,28.334026240158476,7.5250066209336595,-4.636316807983783,-12.602066624927403,1.2799566037405953e-12
142.557315197723,28.342518685033106,7.525506660368426,-4.637252677844303,-12.602007170259345,1.2125904667016167e-12
142.56333505229597,28.351010740722593,7.52600669980319,-4.638188500133537,-12.60194699293554,1.3473227407795742e-12
142.56935607800193,28.35950240705001,7.526506739237956,-4.639124274827461,-12.601886092924703,1.3473227407795742e-12
142.57537827535572,28.367993683838172,7.527006778672718,-4.6400600019021345,-12.601824470195607,1.0778581926236593e-12
142.58140164487236,28.37648457090986,7.527506818107482,-4.640995681333715,-12.601762124717041,1.1789073981821274e-12
142.58742618706722,28.38497506808786,7.5280068575422465,-4.6419313130984765,-12.601699056457871,9.768089870651912e-13
142.59345190245583,28.393465175194635,7.528506896977014,-4.64286689717277,-12.601635265386992,9.768089870651912e-13
142.59947879155385,28.401954892052796,7.529006936411778,-4.643802433533068,-12.601570751473357,9.431259185457018e-13
142.6055068548772,28.410444218484653,7.529506975846543,-4.6447379221559215,-12.601505514685948,9.094428500262125e-13
142.61153609294206,28.41893315431257,7.530007015281306,-4.645673363017995,-12.601439554993796,8.083936444677444e-13
142.61756650626484,28.427421699358746,7.530507054716072,-4.6466087560960485,-12.601372872365985,7.747105759482551e-13
142.62359809536198,28.43590985344526,7.531007094150838,-4.647544101366931,-12.601305466771638,7.747105759482551e-13
142.6296308607504,28.444397616394145,7.531507133585601,-4.648479398807612,-12.601237338179931,7.073444389092764e-13
142.635664802947,28.452884988027353,7.532007173020369,-4.6494146483951315,-12.60116848656006,7.073444389092764e-13
142.64169992246897,28.46137196816663,7.532507212455131,-4.650349850106652,-12.60109891188131,6.736613703897871e-13
142.64773621983383,28.469858556633785,7.533007251889896,-4.651285003919427,-12.601028614112964,5.052460277923403e-13
142.65377369555907,28.478344753250358,7.533507291324661,-4.652220109810796,-12.600957593224381,5.052460277923403e-13
142.65981235016264,28.48683055783795,7.534007330759427,-4.653155167758221,-12.600885849184952,3.705137537143829e-13
142.66585218416247,28.495315970217916,7.534507370194191,-4.654090177739232,-12.600813381964118,4.715629592728509e-13
142.67189319807693,28.503800990211626,7.535007409628956,-4.655025139731489,-12.600740191531361,3.3683068519489354e-13
142.6779353924245,28.51228561764037,7.535507449063721,-4.655960053712732,-12.600666277856213,2.3578147963642546e-13
142.68397876772377,28.520769852325195,7.536007488498483,-4.656894919660798,-12.600591640908252,2.694645481559148e-13
142.6900233244937,28.529253694087185,7.53650752793325,-4.657829737553623,-12.600516280657079,2.3578147963642546e-13
142.69606906325342,28.537737142747336,7.537007567368015,-4.658764507369259,-12.600440197072377,1.347322740779574e-13
142.70211598452224,28.546220198126395,7.53750760680278,-4.659699229085828,-12.600363390123842,3.368306851948935e-14
142.70816408881964,28.554702860045165,7.538007646237546,-4.66063390268157,-12.600285859781232,3.368306851948935e-14
142.71421337666544,28.563185128324335,7.538507685672311,-4.661568528134813,-12.600207606014347,0.0
142.72026384857955,28.57166700278438,7.539007725107075,-4.662503105423987,-12.600128628793033,-1.6841534259744677e-13
142.7263155050822,28.58014848324583,7.539507764541839,-4.66343763452762,-12.600048928087169,-1.0104920555846805e-13
142.7323683466937,28.588629569528976,7.540007803976605,-4.664372115424321,-12.599968503866686,-2.3578147963642546e-13
142.73842237393472,28.597110261454155,7.54050784341137,-4.665306548092835,-12.599887356101574,-2.694645481559148e-13
142.74447758732603,28.605590558841445,7.5410078828461335,-4.666240932511964,-12.599805484761843,-3.3683068519489354e-13
142.75053398738865,28.614070461510945,7.541507922280898,-4.667175268660622,-12.599722889817565,-3.3683068519489354e-13
142.75659157464386,28.622549969282694,7.5420079617156635,-4.668109556517839,-12.599639571238848,-4.041968222338722e-13
142.76265034961307,28.631029081976447,7.54250800115043,-4.669043796062707,-12.599555528995854,-4.3787989075336156e-13
142.76871031281794,28.639507799412048,7.543008040585193,-4.669977987274435,-12.599470763058775,-5.389290963118296e-13
142.77477146478043,28.64798612140919,7.543508080019959,-4.670912130132342,-12.599385273397864,-6.736613703897871e-13
142.78083380602246,28.65646404778737,7.544008119454723,-4.6718462246158134,-12.599299059983409,-5.389290963118296e-13
142.78689733706653,28.664941578366165,7.544508158889489,-4.67278027070436,-12.599212122785744,-7.747105759482551e-13
142.792962058435,28.673418712964857,7.545008198324254,-4.673714268377562,-12.59912446177525,-8.420767129872338e-13
142.79902797065063,28.68189545140276,7.545508237759019,-4.674648217615118,-12.599036076922342,-8.083936444677444e-13
142.80509507423645,28.69037179349912,7.546008277193785,-4.675582118396825,-12.598946968197504,-7.747105759482551e-13
142.8111633697155,28.69884773907294,7.546508316628549,-4.676515970702555,-12.598857135571244,-9.431259185457018e-13
142.81723285761126,28.707323287943275,7.547008356063314,-4.677449774512297,-12.598766579014107,-9.768089870651912e-13
142.8233035384472,28.715798439928932,7.5475083954980775,-4.678383529806123,-12.598675298496714,-9.431259185457018e-13
142.8293754127472,28.724273194848763,7.548008434932845,-4.6793172365642075,-12.598583293989696,-9.431259185457018e-13
142.83544848103526,28.73274755252149,7.548508474367609,-4.6802508947668295,-12.598490565463756,-1.0778581926236593e-12
142.84152274383553,28.741221512765623,7.549008513802373,-4.681184504394343,-12.598397112889625,-1.1789073981821274e-12
142.8475982016725,28.7496950753997,7.54950855323714,-4.682118065427217,-12.598302936238081,-1.1789073981821274e-12
142.85367485507086,28.758168240242156,7.5500085926719045,-4.683051577846018,-12.598208035479951,-1.2125904667016167e-12
142.8597527045554,28.766641007111215,7.550508632106668,-4.683985041631384,-12.598112410586106,-1.3136396722600848e-12
142.8658317506513,28.775113375825168,7.5510086715414335,-4.684918456764085,-12.598016061527458,-1.4820550148575316e-12
142.8719119938837,28.783585346201995,7.5515087109762,-4.685851823224947,-12.597918988274966,-1.3810058092990635e-12
142.8779934347782,28.79205691805977,7.552008750410965,-4.686785140994922,-12.597821190799632,-1.4820550148575316e-12
142.88407607386057,28.80052809121645,7.55250878984573,-4.687718410055059,-12.597722669072505,-1.5494211518965102e-12
142.89015991165664,28.80899886548973,7.553008829280493,-4.688651630386476,-12.597623423064672,-1.6504703574549783e-12
142.8962449486926,28.817469240697413,7.553508868715259,-4.689584801970403,-12.59752345274727,-1.6167872889354888e-12
142.90233118549486,28.825939216657016,7.554008908150025,-4.690517924788174,-12.59742275809148,-1.6167872889354888e-12
142.9084186225899,28.834408793186082,7.554508947584791,-4.691450998821198,-12.597321339068527,-1.6841534259744676e-12
142.9145072605046,28.842877970102098,7.555008987019555,-4.692384024051006,-12.597219195649686,-1.7852026315329358e-12
142.92059709976587,28.851346747222255,7.555509026454321,-4.693317000459189,-12.597116327806258,-1.9536179741303823e-12
142.926688140901,28.859815124363816,7.556009065889085,-4.694249928027471,-12.597012735509612,-1.8862518370914037e-12
142.93278038443748,28.868283101343945,7.55650910532385,-4.695182806737642,-12.596908418731136,-1.9536179741303823e-12
142.93887383090282,28.876750677979537,7.557009144758616,-4.696115636571598,-12.596803377442285,-1.8862518370914037e-12
142.94496848082503,28.885217854087653,7.557509184193381,-4.697048417511341,-12.596697611614553,-2.0546671796888504e-12
142.95106433473205,28.893684629484966,7.558009223628146,-4.697981149538943,-12.596591121219468,-2.1557163852473186e-12
142.95716139315223,28.90215100398825,7.558509263062911,-4.698913832636591,-12.596483906228613,-2.1557163852473186e-12
142.96325965661413,28.910616977414193,7.559009302497677,-4.6998464667865605,-12.5963759666136,-2.189399453766808e-12
142.9693591256464,28.91908254957918,7.559509341932441,-4.700779051971224,-12.596267302346114,-2.2567655908057867e-12
142.97545980077803,28.92754772029973,7.560009381367207,-4.7017115881730405,-12.59615791339785,-2.3241317278447653e-12
