galstreams/tracks/track.st.M2.ibata2021.ecsv
# %ECSV 0.9
# ---
# datatype:
# - {name: ra, unit: deg, datatype: float64}
# - {name: dec, unit: deg, datatype: float64}
# - {name: distance, unit: kpc, datatype: float64}
# - {name: pm_ra_cosdec, unit: mas / yr, datatype: float64}
# - {name: pm_dec, unit: mas / yr, datatype: float64}
# - {name: radial_velocity, unit: km / s, datatype: float64}
# delimiter: ','
# meta: !!omap
# - __serialized_columns__:
#     dec:
#       __class__: astropy.coordinates.angles.Latitude
#       unit: &id001 !astropy.units.Unit {unit: deg}
#       value: !astropy.table.SerializedColumn {name: dec}
#     distance:
#       __class__: astropy.coordinates.distances.Distance
#       unit: !astropy.units.Unit {unit: kpc}
#       value: !astropy.table.SerializedColumn {name: distance}
#     pm_dec:
#       __class__: astropy.units.quantity.Quantity
#       unit: !astropy.units.Unit {unit: mas / yr}
#       value: !astropy.table.SerializedColumn {name: pm_dec}
#     pm_ra_cosdec:
#       __class__: astropy.units.quantity.Quantity
#       unit: !astropy.units.Unit {unit: mas / yr}
#       value: !astropy.table.SerializedColumn {name: pm_ra_cosdec}
#     ra:
#       __class__: astropy.coordinates.angles.Longitude
#       unit: *id001
#       value: !astropy.table.SerializedColumn {name: ra}
#       wrap_angle: !astropy.coordinates.Angle
#         unit: *id001
#         value: 360.0
#     radial_velocity:
#       __class__: astropy.units.quantity.Quantity
#       unit: !astropy.units.Unit {unit: km / s}
#       value: !astropy.table.SerializedColumn {name: radial_velocity}
# schema: astropy-2.0
ra,dec,distance,pm_ra_cosdec,pm_dec,radial_velocity
[from data line 1767]
327.26723048861606,0.22930681763084526,12.057811179960376,3.193497067427577,-2.301085611132377,-1.2236427235595742e-13
327.2763731379914,0.23355833847987453,12.058894757992228,3.1923716753296767,-2.300848406735795,-5.657702915382977e-15
327.2855149431224,0.23781257476953416,12.059976055808377,3.1912456420686013,-2.3006100583572335,-1.3486384856436167e-14
327.2946559034019,0.24206952861373524,12.061055069009651,3.1901189666652896,-2.300370564562189,-1.0591746155542551e-14
327.3037960182227,0.2463292021264273,12.062131793196869,3.1889916481407394,-2.300129923916128,-4.04591545693085e-14
327.3129352869779,0.2505915974216006,12.063206223970852,3.187863685516009,-2.2998881349844855,-1.359164444555957e-13
327.32207370906053,0.2548567166132792,12.064278356932425,3.186735077812218,-2.299645196332664,-9.302316188780848e-14
327.33121128386364,0.2591245618155259,12.06534818768241,3.185605824050545,-2.2994011065260382,-1.3196920986346804e-13
327.34034801078064,0.26339513514244345,12.06641571182163,3.1844759232522293,-2.2991558641299537,-4.815626202395743e-14
327.3494838892048,0.26766843870816776,12.067480924950907,3.183345374438574,-2.298909467709723,-3.144630225061701e-14
327.3586189185295,0.27194447462687943,12.068543822671067,3.182214176630938,-2.2986619158306296,5.920851888191488e-15
327.36775309814834,0.2762232450127924,12.069604400582927,3.1810823288507457,-2.2984132070579246,9.341788534702125e-15
327.3768864274549,0.28050475198015873,12.070662654287315,3.179949830119479,-2.298163339956834,-8.907592729568082e-14
327.38601890584295,0.28478899764326976,12.071718579385047,3.1788166794586843,-2.297912313092546,7.565532968244679e-14
327.3951505327062,0.28907598411645624,12.072772171476952,3.1776828758899667,-2.2976601250302218,-5.841907196348934e-14
327.4042813074387,0.29336571351408297,12.073823426163848,3.176548418434992,-2.297406774334995,-4.0393367326106375e-14
327.41341122943425,0.29765818795055754,12.07487233904656,3.1754133061154883,-2.2971522595719622,-1.0157550350408507e-13
327.4225402980871,0.3019534095403222,12.075918905725914,3.174277537953245,-2.296896579306194,-5.447183737136169e-14
327.43166851279136,0.3062513803978576,12.076963121802724,3.1731411129701144,-2.2966397321027294,-5.118247521125531e-14
327.44079587294124,0.3105521026376868,12.078004982877818,3.172004030188007,-2.296381716526575,-6.341890244685105e-14
327.4499223779312,0.31485557837436645,12.079044484552021,3.170866288628896,-2.296122531142708,-1.0881210025631911e-13
327.4590480271557,0.3191618097224939,12.080081622426151,3.169727887314818,-2.295862174516075,-9.341788534702125e-14
327.4681728200092,0.3234707987967034,12.08111639210103,3.168588825267869,-2.295600645211593,3.5525111329148927e-15
327.47729675588636,0.32778254771166815,12.082148789177483,3.1674491015102095,-2.2953379417941435,-8.999694870051062e-14
327.486419834182,0.33209705858210137,12.083178809256335,3.166308715064057,-2.2950740628285806,-2.513072690321276e-14
327.4955420542909,0.33641433352275385,12.084206447938403,3.1651676649516958,-2.2948090068797287,-4.907728342878722e-14
327.5046634156079,0.3407343746484141,12.085231700824512,3.1640259501954713,-2.2945427725123784,-1.0933839820193614e-13
327.5137839175282,0.34505718407390884,12.086254563515489,3.1628835698177875,-2.2942753582912885,-4.8682559969574456e-14
327.5229035594467,0.349382763914103,12.087275031612148,3.1617405228411153,-2.2940067627811915,-7.35501378999787e-14
327.5320223407588,0.3537111162839049,12.088293100715317,3.1605968082879823,-2.2937369845467837,-8.618128859478721e-14
327.5411402608596,0.3580422432982562,12.089308766425818,3.159452425180984,-2.2934660221527334,-4.3288006026999986e-14
327.5502573191446,0.36237614707213867,12.090322024344472,3.1583073725427764,-2.2931938741636753,-1.763098117817021e-14
327.5593735150092,0.3667128297205738,12.091332870072106,3.1571616493960724,-2.292920539144214,-5.776119953146807e-14
327.5684888478491,0.3710522933586194,12.092341299209538,3.1560152547636564,-2.2926460156589257,-6.97344777942553e-15
327.57760331705987,0.3753945401013771,12.093347307357593,3.1548681876683693,-2.292370302272351,-5.4734986344170195e-14
327.58671692203734,0.37973957206398257,12.09435089011709,3.153720447133118,-2.2920933975490008,1.4999491450085103e-14
327.5958296621772,0.3840873913616128,12.095352043088857,3.152572032180867,-2.2918153000533548,-6.670826460695743e-14
327.60494153687563,0.3884380001094817,12.09635076187371,3.1514229418346495,-2.291536008349863,-2.7235918685680845e-14
327.6140525455285,0.3927914004228423,12.09734704207248,3.1502731751175572,-2.2912555210029404,-6.420834936527658e-14
327.62316268753204,0.3971475944169916,12.098340879285981,3.149122731052748,-2.290973836576972,-6.105056169157445e-14
327.6322719622824,0.40150658420725927,12.099332269115042,3.1479716086634397,-2.2906909536363136,-4.789311305114892e-14
327.6413803691759,0.40586837190901676,12.100321207160484,3.146819806972913,-2.290406870745287,-3.11831532778085e-14
327.65048790760903,0.41023295963767253,12.101307689023123,3.1456673250045153,-2.2901215864681834,-9.920716274880849e-14
327.6595945769783,0.4146003495086796,12.102291710303795,3.144514161781654,-2.28983509936926,-8.131303259782976e-14
327.6687003766802,0.41897054363752534,12.103273266603308,3.1433603163278008,-2.2895474080127487,-6.21031575828085e-14
327.6778053061115,0.4233435441397367,12.104252353522496,3.1422057876664895,-2.289258510962842,-1.8288853610191485e-14
327.686909364669,0.4277193531308813,12.105228966662173,3.1410505748213193,-2.2889684067837064,-5.539285877619147e-14
327.69601255174956,0.4320979727265636,12.106203101623167,3.139894676815952,-2.2886770940394734,-9.21021404829787e-15
327.70511486675014,0.43647940504243193,12.107174754006303,3.138738092674112,-2.288384571294245,-6.605039217493615e-14
327.71421630906787,0.4408636521941717,12.108143919412399,3.137580821419585,-2.2880908371120894,4.802468753755318e-14
327.7233168780998,0.4452507162975053,12.109110593442272,3.136422862076227,-2.2877958900570463,-1.121014624164255e-13
327.7324165732433,0.44964059946819696,12.110074771696755,3.1352642136679516,-2.287499728693119,7.8944691842553165e-16
327.7415153938957,0.45403330382204826,12.111036449776668,3.1341048752187373,-2.287202351584282,-1.8025704637382973e-14
327.7506133394544,0.4584288314749068,12.111995623282828,3.1329448457526294,-2.2869037572944775,-1.1131201549799997e-13
327.75971040931694,0.46282718454265104,12.112952287816064,3.131784124293735,-2.286603944387616,-7.631320211446807e-14
327.768806602881,0.4672283651412042,12.1139064389772,3.1306227098662216,-2.2863029114275726,1.6446810800531912e-14
327.77790191954426,0.4716323753865268,12.11485807236705,3.129460601494328,-2.2860006569781977,8.157618157063828e-15
327.7869963587045,0.4760392173946189,12.115807183586442,3.1282977982023508,-2.285697179603302,3.0262131872978715e-15
327.79608991975977,0.4804488932815246,12.1167537682362,3.1271342990146547,-2.28539247786667,-1.3289023126829784e-14
327.80518260210795,0.4848614051633223,12.11769782191714,3.125970102955665,-2.2850865503320494,-3.0525280845787224e-14
327.8142744051472,0.48927675515613267,12.118639340230093,3.124805209049875,-2.2847793955631586,1.394689555885106e-14
327.8233653282757,0.4936949453761146,12.119578318775877,3.1236396163218396,-2.284471012123684,-5.434026288495743e-14
327.83245537089175,0.4981159779394671,12.120514753155314,3.1224733237961795,-2.284161398577279,-4.6708942673510627e-14
327.8415445323937,0.5025398549624324,12.121448638969232,3.1213063304975774,-2.283850553487564,7.762894697851062e-15
327.85063281218004,0.5069665785612891,12.122379971818445,3.120138635450785,-2.283538475418129,-8.683916102680849e-14
327.8597202096494,0.5113961508523562,12.123308747303781,3.118970237680614,-2.2832251629325313,2.1051917824680845e-15
327.86880672420034,0.5158285739519926,12.124234961026064,3.117801136211942,-2.282910614594293,-4.052494181251063e-14
327.8778923552317,0.5202638499765967,12.125158608586108,3.1166313300697164,-2.282594828966908,-1.0183865247689359e-13
327.8869771021423,0.5247019810426096,12.126079685584749,3.115460818278938,-2.282277804613838,-1.0578588706902125e-13
327.8960609643311,0.5291429692665103,12.126998187622801,3.114289599864685,-2.2819595400985078,-9.868086480319146e-14
327.90514394119714,0.5335868167648179,12.127914110301084,3.113117673852092,-2.2816400339843135,-1.0999627063395741e-13
327.91422603213954,0.5380335256540901,12.128827449220427,3.111945039266361,-2.2813192848346184,-6.420834936527658e-14
327.9233072365576,0.54248309805093,12.12973819998165,3.110771695132759,-2.2809972912127527,3.341991954668084e-14
327.9323875538505,0.5469355360719749,12.130646358185576,3.1095976404766206,-2.280674051682012,5.315609250731914e-14
327.94146698341774,0.551390841833906,12.131551919433027,3.108422874323341,-2.2803495648056646,-1.7104683232553188e-14
327.9505455246589,0.5558490174534426,12.132454879324824,3.1072473956983826,-2.280023829146942,-5.526128428978722e-15
327.9596231769734,0.5603100650473439,12.133355233461797,3.1060712036272746,-2.279696843269044,-2.2630811661531907e-14
327.9686999397611,0.5647739867324146,12.134252977444758,3.104894297135609,-2.2793686057351383,-5.1840347643276585e-14
327.9777758124218,0.5692407846254929,12.135148106874537,3.1037166752490433,-2.2790391151083615,-1.394689555885106e-14
327.9868507943553,0.5737104608434613,12.136040617351952,3.1025383369933035,-2.278708369951815,6.8418732930212744e-15
327.99592488496165,0.5781830175032421,12.136930504477828,3.1013592813941764,-2.278376368828566,4.73668151055319e-15
328.0049980836408,0.5826584567217951,12.13781776385299,3.1001795074775194,-2.2780431103016547,-6.762928601178721e-14
328.0140703897931,0.5871367806161275,12.138702391078255,3.0989990142692507,-2.2777085929340846,3.341991954668084e-14
328.02314180281877,0.5916179913032797,12.139584381754451,3.097817800795356,-2.2773728152888264,4.210383564936169e-14
328.032212322118,0.5961020909003378,12.140463731482397,3.0966358660818885,-2.2770357759288196,-3.97354948940851e-14
328.0412819470915,0.6005890815244223,12.14134043586292,3.095453209154964,-2.276697473416969,-2.289396063434042e-14
328.0503506771396,0.6050789652927012,12.14221449049683,3.0942698290407695,-2.2763579063161514,-8.868120383646807e-14
328.05941851166307,0.6095717443223811,12.143085890984963,3.0930857247655497,-2.2760170731892013,-1.292061456489787e-13
328.0684854500626,0.6140674207307081,12.14395463292814,3.0919008953556215,-2.275674972598931,2.8946387008936164e-15
328.07755149173903,0.6185659966349663,12.144820711927181,3.090715339837364,-2.2753316031081114,-5.6840178126638284e-14
328.0866166360933,0.6230674741524871,12.145684123582908,3.0895290572372276,-2.274986963279486,-2.1051917824680845e-15
328.09568088252644,0.6275718554006352,12.146544863496146,3.0883420465817233,-2.2746410516757627,9.21021404829787e-15
328.10474423043945,0.6320791424968252,12.147402927267711,3.087154306897432,-2.274293866859618,-8.289192643468083e-14
328.1138066792337,0.6365893375585036,12.14825831049843,3.0859658372109964,-2.2739454073936938,-7.052392471268083e-14
328.1228682283104,0.6411024427031629,12.149111008789129,3.0847766365491314,-2.2735956718406003,-7.236596752234041e-14
328.13192887707095,0.6456184600483347,12.14996101774063,3.0835867039386127,-2.2732446587629123,4.920885791519147e-14
328.1409886249168,0.650137391711591,12.150808332953746,3.082396038406287,-2.272892366723177,-4.8419410996765944e-14
328.15004747124965,0.6546592398105481,12.151652950029312,3.081204638979064,-2.2725387942838995,-1.2131167646472338e-13
328.1591054154711,0.6591840064628582,12.152494864568146,3.0800125046839204,-2.2721839400075603,-5.841907196348934e-14
328.16816245698294,0.6637116937862195,12.15333407217107,3.0788196345479015,-2.2718278024566043,-7.315541444076594e-14
328.17721859518707,0.6682423038983659,12.154170568438904,3.0776260275981175,-2.2714703801934397,-6.683983909336168e-14
328.1862738294854,0.6727758389170803,12.15500434897247,3.076431682861746,-2.271111671780447,-2.4736003443999992e-14
328.19532815928,0.6773123009601785,12.155835409372596,3.075236599366031,-2.270751675779968,-1.4210044531659571e-14
328.204381583973,0.6818516921455209,12.156663745240103,3.0740407761382826,-2.270390390754317,-7.262911649514892e-14
328.2134341029667,0.6863940145910109,12.157489352175814,3.072844212205877,-2.270027815265768,8.683916102680848e-15
328.2224857156634,0.6909392704145878,12.15831222578055,3.071646906596262,-2.269663947876569,3.2893621601063823e-14
328.2315364214655,0.6954874617342385,12.15913236165513,3.0704488583369467,-2.269298787148931,-1.2815354975774465e-13
328.24058621977565,0.7000385906679881,12.159949755400383,3.0692500664555102,-2.2689323316450323,-4.078809078531914e-14
328.24963510999635,0.7045926593339038,12.160764402617131,3.068050529979597,-2.2685645799270153,-3.0788429818595735e-14
328.2586830915304,0.7091496698500906,12.16157629890619,3.0668502479369195,-2.268195530556994,-3.263047262825531e-14
328.2677301637805,0.7137096243346983,12.162385439868391,3.06564921935526,-2.2678251820970465,5.2629794561702115e-15
328.2767763261497,0.7182725249059204,12.16319182110455,3.064447443262461,-2.2674535331092143,-8.999694870051062e-14
328.28582157804084,0.7228383736819883,12.163995438215498,3.063244918686439,-2.267080582155511,-1.1104886652519146e-13
328.2948659188572,0.727407172781174,12.164796286802046,3.0620416446551757,-2.266706327797913,4.684051715991488e-14
328.3039093480018,0.7319789243217925,12.16559436246503,3.060837620196718,-2.266330768598366,1.1841703776382976e-14
328.312951864878,0.7365536304222001,12.166389660805256,3.0596328443391845,-2.2659539031187803,-9.21021404829787e-14
328.3219934688892,0.7411312932007981,12.167182177423559,3.0584273161107554,-2.2655757299210317,-6.894503087582976e-14
328.33103415943884,0.7457119147760243,12.16797190792076,3.0572210345396846,-2.2651962475669647,-1.0052290761285104e-13
328.34007393593055,0.7502954972663594,12.168758847897678,3.056013998654289,-2.2648154546183905,-2.7367493172085098e-14
328.3491127977678,0.7548820427903269,12.169542992955135,3.0548062074829563,-2.264433349637085,-5.499813531697871e-14
328.3581507443546,0.7594715534664905,12.17032433869396,3.0535976600541392,-2.2640499311847906,7.8944691842553165e-16
328.3671877750946,0.7640640314134589,12.171102880714972,3.052388355396358,-2.263665197823215,1.6315236314127656e-14
328.3762238893918,0.7686594787498788,12.171878614618993,3.0511782925382027,-2.2632791481140364,-1.0131235453127657e-13
328.38525908665025,0.7732578975944405,12.172651536006844,3.0499674705083315,-2.2628917806188955,-5.105090072485105e-14
328.39429336627416,0.777859290065876,12.17342164047935,3.048755888335469,-2.2625030938994013,2.6841195226468077e-14
328.40332672766755,0.782463658282956,12.174188923637335,3.0475435450484074,-2.262113086517128,-9.999660966723402e-14
328.41235917023494,0.7870710043645001,12.174953381081615,3.046330439676008,-2.2617217570336177,-6.999762676706381e-14
328.4213906933807,0.7916813304293643,12.17571500841302,3.0451165712471986,-2.261329104010374,-5.762962504506381e-14
328.43042129650934,0.796294638596447,12.176473801232369,3.0439019387909756,-2.2609351260088744,4.210383564936169e-15
328.43945097902537,0.8009109309846876,12.177229755140486,3.042686541336407,-2.2605398215905557,3.315677057387233e-14
328.44847974033354,0.8055302097130732,12.177982865738192,3.041470377912621,-2.2601431893168256,-5.762962504506381e-14
328.4575075798387,0.8101524769006269,12.178733128626313,3.0402534475488223,-2.2597452277490553,1.6315236314127656e-14
328.46653449694566,0.814777734666416,12.179480539405665,3.0390357492742797,-2.2593459354485828,-2.1841364743106378e-14
328.47556049105947,0.8194059851295501,12.180225093677077,3.037817282118329,-2.2589453109767117,-9.736511993914891e-15
328.4845855615851,0.8240372304091773,12.18096678704137,3.036598045110379,-2.2585433528947148,-8.420767129872338e-15
328.4936097079278,0.828671472624497,12.181705615099359,3.0353780372799037,-2.2581400597638273,-9.999660966723401e-15
