galstreams/tracks/track.st.New-20.ibata2024.ecsv
# %ECSV 1.0
# ---
# datatype:
# - {name: ra, unit: deg, datatype: float64}
# - {name: dec, unit: deg, datatype: float64}
# - {name: distance, unit: kpc, datatype: float64}
# - {name: pm_ra_cosdec, unit: mas / yr, datatype: float64}
# - {name: pm_dec, unit: mas / yr, datatype: float64}
# - {name: radial_velocity, unit: km / s, datatype: float64}
# delimiter: ','
# meta: !!omap
# - __serialized_columns__:
#     dec:
#       __class__: astropy.coordinates.angles.Latitude
#       unit: &id001 !astropy.units.Unit {unit: deg}
#       value: !astropy.table.SerializedColumn {name: dec}
#     distance:
#       __class__: astropy.coordinates.distances.Distance
#       unit: !astropy.units.Unit {unit: kpc}
#       value: !astropy.table.SerializedColumn {name: distance}
#     pm_dec:
#       __class__: astropy.units.quantity.Quantity
#       unit: !astropy.units.Unit {unit: mas / yr}
#       value: !astropy.table.SerializedColumn {name: pm_dec}
#     pm_ra_cosdec:
#       __class__: astropy.units.quantity.Quantity
#       unit: !astropy.units.Unit {unit: mas / yr}
#       value: !astropy.table.SerializedColumn {name: pm_ra_cosdec}
#     ra:
#       __class__: astropy.coordinates.angles.Longitude
#       unit: *id001
#       value: !astropy.table.SerializedColumn {name: ra}
#       wrap_angle: !astropy.coordinates.Angle
#         unit: *id001
#         value: 360.0
#     radial_velocity:
#       __class__: astropy.units.quantity.Quantity
#       unit: !astropy.units.Unit {unit: km / s}
#       value: !astropy.table.SerializedColumn {name: radial_velocity}
# schema: astropy-2.0
ra,dec,distance,pm_ra_cosdec,pm_dec,radial_velocity
[from data line 714]
314.38129840944066,18.49324822729389,1.0000000000000002,1.1090923443433596,-70.65171519260653,-405.71009566430394
314.3771339223704,18.50296856353011,1.0000000000000002,1.1066459950703518,-70.64462894803489,-405.7671223662189
314.3729775798078,18.51268983594723,1.0000000000000002,1.104196359560401,-70.63758122998729,-405.8246128110388
314.36882945750233,18.522412054144038,1.0000000000000002,1.1017434417719194,-70.63057203243604,-405.88256991612786
314.3646896312212,18.53213522772666,1.0000000000000002,1.0992872456034952,-70.62360134934546,-405.9409965988505
314.36055817674946,18.541859366308564,1.0000000000000002,1.0968277748937432,-70.6166691746719,-405.99989577657135
314.35643516988995,18.55158447951051,1.0000000000000004,1.0943650334208357,-70.60977550236372,-406.0592703666543
314.3523206864634,18.56131057696058,1.0000000000000002,1.0918990249027836,-70.60292032636123,-406.11912328646395
314.34821480230846,18.571037668294082,1.0000000000000002,1.0894297529967432,-70.5961036405966,-406.17945745336493
314.34411759328174,18.580765763153583,1.0000000000000002,1.0869572212992118,-70.58932543899405,-406.2402757847213
314.3400291352579,18.590494871188866,1.0000000000000002,1.0844814333456831,-70.58258571546966,-406.3015811978975
314.3359495041295,18.600225002056916,1.0000000000000002,1.0820023926103133,-70.57588446393137,-406.363376610258
314.3318787758072,18.609956165421867,1.0000000000000002,1.0795201025060095,-70.56922167827909,-406.4256649391673
314.32781702621975,18.619688370955014,1.0000000000000002,1.0770345663840146,-70.56259735240457,-406.4884491019896
314.32376433131407,18.62942162833476,1.0000000000000002,1.074545787533765,-70.5560114801913,-406.5517320160891
314.3197207670551,18.639155947246614,1.0000000000000002,1.0720537691827552,-70.54946405551475,-406.61551659883054
314.31568640942623,18.64889133738315,1.0000000000000002,1.0695585144962578,-70.54295507224217,-406.67980576757816
314.3116613344287,18.658627808443974,1.0,1.0670600265771242,-70.53648452423252,-406.74460243969634
314.3076456180824,18.668365370135714,1.0000000000000002,1.0645583084656778,-70.53005240533668,-406.80990953254945
314.3036393364253,18.678104032171984,1.0000000000000002,1.062053363139448,-70.52365870939724,-406.8757299635019
314.2996425655137,18.687843804273363,1.0000000000000002,1.0595451935128466,-70.51730343024848,-406.942066649918
314.2956553814223,18.697584696167347,1.0000000000000002,1.0570338024372816,-70.51098656171662,-407.0089225091623
314.2916778602444,18.707326717588344,1.0000000000000002,1.0545191927006208,-70.50470809761939,-407.0763004585987
314.28771007809144,18.71706987827764,1.0000000000000002,1.0520013670271595,-70.49846803176638,-407.14420341559236
314.28375211109346,18.72681418798337,1.0000000000000002,1.0494803280774363,-70.4922663579588,-407.21263429750707
314.27980403539914,18.736559656460457,1.0,1.0469560784478844,-70.48610306998958,-407.2815960217075
314.2758659271755,18.746306293470642,1.0,1.0444286206707574,-70.47997816164332,-407.3510915055578
314.27193786260835,18.756054108782397,1.0,1.041897957213937,-70.47389162669626,-407.4211236664227
314.26801991790194,18.76580311217093,1.0000000000000004,1.039364090480543,-70.46784345891629,-407.4916954216663
314.2641121692794,18.775553313418133,1.0000000000000002,1.0368270228090175,-70.461833652063,-407.56280968865286
314.26021469298234,18.785304722312553,1.0000000000000002,1.0342867564726141,-70.45586219988749,-407.63446938474704
314.25632756527125,18.79505734864938,1.0000000000000002,1.0317432936793445,-70.44992909613254,-407.7066774273131
314.25245086242535,18.804811202230393,1.0000000000000002,1.0291966365717933,-70.44403433453243,-407.7794367337154
314.2485846607426,18.814566292863905,1.0000000000000002,1.0266467872267953,-70.43817790881323,-407.8527502213185
314.2447290365401,18.824322630364808,1.0,1.0240937476553924,-70.4323598126923,-407.92662080748664
314.24088406615346,18.834080224554434,1.0000000000000002,1.0215375198024574,-70.42658003987867,-408.0010514095842
314.2370498259375,18.84383908526061,1.0000000000000002,1.0189781055464735,-70.42083858407301,-408.0760449449754
314.2332263922658,18.85359922231757,1.0,1.016415506699495,-70.41513543896747,-408.15160433102494
314.22941384153114,18.863360645565933,1.0000000000000002,1.0138497250067573,-70.40947059824556,-408.2277324850971
314.2256122501452,18.873123364852695,1.0000000000000002,1.011280762146594,-70.40384405558245,-408.3044323245561
314.22182169453885,18.882887390031126,1.0000000000000002,1.0087086197300366,-70.39825580464483,-408.38170676676646
314.21804225116193,18.89265273096081,1.0000000000000004,1.006133299300842,-70.39270583909078,-408.4595587290927
314.21427399648366,18.902419397507572,1.0000000000000002,1.0035548023351346,-70.38719415256989,-408.53799112889897
314.21051700699223,18.912187399543402,1.0000000000000004,1.000973130241107,-70.3817207387232,-408.6170068835497
314.2067713591952,18.921956746946506,1.0000000000000002,0.9983882843589917,-70.37628559118326,-408.69660891040917
314.2030371296195,18.931727449601194,1.0000000000000002,0.9958002659606855,-70.37088870357385,-408.77680012684215
314.1993143948111,18.94149951739785,1.0000000000000002,0.9932090762496131,-70.36553006951047,-408.8575834502125
314.1956032313356,18.95127296023293,1.0000000000000002,0.9906147163605432,-70.3602096825998,-408.9389617978851
314.19190371577787,18.961047788008887,1.0000000000000002,0.9880171873591657,-70.3549275364401,-409.0209380872239
314.1882159247423,18.970824010634146,1.0000000000000002,0.985416490242141,-70.34968362462087,-409.10351523559353
314.1845399348526,18.980601638023064,1.0000000000000002,0.9828126259366812,-70.3444779407231,-409.1866961603585
314.1808758227521,18.990380680095868,1.0000000000000002,0.9802055953003332,-70.33931047831913,-409.2704837788828
314.17722366510384,19.00016114677864,1.0000000000000002,0.9775953991209896,-70.33418123097262,-409.3548810085312
314.1735835385902,19.009943048003265,1.0000000000000002,0.974982038116309,-70.32909019223865,-409.4398907666677
314.1699555199133,19.019726393707387,1.0000000000000004,0.9723655129337132,-70.32403735566359,-409.52551597065707
314.16633968579504,19.02951119383436,1.0000000000000002,0.9697458241501131,-70.31902271478523,-409.61175953786335
314.1627361129769,19.039297458333216,1.0,0.9671229722717385,-70.3140462631326,-409.6986243856512
314.1591448782202,19.04908519715861,1.0000000000000002,0.9644969577337541,-70.30910799422601,-409.7861134313849
314.15556605830614,19.05887442027079,1.0000000000000002,0.9618677809001888,-70.30420790157723,-409.87422959242883
314.15199973003564,19.068665137635527,1.0000000000000002,0.9592354420636404,-70.29934597868922,-409.96297578614724
314.14844597022955,19.0784573592241,1.0000000000000002,0.9565999414449848,-70.29452221905625,-410.0523549299047
314.14490485572867,19.088251095013216,1.0000000000000002,0.9539612791932122,-70.28973661616392,-410.14236994106557
314.1413764633937,19.09804635498501,1.0000000000000002,0.9513194553853097,-70.28498916348897,-410.233023736994
314.13786087010567,19.10784314912695,1.0000000000000002,0.9486744700258569,-70.28027985449961,-410.3243192350547
314.1343581527652,19.11764148743181,1.0,0.9460263230467056,-70.27560868265516,-410.4162593526119
314.1308683882932,19.12744137989763,1.0000000000000002,0.9433750143069766,-70.27097564140621,-410.50884700702994
314.12739165363104,19.13724283652765,1.0000000000000004,0.9407205435928674,-70.26638072419456,-410.60208511567333
314.1239280257399,19.147045867330295,1.0000000000000002,0.9380629106170986,-70.26182392445347,-410.6959765959064
314.12047758160116,19.15685048231907,1.0000000000000002,0.9354021150188601,-70.25730523560705,-410.79052436509335
314.1170403982168,19.166656691512554,1.0000000000000002,0.9327381563637367,-70.252824651071,-410.88573134059897
314.11361655260885,19.176464504934334,1.0000000000000002,0.9300710341430936,-70.24838216425194,-410.98160043978703
314.1102061218199,19.186273932612977,1.0,0.9274007477742146,-70.2439777685479,-411.07813458002244
314.10680918291274,19.19608498458193,1.0000000000000002,0.9247272965998548,-70.23961145734798,-411.17533667866945
314.1034258129708,19.205897670879516,1.0000000000000002,0.9220506798879349,-70.23528322403261,-411.27320965309247
314.1000560890979,19.21571200154885,1.0000000000000004,0.9193708968316265,-70.23099306197324,-411.3717564206557
314.0967000884184,19.22552798663783,1.0,0.9166879465486346,-70.22674096453264,-411.47097989872356
314.09335788807726,19.235345636198996,1.0000000000000002,0.9140018280813749,-70.22252692506461,-411.5708830046607
314.0900295652402,19.245164960289593,1.0000000000000002,0.9113125403966542,-70.21835093691429,-411.6714686558313
314.0867151970933,19.254985968971422,1.0000000000000002,0.9086200823850703,-70.21421299341787,-411.7727397695996
314.0834148608438,19.26480867231083,1.0000000000000002,0.9059244528612709,-70.21011308790267,-411.8746992633303
314.0801286337193,19.27463308037865,1.0000000000000002,0.9032256505633782,-70.2060512136873,-411.97735005438744
314.07685659296845,19.284459203250123,1.0000000000000002,0.9005236741528542,-70.20202736408135,-412.0806950601357
314.07359881586063,19.294287051004876,1.0000000000000002,0.8978185222142123,-70.19804153238562,-412.1847371979394
314.0703553796863,19.304116633726842,1.0,0.8951101932548831,-70.19409371189207,-412.2894793851626
314.0671263617566,19.313947961504212,1.0000000000000002,0.892398685704773,-70.19018389588375,-412.39492453917023
314.06391183940394,19.323781044429378,1.0000000000000002,0.8896839979162294,-70.18631207763482,-412.5010755773262
314.0607118899815,19.333615892598857,1.0000000000000002,0.8869661281635359,-70.18247825041067,-412.60793541699513
314.0575265908639,19.343452516113253,1.0,0.8842450746429584,-70.17868240746768,-412.71550697554153
314.0543560194466,19.3532909250772,1.0000000000000002,0.881520835472255,-70.17492454205329,-412.82379317032945
314.0512002531462,19.363131129599285,1.0000000000000002,0.8787934086904841,-70.17120464740627,-412.9327969187235
314.0480593694008,19.372973139791995,1.0000000000000002,0.8760627922579225,-70.16752271675625,-413.04252113808786
314.04493344566964,19.382816965771653,1.0000000000000004,0.8733289840555187,-70.16387874332415,-413.15296874578706
314.04182255943323,19.392662617658377,1.0000000000000002,0.8705919818848216,-70.16027272032186,-413.2641426591856
314.0387267881936,19.402510105575992,1.0,0.867851783467831,-70.15670464095237,-413.3760457956476
314.035646209474,19.412359439651972,1.0000000000000002,0.865108386446348,-70.15317449840977,-413.48868107253753
314.03258090081937,19.422210630017382,1.0000000000000002,0.8623617883822234,-70.14968228587927,-413.6020514072198
314.0295309397959,19.432063686806845,1.0000000000000002,0.8596119867566223,-70.14622799653714,-413.716159717059
314.0264964039916,19.44191862015841,1.0000000000000004,0.8568589789702514,-70.14281162355067,-413.83100891941905
314.023477371016,19.451775440213552,1.0000000000000002,0.8541027623426061,-70.13943316007834,-413.94660193166465
314.0204739185002,19.46163415711706,1.0000000000000002,0.8513433341120908,-70.13609259926957,-414.06294167116033
314.01748612409716,19.47149478101701,1.0000000000000002,0.8485806914355223,-70.13278993426493,-414.1800310552702
314.0145140654815,19.481357322064675,1.0000000000000002,0.8458148313880081,-70.129525158196,-414.29787300135854
314.0115578203496,19.491221790414475,1.0000000000000002,0.8430457509626557,-70.12629826418544,-414.41647042678994
314.00861746641993,19.50108819622388,1.0000000000000002,0.8402734470702775,-70.12310924534702,-414.5358262489288
314.0056930814327,19.510956549653386,1.0000000000000002,0.8374979165391103,-70.1199580947855,-414.6559433851395
314.00278474315,19.520826860866407,1.0000000000000002,0.8347191561146339,-70.11684480559673,-414.77682475278624
313.99989252935603,19.53069914002923,1.0000000000000002,0.8319371624591163,-70.1137693708676,-414.89847326923353
313.9970165178571,19.540573397310943,1.0000000000000002,0.82915193215171,-70.11073178367599,-415.0208918518458
313.9941567864816,19.550449642883354,1.0000000000000004,0.8263634616878228,-70.10773203709093,-415.1440834179875
313.9913134130799,19.56032788692093,1.0000000000000002,0.8235717474789119,-70.10477012417249,-415.2680508850227
313.98848647552495,19.57020813960072,1.0000000000000002,0.8207767858525052,-70.1018460379717,-415.39279717031593
313.9856760517116,19.580090411102294,1.0000000000000004,0.8179785730515583,-70.09895977153067,-415.5183251912319
313.98288221955715,19.589974711607663,1.0000000000000002,0.8151771052343442,-70.09611131788265,-415.64463786513437
313.9801050570013,19.599861051301225,1.0000000000000002,0.8123723784742829,-70.09330067005175,-415.77173810938837
313.9773446420062,19.609749440369637,1.0,0.8095643887594797,-70.09052782105331,-415.89962884135775
313.97460105255635,19.619639889001817,1.0000000000000002,0.8067531319926644,-70.08779276389356,-416.0283129784072
313.9718743666588,19.629532407388826,1.0000000000000002,0.8039386039906091,-70.08509549156982,-416.15779343790115
313.96916466234325,19.639427005723782,1.0000000000000002,0.8011208004842345,-70.08243599707049,-416.2880731372036
313.9664720176619,19.649323694201826,1.0000000000000002,0.7982997171179882,-70.07981427337494,-416.4191549936793
313.96379651068975,19.659222483020006,1.0000000000000002,0.7954753494498661,-70.07723031345361,-416.55104192469247
313.9611382195245,19.669123382377233,1.0000000000000002,0.792647692950954,-70.07468411026808,-416.6837368476076
313.9584972222865,19.679026402474182,1.0000000000000002,0.7898167430050655,-70.07217565677074,-416.81724267978905
313.95587359711925,19.688931553513235,1.0,0.786982494908866,-70.06970494590526,-416.951562338601
313.95326742218873,19.698838845698372,1.0000000000000002,0.784144943871091,-70.0672719706061,-417.08669874140816
313.9506787756842,19.70874828923513,1.0000000000000002,0.7813040850125823,-70.06487672379902,-417.22265480557456
313.94810773581776,19.718659894330482,1.0000000000000002,0.7784599133659178,-70.06251919840057,-417.35943344846476
313.9455543808245,19.728573671192816,1.0000000000000002,0.7756124238751063,-70.06019938731856,-417.49703758744334
313.9430187889628,19.738489630031783,1.0,0.7727616113954028,-70.05791728345169,-417.63547013987426
313.94050103851407,19.74840778105827,1.0000000000000002,0.7699074706929494,-70.05567287968972,-417.77473402312233
313.9380012077829,19.75832813448432,1.0000000000000002,0.7670499964444168,-70.05346616891354,-417.9148321545516
313.93551937509733,19.768250700522984,1.0000000000000002,0.7641891832369581,-70.05129714399499,-418.0557674515267
313.93305561880857,19.77817548938835,1.0000000000000002,0.7613250255676753,-70.04916579779695,-418.1975428314118
313.9306100172912,19.788102511295342,1.0000000000000002,0.7584575178434285,-70.04707212317346,-418.3401612115714
313.9281826489433,19.798031776459723,1.0000000000000002,0.7555866543805791,-70.04501611296948,-418.48362550936986
313.92577359218643,19.807963295097963,1.0000000000000002,0.7527124294047525,-70.04299776002104,-418.6279386421715
313.92338292546566,19.817897077427187,1.0000000000000004,0.7498348370503294,-70.04101705715526,-418.773103527341
313.92101072724967,19.827833133665056,1.0,0.7469538713604429,-70.03907399719033,-418.9191230822421
313.9186570760309,19.83777147402972,1.0,0.744069526286463,-70.0371685729354,-419.0660002242398
313.91632205032533,19.847712108739675,1.0000000000000002,0.7411817956878366,-70.03530077719074,-419.2137378706984
313.9140057286728,19.85765504801375,1.0000000000000002,0.7382906733317895,-70.03347060274768,-419.3623389389821
313.911708189637,19.867600302070965,1.0000000000000004,0.7353961528929354,-70.03167804238852,-419.5118063464551
313.9094295118055,19.877547881130464,1.0000000000000002,0.7324982279530659,-70.02992308888687,-419.6621430104823
313.90716977378975,19.887497795411402,1.0,0.7295968920008775,-70.0282057350071,-419.81335184842754
