galstreams/tracks/track.po.PS1-B.bernard2016.ecsv
# %ECSV 0.9
# ---
# datatype:
# - {name: ra, unit: deg, datatype: float64}
# - {name: dec, unit: deg, datatype: float64}
# - {name: distance, unit: kpc, datatype: float64}
# - {name: pm_ra_cosdec, unit: mas / yr, datatype: float64}
# - {name: pm_dec, unit: mas / yr, datatype: float64}
# - {name: radial_velocity, unit: km / s, datatype: float64}
# delimiter: ','
# meta: !!omap
# - __serialized_columns__:
#     dec:
#       __class__: astropy.coordinates.angles.Latitude
#       unit: &id001 !astropy.units.Unit {unit: deg}
#       value: !astropy.table.SerializedColumn {name: dec}
#     distance:
#       __class__: astropy.coordinates.distances.Distance
#       unit: !astropy.units.Unit {unit: kpc}
#       value: !astropy.table.SerializedColumn {name: distance}
#     pm_dec:
#       __class__: astropy.units.quantity.Quantity
#       unit: !astropy.units.Unit {unit: mas / yr}
#       value: !astropy.table.SerializedColumn {name: pm_dec}
#     pm_ra_cosdec:
#       __class__: astropy.units.quantity.Quantity
#       unit: !astropy.units.Unit {unit: mas / yr}
#       value: !astropy.table.SerializedColumn {name: pm_ra_cosdec}
#     ra:
#       __class__: astropy.coordinates.angles.Longitude
#       unit: *id001
#       value: !astropy.table.SerializedColumn {name: ra}
#       wrap_angle: !astropy.coordinates.Angle
#         unit: *id001
#         value: 360.0
#     radial_velocity:
#       __class__: astropy.units.quantity.Quantity
#       unit: !astropy.units.Unit {unit: km / s}
#       value: !astropy.table.SerializedColumn {name: radial_velocity}
# schema: astropy-2.0
ra,dec,distance,pm_ra_cosdec,pm_dec,radial_velocity
[from data line 939]
150.8330146193115,-7.417745038155081,14.499999999999995,0.0,0.0,0.0
150.8384941439686,-7.409338075702868,14.499999999999995,0.0,0.0,0.0
150.843973459518,-7.400931046238944,14.499999999999995,0.0,0.0,0.0
150.84945256620594,-7.392523949842749,14.499999999999995,0.0,0.0,0.0
150.85493146427865,-7.384116786593716,14.499999999999995,0.0,0.0,0.0
150.8604101539823,-7.375709556571262,14.499999999999995,0.0,0.0,0.0
150.86588863556298,-7.367302259854795,14.499999999999995,0.0,0.0,0.0
150.87136690926687,-7.358894896523706,14.499999999999991,0.0,0.0,0.0
150.87684497534,-7.350487466657384,14.49999999999999,0.0,0.0,0.0
150.88232283402843,-7.342079970335204,14.499999999999991,0.0,0.0,0.0
150.88780048557825,-7.333672407636527,14.499999999999993,0.0,0.0,0.0
150.8932779302354,-7.325264778640707,14.499999999999991,0.0,0.0,0.0
150.89875516824583,-7.3168570834270845,14.49999999999999,0.0,0.0,0.0
150.90423219985553,-7.308449322074981,14.499999999999991,0.0,0.0,0.0
150.9097090253104,-7.300041494663727,14.49999999999999,0.0,0.0,0.0
150.91518564485628,-7.291633601272621,14.499999999999988,0.0,0.0,0.0
150.92066205873908,-7.2832256419809625,14.49999999999999,0.0,0.0,0.0
150.92613826720464,-7.274817616868039,14.499999999999988,0.0,0.0,0.0
150.93161427049867,-7.266409526013126,14.499999999999986,0.0,0.0,0.0
150.937090068867,-7.258001369495481,14.499999999999986,0.0,0.0,0.0
150.94256566255538,-7.24959314739436,14.499999999999986,0.0,0.0,0.0
150.9480410518095,-7.241184859789003,14.499999999999988,0.0,0.0,0.0
150.95351623687506,-7.232776506758644,14.499999999999984,0.0,0.0,0.0
150.95899121799766,-7.2243680883825006,14.499999999999986,0.0,0.0,0.0
150.964465995423,-7.215959604739781,14.499999999999986,0.0,0.0,0.0
150.96994056939664,-7.207551055909683,14.499999999999982,0.0,0.0,0.0
150.97541494016414,-7.199142441971391,14.499999999999984,0.0,0.0,0.0
150.98088910797108,-7.190733763004089,14.499999999999982,0.0,0.0,0.0
150.98636307306293,-7.182325019086934,14.49999999999998,0.0,0.0,0.0
150.99183683568523,-7.1739162102990885,14.499999999999982,0.0,0.0,0.0
150.99731039608338,-7.1655073367196875,14.499999999999982,0.0,0.0,0.0
151.00278375450287,-7.157098398427865,14.49999999999998,0.0,0.0,0.0
151.00825691118905,-7.14868939550275,14.49999999999998,0.0,0.0,0.0
151.0137298663873,-7.140280328023447,14.499999999999979,0.0,0.0,0.0
151.01920262034298,-7.131871196069059,14.499999999999979,0.0,0.0,0.0
151.0246751733014,-7.123461999718677,14.499999999999977,0.0,0.0,0.0
151.0301475255079,-7.115052739051375,14.499999999999979,0.0,0.0,0.0
151.03561967720765,-7.106643414146225,14.499999999999975,0.0,0.0,0.0
151.04109162864594,-7.098234025082283,14.499999999999975,0.0,0.0,0.0
151.046563380068,-7.089824571938595,14.499999999999973,0.0,0.0,0.0
151.05203493171896,-7.081415054794199,14.499999999999972,0.0,0.0,0.0
151.05750628384396,-7.073005473728119,14.499999999999973,0.0,0.0,0.0
151.06297743668821,-7.0645958288193675,14.499999999999973,0.0,0.0,0.0
151.0684483904967,-7.056186120146955,14.499999999999973,0.0,0.0,0.0
151.07391914551457,-7.047776347789866,14.49999999999997,0.0,0.0,0.0
151.07938970198683,-7.039366511827089,14.499999999999968,0.0,0.0,0.0
151.0848600601585,-7.030956612337598,14.499999999999966,0.0,0.0,0.0
151.09033022027455,-7.022546649400349,14.49999999999997,0.0,0.0,0.0
151.09580018257998,-7.014136623094294,14.499999999999968,0.0,0.0,0.0
151.10126994731968,-7.0057265334983745,14.499999999999964,0.0,0.0,0.0
151.10673951473854,-6.9973163806915215,14.499999999999964,0.0,0.0,0.0
