galstreams/tracks/track.Gaia-5.malhan2018.ecsv
# %ECSV 0.9
# ---
# datatype:
# - {name: sc.ra, unit: deg, datatype: float64}
# - {name: sc.dec, unit: deg, datatype: float64}
# - {name: sc.distance, unit: kpc, datatype: float64}
# - {name: width, datatype: float64}
# meta: !!omap
# - __serialized_columns__:
#     sc:
#       __class__: astropy.coordinates.sky_coordinate.SkyCoord
#       dec: !astropy.table.SerializedColumn
#         __class__: astropy.coordinates.angles.Latitude
#         unit: &id001 !astropy.units.Unit {unit: deg}
#         value: !astropy.table.SerializedColumn {name: sc.dec}
#       distance: !astropy.table.SerializedColumn
#         __class__: astropy.coordinates.distances.Distance
#         unit: !astropy.units.Unit {unit: kpc}
#         value: !astropy.table.SerializedColumn {name: sc.distance}
#       frame: icrs
#       ra: !astropy.table.SerializedColumn
#         __class__: astropy.coordinates.angles.Longitude
#         unit: *id001
#         value: !astropy.table.SerializedColumn {name: sc.ra}
#         wrap_angle: !astropy.coordinates.Angle
#           unit: *id001
#           value: 360.0
#       representation_type: spherical
# schema: astropy-2.0
sc.ra sc.dec sc.distance width
[from data line 1876]
149.79367788648497 38.2540477119659 20.005138574880586 0.0
149.8017462399878 38.261784709486584 20.00608779293974 0.0
149.80981631215397 38.269521154441364 20.007037213194586 0.0
149.81788810370412 38.27725704655901 20.007986835729895 0.0
149.8259616153593 38.28499238556823 20.008936660630503 0.0
149.83403684784062 38.29272717119749 20.00988668798125 0.0
149.84211380186957 38.30046140317517 20.01083691786701 0.0
149.85019247816788 38.308195081229584 20.011787350372693 0.0
149.8582728774575 38.315928205088746 20.012737985583236 0.0
149.86635500046052 38.323660774480636 20.01368882358359 0.0
149.87443884789948 38.33139278913316 20.01463986445876 0.0
149.88252442049694 38.33912424877393 20.01559110829376 0.0
149.89061171897586 38.34685515313055 20.01654255517363 0.0
149.89870074405945 38.3545855019304 20.017494205183464 0.0
149.90679149647104 38.3623152949008 20.018446058408358 0.0
149.9148839769343 38.370044531768876 20.01939811493345 0.0
149.92297818617308 38.37777321226164 20.020350374843893 0.0
149.93107412491165 38.385501336105975 20.021302838224898 0.0
149.9391717938742 38.39322890302858 20.02225550516167 0.0
149.94727119378547 38.40095591275608 20.02320837573947 0.0
149.95537232537032 38.40868236501492 20.024161450043568 0.0
149.9634751893538 38.41640825953143 20.02511472815927 0.0
149.97157978646132 38.42413359603177 20.02606821017192 0.0
149.97968611741845 38.431858374242005 20.027021896166875 0.0
149.98779418295106 38.439582593888034 20.027975786229536 0.0
149.99590398378518 38.44730625469562 20.028929880445315 0.0
150.00401552064721 38.45502935639041 20.02988417889967 0.0
150.01212879426365 38.46275189869784 20.030838681678077 0.0
150.02024380536142 38.47047388134334 20.03179338886605 0.0
150.0283605546675 38.47819530405208 20.032748300549116 0.0
150.0364790429092 38.48591616654912 20.03370341681285 0.0
150.0445992708141 38.49363646855943 20.034658737742834 0.0
150.05272123911 38.501356209807824 20.03561426342471 0.0
150.0608449485249 38.5090753900189 20.036569993944106 0.0
150.0689703997871 38.51679400891722 20.037525929386717 0.0
150.0770975936252 38.524512066227196 20.03848206983826 0.0
150.0852265307679 38.532229561673006 20.03943841538446 0.0
150.09335721194418 38.53994649497877 20.04039496611108 0.0
150.10148963788342 38.54766286586851 20.041351722103933 0.0
150.10962380931502 38.555378674065985 20.042308683448827 0.0
150.11775972696876 38.563093919294886 20.04326585023162 0.0
150.12589739157468 38.57080860127881 20.044223222538196 0.0
150.134036803863 38.57852271974114 20.04518080045447 0.0
150.14217796456415 38.58623627440512 20.04613858406637 0.0
150.15032087440895 38.59394926499391 20.047096573459875 0.0
150.15846553412828 38.60166169123051 20.048054768720974 0.0
150.16661194445345 38.609373552837724 20.0490131699357 0.0
150.17476010611583 38.61708484953826 20.0499717771901 0.0
150.18291001984724 38.62479558105476 20.050930590570264 0.0
150.19106168637953 38.63250574710958 20.0518896101623 0.0
150.19921510644488 38.64021534742504 20.052848836052338 0.0
150.20737028077585 38.647924381723314 20.05380826832657 0.0
150.21552721010505 38.65563284972637 20.05476790707118 0.0
150.2236858951654 38.66334075115608 20.055727752372402 0.0
150.23184633669015 38.67104808573421 20.05668780431649 0.0
150.24000853541264 38.67875485318232 20.057648062989724 0.0
150.24817249206654 38.68646105322186 20.058608528478416 0.0
150.25633820738582 38.69416668557414 20.05956920086892 0.0
150.26450568210458 38.70187174996033 20.0605300802476 0.0
150.27267491695724 38.709576246101456 20.06149116670085 0.0
150.28084591267844 38.71728017371839 20.06245246031511 0.0
150.2890186700031 38.7249835325319 20.063413961176835 0.0
150.29719318966627 38.732686322262595 20.064375669372502 0.0
150.30536947240347 38.740388542630924 20.065337584988644 0.0
150.31354751895014 38.748090193357186 20.06629970811178 0.0
150.3217273300423 38.75579127416159 20.067262038828506 0.0
150.329908906416 38.76349178476418 20.06822457722541 0.0
150.3380922488076 38.77119172488482 20.06918732338913 0.0
150.34627735795377 38.77889109424331 20.070150277406327 0.0
150.35446423459126 38.78658989255924 20.07111343936368 0.0
150.36265287945722 38.794288119552114 20.07207680934791 0.0
150.37084329328894 38.801985774941194 20.073040387445758 0.0
150.37903547682407 38.809682858445726 20.074004173744008 0.0
150.38722943080043 38.81737936978477 20.074968168329463 0.0
150.395425155956 38.825075308677185 20.07593237128894 0.0
150.4036226530292 38.83277067484177 20.07689678270932 0.0
150.4118219227586 38.84046546799716 20.077861402677485 0.0
150.4200229658829 38.848159687861774 20.078826231280342 0.0
150.4282257831413 38.855853334154006 20.079791268604858 0.0
150.436430375273 38.86354640659206 20.080756514738 0.0
150.44463674301755 38.87123890489395 20.08172196976677 0.0
150.45284488711476 38.878930828777584 20.082687633778207 0.0
150.46105480830468 38.88662217796078 20.083653506859374 0.0
150.46926650732755 38.89431295216113 20.084619589097358 0.0
150.47747998492392 38.9020031510961 20.085585880579284 0.0
150.48569524183458 38.90969277448309 20.086552381392302 0.0
150.4939122788005 38.917381822039246 20.08751909162359 0.0
150.50213109656298 38.92507029348162 20.08848601136035 0.0
150.51035169586348 38.93275818852718 20.08945314068982 0.0
150.5185740774438 38.94044550689265 20.09042047969927 0.0
150.52679824204586 38.94813224829466 20.091388028475983 0.0
150.53502419041197 38.95581841244968 20.09235578710729 0.0
150.54325192328466 38.963503999074106 20.093323755680547 0.0
150.5514814414066 38.971189007884085 20.094291934283127 0.0
150.5597127455207 38.97887343859567 20.095260323002435 0.0
150.5679458363703 38.986557290924814 20.09622892192592 0.0
150.57618071469884 38.99424056458722 20.09719773114104 0.0
150.58441738124998 39.00192325929854 20.09816675073529 0.0
150.59265583676768 39.009605374774296 20.0991359807962 0.0
150.60089608199624 39.01728691072975 20.10010542141132 0.0
150.60913811768 39.02496786688014 20.101075072668237 0.0
150.61738194456373 39.032648242940496 20.102044934654558 0.0
150.62562756339233 39.04032803862571 20.10301500745792 0.0
150.63387497491098 39.048007253650574 20.103985291165998 0.0
150.6421241798651 39.05568588772967 20.104955785866483 0.0
150.65037517900043 39.06336394057749 20.10592649164711 0.0
150.65862797306283 39.07104141190835 20.10689740859563 0.0
150.66688256279855 39.07871830143645 20.107868536799828 0.0
150.67513894895384 39.086394608875764 20.10883987634751 0.0
150.6833971322755 39.09407033394026 20.10981142732653 0.0
150.69165711351042 39.10174547634367 20.110783189824755 0.0
150.69991889340568 39.109420035799545 20.11175516393008 0.0
150.7081824727087 39.11709401202142 20.112727349730434 0.0
150.71644785216714 39.12476740472256 20.11369974731378 0.0
150.72471503252885 39.13244021361613 20.1146723567681 0.0
150.73298401454207 39.140112438415166 20.11564517818142 0.0
150.74125479895503 39.14778407883258 20.116618211641768 0.0
150.74952738651643 39.15545513458104 20.11759145723723 0.0
150.7578017779751 39.16312560537316 20.11856491505589 0.0
150.76607797408016 39.17079549092139 20.1195385851859 0.0
150.77435597558102 39.17846479093806 20.120512467715415 0.0
150.78263578322722 39.18613350513524 20.121486562732613 0.0
150.79091739776862 39.193801633225 20.12246087032572 0.0
150.79920081995536 39.201469174919204 20.123435390582983 0.0
150.80748605053773 39.20913612992952 20.124410123592675 0.0
150.8157730902663 39.216802497967514 20.125385069443094 0.0
150.824061939892 39.22446827874468 20.126360228222588 0.0
150.8323526001658 39.23213347197223 20.127335600019507 0.0
150.84064507183902 39.23979807736129 20.12831118492224 0.0
150.84893935566333 39.24746209462291 20.129286983019217 0.0
150.85723545239046 39.25512552346786 20.130262994398876 0.0
150.86553336277242 39.262788363606845 20.1312392191497 0.0
150.87383308756168 39.27045061475046 20.1322156573602 0.0
150.88213462751065 39.27811227660902 20.1331923091189 0.0
150.89043798337215 39.28577334889285 20.13416917451437 0.0
150.8987431558993 39.29343383131203 20.135146253635213 0.0
150.9070501458453 39.30109372357649 20.136123546570033 0.0
150.91535895396368 39.30875302539609 20.13710105340749 0.0
150.92366958100826 39.31641173648047 20.138078774236266 0.0
150.93198202773303 39.32406985653915 20.139056709145063 0.0
150.9402962948923 39.331727385281496 20.140034858222624 0.0
150.94861238324057 39.33938432241676 20.141013221557714 0.0
150.95693029353257 39.34704066765396 20.141991799239126 0.0
150.96525002652336 39.35469642070208 20.14297059135569 0.0
150.9735715829681 39.36235158126988 20.143949597996247 0.0
150.9818949636224 39.370006149066 20.144928819249696 0.0
150.99022016924195 39.37766012379893 20.145908255204937 0.0
150.99854720058272 39.385313505177 20.14688790595091 0.0
151.00687605840093 39.39296629290842 20.147867771576582 0.0
151.01520674345315 39.40061848670121 20.14884785217096 0.0
151.023539256496 39.408270086263286 20.149828147823058 0.0
151.03187359828652 39.4159210913024 20.150808658621944 0.0
151.04020976958188 39.423571501526105 20.15178938465669 0.0
151.0485477711396 39.4312213166419 20.152770326016423 0.0
151.05688760371734 39.43887053635711 20.153751482790277 0.0
151.06522926807304 39.44651916037882 20.154732855067415 0.0
151.07357276496492 39.45416718841408 20.15571444293705 0.0
151.08191809515148 39.461814620169775 20.15669624648841 0.0
151.0902652593913 39.46946145535256 20.15767826581074 0.0
151.0986142584434 39.477107693669026 20.158660500993342 0.0
151.10696509306695 39.48475333482561 20.159642952125523 0.0
151.11531776402134 39.49239837852853 20.160625619296628 0.0
151.12367227206624 39.500042824483906 20.161608502596028 0.0
151.13202861796165 39.50768667239775 20.162591602113135 0.0
151.14038680246765 39.51532992197584 20.16357491793737 0.0
151.14874682634462 39.52297257292384 20.16455845015819 0.0
151.15710869035337 39.530614624947326 20.1655421988651 0.0
151.16547239525465 39.53825607775161 20.166526164147605 0.0
151.17383794180967 39.54589693104194 20.167510346095256 0.0
151.18220533077977 39.55353718452334 20.16849474479762 0.0
151.19057456292666 39.56117683790084 20.16947936034431 0.0
151.1989456390122 39.56881589087911 20.170464192824966 0.0
151.20731855979847 39.576454343162794 20.17144924232923 0.0
151.21569332604793 39.58409219445644 20.172434508946814 0.0
151.22406993852312 39.59172944446429 20.173419992767425 0.0
151.23244839798693 39.59936609289051 20.174405693880814 0.0
151.24082870520252 39.60700213943921 20.175391612376767 0.0
151.24921086093315 39.614637583814186 20.176377748345075 0.0
151.25759486594254 39.6222724257192 20.177364101875593 0.0
151.26598072099443 39.62990666485781 20.17835067305817 0.0
151.27436842685296 39.63754030093346 20.1793374619827 0.0
151.28275798428248 39.64517333364938 20.180324468739116 0.0
151.29114939404755 39.65280576270876 20.18131169341736 0.0
151.29954265691302 39.66043758781451 20.182299136107414 0.0
151.30793777364394 39.66806880866949 20.18328679689929 0.0
151.31633474500572 39.675699424976365 20.184274675883024 0.0
151.32473357176374 39.68332943643764 20.185262773148676 0.0
151.33313425468398 39.690958842755684 20.18625108878635 0.0
151.3415367945325 39.69858764363276 20.187239622886175 0.0
151.34994119207548 39.70621583877087 20.18822837553829 0.0
151.3583474480795 39.71384342787198 20.189217346832883 0.0
151.36675556331153 39.721470410637856 20.19020653686018 0.0
151.3751655385383 39.729096786770064 20.19119594571039 0.0
151.3835773745274 39.736722555970125 20.19218557347381 0.0
151.39199107204615 39.74434771793932 20.193175420240724 0.0
151.40040663186244 39.75197227237884 20.194165486101465 0.0
151.40882405474423 39.75959621898965 20.19515577114638 0.0
151.41724334145982 39.76721955747263 20.19614627546586 0.0
151.42566449277774 39.774842287528514 20.197136999150324 0.0
151.43408750946668 39.78246440885779 20.1981279422902 0.0
151.4425123922957 39.79008592116091 20.199119104975964 0.0
151.45093914203406 39.79770682413813 20.200110487298126 0.0
151.45936775945117 39.805327117489504 20.201102089347195 0.0
151.46779824531689 39.812946800915036 20.20209391121375 0.0
151.47623060040112 39.82056587411448 20.203085952988367 0.0
151.4846648254741 39.82818433678748 20.20407821476166 0.0
151.4931009213063 39.83580218863352 20.205070696624272 0.0
151.50153888866853 39.84341942935198 20.206063398666885 0.0
151.50997872833165 39.851036058641995 20.207056320980193 0.0
151.5184204410669 39.8586520762026 20.20804946365493 0.0
151.52686402764576 39.866267481732734 20.209042826781854 0.0
151.53530948883994 39.87388227493105 20.210036410451757 0.0
151.54375682542133 39.88149645549614 20.21103021475545 0.0
151.55220603816218 39.88911002312648 20.212024239783787 0.0
151.5606571278349 39.89672297752027 20.213018485627636 0.0
151.5691100952122 39.904335318375644 20.214012952377907 0.0
151.57756494106698 39.911947045390576 20.215007640125528 0.0
151.58602166617243 39.91955815826286 20.216002548961463 0.0
151.59448027130196 39.927168656690164 20.2169976789767 0.0
151.60294075722925 39.93477854036996 20.217993030262264 0.0
151.61140312472824 39.94238780899967 20.218988602909207 0.0
151.619867374573 39.94999646227641 20.219984397008588 0.0
151.62833350753797 39.95760449989725 20.220980412651528 0.0
151.63680152439784 39.96521192155908 20.221976649929157 0.0
151.64527142592746 39.97281872695863 20.222973108932642 0.0
151.653743212902 39.98042491579249 20.223969789753173 0.0
151.66221688609676 39.98803048775705 20.22496669248197 0.0
151.6706924462874 39.995635442548625 20.225963817210282 0.0
151.6791698942499 40.00323977986331 20.2269611640294 0.0
151.68764923076026 40.01084349939709 20.22795873303062 0.0
151.6961304565948 40.01844660084572 20.22895652430527 0.0
151.70461357253026 40.02604908390491 20.229954537944735 0.0
151.7130985793434 40.03365094827016 20.2309527740404 0.0
151.72158547781137 40.04125219363675 20.23195123268369 0.0
151.7300742687115 40.048852819699945 20.232949913966056 0.0
151.73856495282135 40.05645282615477 20.233948817978984 0.0
151.74705753091877 40.064052212696055 20.23494794481397 0.0
151.75555200378182 40.07165097901858 20.235947294562568 0.0
151.76404837218888 40.079249124816904 20.236946867316338 0.0
151.77254663691846 40.086846649785436 20.237946663166877 0.0
151.78104679874934 40.0944435536184 20.238946682205807 0.0
151.78954885846068 40.102039836009986 20.239946924524787 0.0
151.7980528168317 40.109635496654086 20.240947390215496 0.0
151.80655867464196 40.11723053524449 20.241948079369642 0.0
151.81506643267127 40.12482495147487 20.242948992078972 0.0
151.8235760916997 40.13241874503871 20.24395012843526 0.0
151.83208765250743 40.1400119156293 20.244951488530287 0.0
151.84060111587507 40.14760446293985 20.24595307245589 0.0
151.8491164825834 40.15519638666339 20.24695488030393 0.0
151.8576337534134 40.16278768649274 20.247956912166284 0.0
151.8661529291463 40.17037836212061 20.24895916813486 0.0
151.87467401056367 40.1779684132396 20.249961648301607 0.0
151.8831969984472 40.18555783954204 20.250964352758494 0.0
151.89172189357893 40.19314664072019 20.251967281597523 0.0
151.9002486967411 40.200734816466145 20.25297043491072 0.0
151.90877740871616 40.208322366471826 20.253973812790136 0.0
151.91730803028685 40.21590929042897 20.254977415327865 0.0
151.9258405622362 40.22349558802925 20.255981242616024 0.0
151.93437500534733 40.23108125896407 20.256985294746745 0.0
151.9429113604038 40.238666302924734 20.25798957181221 0.0
151.9514496281892 40.24625071960241 20.258994073904613 0.0
151.95998980948758 40.253834508688044 20.259998801116186 0.0
151.96853190508313 40.26141766987251 20.261003753539192 0.0
151.97707591576022 40.26900020284644 20.26200893126591 0.0
151.98562184230366 40.276582107300364 20.263014334388664 0.0
151.99416968549824 40.28416338292464 20.264019962999793 0.0
152.00271944612922 40.29174402940948 20.265025817191674 0.0
152.011271124982 40.29932404644487 20.266031897056706 0.0
152.0198247228422 40.30690343372076 20.267038202687317 0.0
