galstreams/tracks/track.st.Kshir.ibata2021.ecsv
# %ECSV 1.0
# ---
# datatype:
# - {name: ra, unit: deg, datatype: float64}
# - {name: dec, unit: deg, datatype: float64}
# - {name: distance, unit: kpc, datatype: float64}
# - {name: pm_ra_cosdec, unit: mas / yr, datatype: float64}
# - {name: pm_dec, unit: mas / yr, datatype: float64}
# - {name: radial_velocity, unit: km / s, datatype: float64}
# delimiter: ','
# meta: !!omap
# - __serialized_columns__:
#     dec:
#       __class__: astropy.coordinates.angles.Latitude
#       unit: &id001 !astropy.units.Unit {unit: deg}
#       value: !astropy.table.SerializedColumn {name: dec}
#     distance:
#       __class__: astropy.coordinates.distances.Distance
#       unit: !astropy.units.Unit {unit: kpc}
#       value: !astropy.table.SerializedColumn {name: distance}
#     pm_dec:
#       __class__: astropy.units.quantity.Quantity
#       unit: !astropy.units.Unit {unit: mas / yr}
#       value: !astropy.table.SerializedColumn {name: pm_dec}
#     pm_ra_cosdec:
#       __class__: astropy.units.quantity.Quantity
#       unit: !astropy.units.Unit {unit: mas / yr}
#       value: !astropy.table.SerializedColumn {name: pm_ra_cosdec}
#     ra:
#       __class__: astropy.coordinates.angles.Longitude
#       unit: *id001
#       value: !astropy.table.SerializedColumn {name: ra}
#       wrap_angle: !astropy.coordinates.Angle
#         unit: *id001
#         value: 360.0
#     radial_velocity:
#       __class__: astropy.units.quantity.Quantity
#       unit: !astropy.units.Unit {unit: km / s}
#       value: !astropy.table.SerializedColumn {name: radial_velocity}
# schema: astropy-2.0
ra,dec,distance,pm_ra_cosdec,pm_dec,radial_velocity
[from data line 1276]
225.7008674852467,68.29654297091305,11.326979772128235,-7.322177645181412,-1.1806744925737915,-221.7302188664387
225.72787316890654,68.29587580424769,11.327820740881855,-7.321249609083359,-1.1771182385977925,-221.9264788714703
225.75487713053545,68.29520273929131,11.328656435797917,-7.320319991933327,-1.1735630484176245,-222.1244184488572
225.78187935421437,68.29452377318195,11.329486844861751,-7.319388793406516,-1.1700089260122093,-222.32404182436517
225.80887982401396,68.29383890306215,11.330311956058686,-7.318456013184408,-1.1664558753615362,-222.52535322375962
225.83587852399478,68.29314812607899,11.33113175737404,-7.317521650954778,-1.1629039004466344,-222.7283568728061
225.86287543820725,68.29245143938411,11.331946236793142,-7.316585706411681,-1.1593530052495598,-222.93305699727009
225.88987055069168,68.29174884013372,11.332755382301322,-7.31564817925546,-1.1558031937533813,-223.1394578229174
225.91686384547845,68.2910403254886,11.333559181883903,-7.314709069192752,-1.1522544699421622,-223.34756357551322
225.94385530658792,68.29032589261404,11.334357623526211,-7.313768375936485,-1.1487068378009535,-223.55737848082342
225.97084491803054,68.28960553867994,11.335150695213576,-7.312826099205876,-1.1451603013157776,-223.76890676461326
225.99783266380703,68.28887926086081,11.335938384931325,-7.311882238726437,-1.1416148644736006,-223.98215265264855
226.0248185279082,68.28814705633566,11.336720680664778,-7.310936794229988,-1.138070531262333,-224.19712037069462
226.05180249431518,68.28740892228812,11.33749757039927,-7.309989765454631,-1.1345273056708047,-224.41381414451706
226.07878454699943,68.28666485590641,11.33826904212012,-7.309041152144782,-1.1309851916887574,-224.63223819988164
226.10576466992276,68.28591485438335,11.339035083812657,-7.308090954051149,-1.1274441933068244,-224.85239676255352
226.1327428470375,68.28515891491631,11.33979568346221,-7.307139170930748,-1.1239043145165113,-225.0742940582986
226.1597190622863,68.28439703470731,11.340550829054104,-7.306185802546896,-1.1203655593101944,-225.2979343128822
226.18669329960255,68.28362921096294,11.341300508573664,-7.305230848669214,-1.1168279316810932,-225.52332175207
226.21366554291015,68.28285544089442,11.342044710006219,-7.304274309073637,-1.1132914356232588,-225.75046060162754
226.24063577612358,68.28207572171756,11.342783421337094,-7.303316183542396,-1.109756075131566,-225.97935508732027
226.26760398314818,68.2812900506528,11.343516630551616,-7.30235647186405,-1.106221854201685,-226.21000943491384
226.29457014788,68.28049842492518,11.344244325635108,-7.301395173833447,-1.1026887768300775,-226.44242787017382
226.32153425420586,68.2797008417644,11.344966494572901,-7.300432289251757,-1.0991568470139772,-226.67661461886553
226.34849628600358,68.27889729840471,11.345683125350321,-7.299467817926468,-1.0956260687513686,-226.91257390675486
226.37545622714183,68.27808779208512,11.346394205952691,-7.298501759671373,-1.0920964460409903,-227.150309959607
226.40241406148024,68.27727232004915,11.347099724365343,-7.297534114306579,-1.0885679828823014,-227.3898270031877
226.42936977286962,68.27645087954502,11.347799668573598,-7.296564881658522,-1.0850406832754658,-227.63112926326252
226.45632334515184,68.27562346782557,11.348494026562786,-7.295594061559938,-1.081514551221354,-227.87422096559706
226.48327476215982,68.27479008214831,11.349182786318233,-7.294621653849891,-1.0779895907215173,-228.11910633595667
226.51022400771788,68.27395071977543,11.349865935825262,-7.293647658373761,-1.0744658057781669,-228.36578960010704
226.5371710656415,68.27310537797365,11.350543463069206,-7.292672074983244,-1.0709432003941712,-228.61427498381363
226.56411591973753,68.27225405401451,11.351215356035384,-7.291694903536363,-1.0674217785730302,-228.86456671284213
226.59105855380417,68.27139674517409,11.351881602709128,-7.290716143897452,-1.063901544318872,-229.11666901295786
226.61799895163117,68.27053344873319,11.352542191075763,-7.28973579593718,-1.0603825016364232,-229.37058610992656
226.64493709699968,68.26966416197729,11.353197109120616,-7.288753859532525,-1.0568646545309992,-229.62632222951376
226.6718729736825,68.2687888821965,11.353846344829012,-7.287770334566796,-1.0533480070085015,-229.88388159748496
226.698806565444,68.26790760668565,11.354489886186276,-7.286785220929623,-1.049832563075376,-230.14326843960566
226.72573785604015,68.26702033274424,11.35512772117774,-7.285798518516954,-1.0463183267386318,-230.40448698164153
226.7526668292188,68.26612705767641,11.355759837788726,-7.2848102272310715,-1.0428053020057944,-230.66754144935797
226.77959346871955,68.26522777879106,11.356386224004558,-7.283820346980583,-1.0392934928849125,-230.9324360685206
226.8065177582738,68.26432249340176,11.357006867810568,-7.28282887768041,-1.0357829033845216,-231.19917506489506
226.8334396816049,68.26341119882672,11.357621757192085,-7.281835819251807,-1.0322735375136562,-231.4677626642467
226.86035922242812,68.26249389238895,11.358230880134428,-7.2808411716223524,-1.0287653992818084,-231.73820309234128
226.88727636445074,68.26157057141604,11.358834224622923,-7.2798449347259595,-1.0252584926989354,-232.01050057494407
226.91419109137226,68.2606412332404,11.359431778642904,-7.27884710850285,-1.0217528217754197,-232.28465933782098
226.94110338688415,68.25970587519912,11.360023530179694,-7.277847692899589,-1.0182483905220723,-232.56068360673734
226.96801323467017,68.25876449463395,11.360609467218616,-7.276846687869057,-1.0147452029501187,-232.83857760745875
226.99492061840624,68.25781708889139,11.361189577745003,-7.2758440933704716,-1.0112432630711747,-233.1183455657506
227.0218255217607,68.25686365532269,11.361763849744174,-7.274839909369374,-1.007742574897223,-233.3999917073786
227.04872792839421,68.25590419128379,11.362332271201458,-7.273834135837625,-1.004243142440618,-233.68352025810836
227.07562782195984,68.25493869413536,11.36289483010219,-7.2728267727534135,-1.0007449697140631,-233.96893544370533
227.10252518610315,68.2539671612428,11.363451514431684,-7.271817820101269,-0.9972480607305938,-234.25624148993492
227.12942000446222,68.25298958997625,11.364002312175273,-7.270807277872036,-0.993752419503555,-234.5454426225629
227.15631226066787,68.25200597771064,11.364547211318285,-7.269795146062884,-0.9902580500465881,-234.83654306735488
227.18320193834336,68.2510163218255,11.365086199846036,-7.26878142467732,-0.9867649563736443,-235.12954705007604
227.2100890211048,68.25002061970527,11.365619265743868,-7.267766113725159,-0.9832731424989207,-235.42445879649225
227.23697349256108,68.24901886873903,11.366146396997097,-7.266749213222562,-0.9797826124368831,-235.72128253236895
227.2638553363139,68.24801106632063,11.366667581591049,-7.265730723192005,-0.9762933702022285,-236.0200224834717
227.2907345359578,68.2469972098487,11.367182807511057,-7.264710643662291,-0.9728054198098954,-236.32068287556604
227.31761107508032,68.24597729672661,11.367692062742442,-7.263688974668547,-0.969318765275017,-236.62326793441744
227.34448493726205,68.2449513243625,11.368195335270535,-7.262665716252226,-0.9658334106129183,-236.92778188579163
227.37135610607658,68.24391929016925,11.368692613080661,-7.2616408684611,-0.9623493598391215,-237.23422895545406
227.39822456509066,68.24288119156452,11.369183884158144,-7.260614431349273,-0.9588666169692945,-237.54261336917014
227.4250902978642,68.24183702597077,11.369669136488312,-7.259586404977168,-0.9553851860192653,-237.85293935270582
227.45195328795035,68.24078679081518,11.370148358056488,-7.258556789411534,-0.9519050710049928,-238.16521113182608
227.4788135188956,68.23973048352974,11.370621536848006,-7.257525584725428,-0.9484262759425475,-238.4794329322969
227.50567097423976,68.23866810155121,11.371088660848189,-7.256492790998243,-0.9449488048481127,-238.79560897988372
227.53252563751616,68.23759964232114,11.37154971804236,-7.255458408315684,-0.9414726617379492,-239.113743500352
227.55937749225146,68.23652510328586,11.37200469641585,-7.254422436769783,-0.9379978506284037,-239.43384071946727
227.58622652196593,68.23544448189647,11.372453583953982,-7.253384876458882,-0.9345243755358648,-239.75590486299518
227.61307271017347,68.23435777560887,11.372896368642087,-7.2523457274876435,-0.9310522404767745,-240.07994015670133
227.63991604038156,68.2332649818838,11.37333303846549,-7.251304989967047,-0.9275814494675938,-240.40595082635116
227.6667564960915,68.23216609818674,11.37376358140951,-7.250262664014397,-0.9241120065247981,-240.73394109771027
227.69359406079826,68.23106112198798,11.374187985459484,-7.249218749753293,-0.9206439156648605,-241.0639151965441
227.72042871799073,68.22995005076262,11.374606238600736,-7.2481732473136695,-0.9171771809042293,-241.39587734861837
227.7472604511516,68.22883288199058,11.375018328818587,-7.247126156831759,-0.9137118062593284,-241.7298317796985
227.7740892437576,68.22770961315656,11.375424244098374,-7.2460774784501085,-0.9102477957465178,-242.0657827155501
227.80091507927943,68.22658024175009,11.37582397242541,-7.245027212317584,-0.906785153382107,-242.4037343819385
227.82773794118185,68.22544476526552,11.376217501785025,-7.243975358589356,-0.9033238831823147,-242.7436910046296
227.85455781292384,68.22430318120202,11.376604820162555,-7.242921917426896,-0.899863989163262,-243.08565680938884
227.88137467795843,68.22315548706352,11.376985915543319,-7.241866888997988,-0.8964054753409734,-243.42963602198165
227.908188519733,68.22200168035887,11.377360775912642,-7.240810273476729,-0.8929483457313356,-243.77563286817363
227.9349993216892,68.22084175860167,11.377729389255855,-7.239752071043502,-0.8894926043500935,-244.12365157373026
227.96180706726312,68.21967571931036,11.378091743558283,-7.238692281885012,-0.8860382552128356,-244.47369636441744
227.98861173988513,68.21850356000826,11.378447826805253,-7.237630906194253,-0.8825853023349897,-244.82577146600008
228.01541332298027,68.21732527822346,11.378797626982086,-7.236567944170526,-0.8791337497317793,-245.17988110424432
228.04221179996796,68.2161408714889,11.379141132074116,-7.2355033960194195,-0.8756836014182416,-245.53602950491532
228.06900715426238,68.21495033734239,11.379478330066666,-7.234437261952831,-0.8722348614091797,-245.89422089377894
228.09579936927227,68.21375367332656,11.379809208945066,-7.233369542188946,-0.8687875337191768,-246.2544594966004
228.12258842840117,68.21255087698889,11.380133756694637,-7.232300236952246,-0.8653416223625585,-246.61674953914562
228.1493743150473,68.21134194588166,11.380451961300706,-7.231229346473504,-0.861897131353401,-246.98109524717984
228.17615701260394,68.21012687756208,11.380763810748604,-7.230156870989777,-0.8584540647054866,-247.34750084646862
228.20293650445905,68.20890566959214,11.381069293023653,-7.229082810744421,-0.8550124264323056,-247.7159705627777
228.22971277399563,68.20767831953873,11.38136839611118,-7.228007165987069,-0.8515722205470513,-248.08650862187247
228.25648580459182,68.20644482497357,11.381661107996516,-7.22692993697364,-0.8481334510625729,-248.4591192495186
228.2832555796207,68.20520518347325,11.381947416664985,-7.22585112396634,-0.8446961219913995,-248.83380667148163
228.3100220824506,68.2039593926192,11.382227310101907,-7.224770727233651,-0.8412602373456932,-249.21057511352694
228.336785296445,68.20270744999773,11.382500776292618,-7.223688747050337,-0.8378258011372537,-249.58942880142013
228.36354520496263,68.20144935320002,11.382767803222439,-7.222605183697432,-0.8343928173774866,-249.97037196092688
228.39030179135773,68.20018509982214,11.3830283788767,-7.22152003746225,-0.8309612900773999,-250.35340881781272
228.41705503897964,68.19891468746494,11.383282491240728,-7.220433308638374,-0.8275312232475918,-250.738543597843
228.4438049311734,68.19763811373423,11.383530128299844,-7.219344997525663,-0.8241026208982241,-251.12578052678344
228.4705514512794,68.19635537624067,11.38377127803938,-7.218255104430236,-0.8206754870390116,-251.51512383039963
228.4972945826337,68.19506647259979,11.384005928444655,-7.217163629664486,-0.8172498256792102,-251.906577734457
228.52403430856802,68.19377140043198,11.384234067501005,-7.216070573547055,-0.8138256408276012,-252.30014646472108
228.55077061240962,68.19247015736256,11.38445568319375,-7.214975936402865,-0.8104029364924661,-252.69583424695753
228.57750347748166,68.19116274102171,11.384670763508218,-7.213879718563078,-0.8069817166815851,-253.09364530693182
228.60423288710305,68.18984914904445,11.384879296429736,-7.212781920365124,-0.80356198540222,-253.4935838704095
228.63095882458862,68.18852937907076,11.385081269943631,-7.211682542152681,-0.8001437466610846,-253.89565416315617
228.65768127324904,68.18720342874545,11.385276672035229,-7.210581584275687,-0.7967270044643568,-254.29986041093736
228.68440021639105,68.18587129571826,11.385465490689855,-7.209479047090313,-0.7933117628176252,-254.7062068395185
228.7111156373175,68.1845329776438,11.385647713892839,-7.208374930958987,-0.7898980257259138,-255.11469767466545
228.73782751932725,68.1831884721816,11.385823329629508,-7.207269236250378,-0.7864857971936419,-255.52533714214334
228.76453584571536,68.18183777699603,11.385992325885178,-7.206161963339399,-0.7830750812246166,-255.93812946771786
228.7912405997732,68.18048088975645,11.38615469064519,-7.20505311260719,-0.7796658818220075,-256.3530788771548
228.81794176478837,68.17911780813704,11.386310411894863,-7.203942684441134,-0.7762582029883616,-256.77018959621944
228.84463932404483,68.17774852981694,11.386459477619521,-7.202830679234853,-0.7728520487255441,-257.18946585067744
228.87133326082304,68.17637305248013,11.386601875804496,-7.20171709738818,-0.7694474230347657,-257.6109118662944
228.89802355839984,68.17499137381556,11.386737594435113,-7.200601939307193,-0.7660443299165349,-258.0345318688356
228.92471020004865,68.17360349151706,11.386866621496694,-7.199485205404184,-0.7626427733706691,-258.4603300840668
228.95139316903956,68.17220940328339,11.386988944974572,-7.198366896097665,-0.7592427573962488,-258.88831073775367
228.97807244863927,68.17080910681815,11.38710455285407,-7.197247011812365,-0.7558442859916366,-259.31847805566156
229.00474802211113,68.16940259982997,11.387213433120516,-7.196125552979236,-0.7524473631544424,-259.750836263556
229.03141987271545,68.1679898800323,11.387315573759235,-7.195002520035434,-0.7490519928815103,-260.18538958720256
229.05808798370924,68.16657094514355,11.387410962755553,-7.193877913424325,-0.7456581791688977,-260.622142252367
229.0847523383465,68.16514579288703,11.387499588094798,-7.192751733595479,-0.7422659260118862,-261.0610984848146
229.11141291987815,68.163714420991,11.387581437762297,-7.1916239810046685,-0.7388752374049306,-261.5022625103109
229.13806971155222,68.1622768271886,11.387656499743374,-7.190494656113866,-0.7354861173416671,-261.9456385546218
229.1647226966137,68.16083300921795,11.387724762023357,-7.189363759391236,-0.7320985698148954,-262.39123084351235
229.19137185830488,68.15938296482203,11.387786212587576,-7.188231291311132,-0.7287125988165579,-262.83904360274846
229.21801717986517,68.15792669174877,11.387840839421347,-7.187097252354114,-0.7253282083377339,-263.2890810580954
229.24465864453134,68.1564641877511,11.38788863051001,-7.1859616430069,-0.7219454023685956,-263.7413474353192
229.2712962355374,68.15499545058672,11.38792957383888,-7.184824463762408,-0.7185641848984516,-264.19584696018495
229.29792993611483,68.15352047801845,11.387963657393291,-7.183685715119731,-0.7151845599156683,-264.6525838584583
229.32455972949245,68.15203926781389,11.387990869158568,-7.18254539758413,-0.7118065314076985,-265.11156235590477
229.35118559889682,68.15055181774567,11.388011197120033,-7.181403511667045,-0.7084301033610345,-265.5727866782901
229.37780752755194,68.14905812559128,11.388024629263017,-7.1802600578860805,-0.7050552797612262,-266.0362610513796
229.40442549867942,68.14755818913324,11.388031153572843,-7.179115036764998,-0.701682064592839,-266.50198970093896
