galstreams/tracks/track.st.ACS.ramos2021.ecsv
# %ECSV 1.0
# ---
# datatype:
# - {name: ra, unit: deg, datatype: float64}
# - {name: dec, unit: deg, datatype: float64}
# - {name: distance, unit: kpc, datatype: float64}
# - {name: pm_ra_cosdec, unit: mas / yr, datatype: float64}
# - {name: pm_dec, unit: mas / yr, datatype: float64}
# - {name: radial_velocity, unit: km / s, datatype: float64}
# delimiter: ','
# meta: !!omap
# - __serialized_columns__:
#     dec:
#       __class__: astropy.coordinates.angles.Latitude
#       unit: &id001 !astropy.units.Unit {unit: deg}
#       value: !astropy.table.SerializedColumn {name: dec}
#     distance:
#       __class__: astropy.coordinates.distances.Distance
#       unit: !astropy.units.Unit {unit: kpc}
#       value: !astropy.table.SerializedColumn {name: distance}
#     pm_dec:
#       __class__: astropy.units.quantity.Quantity
#       unit: !astropy.units.Unit {unit: mas / yr}
#       value: !astropy.table.SerializedColumn {name: pm_dec}
#     pm_ra_cosdec:
#       __class__: astropy.units.quantity.Quantity
#       unit: !astropy.units.Unit {unit: mas / yr}
#       value: !astropy.table.SerializedColumn {name: pm_ra_cosdec}
#     ra:
#       __class__: astropy.coordinates.angles.Longitude
#       unit: *id001
#       value: !astropy.table.SerializedColumn {name: ra}
#       wrap_angle: !astropy.coordinates.Angle
#         unit: *id001
#         value: 360.0
#     radial_velocity:
#       __class__: astropy.units.quantity.Quantity
#       unit: !astropy.units.Unit {unit: km / s}
#       value: !astropy.table.SerializedColumn {name: radial_velocity}
# schema: astropy-2.0
ra,dec,distance,pm_ra_cosdec,pm_dec,radial_velocity
[from data line 5589]
125.27668283024427,25.51959840444029,11.699999999999426,-0.40074134647172877,-0.5979257759654192,1.0525958912340423e-14
125.27802004465161,25.509432956351716,11.699999999999426,-0.4015011784208482,-0.5982568231169098,1.2631150694808506e-14
125.27936069545305,25.499267183260056,11.699999999999424,-0.40226837382596126,-0.5985912302195298,6.315575347404253e-15
125.28070478576429,25.489101084778238,11.69999999999942,-0.4030429328900596,-0.5989289197947887,0.0
125.28205231870584,25.478934660518508,11.69999999999942,-0.40382485474740215,-0.5992698124023579,6.315575347404253e-15
125.28340329740323,25.46876791009255,11.699999999999418,-0.4046141374490836,-0.5996138266178337,8.420767129872338e-15
125.28475772498675,25.458600833111383,11.699999999999418,-0.40541077794688274,-0.5999608790097841,6.315575347404253e-15
125.28611560459171,25.44843342918543,11.699999999999411,-0.4062147720776812,-0.6003108841172263,8.420767129872338e-15
125.28747693935834,25.43826569792447,11.699999999999411,-0.40702611454760257,-0.6006637544258729,2.1051917824680845e-15
125.2888417324317,25.42809763893767,11.69999999999941,-0.4078447989158462,-0.6010194003458909,1.2631150694808506e-14
125.29020998696197,25.417929251833577,11.699999999999411,-0.40867081757882445,-0.6013777301871911,2.1051917824680845e-15
125.2915817061042,25.407760536220074,11.69999999999941,-0.40950416175362375,-0.6017386501372388,-2.1051917824680845e-15
125.29295689301836,25.39759149170444,11.699999999999406,-0.41034482146213613,-0.6021020642359972,-2.1051917824680845e-15
125.2943355508695,25.38742211789332,11.699999999999402,-0.41119278551351884,-0.6024678743530028,0.0
125.29571768282769,25.377252414392743,11.699999999999402,-0.41204804148826524,-0.6028359801625329,8.420767129872338e-15
125.2971032920679,25.367082380808075,11.699999999999399,-0.41291057572162365,-0.603206279119779,-4.210383564936169e-15
125.2984923817702,25.356912016744054,11.699999999999399,-0.41378037328530215,-0.603578666435947,4.210383564936169e-15
125.29988495511972,25.346741321804785,11.699999999999395,-0.4146574179724517,-0.6039530350537092,2.1051917824680845e-15
125.30128101530656,25.336570295593756,11.699999999999395,-0.41554169227806015,-0.6043292756225134,4.210383564936169e-15
125.3026805655259,25.32639893771377,11.699999999999392,-0.416433177383553,-0.6047072764733846,6.315575347404253e-15
125.30408360897809,25.316227247767017,11.699999999999392,-0.4173318531384454,-0.605086923593158,0.0
125.3054901488684,25.30605522535506,11.699999999999392,-0.41823769804182476,-0.6054681006004372,1.2631150694808506e-14
125.30690018840735,25.295882870078795,11.69999999999939,-0.41915068922577015,-0.6058506887183172,4.210383564936169e-15
125.30831373081048,25.285710181538473,11.699999999999385,-0.4200708024379186,-0.6062345667497593,2.1051917824680845e-15
125.30973077929848,25.275537159333698,11.699999999999383,-0.420998012021243,-0.6066196110511712,6.315575347404253e-15
125.31115133709716,25.265363803063448,11.69999999999938,-0.4219322908968087,-0.6070056955061047,0.0
125.31257540743749,25.255190112326023,11.69999999999938,-0.42287361054666617,-0.6073926914985921,2.1051917824680845e-15
125.3140029935556,25.2450160867191,11.699999999999378,-0.4238219409929356,-0.6077804678878176,0.0
125.31543409869279,25.23484172583969,11.699999999999374,-0.42477725078090833,-0.608168890979758,2.1051917824680845e-15
125.31686872609555,25.224667029284124,11.699999999999372,-0.42573950695942625,-0.6085578245012373,2.1051917824680845e-15
125.31830687901554,25.21449199664815,11.699999999999372,-0.42670867506182153,-0.6089471295720705,2.1051917824680845e-15
125.31974856070964,25.204316627526772,11.699999999999372,-0.4276847190871623,-0.6093366646786038,1.473634247727659e-14
125.32119377444,25.19414092151443,11.699999999999369,-0.42866760148054284,-0.6097262856451264,8.420767129872338e-15
125.32264252347396,25.183964878204808,11.699999999999367,-0.42965728311325635,-0.610115845606489,6.315575347404253e-15
125.32409481108411,25.173788497190994,11.699999999999363,-0.4306537232647121,-0.6105051949804393,0.0
125.32555064054827,25.16361177806541,11.699999999999363,-0.4316568796003611,-0.6108941814392445,1.0525958912340423e-14
125.32701001514961,25.15343472041979,11.69999999999936,-0.432666708153878,-0.6112826498810061,-6.315575347404253e-15
125.32847293817652,25.14325732384521,11.699999999999358,-0.4336831633053776,-0.6116704424012667,1.0525958912340423e-14
125.32993941292274,25.133079587932084,11.699999999999354,-0.43470619776255826,-0.6120573982645777,1.473634247727659e-14
125.3314094426873,25.122901512270193,11.699999999999354,-0.4357357625389221,-0.6124433538748008,8.420767129872338e-15
125.33288303077452,25.11272309644858,11.699999999999351,-0.43677180693459833,-0.6128281427460196,2.1051917824680845e-15
125.33436018049412,25.10254434005567,11.699999999999351,-0.43781427851394794,-0.6132115954743879,1.0525958912340423e-14
125.33584089516114,25.092365242679193,11.69999999999935,-0.4388631230862884,-0.613593539706371,6.315575347404253e-15
125.33732517809597,25.082185803906224,11.699999999999347,-0.43991828468394945,-0.6139738001100908,-2.1051917824680845e-15
125.3388130326244,25.072006023323137,11.699999999999344,-0.4409797055405587,-0.6143521983457514,1.2631150694808506e-14
125.34030446207764,25.061825900515654,11.69999999999934,-0.4420473260709005,-0.6147285530342655,0.0
125.34179946979224,25.0516454350688,11.69999999999934,-0.4431210848480454,-0.6151026797274125,0.0
125.34329805911021,25.041464626566956,11.699999999999338,-0.44420091858314154,-0.6154743908765099,-6.315575347404253e-15
125.34480023337893,25.03128347459375,11.699999999999337,-0.44528676210136436,-0.615843495802715,1.0525958912340423e-14
125.34630599595137,25.02110197873223,11.699999999999335,-0.44637854832148105,-0.6162098006641026,0.0
125.34781535018577,25.01092013856467,11.699999999999331,-0.44747620823359235,-0.6165731084263981,6.315575347404253e-15
125.349328299446,25.00073795367271,11.699999999999333,-0.4485796708756349,-0.6169332188292622,0.0
125.3508448471013,24.990555423637268,11.69999999999933,-0.4496888633116596,-0.6172899283559755,1.0525958912340423e-14
125.35236499652648,24.980372548038627,11.699999999999326,-0.45080371060832136,-0.6176430302005408,-2.1051917824680845e-15
125.35388875110182,24.970189326456328,11.699999999999326,-0.4519241358127267,-0.6179923142359066,4.210383564936169e-15
125.35541611421317,24.960005758469226,11.699999999999322,-0.4530500599295703,-0.6183375669817974,0.0
125.35694708925186,24.94982184365551,11.69999999999932,-0.45418140189582434,-0.6186785715704843,4.210383564936169e-15
125.35848167961483,24.939637581592667,11.699999999999317,-0.45531807855944556,-0.6190151077158395,6.315575347404253e-15
125.36001988870454,24.929452971857483,11.699999999999314,-0.45646000465466346,-0.6193469516787252,0.0
125.36156171992906,24.919268014026027,11.699999999999314,-0.45760709277880174,-0.6196738762338171,1.473634247727659e-14
125.36310717670206,24.90908270767373,11.699999999999312,-0.45875925336718343,-0.6199956506366788,-2.1051917824680845e-15
125.36465626244278,24.89889705237524,11.69999999999931,-0.45991639466974316,-0.6203120405888716,-2.1051917824680845e-15
125.3662089805761,24.88871104770456,11.699999999999307,-0.4610784227265452,-0.6206228082051007,6.315575347404253e-15
125.36776533453258,24.878524693234986,11.699999999999303,-0.4622452413429132,-0.620927711977065,4.210383564936169e-15
125.36932532774834,24.868337988539075,11.699999999999303,-0.46341675206498023,-0.6212265067403893,1.0525958912340423e-14
125.37088896366525,24.85815093318872,11.699999999999303,-0.4645928541546188,-0.6215189436394232,0.0
125.3724562457308,24.847963526755073,11.699999999999296,-0.46577344456412906,-0.6218047700920435,1.2631150694808506e-14
125.37402717739825,24.8377757688086,11.699999999999294,-0.4669584179111491,-0.6220837297539009,-8.420767129872338e-15
125.37560176212642,24.827587658919036,11.699999999999292,-0.46814766645324096,-0.6223555624839576,0.0
125.37718000337999,24.817399196655412,11.699999999999292,-0.46934108006176034,-0.6226200043074399,4.210383564936169e-15
125.37876190462931,24.80721038158605,11.699999999999289,-0.47053854619601854,-0.6228767873808555,1.2631150694808506e-14
125.38034746935055,24.797021213278544,11.699999999999285,-0.47173994987797707,-0.6231256399544456,-2.1051917824680845e-15
125.38193670102551,24.786831691299795,11.699999999999287,-0.4729451736649041,-0.6233662863374372,-2.1051917824680845e-15
125.38352960314187,24.77664181521593,11.699999999999282,-0.4741540976233203,-0.6235984468595673,1.0525958912340423e-14
125.38512617919311,24.766451584592424,11.699999999999278,-0.475366599302596,-0.6238218378351215,0.0
125.38672643267846,24.756260998993994,11.699999999999278,-0.47658255370794317,-0.6240361715244556,4.210383564936169e-15
125.38833036710295,24.746070057984628,11.699999999999276,-0.47780183327239967,-0.6242411560983174,8.420767129872338e-15
125.3899379859776,24.735878761127598,11.699999999999275,-0.4790243078317489,-0.6244364955980564,8.420767129872338e-15
125.39154929281906,24.725687107985447,11.69999999999927,-0.4802498445944888,-0.6246218898987353,4.210383564936169e-15
125.39316429115004,24.715495098119995,11.699999999999267,-0.4814783081155443,-0.6247970346705404,2.1051917824680845e-15
125.39478298449899,24.705302731092317,11.699999999999267,-0.48270956026938455,-0.6249616213405329,4.210383564936169e-15
125.39640537640035,24.695110006462773,11.699999999999264,-0.4839434602190412,-0.6251153370526941,4.210383564936169e-15
125.39803147039439,24.68491692379097,11.699999999999262,-0.4851798643904951,-0.6252578646302263,8.420767129872338e-15
125.39966127002735,24.67472348263582,11.699999999999259,-0.4864186264437741,-0.625388882535269,2.1051917824680845e-15
125.40129477885145,24.664529682555422,11.699999999999257,-0.4876595972421808,-0.6255080648296959,1.2631150694808506e-14
125.40293200042477,24.65433552310723,11.699999999999253,-0.4889026248264038,-0.6256150811352803,2.1051917824680845e-15
125.40457293831142,24.644141003847878,11.699999999999251,-0.4901475543828635,-0.6257095965927844,6.315575347404253e-15
125.40621759608148,24.633946124333303,11.69999999999925,-0.4913942282159899,-0.6257912718226835,4.210383564936169e-15
125.40786597731102,24.62375088411866,11.699999999999248,-0.49264248571829605,-0.6258597628833951,1.473634247727659e-14
125.40951808558215,24.61355528275844,11.699999999999244,-0.49389216334011643,-0.6259147212313139,-6.315575347404253e-15
125.41117392448297,24.603359319806273,11.69999999999924,-0.49514309455974403,-0.6259557936787318,1.2631150694808506e-14
125.41283349760766,24.593162994815135,11.699999999999239,-0.49639510985416546,-0.6259826223526723,-2.1051917824680845e-15
125.41449680855644,24.58296630733719,11.699999999999237,-0.4976480366671818,-0.6259948446531127,8.420767129872338e-15
125.41616386093563,24.572769256923895,11.699999999999237,-0.4989016993805374,-0.6259920932107468,4.210383564936169e-15
125.41783465835759,24.562571843125905,11.699999999999232,-0.5001559192810001,-0.625973995845233,-2.1051917824680845e-15
125.41950920444081,24.552374065493176,11.69999999999923,-0.5014105145320371,-0.6259401755217189,8.420767129872338e-15
125.42118750280997,24.542175923574874,11.699999999999227,-0.502665300138716,-0.6258902503078954,-2.1051917824680845e-15
125.42286955709577,24.53197741691936,11.699999999999225,-0.5039200879208569,-0.6258238333322848,1.0525958912340423e-14
125.42455537093512,24.52177854507435,11.699999999999221,-0.5051746864769864,-0.6257405327388775,1.473634247727659e-14
125.42624494797113,24.511579307586704,11.699999999999221,-0.5064289011552618,-0.6256399516443099,6.315575347404253e-15
125.42793829185304,24.50137970400253,11.699999999999218,-0.5076825340198102,-0.6255216880942815,-4.210383564936169e-15
125.42963540623629,24.491179733867185,11.699999999999214,-0.5089353838194273,-0.6253853350179528,6.315575347404253e-15
125.43133629478258,24.480979396725296,11.699999999999214,-0.510187245953724,-0.6252304801842059,-6.315575347404253e-15
125.4330409611598,24.47077869212063,11.699999999999209,-0.5114379124413279,-0.6250567061571353,0.0
125.43474940904211,24.46057761959626,11.69999999999921,-0.5126871718860931,-0.624863590249256,6.315575347404253e-15
125.4364616421099,24.450376178694455,11.699999999999205,-0.5139348094439502,-0.6246507044775854,8.420767129872338e-15
125.4381776640499,24.44017436895673,11.699999999999203,-0.515180606790258,-0.6244176155175589,8.420767129872338e-15
125.4398974785551,24.429972189923777,11.699999999999198,-0.5164243420838042,-0.6241638846553741,-2.1051917824680845e-15
125.44162108932474,24.419769641135563,11.699999999999198,-0.5176657899348884,-0.6238890677445889,8.420767129872338e-15
125.44334850006449,24.40956672213125,11.699999999999193,-0.5189047213707515,-0.6235927151564347,-6.315575347404253e-15
125.44507971448628,24.39936343244921,11.699999999999193,-0.520140903799681,-0.6232743717342013,6.315575347404253e-15
125.4468147363085,24.38915977162704,11.699999999999191,-0.5213741009780168,-0.6229335767459016,0.0
125.4485535692558,24.378955739201565,11.699999999999186,-0.5226040729737875,-0.6225698638369066,2.1051917824680845e-15
125.45029621705925,24.36875133470881,11.699999999999184,-0.5238305761324069,-0.622182760981388,-4.210383564936169e-15
125.45204268345641,24.358546557683983,11.69999999999918,-0.5250533630404467,-0.6217717904341437,1.0525958912340423e-14
125.45379297219121,24.34834140766157,11.699999999999182,-0.5262721824909606,-0.6213364686824798,-2.1051917824680845e-15
125.45554708701395,24.338135884175188,11.699999999999175,-0.5274867794460714,-0.6208763063977802,-4.210383564936169e-15
125.45730503168149,24.327929986757724,11.699999999999175,-0.5286968950021865,-0.6203908083847555,-2.1051917824680845e-15
125.45906680995714,24.317723714941213,11.69999999999917,-0.529902266352426,-0.6198794735336456,4.210383564936169e-15
125.46083242561068,24.30751706825693,11.699999999999168,-0.5311026267507499,-0.6193417947694956,0.0
125.46260188241837,24.297310046235314,11.699999999999166,-0.5322977054745137,-0.618777259002148,6.315575347404253e-15
125.46437518416307,24.287102648406066,11.699999999999164,-0.5334872277865909,-0.6181853470767397,1.0525958912340423e-14
125.46615233463416,24.276894874298005,11.699999999999163,-0.5346709148999733,-0.6175655337212118,0.0
125.46793333762749,24.266686723439204,11.699999999999159,-0.5358484839380565,-0.6169172874971964,4.210383564936169e-15
125.4697181969456,24.256478195356884,11.699999999999154,-0.5370196478968067,-0.6162400707469362,2.1051917824680845e-15
125.47150691639756,24.246269289577498,11.69999999999915,-0.5381841156081221,-0.6155333395425026,2.1051917824680845e-15
125.47329949979905,24.23606000562664,11.69999999999915,-0.5393415916992143,-0.6147965436337556,6.315575347404253e-15
125.47509595097239,24.225850343029148,11.699999999999145,-0.540491776555406,-0.6140291263954073,1.0525958912340423e-14
125.47689627374658,24.215640301308994,11.699999999999145,-0.5416343662799996,-0.6132305247755211,-6.315575347404253e-15
125.47870047195717,24.20542987998936,11.699999999999141,-0.5427690526561735,-0.6124001692402705,0.0
125.4805085494465,24.195219078592594,11.69999999999914,-0.5438955231066153,-0.6115374837227584,0.0
125.48232051006356,24.18500789664024,11.699999999999134,-0.5450134606535183,-0.610641885568715,0.0
125.48413635766403,24.17479633365299,11.699999999999132,-0.5461225438787127,-0.6097127854816827,4.210383564936169e-15
125.48595609611036,24.164584389150757,11.699999999999129,-0.5472224468843043,-0.608749587469426,1.2631150694808506e-14
125.48777972927171,24.154372062652584,11.699999999999127,-0.5483128392498823,-0.6077516887887036,6.315575347404253e-15
125.48960726102406,24.14415935367671,11.699999999999125,-0.5493933859935505,-0.6067184798910883,-6.315575347404253e-15
125.49143869525005,24.133946261740526,11.699999999999124,-0.5504637475303145,-0.6056493443662322,2.1051917824680845e-15
