galstreams/tracks/track.st.Slidr.ibata2020.ecsv
# %ECSV 0.9
# ---
# datatype:
# - {name: ra, unit: deg, datatype: float64}
# - {name: dec, unit: deg, datatype: float64}
# - {name: distance, unit: kpc, datatype: float64}
# - {name: pm_ra_cosdec, unit: mas / yr, datatype: float64}
# - {name: pm_dec, unit: mas / yr, datatype: float64}
# - {name: radial_velocity, unit: km / s, datatype: float64}
# delimiter: ','
# meta: !!omap
# - __serialized_columns__:
#     dec:
#       __class__: astropy.coordinates.angles.Latitude
#       unit: &id001 !astropy.units.Unit {unit: deg}
#       value: !astropy.table.SerializedColumn {name: dec}
#     distance:
#       __class__: astropy.coordinates.distances.Distance
#       unit: !astropy.units.Unit {unit: kpc}
#       value: !astropy.table.SerializedColumn {name: distance}
#     pm_dec:
#       __class__: astropy.units.quantity.Quantity
#       unit: !astropy.units.Unit {unit: mas / yr}
#       value: !astropy.table.SerializedColumn {name: pm_dec}
#     pm_ra_cosdec:
#       __class__: astropy.units.quantity.Quantity
#       unit: !astropy.units.Unit {unit: mas / yr}
#       value: !astropy.table.SerializedColumn {name: pm_ra_cosdec}
#     ra:
#       __class__: astropy.coordinates.angles.Longitude
#       unit: *id001
#       value: !astropy.table.SerializedColumn {name: ra}
#       wrap_angle: !astropy.coordinates.Angle
#         unit: *id001
#         value: 360.0
#     radial_velocity:
#       __class__: astropy.units.quantity.Quantity
#       unit: !astropy.units.Unit {unit: km / s}
#       value: !astropy.table.SerializedColumn {name: radial_velocity}
# schema: astropy-2.0
ra,dec,distance,pm_ra_cosdec,pm_dec,radial_velocity
[from data line 138]
169.95759048579504,6.754050334810685,3.3048030504166106,-20.470569782423897,-5.326118235681336,2.1051917824680845e-15
170.11416710147364,6.713089466114673,3.3119218611549237,-20.39408594801515,-5.30644096143427,-5.2629794561702114e-14
170.27054017798903,6.671397407456211,3.3191155100930425,-20.317325000985505,-5.286891872773089,6.526094525651062e-14
170.42670214167623,6.628947310012387,3.326385344878956,-20.240288642956337,-5.267472371289353,-5.0524602779234026e-14
170.58264539742817,6.5857123319968345,3.3337327131606553,-20.162978579486868,-5.248183839627723,-7.368171238638296e-14
170.73836232937663,6.541665638508565,3.3411589625861295,-20.08539652008243,-5.229027641286129,-6.105056169157445e-14
170.89384530157128,6.4967804013796675,3.34866544080337,-20.007544178204462,-5.210005120415433,-3.368306851948935e-14
171.0490866586574,6.451029799022084,3.356253495460366,-19.929423271282264,-5.191117601619065,-1.7894130150978717e-14
171.20407872655045,6.4043870162734615,3.363924474205106,-19.85103552072661,-5.1723663897530185,-8.420767129872338e-15
171.35881381310807,6.356825244242291,3.3716797246855825,-19.772382651944945,-5.153752769726675,-1.0525958912340423e-14
171.5132842087973,6.308317680152399,3.379520594549785,-19.693466394358634,-5.135278006304854,2.947268495455318e-14
171.66748218735728,6.258837527186927,3.3874484314457014,-19.614288481421756,-5.11694334391152,4.8419410996765944e-14
171.82140000645597,6.208357994331959,3.3954645830213246,-19.53485065064183,-5.098750006435672,-6.420834936527658e-14
171.97502990834047,6.156852296219901,3.4035703969246427,-19.455154643602384,-5.080699197039725,-4.73668151055319e-14
172.12836412047946,6.1042936529727765,3.4117672208036467,-19.375202205987318,-5.0627920979709575,-5.894536990910637e-14
172.28139485619738,6.05065529004557,3.4200564023063267,-19.294995087607134,-5.04502987037639,-8.21024795162553e-14
172.43411431529893,5.995910438069801,3.4284392890806723,-19.214535042427144,-5.027413654121598,-5.0524602779234026e-14
172.58651468468307,5.940032332697471,3.436917228774674,-19.133823828597496,-5.0099445676139025,-4.9472006887999985e-14
172.73858813894526,5.882994214445532,3.44549156903632,-19.05286320848526,-4.99262370763036,1.6841534259744676e-14
172.8903268409674,5.824769328541102,3.4541636575136034,-18.971654948708416,-4.97545214915106,-4.315643154059573e-14
173.04172294249312,5.76533092476757,3.462934841854511,-18.890200820172044,-4.958430945198189,6.315575347404254e-14
173.1927685846889,5.704652257311775,3.471806469707036,-18.808502598106376,-4.94156112668123,-6.420834936527658e-14
173.343455898688,5.642706584612474,3.4807798887191663,-18.72656206210716,-4.92484370224889,-4.210383564936169e-15
173.4937770061175,5.579467169210287,3.4898564465388935,-18.644380996178175,-4.9082796581481105,5.578758223540424e-14
173.64372401960594,5.514907277599331,3.499037490814205,-18.561961188775914,-4.8918699580906395,1.6841534259744676e-14
173.79328904327093,5.4490001800807475,3.5083243691930925,-18.479304432856658,-4.875615543127672,-3.9998643866893604e-14
173.94246417318504,5.381719150618366,3.517718429323547,-18.396412525925857,-4.859517331532924,6.315575347404254e-14
174.09124149781843,5.313037466696703,3.527221018853557,-18.313287270089983,-4.84357621869467,-1.7894130150978717e-14
174.23961309845694,5.242928409181557,3.5368334854311136,-18.229930472110865,-4.827793077017131,2.8420089063319142e-14
174.3875710495939,5.171365262183448,3.5465571767042054,-18.14634394346265,-4.812168755831692,-7.368171238638296e-15
174.53510741929418,5.098321312924107,3.5563934403208246,-18.06252950039135,-4.796704081318375,-1.5788938368510635e-14
174.6822142695287,5.023769851606341,3.5663436239289594,-17.978488963977252,-4.781399856437996,-7.789209595131913e-14
174.8288836564779,4.947684171287478,3.5764090751766,-17.89422416020008,-4.766256860875459,8.420767129872338e-15
174.97510763080217,4.8700375677567225,3.5865911417117373,-17.809736920007122,-4.751275850994556,-2.1051917824680846e-14
175.1208782378777,4.790803339416657,3.5968911711823597,-17.72502907938446,-4.736457559804777,6.841873293021275e-14
175.26618751799552,4.709954787169203,3.6073105112364594,-17.6401024794312,-4.721802696940443,2.7367493172085098e-14
175.41102750652232,4.627465214306345,3.617850509522026,-17.55495896643714,-4.707311948652649,2.315710960714893e-14
175.5553902340206,4.543307926405916,3.6285125136870473,-17.46960039196369,-4.6929859778143665,-9.47336302110638e-15
175.69926772632644,4.457456231232759,3.6392978713795174,-17.384028612928276,-4.678825423939077,-5.789277401787233e-14
175.84265200458265,4.369883438645599,3.650207930247422,-17.298245491692498,-4.664830903213425,-1.3683746586042549e-14
175.98553508522522,4.280562860509957,3.661244037938754,-17.212252896153846,-4.651003008544066,9.262843842859572e-14
176.1279089799209,4.189467810617441,3.6724075421015026,-17.126052699841512,-4.637342309619292,-1.894672604221276e-14
176.26976569545343,4.0965716046117615,3.683699790383657,-17.039646782016096,-4.623849352985607,3.4735664410723393e-14
176.4110972335565,4.00184755992188,3.695122130433209,-16.953037027773565,-4.610524662139715,9.47336302110638e-15
176.55189559069055,3.9052689957025803,3.7066759098981463,-16.866225328153554,-4.597368737636177,2.1051917824680846e-14
176.69215275776156,3.806809232782911,3.7183624764264605,-16.779213580252176,-4.5843820572110845,3.684085619319148e-14
176.83186071977855,3.7064415936228756,3.7301831776661416,-16.69200368733953,-4.571565075922057,6.947132882144679e-14
176.9710114554479,3.6041394022787463,3.7421393612651794,-16.604597558982046,-4.55891822630486,-1.3683746586042549e-14
177.10959693670128,3.4998759843774367,3.7542323748715645,-16.516997111169918,-4.5464419185469325,3.263047262825531e-14
177.2476091281551,3.3936246671003385,3.766463566133286,-16.429204266449762,-4.5341365406780465,-2.4209705498382972e-14
177.3850399864977,3.285358779177087,3.778834282698334,-16.341220954062727,-4.522002458778455,-2.1051917824680845e-15
177.5218814598025,3.1750516508896567,3.7913458722146993,-16.25304911008828,-4.510040017204666,-5.157719867046807e-14
177.65812548676314,3.0626766140872728,3.8039996823303706,-16.16469067759385,-4.498249538833132,-3.210417468263829e-14
177.79376399584834,2.948207002212579,3.8167970606933395,-16.07614760679057,-4.486631325322066,5.631388018102126e-14
177.92878890437285,2.8316161503395865,3.8297393549515952,-15.987421855195445,-4.475185657391574,3.8946047975659563e-14
178.06319211748135,2.71287739522385,3.842827912753128,-15.898515387800005,-4.463912795122297,5.105090072485105e-14
178.19696552704218,2.591964075365379,3.8560640817459277,-15.809430177245902,-4.452812978272731,-2.5262301389617013e-14
178.33010101044735,2.468849531084843,3.8694492095779838,-15.720168204007603,-4.441886426615395,1.9999321933446802e-14
178.4625904293153,2.3435071046135496,3.882984643897288,-15.630731456582435,-4.431133340291971,6.262945552842552e-14
178.59442562809272,2.2159101401977925,3.8966717323518285,-15.541121931688444,-4.420553900187551,1.0052290761285104e-13
178.725598432552,2.086031984218072,3.910511822589597,-15.451341634470163,-4.410148268324125,-1.894672604221276e-14
178.85610064818013,1.953845985323824,3.924506262258582,-15.361392578712739,-4.399916588273371,6.47346473108936e-14
