galstreams/tracks/track.st.Gaia-6.ibata2024.ecsv
# %ECSV 1.0
# ---
# datatype:
# - {name: ra, unit: deg, datatype: float64}
# - {name: dec, unit: deg, datatype: float64}
# - {name: distance, unit: kpc, datatype: float64}
# - {name: pm_ra_cosdec, unit: mas / yr, datatype: float64}
# - {name: pm_dec, unit: mas / yr, datatype: float64}
# - {name: radial_velocity, unit: km / s, datatype: float64}
# delimiter: ','
# meta: !!omap
# - __serialized_columns__:
#     dec:
#       __class__: astropy.coordinates.angles.Latitude
#       unit: &id001 !astropy.units.Unit {unit: deg}
#       value: !astropy.table.SerializedColumn {name: dec}
#     distance:
#       __class__: astropy.coordinates.distances.Distance
#       unit: !astropy.units.Unit {unit: kpc}
#       value: !astropy.table.SerializedColumn {name: distance}
#     pm_dec:
#       __class__: astropy.units.quantity.Quantity
#       unit: !astropy.units.Unit {unit: mas / yr}
#       value: !astropy.table.SerializedColumn {name: pm_dec}
#     pm_ra_cosdec:
#       __class__: astropy.units.quantity.Quantity
#       unit: !astropy.units.Unit {unit: mas / yr}
#       value: !astropy.table.SerializedColumn {name: pm_ra_cosdec}
#     ra:
#       __class__: astropy.coordinates.angles.Longitude
#       unit: *id001
#       value: !astropy.table.SerializedColumn {name: ra}
#       wrap_angle: !astropy.coordinates.Angle
#         unit: *id001
#         value: 360.0
#     radial_velocity:
#       __class__: astropy.units.quantity.Quantity
#       unit: !astropy.units.Unit {unit: km / s}
#       value: !astropy.table.SerializedColumn {name: radial_velocity}
# schema: astropy-2.0
ra,dec,distance,pm_ra_cosdec,pm_dec,radial_velocity
[from data line 1708]
220.42085012904698,36.6065791778282,1.0000000000000007,-7.777948804585421,-6.3090980841243685,-306.1060258107236
220.43079463148229,36.61265682258838,1.0000000000000007,-7.777018931539796,-6.306428561378723,-306.0360561606942
220.4407387022622,36.618736234083,1.0000000000000007,-7.776087684353463,-6.303757746737858,-305.9653258205398
220.45068233917578,36.624817416530206,1.0000000000000007,-7.775155060369293,-6.301085638806228,-305.8938333510406
220.46062554001358,36.630900374149036,1.0000000000000007,-7.774221056929591,-6.298412236189218,-305.8215773129769
220.47056830256764,36.63698511115947,1.0000000000000007,-7.773285671376172,-6.295737537493075,-305.74855626712895
220.4805106246314,36.64307163178247,1.0000000000000009,-7.772348901050403,-6.293061541324832,-305.6747687742769
220.49045250399965,36.64915994023989,1.0000000000000004,-7.7714107432931705,-6.290384246292483,-305.60021339520114
220.50039393846887,36.65525004075459,1.0000000000000007,-7.77047119544476,-6.28770565100476,-305.52488869068173
220.51033492583676,36.661341937550276,1.0000000000000007,-7.769530254845115,-6.285025754071377,-305.4487932214989
220.5202754639026,36.66743563485169,1.0000000000000007,-7.7685879188335925,-6.282344554102828,-305.3719255484332
220.53021555046715,36.673531136884456,1.0000000000000007,-7.767644184749056,-6.279662049710474,-305.2942842322645
220.5401551833325,36.67962844787517,1.0000000000000004,-7.766699049929969,-6.2769782395065405,-305.21586783377325
220.55009436030224,36.685727572051306,1.0000000000000007,-7.765752511714211,-6.274293122104158,-305.13667491373985
220.56003307918144,36.691828513641376,1.0000000000000007,-7.764804567439221,-6.271606696117228,-305.05670403294414
220.56997133777662,36.69793127687472,1.0000000000000007,-7.763855214441939,-6.268918960160594,-304.9759537521666
220.57990913389574,36.704035865981716,1.0000000000000007,-7.762904450058848,-6.266229912849873,-304.8944226321875
220.58984646534822,36.71014228519361,1.0000000000000007,-7.761952271625894,-6.263539552801632,-304.81210923378694
220.59978332994496,36.71625053874263,1.0000000000000007,-7.7609986764785575,-6.260847878633207,-304.7290121177453
220.60971972549822,36.72236063086188,1.0000000000000007,-7.760043661951851,-6.258154888962871,-304.64512984484287
220.61965564982182,36.72847256578548,1.0000000000000007,-7.759087225380291,-6.255460582409675,-304.5604609758596
220.629591100731,36.734586347748426,1.0000000000000007,-7.758129364097925,-6.2527649575936195,-304.47500407157605
220.63952607604242,36.740701980986664,1.0000000000000007,-7.7571700754382995,-6.250068013135497,-304.38875769277223
220.64946057357423,36.74681946973709,1.0000000000000007,-7.7562093567344625,-6.247369747656954,-304.3017204002286
220.65939459114605,36.75293881823753,1.0000000000000007,-7.7552472053190264,-6.244670159780515,-304.21389075472524
220.6693281265789,36.75906003072675,1.0000000000000007,-7.7542836185240915,-6.241969248129564,-304.1252673170424
220.6792611776953,36.765183111444415,1.0000000000000007,-7.753318593681282,-6.239267011328334,-304.0358486479605
220.68919374231928,36.771308064631164,1.0000000000000007,-7.752352128121725,-6.2365634480019345,-303.9456333082596
220.6991258182762,36.777434894528554,1.0000000000000007,-7.751384219176092,-6.233858556776298,-303.8546198587199
220.70905740339293,36.78356360537907,1.0000000000000007,-7.750414864174612,-6.231152336278242,-303.7628068601218
220.71898849549785,36.78969420142615,1.0000000000000007,-7.749444060446933,-6.228444785135409,-303.67019287324547
220.7289190924207,36.79582668691413,1.0000000000000007,-7.7484718053223105,-6.2257359019763285,-303.5767764588712
220.73884919199278,36.80196106608831,1.0000000000000009,-7.747498096129515,-6.223025685430393,-303.4825561777792
220.74877879204683,36.80809734319491,1.0000000000000007,-7.7465229301967895,-6.220314134127804,-303.3875305907497
220.75870789041693,36.81423552248107,1.0000000000000007,-7.745546304851949,-6.217601246699665,-303.2916982585628
220.76863648493878,36.82037560819489,1.0000000000000007,-7.7445682174222945,-6.214887021777898,-303.1950577419991
220.77856457344942,36.826517604585355,1.0000000000000007,-7.743588665234718,-6.212171457995346,-303.0976076018385
220.7884921537874,36.83266151590244,1.0000000000000007,-7.742607645615543,-6.2094545539856085,-302.9993463988614
220.79841922379273,36.83880734639698,1.0000000000000007,-7.741625155890702,-6.206736308383235,-302.90027269384814
220.80834578130688,36.8449551003208,1.0000000000000007,-7.740641193385628,-6.204016719823585,-302.8003850475787
220.81827182417274,36.85110478192662,1.0000000000000007,-7.739655755425247,-6.201295786942872,-302.6996820208335
220.82819735023475,36.857256395468106,1.0000000000000007,-7.738668839334043,-6.198573508378161,-302.59816217439277
220.8381223573387,36.863409945199834,1.0000000000000007,-7.7376804424360195,-6.195849882767405,-302.4958240690367
220.8480468433319,36.86956543537731,1.0000000000000007,-7.7366905620547435,-6.193124908749361,-302.3926662655456
220.8579708060631,36.87572287025701,1.0000000000000007,-7.73569919551327,-6.190398584963695,-302.28868732469965
220.86789424338255,36.88188225409626,1.0000000000000007,-7.734706340134171,-6.18767091005089,-302.183885807279
220.87781715314193,36.888043591153384,1.0000000000000007,-7.733711993239574,-6.184941882652289,-302.07826027406423
220.88773953319435,36.89420688568759,1.0000000000000007,-7.7327161521511485,-6.182211501410123,-301.9718092858352
220.89766138139444,36.900372141959025,1.0000000000000007,-7.731718814190103,-6.179479764967432,-301.8645314033723
220.90758269559825,36.90653936422876,1.0000000000000007,-7.730719976677136,-6.176746671968118,-301.756425187456
220.91750347366332,36.9127085567588,1.0000000000000007,-7.729719636932515,-6.174012221056955,-301.6474891988662
220.92742371344863,36.91887972381205,1.0000000000000004,-7.728717792276008,-6.171276410879582,-301.5377219983831
220.9373434128146,36.92505286965237,1.0000000000000007,-7.727714440026936,-6.1685392400824455,-301.4271221467873
220.9472625696232,36.93122799854453,1.0000000000000007,-7.726709577504181,-6.165800707312886,-301.3156882048589
220.95718118173778,36.9374051147542,1.0000000000000004,-7.725703202026114,-6.163060811219104,-301.203418733378
220.96709924702319,36.943584222548026,1.0000000000000007,-7.724695310910651,-6.1603195504501045,-301.0903122931249
220.9770167633457,36.94976532619353,1.0000000000000007,-7.72368590147525,-6.157576923655796,-300.97636744488
220.98693372857304,36.95594842995917,1.0000000000000009,-7.722674971036948,-6.15483292948689,-300.86158274942335
220.9968501405745,36.962133538114344,1.0000000000000007,-7.721662516912247,-6.152087566595014,-300.7459567675353
221.00676599722078,36.968320654929336,1.0000000000000007,-7.720648536417222,-6.1493408336326,-300.6294880599961
221.01668129638398,36.97450978467538,1.0000000000000007,-7.719633026867495,-6.1465927292529585,-300.51217518758585
221.02659603593773,36.98070093162463,1.0000000000000004,-7.7186159855782,-6.143843252110216,-300.39401671108516
221.0365102137571,36.986894100050144,1.0000000000000007,-7.717597409864059,-6.1410924008593994,-300.27501119127373
221.04642382771866,36.99308929422589,1.0000000000000007,-7.7165772970392545,-6.138340174156355,-300.1551571889322
221.0563368757004,36.9992865184268,1.0000000000000007,-7.715555644417595,-6.135586570657807,-300.0344532648406
221.0662493555818,37.00548577692868,1.0000000000000007,-7.714532449312369,-6.132831589021308,-299.91289797977925
221.07616126524374,37.011687074008286,1.0000000000000007,-7.713507709036456,-6.130075227905266,-299.7904898945286
221.08607260256866,37.01789041394326,1.0000000000000007,-7.712481420902247,-6.1273174859689306,-299.6672275698686
221.09598336544042,37.0240958010122,1.0000000000000007,-7.711453582221676,-6.124558361872449,-299.5431095665795
221.1058935517444,37.030303239494586,1.0000000000000007,-7.710424190306181,-6.121797854276771,-299.41813444544175
221.1158031593673,37.03651273367083,1.0000000000000007,-7.709393242466849,-6.119035961843721,-299.29230076723553
221.1257121861974,37.04272428782228,1.0000000000000004,-7.708360736014253,-6.116272683235962,-299.1656070927409
221.13562063012446,37.04893790623116,1.0000000000000007,-7.707326668258478,-6.1135080171170095,-299.03805198273835
221.1455284890397,37.05515359318064,1.0000000000000004,-7.706291036509182,-6.110741962151252,-298.9096339980079
221.15543576083564,37.061371352954794,1.0000000000000009,-7.7052538380755955,-6.107974517003896,-298.78035169933
221.1653424434065,37.06759118983861,1.0000000000000007,-7.7042150702664784,-6.105205680341015,-298.65020364748483
221.1752485346479,37.073813108118,1.0000000000000007,-7.70317473039011,-6.102435450829532,-298.5191884032525
221.18515403245675,37.08003711207977,1.0000000000000007,-7.702132815754371,-6.0996638271372206,-298.38730452741333
221.19505893473166,37.08626320601167,1.0000000000000007,-7.7010893236666575,-6.096890807932713,-298.25455058074755
221.20496323937263,37.09249139420235,1.0000000000000007,-7.70004425143388,-6.0941163918854535,-298.1209251240355
221.21486694428108,37.09872168094133,1.0000000000000007,-7.698997596362577,-6.091340577665797,-297.9864267180573
221.2247700473599,37.104954070519135,1.0000000000000007,-7.697949355758784,-6.088563363944893,-297.8510539235935
221.23467254651348,37.11118856722711,1.0000000000000007,-7.696899526928135,-6.085784749394762,-297.71480530142384
221.24457443964764,37.11742517535755,1.0000000000000009,-7.695848107175756,-6.083004732688295,-297.5776794123289
221.25447572466976,37.12366389920369,1.0000000000000004,-7.694795093806345,-6.080223312499157,-297.43967481708876
221.26437639948855,37.12990474305962,1.0000000000000007,-7.69374048412417,-6.077440487501974,-297.30079007648385
221.2742764620143,37.13614771122037,1.0000000000000007,-7.692684275433059,-6.074656256372137,-297.16102375129424
221.28417591015872,37.142392807981885,1.0000000000000007,-7.691626465036357,-6.071870617785908,-297.02037440230026
221.29407474183495,37.148640037641016,1.0000000000000007,-7.690567050237011,-6.069083570420396,-296.8788405902821
221.3039729549577,37.1548894044955,1.0000000000000007,-7.689506028337441,-6.066295112953561,-296.7364208760201
221.31387054744297,37.16114091284401,1.0000000000000007,-7.688443396639755,-6.063505244064231,-296.59311382029426
221.32376751720847,37.167394566986104,1.0000000000000004,-7.687379152445512,-6.060713962432054,-296.4489179838851
221.33366386217313,37.17365037122229,1.0000000000000007,-7.686313293055839,-6.057921266737502,-296.3038319275727
221.34355958025756,37.179908329853944,1.0000000000000007,-7.685245815771442,-6.055127155661939,-296.1578542121375
221.35345466938367,37.18616844718334,1.0000000000000004,-7.684176717892623,-6.05233162788759,-296.0109833983595
221.36334912747495,37.19243072751369,1.0000000000000007,-7.683105996719146,-6.049534682097473,-295.86321804701913
221.37324295245634,37.1986951751491,1.0000000000000009,-7.682033649550423,-6.046736316975487,-295.7145567188964
221.3831361422541,37.20496179439459,1.0000000000000007,-7.680959673685422,-6.043936531206363,-295.56499797477187
221.3930286947962,37.21123058955606,1.0000000000000007,-7.6798840664225985,-6.0411353234757,-295.41454037542553
221.40292060801193,37.21750156494034,1.0000000000000004,-7.6788068250600325,-6.038332692469908,-295.26318248163767
221.41281187983205,37.22377472485517,1.0000000000000007,-7.6777279468953274,-6.035528636876265,-295.1109228541886
221.42270250818882,37.23005007360913,1.0000000000000007,-7.676647429225724,-6.032723155382932,-294.9577600538585
221.43259249101595,37.236327615511804,1.0000000000000007,-7.675565269347924,-6.0299162466788125,-294.8036926414277
221.44248182624867,37.24260735487361,1.0000000000000007,-7.674481464558255,-6.027107909453772,-294.64871917767636
221.45237051182357,37.24888929600588,1.0000000000000004,-7.673396012152608,-6.024298142398436,-294.49283822338475
221.46225854567885,37.255173443220855,1.0000000000000007,-7.672308909426405,-6.021486944204327,-294.3360483393331
221.47214592575403,37.26145980083167,1.0000000000000004,-7.671220153674675,-6.018674313563778,-294.17834808630175
221.4820326499902,37.267748373152386,1.0000000000000007,-7.670129742191968,-6.015860249169997,-294.01973602507087
221.49191871632988,37.27403916449793,1.0000000000000007,-7.669037672272438,-6.013044749717032,-293.8602107164205
221.50180412271706,37.28033217918414,1.0000000000000007,-7.66794394120981,-6.010227813899718,-293.6997707211312
221.5116888670972,37.28662742152778,1.0000000000000007,-7.666848546297345,-6.007409440413824,-293.53841459998296
221.52157294741727,37.292924895846475,1.0000000000000007,-7.665751484827894,-6.004589627955905,-293.37614091375633
221.53145636162563,37.29922460645878,1.0000000000000007,-7.664652754093844,-6.001768375223357,-293.21294822323125
221.54133910767212,37.30552655768412,1.0000000000000007,-7.663552351387228,-5.998945680914467,-293.0488350891881
221.55122118350812,37.31183075384284,1.0000000000000007,-7.662450273999571,-5.996121543728307,-292.8838000724071
221.5611025870864,37.318137199256185,1.0000000000000007,-7.661346519222011,-5.993295962364847,-292.7178417336684
221.57098331636126,37.324445898246275,1.0000000000000007,-7.660241084345206,-5.990468935524838,-292.55095863375266
221.58086336928838,37.33075685513613,1.0000000000000009,-7.659133966659482,-5.98764046190994,-292.3831493334396
221.59074274382505,37.33707007424968,1.0000000000000007,-7.658025163454653,-5.984810540222611,-292.2144123935095
221.60062143792985,37.34338555991178,1.0000000000000004,-7.656914672020147,-5.981979169166163,-292.044746374743
221.610499449563,37.34970331644811,1.0000000000000007,-7.65580248964493,-5.979146347444729,-291.87414983792
221.62037677668604,37.35602334818529,1.0000000000000007,-7.654688613617598,-5.976312073763342,-291.702621343821
221.63025341726208,37.362345659450824,1.0000000000000007,-7.65357304122627,-5.973476346827809,-291.53015945322596
221.6401293692557,37.36867025457311,1.0000000000000007,-7.652455769758657,-5.970639165344828,-291.35676272691524
221.65000463063288,37.37499713788144,1.0000000000000007,-7.651336796502061,-5.967800528021932,-291.1824297256692
221.65987919936103,37.381326313706026,1.0000000000000007,-7.650216118743366,-5.964960433567427,-291.00715901026774
221.66975307340923,37.387657786377915,1.0000000000000007,-7.649093733768982,-5.962118880690561,-290.83094914149166
221.6796262507478,37.39399156022908,1.0000000000000007,-7.647969638864982,-5.959275868101379,-290.65379868012064
221.68949872934863,37.4003276395924,1.0000000000000007,-7.646843831316932,-5.956431394510741,-290.4757061869353
221.69937050718508,37.406666028801624,1.0000000000000007,-7.6457163084100515,-5.953585458630382,-290.29667022271565
221.70924158223198,37.4130067321914,1.0000000000000007,-7.64458706742905,-5.950738059172835,-290.11668934824223
221.71911195246565,37.419349754097254,1.0000000000000004,-7.643456105658316,-5.947889194851527,-289.93576212429497
221.72898161586377,37.425695098855606,1.0000000000000007,-7.642323420381771,-5.945038864380699,-289.7538871116543
221.7388505704056,37.43204277080379,1.0000000000000004,-7.641189008882929,-5.942187066475434,-289.5710628711003
221.7487188140718,37.43839277427999,1.0000000000000007,-7.640052868444876,-5.939333799851628,-289.3872879634133
221.75858634484456,37.4447451136233,1.0000000000000007,-7.638914996350273,-5.936479063226059,-289.20256094937366
221.76845316070745,37.451099793173704,1.0000000000000004,-7.637775389881394,-5.933622855316326,-289.0168803897613
221.77831925964563,37.457456817272075,1.0000000000000007,-7.63663404632009,-5.930765174840829,-288.8302448453568
221.7881846396456,37.463816190260175,1.0000000000000007,-7.635490962947774,-5.927906020518854,-288.6426528769403
221.79804929869545,37.4701779164806,1.0000000000000007,-7.634346137045458,-5.925045391070533,-288.4541030452921
