galstreams/tracks/track.st.Cetus.yam2013.ecsv
# %ECSV 1.0
# ---
# datatype:
# - {name: ra, unit: deg, datatype: float64}
# - {name: dec, unit: deg, datatype: float64}
# - {name: distance, unit: kpc, datatype: float64}
# - {name: pm_ra_cosdec, unit: mas / yr, datatype: float64}
# - {name: pm_dec, unit: mas / yr, datatype: float64}
# - {name: radial_velocity, unit: km / s, datatype: float64}
# delimiter: ','
# meta: !!omap
# - __serialized_columns__:
#     dec:
#       __class__: astropy.coordinates.angles.Latitude
#       unit: &id001 !astropy.units.Unit {unit: deg}
#       value: !astropy.table.SerializedColumn {name: dec}
#     distance:
#       __class__: astropy.coordinates.distances.Distance
#       unit: !astropy.units.Unit {unit: kpc}
#       value: !astropy.table.SerializedColumn {name: distance}
#     pm_dec:
#       __class__: astropy.units.quantity.Quantity
#       unit: !astropy.units.Unit {unit: mas / yr}
#       value: !astropy.table.SerializedColumn {name: pm_dec}
#     pm_ra_cosdec:
#       __class__: astropy.units.quantity.Quantity
#       unit: !astropy.units.Unit {unit: mas / yr}
#       value: !astropy.table.SerializedColumn {name: pm_ra_cosdec}
#     ra:
#       __class__: astropy.coordinates.angles.Longitude
#       unit: *id001
#       value: !astropy.table.SerializedColumn {name: ra}
#       wrap_angle: !astropy.coordinates.Angle
#         unit: *id001
#         value: 360.0
#     radial_velocity:
#       __class__: astropy.units.quantity.Quantity
#       unit: !astropy.units.Unit {unit: km / s}
#       value: !astropy.table.SerializedColumn {name: radial_velocity}
# schema: astropy-2.0
ra,dec,distance,pm_ra_cosdec,pm_dec,radial_velocity
[from data line 527]
21.898977985461254,0.8054394233677526,28.878557486346175,-1.6653345369377348e-16,-4.891920202254596e-16,-101.93911207517017
21.902680660967587,0.8147344651133371,28.881151313619362,-2.7755575615628914e-16,-4.475586568020162e-16,-101.96721198333732
21.90638375600313,0.8240293302348278,28.88374299549523,-2.7755575615628914e-16,-5.0133508455729725e-16,-101.99530708810155
21.910087270476414,0.8333240188157286,28.886332533457463,-2.220446049250313e-16,-4.631711680858075e-16,-102.02339738892265
21.913791204296025,0.8426185309395177,28.88891992898979,-1.1102230246251565e-16,-4.614364446098307e-16,-102.05148288526033
21.9174955573706,0.8519128666896542,28.89150518357591,-1.1102230246251565e-16,-4.891920202254596e-16,-102.07956357657442
21.92120032960884,0.8612070261495731,28.89408829869954,-1.6653345369377348e-16,-4.666406150377611e-16,-102.10763946232464
21.924905520919467,0.8705010094026384,28.896669275844378,-2.7755575615628914e-16,-4.683753385137379e-16,-102.13571054197084
21.928611131211337,0.8797948165323364,28.89924811649413,-2.7755575615628914e-16,-4.440892098500626e-16,-102.16377681497273
21.93231716039329,0.8890884476219877,28.90182482213253,-3.3306690738754696e-16,-4.544975507059235e-16,-102.19183828079015
21.93602360837423,0.8983819027549356,28.904399394243253,-1.6653345369377348e-16,-4.562322741819003e-16,-102.21989493888287
21.93973047506313,0.9076751820144993,28.906971834310028,-2.220446049250313e-16,-4.805184028455756e-16,-102.24794678871064
21.94343776036901,0.9169682854839863,28.909542143816562,-2.220446049250313e-16,-4.85722573273506e-16,-102.27599382973317
21.947145464200947,0.926261213246664,28.91211032424656,-1.6653345369377348e-16,-4.631711680858075e-16,-102.30403606141034
21.95085358646806,0.9355539653857456,28.914676377083723,-1.1102230246251565e-16,-4.40619762898109e-16,-102.3320734832019
21.954562127079555,0.9448465419845554,28.917240303811784,-2.220446049250313e-16,-4.85722573273506e-16,-102.3601060945676
21.958271085944673,0.9541389431262635,28.919802105914425,-1.6653345369377348e-16,-4.909267437014364e-16,-102.38813389496724
21.961980462972686,0.9634311688940477,28.92236178487537,-2.220446049250313e-16,-5.0133508455729725e-16,-102.41615688386061
21.96569025807296,0.97272321937108,28.924919342178317,-1.6653345369377348e-16,-4.996003610813204e-16,-102.44417506070744
21.96940047115489,0.9820150946405007,28.92747477930699,-2.7755575615628914e-16,-4.753142324176451e-16,-102.47218842496753
21.973111102127934,0.9913067947854282,28.93002809774508,-2.220446049250313e-16,-4.649058915617843e-16,-102.50019697610065
21.976822150901576,1.0005983198889117,28.9325792989763,-2.220446049250313e-16,-4.666406150377611e-16,-102.5282007135666
21.980533617385415,1.009889670034125,28.935128384484372,-2.7755575615628914e-16,-4.666406150377611e-16,-102.55619963682514
21.984245501489074,1.019180845304078,28.937675355752994,-2.220446049250313e-16,-4.562322741819003e-16,-102.58419374533604
21.9879578031222,1.0284718457817905,28.940220214265874,-2.7755575615628914e-16,-4.996003610813204e-16,-102.61218303855908
21.991670522194525,1.0377626715502781,28.94276296150672,-1.6653345369377348e-16,-4.631711680858075e-16,-102.64016751595403
21.995383658615832,1.0470533226925243,28.945303598959253,-2.220446049250313e-16,-4.874572967494828e-16,-102.66814717698071
21.999097212295947,1.0563437992914952,28.94784212810717,-2.7755575615628914e-16,-4.909267437014364e-16,-102.69612202109883
22.002811183144747,1.0656341014300783,28.950378550434174,-2.7755575615628914e-16,-4.649058915617843e-16,-102.72409204776822
22.006525571072206,1.0749242291913002,28.952912867423983,-2.220446049250313e-16,-4.631711680858075e-16,-102.75205725644861
22.01024037598831,1.0842141826579994,28.955445080560306,-1.6653345369377348e-16,-4.701100619897147e-16,-102.78001764659979
22.013955597803093,1.0935039619130544,28.957975191326845,-1.6653345369377348e-16,-4.874572967494828e-16,-102.80797321768156
22.01767123642667,1.1027935670393207,28.960503201207324,-1.1102230246251565e-16,-4.77048955893622e-16,-102.83592396915371
22.021387291769184,1.1120829981196239,28.963029111685437,-2.220446049250313e-16,-4.562322741819003e-16,-102.86386990047596
22.02510376374085,1.1213722552367704,28.965552924244896,-2.7755575615628914e-16,-4.996003610813204e-16,-102.89181101110812
22.02882065225192,1.1306613384734978,28.96807464036941,-2.220446049250313e-16,-4.961309141293668e-16,-102.91974730050998
22.032537957212742,1.1399502479126753,28.97059426154268,-2.220446049250313e-16,-4.926614671774132e-16,-102.94767876814127
22.03625567853367,1.1492389836369878,28.97311178924843,-2.220446049250313e-16,-4.926614671774132e-16,-102.97560541346178
22.039973816125126,1.158527545729158,28.97562722497036,-2.7755575615628914e-16,-5.134781488891349e-16,-103.00352723593133
22.043692369897588,1.1678159342718828,28.97814057019218,-2.220446049250313e-16,-4.822531263215524e-16,-103.03144423500967
22.047411339761585,1.177104149347833,28.9806518263976,-2.220446049250313e-16,-4.614364446098307e-16,-103.05935641015652
22.05113072562771,1.1863921910396658,28.98316099507032,-1.6653345369377348e-16,-4.978656376053436e-16,-103.08726376083177
22.054850527406565,1.1956800594299553,28.98566807769407,-2.220446049250313e-16,-5.134781488891349e-16,-103.11516628649512
22.058570745008893,1.2049677546014217,28.988173075752535,-2.220446049250313e-16,-5.065392549852277e-16,-103.14306398660634
22.06229137834542,1.2142552766365953,28.990675990729436,-2.7755575615628914e-16,-4.683753385137379e-16,-103.1709568606252
22.06601242732694,1.2235426256180402,28.99317682410847,-2.7755575615628914e-16,-4.718447854656915e-16,-103.19884490801152
22.069733891864306,1.2328298016282981,28.99567557737337,-2.220446049250313e-16,-4.787836793695988e-16,-103.22672812822515
22.073455771868424,1.242116804749892,28.99817225200782,-1.1102230246251565e-16,-4.475586568020162e-16,-103.25460652072566
22.07717806725024,1.2514036350653164,29.000666849495538,-1.6653345369377348e-16,-4.85722573273506e-16,-103.28248008497303
22.08090077792076,1.2606902926569998,29.00315937132023,-1.6653345369377348e-16,-4.718447854656915e-16,-103.31034882042687
22.08462390379108,1.269976777607497,29.005649818965615,-1.6653345369377348e-16,-4.510281037539698e-16,-103.33821272654707
22.088347444772293,1.2792630899991884,29.00813819391539,-2.7755575615628914e-16,-4.926614671774132e-16,-103.36607180279336
22.092071400775584,1.2885492299144887,29.010624497653264,-2.7755575615628914e-16,-5.204170427930421e-16,-103.39392604862556
22.09579577171217,1.2978351974357851,29.01310873166295,-1.1102230246251565e-16,-4.753142324176451e-16,-103.4217754635034
22.099520557493314,1.3071209926454428,29.01559089742816,-2.220446049250313e-16,-4.544975507059235e-16,-103.44962004688665
22.10324575803036,1.3164066156258007,29.018070996432595,-1.6653345369377348e-16,-4.787836793695988e-16,-103.47745979823509
22.106971373234696,1.3256920664591902,29.020549030159966,-1.6653345369377348e-16,-5.238864897449957e-16,-103.50529471700857
22.110697403017717,1.334977345227859,29.023025000093984,-2.7755575615628914e-16,-4.579669976578771e-16,-103.53312480266672
22.114423847290972,1.3442624520141824,29.025498907718355,-1.6653345369377348e-16,-4.961309141293668e-16,-103.56095005466946
22.118150705965974,1.3535473869003753,29.027970754516797,-1.6653345369377348e-16,-4.85722573273506e-16,-103.58877047247654
22.121877978954313,1.3628321499686635,29.030440541973004,-2.220446049250313e-16,-4.926614671774132e-16,-103.61658605554769
22.12560566616764,1.3721167413012691,29.032908271570687,-2.220446049250313e-16,-4.787836793695988e-16,-103.64439680334266
22.129333767517654,1.3814011609803765,29.03537394479357,-2.220446049250313e-16,-4.718447854656915e-16,-103.67220271532126
22.133062282916104,1.3906854090881566,29.03783756312534,-2.7755575615628914e-16,-4.85722573273506e-16,-103.70000379094334
22.136791212274787,1.3999694857067067,29.04029912804972,-2.220446049250313e-16,-4.961309141293668e-16,-103.72780002966859
22.14052055550559,1.4092533909182574,29.042758641050412,-2.7755575615628914e-16,-4.85722573273506e-16,-103.7555914309568
22.144250312520413,1.4185371248048575,29.045216103611136,-2.220446049250313e-16,-5.238864897449957e-16,-103.78337799426772
22.147980483231205,1.4278206874485933,29.04767151721559,-3.3306690738754696e-16,-4.891920202254596e-16,-103.81115971906122
22.151711067549993,1.4371040789315228,29.050124883347483,-2.7755575615628914e-16,-4.822531263215524e-16,-103.83893660479697
22.15544206538885,1.446387299335685,29.052576203490528,-2.7755575615628914e-16,-5.065392549852277e-16,-103.86670865093484
22.159173476659888,1.455670348743099,29.055025479128425,-1.1102230246251565e-16,-4.787836793695988e-16,-103.89447585693449
22.162905301275263,1.464953227235704,29.057472711744893,-1.6653345369377348e-16,-4.996003610813204e-16,-103.92223822225587
22.16663753914724,1.4742359348955831,29.059917902823635,-2.7755575615628914e-16,-4.649058915617843e-16,-103.9499957463586
22.170370190188077,1.4835184718046297,29.062361053848363,-2.7755575615628914e-16,-4.996003610813204e-16,-103.97774842870247
22.174103254310122,1.4928008380447788,29.064802166302783,-1.6653345369377348e-16,-4.996003610813204e-16,-104.00549626874734
22.177836731425735,1.5020830336979434,29.067241241670608,-2.220446049250313e-16,-4.753142324176451e-16,-104.0332392659529
22.18157062144736,1.5113650588459981,29.06967828143553,-1.6653345369377348e-16,-4.891920202254596e-16,-104.060977419779
22.185304924287493,1.5206469135708203,29.07211328708129,-1.6653345369377348e-16,-4.649058915617843e-16,-104.08871072968535
22.189039639858642,1.5299285979541943,29.074546260091566,-1.6653345369377348e-16,-4.961309141293668e-16,-104.11643919513179
22.192774768073456,1.5392101120780508,29.076977201950083,-1.1102230246251565e-16,-5.030698080332741e-16,-104.14416281557808
22.19651030884455,1.5484914560241336,29.079406114140532,-1.6653345369377348e-16,-4.926614671774132e-16,-104.17188159048389
22.200246262084626,1.557772629874226,29.081832998146645,-2.220446049250313e-16,-4.891920202254596e-16,-104.19959551930917
22.203982627706427,1.5670536337100818,29.08425785545213,-2.220446049250313e-16,-4.996003610813204e-16,-104.22730460151364
22.20771940562276,1.5763344676134416,29.086680687540678,-2.7755575615628914e-16,-4.579669976578771e-16,-104.25500883655698
22.211456595746483,1.585615131666017,29.089101495896,-2.220446049250313e-16,-4.649058915617843e-16,-104.28270822389908
22.215194197990474,1.5948956259494413,29.091520282001817,-1.6653345369377348e-16,-5.065392549852277e-16,-104.31040276299966
22.218932212267745,1.6041759505455022,29.093937047341818,-2.220446049250313e-16,-4.926614671774132e-16,-104.33809245331845
22.222670638491266,1.6134561055357908,29.096351793399734,-3.3306690738754696e-16,-5.065392549852277e-16,-104.36577729431535
22.226409476574123,1.6227360910019382,29.098764521659273,-2.220446049250313e-16,-4.822531263215524e-16,-104.39345728545007
22.230148726429412,1.6320159070255456,29.101175233604117,-2.220446049250313e-16,-4.961309141293668e-16,-104.42113242618238
22.233888387970307,1.641295553688206,29.103583930718003,-2.220446049250313e-16,-4.753142324176451e-16,-104.44880271597205
22.237628461110027,1.6505750310714757,29.105990614484625,-1.6653345369377348e-16,-5.030698080332741e-16,-104.4764681542789
22.241368945761824,1.6598543392568552,29.1083952863877,-1.1102230246251565e-16,-4.753142324176451e-16,-104.50412874056269
22.245109841839056,1.6691334783259566,29.110797947910935,-2.220446049250313e-16,-4.996003610813204e-16,-104.5317844742831
22.24885114925508,1.6784124483602343,29.113198600538027,-2.220446049250313e-16,-5.030698080332741e-16,-104.55943535490007
22.252592867923326,1.6876912494411693,29.1155972457527,-1.6653345369377348e-16,-4.753142324176451e-16,-104.58708138187323
22.256334997757268,1.696969881650217,29.117993885038654,-1.6653345369377348e-16,-4.753142324176451e-16,-104.61472255466245
22.260077538670433,1.706248345068809,29.120388519879604,-2.220446049250313e-16,-5.030698080332741e-16,-104.64235887272751
22.26382049057641,1.7155266397783606,29.12278115175924,-2.220446049250313e-16,-4.718447854656915e-16,-104.6699903355281
22.2675638533888,1.724804765860213,29.1251717821613,-2.220446049250313e-16,-4.579669976578771e-16,-104.69761694252408
22.271307627021343,1.7340827233958462,29.127560412569476,-2.220446049250313e-16,-4.787836793695988e-16,-104.7252386931752
22.275051811387748,1.7433605124665486,29.129947044467478,-2.7755575615628914e-16,-5.030698080332741e-16,-104.7528555869412
22.2787964064018,1.7526381331536593,29.132331679339014,-2.220446049250313e-16,-4.85722573273506e-16,-104.78046762328194
22.28254141197735,1.7619155855384796,29.134714318667793,-2.220446049250313e-16,-4.683753385137379e-16,-104.8080748016571
22.286286828028278,1.771192869702299,29.137094963937525,-2.220446049250313e-16,-4.85722573273506e-16,-104.8356771215265
22.290032654468533,1.780469985726379,29.139473616631925,-2.7755575615628914e-16,-5.065392549852277e-16,-104.86327458234994
22.29377889121209,1.7897469336919172,29.141850278234685,-1.6653345369377348e-16,-4.85722573273506e-16,-104.89086718358719
22.297525538173026,1.7990237136802327,29.144224950229532,-1.6653345369377348e-16,-4.787836793695988e-16,-104.91845492469798
22.301272595265438,1.8083003257724832,29.14659763410016,-1.6653345369377348e-16,-4.85722573273506e-16,-104.94603780514215
22.30502006240345,1.8175767700498422,29.14896833133029,-2.220446049250313e-16,-4.961309141293668e-16,-104.97361582437942
22.308767939501287,1.8268530465934707,29.15133704340361,-1.6653345369377348e-16,-5.238864897449957e-16,-105.00118898186955
22.312516226473186,1.8361291554845076,29.15370377180386,-3.3306690738754696e-16,-5.30825383648903e-16,-105.02875727707239
22.316264923233454,1.8454050968040696,29.15606851801473,-2.220446049250313e-16,-5.100087019371813e-16,-105.05632070944769
22.320014029696424,1.8546808706331999,29.15843128351992,-1.6653345369377348e-16,-5.030698080332741e-16,-105.0838792784552
22.323763545776544,1.8639564770530765,29.160792069803154,-2.220446049250313e-16,-4.961309141293668e-16,-105.1114329835547
22.327513471388254,1.8732319161447009,29.16315087834814,-2.7755575615628914e-16,-4.926614671774132e-16,-105.13898182420601
22.33126380644606,1.8825071879891073,29.165507710638575,-2.220446049250313e-16,-4.753142324176451e-16,-105.16652579986884
22.335014550864514,1.8917822926673011,29.16786256815818,-2.220446049250313e-16,-5.100087019371813e-16,-105.19406491000304
22.338765704558245,1.9010572302602804,29.170215452390654,-1.1102230246251565e-16,-4.85722573273506e-16,-105.22159915406831
22.342517267441888,1.910332000849007,29.17256636481972,-2.7755575615628914e-16,-4.891920202254596e-16,-105.2491285315245
22.34626923943016,1.9196066045143794,29.174915306929073,-2.220446049250313e-16,-5.238864897449957e-16,-105.27665304183134
22.350021620437857,1.928881041337435,29.177262280202424,-2.7755575615628914e-16,-5.134781488891349e-16,-105.30417268444863
22.35377441037977,1.9381553113990158,29.179607286123485,-2.7755575615628914e-16,-5.030698080332741e-16,-105.3316874588361
22.357527609170784,1.9474294147800164,29.18195032617596,-1.1102230246251565e-16,-5.100087019371813e-16,-105.35919736445362
22.361281216725793,1.9567033515612966,29.18429140184357,-1.6653345369377348e-16,-4.926614671774132e-16,-105.38670240076083
22.365035232959773,1.9659771218236992,29.18663051461,-1.6653345369377348e-16,-5.030698080332741e-16,-105.41420256721761
22.368789657787747,1.9752507256480492,29.188967665958984,-2.220446049250313e-16,-5.169475958410885e-16,-105.44169786328371
22.372544491124753,1.98452416311509,29.191302857374218,-2.7755575615628914e-16,-5.100087019371813e-16,-105.46918828841895
22.376299732885972,1.9937974343057132,29.193636090339407,-1.6653345369377348e-16,-4.996003610813204e-16,-105.49667384208297
22.38005538298654,2.0030705393006203,29.195967366338266,-2.220446049250313e-16,-5.204170427930421e-16,-105.52415452373569
