galstreams/tracks/track.st.Gaia-7.ibata2024.ecsv
# %ECSV 1.0
# ---
# datatype:
# - {name: ra, unit: deg, datatype: float64}
# - {name: dec, unit: deg, datatype: float64}
# - {name: distance, unit: kpc, datatype: float64}
# - {name: pm_ra_cosdec, unit: mas / yr, datatype: float64}
# - {name: pm_dec, unit: mas / yr, datatype: float64}
# - {name: radial_velocity, unit: km / s, datatype: float64}
# delimiter: ','
# meta: !!omap
# - __serialized_columns__:
#     dec:
#       __class__: astropy.coordinates.angles.Latitude
#       unit: &id001 !astropy.units.Unit {unit: deg}
#       value: !astropy.table.SerializedColumn {name: dec}
#     distance:
#       __class__: astropy.coordinates.distances.Distance
#       unit: !astropy.units.Unit {unit: kpc}
#       value: !astropy.table.SerializedColumn {name: distance}
#     pm_dec:
#       __class__: astropy.units.quantity.Quantity
#       unit: !astropy.units.Unit {unit: mas / yr}
#       value: !astropy.table.SerializedColumn {name: pm_dec}
#     pm_ra_cosdec:
#       __class__: astropy.units.quantity.Quantity
#       unit: !astropy.units.Unit {unit: mas / yr}
#       value: !astropy.table.SerializedColumn {name: pm_ra_cosdec}
#     ra:
#       __class__: astropy.coordinates.angles.Longitude
#       unit: *id001
#       value: !astropy.table.SerializedColumn {name: ra}
#       wrap_angle: !astropy.coordinates.Angle
#         unit: *id001
#         value: 360.0
#     radial_velocity:
#       __class__: astropy.units.quantity.Quantity
#       unit: !astropy.units.Unit {unit: km / s}
#       value: !astropy.table.SerializedColumn {name: radial_velocity}
# schema: astropy-2.0
ra,dec,distance,pm_ra_cosdec,pm_dec,radial_velocity
[from data line 701]
181.3219416833676,-16.59473051105174,1.0,-10.05241975501063,-0.02067287796964168,60.6992836558727
181.3284741970295,-16.602632813407805,1.0,-10.052378782594735,-0.019597025514074495,60.679223559312746
181.33500791489837,-16.61053439682156,1.0000000000000002,-10.052336744962625,-0.018521511194938167,60.659166916413554
181.34154283993468,-16.61843525908023,1.0000000000000002,-10.052293643326925,-0.017446335885434205,60.63911375993636
181.34807897509899,-16.62633539797061,1.0,-10.052249478900201,-0.016371500459047006,60.61906412264246
181.35461632335225,-16.6342348112792,1.0000000000000002,-10.052204252894986,-0.015297005789544738,60.59901803729318
181.3611548876555,-16.64213349679188,1.0,-10.052157966523799,-0.014222852750958914,60.57897553664967
181.36769467097017,-16.650031452294282,1.0000000000000002,-10.05211062099912,-0.01314904221761326,60.55893665347326
181.37423567625765,-16.65792867557143,1.0000000000000002,-10.05206221753337,-0.012075575064085964,60.53890142052523
181.38077790647984,-16.665825164408087,1.0000000000000002,-10.05201275733897,-0.011002452165246535,60.518869870566824
181.38732136459865,-16.673720916588405,1.0,-10.051962241628285,-0.009929674396233601,60.49884203635932
181.39386605357632,-16.681615929896267,1.0000000000000002,-10.051910671613646,-0.008857242632466011,60.47881795066401
181.40041197637527,-16.68951020211497,1.0000000000000002,-10.05185804850737,-0.007785157749633065,60.45879764624212
181.40695913595818,-16.69740373102753,1.0000000000000002,-10.051804373521717,-0.006713420623706945,60.43878115585492
181.41350753528783,-16.705296514416364,1.0000000000000002,-10.051749647868913,-0.005642032130917407,60.41876851226371
181.42005717732744,-16.713188550063602,1.0000000000000002,-10.051693872761172,-0.004570993147795743,60.39875974822972
181.4266080650402,-16.721079835750793,1.0000000000000002,-10.051637049410642,-0.003500304551125044,60.37875489651427
181.43316020138974,-16.728970369259205,1.0000000000000002,-10.051579179029464,-0.002429967217977058,60.358753989878586
181.43971358933973,-16.73686014836949,1.0000000000000002,-10.051520262829724,-0.0013599820256908757,60.33875706108396
181.44626823185422,-16.744749170862047,1.0,-10.051460302023484,-0.0002903498518902481,60.31876414289164
181.4528241318974,-16.75263743451665,1.0000000000000002,-10.05139929782277,0.0007789284255346196,60.298775268062904
181.45938129243365,-16.760524937112827,1.0000000000000002,-10.05133725143957,0.0018478519284195194,60.27879046935902
181.46593971642758,-16.768411676429448,1.0000000000000002,-10.051274164085836,0.0029164197783186907,60.25880977954126
181.47249940684412,-16.77629765024516,1.0000000000000002,-10.051210036973478,0.0039846310965150344,60.238833231370904
181.4790603666483,-16.784182856337967,1.0,-10.051144871314392,0.005052485004019225,60.218860857609194
181.48562259880543,-16.792067292485623,1.0,-10.051078668320413,0.006119980621559051,60.198892691017434
181.49218610628103,-16.799950956465246,1.0000000000000002,-10.051011429203356,0.007187117069602955,60.178928764356854
181.49875089204087,-16.807833846053697,1.0000000000000002,-10.050943155175002,0.008253893468324947,60.15896911038872
181.50531695905084,-16.815715959027216,1.0000000000000002,-10.050873847447084,0.00932030893764102,60.139013761874324
181.51188431027717,-16.82359729316176,1.0000000000000002,-10.050803507231308,0.010386362597186949,60.11906275157494
181.5184529486862,-16.831477846232694,1.0,-10.050732135739343,0.01145205356632184,60.09911611225179
181.5250228772446,-16.83935761601507,1.0,-10.05065973418281,0.012517380964133462,60.07917387666624
181.5315940989192,-16.847236600283388,1.0,-10.050586303773319,0.013582343909433803,60.05923607757944
181.53816661667702,-16.85511479681175,1.0000000000000002,-10.050511845722408,0.014646941520763956,60.039302747752735
181.54474043348534,-16.862992203373807,1.0000000000000002,-10.05043636124162,0.015711172916386573,60.01937391994736
181.5513155523117,-16.870868817742757,1.0000000000000002,-10.050359851542435,0.016775037214293853,59.9994496269246
181.55789197612376,-16.878744637691344,1.0000000000000002,-10.050282317836295,0.01783853353220044,59.97952990144573
181.56446970788946,-16.886619660991872,1.0000000000000002,-10.050203761334613,0.018901660987553193,59.95961477627201
181.57104875057695,-16.89449388541619,1.0000000000000002,-10.050124183248773,0.019964418697516972,59.939704284164684
181.57762910715462,-16.902367308735695,1.0000000000000002,-10.050043584790105,0.021026805778992852,59.91979845788506
181.584210780591,-16.910239928721335,1.0,-10.049961967169912,0.02208882134859591,59.89989733019437
181.59079377385495,-16.9181117431436,1.0000000000000002,-10.049879331599461,0.023150464522675662,59.880000933853914
181.59737808991548,-16.92598274977254,1.0000000000000002,-10.049795679289968,0.024211734417311614,59.860109301624945
181.6039637317418,-16.93385294637774,1.0,-10.04971101145264,0.02527263014830039,59.84022246626873
181.61055070230339,-16.941722330728336,1.0000000000000002,-10.04962532929862,0.02633315083117438,59.82034046054655
181.6171390045699,-16.94959090059301,1.0000000000000002,-10.04953863403902,0.02739329558118353,59.80046331721965
181.62372864151126,-16.957458653739995,1.0,-10.049450926884923,0.028453063513312227,59.78059106904931
181.63031961609758,-16.965325587937052,1.0000000000000002,-10.049362209047361,0.02951245374226552,59.760723748796806
181.63691193129915,-16.973191700951503,1.0000000000000002,-10.04927248173734,0.03057146538247979,59.74086138922338
181.64350559008653,-16.981056990550208,1.0,-10.049181746165823,0.031630097548121405,59.721004023090345
181.6501005954305,-16.988921454499568,1.0000000000000002,-10.049090003543732,0.0326883493530743,59.70115168315894
181.656696950302,-16.996785090565535,1.0000000000000002,-10.048997255081956,0.033746219910955055,59.68130440219044
181.66329465767228,-17.004647896513582,1.0000000000000002,-10.048903501991349,0.03480370833510982,59.661462212946105
181.6698937205127,-17.012509870108733,1.0000000000000002,-10.048808745482711,0.035860813738605835,59.64162514818723
181.67649414179493,-17.020371009115575,1.0000000000000002,-10.048712986766821,0.036917535234243015,59.62179324067505
181.68309592449074,-17.028231311298203,1.0000000000000002,-10.048616227054408,0.03797387193454771,59.60196652317086
181.6896990715723,-17.036090774420277,1.0000000000000002,-10.048518467556175,0.03902982295177049,59.5821450284359
181.6963035860118,-17.043949396244965,1.0,-10.048419709482761,0.04008538739789147,59.56232878923145
181.70290947078175,-17.051807174535,1.0000000000000002,-10.048319954044798,0.041140564384618106,59.5425178383188
181.70951672885488,-17.05966410705265,1.0000000000000002,-10.048219202452858,0.04219535302339095,59.52271220845919
181.71612536320413,-17.06752019155971,1.0000000000000002,-10.048117455917483,0.043249752425364996,59.50291193241389
181.72273537680255,-17.075375425817505,1.0000000000000002,-10.04801471564916,0.044303761701436795,59.48311704294421
181.72934677262361,-17.083229807586928,1.0000000000000002,-10.047910982858365,0.045357379962223554,59.46332757281135
181.73595955364078,-17.09108333462837,1.0000000000000002,-10.047806258755505,0.04641060631807248,59.44354355477663
181.7425737228279,-17.098936004701784,1.0000000000000002,-10.04770054455097,0.047463439879060765,59.42376502160129
181.74918928315896,-17.106787815566637,1.0,-10.047593841455095,0.04851587975498717,59.40399200604663
181.75580623760817,-17.11463876498195,1.0000000000000002,-10.047486150678186,0.04956792505538443,59.38422454087387
181.76242458914996,-17.12248885070625,1.0000000000000002,-10.047377473430497,0.05061957488951352,59.36446265884433
181.76904434075894,-17.130338070497626,1.0000000000000002,-10.047267810922252,0.05167082836635872,59.344706392719274
181.77566549541,-17.138186422113673,1.0000000000000002,-10.047157164363634,0.052721684594638774,59.32495577525991
181.78228805607822,-17.14603390331154,1.0000000000000002,-10.047045534964782,0.053772142682796176,59.305210839227584
181.78891202573888,-17.153880511847888,1.0000000000000002,-10.046932923935795,0.05482220173900432,59.28547161738351
181.79553740736742,-17.161726245478924,1.0000000000000002,-10.046819332486738,0.05587186087116702,59.265738142488985
181.80216420393964,-17.169571101960365,1.0000000000000002,-10.046704761827622,0.05692111918691145,59.246010447305245
181.80879241843138,-17.177415079047478,1.0000000000000002,-10.046589213168426,0.057969975793600526,59.226288564593624
181.81542205381882,-17.18525817449504,1.0000000000000002,-10.04647268771909,0.05901842979831651,59.20657252711531
181.8220531130783,-17.193100386057374,1.0000000000000002,-10.046355186689508,0.06006648030788009,59.186862367631626
181.8286855991864,-17.200941711488312,1.0,-10.046236711289538,0.061114126428836624,59.16715811890383
181.8353195151199,-17.20878214854122,1.0000000000000002,-10.04611726272899,0.06216136726745791,59.14745981369316
181.84195486385573,-17.216621694968996,1.0,-10.045996842217637,0.0632082019297493,59.127767484760916
181.84859164837113,-17.224460348524044,1.0000000000000002,-10.045875450965202,0.06425462952144345,59.10808116486837
181.8552298716435,-17.23229810695833,1.0000000000000002,-10.045753090181393,0.06530064914800571,59.08840088677677
181.8618695366505,-17.2401349680233,1.0000000000000002,-10.045629761075842,0.06634625991462517,59.06872668324737
181.86851064636988,-17.247970929469943,1.0000000000000002,-10.045505464858152,0.06739146092622095,59.049058587041486
181.87515320377975,-17.255805989048785,1.0,-10.045380202737897,0.06843625128744657,59.02939663092038
181.88179721185836,-17.263640144509854,1.0000000000000002,-10.045253975924593,0.06948063010268024,59.00974084764528
181.8884426735842,-17.271473393602705,1.0,-10.04512678562772,0.07052459647602927,58.99009126997745
181.89508959193586,-17.27930573407641,1.0000000000000002,-10.044998633056707,0.07156814951133805,58.97044793067825
181.9017379698923,-17.287137163679578,1.0000000000000002,-10.044869519420962,0.07261128831217167,58.95081086250883
181.90838781043263,-17.29496768016032,1.0000000000000002,-10.044739445929824,0.07365401198183319,58.93118009823054
181.91503911653612,-17.302797281266276,1.0000000000000002,-10.044608413792606,0.07469631962334544,58.91155567060459
181.92169189118232,-17.310625964744595,1.0,-10.044476424218576,0.07573821033947148,58.89193761239229
181.9283461373509,-17.31845372834196,1.0000000000000002,-10.044343478416948,0.07677968323270257,58.8723259563549
181.93500185802185,-17.326280569804553,1.0000000000000002,-10.044209577596906,0.0778207374052533,58.8527207352537
181.94165905617533,-17.33410648687809,1.0,-10.044074722967586,0.07886137195907539,58.83312198184992
181.94831773479166,-17.341931477307778,1.0000000000000002,-10.043938915738085,0.07990158599584474,58.813529728904854
181.9549778968514,-17.34975553883838,1.0000000000000002,-10.043802157117442,0.08094137861697792,58.793944009179796
181.96163954533534,-17.357578669214128,1.0,-10.043664448314672,0.08198074892360774,58.77436485543595
181.96830268322446,-17.365400866178806,1.0,-10.043525790538725,0.08301969601661341,58.75479230043462
181.9749673135,-17.37322212747569,1.0000000000000002,-10.04338618499853,0.08405821899659172,58.7352263769371
181.98163343914325,-17.381042450847573,1.0,-10.04324563290295,0.08509631696387698,58.715667117704626
181.9883010631359,-17.388861834036767,1.0,-10.043104135460824,0.08613398901852998,58.69611455549846
181.99497018845975,-17.396680274785094,1.0,-10.042961693880924,0.08717123426034812,58.6765687230799
182.0016408180968,-17.404497770833874,1.0000000000000002,-10.042818309371995,0.08820805178885527,58.6570296532102
182.00831295502928,-17.412314319923958,1.0000000000000002,-10.042673983142738,0.0892444407033044,58.63749737865063
182.01498660223967,-17.4201299197957,1.0000000000000002,-10.042528716401801,0.09028040010268734,58.617971932162426
182.02166176271055,-17.427944568188952,1.0000000000000002,-10.042382510357783,0.09131592908571928,58.59845334650691
182.0283384394248,-17.435758262843084,1.0000000000000002,-10.042235366219249,0.09235102675085205,58.57894165444532
182.03501663536548,-17.443571001496974,1.0000000000000002,-10.042087285194718,0.09338569219625947,58.559436888738915
182.04169635351582,-17.451382781889023,1.0000000000000002,-10.041938268492649,0.09441992451986625,58.539939082149
182.0483775968593,-17.459193601757107,1.0,-10.041788317321476,0.09545372281930575,58.520448267436805
182.05506036837957,-17.46700345883863,1.0,-10.04163743288957,0.09648708619196089,58.50096447736364
182.06174467106058,-17.474812350870494,1.0,-10.041485616405268,0.09752001373493213,58.48148774469074
182.06843050788635,-17.48262027558911,1.0000000000000002,-10.041332869076859,0.09855250454506059,58.46201810217937
182.07511788184115,-17.49042723073039,1.0,-10.041179192112578,0.09958455771891828,58.44255558259081
182.08180679590953,-17.498233214029753,1.0,-10.041024586720626,0.10061617235280584,58.42310021868633
182.08849725307613,-17.506038223222124,1.0000000000000002,-10.04086905410914,0.1016473475427575,58.40365204322721
182.09518925632588,-17.51384225604192,1.0000000000000002,-10.040712595486234,0.10267808238453968,58.384211088974666
182.10188280864386,-17.52164531022307,1.0,-10.040555212059953,0.10370837597365012,58.36477738869005
182.10857791301544,-17.529447383499,1.0,-10.04039690503832,0.10473822740532501,58.34535097513456
182.11527457242605,-17.537248473602634,1.0000000000000002,-10.040237675629271,0.10576763577451898,58.3259318810695
182.1219727898614,-17.5450485782664,1.0,-10.040077525040738,0.10679660017593262,58.30652013925616
182.12867256830745,-17.552847695222233,1.0,-10.039916454480581,0.10782511970399389,58.28711578245574
182.13537391075033,-17.560645822201547,1.0000000000000002,-10.039754465156628,0.1088531934528616,58.26771884342955
182.1420768201763,-17.56844295693527,1.0,-10.039591558276635,0.10988082051642856,58.248329354938875
182.14878129957194,-17.57623909715383,1.0,-10.039427735048346,0.11090799998832113,58.228947349744935
182.1554873519239,-17.584034240587137,1.0,-10.039262996679415,0.11193473096189788,58.20957286060902
182.1621949802192,-17.591828384964604,1.0000000000000002,-10.039097344377483,0.1129610125302487,58.190205920292435
182.16890418744487,-17.59962152801515,1.0000000000000002,-10.038930779350128,0.11398684378619883,58.17084656155639
182.1756149765883,-17.607413667467167,1.0,-10.038763302804883,0.11501222382230658,58.15149481716221
182.182327350637,-17.615204801048566,1.0000000000000002,-10.038594915949222,0.11603715173085982,58.132150719871106
182.1890413125787,-17.62299492648674,1.0,-10.038425619990592,0.11706162660388575,58.11281430244439
182.1957568654013,-17.630784041508562,1.0,-10.038255416136368,0.11808564753313533,58.093485597643316
182.20247401209298,-17.638572143840424,1.0000000000000002,-10.038084305593891,0.11910921361010196,58.07416463822912
182.20919275564202,-17.646359231208184,1.0000000000000002,-10.037912289570443,0.12013232392601081,58.05485145696314
182.21591309903692,-17.654145301337213,1.0000000000000002,-10.037739369273272,0.12115497757181748,58.03554608660658
182.2226350452665,-17.661930351952364,1.0000000000000002,-10.037565545909558,0.12217717363821068,58.01624855992076
182.22935859731962,-17.669714380777968,1.0000000000000002,-10.037390820686447,0.12319891121561666,57.99695890966689
182.23608375818537,-17.67749738553787,1.0000000000000002,-10.03721519481102,0.12422018939419388,57.977677168606306
182.24281053085312,-17.685279363955377,1.0000000000000002,-10.03703866949032,0.12524100726383436,57.958403369500225
182.2495389183124,-17.693060313753307,1.0,-10.036861245931338,0.12626136391416232,57.93913754510991
182.25626892355285,-17.700840232653945,1.0000000000000002,-10.036682925341008,0.12728125843453686,57.9198797281967
182.26300054956448,-17.708619118379083,1.0,-10.036503708926228,0.12830068991405552,57.90062995152178
