galstreams/tracks/track.st.NGC1261.ibata2024.ecsv
# %ECSV 1.0
# ---
# datatype:
# - {name: ra, unit: deg, datatype: float64}
# - {name: dec, unit: deg, datatype: float64}
# - {name: distance, unit: kpc, datatype: float64}
# - {name: pm_ra_cosdec, unit: mas / yr, datatype: float64}
# - {name: pm_dec, unit: mas / yr, datatype: float64}
# - {name: radial_velocity, unit: km / s, datatype: float64}
# delimiter: ','
# meta: !!omap
# - __serialized_columns__:
#     dec:
#       __class__: astropy.coordinates.angles.Latitude
#       unit: &id001 !astropy.units.Unit {unit: deg}
#       value: !astropy.table.SerializedColumn {name: dec}
#     distance:
#       __class__: astropy.coordinates.distances.Distance
#       unit: !astropy.units.Unit {unit: kpc}
#       value: !astropy.table.SerializedColumn {name: distance}
#     pm_dec:
#       __class__: astropy.units.quantity.Quantity
#       unit: !astropy.units.Unit {unit: mas / yr}
#       value: !astropy.table.SerializedColumn {name: pm_dec}
#     pm_ra_cosdec:
#       __class__: astropy.units.quantity.Quantity
#       unit: !astropy.units.Unit {unit: mas / yr}
#       value: !astropy.table.SerializedColumn {name: pm_ra_cosdec}
#     ra:
#       __class__: astropy.coordinates.angles.Longitude
#       unit: *id001
#       value: !astropy.table.SerializedColumn {name: ra}
#       wrap_angle: !astropy.coordinates.Angle
#         unit: *id001
#         value: 360.0
#     radial_velocity:
#       __class__: astropy.units.quantity.Quantity
#       unit: !astropy.units.Unit {unit: km / s}
#       value: !astropy.table.SerializedColumn {name: radial_velocity}
# schema: astropy-2.0
ra,dec,distance,pm_ra_cosdec,pm_dec,radial_velocity
[from data line 141]
11.478771449997202,-63.258590265739,0.9999999999999996,-0.7918391094264905,-5.500649625962012,-5200.856515561489
11.500994180406034,-63.25292576577884,0.9999999999999993,-0.788340762700301,-5.4987494811858255,-5192.324268667374
11.523208572865547,-63.2472619578392,0.9999999999999996,-0.7848460806350488,-5.4968481937070806,-5183.80100729004
11.545414636257908,-63.241598844224036,0.9999999999999993,-0.7813550609084103,-5.494945767299271,-5175.2867267936235
11.567612379460845,-63.235936427234414,0.9999999999999994,-0.7778677011974651,-5.493042205731058,-5166.781422542264
11.589801811347213,-63.23027470916847,0.9999999999999993,-0.7743839991783403,-5.491137512764396,-5158.285089900093
11.611982940784644,-63.22461369232137,0.9999999999999994,-0.7709039525266661,-5.489231692155272,-5149.79772423125
11.634155776636284,-63.218953378985425,0.9999999999999996,-0.7674275589172765,-5.487324747654441,-5141.319320899866
11.65632032776043,-63.21329377144998,0.9999999999999994,-0.7639548160242384,-5.485416683006122,-5132.849875270082
11.67847660301012,-63.20763487200151,0.9999999999999993,-0.7604857215212348,-5.483507501949532,-5124.38938270603
11.700624611233945,-63.20197668292355,0.9999999999999993,-0.7570202730809115,-5.48159720821684,-5115.937838571846
11.722764361275475,-63.196319206496725,0.9999999999999993,-0.7535584683754593,-5.479685805535212,-5107.495238231669
11.744895861973555,-63.19066244499874,0.9999999999999996,-0.7501003050764155,-5.47777329762539,-5099.0615770496315
11.767019122161802,-63.185006400704445,0.9999999999999994,-0.7466457808545499,-5.475859688202604,-5090.636850389869
11.78913415066931,-63.179351075885734,0.9999999999999996,-0.7431948933801067,-5.473944980976285,-5082.22105361652
11.81124095632033,-63.17369647281166,0.9999999999999994,-0.7397476403224061,-5.472029179650235,-5073.814182093716
11.833339547933864,-63.168042593748325,0.9999999999999996,-0.7363040193505981,-5.470112287921552,-5065.416231185599
11.855429934324409,-63.16238944095897,0.9999999999999993,-0.7328640281327807,-5.468194309482612,-5057.027196256299
11.877512124301465,-63.156737016703914,0.9999999999999993,-0.729427664336626,-5.466275248018803,-5048.647072669952
11.899586126669798,-63.15108532324064,0.9999999999999994,-0.7259949256291378,-5.4643551072107925,-5040.275855790698
11.921651950228924,-63.14543436282372,0.9999999999999994,-0.7225658096766381,-5.46243389073328,-5031.913540982669
11.943709603773822,-63.139784137704815,0.9999999999999994,-0.7191403141449939,-5.460511602254144,-5023.560123610004
11.965759096094633,-63.13413465013273,0.9999999999999993,-0.7157184366992482,-5.458588245436545,-5015.215599036835
11.987800435976231,-63.12848590235342,0.9999999999999994,-0.7123001750041311,-5.4566638239376175,-5006.879962627299
12.00983363219899,-63.12283789660991,0.9999999999999993,-0.7088855267234919,-5.454738341408358,-4998.5532097455325
12.031858693538268,-63.11719063514239,0.9999999999999994,-0.7054744895208103,-5.452811801494704,-4990.235335755671
12.053875628764665,-63.11154412018819,0.9999999999999993,-0.7020670610587274,-5.4508842078363955,-4981.926336021849
12.075884446643531,-63.10589835398175,0.9999999999999996,-0.6986632389995577,-5.4489555640670915,-4973.626205908206
12.09788515593569,-63.100253338754634,0.9999999999999993,-0.6952630210050046,-5.447025873815392,-4965.334940778874
12.119877765397115,-63.094609076735566,0.9999999999999994,-0.6918664047360181,-5.445095140703415,-4957.05253599799
12.141862283778492,-63.088965570150414,0.9999999999999996,-0.6884733878531648,-5.443163368348394,-4948.778986929689
12.163838719825977,-63.08332282122218,0.9999999999999993,-0.6850839680164995,-5.441230560361248,-4940.514288938106
12.185807082280878,-63.07768083217102,0.9999999999999993,-0.6816981428851818,-5.4392967203475,-4932.25843738738
12.207767379879206,-63.072039605214215,0.9999999999999994,-0.6783159101183429,-5.43736185190636,-4924.011427641643
12.229719621352466,-63.06639914256623,0.9999999999999994,-0.674937267374176,-5.435425958632152,-4915.773255065034
12.251663815427147,-63.06075944643867,0.9999999999999993,-0.6715622123104623,-5.433489044113003,-4907.543915021687
12.273599970824982,-63.05512051904028,0.9999999999999994,-0.668190742584386,-5.43155111193164,-4899.323402875738
12.295528096262407,-63.049482362576995,0.9999999999999996,-0.6648228558528189,-5.429612165664878,-4891.111713991321
12.317448200451361,-63.0438449792519,0.9999999999999994,-0.6614585497719219,-5.427672208884019,-4882.908843732575
12.339360292098878,-63.03820837126523,0.9999999999999993,-0.6580978219973588,-5.425731245154623,-4874.714787463635
12.36126437990673,-63.03257254081441,0.9999999999999994,-0.6547406701843244,-5.423789278036679,-4866.529540548632
12.383160472572145,-63.02693749009402,0.9999999999999994,-0.6513870919874734,-5.4218463110845505,-4858.35309835171
12.405048578787353,-63.0213032212958,0.9999999999999993,-0.648037085061091,-5.419902347846346,-4850.185456236997
12.426928707239803,-63.015669736608686,0.9999999999999994,-0.6446906470587521,-5.4179573918654,-4842.026609568633
12.448800866611647,-63.0100370382188,0.9999999999999993,-0.6413477756337045,-5.416011446679136,-4833.876553710755
12.470665065580539,-63.004405128309415,0.9999999999999994,-0.6380084684387413,-5.414064515819405,-4825.735284027494
12.492521312819227,-62.998774009061,0.9999999999999994,-0.6346727231259877,-5.412116602812091,-4817.602795882989
12.514369616995163,-62.993143682651215,0.9999999999999994,-0.6313405373472136,-5.410167711177735,-4809.479084641375
12.536209986771299,-62.9875141512549,0.9999999999999994,-0.6280119087538196,-5.408217844431363,-4801.364145666787
12.558042430805656,-62.981885417044076,0.9999999999999994,-0.6246868349965666,-5.406267006082373,-4793.257974323362
12.579866957751,-62.97625748218799,0.9999999999999994,-0.6213653137258746,-5.404315199634539,-4785.160565975235
12.60168357625555,-62.970630348853035,0.9999999999999993,-0.6180473425916801,-5.402362428585718,-4777.071915986542
12.6234922949625,-62.965004019202844,0.9999999999999993,-0.6147329192433091,-5.400408696428826,-4768.992019721418
12.645293122510253,-62.95937849539825,0.9999999999999993,-0.6114220413301723,-5.398454006650923,-4760.920872544
12.667086067531962,-62.95375377959724,0.9999999999999996,-0.608114706500487,-5.396498362733439,-4752.858469818421
12.688871138656204,-62.94812987395506,0.9999999999999994,-0.6048109124026269,-5.394541768151953,-4744.804806908824
12.710648344506673,-62.942506780624136,0.9999999999999994,-0.6015106566843542,-5.39258422637721,-4736.759879179335
12.732417693701793,-62.93688450175413,0.9999999999999996,-0.5982139369928205,-5.39062574087427,-4728.723681994095
12.754179194855425,-62.931263039491874,0.9999999999999994,-0.594920750975092,-5.388666315102057,-4720.6962107172385
12.7759328565764,-62.92564239598148,0.9999999999999996,-0.5916310962775952,-5.386705952514774,-4712.677460712905
12.797678687468796,-62.92002257336419,0.9999999999999996,-0.5883449705463448,-5.384744656560315,-4704.667427345222
12.819416696131352,-62.91440357377855,0.9999999999999994,-0.5850623714272132,-5.3827824306816865,-4696.666105978332
12.84114689115832,-62.90878539936029,0.9999999999999996,-0.5817832965653764,-5.380819278316153,-4688.673491976369
12.862869281139005,-62.903168052242364,0.9999999999999993,-0.5785077436056838,-5.378855202895522,-4680.689580703469
12.884583874657464,-62.89755153455498,0.9999999999999996,-0.5752357101927288,-5.376890207846088,-4672.71436752377
12.906290680293186,-62.89193584842553,0.9999999999999993,-0.5719671939704796,-5.374924296588688,-4664.7478478014
12.927989706620618,-62.8863209959787,0.9999999999999993,-0.5687021925829043,-5.372957472538872,-4656.790016900503
12.949680962209445,-62.880706979336345,0.9999999999999993,-0.5654407036732181,-5.370989739106108,-4648.840870185212
12.971364455624041,-62.87509380061763,0.9999999999999993,-0.5621827248845506,-5.36902109969526,-4640.900403019659
12.993040195424266,-62.8694814619389,0.9999999999999993,-0.558928253859392,-5.367051557705224,-4632.968610767985
13.014708190165047,-62.86386996541378,0.9999999999999993,-0.555677288239977,-5.3650811165294385,-4625.045488794325
13.03636844839602,-62.85825931315312,0.9999999999999993,-0.5524298256685114,-5.3631097795562255,-4617.131032462812
13.058020978662292,-62.85264950726503,0.9999999999999993,-0.5491858637862919,-5.3611375501677685,-4609.225237137584
13.079665789503931,-62.84704054985486,0.9999999999999994,-0.5459454002347144,-5.359164431741931,-4601.3280981827775
13.101302889456212,-62.84143244302525,0.9999999999999994,-0.5427084326545213,-5.357190427650494,-4593.439610962523
13.122932287049117,-62.83582518887604,0.9999999999999996,-0.5394749586864833,-5.355215541259668,-4585.559770840962
13.144553990808083,-62.830218789504364,0.9999999999999994,-0.5362449759706465,-5.353239775930433,-4577.6885731822285
13.166168009253655,-62.82461324700462,0.9999999999999994,-0.533018482146872,-5.351263135018769,-4569.8260133504555
13.187774350901059,-62.81900856346844,0.9999999999999994,-0.5297954748549216,-5.349285621874515,-4561.972086709783
13.209373024261005,-62.81340474098475,0.9999999999999994,-0.5265759517339461,-5.347307239842962,-4554.126788624346
13.23096403783926,-62.807801781639725,0.9999999999999996,-0.5233599104228972,-5.345327992263265,-4546.290114458276
13.252547400136335,-62.80219968751685,0.9999999999999994,-0.5201473485603856,-5.343347882469914,-4538.462059575712
13.274123119648172,-62.79659846069681,0.9999999999999994,-0.5169382637848372,-5.341366913791262,-4530.642619340792
13.295691204865678,-62.79099810325765,0.9999999999999993,-0.5137326537343228,-5.339385089551001,-4522.831789117647
13.317251664274973,-62.785398617274645,0.9999999999999994,-0.5105305160463871,-5.337402413067309,-4515.029564270417
13.338804506356896,-62.779800004820345,0.9999999999999993,-0.5073318483585894,-5.335418887652736,-4507.235940163234
13.360349739587722,-62.77420226796461,0.9999999999999993,-0.5041366483080623,-5.33343451661483,-4499.450912160236
13.381887372438836,-62.76860540877456,0.9999999999999994,-0.5009449135317254,-5.331449303255681,-4491.6744756255575
13.403417413376308,-62.76300942931465,0.9999999999999994,-0.49775664166634215,-5.329463250871868,-4483.906625923339
13.424939870861685,-62.757414331646544,0.9999999999999994,-0.4945718303480078,-5.327476362754794,-4476.147358417706
13.446454753351459,-62.7518201178293,0.9999999999999994,-0.49139047721300244,-5.3254886421911465,-4468.396668472803
13.467962069297348,-62.74622678991917,0.9999999999999994,-0.4882125798968815,-5.323500092461018,-4460.6545514527625
13.489461827145766,-62.74063434996978,0.9999999999999994,-0.4850381360354845,-5.321510716840521,-4452.9210027217205
13.51095403533859,-62.73504280003205,0.9999999999999993,-0.48186714326394053,-5.319520518600029,-4445.196017643815
13.532438702312781,-62.72945214215414,0.9999999999999993,-0.47869959921730754,-5.317529501004117,-4437.479591583179
13.553915836500025,-62.72386237838159,0.9999999999999996,-0.47553550153033086,-5.3155376673127535,-4429.771719903947
13.575385446327425,-62.71827351075721,0.9999999999999996,-0.4723748478378411,-5.313545020780339,-4422.072397970259
13.596847540217222,-62.712685541321115,0.9999999999999994,-0.46921763577381626,-5.311551564656099,-4414.381621146246
13.618302126586348,-62.707098472110765,0.9999999999999994,-0.46606386297267477,-5.309557302184032,-4406.699384796049
13.639749213847185,-62.701512305160904,0.9999999999999994,-0.46291352706793987,-5.307562236603019,-4399.0256842838
13.66118881040707,-62.69592704250362,0.9999999999999993,-0.4597666256935895,-5.305566371146426,-4391.360514973637
13.682620924668576,-62.69034268616827,0.9999999999999993,-0.4566231564827774,-5.303569709042165,-4383.703872229691
13.704045565028968,-62.68475923818162,0.9999999999999996,-0.45348311706888467,-5.301572253513882,-4376.055751416103
13.725462739880978,-62.679176700567666,0.9999999999999994,-0.45034650508485186,-5.299574007778972,-4368.416147897008
13.746872457612435,-62.6735950753478,0.9999999999999994,-0.44721331816349164,-5.29757497504994,-4360.785057036536
13.76827472660587,-62.66801436454072,0.9999999999999996,-0.4440835539373609,-5.295575158534575,-4353.1624741988335
13.789669555239273,-62.66243457016245,0.9999999999999996,-0.44095721003878907,-5.293574561435207,-4345.548394748027
13.811056951885595,-62.656855694226365,0.9999999999999996,-0.4378342841001057,-5.291573186948369,-4337.942814048255
13.832436924913024,-62.651277738743154,0.9999999999999994,-0.434714773753214,-5.289571038266331,-4330.345727463653
13.853809482684435,-62.64570070572088,0.9999999999999993,-0.4315986766299744,-5.2875681185753365,-4322.757130358357
13.875174633558176,-62.640124597164906,0.9999999999999994,-0.4284859903620202,-5.28556443105748,-4315.177018096505
13.896532385887687,-62.63454941507796,0.9999999999999993,-0.42537671258088494,-5.283559978888434,-4307.60538604223
13.917882748021121,-62.62897516146015,0.9999999999999994,-0.42227084091763345,-5.281554765239946,-4300.042229559666
13.939225728302102,-62.62340183830886,0.9999999999999994,-0.41916837300372833,-5.279548793277684,-4292.4875440129545
13.960561335069318,-62.61782944761889,0.9999999999999994,-0.4160693064697938,-5.277542066162766,-4284.941324766226
13.981889576656219,-62.61225799138237,0.9999999999999994,-0.4129736389468377,-5.27553458705097,-4277.403567183619
14.003210461391687,-62.606687471588785,0.9999999999999994,-0.40988136806532793,-5.273526359092898,-4269.874266629267
14.02452399759958,-62.60111789022497,0.9999999999999993,-0.4067924914560166,-5.271517385433867,-4262.353418467308
14.045830193598974,-62.59554924927514,0.9999999999999994,-0.4037070067489026,-5.2695076692145335,-4254.841018061876
14.067129057703667,-62.58998155072087,0.9999999999999993,-0.40062491157441116,-5.267497213570039,-4247.3370607771085
14.088420598222923,-62.58441479654109,0.9999999999999993,-0.3975462035624986,-5.265486021630693,-4239.841541977138
14.109704823461097,-62.57884898871211,0.9999999999999994,-0.3944708803430501,-5.263474096521691,-4232.354457026106
14.130981741717273,-62.5732841292076,0.9999999999999993,-0.3913989395460078,-5.261461441362712,-4224.8758012881435
14.152251361285993,-62.56772021999862,0.9999999999999994,-0.38833037880085897,-5.259448059268948,-4217.405570127387
14.173513690456781,-62.562157263053585,0.9999999999999994,-0.38526519573707674,-5.257433953350187,-4209.943758907972
14.194768737514375,-62.55659526033831,0.9999999999999994,-0.3822033879842479,-5.255419126711388,-4202.490362994036
14.216016510738237,-62.55103421381595,0.9999999999999996,-0.37914495317164665,-5.253403582451938,-4195.045377749714
14.237257018403316,-62.5454741254471,0.9999999999999993,-0.3760898889282913,-5.251387323666904,-4187.60879853914
14.258490268779633,-62.5399149971897,0.9999999999999993,-0.37303819288328555,-5.24937035344567,-4180.18062072645
14.279716270131965,-62.53435683099908,0.9999999999999993,-0.36998986266571876,-5.247352674872843,-4172.760839675783
14.300935030720527,-62.52879962882799,0.9999999999999993,-0.3669448959043393,-5.24533429102803,-4165.349450751271
14.322146558800553,-62.523243392626526,0.9999999999999994,-0.36390329022796664,-5.243315204985663,-4157.946449317054
14.343350862622453,-62.51768812434221,0.9999999999999993,-0.36086504326517854,-5.241295419815401,-4150.551830737261
14.364547950431419,-62.51213382591995,0.9999999999999997,-0.35783015264466655,-5.2392749385817865,-4143.165590376037
14.385737830468077,-62.50658049930208,0.9999999999999994,-0.35479861599478113,-5.237253764344018,-4135.7877235975075
14.406920510968177,-62.50102814642828,0.9999999999999996,-0.3517704309440717,-5.235231900156805,-4128.418225765815
14.428096000162196,-62.495476769235694,0.9999999999999993,-0.3487455951208318,-5.233209349069682,-4121.057092245094
14.449264306276092,-62.48992636965883,0.9999999999999994,-0.34572410615324145,-5.23118611412724,-4113.704318399479
