galstreams/tracks/track.st.Cetus-New.yuan2021.ecsv
# %ECSV 0.9
# ---
# datatype:
# - {name: ra, unit: deg, datatype: float64}
# - {name: dec, unit: deg, datatype: float64}
# - {name: distance, unit: kpc, datatype: float64}
# - {name: pm_ra_cosdec, unit: mas / yr, datatype: float64}
# - {name: pm_dec, unit: mas / yr, datatype: float64}
# - {name: radial_velocity, unit: km / s, datatype: float64}
# delimiter: ','
# meta: !!omap
# - __serialized_columns__:
#     dec:
#       __class__: astropy.coordinates.angles.Latitude
#       unit: &id001 !astropy.units.Unit {unit: deg}
#       value: !astropy.table.SerializedColumn {name: dec}
#     distance:
#       __class__: astropy.coordinates.distances.Distance
#       unit: !astropy.units.Unit {unit: kpc}
#       value: !astropy.table.SerializedColumn {name: distance}
#     pm_dec:
#       __class__: astropy.units.quantity.Quantity
#       unit: !astropy.units.Unit {unit: mas / yr}
#       value: !astropy.table.SerializedColumn {name: pm_dec}
#     pm_ra_cosdec:
#       __class__: astropy.units.quantity.Quantity
#       unit: !astropy.units.Unit {unit: mas / yr}
#       value: !astropy.table.SerializedColumn {name: pm_ra_cosdec}
#     ra:
#       __class__: astropy.coordinates.angles.Longitude
#       unit: *id001
#       value: !astropy.table.SerializedColumn {name: ra}
#       wrap_angle: !astropy.coordinates.Angle
#         unit: *id001
#         value: 360.0
#     radial_velocity:
#       __class__: astropy.units.quantity.Quantity
#       unit: !astropy.units.Unit {unit: km / s}
#       value: !astropy.table.SerializedColumn {name: radial_velocity}
# schema: astropy-2.0
ra,dec,distance,pm_ra_cosdec,pm_dec,radial_velocity
[from data line 6119]
26.915761021850997,-62.19762205130607,17.543879054185748,2.2730338001692543,2.1940894545674126,-3.368306851948935e-14
26.91562533782724,-62.20776336324954,17.545400470587474,2.273248564507887,2.1942227686919735,-3.368306851948935e-14
26.91548860092462,-62.21790469454132,17.546923793972407,2.273463367593207,2.1943557336093296,-1.6841534259744676e-14
26.915350809692022,-62.22804604518269,17.548449024957613,2.2736782094767283,2.1944883491108147,0.0
26.9152119626762,-62.23818741517489,17.54997616416015,2.273893090210026,2.194620614987647,0.0
26.91507205842175,-62.24832880451918,17.551505212197057,2.2741080098447357,2.194752531030942,-4.210383564936169e-14
26.914931095471097,-62.25847021321672,17.553036169685413,2.274322968432554,2.194884097031691,-3.368306851948935e-14
26.914789072364535,-62.26861164126866,17.554569037242263,2.274537966025235,2.1950153127807823,-3.368306851948935e-14
26.914645987640174,-62.27875308867612,17.556103815484672,2.274753002674596,2.195146178068984,-1.6841534259744676e-14
26.914501839833974,-62.28889455544021,17.55764050502969,2.274968078432517,2.1952766926869565,-5.894536990910637e-14
26.9143566274797,-62.29903604156197,17.559179106494366,2.275183193350935,2.1954068564252456,-4.210383564936169e-14
26.91421034910897,-62.30917754704244,17.560719620495775,2.27539834748185,2.1955366690742784,-4.210383564936169e-14
26.914063003251194,-62.3193190718826,17.562262047650954,2.2756135408773233,2.1956661304243767,-5.894536990910637e-14
26.91391458843361,-62.32946061608344,17.56380638857697,2.2758287735894758,2.1957952402657406,-6.73661370389787e-14
26.91376510318128,-62.33960217964584,17.565352643890883,2.2760440456704902,2.1959239983884618,-8.420767129872338e-14
26.913614546017058,-62.349743762570725,17.566900814209742,2.2762593571726106,2.1960524045825145,-2.5262301389617013e-14
26.91346291546161,-62.35988536485896,17.56845090015061,2.2764747081481405,2.1961804586377567,-3.368306851948935e-14
26.913310210033416,-62.37002698651138,17.570002902330536,2.2766900986494476,2.1963081603439374,-4.210383564936169e-14
26.91315642824872,-62.38016862752876,17.57155682136658,2.2769055287289577,2.196435509490684,0.0
26.91300156862158,-62.3903102879119,17.573112657875804,2.277120998439161,2.196562505867512,-9.262843842859572e-14
26.912845629663856,-62.400451967661496,17.57467041247526,2.277336507832606,2.1966891492638223,-8.420767129872338e-15
26.912688609885148,-62.410593666778276,17.576230085782,2.277552056961907,2.1968154394688972,-8.420767129872338e-14
26.912530507792887,-62.420735385262894,17.57779167841309,2.277767645879736,2.196941376271906,-5.894536990910637e-14
26.91237132189223,-62.430877123115955,17.57935519098558,2.2779832746388258,2.197066959461898,-5.0524602779234026e-14
26.912211050686153,-62.44101888033811,17.580920624116533,2.278198943291974,2.197192188827811,-9.262843842859572e-14
26.91204969267537,-62.451160656929886,17.582487978422993,2.2784146518920396,2.1973170641584634,-5.0524602779234026e-14
26.91188724635837,-62.46130245289183,17.584057254522033,2.2786304004919407,2.197441585242557,-4.210383564936169e-14
26.911723710231392,-62.47144426822444,17.585628453030694,2.278846189144662,2.1975657518686766,-3.368306851948935e-14
26.911559082788436,-62.48158610292815,17.58720157456605,2.279062017903243,2.1976895638252896,-2.5262301389617013e-14
26.911393362521242,-62.491727957003434,17.588776619745133,2.279277886820793,2.197813020900748,0.0
26.911226547919323,-62.50186983045068,17.59035358918502,2.2794937959504775,2.197936122883284,0.0
26.91105863746991,-62.51201172327025,17.59193248350277,2.2797097453455244,2.1980588695610104,-6.73661370389787e-14
26.91088962965798,-62.52215363546245,17.593513303315422,2.279925735059231,2.198181260721927,-1.6841534259744676e-14
26.91071952296624,-62.53229556702759,17.595096049240045,2.280141765144945,2.19830329615391,-5.0524602779234026e-14
26.910548315875143,-62.542437517965936,17.59668072189369,2.2803578356560865,2.1984249756447216,-4.210383564936169e-14
26.91037600686285,-62.55257948827769,17.59826732189342,2.2805739466461312,2.1985462989820013,-3.368306851948935e-14
26.91020259440524,-62.56272147796308,17.599855849856286,2.280790098168623,2.1986672659532718,-2.5262301389617013e-14
26.910028076975934,-62.572863487022246,17.601446306399346,2.2810062902771633,2.198787876345935,-4.210383564936169e-14
26.90985245304623,-62.5830055154553,17.60303869213966,2.2812225230254186,2.198908129947276,-2.5262301389617013e-14
26.909675721085176,-62.59314756326233,17.60463300769428,2.281438796467117,2.199028026544459,-8.420767129872338e-15
26.90949787955948,-62.603289630443406,17.60622925368026,2.2816551106560476,2.199147565924526,-3.368306851948935e-14
26.909318926933587,-62.61343171699854,17.607827430714664,2.281871465646069,2.1992667478744026,-6.73661370389787e-14
26.909138861669632,-62.62357382292769,17.60942753941455,2.2820878614910907,2.199385572180892,8.420767129872338e-15
26.908957682227406,-62.63371594823083,17.611029580396966,2.282304298245098,2.199504038630678,-8.420767129872338e-15
26.90877538706442,-62.64385809290789,17.61263355427897,2.2825207759621304,2.199622147010322,-7.578690416885104e-14
26.908591974635883,-62.6540002569587,17.61423946167762,2.282737294696293,2.1997398971062654,-3.368306851948935e-14
26.908407443394633,-62.66414244038314,17.615847303209982,2.2829538545017516,2.199857288704828,-1.0104920555846805e-13
26.90822179179123,-62.67428464318098,17.617457079493093,2.283170455432741,2.1999743215922103,-8.420767129872338e-15
26.908035018273875,-62.68442686535202,17.619068791144027,2.283387097543554,2.2000909955544863,-1.6841534259744676e-14
26.907847121288423,-62.694569106896004,17.620682438779838,2.2836037808885488,2.200207310377613,-6.73661370389787e-14
26.90765809927844,-62.70471136781261,17.622298023017574,2.2838205055221428,2.200323265847424,-5.0524602779234026e-14
26.907467950685106,-62.714853648101524,17.623915544474297,2.284037271498822,2.200438861749627,-9.262843842859572e-14
26.907276673947255,-62.72499594776232,17.62553500376707,2.284254078873133,2.200554097869812,-5.0524602779234026e-14
26.907084267501382,-62.73513826679465,17.627156401512934,2.284470927699689,2.200668973993444,-2.5262301389617013e-14
26.90689072978163,-62.74528060519805,17.62877973832896,2.284687818033161,2.2007834899058656,-3.368306851948935e-14
26.90669605921977,-62.75542296297204,17.630405014832196,2.284904749928286,2.2008976453922937,-4.210383564936169e-14
26.9065002542452,-62.76556534011608,17.632032231639705,2.285121723439868,2.201011440237825,-4.210383564936169e-14
26.90630331328497,-62.775707736629656,17.633661389368534,2.2853387386227713,2.2011248742274305,-8.420767129872338e-15
26.906105234763725,-62.785850152512154,17.63529248863575,2.2855557955319243,2.201237947145957,-2.5262301389617013e-14
26.90590601710376,-62.79599258776296,17.636925530058406,2.2857728942223186,2.201350658778129,-2.5262301389617013e-14
26.905705658724973,-62.8061350423814,17.63856051425356,2.2859900347490116,2.2014630089085436,-8.420767129872338e-15
26.90550415804489,-62.816277516366775,17.64019744183826,2.286207217167123,2.2015749973216767,-8.420767129872338e-15
26.905301513478612,-62.826420009718376,17.641836313429575,2.2864244415318375,2.2016866238018764,-5.894536990910637e-14
26.905097723438864,-62.83656252243539,17.643477129644555,2.2866417078984043,2.2017978881333664,-4.210383564936169e-14
26.90489278633598,-62.84670505451703,17.645119891100258,2.2868590163221345,2.2019087901002465,-5.894536990910637e-14
26.90468670057787,-62.85684760596244,17.646764598413743,2.2870763668584044,2.2020193294864883,-3.368306851948935e-14
26.904479464570027,-62.86699017677073,17.648411252202056,2.2872937595626572,2.202129506075939,1.6841534259744676e-14
26.904271076715553,-62.87713276694101,17.65005985308227,2.287511194490395,2.2022393196523207,-4.210383564936169e-14
26.90406153541512,-62.88727537647229,17.65171040167143,2.28772867169719,2.202348769999227,-3.368306851948935e-14
26.90385083906697,-62.89741800536358,17.65336289858659,2.2879461912386754,2.202457856900127,-7.578690416885104e-14
26.903638986066905,-62.90756065361385,17.65501734444481,2.2881637531705503,2.2025665801383596,-6.73661370389787e-14
26.903425974808336,-62.91770332122201,17.656673739863155,2.2883813575485754,2.2026749394971397,-6.73661370389787e-14
26.903211803682183,-62.927846008186975,17.658332085458678,2.28859900442858,2.2027829347595542,-4.210383564936169e-14
26.902996471076964,-62.93798871450759,17.659992381848433,2.2888166938664587,2.2028905657085645,-5.894536990910637e-14
26.90277997537873,-62.948131440182664,17.661654629649473,2.2890344259181665,2.2029978321269983,-3.368306851948935e-14
26.902562314971085,-62.958274185210975,17.663318829478854,2.289252200639725,2.203104733797562,-8.420767129872338e-15
26.90234348823518,-62.968416949591266,17.664984981953648,2.289470018087221,2.2032112705028273,-5.894536990910637e-14
26.902123493549688,-62.97855973332223,17.66665308769089,2.289687878316809,2.203317442025244,-3.368306851948935e-14
26.90190232929085,-62.98870253640254,17.66832314730765,2.2899057813847037,2.203423248147129,-4.210383564936169e-14
26.901679993832396,-62.99884535883079,17.669995161420985,2.290123727347187,2.20352868865067,8.420767129872338e-15
26.901456485545598,-63.00898820060559,17.671669130647945,2.2903417162606075,2.203633763317927,-3.368306851948935e-14
26.901231802799277,-63.019131061725496,17.673345055605587,2.2905597481813755,2.20373847193083,-5.0524602779234026e-14
26.901005943959717,-63.02927394218898,17.675022936910977,2.2907778231659712,2.203842814271179,-8.420767129872338e-15
26.900778907390745,-63.039416841994544,17.67670277518116,2.2909959412709364,2.2039467901206455,-3.368306851948935e-14
26.900550691453695,-63.049559761140586,17.678384571033202,2.291214102552879,2.2040503992607663,-3.368306851948935e-14
26.900321294507382,-63.05970269962552,17.68006832508415,2.2914323070684732,2.2041536414729546,-4.210383564936169e-14
26.900090714908146,-63.069845657447694,17.681754037951062,2.291650554874461,2.2042565165384866,-8.420767129872338e-15
26.899858951009776,-63.079988634605385,17.683441710251007,2.291868846027643,2.20435902423851,-3.368306851948935e-14
26.899626001163607,-63.09013163109694,17.68513134260103,2.292087180584893,2.2044611643540417,-5.0524602779234026e-14
26.89939186371841,-63.10027464692052,17.686822935618192,2.2923055586031476,2.204562936665968,-1.6841534259744676e-14
26.899156537020442,-63.11041768207434,17.688516489919543,2.2925239801394075,2.20466434095504,-3.368306851948935e-14
26.89892001941344,-63.12056073655656,17.69021200612215,2.2927424452507426,2.20476537700188,-4.210383564936169e-14
26.898682309238605,-63.1307038103653,17.691909484843062,2.292960953994286,2.2048660445869768,-1.6841534259744676e-14
26.898443404834612,-63.14084690349862,17.693608926699333,2.2931795064272396,2.2049663434906868,-2.5262301389617013e-14
26.898203304537578,-63.150990015954555,17.695310332308036,2.2933981026068664,2.205066273493233,-3.368306851948935e-14
26.897962006681066,-63.161133147731086,17.69701370228621,2.293616742590502,2.2051658343747054,-3.368306851948935e-14
26.897719509596126,-63.1712762988262,17.698719037250918,2.2938354264355434,2.205265025915064,-2.5262301389617013e-14
26.897475811611216,-63.18141946923778,17.700426337819216,2.2940541541994564,2.2053638478941306,0.0
26.89723091105224,-63.19156265896374,17.70213560460816,2.294272925939772,2.2054623000915967,-5.894536990910637e-14
26.89698480624253,-63.201705868001845,17.70384683823481,2.294491741714089,2.2055603822870156,-1.6841534259744676e-14
26.896737495502876,-63.21184909634994,17.705560039316218,2.2947106015800687,2.205658094259812,-3.368306851948935e-14
26.896488977151463,-63.22199234400577,17.707275208469447,2.294929505595445,2.2057554357892712,-2.5262301389617013e-14
26.89623924950389,-63.23213561096701,17.70899234631154,2.295148453818014,2.2058524066545466,-4.210383564936169e-14
26.895988310873197,-63.242278897231365,17.710711453459574,2.2953674463056393,2.2059490066346545,-1.6841534259744676e-14
26.895736159569832,-63.252422202796474,17.712432530530585,2.295586483116253,2.2060452355084776,-5.894536990910637e-14
26.89548279390162,-63.26256552765989,17.714155578141643,2.2958055643078517,2.206141093054762,-5.894536990910637e-14
26.895228212173787,-63.27270887181915,17.715880596909802,2.296024689938501,2.206236579052119,-4.210383564936169e-14
26.89497241268899,-63.2828522352718,17.717607587452115,2.29624386006633,2.2063316932790213,-2.5262301389617013e-14
26.894715393747244,-63.29299561801529,17.71933655038564,2.296463074749541,2.206426435513809,-5.0524602779234026e-14
26.894457153645945,-63.30313902004701,17.72106748632744,2.296682334046397,2.206520805534681,-8.420767129872338e-15
26.89419769067989,-63.313282441364386,17.722800395894563,2.2969016380152314,2.206614803119704,-7.578690416885104e-14
26.893937003141243,-63.323425881964724,17.724535279704064,2.2971209867144453,2.206708428046804,-8.420767129872338e-15
26.89367508931952,-63.33356934184534,17.726272138373012,2.2973403802025043,2.206801680093772,-3.368306851948935e-14
26.893411947501622,-63.34371282100348,17.72801097251845,2.2975598185379447,2.206894559038258,-3.368306851948935e-14
26.893147575971803,-63.35385631943633,17.729751782757443,2.297779301779369,2.20698706465778,-5.0524602779234026e-14
26.892881973011665,-63.3639998371411,17.731494569707046,2.297998829985445,2.2070791967297114,-5.894536990910637e-14
26.89261513690016,-63.374143374114915,17.733239333984315,2.2982184032149116,2.2071709550312892,-5.0524602779234026e-14
26.892347065913594,-63.38428693035484,17.734986076206308,2.298438021526573,2.2072623393396134,-5.0524602779234026e-14
26.8920777583256,-63.39443050585792,17.736734796990074,2.2986576849793035,2.2073533494316435,-3.368306851948935e-14
26.891807212407155,-63.404574100621154,17.738485496952674,2.2988773936320412,2.2074439850842005,-2.5262301389617013e-14
26.891535426426547,-63.414717714641526,17.740238176711173,2.2990971475437965,2.207534246073964,-2.5262301389617013e-14
26.89126239864941,-63.42486134791592,17.741992836882623,2.2993169467736445,2.2076241321774766,-7.578690416885104e-14
26.89098812733868,-63.43500500044121,17.743749478084077,2.299536791380731,2.2077136431711377,8.420767129872338e-15
26.890712610754615,-63.44514867221425,17.745508100932582,2.2997566814242663,2.2078027788312102,-8.420767129872338e-15
26.890435847154773,-63.455292363231806,17.747268706045215,2.299976616963531,2.2078915389338105,-3.368306851948935e-14
26.890157834794007,-63.465436073490615,17.749031294039018,2.300196598057877,2.207979923254921,-2.5262301389617013e-14
26.8898785719245,-63.47557980298738,17.75079586553106,2.3004166247667173,2.2080679315703766,-4.210383564936169e-14
26.88959805679569,-63.48572355171878,17.752562421138386,2.30063669714954,2.2081555636558767,-3.368306851948935e-14
26.889316287654328,-63.495867319681395,17.754330961478058,2.300856815265898,2.2082428192869745,-7.578690416885104e-14
26.88903326274443,-63.50601110687179,17.756101487167125,2.301076979175414,2.2083296982390817,0.0
26.888748980307295,-63.51615491328652,17.75787399882266,2.301297188937778,2.2084162002874694,-8.420767129872338e-15
26.888463438581493,-63.526298738922044,17.759648497061708,2.30151744461275,2.208502325207265,-5.0524602779234026e-14
26.88817663580286,-63.53644258377483,17.761424982501325,2.301737746260159,2.2085880727734533,-8.420767129872338e-14
26.887888570204503,-63.5465864478412,17.763203455758568,2.301958093939901,2.208673442760878,-4.210383564936169e-14
26.88759924001675,-63.55673033111756,17.7649839174505,2.302178487711943,2.2087584349442344,-2.5262301389617013e-14
26.887308643467225,-63.566874233600196,17.76676636819417,2.302398927636319,2.2088430490980793,-1.6841534259744676e-14
26.887016778780772,-63.57701815528538,17.768550808606637,2.302619413773133,2.208927284996824,-5.0524602779234026e-14
