galstreams/tracks/track.st.NGC5466.ibata2021.ecsv
# %ECSV 1.0
# ---
# datatype:
# - {name: ra, unit: deg, datatype: float64}
# - {name: dec, unit: deg, datatype: float64}
# - {name: distance, unit: kpc, datatype: float64}
# - {name: pm_ra_cosdec, unit: mas / yr, datatype: float64}
# - {name: pm_dec, unit: mas / yr, datatype: float64}
# - {name: radial_velocity, unit: km / s, datatype: float64}
# delimiter: ','
# meta: !!omap
# - __serialized_columns__:
#     dec:
#       __class__: astropy.coordinates.angles.Latitude
#       unit: &id001 !astropy.units.Unit {unit: deg}
#       value: !astropy.table.SerializedColumn {name: dec}
#     distance:
#       __class__: astropy.coordinates.distances.Distance
#       unit: !astropy.units.Unit {unit: kpc}
#       value: !astropy.table.SerializedColumn {name: distance}
#     pm_dec:
#       __class__: astropy.units.quantity.Quantity
#       unit: !astropy.units.Unit {unit: mas / yr}
#       value: !astropy.table.SerializedColumn {name: pm_dec}
#     pm_ra_cosdec:
#       __class__: astropy.units.quantity.Quantity
#       unit: !astropy.units.Unit {unit: mas / yr}
#       value: !astropy.table.SerializedColumn {name: pm_ra_cosdec}
#     ra:
#       __class__: astropy.coordinates.angles.Longitude
#       unit: *id001
#       value: !astropy.table.SerializedColumn {name: ra}
#       wrap_angle: !astropy.coordinates.Angle
#         unit: *id001
#         value: 360.0
#     radial_velocity:
#       __class__: astropy.units.quantity.Quantity
#       unit: !astropy.units.Unit {unit: km / s}
#       value: !astropy.table.SerializedColumn {name: radial_velocity}
# schema: astropy-2.0
ra,dec,distance,pm_ra_cosdec,pm_dec,radial_velocity
[from data line 410]
212.80994519640998,27.60687682641144,14.723939463646282,-5.5757416333040855,-0.8113623265674597,8.841805486365955e-14
212.81956440034273,27.601647636741582,14.722372493579009,-5.576592098491976,-0.8110942191711444,6.73661370389787e-14
212.8291824609733,27.596417452364964,14.720808262020585,-5.577444648094042,-0.8108244515162845,1.1368035625327657e-13
212.83879938000712,27.59118627587185,14.719246766552766,-5.578299276786833,-0.810553026627281,6.73661370389787e-14
212.84841515915042,27.585954109851908,14.717688004757303,-5.579155979248133,-0.810279947530379,1.5578419190263825e-13
212.85802980010985,27.58072095689443,14.71613197421596,-5.580014750156963,-0.8100052172536731,8.841805486365955e-14
212.86764330459278,27.575486819588185,14.714578672510486,-5.580875584193583,-0.8097288388270979,9.683882199353189e-14
212.87725567430718,27.57025170052149,14.713028097222637,-5.581738476039493,-0.8094508152824337,1.1368035625327657e-13
212.88686691096183,27.56501560228208,14.711480245934174,-5.582603420377417,-0.8091711496532935,1.2631150694808508e-13
212.89647701626598,27.559778527457297,14.709935116226854,-5.583470411891325,-0.8088898449751359,1.4736342477276593e-13
212.9060859919295,27.554540478633985,14.70839270568242,-5.584339445266419,-0.8086069042852531,1.5578419190263825e-13
212.915693839663,27.5493014583985,14.706853011882645,-5.5852105151891305,-0.808322330622774,8.420767129872338e-14
212.9253005611777,27.544061469336654,14.705316032409277,-5.5860836163471275,-0.8080361270286568,5.894536990910637e-14
212.93490615818536,27.538820514033834,14.703781764844068,-5.586958743429313,-0.8077482965456978,1.3052189051302125e-13
212.94451063239856,27.53357859507496,14.702250206768783,-5.587835891125813,-0.8074588422185195,8.841805486365955e-14
212.95411398553026,27.528335715044452,14.700721355765172,-5.5887150541279915,-0.807167767093579,1.642049590325106e-13
212.96371621929433,27.523091876526177,14.699195209414988,-5.589596227128448,-0.8068750742191482,9.683882199353189e-14
212.97331733540506,27.517847082103604,14.697671765299996,-5.590479404820998,-0.8065807666453385,1.9367764398706378e-13
212.98291733557747,27.512601334359697,14.69615102100194,-5.591364581900696,-0.8062848474240778,1.7262572616238293e-13
212.9925162215271,27.50735463587695,14.694632974102593,-5.592251753063821,-0.8059873196091215,2.063087946818723e-13
213.00211399497033,27.502106989237298,14.693117622183692,-5.593140913007885,-0.8056881862560371,1.8525687685719145e-13
213.01171065762395,27.496858397022276,14.691604962827002,-5.594032056431624,-0.8053874504222202,1.1789073981821273e-13
213.02130621120548,27.49160886181291,14.690094993614283,-5.594925178034995,-0.8050851151668831,1.0525958912340423e-13
213.030900657433,27.486358386189767,14.688587712127282,-5.595820272519191,-0.8047811835510518,7.578690416885104e-14
213.04049399802534,27.481106972732857,14.687083115947763,-5.596717334586625,-0.8044756586375637,1.5999457546757442e-13
213.05008623470184,27.475854624021775,14.685581202657474,-5.597616358940937,-0.804168543491075,1.2631150694808506e-14
213.05967736918248,27.47060134263561,14.684081969838179,-5.5985173402869854,-0.8038598411780523,1.1368035625327657e-13
213.06926740318784,27.465347131153024,14.68258541507163,-5.59942027333086,-0.8035495547667731,1.0104920555846805e-13
213.07885633843924,27.46009199215207,14.681091535939581,-5.600325152779868,-0.8032376873273168,6.73661370389787e-14
213.0884441766585,27.454835928210436,14.679600330023789,-5.601231973342541,-0.8029242419315769,1.4315304120782974e-13
213.0980309195681,27.449578941905276,14.678111794906018,-5.602140729728628,-0.8026092216532471,8.420767129872338e-14
213.10761656889105,27.444321035813317,14.67662592816801,-5.603051416649109,-0.8022926295678339,1.642049590325106e-13
213.1172011263512,27.4390622125107,14.67514272739153,-5.603964028816174,-0.801974468752631,8.841805486365955e-14
213.1267845936728,27.433802474573174,14.673662190158328,-5.604878560943236,-0.8016547422867433,1.1789073981821273e-13
213.13636697258082,27.428541824575994,14.672184314050169,-5.60579500774493,-0.8013334532510724,4.210383564936169e-14
213.14594826480075,27.4232802650939,14.670709096648803,-5.606713363937103,-0.8010106047283179,6.315575347404254e-14
213.15552847205873,27.418017798701218,14.669236535535982,-5.607633624236826,-0.8006861998029777,1.4315304120782974e-13
213.1651075960817,27.412754427971684,14.667766628293469,-5.608555783362385,-0.800360241561333,1.0525958912340423e-13
213.17468563859697,27.40749015547864,14.666299372503017,-5.609479836033277,-0.800032733091471,3.789345208442552e-14
213.18426260133248,27.402224983794937,14.664834765746384,-5.610405776970225,-0.799703677483264,6.315575347404254e-14
213.19383848601686,27.39695891549296,14.663372805605324,-5.611333600895162,-0.7993730778283785,1.5578419190263825e-13
213.2034132943794,27.39169195314452,14.661913489661593,-5.612263302531232,-0.7990409372202592,1.515738083377021e-13
213.2129870281499,27.38642409932106,14.660456815496946,-5.6131948766027975,-0.7987072587541466,-1.2631150694808506e-14
213.22255968905878,27.38115535659349,14.65900278069314,-5.614128317835439,-0.7983720455270639,5.4734986344170195e-14
213.23213127883702,27.375885727532282,14.65755138283193,-5.615063620955937,-0.7980353006378205,1.0946997268834039e-13
213.2417017992164,27.370615214707342,14.656102619495073,-5.616000780692294,-0.7976970271869989,4.210383564936169e-15
213.25127125192907,27.365343820688178,14.65465648826433,-5.616939791773718,-0.7973572282769722,1.642049590325106e-13
213.26083963870792,27.360071548043795,14.653212986721448,-5.617880648930637,-0.7970159070118868,1.768361097273191e-13
213.27040696128637,27.35479839934275,14.651772112448183,-5.618823346894678,-0.7966730664976723,7.157652060391487e-14
213.27997322139854,27.349524377153028,14.650333863026301,-5.619767880398683,-0.7963287098420252,1.5999457546757442e-13
213.28953842077905,27.34424948404223,14.648898236037548,-5.620714244176704,-0.7959828401544224,1.0525958912340423e-13
213.29910256116318,27.338973722577432,14.647465229063684,-5.6216624329639995,-0.7956354605461147,1.2631150694808508e-13
213.30866564428672,27.333697095325284,14.646034839686463,-5.622612441497036,-0.7952865741301233,9.262843842859572e-14
213.31822767188623,27.32841960485186,14.644607065487644,-5.623564264513486,-0.7949361840212351,1.347322740779574e-13
213.32778864569872,27.32314125372285,14.64318190404898,-5.62451789675223,-0.7945842933360078,3.789345208442552e-14
213.33734856746182,27.31786204450343,14.641759352952228,-5.625473332953353,-0.7942309051927712,9.262843842859572e-14
213.34690743891377,27.31258197975832,14.640339409779147,-5.6264305678581445,-0.7938760227116152,8.420767129872338e-15
213.35646526179346,27.30730106205169,14.638922072111486,-5.627389596209106,-0.7935196490143894,0.0
213.36602203784028,27.30201929394732,14.637507337531009,-5.6283504127499295,-0.7931617872247182,1.1789073981821273e-13
213.37557776879433,27.29673667800847,14.636095203619462,-5.629313012225522,-0.7928024404679731,6.73661370389787e-14
213.3851324563961,27.291453216797972,14.634685667958612,-5.6302773893819875,-0.7924416118712952,3.789345208442552e-14
213.3946861023869,27.28616891287808,14.633278728130207,-5.631243538966634,-0.7920793045635741,1.0525958912340423e-13
213.40423870850853,27.28088376881066,14.63187438171601,-5.632211455727966,-0.7917155216754664,1.4736342477276593e-13
213.41379027650336,27.275597787157068,14.630472626297772,-5.6331811344157,-0.7913502663393748,1.9788802755199994e-13
213.42334080811435,27.270310970478228,14.629073459457244,-5.634152569780745,-0.7909835416894607,6.73661370389787e-14
213.43289030508512,27.265023321334496,14.627676878776187,-5.6351257565752055,-0.7906153508616337,-2.5262301389617013e-14
213.4424387691598,27.259734842285827,14.626282881836364,-5.636100689552391,-0.790245696993556,6.73661370389787e-14
213.45198620208313,27.254445535891684,14.624891466219522,-5.637077363466814,-0.7898745832246359,7.157652060391487e-14
213.4615326056004,27.249155404711043,14.623502629507415,-5.638055773074173,-0.7895020126960345,1.3052189051302125e-13
213.47107798145757,27.24386445130245,14.62211636928181,-5.639035913131371,-0.7891279885506556,1.3052189051302125e-13
213.48062233140115,27.238572678223886,14.620732683124452,-5.640017778396507,-0.7887525139331418,9.683882199353189e-14
213.49016565717818,27.23328008803292,14.6193515686171,-5.641001363628876,-0.7883755919898867,1.0946997268834039e-13
213.49970796053637,27.227986683286638,14.617973023341515,-5.641986663588962,-0.7879972258690259,1.1368035625327657e-13
213.50924924322385,27.222692466541684,14.616597044879446,-5.642973673038456,-0.787617418720429,6.315575347404254e-14
213.51878950698955,27.21739744035414,14.61522363081265,-5.643962386740232,-0.7872361736957065,1.4315304120782974e-13
213.52832875358288,27.212101607279674,14.613852778722888,-5.644952799458362,-0.7868534939482045,1.0104920555846805e-13
213.53786698475372,27.206804969873488,14.612484486191914,-5.64594490595811,-0.786469382633009,1.7262572616238293e-13
213.54740420225272,27.20150753069032,14.611118750801477,-5.6469387010059355,-0.7860838429069371,4.631421921429786e-14
213.55694040783095,27.196209292284337,14.609755570133343,-5.64793417936948,-0.7856968779285389,1.8525687685719145e-13
213.5664756032402,27.190910257209342,14.608394941769264,-5.648931335817588,-0.7853084908580922,1.3894265764289357e-13
213.57600979023272,27.185610428018617,14.607036863290991,-5.6499301651202884,-0.7849186848576098,1.4315304120782974e-13
213.5855429705613,27.18030980726501,14.605681332280287,-5.650930662048797,-0.7845274630908351,1.4736342477276593e-13
213.5950751459795,27.175008397500815,14.604328346318907,-5.651932821375524,-0.784134828723226,2.1051917824680846e-14
213.60460631824125,27.169706201277908,14.6029779029886,-5.652936637874066,-0.7837407849219784,1.6841534259744677e-13
213.61413648910116,27.1644032211477,14.60162999987113,-5.653942106319209,-0.7833453348560041,1.4736342477276593e-13
213.62366566031432,27.159099459661146,14.600284634548254,-5.654949221486923,-0.7829484816959449,1.768361097273191e-13
213.63319383363654,27.153794919368636,14.598941804601717,-5.655957978154369,-0.7825502286141537,1.1789073981821273e-13
213.64272101082406,27.148489602820177,14.597601507613286,-5.656968371099888,-0.7821505787847108,2.3578147963642546e-13
213.65224719363377,27.14318351256527,14.596263741164714,-5.657980395103015,-0.7817495353834092,1.5578419190263825e-13
213.66177238382303,27.13787665115299,14.594928502837751,-5.658994044944462,-0.7813471015877664,8.420767129872338e-15
213.6712965831499,27.132569021131822,14.593595790214161,-5.660009315406132,-0.7809432805770024,1.3894265764289357e-13
213.68081979337296,27.1272606250499,14.592265600875699,-5.6610262012711035,-0.7805380755320653,1.5999457546757442e-13
213.6903420162513,27.12195146545484,14.590937932404113,-5.662044697323644,-0.780131489635603,1.6841534259744677e-13
213.69986325354455,27.116641544893817,14.589612782381169,-5.663064798349204,-0.7797235260719837,1.4736342477276593e-13
213.7093835070131,27.11133086591344,14.588290148388614,-5.664086499134412,-0.7793141880272759,9.262843842859572e-14
213.71890277841766,27.106019431059963,14.58697002800821,-5.665109794467084,-0.7789034786892627,9.683882199353189e-14
213.72842106951964,27.1007072428791,14.585652418821715,-5.666134679136208,-0.7784914012474324,1.3052189051302125e-13
213.73793838208104,27.09539430391612,14.584337318410878,-5.667161147931958,-0.7780779588929785,1.1368035625327657e-13
213.7474547178642,27.090080616715845,14.583024724357456,-5.668189195645686,-0.7776631548188,1.8104649329225526e-13
213.7569700786324,27.084766183822538,14.581714634243209,-5.669218817069924,-0.7772469922194885,3.789345208442552e-14
213.76648446614914,27.079451007780072,14.580407045649894,-5.67025000699838,-0.7768294742913474,1.221011233831489e-13
213.77599788217861,27.07413509113184,14.579101956159258,-5.6712827602259415,-0.7764106042323756,1.642049590325106e-13
213.78551032848551,27.06881843642077,14.577799363353066,-5.6723170715486715,-0.7759903852422705,1.1789073981821273e-13
213.79502180683522,27.063501046189245,14.57649926481307,-5.673352935763811,-0.775568820522422,9.683882199353189e-14
213.80453231899355,27.058182922979267,14.575201658121028,-5.674390347669775,-0.7751459132759217,1.3052189051302125e-13
213.8140418667269,27.052864069332347,14.573906540858694,-5.6754293020661555,-0.774721666707548,5.894536990910637e-14
213.82355045180216,27.04754448778954,14.572613910607823,-5.676469793753721,-0.7742960840237822,1.221011233831489e-13
213.833058075987,27.04222418089134,14.571323764950176,-5.677511817534407,-0.7738691684327793,7.157652060391487e-14
213.8425647410494,27.036903151177874,14.5700361014675,-5.6785553682113346,-0.7734409231443994,0.0
213.85207044875796,27.031581401188774,14.56875091774156,-5.679600440588779,-0.7730113513701857,5.4734986344170195e-14
213.86157520088176,27.026258933463218,14.567468211354111,-5.680647029472208,-0.7725804563233675,1.2631150694808508e-13
213.87107899919073,27.020935750539838,14.5661879798869,-5.6816951296682525,-0.772148241218854,9.262843842859572e-14
213.88058184545503,27.015611854956887,14.564910220921695,-5.6827447359847065,-0.7717147092732467,5.0524602779234026e-14
213.89008374144547,27.0102872492521,14.563634932040243,-5.683795843230548,-0.7712798637048262,0.0
213.89958468893332,27.004961935962793,14.562362110824303,-5.684848446215919,-0.7708437077335579,2.1472956181174462e-13
213.90908468969067,26.999635917625735,14.56109175485563,-5.685902539752128,-0.7704062445810737,1.1789073981821273e-13
213.91858374548994,26.99430919677729,14.559823861715982,-5.686958118651658,-0.7699674774706983,1.4315304120782974e-13
213.92808185810404,26.988981775953338,14.558558428987112,-5.688015177728156,-0.7695274096274275,2.020984111169361e-13
213.93757902930653,26.98365365768932,14.557295454250777,-5.689073711796437,-0.7690860442779329,7.578690416885104e-14
213.9470752608716,26.978324844520124,14.556034935088736,-5.6901337156724825,-0.7686433846505586,1.2631150694808508e-13
213.95657055457383,26.97299533898025,14.554776869082742,-5.691195184173444,-0.7681994339753231,1.5578419190263825e-13
213.9660649121884,26.967665143603714,14.553521253814555,-5.692258112117633,-0.7677541954839152,1.7262572616238293e-13
213.97555833549094,26.96233426092408,14.552268086865922,-5.6933224943245335,-0.7673076724096981,1.3894265764289357e-13
213.98505082625786,26.95700269347437,14.551017365818609,-5.694388325614788,-0.7668598679876941,2.315710960714893e-13
213.99454238626592,26.95167044378723,14.549769088254362,-5.695455600810207,-0.7664107854545988,1.9367764398706378e-13
214.00403301729244,26.946337514394795,14.548523251754945,-5.696524314733761,-0.7659604280487736,8.420767129872338e-14
214.01352272111527,26.941003907828744,14.547279853902113,-5.697594462209582,-0.765508799010244,1.3894265764289357e-13
214.0230114995128,26.93566962662032,14.546038892277618,-5.698666038062971,-0.7650559015806999,9.262843842859572e-14
214.03249935426408,26.9303346733002,14.544800364463216,-5.699739037120385,-0.7646017390034864,1.7262572616238293e-13
214.04198628714855,26.924999050398704,14.543564268040667,-5.700813454209445,-0.7641463145236138,1.768361097273191e-13
214.05147229994625,26.91966276044564,14.542330600591725,-5.701889284158931,-0.7636896313877501,8.420767129872338e-14
214.0609573944377,26.91432580597039,14.541099359698144,-5.702966521798782,-0.7632316928442245,1.2631150694808508e-13
214.07044157240404,26.908988189501777,14.539870542941681,-5.704045161960099,-0.7627725021430153,6.73661370389787e-14
214.0799248356269,26.903649913568238,14.538644147904098,-5.705125199475139,-0.7623120625357596,1.0525958912340423e-13
214.0894071858884,26.898310980697744,14.53742017216714,-5.706206629177322,-0.7618503772757501,1.6841534259744677e-13
