galstreams/tracks/track.st.OmegaCen-Fimbulthul.ibata2024.ecsv
# %ECSV 1.0
# ---
# datatype:
# - {name: ra, unit: deg, datatype: float64}
# - {name: dec, unit: deg, datatype: float64}
# - {name: distance, unit: kpc, datatype: float64}
# - {name: pm_ra_cosdec, unit: mas / yr, datatype: float64}
# - {name: pm_dec, unit: mas / yr, datatype: float64}
# - {name: radial_velocity, unit: km / s, datatype: float64}
# delimiter: ','
# meta: !!omap
# - __serialized_columns__:
#     dec:
#       __class__: astropy.coordinates.angles.Latitude
#       unit: &id001 !astropy.units.Unit {unit: deg}
#       value: !astropy.table.SerializedColumn {name: dec}
#     distance:
#       __class__: astropy.coordinates.distances.Distance
#       unit: !astropy.units.Unit {unit: kpc}
#       value: !astropy.table.SerializedColumn {name: distance}
#     pm_dec:
#       __class__: astropy.units.quantity.Quantity
#       unit: !astropy.units.Unit {unit: mas / yr}
#       value: !astropy.table.SerializedColumn {name: pm_dec}
#     pm_ra_cosdec:
#       __class__: astropy.units.quantity.Quantity
#       unit: !astropy.units.Unit {unit: mas / yr}
#       value: !astropy.table.SerializedColumn {name: pm_ra_cosdec}
#     ra:
#       __class__: astropy.coordinates.angles.Longitude
#       unit: *id001
#       value: !astropy.table.SerializedColumn {name: ra}
#       wrap_angle: !astropy.coordinates.Angle
#         unit: *id001
#         value: 360.0
#     radial_velocity:
#       __class__: astropy.units.quantity.Quantity
#       unit: !astropy.units.Unit {unit: km / s}
#       value: !astropy.table.SerializedColumn {name: radial_velocity}
# schema: astropy-2.0
ra,dec,distance,pm_ra_cosdec,pm_dec,radial_velocity
285.1682769663871,-30.093925872681886,1.0000000000000016,-6.464001489714995,-19.152535813755325,-362.7271336779914
285.1722807555588,-30.12115632834711,1.0000000000000016,-6.473405342988222,-19.15999026367259,-362.2453847247245
285.1762923401116,-30.148385044014102,1.0000000000000016,-6.482798736512294,-19.16746450965361,-361.763904841833
285.1803117077921,-30.175612026463114,1.0000000000000016,-6.492181666807557,-19.174958505523747,-361.2826939218169
285.18433884634504,-30.202837282479145,1.0000000000000018,-6.501554130416142,-19.182472205105114,-360.8017518571756
285.18837374351364,-30.230060818852408,1.0000000000000013,-6.510916123901474,-19.190005562216726,-360.32107854040913
285.19241638703903,-30.25728264237788,1.0000000000000016,-6.520267643848957,-19.19755853067425,-359.8406738640177
285.19646676466067,-30.284502759855705,1.0000000000000016,-6.52960868686559,-19.205131064290185,-359.36053772050064
285.2005248641161,-30.311721178090842,1.0000000000000016,-6.538939249579936,-19.21272311687371,-358.88067000235793
285.20459067314107,-30.338937903893385,1.0000000000000016,-6.548259328642338,-19.220334642230778,-358.40107060208965
285.2086641794692,-30.366152944078245,1.0000000000000016,-6.557568920725014,-19.22796559416396,-357.9217394121955
285.2127453708323,-30.39336630546533,1.0000000000000016,-6.566868022521735,-19.235615926472544,-357.4426763251752
285.21683423496,-30.420577994879654,1.0000000000000016,-6.576156630748251,-19.24328559295242,-356.96388123352904
285.2209307595801,-30.447788019150963,1.0000000000000013,-6.585434742141992,-19.25097454739614,-356.485354029756
285.2250349324182,-30.474996385114178,1.0000000000000016,-6.594702353462324,-19.25868274359283,-356.0070946063571
285.2291467411978,-30.502203099609,1.0000000000000013,-6.603959461490444,-19.266410135328226,-355.529102855831
285.23326617364035,-30.529408169480234,1.0000000000000016,-6.613206063029381,-19.274156676384568,-355.05137867067845
285.23739321746496,-30.55661160157746,1.0000000000000016,-6.622442154904128,-19.281922320540687,-354.5739219433987
285.2415278603888,-30.58381340275539,1.0000000000000016,-6.631667733961592,-19.28970702157187,-354.096732566492
285.2456700901265,-30.611013579873568,1.0000000000000016,-6.640882797070756,-19.297510733249986,-353.61981043245805
285.2498198943906,-30.6382121397964,1.0000000000000016,-6.6500873411224966,-19.305333409343245,-353.1431554337966
285.25397726089125,-30.66540908939346,1.0000000000000016,-6.659281363029653,-19.313175003616468,-352.66676746300766
285.2581421773363,-30.692604435538996,1.0000000000000016,-6.668464859727251,-19.32103546983075,-352.19064641259104
285.2623146314313,-30.71979818511243,1.0000000000000016,-6.677637828172237,-19.32891476174371,-351.71479217504657
285.26649461087914,-30.746990344997887,1.0000000000000016,-6.686800265343795,-19.336812833109313,-351.23920464287386
285.2706821033806,-30.77418092208461,1.0000000000000016,-6.69595216824316,-19.344729637677833,-350.76388370857313
285.2748770966336,-30.801369923266588,1.0000000000000018,-6.705093533893713,-19.35266512919597,-350.28882926464405
285.27907957833395,-30.828557355442925,1.0000000000000018,-6.714224359340925,-19.360619261406736,-349.8140412035865
285.2832895361746,-30.85574322551748,1.0000000000000016,-6.723344641652716,-19.36859198804945,-349.3395194179002
285.2875069578461,-30.882927540399024,1.0000000000000016,-6.732454377918966,-19.376583262859643,-348.86526380008524
285.2917318310363,-30.9101103070014,1.0000000000000016,-6.741553565251969,-19.384593039569165,-348.3912742426414
285.29596414343035,-30.93729153224318,1.0000000000000016,-6.750642200786281,-19.392621271906126,-347.9175506380682
285.30020388271095,-30.964471223047983,1.0000000000000016,-6.759720281678739,-19.40066791359483,-347.4440928788659
285.3044510365577,-30.991649386344196,1.0000000000000018,-6.768787805108563,-19.40873291835576,-346.9709008575341
285.30870559264775,-31.01882602906527,1.0000000000000018,-6.777844768277294,-19.41681623990564,-346.49797446657277
285.31296753865547,-31.046001158149352,1.0000000000000016,-6.78689116840885,-19.42491783195726,-346.0253135984819
285.3172368622522,-31.073174780539702,1.0000000000000016,-6.7959270027497105,-19.433037648219617,-345.5529181457608
285.3215135511065,-31.100346903184327,1.0000000000000016,-6.804952268568677,-19.44117564239783,-345.08078800091005
285.32579759288404,-31.127517533036112,1.0000000000000016,-6.8139669631571245,-19.449331768193087,-344.6089230564288
285.33008897524775,-31.154686677052965,1.0000000000000016,-6.822971083828847,-19.45750597930263,-344.13732320481756
285.3343876858573,-31.181854342197518,1.0000000000000018,-6.831964627920211,-19.46569822941984,-343.66598833857574
285.3386937123695,-31.209020535437453,1.0000000000000016,-6.840947592790272,-19.47390847223406,-343.19491835020307
285.3430070424382,-31.236185263745146,1.0000000000000018,-6.84991997582042,-19.482136661430655,-342.7241131321999
285.34732766371405,-31.263348534098043,1.0000000000000018,-6.85888177441505,-19.490382750691044,-342.2535725770655
285.35165556384476,-31.290510353478343,1.0000000000000018,-6.867832986000817,-19.498646693692564,-341.78329657730006
285.3559907304746,-31.31767072887307,1.0000000000000018,-6.876773608027477,-19.506928444108485,-341.31328502540345
285.3603331512451,-31.34482966727431,1.0000000000000018,-6.885703637967104,-19.515227955608147,-340.84353781387546
285.3646828137941,-31.371987175678818,1.0000000000000018,-6.894623073314815,-19.523545181856665,-340.3740548352157
285.36903970575673,-31.399143261088376,1.0000000000000016,-6.903531911588306,-19.531880076515115,-339.9048359819244
285.37340381476434,-31.426297930509453,1.0000000000000018,-6.912430150328355,-19.54023259324041,-339.4358811465014
285.3777751284453,-31.453451190953597,1.0000000000000018,-6.921317787098282,-19.548602685685392,-338.96719022144606
285.3821536344244,-31.48060304943699,1.0000000000000018,-6.930194819484509,-19.556990307498683,-338.4987630992586
285.3865393203234,-31.507753512980884,1.000000000000002,-6.9390612450961875,-19.56539541232475,-338.030599672439
285.3909321737601,-31.534902588611164,1.0000000000000018,-6.947917061565626,-19.573817953803818,-337.56269983348676
285.3953321823494,-31.562050283358783,1.0000000000000018,-6.956762266547816,-19.582257885571916,-337.0950634749019
285.3997393337024,-31.589196604259413,1.000000000000002,-6.965596857720961,-19.590715161260906,-336.6276904891844
285.40415361542676,-31.616341558353547,1.0000000000000018,-6.974420832786247,-19.599189734498278,-336.16058076883377
285.40857501512653,-31.643485152686672,1.0000000000000018,-6.983234189467954,-19.60768155890731,-335.69373420635003
285.4130035204021,-31.670627394308937,1.0000000000000018,-6.992036925513407,-19.61619058810692,-335.22715069423316
285.4174391188505,-31.69776829027551,1.0000000000000018,-7.000829038693052,-19.624716775711782,-334.7608301249829
285.4218817980647,-31.724907847646225,1.0000000000000018,-7.009610526800611,-19.633260075332213,-334.29477239109895
285.4263315456344,-31.75204607348592,1.0000000000000018,-7.018381387652816,-19.64182044057416,-333.8289773850813
285.4307883491453,-31.779182974864142,1.0000000000000018,-7.027141619089726,-19.65039782503918,-333.3634449994299
285.4352521961792,-31.80631855885526,1.0000000000000018,-7.035891218974733,-19.65899218232446,-332.89817512664433
285.43972307431443,-31.833452832538626,1.000000000000002,-7.0446301851944035,-19.66760346602282,-332.43316765922464
285.4442009711252,-31.86058580299821,1.0000000000000018,-7.053358515658754,-19.676231629722533,-331.9684224896707
285.448685874182,-31.88771747732303,1.0000000000000018,-7.062076208301008,-19.684876627007537,-331.50393951048216
285.45317777105123,-31.914847862606713,1.0000000000000018,-7.070783261077889,-19.693538411457244,-331.0397186141591
285.4576766492956,-31.941976965947898,1.0000000000000018,-7.079479671969523,-19.702216936646593,-330.5757596932011
285.4621824964735,-31.969104794449866,1.0000000000000018,-7.088165438979594,-19.710912156146,-330.1120626401083
285.4666953001396,-31.9962313552209,1.000000000000002,-7.096840560135032,-19.719624023521387,-329.6486273473804
285.47121504784417,-32.0233566553739,1.0000000000000018,-7.105505033486601,-19.7283524923341,-329.18545370751724
285.4757417271338,-32.050480702026796,1.000000000000002,-7.114158857108414,-19.737097516140956,-328.7225416130187
285.48027532555056,-32.07760350230215,1.0000000000000018,-7.122802029098327,-19.745859048494165,-328.25989095638454
285.48481583063256,-32.104725063327365,1.000000000000002,-7.131434547577683,-19.75463704294135,-327.79750163011477
285.48936322991364,-32.13184539223477,1.0000000000000018,-7.140056410691663,-19.76343145302553,-327.3353735267089
285.4939175109234,-32.15896449616134,1.0000000000000018,-7.148667616608993,-19.772242232285073,-326.87350653866724
285.4984786611871,-32.186082382249005,1.000000000000002,-7.157268163522293,-19.78106933425368,-326.4119005584893
285.5030466682257,-32.21319905764432,1.0000000000000018,-7.1658580496478415,-19.789912712460396,-325.9505554786751
285.507621519556,-32.240314529498875,1.000000000000002,-7.174437273225735,-19.798772320429602,-325.4894711917243
285.51220320269005,-32.267428804968844,1.000000000000002,-7.18300583252007,-19.807648111680923,-325.02864759013704
285.51679170513574,-32.29454189121524,1.000000000000002,-7.191563725818611,-19.81654003972928,-324.5680845664129
285.52138701439645,-32.32165379540401,1.0000000000000018,-7.200110951433182,-19.825448058084884,-324.1077820130518
285.5259891179709,-32.34876452470568,1.0000000000000018,-7.208647507699492,-19.834372120253104,-323.6477398225536
285.5305980033535,-32.37587408629579,1.000000000000002,-7.217173392977333,-19.843312179734607,-323.1879578874182
285.5352136580338,-32.40298248735444,1.0000000000000018,-7.225688605650415,-19.852268190025228,-322.72843610014536
285.5398360694971,-32.430089735066765,1.0000000000000018,-7.234193144126575,-19.861240104615998,-322.26917435323486
285.54446522522363,-32.457195836622425,1.000000000000002,-7.242687006837752,-19.87022787699308,-321.8101725391869
285.5491011126893,-32.48430079921609,1.0000000000000018,-7.251170192240036,-19.879231460637858,-321.35143055050094
285.55374371936506,-32.51140463004709,1.000000000000002,-7.25964269881371,-19.888250809026786,-320.89294827967694
285.55839303271716,-32.53850733631949,1.0000000000000018,-7.268104525063126,-19.897285875631432,-320.4347256192148
285.5630490402071,-32.5656089252423,1.000000000000002,-7.2765556695170766,-19.906336613918505,-319.9767624616143
285.5677117292913,-32.59270940402912,1.0000000000000018,-7.284996130728555,-19.915402977349775,-319.5190586993755
285.57238108742183,-32.61980877989849,1.0000000000000018,-7.2934259072748375,-19.924484919382028,-319.0616142249978
285.5770571020452,-32.64690706007357,1.0000000000000018,-7.301844997757652,-19.93358239346718,-318.6044289309815
285.5817397606034,-32.674004251782456,1.0000000000000018,-7.310253400803166,-19.942695353052116,-318.14750270982626
285.5864290505332,-32.70110036225781,1.0000000000000018,-7.3186511150618045,-19.951823751578726,-317.6908354540319
285.59112495926655,-32.728195398737284,1.000000000000002,-7.327038139208639,-19.9609675424839,-317.23442705609824
285.5958274742302,-32.75528936846315,1.000000000000002,-7.335414471943157,-19.970126679199556,-316.7782774085252
285.6005365828457,-32.78238227868241,1.000000000000002,-7.343780111989496,-19.9793011151525,-316.3223864038127
285.6052522725297,-32.80947413664702,1.0000000000000018,-7.352135058096284,-19.98849080376451,-315.8667539344603
285.60997453069336,-32.83656494961345,1.0000000000000018,-7.360479309036911,-19.997695698452294,-315.4113798929682
285.61470334474296,-32.86365472484318,1.0000000000000018,-7.368812863609289,-20.00691575262747,-314.956264171836
285.61943870207926,-32.89074346960221,1.0000000000000018,-7.37713572063614,-20.016150919696496,-314.5014066635638
285.62418059009786,-32.91783119116151,1.0000000000000018,-7.385447878964939,-20.025401153060784,-314.04680726065106
285.62892899618896,-32.944917896796625,1.000000000000002,-7.393749337467877,-20.034666406116553,-313.592465855598
285.6336839077373,-32.972003593787996,1.000000000000002,-7.402040095042139,-20.04394663225486,-313.1383823409042
285.6384453121225,-32.99908828942073,1.000000000000002,-7.410320150609536,-20.05324178486162,-312.6845566090696
285.6432131967183,-33.02617199098465,1.0000000000000018,-7.418589503116959,-20.062551817317512,-312.2309885525942
285.6479875488934,-33.05325470577447,1.0000000000000018,-7.426848151536216,-20.071876682998038,-311.7776780639777
285.65276835601065,-33.08033644108948,1.0000000000000018,-7.43509609486409,-20.08121633527347,-311.32462503571986
285.65755560542743,-33.10741720423388,1.0000000000000018,-7.443333332122357,-20.090570727508826,-310.87182936032065
285.6623492844955,-33.134497002516454,1.0000000000000018,-7.451559862358014,-20.099939813063845,-310.41929093027983
285.66714938056106,-33.161575843250894,1.0000000000000018,-7.4597756846430165,-20.109323545293044,-309.9670096380975
285.67195588096445,-33.18865373375546,1.0000000000000018,-7.467980798074461,-20.11872187754562,-309.51498537627305
285.6767687730405,-33.21573068135329,1.0000000000000018,-7.476175201774701,-20.128134763165434,-309.06321803730674
285.68158804411814,-33.24280669337221,1.0000000000000018,-7.484358894891358,-20.13756215549106,-308.61170751369826
285.6864136815204,-33.2698817771447,1.0000000000000018,-7.492531876597301,-20.14700400785573,-308.16045369794745
285.69124567256466,-33.296955940008154,1.0000000000000018,-7.500694146090652,-20.1564602735873,-307.7094564825542
285.6960840045624,-33.324029189304504,1.0000000000000018,-7.5088457025949005,-20.165930906008292,-307.2587157600183
285.70092866481906,-33.3511015323806,1.000000000000002,-7.516986545359067,-20.17541585843574,-306.80823142283964
285.70577964063415,-33.37817297658783,1.000000000000002,-7.5251166736574895,-20.184915084181405,-306.358003363518
285.7106369193013,-33.405243529282515,1.0000000000000018,-7.533236086789973,-20.194428536551577,-305.9080314745533
285.7155004881079,-33.4323131978255,1.000000000000002,-7.541344784081822,-20.20395616884705,-305.4583156484454
285.7203703343354,-33.459381989582546,1.000000000000002,-7.54944276488413,-20.21349793436324,-305.008855777694
285.72524644525913,-33.486449911924,1.000000000000002,-7.557530028573403,-20.223053786390068,-304.559651754799
285.73012880814815,-33.51351697222493,1.0000000000000018,-7.565606574551804,-20.23262367821195,-304.11070347226047
285.73501741026547,-33.54058317786527,1.0000000000000018,-7.573672402247173,-20.24220756310787,-303.66201082257805
285.7399122388676,-33.56764853622949,1.0000000000000018,-7.5817275111132645,-20.251805394351194,-303.21357369825165
285.74481328120515,-33.594713054706965,1.0000000000000018,-7.589771900629312,-20.26141712520986,-302.7653919917809
285.74972052452205,-33.621776740691594,1.0000000000000018,-7.597805570300711,-20.271042708946197,-302.3174655956659
285.7546339560561,-33.648839601582175,1.0000000000000018,-7.605828519658452,-20.280682098816982,-301.8697944024065
285.7595535630386,-33.67590164478205,1.000000000000002,-7.613840748259538,-20.29033524807341,-301.42237830450256
285.7644793326944,-33.702962877699456,1.0000000000000018,-7.621842255686925,-20.300002109961124,-300.9752171944537
285.76941125224187,-33.73002330774719,1.0000000000000018,-7.62983304154962,-20.30968263772011,-300.52831096475995
285.7743493088929,-33.75708294234278,1.0000000000000018,-7.637813105482493,-20.319376784584772,-300.08165950792113
285.7792934898527,-33.78414178890858,1.0000000000000018,-7.64578244714669,-20.32908450378382,-299.635262716437
285.78424378232,-33.811199854871475,1.0000000000000018,-7.653741066229379,-20.33880574854033,-299.1891204828076
285.78920017348685,-33.83825714766327,1.0000000000000018,-7.6616889624439075,-20.348540472071782,-298.7432326995326
