galstreams/tracks/track.st.C-8.ibata2021.ecsv
# %ECSV 0.9
# ---
# datatype:
# - {name: ra, unit: deg, datatype: float64}
# - {name: dec, unit: deg, datatype: float64}
# - {name: distance, unit: kpc, datatype: float64}
# - {name: pm_ra_cosdec, unit: mas / yr, datatype: float64}
# - {name: pm_dec, unit: mas / yr, datatype: float64}
# - {name: radial_velocity, unit: km / s, datatype: float64}
# delimiter: ','
# meta: !!omap
# - __serialized_columns__:
#     dec:
#       __class__: astropy.coordinates.angles.Latitude
#       unit: &id001 !astropy.units.Unit {unit: deg}
#       value: !astropy.table.SerializedColumn {name: dec}
#     distance:
#       __class__: astropy.coordinates.distances.Distance
#       unit: !astropy.units.Unit {unit: kpc}
#       value: !astropy.table.SerializedColumn {name: distance}
#     pm_dec:
#       __class__: astropy.units.quantity.Quantity
#       unit: !astropy.units.Unit {unit: mas / yr}
#       value: !astropy.table.SerializedColumn {name: pm_dec}
#     pm_ra_cosdec:
#       __class__: astropy.units.quantity.Quantity
#       unit: !astropy.units.Unit {unit: mas / yr}
#       value: !astropy.table.SerializedColumn {name: pm_ra_cosdec}
#     ra:
#       __class__: astropy.coordinates.angles.Longitude
#       unit: *id001
#       value: !astropy.table.SerializedColumn {name: ra}
#       wrap_angle: !astropy.coordinates.Angle
#         unit: *id001
#         value: 360.0
#     radial_velocity:
#       __class__: astropy.units.quantity.Quantity
#       unit: !astropy.units.Unit {unit: km / s}
#       value: !astropy.table.SerializedColumn {name: radial_velocity}
# schema: astropy-2.0
ra,dec,distance,pm_ra_cosdec,pm_dec,radial_velocity
[from data line 837]
343.60312535883696,-74.08913037240895,3.279439115236718,8.016434576582961,6.717755564242524,8.420767129872338e-15
343.61689288731566,-74.0796518418026,3.2800265750833932,8.01431384799476,6.716791258889724,-2.1051917824680846e-14
343.6307162108722,-74.07017412759873,3.280622944033607,8.012187002098067,6.715819637469936,-1.2631150694808506e-14
343.64459546043906,-74.0606972230125,3.28122824572992,8.010054044490053,6.714840681115129,-1.6841534259744676e-14
343.6585307666685,-74.0512211211605,3.281842503814892,8.007914980899175,6.713854370891796,-2.5262301389617013e-14
343.67252225993263,-74.04174581506031,3.2824657419310834,8.005769817185538,6.712860687801098,-8.420767129872338e-15
343.6865700703244,-74.0322712976301,3.283097983721054,8.003618559341234,6.711859612779066,-4.210383564936169e-15
343.700674327658,-74.02279756168821,3.2837392528273655,8.001461213490703,6.710851126696797,-8.420767129872338e-15
343.7148351614692,-74.01332459995255,3.284389572892576,7.999297785891088,6.709835210360663,-2.5262301389617013e-14
343.7290527010161,-74.00385240504038,3.2850489675592462,7.997128282932582,6.7088118445124785,-1.2631150694808506e-14
343.7433270752798,-73.99438096946776,3.2857174604699373,7.994952711138786,6.707781009829723,-8.420767129872338e-15
343.7576584129645,-73.98491028564905,3.28639507526721,7.992771077167082,6.706742686925699,4.210383564936169e-15
343.7720468424983,-73.97544034589663,3.287081835593621,7.990583387808985,6.705696856349781,-4.210383564936169e-15
343.78649249203374,-73.96597114242032,3.287777765091734,7.988389649990479,6.70464349858758,-2.1051917824680846e-14
343.80099548944816,-73.95650266732694,3.288482887404108,7.986189870772421,6.7035825940611415,8.420767129872338e-15
343.81555596234415,-73.94703491262001,3.289197226173303,7.983984057350882,6.702514123129157,4.210383564936169e-15
343.8301740380502,-73.9375678701991,3.289920805041879,7.981772217057511,6.701438066087153,4.210383564936169e-15
343.84484984362103,-73.92810153185958,3.290653647652397,7.979554357359909,6.700354403167707,-2.947268495455318e-14
343.85958350583815,-73.918635889292,3.291395777647416,7.977330485861984,6.699263114540635,-1.6841534259744676e-14
343.8743751512103,-73.90917093408183,3.292147218669497,7.975100610304343,6.698164180313199,-2.947268495455318e-14
343.88922490597383,-73.89970665770883,3.2929079943612,7.9728647385646365,6.697057580530312,-4.210383564936169e-15
343.9041328960932,-73.89024305154672,3.2936781283650864,7.970622878657954,6.695943295174726,0.0
343.91909924726133,-73.88078010686272,3.294457644323714,7.968375038737187,6.69482130416726,-3.789345208442552e-14
343.9341240849003,-73.87131781481706,3.295246565879644,7.966121227093375,6.693691587367009,-1.6841534259744676e-14
343.9492075341614,-73.86185616646256,3.296044916675438,7.9638614521561415,6.69255412457151,-2.5262301389617013e-14
343.9643497199258,-73.85239515274415,3.296852720353654,7.96159572249403,6.69140889551699,-1.2631150694808506e-14
343.9795507668048,-73.84293476449854,3.297670000556853,7.959324046814873,6.690255879878558,-8.420767129872338e-15
343.99481079914034,-73.83347499245357,3.2984967809275947,7.957046433966216,6.689095057270411,0.0
344.01012994100535,-73.82401582722792,3.2993330851084406,7.954762892935647,6.687926407246047,-8.420767129872338e-15
344.025508316204,-73.81455725933058,3.30017893674195,7.952473432851217,6.686749909298481,4.210383564936169e-15
344.04094604827253,-73.80509927916049,3.301034359470684,7.950178062981811,6.685565542860439,-2.1051917824680846e-14
344.05644326047883,-73.79564187700592,3.3018993769372003,7.94787679273753,6.684373287304598,-3.368306851948935e-14
344.0720000758237,-73.7861850430442,3.302774012784062,7.945569631670062,6.68317312194378,-4.210383564936169e-15
344.08761661704034,-73.77672876734115,3.303658290653827,7.943256589473124,6.681965026031152,8.420767129872338e-15
344.1032930065953,-73.76727303985069,3.304552234189058,7.940937675982781,6.680748978760458,-2.947268495455318e-14
344.11902936668884,-73.75781785041434,3.305455867032313,7.938612901177876,6.679524959266269,4.210383564936169e-15
344.13482581925456,-73.74836318876079,3.3063692128261524,7.936282275180426,6.67829294662412,2.5262301389617013e-14
344.1506824859605,-73.73890904450545,3.307292295213138,7.933945808255993,6.677052919850788,4.210383564936169e-15
344.16659948820904,-73.72945540714996,3.308225137835828,7.9316035108140905,6.675804857904502,4.210383564936169e-15
344.1825769471375,-73.72000226608178,3.309167764336783,7.929255393408571,6.674548739685144,0.0
344.198614983618,-73.71054961057374,3.3101201983585646,7.926901466738032,6.673284544034479,-8.420767129872338e-15
344.214713718258,-73.70109742978346,3.311082463543731,7.9245417416462125,6.672012249736383,-4.210383564936169e-15
344.23087327140075,-73.69164571275311,3.3120545835348443,7.922176229122369,6.670731835517053,-8.420767129872338e-15
344.24709376312535,-73.68219444840878,3.3130365819744627,7.91980494030172,6.669443280045239,-2.5262301389617013e-14
344.26337531324685,-73.67274362556002,3.3140284825051487,7.917427886465803,6.668146561932462,1.6841534259744676e-14
344.27971804131687,-73.66329323289952,3.31503030876946,7.915045079042914,6.666841659733233,4.210383564936169e-15
344.2961220666237,-73.65384325900251,3.316042084409958,7.912656529608474,6.665528551945301,-4.210383564936169e-15
344.3125875081924,-73.64439369232639,3.317063833069203,7.910262249885464,6.664207217009863,-1.2631150694808506e-14
344.3291144847853,-73.63494452121019,3.3180955783897557,7.907862251744817,6.662877633311787,1.6841534259744676e-14
344.3457031149019,-73.62549573387422,3.3191373440141745,7.905456547205841,6.661539779179853,-3.368306851948935e-14
344.3623535167794,-73.61604731841948,3.320189153585021,7.903045148436593,6.660193632886996,0.0
344.37906580839285,-73.6065992628273,3.321251030744855,7.900628067754333,6.658839172650487,-3.368306851948935e-14
344.39584010745506,-73.59715155495884,3.322322999136237,7.8982053176258935,6.657476376632234,-4.210383564936169e-15
344.41267653141716,-73.58770418255462,3.323405082401727,7.895776910668136,6.656105222938949,1.2631150694808506e-14
344.4295751974686,-73.57825713323406,3.3244973041838843,7.893342859648325,6.654725689622429,-8.420767129872338e-15
344.4465362225373,-73.56881039449507,3.325599688125271,7.890903177484553,6.65333775467978,0.0
344.46355972329,-73.55936395371349,3.326712257868445,7.8884578772461715,6.651941396053638,-1.2631150694808506e-14
344.4806458161323,-73.54991779814267,3.327835037055969,7.88600697215419,6.6505365916324175,-8.420767129872338e-15
344.4977946172088,-73.54047191491308,3.328968049330401,7.88355047558171,6.649123319250563,1.6841534259744676e-14
344.51500624240305,-73.53102629103172,3.3301113183343016,7.881088401054331,6.647701556688743,-2.947268495455318e-14
344.5322808073383,-73.52158091338175,3.3312648677102312,7.878620762250561,6.6462712816741725,-4.210383564936169e-15
344.5496184273768,-73.51213576872195,3.3324287211007504,7.87614757300228,6.644832471880758,-4.210383564936169e-15
344.5670192176207,-73.50269084368635,3.3336029021484195,7.873668847295115,6.643385104929414,8.420767129872338e-15
344.5844832929117,-73.49324612478367,3.3347874344957975,7.8711845992688865,6.641929158388278,-8.420767129872338e-15
344.60201076783125,-73.48380159839688,3.3359823417854457,7.8686948432180355,6.640464609772956,-1.2631150694808506e-14
344.61960175670066,-73.4743572507828,3.337187647659924,7.866199593592038,6.638991436546769,-8.420767129872338e-15
344.63725637358124,-73.46491306807154,3.3384033757617924,7.863698864995838,6.6375096161210125,1.2631150694808506e-14
344.6549747322743,-73.45546903626608,3.3396295497336115,7.861192672190283,6.636019125855187,1.6841534259744676e-14
344.6727569463213,-73.4460251412418,3.340866193217941,7.858681030092546,6.634519943057262,-1.6841534259744676e-14
344.69060312900393,-73.43658136874602,3.342113329857341,7.856163953776534,6.633012044983927,8.420767129872338e-15
344.708513393344,-73.4271377043975,3.343370983294372,7.853641458473374,6.631495408840837,4.210383564936169e-15
344.72648785210373,-73.41769413368598,3.3446391771715938,7.85111355957179,6.629970011782865,-4.210383564936169e-15
344.7445266177856,-73.40825064197178,3.3459179351315678,7.848580272618566,6.6284358309143645,-2.1051917824680846e-14
344.76262980263255,-73.39880721448519,3.3472072808168525,7.8460416133189685,6.626892843289422,-8.420767129872338e-15
344.7807975186277,-73.38936383632617,3.348507237870009,7.843497597537196,6.625341025912117,4.210383564936169e-15
344.79902987749483,-73.37992049246374,3.3498178299335972,7.8409482412967995,6.623780355736771,-2.947268495455318e-14
344.817326990698,-73.3704771677356,3.351139080650177,7.838393560781121,6.6222108096682275,-1.6841534259744676e-14
344.83568896944166,-73.3610338468476,3.35247101366231,7.835833572333751,6.620632364562081,-2.1051917824680846e-14
344.8541159246709,-73.35159051437331,3.353813652612555,7.83326829245895,6.61904499722498,-1.2631150694808506e-14
344.8726079670709,-73.34214715475355,3.3551670211434717,7.83069773782209,6.617448684414853,-8.420767129872338e-15
344.89116520706733,-73.33270375229587,3.356531142897621,7.828121925250111,6.6158434028411905,-3.368306851948935e-14
344.9097877548263,-73.32326029117412,3.3579060415175643,7.825540871731937,6.6142291291653255,-1.6841534259744676e-14
344.9284757202542,-73.31381675542802,3.35929174064586,7.822954594418952,6.612605840000674,-8.420767129872338e-15
344.94722921299757,-73.30437312896257,3.360688263925069,7.8203631106254115,6.610973511913019,1.6841534259744676e-14
344.96604834244323,-73.29492939554773,3.3620956349977513,7.8177664378289276,6.609332121420775,1.6841534259744676e-14
344.9849332177181,-73.28548553881781,3.3635138775064672,7.815164593670868,6.607681644995265,-2.5262301389617013e-14
345.00388394768925,-73.27604154227106,3.364943015093777,7.812557595956845,6.606022059060999,-8.420767129872338e-15
345.02290064096366,-73.26659738926922,3.366383071402241,7.809945462657135,6.604353339995931,-2.5262301389617013e-14
345.04198340588835,-73.25715306303701,3.367834070074419,7.807328211907139,6.602675464131749,-4.210383564936169e-15
345.0611323505499,-73.24770854666164,3.369296034752871,7.804705862007853,6.600988407754147,1.6841534259744676e-14
345.08034758277466,-73.23826382309245,3.3707689890801578,7.802078431426284,6.599292147103096,-1.6841534259744676e-14
345.0996292101288,-73.22881887514025,3.372252956698839,7.799445938795904,6.597586658373155,1.2631150694808506e-14
345.1189773399177,-73.21937368547701,3.3737479612514747,7.79680840291715,6.595871917713696,8.420767129872338e-15
345.1383920791862,-73.20992823663533,3.375254026380626,7.794165842757808,6.594147901229254,4.210383564936169e-15
345.1578735347183,-73.20048251100795,3.3767711757288517,7.791518277453534,6.592414584979756,-1.6841534259744676e-14
345.1774218130371,-73.19103649084725,3.3782994329387126,7.788865726308252,6.59067194498084,1.6841534259744676e-14
345.1970370204044,-73.18159015826491,3.37983882165277,7.786208208794661,6.588919957204113,-4.210383564936169e-15
345.2167192628212,-73.17214349523125,3.381389365513583,7.783545744554648,6.587158597577483,8.420767129872338e-15
345.23646864602654,-73.1626964835749,3.3829510881637113,7.780878353399789,6.585387841985398,1.6841534259744676e-14
345.25628527549816,-73.15324910498228,3.384524013245716,7.778206055311763,6.5836076662691765,1.2631150694808506e-14
345.27616925645196,-73.14380134099706,3.3861081644021573,7.775528870442851,6.58181804622728,4.210383564936169e-15
345.29612069384183,-73.13435317301982,3.3877035652755945,7.772846819116371,6.580018957615613,-2.5262301389617013e-14
345.31613969235957,-73.12490458230744,3.3893102395085886,7.770159921827139,6.5782103761478385,4.210383564936169e-15
345.33622635643434,-73.11545554997274,3.3909282107436995,7.7674681992419625,6.576392277495625,0.0
345.35638079023283,-73.10600605698393,3.3925575026234873,7.764771672200059,6.574564637289005,-2.1051917824680846e-14
345.37660309765903,-73.09655608416413,3.394198138790512,7.762070361713553,6.572727431116633,-1.6841534259744676e-14
345.39689338235354,-73.08710561219098,3.395850142887334,7.759364288967923,6.5708806345261035,0.0
345.4172517476939,-73.07765462159605,3.397513538556513,7.756653475322475,6.56902422302426,1.2631150694808506e-14
345.4376782967939,-73.06820309276448,3.3991883494406108,7.7539379423108015,6.567158172077487,-8.420767129872338e-15
345.4581731325035,-73.0587510059344,3.400874599182185,7.751217711641253,6.565282457112034,-4.210383564936169e-15
345.47873635740865,-73.04929834119652,3.402572311423799,7.7484928051974045,6.563397053514302,-8.420767129872338e-15
345.4993680738309,-73.03984507849364,3.4042815098080097,7.745763245038523,6.56150193663117,0.0
345.52006838382715,-73.0303911976202,3.40600221797738,7.743029053400024,6.559597081770309,0.0
345.5408373891891,-73.02093667822173,3.407734459574467,7.7402902526939785,6.557682464200474,4.210383564936169e-15
345.5616751914435,-73.01148149979446,3.409478258241834,7.737546865509529,6.55575805915184,2.5262301389617013e-14
345.5825818918513,-73.00202564168478,3.4112336376220407,7.734798914613406,6.553823841816307,-2.1051917824680846e-14
345.60355759140765,-72.99256908308882,3.413000621357646,7.732046422950368,6.551879787347833,-2.5262301389617013e-14
345.6246023908416,-72.98311180305194,3.4147792330912097,7.729289413643693,6.549925870862739,-1.6841534259744676e-14
345.64571639061535,-72.97365378046825,3.4165694964652933,7.7265279099956405,6.5479620674400305,8.420767129872338e-15
345.6668996909244,-72.96419499408019,3.4183714351224563,7.723761935487934,6.545988352121716,-1.6841534259744676e-14
345.68815239169703,-72.95473542247794,3.420185072705259,7.7209915137822245,6.544004699913161,8.420767129872338e-15
345.7094745925937,-72.94527504409909,3.4220104328562626,7.718216668720563,6.542011085783374,-8.420767129872338e-15
345.7308663930071,-72.93581383722804,3.4238475392180256,7.715437424325895,6.540007484665367,-8.420767129872338e-15
345.75232789206143,-72.92635177999564,3.425696415433109,7.712653804802509,6.537993871456471,8.420767129872338e-15
345.7738591886123,-72.91688885037861,3.4275570851440724,7.709865834536528,6.53597022101866,-1.2631150694808506e-14
345.79546038124596,-72.9074250261991,3.4294295719934773,7.707073538096384,6.533936508178907,-3.789345208442552e-14
345.81713156827925,-72.89796028512427,3.431313899623883,7.704276940233292,6.531892707729494,-2.1051917824680846e-14
345.83887284775915,-72.88849460466571,3.433210091677849,7.701476065881727,6.529838794428372,8.420767129872338e-15
345.86068431746213,-72.87902796217911,3.435118171797937,7.698670940159916,6.527774742999471,1.6841534259744676e-14
345.8825660748938,-72.86956033486362,3.437038163626707,7.695861588370289,6.525700528133062,-1.6841534259744676e-14
345.90451821728874,-72.86009169976148,3.4389700908067167,7.6930480359999835,6.523616124486116,-8.420767129872338e-15
345.9265408416097,-72.85062203375757,3.440913976980529,7.6902303087213,6.521521506682595,0.0
345.94863404454753,-72.84115131357885,3.4428698457907037,7.687408432392201,6.519416649313848,0.0
345.9707979225201,-72.83167951579391,3.4448377208797996,7.684582433056796,6.517301526938931,-4.210383564936169e-15
345.9930325716726,-72.82220661681255,3.4468176258903784,7.681752336945798,6.515176114084962,8.420767129872338e-15
346.0153380878765,-72.81273259288525,3.4488095844649997,7.678918170477009,6.513040385247484,1.6841534259744676e-14
346.0377145667292,-72.80325742010274,3.450813620246224,7.6760799602558345,6.510894314890798,8.420767129872338e-15
346.0601621035538,-72.79378107439547,3.452829756876611,7.673237733075718,6.508737877448326,-3.368306851948935e-14
346.08268079339825,-72.78430353153317,3.45485801799872,7.670391515918646,6.506571047322993,-4.210383564936169e-15
346.105270731035,-72.7748247671244,3.4568984272551138,7.667541335955637,6.504393798887529,1.6841534259744676e-14
