galstreams/tracks/track.st.New-19.ibata2024.ecsv
# %ECSV 1.0
# ---
# datatype:
# - {name: ra, unit: deg, datatype: float64}
# - {name: dec, unit: deg, datatype: float64}
# - {name: distance, unit: kpc, datatype: float64}
# - {name: pm_ra_cosdec, unit: mas / yr, datatype: float64}
# - {name: pm_dec, unit: mas / yr, datatype: float64}
# - {name: radial_velocity, unit: km / s, datatype: float64}
# delimiter: ','
# meta: !!omap
# - __serialized_columns__:
#     dec:
#       __class__: astropy.coordinates.angles.Latitude
#       unit: &id001 !astropy.units.Unit {unit: deg}
#       value: !astropy.table.SerializedColumn {name: dec}
#     distance:
#       __class__: astropy.coordinates.distances.Distance
#       unit: !astropy.units.Unit {unit: kpc}
#       value: !astropy.table.SerializedColumn {name: distance}
#     pm_dec:
#       __class__: astropy.units.quantity.Quantity
#       unit: !astropy.units.Unit {unit: mas / yr}
#       value: !astropy.table.SerializedColumn {name: pm_dec}
#     pm_ra_cosdec:
#       __class__: astropy.units.quantity.Quantity
#       unit: !astropy.units.Unit {unit: mas / yr}
#       value: !astropy.table.SerializedColumn {name: pm_ra_cosdec}
#     ra:
#       __class__: astropy.coordinates.angles.Longitude
#       unit: *id001
#       value: !astropy.table.SerializedColumn {name: ra}
#       wrap_angle: !astropy.coordinates.Angle
#         unit: *id001
#         value: 360.0
#     radial_velocity:
#       __class__: astropy.units.quantity.Quantity
#       unit: !astropy.units.Unit {unit: km / s}
#       value: !astropy.table.SerializedColumn {name: radial_velocity}
# schema: astropy-2.0
ra,dec,distance,pm_ra_cosdec,pm_dec,radial_velocity
220.77447827317772,32.08605084910829,1.0000000000000002,-3.374502910800478,-1.77347598892068,-65.81607125844836
220.77130765486208,32.0966463021318,1.0000000000000002,-3.374230814340952,-1.778947005602646,-60.56192860577766
220.76818759749293,32.10722239714843,1.0000000000000002,-3.3739541332701513,-1.784418969863335,-55.45382811118521
220.76511797781308,32.11777919113359,1.0000000000000002,-3.373672905163237,-1.7898918629767842,-50.49034399108951
220.76209867245066,32.128316740995764,1.0000000000000002,-3.3733871675804514,-1.795365666243895,-45.67005046190615
220.75912955791992,32.13883510357732,1.0000000000000004,-3.3730969580669097,-1.8008403609922272,-40.99152174005166
220.75621051062114,32.14933433565455,1.0000000000000002,-3.3728023141524472,-1.8063159285757706,-36.45333204194503
220.75334140684123,32.15981449393825,1.0000000000000002,-3.3725032733514375,-1.8117923503747164,-32.05405558400162
220.7505221227541,32.17027563507423,1.0000000000000002,-3.3721998731626224,-1.8172696077952377,-27.792266582638824
220.74775253442078,32.18071781564343,1.0000000000000002,-3.3718921510689412,-1.8227476822692668,-23.666539254274074
220.74503251779018,32.19114109216266,1.0000000000000002,-3.37158014453736,-1.8282265552542718,-19.675447815324105
220.74236194869903,32.20154552108465,1.0000000000000002,-3.371263891018696,-1.8337062082330364,-15.817566482204937
220.73974070287235,32.21193115879868,1.0000000000000004,-3.370943427947458,-1.8391866227134355,-12.091469471334442
220.73716865592408,32.222298061631086,1.0000000000000004,-3.370618792741669,-1.8446677802282099,-8.49573099912959
220.73464568335697,32.23264628584527,1.0000000000000004,-3.3702900228026995,-1.8501496623347582,-5.028925282006638
220.73217166056332,32.24297588764258,1.0000000000000007,-3.3699571555151,-1.855632250614903,-1.6896265363841356
220.7297464628251,32.25328692316227,1.0000000000000004,-3.369620228246437,-1.8611155266746808,1.5235910213230042
220.72736996531452,32.26357944848231,1.0000000000000004,-3.369279278347122,-1.8665994721441128,4.612153174696235
220.72504204309405,32.27385351961945,1.0000000000000004,-3.36893434315024,-1.8720840686769946,7.577485707320197
220.72276257111707,32.28410919252975,1.0000000000000007,-3.3685854599713987,-1.877569297950671,10.421014402776454
220.7205314242282,32.29434652310916,1.0000000000000004,-3.3682326661085535,-1.883055141665827,13.144165044647481
220.7183484771634,32.30456556719356,1.0000000000000004,-3.367875998841839,-1.8885415815462567,15.748363416519172
220.71621360455066,32.31476638055959,1.0000000000000004,-3.367515495433419,-1.894028599338655,18.235035301971262
220.71412668091,32.32494901892463,1.0000000000000004,-3.3671511931273077,-1.8995161768124023,20.60560648458932
220.71208758065416,32.335113537947436,1.0000000000000004,-3.3667831291492196,-1.9050042957593418,22.86150274795387
220.71009617808872,32.34525999322864,1.0000000000000004,-3.3664113407063985,-1.9104929379935638,25.00414987565136
220.70815234741252,32.355388440310854,1.0000000000000002,-3.3660358649874675,-1.915982085351202,27.03497365126145
220.70625596271807,32.3654989346794,1.0000000000000004,-3.3656567391622456,-1.921471719690198,28.955399858369677
220.70440689799176,32.37559153176242,1.0000000000000007,-3.3652740003816195,-1.9269618228901078,30.766854280556693
220.70260502711432,32.385666286931425,1.0000000000000004,-3.3648876857773615,-1.932452376851878,32.470762701408496
220.70085022386118,32.395723255501835,1.0000000000000004,-3.3644978324619705,-1.9379433634976286,34.06855090450541
220.69914236190266,32.40576249273299,1.0000000000000004,-3.36410447752852,-1.9434347647704464,35.561644673431154
220.69748131480458,32.41578405382906,1.0000000000000004,-3.363707658050507,-1.9489265626341745,36.95146979177014
220.69586695602837,32.42578799393891,1.0000000000000007,-3.3633074110816787,-1.9544187390731929,38.239452043104166
220.69429915893159,32.43577436815704,1.0000000000000007,-3.3629037736558924,-1.9599112760922157,39.42701721101617
220.6927777967681,32.445743231523515,1.0000000000000007,-3.362496782786944,-1.9654041557160702,40.51559107909055
220.69130274268852,32.455694639024614,1.0000000000000009,-3.3620864754684154,-1.970897359989502,41.506599430907855
220.68987386974067,32.465628645593306,1.0000000000000007,-3.361672888673542,-1.9763908709769429,42.40146805005362
220.68849105086963,32.47554530610936,1.0000000000000009,-3.3612560593550236,-1.9818846707623243,43.201622720110436
220.68715415891845,32.4854446754001,1.0000000000000007,-3.3608360244448963,-1.9873787414488584,43.90848922465989
220.68586306662817,32.495326808240485,1.0000000000000007,-3.360412820854363,-1.9928730651588276,44.52349334728558
220.68461764663837,32.50519175935367,1.0000000000000007,-3.3599864854736614,-1.998367624033385,45.04806087157249
220.68341777148746,32.5150395834115,1.0000000000000007,-3.3595570551718854,-2.003862400232334,45.483617581100034
220.6822633136129,32.524870335034635,1.0000000000000009,-3.359124566796857,-2.0093573759339445,45.831589259454866
220.68115414535185,32.53468406879327,1.0000000000000009,-3.3586890571749666,-2.0148525333347185,46.09340169021835
220.6800901389412,32.5444808392073,1.0000000000000007,-3.358250563111026,-2.0203478546492133,46.2704806569725
220.679071166518,32.55426070074672,1.0000000000000009,-3.3578091213880974,-2.0258433221098144,46.36425194330299
220.67809710012,32.56402370783227,1.0000000000000007,-3.357364768767385,-2.031338917966541,46.37614133279022
220.6771678116856,32.57376991483553,1.0000000000000007,-3.3569175419880573,-2.036834624486855,46.307574609018964
220.67628317305468,32.58349937607957,1.0000000000000007,-3.35646747776711,-2.042330423955427,46.15997755557078
220.6754430559685,32.59321214583914,1.0000000000000007,-3.3560146127992003,-2.047826298673965,45.93477595603112
220.67464733207026,32.60290827834112,1.0000000000000009,-3.3555589837565396,-2.0533222309609966,45.63339559398015
220.67389587290552,32.612587827765154,1.0000000000000007,-3.355100627288712,-2.0588182031516715,45.2572622530031
220.67318854992232,32.62225084824362,1.0000000000000007,-3.354639580022544,-2.0643141975975645,44.807801716680835
220.67252523447164,32.63189739386246,1.0000000000000007,-3.354175878561946,-2.069810196666467,44.2864397685987
220.67190579780777,32.64152751866122,1.0000000000000007,-3.353709559487795,-2.0753061827422026,43.69460219233837
220.67133011108865,32.651141276633744,1.0000000000000009,-3.3532406593577795,-2.0808021382244073,43.03371477148392
220.67079804537607,32.66073872172831,1.0000000000000007,-3.352769214706234,-2.086298045528356,42.305203289617566
220.67030947163616,32.670319907848175,1.0000000000000007,-3.352295262044027,-2.0917938870847506,41.51049353032227
220.66986426073976,32.67988488885203,1.0000000000000007,-3.351818837858411,-2.0972896453395156,40.65101127718196
220.6694622834625,32.68943371855415,1.0000000000000009,-3.351339978612868,-2.102785302753628,39.728182313777104
220.66910341048552,32.698966450725145,1.0000000000000007,-3.3508587207469924,-2.1082808418028964,38.743432423694124
220.66878751239543,32.708483139091996,1.0000000000000007,-3.35037510067633,-2.1137762449777804,37.69818739051448
220.66851445968487,32.7179838373386,1.0000000000000009,-3.349889154792245,-2.1192714947831934,36.5938729978211
220.6682841227529,32.72746859910634,1.0000000000000007,-3.3494009194617993,-2.124766573738306,35.431915029196944
220.66809637190505,32.7369374779941,1.0000000000000007,-3.3489104310275772,-2.1302614643763595,34.213739268226156
220.66795107735402,32.746390527559065,1.0000000000000007,-3.348417725807588,-2.1357561492444663,32.94077149849113
220.6678481092197,32.75582780131678,1.000000000000001,-3.3479228400950967,-2.141250610903426,31.614437503573768
220.66778733752966,32.76524935274168,1.0000000000000009,-3.347425810158516,-2.146744831927533,30.236163067059127
220.66776863221958,32.7746552352676,1.000000000000001,-3.3469266722412505,-2.152238794904378,28.807373972528467
220.66779186313323,32.7840455022879,1.0000000000000009,-3.346425462561561,-2.1577324824346773,27.329496003566305
220.66785690002334,32.79342020715615,1.000000000000001,-3.345922217312452,-2.16322587713206,25.803954943753865
220.66796361255138,32.80277940318626,1.0000000000000009,-3.345416972661511,-2.1687189616229015,24.23217657667567
220.66811187028821,32.812123143652954,1.000000000000001,-3.344909764750791,-2.1742117185461245,22.615586685914305
220.6683015427144,32.821451481792366,1.0000000000000009,-3.344400629696677,-2.1797041305530165,20.955611055052827
220.66853249922048,32.830764470802016,1.000000000000001,-3.343889603589752,-2.1851961803070425,19.25367546767495
220.66880460910727,32.84006216384169,1.0000000000000009,-3.34337672249466,-2.1906878504836618,17.511205707362823
220.66911774158632,32.84934461403329,1.000000000000001,-3.342862022449987,-2.1961791237701407,15.729627557699251
220.66947176578003,32.858611874461786,1.0000000000000009,-3.3423455394681194,-2.201669982865371,13.91036680226853
220.6698665507222,32.867863998175125,1.0000000000000009,-3.341827309535123,-2.2071604104796885,12.05484922465258
220.6703019653582,32.87710103818481,1.0000000000000009,-3.3413073686106065,-2.212650389334688,10.164500608434766
220.67077787854547,32.88632304746644,1.0000000000000009,-3.340785752627604,-2.2181399021630384,8.240746737198151
220.6712941590536,32.89553007895975,1.0000000000000009,-3.340262497492431,-2.223628931708314,6.2850133945255555
220.6718506755649,32.904722185569405,1.0000000000000009,-3.3397376390845763,-2.229117460724799,4.298726364000231
220.6724472966746,32.91389942016498,1.0000000000000009,-3.3392112132565606,-2.234605471977324,2.2833114292052477
220.67308389089118,32.92306183558155,1.0000000000000009,-3.3386832558338173,-2.2400929482410734,0.24019437372340197
220.67376032663677,32.93220948462022,1.000000000000001,-3.338153802614567,-2.2455798723014118,-1.8291990188615708
220.67447647224728,32.941342420048116,1.0000000000000009,-3.337622889369692,-2.2510662269537183,-3.923442964967532
220.6752321959731,32.950460694599215,1.0000000000000009,-3.3370905518426115,-2.256551995003189,-6.041111681010301
220.67602736597897,32.95956436097433,1.0000000000000009,-3.3365568257491556,-2.2620371592646817,-8.180779383408202
220.6768618503446,32.9686534718417,1.0000000000000009,-3.3360217467774502,-2.2675217025625285,-10.341020288577052
220.67773551706503,32.977728079837455,1.0000000000000009,-3.335485350587788,-2.2730056077303633,-12.520408612934709
220.67864823405063,32.98678823756567,1.0000000000000009,-3.334947672812509,-2.2784888576109594,-14.717518572897454
220.67959986912777,32.99583399759919,1.0000000000000009,-3.3344087490558794,-2.2839714350560385,-16.930924384882925
220.68059029003896,33.00486541247959,1.0000000000000009,-3.333868614893973,-2.289453322926116,-19.159200265307845
220.6816193644432,33.013882534717716,1.0000000000000009,-3.3333273058745445,-2.294934504090321,-21.400920430588254
220.68268695991637,33.02288541679426,1.000000000000001,-3.3327848575169217,-2.3004149614262266,-23.65465909714294
220.68379294395137,33.031874111159745,1.0000000000000009,-3.332241305311877,-2.3058946778196807,-25.918990481387027
220.6849371839587,33.0408486702353,1.0000000000000009,-3.3316966847215137,-2.311373636164647,-28.192488799738154
220.68611954726654,33.04980914641265,1.0000000000000009,-3.3311510311791417,-2.3168518193630185,-30.473728268613744
220.68733990112125,33.05875559205489,1.0000000000000009,-3.3306043800891785,-2.322329210324464,-32.76128310443027
220.68859811268752,33.06768805949648,1.0000000000000009,-3.3300567668270125,-2.3278057919662647,-35.05372752360494
220.6898940490487,33.07660660104383,1.0000000000000009,-3.3295082267389002,-2.3332815472131347,-37.34963574255402
220.6912275772074,33.085511268975765,1.0000000000000009,-3.3289587951418413,-2.3387564589970675,-39.647581977696284
220.6925985640854,33.09440211554356,1.0000000000000009,-3.328408507323478,-2.344230510257172,-41.94614044544619
220.69400687652427,33.10327919297173,1.0000000000000009,-3.3278573985419704,-2.3497036839394974,-44.24388536222318
220.69545238128546,33.11214255345804,1.000000000000001,-3.3273055040258805,-2.3551759629968885,-46.53939094444173
220.69693494505077,33.120992249174,1.000000000000001,-3.3267528589740762,-2.360647330388817,-48.83123140852081
220.6984544344227,33.129828332265454,1.000000000000001,-3.326199498555597,-2.366117769081211,-51.11798097087649
220.70001071592452,33.138650854852486,1.0000000000000009,-3.325645457909564,-2.3715872620463117,-53.39821384792594
220.70160365600083,33.1474598690303,1.000000000000001,-3.3250907721450518,-2.377055792262503,-55.67050425608567
220.70323312101772,33.15625542686919,1.0000000000000009,-3.324535476340993,-2.382523342714153,-57.93342641177354
220.70489897726316,33.16503758041504,1.000000000000001,-3.3239796055460538,-2.387989896391467,-60.18555453140561
220.70660109094734,33.173806381689836,1.0000000000000009,-3.3234231947785404,-2.3934554362903295,-62.42546283139927
220.70833932820278,33.18256188269176,1.000000000000001,-3.322866279026275,-2.398919945412125,-64.65172552817192
220.710113555085,33.19130413539583,1.0000000000000009,-3.3223088932465052,-2.4043834067636194,-66.86291683813965
220.7119236375724,33.20003319175402,1.0000000000000009,-3.3217510723657813,-2.40984580335678,-69.05761097772005
220.71376944156688,33.2087491036957,1.0000000000000009,-3.321192851279849,-2.4153071182086325,-71.23438216332943
220.715650832894,33.21745192312819,1.0000000000000009,-3.320634264853572,-2.4207673343411056,-73.39180461138606
220.71756767730332,33.22614170193676,1.0000000000000009,-3.3200753479207865,-2.4262264347808884,-75.52845253830516
220.71951984046882,33.23481849198539,1.0000000000000009,-3.319516135284223,-2.4316844025592594,-77.64290016050474
220.7215071879889,33.24348234511672,1.0000000000000009,-3.3189566617153936,-2.437141220711956,-79.73372169440154
220.72352958538704,33.252133313152804,1.0000000000000009,-3.3183969619544893,-2.4425968722790206,-81.79949135641253
220.72558689811189,33.260771447895166,1.0000000000000009,-3.3178370707102784,-2.4480513403046427,-83.83878336295446
220.72767899153754,33.26939680112522,1.000000000000001,-3.3172770226599937,-2.453504607837039,-85.85017193044473
220.7298057309641,33.27800942460485,1.0000000000000009,-3.3167168524492547,-2.458956657928267,-87.83223127530049
220.73196698161757,33.28660937007641,1.0000000000000009,-3.3161565946919493,-2.4644074736341057,-89.78353561393808
220.7341626086505,33.29519668926343,1.0000000000000007,-3.3155962839701294,-2.469857038013915,-91.70265916277455
220.73639247714218,33.30377143387066,1.0000000000000009,-3.3150359548339186,-2.475305334130466,-93.58817613822724
220.7386564520988,33.31233365558453,1.0000000000000009,-3.3144756418014083,-2.4807523450498437,-95.4386607567126
220.740954398454,33.32088340607375,1.0000000000000009,-3.313915379358588,-2.486198053841246,-97.25268723464772
220.74328618106895,33.3294207369892,1.000000000000001,-3.3133552019591823,-2.491642443576877,-99.02882978845014
220.74565166473278,33.3379456999647,1.0000000000000009,-3.312795144024623,-2.497085497331822,-100.76566263453581
220.7480507141628,33.34645834661709,1.000000000000001,-3.3122352399439006,-2.5025271981838646,-102.46175998932223
220.75048319400472,33.35495872854661,1.0000000000000009,-3.3116755240735225,-2.507967529213401,-104.11569606922671
220.75294896883324,33.36344689733752,1.0000000000000009,-3.311116030737346,-2.5134064735032435,-105.72604509066605
220.75544790315192,33.37192290455799,1.0000000000000009,-3.3105567942265504,-2.518844014138528,-107.2913812700565
220.75797986139395,33.38038680176092,1.0000000000000009,-3.3099978487994974,-2.5242801342065615,-108.81027882381638
220.76054470792195,33.38883864048382,1.0000000000000009,-3.3094392286816587,-2.5297148167966945,-110.2813119683615
220.76314230702866,33.39727847224962,1.0000000000000009,-3.3088809680655222,-2.5351480450001738,-111.70305492010856
