galstreams/tracks/track.st.M92.sollima2020.ecsv
# %ECSV 0.9
# ---
# datatype:
# - {name: ra, unit: deg, datatype: float64}
# - {name: dec, unit: deg, datatype: float64}
# - {name: distance, unit: kpc, datatype: float64}
# - {name: pm_ra_cosdec, unit: mas / yr, datatype: float64}
# - {name: pm_dec, unit: mas / yr, datatype: float64}
# - {name: radial_velocity, unit: km / s, datatype: float64}
# delimiter: ','
# meta: !!omap
# - __serialized_columns__:
#     dec:
#       __class__: astropy.coordinates.angles.Latitude
#       unit: &id001 !astropy.units.Unit {unit: deg}
#       value: !astropy.table.SerializedColumn {name: dec}
#     distance:
#       __class__: astropy.coordinates.distances.Distance
#       unit: !astropy.units.Unit {unit: kpc}
#       value: !astropy.table.SerializedColumn {name: distance}
#     pm_dec:
#       __class__: astropy.units.quantity.Quantity
#       unit: !astropy.units.Unit {unit: mas / yr}
#       value: !astropy.table.SerializedColumn {name: pm_dec}
#     pm_ra_cosdec:
#       __class__: astropy.units.quantity.Quantity
#       unit: !astropy.units.Unit {unit: mas / yr}
#       value: !astropy.table.SerializedColumn {name: pm_ra_cosdec}
#     ra:
#       __class__: astropy.coordinates.angles.Longitude
#       unit: *id001
#       value: !astropy.table.SerializedColumn {name: ra}
#       wrap_angle: !astropy.coordinates.Angle
#         unit: *id001
#         value: 360.0
#     radial_velocity:
#       __class__: astropy.units.quantity.Quantity
#       unit: !astropy.units.Unit {unit: km / s}
#       value: !astropy.table.SerializedColumn {name: radial_velocity}
# schema: astropy-2.0
ra,dec,distance,pm_ra_cosdec,pm_dec,radial_velocity
[from data line 495]
261.7010907957535,42.67617031984748,8.500999999999994,0.0,0.0,0.0
261.71335053351333,42.670764874581835,8.500999999999994,0.0,0.0,0.0
261.7255959849852,42.66532420111355,8.500999999999996,0.0,0.0,0.0
261.7378270467506,42.65984806188908,8.500999999999994,0.0,0.0,0.0
261.75004361542244,42.65433621976371,8.500999999999994,0.0,0.0,0.0
261.76224558768826,42.648788438119624,8.500999999999996,0.0,0.0,0.0
261.77443286035526,42.643204480985155,8.500999999999996,0.0,0.0,0.0
261.7866053303952,42.63758411315518,8.500999999999994,0.0,0.0,0.0
261.7987628949896,42.631927100312545,8.500999999999994,0.0,0.0,0.0
261.81090545157633,42.62623320915078,8.500999999999994,0.0,0.0,0.0
261.82303289789576,42.620502207497765,8.500999999999996,0.0,0.0,0.0
261.8351451320382,42.614733864440666,8.500999999999998,0.0,0.0,0.0
261.8472420524914,42.6089279504519,8.500999999999996,0.0,0.0,0.0
261.8593235581891,42.60308423751635,8.500999999999994,0.0,0.0,0.0
261.87138954855914,42.59720249925962,8.500999999999996,0.0,0.0,0.0
261.88343992357363,42.59128251107737,8.500999999999996,0.0,0.0,0.0
261.895474583798,42.58532405026592,8.500999999999994,0.0,0.0,0.0
261.9074934304418,42.57932689615393,8.500999999999994,0.0,0.0,0.0
261.91949636540954,42.573290830235116,8.500999999999996,0.0,0.0,0.0
261.93148329135204,42.567215636302215,8.500999999999996,0.0,0.0,0.0
261.9434541117184,42.56110110058205,8.500999999999996,0.0,0.0,0.0
261.9554087308086,42.554947011871675,8.500999999999996,0.0,0.0,0.0
261.9673470538264,42.548753161675684,8.500999999999996,0.0,0.0,0.0
261.97926898693333,42.54251934434466,8.500999999999994,0.0,0.0,0.0
261.9911744373021,42.536245357214746,8.500999999999996,0.0,0.0,0.0
262.0030633131717,42.52993100074829,8.500999999999994,0.0,0.0,0.0
262.0149355239027,42.52357607867572,8.500999999999994,0.0,0.0,0.0
262.02679098003244,42.51718039813841,8.500999999999994,0.0,0.0,0.0
262.03862959333185,42.51074376983286,8.500999999999994,0.0,0.0,0.0
262.05045127686174,42.504266008155774,8.500999999999996,0.0,0.0,0.0
262.06225594503024,42.4977469313505,8.500999999999996,0.0,0.0,0.0
262.0740435136508,42.49118636165438,8.500999999999996,0.0,0.0,0.0
262.0858139000003,42.4845841254474,8.500999999999996,0.0,0.0,0.0
262.0975670228779,42.47794005340186,8.500999999999996,0.0,0.0,0.0
262.1093028026648,42.47125398063321,8.500999999999994,0.0,0.0,0.0
262.1210211613836,42.46452574685203,8.500999999999994,0.0,0.0,0.0
262.13272202275925,42.457755196517084,8.500999999999992,0.0,0.0,0.0
262.1444053122797,42.45094217898955,8.500999999999996,0.0,0.0,0.0
262.15607095725755,42.44408654868832,8.500999999999996,0.0,0.0,0.0
262.1677188868919,42.4371881652465,8.500999999999996,0.0,0.0,0.0
262.17934903233123,42.43024689366899,8.500999999999994,0.0,0.0,0.0
262.1909613267358,42.4232626044912,8.500999999999994,0.0,0.0,0.0
262.2025557053419,42.416235173938844,8.500999999999992,0.0,0.0,0.0
262.2141321055256,42.40916448408895,8.50099999999999,0.0,0.0,0.0
262.2256904668672,42.40205042303193,8.500999999999992,0.0,0.0,0.0
262.2372307312166,42.39489288503479,8.500999999999994,0.0,0.0,0.0
262.2487528427589,42.38769177070548,8.500999999999992,0.0,0.0,0.0
262.26025674808045,42.38044698715833,8.500999999999994,0.0,0.0,0.0
262.2717423962354,42.37315844818064,8.500999999999992,0.0,0.0,0.0
262.283209738813,42.36582607440044,8.500999999999994,0.0,0.0,0.0
262.29465873000515,42.35844979345528,8.500999999999992,0.0,0.0,0.0
262.3060893266748,42.351029540162166,8.500999999999992,0.0,0.0,0.0
262.3175014884241,42.34356525668869,8.500999999999994,0.0,0.0,0.0
262.3288951776643,42.33605689272525,8.500999999999992,0.0,0.0,0.0
262.34027035968484,42.32850440565832,8.500999999999994,0.0,0.0,0.0
262.35162700272366,42.32090776074495,8.500999999999992,0.0,0.0,0.0
262.3629650780381,42.313266931288375,8.500999999999994,0.0,0.0,0.0
262.3742845599758,42.30558189881462,8.500999999999994,0.0,0.0,0.0
262.3855854260467,42.297852653250445,8.500999999999992,0.0,0.0,0.0
262.3968676569947,42.290079193102194,8.500999999999994,0.0,0.0,0.0
262.4081312368709,42.282261525635946,8.500999999999994,0.0,0.0,0.0
262.4193761531064,42.27439966705869,8.500999999999994,0.0,0.0,0.0
262.43060239658604,42.2664936427006,8.500999999999994,0.0,0.0,0.0
262.4418099617227,42.25854348719857,8.500999999999992,0.0,0.0,0.0
262.45299884653167,42.250549244680684,8.500999999999992,0.0,0.0,0.0
262.4641690527059,42.24251096895199,8.500999999999994,0.0,0.0,0.0
262.4753205856919,42.23442872368125,8.500999999999992,0.0,0.0,0.0
262.4864534547652,42.22630258258893,8.500999999999992,0.0,0.0,0.0
262.4975676731075,42.218132629636195,8.500999999999992,0.0,0.0,0.0
262.5086632578836,42.20991895921517,8.500999999999992,0.0,0.0,0.0
262.5197402303189,42.20166167634019,8.500999999999994,0.0,0.0,0.0
262.53079861577766,42.19336089684021,8.500999999999992,0.0,0.0,0.0
262.5418384438409,42.18501674755243,8.500999999999994,0.0,0.0,0.0
262.5528597483863,42.1766293665169,8.500999999999996,0.0,0.0,0.0
262.56386256766706,42.16819890317232,8.500999999999994,0.0,0.0,0.0
262.57484694439205,42.159725518552996,8.500999999999994,0.0,0.0,0.0
262.58581292580635,42.151209385486816,8.500999999999994,0.0,0.0,0.0
262.59676056377214,42.14265068879447,8.500999999999992,0.0,0.0,0.0
262.6076899148499,42.13404962548968,8.500999999999994,0.0,0.0,0.0
262.6186010403808,42.125406404980644,8.500999999999994,0.0,0.0,0.0
262.62949400656834,42.11672124927253,8.500999999999992,0.0,0.0,0.0
262.64036888456195,42.10799439317111,8.500999999999994,0.0,0.0,0.0
262.6512257505398,42.09922608448756,8.500999999999992,0.0,0.0,0.0
262.66206468579287,42.090416584244316,8.500999999999994,0.0,0.0,0.0
262.672885776809,42.08156616688208,8.500999999999992,0.0,0.0,0.0
262.6836891153578,42.07267512046796,8.500999999999994,0.0,0.0,0.0
262.6944747985759,42.06374374690473,8.500999999999994,0.0,0.0,0.0
262.7052429290526,42.05477236214115,8.500999999999992,0.0,0.0,0.0
262.71599361491604,42.045761296383446,8.500999999999992,0.0,0.0,0.0
262.72672696991987,42.036710894308,8.500999999999992,0.0,0.0,0.0
262.7374431135304,42.027621515275,8.500999999999992,0.0,0.0,0.0
262.74814217101425,42.01849353354326,8.500999999999994,0.0,0.0,0.0
262.75882427352656,42.00932733848623,8.500999999999994,0.0,0.0,0.0
262.7694895581992,42.00012333480909,8.500999999999994,0.0,0.0,0.0
262.7801381682303,41.99088194276689,8.500999999999992,0.0,0.0,0.0
262.7907702529735,41.981603598383884,8.500999999999992,0.0,0.0,0.0
262.801385968028,41.97228875367397,8.500999999999994,0.0,0.0,0.0
262.81198547532927,41.96293787686225,8.500999999999994,0.0,0.0,0.0
262.8225689432399,41.95355145260765,8.500999999999994,0.0,0.0,0.0
262.83313654664113,41.94412998222675,8.500999999999996,0.0,0.0,0.0
262.84368846702483,41.93467398391865,8.50099999999999,0.0,0.0,0.0
262.85422489258605,41.925183992990966,8.500999999999994,0.0,0.0,0.0
262.8647460183158,41.915660562087,8.500999999999992,0.0,0.0,0.0
262.875252046095,41.90610426141395,8.500999999999992,0.0,0.0,0.0
262.88574318478777,41.896515678972264,8.500999999999992,0.0,0.0,0.0
262.8962196503365,41.88689542078611,8.500999999999992,0.0,0.0,0.0
262.90668166585664,41.87724411113496,8.500999999999994,0.0,0.0,0.0
262.91712946173203,41.86756239278626,8.500999999999992,0.0,0.0,0.0
262.9275632757113,41.857850927229286,8.500999999999994,0.0,0.0,0.0
262.937983353004,41.84811039490999,8.500999999999992,0.0,0.0,0.0
262.9483899463779,41.83834149546706,8.500999999999994,0.0,0.0,0.0
262.9587833162566,41.82854494796907,8.500999999999992,0.0,0.0,0.0
262.9691637308174,41.81872149115269,8.500999999999992,0.0,0.0,0.0
262.97953146609024,41.80887188366203,8.500999999999992,0.0,0.0,0.0
262.9898868060567,41.79899690428916,8.500999999999994,0.0,0.0,0.0
263.00023004274993,41.789097352215585,8.500999999999992,0.0,0.0,0.0
263.0105614763546,41.77917404725499,8.500999999999994,0.0,0.0,0.0
263.02088141530817,41.76922783009701,8.500999999999992,0.0,0.0,0.0
263.0311901764019,41.759259562552025,8.500999999999994,0.0,0.0,0.0
263.04148808488304,41.74927012779726,8.500999999999994,0.0,0.0,0.0
263.05177547455764,41.73926043062383,8.500999999999992,0.0,0.0,0.0
263.062052687893,41.729231397684856,8.500999999999992,0.0,0.0,0.0
263.0723200761221,41.719183977744855,8.500999999999992,0.0,0.0,0.0
263.0825779993475,41.709119141930096,8.500999999999994,0.0,0.0,0.0
263.0928268266465,41.699037883980004,8.500999999999992,0.0,0.0,0.0
263.1030669361766,41.68894122049987,8.500999999999994,0.0,0.0,0.0
263.1132987152816,41.67883019121445,8.500999999999994,0.0,0.0,0.0
263.1235225605986,41.66870585922276,8.500999999999994,0.0,0.0,0.0
263.13373887816516,41.65856931125391,8.500999999999992,0.0,0.0,0.0
263.14394808352796,41.648421657924104,8.500999999999992,0.0,0.0,0.0
263.15415060185063,41.638264033994666,8.500999999999994,0.0,0.0,0.0
263.16434686802427,41.628097598631165,8.500999999999994,0.0,0.0,0.0
263.17453732677666,41.617923535663685,8.500999999999992,0.0,0.0,0.0
263.18472243278376,41.6077430538481,8.500999999999994,0.0,0.0,0.0
263.1949026507807,41.597557387128425,8.500999999999994,0.0,0.0,0.0
263.2050784556745,41.58736779490044,8.500999999999994,0.0,0.0,0.0
263.2152503326565,41.577175562276054,8.500999999999994,0.0,0.0,0.0
263.2254187773167,41.56698200034911,8.500999999999994,0.0,0.0,0.0
263.2355842957577,41.556788446462015,8.500999999999994,0.0,0.0,0.0
263.24574740471036,41.54659626447355,8.500999999999992,0.0,0.0,0.0
263.2559086316497,41.536406845027784,8.500999999999992,0.0,0.0,0.0
263.2660685149115,41.526221605823935,8.500999999999994,0.0,0.0,0.0
263.27622760381064,41.51604199188741,8.500999999999992,0.0,0.0,0.0
263.28638645875867,41.50586947584194,8.500999999999992,0.0,0.0,0.0
263.29654565138406,41.49570555818264,8.500999999999994,0.0,0.0,0.0
263.306705764652,41.48555176755026,8.500999999999992,0.0,0.0,0.0
263.31686739298544,41.47540966100646,8.500999999999994,0.0,0.0,0.0
263.32703114238734,41.4652808243101,8.500999999999992,0.0,0.0,0.0
263.33719763056365,41.45516687219467,8.500999999999994,0.0,0.0,0.0
263.3473674870469,41.44506944864672,8.500999999999992,0.0,0.0,0.0
263.3575413533215,41.434990227185295,8.500999999999994,0.0,0.0,0.0
263.36771988294936,41.424930911142546,8.500999999999994,0.0,0.0,0.0
263.3779037416967,41.41489323394529,8.500999999999994,0.0,0.0,0.0
263.38809360766203,41.404878959397614,8.500999999999992,0.0,0.0,0.0
263.39829017140534,41.39488988196455,8.500999999999992,0.0,0.0,0.0
263.4084941360777,41.38492782705684,8.500999999999992,0.0,0.0,0.0
263.4187062175528,41.37499465131656,8.500999999999994,0.0,0.0,0.0
263.428927144559,41.365092242904,8.500999999999994,0.0,0.0,0.0
263.43915765881286,41.35522252178541,8.500999999999996,0.0,0.0,0.0
263.4493985151538,41.34538744002179,8.500999999999994,0.0,0.0,0.0
263.45965048167966,41.33558898205881,8.500999999999994,0.0,0.0,0.0
263.46991433988416,41.32582916501762,8.500999999999996,0.0,0.0,0.0
263.4801908847951,41.31611003898671,8.500999999999996,0.0,0.0,0.0
263.4904809251137,41.3064336873148,8.500999999999998,0.0,0.0,0.0
263.500785283356,41.29680222690478,8.500999999999996,0.0,0.0,0.0
263.511104795995,41.28721780850854,8.500999999999996,0.0,0.0,0.0
263.52144031360433,41.277682617022826,8.500999999999996,0.0,0.0,0.0
263.5317927010035,41.268198871786225,8.500999999999996,0.0,0.0,0.0
263.54216283740465,41.258768826876945,8.500999999999996,0.0,0.0,0.0
263.5525516165601,41.249394771411694,8.500999999999996,0.0,0.0,0.0
263.5629599469129,41.24007902984549,8.500999999999996,0.0,0.0,0.0
263.5733887517472,41.23082396227254,8.500999999999996,0.0,0.0,0.0
263.58383896934174,41.221631964727926,8.500999999999996,0.0,0.0,0.0
263.59431155312393,41.21250546949037,8.500999999999996,0.0,0.0,0.0
263.6048074718263,41.20344694538596,8.500999999999994,0.0,0.0,0.0
263.6153277096442,41.19445889809283,8.500999999999994,0.0,0.0,0.0
263.6258732663958,41.18554387044669,8.500999999999996,0.0,0.0,0.0
263.6364451576834,41.176704442747386,8.500999999999996,0.0,0.0,0.0
263.64704441505694,41.16794323306647,8.500999999999996,0.0,0.0,0.0
263.6576720861792,41.15926289755548,8.500999999999994,0.0,0.0,0.0
263.66832923499334,41.15066613075541,8.500999999999996,0.0,0.0,0.0
263.6790169418919,41.142155665906884,8.500999999999996,0.0,0.0,0.0
263.68973630388854,41.133734275261375,8.500999999999994,0.0,0.0,0.0
263.70048843479094,41.12540477039324,8.500999999999996,0.0,0.0,0.0
263.7112744653774,41.11717000251273,8.500999999999996,0.0,0.0,0.0
263.7220955435737,41.10903286277988,8.500999999999996,0.0,0.0,0.0
263.73295283463403,41.10099628261922,8.500999999999996,0.0,0.0,0.0
263.7438475213231,41.09306323403542,8.500999999999994,0.0,0.0,0.0
263.7547808041013,41.085236729929804,8.500999999999996,0.0,0.0,0.0
263.765753901312,41.07751982441771,8.500999999999996,0.0,0.0,0.0
263.77676804937147,41.06991561314671,8.500999999999996,0.0,0.0,0.0
263.7878245029613,41.062427233615665,8.500999999999996,0.0,0.0,0.0
263.7989245352237,41.055057865494646,8.500999999999996,0.0,0.0,0.0
263.8100694379593,41.04781073094564,8.500999999999994,0.0,0.0,0.0
263.82126052182804,41.040689094944184,8.500999999999994,0.0,0.0,0.0
263.8324991165523,41.03369626560155,8.500999999999994,0.0,0.0,0.0
263.8437865711238,41.02683559448811,8.500999999999996,0.0,0.0,0.0
263.85512425401305,41.0201104769572,8.500999999999996,0.0,0.0,0.0
263.8665135533817,41.01352435246982,8.500999999999996,0.0,0.0,0.0
263.8779558772986,41.00708070492024,8.500999999999994,0.0,0.0,0.0
263.8894526539587,41.00078306296217,8.500999999999994,0.0,0.0,0.0
263.9010053319054,40.99463500033586,8.500999999999998,0.0,0.0,0.0
263.9126153802567,40.98864013619586,8.500999999999994,0.0,0.0,0.0
263.92428428893396,40.98280213543942,8.500999999999996,0.0,0.0,0.0
263.9360135688953,40.977124709035834,8.500999999999996,0.0,0.0,0.0
263.94780475237184,40.97161161435622,8.500999999999994,0.0,0.0,0.0
263.95965939310867,40.96626665550422,8.500999999999994,0.0,0.0,0.0
263.9715790666084,40.96109368364723,8.500999999999996,0.0,0.0,0.0
263.9835653703804,40.95609659734837,8.500999999999994,0.0,0.0,0.0
263.99561992419234,40.951279342899106,8.500999999999994,0.0,0.0,0.0
264.0077443703274,40.946645914652436,8.500999999999994,0.0,0.0,0.0
264.01994037384486,40.94220035535683,8.500999999999992,0.0,0.0,0.0
264.03220962284576,40.93794675649067,8.500999999999996,0.0,0.0,0.0
264.0445538287426,40.933889258597326,8.500999999999994,0.0,0.0,0.0
264.056974726534,40.93003205162084,8.500999999999996,0.0,0.0,0.0
264.069474075084,40.92637937524213,8.500999999999996,0.0,0.0,0.0
264.0820536574062,40.92293551921574,8.500999999999996,0.0,0.0,0.0
264.0947152809536,40.91970482370721,8.500999999999996,0.0,0.0,0.0
264.10746077791237,40.91669167963085,8.500999999999996,0.0,0.0,0.0
264.12029200550205,40.91390052898806,8.500999999999996,0.0,0.0,0.0
264.1332108462807,40.911335865206155,8.500999999999996,0.0,0.0,0.0
264.14621920845576,40.9090022334776,8.500999999999996,0.0,0.0,0.0
264.1593190262003,40.906904231099745,8.500999999999996,0.0,0.0,0.0
264.1725122599761,40.90504650781492,8.500999999999994,0.0,0.0,0.0
264.18580089686134,40.90343376615099,8.500999999999996,0.0,0.0,0.0
264.199186950886,40.90207076176223,8.500999999999992,0.0,0.0,0.0
264.21267246337237,40.90096230377068,8.500999999999994,0.0,0.0,0.0
264.2262595032831,40.90011325510766,8.500999999999992,0.0,0.0,0.0
264.23995016757516,40.89952853285576,8.500999999999994,0.0,0.0,0.0
264.25374658156113,40.89921310859105,8.500999999999992,0.0,0.0,0.0
264.2676508992777,40.89917200872555,8.500999999999994,0.0,0.0,0.0
264.2816653038609,40.89941031485,8.500999999999992,0.0,0.0,0.0
264.2957920079293,40.89993316407681,8.500999999999994,0.0,0.0,0.0
264.31003325397444,40.90074574938317,8.500999999999994,0.0,0.0,0.0
264.3243913147595,40.90185331995442,8.500999999999994,0.0,0.0,0.0
264.3388684937262,40.90326118152749,8.500999999999994,0.0,0.0,0.0
264.353467125409,40.90497469673444,8.500999999999994,0.0,0.0,0.0
264.36818957585905,40.90699928544616,8.500999999999994,0.0,0.0,0.0
264.3830382430762,40.90934042511602,8.500999999999996,0.0,0.0,0.0
264.39801555745004,40.91200365112359,8.500999999999994,0.0,0.0,0.0
