galstreams/tracks/track.st.Pal5.pricewhelan2019.ecsv
# %ECSV 0.9
# ---
# datatype:
# - {name: ra, unit: deg, datatype: float64}
# - {name: dec, unit: deg, datatype: float64}
# - {name: distance, unit: kpc, datatype: float64}
# - {name: pm_ra_cosdec, unit: mas / yr, datatype: float64}
# - {name: pm_dec, unit: mas / yr, datatype: float64}
# - {name: radial_velocity, unit: km / s, datatype: float64}
# delimiter: ','
# meta: !!omap
# - __serialized_columns__:
#     dec:
#       __class__: astropy.coordinates.angles.Latitude
#       unit: &id001 !astropy.units.Unit {unit: deg}
#       value: !astropy.table.SerializedColumn {name: dec}
#     distance:
#       __class__: astropy.coordinates.distances.Distance
#       unit: !astropy.units.Unit {unit: kpc}
#       value: !astropy.table.SerializedColumn {name: distance}
#     pm_dec:
#       __class__: astropy.units.quantity.Quantity
#       unit: !astropy.units.Unit {unit: mas / yr}
#       value: !astropy.table.SerializedColumn {name: pm_dec}
#     pm_ra_cosdec:
#       __class__: astropy.units.quantity.Quantity
#       unit: !astropy.units.Unit {unit: mas / yr}
#       value: !astropy.table.SerializedColumn {name: pm_ra_cosdec}
#     ra:
#       __class__: astropy.coordinates.angles.Longitude
#       unit: *id001
#       value: !astropy.table.SerializedColumn {name: ra}
#       wrap_angle: !astropy.coordinates.Angle
#         unit: *id001
#         value: 360.0
#     radial_velocity:
#       __class__: astropy.units.quantity.Quantity
#       unit: !astropy.units.Unit {unit: km / s}
#       value: !astropy.table.SerializedColumn {name: radial_velocity}
# schema: astropy-2.0
ra,dec,distance,pm_ra_cosdec,pm_dec,radial_velocity
[from data line 1985]
225.37170800796085,-3.864441682299861,19.383166742562672,-2.7818781281485596,-2.989760675054117,999.0000219310126
225.36525883642585,-3.8728478381412588,19.3805793301182,-2.7818212462079974,-2.9904548164450104,999.0000219305823
225.3588048102219,-3.8812467592558053,19.377990651494464,-2.781763985454745,-2.9911493281455046,999.00002193015
225.35234551761775,-3.8896378236085973,19.37540070669147,-2.7817063474864634,-2.9918442087047135,999.0000219297158
225.34588056305438,-3.898020433606971,19.372809495709223,-2.781648333857337,-2.992539456713696,999.0000219292804
225.3394095685638,-3.9063940182444754,19.370217018547706,-2.7815899460723075,-2.993235070810747,999.0000219288423
225.33293217520372,-3.9147580352688283,19.367623275206938,-2.7815311855812372,-2.9939310496867986,999.0000219284029
225.32644804450612,-3.9231119733708772,19.3650282656869,-2.7814720537728697,-2.9946273920909325,999.0000219279608
225.3199568599369,-3.931455354390376,19.36243198998759,-2.781412551968737,-2.9953240968359856,999.0000219275174
225.31345832836448,-3.9397877355348916,19.35983444810902,-2.7813526814169527,-2.996021162804239,999.0000219270715
225.30695218153377,-3.9481087116075613,19.357235640051176,-2.781292443285867,-2.9967185889531995,999.0000219266233
225.30043817754353,-3.956417917239072,19.35463556581406,-2.781231838657712,-2.997416374321439,999.0000219261734
225.29391610232298,-3.9647150291194544,19.35203422539767,-2.7811708685220853,-2.9981145180344875,999.0000219257211
225.28738577110502,-3.9729997682238345,19.349431618802008,-2.7811095337694662,-2.9988130193107914,999.0000219252668
225.28084702989193,-3.9812719020274785,19.34682774602707,-2.781047835184629,-2.9995118774676777,999.0000219248101
225.2742997569104,-3.9895312467044506,19.34422260707286,-2.7809857734400234,-3.0002110919273557,999.0000219243514
225.26774386405106,-3.9977776693030345,19.341616201939377,-2.7809233490891843,-3.0009106622229185,999.0000219238906
225.26117929828914,-4.006011089892399,19.339008530626614,-2.7808605625600906,-3.001610588004333,999.0000219234274
225.25460604308117,-4.0142314836732425,19.336399593134576,-2.780797414148599,-3.0023108690443956,999.0000219229621
225.2480241197334,-4.022438883045705,19.333789389463266,-2.7807339040118393,-3.0030115052446535,999.0000219224946
225.24143358873664,-4.030633379626506,19.33117791961268,-2.7806700321617672,-3.0037124966412545,999.0000219220246
225.23483455106282,-4.0388151262083065,19.328565183582818,-2.7806057984587254,-3.004413843410714,999.0000219215528
225.228227149417,-4.046984338651939,19.325951181373682,-2.7805412026051104,-3.00511554587558,999.000021921079
225.2216115694402,-4.055141297703789,19.32333591298528,-2.780476244139215,-3.0058176045099674,999.000021920603
225.21498804085576,-4.063286350728556,19.320719378417596,-2.780410922429167,-3.0065200199449453,999.0000219201247
225.20835683855398,-4.071419913348191,19.318101577670653,-2.780345236667086,-3.0072227929737503,999.0000219196445
225.2017182836074,-4.07954247097656,19.315482510744438,-2.780279185863439,-3.0079259245568,999.0000219191624
225.19507274421085,-4.087654580239961,19.312862177638966,-2.780212768841598,-3.0086294158264733,999.0000219186786
225.188420636538,-4.095756870271799,19.31024057835422,-2.78014598423272,-3.0093332680916474,999.0000219181927
225.1817624255075,-4.103850043870374,19.30761771289022,-2.780078830470901,-3.0100374828419394,999.000021917705
225.17509862545,-4.111934878507458,19.30499358124697,-2.7800113057886473,-3.0107420617516327,999.0000219172157
225.16842980066892,-4.120012227175343,19.30236818342446,-2.779943408212744,-3.0114470066832633,999.0000219167251
225.16175656588496,-4.128083019059171,19.299741519422703,-2.779875135560535,-3.0121523196908084,999.0000219162326
225.15507958655581,-4.136148260020182,19.297113589241693,-2.779806485436612,-3.012858003022469,999.0000219157387
225.1483995790622,-4.144209032876893,19.294484392881447,-2.7797374552300544,-3.013564059122984,999.0000219152433
225.1417173107494,-4.152266497468152,19.291853930341965,-2.779668042112141,-3.0142704906354556,999.0000219147469
225.13503359981456,-4.160321890482634,19.289222201623254,-2.7795982430346933,-3.0149773004026366,999.0000219142493
225.1283493150288,-4.168376525039365,19.28658920672531,-2.7795280547290084,-3.0156844914676224,999.0000219137509
225.12166537528316,-4.176431790001283,19.28395494564815,-2.7794574737054867,-3.016392067073938,999.000021913252
225.11498274894686,-4.184489149005439,19.28131941839176,-2.7793864962540042,-3.017100030664936,999.000021912752
225.10830245302543,-4.192550139190465,19.27868262495617,-2.7793151184450484,-3.017808385882473,999.0000219122513
225.10162555210613,-4.200616369603007,19.276044565341376,-2.779243336131678,-3.0185171365648094,999.0000219117502
225.09495315707832,-4.208689519263181,19.273405239547387,-2.779171144952471,-3.0192262867436868,999.000021911249
225.0882864236141,-4.216771334868427,19.2707646475742,-2.779098540335333,-3.01993584064051,999.0000219107477
225.0816265503962,-4.224863628114534,19.26812278942183,-2.7790255175024132,-3.02064580266158,999.0000219102462
225.07497477707753,-4.232968272611545,19.26547966509029,-2.778952071476109,-3.0213561773923288,999.0000219097453
225.0683323819576,-4.241087200371643,19.262835274579572,-2.778878197086216,-3.0220669695904725,999.0000219092447
225.06170067936046,-4.249222397845154,19.260189617889697,-2.7788038889783997,-3.0227781841780175,999.0000219087447
225.05508101669682,-4.257375901479919,19.257542695020668,-2.7787291416239124,-3.023489826232065,999.0000219082456
225.04847477119395,-4.265549792777865,19.25489450597249,-2.7786539493307996,-3.024201900974312,999.0000219077473
225.04188334627582,-4.273746192823101,19.252245050745174,-2.7785783062566023,-3.0249144137591975,999.0000219072501
225.03530816757512,-4.281967256253476,19.24959432933873,-2.778502206422591,-3.025627370060584,999.0000219067543
225.0287506785574,-4.290215164645495,19.24694234175316,-2.7784256437298107,-3.026340775456922,999.0000219062599
225.02221233573965,-4.298492119286769,19.244289087988477,-2.7783486119768046,-3.02705463561477,999.0000219057673
225.0156946034808,-4.306800333300491,19.24163456804469,-2.7782711048793254,-3.027768956270597,999.0000219052768
225.00919894832438,-4.31514202309368,19.238978781921805,-2.7781931160920323,-3.0284837432107805,999.0000219047884
225.00272683287196,-4.3235193990959715,19.23632172961983,-2.7781146392322955,-3.02919900224966,999.0000219043018
224.9962797091629,-4.3319346557520255,19.233663411138775,-2.778035667906302,-3.0299147392055645,999.000021903818
224.98985901153952,-4.34038996073626,19.231003826478656,-2.7779561957375,-3.0306309598747014,999.0000219033373
224.98346614897181,-4.348887443351088,19.22834297563946,-2.7778762163975985,-3.0313476700027735,999.0000219028587
224.97710249681748,-4.3574291820710656,19.22568085862122,-2.7777957236401947,-3.0320648752542017,999.0000219023838
224.97076938799125,-4.366017191195398,19.22301747542392,-2.7777147113372314,-3.0327825811788314,999.000021901912
224.96446810351716,-4.374653406566957,19.220352826047584,-2.7776331735184057,-3.0335007931759805,999.0000219014436
224.95819986243566,-4.383339670317261,19.217686910492212,-2.777551104413694,-3.0342195164556833,999.0000219009783
224.9519658110377,-4.392077714594462,19.215019728757806,-2.7774684984991627,-3.034938755996996,999.000021900517
224.94576701139562,-4.40086914422869,19.21235128084439,-2.7773853505462975,-3.0356585165031653,999.0000219000596
224.9396044291615,-4.409715418291335,19.20968156675195,-2.7773016556749175,-3.0363788023535774,999.0000218996064
224.9334789206007,-4.418617830498341,19.2070105864805,-2.777217409409981,-3.0370996175522103,999.000021899157
224.92739121882792,-4.427577488410237,19.20433834003004,-2.777132607742424,-3.037820965672526,999.000021898712
224.92134191921411,-4.436595291378615,19.20166482740058,-2.7770472471942615,-3.0385428497985156,999.0000218982709
224.91533146392746,-4.445671907186126,19.198990048592115,-2.7769613248881586,-3.039265272461794,999.0000218978342
224.90936012557432,-4.454807747326812,19.196314003604652,-2.7768748386216893,-3.0399882355744703,999.0000218974016
224.90342798990312,-4.464002940871892,19.193636692438186,-2.77678778694655,-3.0407117403576573,999.0000218969737
224.89753493753298,-4.473257306863357,19.19095811509272,-2.776700169252951,-3.041435787265349,999.0000218965499
224.89168062466808,-4.482570325176162,19.18827827156825,-2.7766119858594043,-3.0421603759034888,999.0000218961305
224.88586446275806,-4.491941105789734,19.18559716186478,-2.7765232381082274,-3.0428855049439774,999.0000218957155
224.8800855970627,-4.501368356405674,19.182914785982295,-2.7764339284669677,-3.043611172033409,999.0000218953041
224.8743428840767,-4.510850348345116,19.18023114392079,-2.7763440606360708,-3.0443373736962815,999.0000218948971
224.86863486777406,-4.5203848806641105,19.17754623568026,-2.776253639663043,-3.045064105232451,999.0000218944936
224.8629597546224,-4.52996924241342,19.174860061260702,-2.776162672063361,-3.0457913606085816,999.0000218940936
224.85731538732367,-4.539600172975762,19.17217262066209,-2.776071165948487,-3.046519132343338,999.0000218936968
224.85169921723195,-4.549273820406648,19.16948391388442,-2.775979131161218,-3.0472474113860772,999.0000218933031
224.846108275399,-4.558985697704429,19.166793940927672,-2.775886579418673,-3.0479761869887927,999.0000218929121
224.84053914219663,-4.568730636932031,19.164102701791826,-2.775793524463212,-3.0487054465710424,999.0000218925226
224.83498791546322,-4.578502741111349,19.161410196476858,-2.775699982221589,-3.0494351755776465,999.000021892135
224.82945017712174,-4.588295333810164,19.158716424982742,-2.775605970972546,-3.050165357328881,999.0000218917485
224.82392095821245,-4.598100906335216,19.15602138730946,-2.775511511523248,-3.0508959728629694,999.0000218913625
224.81839470228408,-4.607911062446559,19.15332508345697,-2.775416627394684,-3.0516270007706225,999.0000218909759
224.81286522708496,-4.617716460504222,19.150627513425242,-2.7753213450163194,-3.052358417021443,999.0000218905885
224.80732568449454,-4.627506752955584,19.147928677214242,-2.7752256939302966,-3.053090194782005,999.000021890199
224.8017685186326,-4.637270523068689,19.145228574823925,-2.7751297070052527,-3.053822304225427,999.0000218898068
224.79618542208365,-4.646995218815415,19.14252720625424,-2.7750334206600282,-3.0545547123323478,999.0000218894104
224.79056729017194,-4.656667083805112,19.139824571505137,-2.7749368750973042,-3.0552873826831437,999.0000218890094
224.78490417321922,-4.666271085164915,19.13712067057657,-2.7748401145473385,-3.0560202752413943,999.0000218886019
224.77918522671828,-4.67579083826262,19.134415503468468,-2.774743187521736,-3.056753346128528,999.0000218881863
224.77339865935224,-4.685208528164049,19.131709070180765,-2.774646147077305,-3.0574865473897415,999.0000218877623
224.76753167878658,-4.694504827711004,19.1290013707134,-2.7745490510898216,-3.058219826751268,999.0000218873274
224.76157043516318,-4.703658812109356,19.12629240506629,-2.7744519625375617,-3.058953127369197,999.0000218868802
224.7554999622173,-4.712647869903265,19.123582173239352,-2.7743549497942674,-3.059686387570118,999.000021886419
224.7493041159461,-4.721447610222095,19.12087067523249,-2.7742580869311806,-3.060419540583967,999.000021885941
224.74296551074548,-4.730031766168606,19.11815791104562,-2.774161454027624,-3.061152514269529,999.0000218854451
224.73646545293641,-4.738372094222185,19.11544388067863,-2.7740651374893717,-3.0618852308332647,999.0000218849285
224.72978387160262,-4.746438269530391,19.112728584131403,-2.7739692303741146,-3.0626176065421884,999.0000218843885
224.72289924664886,-4.7541977769433394,19.11001202140384,-2.7738738327228534,-3.0633495514317053,999.0000218838234
224.71578853400203,-4.761615797661614,19.10729419249579,-2.773779051896104,-3.064080969009578,999.0000218832291
224.70842708786307,-4.768655091348016,19.104575097407132,-2.773685002913323,-3.0648117559572783,999.0000218826032
224.70078857992488,-4.775275873559868,19.101854736137707,-2.773591808793954,-3.0655418018303253,999.0000218819431
224.6928449154639,-4.781435688347585,19.09913310868737,-2.7734996008979946,-3.0662709887594035,999.0000218812444
224.684566146214,-4.787089275864608,19.096410215055943,-2.773408519263667,-3.0669991911543684,999.0000218805035
224.67592037993265,-4.7921884348312656,19.093686055243257,-2.773318712939617,-3.0677262754135866,999.0000218797169
224.66687368656116,-4.796681879684583,19.09096062924913,-2.773230340308353,-3.06845209964139,999.0000218788807
224.65739000088635,-4.800515092247764,19.08823393707334,-2.7731435693974262,-3.0691765133768696,999.0000218779892
