galstreams/tracks/track.st.New-14.ibata2024.ecsv
# %ECSV 1.0
# ---
# datatype:
# - {name: ra, unit: deg, datatype: float64}
# - {name: dec, unit: deg, datatype: float64}
# - {name: distance, unit: kpc, datatype: float64}
# - {name: pm_ra_cosdec, unit: mas / yr, datatype: float64}
# - {name: pm_dec, unit: mas / yr, datatype: float64}
# - {name: radial_velocity, unit: km / s, datatype: float64}
# delimiter: ','
# meta: !!omap
# - __serialized_columns__:
#     dec:
#       __class__: astropy.coordinates.angles.Latitude
#       unit: &id001 !astropy.units.Unit {unit: deg}
#       value: !astropy.table.SerializedColumn {name: dec}
#     distance:
#       __class__: astropy.coordinates.distances.Distance
#       unit: !astropy.units.Unit {unit: kpc}
#       value: !astropy.table.SerializedColumn {name: distance}
#     pm_dec:
#       __class__: astropy.units.quantity.Quantity
#       unit: !astropy.units.Unit {unit: mas / yr}
#       value: !astropy.table.SerializedColumn {name: pm_dec}
#     pm_ra_cosdec:
#       __class__: astropy.units.quantity.Quantity
#       unit: !astropy.units.Unit {unit: mas / yr}
#       value: !astropy.table.SerializedColumn {name: pm_ra_cosdec}
#     ra:
#       __class__: astropy.coordinates.angles.Longitude
#       unit: *id001
#       value: !astropy.table.SerializedColumn {name: ra}
#       wrap_angle: !astropy.coordinates.Angle
#         unit: *id001
#         value: 360.0
#     radial_velocity:
#       __class__: astropy.units.quantity.Quantity
#       unit: !astropy.units.Unit {unit: km / s}
#       value: !astropy.table.SerializedColumn {name: radial_velocity}
# schema: astropy-2.0
ra,dec,distance,pm_ra_cosdec,pm_dec,radial_velocity
[from data line 140]
167.97503627275123,-16.933341316913836,1.0000000000000004,-27.218960973617726,-4.9488951157296315,142.69160021746495
167.98447584559167,-16.941250162270627,1.0000000000000004,-27.225113090306778,-4.945703173587747,142.67682142602598
167.9938949569461,-16.949166773791863,1.0000000000000004,-27.231222265335504,-4.942500883202659,142.66204783165634
168.00329364208167,-16.95709113987112,1.0000000000000002,-27.237288613884488,-4.93928826265061,142.64727935285873
168.01267193626353,-16.965023248893907,1.0000000000000004,-27.24331225112619,-4.936065330051946,142.63251590813584
168.0220298747548,-16.97296308923794,1.0000000000000004,-27.249293292224948,-4.932832103571033,142.61775741599044
168.03136749281657,-16.980910649272968,1.0000000000000004,-27.25523185233699,-4.929588601416231,142.60300379492526
168.04068482570798,-16.988865917360826,1.0000000000000004,-27.261128046610477,-4.926334841839795,142.5882549634429
168.04998190868622,-16.996828881855443,1.0000000000000004,-27.266981990185418,-4.923070843137843,142.57351084004605
168.05925877700653,-17.0047995311029,1.0000000000000004,-27.2727937981938,-4.919796623650267,142.55877134323757
168.06851546592205,-17.01277785344123,1.0000000000000004,-27.278563585759514,-4.91651220176068,142.54403639151994
168.0777520106842,-17.020763837200747,1.0000000000000002,-27.284291467998422,-4.913217595896384,142.52930590339605
168.08696844654241,-17.028757470703823,1.0000000000000004,-27.28997756001832,-4.909912824528247,142.51457979736853
168.09616480874422,-17.03675874226499,1.0000000000000004,-27.29562197691901,-4.9065979061706955,142.49985799194013
168.10534113253533,-17.044767640190948,1.0000000000000007,-27.301224833792258,-4.903272859381623,142.48514040561352
168.1144974531595,-17.052784152780415,1.0000000000000002,-27.306786245721835,-4.8999377027623385,142.47042695689137
168.12363380585873,-17.060808268324397,1.0000000000000002,-27.312306327783524,-4.896592454957506,142.45571756427643
168.1327502258732,-17.068839975106037,1.0000000000000004,-27.317785195045097,-4.893237134655065,142.4410121462714
168.14184674844125,-17.076879261400645,1.0000000000000002,-27.323222962566398,-4.8898717605861854,142.426310621379
168.1509234087995,-17.08492611547577,1.0000000000000004,-27.32861974539931,-4.88649635152521,142.41161290810183
168.15998024218266,-17.092980525590992,1.0000000000000002,-27.333975658587775,-4.883110926289561,142.39691892494272
168.1690172838238,-17.10104247999825,1.0000000000000004,-27.339290817167786,-4.879715503739723,142.38222859040437
168.1780345689542,-17.109111966941636,1.0000000000000004,-27.344565336167445,-4.876310102779128,142.36754182298947
168.1870321328035,-17.117188974657463,1.0000000000000004,-27.349799330606942,-4.87289474235415,142.3528585412006
168.1960100105995,-17.125273491374326,1.0000000000000004,-27.354992915498567,-4.869469441453987,142.3381786635406
168.20496823756844,-17.133365505312877,1.0000000000000002,-27.360146205846753,-4.8660342191106345,142.32350210851212
168.2139068489348,-17.1414650046862,1.0000000000000004,-27.365259316648046,-4.862589094398807,142.3088287946179
168.22282587992152,-17.149571977699548,1.0000000000000004,-27.370332362891162,-4.859134086435892,142.2941586403606
168.23172536574972,-17.157686412550444,1.0000000000000004,-27.375365459556953,-4.855669214381862,142.27949156424302
168.2406053416391,-17.165808297428732,1.0000000000000002,-27.380358721618485,-4.852194497439243,142.26482748476772
168.24946584280758,-17.173937620516377,1.0000000000000004,-27.385312264040962,-4.848709954853009,142.25016632043747
168.25830690447168,-17.182074369987777,1.0000000000000002,-27.390226201781832,-4.845215605910564,142.23550798975504
168.2671285618462,-17.190218534009578,1.0000000000000004,-27.395100649790734,-4.841711469941647,142.22085241122298
168.27593085014442,-17.198370100740732,1.0000000000000004,-27.399935723009516,-4.838197566318284,142.2061995033442
168.28471380457816,-17.206529058332485,1.0000000000000004,-27.404731536372335,-4.83467391445474,142.1915491846212
168.29347746035765,-17.214695394928476,1.0000000000000002,-27.409488204805534,-4.831140533807407,142.1769013735569
168.30222185269167,-17.222869098664503,1.0000000000000004,-27.414205843227748,-4.827597443874792,142.16225598865378
168.31094701678748,-17.231050157668857,1.0000000000000004,-27.418884566549906,-4.824044664197432,142.1476129484147
168.31965298785087,-17.239238560062116,1.0000000000000004,-27.42352448967521,-4.820482214357829,142.1329721713422
168.32833980108626,-17.24743429395723,1.0000000000000004,-27.428125727499182,-4.8169101139803985,142.11833357593918
168.33700749169657,-17.25563734745956,1.0000000000000004,-27.432688394909682,-4.813328382731386,142.10369708070826
168.34565609488325,-17.263847708666667,1.0000000000000002,-27.437212606786886,-4.809737040318824,142.08906260415216
168.35428564584655,-17.272065365668652,1.0000000000000004,-27.44169847800331,-4.80613610649247,142.0744300647735
168.36289617978514,-17.280290306547965,1.0000000000000004,-27.446146123423873,-4.802525601043724,142.0597993810751
168.37148773189645,-17.288522519379445,1.0000000000000004,-27.45055565790586,-4.798905543805574,142.0451704715596
168.38006033737653,-17.2967619922304,1.0000000000000002,-27.454927196298918,-4.795275954652549,142.03054325472974
168.38861403142008,-17.305008713160387,1.0000000000000004,-27.45926085344511,-4.791636853500618,142.01591764908824
168.3971488492206,-17.313262670221544,1.0000000000000002,-27.463556744178995,-4.787988260307182,142.0012935731376
168.40566482597012,-17.32152385145839,1.0000000000000004,-27.467814983327436,-4.784330195070954,141.9866709453809
168.41416199685958,-17.329792244907903,1.0000000000000004,-27.472035685709862,-4.7806626778319306,141.9720496843205
168.42264039707857,-17.33806783859954,1.0000000000000002,-27.47621896613812,-4.776985728671319,141.95742970845927
168.43110006181547,-17.34635062055507,1.0000000000000002,-27.48036493941651,-4.77329936771147,141.94281093629985
168.43954102625742,-17.35464057878891,1.0000000000000004,-27.48447372034188,-4.769603615115823,141.928193286345
168.44796332559037,-17.362937701307878,1.0000000000000002,-27.488545423703556,-4.765898491088823,141.91357667709744
168.45636699499914,-17.371241976111275,1.0000000000000004,-27.492580164283375,-4.762184015875905,141.8989610270598
168.46475206966733,-17.379553391190974,1.0000000000000004,-27.49657805685572,-4.758460209763358,141.88434625473482
168.47311858477732,-17.387871934531184,1.0000000000000004,-27.50053921618756,-4.754727093078323,141.86973227862526
168.48146657551058,-17.396197594108777,1.0000000000000004,-27.50446375703839,-4.750984686188708,141.85511901723368
168.48979607704723,-17.404530357893126,1.0000000000000004,-27.508351794160312,-4.747233009503114,141.84050638906294
168.49810712456645,-17.4128702138461,1.0000000000000004,-27.51220344229798,-4.743472083470781,141.8258943126157
168.5063997532463,-17.42121714992214,1.0000000000000004,-27.516018816188758,-4.73970192858155,141.8112827063945
168.51467399826382,-17.429571154068277,1.0000000000000004,-27.519798030562495,-4.735922565365733,141.79667148890232
168.52292989479486,-17.43793221422395,1.0000000000000004,-27.52354120014182,-4.732134014394115,141.7820605786417
168.53116747801448,-17.446300318321313,1.0000000000000004,-27.527248439641944,-4.72833629627787,141.76744989411534
168.53938678309655,-17.454675454285066,1.0000000000000004,-27.530919863770762,-4.724529431668476,141.75283935382598
168.54758784521403,-17.463057610032497,1.0000000000000004,-27.53455558722885,-4.720713441257679,141.73822887627637
168.55577069953898,-17.471446773473517,1.0000000000000002,-27.538155724709533,-4.716888345777429,141.72361837996908
168.56393538124237,-17.479842932510515,1.0000000000000004,-27.54172039089878,-4.713054165999781,141.70900778340697
168.57208192549433,-17.48824607503865,1.0000000000000004,-27.545249700475374,-4.709210922736869,141.69439700509267
168.58021036746408,-17.496656188945643,1.0000000000000004,-27.548743768110793,-4.705358636840835,141.67978596352887
168.5883207423199,-17.50507326211185,1.0000000000000004,-27.552202708469295,-4.701497329203761,141.66517457721832
168.59641308522927,-17.513497282410345,1.0000000000000004,-27.55562663620793,-4.69762702075759,141.65056276466368
168.60448743135876,-17.521928237706675,1.0000000000000002,-27.559015665976542,-4.693747732474092,141.63595044436764
168.6125438158741,-17.53036611585922,1.0000000000000004,-27.562369912417765,-4.689859485364755,141.62133753483292
168.62058227394016,-17.538810904718975,1.0000000000000004,-27.565689490167088,-4.685962300480794,141.60672395456228
168.62860284072116,-17.54726259212962,1.0000000000000004,-27.56897451385285,-4.682056198913017,141.5921096220584
168.6366055513804,-17.555721165927583,1.0000000000000002,-27.57222509809624,-4.678141201791798,141.57749445582388
168.64459044108042,-17.56418661394183,1.0000000000000004,-27.575441357511284,-4.6742173302869805,141.5628783743616
168.65255754498307,-17.572658923994197,1.0000000000000004,-27.57862340670497,-4.670284605607861,141.5482612961742
168.66050689824942,-17.581138083899187,1.0000000000000002,-27.58177136027716,-4.666343049003096,141.53364313976428
168.66843853604,-17.589624081464034,1.0000000000000004,-27.58488533282065,-4.66239268176064,141.5190238236346
168.67635249351432,-17.598116904488773,1.0000000000000004,-27.587965438921138,-4.658433525207673,141.504403266288
168.68424880583154,-17.606616540766012,1.0000000000000004,-27.59101179315735,-4.654465600710562,141.489781386227
168.69212750815,-17.615122978081303,1.0000000000000004,-27.59402451010095,-4.65048892967477,141.47515810195438
168.69998863562745,-17.62363620421288,1.0000000000000002,-27.597003704316577,-4.6465035335448235,141.4605333319728
168.70783222342104,-17.63215620693177,1.0000000000000004,-27.599949490361873,-4.642509433804207,141.44590699478505
168.7156583066873,-17.640682974001862,1.0000000000000004,-27.602861982787555,-4.6385066519753355,141.4312790088938
168.72346692058215,-17.649216493179654,1.0000000000000004,-27.60574129613733,-4.634495209619466,141.4166492928017
168.73125810026102,-17.657756752214624,1.0000000000000002,-27.608587544948,-4.63047512833665,141.40201776501155
168.73903188087874,-17.666303738849006,1.0000000000000004,-27.611400843749383,-4.626446429765663,141.38738434402597
168.7467882975897,-17.674857440817863,1.0000000000000004,-27.61418130706446,-4.622409135583954,141.37274894834766
168.75452738554768,-17.683417845849114,1.0000000000000002,-27.616929049409265,-4.618363267507535,141.35811149647947
168.7622491799061,-17.69198494166355,1.0000000000000004,-27.619644185292966,-4.6143088472909835,141.34347190692387
168.76995371581776,-17.700558715974665,1.0000000000000004,-27.622326829217915,-4.610245896727328,141.3288300981837
168.77764102843517,-17.709139156488998,1.0000000000000004,-27.62497709567956,-4.606174437647994,141.31418598876178
168.7853111529103,-17.71772625090588,1.0000000000000002,-27.627595099166555,-4.60209449192277,141.2995394971605
168.7929641243948,-17.726319986917556,1.0000000000000004,-27.630180954160732,-4.598006081459701,141.28489054188287
168.80059997803994,-17.734920352209205,1.0000000000000004,-27.63273477513716,-4.59390922820506,141.27023904143144
168.8082187489964,-17.74352733445875,1.0000000000000004,-27.63525667656411,-4.589803954143237,141.25558491430897
168.81582047241486,-17.7521409213372,1.0000000000000004,-27.6377467729031,-4.585690281296751,141.2409280790181
168.82340518344537,-17.76076110050842,1.0000000000000004,-27.64020517860893,-4.5815682317260915,141.2262684540616
168.83097291723783,-17.769387859629234,1.0000000000000004,-27.642632008129628,-4.577437827529733,141.21160595794217
168.83852370894184,-17.778021186349438,1.0000000000000004,-27.64502737590658,-4.5732990908440545,141.1969405091625
168.84605759370666,-17.786661068311638,1.0000000000000004,-27.647391396374445,-4.569152043843218,141.18227202622518
168.8535746066813,-17.79530749315156,1.0000000000000004,-27.64972418396122,-4.564996708739189,141.1676004276331
168.8610747830146,-17.803960448497865,1.0000000000000004,-27.65202585308825,-4.560833107781608,141.1529256318889
168.86855815785512,-17.812619921972185,1.0000000000000004,-27.654296518170252,-4.556661263257748,141.13824755749528
168.8760247663513,-17.8212859011892,1.0000000000000002,-27.65653629361534,-4.552481197492485,141.12356612295488
168.88347464365128,-17.82995837375644,1.0000000000000004,-27.658745293824975,-4.548292932848158,141.10888124677052
168.8909078249032,-17.838637327274615,1.0000000000000004,-27.660923633194116,-4.544096491724575,141.0941928474448
168.89832434525493,-17.847322749337398,1.0000000000000004,-27.663071426111102,-4.539891896558917,141.07950084348045
168.90572423985424,-17.856014627531504,1.0000000000000002,-27.665188786957756,-4.5356791698256735,141.06480515338023
168.91310754384887,-17.864712949436697,1.0000000000000002,-27.667275830109325,-4.5314583340365875,141.05010569564683
168.92047429238647,-17.873417702625833,1.0000000000000004,-27.66933266993461,-4.527229411740599,141.03540238878287
168.92782452061454,-17.882128874664698,1.0000000000000004,-27.671359420795884,-4.522992425523739,141.02069515129114
168.9351582636806,-17.890846453112296,1.0000000000000004,-27.67335619704897,-4.518747398009117,141.00598390167434
168.94247555673218,-17.89957042552067,1.0000000000000004,-27.675323113043213,-4.514494351856854,140.99126855843517
168.94977643491677,-17.90830077943496,1.0000000000000002,-27.677260283121534,-4.51023330976396,140.97654904007618
168.95706093338185,-17.91703750239347,1.0000000000000004,-27.6791678216204,-4.505964294464331,140.96182526510034
168.96432908727502,-17.92578058192746,1.0000000000000004,-27.681045842869963,-4.501687328728666,140.94709715201014
168.97158093174383,-17.93453000556146,1.0000000000000004,-27.682894461193904,-4.497402435364398,140.93236461930846
168.97881650193602,-17.943285760813108,1.0000000000000002,-27.684713790909576,-4.493109637215632,140.9176275854978
168.98603583299936,-17.952047835193188,1.0000000000000002,-27.68650394632801,-4.48880895716308,140.90288596908104
168.99323896008173,-17.96081621620568,1.0000000000000002,-27.688265041753862,-4.484500418123995,140.88813968856087
169.00042591833113,-17.969590891347575,1.0000000000000002,-27.68999719148551,-4.480184043052123,140.87338866243994
169.00759674289583,-17.978371848109216,1.0000000000000002,-27.691700509815043,-4.475859854937612,140.8586328092209
169.01475146892412,-17.98715907397408,1.0000000000000002,-27.693375111028267,-4.471527876806968,140.84387204740653
169.0218901315646,-17.99595255641882,1.0000000000000002,-27.695021109404745,-4.467188131722994,140.82910629549954
169.02901276596603,-18.00475228291338,1.0,-27.696638619217815,-4.462840642784707,140.8143354720026
169.03611940727745,-18.01355824092076,1.0,-27.69822775473457,-4.458485433127283,140.7995594954184
169.04321009064807,-18.022370417897324,1.0000000000000002,-27.699788630215927,-4.454122525921997,140.78477828424968
169.0502848512275,-18.03118880129267,1.0000000000000002,-27.701321359916633,-4.44975194437616,140.76999175699922
169.0573437241655,-18.040013378549602,1.0000000000000002,-27.702826058085265,-4.445373711733049,140.75519983216955
169.0643867446123,-18.048844137104272,1.0000000000000002,-27.704302838964267,-4.440987851271844,140.7404024282634
169.07141394771833,-18.057681064385918,1.0,-27.70575181678996,-4.4365943863075685,140.72559946378362
169.07842536863444,-18.066524147817233,1.0000000000000002,-27.707173105792535,-4.432193340191006,140.7107908572328
169.08542104251183,-18.07537337481417,1.0000000000000002,-27.708566820196168,-4.427784736308682,140.69597652711374
169.09240100450216,-18.084228732785938,1.0000000000000002,-27.709933074218913,-4.423368598082753,140.68115639192897
169.09936528975743,-18.093090209135166,1.0000000000000002,-27.711271982072816,-4.4189449489709585,140.66633037018138
