galstreams/tracks/track.st.Jhelum-b.bonaca2019.ecsv
# %ECSV 0.9
# ---
# datatype:
# - {name: ra, unit: deg, datatype: float64}
# - {name: dec, unit: deg, datatype: float64}
# - {name: distance, unit: kpc, datatype: float64}
# - {name: pm_ra_cosdec, unit: mas / yr, datatype: float64}
# - {name: pm_dec, unit: mas / yr, datatype: float64}
# - {name: radial_velocity, unit: km / s, datatype: float64}
# delimiter: ','
# meta: !!omap
# - __serialized_columns__:
#     dec:
#       __class__: astropy.coordinates.angles.Latitude
#       unit: &id001 !astropy.units.Unit {unit: deg}
#       value: !astropy.table.SerializedColumn {name: dec}
#     distance:
#       __class__: astropy.coordinates.distances.Distance
#       unit: !astropy.units.Unit {unit: kpc}
#       value: !astropy.table.SerializedColumn {name: distance}
#     pm_dec:
#       __class__: astropy.units.quantity.Quantity
#       unit: !astropy.units.Unit {unit: mas / yr}
#       value: !astropy.table.SerializedColumn {name: pm_dec}
#     pm_ra_cosdec:
#       __class__: astropy.units.quantity.Quantity
#       unit: !astropy.units.Unit {unit: mas / yr}
#       value: !astropy.table.SerializedColumn {name: pm_ra_cosdec}
#     ra:
#       __class__: astropy.coordinates.angles.Longitude
#       unit: *id001
#       value: !astropy.table.SerializedColumn {name: ra}
#       wrap_angle: !astropy.coordinates.Angle
#         unit: *id001
#         value: 360.0
#     radial_velocity:
#       __class__: astropy.units.quantity.Quantity
#       unit: !astropy.units.Unit {unit: km / s}
#       value: !astropy.table.SerializedColumn {name: radial_velocity}
# schema: astropy-2.0
ra,dec,distance,pm_ra_cosdec,pm_dec,radial_velocity
[from data line 2498]
328.7077843466768,-47.5384841729705,13.000000000000004,5.586706554937025,-5.791299209830117,-2.020984111169361e-13
328.6940794730296,-47.53467934728366,13.000000000000002,5.585621459433762,-5.791941532245115,-6.73661370389787e-14
328.68037652792566,-47.53087298578588,13.000000000000002,5.584536341859219,-5.792583298389924,-1.347322740779574e-13
328.6666755115981,-47.5270650889157,13.000000000000004,5.5834512024573,-5.7932245082286355,-1.347322740779574e-13
328.65297642427925,-47.523255657111704,13.000000000000002,5.582366041471812,-5.793865161725522,-2.020984111169361e-13
328.6392792662008,-47.51944469081252,13.000000000000004,5.581280859146449,-5.794505258845012,-1.347322740779574e-13
328.62558403759374,-47.51563219045674,13.000000000000004,5.5801956557248245,-5.795144799551721,-1.0104920555846805e-13
328.6118907386884,-47.51181815648303,13.000000000000002,5.579110431450423,-5.795783783810419,-1.0104920555846805e-13
328.5981993697142,-47.50800258933006,13.000000000000002,5.578025186566655,-5.796422211586057,-1.347322740779574e-13
328.58450993090025,-47.50418548943654,13.000000000000004,5.5769399213167965,-5.797060082843753,-2.694645481559148e-13
328.5708224224747,-47.500366857241175,13.000000000000004,5.575854635944063,-5.797697397548785,-3.368306851948935e-14
328.5571368446651,-47.496546693182694,13.000000000000002,5.574769330691531,-5.79833415566662,-1.0104920555846805e-13
328.5434531976983,-47.492724997699874,13.000000000000004,5.573684005802199,-5.798970357162872,-1.347322740779574e-13
328.5297714818005,-47.4889017712315,13.000000000000004,5.57259866151894,-5.799606002003344,-2.3578147963642546e-13
328.5160916971971,-47.48507701421638,13.000000000000005,5.571513298084557,-5.8002410901539925,-1.6841534259744677e-13
328.502413844113,-47.48125072709332,13.000000000000002,5.570427915741724,-5.800875621580955,-3.031476166754042e-13
328.48873792277226,-47.47742291030119,13.000000000000002,5.569342514733024,-5.801509596250529,-2.694645481559148e-13
328.4750639333983,-47.473593564278865,13.000000000000002,5.568257095300935,-5.8021430141291805,-1.0104920555846805e-13
328.4613918762139,-47.46976268946522,13.000000000000004,5.56717165768783,-5.802775875183555,-1.347322740779574e-13
328.4477217514411,-47.46593028629919,13.000000000000004,5.566086202135987,-5.803408179380457,-1.347322740779574e-13
328.4340535593013,-47.462096355219686,13.000000000000004,5.565000728887576,-5.8040399266868565,3.368306851948935e-14
328.42038730001514,-47.458260896665664,13.000000000000004,5.563915238184662,-5.804671117069905,-2.3578147963642546e-13
328.4067229738027,-47.454423911076105,13.000000000000004,5.5628297302692165,-5.8053017504969,-1.0104920555846805e-13
328.39306058088323,-47.45058539889001,13.000000000000004,5.5617442053831,-5.8059318269353275,-6.73661370389787e-14
328.37940012147544,-47.44674536054638,13.000000000000004,5.5606586637680735,-5.806561346352833,-1.0104920555846805e-13
328.3657415957973,-47.442903796484266,13.000000000000004,5.559573105665789,-5.80719030871723,-1.347322740779574e-13
328.35208500406605,-47.439060707142716,13.000000000000004,5.558487531317808,-5.807818713996495,-6.73661370389787e-14
328.3384303464983,-47.4352160929608,13.000000000000002,5.557401940965576,-5.80844656215878,-2.020984111169361e-13
328.32477762330996,-47.43136995437761,13.000000000000002,5.556316334850448,-5.809073853172396,-1.347322740779574e-13
328.31112683471633,-47.42752229183227,13.000000000000002,5.555230713213662,-5.8097005870058265,-1.347322740779574e-13
328.29747798093194,-47.42367310576391,13.000000000000004,5.554145076296364,-5.810326763627719,-6.73661370389787e-14
328.28383106217063,-47.41982239661167,13.0,5.553059424339593,-5.810952383006892,-1.347322740779574e-13
328.2701860786457,-47.41597016481474,13.000000000000004,5.551973757584278,-5.81157744511232,-1.6841534259744677e-13
328.25654303056956,-47.41211641081229,13.000000000000002,5.550888076271261,-5.812201949913155,-6.73661370389787e-14
328.2429019181541,-47.40826113504353,13.0,5.549802380641259,-5.812825897378714,-2.3578147963642546e-13
328.22926274161046,-47.4044043379477,13.0,5.548716670934901,-5.813449287478468,-2.020984111169361e-13
328.21562550114925,-47.40054601996405,13.000000000000002,5.547630947392709,-5.8140721201820655,-1.0104920555846805e-13
328.20199019698015,-47.39668618153181,13.000000000000002,5.546545210255104,-5.814694395459323,-2.3578147963642546e-13
328.18835682931234,-47.39282482309029,13.000000000000002,5.545459459762394,-5.81531611328021,-2.3578147963642546e-13
328.17472539835427,-47.388961945078776,13.000000000000002,5.544373696154788,-5.8159372736148764,-1.347322740779574e-13
328.1610959043137,-47.38509754793658,13.0,5.543287919672391,-5.8165578764336265,-2.020984111169361e-13
328.1474683473979,-47.381231632103045,13.000000000000002,5.542202130555212,-5.817177921706929,0.0
328.133842727813,-47.377364198017496,13.000000000000002,5.541116329043138,-5.817797409405428,-2.694645481559148e-13
328.12021904576494,-47.37349524611935,13.000000000000002,5.540030515375971,-5.818416339499922,-1.0104920555846805e-13
328.1065973014588,-47.36962477684793,13.000000000000002,5.538944689793397,-5.819034711961381,0.0
328.092977495099,-47.36575279064268,13.000000000000004,5.537858852535001,-5.819652526760937,-2.020984111169361e-13
328.07935962688913,-47.361879287943,13.000000000000004,5.536773003840262,-5.820269783869885,-3.031476166754042e-13
328.0657436970324,-47.35800426918833,13.000000000000002,5.535687143948562,-5.820886483259686,-2.3578147963642546e-13
328.05212970573126,-47.354127734818114,13.000000000000002,5.534601273099173,-5.821502624901958,-3.368306851948935e-14
328.03851765318717,-47.35024968527182,13.000000000000004,5.533515391531253,-5.822118208768502,-1.0104920555846805e-13
328.0249075396013,-47.34637012098893,13.000000000000004,5.532429499483868,-5.822733234831263,-1.6841534259744677e-13
328.011299365174,-47.34248904240894,13.000000000000002,5.531343597195981,-5.823347703062363,-3.031476166754042e-13
327.99769313010506,-47.33860644997137,13.000000000000002,5.530257684906446,-5.823961613434072,-6.73661370389787e-14
327.98408883459336,-47.334722344115754,13.000000000000002,5.529171762854006,-5.82457496591884,-6.73661370389787e-14
327.9704864788373,-47.330836725281614,13.000000000000002,5.5280858312773065,-5.825187760489277,-2.3578147963642546e-13
327.9568860630346,-47.32694959390852,13.0,5.5269998904148885,-5.825799997118144,-1.6841534259744677e-13
327.9432875873822,-47.32306095043605,13.0,5.525913940505188,-5.826411675778379,-2.3578147963642546e-13
327.9296910520765,-47.3191707953038,13.0,5.5248279817865305,-5.827022796443075,-1.0104920555846805e-13
327.91609645731313,-47.31527912895136,13.000000000000002,5.523742014497136,-5.827633359085492,-3.368306851948935e-14
327.9025038032871,-47.311385951818345,13.0,5.522656038875134,-5.828243363679049,0.0
327.8889130901927,-47.3074912643444,13.000000000000002,5.521570055158523,-5.828852810197333,-1.6841534259744677e-13
327.8753243182237,-47.30359506696916,13.0,5.520484063585229,-5.829461698614082,-6.73661370389787e-14
327.861737487573,-47.29969736013229,13.000000000000002,5.519398064393043,-5.830070028903208,0.0
327.84815259843293,-47.295798144273455,13.000000000000002,5.518312057819661,-5.830677801038782,-3.368306851948935e-14
327.83456965099515,-47.291897419832374,13.000000000000002,5.51722604410268,-5.8312850149950375,-2.3578147963642546e-13
327.8209886454507,-47.287995187248725,13.0,5.5161400234795925,-5.831891670746356,-6.73661370389787e-14
327.8074095819899,-47.28409144696223,13.000000000000002,5.515053996187764,-5.832497768267298,-6.73661370389787e-14
327.7938324608023,-47.2801861994126,13.000000000000002,5.513967962464483,-5.833103307532582,-3.368306851948935e-14
327.780257282077,-47.27627944503959,13.0,5.512881922546917,-5.8337082885170854,-6.73661370389787e-14
327.7666840460023,-47.27237118428296,13.000000000000002,5.51179587667212,-5.834312711195844,-6.73661370389787e-14
327.75311275276584,-47.26846141758246,13.000000000000002,5.510709825077063,-5.834916575544054,-6.73661370389787e-14
327.73954340255466,-47.26455014537789,13.000000000000002,5.5096237679985895,-5.835519881537079,-1.0104920555846805e-13
327.72597599555496,-47.26063736810903,13.000000000000002,5.508537705673446,-5.8361226291504416,-2.020984111169361e-13
327.7124105319525,-47.25672308621568,13.000000000000002,5.507451638338276,-5.8367248183598175,-2.020984111169361e-13
327.6988470119324,-47.25280730013766,13.0,5.506365566229618,-5.837326449141049,-1.0104920555846805e-13
327.6852854356788,-47.2488900103148,13.000000000000002,5.5052794895838835,-5.837927521470139,-1.0104920555846805e-13
327.6717258033754,-47.24497121718695,13.000000000000002,5.504193408637409,-5.838528035323252,-2.694645481559148e-13
327.6581681152053,-47.241050921193946,13.000000000000002,5.503107323626405,-5.839127990676706,-1.6841534259744677e-13
327.64461237135083,-47.23712912277565,13.000000000000004,5.502021234786978,-5.839727387506979,-1.6841534259744677e-13
327.63105857199366,-47.233205822371936,13.000000000000004,5.500935142355136,-5.840326225790718,-1.0104920555846805e-13
327.61750671731477,-47.229281020422704,13.0,5.499849046566775,-5.840924505504725,-1.6841534259744677e-13
327.60395680749457,-47.225354717367836,13.000000000000002,5.498762947657679,-5.841522226625952,-6.73661370389787e-14
327.59040884271275,-47.22142691364726,13.000000000000002,5.497676845863532,-5.842119389131527,-1.6841534259744677e-13
327.5768628231484,-47.217497609700864,13.000000000000002,5.496590741419916,-5.842715992998722,-1.0104920555846805e-13
327.56331874897984,-47.2135668059686,13.000000000000002,5.495504634562295,-5.843312038204976,-3.368306851948935e-14
327.5497766203848,-47.20963450289039,13.000000000000002,5.494418525526036,-5.843907524727885,-1.0104920555846805e-13
327.5362364375403,-47.20570070090619,13.0,5.493332414546389,-5.844502452545208,-2.694645481559148e-13
327.52269820062287,-47.20176540045597,13.000000000000002,5.4922463018585095,-5.845096821634845,-1.347322740779574e-13
327.5091619098082,-47.19782860197968,13.000000000000002,5.4911601876974405,-5.845690631974878,-3.368306851948935e-14
327.4956275652713,-47.193890305917314,13.000000000000002,5.490074072298115,-5.846283883543537,-1.347322740779574e-13
327.4820951671867,-47.18995051270884,12.999999999999998,5.488987955895361,-5.846876576319204,-1.0104920555846805e-13
327.46856471572806,-47.18600922279429,13.0,5.487901838723898,-5.847468710280429,-1.0104920555846805e-13
327.45503621106866,-47.18206643661363,13.0,5.4868157210183455,-5.848060285405911,-1.6841534259744677e-13
327.44150965338076,-47.17812215460692,13.000000000000002,5.485729603013207,-5.848651301674512,-1.347322740779574e-13
327.4279850428363,-47.17417637721414,12.999999999999998,5.484643484942884,-5.8492417590652535,-6.73661370389787e-14
327.41446237960633,-47.170229104875354,12.999999999999998,5.483557367041665,-5.84983165755731,-1.6841534259744677e-13
327.40094166386143,-47.1662803380306,13.0,5.482471249543736,-5.850420997130012,-2.3578147963642546e-13
327.3874228957714,-47.162330077119925,13.000000000000002,5.481385132683181,-5.851009777762849,-1.0104920555846805e-13
327.3739060755054,-47.158378322583395,12.999999999999998,5.480299016693964,-5.851597999435471,-1.6841534259744677e-13
327.3603912032319,-47.15442507486105,13.0,5.479212901809951,-5.8521856621276775,-6.73661370389787e-14
327.34687827911887,-47.15047033439301,13.0,5.478126788264892,-5.852772765819434,-1.6841534259744677e-13
327.33336730333355,-47.14651410161932,13.0,5.477040676292441,-5.85335931049085,-6.73661370389787e-14
327.31985827604234,-47.142556376980096,13.0,5.47595456612613,-5.853945296122202,-1.347322740779574e-13
327.30635119741123,-47.13859716091542,13.0,5.474868457999396,-5.854530722693923,-2.020984111169361e-13
327.2928460676055,-47.13463645386542,13.000000000000002,5.47378235214556,-5.855115590186588,-1.6841534259744677e-13
327.2793428867898,-47.13067425627018,13.0,5.472696248797842,-5.855699898580948,-1.0104920555846805e-13
327.26584165512793,-47.126710568569834,13.000000000000002,5.4716101481893435,-5.856283647857895,-2.020984111169361e-13
327.2523423727833,-47.12274539120453,13.0,5.470524050553072,-5.856866837998481,-2.020984111169361e-13
327.23884503991854,-47.118778724614366,13.000000000000002,5.469437956121914,-5.857449468983911,-2.020984111169361e-13
327.2253496566957,-47.114810569239516,13.000000000000002,5.468351865128665,-5.858031540795551,-1.0104920555846805e-13
327.211856223276,-47.11084092552009,12.999999999999998,5.467265777805984,-5.858613053414921,-1.347322740779574e-13
327.19836473982025,-47.10686979389628,13.0,5.4661796943864465,-5.859194006823692,-2.020984111169361e-13
327.1848752064884,-47.10289717480823,13.0,5.465093615102513,-5.859774401003691,-1.6841534259744677e-13
327.17138762343995,-47.0989230686961,12.999999999999998,5.464007540186537,-5.860354235936901,-1.347322740779574e-13
327.1579019908335,-47.09494747600007,12.999999999999998,5.462921469870753,-5.8609335116054595,-1.6841534259744677e-13
327.1444183088274,-47.09097039716032,13.0,5.461835404387305,-5.861512227991654,-6.73661370389787e-14
327.13093657757884,-47.08699183261702,12.999999999999998,5.46074934396821,-5.8620903850779404,-1.347322740779574e-13
327.11745679724476,-47.083011782810374,13.0,5.459663288845387,-5.862667982846908,-6.73661370389787e-14
327.1039789679813,-47.079030248180565,12.999999999999998,5.458577239250648,-5.863245021281321,-1.6841534259744677e-13
327.0905030899439,-47.0750472291678,13.0,5.4574911954156935,-5.863821500364074,-6.73661370389787e-14
327.07702916328753,-47.07106272621228,12.999999999999998,5.45640515757211,-5.864397420078243,-1.0104920555846805e-13
327.0635571881663,-47.067076739754214,13.000000000000002,5.45531912595138,-5.864972780407029,-6.73661370389787e-14
327.05008716473395,-47.06308927023381,13.0,5.454233100784886,-5.8655475813338125,-3.368306851948935e-14
327.0366190931432,-47.05910031809128,13.0,5.453147082303885,-5.866121822842109,-1.6841534259744677e-13
327.0231529735464,-47.05510988376688,13.000000000000002,5.452061070739536,-5.866695504915592,-6.73661370389787e-14
327.00968880609526,-47.0511179677008,13.0,5.450975066322884,-5.867268627538092,-6.73661370389787e-14
326.99622659094064,-47.047124570333274,12.999999999999998,5.4498890692848665,-5.867841190693594,-2.020984111169361e-13
326.982766328233,-47.043129692104564,12.999999999999998,5.4488030798563205,-5.86841319436622,-3.368306851948935e-14
326.96930801812204,-47.039133333454885,13.0,5.447717098267951,-5.868984638540265,-1.347322740779574e-13
326.95585166075676,-47.03513549482449,13.0,5.4466311247503825,-5.869555523200164,3.368306851948935e-14
326.9423972562855,-47.031136176653604,13.000000000000002,5.445545159534108,-5.870125848330509,-1.0104920555846805e-13
326.9289448048562,-47.02713537938251,13.000000000000002,5.444459202849521,-5.870695613916041,-1.6841534259744677e-13
326.915494306616,-47.02313310345143,13.0,5.443373254926912,-5.871264819941654,-3.368306851948935e-14
326.9020457617112,-47.01912934930063,13.0,5.442287315996445,-5.8718334663923955,-6.73661370389787e-14
326.88859917028776,-47.015124117370355,13.0,5.44120138628819,-5.872401553253464,-1.347322740779574e-13
326.87515453249097,-47.011117408100894,13.0,5.440115466032102,-5.872969080510205,0.0
326.86171184846523,-47.00710922193249,13.000000000000002,5.439029555458017,-5.873536048148124,-3.368306851948935e-14
326.84827111835455,-47.00309955930539,12.999999999999998,5.4379436547956805,-5.874102456152876,-2.020984111169361e-13
326.8348323423022,-46.999088420659895,12.999999999999996,5.43685776427472,-5.874668304510255,-1.347322740779574e-13
326.82139552045095,-46.995075806436276,12.999999999999998,5.435771884124642,-5.875233593206218,-6.73661370389787e-14
326.8079606529426,-46.99106171707478,12.999999999999998,5.434686014574858,-5.875798322226874,-1.0104920555846805e-13
