galstreams/tracks/track.st.Gaia-11.ibata2021.ecsv
# %ECSV 0.9
# ---
# datatype:
# - {name: ra, unit: deg, datatype: float64}
# - {name: dec, unit: deg, datatype: float64}
# - {name: distance, unit: kpc, datatype: float64}
# - {name: pm_ra_cosdec, unit: mas / yr, datatype: float64}
# - {name: pm_dec, unit: mas / yr, datatype: float64}
# - {name: radial_velocity, unit: km / s, datatype: float64}
# delimiter: ','
# meta: !!omap
# - __serialized_columns__:
#     dec:
#       __class__: astropy.coordinates.angles.Latitude
#       unit: &id001 !astropy.units.Unit {unit: deg}
#       value: !astropy.table.SerializedColumn {name: dec}
#     distance:
#       __class__: astropy.coordinates.distances.Distance
#       unit: !astropy.units.Unit {unit: kpc}
#       value: !astropy.table.SerializedColumn {name: distance}
#     pm_dec:
#       __class__: astropy.units.quantity.Quantity
#       unit: !astropy.units.Unit {unit: mas / yr}
#       value: !astropy.table.SerializedColumn {name: pm_dec}
#     pm_ra_cosdec:
#       __class__: astropy.units.quantity.Quantity
#       unit: !astropy.units.Unit {unit: mas / yr}
#       value: !astropy.table.SerializedColumn {name: pm_ra_cosdec}
#     ra:
#       __class__: astropy.coordinates.angles.Longitude
#       unit: *id001
#       value: !astropy.table.SerializedColumn {name: ra}
#       wrap_angle: !astropy.coordinates.Angle
#         unit: *id001
#         value: 360.0
#     radial_velocity:
#       __class__: astropy.units.quantity.Quantity
#       unit: !astropy.units.Unit {unit: km / s}
#       value: !astropy.table.SerializedColumn {name: radial_velocity}
# schema: astropy-2.0
ra,dec,distance,pm_ra_cosdec,pm_dec,radial_velocity
[from data line 557]
270.4126200285515,43.431128485114456,12.202629978576153,-4.432834069260537,4.759994713205388,2.694645481559148e-13
270.4173000773508,43.42171370037144,12.203419076066421,-4.432167435159024,4.759264620347732,2.8630608241565947e-13
270.42197955172577,43.41229897866692,12.204206804215824,-4.4315005215561545,4.7585355734584,1.347322740779574e-13
270.4266584517792,43.40288431988751,12.204993166085053,-4.4308333288658535,4.757807572450293,1.8525687685719145e-13
270.4313367776137,43.39346972391991,12.205778164734788,-4.430165857502176,4.757080617236472,1.8525687685719145e-13
270.4360145293317,43.38405519065083,12.20656180322572,-4.429498107879293,4.756354707730144,1.347322740779574e-13
270.44069170703557,43.37464071996712,12.207344084618526,-4.428830080411508,4.755629843844661,2.5262301389617017e-13
270.44536831082763,43.365226311755535,12.208125011973896,-4.428161775513233,4.754906025493538,1.347322740779574e-13
270.45004434080994,43.355811965903,12.208904588352512,-4.4274931935990205,4.7541832525904235,1.347322740779574e-13
270.45471979708435,43.34639768229648,12.209682816815066,-4.426824335083537,4.753461525049119,2.020984111169361e-13
270.45939467975285,43.33698346082297,12.210459700422241,-4.426155200381565,4.752740842783574,2.020984111169361e-13
270.46406898891706,43.32756930136954,12.21123524223471,-4.4254857899080315,4.752021205707896,2.694645481559148e-13
270.46874272467875,43.31815520382328,12.212009445313175,-4.424816104077958,4.751302613736337,1.1789073981821273e-13
270.47341588713914,43.30874116807144,12.21278231271831,-4.424146143306515,4.750585066783287,1.515738083377021e-13
270.4780884763998,43.29932719400113,12.213553847510804,-4.423475908008974,4.7498685647633,1.0104920555846805e-13
270.4827604925618,43.28991328149965,12.214324052751342,-4.42280539860075,4.749153107591072,1.8525687685719145e-13
270.4874319357263,43.28049943045438,12.215092931500605,-4.422134615497364,4.748438695181447,2.694645481559148e-13
270.4921028059943,43.27108564075263,12.215860486819285,-4.421463559114465,4.747725327449418,2.5262301389617017e-13
270.49677310346664,43.2616719122819,12.216626721768064,-4.420792229867825,4.74701300431013,1.1789073981821273e-13
270.50144282824397,43.25225824492972,12.217391639407621,-4.420120628173349,4.746301725678869,2.3578147963642546e-13
270.5061119804269,43.24284463858353,12.218155242798648,-4.419448754447042,4.745591491471082,1.1789073981821273e-13
270.51078056011596,43.23343109313096,12.21891753500183,-4.418776609105049,4.744882301602352,1.6841534259744677e-13
270.51544856741145,43.224017608459675,12.219678519077853,-4.418104192563635,4.744174155988407,1.8525687685719145e-13
270.5201160024136,43.21460418445739,12.220438198087392,-4.417431505239182,4.743467054545148,2.020984111169361e-13
270.5247828652225,43.20519082101187,12.221196575091142,-4.416758547548198,4.742760997188591,2.5262301389617017e-13
270.5294491559382,43.19577751801093,12.221953653149788,-4.416085319907307,4.7420559838349305,2.020984111169361e-13
270.5341148746604,43.18636427534246,12.22270943532401,-4.415411822733272,4.741352014400484,1.8525687685719145e-13
270.53878002148895,43.17695109289432,12.223463924674496,-4.414738056442958,4.740649088801733,2.1893994537668078e-13
270.54344459652344,43.16753797055452,12.22421712426193,-4.414064021453365,4.739947206955307,1.515738083377021e-13
270.5481085998633,43.15812490821109,12.224969037146996,-4.413389718181608,4.739246368777973,1.515738083377021e-13
270.5527720316079,43.148711905752116,12.22571966639038,-4.412715147044932,4.73854657418665,3.031476166754042e-13
270.5574348918565,43.139298963065734,12.22646901505277,-4.412040308460693,4.737847823098413,2.020984111169361e-13
270.5620971807081,43.129886080040194,12.227217086194846,-4.4113652028463815,4.73715011543047,2.1893994537668078e-13
270.56675889826187,43.120473256563635,12.227963882877296,-4.410689830619599,4.7364534511001954,2.5262301389617017e-13
270.57142004461656,43.11106049252442,12.228709408160805,-4.410014192198073,4.735757830025095,1.347322740779574e-13
270.5760806198709,43.101647787810876,12.229453665106051,-4.4093382879996605,4.735063252122827,1.8525687685719145e-13
270.5807406241235,43.092235142311445,12.230196656773733,-4.408662118442323,4.7343697173112,1.515738083377021e-13
270.5854000574729,43.08282255591456,12.230938386224528,-4.407985683944162,4.733677225508167,2.3578147963642546e-13
270.59005892001744,43.07341002850876,12.231678856519116,-4.407308984923389,4.732985776631832,2.8630608241565947e-13
270.59471721185537,43.063997559982646,12.232418070718186,-4.40663202179834,4.732295370600448,1.347322740779574e-13
270.59937493308485,43.054585150224746,12.233156031882432,-4.405954794987473,4.731606007332402,1.8525687685719145e-13
270.6040320838038,43.04517279912378,12.233892743072524,-4.405277304909372,4.730917686746243,3.3683068519489354e-13
270.6086886641103,43.035760506568494,12.234628207349157,-4.404599551982733,4.730230408760666,2.5262301389617017e-13
270.6133446741019,43.026348272447656,12.235362427773014,-4.40392153662638,4.729544173294506,1.6841534259744677e-13
270.6180001138763,43.016936096650106,12.236095407404777,-4.403243259259261,4.7288589802667484,1.515738083377021e-13
270.622654983531,43.00752397906477,12.236827149305133,-4.402564720300438,4.7281748295965205,3.1998915093514883e-13
270.6273092831634,42.99811191958059,12.23755765653477,-4.401885920169098,4.727491721203114,1.8525687685719145e-13
270.63196301287087,42.98869991808649,12.238286932154367,-4.4012068592845495,4.726809655005944,2.8630608241565947e-13
270.63661617275045,42.97928797447156,12.239014979224617,-4.400527538066225,4.726128630924588,2.694645481559148e-13
270.64126876289924,42.969876088624936,12.239741800806193,-4.3998479569336695,4.725448648878773,2.694645481559148e-13
270.6459207834141,42.96046426043575,12.24046739995979,-4.399168116306559,4.724769708788355,2.694645481559148e-13
270.65057223439186,42.95105248979322,12.24119177974609,-4.398488016604684,4.724091810573358,2.1893994537668078e-13
270.6552231159291,42.94164077658667,12.24191494322578,-4.397807658247961,4.7234149541539345,1.0104920555846805e-13
270.65987342812247,42.932229120705315,12.242636893459542,-4.397127041656424,4.7227391394503915,2.5262301389617017e-13
270.66452317106837,42.92281752203859,12.243357633508062,-4.396446167250227,4.722064366383191,2.020984111169361e-13
270.66917234486306,42.9134059804759,12.244077166432024,-4.395765035449647,4.721390634872926,2.5262301389617017e-13
270.67382094960277,42.903994495906744,12.244795495292117,-4.395083646675083,4.720717944840347,1.6841534259744677e-13
270.6784689853836,42.89458306822065,12.24551262314902,-4.394402001347055,4.720046296206345,1.6841534259744677e-13
270.6831164523014,42.885171697307214,12.246228553063421,-4.3937200998862,4.71937568889196,1.515738083377021e-13
270.68776335045203,42.875760383056125,12.246943288096004,-4.393037942713282,4.718706122818375,2.020984111169361e-13
270.69240967993125,42.866349125356976,12.247656831307456,-4.3923555302491755,4.7180375979069265,1.8525687685719145e-13
270.69705544083456,42.85693792409955,12.248369185758465,-4.391672862914884,4.717370114079091,1.8525687685719145e-13
270.70170063325753,42.84752677917368,12.249080354509708,-4.390989941131529,4.716703671256494,8.420767129872338e-14
270.7063452572954,42.8381156904692,12.249790340621876,-4.390306765320361,4.716038269360901,2.3578147963642546e-13
270.7109893130435,42.828704657876024,12.25049914715565,-4.389623335902733,4.715373908314238,1.0104920555846805e-13
270.7156328005968,42.81929368128417,12.251206777171719,-4.388939653300136,4.714710588038556,2.020984111169361e-13
270.7202757200504,42.80988276058355,12.251913233730766,-4.388255717934168,4.71404830845607,1.8525687685719145e-13
270.72491807149913,42.80047189566427,12.252618519893474,-4.387571530226557,4.713387069489132,3.031476166754042e-13
270.7295598550378,42.79106108641647,12.253322638720531,-4.386887090599145,4.712726871060245,1.6841534259744677e-13
270.73420107076095,42.78165033273034,12.254025593272619,-4.386202399473904,4.712067713092052,2.1893994537668078e-13
270.73884171876307,42.772239634496074,12.254727386610432,-4.38551745727291,4.711409595507341,2.694645481559148e-13
270.7434817991387,42.762828991603975,12.255428021794641,-4.384832264418376,4.710752518229056,2.5262301389617017e-13
270.74812131198195,42.753418403944416,12.256127501885938,-4.384146821332627,4.710096481180273,2.1893994537668078e-13
270.7527602573871,42.74400787140772,12.256825829945011,-4.383461128438104,4.709441484284223,2.5262301389617017e-13
270.75739863544817,42.73459739388434,12.257523009032544,-4.3827751861573745,4.708787527464279,2.1893994537668078e-13
270.762036446259,42.7251869712648,12.258219042209214,-4.38208899491313,4.708134610643961,2.694645481559148e-13
270.76667368991343,42.71577660343962,12.258913932535716,-4.381402555128172,4.707482733746932,3.1998915093514883e-13
270.77131036650525,42.706366290299435,12.25960768307273,-4.380715867225427,4.706831896697002,2.694645481559148e-13
270.77594647612784,42.69695603173488,12.26030029688094,-4.380028931627941,4.706182099418125,1.8525687685719145e-13
270.7805820188748,42.687545827636725,12.260991777021037,-4.379341748758881,4.705533341834401,1.0104920555846805e-13
270.78521699483935,42.678135677895625,12.261682126553703,-4.378654319041532,4.704885623870071,1.6841534259744677e-13
270.7898514041148,42.668725582402445,12.262371348539617,-4.377966642899299,4.704238945449534,8.420767129872338e-14
270.7944852467942,42.65931554104807,12.26305944603947,-4.377278720755708,4.703593306497318,1.347322740779574e-13
270.7991185229705,42.6499055537234,12.263746422113945,-4.376590553034404,4.702948706938103,1.8525687685719145e-13
270.8037512327366,42.64049562031944,12.26443227982373,-4.375902140159152,4.702305146696716,2.1893994537668078e-13
270.8083833761852,42.63108574072723,12.265117022229507,-4.375213482553836,4.701662625698125,1.1789073981821273e-13
270.81301495340904,42.62167591483778,12.265800652391961,-4.374524580642457,4.701021143867447,1.515738083377021e-13
270.81764596450046,42.61226614254226,12.266483173371782,-4.3738354348491395,4.700380701129937,2.3578147963642546e-13
270.82227640955205,42.60285642373186,12.267164588229647,-4.37314604559813,4.699741297411004,1.1789073981821273e-13
270.8269062886559,42.593446758297816,12.267844900026246,-4.372456413313789,4.69910293263619,2.3578147963642546e-13
270.83153560190425,42.58403714613144,12.268524111822265,-4.371766538420595,4.69846560673119,2.5262301389617017e-13
270.8361643493892,42.57462758712407,12.269202226678383,-4.37107642134315,4.697829319621848,1.0104920555846805e-13
270.84079253120257,42.56521808116716,12.26987924765529,-4.37038606250618,4.6971940712341365,1.6841534259744677e-13
270.84542014743624,42.55580862815205,12.270555177813671,-4.3696954623345166,4.696559861494188,1.347322740779574e-13
270.8500471981819,42.546399227970305,12.27123002021421,-4.369004621253123,4.6959266903282675,1.1789073981821273e-13
270.85467368353113,42.536989880513495,12.271903777917592,-4.368313539687077,4.695294557662791,1.6841534259744677e-13
270.8592996035754,42.527580585673206,12.272576453984502,-4.367622218061576,4.69466346342432,2.5262301389617017e-13
270.8639249584061,42.51817134334113,12.273248051475623,-4.366930656801933,4.69403340753956,6.73661370389787e-14
270.8685497481142,42.50876215340901,12.273918573451644,-4.366238856333591,4.693404389935347,8.420767129872338e-14
270.87317397279116,42.499353015768556,12.274588022973244,-4.3655468170820955,4.692776410538684,2.3578147963642546e-13
270.87779763252786,42.489943930311604,12.275256403101118,-4.364854539473124,4.692149469276702,1.6841534259744677e-13
270.88242072741514,42.480534896930045,12.275923716895937,-4.364162023932471,4.691523566076681,1.515738083377021e-13
270.8870432575438,42.471125915515806,12.276589967418401,-4.363469270886044,4.69089870086604,2.3578147963642546e-13
270.8916652230045,42.46171698596088,12.277255157729186,-4.362776280759873,4.6902748735723465,2.3578147963642546e-13
270.8962866238878,42.45230810815729,12.277919290888978,-4.3620830539801085,4.689652084123316,1.1789073981821273e-13
270.9009074602841,42.44289928199719,12.27858236995846,-4.36138959097302,4.689030332446796,1.515738083377021e-13
270.90552773228364,42.43349050737261,12.279244397998326,-4.360695892164992,4.688409618470787,2.8630608241565947e-13
270.91014743997675,42.424081784175804,12.27990537806925,-4.3600019579825275,4.687789942123432,2.8630608241565947e-13
270.91476658345346,42.414673112299,12.280565313231927,-4.3593077888522505,4.687171303333013,1.0104920555846805e-13
270.91938516280374,42.40526449163453,12.28122420654703,-4.3586133852009095,4.68655370202796,3.031476166754042e-13
270.92400317811746,42.395855922074716,12.281882061075256,-4.357918747455356,4.685937138136845,1.1789073981821273e-13
270.92862062948427,42.386447403512044,12.282538879877281,-4.3572238760425765,4.685321611588378,1.1789073981821273e-13
270.93323751699387,42.37703893583883,12.283194666013793,-4.35652877138967,4.684707122311421,2.1893994537668078e-13
270.9378538407358,42.36763051894769,12.283849422545483,-4.355833433923846,4.684093670234978,2.1893994537668078e-13
270.9424696007994,42.35822215273115,12.284503152533029,-4.355137864072441,4.6834812552881875,2.1893994537668078e-13
270.947084797274,42.34881383708183,12.285155859037117,-4.354442062262913,4.68286987740034,2.1893994537668078e-13
270.9516994302487,42.33940557189242,12.28580754511843,-4.35374602892283,4.68225953650087,2.694645481559148e-13
270.95631349981267,42.329997357055625,12.286458213837662,-4.353049764479881,4.681650232519345,2.020984111169361e-13
270.9609270060547,42.32058919246427,12.287107868255486,-4.352353269361875,4.681041965385487,1.1789073981821273e-13
270.9655399490638,42.31118107801109,12.287756511432596,-4.3516565439967385,4.6804347350291495,1.1789073981821273e-13
270.97015232892846,42.30177301358901,12.288404146429674,-4.3509595888125165,4.679828541380337,1.8525687685719145e-13
270.9747641457375,42.29236499909099,12.289050776307404,-4.35026240423737,4.679223384369196,3.1998915093514883e-13
270.97937539957934,42.282957034409975,12.28969640412647,-4.349564990699579,4.678619263926014,2.020984111169361e-13
270.9839860905423,42.273549119439025,12.290341032947557,-4.348867348627542,4.678016179981222,1.347322740779574e-13
270.98859621871475,42.26414125407129,12.290984665831358,-4.348169478449776,4.67741413246539,6.73661370389787e-14
270.9932057841846,42.254733438199786,12.291627305838546,-4.347471380594922,4.676813121309232,2.694645481559148e-13
270.9978147870403,42.24532567171779,12.292268956029814,-4.3467730554917186,4.676213146443618,1.1789073981821273e-13
271.00242322736943,42.23591795451853,12.29290961946585,-4.346074503569047,4.675614207799529,1.6841534259744677e-13
271.00703110525995,42.22651028649531,12.293549299207324,-4.345375725255891,4.675016305308124,1.347322740779574e-13
271.0116384207995,42.217102667541496,12.29418799831494,-4.344676720981358,4.674419438900678,2.5262301389617017e-13
271.0162451740758,42.20769509755049,12.294825719849367,-4.343977491174669,4.6738236085086236,2.3578147963642546e-13
271.0208513651761,42.198287576415815,12.295462466871298,-4.343278036265169,4.673228814063526,2.5262301389617017e-13
271.02545699418795,42.188880104030844,12.296098242441419,-4.342578356682315,4.672635055497101,2.020984111169361e-13
271.0300620611986,42.179472680289216,12.296733049620409,-4.341878452855681,4.672042332741199,1.6841534259744677e-13
271.03466656629513,42.17006530508457,12.297366891468958,-4.341178325214966,4.67145064572782,8.420767129872338e-14
271.0392705095646,42.160657978310546,12.29799977104775,-4.340477974189979,4.67085999438909,2.020984111169361e-13
271.0438738910938,42.151250699860846,12.298631691417471,-4.339777400210651,4.6702703786573,1.515738083377021e-13
271.04847671096974,42.14184346962929,12.299262655638806,-4.339076603707029,4.669681798464864,2.3578147963642546e-13
