galstreams/tracks/track.st.Gaia-6.ibata2021.ecsv
# %ECSV 1.0
# ---
# datatype:
# - {name: ra, unit: deg, datatype: float64}
# - {name: dec, unit: deg, datatype: float64}
# - {name: distance, unit: kpc, datatype: float64}
# - {name: pm_ra_cosdec, unit: mas / yr, datatype: float64}
# - {name: pm_dec, unit: mas / yr, datatype: float64}
# - {name: radial_velocity, unit: km / s, datatype: float64}
# delimiter: ','
# meta: !!omap
# - __serialized_columns__:
#     dec:
#       __class__: astropy.coordinates.angles.Latitude
#       unit: &id001 !astropy.units.Unit {unit: deg}
#       value: !astropy.table.SerializedColumn {name: dec}
#     distance:
#       __class__: astropy.coordinates.distances.Distance
#       unit: !astropy.units.Unit {unit: kpc}
#       value: !astropy.table.SerializedColumn {name: distance}
#     pm_dec:
#       __class__: astropy.units.quantity.Quantity
#       unit: !astropy.units.Unit {unit: mas / yr}
#       value: !astropy.table.SerializedColumn {name: pm_dec}
#     pm_ra_cosdec:
#       __class__: astropy.units.quantity.Quantity
#       unit: !astropy.units.Unit {unit: mas / yr}
#       value: !astropy.table.SerializedColumn {name: pm_ra_cosdec}
#     ra:
#       __class__: astropy.coordinates.angles.Longitude
#       unit: *id001
#       value: !astropy.table.SerializedColumn {name: ra}
#       wrap_angle: !astropy.coordinates.Angle
#         unit: *id001
#         value: 360.0
#     radial_velocity:
#       __class__: astropy.units.quantity.Quantity
#       unit: !astropy.units.Unit {unit: km / s}
#       value: !astropy.table.SerializedColumn {name: radial_velocity}
# schema: astropy-2.0
ra,dec,distance,pm_ra_cosdec,pm_dec,radial_velocity
[from data line 1546]
218.529906052943,35.55038439682065,8.754347009639849,-8.012049030614985,-6.594861075030325,1.6841534259744676e-14
218.53978083443738,35.556341268438885,8.755926933009603,-8.010859186238878,-6.591971347934177,8.420767129872338e-14
218.54965771096718,35.56229667665578,8.757508408450597,-8.0096667386927,-6.589081382953219,3.368306851948935e-14
218.5595366839648,35.56825061976779,8.759091435377512,-8.008471684189457,-6.58619118145321,6.73661370389787e-14
218.56941775486217,35.574203096070846,8.760676013205014,-8.00727401894232,-6.58330074480204,6.73661370389787e-14
218.57930092509054,35.580154103860345,8.76226214134778,-8.006073739164608,-6.580410074369745,3.368306851948935e-14
218.58918619608068,35.586103641431116,8.76384981922048,-8.004870841069792,-6.577519171528493,-1.6841534259744676e-14
218.59907356926266,35.5920517070775,8.765439046237791,-8.003665320871496,-6.574628037652602,6.73661370389787e-14
218.60896304606612,35.59799829909327,8.767029821814381,-8.002457174783512,-6.571736674118531,8.420767129872338e-14
218.61885462792,35.60394341577167,8.768622145364928,-8.00124639901977,-6.568845082304882,5.0524602779234026e-14
218.6287483162527,35.609887055405416,8.770216016304106,-8.000032989794363,-6.565953263592408,1.1789073981821273e-13
218.63864411249205,35.61582921628668,8.771811434046583,-7.998816943321545,-6.563061219364017,8.420767129872338e-14
218.64854201806526,35.62176989670709,8.773408398007039,-7.997598255815728,-6.56016895100476,8.420767129872338e-14
218.65844203439894,35.62770909495776,8.775006907600138,-7.996376923491476,-6.557276459901846,3.368306851948935e-14
218.6683441629192,35.63364680932924,8.776606962240564,-7.995152942563518,-6.554383747444649,8.420767129872338e-14
218.67824840505142,35.63958303811155,8.778208561342987,-7.993926309246738,-6.551490815024683,1.0104920555846805e-13
218.68815476222056,35.6455177795942,8.779811704322073,-7.992697019756195,-6.548597664035639,5.0524602779234026e-14
218.69806323585078,35.65145103206612,8.781416390592506,-7.9914650703070835,-6.5457042958733584,5.0524602779234026e-14
218.70797382736586,35.65738279381572,8.78302261956895,-7.990230457114793,-6.542810711935857,1.1789073981821273e-13
218.71788653818885,35.663313063130886,8.784630390666088,-7.9889931763948425,-6.539916913623303,1.1789073981821273e-13
218.72780136974225,35.66924183829894,8.786239703298582,-7.987753224362942,-6.537022902338045,1.0104920555846805e-13
218.73771832344792,35.67516911760669,8.787850556881114,-7.986510597234952,-6.534128679484596,1.0104920555846805e-13
218.74763740072717,35.68109489934038,8.789462950828357,-7.985265291226895,-6.531234246469637,1.347322740779574e-13
218.7575586030007,35.68701918178575,8.791076884554979,-7.9840173025549745,-6.528339604702032,6.73661370389787e-14
218.76748193168856,35.692941963227966,8.792692357475655,-7.982766627435548,-6.525444755592814,8.420767129872338e-14
218.7774073882103,35.698863241951656,8.794309369005061,-7.981513262085146,-6.5225497005551984,8.420767129872338e-14
218.78733497398474,35.70478301624095,8.795927918557869,-7.980257202720464,-6.5196544410045725,1.6841534259744676e-14
218.79726469043018,35.7107012843794,8.797548005548752,-7.978998445558373,-6.516758978358519,8.420767129872338e-14
218.80719653896426,35.71661804465002,8.799169629392384,-7.977736986815897,-6.513863314036783,8.420767129872338e-14
218.8171305210041,35.72253329533528,8.800792789503436,-7.976472822710253,-6.510967449461316,6.73661370389787e-14
218.82706663796608,35.728447034717156,8.802417485296585,-7.975205949458813,-6.508071386056246,8.420767129872338e-14
218.8370048912661,35.734359261077024,8.8040437161865,-7.973936363279131,-6.505175125247897,3.368306851948935e-14
218.84694528231935,35.740269972695764,8.80567148158786,-7.972664060388929,-6.50227866846478,3.368306851948935e-14
218.85688781254044,35.74617916785366,8.80730078091533,-7.971389037006096,-6.4993820171375996,1.0104920555846805e-13
218.8668324833434,35.75208684483053,8.808931613583592,-7.9701112893487105,-6.496485172699254,3.368306851948935e-14
218.87677929614154,35.7579930019056,8.810563979007314,-7.9688308136350114,-6.493588136584849,5.0524602779234026e-14
218.8867282523477,35.76389763735755,8.81219787660117,-7.967547606083425,-6.490690910231677,8.420767129872338e-14
218.89667935337397,35.76980074946457,8.813833305779834,-7.966261662912543,-6.487793495079237,1.6841534259744676e-14
218.9066326006319,35.77570233650424,8.815470265957982,-7.964972980341142,-6.484895892569238,1.347322740779574e-13
218.91658799553235,35.781602396753655,8.817108756550283,-7.963681554588173,-6.4819981041455845,1.8525687685719145e-13
218.92654553948566,35.787500928489344,8.818748776971413,-7.9623873818727695,-6.4791001312543965,1.347322740779574e-13
218.93650523390144,35.79339792998728,8.820390326636042,-7.961090458414244,-6.476201975343994,5.0524602779234026e-14
218.94646708018874,35.79929339952291,8.822033404958846,-7.959790780432089,-6.473303637864919,-3.368306851948935e-14
218.95643107975593,35.805187335371144,8.8236780113545,-7.958488344145968,-6.470405120269919,1.347322740779574e-13
218.96639723401077,35.81107973580635,8.825324145237676,-7.9571831457757405,-6.467506424013962,1.347322740779574e-13
218.97636554436048,35.81697059910233,8.826971806023042,-7.955875181541451,-6.46460755055423,1.1789073981821273e-13
218.9863360122115,35.82285992353237,8.82862099312528,-7.954564447663312,-6.461708501350126,0.0
218.9963086389697,35.8287477073692,8.830271705959058,-7.95325094036173,-6.458809277863274,1.6841534259744676e-14
219.00628342604037,35.834633948885006,8.83192394393905,-7.9519346558573,-6.455909881557527,3.368306851948935e-14
219.01626037482805,35.84051864635143,8.833577706479929,-7.95061559037079,-6.453010313898951,8.420767129872338e-14
219.02623948673678,35.846401798039565,8.835232992996373,-7.949293740123169,-6.450110576355851,1.0104920555846805e-13
219.03622076316984,35.85228340221999,8.836889802903046,-7.947969101335586,-6.447210670398755,0.0
219.04620420552996,35.85816345716268,8.83854813561463,-7.946641670229372,-6.444310597500424,8.420767129872338e-14
219.05618981521914,35.86404196113715,8.840207990545794,-7.945311443026062,-6.441410359135853,1.515738083377021e-13
219.06617759363886,35.86991891241228,8.841869367111213,-7.9439784159473765,-6.438509956782276,1.6841534259744676e-14
219.07616754218984,35.87579430925647,8.843532264725557,-7.942642585215217,-6.435609391919157,5.0524602779234026e-14
219.0861596622722,35.88166814993755,8.845196682803506,-7.941303947051685,-6.432708666028202,0.0
219.09615395528542,35.887540432722815,8.846862620759726,-7.939962497679071,-6.429807780593367,1.1789073981821273e-13
219.1061504226283,35.89341115587901,8.848530078008896,-7.938618233319855,-6.426906737100837,3.368306851948935e-14
219.1161490656991,35.8992803176723,8.850199053965683,-7.937271150196727,-6.4240055370390525,1.1789073981821273e-13
219.12614988589525,35.90514791636838,8.851869548044766,-7.935921244532547,-6.421104181898698,1.0104920555846805e-13
219.13615288461367,35.911013950232345,8.853541559660817,-7.934568512550391,-6.418202673172708,0.0
219.14615806325054,35.91687841752873,8.855215088228508,-7.93321295047352,-6.4153010123562675,8.420767129872338e-14
219.1561654232015,35.92274131652159,8.856890133162512,-7.931854554525399,-6.412399200946824,-3.368306851948935e-14
219.1661749658614,35.92860264547434,8.858566693877506,-7.930493320929686,-6.40949724044406,3.368306851948935e-14
219.1761866926245,35.93446240264997,8.860244769788158,-7.929129245910237,-6.406595132349938,-1.6841534259744676e-14
219.1862006048844,35.9403205863108,8.861924360309148,-7.92776232569111,-6.403692878168668,1.0104920555846805e-13
219.19621670403401,35.946177194718665,8.86360546485514,-7.926392556496571,-6.400790479406727,2.020984111169361e-13
219.2062349914657,35.952032226134875,8.865288082840816,-7.925019934551068,-6.397887937572843,1.1789073981821273e-13
219.21625546857095,35.95788567882015,8.866972213680846,-7.923644456079267,-6.394985254178028,-8.420767129872338e-14
219.22627813674075,35.96373755103466,8.8686578567899,-7.922266117306032,-6.392082430735553,1.0104920555846805e-13
219.23630299736539,35.969587841038056,8.870345011582657,-7.9208849144564315,-6.389179468760957,1.0104920555846805e-13
219.2463300518345,35.97543654708943,8.872033677473791,-7.919500843755731,-6.386276369772045,8.420767129872338e-14
219.25635930153695,35.98128366744733,8.873723853877966,-7.918113901429416,-6.383373135288917,1.6841534259744677e-13
219.26639074786107,35.98712920036975,8.875415540209861,-7.916724083703171,-6.380469766833925,0.0
219.27642439219446,35.99297314411411,8.877108735884153,-7.915331386802881,-6.377566265931712,1.347322740779574e-13
219.28646023592404,35.998815496937354,8.878803440315512,-7.913935806954649,-6.3746626341092,1.6841534259744676e-14
219.29649828043603,36.0046562570958,8.880499652918608,-7.91253734038477,-6.371758872895584,1.8525687685719145e-13
219.30653852711603,36.01049542284527,8.88219737310812,-7.911135983319774,-6.368854983822352,6.73661370389787e-14
219.31658097734893,36.01633299244099,8.883896600298721,-7.909731731986382,-6.3659509684232765,5.0524602779234026e-14
219.32662563251898,36.022168964137684,8.88559733390508,-7.908324582611529,-6.363046828234418,1.515738083377021e-13
219.3366724940097,36.0280033361895,8.887299573341874,-7.90691453142237,-6.3601425647941205,1.6841534259744676e-14
219.34672156320391,36.03383610685003,8.889003318023772,-7.905501574646264,-6.357238179643031,1.0104920555846805e-13
219.3567728414839,36.039667274372356,8.890708567365452,-7.904085708510788,-6.354333674324077,0.0
219.36682633023102,36.04549683700895,8.892415320781584,-7.902666929243733,-6.351429050382496,5.0524602779234026e-14
219.37688203082618,36.05132479301179,8.894123577686845,-7.901245233073103,-6.348524309365814,5.0524602779234026e-14
219.3869399446494,36.05715114063227,8.895833337495901,-7.899820616227127,-6.345619452823867,1.515738083377021e-13
219.39700007308025,36.062975878121264,8.897544599623437,-7.898393074934239,-6.342714482308775,8.420767129872338e-14
219.40706241749737,36.06879900372904,8.899257363484116,-7.896962605423095,-6.339809399374982,5.0524602779234026e-14
219.4171269792788,36.07462051570537,8.900971628492616,-7.895529203922571,-6.336904205579227,1.8525687685719145e-13
219.42719375980195,36.08044041229947,8.902687394063607,-7.894092866661773,-6.333998902480562,3.368306851948935e-14
219.43726276044345,36.08625869175997,8.904404659611767,-7.8926535898700045,-6.331093491640346,3.368306851948935e-14
219.44733398257927,36.09207535233498,8.906123424551769,-7.89121136977681,-6.328187974622254,1.1789073981821273e-13
219.45740742758468,36.09789039227205,8.907843688298279,-7.889766202611949,-6.32528235299227,6.73661370389787e-14
219.46748309683423,36.103703809818164,8.909565450265976,-7.8883180846054035,-6.322376628318705,2.020984111169361e-13
219.47756099170184,36.10951560321978,8.911288709869535,-7.886867011987386,-6.319470802172172,1.347322740779574e-13
219.48764111356064,36.11532577072279,8.913013466523626,-7.885412980988319,-6.31656487612562,8.420767129872338e-14
219.4977234637831,36.12113431057253,8.914739719642922,-7.883955987838874,-6.313658851754314,1.0104920555846805e-13
219.507808043741,36.1269412210138,8.916467468642102,-7.882496028769921,-6.31075273063584,6.73661370389787e-14
219.51789485480535,36.13274650029083,8.918196712935831,-7.88103310001258,-6.307846514350122,5.0524602779234026e-14
219.52798389834652,36.13855014664729,8.91992745193879,-7.879567197798191,-6.304940204479401,1.0104920555846805e-13
219.53807517573418,36.144352158326335,8.921659685065647,-7.878098318358324,-6.302033802608253,3.368306851948935e-14
219.5481686883372,36.15015253357053,8.923393411731071,-7.876626457924786,-6.299127310323599,1.347322740779574e-13
219.55826443752383,36.15595127062189,8.925128631349747,-7.875151612729594,-6.296220729214664,1.0104920555846805e-13
219.56836242466156,36.16174836772193,8.926865343336342,-7.873673779005017,-6.293314060873042,1.1789073981821273e-13
219.57846265111723,36.16754382311153,8.92860354710553,-7.872192952983552,-6.290407306892646,1.6841534259744676e-14
219.5885651182568,36.17333763503105,8.930343242071984,-7.8707091308979305,-6.287500468869746,1.8525687685719145e-13
219.59866982744575,36.17912980172032,8.932084427650377,-7.869222308981113,-6.28459354840294,1.1789073981821273e-13
219.60877678004863,36.18492032141861,8.933827103255384,-7.867732483466306,-6.281686547093179,6.73661370389787e-14
219.61888597742941,36.190709192364594,8.935571268301674,-7.866239650586943,-6.278779466543766,1.347322740779574e-13
219.62899742095126,36.19649641279644,8.937316922203925,-7.864743806576689,-6.275872308360335,6.73661370389787e-14
219.6391111119766,36.20228198095174,8.93906406437681,-7.863244947669468,-6.272965074150894,0.0
219.64922705186726,36.20806589506753,8.940812694234998,-7.861743070099425,-6.27005776552579,1.0104920555846805e-13
219.6593452419842,36.2138481533803,8.942562811193168,-7.86023817010095,-6.267150384097732,1.515738083377021e-13
219.66946568368772,36.21962875412597,8.944314414665989,-7.858730243908684,-6.264242931481781,3.368306851948935e-14
219.6795883783374,36.22540769553992,8.946067504068136,-7.85721928775749,-6.261335409295363,5.0524602779234026e-14
219.68971332729205,36.231184975857,8.94782207881428,-7.855705297882489,-6.258427819158264,6.73661370389787e-14
219.69984053190979,36.23696059331143,8.9495781383191,-7.85418827051904,-6.255520162692629,6.73661370389787e-14
219.70996999354793,36.24273454613693,8.951335681997264,-7.852668201902749,-6.2526124415229765,1.0104920555846805e-13
219.72010171356317,36.248506832566676,8.953094709263448,-7.851145088269467,-6.249704657276189,1.0104920555846805e-13
219.73023569331133,36.25427745083326,8.954855219532323,-7.84961892585529,-6.246796811581518,6.73661370389787e-14
219.74037193414762,36.2600463991687,8.956617212218564,-7.8480897108965655,-6.243888906070589,5.0524602779234026e-14
219.75051043742644,36.26581367580451,8.958380686736845,-7.84655743962988,-6.2409809423774,1.6841534259744676e-14
219.76065120450141,36.27157927897159,8.960145642501836,-7.845022108292083,-6.2380729221383335,2.020984111169361e-13
219.77079423672555,36.277343206900355,8.961912078928217,-7.84348371312026,-6.235164846992131,1.0104920555846805e-13
219.78093953545098,36.283105457820575,8.96367999543065,-7.841942250351757,-6.232256718579933,1.515738083377021e-13
219.79108710202917,36.28886602996153,8.965449391423821,-7.840397716224169,-6.229348538545253,1.0104920555846805e-13
219.80123693781076,36.29462492155193,8.967220266322398,-7.83885010697534,-6.226440308533989,6.73661370389787e-14
219.81138904414576,36.30038213081991,8.968992619541051,-7.837299418843379,-6.223532030194434,-1.6841534259744676e-14
219.8215434223833,36.306137655993055,8.970766450494457,-7.835745648066637,-6.220623705177263,6.73661370389787e-14
219.83170007387187,36.3118914952984,8.972541758597286,-7.834188790883731,-6.217715335135538,3.368306851948935e-14
219.84185899995913,36.31764364696241,8.974318543264218,-7.832628843533523,-6.214806921724717,5.0524602779234026e-14
219.852020201992,36.323394109211016,8.976096803909918,-7.83106580225515,-6.211898466602662,5.0524602779234026e-14
219.86218368131668,36.32914288026955,8.977876539949063,-7.829499663287987,-6.208989971429615,5.0524602779234026e-14
219.87234943927862,36.33488995836283,8.97965775079633,-7.827930422871685,-6.206081437868226,-3.368306851948935e-14
219.88251747722236,36.340635341715085,8.981440435866388,-7.826358077246148,-6.203172867583556,1.347322740779574e-13
219.89268779649194,36.346379028550004,8.98322459457391,-7.824782622651542,-6.200264262243045,8.420767129872338e-14
219.9028603984304,36.35212101709072,8.985010226333573,-7.823204055328296,-6.197355623516559,1.1789073981821273e-13
219.91303528438016,36.35786130555976,8.986797330560046,-7.821622371517106,-6.194446953076364,8.420767129872338e-14
