galstreams/tracks/track.st.AAU-ATLAS.li2021.ecsv
# %ECSV 1.0
# ---
# datatype:
# - {name: ra, unit: deg, datatype: float64}
# - {name: dec, unit: deg, datatype: float64}
# - {name: distance, unit: kpc, datatype: float64}
# - {name: pm_ra_cosdec, unit: mas / yr, datatype: float64}
# - {name: pm_dec, unit: mas / yr, datatype: float64}
# - {name: radial_velocity, unit: km / s, datatype: float64}
# delimiter: ','
# meta: !!omap
# - __serialized_columns__:
#     dec:
#       __class__: astropy.coordinates.angles.Latitude
#       unit: &id001 !astropy.units.Unit {unit: deg}
#       value: !astropy.table.SerializedColumn {name: dec}
#     distance:
#       __class__: astropy.coordinates.distances.Distance
#       unit: !astropy.units.Unit {unit: kpc}
#       value: !astropy.table.SerializedColumn {name: distance}
#     pm_dec:
#       __class__: astropy.units.quantity.Quantity
#       unit: !astropy.units.Unit {unit: mas / yr}
#       value: !astropy.table.SerializedColumn {name: pm_dec}
#     pm_ra_cosdec:
#       __class__: astropy.units.quantity.Quantity
#       unit: !astropy.units.Unit {unit: mas / yr}
#       value: !astropy.table.SerializedColumn {name: pm_ra_cosdec}
#     ra:
#       __class__: astropy.coordinates.angles.Longitude
#       unit: *id001
#       value: !astropy.table.SerializedColumn {name: ra}
#       wrap_angle: !astropy.coordinates.Angle
#         unit: *id001
#         value: 360.0
#     radial_velocity:
#       __class__: astropy.units.quantity.Quantity
#       unit: !astropy.units.Unit {unit: km / s}
#       value: !astropy.table.SerializedColumn {name: radial_velocity}
# schema: astropy-2.0
ra,dec,distance,pm_ra_cosdec,pm_dec,radial_velocity
[from data line 960]
17.638333730846234,-25.503876307173968,20.83772589870595,-0.18753085622083715,-0.973521509284469,-118.33279299043441
17.64748245992059,-25.509523693750076,20.8402502766446,-0.18714441371377144,-0.9734823534353149,-118.2950708358979
17.656631443584438,-25.515171323331405,20.84277591364993,-0.18675814435637839,-0.9734430506215332,-118.25733663131872
17.665780682155287,-25.52081919583865,20.845302809721943,-0.18637204817692538,-0.9734036008642319,-118.21959037669687
17.674930175950866,-25.526467311192615,20.847830964860623,-0.185986125203687,-0.973364004184541,-118.1818320720324
17.684079925288977,-25.532115669314084,20.85036037906599,-0.185600375464945,-0.9733242606036095,-118.14406171732521
17.693229930487337,-25.53776427012375,20.852891052338034,-0.18521479898898846,-0.9732843701426086,-118.1062793125754
17.70238019186391,-25.543413113542396,20.855422984676757,-0.18482939580411295,-0.9732443328227309,-118.0684848577829
17.71153070973673,-25.549062199490823,20.85795617608216,-0.18444416593862029,-0.9732041486651888,-118.03067835294767
17.720681484423746,-25.55471152788969,20.860490626554235,-0.18405910942082132,-0.9731638176912168,-117.9928597980699
17.729832516243135,-25.560361098659794,20.863026336092993,-0.18367422627903207,-0.9731233399220693,-117.9550291931494
17.738983805513158,-25.566010911721886,20.865563304698426,-0.18328951654157638,-0.973082715379023,-117.91718653818626
17.748135352551998,-25.571660966996642,20.86810153237054,-0.18290498023678525,-0.9730419440833744,-117.87933183318042
17.757287157678054,-25.57731126440485,20.870641019109325,-0.18252061739299602,-0.9730010260564419,-117.84146507813192
17.766439221209808,-25.58296180386723,20.873181764914804,-0.18213642803855346,-0.9729599613195641,-117.80358627304078
17.77559154346568,-25.588612585304478,20.87572376978695,-0.18175241220180927,-0.9729187498941008,-117.765695417907
17.784744124764288,-25.59426360863733,20.87826703372578,-0.18136856991112216,-0.9728773918014337,-117.7277925127305
17.79389696542436,-25.59991487378654,20.880811556731288,-0.18098490119485694,-0.9728358870629643,-117.68987755751135
17.803050065764516,-25.605566380672762,20.883357338803464,-0.18060140608138736,-0.9727942357001167,-117.65195055224955
17.81220342610362,-25.611218129216724,20.885904379942332,-0.18021808459909183,-0.9727524377343328,-117.61401149694508
17.821357046760614,-25.616870119339183,20.888452680147868,-0.1798349367763577,-0.97271049318708,-117.57606039159792
17.830510928054355,-25.62252235096076,20.89100223942009,-0.1794519626415778,-0.9726684020798431,-117.53809723620816
17.83966507030398,-25.628174824002233,20.893553057758986,-0.17906916222315233,-0.9726261644341291,-117.50012203077567
17.848819473828513,-25.63382753838422,20.896105135164557,-0.17868653554948905,-0.9725837802714669,-117.46213477530057
17.857974138947174,-25.63948049402744,20.898658471636814,-0.17830408264900233,-0.9725412496134038,-117.42413546978277
17.867129065979302,-25.645133690852628,20.901213067175743,-0.17792180355011206,-0.972498572481512,-117.38612411422231
17.876284255244126,-25.650787128780387,20.903768921781356,-0.17753969828124738,-0.9724557488973808,-117.34810070861921
17.885439707061117,-25.65644080773144,20.90632603545364,-0.177157766870843,-0.9724127788826236,-117.3100652529734
17.894595421749823,-25.66209472762648,20.908884408192613,-0.17677600934734017,-0.9723696624588728,-117.27201774728496
17.903751399629705,-25.667748888386118,20.91144403999826,-0.1763944257391884,-0.9723263996477829,-117.23395819155387
17.912907641020464,-25.67340328993106,20.91400493087058,-0.1760130160748432,-0.9722829904710291,-117.19588658578007
17.92206414624187,-25.67905793218198,20.916567080809582,-0.17563178038276694,-0.9722394349503072,-117.15780292996362
17.931220915613626,-25.6847128150595,20.919130489815267,-0.17525071869142844,-0.9721957331073348,-117.11970722410453
17.940377949455645,-25.690367938484275,20.921695157887623,-0.1748698310293053,-0.9721518849638496,-117.08159946820274
17.949535248087944,-25.696023302377007,20.924261085026657,-0.17448911742487938,-0.9721078905416116,-117.04347966225832
17.958692811830435,-25.70167890665827,20.926828271232377,-0.17410857790664186,-0.9720637498624001,-117.00534780627122
17.967850641003285,-25.70733475124874,20.92939671650477,-0.1737282125030884,-0.9720194629480174,-116.96720390024149
17.97700873592671,-25.71299083606908,20.931966420843843,-0.17334802124272353,-0.9719750298202846,-116.92904794416906
17.98616709692087,-25.718647161039854,20.934537384249598,-0.17296800415405783,-0.9719304505010457,-116.89087993805396
17.995325724306145,-25.72430372608173,20.93710960672202,-0.17258816126560877,-0.9718857250121653,-116.85269988189619
18.004484618403,-25.729960531115356,20.93968308826113,-0.17220849260589977,-0.9718408533755283,-116.81450777569577
18.01364377953182,-25.73561757606129,20.942257828866918,-0.17182899820346348,-0.9717958356130414,-116.77630361945273
18.022803208013208,-25.74127486084018,20.94483382853938,-0.1714496780868368,-0.9717506717466315,-116.73808741316698
18.03196290416785,-25.74693238537266,20.947411087278525,-0.17107053228456465,-0.9717053617982476,-116.6998591568385
18.041122868316375,-25.752590149579266,20.949989605084347,-0.1706915608251986,-0.9716599057898587,-116.66161885046748
18.050283100779613,-25.75824815338065,20.952569381956838,-0.17031276373729753,-0.9716143037434557,-116.62336649405373
18.059443601878474,-25.76390639669742,20.95515041789602,-0.169934141049426,-0.9715685556810499,-116.58510208759735
18.06860437193382,-25.769564879450115,20.957732712901873,-0.1695556927901566,-0.9715226616246744,-116.54682563109824
18.077765411266704,-25.775223601559343,20.960316266974406,-0.16917741898806782,-0.9714766215963819,-116.50853712455654
18.08692672019828,-25.78088256294572,20.962901080113625,-0.16879931967174505,-0.9714304356182473,-116.47023656797214
18.096088299049622,-25.78654176352976,20.96548715231952,-0.16842139486978136,-0.971384103712366,-116.4319239613451
18.105250148142026,-25.792201203232064,20.968074483592087,-0.16804364461077576,-0.9713376259008555,-116.39359930467536
18.11441226779688,-25.797860881973243,20.970663073931327,-0.1676660689233334,-0.971291002205854,-116.35526259796295
18.123574658335475,-25.80352079967377,20.973252923337256,-0.1672886678360681,-0.9712442326495183,-116.31691384120792
18.1327373200794,-25.809180956254288,20.97584403180986,-0.16691144137759845,-0.9711973172540296,-116.2785530344102
18.1419002533501,-25.814841351635273,20.978436399349146,-0.1665343895765517,-0.9711502560415882,-116.24018017756983
18.151063458469284,-25.82050198573732,20.981030025955103,-0.16615751246156008,-0.9711030490344168,-116.20179527068679
18.160226935758686,-25.826162858480984,20.98362491162775,-0.16578081006126338,-0.9710556962547573,-116.16339831376105
18.16939068554001,-25.831823969786747,20.98622105636706,-0.1654042824043085,-0.9710081977248746,-116.12498930679268
18.178554708135156,-25.837485319575165,20.988818460173057,-0.1650279295193488,-0.9709605534670529,-116.08656824978162
18.187719003866135,-25.84314690776681,20.991417123045732,-0.16465175143504313,-0.970912763503599,-116.04813514272796
18.19688357305485,-25.84880873428213,20.994017044985082,-0.16427574818005974,-0.970864827856839,-116.00968998563158
18.206048416023453,-25.854470799041678,20.996618225991117,-0.16389991978307122,-0.970816746549122,-115.97123277849256
18.215213533094172,-25.860133101965992,20.999220666063824,-0.1635242662727578,-0.9707685196028171,-115.9327635213109
18.224378924589153,-25.86579564297553,21.001824365203213,-0.16314878767780616,-0.970720147040314,-115.89428221408653
18.23354459083076,-25.871458421990805,21.004429323409283,-0.16277348402691028,-0.9706716288840238,-115.85578885681953
18.24271053214147,-25.877121438932353,21.007035540682022,-0.16239835534876984,-0.9706229651563802,-115.8172834495098
18.251876748843646,-25.882784693720605,21.009643017021446,-0.16202340167209273,-0.9705741558798353,-115.77876599215743
18.26104324125991,-25.88844818627608,21.01225175242755,-0.16164862302559185,-0.9705252010768644,-115.74023648476246
18.270210009712933,-25.89411191651926,21.014861746900326,-0.16127401943798764,-0.9704761007699623,-115.70169492732478
18.27937705452534,-25.8997758843706,21.01747300043979,-0.16089959093800765,-0.9704268549816457,-115.66314131984443
18.28854437601997,-25.905440089750574,21.020085513045924,-0.16052533755438475,-0.9703774637344525,-115.6245756623214
18.297711974519743,-25.91110453257969,21.022699284718733,-0.16015125931585938,-0.9703279270509417,-115.58599795475574
18.306879850347492,-25.91676921277832,21.025314315458232,-0.1597773562511795,-0.9702782449536921,-115.54740819714742
18.316048003826296,-25.922434130266975,21.027930605264405,-0.159403628389098,-0.9702284174653046,-115.50880638949641
18.32521643527931,-25.92809928496612,21.03054815413725,-0.1590300757583749,-0.9701784446084023,-115.47019253180275
18.3343851450296,-25.93376467679613,21.033166962076784,-0.15865669838777824,-0.9701283264056262,-115.43156662406642
18.34355413340048,-25.939430305677487,21.035787029082986,-0.15828349630608102,-0.9700780628796419,-115.39292866628742
18.352723400715334,-25.945096171530636,21.038408355155873,-0.15791046954206295,-0.9700276540531338,-115.35427865846579
18.36189294729746,-25.950762274275956,21.04103094029544,-0.15753761812451217,-0.9699770999488075,-115.31561660060144
18.371062773470403,-25.956428613833882,21.04365478450168,-0.15716494208222165,-0.9699264005893912,-115.27694249269447
18.380232879557777,-25.962095190124863,21.0462798877746,-0.15679244144399096,-0.9698755559976326,-115.23825633474486
18.389403265883132,-25.967762003069254,21.04890625011419,-0.1564201162386274,-0.9698245661963011,-115.1995581267525
18.398573932770226,-25.973429052587466,21.051533871520473,-0.15604796649494468,-0.9697734312081864,-115.16084786871752
18.407744880542907,-25.979096338599938,21.05416275199343,-0.15567599224176182,-0.9697221510561005,-115.12212556063987
18.416916109524962,-25.984763861027005,21.056792891533064,-0.15530419350790609,-0.9696707257628758,-115.08339120251959
18.426087620040384,-25.990431619789064,21.05942429013937,-0.15493257032221064,-0.9696191553513669,-115.04464479435664
18.435259412413252,-25.996099614806543,21.062056947812366,-0.1545611227135149,-0.9695674398444465,-115.00588633615102
18.44443148696759,-26.00176784599974,21.06469086455203,-0.15418985071066543,-0.9695155792650116,-114.96711582790272
18.453603844027615,-26.007436313289055,21.067326040358385,-0.15381875434251535,-0.9694635736359785,-114.92833326961178
18.462776483917665,-26.013105016594896,21.069962475231403,-0.15344783363792341,-0.9694114229802863,-114.8895386612781
18.471949406961954,-26.018773955837517,21.072600169171107,-0.1530770886257562,-0.9693591273208919,-114.85073200290184
18.481122613485024,-26.02444313093736,21.07523912217749,-0.15270651933488633,-0.9693066866807766,-114.81191329448289
18.490296103811264,-26.03011254181469,21.077879334250554,-0.15233612579419326,-0.9692541010829412,-114.77308253602125
18.4994698782653,-26.035782188389884,21.08052080539029,-0.1519659080325621,-0.9692013705504074,-114.73423972751698
18.508643937171847,-26.0414520705833,21.083163535596707,-0.15159586607888503,-0.9691484951062203,-114.69538486897001
18.517818280855533,-26.04712218831519,21.0858075248698,-0.15122599996206165,-0.9690954747734424,-114.65651796038038
18.526992909641198,-26.052792541505898,21.088452773209582,-0.15085630971099684,-0.9690423095751588,-114.61763900174816
18.536167823853805,-26.058463130075797,21.091099280616028,-0.1504867953546022,-0.9689889995344783,-114.57874799307325
18.545343023818216,-26.064133953945092,21.09374704708916,-0.15011745692179668,-0.9689355446745265,-114.53984493435564
18.554518509859516,-26.069805013034145,21.096396072628966,-0.14974829444150506,-0.9688819450184526,-114.50092982559535
18.563694282302894,-26.07547630726325,21.09904635723546,-0.14937930794265802,-0.9688282005894264,-114.46200266679242
18.572870341473433,-26.08114783655265,21.101697900908622,-0.14901049745419492,-0.9687743114106393,-114.4230634579468
18.58204668769648,-26.086819600822643,21.10435070364846,-0.14864186300505877,-0.9687202775053023,-114.38411219905852
18.59122332129743,-26.092491599993544,21.107004765454985,-0.1482734046242014,-0.9686660988966496,-114.34514889012763
18.600400242601626,-26.09816383398556,21.109660086328184,-0.14790512234057995,-0.9686117756079345,-114.30617353115402
18.609577451934623,-26.10383630271895,21.112316666268068,-0.14753701618315845,-0.9685573076624319,-114.26718612213779
18.618754949622076,-26.10950900611403,21.114974505274624,-0.14716908618090685,-0.968502695083439,-114.22818666307889
18.627932735989546,-26.11518194409098,21.117633603347855,-0.14680133236280268,-0.968447937894273,-114.1891751539773
18.63711081136284,-26.120855116570063,21.120293960487775,-0.14643375475782927,-0.9683930361182719,-114.15015159483306
18.646289176067842,-26.126528523471553,21.122955576694366,-0.14606635339497553,-0.9683379897787963,-114.11111598564612
18.655467830430343,-26.132202164715608,21.125618451967632,-0.14569912830323895,-0.9682827988992264,-114.07206832641656
18.664646774776386,-26.13787604022248,21.12828258630759,-0.14533207951162158,-0.9682274635029637,-114.03300861714436
18.673826009432087,-26.1435501499124,21.130947979714215,-0.1449652070491323,-0.9681719836134315,-113.99393685782941
18.683005534723485,-26.149224493705542,21.13361463218752,-0.1445985109447872,-0.9681163592540742,-113.95485304847185
18.692185350976853,-26.154899071522113,21.136282543727503,-0.14423199122760844,-0.9680605904483559,-113.91575718907166
18.70136545851854,-26.160573883282346,21.138951714334162,-0.14386564792662399,-0.9680046772197639,-113.87664927962874
18.710545857674827,-26.166248928906366,21.141622144007506,-0.14349948107086946,-0.967948619591805,-113.8375293201432
18.71972654877222,-26.171924208314376,21.144293832747525,-0.1431334906893857,-0.9678924175880075,-113.79839731061499
18.728907532137292,-26.17759972142658,21.146966780554223,-0.1427676768112207,-0.9678360712319215,-113.75925325104409
18.738088808096578,-26.18327546816309,21.149640987427595,-0.1424020394654285,-0.9677795805471174,-113.72009714143053
18.747270376976807,-26.188951448444087,21.15231645336765,-0.14203657868106956,-0.9677229455571867,-113.6809289817743
18.756452239104814,-26.194627662189763,21.154993178374383,-0.14167129448721083,-0.9676661662857433,-113.64174877207542
18.76563439480734,-26.200304109320186,21.157671162447794,-0.14130618691292635,-0.9676092427564198,-113.60255651233389
18.774816844411415,-26.205980789755575,21.160350405587884,-0.1409412559872949,-0.9675521749928727,-113.56335220254968
18.78399958824395,-26.211657703415973,21.163030907794653,-0.14057650173940384,-0.967494963018777,-113.52413584272283
18.79318262663209,-26.217334850221548,21.1657126690681,-0.14021192419834466,-0.9674376068578305,-113.48490743285328
18.802365959903042,-26.22301223009245,21.168395689408225,-0.1398475233932166,-0.9673801065337522,-113.4456669729411
18.811549588383954,-26.228689842948718,21.17107996881503,-0.13948329935312492,-0.9673224620702814,-113.40641446298623
18.820733512402207,-26.234367688710496,21.173765507288508,-0.13911925210718157,-0.967264673491179,-113.36714990298869
18.829917732285246,-26.240045767297893,21.176452304828672,-0.1387553816845039,-0.9672067408202258,-113.32787329294854
18.839102248360465,-26.245724078630943,21.179140361435508,-0.13839168811421693,-0.9671486640812266,-113.28858463286562
18.84828706095547,-26.251402622629758,21.181829677109018,-0.13802817142545126,-0.9670904432980043,-113.24928392274015
18.85747217039795,-26.257081399214442,21.184520251849218,-0.13766483164734333,-0.9670320784944042,-113.20997116257192
18.866657577015538,-26.262760408305,21.187212085656085,-0.137301668809037,-0.9669735696942927,-113.17064635236108
