galstreams/tracks/track.st.M68-Fjorm.ibata2021.ecsv
# %ECSV 1.0
# ---
# datatype:
# - {name: ra, unit: deg, datatype: float64}
# - {name: dec, unit: deg, datatype: float64}
# - {name: distance, unit: kpc, datatype: float64}
# - {name: pm_ra_cosdec, unit: mas / yr, datatype: float64}
# - {name: pm_dec, unit: mas / yr, datatype: float64}
# - {name: radial_velocity, unit: km / s, datatype: float64}
# delimiter: ','
# meta: !!omap
# - __serialized_columns__:
#     dec:
#       __class__: astropy.coordinates.angles.Latitude
#       unit: &id001 !astropy.units.Unit {unit: deg}
#       value: !astropy.table.SerializedColumn {name: dec}
#     distance:
#       __class__: astropy.coordinates.distances.Distance
#       unit: !astropy.units.Unit {unit: kpc}
#       value: !astropy.table.SerializedColumn {name: distance}
#     pm_dec:
#       __class__: astropy.units.quantity.Quantity
#       unit: !astropy.units.Unit {unit: mas / yr}
#       value: !astropy.table.SerializedColumn {name: pm_dec}
#     pm_ra_cosdec:
#       __class__: astropy.units.quantity.Quantity
#       unit: !astropy.units.Unit {unit: mas / yr}
#       value: !astropy.table.SerializedColumn {name: pm_ra_cosdec}
#     ra:
#       __class__: astropy.coordinates.angles.Longitude
#       unit: *id001
#       value: !astropy.table.SerializedColumn {name: ra}
#       wrap_angle: !astropy.coordinates.Angle
#         unit: *id001
#         value: 360.0
#     radial_velocity:
#       __class__: astropy.units.quantity.Quantity
#       unit: !astropy.units.Unit {unit: km / s}
#       value: !astropy.table.SerializedColumn {name: radial_velocity}
# schema: astropy-2.0
ra,dec,distance,pm_ra_cosdec,pm_dec,radial_velocity
[from data line 11089]
230.16745462412482,59.508669269082056,5.6394417902241525,2.392038082695807,4.956058250958494,-69.73174990369994
230.18239931974225,59.515565689190815,5.639631611778063,2.393344346294328,4.954809089206624,-69.72589391273468
230.19735079644613,59.52246009025835,5.639821643673507,2.394650488611,4.953558887308844,-69.72003576262101
230.2123090569408,59.52935247083982,5.64001188598293,2.395956508987217,4.952307644938618,-69.71417545333132
230.22727410392918,59.536242829489424,5.640202338778774,2.3972624067634216,4.951055361769739,-69.70831298483805
230.24224594011312,59.54313116476045,5.640393002133481,2.3985681812791393,4.949802037476323,-69.7024483571135
230.25722456819312,59.550017475205266,5.640583876119497,2.3998738318729425,4.948547671732834,-69.69658157013022
230.27220999086842,59.5569017593753,5.640774960809264,2.401179357882469,4.947292264214052,-69.69071262386055
230.28720221083714,59.56378401582107,5.640966256275221,2.402484758644433,4.946035814595102,-69.68484151827698
230.30220123079596,59.570664243092175,5.641157762589813,2.4037900334945874,4.944778322551441,-69.67896825335181
230.31720705344054,59.57754243973729,5.641349479825486,2.4050951817677744,4.9435197877588495,-69.67309282905747
230.33221968146486,59.584418604304126,5.641541408054677,2.4064002027978555,4.942260209893475,-69.66721524536652
230.3472391175619,59.591292735339515,5.641733547349834,2.4077050959177795,4.940999588631779,-69.66133550225126
230.36226536442348,59.59816483138933,5.641925897783397,2.4090098604595562,4.939737923650567,-69.65545359968412
230.3772984247398,59.60503489099858,5.6421184594278095,2.410314495754238,4.9384752146269975,-69.64956953763752
230.39233830119994,59.611902912711265,5.642311232355516,2.411619001131939,4.937211461238554,-69.64368331608387
230.40738499649171,59.61876889507051,5.642504216638955,2.412923375921828,4.935946663163082,-69.63779493499555
230.42243851330142,59.62563283661852,5.642697412350573,2.414227619452126,4.934680820078769,-69.63190439434507
230.43749885431424,59.63249473589656,5.642890819562811,2.4155317310501165,4.933413931664141,-69.62601169410478
230.45256602221394,59.63935459144496,5.643084438348115,2.416835710042127,4.932145997598073,-69.6201168342471
230.467640019683,59.64621240180315,5.643278268778923,2.418139555753546,4.930877017559798,-69.61421981474443
230.48272084940248,59.653068165509616,5.643472310927683,2.419443267508804,4.929606991228891,-69.60832063556923
230.4978085140522,59.65992188110191,5.643666564866831,2.4207468446313953,4.928335918285285,-69.60241929669387
230.51290301631045,59.66677354711669,5.643861030668817,2.422050286443847,4.9270637984092645,-69.59651579809079
230.52800435885445,59.67362316208967,5.644055708406081,2.423353592267758,4.9257906312814645,-69.59061013973243
230.54311254435976,59.68047072455561,5.6442505981510624,2.424656761423753,4.924516416582885,-69.58470232159117
230.5582275755008,59.68731623304843,5.64444569997621,2.4259597932315238,4.923241153994871,-69.57879234363945
230.57334945495035,59.694159686101024,5.6446410139539624,2.427262687009788,4.921964843199141,-69.57288020584964
230.58847818538013,59.70100108224542,5.644836540156765,2.4285654420763367,4.920687483877757,-69.56696590819415
230.60361376946017,59.7078404200127,5.645032278657059,2.4298680577479814,4.919409075713153,-69.56104945064554
230.61875620985927,59.71467769793304,5.645228229527287,2.4311705333405964,4.918129618388128,-69.55513083317604
230.63390550924487,59.72151291453566,5.6454243928398915,2.4324728681690964,4.916849111585836,-69.54921005575811
230.6490616702828,59.7283460683489,5.645620768667319,2.433775061547421,4.915567554989797,-69.54328711836423
230.6642246956377,59.73517715790009,5.6458173570820085,2.4350771127885897,4.914284948283903,-69.53736202096677
230.6793945879726,59.742006181715745,5.646014158156404,2.4363790212046252,4.913001291152419,-69.53143476353816
230.6945713499492,59.748833138321345,5.646211171962947,2.437680786106614,4.911716583279962,-69.52550534605083
230.7097549842277,59.755658026241555,5.646408398574083,2.438982406804672,4.910430824351538,-69.51957376847719
230.72494549346698,59.762480844000024,5.646605838062253,2.4402838826079694,4.909144014052507,-69.51364003078957
230.7401428803243,59.7693015901195,5.6468034904999,2.4415852128247018,4.9078561520686215,-69.50770413296054
230.75534714745564,59.776120263121825,5.647001355959465,2.4428863967621064,4.906567238085992,-69.50176607496235
230.77055829751535,59.782936861527915,5.647199434513396,2.444187433726456,4.905277271791115,-69.49582585676752
230.78577633315638,59.78975138385773,5.647397726234132,2.4454883230230564,4.903986252870863,-69.48988347834849
230.80100125703024,59.796563828630326,5.647596231194116,2.4467890639562704,4.902694181012484,-69.48393893967764
230.81623307178702,59.803374194363826,5.647794949465792,2.4480896558294774,4.901401055903604,-69.47799224072732
230.83147178007505,59.81018247957544,5.647993881121601,2.44939009794508,4.900106877232244,-69.47204338147003
230.84671738454145,59.81698868278142,5.6481930262339874,2.450690389604544,4.8988116446867895,-69.46609236187817
230.8619698878317,59.823792802497124,5.648392384875394,2.4519905301083487,4.897515357956018,-69.46013918192409
230.87722929258987,59.830594837237,5.648591957118262,2.453290518756014,4.896218016729099,-69.45418384158023
230.89249560145828,59.83739478551452,5.648791743035036,2.4545903548460744,4.894919620695581,-69.44822634081912
230.90776881707794,59.84419264584224,5.6489917426981595,2.455890037676115,4.893620169545405,-69.44226667961308
230.92304894208843,59.850988416731816,5.649191956180071,2.457189566542751,4.8923196629688945,-69.43630485793443
230.93833597912743,59.857782096693974,5.64939238355322,2.4584889407416086,4.891018100656777,-69.43034087575576
230.95362993083143,59.864573684238486,5.649593024890043,2.45978815956736,4.889715482300156,-69.42437473304942
230.96893079983514,59.87136317787424,5.649793880262987,2.4610872223136937,4.888411807590546,-69.41840642978781
230.98423858877186,59.878150576109164,5.649994949744494,2.4623861282733355,4.887107076219839,-69.41243596594327
230.9995533002732,59.88493587745025,5.650196233407003,2.463684876738023,4.885801287880347,-69.40646334148846
231.01487493696933,59.891719080403625,5.650397731322962,2.4649834669985413,4.884494442264752,-69.40048855639547
231.03020350148873,59.898500183474404,5.650599443564812,2.4662818983446746,4.883186539066158,-69.39451161063701
231.04553899645836,59.905279185166854,5.650801370204995,2.467580170065246,4.8818775779780585,-69.38853250418529
231.06088142450363,59.912056083984275,5.651003511315954,2.468878281448112,4.88056755869435,-69.38255123701283
231.07623078824815,59.918830878429056,5.651205866970134,2.4701762317801212,4.879256480909342,-69.37656780909198
231.09158709031414,59.92560356700264,5.651408437239975,2.47147402034717,4.877944344317738,-69.37058222039525
231.10695033332215,59.93237414820556,5.65161122219792,2.47277164643417,4.876631148614652,-69.3645944708949
231.12232051989116,59.93914262053742,5.651814221916414,2.4740691093250557,4.875316893495601,-69.3586045605635
231.1376976526383,59.94590898249689,5.652017436467898,2.475366408302764,4.874001578656522,-69.35261248937343
231.15308173417935,59.952673232581745,5.652220865924817,2.4766635426492707,4.872685203793753,-69.34661825729707
231.16847276712835,59.95943536928879,5.65242451035961,2.477960511645569,4.871367768604053,-69.34062186430681
231.18387075409757,59.96619539111392,5.652628369844721,2.479257314571652,4.870049272784585,-69.33462331037511
231.19927569769774,59.97295329655214,5.652832444452597,2.4805539507065433,4.8687297160329335,-69.32862259547437
231.21468760053799,59.97970908409746,5.653036734255675,2.4818504193282838,4.867409098047095,-69.32261971957703
231.23010646522567,59.98646275224303,5.653241239326402,2.4831467197139254,4.866087418525488,-69.31661468265551
231.24553229436654,59.99321429948104,5.653445959737219,2.484442851139539,4.8647646771669475,-69.31060748468212
231.26096509056458,59.999963724302745,5.653650895560569,2.4857388128801965,4.863440873670732,-69.30459812562941
231.2764048564221,60.006711025198484,5.653856046868894,2.4870346042099944,4.862116007736523,-69.29858660546982
231.29185159453985,60.01345620065771,5.654061413734638,2.488330224402045,4.860790079064415,-69.29257292417559
231.3073053075167,60.02019924916888,5.654266996230245,2.4896256727284585,4.859463087354941,-69.28655708171927
231.32276599794994,60.026940169219614,5.6544727944281545,2.4909209484603743,4.858135032309054,-69.28053907807323
231.33823366843512,60.03367895929648,5.654678808400813,2.492216050867924,4.856805913628134,-69.27451891320989
231.3537083215659,60.04041561788526,5.654885038220661,2.4935109792202583,4.855475731013998,-69.26849658710172
231.36918995993454,60.047150143470695,5.655091483960141,2.494805732785541,4.854144484168881,-69.26247209972101
231.38467858613123,60.053882534536676,5.655298145691697,2.4961003108309305,4.852812172795462,-69.2564454510403
231.4001742027446,60.06061278956614,5.65550502348777,2.497394712622609,4.851478796596848,-69.25041664103196
231.41567681236157,60.067340907041114,5.655712117420806,2.4986889374257535,4.850144355276582,-69.24438566966832
231.43118641756706,60.07406688544265,5.655919427563246,2.4999829845045447,4.848808848538643,-69.23835253692197
231.44670302094445,60.08079072325093,5.656126953987533,2.501276853122184,4.847472276087453,-69.23231724276518
231.4622266250753,60.087512418945195,5.656334696766108,2.502570542540859,4.846134637627868,-69.22627978717047
231.47775723253926,60.09423197100375,5.656542655971418,2.503864052021772,4.844795932865186,-69.22024017011016
231.49329484591453,60.10094937790401,5.656750831675904,2.50515738082514,4.843456161505148,-69.21419839155669
231.50883946777708,60.107664638122394,5.656959223952007,2.5064505282101552,4.842115323253942,-69.20815445148254
231.52439110070128,60.114377750134466,5.657167832872169,2.5077434934350262,4.8407734178182,-69.2021083498601
231.5399497472598,60.12108871241484,5.657376658508837,2.5090362757569693,4.839430444904997,-69.19606008666169
231.5555154100233,60.12779752343718,5.657585700934451,2.510328874432191,4.838086404221863,-69.19000966185985
231.57108809156082,60.134504181674274,5.657794960221455,2.5116212887159035,4.836741295476768,-69.18395707542693
231.58666779443922,60.141208685597945,5.65800443644229,2.5129135178623017,4.835395118378153,-69.1779023273354
231.602254521224,60.147911033679115,5.6582141296694015,2.514205561124614,4.834047872634884,-69.17184541755759
231.61784827447843,60.15461122438778,5.658424039975231,2.5154974177550278,4.8326995579563095,-69.16578634606594
231.6334490567641,60.16130925619298,5.658634167432219,2.516789087004754,4.831350174052214,-69.1597251128329
231.6490568706407,60.16800512756285,5.658844512112814,2.518080568123983,4.829999720632847,-69.15366171783093
231.66467171866614,60.174698836964644,5.659055074089453,2.519371860361926,4.828648197408914,-69.1475961610323
231.68029360339617,60.18139038286462,5.659265853434583,2.520662962966743,4.827295604091596,-69.14152844240958
231.69592252738508,60.188079763728155,5.659476850220642,2.521953875185643,4.825941940392508,-69.13545856193505
231.71155849318484,60.194766978019686,5.65968806452008,2.5232445962647807,4.824587206023755,-69.12938651958129
231.72720150334592,60.20145202420274,5.659899496405334,2.52453512544934,4.823231400697889,-69.12331231532055
231.74285156041657,60.208134900739914,5.660111145948849,2.5258254619834712,4.821874524127939,-69.11723594912533
231.75850866694333,60.21481560609285,5.660323013223064,2.5271156051103363,4.820516576027402,-69.11115742096807
231.77417282547077,60.221494138722335,5.660535098300429,2.5284055540720773,4.819157556110232,-69.10507673082103
231.7898440385414,60.22817049708815,5.660747401253381,2.5296953081098144,4.817797464090875,-69.09899387865687
231.80552230869603,60.23484467964923,5.660959922154366,2.5309848664636903,4.816436299684226,-69.09290886444778
231.82120763847334,60.24151668486352,5.661172661075824,2.532274228372806,4.815074062605675,-69.08682168816631
231.83690003041016,60.24818651118811,5.6613856180902005,2.5335633930752586,4.813710752571075,-69.08073234978481
231.85259948704135,60.25485415707909,5.661598793269939,2.534852359808143,4.812346369296759,-69.07464084927574
231.8683060108997,60.26151962099166,5.661812186687477,2.53614112780752,4.810980912499544,-69.06854718661154
231.8840196045162,60.26818290138016,5.6620257984152635,2.5374296963084637,4.809614381896721,-69.06245136176452
231.89974027041973,60.274843996697896,5.662239628525738,2.5387180645450114,4.808246777206064,-69.05635337470717
231.91546801113736,60.28150290539732,5.662453677091344,2.540006231750203,4.806878098145831,-69.05025322541192
231.93120282919392,60.28815962592994,5.6626679441845225,2.5412941971560405,4.8055083444347675,-69.04415091385113
231.9469447271123,60.294814156746355,5.662882429877721,2.5425819599935204,4.804137515792104,-69.03804643999725
231.9626937074136,60.30146649629624,5.663097134243379,2.54386951949263,4.802765611937555,-69.03193980382268
231.97844977261664,60.308116643028335,5.663312057353939,2.5451568748823323,4.80139263259133,-69.02583100529984
231.9942129252384,60.31476459539046,5.663527199281844,2.546444025390567,4.800018577474127,-69.01972004440114
232.00998316779368,60.32141035182951,5.6637425600995375,2.5477309702442588,4.798643446307136,-69.01360692109903
232.02576050279535,60.32805391079149,5.6639581398794645,2.5490177086693144,4.797267238812046,-69.00749163536588
232.04154493275422,60.33469527072141,5.664173938694064,2.550304239890617,4.795889954711037,-69.00137418717411
232.0573364601789,60.341334430063455,5.664389956615779,2.5515905631320197,4.79451159372679,-68.99525457649622
232.07313508757622,60.34797138726082,5.6646061937170575,2.552876677616379,4.793132155582477,-68.9891328033045
232.08894081745075,60.354606140755784,5.6648226500703345,2.5541625825655094,4.791751640001779,-68.98300886757141
232.10475365230485,60.36123868898973,5.66503932574806,2.55544827720019,4.790370046708883,-68.97688276926945
232.12057359463915,60.36786903040312,5.665256220822672,2.556733760740211,4.788987375428466,-68.9707545083709
232.13640064695193,60.37449716343546,5.665473335366615,2.55801903240431,4.787603625885723,-68.96462408484827
232.15223481173948,60.381123086525356,5.665690669452332,2.5593040914102128,4.786218797806342,-68.95849149867387
232.16807609149583,60.38774679811052,5.665908223152266,2.560588936974609,4.784832890916538,-68.95235674982027
232.18392448871316,60.394368296627704,5.6661259965388595,2.5618735683131724,4.783445904943018,-68.9462198382597
232.19978000588122,60.40098758051275,5.666343989684554,2.5631579846405446,4.782057839613018,-68.94008076396479
232.21564264548786,60.40760464820058,5.666562202661796,2.5644421851703334,4.780668694654272,-68.9339395269078
232.23151241001872,60.414219498125206,5.666780635543025,2.5657261691151345,4.7792784697950355,-68.92779612706117
232.24738930195727,60.42083212871971,5.666999288400683,2.567009935686501,4.777887164764081,-68.92165056439738
232.26327332378483,60.42744253841625,5.667218161307217,2.5682934840949567,4.776494779290696,-68.91550283888874
232.27916447798063,60.43405072564609,5.6674372543350655,2.5695768135500066,4.7751013131046935,-68.90935295050775
232.29506276702156,60.44065668883951,5.667656567556675,2.5708599232601053,4.773706765936401,-68.90320089922686
232.3109681933825,60.447260426425956,5.667876101044484,2.572142812432693,4.772311137516677,-68.89704668501837
232.32688075953612,60.45386193683394,5.66809585487094,2.573425480274172,4.770914427576894,-68.89089030785473
232.3428004679529,60.46046121849095,5.668315829108484,2.5747079259899173,4.769516635848955,-68.88473176770839
232.358727321101,60.4670582698237,5.6685360238295575,2.5759901487842543,4.7681177620652955,-68.87857106455175
232.37466132144644,60.47365308925789,5.6687564391066045,2.577272147860487,4.76671780595888,-68.87240819835728
