galstreams/tracks/track.st.M68-Fjorm.ibata2021.ecsv
# %ECSV 0.9
# ---
# datatype:
# - {name: ra, unit: deg, datatype: float64}
# - {name: dec, unit: deg, datatype: float64}
# - {name: distance, unit: kpc, datatype: float64}
# - {name: pm_ra_cosdec, unit: mas / yr, datatype: float64}
# - {name: pm_dec, unit: mas / yr, datatype: float64}
# - {name: radial_velocity, unit: km / s, datatype: float64}
# delimiter: ','
# meta: !!omap
# - __serialized_columns__:
#     dec:
#       __class__: astropy.coordinates.angles.Latitude
#       unit: &id001 !astropy.units.Unit {unit: deg}
#       value: !astropy.table.SerializedColumn {name: dec}
#     distance:
#       __class__: astropy.coordinates.distances.Distance
#       unit: !astropy.units.Unit {unit: kpc}
#       value: !astropy.table.SerializedColumn {name: distance}
#     pm_dec:
#       __class__: astropy.units.quantity.Quantity
#       unit: !astropy.units.Unit {unit: mas / yr}
#       value: !astropy.table.SerializedColumn {name: pm_dec}
#     pm_ra_cosdec:
#       __class__: astropy.units.quantity.Quantity
#       unit: !astropy.units.Unit {unit: mas / yr}
#       value: !astropy.table.SerializedColumn {name: pm_ra_cosdec}
#     ra:
#       __class__: astropy.coordinates.angles.Longitude
#       unit: *id001
#       value: !astropy.table.SerializedColumn {name: ra}
#       wrap_angle: !astropy.coordinates.Angle
#         unit: *id001
#         value: 360.0
#     radial_velocity:
#       __class__: astropy.units.quantity.Quantity
#       unit: !astropy.units.Unit {unit: km / s}
#       value: !astropy.table.SerializedColumn {name: radial_velocity}
# schema: astropy-2.0
ra,dec,distance,pm_ra_cosdec,pm_dec,radial_velocity
[from data line 2052]
189.82867464493197,-25.553100119643798,2.437820909257005,-3.2985599510090458,1.3033609214036561,7.368171238638296e-15
189.82982253248397,-25.542707025221237,2.4396318999261175,-3.2985312272848883,1.3039983831001867,1.0525958912340423e-15
189.83097134986494,-25.532314174202067,2.44144304181875,-3.2985022003424693,1.3046363290394027,6.315575347404253e-15
189.832121096345,-25.52192156647158,2.4432543340673636,-3.298472870406577,1.3052747587006084,6.315575347404253e-15
189.83327177119494,-25.51152920191518,2.4450657758049155,-3.298443237701909,1.305913671563366,1.2631150694808506e-14
189.83442337368626,-25.50113708041827,2.446877366164874,-3.298413302453067,1.306553067107493,0.0
189.835575903091,-25.490745201866254,2.4486891042812093,-3.2983830648845482,1.3071929448130706,1.0525958912340423e-14
189.8367293586819,-25.48035356614455,2.450500989288425,-3.2983525252207624,1.3078333041604469,5.2629794561702115e-15
189.83788373973238,-25.469962173138637,2.4523130203214727,-3.29832168368602,1.308474144630205,1.0525958912340423e-14
189.8390390455165,-25.459571022733947,2.45412519651588,-3.298290540504529,1.3091154657032151,1.1578554803574466e-14
189.84019527530893,-25.449180114815974,2.455937517007632,-3.298259095900409,1.3097572668605881,1.2631150694808506e-14
189.841352428385,-25.438789449270143,2.457749980933252,-3.298227350097675,1.3103995475837025,5.2629794561702115e-15
189.84251050402068,-25.42839902598206,2.459562587429727,-3.298195303320254,1.3110423073541855,-3.1577876737021266e-15
189.84366950149266,-25.41800884483721,2.4613753356345915,-3.2981629557919643,1.3116855456539322,1.0525958912340423e-14
189.84482942007827,-25.40761890572115,2.4631882246858483,-3.298130307736537,1.3123292619650875,1.2631150694808506e-14
189.84599025905538,-25.3972292085194,2.4650012537220456,-3.298097359377604,1.3129734557700652,-1.0525958912340423e-15
189.8471520177026,-25.386839753117545,2.466814421882202,-3.2980641109386934,1.313618126551526,1.0525958912340423e-15
189.84831469529914,-25.37645053940119,2.4686277283058566,-3.2980305626432473,1.3142632737923965,1.2631150694808506e-14
189.84947829112497,-25.366061567255866,2.4704411721330546,-3.2979967147145977,1.3149088969758562,-1.0525958912340423e-15
189.85064280446045,-25.355672836567294,2.472254752504341,-3.2979625673759885,1.315554995585347,1.9999321933446802e-14
189.85180823458688,-25.345284347221092,2.4740684685607754,-3.2979281208505626,1.3162015691045663,7.368171238638296e-15
189.852974580786,-25.33489609910287,2.4758823194439246,-3.2978933753613635,1.3168486170174762,1.0525958912340423e-14
189.8541418423403,-25.32450809209833,2.477696304295819,-3.297858331131342,1.3174961388082758,2.1051917824680845e-15
189.8553100185329,-25.314120326093157,2.4795104222590445,-3.2978229883833454,1.318144133961443,1.1578554803574466e-14
189.85647910864745,-25.303732800973023,2.481324672476669,-3.2977873473401256,1.3187926019617047,1.7894130150978717e-14
189.85764911196844,-25.2933455166237,2.483139054092258,-3.29775140822434,1.3194415422940438,5.2629794561702115e-15
189.85882004049296,-25.28295847622126,2.4849535679111616,-3.2977151674357854,1.3200909605585815,6.315575347404253e-15
189.85999188101383,-25.272571676418487,2.4867682114254714,-3.2976786289549085,1.3207408502248232,1.1578554803574466e-14
189.8611646325834,-25.262185117040474,2.4885829837494984,-3.297641793074472,1.3213912106658616,1.1578554803574466e-14
189.8623382944886,-25.251798797973166,2.4903978840288525,-3.2976046600167326,1.3220420413677185,7.368171238638296e-15
189.86351286601698,-25.241412719102286,2.4922129114096574,-3.297567230003853,1.3226933418166822,2.1051917824680845e-15
189.86468834645677,-25.231026880313653,2.494028065038521,-3.2975295032578917,1.323345111499283,1.2631150694808506e-14
189.86586473509686,-25.220641281493123,2.495843344062569,-3.297491480000811,1.3239973499023205,9.47336302110638e-15
189.8670420312268,-25.210255922526567,2.4976587476294125,-3.297453160454478,1.3246500565128392,1.0525958912340423e-14
189.86822023413666,-25.19987080329983,2.499474274887196,-3.2974145448406507,1.3253032308181525,1.0525958912340423e-14
189.8693993431173,-25.189485923698772,2.5012899249845306,-3.2973756333810047,1.3259568723058177,8.420767129872338e-15
189.87057935746003,-25.179101283609416,2.50310569707057,-3.2973364262971026,1.3266109804636632,2.1051917824680845e-15
189.87176027645694,-25.168716882917607,2.504921590294934,-3.297296923810417,1.3272655547797607,1.0525958912340423e-15
189.87294209940072,-25.158332721509336,2.5067376038077787,-3.2972571261423163,1.3279205947424486,8.420767129872338e-15
189.87412482558472,-25.14794879927054,2.5085537367597195,-3.297217033514073,1.3285760998403053,3.1577876737021266e-15
189.87530845430283,-25.13756511608721,2.510369988301924,-3.2971766461468586,1.3292320695621849,9.47336302110638e-15
189.87649298484965,-25.127181671845335,2.5121863575860277,-3.2971359642617455,1.3298885033971848,1.9999321933446802e-14
189.87767841652044,-25.116798466430964,2.5140028437641866,-3.2970949880797122,1.3305454008346633,1.894672604221276e-14
189.878864748611,-25.1064154997301,2.515819445989047,-3.2970537178216293,1.3312027613642325,7.368171238638296e-15
189.88005198041782,-25.096032771628817,2.5176361634137603,-3.297012153708277,1.3318605844757598,3.1577876737021266e-15
189.881240111238,-25.085650282013194,2.5194529951919864,-3.296970295960326,1.332518869659369,1.894672604221276e-14
189.88242914036928,-25.07526803076925,2.521269940477888,-3.2969281447983603,1.3331776164054427,3.1577876737021266e-15
189.88361906711003,-25.064886017783223,2.523086998426108,-3.2968857004428527,1.3338368242046101,3.1577876737021266e-15
189.88480989075924,-25.054504242941174,2.524904168191835,-3.296842963114181,1.3344964925477705,4.210383564936169e-15
189.88600161061657,-25.044122706129258,2.5267214489307084,-3.296799933032626,1.3351566209260615,4.210383564936169e-15
189.88719422598223,-25.033741407233645,2.528538839798896,-3.2967566104183668,1.3358172088308833,-2.1051917824680845e-15
189.88838773615706,-25.023360346140514,2.5303563399530726,-3.2967129954914802,1.3364782557538977,1.0525958912340423e-14
189.88958214044263,-25.012979522736067,2.5321739485503945,-3.2966690884719463,1.337139761187009,1.1578554803574466e-14
189.8907774381411,-25.002598936906477,2.533991664748538,-3.2966248895796477,1.3378017246223863,1.2631150694808506e-14
189.89197362855512,-24.9922185885381,2.5358094877056785,-3.2965803990343603,1.3384641455524537,1.473634247727659e-14
189.89317071098816,-24.98183847751714,2.5376274165804786,-3.2965356170557643,1.339127023469883,1.0525958912340423e-14
189.89436868474417,-24.971458603729868,2.539445450532117,-3.296490543863439,1.3397903578676058,1.0525958912340423e-14
189.89556754912783,-24.961078967062598,2.54126358872026,-3.2964451796768657,1.3404541482388066,1.3683746586042549e-14
189.89676730344434,-24.95069956740163,2.543081830305082,-3.2963995247154236,1.3411183940769231,1.1578554803574466e-14
189.89796794699961,-24.940320404633315,2.5449001744472612,-3.2963535791983882,1.3417830948756508,0.0
189.89916947910012,-24.929941478644018,2.546718620307962,-3.2963073433449406,1.3424482501289339,7.368171238638296e-15
189.900371899053,-24.919562789320096,2.5485371670488783,-3.296260817374157,1.3431138593309815,5.2629794561702115e-15
189.90157520616597,-24.909184336547955,2.5503558138321685,-3.296214001505019,1.343779921976246,1.2631150694808506e-14
189.90277939974743,-24.89880612021397,2.552174559820509,-3.2961668959564054,1.3444464375594378,5.2629794561702115e-15
189.9039844791063,-24.888428140204667,2.553993404177081,-3.2961195009470865,1.345113405575521,7.368171238638296e-15
189.90519044355224,-24.878050396406458,2.5558123460655633,-3.2960718166957417,1.3457808255197166,1.0525958912340423e-15
189.9063972923954,-24.867672888705794,2.557631384650131,-3.296023843420946,1.3464486968874987,1.6841534259744676e-14
189.90760502494672,-24.857295616989212,2.5594505190954497,-3.2959755813411724,1.347117019174588,1.3683746586042549e-14
189.90881364051754,-24.84691858114319,2.561269748566704,-3.295927030674798,1.3477857918769682,1.1578554803574466e-14
189.91002313842,-24.836541781054294,2.5630890722295656,-3.2958781916400963,1.348455014490873,9.47336302110638e-15
189.9112335179668,-24.826165216609013,2.564908489250195,-3.295829064455238,1.3491246865127837,9.47336302110638e-15
189.91244477847118,-24.81578888769401,2.566727998795276,-3.295779649338293,1.349794807439443,1.7894130150978717e-14
189.9136569192471,-24.80541279419587,2.568547600031999,-3.295729946507234,1.3504653767678545,1.6841534259744676e-14
189.9148699396091,-24.79503693600117,2.5703672921280183,-3.2956799561799275,1.3511363939952554,5.2629794561702115e-15
189.91608383887225,-24.784661312996572,2.5721870742515067,-3.2956296785741417,1.3518078586191504,1.2631150694808506e-14
189.9172986163525,-24.774285925068718,2.574006945571121,-3.2955791139075448,1.3524797701372842,4.210383564936169e-15
189.91851427136604,-24.7639107721043,2.5758269052560507,-3.2955282623976996,1.353152128047673,-4.210383564936169e-15
189.91973080322995,-24.753535853990012,2.5776469524759427,-3.2954771242620735,1.3538249318485711,2.1051917824680845e-15
189.92094821126182,-24.743161170612556,2.579467086400986,-3.295425699718026,1.3544981810384953,4.210383564936169e-15
189.92216649477982,-24.732786721858695,2.5812873062018293,-3.2953739889828206,1.355171875116206,1.5788938368510635e-14
189.92338565310283,-24.722412507615108,2.5831076110496407,-3.295321992273614,1.3558460135807233,1.0525958912340423e-15
189.92460568555023,-24.712038527768705,2.5849280001160833,-3.295269709807465,1.3565205959313185,1.1578554803574466e-14
189.92582659144213,-24.701664782206255,2.5867484725733156,-3.295217141801329,1.357195621667513,8.420767129872338e-15
189.92704837009916,-24.69129127081456,2.5885690275939854,-3.2951642884720638,1.3578710902890785,1.473634247727659e-14
189.92827102084257,-24.680917993480445,2.5903896643512576,-3.2951111500364205,1.3585470012960486,1.2631150694808506e-14
189.92949454299426,-24.670544950090786,2.5922103820187834,-3.295057726711052,1.3592233541887024,1.1578554803574466e-14
189.93071893587674,-24.66017214053252,2.594031179770699,-3.2950040187125036,1.359900148467563,5.2629794561702115e-15
189.93194419881303,-24.64979956469244,2.595852056781672,-3.294950026257223,1.3605773836334227,1.6841534259744676e-14
189.93317033112686,-24.639427222457602,2.5976730122268457,-3.2948957495615616,1.3612550591873185,1.0525958912340423e-15
189.93439733214254,-24.629055113714905,2.599494045281865,-3.2948411888417515,1.3619331746305394,1.0525958912340423e-14
189.9356252011849,-24.61868323835133,2.601315155122864,-3.294786344313945,1.362611729464623,1.1578554803574466e-14
189.9368539375796,-24.60831159625387,2.603136340926485,-3.294731216194171,1.363290723191359,1.3683746586042549e-14
189.93808354065266,-24.597940187309526,2.6049576018698635,-3.294675804698374,1.3639701553127956,3.1577876737021266e-15
189.9393140097308,-24.587569011405343,2.6067789371306307,-3.2946201100423855,1.364650025331228,1.473634247727659e-14
189.94054534414138,-24.577198068428384,2.608600345886896,-3.2945641324419386,1.3653303327491906,1.9999321933446802e-14
189.94177754321237,-24.566827358265748,2.6104218273173183,-3.2945078721126615,1.366011077069498,1.1578554803574466e-14
189.94301060627225,-24.55645688080451,2.6122433806010066,-3.2944513292700814,1.3666922577951939,9.47336302110638e-15
189.94424453265015,-24.546086635931804,2.614065004917589,-3.2943945041296225,1.3673738744295827,1.1578554803574466e-14
189.9454793216758,-24.53571662353471,2.6158866994471626,-3.2943373969066125,1.3680559264762104,1.5788938368510635e-14
189.9467149726796,-24.525346843500557,2.6177084633703585,-3.2942800078162606,1.368738413438887,1.3683746586042549e-14
189.94795148910478,-24.514977296787762,2.6195302961612534,-3.2942223358521296,1.3694213367175527,1.2631150694808506e-14
189.94918887445567,-24.50460798437105,2.621352197285388,-3.294164379990584,1.370104697735701,1.0525958912340423e-15
189.95042711976512,-24.49423890397568,2.6231741653268994,-3.294106142912191,1.370788492169535,-2.1051917824680845e-15
189.951666224366,-24.48387005548894,2.6249961994683924,-3.2940476248317525,1.3714727195238663,-1.0525958912340423e-15
189.95290618759154,-24.4735014387981,2.6268182988930056,-3.293988825963969,1.3721573793037762,1.473634247727659e-14
189.95414700877583,-24.46313305379043,2.6286404627842983,-3.2939297465234425,1.3728424710145586,1.0525958912340423e-14
189.9553886872533,-24.45276490035335,2.6304626903264365,-3.293870386724666,1.3735279941618117,1.2631150694808506e-14
189.95663122235916,-24.442396978374152,2.6322849807039734,-3.2938107467820363,1.3742139482513356,1.0525958912340423e-14
189.9578746134291,-24.43202928774024,2.634107333102014,-3.2937508269098386,1.3749003327892058,1.2631150694808506e-14
189.95911885979947,-24.421661828338962,2.635929746706153,-3.2936906273222637,1.375587147281746,1.7894130150978717e-14
189.96036396080726,-24.411294600057776,2.63775222070247,-3.2936301482333934,1.3762743912355238,9.47336302110638e-15
189.9616099157899,-24.40092760278412,2.639574754277544,-3.2935693898572094,1.3769620641573599,1.3683746586042549e-14
189.96285672408558,-24.39056083640544,2.6413973466184495,-3.2935083524075863,1.3776501655543263,8.420767129872338e-15
189.96410438503298,-24.38019430080924,2.643219996912758,-3.2934470360982986,1.3783386949337444,1.5788938368510635e-14
189.96535289797143,-24.369827995883014,2.6450427043485294,-3.2933854411430166,1.3790276518031814,8.420767129872338e-15
189.96660226224083,-24.359461921514267,2.6468654681143304,-3.29332356775531,1.379717035670465,9.47336302110638e-15
189.96785247718165,-24.349096077590637,2.6486882873992132,-3.2932614161486367,1.3804068460436625,-1.0525958912340423e-15
189.96910354213497,-24.33873046399967,2.650511161392714,-3.2931989865363587,1.3810970824310924,1.2631150694808506e-14
189.9703554564425,-24.328365080628966,2.652334089284889,-3.2931362791317342,1.3817877443413276,1.3683746586042549e-14
189.97160821944647,-24.317999927366138,2.654157070266276,-3.2930732941479133,1.3824788312831877,-1.0525958912340423e-15
189.97286183048976,-24.307635004098856,2.6559801035278934,-3.293010031797945,1.38317034276574,1.1578554803574466e-14
189.97411628891584,-24.297270310714794,2.657803188261262,-3.2929464922947758,1.3838622782982999,9.47336302110638e-15
189.97537159406878,-24.286905847101583,2.659626323658418,-3.2928826758512453,1.3845546373904403,1.0525958912340423e-15
189.9766277452931,-24.27654161314706,2.6614495089118644,-3.2928185826800913,1.3852474195519764,-1.0525958912340423e-15
189.977884741934,-24.266177608738914,2.6632727432146206,-3.292754212993946,1.3859406242929795,1.1578554803574466e-14
189.97914258333742,-24.255813833764925,2.6650960257601675,-3.292689567005343,1.3866342511237566,-3.1577876737021266e-15
189.98040126884968,-24.245450288112874,2.666919355742508,-3.2926246449266996,1.3873282995548752,8.420767129872338e-15
189.9816607978177,-24.235086971670576,2.6687427323561232,-3.2925594469703476,1.3880227690971483,6.315575347404253e-15
189.98292116958913,-24.224723884325883,2.6705661547959947,-3.2924939733484986,1.3887176592616353,1.0525958912340423e-15
189.9841823835121,-24.214361025966646,2.6723896222576022,-3.292428224273264,1.389412969559652,1.7894130150978717e-14
189.9854444389353,-24.203998396480777,2.6742131339369144,-3.2923621999566577,1.390108699502758,7.368171238638296e-15
189.9867073352081,-24.193635995756164,2.676036689030382,-3.292295900610581,1.390804848602757,1.0525958912340423e-15
189.9879710716804,-24.18327382368071,2.677860286734966,-3.2922293264468347,1.3915014163717094,-2.1051917824680845e-15
189.98923564770263,-24.17291188014248,2.679683926248104,-3.292162477677117,1.3921984023219198,0.0
189.9905010626259,-24.162550165029398,2.681507606767728,-3.292095354513016,1.392895805965936,2.1051917824680845e-15
