galstreams/tracks/track.st.Orphan-Chenab.shipp2019.ecsv
# %ECSV 1.0
# ---
# datatype:
# - {name: ra, unit: deg, datatype: float64}
# - {name: dec, unit: deg, datatype: float64}
# - {name: distance, unit: kpc, datatype: float64}
# - {name: pm_ra_cosdec, unit: mas / yr, datatype: float64}
# - {name: pm_dec, unit: mas / yr, datatype: float64}
# - {name: radial_velocity, unit: km / s, datatype: float64}
# delimiter: ','
# meta: !!omap
# - __serialized_columns__:
#     dec:
#       __class__: astropy.coordinates.angles.Latitude
#       unit: &id001 !astropy.units.Unit {unit: deg}
#       value: !astropy.table.SerializedColumn {name: dec}
#     distance:
#       __class__: astropy.coordinates.distances.Distance
#       unit: !astropy.units.Unit {unit: kpc}
#       value: !astropy.table.SerializedColumn {name: distance}
#     pm_dec:
#       __class__: astropy.units.quantity.Quantity
#       unit: !astropy.units.Unit {unit: mas / yr}
#       value: !astropy.table.SerializedColumn {name: pm_dec}
#     pm_ra_cosdec:
#       __class__: astropy.units.quantity.Quantity
#       unit: !astropy.units.Unit {unit: mas / yr}
#       value: !astropy.table.SerializedColumn {name: pm_ra_cosdec}
#     ra:
#       __class__: astropy.coordinates.angles.Longitude
#       unit: *id001
#       value: !astropy.table.SerializedColumn {name: ra}
#       wrap_angle: !astropy.coordinates.Angle
#         unit: *id001
#         value: 360.0
#     radial_velocity:
#       __class__: astropy.units.quantity.Quantity
#       unit: !astropy.units.Unit {unit: km / s}
#       value: !astropy.table.SerializedColumn {name: radial_velocity}
# schema: astropy-2.0
ra,dec,distance,pm_ra_cosdec,pm_dec,radial_velocity
322.14893253433434,-58.98089483497112,39.79999999999997,0.13638621518866922,-2.8100493326843736,-120.72234210551744
322.1537952606376,-58.970934499224164,39.79999999999996,0.13672542639092322,-2.8096457919312647,-120.75693627710868
322.1586616312497,-58.96097567792267,39.79999999999996,0.13706458843269576,-2.8092419134432816,-120.7915377356532
322.16353164379825,-58.95101837053943,39.79999999999996,0.1374037010166902,-2.8088376972100386,-120.82614648115172
322.16840529591525,-58.94106257654693,39.79999999999997,0.1377427638458164,-2.8084331432212695,-120.86076251360356
322.1732825852368,-58.93110829541734,39.79999999999996,0.1380817766231779,-2.808028251466827,-120.89538583300933
322.17816350940353,-58.921155526622414,39.79999999999996,0.13842073905208485,-2.8076230219366862,-120.93001643936853
322.1830480660606,-58.911204269633494,39.79999999999997,0.1387596508360578,-2.8072174546209356,-120.9646543326817
322.1879362528573,-58.901254523921686,39.79999999999997,0.13909851167880616,-2.806811549509789,-120.99929951294807
322.1928280674472,-58.8913062889576,39.79999999999997,0.13943732128424768,-2.8064053065935752,-121.03395198016844
322.19772350748826,-58.88135956421158,39.79999999999996,0.13977607935649683,-2.8059987258627457,-121.06861173434235
322.2026225706429,-58.87141434915352,39.79999999999996,0.14011478559987434,-2.8055918073078674,-121.10327877546987
322.2075252545775,-58.8614706432531,39.79999999999997,0.14045343971889057,-2.805184550919628,-121.13795310355097
322.21243155696317,-58.85152844597952,39.79999999999997,0.14079204141826995,-2.8047769566888316,-121.17263471858577
322.2173414754748,-58.84158775680163,39.79999999999996,0.14113059040292097,-2.8043690246064075,-121.20732362057429
322.222255007792,-58.83164857518798,39.79999999999997,0.14146908637796085,-2.8039607546633953,-121.2420198095164
322.22717215159844,-58.8217109006067,39.79999999999997,0.1418075290487042,-2.8035521468509588,-121.27672328541215
322.2320929045821,-58.811774732525606,39.79999999999996,0.1421459181206628,-2.8031432011603776,-121.31143404826146
322.23701726443517,-58.80184007041208,39.79999999999997,0.14248425329954384,-2.8027339175830517,-121.34615209806462
322.24194522885404,-58.79190691373335,39.79999999999996,0.14282253429125058,-2.802324296110499,-121.38087743482122
322.24687679553944,-58.781975261956035,39.79999999999996,0.14316076080189166,-2.801914336734353,-121.41561005853174
322.2518119621962,-58.77204511454657,39.79999999999996,0.14349893253776203,-2.801504039446369,-121.45034996919557
322.2567507265336,-58.76211647097096,39.79999999999997,0.1438370492053611,-2.8010934042384177,-121.48509716681323
322.26169308626476,-58.75218933069488,39.79999999999997,0.14417511051137866,-2.8006824311024894,-121.5198516513844
322.26663903910725,-58.742263693183624,39.79999999999996,0.14451311616270135,-2.800271120030694,-121.5546134229094
322.27158858278295,-58.73233955790215,39.79999999999997,0.14485106586641794,-2.7998594710152522,-121.5893824813879
322.27654171501746,-58.72241692431514,39.79999999999997,0.1451889593297957,-2.799447484048512,-121.62415882682012
322.28149843354095,-58.7124957918868,39.79999999999996,0.14552679626031306,-2.7990351591229334,-121.6589424592061
322.2864587360877,-58.70257616008108,39.79999999999996,0.14586457636563432,-2.7986224962310935,-121.69373337854552
322.2914226203961,-58.69265802836151,39.79999999999997,0.14620229935361873,-2.798209495365689,-121.72853158483868
322.2963900842085,-58.682741396191304,39.79999999999997,0.14653996493231913,-2.797796156519534,-121.76333707808539
322.3013611252716,-58.672826263033315,39.79999999999997,0.14687757280997804,-2.797382479685561,-121.79814985828587
322.30633574133634,-58.66291262835003,39.79999999999997,0.14721512269503867,-2.796968464856815,-121.83296992543991
322.31131393015744,-58.65300049160369,39.799999999999955,0.1475526142961272,-2.7965541120264645,-121.86779727954773
322.3162956894939,-58.64308985225607,39.79999999999997,0.1478900473220668,-2.7961394211877892,-121.90263192060908
322.32128101710896,-58.633180709768624,39.79999999999996,0.14822742148187174,-2.7957243923341917,-121.93747384862417
322.3262699107697,-58.623273063602504,39.79999999999997,0.14856473648474755,-2.7953090254591872,-121.97232306359278
322.3312623682475,-58.61336691321845,39.79999999999997,0.14890199204008958,-2.7948933205564095,-122.00717956551519
322.33625838731774,-58.60346225807693,39.799999999999976,0.14923918785748325,-2.7944772776196083,-122.04204335439097
322.34125796575984,-58.593559097637936,39.799999999999976,0.14957632364670648,-2.7940608966426517,-122.07691443022064
322.34626110135713,-58.583657431361345,39.79999999999997,0.14991339911772017,-2.793644177619524,-122.11179279300384
322.35126779189744,-58.57375725870647,39.799999999999976,0.15025041398068728,-2.7932271205443233,-122.1466784427407
322.3562780351722,-58.56385857913239,39.79999999999997,0.15058736794594507,-2.7928097254112694,-122.18157137943129
322.361291828977,-58.5539613920978,39.799999999999976,0.1509242607240282,-2.792391992214692,-122.21647160307542
322.3663091711117,-58.544065697061065,39.799999999999976,0.15126109202566318,-2.7919739209490433,-122.25137911367322
322.3713300593798,-58.53417149348021,39.79999999999997,0.15159786156175192,-2.7915555116088893,-122.28629391122472
322.37635449158904,-58.52427878081287,39.79999999999997,0.15193456904339886,-2.7911367641889098,-122.32121599572976
322.38138246555116,-58.51438755851649,39.79999999999997,0.1522712141818816,-2.7907176786839063,-122.3561453671886
322.38641397908174,-58.50449782604801,39.799999999999976,0.1526077966886734,-2.790298255088789,-122.39108202560092
322.39144903000056,-58.49460958286409,39.799999999999976,0.1529443162754336,-2.789878493398592,-122.42602597096703
322.3964876161312,-58.48472282842107,39.79999999999997,0.15328077265400308,-2.7894583936084603,-122.46097720328665
322.4015297353014,-58.47483756217491,39.79999999999997,0.15361716553641513,-2.789037955713654,-122.49593572256002
322.40657538534265,-58.464953783581265,39.799999999999976,0.1539534946348844,-2.7886171797095507,-122.53090152878701
322.41162456409063,-58.4550714920954,39.799999999999976,0.15428975966181602,-2.7881960655916456,-122.56587462196757
322.4166772693846,-58.445190687172364,39.79999999999997,0.15462596032978548,-2.787774613355547,-122.60085500210184
322.4217334990681,-58.435311368266746,39.799999999999976,0.15496209635156966,-2.7873528229969784,-122.63584266918973
322.4267932509885,-58.42543353483284,39.79999999999997,0.15529816744012082,-2.7869306945117804,-122.67083762323135
322.4318565229971,-58.41555718632461,39.79999999999997,0.15563417330857954,-2.786508227895907,-122.70583986422662
322.4369233129491,-58.40568232219568,39.799999999999976,0.15597011367026647,-2.7860854231454275,-122.74084939217539
322.4419936187035,-58.39580894189932,39.799999999999976,0.1563059882386868,-2.7856622802565303,-122.7758662070779
322.4470674381235,-58.38593704488845,39.79999999999997,0.15664179672753042,-2.7852387992255143,-122.81089030893412
322.45214476907586,-58.3760666306158,39.79999999999998,0.15697753885066645,-2.7848149800487954,-122.84592169774388
322.45722560943125,-58.366197698533604,39.79999999999997,0.1573132143221443,-2.784390822722906,-122.88096037350726
322.4623099570645,-58.3563302480938,39.79999999999998,0.15764882285620407,-2.783966327244487,-122.91600633622441
322.467397809854,-58.34646427874802,39.799999999999976,0.15798436416725692,-2.783541493610303,-122.95105958589507
322.47248916568225,-58.33659978994754,39.79999999999997,0.15831983796990645,-2.783116321817227,-122.98612012251948
322.47758402243534,-58.32673678114336,39.79999999999997,0.15865524397892417,-2.782690811862249,-123.02118794609746
322.4826823780035,-58.31687525178601,39.799999999999976,0.15899058190927717,-2.782264963742473,-123.0562630566291
322.48778423028045,-58.30701520132591,39.79999999999997,0.15932585147609668,-2.781838777455118,-123.09134545411446
322.4928895771641,-58.29715662921298,39.79999999999998,0.15966105239470818,-2.7814122529975176,-123.12643513855335
322.4979984165558,-58.28729953489685,39.79999999999997,0.15999618438060415,-2.7809853903671193,-123.161532109946
322.503110746361,-58.277443917826844,39.799999999999976,0.1603312471494649,-2.780558189561483,-123.1966363682922
322.50822656448895,-58.267589777451924,39.799999999999976,0.16066624041715105,-2.7801306505782866,-123.23174791359205
322.5133458688526,-58.25773711322075,39.79999999999997,0.16100116389969465,-2.7797027734153215,-123.2668667458456
322.51846865736866,-58.24788592458161,39.79999999999997,0.16133601731331337,-2.779274558070488,-123.30199286505271
322.5235949279577,-58.23803621098259,39.79999999999997,0.16167080037439385,-2.778846004541807,-123.33712627121349
322.5287246785439,-58.228187971871314,39.79999999999997,0.1620055127995068,-2.7784171128274107,-123.37226696432803
322.5338579070555,-58.218341206695136,39.79999999999997,0.1623401543054035,-2.777987882925543,-123.40741494439617
322.53899461142424,-58.20849591490108,39.79999999999997,0.162674724609003,-2.7775583148345646,-123.44257021141789
322.54413478958577,-58.19865209593584,39.799999999999976,0.16300922342740787,-2.777128408552949,-123.47773276539328
322.5492784394794,-58.18880974924578,39.79999999999998,0.163343650477898,-2.7766981640792814,-123.51290260632241
322.55442555904824,-58.17896887427691,39.79999999999997,0.163678005477925,-2.7762675814122666,-123.54807973420505
322.559576146239,-58.16912947047505,39.79999999999997,0.1640122881451167,-2.7758366605507137,-123.58326414904141
322.56473019900216,-58.15929153728556,39.79999999999997,0.16434649819727665,-2.775405401493552,-123.61845585083141
322.569887715292,-58.149455074153515,39.79999999999997,0.16468063535238353,-2.774973804239822,-123.65365483957503
322.57504869306655,-58.13962008052369,39.79999999999997,0.16501469932859836,-2.7745418687886767,-123.68886111527222
322.5802131302873,-58.12978655584048,39.79999999999997,0.16534868984424644,-2.7741095951393833,-123.72407467792318
322.5853810249196,-58.11995449954805,39.79999999999997,0.16568260661782896,-2.7736769832913226,-123.75929552752773
322.59055237493254,-58.11012391109012,39.79999999999997,0.16601644936802606,-2.773244033243987,-123.79452366408597
322.5957271782988,-58.100294789910286,39.79999999999997,0.16635021781368775,-2.772810744996982,-123.8297590875977
322.6009054329946,-58.09046713545162,39.79999999999997,0.1666839116738399,-2.772377118550027,-123.86500179806322
322.606087137,-58.08064094715699,39.79999999999997,0.16701753066767555,-2.7719431539029533,-123.90025179548243
322.61127228829866,-58.07081622446891,39.799999999999976,0.16735107451456765,-2.7715088510557044,-123.93550907985515
322.616460884878,-58.06099296682957,39.79999999999997,0.16768454293405788,-2.77107421000834,-123.97077365118173
322.62165292472883,-58.051171173680885,39.79999999999997,0.1680179356458611,-2.770639230761027,-124.00604550946171
322.62684840584586,-58.04135084446434,39.79999999999998,0.16835125236986515,-2.770203913314047,-124.04132465469546
322.63204732622717,-58.03153197862128,39.799999999999976,0.16868449282612485,-2.7697682576677973,-124.07661108688278
322.6372496838746,-58.02171457559264,39.799999999999976,0.1690176567348678,-2.769332263822782,-124.11190480602369
322.64245547679366,-58.011898634818984,39.79999999999998,0.16935074381649695,-2.7688959317796202,-124.14720581211837
322.6476647029933,-58.00208415574065,39.79999999999998,0.16968375379158318,-2.7684592615390438,-124.18251410516673
322.6528773604862,-57.99227113779761,39.79999999999998,0.17001668638086254,-2.768022253101898,-124.21782968516872
322.6580934472886,-57.98245958042956,39.799999999999976,0.17034954130525204,-2.767584906469135,-124.25315255212418
322.6633129614203,-57.972649483075784,39.799999999999976,0.17068231828582903,-2.7671472216418245,-124.28848270603366
322.6685359009045,-57.962840845175464,39.79999999999997,0.17101501704384048,-2.766709198621146,-124.32382014689645
322.6737622637683,-57.95303366616727,39.79999999999997,0.17134763730070923,-2.7662708374083875,-124.35916487471289
322.67899204804223,-57.94322794548962,39.79999999999999,0.17168017877802133,-2.765832138004954,-124.39451688948314
322.68422525176027,-57.93342368258064,39.799999999999976,0.172012641197536,-2.7653931004123615,-124.42987619120692
322.68946187296,-57.92362087687813,39.79999999999997,0.1723450242811735,-2.764953724632235,-124.46524277988436
322.6947019096825,-57.913819527819584,39.799999999999976,0.17267732775102718,-2.7645140106663106,-124.50061665551553
322.6999453599726,-57.90401963484212,39.79999999999997,0.17300955132936013,-2.764073958516441,-124.53599781810034
322.70519222187835,-57.89422119738273,39.79999999999998,0.17334169473859573,-2.7636335681845825,-124.57138626763866
322.71044249345147,-57.8844242148779,39.799999999999976,0.17367375770133053,-2.7631928396728123,-124.60678200413076
322.7156961727472,-57.87462868676392,39.79999999999998,0.17400573994032653,-2.762751772983309,-124.64218502757637
322.7209532578242,-57.8648346124767,39.799999999999976,0.1743376411785118,-2.762310368118369,-124.67759533797576
322.72621374674475,-57.85504199145189,39.799999999999976,0.17466946113897874,-2.7618686250803997,-124.71301293532875
322.7314776375745,-57.84525082312484,39.79999999999998,0.17500119954498938,-2.7614265438719134,-124.7484378196352
322.73674492838273,-57.83546110693048,39.79999999999998,0.17533285611996763,-2.760984124495541,-124.78386999089562
322.74201561724186,-57.825672842303675,39.79999999999998,0.1756644305875028,-2.7605413669540204,-124.81930944910951
322.7472897022283,-57.815886028678754,39.79999999999998,0.17599592267135789,-2.7600982712502,-124.8547561942771
322.75256718142134,-57.806100665489836,39.79999999999998,0.17632733209544615,-2.759654837387041,-124.89021022639831
322.75784805290425,-57.79631675217072,39.799999999999976,0.17665865858385654,-2.7592110653676145,-124.92567154547315
322.76313231476337,-57.78653428815491,39.79999999999998,0.17698990186083807,-2.7587669551951004,-124.96114015150158
322.7684199650887,-57.77675327287559,39.79999999999998,0.1773210616508063,-2.7583225068727906,-124.99661604448373
322.77371100197354,-57.76697370576559,39.79999999999998,0.177652137678336,-2.757877720404089,-125.03209922441953
322.7790054235147,-57.75719558625761,39.799999999999976,0.17798312966817087,-2.7574325957925074,-125.06758969130898
322.78430322781236,-57.74741891378388,39.79999999999998,0.17831403734521034,-2.7569871330416693,-125.10308744515197
322.7896044129701,-57.73764368777639,39.799999999999976,0.17864486043452388,-2.756541332155308,-125.13859248594872
322.794908977095,-57.7278699076668,39.79999999999998,0.1789755986613415,-2.7560951931372673,-125.17410481369912
322.80021691829745,-57.7180975728865,39.799999999999976,0.17930625175105175,-2.7556487159915024,-125.20962442840323
322.8055282346912,-57.70832668286657,39.79999999999997,0.1796368194292124,-2.755201900722074,-125.24515133006084
322.8108429243936,-57.698557237037754,39.79999999999998,0.17996730142153705,-2.7547547473331577,-125.28068551867204
322.8161609855251,-57.68878923483059,39.79999999999997,0.18029769745390123,-2.7543072558290387,-125.31622699423707
322.8214824162095,-57.67902267567523,39.799999999999976,0.18062800725234274,-2.753859426214107,-125.35177575675564
322.82680721457433,-57.66925755900156,39.79999999999997,0.18095823054306193,-2.75341125849287,-125.38733180622789
322.83213537875014,-57.659493884239154,39.79999999999998,0.1812883670524188,-2.7529627526699363,-125.42289514265374
322.83746690687104,-57.64973165081728,39.799999999999976,0.18161841650693344,-2.7525139087500325,-125.45846576603331
322.8428017970743,-57.63997085816495,39.799999999999976,0.18194837863328583,-2.752064726737989,-125.49404367636657
322.8481400475007,-57.63021150571079,39.799999999999976,0.1822782531583167,-2.7516152066387476,-125.52962887365337
322.85348165629415,-57.620453592883294,39.79999999999998,0.18260803980902285,-2.75116534845736,-125.56522135789379
