galstreams/tracks/track.st.NGC6101.ibata2021.ecsv
# %ECSV 1.0
# ---
# datatype:
# - {name: ra, unit: deg, datatype: float64}
# - {name: dec, unit: deg, datatype: float64}
# - {name: distance, unit: kpc, datatype: float64}
# - {name: pm_ra_cosdec, unit: mas / yr, datatype: float64}
# - {name: pm_dec, unit: mas / yr, datatype: float64}
# - {name: radial_velocity, unit: km / s, datatype: float64}
# delimiter: ','
# meta: !!omap
# - __serialized_columns__:
#     dec:
#       __class__: astropy.coordinates.angles.Latitude
#       unit: &id001 !astropy.units.Unit {unit: deg}
#       value: !astropy.table.SerializedColumn {name: dec}
#     distance:
#       __class__: astropy.coordinates.distances.Distance
#       unit: !astropy.units.Unit {unit: kpc}
#       value: !astropy.table.SerializedColumn {name: distance}
#     pm_dec:
#       __class__: astropy.units.quantity.Quantity
#       unit: !astropy.units.Unit {unit: mas / yr}
#       value: !astropy.table.SerializedColumn {name: pm_dec}
#     pm_ra_cosdec:
#       __class__: astropy.units.quantity.Quantity
#       unit: !astropy.units.Unit {unit: mas / yr}
#       value: !astropy.table.SerializedColumn {name: pm_ra_cosdec}
#     ra:
#       __class__: astropy.coordinates.angles.Longitude
#       unit: *id001
#       value: !astropy.table.SerializedColumn {name: ra}
#       wrap_angle: !astropy.coordinates.Angle
#         unit: *id001
#         value: 360.0
#     radial_velocity:
#       __class__: astropy.units.quantity.Quantity
#       unit: !astropy.units.Unit {unit: km / s}
#       value: !astropy.table.SerializedColumn {name: radial_velocity}
# schema: astropy-2.0
ra,dec,distance,pm_ra_cosdec,pm_dec,radial_velocity
[from data line 542]
258.3048599319511,-70.34484579477197,14.680836998857476,1.5947007959994557,-0.03205465194747657,1.842042809659574e-15
258.3307696855233,-70.33992653945747,14.67875262593697,1.5947956667090284,-0.03036143670862648,-8.026043670659572e-15
258.3566707300448,-70.33500577888097,14.676674387155371,1.5948902432253245,-0.028667636805795555,4.73668151055319e-15
258.3825630689878,-70.3300835129454,14.674602355790972,1.5949845280955934,-0.026973277887146117,-2.289396063434042e-14
258.40844670581953,-70.32515974155325,14.67253660512205,1.5950785239112644,-0.025278385596801147,-1.3815321072446804e-15
258.434321644002,-70.32023446460661,14.670477208426892,1.5951722333078966,-0.023582985574816792,-2.4209705498382972e-14
258.46018788699223,-70.3153076820071,14.668424238983787,1.5952656589651417,-0.02188710345712048,-5.920851888191488e-16
258.48604543824206,-70.31037939365596,14.666377770071017,1.595358803606695,-0.020190764875485025,-1.3881108315648933e-14
258.5118943011985,-70.30544959945402,14.664337874966867,1.5954516700002532,-0.018493995457472483,-4.605107024148935e-16
258.53773447930325,-70.30051829930166,14.662304626949624,1.595544260957468,-0.016796820826399054,4.934043240159573e-15
258.563565975993,-70.29558549309887,14.660278099297573,1.5956365793339058,-0.0150992666012901,-1.032859718273404e-14
258.5893887946997,-70.29065118074521,14.658258365288996,1.5957286280289993,-0.01340135839683406,-6.28268172580319e-15
258.61520293884985,-70.28571536213987,14.65624549820218,1.595820409986007,-0.011703121823345815,-1.1874597397984039e-14
258.64100841186513,-70.28077803718159,14.65423957131541,1.5959119281919663,-0.010004582486718918,-2.108481144628191e-14
258.66680521716233,-70.27583920576873,14.652240657906972,1.5960031856776484,-0.008305765988385502,-1.6216555449324463e-14
258.6925933581529,-70.27089886779925,14.650248831255155,1.5960941855175181,-0.006606697925274815,-1.935789631222606e-14
258.7183728382436,-70.26595702317073,14.648264164638235,1.596184930829687,-0.004907403889768532,-1.3058767775622337e-14
258.7441436608361,-70.26101367178029,14.646286731334506,1.5962754247758677,-0.0032079094696602323,1.874936431260638e-15
258.7699058293268,-70.25606881352475,14.644316604622249,1.5963656705613334,-0.0015082402481151037,-9.946208831621673e-15
258.79565934710746,-70.25112244830046,14.642353857779746,1.5964556714348705,0.00019157819637804607,-7.871340856567069e-15
258.8214042175648,-70.24617457600341,14.64039856408529,1.5965454306887343,0.0018915202900413707,-7.919139400456114e-15
258.8471404440804,-70.24122519652923,14.638450796817159,1.5966349516586082,0.00359156046385405,-9.868086480319147e-15
258.8728680300311,-70.23627430977311,14.636510629253642,1.5967242377235555,0.005291673153593418,-1.9736172960638294e-15
258.8985869787885,-70.23132191562992,14.634578134673022,1.5968132923059764,0.006991832799874521,3.5525111329148927e-15
258.92429729371946,-70.22636801399409,14.632653386353587,1.5969021188715653,0.008692013848192879,-1.7959917394180847e-14
258.94999897818593,-70.22141260475976,14.630736457573617,1.5969907209292633,0.010392190748968078,-1.171012928997872e-14
258.9756920355447,-70.2164556878206,14.628827421611408,1.5970791020312183,0.012092337957580843,1.6775747016542548e-15
259.0013764691478,-70.21149726306993,14.626926351745231,1.5971672657727363,0.013792429934415259,3.0262131872978715e-15
259.02705228234214,-70.20653733040078,14.625033321253381,1.5972552157922395,0.015492441144901134,-1.8552002582999993e-14
259.05271947847,-70.20157588970572,14.62314840341414,1.5973429557712224,0.017192346059557655,3.5525111329148927e-15
259.07837806086854,-70.19661294087699,14.621271671505795,1.597430489434205,0.018892119154024518,2.6314897280851058e-15
259.10402803287,-70.19164848380647,14.619403198806628,1.5975178205486922,0.020591734909113237,-1.9144087771819143e-14
259.1296693978019,-70.1866825183857,14.617543058594928,1.5976049529251255,0.022291167810844163,-8.486554373074466e-15
259.1553021589865,-70.18171504450578,14.61569132414897,1.597691890416843,0.023990392350483655,-2.6314897280851057e-16
259.1809263197416,-70.17674606205757,14.613848068747057,1.5977786369200293,0.02568938302458734,-1.7762555664574464e-15
259.2065418833799,-70.17177557093152,14.612013365667458,1.5978651963736783,0.027388114335041507,-1.6973108746148932e-14
259.23214885320914,-70.16680357101772,14.61018728818847,1.5979515727595426,0.02908656078910221,-1.197327826278723e-14
259.2577472325324,-70.16183006220592,14.608369909588369,1.5980377701020925,0.030784696899433,-1.1578554803574466e-14
259.28333702464766,-70.15685504438552,14.606561303145444,1.598123792468473,0.03248249718414917,-2.2762386147936163e-14
259.3089182328483,-70.15187851744561,14.604761542137979,1.5982096439684539,0.034179936166855523,-1.2762725181212762e-14
259.3344908604227,-70.1469004812749,14.60297069984426,1.598295328754392,0.035876988376685084,4.078809078531914e-15
259.3600549106543,-70.14192093576176,14.601188849542574,1.598380851021181,0.03757362834833818,-1.1841703776382976e-14
259.3856103868219,-70.13693988079427,14.599416064511205,1.5984662150062139,0.039269830622128216,-1.6578385286936164e-14
259.4111572921994,-70.13195731626013,14.597652418028437,1.598551424989331,0.040965569744014,-9.604937507510635e-15
259.43669563005585,-70.1269732420467,14.595897983372554,1.5986364852927817,0.04266082026564221,1.1841703776382976e-15
259.46222540365545,-70.12198765804106,14.594152833821845,1.5987214002811756,0.04435555674438537,-2.2367662688723396e-15
259.48774661625765,-70.11700056412992,14.592417042654592,1.598806174361443,0.046049753743382944,-1.2104852749191486e-14
259.5132592711171,-70.11201196019971,14.59069068314908,1.5988908119827858,0.04774338583158039,-1.394689555885106e-14
259.5387633714835,-70.10702184613648,14.5889738285836,1.5989753176366364,0.04943642758376609,-1.4473193504468083e-14
259.56425892060213,-70.10203022182598,14.587266552236427,1.5990596958566108,0.05112885358061133,-1.842042809659574e-14
259.589745921713,-70.09703708715367,14.585568927385854,1.5991439512184684,0.052820638408709944,-1.5525789395702124e-14
259.6152243780517,-70.09204244200467,14.583881027310168,1.5992280883400618,0.05451175666061541,-2.0525619879063826e-14
259.64069429284893,-70.08704628626379,14.582202925287644,1.5993121118812976,0.05620218293488207,2.6314897280851057e-16
259.6661556693305,-70.08204861981551,14.580534694596576,1.5993960265440899,0.05789189183609784,-1.3157448640425528e-14
259.69160851071774,-70.07704944254404,14.57887640851525,1.5994798370723136,0.05958085797493203,2.1051917824680845e-15
259.7170528202269,-70.07204875433325,14.57722814032194,1.5995635482517674,0.061269055968163434,-5.2629794561702115e-15
259.74248860106974,-70.06704655506672,14.575589963294947,1.5996471649101192,0.06295646043872621,-2.342025857995744e-14
259.76791585645327,-70.06204284462774,14.57396195071254,1.5997306919168715,0.06464304601574491,-1.9999321933446802e-14
259.79333458957956,-70.05703762289929,14.57234417585302,1.5998141341833083,0.06632878733457206,-9.736511993914891e-15
259.8187448036461,-70.05203088976401,14.570736711994662,1.59989749666246,0.06801365903682659,-4.210383564936169e-15
259.8441465018457,-70.0470226451043,14.56913963241575,1.599980784349051,0.06969763577043236,4.473532537744679e-15
259.86953968736634,-70.04201288880229,14.567553010394576,1.6000640022794577,0.07138069218965325,-1.2368001721999996e-14
259.89492436339134,-70.03700162073973,14.56597691920942,1.6001471555316678,0.07306280295513659,-7.1050222658297854e-15
259.92030053309935,-70.03198884079812,14.564411432138566,1.6002302492252318,0.07474394273394339,-1.5525789395702124e-14
259.94566819966434,-70.02697454885873,14.562856622460307,1.6003132885212186,0.0764240861995924,-1.3157448640425529e-15
259.97102736625556,-70.02195874480246,14.561312563452926,1.6003962786221733,0.07810320803209132,5.262979456170211e-16
259.99637803603747,-70.01694142851,14.559779328394699,1.6004792247720732,0.07978128291797758,-2.0525619879063826e-14
260.02172021217007,-70.01192259986169,14.558256990563923,1.60056213225628,0.08145828555035788,-8.420767129872338e-15
260.04705389780855,-70.00690225873765,14.556745623238875,1.6006450064014992,0.08313419062893858,-5.2629794561702115e-15
260.0723790961034,-70.00188040501769,14.555245299697843,1.6007278525757342,0.08480897286006737,-1.6052087341319144e-14
260.0976958102006,-69.99685703858137,14.553756093219109,1.6008106761882401,0.08648260695677014,-2.4736003443999992e-14
260.12300404324145,-69.99183215930796,14.552278077080967,1.600893482689483,0.08815506763878593,-2.920953598174467e-14
260.1483037983626,-69.98680576707648,14.550811324561694,1.6009762775710927,0.08982632963260533,-6.8418732930212744e-15
260.1735950786958,-69.98177786176565,14.549355908939582,1.6010590663658197,0.09149636767150271,-1.2631150694808506e-14
260.19887788736867,-69.97674844325397,14.547911903492905,1.6011418546474911,0.0931651564955799,5.789277401787233e-15
260.22415222750374,-69.97171751141966,14.546479381499958,1.6012246480309649,0.0948326708517941,-2.0525619879063826e-14
260.24941810221924,-69.96668506614064,14.545058416239023,1.6013074521720851,0.09649888549400423,-1.473634247727659e-14
260.2746755146287,-69.96165110729466,14.54364908098839,1.601390272767641,0.09816377518299788,5.262979456170211e-16
260.2999244678409,-69.9566156347591,14.542251449026331,1.6014731155553201,0.09982731468653033,-5.526128428978722e-15
260.32516496496027,-69.9515786484112,14.540865593631144,1.601555986313662,0.10148947877936415,9.736511993914891e-15
260.35039700908646,-69.94654014812788,14.53949158808111,1.6016388908620176,0.1031502422432978,-9.736511993914891e-15
260.37562060331464,-69.9415001337858,14.538129505654519,1.6017218350605023,0.10480957986721068,-5.2629794561702115e-15
260.4008357507354,-69.93645860526144,14.536779419629642,1.601804824809955,0.10646746644709024,-7.894469184255318e-15
260.4260424544346,-69.93141556243096,14.535441403284773,1.6018878660518885,0.10812387678607181,-3.0525280845787224e-14
260.4512407174939,-69.92637100517031,14.534115529898207,1.6019709647684475,0.10977878569447605,-1.6841534259744676e-14
260.47643054298993,-69.92132493335522,14.532801872748216,1.602054126982367,0.11143216798983718,-1.894672604221276e-14
260.50161193399515,-69.91627734686116,14.531500505113089,1.602137358756925,0.11308399849694686,-1.0525958912340423e-14
260.52678489357726,-69.91122824556336,14.53021150027111,1.6022206661958966,0.11473425204788217,-1.4210044531659571e-14
260.55194942479966,-69.90617762933681,14.528934931500562,1.6023040554435146,0.11638290348204719,1.2104852749191486e-14
260.5771055307208,-69.9011254980563,14.527670872079739,1.6023875326844197,0.11802992764620089,4.210383564936169e-15
260.60225321439515,-69.89607185159635,14.526419395286919,1.6024711041436206,0.11967529939449922,3.1577876737021266e-15
260.62739247887214,-69.89101668983126,14.525180574400384,1.6025547760864471,0.12131899358852416,-1.9999321933446802e-14
260.6525233271971,-69.88596001263512,14.52395448269843,1.6026385548185043,0.12296098509732371,-1.2631150694808506e-14
260.6776457624106,-69.88090181988181,14.522741193459334,1.6027224466856338,0.12460124879744194,-1.2104852749191486e-14
260.7027597875488,-69.87584211144494,14.521540779961386,1.602806458073864,0.12623975957295383,-1.9999321933446802e-14
260.72786540564346,-69.87078088719795,14.520353315482865,1.6028905954093664,0.1278764923155052,4.73668151055319e-15
260.75296261972164,-69.86571814701402,14.51917887330206,1.6029748651584153,0.1295114219243383,-1.0525958912340423e-15
260.7780514328061,-69.86065389076616,14.518017526697255,1.6030592738273368,0.13114452330633358,-1.3157448640425528e-14
260.80313184791504,-69.85558811832713,14.516869348946742,1.603143827962471,0.13277577137604224,-3.684085619319148e-15
260.8282038680623,-69.85052082956946,14.515734413328792,1.6032285341501251,0.13440514105571538,-2.368340755276595e-14
260.85326749625716,-69.84545202436554,14.514612793121703,1.603313399016526,0.13603260727534666,-3.684085619319148e-15
260.8783227355044,-69.84038170258751,14.513504561603751,1.6033984292277808,0.1376581449726967,2.1051917824680845e-15
260.90336958880454,-69.83530986410727,14.51240979205323,1.6034836314898295,0.13928172909333308,-2.6314897280851058e-15
260.9284080591535,-69.8302365087966,14.51132855774842,1.6035690125484026,0.14090333459066284,-1.7894130150978717e-14
260.9534381495429,-69.82516163652703,14.510260931967604,1.6036545791889736,0.14252293642596736,-6.315575347404253e-15
260.9784598629597,-69.82008524716986,14.509206987989076,1.6037403382367184,0.14414050956842928,-2.6314897280851057e-14
261.0034732023868,-69.81500734059627,14.508166799091113,1.603826296556468,0.14575602899517684,-7.894469184255318e-15
261.02847817080226,-69.80992791667715,14.507140438551998,1.603912461052667,0.147369469691305,-2.5262301389617013e-14
261.0534747711801,-69.80484697528331,14.506127979650024,1.6039988386693265,0.14898080664992114,-6.8418732930212744e-15
261.07846300648987,-69.7997645162853,14.505129495663478,1.6040854363899792,0.15059001487216678,6.8418732930212744e-15
261.10344287969644,-69.79468053955345,14.50414505987063,1.6041722612376412,0.15219706936725655,-8.947065075489359e-15
261.1284143937607,-69.78959504495798,14.503174745549785,1.6042593202747588,0.15380194515251305,-1.9473023987829782e-14
261.1533775516389,-69.78450803236888,14.50221862597921,1.6043466206031707,0.15540461725339533,-1.0525958912340423e-14
261.178332356283,-69.77941950165597,14.501276774437203,1.6044341693640611,0.15700506070353296,-3.1577876737021266e-15
261.20327881064054,-69.77432945268887,14.500349264202043,1.6045219737379153,0.15860325054475882,2.1051917824680845e-15
261.22821691765483,-69.76923788533708,14.499436168552016,1.6046100409444768,0.16019916182714256,-7.368171238638296e-15
261.25314668026465,-69.76414479946983,14.498537560765413,1.604698378242701,0.161792769609023,-4.73668151055319e-15
261.27806810140453,-69.75905019495626,14.497653514120508,1.6047869929307135,0.16338404895703837,-1.0525958912340423e-14
261.3029811840047,-69.7539540716653,14.496784101895594,1.6048758923457624,0.16497297494616345,1.2104852749191486e-14
261.32788593099093,-69.74885642946572,14.495929397368956,1.6049650838641758,0.16655952265973284,5.262979456170211e-16
261.3527823452848,-69.74375726822608,14.49508947381888,1.6050545749013194,0.1681436671894846,6.8418732930212744e-15
261.3776704298035,-69.73865658781484,14.494264404523646,1.6051443729115482,0.16972538363558262,-3.1577876737021266e-15
261.40255018745984,-69.73355438810027,14.493454262761542,1.6052344853881642,0.17130464710665397,-3.210417468263829e-14
261.4274216211625,-69.72845066895046,14.492659121810853,1.6053249198633734,0.1728814327198215,-2.2104513715914887e-14
261.45228473381576,-69.72334543023335,14.491879054949862,1.6054156839082399,0.17445571560072934,-1.0525958912340423e-15
261.47713952831947,-69.71823867181672,14.491114135456861,1.6055067851326401,0.17602747088357956,8.420767129872338e-15
261.50198600756937,-69.71313039356822,14.490364436610127,1.6055982311852226,0.17759667371116297,7.368171238638296e-15
261.5268241744569,-69.7080205953553,14.489630031687955,1.60569002975336,0.1791632992348904,-1.2104852749191486e-14
261.5516540318692,-69.70290927704528,14.488910993968618,1.6057821885631065,0.18072732261482582,-8.420767129872338e-15
261.5764755826891,-69.69779643850534,14.48820739673041,1.6058747153791526,0.18228871901971344,5.262979456170211e-16
261.6012888297952,-69.69268207960246,14.487519313251612,1.6059676180047817,0.1838474636270108,-1.6315236314127656e-14
261.6260937760618,-69.68756620020356,14.486846816810512,1.6060609042818264,0.18540353162292317,-2.4209705498382972e-14
261.65089042435915,-69.68244880017535,14.486189980685388,1.6061545820906218,0.1869568982024316,5.789277401787233e-15
261.6756787775529,-69.67732987938443,14.485548878154539,1.6062486593499623,0.18850753856931843,-2.8946387008936165e-14
