galstreams/tracks/track.st.LMS-1.yuan2020.ecsv
# %ECSV 0.9
# ---
# datatype:
# - {name: ra, unit: deg, datatype: float64}
# - {name: dec, unit: deg, datatype: float64}
# - {name: distance, unit: kpc, datatype: float64}
# - {name: pm_ra_cosdec, unit: mas / yr, datatype: float64}
# - {name: pm_dec, unit: mas / yr, datatype: float64}
# - {name: radial_velocity, unit: km / s, datatype: float64}
# delimiter: ','
# meta: !!omap
# - __serialized_columns__:
#     dec:
#       __class__: astropy.coordinates.angles.Latitude
#       unit: &id001 !astropy.units.Unit {unit: deg}
#       value: !astropy.table.SerializedColumn {name: dec}
#     distance:
#       __class__: astropy.coordinates.distances.Distance
#       unit: !astropy.units.Unit {unit: kpc}
#       value: !astropy.table.SerializedColumn {name: distance}
#     pm_dec:
#       __class__: astropy.units.quantity.Quantity
#       unit: !astropy.units.Unit {unit: mas / yr}
#       value: !astropy.table.SerializedColumn {name: pm_dec}
#     pm_ra_cosdec:
#       __class__: astropy.units.quantity.Quantity
#       unit: !astropy.units.Unit {unit: mas / yr}
#       value: !astropy.table.SerializedColumn {name: pm_ra_cosdec}
#     ra:
#       __class__: astropy.coordinates.angles.Longitude
#       unit: *id001
#       value: !astropy.table.SerializedColumn {name: ra}
#       wrap_angle: !astropy.coordinates.Angle
#         unit: *id001
#         value: 360.0
#     radial_velocity:
#       __class__: astropy.units.quantity.Quantity
#       unit: !astropy.units.Unit {unit: km / s}
#       value: !astropy.table.SerializedColumn {name: radial_velocity}
# schema: astropy-2.0
ra,dec,distance,pm_ra_cosdec,pm_dec,radial_velocity
[from data line 13129]
281.32746695618897,17.098600628392177,18.5613042269455,1.023034647233579,-2.831412642067553,-195.42974772434619
281.336850273766,17.092958958371494,18.561615218488573,1.0230334612728262,-2.8319295311199366,-195.43736655892985
281.34623266043656,17.08731649831899,18.56192620943445,1.0230321931567348,-2.8324464522847217,-195.44497058844428
281.3556141163275,17.08167324881747,18.562237199613637,1.0230308429283872,-2.832963405497837,-195.45255980711653
281.364994641566,17.076029210449903,18.562548188856564,1.0230294106309188,-2.8334803906951915,-195.46013420917117
281.3743742362793,17.070384383799258,18.562859176993523,1.0230278963075206,-2.8339974078126895,-195.4676937888315
281.383752900595,17.064738769448645,18.56317016385469,1.0230263000014312,-2.834514456786218,-195.47523854031812
281.3931306346409,17.059092367981155,18.56348114927013,1.0230246217559418,-2.83503153755166,-195.48276845784977
281.40250743854483,17.05344517998002,18.563792133069807,1.0230228616143977,-2.8355486500448803,-195.49028353564336
281.41188331243507,17.047797206028537,18.56410311508354,1.023021019620197,-2.8360657942017387,-195.49778376791323
281.4212582564399,17.04214844671002,18.564414095141064,1.0230190958167886,-2.836582969958083,-195.5052691488722
281.4306322706881,17.03649890260792,18.564725073071973,1.0230170902476734,-2.8371001772497455,-195.51273967273082
281.44000535530836,17.030848574305697,18.56503604870576,1.0230150029564071,-2.837617416012557,-195.52019533369742
281.44937751042977,17.025197462386927,18.5653470218718,1.0230128339865932,-2.838134686182329,-195.52763612597857
281.4587487361816,17.019545567435266,18.565657992399366,1.0230105833818908,-2.8386519876948624,-195.53506204377868
281.4681190326934,17.013892890034352,18.565968960117583,1.0230082511860121,-2.839169320485954,-195.54247308129996
281.47748840009467,17.008239430768015,18.566279924855483,1.0230058374427196,-2.839686684491382,-195.54986923274282
281.48685683851545,17.002585190220042,18.56659088644199,1.0230033421958276,-2.8402040796469215,-195.55725049230543
281.4962243480859,16.996930168974384,18.5669018447059,1.023000765489207,-2.840721505888328,-195.564616854184
281.5055909289363,16.991274367614977,18.567212799475882,1.0229981073667749,-2.841238963151356,-195.5719683125725
281.51495658119717,16.985617786725896,18.56752375058052,1.0229953678725068,-2.8417564513717393,-195.5793048616631
281.52432130499926,16.979960426891264,18.567834697848255,1.0229925470504262,-2.842273970485209,-195.58662649564576
281.53368510047363,16.97430228869523,18.568145641107424,1.022989644944611,-2.842791520427481,-195.59393320870848
281.5430479677515,16.96864337272211,18.56845658018625,1.0229866615991923,-2.8433091011342593,-195.6012249950372
281.55240990696416,16.962983679556153,18.56876751491284,1.0229835970583507,-2.843826712541244,-195.60850184881537
281.5617709182434,16.957323209781812,18.569078445115178,1.022980451366324,-2.8443443545841163,-195.61576376422514
281.5711310017208,16.95166196398354,18.569389370621142,1.022977224567399,-2.8448620271985514,-195.62301073544614
281.5804901575287,16.945999942745843,18.56970029125848,1.0229739167059149,-2.8453797303202135,-195.63024275665592
281.58984838579926,16.940337146653345,18.570011206854858,1.0229705278262644,-2.8458974638847514,-195.63745982203005
281.59920568666496,16.934673576290706,18.57032211723778,1.022967057972894,-2.8464152278278094,-195.64466192574204
281.60856206025846,16.929009232242677,18.57063302223466,1.0229635071903018,-2.84693302208502,-195.6518490619634
281.6179175067128,16.92334411509405,18.570943921672804,1.0229598755230347,-2.8474508465920003,-195.65902122486372
281.627272026161,16.917678225429714,18.57125481537938,1.0229561630157016,-2.847968701284362,-195.66617840861008
281.63662561873633,16.912011563834625,18.571565703181466,1.0229523697129506,-2.848486586097702,-195.67332060736777
281.6459782845726,16.906344130893764,18.571876584905993,1.0229484956594967,-2.849004500967609,-195.68044781530008
281.65533002380334,16.900675927192264,18.572187460379805,1.0229445409000988,-2.849522445829661,-195.68756002656812
281.6646808365627,16.89500695331523,18.572498329429607,1.022940505479569,-2.8500404206194245,-195.6946572353309
281.67403072298475,16.88933720984791,18.572809191882012,1.022936389442774,-2.8505584252724567,-195.7017394357458
281.683379683204,16.883666697375595,18.573120047563503,1.0229321928346333,-2.8510764597242986,-195.70880662196728
281.692727717355,16.87799541648362,18.573430896300437,1.0229279157001192,-2.851594523910489,-195.7158587881485
281.7020748255727,16.872323367757446,18.57374173791907,1.0229235580842548,-2.85211261776655,-195.72289592844015
281.7114210079921,16.866650551782552,18.574052572245552,1.0229191200321184,-2.8526307412279963,-195.72991803699125
281.7207662647485,16.8609769691445,18.57436339910589,1.022914601588839,-2.8531488942303285,-195.73692510794822
281.73011059597735,16.85530262042891,18.574674218325992,1.0229100027996014,-2.85366707670904,-195.74391713545575
281.7394540018143,16.84962750622149,18.574985029731643,1.022905323709637,-2.8541852885996115,-195.75089411365644
281.74879648239533,16.843951627108048,18.57529583314852,1.022900564364236,-2.854703529837513,-195.7578560366908
281.7581380378566,16.83827498367436,18.575606628402177,1.0228957248087407,-2.8552218003582066,-195.7648028986972
281.7674786683343,16.832597576506384,18.575917415318052,1.022890805088543,-2.85574010009714,-195.77173469381216
281.7768183739652,16.826919406190054,18.576228193721477,1.0228858052490917,-2.856258428989752,-195.77865141616965
281.786157154886,16.821240473311423,18.576538963437653,1.0228807253358843,-2.856776786971471,-195.78555305990218
281.79549501123347,16.81556077845662,18.57684972429167,1.0228755653944734,-2.8572951739777137,-195.7924396191397
281.8048319431451,16.809880322211797,18.577160476108507,1.0228703254704663,-2.8578135899438895,-195.7993110880105
281.8141679507581,16.804199105163224,18.57747121871302,1.022865005609519,-2.8583320348053913,-195.8061674606404
281.82350303421015,16.798517127897178,18.577781951929953,1.022859605857344,-2.858850508497609,-195.81300873115345
281.83283719363914,16.79283439100009,18.578092675583935,1.022854126259705,-2.8593690109559127,-195.81983489367127
281.84217042918306,16.78715089505836,18.578403389499478,1.0228485668624192,-2.859887542115671,-195.82664594231406
281.85150274098015,16.781466640658525,18.57871409350097,1.0228429277113562,-2.8604061019122358,-195.8334418711992
281.8608341291689,16.775781628387193,18.579024787412678,1.0228372088524402,-2.8609246902809518,-195.84022267444243
281.87016459388803,16.77009585883098,18.579335471058783,1.0228314103316445,-2.8614433071571517,-195.84698834615736
281.8794941352764,16.764409332576637,18.579646144263325,1.0228255321950006,-2.8619619524761553,-195.85373888045564
281.88882275347316,16.758722050210917,18.579956806850216,1.0228195744885904,-2.86248062617328,-195.86047427144638
281.89815044861757,16.753034012320693,18.580267458643288,1.0228135372585474,-2.862999328183822,-195.86719451323714
281.90747722084916,16.74734521949291,18.58057809946623,1.0228074205510604,-2.863518058443071,-195.87389959993325
281.91680307030776,16.74165567231451,18.58088872914261,1.0228012244123703,-2.864036816886312,-195.8805895256377
281.92612799713334,16.735965371372597,18.5811993474959,1.0227949488887735,-2.86455560344881,-195.8872642844517
281.935452001466,16.73027431725426,18.581509954349443,1.0227885940266144,-2.86507441806583,-195.89392387047448
281.9447750834462,16.724582510546703,18.58182054952647,1.0227821598722964,-2.8655932606726138,-195.90056827780276
281.95409724321445,16.718889951837202,18.582131132850083,1.022775646472271,-2.866112131204403,-195.90719750053165
281.96341848091157,16.71319664171305,18.582441704143296,1.0227690538730447,-2.866631029596425,-195.91381153275384
281.97273879667864,16.70750258076168,18.58275226322897,1.0227623821211775,-2.867149955783896,-195.9204103685601
281.9820581906569,16.701807769570507,18.58306280992987,1.0227556312632862,-2.8676689097020245,-195.92699400203904
281.99137666298776,16.696112208727108,18.58337334406865,1.0227488013460326,-2.868187891286003,-195.93356242727737
282.0006942138129,16.690415898819026,18.58368386546784,1.0227418924161367,-2.868706900471022,-195.94011563835963
282.01001084327413,16.684718840433938,18.583994373949842,1.0227349045203733,-2.8692259371922537,-195.94665362936792
282.01932655151364,16.679021034159618,18.584304869336943,1.0227278377055682,-2.869745001384862,-195.9531763943831
282.02864133867365,16.67332248058379,18.58461535145134,1.022720692018599,-2.870264092984004,-195.95968392748298
282.03795520489666,16.66762318029437,18.584925820115092,1.0227134675063985,-2.8707832119248193,-195.966176222744
282.0472681503255,16.661923133879245,18.58523627515013,1.0227061642159554,-2.871302358142447,-195.97265327424012
282.056580175103,16.656222341926433,18.585546716378296,1.0226987821943039,-2.8718215315720057,-195.97911507604346
282.0658912793723,16.65052080502402,18.585857143621286,1.0226913214885416,-2.872340732148607,-195.985561622224
282.0752014632768,16.64481852376008,18.586167556700712,1.0226837821458097,-2.872859959807358,-195.9919929068495
282.08451072696005,16.639115498722845,18.586477955438035,1.0226761642133102,-2.873379214483345,-195.9984089239858
282.0938190705658,16.633411730500562,18.586788339654618,1.022668467738294,-2.8738984961116536,-196.00480966769646
282.103126494238,16.62770721968158,18.587098709171705,1.0226606927680677,-2.874417804627352,-196.01119513204355
282.112432998121,16.622001966854242,18.587409063810426,1.0226528393499912,-2.8749371399655024,-196.01756531108595
282.1217385823591,16.616295972607055,18.587719403391784,1.0226449075314745,-2.8754565020611524,-196.02392019888148
282.13104324709695,16.610589237528547,18.588029727736675,1.0226368973599878,-2.8759758908493436,-196.03025978948543
282.1403469924794,16.604881762207278,18.588340036665862,1.0226288088830475,-2.876495306265106,-196.03658407695102
282.1496498186515,16.599173547231935,18.588650330000014,1.0226206421482271,-2.877014748243456,-196.0428930553295
282.1589517257584,16.59346459319123,18.58896060755967,1.0226123972031533,-2.8775342167194027,-196.04918671867003
282.16825271394566,16.587754900673946,18.589270869165247,1.0226040740955054,-2.878053711627946,-196.0554650610195
282.17755278335903,16.582044470268972,18.589581114637053,1.022595672873018,-2.8785732329040723,-196.06172807642292
282.1868519341443,16.5763333025652,18.589891343795276,1.0225871935834778,-2.87909278048276,-196.06797575892298
282.19615016644747,16.570621398151637,18.59020155645999,1.022578636274724,-2.879612354298975,-196.07420810256065
282.2054474804151,16.56490875761732,18.590511752451143,1.0225700009946526,-2.8801319542876755,-196.08042510137443
282.2147438761935,16.559195381551394,18.59082193158858,1.0225612877912087,-2.880651580383807,-196.086626749401
282.2240393539295,16.553481270543028,18.591132093692007,1.0225524967123962,-2.881171232522305,-196.0928130406747
282.2333339137701,16.54776642518147,18.59144223858104,1.0225436278062676,-2.8816909106380972,-196.09898396922813
282.2426275558623,16.542050846056064,18.59175236607515,1.0225346811209333,-2.8822106146660973,-196.10513952909136
282.2519202803536,16.536334533756172,18.592062475993714,1.0225256567045522,-2.882730344541211,-196.11127971429283
282.2612120873914,16.53061748887125,18.592372568155973,1.0225165546053423,-2.8832501001983335,-196.11740451885854
282.2705029771237,16.524899711990805,18.592682642381064,1.0225073748715723,-2.8837698815723507,-196.12351393681257
282.2797929496984,16.519181203704424,18.592992698488008,1.0224981175515655,-2.8842896885981357,-196.12960796217686
282.28908200526365,16.513461964601767,18.59330273629569,1.0224887826936986,-2.884809521210549,-196.1356865889712
282.298370143968,16.507741995272518,18.59361275562289,1.0224793703464017,-2.8853293793444506,-196.1417498112133
282.30765736595987,16.502021296306488,18.593922756288276,1.0224698805581571,-2.8858492629346792,-196.14779762291894
282.31694367138834,16.496299868293484,18.594232738110392,1.0224603133775048,-2.886369171916072,-196.15383001810176
282.3262290604023,16.490577711823434,18.594542700907663,1.0224506688530361,-2.886889106223448,-196.159846990773
282.33551353315096,16.48485482748629,18.5948526444984,1.0224409470333946,-2.8874090657916227,-196.16584853494226
282.344797089784,16.47913121587212,18.595162568700786,1.0224311479672819,-2.8879290505553983,-196.1718346446167
282.35407973045085,16.47340687757102,18.595472473332894,1.0224212717034487,-2.888449060449565,-196.17780531380157
282.3633614553015,16.46768181317314,18.5957823582127,1.0224113182907022,-2.888969095408906,-196.18376053650002
282.3726422644861,16.461956023268733,18.596092223158017,1.0224012877779045,-2.889489155368193,-196.1897003067128
282.38192215815496,16.45622950844807,18.596402067986578,1.0223911802139676,-2.890009240262189,-196.1956246184392
282.39120113645845,16.450502269301534,18.596711892515984,1.0223809956478602,-2.890529350025643,-196.20153346567568
282.4004791995474,16.444774306419568,18.597021696563722,1.0223707341286061,-2.8910494845932977,-196.2074268424171
282.4097563475728,16.43904562039263,18.59733147994715,1.02236039570528,-2.8915696438998837,-196.21330474265613
282.4190325806856,16.433316211811302,18.59764124248353,1.02234998042701,-2.8920898278801204,-196.21916716038314
282.42830789903735,16.427586081266195,18.597950983989982,1.0223394883429828,-2.8926100364687195,-196.22501408958664
282.4375823027795,16.421855229348008,18.598260704283522,1.0223289195024332,-2.893130269600382,-196.23084552425289
282.44685579206384,16.41612365664747,18.598570403181043,1.0223182739546568,-2.8936505272097977,-196.23666145836629
282.4561283670424,16.410391363755416,18.598880080499338,1.0223075517489955,-2.8941708092316456,-196.24246188590874
282.46540002786736,16.404658351262736,18.59918973605505,1.0222967529348521,-2.894691115600596,-196.24824680086024
282.4746707746911,16.39892461976035,18.599499369664716,1.0222858775616772,-2.89521144625131,-196.25401619719887
282.4839406076661,16.393190169839286,18.599808981144772,1.0222749256789792,-2.8957318011184356,-196.25977006890045
282.49320952694535,16.387455002090604,18.600118570311523,1.0222638973363187,-2.896252180136613,-196.26550840993866
282.5024775326819,16.381719117105447,18.600428136981147,1.022252792583315,-2.8967725832404696,-196.2712312142849
282.5117446250288,16.375982515475037,18.600737680969715,1.0222416114696355,-2.897293010364626,-196.27693847590893
282.5210108041397,16.370245197790606,18.601047202093184,1.0222303540450037,-2.897813461443693,-196.28263018877806
282.53027607016804,16.364507164643523,18.601356700167386,1.0222190203591972,-2.8983339364122633,-196.28830634685772
282.53954042326785,16.358768416625146,18.60166617500803,1.0222076104620494,-2.8988544352049344,-196.2939669441108
282.5488038635931,16.35302895432697,18.601975626430708,1.0221961244034459,-2.8993749577562786,-196.29961197449882
282.5580663912981,16.347288778340488,18.602285054250917,1.0221845622333245,-2.899895504000866,-196.30524143198042
282.56732800653737,16.34154788925731,18.602594458284,1.0221729240016835,-2.900416073873256,-196.31085531051272
282.57658870946557,16.33580628766908,18.602903838345203,1.02216120975857,-2.9009366673079953,-196.31645360405025
282.58584850023766,16.330063974167505,18.603213194249644,1.0221494195540857,-2.901457284239624,-196.32203630654595
282.5951073790086,16.324320949344397,18.60352252581234,1.0221375534383887,-2.901977924602668,-196.32760341195032
282.60436534593384,16.31857721379155,18.603831832848165,1.022125611461689,-2.902498588331649,-196.3331549142118
282.6136224011689,16.312832768100897,18.60414111517189,1.0221135936742556,-2.903019275361073,-196.33869080727652
282.6228785448694,16.307087612864425,18.604450372598173,1.0221015001264024,-2.9035399856254354,-196.3442110850892
