galstreams/tracks/track.st.NGC3201.ibata2021.ecsv
# %ECSV 1.0
# ---
# datatype:
# - {name: ra, unit: deg, datatype: float64}
# - {name: dec, unit: deg, datatype: float64}
# - {name: distance, unit: kpc, datatype: float64}
# - {name: pm_ra_cosdec, unit: mas / yr, datatype: float64}
# - {name: pm_dec, unit: mas / yr, datatype: float64}
# - {name: radial_velocity, unit: km / s, datatype: float64}
# delimiter: ','
# meta: !!omap
# - __serialized_columns__:
#     dec:
#       __class__: astropy.coordinates.angles.Latitude
#       unit: &id001 !astropy.units.Unit {unit: deg}
#       value: !astropy.table.SerializedColumn {name: dec}
#     distance:
#       __class__: astropy.coordinates.distances.Distance
#       unit: !astropy.units.Unit {unit: kpc}
#       value: !astropy.table.SerializedColumn {name: distance}
#     pm_dec:
#       __class__: astropy.units.quantity.Quantity
#       unit: !astropy.units.Unit {unit: mas / yr}
#       value: !astropy.table.SerializedColumn {name: pm_dec}
#     pm_ra_cosdec:
#       __class__: astropy.units.quantity.Quantity
#       unit: !astropy.units.Unit {unit: mas / yr}
#       value: !astropy.table.SerializedColumn {name: pm_ra_cosdec}
#     ra:
#       __class__: astropy.coordinates.angles.Longitude
#       unit: *id001
#       value: !astropy.table.SerializedColumn {name: ra}
#       wrap_angle: !astropy.coordinates.Angle
#         unit: *id001
#         value: 360.0
#     radial_velocity:
#       __class__: astropy.units.quantity.Quantity
#       unit: !astropy.units.Unit {unit: km / s}
#       value: !astropy.table.SerializedColumn {name: radial_velocity}
# schema: astropy-2.0
ra,dec,distance,pm_ra_cosdec,pm_dec,radial_velocity
[from data line 142]
149.0039821756295,-45.639569935347275,4.990902305136348,7.317683890764397,-2.9443233460406977,-26.352066693818756
149.01832000839462,-45.64108314564206,4.988682744828291,7.329002348294334,-2.9407404791776197,-22.950500095683406
149.03265602357405,-45.64260045845972,4.986470815300252,7.340262682947031,-2.9371636156237995,-19.561117875842484
149.04699022987012,-45.64412186261692,4.984266508919985,7.3514649958072695,-2.9335927616418624,-16.183902115658398
149.0613226359739,-45.64564734692682,4.9820698180552405,7.3626093879512045,-2.9300279234158886,-12.818834896494078
149.07565325056538,-45.64717690019909,4.979880735073772,7.37369596044631,-2.926469107051491,-9.465898299713094
149.08998208231316,-45.64871051123987,4.977699252343333,7.384724814351384,-2.9229163185758935,-6.12507440667799
149.10430913987466,-45.65024816885187,4.975525362231676,7.395696050716506,-2.9193695639380284,-2.796345298752388
149.11863443189628,-45.65178986183429,4.973359057106553,7.406609770583039,-2.9158288490085917,0.5203069427016046
149.13295796701294,-45.65333557898284,4.971200329335715,7.417466074983575,-2.9122941795801616,3.8249002363200573
149.14727975384852,-45.65488530908977,4.969049171286915,7.42826506494193,-2.9087655613672503,7.117452500740344
149.16159980101554,-45.656439040943845,4.966905575327906,7.439006841473119,-2.905243000006405,10.397981654599656
149.17591811711551,-45.657996763330374,4.964769533826443,7.449691505583328,-2.9017265010562685,13.666505616534673
149.19023471073848,-45.65955846503116,4.962641039150275,7.460319158269892,-2.8982160699976904,16.923042305182197
149.20454959046367,-45.661124134824654,4.960520083667154,7.470889900521293,-2.894711712233759,20.167609639179656
149.21886276485884,-45.662693761485755,4.958406659744836,7.481403833317087,-2.8912134330899337,23.400225537163927
149.2331742424806,-45.664267333785936,4.956300759751071,7.491861057627931,-2.887721237814096,26.620907917771554
149.24748403187445,-45.66584484049325,4.954202376053612,7.502261674415534,-2.884235131576636,29.829674699639757
149.2617921415747,-45.66742627037225,4.952111501020211,7.5126057846326475,-2.8807551194705248,33.02654380140585
149.2760985801043,-45.669011612184114,4.950028127018623,7.5228934892230175,-2.877281206511414,36.21153314170616
149.29040335597546,-45.6706008546866,4.947952246416598,7.533124889121401,-2.8738133976376683,39.384660639178314
149.30470647768882,-45.672193986633964,4.945883851581887,7.543300085253515,-2.870351697710502,42.545944212459034
149.31900795373403,-45.6737909967771,4.943822934882247,7.5534191785360045,-2.866896111514028,45.6954017801849
149.33330779258952,-45.67539187386344,4.941769488685426,7.563482269876453,-2.8634466437553248,48.833051260993656
149.3476060027226,-45.67699660663704,4.93972350535918,7.573489460173321,-2.860003299064527,51.958910573521564
149.36190259258944,-45.678605183838506,4.937684977271259,7.5834408503159665,-2.856566081994921,55.07299763640595
149.3761975706351,-45.680217594205075,4.935653896789417,7.593336541184579,-2.8531349970229662,58.17533036828366
149.39049094529338,-45.68183382647056,4.933630256281407,7.603176633650181,-2.849710048548437,61.26592668779177
149.4047827249871,-45.68345386936539,4.931614048114979,7.612961228574605,-2.84629124089446,64.3448045135674
149.41907291812774,-45.685077711616564,4.929605264657888,7.622690426810455,-2.842878578307597,67.41198176424699
149.43336153311583,-45.686705341947736,4.9276038982778845,7.632364329201103,-2.8394720649579255,70.46747635846795
149.4476485783406,-45.688336749079134,4.925609941342723,7.641983036580649,-2.8360717049391173,73.51130621486742
149.46193406218043,-45.68997192172765,4.923623386220154,7.651546649773911,-2.8326775022684845,76.54348925208184
149.4762179930023,-45.69161084860677,4.921644225277932,7.661055269596396,-2.8292894608870967,79.56404338874871
149.4905003791622,-45.693253518426594,4.919672450883806,7.670508996854273,-2.8259075846598414,82.57298654350447
149.50478122900498,-45.694899919893885,4.917708055405535,7.679907932344353,-2.8225318773754684,85.5703366349868
149.51906055086434,-45.69655004171202,4.915751031210864,7.689252176854078,-2.819162342746712,88.55611158183173
149.5333383530629,-45.698203872581004,4.91380137066755,7.698541831161469,-2.8157989844103275,91.53032930267689
149.54761464391225,-45.699861401197545,4.911859066143345,7.707776996035152,-2.8124418059271687,94.49300771615935
149.56188943171279,-45.701522616254934,4.909924110006,7.716957772234273,-2.8090908107822865,97.44416474091568
149.5761627247538,-45.70318750644313,4.907996494623269,7.726084260508519,-2.8057460023849776,100.3838182955831
149.59043453131355,-45.70485606044877,4.906076212362904,7.735156561598089,-2.802407384068855,103.31198629879837
149.60470485965917,-45.706528266955125,4.904163255592657,7.744174776233652,-2.799074959091941,106.22868666919894
149.61897371804653,-45.70820411464212,4.90225761668028,7.753139005136343,-2.7957487306367286,109.1339373254209
149.63324111472082,-45.70988359218642,4.900359287993528,7.76204934901774,-2.7924287018102225,112.02775618610201
149.6475070579158,-45.71156668826129,4.898468261900151,7.770905908579829,-2.789114875644074,114.91016116987905
149.66177155585422,-45.7132533915367,4.896584530767902,7.779708784514979,-2.785807255094595,117.78117019538874
149.67603461674784,-45.714943690679284,4.894708086964535,7.788458077505944,-2.7825058430428644,120.64080118126843
149.69029624879727,-45.71663757435238,4.8928389228578,7.797153888225806,-2.779210642294765,123.48907204615502
149.70455646019195,-45.718335031216,4.89097703081545,7.805796317337977,-2.775921655581099,126.32600070868517
149.71881525911058,-45.72003604992688,4.889122403205241,7.814385465496171,-2.7726388855575985,129.15160508749642
149.7330726537204,-45.721740619138416,4.887275032394921,7.822921433344378,-2.7693623348050576,131.96590310122474
149.74732865217786,-45.72344872750073,4.885434910752245,7.831404321516828,-2.7660920058293548,134.76891266850836
149.76158326262816,-45.72516036366062,4.883602030644965,7.839834230638001,-2.7628279010615464,137.5606517079834
149.7758364932056,-45.72687551626164,4.881776384440832,7.848211261322577,-2.75957002285793,140.34113813828705
149.7900883520332,-45.728594173944,4.879957964507601,7.856535514175405,-2.7563183735001062,143.11038987805648
149.80433884722322,-45.73031632534469,4.878146763213023,7.864807089791524,-2.7530729551950475,145.8684248459282
149.8185879868767,-45.73204195909739,4.8763427729248505,7.873026088756086,-2.749833770075173,148.6152609605396
149.8328357790836,-45.7337710638325,4.874545986010835,7.881192611644382,-2.7466008201984167,151.35091614052766
149.8470822319229,-45.73550362817715,4.872756394838732,7.8893067590217685,-2.7433741075482887,154.07540830452916
149.8613273534625,-45.73723964075522,4.8709739917762915,7.8973686314436975,-2.7401536340339447,156.78875537118103
149.8755711517592,-45.73897909018729,4.869198769191266,7.905378329455653,-2.736939401490261,159.4909752591204
149.88981363485897,-45.74072196509076,4.86743071945141,7.913335953593145,-2.7337314116778635,162.18208588698405
149.90405481079648,-45.74246825407972,4.865669834924474,7.9212416043817,-2.7305296662832523,164.8621051734093
149.91829468759556,-45.744217945765,4.863916107978211,7.929095382336793,-2.7273341669188227,167.53105103703294
149.93253327326886,-45.74597102875421,4.862169530980374,7.936897387963878,-2.724144915122956,170.18894139649177
149.94677057581808,-45.74772749165171,4.860430096298716,7.9446477217583364,-2.7209619123600683,172.83579417042307
149.96100660323378,-45.74948732305861,4.858697796300988,7.9523464842054565,-2.717785160020691,175.47162727746354
149.97524136349577,-45.75125051157282,4.856972623354942,7.959993775780413,-2.714614659421505,178.09645863625033
149.98947486457254,-45.75301704578901,4.855254569828333,7.967589696948245,-2.7114504118054494,180.71030616542023
150.00370711442167,-45.75478691429858,4.853543628088912,7.975134348163836,-2.708292418341749,183.31318778361046
150.0179381209897,-45.75656010568977,4.85183979050443,7.9826278298718805,-2.705140680126007,185.90512140945788
150.0321678922122,-45.758336608547566,4.850143049442643,7.99007024250687,-2.7019951981802377,188.4861249615994
150.04639643601348,-45.76011641145372,4.8484533972713,7.9974616864930645,-2.698855973452968,191.056216358672
150.0606237603073,-45.76189950298686,4.8467708263581555,8.004802262244489,-2.6957230068192493,193.61541351931274
150.07484987299603,-45.76368587172232,4.845095329070963,8.012092070164869,-2.692596299080767,196.1637343621587
150.0890747819711,-45.76547550623226,4.843426897777473,8.019331210647653,-2.6894758509658923,198.70119680584645
150.10329849511297,-45.767268395085665,4.841765524845437,8.026519784075976,-2.686361663129733,201.22781876901334
150.1175210202911,-45.76906452684829,4.8401112026426105,8.033657890822592,-2.683253736154188,203.7436181702961
150.1317423653638,-45.77086389008271,4.838463923536743,8.040745631249932,-2.680152070548053,206.24861292833197
150.1459625381787,-45.77266647334834,4.836823679895591,8.047783105710016,-2.6770566667470104,208.74282096175784
150.16018154657212,-45.77447226520139,4.835190464086903,8.054770414544455,-2.673967525113764,211.2262601892105
150.17439939836942,-45.7762812541949,4.833564268478433,8.061707658084437,-2.670884645938053,213.69894852932714
150.18861610138507,-45.77809342887872,4.831945085437934,8.06859493665067,-2.6678080294367312,216.16090390074461
150.20283166342244,-45.77990877779955,4.830332907333158,8.075432350553395,-2.6647376757538215,218.61214422209977
150.21704609227388,-45.78172728950089,4.828727726531857,8.082220000092354,-2.661673584960588,221.05268741202974
150.23125939572097,-45.78354895252315,4.8271295354017845,8.08895798555675,-2.6586157570555624,223.48255138917165
150.245471581534,-45.78537375540351,4.82553832631069,8.095646407225255,-2.655564191964647,225.9017540721623
150.2596826574724,-45.78720168667601,4.823954091626332,8.10228536536594,-2.6525188895411542,228.31031337963864
150.27389263128464,-45.78903273487157,4.822376823716458,8.108874960236303,-2.649479849565852,230.70824723023756
150.2881015107081,-45.79086688851793,4.8208065149488215,8.115415292083217,-2.6464470717470547,233.09557354259624
150.30230930346912,-45.79270413613968,4.819243157691176,8.12190646114291,-2.6434205557206623,235.47231023535164
150.31651601728336,-45.79454446625834,4.817686744311274,8.12834856764095,-2.640400301050192,237.8384752271406
150.33072165985516,-45.79638786739221,4.816137267176866,8.134741711792213,-2.6373863072268975,240.19408643660017
150.344926238878,-45.7982343280565,4.814594718655705,8.141085993800875,-2.6343785736697845,242.53916178236727
150.35912976203434,-45.8000838367633,4.813059091115547,8.147381513860353,-2.63137709972567,244.87371918307878
150.3733322369957,-45.80193638202154,4.811530376924141,8.153628372153335,-2.628381884669259,247.19777655737187
150.3875336714225,-45.803791952337065,4.8100085684492395,8.159826668851707,-2.6253929277031878,249.51135182388356
150.40173407296442,-45.80565053621259,4.808493658058597,8.165976504116568,-2.6224102279580688,251.81446290125064
150.41593344925988,-45.807512122147735,4.806985638119965,8.172077978098189,-2.6194337844925766,254.10712770811023
150.4301318079365,-45.809376698639,4.805484501001095,8.17813119093598,-2.6164635962934897,256.389364163099
150.44432915661085,-45.811244254179776,4.80399023906974,8.184136242758484,-2.613499662275731,258.6611901848543
150.45852550288848,-45.81311477726033,4.802502844693653,8.190093233683353,-2.610541981282461,260.92262369201296
150.4727208543639,-45.814988256367876,4.801022310240588,8.196002263817316,-2.607590552085105,263.1736826032119
150.48691521862096,-45.81686467998654,4.799548628078293,8.201863433256166,-2.6046453733833896,265.4143848370881
150.50110860323224,-45.81874403659733,4.798081790574525,8.207676842084721,-2.601706443805445,267.6447483122787
150.51530101575938,-45.82062631467816,4.796621790097035,8.213442590376822,-2.598773761907853,269.8647909474203
150.52949246375306,-45.82251150270389,4.795168619013575,8.219160778195286,-2.59584732617565,272.07453066115045
150.54368295475305,-45.82439958914629,4.793722269691896,8.224831505591904,-2.592927135022445,274.27398537210547
150.557872496288,-45.82629056247404,4.7922827344997545,8.230454872607407,-2.590013186790439,276.4631729989229
150.57206109587582,-45.828184411152826,4.7908500058048995,8.236030979271453,-2.5871054797504742,278.64211146023933
150.58624876102323,-45.83008112364516,4.789424075975085,8.24155992560258,-2.5842040121021084,280.81081867469186
150.60043549922602,-45.83198068841057,4.788004937378065,8.247041811608215,-2.581308781973661,282.96931256091744
150.6146213179691,-45.83388309390548,4.786592582381589,8.252476737284622,-2.5784197874222707,285.11761103755316
150.62880622472625,-45.8357883285833,4.78518700335341,8.2578648026169,-2.5755370264339223,287.25573202323585
150.64299022696034,-45.837696380894336,4.78378819266128,8.263206107578949,-2.572660496923545,289.38369343660264
150.65717333212345,-45.83960723928592,4.782396142672955,8.268500752133438,-2.5697901967349983,291.5015131962904
150.67135554765645,-45.841520892202276,4.781010845756184,8.273748836231805,-2.5669261236412106,293.60920922093584
150.68553688098928,-45.84343732808462,4.779632294278723,8.27895045981423,-2.5640682753441624,295.70679942917644
150.69971733954097,-45.84535653537113,4.778260480608318,8.284105722809574,-2.5612166494749475,297.794301739649
150.71389693071953,-45.84727850249693,4.776895397112729,8.289214725135409,-2.558371243593866,299.8717340709902
150.72807566192193,-45.849203217894136,4.775537036159703,8.294277566697968,-2.555532055190441,301.9391143418373
150.74225354053448,-45.85113066999186,4.774185390116997,8.29929434739211,-2.552699081683434,303.99646047082734
150.7564305739321,-45.85306084721616,4.7728404513523595,8.304265167101327,-2.5498723204209943,306.043790376597
150.770606769479,-45.85499373799008,4.771502212233545,8.309190125697693,-2.547051768680615,308.0811219777836
150.78478213452834,-45.85692933073366,4.770170665128305,8.31406932304186,-2.544237423669232,310.1084731930238
150.79895667642234,-45.85886761386394,4.768845802404394,8.318902858983009,-2.5414292825232554,312.12586194095485
150.81313040249205,-45.86080857579493,4.767527616429562,8.323690833358874,-2.5386273423086463,314.1333061402134
150.82730332005798,-45.86275220493767,4.766216099571562,8.328433345995666,-2.5358316000209076,316.1308237094366
150.84147543642925,-45.864698489700174,4.7649112441981485,8.333130496708078,-2.5330420525851984,318.1184325672615
150.85564675890424,-45.866647418487474,4.763613042677072,8.33778238529925,-2.5302586968563423,320.09615063232496
150.86981729477023,-45.868598979701616,4.762321487376085,8.342389111560768,-2.527481529618906,322.0639958232641
150.8839870513036,-45.87055316174163,4.761036570662942,8.34695077527261,-2.524710547587218,324.0219860587157
150.89815603576972,-45.87250995300363,4.759758284905393,8.351467476203137,-2.5219457474054234,325.97013925731693
150.9123242554229,-45.87446934188064,4.758486622471192,8.355939314109072,-2.5191871256475613,327.9084733377044
150.92649171750676,-45.87643131676285,4.75722157572809,8.360366388735482,-2.5164346788175473,329.83700621851546
150.9406584292537,-45.87839586603735,4.755963137043841,8.364748799815732,-2.5136884033493088,331.7557558183871
150.9548243978852,-45.88036297808834,4.754711298786197,8.36908664707148,-2.510948295606755,333.66474005595603
150.96898963061176,-45.88233264129702,4.75346605332291,8.373380030212651,-2.5082143518838764,335.5639768498592
150.9831541346329,-45.88430484404165,4.752227393021733,8.377629048937408,-2.5054865684047565,337.45348411873397
150.99731791713714,-45.8862795746975,4.7509953102504205,8.381833802932134,-2.5027649413236386,339.3332797812169
151.0114809853022,-45.88825682163692,4.749769797376722,8.385994391871414,-2.500049466724958,341.2033817559451
