galstreams/tracks/track.st.Orphan-Chenab.koposov2019.ecsv
# %ECSV 1.0
# ---
# datatype:
# - {name: ra, unit: deg, datatype: float64}
# - {name: dec, unit: deg, datatype: float64}
# - {name: distance, unit: kpc, datatype: float64}
# - {name: pm_ra_cosdec, unit: mas / yr, datatype: float64}
# - {name: pm_dec, unit: mas / yr, datatype: float64}
# - {name: radial_velocity, unit: km / s, datatype: float64}
# delimiter: ','
# meta: !!omap
# - __serialized_columns__:
#     dec:
#       __class__: astropy.coordinates.angles.Latitude
#       unit: &id001 !astropy.units.Unit {unit: deg}
#       value: !astropy.table.SerializedColumn {name: dec}
#     distance:
#       __class__: astropy.coordinates.distances.Distance
#       unit: !astropy.units.Unit {unit: kpc}
#       value: !astropy.table.SerializedColumn {name: distance}
#     pm_dec:
#       __class__: astropy.units.quantity.Quantity
#       unit: !astropy.units.Unit {unit: mas / yr}
#       value: !astropy.table.SerializedColumn {name: pm_dec}
#     pm_ra_cosdec:
#       __class__: astropy.units.quantity.Quantity
#       unit: !astropy.units.Unit {unit: mas / yr}
#       value: !astropy.table.SerializedColumn {name: pm_ra_cosdec}
#     ra:
#       __class__: astropy.coordinates.angles.Longitude
#       unit: *id001
#       value: !astropy.table.SerializedColumn {name: ra}
#       wrap_angle: !astropy.coordinates.Angle
#         unit: *id001
#         value: 360.0
#     radial_velocity:
#       __class__: astropy.units.quantity.Quantity
#       unit: !astropy.units.Unit {unit: km / s}
#       value: !astropy.table.SerializedColumn {name: radial_velocity}
# schema: astropy-2.0
ra,dec,distance,pm_ra_cosdec,pm_dec,radial_velocity
354.58377021949207,-59.757793890465315,23.37323091509352,-0.45069362483142983,-1.7861068735143206,-3.368306851948935e-14
354.60371360799894,-59.757003260227265,23.38159870045787,-0.4481843645136466,-1.7850814162141877,-5.0524602779234026e-14
354.6236560427034,-59.756213451906525,23.389966404006543,-0.445681748565577,-1.784056453932425,-1.0104920555846805e-13
354.6435975269425,-59.75542446572111,23.398334025739544,-0.44318577578569407,-1.7830319924705302,-3.368306851948935e-14
354.66353806405317,-59.75463630188775,23.40670156565687,-0.440696444969336,-1.782008037628246,-5.0524602779234026e-14
354.6834776573721,-59.75384896062205,23.41506902375852,-0.4382137549087145,-1.7809845952035601,-3.368306851948935e-14
354.7034163102356,-59.7530624421384,23.423436400044498,-0.43573770439291415,-1.779961670992705,-6.73661370389787e-14
354.72335402598,-59.75227674665003,23.431803694514798,-0.4332682922078817,-1.7789392707901635,-6.73661370389787e-14
354.74329080794126,-59.75149187436896,23.440170907169428,-0.43080551713644655,-1.7779174003886653,-3.368306851948935e-14
354.7632266594551,-59.750707825506005,23.448538038008376,-0.42834937795830785,-1.7768960655791908,-8.420767129872338e-14
354.78316158385707,-59.74992460027082,23.456905087031654,-0.4258998734500413,-1.7758752721509703,-5.0524602779234026e-14
354.8030955844824,-59.749142198871866,23.46527205423926,-0.42345700238509837,-1.7748550258914886,-3.368306851948935e-14
354.82302866466614,-59.748360621516404,23.47363893963119,-0.421020763533806,-1.7738353325864848,-1.6841534259744676e-14
354.84296082774324,-59.74757986841051,23.48200574320745,-0.41859115566336946,-1.7728161980199526,-3.368306851948935e-14
354.8628920770482,-59.74679993975908,23.490372464968026,-0.4161681775378762,-1.7717976279741408,-1.6841534259744676e-14
354.88282241591537,-59.74602083576581,23.49873910491293,-0.41375182791828774,-1.7707796282295576,-3.368306851948935e-14
354.9027518476789,-59.74524255663323,23.50710566304216,-0.41134210556245204,-1.76976220456497,-8.420767129872338e-14
354.92268037567266,-59.74446510256267,23.51547213935572,-0.4089390092250985,-1.7687453627574041,-3.368306851948935e-14
354.9426080032304,-59.74368847375427,23.523838533853606,-0.40654253765783144,-1.7677291085821496,-1.6841534259744676e-14
354.9625347336856,-59.74291267040696,23.532204846535816,-0.40415268960914785,-1.7667134478127593,-6.73661370389787e-14
354.98246057037125,-59.742137692718536,23.540571077402348,-0.4017694638244289,-1.7656983862210476,-8.420767129872338e-14
355.0023855166204,-59.74136354088558,23.548937226453205,-0.39939285904593724,-1.7646839295770964,-3.368306851948935e-14
355.0223095757658,-59.74059021510346,23.557303293688395,-0.3970228740128247,-1.7636700836492536,-6.73661370389787e-14
355.0422327511398,-59.739817715566396,23.565669279107908,-0.394659507461132,-1.7626568542041354,-6.73661370389787e-14
355.0621550460748,-59.739046042467436,23.574035182711743,-0.39230275812378546,-1.7616442470066276,-5.0524602779234026e-14
355.0820764639026,-59.73827519599837,23.58240100449991,-0.3899526247306042,-1.7606322678198836,-6.73661370389787e-14
355.1019970079551,-59.73750517634988,23.590766744472393,-0.38760910600829446,-1.759620922405335,-3.368306851948935e-14
355.1219166815637,-59.736735983711405,23.599132402629216,-0.38527220068045653,-1.7586102165226802,-8.420767129872338e-14
355.1418354880596,-59.735967618271246,23.607497978970347,-0.382941907467585,-1.7576001559298948,-3.368306851948935e-14
355.1617534307741,-59.735200080216494,23.615863473495818,-0.3806182250870586,-1.7565907463832302,-6.73661370389787e-14
355.1816705130377,-59.734433369733026,23.624228886205604,-0.3783011522531621,-1.7555819936372128,-1.0104920555846805e-13
355.20158673818105,-59.73366748700561,23.632594217099726,-0.3759906876770672,-1.75457390344465,-1.6841534259744676e-14
355.22150210953436,-59.732902432217735,23.640959466178163,-0.37368683006684655,-1.7535664815566272,-6.73661370389787e-14
355.24141663042764,-59.73213820555178,23.64932463344094,-0.3713895781274675,-1.752559733722508,-5.0524602779234026e-14
355.2613303041907,-59.7313748071889,23.657689718888033,-0.36909893056079524,-1.7515536656899435,-6.73661370389787e-14
355.28124313415316,-59.73061223730909,23.666054722519455,-0.3668148860655942,-1.750548283204865,-6.73661370389787e-14
355.30115512364415,-59.72985049609113,23.67441964433519,-0.36453744333752824,-1.7495435920114875,-1.0104920555846805e-13
355.3210662759927,-59.72908958371266,23.68278448433527,-0.36226660106916375,-1.7485395978523117,-3.368306851948935e-14
355.3409765945276,-59.728329500350085,23.691149242519664,-0.3600023579499651,-1.7475363064681284,-5.0524602779234026e-14
355.36088608257745,-59.72757024617866,23.69951391888839,-0.3577447126663017,-1.7465337235980138,-5.0524602779234026e-14
355.3807947434703,-59.72681182137244,23.70787851344144,-0.3554936639014486,-1.7455318549793337,-3.368306851948935e-14
355.4007025805344,-59.72605422610432,23.716243026178805,-0.35324921033557466,-1.7445307063477489,-5.0524602779234026e-14
355.42060959709744,-59.725297460545974,23.724607457100504,-0.3510113506457656,-1.7435302834372064,0.0
355.44051579648686,-59.72454152486791,23.73297180620653,-0.34878008350600753,-1.7425305919799512,-1.0104920555846805e-13
355.46042118202996,-59.723786419239495,23.74133607349688,-0.346555407587193,-1.7415316377065202,-3.368306851948935e-14
355.4803257570536,-59.723032143828824,23.749700258971558,-0.3443373215571254,-1.7405334263457466,-6.73661370389787e-14
355.5002295248846,-59.72227869880289,23.758064362630556,-0.34212582408051195,-1.739535963624764,-3.368306851948935e-14
355.5201324888494,-59.721526084327465,23.766428384473883,-0.33992091381897405,-1.7385392552690002,-3.368306851948935e-14
355.5400346522742,-59.72077430056714,23.77479232450154,-0.33772258943103994,-1.7375433070021848,-1.6841534259744676e-14
355.5599360184848,-59.72002334768533,23.783156182713515,-0.33553084957215057,-1.736548124546349,-6.73661370389787e-14
355.579836590807,-59.71927322584428,23.791519959109824,-0.33334569289465615,-1.7355537136218246,-6.73661370389787e-14
355.59973637256616,-59.718523935205035,23.799883653690454,-0.3311671180478263,-1.7345600799472476,-3.368306851948935e-14
355.6196353670875,-59.717775475927446,23.808247266455403,-0.3289951236778325,-1.73356722923956,-1.6841534259744676e-14
355.63953357769583,-59.71702784817021,23.816610797404685,-0.32682970842777026,-1.7325751672140082,-8.420767129872338e-14
355.6594310077158,-59.71628105209085,23.824974246538297,-0.324670870937647,-1.731583899584146,-5.0524602779234026e-14
355.6793276604717,-59.715535087845666,23.833337613856223,-0.32251860984438707,-1.7305934320618386,-6.73661370389787e-14
355.69922353928763,-59.71478995558981,23.841700899358482,-0.3203729237818313,-1.7296037703572562,-3.368306851948935e-14
355.71911864748745,-59.714045655477236,23.850064103045064,-0.3182338113807367,-1.7286149201788845,-5.0524602779234026e-14
355.73901298839456,-59.71330218766073,23.858427224915975,-0.3161012712687804,-1.727626887233518,-5.0524602779234026e-14
355.7589065653324,-59.712559552291886,23.86679026497121,-0.3139753020705589,-1.726639677226268,0.0
355.77879938162374,-59.71181774952112,23.87515322321077,-0.31185590240758776,-1.7256532958605593,-5.0524602779234026e-14
355.7986914405914,-59.711076779497674,23.883516099634658,-0.30974307089830333,-1.7246677488381321,-1.0104920555846805e-13
355.8185827455579,-59.710336642369626,23.89187889424287,-0.30763680615806527,-1.7236830418590445,-5.0524602779234026e-14
355.83847329984536,-59.70959733828382,23.9002416070354,-0.30553710679915047,-1.7226991806216743,-5.0524602779234026e-14
355.8583631067757,-59.70885886738596,23.908604238012273,-0.3034439714307654,-1.7217161708227176,-3.368306851948935e-14
355.8782521696706,-59.70812122982057,23.916966787173457,-0.3013573986590359,-1.7207340181571933,-8.420767129872338e-14
355.8981404918512,-59.707384425731,23.925329254518967,-0.2992773870870172,-1.7197527283184404,-3.368306851948935e-14
355.91802807663885,-59.70664845525938,23.933691640048814,-0.2972039353146838,-1.7187723069981238,-5.0524602779234026e-14
355.93791492735414,-59.705913318546706,23.94205394376298,-0.295137041938942,-1.7177927598862324,-5.0524602779234026e-14
355.95780104731756,-59.705179015732774,23.950416165661473,-0.2930767055536235,-1.7168140926710818,-6.73661370389787e-14
355.9776864398495,-59.70444554695621,23.958778305744286,-0.29102292474948527,-1.7158363110393138,-6.73661370389787e-14
355.99757110826977,-59.70371291235443,23.967140364011424,-0.2889756981142164,-1.7148594206758996,-3.368306851948935e-14
356.01745505589815,-59.702981112063725,23.9755023404629,-0.2869350242324317,-1.7138834272641401,-6.73661370389787e-14
356.03733828605385,-59.702250146219164,23.983864235098693,-0.28490090168568205,-1.712908336485668,-6.73661370389787e-14
356.0572208020562,-59.70152001495466,23.99222604791881,-0.2828733290524393,-1.7119341540204491,-5.0524602779234026e-14
356.0771026072239,-59.70079071840292,24.000587778923254,-0.28085230490811464,-1.7109608855467802,-5.0524602779234026e-14
356.0969837048755,-59.70006225669551,24.008949428112025,-0.2788378278250486,-1.7099885367412948,-1.0104920555846805e-13
356.1168640983293,-59.69933462996281,24.017310995485122,-0.27682989637251615,-1.7090171132789633,-3.368306851948935e-14
356.1367437909032,-59.69860783833399,24.025672481042545,-0.2748285091167252,-1.7080466208330913,-3.368306851948935e-14
356.15662278591486,-59.69788188193707,24.034033884784296,-0.272833664620817,-1.7070770650753246,0.0
356.17650108668175,-59.697156760898885,24.042395206710367,-0.2708453614448688,-1.7061084516756497,-5.0524602779234026e-14
356.19637869652087,-59.6964324753451,24.050756446820767,-0.26886359814589367,-1.705140786302392,-1.6841534259744676e-14
356.21625561874913,-59.6957090254002,24.05911760511549,-0.2668883732778404,-1.7041740746222207,-3.368306851948935e-14
356.23613185668296,-59.694986411187465,24.067478681594544,-0.2649196853915979,-1.7032083223001477,-3.368306851948935e-14
356.2560074136385,-59.694264632829054,24.075839676257917,-0.262957533034991,-1.7022435349995315,-5.0524602779234026e-14
356.2758822929319,-59.69354369044589,24.084200589105617,-0.2610019147527791,-1.7012797183820745,-1.0104920555846805e-13
356.2957564978787,-59.69282358415779,24.092561420137642,-0.25905282908666694,-1.7003168781078288,-5.0524602779234026e-14
356.3156300317943,-59.69210431408331,24.100922169353996,-0.25711027457529645,-1.699355019835193,-8.420767129872338e-14
356.3355028979937,-59.69138588033989,24.109282836754677,-0.25517424975425085,-1.6983941492209158,-1.0104920555846805e-13
356.35537509979156,-59.69066828304376,24.11764342233968,-0.2532447531560562,-1.697434271920099,-3.368306851948935e-14
356.37524664050255,-59.68995152231002,24.126003926109014,-0.2513217833101766,-1.6964753935861934,-5.0524602779234026e-14
356.3951175234407,-59.689235598252516,24.134364348062665,-0.24940533874302206,-1.6955175198710064,-5.0524602779234026e-14
356.41498775191985,-59.688520510983984,24.142724688200648,-0.247495417977947,-1.6945606564246984,-1.0104920555846805e-13
356.43485732925365,-59.68780626061599,24.151084946522953,-0.24559201953524523,-1.6936048088957865,-6.73661370389787e-14
356.4547262587553,-59.68709284725888,24.159445123029585,-0.24369514193215897,-1.6926499829311448,-6.73661370389787e-14
356.4745945437377,-59.68638027102185,24.167805217720538,-0.2418047836828787,-1.691696184176005,-8.420767129872338e-14
356.49446218751365,-59.685668532012905,24.176165230595828,-0.23992094329853014,-1.6907434182739602,-3.368306851948935e-14
356.51432919339555,-59.684957630338886,24.184525161655436,-0.23804361928719414,-1.6897916908669641,-6.73661370389787e-14
356.5341955646953,-59.68424756610547,24.192885010899364,-0.23617281015389982,-1.6888410075953322,-6.73661370389787e-14
356.55406130472477,-59.68353833941714,24.20124477832763,-0.23430851440061878,-1.6878913740977415,-3.368306851948935e-14
356.57392641679536,-59.68282995037721,24.209604463940217,-0.23245073052627568,-1.686942796011236,-6.73661370389787e-14
356.59379090421817,-59.68212239908783,24.217964067737128,-0.2305994570267424,-1.685995278971226,-6.73661370389787e-14
356.61365477030415,-59.68141568564996,24.226323589718366,-0.22875469239483978,-1.6850488286114873,-6.73661370389787e-14
356.63351801836376,-59.680709810163385,24.23468302988393,-0.22691643512033877,-1.6841034505641648,-5.0524602779234026e-14
356.65338065170727,-59.68000477272675,24.243042388233814,-0.22508468368996504,-1.6831591504597718,-5.0524602779234026e-14
356.67324267364444,-59.679300573437466,24.25140166476803,-0.2232594365873935,-1.6822159339271934,-6.73661370389787e-14
356.69310408748504,-59.678597212391836,24.259760859486573,-0.22144069229324842,-1.681273806593687,-5.0524602779234026e-14
356.7129648965382,-59.67789468968495,24.268119972389442,-0.21962844928511455,-1.6803327740848815,1.6841534259744676e-14
356.7328251041132,-59.67719300541069,24.27647900347663,-0.21782270603751835,-1.6793928420247826,-6.73661370389787e-14
356.7526847135184,-59.67649215966187,24.284837952748145,-0.21602346102195186,-1.6784540160357702,-1.6841534259744676e-14
356.7725437280624,-59.67579215253004,24.29319682020399,-0.21423071270685504,-1.677516301738601,-6.73661370389787e-14
356.79240215105307,-59.67509298410561,24.301555605844158,-0.2124444595576265,-1.67657970475241,-5.0524602779234026e-14
356.81225998579816,-59.67439465447781,24.30991430966865,-0.21066470003661952,-1.6756442306947115,-5.0524602779234026e-14
356.8321172356052,-59.673697163734694,24.318272931677473,-0.20889143260314072,-1.6747098851814006,-6.73661370389787e-14
356.85197390378113,-59.67300051196316,24.32663147187062,-0.20712465571345978,-1.6737766738267539,-5.0524602779234026e-14
356.8718299936329,-59.672304699248905,24.33498993024808,-0.20536436782079887,-1.6728446022434311,-5.0524602779234026e-14
356.89168550846676,-59.67160972567649,24.343348306809883,-0.20361056737534122,-1.671913676042475,-8.420767129872338e-14
356.9115404515891,-59.67091559132928,24.351706601556003,-0.20186325282422618,-1.6709839008333152,-5.0524602779234026e-14
356.93139482630545,-59.67022229628949,24.360064814486453,-0.2001224226115559,-1.6700552822237675,-5.0524602779234026e-14
356.9512486359216,-59.669529840638106,24.368422945601225,-0.1983880751783867,-1.6691278258200355,-5.0524602779234026e-14
356.9711018837427,-59.668838224455016,24.376780994900322,-0.1966602089627399,-1.6682015372267118,-5.0524602779234026e-14
356.9909545730734,-59.668147447818896,24.38513896238375,-0.1949388223995973,-1.667276422046778,-3.368306851948935e-14
357.0108067072184,-59.667457510807246,24.393496848051498,-0.19322391392090066,-1.666352485881609,-6.73661370389787e-14
357.03065828948195,-59.66676841349644,24.401854651903573,-0.19151548195555398,-1.6654297343309707,0.0
357.0505093231679,-59.666080155961616,24.410212373939977,-0.18981352492942413,-1.6645081729930253,-1.6841534259744676e-14
357.07035981157975,-59.66539273827678,24.418570014160704,-0.1881180412653423,-1.6635878074643276,-6.73661370389787e-14
357.0902097580208,-59.66470616051477,24.42692757256576,-0.18642902938310063,-1.6626686433398286,-6.73661370389787e-14
357.110059165794,-59.664020422747235,24.435285049155134,-0.18474648769945595,-1.661750686212879,-5.0524602779234026e-14
357.12990803820185,-59.66333552504468,24.443642443928837,-0.18307041462813295,-1.6608339416752258,-3.368306851948935e-14
357.1497563785466,-59.662651467476394,24.45199975688687,-0.18140080857981836,-1.6599184153170172,-8.420767129872338e-14
357.16960419013026,-59.66196825011055,24.460356988029222,-0.1797376679621628,-1.6590041127268023,-5.0524602779234026e-14
357.1894514762545,-59.6612858730141,24.468714137355903,-0.17808099117978607,-1.6580910394915325,-6.73661370389787e-14
357.2092982402204,-59.660604336252874,24.47707120486691,-0.17643077663427542,-1.6571792011965611,-6.73661370389787e-14
357.2291444853291,-59.65992363989152,24.48542819056224,-0.17478702272418195,-1.6562686034256495,-3.368306851948935e-14
