galstreams/tracks/track.st.GD-1.pricewhelan2018.ecsv
# %ECSV 0.9
# ---
# datatype:
# - {name: ra, unit: deg, datatype: float64}
# - {name: dec, unit: deg, datatype: float64}
# - {name: distance, unit: kpc, datatype: float64}
# - {name: pm_ra_cosdec, unit: mas / yr, datatype: float64}
# - {name: pm_dec, unit: mas / yr, datatype: float64}
# - {name: radial_velocity, unit: km / s, datatype: float64}
# delimiter: ','
# meta: !!omap
# - __serialized_columns__:
#     dec:
#       __class__: astropy.coordinates.angles.Latitude
#       unit: &id001 !astropy.units.Unit {unit: deg}
#       value: !astropy.table.SerializedColumn {name: dec}
#     distance:
#       __class__: astropy.coordinates.distances.Distance
#       unit: !astropy.units.Unit {unit: kpc}
#       value: !astropy.table.SerializedColumn {name: distance}
#     pm_dec:
#       __class__: astropy.units.quantity.Quantity
#       unit: !astropy.units.Unit {unit: mas / yr}
#       value: !astropy.table.SerializedColumn {name: pm_dec}
#     pm_ra_cosdec:
#       __class__: astropy.units.quantity.Quantity
#       unit: !astropy.units.Unit {unit: mas / yr}
#       value: !astropy.table.SerializedColumn {name: pm_ra_cosdec}
#     ra:
#       __class__: astropy.coordinates.angles.Longitude
#       unit: *id001
#       value: !astropy.table.SerializedColumn {name: ra}
#       wrap_angle: !astropy.coordinates.Angle
#         unit: *id001
#         value: 360.0
#     radial_velocity:
#       __class__: astropy.units.quantity.Quantity
#       unit: !astropy.units.Unit {unit: km / s}
#       value: !astropy.table.SerializedColumn {name: radial_velocity}
# schema: astropy-2.0
ra,dec,distance,pm_ra_cosdec,pm_dec,radial_velocity
124.06463770068025,-7.9707729798911195,5.508347580561896,-2.3834981921211043,-7.856483793421218,1.921113813009075e-10
124.24963731435193,-7.4991964896753105,5.533424935129091,-2.3441126105893426,-7.959650268327054,1.9628387141375927e-10
124.4355478136843,-7.028193398786367,5.558502289696271,-2.3084021029564505,-8.062250512497766,2.0004374393724727e-10
124.62236067968115,-6.557753564202235,5.5835796442634384,-2.2762567219568997,-8.164260688575594,2.0334889503572215e-10
124.81006842635935,-6.0878672765829025,5.608656998830594,-2.2475685859317833,-8.265657045338287,2.0624563892839825e-10
124.99866457978125,-5.6185252565521315,5.633734353397737,-2.2222318575171625,-8.366415915696848,2.0875081714953526e-10
125.18814365824285,-5.14971865098088,5.658811707964869,-2.200142722533265,-8.466513715945773,2.1088127123339296e-10
125.37850115356936,-4.681439029283948,5.68388906253199,-2.181199369072553,-8.565926946148313,2.126412115635363e-10
125.56973351347372,-4.213678379740345,5.7089664170990995,-2.165301966784572,-8.664632191546985,2.1404747967422496e-10
125.76183812493562,-3.746429105847471,5.734043771666199,-2.152352646355143,-8.762606124896797,2.1513796901754342e-10
125.95481329856167,-3.2796840227184276,5.759121126233289,-2.1422554791775767,-8.859825509625619,2.158853121003196e-10
126.14865825388938,-2.813436353531456,5.784198480800372,-2.1349164572131576,-8.9562672037325,2.1635476986780998e-10
126.34337310560079,-2.3476797260395297,5.809275835367445,-2.1302434730383126,-9.051908164340851,2.1654423712823212e-10
126.5389588506126,-1.8824081691480998,5.834353189934511,-2.128146300075393,-9.146725452828994,2.1643266196376132e-10
126.735417356013,-1.4176161095682447,5.859430544501571,-2.1285365730041574,-9.240696240466216,2.1610530464158751e-10
126.93275134781598,-0.9532983685523735,5.884507899068622,-2.1313277683506144,-9.333797814487113,2.1548164157603134e-10
127.13096440050722,-0.4894501587184004,5.909585253635668,-2.1364351852499786,-9.4260075845422,2.1462851260618616e-10
127.3300609273559,-0.026067080969365938,5.934662608202709,-2.143775926380104,-9.517303089466825,2.1356437105377013e-10
127.53004617146924,0.4368548784861741,5.959739962769745,-2.153268879061761,-9.607662004314902,2.1228648674819042e-10
127.73092619756834,0.8993193510073542,5.984817317336775,-2.164834696521889,-9.697062147607754,2.1078180092167134e-10
127.9327078844641,1.3613295882824732,6.009894671903805,-2.1783957793157556,-9.785481488752273,2.0913396205394446e-10
128.13539891821506,1.8228884649738433,6.034972026470825,-2.1938762569039154,-9.87289815558574,2.0723928944972318e-10
128.33900778594844,2.2839984812410337,6.060049381037849,-2.2112019693794913,-9.959290442008292,2.0521620014677135e-10
128.5435437703285,2.744661765138217,6.085126735604866,-2.2303004493413505,-10.04463681566694,2.0298469685735518e-10
128.74901694465623,3.2048800748809874,6.110204090171883,-2.2511009039084033,-10.128915925657816,2.006731962802052e-10
128.9554381685862,3.664654800978663,6.135281444738897,-2.2735341968701883,-10.212106610216246,1.9815117652480845e-10
129.16281908444716,4.12398696822772,6.160358799305913,-2.297532830968693,-10.294187904366677,1.955175816049409e-10
129.3711721141535,4.582877237562711,6.185436153872925,-2.32303093030619,-10.375139047506888,1.9273030768495313e-10
129.5805104566964,5.04132590776064,6.21051350843994,-2.349964222873751,-10.454939490903032,1.8985461571010173e-10
129.79084808620397,5.499332916995088,6.235590863006952,-2.378270023194871,-10.533568905074437,1.8685261222830225e-10
130.00219975055967,5.956897844236519,6.260668217573967,-2.4078872150785227,-10.611007187048704,1.8372008685598973e-10
130.21458097057044,6.414019910494961,6.2857455721409865,-2.438756234475793,-10.687234467469672,1.8053282649733305e-10
130.42800803967592,6.870697979901718,6.310822926708004,-2.470819052434094,-10.762231117542564,1.7724030654955298e-10
130.64249802419013,7.326930560626449,6.335900281275026,-2.5040191581427615,-10.8359777558019,1.7381305432769493e-10
130.85806876406934,7.782715805626174,6.3609776358420484,-2.5383015420637944,-10.908455254689793,1.703858021058369e-10
131.07473887419854,8.238051513222556,6.386054990409076,-2.573612679141231,-10.979644746932978,1.668238176099009e-10
131.29252774619036,8.692935127504182,6.411132344976108,-2.6099005120826066,-11.049527631708818,1.6324499157970515e-10
131.51145555069112,9.14736373855009,6.436209699543143,-2.6471144347057476,-11.118085580591192,1.5956511634395092e-10
131.73154324018847,9.601334082471116,6.461287054110184,-2.685205275344064,-11.1853005432687,1.558347165054175e-10
131.9528125523152,10.054842541265298,6.48636440867723,-2.7241252803033458,-11.25115475302835,1.520874751326243e-10
132.17528601364575,10.507885142483902,6.511441763244282,-2.7638280973629645,-11.315630731999,1.4825602608853237e-10
132.39898694398016,10.960457558704103,6.536519117811337,-2.8042687593142444,-11.378711296149584,1.4439931474305086e-10
132.62393946111217,11.412555106804714,6.561596472378401,-2.8454036675286676,-11.440379560038041,1.404583957262706e-10
132.85016848607762,11.864172747041009,6.586673826945472,-2.8871905755484706,-11.500618941307598,1.3657642207939946e-10
133.07769974888004,12.315305081914598,6.611751181512551,-2.9295885726920448,-11.559413164927607,1.326355030626192e-10
133.30655979468952,12.765946354834508,6.636828536079634,-2.972558067666523,-11.616746267176964,1.2866932174444934e-10
133.53677599051258,13.21609044856504,6.66190589064673,-3.0160607721797024,-11.672602599368433,1.247789273304483e-10
133.76837653232965,13.665730883456423,6.68698324521383,-3.0600596845435524,-11.726966831313053,1.2072011757384984e-10
134.0013904526972,14.114860815453483,6.7120605997809415,-3.1045190732612444,-11.779823954523808,1.1672867395429035e-10
134.2358476288119,14.563473033878246,6.737137954348061,-3.1494044605897007,-11.8311592851587,1.1272038880047112e-10
134.47177879103415,15.011559958981499,6.762215308915192,-3.194682606069527,-11.88095846670324,1.0866157904387265e-10
134.70921553186702,15.459113639258712,6.787292663482332,-3.240321490014043,-11.929207472393053,1.0465329389005342e-10
134.94819031538924,15.906125748525216,6.812370018049484,-3.2862902969491223,-11.975892607377382,1.0072921640753291e-10
135.18873648713728,16.35258758274587,6.837447372616644,-3.3325593989954547,-12.021000510624786,9.672093125371368e-11
135.43088828443453,16.798490056613648,6.862524727183818,-3.3791003391846424,-12.064518156572174,9.272948763415418e-11
135.67468084716324,17.243823699872063,6.887602081750999,-3.42588581470064,-12.106432856519064,8.87380440145947e-11
135.92015022897525,17.68857865337587,6.912679436318197,-3.4728896600377714,-12.146732259768523,8.488133266911317e-11
136.16733340893754,18.132744664884168,6.937756790885406,-3.5200868300666452,-12.185404354517136,8.08562059810342e-11
136.41626830360752,18.57631108458037,6.962834145452625,-3.5674533829989947,-12.222437468495636,7.70163361698124e-11
136.66699377953307,19.019266860313024,6.9879115000198615,-3.6149664632425864,-12.257820269362812,7.317646635859062e-11
136.91954966617098,19.461600532550957,7.012988854587109,-3.6626042841370734,-12.291541764854866,6.937027961588833e-11
137.1739767692179,19.903300229047233,7.038066209154371,-3.7103461105616713,-12.323591302692638,6.553040980466653e-11
137.43031688434604,20.344353659204746,7.063143563721646,-3.7581722414053726,-12.35395857024935,6.187579687030194e-11
137.68861281133616,20.78474810813722,7.088220918288935,-3.8060639918903414,-12.382633593981403,5.806961012759964e-11
137.94890836859778,21.22447043041885,7.113298272856238,-3.8540036757389617,-12.409606738625044,5.431394798767658e-11
138.211248408068,21.663507043515835,7.138375627423558,-3.9019745871749882,-12.43486870616164,5.07772257931302e-11
138.47567883047665,22.101843920892627,7.1634529819908925,-3.949960982749007,-12.458410534554496,4.7156295927285095e-11
138.74224660096627,22.539466584785817,7.188530336558243,-3.9979480629783626,-12.480223596260274,4.3569049129959475e-11
139.01099976505222,22.976360098638587,7.213607691125609,-4.0459219537914946,-12.500299596517934,4.008285153819233e-11
139.281987464909,23.412509059188213,7.23868504569299,-4.093869687766595,-12.518630571418704,3.6680861617723905e-11
139.55525995596503,23.84789758819941,7.263762400260389,-4.141779185154191,-12.53520888576012,3.327887169725548e-11
139.83086862378727,24.282509323835683,7.288839754827806,-4.1896392346731846,-12.55002723068786,2.987688177678706e-11
140.10886600123604,24.716327411661666,7.313917109395238,-4.237439474069733,-12.56307862112894,2.65759410618771e-11
140.38930578586672,25.14933449526817,7.3389944639626865,-4.285170370428065,-12.574356393020139,2.334236648400612e-11
140.67224285755347,25.58151270651305,7.364071818530154,-4.332823200222256,-12.583854200335763,2.0209841111693612e-11
140.9577332963084,26.012843655369554,7.38914917309764,-4.380390029097674,-12.59156601191901,1.711099880790059e-11
141.24583440026518,26.443308419375256,7.414226527665142,-4.4278636913707246,-12.597486108121686,1.4079522641146549e-11
141.5366047037954,26.87288753267343,7.439303882232664,-4.475237769235176,-12.60160907725702,1.1081729542911996e-11
141.83010399572106,27.301560974639834,7.464381236800206,-4.522506571663262,-12.603929811871103,8.117619513196934e-12
142.1263933375838,27.729308158087328,7.489458591367763,-4.56966511298936,-12.604443504838569,5.288241757559828e-12
142.425535081929,28.156107917041304,7.514535945935341,-4.616709091164034,-12.603145645288667,2.5262301389617016e-12
142.7275928905571,28.581938494078855,7.539613300502937,-4.663634865665756,-12.600032014368637,-2.3578147963642546e-13
143.0326317526915,29.00677752722495,7.564690655070555,-4.710439435057539,-12.595098680851493,-2.762011618598127e-12
143.3407180030083,29.43060203639932,7.589768009638191,-4.757120414175461,-12.588341996596341,-5.422974031637786e-12
143.65191933946736,29.853388409407753,7.614845364205848,-4.803676010935703,-12.579758591869847,-7.84815496504102e-12
143.96630484087925,30.275112387472376,7.639922718773525,-4.85010500274663,-12.569345370538361,-1.0273335898444253e-11
144.28394498413806,30.695749050295436,7.665000073341221,-4.896406712512147,-12.557099505141107,-1.2563784557769528e-11
144.60491166104316,31.115272800652363,7.690077427908937,-4.942580984212341,-12.543018431855781,-1.4753184011536336e-11
144.92927819462716,31.533657348509603,7.715154782476675,-4.988628158047225,-12.527099845368975,-1.7043632670861613e-11
145.25711935490054,31.950875694664354,7.740232137044433,-5.034549045129223,-12.509341693665,-1.916566598758944e-11
145.5885113739169,32.36690011390348,7.765309491612215,-5.080344901709935,-12.489742172748056,-2.1186650098758804e-11
145.92353196005365,32.78170213768003,7.7903868461800165,-5.126017402926383,-12.468299721313857,-2.3173951141408673e-11
146.2622603113973,33.19525253630705,7.81546420074784,-5.171568616052202,-12.445013015388627,-2.5093886047019568e-11
146.6047771281113,33.60752130066892,7.840541555315684,-5.217000973238844,-12.419880962954776,-2.6778039472994035e-11
146.9511646236572,34.01847762345217,7.86561890988355,-5.262317243732067,-12.3929026985844,-2.8428509830449014e-11
147.30150653472995,34.42808987989921,7.890696264451438,-5.3075205055490855,-12.364077578103744,-3.011266325642348e-11
147.65588812975696,34.83632560808943,7.915773619019348,-5.352614116601764,-12.33340517331369,-3.152735213424203e-11
148.01439621580093,35.24315148875452,7.94085097358728,-5.3976016852515745,-12.300885266793568,-3.3043090217619054e-11
148.37711914369478,35.648533324635984,7.965928328155233,-5.442487040282451,-12.266517846818072,-3.442409602691812e-11
148.7441468112247,36.05243601939566,7.991005682723212,-5.487274200277909,-12.230303102419342,-3.5670369562139224e-11
149.11557066416523,36.45482355609182,8.01608303729121,-5.5319673423897004,-12.192241418629237,-3.674822775476288e-11
149.4914836949565,36.855658975235805,8.041160391859234,-5.576570770485688,-12.15233337193951,-3.7893452084425524e-11
149.87198043880082,37.25490435244752,8.066237746427277,-5.621088882665873,-12.110579726020685,-3.8903944140010204e-11
150.25715696694058,37.652520775730125,8.091315100995345,-5.665526138136338,-12.066981427743688,-3.9813386990036415e-11
150.6471108768641,38.048468322388345,8.116392455563435,-5.709887023432383,-12.02153960355174,-4.0520731428945694e-11
151.04194127917194,38.442706035617576,8.141469810131548,-5.754176017983669,-11.974255556233432,-4.1329125073413436e-11
151.44174878081768,38.83519190079525,8.166547164699688,-5.798397559015997,-11.9251307621519,-4.1935420306764246e-11
151.84663546442195,39.22588282150966,8.191624519267846,-5.842556005786511,-11.874166868988866,-4.247434940307607e-11
152.25670486334076,39.61473459536593,8.21670187383603,-5.886655603151701,-11.82136569406631,-4.2945912362348926e-11
152.67206193215057,40.00170188961367,8.241779228404235,-5.930700444470288,-11.766729223313185,-4.324905997902433e-11
153.09281301219536,40.386738216645746,8.266856582972466,-5.974694433846576,-11.710259610948574,-4.358589066421922e-11
153.51906579182125,40.769795909423216,8.29193393754072,-6.018641247723303,-11.651959179957714,-4.368693986977769e-11
153.95092926090587,41.15082609688719,8.317011292108997,-6.0625442958375535,-11.591830423441687,-4.378798907533616e-11
154.38851365927098,41.529778679424865,8.342088646677299,-6.1064066815578775,-11.529876006926568,-4.3956404417933607e-11
154.8319304185462,41.90660230446341,8.367166001245621,-6.150231161626126,-11.466098771722724,-4.368693986977769e-11
155.28129209703468,42.28124434227276,8.392243355813967,-6.194020105333653,-11.400501739429675,-4.3451158390141266e-11
155.73671230711102,42.653650862065646,8.41732071038234,-6.237775453167992,-11.333088117687135,-4.318169384198535e-11
156.19830563466468,43.02376660849164,8.442398064950734,-6.2814986749738875,-11.263861307277539,-4.27101308827125e-11
156.66618755008378,43.39153497863009,8.467475419519154,-6.325190727680311,-11.192824910690053,-4.223856792343965e-11
157.14047431025776,43.75689799959609,8.492552774087596,-6.368852012654755,-11.119982742261033,-4.169963882712782e-11
157.62128285106164,44.1197963068829,8.517630128656062,-6.412482332755485,-11.045338840009805,-4.116070973081599e-11
158.10873066977135,44.48016912357435,8.54270748322455,-6.456080849163915,-10.968897479293112,-4.035231608634825e-11
158.60293569684666,44.83795424057092,8.567784837793065,-6.4996460380907335,-10.890663188404847,-3.95439224418805e-11
159.10401615650846,45.193087997984236,8.5928621923616,-6.543175647462852,-10.810640766251261,-3.849974731777633e-11
159.6120904155311,45.54550526786592,8.61793954693016,-6.5866666537119825,-10.728835302233836,-3.752293833071114e-11
160.127276819665,45.89513943844821,8.643016901498743,-6.630115218801091,-10.6452521984742,-3.624298172697054e-11
160.64969351710565,46.241922400086416,8.66809425606735,-6.673516647641293,-10.559897194516083,-3.5198806602866376e-11
161.17945826842816,46.58578453310465,8.69317161063598,-6.716865346069323,-10.472776394639112,-3.3683068519489355e-11
161.7166882424165,46.92665469775995,8.718248965204635,-6.76015477957441,-10.383896297917936,-3.233574577870978e-11
162.2614997972291,47.26446022655192,8.743326319773312,-6.803377432983402,-10.293263831157184,-3.088737383237174e-11
162.81400824636484,47.599126919118355,8.768403674342013,-6.846524771333833,-10.200886384828475,-2.927058654343625e-11
163.37432760891934,47.9305790399702,8.793481028910735,-6.8895872021869655,-10.106771852129341,-2.7552750048942292e-11
163.94257034365728,48.25873931933194,8.818558383479482,-6.932554039655807,-10.010928671275657,-2.586859662296782e-11
164.51884706646956,48.58352895736613,8.843635738048253,-6.975413470447212,-9.913365871128702,-2.40497109229154e-11
165.10326625083684,48.90486763207317,8.868713092617046,-7.018152522241944,-9.814093120244937,-2.2062409880265527e-11
165.69593391098417,49.222673511169255,8.893790447185859,-7.06075703476208,-9.71312077942059,-2.0209841111693612e-11
