galstreams/tracks/track.st.Gaia-8.ibata2024.ecsv
# %ECSV 1.0
# ---
# datatype:
# - {name: ra, unit: deg, datatype: float64}
# - {name: dec, unit: deg, datatype: float64}
# - {name: distance, unit: kpc, datatype: float64}
# - {name: pm_ra_cosdec, unit: mas / yr, datatype: float64}
# - {name: pm_dec, unit: mas / yr, datatype: float64}
# - {name: radial_velocity, unit: km / s, datatype: float64}
# delimiter: ','
# meta: !!omap
# - __serialized_columns__:
#     dec:
#       __class__: astropy.coordinates.angles.Latitude
#       unit: &id001 !astropy.units.Unit {unit: deg}
#       value: !astropy.table.SerializedColumn {name: dec}
#     distance:
#       __class__: astropy.coordinates.distances.Distance
#       unit: !astropy.units.Unit {unit: kpc}
#       value: !astropy.table.SerializedColumn {name: distance}
#     pm_dec:
#       __class__: astropy.units.quantity.Quantity
#       unit: !astropy.units.Unit {unit: mas / yr}
#       value: !astropy.table.SerializedColumn {name: pm_dec}
#     pm_ra_cosdec:
#       __class__: astropy.units.quantity.Quantity
#       unit: !astropy.units.Unit {unit: mas / yr}
#       value: !astropy.table.SerializedColumn {name: pm_ra_cosdec}
#     ra:
#       __class__: astropy.coordinates.angles.Longitude
#       unit: *id001
#       value: !astropy.table.SerializedColumn {name: ra}
#       wrap_angle: !astropy.coordinates.Angle
#         unit: *id001
#         value: 360.0
#     radial_velocity:
#       __class__: astropy.units.quantity.Quantity
#       unit: !astropy.units.Unit {unit: km / s}
#       value: !astropy.table.SerializedColumn {name: radial_velocity}
# schema: astropy-2.0
ra,dec,distance,pm_ra_cosdec,pm_dec,radial_velocity
[from data line 142]
168.56649680434214,-34.75378428271133,1.0000000000000002,-8.150792094573212,-6.522476525031504,301.70942814949575
168.57701191639427,-34.74874032979575,1.0000000000000002,-8.151207188195524,-6.523767726142893,301.61620648366136
168.58752531781357,-34.743694837081335,1.0000000000000004,-8.151622543342086,-6.525058437203164,301.52301714733653
168.59803700906886,-34.73864780563671,1.0000000000000002,-8.152038159893433,-6.526348658368136,301.42986012639574
168.60854699062963,-34.73359923653021,1.0000000000000002,-8.152454037729862,-6.52763838979363,301.33673540671373
168.61905526296607,-34.728549130829926,1.0000000000000002,-8.1528701767315,-6.5289276316353515,301.24364297416463
168.6295618265487,-34.72349748960384,1.0000000000000002,-8.1532865767783,-6.530216384048966,301.15058281462314
168.64006668184888,-34.71844431391959,1.0000000000000002,-8.15370323775003,-6.5315046471900615,301.0575549139635
168.65056982933834,-34.71338960484473,1.0000000000000002,-8.15412015952626,-6.532792421214161,300.9645592580601
168.6610712694895,-34.70833336344646,1.0000000000000004,-8.154537341986355,-6.534079706276771,300.87159583278765
168.67157100277544,-34.70327559079182,1.0000000000000002,-8.154954785009544,-6.535366502533254,300.7786646240204
168.68206902966958,-34.69821628794768,1.0000000000000004,-8.155372488474844,-6.536652810138957,300.6857656176329
168.69256535064613,-34.693155455980595,1.0000000000000004,-8.155790452261039,-6.537938629249144,300.5928987994996
168.70305996617978,-34.68809309595701,1.0000000000000004,-8.15620867624682,-6.539223960019026,300.50006415549484
168.71355287674578,-34.683029208943054,1.0000000000000002,-8.156627160310618,-6.540508802603753,300.40726167149336
168.72404408282011,-34.677963796004654,1.0,-8.15704590433069,-6.541793157158402,300.3144913333692
168.7345335848791,-34.672896858207594,1.0000000000000002,-8.157464908185142,-6.543077023837959,300.22175312699704
168.74502138339983,-34.667828396617324,1.0,-8.157884171751864,-6.544360402797427,300.1290470382513
168.7555074788598,-34.662758412299205,1.0,-8.158303694908575,-6.545643294191617,300.0363730530065
168.7659918717372,-34.657686906318276,1.0000000000000002,-8.158723477532781,-6.5469256981753965,299.94373115713717
168.7764745625109,-34.65261387973937,1.0,-8.15914351950186,-6.548207614903518,299.8511213365174
168.78695555166001,-34.64753933362716,1.0,-8.159563820692965,-6.549489044530645,299.75854357702195
168.7974348396645,-34.64246326904602,1.0000000000000002,-8.159984380983015,-6.550769987211421,299.66599786452514
168.80791242700477,-34.6373856870602,1.0000000000000002,-8.160405200248862,-6.552050443100388,299.5734841849015
168.81838831416184,-34.632306588733655,1.0,-8.160826278367107,-6.553330412352064,299.48100252402537
168.82886250161732,-34.62722597513011,1.0,-8.161247615214128,-6.554609895120851,299.3885528677713
168.8393349898533,-34.62214384731316,1.0,-8.161669210666195,-6.555888891561111,299.2961352020138
168.8498057793526,-34.617060206346075,1.0,-8.162091064599325,-6.557167401827154,299.20374951262704
168.86027487059837,-34.61197505329201,1.0000000000000002,-8.162513176889423,-6.558445426073213,299.1113957854858
168.8707422640745,-34.60688838921383,1.0000000000000002,-8.162935547412145,-6.559722964453435,299.0190740064645
168.88120796026547,-34.60180021517414,1.0,-8.163358176043007,-6.56100001712197,298.92678416143724
168.89167195965615,-34.59671053223547,0.9999999999999999,-8.16378106265732,-6.562276584232773,298.83452623627886
168.90213426273215,-34.59161934146001,0.9999999999999999,-8.164204207130213,-6.563552665939859,298.7423002168636
168.9125948699796,-34.586526643909735,1.0,-8.164627609336643,-6.564828262397157,298.650106089066
168.92305378188507,-34.581432440646495,1.0000000000000002,-8.16505126915137,-6.566103373758459,298.55794383876054
168.9335109989359,-34.57633673273178,1.0,-8.165475186448974,-6.56737800017757,298.46581345182165
168.94396652161979,-34.57123952122701,1.0000000000000002,-8.165899361103879,-6.568652141808194,298.3737149141236
168.95442035042507,-34.566140807193285,1.0,-8.16632379299027,-6.56992579880394,298.28164821154104
168.96487248584074,-34.56104059169148,1.0,-8.166748481982186,-6.571198971318424,298.1896133299484
168.97532292835618,-34.55593887578234,1.0000000000000002,-8.167173427953502,-6.572471659505137,298.0976102552201
168.9857716784615,-34.55083566052628,1.0,-8.167598630777851,-6.573743863517528,298.00563897323053
168.99621873664717,-34.5457309469836,1.0,-8.168024090328778,-6.575015583508968,297.9136994698543
169.00666410340443,-34.54062473621432,1.0,-8.168449806479547,-6.576286819632781,297.8217917309655
169.01710777922497,-34.53551702927821,1.0,-8.168875779103283,-6.577557572042224,297.7299157424392
169.02754976460093,-34.530407827234924,1.0,-8.169302008072933,-6.578827840890433,297.6380714901493
169.03799006002527,-34.52529713114377,1.0000000000000002,-8.169728493261244,-6.580097626330559,297.54625895997054
169.04842866599122,-34.520184942063956,1.0,-8.170155234540829,-6.5813669285156635,297.4544781377772
169.05886558299272,-34.515071261054395,1.0,-8.17058223178406,-6.582635747598694,297.3627290094438
169.06930081152436,-34.50995608917377,1.0,-8.171009484863163,-6.583904083732591,297.2710115608447
169.079734352081,-34.504839427480626,1.0,-8.17143699365018,-6.585171937070172,297.1793257778546
169.0901662051583,-34.49972127703318,1.0,-8.171864758016929,-6.586439307764245,297.0876716463478
169.10059637125232,-34.494601638889556,1.0,-8.172292777835127,-6.587706195967542,296.99604915219857
169.11102485085974,-34.489480514107534,1.0000000000000002,-8.172721052976236,-6.588972601832701,296.90445828128173
169.12145164447787,-34.48435790374472,1.0,-8.173149583311602,-6.590238525512309,296.8128990194714
169.13187675260437,-34.47923380885856,1.0000000000000002,-8.173578368712318,-6.5915039671588715,296.7213713526422
169.14230017573763,-34.474108230506175,0.9999999999999999,-8.174007409049342,-6.59276892692484,296.6298752666686
169.15272191437646,-34.46898116974457,1.0,-8.17443670419348,-6.594033404962627,296.5384107474249
169.16314196902024,-34.46385262763046,1.0,-8.174866254015274,-6.595297401424521,296.4469777807858
169.1735603401691,-34.458722605220316,1.0000000000000002,-8.17529605838518,-6.596560916462796,296.3555763526255
169.1839770283233,-34.45359110357051,1.0,-8.17572611717339,-6.597823950229625,296.2642064488185
169.19439203398412,-34.448458123737055,1.0,-8.176156430249979,-6.599086502877135,296.1728680552394
169.20480535765296,-34.44332366677585,1.0000000000000002,-8.176586997484819,-6.600348574557373,296.08156115776245
169.21521699983205,-34.43818773374252,1.0000000000000002,-8.177017818747592,-6.601610165422333,295.99028574226224
169.2256269610241,-34.43305032569245,1.0000000000000002,-8.177448893907806,-6.602871275623919,295.8990417946132
169.2360352417322,-34.42791144368087,1.0000000000000002,-8.177880222834823,-6.604131905313988,295.8078293006897
169.24644184246029,-34.422771088762715,1.0000000000000002,-8.178311805397778,-6.6053920546443585,295.7166482463664
169.2568467637125,-34.41762926199281,1.0,-8.178743641465651,-6.606651723766703,295.62549861751745
169.26725000599376,-34.412485964425635,1.0,-8.179175730907263,-6.6079109128327005,295.5343804000175
169.27765156980948,-34.40734119711551,1.0,-8.17960807359117,-6.609169621993914,295.443293579741
169.2880514556655,-34.40219496111655,1.0,-8.180040669385901,-6.610427851401887,295.3522381425623
169.29844966406836,-34.39704725748259,1.0,-8.18047351815964,-6.611685601208052,295.26121407435585
169.30884619552495,-34.39189808726735,1.0000000000000002,-8.18090661978051,-6.612942871563799,295.1702213609962
169.31924105054287,-34.38674745152422,1.0,-8.181339974116437,-6.614199662620457,295.07925998835776
169.32963422963024,-34.38159535130641,1.0,-8.18177358103511,-6.615455974529251,294.98832994231515
169.34002573329556,-34.37644178766694,1.0,-8.182207440404097,-6.6167118074413835,294.89743120874243
169.35041556204806,-34.37128676165856,1.0,-8.18264155209077,-6.617967161507963,294.8065637735143
169.3608037163973,-34.36613027433384,1.0,-8.183075915962332,-6.619222036880032,294.7157276225052
169.37119019685355,-34.36097232674513,1.0,-8.18351053188579,-6.620476433708571,294.6249227415895
169.3815750039276,-34.35581291994448,1.0,-8.183945399728014,-6.621730352144517,294.5341491166419
169.3919581381306,-34.35065205498386,1.0000000000000002,-8.184380519355617,-6.622983792338676,294.44340673353645
169.4023395999745,-34.34548973291488,1.0000000000000002,-8.184815890635134,-6.624236754441863,294.35269557814786
169.41271938997147,-34.34032595478905,1.0,-8.185251513432872,-6.625489238604768,294.2620156363506
169.4230975086345,-34.335160721657566,1.0,-8.18568738761494,-6.626741244978049,294.17136689401906
169.43347395647694,-34.32999403457141,1.0000000000000002,-8.186123513047308,-6.627992773712272,294.0807493370276
169.4438487340127,-34.32482589458147,1.0,-8.18655988959579,-6.629243824957928,293.9901629512507
169.45422184175627,-34.3196563027382,1.0,-8.186996517125927,-6.630494398865515,293.8996077225629
169.46459328022252,-34.31448526009204,1.0000000000000002,-8.187433395503207,-6.631744495585348,293.80908363683875
169.47496304992706,-34.3093127676931,1.0,-8.187870524592858,-6.632994115267763,293.71859067995246
169.48533115138594,-34.304138826591235,1.0,-8.18830790425997,-6.634243258062973,293.62812883777855
169.49569758511558,-34.29896343783622,1.0,-8.188745534369431,-6.63549192412118,293.53769809619143
169.50606235163318,-34.29378660247744,1.0,-8.189183414785955,-6.636740113592467,293.4472984410658
169.51642545145629,-34.288608321564226,1.0,-8.189621545374125,-6.637987826626862,293.35692985827586
169.526786885103,-34.283428596145555,0.9999999999999999,-8.190059925998314,-6.639235063374354,293.26659233369605
169.5371466530921,-34.27824742727021,1.0,-8.190498556522702,-6.640481823984842,293.1762858532011
169.5475047559426,-34.27306481598684,1.0000000000000002,-8.190937436811343,-6.641728108608135,293.0860104026651
169.55786119417434,-34.26788076334377,1.0,-8.191376566728046,-6.642973917393988,292.99576596796277
169.5682159683074,-34.26269527038917,1.0000000000000002,-8.191815946136552,-6.644219250492146,292.9055525349683
169.57856907886256,-34.257508338170965,1.0,-8.192255574900306,-6.645464108052188,292.81537008955655
169.58892052636116,-34.25231996773681,1.0000000000000002,-8.19269545288264,-6.646708490223695,292.72521861760157
169.59927031132483,-34.24713016013426,1.0,-8.193135579946752,-6.647952397156157,292.63509810497794
169.609618434276,-34.241938916410525,0.9999999999999999,-8.193575955955572,-6.64919582899898,292.5450085375601
169.61996489573735,-34.236746237612685,0.9999999999999999,-8.194016580771937,-6.650438785901542,292.45494990122256
169.63030969623225,-34.231552124787555,0.9999999999999999,-8.194457454258467,-6.651681268013117,292.3649221818398
169.64065283628463,-34.226356578981694,0.9999999999999999,-8.194898576277605,-6.652923275482927,292.27492536528615
169.65099431641872,-34.22115960124155,0.9999999999999999,-8.195339946691655,-6.654164808460109,292.18495943743625
169.6613341371595,-34.21596119261322,1.0,-8.19578156536272,-6.655405867093748,292.0950243841643
169.67167229903225,-34.2107613541427,1.0,-8.196223432152761,-6.656646451532875,292.0051201913449
169.68200880256296,-34.205560086875685,1.0,-8.196665546923521,-6.657886561926432,291.9152468448524
169.69234364827804,-34.20035739185764,1.0,-8.197107909536578,-6.659126198423291,291.8254043305613
169.70267683670434,-34.19515327013391,0.9999999999999999,-8.197550519853383,-6.6603653611722216,291.73559263434623
169.7130083683694,-34.18994772274948,0.9999999999999999,-8.197993377735138,-6.66160405032203,291.64581174208143
169.72333824380104,-34.18474075074925,1.0,-8.198436483042943,-6.662842266021336,291.55606163964137
169.7336664635278,-34.179532355177805,1.0,-8.198879835637722,-6.664080008418754,291.4663423129006
169.74399302807873,-34.17432253707952,1.0,-8.199323435380169,-6.665317277662847,291.37665374773337
169.75431793798316,-34.1691112974986,1.0,-8.199767282130843,-6.666554073902031,291.2869959300144
169.76464119377118,-34.16389863747897,0.9999999999999999,-8.200211375750136,-6.66779039728473,291.1973688456179
169.7749627959732,-34.15868455806441,0.9999999999999999,-8.200655716098272,-6.669026247959277,291.10777248041865
169.78528274512024,-34.1534690602984,1.0,-8.20110030303526,-6.67026162607392,291.0182068202907
169.79560104174394,-34.14825214522421,0.9999999999999998,-8.201545136421004,-6.6714965317768495,290.9286718511086
169.8059176863761,-34.143033813884955,0.9999999999999999,-8.201990216115165,-6.6727309652161715,290.83916755874696
169.81623267954944,-34.137814067323426,0.9999999999999998,-8.202435541977298,-6.6739649265399805,290.74969392908014
169.82654602179682,-34.13259290658232,1.0,-8.202881113866763,-6.675198415896215,290.66025094798266
169.83685771365185,-34.12737033270401,1.0,-8.203326931642705,-6.676431433432803,290.57083860132883
169.8471677556486,-34.12214634673065,1.0,-8.203772995164165,-6.677663979297609,290.4814568749933
169.85747614832152,-34.116920949704266,1.0,-8.204219304289971,-6.678896053638386,290.3921057548503
169.86778289220572,-34.11169414266656,0.9999999999999999,-8.204665858878794,-6.6801276566028385,290.30278522677446
169.87808798783666,-34.10646592665907,0.9999999999999999,-8.205112658789172,-6.681358788338645,290.21349527664006
169.8883914357504,-34.10123630272311,0.9999999999999999,-8.205559703879377,-6.682589448993333,290.12423589032164
169.89869323648358,-34.09600527189973,1.0,-8.206006994007614,-6.683819638714414,290.0350070536937
169.9089933905731,-34.09077283522982,1.0,-8.206454529031852,-6.685049357649312,289.9458087526307
169.91929189855662,-34.08553899375399,1.0,-8.206902308809918,-6.686278605945418,289.85664097300685
169.92958876097205,-34.08030374851272,1.0,-8.20735033319944,-6.687507383749974,289.7675037006969
169.93988397835795,-34.07506710054616,0.9999999999999999,-8.207798602057922,-6.688735691210248,289.6783969215753
169.9501775512535,-34.06982905089426,0.9999999999999999,-8.20824711524267,-6.689963528473374,289.58932062151615
169.96046948019801,-34.06458960059685,1.0,-8.208695872610829,-6.691190895686436,289.50027478639436
169.97075976573169,-34.0593487506934,1.0,-8.209144874019362,-6.692417792996459,289.411259402084
169.98104840839488,-34.05410650222328,1.0,-8.209594119325061,-6.693644220550379,289.32227445445966
169.9913354087287,-34.04886285622554,1.0,-8.210043608384586,-6.694870178495066,289.2333199293959
170.0016207672747,-34.043617813739054,1.0,-8.21049334105437,-6.696095666977346,289.14439581276713
170.0119044845747,-34.038371375802505,0.9999999999999999,-8.210943317190736,-6.697320686143936,289.0555020904477
170.02218656117142,-34.03312354345428,1.0,-8.211393536649801,-6.698545236141516,288.9666387483121
170.03246699760763,-34.02787431773263,0.9999999999999999,-8.211843999287504,-6.6997693171166866,288.87780577223475
170.04274579442693,-34.022623699675535,1.0,-8.212294704959685,-6.700992929215982,288.7890031480901
170.0530229521733,-34.01737169032072,1.0,-8.212745653521933,-6.702216072585831,288.7002308617528
170.0632984713911,-34.0121182907058,1.0,-8.213196844829682,-6.703438747372644,288.6114888990971
170.07357235262535,-34.00686350186804,1.0,-8.213648278738255,-6.704660953722751,288.5227772459973
170.08384459642144,-34.001607324844585,1.0,-8.214099955102768,-6.705882691782364,288.43409588832816
170.09411520332526,-33.99634976067231,1.0,-8.214551873778134,-6.70710396169769,288.3454448119641
170.10438417388335,-33.99109081038783,1.0,-8.21500403461917,-6.708324763614861,288.2568240027794
170.11465150864248,-33.985830475027655,1.0,-8.215456437480498,-6.709545097679861,288.1682334466486
170.1249172081501,-33.98056875562796,1.0,-8.215909082216548,-6.710764964038702,288.07967312944623
170.13518127295396,-33.97530565322477,1.0,-8.216361968681593,-6.711984362837274,287.9911430370465
