galstreams/tracks/track.st.NGC3201-Gjoll.ibata2021.ecsv
# %ECSV 0.9
# ---
# datatype:
# - {name: ra, unit: deg, datatype: float64}
# - {name: dec, unit: deg, datatype: float64}
# - {name: distance, unit: kpc, datatype: float64}
# - {name: pm_ra_cosdec, unit: mas / yr, datatype: float64}
# - {name: pm_dec, unit: mas / yr, datatype: float64}
# - {name: radial_velocity, unit: km / s, datatype: float64}
# delimiter: ','
# meta: !!omap
# - __serialized_columns__:
#     dec:
#       __class__: astropy.coordinates.angles.Latitude
#       unit: &id001 !astropy.units.Unit {unit: deg}
#       value: !astropy.table.SerializedColumn {name: dec}
#     distance:
#       __class__: astropy.coordinates.distances.Distance
#       unit: !astropy.units.Unit {unit: kpc}
#       value: !astropy.table.SerializedColumn {name: distance}
#     pm_dec:
#       __class__: astropy.units.quantity.Quantity
#       unit: !astropy.units.Unit {unit: mas / yr}
#       value: !astropy.table.SerializedColumn {name: pm_dec}
#     pm_ra_cosdec:
#       __class__: astropy.units.quantity.Quantity
#       unit: !astropy.units.Unit {unit: mas / yr}
#       value: !astropy.table.SerializedColumn {name: pm_ra_cosdec}
#     ra:
#       __class__: astropy.coordinates.angles.Longitude
#       unit: *id001
#       value: !astropy.table.SerializedColumn {name: ra}
#       wrap_angle: !astropy.coordinates.Angle
#         unit: *id001
#         value: 360.0
#     radial_velocity:
#       __class__: astropy.units.quantity.Quantity
#       unit: !astropy.units.Unit {unit: km / s}
#       value: !astropy.table.SerializedColumn {name: radial_velocity}
# schema: astropy-2.0
ra,dec,distance,pm_ra_cosdec,pm_dec,radial_velocity
[from data line 4128]
96.68259315333702,-25.110208645850147,3.3071747486809966,23.438520695315468,-20.422821833577334,-3.368306851948935e-14
96.69145272482446,-25.11617977000835,3.3071747432753824,23.437736240500996,-20.4198783354399,0.0
96.7003130158956,-25.122150547736815,3.307174665431394,23.436951079104304,-20.416934109710578,3.368306851948935e-14
96.70917402665525,-25.128120979059634,3.3071745150490006,23.436165211011847,-20.413989156785828,5.0524602779234026e-14
96.71803575720831,-25.134091064000796,3.3071742920283933,23.4353786361092,-20.411043477060968,1.6841534259744676e-14
96.72689820765989,-25.140060802584106,3.3071739962699858,23.434591354281075,-20.408097070930136,0.0
96.73576137811526,-25.146030194833273,3.307173627674408,23.43380336541133,-20.405149938786263,8.420767129872338e-14
96.74462526867981,-25.151999240771783,3.3071731861425153,23.433014669382946,-20.402202081021166,1.1789073981821273e-13
96.75348987945917,-25.15796794042303,3.3071726715753806,23.432225266078063,-20.399253498025445,5.0524602779234026e-14
96.76235521055905,-25.16393629381023,3.307172083874298,23.431435155377955,-20.396304190188552,5.0524602779234026e-14
96.77122126208539,-25.169904300956446,3.307171422940783,23.430644337163006,-20.393354157898777,0.0
96.78008803414424,-25.175871961884614,3.3071706886765746,23.42985281131275,-20.390403401543196,3.368306851948935e-14
96.7889555268419,-25.181839276617488,3.307169880983634,23.42906057770586,-20.387451921507726,5.0524602779234026e-14
96.79782374028471,-25.187806245177676,3.3071689997641447,23.428267636220113,-20.38449971817711,3.368306851948935e-14
96.8066926745793,-25.193772867587658,3.3071680449205103,23.42747398673244,-20.381546791934927,1.1789073981821273e-13
96.81556232983236,-25.199739143869717,3.3071670163553595,23.42667962911891,-20.37859314316355,5.0524602779234026e-14
96.82443270615083,-25.20570507404604,3.3071659139715432,23.425884563254684,-20.375638772244205,8.420767129872338e-14
96.83330380364175,-25.21167065813861,3.3071647376721374,23.425088789014083,-20.372683679556893,1.6841534259744676e-14
96.8421756224124,-25.21763589616929,3.307163487360438,23.42429230627054,-20.36972786548048,1.6841534259744676e-14
96.85104816257012,-25.223600788159764,3.307162162939971,23.42349511489661,-20.366771330392627,6.73661370389787e-14
96.8599214242225,-25.22956533413157,3.3071607643144825,23.422697214763982,-20.363814074669797,-1.6841534259744676e-14
96.86879540747731,-25.23552953410612,3.307159291387941,23.421898605743493,-20.360856098687318,-1.6841534259744676e-14
96.8776701124424,-25.241493388104622,3.3071577440645448,23.42109928770505,-20.357897402819287,3.368306851948935e-14
96.88654553922588,-25.24745689614816,3.3071561222487147,23.42029926051771,-20.35493798743863,3.368306851948935e-14
96.89542168793595,-25.25342005825766,3.3071544258450976,23.41949852404964,-20.351977852917077,1.0104920555846805e-13
96.90429855868102,-25.259382874453884,3.3071526547585655,23.41869707816814,-20.34901699962519,3.368306851948935e-14
96.91317615156967,-25.26534534475743,3.307150808894216,23.417894922739634,-20.346055427932328,3.368306851948935e-14
96.92205446671062,-25.27130746918879,3.307148888157375,23.417092057629638,-20.34309313820666,6.73661370389787e-14
96.93093350421277,-25.277269247768224,3.3071468924535905,23.41628848270281,-20.3401301308152,1.0104920555846805e-13
96.93981326418522,-25.28323068051588,3.307144821688643,23.415484197822913,-20.337166406123703,6.73661370389787e-14
96.9486937467372,-25.289191767451758,3.307142675768537,23.41467920285279,-20.33420196449677,1.1789073981821273e-13
96.95757495197809,-25.295152508595667,3.3071404545995025,23.413873497654468,-20.331236806297834,1.6841534259744676e-14
96.96645688001752,-25.301112903967283,3.3071381580879993,23.413067082089064,-20.3282709318891,5.0524602779234026e-14
96.97533953096519,-25.307072953586125,3.3071357861407145,23.41225995601678,-20.325304341631583,3.368306851948935e-14
96.98422290493103,-25.313032657471542,3.3071333386645656,23.411452119296932,-20.3223370358851,1.0104920555846805e-13
96.99310700202511,-25.31899201564271,3.3071308155666945,23.410643571787954,-20.319369015008284,6.73661370389787e-14
97.00199182235774,-25.324951028118686,3.3071282167544744,23.409834313347424,-20.316400279358565,5.0524602779234026e-14
97.01087736603927,-25.330909694918347,3.307125542135506,23.409024343831966,-20.313430829292173,5.0524602779234026e-14
97.01976363318033,-25.336868016060397,3.3071227916176213,23.408213663097346,-20.31046066516413,3.368306851948935e-14
97.0286506238917,-25.342825991563398,3.3071199651088787,23.407402270998443,-20.307489787328272,3.368306851948935e-14
97.03753833828428,-25.34878362144574,3.3071170625175688,23.406590167389236,-20.304518196137245,0.0
97.0464267764692,-25.354740905725674,3.307114083752213,23.405777352122772,-20.301545891942453,0.0
97.05531593855773,-25.36069784442127,3.30711102872156,23.404963825051258,-20.29857287509414,5.0524602779234026e-14
97.0642058246613,-25.36665443755043,3.3071078973345904,23.404149586025962,-20.29559914594131,0.0
97.07309643489154,-25.372610685130933,3.3071046895005183,23.403334634897266,-20.29262470483179,1.6841534259744676e-14
97.08198776936024,-25.378566587180362,3.307101405128783,23.40251897151466,-20.289649552112213,6.73661370389787e-14
97.09087982817935,-25.384522143716136,3.307098044129062,23.40170259572674,-20.286673688127944,5.0524602779234026e-14
97.09977261146102,-25.390477354755543,3.307094606411259,23.40088550738117,-20.283697113223205,1.6841534259744676e-14
97.10866611931753,-25.39643222031567,3.307091091885515,23.400067706324716,-20.280719827740967,-1.6841534259744676e-14
97.11756035186139,-25.40238674041347,3.3070875004621976,23.39924919240326,-20.27774183202303,6.73661370389787e-14
97.12645530920521,-25.408340915065736,3.3070838320519096,23.398429965461794,-20.274763126409972,6.73661370389787e-14
97.13535099146183,-25.414294744289077,3.307080086565488,23.397610025344346,-20.271783711241127,3.368306851948935e-14
97.14424739874424,-25.42024822809994,3.3070762639140012,23.396789371894098,-20.268803586854656,1.1789073981821273e-13
97.15314453116561,-25.426201366514604,3.3070723640087527,23.39596800495327,-20.26582275358749,5.0524602779234026e-14
97.16204238883928,-25.432154159549235,3.307068386761274,23.39514592436324,-20.26284121177536,1.6841534259744676e-14
97.17094097187875,-25.43810660721976,3.3070643320833377,23.39432312996442,-20.25985896175277,-5.0524602779234026e-14
97.17984028039773,-25.444058709541995,3.307060199886946,23.393499621596337,-20.25687600385301,3.368306851948935e-14
97.18874031451006,-25.450010466531566,3.307055990084339,23.39267539909758,-20.253892338408157,5.0524602779234026e-14
97.19764107432978,-25.45596187820394,3.307051702587988,23.391850462305868,-20.25090796574907,5.0524602779234026e-14
97.20654255997108,-25.461912944574426,3.307047337310603,23.391024811057957,-20.24792288620539,8.420767129872338e-14
97.21544477154839,-25.467863665658143,3.307042894165124,23.39019844518974,-20.244937100105545,1.6841534259744676e-14
97.22434770917623,-25.473814041470078,3.3070383730647315,23.38937136453615,-20.24195060777673,1.347322740779574e-13
97.23325137296932,-25.479764072025013,3.3070337739228415,23.388543568931215,-20.23896340954493,6.73661370389787e-14
97.24215576304262,-25.48571375733761,3.3070290966531,23.38771505820809,-20.23597550573492,1.0104920555846805e-13
97.25106087951114,-25.491663097422318,3.3070243411694,23.386885832198924,-20.232986896670216,1.6841534259744676e-14
97.25996672249019,-25.49761209229345,3.307019507385862,23.386055890735022,-20.229997582673143,3.368306851948935e-14
97.26887329209521,-25.503560741965146,3.307014595216845,23.38522523364676,-20.227007564064802,8.420767129872338e-14
97.27778058844177,-25.509509046451356,3.307009604576951,23.38439386076353,-20.224016841165046,6.73661370389787e-14
97.28668861164566,-25.51545700576589,3.307004535381013,23.383561771913893,-20.22102541429253,5.0524602779234026e-14
97.29559736182287,-25.521404619922368,3.306999387544104,23.382728966925384,-20.218033283764644,6.73661370389787e-14
97.30450683908953,-25.527351888934252,3.306994160981535,23.381895445624707,-20.2150404498976,8.420767129872338e-14
97.31341704356194,-25.53329881281484,3.3069888556088562,23.381061207837604,-20.21204691300635,8.420767129872338e-14
97.32232797535659,-25.539245391577257,3.3069834713418556,23.380226253388866,-20.20905267340462,6.73661370389787e-14
97.33123963459013,-25.54519162523445,3.3069780080965594,23.379390582102385,-20.20605773140491,8.420767129872338e-14
97.34015202137945,-25.551137513799198,3.3069724657892334,23.378554193801126,-20.20306208731849,1.6841534259744676e-14
97.34906513584156,-25.557083057284128,3.3069668443363835,23.3777170883071,-20.200065741455386,1.347322740779574e-13
97.35797897809363,-25.563028255701656,3.3069611436547555,23.37687926544142,-20.19706869412441,6.73661370389787e-14
97.36689354825306,-25.56897310906407,3.306955363661334,23.37604072502424,-20.194070945633133,6.73661370389787e-14
97.3758088464374,-25.574917617383477,3.3069495042733434,23.375201466874785,-20.19107249628788,3.368306851948935e-14
97.38472487276438,-25.58086178067179,3.30694356540825,23.374361490811367,-20.188073346393764,6.73661370389787e-14
97.39364162735193,-25.58680559894077,3.306937546983761,23.373520796651338,-20.185073496254645,1.6841534259744676e-14
97.40255911031812,-25.592749072202007,3.306931448917823,23.372679384211136,-20.18207294617315,1.347322740779574e-13
97.41147732178122,-25.598692200466907,3.3069252711286254,23.371837253306243,-20.179071696450663,1.6841534259744676e-14
97.4203962618597,-25.604634983746703,3.3069190135345985,23.370994403751222,-20.176069747387338,1.0104920555846805e-13
97.42931593067215,-25.610577422052476,3.3069126760544156,23.370150835359652,-20.173067099282072,3.368306851948935e-14
97.43823632833741,-25.616519515395108,3.3069062586069897,23.36930654794426,-20.17006375243257,6.73661370389787e-14
97.44715745497447,-25.62246126378532,3.3068997611114805,23.36846154131673,-20.16705970713521,1.347322740779574e-13
97.45607931070246,-25.62840266723366,3.306893183487285,23.367615815287873,-20.164054963685206,6.73661370389787e-14
97.46500189564075,-25.634343725750508,3.306886525654047,23.366769369667562,-20.16104952237651,1.347322740779574e-13
97.47392520990887,-25.640284439346043,3.3068797875316527,23.365922204264642,-20.158043383501795,0.0
97.48284925362653,-25.6462248080303,3.306872969040232,23.36507431888712,-20.155036547352534,6.73661370389787e-14
97.49177402691359,-25.65216483181312,3.306866070100158,23.364225713342005,-20.152029014218936,5.0524602779234026e-14
97.50069952989013,-25.658104510704177,3.3068590906320474,23.36337638743536,-20.149020784389947,3.368306851948935e-14
97.50962576267642,-25.664043844712968,3.3068520305567626,23.36252634097228,-20.14601185815328,1.0104920555846805e-13
97.51855272539287,-25.669982833848813,3.3068448897954106,23.36167557375695,-20.14300223579542,5.0524602779234026e-14
97.5274804181601,-25.675921478120856,3.3068376682693406,23.36082408559261,-20.139991917601574,1.347322740779574e-13
97.53640884109888,-25.681859777538047,3.3068303659001517,23.35997187628151,-20.13698090385571,5.0524602779234026e-14
97.54533799433021,-25.687797732109207,3.306822982609686,23.35911894562494,-20.13396919484052,3.368306851948935e-14
97.55426787797525,-25.693735341842938,3.3068155183200276,23.358265293423322,-20.130956790837516,1.1789073981821273e-13
97.56319849215532,-25.69967260674767,3.306807972953514,23.35741091947601,-20.127943692126877,5.0524602779234026e-14
97.57212983699195,-25.705609526831665,3.3068003464327242,23.35655582358148,-20.12492989898755,8.420767129872338e-14
97.58106191260686,-25.711546102102997,3.3067926386804847,23.35570000553724,-20.121915411697262,8.420767129872338e-14
97.5899947191219,-25.717482332569574,3.306784849619869,23.3548434651398,-20.118900230532446,1.0104920555846805e-13
97.59892825665916,-25.72341821823913,3.3067769791741974,23.35398620218477,-20.115884355768305,1.0104920555846805e-13
97.6078625253409,-25.72935375911918,3.306769027267038,23.35312821646677,-20.112867787678773,3.368306851948935e-14
97.61679752528956,-25.735288955217108,3.3067609938222073,23.352269507779443,-20.109850526536516,-3.368306851948935e-14
97.62573325662774,-25.74122380654011,3.306752878763767,23.351410075915535,-20.10683257261298,5.0524602779234026e-14
97.63466971947824,-25.747158313095177,3.3067446820160296,23.350549920666737,-20.103813926178308,1.0104920555846805e-13
97.64360691396406,-25.753092474889126,3.3067364035035562,23.349689041823822,-20.100794587501387,-3.368306851948935e-14
97.65254484020838,-25.759026291928624,3.3067280431511556,23.34882743917662,-20.097774556849856,0.0
97.66148349833455,-25.764959764220112,3.3067196008838864,23.347965112513986,-20.094753834490103,-3.368306851948935e-14
97.67042288846609,-25.770892891769897,3.3067110766270535,23.3471020616238,-20.091732420687265,6.73661370389787e-14
97.67936301072675,-25.776825674584074,3.306702470306216,23.346238286292948,-20.08871031570515,8.420767129872338e-14
97.68830386524041,-25.782758112668553,3.3066937818471804,23.345373786307388,-20.085687519806367,1.6841534259744676e-14
97.6972454521312,-25.788690206029074,3.3066850111760053,23.344508561452077,-20.08266403325222,5.0524602779234026e-14
97.70618777152339,-25.794621954671193,3.306676158218995,23.34364261151103,-20.07963985630278,0.0
97.71513082354143,-25.800553358600293,3.3066672229027096,23.34277593626729,-20.07661498921682,5.0524602779234026e-14
97.72407460830998,-25.80648441782157,3.306658205153956,23.341908535502924,-20.073589432251886,1.0104920555846805e-13
97.73301912595389,-25.812415132340007,3.306649104899798,23.341040408998964,-20.070563185664188,1.515738083377021e-13
97.74196437659816,-25.81834550216045,3.306639922067545,23.340171556535566,-20.06753624970873,1.1789073981821273e-13
97.75091036036801,-25.824275527287522,3.3066306565847614,23.339301977891836,-20.064508624639224,3.368306851948935e-14
97.75985707738886,-25.830205207725704,3.3066213083792633,23.338431672845946,-20.061480310708095,1.347322740779574e-13
97.76880452778624,-25.836134543479233,3.3066118773791184,23.337560641175063,-20.058451308166525,5.0524602779234026e-14
97.77775271168596,-25.84206353455222,3.3066023635126474,23.3366888826554,-20.055421617264393,0.0
97.786701629214,-25.84799218094857,3.306592766708423,23.33581639706217,-20.052391238250333,8.420767129872338e-14
97.79565128049644,-25.85392048267199,3.3065830868952726,23.33494318416962,-20.049360171371692,1.0104920555846805e-13
97.80460166565963,-25.859848439726015,3.306573324002277,23.33406924375097,-20.046328416874527,0.0
97.81355278483014,-25.865776052113986,3.3065634779587696,23.33319457557854,-20.04329597500363,-3.368306851948935e-14
97.82250463813462,-25.871703319839074,3.3065535486943385,23.33231917942359,-20.040262846002538,8.420767129872338e-14
97.83145722569998,-25.877630242904246,3.3065435361388253,23.331443055056432,-20.03722903011348,3.368306851948935e-14
97.84041054765332,-25.88355682131228,3.306533440222327,23.330566202246366,-20.034194527577398,1.6841534259744676e-14
97.8493646041219,-25.889483055065778,3.306523260875196,23.329688620761754,-20.031159338633998,1.6841534259744676e-14
97.85831939523317,-25.895408944167173,3.3065129980280368,23.32881031036991,-20.028123463521677,1.0104920555846805e-13
97.86727492111478,-25.90133448861866,3.3065026516117144,23.32793127083719,-20.025086902477536,8.420767129872338e-14
97.8762311818946,-25.90725968842229,3.306492221557345,23.32705150192896,-20.022049655737423,5.0524602779234026e-14
97.88518817770061,-25.9131845435799,3.306481707796302,23.32617100340958,-20.019011723535886,3.368306851948935e-14
97.89414590866109,-25.919109054093166,3.3064711102602145,23.32528977504245,-20.015973106106205,6.73661370389787e-14
97.90310437490437,-25.925033219963552,3.3064604288809702,23.324407816589922,-20.012933803680376,1.6841534259744676e-14
97.91206357655909,-25.930957041192332,3.3064496635907115,23.323525127813397,-20.00989381648908,0.0
