galstreams/tracks/track.st.TucanaIII.shipp2019.ecsv
# %ECSV 0.9
# ---
# datatype:
# - {name: ra, unit: deg, datatype: float64}
# - {name: dec, unit: deg, datatype: float64}
# - {name: distance, unit: kpc, datatype: float64}
# - {name: pm_ra_cosdec, unit: mas / yr, datatype: float64}
# - {name: pm_dec, unit: mas / yr, datatype: float64}
# - {name: radial_velocity, unit: km / s, datatype: float64}
# delimiter: ','
# meta: !!omap
# - __serialized_columns__:
#     dec:
#       __class__: astropy.coordinates.angles.Latitude
#       unit: &id001 !astropy.units.Unit {unit: deg}
#       value: !astropy.table.SerializedColumn {name: dec}
#     distance:
#       __class__: astropy.coordinates.distances.Distance
#       unit: !astropy.units.Unit {unit: kpc}
#       value: !astropy.table.SerializedColumn {name: distance}
#     pm_dec:
#       __class__: astropy.units.quantity.Quantity
#       unit: !astropy.units.Unit {unit: mas / yr}
#       value: !astropy.table.SerializedColumn {name: pm_dec}
#     pm_ra_cosdec:
#       __class__: astropy.units.quantity.Quantity
#       unit: !astropy.units.Unit {unit: mas / yr}
#       value: !astropy.table.SerializedColumn {name: pm_ra_cosdec}
#     ra:
#       __class__: astropy.coordinates.angles.Longitude
#       unit: *id001
#       value: !astropy.table.SerializedColumn {name: ra}
#       wrap_angle: !astropy.coordinates.Angle
#         unit: *id001
#         value: 360.0
#     radial_velocity:
#       __class__: astropy.units.quantity.Quantity
#       unit: !astropy.units.Unit {unit: km / s}
#       value: !astropy.table.SerializedColumn {name: radial_velocity}
# schema: astropy-2.0
ra,dec,distance,pm_ra_cosdec,pm_dec,radial_velocity
[from data line 135]
357.26234494302037,-59.65883502365963,24.499413423110184,-0.17204501029146335,-1.6547431797851662,5.405637356270805e-08
357.2821394821831,-59.65815797845084,24.507749018792513,-0.17042302505779544,-1.6538379492723188,5.486343672596927e-08
357.30193357018493,-59.65748176712949,24.516084554784904,-0.1688074586465128,-1.6529339744078024,5.565625195124675e-08
357.32172721029434,-59.656806389732445,24.52442003108736,-0.16719830945486633,-1.6520312607218952,5.643473503086919e-08
357.3415204057801,-59.656131846295324,24.532755447699863,-0.16559557587708965,-1.6511298137433268,5.719893648943936e-08
357.3613131599101,-59.65545813685267,24.541090804622446,-0.16399925630442436,-1.6502296389992723,5.794897421769709e-08
357.3811054759521,-59.65478526143782,24.549426101855076,-0.16240934912510213,-1.6493307420153653,5.8684679800299776e-08
357.40089735717356,-59.65411322008297,24.557761339397764,-0.16082585272435151,-1.648433128315689,5.9406103761850205e-08
357.42068880684127,-59.65344201281916,24.56609651725052,-0.15924876548440953,-1.6475368034227809,6.011334715155392e-08
357.440479828222,-59.652771639676295,24.574431635413337,-0.157678085784499,-1.6466417728576352,6.080627523713685e-08
357.4602704245822,-59.6521021006831,24.582766693886207,-0.15611381200084656,-1.6457480421397028,6.148502275087308e-08
357.4800605991875,-59.65143339586715,24.59110169266914,-0.15455594250668156,-1.6448556167868917,6.214952232662558e-08
357.4998503553036,-59.65076552525487,24.59943663176214,-0.15300447567222825,-1.6439645023155691,6.27997402813258e-08
357.5196396961956,-59.65009848887153,24.6077715111652,-0.15145940986471543,-1.6430747042405618,6.343576082264504e-08
357.5394286251284,-59.64943228674127,24.616106330878317,-0.14992074344836914,-1.64218622807516,6.405761763365187e-08
357.5592171453665,-59.64876691888704,24.62444109090149,-0.1483884747844142,-1.6412990793311142,6.46652433482092e-08
357.5790052601738,-59.64810238533063,24.63277579123473,-0.14686260223108563,-1.640413263518639,6.525862112478278e-08
357.59879297281424,-59.64743868609272,24.641110431878033,-0.14534312414360961,-1.6395287861464136,6.583781832950966e-08
357.6185802865511,-59.6467758211928,24.649445012831393,-0.14383003887421983,-1.638645652721584,6.640280127932131e-08
357.63836720464735,-59.64611379064923,24.657779534094814,-0.14232334477215394,-1.6377638687497624,6.695360365728626e-08
357.6581537303656,-59.6454525944792,24.6661139956683,-0.1408230401836487,-1.636883439735029,6.74902254634045e-08
357.67793986696813,-59.64479223269877,24.67444839755184,-0.1393291234519476,-1.6360043711799348,6.801266669767605e-08
357.69772561771674,-59.644132705322804,24.68278273974544,-0.13784159291729592,-1.6351266685854986,6.852094420163514e-08
357.71751098587305,-59.64347401236507,24.691117022249102,-0.1363604469169403,-1.6342503374512138,6.901502429221327e-08
357.73729597469804,-59.64281615383812,24.699451245062825,-0.13488568378513877,-1.6333753832750446,6.949494065247895e-08
357.75708058745266,-59.642159129753416,24.707785408186613,-0.13341730185314474,-1.6325018115534298,6.996071012396646e-08
357.7768648273971,-59.64150294012123,24.716119511620462,-0.13195529944922765,-1.6316296277812816,7.041229902360724e-08
357.79664869779134,-59.64084758495069,24.72445355536437,-0.1304996748986544,-1.6307588374519915,7.08497241929356e-08
357.81643220189534,-59.64019306424978,24.732787539418336,-0.1290504265236959,-1.6298894460574265,7.127305299808854e-08
357.836215342968,-59.639539378025326,24.741121463782367,-0.12760755264363874,-1.629021459087931,7.168220123139477e-08
357.8559981242683,-59.63888652628299,24.749455328456452,-0.12617105157476788,-1.6281548820323308,7.207720257592283e-08
357.87578054905487,-59.6382345090273,24.757789133440596,-0.12474092163037465,-1.6272897203779317,7.24580907147412e-08
357.89556262058557,-59.637583326261634,24.766122878734812,-0.12331716112076672,-1.6264259796105203,7.282484880631567e-08
357.9153443421185,-59.63693297798821,24.774456564339086,-0.1218997683532464,-1.6255636652143672,7.317752737524898e-08
357.93512571691065,-59.63628346420809,24.78279019025342,-0.1204887416321356,-1.6247027826722285,7.351602537233559e-08
357.95490674821906,-59.635634784921194,24.79112375647781,-0.11908407925875886,-1.6238433374653416,7.384041016371254e-08
357.9746874393006,-59.63498694012629,24.799457263012265,-0.11768577953144321,-1.6229853350734345,7.415068174937981e-08
357.9944677934112,-59.63433992982102,24.807790709856775,-0.11629384074553792,-1.6221287809747198,7.444687381240594e-08
358.0142478138067,-59.6336937540018,24.816124097011354,-0.11490826119339131,-1.621273680645899,7.472893582818814e-08
358.03402750374283,-59.633048412663975,24.82445742447599,-0.11352903916435989,-1.6204200395621637,7.499690147979494e-08
358.0538068664743,-59.63240390580172,24.832790692250683,-0.112156172944821,-1.6195678631971995,7.525078760876059e-08
358.073585905256,-59.63176023340804,24.841123900335447,-0.11078966081814787,-1.618717157023176,7.549057737355083e-08
358.09336462334204,-59.631117395474796,24.84945704873026,-0.10942950106473674,-1.6178679265107636,7.571628761569993e-08
358.1131430239864,-59.63047539199273,24.857790137435146,-0.10807569196198502,-1.6170201771291228,7.592796885981067e-08
358.13292111044274,-59.62983422295136,24.866123166450084,-0.10672823178430266,-1.6161739143459113,7.612553689821172e-08
358.15269888596384,-59.62919388833913,24.874456135775088,-0.10538711880311873,-1.6153291436272816,7.63089580478346e-08
358.1724763538027,-59.62855438814333,24.882789045410146,-0.1040523512868628,-1.6144858704378862,7.647841756555617e-08
358.19225351721167,-59.62791572235004,24.891121895355266,-0.10272392750097911,-1.6136441002408712,7.663376387756805e-08
358.21203037944247,-59.62727789094424,24.899454685610447,-0.10140184570793172,-1.6128038384978876,7.677504750847304e-08
358.2318069437469,-59.626640893909766,24.907787416175697,-0.10008610416718475,-1.6119650906690854,7.690230214133967e-08
358.2515832133758,-59.62600473122929,24.916120087051002,-0.09877670113522782,-1.6111278622131158,7.701549409309941e-08
358.27135919158025,-59.62536940288431,24.924452698236365,-0.0974736348655511,-1.6102921585871335,7.711465704682079e-08
358.29113488161056,-59.62473490885522,24.932785249731797,-0.09617690360866168,-1.609457985246797,7.719974047790102e-08
358.3109102867166,-59.62410124912123,24.94111774153728,-0.09488650561208675,-1.6086253476462713,7.727081175247714e-08
358.33068541014796,-59.623468423660434,24.94945017365283,-0.09360243912035969,-1.6077942512382262,7.732782034594639e-08
358.350460255154,-59.62283643244975,24.95778254607844,-0.09232470237502659,-1.6069647014738389,7.737079994137725e-08
358.37023482498324,-59.62220527546499,24.966114858814112,-0.09105329361465653,-1.606136703802797,7.739980106337253e-08
358.3900091228843,-59.62157495268075,24.974447111859842,-0.08978821107482086,-1.6053102636732959,7.741475634579519e-08
358.4097831521049,-59.62094546407052,24.98277930521563,-0.08852945298811658,-1.6044853865320432,7.74156657886452e-08
358.4295569158929,-59.620316809606656,24.991111438881482,-0.08727701758414827,-1.603662077824255,7.740251255038835e-08
358.44933041749545,-59.61968898926035,24.9994435128574,-0.08603090308953568,-1.6028403429936644,7.737541452176442e-08
358.4691036601591,-59.61906200300163,25.007775527143377,-0.08479110772792114,-1.6020201874825166,7.73343380197049e-08
358.4888766471305,-59.61843585079941,25.01610748173942,-0.08355762971995048,-1.601201616731572,7.72791988365385e-08
358.5086493816554,-59.61781053262142,25.024439376645507,-0.08233046728329844,-1.6003846361801077,7.721008117993651e-08
358.52842186697944,-59.617186048434284,25.03277121186166,-0.08110961863264629,-1.5995692512659156,7.71269513668304e-08
358.548194106348,-59.61656239820346,25.041102987387887,-0.07989508197968981,-1.5987554674253088,7.702987676335724e-08
358.5679661030056,-59.61593958189324,25.049434703224165,-0.07868685553315134,-1.5979432900931196,7.691875632031144e-08
358.5877378601966,-59.615317599466785,25.0577663593705,-0.07748493749876191,-1.5971327247027,7.67936405622958e-08
358.6075093811652,-59.61469645088613,25.066097955826905,-0.0762893260792672,-1.5963237766859222,7.665458001391309e-08
358.6272806691546,-59.614076136112146,25.074429492593364,-0.07510001947444045,-1.5955164514731843,7.650152415056053e-08
358.6470517274082,-59.61345665510456,25.082760969669888,-0.07391701588105754,-1.594710754493404,7.63345234968409e-08
358.6668225591685,-59.61283800782192,25.091092387056474,-0.07274031349292737,-1.5939066911740278,7.615347700354865e-08
358.686593167678,-59.6122201942217,25.099423744753114,-0.07156991050086264,-1.593104266941026,7.595851940295785e-08
358.70636355617864,-59.611603214260164,25.107755042759823,-0.07040580509269766,-1.5923034872188964,7.574956648739718e-08
358.72613372791164,-59.61098706789247,25.11608628107659,-0.06924799545329241,-1.5915043574306642,7.552668562300373e-08
358.74590368611825,-59.6103717550726,25.12441745970341,-0.06809647976451551,-1.5907068829978843,7.528982628517468e-08
358.7656734340393,-59.60975727575342,25.132748578640292,-0.06695125620525227,-1.5899110693406417,7.50390053154443e-08
358.7854429749147,-59.60914362988662,25.141079637887252,-0.0658123229514194,-1.5891169218775516,7.477418903074408e-08
358.8052123119846,-59.60853081742279,25.14941063744426,-0.06467967817593501,-1.5883244460257637,7.449547848027956e-08
358.82498144848813,-59.607918838311306,25.15774157731132,-0.06355332004875272,-1.5875336472009591,7.420278945637945e-08
358.8447503876645,-59.6073076925005,25.166072457488458,-0.062433246736832496,-1.5867445308173533,7.389622300824932e-08
358.86451913275226,-59.60669737993744,25.174403277975646,-0.06131945640415448,-1.5859571022876995,7.357557703747804e-08
358.88428768698947,-59.60608790056815,25.182734038772896,-0.06021194721172855,-1.5851713670232848,7.324108732554525e-08
358.904056053614,-59.60547925433745,25.191064739880215,-0.05911071731757121,-1.584387330433934,7.28926528232454e-08
358.92382423586326,-59.60487144118905,25.199395381297588,-0.058015764876722054,-1.583604997928013,7.253029037211274e-08
358.94359223697387,-59.6042644610655,25.207725963025023,-0.056927088041247124,-1.5828243749124251,7.2153983130613e-08
358.96336006018265,-59.603658313908184,25.216056485062516,-0.055844684960220756,-1.5820454667926165,7.17637310987462e-08
358.9831277087254,-59.60305299965739,25.224386947410075,-0.05476855377974912,-1.5812682789725714,7.135955111804659e-08
359.0028951858379,-59.60244851825226,25.232717350067695,-0.05369869264295063,-1.5804928168548207,7.094147687158268e-08
359.02266249475537,-59.60184486963072,25.24104769303537,-0.0526350996899609,-1.5797190858404386,7.050945783475171e-08
359.0424296387125,-59.60124205372965,25.249377976313102,-0.051577773057946405,-1.5789470913290427,7.006356137369071e-08
359.0621966209438,-59.60064007048472,25.257708199900907,-0.05052671088108622,-1.5781768387187955,6.960375380533116e-08
359.08196344468325,-59.60003891983047,25.266038363798767,-0.04948191129057819,-1.5774083334064113,6.91299340804675e-08
359.10173011316414,-59.599438601700335,25.274368468006685,-0.04844337241464869,-1.5766415807871486,6.864232113904512e-08
359.12149662961986,-59.59883911602654,25.282698512524668,-0.047411092378536066,-1.5758765862548145,6.814071288265288e-08
359.14126299728275,-59.59824046274024,25.29102849735271,-0.04638506930450946,-1.5751133552017682,6.762526088509914e-08
359.16102921938534,-59.5976426417714,25.299358422490815,-0.04536530131184797,-1.5743518930189213,6.709589778024684e-08
359.18079529915923,-59.59704565304886,25.30768828793898,-0.04435178651685888,-1.5735922050957343,6.655257304349322e-08
359.2005612398359,-59.59644949650031,25.316018093697206,-0.04334452303286726,-1.5728342968202234,6.59954382486466e-08
359.22032704464635,-59.595854172052285,25.324347839765487,-0.042343508970220545,-1.572078173578957,6.54243249803644e-08
359.2400927168209,-59.595259679630225,25.33267752614383,-0.041348742436289596,-1.5713238407570616,6.48393679709207e-08
359.2598582595898,-59.594666019158375,25.34100715283224,-0.040360221535462086,-1.5705713037382167,6.424051669571269e-08
359.27962367618267,-59.594073190559875,25.34933671983071,-0.039377944369149265,-1.5698205679046626,6.362778799627466e-08
359.29938896982867,-59.593481193756716,25.35766622713924,-0.038401909035785206,-1.5690716386371961,6.30011818726066e-08
359.3191541437566,-59.59289002866971,25.36599567475783,-0.03743211363082533,-1.5683245213151735,6.236063095857147e-08
359.3389192011948,-59.592299695218585,25.374325062686477,-0.03646855624674339,-1.5675792213165116,6.17061689372378e-08
359.3586841453712,-59.591710193321916,25.382654390925182,-0.03551123497303895,-1.566835744017689,6.103798106548243e-08
359.3784489795133,-59.5911215228971,25.390983659473957,-0.03456014789623031,-1.5660940947937463,6.035584840335998e-08
359.398213706848,-59.59053368386041,25.39931286833279,-0.033615293099860374,-1.5653542790182886,5.965978779240474e-08
359.41797833060207,-59.589946676127006,25.407642017501686,-0.03267666866449087,-1.5646163020634842,5.894990028182224e-08
359.4377428540015,-59.58936049961086,25.415971106980628,-0.031744272667708365,-1.563880169300068,5.822605113933841e-08
359.4575072802721,-59.58877515422487,25.42430013676964,-0.030818103184117963,-1.5631458860973408,5.748842562183011e-08
359.47727161263913,-59.588190639880736,25.43262910686872,-0.02989815828535233,-1.562413457823171,5.673690583855753e-08
359.49703585432735,-59.58760695648902,25.440958017277854,-0.02898443604006034,-1.5616828898439954,5.597152547258917e-08
359.51680000856123,-59.58702410395917,25.449286867997046,-0.02807693451391589,-1.5609541875248218,5.5192233999322265e-08
359.5365640785647,-59.5864420821995,25.457615659026306,-0.027175651769614104,-1.5602273562292261,5.439913246796237e-08
359.5563280675612,-59.58586089111715,25.465944390365614,-0.026280585866874973,-1.5595024013193586,5.359215351237245e-08
359.5760919787739,-59.58528053061814,25.474273062014994,-0.025391734862435136,-1.5587793281559394,5.2771313974086745e-08
359.59585581542524,-59.58470100060735,25.482601673974433,-0.02450909681005968,-1.5580581420982635,5.1936546486968246e-08
359.61561958073753,-59.58412230098855,25.49093022624393,-0.02363266976053258,-1.5573388485042017,5.108803630789379e-08
359.6353832779324,-59.583544431664286,25.499258718823487,-0.02276245176165927,-1.5566214527301967,5.022561502152078e-08
359.65514691023117,-59.58296739253607,25.507587151713107,-0.021898440858269894,-1.5559059601312737,4.9349349993986264e-08
359.67491048085463,-59.582391183504186,25.51591552491278,-0.021040635092215026,-1.555192376061029,4.845920754222172e-08
359.6946739930232,-59.581815804467844,25.52424383842252,-0.020189032502368573,-1.5544807058716419,4.755522134929567e-08
359.7144374499566,-59.58124125532509,25.53257209224232,-0.019343631124628523,-1.5537709549138685,4.663740825674236e-08
359.73420085487453,-59.5806675359728,25.54090028637218,-0.01850442899191017,-1.5530631285370484,4.570573458149329e-08
359.753964210996,-59.58009464630679,25.5492284208121,-0.017671424134155247,-1.5523572320890993,4.476018348201418e-08
359.7737275215394,-59.579522586221664,25.557556495562086,-0.01684461457832765,-1.551653270916523,4.3800822324442086e-08
359.79349078972297,-59.5789513556109,25.56588451062212,-0.01602399834841131,-1.5509512503644072,4.282755005957144e-08
359.8132540187643,-59.57838095436687,25.574212465992225,-0.015209573465413895,-1.550251175776419,4.1840467736607806e-08
359.83301721188064,-59.577811382380816,25.58254036167239,-0.01440133794736644,-1.549553052494814,4.08396090386197e-08
359.8527803722887,-59.577242639542774,25.590868197662616,-0.0135992898093199,-1.5488568858604352,3.982482239179878e-08
359.8725435032048,-59.576674725741704,25.5991959739629,-0.012803427063347708,-1.5481626812127112,3.879620884535061e-08
