galstreams/tracks/track.st.Parallel.weiss2018.ecsv
# %ECSV 1.0
# ---
# datatype:
# - {name: ra, unit: deg, datatype: float64}
# - {name: dec, unit: deg, datatype: float64}
# - {name: distance, unit: kpc, datatype: float64}
# - {name: pm_ra_cosdec, unit: mas / yr, datatype: float64}
# - {name: pm_dec, unit: mas / yr, datatype: float64}
# - {name: radial_velocity, unit: km / s, datatype: float64}
# delimiter: ','
# meta: !!omap
# - __serialized_columns__:
#     dec:
#       __class__: astropy.coordinates.angles.Latitude
#       unit: &id001 !astropy.units.Unit {unit: deg}
#       value: !astropy.table.SerializedColumn {name: dec}
#     distance:
#       __class__: astropy.coordinates.distances.Distance
#       unit: !astropy.units.Unit {unit: kpc}
#       value: !astropy.table.SerializedColumn {name: distance}
#     pm_dec:
#       __class__: astropy.units.quantity.Quantity
#       unit: !astropy.units.Unit {unit: mas / yr}
#       value: !astropy.table.SerializedColumn {name: pm_dec}
#     pm_ra_cosdec:
#       __class__: astropy.units.quantity.Quantity
#       unit: !astropy.units.Unit {unit: mas / yr}
#       value: !astropy.table.SerializedColumn {name: pm_ra_cosdec}
#     ra:
#       __class__: astropy.coordinates.angles.Longitude
#       unit: *id001
#       value: !astropy.table.SerializedColumn {name: ra}
#       wrap_angle: !astropy.coordinates.Angle
#         unit: *id001
#         value: 360.0
#     radial_velocity:
#       __class__: astropy.units.quantity.Quantity
#       unit: !astropy.units.Unit {unit: km / s}
#       value: !astropy.table.SerializedColumn {name: radial_velocity}
# schema: astropy-2.0
ra,dec,distance,pm_ra_cosdec,pm_dec,radial_velocity
192.7993800512803,0.028313991964308883,14.799999999999986,0.0,0.0,0.0
192.78987581904482,0.03201998793178442,14.800151256828062,0.0,0.0,0.0
192.78037155929994,0.03572594159050572,14.800302513656142,0.0,0.0,0.0
192.77086727200683,0.039431852901030656,14.800453770484214,0.0,0.0,0.0
192.7613629571268,0.04313772182388596,14.800605027312294,0.0,0.0,0.0
192.75185861462109,0.04684354831962887,14.800756284140368,0.0,0.0,0.0
192.74235424445092,0.05054933234879878,14.800907540968447,0.0,0.0,0.0
192.7328498465777,0.0542550738719284,14.801058797796523,0.0,0.0,0.0
192.72334542096252,0.057960772849578186,14.801210054624597,0.0,0.0,0.0
192.71384096756674,0.061666429242278824,14.801361311452675,0.0,0.0,0.0
192.70433648635156,0.065372043010594,14.801512568280753,0.0,0.0,0.0
192.69483197727826,0.0690776141150587,14.801663825108829,0.0,0.0,0.0
192.6853274403082,0.07278314251621334,14.801815081936907,0.0,0.0,0.0
192.6758228754026,0.07648862817462058,14.801966338764979,0.0,0.0,0.0
192.6663182825227,0.08019407105081346,14.80211759559306,0.0,0.0,0.0
192.65681366162977,0.08389947110535396,14.802268852421136,0.0,0.0,0.0
192.64730901268516,0.08760482829877599,14.802420109249212,0.0,0.0,0.0
192.63780433565003,0.09131014259164785,14.802571366077288,0.0,0.0,0.0
192.62829963048574,0.09501541394450987,14.802722622905366,0.0,0.0,0.0
192.61879489715363,0.09872064231790278,14.802873879733443,0.0,0.0,0.0
192.60929013561488,0.10242582767239564,14.803025136561518,0.0,0.0,0.0
192.59978534583084,0.10613096996852393,14.803176393389595,0.0,0.0,0.0
192.59028052776273,0.10983606916685495,14.80332765021767,0.0,0.0,0.0
192.58077568137193,0.11354112522792602,14.803478907045747,0.0,0.0,0.0
192.57127080661965,0.11724613811230691,14.803630163873825,0.0,0.0,0.0
192.5617659034672,0.12095110778054356,14.803781420701899,0.0,0.0,0.0
192.55226097187594,0.12465603419318125,14.803932677529977,0.0,0.0,0.0
192.54275601180709,0.12836091731079055,14.804083934358056,0.0,0.0,0.0
192.53325102322202,0.13206575709391397,14.804235191186132,0.0,0.0,0.0
192.52374600608195,0.13577055350311956,14.80438644801421,0.0,0.0,0.0
192.51424096034827,0.13947530649895032,14.804537704842284,0.0,0.0,0.0
192.50473588598217,0.1431800160419781,14.804688961670358,0.0,0.0,0.0
192.49523078294504,0.14688468209275327,14.804840218498436,0.0,0.0,0.0
192.4857256511982,0.15058930461182574,14.804991475326513,0.0,0.0,0.0
192.47622049070293,0.15429388355977147,14.805142732154593,0.0,0.0,0.0
192.46671530142055,0.1579984188971313,14.805293988982669,0.0,0.0,0.0
192.45721008331233,0.161702910584483,14.805445245810747,0.0,0.0,0.0
192.44770483633965,0.16540735858237748,14.80559650263882,0.0,0.0,0.0
192.43819956046383,0.16911176285136936,14.805747759466897,0.0,0.0,0.0
192.4286942556461,0.17281612335203483,14.805899016294974,0.0,0.0,0.0
192.4191889218479,0.17652044004491832,14.806050273123049,0.0,0.0,0.0
192.40968355903047,0.18022471289060188,14.80620152995113,0.0,0.0,0.0
192.40017816715513,0.18392894184963945,14.806352786779206,0.0,0.0,0.0
192.39067274618333,0.18763312688258416,14.80650404360728,0.0,0.0,0.0
192.3811672960762,0.19133726795001982,14.80665530043536,0.0,0.0,0.0
192.37166181679524,0.19504136501249275,14.806806557263435,0.0,0.0,0.0
192.3621563083017,0.1987454180305855,14.806957814091511,0.0,0.0,0.0
192.35265077055698,0.20244942696484627,14.807109070919585,0.0,0.0,0.0
192.34314520352228,0.2061533917758589,14.807260327747665,0.0,0.0,0.0
192.33363960715906,0.20985731242418287,14.807411584575739,0.0,0.0,0.0
192.3241339814287,0.21356118887037565,14.807562841403817,0.0,0.0,0.0
192.31462832629236,0.21726502107502296,14.807714098231893,0.0,0.0,0.0
192.3051226417116,0.2209688089986758,14.807865355059972,0.0,0.0,0.0
192.29561692764756,0.224672552601922,14.808016611888045,0.0,0.0,0.0
192.28611118406178,0.22837625184531055,14.808167868716124,0.0,0.0,0.0
192.27660541091547,0.23207990668943312,14.8083191255442,0.0,0.0,0.0
192.26709960816999,0.23578351709485115,14.808470382372276,0.0,0.0,0.0
192.2575937757868,0.23948708302212324,14.808621639200355,0.0,0.0,0.0
192.24808791372712,0.24319060443184407,14.808772896028431,0.0,0.0,0.0
192.23858202195245,0.246894081284565,14.808924152856507,0.0,0.0,0.0
192.229076100424,0.25059751354087795,14.809075409684585,0.0,0.0,0.0
192.2195701491033,0.25430090116133947,14.809226666512657,0.0,0.0,0.0
192.21006416795151,0.2580042441065391,14.809377923340737,0.0,0.0,0.0
192.20055815693013,0.2617075423370442,14.809529180168813,0.0,0.0,0.0
192.19105211600052,0.2654107958134227,14.80968043699689,0.0,0.0,0.0
192.18154604512395,0.2691140044962645,14.809831693824968,0.0,0.0,0.0
192.17203994426197,0.27281716834613123,14.809982950653044,0.0,0.0,0.0
192.1625338133758,0.2765202873236164,14.810134207481122,0.0,0.0,0.0
192.15302765242683,0.2802233613892876,14.810285464309196,0.0,0.0,0.0
192.1435214613765,0.28392639050371665,14.810436721137272,0.0,0.0,0.0
192.13401524018613,0.2876293746274968,14.810587977965353,0.0,0.0,0.0
192.12450898881718,0.2913323137211923,14.810739234793429,0.0,0.0,0.0
192.11500270723093,0.2950352077453985,14.810890491621505,0.0,0.0,0.0
192.10549639538883,0.29873805666067793,14.81104174844958,0.0,0.0,0.0
192.09599005325222,0.30244086042762963,14.811193005277657,0.0,0.0,0.0
192.08648368078252,0.30614361900682685,14.811344262105735,0.0,0.0,0.0
192.07697727794113,0.30984633235884257,14.81149551893381,0.0,0.0,0.0
192.06747084468938,0.31354900044427575,14.811646775761888,0.0,0.0,0.0
192.05796438098878,0.31725162322369344,14.811798032589964,0.0,0.0,0.0
192.04845788680058,0.32095420065769525,14.811949289418044,0.0,0.0,0.0
192.03895136208624,0.32465673270685547,14.812100546246118,0.0,0.0,0.0
192.02944480680722,0.3283592193317545,14.812251803074192,0.0,0.0,0.0
192.01993822092481,0.33206166049299,14.81240305990227,0.0,0.0,0.0
192.01043160440054,0.3357640561511349,14.812554316730349,0.0,0.0,0.0
192.0009249571957,0.3394664062667897,14.812705573558423,0.0,0.0,0.0
191.99141827927178,0.3431687108005268,14.8128568303865,0.0,0.0,0.0
191.98191157059009,0.34687096971294873,14.813008087214579,0.0,0.0,0.0
191.9724048311121,0.3505731829646339,14.813159344042655,0.0,0.0,0.0
191.9628980607993,0.3542753505161669,14.81331060087073,0.0,0.0,0.0
191.9533912596129,0.3579774723281517,14.813461857698806,0.0,0.0,0.0
191.94388442751458,0.361679548361159,14.813613114526882,0.0,0.0,0.0
191.93437756446554,0.36538157857579867,14.813764371354958,0.0,0.0,0.0
191.92487067042734,0.36908356293264355,14.813915628183038,0.0,0.0,0.0
191.91536374536128,0.3727855013923055,14.814066885011114,0.0,0.0,0.0
191.9058567892288,0.37648739391536234,14.81421814183919,0.0,0.0,0.0
191.89634980199148,0.3801892404624022,14.814369398667264,0.0,0.0,0.0
191.88684278361058,0.3838910409940347,14.814520655495341,0.0,0.0,0.0
191.87733573404765,0.38759279547083597,14.814671912323417,0.0,0.0,0.0
191.86782865326398,0.39129450385341635,14.814823169151497,0.0,0.0,0.0
191.8583215412212,0.3949961661023551,14.814974425979571,0.0,0.0,0.0
191.84881439788052,0.398697782178266,14.81512568280765,0.0,0.0,0.0
191.83930722320346,0.40239935204173494,14.815276939635725,0.0,0.0,0.0
191.8298000171516,0.40610087565335035,14.815428196463804,0.0,0.0,0.0
191.8202927796862,0.4098023529737255,14.815579453291877,0.0,0.0,0.0
191.81078551076885,0.41350378396344245,14.815730710119956,0.0,0.0,0.0
191.8012782103608,0.41720516858311724,14.81588196694803,0.0,0.0,0.0
191.79177087842368,0.42090650679333835,14.81603322377611,0.0,0.0,0.0
191.7822635149189,0.42460779855469766,14.816184480604187,0.0,0.0,0.0
191.7727561198078,0.42830904382781276,14.816335737432263,0.0,0.0,0.0
191.76324869305202,0.43201024257326653,14.816486994260341,0.0,0.0,0.0
191.75374123461287,0.4357113947516777,14.816638251088419,0.0,0.0,0.0
191.74423374445183,0.43941250032363943,14.816789507916491,0.0,0.0,0.0
191.73472622253044,0.44311355924974594,14.816940764744569,0.0,0.0,0.0
191.72521866881002,0.44681457149061593,14.817092021572646,0.0,0.0,0.0
191.7157110832522,0.4505155370068371,14.817243278400724,0.0,0.0,0.0
191.70620346581828,0.4542164557590302,14.8173945352288,0.0,0.0,0.0
191.69669581646988,0.4579173277077809,14.817545792056874,0.0,0.0,0.0
191.68718813516833,0.46161815281371504,14.817697048884952,0.0,0.0,0.0
191.67768042187515,0.4653189310374297,14.817848305713028,0.0,0.0,0.0
191.6681726765519,0.4690196623395195,14.817999562541106,0.0,0.0,0.0
191.65866489915996,0.4727203466806106,14.818150819369183,0.0,0.0,0.0
191.64915708966083,0.4764209840212928,14.818302076197256,0.0,0.0,0.0
191.63964924801596,0.48012157432219355,14.818453333025337,0.0,0.0,0.0
191.63014137418693,0.4838221175439015,14.818604589853411,0.0,0.0,0.0
191.62063346813508,0.48752261364704425,14.818755846681489,0.0,0.0,0.0
191.61112552982198,0.49122306259222265,14.818907103509565,0.0,0.0,0.0
191.60161755920913,0.49492346434003975,14.81905836033764,0.0,0.0,0.0
191.59210955625795,0.49862381885112234,14.819209617165717,0.0,0.0,0.0
191.58260152093004,0.5023241260860652,14.819360873993796,0.0,0.0,0.0
191.57309345318677,0.5060243860054991,14.819512130821874,0.0,0.0,0.0
191.56358535298975,0.5097245985700178,14.819663387649948,0.0,0.0,0.0
191.55407722030034,0.5134247637402519,14.819814644478024,0.0,0.0,0.0
191.54456905508013,0.5171248814768088,14.819965901306105,0.0,0.0,0.0
191.53506085729066,0.5208249517402921,14.820117158134176,0.0,0.0,0.0
191.52555262689333,0.5245249744913353,14.820268414962253,0.0,0.0,0.0
191.51604436384974,0.5282249496905366,14.820419671790331,0.0,0.0,0.0
191.50653606812128,0.5319248772985301,14.820570928618409,0.0,0.0,0.0
191.49702773966953,0.5356247572759226,14.820722185446485,0.0,0.0,0.0
191.48751937845608,0.5393245895833243,14.820873442274562,0.0,0.0,0.0
191.4780109844423,0.5430243741813695,14.82102469910264,0.0,0.0,0.0
191.4685025575898,0.5467241110306601,14.821175955930716,0.0,0.0,0.0
191.45899409786003,0.5504238000918326,14.82132721275879,0.0,0.0,0.0
191.44948560521462,0.5541234413254883,14.82147846958687,0.0,0.0,0.0
191.43997707961492,0.5578230346922682,14.821629726414946,0.0,0.0,0.0
191.43046852102256,0.561522580152781,14.821780983243023,0.0,0.0,0.0
191.4209599293991,0.5652220776676409,14.821932240071098,0.0,0.0,0.0
191.41145130470596,0.568921527197486,14.822083496899173,0.0,0.0,0.0
191.40194264690476,0.572620928702926,14.822234753727253,0.0,0.0,0.0
191.392433955957,0.5763202821445971,14.822386010555327,0.0,0.0,0.0
191.38292523182415,0.5800195874831157,14.822537267383405,0.0,0.0,0.0
191.37341647446786,0.5837188446790991,14.82268852421148,0.0,0.0,0.0
191.3639076838496,0.5874180536931863,14.822839781039558,0.0,0.0,0.0
191.35439885993094,0.5911172144859901,14.822991037867634,0.0,0.0,0.0
191.34489000267334,0.5948163270181508,14.82314229469571,0.0,0.0,0.0
191.33538111203848,0.59851539125028,14.823293551523788,0.0,0.0,0.0
191.32587218798776,0.6022144071430205,14.823444808351864,0.0,0.0,0.0
191.31636323048278,0.6059133746569925,14.82359606517994,0.0,0.0,0.0
191.3068542394852,0.6096122937528159,14.823747322008016,0.0,0.0,0.0
191.29734521495635,0.6133111643911396,14.823898578836097,0.0,0.0,0.0
191.28783615685805,0.6170099865325714,14.824049835664171,0.0,0.0,0.0
191.2783270651516,0.6207087601377625,14.824201092492249,0.0,0.0,0.0
191.2688179397987,0.6244074851673261,14.824352349320323,0.0,0.0,0.0
191.25930878076085,0.6281061615819107,14.824503606148403,0.0,0.0,0.0
191.24979958799966,0.6318047893421385,14.824654862976478,0.0,0.0,0.0
191.24029036147672,0.6355033684086354,14.824806119804554,0.0,0.0,0.0
191.23078110115347,0.639201898742052,14.824957376632634,0.0,0.0,0.0
191.22127180699164,0.6429003803030042,14.82510863346071,0.0,0.0,0.0
191.21176247895264,0.6465988130521441,14.825259890288784,0.0,0.0,0.0
191.20225311699815,0.6502971969500904,14.82541114711686,0.0,0.0,0.0
191.19274372108967,0.653995531957495,14.825562403944938,0.0,0.0,0.0
191.18323429118882,0.657693818034985,14.825713660773012,0.0,0.0,0.0
191.17372482725722,0.6613920551431909,14.82586491760109,0.0,0.0,0.0
191.16421532925636,0.665090243242767,14.826016174429167,0.0,0.0,0.0
191.1547057971479,0.6687883822943317,14.826167431257245,0.0,0.0,0.0
191.14519623089333,0.6724864722585439,14.826318688085323,0.0,0.0,0.0
191.1356866304543,0.6761845130960322,14.826469944913397,0.0,0.0,0.0
191.12617699579243,0.6798825047674314,14.826621201741474,0.0,0.0,0.0
191.11666732686922,0.6835804472333956,14.826772458569554,0.0,0.0,0.0
191.10715762364637,0.687278340454549,14.826923715397626,0.0,0.0,0.0
191.09764788608535,0.6909761843915533,14.827074972225706,0.0,0.0,0.0
191.08813811414782,0.6946739790050396,14.827226229053782,0.0,0.0,0.0
191.07862830779544,0.6983717242556423,14.827377485881858,0.0,0.0,0.0
191.0691184669897,0.7020694201040243,14.827528742709935,0.0,0.0,0.0
191.0596085916923,0.7057670665108116,14.827679999538011,0.0,0.0,0.0
191.0500986818647,0.7094646634366641,14.827831256366085,0.0,0.0,0.0
191.0405887374687,0.7131622108422128,14.827982513194165,0.0,0.0,0.0
191.03107875846578,0.7168597086881207,14.82813377002224,0.0,0.0,0.0
191.02156874481753,0.7205571569350234,14.828285026850319,0.0,0.0,0.0
191.01205869648567,0.7242545555435616,14.828436283678395,0.0,0.0,0.0
191.0025486134317,0.7279519044743976,14.82858754050647,0.0,0.0,0.0
190.99303849561736,0.7316492036881681,14.828738797334546,0.0,0.0,0.0
190.98352834300417,0.7353464531455335,14.828890054162624,0.0,0.0,0.0
190.9740181555538,0.7390436528071289,14.8290413109907,0.0,0.0,0.0
190.96450793322782,0.7427408026336211,14.829192567818774,0.0,0.0,0.0
190.95499767598787,0.746437902585653,14.829343824646855,0.0,0.0,0.0
190.94548738379564,0.7501349526238666,14.82949508147493,0.0,0.0,0.0
190.93597705661267,0.7538319527089316,14.829646338303009,0.0,0.0,0.0
190.92646669440072,0.7575289028014831,14.829797595131083,0.0,0.0,0.0
190.91695629712126,0.7612258028621912,14.829948851959157,0.0,0.0,0.0
190.90744586473605,0.7649226528516945,14.830100108787237,0.0,0.0,0.0
190.89793539720665,0.7686194527306619,14.830251365615313,0.0,0.0,0.0
190.88842489449473,0.7723162024597412,14.830402622443389,0.0,0.0,0.0
190.878914356562,0.7760129019995798,14.830553879271466,0.0,0.0,0.0
190.86940378336996,0.7797095513108503,14.83070513609954,0.0,0.0,0.0
190.8598931748804,0.7834061503541929,14.830856392927618,0.0,0.0,0.0
190.8503825310548,0.787102699090284,14.831007649755694,0.0,0.0,0.0
190.84087185185498,0.7907991974797696,14.831158906583774,0.0,0.0,0.0
190.83136113724257,0.7944956454833023,14.83131016341185,0.0,0.0,0.0
190.82185038717907,0.7981920430615578,14.831461420239927,0.0,0.0,0.0
190.81233960162635,0.8018883901751799,14.831612677068005,0.0,0.0,0.0
190.80282878054587,0.805584686784844,14.83176393389608,0.0,0.0,0.0
190.79331792389945,0.8092809328511976,14.831915190724157,0.0,0.0,0.0
190.78380703164865,0.8129771283349162,14.832066447552235,0.0,0.0,0.0
190.77429610375515,0.8166732731966564,14.832217704380309,0.0,0.0,0.0
190.7647851401807,0.8203693673970699,14.832368961208388,0.0,0.0,0.0
190.75527414088683,0.8240654108968395,14.832520218036462,0.0,0.0,0.0
190.74576310583535,0.8277614036566118,14.832671474864537,0.0,0.0,0.0
190.7362520349878,0.8314573456370702,14.832822731692616,0.0,0.0,0.0
190.72674092830596,0.8351532367988685,14.832973988520694,0.0,0.0,0.0
190.7172297857515,0.8388490771026678,14.833125245348771,0.0,0.0,0.0
190.70771860728604,0.8425448665091485,14.833276502176847,0.0,0.0,0.0
190.69820739287132,0.8462406049789615,14.833427759004921,0.0,0.0,0.0
190.68869614246898,0.849936292472795,14.833579015833,0.0,0.0,0.0
190.67918485604073,0.8536319289512969,14.833730272661077,0.0,0.0,0.0
190.66967353354823,0.8573275143751559,14.833881529489155,0.0,0.0,0.0
190.66016217495317,0.861023048705032,14.83403278631723,0.0,0.0,0.0
190.65065078021735,0.8647185319015882,14.834184043145306,0.0,0.0,0.0
190.64113934930228,0.8684139639255106,14.834335299973386,0.0,0.0,0.0
190.63162788216982,0.8721093447374552,14.834486556801458,0.0,0.0,0.0
190.62211637878156,0.8758046742981103,14.834637813629536,0.0,0.0,0.0
190.6126048390993,0.8794999525681344,14.834789070457614,0.0,0.0,0.0
190.60309326308462,0.8831951795082147,14.83494032728569,0.0,0.0,0.0
