galstreams/tracks/track.st.AAU-AliqaUma.li2021.ecsv
# %ECSV 0.9
# ---
# datatype:
# - {name: ra, unit: deg, datatype: float64}
# - {name: dec, unit: deg, datatype: float64}
# - {name: distance, unit: kpc, datatype: float64}
# - {name: pm_ra_cosdec, unit: mas / yr, datatype: float64}
# - {name: pm_dec, unit: mas / yr, datatype: float64}
# - {name: radial_velocity, unit: km / s, datatype: float64}
# delimiter: ','
# meta: !!omap
# - __serialized_columns__:
#     dec:
#       __class__: astropy.coordinates.angles.Latitude
#       unit: &id001 !astropy.units.Unit {unit: deg}
#       value: !astropy.table.SerializedColumn {name: dec}
#     distance:
#       __class__: astropy.coordinates.distances.Distance
#       unit: !astropy.units.Unit {unit: kpc}
#       value: !astropy.table.SerializedColumn {name: distance}
#     pm_dec:
#       __class__: astropy.units.quantity.Quantity
#       unit: !astropy.units.Unit {unit: mas / yr}
#       value: !astropy.table.SerializedColumn {name: pm_dec}
#     pm_ra_cosdec:
#       __class__: astropy.units.quantity.Quantity
#       unit: !astropy.units.Unit {unit: mas / yr}
#       value: !astropy.table.SerializedColumn {name: pm_ra_cosdec}
#     ra:
#       __class__: astropy.coordinates.angles.Longitude
#       unit: *id001
#       value: !astropy.table.SerializedColumn {name: ra}
#       wrap_angle: !astropy.coordinates.Angle
#         unit: *id001
#         value: 360.0
#     radial_velocity:
#       __class__: astropy.units.quantity.Quantity
#       unit: !astropy.units.Unit {unit: km / s}
#       value: !astropy.table.SerializedColumn {name: radial_velocity}
# schema: astropy-2.0
ra,dec,distance,pm_ra_cosdec,pm_dec,radial_velocity
0.41709700259942034,-15.901759208991658,29.675516987170845,0.21709720318009018,-0.5040205349991593,-163.7219800329029
0.4264195342864552,-15.906244235841417,29.669338360722037,0.21713425109893153,-0.5043788106807621,-163.71197902052367
0.4357419927142735,-15.910729704467192,29.66316172909578,0.21717112772734057,-0.5047369423295689,-163.70196419051047
0.44506437807724974,-15.915215614781847,29.65698709229205,0.2172078330604162,-0.5050949299701428,-163.69193554286304
0.4543866905699578,-15.919701966698337,29.65081445031085,0.21724436709324624,-0.5054527736270614,-163.6818930775816
0.46370893038696054,-15.924188760129606,29.644643803152192,0.21728072982090824,-0.5058104733249174,-163.6718367946661
0.4730310977229118,-15.92867599498865,29.638475150816067,0.2173169212384692,-0.5061680290883197,-163.66176669411647
0.4823531927723529,-15.93316367118841,29.632308493302475,0.21735294134098526,-0.5065254409418937,-163.6516827759328
0.49167521573002265,-15.937651788641924,29.626143830611415,0.21738879012350226,-0.506882708910279,-163.64158504011505
0.5009971667907004,-15.942140347262237,29.619981162742896,0.21742446758105563,-0.5072398330181311,-163.6314734866632
0.5103190461490512,-15.946629346962354,29.613820489696916,0.21745997370867007,-0.5075968132901222,-163.62134811557726
0.5196408539999369,-15.951118787655362,29.607661811473463,0.21749530850135965,-0.507953649750939,-163.6112089268573
0.5289625905382074,-15.95560866925437,29.601505128072553,0.21753047195412814,-0.5083103424252852,-163.60105592050326
0.5382842559588091,-15.960098991672481,29.595350439494172,0.21756546406196903,-0.508666891337878,-163.590889096515
0.547605850456572,-15.964589754822802,29.58919774573833,0.2176002848198645,-0.5090232965134525,-163.5807084548927
0.5569273742265232,-15.969080958618484,29.583047046805024,0.21763493422278704,-0.5093795579767577,-163.57051399563647
0.5662488274637307,-15.973572602972737,29.576898342694246,0.2176694122656985,-0.5097356757525595,-163.5603057187461
0.5755702103631497,-15.978064687798692,29.570751633406008,0.21770371894354967,-0.5100916498656388,-163.55008362422157
0.5848915231199318,-15.982557213009576,29.564606918940306,0.21773785425128162,-0.5104474803407921,-163.53984771206302
0.5942127659292152,-15.987050178518622,29.55846419929714,0.2177718181838245,-0.5108031672028318,-163.5295979822704
0.6035339389862354,-15.991543584239109,29.55232347447651,0.2178056107360982,-0.511158710476586,-163.51933443484367
0.6128550424861123,-15.996037430084241,29.546184744478406,0.2178392319030121,-0.5115141101868983,-163.50905706978284
0.6221760766241627,-16.00053171596734,29.540048009302843,0.21787268167946483,-0.5118693663586277,-163.49876588708798
0.6314970415957407,-16.00502644180173,29.53391326894982,0.21790596006034516,-0.5122244790166488,-163.488460886759
0.6408179375960951,-16.00952160750069,29.527780523419334,0.21793906704053084,-0.5125794481858528,-163.47814206879593
0.6501387648206631,-16.01401721297759,29.521649772711374,0.21797200261488958,-0.5129342738911455,-163.46780943319882
0.6594595234648751,-16.018513258145795,29.515521016825954,0.21800476677827846,-0.5132889561574484,-163.4574629799676
0.6687802137242549,-16.02300974291872,29.50939425576307,0.21803735952554448,-0.5136434950096993,-163.44710270910232
0.678100835794211,-16.027506667209718,29.503269489522715,0.21806978085152368,-0.513997890472851,-163.4367286206029
0.6874213898703476,-16.032004030932228,29.4971467181049,0.21810203075104168,-0.5143521425718723,-163.42634071446952
0.6967418761483147,-16.03650183399973,29.491025941509623,0.21813410921891457,-0.5147062513317472,-163.415938990702
0.7060622948236422,-16.04100007632563,29.484907159736885,0.21816601624994714,-0.5150602167774756,-163.4055234493004
0.7153826460920611,-16.04549875782344,29.478790372786666,0.21819775183893425,-0.5154140389340736,-163.39509409026468
0.7247029301492917,-16.049997878406668,29.472675580658994,0.21822931598066023,-0.5157677178265718,-163.3846509135949
0.7340231471911438,-16.054497437988843,29.466562783353854,0.21826070866989897,-0.5161212534800173,-163.37419391929106
0.7433432974133186,-16.058997436483473,29.46045198087125,0.218291929901414,-0.516474645919472,-163.36372310735317
0.752663381011709,-16.06349787380414,29.454343173211186,0.21832297966995878,-0.5168278951700147,-163.3532384777812
0.7619833981822526,-16.067998749864444,29.44823636037365,0.21835385797027632,-0.5171810012567387,-163.34274003057507
0.7713033491207689,-16.072500064577934,29.442131542358652,0.21838456479709864,-0.5175339642047531,-163.33222776573493
0.7806232340232795,-16.077001817858264,29.43602871916619,0.21841510014514812,-0.517886784039183,-163.32170168326067
0.7899430530857933,-16.081504009619056,29.429927890796254,0.21844546400913695,-0.5182394607851687,-163.3111617831523
0.7992628065044103,-16.08600663977401,29.42382905724887,0.21847565638376637,-0.5185919944678665,-163.30060806540996
0.808582494475118,-16.09050970823674,29.41773221852401,0.2185056772637275,-0.5189443851124483,-163.29004053003348
0.8179021171941028,-16.09501321492097,29.411637374621687,0.21853552664370152,-0.5192966327441013,-163.27945917702291
0.827221674857588,-16.099517159740454,29.4055445255419,0.21856520451835876,-0.5196487373880285,-163.26886400637827
0.8365411676616863,-16.104021542608855,29.39945367128465,0.2185947108823596,-0.5200006990694483,-163.25825501809948
0.845860595802706,-16.108526363439964,29.39336481184993,0.21862404573035416,-0.5203525178135955,-163.24763221218672
0.8551799594769451,-16.113031622147552,29.38727794723775,0.21865320905698166,-0.5207041936457194,-163.2369955886398
0.8644992588807936,-16.117537318645446,29.381193077448106,0.21868220085687212,-0.5210557265910858,-163.2263451474589
0.8738184942105307,-16.122043452847397,29.375110202480993,0.21871102112464416,-0.5214071166749753,-163.21568088864382
0.8831376656626262,-16.126550024667257,29.369029322336416,0.21873966985490695,-0.5217583639226849,-163.2050028121947
0.8924567734336014,-16.131057034018916,29.36295043701438,0.21876814704225897,-0.5221094683595269,-163.19431091811143
0.9017758177198506,-16.135564480816182,29.35687354651487,0.2187964526812885,-0.522460430010829,-163.18360520639416
0.9110947987179757,-16.140072364972976,29.350798650837902,0.2188245867665737,-0.5228112489019349,-163.17288567704279
0.9204137166245634,-16.144580686403195,29.344725749983468,0.2188525492926823,-0.5231619250582034,-163.16215233005735
0.9297325716362905,-16.1490894450208,29.338654843951563,0.2188803402541721,-0.5235124585050093,-163.1514051654378
0.9390513639497294,-16.153598640739688,29.332585932742205,0.2189079596455901,-0.5238628492677431,-163.14064418318424
0.9483700937616405,-16.158108273473836,29.326519016355377,0.2189354074614738,-0.5242130973718104,-163.12986938329658
0.9576887612688249,-16.162618343137275,29.32045409479108,0.21896268369634994,-0.5245632028426334,-163.11908076577478
0.9670073666679785,-16.167128849643937,29.314391168049323,0.2189897883447353,-0.5249131657056482,-163.10827833061896
0.9763259101559862,-16.17163979290788,29.308330236130097,0.21901672140113618,-0.5252629859863084,-163.097462077829
0.9856443919297236,-16.176151172843138,29.30227129903341,0.2190434828600491,-0.5256126637100818,-163.08663200740503
0.9949628121861629,-16.180662989363807,29.296214356759258,0.21907007271596024,-0.5259621989024524,-163.07578811934695
1.0042811711221595,-16.18517524238391,29.29015940930764,0.2190964909633452,-0.5263115915889199,-163.0649304136547
1.0135994689347643,-16.189687931817563,29.284106456678558,0.21912273759666986,-0.5266608417949994,-163.05405889032852
1.022917705821072,-16.194201057578915,29.278055498872007,0.21914881261039001,-0.5270099495462212,-163.04317354936816
1.0322358819780633,-16.19871461958206,29.272006535887993,0.21917471599895066,-0.5273589148681324,-163.03227439077378
1.041553997602915,-16.203228617741164,29.26595956772652,0.21920044775678732,-0.5277077377862944,-163.02136141454528
1.0508720528927922,-16.207743051970404,29.25991459438757,0.2192260078783248,-0.5280564183262845,-163.01043462068267
1.0601900480449553,-16.212257922184005,29.253871615871173,0.2192513963579782,-0.528404956513696,-162.99949400918607
1.0695079832565495,-16.216773228296116,29.2478306321773,0.21927661319015257,-0.5287533523741378,-162.98853958005535
1.0788258587249167,-16.221288970221,29.24179164330596,0.21930165836924206,-0.529101605933234,-162.9775713332905
1.0881436746474409,-16.22580514787293,29.23575464925716,0.21932653188963153,-0.5294497172166243,-162.96658926889165
1.0974614312213906,-16.230321761166124,29.229719650030894,0.21935123374569518,-0.5297976862499645,-162.95559338685865
1.1067791286442326,-16.234838810014885,29.22368664562717,0.21937576393179742,-0.5301455130589253,-162.9445836871916
1.1160967671134239,-16.239356294333533,29.21765563604597,0.21940012244229232,-0.5304931976691936,-162.93356016989048
1.1254143468265103,-16.24387421403641,29.211626621287312,0.21942430927152423,-0.5308407401064714,-162.92252283495523
1.13473186798093,-16.248392569037804,29.20559960135118,0.21944832441382667,-0.5311881403964768,-162.911471682386
1.1440493307743143,-16.252911359252106,29.199574576237595,0.2194721678635239,-0.531535398564943,-162.90040671218264
1.1533667354042831,-16.2574305845937,29.193551545946544,0.21949583961492955,-0.5318825146376189,-162.8893279243452
1.1626840820685505,-16.261950244977005,29.187530510478023,0.21951933966234738,-0.5322294886402696,-162.8782353188737
1.1720013709647208,-16.26647034031639,29.181511469832035,0.21954266800007127,-0.5325763205986745,-162.86712889576805
1.1813186022905855,-16.270990870526305,29.175494424008587,0.2195658246223844,-0.5329230105386296,-162.85600865502838
1.1906357762439874,-16.275511835521243,29.169479373007675,0.21958880952356055,-0.5332695584859463,-162.84487459665465
1.1999528930226497,-16.28003323521563,29.1634663168293,0.2196116226978631,-0.5336159644664515,-162.83372672064678
1.209269952824495,-16.284555069523968,29.15745525547345,0.21963426413954568,-0.5339622285059877,-162.82256502700483
1.218586955847486,-16.289077338360805,29.15144618894015,0.2196567338428514,-0.5343083506304127,-162.81138951572882
1.227903902289467,-16.293600041640605,29.145439117229373,0.2196790318020139,-0.5346543308656004,-162.80020018681873
1.2372207923484886,-16.298123179277955,29.139434040341136,0.21970115801125628,-0.53500016923744,-162.7889970402745
1.2465376262225851,-16.30264675118742,29.13343095827543,0.2197231124647921,-0.5353458657718364,-162.77778007609632
1.2558544041098845,-16.307170757283604,29.12742987103227,0.21974489515682447,-0.5356914204947092,-162.76654929428395
1.2651711262084,-16.311695197481054,29.121430778611636,0.21976650608154688,-0.5360368334319953,-162.7553046948376
1.274487792716342,-16.316220071694428,29.115433681013535,0.21978794523314246,-0.5363821046096455,-162.74404627775712
1.2838044038319143,-16.32074537983836,29.109438578237977,0.21980921260578468,-0.5367272340536275,-162.73277404304253
1.2931209597534075,-16.325271121827534,29.10344547028495,0.2198303081936368,-0.5370722217899235,-162.72148799069384
1.3024374606790037,-16.329797297576576,29.09745435715446,0.21985123199085213,-0.5374170678445319,-162.71018812071117
1.3117539068070785,-16.3343239070002,29.091465238846503,0.21987198399157407,-0.5377617722434664,-162.69887443309426
1.32107029833605,-16.338850950013157,29.08547811536108,0.2198925641899362,-0.5381063350127565,-162.68754692784344
1.3303866354642229,-16.343378426530112,29.07949298669819,0.21991297258006165,-0.5384507561784471,-162.67620560495848
1.3397029183900973,-16.347906336465854,29.073509852857843,0.21993320915606407,-0.5387950357665986,-162.66485046443938
1.3490191473121638,-16.352434679735147,29.067528713840034,0.21995327391204708,-0.5391391738032869,-162.65348150628625
1.358335322429006,-16.356963456252796,29.061549569644754,0.21997316684210427,-0.5394831703146041,-162.64209873049907
1.3676514439390945,-16.361492665933564,29.05557242027201,0.21999288794031924,-0.5398270253266572,-162.63070213707772
1.3769675120410938,-16.36602230869229,29.0495972657218,0.22001243720076583,-0.5401707388655688,-162.61929172602242
1.3862835269337141,-16.370552384443855,29.04362410599412,0.22003181461750784,-0.5405143109574775,-162.60786749733296
1.3955994888155472,-16.37508289310305,29.03765294108899,0.2200510201845991,-0.540857741628537,-162.59642945100947
1.4049153978853846,-16.37961383458478,29.031683771006385,0.22007005389608347,-0.5412010309049166,-162.58497758705184
1.4142312543420061,-16.384145208803954,29.025716595746314,0.22008891574599543,-0.5415441788128017,-162.57351190546015
1.423547058384286,-16.3886770156755,29.01975141530878,0.22010760572835922,-0.5418871853783929,-162.56203240623435
1.4328628102109842,-16.393209255114314,29.013788229693784,0.22012612383718855,-0.5422300506279059,-162.55053908937458
1.4421785100210556,-16.397741927035344,29.007827038901315,0.2201444700664884,-0.5425727745875728,-162.53903195488056
1.4514941580134981,-16.4022750313536,29.001867842931393,0.2201626444102532,-0.5429153572836405,-162.52751100275256
1.4608097543871972,-16.40680856798403,28.995910641783997,0.2201806468624676,-0.5432577987423723,-162.51597623299048
1.4701252993412308,-16.411342536841634,28.989955435459144,0.2201984774171064,-0.543600098990046,-162.50442764559432
1.4794407930746705,-16.41587693784146,28.984002223956818,0.2202161360681348,-0.5439422580529562,-162.49286524056404
1.4887562357866797,-16.42041177089856,28.97805100727703,0.22023362280950765,-0.5442842759574118,-162.4812890178997
1.4980716276763097,-16.424947035927943,28.972101785419785,0.22025093763517026,-0.5446261527297379,-162.4696989776013
1.5073869689428037,-16.42948273284472,28.96615455838506,0.22026808053905816,-0.5449678883962756,-162.45809511966885
1.5167022597854494,-16.434018861563995,28.960209326172887,0.22028505151509695,-0.5453094829833804,-162.4464774441023
1.5260175004034218,-16.43855542200084,28.95426608878324,0.22030185055720244,-0.5456509365174246,-162.43484595090166
1.5353326909960923,-16.443092414070403,28.948324846216128,0.22031847765928053,-0.5459922490247949,-162.42320064006685
1.54464783176282,-16.447629837687845,28.942385598471553,0.22033493281522742,-0.5463334205318944,-162.41154151159807
1.5539629229030574,-16.452167692768345,28.93644834554951,0.22035121601892962,-0.5466744510651413,-162.39986856549524
1.5632779646161454,-16.456705979227042,28.93051308745001,0.2203673272642635,-0.5470153406509698,-162.38818180175818
1.5725929571016193,-16.461244696979165,28.924579824173037,0.22038326654509577,-0.5473560893158291,-162.37648122038715
1.5819079005590575,-16.465783845939956,28.918648555718605,0.22039903385528362,-0.5476966970861843,-162.36476682138203
1.5912227951879232,-16.47032342602459,28.912719282086712,0.2204146291886741,-0.5480371639885155,-162.3530386047428
1.6005376411878767,-16.47486343714836,28.906792003277342,0.2204300525391047,-0.5483774900493196,-162.34129657046955
1.609852438758569,-16.47940387922655,28.900866719290505,0.22044530390040323,-0.548717675295108,-162.32954071856213
1.6191671880997427,-16.48394475217445,28.894943430126215,0.2204603832663874,-0.5490577197524071,-162.31777104902068
1.6284818894110284,-16.48848605590734,28.889022135784458,0.22047529063086552,-0.5493976234477608,-162.30598756184517
1.637796542892251,-16.49302779034055,28.883102836265238,0.22049002598763567,-0.5497373864077263,-162.29419025703552
1.6471111487432801,-16.49756995538947,28.877185531568546,0.22050458933048722,-0.5500770086588781,-162.28237913459188
1.6564257071638684,-16.502112550969404,28.87127022169439,0.2205189806531983,-0.5504164902278055,-162.27055419451412
1.6657402183539656,-16.50665557699575,28.86535690664278,0.22053319994953846,-0.550755831141113,-162.25871543680228
1.6750546825135137,-16.51119903338391,28.859445586413692,0.22054724721326763,-0.5510950314254215,-162.24686286145635
1.6843690998425465,-16.515742920049323,28.85353626100715,0.22056112243813508,-0.5514340911073665,-162.2349964684763
