galstreams/tracks/track.st.LMS-1.yuan2020.ecsv
# %ECSV 0.9
# ---
# datatype:
# - {name: ra, unit: deg, datatype: float64}
# - {name: dec, unit: deg, datatype: float64}
# - {name: distance, unit: kpc, datatype: float64}
# - {name: pm_ra_cosdec, unit: mas / yr, datatype: float64}
# - {name: pm_dec, unit: mas / yr, datatype: float64}
# - {name: radial_velocity, unit: km / s, datatype: float64}
# delimiter: ','
# meta: !!omap
# - __serialized_columns__:
#     dec:
#       __class__: astropy.coordinates.angles.Latitude
#       unit: &id001 !astropy.units.Unit {unit: deg}
#       value: !astropy.table.SerializedColumn {name: dec}
#     distance:
#       __class__: astropy.coordinates.distances.Distance
#       unit: !astropy.units.Unit {unit: kpc}
#       value: !astropy.table.SerializedColumn {name: distance}
#     pm_dec:
#       __class__: astropy.units.quantity.Quantity
#       unit: !astropy.units.Unit {unit: mas / yr}
#       value: !astropy.table.SerializedColumn {name: pm_dec}
#     pm_ra_cosdec:
#       __class__: astropy.units.quantity.Quantity
#       unit: !astropy.units.Unit {unit: mas / yr}
#       value: !astropy.table.SerializedColumn {name: pm_ra_cosdec}
#     ra:
#       __class__: astropy.coordinates.angles.Longitude
#       unit: *id001
#       value: !astropy.table.SerializedColumn {name: ra}
#       wrap_angle: !astropy.coordinates.Angle
#         unit: *id001
#         value: 360.0
#     radial_velocity:
#       __class__: astropy.units.quantity.Quantity
#       unit: !astropy.units.Unit {unit: km / s}
#       value: !astropy.table.SerializedColumn {name: radial_velocity}
# schema: astropy-2.0
ra,dec,distance,pm_ra_cosdec,pm_dec,radial_velocity
[from data line 12425]
274.4855111168934,20.841045842785622,18.350963539673035,1.0014833735881148,-2.479111779476164,-186.70866745356332
274.49556800294874,20.836100340923213,18.35123936061747,1.0015478168704925,-2.479590864996334,-186.72539176961342
274.5056239261183,20.83115365930294,18.35151527315938,1.0016121597888734,-2.4800700246411367,-186.74210486082555
274.51567888636094,20.826205798444388,18.351791277204192,1.0016764023530629,-2.480549258355885,-186.75880672276466
274.5257328836359,20.821256758867296,18.352067372657217,1.0017405445729108,-2.4810285660858735,-186.77549735099382
274.53578591790273,20.81630654109151,18.35234355942367,1.0018045864583107,-2.481507947776389,-186.79217674107463
274.545837989121,20.81135514563698,18.352619837408664,1.0018685280191966,-2.4819874033726954,-186.80884488856702
274.555889097251,20.806402573023757,18.35289620651722,1.0019323692655475,-2.4824669328200453,-186.82550178902846
274.56593924225285,20.801448823772034,18.353172666654253,1.001996110207384,-2.48294653606367,-186.84214743801562
274.57598842408703,20.796493898402073,18.35344921772459,1.0020597508547686,-2.4834262130487907,-186.85878183108272
274.5860366427145,20.79153779743429,18.353725859632963,1.0021232912178077,-2.4839059637206056,-186.87540496378253
274.5960838980961,20.786580521389197,18.354002592283994,1.0021867313066513,-2.4843857880243045,-186.89201683166613
274.60613019019326,20.78162207078738,18.35427941558221,1.0022500711314886,-2.4848656859050555,-186.90861743028253
274.61617551896745,20.776662446149587,18.354556329432043,1.0023133107025552,-2.4853456573080126,-186.92520675517935
274.62621988438065,20.77170164799666,18.35483333373783,1.0023764500301278,-2.4858257021783148,-186.94178480190223
274.63626328639486,20.766739676849543,18.355110428403805,1.0024394891245265,-2.4863058204610855,-186.9583515659951
274.6463057249725,20.761776533229284,18.35538761333411,1.002502427996114,-2.486786012101427,-186.97490704300006
274.65634720007597,20.75681221765707,18.35566488843278,1.0025652666552949,-2.4872662770444314,-186.99145122845772
274.66638771166834,20.751846730654165,18.355942253603757,1.0026280051125191,-2.487746615235174,-187.00798411790652
274.6764272597126,20.74688007274197,18.35621970875089,1.002690643378276,-2.4882270266187105,-187.02450570688362
274.68646584417235,20.74191224444197,18.356497253777913,1.002753181463101,-2.488707511140088,-187.041015990924
274.69650346501106,20.73694324627579,18.356774888588486,1.002815619377571,-2.4891880687443284,-187.0575149655611
274.7065401221927,20.731973078765126,18.357052613086157,1.0028779571323057,-2.4896686993764434,-187.07400262632638
274.71657581568127,20.727001742431835,18.35733042717437,1.0029401947379653,-2.4901494029814275,-187.09047896875003
274.7266105454414,20.722029237797855,18.357608330756484,1.0030023322052584,-2.49063017950426,-187.10694398836
274.7366443114377,20.717055565385206,18.357886323735748,1.0030643695449317,-2.4911110288899048,-187.12339768068264
274.7466771136351,20.71208072571607,18.358164406015323,1.0031263067677774,-2.491591951083306,-187.1398400412425
274.75670895199875,20.707104719312706,18.358442577498273,1.003188143884629,-2.4920729460293956,-187.15627106556266
274.76673982649424,20.702127546697497,18.358720838087546,1.0032498809063644,-2.4925540136730904,-187.1726907491638
274.7767697370872,20.697149208392933,18.358999187686013,1.0033115178439043,-2.493035153959288,-187.18909908756544
274.7867986837435,20.6921697049216,18.359277626196434,1.0033730547082105,-2.4935163668328713,-187.20549607628521
274.7968266664296,20.68718903680621,18.359556153521478,1.0034344915102906,-2.4939976522387086,-187.22188171083874
274.80685368511183,20.68220720456957,18.359834769563705,1.0034958282611932,-2.494479010121654,-187.23825598674014
274.81687973975704,20.677224208734618,18.360113474225585,1.003557064972011,-2.494960440426541,-187.25461889950154
274.8269048303321,20.672240049824374,18.36039226740949,1.003618201653878,-2.4954419430981893,-187.27097044463355
274.83692895680446,20.667254728362,18.360671149017694,1.0036792383179736,-2.495923518081404,-187.28731061764483
274.8469521191415,20.662268244870724,18.360950118952367,1.0037401749755188,-2.496405165320975,-187.30363941404246
274.8569743173111,20.657280599873925,18.36122917711559,1.0038010116377776,-2.4968868847616723,-187.31995682933155
274.8669955512812,20.652291793895056,18.36150832340933,1.0038617483160583,-2.4973686763482545,-187.3362628590155
274.8770158210203,20.647301827457706,18.361787557735457,1.003922385021712,-2.4978505400254636,-187.35255749859584
274.8870351264967,20.642310701085563,18.36206687999577,1.0039829217661305,-2.4983324757380236,-187.36884074357283
274.89705346767937,20.637318415302428,18.362346290091935,1.004043358560752,-2.498814483430644,-187.3851125894443
274.9070708445373,20.63232497063219,18.36262578792554,1.0041036954170552,-2.49929656304802,-187.40137303170675
274.91708725704,20.62733036759887,18.362905373398068,1.0041639323465659,-2.4997787145348296,-187.4176220658547
274.9271027051569,20.62233460672659,18.363185046410894,1.0042240693608466,-2.500260937835735,-187.43385968738104
274.93711718885794,20.617337688539575,18.363464806865323,1.0042841064715098,-2.5007432328953825,-187.4500858917767
274.94713070811315,20.612339613562174,18.363744654662522,1.0043440436902062,-2.5012255996584036,-187.46630067453117
274.95714326289294,20.60734038231882,18.36402458970359,1.0044038810286329,-2.5017080380694114,-187.48250403113175
274.9671548531679,20.602339995334084,18.364304611889512,1.004463618498528,-2.5021905480730107,-187.49869595706437
274.9771654789089,20.597338453132622,18.364584721121183,1.0045232561116728,-2.5026731296137807,-187.51487644781292
274.9871751400872,20.592335756239187,18.36486491729939,1.004582793879895,-2.5031557826362927,-187.53104549885964
274.997183836674,20.587331905178686,18.36514520032483,1.0046422318150614,-2.503638507085097,-187.54720310568493
275.0071915686412,20.582326900476094,18.365425570098093,1.004701569929086,-2.504121302904732,-187.5633492637674
275.01719833596053,20.577320742656507,18.365706026519675,1.0047608082339214,-2.504604170039718,-187.57948396858404
275.0272041386042,20.57231343224513,18.365986569489976,1.0048199467415677,-2.5050871084345623,-187.5956072156099
275.0372089765446,20.56730496976728,18.366267198909288,1.0048789854640658,-2.5055701180337535,-187.61171900031837
275.0472128497545,20.562295355748343,18.366547914677813,1.0049379244135022,-2.5060531987817676,-187.627819318181
275.0572157582068,20.557284590713888,18.36682871669565,1.0049967636020039,-2.5065363506230613,-187.6439081646676
275.06721770187465,20.552272675189517,18.367109604862804,1.0050555030417423,-2.507019573502078,-187.6599855352461
275.07721868073156,20.547259609701005,18.367390579079164,1.0051141427449342,-2.5075028673632467,-187.67605142538298
275.08721869475124,20.542245394774177,18.36767163924454,1.0051726827238374,-2.507986232150978,-187.69210583054254
275.09721774390766,20.537230030934985,18.36795278525864,1.0052311229907527,-2.5084696678096696,-187.70814874618733
275.1072158281751,20.532213518709494,18.368234017021063,1.005289463558027,-2.5089531742837026,-187.7241801677785
275.11721294752783,20.527195858623905,18.368515334431308,1.0053477044380477,-2.5094367515174416,-187.74020009077532
275.1272091019408,20.52217705120445,18.36879673738878,1.0054058456432464,-2.509920399455236,-187.75620851063476
275.137204291389,20.51715709697755,18.369078225792805,1.0054638871860992,-2.5104041180414196,-187.77220542281268
275.14719851584755,20.51213599646968,18.36935979954257,1.0055218290791244,-2.510887907220312,-187.78819082276283
275.1571917752921,20.507113750207452,18.369641458537185,1.0055796713348866,-2.5113717669362168,-187.8041647059372
275.1671840696983,20.502090358717556,18.369923202675675,1.0056374139659874,-2.5118556971334196,-187.8201270677862
275.17717539904226,20.497065822526814,18.370205031856926,1.0056950569850789,-2.512339697756196,-187.8360779037581
275.1871657633002,20.492040142162146,18.370486945979767,1.0057526004048538,-2.5128237687487984,-187.85201720929967
275.19715516244867,20.487013318150588,18.37076894494291,1.005810044238048,-2.5133079100554694,-187.86794497985593
275.2071435964645,20.48198535101925,18.371051028644946,1.0058673884974396,-2.513792121620436,-187.8838612108698
275.2171310653247,20.476956241295404,18.3713331969844,1.0059246331958542,-2.514276403387907,-187.89976589778297
275.2271175690066,20.471925989506357,18.37161544985969,1.005981778346158,-2.5147607553020785,-187.91565903603467
275.2371031074877,20.4668945961796,18.371897787169114,1.00603882396126,-2.515245177307128,-187.93154062106285
275.2470876807459,20.46186206184268,18.372180208810907,1.0060957700541147,-2.515729669347219,-187.94741064830356
275.2570712887592,20.45682838702326,18.372462714683163,1.0061526166377197,-2.5162142313665012,-187.963269113191
275.267053931506,20.4517935722491,18.372745304683914,1.0062093637251162,-2.5166988633091067,-187.97911601115746
275.27703560896487,20.446757618048107,18.37302797871106,1.0062660113293889,-2.517183565119153,-187.99495133763375
275.2870163211146,20.44172052494823,18.373310736662425,1.0063225594636662,-2.5176683367407438,-188.01077508804875
275.2969960679343,20.4366822934776,18.373593578435724,1.0063790081411188,-2.518153178117962,-188.0265872578297
275.30697484940333,20.431642924164386,18.373876503928575,1.0064353573749631,-2.518638089194882,-188.04238784240144
275.3169526655013,20.426602417536902,18.37415951303849,1.0064916071784586,-2.519123069915558,-188.05817683718806
275.32692951620805,20.42156077412355,18.37444260566288,1.006547757564907,-2.519608120224033,-188.07395423761093
275.33690540150377,20.416517994452853,18.374725781699087,1.0066038085476552,-2.5200932400643272,-188.08972003909005
275.3468803213688,20.411474079053427,18.375009041044304,1.0066597601400946,-2.5205784293804547,-188.10547423704378
275.35685427578375,20.406429028454003,18.37529238359566,1.0067156123556573,-2.5210636881164077,-188.12121682688834
275.3668272647295,20.40138284318341,18.375575809250172,1.0067713652078232,-2.5215490162161665,-188.13694780403824
275.3767992881872,20.39633552377058,18.37585931790475,1.0068270187101096,-2.522034413623693,-188.15266716390647
275.3867703461383,20.391287070744575,18.376142909456227,1.0068825728760857,-2.5225198802829367,-188.16837490190392
275.39674043856434,20.38623748463452,18.376426583801315,1.0069380277193578,-2.523005416137831,-188.18407101343996
275.4067095654474,20.381186765969677,18.376710340836638,1.0069933832535787,-2.523491021132292,-188.19975549392194
275.4166777267694,20.376134915279405,18.376994180458702,1.007048639492446,-2.523976695210223,-188.21542833875543
275.42664492251293,20.371081933093173,18.377278102563945,1.007103796449699,-2.5244624383155108,-188.2310895433445
275.43661115266065,20.366027819940562,18.377562107048664,1.0071588541391217,-2.5249482503920273,-188.24673910309093
275.4465764171954,20.360972576351227,18.3778461938091,1.0072138125745411,-2.52543413138363,-188.26237701339525
275.45654071610045,20.355916202854957,18.378130362741356,1.0072686717698298,-2.5259200812341565,-188.27800326965593
275.4665040493592,20.350858699981632,18.378414613741462,1.0073234317389033,-2.526406099887437,-188.29361786726955
275.47646641695536,20.345800068261248,18.37869894670533,1.0073780924957199,-2.5268921872872805,-188.30922080163103
275.4864278188728,20.340740308223904,18.378983361528782,1.007432654054283,-2.5273783433774826,-188.32481206813364
275.49638825509584,20.335679420399792,18.37926785810754,1.0074871164286403,-2.5278645681018217,-188.34039166216846
275.50634772560886,20.330617405319224,18.379552436337217,1.0075414796328828,-2.528350861404066,-188.35595957912517
275.51630623039654,20.325554263512604,18.37983709611334,1.0075957436811434,-2.5288372232279617,-188.37151581439153
275.5262637694439,20.320489995510442,18.38012183733132,1.0076499085876032,-2.529323653517246,-188.38706036335347
275.53622034273616,20.315424601843368,18.380406659886475,1.007703974366482,-2.5298101522156378,-188.40259322139508
275.54617595025877,20.3103580830421,18.380691563674038,1.0077579410320503,-2.5302967192668393,-188.4181143838987
275.5561305919975,20.30529043963747,18.3809765485891,1.0078118085986147,-2.5307833546145426,-188.43362384624496
275.5660842679382,20.300221672160394,18.381261614526714,1.0078655770805316,-2.5312700582024164,-188.44912160381259
275.57603697806724,20.29515178114192,18.381546761381767,1.007919246492199,-2.5317568299741247,-188.46460765197855
275.58598872237104,20.29008076711321,18.381831989049093,1.0079728168480597,-2.532243669873307,-188.48008198611805
275.59593950083644,20.28500863060547,18.382117297423402,1.008026288162601,-2.532730577843594,-188.49554460160437
275.60588931345035,20.279935372150074,18.382402686399313,1.0080796604503517,-2.5332175538285964,-188.51099549380905
275.6158381602,20.27486099227847,18.382688155871342,1.0081329337258866,-2.5337045977719157,-188.52643465810203
275.62578604107296,20.269785491522217,18.3829737057339,1.0081861080038257,-2.534191709617131,-188.5418620898512
275.6357329560569,20.264708870412964,18.383259335881313,1.0082391832988298,-2.5346788893078127,-188.55727778442272
275.64567890513996,20.259631129482496,18.38354504620779,1.008292159625606,-2.535166136787511,-188.57268173718109
275.6556238883103,20.254552269262668,18.383830836607444,1.0083450369989058,-2.5356534519997633,-188.58807394348892
275.6655679055565,20.249472290285453,18.384116706974293,1.0083978154335238,-2.5361408348880943,-188.60345439870662
275.6755109568673,20.244391193082937,18.384402657202244,1.0084504949442992,-2.5366282853960094,-188.61882309819356
275.68545304223164,20.2393089781873,18.38468868718511,1.0085030755461135,-2.5371158034670023,-188.63418003730683
275.69539416163906,20.2342256461308,18.38497479681662,1.0085555572538958,-2.5376033890445484,-188.64952521140168
275.70533431507886,20.22914119744586,18.385260985990364,1.0086079400826173,-2.538091042072111,-188.66485861583183
275.7152735025408,20.224055632664943,18.385547254599864,1.008660224047291,-2.5385787624931355,-188.680180245949
275.7252117240152,20.21896895232067,18.38583360253853,1.0087124091629813,-2.5390665502510545,-188.69549009710315
275.735148979492,20.213881156945718,18.386120029699676,1.008764495444787,-2.5395544052892842,-188.71078816464254
275.745085268962,20.208792247072886,18.386406535976498,1.0088164829078594,-2.5400423275512303,-188.72607444391346
275.75502059241586,20.203702223235087,18.386693121262113,1.0088683715673894,-2.5405303169802753,-188.74134893026053
275.7649549498447,20.198611085965325,18.386979785449526,1.0089201614386143,-2.5410183735197927,-188.75661161902633
275.77488834123983,20.193518835796716,18.38726652843165,1.0089718525368134,-2.541506497113138,-188.77186250555215
275.78482076659276,20.188425473262466,18.387553350101282,1.0090234448773139,-2.541994687703654,-188.78710158517674
275.79475222589537,20.183330998895894,18.387840250351136,1.0090749384754836,-2.5424829452346676,-188.80232885323775
275.80468271913963,20.17823541323041,18.388127229073806,1.0091263333467362,-2.5429712696494913,-188.81754430507058
275.81461224631795,20.173138716799546,18.388414286161808,1.0091776295065293,-2.543459660891421,-188.83274793600907
275.8245408074228,20.168040910136927,18.388701421507538,1.009228826970365,-2.5439481189037365,-188.84793974138506
275.8344684024471,20.162941993776275,18.38898863500329,1.0092799257537908,-2.544436643629707,-188.86311971652873
275.8443950313839,20.15784196825142,18.389275926541284,1.0093309258723955,-2.5449252350125846,-188.87828785676825
275.85432069422643,20.152740834096303,18.3895632960136,1.0093818273418147,-2.5454138929956063,-188.8934441574304
275.8642453909684,20.147638591844952,18.38985074331225,1.0094326301777297,-2.545902617521994,-188.90858861383953
