galstreams/tracks/track.st.New-5.ibata2024.ecsv
# %ECSV 1.0
# ---
# datatype:
# - {name: ra, unit: deg, datatype: float64}
# - {name: dec, unit: deg, datatype: float64}
# - {name: distance, unit: kpc, datatype: float64}
# - {name: pm_ra_cosdec, unit: mas / yr, datatype: float64}
# - {name: pm_dec, unit: mas / yr, datatype: float64}
# - {name: radial_velocity, unit: km / s, datatype: float64}
# delimiter: ','
# meta: !!omap
# - __serialized_columns__:
#     dec:
#       __class__: astropy.coordinates.angles.Latitude
#       unit: &id001 !astropy.units.Unit {unit: deg}
#       value: !astropy.table.SerializedColumn {name: dec}
#     distance:
#       __class__: astropy.coordinates.distances.Distance
#       unit: !astropy.units.Unit {unit: kpc}
#       value: !astropy.table.SerializedColumn {name: distance}
#     pm_dec:
#       __class__: astropy.units.quantity.Quantity
#       unit: !astropy.units.Unit {unit: mas / yr}
#       value: !astropy.table.SerializedColumn {name: pm_dec}
#     pm_ra_cosdec:
#       __class__: astropy.units.quantity.Quantity
#       unit: !astropy.units.Unit {unit: mas / yr}
#       value: !astropy.table.SerializedColumn {name: pm_ra_cosdec}
#     ra:
#       __class__: astropy.coordinates.angles.Longitude
#       unit: *id001
#       value: !astropy.table.SerializedColumn {name: ra}
#       wrap_angle: !astropy.coordinates.Angle
#         unit: *id001
#         value: 360.0
#     radial_velocity:
#       __class__: astropy.units.quantity.Quantity
#       unit: !astropy.units.Unit {unit: km / s}
#       value: !astropy.table.SerializedColumn {name: radial_velocity}
# schema: astropy-2.0
ra,dec,distance,pm_ra_cosdec,pm_dec,radial_velocity
[from data line 9595]
149.18954198595966,-3.950188902426947,0.9999999999999991,-45.20838706948857,-65.93055859945896,139.89701500961797
149.1997223142769,-3.953070397045754,0.9999999999999992,-45.23851092003521,-65.9605923231366,139.7183819083752
149.20990264118058,-3.9559530882917215,0.9999999999999992,-45.26865097211435,-65.99063927608606,139.53965615075938
149.2200829666437,-3.958836976355497,0.9999999999999993,-45.29880722926999,-66.02069946037847,139.36083771899388
149.23026329063939,-3.9617220614277193,0.9999999999999992,-45.32897969504633,-66.05077287808479,139.18192659530123
149.24044361314068,-3.964608343699028,0.9999999999999992,-45.35916837298762,-66.08085953127579,139.00292276190444
149.25062393412063,-3.9674958233600557,0.9999999999999993,-45.38937326663826,-66.1109594220221,138.8238262010264
149.26080425355224,-3.9703845006014427,0.9999999999999993,-45.419594379542765,-66.14107255239409,138.64463689489023
149.2709845714085,-3.973274375613815,0.9999999999999993,-45.44983171524581,-66.17119892446208,138.46535482571883
149.28116488766244,-3.976165448587805,0.9999999999999994,-45.48008527729218,-66.20133854029609,138.28597997573516
149.29134520228703,-3.9790577197140387,0.9999999999999993,-45.51035506922676,-66.2314914019661,138.10651232716197
149.3015255152553,-3.9819511891831385,0.9999999999999993,-45.54064109459461,-66.26165751154174,137.9269518622224
149.3117058265402,-3.9848458571857273,0.9999999999999994,-45.570943356940866,-66.29183687109263,137.74729856313928
149.32188613611464,-3.9877417239124195,0.9999999999999993,-45.60126185981078,-66.32202948268812,137.5675524121358
149.33206644395167,-3.9906387895538393,0.9999999999999992,-45.631596606749895,-66.35223534839746,137.38771339143446
149.34224675002412,-3.9935370543005972,0.9999999999999992,-45.66194760130363,-66.38245447028964,137.20778148325857
149.35242705430505,-3.9964365183433044,0.9999999999999992,-45.69231484701773,-66.41268685043352,137.02775666983078
149.36260735676726,-3.999337181872571,0.9999999999999993,-45.72269834743793,-66.44293249089777,136.84763893337424
149.3727876573837,-4.002239045079004,0.9999999999999992,-45.75309810611018,-66.47319139375094,136.6674282561118
149.38296795612732,-4.005142108153207,0.9999999999999993,-45.78351412658053,-66.50346356106132,136.4871246202664
149.39314825297092,-4.00804637128578,0.9999999999999993,-45.813946412395154,-66.53374899489704,136.30672800806116
149.40332854788744,-4.010951834667326,0.9999999999999992,-45.84439496710035,-66.56404769732616,136.1262384017186
149.41350884084974,-4.013858498488438,0.9999999999999993,-45.87485979424255,-66.59435967041642,135.94565578346203
149.42368913183066,-4.0167663629397135,0.9999999999999991,-45.90534089736833,-66.62468491623548,135.76498013551446
149.43386942080306,-4.019675428211742,0.9999999999999993,-45.93583828002432,-66.65502343685077,135.58421144009847
149.44404970773977,-4.022585694495115,0.9999999999999992,-45.96635194575736,-66.68537523432958,135.40334967943713
149.45422999261362,-4.025497161980416,0.9999999999999993,-45.996881898114395,-66.71574031073904,135.2223948357535
149.4644102753974,-4.028409830858228,0.9999999999999991,-46.02742814064246,-66.74611866814602,135.04134689127085
149.47459055606396,-4.031323701319141,0.9999999999999993,-46.05799067688874,-66.77651030861736,134.8602058282114
149.48477083458604,-4.034238773553732,0.9999999999999992,-46.088569510400625,-66.8069152342196,134.67897162879842
149.4949511109365,-4.0371550477525755,0.9999999999999992,-46.11916464472549,-66.83733344701912,134.49764427525486
149.50513138508805,-4.040072524106244,0.9999999999999993,-46.14977608341092,-66.86776494908223,134.31622374980358
149.51531165701346,-4.042991202805316,0.9999999999999992,-46.1804038300046,-66.89820974247488,134.13471003466753
149.5254919266855,-4.045911084040353,0.9999999999999993,-46.211047888054345,-66.92866782926306,133.95310311206987
149.5356721940769,-4.048832168001928,0.9999999999999991,-46.241708261108144,-66.95913921151238,133.77140296423323
149.54585245916041,-4.051754454880603,0.9999999999999992,-46.27238495271403,-66.98962389128845,133.58960957338078
149.55603272190874,-4.054677944866942,0.9999999999999992,-46.303077966420226,-67.02012187065655,133.40772292173546
149.5662129822946,-4.0576026381515025,0.9999999999999992,-46.33378730577505,-67.05063315168195,133.22574299152
149.57639324029068,-4.060528534924842,0.9999999999999992,-46.36451297432697,-67.08115773642959,133.0436697649575
149.58657349586966,-4.063455635377515,0.9999999999999994,-46.39525497562454,-67.1116956269643,132.86150322427085
149.59675374900425,-4.066383939700076,0.9999999999999993,-46.426013313216494,-67.1422468253508,132.67924335168306
149.6069339996671,-4.069313448083066,0.9999999999999993,-46.45678799065163,-67.17281133365347,132.49689012941715
149.6171142478309,-4.072244160717045,0.9999999999999993,-46.48757901147898,-67.20338915393673,132.31444353969576
149.62729449346827,-4.07517607779255,0.9999999999999994,-46.51838637924757,-67.23398028826463,132.131903564742
149.63747473655187,-4.078109199500128,0.9999999999999992,-46.54921009750667,-67.26458473870123,131.9492701867788
149.6476549770543,-4.081043526030313,0.9999999999999993,-46.58005016980558,-67.29520250731021,131.7665433880291
149.65783521494814,-4.083979057573646,0.9999999999999992,-46.61090659969376,-67.32583359615518,131.5837231507158
149.66801545020604,-4.086915794320658,0.9999999999999993,-46.64177939072079,-67.35647800729963,131.4008094570619
149.67819568280066,-4.089853736461883,0.9999999999999994,-46.67266854643647,-67.38713574280678,131.21780228929038
149.6883759127045,-4.092792884187855,0.9999999999999993,-46.70357407039057,-67.41780680473974,131.03470162962412
149.69855613989012,-4.095733237689094,0.9999999999999993,-46.73449596613308,-67.44849119516138,130.85150746028606
149.70873636433015,-4.098674797156129,0.9999999999999992,-46.76543423721414,-67.47918891613448,130.668219763499
149.71891658599714,-4.101617562779481,0.9999999999999993,-46.7963888871839,-67.50989996972154,130.48483852148618
149.72909680486356,-4.10456153474967,0.9999999999999993,-46.82735991959278,-67.54062435798497,130.30136371647043
149.73927702090202,-4.107506713257213,0.9999999999999994,-46.85834733799125,-67.57136208298701,130.11779533067448
149.749457234085,-4.110453098492619,0.9999999999999994,-46.88935114592984,-67.60211314678963,129.9341333463217
149.75963744438505,-4.113400690646414,0.9999999999999993,-46.92037134695937,-67.63287755145475,129.75037774563475
149.76981765177464,-4.116349489909095,0.9999999999999992,-46.95140794463073,-67.66365529904405,129.56652851083638
149.77999785622626,-4.119299496471176,0.9999999999999993,-46.98246094249482,-67.69444639161898,129.38258562414978
149.7901780577124,-4.1222507105231605,0.9999999999999992,-47.013530344102755,-67.72525083124093,129.19854906779776
149.80035825620556,-4.125203132255548,0.9999999999999992,-47.04461615300581,-67.75606861997103,129.01441882400349
149.81053845167816,-4.128156761858838,0.9999999999999993,-47.075718372755354,-67.78689975987027,128.8301948749895
149.82071864410264,-4.131111599523534,0.9999999999999993,-47.10683700690284,-67.8177442529995,128.64587720297942
149.8308988334515,-4.134067645440121,0.9999999999999993,-47.13797205899993,-67.84860210141926,128.46146579019555
149.84107901969708,-4.137024899799101,0.9999999999999992,-47.16912353259831,-67.87947330719007,128.27696061886093
149.85125920281186,-4.139983362790955,0.9999999999999992,-47.2002914312499,-67.9103578723722,128.09236167119872
149.86143938276825,-4.142943034606176,0.9999999999999992,-47.231475758506676,-67.94125579902581,127.90766892943174
149.87161955953863,-4.145903915435246,0.9999999999999994,-47.26267651792077,-67.97216708921071,127.72288237578294
149.8817997330954,-4.148866005468649,0.9999999999999991,-47.293893713044454,-68.0030917449868,127.53800199247519
149.89197990341088,-4.151829304896856,0.9999999999999994,-47.32512734742996,-68.03402976841352,127.353027761732
149.90216007045754,-4.154793813910359,0.9999999999999993,-47.356377424630026,-68.0649811615504,127.16795966577534
149.91234023420765,-4.1577595326996235,0.9999999999999993,-47.38764394819711,-68.09594592645665,126.98279768682865
149.92252039463358,-4.1607264614551225,0.9999999999999993,-47.41892692168403,-68.12692406519126,126.79754180711497
149.93270055170768,-4.163694600367328,0.9999999999999993,-47.45022634864365,-68.15791557981323,126.61219200885692
149.94288070540225,-4.166663949626705,0.9999999999999992,-47.481542232629,-68.18892047238117,126.42674827427776
149.95306085568964,-4.169634509423715,0.9999999999999993,-47.51287457719316,-68.21993874495364,126.24121058560027
149.96324100254213,-4.172606279948825,0.9999999999999993,-47.544223385889445,-68.25097039958901,126.05557892504739
149.97342114593198,-4.175579261392494,0.9999999999999992,-47.57558866227122,-68.28201543834544,125.8698532748421
149.98360128583153,-4.178553453945174,0.9999999999999992,-47.606970409891986,-68.31307386328095,125.68403361720739
149.99378142221303,-4.181528857797326,0.9999999999999992,-47.6383686323054,-68.3441456764534,125.4981199343661
150.00396155504873,-4.184505473139396,0.9999999999999993,-47.66978333306522,-68.37523087992042,125.31211220854118
150.0141416843109,-4.187483300161839,0.9999999999999993,-47.70121451572534,-68.40632947573948,125.12601042195573
150.02432180997178,-4.190462339055098,0.9999999999999992,-47.73266218383975,-68.43744146596794,124.93981455683243
150.0345019320036,-4.193442590009619,0.9999999999999992,-47.76412634096266,-68.46856685266289,124.75352459539428
150.04468205037853,-4.1964240532158374,0.9999999999999993,-47.7956069906482,-68.49970563788122,124.56714051986481
150.05486216506884,-4.199406728864203,0.9999999999999992,-47.827104136450956,-68.53085782367988,124.38066231246603
150.06504227604674,-4.202390617145148,0.9999999999999993,-47.85861778192532,-68.5620234121154,124.1940899554212
150.0752223832844,-4.205375718249108,0.9999999999999992,-47.89014793062601,-68.59320240524417,124.00742343095352
150.08540248675396,-4.208362032366512,0.9999999999999993,-47.921694586107755,-68.6243948051225,123.82066272128571
150.09558258642764,-4.211349559687792,0.9999999999999991,-47.953257751925484,-68.65560061380644,123.63380780864065
150.10576268227757,-4.214338300403369,0.9999999999999992,-47.9848374316342,-68.68681983335192,123.44685867524143
150.1159427742759,-4.217328254703675,0.9999999999999994,-48.01643362878908,-68.71805246581467,123.25981530331107
150.12612286239474,-4.220319422779128,0.9999999999999993,-48.04804634694535,-68.74929851325027,123.07267767507248
150.1363029466063,-4.223311804820149,0.9999999999999993,-48.07967558965852,-68.78055797771404,122.88544577274831
150.1464830268826,-4.2263054010171475,0.9999999999999993,-48.11132136048401,-68.81183086126121,122.69811957856176
150.15666310319583,-4.229300211560544,0.9999999999999993,-48.142983662977585,-68.8431171659469,122.51069907473564
150.16684317551804,-4.232296236640751,0.9999999999999993,-48.17466250069495,-68.87441689382585,122.32318424349307
150.1770232438213,-4.235293476448173,0.9999999999999992,-48.206357877192026,-68.90573004695281,122.13557506705673
150.1872033080777,-4.238291931173213,0.9999999999999993,-48.23806979602483,-68.93705662738219,121.94787152765016
150.19738336825927,-4.241291601006283,0.9999999999999996,-48.269798260749575,-68.96839663716847,121.76007360749563
150.20756342433816,-4.244292486137787,0.9999999999999994,-48.30154327492256,-68.99975007836574,121.57218128881611
150.21774347628636,-4.247294586758116,0.9999999999999992,-48.3333048421002,-69.03111695302799,121.38419455383467
150.22792352407586,-4.250297903057668,0.9999999999999993,-48.365082965838965,-69.062497263209,121.19611338477446
150.23810356767876,-4.253302435226837,0.9999999999999993,-48.39687764969558,-69.0938910109624,121.00793776385824
150.24828360706704,-4.256308183456016,0.9999999999999993,-48.42868889722684,-69.12529819834168,120.81966767330901
150.25846364221263,-4.25931514793559,0.9999999999999993,-48.46051671198965,-69.15671882740014,120.63130309534971
150.26864367308764,-4.262323328855949,0.9999999999999993,-48.49236109754104,-69.18815290019081,120.44284401220322
150.27882369966395,-4.265332726407474,0.9999999999999993,-48.524222057438216,-69.21960041876673,120.25429040609244
150.28900372191362,-4.268343340780548,0.9999999999999994,-48.55609959523845,-69.25106138518053,120.0656422592404
150.29918373980857,-4.2713551721655465,0.9999999999999994,-48.58799371449917,-69.28253580148491,119.87689955387003
150.3093637533207,-4.274368220752849,0.9999999999999993,-48.619904418777956,-69.31402366973224,119.68806227220438
150.31954376242203,-4.277382486732826,0.9999999999999993,-48.65183171163246,-69.34552499197467,119.49913039646616
150.32972376708443,-4.280397970295848,0.9999999999999992,-48.68377559662042,-69.37703977026435,119.31010390887862
150.33990376727988,-4.283414671632286,0.9999999999999992,-48.715736077299894,-69.40856800665314,119.12098279166425
150.3500837629802,-4.286432590932506,0.9999999999999992,-48.747713157228866,-69.44010970319273,118.93176702704635
150.3602637541574,-4.28945172838687,0.9999999999999992,-48.779706839965506,-69.4716648619347,118.74245659724767
150.37044374078326,-4.292472084185735,0.9999999999999993,-48.81171712906814,-69.50323348493033,118.55305148449125
150.3806237228297,-4.295493658519466,0.9999999999999993,-48.843744028095216,-69.53481557423086,118.36355167099998
150.39080370026863,-4.298516451578416,0.9999999999999992,-48.87578754060527,-69.56641113188734,118.17395713899688
150.40098367307183,-4.301540463552934,0.9999999999999993,-48.907847670156976,-69.59802015995048,117.9842678707048
150.4111636412112,-4.304565694633376,0.9999999999999992,-48.93992442030918,-69.629642660471,117.79448384834684
150.42134360465855,-4.307592145010088,0.9999999999999992,-48.97201779462079,-69.66127863549934,117.60460505414574
150.4315235633857,-4.310619814873413,0.9999999999999991,-49.00412779665087,-69.69292808708589,117.41463147032452
150.4417035173645,-4.313648704413698,0.9999999999999992,-49.03625442995862,-69.72459101728073,117.22456307910598
150.4518834665667,-4.316678813821276,0.9999999999999993,-49.06839769810336,-69.75626742813378,117.03439986271334
150.46206341096413,-4.319710143286493,0.9999999999999993,-49.100557604644486,-69.78795732169489,116.84414180336934
150.47224335052857,-4.322742692999676,0.9999999999999992,-49.1327341531416,-69.8196607000136,116.65378888329734
150.48242328523182,-4.3257764631511675,0.9999999999999993,-49.16492734715441,-69.8513775651394,116.46334108471956
150.49260321504556,-4.328811453931292,0.9999999999999992,-49.197137190242714,-69.8831079191215,116.27279838985933
150.5027831399416,-4.331847665530377,0.9999999999999992,-49.229363685966476,-69.91485176400904,116.08216078093953
150.51296305989175,-4.334885098138746,0.9999999999999993,-49.261606837885736,-69.94660910185085,115.89142824018319
150.5231429748676,-4.337923751946724,0.9999999999999993,-49.29386664956073,-69.97837993469572,115.70060074981318
150.53332288484094,-4.340963627144632,0.9999999999999992,-49.32614312455174,-70.01016426459213,115.50967829205234
150.54350278978353,-4.344004723922781,0.9999999999999994,-49.35843626641922,-70.04196209358854,115.31866084912372
150.55368268966697,-4.347047042471495,0.9999999999999992,-49.390746078723765,-70.07377342373312,115.1275484032504
150.56386258446304,-4.350090582981076,0.9999999999999993,-49.42307256502607,-70.1055982570739,114.93634093665509
150.57404247414334,-4.35313534564184,0.9999999999999992,-49.45541572888695,-70.13743659565874,114.74503843156077
150.58422235867963,-4.356181330644092,0.9999999999999992,-49.48777557386736,-70.1692884415353,114.55364087019048
150.59440223804347,-4.359228538178136,0.9999999999999992,-49.520152103528375,-70.20115379675111,114.3621482347672
150.60458211220654,-4.362276968434275,0.9999999999999993,-49.55254532143119,-70.23303266335346,114.1705605075138
