galstreams/tracks/track.st.Monoceros.ramos2021.ecsv
# %ECSV 0.9
# ---
# datatype:
# - {name: ra, unit: deg, datatype: float64}
# - {name: dec, unit: deg, datatype: float64}
# - {name: distance, unit: kpc, datatype: float64}
# - {name: pm_ra_cosdec, unit: mas / yr, datatype: float64}
# - {name: pm_dec, unit: mas / yr, datatype: float64}
# - {name: radial_velocity, unit: km / s, datatype: float64}
# delimiter: ','
# meta: !!omap
# - __serialized_columns__:
#     dec:
#       __class__: astropy.coordinates.angles.Latitude
#       unit: &id001 !astropy.units.Unit {unit: deg}
#       value: !astropy.table.SerializedColumn {name: dec}
#     distance:
#       __class__: astropy.coordinates.distances.Distance
#       unit: !astropy.units.Unit {unit: kpc}
#       value: !astropy.table.SerializedColumn {name: distance}
#     pm_dec:
#       __class__: astropy.units.quantity.Quantity
#       unit: !astropy.units.Unit {unit: mas / yr}
#       value: !astropy.table.SerializedColumn {name: pm_dec}
#     pm_ra_cosdec:
#       __class__: astropy.units.quantity.Quantity
#       unit: !astropy.units.Unit {unit: mas / yr}
#       value: !astropy.table.SerializedColumn {name: pm_ra_cosdec}
#     ra:
#       __class__: astropy.coordinates.angles.Longitude
#       unit: *id001
#       value: !astropy.table.SerializedColumn {name: ra}
#       wrap_angle: !astropy.coordinates.Angle
#         unit: *id001
#         value: 360.0
#     radial_velocity:
#       __class__: astropy.units.quantity.Quantity
#       unit: !astropy.units.Unit {unit: km / s}
#       value: !astropy.table.SerializedColumn {name: radial_velocity}
# schema: astropy-2.0
ra,dec,distance,pm_ra_cosdec,pm_dec,radial_velocity
[from data line 1093]
95.9531611351579,62.970531138421734,10.600000000000003,0.2951427508736742,-0.3525298907514203,-1.3683746586042549e-14
95.9610536784398,62.96090565372473,10.600000000000003,0.29513616253644626,-0.3530671134427653,-1.3683746586042549e-14
95.96894666916636,62.95128141758067,10.600000000000003,0.29513036122708364,-0.3536037124415246,-1.0525958912340423e-14
95.97684014838453,62.941658441680325,10.600000000000007,0.29512534621587555,-0.35413969240435866,-7.368171238638296e-15
95.98473415674792,62.93203673759893,10.600000000000005,0.2951211167359072,-0.35467505799347604,-1.3683746586042549e-14
95.99262873451727,62.92241631679635,10.600000000000005,0.29511767198308264,-0.35520981387626044,-7.368171238638296e-15
96.00052392156138,62.91279719061724,10.600000000000005,0.2951150111161486,-0.35574396472490405,-9.47336302110638e-15
96.00841975735776,62.90317937029107,10.600000000000001,0.29511313325671845,-0.3562775152160317,-9.47336302110638e-15
96.01631628099325,62.89356286693237,10.600000000000005,0.295112037489301,-0.3568104700303381,-7.368171238638296e-15
96.02421353116462,62.883947691540996,10.600000000000003,0.2951117228613294,-0.3573428338522179,-1.1578554803574466e-14
96.03211154617962,62.87433385500199,10.600000000000005,0.29511218838319103,-0.3578746113694012,-8.420767129872338e-15
96.04001036395746,62.86472136808599,10.600000000000005,0.29511343302826004,-0.35840580727259136,-9.47336302110638e-15
96.04791002202968,62.855110241449275,10.600000000000003,0.295115455732931,-0.35893642625510186,-1.1578554803574466e-14
96.05581055754087,62.845500485633906,10.600000000000005,0.2951182553966565,-0.3594664730124943,-1.2631150694808506e-14
96.06371200724922,62.835892111068084,10.600000000000005,0.2951218308819822,-0.35999595224222086,-1.1578554803574466e-14
96.07161440752775,62.82628512806607,10.600000000000005,0.29512618101458765,-0.36052486864326705,-1.1578554803574466e-14
96.07951779436469,62.81667954682844,10.600000000000005,0.29513130458332437,-0.36105322691579445,-4.210383564936169e-15
96.0874222033646,62.80707537744234,10.600000000000003,0.29513720034026114,-0.3615810317607858,-8.420767129872338e-15
96.09532766974874,62.797472629881696,10.600000000000005,0.29514386700072753,-0.36210828787969457,-9.47336302110638e-15
96.10323422835636,62.78787131400718,10.600000000000007,0.295151303243358,-0.3626349999740892,-1.2631150694808506e-14
96.11114191364527,62.77827143956657,10.600000000000007,0.29515950771014055,-0.3631611727453106,-1.0525958912340423e-14
96.11905075969268,62.76867301619496,10.600000000000005,0.29516847900646476,-0.3636868108941133,-1.1578554803574466e-14
96.1269608001962,62.75907605341481,10.600000000000007,0.29517821570117264,-0.3642119191203295,-9.47336302110638e-15
96.13487206847432,62.74948056063636,10.600000000000005,0.2951887163266133,-0.36473650212251774,-9.47336302110638e-15
96.14278459746781,62.73988654715761,10.600000000000007,0.29519997937869175,-0.3652605645976203,-1.0525958912340423e-14
96.15069841974017,62.730294022164635,10.600000000000003,0.29521200331692843,-0.3657841112406236,-9.47336302110638e-15
96.15861356747874,62.7207029947317,10.600000000000005,0.2952247865645154,-0.3663071467442168,-8.420767129872338e-15
96.16653007249532,62.711113473821754,10.600000000000007,0.29523832750837486,-0.3668296757984524,-1.0525958912340423e-14
96.17444796622743,62.701525468286185,10.600000000000005,0.2952526244992183,-0.36735170309041093,-1.0525958912340423e-14
96.18236727973901,62.69193898686543,10.600000000000005,0.29526767585161073,-0.36787323330386545,-1.2631150694808506e-14
96.19028804372141,62.68235403818893,10.600000000000003,0.29528347984403114,-0.3683942711189474,-5.2629794561702115e-15
96.19821028849407,62.67277063077567,10.600000000000007,0.2953000347189407,-0.3689148212118152,-9.47336302110638e-15
96.20613404400584,62.663188773034,10.600000000000005,0.29531733868284754,-0.3694348882543243,-6.315575347404253e-15
96.2140593398357,62.65360847326213,10.600000000000005,0.29533538990637587,-0.3699544769137,-5.2629794561702115e-15
96.22198620519386,62.64402973964828,10.600000000000003,0.2953541865243335,-0.3704735918522069,-8.420767129872338e-15
96.2299146689223,62.63445258027104,10.600000000000003,0.29537372663578765,-0.3709922377268279,-1.1578554803574466e-14
96.2378447594964,62.62487700309936,10.600000000000005,0.2953940083041339,-0.371510419188941,-1.3683746586042549e-14
96.24577650502535,62.61530301599295,10.600000000000005,0.29541502955717175,-0.3720281408839934,-1.0525958912340423e-14
96.25370993325345,62.605730626702574,10.600000000000005,0.29543678838718146,-0.3725454074511862,-1.2631150694808506e-14
96.26164507156103,62.59615984287011,10.600000000000003,0.2954592827510003,-0.37306222352315555,-8.420767129872338e-15
96.26958194696526,62.58659067202907,10.600000000000005,0.29548251057010466,-0.37357859372565444,-8.420767129872338e-15
96.2775205861215,62.577023121604576,10.600000000000005,0.29550646973068556,-0.3740945226772398,-9.47336302110638e-15
96.28546101532409,62.56745719891374,10.600000000000003,0.29553115808373537,-0.37461001498895896,-1.0525958912340423e-14
96.29340326050746,62.557892911165915,10.600000000000005,0.2955565734451287,-0.3751250752640408,-1.1578554803574466e-14
96.30134734724699,62.54833026546303,10.600000000000007,0.29558271359571064,-0.375639708097582,-9.47336302110638e-15
96.30929330076036,62.53876926879969,10.600000000000005,0.29560957628137924,-0.37615391807624543,-8.420767129872338e-15
96.31724114590835,62.52920992806357,10.600000000000005,0.2956371592131768,-0.37666770977795017,-7.368171238638296e-15
96.32519090719599,62.519652250035634,10.600000000000003,0.29566546006737915,-0.3771810877715699,-7.368171238638296e-15
96.33314260877367,62.510096241390364,10.600000000000007,0.2956944764855853,-0.3776940566166297,-8.420767129872338e-15
96.34109627443796,62.500541908696235,10.600000000000007,0.2957242060748125,-0.3782066208630076,-1.3683746586042549e-14
96.34905192763307,62.49098925841569,10.600000000000005,0.29575464640758675,-0.3787187850506341,-1.2631150694808506e-14
96.35700959145166,62.48143829690562,10.600000000000003,0.2957857950220433,-0.37923055370919856,-9.47336302110638e-15
96.3649692886361,62.4718890304176,10.600000000000005,0.2958176494220175,-0.37974193135785006,-1.0525958912340423e-14
96.37293104157928,62.46234146509824,10.600000000000003,0.29585020707715104,-0.3802529225049107,-1.1578554803574466e-14
96.38089487232608,62.45279560698931,10.600000000000007,0.2958834654229834,-0.38076353164757937,-1.1578554803574466e-14
96.38886080257434,62.443251462028165,10.600000000000003,0.2959174218610602,-0.38127376327164625,-8.420767129872338e-15
96.39682885367596,62.433709036047944,10.600000000000005,0.2959520737590313,-0.38178362185120274,-5.2629794561702115e-15
96.4047990466378,62.424168334778074,10.600000000000003,0.2959874184507583,-0.38229311184835774,-6.315575347404253e-15
96.41277140212337,62.41462936384427,10.600000000000003,0.29602345323641877,-0.38280223771295485,-1.1578554803574466e-14
96.42074594045344,62.405092128769,10.600000000000005,0.2960601753826116,-0.3833110038822899,-8.420767129872338e-15
96.42872268160747,62.39555663497181,10.600000000000007,0.2960975821224688,-0.38381941478083,-8.420767129872338e-15
96.43670164522472,62.38602288776952,10.600000000000003,0.2961356706557631,-0.3843274748199401,-1.1578554803574466e-14
96.44468285060519,62.376490892376715,10.600000000000003,0.2961744381490209,-0.38483518839760106,-1.1578554803574466e-14
96.45266631671113,62.366960653905835,10.600000000000007,0.2962138817356325,-0.3853425598981403,-9.47336302110638e-15
96.46065206216807,62.35743217736763,10.600000000000003,0.29625399851596806,-0.38584959369195887,-5.2629794561702115e-15
96.46864010526595,62.34790546767138,10.600000000000007,0.2962947855574922,-0.38635629413526007,-7.368171238638296e-15
96.47663046396018,62.33838052962542,10.600000000000005,0.2963362398948819,-0.3868626655697813,-9.47336302110638e-15
96.48462315587321,62.328857367937154,10.600000000000005,0.29637835853014216,-0.3873687123225295,-6.315575347404253e-15
96.49261819829539,62.31933598721361,10.600000000000005,0.29642113843272777,-0.38787443870551586,-1.1578554803574466e-14
96.5006156081864,62.3098163919616,10.600000000000007,0.29646457653966307,-0.3883798490154926,-1.473634247727659e-14
96.5086154021761,62.30029858658829,10.600000000000003,0.2965086697556656,-0.3888849475336935,-1.1578554803574466e-14
96.51661759656622,62.29078257540125,10.600000000000005,0.2965534149532658,-0.3893897385255752,-1.1578554803574466e-14
96.52462220733128,62.281268362608955,10.600000000000003,0.296598808972936,-0.3898942262405599,-1.1578554803574466e-14
96.5326292501199,62.271755952321044,10.600000000000005,0.2966448486232142,-0.39039841491178295,-1.1578554803574466e-14
96.54063874025601,62.26224534854866,10.600000000000005,0.2966915306808318,-0.39090230875583803,-1.2631150694808506e-14
96.54865069274001,62.25273655520494,10.600000000000003,0.2967388518908435,-0.39140591197252617,-1.0525958912340423e-14
96.55666512225022,62.24322957610512,10.600000000000007,0.296786808966755,-0.3919092287446089,-1.0525958912340423e-14
96.56468204314396,62.23372441496697,10.600000000000005,0.296835398590656,-0.39241226323756084,-8.420767129872338e-15
96.57270146945892,62.22422107541118,10.600000000000003,0.2968846174133522,-0.392915019599325,-7.368171238638296e-15
96.58072341491413,62.214719560961754,10.600000000000005,0.2969344620545001,-0.39341750196006836,-7.368171238638296e-15
96.58874789291164,62.2052198750462,10.600000000000003,0.2969849291027391,-0.39391971443194373,-8.420767129872338e-15
96.59677491653758,62.19572202099599,10.600000000000005,0.297036015115832,-0.3944216611088498,-1.473634247727659e-14
96.60480449856344,62.186226002046816,10.600000000000005,0.29708771662079847,-0.3949233460661939,-8.420767129872338e-15
96.6128366514472,62.1767318213392,10.600000000000003,0.2971400301140565,-0.3954247733606566,-6.315575347404253e-15
96.6208713873349,62.16723948191852,10.600000000000003,0.2971929520615628,-0.39592594702996203,-4.210383564936169e-15
96.62890871806182,62.157748986735555,10.600000000000005,0.2972464788989509,-0.39642687109264335,-7.368171238638296e-15
96.63694865515369,62.1482603386468,10.600000000000007,0.29730060703167677,-0.39692754954781606,-1.0525958912340423e-14
96.64499120982812,62.13877354041481,10.600000000000005,0.29735533283516036,-0.3974279863749506,-1.2631150694808506e-14
96.65303639299565,62.12928859470871,10.600000000000003,0.2974106526549329,-0.39792818553364706,-1.1578554803574466e-14
96.66108421526141,62.11980550410434,10.600000000000005,0.2974665628067796,-0.3984281509634146,-8.420767129872338e-15
96.66913468692618,62.11032427108474,10.600000000000003,0.29752305957689007,-0.398927886583447,-1.1578554803574466e-14
96.67718781798794,62.100844898040485,10.600000000000007,0.2975801392220033,-0.39942739629240887,-7.368171238638296e-15
96.68524361814272,62.091367387270196,10.600000000000005,0.2976377979695622,-0.39992668396821296,-9.47336302110638e-15
96.69330209678648,62.08189174098069,10.600000000000005,0.2976960320178585,-0.4004257534678112,-9.47336302110638e-15
96.70136326301618,62.07241796128747,10.600000000000005,0.2977548375361888,-0.40092460862697854,-8.420767129872338e-15
96.70942712563115,62.06294605021511,10.600000000000007,0.2978142106650047,-0.401423253260104,-8.420767129872338e-15
96.7174936931342,62.05347600969769,10.600000000000007,0.2978741475160704,-0.4019216911599804,-1.1578554803574466e-14
96.7255629737334,62.04400784157902,10.600000000000005,0.2979346441726147,-0.4024199260976004,-6.315575347404253e-15
96.73363497534314,62.03454154761316,10.600000000000007,0.2979956966894876,-0.40291796182194806,-1.473634247727659e-14
96.74170970558549,62.02507712946472,10.600000000000001,0.29805730109332135,-0.40341580205980326,-1.0525958912340423e-14
96.74978717179174,62.01561458870924,10.600000000000005,0.29811945338268137,-0.4039134505155316,-8.420767129872338e-15
96.75786738100334,62.00615392683384,10.600000000000007,0.29818214952823713,-0.4044109108708954,-1.2631150694808506e-14
96.76595033997378,61.996695145237126,10.600000000000005,0.29824538547291246,-0.4049081867848512,-9.47336302110638e-15
96.77403605516963,61.98723824522997,10.600000000000003,0.29830915713205175,-0.40540528189335834,-9.47336302110638e-15
96.78212453277206,61.97778322803573,10.600000000000005,0.2983734603935828,-0.4059021998091858,-1.1578554803574466e-14
96.79021577867796,61.96833009479082,10.600000000000005,0.2984382911181818,-0.4063989441217215,-9.47336302110638e-15
96.79830979850168,61.95887884654481,10.600000000000007,0.29850364513943534,-0.4068955183967869,-1.0525958912340423e-14
96.80640659757614,61.94942948426109,10.600000000000007,0.29856951826400835,-0.4073919261764468,-6.315575347404253e-15
96.81450618095441,61.93998200881709,10.600000000000005,0.2986359062718103,-0.4078881709788289,-9.47336302110638e-15
96.82260855341076,61.93053642100491,10.600000000000007,0.2987028049161647,-0.40838425629793895,-6.315575347404253e-15
96.83071371944244,61.921092721531444,10.600000000000005,0.2987702099239762,-0.4088801856034835,-7.368171238638296e-15
96.83882168327091,61.91165091101895,10.600000000000007,0.2988381169959021,-0.4093759623406914,-7.368171238638296e-15
96.84693244884315,61.90221099000542,10.600000000000005,0.298906521806522,-0.40987158993013556,-1.0525958912340423e-14
96.85504601983325,61.89277295894491,10.600000000000007,0.298975420004511,-0.41036707176756326,-7.368171238638296e-15
96.86316239964349,61.883336818208214,10.600000000000007,0.2990448072128128,-0.4108624112237201,-8.420767129872338e-15
96.87128159140612,61.873902568082904,10.600000000000007,0.29911467902881334,-0.41135761164418533,-6.315575347404253e-15
96.87940359798458,61.86447020877399,10.600000000000005,0.299185031024514,-0.41185267634919953,-9.47336302110638e-15
96.88752842197495,61.85503974040416,10.600000000000003,0.29925585874671085,-0.4123476086335028,-8.420767129872338e-15
96.89565606570717,61.84561116301449,10.600000000000005,0.2993271577171688,-0.41284241176616865,-1.0525958912340423e-14
96.9037865312468,61.836184476564476,10.600000000000005,0.2993989234328009,-0.41333708899044447,-8.420767129872338e-15
96.91191982039621,61.82675968093273,10.600000000000005,0.29947115136584523,-0.41383164352359214,-1.473634247727659e-14
96.92005593469608,61.81733677591719,10.600000000000003,0.299543836964046,-0.41432607855672937,-1.1578554803574466e-14
96.92819487542666,61.80791576123581,10.600000000000007,0.2996169756508345,-0.41482039725467545,-6.315575347404253e-15
96.93633664360948,61.79849663652673,10.600000000000007,0.29969056282550877,-0.4153146027557997,-1.2631150694808506e-14
96.94448124000857,61.789079401348744,10.600000000000003,0.2997645938634167,-0.4158086981718674,-9.47336302110638e-15
96.95262866513195,61.779664055181826,10.600000000000007,0.2998390641161386,-0.41630268658789216,-1.0525958912340423e-14
96.96077891923314,61.77025059742741,10.600000000000005,0.2999139689116733,-0.4167965710619919,-1.2631150694808506e-14
96.96893200231224,61.76083902740903,10.600000000000005,0.2999893035546205,-0.4172903546252376,-1.0525958912340423e-14
96.97708791411797,61.751429344372475,10.600000000000003,0.30006506332636756,-0.4177840402815164,-9.47336302110638e-15
96.98524665414858,61.74202154748639,10.600000000000005,0.30014124348527593,-0.4182776310073891,-1.0525958912340423e-14
96.99340822165364,61.7326156358426,10.600000000000009,0.3002178392668679,-0.4187711297519501,-8.420767129872338e-15
97.00157261563507,61.723211608456765,10.600000000000007,0.3002948458840177,-0.4192645394366926,-5.2629794561702115e-15
97.00973983484907,61.71380946426848,10.600000000000007,0.3003722585271366,-0.41975786295537276,-5.2629794561702115e-15
97.01790987780734,61.70440920214193,10.600000000000007,0.3004500723643638,-0.4202511031738783,-1.0525958912340423e-14
97.02608274277848,61.69501082086616,10.600000000000007,0.30052828254175884,-0.4207442629300976,-5.2629794561702115e-15
