galstreams/tracks/track.st.Gaia-12.ibata2024.ecsv
# %ECSV 1.0
# ---
# datatype:
# - {name: ra, unit: deg, datatype: float64}
# - {name: dec, unit: deg, datatype: float64}
# - {name: distance, unit: kpc, datatype: float64}
# - {name: pm_ra_cosdec, unit: mas / yr, datatype: float64}
# - {name: pm_dec, unit: mas / yr, datatype: float64}
# - {name: radial_velocity, unit: km / s, datatype: float64}
# delimiter: ','
# meta: !!omap
# - __serialized_columns__:
#     dec:
#       __class__: astropy.coordinates.angles.Latitude
#       unit: &id001 !astropy.units.Unit {unit: deg}
#       value: !astropy.table.SerializedColumn {name: dec}
#     distance:
#       __class__: astropy.coordinates.distances.Distance
#       unit: !astropy.units.Unit {unit: kpc}
#       value: !astropy.table.SerializedColumn {name: distance}
#     pm_dec:
#       __class__: astropy.units.quantity.Quantity
#       unit: !astropy.units.Unit {unit: mas / yr}
#       value: !astropy.table.SerializedColumn {name: pm_dec}
#     pm_ra_cosdec:
#       __class__: astropy.units.quantity.Quantity
#       unit: !astropy.units.Unit {unit: mas / yr}
#       value: !astropy.table.SerializedColumn {name: pm_ra_cosdec}
#     ra:
#       __class__: astropy.coordinates.angles.Longitude
#       unit: *id001
#       value: !astropy.table.SerializedColumn {name: ra}
#       wrap_angle: !astropy.coordinates.Angle
#         unit: *id001
#         value: 360.0
#     radial_velocity:
#       __class__: astropy.units.quantity.Quantity
#       unit: !astropy.units.Unit {unit: km / s}
#       value: !astropy.table.SerializedColumn {name: radial_velocity}
# schema: astropy-2.0
ra,dec,distance,pm_ra_cosdec,pm_dec,radial_velocity
[from data line 1071]
29.723848198361637,25.243647177253543,0.9999999999999997,4.143403494061673,-3.3338214141888756,-1028.8504577505735
29.73219619917028,25.237075224846503,0.9999999999999998,4.145242797744061,-3.3348128587594914,-1027.23186976336
29.740544267186703,25.230503904439523,0.9999999999999997,4.147080252372149,-3.3358072183969227,-1025.615627664579
29.748892401742893,25.223933214883104,0.9999999999999999,4.148915859358297,-3.3368044889452193,-1024.0017297467232
29.757240602170878,25.217363155027858,0.9999999999999998,4.150749620116343,-3.33780466624917,-1022.3901743022831
29.765588867802432,25.21079372372467,0.9999999999999998,4.152581536061163,-3.338807746153833,-1020.7809596237491
29.773937197969,25.204224919824764,0.9999999999999999,4.154411608608953,-3.3398137245049213,-1019.1740840036138
29.782285592001973,25.197656742179497,0.9999999999999998,4.156239839177104,-3.340822597148602,-1017.5695457343675
29.79063404923253,25.191089189640472,0.9999999999999998,4.158066229184115,-3.341834359931582,-1015.9673431085015
29.798982568991523,25.184522261059648,0.9999999999999998,4.159890780049864,-3.3428490087009948,-1014.3674744185075
29.807331150609752,25.17795595528912,0.9999999999999998,4.161713493195407,-3.3438665393044715,-1012.7699379568764
29.815679793417782,25.171390271181213,0.9999999999999998,4.1635343700427825,-3.344886947590311,-1011.1747320160993
29.824028496745882,25.16482520758862,0.9999999999999997,4.165353412015534,-3.3459102294071243,-1009.5818548886674
29.83237725992424,25.158260763364158,0.9999999999999999,4.1671706205383146,-3.3469363806040775,-1007.9913048670724
29.840726082282856,25.151696937360896,0.9999999999999998,4.168985997036941,-3.3479653970309045,-1006.403080243805
29.849074963151367,25.145133728432253,0.9999999999999999,4.17079954293844,-3.34899727453778,-1004.8171793113567
29.85742390185939,25.138571135431775,0.9999999999999997,4.172611259671186,-3.3500320089754183,-1003.2336003622185
29.865772897736303,25.13200915721326,0.9999999999999997,4.1744211486644645,-3.3510695961949892,-1001.6523416888814
29.874121950111174,25.125447792630847,0.9999999999999999,4.176229211349124,-3.3521100320482162,-1000.0734015838377
29.882471058312994,25.11888704053883,0.9999999999999999,4.178035449156937,-3.3531533123873203,-998.4967783395776
29.890820221670587,25.11232689979173,0.9999999999999998,4.1798398635211385,-3.3541994330650198,-996.922470248592
29.89916943951239,25.105767369244415,0.9999999999999999,4.181642455875874,-3.355248389934488,-995.3504756033736
29.90751871116684,25.0992084477519,0.9999999999999999,4.183443227656781,-3.35630017884948,-993.7807926964117
29.915868035962124,25.092650134169435,0.9999999999999998,4.185242180300506,-3.357354795664264,-992.2134198201987
29.924217413226124,25.086092427352636,0.9999999999999999,4.187039315244974,-3.3584122362335336,-990.6483552672261
29.932566842286644,25.079535326157234,0.9999999999999998,4.188834633929304,-3.3594724964124936,-989.0855973299841
29.940916322471296,25.072978829439208,0.9999999999999998,4.190628137793823,-3.3605355720569605,-987.5251443009647
29.949265853107374,25.0664229360549,0.9999999999999998,4.192419828280151,-3.361601459023106,-985.9669944726585
29.957615433522093,25.05986764486077,0.9999999999999999,4.194209706830932,-3.362670153167784,-984.4111461375576
29.96596506304242,25.053312954713576,0.9999999999999998,4.195997774890145,-3.363741650348203,-982.8575975881525
29.974314740995208,25.046758864470263,0.9999999999999998,4.197784033902934,-3.364815946422084,-981.3063471169341
29.982664466706932,25.040205372988147,0.9999999999999997,4.1995684853156945,-3.3658930372477585,-979.757393016395
29.991014239504004,25.03365247912465,0.9999999999999998,4.201351130575816,-3.366972918684013,-978.2107335790246
29.999364058712697,25.02710018173746,0.9999999999999998,4.203131971132237,-3.3680555865901027,-976.6663670973157
30.007713923658894,25.02054847968461,0.9999999999999998,4.204911008434863,-3.3691410368259085,-975.1242918637585
30.016063833668433,25.01399737182428,0.9999999999999998,4.206688243934806,-3.370229265251538,-973.5845061708451
30.024413788066976,25.007446857014855,0.9999999999999998,4.20846367908446,-3.3713202677280663,-972.0470083110656
30.03276378617982,25.000896934115115,0.9999999999999998,4.210237315337409,-3.372414040116581,-970.5117965769116
30.041113827332232,24.994347601983947,0.9999999999999998,4.212009154148319,-3.37351057827901,-968.9788692608748
30.049463910849255,24.987798859480485,0.9999999999999999,4.213779196973221,-3.3746098780776634,-967.4482246554463
30.05781403605562,24.98125070546422,0.9999999999999998,4.215547445269294,-3.3757119353753637,-965.919861053117
30.066164202276003,24.974703138794766,0.9999999999999998,4.21731390049483,-3.3768167460355443,-964.393776746378
30.074514408834872,24.968156158332004,0.9999999999999997,4.219078564109438,-3.377924305921951,-962.8699700277207
30.08286465505635,24.96160976293614,0.9999999999999998,4.22084143757381,-3.3790346108989553,-961.3484391896369
30.09121494026452,24.955063951467505,0.9999999999999998,4.222602522349931,-3.3801476568314825,-959.8291825246173
30.099565263783266,24.9485187227867,0.9999999999999998,4.2243618199009205,-3.381263439584913,-958.3121983251523
30.10791562493615,24.941974075754683,0.9999999999999997,4.226119331691166,-3.3823819550250818,-956.7974848837345
30.11626602304666,24.935430009232505,0.9999999999999998,4.227875059186218,-3.3835031990184348,-955.2850404928544
30.12461645743809,24.92888652208148,0.9999999999999999,4.229629003852779,-3.3846271674318444,-953.7748634450033
30.132966927433404,24.922343613163292,0.9999999999999999,4.231381167158759,-3.3857538561327374,-952.2669520326723
30.141317432355525,24.91580128133974,0.9999999999999998,4.233131550573361,-3.386883260989052,-950.7613045483529
30.149667971527144,24.909259525472844,1.0,4.234880155566799,-3.388015377869209,-949.2579192845365
30.158018544270664,24.90271834442502,0.9999999999999997,4.236626983610719,-3.389150202642128,-947.7567945337133
30.1663691499084,24.896177737058782,0.9999999999999997,4.238372036177722,-3.390287731177281,-946.2579285883756
30.174719787762488,24.889637702236893,0.9999999999999998,4.240115314741729,-3.3914279593446963,-944.7613197410143
30.183070457154713,24.883098238822477,0.9999999999999998,4.2418568207778975,-3.39257088301477,-943.2669662841204
30.19142115740683,24.876559345678785,0.9999999999999999,4.243596555762437,-3.3937164980584527,-941.7748665101852
30.199771887840384,24.87002102166931,0.9999999999999997,4.245334521172907,-3.3948648003473068,-940.2850187116996
30.208122647776587,24.863483265657887,0.9999999999999998,4.247070718487947,-3.396015785753292,-938.797421181156
30.216473436536603,24.85694607650849,0.9999999999999998,4.248805149187376,-3.3971694501489935,-937.3120722110444
30.2248242534414,24.850409453085348,0.9999999999999999,4.250537814752306,-3.3983257894073517,-935.8289700938562
30.233175097811603,24.84387339425301,0.9999999999999998,4.2522687166649575,-3.3994847994019324,-934.348113122083
30.241525968967796,24.837337898876182,0.9999999999999999,4.253997856408759,-3.4006464760068127,-932.8694995882155
30.249876866230384,24.830802965819814,0.9999999999999998,4.2557252354683754,-3.4018108150965105,-931.3931277847456
30.258227788919402,24.824268593949178,0.9999999999999998,4.257450855329637,-3.4029778125461405,-929.9189960041641
30.266578736354845,24.81773478212972,0.9999999999999998,4.259174717479425,-3.4041474642311726,-928.4471025389622
30.274929707856487,24.811201529227112,0.9999999999999998,4.2608968234060285,-3.4053197660278585,-926.9774456816313
30.283280702743944,24.80466883410729,0.9999999999999998,4.262617174598844,-3.406494713812691,-925.5100237246619
30.291631720336483,24.798136695636483,0.9999999999999997,4.264335772548378,-3.407672303462803,-924.0448349605464
30.299982759953348,24.791605112681086,0.9999999999999999,4.2660526187464,-3.408852530855839,-922.5818776817757
30.308333820913564,24.78507408410773,0.9999999999999999,4.26776771468586,-3.4100353918699966,-921.1211501808399
30.31668490253585,24.7785436087834,0.9999999999999998,4.269481061860944,-3.4112208823837875,-919.6626507502315
30.325036004138834,24.772013685575185,1.0,4.2711926617668325,-3.41240899827649,-918.2063776824411
30.333387125041,24.765484313350452,0.9999999999999999,4.2729025159001,-3.4135997354277663,-916.7523292699603
30.34173826456046,24.758955490976906,0.9999999999999998,4.274610625758399,-3.414793089717776,-915.3005038052798
30.350089422015298,24.752427217322364,0.9999999999999998,4.276316992840677,-3.4159890570272466,-913.8508995808915
30.35844059672339,24.745899491254907,0.9999999999999998,4.278021618646875,-3.417187633237347,-912.4035148892855
30.366791788002296,24.739372311642956,0.9999999999999998,4.279724504678327,-3.4183888142298855,-910.9583480229542
30.37514299516951,24.73284567735507,0.9999999999999998,4.281425652437406,-3.4195925958869964,-909.5153972743886
30.38349421754233,24.726319587260033,0.9999999999999999,4.283125063427633,-3.4207989740915536,-908.0746609360793
30.391845454437764,24.719794040227,0.9999999999999998,4.28482273915391,-3.422007944726758,-906.6361373005177
30.400196705172714,24.71326903512524,0.9999999999999999,4.286518681122189,-3.4232195036763784,-905.1998246601956
30.40854796906392,24.706744570824274,0.9999999999999998,4.288212890839517,-3.424433646824795,-903.7657213076033
30.41689924542779,24.700220646193966,0.9999999999999998,4.289905369814306,-3.4256503700566867,-902.333825535233
30.425250533580673,24.693697260104308,0.9999999999999998,4.29159611955609,-3.4268696692574707,-900.9041356355751
30.43360183283872,24.687174411425545,0.9999999999999997,4.293285141575453,-3.428091540312977,-899.476649901121
30.441953142517775,24.680652099028254,0.9999999999999998,4.294972437384274,-3.429315979109589,-898.0513666243623
30.45030446193363,24.67413032178316,0.9999999999999998,4.296658008495726,-3.4305429815340887,-896.62828409779
30.458655790401853,24.66760907856122,0.9999999999999998,4.298341856423903,-3.4317725434738975,-895.2074006138954
30.46700712723771,24.661088368233727,0.9999999999999999,4.300023982684252,-3.433004660816948,-893.7887144651696
30.47535847175642,24.654568189672144,0.9999999999999998,4.3017043887933255,-3.4342393294516,-892.3722239441034
30.48370982327299,24.648048541748125,0.9999999999999998,4.303383076268929,-3.4354765452668232,-890.9579273431884
30.49206118110212,24.641529423333715,0.9999999999999997,4.3050600466299755,-3.436716304151986,-889.5458229549163
30.500412544558447,24.635010833301052,0.9999999999999998,4.3067353013965715,-3.437958601997124,-888.1359090717773
30.50876391295642,24.628492770522545,0.9999999999999997,4.308408842090003,-3.4392034346927005,-886.7281839862634
30.517115285610142,24.621975233870938,0.9999999999999999,4.310080670232679,-3.4404507981296604,-885.3226459908655
30.52546666183372,24.615458222219115,0.9999999999999998,4.311750787348316,-3.441700688199518,-883.919293378075
30.533818040941007,24.608941734440172,0.9999999999999998,4.313419194961725,-3.4429531007943126,-882.5181244403828
30.542169422245564,24.602425769407592,0.9999999999999999,4.315085894598823,-3.4442080318065678,-881.1191374702807
30.550520805060884,24.595910325994964,0.9999999999999999,4.31675088778681,-3.4454654771293605,-879.7223307602592
30.558872188700306,24.589395403076125,0.9999999999999999,4.31841417605402,-3.44672543265618,-878.3277026028097
30.567223572476784,24.582880999525255,0.9999999999999999,4.320075760929981,-3.447987894281198,-876.9352512904239
30.575574955703274,24.57636711421667,0.9999999999999998,4.3217356439452885,-3.449252857898955,-875.5449751155924
30.58392633769252,24.56985374602492,0.9999999999999999,4.323393826631886,-3.4505203194046032,-874.1568723708069
30.592277717756936,24.563340893824908,1.0,4.325050310522727,-3.451790274693778,-872.7709413485583
30.600629095208898,24.556828556491674,0.9999999999999999,4.326705097152043,-3.4530627196625545,-871.387180341338
30.608980469360578,24.55031673290047,0.9999999999999999,4.328358188055162,-3.454337650207691,-870.0055876416365
30.617331839523843,24.543805421926933,0.9999999999999999,4.330009584768646,-3.455615062226329,-868.6261615419462
30.62568320501049,24.537294622446804,0.9999999999999998,4.3316592888301955,-3.456894951616121,-867.2489003347578
30.634034565132087,24.5307843333361,0.9999999999999998,4.333307301778632,-3.458177314275389,-865.8738023125624
30.642385919200073,24.524274553471066,0.9999999999999997,4.334953625154057,-3.45946214610278,-864.500865767851
30.65073726652555,24.517765281728256,0.9999999999999999,4.336598260497652,-3.460749442997596,-863.1300889931155
30.65908860641956,24.511256516984393,0.9999999999999999,4.338241209351779,-3.4620392008595786,-861.761470280846
30.66743993819298,24.504748258116408,0.9999999999999999,4.3398824732599905,-3.4633314155889963,-860.3950079235351
30.67579126115635,24.498240504001604,0.9999999999999998,4.341522053766951,-3.464626083086685,-859.0307002136732
30.684142574620157,24.491733253517385,0.9999999999999999,4.3431599524186595,-3.4659231992539787,-857.6685454437514
30.69249387789471,24.48522650554142,0.9999999999999998,4.344796170761995,-3.4672227599927083,-856.3085419062609
30.700845170289984,24.47872025895172,0.9999999999999998,4.34643071034526,-3.4685247612052024,-854.9506878936937
30.70919645111592,24.472214512626422,0.9999999999999998,4.348063572717862,-3.469829198794301,-853.5949816985404
30.717547719682248,24.465709265443895,0.9999999999999998,4.3496947594302355,-3.4711360686635118,-852.2414216132922
30.72589897529839,24.45920451628286,0.9999999999999997,4.351324272034105,-3.472445366716684,-850.8900059304401
30.73425021727373,24.452700264022177,0.9999999999999998,4.35295211208242,-3.473757088858193,-849.5407329424761
30.742601444917433,24.44619650754093,0.9999999999999999,4.354578281129079,-3.475071230993109,-848.1936009418907
30.75095265753837,24.43969324571856,0.9999999999999999,4.3562027807292765,-3.4763877890268446,-846.8486082211754
30.759303854445346,24.433190477434632,0.9999999999999999,4.357825612439484,-3.477706758865338,-845.5057530728212
30.767655034946998,24.42668820156895,0.9999999999999999,4.359446777817098,-3.4790281364151525,-844.1650337893195
30.776006198351624,24.420186417001673,0.9999999999999997,4.361066278420864,-3.480351917583306,-842.8264486631616
30.78435734396746,24.413685122613074,0.9999999999999998,4.362684115810552,-3.481678098277314,-841.4899959868388
30.792708471102603,24.407184317283676,0.9999999999999998,4.364300291547195,-3.483006674405317,-840.1556740528415
30.80105957906478,24.400683999894344,0.9999999999999998,4.365914807192951,-3.4843376418757543,-838.8234811536623
30.809410667161686,24.394184169326067,0.9999999999999998,4.367527664311069,-3.485670996597875,-837.493415581791
30.81776173470085,24.387684824460088,0.9999999999999998,4.369138864466095,-3.4870067344812554,-836.1654756297197
30.826112780989444,24.381185964177984,0.9999999999999999,4.370748409223609,-3.4883448514359685,-834.8396595899399
30.83446380533461,24.374687587361457,0.9999999999999998,4.3723563001504,-3.489685343372784,-833.5159657549412
30.842814807043318,24.368189692892457,0.9999999999999999,4.3739625388144106,-3.491028206202813,-832.1943924172166
30.851165785422182,24.361692279653283,0.9999999999999997,4.375567126784759,-3.492373435837763,-830.8749378692564
30.85951673977781,24.355195346526337,0.9999999999999999,4.3771700656317165,-3.4937210281898814,-829.5576004035519
30.867867669416594,24.348698892394307,0.9999999999999997,4.37877135692662,-3.495070979171885,-828.2423783125948
30.876218573644614,24.342202916140163,0.9999999999999997,4.380371002242114,-3.4964232846970447,-826.9292698888753
30.88456945176791,24.335707416647065,0.9999999999999998,4.381969003151852,-3.497777940679157,-825.618273424886
30.89292030309232,24.32921239279837,0.9999999999999998,4.383565361230765,-3.4991349430325016,-824.3093872131169
30.901271126923387,24.322717843477797,0.9999999999999997,4.385160078054881,-3.500494287671927,-823.0026095460601
