galstreams/tracks/track.st.New-25.ibata2024.ecsv
# %ECSV 1.0
# ---
# datatype:
# - {name: ra, unit: deg, datatype: float64}
# - {name: dec, unit: deg, datatype: float64}
# - {name: distance, unit: kpc, datatype: float64}
# - {name: pm_ra_cosdec, unit: mas / yr, datatype: float64}
# - {name: pm_dec, unit: mas / yr, datatype: float64}
# - {name: radial_velocity, unit: km / s, datatype: float64}
# delimiter: ','
# meta: !!omap
# - __serialized_columns__:
#     dec:
#       __class__: astropy.coordinates.angles.Latitude
#       unit: &id001 !astropy.units.Unit {unit: deg}
#       value: !astropy.table.SerializedColumn {name: dec}
#     distance:
#       __class__: astropy.coordinates.distances.Distance
#       unit: !astropy.units.Unit {unit: kpc}
#       value: !astropy.table.SerializedColumn {name: distance}
#     pm_dec:
#       __class__: astropy.units.quantity.Quantity
#       unit: !astropy.units.Unit {unit: mas / yr}
#       value: !astropy.table.SerializedColumn {name: pm_dec}
#     pm_ra_cosdec:
#       __class__: astropy.units.quantity.Quantity
#       unit: !astropy.units.Unit {unit: mas / yr}
#       value: !astropy.table.SerializedColumn {name: pm_ra_cosdec}
#     ra:
#       __class__: astropy.coordinates.angles.Longitude
#       unit: *id001
#       value: !astropy.table.SerializedColumn {name: ra}
#       wrap_angle: !astropy.coordinates.Angle
#         unit: *id001
#         value: 360.0
#     radial_velocity:
#       __class__: astropy.units.quantity.Quantity
#       unit: !astropy.units.Unit {unit: km / s}
#       value: !astropy.table.SerializedColumn {name: radial_velocity}
# schema: astropy-2.0
ra,dec,distance,pm_ra_cosdec,pm_dec,radial_velocity
[from data line 839]
332.7455064519789,-27.263222368874242,1.0000000000000029,0.8679602130639461,-2.521455372078731,-54.425068996780524
332.75082439099623,-27.2722978007772,1.0000000000000027,0.8682354869000468,-2.5216505630614865,-54.492709883904645
332.7561455127516,-27.28137182647748,1.0000000000000029,0.8685099101204239,-2.5218448138811183,-54.560359334474484
332.7614698128441,-27.290444448334753,1.0000000000000027,0.8687834836209998,-2.5220381252425317,-54.62801577662069
332.76679728687213,-27.299515668709244,1.0000000000000029,0.8690562082974518,-2.5222304978507166,-54.69567763847384
332.77212793043316,-27.308585489961455,1.0000000000000029,0.8693280850452005,-2.5224219324107717,-54.76334334816448
332.77746173912385,-27.317653914452364,1.0000000000000029,0.8695991147594322,-2.5226124296278947,-54.83101133382327
332.7827987085398,-27.32672094454336,1.0000000000000029,0.8698692983350629,-2.5228019902073733,-54.89868002358076
332.7881388342761,-27.335786582596253,1.0000000000000027,0.870138636666776,-2.5229906148546015,-54.966347845567554
332.7934821119266,-27.344850830973296,1.0000000000000027,0.8704071306490198,-2.523178304275066,-55.034013227914265
332.79882853708455,-27.353913692037146,1.0000000000000029,0.8706747811759614,-2.5233650591743504,-55.101674598751465
332.80417810534226,-27.362975168150907,1.0000000000000029,0.8709415891415517,-2.523550880258137,-55.16933038620976
332.8095308122911,-27.372035261678104,1.0000000000000029,0.8712075554394749,-2.5237357682322075,-55.236979018419724
332.8148866535216,-27.38109397498264,1.0000000000000029,0.8714726809631737,-2.5239197238024302,-55.30461892351201
332.8202456246237,-27.390151310428994,1.0000000000000027,0.8717369666058588,-2.5241027476747746,-55.37224852961711
332.8256077211859,-27.399207270381947,1.0000000000000029,0.8720004132604613,-2.52428484055531,-55.439866264865735
332.83097293879644,-27.408261857206746,1.0000000000000029,0.8722630218197169,-2.524466003150186,-55.50747055738838
332.8363412730423,-27.417315073269087,1.0000000000000027,0.8725247931760745,-2.524646236165662,-55.57505983531571
332.8417127195097,-27.426366920935095,1.0000000000000027,0.8727857282217499,-2.5248255403080813,-55.642632526778286
332.8470872737841,-27.435417402571325,1.0000000000000029,0.8730458278487188,-2.525003916283881,-55.71018705990671
332.85246493145,-27.444466520544793,1.0000000000000029,0.8733050929487245,-2.5251813647995935,-55.777721862831555
332.85784568809095,-27.453514277222933,1.0000000000000029,0.8735635244132292,-2.5253578865618462,-55.84523536368344
332.86322953928976,-27.462560674973638,1.0000000000000027,0.8738211231334994,-2.5255334822773507,-55.91272599059296
332.8686164806285,-27.471605716165246,1.0000000000000029,0.874077890000529,-2.525708152652918,-55.980192171690696
332.8740065076879,-27.48064940316648,1.0000000000000027,0.8743338259050715,-2.5258818983954483,-56.04763233510726
332.8793996160484,-27.489691738346657,1.0000000000000029,0.8745889317376525,-2.526054720211927,-56.11504490897323
332.8847958012893,-27.498732724075392,1.0000000000000029,0.8748432083885502,-2.5262266188094324,-56.18242832141919
332.89019505898887,-27.507772362722815,1.0000000000000029,0.8750966567477896,-2.5263975948951387,-56.24978100057574
332.89559738472474,-27.516810656659505,1.0000000000000027,0.8753492777051601,-2.526567649176304,-56.31710137457349
332.90100277407373,-27.525847608256463,1.0000000000000029,0.8756010721502303,-2.526736782360274,-56.384387871543055
332.90641122261155,-27.534883219885167,1.0000000000000029,0.875852040972295,-2.5269049951544855,-56.451638919615
332.9118227259132,-27.54391749391756,1.0000000000000029,0.8761021850604482,-2.5270722882664667,-56.518852946919885
332.91723727955286,-27.55295043272601,1.0000000000000029,0.8763515053035134,-2.527238662403823,-56.58602838158837
332.9226548791037,-27.561982038683368,1.0000000000000027,0.8766000025900835,-2.5274041182742577,-56.653163651751
332.92807552013807,-27.57101231416293,1.0000000000000029,0.8768476778085121,-2.527568656585559,-56.7202571855384
332.93349919822737,-27.580041261538412,1.0000000000000029,0.8770945318469199,-2.5277322780455957,-56.787307411081144
332.93892590894245,-27.589068883184126,1.0000000000000029,0.8773405655932027,-2.52789498336233,-56.85431275650985
332.9443556478529,-27.59809518147472,1.0000000000000027,0.8775857799349849,-2.5280567732438044,-56.92127164995508
332.9497884105277,-27.607120158785317,1.0000000000000029,0.8778301757596836,-2.528217648398147,-56.988182519547465
332.9552241925347,-27.616143817491555,1.0000000000000027,0.8780737539544559,-2.5283776095335746,-57.055043793417575
332.96066298944123,-27.625166159969496,1.0000000000000029,0.8783165154062482,-2.528536657358385,-57.12185389969601
332.9661047968135,-27.634187188595686,1.0000000000000027,0.878558461001754,-2.528694792580956,-57.18861126651334
332.97154961021687,-27.643206905747153,1.0000000000000029,0.8787995916274314,-2.528852015909758,-57.255314322000196
332.976997425216,-27.652225313801377,1.0000000000000029,0.8790399081695179,-2.5290083280533384,-57.32196149428716
332.9824482373744,-27.661242415136307,1.0000000000000029,0.8792794115139815,-2.529163729720326,-57.388551211504826
332.9879020422549,-27.670258212130392,1.0000000000000029,0.8795181025466068,-2.5293182216194388,-57.45508190178378
332.9933588354195,-27.67927270716248,1.0000000000000029,0.8797559821529077,-2.5294718044594684,-57.52155199325462
332.9988186124292,-27.688285902612044,1.0000000000000027,0.8799930512181726,-2.52962447894929,-57.58795991404796
333.00428136884415,-27.697297800858898,1.0000000000000029,0.8802293106274526,-2.5297762457978608,-57.65430409229435
333.0097471002237,-27.706308404283384,1.0000000000000027,0.8804647612655829,-2.5299271057142203,-57.720582956124446
333.01521580212625,-27.71531771526632,1.0000000000000027,0.8806994040171476,-2.5300770594074837,-57.786794933668794
333.0206874701094,-27.724325736188998,1.0000000000000029,0.8809332397665077,-2.5302261075868477,-57.852938453058
333.0261620997298,-27.7333324694332,1.0000000000000029,0.8811662693978004,-2.5303742509615894,-57.91901194242265
333.0316396865433,-27.742337917381196,1.0000000000000027,0.8813984937949133,-2.5305214902410613,-57.98501382989336
333.03712022610483,-27.751342082415736,1.0000000000000027,0.8816299138415058,-2.5306678261346978,-58.050942543600726
333.04260371396845,-27.760344966920048,1.0000000000000029,0.8818605304210267,-2.530813259352006,-58.11679651167531
333.04809014568735,-27.76934657327781,1.0000000000000029,0.8820903444166719,-2.5309577906025784,-58.18257416224774
333.0535795168139,-27.778346903873356,1.0000000000000029,0.8823193567114274,-2.531101420596078,-58.248273923448615
333.0590718228995,-27.787345961091308,1.0000000000000027,0.8825475681880306,-2.531244150042244,-58.31389422340844
333.06456705949483,-27.79634374731688,1.0000000000000029,0.8827749797289997,-2.531385979650889,-58.37943349025794
333.0700652221494,-27.805340264935758,1.0000000000000029,0.8830015922166279,-2.5315269101319147,-58.444890152127634
333.07556630641227,-27.81433551633414,1.0000000000000027,0.8832274065329697,-2.5316669421952875,-58.51026263714812
333.0810703078312,-27.82332950389869,1.0000000000000027,0.8834524235598629,-2.5318060765510446,-58.57554937345001
333.08657722195335,-27.8323222300166,1.0000000000000029,0.8836766441789008,-2.5319443139093076,-58.64074878916387
333.092087044325,-27.84131369707552,1.0000000000000029,0.8839000692714851,-2.532081654980261,-58.70585931242035
333.09759977049134,-27.850303907463662,1.0000000000000029,0.8841226997187475,-2.532218100474177,-58.77087937135
333.10311539599695,-27.859292863569685,1.0000000000000027,0.8843445364016249,-2.5323536511013867,-58.83580739408342
333.1086339163853,-27.868280567782723,1.0000000000000027,0.884565580200813,-2.5324883075722973,-58.900641808751175
333.1141553271991,-27.87726702249256,1.0000000000000029,0.8847858319967807,-2.5326220705973985,-58.96538104348395
333.11967962398035,-27.88625223008934,1.0000000000000029,0.8850052926697929,-2.5327549408872367,-59.03002352641225
333.1252068022699,-27.89523619296375,1.0000000000000029,0.8852239630998575,-2.5328869191524364,-59.094567685666696
333.1307368576077,-27.90421891350701,1.0000000000000029,0.8854418441667864,-2.5330180061036947,-59.159011949377884
333.1362697855331,-27.913200394110817,1.0000000000000027,0.8856589367501426,-2.5331482024517786,-59.223354745676424
333.14180558158444,-27.922180637167415,1.0000000000000029,0.8858752417293045,-2.5332775089075175,-59.2875945026929
333.1473442412991,-27.931159645069528,1.0000000000000029,0.8860907599833752,-2.533405926181821,-59.3517296485579
333.1528857602137,-27.940137420210412,1.0000000000000029,0.8863054923912808,-2.5335334549856587,-59.41575861140201
333.1584301338638,-27.949113964983837,1.0000000000000029,0.8865194398317007,-2.533660096030077,-59.479679819355844
333.1639773577844,-27.958089281784083,1.0000000000000027,0.8867326031830949,-2.5337858500261854,-59.54349170055002
333.16952742750937,-27.967063373005892,1.0000000000000029,0.8869449833237111,-2.5339107176851563,-59.607192683115066
333.1750803385718,-27.97603624104468,1.0000000000000027,0.8871565811315625,-2.5340346997182395,-59.6707811951816
333.1806360865038,-27.98500788829625,1.0000000000000027,0.8873673974844589,-2.5341577968367446,-59.73425566488023
333.18619466683674,-27.993978317156948,1.0000000000000027,0.887577433259982,-2.534280009752052,-59.79761452034158
333.19175607510107,-28.002947530023665,1.000000000000003,0.887786689335484,-2.5344013391756035,-59.8608561896962
333.1973203068263,-28.01191552929381,1.0000000000000029,0.8879951665881185,-2.5345217858189066,-59.923979101074664
333.2028873575411,-28.020882317365306,1.0000000000000029,0.8882028658947858,-2.534641350393542,-59.986981682607606
333.2084572227733,-28.029847896636614,1.0000000000000029,0.888409788132206,-2.5347600336111404,-60.049862362425635
333.2140298980498,-28.03881226950673,1.0000000000000029,0.8886159341768556,-2.5348778361834103,-60.112619568659305
333.21960537889663,-28.047775438375158,1.000000000000003,0.888821304905008,-2.5349947588221147,-60.17525172943922
333.225183660839,-28.056737405641947,1.0000000000000029,0.8890259011927171,-2.5351108022390854,-60.237757272896
333.230764739401,-28.065698173707645,1.0000000000000029,0.8892297239157987,-2.5352259671462174,-60.30013462716024
333.23634861010623,-28.07465774497344,1.0000000000000029,0.8894327739498777,-2.5353402542554564,-60.36238222036248
333.2419352684773,-28.083616121840954,1.000000000000003,0.889635052170366,-2.5354536642788266,-60.424498480633346
333.2475247100355,-28.092573306712353,1.000000000000003,0.8898365594524229,-2.535566197928405,-60.48648183610345
333.2531169303019,-28.101529301990368,1.000000000000003,0.8900372966710393,-2.5356778559163287,-60.54833071490337
333.25871192479633,-28.11048411007826,1.0000000000000029,0.8902372647009589,-2.535788638954797,-60.610043545163705
333.26430968903776,-28.11943773337983,1.000000000000003,0.8904364644167302,-2.53589854775607,-60.67161875501505
333.26991021854417,-28.128390174299415,1.000000000000003,0.8906348966926503,-2.5360075830324673,-60.73305477258797
333.275513508833,-28.13734143524191,1.000000000000003,0.8908325624028572,-2.5361157454963648,-60.79435002601312
333.2811195554205,-28.14629151861274,1.000000000000003,0.8910294624212431,-2.536223035860202,-60.85550294342105
333.28672835382224,-28.155240426817873,1.000000000000003,0.8912255976214913,-2.5363294548364723,-60.91651195294236
333.2923398995526,-28.164188162263805,1.000000000000003,0.8914209688770551,-2.5364350031377296,-60.97737548270764
333.2979541881256,-28.17313472735768,1.0000000000000033,0.8916155770612226,-2.5365396814765826,-61.0380919608475
333.3035712150538,-28.182080124507078,1.000000000000003,0.8918094230470235,-2.5366434905656994,-61.098659815492496
333.3091909758494,-28.19102435612017,1.000000000000003,0.8920025077073062,-2.536746431117801,-61.15907747477328
333.3148134660232,-28.199967424605685,1.0000000000000029,0.8921948319146775,-2.5368485038456723,-61.21934336682042
333.32043868108565,-28.2089093323729,1.000000000000003,0.8923863965415757,-2.5369497094621436,-61.279455919764494
333.3260666165459,-28.217850081831635,1.0000000000000029,0.892577202460191,-2.5370500486801055,-61.33941356173612
333.3316972679124,-28.22678967539229,1.0000000000000029,0.8927672505425122,-2.537149522212506,-61.39921472086587
333.33733063069263,-28.235728115465815,1.0000000000000029,0.8929565416603378,-2.537248130772341,-61.45885782528436
333.34296670039333,-28.244665404463692,1.000000000000003,0.893145076685232,-2.5373458750726625,-61.518341303122206
333.3486054725203,-28.253601544798013,1.0000000000000029,0.8933328564885814,-2.53744275582658,-61.57766358250994
333.3542469425784,-28.26253653888134,1.000000000000003,0.8935198819415371,-2.5375387737472495,-61.636823091578194
333.35989110607164,-28.271470389126968,1.0000000000000029,0.8937061539150433,-2.53763392954788,-61.69581825845755
333.36553795850307,-28.280403097948593,1.000000000000003,0.8938916732798452,-2.5377282239417394,-61.754647511278606
333.371187495375,-28.28933466776054,1.000000000000003,0.8940764409064919,-2.5378216576421395,-61.81330927817196
333.3768397121888,-28.298265100977698,1.000000000000003,0.8942604576653066,-2.5379142313624463,-61.871801987268206
333.38249460444496,-28.307194400015522,1.0000000000000029,0.8944437244264236,-2.538005945816078,-61.930124066697935
333.38815216764294,-28.31612256729003,1.000000000000003,0.8946262420597515,-2.538096801716495,-61.988273944591754
333.3938123972816,-28.325049605217824,1.0000000000000029,0.8948080114350079,-2.5381867997772187,-62.04625004908023
333.39947528885864,-28.333975516216068,1.000000000000003,0.8949890334217034,-2.538275940711812,-62.104050808294
333.40514083787104,-28.3429003027025,1.000000000000003,0.8951693088891428,-2.5383642252338863,-62.161674650363594
333.4108090398149,-28.35182396709545,1.000000000000003,0.8953488387064388,-2.538451654057108,-62.21912000341968
333.4164798901853,-28.36074651181374,1.0000000000000029,0.8955276237424687,-2.5385382278951836,-62.27638529559278
333.4221533844766,-28.369667939276955,1.000000000000003,0.8957056648659396,-2.5386239474618715,-62.33346895501354
333.4278295181821,-28.378588251905086,1.000000000000003,0.89588296294533,-2.538708813470975,-62.39036940981255
333.4335082867944,-28.387507452118765,1.000000000000003,0.8960595188489524,-2.538792826636343,-62.447085088120396
333.43918968580505,-28.3964255423392,1.0000000000000029,0.8962353334448752,-2.538875987671876,-62.50361441806764
333.4448737107048,-28.405342524988193,1.000000000000003,0.8964104076009978,-2.5389582972915137,-62.55995582778494
333.45056035698354,-28.414258402488105,1.000000000000003,0.8965847421849871,-2.53903975620924,-62.61610774540284
333.4562496201303,-28.42317317726192,1.000000000000003,0.8967583380643491,-2.539120365139092,-62.672068599051954
333.46194149563297,-28.432086851733178,1.000000000000003,0.8969311961063458,-2.5392001247951432,-62.727836816862855
333.4676359789788,-28.440999428326016,1.0000000000000029,0.8971033171780709,-2.5392790358915156,-62.78341082696617
333.4733330656542,-28.44991090946516,1.000000000000003,0.8972747021464098,-2.539357099142364,-62.83878905749246
333.4790327511444,-28.458821297575888,1.0000000000000029,0.8974453518780479,-2.5394343152619023,-62.89396993657236
333.48473503093413,-28.4677305950842,1.0000000000000029,0.8976152672394591,-2.5395106849643727,-62.94895189233641
333.49043990050694,-28.47663880441656,1.000000000000003,0.8977844490969566,-2.5395862089640686,-63.003733352915276
333.4961473553456,-28.485545928000057,1.000000000000003,0.8979528983166158,-2.5396608879753195,-63.05831274643949
333.50185739093195,-28.494451968262396,1.000000000000003,0.8981206157643351,-2.5397347227124945,-63.11268850103966
333.50757000274695,-28.503356927631867,1.000000000000003,0.8982876023057962,-2.539807713890013,-63.16685904484641
