galstreams/tracks/track.st.New-26.ibata2024.ecsv
# %ECSV 1.0
# ---
# datatype:
# - {name: ra, unit: deg, datatype: float64}
# - {name: dec, unit: deg, datatype: float64}
# - {name: distance, unit: kpc, datatype: float64}
# - {name: pm_ra_cosdec, unit: mas / yr, datatype: float64}
# - {name: pm_dec, unit: mas / yr, datatype: float64}
# - {name: radial_velocity, unit: km / s, datatype: float64}
# delimiter: ','
# meta: !!omap
# - __serialized_columns__:
#     dec:
#       __class__: astropy.coordinates.angles.Latitude
#       unit: &id001 !astropy.units.Unit {unit: deg}
#       value: !astropy.table.SerializedColumn {name: dec}
#     distance:
#       __class__: astropy.coordinates.distances.Distance
#       unit: !astropy.units.Unit {unit: kpc}
#       value: !astropy.table.SerializedColumn {name: distance}
#     pm_dec:
#       __class__: astropy.units.quantity.Quantity
#       unit: !astropy.units.Unit {unit: mas / yr}
#       value: !astropy.table.SerializedColumn {name: pm_dec}
#     pm_ra_cosdec:
#       __class__: astropy.units.quantity.Quantity
#       unit: !astropy.units.Unit {unit: mas / yr}
#       value: !astropy.table.SerializedColumn {name: pm_ra_cosdec}
#     ra:
#       __class__: astropy.coordinates.angles.Longitude
#       unit: *id001
#       value: !astropy.table.SerializedColumn {name: ra}
#       wrap_angle: !astropy.coordinates.Angle
#         unit: *id001
#         value: 360.0
#     radial_velocity:
#       __class__: astropy.units.quantity.Quantity
#       unit: !astropy.units.Unit {unit: km / s}
#       value: !astropy.table.SerializedColumn {name: radial_velocity}
# schema: astropy-2.0
ra,dec,distance,pm_ra_cosdec,pm_dec,radial_velocity
[from data line 286]
340.3022931493766,29.828816277320357,1.0,-3.675562162624023,-5.122978345759422,96.4754233820595
340.31257779442615,29.83347747521256,1.0000000000000002,-3.672517152776856,-5.1201819609046195,112.40867209679254
340.322863806468,29.83813720152083,1.0,-3.669471738283006,-5.117386559379545,128.5037661827305
340.33315119344724,29.842795442687358,1.0,-3.666425919124018,-5.114592146015241,144.75903954903012
340.3434399633052,29.84745218515178,1.0,-3.6633796952825985,-5.111798725643734,161.1728261048479
340.3537301239785,29.852107415351238,1.0,-3.660333066742515,-5.109006303098111,177.74345975934102
340.36402168339987,29.856761119720325,1.0000000000000002,-3.657286033488621,-5.106214883212452,194.46927442166637
340.37431464949753,29.861413284691153,1.0,-3.6542385955068646,-5.1034244708219205,211.34860400098293
340.3846090301956,29.86606389669327,1.0,-3.6511907527843697,-5.100635070762642,228.37978240644497
340.39490483341376,29.87071294215375,1.0,-3.6481425053091794,-5.097846687871826,245.5611435472106
340.40520206706765,29.875360407497105,1.0,-3.645093853070648,-5.095059326987673,262.8910213324375
340.4155007390683,29.88000627914533,1.0,-3.6420447960590536,-5.092272992949415,280.3677496712835
340.42580085732277,29.884650543517903,1.0,-3.6389953342658785,-5.089487690597338,297.98966247290315
340.43610242973364,29.88929318703182,1.0,-3.6359454676836975,-5.086703424772761,315.75509364645535
340.4464054641992,29.893934196101462,1.0000000000000002,-3.6328951963061087,-5.083920200317991,333.6623771010978
340.45670996861355,29.89857355713877,1.0,-3.6298445201279677,-5.0811380220763915,351.70984674598543
340.46701595086626,29.903211256553142,0.9999999999999999,-3.6267934391449685,-5.078356894892384,369.89583649027645
340.4773234188427,29.907847280751366,1.0000000000000002,-3.6237419533542656,-5.07557682361136,388.2186802431284
340.487632380424,29.912481616137814,1.0000000000000002,-3.620690062753898,-5.072797813079809,406.67671191369845
340.4979428434867,29.917114249114277,1.0000000000000002,-3.617637767343048,-5.070019868145188,425.2682654111427
340.5082548159033,29.921745166080044,0.9999999999999999,-3.6145850671219684,-5.067242993656073,443.9916746446183
340.5185683055417,29.926374353431825,1.0000000000000002,-3.6115319620921866,-5.0644671944619475,462.84527352328354
340.52888332026566,29.93100179756385,1.0,-3.6084784522561613,-5.061692475413466,481.82739595629437
340.5391998679343,29.93562748486781,1.0,-3.605424537617573,-5.058918841362207,500.9363758528075
340.5495179564027,29.94025140173284,1.0000000000000004,-3.602370218181157,-5.056146297160851,520.1705471219817
340.5598375935213,29.94487353454557,1.0,-3.5993154939528758,-5.053374847663086,539.5282436729735
340.5701587871363,29.9494938696901,1.0,-3.596260364939731,-5.050604497723661,559.0077994149386
340.58048154508947,29.954112393547963,1.0,-3.593204831149883,-5.04783525219829,578.6075482570355
340.59080587521805,29.95872909249818,1.0000000000000002,-3.590148892592488,-5.045067115943766,598.3258241084213
340.6011317853551,29.96334395291726,1.0,-3.5870925492779904,-5.042300093818,618.1609608782524
340.6114592833293,29.967956961179155,1.0,-3.5840358012180076,-5.0395341906798095,638.1112924756851
340.6217883769646,29.972568103655284,1.0,-3.580978648425017,-5.036769411389102,658.175152809878
340.6321190740807,29.97717736671449,1.0,-3.5779210909128025,-5.034005760806828,678.3508757899891
340.64245138249305,29.981784736723146,1.0,-3.574863128696478,-5.031243243794933,698.6367953251726
340.6527853100123,29.986390200045044,1.0000000000000002,-3.5718047617918742,-5.028481865216477,719.0312453245868
340.6631208644449,29.99099374304147,1.0000000000000002,-3.568745990216179,-5.025721629935539,739.5325596973913
340.6734580535929,29.99559535207115,1.0000000000000002,-3.5656868139877247,-5.0229625428171545,760.1390723527385
340.68379688525374,30.00019501349027,1.0000000000000002,-3.562627233126065,-5.020204608727511,780.8491171997885
340.69413736722043,30.004792713652485,1.0,-3.5595672476517493,-5.0174478325337475,801.6610281476977
340.7044795072814,30.0093884389089,1.0,-3.5565068575863137,-5.01469221910412,822.5731391056241
340.71482331322096,30.013982175608078,1.0000000000000002,-3.553446062952915,-5.011937773307849,843.5837839827241
340.7251687928185,30.01857391009605,1.0000000000000002,-3.550384863775321,-5.009184500015209,864.6912966881538
340.7355159538492,30.02316362871629,1.0,-3.5473232600788833,-5.006432404097566,885.894011131072
340.7458648040836,30.02775131780975,1.0000000000000002,-3.5442612518898216,-5.003681490427354,907.1902612206343
340.75621535128784,30.03233696371481,0.9999999999999999,-3.5411988392355838,-5.000931763877858,928.5783808659979
340.76656760322345,30.03692055276731,0.9999999999999999,-3.53813602214489,-4.998183229323587,950.0567039763208
340.7769215676475,30.041502071300574,1.0,-3.5350728006473844,-4.995435891640071,971.6235644607606
340.78727725231244,30.046081505645386,1.0,-3.5320091747739397,-4.992689755703893,993.2772962284731
340.7976346649663,30.05065884212989,1.0,-3.528945144556836,-4.989944826392602,1015.0162331886152
340.8079938133525,30.055234067079766,1.0000000000000002,-3.525880710029071,-4.9872011085847845,1036.8387092503456
340.8183547052099,30.05980716681814,1.0000000000000002,-3.52281587122512,-4.984458607160178,1058.7430583228188
340.8287173482729,30.06437812766557,1.0,-3.5197506281806454,-4.981717326999458,1080.7276143151942
340.83908175027113,30.06894693594007,1.0,-3.516684980932233,-4.978977272984423,1102.7907111366276
340.84944791892985,30.0735135779571,1.0,-3.5136189295177473,-4.976238449997851,1124.9306826962772
340.8598158619697,30.07807804002956,1.0,-3.510552473976233,-4.973500862923544,1147.1458629032995
340.87018558710656,30.082640308467827,0.9999999999999999,-3.5074856143479565,-4.9707645166465255,1169.4345856668513
340.880557102052,30.087200369579687,1.0,-3.504418350674186,-4.968029416052659,1191.7951848960906
340.89093041451275,30.0917582096704,0.9999999999999999,-3.5013506829976677,-4.9652955660288995,1214.2259945001726
340.90130553219103,30.09631381504267,1.0,-3.498282611361887,-4.962562971463441,1236.725348388256
340.9116824627844,30.100867171996622,1.0000000000000002,-3.4952141358119917,-4.959831637245159,1259.2915804694976
340.92206121398596,30.105418266829844,1.0,-3.4921452563938544,-4.957101568264278,1281.9230246530558
340.9324417934838,30.109967085837365,1.0,-3.489075973154641,-4.954372769411975,1304.6180148480842
340.94282420896184,30.114513615311687,1.0,-3.4860062861430237,-4.951645245580465,1327.3748849637427
340.953208468099,30.119057841542674,1.0,-3.4829361954086693,-4.948919001663114,1350.1919689091885
340.96359457856954,30.12359975081769,0.9999999999999999,-3.479865701001998,-4.946194042554069,1373.0676005935761
340.97398254804335,30.12813932942153,1.0,-3.4767948029751636,-4.943470373148756,1396.0001139260655
340.98437238418546,30.13267656363643,1.0,-3.4737235013815138,-4.940747998343639,1418.9878428158113
340.99476409465615,30.137211439742075,0.9999999999999999,-3.470651796275135,-4.938026923036205,1442.0291211719743
341.0051576871112,30.14174394401555,1.0,-3.467579687711563,-4.935307152124892,1465.1222829037072
341.0155531692015,30.14627406273142,1.0,-3.4645071757477126,-4.932588690509306,1488.2656619201694
341.0259505485734,30.15080178216165,1.0,-3.4614342604414645,-4.929871543090002,1511.457592130518
341.0363498328684,30.15532708857569,1.0,-3.4583609418516943,-4.927155714768929,1534.6964074439097
341.04675102972345,30.159849968240355,1.0,-3.455287220039196,-4.92444121044835,1557.980441769501
341.0571541467706,30.164370407419955,1.0,-3.452213095065119,-4.92172803503243,1581.3080290164496
341.0675591916372,30.1688883923762,1.0,-3.449138566992204,-4.919016193425733,1604.6775030939134
341.077966171946,30.173403909368243,1.0,-3.446063635884215,-4.916305690534216,1628.0871979110484
341.0883750953148,30.177916944652683,1.0,-3.442988301806679,-4.913596531264858,1651.5354473770112
341.0987859693569,30.18242748448354,1.0,-3.439912564825846,-4.910888720525577,1675.020585400961
341.1091988016805,30.18693551511222,1.0,-3.436836425008863,-4.908182263225456,1698.5409458920522
341.1196135998893,30.19144102278762,1.0,-3.433759882424795,-4.905477164274487,1722.0948627594432
341.13003037158205,30.195943993756046,1.0,-3.4306829371436436,-4.902773428583885,1745.6806699122917
341.1404491243528,30.200444414261234,1.0,-3.427605589236407,-4.900071061065859,1769.2967012597549
341.1508698657908,30.204942270544322,1.0,-3.42452783877566,-4.897370066633528,1792.9412907109877
341.1612926034804,30.209437548843912,1.0,-3.4214496858344603,-4.894670450201289,1816.612772175149
341.1717173450013,30.213930235396003,0.9999999999999999,-3.4183711304884383,-4.891972216684451,1840.3094795613965
341.1821440979283,30.21842031643404,1.0,-3.4152921728131673,-4.889275370999513,1864.029746778885
341.1925728698312,30.222907778188873,1.0,-3.4122128128857128,-4.886579918063802,1887.7719077367733
341.2030036682753,30.227392606888785,0.9999999999999997,-3.4091330507850586,-4.88388586279595,1911.5342963442174
341.2134365008207,30.231874788759473,0.9999999999999999,-3.406052886590544,-4.881193210115441,1935.3152465103772
341.22387137502295,30.236354310024073,1.0,-3.4029723203834976,-4.878501964943013,1959.1130921444055
341.2343082984325,30.240831156903102,0.9999999999999999,-3.3998913522453336,-4.8758121322001955,1982.926167155463
341.24474727859507,30.24530531561457,0.9999999999999998,-3.3968099822604074,-4.873123716809971,2006.7528054527045
341.2551883230514,30.249776772373817,1.0,-3.393728210512748,-4.870436723695889,2030.5913409452883
341.26563143933754,30.25424551339369,0.9999999999999998,-3.390646037088416,-4.867751157782976,2054.4401075423702
341.2760766349843,30.25871152488435,1.0,-3.387563462074482,-4.865067023997028,2078.2974391531084
341.2865239175178,30.263174793053448,1.0,-3.384480485559081,-4.86238432726492,2102.1616696866613
341.29697329445935,30.267635304106058,0.9999999999999998,-3.3813971076324094,-4.85970307251506,2126.031133052182
341.3074247733251,30.272093044244627,0.9999999999999999,-3.3783133283846496,-4.857023264676229,2149.9041631588325
341.31787836162647,30.276547999669027,0.9999999999999999,-3.3752291479082857,-4.85434490867857,2173.7790939157658
341.3283340668698,30.281000156576567,0.9999999999999999,-3.3721445662966545,-4.851668009453533,2197.6542592321416
341.3387918965565,30.285449501161935,0.9999999999999998,-3.369059583643974,-4.848992571932996,2221.5279930171146
341.349251858183,30.28989601961725,0.9999999999999998,-3.3659742000461534,-4.846318601050598,2245.3986291798437
341.35971395924093,30.29433969813204,0.9999999999999999,-3.362888415600878,-4.8436461017404895,2269.264501629486
341.3701782072168,30.298780522893242,0.9999999999999998,-3.3598022304056627,-4.840975078938413,2293.123944275198
341.38064460959214,30.303218480085196,0.9999999999999999,-3.356715644560609,-4.838305537580595,2316.975291026137
341.3911131738435,30.307653555889647,0.9999999999999999,-3.3536286581664,-4.835637482604682,2340.8168757914596
341.40158390744256,30.312085736485766,0.9999999999999999,-3.3505412713255396,-4.8329709189494,2364.6470324803245
341.41205681785567,30.316515008050114,1.0,-3.3474534841407433,-4.8303058515543285,2388.464095001887
341.4225319125445,30.320941356756656,1.0,-3.344365296717001,-4.8276422853601275,2412.2663972653036
341.4330091989657,30.3253647687768,1.0,-3.341276709160468,-4.8249802253088205,2436.052273179734
341.4434886845704,30.32978523027927,1.0,-3.3381877215778673,-4.822319676343085,2459.820056654333
341.4539703768053,30.334202727430267,0.9999999999999999,-3.335098334078026,-4.819660643406877,2483.568081598259
341.46445428311154,30.338617246393376,0.9999999999999999,-3.332008546770197,-4.8170031314452615,2507.2946819206686
341.4749404109256,30.343028773329596,0.9999999999999998,-3.3289183597661918,-4.81434714540427,2530.998191530718
341.48542876767874,30.347437294397295,0.9999999999999999,-3.3258277731774513,-4.811692690231013,2554.676944337566
341.4959193607971,30.35184279575226,0.9999999999999999,-3.3227367871184867,-4.809039770873625,2578.3292742503686
341.5064121977016,30.356245263547677,1.0,-3.3196454017028714,-4.806388392281406,2601.953515178283
341.5169072858084,30.360644683934122,0.9999999999999999,-3.3165536170478447,-4.803738559404593,2625.5480010304655
341.5274046325282,30.365041043059566,0.9999999999999997,-3.313461433270618,-4.801090277194447,2649.1110657160775
341.5379042452669,30.369434327069403,0.9999999999999998,-3.3103688504895956,-4.798443550603793,2672.6410431442705
341.54840613142494,30.37382452210637,0.9999999999999999,-3.3072758688246893,-4.795798384585623,2696.1362672242035
341.55891029839796,30.378211614310658,1.0,-3.3041824883977142,-4.793154784095009,2719.5950718650347
341.5694167535762,30.3825955898198,0.9999999999999999,-3.3010887093306565,-4.790512754087047,2743.0157909759187
341.57992550434494,30.386976434768755,1.0,-3.2979945317480315,-4.787872299518739,2766.3967584660145
341.5904365580842,30.39135413528989,0.9999999999999999,-3.2948999557747527,-4.785233425347997,2789.736308244479
341.6009499221687,30.39572867751286,0.9999999999999999,-3.2918049815367,-4.782596136533016,2813.0327742204713
341.6114656039682,30.400100047564838,1.0,-3.2887096091629644,-4.779960438034379,2836.284490303145
341.6219836108472,30.40446823157031,0.9999999999999999,-3.2856138387814156,-4.7773263348124715,2859.489790401658
341.6325039501649,30.408833215651182,1.0,-3.2825176705229353,-4.774693831829666,2882.6470084251678
341.64302662927554,30.413194985926744,0.9999999999999999,-3.2794211045195425,-4.772062934049075,2905.7544782828336
341.6535516555278,30.417553528513633,0.9999999999999999,-3.276324140903938,-4.769433646434436,2928.810533883808
341.6640790362653,30.421908829525933,0.9999999999999998,-3.273226779810301,-4.766805973951193,2951.813509137251
341.6746087788266,30.42626087507508,0.9999999999999997,-3.270129021374771,-4.764179921565756,2974.7617379523217
341.6851408905447,30.430609651269872,0.9999999999999999,-3.2670308657336875,-4.761555494245272,2997.6535542381735
341.6956753787476,30.434955144216538,0.9999999999999997,-3.2639323130260607,-4.758932696958254,3020.487291903965
341.70621225075774,30.439297340018637,0.9999999999999997,-3.260833363390674,-4.756311534673955,3043.261284858853
341.71675151389263,30.44363622477717,0.9999999999999997,-3.2577340169692377,-4.753692012363274,3065.9738670119928
341.7272931754643,30.447971784590443,0.9999999999999998,-3.254634273904088,-4.751074134997452,3088.6233722725447
341.7378372427795,30.45230400555421,0.9999999999999998,-3.2515341343383,-4.74845790754938,3111.208134549664
341.7483837231398,30.456632873761592,0.9999999999999999,-3.2484335984169093,-4.745843334992912,3133.7264877525117
341.75893262384113,30.460958375303015,0.9999999999999998,-3.2453326662864583,-4.743230422302474,3156.1767657902365
341.7694839521745,30.465280496266363,0.9999999999999999,-3.242231338094342,-4.74061917445448,3178.5573025720023
341.7800377154253,30.469599222736846,0.9999999999999998,-3.23912961398932,-4.738009596425229,3200.8664320069643
341.7905939208738,30.47391454079708,0.9999999999999998,-3.236027494122169,-4.735401693193069,3223.102488004279
341.8011525757947,30.47822643652706,0.9999999999999999,-3.2329249786440357,-4.732795469737198,3245.2638044731043
341.8117136874575,30.48253489600412,0.9999999999999998,-3.2298220677084544,-4.730190931037612,3267.3487153225965
341.82227726312624,30.486839905302983,0.9999999999999999,-3.226718761469243,-4.727588082075442,3289.3555544619167
341.8328433100597,30.491141450495743,0.9999999999999999,-3.223615060082466,-4.724986927833015,3311.282655800214
341.84341183551106,30.495439517651864,0.9999999999999998,-3.2205109637051805,-4.722387473293679,3333.128353246652
341.8539828467283,30.499734092838175,0.9999999999999998,-3.21740647249527,-4.71978972344192,3354.8909807103837
