galstreams/tracks/track.st.New-26.ibata2024.ecsv
# %ECSV 1.0
# ---
# datatype:
# - {name: ra, unit: deg, datatype: float64}
# - {name: dec, unit: deg, datatype: float64}
# - {name: distance, unit: kpc, datatype: float64}
# - {name: pm_ra_cosdec, unit: mas / yr, datatype: float64}
# - {name: pm_dec, unit: mas / yr, datatype: float64}
# - {name: radial_velocity, unit: km / s, datatype: float64}
# delimiter: ','
# meta: !!omap
# - __serialized_columns__:
#     dec:
#       __class__: astropy.coordinates.angles.Latitude
#       unit: &id001 !astropy.units.Unit {unit: deg}
#       value: !astropy.table.SerializedColumn {name: dec}
#     distance:
#       __class__: astropy.coordinates.distances.Distance
#       unit: !astropy.units.Unit {unit: kpc}
#       value: !astropy.table.SerializedColumn {name: distance}
#     pm_dec:
#       __class__: astropy.units.quantity.Quantity
#       unit: !astropy.units.Unit {unit: mas / yr}
#       value: !astropy.table.SerializedColumn {name: pm_dec}
#     pm_ra_cosdec:
#       __class__: astropy.units.quantity.Quantity
#       unit: !astropy.units.Unit {unit: mas / yr}
#       value: !astropy.table.SerializedColumn {name: pm_ra_cosdec}
#     ra:
#       __class__: astropy.coordinates.angles.Longitude
#       unit: *id001
#       value: !astropy.table.SerializedColumn {name: ra}
#       wrap_angle: !astropy.coordinates.Angle
#         unit: *id001
#         value: 360.0
#     radial_velocity:
#       __class__: astropy.units.quantity.Quantity
#       unit: !astropy.units.Unit {unit: km / s}
#       value: !astropy.table.SerializedColumn {name: radial_velocity}
# schema: astropy-2.0
ra,dec,distance,pm_ra_cosdec,pm_dec,radial_velocity
[from data line 437]
341.8751323554249,30.508312711555533,0.9999999999999999,-3.211196306218824,-4.714599357744476,3398.1603613263674
341.88571086737295,30.512596727207068,0.9999999999999998,-3.208090631475727,-4.712006751872536,3419.6637822969287
341.8962918940243,30.516877195129794,0.9999999999999998,-3.2049845625481623,-4.709415870636747,3441.077468921416
341.9068754425996,30.521154101377356,0.9999999999999997,-3.2018780995999236,-4.7068267190264805,3462.3997551089865
341.91746152031425,30.525427432000793,0.9999999999999998,-3.1987712427988413,-4.704239302032761,3483.6289747687915
341.92805013437794,30.52969717304848,0.9999999999999999,-3.195663992311921,-4.701653624647577,3504.7634618099933
341.9386412919951,30.53396331056615,0.9999999999999999,-3.192556348308756,-4.699069691863713,3525.801550141747
341.94923500036464,30.538225830596925,0.9999999999999998,-3.189448310960671,-4.6964875086752045,3546.741573673211
341.95983126667977,30.54248471918127,0.9999999999999998,-3.186339880438908,-4.693907080077167,3567.581866313542
341.97043009812836,30.54673996235701,0.9999999999999998,-3.183231056917208,-4.69132841106574,3588.320761971896
341.98103150189286,30.55099154615933,0.9999999999999998,-3.1801218405706493,-4.688751506638653,3608.956594557432
341.99163548514986,30.555239456620757,0.9999999999999998,-3.1770122315751905,-4.686176371793749,3629.4876979793034
342.0022420550708,30.559483679771198,0.9999999999999997,-3.1739022301086095,-4.683603011530465,3649.9124061466714
342.0128512188212,30.563724201637893,0.9999999999999998,-3.1707918363495082,-4.6810314308492025,3670.2290529686898
342.02346298356133,30.56796100824544,0.9999999999999998,-3.167681050479132,-4.678461634751841,3690.43597235452
342.03407735644566,30.572194085615806,0.9999999999999997,-3.1645698726782996,-4.675893628240544,3710.5314982133127
342.0446943446233,30.576423419768293,0.9999999999999999,-3.161458303130587,-4.673327416319353,3730.513964454234
342.05531395523747,30.580648996719553,0.9999999999999999,-3.158346342020991,-4.670763003992761,3750.3817049864315
342.06593619542605,30.584870802483607,0.9999999999999999,-3.1552339895348496,-4.668200396266741,3770.133053719067
342.07656107232117,30.5890888230718,0.9999999999999998,-3.152121245859405,-4.665639598148346,3789.766344561298
342.0871885930495,30.59330304449283,0.9999999999999998,-3.149008111184628,-4.663080614645025,3809.2799114222794
342.09781876473187,30.597513452752747,0.9999999999999998,-3.145894585700148,-4.660523450765993,3828.6720882111695
342.1084515944835,30.601720033854967,0.9999999999999998,-3.1427806695964193,-4.657968111521541,3847.941208837127
342.1190870894141,30.60592277380022,0.9999999999999997,-3.139666363068585,-4.655414601922814,3867.085607209307
342.1297252566276,30.610121658586586,0.9999999999999999,-3.136551666309657,-4.652862926981754,3886.103617236867
342.1403661032223,30.614316674209494,0.9999999999999998,-3.1334365795161716,-4.6503130917120075,3904.993572828963
342.1510096362907,30.618507806661736,0.9999999999999999,-3.130321102884693,-4.647765101127902,3923.7538078947537
342.1616558629199,30.622695041933397,0.9999999999999997,-3.12720523661514,-4.645218960244733,3942.3826563433945
342.1723047901908,30.626878366011933,0.9999999999999997,-3.124088980907004,-4.6426746740789895,3960.8784520840454
342.1829564251791,30.63105776488215,0.9999999999999997,-3.120972335961369,-4.640132247648523,3979.2395290258596
342.1936107749545,30.635233224526164,0.9999999999999997,-3.1178553019818764,-4.637591685971756,3997.4642210779984
342.20426784658093,30.639404730923456,0.9999999999999998,-3.1147378791733047,-4.635052994068587,4015.550862149616
342.2149276471167,30.643572270050807,0.9999999999999997,-3.1116200677407164,-4.632516176959598,4033.4977861498705
342.2255901836143,30.647735827882375,0.9999999999999997,-3.108501867892045,-4.6299812396670745,4051.3033269879184
342.23625546312053,30.65189539038963,0.9999999999999997,-3.105383279836161,-4.627448187213645,4068.965818572916
342.2469234926762,30.656050943541366,0.9999999999999997,-3.1022643037831585,-4.6249170246233575,4086.483594814022
342.2575942793165,30.660202473303734,0.9999999999999996,-3.099144939943926,-4.622387756921341,4103.854989620395
342.26826783007084,30.664349965640188,0.9999999999999997,-3.0960251885331616,-4.619860389133748,4121.07833690119
342.2789441519627,30.668493406511544,0.9999999999999996,-3.0929050497644255,-4.617334926287754,4138.15197056556
342.28962325200973,30.67263278187592,0.9999999999999996,-3.089784523853183,-4.614811373411726,4155.074224522669
342.3003051372239,30.67676807768878,0.9999999999999998,-3.0866636110183663,-4.612289735535114,4171.843432681672
342.3109898146112,30.680899279902913,0.9999999999999998,-3.0835423114782543,-4.609770017688334,4188.457928951725
342.32167729117185,30.68502637446842,0.9999999999999997,-3.080420625453371,-4.607252224902766,4204.916047241984
342.33236757390006,30.689149347332755,0.9999999999999997,-3.077298553165292,-4.604736362211327,4221.216121461609
342.3430606697842,30.693268184440655,0.9999999999999996,-3.07417609483727,-4.602222434647274,4237.3564855197565
342.353756585807,30.697382871734224,0.9999999999999997,-3.0710532506953996,-4.5997104472455135,4253.335473325582
342.36445532894487,30.701493395152852,0.9999999999999996,-3.0679300209643543,-4.59720040504169,4269.151418788243
342.3751569061686,30.705599740633282,0.9999999999999997,-3.064806405872588,-4.594692313072869,4284.802655816897
342.38586132444306,30.70970189410958,0.9999999999999996,-3.061682405649634,-4.592186176377311,4300.2875183207
342.39656859072704,30.713799841513072,0.9999999999999997,-3.0585580205268457,-4.589681999993161,4315.60434020881
342.40727871197345,30.71789356877248,0.9999999999999997,-3.0554332507349216,-4.587179788961407,4330.751455390386
342.41799169512916,30.721983061813816,0.9999999999999998,-3.052308096508227,-4.584679548322754,4345.727197774582
342.4287075471353,30.72606830656036,0.9999999999999996,-3.0491825580827197,-4.582181283119439,4360.5299012705555
342.43942627492675,30.730149288932783,0.9999999999999998,-3.0460566356942707,-4.579684998394725,4375.157899787467
342.45014788543256,30.73422599484903,0.9999999999999997,-3.0429303295811394,-4.5771906991931814,4389.609527234468
342.4608723855757,30.73829841022436,0.9999999999999998,-3.039803639983404,-4.574698390560059,4403.8831175207215
342.47159978227336,30.742366520971366,0.9999999999999997,-3.036676567142621,-4.572208077541916,4417.97700455538
342.48233008243625,30.746430312999916,0.9999999999999998,-3.033549111299976,-4.5697197651864485,4431.889522247602
342.49306329296945,30.750489772217215,0.9999999999999997,-3.03042127270146,-4.567233458541978,4445.619004506548
342.5037994207718,30.75454488452779,0.9999999999999997,-3.027293051592295,-4.564749162658529,4459.163785241368
342.5145384727361,30.758595635833444,0.9999999999999997,-3.024164448218727,-4.562266882586869,4472.522198361224
342.5252804557492,30.76264201203332,0.9999999999999996,-3.021035462831179,-4.559786623379011,4485.692577775272
342.5360253766918,30.76668399902382,0.9999999999999997,-3.017906095678711,-4.5573083900872575,4498.67325739267
342.5467732424383,30.770721582698705,0.9999999999999997,-3.0147763470131395,-4.554832187766351,4511.4625711225735
342.55752405985726,30.774754748949007,0.9999999999999997,-3.0116462170883835,-4.552358021470866,4524.058852874141
342.5682778358111,30.778783483663087,0.9999999999999997,-3.0085157061585903,-4.549885896257081,4536.460436556529
342.57903457715605,30.782807772726585,0.9999999999999997,-3.005384814481147,-4.5474158171824115,4548.665656078894
342.58979429074213,30.78682760202244,0.9999999999999998,-3.002253542313383,-4.544947789304729,4560.672845350395
342.6005569834134,30.790842957430907,0.9999999999999998,-2.9991218899154433,-4.542481817683495,4572.4803382801865
342.6113226620076,30.79485382482956,0.9999999999999997,-2.995989857546931,-4.540017907379365,4584.086468777426
342.62209133335625,30.79886019009323,0.9999999999999997,-2.992857445471202,-4.537556063453849,4595.489570751271
342.63286300428484,30.802862039094048,0.9999999999999996,-2.9897246539525497,-4.535096290969136,4606.687978110882
342.6436376816126,30.80685935770148,0.9999999999999994,-2.986591483255438,-4.532638594988953,4617.68002476541
342.6544153721526,30.81085213178226,0.9999999999999996,-2.983457933649049,-4.530182980578161,4628.464044624017
342.66519608271153,30.814840347200413,0.9999999999999996,-2.980324005400689,-4.527729452802475,4639.038371595858
342.67597982008994,30.818823989817275,0.9999999999999996,-2.977189698780194,-4.525278016728635,4649.401339590088
342.6867665910823,30.822803045491455,0.9999999999999997,-2.9740550140608093,-4.5228286774244,4659.551282515869
342.6975564024766,30.82677750007887,0.9999999999999996,-2.9709199515154694,-4.520381439958896,4669.486534282354
342.7083492610546,30.830747339432712,0.9999999999999996,-2.9677845114183015,-4.5179363094022165,4679.205428798702
342.71914517359187,30.83471254940349,0.9999999999999996,-2.964648694047213,-4.515493290825475,4688.706299974072
342.7299441468576,30.838673115838965,0.9999999999999996,-2.961512499678946,-4.513052389300583,4697.987481717616
342.7407461876147,30.842629024584223,0.9999999999999994,-2.9583759285939095,-4.5106136099011,4707.047307938494
342.7515513026199,30.84658026148159,0.9999999999999996,-2.95523898107362,-4.508176957700982,4715.884112545862
342.76235949862325,30.850526812370727,0.9999999999999996,-2.952101657399737,-4.5057424377758934,4724.4962294488805
342.7731707823689,30.854468663088547,0.9999999999999994,-2.9489639578581546,-4.503310055202064,4732.881992556702
342.7839851605943,30.85840579946925,0.9999999999999996,-2.9458258827334305,-4.500879815056976,4741.039735778486
342.7948026400308,30.86233820734432,0.9999999999999994,-2.9426874323144716,-4.49845172241902,4748.96779302339
342.8056232274032,30.86626587254256,0.9999999999999994,-2.9395486068900425,-4.496025782368463,4756.664498200569
342.81644692942996,30.87018878088999,0.9999999999999994,-2.9364094067503856,-4.493601999985401,4764.128185219182
342.8272737528232,30.874106918209936,0.9999999999999996,-2.933269832188529,-4.491180380351864,4771.3571879883875
342.83810370428847,30.878020270323024,0.9999999999999996,-2.930129883497642,-4.488760928550391,4778.349840417338
342.84893679052504,30.881928823047136,0.9999999999999994,-2.926989560974107,-4.4863436496654,4785.104476415192
342.8597730182257,30.88583256219742,0.9999999999999997,-2.92384886491422,-4.48392854878125,4791.6194298911105
342.8706123940769,30.889731473586327,0.9999999999999996,-2.9207077956176875,-4.481515630984347,4797.893034754248
342.88145492475843,30.893625543023557,0.9999999999999996,-2.9175663533843306,-4.479104901361495,4803.92362491376
342.8923006169437,30.897514756316106,0.9999999999999996,-2.914424538516215,-4.476696365000976,4809.709534278805
342.9031494772997,30.901399099268218,0.9999999999999994,-2.9112823513166575,-4.474290026992094,4815.249096758541
342.91400151248683,30.905278557681427,0.9999999999999997,-2.9081397920913616,-4.47188589242495,4820.540646262124
342.924856729159,30.90915311735454,0.9999999999999996,-2.904996861147481,-4.469483966391181,4825.58251669871
342.9357151339637,30.913022764083596,0.9999999999999994,-2.9018535587933627,-4.467084253982591,4830.373041977459
342.9465767335417,30.91688748366195,0.9999999999999996,-2.8987098853379507,-4.464686760292977,4834.910556007525
342.9574415345274,30.920747261880212,0.9999999999999994,-2.8955658410945375,-4.462291490417101,4839.193392698067
342.9683095435485,30.924602084526246,0.9999999999999996,-2.8924214263749946,-4.459898449450407,4843.219885958241
342.9791807672263,30.928451937385166,0.9999999999999996,-2.889276641495968,-4.457507642489361,4846.988369697206
342.99005521217526,30.93229680623939,0.9999999999999997,-2.886131486772939,-4.455119074631455,4850.497177824118
343.0009328850036,30.93613667686858,0.9999999999999996,-2.882985962524856,-4.452732750976281,4853.744644248132
343.01181379231264,30.93997153504964,0.9999999999999993,-2.8798400690716335,-4.4503486766227525,4856.7291028784075
343.02269794069707,30.943801366556766,0.9999999999999993,-2.876693806734238,-4.447966856672167,4859.448887624104
343.03358533674515,30.94762615716142,0.9999999999999996,-2.87354717583608,-4.445587296226677,4861.902332394372
343.0444759870384,30.951445892632268,0.9999999999999994,-2.870400176702674,-4.443210000388831,4864.087771098373
343.0553698981517,30.955260558735294,0.9999999999999994,-2.8672528096605845,-4.440834974262941,4866.0035376452615
343.06626707665316,30.95907014123372,0.9999999999999994,-2.8641050750369743,-4.438462222954399,4867.6479659441975
343.0771675291044,30.96287462588801,0.9999999999999996,-2.860956973163468,-4.436091751568995,4869.019389904341
343.08807126206,30.96667399845589,0.9999999999999996,-2.857808504369814,-4.433723565213825,4870.11614343484
343.09897828206823,30.970468244692356,0.9999999999999993,-2.8546596689897115,-4.431357668997521,4870.936560444858
343.1098885956705,30.97425735034963,0.9999999999999996,-2.8515104673595317,-4.4289940680294535,4871.478974843551
343.12080220940135,30.97804130117722,0.9999999999999996,-2.8483608998140255,-4.4266327674201875,4871.741720540078
343.1317191297887,30.98182008292184,0.9999999999999994,-2.845210966691951,-4.424273772280628,4871.7231314435885
343.14263936335374,30.985593681327487,0.9999999999999993,-2.842060668334369,-4.421917087723671,4871.421541463249
343.1535629166108,30.989362082135422,0.9999999999999994,-2.838910005081516,-4.419562718863006,4870.835284508212
343.16448979606736,30.993125271084093,0.9999999999999994,-2.835758977276811,-4.417210670812892,4869.962694487635
343.17542000822436,30.99688323390925,0.9999999999999994,-2.8326075852661745,-4.414860948689409,4868.802105310675
343.18635355957576,31.000635956343885,0.9999999999999993,-2.829455829396494,-4.4125135576090315,4867.351850886488
343.19729045660864,31.00438342411821,0.9999999999999994,-2.82630371001477,-4.4101685026900554,4865.610265124235
343.2082307058033,31.008125622959682,0.9999999999999994,-2.823151227472408,-4.407825789050662,4863.575681933067
343.21917431363323,31.011862538593025,0.9999999999999996,-2.819998382120758,-4.405485421811193,4861.246435222149
343.2301212865651,31.015594156740182,0.9999999999999993,-2.816845174313869,-4.403147406092444,4858.620858900631
343.2410716310585,31.019320463120344,0.9999999999999994,-2.8136916044056193,-4.400811747016462,4855.697286877674
343.2520253535664,31.023041443449955,0.9999999999999997,-2.810537672754947,-4.398478449706261,4852.474053062431
343.2629824605346,31.02675708344268,0.9999999999999996,-2.8073833797182033,-4.396147519286274,4848.949491364064
343.2739429584023,31.03046736880943,0.9999999999999994,-2.8042287256582483,-4.393818960881333,4845.121935691725
343.2849068536014,31.034172285258343,0.9999999999999994,-2.8010737109355546,-4.391492779617749,4840.989719954578
343.29587415255725,31.037871818494807,0.9999999999999996,-2.7979183359152557,-4.3891689806228555,4836.551178061774
343.3068448616879,31.041565954221443,0.9999999999999994,-2.794762600961974,-4.386847569024951,4831.804643922474
343.31781898740473,31.045254678138093,0.9999999999999993,-2.7916065064432587,-4.384528549953643,4826.748451445831
343.32879653611184,31.04893797594184,0.9999999999999996,-2.7884500527280807,-4.382211928538823,4821.380934541006
343.3397775142066,31.052615833327003,0.9999999999999994,-2.785293240187741,-4.3798977099123135,4815.700427117153
343.35076192807924,31.05628823598512,0.9999999999999997,-2.7821360691941663,-4.377585899206736,4809.705263083433
343.36174978411304,31.059955169604976,0.9999999999999994,-2.7789785401224947,-4.375276501555504,4803.393776349
343.3727410886841,31.06361661987257,0.9999999999999993,-2.775820653348262,-4.372969522093285,4796.764300823011
343.38373584816173,31.067272572471133,0.9999999999999994,-2.7726624092490226,-4.370664965955427,4789.815170414623
