galstreams/tracks/track.st.M68-Fjorm.ibata2021.ecsv
# %ECSV 0.9
# ---
# datatype:
# - {name: ra, unit: deg, datatype: float64}
# - {name: dec, unit: deg, datatype: float64}
# - {name: distance, unit: kpc, datatype: float64}
# - {name: pm_ra_cosdec, unit: mas / yr, datatype: float64}
# - {name: pm_dec, unit: mas / yr, datatype: float64}
# - {name: radial_velocity, unit: km / s, datatype: float64}
# delimiter: ','
# meta: !!omap
# - __serialized_columns__:
#     dec:
#       __class__: astropy.coordinates.angles.Latitude
#       unit: &id001 !astropy.units.Unit {unit: deg}
#       value: !astropy.table.SerializedColumn {name: dec}
#     distance:
#       __class__: astropy.coordinates.distances.Distance
#       unit: !astropy.units.Unit {unit: kpc}
#       value: !astropy.table.SerializedColumn {name: distance}
#     pm_dec:
#       __class__: astropy.units.quantity.Quantity
#       unit: !astropy.units.Unit {unit: mas / yr}
#       value: !astropy.table.SerializedColumn {name: pm_dec}
#     pm_ra_cosdec:
#       __class__: astropy.units.quantity.Quantity
#       unit: !astropy.units.Unit {unit: mas / yr}
#       value: !astropy.table.SerializedColumn {name: pm_ra_cosdec}
#     ra:
#       __class__: astropy.coordinates.angles.Longitude
#       unit: *id001
#       value: !astropy.table.SerializedColumn {name: ra}
#       wrap_angle: !astropy.coordinates.Angle
#         unit: *id001
#         value: 360.0
#     radial_velocity:
#       __class__: astropy.units.quantity.Quantity
#       unit: !astropy.units.Unit {unit: km / s}
#       value: !astropy.table.SerializedColumn {name: radial_velocity}
# schema: astropy-2.0
ra,dec,distance,pm_ra_cosdec,pm_dec,radial_velocity
[from data line 5358]
196.39389352246818,7.983865528712704,6.201179975728486,-2.39549401065776,4.004073485901015,-51.02134665038445
196.3964373173597,7.993850977140317,6.201275053608221,-2.395101775880386,4.00472334649172,-51.031468491310086
196.39898146025885,8.0038363471293,6.201369548270176,-2.394709483015524,4.005373031813917,-51.04159025272862
196.4015259513053,8.01382163866496,6.201463459946223,-2.39431713203412,4.006022541893551,-51.051711934625295
196.404070790639,8.023806851732527,6.201556788868392,-2.3939247229070872,4.006671876756628,-51.06183353698509
196.40661597839988,8.033791986317228,6.2016495352688725,-2.3935322556053054,4.007321036429236,-51.07195505979292
196.4091615147282,8.043777042404262,6.201741699380009,-2.3931397300996076,4.007970020937535,-51.08207650303406
196.41170739976414,8.053762019978695,6.201833281434304,-2.392747146360798,4.008618830307761,-51.09219786669317
196.4142536336482,8.063746919025663,6.20192428166442,-2.392354504359642,4.009267464566217,-51.10231915075522
196.41680021652098,8.073731739530261,6.202014700303176,-2.391961804066867,4.009915923739289,-51.11244035520524
196.41934714852323,8.083716481477522,6.202104537583548,-2.3915690454531644,4.010564207853434,-51.12256148002788
196.42189442979583,8.09370114485243,6.2021937937386715,-2.391176228489187,4.011212316935176,-51.132682525208075
196.42444206047975,8.103685729639968,6.202282469001842,-2.390783353145549,4.011860251011119,-51.14280349073062
196.4269900407162,8.113670235825072,6.202370563606504,-2.3903904193928347,4.012508010107945,-51.15292437658018
196.4295383706465,8.123654663392623,6.202458077786265,-2.3899974272015885,4.013155594252395,-51.163045182741506
196.43208705041212,8.133639012327503,6.202545011774886,-2.3896043765423136,4.013803003471295,-51.17316590919918
196.43463608015466,8.143623282614579,6.2026313658062895,-2.389211267385484,4.014450237791541,-51.18328655593796
196.43718546001585,8.153607474238546,6.2027171401145536,-2.3888180997015294,4.015097297240107,-51.193407122942396
196.4397351901376,8.163591587184222,6.202802334933908,-2.3884248734608478,4.015744181844028,-51.20352761019693
196.44228527066198,8.173575621436306,6.202886950498751,-2.3880315886337997,4.016390891630419,-51.213648017686225
196.44483570173117,8.183559576979508,6.202970987043625,-2.387638245190703,4.017037426626477,-51.22376834539485
196.44738648348746,8.193543453798478,6.203054444803231,-2.3872448431018474,4.017683786859462,-51.23388859330707
196.44993761607336,8.20352725187783,6.203137324012431,-2.386851382337485,4.0183299723567005,-51.244008761407365
196.45248909963152,8.213510971202146,6.203219624906242,-2.386457862867823,4.018975983145607,-51.254128849680136
196.4550409343047,8.223494611756035,6.2033013477198375,-2.386064284663041,4.019621819253663,-51.26424885810976
196.45759312023577,8.233478173523903,6.203382492688543,-2.385670647693275,4.0202674807084176,-51.27436878668055
196.46014565756784,8.24346165649028,6.2034630600478415,-2.385276951928632,4.020912967537499,-51.2844886353767
196.46269854644407,8.25344506063961,6.203543050033377,-2.3848831973391755,4.021558279768603,-51.29460840418256
196.46525178700784,8.263428385956301,6.203622462880944,-2.384489383894934,4.022203417429501,-51.30472809308235
196.46780537940265,8.273411632424732,6.203701298826492,-2.384095511565901,4.022848380548038,-51.314847702060135
196.47035932377213,8.283394800029237,6.203779558106128,-2.3837015803220347,4.023493169152128,-51.324967231100075
196.47291362026004,8.293377888754135,6.2038572409561175,-2.38330759013325,4.024137783269758,-51.33508668018624
196.47546826901038,8.303360898583684,6.203934347612874,-2.3829135409694318,4.024782222928997,-51.345206049302874
196.47802327016726,8.313343829502156,6.204010878312971,-2.3825194328004278,4.025426488157969,-51.35532533843384
196.48057862387475,8.323326681493679,6.204086833293138,-2.3821252655960445,4.0260705789848785,-51.36544454756317
196.48313433027732,8.333309454542459,6.204162212790254,-2.3817310393260573,4.026714495438009,-51.37556367667485
196.48569038951948,8.343292148632603,6.204237017041361,-2.3813367539602037,4.027358237545701,-51.38568272575293
196.48824680174585,8.353274763748237,6.204311246283649,-2.3809424094681817,4.02800180533638,-51.39580169478101
196.4908035671013,8.363257299873402,6.204384900754464,-2.3805480058196533,4.028645198838546,-51.40592058374317
196.49336068573078,8.373239756992131,6.204457980691309,-2.38015354298425,4.029288418080752,-51.41603939262315
196.49591815777927,8.383222135088417,6.204530486331841,-2.3797590209315587,4.0299314630916365,-51.42615812140472
196.49847598339218,8.393204434146261,6.204602417913867,-2.3793644396311358,4.030574333899913,-51.43627677007164
196.50103416271477,8.403186654149486,6.204673775675356,-2.3789697990524936,4.031217030534361,-51.44639533860775
196.50359269589265,8.413168795082026,6.20474455985442,-2.3785750991651198,4.031859553023827,-51.456513826996506
196.50615158307144,8.423150856927737,6.204814770689335,-2.3781803399384573,4.032501901397238,-51.46663223522163
196.508710824397,8.433132839670424,6.20488440841853,-2.3777855213419112,4.033144075683591,-51.476750563266876
196.5112704200153,8.443114743293874,6.204953473280582,-2.377390643344859,4.033786075911937,-51.48686881111556
196.51383037007244,8.453096567781836,6.205021965514229,-2.376995705916631,4.034427902111431,-51.49698697875135
196.51639067471473,8.46307831311802,6.205089885358353,-2.376600709026525,4.03506955431128,-51.50710506615795
196.51895133408854,8.473059979286097,6.205157233051997,-2.376205652643809,4.035711032540757,-51.51722307331849
196.5215123483404,8.48304156626972,6.205224008834359,-2.375810536737707,4.03635233682921,-51.527341000216396
196.52407371761706,8.49302307405254,6.205290212944784,-2.375415361277406,4.03699346720607,-51.53745884683543
196.52663544206533,8.503004502618012,6.205355845622773,-2.3750201262320654,4.037634423700824,-51.54757661315862
196.52919752183223,8.512985851949747,6.205420907107978,-2.374624831570797,4.038275206343041,-51.55769429916936
196.5317599570649,8.522967122031224,6.205485397640209,-2.374229477262685,4.038915815162347,-51.56781190485105
196.53432274791058,8.53294831284593,6.205549317459427,-2.3738340632767705,4.039556250188457,-51.577929430186764
196.53688589451673,8.542929424377286,6.205612666805742,-2.373438589582065,4.040196511451151,-51.588046875159996
196.5394493977519,8.552910456404117,6.205675444003746,-2.3730430560741116,4.040836598358796,-51.59816423948335
196.54201325916017,8.562891408513662,6.20573764558702,-2.372647462579442,4.041476509738052,-51.60828152261657
196.54457747677156,8.572872281290026,6.205799277424893,-2.3722518092825204,4.042116247444513,-51.6183987253361
196.54714205073412,8.58285307471655,6.205860339758093,-2.371856096152213,4.042755811508233,-51.6285158476251
196.54970698119607,8.592833788776476,6.2059208328275,-2.3714603231573417,4.043395201959345,-51.63863288946652
196.55227226830561,8.60281442345306,6.205980756874154,-2.3710644902666953,4.044034418828054,-51.64874985084344
196.55483791221124,8.61279497872945,6.206040112139229,-2.3706685974490327,4.044673462144631,-51.658866731738804
196.55740391306156,8.622775454588819,6.2060988988640675,-2.370272644673068,4.045312331939419,-51.668983532135385
196.55997027100537,8.632755851014284,6.206157117290156,-2.3698766319074815,4.045951028242834,-51.67910025201623
196.56253698619147,8.642736167988918,6.206214767659137,-2.3694805591209183,4.046589551085361,-51.68921689136426
196.56510405876898,8.652716405495767,6.206271850212803,-2.3690844262819866,4.047227900497545,-51.69933345016217
196.56767148888704,8.662696563517901,6.206328365193097,-2.3686882333592605,4.04786607651002,-51.709449928392814
196.570239276695,8.67267664203819,6.206384312842106,-2.36829198032128,4.048504079153475,-51.71956632603888
196.57280742234232,8.682656641039621,6.206439693402091,-2.3678956671365357,4.0491419084586715,-51.72968264308328
196.57537592597862,8.692636560505104,6.2064945071154325,-2.3674992937735024,4.049779564456446,-51.739798879508506
196.57794478775367,8.702616400417513,6.206548754224689,-2.367102860200603,4.050417047177702,-51.74991503529727
196.5805140078174,8.712596160759686,6.206602434972558,-2.3667063663862273,4.051054356653412,-51.760031110432244
196.5830835863199,8.722575841514413,6.206655549601889,-2.3663098122987347,4.051691492914617,-51.77014710489587
196.5856535234113,8.732555442664479,6.206708098355684,-2.3659131979064445,4.052328455992426,-51.780263018670794
196.58822381924205,8.742534964192656,6.206760081477089,-2.365516523177641,4.052965245918028,-51.790378851739554
196.59079447396257,8.752514406081527,6.206811499209414,-2.365119788080573,4.053601862722667,-51.80049460408444
196.59336548772353,8.762493768313824,6.206862351796108,-2.3647229925834496,4.054238306437667,-51.8106102756881
196.59593686067572,8.772473050872168,6.20691263948077,-2.3643261366544497,4.054874577094419,-51.820725866532875
196.59850859297012,8.782452253739146,6.206962362507156,-2.3639292202617117,4.055510674724378,-51.83084137660105
196.6010806847578,8.79243137689731,6.20701152111917,-2.36353224337334,4.056146599359068,-51.840956805874946
196.60365313618996,8.80241042032919,6.207060115560864,-2.3631352059573993,4.056782351030098,-51.85107215433705
196.60622594741798,8.812389384017274,6.207108146076441,-2.362738107981927,4.057417929769128,-51.86118742196947
196.6087991185934,8.822368267944011,6.207155612910252,-2.362340949414916,4.0580533356078945,-51.87130260875443
196.61137264986792,8.83234707209181,6.207202516306805,-2.361943730224326,4.058688568578196,-51.8814177146742
196.61394654139332,8.84232579644312,6.207248856510746,-2.361546450378084,4.059323628711913,-51.89153273971076
196.6165207933216,8.852304440980179,6.207294633766878,-2.3611491098440722,4.059958516040983,-51.90164768384645
196.6190954058048,8.862283005685331,6.207339848320155,-2.3607517085901515,4.060593230597412,-51.91176254706317
196.6216703789953,8.872261490540874,6.20738450041567,-2.360354246584135,4.0612277724132895,-51.921877329343054
196.6242457130454,8.882239895529041,6.20742859029868,-2.3599567237937995,4.061862141520759,-51.93199203066814
196.62682140810767,8.892218220632037,6.207472118214582,-2.3595591401868945,4.062496337952036,-51.942106651020325
196.62939746433483,8.902196465832038,6.207515084408919,-2.3591614957311258,4.0631303617394074,-51.95222119038157
196.63197388187976,8.912174631111233,6.2075574891273915,-2.3587637903941685,4.063764212915221,-51.96233564873377
196.63455066089534,8.922152716451622,6.207599332615842,-2.3583660241436597,4.064397891511905,-51.972450026058915
196.63712780153477,8.932130721835316,6.2076406151202645,-2.357968196947201,4.065031397561946,-51.98256432233872
196.6397053039514,8.94210864724434,6.207681336886801,-2.3575703087723587,4.0656647310979,-51.99267853755497
196.64228316829858,8.952086492660712,6.207721498161744,-2.3571723595866594,4.066297892152398,-52.0027926716895
196.64486139472987,8.962064258066372,6.207761099191533,-2.356774349357601,4.066930880758127,-52.01290672472394
196.64743998339907,8.972041943443255,6.2078001402227505,-2.3563762780526396,4.067563696947859,-52.023020696640096
196.65001893446,8.982019548773255,6.207838621502135,-2.355978145639199,4.06819634075442,-52.03313458741957
196.6525982480667,8.991997074038219,6.2078765432765675,-2.355579952084666,4.0688288122107075,-52.04324839704401
196.65517792437333,9.001974519219978,6.207913905793082,-2.35518169735639,4.069461111349689,-52.05336212549493
196.6577579635342,9.01195188430037,6.207950709298855,-2.3547833814216896,4.070093238204397,-52.06347577275394
196.66033836570375,9.021929169261028,6.207986954041216,-2.3543850042478414,4.070725192807933,-52.07358933880253
196.6629191310366,9.031906374083732,6.208022640267635,-2.3539865658020926,4.071356975193465,-52.08370282362215
196.66550025968752,9.041883498750165,6.208057768225737,-2.3535880660516497,4.071988585394234,-52.093816227194345
196.6680817518114,9.051860543241972,6.20809233816329,-2.353189504963687,4.072620023443544,-52.103929549500464
196.67066360756328,9.061837507540753,6.208126350328212,-2.3527908825053383,4.073251289374759,-52.11404279052181
196.67324582709836,9.071814391628093,6.208159804968561,-2.3523921986437077,4.073882383221327,-52.12415595023976
196.67582841057194,9.081791195485527,6.208192702332554,-2.3519934533458597,4.074513305016752,-52.134269028635735
196.67841135813958,9.091767919094615,6.208225042668545,-2.3515946465788264,4.0751440547946105,-52.144382025690916
196.68099466995685,9.10174456243674,6.208256826225038,-2.351195778309602,4.075774632588537,-52.15449494138643
196.68357834617956,9.111721125493359,6.208288053250687,-2.3507968485051416,4.076405038432244,-52.16460777570363
196.68616238696364,9.121697608245887,6.208318723994286,-2.3503978571323754,4.077035272359507,-52.17472052862358
196.68874679246517,9.131674010675692,6.208348838704786,-2.349998804158187,4.077665334404161,-52.18483320012735
196.69133156284036,9.141650332764106,6.208378397631267,-2.3495996895494313,4.078295224600124,-52.194945790196165
196.69391669824557,9.151626574492415,6.208407401022974,-2.349200513272921,4.078924942981372,-52.20505829881094
196.69650219883735,9.161602735841887,6.2084358491292875,-2.3488012752954397,4.079554489581943,-52.21517072595287
196.69908806477233,9.171578816793742,6.208463742199739,-2.348401975583731,4.08018386443595,-52.22528307160286
196.7016742962074,9.181554817329223,6.208491080484001,-2.3480026141045096,4.080813067577568,-52.23539533574178
196.70426089329936,9.191530737429382,6.2085178642318954,-2.347603190824448,4.081442099041041,-52.245507518350585
196.70684785620548,9.20150657707539,6.208544093693391,-2.347203705710184,4.082070958860673,-52.25561961941017
196.70943518508292,9.211482336248329,6.208569769118601,-2.3468041587283244,4.082699647070844,-52.26573163890133
196.71202288008914,9.221458014929244,6.208594890757776,-2.346404549845437,4.083328163706002,-52.27584357680491
196.71461094138158,9.231433613099176,6.208619458861331,-2.3460048790280497,4.08395650880065,-52.28595543310169
196.71719936911805,9.24140913073907,6.208643473679806,-2.3456051462426686,4.084584682389364,-52.29606720777232
196.71978816345634,9.25138456782989,6.208666935463902,-2.3452053514557454,4.085212684506786,-52.306178900797626
196.7223773245545,9.261359924352593,6.208689844464456,-2.3448054946337145,4.085840515187622,-52.31629051215818
196.72496685257056,9.271335200287949,6.208712200932451,-2.344405575742965,4.086468174466647,-52.32640204183464
196.72755674766287,9.281310395616838,6.2087340051190205,-2.34400559474985,4.087095662378701,-52.33651348980751
196.73014701195157,9.291285509763407,6.208755252201957,-2.343605551412203,4.087722977283153,-52.34662485530573
196.73273764449576,9.30126054302043,6.208775945281124,-2.343205445812856,4.088350120154719,-52.356736138730774
196.73532864459156,9.311235495613378,6.208796086839658,-2.342805278009681,4.088977091765232,-52.366847340393214
196.73792001239798,9.321210367522962,6.208815677129275,-2.3424050479688834,4.089603892149802,-52.37695846027371
196.7405117480739,9.331185158729848,6.208834716401834,-2.3420047556566423,4.090230521343601,-52.38706949835259
196.74310385177859,9.341159869214659,6.208853204909336,-2.341604401039107,4.090856979381862,-52.39718045461012
196.74569632367135,9.35113449895797,6.208871142903927,-2.341203984082379,4.091483266299896,-52.40729132902684
196.74828916391166,9.361109047940412,6.208888530637903,-2.34080350475253,4.092109382133061,-52.41740212158295
196.7508823726591,9.371083516142388,6.208905368363694,-2.3404029630156016,4.092735326916799,-52.42751283225867
196.75347595007347,9.381057903544452,6.2089216563338825,-2.3400023588375904,4.093361100686603,-52.43762346103421
196.75606989631464,9.391032210127038,6.208937394801189,-2.3396016921844627,4.093986703478043,-52.447734007889956
196.7586642115427,9.401006435870572,6.208952584018481,-2.3392009630221526,4.094612135326749,-52.45784447280594
