galstreams/tracks/track.st.Molonglo.grillmair2017b.ecsv
# %ECSV 0.9
# ---
# datatype:
# - {name: ra, unit: deg, datatype: float64}
# - {name: dec, unit: deg, datatype: float64}
# - {name: distance, unit: kpc, datatype: float64}
# - {name: pm_ra_cosdec, unit: mas / yr, datatype: float64}
# - {name: pm_dec, unit: mas / yr, datatype: float64}
# - {name: radial_velocity, unit: km / s, datatype: float64}
# delimiter: ','
# meta: !!omap
# - __serialized_columns__:
#     dec:
#       __class__: astropy.coordinates.angles.Latitude
#       unit: &id001 !astropy.units.Unit {unit: deg}
#       value: !astropy.table.SerializedColumn {name: dec}
#     distance:
#       __class__: astropy.coordinates.distances.Distance
#       unit: !astropy.units.Unit {unit: kpc}
#       value: !astropy.table.SerializedColumn {name: distance}
#     pm_dec:
#       __class__: astropy.units.quantity.Quantity
#       unit: !astropy.units.Unit {unit: mas / yr}
#       value: !astropy.table.SerializedColumn {name: pm_dec}
#     pm_ra_cosdec:
#       __class__: astropy.units.quantity.Quantity
#       unit: !astropy.units.Unit {unit: mas / yr}
#       value: !astropy.table.SerializedColumn {name: pm_ra_cosdec}
#     ra:
#       __class__: astropy.coordinates.angles.Longitude
#       unit: *id001
#       value: !astropy.table.SerializedColumn {name: ra}
#       wrap_angle: !astropy.coordinates.Angle
#         unit: *id001
#         value: 360.0
#     radial_velocity:
#       __class__: astropy.units.quantity.Quantity
#       unit: !astropy.units.Unit {unit: km / s}
#       value: !astropy.table.SerializedColumn {name: radial_velocity}
# schema: astropy-2.0
ra,dec,distance,pm_ra_cosdec,pm_dec,radial_velocity
10.256167889668387,-24.500882587651773,20.000000000000085,0.0,0.0,0.0
10.170536348010348,-24.442693177101752,20.000000000000075,0.0,0.0,0.0
10.084970992603145,-24.384471135532905,20.000000000000068,0.0,0.0,0.0
9.999471905185876,-24.32621623372569,20.000000000000064,0.0,0.0,0.0
9.914039168052556,-24.267928242894165,20.000000000000064,0.0,0.0,0.0
9.828672864045677,-24.209606934682757,20.00000000000006,0.0,0.0,0.0
9.743373076550624,-24.151252081163726,20.000000000000057,0.0,0.0,0.0
9.658139889489295,-24.092863454833868,20.000000000000053,0.0,0.0,0.0
9.572973387314574,-24.034440828611896,20.000000000000046,0.0,0.0,0.0
9.487873655004293,-23.975983975835327,20.000000000000043,0.0,0.0,0.0
9.40284077805525,-23.917492670257353,20.00000000000004,0.0,0.0,0.0
9.3178748424778,-23.85896668604418,20.000000000000032,0.0,0.0,0.0
9.232975934789664,-23.800405797771624,20.000000000000036,0.0,0.0,0.0
9.148144142010628,-23.74180978042234,20.00000000000003,0.0,0.0,0.0
9.063379551656679,-23.683178409382663,20.00000000000003,0.0,0.0,0.0
8.97868225173428,-23.624511460439386,20.00000000000003,0.0,0.0,0.0
8.894052330735107,-23.565808709776928,20.00000000000002,0.0,0.0,0.0
8.809489877630119,-23.507069933973906,20.000000000000018,0.0,0.0,0.0
8.724994981864462,-23.44829491000028,20.000000000000014,0.0,0.0,0.0
8.640567733351608,-23.389483415213903,20.00000000000001,0.0,0.0,0.0
8.556208222468273,-23.330635227357583,20.000000000000014,0.0,0.0,0.0
8.471916540048937,-23.27175012455579,20.000000000000007,0.0,0.0,0.0
8.387692777380293,-23.212827885311302,20.000000000000004,0.0,0.0,0.0
8.303537026196336,-23.15386828850225,20.000000000000004,0.0,0.0,0.0
8.219449378672719,-23.094871113378545,19.999999999999996,0.0,0.0,0.0
8.135429927421898,-23.03583613955892,19.999999999999996,0.0,0.0,0.0
8.051478765487586,-22.976763147027345,19.999999999999996,0.0,0.0,0.0
7.967595986339965,-22.917651916129955,19.999999999999996,0.0,0.0,0.0
7.883781683870423,-22.858502227571638,19.999999999999993,0.0,0.0,0.0
7.800035952386364,-22.799313862412564,19.999999999999993,0.0,0.0,0.0
7.7163588866065345,-22.740086602065137,19.999999999999993,0.0,0.0,0.0
7.632750581655645,-22.680820228290237,19.999999999999986,0.0,0.0,0.0
7.549211133059782,-22.621514523194172,19.99999999999999,0.0,0.0,0.0
7.465740636741373,-22.56216926922512,19.999999999999986,0.0,0.0,0.0
7.3823391890141625,-22.502784249169615,19.999999999999982,0.0,0.0,0.0
7.299006886578748,-22.44335924614936,19.99999999999998,0.0,0.0,0.0
7.215743826517406,-22.38389404361746,19.999999999999982,0.0,0.0,0.0
7.132550106289746,-22.324388425355323,19.999999999999982,0.0,0.0,0.0
7.049425823727609,-22.264842175468782,19.99999999999998,0.0,0.0,0.0
6.9663710770307565,-22.20525507838493,19.99999999999998,0.0,0.0,0.0
6.883385964762102,-22.145626918848496,19.999999999999975,0.0,0.0,0.0
6.80047058584297,-22.085957481918165,19.999999999999968,0.0,0.0,0.0
6.7176250395489,-22.02624655296333,19.99999999999997,0.0,0.0,0.0
6.634849425504749,-21.96649391766026,19.999999999999975,0.0,0.0,0.0
6.552143843680564,-21.906699361988757,19.999999999999975,0.0,0.0,0.0
6.469508394387012,-21.8468626722285,19.999999999999968,0.0,0.0,0.0
6.386943178270827,-21.786983634955305,19.99999999999997,0.0,0.0,0.0
6.304448296310819,-21.727062037037822,19.99999999999997,0.0,0.0,0.0
6.222023849813156,-21.667097665633595,19.99999999999997,0.0,0.0,0.0
6.139669940407489,-21.607090308185736,19.99999999999997,0.0,0.0,0.0
6.057386670042314,-21.54703975241899,19.999999999999968,0.0,0.0,0.0
5.975174140981125,-21.486945786336314,19.999999999999968,0.0,0.0,0.0
5.893032455798097,-21.42680819821516,19.99999999999997,0.0,0.0,0.0
5.810961717373829,-21.366626776603642,19.999999999999968,0.0,0.0,0.0
5.72896202889159,-21.30640131031711,19.999999999999964,0.0,0.0,0.0
5.647033493832889,-21.246131588434164,19.999999999999964,0.0,0.0,0.0
5.565176215973799,-21.185817400293192,19.999999999999968,0.0,0.0,0.0
5.483390299380857,-21.125458535488594,19.999999999999964,0.0,0.0,0.0
5.401675848406963,-21.065054783866824,19.999999999999968,0.0,0.0,0.0
5.320032967687844,-21.00460593552304,19.999999999999964,0.0,0.0,0.0
5.238461762137792,-20.944111780796963,19.999999999999968,0.0,0.0,0.0
5.15696233694625,-20.88357211026946,19.999999999999964,0.0,0.0,0.0
5.075534797573617,-20.82298671475845,19.999999999999964,0.0,0.0,0.0
4.99417924974787,-20.762355385315406,19.99999999999997,0.0,0.0,0.0
4.912895799460686,-20.701677913221445,19.99999999999997,0.0,0.0,0.0
4.831684552963647,-20.64095408998344,19.999999999999964,0.0,0.0,0.0
4.750545616764925,-20.58018370733039,19.999999999999968,0.0,0.0,0.0
4.669479097625318,-20.519366557209445,19.999999999999968,0.0,0.0,0.0
4.588485102555067,-20.458502431782275,19.99999999999997,0.0,0.0,0.0
4.507563738809952,-20.397591123420984,19.999999999999968,0.0,0.0,0.0
4.4267151138881395,-20.336632424704497,19.99999999999997,0.0,0.0,0.0
4.3459393355266,-20.27562612841467,19.999999999999964,0.0,0.0,0.0
4.26523651169754,-20.214572027532235,19.99999999999997,0.0,0.0,0.0
4.184606750605378,-20.15346991523329,19.999999999999975,0.0,0.0,0.0
4.104050160683018,-20.09231958488507,19.99999999999998,0.0,0.0,0.0
4.02356685058888,-20.031120830042376,19.99999999999998,0.0,0.0,0.0
3.943156929203498,-19.96987344444352,19.999999999999975,0.0,0.0,0.0
3.8628205056261495,-19.908577222006418,19.999999999999975,0.0,0.0,0.0
3.782557689171997,-19.847231956824874,19.999999999999975,0.0,0.0,0.0
3.702368589368556,-19.785837443164443,19.99999999999998,0.0,0.0,0.0
3.622253315952958,-19.72439347545878,19.99999999999998,0.0,0.0,0.0
3.54221197886849,-19.66289984830548,19.99999999999998,0.0,0.0,0.0
3.4622446882618747,-19.601356356462368,19.999999999999975,0.0,0.0,0.0
3.38235155448013,-19.539762794843515,19.99999999999998,0.0,0.0,0.0
3.302532688067458,-19.47811895851519,19.99999999999998,0.0,0.0,0.0
3.222788199762627,-19.41642464269217,19.999999999999982,0.0,0.0,0.0
3.143118200495707,-19.354679642733554,19.999999999999982,0.0,0.0,0.0
3.0635228013855778,-19.292883754139073,19.999999999999986,0.0,0.0,0.0
2.984002113736729,-19.231036772544893,19.999999999999982,0.0,0.0,0.0
2.9045562490367955,-19.1691384937199,19.999999999999986,0.0,0.0,0.0
2.8251853189536638,-19.10718871356168,19.999999999999986,0.0,0.0,0.0
2.7458894353326153,-19.045187228092413,19.999999999999986,0.0,0.0,0.0
2.6666687101939623,-18.98313383345521,19.99999999999999,0.0,0.0,0.0
2.5875232557300416,-18.92102832590985,19.99999999999999,0.0,0.0,0.0
2.5084531843029167,-18.85887050182908,19.999999999999993,0.0,0.0,0.0
2.4294586084416716,-18.796660157694546,20.0,0.0,0.0,0.0
2.350539640839731,-18.734397090092735,19.999999999999993,0.0,0.0,0.0
2.2716963943526762,-18.67208109571123,19.999999999999996,0.0,0.0,0.0
2.1929289819954163,-18.60971197133448,20.0,0.0,0.0,0.0
2.1142375169401197,-18.547289513840138,19.999999999999996,0.0,0.0,0.0
2.0356221125134475,-18.48481352019475,19.999999999999996,0.0,0.0,0.0
1.957082882194544,-18.422283787450123,20.0,0.0,0.0,0.0
1.8786199396124614,-18.359700112739095,20.000000000000004,0.0,0.0,0.0
1.8002333985439727,-18.29706229327172,19.999999999999996,0.0,0.0,0.0
1.721923372911309,-18.234370126331203,20.000000000000004,0.0,0.0,0.0
1.6436899767799298,-18.171623409269994,20.000000000000004,0.0,0.0,0.0
1.5655333243563503,-18.108821939505788,20.000000000000004,0.0,0.0,0.0
1.487453529985985,-18.045965514517565,20.000000000000004,0.0,0.0,0.0
1.4094507081510432,-17.983053931841596,20.00000000000001,0.0,0.0,0.0
1.3315249734684527,-17.920086989067528,20.00000000000001,0.0,0.0,0.0
1.2536764406878087,-17.857064483834364,20.000000000000007,0.0,0.0,0.0
1.1759052246893835,-17.79398621382651,20.00000000000001,0.0,0.0,0.0
1.0982114404821415,-17.73085197676983,20.000000000000014,0.0,0.0,0.0
1.0205952032018168,-17.667661570427665,20.000000000000014,0.0,0.0,0.0
0.9430566281090033,-17.604414792596884,20.000000000000014,0.0,0.0,0.0
0.8655958305872989,-17.541111441103908,20.000000000000018,0.0,0.0,0.0
0.7882129261414724,-17.47775131380078,20.00000000000001,0.0,0.0,0.0
0.7109080303956664,-17.41433420856118,20.000000000000018,0.0,0.0,0.0
0.6336812590916472,-17.350859923276495,20.000000000000014,0.0,0.0,0.0
0.5565327280870715,-17.287328255851868,20.000000000000025,0.0,0.0,0.0
0.47946255335380916,-17.223739004202276,20.00000000000002,0.0,0.0,0.0
0.4024708509762793,-17.160091966248523,20.000000000000025,0.0,0.0,0.0
0.32555773714984054,-17.096386939913376,20.00000000000002,0.0,0.0,0.0
0.24872332817920914,-17.03262372311759,20.00000000000002,0.0,0.0,0.0
0.17196774047689958,-16.968802113775986,20.00000000000002,0.0,0.0,0.0
0.09529109056173068,-16.90492190979355,20.00000000000002,0.0,0.0,0.0
0.018693495057332615,-16.840982909061474,20.00000000000003,0.0,0.0,0.0
359.9421750706907,-16.776984909453265,20.000000000000025,0.0,0.0,0.0
359.86573593429085,-16.712927708820818,20.00000000000003,0.0,0.0,0.0
359.7893762027873,-16.648811104990546,20.00000000000003,0.0,0.0,0.0
359.713095993209,-16.584634895759443,20.00000000000003,0.0,0.0,0.0
359.6368954226826,-16.520398878891186,20.000000000000032,0.0,0.0,0.0
359.5607746084316,-16.456102852112302,20.000000000000036,0.0,0.0,0.0
359.48473366777506,-16.39174661310821,20.000000000000036,0.0,0.0,0.0
359.40877271812616,-16.32732995951941,20.000000000000036,0.0,0.0,0.0
359.3328918769912,-16.26285268893757,20.000000000000032,0.0,0.0,0.0
359.2570912619684,-16.19831459890167,20.000000000000036,0.0,0.0,0.0
359.18137099074715,-16.13371548689419,20.000000000000043,0.0,0.0,0.0
359.1057311811063,-16.069055150337192,20.000000000000036,0.0,0.0,0.0
359.0301719509138,-16.004333386588534,20.000000000000032,0.0,0.0,0.0
358.9546934181254,-15.939549992937998,20.000000000000036,0.0,0.0,0.0
358.8792957007834,-15.874704766603505,20.00000000000004,0.0,0.0,0.0
358.8039789170166,-15.809797504727255,20.000000000000036,0.0,0.0,0.0
358.72874318503835,-15.744828004371941,20.00000000000004,0.0,0.0,0.0
358.65358862314673,-15.679796062516957,20.000000000000036,0.0,0.0,0.0
358.5785153497229,-15.61470147605456,20.00000000000004,0.0,0.0,0.0
358.5035234832308,-15.549544041786149,20.00000000000004,0.0,0.0,0.0
358.4286131422164,-15.484323556418445,20.000000000000036,0.0,0.0,0.0
358.3537844453067,-15.419039816559732,20.00000000000004,0.0,0.0,0.0
358.2790375112094,-15.35369261871611,20.000000000000043,0.0,0.0,0.0
358.20437245871204,-15.288281759287758,20.000000000000043,0.0,0.0,0.0
358.12978940668154,-15.22280703456518,20.000000000000043,0.0,0.0,0.0
358.05528847406356,-15.157268240725472,20.000000000000043,0.0,0.0,0.0
357.98086977988197,-15.091665173828641,20.000000000000043,0.0,0.0,0.0
357.90653344323846,-15.025997629813844,20.00000000000004,0.0,0.0,0.0
357.83227958331196,-14.960265404495756,20.000000000000036,0.0,0.0,0.0
357.7581083193583,-14.894468293560829,20.000000000000043,0.0,0.0,0.0
357.6840197707098,-14.828606092563676,20.00000000000004,0.0,0.0,0.0
357.610014056775,-14.762678596923344,20.00000000000004,0.0,0.0,0.0
357.53609129703807,-14.69668560191972,20.000000000000036,0.0,0.0,0.0
357.462251611059,-14.630626902689858,20.000000000000036,0.0,0.0,0.0
357.3884951184729,-14.564502294224386,20.000000000000036,0.0,0.0,0.0
357.3148219389901,-14.498311571363846,20.00000000000004,0.0,0.0,0.0
357.24123219239596,-14.432054528795126,20.000000000000036,0.0,0.0,0.0
357.16772599855034,-14.365730961047865,20.000000000000036,0.0,0.0,0.0
357.0943034773882,-14.29934066249087,20.000000000000036,0.0,0.0,0.0
357.02096474891897,-14.232883427328565,20.000000000000032,0.0,0.0,0.0
356.9477099332267,-14.166359049597407,20.000000000000036,0.0,0.0,0.0
356.8745391504702,-14.099767323162402,20.000000000000036,0.0,0.0,0.0
356.80145252088295,-14.033108041713533,20.000000000000032,0.0,0.0,0.0
356.728450164773,-13.966380998762272,20.00000000000003,0.0,0.0,0.0
356.65553220252366,-13.899585987638082,20.00000000000003,0.0,0.0,0.0
356.5826987545931,-13.832722801484943,20.00000000000003,0.0,0.0,0.0
356.5099499415148,-13.76579123325786,20.00000000000003,0.0,0.0,0.0
356.43728588389763,-13.698791075719448,20.000000000000025,0.0,0.0,0.0
356.36470670242636,-13.63172212143646,20.00000000000002,0.0,0.0,0.0
356.2922125178618,-13.564584162776374,20.00000000000002,0.0,0.0,0.0
356.21980345104106,-13.497376991903993,20.000000000000018,0.0,0.0,0.0
356.1474796228782,-13.43010040077805,20.00000000000002,0.0,0.0,0.0
356.0752411543643,-13.362754181147828,20.000000000000014,0.0,0.0,0.0
356.00308816656826,-13.295338124549799,20.000000000000014,0.0,0.0,0.0
355.93102078063697,-13.227852022304269,20.000000000000014,0.0,0.0,0.0
355.85903911779616,-13.160295665512086,20.000000000000014,0.0,0.0,0.0
355.7871432993506,-13.09266884505127,20.00000000000001,0.0,0.0,0.0
355.715333446685,-13.024971351573775,20.000000000000007,0.0,0.0,0.0
355.6436096812646,-12.95720297550216,20.000000000000007,0.0,0.0,0.0
355.57197212463575,-12.889363507026365,20.000000000000004,0.0,0.0,0.0
355.5004208984266,-12.821452736100454,20.0,0.0,0.0,0.0
355.428956124348,-12.753470452439354,20.0,0.0,0.0,0.0
355.35757792419423,-12.685416445515703,19.999999999999993,0.0,0.0,0.0
355.28628641984363,-12.617290504556625,19.999999999999996,0.0,0.0,0.0
355.21508173326004,-12.549092418540553,19.999999999999993,0.0,0.0,0.0
355.14396398649285,-12.480821976194063,19.999999999999986,0.0,0.0,0.0
355.07293330167875,-12.412478965988779,19.99999999999999,0.0,0.0,0.0
355.0019898010422,-12.344063176138206,19.99999999999998,0.0,0.0,0.0
354.9311336068967,-12.27557439459465,19.999999999999975,0.0,0.0,0.0
354.86036484164566,-12.20701240904613,19.99999999999997,0.0,0.0,0.0
354.7896836277839,-12.13837700691333,19.999999999999968,0.0,0.0,0.0
354.71909008789817,-12.069667975346535,19.999999999999964,0.0,0.0,0.0
354.64858434466873,-12.00088510122261,19.999999999999964,0.0,0.0,0.0
