galstreams/tracks/track.st.Kwando.grillmair2017.ecsv
# %ECSV 0.9
# ---
# datatype:
# - {name: ra, unit: deg, datatype: float64}
# - {name: dec, unit: deg, datatype: float64}
# - {name: distance, unit: kpc, datatype: float64}
# - {name: pm_ra_cosdec, unit: mas / yr, datatype: float64}
# - {name: pm_dec, unit: mas / yr, datatype: float64}
# - {name: radial_velocity, unit: km / s, datatype: float64}
# delimiter: ','
# meta: !!omap
# - __serialized_columns__:
#     dec:
#       __class__: astropy.coordinates.angles.Latitude
#       unit: &id001 !astropy.units.Unit {unit: deg}
#       value: !astropy.table.SerializedColumn {name: dec}
#     distance:
#       __class__: astropy.coordinates.distances.Distance
#       unit: !astropy.units.Unit {unit: kpc}
#       value: !astropy.table.SerializedColumn {name: distance}
#     pm_dec:
#       __class__: astropy.units.quantity.Quantity
#       unit: !astropy.units.Unit {unit: mas / yr}
#       value: !astropy.table.SerializedColumn {name: pm_dec}
#     pm_ra_cosdec:
#       __class__: astropy.units.quantity.Quantity
#       unit: !astropy.units.Unit {unit: mas / yr}
#       value: !astropy.table.SerializedColumn {name: pm_ra_cosdec}
#     ra:
#       __class__: astropy.coordinates.angles.Longitude
#       unit: *id001
#       value: !astropy.table.SerializedColumn {name: ra}
#       wrap_angle: !astropy.coordinates.Angle
#         unit: *id001
#         value: 360.0
#     radial_velocity:
#       __class__: astropy.units.quantity.Quantity
#       unit: !astropy.units.Unit {unit: km / s}
#       value: !astropy.table.SerializedColumn {name: radial_velocity}
# schema: astropy-2.0
ra,dec,distance,pm_ra_cosdec,pm_dec,radial_velocity
[from data line 774]
27.266639508378834,-26.222469913973338,20.000000000000007,0.0,0.0,0.0
27.276089631245178,-26.22799529784614,20.000000000000004,0.0,0.0,0.0
27.285536385639944,-26.233528469353413,20.000000000000007,0.0,0.0,0.0
27.29497977111181,-26.239069433193695,20.000000000000007,0.0,0.0,0.0
27.30441978720971,-26.244618194065787,20.000000000000007,0.0,0.0,0.0
27.313856433482822,-26.2501747566687,20.000000000000007,0.0,0.0,0.0
27.32328970948061,-26.255739125701698,20.000000000000007,0.0,0.0,0.0
27.33271961475275,-26.26131130586429,20.000000000000007,0.0,0.0,0.0
27.342146148849206,-26.266891301856177,20.000000000000004,0.0,0.0,0.0
27.351569311320144,-26.272479118377372,20.000000000000004,0.0,0.0,0.0
27.36098910171602,-26.278074760128074,20.000000000000007,0.0,0.0,0.0
27.370405519587486,-26.28367823180872,20.000000000000004,0.0,0.0,0.0
27.379818564485472,-26.28928953812,20.000000000000004,0.0,0.0,0.0
27.38922823596111,-26.29490868376282,20.000000000000007,0.0,0.0,0.0
27.39863453356579,-26.300535673438336,20.000000000000007,0.0,0.0,0.0
27.4080374568511,-26.30617051184792,20.000000000000004,0.0,0.0,0.0
27.4174370053689,-26.311813203693198,20.000000000000007,0.0,0.0,0.0
27.426833178671234,-26.317463753676005,20.000000000000007,0.0,0.0,0.0
27.43622597631037,-26.32312216649843,20.000000000000004,0.0,0.0,0.0
27.44561539783883,-26.32878844686277,20.000000000000004,0.0,0.0,0.0
27.4550014428093,-26.334462599471557,20.000000000000004,0.0,0.0,0.0
27.464384110774724,-26.340144629027574,20.000000000000004,0.0,0.0,0.0
27.473763401288227,-26.345834540233813,20.000000000000007,0.0,0.0,0.0
27.483139313903166,-26.351532337793493,20.0,0.0,0.0,0.0
27.492511848173066,-26.35723802641007,20.000000000000004,0.0,0.0,0.0
27.501881003651693,-26.36295161078721,20.000000000000007,0.0,0.0,0.0
27.51124677989298,-26.368673095628836,20.000000000000007,0.0,0.0,0.0
27.52060917645107,-26.374402485639063,20.000000000000004,0.0,0.0,0.0
27.529968192880315,-26.380139785522253,20.000000000000004,0.0,0.0,0.0
27.539323828735224,-26.385884999982977,20.000000000000007,0.0,0.0,0.0
27.54867608357051,-26.391638133726055,20.000000000000007,0.0,0.0,0.0
27.558024956941086,-26.397399191456497,20.0,0.0,0.0,0.0
27.567370448402013,-26.40316817787956,20.000000000000007,0.0,0.0,0.0
27.576712557508557,-26.40894509770071,20.000000000000007,0.0,0.0,0.0
27.586051283816147,-26.41472995562564,20.000000000000004,0.0,0.0,0.0
27.5953866268804,-26.420522756360256,20.00000000000001,0.0,0.0,0.0
27.60471858625708,-26.4263235046107,20.000000000000007,0.0,0.0,0.0
27.614047161502135,-26.432132205083324,20.000000000000007,0.0,0.0,0.0
27.623372352171664,-26.437948862484692,20.000000000000007,0.0,0.0,0.0
27.632694157821962,-26.44377348152159,20.000000000000007,0.0,0.0,0.0
27.642012578009435,-26.449606066901026,20.000000000000004,0.0,0.0,0.0
27.65132761229066,-26.455446623330225,20.000000000000007,0.0,0.0,0.0
27.660639260222403,-26.461295155516613,20.000000000000007,0.0,0.0,0.0
27.669947521361532,-26.467151668167865,20.000000000000007,0.0,0.0,0.0
27.679252395265074,-26.473016165991833,20.000000000000004,0.0,0.0,0.0
27.688553881490215,-26.478888653696604,20.000000000000007,0.0,0.0,0.0
27.697851979594265,-26.484769135990483,20.00000000000001,0.0,0.0,0.0
27.707146689134692,-26.490657617581963,20.000000000000004,0.0,0.0,0.0
27.716438009669083,-26.496554103179786,20.000000000000007,0.0,0.0,0.0
27.725725940755154,-26.50245859749286,20.000000000000007,0.0,0.0,0.0
27.735010481950763,-26.50837110523036,20.000000000000004,0.0,0.0,0.0
27.74429163281388,-26.51429163110161,20.00000000000001,0.0,0.0,0.0
27.753569392902627,-26.5202201798162,20.000000000000004,0.0,0.0,0.0
27.76284376177521,-26.526156756083882,20.000000000000004,0.0,0.0,0.0
27.772114738989966,-26.53210136461466,20.000000000000007,0.0,0.0,0.0
27.78138232410536,-26.53805401011871,20.000000000000004,0.0,0.0,0.0
27.790646516679946,-26.54401469730643,20.000000000000004,0.0,0.0,0.0
27.79990731627241,-26.549983430888425,20.000000000000004,0.0,0.0,0.0
27.809164722441526,-26.55596021557551,20.000000000000004,0.0,0.0,0.0
27.81841873474616,-26.5619450560787,20.000000000000007,0.0,0.0,0.0
27.827669352745318,-26.567937957109212,20.000000000000004,0.0,0.0,0.0
27.836916575998053,-26.573938923378478,20.000000000000007,0.0,0.0,0.0
27.846160404063554,-26.579947959598098,20.000000000000004,0.0,0.0,0.0
27.855400836501058,-26.58596507047993,20.000000000000007,0.0,0.0,0.0
27.86463787286993,-26.591990260736004,20.000000000000007,0.0,0.0,0.0
27.8738715127296,-26.59802353507855,20.000000000000004,0.0,0.0,0.0
27.883101755639576,-26.60406489821999,20.000000000000004,0.0,0.0,0.0
27.892328601159438,-26.610114354872973,20.000000000000004,0.0,0.0,0.0
27.901552048848867,-26.616171909750335,20.000000000000004,0.0,0.0,0.0
27.91077209826759,-26.62223756756509,20.000000000000004,0.0,0.0,0.0
27.91998874897542,-26.62831133303048,20.000000000000007,0.0,0.0,0.0
27.92920200053221,-26.634393210859958,20.000000000000007,0.0,0.0,0.0
27.93841185249791,-26.64048320576711,20.0,0.0,0.0,0.0
27.94761830443251,-26.646581322465785,20.000000000000007,0.0,0.0,0.0
27.95682135589605,-26.65268756566999,20.00000000000001,0.0,0.0,0.0
27.966021006448642,-26.658801940093948,20.000000000000004,0.0,0.0,0.0
27.975217255650435,-26.664924450452045,20.000000000000007,0.0,0.0,0.0
27.98441010306163,-26.671055101458915,20.000000000000004,0.0,0.0,0.0
27.993599548242464,-26.67719389782932,20.000000000000004,0.0,0.0,0.0
28.002785590753216,-26.683340844278256,20.000000000000007,0.0,0.0,0.0
28.011968230154228,-26.689495945520907,20.000000000000007,0.0,0.0,0.0
28.02114746600584,-26.695659206272644,20.000000000000007,0.0,0.0,0.0
28.030323297868435,-26.70183063124902,20.000000000000007,0.0,0.0,0.0
28.039495725302437,-26.708010225165783,20.000000000000004,0.0,0.0,0.0
28.048664747868283,-26.714197992738892,20.000000000000004,0.0,0.0,0.0
28.057830365126428,-26.720393938684456,20.000000000000004,0.0,0.0,0.0
28.066992576637354,-26.726598067718783,20.000000000000007,0.0,0.0,0.0
28.07615138196157,-26.73281038455839,20.000000000000007,0.0,0.0,0.0
28.085306780659568,-26.739030893919967,20.000000000000004,0.0,0.0,0.0
28.094458772291873,-26.745259600520384,20.0,0.0,0.0,0.0
28.103607356418994,-26.7514965090767,20.000000000000007,0.0,0.0,0.0
28.112752532601466,-26.757741624306167,20.000000000000007,0.0,0.0,0.0
28.121894300399813,-26.7639949509262,20.000000000000007,0.0,0.0,0.0
28.131032659374554,-26.770256493654433,20.000000000000007,0.0,0.0,0.0
28.14016760908619,-26.776526257208637,20.00000000000001,0.0,0.0,0.0
28.149299149095235,-26.78280424630681,20.000000000000007,0.0,0.0,0.0
28.15842727896218,-26.7890904656671,20.0,0.0,0.0,0.0
28.167551998247486,-26.795384920007848,20.000000000000004,0.0,0.0,0.0
28.176673306511614,-26.801687614047573,20.000000000000004,0.0,0.0,0.0
28.18579120331498,-26.807998552504966,20.0,0.0,0.0,0.0
28.194905688217986,-26.81431774009891,20.000000000000007,0.0,0.0,0.0
28.20401676078102,-26.82064518154848,20.000000000000004,0.0,0.0,0.0
28.2131244205644,-26.826980881572872,20.000000000000007,0.0,0.0,0.0
28.222228667128437,-26.833324844891532,20.000000000000004,0.0,0.0,0.0
28.231329500033382,-26.83967707622401,20.000000000000004,0.0,0.0,0.0
28.24042691883947,-26.846037580290098,20.000000000000004,0.0,0.0,0.0
28.249520923106854,-26.85240636180971,20.000000000000004,0.0,0.0,0.0
28.258611512395667,-26.858783425502978,20.000000000000007,0.0,0.0,0.0
28.26769868626598,-26.86516877609016,20.000000000000007,0.0,0.0,0.0
28.27678244427778,-26.87156241829174,20.000000000000007,0.0,0.0,0.0
28.285862785991046,-26.877964356828322,20.000000000000007,0.0,0.0,0.0
28.294939710965657,-26.88437459642072,20.000000000000004,0.0,0.0,0.0
28.30401321876143,-26.890793141789896,20.000000000000004,0.0,0.0,0.0
28.313083308938126,-26.897219997656993,20.000000000000007,0.0,0.0,0.0
28.322149981055404,-26.90365516874334,20.000000000000004,0.0,0.0,0.0
28.33121323467289,-26.91009865977039,20.000000000000007,0.0,0.0,0.0
28.3402730693501,-26.9165504754598,20.000000000000004,0.0,0.0,0.0
28.34932948464645,-26.92301062053339,20.000000000000007,0.0,0.0,0.0
28.35838248012132,-26.929479099713138,20.000000000000004,0.0,0.0,0.0
28.367432055333957,-26.9359559177212,20.000000000000007,0.0,0.0,0.0
28.376478209843526,-26.942441079279874,20.0,0.0,0.0,0.0
28.385520943209098,-26.948934589111648,20.000000000000007,0.0,0.0,0.0
28.39456025498965,-26.955436451939164,20.000000000000004,0.0,0.0,0.0
28.403596144744043,-26.96194667248523,20.000000000000007,0.0,0.0,0.0
28.412628612031025,-26.96846525547281,20.000000000000007,0.0,0.0,0.0
28.421657656409263,-26.974992205625046,20.000000000000004,0.0,0.0,0.0
28.430683277437264,-26.981527527665214,20.000000000000007,0.0,0.0,0.0
28.439705474673467,-26.98807122631679,20.000000000000007,0.0,0.0,0.0
28.448724247676154,-26.99462330630336,20.000000000000007,0.0,0.0,0.0
28.4577395960035,-27.00118377234873,20.000000000000007,0.0,0.0,0.0
28.46675151921353,-27.007752629176814,20.000000000000004,0.0,0.0,0.0
28.475760016864168,-27.01432988151169,20.000000000000004,0.0,0.0,0.0
28.484765088513193,-27.02091553407763,20.000000000000004,0.0,0.0,0.0
28.493766733718214,-27.027509591599024,20.000000000000004,0.0,0.0,0.0
28.502764952036756,-27.034112058800442,20.000000000000004,0.0,0.0,0.0
28.511759743026133,-27.0407229404066,20.000000000000007,0.0,0.0,0.0
28.520751106243562,-27.047342241142356,20.000000000000007,0.0,0.0,0.0
28.52973904124609,-27.053969965732755,20.000000000000004,0.0,0.0,0.0
28.538723547590592,-27.06060611890296,20.000000000000004,0.0,0.0,0.0
28.54770462483381,-27.06725070537832,20.000000000000007,0.0,0.0,0.0
28.556682272532303,-27.073903729884297,20.000000000000004,0.0,0.0,0.0
28.565656490242464,-27.080565197146544,20.000000000000007,0.0,0.0,0.0
28.57462727752053,-27.087235111890845,20.000000000000007,0.0,0.0,0.0
28.583594633922544,-27.09391347884313,20.000000000000004,0.0,0.0,0.0
28.592558559004384,-27.10060030272949,20.000000000000007,0.0,0.0,0.0
28.601519052321745,-27.107295588276155,20.000000000000007,0.0,0.0,0.0
28.610476113430135,-27.113999340209517,20.000000000000007,0.0,0.0,0.0
28.61942974188487,-27.1207115632561,20.000000000000007,0.0,0.0,0.0
28.628379937241093,-27.127432262142577,20.000000000000007,0.0,0.0,0.0
28.637326699053716,-27.134161441595772,20.000000000000004,0.0,0.0,0.0
28.646270026877485,-27.140899106342665,20.000000000000007,0.0,0.0,0.0
28.65520992026693,-27.147645261110355,20.000000000000004,0.0,0.0,0.0
28.664146378776366,-27.154399910626108,20.000000000000007,0.0,0.0,0.0
28.67307940195991,-27.16116305961732,20.000000000000007,0.0,0.0,0.0
28.682008989371447,-27.167934712811537,20.000000000000007,0.0,0.0,0.0
28.690935140564687,-27.174714874936445,20.000000000000004,0.0,0.0,0.0
28.69985785509307,-27.18150355071987,20.000000000000004,0.0,0.0,0.0
28.708777132509827,-27.188300744889776,20.000000000000007,0.0,0.0,0.0
28.71769297236797,-27.195106462174273,20.000000000000004,0.0,0.0,0.0
28.72660537422027,-27.201920707301607,20.000000000000004,0.0,0.0,0.0
28.73551433761926,-27.20874348500016,20.000000000000007,0.0,0.0,0.0
28.744419862117244,-27.215574799998464,20.000000000000007,0.0,0.0,0.0
28.753321947266276,-27.22241465702517,20.000000000000007,0.0,0.0,0.0
28.762220592618146,-27.229263060809075,20.000000000000007,0.0,0.0,0.0
28.771115797724427,-27.236120016079123,20.000000000000007,0.0,0.0,0.0
28.78000756213641,-27.242985527564358,20.000000000000007,0.0,0.0,0.0
28.788895885405143,-27.249859599994004,20.000000000000004,0.0,0.0,0.0
28.79778076708139,-27.256742238097395,20.000000000000007,0.0,0.0,0.0
28.806662206715675,-27.263633446604,20.000000000000004,0.0,0.0,0.0
28.815540203858248,-27.270533230243405,20.000000000000004,0.0,0.0,0.0
28.82441475805905,-27.277441593745355,20.000000000000007,0.0,0.0,0.0
28.833285868867808,-27.284358541839715,20.000000000000007,0.0,0.0,0.0
28.842153535833916,-27.291284079256474,20.000000000000007,0.0,0.0,0.0
28.851017758506494,-27.29821821072577,20.000000000000007,0.0,0.0,0.0
28.859878536434376,-27.30516094097785,20.000000000000007,0.0,0.0,0.0
28.86873586916612,-27.31211227474308,20.000000000000007,0.0,0.0,0.0
28.877589756249964,-27.319072216752005,20.000000000000004,0.0,0.0,0.0
28.886440197233853,-27.326040771735215,20.00000000000001,0.0,0.0,0.0
28.89528719166544,-27.333017944423503,20.000000000000007,0.0,0.0,0.0
28.904130739092047,-27.340003739547758,20.000000000000007,0.0,0.0,0.0
28.912970839060694,-27.346998161838968,20.000000000000007,0.0,0.0,0.0
28.921807491118102,-27.3540012160283,20.000000000000007,0.0,0.0,0.0
28.93064069481064,-27.361012906847005,20.000000000000007,0.0,0.0,0.0
28.939470449684393,-27.36803323902646,20.000000000000007,0.0,0.0,0.0
28.948296755285078,-27.37506221729817,20.000000000000007,0.0,0.0,0.0
28.957119611158106,-27.382099846393768,20.000000000000007,0.0,0.0,0.0
28.965939016848544,-27.389146131044992,20.000000000000007,0.0,0.0,0.0
28.974754971901117,-27.396201075983726,20.00000000000001,0.0,0.0,0.0
28.983567475860227,-27.40326468594194,20.000000000000007,0.0,0.0,0.0
28.9923765282699,-27.410336965651755,20.000000000000007,0.0,0.0,0.0
29.001182128673825,-27.417417919845377,20.000000000000007,0.0,0.0,0.0
29.00998427661533,-27.424507553255157,20.000000000000007,0.0,0.0,0.0
29.01878297163739,-27.43160587061355,20.000000000000007,0.0,0.0,0.0
29.027578213282638,-27.438712876653124,20.00000000000001,0.0,0.0,0.0
29.036370001093296,-27.445828576106575,20.000000000000007,0.0,0.0,0.0
29.04515833461124,-27.45295297370671,20.000000000000007,0.0,0.0,0.0
29.053943213377963,-27.460086074186428,20.000000000000007,0.0,0.0,0.0
29.062724636934597,-27.46722788227877,20.000000000000007,0.0,0.0,0.0
29.071502604821884,-27.47437840271687,20.00000000000001,0.0,0.0,0.0
29.080277116580152,-27.481537640234,20.00000000000001,0.0,0.0,0.0
29.08904817174938,-27.4887055995635,20.000000000000007,0.0,0.0,0.0
29.097815769869108,-27.495882285438856,20.00000000000001,0.0,0.0,0.0
29.106579910478526,-27.50306770259364,20.000000000000007,0.0,0.0,0.0
29.115340593116375,-27.510261855761573,20.000000000000007,0.0,0.0,0.0
29.124097817321015,-27.517464749676428,20.000000000000014,0.0,0.0,0.0
29.132851582630394,-27.524676389072113,20.00000000000001,0.0,0.0,0.0
29.141601888582038,-27.531896778682658,20.000000000000007,0.0,0.0,0.0
29.150348734713045,-27.539125923242175,20.000000000000014,0.0,0.0,0.0
29.15909212056011,-27.546363827484896,20.000000000000007,0.0,0.0,0.0
29.167832045659484,-27.553610496145144,20.00000000000001,0.0,0.0,0.0
29.176568509547007,-27.56086593395737,20.000000000000007,0.0,0.0,0.0
29.185301511758045,-27.568130145656085,20.000000000000007,0.0,0.0,0.0
29.194031051827547,-27.575403135975947,20.00000000000001,0.0,0.0,0.0
29.20275712929003,-27.582684909651693,20.00000000000001,0.0,0.0,0.0
29.211479743679558,-27.589975471418178,20.000000000000007,0.0,0.0,0.0
29.220198894529723,-27.597274826010317,20.00000000000001,0.0,0.0,0.0
29.22891458137367,-27.604582978163187,20.00000000000001,0.0,0.0,0.0
29.23762680374409,-27.611899932611898,20.000000000000007,0.0,0.0,0.0
29.246335561173204,-27.619225694091718,20.00000000000001,0.0,0.0,0.0
29.255040853192753,-27.62656026733796,20.000000000000007,0.0,0.0,0.0
29.263742679334037,-27.633903657086076,20.00000000000001,0.0,0.0,0.0
29.272441039127845,-27.641255868071607,20.00000000000001,0.0,0.0,0.0
29.281135932104508,-27.64861690503014,20.000000000000007,0.0,0.0,0.0
29.28982735779384,-27.65598677269742,20.000000000000007,0.0,0.0,0.0
29.298515315725194,-27.663365475809268,20.000000000000007,0.0,0.0,0.0
29.307199805427416,-27.670753019101582,20.000000000000007,0.0,0.0,0.0
29.31588082642885,-27.678149407310354,20.000000000000007,0.0,0.0,0.0
29.324558378257368,-27.6855546451717,20.000000000000007,0.0,0.0,0.0
29.33323246044027,-27.692968737421776,20.00000000000001,0.0,0.0,0.0
29.341903072504415,-27.70039168879687,20.00000000000001,0.0,0.0,0.0
29.3505702139761,-27.707823504033342,20.00000000000001,0.0,0.0,0.0
29.35923388438113,-27.71526418786765,20.000000000000007,0.0,0.0,0.0
