galstreams/tracks/track.po.20.0-1.mateu2018.ecsv
# %ECSV 0.9
# ---
# datatype:
# - {name: ra, unit: deg, datatype: float64}
# - {name: dec, unit: deg, datatype: float64}
# - {name: distance, unit: kpc, datatype: float64}
# - {name: pm_ra_cosdec, unit: mas / yr, datatype: float64}
# - {name: pm_dec, unit: mas / yr, datatype: float64}
# - {name: radial_velocity, unit: km / s, datatype: float64}
# delimiter: ','
# meta: !!omap
# - __serialized_columns__:
#     dec:
#       __class__: astropy.coordinates.angles.Latitude
#       unit: &id001 !astropy.units.Unit {unit: deg}
#       value: !astropy.table.SerializedColumn {name: dec}
#     distance:
#       __class__: astropy.coordinates.distances.Distance
#       unit: !astropy.units.Unit {unit: kpc}
#       value: !astropy.table.SerializedColumn {name: distance}
#     pm_dec:
#       __class__: astropy.units.quantity.Quantity
#       unit: !astropy.units.Unit {unit: mas / yr}
#       value: !astropy.table.SerializedColumn {name: pm_dec}
#     pm_ra_cosdec:
#       __class__: astropy.units.quantity.Quantity
#       unit: !astropy.units.Unit {unit: mas / yr}
#       value: !astropy.table.SerializedColumn {name: pm_ra_cosdec}
#     ra:
#       __class__: astropy.coordinates.angles.Longitude
#       unit: *id001
#       value: !astropy.table.SerializedColumn {name: ra}
#       wrap_angle: !astropy.coordinates.Angle
#         unit: *id001
#         value: 360.0
#     radial_velocity:
#       __class__: astropy.units.quantity.Quantity
#       unit: !astropy.units.Unit {unit: km / s}
#       value: !astropy.table.SerializedColumn {name: radial_velocity}
# schema: astropy-2.0
ra,dec,distance,pm_ra_cosdec,pm_dec,radial_velocity
280.22587880281264,-41.031405104116125,27.65255864361733,0.0,0.0,0.0
280.43634719677107,-40.938292717063014,27.649480992873915,0.0,0.0,0.0
280.6461564904086,-40.844722807148536,27.64629656155895,0.0,0.0,0.0
280.85530744182813,-40.75069806216181,27.64300541279459,0.0,0.0,0.0
281.063800854991,-40.656221161653654,27.639607611527854,0.0,0.0,0.0
281.27163757891003,-40.56129477676677,27.63610322452842,0.0,0.0,0.0
281.4788185068471,-40.46592157007037,27.632492320386422,0.0,0.0,0.0
281.6853445755144,-40.370104195399364,27.628774969510214,0.0,0.0,0.0
281.89121676428016,-40.27384529769823,27.624951244124137,0.0,0.0,0.0
282.0964360943798,-40.177147512868935,27.621021218266247,0.0,0.0,0.0
282.3010036281312,-40.08001346762372,27.616984967786003,0.0,0.0,0.0
282.5049204681551,-39.98244577934194,27.612842570341986,0.0,0.0,0.0
282.7081877566009,-39.884447055931446,27.608594105399565,0.0,0.0,0.0
282.9108066743782,-39.7860198956939,27.60423965422851,0.0,0.0,0.0
283.11277844039284,-39.687166887194635,27.599779299900664,0.0,0.0,0.0
283.31410431078996,-39.58789060913649,27.595213127287497,0.0,0.0,0.0
283.5147855782017,-39.48819363023789,27.590541223057738,0.0,0.0,0.0
283.7148235710021,-39.3880785091147,27.58576367567491,0.0,0.0,0.0
283.9142196525671,-39.28754779416639,27.580880575394893,0.0,0.0,0.0
284.1129752205414,-39.18660402346607,27.575892014263424,0.0,0.0,0.0
284.3110917061114,-39.08524972465431,27.5707980861136,0.0,0.0,0.0
284.50857057328506,-38.98348741483688,27.5655988865634,0.0,0.0,0.0
284.7054133181778,-38.88131960048627,27.560294513013098,0.0,0.0,0.0
284.9016214683058,-38.778748777346955,27.554885064642715,0.0,0.0,0.0
285.09719658188516,-38.67577743034441,27.549370642409478,0.0,0.0,0.0
285.29214024713906,-38.57240803349755,27.543751349045163,0.0,0.0,0.0
285.4864540816111,-38.46864304983496,27.538027289053506,0.0,0.0,0.0
285.6801397314862,-38.36448493131449,27.532198568707607,0.0,0.0,0.0
285.87319887091763,-38.25993611874653,27.526265296047175,0.0,0.0,0.0
286.0656332013633,-38.154999041720345,27.520227580875925,0.0,0.0,0.0
286.2574444509268,-38.04967611853406,27.514085534758856,0.0,0.0,0.0
286.4486343737077,-37.94396975612786,27.50783927101955,0.0,0.0,0.0
286.63920474915807,-37.83788235002053,27.50148890473738,0.0,0.0,0.0
286.829157381447,-37.73141628424888,27.495034552744833,0.0,0.0,0.0
287.01849409883243,-37.624573931310664,27.488476333624654,0.0,0.0,0.0
287.2072167530404,-37.51735765211036,27.481814367707106,0.0,0.0,0.0
287.39532721865174,-37.40976979590827,27.475048777067133,0.0,0.0,0.0
287.5828273924964,-37.30181270027208,27.468179685521505,0.0,0.0,0.0
287.7697191930557,-37.1934886910319,27.461207218626,0.0,0.0,0.0
287.9560045598714,-37.08480008223781,27.45413150367249,0.0,0.0,0.0
288.14168545296303,-36.97574917612053,27.44695266968607,0.0,0.0,0.0
288.32676385225255,-36.86633826305443,27.439670847422146,0.0,0.0,0.0
288.51124175699664,-36.75656962152369,27.43228616936348,0.0,0.0,0.0
288.6951211852268,-36.64644551809089,27.424798769717242,0.0,0.0,0.0
288.87840417319677,-36.535968207368406,27.41720878441207,0.0,0.0,0.0
289.0610927748376,-36.425139931991964,27.409516351095018,0.0,0.0,0.0
289.24318906122085,-36.31396292259723,27.40172160912859,0.0,0.0,0.0
289.4246951200286,-36.202439397798415,27.393824699587686,0.0,0.0,0.0
289.6056130550316,-36.09057156416976,27.38582576525657,0.0,0.0,0.0
289.7859449855747,-35.97836161622884,27.377724950625765,0.0,0.0,0.0
289.9656930460701,-35.86581173642258,27.36952240188899,0.0,0.0,0.0
290.1448593854977,-35.7529240951154,27.36121826694006,0.0,0.0,0.0
290.3234461669135,-35.63970085057969,27.35281269536971,0.0,0.0,0.0
290.501455566965,-35.52614414898824,27.3443058384625,0.0,0.0,0.0
290.67888977541406,-35.41225612440893,27.33569784919359,0.0,0.0,0.0
290.85575099466786,-35.29803889880159,27.326988882225617,0.0,0.0,0.0
291.03204143931606,-35.18349458201667,27.31817909390541,0.0,0.0,0.0
291.207763335676,-35.06862527179621,27.309268642260832,0.0,0.0,0.0
291.38291892134583,-34.95343305377631,27.30025768699748,0.0,0.0,0.0
291.55751044476307,-34.83792000149194,27.291146389495445,0.0,0.0,0.0
291.73154016477247,-34.722088176383316,27.281934912806026,0.0,0.0,0.0
291.90501035019923,-34.60593962780434,27.2726234216484,0.0,0.0,0.0
292.0779232794309,-34.489476393032476,27.263212082406305,0.0,0.0,0.0
292.25028124000494,-34.372700497280604,27.253701063124705,0.0,0.0,0.0
292.4220865282045,-34.25561395371049,27.244090533506405,0.0,0.0,0.0
292.59334144866,-34.138218763448016,27.23438066490866,0.0,0.0,0.0
292.76404831395894,-34.02051691559966,27.224571630339803,0.0,0.0,0.0
292.9342094442614,-33.902510387270986,27.21466360445574,0.0,0.0,0.0
293.1038271669228,-33.78420114358627,27.204656763556613,0.0,0.0,0.0
293.27290381612363,-33.66559113771006,27.194551285583227,0.0,0.0,0.0
293.4414417325056,-33.54668231086958,27.184347350113608,0.0,0.0,0.0
293.60944326281424,-33.42747659237908,27.174045138359514,0.0,0.0,0.0
293.7769107595487,-33.30797589966529,27.163644833162827,0.0,0.0,0.0
293.94384658061705,-33.188182138294366,27.153146618992107,0.0,0.0,0.0
294.1102530889993,-33.06809720199985,27.142550681938953,0.0,0.0,0.0
294.2761326524156,-32.94772297271224,27.131857209714394,0.0,0.0,0.0
294.4414876430015,-32.827061320589536,27.121066391645346,0.0,0.0,0.0
294.6063204369893,-32.70611410404923,27.110178418670912,0.0,0.0,0.0
294.7706334143953,-32.584883169801074,27.09919348333877,0.0,0.0,0.0
294.9344289587136,-32.46337035288134,27.088111779801466,0.0,0.0,0.0
295.09770945661586,-32.34157747668801,27.07693350381274,0.0,0.0,0.0
295.26047729765645,-32.219506353017096,27.0656588527238,0.0,0.0,0.0
295.4227348739848,-32.09715878209987,27.05428802547957,0.0,0.0,0.0
295.5844845800621,-31.97453655264115,27.042821222614933,0.0,0.0,0.0
295.7457288123852,-31.85164144185864,27.03125864625098,0.0,0.0,0.0
295.9064699692149,-31.728475215523215,27.019600500091144,0.0,0.0,0.0
296.06671045031123,-31.605039627999787,27.00784698941744,0.0,0.0,0.0
296.2264526566731,-31.48133642228955,26.995998321086567,0.0,0.0,0.0
296.38569899028437,-31.35736733007267,26.984054703526038,0.0,0.0,0.0
296.5444518538648,-31.233134071752122,26.972016346730346,0.0,0.0,0.0
296.702713650627,-31.10863835649793,26.959883462256972,0.0,0.0,0.0
296.86048678403785,-30.98388188229259,26.947656263222502,0.0,0.0,0.0
297.01777365758596,-30.858866335976884,26.935334964298644,0.0,0.0,0.0
297.17457667455375,-30.733593393296843,26.922919781708234,0.0,0.0,0.0
297.33089823779505,-30.60806471895076,26.91041093322129,0.0,0.0,0.0
297.4867407495176,-30.48228196663751,26.897808638150902,0.0,0.0,0.0
297.64210661107046,-30.356246779105117,26.885113117349228,0.0,0.0,0.0
297.7969982227362,-30.22996078820006,26.87232459320345,0.0,0.0,0.0
297.9514179835283,-30.103425614917306,26.859443289631596,0.0,0.0,0.0
298.10536829099317,-29.976642869450572,26.846469432078496,0.0,0.0,0.0
298.2588515410167,-29.849614151243415,26.833403247511598,0.0,0.0,0.0
298.4118701276357,-29.722341049040892,26.82024496441681,0.0,0.0,0.0
298.56442644285386,-29.59482514094143,26.80699481279431,0.0,0.0,0.0
298.7165228764619,-29.467067994449437,26.793653024154356,0.0,0.0,0.0
298.8681618158629,-29.3390711665283,26.78021983151297,0.0,0.0,0.0
299.01934564590107,-29.21083620365376,26.76669546938779,0.0,0.0,0.0
299.17007674869564,-29.082364641867816,26.753080173793684,0.0,0.0,0.0
299.3203575034787,-28.953658006832963,26.739374182238485,0.0,0.0,0.0
299.4701902864371,-28.824717813886814,26.725577733718637,0.0,0.0,0.0
299.6195774705584,-28.695545568097096,26.711691068714877,0.0,0.0,0.0
299.76852142548154,-28.566142764317053,26.697714429187776,0.0,0.0,0.0
299.91702451735046,-28.43651088724101,26.683648058573382,0.0,0.0,0.0
300.06508910867285,-28.306651411460475,26.66949220177877,0.0,0.0,0.0
300.2127175581816,-28.176565801520354,26.655247105177587,0.0,0.0,0.0
300.3599122207011,-28.046255511975517,26.640913016605552,0.0,0.0,0.0
300.5066754470164,-27.915721987447636,26.626490185355955,0.0,0.0,0.0
300.6530095837467,-27.78496666268221,26.611978862175107,0.0,0.0,0.0
300.79891697322233,-27.65399096260589,26.597379299257792,0.0,0.0,0.0
300.9443999533651,-27.52279630238398,26.582691750242645,0.0,0.0,0.0
301.08946085757236,-27.391384087478155,26.56791647020759,0.0,0.0,0.0
301.23410201460416,-27.259755713704294,26.553053715665143,0.0,0.0,0.0
301.37832574847477,-27.12791256729063,26.538103744557766,0.0,0.0,0.0
301.52213437834627,-26.995856024935893,26.52306681625318,0.0,0.0,0.0
301.6655302184264,-26.863587453867737,26.507943191539606,0.0,0.0,0.0
301.808515577869,-26.731108211901187,26.49273313262106,0.0,0.0,0.0
301.9510927606782,-26.598419647497284,26.477436903112537,0.0,0.0,0.0
302.0932640656153,-26.4655230998218,26.462054768035223,0.0,0.0,0.0
302.23503178610895,-26.332419898804037,26.446586993811664,0.0,0.0,0.0
302.3763982101681,-26.199111365195733,26.431033848260896,0.0,0.0,0.0
302.51736562029834,-26.065598810630032,26.415395600593566,0.0,0.0,0.0
302.65793629342073,-25.931883537680516,26.39967252140699,0.0,0.0,0.0
302.7981125007938,-25.79796683992026,26.383864882680232,0.0,0.0,0.0
302.937896507938,-25.663850001980958,26.367972957769137,0.0,0.0,0.0
303.0772905745633,-25.529534299612074,26.3519970214013,0.0,0.0,0.0
303.2162969544994,-25.39502099973996,26.33593734967103,0.0,0.0,0.0
303.3549178956283,-25.26031136052709,26.319794220034346,0.0,0.0,0.0
303.4931556398201,-25.12540663143114,26.303567911303805,0.0,0.0,0.0
303.63101242287064,-24.990308053264222,26.287258703643456,0.0,0.0,0.0
303.7684904744421,-24.85501685825198,26.270866878563627,0.0,0.0,0.0
303.9055920180062,-24.719534270092662,26.254392718915796,0.0,0.0,0.0
304.0423192707894,-24.583861504016284,26.237836508887348,0.0,0.0,0.0
304.1786744437207,-24.44799976684356,26.22119853399635,0.0,0.0,0.0
304.314659741382,-24.3119502570449,26.20447908108629,0.0,0.0,0.0
304.4502773619603,-24.175714164799366,26.18767843832074,0.0,0.0,0.0
304.58552949720246,-24.03929267205346,26.17079689517808,0.0,0.0,0.0
304.72041833237233,-23.902686952579906,26.153834742446065,0.0,0.0,0.0
304.8549460462094,-23.76589817203634,26.1367922722165,0.0,0.0,0.0
304.9891148108903,-23.62892748802392,26.119669777879785,0.0,0.0,0.0
305.1229267919921,-23.49177605014578,26.10246755411943,0.0,0.0,0.0
305.2563841484573,-23.354445000065482,26.085185896906616,0.0,0.0,0.0
305.3894890325617,-23.216935471565268,26.06782510349465,0.0,0.0,0.0
305.52224358988315,-23.079248590604255,26.050385472413403,0.0,0.0,0.0
305.65464995927323,-22.941385475376464,26.032867303463757,0.0,0.0,0.0
305.78671027282996,-22.803347236368783,26.01527089771196,0.0,0.0,0.0
305.9184266558732,-22.66513497641872,25.997596557483956,0.0,0.0,0.0
306.04980122692115,-22.52674979077211,25.97984458635978,0.0,0.0,0.0
306.18083609766893,-22.38819276714062,25.962015289167745,0.0,0.0,0.0
306.3115333729689,-22.249464985759072,25.94410897197877,0.0,0.0,0.0
306.44189515081297,-22.110567519442746,25.92612594210056,0.0,0.0,0.0
306.57192352231584,-21.971501433644395,25.90806650807178,0.0,0.0,0.0
306.70162057170074,-21.832267786511167,25.889930979656235,0.0,0.0,0.0
306.83098837628603,-21.692867628941332,25.87171966783698,0.0,0.0,0.0
306.9600290064741,-21.553302004640873,25.853432884810374,0.0,0.0,0.0
307.0887445257411,-21.413571950179858,25.835070943980163,0.0,0.0,0.0
307.21713699062866,-21.27367849504873,25.81663415995148,0.0,0.0,0.0
307.3452084507371,-21.133622661714277,25.798122848524805,0.0,0.0,0.0
307.4729609487196,-20.99340546567554,25.77953732668993,0.0,0.0,0.0
307.6003965202784,-20.853027915519487,25.76087791261986,0.0,0.0,0.0
307.72751719416215,-20.71249101297648,25.742144925664697,0.0,0.0,0.0
307.8543249921642,-20.57179575297559,25.723338686345453,0.0,0.0,0.0
307.9808219291231,-20.430943123699702,25.70445951634787,0.0,0.0,0.0
308.1070100129237,-20.289934106640395,25.685507738516193,0.0,0.0,0.0
308.23289124449957,-20.14876967665266,25.66648367684687,0.0,0.0,0.0
308.3584676178372,-20.00745080200939,25.647387656482277,0.0,0.0,0.0
308.48374111998083,-19.865978444455695,25.62822000370435,0.0,0.0,0.0
308.6087137310386,-19.724353559262948,25.608981045928243,0.0,0.0,0.0
308.73338742419037,-19.58257709528272,25.589671111695864,0.0,0.0,0.0
308.85776416569587,-19.440649995000364,25.570290530669457,0.0,0.0,0.0
308.9818459149047,-19.298573194588528,25.550839633625106,0.0,0.0,0.0
309.1056346242669,-19.156347623960382,25.531318752446197,0.0,0.0,0.0
309.229132239345,-19.01397420682261,25.51172822011686,0.0,0.0,0.0
309.3523406988268,-18.8714538607282,25.492068370715383,0.0,0.0,0.0
309.4752619345395,-18.728787497129073,25.47233953940755,0.0,0.0,0.0
309.5978978714641,-18.585976021428387,25.45254206243996,0.0,0.0,0.0
309.72025042775226,-18.443020333032685,25.432676277133336,0.0,0.0,0.0
309.8423215147423,-18.299921325403822,25.41274252187576,0.0,0.0,0.0
309.9641130369774,-18.156679886110584,25.392741136115884,0.0,0.0,0.0
310.0856268922244,-18.01329689688024,25.372672460356092,0.0,0.0,0.0
310.20686497149325,-17.869773233649667,25.352536836145646,0.0,0.0,0.0
310.32782915905767,-17.726109766616414,25.332334606073747,0.0,0.0,0.0
310.4485213324764,-17.58230736028944,25.312066113762643,0.0,0.0,0.0
310.5689433626154,-17.438366873539675,25.291731703860588,0.0,0.0,0.0
310.6890971136711,-17.294289159650297,25.27133172203486,0.0,0.0,0.0
310.808984443194,-17.150075066366828,25.250866514964645,0.0,0.0,0.0
310.92860720211314,-17.00572543594697,25.230336430334027,0.0,0.0,0.0
311.04796723476187,-16.86124110521021,25.20974181682473,0.0,0.0,0.0
311.1670663789037,-16.7166229055872,25.189083024109017,0.0,0.0,0.0
311.2859064657591,-16.571871663168935,25.168360402842442,0.0,0.0,0.0
311.40448932003335,-16.426988198755595,25.14757430465659,0.0,0.0,0.0
311.52281675994436,-16.281973327905273,25.12672508215177,0.0,0.0,0.0
