galstreams/tracks/track.st.Gaia-9.ibata2021.ecsv
# %ECSV 1.0
# ---
# datatype:
# - {name: ra, unit: deg, datatype: float64}
# - {name: dec, unit: deg, datatype: float64}
# - {name: distance, unit: kpc, datatype: float64}
# - {name: pm_ra_cosdec, unit: mas / yr, datatype: float64}
# - {name: pm_dec, unit: mas / yr, datatype: float64}
# - {name: radial_velocity, unit: km / s, datatype: float64}
# delimiter: ','
# meta: !!omap
# - __serialized_columns__:
#     dec:
#       __class__: astropy.coordinates.angles.Latitude
#       unit: &id001 !astropy.units.Unit {unit: deg}
#       value: !astropy.table.SerializedColumn {name: dec}
#     distance:
#       __class__: astropy.coordinates.distances.Distance
#       unit: !astropy.units.Unit {unit: kpc}
#       value: !astropy.table.SerializedColumn {name: distance}
#     pm_dec:
#       __class__: astropy.units.quantity.Quantity
#       unit: !astropy.units.Unit {unit: mas / yr}
#       value: !astropy.table.SerializedColumn {name: pm_dec}
#     pm_ra_cosdec:
#       __class__: astropy.units.quantity.Quantity
#       unit: !astropy.units.Unit {unit: mas / yr}
#       value: !astropy.table.SerializedColumn {name: pm_ra_cosdec}
#     ra:
#       __class__: astropy.coordinates.angles.Longitude
#       unit: *id001
#       value: !astropy.table.SerializedColumn {name: ra}
#       wrap_angle: !astropy.coordinates.Angle
#         unit: *id001
#         value: 360.0
#     radial_velocity:
#       __class__: astropy.units.quantity.Quantity
#       unit: !astropy.units.Unit {unit: km / s}
#       value: !astropy.table.SerializedColumn {name: radial_velocity}
# schema: astropy-2.0
ra,dec,distance,pm_ra_cosdec,pm_dec,radial_velocity
[from data line 1853]
242.81804888134278,54.84396875569882,4.769642391610321,-9.394621499765798,6.16068761039235,-263.545081817918
242.82370148634175,54.8342794232217,4.770961240804828,-9.392340087137823,6.15843999498505,-263.79470419150493
242.82934681490698,54.824588593272146,4.772281810476184,-9.390062494136679,6.156192002276319,-264.0449159962777
242.8349848669099,54.81489626534172,4.77360410204011,-9.387788723191106,6.153943635152317,-264.29571791673607
242.84061564222205,54.80520243892161,4.774928116912329,-9.385518776729537,6.151694896498043,-264.5471106373792
242.84623914071503,54.7955071135025,4.776253856508562,-9.383252657180119,6.149445789197284,-264.79909484270627
242.85185536226095,54.78581028857466,4.777581322244535,-9.380990366970643,6.147196316132673,-265.0516712172171
242.85746430673188,54.77611196362786,4.778910515535965,-9.378731908528637,6.14494648018566,-265.3048404454107
242.86306597400028,54.76641213815148,4.780241437798578,-9.37647728428131,6.142696284236495,-265.55860321178693
242.8686603639386,54.75671081163442,4.781574090448096,-9.374226496655591,6.140445731164226,-265.81296020084454
242.8742474764197,54.74700798356509,4.782908474900238,-9.371979548078103,6.138194823846733,-266.0679120970834
242.87982731131646,54.73730365343151,4.784244592570731,-9.369736440975174,6.135943565160677,-266.32345958500275
242.88539986850208,54.727597820721186,4.785582444875294,-9.367497177772869,6.133691957981535,-266.57960334910194
242.8909651478498,54.717890484921185,4.78692203322965,-9.365261760896935,6.131440005183563,-266.8363440738802
242.8965231492334,54.70818164551814,4.788263359049521,-9.363030192772845,6.129187709639856,-267.0936824438373
242.90207387252644,54.698471301998175,4.78960642375063,-9.360802475825805,6.126935074222258,-267.35161914347225
242.90761731760298,54.688759453847,4.790951228748701,-9.35857861248071,6.124682101801428,-267.6101548572846
242.91315348433713,54.67904610054982,4.792297775459451,-9.356358605162228,6.122428795246801,-267.86929026977396
242.91868237260323,54.669331241591394,4.793646065298606,-9.354142456294714,6.1201751574266074,-268.12902606543923
242.9242039822759,54.65961487645603,4.79499609968189,-9.351930168302253,6.117921191207863,-268.3893629287802
242.92971831322978,54.64989700462753,4.79634788002502,-9.349721743608702,6.11566689945635,-268.650301544296
242.93522536533996,54.64017762558928,4.797701407743723,-9.347517184637587,6.113412285036661,-268.9118425964861
242.94072513848138,54.63045673882415,4.79905668425372,-9.34531649381225,6.11115735081211,-269.1739867698499
242.94621763252962,54.62073434381456,4.800413710970729,-9.343119673555696,6.108902099644855,-269.4367347488868
242.95170284736008,54.611010440042456,4.801772489310479,-9.340926726290721,6.106646534395777,-269.7000872180963
242.9571807828485,54.60128502698931,4.803133020688689,-9.338737654439857,6.104390657924526,-269.9640448619775
242.96265143887078,54.59155810413612,4.804495306521082,-9.33655246042538,6.102134473089531,-270.22860836502986
242.9681148153031,54.5818296709634,4.805859348223379,-9.334371146669312,6.099877982748004,-270.493778411753
242.97357091202178,54.5720997269512,4.807225147211303,-9.33219371559343,6.097621189755874,-270.759555686646
242.9790197289034,54.56236827157909,4.808592704900575,-9.33002016961926,6.095364096967879,-271.0259408742087
242.98446126582456,54.55263530432615,4.8099620227069195,-9.327850511168112,6.0931067072374585,-271.29293465894
242.98989552266224,54.542900824670994,4.811333102046058,-9.32568474266102,6.09084902341686,-271.56053772533943
242.99532249929348,54.53316483209175,4.812705944333712,-9.323522866518822,6.088591048357032,-271.82875075790633
243.00074219559565,54.52342732606605,4.814080550985604,-9.321364885162078,6.0863327849077145,-272.0975744411403
243.00615461144616,54.51368830607106,4.815456923417458,-9.319210801011153,6.0840742359173685,-272.36700945954055
243.0115597467228,54.503947771583455,4.8168350630449925,-9.31706061648616,6.081815404233221,-272.63705649760647
243.01695760130346,54.494205722079414,4.818214971283934,-9.31491433400698,6.079556292701213,-272.90771623983744
243.02234817506604,54.484462157034635,4.819596649550003,-9.312771955993322,6.077296904166029,-273.1789893707328
243.02773146788903,54.47471707592432,4.820980099258919,-9.3106334848646,6.075037241471122,-273.45087657479206
243.03310747965074,54.464970478223215,4.822365321826409,-9.308498923040053,6.072777307458642,-273.7233785365146
243.0384762102299,54.455222363405525,4.823752318668191,-9.3063682729387,6.070517104969488,-273.99649594039977
243.04383765950536,54.44547273094499,4.825141091199991,-9.304241536979342,6.068256636843289,-274.27022947094696
243.04919182735608,54.43572158031487,4.826531640837529,-9.302118717580566,6.065995905918389,-274.5445798126554
243.05453871366137,54.42596891098788,4.827923968996528,-9.299999817160762,6.063734915031867,-274.8195476500248
243.05987831830066,54.4162147224363,4.829318077092709,-9.297884838138092,6.06147366701953,-275.09513366755425
243.06521064115356,54.40645901413187,4.830713966541795,-9.295773782930535,6.05921216471589,-275.3713385497432
243.07053568209983,54.396701785545844,4.83211163875951,-9.293666653955865,6.056950410954178,-275.6481629810911
243.0758534410195,54.386943036148985,4.833511095161575,-9.291563453631657,6.054688408566346,-275.9256076460974
243.0811639177928,54.37718276541153,4.834912337163712,-9.28946418437527,6.05242616038307,-276.2036732292614
243.08646711230003,54.36742097280327,4.836315366181642,-9.287368848603926,6.050163669233708,-276.48236041508216
243.09176302442185,54.35765765779341,4.837720183631088,-9.285277448734588,6.04790093794634,-276.7616698880598
243.09705165403895,54.34789281985071,4.839126790927774,-9.283189987184077,6.0456379693477516,-277.04160233269306
243.10233300103232,54.33812645844342,4.8405351894874205,-9.281106466369014,6.04337476626344,-277.32215843348166
243.10760706528313,54.328358573039274,4.841945380725751,-9.279026888705827,6.041111331517595,-277.60333887492493
243.11287384667258,54.31858916310548,4.843357366058488,-9.276951256610799,6.038847667933075,-277.885144341522
243.1181333450823,54.308818228108755,4.844771146901351,-9.2748795725,6.036583778331477,-278.1675755177725
243.12338556039407,54.299045767515324,4.846186724670065,-9.272811838789316,6.0343196655330935,-278.45063308817583
243.12863049248963,54.28927178079087,4.847604100780351,-9.270748057894508,6.032055332356871,-278.73431773723127
243.13386814125116,54.27949626740056,4.849023276647932,-9.268688232231128,6.029790781620463,-279.01863014943837
243.13909850656088,54.26971922680909,4.85044425368853,-9.266632364214576,6.027526016140215,-279.30357100929626
243.1443215883013,54.25994065848058,4.851867033317866,-9.26458045626008,6.025261038731141,-279.58914100130437
243.149537386355,54.25016056187868,4.853291616951664,-9.262532510782727,6.022995852206959,-279.8753408099624
243.15474590060495,54.24037893646652,4.854718006005645,-9.260488530197394,6.020730459380042,-280.16217111976937
243.15994713093403,54.23059578170669,4.856146201895532,-9.258448516918861,6.018464863061448,-280.4496326152248
243.16514107722548,54.220811097061265,4.857576206037047,-9.256412473361722,6.016199066060912,-280.737725980828
243.17032773936282,54.21102488199182,4.859008019845913,-9.254380401940402,6.013933071186859,-281.0264519010786
243.17550711722944,54.20123713595937,4.860441644737851,-9.252352305069227,6.01166688124633,-281.3158110604757
243.18067921070926,54.191447858424446,4.8618770821285855,-9.250328185162324,6.009400499045091,-281.6058041435188
243.1858440196861,54.18165704884703,4.863314333433834,-9.248308044633726,6.007133927387535,-281.8964318347073
243.1910015440442,54.1718647066866,4.864753400069325,-9.24629188589726,6.0048671690767375,-282.18769481854054
243.19615178366786,54.162070831402076,4.866194283450776,-9.244279711366676,6.002600226914433,-282.47959377951815
243.20129473844156,54.15227542245189,4.8676369849939105,-9.242271523455559,6.000333103700996,-282.7721294021388
243.20643040825007,54.14247847929389,4.869081506114452,-9.240267324577335,5.998065802235479,-283.06530237090277
243.21155879297817,54.132680001385474,4.870527848228122,-9.238267117145352,5.995798325315574,-283.3591133703088
243.21667989251102,54.122879988183406,4.871976012750643,-9.23627090357278,5.993530675737628,-283.65356308485696
243.22179370673373,54.11307843914402,4.873426001097736,-9.23427868627272,5.99126285629663,-283.9486521990457
243.22690023553182,54.10327535372305,4.8748778146851235,-9.232290467658082,5.988994869786225,-284.24438139737504
243.2319994787909,54.09347073137572,4.876331454928529,-9.230306250141686,5.986726718998695,-284.5407513643444
243.23709143639675,54.08366457155671,4.877786923243674,-9.228326036136242,5.984458406724965,-284.83776278445265
243.24217610823533,54.07385687372017,4.879244221046282,-9.226349828054321,5.982189935754603,-285.1354163421998
243.2472534941928,54.064047637319696,4.880703349752073,-9.22437762830841,5.979921308875805,-285.4337127220848
243.25232359415548,54.05423686180836,4.882164310776771,-9.222409439310853,5.977652528875408,-285.73265260860734
243.25738640800992,54.0444245466387,4.883627105536098,-9.2204452634739,5.975383598538883,-286.03223668626634
243.26244193564284,54.034610691262706,4.8850917354457755,-9.218485103209687,5.973114520650329,-286.3324656395617
243.2674901769411,54.024795295131824,4.886558201921527,-9.216528960930255,5.970845297992467,-286.6333401529925
243.2725311317918,54.01497835769693,4.888026506379071,-9.214576839047538,5.96857593334666,-286.9348609110582
243.27756480008208,54.0051598784084,4.889496650234135,-9.212628739973386,5.966306429492862,-287.23702859825823
243.28259118169947,53.995339856716036,4.890968634902439,-9.210684666119521,5.964036789209682,-287.53984389909203
243.28761027653152,53.9855182920691,4.892442461799706,-9.208744619897594,5.961767015274324,-287.8433074980589
243.292622084466,53.975695183916315,4.893918132341655,-9.206808603719178,5.95949711046263,-288.147420079658
243.29762660539092,53.965870531705825,4.895395647944012,-9.204876619995707,5.957227077549034,-288.4521823283891
243.30262383919444,53.95604433488526,4.896875010022498,-9.202948671138564,5.954956919306606,-288.75759492875153
243.30761378576477,53.94621659290168,4.898356219992835,-9.201024759559068,5.952686638506985,-289.06365856524445
243.3125964449905,53.936387305201585,4.899839279270745,-9.199104887668415,5.950416237920468,-289.3703739223674
243.31757181676025,53.92655647123094,4.901324189271953,-9.197189057877747,5.948145720315903,-289.67774168461966
243.3225399009629,53.91672409043513,4.902810951412176,-9.195277272598114,5.9458750884608005,-289.98576253650054
243.32750069748758,53.906890162259,4.90429956710714,-9.19336953424049,5.943604345121228,-290.2944371625098
243.3324542062233,53.89705468614685,4.905790037772568,-9.191465845215806,5.941333493061859,-290.60376624714655
243.33740042705958,53.88721766154241,4.907282364824178,-9.1895662079349,5.939062535045971,-290.91375047491016
243.34233935988595,53.87737908788883,4.908776549677698,-9.18767062480853,5.93679147383543,-291.22439053030007
243.3472710045921,53.86753896462873,4.910272593748845,-9.185779098247439,5.934520312190697,-291.5356870978155
243.35219536106806,53.85769729120414,4.911770498453345,-9.183891630662242,5.9322490528708265,-291.84764086195634
243.3571124292038,53.84785406705655,4.913270265206918,-9.18200822446355,5.929977698633438,-292.1602525072214
243.3620222088896,53.83800929162689,4.914771895425287,-9.180128882061897,5.927706252234763,-292.47352271811036
243.36692470001594,53.8281629643555,4.9162753905241745,-9.178253605867761,5.925434716429603,-292.78745217912245
243.37181990247345,53.81831508468216,4.9177807519193015,-9.176382398291555,5.923163093971338,-293.1020415747572
243.37670781615284,53.808465652046095,4.919287981026392,-9.174515261743688,5.920891387611931,-293.417291589514
243.38158844094514,53.79861466588597,4.920797079261169,-9.172652198634458,5.9186196001019145,-293.733202907892
243.38646177674144,53.78876212563984,4.922308048039352,-9.170793211374178,5.916347734190412,-294.0497762143909
243.39132782343304,53.77890803074524,4.923820888776664,-9.168938302373082,5.914075792625084,-294.3670121935098
243.3961865809115,53.76905238063909,4.925335602888828,-9.167087474041374,5.9118037781521995,-294.68491152974843
243.40103804906838,53.75919517475776,4.926852191791567,-9.165240728789225,5.909531693516573,-295.00347490760583
243.40588222779553,53.74933641253704,4.928370656900602,-9.16339806902678,5.907259541461582,-295.32270301158167
243.41071911698498,53.73947609341215,4.9298909996316524,-9.16155949716413,5.904987324729176,-295.6425965261749
243.41554871652892,53.729614216817744,4.931413221400448,-9.159725015611333,5.902715046059871,-295.96315613588547
243.4203710263196,53.719750782187845,4.9329373236227045,-9.157894626778463,5.900442708192715,-296.28438252521227
243.42518604624965,53.70988578895598,4.934463307714146,-9.156068333075522,5.898170313865346,-296.6062763786551
243.4299937762117,53.70001923655502,4.9359911750904955,-9.154246136912514,5.895897865813925,-296.9288383807131
243.43479421609854,53.690151124417326,4.937520927167475,-9.152428040699423,5.893625366773183,-297.2520692158856
243.43958736580322,53.6802814519746,4.939052565360807,-9.150614046846213,5.891352819476392,-297.57596956867206
243.44437322521898,53.67041021865803,4.940586091086211,-9.148804157762822,5.889080226655383,-297.9005401235718
243.4491517942392,53.66053742389817,4.942121505759416,-9.14699837585917,5.886807591040524,-298.2257815650846
243.4539230727574,53.65066306712502,4.943658810796137,-9.1451967035452,5.884534915360733,-298.55169457770927
243.45868706066722,53.64078714776799,4.945198007612097,-9.143399143230827,5.882262202343452,-298.8782798459456
243.4634437578626,53.6309096652559,4.9467390976230226,-9.141605697325954,5.879989454714683,-299.2055380542929
243.46819316423745,53.62103061901698,4.948282082244636,-9.139816368240508,5.877716675198939,-299.5334698872502
243.47293527968617,53.61115000847884,4.949826962892654,-9.13803115838437,5.875443866519304,-299.86207602931745
243.47767010410297,53.60126783306857,4.9513737409828025,-9.136250070167472,5.873171031397358,-300.1913571649935
243.48239763738255,53.5913840922126,4.952922417930805,-9.134473105999703,5.870898172553242,-300.52131397877827
243.48711787941946,53.58149878533681,4.954472995152381,-9.132700268291018,5.86862529270559,-300.85194715517076
243.49183083010863,53.57161191186648,4.956025474063253,-9.13093155945133,5.8663523945716,-301.18325737867036
243.49653648934515,53.56172347122627,4.957579856079145,-9.129166981890576,5.864079480866975,-301.5152453337767
243.50123485702417,53.55183346284025,4.959136142615779,-9.127406538018718,5.861806554305934,-301.8479117049891
243.5059259330411,53.541941886131944,4.960694335088877,-9.125650230245729,5.859533617601222,-302.1812571768067
243.51060971729143,53.53204874052421,4.962254434914159,-9.123898060981624,5.8572606734641015,-302.51528243372906
243.51528620967088,53.52215402543935,4.96381644350735,-9.122150032636391,5.854987724604355,-302.84998816025546
243.51995541007534,53.51225774029903,4.96538036228417,-9.120406147620074,5.852714773730276,-303.18537504088533
243.52461731840089,53.50235988452436,4.966946192660345,-9.11866640834273,5.850441823548673,-303.5214437601184
243.5292719345436,53.49246045753583,4.968513936051594,-9.116930817214467,5.848168876764843,-303.85819500245367
243.53391925839992,53.48255945875329,4.970083593873641,-9.115199376645403,5.845895936082613,-304.19562945239056
243.53855928986633,53.472656887596045,4.971655167542204,-9.113472089045707,5.843623004204304,-304.5337477944284
243.54319202883957,53.46275274348275,4.973228658473012,-9.111748956825554,5.841350083830743,-304.87255071306686
243.54781747521645,53.452847025831495,4.974804068081783,-9.11002998239518,5.839077177661271,-305.21203889280514
