galstreams/tracks/track.st.Gaia-7.ibata2021.ecsv
# %ECSV 1.0
# ---
# datatype:
# - {name: ra, unit: deg, datatype: float64}
# - {name: dec, unit: deg, datatype: float64}
# - {name: distance, unit: kpc, datatype: float64}
# - {name: pm_ra_cosdec, unit: mas / yr, datatype: float64}
# - {name: pm_dec, unit: mas / yr, datatype: float64}
# - {name: radial_velocity, unit: km / s, datatype: float64}
# delimiter: ','
# meta: !!omap
# - __serialized_columns__:
#     dec:
#       __class__: astropy.coordinates.angles.Latitude
#       unit: &id001 !astropy.units.Unit {unit: deg}
#       value: !astropy.table.SerializedColumn {name: dec}
#     distance:
#       __class__: astropy.coordinates.distances.Distance
#       unit: !astropy.units.Unit {unit: kpc}
#       value: !astropy.table.SerializedColumn {name: distance}
#     pm_dec:
#       __class__: astropy.units.quantity.Quantity
#       unit: !astropy.units.Unit {unit: mas / yr}
#       value: !astropy.table.SerializedColumn {name: pm_dec}
#     pm_ra_cosdec:
#       __class__: astropy.units.quantity.Quantity
#       unit: !astropy.units.Unit {unit: mas / yr}
#       value: !astropy.table.SerializedColumn {name: pm_ra_cosdec}
#     ra:
#       __class__: astropy.coordinates.angles.Longitude
#       unit: *id001
#       value: !astropy.table.SerializedColumn {name: ra}
#       wrap_angle: !astropy.coordinates.Angle
#         unit: *id001
#         value: 360.0
#     radial_velocity:
#       __class__: astropy.units.quantity.Quantity
#       unit: !astropy.units.Unit {unit: km / s}
#       value: !astropy.table.SerializedColumn {name: radial_velocity}
# schema: astropy-2.0
ra,dec,distance,pm_ra_cosdec,pm_dec,radial_velocity
[from data line 543]
178.33901123618628,-12.72120458747313,4.6831912722536995,-9.910816255618764,-0.6383983156339704,-5.526128428978722e-14
178.34517502039722,-12.729205347220924,4.683660026107337,-9.911155295487724,-0.6370279923515769,-2.8946387008936165e-14
178.3513391398235,-12.73720600387736,4.684129324247994,-9.911496102195658,-0.6356574587109918,6.8418732930212744e-15
178.3575035959058,-12.745206556482737,4.684599164848366,-9.911838671535849,-0.6342867233244313,-5.420868839855318e-14
178.3636683900848,-12.753207004077233,4.685069546081141,-9.912182999300853,-0.632915794804019,-1.6841534259744676e-14
178.3698335238014,-12.761207345700907,4.685540466119012,-9.912529081282461,-0.6315446817617718,-4.47353253774468e-14
178.37599899849653,-12.769207580393685,4.686011923134671,-9.91287691327171,-0.630173392809603,2.1051917824680846e-14
178.38216481561128,-12.77720770719537,4.686483915300808,-9.913226491058897,-0.6288019365593366,-3.4209366465106376e-14
178.3883309765868,-12.785207725145636,4.686956440790118,-9.913577810433539,-0.6274303216226699,-1.842042809659574e-14
178.39449748286435,-12.793207633284037,4.687429497775286,-9.91393086718442,-0.6260585566112177,7.368171238638296e-15
178.40066433588538,-12.801207430649987,4.687903084429009,-9.914285657099553,-0.6246866501364795,-2.2104513715914887e-14
178.40683153709134,-12.809207116282781,4.688377198923978,-9.91464217596619,-0.6233146108098532,-6.8418732930212744e-15
178.41299908792388,-12.81720668922159,4.688851839432881,-9.915000419570829,-0.6219424472426305,-4.631421921429786e-14
178.41916698982467,-12.825206148505448,4.6893270041284145,-9.9153603836992,-0.6205701680459953,-1.894672604221276e-14
178.42533524423558,-12.833205493173274,4.6898026911832655,-9.915722064136276,-0.6191977818310291,-4.5261623323063815e-14
178.4315038525985,-12.841204722263841,4.690278898770129,-9.916085456666261,-0.6178252972087005,-5.631388018102126e-14
178.4376728163555,-12.849203834815818,4.690755625061692,-9.916450557072597,-0.6164527227898728,-2.8420089063319142e-14
178.4438421369487,-12.857202829867719,4.69123286823065,-9.916817361137952,-0.6150800671853013,-1.5788938368510635e-14
178.4500118158204,-12.86520170645794,4.6917106264496935,-9.917185864644233,-0.613707339005631,-6.315575347404254e-14
178.45618185441293,-12.87320046362476,4.692188897891515,-9.917556063372572,-0.6123345468613981,-4.894570894238297e-14
178.46235225416882,-12.881199100406317,4.692667680728802,-9.91792795310334,-0.6109616993630282,-4.4209027431829774e-14
178.46852301653058,-12.88919761584062,4.69314697313425,-9.918301529616127,-0.6095888051208335,-3.684085619319148e-15
178.474694142941,-12.897196008965551,4.693626773280549,-9.918676788689742,-0.6082158727450185,-1.5788938368510635e-14
178.48086563484284,-12.905194278818863,4.694107079340392,-9.919053726102243,-0.6068429108456774,-6.052426374595744e-14
178.487037493679,-12.913192424438181,4.694587889486466,-9.919432337630893,-0.605469928032782,1.5262640422893612e-14
178.4932097208925,-12.921190444860985,4.695069201891469,-9.91981261905218,-0.6040969329161997,-6.8418732930212744e-15
178.4993823179266,-12.929188339124694,4.695551014728087,-9.920194566141818,-0.6027239341056843,-5.157719867046807e-14
178.5055552862244,-12.93718610626645,4.696033326169015,-9.920578174674748,-0.6013509402108679,-6.315575347404254e-14
178.51172862722927,-12.945183745323389,4.696516134386944,-9.920963440425115,-0.5999779598412689,-6.315575347404253e-15
178.51790234238476,-12.953181255332494,4.696999437554562,-9.921350359166302,-0.5986050016063013,-4.8419410996765944e-14
178.5240764331344,-12.961178635330596,4.697483233844565,-9.921738926670885,-0.5972320741152465,-4.5261623323063815e-14
178.53025090092186,-12.969175884354408,4.69796752142964,-9.922129138710677,-0.595859185977282,-8.420767129872338e-15
178.536425747191,-12.977173001440502,4.698452298482485,-9.922520991056679,-0.5944863458014574,-1.2104852749191486e-14
178.54260097338567,-12.985169985625328,4.698937563175785,-9.922914479479138,-0.5931135621967113,6.8418732930212744e-15
178.54877658094995,-12.9931668359452,4.699423313682235,-9.923309599747492,-0.5917408437718664,-4.631421921429786e-14
178.55495257132793,-13.001163551436301,4.699909548174523,-9.923706347630398,-0.5903681991356138,-3.684085619319148e-14
178.56112894596384,-13.009160131134667,4.700396264825345,-9.924104718895707,-0.5889956368965381,-1.7894130150978717e-14
178.5673057063021,-13.017156574076239,4.700883461807391,-9.924504709310499,-0.5876231656630949,-5.3682390452936155e-14
178.5734828537871,-13.02515287929678,4.701371137293353,-9.924906314641042,-0.586250794043619,-7.894469184255318e-15
178.5796603898635,-13.033149045831955,4.7018592894559195,-9.925309530652822,-0.5848785306463279,4.210383564936169e-15
178.58583831597593,-13.04114507271728,4.702347916467785,-9.925714353110525,-0.583506384079316,2.368340755276595e-14
178.59201663356924,-13.049140958988144,4.702837016501638,-9.92612077777804,-0.5821343629505524,-5.2629794561702115e-15
178.59819534408828,-13.057136703679793,4.7033265877301735,-9.926528800418454,-0.5807624758678808,2.6841195226468077e-14
178.60437444897815,-13.065132305827348,4.7038166283260825,-9.926938416794059,-0.5793907314390282,-3.526196235634042e-14
178.61055394968392,-13.0731277644658,4.704307136462055,-9.927349622666345,-0.5780191382715878,2.1051917824680845e-15
178.6167338476509,-13.081123078629998,4.70479811031078,-9.927762413796003,-0.5766477049730367,-5.3682390452936155e-14
178.6229141443244,-13.089118247354664,4.705289548044955,-9.92817678594291,-0.5752764401507178,-2.1578215770297867e-14
178.6290948411499,-13.097113269674372,4.705781447837266,-9.928592734866147,-0.5739053524118499,2.1051917824680845e-15
178.63527593957306,-13.105108144623575,4.70627380786041,-9.929010256323982,-0.5725344503635299,-2.947268495455318e-14
178.6414574410395,-13.113102871236594,4.706766626287074,-9.92942934607389,-0.5711637426127177,-2.0525619879063826e-14
178.64763934699508,-13.121097448547598,4.70725990128995,-9.929849999872525,-0.5697932377662555,-2.6314897280851057e-14
178.65382165888568,-13.129091875590637,4.707753631041731,-9.930272213475725,-0.568422944430845,2.315710960714893e-14
178.6600043781574,-13.137086151399618,4.708247813715108,-9.930695982638532,-0.5670528712130689,-3.947234592127659e-14
178.66618750625634,-13.145080275008322,4.708742447482772,-9.931121303115166,-0.5656830267193711,-3.841975003004254e-14
178.6723710446288,-13.153074245450375,4.709237530517416,-9.931548170659038,-0.5643134195560712,-6.105056169157445e-14
178.67855499472114,-13.16106806175929,4.709733060991728,-9.931976581022747,-0.5629440583293529,-5.157719867046807e-14
178.68473935797985,-13.169061722968427,4.7102290370784035,-9.932406529958064,-0.5615749516452716,1.1578554803574466e-14
178.69092413585156,-13.17705522811102,4.710725456950131,-9.932838013215948,-0.5602061081097459,-3.105157879140425e-14
178.69710932978296,-13.185048576220154,4.711222318779605,-9.933271026546535,-0.5588375363285627,2.2630811661531907e-14
178.70329494122092,-13.193041766328795,4.711719620739514,-9.933705565699158,-0.5574692449073784,2.789379111770212e-14
178.70948097161238,-13.20103479746976,4.71221736100255,-9.934141626422308,-0.5561012424517121,-1.2631150694808506e-14
178.71566742240435,-13.20902766867573,4.712715537741407,-9.934579204463665,-0.5547335375669435,1.842042809659574e-14
178.7218542950441,-13.217020378979251,4.713214149128773,-9.935018295570078,-0.5533661388583272,-4.210383564936169e-14
178.72804159097882,-13.225012927412735,4.713713193337343,-9.93545889548757,-0.5519990549309698,-2.6314897280851058e-15
178.73422931165598,-13.233005313008443,4.714212668539807,-9.935900999961348,-0.5506322943898472,-3.947234592127659e-14
178.74041745852307,-13.24099753479852,4.714712572908855,-9.93634460473578,-0.5492658658397996,-1.842042809659574e-14
178.74660603302775,-13.248989591814956,4.71521290461718,-9.936789705554409,-0.5478997778855255,-4.052494181251063e-14
178.7527950366177,-13.2569814830896,4.715713661837473,-9.937236298159947,-0.546534039131582,2.1578215770297867e-14
178.7589844707409,-13.264973207654185,4.716214842742424,-9.93768437829428,-0.5451686581823948,-2.8420089063319142e-14
178.76517433684523,-13.272964764540276,4.716716445504729,-9.938133941698437,-0.5438036436422425,-4.3682729486212757e-14
178.77136463637885,-13.280956152779325,4.717218468297074,-9.938584984112648,-0.5424390041152645,-3.4209366465106376e-14
178.7775553707899,-13.288947371402624,4.7177209092921535,-9.939037501276283,-0.5410747482054622,-4.578792126868084e-14
178.78374654152674,-13.29693841944134,4.7182237666626605,-9.939491488927876,-0.5397108845166889,2.2630811661531907e-14
178.7899381500378,-13.3049292959265,4.718727038581283,-9.939946942805134,-0.5383474216526642,3.105157879140425e-14
178.79613019777167,-13.31291999988897,4.719230723220717,-9.940403858644913,-0.5369843682169569,-1.3157448640425528e-14
178.802322686177,-13.320910530359518,4.719734818753648,-9.940862232183239,-0.5356217328129952,-4.8419410996765944e-14
178.80851561670255,-13.328900886368734,4.720239323352771,-9.941322059155286,-0.5342595240440629,-4.578792126868084e-14
178.81470899079724,-13.336891066947075,4.720744235190778,-9.941783335295382,-0.5328977505132948,-5.2629794561702114e-14
178.82090280991008,-13.344881071124876,4.721249552440358,-9.942246056337025,-0.531536420823689,-1.3683746586042549e-14
178.82709707549023,-13.35287089793232,4.721755273274203,-9.94271021801285,-0.5301755435780897,-6.631354114774466e-14
178.8332917889869,-13.360860546399435,4.722261395865008,-9.943175816054657,-0.5288151273791949,-4.578792126868084e-14
178.83948695184952,-13.368850015556173,4.722767918385462,-9.943642846193386,-0.5274551808295603,-4.210383564936169e-14
178.84568256552748,-13.37683930443221,4.723274839008256,-9.944111304159133,-0.5260957125315844,-5.947166785472339e-14
178.8518786314704,-13.3848284120572,4.723782155906082,-9.944581185681146,-0.5247367310875274,-4.9472006887999985e-14
178.85807515112808,-13.39281733746062,4.724289867251632,-9.945052486487812,-0.523378245099492,-4.894570894238297e-14
178.86427212595024,-13.400806079671812,4.724797971217595,-9.945525202306673,-0.5220202631694354,-1.6315236314127656e-14
178.87046955738688,-13.408794637719959,4.725306465976665,-9.945999328864401,-0.5206627938991616,2.6314897280851057e-14
178.8766674468881,-13.416783010634106,4.725815349701535,-9.946474861886824,-0.5193058458903266,-6.157685963719147e-14
178.88286579590402,-13.42477119744318,4.726324620564893,-9.946951797098912,-0.5179494277444292,9.47336302110638e-15
178.88906460588495,-13.43275919717593,4.726834276739432,-9.947430130224765,-0.5165935480628203,7.368171238638296e-15
178.89526387828136,-13.440747008860981,4.7273443163978435,-9.947909856987629,-0.5152382154466971,-2.0525619879063826e-14
178.90146361454373,-13.448734631526817,4.727854737712818,-9.948390973109888,-0.5138834384971022,5.262979456170211e-16
178.90766381612272,-13.456722064201768,4.728365538857048,-9.948873474313064,-0.5125292258149209,2.2630811661531907e-14
178.91386448446912,-13.464709305914031,4.728876718003226,-9.949357356317806,-0.5111755860008889,-4.894570894238297e-14
178.92006562103379,-13.47269635569165,4.729388273324041,-9.94984261484391,-0.5098225276555837,-3.0525280845787224e-14
178.92626722726772,-13.480683212562534,4.7299002029921855,-9.950329245610295,-0.5084700593794218,-1.5788938368510633e-15
178.9324693046221,-13.488669875554445,4.730412505180353,-9.950817244335003,-0.5071181897726731,-3.9998643866893604e-14
178.93867185454806,-13.496656343694989,4.730925178061233,-9.951306606735224,-0.5057669274354389,-1.473634247727659e-14
178.94487487849707,-13.504642616011655,4.731438219807518,-9.951797328527265,-0.5044162809676704,2.6841195226468077e-14
178.95107837792057,-13.512628691531756,4.731951628591897,-9.952289405426573,-0.5030662589691568,-2.7367493172085098e-14
178.95728235427012,-13.52061456928248,4.732465402587065,-9.952782833147692,-0.5017168700395243,-4.210383564936169e-14
178.96348680899743,-13.528600248290871,4.732979539965711,-9.953277607404326,-0.5003681227782458,1.7367832205361697e-14
178.9696917435544,-13.536585727583816,4.733494038900526,-9.953773723909284,-0.49902002578463234,-5.4734986344170195e-14
178.97589715939287,-13.544571006188054,4.7340088975642045,-9.954271178374485,-0.49767258765782346,-3.9998643866893604e-14
178.982103057965,-13.552556083130199,4.734524114129435,-9.954769966510995,-0.49632581699681255,6.315575347404253e-15
178.98830944072296,-13.560540957436707,4.735039686768909,-9.95527008402898,-0.4949797224004181,-3.631455824757446e-14
178.99451630911904,-13.568525628133878,4.735555613655322,-9.955771526637726,-0.4936343124673008,-2.2104513715914887e-14
179.00072366460566,-13.57651009424788,4.736071892961362,-9.956274290045643,-0.4922895957959545,-2.9998982900170206e-14
179.00693150863535,-13.584494354804725,4.73658852285972,-9.956778369960249,-0.4909455809847097,1.842042809659574e-14
179.0131398426608,-13.592478408830285,4.73710550152309,-9.957283762088178,-0.4896022766317335,-1.6315236314127656e-14
179.01934866813477,-13.60046225535029,4.737622827124163,-9.957790462135176,-0.4882596913350241,-1.3157448640425528e-14
179.02555798651017,-13.60844589339031,4.738140497835628,-9.958298465806102,-0.48691783369241415,2.2104513715914887e-14
179.03176779924004,-13.616429321975781,4.7386585118301765,-9.958807768804926,-0.4855767123015702,-4.9472006887999985e-14
179.0379781077775,-13.624412540131976,4.739176867280503,-9.959318366834713,-0.4842363357599904,-7.894469184255318e-15
179.04418891357582,-13.63239554688403,4.739695562359298,-9.959830255597652,-0.4828967126650021,-3.73671541388085e-14
179.05040021808833,-13.64037834125693,4.740214595239253,-9.960343430795023,-0.48155785161376574,1.9999321933446802e-14
179.0566120227686,-13.648360922275518,4.740733964093059,-9.960857888127228,-0.4802197612032725,1.2631150694808506e-14
179.06282432907022,-13.656343288964477,4.741253667093407,-9.96137362329375,-0.478882450030344,-3.4209366465106376e-14
179.0690371384469,-13.664325440348353,4.741773702412989,-9.96189063199319,-0.4775459266916249,-5.578758223540424e-14
179.07525045235252,-13.672307375451531,4.742294068224497,-9.962408909923242,-0.4762101997835933,1.2104852749191486e-14
179.0814642722411,-13.680289093298263,4.742814762700622,-9.962928452780698,-0.4748752779025558,2.1051917824680845e-15
179.0876785995667,-13.688270592912641,4.7433357840140555,-9.963449256261452,-0.47354116964464177,1.894672604221276e-14
179.0938934357835,-13.696251873318605,4.743857130337489,-9.963971316060487,-0.4722078836058119,-5.631388018102126e-14
179.10010878234593,-13.704232933539952,4.744378799843614,-9.96449462787189,-0.4708754283818503,1.4210044531659571e-14
179.10632464070838,-13.71221377260034,4.744900790705121,-9.96501918738883,-0.4695438125683588,-3.263047262825531e-14
179.11254101232547,-13.720194389523247,4.745423101094704,-9.965544990303574,-0.46821304476077663,-9.999660966723401e-15
179.1187578986519,-13.728174783332026,4.745945729185053,-9.96607203230748,-0.46688313355435956,-3.9998643866893604e-14
179.12497530114243,-13.736154953049875,4.7464686731488595,-9.96660030909099,-0.465554087544183,2.6841195226468077e-14
179.1311932212521,-13.744134897699842,4.746991931158813,-9.967129816343647,-0.4642259153251537,1.9473023987829782e-14
179.13741166043593,-13.752114616304816,4.747515501387607,-9.967660549754063,-0.46289862549199395,-6.526094525651062e-14
179.1436306201491,-13.760094107887532,4.748039382007936,-9.968192505009936,-0.4615722266392475,-4.4209027431829774e-14
179.14985010184694,-13.7680733714706,4.748563571192486,-9.968725677798068,-0.46024672736127986,1.3157448640425528e-14
179.15607010698486,-13.77605240607644,4.74908806711395,-9.96926006380432,-0.4589221362522741,-4.315643154059573e-14
179.1622906370184,-13.784031210727356,4.749612867945024,-9.96979565871364,-0.45759846190623593,-4.210383564936169e-15
