galstreams/tracks/track.st.M68.ibata2021.ecsv
# %ECSV 1.0
# ---
# datatype:
# - {name: ra, unit: deg, datatype: float64}
# - {name: dec, unit: deg, datatype: float64}
# - {name: distance, unit: kpc, datatype: float64}
# - {name: pm_ra_cosdec, unit: mas / yr, datatype: float64}
# - {name: pm_dec, unit: mas / yr, datatype: float64}
# - {name: radial_velocity, unit: km / s, datatype: float64}
# delimiter: ','
# meta: !!omap
# - __serialized_columns__:
#     dec:
#       __class__: astropy.coordinates.angles.Latitude
#       unit: &id001 !astropy.units.Unit {unit: deg}
#       value: !astropy.table.SerializedColumn {name: dec}
#     distance:
#       __class__: astropy.coordinates.distances.Distance
#       unit: !astropy.units.Unit {unit: kpc}
#       value: !astropy.table.SerializedColumn {name: distance}
#     pm_dec:
#       __class__: astropy.units.quantity.Quantity
#       unit: !astropy.units.Unit {unit: mas / yr}
#       value: !astropy.table.SerializedColumn {name: pm_dec}
#     pm_ra_cosdec:
#       __class__: astropy.units.quantity.Quantity
#       unit: !astropy.units.Unit {unit: mas / yr}
#       value: !astropy.table.SerializedColumn {name: pm_ra_cosdec}
#     ra:
#       __class__: astropy.coordinates.angles.Longitude
#       unit: *id001
#       value: !astropy.table.SerializedColumn {name: ra}
#       wrap_angle: !astropy.coordinates.Angle
#         unit: *id001
#         value: 360.0
#     radial_velocity:
#       __class__: astropy.units.quantity.Quantity
#       unit: !astropy.units.Unit {unit: km / s}
#       value: !astropy.table.SerializedColumn {name: radial_velocity}
# schema: astropy-2.0
ra,dec,distance,pm_ra_cosdec,pm_dec,radial_velocity
[from data line 718]
188.22613262291367,-36.813811216503865,4.083833435958809,-4.227920584766631,9.020535956055816,171.39905553337164
188.22822533564474,-36.80400083103166,4.084299711486362,-4.226933649621012,9.016727832868577,171.26049669579777
188.23031905988654,-36.79419062519581,4.084766167292066,-4.225947041240982,9.012915326975035,171.1229649704088
188.23241380497842,-36.78438060027773,4.0852327986420205,-4.2249607689384305,9.009098459777814,170.9864605454931
188.23450958025532,-36.77457075755791,4.085699600802325,-4.223974842024428,9.0052772526797,170.8509836093396
188.23660639504783,-36.76476109831644,4.086166569039084,-4.222989269809223,9.001451727083616,170.71653435023674
188.23870425868213,-36.75495162383248,4.086633698618397,-4.222004061602243,8.997621904392638,170.5831129564733
188.24080318047987,-36.74514233538475,4.087100984806364,-4.221019226712068,8.993787806009996,170.45071961633772
188.2429031697585,-36.735333234251065,4.087568422869087,-4.220034774446502,8.989949453339046,170.31935451811884
188.24500423583095,-36.7255243217088,4.088036008072669,-4.219050714112484,8.98610686778331,170.1890178501052
188.24710638800573,-36.71571559903444,4.088503735683207,-4.218067055016165,8.982260070746428,170.0597098005854
188.24920963558708,-36.70590706750399,4.088971600966805,-4.217083806462858,8.978409083632192,169.93143055784816
188.25131398787482,-36.696098728392606,4.089439599189564,-4.216100977757067,8.974553927844521,169.8041803101822
188.25341945416437,-36.68629058297494,4.089907725617583,-4.21511857820249,8.97069462478748,169.67795924587602
188.25552604374684,-36.67648263252479,4.090375975516965,-4.21413661710198,8.966831195865252,169.55276755321827
188.25763376590893,-36.66667487831544,4.090844344153811,-4.213155103757613,8.962963662482155,169.42860542049772
188.25974262993307,-36.65686732161936,4.091312826794219,-4.21217404747063,8.959092046042642,169.3054730360028
188.2618526450972,-36.6470599637085,4.0917814187042945,-4.21119345754146,8.95521636795128,169.18337058802223
188.26396382067512,-36.637252805853926,4.092250115150137,-4.210213343269732,8.951336649612754,169.06229826484463
188.26607616593608,-36.62744584932626,4.0927189113978475,-4.209233713954267,8.9474529124319,168.94225625475892
188.2681896901452,-36.6176390953952,4.093187802713525,-4.208254578893074,8.943565177813644,168.82324474605335
188.2703044025631,-36.60783254533003,4.093656784363273,-4.2072759473833585,8.939673467163036,168.70526392701666
188.27242031244626,-36.59802620039908,4.0941258516131915,-4.206297828721518,8.93577780188524,168.58831398593765
188.27453742904672,-36.58822006187026,4.094594999729384,-4.205320232203157,8.93187820338554,168.47239511110487
188.27665576161223,-36.57841413101058,4.095064223977947,-4.2043431671230715,8.92797469306933,168.357507490807
188.2787753193863,-36.56860840908656,4.095533519624985,-4.203366642775263,8.924067292342095,168.24365131333244
188.28089611160814,-36.55880289736383,4.096002881936598,-4.2023906684529395,8.920156022609447,168.13082676697016
188.2830181475126,-36.54899759710758,4.096472306178887,-4.201415253448491,8.916240905277087,168.01903404000862
188.28514143633032,-36.53919250958207,4.096941787617954,-4.200440407053558,8.912321961750827,167.90827332073644
188.2872659872876,-36.52938763605111,4.097411321519899,-4.1994661385589405,8.908399213436569,167.79854479744236
188.28939180960654,-36.51958297777762,4.0978809031508225,-4.1984924572546785,8.904472681740316,167.689848658415
188.29151891250496,-36.509778536023994,4.098350527776828,-4.19751937243002,8.900542388068168,167.58218509194293
188.29364730519637,-36.499974312051805,4.098820190664013,-4.196546893373423,8.89660835382631,167.47555428631483
188.29577699689005,-36.49017030712212,4.099289887078483,-4.195575029372554,8.892670600421022,167.36995642981944
188.29790799679114,-36.480366522495096,4.099759612286334,-4.194603789714321,8.888729149258666,167.26539171074526
188.30004031410033,-36.47056295943045,4.100229361553672,-4.19363318368482,8.884784021745702,167.16186031738093
188.30217395801427,-36.460759619186945,4.1006991301465945,-4.192663220569402,8.88083523928865,167.0593624380152
188.30430893772524,-36.45095650302293,4.101168913331203,-4.191693909652614,8.876882823294137,166.95789826093656
188.3064452624214,-36.4411536121958,4.101638706373601,-4.190725260218249,8.872926795168837,166.85746797443377
188.3085829412866,-36.431350947962514,4.1021085045398875,-4.189757281549321,8.868967176319526,166.75807176679555
188.31072198350054,-36.421548511579125,4.102578303096164,-4.188789982928078,8.865003988153042,166.65970982631023
188.31286239823874,-36.41174630430118,4.103048097308531,-4.187823373636002,8.861037252076288,166.56238234126673
188.3150041946724,-36.40194432738335,4.10351788244309,-4.186857462953806,8.857066989496245,166.46608949995354
188.31714738196868,-36.39214258207982,4.103987653765943,-4.185892260161442,8.853093221819952,166.3708314906595
188.3192919692904,-36.38234106964387,4.104457406543189,-4.184927774538109,8.84911597045452,166.27660850167297
188.32143796579626,-36.372539791328286,4.104927136040932,-4.183964015362246,8.845135256807104,166.18342072128286
188.32358538064088,-36.362738748385,4.105396837525271,-4.183000991911539,8.841151102284934,166.09126833777756
188.3257342229745,-36.35293794206538,4.1058665062623065,-4.18203871346292,8.83716352829528,166.00015153944588
188.32788450194334,-36.34313737361996,4.106336137518141,-4.181077189292572,8.833172556245481,165.91007051457652
188.3300362266895,-36.33333704429873,4.106805726558875,-4.180116428675935,8.829178207542917,165.8210254514579
188.33218940635075,-36.3235369553509,4.107275268650609,-4.1791564408877,8.825180503595012,165.73301653837873
188.33434405006082,-36.313737108025,4.107744759059447,-4.178197235201819,8.821179465809246,165.64604396362776
188.33650016694932,-36.30393750356885,4.108214193051484,-4.177238820891509,8.817175115593134,165.5601079154935
188.33865776614167,-36.294138143229574,4.108683565892827,-4.176281207229252,8.813167474354225,165.47520858226468
188.3408168567592,-36.28433902825361,4.109152872849575,-4.175324403486799,8.809156563500117,165.39134615222994
188.34297744791905,-36.27454015988672,4.1096221091878276,-4.174368418935156,8.805142404438444,165.30852081367783
188.3451395487343,-36.26474153937393,4.110091270173689,-4.173413262844626,8.801125018576856,165.22673275489717
188.34730316831383,-36.254943167959574,4.110560351073257,-4.172458944484768,8.797104427323049,165.14598216417627
188.34946831576252,-36.245145046887295,4.111029347152634,-4.171505473124435,8.793080652084736,165.06626922980413
188.35163500018106,-36.23534717740002,4.111498253677922,-4.170552858031751,8.78905371426966,164.98759414006932
188.3538032306661,-36.22554956073999,4.1119670659152225,-4.1696011084741365,8.785023635285576,164.90995708326025
188.35597301631014,-36.21575219814874,4.1124357791306325,-4.168650233718289,8.780990436540272,164.83335824766561
188.35814436620169,-36.20595509086709,4.112904388590258,-4.167700243030212,8.776954139441534,164.75779782157434
188.360317289425,-36.19615824013517,4.113372889560197,-4.166751145675188,8.77291476539718,164.6832759932749
188.36249179506044,-36.1863616471924,4.113841277306551,-4.1658029509178025,8.768872335815027,164.60979295105574
188.36466789218417,-36.17656531327749,4.114309547095423,-4.164855668021951,8.764826872102898,164.53734888320574
188.36684558986838,-36.166769239628444,4.114777694192912,-4.1639093062508294,8.760778395668627,164.46594397801348
188.3690248971811,-36.15697342748257,4.115245713865118,-4.16296387486694,8.756726927920054,164.39557842376755
188.3712058231864,-36.14717787807646,4.115713601378145,-4.162019383132085,8.752672490265006,164.32625240875666
188.3733883769443,-36.13738259264598,4.116181351998092,-4.161075840307413,8.748615104111309,164.25796612126933
188.3755725675106,-36.127587572426336,4.116648960991062,-4.160133255653349,8.7445547908668,164.19071974959442
188.37775840393738,-36.11779281865198,4.117116423623155,-4.159191638429684,8.740491571939279,164.12451348202026
188.37994589527239,-36.10799833255664,4.117583735160472,-4.158250997895496,8.73642546873655,164.0593475068358
188.3821350505595,-36.09820411537339,4.118050890869113,-4.1573113433092175,8.732356502666414,163.99522201232952
188.38432587883858,-36.088410168334555,4.11851788601518,-4.156372683928602,8.72828469513663,163.9321371867901
188.38651838914538,-36.07861649267175,4.118984715864776,-4.155435029010739,8.724210067554946,163.87009321850618
188.38871259051174,-36.068823089615876,4.119451375683999,-4.1544983878120645,8.720132641329096,163.80909029576625
188.39090849196546,-36.05902996039712,4.119917860738951,-4.153562769588359,8.716052437866773,163.74912860685916
188.3931061025303,-36.04923710624495,4.120384166295734,-4.152628183594733,8.711969478575652,163.69020834007353
188.3953054312261,-36.03944452838814,4.120850287620447,-4.151694639085671,8.707883784863371,163.63232968369795
188.39750648706865,-36.02965222805473,4.121316219979194,-4.150762145315,8.703795378137533,163.57549282602085
188.39970927906984,-36.01986020647202,4.121781958638075,-4.14983071153591,8.699704279805701,163.51969795533125
188.40191381623748,-36.010068464866634,4.122247498863189,-4.148900347000948,8.695610511275405,163.46494525991758
188.40412010757547,-36.00027700446446,4.12271283592064,-4.147971060962035,8.69151409395412,163.41123492806852
188.40632816208372,-35.990485826490634,4.123177965076527,-4.147042862670455,8.687415049249283,163.35856714807278
188.40853798875827,-35.98069493216964,4.123642881596951,-4.1461157613768815,8.683313398568282,163.30694210821878
188.41074959659107,-35.97090432272517,4.1241075807480145,-4.145189766331348,8.679209163318435,163.25635999679537
188.4129629945702,-35.96111399938024,4.124572057795818,-4.144264886783285,8.67510236490703,163.2068210020911
188.4151781916798,-35.951323963357105,4.125036308006464,-4.143341131981498,8.670993024741273,163.15832531239465
188.4173951969,-35.94153421587735,4.12550032664605,-4.142418511174194,8.66688116422833,163.11087311599456
188.41961401920713,-35.931744758161784,4.125964108980678,-4.141497033608971,8.662766804775288,163.06446460117962
188.42183466757348,-35.92195559143049,4.126427650276453,-4.1405767085328264,8.658649967789161,163.01909995623845
188.42405715096743,-35.91216671690288,4.126890945799472,-4.139657545192159,8.6545306746769,162.97477936945953
188.42628147835356,-35.902378135797576,4.127353990815838,-4.138739552832784,8.650408946845388,162.9315030291316
188.42850765869235,-35.892589849332495,4.127816780591649,-4.137822740699919,8.646284805701429,162.88927112354344
188.43073570094055,-35.88280185872484,4.12827931039301,-4.136907118038208,8.642158272651724,162.84808384098335
188.43296561405091,-35.87301416519106,4.128741575486021,-4.135992694091704,8.638029369102917,162.80794136974035
188.43519740697235,-35.86322676994688,4.129203571136781,-4.135079478103901,8.63389811646156,162.7688438981029
188.43743108864984,-35.8534396742073,4.129665292611395,-4.134167479317705,8.629764536134104,162.73079161435956
188.43966666802453,-35.84365287918658,4.130126735175961,-4.133256706975474,8.625628649526924,162.69378470679914
188.44190415403364,-35.833866386098265,4.130587894096578,-4.132347170318994,8.621490478046287,162.65782336371015
188.4441435556105,-35.82408019615512,4.131048764639353,-4.131438878589493,8.617350043098362,162.6229077733813
188.44638488168474,-35.814294310569245,4.131509342070382,-4.130531841027664,8.613207366089219,162.5890381241012
188.44862814118187,-35.80450873055192,4.131969621655769,-4.129626066873628,8.609062468424817,162.5562146041585
188.4508733430238,-35.79472345731376,4.132429598661614,-4.128721565366989,8.604915371511018,162.52443740184185
188.45312049612838,-35.784938492064605,4.132889268354016,-4.1278183457467925,8.60076609675356,162.49370670543982
188.45536960940976,-35.775153836013565,4.133348625999079,-4.126916417251563,8.596614665558066,162.46402270324108
188.4576206917782,-35.765369490369,4.1338076668629045,-4.126015789119294,8.592461099330052,162.43538558353438
188.45987375214014,-35.75558545633855,4.134266386211592,-4.12511647058745,8.588305419474905,162.40779553460823
188.46212879939816,-35.74580173512909,4.134724779311242,-4.124218470892988,8.58414764739788,162.38125274475127
188.46438584245104,-35.73601832794677,4.135182841427956,-4.123321799272344,8.57998780450412,162.35575740225227
188.46664489019378,-35.726235235996995,4.135640567827835,-4.1224264649614435,8.575825912198626,162.33130969539974
188.46890595151746,-35.71645246048441,4.136097953776981,-4.121532477195705,8.571661991886263,162.30790981248242
188.47116903530952,-35.70667000261294,4.136554994541496,-4.12063984521007,8.567496064971767,162.28555794178877
188.47343415045347,-35.69688786358572,4.137011685387478,-4.119748578238958,8.563328152859714,162.26425427160763
188.47570130582906,-35.68710604460521,4.1374680215810296,-4.118858685516319,8.559158276954568,162.2439989902276
188.47797051031228,-35.67732454687304,4.137923998388253,-4.117970176275607,8.554986458660606,162.2247922859371
188.4802417727753,-35.66754337159014,4.138379611075247,-4.117083059749804,8.550812719381991,162.20663434702513
188.48251510208652,-35.657762519956684,4.138834854908115,-4.116197345171421,8.546637080522702,162.18952536178017
188.48479050711055,-35.647981993172095,4.139289725152955,-4.115313041772488,8.542459563486581,162.1734655184908
188.4870679967083,-35.63820179243503,4.139744217075871,-4.1144301587845895,8.53828018967729,162.1584550054457
188.4893475797369,-35.62842191894339,4.140198325942962,-4.113548705438841,8.534098980498346,162.1444940109335
188.49162926504962,-35.61864237389437,4.140652047020333,-4.112668690965906,8.529915957353085,162.1315827232428
188.4939130614961,-35.60886315848432,4.14110537557408,-4.111790124596001,8.525731141644666,162.11972133066232
188.49619897792218,-35.599084273908936,4.141558306870307,-4.110913015558902,8.521544554776096,162.1089100214806
188.49848702317,-35.58930572136308,4.142010836175114,-4.110037373083951,8.517356218150178,162.09914898398648
188.50077720607788,-35.57952750204089,4.142462958754601,-4.109163206400054,8.513166153169552,162.09043840646845
188.5030695354805,-35.56974961713575,4.142914669874873,-4.10829052473569,8.508974381236666,162.08277847721516
188.50536402020882,-35.55997206784028,4.143365964802026,-4.107419337318925,8.504780923753781,162.07616938451514
188.50766066909,-35.550194855346305,4.143816838802166,-4.10654965337741,8.500585802122956,162.07061131665725
188.50995949094752,-35.54041798084494,4.144267287141389,-4.105681482138369,8.496389037746072,162.06610446193002
188.5122604946012,-35.53064144552649,4.1447173050858,-4.104814832828647,8.4921906520248,162.06264900862215
188.5145636888671,-35.52086525058054,4.145166887901498,-4.103949714674677,8.487990666360613,162.06024514502218
188.51686908255763,-35.511089397195896,4.145616030854585,-4.103086136902494,8.483789102154768,162.05889305941866
188.51917668448144,-35.50131388656057,4.1460647292111625,-4.102224108737763,8.479585980808327,162.0585929401006
188.52148650344358,-35.491538719861836,4.146512978237331,-4.101363639405755,8.475381323722136,162.0593449753563
188.52379854824537,-35.48176389828618,4.14696077319919,-4.10050473813137,8.471175152296812,162.06114935347455
188.52611282768444,-35.47198942301935,4.147408109362843,-4.099647414139134,8.46696748793277,162.06400626274385
188.52842935055477,-35.4622152952463,4.1478549819943895,-4.098791676653211,8.462758352030189,162.06791589145297
188.5307481256467,-35.452441516151225,4.148301386359931,-4.0979375348974125,8.458547765989028,162.0728784278905
188.53306916174688,-35.44266808691753,4.148747317725569,-4.097084998095191,8.45433575120901,162.07889406034508
188.53539246763827,-35.432895008727854,4.149192771357406,-4.096234075469647,8.450122329089627,162.08596297710548
