galstreams/tracks/track.st.M5.ibata2021.ecsv
# %ECSV 1.0
# ---
# datatype:
# - {name: ra, unit: deg, datatype: float64}
# - {name: dec, unit: deg, datatype: float64}
# - {name: distance, unit: kpc, datatype: float64}
# - {name: pm_ra_cosdec, unit: mas / yr, datatype: float64}
# - {name: pm_dec, unit: mas / yr, datatype: float64}
# - {name: radial_velocity, unit: km / s, datatype: float64}
# delimiter: ','
# meta: !!omap
# - __serialized_columns__:
#     dec:
#       __class__: astropy.coordinates.angles.Latitude
#       unit: &id001 !astropy.units.Unit {unit: deg}
#       value: !astropy.table.SerializedColumn {name: dec}
#     distance:
#       __class__: astropy.coordinates.distances.Distance
#       unit: !astropy.units.Unit {unit: kpc}
#       value: !astropy.table.SerializedColumn {name: distance}
#     pm_dec:
#       __class__: astropy.units.quantity.Quantity
#       unit: !astropy.units.Unit {unit: mas / yr}
#       value: !astropy.table.SerializedColumn {name: pm_dec}
#     pm_ra_cosdec:
#       __class__: astropy.units.quantity.Quantity
#       unit: !astropy.units.Unit {unit: mas / yr}
#       value: !astropy.table.SerializedColumn {name: pm_ra_cosdec}
#     ra:
#       __class__: astropy.coordinates.angles.Longitude
#       unit: *id001
#       value: !astropy.table.SerializedColumn {name: ra}
#       wrap_angle: !astropy.coordinates.Angle
#         unit: *id001
#         value: 360.0
#     radial_velocity:
#       __class__: astropy.units.quantity.Quantity
#       unit: !astropy.units.Unit {unit: km / s}
#       value: !astropy.table.SerializedColumn {name: radial_velocity}
# schema: astropy-2.0
ra,dec,distance,pm_ra_cosdec,pm_dec,radial_velocity
[from data line 571]
201.55728273530957,15.76720510795043,7.439816618101682,3.020815948668174,-8.659983731777226,-89.5132518074255
201.5670847060881,15.763658476991495,7.441226012076639,3.019763619423762,-8.65967344075117,-87.80374299269467
201.57688701273756,15.760113141556168,7.442630884749595,3.0186969362243263,-8.659363758035724,-86.07821175231088
201.58668966318567,15.756569121250621,7.444031185850932,3.0176158309235275,-8.659054722950463,-84.33658780958784
201.59649266536346,15.753026435679647,7.44542686511103,3.01652023536777,-8.658746374802895,-82.57880088783898
201.60629602720502,15.749485104446709,7.4468178722602705,3.0154100813962113,-8.658438752888463,-80.80478071037798
201.61609975664769,15.74594514715389,7.448204157029036,3.014285300840764,-8.658131896490547,-79.01445700051823
201.62590386163188,15.742406583401948,7.449585669147704,3.0131458255261045,-8.657825844880458,-77.20775948157366
201.63570835010125,15.738869432790276,7.45096235834666,3.011991587269674,-8.657520637317443,-75.38461787685777
201.64551323000262,15.735333714916905,7.45233417435628,3.0108225178816843,-8.657216313048686,-73.54496190968403
201.65531850928593,15.731799449378531,7.453701066906949,3.0096385491651163,-8.656912911309298,-71.68872130336611
201.6651241959043,15.728266655770485,7.455062985729046,3.0084396129157414,-8.656610471322331,-69.81582578121761
201.674930297814,15.724735353686755,7.456419880552951,3.007225640922103,-8.65630903229877,-67.9262050665521
201.68473682297451,15.72120556271996,7.457771701109047,3.005996564965537,-8.65600863343753,-66.01978888268319
201.69454377934838,15.717677302461391,7.459118397127714,3.0047523168201695,-8.655709313925458,-64.09650695292444
201.70435117490146,15.71415059250096,7.460459918339334,3.0034928282529196,-8.65541111293734,-62.15628900058947
201.71415901760258,15.710625452427275,7.461796214474286,3.0022180310235127,-8.65511406963589,-60.19906474899189
201.7239673154239,15.70710190182753,7.463127235262954,3.0009278568844713,-8.654818223171748,-58.22476392144532
201.73377607634055,15.703579960287614,7.464452930435715,2.999622237581132,-8.654523612683501,-56.23331624126322
201.74358530833095,15.700059647392047,7.465773249722953,2.998301104851642,-8.654230277297653,-54.22465143175932
201.75339501937668,15.696540982724002,7.4670881428550455,2.996964390426955,-8.653938256128644,-52.198699216247086
201.76320521746234,15.693023985865318,7.468397559562378,2.9956120260308614,-8.653647588278835,-50.15538931804031
201.77301591057582,15.689508676396452,7.469701449575328,2.9942439433799644,-8.653358312838527,-48.09465146045237
201.78282710670805,15.685995073896525,7.470999762624279,2.9928600741836977,-8.653070468885945,-46.01641536679699
201.79263881385316,15.682483197943329,7.47229244843961,2.9914603501443278,-8.652784095487242,-43.92061076038777
201.80245104000844,15.678973068113276,7.473579456751703,2.990044702956954,-8.652499231696495,-41.80716736453824
201.81226379317428,15.675464703981454,7.474860737290938,2.988613064309522,-8.652215916555706,-39.67601490256202
201.8220770813543,15.671958125121574,7.476136239787697,2.987165365882811,-8.651934189094806,-37.52708309777262
201.8318909125551,15.668453351106026,7.477405913972362,2.985701539350455,-8.651654088331648,-35.360301673483754
201.8417052947866,15.664950401505832,7.4786697095753105,2.984221516378938,-8.65137565327201,-33.17560035300894
201.85152023606173,15.661449295890682,7.479927576326926,2.982725228627594,-8.65109892290959,-30.97290885966192
201.8613357443966,15.657950053828907,7.481179463957588,2.981212607748621,-8.650823936226,-28.75215691675592
201.87115182781054,15.65445269488749,7.482425322197679,2.979683585387072,-8.650550732190787,-26.513274247605004
201.88096849432588,15.650957238632067,7.483665100777579,2.9781380931808714,-8.650279349761405,-24.256190575522503
201.89078575196814,15.647463704626935,7.484898749427669,2.9765760627608127,-8.650009827883231,-21.980835623822088
201.90060360876606,15.643972112435023,7.486126217878331,2.974997425750555,-8.649742205489554,-19.68713911581729
201.91042207275135,15.640482481617937,7.487347455859944,2.973402113766642,-8.649476521501587,-17.37503077482172
201.92024115195898,15.636994831735926,7.488562413102891,2.9717900584184913,-8.649212814828443,-15.044440324149097
201.930060854427,15.633509182347877,7.489771039337553,2.970161191308404,-8.648951124367162,-12.695297487112777
201.93988118819667,15.630025553011357,7.4909732842943075,2.9685154440315693,-8.648691489002687,-10.327531987026527
201.94970216131227,15.626543963282566,7.492169097703539,2.9668527481760663,-8.64843394760787,-7.941073547203862
201.95952378182122,15.623064432716372,7.493358429295627,2.965173035322864,-8.648178539043478,-5.535851890958451
201.96934605777412,15.619586980866279,7.494541228800955,2.9634762370458336,-8.647925302158182,-3.1117967416038326
201.97916899722472,15.61611162728447,7.495717445949897,2.9617622849117384,-8.647674275788553,-0.6688378224536493
201.98899260822984,15.612638391521747,7.496887030472843,2.9600311104802493,-8.647425498759075,1.7930951431786761
201.99881689884938,15.609167293127603,7.498049932100169,2.958282645303943,-8.647179009882125,4.2740724319793
202.00864187714652,15.60569835165017,7.499206100562257,2.9565168209283046,-8.64693484795799,6.774164320634749
202.01846755118746,15.602231586636224,7.500355485589485,2.9547335688917324,-8.646693051774855,9.293441085831466
202.0282939290415,15.598767017631205,7.5014980369122375,2.952932820725536,-8.64645366010879,11.831973004255792
202.0381210187811,15.595304664179206,7.502633704260895,2.9511145079539554,-8.646216711723778,14.389830352594204
202.04794882848185,15.591844545822992,7.503762437365838,2.9492785620941344,-8.645982245371682,16.967083407532993
202.05777736622247,15.588386682103954,7.504884185957448,2.947424914656156,-8.645750299792264,19.563802445758682
202.06760664008473,15.584931092562158,7.505998899766103,2.9455534971430293,-8.645520913713174,22.180057743957587
202.07743665815366,15.581477796736309,7.50710652852219,2.9436642410506826,-8.645294125849947,24.81591957881626
202.08726742851726,15.578026814163785,7.508207021956082,2.9417570778679947,-8.645069974906017,27.471458227020946
202.0970989592667,15.574578164380624,7.509300329798167,2.9398319390767655,-8.644848499572682,30.1467439652581
202.10693125849633,15.571131866921485,7.510386401778823,2.937888756151745,-8.64462973852914,32.84184707021416
202.1167643343035,15.567687941319722,7.511465187628429,2.9359274605606194,-8.64441373044246,35.556837818575765
202.12659819478878,15.56424640710732,7.51253663707737,2.9339479837640225,-8.644200513967588,38.291786487028844
202.13643284805582,15.56080728381494,7.513600699856024,2.931950257215534,-8.643990127747356,41.04676335225994
202.14626830221133,15.557370590971878,7.514657325694773,2.9299342123616885,-8.643782610412458,43.821838690955566
202.15610456536524,15.55393634810611,7.515706464323999,2.9278997806419653,-8.643578000581462,46.61708277980217
202.16594164563048,15.55050457474424,7.516748065474081,2.925846893488811,-8.643376336860808,49.432565895485986
202.17577955112324,15.547075290411556,7.517782078875401,2.923775482327618,-8.643177657844806,52.268358314693785
202.18561828996266,15.543648514631982,7.51880845425834,2.9216854785767516,-8.642982002115623,55.12453031411155
202.1954578702711,15.540224266928117,7.519827141353277,2.9195768136475335,-8.64278940824329,58.001152170425854
202.20529830017395,15.536802566821205,7.520838089890597,2.917449418944254,-8.642599914785702,60.898294160323076
202.21513958779983,15.53338343383114,7.521841249600676,2.9153032258641725,-8.64241356028861,63.81602656048976
202.2249817412803,15.529966887476496,7.522836570213899,2.913138165797519,-8.642230383285607,66.75441964761215
202.2348247687502,15.526552947274494,7.523824001460646,2.910954170127497,-8.64205042229816,69.71354369837667
202.2446686783474,15.523141632740996,7.524803493071298,2.9087511702302864,-8.64187371583557,72.69346898946984
202.25451347821289,15.519732963390545,7.525774994776235,2.9065290974750466,-8.641700302394993,75.69426579757798
202.2643591764907,15.51632695873634,7.526738456305836,2.904287883223919,-8.641530220461423,78.71600439938751
202.27420578132808,15.512923638290205,7.527693827390486,2.9020274588320256,-8.641363508507695,81.75875507158486
202.28405330087537,15.509523021562684,7.528641057760563,2.8997477556474767,-8.64120020499449,84.8225880908563
202.29390174328591,15.506125128062905,7.529580097146452,2.8974487050113638,-8.64104034837032,87.90757373388844
202.30375111671626,15.502729977298717,7.530510895278529,2.8951302382577775,-8.640883977071526,91.01378227736757
202.31360142932604,15.499337588776585,7.531433401887178,2.892792286713797,-8.64073112952229,94.14128399798011
202.323452689278,15.49594798200166,7.5323475667027795,2.890434781699495,-8.640581844134616,97.29014917241254
202.33330490473793,15.49256117647774,7.533253339455712,2.888057654527942,-8.640436159308328,100.46044807735107
202.3431580838748,15.489177191707272,7.53415066987636,2.885660836505207,-8.640294113431079,103.65225098948241
202.35301223486073,15.485796047191375,7.535039507695101,2.88324425893036,-8.640155744878331,106.86562818549274
202.36286736587073,15.48241776242983,7.535919802642321,2.880807853095476,-8.640021092013368,110.10064994206876
202.37272348508316,15.479042356921061,7.536791504448396,2.878351550285628,-8.639890193187291,113.35738653589635
202.38258060067932,15.47566985016216,7.537654562843709,2.875875281778905,-8.639763086739002,116.63590824366233
202.39243872084367,15.472300261648877,7.5385089275586425,2.873378978846402,-8.639639810995208,119.93628534205283
202.4022978537638,15.468933610875627,7.539354548323573,2.8708625727522197,-8.639520404270424,123.25858810775448
202.41215800763038,15.46556991733547,7.5401913748688845,2.868325994753482,-8.63940490486696,126.60288681745355
202.42201919063714,15.462209200520137,7.541019356924959,2.865769176100314,-8.639293351074928,129.9692517478366
202.43188141098102,15.458851479920016,7.541838444222174,2.8631920480358652,-8.639185781172227,133.35775317558995
202.4417446768619,15.455496775024146,7.542648586490913,2.8605945417963126,-8.639082233424546,136.76846137739994
202.45160899648295,15.452145105320234,7.543449733461559,2.857976588610833,-8.638982746085363,140.2014466299531
202.46147437805024,15.448796490294654,7.544241834864487,2.8553381197016403,-8.638887357395934,143.6567792099357
202.47134082977314,15.445450949432415,7.5450248404300835,2.8526790662839643,-8.6387961055853,147.13452939403433
202.48120835986398,15.442108502217208,7.545798699888726,2.8499993595660635,-8.638709028870272,150.63476745893524
202.4910769765382,15.438769168131378,7.546563362970797,2.847298930749231,-8.638626165455435,154.15756368132483
202.50094668801447,15.435432966655915,7.547318779406677,2.8445777110277706,-8.63854755353314,157.70298833788956
202.51081750251439,15.432099917270493,7.548064898926749,2.841835631589033,-8.638473231283504,161.27111170531597
202.52068942826273,15.428770039453433,7.54880167126139,2.8390726236133936,-8.63840323687441,164.86200406029025
202.53056247348744,15.425443352681706,7.549529046140983,2.8362886182742595,-8.63833760846149,168.475735679499
202.5404366464194,15.422119876430962,7.550246973295911,2.833483546738076,-8.63827638418813,172.11237683962844
202.5503119552928,15.418799630175506,7.55095540245655,2.83065734016432,-8.638219602185472,175.771997817365
202.56018840834474,15.415482633388292,7.551654283353287,2.827809929705514,-8.6381673005724,179.45466888939518
202.5700660138155,15.412168905540943,7.552343565716496,2.8249412465072195,-8.638119517455536,183.16046033240522
202.5799447799485,15.408858466103727,7.553023199276566,2.822051221708028,-8.638076290929241,186.88944242308187
202.5898247149902,15.405551334545606,7.553693133763871,2.8191397864395804,-8.63803765907562,190.64168543811124
202.59970582719012,15.402247530334169,7.554353318908797,2.8162068718265654,-8.638003659964491,194.4172596541799
202.60958812480098,15.39894707293568,7.55500370444172,2.813252408986707,-8.63797433165341,198.2162353479739
202.61947161607856,15.395649981815064,7.555644240093025,2.810276329030781,-8.63794971218765,202.03868279618064
202.62935630928172,15.392356276435896,7.556274875593091,2.8072785630626087,-8.6379298396002,205.88467227548514
202.63924221267246,15.389065976260415,7.556895560672301,2.8042590421790576,-8.637914751911763,209.75427406257472
202.6491293345158,15.385779100749536,7.557506245061033,2.801217697470052,-8.637904487130758,213.64755843413536
202.65901768307995,15.382495669362815,7.558106878489669,2.798154460018561,-8.637899083253302,217.56459566685368
202.66890726663618,15.379215701558465,7.55869741068859,2.7950692609006027,-8.637898578263208,221.50545603741605
202.67879809345885,15.37593921679338,7.559277791388178,2.7919620311852564,-8.637903010131993,225.47020982250893
202.68869017182544,15.372666234523097,7.559847970318816,2.788832701934652,-8.63791241681886,229.45892729881874
202.6985835100165,15.369396774201821,7.560407897210879,2.7856812042039705,-8.637926836270706,233.47167874303173
202.70847811631575,15.366130855282423,7.5609575217947524,2.782507469041451,-8.637946306422107,237.50853443183445
202.7183739990099,15.362868497216416,7.561496793800814,2.7793114274883908,-8.637970865195317,241.5695646419133
202.72827116638882,15.359609719453987,7.5620256629594484,2.7760930105791535,-8.638000550500264,245.65483964995448
202.73816962674556,15.356354541443988,7.562544079001036,2.7728521493411433,-8.638035400234543,249.76442973264454
202.74806938837608,15.353102982633915,7.5630519916559535,2.769588774794841,-8.63807545228342,253.89840516667002
202.75797045957967,15.34985506246994,7.563549350654586,2.7663028179537745,-8.638120744519812,258.0568362287172
202.7678728486585,15.346610800396892,7.5640361057273156,2.7629942098245506,-8.638171314804296,262.2397931954724
202.777776563918,15.343370215858249,7.564512206604519,2.759662881406818,-8.638227200985103,266.4473463436223
202.78768161366662,15.340133328296165,7.5649776030165805,2.7563087636933012,-8.638288440898105,270.6795659498531
202.79758800621596,15.33690015715144,7.565432244693877,2.7529317876697883,-8.63835507236681,274.9365222908511
202.80749574988067,15.33367072186355,7.565876081366794,2.749531884315131,-8.638427133202375,279.21828564330286
202.81740485297854,15.330445041870615,7.566309062765711,2.746108984601239,-8.638504661203573,283.52492628389496
202.82731532383048,15.327223136609435,7.566731138621008,2.7426630194930968,-8.63858769415682,287.8565144893134
202.83722717076043,15.324005025515447,7.5671422586630674,2.739193919948755,-8.638676269836132,292.21312053624484
202.8471404020955,15.320790728022766,7.5675423726222695,2.7357016169193193,-8.638770426003159,296.5948147013757
202.85705502616588,15.317580263564166,7.567931430228991,2.732186041348986,-8.638870200407162,301.0016672613923
202.86697105130486,15.314373651571069,7.568309381213622,2.7286471241749926,-8.638975630784985,305.43374849298147
202.8768884858488,15.311170911473567,7.568676175306536,2.7250847963276654,-8.639086754861104,309.891128672829
202.8868073381373,15.30797206270042,7.569031762238116,2.7214989887303935,-8.63920361034757,314.3738780776212
202.89672761651286,15.304777124679026,7.569376091738743,2.717889632299633,-8.63932623494403,318.8820669840451
202.9066493293212,15.301586116835468,7.5697091135388,2.714256657944916,-8.639454666337713,323.4157656687867
202.91657248491123,15.298399058594473,7.570030777368665,2.7105999965688348,-8.639588942203435,327.97504440853237
202.92649709163476,15.295215969379427,7.57034103295872,2.7069195790670633,-8.639729100203578,332.559973479969
202.93642315784683,15.292036868612387,7.570639830039347,2.703215336328347,-8.6398751779881,337.17062315978234
202.94635069190562,15.288861775714068,7.570927118340925,2.6994871992344946,-8.640027213194518,341.80706372465914
202.95627970217234,15.285690710103838,7.5712028475938355,2.6957350986603865,-8.640185243447911,346.4693654512859
