galstreams/tracks/track.po.Corvus.mateu2018.ecsv
# %ECSV 0.9
# ---
# datatype:
# - {name: ra, unit: deg, datatype: float64}
# - {name: dec, unit: deg, datatype: float64}
# - {name: distance, unit: kpc, datatype: float64}
# - {name: pm_ra_cosdec, unit: mas / yr, datatype: float64}
# - {name: pm_dec, unit: mas / yr, datatype: float64}
# - {name: radial_velocity, unit: km / s, datatype: float64}
# delimiter: ','
# meta: !!omap
# - __serialized_columns__:
#     dec:
#       __class__: astropy.coordinates.angles.Latitude
#       unit: &id001 !astropy.units.Unit {unit: deg}
#       value: !astropy.table.SerializedColumn {name: dec}
#     distance:
#       __class__: astropy.coordinates.distances.Distance
#       unit: !astropy.units.Unit {unit: kpc}
#       value: !astropy.table.SerializedColumn {name: distance}
#     pm_dec:
#       __class__: astropy.units.quantity.Quantity
#       unit: !astropy.units.Unit {unit: mas / yr}
#       value: !astropy.table.SerializedColumn {name: pm_dec}
#     pm_ra_cosdec:
#       __class__: astropy.units.quantity.Quantity
#       unit: !astropy.units.Unit {unit: mas / yr}
#       value: !astropy.table.SerializedColumn {name: pm_ra_cosdec}
#     ra:
#       __class__: astropy.coordinates.angles.Longitude
#       unit: *id001
#       value: !astropy.table.SerializedColumn {name: ra}
#       wrap_angle: !astropy.coordinates.Angle
#         unit: *id001
#         value: 360.0
#     radial_velocity:
#       __class__: astropy.units.quantity.Quantity
#       unit: !astropy.units.Unit {unit: km / s}
#       value: !astropy.table.SerializedColumn {name: radial_velocity}
# schema: astropy-2.0
ra,dec,distance,pm_ra_cosdec,pm_dec,radial_velocity
[from data line 3037]
172.3778221736928,-13.914778054481992,7.893158591063656,0.0,0.0,0.0
172.38814275331623,-13.915535580911477,7.894530464468807,0.0,0.0,0.0
172.39846330660626,-13.916293440629104,7.895902590390641,0.0,0.0,0.0
172.4087838336272,-13.917051633626986,7.897274968794152,0.0,0.0,0.0
172.41910433444346,-13.917810159897147,7.898647599644292,0.0,0.0,0.0
172.42942480911938,-13.918569019431548,7.900020482905956,0.0,0.0,0.0
172.43974525771927,-13.919328212222057,7.901393618543991,0.0,0.0,0.0
172.45006568030763,-13.92008773826048,7.902767006523189,0.0,0.0,0.0
172.46038607694882,-13.920847597538527,7.904140646808299,0.0,0.0,0.0
172.47070644770736,-13.92160779004785,7.905514539364012,0.0,0.0,0.0
172.48102679264764,-13.922368315780004,7.906888684154971,0.0,0.0,0.0
172.4913471118342,-13.923129174726474,7.908263081145768,0.0,0.0,0.0
172.50166740533155,-13.923890366878675,7.90963773030094,0.0,0.0,0.0
172.51198767320426,-13.92465189222793,7.911012631584983,0.0,0.0,0.0
172.52230791551682,-13.925413750765495,7.912387784962333,0.0,0.0,0.0
172.53262813233385,-13.92617594248254,7.913763190397378,0.0,0.0,0.0
172.54294832371997,-13.926938467370164,7.915138847854453,0.0,0.0,0.0
172.5532684897398,-13.927701325419385,7.916514757297848,0.0,0.0,0.0
172.56358863045796,-13.928464516621139,7.917890918691794,0.0,0.0,0.0
172.57390874593918,-13.929228040966288,7.91926733200048,0.0,0.0,0.0
172.58422883624806,-13.929991898445614,7.920643997188038,0.0,0.0,0.0
172.5945489014494,-13.930756089049828,7.922020914218547,0.0,0.0,0.0
172.60486894160792,-13.931520612769555,7.923398083056043,0.0,0.0,0.0
172.61518895678833,-13.93228546959534,7.9247755036645025,0.0,0.0,0.0
172.62550894705544,-13.933050659517662,7.926153176007857,0.0,0.0,0.0
172.63582891247407,-13.933816182526904,7.927531100049987,0.0,0.0,0.0
172.64614885310908,-13.934582038613389,7.928909275754717,0.0,0.0,0.0
172.6564687690252,-13.935348227767355,7.930287703085825,0.0,0.0,0.0
172.66678866028738,-13.936114749978959,7.931666382007036,0.0,0.0,0.0
172.67710852696052,-13.936881605238275,7.933045312482026,0.0,0.0,0.0
172.68742836910948,-13.937648793535313,7.934424494474419,0.0,0.0,0.0
172.6977481867992,-13.938416314859996,7.935803927947784,0.0,0.0,0.0
172.70806798009468,-13.93918416920217,7.937183612865646,0.0,0.0,0.0
172.71838774906087,-13.939952356551606,7.938563549191476,0.0,0.0,0.0
172.72870749376273,-13.94072087689799,7.9399437368886945,0.0,0.0,0.0
172.73902721426532,-13.941489730230938,7.941324175920667,0.0,0.0,0.0
172.7493469106337,-13.942258916539975,7.942704866250712,0.0,0.0,0.0
172.7596665829329,-13.943028435814568,7.944085807842098,0.0,0.0,0.0
172.76998623122802,-13.943798288044091,7.945467000658038,0.0,0.0,0.0
172.78030585558415,-13.94456847321784,7.946848444661701,0.0,0.0,0.0
172.7906254560664,-13.945338991325043,7.948230139816194,0.0,0.0,0.0
172.80094503273995,-13.946109842354838,7.949612086084588,0.0,0.0,0.0
172.81126458567,-13.946881026296289,7.9509942834298855,0.0,0.0,0.0
172.82158411492165,-13.947652543138384,7.952376731815054,0.0,0.0,0.0
172.83190362056018,-13.948424392870034,7.953759431202999,0.0,0.0,0.0
172.84222310265082,-13.94919657548007,7.9551423815565805,0.0,0.0,0.0
172.85254256125882,-13.94996909095724,7.956525582838604,0.0,0.0,0.0
172.86286199644942,-13.950741939290218,7.95790903501183,0.0,0.0,0.0
172.873181408288,-13.951515120467606,7.95929273803896,0.0,0.0,0.0
172.8835007968398,-13.952288634477913,7.9606766918826475,0.0,0.0,0.0
172.8938201621702,-13.953062481309583,7.962060896505501,0.0,0.0,0.0
172.90413950434453,-13.953836660950977,7.963445351870066,0.0,0.0,0.0
172.91445882342822,-13.954611173390381,7.964830057938844,0.0,0.0,0.0
172.92477811948663,-13.95538601861599,7.966215014674289,0.0,0.0,0.0
172.93509739258522,-13.95616119661594,7.967600222038799,0.0,0.0,0.0
172.9454166427894,-13.956936707378276,7.968985679994719,0.0,0.0,0.0
172.9557358701647,-13.957712550890967,7.970371388504348,0.0,0.0,0.0
172.96605507477653,-13.958488727141905,7.971757347529929,0.0,0.0,0.0
172.97637425669043,-13.9592652361189,7.973143557033657,0.0,0.0,0.0
172.98669341597196,-13.960042077809693,7.974530016977677,0.0,0.0,0.0
172.99701255268664,-13.960819252201938,7.975916727324078,0.0,0.0,0.0
173.00733166690006,-13.96159675928322,7.977303688034903,0.0,0.0,0.0
173.01765075867777,-13.962374599041025,7.978690899072142,0.0,0.0,0.0
173.02796982808547,-13.963152771462784,7.980078360397735,0.0,0.0,0.0
173.03828887518873,-13.96393127653584,7.981466071973567,0.0,0.0,0.0
173.0486079000532,-13.96471011424746,7.982854033761475,0.0,0.0,0.0
173.0589269027446,-13.965489284584825,7.984242245723245,0.0,0.0,0.0
173.06924588332862,-13.96626878753505,7.985630707820613,0.0,0.0,0.0
173.07956484187093,-13.967048623085162,7.987019420015257,0.0,0.0,0.0
173.08988377843735,-13.967828791222116,7.988408382268815,0.0,0.0,0.0
173.10020269309356,-13.968609291932784,7.989797594542863,0.0,0.0,0.0
173.1105215859054,-13.96939012520396,7.991187056798933,0.0,0.0,0.0
173.12084045693865,-13.970171291022362,7.992576768998503,0.0,0.0,0.0
173.13115930625912,-13.970952789374628,7.993966731103001,0.0,0.0,0.0
173.14147813393265,-13.971734620247323,7.995356943073798,0.0,0.0,0.0
173.15179694002518,-13.97251678362692,7.996747404872228,0.0,0.0,0.0
173.16211572460247,-13.973299279499834,7.998138116459558,0.0,0.0,0.0
173.17243448773053,-13.97408210785238,7.999529077797013,0.0,0.0,0.0
173.18275322947525,-13.974865268670811,8.000920288845762,0.0,0.0,0.0
173.19307194990256,-13.975648761941294,8.002311749566932,0.0,0.0,0.0
173.20339064907841,-13.976432587649919,8.003703459921585,0.0,0.0,0.0
173.21370932706887,-13.9772167457827,8.005095419870738,0.0,0.0,0.0
173.22402798393986,-13.978001236325564,8.006487629375366,0.0,0.0,0.0
173.23434661975747,-13.978786059264376,8.007880088396377,0.0,0.0,0.0
173.24466523458773,-13.979571214584904,8.009272796894637,0.0,0.0,0.0
173.25498382849668,-13.980356702272847,8.01066575483096,0.0,0.0,0.0
173.2653024015504,-13.981142522313831,8.012058962166108,0.0,0.0,0.0
173.2756209538151,-13.98192867469339,8.01345241886079,0.0,0.0,0.0
173.2859394853568,-13.982715159397,8.014846124875667,0.0,0.0,0.0
173.2962579962417,-13.983501976410029,8.01624008017135,0.0,0.0,0.0
173.30657648653596,-13.984289125717792,8.017634284708388,0.0,0.0,0.0
173.3168949563058,-13.985076607305515,8.019028738447293,0.0,0.0,0.0
173.32721340561736,-13.985864421158352,8.020423441348518,0.0,0.0,0.0
173.33753183453695,-13.986652567261366,8.021818393372465,0.0,0.0,0.0
173.34785024313078,-13.987441045599557,8.023213594479492,0.0,0.0,0.0
173.35816863146516,-13.988229856157831,8.024609044629893,0.0,0.0,0.0
173.3684869996063,-13.989018998921033,8.026004743783918,0.0,0.0,0.0
173.37880534762058,-13.989808473873914,8.027400691901768,0.0,0.0,0.0
173.38912367557435,-13.990598281001152,8.02879688894359,0.0,0.0,0.0
173.39944198353393,-13.99138842028735,8.03019333486948,0.0,0.0,0.0
173.4097602715657,-13.99217889171703,8.031590029639483,0.0,0.0,0.0
173.420078539736,-13.992969695274637,8.032986973213589,0.0,0.0,0.0
173.43039678811132,-13.993760830944531,8.034384165551744,0.0,0.0,0.0
173.44071501675805,-13.994552298711001,8.035781606613835,0.0,0.0,0.0
173.45103322574266,-13.995344098558258,8.037179296359707,0.0,0.0,0.0
173.46135141513162,-13.996136230470427,8.038577234749143,0.0,0.0,0.0
173.47166958499142,-13.99692869443156,8.039975421741882,0.0,0.0,0.0
173.48198773538857,-13.997721490425631,8.04137385729761,0.0,0.0,0.0
173.4923058663896,-13.998514618436532,8.042772541375964,0.0,0.0,0.0
173.50262397806102,-13.999308078448081,8.044171473936522,0.0,0.0,0.0
173.5129420704695,-14.000101870444015,8.04557065493882,0.0,0.0,0.0
173.52326014368157,-14.000895994407992,8.046970084342334,0.0,0.0,0.0
173.53357819776386,-14.00169045032359,8.0483697621065,0.0,0.0,0.0
173.54389623278297,-14.002485238174312,8.049769688190693,0.0,0.0,0.0
173.55421424880555,-14.00328035794358,8.051169862554238,0.0,0.0,0.0
173.56453224589833,-14.004075809614742,8.052570285156412,0.0,0.0,0.0
173.5748502241279,-14.004871593171064,8.053970955956437,0.0,0.0,0.0
173.5851681835611,-14.005667708595727,8.055371874913494,0.0,0.0,0.0
173.59548612426457,-14.006464155871845,8.056773041986695,0.0,0.0,0.0
173.60580404630505,-14.00726093498245,8.058174457135111,0.0,0.0,0.0
173.61612194974936,-14.008058045910492,8.05957612031777,0.0,0.0,0.0
173.62643983466424,-14.008855488638844,8.060978031493631,0.0,0.0,0.0
173.63675770111655,-14.0096532631503,8.062380190621612,0.0,0.0,0.0
173.64707554917308,-14.010451369427578,8.06378259766058,0.0,0.0,0.0
173.65739337890065,-14.01124980745332,8.065185252569346,0.0,0.0,0.0
173.6677111903662,-14.012048577210072,8.066588155306679,0.0,0.0,0.0
173.67802898363655,-14.01284767868033,8.06799130583128,0.0,0.0,0.0
173.68834675877866,-14.013647111846486,8.069394704101818,0.0,0.0,0.0
173.6986645158594,-14.014446876690872,8.070798350076895,0.0,0.0,0.0
173.70898225494574,-14.015246973195728,8.072202243715072,0.0,0.0,0.0
173.71929997610462,-14.016047401343215,8.073606384974854,0.0,0.0,0.0
173.72961767940308,-14.016848161115432,8.075010773814695,0.0,0.0,0.0
173.73993536490804,-14.017649252494383,8.076415410192995,0.0,0.0,0.0
173.75025303268657,-14.018450675462,8.07782029406811,0.0,0.0,0.0
173.76057068280574,-14.019252430000135,8.07922542539834,0.0,0.0,0.0
173.7708883153325,-14.02005451609056,8.080630804141931,0.0,0.0,0.0
173.78120593033404,-14.020856933714969,8.082036430257086,0.0,0.0,0.0
173.79152352787742,-14.021659682854986,8.083442303701947,0.0,0.0,0.0
173.80184110802972,-14.022462763492141,8.084848424434611,0.0,0.0,0.0
173.81215867085814,-14.023266175607896,8.08625479241312,0.0,0.0,0.0
173.8224762164298,-14.024069919183635,8.08766140759547,0.0,0.0,0.0
173.83279374481185,-14.024873994200656,8.089068269939595,0.0,0.0,0.0
173.8431112560715,-14.02567840064019,8.090475379403395,0.0,0.0,0.0
173.85342875027598,-14.02648313848337,8.091882735944697,0.0,0.0,0.0
173.8637462274925,-14.02728820771127,8.093290339521296,0.0,0.0,0.0
173.87406368778832,-14.02809360830488,8.094698190090922,0.0,0.0,0.0
173.88438113123073,-14.028899340245104,8.096106287611267,0.0,0.0,0.0
173.89469855788695,-14.029705403512777,8.097514632039953,0.0,0.0,0.0
173.90501596782434,-14.030511798088646,8.098923223334571,0.0,0.0,0.0
173.9153333611102,-14.031318523953392,8.100332061452647,0.0,0.0,0.0
173.9256507378119,-14.032125581087604,8.101741146351658,0.0,0.0,0.0
173.9359680979968,-14.032932969471798,8.103150477989034,0.0,0.0,0.0
173.94628544173227,-14.033740689086416,8.104560056322152,0.0,0.0,0.0
173.95660276908566,-14.034548739911813,8.105969881308333,0.0,0.0,0.0
173.96692008012448,-14.035357121928273,8.10737995290485,0.0,0.0,0.0
173.97723737491611,-14.036165835115995,8.10879027106893,0.0,0.0,0.0
173.98755465352804,-14.036974879455105,8.110200835757738,0.0,0.0,0.0
173.9978719160277,-14.03778425492565,8.111611646928397,0.0,0.0,0.0
174.0081891624826,-14.038593961507583,8.113022704537974,0.0,0.0,0.0
174.01850639296026,-14.039403999180806,8.114434008543482,0.0,0.0,0.0
174.0288236075282,-14.040214367925122,8.115845558901887,0.0,0.0,0.0
174.039140806254,-14.04102506772026,8.117257355570105,0.0,0.0,0.0
174.04945798920522,-14.04183609854588,8.118669398504995,0.0,0.0,0.0
174.0597751564494,-14.042647460381541,8.12008168766337,0.0,0.0,0.0
174.0700923080542,-14.043459153206747,8.12149422300199,0.0,0.0,0.0
174.08040944408722,-14.044271177000908,8.12290700447756,0.0,0.0,0.0
174.09072656461606,-14.045083531743368,8.124320032046738,0.0,0.0,0.0
174.10104366970845,-14.04589621741338,8.125733305666127,0.0,0.0,0.0
174.11136075943202,-14.046709233990123,8.127146825292284,0.0,0.0,0.0
174.1216778338545,-14.04752258145271,8.128560590881708,0.0,0.0,0.0
174.13199489304358,-14.048336259780143,8.129974602390856,0.0,0.0,0.0
174.14231193706698,-14.049150268951383,8.131388859776118,0.0,0.0,0.0
174.1526289659925,-14.049964608945286,8.132803362993851,0.0,0.0,0.0
174.16294597988787,-14.050779279740642,8.134218112000347,0.0,0.0,0.0
174.1732629788209,-14.051594281316161,8.135633106751852,0.0,0.0,0.0
174.18357996285937,-14.052409613650465,8.137048347204557,0.0,0.0,0.0
174.19389693207114,-14.053225276722115,8.138463833314612,0.0,0.0,0.0
174.204213886524,-14.054041270509575,8.1398795650381,0.0,0.0,0.0
174.21453082628585,-14.054857594991242,8.141295542331063,0.0,0.0,0.0
174.22484775142456,-14.05567425014543,8.142711765149492,0.0,0.0,0.0
174.23516466200803,-14.056491235950375,8.144128233449322,0.0,0.0,0.0
174.24548155810413,-14.05730855238423,8.145544947186437,0.0,0.0,0.0
174.25579843978088,-14.058126199425082,8.146961906316669,0.0,0.0,0.0
174.26611530710616,-14.058944177050924,8.148379110795808,0.0,0.0,0.0
174.27643216014798,-14.059762485239684,8.149796560579578,0.0,0.0,0.0
174.28674899897428,-14.060581123969202,8.151214255623659,0.0,0.0,0.0
174.2970658236531,-14.06140009321724,8.152632195883685,0.0,0.0,0.0
174.30738263425246,-14.062219392961484,8.154050381315226,0.0,0.0,0.0
174.31769943084038,-14.06303902317954,8.155468811873813,0.0,0.0,0.0
174.32801621348494,-14.063858983848943,8.156887487514915,0.0,0.0,0.0
174.3383329822542,-14.064679274947135,8.158306408193955,0.0,0.0,0.0
174.34864973721628,-14.06549989645149,8.159725573866309,0.0,0.0,0.0
174.35896647843927,-14.066320848339299,8.16114498448729,0.0,0.0,0.0
174.36928320599128,-14.06714213058778,8.162564640012171,0.0,0.0,0.0
174.37959991994046,-14.067963743174058,8.163984540396168,0.0,0.0,0.0
174.38991662035505,-14.068785686075199,8.165404685594444,0.0,0.0,0.0
174.40023330730313,-14.069607959268177,8.166825075562116,0.0,0.0,0.0
174.41054998085295,-14.070430562729891,8.168245710254242,0.0,0.0,0.0
174.4208666410727,-14.07125349643716,8.16966658962584,0.0,0.0,0.0
174.43118328803067,-14.072076760366729,8.17108771363186,0.0,0.0,0.0
174.44149992179507,-14.072900354495257,8.172509082227219,0.0,0.0,0.0
174.45181654243416,-14.07372427879933,8.173930695366765,0.0,0.0,0.0
174.46213315001626,-14.074548533255454,8.175352553005315,0.0,0.0,0.0
174.47244974460963,-14.07537311784006,8.176774655097613,0.0,0.0,0.0
174.48276632628264,-14.076198032529488,8.178197001598367,0.0,0.0,0.0
174.49308289510364,-14.077023277300015,8.179619592462222,0.0,0.0,0.0
174.50339945114092,-14.077848852127826,8.181042427643781,0.0,0.0,0.0
174.5137159944629,-14.078674756989036,8.182465507097593,0.0,0.0,0.0
174.524032525138,-14.079500991859678,8.183888830778155,0.0,0.0,0.0
174.53434904323456,-14.080327556715709,8.185312398639908,0.0,0.0,0.0
174.54466554882106,-14.081154451533008,8.186736210637251,0.0,0.0,0.0
174.5549820419659,-14.081981676287361,8.18816026672452,0.0,0.0,0.0
174.56529852273758,-14.082809230954497,8.189584566856015,0.0,0.0,0.0
174.5756149912046,-14.083637115510058,8.191009110985965,0.0,0.0,0.0
174.58593144743537,-14.084465329929598,8.192433899068565,0.0,0.0,0.0
174.59624789149848,-14.085293874188608,8.193858931057946,0.0,0.0,0.0
174.60656432346244,-14.086122748262486,8.1952842069082,0.0,0.0,0.0
174.61688074339577,-14.086951952126558,8.196709726573353,0.0,0.0,0.0
174.62719715136706,-14.087781485756073,8.198135490007395,0.0,0.0,0.0
174.6375135474449,-14.088611349126198,8.19956149716425,0.0,0.0,0.0
174.64782993169786,-14.089441542212029,8.2009877479978,0.0,0.0,0.0
174.6581463041946,-14.09027206498857,8.202414242461872,0.0,0.0,0.0
174.6684626650037,-14.091102917430758,8.203840980510243,0.0,0.0,0.0
174.6787790141938,-14.091934099513443,8.205267962096642,0.0,0.0,0.0
174.68909535183366,-14.092765611211396,8.206695187174734,0.0,0.0,0.0
174.69941167799186,-14.093597452499322,8.208122655698146,0.0,0.0,0.0
174.70972799273716,-14.09442962335184,8.209550367620448,0.0,0.0,0.0
174.72004429613827,-14.095262123743481,8.210978322895158,0.0,0.0,0.0
174.7303605882639,-14.096094953648711,8.212406521475744,0.0,0.0,0.0
174.7406768691828,-14.096928113041905,8.213834963315627,0.0,0.0,0.0
174.75099313896376,-14.097761601897378,8.215263648368163,0.0,0.0,0.0
174.76130939767555,-14.09859542018934,8.216692576586672,0.0,0.0,0.0
174.771625645387,-14.099429567891951,8.218121747924412,0.0,0.0,0.0
