galstreams/tracks/track.st.Ophiuchus.caldwell2020.ecsv
# %ECSV 1.0
# ---
# datatype:
# - {name: ra, unit: deg, datatype: float64}
# - {name: dec, unit: deg, datatype: float64}
# - {name: distance, unit: kpc, datatype: float64}
# - {name: pm_ra_cosdec, unit: mas / yr, datatype: float64}
# - {name: pm_dec, unit: mas / yr, datatype: float64}
# - {name: radial_velocity, unit: km / s, datatype: float64}
# delimiter: ','
# meta: !!omap
# - __serialized_columns__:
#     dec:
#       __class__: astropy.coordinates.angles.Latitude
#       unit: &id001 !astropy.units.Unit {unit: deg}
#       value: !astropy.table.SerializedColumn {name: dec}
#     distance:
#       __class__: astropy.coordinates.distances.Distance
#       unit: !astropy.units.Unit {unit: kpc}
#       value: !astropy.table.SerializedColumn {name: distance}
#     pm_dec:
#       __class__: astropy.units.quantity.Quantity
#       unit: !astropy.units.Unit {unit: mas / yr}
#       value: !astropy.table.SerializedColumn {name: pm_dec}
#     pm_ra_cosdec:
#       __class__: astropy.units.quantity.Quantity
#       unit: !astropy.units.Unit {unit: mas / yr}
#       value: !astropy.table.SerializedColumn {name: pm_ra_cosdec}
#     ra:
#       __class__: astropy.coordinates.angles.Longitude
#       unit: *id001
#       value: !astropy.table.SerializedColumn {name: ra}
#       wrap_angle: !astropy.coordinates.Angle
#         unit: *id001
#         value: 360.0
#     radial_velocity:
#       __class__: astropy.units.quantity.Quantity
#       unit: !astropy.units.Unit {unit: km / s}
#       value: !astropy.table.SerializedColumn {name: radial_velocity}
# schema: astropy-2.0
ra,dec,distance,pm_ra_cosdec,pm_dec,radial_velocity
[from data line 414]
245.16990194890812,-7.065842865391149,8.333333333333334,-8.066423969679727,-4.358977815484757,8.420767129872338e-15
245.1796881972553,-7.06836229962508,8.333333333333334,-8.070417824279712,-4.356982312116579,7.157652060391487e-14
245.18947260122607,-7.070896006037323,8.333333333333334,-8.074358024016234,-4.354947721442896,9.683882199353189e-14
245.19925517287302,-7.073443901939179,8.333333333333336,-8.078244874029767,-4.352874010511286,2.5262301389617013e-14
245.20903592464825,-7.076005901625474,8.333333333333334,-8.082078691898953,-4.350761155595918,-7.999728773378721e-14
245.21881486940651,-7.0785819163488375,8.333333333333336,-8.085859807730456,-4.34860914229152,1.221011233831489e-13
245.22859202040846,-7.081171854293996,8.333333333333334,-8.089588564248873,-4.346417965607405,5.894536990910637e-14
245.23836739132364,-7.083775620552047,8.333333333333334,-8.093265316886567,-4.34418763006146,-7.999728773378721e-14
245.24814099623362,-7.086393117094747,8.333333333333332,-8.096890433873527,-4.341918149774183,2.947268495455318e-14
245.25791284963537,-7.08902424274879,8.333333333333332,-8.100464296327207,-4.339609548562712,1.8104649329225526e-13
245.26768296644417,-7.091668893170096,8.333333333333336,-8.103987298342345,-4.337261860034867,2.2736071250655313e-13
245.27745136199687,-7.094326960818085,8.333333333333334,-8.10745984708079,-4.3348751276832225,7.999728773378721e-14
245.28721805205495,-7.096998334929965,8.333333333333334,-8.110882362861293,-4.33244940497915,-1.515738083377021e-13
245.29698305280755,-7.099682901495012,8.333333333333334,-8.114255279249312,-4.329984755466917,3.789345208442552e-14
245.306746380875,-7.102380543228844,8.333333333333334,-8.117579043146785,-4.327481252857777,8.420767129872338e-15
245.31650805331148,-7.10509113954771,8.333333333333334,-8.120854114881906,-4.3249389811240535,3.789345208442552e-14
245.3262680876084,-7.107814566542769,8.333333333333334,-8.124080968298882,-4.322358034593281,3.368306851948935e-14
245.33602650169746,-7.110550696954357,8.333333333333334,-8.127260090847685,-4.319738518042301,4.210383564936169e-15
245.34578331395372,-7.113299400146286,8.333333333333334,-8.130391983673785,-4.317080546791419,1.6841534259744676e-14
245.35553854319875,-7.116060542080097,8.333333333333336,-8.133477161707876,-4.314384246798542,1.8525687685719145e-13
245.3652922087039,-7.118833985289369,8.333333333333334,-8.136516153755604,-4.311649754753344,1.0946997268834039e-13
245.37504433019302,-7.121619588853973,8.333333333333334,-8.139509502587234,-4.308877218171424,-2.1051917824680846e-14
245.38479492784595,-7.124417208374349,8.333333333333336,-8.142457765027387,-4.306066795488505,-7.578690416885104e-14
245.39454402230135,-7.127226695945804,8.333333333333334,-8.145361512044706,-4.303218656154608,1.6841534259744677e-13
245.4042916346601,-7.130047900132763,8.333333333333336,-8.148221328841496,-4.300332980728271,2.947268495455318e-14
245.41403778648797,-7.132880665943066,8.333333333333334,-8.15103781494343,-4.29740996097077,1.2631150694808508e-13
245.42378249981923,-7.135724834802229,8.333333333333334,-8.153811584289164,-4.294449799940326,-7.578690416885104e-14
245.43352579715912,-7.138580244527724,8.333333333333334,-8.15654326531998,-4.291452712086357,5.0524602779234026e-14
245.4432677014876,-7.141446729303256,8.333333333333336,-8.159233501069416,-4.288418923343736,1.5578419190263825e-13
245.45300823626192,-7.144324119653031,8.333333333333336,-8.16188294925287,-4.2853486712270445,-7.578690416885104e-14
245.4627474254199,-7.147212242416045,8.333333333333336,-8.164492282357218,-4.282242204924845,-2.5262301389617013e-14
245.472485293383,-7.150110920720334,8.333333333333336,-8.167062187730382,-4.279099785393979,1.9788802755199994e-13
245.48222186505947,-7.153019973957269,8.333333333333334,-8.169593367670927,-4.275921685453848,2.1051917824680845e-13
245.49195716584728,-7.155939217755813,8.333333333333336,-8.172086539517615,-4.272708189880742,1.4315304120782974e-13
245.50169122163717,-7.158868463956805,8.333333333333334,-8.17454243573898,-4.269459595502147,7.578690416885104e-14
245.51142405881586,-7.161807520587224,8.333333333333334,-8.176961804022849,-4.266176211291087,1.5578419190263825e-13
245.52115570426906,-7.164756191834459,8.333333333333336,-8.179345407365886,-4.262858358460462,-8.420767129872338e-15
245.5308861853844,-7.167714278020593,8.333333333333334,-8.181694024163129,-4.25950637055742,1.6841534259744676e-14
245.54061553005465,-7.170681575576655,8.333333333333336,-8.184008448297464,-4.256120593557707,-2.947268495455318e-14
245.55034376668075,-7.173657877016901,8.333333333333334,-8.186289489229164,-4.2527013859600675,-3.789345208442552e-14
245.5600709241747,-7.176642970913087,8.333333333333334,-8.18853797208534,-4.249249118880623,-1.6841534259744676e-14
245.56979703196282,-7.179636641868733,8.333333333333336,-8.19075473774944,-4.24576417614729,-1.6841534259744676e-14
245.5795221199886,-7.182638670493382,8.333333333333334,-8.19294064295071,-4.242246954394194,-4.210383564936169e-14
245.5892462187159,-7.185648833376889,8.333333333333336,-8.195096560353626,-4.238697863156094,1.221011233831489e-13
245.5989693591319,-7.1886669030636705,8.333333333333334,-8.197223378647363,-4.235117324962842,1.6841534259744677e-13
245.60869157275013,-7.19169264802699,8.333333333333334,-8.1993220026352,-4.231505775433821,-1.2631150694808506e-14
245.61841289161342,-7.194725832643206,8.333333333333334,-8.201393353323944,-4.227863663372415,8.420767129872338e-14
245.62813334829715,-7.197766217166047,8.333333333333336,-8.203438368013337,-4.224191450860509,-1.0525958912340423e-13
245.63785297591198,-7.200813557700886,8.333333333333334,-8.20545800038546,-4.220489613352956,1.9367764398706378e-13
245.64757180810722,-7.2038676061789895,8.333333333333334,-8.207453220594076,-4.2167586397721,1.0525958912340423e-13
245.65728987907343,-7.206928110331799,8.333333333333332,-8.209425015354038,-4.212999032602289,1.642049590325106e-13
245.6670072235458,-7.209994813665182,8.333333333333336,-8.211374388030624,-4.209211307984404,1.642049590325106e-13
245.67672387680696,-7.21306745543371,8.333333333333337,-8.213302358728896,-4.205395995810411,-4.631421921429786e-14
245.68643987468985,-7.216145770614908,8.333333333333336,-8.215209964383021,-4.201553639817914,5.894536990910637e-14
245.69615525358122,-7.219229489883535,8.333333333333336,-8.217098258845583,-4.19768479768472,8.420767129872338e-15
245.70587005042398,-7.2223183395858275,8.333333333333336,-8.218968312976921,-4.193790041123426,1.7262572616238293e-13
245.7155843027208,-7.225412041713782,8.333333333333336,-8.220821214734382,-4.18986995597603,-4.210383564936169e-15
245.7252980485365,-7.228510313879399,8.333333333333336,-8.22265806926165,-4.185925142308516,7.999728773378721e-14
245.73501132650162,-7.23161286928896,8.333333333333337,-8.224479998977978,-4.18195621450549,-1.2631150694808506e-14
245.74472417581495,-7.234719416717283,8.333333333333336,-8.22628814366747,-4.177963801364827,8.841805486365955e-14
245.75443663624677,-7.237829660481973,8.333333333333337,-8.228083660568304,-4.173948546192298,6.315575347404254e-14
245.7641487481417,-7.240943300417701,8.333333333333336,-8.229867724462004,-4.169911106896262,7.578690416885104e-14
245.77386055242175,-7.244060031850457,8.333333333333336,-8.23164152776261,-4.165852156082311,2.2315032894161697e-13
245.78357209058927,-7.247179545571799,8.333333333333336,-8.233406280605926,-4.1617723811479985,6.73661370389787e-14
245.79328340472978,-7.250301527813124,8.333333333333336,-8.23516321093869,-4.157672484377508,1.1368035625327657e-13
245.80299453751513,-7.253425660219929,8.333333333333336,-8.236913564607772,-4.153553183036407,-1.221011233831489e-13
245.81270553220625,-7.256551619826054,8.333333333333336,-8.238658605449329,-4.149415209466355,1.4736342477276593e-13
245.82241643265647,-7.2596790790279515,8.333333333333336,-8.240399615377964,-4.145259311179864,-7.578690416885104e-14
245.8321272833139,-7.262807705558948,8.333333333333336,-8.24213789447588,-4.141086250955062,-6.315575347404254e-14
245.8418381292249,-7.265937162463488,8.333333333333336,-8.24387476108199,-4.136896806930461,9.683882199353189e-14
245.85154901603673,-7.269067108071393,8.333333333333336,-8.245611551881051,-4.132691772699758,1.1368035625327657e-13
245.8612599900006,-7.27219719597213,8.333333333333337,-8.247349621992743,-4.128471957406635,2.1051917824680846e-14
245.87097109797455,-7.275327074989047,8.333333333333336,-8.249090345060793,-4.124238185839585,-6.315575347404254e-14
245.88068238742628,-7.2784563891536465,8.333333333333337,-8.250835113342008,-4.119991298526741,5.0524602779234026e-14
245.89039390643637,-7.2815847776798215,8.333333333333334,-8.252585337795377,-4.115732151830735,1.221011233831489e-13
245.90010570370094,-7.284711874938133,8.333333333333336,-8.254342448171075,-4.1114616180435615,1.221011233831489e-13
245.90981782853459,-7.287837310430036,8.333333333333337,-8.25610789309954,-4.1071805854814585,6.315575347404254e-14
245.9195303308734,-7.290960708762155,8.333333333333336,-8.257883140180471,-4.102889958579805,-1.2631150694808506e-14
245.92924326127778,-7.294081689620523,8.333333333333336,-8.259669676071825,-4.0985906579880345,-6.315575347404254e-14
245.93895667093543,-7.29719986774484,8.333333333333334,-8.261469006578828,-4.09428362066456,-1.642049590325106e-13
245.94867061166408,-7.300314852902723,8.333333333333336,-8.263282656742936,-4.0899697999717235,1.221011233831489e-13
245.95838513591468,-7.303426249863951,8.33333333333334,-8.2651121709308,-4.085650165770759,1.6841534259744676e-14
245.96810029677397,-7.306533658374728,8.333333333333334,-8.26695911292324,-4.081325704516765,-4.210383564936169e-14
245.97781614796753,-7.3096366731319184,8.333333333333337,-8.268825066004121,-4.076997419353686,8.420767129872338e-15
245.9875327438626,-7.312734883757307,8.333333333333336,-8.270711633049334,-4.072666330209348,9.262843842859572e-14
245.99725013947113,-7.315827874771847,8.333333333333336,-8.272620436615655,-4.0683334738904655,-6.315575347404254e-14
246.00696839045224,-7.318915225569901,8.333333333333336,-8.27455311902965,-4.06399990417769,0.0
246.01668755311562,-7.321996510393498,8.333333333333336,-8.276511342476551,-4.059666691920667,1.0525958912340423e-13
246.026407684424,-7.325071298306569,8.333333333333336,-8.278496789089107,-4.055334925133127,1.6841534259744676e-14
246.0361288419961,-7.328139153169206,8.333333333333337,-8.280511161036427,-4.051005709087954,-5.894536990910637e-14
246.0458510841095,-7.331199633611913,8.333333333333336,-8.282556180612811,-4.046680166412329,1.0525958912340423e-13
246.05557446970363,-7.334252293009826,8.333333333333336,-8.284633590326544,-4.042359437182833,1.9788802755199994e-13
246.06529905838232,-7.3372966794569825,8.333333333333337,-8.28674515298872,-4.038044679020611,7.578690416885104e-14
246.07502491041691,-7.340332335740556,8.333333333333336,-8.288892651801996,-4.033737067186534,-3.368306851948935e-14
246.0847520867488,-7.343358799315108,8.333333333333336,-8.291077890449357,-4.029437794676376,2.947268495455318e-14
246.09448064899266,-7.346375602276821,8.333333333333336,-8.293302693182875,-4.0251480723160284,-3.368306851948935e-14
246.10421065943876,-7.349382271337745,8.333333333333337,-8.295568904912423,-4.020869128856708,1.8104649329225526e-13
246.1139421810564,-7.352378327800042,8.333333333333337,-8.297878391294397,-4.0166022110702135,2.947268495455318e-14
246.12367527749598,-7.3553632875302375,8.333333333333337,-8.300233038820414,-4.012348583844163,1.4315304120782974e-13
246.13341001309254,-7.358336660933442,8.333333333333337,-8.302634754905975,-4.008109530277293,-2.1051917824680846e-14
246.14314645286797,-7.361297952927604,8.333333333333337,-8.305085467979142,-4.0038863517747405,1.5999457546757442e-13
246.15288466253423,-7.3642466629177505,8.333333333333337,-8.307587127569182,-3.999680368143367,-8.420767129872338e-15
246.16262470849583,-7.367182284770218,8.333333333333337,-8.310141704395175,-3.9954929176870944,-9.262843842859572e-14
246.17236665785273,-7.37010430678691,8.333333333333337,-8.312751190454648,-3.991325357302265,1.3894265764289357e-13
246.18211057840335,-7.373012211679513,8.333333333333337,-8.315417599112147,-3.9871790625730137,-4.210383564936169e-15
246.1918565386468,-7.375905476543751,8.333333333333337,-8.31814296518781,-3.9830554278666606,1.5578419190263825e-13
246.20160460778624,-7.378783572833614,8.333333333333337,-8.320929345045933,-3.9789558664291516,-2.1051917824680846e-14
246.2113548557311,-7.381645966335603,8.333333333333337,-8.323778816683504,-3.9748818104804697,-2.947268495455318e-14
246.22110735310034,-7.384492117142957,8.333333333333337,-8.326693479818697,-3.970834711310114,-3.789345208442552e-14
246.23086217122474,-7.387321479629891,8.333333333333337,-8.3296754559794,-3.9668160393725755,1.1368035625327657e-13
246.24061938215004,-7.390133502425839,8.33333333333334,-8.332726888591672,-3.9628272843828403,1.0946997268834039e-13
246.2503790586394,-7.392927628389679,8.333333333333337,-8.335849943068219,-3.958869955411921,-4.210383564936169e-15
246.26014127417616,-7.395703294583972,8.333333333333336,-8.339046806896814,-3.9549455809823946,3.368306851948935e-14
246.26990610296664,-7.398459932249186,8.333333333333337,-8.342319689728736,-3.9510557091639797,1.4736342477276593e-13
246.279673619943,-7.401196966777952,8.333333333333337,-8.345670823467154,-3.947201907669125,2.5262301389617013e-14
246.28944390076546,-7.403913817689262,8.333333333333337,-8.34910246235552,-3.9433857639486334,7.157652060391487e-14
246.2992170218256,-7.406609898602734,8.333333333333337,-8.352616883065913,-3.9396088852872873,7.999728773378721e-14
246.30899306024867,-7.409284617212814,8.333333333333337,-8.356216384787391,-3.935872898899519,2.1051917824680846e-14
246.31877209389637,-7.411937375263026,8.333333333333337,-8.359903289314305,-3.9321794520251014,-7.999728773378721e-14
246.32855420136949,-7.414567568520195,8.333333333333337,-8.363679941134583,-3.92853021202484,1.0104920555846805e-13
246.33833946201085,-7.417174586748676,8.333333333333337,-8.367548707518017,-3.924926866476331,4.210383564936169e-15
246.3481279559075,-7.419757813684573,8.333333333333337,-8.371511978604516,-3.9213711232696986,1.5999457546757442e-13
246.3579197638939,-7.422316627009987,8.333333333333337,-8.375572167492331,-3.9178647107033906,-1.3052189051302125e-13
246.367714967554,-7.424850398327219,8.333333333333337,-8.379731710326265,-3.914409377579978,2.947268495455318e-14
246.37751364922448,-7.427358493133018,8.333333333333337,-8.38399306638586,-3.911006893301998,-1.6841534259744676e-14
246.387315891997,-7.42984027079279,8.333333333333337,-8.388358718173562,-3.9076590479678064,2.947268495455318e-14
246.39712177972086,-7.432295084514827,8.333333333333337,-8.392831171502856,-3.9043676524674633,5.894536990910637e-14
246.4069313970058,-7.434722281324546,8.33333333333334,-8.397412955586388,-3.901134538578645,1.515738083377021e-13
246.41674482922454,-7.437121202038677,8.333333333333337,-8.402106623124062,-3.8979615590625856,-1.2631150694808508e-13
246.42656216251518,-7.4394911812395295,8.333333333333337,-8.406914750391106,-3.894850587760029,1.515738083377021e-13
246.43638348378425,-7.44183154724918,8.333333333333337,-8.411839937326103,-3.8918035196872367,4.210383564936169e-15
246.44620888070884,-7.444141622103712,8.333333333333337,-8.416884807619045,-3.888822271131998,1.6841534259744676e-14
246.4560384417394,-7.44642072152743,8.333333333333337,-8.422052008799298,-3.88590877974967,-1.6841534259744676e-14
246.46587225610233,-7.448668154907077,8.333333333333337,-8.427344212323591,-3.8830650046592647,1.0525958912340423e-13
246.47571041380255,-7.450883225266055,8.333333333333337,-8.43276411366397,-3.880292926539546,1.347322740779574e-13
246.48555300562595,-7.453065229238654,8.33333333333334,-8.438314432395682,-3.877594547725157,1.642049590325106e-13
