galstreams/tracks/track.st.Monoceros.ramos2020b.ecsv
# %ECSV 0.9
# ---
# datatype:
# - {name: ra, unit: deg, datatype: float64}
# - {name: dec, unit: deg, datatype: float64}
# - {name: distance, unit: kpc, datatype: float64}
# - {name: pm_ra_cosdec, unit: mas / yr, datatype: float64}
# - {name: pm_dec, unit: mas / yr, datatype: float64}
# - {name: radial_velocity, unit: km / s, datatype: float64}
# delimiter: ','
# meta: !!omap
# - __serialized_columns__:
#     dec:
#       __class__: astropy.coordinates.angles.Latitude
#       unit: &id001 !astropy.units.Unit {unit: deg}
#       value: !astropy.table.SerializedColumn {name: dec}
#     distance:
#       __class__: astropy.coordinates.distances.Distance
#       unit: !astropy.units.Unit {unit: kpc}
#       value: !astropy.table.SerializedColumn {name: distance}
#     pm_dec:
#       __class__: astropy.units.quantity.Quantity
#       unit: !astropy.units.Unit {unit: mas / yr}
#       value: !astropy.table.SerializedColumn {name: pm_dec}
#     pm_ra_cosdec:
#       __class__: astropy.units.quantity.Quantity
#       unit: !astropy.units.Unit {unit: mas / yr}
#       value: !astropy.table.SerializedColumn {name: pm_ra_cosdec}
#     ra:
#       __class__: astropy.coordinates.angles.Longitude
#       unit: *id001
#       value: !astropy.table.SerializedColumn {name: ra}
#       wrap_angle: !astropy.coordinates.Angle
#         unit: *id001
#         value: 360.0
#     radial_velocity:
#       __class__: astropy.units.quantity.Quantity
#       unit: !astropy.units.Unit {unit: km / s}
#       value: !astropy.table.SerializedColumn {name: radial_velocity}
# schema: astropy-2.0
ra,dec,distance,pm_ra_cosdec,pm_dec,radial_velocity
78.53515334544308,71.74058779541315,10.599999999999946,0.36021998078851497,0.16196157286171886,-2.1051917824680845e-15
78.80672072137052,71.48716457949787,10.599999999999952,0.35270608746675436,0.17628365481409752,1.0525958912340423e-15
79.10692281957148,71.24653116389413,10.599999999999957,0.35861476969954265,0.1661819968088565,2.1051917824680845e-15
79.43298253232814,71.01768710370804,10.599999999999959,0.3715666419375119,0.14155363109983432,2.6314897280851057e-16
79.78331800997061,70.80001408103176,10.599999999999962,0.387092821743528,0.10970444460220646,0.0
80.15699353753233,70.59308657687207,10.599999999999966,0.402219246884428,0.07585855513330632,1.0525958912340423e-15
80.55333131448701,70.39653547752314,10.59999999999997,0.4151168867368993,0.04358501300852809,-2.4999152416808503e-15
80.97164526519504,70.20995511958678,10.599999999999973,0.42481239886533867,0.015154819384300001,1.7104683232553186e-15
81.41106727951129,70.03284535822421,10.599999999999977,0.43095202945003985,-0.008161689471579164,-4.605107024148935e-16
81.87044316071699,69.86458130045413,10.599999999999977,0.43361146306216264,-0.025848726378159124,5.262979456170211e-16
82.34828084621712,69.70440432761383,10.599999999999978,0.43314492182523673,-0.037942951132567425,-2.368340755276595e-15
82.84273757269794,69.55142892716422,10.599999999999982,0.4300676045185672,-0.04486899733904281,7.8944691842553165e-16
83.35163581646779,69.40466066884953,10.599999999999982,0.42496631951461333,-0.047307013587723,-1.3157448640425529e-15
83.87250021871726,69.2630214032958,10.599999999999987,0.41843382155439235,-0.04608731999589491,-1.7104683232553186e-15
84.40260944744313,69.1253784410592,10.599999999999989,0.41102290139072667,-0.04210794540253896,6.578724320212764e-16
84.93905818612383,68.99057509280532,10.59999999999999,0.40321671902441253,-0.03627141299469328,1.1841703776382976e-15
85.47882529914008,68.8574605196557,10.599999999999993,0.39541224380262346,-0.029437672323447243,6.578724320212764e-16
86.0188448195673,68.7249173572268,10.599999999999996,0.3879139945309094,-0.022390528432235064,2.4341279984787227e-15
86.55607683538064,68.59188603627277,10.599999999999996,0.3809355806121533,-0.01581529562911387,2.6643833496861693e-15
87.08757569600328,68.45738512505436,10.599999999999998,0.3746068447376441,-0.010285711387243959,2.6643833496861693e-15
87.61055328271544,68.32052736154613,10.600000000000001,0.3689847058068975,-0.006258395897935897,2.2532130796728716e-15
88.12243542305795,68.18053132612101,10.599999999999998,0.3640660988320411,-0.004073347710857518,2.763064214489361e-15
88.62090990062677,68.03672892759458,10.6,0.35980170347000634,-0.003959138477551987,3.1906812953031906e-15
89.10396492015408,67.88856903949024,10.600000000000003,0.3561094384452567,-0.006041621408720357,4.654447456550531e-15
89.56991732290194,67.73561773310247,10.600000000000001,0.35288696793500723,-0.010355107580706024,3.486723889712765e-15
90.0174302899311,67.5775556152572,10.600000000000003,0.35002271037175803,-0.01685509769989728,2.763064214489361e-15
90.44552069746763,67.41417279897277,10.600000000000005,0.3474050535711615,-0.025431787494320842,2.170979025670212e-15
90.85355667630694,67.24536202285503,10.600000000000007,0.3449296580763632,-0.03592369320061221,2.8946387008936164e-15
91.24124625633604,67.07111039868732,10.600000000000005,0.34250487101479277,-0.04813086846052406,3.289362160106382e-15
91.6086182338914,66.89149021468022,10.600000000000003,0.34005537598615915,-0.06182730304047941,-1.3157448640425528e-16
91.95599657649501,66.70664916174748,10.600000000000009,0.3375242731766916,-0.07677220446226746,2.1051917824680845e-15
92.28396977587649,66.51680028824833,10.600000000000007,0.33487382238895275,-0.09271996340002268,-2.6314897280851058e-15
92.59335658118245,66.32221192966426,10.600000000000007,0.3320850954475316,-0.10942869067650189,-1.5788938368510633e-15
92.8851694994444,66.12319780690297,10.600000000000007,0.3291567793865034,-0.12666728681022274,-1.0525958912340423e-15
93.16057735210484,65.92010744213964,10.600000000000007,0.32610335370374216,-0.1442210641022148,-2.1051917824680845e-15
93.4208680384316,65.71331700487669,10.600000000000005,0.32295283895426574,-0.16189598674910002,-4.210383564936169e-15
93.66741249272971,65.5032206728288,10.600000000000007,0.31974428434851987,-0.1795216275641641,-4.73668151055319e-15
93.90163064511565,65.29022257126765,10.600000000000007,0.31652513211306776,-0.19695296211414529,-6.8418732930212744e-15
94.12496001626491,65.07472933916466,10.600000000000007,0.31334856843976966,-0.2140711341716461,-7.894469184255318e-15
94.33882740387286,64.85714335931324,10.600000000000005,0.3102709462594009,-0.23078333211223476,-7.368171238638296e-15
94.54462395923673,64.63785668112038,10.600000000000005,0.30734934443029716,-0.2470219159279139,-7.368171238638296e-15
94.74368381085048,64.41724565767997,10.600000000000005,0.3046393112607375,-0.2627429303838569,-5.2629794561702115e-15
94.93726627074153,64.19566631209362,10.600000000000003,0.3021928272209072,-0.27792413278579725,-7.368171238638296e-15
95.12654155934098,63.97345044113172,10.600000000000001,0.3000565116566249,-0.2925626548835764,-1.0525958912340423e-14
95.31257990554184,63.750902456859606,10.600000000000003,0.29827009061193993,-0.30667240841068655,-8.420767129872338e-15
95.49634381886698,63.5282969586893,10.600000000000003,0.29686513683270693,-0.32028133323782465,-1.0525958912340423e-14
95.67868328830453,63.30587701955898,10.600000000000005,0.2958640880706394,-0.33342857650898694,-5.2629794561702115e-15
95.86033363497096,63.08385316084381,10.600000000000003,0.29527954546916496,-0.346161680694484,-7.368171238638296e-15
96.04191573081013,62.86240298150058,10.600000000000009,0.2951138497554331,-0.3585338483887868,-5.2629794561702115e-15
96.22393829054744,62.64167139822648,10.600000000000005,0.2953589289859082,-0.3706013419753956,-1.1578554803574466e-14
96.40680194681397,62.4217714454333,10.600000000000005,0.2959964076111681,-0.3824210669970644,-1.473634247727659e-14
96.59080482670568,62.202785576937686,10.600000000000003,0.2969979626483843,-0.3940483792000188,-9.47336302110638e-15
96.7761493603548,61.98476740570766,10.600000000000007,0.29832590885545496,-0.4055351467462458,-1.0525958912340423e-14
96.96295006698574,61.767743813976075,10.600000000000007,0.2999339911103387,-0.41692809099180583,-7.368171238638296e-15
97.15124208035809,61.55171736364153,10.600000000000007,0.30176835885396186,-0.42826742150554276,-1.1578554803574466e-14
97.3409901926995,61.336668936149024,10.600000000000009,0.30376869459625905,-0.4395857736615772,-5.2629794561702115e-15
97.53209821369231,61.12256053193274,10.600000000000007,0.305869466237656,-0.4509074502080236,-6.315575347404253e-15
97.72441845848621,60.90933816189798,10.600000000000007,0.3080012714203742,-0.46224796173720345,-4.210383564936169e-15
97.91776119591454,60.6969347671537,10.600000000000007,0.31009224135832775,-0.47361385501579956,-1.0525958912340423e-14
98.1119039050449,60.48527310808157,10.600000000000007,0.3120694716260907,-0.4850028127416044,-8.420767129872338e-15
98.30660020491315,60.2742685696148,10.600000000000007,0.31386044820326076,-0.496404003543656,-1.0525958912340423e-14
98.50158833882463,60.06383183606065,10.600000000000009,0.31539443862219435,-0.5077986569979063,-6.315575347404253e-15
98.69659911100376,59.85387139569967,10.600000000000007,0.3166038202759579,-0.5191608351448644,-6.315575347404253e-15
98.89136318966304,59.64429584250179,10.600000000000007,0.31742532070723123,-0.5304583695081903,-6.315575347404253e-15
99.08561770673948,59.43501594940878,10.600000000000007,0.31780114789942465,-0.5416539309448162,-2.1051917824680845e-15
99.27911210056104,59.225946494561605,10.600000000000005,0.31767999210163533,-0.5527061988077039,-8.420767129872338e-15
99.47161316347419,59.017007828442935,10.600000000000007,0.31701788441140194,-0.5635710958495914,-2.1051917824680845e-15
99.66290927185518,58.80812717604345,10.600000000000007,0.3157789010915029,-0.5742030559961249,-8.420767129872338e-15
99.85281379078897,58.599239673750674,10.600000000000009,0.31393570629842343,-0.5845562935057942,-6.315575347404253e-15
100.04116765985418,58.39028914564567,10.600000000000007,0.3114699294554155,-0.5945860440313115,-6.315575347404253e-15
100.22784117971668,58.18122862824231,10.600000000000005,0.308372376835241,-0.6042497506085477,-8.420767129872338e-15
100.4127350314269,57.97202065641073,10.600000000000009,0.30464307996927825,-0.6135081705221697,-6.315575347404253e-15
100.59578057127105,57.76263732630304,10.600000000000007,0.3002911862324727,-0.6223263822248835,0.0
100.77693945360231,57.55306015357324,10.600000000000007,0.2953346993473778,-0.6306746749131764,-1.0525958912340423e-14
100.95620264215813,57.343279747095615,10.600000000000007,0.28980007960069776,-0.6385293068847683,-2.1051917824680845e-15
101.1335888768839,57.133295319778185,10.600000000000007,0.2837217152802567,-0.6458731223276872,-6.315575347404253e-15
101.3091426681872,56.92311405899137,10.600000000000007,0.2771412782366821,-0.6526960196349492,-1.473634247727659e-14
101.48293189384462,56.71275037963313,10.600000000000005,0.2701069775756663,-0.6589952676319062,-6.315575347404253e-15
101.65504507551118,56.5022250829755,10.600000000000003,0.2626727263198149,-0.6647756691889393,-6.315575347404253e-15
101.82558841201265,56.2915644442242,10.600000000000005,0.25489723647032325,-0.6700495745278239,-1.473634247727659e-14
101.99468264543314,56.08079925121152,10.600000000000003,0.24684305827263342,-0.6748367490867851,0.0
102.1624598335714,55.869963815860636,10.600000000000005,0.23857557966789855,-0.6791641030704025,0.0
102.3290600987671,55.659094979038876,10.600000000000007,0.23016200191040914,-0.6830652917702724,-4.210383564936169e-15
102.49462841855323,55.44823112817871,10.600000000000003,0.22167030716232142,-0.6865801974037493,-6.315575347404253e-15
102.65931151822775,55.23741124561167,10.600000000000003,0.21316823354921588,-0.6897543045910695,-6.315575347404253e-15
102.82325491942105,55.026674003953275,10.600000000000001,0.20472227267776705,-0.6926379826904083,-4.210383564936169e-15
102.98660019222383,54.81605692311679,10.600000000000003,0.19639670398232906,-0.6952856890535052,-8.420767129872338e-15
103.1494824515811,54.605595601641646,10.600000000000001,0.18825267948156132,-0.6977551078702058,0.0
103.31202813159646,54.39532303302515,10.599999999999998,0.18034737159046657,-0.7001062396571005,-6.315575347404253e-15
103.47435306425366,54.18526901566528,10.600000000000001,0.17273319554988525,-0.7024004566307396,-4.210383564936169e-15
103.6365608819647,53.97545966289372,10.600000000000001,0.1654571168095366,-0.7046995392048601,-6.315575347404253e-15
103.7987417564043,53.765917017424535,10.600000000000001,0.15856005234025916,-0.7070647086767372,-2.1051917824680845e-15
103.96097147937284,53.55665877240496,10.599999999999998,0.15207637336833246,-0.7095556708307114,-4.210383564936169e-15
104.12331088502697,53.34769809915982,10.599999999999998,0.14603351543579718,-0.7122296846957457,-8.420767129872338e-15
104.2858056067948,53.13904357970737,10.6,0.1404517000158636,-0.7151406700554508,0.0
104.44848615670739,52.930699240221934,10.599999999999998,0.13534377017591945,-0.7183383665294398,-2.1051917824680845e-15
104.61136830977897,52.722664679862206,10.599999999999998,0.13071514100959328,-0.7218675561299253,0.0
104.77445377149685,52.514935287799155,10.599999999999996,0.12656386378353987,-0.7257673601536192,2.1051917824680845e-15
104.93773110246836,52.30750253989217,10.599999999999998,0.12288080099528564,-0.730070620103882,-2.1051917824680845e-15
105.10117687084889,52.100354365292254,10.599999999999998,0.11964990784714932,-0.7348033710613775,8.420767129872338e-15
105.26475700036023,51.893475572317314,10.599999999999998,0.11684861403890472,-0.7399844145452334,-2.1051917824680845e-15
105.42842827951971,51.68684832225159,10.6,0.11444829829758463,-0.745624996445613,0.0
105.59213999614761,51.480452639277146,10.599999999999998,0.11241484672305649,-0.7517285940801843,2.1051917824680845e-15
105.75583566031042,51.27426694454599,10.599999999999998,0.11070928485553358,-0.7582908148513899,0.0
105.91945477858296,51.06826860244196,10.599999999999998,0.10928847238450567,-0.7652994073811492,4.210383564936169e-15
106.08293464287156,50.862434467349416,10.599999999999998,0.10810584863141917,-0.7727343843989708,4.210383564936169e-15
106.24621209800996,50.6567414197262,10.599999999999994,0.10711221635948348,-0.7805682550838575,1.2631150694808506e-14
106.40922525390054,50.451166880951845,10.599999999999996,0.10625655109683332,-0.7887663630355964,-4.210383564936169e-15
106.57191511008934,50.245689297266246,10.599999999999996,0.10548682300267312,-0.7972873246023985,4.210383564936169e-15
106.73422706329592,50.04028858410682,10.599999999999996,0.10475081835418448,-0.8060835609432635,4.210383564936169e-15
106.89611227151771,49.834946523265934,10.599999999999996,0.10399694797517878,-0.8151019159767351,0.0
107.05752885183546,49.62964710650214,10.599999999999998,0.10317503035275224,-0.8242843512816331,0.0
107.21844289290104,49.42437682052154,10.599999999999998,0.10223703778006923,-0.8335687080853101,4.210383564936169e-15
107.37882926721444,49.21912486957433,10.599999999999996,0.10113779460473622,-0.8428895257122264,4.210383564936169e-15
107.53867223262348,49.013883333263124,10.599999999999996,0.09983561753493023,-0.8521789052772519,4.210383564936169e-15
107.69796581692377,48.80864725851018,10.599999999999998,0.09829288894130259,-0.8613674069967938,8.420767129872338e-15
107.8567139839159,48.603414685958704,10.599999999999996,0.09647655517386186,-0.8703849692550402,4.210383564936169e-15
108.01493058370977,48.39818661236858,10.599999999999996,0.09435854307266814,-0.879161837496802,4.210383564936169e-15
108.17263909436709,48.19296689178984,10.6,0.09191608907363637,-0.8876294911136158,-4.210383564936169e-15
108.3298721660625,47.987762079439776,10.599999999999998,0.08913197658185823,-0.8957215567338996,0.0
108.48667098274478,47.78258122325517,10.599999999999998,0.08599467859186091,-0.9033746967067698,0.0
108.64308445971692,47.577435609022814,10.6,0.08249840386575119,-0.9105294620667268,8.420767129872338e-15
108.79916829856455,47.37233846579592,10.6,0.07864304632584082,-0.9171310998659872,0.0
108.9549839233831,47.167304638965135,10.599999999999998,0.07443403866852227,-0.9231303054458226,0.0
109.1105973242373,46.96235023886018,10.599999999999998,0.06988211255148385,-0.9284839109712244,0.0
109.26607783518716,46.75749227309844,10.6,0.0650029690373905,-0.9331555023589295,8.420767129872338e-15
109.42149687500081,46.552748271061894,10.6,0.05981686428391697,-0.9371159575729695,0.0
109.57692667882255,46.348135908865316,10.6,0.05434811674160972,-0.9403439001317364,-4.210383564936169e-15
109.7324390485616,46.143672642972035,10.6,0.04862454334546554,-0.942826062555211,8.420767129872338e-15
109.88810414861015,45.93937536021677,10.600000000000001,0.04267683334999797,-0.9445575553713084,0.0
110.04398937169651,45.73526005140848,10.599999999999998,0.03653786954621194,-0.9455420381889612,-4.210383564936169e-15
110.20015829724996,45.53134151491694,10.599999999999998,0.030242007596426004,-0.9457917902267281,4.210383564936169e-15
110.35666976162575,45.32763309570086,10.600000000000001,0.02382432511232263,-0.9453276785550884,4.210383564936169e-15
110.51357705595507,45.12414646412929,10.6,0.0173198528654398,-0.9441790231647978,8.420767129872338e-15
110.67092726329405,44.920891437697485,10.6,0.010762801139866357,-0.9423833588104551,0.0
110.8287607422142,44.71787584736586,10.600000000000001,0.004185794696902778,-0.9399860943961307,-4.210383564936169e-15
110.987110759075,44.51510544878326,10.600000000000001,-0.002380869895255905,-0.9370400714674338,0.0
111.14600326603549,44.31258387712245,10.599999999999998,-0.0089099307216228,-0.933605024151286,4.210383564936169e-15
111.30545681649068,44.1103126426909,10.600000000000001,-0.015377817036239168,-0.9297469436409245,4.210383564936169e-15
