galstreams/tracks/track.st.C-8.ibata2021.ecsv
# %ECSV 0.9
# ---
# datatype:
# - {name: ra, unit: deg, datatype: float64}
# - {name: dec, unit: deg, datatype: float64}
# - {name: distance, unit: kpc, datatype: float64}
# - {name: pm_ra_cosdec, unit: mas / yr, datatype: float64}
# - {name: pm_dec, unit: mas / yr, datatype: float64}
# - {name: radial_velocity, unit: km / s, datatype: float64}
# delimiter: ','
# meta: !!omap
# - __serialized_columns__:
#     dec:
#       __class__: astropy.coordinates.angles.Latitude
#       unit: &id001 !astropy.units.Unit {unit: deg}
#       value: !astropy.table.SerializedColumn {name: dec}
#     distance:
#       __class__: astropy.coordinates.distances.Distance
#       unit: !astropy.units.Unit {unit: kpc}
#       value: !astropy.table.SerializedColumn {name: distance}
#     pm_dec:
#       __class__: astropy.units.quantity.Quantity
#       unit: !astropy.units.Unit {unit: mas / yr}
#       value: !astropy.table.SerializedColumn {name: pm_dec}
#     pm_ra_cosdec:
#       __class__: astropy.units.quantity.Quantity
#       unit: !astropy.units.Unit {unit: mas / yr}
#       value: !astropy.table.SerializedColumn {name: pm_ra_cosdec}
#     ra:
#       __class__: astropy.coordinates.angles.Longitude
#       unit: *id001
#       value: !astropy.table.SerializedColumn {name: ra}
#       wrap_angle: !astropy.coordinates.Angle
#         unit: *id001
#         value: 360.0
#     radial_velocity:
#       __class__: astropy.units.quantity.Quantity
#       unit: !astropy.units.Unit {unit: km / s}
#       value: !astropy.table.SerializedColumn {name: radial_velocity}
# schema: astropy-2.0
ra,dec,distance,pm_ra_cosdec,pm_dec,radial_velocity
[from data line 140]
335.34876919760046,-80.71389782975304,3.6971339452554073,8.7266882780155,5.744887766508706,-6.315575347404254e-14
335.3877084068139,-80.7053241111442,3.6972628836264168,8.724435323564018,5.750401362169419,-6.105056169157445e-14
335.42643601337414,-80.69674096151978,3.697384252236522,8.722195454126782,5.755889488602889,-5.2629794561702114e-14
335.4649528724139,-80.68814845186374,3.697498074728282,8.719968632215247,5.761352259626737,-3.157787673702127e-14
335.5032598378492,-80.6795466526429,3.697604374744258,8.717754820024895,5.766789788669024,-4.631421921429786e-14
335.541357762359,-80.6709356338105,3.6977031759270087,8.715553979440635,5.772202188766835,-3.789345208442552e-14
335.5792474973652,-80.66231546480905,3.6977945019190948,8.71336607204208,5.777589572564891,-6.947132882144679e-14
335.61692989301326,-80.653686214574,3.697878376363078,8.711191059108847,5.782952052314266,-6.526094525651062e-14
335.6544057981533,-80.64504795153631,3.697954822901517,8.709028901625722,5.7882897398711615,-3.5788260301957434e-14
335.69167606032056,-80.63640074362637,3.6980238651769715,8.70687956028788,5.793602746695662,-5.0524602779234026e-14
335.72874152571825,-80.62774465827643,3.698085526832003,8.704742995505928,5.798891183850668,-5.6840178126638284e-14
335.76560303919854,-80.61907976242438,3.698139831509171,8.702619167411013,5.8041551620007645,-4.210383564936169e-14
335.80226144424546,-80.61040612251645,3.698186802851035,8.700508035859805,5.809394791411241,-5.894536990910637e-14
335.83871758295726,-80.60172380451073,3.6982264645001575,8.69840956043948,5.814610181947044,-4.4209027431829774e-14
335.8749722960299,-80.59303287387988,3.6982588400990952,8.696323700472622,5.819801443071946,-5.894536990910637e-14
335.91102642274,-80.58433339561473,3.698283953290412,8.694250415022086,5.824968683847579,-5.0524602779234026e-14
335.94688080092914,-80.575625434227,3.6983018277166653,8.692189662895812,5.830112012932682,-5.2629794561702114e-14
335.98253626698744,-80.56690905375252,3.6983124870204174,8.69014140265159,5.835231538582292,-5.2629794561702114e-14
336.0179936558383,-80.55818431775454,3.6983159548442255,8.688105592601818,5.8403273686469985,-5.2629794561702114e-14
336.05325380092324,-80.54945128932636,3.6983122548306526,8.686082190818091,5.845399610572288,-5.0524602779234026e-14
336.08831753418656,-80.54071003109495,3.6983014106222574,8.68407115513592,5.850448371397894,-6.947132882144679e-14
336.1231856860615,-80.53196060522346,3.698283445861602,8.68207244315921,5.855473757757233,-5.4734986344170195e-14
336.15785908545513,-80.52320307341476,3.6982583841912433,8.680086012264907,5.860475875876772,-5.4734986344170195e-14
336.19233855973505,-80.51443749691407,3.6982262492537443,8.678111819607347,5.865454831575653,-4.8419410996765944e-14
336.2266249347155,-80.50566393651233,3.6981870646916644,8.676149822122806,5.870410730265114,-5.0524602779234026e-14
336.26071903464407,-80.49688245254886,3.698140854147563,8.674199976533833,5.875343676948139,-6.315575347404254e-14
336.2946216821887,-80.4880931049148,3.698087641264001,8.672262239353586,5.880253776219041,-4.4209027431829774e-14
336.3283336984247,-80.47929595305558,3.698027449683539,8.670336566890162,5.885141132263144,-6.947132882144679e-14
336.36185590282275,-80.47049105597446,3.697960303048736,8.668422915250844,5.890005848856478,-5.0524602779234026e-14
336.39518911323665,-80.46167847223502,3.697886225002153,8.666521240346267,5.894848029365522,-7.578690416885104e-14
336.4283341458912,-80.45285825996447,3.69780523918635,8.664631497894643,5.899667776746964,-5.2629794561702114e-14
336.4612918153707,-80.44403047685627,3.6977173692438865,8.66275364342584,5.904465193547527,-5.4734986344170195e-14
336.49406293460805,-80.43519518017348,3.6976226388173243,8.660887632285451,5.909240381903826,-4.8419410996765944e-14
336.52664831487317,-80.42635242675121,3.6975210715492226,8.659033419638842,5.9139934435422585,-3.157787673702127e-14
336.55904876576267,-80.417502273,3.6974126910821408,8.657190960475141,5.9187244797788825,-4.4209027431829774e-14
336.59126509518916,-80.40864477490825,3.697297521058639,8.655360209611143,5.9234335915194505,-4.631421921429786e-14
336.62329810937126,-80.39977998804562,3.6971755851212804,8.653541121695257,5.928120879259329,-5.0524602779234026e-14
336.6551486128234,-80.39090796756538,3.6970469069126226,8.65173365121132,5.932786443083553,-5.4734986344170195e-14
336.6868174083461,-80.38202876820775,3.6969115100752252,8.649937752482462,5.9374303826668715,-5.6840178126638284e-14
336.718305297017,-80.37314244430233,3.69676941825165,8.648153379674786,5.942052797273868,-4.4209027431829774e-14
336.7496130781811,-80.36424904977135,3.6966206550844563,8.646380486801217,5.946653785759002,-4.8419410996765944e-14
336.7807415494421,-80.3553486381321,3.6964652442162054,8.644619027725074,5.951233446566869,-5.2629794561702114e-14
336.8116915066537,-80.34644126250015,3.696303209289456,8.642868956163806,5.955791877732261,-5.894536990910637e-14
336.84246374391114,-80.33752697559169,3.6961345739467677,8.641130225692523,5.960329176880484,-5.4734986344170195e-14
336.8730590535429,-80.32860582972684,3.6959593618307034,8.639402789747617,5.964845441227485,-6.526094525651062e-14
336.9034782261028,-80.31967787683193,3.695777596583821,8.637686601630241,5.969340767580243,-5.894536990910637e-14
336.9337220503622,-80.31074316844268,3.6955893018486816,8.635981614509836,5.973815252336927,-5.0524602779234026e-14
336.9637913133025,-80.3018017557067,3.6953945012678453,8.63428778142753,5.978268991487324,-5.0524602779234026e-14
336.9936868001079,-80.29285368938623,3.6951932184838716,8.63260505529955,5.982702080613151,-6.73661370389787e-14
337.0234092941581,-80.28389901986112,3.694985477139322,8.630933388920623,5.987114614888367,-6.105056169157445e-14
337.0529595770218,-80.27493779713122,3.6947713008767558,8.629272734967236,5.991506689079688,-5.4734986344170195e-14
337.0823384284495,-80.26597007081935,3.694550713338733,8.627623046000998,5.995878397546875,-4.631421921429786e-14
337.11154662636756,-80.25699589017377,3.6943237381678142,8.625984274471813,6.000229834243301,-5.4734986344170195e-14
337.14058494687185,-80.24801530407113,3.694090399006559,8.62435637272114,6.004561092716328,-7.368171238638296e-14
337.16945416422175,-80.23902836101875,3.693850719497529,8.622739292985127,6.008872266107866,-6.105056169157445e-14
337.1981550508339,-80.2300351091578,3.6936047232832827,8.621132987397793,6.013163447154829,-5.4734986344170195e-14
337.2266883772773,-80.2210355962653,3.693352434006382,8.619537407994065,6.017434728189722,-5.894536990910637e-14
337.25505491226727,-80.21202986975743,3.693093875309385,8.617952506712893,6.021686201141166,-3.157787673702127e-14
337.28325542266055,-80.20301797669153,3.692829070834853,8.616378235400227,6.025917957534499,-4.210383564936169e-14
337.31129067345006,-80.19399996376922,3.6925580442253465,8.614814545812038,6.030130088492341,-5.2629794561702114e-14
337.3391614277602,-80.18497587733852,3.692280819123425,8.613261389617241,6.034322684735273,-6.105056169157445e-14
337.3668684468421,-80.1759457633969,3.691997419171649,8.611718718400631,6.038495836582421,-4.210383564936169e-14
337.3944124900692,-80.16690966759339,3.6917078680125788,8.61018648366575,6.042649633952142,-5.6840178126638284e-14
337.42179431493275,-80.15786763523154,3.691412189288775,8.608664636837736,6.04678416636268,-4.631421921429786e-14
337.449014677038,-80.14881971127161,3.691110406642796,8.607153129266127,6.050899522932904,-6.73661370389787e-14
337.47607433009983,-80.13976594033343,3.690802543717204,8.605651912227646,6.054995792382967,-4.4209027431829774e-14
337.50297402593935,-80.13070636669856,3.690488624154558,8.60416093692892,6.059073063035085,-5.4734986344170195e-14
337.52971451448,-80.12164103431317,3.6901686715974185,8.60268015450922,6.063131422814229,-6.105056169157445e-14
337.55629654374434,-80.11256998679012,3.689842709688346,8.6012095160431,6.067170959248965,-4.8419410996765944e-14
337.58272085985044,-80.1034932674119,3.6895107620699,8.599748972543068,6.071191759472141,-5.0524602779234026e-14
337.6089882070091,-80.0944109191326,3.6891728523846417,8.598298474962151,6.075193910221775,-8.631286308119147e-14
337.6350993275206,-80.08532298458081,3.688829004275131,8.59685797419651,6.079177497841811,-4.631421921429786e-14
337.66105496177215,-80.0762295060617,3.688479241383927,8.595427421087964,6.083142608282944,-5.894536990910637e-14
337.6868558482349,-80.06713052555976,3.6881235873535902,8.5940067664265,6.087089327103472,-4.210383564936169e-14
337.7125027234618,-80.05802608474087,3.687762065826682,8.592595960952742,6.091017739470175,-5.894536990910637e-14
337.73799632208494,-80.04891622495512,3.687394700445761,8.591194955360413,6.094927930159128,-5.6840178126638284e-14
337.76333737681347,-80.03980098723869,3.6870215148533894,8.589803700298726,6.098819983556643,-5.4734986344170195e-14
337.78852661843143,-80.03068041231677,3.686642532692125,8.58842214637481,6.102693983660087,-6.315575347404254e-14
337.8135647757961,-80.02155454060544,3.686257777604529,8.58705024415601,6.106550014078885,-5.6840178126638284e-14
337.83845257583596,-80.01242341221428,3.6858672732331623,8.585687944172232,6.110388158035373,-5.4734986344170195e-14
337.86319074354884,-80.0032870669488,3.685471043220584,8.584335196918262,6.1142084983657154,-7.578690416885104e-14
337.887780002001,-79.99414554431237,3.6850691112093554,8.582991952855975,6.1180111175209095,-6.315575347404254e-14
337.9122210723252,-79.98499888350906,3.6846615008420347,8.581658162416621,6.121796097567683,-7.999728773378721e-14
337.9365146737198,-79.9758471234454,3.6842482357611854,8.580333776002973,6.125563520189505,-5.4734986344170195e-14
337.96066152344724,-79.96669030273317,3.683829339609364,8.579018743991572,6.129313466687491,-4.4209027431829774e-14
337.98466233683354,-79.95752845969122,3.6834048360291325,8.577713016734794,6.133046017981481,-7.157652060391487e-14
338.00851782726704,-79.94836163234811,3.682974748663052,8.576416544563017,6.136761254610965,-4.8419410996765944e-14
338.03222870619794,-79.93918985844402,3.6825391011536803,8.575129277786711,6.140459256736103,-5.894536990910637e-14
338.05579568313726,-79.93001317543339,3.682097917143579,8.57385116669848,6.144140104138751,-5.894536990910637e-14
338.07921946565693,-79.92083162048664,3.6816512202753087,8.572582161575083,6.1478038762234934,-4.4209027431829774e-14
338.10250075938865,-79.91164523049291,3.6811990341914296,8.571322212679494,6.1514506520186085,-7.999728773378721e-14
338.1256402680245,-79.90245404206176,3.680741382534501,8.570071270262812,6.155080510177231,-7.789209595131913e-14
338.1486386933158,-79.89325809152585,3.680278288947082,8.568829284566265,6.1586935289782705,-6.947132882144679e-14
338.1714967350738,-79.8840574149426,3.6798097770717355,8.567596205823119,6.162289786327539,-6.73661370389787e-14
338.1942150911694,-79.87485204809686,3.67933587055102,8.566371984260565,6.165869359758804,-5.4734986344170195e-14
338.2167944575334,-79.86564202650254,3.678856593027496,8.565156570101621,6.169432326434854,-6.526094525651062e-14
338.2392355281567,-79.85642738540533,3.678371968143725,8.563949913566944,6.1729787631485635,-6.105056169157445e-14
338.26153899509086,-79.8472081597842,3.6778820195422637,8.562751964876679,6.176508746324026,-3.789345208442552e-14
338.2837055484481,-79.83798438435409,3.677386770865675,8.56156267425226,6.180022352017548,-7.157652060391487e-14
338.3057358764024,-79.8287560935675,3.6768862457565192,8.560381991918137,6.183519655918872,-6.105056169157445e-14
338.32763066518993,-79.81952332161707,3.6763804678573555,8.559209868103594,6.187000733352174,-6.73661370389787e-14
338.34939059910977,-79.81028610243715,3.675869460810744,8.5580462530444,6.190465659277238,-6.105056169157445e-14
338.3710163605247,-79.80104446970633,3.675353248259247,8.556891096984572,6.193914508290508,-4.4209027431829774e-14
338.3925086298626,-79.79179845684911,3.6748318538454203,8.55574435017799,6.197347354626294,-5.0524602779234026e-14
338.4138680856167,-79.78254809703826,3.6743053012118287,8.554605962890108,6.200764272157802,-4.8419410996765944e-14
338.4350954043476,-79.77329342319653,3.6737736140010293,8.553475885399516,6.204165334398356,-5.2629794561702114e-14
338.4561912606836,-79.76403446799901,3.673236815855585,8.552354067999605,6.207550614502445,-5.4734986344170195e-14
338.4771563273229,-79.75477126387474,3.6726949304180523,8.55124046100011,6.210920185266942,-4.631421921429786e-14
338.4979912750341,-79.74550384300913,3.6721479813309945,8.550135014728697,6.214274119132149,-6.526094525651062e-14
338.5186967726585,-79.73623223734552,3.67159599223697,8.549037679532457,6.217612488183071,-4.631421921429786e-14
338.53927348711085,-79.7269564785874,3.67103898677854,8.547948405779469,6.220935364150453,-7.578690416885104e-14
338.55972208338176,-79.71767659820043,3.670476988598265,8.546867143860256,6.224242818411986,-7.157652060391487e-14
338.5800432245388,-79.70839262741403,3.6699100213387035,8.545793844189273,6.2275349219934775,-6.73661370389787e-14
338.6002375717286,-79.69910459722381,3.6693381086424175,8.544728457206354,6.230811745569964,-5.0524602779234026e-14
338.6203057841785,-79.68981253839294,3.668761274151966,8.543670933378129,6.234073359466922,-5.0524602779234026e-14
338.64024851919885,-79.6805164814546,3.6681795415099097,8.542621223199458,6.237319833661401,-4.631421921429786e-14
338.66006643218464,-79.67121645671337,3.6675929343588094,8.541579277194762,6.24055123778322,-6.315575347404254e-14
338.6797601766176,-79.66191249424755,3.6670014763412238,8.540545045919464,6.243767641116116,-5.0524602779234026e-14
338.69933040406875,-79.65260462391065,3.666405191099714,8.539518479961256,6.246969112598932,-7.157652060391487e-14
338.7187777642002,-79.64329287533361,3.665804102276839,8.538499529941483,6.250155720826789,-4.631421921429786e-14
338.7381029047675,-79.63397727792635,3.6651982335151607,8.537488146516417,6.253327534052258,-7.157652060391487e-14
338.75730647162226,-79.6246578608798,3.6645876084572384,8.536484280378547,6.256484620186535,-6.315575347404254e-14
338.7763891087142,-79.61533465316757,3.6639722507456334,8.535487882257843,6.259627046800663,-6.315575347404254e-14
338.795351458094,-79.60600768354797,3.663352184022903,8.534498902923033,6.262754881126648,-5.0524602779234026e-14
338.81419415991536,-79.59667698056553,3.6627274319316108,8.533517293182765,6.2658681900586926,-6.73661370389787e-14
338.83291785243824,-79.58734257255315,3.6620980181143157,8.532543003886873,6.268967040154369,-5.894536990910637e-14
338.85152317203097,-79.57800448763348,3.661463966213576,8.53157598592755,6.272051497635807,-6.73661370389787e-14
338.87001075317306,-79.56866275372106,3.660825299871955,8.530616190240515,6.2751216283908455,-6.73661370389787e-14
338.88838122845857,-79.55931739852372,3.66018204273201,8.529663567806155,6.2781774979742915,-5.0524602779234026e-14
338.90663522859785,-79.54996844954472,3.6595342184363044,8.52871806965069,6.28121917160902,-6.315575347404254e-14
338.92477338242156,-79.54061593408404,3.658881850627395,8.527779646847266,6.2842467141872635,-7.157652060391487e-14
338.9427963168828,-79.5312598792406,3.6582249629478434,8.526848250517062,6.287260190271692,-5.894536990910637e-14
338.96070465706055,-79.52190031191341,3.657563579040211,8.525923831830365,6.2902596640966895,-5.894536990910637e-14
338.9784990261625,-79.51253725880389,3.6568977225470567,8.52500634200766,6.293245199569497,-5.0524602779234026e-14
338.9961800455284,-79.50317074641694,3.6562274171109403,8.524095732320642,6.296216860271419,-5.894536990910637e-14
339.0137483346327,-79.49380080106314,3.6555526863744228,8.523191954093289,6.299174709458983,-5.4734986344170195e-14
339.0312045110884,-79.48442744886002,3.6548735539800634,8.522294958702826,6.302118810065188,-6.315575347404254e-14
339.0485491906498,-79.47505071573407,3.6541900435704244,8.521404697580778,6.305049224700625,-6.73661370389787e-14
