galstreams/tracks/track.st.Phlegethon.ibata2024.ecsv
# %ECSV 1.0
# ---
# datatype:
# - {name: ra, unit: deg, datatype: float64}
# - {name: dec, unit: deg, datatype: float64}
# - {name: distance, unit: kpc, datatype: float64}
# - {name: pm_ra_cosdec, unit: mas / yr, datatype: float64}
# - {name: pm_dec, unit: mas / yr, datatype: float64}
# - {name: radial_velocity, unit: km / s, datatype: float64}
# delimiter: ','
# meta: !!omap
# - __serialized_columns__:
#     dec:
#       __class__: astropy.coordinates.angles.Latitude
#       unit: &id001 !astropy.units.Unit {unit: deg}
#       value: !astropy.table.SerializedColumn {name: dec}
#     distance:
#       __class__: astropy.coordinates.distances.Distance
#       unit: !astropy.units.Unit {unit: kpc}
#       value: !astropy.table.SerializedColumn {name: distance}
#     pm_dec:
#       __class__: astropy.units.quantity.Quantity
#       unit: !astropy.units.Unit {unit: mas / yr}
#       value: !astropy.table.SerializedColumn {name: pm_dec}
#     pm_ra_cosdec:
#       __class__: astropy.units.quantity.Quantity
#       unit: !astropy.units.Unit {unit: mas / yr}
#       value: !astropy.table.SerializedColumn {name: pm_ra_cosdec}
#     ra:
#       __class__: astropy.coordinates.angles.Longitude
#       unit: *id001
#       value: !astropy.table.SerializedColumn {name: ra}
#       wrap_angle: !astropy.coordinates.Angle
#         unit: *id001
#         value: 360.0
#     radial_velocity:
#       __class__: astropy.units.quantity.Quantity
#       unit: !astropy.units.Unit {unit: km / s}
#       value: !astropy.table.SerializedColumn {name: radial_velocity}
# schema: astropy-2.0
ra,dec,distance,pm_ra_cosdec,pm_dec,radial_velocity
[from data line 1847]
317.6388524838647,-40.012765310990716,1.0000000000000007,-5.641692158348483,-35.9160854620673,99.46062708902718
317.6426173033448,-40.00315025030648,1.0000000000000009,-5.6396348403999506,-35.919001454247564,99.34707679892705
317.64638062943385,-39.99353499214527,1.0000000000000009,-5.637577809219594,-35.921914907311674,99.23353835969361
317.6501424628772,-39.98391953661964,1.0000000000000009,-5.6355210649673015,-35.92482582159364,99.1200117684515
317.65390280442006,-39.97430388384191,1.0000000000000009,-5.633464607802655,-35.92773419742737,99.00649702232555
317.65766165480704,-39.964688033924375,1.0000000000000009,-5.631408437884962,-35.930640035146695,98.89299411844034
317.6614190147821,-39.955071986979206,1.0000000000000009,-5.629352555373275,-35.93354333508537,98.7795030539207
317.66517488508856,-39.945455743118565,1.0000000000000009,-5.627296960426396,-35.93644409757704,98.66602382589143
317.66892926646943,-39.93583930245442,1.0000000000000009,-5.6252416532028295,-35.93934232295532,98.55255643147714
317.672682159667,-39.92622266509868,1.0000000000000009,-5.623186633860808,-35.94223801155365,98.4391008678026
317.67643356542294,-39.916605831163174,1.0000000000000009,-5.621131902558311,-35.94513116370547,98.32565713199257
317.6801834844785,-39.90698880075955,1.0000000000000007,-5.619077459453052,-35.94802177974409,98.21222522117178
317.6839319175743,-39.897371573999564,1.0000000000000009,-5.617023304702475,-35.95090986000274,98.09880513246496
317.6876788654504,-39.88775415099468,1.0000000000000009,-5.614969438463748,-35.95379540481456,97.98539686299681
317.6914243288463,-39.878136531856356,1.0000000000000009,-5.612915860893771,-35.95667841451261,97.87200040989201
317.6951683085011,-39.86851871669588,1.0000000000000007,-5.610862572149173,-35.959558889429864,97.7586157702754
317.69891080515305,-39.85890070562462,1.0000000000000007,-5.608809572386342,-35.96243682989921,97.64524294127175
317.7026518195401,-39.84928249875367,1.0000000000000009,-5.606756861761368,-35.96531223625346,97.53188192000559
317.70639135239946,-39.83966409619413,1.0000000000000009,-5.604704440430098,-35.96818510882531,97.41853270360185
317.7101294044679,-39.83004549805693,1.0000000000000009,-5.602652308548093,-35.97105544794741,97.30519528918516
317.7138659764817,-39.820426704452935,1.0000000000000009,-5.600600466270655,-35.973923253952286,97.19186967388029
317.7176010691764,-39.81080771549303,1.0000000000000007,-5.598548913752838,-35.97678852717242,97.07855585481194
317.72133468328707,-39.80118853128785,1.0000000000000009,-5.596497651149403,-35.97965126794015,96.96525382910485
317.7250668195484,-39.79156915194802,1.0000000000000009,-5.594446678614853,-35.98251147658779,96.85196359388377
317.72879747869405,-39.78194957758404,1.0000000000000009,-5.592395996303444,-35.985369153447536,96.73868514627341
317.73252666145777,-39.77232980830625,1.0000000000000009,-5.590345604369136,-35.98822429885149,96.62541848339858
317.73625436857225,-39.762709844225135,1.0000000000000009,-5.588295502965663,-35.99107691313171,96.51216360238386
317.7399806007699,-39.75308968545082,1.0000000000000007,-5.586245692246459,-35.99392699662013,96.39892050035415
317.74370535878245,-39.743469332093476,1.0000000000000009,-5.5841961723647175,-35.996774549648585,96.28568917443403
317.74742864334115,-39.73384878426314,1.0000000000000009,-5.58214694347335,-35.99961957254887,96.1724696217483
317.7511504551767,-39.724228042069726,1.0000000000000009,-5.580098005725015,-36.002462065652665,96.05926183942174
317.7548707950191,-39.7146071056232,1.0000000000000009,-5.578049359272118,-36.005302029291585,95.94606582457902
317.758589663598,-39.704985975033274,1.0000000000000009,-5.576001004266778,-36.00813946379712,95.8328815743449
317.7623070616425,-39.695364650409644,1.0000000000000009,-5.573952940860875,-36.01097436950073,95.71970908584409
317.766022989881,-39.685743131861805,1.0000000000000009,-5.571905169205998,-36.013806746733735,95.60654835620133
317.7697374490414,-39.676121419499395,1.0000000000000009,-5.569857689453506,-36.01663659582742,95.49339938254128
317.7734504398511,-39.66649951343177,1.0000000000000007,-5.5678105017544794,-36.01946391711294,95.38026216198887
317.77716196303703,-39.6568774137682,1.0000000000000007,-5.5657636062597255,-36.02228871092139,95.26713669166858
317.78087201932544,-39.647255120617935,1.0000000000000009,-5.563717003119806,-36.025110977583765,95.15402296870536
317.78458060944206,-39.63763263409006,1.0000000000000009,-5.56167069248502,-36.027930717431,95.04092099022388
317.7882877341121,-39.62800995429368,1.0000000000000007,-5.559624674505401,-36.03074793079392,94.92783075334872
317.7919933940601,-39.61838708133772,1.0000000000000007,-5.557578949330734,-36.03356261800328,94.81475225520478
317.79569759001043,-39.60876401533102,1.0000000000000009,-5.555533517110514,-36.03637477938973,94.70168549291672
317.7994003226865,-39.5991407563823,1.000000000000001,-5.553488377993996,-36.03918441528384,94.58863046360936
317.80310159281134,-39.589517304600314,1.0000000000000007,-5.551443532130198,-36.04199152601615,94.4755871644073
317.8068014011074,-39.57989366009361,1.0000000000000009,-5.549398979667828,-36.044796111916995,94.36255559243538
317.8104997482967,-39.57026982297067,1.0000000000000009,-5.547354720755368,-36.047598173316736,94.2495357448182
317.81419663510064,-39.56064579333988,1.0000000000000007,-5.545310755541039,-36.05039771054563,94.1365276186807
317.81789206224,-39.55102157130952,1.0000000000000007,-5.54326708417278,-36.053194723933785,94.0235312111475
317.8215860304351,-39.54139715698789,1.0000000000000009,-5.5412237067982995,-36.05598921381129,93.9105465193432
317.82527854040586,-39.53177255048306,1.0000000000000009,-5.539180623565029,-36.05878118050812,93.79757354039273
317.82896959287143,-39.52214775190308,1.0000000000000007,-5.537137834620154,-36.0615706243542,93.68461227142079
317.83265918855045,-39.51252276135586,1.0000000000000009,-5.535095340110589,-36.064357545679286,93.57166270955197
317.83634732816114,-39.502897578949245,1.0000000000000009,-5.533053140182988,-36.067141944813145,93.45872485191119
317.8400340124211,-39.493272204791076,1.0000000000000009,-5.5310112349837794,-36.06992382208541,93.34579869562306
317.84371924204737,-39.48364663898898,1.0000000000000007,-5.528969624659092,-36.07270317782562,93.23288423781226
317.84740301775656,-39.474020881650524,1.0000000000000009,-5.526928309354826,-36.07548001236327,93.1199814756037
317.8510853402646,-39.464394932883216,1.0000000000000009,-5.524887289216612,-36.07825432602773,93.00709040612205
317.8547662102871,-39.4547687927944,1.0000000000000009,-5.522846564389816,-36.081026119148326,92.89421102649199
317.85844562853885,-39.445142461491486,1.0000000000000009,-5.52080613501957,-36.08379539205425,92.78134333383821
317.86212359573426,-39.435515939081625,1.0000000000000009,-5.518766001250736,-36.08656214507464,92.66848732528543
317.86580011258724,-39.42588922567199,1.0000000000000009,-5.516726163227925,-36.08932637853854,92.55564299795863
317.86947517981105,-39.41626232136953,1.0000000000000009,-5.5146866210954695,-36.09208809277491,92.44281034898228
317.87314879811856,-39.40663522628133,1.0000000000000009,-5.512647374997487,-36.094847288112625,92.3299893754812
317.876820968222,-39.39700794051416,1.0000000000000009,-5.510608425077816,-36.09760396488052,92.21718007458006
317.88049169083297,-39.38738046417482,1.0000000000000009,-5.508569771480039,-36.10035812340725,92.1043824434038
317.8841609666629,-39.377752797369986,1.0000000000000009,-5.506531414347475,-36.10310976402147,91.99159647907686
317.8878287964222,-39.368124940206194,1.0000000000000009,-5.504493353823211,-36.105858887051696,91.87882217872418
317.89149518082104,-39.35849689279004,1.0000000000000009,-5.502455590050072,-36.1086054928264,91.76605953947043
317.89516012056913,-39.3488686552279,1.0000000000000007,-5.50041812317062,-36.11134958167394,91.65330855844027
317.89882361637547,-39.33924022762611,1.0000000000000009,-5.4983809533271675,-36.1140911539226,91.54056923275861
317.9024856689485,-39.3296116100908,1.0000000000000007,-5.496344080661775,-36.1168302099006,91.42784155954989
317.90614627899635,-39.31998280272826,1.0000000000000009,-5.494307505316254,-36.11956674993604,91.3151255359392
317.90980544722635,-39.310353805644496,1.0000000000000009,-5.4922712274321555,-36.12230077435695,91.20242115905101
317.91346317434545,-39.30072461894546,1.0000000000000009,-5.490235247150784,-36.12503228349128,91.08972842601015
317.9171194610601,-39.291095242737015,1.0000000000000009,-5.488199564613175,-36.1277612776669,90.97704733394139
317.92077430807626,-39.28146567712492,1.0000000000000009,-5.486164179960124,-36.130487757211576,90.86437787996933
317.9244277160991,-39.27183592221496,1.0000000000000007,-5.484129093332191,-36.13321172245302,90.75172006121882
317.9280796858335,-39.26220597811272,1.0000000000000009,-5.482094304869647,-36.13593317371882,90.6390738748145
317.9317302179838,-39.2525758449237,1.0000000000000007,-5.480059814712554,-36.13865211133651,90.52643931788127
317.9353793132537,-39.24294552275326,1.0000000000000009,-5.4780256230006685,-36.141368535633546,90.41381638754353
317.9390269723464,-39.23331501170691,1.0000000000000009,-5.4759917298735505,-36.14408244693727,90.3012050809265
317.94267319596474,-39.22368431188979,1.0000000000000009,-5.473958135470477,-36.14679384557493,90.18860539515443
317.9463179848108,-39.21405342340711,1.0000000000000009,-5.4719248399304865,-36.14950273187377,90.07601732735235
317.9499613395862,-39.20442234636392,1.0000000000000009,-5.469891843392352,-36.15220910616084,89.96344087464485
317.9536032609921,-39.19479108086518,1.0000000000000009,-5.467859145994608,-36.15491296876319,89.85087603415677
317.9572437497292,-39.185159627015885,1.0000000000000009,-5.465826747875547,-36.15761432000776,89.73832280301278
317.9608828064974,-39.17552798492079,1.0000000000000009,-5.463794649173198,-36.16031316022138,89.62578117833749
317.9645204319964,-39.165896154684624,1.0000000000000009,-5.461762850025343,-36.16300948973084,89.51325115725591
317.9681566269251,-39.156264136412055,1.0000000000000009,-5.459731350569516,-36.165703308862795,89.40073273689254
317.97179139198226,-39.146631930207526,1.0000000000000009,-5.457700150942984,-36.16839461794387,89.28822591437216
317.9754247278656,-39.13699953617565,1.0000000000000009,-5.455669251282815,-36.17108341730058,89.17573068681966
317.97905663527257,-39.12736695442073,1.0000000000000009,-5.453638651725773,-36.173769707259325,89.06324705135953
317.9826871149003,-39.11773418504705,1.0000000000000007,-5.451608352408407,-36.17645348814651,88.95077500511667
317.9863161674451,-39.108101228158816,1.0000000000000009,-5.44957835346699,-36.17913476028833,88.83831454521572
317.9899437936029,-39.09846808386007,1.0000000000000009,-5.447548655037583,-36.18181352401102,88.72586566878151
317.993569994069,-39.08883475225497,1.0000000000000009,-5.445519257255967,-36.184489779640636,88.61342837293864
317.99719476953834,-39.07920123344737,1.0000000000000009,-5.443490160257692,-36.18716352750321,88.50100265481194
318.0008181207052,-39.069567527541146,1.0000000000000007,-5.441461364178059,-36.18983476792467,88.38858851152617
318.0044400482634,-39.059933634639975,1.0000000000000009,-5.43943286915211,-36.19250350123085,88.27618594020593
318.00806055290633,-39.050299554847655,1.0000000000000009,-5.437404675314657,-36.19516972774753,88.16379493797604
318.0116796353266,-39.04066528826772,1.0000000000000007,-5.435376782800269,-36.19783344780039,88.0514155019612
318.0152972962166,-39.03103083500366,1.0000000000000007,-5.433349191743238,-36.200494661714984,87.93904762928618
318.018913536268,-39.0213961951589,1.0000000000000009,-5.431321902277633,-36.20315336981685,87.82669131707571
318.0225283561721,-39.01176136883671,1.0000000000000007,-5.4292949145372695,-36.20580957243142,87.7143465624545
318.0261417566195,-39.00212635614043,1.0000000000000007,-5.4272682286557306,-36.20846326988399,87.60201336254725
318.0297537383005,-38.992491157173156,1.0000000000000009,-5.425241844766342,-36.21111446249989,87.48969171447878
318.03336430190467,-38.98285577203795,1.000000000000001,-5.423215763002178,-36.21376315060424,87.37738161537372
318.0369734481212,-38.973220200837744,1.0000000000000009,-5.421189983496079,-36.216409334522154,87.26508306235685
318.0405811776388,-38.96358444367554,1.0000000000000009,-5.419164506380646,-36.219053014578634,87.15279605255294
318.0441874911454,-38.9539485006541,1.0000000000000009,-5.417139331788221,-36.2216941910986,87.04052058308666
318.0477923893289,-38.94431237187611,1.0000000000000007,-5.4151144598509005,-36.224332864406904,86.9282566510828
318.0513958728762,-38.93467605744423,1.0000000000000009,-5.413089890700547,-36.22696903482829,86.81600425366602
318.0549979424739,-38.92503955746093,1.0000000000000009,-5.411065624468765,-36.22960270268744,86.70376338796109
318.0585985988082,-38.915402872028785,1.0000000000000009,-5.409041661286944,-36.23223386830896,86.5915340510927
318.0621978425645,-38.90576600125013,1.0000000000000007,-5.407018001286203,-36.23486253201731,86.4793162401857
318.0657956744279,-38.89612894522721,1.0000000000000009,-5.404994644597426,-36.23748869413696,86.3671099523647
318.0693920950829,-38.886491704062294,1.0000000000000007,-5.402971591351251,-36.24011235499221,86.25491518475444
318.0729871052136,-38.87685427785738,1.000000000000001,-5.400948841678073,-36.24273351490735,86.14273193447973
318.0765807055035,-38.867216666714626,1.0000000000000009,-5.3989263957080595,-36.24535217420657,86.0305601986652
318.08017289663553,-38.857578870735935,1.0000000000000007,-5.396904253571112,-36.24796833321392,85.91839997443573
318.0837636792922,-38.847940890023146,1.0000000000000009,-5.394882415396913,-36.250581992253416,85.80625125891594
318.0873530541555,-38.83830272467803,1.0000000000000009,-5.392860881314875,-36.25319315164899,85.69411404923055
318.090941021907,-38.82866437480223,1.0000000000000009,-5.390839651454187,-36.25580181172449,85.5819883425043
318.09452758322743,-38.81902584049745,1.0000000000000009,-5.388818725943814,-36.25840797280365,85.46987413586201
318.09811273879745,-38.80938712186515,1.0000000000000009,-5.386798104912444,-36.26101163521016,85.35777142642834
318.1016964892969,-38.79974821900675,1.0000000000000007,-5.384777788488542,-36.26361279926762,85.24568021132798
318.1052788354052,-38.79010913202356,1.0000000000000009,-5.3827577768003225,-36.26621146529951,85.13360048768575
318.1088597778014,-38.780469861016925,1.0000000000000009,-5.380738069975777,-36.2688076336293,85.0215322526263
318.1124393171638,-38.77083040608798,1.0000000000000009,-5.378718668142648,-36.2714013045803,84.90947550327445
318.1160174541703,-38.761190767337794,1.0000000000000009,-5.3766995714284365,-36.27399247847577,84.79743023675485
318.1195941894984,-38.75155094486738,1.0000000000000009,-5.374680779960391,-36.2765811556389,84.68539645019229
318.1231695238249,-38.741910938777615,1.0000000000000009,-5.372662293865538,-36.27916733639278,84.57337414071152
318.1267434578263,-38.73227074916942,1.0000000000000009,-5.370644113270667,-36.28175102106041,84.46136330543716
318.1303159921784,-38.72263037614348,1.0000000000000009,-5.368626238302319,-36.28433220996473,84.34936394149405
318.1338871275566,-38.7129898198005,1.0000000000000009,-5.366608669086796,-36.28691090342858,84.23737604600687
318.13745686463585,-38.703349080240955,1.0000000000000009,-5.364591405750147,-36.289487101774725,84.12539961610037
318.14102520409045,-38.693708157565474,1.0000000000000007,-5.362574448418214,-36.292060805325846,84.01343464889928
318.14459214659433,-38.684067051874415,1.000000000000001,-5.360557797216578,-36.29463201440451,83.90148114152831
318.14815769282075,-38.674425763268076,1.0000000000000009,-5.358541452270597,-36.297200729333305,83.78953909111225
318.1517218434427,-38.664784291846715,1.0000000000000009,-5.356525413705366,-36.29976695043459,83.67760849477571
