galstreams/tracks/track.st.NGC6397.ibata2021.ecsv
# %ECSV 1.0
# ---
# datatype:
# - {name: ra, unit: deg, datatype: float64}
# - {name: dec, unit: deg, datatype: float64}
# - {name: distance, unit: kpc, datatype: float64}
# - {name: pm_ra_cosdec, unit: mas / yr, datatype: float64}
# - {name: pm_dec, unit: mas / yr, datatype: float64}
# - {name: radial_velocity, unit: km / s, datatype: float64}
# delimiter: ','
# meta: !!omap
# - __serialized_columns__:
#     dec:
#       __class__: astropy.coordinates.angles.Latitude
#       unit: &id001 !astropy.units.Unit {unit: deg}
#       value: !astropy.table.SerializedColumn {name: dec}
#     distance:
#       __class__: astropy.coordinates.distances.Distance
#       unit: !astropy.units.Unit {unit: kpc}
#       value: !astropy.table.SerializedColumn {name: distance}
#     pm_dec:
#       __class__: astropy.units.quantity.Quantity
#       unit: !astropy.units.Unit {unit: mas / yr}
#       value: !astropy.table.SerializedColumn {name: pm_dec}
#     pm_ra_cosdec:
#       __class__: astropy.units.quantity.Quantity
#       unit: !astropy.units.Unit {unit: mas / yr}
#       value: !astropy.table.SerializedColumn {name: pm_ra_cosdec}
#     ra:
#       __class__: astropy.coordinates.angles.Longitude
#       unit: *id001
#       value: !astropy.table.SerializedColumn {name: ra}
#       wrap_angle: !astropy.coordinates.Angle
#         unit: *id001
#         value: 360.0
#     radial_velocity:
#       __class__: astropy.units.quantity.Quantity
#       unit: !astropy.units.Unit {unit: km / s}
#       value: !astropy.table.SerializedColumn {name: radial_velocity}
# schema: astropy-2.0
ra,dec,distance,pm_ra_cosdec,pm_dec,radial_velocity
[from data line 1134]
277.4140056963633,-54.06036409961805,2.5440428888426436,4.948617095628229,-15.660113730461106,13.325625591642066
277.4308761080684,-54.06083891414641,2.5441242098839814,4.9508917902597815,-15.657546973503608,13.390086074758905
277.44774694837156,-54.06131053849223,2.544205486029404,4.953167165178193,-15.654981050741746,13.454650283192676
277.4646182150173,-54.0617789600472,2.54428671741672,4.955443223731714,-15.652415964309885,13.519318005217183
277.4814899057294,-54.06224416620334,2.5443679041837304,4.957719969266639,-15.649851716340748,13.584089029105964
277.4983620182108,-54.062706144353115,2.544449046468241,4.95999740512732,-15.647288308965386,13.648963143132793
277.515234550144,-54.06316488188936,2.544530144408055,4.962275534656177,-15.644725744313178,13.713940135571354
277.5321074991905,-54.06362036620531,2.544611198140978,4.964554361193664,-15.642164024511827,13.779019794695353
277.5489808629913,-54.06407258469464,2.544692207804812,4.96683388807829,-15.639603151687403,13.844201908778379
277.5658546391666,-54.06452152475145,2.5447731735373647,4.969114118646646,-15.637043127964269,13.909486266094337
277.58272882531594,-54.06496717377022,2.5448540954764374,4.971395056233337,-15.634483955465189,13.97487265491673
277.5996034190181,-54.06540951914591,2.5449349737598363,4.973676704171064,-15.631925636311225,14.04036086351928
277.6164784178313,-54.06584854827387,2.545015808525364,4.975959065790599,-15.629368172621803,14.105950680175692
277.6333538192927,-54.06628424855,2.5450965999108264,4.978242144420737,-15.626811566514688,14.17164189315972
277.65022962091916,-54.06671660737053,2.5451773480540267,4.980525943388369,-15.624255820106008,14.23743429074497
277.66710582020664,-54.06714561213226,2.5452580530927693,4.982810466018437,-15.621700935510226,14.303327661205211
277.6839824146304,-54.067571250232376,2.545338715164859,4.98509571563396,-15.619146914840167,14.369321792814015
277.70085940164495,-54.06799350906863,2.5454193344080998,4.987381695556023,-15.616593760207019,14.435416473845239
277.71773677868424,-54.068412376039156,2.5454999109602956,4.989668409103779,-15.614041473720313,14.501611492572401
277.73461454316134,-54.068827838542674,2.545580444959251,4.991955859594456,-15.611490057487943,14.56790663726929
277.7514926924688,-54.06923988397836,2.5456609365427707,4.9942440503433625,-15.608939513616168,14.63430169620968
277.76837122397814,-54.069648499745895,2.545741385848657,4.996532984663862,-15.606389844209634,14.700796457667073
277.78525013504054,-54.07005367324548,2.5458217930147167,4.9988226658674115,-15.603841051371305,14.767390709915256
277.80212942298635,-54.07045539187786,2.5459021581787535,5.00111309726355,-15.601293137202536,14.83408424122797
277.81900908512506,-54.070853643044266,2.545982481478571,5.003404282159874,-15.598746103803073,14.9008768398788
277.8358891187457,-54.07124841414649,2.5460627630519737,5.005696223862099,-15.596199953270993,14.967768294141537
277.8527695211164,-54.07163969258687,2.546143003036766,5.007988925673985,-15.593654687702784,15.034758392289799
277.86965028948464,-54.072027465768286,2.546223201570751,5.010282390897399,-15.591110309193299,15.101846922597344
277.8865314210772,-54.07241172109418,2.5463033587917345,5.0125766228322854,-15.588566819835748,15.169033673337792
277.9034129131003,-54.072792445968545,2.546383474837521,5.014871624776691,-15.586024221721743,15.236318432784895
277.92029476273916,-54.07316962779598,2.546463549845914,5.017167400026727,-15.583482516941277,15.303700989212311
277.9371769671585,-54.07354325398162,2.5465435839547177,5.019463951876617,-15.580941707582713,15.371181130893762
277.9540595235024,-54.07391331193122,2.5466235773017356,5.021761283618673,-15.578401795732834,15.4387586461029
277.97094242889403,-54.07427978905111,2.5467035300247733,5.0240593985432955,-15.575862783476769,15.506433323113379
277.9878256804361,-54.07464267274822,2.5467834422616353,5.026358299938994,-15.573324672898044,15.57420495019899
278.00470927521036,-54.075001950430114,2.5468633141501242,5.028657991092361,-15.57078746607862,15.64207331563342
278.02159321027807,-54.075357609504934,2.5469431458280467,5.030958475288084,-15.568251165098804,15.710038207690237
278.0384774826797,-54.07570963738148,2.547022937433205,5.03325975580898,-15.565715772037318,15.77809941464325
278.055362089435,-54.07605802146915,2.547102689103404,5.035561835935942,-15.563181288971286,15.84625672476613
278.0722470275431,-54.076402749178,2.5471824009764474,5.037864718947973,-15.560647717976245,15.91450992633248
278.08913229398246,-54.07674380791873,2.547262073190141,5.040168408122199,-15.558115061126085,15.982858807616138
278.1060178857108,-54.07708118510268,2.547341705882288,5.0424729067338365,-15.555583320493167,16.051303156890743
278.12290379966504,-54.077414868141844,2.547421299190692,5.044778218056205,-15.553052498148213,16.119842762429915
278.13979003276165,-54.077744844448915,2.5475008532531587,5.047084345360767,-15.55052259616037,16.188477412507428
278.15667658189614,-54.07807110143723,2.547580368207493,5.049391291917058,-15.547993616597198,16.257206895396966
278.1735634439436,-54.07839362652079,2.5476598441914966,5.051699060992753,-15.545465561524669,16.32603099937212
278.1904506157582,-54.078712407114345,2.5477392813429747,5.054007655853643,-15.54293843300717,16.39494951270669
278.20733809417356,-54.079027430633275,2.547818679799733,5.05631707976363,-15.540412233107503,16.463962223674358
278.2242258760027,-54.07933868449369,2.5478980396995747,5.0586273359847445,-15.53788696388689,16.533068920548768
278.2411139580377,-54.07964615611242,2.5479773611803034,5.0609384277771206,-15.535362627404979,16.60226939160361
278.2580023370503,-54.079949832907,2.548056644379724,5.063250358399045,-15.53283922571984,16.67156342511264
278.27489100979125,-54.08024970229567,2.5481358894356414,5.0655631311069085,-15.53031676088796,16.74095080934948
278.2917799729908,-54.080545751697436,2.5482150964858596,5.067876749155231,-15.527795234964273,16.81043133258792
278.30866922335844,-54.08083796853203,2.548294265668183,5.070191215796661,-15.525274650002128,16.880004783101544
278.3255587575831,-54.08112634021992,2.5483733971204146,5.072506534281992,-15.52275500805332,16.949670949164076
278.342448572333,-54.08141085418232,2.54845249098036,5.074822707860136,-15.52023631116805,17.01942961904927
278.35933866425563,-54.08169149784121,2.548531547385822,5.077139739778131,-15.517718561395004,17.08928058103066
278.3762290299778,-54.081968258619376,2.548610566474607,5.079457633281182,-15.515201760781261,17.159223623382072
278.3931196661059,-54.082241123940335,2.548689548384518,5.081776391612611,-15.512685911372355,17.229258534377244
278.4100105692254,-54.08251008122838,2.5487684932533603,5.084096018013872,-15.510171015212272,17.29938510228973
278.426901735901,-54.08277511790861,2.548847401218936,5.086416515724567,-15.507657074343449,17.369603115393232
278.44379316267725,-54.08303622140693,2.5489262724190516,5.088737887982467,-15.505144090806745,17.439912361961508
278.46068484607764,-54.08329337915004,2.54900510699151,5.091060138023466,-15.502632066641482,17.51031263026831
278.47757678260507,-54.083546578565425,2.549083905074116,5.093383269081587,-15.500121003885452,17.580803708587144
278.4944689687418,-54.083795807081444,2.5491626668046736,5.095707284389028,-15.497610904574866,17.6513853851919
278.51136140094957,-54.08404105212722,2.549241392320988,5.098032187176152,-15.495101770744412,17.722057448356164
278.5282540756693,-54.08428230113275,2.549320081760862,5.100357980671429,-15.492593604427244,17.792819686353607
278.5451469893215,-54.08451954152884,2.549398735262102,5.102684668101528,-15.490086407654948,17.863671887457947
278.5620401383058,-54.08475276074717,2.5494773529625085,5.10501225269126,-15.48758018245761,17.93461383994293
278.5789335190013,-54.08498194622027,2.5495559349998906,5.107340737663573,-15.485074930863735,18.00564533208217
278.5958271277666,-54.0852070853815,2.5496344815120486,5.10967012623963,-15.48257065490035,18.076766152149375
278.6127209609394,-54.085428165665135,2.5497129926367887,5.112000421638686,-15.480067356592897,18.147976088418318
278.629615014837,-54.085645174506276,2.5497914685119154,5.114331627078214,-15.477565037965316,18.219274929162548
278.64650928575605,-54.08585809934095,2.5498699092752317,5.1166637457738355,-15.475063701040032,18.29066246265581
278.66340376997243,-54.08606692760606,2.5499483150645434,5.118996780939347,-15.472563347837923,18.362138477171886
278.6802984637417,-54.0862716467394,2.5500266860176533,5.1213307357867075,-15.470063980378352,18.433702760984403
278.6971933632984,-54.08647224417965,2.5501050222723665,5.1236656135260406,-15.467565600679173,18.50535510236696
278.7140884648569,-54.08666870736646,2.5501833239664866,5.126001417365677,-15.465068210756698,18.57709528959343
278.73098376461064,-54.08686102374032,2.5502615912378186,5.12833815051209,-15.46257181262574,18.648923110937417
278.74787925873255,-54.0870491807427,2.5503398242241673,5.130675816169934,-15.460076408299603,18.72083835467248
278.7647749433752,-54.08723316581601,2.5504180230633344,5.133014417542087,-15.457581999790072,18.79284080907257
278.78167081467006,-54.08741296640357,2.5504961878931276,5.135353957829544,-15.455088589107422,18.864930262411207
278.7985668687285,-54.08758856994963,2.5505743188513486,5.137694440231538,-15.452596178260428,18.93710650296205
278.81546310164117,-54.087759963899465,2.5506524160758035,5.140035867945462,-15.450104769256338,19.009369318998985
278.83235950947795,-54.087927135699246,2.550730479704295,5.142378244166904,-15.447614364100936,19.08171849879548
278.8492560882883,-54.088090072796135,2.5508085098746283,5.1447215720896455,-15.445124964798476,19.15415383062536
278.8661528341012,-54.08824876263827,2.550886506724607,5.147065854905673,-15.44263657335172,19.226675102762314
278.88304974292475,-54.08840319267479,2.550964470392036,5.14941109580513,-15.440149191761943,19.29928210347993
278.8999468107469,-54.08855335035581,2.55104240101472,5.151757297976402,-15.437662822028914,19.37197462105204
278.91684403353463,-54.088699223132416,2.551120298730462,5.1541044646060366,-15.435177466150916,19.44475244375222
278.93374140723466,-54.08884079845674,2.5511981636770664,5.156452598878813,-15.43269312612476,19.517615359854158
278.95063892777307,-54.08897806378193,2.5512759959923397,5.1588017039777005,-15.43020980394573,19.590563157631724
278.9675365910553,-54.0891110065621,2.5513537958140824,5.1611517830838745,-15.42772750160767,19.663595625358376
278.9844343929665,-54.089239614252456,2.5514315632801017,5.1635028393767275,-15.425246221102903,19.73671255130798
279.00133232937077,-54.08936387430918,2.5515092985282006,5.165854876033827,-15.422765964422304,19.80991372375408
279.0182303961123,-54.08948377418956,2.551587001696185,5.168207896231,-15.420286733555242,19.88319893097054
279.0351285890144,-54.08959930135186,2.551664672921857,5.170561903142266,-15.41780853048964,19.956567961230903
279.05202690387983,-54.08971044325544,2.5517423123430216,5.17291689993986,-15.41533135721193,20.030020602808925
279.0689253364909,-54.08981718736075,2.551819920097484,5.175272889794227,-15.412855215707056,20.10355664397829
279.0858238826096,-54.08991952112923,2.551897496323048,5.17762987587406,-15.410380107958526,20.177175873012672
279.102722537977,-54.09001743202348,2.5519750411575175,5.1799878613462464,-15.40790603594837,20.25087807818577
279.119621298314,-54.09011090750714,2.552052554738696,5.182346849375913,-15.405433001657148,20.324663047771264
279.1365201593209,-54.09019993504493,2.552130037204389,5.184706843126429,-15.40296100706395,20.398530570042904
279.1534191166775,-54.09028450210271,2.5522074886924004,5.187067845759365,-15.400490054146426,20.472480433274363
279.17031816604316,-54.09036459614743,2.5522849093405355,5.189429860434528,-15.398020144880753,20.546512425739326
279.1872173030565,-54.09044020464711,2.5523622992865964,5.191792890309976,-15.395551281241667,20.620626335711368
279.20411652333604,-54.09051131507096,2.552439658668388,5.194156938541985,-15.39308346520245,20.694821951464323
279.2210158224796,-54.09057791488927,2.5525169876237164,5.196522008285107,-15.390616698734895,20.769099061271884
279.2379151960646,-54.09063999157351,2.552594286290385,5.198888102692069,-15.388150983809396,20.84345745340765
279.2548146396479,-54.09069753259622,2.552671554806197,5.201255224913916,-15.385686322394882,20.91789691614538
279.271714148766,-54.09075052543114,2.5527487933089574,5.203623378099881,-15.383222716458842,20.992417237758744
279.28861371893504,-54.09079895755316,2.55282600193647,5.20599256539748,-15.38076016796731,21.067018206521443
279.30551334565047,-54.09084281643833,2.55290318082654,5.208362789952456,-15.378298678884896,21.14169961070714
279.32241302438746,-54.09088208956387,2.5529803301169713,5.210734054908829,-15.375838251174756,21.21646123858958
279.3393127506007,-54.09091676440816,2.5530574499455683,5.213106363408841,-15.37337888679864,21.29130287844241
279.35621251972447,-54.090946828450804,2.553134540450135,5.215479718593026,-15.370920587716824,21.36622431853929
279.3731123271727,-54.09097226917256,2.5532116017684747,5.217854123600168,-15.368463355888196,21.44122534715402
279.39001216833867,-54.090993074055405,2.5532886340383936,5.220229581567293,-15.3660071932702,21.516305752560235
279.4069120385956,-54.0910092305825,2.553365637397694,5.222606095629718,-15.363552101818833,21.591465323031585
279.4238119332959,-54.09102072623825,2.5534426119841824,5.224983668921007,-15.361098083488695,21.666703846841795
279.4407118477719,-54.09102754850826,2.5535195579356613,5.227362304573003,-15.358645140232964,21.7420211122645
279.4576117773355,-54.09102968487939,2.5535964753899356,5.229742005715836,-15.356193274003385,21.817416907573573
279.47451171727806,-54.09102712283968,2.5536733644848097,5.2321227754778725,-15.353742486750303,21.8928910210425
279.49141166287063,-54.09101984987845,2.5537502253580877,5.23450461698579,-15.351292780422629,21.968443240945096
279.50831160936394,-54.091007853486275,2.553827058147574,5.236887533364528,-15.348844156967877,22.044073355554982
279.52521155198826,-54.09099112115498,2.5539038629910724,5.239271527737305,-15.346396618332154,22.119781153145876
279.5421114859536,-54.09096964037762,2.553980640026387,5.241656603225644,-15.343950166460154,22.19556642199146
279.5590114064497,-54.09094339864857,2.554057389391324,5.244042762949339,-15.341504803295159,22.271428950365458
279.57591130864563,-54.09091238346346,2.554134111223685,5.246430010026462,-15.339060530779069,22.34736852654154
279.5928111876904,-54.09087658231918,2.554210805661276,5.2488183475734065,-15.336617350852348,22.423384938793394
279.60971103871265,-54.09083598271396,2.5542874728419007,5.251207778704821,-15.334175265454114,22.499477975394655
279.62661085682066,-54.09079057214732,2.554364112903364,5.253598306533694,-15.331734276522042,22.575647424619167
279.64351063710234,-54.09074033812002,2.5544407259834685,5.255989934171282,-15.32929438599244,22.651893074740464
279.6604103746254,-54.09068526813422,2.5545173122200207,5.258382664727156,-15.326855595800208,22.728214714032333
279.6773100644371,-54.09062534969337,2.5545938717508236,5.26077650130917,-15.324417907878885,22.804612130768433
279.6942097015646,-54.09056057030221,2.5546704047136815,5.263171447023521,-15.321981324160598,22.88108511322245
279.7111092810146,-54.090490917466866,2.554746911246399,5.265567504974692,-15.31954584657609,22.95763344966805
279.72800879777367,-54.090416378694776,2.5548233914867793,5.267964678265485,-15.317111477054752,23.034256928379
279.7449082468079,-54.09033694149474,2.554899845572629,5.2703629699970005,-15.314678217524563,23.110955337628962
279.7618076230633,-54.09025259337692,2.55497627364175,5.272762383268676,-15.312246069912142,23.18772846569159
279.7787069214656,-54.090163321852806,2.5550526758319485,5.275162921178258,-15.30981503614273,23.26457610084059
279.7956061369202,-54.09006911443528,2.555129052281026,5.277564586821827,-15.307385118140209,23.341498031349637
