galstreams/tracks/track.st.C-13.ibata2024.ecsv
# %ECSV 1.0
# ---
# datatype:
# - {name: ra, unit: deg, datatype: float64}
# - {name: dec, unit: deg, datatype: float64}
# - {name: distance, unit: kpc, datatype: float64}
# - {name: pm_ra_cosdec, unit: mas / yr, datatype: float64}
# - {name: pm_dec, unit: mas / yr, datatype: float64}
# - {name: radial_velocity, unit: km / s, datatype: float64}
# delimiter: ','
# meta: !!omap
# - __serialized_columns__:
#     dec:
#       __class__: astropy.coordinates.angles.Latitude
#       unit: &id001 !astropy.units.Unit {unit: deg}
#       value: !astropy.table.SerializedColumn {name: dec}
#     distance:
#       __class__: astropy.coordinates.distances.Distance
#       unit: !astropy.units.Unit {unit: kpc}
#       value: !astropy.table.SerializedColumn {name: distance}
#     pm_dec:
#       __class__: astropy.units.quantity.Quantity
#       unit: !astropy.units.Unit {unit: mas / yr}
#       value: !astropy.table.SerializedColumn {name: pm_dec}
#     pm_ra_cosdec:
#       __class__: astropy.units.quantity.Quantity
#       unit: !astropy.units.Unit {unit: mas / yr}
#       value: !astropy.table.SerializedColumn {name: pm_ra_cosdec}
#     ra:
#       __class__: astropy.coordinates.angles.Longitude
#       unit: *id001
#       value: !astropy.table.SerializedColumn {name: ra}
#       wrap_angle: !astropy.coordinates.Angle
#         unit: *id001
#         value: 360.0
#     radial_velocity:
#       __class__: astropy.units.quantity.Quantity
#       unit: !astropy.units.Unit {unit: km / s}
#       value: !astropy.table.SerializedColumn {name: radial_velocity}
# schema: astropy-2.0
ra,dec,distance,pm_ra_cosdec,pm_dec,radial_velocity
[from data line 433]
32.63430615890617,50.71193827237783,1.0000000000000009,2.7938269529512922,2.217771427546552,4090.0022285712507
32.63861531055812,50.70119625329377,1.0000000000000009,2.794664617334064,2.217468257090843,4092.1318482635093
32.6429157374362,50.690453456314216,1.0000000000000009,2.7955009885444326,2.2171674419629994,4094.2314214286084
32.64720745773489,50.679709883439486,1.0000000000000009,2.7963360689178103,2.2168689771226013,4096.301000092919
32.6514904896319,50.66896553666554,1.0000000000000009,2.797169860786255,2.2165728575286607,4098.340636282803
32.65576485128801,50.65822041798454,1.0000000000000009,2.7980023664776184,2.2162790781382,4100.35038202463
32.66003056084736,50.64747452938436,1.0000000000000009,2.798833588315631,2.2159876339071616,4102.330289344763
32.66428763643713,50.636727872848965,1.0000000000000009,2.7996635286207265,2.215698519791431,4104.280410269571
32.66853609616788,50.62598045035822,1.0000000000000009,2.8004921897088764,2.215411730743824,4106.200796825422
32.6727759581333,50.61523226388785,1.000000000000001,2.8013195738930676,2.2151272617173277,4108.091501038678
32.67700724041041,50.60448331540981,1.0000000000000009,2.802145683481399,2.21484510766345,4109.952574935709
32.681229961059515,50.59373360689183,1.0000000000000009,2.802970520778956,2.214565263532222,4111.784070542877
32.685444138124154,50.582983140297834,1.000000000000001,2.8037940880867325,2.2142877242723102,4113.586039886554
32.68964978963127,50.57223191758756,1.0000000000000009,2.804616387701884,2.214012484832381,4115.358534993101
32.69384693359106,50.56147994071703,1.0000000000000009,2.805437421917958,2.213739540158599,4117.101607888886
32.69803558799712,50.55072721163807,1.0000000000000009,2.80625719302472,2.2134688851963347,4118.815310600277
32.70221577082637,50.53997373229881,1.000000000000001,2.8070757033080724,2.2132005148904454,4120.499695153639
32.70638750003916,50.52921950464327,1.000000000000001,2.8078929550503062,2.212934424184027,4122.154813575338
32.71055079357921,50.518464530611574,1.0000000000000009,2.80870895052999,2.212670608019039,4123.780717891742
32.71470566937365,50.50770881214012,1.0000000000000009,2.809523692021827,2.2124090613365865,4125.377460129214
32.71885214533307,50.4969523511612,1.0000000000000009,2.810337181797138,2.2121497790764124,4126.945092314123
32.722990239351454,50.486195149603425,1.0000000000000009,2.811149422123407,2.2118927561775763,4128.4836664728355
32.727119969306344,50.475437209391366,1.0000000000000009,2.811960415264366,2.2116379875775465,4129.9932346317155
32.731241353058685,50.46467853244595,1.0000000000000009,2.812770163479996,2.2113854682125407,4131.473848817132
32.73535440845294,50.453919120684105,1.000000000000001,2.8135786690273505,2.2111351930184355,4132.925561055448
32.739459153317156,50.443158976018935,1.0000000000000009,2.814385934158622,2.2108871569292887,4134.348423373034
32.74355560546279,50.43239810035994,1.0000000000000009,2.8151919611237304,2.2106413548783053,4135.742487796256
32.74764378268498,50.421636495612525,1.000000000000001,2.8159967521680187,2.210397781798349,4137.107806351475
32.75172370276233,50.41087416367861,1.0000000000000009,2.816800309533761,2.210156432619442,4138.44443106506
32.755795383457105,50.4001111064561,1.0000000000000009,2.817602635459451,2.209917302272345,4139.752413963381
32.75985884251512,50.389347325839346,1.0000000000000009,2.818403732179945,2.2096803856856013,4141.031807072799
32.76391409766585,50.37858282371873,1.0000000000000009,2.8192036019268585,2.209445677787471,4142.282662419683
32.76796116662236,50.36781760198118,1.0000000000000009,2.820002246927885,2.2092131735045655,4143.505032030399
32.7720000670814,50.35705166250964,1.0000000000000009,2.8207996694077906,2.208982867763268,4144.6989679313165
32.77603081672341,50.34628500718343,1.0000000000000009,2.821595871586993,2.208754755487689,4145.864522148794
32.78005343321247,50.33551763787832,1.0000000000000009,2.822390855683068,2.2085288316016545,4147.001746709206
32.78406793419641,50.32474955646615,1.0000000000000009,2.823184623909924,2.208305091028251,4148.110693638912
32.78807433730672,50.31398076481535,1.000000000000001,2.8239771784778895,2.2080835286890874,4149.191414964284
32.792072660158695,50.3032112647904,1.000000000000001,2.824768521594166,2.2078641395048066,4150.243962711684
32.79606292035134,50.29244105825245,1.000000000000001,2.8255586554619185,2.2076469183951417,4151.2683889074815
32.800045135467485,50.281670147058726,1.0000000000000009,2.826347582281244,2.2074318602784615,4152.264745578041
32.80401932307365,50.270898533063075,1.000000000000001,2.82713530424914,2.207218960073021,4153.233084749728
32.80798550072027,50.260126218115566,1.0000000000000009,2.827921823558796,2.2070082126952,4154.17345844891
32.81194368594156,50.24935320406268,1.0000000000000009,2.828707142399651,2.206799613060525,4155.085918701955
32.81589389625553,50.23857949274744,1.0000000000000009,2.829491262958726,2.206593156084409,4155.9705175352265
32.81983614916413,50.22780508600915,1.0000000000000009,2.8302741874187234,2.206388836679764,4156.827306975092
32.823770462153114,50.21702998568368,1.0000000000000009,2.8310559179595316,2.2061866497600136,4157.656339047916
32.827696852692185,50.206254193603186,1.0000000000000009,2.831836456757543,2.205986590237103,4158.457665780068
32.831615338234904,50.19547771159652,1.0000000000000009,2.832615805985796,2.2057886530214432,4159.231339197915
32.83552593621879,50.18470054148872,1.000000000000001,2.833393967814004,2.205592833023047,4159.977411327818
32.839428664065274,50.1739226851016,1.0000000000000009,2.8341709444085836,2.2053991251513594,4160.695934196148
32.84332353917978,50.16314414425327,1.0000000000000009,2.834946737932512,2.2052075243139484,4161.38695982927
32.84721057895168,50.152364920758366,1.0000000000000009,2.8357213505460095,2.205018025418269,4162.050540253547
32.851089800754366,50.14158501642818,1.0000000000000009,2.836494784405261,2.2048306233707535,4162.686727495351
32.85496122194522,50.13080443307036,1.0000000000000009,2.8372670416636936,2.204645313076071,4163.2955735810465
32.85882485986564,50.12002317248929,1.0000000000000009,2.838038124471268,2.2044620894388345,4163.877130536997
32.8626807318411,50.10924123648568,1.0000000000000009,2.8388080349750737,2.2042809473626903,4164.431450389571
32.86652885518111,50.09845862685705,1.000000000000001,2.8395767753184202,2.2041018817500913,4164.958585165135
32.87036924717927,50.08767534539734,1.0000000000000009,2.8403443476415475,2.2039248875028647,4165.458586890054
32.87420192511328,50.07689139389706,1.000000000000001,2.8411107540817966,2.2037499595213035,4165.931507590697
32.87802690624493,50.06610677414348,1.000000000000001,2.8418759967730125,2.2035770927058707,4166.377399293427
32.88184420782016,50.055321487920295,1.0000000000000009,2.842640077846198,2.2034062819552673,4166.796314024611
32.88565384706903,50.04453553700802,1.0000000000000009,2.8434029994287187,2.203237522167683,4167.188303810618
32.8894558412058,50.03374892318361,1.000000000000001,2.844164763645182,2.2030708082403407,4167.553420677811
32.8932502074289,50.02296164822084,1.0000000000000009,2.8449253726165296,2.2029061350694974,4167.891716652557
32.89703696292092,50.012173713889986,1.0000000000000009,2.845684828461401,2.2027434975511255,4168.203243761226
32.90081612484869,50.001385121958165,1.0000000000000009,2.8464431332947697,2.202582890579663,4168.488054030178
32.9045877103633,49.990595874189054,1.0000000000000009,2.8472002892280557,2.202424309048638,4168.746199485783
32.908351736600046,49.97980597234298,1.0000000000000007,2.847956298370775,2.202267747851465,4168.977732154406
32.91210822067849,49.96901541817715,1.0000000000000009,2.8487111628280672,2.202113201880138,4169.1827040624175
32.91585717970251,49.95822421344529,1.0000000000000009,2.849464884703025,2.201960666026082,4169.361167236179
32.919598630760234,49.94743235989806,1.0000000000000009,2.8502174660951596,2.201810135179528,4169.513173702058
32.92333259092417,49.93663985928262,1.0000000000000009,2.8509689091006862,2.20166160423031,4169.63877548642
32.92705907725108,49.92584671334313,1.0000000000000009,2.8517192158133753,2.2015150680673514,4169.7380246156345
32.93077810678215,49.91505292382024,1.000000000000001,2.8524683883236435,2.2013705215789514,4169.810973116066
32.93448969654286,49.904258492451675,1.0000000000000009,2.853216428718895,2.2012279596515327,4169.857673014078
32.93819386354315,49.893463420971685,1.0000000000000009,2.853963339083464,2.2010873771720867,4169.87817633604
32.941890624777315,49.88266771111136,1.0000000000000007,2.8547091214990132,2.200948769026354,4169.872535108317
32.94557999722406,49.87187136459876,1.0000000000000009,2.8554537780437954,2.200812130098882,4169.840801357278
32.949261997846556,49.86107438315853,1.0000000000000009,2.8561973107931635,2.2006774552738193,4169.783027109286
32.9529366435924,49.85027676851235,1.0000000000000009,2.856939721819799,2.2005447394345765,4169.699264390709
32.95660395139368,49.83947852237854,1.0000000000000007,2.857681013193144,2.200413977463427,4169.589565227911
32.96026393816694,49.82867964647248,1.0000000000000009,2.858421186979797,2.200285164242416,4169.453981647263
32.96391662081323,49.81788014250621,1.0000000000000009,2.8591602452434586,2.20015829465234,4169.292565675127
32.96756201621818,49.80708001218869,1.0000000000000007,2.859898190044703,2.2000333635731977,4169.105369337869
32.97120014125186,49.7962792572259,1.0000000000000007,2.860635023441432,2.1999103658845343,4168.89244466186
32.974831012768966,49.78547787932046,1.0000000000000007,2.8613707474887633,2.1997892964656103,4168.653843673462
32.978454647608736,49.7746758801722,1.0000000000000007,2.862105364238289,2.199670150193299,4168.389618399041
32.98207106259498,49.76387326147751,1.0000000000000009,2.8628388757394987,2.199552921946008,4168.099820864968
32.985680274536165,49.75307002493003,1.0000000000000007,2.8635712840383576,2.199437606599247,4167.784503097603
32.9892823002253,49.74226617222008,1.0000000000000009,2.864302591178671,2.1993241990295473,4167.4437171233185
32.992877156440095,49.73146170503512,1.0000000000000007,2.865032799200719,2.199212694111168,4167.077514968477
32.996464859942904,49.72065662505943,1.0000000000000007,2.865761910142112,2.199103086718992,4166.685948659444
33.000045427480735,49.709850933974224,1.0000000000000007,2.8664899260381844,2.198995371726596,4166.269070222589
33.00361887578531,49.6990446334579,1.0000000000000007,2.8672168489205205,2.198889544006363,4165.826931684278
33.00718522157299,49.68823772518556,1.0000000000000007,2.867942680818885,2.198785598430959,4165.359585070873
33.01074448154496,49.677430210829556,1.0000000000000007,2.8686674237592342,2.1986835298717438,4164.867082408746
33.014296672387076,49.666622092059036,1.0000000000000007,2.8693910797656486,2.198583333199224,4164.349475724258
33.01784181076996,49.65581337054036,1.0000000000000007,2.870113650858741,2.1984850032837926,4163.806817043781
33.021379913349016,49.645004047936695,1.0000000000000007,2.8708351390570783,2.198388534994706,4163.239158393676
33.024910996764426,49.634194125908486,1.0000000000000007,2.8715555463754754,2.198293923200765,4162.6465518003115
33.028435077641205,49.623383606113045,1.0000000000000007,2.8722748748271556,2.1982011627698625,4162.029049290053
33.031952172589165,49.61257249020471,1.0000000000000007,2.8729931264217043,2.198110248569833,4161.386702889272
33.035462298202965,49.60176077983513,1.0000000000000007,2.8737103031663764,2.1980211754663515,4160.719564624327
33.03896547106215,49.59094847665271,1.0000000000000007,2.8744264070656413,2.197933938326287,4160.02768652159
33.04246170773108,49.580135582303264,1.0000000000000009,2.87514144012124,2.197848532014916,4159.311120607423
33.045951024759056,49.56932209842937,1.0000000000000007,2.8758554043324693,2.1977649513971187,4158.569918908194
33.04943343868027,49.55850802667104,1.0000000000000004,2.876568301695329,2.1976831913363526,4157.804133450269
33.05290896601384,49.54769336866512,1.0000000000000007,2.877280134203886,2.1976032466967013,4157.013816260018
33.05637762326381,49.53687812604584,1.0000000000000007,2.8779909038490814,2.1975251123403723,4156.199019363804
33.05983942691923,49.526062300444345,1.0000000000000009,2.8787006126192978,2.197448783130085,4155.359794787992
33.063294393454086,49.515245893488995,1.0000000000000007,2.879409262500303,2.197374253926853,4154.496194558951
33.06674253932735,49.50442890680543,1.0000000000000007,2.880116855475194,2.1973015195918038,4153.6082707030455
33.07018388098303,49.49361134201623,1.0000000000000007,2.8808233935245653,2.1972305749852694,4152.696075246642
33.07361843485014,49.48279320074141,1.0000000000000007,2.8815288786260567,2.1971614149667857,4151.759660216108
33.07704621734275,49.471974484597915,1.0000000000000007,2.8822333127553748,2.197094034395434,4150.79907763781
33.08046724485997,49.461155195200114,1.0000000000000009,2.8829366978848725,2.1970284281297836,4149.814379538113
33.08388153378601,49.45033533415942,1.0000000000000007,2.8836390359849133,2.1969645910277222,4148.805617943382
33.08728910049019,49.439514903084486,1.0000000000000007,2.8843403290226775,2.196902517946114,4147.772844879985
33.090689961326866,49.428693903581305,1.0000000000000007,2.885040578963526,2.1968422037415962,4146.716112374291
33.094084132635615,49.41787233725292,1.0000000000000007,2.8857397877694666,2.1967836432707486,4145.635472452662
33.09747163074107,49.407050205699825,1.0000000000000007,2.8864379574006307,2.1967268313886166,4144.530977141465
33.100852471953104,49.396227510519566,1.0000000000000007,2.887135089814251,2.1966717629499612,4143.40267846707
33.104226672566675,49.385404253307115,1.0000000000000007,2.887831186965286,2.1966184328096574,4142.2506284558385
33.107594248862064,49.374580435654586,1.0000000000000007,2.8885262508056258,2.1965668358208177,4141.074879134139
33.11095521710463,49.36375605915153,1.0000000000000009,2.889220283285283,2.1965169668369526,4139.875482528339
33.11430959354502,49.352931125384636,1.0000000000000007,2.8899132863518844,2.1964688207105496,4138.652490664801
33.11765739441916,49.3421056359379,1.0000000000000007,2.890605261949588,2.1964223922935844,4137.405955569896
33.12099863594817,49.33127959239279,1.0000000000000007,2.891296212021075,2.196377676437862,4136.135929269984
33.124333334338495,49.320452996327894,1.0000000000000007,2.89198613850607,2.1963346679939377,4134.842463791441
33.12766150578182,49.309625849319325,1.0000000000000007,2.892675043342024,2.1962933618124225,4133.525611160624
33.13098316645522,49.298798152940314,1.0000000000000007,2.89336292846383,2.1962537527430754,4132.185423403906
33.13429833252105,49.28796990876168,1.0000000000000007,2.89404979580371,2.19621583563503,4130.821952547647
33.137607020127,49.27714111835136,1.0000000000000007,2.8947356472921797,2.1961796053373064,4129.435250618219
33.140909245406135,49.266311783274894,1.0000000000000007,2.8954204848565155,2.1961450566981853,4128.025369641985
33.1442050244769,49.255481905095,1.0000000000000007,2.896104310422004,2.196112184565095,4126.592361645311
33.14749437344316,49.24465148537182,1.0000000000000007,2.8967871259116578,2.1960809837856345,4125.136278654565
33.15077730839415,49.23382052566304,1.0000000000000007,2.8974689332454773,2.196051449206209,4123.657172696114
33.15405384540455,49.22298902752352,1.0000000000000007,2.898149734341814,2.196023575672882,4122.155095796322
33.15732400053448,49.212156992505776,1.0000000000000007,2.898829531116121,2.195997358031377,4120.630099981557
33.16058778982954,49.20132442215948,1.0000000000000007,2.8995083254817473,2.195972791127133,4119.082237278184
33.16384522932078,49.190491318032,1.0000000000000007,2.9001861193494847,2.1959498698043376,4117.5115597125705
33.167096335024766,49.179657681667905,1.0000000000000007,2.900862914628078,2.1959285889074636,4115.918119311082
33.17034112294357,49.16882351460943,1.0000000000000007,2.901538713223715,2.195908943280017,4114.301968100085
