galstreams/tracks/track.st.Gaia-10.ibata2021.ecsv
# %ECSV 0.9
# ---
# datatype:
# - {name: ra, unit: deg, datatype: float64}
# - {name: dec, unit: deg, datatype: float64}
# - {name: distance, unit: kpc, datatype: float64}
# - {name: pm_ra_cosdec, unit: mas / yr, datatype: float64}
# - {name: pm_dec, unit: mas / yr, datatype: float64}
# - {name: radial_velocity, unit: km / s, datatype: float64}
# delimiter: ','
# meta: !!omap
# - __serialized_columns__:
#     dec:
#       __class__: astropy.coordinates.angles.Latitude
#       unit: &id001 !astropy.units.Unit {unit: deg}
#       value: !astropy.table.SerializedColumn {name: dec}
#     distance:
#       __class__: astropy.coordinates.distances.Distance
#       unit: !astropy.units.Unit {unit: kpc}
#       value: !astropy.table.SerializedColumn {name: distance}
#     pm_dec:
#       __class__: astropy.units.quantity.Quantity
#       unit: !astropy.units.Unit {unit: mas / yr}
#       value: !astropy.table.SerializedColumn {name: pm_dec}
#     pm_ra_cosdec:
#       __class__: astropy.units.quantity.Quantity
#       unit: !astropy.units.Unit {unit: mas / yr}
#       value: !astropy.table.SerializedColumn {name: pm_ra_cosdec}
#     ra:
#       __class__: astropy.coordinates.angles.Longitude
#       unit: *id001
#       value: !astropy.table.SerializedColumn {name: ra}
#       wrap_angle: !astropy.coordinates.Angle
#         unit: *id001
#         value: 360.0
#     radial_velocity:
#       __class__: astropy.units.quantity.Quantity
#       unit: !astropy.units.Unit {unit: km / s}
#       value: !astropy.table.SerializedColumn {name: radial_velocity}
# schema: astropy-2.0
ra,dec,distance,pm_ra_cosdec,pm_dec,radial_velocity
[from data line 1096]
162.03522456119958,14.765983705661787,13.17743133969969,-4.364085169259323,-3.153606098223891,-2.5262301389617013e-14
162.04551597551867,14.764951765976171,13.175277646933198,-4.364921927863801,-3.1536792245620693,-8.420767129872338e-15
162.05580732869834,14.76391968179921,13.173125905034482,-4.365760132077833,-3.153752598919837,-4.210383564936169e-14
162.06609862064272,14.762887452276514,13.170976110952367,-4.366599786902093,-3.1538262251192593,1.6841534259744676e-14
162.0763898512557,14.761855076553697,13.168828261635694,-4.367440897337954,-3.1539001069815273,3.368306851948935e-14
162.0866810204411,14.760822553776421,13.1666823540333,-4.368283468387502,-3.1539742483269597,8.420767129872338e-15
162.09697212810246,14.75978988309038,13.164538385094012,-4.369127505053528,-3.1540486529750043,-8.420767129872338e-15
162.10726317414327,14.758757063641287,13.162396351766672,-4.369973012339522,-3.154123324744234,5.0524602779234026e-14
162.1175541584668,14.757724094574902,13.160256251000112,-4.370819995249691,-3.1541982674523528,8.420767129872338e-15
162.1278450809762,14.756690975037,13.158118079743167,-4.3716684587889425,-3.1542734849161933,8.420767129872338e-15
162.13813594157438,14.75565770417339,13.155981834944676,-4.372518407962885,-3.1543489809517133,-8.420767129872338e-14
162.14842674016415,14.754624281129924,13.153847513553465,-4.373369847777841,-3.154424759374004,-1.6841534259744676e-14
162.1587174766482,14.753590705052469,13.15171511251838,-4.37422278324083,-3.1545008239972803,-3.368306851948935e-14
162.169008150929,14.752556975086932,13.149584628788249,-4.3750772193595795,-3.154577178634889,1.6841534259744676e-14
162.17929876290881,14.751523090379251,13.147456059311905,-4.375933161142521,-3.154653827099305,1.6841534259744676e-14
162.1895893124899,14.750489050075386,13.145329401038191,-4.376790613598792,-3.154730773202134,-8.420767129872338e-15
162.19987979957418,14.749454853321339,13.143204650915935,-4.377649581738232,-3.1548080207541065,-7.578690416885104e-14
162.21017022406355,14.748420499263139,13.141081805893972,-4.37851007057138,-3.1548855735650876,-5.894536990910637e-14
162.22046058585963,14.747385987046835,13.138960862921145,-4.3793720851094875,-3.1549634354440674,-4.210383564936169e-14
162.23075088486397,14.746351315818528,13.136841818946278,-4.380235630364501,-3.15504161019917,-8.420767129872338e-15
162.24104112097794,14.74531648472433,13.134724670918219,-4.381100711349073,-3.1551201016376447,4.210383564936169e-14
162.25133129410276,14.744281492910408,13.13260941578579,-4.381967333076562,-3.155198913565875,-1.6841534259744676e-14
162.26162140413945,14.743246339522921,13.130496050497833,-4.382835500561022,-3.155278049789372,1.6841534259744676e-14
162.2719114509889,14.742211023708098,13.128384572003181,-4.383705218817213,-3.155357514112776,-5.0524602779234026e-14
162.28220143455178,14.741175544612181,13.126274977250667,-4.384576492860596,-3.1554373103398614,-2.5262301389617013e-14
162.29249135472872,14.74013990138144,13.12416726318913,-4.385449327707335,-3.1555174422735286,1.6841534259744676e-14
162.3027812114201,14.739104093162187,13.122061426767404,-4.386323728374295,-3.1555979137158108,-1.6841534259744676e-14
162.31307100452614,14.738068119100754,13.119957464934322,-4.387199699879039,-3.155678728467875,5.0524602779234026e-14
162.32336073394697,14.737031978343516,13.117855374638724,-4.388077247239836,-3.155759890330009,-2.5262301389617013e-14
162.33365039958247,14.735995670036873,13.115755152829438,-4.388956375475652,-3.1558414031016446,-1.6841534259744676e-14
162.3439400013324,14.734959193327242,13.113656796455302,-4.389837089606153,-3.1559232705813356,-2.5262301389617013e-14
162.3542295390964,14.733922547361093,13.111560302465154,-4.390719394651708,-3.1560054965667703,-2.5262301389617013e-14
162.36451901277388,14.732885731284922,13.109465667807823,-4.391603295633383,-3.156088084854769,-2.5262301389617013e-14
162.37480842226412,14.731848744245243,13.107372889432149,-4.392488797572943,-3.15617103924128,-5.0524602779234026e-14
162.3850977674663,14.73081158538862,13.105281964286963,-4.39337590549286,-3.1562543635213887,-7.578690416885104e-14
162.39538704827933,14.72977425386163,13.103192889321106,-4.394264624416293,-3.156338061489306,-7.578690416885104e-14
162.40567626460202,14.728736748810901,13.101105661483404,-4.39515495936711,-3.156422136938381,-8.420767129872338e-14
162.41596541633302,14.727699069383068,13.099020277722701,-4.39604691536987,-3.15650659366109,-1.6841534259744676e-14
162.42625450337087,14.72666121472482,13.096936734987827,-4.396940497449838,-3.1565914354490436,-7.578690416885104e-14
162.4365435256138,14.725623183982854,13.09485503022762,-4.397835710632969,-3.156676666092985,0.0
162.44683248296008,14.724584976303927,13.092775160390913,-4.398732559945926,-3.1567622893827894,-1.6841534259744676e-14
162.45712137530765,14.7235465908348,13.09069712242654,-4.399631050416057,-3.156848309107463,-2.5262301389617013e-14
162.4674102025544,14.722508026722283,13.088620913283336,-4.400531187071419,-3.1569347290551484,-6.73661370389787e-14
162.47769896459798,14.721469283113205,13.086546529910141,-4.401432974940755,-3.157021553013118,-5.894536990910637e-14
162.48798766133598,14.720430359154438,13.084473969255779,-4.402336419053517,-3.157108784767779,-5.0524602779234026e-14
162.4982762926657,14.719391253992878,13.082403228269095,-4.403241524439843,-3.1571964281046685,-7.578690416885104e-14
162.5085648584844,14.71835196677545,13.080334303898923,-4.4041482961305745,-3.1572844868084626,2.5262301389617013e-14
162.51885335868914,14.717312496649111,13.078267193094096,-4.405056739157244,-3.1573729646629647,-1.6841534259744676e-14
162.52914179317682,14.716272842760864,13.076201892803448,-4.405966858552082,-3.1574618654511157,-5.894536990910637e-14
162.53943016184417,14.715233004257723,13.07413839997581,-4.40687865934802,-3.1575511929549918,-4.210383564936169e-14
162.54971846458773,14.714192980286738,13.072076711560031,-4.40779214657867,-3.1576409509557957,-6.73661370389787e-14
162.56000670130396,14.713152769995006,13.07001682450493,-4.408707325278358,-3.1577311432338715,-8.420767129872338e-14
162.57029487188913,14.712112372529623,13.067958735759353,-4.409624200482087,-3.1578217735686938,0.0
162.5805829762393,14.711071787037756,13.06590244227213,-4.410542777225566,-3.1579128457388745,2.5262301389617013e-14
162.59087101425047,14.710031012666581,13.063847940992094,-4.411463060545199,-3.1580043635221555,-1.6841534259744676e-14
162.6011589858184,14.708990048563301,13.061795228868087,-4.412385055478077,-3.1580963306954164,-2.5262301389617013e-14
162.61144689083866,14.707948893875155,13.05974430284894,-4.413308767061986,-3.1581887510346687,-2.5262301389617013e-14
162.62173472920682,14.70690754774943,13.057695159883483,-4.414234200335411,-3.158281628315065,-4.210383564936169e-14
162.6320225008181,14.70586600933342,13.055647796920558,-4.415161360337525,-3.158374966310886,-8.420767129872338e-15
162.6423102055677,14.704824277774462,13.053602210909,-4.416090252108196,-3.1584687687955504,1.6841534259744676e-14
162.65259784335063,14.703782352219921,13.051558398797642,-4.417020880687985,-3.15856303954161,-6.73661370389787e-14
162.66288541406166,14.702740231817206,13.049516357535314,-4.417953251118146,-3.1586577823207582,-1.6841534259744676e-14
162.67317291759554,14.701697915713734,13.04747608407086,-4.418887368440623,-3.158753000903815,2.5262301389617013e-14
162.68346035384673,14.700655403056974,13.04543757535311,-4.419823237698052,-3.1588486990607443,-2.5262301389617013e-14
162.69374772270962,14.699612692994416,13.043400828330899,-4.420760863933767,-3.1589448805606404,8.420767129872338e-15
162.70403502407842,14.698569784673595,13.041365839953059,-4.421700252191786,-3.159041549171737,-9.262843842859572e-14
162.7143222578471,14.69752667724205,13.039332607168438,-4.422641407516817,-3.1591387086613993,0.0
162.72460942390967,14.696483369847384,13.03730112692585,-4.423584334954273,-3.1592363627961357,-1.0946997268834039e-13
162.73489652215972,14.6954398616372,13.035271396174151,-4.424529039550239,-3.159334515341585,0.0
162.74518355249094,14.694396151759161,13.033243411862161,-4.4254755263515015,-3.159433170062524,-3.368306851948935e-14
162.75547051479668,14.69335223936095,13.031217170938726,-4.426423800405535,-3.1595323307228673,-9.262843842859572e-14
162.76575740897016,14.692308123590273,13.029192670352673,-4.427373866760504,-3.1596320010856687,-1.6841534259744676e-14
162.77604423490456,14.691263803594884,13.02716990705284,-4.428325730465264,-3.1597321849131124,-4.210383564936169e-14
162.78633099249274,14.69021927852255,13.025148877988057,-4.429279396569359,-3.159832885966527,8.420767129872338e-15
162.79661768162754,14.68917454752109,13.023129580107168,-4.43023487012302,-3.1599341080063716,1.6841534259744676e-14
162.80690430220156,14.688129609738336,13.021112010359001,-4.43119215617717,-3.1600358547922474,-1.6841534259744676e-14
162.81719085410722,14.687084464322163,13.019096165692398,-4.432151259783417,-3.1601381300828932,-3.368306851948935e-14
162.8274773372369,14.686039110420475,13.017082043056186,-4.433112185994062,-3.1602409376361815,-5.0524602779234026e-14
162.83776375148273,14.68499354718121,13.015069639399204,-4.4340749398620956,-3.160344281209128,-8.420767129872338e-14
162.84805009673664,14.683947773752328,13.013058951670292,-4.435039526441185,-3.160448164557882,-6.73661370389787e-14
162.85833637289053,14.682901789281832,13.01104997681827,-4.4360059507857015,-3.1605525914377344,-4.210383564936169e-14
162.86862257983606,14.681855592917755,13.009042711791986,-4.43697421795069,-3.1606575656031106,-5.0524602779234026e-14
162.87890871746472,14.680809183808153,13.00703715354027,-4.437944332991889,-3.160763090807578,-2.5262301389617013e-14
162.8891947856679,14.679762561101123,13.005033299011965,-4.438916300965723,-3.1608691708038394,-3.368306851948935e-14
162.89948078433682,14.678715723944785,13.003031145155894,-4.439890126929305,-3.16097580934374,-3.368306851948935e-14
162.9097667133625,14.67766867148731,13.001030688920897,-4.440865815940432,-3.1610830101782614,-5.0524602779234026e-14
162.92005257263583,14.676621402876878,12.999031927255812,-4.4418433730575835,-3.161190777057525,-5.0524602779234026e-14
162.93033836204754,14.675573917261701,12.99703485710947,-4.442822803339931,-3.16129911373079,-8.420767129872338e-14
162.94062408148818,14.674526213790047,12.995039475430708,-4.443804111847334,-3.161408023946458,-5.894536990910637e-14
162.95090973084822,14.67347829161019,12.993045779168357,-4.444787303640328,-3.1615175114520686,8.420767129872338e-15
162.9611953100179,14.672430149870456,12.99105376527126,-4.445772383780139,-3.1616275799942977,3.368306851948935e-14
162.97148081888736,14.67138178771918,12.989063430688244,-4.4467593573286806,-3.161738233318967,-5.894536990910637e-14
162.98176625734646,14.670333204304756,12.987074772368148,-4.447748229348544,-3.161849475171033,-7.578690416885104e-14
162.99205162528506,14.669284398775583,12.985087787259806,-4.448739004903015,-3.161961309294595,-7.578690416885104e-14
163.00233692259275,14.668235370280112,12.983102472312053,-4.4497316890560485,-3.162073739432893,-9.262843842859572e-14
163.012622149159,14.667186117966814,12.981118824473725,-4.450726286872295,-3.1621867693283057,-8.420767129872338e-15
163.0229073048732,14.666136640984202,12.979136840693657,-4.451722803417091,-3.1623004027223525,-4.210383564936169e-14
163.03319238962442,14.665086938480812,12.977156517920681,-4.452721243756443,-3.1624146433556946,3.368306851948935e-14
163.04347740330172,14.664037009605218,12.975177853103634,-4.453721612957055,-3.1625294949681333,1.6841534259744676e-14
163.05376234579398,14.662986853506016,12.973200843191355,-4.454723916086301,-3.16264496129861,-5.0524602779234026e-14
163.06404721698982,14.661936469331847,12.97122548513267,-4.455728158212249,-3.1627610460852096,-8.420767129872338e-14
163.07433201677776,14.660885856231378,12.969251775876424,-4.456734344403641,-3.162877753065157,8.420767129872338e-15
163.08461674504628,14.659835013353309,12.967279712371447,-4.457742479729903,-3.162995085974818,-7.578690416885104e-14
163.0949014016835,14.658783939846362,12.96530929156657,-4.458752569261149,-3.1631130485497008,0.0
163.10518598657754,14.657732634859311,12.963340510410633,-4.4597646180681645,-3.163231644524454,1.6841534259744676e-14
163.1154704996163,14.656681097540947,12.961373365852472,-4.460778631222423,-3.1633508776328707,-2.5262301389617013e-14
163.1257549406875,14.655629327040094,12.95940785484092,-4.461794613796077,-3.1634707516078846,1.6841534259744676e-14
163.1360393096788,14.654577322505617,12.95744397432481,-4.462812570861961,-3.163591270181569,-3.368306851948935e-14
163.14632360647758,14.653525083086402,12.955481721252983,-4.463832507493587,-3.163712437085144,-2.5262301389617013e-14
163.15660783097113,14.652472607931374,12.953521092574265,-4.464854428765149,-3.1638342560489723,5.0524602779234026e-14
163.16689198304664,14.651419896189488,12.9515620852375,-4.465878339751522,-3.163956730802554,-9.262843842859572e-14
163.17717606259097,14.650366947009735,12.949604696191514,-4.466904245528263,-3.164079865074538,-7.578690416885104e-14
163.18746006949104,14.649313759541124,12.947648922385154,-4.467932151171597,-3.16420366259271,-7.578690416885104e-14
163.19774400363343,14.648260332932724,12.94569476076724,-4.468962061758446,-3.164328127084006,-5.0524602779234026e-14
163.2080278649047,14.647206666333597,12.943742208286618,-4.4699939823663986,-3.1644532622745016,-2.5262301389617013e-14
163.21831165319114,14.646152758892875,12.941791261892122,-4.47102791807372,-3.1645790718894133,1.6841534259744676e-14
163.228595368379,14.645098609759698,12.939841918532585,-4.472063873959363,-3.1647055596531057,2.5262301389617013e-14
163.23887901035428,14.644044218083256,12.937894175156838,-4.4731018551029536,-3.164832729289085,-7.578690416885104e-14
163.24916257900284,14.642989583012747,12.935948028713723,-4.4741418665847945,-3.164960584520001,-5.894536990910637e-14
163.25944607421042,14.641934703697428,12.934003476152071,-4.475183913485872,-3.165089129067649,2.5262301389617013e-14
163.2697294958626,14.640879579286565,12.932060514420721,-4.476228000887841,-3.165218366652968,5.894536990910637e-14
163.28001284384482,14.639824208929479,12.930119140468499,-4.477274133873042,-3.1653483009960417,8.420767129872338e-15
163.29029611804225,14.638768591775499,12.928179351244246,-4.47832231752449,-3.1654789358160955,0.0
163.30057931834006,14.637712726974007,12.926241143696801,-4.479372556925869,-3.1656102748315043,3.368306851948935e-14
163.31086244462315,14.636656613674406,12.924304514774988,-4.48042485716155,-3.165742321759783,-3.368306851948935e-14
163.32114549677635,14.635600251026126,12.922369461427657,-4.4814792233165734,-3.165875080317596,-1.6841534259744676e-14
163.33142847468426,14.634543638178645,12.920435980603633,-4.4825356604766595,-3.1660085542207472,-3.368306851948935e-14
163.34171137823134,14.633486774281472,12.918504069251748,-4.483594173728203,-3.166142747184195,1.6841534259744676e-14
163.35199420730197,14.632429658484128,12.916573724320846,-4.484654768158269,-3.166277662922034,-5.894536990910637e-14
163.36227696178025,14.63137228993619,12.914644942759756,-4.485717448854609,-3.1664133051475085,4.210383564936169e-14
163.37255964155025,14.630314667787252,12.912717721517316,-4.486782220905633,-3.1665496775730086,-3.368306851948935e-14
163.38284224649578,14.629256791186945,12.910792057542356,-4.487849089400443,-3.1666867839100714,-5.894536990910637e-14
163.39312477650057,14.628198659284937,12.908867947783717,-4.488918059428804,-3.166824627869376,-7.578690416885104e-14
163.4034072314481,14.627140271230921,12.90694538919023,-4.489989136081157,-3.166963213160754,0.0
163.41368961122186,14.626081626174628,12.905024378710737,-4.491062324448618,-3.1671025434931757,2.5262301389617013e-14
163.42397191570504,14.625022723265817,12.903104913294062,-4.492137629622976,-3.167242622574766,8.420767129872338e-15
