galstreams/tracks/track.st.Vid.ibata2020.ecsv
# %ECSV 0.9
# ---
# datatype:
# - {name: ra, unit: deg, datatype: float64}
# - {name: dec, unit: deg, datatype: float64}
# - {name: distance, unit: kpc, datatype: float64}
# - {name: pm_ra_cosdec, unit: mas / yr, datatype: float64}
# - {name: pm_dec, unit: mas / yr, datatype: float64}
# - {name: radial_velocity, unit: km / s, datatype: float64}
# delimiter: ','
# meta: !!omap
# - __serialized_columns__:
#     dec:
#       __class__: astropy.coordinates.angles.Latitude
#       unit: &id001 !astropy.units.Unit {unit: deg}
#       value: !astropy.table.SerializedColumn {name: dec}
#     distance:
#       __class__: astropy.coordinates.distances.Distance
#       unit: !astropy.units.Unit {unit: kpc}
#       value: !astropy.table.SerializedColumn {name: distance}
#     pm_dec:
#       __class__: astropy.units.quantity.Quantity
#       unit: !astropy.units.Unit {unit: mas / yr}
#       value: !astropy.table.SerializedColumn {name: pm_dec}
#     pm_ra_cosdec:
#       __class__: astropy.units.quantity.Quantity
#       unit: !astropy.units.Unit {unit: mas / yr}
#       value: !astropy.table.SerializedColumn {name: pm_ra_cosdec}
#     ra:
#       __class__: astropy.coordinates.angles.Longitude
#       unit: *id001
#       value: !astropy.table.SerializedColumn {name: ra}
#       wrap_angle: !astropy.coordinates.Angle
#         unit: *id001
#         value: 360.0
#     radial_velocity:
#       __class__: astropy.units.quantity.Quantity
#       unit: !astropy.units.Unit {unit: km / s}
#       value: !astropy.table.SerializedColumn {name: radial_velocity}
# schema: astropy-2.0
ra,dec,distance,pm_ra_cosdec,pm_dec,radial_velocity
[from data line 133]
28.752676562433663,-32.049528144919925,25.158100419647717,0.0003484736112142617,-0.7037365928910109,0.0
28.842612818869416,-32.098885303358536,25.15452680958921,0.0031497905500436074,-0.7041171362546358,-4.210383564936169e-15
28.932710942804206,-32.148097366078,25.149492485804497,0.005990220678795066,-0.7045275345892005,-1.2631150694808506e-14
29.02297294835409,-32.197161498973045,25.142966968999232,0.008870343218063348,-0.7049674590397792,-1.2631150694808506e-14
29.11340084121696,-32.24607486148318,25.13491977987906,0.011790737034783422,-0.7054365781259209,-1.6841534259744676e-14
29.203996618520932,-32.29483460656906,25.12532043914962,0.014751980634260644,-0.7059345577195053,-8.420767129872338e-15
29.294762268670333,-32.343437880688924,25.11413846751657,0.017754652151935335,-0.706461061022435,0.0
29.385699771189515,-32.39188182377502,25.101343385685553,0.020799329344878936,-0.7070157485441764,-1.6841534259744676e-14
29.476811096564212,-32.440163569210135,25.086904714362216,0.023886589583016427,-0.7075982780791411,-1.6841534259744676e-14
29.568098206080666,-32.48828024380412,25.07079197425221,0.027017009840071608,-0.7082083046839245,-8.420767129872338e-15
29.659563051662285,-32.53622896777052,25.052974686061173,0.03019116668423122,-0.7088454806543985,-8.420767129872338e-15
29.751207575704182,-32.58400685470333,25.033422370494762,0.03340963626852328,-0.7095094555026664,-8.420767129872338e-15
29.843033710905136,-32.63161101155374,25.012104548258627,0.03667299432090604,-0.7101998759338843,-1.6841534259744676e-14
29.935043380097365,-32.679038538607045,24.988990740058405,0.03998181613406332,-0.7109163858229532,-8.420767129872338e-15
30.02723849607391,-32.72628652945965,24.96405046659975,0.04333667655490325,-0.7116586261910895,-8.420767129872338e-15
30.119620961413663,-32.7733520709962,24.937253248588313,0.04673814997375353,-0.7124262351822757,0.0
30.212192668304034,-32.82023224336678,24.908568606729734,0.05018681031325348,-0.7132188480396017,-8.420767129872338e-15
30.304955498361334,-32.86692411996438,24.877966061729655,0.053683231016935846,-0.714036097081498,-8.420767129872338e-15
30.3979113224487,-32.91342476740235,24.845415134293738,0.05722798503749461,-0.7148776116778696,-8.420767129872338e-15
30.491062000491823,-32.95973124549212,24.810885345127627,0.06082164482473695,-0.7157430182261351,-8.420767129872338e-15
30.58440938129217,-33.00584060722107,24.77434621493696,0.06446478231321394,-0.7166319401271809,-8.420767129872338e-15
30.677955302338038,-33.05174989873058,24.73576726442739,0.06815796890952652,-0.7175439977612292,-8.420767129872338e-15
30.771701589613112,-33.097456159294225,24.695118014304565,0.07190177547930324,-0.7184788084636388,8.420767129872338e-15
30.865650057402792,-33.14295642129627,24.652367985274143,0.07569677233384563,-0.7194359865006301,-8.420767129872338e-15
30.959802508098225,-33.1882477102103,24.607486698041754,0.07954352921643937,-0.7204151430449593,-2.5262301389617013e-14
31.054160731997893,-33.233327044578104,24.56044367331305,0.08344261528832408,-0.7214158861515304,0.0
31.148726507107025,-33.27819143598878,24.511208431793683,0.08739459911432278,-0.7224378207329675,-8.420767129872338e-15
31.243501598934653,-33.3228378890582,24.4597504941893,0.0914000486481238,-0.7234805485351474,0.0
31.338487760288366,-33.36726340140851,24.40603938120555,0.09545953121721393,-0.7245436681127027,0.0
31.433686731066835,-33.41146496364821,24.350044613548075,0.09957361350745852,-0.7256267748045011,-8.420767129872338e-15
31.529100238050034,-33.455439559352236,24.291735711922527,0.10374286154732577,-0.7267294607091128,0.0
31.624729994687193,-33.49918416504256,24.23108219703455,0.10796784069175239,-0.7278513146602721,-1.6841534259744676e-14
31.720577700882625,-33.54269575016899,24.16805358958979,0.11224911560564645,-0.7289919222023407,-8.420767129872338e-15
31.816645042779133,-33.58597127709034,24.1026194102939,0.11658725024702553,-0.7301508655657856,-1.6841534259744676e-14
31.912933692539408,-33.62900770105595,24.03474917985253,0.12098280784978656,-0.731327723642674,-8.420767129872338e-15
32.009445308125194,-33.67180197018753,23.964412418971314,0.12543635090610583,-0.7325220719622031,0.0
32.10618153307411,-33.714351025461426,23.891578648355907,0.129948441148464,-0.7337334826662658,-8.420767129872338e-15
32.20314399627464,-33.75665180069127,23.816217388711966,0.1345196395312967,-0.7349615244850648,-8.420767129872338e-15
32.30033431173866,-33.79870122251093,23.738298160745128,0.1391505062122651,-0.7362057627127898,0.0
32.39775407837217,-33.84049621035803,23.65779048516103,0.1438416005331468,-0.7374657591833591,-8.420767129872338e-15
32.495404879743624,-33.882033676457816,23.574663882665348,0.1485934810003421,-0.73874107224624,0.0
32.593288283850534,-33.92331052580743,23.488887873963705,0.15340670526499678,-0.7400312567423633,-2.5262301389617013e-14
32.6914058428838,-33.964323656160765,23.400431979761755,0.158281830102736,-0.7413358639801302,-8.420767129872338e-15
32.789759092990145,-34.00506995801364,23.309265720765147,0.16321941139300922,-0.7426544417115344,0.0
32.888349554032516,-34.045546314589636,23.21535861767953,0.16822000409804483,-0.7439865341084043,0.0
32.987178729348635,-34.08574960182626,23.118680191210558,0.17328416224141063,-0.7453316817387767,-8.420767129872338e-15
33.08624810550754,-34.12567668836181,23.019199962063862,0.178412438886182,-0.7466894215434144,-1.6841534259744676e-14
33.18555915206431,-34.16532443552262,22.916887450945094,0.18360538611271332,-0.7480592868124785,-8.420767129872338e-15
33.28511332131292,-34.204689697311004,22.81171217855991,0.18886355499601273,-0.7494408071623662,0.0
33.38491204803724,-34.2437693203936,22.703643665613956,0.1941874955827195,-0.7508335085127303,-2.5262301389617013e-14
33.48495674926041,-34.282560144090525,22.59265143281288,0.19957775686768212,-0.7522369130636848,-8.420767129872338e-15
33.58524882399229,-34.32105900036486,22.47870500086232,0.20503488677013876,-0.7536505392732156,-1.6841534259744676e-14
33.68578965297533,-34.359262713813024,22.361773890467926,0.21055943210949454,-0.7550739018348043,0.0
33.7865805984288,-34.39716810165558,22.241827622335354,0.21615193858070203,-0.7565065116552807,-1.6841534259744676e-14
33.88762300379135,-34.434771973728836,22.118835717170242,0.22181295072923898,-0.7579478758329148,-8.420767129872338e-15
33.98891819346201,-34.472071132477,21.992767695678243,0.2275430119256854,-0.7593974976357605,0.0
34.090467472539736,-34.509062372945095,21.863593078565007,0.2333426643399027,-0.7608548764802662,-2.1051917824680846e-14
34.19227212656139,-34.545742482772596,21.73128138653618,0.2392124489148093,-0.7623195079101646,-1.2631150694808506e-14
34.29433342123841,-34.582108242187665,21.595802140297394,0.24515290533975914,-0.7637908835756533,-1.2631150694808506e-14
34.396652602191956,-34.61815642400229,21.45712486055432,0.2511645720235202,-0.7652684912128813,-1.6841534259744676e-14
34.499230894686924,-34.65388379360805,21.315219068012595,0.25724798606685717,-0.7667518146237577,-1.6841534259744676e-14
34.60206950336449,-34.68928710897274,21.170054283377866,0.26340368323471414,-0.7682403336560895,-1.2631150694808506e-14
34.70516961197362,-34.724363120637705,21.021600027355777,0.2696321979280052,-0.7697335241840675,-8.420767129872338e-15
34.808532383101344,-34.759108571716034,20.86982582065198,0.27593406315500985,-0.7712308580891161,-8.420767129872338e-15
34.91215895790188,-34.79352019789158,20.714701183972128,0.28230981050237636,-0.7727318032411145,-2.1051917824680846e-14
35.016050455824875,-34.82759472741881,20.55619563802186,0.2887599701057376,-0.7742358234800096,-1.6841534259744676e-14
35.12020797434248,-34.861328881123505,20.39427870350682,0.2952850706199348,-0.7757423785978328,-1.2631150694808506e-14
