galstreams/tracks/track.st.Kshir.ibata2020.ecsv
# %ECSV 0.9
# ---
# datatype:
# - {name: ra, unit: deg, datatype: float64}
# - {name: dec, unit: deg, datatype: float64}
# - {name: distance, unit: kpc, datatype: float64}
# - {name: pm_ra_cosdec, unit: mas / yr, datatype: float64}
# - {name: pm_dec, unit: mas / yr, datatype: float64}
# - {name: radial_velocity, unit: km / s, datatype: float64}
# delimiter: ','
# meta: !!omap
# - __serialized_columns__:
#     dec:
#       __class__: astropy.coordinates.angles.Latitude
#       unit: &id001 !astropy.units.Unit {unit: deg}
#       value: !astropy.table.SerializedColumn {name: dec}
#     distance:
#       __class__: astropy.coordinates.distances.Distance
#       unit: !astropy.units.Unit {unit: kpc}
#       value: !astropy.table.SerializedColumn {name: distance}
#     pm_dec:
#       __class__: astropy.units.quantity.Quantity
#       unit: !astropy.units.Unit {unit: mas / yr}
#       value: !astropy.table.SerializedColumn {name: pm_dec}
#     pm_ra_cosdec:
#       __class__: astropy.units.quantity.Quantity
#       unit: !astropy.units.Unit {unit: mas / yr}
#       value: !astropy.table.SerializedColumn {name: pm_ra_cosdec}
#     ra:
#       __class__: astropy.coordinates.angles.Longitude
#       unit: *id001
#       value: !astropy.table.SerializedColumn {name: ra}
#       wrap_angle: !astropy.coordinates.Angle
#         unit: *id001
#         value: 360.0
#     radial_velocity:
#       __class__: astropy.units.quantity.Quantity
#       unit: !astropy.units.Unit {unit: km / s}
#       value: !astropy.table.SerializedColumn {name: radial_velocity}
# schema: astropy-2.0
ra,dec,distance,pm_ra_cosdec,pm_dec,radial_velocity
193.35557241438482,65.64628833021632,10.12714316541673,-7.826019353541049,-5.604146184578795,1.515738083377021e-13
193.55354288823375,65.67870025667541,10.108129624185244,-7.821451543688158,-5.577785905773575,1.515738083377021e-13
193.75177563652744,65.71103716700284,10.089874365206601,-7.8169799465839604,-5.551377024479682,1.515738083377021e-13
193.95027450202804,65.74329695317756,10.072369412172948,-7.812603123655468,-5.524918601831395,1.0104920555846805e-13
194.14904328399234,65.77547749022729,10.055606788776435,-7.808319625272429,-5.498409717569446,1.515738083377021e-13
194.34808573722313,65.80757663633851,10.039578518709213,-7.804127990799832,-5.471849470173104,1.347322740779574e-13
194.54740557110838,65.83959223296864,10.024276625663434,-7.800026748652744,-5.445236976995561,8.420767129872338e-14
194.7470064486492,65.87152210496002,10.009693133331247,-7.796014416353408,-5.418571374402432,1.8525687685719145e-13
194.94689198547619,65.90336406065633,9.9958200654048,-7.792089500590836,-5.391851817913457,1.515738083377021e-13
195.14706574885432,65.93511589202079,9.982649445576246,-7.788250497282908,-5.3650774823473615,1.6841534259744677e-13
195.34753125667652,65.966775374757,9.970173297537736,-7.784495891641159,-5.338247561969803,1.1789073981821273e-13
195.54829197644588,65.99834026843176,9.958383644981417,-7.780824158238365,-5.311361270644468,1.347322740779574e-13
195.74935132424702,66.02980831660032,9.94727251159944,-7.7772337610789375,-5.284417841987152,1.515738083377021e-13
195.95071266370587,66.06117724693415,9.936831921083956,-7.773723153672385,-5.257416529522942,1.347322740779574e-13
196.1523793049394,66.09244477135088,9.927053897127115,-7.770290779109859,-5.230356606846321,1.515738083377021e-13
196.35435450349365,66.12360858614711,9.917930463421062,-7.766935070143908,-5.2032373677842605,8.420767129872338e-14
196.55664145927207,66.15466637213338,9.909453643657955,-7.763654449271562,-5.176058126562176,2.5262301389617017e-13
196.7592433154528,66.1856157947722,9.901615461529941,-7.7604473288209315,-5.148818217972739,1.515738083377021e-13
196.96216315739605,66.21645450431834,9.894407940729172,-7.757312111041286,-5.121516997547516,1.8525687685719145e-13
197.16540401154126,66.24718013596214,9.887823104947794,-7.754247188196859,-5.094153841731281,1.347322740779574e-13
197.3689688442946,66.27779030997552,9.881852977877958,-7.751250942664462,-5.066728148059056,1.6841534259744677e-13
197.5728605609068,66.30828263186076,9.876489583211818,-7.748321747035003,-5.039239335335728,1.1789073981821273e-13
197.7770820043416,66.33865469250229,9.871724944641521,-7.7454579642190176,-5.011686843818244,1.0104920555846805e-13
197.98163595413487,66.36890406832143,9.867551085859214,-7.742657947556374,-4.984070135400239,8.420767129872338e-14
198.1865251252455,66.39902832143405,9.863960030557058,-7.739920040930243,-4.956388693799069,1.515738083377021e-13
198.39175216689694,66.42902499981136,9.860943802427185,-7.737242578885444,-4.928642024745171,1.515738083377021e-13
198.59731966141103,66.45889163744386,9.858494425161762,-7.7346238867512715,-4.90082965617362,1.347322740779574e-13
198.8032301230336,66.48862575450839,9.856603922452935,-7.732062280768989,-4.872951138417855,1.0104920555846805e-13
199.0094859967524,66.5182248575384,9.855264317992848,-7.72955606822401,-4.845006044405421,1.515738083377021e-13
199.21608965710814,66.54768643959764,9.854467635473654,-7.727103547582929,-4.816993969855662,1.8525687685719145e-13
199.42304340699792,66.577007980457,9.854205898587507,-7.724703008635536,-4.788914533479254,6.73661370389787e-14
199.63034947647267,66.60618694677483,9.854471131026555,-7.7223527326419,-4.760767377179492,5.0524602779234026e-14
199.83801002152805,66.63522079228066,9.855255356482946,-7.720050992484626,-4.732552166255163,1.515738083377021e-13
200.04602712288988,66.6641069579626,9.856550598648832,-7.717796052826437,-4.704268589604946,1.0104920555846805e-13
200.25440278479397,66.69284287225784,9.85834888121636,-7.715586170273149,-4.675916359933193,2.020984111169361e-13
200.46313893376117,66.72142595124718,9.860642227877685,-7.7134195935421666,-4.647495213956956,1.1789073981821273e-13
200.67223741736797,66.74985359885295,9.863422662324956,-7.711294563636611,-4.619004912614154,1.0104920555846805e-13
200.881700003013,66.77812320704068,9.866682208250321,-7.709209314025191,-4.590445241272719,1.347322740779574e-13
201.09152837668034,66.80623215602442,9.870412889345932,-7.707162070827913,-4.561816009940598,1.347322740779574e-13
201.30172414169954,66.83417781447596,9.874606729303936,-7.7051510530076905,-4.533117053476441,1.1789073981821273e-13
201.5122888175034,66.86195753973772,9.879255751816489,-7.70317447256806,-4.504348231800869,8.420767129872338e-14
201.72322383838375,66.88956867803948,9.884351980575731,-7.701230534756992,-4.475509430108123,1.2631150694808508e-13
201.93453055224603,66.91700856471924,9.88988743927382,-7.699317438276938,-4.446600559077943,1.1789073981821273e-13
202.14621021936298,66.94427452444756,9.895854151602906,-7.6974333755012125,-4.417621555087524,1.0946997268834039e-13
202.35826401112823,66.97136387145638,9.902244141255142,-7.6955765326967995,-4.388572380423387,1.347322740779574e-13
202.57069300881048,66.99827390977136,9.909049431922668,-7.693745090253659,-4.359453023492963,5.894536990910637e-14
202.78349820230852,67.02500193344856,9.916262047297643,-7.691937222920566,-4.330263499035706,4.210383564936169e-14
202.99668048890828,67.0515452268151,9.92387401107221,-7.690151100047724,-4.301003848333603,9.262843842859572e-14
203.2102406720422,67.07790106471383,9.931877346938528,-7.688384885835999,-4.271674139420817,8.420767129872338e-14
203.42417946005176,67.10406671275217,9.940264078588738,-7.686636739593073,-4.242274467292345,8.420767129872338e-14
203.6384974649537,67.13003942755513,9.949026229714997,-7.684904815996383,-4.2128049541114105,1.0946997268834039e-13
203.853195201211,67.15581645702241,9.958155824009447,-7.683187265363095,-4.183265749415459,1.2631150694808508e-13
204.06827308450892,67.18139504058973,9.967644885164253,-7.681482233927003,-4.153657030320513,6.73661370389787e-14
204.2837314305377,67.20677240949436,9.977485436871548,-7.679787864122589,-4.123979001723629,1.1789073981821273e-13
204.49957045378108,67.23194578704484,9.987669502823493,-7.678102294876052,-4.094231896503385,7.578690416885104e-14
204.7157902663132,67.25691238889495,9.998189106712234,-7.676423661903624,-4.064415975717989,6.73661370389787e-14
204.93239087660405,67.2816694233219,10.009036272229922,-7.674750098017029,-4.0345315288009,9.262843842859572e-14
205.1493721883335,67.3062140915088,10.020203023068703,-7.67307973343614,-4.004578873753696,1.0104920555846805e-13
205.3667339992162,67.33054358783137,10.031681382920738,-7.671410696108947,-3.9745583573359706,1.2631150694808508e-13
205.58447599983697,67.35465510014882,10.043463375478169,-7.669741112038774,-3.944470355251993,7.578690416885104e-14
205.80259777249825,67.3785458100991,10.055541024433145,-7.6680691056187955,-3.9143152723339165,5.0524602779234026e-14
206.02109879008012,67.40221289339843,10.067906353477817,-7.66639279997386,-3.8840935427212564,6.73661370389787e-14
206.2399784149143,67.42565352014485,10.080551386304338,-7.664710317309621,-3.853805630036415,9.262843842859572e-14
206.45923589767247,67.44886485512627,10.09346814660486,-7.663019779268967,-3.8234520275559847,5.894536990910637e-14
206.67887037627003,67.47184405813255,10.106648658071526,-7.661319307295765,-3.793033258377602,5.894536990910637e-14
206.89888087478658,67.49458828427181,10.12008494439649,-7.65960702300585,-3.7625498755820237,1.0104920555846805e-13
207.11926630240367,67.51709468429111,10.1337690292719,-7.657881048565283,-3.732002462390251,4.210383564936169e-14
207.3400254523608,67.53936040490095,10.147692936389912,-7.656139507075813,-3.7013916323153677,1.2631150694808508e-13
207.56115700093116,67.56138258910421,10.161848689442671,-7.65438052296756,-3.670718029308852,6.73661370389787e-14
207.7826595064173,67.583158376529,10.176228312122326,-7.65260222239873,-3.6399823279011096,8.420767129872338e-14
208.00453140816845,67.60468490376567,10.190823828121033,-7.650802733662509,-3.609185233335901,1.1789073981821273e-13
208.22677102562022,67.62595930470782,10.205627261130937,-7.648980187600893,-3.5783274816984614,1.0104920555846805e-13
208.44937655735745,67.64697871089722,10.22063063484419,-7.647132718025469,-3.547409840036986,9.262843842859572e-14
208.6723460802019,67.66774025187281,10.235825972952936,-7.645258462145029,-3.516433106477212,1.0946997268834039e-13
208.89567754832498,67.6882410555235,10.251205299149335,-7.643355560999963,-3.485398110329845,3.368306851948935e-14
209.11936879238723,67.70847824844479,10.266760637125536,-7.6414221599033025,-3.4543057121905463,5.0524602779234026e-14
209.34341751870542,67.72844895629912,10.282484010573683,-7.639456408888278,-3.4231568040321574,6.73661370389787e-14
209.56782130844812,67.74815030418019,10.298367443185931,-7.637456463162349,-3.3919523092889556,5.894536990910637e-14
209.7925776168608,67.76757941698044,10.314402958654426,-7.635420483567487,-3.360693182932626,1.0104920555846805e-13
210.01768377252213,67.78673341976271,10.330582580671319,-7.633346637046658,-3.3293804115396544,6.73661370389787e-14
210.24313697663143,67.80560943813485,10.346898332928765,-7.6312330971162465,-3.2980150133499277,8.420767129872338e-14
210.46893430232947,67.82420459862806,10.36334223911891,-7.629078044344448,-3.2665980383161837,5.0524602779234026e-14
210.6950726940529,67.84251602907845,10.379906322933902,-7.626879666835196,-3.235130568144128,4.210383564936169e-14
210.92154896692358,67.86054085901196,10.396582608065897,-7.624636160717722,-3.2036137163228737,7.578690416885104e-14
211.14835980617428,67.87827622003219,10.41336311820704,-7.62234573064138,-3.172048628145487,1.2631150694808508e-13
211.3755017666108,67.89571924621161,10.430239877049482,-7.620006590275574,-3.1404364807193392,6.73661370389787e-14
211.6029712721127,67.91286707448542,10.447204908285373,-7.617616962814618,-3.108778482966054,7.578690416885104e-14
211.83076461517302,67.92971684504843,10.464250235606869,-7.615175081487333,-3.077075875610713,5.0524602779234026e-14
212.05887795647772,67.94626570175465,10.481367882706113,-7.612679190070996,-3.0453299311601607,4.210383564936169e-14
212.287307324527,67.96251079251945,10.498549873275254,-7.610127543409658,-3.0135419538700914,4.210383564936169e-14
212.51604861529808,67.97844926972422,10.515788231006447,-7.607518407936298,-2.98171327970069,6.73661370389787e-14
212.7450975919515,67.9940782906235,10.533074979591843,-7.604850062198829,-2.9498452762606413,5.0524602779234026e-14
212.97444988458133,68.00939501775419,10.55040214272359,-7.602120797389469,-2.9179393427391793,4.210383564936169e-14
213.20410099001072,68.024396619347,10.567761744093833,-7.599328917877291,-2.8859969098260496,5.894536990910637e-14
213.434046271633,68.0390802697399,10.585145807394726,-7.596472741743708,-2.8540194396190985,5.0524602779234026e-14
213.66428095930016,68.05344314979318,10.602546356318426,-7.593550601320496,-2.822008425519317,5.0524602779234026e-14
213.8948001492589,68.06748244730653,10.619955414557074,-7.5905608437301115,-2.7899653921131145,7.578690416885104e-14
214.12559880413548,68.08119535743728,10.637365005802826,-7.587501831427986,-2.7578918950416407,1.1789073981821273e-13
214.3566717529702,68.09457908312038,10.654767153747825,-7.584371942746436,-2.7257895208569534,5.0524602779234026e-14
214.58801369130197,68.10763083548926,10.67215388208423,-7.581169572439873,-2.6936598868648907,4.210383564936169e-14
214.81961918130474,68.12034783429806,10.689517214504184,-7.5778931322310035,-2.661504640954414,4.210383564936169e-14
215.05148265197516,68.13272730834446,10.706849174699837,-7.57454105135759,-2.6293254614133437,4.210383564936169e-14
215.28359839937363,68.14476649589339,10.724141786363344,-7.571111777119473,-2.597124056730276,2.5262301389617013e-14
215.5159605869183,68.15646264510134,10.741387073186852,-7.567603775425491,-2.564902165382573,7.578690416885104e-14
215.74856324573375,68.16781301444074,10.758577058862516,-7.564015531339848,-2.5326615556102965,3.368306851948935e-14
215.98140027505406,68.17881487312485,10.775703767082476,-7.560345549627657,-2.500404025175981,4.210383564936169e-14
216.21446544268147,68.18946550153247,10.79275922153889,-7.556592355299135,-2.468131401110107,1.0104920555846805e-13
216.44775238550125,68.19976219163242,10.809735445923907,-7.55275449415219,-2.4358455394422256,1.6841534259744676e-14
216.6812546100528,68.2097022474077,10.826624463929678,-7.548830533312864,-2.403548324917659,3.368306851948935e-14
216.91496549315818,68.21928298527904,10.843418299248349,-7.544819061773339,-2.371241670699656,1.0104920555846805e-13
217.14887828260802,68.2285017345276,10.860108975572073,-7.54071869092701,-2.3389275180570124,1.6841534259744676e-14
217.38298609790536,68.23735583771679,10.876688516593001,-7.536528055100205,-2.30660783603712,5.894536990910637e-14
217.61728193106802,68.24584265111277,10.893148946003278,-7.532245812080195,-2.27428462112436,9.262843842859572e-14
217.85175864748976,68.25395954510358,10.90948228749506,-7.527870643638975,-2.2419598968838903,5.894536990910637e-14
218.08640898686005,68.2617039046167,10.925680564760498,-7.523401256052463,-2.2096357135908313,7.578690416885104e-14
218.32122556414365,68.26907312953468,10.941735801491735,-7.518836380614595,-2.177314147844823,3.368306851948935e-14
218.55620087061916,68.27606463510875,10.957640021380929,-7.514174774145948,-2.144997302170067,6.73661370389787e-14
218.79132727497768,68.28267585237032,10.973385248120222,-7.509415219496434,-2.1126873046008,4.210383564936169e-15
219.02659702448057,68.28890422853964,10.988963505401768,-7.504556526041552,-2.080386308252407,5.4734986344170195e-14
219.26200224617787,68.2947472274321,11.004366816917724,-7.499597530171866,-2.0480964908780988,5.0524602779234026e-14
219.49753494818546,68.30020232986146,11.019587206360228,-7.494537095775161,-2.0158200544114124,6.315575347404254e-14
219.73318702102299,68.30526703403986,11.034616697421434,-7.48937411471089,-1.9835592244945022,0.0
219.9689502390105,68.3099388559746,11.049447313793499,-7.484107507276438,-1.951316249992498,8.420767129872338e-15
220.20481626172534,68.31421532986107,11.064071079168565,-7.478736222664789,-1.9190934024939326,4.210383564936169e-15
220.4407766355177,68.31809400847229,11.078480017238784,-7.4732592394130934,-1.886892975797548,5.894536990910637e-14
220.67682279508566,68.32157246354379,11.092666151696308,-7.46767556584177,-1.8547172853855383,4.210383564936169e-14
220.91294606510846,68.32464828615481,11.106621506233285,-7.461984240483646,-1.822568667883534,6.315575347404254e-14
221.14913766193845,68.32731908710454,11.120338104541869,-7.456184332502733,-1.7904494805074465,4.210383564936169e-14
221.3853886953506,68.32958249728381,11.133807970314205,-7.45027494210219,-1.758362100497494,3.789345208442552e-14
221.6216901703496,68.33143616804192,11.147023127242448,-7.44425520092107,-1.7263089245395864,5.894536990910637e-14
221.85803298903377,68.33287777154801,11.159975599018741,-7.438124272419408,-1.694292368174373,2.1051917824680846e-14
222.09440795251496,68.33390500114731,11.172657409335244,-7.431881352251255,-1.6623148651942328,1.6841534259744676e-14
222.33080576289424,68.33451557171159,11.185060581884098,-7.4255256686252284,-1.6303788670284949,8.420767129872338e-15
222.56721702529245,68.33470721998376,11.197177140357462,-7.419056482652235,-1.5984868421171912,3.368306851948935e-14
222.8036322499346,68.33447770491645,11.208999108447475,-7.412473088679888,-1.5666412752736982,3.368306851948935e-14
223.0400418542877,68.3338248080044,11.220518509846295,-7.405774814613327,-1.5348446670366085,2.947268495455318e-14
223.2764361652508,68.33274633361003,11.231727368246073,-7.398961022222002,-1.5030995330111565,2.1051917824680846e-14
223.51280542139645,68.33124010928275,11.242617707338951,-7.392031107432114,-1.4714084032006338,2.947268495455318e-14
