galstreams/tracks/track.st.Gaia-1.ibata2024.ecsv
# %ECSV 1.0
# ---
# datatype:
# - {name: ra, unit: deg, datatype: float64}
# - {name: dec, unit: deg, datatype: float64}
# - {name: distance, unit: kpc, datatype: float64}
# - {name: pm_ra_cosdec, unit: mas / yr, datatype: float64}
# - {name: pm_dec, unit: mas / yr, datatype: float64}
# - {name: radial_velocity, unit: km / s, datatype: float64}
# delimiter: ','
# meta: !!omap
# - __serialized_columns__:
#     dec:
#       __class__: astropy.coordinates.angles.Latitude
#       unit: &id001 !astropy.units.Unit {unit: deg}
#       value: !astropy.table.SerializedColumn {name: dec}
#     distance:
#       __class__: astropy.coordinates.distances.Distance
#       unit: !astropy.units.Unit {unit: kpc}
#       value: !astropy.table.SerializedColumn {name: distance}
#     pm_dec:
#       __class__: astropy.units.quantity.Quantity
#       unit: !astropy.units.Unit {unit: mas / yr}
#       value: !astropy.table.SerializedColumn {name: pm_dec}
#     pm_ra_cosdec:
#       __class__: astropy.units.quantity.Quantity
#       unit: !astropy.units.Unit {unit: mas / yr}
#       value: !astropy.table.SerializedColumn {name: pm_ra_cosdec}
#     ra:
#       __class__: astropy.coordinates.angles.Longitude
#       unit: *id001
#       value: !astropy.table.SerializedColumn {name: ra}
#       wrap_angle: !astropy.coordinates.Angle
#         unit: *id001
#         value: 360.0
#     radial_velocity:
#       __class__: astropy.units.quantity.Quantity
#       unit: !astropy.units.Unit {unit: km / s}
#       value: !astropy.table.SerializedColumn {name: radial_velocity}
# schema: astropy-2.0
ra,dec,distance,pm_ra_cosdec,pm_dec,radial_velocity
[from data line 2397]
196.04049614282627,-2.4647112515489233,1.0,-15.340438770285079,-20.598742091861453,132.7414734068578
196.0462785756418,-2.4565519917203553,1.0,-15.341712159279469,-20.59980977843973,132.6428152255831
196.0520610021585,-2.448392752399153,1.0,-15.342985324993254,-20.60087640114648,132.54414949745794
196.05784342283386,-2.4402335338252015,0.9999999999999999,-15.344258266811476,-20.601941959255644,132.44547621330332
196.06362583812538,-2.432074336238395,0.9999999999999999,-15.345530984119186,-20.60300645204111,132.34679536394037
196.06940824849065,-2.423915159878626,1.0,-15.346803476301462,-20.604069878776762,132.24810694019004
196.07519065438714,-2.4157560049857727,1.0,-15.348075742743351,-20.605132238736445,132.1494109328733
196.08097305627237,-2.4075968717997296,1.0,-15.34934778282991,-20.606193531193956,132.05070733281144
196.0867554546039,-2.3994377605603705,1.0,-15.35061959594622,-20.607253755423073,131.95199613082522
196.09253784983912,-2.391278671507582,0.9999999999999999,-15.351891181477328,-20.60831291069754,131.85327731773577
196.09832024243562,-2.383119604881245,0.9999999999999999,-15.353162538808318,-20.60937099629106,131.75455088436422
196.10410263285078,-2.3749605609212336,0.9999999999999999,-15.354433667324233,-20.610428011477314,131.6558168215315
196.10988502154217,-2.3668015398674265,0.9999999999999999,-15.355704566410157,-20.611483955529938,131.5570751200587
196.1156674089672,-2.358642541959693,0.9999999999999997,-15.356975235451156,-20.612538827722556,131.45832577076672
196.12144979558335,-2.3504835674379096,0.9999999999999999,-15.358245673832286,-20.613592627328725,131.35956876447673
196.12723218184806,-2.3423246165419505,1.0,-15.359515880938632,-20.614645353622006,131.26080409200983
196.13301456821878,-2.334165689511677,1.0,-15.360785856155253,-20.615697005875916,131.16203174418692
196.138796955153,-2.3260067865869662,1.0,-15.36205559886724,-20.61674758336392,131.0632517118291
196.14457934310806,-2.3178479080076766,1.0,-15.363325108459634,-20.617797085359488,130.9644639857573
196.15036173254148,-2.3096890540136776,0.9999999999999999,-15.364594384317545,-20.618845511136033,130.86566855679268
196.1561441239106,-2.301530224844835,0.9999999999999999,-15.365863425826005,-20.619892859966917,130.76686541575626
196.16192651767287,-2.2933714207410056,0.9999999999999998,-15.3671322323701,-20.620939131125528,130.66805455346906
196.16770891428575,-2.285212641942058,0.9999999999999999,-15.368400803334925,-20.621984323885158,130.56923596075205
196.17349131420653,-2.277053888687846,0.9999999999999999,-15.369669138105513,-20.623028437519103,130.47040962842635
196.1792737178927,-2.2688951612182295,0.9999999999999999,-15.370937236066972,-20.624071471300635,130.371575547313
196.1850561258016,-2.2607364597730717,0.9999999999999999,-15.372205096604349,-20.62511342450297,130.27273370823298
196.19083853839064,-2.252577784592221,0.9999999999999998,-15.373472719102724,-20.626154296399307,130.17388410200732
196.19662095611716,-2.2444191359155408,0.9999999999999999,-15.374740102947179,-20.627194086262804,130.0750267194571
196.20240337943858,-2.23626051398288,1.0,-15.37600724752277,-20.62823279336658,129.97616155140332
196.2081858088122,-2.228101919034094,0.9999999999999999,-15.377274152214582,-20.629270416983765,129.877288588667
196.21396824469545,-2.2199433513090394,0.9999999999999999,-15.378540816407668,-20.630306956387408,129.77840782206928
196.2197506875456,-2.2117848110475635,0.9999999999999999,-15.37980723948711,-20.631342410850557,129.67951924243113
196.22553313782007,-2.2036262984895205,0.9999999999999999,-15.381073420837975,-20.63237677964621,129.58062284057354
196.23131559597618,-2.195467813874757,0.9999999999999998,-15.382339359845334,-20.63341006204734,129.48171860731756
196.23709806247123,-2.187309357443125,0.9999999999999999,-15.383605055894234,-20.6344422573269,129.38280653348423
196.2428805377626,-2.179150929434477,1.0,-15.384870508369767,-20.635473364757797,129.2838866098947
196.2486630223076,-2.1709925300886534,0.9999999999999999,-15.386135716656987,-20.636503383612922,129.18495882736983
196.2544455165635,-2.1628341596455103,0.9999999999999999,-15.387400680140964,-20.637532313165114,129.08602317673075
196.26022802098765,-2.154675818344888,0.9999999999999999,-15.388665398206744,-20.638560152687198,128.9870796487985
196.26601053603736,-2.146517506426637,0.9999999999999998,-15.389929870239406,-20.63958690145198,128.888128234394
196.2717930621699,-2.1383592241306046,1.0,-15.391194095624002,-20.640612558732194,128.78916892433855
196.27757559984263,-2.130200971696632,1.0,-15.39245807374559,-20.64163712380059,128.6902017094529
196.28335814951276,-2.1220427493645713,1.0,-15.393721803989232,-20.642660595929854,128.59122658055827
196.28914071163763,-2.1138845573742597,1.0,-15.394985285739976,-20.643682974392664,128.49224352847554
196.2949232866745,-2.1057263959655463,0.9999999999999999,-15.39624851838289,-20.644704258461655,128.39325254402584
196.3007058750806,-2.097568265378279,0.9999999999999999,-15.397511501302997,-20.645724447409425,128.2942536180303
196.30648847731328,-2.0894101658522968,0.9999999999999998,-15.398774233885382,-20.64674354050857,128.19524674130975
196.31227109382976,-2.0812520976274476,1.0,-15.400036715515071,-20.647761537031613,128.0962319046854
196.3180537250873,-2.0730940609435713,0.9999999999999999,-15.40129894557711,-20.6487784362511,127.99720909897815
196.32383637154317,-2.0649360560405157,0.9999999999999999,-15.402560923456559,-20.649794237439497,127.89817831500908
196.32961903365455,-2.0567780831581284,0.9999999999999999,-15.403822648538434,-20.650808939869272,127.79913954359937
196.3354017118788,-2.048620142536245,0.9999999999999999,-15.405084120207803,-20.651822542812848,127.7000927755698
196.34118440667308,-2.040462234414716,0.9999999999999998,-15.406345337849682,-20.65283504554263,127.60103800174161
196.3469671184946,-2.032304359033382,0.9999999999999999,-15.407606300849102,-20.653846447330974,127.5019752129357
196.35274984780068,-2.02414651663209,1.0,-15.408867008591105,-20.654856747450225,127.40290439997321
196.35853259504844,-2.015988707450686,0.9999999999999997,-15.410127460460725,-20.6558659451727,127.30382555367511
196.36431536069517,-2.007830931729012,1.0,-15.411387655842969,-20.65687403977066,127.20473866486249
196.37009814519809,-1.9996731897069149,0.9999999999999999,-15.412647594122888,-20.65788103051638,127.10564372435636
196.37588094901432,-1.991515481624239,0.9999999999999999,-15.41390727468547,-20.65888691668206,127.00654072297769
196.3816637726012,-1.9833578077208307,1.0,-15.415166696915762,-20.659891697539905,126.90742965154753
196.38744661641582,-1.9752001682365408,0.9999999999999999,-15.416425860198764,-20.66089537236207,126.80831050088703
196.3932294809154,-1.967042563411209,1.0,-15.417684763919471,-20.66189794042069,126.70918326181715
196.39901236655717,-1.958884993484689,0.9999999999999999,-15.418943407462926,-20.662899400987875,126.61004792515891
196.4047952737983,-1.9507274586968253,1.0,-15.420201790214099,-20.66389975333569,126.51090448173336
196.41057820309595,-1.9425699592874675,0.9999999999999999,-15.421459911558017,-20.664898996736202,126.41175292236154
196.41636115490735,-1.9344124954964668,0.9999999999999999,-15.422717770879672,-20.665897130461403,126.31259323786453
196.42214412968963,-1.9262550675636685,0.9999999999999997,-15.423975367564056,-20.666894153783307,126.21342541906323
196.42792712789998,-1.9180976757289299,0.9999999999999998,-15.42523270099614,-20.667890065973843,126.11424945677884
196.43371014999556,-1.9099403202320988,0.9999999999999998,-15.426489770560941,-20.66888486630497,126.01506534183228
196.4394931964335,-1.9017830013130261,0.9999999999999999,-15.427746575643413,-20.669878554048587,125.91587306504462
196.44527626767103,-1.8936257192115695,0.9999999999999999,-15.42900311562856,-20.67087112847656,125.81667261723695
196.45105936416525,-1.8854684741675796,1.0,-15.43025938990134,-20.671862588860737,125.71746398923015
196.45684248637332,-1.8773112664209144,0.9999999999999997,-15.431515397846734,-20.672852934472946,125.61824717184548
196.46262563475238,-1.869154096211426,0.9999999999999998,-15.432771138849684,-20.673842164584965,125.51902215590378
196.46840880975964,-1.8609969637789765,0.9999999999999998,-15.434026612295188,-20.674830278468555,125.41978893222618
196.47419201185215,-1.8528398693634227,0.9999999999999998,-15.435281817568175,-20.675817275395463,125.32054749163375
196.4799752414871,-1.8446828132046231,0.9999999999999999,-15.436536754053613,-20.67680315463739,125.22129782494741
196.4857584991216,-1.8365257955424397,0.9999999999999997,-15.437791421136453,-20.677787915466006,125.12203992298824
196.49154178521277,-1.8283688166167342,0.9999999999999998,-15.439045818201617,-20.678771557152967,125.02277377657732
196.49732510021778,-1.8202118766673683,0.9999999999999999,-15.440299944634067,-20.67975407896988,124.92349937653563
196.5031084445937,-1.8120549759342117,0.9999999999999999,-15.441553799818728,-20.680735480188368,124.82421671368428
196.50889181879765,-1.803898114657123,0.9999999999999997,-15.442807383140519,-20.681715760079975,124.72492577884425
196.5146752232868,-1.795741293075976,0.9999999999999997,-15.444060693984385,-20.68269491791625,124.6256265628366
196.5204586585182,-1.7875845114306368,0.9999999999999999,-15.445313731735233,-20.68367295296869,124.52631905648232
196.52624212494902,-1.779427769960973,0.9999999999999997,-15.446566495777985,-20.684649864508806,124.42700325060244
196.5320256230363,-1.7712710689068651,0.9999999999999999,-15.447818985497527,-20.685625651808024,124.32767913601809
196.53780915323716,-1.7631144085081774,0.9999999999999998,-15.449071200278787,-20.686600314137795,124.22834670355023
196.54359271600873,-1.75495778900479,1.0,-15.450323139506649,-20.6875738507695,124.12900594401992
196.5493763118081,-1.7468012106365793,0.9999999999999997,-15.451574802566022,-20.688546260974547,124.02965684824812
196.5551599410923,-1.738644673643423,0.9999999999999999,-15.452826188841776,-20.68951754402425,123.93029940705598
196.5609436043185,-1.730488178265204,0.9999999999999998,-15.4540772977188,-20.69048769918995,123.83093361126451
196.56672730194379,-1.7223317247417997,0.9999999999999997,-15.455328128581975,-20.691456725742928,123.73155945169462
196.57251103442516,-1.7141753133131001,0.9999999999999998,-15.456578680816142,-20.69242462295446,123.63217691916758
196.5782948022198,-1.7060189442189857,0.9999999999999998,-15.4578289538062,-20.693391390095783,123.53278600450423
196.5840786057847,-1.6978626176993472,0.9999999999999998,-15.459078946936987,-20.69435702643811,123.43338669852562
196.589862445577,-1.689706333994078,0.9999999999999998,-15.460328659593367,-20.695321531252624,123.33397899205292
196.59564632205374,-1.681550093343063,0.9999999999999997,-15.461578091160174,-20.696284903810497,123.23456287590696
196.60143023567198,-1.6733938959862025,0.9999999999999998,-15.462827241022236,-20.697247143382842,123.13513834090907
196.60721418688885,-1.6652377421633875,0.9999999999999998,-15.46407610856441,-20.698208249240782,123.03570537787998
196.61299817616134,-1.6570816321145199,0.9999999999999999,-15.465324693171503,-20.69916822065539,122.93626397764086
196.61878220394655,-1.6489255660795035,0.9999999999999998,-15.466572994228354,-20.70012705689773,122.83681413101277
196.62456627070154,-1.6407695442982333,0.9999999999999999,-15.467821011119753,-20.701084757238824,122.73735582881672
196.63035037688334,-1.6326135670106219,0.9999999999999998,-15.469068743230524,-20.702041320949675,122.63788906187376
196.63613452294908,-1.6244576344565702,0.9999999999999998,-15.470316189945455,-20.702996747301253,122.5384138210048
196.64191870935574,-1.6163017468759935,0.9999999999999997,-15.471563350649348,-20.703951035564522,122.43893009703103
196.64770293656036,-1.6081459045088047,0.9999999999999999,-15.472810224726963,-20.704904185010385,122.33943788077353
196.65348720502007,-1.5999901075949143,0.9999999999999998,-15.47405681156311,-20.705856194909753,122.23993716305316
196.65927151519185,-1.5918343563742448,0.9999999999999999,-15.475303110542551,-20.70680706453351,122.14042793469103
196.66505586753277,-1.583678651086711,0.9999999999999998,-15.476549121050045,-20.707756793152484,122.04091018650821
196.67084026249987,-1.5755229919722387,0.9999999999999999,-15.477794842470342,-20.70870538003749,121.94138390932564
196.6766247005502,-1.5673673792707556,0.9999999999999998,-15.479040274188204,-20.709652824459344,121.84184909396448
196.6824091821408,-1.559211813222186,0.9999999999999998,-15.480285415588359,-20.710599125688802,121.74230573124571
196.68819370772866,-1.5510562940664634,0.9999999999999999,-15.48153026605554,-20.711544282996613,121.64275381199036
196.6939782777709,-1.5429008220435194,1.0,-15.482774824974495,-20.7124882956535,121.54319332701945
196.69976289272446,-1.5347453973932899,0.9999999999999998,-15.48401909172992,-20.713431162930153,121.44362426715406
196.70554755304647,-1.5265900203557201,0.9999999999999998,-15.485263065706533,-20.714372884097234,121.34404662321515
196.71133225919388,-1.5184346911707445,0.9999999999999998,-15.486506746289027,-20.715313458425392,121.24446038602383
196.71711701162377,-1.5102794100783166,0.9999999999999998,-15.48775013286212,-20.71625288518525,121.14486554640116
196.72290181079316,-1.5021241773183762,0.9999999999999998,-15.488993224810473,-20.717191163647392,121.04526209516804
196.72868665715902,-1.4939689931308806,0.9999999999999998,-15.490236021518765,-20.71812829308239,120.94565002314563
196.73447155117844,-1.485813857755786,0.9999999999999998,-15.491478522371674,-20.719064272760793,120.84602932115496
196.74025649330846,-1.477658771433045,0.9999999999999997,-15.492720726753877,-20.719999101953114,120.74639998001695
196.746041484006,-1.4695037344026218,0.9999999999999999,-15.49396263404999,-20.720932779929843,120.64676199055282
196.7518265237282,-1.461348746904478,0.9999999999999998,-15.49520424364468,-20.721865305961465,120.54711534358341
196.75761161293198,-1.4531938091785828,0.9999999999999999,-15.496445554922577,-20.7227966793184,120.44746002992991
196.76339675207444,-1.4450389214649129,0.9999999999999999,-15.497686567268307,-20.72372689927109,120.34779604041321
196.76918194161254,-1.4368840840034314,0.9999999999999999,-15.498927280066496,-20.724655965089923,120.2481233658545
196.7749671820033,-1.4287292970341259,0.9999999999999998,-15.500167692701734,-20.72558387604527,120.14844199707474
196.78075247370379,-1.4205745607969709,0.9999999999999998,-15.501407804558635,-20.72651063140748,120.04875192489492
196.78653781717097,-1.4124198755319537,0.9999999999999999,-15.502647615021784,-20.72743623044687,119.94905314013614
196.79232321286187,-1.4042652414790646,0.9999999999999998,-15.503887123475767,-20.72836067243375,119.84934563361942
196.7981086612335,-1.3961106588782926,0.9999999999999998,-15.505126329305144,-20.72928395663839,119.74962939616582
196.80389416274286,-1.3879561279696366,0.9999999999999999,-15.506365231894488,-20.730206082331026,119.64990441859634
196.809679717847,-1.379801648993091,0.9999999999999998,-15.507603830628346,-20.731127048781918,119.55017069173202
196.81546532700287,-1.3716472221886638,0.9999999999999998,-15.508842124891263,-20.73204685526124,119.4504282063939
196.82125099066755,-1.3634928477963617,0.9999999999999998,-15.510080114067778,-20.732965501039185,119.35067695340302
196.827036709298,-1.3553385260561914,0.9999999999999998,-15.511317797542407,-20.733882985385897,119.25091692358035
196.8328224833512,-1.347184257208171,0.9999999999999997,-15.51255517469966,-20.734799307571524,119.15114810774702
196.83860831328425,-1.3390300414923173,0.9999999999999999,-15.513792244924051,-20.735714466866156,119.05137049672409
196.8443941995541,-1.330875879148652,0.9999999999999999,-15.515029007600068,-20.736628462539905,118.95158408133246
196.85018014261775,-1.3227217704172056,0.9999999999999998,-15.516265462112196,-20.737541293862805,118.85178885239327
