galstreams/tracks/track.st.Hrid.ibata2021.ecsv
# %ECSV 1.0
# ---
# datatype:
# - {name: ra, unit: deg, datatype: float64}
# - {name: dec, unit: deg, datatype: float64}
# - {name: distance, unit: kpc, datatype: float64}
# - {name: pm_ra_cosdec, unit: mas / yr, datatype: float64}
# - {name: pm_dec, unit: mas / yr, datatype: float64}
# - {name: radial_velocity, unit: km / s, datatype: float64}
# delimiter: ','
# meta: !!omap
# - __serialized_columns__:
#     dec:
#       __class__: astropy.coordinates.angles.Latitude
#       unit: &id001 !astropy.units.Unit {unit: deg}
#       value: !astropy.table.SerializedColumn {name: dec}
#     distance:
#       __class__: astropy.coordinates.distances.Distance
#       unit: !astropy.units.Unit {unit: kpc}
#       value: !astropy.table.SerializedColumn {name: distance}
#     pm_dec:
#       __class__: astropy.units.quantity.Quantity
#       unit: !astropy.units.Unit {unit: mas / yr}
#       value: !astropy.table.SerializedColumn {name: pm_dec}
#     pm_ra_cosdec:
#       __class__: astropy.units.quantity.Quantity
#       unit: !astropy.units.Unit {unit: mas / yr}
#       value: !astropy.table.SerializedColumn {name: pm_ra_cosdec}
#     ra:
#       __class__: astropy.coordinates.angles.Longitude
#       unit: *id001
#       value: !astropy.table.SerializedColumn {name: ra}
#       wrap_angle: !astropy.coordinates.Angle
#         unit: *id001
#         value: 360.0
#     radial_velocity:
#       __class__: astropy.units.quantity.Quantity
#       unit: !astropy.units.Unit {unit: km / s}
#       value: !astropy.table.SerializedColumn {name: radial_velocity}
# schema: astropy-2.0
ra,dec,distance,pm_ra_cosdec,pm_dec,radial_velocity
[from data line 3416]
281.22548267743923,49.29329904056102,3.1630701630301856,-5.397475515427945,22.919779826624154,-178.0329739924139
281.2263659461223,49.303288526061145,3.1631688676737877,-5.396852971329499,22.920487702123367,-177.9645827617786
281.22724954506384,49.31327800589994,3.1632676717861714,-5.396230144536937,22.921194181929305,-177.89619187311735
281.228133474653,49.32326748006777,3.1633665753965974,-5.395607034969466,22.921899265901306,-177.82780133883463
281.22901773527946,49.33325694855496,3.163465578534326,-5.3949836425462525,22.922602953898718,-177.75941117133522
281.2299023273331,49.343246411351856,3.1635646812286207,-5.394359967186222,22.9233052457809,-177.69102138302344
281.2307872512042,49.35323586844879,3.163663883508739,-5.393736008808323,22.924006141407233,-177.62263198630387
281.2316725072835,49.363225319836076,3.163763185403944,-5.393111767331287,22.924705640637132,-177.5542429935811
281.23255809596196,49.373214765504024,3.163862586943496,-5.392487242673789,22.925403743329976,-177.48585441725967
281.233444017631,49.38320420544295,3.1639620881566546,-5.391862434754364,22.926100449345228,-177.41746626974393
281.23433027268214,49.393193639643144,3.164061689072681,-5.3912373434914445,22.92679575854231,-177.34907856343855
281.23521686150775,49.40318306809488,3.1641613897208374,-5.390611968803316,22.92748967078068,-177.2806913107479
281.2361037845001,49.41317249078843,3.1642611901303828,-5.389986310608204,22.928182185919837,-177.21230452407696
281.23699104205195,49.42316190771409,3.164361090330578,-5.389360368824191,22.928873303819262,-177.14391821582979
281.2378786345566,49.43315131886211,3.164461090350686,-5.388734143369207,22.92956302433846,-177.07553239841107
281.2387665624075,49.443140724222744,3.1645611902199655,-5.38810763416112,22.93025134733697,-177.00714708422535
281.2396548259984,49.45313012378621,3.164661389967677,-5.387480841117693,22.93093827267433,-176.93876228567729
281.24054342572373,49.463119517542786,3.1647616896230826,-5.386853764156501,22.931623800210094,-176.8703780151712
281.24143236197796,49.473108905482654,3.1648620892154424,-5.386226403195065,22.93230792980384,-176.8019942851118
281.242321635156,49.48309828759606,3.1649625887740176,-5.385598758150806,22.932990661315145,-176.7336111079034
281.24321124565324,49.493087663873226,3.165063188328068,-5.384970828940934,22.933671994603632,-176.66522849595066
281.24410119386533,49.50307703430432,3.1651638879068567,-5.384342615482635,22.934351929528916,-176.59684646165817
281.2449914801884,49.51306639887956,3.1652646875396417,-5.383714117692956,22.93503046595064,-176.52846501743045
281.2458821050186,49.523055757589105,3.1653655872556854,-5.38308533548883,22.93570760372844,-176.46008417567188
281.24677306875293,49.53304511042316,3.1654665870842478,-5.38245626878703,22.93638334272202,-176.39170394878707
281.24766437178846,49.54303445737187,3.1655676870545904,-5.381826917504268,22.93705768279105,-176.32332434918064
281.2485560145226,49.55302379842539,3.1656688871959724,-5.381197281557115,22.937730623795225,-176.25494538925707
281.24944799735323,49.56301313357388,3.165770187537656,-5.380567360862044,22.93840216559428,-176.1865670814208
281.2503403206786,49.57300246280749,3.1658715881089017,-5.379937155335361,22.939072308047944,-176.11818943807657
281.2512329848973,49.58299178611633,3.1659730889389706,-5.379306664893318,22.939741051015965,-176.04981247162866
281.2521259904082,49.59298110349054,3.1660746900571235,-5.378675889451991,22.940408394358123,-175.9814361944818
281.2530193376107,49.602970414920215,3.16617639149262,-5.378044828927434,22.94107433793419,-175.91306061904038
281.2539130269044,49.61295972039549,3.1662781932747217,-5.377413483235443,22.94173888160398,-175.844685757709
281.2548070586894,49.622949019906436,3.16638009543269,-5.376781852291812,22.9424020252273,-175.77631162289222
281.2557014333661,49.63293831344316,3.1664820979957837,-5.376149936012174,22.94306376866399,-175.70793822699451
281.25659615133526,49.64292760099573,3.1665842009932668,-5.375517734312043,22.943724111773875,-175.63956558242035
281.25749121299805,49.65291688255424,3.166686404454397,-5.374885247106845,22.94438305441687,-175.57119370157434
281.258386618756,49.6629061581087,3.1667887084084363,-5.3742524743118185,22.945040596452813,-175.50282259686125
281.2592823690109,49.67289542764922,3.1668911128846458,-5.373619415842182,22.94569673774162,-175.43445228068512
281.2601784641652,49.68288469116581,3.166993617912286,-5.372986071612939,22.946351478143214,-175.36608276545093
281.26107490462135,49.692873948648526,3.167096223520617,-5.372352441539073,22.947004817517502,-175.2977140635629
281.26197169078245,49.70286320008737,3.1671989297389005,-5.3717185255353455,22.947656755724463,-175.22934618742576
281.2628688230518,49.7128524454724,3.167301736596396,-5.371084323516474,22.948307292624044,-175.16097914944388
281.2637663018332,49.72284168479359,3.167404644122366,-5.370449835397013,22.948956428076222,-175.0926129620219
281.2646641275307,49.73283091804096,3.167507652346071,-5.369815061091457,22.949604161940993,-175.02424763756426
281.2655623005488,49.74282014520448,3.1676107612967708,-5.369180000514121,22.95025049407837,-174.95588318847578
281.2664608212925,49.75280936627418,3.1677139710037254,-5.368544653579216,22.9508954243484,-174.8875196271605
281.26735969016687,49.762798581239984,3.1678172814961973,-5.367909020200862,22.95153895261111,-174.81915696602326
281.26825890757755,49.772787790091876,3.167920692803448,-5.367273100293029,22.952181078726568,-174.7507952174687
281.26915847393053,49.782776992819805,3.1680242049547362,-5.366636893769582,22.952821802554848,-174.68243439390116
281.27005838963214,49.79276618941373,3.168127817979323,-5.36600040054428,22.953461123956064,-174.6140745077252
281.2709586550892,49.8027553798636,3.16823153190647,-5.365363620530702,22.954099042790297,-174.5457155713453
281.2718592707087,49.81274456415932,3.168335346765438,-5.364726553642416,22.95473555891769,-174.47735759716608
281.2727602368983,49.82273374229082,3.1684392625854874,-5.364089199792745,22.955370672198388,-174.40900059759207
281.27366155406565,49.83272291424802,3.1685432793958785,-5.36345155889499,22.956004382492566,-174.3406445850279
281.2745632226191,49.84271208002082,3.168647397225873,-5.362813630862313,22.95663668966036,-174.27228957187774
281.27546524296724,49.8527012395991,3.168751616104731,-5.362175415607692,22.957267593561998,-174.20393557054638
281.2763676155192,49.86269039297275,3.1688559360617137,-5.361536913044047,22.957897094057685,-174.13558259343858
281.27727034068414,49.87267954013166,3.1689603571260814,-5.360898123084188,22.958525191007638,-174.0672306529585
281.2781734188719,49.88266868106571,3.1690648793270952,-5.360259045640756,22.95915188427212,-173.9988797615106
281.27907685049263,49.89265781576471,3.1691695026940154,-5.359619680626313,22.959777173711355,-173.93052993149976
281.27998063595686,49.902646944218546,3.1692742272561043,-5.358980027953267,22.96040105918565,-173.8621811753304
281.28088477567553,49.91263606641704,3.1693790530426202,-5.358340087533898,22.96102354055528,-173.79383350540692
281.2817892700598,49.922625182350046,3.169483980082826,-5.357699859280468,22.96164461768056,-173.7254869341339
281.28269411952135,49.932614292007344,3.169589008405982,-5.357059343104957,22.962264290421817,-173.65714147391606
281.28359932447233,49.9426033953788,3.1696941380413493,-5.356418538919326,22.962882558639386,-173.58879713715777
281.2845048853251,49.95259249245418,3.169799369018186,-5.355777446635417,22.963499422193646,-173.52045393626346
281.2854108024923,49.96258158322329,3.1699047013657564,-5.355136066164926,22.96411488094494,-173.4521118836378
281.28631707638743,49.9725706676759,3.1700101351133196,-5.354494397419409,22.96472893475368,-173.38377099168542
281.28722370742383,49.98255974580182,3.170115670290136,-5.35385244031035,22.965341583480264,-173.31543127281049
281.2881306960156,49.992548817590794,3.170221306925468,-5.353210194749045,22.965952826985124,-173.24709273941792
281.2890380425771,50.002537883032595,3.1703270450485745,-5.352567660646731,22.966562665128702,-173.17875540391216
281.28994574752284,50.012526942116956,3.170432884688717,-5.351924837914523,22.967171097771455,-173.1104192786975
281.29085381126816,50.022515994833626,3.1705388258751563,-5.351281726463346,22.96777812477385,-173.04208437617856
281.29176223422854,50.03250504117232,3.170644868637154,-5.350638326204048,22.968383745996377,-172.9737507087603
281.2926710168198,50.04249408112279,3.17075101300397,-5.3499946370473666,22.968987961299554,-172.90541828884665
281.2935801594582,50.052483114674715,3.170857259004865,-5.349350658903927,22.969590770543896,-172.8370871288426
281.2944896625606,50.06247214181782,3.1709636066691,-5.348706391684171,22.97019217358995,-172.7687572411523
281.2953995265438,50.07246116254179,3.1710700560259353,-5.348061835298483,22.970792170298274,-172.70042863818063
281.2963097518254,50.08245017683631,3.1711766071046323,-5.347416989657072,22.971390760529424,-172.6321013323318
281.29722033882325,50.09243918469107,3.171283259934452,-5.346771854670075,22.97198794414402,-172.5637753360106
281.29813128795547,50.10242818609571,3.171390014544654,-5.346126430247467,22.972583721002646,-172.4954506616214
281.29904259964076,50.1124171810399,3.1714968709645017,-5.345480716299138,22.97317809096593,-172.42712732156886
281.29995427429816,50.1224061695133,3.171603829223252,-5.344834712734784,22.97377105389452,-172.3588053282574
281.30086631234695,50.13239515150552,3.171710889350168,-5.344188419464082,22.974362609649067,-172.29048469409162
281.301778714207,50.14238412700623,3.17181805137451,-5.343541836396488,22.974952758090257,-172.22216543147587
281.30269148029856,50.152373096005,3.17192531532554,-5.342894963441376,22.97554149907876,-172.15384755281502
281.30360461104215,50.162362058491475,3.172032681232517,-5.342247800508003,22.9761288324753,-172.0855310705134
281.3045181068587,50.17235101445526,3.172140149124703,-5.341600347505498,22.976714758140584,-172.01721599697547
281.3054319681696,50.18233996388591,3.172247719031357,-5.340952604342875,22.97729927593536,-171.9489023446059
281.3063461953967,50.192328906773035,3.172355390981742,-5.3403045709289945,22.977882385720406,-171.88059012580908
281.3072607889621,50.202317843106215,3.1724631650051176,-5.339656247172603,22.978464087356475,-171.81227935298975
281.3081757492883,50.212306772874996,3.1725710411307446,-5.3390076329823675,22.97904438070435,-171.74397003855225
281.3090910767983,50.22229569606894,3.1726790193878838,-5.338358728266753,22.979623265624866,-171.67566219490118
281.31000677191554,50.23228461267758,3.172787099805797,-5.337709532934161,22.980200741978823,-171.6073558344412
281.3109228350636,50.24227352269047,3.172895282413744,-5.337060046892854,22.980776809627052,-171.53905096957646
281.31183926666677,50.25226242609712,3.173003567240985,-5.33641027005093,22.981351468430447,-171.470747612712
281.31275606714945,50.26225132288707,3.1731119543167816,-5.335760202316435,22.981924718249868,-171.4024457762519
281.31367323693667,50.27224021304979,3.1732204436703944,-5.335109843597259,22.982496558946192,-171.33414547260097
281.3145907764538,50.2822290965748,3.173329035331084,-5.334459193801095,22.98306699038034,-171.2658467141637
281.31550868612663,50.29221797345159,3.173437729328111,-5.333808252835626,22.983636012413246,-171.1975495133445
281.31642696638113,50.30220684366964,3.1735465256907367,-5.3331570206083585,22.98420362490584,-171.12925388254806
281.3173456176439,50.31219570721839,3.173655424448223,-5.332505497026671,22.984769827719063,-171.06095983417887
281.318264640342,50.32218456408735,3.1737644256298285,-5.331853681997816,22.985334620713925,-170.9926673806413
281.31918403490266,50.33217341426593,3.173873529264814,-5.331201575428914,22.985898003751394,-170.92437653433998
281.3201038017537,50.34216225774358,3.173982735382442,-5.330549177226988,22.986459976692498,-170.85608730767962
281.32102394132323,50.35215109450973,3.1740920440119726,-5.3298964872989,22.987020539398245,-170.78779971306452
281.32194445403985,50.362139924553816,3.174201455182666,-5.329243505551391,22.987579691729685,-170.7195137628992
281.3228653403325,50.372128747865226,3.174310968923784,-5.328590231891122,22.988137433547866,-170.65122946958851
281.3237866006305,50.3821175644334,3.1744205852645853,-5.3279366662245815,22.9886937647139,-170.5829468455364
281.3247082353637,50.39210637424767,3.174530304234333,-5.327282808458141,22.989248685088835,-170.51466590314797
281.32563024496227,50.40209517729746,3.174640125862287,-5.326628658498021,22.989802194533816,-170.4463866548277
281.32655262985674,50.41208397357215,3.1747500501777077,-5.325974216250388,22.990354292909963,-170.37810911297962
281.3274753904781,50.42207276306108,3.1748600772098556,-5.325319481621222,22.99090498007841,-170.30983329000873
281.3283985272579,50.432061545753626,3.1749702069879935,-5.324664454516371,22.99145425590032,-170.24155919831946
281.32932204062774,50.4420503216391,3.17508043954138,-5.324009134841609,22.992002120236876,-170.17328685031623
281.33024593102,50.452039090706876,3.1751907748992774,-5.323353522502489,22.992548572949264,-170.10501625840377
281.33117019886714,50.46202785294624,3.1753012130909446,-5.322697617404571,22.99309361389872,-170.03674743498644
281.33209484460235,50.47201660834653,3.1754117541456437,-5.322041419453183,22.993637242946438,-169.96848039246888
281.333019868659,50.48200535689706,3.1755223980926357,-5.321384928553539,22.994179459953685,-169.90021514325534
281.333945271471,50.49199409858709,3.17563314496118,-5.320728144610759,22.994720264781723,-169.83195169975073
281.3348710534725,50.50198283340595,3.175743994780539,-5.32007106752983,22.995259657291832,-169.76369007435937
281.33579721509835,50.51197156134289,3.175854947579973,-5.319413697215552,22.99579763734531,-169.69543027948592
281.3367237567835,50.52196028238717,3.175966003388742,-5.318756033572707,22.99633420480346,-169.6271723275349
281.33765067896354,50.531948996528065,3.176077162236107,-5.318098076505862,22.996869359527626,-169.5589162309106
281.3385779820743,50.54193770375481,3.1761884241513307,-5.317439825919466,22.99740310137913,-169.49066200201787
281.3395056665522,50.55192640405665,3.1762997891636706,-5.316781281717876,22.99793543021938,-169.42240965326098
281.34043373283396,50.561915097422805,3.1764112573023895,-5.316122443805286,22.998466345909726,-169.35415919704462
281.3413621813567,50.57190378384251,3.1765228285967484,-5.31546331208578,22.998995848311562,-169.28591064577327
281.34229101255806,50.58189246330493,3.176634503076007,-5.3148038864632925,22.999523937286337,-169.21766401185153
281.3432202268759,50.5918811357993,3.1767462807694264,-5.314144166841694,23.00005061269545,-169.14941930768384
281.34414982474885,50.601869801314805,3.1768581617062677,-5.313484153124619,23.000575874400383,-169.08117654567474
281.3450798066157,50.611858459840604,3.176970145915792,-5.312823845215627,23.00109972226257,-169.01293573822892
281.34601017291544,50.62184711136589,3.177082233427259,-5.31216324301821,23.00162215614351,-168.9446968977505
281.34694092408796,50.6318357558798,3.17719442426993,-5.3115023464356215,23.002143175904713,-168.87646003664446
281.34787206057325,50.64182439337148,3.177306718473065,-5.310841155371057,23.002662781407686,-168.80822516731527
281.3488035828119,50.65181302383008,3.1774191160659266,-5.3101796697275585,23.003180972513977,-168.73999230216714
281.3497354912448,50.66180164724472,3.1775316170777748,-5.309517889408007,23.003697749085113,-168.67176145360503
281.3506677863132,50.671790263604535,3.17764422153787,-5.308855814315274,23.00421311098267,-168.60353263403306
281.35160046845897,50.681778872898605,3.177756929475473,-5.3081934443519225,23.004727058068262,-168.5353058558561
281.35253353812425,50.69176747511604,3.1778697409198444,-5.307530779420521,23.00523959020348,-168.4670811314785
281.3534669957517,50.70175607024595,3.1779826559002453,-5.3068678194234575,23.005750707249938,-168.39885847330476
