galstreams/tracks/track.st.M68-Fjorm.palau2019.ecsv
# %ECSV 0.9
# ---
# datatype:
# - {name: ra, unit: deg, datatype: float64}
# - {name: dec, unit: deg, datatype: float64}
# - {name: distance, unit: kpc, datatype: float64}
# - {name: pm_ra_cosdec, unit: mas / yr, datatype: float64}
# - {name: pm_dec, unit: mas / yr, datatype: float64}
# - {name: radial_velocity, unit: km / s, datatype: float64}
# delimiter: ','
# meta: !!omap
# - __serialized_columns__:
#     dec:
#       __class__: astropy.coordinates.angles.Latitude
#       unit: &id001 !astropy.units.Unit {unit: deg}
#       value: !astropy.table.SerializedColumn {name: dec}
#     distance:
#       __class__: astropy.coordinates.distances.Distance
#       unit: !astropy.units.Unit {unit: kpc}
#       value: !astropy.table.SerializedColumn {name: distance}
#     pm_dec:
#       __class__: astropy.units.quantity.Quantity
#       unit: !astropy.units.Unit {unit: mas / yr}
#       value: !astropy.table.SerializedColumn {name: pm_dec}
#     pm_ra_cosdec:
#       __class__: astropy.units.quantity.Quantity
#       unit: !astropy.units.Unit {unit: mas / yr}
#       value: !astropy.table.SerializedColumn {name: pm_ra_cosdec}
#     ra:
#       __class__: astropy.coordinates.angles.Longitude
#       unit: *id001
#       value: !astropy.table.SerializedColumn {name: ra}
#       wrap_angle: !astropy.coordinates.Angle
#         unit: *id001
#         value: 360.0
#     radial_velocity:
#       __class__: astropy.units.quantity.Quantity
#       unit: !astropy.units.Unit {unit: km / s}
#       value: !astropy.table.SerializedColumn {name: radial_velocity}
# schema: astropy-2.0
ra,dec,distance,pm_ra_cosdec,pm_dec,radial_velocity
[from data line 9104]
212.16109202175292,42.59244096716476,5.738262621352541,0.09505689796076466,5.553960674475069,2.5262301389617013e-14
212.1678648209151,42.60129866380811,5.738467922192995,0.09599404211043373,5.554026879767029,-8.420767129872338e-15
212.17463990688563,42.610155833168136,5.7386730945164155,0.09693140150173574,5.554092732792427,8.420767129872338e-15
212.18141728080866,42.61901247494465,5.738878138245497,0.09786897615785395,5.554158233387572,8.420767129872338e-15
212.18819694382879,42.62786858883724,5.739083053302944,0.0988067661019243,5.554223381388681,8.420767129872338e-15
212.1949788970914,42.63672417454529,5.739287839611456,0.09974477135705495,5.554288176631894,-1.6841534259744676e-14
212.2017631417425,42.64557923176799,5.739492497093735,0.10068299194631192,5.554352618953269,-2.5262301389617013e-14
212.20854967892876,42.65443376020424,5.739697025672482,0.1016214278927201,5.554416708188775,1.6841534259744676e-14
212.21533850979748,42.66328775955281,5.739901425270395,0.1025600792192729,5.554480444174313,0.0
212.2221296354966,42.67214122951221,5.740105695810179,0.10349894594892328,5.554543826745679,3.368306851948935e-14
212.22892305717482,42.68099416978069,5.740309837214531,0.10443802810458315,5.554606855738609,-3.368306851948935e-14
212.23571877598138,42.68984658005641,5.740513849406156,0.10537732570913126,5.554669530988737,-1.6841534259744676e-14
212.2425167930663,42.69869846003721,5.740717732307752,0.10631683878540632,5.554731852331627,-8.420767129872338e-15
212.24931710958015,42.707549809420726,5.740921485842022,0.10725656735621159,5.554793819602753,2.5262301389617013e-14
212.2561197266742,42.716400627904406,5.741125109931662,0.10819651144430818,5.554855432637513,-1.6841534259744676e-14
212.2629246455004,42.72525091518545,5.741328604499382,0.10913667107241577,5.554916691271208,1.6841534259744676e-14
212.2697318672113,42.734100670960885,5.741531969467874,0.11007704626322568,5.554977595339075,1.6841534259744676e-14
212.2765413929602,42.74294989492746,5.741735204759845,0.11101763703938472,5.55503814467625,-8.420767129872338e-15
212.283353223901,42.75179858678178,5.741938310297991,0.1119584434235008,5.5550983391178,-2.5262301389617013e-14
212.29016736118828,42.760646746220196,5.742141286005017,0.11289946543814677,5.555158178498697,0.0
212.29698380597728,42.76949437293879,5.742344131803621,0.1138407031058486,5.555217662653838,8.420767129872338e-15
212.30380255942387,42.778341466633506,5.742546847616505,0.1147821564491045,5.555276791418031,8.420767129872338e-15
212.3106236226846,42.78718802700003,5.742749433366372,0.11572382549036453,5.555335564626002,-8.420767129872338e-15
212.31744699691677,42.796034053733834,5.742951888975918,0.1166657102520492,5.555393982112401,-3.368306851948935e-14
212.32427268327822,42.804879546530216,5.74315421436785,0.11760781075653193,5.555452043711778,1.6841534259744676e-14
212.33110068292748,42.81372450508414,5.743356409464865,0.1185501270261462,5.555509749258612,0.0
212.3379309970238,42.82256892909049,5.743558474189665,0.11949265908319706,5.555567098587299,0.0
212.34476362672706,42.831412818243834,5.74376040846495,0.12043540694994026,5.5556240915321435,-2.5262301389617013e-14
212.35159857319778,42.84025617223858,5.743962212213421,0.12137837064859291,5.555680727927372,0.0
212.35843583759717,42.849098990768894,5.744163885357781,0.12232155020134015,5.555737007607124,-8.420767129872338e-15
212.36527542108712,42.85794127352867,5.7443654278207275,0.12326494563031896,5.555792930405458,-8.420767129872338e-15
212.37211732483016,42.866783020211685,5.744566839524967,0.124208556957631,5.555848496156343,-8.420767129872338e-15
212.37896154998947,42.87562423051142,5.744768120393193,0.1251523842053388,5.555903704693674,-8.420767129872338e-15
212.38580809772893,42.88446490412117,5.744969270348112,0.126096427395463,5.555958555851248,8.420767129872338e-15
212.3926569692131,42.89330504073398,5.745170289312424,0.127040686549988,5.5560130494627895,2.5262301389617013e-14
212.3995081656072,42.902144640042714,5.7453711772088285,0.1279851616908536,5.556067185361938,-2.5262301389617013e-14
212.40636168807703,42.910983701739994,5.745571933960026,0.12892985283996183,5.55612096338224,8.420767129872338e-15
212.4132175377892,42.91982222551821,5.745772559488721,0.12987476001917808,5.556174383357163,-8.420767129872338e-15
212.42007571591085,42.928660211069555,5.745973053717608,0.13081988325032157,5.556227445120095,-3.368306851948935e-14
212.4269362236099,42.93749765808601,5.746173416569396,0.13176522255517464,5.5562801485043325,1.6841534259744676e-14
212.43379906205487,42.946334566259296,5.746373647966778,0.1327107779554817,5.55633249334309,8.420767129872338e-15
212.440664232415,42.95517093528092,5.7465737478324606,0.13365654947294092,5.5563844794694965,-1.6841534259744676e-14
212.44753173586014,42.964006764842196,5.746773716089144,0.1346025371292161,5.556436106716598,0.0
212.45440157356083,42.97284205463419,5.746973552659526,0.13554874094592329,5.556487374917355,-2.5262301389617013e-14
212.46127374668836,42.981676804347785,5.74717325746631,0.13649516094464897,5.556538283904644,0.0
212.4681482564145,42.990511013673576,5.747372830432195,0.13744179714692684,5.556588833511258,-1.6841534259744676e-14
212.47502510391192,42.999344682302,5.747572271479886,0.13838864957425856,5.556639023569899,-8.420767129872338e-15
212.48190429035378,43.008177809923254,5.74777158053208,0.1393357182481001,5.55668885391319,-8.420767129872338e-15
212.488785816914,43.01701039622727,5.747970757511477,0.14028300318986986,5.556738324373673,-8.420767129872338e-15
212.49566968476717,43.025842440903816,5.748169802340783,0.14123050442094032,5.556787434783793,8.420767129872338e-15
212.50255589508853,43.03467394364243,5.7483687149426945,0.14217822196265062,5.55683618497592,-1.6841534259744676e-14
212.509444449054,43.04350490413237,5.748567495239913,0.14312615583629107,5.556884574782336,0.0
212.51633534784014,43.05233532206274,5.748766143155143,0.14407430606311533,5.5569326040352305,0.0
212.52322859262424,43.06116519712238,5.748964658611079,0.14502267266433533,5.556980272566728,-2.5262301389617013e-14
212.53012418458422,43.06999452899993,5.749163041530429,0.14597125566112013,5.557027580208844,0.0
212.53702212489867,43.07882331738378,5.74936129183589,0.1469200550745955,5.557074526793523,8.420767129872338e-15
212.54392241474693,43.08765156196212,5.749559409450162,0.14786907092584944,5.55712111215262,-8.420767129872338e-15
212.5508250553089,43.09647926242292,5.749757394295949,0.14881830323593026,5.557167336117907,-8.420767129872338e-15
212.5577300477653,43.10530641845389,5.74995524629595,0.14976775202583892,5.557213198521065,-8.420767129872338e-15
212.5646373932973,43.11413302974256,5.750152965372865,0.15071741731653376,5.557258699193696,0.0
212.571547093087,43.12295909597622,5.750350551449397,0.15166729912894006,5.557303837967314,8.420767129872338e-15
212.57845914831697,43.13178461684191,5.750548004448247,0.15261739748393088,5.557348614673344,-1.6841534259744676e-14
212.58537356017058,43.140609592026465,5.7507453242921125,0.15356771240234202,5.557393029143132,0.0
212.59229032983188,43.14943402121652,5.750942510903701,0.1545182439049686,5.557437081207931,8.420767129872338e-15
212.5992094584855,43.158257904098434,5.751139564205707,0.15546899201256115,5.557480770698913,8.420767129872338e-15
212.60613094731679,43.167081240358385,5.751336484120833,0.1564199567458282,5.557524097447167,-8.420767129872338e-15
212.61305479751184,43.175904029682314,5.751533270571781,0.15737113812543835,5.557567061283686,1.6841534259744676e-14
212.61998101025733,43.1847262717559,5.751729923481252,0.15832253617201197,5.55760966203939,8.420767129872338e-15
212.62690958674068,43.193547966264674,5.751926442771946,0.15927415090613284,5.5576518995451,0.0
212.63384052814996,43.20236911289385,5.7521228283665655,0.16022598234833807,5.557693773631559,8.420767129872338e-15
212.6407738356739,43.21118971132851,5.752319080187811,0.1611780305191266,5.55773528412942,0.0
212.64770951050193,43.22000976125341,5.752515198158382,0.16213029543894786,5.557776430869257,-8.420767129872338e-15
212.6546475538242,43.22882926235314,5.752711182200978,0.16308277712821595,5.557817213681552,-8.420767129872338e-15
212.66158796683143,43.237648214312074,5.752907032238306,0.1640354756072946,5.557857632396697,-1.6841534259744676e-14
212.66853075071518,43.24646661681433,5.7531027481930614,0.16498839089651085,5.5578976868450045,1.6841534259744676e-14
212.6754759066675,43.2552844695438,5.753298329987947,0.1659415230161434,5.557937376856701,-8.420767129872338e-15
212.68242343588128,43.26410177218416,5.753493777545663,0.16689487198643205,5.557976702261921,0.0
212.68937333955,43.272918524418856,5.753689090788911,0.16784843782757153,5.558015662890716,0.0
212.69632561886792,43.281734725931116,5.753884269640393,0.1688022205597146,5.55805425857305,8.420767129872338e-15
212.70328027502984,43.290550376403914,5.754079314022809,0.169756220202963,5.558092489138799,-2.5262301389617013e-14
212.71023730923133,43.29936547552002,5.754274223858857,0.1707104367773864,5.5581303544177585,-1.6841534259744676e-14
212.71719672266863,43.30818002296198,5.754468999071242,0.17166487030300392,5.558167854239632,-2.5262301389617013e-14
212.72415851653867,43.31699401841207,5.754663639582662,0.17261952079978782,5.558204988434033,0.0
212.73112269203904,43.3258074615524,5.754858145315822,0.1735743882876779,5.558241756830495,8.420767129872338e-15
212.73808925036803,43.334620352064796,5.7550525161934205,0.17452947278655917,5.558278159258464,-2.5262301389617013e-14
212.74505819272463,43.343432689630895,5.755246752138157,0.1754847743162773,5.558314195547294,8.420767129872338e-15
212.7520295203085,43.35224447393208,5.7554408530727335,0.17644029289663488,5.558349865526257,1.6841534259744676e-14
212.75900323431992,43.36105570464951,5.755634818919851,0.17739602854738412,5.558385169024536,-3.368306851948935e-14
212.76597933595997,43.36986638146414,5.75582864960221,0.17835198128824148,5.5584201058712255,0.0
212.77295782643031,43.37867650405665,5.756022345042515,0.1793081511388761,5.558454675895337,-3.368306851948935e-14
212.77993870693336,43.387486072107535,5.75621590516346,0.1802645381189052,5.5584888789257905,0.0
212.78692197867224,43.39629508529705,5.7564093298877514,0.18122114224791552,5.558522714791419,-1.6841534259744676e-14
212.79390764285063,43.40510354330519,5.7566026191380875,0.18217796354543747,5.558556183320974,0.0
212.800895700673,43.41391144581172,5.756795772837172,0.18313500203095787,5.55858928434311,1.6841534259744676e-14
212.80788615334455,43.42271879249624,5.756988790907703,0.1840922577239279,5.558622017686407,0.0
212.81487900207105,43.43152558303804,5.757181673272384,0.1850497306437435,5.558654383179341,0.0
212.821874248059,43.440331817116245,5.757374419853913,0.18600742080976218,5.558686380650316,-8.420767129872338e-15
212.82887189251562,43.449137494409705,5.757567030574991,0.18696532824129197,5.558718009927638,0.0
212.83587193664886,43.45794261459704,5.757759505358323,0.18792345295760035,5.558749270839531,8.420767129872338e-15
212.84287438166717,43.46674717735668,5.757951844126606,0.18888179497790514,5.55878016321413,0.0
212.84987922877988,43.47555118236678,5.758144046802542,0.18984035432137977,5.5588106868794815,1.6841534259744676e-14
212.856886479197,43.484354629305294,5.7583361133088315,0.19079913100715817,5.558840841663546,-1.6841534259744676e-14
212.86389613412905,43.49315751784991,5.758528043568177,0.19175812505431833,5.558870627394191,0.0
212.87090819478746,43.50195984767811,5.7587198375032775,0.19271733648190237,5.558900043899203,0.0
212.8779226623842,43.51076161846714,5.758911495036836,0.1936767653089002,5.558929091006277,8.420767129872338e-15
212.88493953813202,43.51956282989402,5.759103016091551,0.19463641155425848,5.558957768543019,-1.6841534259744676e-14
212.8919588232443,43.528363481635516,5.7592944005901225,0.19559627523687784,5.558986076336952,-3.368306851948935e-14
212.89898051893508,43.5371635733682,5.759485648455258,0.19655635637561208,5.559014014215499,8.420767129872338e-15
212.90600462641925,43.54596310476836,5.7596767596096505,0.19751665498927373,5.559041582006014,0.0
212.91303114691223,43.5547620755121,5.759867733976007,0.19847717109662377,5.5590687795357425,8.420767129872338e-15
212.92006008163017,43.563560485275275,5.760058571477026,0.19943790471637723,5.559095606631857,8.420767129872338e-15
212.92709143179,43.57235833373345,5.760249272035405,0.2003988558672043,5.559122063121433,-1.6841534259744676e-14
212.9341251986092,43.581155620562065,5.760439835573851,0.20136002456773203,5.5591481488314605,-4.210383564936169e-14
212.94116138330602,43.589952345436245,5.760630262015062,0.20232141083653168,5.559173863588841,8.420767129872338e-15
212.94819998709946,43.59874850803091,5.7608205512817365,0.2032830146921416,5.559199207220388,-1.6841534259744676e-14
212.95524101120913,43.60754410802076,5.76101070329658,0.20424483615304115,5.559224179552824,0.0
212.96228445685531,43.6163391450802,5.761200717982292,0.205206875237667,5.559248780412789,-8.420767129872338e-15
212.9693303252591,43.625133618883496,5.761390595261572,0.2061691319644139,5.559273009626827,1.6841534259744676e-14
212.97637861764215,43.63392752910458,5.761580335057121,0.20713160635162264,5.559296867021397,-8.420767129872338e-15
212.9834293352269,43.64272087541723,5.76176993729164,0.20809429841758842,5.559320352422867,-8.420767129872338e-15
212.99048247923645,43.651513657494945,5.7619594018878315,0.20905720818056236,5.559343465657519,-1.6841534259744676e-14
212.9975380508946,43.66030587501101,5.762148728768397,0.21002033565874936,5.5593662065515455,-3.368306851948935e-14
213.0045960514259,43.66909752763845,5.762337917856034,0.21098368087030142,5.559388574931049,-3.368306851948935e-14
213.01165648205549,43.6778886150501,5.762526969073447,0.21194724383332963,5.55941057062204,3.368306851948935e-14
213.01871934400924,43.686679136918464,5.7627158823433335,0.2129110245658863,5.55943219345045,1.6841534259744676e-14
213.02578463851378,43.69546909291595,5.762904657588396,0.21387502308599493,5.559453443242111,0.0
213.03285236679642,43.70425848271462,5.763093294731337,0.2148392394116132,5.559474319822769,0.0
213.03992253008508,43.71304730598635,5.763281793694857,0.21580367356066077,5.559494823018082,3.368306851948935e-14
213.04699512960846,43.721835562402745,5.763470154401652,0.21676832555100578,5.55951495265362,0.0
213.054070166596,43.730623251635215,5.763658376774431,0.21773319540047242,5.5595347085548585,0.0
213.06114764227772,43.739410373354914,5.763846460735887,0.21869828312683248,5.559554090547193,-1.6841534259744676e-14
213.0682275578844,43.748196927232776,5.764034406208728,0.2196635887478131,5.559573098455915,0.0
213.07530991464753,43.756982912939435,5.764222213115649,0.22062911228108795,5.55959173210624,0.0
213.0823947137993,43.76576833014537,5.764409881379356,0.22159485374428978,5.5596099913232875,3.368306851948935e-14
213.08948195657254,43.774553178520755,5.764597410922545,0.22256081315499565,5.559627875932092,-1.6841534259744676e-14
213.0965716442009,43.783337457735605,5.764784801667922,0.22352699053074265,5.559645385757593,0.0
213.1036637779186,43.792121167459605,5.764972053538182,0.2244933858890108,5.559662520624643,-1.6841534259744676e-14
213.11075835896065,43.80090430736229,5.765159166456032,0.22545999924723614,5.559679280358002,0.0
213.1178553885627,43.80968687711288,5.765346140344169,0.22642683062280303,5.559695664782345,-1.6841534259744676e-14
213.12495486796118,43.818468876380415,5.7655329751252955,0.22739388003305194,5.559711673722254,-1.6841534259744676e-14
213.13205679839314,43.82725030483367,5.7657196707221114,0.22836114749526848,5.55972730700222,0.0
213.13916118109637,43.83603116214121,5.765906227057321,0.22932863302669523,5.559742564446646,1.6841534259744676e-14
213.14626801730935,43.844811447971274,5.766092644053618,0.2302963366445168,5.55975744587985,-1.6841534259744676e-14
213.1533773082713,43.85359116199198,5.7662789216337105,0.2312642583658815,5.5597719511260495,-1.6841534259744676e-14
