galstreams/tracks/track.st.Svol.ibata2024.ecsv
# %ECSV 1.0
# ---
# datatype:
# - {name: ra, unit: deg, datatype: float64}
# - {name: dec, unit: deg, datatype: float64}
# - {name: distance, unit: kpc, datatype: float64}
# - {name: pm_ra_cosdec, unit: mas / yr, datatype: float64}
# - {name: pm_dec, unit: mas / yr, datatype: float64}
# - {name: radial_velocity, unit: km / s, datatype: float64}
# delimiter: ','
# meta: !!omap
# - __serialized_columns__:
#     dec:
#       __class__: astropy.coordinates.angles.Latitude
#       unit: &id001 !astropy.units.Unit {unit: deg}
#       value: !astropy.table.SerializedColumn {name: dec}
#     distance:
#       __class__: astropy.coordinates.distances.Distance
#       unit: !astropy.units.Unit {unit: kpc}
#       value: !astropy.table.SerializedColumn {name: distance}
#     pm_dec:
#       __class__: astropy.units.quantity.Quantity
#       unit: !astropy.units.Unit {unit: mas / yr}
#       value: !astropy.table.SerializedColumn {name: pm_dec}
#     pm_ra_cosdec:
#       __class__: astropy.units.quantity.Quantity
#       unit: !astropy.units.Unit {unit: mas / yr}
#       value: !astropy.table.SerializedColumn {name: pm_ra_cosdec}
#     ra:
#       __class__: astropy.coordinates.angles.Longitude
#       unit: *id001
#       value: !astropy.table.SerializedColumn {name: ra}
#       wrap_angle: !astropy.coordinates.Angle
#         unit: *id001
#         value: 360.0
#     radial_velocity:
#       __class__: astropy.units.quantity.Quantity
#       unit: !astropy.units.Unit {unit: km / s}
#       value: !astropy.table.SerializedColumn {name: radial_velocity}
# schema: astropy-2.0
ra,dec,distance,pm_ra_cosdec,pm_dec,radial_velocity
[from data line 2946]
241.55304973849732,25.79294348887285,0.9999999999999998,3.1582979044402393,-5.943187099187071,-188.06888375637178
241.56366135810097,25.789958678240144,0.9999999999999998,3.159625168314328,-5.9446890078111725,-188.0595392819108
241.57427221378322,25.786972430197906,0.9999999999999998,3.160952286755734,-5.946191173361008,-188.05017204066942
241.5848823053448,25.78398474494351,0.9999999999999998,3.1622792594496243,-5.947693595650552,-188.0407820200672
241.5954916325864,25.78099562267437,0.9999999999999997,3.163606086081108,-5.949196274493662,-188.03136920752348
241.6061001953089,25.778005063587916,0.9999999999999998,3.1649327663353084,-5.950699209704094,-188.0219335904578
241.6167079933134,25.775013067881595,0.9999999999999997,3.1662592998975025,-5.952202401095509,-188.01247515628924
241.62731502640122,25.77201963575288,0.9999999999999997,3.1675856864529646,-5.9537058484814445,-188.00299389243753
241.63792129437374,25.76902476739927,0.9999999999999998,3.1689119256869827,-5.955209551675338,-187.9934897863219
241.64852679703276,25.766028463018287,0.9999999999999998,3.170238017285044,-5.956713510490527,-187.98396282536171
241.65913153417998,25.763030722807464,0.9999999999999998,3.171563960932529,-5.958217724740257,-187.97441299697627
241.66973550561744,25.76003154696436,0.9999999999999998,3.1728897563149285,-5.95972219423763,-187.9648402885852
241.68033871114739,25.757030935686572,0.9999999999999998,3.1742154031178647,-5.961226918795674,-187.9552446876077
241.69094115057206,25.754028889171693,0.9999999999999998,3.1755409010268334,-5.962731898227293,-187.94562618146324
241.70154282369415,25.751025407617366,0.9999999999999997,3.1768662497276097,-5.964237132345307,-187.93598475757113
241.71214373031634,25.74802049122122,0.9999999999999998,3.1781914489058387,-5.96574262096242,-187.92632040335087
241.7227438702416,25.745014140180942,0.9999999999999997,3.1795164982473256,-5.967248363891233,-187.91663310622175
241.73334324327294,25.742006354694215,0.9999999999999997,3.1808413974378578,-5.968754360944228,-187.90692285360325
241.7439418492137,25.73899713495877,0.9999999999999997,3.182166146163354,-5.970260611933794,-187.8971896329147
241.7545396878673,25.73598648117232,0.9999999999999997,3.1834907441096814,-5.971767116672234,-187.8874334315754
241.76513675903746,25.732974393532647,0.9999999999999996,3.184815190962901,-5.973273874971705,-187.87765423700492
241.77573306252793,25.729960872237513,0.9999999999999998,3.1861394864089867,-5.974780886644293,-187.86785203662257
241.7863285981428,25.72694591748473,0.9999999999999997,3.1874636301340757,-5.976288151501979,-187.85802681784764
241.79692336568618,25.723929529472123,0.9999999999999998,3.188787621824268,-5.977795669356606,-187.84817856809966
241.80751736496248,25.720911708397526,0.9999999999999998,3.190111461165804,-5.979303440019958,-187.83830727479796
241.81811059577623,25.717892454458813,0.9999999999999997,3.191435147844894,-5.9808114633036755,-187.82841292536193
241.82870305793216,25.714871767853868,0.9999999999999998,3.1927586815478453,-5.982319739019323,-187.8184955072109
241.83929475123523,25.711849648780596,0.9999999999999997,3.194082061961071,-5.983828266978357,-187.80855500776434
241.84988567549058,25.708826097436933,0.9999999999999997,3.1954052887709654,-5.985337046992104,-187.7985914144416
241.86047583050333,25.70580111402083,0.9999999999999997,3.1967283616639346,-5.986846078871817,-187.78860471466209
241.87106521607907,25.702774698730252,0.9999999999999998,3.1980512803265686,-5.988355362428631,-187.7785948958452
241.88165383202346,25.6997468517632,0.9999999999999998,3.1993740444454275,-5.9898648974736,-187.76856194541028
241.89224167814214,25.69671757331769,0.9999999999999997,3.200696653707073,-5.991374683817623,-187.7585058507767
241.90282875424137,25.693686863591747,0.9999999999999997,3.202019107798302,-5.9928847212715475,-187.7484265993639
241.9134150601272,25.690654722783435,0.9999999999999997,3.2033414064057695,-5.994395009646098,-187.73832417859134
241.924000595606,25.68762115109083,0.9999999999999998,3.204663549216276,-5.995905548751882,-187.72819857587822
241.93458536048433,25.684586148712032,0.9999999999999997,3.2059855359166693,-5.997416338399429,-187.718049778644
241.94516935456892,25.681549715845154,0.9999999999999998,3.207307366193847,-5.998927378399145,-187.7078777743082
241.95575257766666,25.67851185268834,0.9999999999999998,3.2086290397347295,-6.000438668561351,-187.69768255029007
241.9663350295847,25.675472559439754,0.9999999999999998,3.209950556226369,-6.001950208696249,-187.68746409400904
241.97691671013027,25.672431836297566,0.9999999999999998,3.2112719153557734,-6.003461998613947,-187.67722239288446
241.9874976191108,25.669389683459997,0.9999999999999998,3.2125931168100657,-6.004974038124425,-187.66695743433579
241.99807775633408,25.66634610112525,0.9999999999999998,3.2139141602764667,-6.00648632703763,-187.65666920578235
242.00865712160774,25.66330108949158,0.9999999999999998,3.2152350454421015,-6.007998865163318,-187.6463576946435
242.01923571473986,25.66025464875725,0.9999999999999998,3.2165557719942797,-6.009511652311193,-187.63602288833872
242.0298135355386,25.657206779120536,0.9999999999999997,3.2178763396203074,-6.011024688290851,-187.62566477428732
242.04039058381235,25.654157480779748,0.9999999999999998,3.2191967480075974,-6.01253797291178,-187.61528333990876
242.05096685936965,25.651106753933217,0.9999999999999999,3.220516996843539,-6.014051505983364,-187.60487857262243
242.06154236201922,25.648054598779286,0.9999999999999998,3.2218370858156558,-6.015565287314885,-187.59445045984762
242.07211709156996,25.64500101551631,0.9999999999999998,3.2231570146114343,-6.017079316715542,-187.5839989890038
242.08269104783093,25.64194600434269,0.9999999999999999,3.2244767829184973,-6.018593593994392,-187.57352414751028
242.09326423061142,25.638889565456825,0.9999999999999997,3.225796390424458,-6.020108118960422,-187.56302592278658
242.1038366397209,25.635831699057135,0.9999999999999997,3.22711583681704,-6.021622891422513,-187.5525043022519
242.114408274969,25.63277240534208,0.9999999999999998,3.2284351217840097,-6.023137911189437,-187.5419592733258
242.1249791361655,25.62971168451012,0.9999999999999997,3.229754245013135,-6.024653178069855,-187.53139082342759
242.13554922312042,25.626649536759732,0.9999999999999998,3.2310732061922725,-6.026168691872353,-187.52079893997663
242.1461185356439,25.623585962289447,0.9999999999999996,3.2323920050093395,-6.027684452405396,-187.51018361039246
242.1566870735463,25.620520961297768,0.9999999999999997,3.2337106411522782,-6.0292004594773445,-187.4995448220943
242.16725483663816,25.617454533983253,0.9999999999999996,3.235029114309146,-6.030716712896471,-187.4888825625016
242.17782182473024,25.614386680544463,0.9999999999999998,3.236347424167999,-6.032233212470926,-187.47819681903374
242.18838803763333,25.61131740117999,0.9999999999999998,3.2376655704168904,-6.033749958008794,-187.4674875791101
242.19895347515865,25.608246696088436,0.9999999999999998,3.2389835527441075,-6.035266949318029,-187.45675483015003
242.20951813711736,25.605174565468428,0.9999999999999998,3.240301370837809,-6.0367841862064875,-187.44599855957304
242.2200820233209,25.60210100951861,0.9999999999999997,3.241619024386294,-6.038301668481925,-187.43521875479837
242.23064513358088,25.599026028437653,0.9999999999999997,3.242936513077849,-6.03981939595201,-187.4244154032455
242.2412074677092,25.595949622424236,0.9999999999999997,3.244253836600933,-6.041337368424294,-187.41358849233376
242.25176902551772,25.592871791677055,0.9999999999999997,3.245570994643959,-6.042855585706237,-187.4027380094826
242.2623298068186,25.58979253639485,0.9999999999999997,3.2468879868953806,-6.04437404760519,-187.39186394211137
242.27288981142433,25.586711856776358,0.9999999999999996,3.2482048130438237,-6.045892753928406,-187.38096627763952
242.2834490391473,25.583629753020332,0.9999999999999997,3.2495214727778254,-6.047411704483061,-187.37004500348633
242.29400748980026,25.58054622532557,0.9999999999999999,3.2508379657860687,-6.048930899076181,-187.35910010707127
242.30456516319603,25.577461273890858,0.9999999999999998,3.2521542917572077,-6.050450337514739,-187.34813157581368
242.31512205914782,25.574374898915025,0.9999999999999999,3.2534704503800835,-6.051970019605578,-187.33713939713294
242.32567817746875,25.571287100596916,0.9999999999999997,3.2547864413434358,-6.053489945155462,-187.3261235584485
242.33623351797223,25.568197879135376,0.9999999999999998,3.256102264336146,-6.0550101139710275,-187.31508404717977
242.34678808047195,25.56510723472929,0.9999999999999997,3.2574179190471497,-6.056530525858843,-187.30402085074599
242.35734186478166,25.562015167577552,0.9999999999999998,3.2587334051653922,-6.058051180625355,-187.29293395656666
242.36789487071536,25.558921677879088,0.9999999999999996,3.2600487223799473,-6.05957207807692,-187.28182335206114
242.37844709808718,25.555826765832816,0.9999999999999998,3.2613638703798298,-6.061093218019781,-187.27068902464882
242.38899854671138,25.552730431637702,0.9999999999999998,3.262678848854188,-6.062614600260114,-187.2595309617491
242.39954921640256,25.549632675492717,0.9999999999999998,3.263993657492211,-6.064136224603942,-187.24834915078137
242.4100991069754,25.546533497596855,0.9999999999999997,3.2653082959831323,-6.065658090857241,-187.23714357916498
242.42064821824468,25.54343289814912,0.9999999999999997,3.266622764016219,-6.067180198825852,-187.22591423431933
242.43119655002556,25.540330877348556,0.9999999999999994,3.267937061280847,-6.068702548315539,-187.21466110366384
242.4417441021332,25.53722743539419,0.9999999999999997,3.269251187466379,-6.070225139131958,-187.20338417461787
242.45229087438312,25.5341225724851,0.9999999999999996,3.2705651422622903,-6.071747971080661,-187.19208343460082
242.46283686659072,25.53101628882037,0.9999999999999998,3.2718789253580116,-6.073271043967104,-187.18075887103208
242.47338207857194,25.527908584599107,0.9999999999999997,3.2731925364431813,-6.074794357596653,-187.169410471331
242.48392651014268,25.52479946002043,0.9999999999999997,3.274505975207367,-6.076317911774563,-187.15803822291707
242.49447016111907,25.521688915283484,0.9999999999999999,3.275819241340214,-6.077841706305987,-187.14664211320954
242.50501303131736,25.518576950587416,0.9999999999999997,3.2771323345314105,-6.079365740996002,-187.13522212962778
242.51555512055415,25.51546356613142,0.9999999999999998,3.2784452544707854,-6.080890015649548,-187.12377825959135
242.526096428646,25.512348762114684,0.9999999999999998,3.2797580008480747,-6.082414530071505,-187.11231049051955
242.53663695540993,25.509232538736427,0.9999999999999998,3.281070573353233,-6.0839392840666395,-187.10081880983174
242.54717670066276,25.50611489619588,0.9999999999999998,3.28238297167608,-6.085464277439611,-187.08930320494733
242.55771566422186,25.502995834692292,0.9999999999999998,3.28369519550667,-6.0869895099949805,-187.07776366328568
242.56825384590456,25.49987535442493,0.9999999999999998,3.285007244534974,-6.088514981537237,-187.06620017226632
242.57879124552844,25.496753455593083,0.9999999999999997,3.2863191184510967,-6.09004069187074,-187.0546127193084
242.5893278629113,25.493630138396064,0.9999999999999997,3.2876308169451836,-6.091566640799758,-187.0430012918315
242.59986369787097,25.490505403033193,0.9999999999999999,3.288942339707374,-6.0930928281284675,-187.03136587725496
242.61039875022564,25.487379249703807,0.9999999999999997,3.2902536864279366,-6.094619253660964,-187.019706462998
242.6209330197936,25.484251678607265,0.9999999999999997,3.2915648567971516,-6.0961459172012,-187.00802303648027
242.63146650639334,25.481122689942953,0.9999999999999998,3.292875850505352,-6.09767281855307,-186.996315585121
242.6419992098434,25.477992283910257,0.9999999999999998,3.294186667242913,-6.0991999575203515,-186.98458409633963
242.65253112996274,25.474860460708594,0.9999999999999998,3.295497306700316,-6.100727333906738,-186.97282855755554
242.6630622665703,25.471727220537403,0.9999999999999997,3.2968077685680335,-6.102254947515819,-186.96104895618814
242.6735926194853,25.46859256359612,0.9999999999999998,3.298118052536628,-6.103782798151068,-186.94924527965676
242.68412218852714,25.465456490084218,0.9999999999999998,3.2994281582966956,-6.105310885615895,-186.93741751538082
242.6946509735153,25.46231900020118,0.9999999999999998,3.3007380855388906,-6.106839209713579,-186.9255656507797
242.7051789742696,25.459180094146507,0.9999999999999997,3.3020478339539263,-6.10836777024733,-186.9136896732728
242.71570619060986,25.456039772119716,0.9999999999999997,3.3033574032325586,-6.109896567020252,-186.90178957027948
242.72623262235626,25.45289803432035,0.9999999999999998,3.3046667930656124,-6.111425599835343,-186.8898653292192
242.736758269329,25.44975488094796,0.9999999999999997,3.3059760031439165,-6.112954868495503,-186.8779169375112
242.74728313134855,25.44661031220211,0.9999999999999998,3.3072850331584114,-6.114484372803547,-186.86594438257507
242.7578072082355,25.443464328282406,0.9999999999999999,3.30859388280005,-6.1160141125621905,-186.85394765183
242.76833049981076,25.440316929388445,0.9999999999999998,3.309902551759878,-6.117544087574036,-186.84192673269553
242.77885300589526,25.437168115719846,0.9999999999999999,3.311211039728951,-6.11907429764163,-186.82988161259095
242.78937472631017,25.43401788747626,0.9999999999999997,3.3125193463984246,-6.120604742567362,-186.81781227893575
242.79989566087679,25.430866244857334,0.9999999999999998,3.31382747145941,-6.122135422153576,-186.80571871914916
242.81041580941672,25.42771318806275,0.9999999999999998,3.3151354146031764,-6.123666336202501,-186.79360092065065
242.8209351717517,25.424558717292204,0.9999999999999998,3.3164431755210604,-6.125197484516258,-186.78145887085967
242.8314537477035,25.4214028327454,0.9999999999999996,3.3177507539043027,-6.126728866896906,-186.76929255719557
242.84197153709425,25.418245534622063,0.9999999999999997,3.3190581494443325,-6.128260483146359,-186.75710196707763
242.85248853974622,25.41508682312194,0.9999999999999998,3.3203653618325983,-6.129792333066472,-186.7448870879254
242.86300475548177,25.411926698444788,0.9999999999999999,3.321672390760561,-6.1313244164590035,-186.7326479071582
242.87352018412358,25.40876516079039,0.9999999999999999,3.3229792359198065,-6.132856733125582,-186.7203844121954
242.88403482549438,25.405602210358538,0.9999999999999997,3.3242858970018982,-6.134389282867776,-186.7080965904563
242.89454867941708,25.40243784734904,0.9999999999999997,3.3255923736984574,-6.135922065487053,-186.69578442936054
242.905061745715,25.399272071961736,0.9999999999999997,3.326898665701254,-6.137455080784765,-186.68344791632728
242.9155740242112,25.396104884396454,0.9999999999999999,3.3282047727019464,-6.1389883285621725,-186.67108703877605
242.92608551472944,25.39293628485306,0.9999999999999998,3.329510694392436,-6.14052180862047,-186.65870178412595
242.9365962170933,25.389766273531443,0.9999999999999998,3.3308164304645427,-6.142055520760724,-186.64629213979677
242.9471061311266,25.386594850631482,0.9999999999999998,3.3321219806101485,-6.1435894647839095,-186.6338580932077
242.95761525665338,25.38342201635309,0.9999999999999998,3.333427344521212,-6.1451236404909295,-186.6213996317781
242.96812359349784,25.380247770896204,0.9999999999999998,3.3347325218897446,-6.1466580476825605,-186.60891674292748
242.97863114148447,25.377072114460763,0.9999999999999997,3.33603751240784,-6.148192686159501,-186.5964094140751
242.9891379004378,25.37389504724673,0.9999999999999998,3.337342315767618,-6.149727555722352,-186.58387763264037
242.99964387018255,25.370716569454075,0.9999999999999998,3.3386469316611933,-6.151262656171619,-186.57132138604268
243.0101490505437,25.3675366812828,0.9999999999999999,3.339951359780832,-6.152797987307714,-186.55874066170145
243.02065344134635,25.36435538293291,0.9999999999999997,3.341255599818796,-6.1543335489309605,-186.54613544703608
