galstreams/tracks/track.po.Corvus.mateu2018.ecsv
# %ECSV 0.9
# ---
# datatype:
# - {name: ra, unit: deg, datatype: float64}
# - {name: dec, unit: deg, datatype: float64}
# - {name: distance, unit: kpc, datatype: float64}
# - {name: pm_ra_cosdec, unit: mas / yr, datatype: float64}
# - {name: pm_dec, unit: mas / yr, datatype: float64}
# - {name: radial_velocity, unit: km / s, datatype: float64}
# delimiter: ','
# meta: !!omap
# - __serialized_columns__:
#     dec:
#       __class__: astropy.coordinates.angles.Latitude
#       unit: &id001 !astropy.units.Unit {unit: deg}
#       value: !astropy.table.SerializedColumn {name: dec}
#     distance:
#       __class__: astropy.coordinates.distances.Distance
#       unit: !astropy.units.Unit {unit: kpc}
#       value: !astropy.table.SerializedColumn {name: distance}
#     pm_dec:
#       __class__: astropy.units.quantity.Quantity
#       unit: !astropy.units.Unit {unit: mas / yr}
#       value: !astropy.table.SerializedColumn {name: pm_dec}
#     pm_ra_cosdec:
#       __class__: astropy.units.quantity.Quantity
#       unit: !astropy.units.Unit {unit: mas / yr}
#       value: !astropy.table.SerializedColumn {name: pm_ra_cosdec}
#     ra:
#       __class__: astropy.coordinates.angles.Longitude
#       unit: *id001
#       value: !astropy.table.SerializedColumn {name: ra}
#       wrap_angle: !astropy.coordinates.Angle
#         unit: *id001
#         value: 360.0
#     radial_velocity:
#       __class__: astropy.units.quantity.Quantity
#       unit: !astropy.units.Unit {unit: km / s}
#       value: !astropy.table.SerializedColumn {name: radial_velocity}
# schema: astropy-2.0
ra,dec,distance,pm_ra_cosdec,pm_dec,radial_velocity
[from data line 4661]
189.15364246210774,-15.55630767011227,10.414326627300238,0.0,0.0,-0.0
189.1640135630916,-15.557541652326112,10.416026823921618,0.0,0.0,-0.0
189.17438475322604,-15.558775856896718,10.417727151899195,0.0,0.0,-0.0
189.18475603257735,-15.560010283703404,10.419427611123966,0.0,0.0,-0.0
189.19512740121178,-15.561244932625428,10.421128201486907,0.0,0.0,-0.0
189.20549885919564,-15.562479803542006,10.422828922878955,0.0,0.0,-0.0
189.21587040659514,-15.563714896332305,10.424529775191013,0.0,0.0,-0.0
189.22624204347656,-15.56495021087544,10.426230758313956,0.0,0.0,-0.0
189.23661376990603,-15.566185747050483,10.427931872138615,0.0,0.0,-0.0
189.2469855859498,-15.567421504736448,10.429633116555815,0.0,0.0,-0.0
189.257357491674,-15.568657483812304,10.431334491456324,0.0,0.0,-0.0
189.26772948714472,-15.569893684156979,10.433035996730885,0.0,0.0,-0.0
189.27810157242817,-15.571130105649331,10.43473763227021,0.0,0.0,-0.0
189.28847374759044,-15.572366748168196,10.436439397964984,0.0,0.0,-0.0
189.2988460126976,-15.573603611592333,10.438141293705858,0.0,0.0,-0.0
189.30921836781573,-15.57484069580048,10.43984331938344,0.0,0.0,-0.0
189.31959081301082,-15.576078000671302,10.44154547488832,0.0,0.0,-0.0
189.32996334834897,-15.577315526083437,10.443247760111051,0.0,0.0,-0.0
189.34033597389615,-15.57855327191545,10.444950174942154,0.0,0.0,-0.0
189.35070868971835,-15.579791238045871,10.44665271927212,0.0,0.0,-0.0
189.3610814958815,-15.581029424353195,10.448355392991404,0.0,0.0,-0.0
189.37145439245162,-15.582267830715836,10.45005819599043,0.0,0.0,-0.0
189.3818273794946,-15.583506457012188,10.451761128159594,0.0,0.0,-0.0
189.3922004570763,-15.58474530312058,10.453464189389255,0.0,0.0,-0.0
189.4025736252627,-15.585984368919299,10.455167379569755,0.0,0.0,-0.0
189.4129468841196,-15.58722365428658,10.456870698591375,0.0,0.0,-0.0
189.42332023371281,-15.588463159100622,10.458574146344395,0.0,0.0,-0.0
189.43369367410824,-15.589702883239548,10.460277722719049,0.0,0.0,-0.0
189.44406720537168,-15.59094282658146,10.461981427605535,0.0,0.0,-0.0
189.45444082756887,-15.592182989004403,10.463685260894028,0.0,0.0,-0.0
189.46481454076562,-15.593423370386363,10.46538922247467,0.0,0.0,-0.0
189.47518834502762,-15.594663970605293,10.46709331223757,0.0,0.0,-0.0
189.48556224042065,-15.595904789539091,10.4687975300728,0.0,0.0,-0.0
189.4959362270104,-15.597145827065608,10.47050187587041,0.0,0.0,-0.0
189.50631030486252,-15.59838708306264,10.472206349520418,0.0,0.0,-0.0
189.51668447404273,-15.599628557407943,10.473910950912805,0.0,0.0,-0.0
189.52705873461662,-15.60087024997922,10.475615679937517,0.0,0.0,-0.0
189.53743308664983,-15.602112160654135,10.47732053648448,0.0,0.0,-0.0
189.547807530208,-15.603354289310287,10.479025520443582,0.0,0.0,-0.0
189.55818206535665,-15.604596635825244,10.480730631704677,0.0,0.0,-0.0
189.5685566921614,-15.605839200076518,10.482435870157595,0.0,0.0,-0.0
189.57893141068777,-15.607081981941574,10.484141235692128,0.0,0.0,-0.0
189.58930622100124,-15.608324981297821,10.48584672819804,0.0,0.0,-0.0
189.59968112316736,-15.60956819802263,10.487552347565067,0.0,0.0,-0.0
189.61005611725162,-15.610811631993332,10.489258093682906,0.0,0.0,-0.0
189.6204312033194,-15.612055283087194,10.490963966441223,0.0,0.0,-0.0
189.63080638143626,-15.613299151181437,10.492669965729664,0.0,0.0,-0.0
189.64118165166752,-15.614543236153244,10.494376091437832,0.0,0.0,-0.0
189.6515570140786,-15.615787537879743,10.496082343455305,0.0,0.0,-0.0
189.6619324687349,-15.61703205623801,10.497788721671625,0.0,0.0,-0.0
189.67230801570176,-15.618276791105085,10.499495225976306,0.0,0.0,-0.0
189.68268365504454,-15.61952174235795,10.501201856258838,0.0,0.0,-0.0
189.6930593868285,-15.620766909873554,10.502908612408664,0.0,0.0,-0.0
189.703435211119,-15.62201229352878,10.504615494315212,0.0,0.0,-0.0
189.71381112798124,-15.623257893200472,10.506322501867864,0.0,0.0,-0.0
189.72418713748056,-15.624503708765424,10.508029634955983,0.0,0.0,-0.0
189.73456323968216,-15.625749740100392,10.509736893468897,0.0,0.0,-0.0
189.7449394346512,-15.626995987082068,10.511444277295901,0.0,0.0,-0.0
189.75531572245293,-15.628242449587116,10.513151786326263,0.0,0.0,-0.0
189.7656921031525,-15.62948912749213,10.514859420449218,0.0,0.0,-0.0
189.77606857681505,-15.630736020673682,10.516567179553967,0.0,0.0,-0.0
189.78644514350572,-15.63198312900827,10.518275063529689,0.0,0.0,-0.0
189.79682180328965,-15.633230452372372,10.519983072265516,0.0,0.0,-0.0
189.80719855623187,-15.634477990642399,10.521691205650571,0.0,0.0,-0.0
189.8175754023974,-15.635725743694714,10.523399463573933,0.0,0.0,-0.0
189.82795234185144,-15.636973711405652,10.525107845924646,0.0,0.0,-0.0
189.83832937465888,-15.638221893651478,10.526816352591732,0.0,0.0,-0.0
189.8487065008848,-15.639470290308434,10.52852498346418,0.0,0.0,-0.0
189.85908372059413,-15.640718901252683,10.530233738430955,0.0,0.0,-0.0
189.86946103385185,-15.64196772636037,10.531942617380974,0.0,0.0,-0.0
189.8798384407229,-15.643216765507587,10.533651620203134,0.0,0.0,-0.0
189.8902159412722,-15.644466018570366,10.535360746786308,0.0,0.0,-0.0
189.90059353556464,-15.645715485424702,10.537069997019328,0.0,0.0,-0.0
189.9109712236651,-15.64696516594654,10.538779370791001,0.0,0.0,-0.0
189.92134900563843,-15.648215060011783,10.540488867990101,0.0,0.0,-0.0
189.93172688154948,-15.649465167496292,10.542198488505367,0.0,0.0,-0.0
189.94210485146303,-15.65071548827586,10.543908232225519,0.0,0.0,-0.0
189.95248291544394,-15.651966022226244,10.545618099039233,0.0,0.0,-0.0
189.96286107355687,-15.653216769223167,10.547328088835172,0.0,0.0,-0.0
189.97323932586664,-15.654467729142292,10.549038201501949,0.0,0.0,-0.0
189.98361767243802,-15.655718901859233,10.55074843692816,0.0,0.0,-0.0
189.9939961133356,-15.65697028724957,10.55245879500236,0.0,0.0,-0.0
190.00437464862415,-15.658221885188821,10.554169275613093,0.0,0.0,-0.0
190.01475327836832,-15.659473695552474,10.555879878648847,0.0,0.0,-0.0
190.02513200263277,-15.660725718215957,10.557590603998099,0.0,0.0,-0.0
190.03551082148206,-15.66197795305466,10.559301451549288,0.0,0.0,-0.0
190.04588973498085,-15.663230399943913,10.561012421190826,0.0,0.0,-0.0
190.05626874319367,-15.66448305875902,10.562723512811086,0.0,0.0,-0.0
190.06664784618508,-15.665735929375222,10.564434726298426,0.0,0.0,-0.0
190.07702704401967,-15.666989011667729,10.566146061541156,0.0,0.0,-0.0
190.0874063367619,-15.668242305511681,10.567857518427575,0.0,0.0,-0.0
190.0977857244763,-15.669495810782202,10.569569096845932,0.0,0.0,-0.0
190.10816520722727,-15.670749527354346,10.571280796684462,0.0,0.0,-0.0
190.11854478507934,-15.672003455103122,10.572992617831366,0.0,0.0,-0.0
190.1289244580969,-15.67325759390351,10.57470456017481,0.0,0.0,-0.0
190.13930422634436,-15.674511943630433,10.57641662360293,0.0,0.0,-0.0
190.1496840898861,-15.67576650415876,10.57812880800384,0.0,0.0,-0.0
190.1600640487865,-15.677021275363334,10.579841113265616,0.0,0.0,-0.0
190.17044410310987,-15.678276257118934,10.581553539276303,0.0,0.0,-0.0
190.18082425292053,-15.679531449300297,10.583266085923928,0.0,0.0,-0.0
190.19120449828281,-15.680786851782122,10.584978753096479,0.0,0.0,-0.0
190.201584839261,-15.68204246443905,10.586691540681908,0.0,0.0,-0.0
190.21196527591928,-15.683298287145691,10.588404448568149,0.0,0.0,-0.0
190.22234580832193,-15.684554319776593,10.590117476643096,0.0,0.0,-0.0
190.23272643653314,-15.685810562206267,10.591830624794627,0.0,0.0,-0.0
190.24310716061714,-15.687067014309184,10.59354389291058,0.0,0.0,-0.0
190.25348798063806,-15.688323675959754,10.59525728087876,0.0,0.0,-0.0
190.26386889666003,-15.68958054703235,10.596970788586953,0.0,0.0,-0.0
190.2742499087472,-15.6908376274013,10.598684415922905,0.0,0.0,-0.0
190.2846310169637,-15.692094916940892,10.600398162774342,0.0,0.0,-0.0
190.29501222137353,-15.693352415525357,10.60211202902895,0.0,0.0,-0.0
190.3053935220408,-15.694610123028887,10.603826014574393,0.0,0.0,-0.0
190.31577491902954,-15.695868039325616,10.605540119298302,0.0,0.0,-0.0
190.32615641240375,-15.697126164289664,10.607254343088279,0.0,0.0,-0.0
190.33653800222746,-15.69838449779506,10.6089686858319,0.0,0.0,-0.0
190.34691968856455,-15.699643039715832,10.610683147416704,0.0,0.0,-0.0
190.35730147147908,-15.700901789925936,10.612397727730208,0.0,0.0,-0.0
190.36768335103488,-15.702160748299285,10.614112426659892,0.0,0.0,-0.0
190.3780653272959,-15.703419914709757,10.615827244093216,0.0,0.0,-0.0
190.388447400326,-15.704679289031176,10.617542179917603,0.0,0.0,-0.0
190.39882957018906,-15.705938871137322,10.619257234020447,0.0,0.0,-0.0
190.40921183694888,-15.707198660901932,10.620972406289122,0.0,0.0,-0.0
190.41959420066934,-15.708458658198708,10.622687696610951,0.0,0.0,-0.0
190.42997666141417,-15.70971886290128,10.624403104873252,0.0,0.0,-0.0
190.44035921924717,-15.710979274883258,10.626118630963305,0.0,0.0,-0.0
190.45074187423205,-15.712239894018198,10.62783427476835,0.0,0.0,-0.0
190.4611246264326,-15.713500720179605,10.629550036175614,0.0,0.0,-0.0
190.47150747591243,-15.714761753240948,10.631265915072289,0.0,0.0,-0.0
190.48189042273532,-15.716022993075644,10.632981911345532,0.0,0.0,-0.0
190.49227346696486,-15.717284439557085,10.634698024882468,0.0,0.0,-0.0
190.5026566086647,-15.718546092558574,10.636414255570218,0.0,0.0,-0.0
190.51303984789843,-15.719807951953424,10.63813060329584,0.0,0.0,-0.0
190.52342318472972,-15.721070017614865,10.639847067946386,0.0,0.0,-0.0
190.53380661922208,-15.722332289416089,10.64156364940887,0.0,0.0,-0.0
190.54419015143904,-15.723594767230258,10.643280347570277,0.0,0.0,-0.0
190.55457378144416,-15.724857450930466,10.644997162317566,0.0,0.0,-0.0
190.56495750930094,-15.726120340389791,10.646714093537662,0.0,0.0,-0.0
190.5753413350728,-15.727383435481231,10.64843114111747,0.0,0.0,-0.0
190.5857252588233,-15.728646736077778,10.650148304943858,0.0,0.0,-0.0
190.59610928061576,-15.729910242052355,10.651865584903664,0.0,0.0,-0.0
190.60649340051367,-15.731173953277835,10.653582980883705,0.0,0.0,-0.0
190.6168776185804,-15.73243786962707,10.655300492770762,0.0,0.0,-0.0
190.6272619348793,-15.733701990972854,10.657018120451589,0.0,0.0,-0.0
190.6376463494737,-15.734966317187931,10.658735863812911,0.0,0.0,-0.0
190.64803086242696,-15.736230848145007,10.660453722741428,0.0,0.0,-0.0
190.65841547380236,-15.737495583716749,10.662171697123807,0.0,0.0,-0.0
190.66880018366317,-15.738760523775772,10.663889786846685,0.0,0.0,-0.0
190.67918499207263,-15.740025668194646,10.665607991796676,0.0,0.0,-0.0
190.689569899094,-15.74129101684591,10.667326311860357,0.0,0.0,-0.0
190.69995490479047,-15.742556569602035,10.669044746924284,0.0,0.0,-0.0
190.7103400092252,-15.743822326335465,10.670763296874982,0.0,0.0,-0.0
190.7207252124614,-15.745088286918604,10.672481961598946,0.0,0.0,-0.0
190.73111051456215,-15.746354451223796,10.674200740982641,0.0,0.0,-0.0
190.74149591559063,-15.747620819123352,10.675919634912507,0.0,0.0,-0.0
190.7518814156099,-15.748887390489532,10.677638643274955,0.0,0.0,-0.0
190.762267014683,-15.75015416519456,10.679357765956365,0.0,0.0,-0.0
190.772652712873,-15.751421143110612,10.681077002843086,0.0,0.0,-0.0
190.78303851024293,-15.752688324109819,10.682796353821447,0.0,0.0,-0.0
190.79342440685582,-15.753955708064268,10.68451581877774,0.0,0.0,-0.0
190.80381040277456,-15.755223294846001,10.686235397598235,0.0,0.0,-0.0
190.81419649806222,-15.756491084327024,10.687955090169167,0.0,0.0,-0.0
190.82458269278163,-15.75775907637929,10.68967489637675,0.0,0.0,-0.0
190.83496898699576,-15.75902727087471,10.691394816107165,0.0,0.0,-0.0
190.84535538076747,-15.760295667685156,10.693114849246564,0.0,0.0,-0.0
190.8557418741596,-15.76156426668245,10.694834995681076,0.0,0.0,-0.0
190.86612846723506,-15.76283306773838,10.696555255296788,0.0,0.0,-0.0
190.8765151600566,-15.76410207072467,10.698275627979777,0.0,0.0,-0.0
190.88690195268703,-15.76537127551303,10.69999611361608,0.0,0.0,-0.0
190.89728884518914,-15.766640681975103,10.701716712091708,0.0,0.0,-0.0
190.90767583762565,-15.76791028998249,10.703437423292652,0.0,0.0,-0.0
190.91806293005928,-15.769180099406775,10.705158247104855,0.0,0.0,-0.0
190.92845012255276,-15.770450110119457,10.706879183414252,0.0,0.0,-0.0
190.93883741516876,-15.771720321992024,10.70860023210674,0.0,0.0,-0.0
190.9492248079699,-15.772990734895904,10.710321393068192,0.0,0.0,-0.0
190.95961230101886,-15.774261348702494,10.712042666184445,0.0,0.0,-0.0
190.96999989437822,-15.775532163283128,10.713764051341322,0.0,0.0,-0.0
190.98038758811055,-15.776803178509127,10.715485548424601,0.0,0.0,-0.0
190.9907753822784,-15.778074394251737,10.717207157320047,0.0,0.0,-0.0
191.00116327694437,-15.779345810382182,10.718928877913386,0.0,0.0,-0.0
191.01155127217092,-15.78061742677163,10.720650710090327,0.0,0.0,-0.0
191.02193936802058,-15.781889243291221,10.722372653736539,0.0,0.0,-0.0
191.03232756455577,-15.783161259812031,10.724094708737667,0.0,0.0,-0.0
191.04271586183896,-15.784433476205116,10.725816874979332,0.0,0.0,-0.0
191.05310425993258,-15.785705892341468,10.727539152347127,0.0,0.0,-0.0
191.06349275889897,-15.78697850809205,10.729261540726613,0.0,0.0,-0.0
191.07388135880058,-15.788251323327785,10.730984040003326,0.0,0.0,-0.0
191.08427005969972,-15.789524337919522,10.732706650062774,0.0,0.0,-0.0
191.0946588616587,-15.790797551738116,10.734429370790432,0.0,0.0,-0.0
191.10504776473982,-15.792070964654346,10.736152202071752,0.0,0.0,-0.0
191.1154367690054,-15.793344576538951,10.737875143792163,0.0,0.0,-0.0
191.1258258745177,-15.794618387262634,10.739598195837061,0.0,0.0,-0.0
191.1362150813389,-15.795892396696054,10.74132135809181,0.0,0.0,-0.0
191.1466043895312,-15.797166604709835,10.74304463044175,0.0,0.0,-0.0
191.15699379915685,-15.798441011174535,10.744768012772198,0.0,0.0,-0.0
191.16738331027796,-15.799715615960693,10.746491504968441,0.0,0.0,-0.0
191.17777292295668,-15.800990418938804,10.74821510691573,0.0,0.0,-0.0
191.18816263725512,-15.8022654199793,10.749938818499299,0.0,0.0,-0.0
191.19855245323538,-15.803540618952587,10.751662639604357,0.0,0.0,-0.0
191.2089423709595,-15.80481601572903,10.753386570116069,0.0,0.0,-0.0
191.21933239048954,-15.806091610178942,10.755110609919592,0.0,0.0,-0.0
191.22972251188753,-15.807367402172602,10.756834758900043,0.0,0.0,-0.0
191.24011273521543,-15.808643391580246,10.758559016942504,0.0,0.0,-0.0
191.25050306053524,-15.809919578272053,10.760283383932059,0.0,0.0,-0.0
191.26089348790887,-15.81119596211818,10.762007859753732,0.0,0.0,-0.0
191.2712840173983,-15.812472542988733,10.763732444292538,0.0,0.0,-0.0
191.28167464906537,-15.813749320753766,10.765457137433462,0.0,0.0,-0.0
191.29206538297197,-15.815026295283317,10.767181939061457,0.0,0.0,-0.0
191.30245621917996,-15.816303466447357,10.768906849061453,0.0,0.0,-0.0
191.31284715775115,-15.817580834115818,10.770631867318354,0.0,0.0,-0.0
191.3232381987474,-15.8188583981586,10.772356993717029,0.0,0.0,-0.0
191.33362934223038,-15.820136158445559,10.774082228142325,0.0,0.0,-0.0
191.34402058826194,-15.821414114846498,10.775807570479069,0.0,0.0,-0.0
191.35441193690374,-15.822692267231194,10.777533020612042,0.0,0.0,-0.0
191.36480338821755,-15.823970615469369,10.779258578426019,0.0,0.0,-0.0
191.375194942265,-15.82524915943071,10.780984243805733,0.0,0.0,-0.0
191.38558659910777,-15.826527898984862,10.782710016635896,0.0,0.0,-0.0
191.3959783588075,-15.82780683400142,10.784435896801192,0.0,0.0,-0.0
191.4063702214258,-15.829085964349952,10.786161884186278,0.0,0.0,-0.0
191.4167621870242,-15.830365289899964,10.787887978675784,0.0,0.0,-0.0
191.42715425566433,-15.831644810520947,10.789614180154311,0.0,0.0,-0.0
191.43754642740768,-15.832924526082321,10.791340488506439,0.0,0.0,-0.0
191.44793870231584,-15.834204436453485,10.79306690361671,0.0,0.0,-0.0
191.4583310804502,-15.835484541503789,10.79479342536965,0.0,0.0,-0.0
191.46872356187225,-15.836764841102546,10.796520053649756,0.0,0.0,-0.0
191.47911614664346,-15.838045335119016,10.798246788341492,0.0,0.0,-0.0
191.48950883482522,-15.839326023422426,10.799973629329306,0.0,0.0,-0.0
191.4999016264789,-15.84060690588197,10.801700576497602,0.0,0.0,-0.0
