galstreams/tracks/track.st.Indus.shipp2019.ecsv
# %ECSV 0.9
# ---
# datatype:
# - {name: ra, unit: deg, datatype: float64}
# - {name: dec, unit: deg, datatype: float64}
# - {name: distance, unit: kpc, datatype: float64}
# - {name: pm_ra_cosdec, unit: mas / yr, datatype: float64}
# - {name: pm_dec, unit: mas / yr, datatype: float64}
# - {name: radial_velocity, unit: km / s, datatype: float64}
# delimiter: ','
# meta: !!omap
# - __serialized_columns__:
#     dec:
#       __class__: astropy.coordinates.angles.Latitude
#       unit: &id001 !astropy.units.Unit {unit: deg}
#       value: !astropy.table.SerializedColumn {name: dec}
#     distance:
#       __class__: astropy.coordinates.distances.Distance
#       unit: !astropy.units.Unit {unit: kpc}
#       value: !astropy.table.SerializedColumn {name: distance}
#     pm_dec:
#       __class__: astropy.units.quantity.Quantity
#       unit: !astropy.units.Unit {unit: mas / yr}
#       value: !astropy.table.SerializedColumn {name: pm_dec}
#     pm_ra_cosdec:
#       __class__: astropy.units.quantity.Quantity
#       unit: !astropy.units.Unit {unit: mas / yr}
#       value: !astropy.table.SerializedColumn {name: pm_ra_cosdec}
#     ra:
#       __class__: astropy.coordinates.angles.Longitude
#       unit: *id001
#       value: !astropy.table.SerializedColumn {name: ra}
#       wrap_angle: !astropy.coordinates.Angle
#         unit: *id001
#         value: 360.0
#     radial_velocity:
#       __class__: astropy.units.quantity.Quantity
#       unit: !astropy.units.Unit {unit: km / s}
#       value: !astropy.table.SerializedColumn {name: radial_velocity}
# schema: astropy-2.0
ra,dec,distance,pm_ra_cosdec,pm_dec,radial_velocity
[from data line 553]
330.57081071564266,-56.04327646783543,16.600000000010045,2.7574134115586295,-4.8677368156882,1.8754732551651674e-09
330.58337123860787,-56.0504353516758,16.60000000001004,2.758257272334446,-4.867762986214811,1.8617305632092155e-09
330.5959355304638,-56.05759339425676,16.600000000010038,2.759101568622489,-4.86778907043726,1.8478531389791858e-09
330.6085035933163,-56.06475059501887,16.600000000010024,2.759946300704192,-4.867815068054747,1.8339757147491562e-09
330.62107542927225,-56.07190695340221,16.60000000001002,2.760791468861065,-4.867840978766148,1.8200982905191267e-09
330.63365104043953,-56.07906246884663,16.600000000010013,2.7616370733747106,-4.867866802270022,1.8063892816316945e-09
330.6462304289267,-56.0862171407914,16.600000000010006,2.762483114526801,-4.86789253826462,1.7925792235387038e-09
330.6588135968435,-56.093370968675444,16.600000000010002,2.7633295925990957,-4.867918186447865,1.7786681162401547e-09
330.67140054630045,-56.10052395193731,16.60000000001,2.7641765078734335,-4.867943746517369,1.764925424284203e-09
330.68399127940893,-56.10767609001506,16.600000000009995,2.7650238606317386,-4.8679692181704315,1.7510480000541736e-09
330.69658579828155,-56.114827382346526,16.600000000009985,2.765871651156017,-4.867994601104021,1.7372042588926634e-09
330.7091841050316,-56.12197782836896,16.600000000009977,2.766719879728357,-4.868019895014797,1.7234615669367117e-09
330.7217862017733,-56.12912742751928,16.60000000000997,2.7675685466309186,-4.868045099599096,1.7096851919122406e-09
330.7343920906219,-56.13627617923399,16.600000000009967,2.7684176521459545,-4.868070214552935,1.6959424999562889e-09
330.74700177369334,-56.14342408294915,16.60000000000996,2.769267196555779,-4.8680952395720265,1.6821661249318178e-09
330.7596152531049,-56.150571138100545,16.60000000000996,2.7701171801428193,-4.868120174351736,1.668490799112905e-09
330.7722325309746,-56.15771734412341,16.60000000000995,2.770967603189561,-4.8681450185871356,1.6547144240884339e-09
330.78485360942113,-56.164862700452645,16.600000000009945,2.771818465978565,-4.86816977197296,1.6410390982695213e-09
330.79747849056434,-56.172007206522714,16.60000000000994,2.772669768792489,-4.868194434203637,1.6272964063135696e-09
330.8101071765251,-56.17915086176764,16.600000000009928,2.7735215119140566,-4.868219004973265,1.6136547635631765e-09
330.822739669425,-56.18629366562118,16.600000000009924,2.7743736956260854,-4.868243483975619,1.5999457546757442e-09
330.83537597138684,-56.19343561751654,16.60000000000992,2.7752263202114675,-4.86826787090416,1.5862704288568316e-09
330.8480160845339,-56.200576716886566,16.600000000009913,2.7760793859531656,-4.868292165452025,1.5725614199693994e-09
330.8606600109908,-56.207716963163705,16.60000000000991,2.7769328931342283,-4.868316367312031,1.5588187280134477e-09
330.87330775288285,-56.214856355779986,16.600000000009906,2.7777868420377922,-4.868340476176664,1.5451770852630546e-09
330.88595931233635,-56.22199489416699,16.600000000009896,2.778641232947057,-4.868364491738108,1.5315354425126614e-09
330.8986146914786,-56.229132577756005,16.600000000009892,2.7794960661453185,-4.868388413688198,1.5179274828307877e-09
330.9112738924377,-56.236269405977794,16.600000000009892,2.7803513419159342,-4.868412241718463,1.504184790874836e-09
330.92393691734276,-56.243405378262764,16.60000000000988,2.781207060542357,-4.868435975520109,1.4906105142614818e-09
330.93660376832383,-56.250540494040884,16.600000000009878,2.7820632223081097,-4.868459614784009,1.4769688715110886e-09
330.94927444751175,-56.257674752741686,16.600000000009867,2.782919827496788,-4.868483159200723,1.4634619610347735e-09
330.9619489570385,-56.26480815379444,16.600000000009864,2.7837768763920794,-4.868506608460474,1.4499213674899386e-09
330.9746272990368,-56.271940696627816,16.60000000000986,2.78463436927774,-4.868529962253172,1.436313407808065e-09
330.9873094756403,-56.27907238067018,16.600000000009853,2.7854923064376065,-4.868553220268401,1.4227391311947109e-09
330.9999954889837,-56.28620320534946,16.600000000009846,2.7863506881555957,-4.868576382195415,1.4091648545813566e-09
331.0126853412024,-56.29333317009313,16.600000000009842,2.787209514715693,-4.8685994477231445,1.3955905779680023e-09
331.0253790344332,-56.300462274328375,16.60000000000984,2.788068786401981,-4.8686224165401955,1.3820499844231677e-09
331.0380765708132,-56.307590517481856,16.600000000009832,2.788928503498597,-4.868645288334847,1.3685093908783329e-09
331.05077795248087,-56.314717898979836,16.60000000000983,2.789788666289776,-4.8686680627950505,1.3550698465390566e-09
331.0634831815754,-56.321844418248176,16.60000000000982,2.7906492750598115,-4.868690739608436,1.3414282037886634e-09
331.0761922602369,-56.32897007471233,16.600000000009818,2.791510330093079,-4.868713318462305,1.3279549763808677e-09
331.08890519060657,-56.33609486779737,16.60000000000981,2.792371831674048,-4.868735799043627,1.314414382836033e-09
331.1016219748264,-56.34321879692792,16.60000000000981,2.7932337800872444,-4.868758181039046,1.3010085215652762e-09
331.11434261503933,-56.350341861528165,16.6000000000098,2.79409617561728,-4.868780464134885,1.2874679280204416e-09
331.1270671133891,-56.35746406102192,16.6000000000098,2.794959018548833,-4.868802648017131,1.2740283836811653e-09
331.1397954720207,-56.364585394832545,16.600000000009793,2.7958223091666747,-4.868824732371445,1.2605551562733696e-09
331.1525276930795,-56.37170586238298,16.60000000000979,2.796686047755634,-4.868846716883168,1.2470819288655738e-09
331.1652637787125,-56.37882546309586,16.60000000000978,2.797550234600635,-4.868868601237297,1.2337771168003755e-09
331.17800373106695,-56.38594419639326,16.600000000009775,2.7984148699866593,-4.868890385118508,1.2202365232555409e-09
331.1907475522915,-56.393062061696924,16.60000000000977,2.7992799541987776,-4.868912068211147,1.2067632958477451e-09
331.2034952445355,-56.40017905842814,16.600000000009768,2.80014548752213,-4.86893365019923,1.1933574345769883e-09
331.21624680994904,-56.407295186007744,16.60000000000976,2.8010114702419258,-4.86895513076645,1.18005262251179e-09
331.22900225068366,-56.4144104438563,16.60000000000976,2.801877902643467,-4.868976509596149,1.1666804443095527e-09
331.24176156889126,-56.421524831393796,16.60000000000975,2.802744785012111,-4.8689977863713665,1.1531398507647179e-09
331.2545247667251,-56.428638348039904,16.600000000009747,2.8036121176333073,-4.869018960774788,1.1398350386995198e-09
331.267291846339,-56.43575099321381,16.60000000000974,2.804479900792561,-4.86904003248878,1.1264628604972823e-09
331.28006280988785,-56.442862766334265,16.60000000000974,2.805348134775463,-4.869061001195374,1.1130906822950451e-09
331.29283765952766,-56.44997366681974,16.600000000009732,2.806216819867694,-4.869081866576265,1.0998195532983662e-09
331.305616397415,-56.45708369408815,16.60000000000973,2.8070859563549755,-4.869102628312826,1.0865147412331681e-09
331.3183990257076,-56.46419284755703,16.60000000000973,2.807955544523126,-4.869123286086092,1.0731762460994503e-09
331.331185546564,-56.471301126643496,16.60000000000972,2.8088255846580306,-4.869143839576766,1.0597703848286935e-09
331.34397596214365,-56.47840853076425,16.600000000009715,2.809696077045652,-4.869164288465214,1.0465329389005342e-09
331.3567702746071,-56.48551505933553,16.600000000009707,2.8105670219720214,-4.869184632431477,1.0332954929723748e-09
331.3695684861155,-56.49262071177327,16.600000000009707,2.811438419723245,-4.869204871155253,1.019822265564579e-09
331.3823705988313,-56.499725487492896,16.600000000009704,2.8123102705855088,-4.86922500431591,1.0067195519104978e-09
331.3951766149175,-56.50682938590938,16.600000000009697,2.8131825748450616,-4.869245031592489,9.934147398452994e-10
331.4079865365383,-56.51393240643733,16.600000000009693,2.814055332788233,-4.869264952663684,9.801772939171402e-10
331.42080036585855,-56.52103454849089,16.600000000009693,2.8149285447014076,-4.869284767207867,9.668724818519419e-10
331.43361810504433,-56.52813581148388,16.600000000009686,2.815802210871078,-4.8693044749030605,9.536350359237826e-10
331.44643975626246,-56.53523619482959,16.60000000000968,2.8166763315837793,-4.869324075426962,9.404649561326623e-10
331.45926532168056,-56.54233569794092,16.600000000009675,2.817550907126119,-4.869343568456932,9.271938271359834e-10
331.47209480346737,-56.54943432023036,16.600000000009675,2.8184259377847956,-4.8693629536699925,9.139900642763436e-10
331.48492820379244,-56.55653206110991,16.600000000009665,2.8193014238465595,-4.869382230742833,9.007863014167038e-10
331.4977655248263,-56.56362891999131,16.60000000000966,2.8201773655982523,-4.8694013993518,8.87582538557064e-10
331.51060676874044,-56.570724896285704,16.600000000009658,2.821053763326774,-4.869420459172906,8.74446141834463e-10
331.523451937707,-56.5778199894039,16.600000000009658,2.821930617319096,-4.8694394098818305,8.614107943174207e-10
331.53630103389935,-56.58491419875624,16.60000000000965,2.8228079278622635,-4.8694582511539135,8.481733483892614e-10
331.5491540594915,-56.592007523752606,16.600000000009643,2.8236856952433884,-4.869476982664156,8.349695855296216e-10
331.56201101665874,-56.59909996380262,16.60000000000964,2.824563919749667,-4.869495604087214,8.217995057385012e-10
331.57487190757695,-56.60619151831531,16.60000000000964,2.8254426016683585,-4.869514115097416,8.086294259473809e-10
331.58773673442306,-56.61328218669936,16.600000000009633,2.826321741286785,-4.869532515368746,7.95627761498858e-10
331.60060549937475,-56.620371968362946,16.60000000000963,2.827201338892344,-4.869550804574858,7.824576817077376e-10
331.61347820461083,-56.62746086271392,16.600000000009626,2.8280813947725085,-4.869568982389051,7.693212849851368e-10
331.62635485231084,-56.6345488691596,16.600000000009626,2.8289619092148093,-4.8695870484843,7.563533036051334e-10
331.6392354446555,-56.64163598710701,16.600000000009622,2.829842882506866,-4.869605002533225,7.431495407454936e-10
331.65211998382625,-56.64872221596266,16.600000000009615,2.830724314936355,-4.869622844208118,7.302152424340096e-10
331.66500847200535,-56.65580755513261,16.60000000000961,2.8316062067910175,-4.869640573180928,7.169777965058504e-10
331.6779009113761,-56.66289200402257,16.600000000009608,2.832488558358674,-4.8696581891232595,7.039761320573274e-10
331.6907973041227,-56.669975562037685,16.6000000000096,2.8333713699272067,-4.869675691706378,6.908734184032461e-10
331.7036976524304,-56.67705822858289,16.600000000009597,2.8342546417845793,-4.869693080601207,6.779391200917622e-10
331.716601958485,-56.684140003062495,16.600000000009597,2.835138374218807,-4.869710355478329,6.649374556432393e-10
331.72951022447353,-56.691220884880465,16.600000000009594,2.836022567517988,-4.869727516007984,6.518684250576774e-10
331.74242245258387,-56.69830087344031,16.60000000000959,2.836907221970277,-4.86974456186007,6.388330775406351e-10
331.75533864500466,-56.705379968145095,16.60000000000958,2.8377923378639043,-4.869761492704147,6.258650961606317e-10
331.7682588039256,-56.712458168397546,16.60000000000958,2.8386779154871657,-4.869778308209419,6.128634317121087e-10
331.78118293153733,-56.71953547359987,16.600000000009576,2.839563955128434,-4.869795008044761,5.999291334006249e-10
331.79411103003133,-56.726611883153836,16.600000000009576,2.840450457076134,-4.869811591878693,5.870622012261799e-10
331.80704310159985,-56.73368739646082,16.600000000009572,2.8413374216187646,-4.869828059379405,5.740268537091376e-10
331.8199791484362,-56.74076201292173,16.60000000000957,2.84222484904489,-4.869844410214734,5.610588723291342e-10
331.83291917273476,-56.74783573193714,16.60000000000956,2.8431127396431566,-4.869860644052167,5.481919401546892e-10
331.84586317669044,-56.75490855290707,16.600000000009558,2.8440010937022557,-4.869876760558854,5.352239587746858e-10
331.8588111624994,-56.76198047523117,16.600000000009558,2.8448899115109563,-4.869892759401601,5.223233435317213e-10
331.87176313235847,-56.76905149830864,16.600000000009555,2.8457791933580916,-4.869908640246869,5.093890452202375e-10
331.8847190884655,-56.77612162153825,16.600000000009548,2.846668939532567,-4.869924402760765,4.964884299772731e-10
331.8976790330192,-56.783190844318284,16.600000000009544,2.847559150323339,-4.869940046609062,4.835204485972696e-10
331.91064296821935,-56.790259166046745,16.60000000000954,2.8484498260194573,-4.8699555714571705,4.707545656283832e-10
331.9236108962663,-56.79732658612106,16.60000000000954,2.849340966910004,-4.869970976970174,4.5778658424837977e-10
331.9365828193617,-56.804393103938246,16.600000000009537,2.8502325732841562,-4.869986262812793,4.449870182109738e-10
331.9495587397078,-56.81145871889491,16.600000000009533,2.8511246454311356,-4.870001428649413,4.3218745217356786e-10
331.96253865950786,-56.81852343038719,16.60000000000953,2.852017183640234,-4.870016474144065,4.193878861361619e-10
331.9755225809661,-56.82558723781085,16.60000000000953,2.852910188200828,-4.870031398960428,4.0658832009875596e-10
331.98851050628764,-56.83265014056119,16.600000000009526,2.8538036594023257,-4.870046202761847,3.9368770485579153e-10
332.00150243767837,-56.83971213803304,16.60000000000952,2.854697597534225,-4.870060885211304,3.808881388183856e-10
332.0144983773452,-56.84677322962082,16.60000000000952,2.8555920028860777,-4.870075445971439,3.681222558494991e-10
332.02749832749583,-56.85383341471848,16.600000000009512,2.8564868757474966,-4.870089884704552,3.5532268981209316e-10
332.0405022903392,-56.86089269271964,16.600000000009512,2.857382216408179,-4.8701042010725715,3.426241729802457e-10
332.05351026808466,-56.867951063017365,16.600000000009505,2.8582780251578574,-4.870118394737096,3.296561916002423e-10
332.06652226294284,-56.875008525004326,16.600000000009505,2.85917430228635,-4.870132465359362,3.169576747683948e-10
332.07953827712515,-56.882065078072756,16.6000000000095,2.8600710480835305,-4.870146412600265,3.042928410050668e-10
332.0925583128437,-56.88912072161439,16.600000000009498,2.8609682628393296,-4.870160236120352,2.9156064110469984e-10
332.1055823723119,-56.89617545502068,16.60000000000949,2.861865946843751,-4.870173935579806,2.787273919987744e-10
332.1186104577438,-56.90322927768251,16.60000000000949,2.8627641003868614,-4.870187510638463,2.660625582354464e-10
332.1316425713544,-56.91028218899032,16.60000000000949,2.863662723758786,-4.870200960955813,2.533640414035989e-10
332.1446787153596,-56.91733418833417,16.600000000009484,2.864561817249714,-4.8702142861910005,2.406655245717514e-10
332.15771889197623,-56.924385275103646,16.600000000009484,2.8654613811498937,-4.870227486002797,2.2796700773990393e-10
332.1707631034218,-56.931435448687864,16.600000000009484,2.8663614157496298,-4.870240560049647,2.1530217397657595e-10
332.1838113519152,-56.93848470847563,16.600000000009477,2.8672619213393196,-4.87025350798962,2.0270470635028692e-10
332.1968636396758,-56.945533053855144,16.600000000009477,2.868162898209383,-4.870266329480442,1.9003987258695894e-10
332.2099199689241,-56.95258048421426,16.60000000000947,2.8690643466503283,-4.870279024179493,1.7737503882363093e-10
332.2229803418812,-56.95962699894036,16.60000000000947,2.869966266952707,-4.870291591743787,1.6467652199178345e-10
332.2360447607694,-56.966672597420356,16.600000000009466,2.870868659407142,-4.870304031829988,1.521801035710529e-10
332.24911322781185,-56.97371727904082,16.600000000009462,2.8717715243043225,-4.870316344094412,1.3948158673920542e-10
332.26218574523256,-56.98076104318778,16.600000000009462,2.872674861934989,-4.870328528193009,1.268504360443969e-10
332.2752623152563,-56.98780388924687,16.600000000009455,2.8735786725899417,-4.870340583781388,1.1425296841810789e-10
332.288342940109,-56.99484581660324,16.60000000000945,2.87448295656005,-4.870352510514794,1.0172286692885785e-10
332.3014276220171,-57.00188682464159,16.600000000009455,2.87538771413623,-4.870364308048117,8.912539930256883e-11
332.31451636320844,-57.00892691274628,16.60000000000945,2.8762929456094732,-4.870375976035892,7.649424860776031e-11
