galstreams/tracks/track.st.Jhelum-a.shipp2019.ecsv
# %ECSV 1.0
# ---
# datatype:
# - {name: ra, unit: deg, datatype: float64}
# - {name: dec, unit: deg, datatype: float64}
# - {name: distance, unit: kpc, datatype: float64}
# - {name: pm_ra_cosdec, unit: mas / yr, datatype: float64}
# - {name: pm_dec, unit: mas / yr, datatype: float64}
# - {name: radial_velocity, unit: km / s, datatype: float64}
# delimiter: ','
# meta: !!omap
# - __serialized_columns__:
#     dec:
#       __class__: astropy.coordinates.angles.Latitude
#       unit: &id001 !astropy.units.Unit {unit: deg}
#       value: !astropy.table.SerializedColumn {name: dec}
#     distance:
#       __class__: astropy.coordinates.distances.Distance
#       unit: !astropy.units.Unit {unit: kpc}
#       value: !astropy.table.SerializedColumn {name: distance}
#     pm_dec:
#       __class__: astropy.units.quantity.Quantity
#       unit: !astropy.units.Unit {unit: mas / yr}
#       value: !astropy.table.SerializedColumn {name: pm_dec}
#     pm_ra_cosdec:
#       __class__: astropy.units.quantity.Quantity
#       unit: !astropy.units.Unit {unit: mas / yr}
#       value: !astropy.table.SerializedColumn {name: pm_ra_cosdec}
#     ra:
#       __class__: astropy.coordinates.angles.Longitude
#       unit: *id001
#       value: !astropy.table.SerializedColumn {name: ra}
#       wrap_angle: !astropy.coordinates.Angle
#         unit: *id001
#         value: 360.0
#     radial_velocity:
#       __class__: astropy.units.quantity.Quantity
#       unit: !astropy.units.Unit {unit: km / s}
#       value: !astropy.table.SerializedColumn {name: radial_velocity}
# schema: astropy-2.0
ra,dec,distance,pm_ra_cosdec,pm_dec,radial_velocity
[from data line 285]
326.8916157508613,-48.02269348413099,13.200000000000003,5.200952229078191,-5.755274548515892,-57.40236398984154
326.90553890945057,-48.026389849535036,13.200000000000001,5.201814322393083,-5.754431686145837,-57.35161697248098
326.9194640525692,-48.03008455678404,13.200000000000001,5.202676498572475,-5.753588502022831,-57.30086995512031
326.933391179878,-48.0337776054069,13.200000000000003,5.203538757463929,-5.752744996106022,-57.25012293776004
326.94732029103716,-48.03746899493258,13.200000000000003,5.20440109891492,-5.751901168354647,-57.1993759203994
326.9612513857059,-48.04115872489005,13.200000000000003,5.205263522772808,-5.751057018728064,-57.148628903038926
326.9751844635427,-48.04484679480835,13.200000000000001,5.206126028884838,-5.750212547185734,-57.09788188567833
326.9891195242054,-48.04853320421659,13.200000000000003,5.206988617098177,-5.749367753687199,-57.04713486831776
327.00305656735077,-48.052217952643865,13.200000000000001,5.207851287259867,-5.748522638192137,-56.996387850957255
327.016995592635,-48.05590103961932,13.200000000000003,5.208714039216859,-5.747677200660309,-56.9456408335967
327.03093659971336,-48.0595824646722,13.200000000000001,5.209576872815991,-5.74683144105159,-56.89489381623594
327.0448795882402,-48.063262227331705,13.200000000000001,5.210439787903997,-5.745985359325964,-56.844146798875606
327.05882455786923,-48.06694032712714,13.2,5.211302784327514,-5.745138955443508,-56.793399781515014
327.0727715082535,-48.07061676358789,13.200000000000003,5.212165861933081,-5.744292229364406,-56.74265276415442
327.086720439045,-48.0742915362433,13.200000000000001,5.21302902056712,-5.743445181048955,-56.69190574679373
327.1006713498949,-48.07796464462279,13.200000000000003,5.213892260075946,-5.742597810457552,-56.64115872943328
327.11462424045385,-48.08163608825583,13.199999999999998,5.214755580305789,-5.741750117550705,-56.5904117120728
327.12857911037133,-48.08530586667195,13.200000000000003,5.215618981102762,-5.740902102289014,-56.539664694712314
327.1425359592963,-48.0889739794007,13.200000000000005,5.216482462312881,-5.740053764633199,-56.488917677351694
327.15649478687664,-48.09264042597166,13.200000000000001,5.217346023782045,-5.739205104544089,-56.43817065999108
327.1704555927598,-48.096305205914526,13.200000000000003,5.218209665356076,-5.738356121982594,-56.38742364263052
327.18441837659213,-48.09996831875898,13.200000000000001,5.219073386880666,-5.737506816909756,-56.33667662527005
327.19838313801927,-48.10362976403477,13.200000000000003,5.21993718820142,-5.736657189286712,-56.28592960790936
327.212349876686,-48.107289541271655,13.200000000000003,5.22080106916383,-5.735807239074701,-56.235182590548774
327.22631859223634,-48.11094764999948,13.200000000000003,5.2216650296132885,-5.734956966235085,-56.1844355731883
327.2402892843134,-48.114604089748106,13.200000000000003,5.222529069395083,-5.734106370729318,-56.133688555827796
327.2542619525597,-48.11825886004751,13.200000000000001,5.223393188354409,-5.733255452518959,-56.08294153846741
327.2682365966169,-48.121911960427646,13.200000000000001,5.224257386336347,-5.732404211565678,-56.03219452110661
327.2822132161255,-48.12556339041851,13.200000000000001,5.225121663185871,-5.731552647831261,-55.981447503746345
327.29619181072576,-48.12921314955021,13.200000000000003,5.225986018747863,-5.730700761277584,-55.93070048638569
327.31017238005666,-48.13286123735281,13.200000000000001,5.226850452867104,-5.7298485518666435,-55.87995346902513
327.32415492375645,-48.13650765335649,13.200000000000001,5.227714965388246,-5.728996019560546,-55.82920645166466
327.3381394414629,-48.140152397091505,13.200000000000001,5.228579556155877,-5.728143164321483,-55.77845943430395
327.35212593281267,-48.143795468088065,13.200000000000001,5.229444225014455,-5.727289986111773,-55.72771241694344
327.3661143974415,-48.1474368658765,13.200000000000001,5.230308971808341,-5.726436484893846,-55.676965399582954
327.38010483498465,-48.15107658998715,13.200000000000001,5.231173796381794,-5.725582660630221,-55.62621838222248
327.39409724507635,-48.154714639950434,13.200000000000001,5.232038698578977,-5.724728513283541,-55.575471364861805
327.40809162735013,-48.15835101529679,13.200000000000003,5.232903678243937,-5.723874042816547,-55.52472434750137
327.4220879814385,-48.1619857155567,13.200000000000003,5.233768735220624,-5.723019249192098,-55.47397733014059
327.43608630697344,-48.16561874026076,13.200000000000001,5.234633869352899,-5.722164132373154,-55.423230312780156
327.45008660358593,-48.16925008893957,13.200000000000001,5.235499080484498,-5.721308692322777,-55.37248329541966
327.46408887090627,-48.172879761123745,13.200000000000003,5.236364368459065,-5.720452929004151,-55.32173627805902
327.4780931085637,-48.176507756344016,13.200000000000001,5.237229733120143,-5.7195968423805645,-55.27098926069855
327.492099316187,-48.18013407413112,13.200000000000001,5.238095174311172,-5.718740432415412,-55.22024224333811
327.50610749340376,-48.18375871401582,13.2,5.238960691875482,-5.7178836990722,-55.16949522597746
327.52011763984103,-48.18738167552905,13.2,5.239826285656312,-5.717026642314531,-55.1187482086169
327.53412975512504,-48.19100295820166,13.200000000000003,5.240691955496794,-5.716169262106134,-55.06800119125632
327.548143838881,-48.1946225615646,13.200000000000003,5.241557701239955,-5.715311558410842,-55.017254173895715
327.5621598907335,-48.198240485148894,13.200000000000003,5.24242352272872,-5.714453531192593,-54.96650715653513
327.5761779103061,-48.20185672848559,13.200000000000003,5.243289419805915,-5.713595180415442,-54.91576013917454
327.5901978972218,-48.20547129110579,13.199999999999998,5.244155392314261,-5.712736506043545,-54.86501312181408
327.60421985110247,-48.20908417254062,13.200000000000001,5.245021440096368,-5.7118775080411766,-54.81426610445371
327.61824377156967,-48.212695372321356,13.200000000000001,5.245887562994774,-5.711018186372705,-54.76351908709307
327.6322696582437,-48.216304889979234,13.200000000000001,5.246753760851885,-5.710158541002624,-54.712772069732615
327.64629751074403,-48.219912725045575,13.200000000000001,5.247620033510012,-5.709298571895534,-54.66202505237194
327.66032732868956,-48.22351887705173,13.200000000000001,5.2484863808113715,-5.7084382790161445,-54.61127803501138
327.6743591116983,-48.22712334552914,13.200000000000003,5.249352802598068,-5.707577662329273,-54.56053101765071
327.68839285938725,-48.23072613000923,13.200000000000001,5.2502192987121035,-5.706716721799861,-54.50978400029022
327.7024285713729,-48.234327230023595,13.200000000000001,5.251085868995396,-5.705855457392932,-54.45903698292966
327.71646624727066,-48.23792664510378,13.200000000000001,5.25195251328975,-5.704993869073644,-54.408289965569125
327.73050588669525,-48.241524374781434,13.200000000000003,5.252819231436856,-5.704131956807261,-54.35754294820863
327.7445474892606,-48.24512041858823,13.199999999999998,5.2536860232783225,-5.703269720559156,-54.306795930848025
327.7585910545796,-48.24871477605591,13.200000000000001,5.254552888655645,-5.702407160294808,-54.25604891348747
327.7726365822647,-48.25230744671628,13.200000000000001,5.255419827410224,-5.701544275979813,-54.20530189612693
327.78668407192697,-48.25589843010116,13.200000000000001,5.256286839383342,-5.70068106757989,-54.15455487876639
327.80073352317737,-48.25948772574252,13.200000000000003,5.25715392441621,-5.699817535060836,-54.1038078614058
327.8147849356254,-48.26307533317226,13.200000000000003,5.258021082349913,-5.698953678388593,-54.05306084404535
327.8288383088802,-48.26666125192244,13.200000000000003,5.25888831302544,-5.698089497529199,-54.00231382668474
327.84289364254965,-48.27024548152511,13.200000000000003,5.25975561628368,-5.6972249924488105,-53.95156680932432
327.85695093624133,-48.27382802151238,13.200000000000001,5.260622991965429,-5.696360163113679,-53.90081979196364
327.87101018956133,-48.277408871416434,13.200000000000001,5.261490439911354,-5.695495009490202,-53.850072774603156
327.8850714021156,-48.28098803076956,13.200000000000001,5.26235795996206,-5.694629531544849,-53.7993257572426
327.89913457350895,-48.284565499104005,13.199999999999998,5.263225551958026,-5.6937637292442265,-53.74857873988199
327.91319970334524,-48.288141275952135,13.200000000000001,5.264093215739624,-5.69289760255505,-53.697831722521535
327.9272667912277,-48.29171536084636,13.200000000000001,5.2649609511471525,-5.692031151444141,-53.64708470516089
327.94133583675864,-48.29528775331913,13.199999999999998,5.265828758020779,-5.691164375878445,-53.59633768780032
327.9554068395396,-48.29885845290297,13.200000000000001,5.266696636200581,-5.69029727582501,-53.54559067043968
327.96947979917127,-48.30242745913048,13.199999999999998,5.267564585526546,-5.689429851250997,-53.49484365307927
327.9835547152536,-48.30599477153427,13.199999999999998,5.268432605838547,-5.688562102123679,-53.4440966357187
327.9976315873855,-48.30956038964706,13.200000000000001,5.26930069697636,-5.687694028410451,-53.393349618358044
328.0117104151653,-48.31312431300158,13.2,5.270168858779661,-5.686825630078822,-53.34260260099754
328.02579119819023,-48.31668654113065,13.199999999999998,5.271037091088021,-5.6859569070964,-53.291855583637116
328.039873936057,-48.32024707356714,13.199999999999998,5.271905393740916,-5.685087859430917,-53.241108566276594
328.05395862836133,-48.32380590984394,13.200000000000003,5.272773766577715,-5.684218487050216,-53.19036154891592
328.068045274698,-48.327363049494096,13.199999999999998,5.273642209437699,-5.683348789922255,-53.139614531555395
328.0821338746612,-48.33091849205062,13.200000000000001,5.274510722160032,-5.682478768015104,-53.08886751419484
328.0962244278442,-48.33447223704662,13.200000000000001,5.275379304583786,-5.681608421296947,-53.03812049683423
328.11031693383933,-48.33802428401526,13.200000000000001,5.276247956547931,-5.680737749736089,-52.987373479473824
328.12441139223824,-48.34157463248975,13.200000000000001,5.277116677891339,-5.679866753300934,-52.93662646211332
328.1385078026316,-48.34512328200337,13.199999999999998,5.27798546845278,-5.67899543196002,-52.88587944475261
328.1526061646094,-48.348670232089496,13.200000000000001,5.278854328070915,-5.6781237856819775,-52.83513242739204
328.1667064777607,-48.35221548228151,13.200000000000001,5.279723256584319,-5.67725181443557,-52.7843854100316
328.1808087416739,-48.355759032112864,13.199999999999998,5.28059225383146,-5.676379518189668,-52.73363839267111
328.1949129559363,-48.3593008811171,13.199999999999998,5.281461319650704,-5.675506896913255,-52.68289137531048
328.20901912013454,-48.3628410288278,13.199999999999998,5.282330453880317,-5.674633950575431,-52.63214435794985
328.2231272338543,-48.366379474778576,13.200000000000001,5.283199656358462,-5.673760679145421,-52.581397340589405
328.2372372966807,-48.36991621850319,13.2,5.284068926923218,-5.6728870825925455,-52.53065032322885
328.25134930819775,-48.37345125953538,13.200000000000001,5.284938265412543,-5.672013160886254,-52.47990330586831
328.26546326798876,-48.37698459740898,13.200000000000001,5.285807671664309,-5.671138913996109,-52.429156288507855
328.2795791756362,-48.38051623165788,13.199999999999998,5.286677145516284,-5.6702643418917855,-52.37840927114711
328.2936970307215,-48.38404616181604,13.200000000000001,5.28754668680612,-5.669389444543081,-52.32766225378678
328.30781683282567,-48.38757438741746,13.199999999999998,5.288416295371405,-5.6685142219199,-52.27691523642612
328.3219385815284,-48.39110090799623,13.200000000000001,5.289285971049586,-5.667638673992273,-52.22616821906559
328.3360622764091,-48.3946257230865,13.199999999999998,5.290155713678051,-5.6667628007303295,-52.17542120170492
328.35018791704584,-48.398148832222475,13.200000000000001,5.291025523094048,-5.665886602104335,-52.12467418434443
328.3643155030162,-48.40167023493842,13.200000000000001,5.2918953991347655,-5.665010078084659,-52.07392716698372
328.3784450338966,-48.40518993076865,13.199999999999998,5.292765341637253,-5.664133228641797,-52.02318014962351
328.392576509263,-48.40870791924758,13.2,5.293635350438491,-5.663256053746343,-51.97243313226271
328.4067099286901,-48.41222419990966,13.200000000000001,5.294505425375335,-5.6623785533690345,-51.92168611490217
328.42084529175224,-48.41573877228942,13.200000000000001,5.295375566284575,-5.661500727480698,-51.87093909754165
328.43498259802254,-48.41925163592145,13.200000000000001,5.296245773002861,-5.660622576052294,-51.82019208018111
328.44912184707346,-48.42276279034039,13.199999999999998,5.297116045366776,-5.6597440990548975,-51.76944506282069
328.46326303847667,-48.42627223508097,13.200000000000001,5.297986383212791,-5.658865296459691,-51.71869804546003
328.4774061718028,-48.42977996967798,13.200000000000001,5.298856786377276,-5.657986168237991,-51.66795102809951
328.4915512466217,-48.43328599366622,13.200000000000001,5.299727254696496,-5.657106714361224,-51.617204010738845
328.5056982625026,-48.43679030658065,13.200000000000001,5.300597788006634,-5.656226934800923,-51.566456993378424
328.5198472190138,-48.44029290795625,13.200000000000003,5.301468386143769,-5.655346829528748,-51.51570997601777
328.5339981157225,-48.44379379732803,13.200000000000001,5.302339048943866,-5.654466398516483,-51.46496295865737
328.5481509521954,-48.447292974231125,13.200000000000001,5.303209776242806,-5.6535856417360195,-51.414215941296774
328.5623057279982,-48.4507904382007,13.200000000000001,5.304080567876366,-5.652704559159371,-51.36346892393613
328.5764624426957,-48.454286188772,13.200000000000001,5.304951423680226,-5.651823150758672,-51.31272190657576
328.5906210958519,-48.45778022548033,13.2,5.305822343489958,-5.650941416506175,-51.26197488921515
328.6047816870302,-48.46127254786109,13.200000000000001,5.306693327141054,-5.650059356374232,-51.21122787185455
328.61894421579285,-48.464763155449695,13.199999999999998,5.3075643744688925,-5.649176970335343,-51.16048085449409
328.6331086817014,-48.46825204778168,13.199999999999998,5.308435485308754,-5.64829425836211,-51.109733837133554
328.64727508431656,-48.47173922439261,13.2,5.309306659495831,-5.64741122042725,-51.05898681977281
328.661443423198,-48.47522468481814,13.200000000000001,5.310177896865192,-5.646527856503619,-51.008239802412355
328.6756136979049,-48.47870842859393,13.199999999999998,5.31104919725184,-5.645644166564172,-50.95749278505183
328.6897859079953,-48.48219045525585,13.2,5.31192056049066,-5.644760150581984,-50.90674576769136
328.7039600530267,-48.4856707643397,13.2,5.312791986416444,-5.643875808530253,-50.85599875033065
328.7181361325554,-48.48914935538142,13.199999999999998,5.313663474863888,-5.642991140382308,-50.80525173297015
328.73231414613707,-48.492626227916986,13.2,5.314535025667576,-5.64210614611158,-50.75450471560967
328.74649409332653,-48.49610138148246,13.199999999999998,5.315406638662008,-5.641220825691626,-50.703757698249
328.7606759736777,-48.499574815613954,13.199999999999998,5.316278313681583,-5.6403351790961285,-50.65301068088854
328.77485978674355,-48.50304652984767,13.2,5.317150050560595,-5.6394492062988855,-50.60226366352802
328.7890455320766,-48.506516523719895,13.199999999999998,5.318021849133257,-5.638562907273805,-50.55151664616743
328.8032332092281,-48.50998479676696,13.200000000000001,5.318893709233658,-5.6376762819949295,-50.50076962880691
328.81742281774865,-48.51345134852526,13.200000000000003,5.319765630695812,-5.636789330436414,-50.45002261144642
328.83161435718796,-48.516916178531275,13.200000000000001,5.320637613353627,-5.635902052572538,-50.399275594085864
328.845807827095,-48.52037928632156,13.199999999999998,5.321509657040911,-5.635014448377699,-50.34852857672515
328.86000322701756,-48.523840671432694,13.200000000000001,5.32238176159136,-5.634126517826422,-50.29778155936478
328.8742005565031,-48.52730033340142,13.200000000000001,5.323253926838613,-5.633238260893326,-50.24703454200406
328.8883998150979,-48.53075827176449,13.200000000000001,5.324126152616172,-5.632349677553188,-50.19628752464359
