galstreams/tracks/track.st.Gaia-9.ibata2021.ecsv
# %ECSV 0.9
# ---
# datatype:
# - {name: ra, unit: deg, datatype: float64}
# - {name: dec, unit: deg, datatype: float64}
# - {name: distance, unit: kpc, datatype: float64}
# - {name: pm_ra_cosdec, unit: mas / yr, datatype: float64}
# - {name: pm_dec, unit: mas / yr, datatype: float64}
# - {name: radial_velocity, unit: km / s, datatype: float64}
# delimiter: ','
# meta: !!omap
# - __serialized_columns__:
#     dec:
#       __class__: astropy.coordinates.angles.Latitude
#       unit: &id001 !astropy.units.Unit {unit: deg}
#       value: !astropy.table.SerializedColumn {name: dec}
#     distance:
#       __class__: astropy.coordinates.distances.Distance
#       unit: !astropy.units.Unit {unit: kpc}
#       value: !astropy.table.SerializedColumn {name: distance}
#     pm_dec:
#       __class__: astropy.units.quantity.Quantity
#       unit: !astropy.units.Unit {unit: mas / yr}
#       value: !astropy.table.SerializedColumn {name: pm_dec}
#     pm_ra_cosdec:
#       __class__: astropy.units.quantity.Quantity
#       unit: !astropy.units.Unit {unit: mas / yr}
#       value: !astropy.table.SerializedColumn {name: pm_ra_cosdec}
#     ra:
#       __class__: astropy.coordinates.angles.Longitude
#       unit: *id001
#       value: !astropy.table.SerializedColumn {name: ra}
#       wrap_angle: !astropy.coordinates.Angle
#         unit: *id001
#         value: 360.0
#     radial_velocity:
#       __class__: astropy.units.quantity.Quantity
#       unit: !astropy.units.Unit {unit: km / s}
#       value: !astropy.table.SerializedColumn {name: radial_velocity}
# schema: astropy-2.0
ra,dec,distance,pm_ra_cosdec,pm_dec,radial_velocity
[from data line 694]
231.4202909802648,65.19067708107076,4.029336195369967,-13.904912262237819,7.727747986328971,1.6841534259744676e-14
231.43426534905367,65.18238915541052,4.02961268871069,-13.900111740346697,7.727938203265473,4.210383564936169e-14
231.44823256248057,65.17410040077273,4.029889261706169,-13.895311374798284,7.728124784877723,2.5262301389617013e-14
231.4621926209836,65.16581081617703,4.030165915772127,-13.890511169858598,7.728307733046324,9.262843842859572e-14
231.47614552499817,65.15752040064406,4.030442652324285,-13.885711129791622,7.728487049654962,4.210383564936169e-14
231.49009127495654,65.14922915319589,4.030719472778364,-13.880911258859374,7.728662736590264,1.6841534259744676e-14
231.50402987128805,65.14093707285572,4.030996378550092,-13.876111561321807,7.728834795741879,8.420767129872338e-15
231.51796131441895,65.13264415864798,4.031273371055184,-13.871312041436932,7.729003229002423,1.515738083377021e-13
231.53188560477307,65.12435040959816,4.031550451709369,-13.86651270346064,7.729168038267597,1.5999457546757442e-13
231.5458027427708,65.11605582473314,4.031827621928364,-13.861713551646897,7.729329225436029,1.768361097273191e-13
231.55971272882988,65.10776040308087,4.032104883127894,-13.856914590247596,7.729486792409335,1.0104920555846805e-13
231.57361556336505,65.09946414367057,4.03238223672368,-13.85211582351267,7.729640741092153,9.262843842859572e-14
231.5875112467881,65.09116704553269,4.032659684131445,-13.84731725568996,7.729791073392063,1.0946997268834039e-13
231.60139977950826,65.08286910769871,4.032937226766911,-13.842518891025318,7.729937791219701,1.0104920555846805e-13
231.61528116193153,65.07457032920145,4.0332148660458,-13.837720733762566,7.7300808964886265,8.420767129872338e-14
231.6291553944613,65.0662707090749,4.033492603383834,-13.832922788143502,7.73022039111539,1.0946997268834039e-13
231.64302247749788,65.0579702463543,4.033770440196736,-13.828125058407892,7.730356277019527,9.262843842859572e-14
231.65688241143908,65.0496689400759,4.034048377900229,-13.823327548793458,7.730488556123572,5.0524602779234026e-14
231.67073519667952,65.0413667892773,4.034326417910033,-13.818530263535909,7.730617230352967,9.262843842859572e-14
231.6845808336112,65.0330637929973,4.0346045616418715,-13.813733206868928,7.730742301636182,1.768361097273191e-13
231.69841932262338,65.02475995027578,4.034882810511467,-13.808936383024129,7.7308637719046445,1.0104920555846805e-13
231.71225066410224,65.01645526015395,4.035161165934542,-13.80413979623113,7.730981643092708,1.1789073981821273e-13
231.72607485843153,65.00814972167403,4.035439629326819,-13.799343450717458,7.731095917137744,9.262843842859572e-14
231.73989190599198,64.99984333387957,4.035718202104016,-13.794547350708667,7.73120659598005,6.73661370389787e-14
231.75370180716152,64.99153609581526,4.035996885681862,-13.789751500428222,7.731313681562854,1.0946997268834039e-13
231.76750456231548,64.98322800652707,4.036275681476075,-13.784955904097552,7.731417175832394,9.262843842859572e-14
231.78130017182642,64.97491906506191,4.036554590902379,-13.780160565936038,7.731517080737837,1.0946997268834039e-13
231.79508863606407,64.96660927046811,4.036833615376494,-13.775365490161038,7.731613398231289,1.1789073981821273e-13
231.8088699553955,64.95829862179512,4.037112756314145,-13.77057068098784,7.731706130267813,9.262843842859572e-14
231.82264413018495,64.94998711809352,4.037392015131054,-13.765776142629694,7.731795278805402,5.894536990910637e-14
231.836411160794,64.94167475841518,4.037671393242941,-13.760981879297807,7.731880845804987,2.5262301389617013e-14
231.85017104758163,64.93336154181296,4.037950892065529,-13.75618789520131,7.731962833230463,6.73661370389787e-14
231.86392379090404,64.92504746734109,4.0382305130145415,-13.751394194547284,7.732041243048647,1.0104920555846805e-13
231.87766939111475,64.91673253405487,4.038510257505701,-13.746600781540778,7.7321160772292785,2.5262301389617013e-14
231.89140784856448,64.90841674101091,4.038790126954727,-13.741807660384772,7.73218733774502,8.420767129872338e-14
231.90513916360155,64.90010008726676,4.0390701227773445,-13.737014835280185,7.732255026571504,1.2631150694808508e-13
231.91886333657146,64.89178257188136,4.039350246389275,-13.732222310425856,7.732319145687251,7.578690416885104e-14
231.93258036781705,64.88346419391473,4.039630499206241,-13.72743009001861,7.732379697073706,8.420767129872338e-14
231.94629025767858,64.87514495242813,4.039910882643963,-13.722638178253163,7.732436682715234,9.262843842859572e-14
231.9599930064935,64.86682484648392,4.040191398118165,-13.71784657932222,7.732490104599107,1.0946997268834039e-13
231.973688614597,64.85850387514562,4.040472047044569,-13.713055297416362,7.73253996471556,5.0524602779234026e-14
231.98737708232136,64.85018203747799,4.040752830838897,-13.708264336724135,7.7325862650576775,6.73661370389787e-14
232.00105840999638,64.84185933254693,4.0410337509168714,-13.703473701432008,7.73262900762148,1.6841534259744676e-14
232.01473259794906,64.83353575941958,4.041314808694215,-13.698683395724407,7.7326681944058615,5.0524602779234026e-14
232.02839964650425,64.82521131716405,4.041596005586647,-13.693893423783644,7.7327038274127045,7.578690416885104e-14
232.0420595559838,64.8168860048498,4.041877343009895,-13.689103789789979,7.732735908646687,1.4315304120782974e-13
232.05571232670724,64.80855982154742,4.042158822379676,-13.684314497921603,7.7327644401154565,1.515738083377021e-13
232.06935795899142,64.8002327663286,4.042440445111717,-13.679525552354619,7.732789423829507,1.2631150694808508e-13
232.08299645315063,64.79190483826636,4.042722212621736,-13.674736957263082,7.732810861802241,1.0104920555846805e-13
232.0966278094968,64.78357603643461,4.043004126325458,-13.669948716818924,7.732828756049974,6.73661370389787e-14
232.1102520283391,64.77524635990864,4.043286187638604,-13.665160835192045,7.732843108591875,8.420767129872338e-14
232.12386910998433,64.76691580776485,4.043568397976896,-13.660373316550228,7.732853921450001,8.420767129872338e-14
232.13747905473662,64.75858437908082,4.043850758756058,-13.655586165059201,7.732861196649291,5.0524602779234026e-14
232.15108186289785,64.75025207293515,4.044133271391812,-13.650799384882578,7.732864936217567,1.1789073981821273e-13
232.16467753476724,64.7419188884078,4.044415937299878,-13.646012980181927,7.7328651421855366,1.347322740779574e-13
232.1782660706415,64.73358482457975,4.04469875789598,-13.641226955116686,7.732861816586752,9.262843842859572e-14
232.19184747081496,64.72524988053318,4.044981734595839,-13.636441313844246,7.7328549614576545,2.5262301389617013e-14
232.20542173557925,64.7169140553515,4.045264868815179,-13.631656060519912,7.73284457883749,6.73661370389787e-14
232.21898886522393,64.70857734811908,4.045548161969721,-13.626871199296847,7.732830670768484,9.262843842859572e-14
232.23254886003582,64.70023975792161,4.04583161547519,-13.622086734326171,7.7328132392956395,6.73661370389787e-14
232.24610172029938,64.69190128384591,4.0461152307473025,-13.6173026697569,7.7327922864668235,8.420767129872338e-14
232.2596474462965,64.68356192497995,4.046399009201784,-13.612519009735973,7.732767814332747,1.2631150694808508e-13
232.2731860383071,64.67522168041273,4.0466829522543595,-13.607735758408165,7.732739824947046,8.420767129872338e-15
232.28671749660802,64.66688054923458,4.046967061320747,-13.602952919916255,7.732708320366092,1.2631150694808508e-13
232.30024182147423,64.65853853053683,4.047251337816672,-13.59817049840085,7.732673302649204,2.5262301389617013e-14
232.31375901317801,64.65019562341207,4.047535783157852,-13.593388498000497,7.732634773858468,5.0524602779234026e-14
232.3272690719893,64.64185182695402,4.047820398760016,-13.58860692285163,7.732592736058837,9.262843842859572e-14
232.34077199817582,64.63350714025744,4.048105186038881,-13.583825777088574,7.732547191318135,1.0946997268834039e-13
232.35426779200276,64.62516156241831,4.0483901464101715,-13.579045064843566,7.732498141706954,1.1789073981821273e-13
232.36775645373297,64.6168150925338,4.048675281289609,-13.57426479024673,7.73244558929879,6.73661370389787e-14
232.38123798362696,64.60846772970214,4.048960592092915,-13.569484957426095,7.7323895361698955,-1.6841534259744676e-14
232.39471238194275,64.60011947302279,4.049246080235813,-13.564705570507595,7.732329984399355,3.368306851948935e-14
232.40817964893637,64.5917703215962,4.049531747134026,-13.559926633615008,7.732266936069147,3.368306851948935e-14
232.42163978486113,64.58342027452412,4.049817594203274,-13.555148150870071,7.732200393263991,5.894536990910637e-14
232.43509278996828,64.57506933090932,4.0501036228592815,-13.550370126392355,7.7321303580714495,1.0104920555846805e-13
232.4485386645066,64.56671748985586,4.0503898345177705,-13.545592564299362,7.732056832581887,1.347322740779574e-13
232.4619774087227,64.55836475046873,4.050676230594461,-13.540815468706452,7.731979818888521,1.347322740779574e-13
232.47540902286084,64.55001111185418,4.050962812505075,-13.536038843726896,7.731899319087337,1.0104920555846805e-13
232.4888335071629,64.5416565731196,4.051249581665339,-13.531262693471831,7.731815335277103,1.347322740779574e-13
232.50225086186853,64.53330113337351,4.0515365394909715,-13.5264870220503,7.731727869559421,8.420767129872338e-15
232.5156610872152,64.52494479172547,4.051823687397698,-13.52171183356921,7.7316369240386935,8.420767129872338e-15
232.5290641834379,64.51658754728629,4.052111026801237,-13.516937132133375,7.731542500822081,1.6841534259744677e-13
232.54246015076973,64.50822939916783,4.052398559117313,-13.512162921845455,7.731444602019598,5.894536990910637e-14
232.55584898944116,64.49987034648314,4.052686285761647,-13.507389206806033,7.731343229743984,9.262843842859572e-14
232.5692306996805,64.49151038834637,4.052974208149963,-13.502615991113549,7.731238386110769,5.0524602779234026e-14
232.58260528171408,64.48314952387274,4.053262327697981,-13.497843278864309,7.7311300732383215,5.0524602779234026e-14
232.59597273576574,64.47478775217868,4.053550645821426,-13.493071074152521,7.7310182932477405,8.420767129872338e-14
232.60933306205717,64.46642507238171,4.053839163936018,-13.488299381070266,7.730903048262899,1.2631150694808508e-13
232.62268626080788,64.45806148360046,4.054127883457479,-13.483528203707493,7.730784340410468,7.578690416885104e-14
232.63603233223517,64.44969698495478,4.054416805801534,-13.478757546152028,7.730662171819853,1.0104920555846805e-13
232.64937127655418,64.44133157556543,4.054705932383904,-13.473987412489562,7.730536544623273,1.0946997268834039e-13
232.66270309397785,64.43296525455449,4.054995264620309,-13.469217806803664,7.730407460955686,8.420767129872338e-14
232.6760277847169,64.42459802104507,4.055284803926473,-13.464448733175793,7.730274922954796,6.73661370389787e-14
232.68934534897983,64.41622987416147,4.055574551718119,-13.459680195685255,7.730138932761059,2.5262301389617013e-14
232.70265578697317,64.40786081302898,4.055864509410969,-13.454912198409234,7.729999492517733,1.0104920555846805e-13
232.7159590989012,64.39949083677409,4.056154678420744,-13.450144745422772,7.729856604370804,7.578690416885104e-14
232.72925528496594,64.39111994452442,4.056445060163167,-13.445377840798802,7.729710270468962,1.0946997268834039e-13
232.74254434536743,64.38274813540872,4.056735656053961,-13.440611488608113,7.729560492963692,8.420767129872338e-14
232.75582628030355,64.3743754085567,4.057026467508847,-13.435845692919335,7.729407274009219,7.578690416885104e-14
232.76910108997006,64.36600176309936,4.057317495943548,-13.431080457799002,7.729250615762487,1.0946997268834039e-13
232.7823687745605,64.35762719816871,4.057608742773786,-13.426315787311488,7.729090520383165,1.1789073981821273e-13
232.7956293342665,64.34925171289795,4.057900209415283,-13.42155168551903,7.728926990033692,7.578690416885104e-14
232.8088827692773,64.34087530642137,4.058191897283762,-13.416788156481749,7.72876002687917,1.0104920555846805e-13
232.82212907978044,64.3324979778742,4.0584838077949446,-13.412025204257581,7.7285896330875286,3.368306851948935e-14
232.83536826596102,64.324119726393,4.058775942364553,-13.407262832902385,7.7284158108293095,1.0104920555846805e-13
232.84860032800233,64.31574055111535,4.05906830240831,-13.402501046469823,7.728238562277867,5.0524602779234026e-14
232.8618252660854,64.30736045117992,4.059360889341937,-13.397739849011444,7.728057889609187,1.0946997268834039e-13
232.87504308038925,64.29897942572653,4.059653704581159,-13.392979244576647,7.727873795002012,1.0104920555846805e-13
232.88825377109097,64.29059747389599,4.059946749541694,-13.388219237212683,7.727686280637808,8.420767129872338e-14
232.90145733836553,64.28221459483032,4.060240025639267,-13.383459830964668,7.727495348700733,7.578690416885104e-14
232.91465378238578,64.27383078767262,4.0605335342896,-13.378701029875565,7.727301001377631,5.0524602779234026e-14
232.92784310332254,64.26544605156711,4.060827276908412,-13.373942837986217,7.7271032408580345,1.0104920555846805e-13
232.9410253013449,64.25706038565899,4.061121254911433,-13.369185259335246,7.7269020693342405,2.5262301389617013e-14
232.95420037661953,64.24867378909465,4.061415469714377,-13.364428297959218,7.7266974890011655,9.262843842859572e-14
232.96736832931137,64.24028626102161,4.061709922732971,-13.359671957892498,7.726489502056452,1.515738083377021e-13
232.98052915958323,64.23189780058843,4.062004615382934,-13.354916243167324,7.726278110700422,5.0524602779234026e-14
232.993682867596,64.22350840694472,4.062299549079992,-13.35016115781374,7.726063317136065,8.420767129872338e-14
233.0068294535086,64.21511807924124,4.062594725239864,-13.345406705859695,7.725845123569094,5.894536990910637e-14
233.01996891747785,64.20672681662985,4.062890145278274,-13.340652891330961,7.725623532207844,7.578690416885104e-14
233.03310125965874,64.19833461826349,4.063185810610944,-13.335899718251145,7.725398545263352,1.0104920555846805e-13
233.0462264802042,64.1899414832962,4.063481722653598,-13.331147190641726,7.725170164949321,1.6841534259744676e-14
233.05934457926531,64.181547410883,4.063777882821953,-13.32639531252201,7.72493839348213,6.73661370389787e-14
233.07245555699112,64.17315240018013,4.064074292531736,-13.321644087909156,7.724703233080799,1.1789073981821273e-13
233.0855594135288,64.16475645034484,4.06437095319867,-13.316893520818152,7.7244646859670425,2.5262301389617013e-14
233.09865614902353,64.15635956053553,4.064667866238473,-13.312143615261856,7.724222754365185,1.0104920555846805e-13
233.11174576361853,64.14796172991167,4.06496503306687,-13.307394375250958,7.723977440502235,1.1789073981821273e-13
233.12482825745528,64.13956295763367,4.0652624550995835,-13.302645804793965,7.7237287466078595,4.210383564936169e-14
233.13790363067318,64.1311632428632,4.065560133752333,-13.29789790789726,7.723476674914352,4.210383564936169e-14
233.1509718834098,64.12276258476292,4.065858070440843,-13.293150688565055,7.723221227656651,5.0524602779234026e-14
233.1640330158007,64.11436098249666,4.066156266580837,-13.288404150799398,7.722962407072315,1.0946997268834039e-13
233.17708702797984,64.10595843522916,4.066454723588034,-13.28365829860016,7.722700215401627,3.368306851948935e-14
233.19013392007898,64.09755494212635,4.066753442878158,-13.278913135965077,7.722434654887388,0.0
233.20317369222818,64.08915050235525,4.067052425866932,-13.274168666889718,7.72216572777509,7.578690416885104e-14
233.21620634455562,64.08074511508389,4.0673516739700775,-13.269424895367479,7.721893436312852,3.368306851948935e-14
233.22923187718746,64.07233877948146,4.067651188603317,-13.264681825389601,7.721617782751388,8.420767129872338e-15
233.24225029024825,64.06393149471805,4.06795097118237,-13.259939460945148,7.72133876934406,8.420767129872338e-14
233.2552615838606,64.055523259965,4.068251023122964,-13.255197806021023,7.721056398346837,1.0104920555846805e-13
233.26826575814528,64.04711407439464,4.068551345840818,-13.250456864601965,7.720770672018315,5.0524602779234026e-14
233.2812628132211,64.03870393718041,4.068851940751653,-13.245716640670565,7.72048159261965,1.6841534259744676e-14
