galstreams/tracks/track.st.Leiptr.ibata2021.ecsv
# %ECSV 1.0
# ---
# datatype:
# - {name: ra, unit: deg, datatype: float64}
# - {name: dec, unit: deg, datatype: float64}
# - {name: distance, unit: kpc, datatype: float64}
# - {name: pm_ra_cosdec, unit: mas / yr, datatype: float64}
# - {name: pm_dec, unit: mas / yr, datatype: float64}
# - {name: radial_velocity, unit: km / s, datatype: float64}
# delimiter: ','
# meta: !!omap
# - __serialized_columns__:
#     dec:
#       __class__: astropy.coordinates.angles.Latitude
#       unit: &id001 !astropy.units.Unit {unit: deg}
#       value: !astropy.table.SerializedColumn {name: dec}
#     distance:
#       __class__: astropy.coordinates.distances.Distance
#       unit: !astropy.units.Unit {unit: kpc}
#       value: !astropy.table.SerializedColumn {name: distance}
#     pm_dec:
#       __class__: astropy.units.quantity.Quantity
#       unit: !astropy.units.Unit {unit: mas / yr}
#       value: !astropy.table.SerializedColumn {name: pm_dec}
#     pm_ra_cosdec:
#       __class__: astropy.units.quantity.Quantity
#       unit: !astropy.units.Unit {unit: mas / yr}
#       value: !astropy.table.SerializedColumn {name: pm_ra_cosdec}
#     ra:
#       __class__: astropy.coordinates.angles.Longitude
#       unit: *id001
#       value: !astropy.table.SerializedColumn {name: ra}
#       wrap_angle: !astropy.coordinates.Angle
#         unit: *id001
#         value: 360.0
#     radial_velocity:
#       __class__: astropy.units.quantity.Quantity
#       unit: !astropy.units.Unit {unit: km / s}
#       value: !astropy.table.SerializedColumn {name: radial_velocity}
# schema: astropy-2.0
ra,dec,distance,pm_ra_cosdec,pm_dec,radial_velocity
[from data line 6883]
113.98389664587047,-43.70403561448991,6.131504726784235,8.688324413392335,-4.9743011498382295,272.848819158883
113.99570072715196,-43.709291271457694,6.130766609629206,8.686913483343652,-4.971904698117359,272.9315080227286
114.00750671690317,-43.71454592493383,6.130028053390963,8.685501764065418,-4.9695080666873,273.014232498183
114.01931461544525,-43.71979957455729,6.129289057920664,8.684089255314461,-4.967111255931436,273.09699259642645
114.03112442309902,-43.725052219966926,6.128549623069463,8.682675956847618,-4.964714266233404,273.17978832863855
114.04293614018519,-43.730303860801584,6.1278097486885175,8.6812618684217,-4.962317097977056,273.26261970599927
114.05474976702418,-43.735554496699976,6.127069434628977,8.67984698979354,-4.959919751546502,273.3454867396889
114.06656530393616,-43.740804127300706,6.126328680742006,8.678431320719973,-4.9575222273260975,273.4283894408872
114.0783827512411,-43.74605275224235,6.125587486878751,8.677014860957819,-4.955124525700439,273.51132782077394
114.0902021092588,-43.751300371163374,6.124845852890368,8.675597610263903,-4.952726647054348,273.59430189052944
114.10202337830871,-43.75654698370215,6.124103778628016,8.674179568395054,-4.950328591772918,273.6773116613334
114.1138465587102,-43.76179258949698,6.123361263942849,8.672760735108096,-4.947930360241459,273.76035714436597
114.12567165078231,-43.76703718818607,6.122618308686018,8.671341110159856,-4.945531952845531,273.84343835080693
114.13749865484387,-43.77228077940759,6.121874912708682,8.669920693307153,-4.943133369970936,273.9265552918364
114.14932757121348,-43.777523362799535,6.121131075861997,8.668499484306823,-4.940734612003734,274.00970797863414
114.16115840020956,-43.782764937999914,6.120386797997114,8.667077482915694,-4.938335679330201,274.0928964223803
114.17299114215027,-43.78800550464658,6.119642078965191,8.665654688890584,-4.935936572336875,274.17612063425486
114.18482579735351,-43.79324506237735,6.118896918617383,8.664231101988326,-4.9335372914105236,274.25938062543776
114.19666236613699,-43.79848361082992,6.118151316804841,8.662806721965756,-4.931137836938175,274.3426764071086
114.20850084881818,-43.80372114964194,6.117405273378726,8.661381548579692,-4.928738209307082,274.42600799044794
114.22034124571431,-43.80895767845093,6.116658788190188,8.65995558158698,-4.926338408904757,274.50937538663504
114.23218355714239,-43.81419319689438,6.115911861090386,8.658528820744444,-4.923938436118935,274.5927786068505
114.24402778341923,-43.819427704609666,6.115164491930475,8.657101265808912,-4.921538291337608,274.676217662274
114.25587392486136,-43.824661201234086,6.114416680561604,8.655672916537236,-4.9191379749490185,274.7596925640856
114.2677219817851,-43.829893686404844,6.113668426834936,8.654243772686238,-4.916737487341635,274.84320332346505
114.27957195450651,-43.835125159759066,6.112919730601621,8.652813834012772,-4.914336828904184,274.92674995159257
114.29142384334149,-43.84035562093383,6.112170591712815,8.65138310027367,-4.911936000025621,275.01033245964805
114.30327764860562,-43.84558506956606,6.111421010019673,8.649951571225781,-4.909535001095161,275.0939508588112
114.31513337061432,-43.85081350529266,6.110670985373352,8.648519246625943,-4.907133832502254,275.1776051602623
114.32699100968274,-43.85604092775044,6.109920517625002,8.647086126231017,-4.904732494636591,275.2612953751812
114.33885056612579,-43.861267336576084,6.109169606625787,8.645652209797841,-4.902330987888115,275.34502151474777
114.35071204025819,-43.86649273140627,6.108418252226851,8.644217497083282,-4.8999293126470045,275.4287835901422
114.3625754323944,-43.87171711187747,6.107666454279359,8.642781987844181,-4.897527469303694,275.5125816125441
114.3744407428486,-43.87694047762623,6.106914212634459,8.641345681837404,-4.8951254582488435,275.59641559313377
114.38630797193483,-43.88216282828889,6.1061615271433105,8.639908578819815,-4.892723279873379,275.680285543091
114.3981771199668,-43.887384163501764,6.105408397657067,8.63847067854828,-4.890320934568457,275.7641914735956
114.4100481872581,-43.89260448290106,6.1046548240268805,8.637031980779668,-4.887918422725477,275.84813339582803
114.42192117412195,-43.89782378612293,6.103900806103909,8.635592485270848,-4.885515744736096,275.93211132096775
114.43379608087142,-43.9030420728034,6.10314634373931,8.634152191778698,-4.883112900992204,276.0161252601948
114.44567290781933,-43.90825934257845,6.1023914367842345,8.6327111000601,-4.880709891885936,276.10017522468934
114.45755165527828,-43.91347559508398,6.101636085089837,8.63126920987193,-4.878306717809673,276.18426122563125
114.46943232356057,-43.91869082995576,6.100880288507275,8.629826520971084,-4.875903379156055,276.2683832742005
114.48131491297832,-43.92390504682954,6.1001240468877045,8.628383033114451,-4.8734998763179425,276.3525413815769
114.49319942384344,-43.92911824534095,6.099367360082278,8.626938746058922,-4.871096209688455,276.43673555894077
114.50508585646747,-43.93433042512555,6.098610227942151,8.625493659561403,-4.86869237966096,276.5209658174715
114.51697421116187,-43.93954158581879,6.0978526503184804,8.624047773378798,-4.866288386629059,276.6052321683494
114.52886448823783,-43.944751727056094,6.097094627062417,8.62260108726802,-4.863884230986611,276.68953462275476
114.54075668800617,-43.949960848472735,6.096336158025122,8.621153600985973,-4.8614799131277096,276.77387319186676
114.55265081077764,-43.95516894970396,6.095577243057746,8.61970531428959,-4.859075433446703,276.858247886866
114.5645468568626,-43.96037603038489,6.094817882011445,8.618256226935786,-4.856670792338182,276.9426587189322
114.57644482657138,-43.96558209015062,6.094058074737372,8.616806338681492,-4.854265990196977,277.0271056992454
114.58834472021383,-43.9707871286361,6.093297821086686,8.615355649283648,-4.851861027418167,277.11158883898537
114.6002465380997,-43.97599114547621,6.09253712091054,8.61390415849919,-4.849455904397088,277.1961081493322
114.61215028053849,-43.98119414030582,6.0917759740600905,8.612451866085069,-4.8470506215292986,277.28066364146605
114.62405594783941,-43.98639611275962,6.091014380386488,8.610998771798233,-4.844645179210628,277.3652553265665
114.63596354031147,-43.99159706247225,6.0902523397408945,8.609544875395644,-4.842239577837139,277.4498832158137
114.64787305826347,-43.9967969890783,6.089489851974459,8.608090176634256,-4.839833817805138,277.53454732038773
114.65978450200382,-44.00199589221222,6.08872691693834,8.606634675271062,-4.837427899511192,277.6192476514683
114.67169787184086,-44.00719377150846,6.08796353448369,8.605178371063012,-4.835021823352089,277.7039842202355
114.68361316808264,-44.01239062660129,6.087199704461666,8.603721263767103,-4.832615589724888,277.78875703786923
114.69553039103694,-44.017586457124985,6.086435426723423,8.602263353140321,-4.8302091990268785,277.8735661155497
114.70744954101126,-44.02278126271369,6.085670701120115,8.600804638939673,-4.827802651655608,277.9584114644565
114.71937061831295,-44.02797504300146,6.0849055275028965,8.599345120922154,-4.825395948008868,278.0432930957698
114.73129362324904,-44.03316779762231,6.0841399057229255,8.597884798844772,-4.822989088484684,278.12821102066965
114.74321855612634,-44.03835952621013,6.083373835631354,8.596423672464546,-4.820582073481349,278.21316525033563
114.75514541725143,-44.043550228398765,6.082607317079338,8.594961741538512,-4.818174903397387,278.29815579594805
114.76707420693067,-44.04873990382194,6.081840349918033,8.593499005823684,-4.8157675786315695,278.38318266868697
114.77900492547006,-44.05392855211334,6.081072933998593,8.592035465077121,-4.8133600995829315,278.46824587973197
114.7909375731755,-44.059116172906535,6.080305069172174,8.590571119055863,-4.810952466650734,278.5533454402632
114.80287215035257,-44.064302765835016,6.079536755289931,8.58910596751696,-4.8085446802344975,278.63848136146055
114.8148086573066,-44.069488330532224,6.0787679922030184,8.587640010217484,-4.806136740733983,278.72365365450406
114.82674709434272,-44.07467286663148,6.077998779762591,8.586173246914509,-4.803728648549205,278.8088623305738
114.8386874617657,-44.07985637376603,6.0772291178198055,8.584705677365108,-4.801320404080428,278.8941074008494
114.85062975988023,-44.08503885156906,6.076459006225814,8.583237301326369,-4.798912007728151,278.97938887651117
114.86257398899063,-44.09022029967366,6.075688444831776,8.5817681185554,-4.796503459893135,279.0647067687388
114.874520149401,-44.095400717712835,6.074917433488842,8.580298128809298,-4.79409476097638,279.15006108871245
114.88646824141526,-44.10058010531952,6.07414597204817,8.578827331845181,-4.79168591137913,279.2354518476122
114.89841826533691,-44.10575846212655,6.073374060360913,8.577355727420175,-4.789276911502893,279.32087905661734
114.91037022146942,-44.11093578776671,6.072601698278229,8.575883315291412,-4.786867761749409,279.40634272690863
114.92232411011585,-44.11611208187266,6.07182888565127,8.574410095216034,-4.784458462520671,279.4918428696656
114.9342799315791,-44.121287344077025,6.07105562233119,8.572936066951193,-4.782049014218922,279.5773794960684
114.94623768616175,-44.12646157401231,6.0702819081691475,8.571461230254052,-4.7796394172466545,279.6629526172967
114.9581973741662,-44.13163477131096,6.069507743016295,8.569985584881781,-4.777229672006605,279.7485622445307
114.97015899589455,-44.13680693560533,6.06873312672379,8.568509130591563,-4.774819778901755,279.8342083889506
114.98212255164867,-44.141978066527685,6.067958059142786,8.567031867140585,-4.77240973833535,279.9198910617358
114.99408804173015,-44.14714816371025,6.067182540124438,8.565553794286059,-4.769999550710866,280.00561027406644
115.00605546644044,-44.15231722678514,6.0664065695199,8.56407491178518,-4.767589216432028,280.091366037123
115.01802482608055,-44.157485255384344,6.0656301471803316,8.562595219395188,-4.765178735902834,280.1771583620847
115.02999612095138,-44.16265224913985,6.064853272956882,8.561114716873305,-4.762768109527499,280.26298726013175
115.04196935135353,-44.167818207683524,6.064075946700708,8.559633403976784,-4.7603573377105155,280.34885274244425
115.05394451758738,-44.17298313064716,6.063298168262968,8.558151280462862,-4.757946420856591,280.43475482020216
115.06592161995303,-44.17814701766246,6.062519937494812,8.55666834608882,-4.755535359370716,280.52069350458544
115.07790065875027,-44.18330986836103,6.061741254247398,8.555184600611932,-4.753124153658118,280.6066688067736
115.08988163427878,-44.18847168237448,6.06096211837188,8.553700043789483,-4.7507128041242535,280.69268073794746
115.10186454683786,-44.1936324593342,6.060182529719415,8.552214675378774,-4.748301311174865,280.7787293092862
115.11384939672661,-44.19879219887163,6.059402488141155,8.55072849513712,-4.745889675215916,280.86481453197007
115.12583618424387,-44.20395090061805,6.058621993488257,8.549241502821829,-4.743477896653626,280.9509364171792
115.13782490968819,-44.209108564204676,6.057841045611875,8.547753698190254,-4.7410659758944735,281.0370949760932
115.14981557335787,-44.21426518926267,6.057059644363167,8.546265080999731,-4.73865391334518,281.1232902198922
115.16180817555109,-44.219420775423096,6.056277789593283,8.544775651007626,-4.736241709412706,281.2095221597564
115.17380271656555,-44.22457532231695,6.055495481153382,8.543285407971304,-4.733829364504276,281.2957908068654
115.18579919669882,-44.22972882957506,6.054712718894617,8.541794351648148,-4.731416879027372,281.3820961723991
115.19779761624827,-44.23488129682834,6.053929502668145,8.540302481795562,-4.729004253389693,281.468438267538
115.2097979755109,-44.24003272370747,6.053145832325116,8.538809798170954,-4.726591487999226,281.5548171034615
115.22180027478349,-44.245183109843126,6.052361707716693,8.537316300531733,-4.724178583264181,281.64123269134984
115.23380451436255,-44.25033245486588,6.051577128694024,8.535821988635352,-4.7217655395930365,281.72768504238275
115.2458106945444,-44.25548075840625,6.050792095108267,8.534326862239245,-4.7193523573945,281.81417416774076
115.25781881562499,-44.260628020094636,6.050006606810579,8.532830921100887,-4.7169390370775535,281.9007000786031
115.26982887790007,-44.26577423956137,6.049220663652111,8.531334164977745,-4.714525579051419,281.9872627861499
115.28184088166523,-44.270919416436726,6.048434265484022,8.529836593627307,-4.7121119837255545,282.0738623015616
115.29385482721561,-44.27606355035086,6.047647412157462,8.528338206807076,-4.709698251509689,282.1604986360176
115.30587071484621,-44.28120664093391,6.046860103523592,8.526839004274573,-4.707284382813796,282.2471718006982
115.31788854485178,-44.28634868781584,6.046072339433563,8.525338985787323,-4.704870378048096,282.33388180678327
115.32990831752676,-44.29148969062662,6.045284119738528,8.523838151102877,-4.702456237623058,282.4206286654526
115.3419300331653,-44.29662964899609,6.044495444289649,8.522336499978788,-4.700041961949414,282.50741238788646
115.35395369206138,-44.30176856255403,6.043706312938076,8.520834032172639,-4.697627551438135,282.5942329852646
115.36597929450863,-44.306906430930134,6.042916725534965,8.519330747442009,-4.6952130065004525,282.681090468767
115.37800684080055,-44.31204325375405,6.042126681931469,8.5178266455445,-4.692798327547824,282.7679848495737
115.39003633123018,-44.317179030655254,6.041336181978748,8.516321726237745,-4.690383514992002,282.8549161388646
115.40206776609044,-44.32231376126323,6.040545225527954,8.514815989279363,-4.687968569244955,282.9418843478195
115.41410114567401,-44.327447445207376,6.039753812430241,8.513309434427004,-4.685553490718908,283.02888948761887
115.42613647027319,-44.33258008211696,6.038961942536766,8.51180206143834,-4.68313827982635,283.11593156944207
115.43817374018008,-44.3377116716212,6.038169615698684,8.510293870071042,-4.680722936980013,283.20301060446934
115.45021295568655,-44.34284221334924,6.037376831767149,8.508784860082816,-4.6783074625928815,283.29012660388065
115.46225411708413,-44.34797170693014,6.036583590593314,8.507275031231364,-4.67589185707819,283.3772795788559
115.47429722466414,-44.35310015199286,6.0357898920283395,8.50576438327442,-4.673476120849427,283.4644695405751
115.48634227871763,-44.35822754816632,6.034995735923378,8.504252915969717,-4.671060254320333,283.55169650021816
115.49838927953537,-44.363353895079314,6.03420112212958,8.502740629075031,-4.668644257904898,283.63896046896514
115.51043822740787,-44.3684791923606,6.033406050498107,8.50122752234812,-4.666228132017364,283.7262614579958
115.52248912262537,-44.37360343963881,6.032610520880111,8.499713595546792,-4.663811877072229,283.8135994784902
115.53454196547789,-44.378726636542574,6.031814533126748,8.498198848428848,-4.661395493484234,283.90097454162856
115.54659675625508,-44.38384878270033,6.031018087089172,8.496683280752118,-4.658978981668385,283.98838665859046
115.55865349524639,-44.38896987774053,6.030221182618541,8.495166892274447,-4.656562342039932,284.075835840556
115.57071218274106,-44.394089921291524,6.029423819566002,8.493649682753695,-4.654145575014374,284.1633220987052
115.58277281902795,-44.399208912981535,6.02862599778272,8.49213165194774,-4.651728681007473,284.25084544421793
115.59483540439571,-44.40432685243878,6.0278277171198456,8.490612799614475,-4.649311660435233,284.33840588827417
115.6068999391327,-44.40944373929135,6.027028977428535,8.489093125511816,-4.646894513713917,284.42600344205374
115.61896642352708,-44.41455957316726,6.026229778559939,8.487572629397693,-4.644477241260033,284.51363811673707
115.63103485786661,-44.419674353694475,6.025430120365218,8.48605131103006,-4.642059843490355,284.6013099235035
115.64310524243895,-44.42478808050083,6.024630002695523,8.484529170166882,-4.639642320821897,284.6890188735335
115.65517757753135,-44.429900753214135,6.023829425402012,8.483006206566138,-4.637224673671929,284.77676497800684
115.6672518634308,-44.435012371462086,6.023028388335839,8.481482419985843,-4.634806902457978,284.8645482481032
115.67932810042416,-44.44012293487231,6.022226891348159,8.47995781018401,-4.632389007597818,284.952368695003
