galstreams/tracks/track.st.Pal5.ibata2021.ecsv
# %ECSV 1.0
# ---
# datatype:
# - {name: ra, unit: deg, datatype: float64}
# - {name: dec, unit: deg, datatype: float64}
# - {name: distance, unit: kpc, datatype: float64}
# - {name: pm_ra_cosdec, unit: mas / yr, datatype: float64}
# - {name: pm_dec, unit: mas / yr, datatype: float64}
# - {name: radial_velocity, unit: km / s, datatype: float64}
# delimiter: ','
# meta: !!omap
# - __serialized_columns__:
#     dec:
#       __class__: astropy.coordinates.angles.Latitude
#       unit: &id001 !astropy.units.Unit {unit: deg}
#       value: !astropy.table.SerializedColumn {name: dec}
#     distance:
#       __class__: astropy.coordinates.distances.Distance
#       unit: !astropy.units.Unit {unit: kpc}
#       value: !astropy.table.SerializedColumn {name: distance}
#     pm_dec:
#       __class__: astropy.units.quantity.Quantity
#       unit: !astropy.units.Unit {unit: mas / yr}
#       value: !astropy.table.SerializedColumn {name: pm_dec}
#     pm_ra_cosdec:
#       __class__: astropy.units.quantity.Quantity
#       unit: !astropy.units.Unit {unit: mas / yr}
#       value: !astropy.table.SerializedColumn {name: pm_ra_cosdec}
#     ra:
#       __class__: astropy.coordinates.angles.Longitude
#       unit: *id001
#       value: !astropy.table.SerializedColumn {name: ra}
#       wrap_angle: !astropy.coordinates.Angle
#         unit: *id001
#         value: 360.0
#     radial_velocity:
#       __class__: astropy.units.quantity.Quantity
#       unit: !astropy.units.Unit {unit: km / s}
#       value: !astropy.table.SerializedColumn {name: radial_velocity}
# schema: astropy-2.0
ra,dec,distance,pm_ra_cosdec,pm_dec,radial_velocity
[from data line 560]
226.41851683004177,-2.416308901912277,21.73395578863473,-2.862368171029914,-2.9825283080066853,-54.709602179360196
226.42542180433705,-2.4086927252424224,21.737482223020912,-2.8621577221730647,-2.981522574941871,-54.68120950505502
226.43232985449586,-2.40108107494685,21.740998071509605,-2.8619472366154604,-2.9805177341401516,-54.65288931578454
226.43924097854006,-2.393473947948489,21.74450334371713,-2.8617367161115888,-2.9795137858671485,-54.62464149881706
226.44615517449142,-2.385871341170564,21.74799804925983,-2.8615261624157844,-2.9785107303886202,-54.59646594142092
226.45307244037213,-2.3782732515363443,21.751482197754033,-2.861315577282227,-2.9775085679704585,-54.568362530864064
226.4599927742042,-2.370679675969401,21.75495579881607,-2.8611049624649416,-2.9765072988786945,-54.540331154414815
226.46691617401012,-2.3630906113933476,21.75841886206227,-2.860894319717796,-2.9755069233794877,-54.51237169934125
226.4738426378124,-2.3555060547320643,21.76187139710896,-2.8606836507945035,-2.97450744173914,-54.48448405291184
226.4807721636335,-2.3479260029096047,21.765313413572482,-2.860472957448625,-2.9735088542240797,-54.456668102394396
226.48770474949637,-2.3403504528501022,21.768744921069157,-2.8602622414335652,-2.972511161100873,-54.42892373505749
226.49464039342382,-2.332779401477988,21.77216592921531,-2.8600515045025787,-2.971514362636222,-54.4012508381689
226.50157909343903,-2.325212845717736,21.775576447627284,-2.859840748408762,-2.9705184590969567,-54.37364929899721
226.50852084756514,-2.317650782494127,21.778976485921394,-2.859629974905067,-2.9695234507500454,-54.34611900481041
226.51546565382552,-2.310093208731981,21.782366053713986,-2.859419185744287,-2.968529337862587,-54.31865984287674
226.52241351024358,-2.3025401213564263,21.78574516062138,-2.8592083826790686,-2.967536120701814,-54.29127170046417
226.52936441484312,-2.2949915172926296,21.789113816259917,-2.858997567461903,-2.966543799535091,-54.263954464841305
226.53631836564773,-2.2874473934660644,21.792472030245925,-2.858786741845136,-2.9655523746299175,-54.23670802327605
226.54327536068143,-2.27990774680225,21.795819812195724,-2.8585759075809585,-2.964561846253921,-54.20953226303664
226.55023539796824,-2.272372574226975,21.799157171725653,-2.8583650664214177,-2.963572214674865,-54.18242707139136
226.55719847553223,-2.2648418726662016,21.80248411845204,-2.858154220118405,-2.962583480160642,-54.15539233560824
226.56416459139783,-2.2573156390459723,21.805800661991213,-2.8579433704236705,-2.961595642979277,-54.128427942955604
226.57113374358934,-2.2497938702926317,21.80910681195951,-2.8577325190888097,-2.960608703398926,-54.10153378070164
226.57810593013144,-2.2422765633325716,21.812402577973252,-2.8575216678652744,-2.959622661687876,-54.07470973611438
226.58508114904876,-2.234763715092487,21.815687969648778,-2.8573108185043683,-2.958637518114547,-54.04795569646214
226.59205939836616,-2.2272553224991203,21.818962996602412,-2.8570999727572497,-2.9576532729474843,-54.021271549013186
226.5990406761085,-2.219751382479518,21.822227668450488,-2.856889132374926,-2.9566699264553686,-53.9946571810355
226.606024980301,-2.2122518919607717,21.825481994809333,-2.8566782991082658,-2.9556874789070102,-53.96811247979745
226.6130123089687,-2.2047568478702493,21.82872598529528,-2.8564674747079875,-2.954705930571346,-53.941637332567076
226.62000266013698,-2.1972662471354916,21.83195964952466,-2.8562566609246662,-2.9537252817174444,-53.91523162661282
226.62699603183134,-2.18978008668412,21.8351829971138,-2.856045859508731,-2.952745532614503,-53.88889524920258
226.63399242207726,-2.182298363444062,21.83839603767904,-2.8558350722104713,-2.95176668353185,-53.862628087604854
226.64099182890044,-2.1748210743432916,21.8415987808367,-2.855624300780029,-2.9507887347389388,-53.83643002908746
226.6479942503267,-2.16734821631009,21.844791236203108,-2.855413546967404,-2.9498116865053556,-53.81030096091881
226.65499968438195,-2.159879786272784,21.84797341339461,-2.855202812522456,-2.948835539100813,-53.78424077036719
226.66200812909221,-2.15241578116001,21.851145322027516,-2.8549920991948996,-2.9478602927951543,-53.75824934470058
226.6690195824837,-2.1449561979004486,21.854306971718174,-2.854781408734309,-2.9468859478583433,-53.732326571187336
226.67603404258261,-2.137501033423091,21.857458372082903,-2.854570742890117,-2.945912504560479,-53.70647233709553
226.68305150741534,-2.130050284656972,21.86059953273804,-2.854360103411617,-2.944939963171786,-53.68068652969334
226.6900719750084,-2.1226039485314074,21.863730463299916,-2.854149492047961,-2.9439683239626153,-53.65496903624896
226.69709544338835,-2.1151620219758858,21.866851173384855,-2.8539389105481616,-2.9429975872034437,-53.62931974403069
226.70412191058193,-2.1077245019199786,21.86996167260919,-2.8537283606610915,-2.9420277531648766,-53.603738540306665
226.71115137461598,-2.100291385293565,21.87306197058925,-2.8535178441354856,-2.9410588221176464,-53.57822531234512
226.71818383351743,-2.092862669026574,21.87615207694137,-2.8533073627199395,-2.9400907943326082,-53.55277994741407
226.72521928531322,-2.08543835004924,21.87923200128189,-2.853096918162911,-2.939123670080746,-53.527402332781975
226.73225772803065,-2.07801842529185,21.88230175322711,-2.852886512212721,-2.9381574496331706,-53.5020923557168
226.73929915969683,-2.0706028916849966,21.885361342393388,-2.8526761466175543,-2.937192133261115,-53.476849903486844
226.74634357833924,-2.0631917461593243,21.888410778397045,-2.8524658231254576,-2.93622772123594,-53.451674863360196
226.75339098198518,-2.0557849856457855,21.891450070854408,-2.8522555434843397,-2.9352642138291283,-53.42656712260514
226.76044136866233,-2.04838260707538,21.89447922938182,-2.852045309441977,-2.93430161131229,-53.401526568489764
226.7674947363983,-2.040984607379388,21.897498263595597,-2.85183512274601,-2.933339913957159,-53.376553088282414
226.77455108322084,-2.033590983489268,21.90050718311208,-2.8516249851439426,-2.9323791220355937,-53.35164656925131
226.7816104071578,-2.02620173233656,21.903505997547583,-2.8514148983831484,-2.9314192358195768,-53.326806898664415
226.78867270623712,-2.018816850853116,21.906494716518456,-2.8512048642108616,-2.930460255581211,-53.30203396379002
226.79573797848693,-2.0114363359708354,21.909473349641022,-2.8509948843741872,-2.9295021815927287,-53.27732765189636
226.80280622193524,-2.00406018462193,21.912441906531605,-2.8507849606200972,-2.928545014126481,-53.252687850251654
226.80987743461043,-1.9966883937386615,21.915400396806543,-2.8505750946954276,-2.927588753454941,-53.22811444612387
226.8169516145407,-1.9893209602535995,21.91834883008217,-2.8503652883468833,-2.926633399850708,-53.20360732678157
226.82402875975455,-1.98195788109937,21.921287215974807,-2.850155543321041,-2.925678953586503,-53.179166379492614
226.8311088682805,-1.9745991532088742,21.924215564100788,-2.8499458613643442,-2.924725414935168,-53.15479149152538
226.83819193814705,-1.9672447735151912,21.927133884076444,-2.849736244223106,-2.923772784169667,-53.13048255014794
226.84527796738305,-1.959894738951488,21.93004218551811,-2.849526693643507,-2.9228210615630856,-53.10623944262858
226.85236695401713,-1.9525490464512425,21.932940478042102,-2.8493172113716003,-2.9218702473886315,-53.08206205623541
226.85945889607825,-1.9452076929479825,21.93582877126477,-2.849107799153309,-2.9209203419196332,-53.05795027823662
226.86655379159535,-1.9378706753755477,21.93870707480243,-2.8488984587344257,-2.919971345429539,-53.03390399590061
226.87365163859747,-1.9305379906678302,21.94157539827141,-2.848689191860621,-2.919023258191922,-53.00992309649519
226.88075243511366,-1.9232096357590307,21.94443375128806,-2.8484800002774255,-2.918076080480468,-52.98600746728887
226.88785617917324,-1.9158856075834099,21.947282143468684,-2.8482708857302543,-2.9171298125689904,-52.96215699554956
226.89496286880544,-1.90856590307553,21.950120584429637,-2.8480618499643873,-2.916184454731418,-52.93837156854591
226.90207250203966,-1.9012505191700144,21.952949083787228,-2.8478528947249826,-2.915240007241802,-52.914651073545635
226.9091850769053,-1.8939394528017595,21.955767651157807,-2.8476440217570684,-2.914296470374309,-52.89099539781705
226.91630059143188,-1.8866327009058483,21.95857629615769,-2.847435232805549,-2.9133538444032285,-52.86740442862851
226.9234190436491,-1.8793302604174484,21.96137502840322,-2.847226529615203,-2.9124121296029672,-52.843878053248055
226.9305404315865,-1.8720321282720394,21.964163857510716,-2.8470179139306824,-2.91147132624805,-52.820416158944
226.937664753274,-1.8647383014051544,21.966942793096507,-2.8468093874965184,-2.9105314346131217,-52.797018632984376
226.9447920067413,-1.8574487767526384,21.969711844776935,-2.846600952057115,-2.9095924549729424,-52.773685362637366
226.95192219001842,-1.8501635512503898,21.97247102216832,-2.8463926093567524,-2.908654387602392,-52.750416235171386
226.95905530113524,-1.842882621834621,21.975220334887005,-2.8461843611395885,-2.9077172327764655,-52.727211137854376
226.9661913381219,-1.835605985441597,21.9779597925493,-2.8459762091496614,-2.906780990770281,-52.70406995795474
226.97333029900844,-1.8283336390078975,21.980689404771557,-2.8457681551308784,-2.905845661859064,-52.68099258274051
226.98047218182518,-1.8210655794701536,21.983409181170092,-2.8455602008270358,-2.904911246318165,-52.65797889947992
226.98761698460228,-1.8138018037652803,21.986119131361242,-2.8453523479817986,-2.903977744423047,-52.63502879544132
226.99476470537007,-1.806542308830374,21.98881926496133,-2.8451445983387202,-2.90304515644929,-52.61214215789249
227.00191534215904,-1.799287091602618,21.99150959158671,-2.8449369536412217,-2.9021134826725876,-52.589318874102005
227.00906889299952,-1.7920361490195116,21.99419012085368,-2.8447294156326146,-2.901182723368754,-52.56655883133795
227.01622535592222,-1.7847894780186078,21.996860862378586,-2.8445219860560877,-2.900252878813715,-52.54386191686847
227.02338472895758,-1.777547075537772,21.999521825777755,-2.844314666654707,-2.899323949283511,-52.52122801796176
227.03054701013636,-1.7703089385149238,22.002173020667524,-2.8441074591714233,-2.8983959350542996,-52.49865702188599
227.0377121974892,-1.7630750638883008,22.004814456664217,-2.843900365349066,-2.8974688364023504,-52.47614881590946
227.044880289047,-1.7558454485961914,22.007446143384175,-2.8436933869303487,-2.8965426536040466,-52.4537032873002
227.05205128284052,-1.74862008957717,22.010068090443706,-2.84348652565787,-2.895617386935891,-52.43132032332647
227.0592251769007,-1.7413989837699917,22.012680307459163,-2.843279783274104,-2.8946930366744934,-52.40899981125653
227.06640196925852,-1.734182128113502,22.01528280404687,-2.843073161521414,-2.8937696030965796,-52.38674163835865
227.0735816579449,-1.7269695195468604,22.017875589823152,-2.842866662142045,-2.892847086478989,-52.36454569190083
227.08076424099107,-1.7197611550092828,22.020458674404342,-2.842660286878127,-2.8919254870986735,-52.34241185915116
227.08794971642806,-1.7125570314402994,22.02303206740677,-2.842454037471672,-2.891004805232697,-52.32034002737817
227.09513808228715,-1.7053571457794943,22.025595778446775,-2.842247915664581,-2.890085041158236,-52.29833008384979
227.10232933659947,-1.6981614949667703,22.028149817140665,-2.8420419231986385,-2.8891661951525798,-52.27638191583431
227.10952347739644,-1.6909700759420832,22.030694193104797,-2.841836061815512,-2.888248267493127,-52.25449541059982
227.11672050270934,-1.6837828856457058,22.033228915955487,-2.8416303332567607,-2.8873312584573916,-52.23267045541475
227.1239204105696,-1.6765999210179672,22.03575399530907,-2.8414247392638265,-2.886415168322994,-52.210906937546945
227.13112319900873,-1.6694211789994777,22.03826944078187,-2.841219281578039,-2.885499997367669,-52.189204744264885
227.13832886605806,-1.6622466565310354,22.040775261990223,-2.8410139619406163,-2.8845857458692605,-52.16756376283659
227.14553740974935,-1.6550763505535282,22.043271468550465,-2.840808782092664,-2.8836724141057224,-52.14598388053038
227.15274882811406,-1.6479102580081573,22.04575807007891,-2.840603743775177,-2.882760002355121,-52.124464984614306
227.15996311918397,-1.6407483758361805,22.048235076191908,-2.840398848729036,-2.8818485108956295,-52.103006962356716
227.16718028099058,-1.6335907009791755,22.050702496505767,-2.840194098695015,-2.8809379400055324,-52.08160970102555
227.17440031156588,-1.626437230378773,22.05316034063684,-2.839989495413774,-2.880028289963221,-52.06027308788943
227.18162320894146,-1.61928796097692,22.055608618201443,-2.8397850406258676,-2.8791195610471982,-52.038997010216065
227.1888489711492,-1.6121428897156236,22.058047338815918,-2.8395807360717336,-2.878211753536074,-52.0177813552739
227.19607759622102,-1.605002013537205,22.060476512096578,-2.8393765834917097,-2.8773048677085686,-51.99662601033112
227.20330908218878,-1.597865329384042,22.062896147659764,-2.8391725846260165,-2.876398903843507,-51.97553086265587
227.2105434270845,-1.5907328341987983,22.065306255121815,-2.8389687412147717,-2.875493862219825,-51.95449579951635
227.21778062894006,-1.583604524924324,22.067706844099042,-2.838765054997986,-2.8745897431165646,-51.933520708180666
227.22502068578763,-1.5764803985035587,22.070097924207793,-2.8385615277155547,-2.873686546812874,-51.9126054759172
227.2322635956592,-1.56936045187976,22.07247950506439,-2.838358161107276,-2.8727842735880094,-51.89174998999406
227.2395093565869,-1.562244681996242,22.07485159628516,-2.8381549569128373,-2.871882923721335,-51.87095413767928
227.24675796660284,-1.5551330857966352,22.077214207486445,-2.837951916871818,-2.8709824974923186,-51.85021780624123
227.25400942373932,-1.5480256602246298,22.07956734828457,-2.8377490427236935,-2.8700829951805362,-51.82954088294809
227.2612637260284,-1.540922402224233,22.081911028295856,-2.8375463362078346,-2.869184417065668,-51.80892325506794
227.2685208715025,-1.5338233087395081,22.08424525713665,-2.837343799063504,-2.868286763427499,-51.78836480986922
227.27578085819374,-1.5267283767148039,22.08657004442327,-2.8371414330298665,-2.8673900345459233,-51.76786543461968
227.28304368413453,-1.519637603094661,22.088885399772042,-2.836939239845976,-2.866494230700936,-51.74742501658795
227.2903093473572,-1.512550984823703,22.091191332799312,-2.836737221250786,-2.8655993521726373,-51.72704344304192
227.29757784589412,-1.5054685188468788,22.093487853121403,-2.836535378983145,-2.8647053992412332,-51.70672060124994
227.30484917777775,-1.4983902021091895,22.09577497035464,-2.836333714781802,-2.8638123721870334,-51.68645637848009
227.3121233410405,-1.4913160315559586,22.098052694115363,-2.8361322303853975,-2.8629202712904496,-51.666250662000756
227.3194003337148,-1.4842460041325662,22.1003210340199,-2.835930927532477,-2.862029096831999,-51.64610333907992
227.3266801538332,-1.4771801167847083,22.102579999684583,-2.835729807961479,-2.8611388490923,-51.626014296985886
227.3339627994282,-1.4701183664581434,22.10482960072573,-2.8355288734107438,-2.860249528352077,-51.605983422986924
227.34124826853233,-1.4630607500989465,22.107069846759686,-2.83532812561851,-2.8593611348921524,-51.58601060435099
227.3485365591782,-1.4560072646532505,22.109300747402767,-2.8351275663229156,-2.858473668993456,-51.5660957283463
227.35582766939842,-1.4489579070674743,22.111522312271322,-2.8349271972619983,-2.857587130937013,-51.54623868224124
227.3631215972255,-1.4419126742882271,22.113734550981672,-2.8347270201736983,-2.856701521003958,-51.52643935330393
227.37041834069223,-1.4348715632622069,22.11593747315015,-2.8345270367958504,-2.8558168394755192,-51.50669762880249
227.37771789783113,-1.427834570936432,22.11813108839307,-2.8343272488662015,-2.8549330866330336,-51.487013396005146
227.38502026667504,-1.4208016942579795,22.12031540632678,-2.834127658122391,-2.854050262757933,-51.467386542180144
227.39232544525652,-1.4137729301742445,22.12249043656761,-2.833928266301961,-2.853168368131752,-51.44781695459553
