galstreams/tracks/track.st.Svol.ibata2021.ecsv
# %ECSV 1.0
# ---
# datatype:
# - {name: ra, unit: deg, datatype: float64}
# - {name: dec, unit: deg, datatype: float64}
# - {name: distance, unit: kpc, datatype: float64}
# - {name: pm_ra_cosdec, unit: mas / yr, datatype: float64}
# - {name: pm_dec, unit: mas / yr, datatype: float64}
# - {name: radial_velocity, unit: km / s, datatype: float64}
# delimiter: ','
# meta: !!omap
# - __serialized_columns__:
#     dec:
#       __class__: astropy.coordinates.angles.Latitude
#       unit: &id001 !astropy.units.Unit {unit: deg}
#       value: !astropy.table.SerializedColumn {name: dec}
#     distance:
#       __class__: astropy.coordinates.distances.Distance
#       unit: !astropy.units.Unit {unit: kpc}
#       value: !astropy.table.SerializedColumn {name: distance}
#     pm_dec:
#       __class__: astropy.units.quantity.Quantity
#       unit: !astropy.units.Unit {unit: mas / yr}
#       value: !astropy.table.SerializedColumn {name: pm_dec}
#     pm_ra_cosdec:
#       __class__: astropy.units.quantity.Quantity
#       unit: !astropy.units.Unit {unit: mas / yr}
#       value: !astropy.table.SerializedColumn {name: pm_ra_cosdec}
#     ra:
#       __class__: astropy.coordinates.angles.Longitude
#       unit: *id001
#       value: !astropy.table.SerializedColumn {name: ra}
#       wrap_angle: !astropy.coordinates.Angle
#         unit: *id001
#         value: 360.0
#     radial_velocity:
#       __class__: astropy.units.quantity.Quantity
#       unit: !astropy.units.Unit {unit: km / s}
#       value: !astropy.table.SerializedColumn {name: radial_velocity}
# schema: astropy-2.0
ra,dec,distance,pm_ra_cosdec,pm_dec,radial_velocity
[from data line 1000]
232.11838408784422,28.24175685862324,7.722273915008459,1.806543391690588,-4.694601517739141,-124.14950559837303
232.1295728497011,28.24041284689534,7.721265920664031,1.8076736286959887,-4.695564687446843,-124.1658537591439
232.14076078671428,28.239065922473305,7.7202582834010975,1.8088045171497336,-4.6965288862363295,-124.1818778177118
232.15194789864543,28.23771608759126,7.719251003194542,1.8099360561462294,-4.69749411336301,-124.19757809609317
232.163134185257,28.236363344483276,7.718244080019255,1.811068244780222,-4.698460368081929,-124.21295491630512
232.1743196463131,28.235007695383356,7.717237513850118,1.8122010821467915,-4.699427649647784,-124.22800860036405
232.1855042815784,28.23364914252544,7.716231304662019,1.8133345673413586,-4.700395957314903,-124.24273947028702
232.19668809081938,28.232287688143384,7.715225452429848,1.8144686994596704,-4.701365290337274,-124.25714784809064
232.2078710738033,28.230923334471015,7.714219957128485,1.8156034775978223,-4.702335647968521,-124.27123405579172
232.2190532302986,28.229556083742075,7.713214818732822,1.8167389008522419,-4.703307029461913,-124.28499841540702
232.23023456007493,28.228185938190247,7.71221003721774,1.8178749683196902,-4.704279434070364,-124.29844124895331
232.2414150629032,28.226812900049147,7.711205612558128,1.8190116790972688,-4.705252861046439,-124.31156287844733
232.2525947385553,28.225436971552316,7.710201544728875,1.820149032282412,-4.706227309642337,-124.32436362590579
232.26377358680443,28.224058154933264,7.7091978337048594,1.8212870269728967,-4.7072027791099185,-124.3368438133456
232.27495160742495,28.222676452425397,7.708194479460973,1.8224256622668282,-4.708179268700677,-124.34900376278333
232.28612880019216,28.221291866262085,7.707191481972104,1.8235649372626554,-4.709156777665753,-124.36084379623591
232.2973051648829,28.219904398676604,7.706188841213132,1.8247048510591557,-4.7101353052559425,-124.37236423571994
232.3084807012748,28.21851405190218,7.705186557158949,1.8258454027554487,-4.711114850721678,-124.38356540325242
232.31965540914695,28.21712082817197,7.704184629784438,1.8269865914509884,-4.712095413313049,-124.39444762084982
232.33082928827938,28.21572472971907,7.703183059064486,1.8281284162455658,-4.713076992279784,-124.40501121052912
232.34200233845334,28.214325758776507,7.70218184497398,1.8292708762393077,-4.714059586871259,-124.415256494307
232.3531745594513,28.21292391757724,7.701180987487805,1.8304139705326758,-4.715043196336502,-124.42518379420021
232.36434595105683,28.211519208354158,7.700180486580848,1.8315576982264707,-4.7160278199241885,-124.43479343222558
232.3755165130547,28.210111633340077,7.699180342227995,1.8327020584218263,-4.717013456882637,-124.44408573039976
232.38668624523086,28.208701194767766,7.698180554404132,1.8338470502202149,-4.718000106459824,-124.45306101073952
232.39785514737218,28.207287894869925,7.697181123084147,1.834992672723443,-4.718987767903358,-124.46171959526177
232.4090232192671,28.205871735879136,7.696182048242923,1.8361389250336542,-4.719976440460518,-124.47006180598316
232.4201904607049,28.204452720027987,7.695183329855347,1.8372858062533268,-4.720966123378213,-124.47808796492049
232.43135687147617,28.203030849548934,7.694184967896307,1.838433315485277,-4.721956815903013,-124.48579839409042
232.44252245137255,28.201606126674413,7.693186962340689,1.8395814518326556,-4.722948517281131,-124.49319341550981
232.45368720018695,28.200178553636764,7.692189313163378,1.8407302143989517,-4.723941226758436,-124.50027335119539
232.46485111771327,28.198748132668268,7.69119202033926,1.8418796022879864,-4.724934943580437,-124.50703852316396
232.4760142037467,28.19731486600112,7.690195083843223,1.8430296146039185,-4.725929666992302,-124.51348925343224
232.4871764580836,28.195878755867476,7.68919850365015,1.8441802504512461,-4.726925396238851,-124.519625864017
232.49833788052146,28.1944398044994,7.688202279734931,1.8453315089347968,-4.727922130564544,-124.52544867693499
232.50949847085872,28.192998014128897,7.687206412072448,1.8464833891597423,-4.7289198692135015,-124.530958014203
232.5206582288954,28.19155338698787,7.686210900637591,1.8476358902315786,-4.72991861142949,-124.53615419783775
232.53181715443233,28.1901059253082,7.685215745405246,1.8487890112561454,-4.7309183564559305,-124.54103754985607
232.54297524727156,28.188655631321662,7.684220946350297,1.8499427513396172,-4.731919103535895,-124.54560839227466
232.55413250721634,28.187202507259983,7.6832265034476315,1.851097109588504,-4.732920851912106,-124.54986704711034
232.56528893407113,28.185746555354807,7.682232416672133,1.852252085109653,-4.73392360082694,-124.55381383637976
232.57644452764137,28.184287777837703,7.681238685998693,1.8534076770102421,-4.73492734952242,-124.5574490820998
232.58759928773378,28.182826176940182,7.680245311402194,1.8545638843977879,-4.73593209724023,-124.56077310628719
232.5987532141563,28.181361754893675,7.679252292857522,1.855720706380145,-4.736937843221705,-124.56378623095864
232.6099063067177,28.17989451392954,7.678259630339566,1.8568781420655012,-4.737944586707823,-124.56648877813093
232.62105856522837,28.178424456279064,7.677267323823209,1.858036190562375,-4.7389523269392315,-124.56888106982086
232.63220998949956,28.176951584173445,7.676275373283341,1.8591948509796294,-4.73996106315622,-124.57096342804516
232.6433605793436,28.175475899843857,7.67528377869484,1.8603541224264577,-4.740970794598733,-124.57273617482063
232.6545103345742,28.173997405521334,7.674292540032605,1.8615140040123863,-4.741981520506371,-124.57419963216402
232.6656592550061,28.1725161034369,7.673301657271512,1.8626744948472849,-4.742993240118391,-124.57535412209202
232.67680734045513,28.171031995821473,7.672311130386451,1.8638355940413527,-4.7440059526736995,-124.57619996662147
232.68795459073834,28.1695450849059,7.671320959352306,1.864997300705123,-4.745019657410862,-124.57673748776908
232.69910100567398,28.168055372920957,7.670331144143966,1.866159613949468,-4.746034353568095,-124.57696700755169
232.7102465850814,28.166562862097347,7.669341684736316,1.8673225328855951,-4.747050040383272,-124.5768888479859
232.72139132878095,28.165067554665708,7.668352581104243,1.8684860566250467,-4.7480667170939235,-124.57650333108866
232.73253523659443,28.163569452856574,7.66736383322263,1.8696501842796962,-4.749084382937233,-124.57581077887664
232.74367830834456,28.162068558900433,7.666375441066368,1.8708149149617563,-4.75010303715004,-124.57481151336663
232.75482054385532,28.160564875027696,7.66538740461034,1.8719802477837748,-4.751122678968843,-124.57350585657531
232.76596194295172,28.159058403468688,7.664399723829433,1.8731461818586346,-4.752143307629792,-124.57189413051952
232.77710250546002,28.15754914645367,7.663412398698533,1.8743127162995514,-4.753164922368699,-124.569976657216
232.78824223120753,28.156037106212814,7.662425429192527,1.8754798502200796,-4.754187522421029,-124.5677537586816
232.7993811200228,28.154522284976224,7.661438815286298,1.876647582734104,-4.755211107021904,-124.56522575693302
232.8105191717355,28.15300468497393,7.660452556954739,1.8778159129558474,-4.7562356754061055,-124.56239297398686
232.8216563861764,28.1514843084359,7.6594666541727285,1.8789848399998719,-4.757261226808069,-124.55925573186009
232.83279276317748,28.149961157591974,7.65848110691516,1.8801543629810615,-4.758287760461891,-124.55581435256941
232.84392830257184,28.14843523467198,7.657495915156912,1.8813244810146488,-4.759315275601329,-124.55206915813159
232.8550630041937,28.14690654190563,7.656511078872876,1.8824951932161937,-4.760343771459791,-124.54802047056333
232.86619686787844,28.145375081522566,7.6555265980379374,1.8836664987015945,-4.761373247270346,-124.5436686118814
232.87732989346256,28.143840855752373,7.654542472626981,1.8848383965870796,-4.762403702265726,-124.53901390410266
232.88846208078374,28.14230386682453,7.653558702614896,1.8860108859892173,-4.7634351356783124,-124.53405666924381
232.89959342968072,28.140764116968448,7.652575287976564,1.8871839660249092,-4.764467546740162,-124.52879722932163
232.91072393999355,28.13922160841348,7.651592228686872,1.8883576358113912,-4.765500934682971,-124.52323590635281
232.92185361156325,28.137676343388872,7.6506095247207115,1.889531894466232,-4.766535298738111,-124.51737302235415
232.93298244423198,28.136128324123817,7.649627176052964,1.8907067411073395,-4.767570638136607,-124.5112088993425
232.94411043784328,28.13457755284739,7.648645182658516,1.891882174852948,-4.768606952109143,-124.50474385933448
232.95523759224156,28.133024031788633,7.6476635445122545,1.8930581948216343,-4.769644239886067,-124.49797822434694
232.96636390727247,28.131467763176484,7.646682261589065,1.8942348001323066,-4.770682500697383,-124.49091231639656
232.97748938278275,28.129908749239828,7.645701333863834,1.895411989904208,-4.771721733772761,-124.48354645750027
232.9886140186204,28.128346992207426,7.64472076131145,1.896589763256916,-4.772761938341525,-124.47588096967466
232.99973781463453,28.126782494307992,7.643740543906797,1.8977681193103424,-4.773803113632671,-124.4679161749365
233.01086077067518,28.12521525777016,7.642760681624762,1.8989470571847327,-4.774845258874846,-124.45965239530265
233.02198288659378,28.12364528482248,7.6417811744402275,1.900126576000668,-4.7758883732963655,-124.45108995278984
233.03310416224275,28.122072577693423,7.640802022328086,1.9013066748790637,-4.776932456125201,-124.44222916941479
233.04422459747582,28.120497138611352,7.639823225263219,1.9024873529411668,-4.777977506588993,-124.43307036719433
233.05534419214766,28.1189189698046,7.638844783220515,1.9036686093085593,-4.77902352391504,-124.42361386814517
233.06646294611417,28.117338073501383,7.637866696174859,1.9048504431031617,-4.780070507330302,-124.41385999428408
233.07758085923246,28.11575445192984,7.636888964101137,1.9060328534472242,-4.7811184560614075,-124.40380906762766
233.08869793136049,28.114168107318047,7.635911586974235,1.9072158394633312,-4.782167369334644,-124.393461410193
233.0998141623577,28.112579041893984,7.6349345647690425,1.9083994002744042,-4.783217246375961,-124.3828173439967
233.11092955208449,28.11098725788555,7.6339578974604425,1.9095835350036952,-4.784268086410976,-124.37187719105546
233.12204410040243,28.10939275752057,7.632981585023321,1.9107682427747923,-4.785319888664969,-124.3606412733861
233.1331578071742,28.10779554302677,7.632005627432565,1.9119535227116182,-4.786372652362882,-124.34910991300535
233.14427067226356,28.10619561663184,7.631030024663062,1.913139373938428,-4.7874263767293215,-124.33728343193002
233.15538269553556,28.10459298056331,7.630054776689696,1.9143257955798065,-4.788481060988561,-124.32516215217687
233.16649387685638,28.102987637048688,7.629079883487355,1.9155127867606818,-4.789536704364541,-124.31274639576262
233.17760421609304,28.101379588315385,7.628105345030924,1.9167003466063068,-4.790593306080856,-124.30003648470407
233.18871371311408,28.099768836590723,7.6271311612952895,1.9178884742422748,-4.791650865360782,-124.28703274101794
233.19982236778887,28.09815538410195,7.626157332255339,1.9190771687945087,-4.792709381427247,-124.27373548672108
233.21093017998817,28.096539233076218,7.625183857885957,1.9202664293892673,-4.793768853502851,-124.26014504383005
233.2220371495836,28.094920385740615,7.624210738162028,1.9214562551531413,-4.794829280809857,-124.24626173436181
233.23314327644803,28.093298844322113,7.623237973058444,1.9226466452130562,-4.795890662570198,-124.23208588033314
233.24424856045556,28.09167461104765,7.622265562550085,1.9238375986962721,-4.7969529980054695,-124.21761780376063
233.25535300148135,28.090047688144015,7.62129350661184,1.9250291147303766,-4.7980162863369396,-124.20285782666117
233.26645659940166,28.088418077837964,7.620321805218597,1.9262211924432988,-4.799080526785537,-124.18780627105144
233.27755935409382,28.086785782356152,7.619350458345238,1.9274138309632962,-4.800145718571859,-124.17246345894827
233.28866126543645,28.085150803925146,7.618379465966655,1.9286070294189608,-4.801211860916172,-124.15682971236843
233.29976233330916,28.083513144771423,7.617408828057727,1.92980078693922,-4.802278953038412,-124.14090535332855
233.31086255759274,28.081872807121396,7.616438544593344,1.9309951026533305,-4.803346994158176,-124.12469070384559
233.32196193816912,28.080229793201383,7.615468615548392,1.9321899756908851,-4.804415983494739,-124.1081860859362
233.33306047492138,28.078584105237592,7.61449904089776,1.9333854051818093,-4.805485920267031,-124.09139182161702
233.34415816773358,28.07693574545618,7.61352982061633,1.9345813902563607,-4.806556803693666,-124.07430823290507
233.35525501649107,28.07528471608321,7.6125609546789885,1.935777930045136,-4.807628632992915,-124.05693564181689
233.36635102108033,28.073631019344635,7.611592443060623,1.9369750236790533,-4.808701407382725,-124.03927437036938
233.37744618138882,28.071974657466352,7.61062428573612,1.9381726702893696,-4.80977512608071,-124.02132474057929
233.38854049730529,28.07031563267414,7.609656482680367,1.9393708690076794,-4.8108497883041474,-124.00308707446334
233.39963396871948,28.068653947193734,7.608689033868245,1.9405696189659052,-4.811925393269998,-123.98456169403823
233.41072659552233,28.066989603250743,7.607721939274647,1.9417689192963032,-4.813001940194881,-123.96574892132084
233.42181837760583,28.065322603070708,7.6067551988744535,1.9429687691314625,-4.8140794282950905,-123.9466490783279
233.43290931486328,28.063652948879078,7.605788812642553,1.9441691676043065,-4.815157856786589,-123.92726248707609
233.4439994071888,28.06198064290121,7.604822780553833,1.9453701138480877,-4.816237224885013,-123.90758946958225
233.4550886544779,28.060305687362394,7.603857102583178,1.9465716069963983,-4.817317531805669,-123.88763034786312
233.46617705662712,28.05862808448779,7.602891778705476,1.9477736461831516,-4.818398776763529,-123.86738544393552
233.4772646135341,28.056947836502502,7.601926808895609,1.9489762305426042,-4.819480958973249,-123.84685507981608
233.48835132509757,28.055264945631546,7.600962193128468,1.9501793592093413,-4.820564077649141,-123.82603957752173
233.49943719121762,28.053579414099836,7.599997931378937,1.9513830313182814,-4.821648132005204,-123.804939259069
233.51052221179498,28.051891244132207,7.599034023621902,1.9525872460046734,-4.822733121255097,-123.78355444647495
233.52160638673206,28.050200437953407,7.5980704698322485,1.953792002404103,-4.823819044612161,-123.76188546175604
233.53268971593192,28.048506997788074,7.597107269984867,1.9549972996524818,-4.824905901289398,-123.73993262692929
233.54377219929904,28.04681092586078,7.596144424054639,1.9562031368860602,-4.825993690499497,-123.7176962640113
233.5548538367389,28.045112224395993,7.595181932016451,1.9574095132414169,-4.8270824114548105,-123.6951766950188
233.56593462815806,28.043410895618123,7.594219793845192,1.9586164278554674,-4.828172063367367,-123.67237424196873
233.57701457346437,28.04170694175142,7.593258009515746,1.9598238798654513,-4.829262645448869,-123.6492892268777
233.58809367256666,28.04000036502012,7.5922965790029995,1.9610318684089452,-4.830354156910693,-123.62592197176252
233.59917192537483,28.038291167648318,7.59133550228184,1.9622403926238619,-4.831446596963888,-123.60227279863993
233.61024933180002,28.036579351860038,7.590374779327153,1.9634494516484389,-4.832539964819179,-123.57834202952677
233.6213258917544,28.03486491987922,7.589414410113823,1.9646590446212504,-4.833634259686965,-123.55412998643968
233.63240160515133,28.03314787392971,7.588454394616737,1.9658691706812008,-4.834729480777319,-123.52963699139549
233.6434764719052,28.031428216235234,7.587494732810783,1.9670798289675269,-4.8358256272999895,-123.50486336641103
233.65455049193164,28.02970594901947,7.5865354246708465,1.9682910186197982,-4.8369226984644005,-123.47980943350282
233.6656236651472,28.027981074505973,7.585576470171814,1.9695027387779127,-4.838020693479652,-123.45447551468797
