galstreams/tracks/track.st.Vid.ibata2021.ecsv
# %ECSV 0.9
# ---
# datatype:
# - {name: ra, unit: deg, datatype: float64}
# - {name: dec, unit: deg, datatype: float64}
# - {name: distance, unit: kpc, datatype: float64}
# - {name: pm_ra_cosdec, unit: mas / yr, datatype: float64}
# - {name: pm_dec, unit: mas / yr, datatype: float64}
# - {name: radial_velocity, unit: km / s, datatype: float64}
# delimiter: ','
# meta: !!omap
# - __serialized_columns__:
#     dec:
#       __class__: astropy.coordinates.angles.Latitude
#       unit: &id001 !astropy.units.Unit {unit: deg}
#       value: !astropy.table.SerializedColumn {name: dec}
#     distance:
#       __class__: astropy.coordinates.distances.Distance
#       unit: !astropy.units.Unit {unit: kpc}
#       value: !astropy.table.SerializedColumn {name: distance}
#     pm_dec:
#       __class__: astropy.units.quantity.Quantity
#       unit: !astropy.units.Unit {unit: mas / yr}
#       value: !astropy.table.SerializedColumn {name: pm_dec}
#     pm_ra_cosdec:
#       __class__: astropy.units.quantity.Quantity
#       unit: !astropy.units.Unit {unit: mas / yr}
#       value: !astropy.table.SerializedColumn {name: pm_ra_cosdec}
#     ra:
#       __class__: astropy.coordinates.angles.Longitude
#       unit: *id001
#       value: !astropy.table.SerializedColumn {name: ra}
#       wrap_angle: !astropy.coordinates.Angle
#         unit: *id001
#         value: 360.0
#     radial_velocity:
#       __class__: astropy.units.quantity.Quantity
#       unit: !astropy.units.Unit {unit: km / s}
#       value: !astropy.table.SerializedColumn {name: radial_velocity}
# schema: astropy-2.0
ra,dec,distance,pm_ra_cosdec,pm_dec,radial_velocity
[from data line 793]
24.778205884280474,-29.68495372207361,24.27929765626148,-0.0958508319089531,-0.7233062316042129,-1.2631150694808506e-14
24.787536848897304,-29.690795815250354,24.282674383220527,-0.09567128960192407,-0.7231615966743263,-1.6841534259744676e-14
24.79686855119185,-29.696637669166513,24.286050623704437,-0.09549160412087658,-0.7230174781271653,-1.2631150694808506e-14
24.806200994202808,-29.702479280413662,24.289426337071784,-0.09531177467801026,-0.7228738756603991,-4.210383564936169e-15
24.815534180968125,-29.708320645582475,24.292801482681163,-0.09513180048555545,-0.722730788971432,-4.210383564936169e-15
24.8248681145254,-29.714161761262925,24.296176019891146,-0.09495168075577175,-0.7225882177574033,-2.1051917824680846e-14
24.834202797911594,-29.720002624044152,24.299549908060317,-0.09477141470094927,-0.7224461617151869,-4.210383564936169e-15
24.84353823416307,-29.725843230514435,24.302923106547258,-0.0945910015334086,-0.722304620541391,-1.2631150694808506e-14
24.85287442631584,-29.731683577261396,24.306295574710543,-0.09441044046549886,-0.7221635939323576,-1.2631150694808506e-14
24.862211377405163,-29.73752366087173,24.309667271908772,-0.09422973070960108,-0.7220230815841626,-1.2631150694808506e-14
24.871549090465983,-29.743363477931446,24.313038157500504,-0.09404887147812428,-0.7218830831926168,-8.420767129872338e-15
24.880887568532465,-29.74920302502564,24.31640819084434,-0.09386786198350941,-0.7217435984532629,-1.2631150694808506e-14
24.89022681463846,-29.755042298738747,24.31977733129884,-0.0936867014382257,-0.7216046270613784,-2.1051917824680846e-14
24.899566831817122,-29.760881295654297,24.323145538222608,-0.09350538905477343,-0.7214661687119726,-1.2631150694808506e-14
24.90890762310105,-29.766720012355023,24.32651277097421,-0.0933239240456829,-0.7213282230997888,-1.6841534259744676e-14
24.918249191522452,-29.772558445422973,24.329878988912235,-0.09314230562351376,-0.7211907899193029,-1.6841534259744676e-14
24.927591540112815,-29.778396591439243,24.333244151395256,-0.09296053300085612,-0.7210538688647224,-2.5262301389617013e-14
24.936934671903245,-29.7842344469843,24.336608217781862,-0.09277860539032969,-0.720917459629989,-1.6841534259744676e-14
24.946278589924116,-29.790072008637633,24.33997114743064,-0.092596522004585,-0.7207815619087745,-1.6841534259744676e-14
24.95562329720546,-29.795909272978093,24.34333289970015,-0.09241428205630141,-0.7206461753944842,-1.6841534259744676e-14
24.964968796776592,-29.80174623658364,24.346693433948996,-0.09223188475818885,-0.7205112997802546,-1.6841534259744676e-14
24.974315091666302,-29.80758289603141,24.350052709535746,-0.09204932932298801,-0.7203769347589535,-3.368306851948935e-14
24.983662184902958,-29.81341924789787,24.35341068581899,-0.09186661496346775,-0.7202430800231805,-1.6841534259744676e-14
24.993010079514175,-29.81925528875851,24.356767322157307,-0.09168374089242896,-0.7201097352652659,-2.1051917824680846e-14
25.002358778527235,-29.82509101518821,24.36012257790927,-0.09150070632270067,-0.7199769001772715,-1.2631150694808506e-14
25.011708284968645,-29.830926423760864,24.363476412433464,-0.09131751046714362,-0.7198445744509897,-8.420767129872338e-15
25.021058601864585,-29.836761511049733,24.36682878508848,-0.09113415253864665,-0.7197127577779429,-1.2631150694808506e-14
25.03040973224047,-29.84259627362715,24.370179655232896,-0.09095063175013046,-0.7195814498493843,-1.2631150694808506e-14
25.039761679121234,-29.848430708064676,24.373528982225285,-0.09076694731454465,-0.7194506503562975,-2.947268495455318e-14
25.049114445531362,-29.85426481093317,24.376876725424232,-0.09058309844486877,-0.7193203589893955,-1.2631150694808506e-14
25.05846803449457,-29.86009857880251,24.38022284418832,-0.09039908435411333,-0.7191905754391215,-1.6841534259744676e-14
25.067822449034228,-29.86593200824196,24.38356729787613,-0.09021490425531739,-0.7190612993956476,-1.6841534259744676e-14
25.077177692172963,-29.871765095819814,24.386910045846246,-0.09003055736155123,-0.7189325305488758,-4.210383564936169e-15
25.086533766933012,-29.877597838103704,24.390251047457244,-0.0898460428859145,-0.7188042685884373,-1.6841534259744676e-14
25.095890676335905,-29.88343023166038,24.39359026206772,-0.08966136004153707,-0.7186765132036912,-2.1051917824680846e-14
25.105248423402628,-29.88926227305576,24.39692764903623,-0.08947650804157922,-0.718549264083727,-8.420767129872338e-15
25.114607011153723,-29.89509395885506,24.400263167721377,-0.08929148609923002,-0.7184225209173608,-2.947268495455318e-14
25.123966442608985,-29.90092528562259,24.403596777481724,-0.08910629342771,-0.7182962833931389,-8.420767129872338e-15
25.133326720787835,-29.906756249921944,24.406928437675877,-0.0889209292402685,-0.7181705511993338,-2.1051917824680846e-14
25.14268784870893,-29.912586848315822,24.410258107662393,-0.0887353927501859,-0.7180453240239473,-2.1051917824680846e-14
25.15204982939056,-29.918417077366215,24.413585746799868,-0.08854968317077146,-0.7179206015547078,-1.2631150694808506e-14
25.161412665850282,-29.92424693363423,24.416911314446878,-0.08836379971536552,-0.7177963834790724,-1.2631150694808506e-14
25.170776361105105,-29.930076413680165,24.420234769962,-0.08817774159733834,-0.7176726694842246,-1.6841534259744676e-14
25.18014091817159,-29.935905514063606,24.42355607270383,-0.08799150803008912,-0.7175494592570743,-1.2631150694808506e-14
25.189506340065517,-29.941734231343204,24.426875182030933,-0.08780509822704871,-0.7174267524842599,-8.420767129872338e-15
25.198872629802356,-29.947562562076936,24.4301920573019,-0.08761851140167631,-0.7173045488521448,-1.2631150694808506e-14
25.208239790396725,-29.953390502821836,24.43350665787531,-0.0874317467674628,-0.7171828480468201,-2.1051917824680846e-14
25.217607824862917,-29.959218050134275,24.436818943109742,-0.08724480353792759,-0.7170616497541026,-1.6841534259744676e-14
25.226976736214464,-29.9650452005697,24.440128872363786,-0.08705768092662106,-0.7169409536595341,-8.420767129872338e-15
25.236346527464335,-29.970871950682756,24.44343640499601,-0.08687037814712406,-0.716820759448384,-2.1051917824680846e-14
25.24571720162508,-29.976698297027404,24.446741500365007,-0.08668289441304602,-0.7167010668056457,-1.2631150694808506e-14
25.255088761708446,-29.98252423615661,24.45004411782935,-0.08649522893802808,-0.7165818754160389,-2.1051917824680846e-14
25.264461210725816,-29.988349764622722,24.453344216747627,-0.08630738093573975,-0.7164631849640081,-8.420767129872338e-15
25.27383455168778,-29.994174878977088,24.45664175647842,-0.08611934961988252,-0.7163449951337225,-1.2631150694808506e-14
25.28320878760456,-29.999999575770445,24.459936696380304,-0.08593113420418606,-0.7162273056090763,-2.1051917824680846e-14
25.29258392148563,-30.00582385155257,24.463228995811857,-0.08574273390241137,-0.7161101160736882,-8.420767129872338e-15
25.301959956339868,-30.011647702872434,24.466518614131676,-0.0855541479283497,-0.7159934262109009,-2.947268495455318e-14
25.311336895175735,-30.017471126278334,24.469805510698322,-0.08536537549582125,-0.7158772357037819,-1.6841534259744676e-14
25.320714741000895,-30.023294118317583,24.4730896448704,-0.08517641581867745,-0.7157615442351212,-2.5262301389617013e-14
25.330093496822638,-30.029116675536837,24.47637097600647,-0.08498726811079885,-0.7156463514874338,-2.5262301389617013e-14
25.339473165647437,-30.034938794481803,24.479649463465122,-0.08479793158609727,-0.715531657142957,-1.6841534259744676e-14
25.34885375048139,-30.040760471697496,24.482925066604945,-0.0846084054585133,-0.7154174608836521,-1.2631150694808506e-14
25.358235254329852,-30.046581703728048,24.486197744784505,-0.08441868894201877,-0.7153037623912033,-4.210383564936169e-15
25.367617680197583,-30.052402487116755,24.489467457362394,-0.08422878125061568,-0.7151905613470171,-1.2631150694808506e-14
25.37700103108891,-30.0582228184062,24.492734163697197,-0.08403868159833483,-0.7150778574322226,-8.420767129872338e-15
25.386385310007338,-30.064042694138035,24.49599782314748,-0.08384838919923918,-0.7149656503276718,-1.2631150694808506e-14
25.395770519956002,-30.06986211085323,24.499258395071834,-0.08365790326741986,-0.7148539397139384,-4.210383564936169e-15
25.405156663937213,-30.075681065091782,24.50251583882884,-0.08346722301699991,-0.7147427252713177,-8.420767129872338e-15
25.414543744952915,-30.081499553393048,24.50577011377709,-0.08327634766213064,-0.7146320066798273,-8.420767129872338e-15
25.423931766004284,-30.08731757229543,24.509021179275145,-0.08308527641699545,-0.714521783619206,-2.1051917824680846e-14
25.433320730091893,-30.093135118336555,24.512268994681595,-0.08289400849580747,-0.7144120557689133,-1.2631150694808506e-14
25.442710640215864,-30.098952188053307,24.51551351935502,-0.08270254311280847,-0.7143028228081305,-8.420767129872338e-15
25.452101499375527,-30.104768777981622,24.518754712654015,-0.08251087948227297,-0.714194084415759,-1.2631150694808506e-14
25.461493310569793,-30.110584884656774,24.521992533937137,-0.0823190168185032,-0.7140858402704219,-1.2631150694808506e-14
25.470886076796774,-30.116400504613065,24.52522694256299,-0.08212695433583407,-0.7139780900504605,-8.420767129872338e-15
25.48027980105419,-30.122215634384126,24.528457897890146,-0.0819346912486281,-0.713870833433939,-2.1051917824680846e-14
25.48967448633897,-30.12803027050267,24.53168535927718,-0.08174222677128032,-0.7137640700986394,-1.2631150694808506e-14
25.499070135647464,-30.1338444095006,24.534909286082687,-0.08154956011821526,-0.7136577997220636,-8.420767129872338e-15
25.508466751975536,-30.13965804790908,24.53812963766523,-0.08135669050388707,-0.7135520219814345,-1.6841534259744676e-14
25.51786433831828,-30.145471182258348,24.541346373383412,-0.08116361714278118,-0.7134467365536918,-2.1051917824680846e-14
25.527262897670337,-30.151283809077945,24.5445594525958,-0.08097033924941237,-0.7133419431154964,-2.1051917824680846e-14
25.536662433025537,-30.157095924896456,24.547768834660975,-0.08077685603832664,-0.7132376413432269,-2.1051917824680846e-14
25.546062947377344,-30.1629075262418,24.550974478937526,-0.08058316672409956,-0.7131338309129804,-1.2631150694808506e-14
25.555464443718332,-30.168718609640916,24.55417634478403,-0.08038927052133767,-0.7130305115005726,-1.6841534259744676e-14
25.564866925040725,-30.17452917162008,24.55737439155907,-0.08019516664467698,-0.7129276827815375,-4.210383564936169e-15
25.574270394335937,-30.18033920870463,24.560568578621226,-0.08000085430878483,-0.7128253444311266,-1.2631150694808506e-14
25.583674854594772,-30.18614871741911,24.563758865329085,-0.07980633272835844,-0.7127234961243091,-4.210383564936169e-15
25.59308030880759,-30.19195769428731,24.56694521104122,-0.0796116011181251,-0.7126221375357716,-2.1051917824680846e-14
25.602486759963888,-30.1977661358321,24.57012757511621,-0.07941665869284345,-0.7125212683399185,-1.2631150694808506e-14
25.61189421105277,-30.203574038575645,24.573305916912652,-0.07922150466730114,-0.7124208882108701,-1.6841534259744676e-14
25.621302665062558,-30.209381399039184,24.57648019578911,-0.07902613825631738,-0.7123209968224644,-1.2631150694808506e-14
25.630712124980942,-30.21518821374315,24.57965037110417,-0.07883055867474173,-0.712221593848255,-1.2631150694808506e-14
25.640122593795148,-30.220994479207224,24.582816402216427,-0.07863476513745288,-0.7121226789615126,-2.1051917824680846e-14
25.649534074491562,-30.226800191950172,24.585978248484448,-0.07843875685936236,-0.7120242518352236,-1.2631150694808506e-14
25.658946570056152,-30.23260534849004,24.589135869266816,-0.07824253305540943,-0.71192631214209,-2.5262301389617013e-14
25.66836008347406,-30.23840994534395,24.592289223922112,-0.07804609294056616,-0.7118288595545303,-2.1051917824680846e-14
25.677774617729973,-30.244213979028284,24.59543827180893,-0.07784943572983316,-0.7117318937446769,-1.2631150694808506e-14
25.687190175807785,-30.250017446058525,24.598582972285826,-0.07765256063824338,-0.7116354143843788,-1.6841534259744676e-14
25.696606760690923,-30.25582034294941,24.601723284711408,-0.07745546688085872,-0.7115394211451983,-2.5262301389617013e-14
25.70602437536204,-30.261622666214798,24.604859168444243,-0.07725815367277261,-0.7114439136984142,-8.420767129872338e-15
25.715443022803157,-30.2674244123677,24.607990582842913,-0.07706062022910887,-0.7113488917150184,-2.1051917824680846e-14
25.724862705995807,-30.273225577920396,24.611117487266,-0.07686286576502127,-0.7112543548657174,-1.2631150694808506e-14
25.73428342792069,-30.279026159384234,24.614239841072095,-0.07666488949569522,-0.7111603028209313,-2.5262301389617013e-14
25.743705191558057,-30.284826153269847,24.617357603619762,-0.07646669063634531,-0.7110667352507952,-8.420767129872338e-15
25.753127999887358,-30.290625556086937,24.6204707342676,-0.07626826840221809,-0.710973651825156,-2.5262301389617013e-14
25.76255185588743,-30.296424364344414,24.62357919237418,-0.07606962200859035,-0.7108810522135749,-4.210383564936169e-15
25.77197676253661,-30.302222574550417,24.62668293729808,-0.07587075067076887,-0.7107889360853261,-8.420767129872338e-15
25.781402722812373,-30.30802018321216,24.629781928397897,-0.07567165360409184,-0.7106973031093959,-1.2631150694808506e-14
25.790829739691755,-30.313817186836147,24.632876125032194,-0.07547233002392778,-0.710606152954484,-2.5262301389617013e-14
25.80025781615097,-30.31961358192793,24.635965486559563,-0.07527277914567618,-0.710515485289002,-1.6841534259744676e-14
25.809686955165756,-30.325409364992343,24.63904997233858,-0.07507300018476654,-0.710425299781074,-1.6841534259744676e-14
25.81911715971099,-30.33120453253331,24.642129541727833,-0.0748729923566602,-0.7103355960985347,-4.210383564936169e-15
25.82854843276116,-30.336999081053992,24.6452041540859,-0.07467275487684794,-0.7102463739089322,-1.2631150694808506e-14
25.83798077728987,-30.34279300705666,24.648273768771368,-0.07447228696085237,-0.7101576328795243,-1.6841534259744676e-14
25.847414196270158,-30.34858630704278,24.6513383451428,-0.07427158782422674,-0.7100693726772814,-1.6841534259744676e-14
25.856848692674454,-30.354378977513015,24.654397842558797,-0.07407065668255439,-0.7099815929688837,-8.420767129872338e-15
25.866284269474473,-30.360171014967158,24.657452220377937,-0.07386949275144991,-0.7098942934207226,-8.420767129872338e-15
25.875720929641304,-30.365962415904203,24.660501437958786,-0.07366809524655915,-0.7098074736989001,-1.2631150694808506e-14
25.885158676145345,-30.37175317682229,24.663545454659946,-0.07346646338355803,-0.7097211334692275,-8.420767129872338e-15
25.894597511956388,-30.377543294218743,24.666584229839987,-0.07326459637815383,-0.709635272397227,-1.2631150694808506e-14
25.90403744004351,-30.383332764590055,24.6696177228575,-0.07306249344608448,-0.7095498901481301,0.0
25.91347846337516,-30.38912158443187,24.67264589307105,-0.07286015380311914,-0.7094649863868774,-1.2631150694808506e-14
25.922920584919108,-30.394909750239016,24.675668699839235,-0.07265757666505734,-0.7093805607781196,-2.5262301389617013e-14
25.932363807642485,-30.4006972585055,24.67868610252062,-0.07245476124773007,-0.7092966129862157,-1.2631150694808506e-14
25.941808134511717,-30.40648410572447,24.681698060473806,-0.07225170676699921,-0.7092131426752335,-8.420767129872338e-15
25.9512535684926,-30.412270288388243,24.684704533057356,-0.07204841243875737,-0.7091301495089497,-1.6841534259744676e-14
25.960700112550235,-30.418055802988327,24.687705479629866,-0.07184487747892854,-0.7090476331508484,-2.947268495455318e-14
25.97014776964908,-30.42384064601538,24.6907008595499,-0.07164110110346736,-0.7089655932641232,-1.6841534259744676e-14
25.9795965427529,-30.429624813959233,24.693690632176057,-0.07143708252835954,-0.7088840295116737,-8.420767129872338e-15
25.989046434824797,-30.435408303308858,24.696674756866905,-0.07123282096962225,-0.7088029415561081,-1.6841534259744676e-14
25.998497448827198,-30.441191110552435,24.69965319298104,-0.07102831564330334,-0.7087223290597416,-1.2631150694808506e-14
