galstreams/tracks/track.st.Sylgr.ibata2021.ecsv
# %ECSV 0.9
# ---
# datatype:
# - {name: ra, unit: deg, datatype: float64}
# - {name: dec, unit: deg, datatype: float64}
# - {name: distance, unit: kpc, datatype: float64}
# - {name: pm_ra_cosdec, unit: mas / yr, datatype: float64}
# - {name: pm_dec, unit: mas / yr, datatype: float64}
# - {name: radial_velocity, unit: km / s, datatype: float64}
# delimiter: ','
# meta: !!omap
# - __serialized_columns__:
#     dec:
#       __class__: astropy.coordinates.angles.Latitude
#       unit: &id001 !astropy.units.Unit {unit: deg}
#       value: !astropy.table.SerializedColumn {name: dec}
#     distance:
#       __class__: astropy.coordinates.distances.Distance
#       unit: !astropy.units.Unit {unit: kpc}
#       value: !astropy.table.SerializedColumn {name: distance}
#     pm_dec:
#       __class__: astropy.units.quantity.Quantity
#       unit: !astropy.units.Unit {unit: mas / yr}
#       value: !astropy.table.SerializedColumn {name: pm_dec}
#     pm_ra_cosdec:
#       __class__: astropy.units.quantity.Quantity
#       unit: !astropy.units.Unit {unit: mas / yr}
#       value: !astropy.table.SerializedColumn {name: pm_ra_cosdec}
#     ra:
#       __class__: astropy.coordinates.angles.Longitude
#       unit: *id001
#       value: !astropy.table.SerializedColumn {name: ra}
#       wrap_angle: !astropy.coordinates.Angle
#         unit: *id001
#         value: 360.0
#     radial_velocity:
#       __class__: astropy.units.quantity.Quantity
#       unit: !astropy.units.Unit {unit: km / s}
#       value: !astropy.table.SerializedColumn {name: radial_velocity}
# schema: astropy-2.0
ra,dec,distance,pm_ra_cosdec,pm_dec,radial_velocity
[from data line 1222]
175.50354654241997,-4.08110242987647,3.272633614919242,-16.537319782194402,-15.63375087037955,1.2631150694808506e-14
175.51258158338112,-4.076515499015857,3.273469500671814,-16.53154704386996,-15.62745473741593,6.73661370389787e-14
175.5216176442159,-4.071930774932576,3.2743062898939432,-16.525775021944497,-15.621158923610741,5.4734986344170195e-14
175.5306547246311,-4.067348256746429,3.2751439842766237,-16.520003713481834,-15.614863427852937,3.368306851948935e-14
175.53969282433368,-4.062767943577239,3.275982585510851,-16.514233115545686,-15.608568249031466,4.210383564936169e-15
175.54873194303025,-4.058189834544996,3.276822095287618,-16.50846322519967,-15.602273386035316,9.052324664612763e-14
175.55777208042736,-4.0536139287697575,3.2776625152979215,-16.502694039507247,-15.595978837753478,8.21024795162553e-14
175.56681323623135,-4.049040225371701,3.278503847232754,-16.49692555553184,-15.589684603075,2.7367493172085098e-14
175.57585541014856,-4.04446872347102,3.2793460927831095,-16.491157770336685,-15.583390680888906,7.999728773378721e-14
175.5848986018851,-4.0398994221880775,3.280189253639984,-16.485390680984942,-15.577097070084267,8.21024795162553e-14
175.59394281114692,-4.035332320643328,3.281033331494372,-16.479624284539664,-15.570803769550176,4.631421921429786e-14
175.60298803763993,-4.0307674179572475,3.281878328037267,-16.473858578063773,-15.564510778175734,1.894672604221276e-14
175.6120342810698,-4.026204713250476,3.282724244959664,-16.46809355862009,-15.558218094850067,6.73661370389787e-14
175.62108154114216,-4.021644205643725,3.283571083952557,-16.462329223271333,-15.551925718462343,5.2629794561702114e-14
175.63012981756236,-4.01708589425782,3.2844188467069406,-16.456565569080084,-15.545633647901722,3.9998643866893604e-14
175.63917911003583,-4.012529778213608,3.2852675349138103,-16.450802593108833,-15.539341882057403,6.315575347404254e-14
175.64822941826768,-4.007975856632104,3.286117150264158,-16.445040292419947,-15.533050419818606,4.210383564936169e-15
175.65728074196295,-4.003424128634389,3.2869676944489807,-16.43927866407569,-15.526759260074575,8.420767129872338e-15
175.6663330808265,-3.9988745933416636,3.2878191691592717,-16.433517705138215,-15.520468401714563,1.0525958912340423e-14
175.67538643456314,-3.9943272498751425,3.288671576086027,-16.42775741266955,-15.51417784362785,6.73661370389787e-14
175.68444080287753,-3.989782097356218,3.289524916920237,-16.42199778373162,-15.50788758470377,1.2631150694808506e-14
175.6934961854741,-3.985239134906338,3.290379193352902,-16.416238815386244,-15.501597623831623,6.526094525651062e-14
175.70255258205717,-3.980698361647076,3.2912344070750117,-16.410480504695123,-15.49530795990078,7.789209595131913e-14
175.71160999233103,-3.976159776700022,3.2920905597775634,-16.404722848719846,-15.489018591800606,9.262843842859572e-14
175.72066841599977,-3.9716233791869353,3.292947653151548,-16.39896584452191,-15.48272951842053,9.052324664612763e-14
175.7297278527673,-3.9670891682296374,3.2938056888879643,-16.39320948916264,-15.476440738649938,2.7367493172085098e-14
175.73878830233735,-3.962557142950075,3.2946646686778047,-16.38745377970335,-15.470152251378297,2.315710960714893e-14
175.7478497644137,-3.958027302470209,3.2955245942120617,-16.381698713205143,-15.463864055495081,6.73661370389787e-14
175.75691223869984,-3.9534996459121667,3.2963854671817345,-16.375944286729055,-15.457576149889764,7.999728773378721e-14
175.7659757248992,-3.9489741723981475,3.2972472892778137,-16.37019049733604,-15.451288533451887,9.47336302110638e-14
175.77504022271495,-3.9444508810504626,3.2981100621912955,-16.36443734208688,-15.445001205070978,3.789345208442552e-14
175.7841057318503,-3.9399297709914483,3.2989737876131726,-16.35868481804229,-15.438714163636615,6.315575347404254e-14
175.7931722520082,-3.935410841343602,3.2998384672344416,-16.352932922262863,-15.432427408038386,5.894536990910637e-14
175.8022397828915,-3.9308940912294936,3.3007041027460953,-16.34718165180907,-15.4261409371659,7.157652060391487e-14
175.81130832420288,-3.926379519771809,3.301570695839129,-16.341431003741278,-15.419854749908804,8.420767129872338e-15
175.82037787564497,-3.921867126093252,3.302438248204538,-16.335680975119757,-15.413568845156757,6.315575347404254e-14
175.8294484369202,-3.9173569093166924,3.3033067615333143,-16.32993156300464,-15.40728322179946,5.2629794561702114e-14
175.8385200077308,-3.9128488685650713,3.3041762375164545,-16.32418276445597,-15.400997878726619,9.894401377599997e-14
175.847592587779,-3.9083430029614448,3.3050466778449517,-16.318434576533676,-15.394712814827987,2.5262301389617013e-14
175.8566661767668,-3.9038393116288863,3.305918084209801,-16.31268699629757,-15.388428028993316,7.578690416885104e-14
175.86574077439613,-3.89933779369064,3.3067904583019976,-16.306940020807346,-15.382143520112404,3.157787673702127e-14
175.8748163803687,-3.894838448270015,3.3076638018125353,-16.301193647122613,-15.375859287075066,2.315710960714893e-14
175.88389299438606,-3.8903412744904395,3.3085381164324077,-16.295447872302844,-15.36957532877115,6.315575347404254e-14
175.89297061614985,-3.8858462714753568,3.3094134038526106,-16.289702693407403,-15.363291644090522,6.315575347404253e-15
175.90204924536127,-3.8813534383483828,3.310289665764137,-16.28395810749558,-15.357008231923082,-1.2631150694808506e-14
175.91112888172154,-3.8768627742332193,3.311166903857983,-16.27821411162649,-15.350725091158742,-1.473634247727659e-14
175.92020952493178,-3.8723742782535924,3.312045119825143,-16.272470702859206,-15.344442220687466,7.578690416885104e-14
175.92929117469293,-3.8678879495333915,3.312924315356609,-16.266727878252652,-15.338159619399226,1.473634247727659e-14
175.9383738307057,-3.863403787196575,3.313804492143378,-16.260985634865634,-15.331877286184012,1.0525958912340423e-13
175.94745749267076,-3.8589217903672184,3.3146856518764434,-16.25524396975687,-15.325595219931861,4.210383564936169e-14
175.9565421602887,-3.8544419581694154,3.3155677962467998,-16.24950287998497,-15.319313419532833,3.5788260301957434e-14
175.96562783325984,-3.849964289727427,3.3164509269454427,-16.243762362608408,-15.313031883877,2.7367493172085098e-14
175.97471451128442,-3.84548878416558,3.317335045663365,-16.238022414685574,-15.306750611854483,1.894672604221276e-14
175.9838021940625,-3.841015440608323,3.318220154091562,-16.232283033274744,-15.300469602355411,9.683882199353189e-14
175.99289088129416,-3.8365442581801172,3.319106253921027,-16.22654421543406,-15.294188854269967,6.526094525651062e-14
176.00198057267917,-3.8320752360055934,3.3199933468427574,-16.22080595822158,-15.28790836648832,1.2631150694808506e-14
176.0110712679172,-3.8276083732094506,3.320881434547744,-16.215068258695247,-15.281628137900714,1.0946997268834039e-13
176.0201629667078,-3.823143668916505,3.3217705187269826,-16.209331113912892,-15.275348167397391,2.1051917824680845e-15
176.02925566875044,-3.8186811222515877,3.3226606010714685,-16.203594520932235,-15.269068453868629,2.5262301389617013e-14
176.03834937374435,-3.814220732339701,3.323551683272196,-16.197858476810882,-15.262788996204726,6.73661370389787e-14
176.04744408138873,-3.8097624983059126,3.3244437670201585,-16.19212297860634,-15.256509793296033,2.1051917824680845e-15
176.05653979138245,-3.805306419275406,3.3253368540063515,-16.18638802337599,-15.250230844032904,-4.210383564936169e-15
176.0656365034245,-3.8008524943733817,3.326230945921768,-16.18065360817712,-15.243952147305743,7.789209595131913e-14
176.0747342172136,-3.796400722725224,3.3271260444574042,-16.174919730066907,-15.23767370200496,7.999728773378721e-14
176.0838329324483,-3.791951103456357,3.3280221513042543,-16.169186386102396,-15.231395507021002,6.315575347404253e-15
176.09293264882706,-3.787503635692314,3.3289192681533124,-16.163453573340558,-15.225117561244371,5.0524602779234026e-14
176.1020333660482,-3.7830583185587128,3.329817396695572,-16.157721288838232,-15.218839863565565,3.5788260301957434e-14
176.11113508380987,-3.778615151181271,3.33071653862203,-16.151989529652145,-15.212562412875117,6.73661370389787e-14
176.12023780181016,-3.774174132685795,3.3316166956236772,-16.14625829283892,-15.206285208063608,1.0104920555846805e-13
176.12934151974696,-3.76973526219818,3.332517869391512,-16.140527575455078,-15.200008248021643,2.315710960714893e-14
176.138446237318,-3.7652985388444193,3.3334200616165255,-16.134797374557024,-15.193731531639836,2.947268495455318e-14
176.14755195422092,-3.7608639617505957,3.334323273989714,-16.12906768720105,-15.18745505780886,5.4734986344170195e-14
176.15665867015323,-3.7564315300428848,3.3352275082020713,-16.123338510443347,-15.181178825419407,7.368171238638296e-14
176.16576638481226,-3.752001242847552,3.3361327659445936,-16.117609841339988,-15.174902833362188,2.5262301389617013e-14
176.17487509789524,-3.747573099290958,3.337039048908273,-16.111881676946943,-15.168627080527964,3.157787673702127e-14
176.1839848090992,-3.7431470984995547,3.337946358784105,-16.106154014320065,-15.162351565807517,4.8419410996765944e-14
176.1930955181211,-3.7387232395998873,3.3388546972630833,-16.100426850515117,-15.156076288091667,1.0104920555846805e-13
176.2022072246578,-3.734301521718588,3.3397640660362042,-16.094700182587733,-15.149801246271254,3.789345208442552e-14
176.21131992840589,-3.729881943982388,3.34067446679446,-16.088974007593436,-15.143526439237156,2.7367493172085098e-14
176.2204336290619,-3.7254645055181053,3.341585901228847,-16.083248322587664,-15.137251865880287,7.368171238638296e-14
176.22954832632217,-3.721049205452654,3.342498371030358,-16.077523124625717,-15.13097752509159,9.683882199353189e-14
176.2386640198831,-3.7166360429130383,3.3434118778899875,-16.071798410762828,-15.124703415762033,0.0
176.2477807094406,-3.7122250170263515,3.3443264234987318,-16.066074178054045,-15.118429536782617,9.894401377599997e-14
176.2568983946908,-3.707816126919782,3.3452420095475843,-16.06035042355439,-15.112155887044391,5.894536990910637e-14
176.26601707532947,-3.703409371720615,3.346158637727538,-16.054627144318744,-15.105882465438423,-4.210383564936169e-15
176.2751367510523,-3.6990047505562167,3.34707630972959,-16.048904337401844,-15.099609270855806,5.4734986344170195e-14
176.28425742155486,-3.694602262554054,3.347995027244732,-16.043181999858394,-15.093336302187696,-4.210383564936169e-15
176.29337908653255,-3.6902019068416827,3.3489147919639612,-16.03746012874291,-15.087063558325243,8.420767129872338e-15
176.30250174568064,-3.6858036825467506,3.3498356055782703,-16.031738721109846,-15.080791038159653,-8.420767129872338e-15
176.31162539869433,-3.6814075887969975,3.3507574697786544,-16.026017774013543,-15.074518740582162,8.420767129872338e-15
176.32075004526854,-3.6770136247202543,3.351680386256108,-16.020297284508214,-15.068246664484045,9.894401377599997e-14
176.32987568509824,-3.6726217894444457,3.352604356701625,-16.014577249647996,-15.061974808756595,8.420767129872338e-15
176.33900231787806,-3.6682320820975867,3.3535293828062005,-16.008857666486882,-15.055703172291159,1.0525958912340423e-14
176.34812994330264,-3.663844501807784,3.3544554662608284,-16.003138532078772,-15.049431753979094,9.683882199353189e-14
176.3572585610664,-3.6594590477032365,3.355382608756504,-15.997419843477463,-15.04316055271181,9.052324664612763e-14
176.3663881708637,-3.6550757189122365,3.35631081198422,-15.991701597736641,-15.036889567380754,2.7367493172085098e-14
176.3755187723887,-3.650694514563165,3.357240077634973,-15.985983791909867,-15.03061879687739,7.157652060391487e-14
176.3846503653354,-3.6463154337844985,3.3581704073997565,-15.980266423050624,-15.024348240093229,3.5788260301957434e-14
176.39378294939772,-3.641938475704801,3.3591018029695636,-15.974549488212265,-15.01807789591981,-4.210383564936169e-15
176.40291652426941,-3.637563639452732,3.3600342660353912,-15.968832984448033,-15.011807763248715,8.420767129872338e-15
176.41205108964414,-3.6331909241570384,3.3609677982882324,-15.96311690881108,-15.005537840971556,4.4209027431829774e-14
176.4211866452153,-3.628820328946564,3.361902401419082,-15.957401258354425,-14.999268127979978,5.4734986344170195e-14
176.43032319067635,-3.6244518529502385,3.362838077118935,-15.951686030131002,-14.992998623165667,3.157787673702127e-14
176.43946072572038,-3.6200854952970896,3.3637748270787844,-15.945971221193627,-14.98672932542034,6.73661370389787e-14
176.44859925004056,-3.6157212551162328,3.364712652989625,-15.94025682859501,-14.98046023363576,4.4209027431829774e-14
176.45773876332973,-3.6113591315368763,3.365651556542452,-15.934542849387746,-14.974191346703712,6.73661370389787e-14
176.46687926528077,-3.606999123688318,3.36659153942826,-15.92882928062433,-14.96792266351602,3.789345208442552e-14
176.47602075558626,-3.602641230699948,3.3675326033380424,-15.923116119357148,-14.961654182964555,4.8419410996765944e-14
176.48516323393875,-3.5982854517012517,3.3684747499627954,-15.917403362638467,-14.955385903941204,3.157787673702127e-14
176.49430670003062,-3.5939317858218,3.369417980993511,-15.911691007520476,-14.94911782533793,4.210383564936169e-15
176.50345115355407,-3.58958023219126,3.3703622981211856,-15.905979051055208,-14.942849946046678,4.210383564936169e-15
176.51259659420123,-3.585230789939389,3.371307703036813,-15.900267490294643,-14.936582264959485,6.526094525651062e-14
176.52174302166407,-3.5808834581960345,3.3722541974313875,-15.894556322290601,-14.93031478096838,-6.315575347404253e-15
176.53089043563435,-3.5765382360911384,3.3732017829959027,-15.888845544094837,-14.924047492965455,7.368171238638296e-14
176.54003883580384,-3.5721951227547275,3.3741504614213564,-15.883135152758959,-14.917780399842826,3.157787673702127e-14
176.54918822186406,-3.5678541173169287,3.3751002343987397,-15.8774251453345,-14.911513500492669,1.2631150694808506e-14
176.55833859350636,-3.563515218907955,3.376051103619048,-15.871715518872884,-14.905246793807178,2.947268495455318e-14
176.56748995042204,-3.5591784266581126,3.377003070773275,-15.866006270425407,-14.89898027867858,8.631286308119147e-14
176.5766422923023,-3.5548437396977968,3.377956137552417,-15.860297397043263,-14.892713953999166,-4.210383564936169e-15
176.58579561883803,-3.550511157157496,3.378910305647468,-15.854588895777532,-14.886447818661232,1.894672604221276e-14
176.59494992972012,-3.546180678167791,3.3798655767494212,-15.84888076367921,-14.880181871557143,5.4734986344170195e-14
176.60410522463928,-3.5418523018593517,3.380821952549272,-15.843172997799172,-14.873916111579291,6.526094525651062e-14
176.61326150328608,-3.5375260273629414,3.381779434738015,-15.837465595188176,-14.867650537620095,6.947132882144679e-14
176.622418765351,-3.5332018538094117,3.3827380250066437,-15.831758552896892,-14.861385148572037,4.4209027431829774e-14
176.6315770105243,-3.5288797803297083,3.3836977250461526,-15.826051867975865,-14.855119943327622,1.0525958912340423e-14
176.6407362384961,-3.5245598060548673,3.384658536547538,-15.820345537475534,-14.84885492077939,7.999728773378721e-14
176.6498964489565,-3.520241930116016,3.385620461201793,-15.814639558446247,-14.84259007981994,5.6840178126638284e-14
176.65905764159533,-3.5159261516443703,3.3865835006999108,-15.808933927938233,-14.836325419341902,4.8419410996765944e-14
176.66821981610235,-3.5116124697712423,3.3875476567328877,-15.803228643001594,-14.830060938237933,1.473634247727659e-14
176.67738297216715,-3.507300883628031,3.3885129309917175,-15.79752370068637,-14.823796635400747,5.6840178126638284e-14
176.68654710947922,-3.502991392346228,3.389479325167395,-15.79181909804245,-14.8175325097231,1.0525958912340423e-14
176.69571222772788,-3.498683995057417,3.390446840950914,-15.786114832119633,-14.811268560097758,1.6841534259744676e-14
176.7048783266023,-3.4943786908932717,3.39141548003327,-15.780410899967631,-14.805004785417582,4.4209027431829774e-14
176.71404540579158,-3.4900754789855566,3.392385244105456,-15.774707298636006,-14.798741184575421,6.315575347404253e-15
