galstreams/tracks/track.st.Elqui.shipp2019.ecsv
# %ECSV 1.0
# ---
# datatype:
# - {name: ra, unit: deg, datatype: float64}
# - {name: dec, unit: deg, datatype: float64}
# - {name: distance, unit: kpc, datatype: float64}
# - {name: pm_ra_cosdec, unit: mas / yr, datatype: float64}
# - {name: pm_dec, unit: mas / yr, datatype: float64}
# - {name: radial_velocity, unit: km / s, datatype: float64}
# delimiter: ','
# meta: !!omap
# - __serialized_columns__:
#     dec:
#       __class__: astropy.coordinates.angles.Latitude
#       unit: &id001 !astropy.units.Unit {unit: deg}
#       value: !astropy.table.SerializedColumn {name: dec}
#     distance:
#       __class__: astropy.coordinates.distances.Distance
#       unit: !astropy.units.Unit {unit: kpc}
#       value: !astropy.table.SerializedColumn {name: distance}
#     pm_dec:
#       __class__: astropy.units.quantity.Quantity
#       unit: !astropy.units.Unit {unit: mas / yr}
#       value: !astropy.table.SerializedColumn {name: pm_dec}
#     pm_ra_cosdec:
#       __class__: astropy.units.quantity.Quantity
#       unit: !astropy.units.Unit {unit: mas / yr}
#       value: !astropy.table.SerializedColumn {name: pm_ra_cosdec}
#     ra:
#       __class__: astropy.coordinates.angles.Longitude
#       unit: *id001
#       value: !astropy.table.SerializedColumn {name: ra}
#       wrap_angle: !astropy.coordinates.Angle
#         unit: *id001
#         value: 360.0
#     radial_velocity:
#       __class__: astropy.units.quantity.Quantity
#       unit: !astropy.units.Unit {unit: km / s}
#       value: !astropy.table.SerializedColumn {name: radial_velocity}
# schema: astropy-2.0
ra,dec,distance,pm_ra_cosdec,pm_dec,radial_velocity
[from data line 279]
13.694156991798996,-38.7857681535659,50.10000000000002,0.1936568803346846,-0.7051919466141734,-50.86654082654743
13.704618702589864,-38.791573350878565,50.100000000000016,0.19367159840061487,-0.7049341296392803,-50.71283889749165
13.715081560509727,-38.79737819021621,50.10000000000001,0.19368599952966714,-0.704674792572549,-50.559670263181395
13.725545566038926,-38.803182671375,50.100000000000016,0.19370008318317883,-0.7044139355176069,-50.40703492361669
13.736010719657857,-38.80898679415103,50.100000000000016,0.19371384882225434,-0.7041515585782551,-50.25493287879754
13.746477021847005,-38.81479055834039,50.10000000000002,0.19372729590776494,-0.7038876618584663,-50.103364128723896
13.756944473086994,-38.82059396373905,50.10000000000002,0.19374042390034948,-0.7036222454623879,-49.952328673395876
13.767413073858362,-38.82639701014291,50.1,0.19375323226041288,-0.7033553094943407,-49.80182651281326
13.777882824641896,-38.83219969734784,50.10000000000001,0.19376572044812712,-0.7030868540588178,-49.651857646976275
13.788353725918402,-38.83800202514964,50.10000000000001,0.19377788792343215,-0.7028168792604879,-49.50242207588482
13.798825778168785,-38.84380399334405,50.10000000000002,0.19378973414603398,-0.7025453852041925,-49.353519799538944
13.809298981874017,-38.84960560172674,50.10000000000001,0.1938012585754058,-0.7022723719949482,-49.20515081793854
13.819773337515159,-38.85540685009333,50.100000000000016,0.19381246067078783,-0.7019978397379446,-49.05731513108373
13.830248845573344,-38.86120773823937,50.10000000000001,0.1938233398911873,-0.7017217885385472,-48.91001273897443
13.8407255065298,-38.867008265960315,50.10000000000001,0.1938338956953775,-0.7014442185022951,-48.76324364161072
13.851203320865823,-38.872808433051624,50.10000000000002,0.19384412754189975,-0.7011651297349024,-48.61700783899253
13.861682289062811,-38.87860823930865,50.10000000000001,0.1938540348890616,-0.7008845223422586,-48.471305331119844
13.872162411602275,-38.88440768452669,50.10000000000001,0.19386361719493786,-0.7006023964304274,-48.326136117992775
13.882643688965658,-38.89020676850097,50.100000000000016,0.19387287391736907,-0.7003187521056486,-48.18150019961119
13.893126121634639,-38.89600549102665,50.10000000000001,0.19388180451396395,-0.7000335894743372,-48.03739757597513
13.90360971009093,-38.90180385189885,50.100000000000016,0.19389040844209723,-0.6997469086430834,-47.893828247084656
13.91409445481633,-38.907601850912606,50.10000000000002,0.193898685158911,-0.6994587097186531,-47.75079221293974
13.924580356292706,-38.91339948786293,50.10000000000001,0.19390663412131384,-0.6991689928079889,-47.608289473540346
13.935067415002019,-38.91919676254471,50.10000000000002,0.19391425478598054,-0.6988777580182083,-47.46632002888653
13.94555563142631,-38.924993674752834,50.100000000000016,0.19392154660935393,-0.6985850054566061,-47.32488387897815
13.956045006047686,-38.93079022428206,50.10000000000001,0.19392850904764247,-0.6982907352306523,-47.18398102381539
13.966535539348353,-38.93658641092714,50.10000000000001,0.19393514155682162,-0.6979949474479943,-47.04361146339817
13.97702723181059,-38.942382234482736,50.100000000000016,0.19394144359263382,-0.6976976422164558,-46.9037751977265
13.987520083916765,-38.94817769474346,50.10000000000001,0.19394741461058815,-0.6973988196440373,-46.76447222680037
13.99801409614938,-38.95397279150388,50.100000000000016,0.19395305406596067,-0.6970984798389164,-46.62570255061972
14.008509268990833,-38.959767524558394,50.100000000000016,0.19395836141379266,-0.6967966229094482,-46.48746616918471
14.0190056029238,-38.96556189370147,50.1,0.19396333610889402,-0.6964932489641646,-46.349763082495144
14.029503098430961,-38.97135589872744,50.10000000000002,0.1939679776058398,-0.6961883581117745,-46.212593290551204
14.04000175599509,-38.97714953943059,50.100000000000016,0.1939722853589731,-0.6958819504611656,-46.07595679335279
14.050501576099036,-38.98294281560516,50.10000000000001,0.1939762588224021,-0.6955740261214027,-45.93985359089989
14.061002559225724,-38.98873572704531,50.100000000000016,0.19397989745000288,-0.6952645852017285,-45.80428368319254
14.071504705858176,-38.99452827354513,50.10000000000001,0.19398320069541738,-0.6949536278115642,-45.66924707023072
14.082008016479474,-39.000320454898635,50.10000000000002,0.19398616801205426,-0.6946411540605086,-45.53474375201451
14.092512491572805,-39.00611227089983,50.10000000000001,0.193988798853089,-0.6943271640583397,-45.400773728543754
14.103018131621413,-39.011903721342584,50.100000000000016,0.19399109267146353,-0.6940116579150133,-45.26733699981858
14.113524937108702,-39.017694806020785,50.100000000000016,0.19399304891988634,-0.6936946357406644,-45.13443356583898
14.124032908517965,-39.02348552472816,50.10000000000002,0.1939946670508321,-0.693376097645607,-45.00206342660489
14.134542046332763,-39.02927587725844,50.1,0.1939959465165423,-0.6930560437403344,-44.87022658211633
14.145052351036671,-39.03506586340527,50.10000000000001,0.19399688676902474,-0.6927344741355179,-44.73892303237334
14.155563823113352,-39.04085548296226,50.100000000000016,0.1939974872600544,-0.6924113889420092,-44.60815277737589
14.166076463046538,-39.0466447357229,50.10000000000002,0.19399774744117204,-0.6920867882708395,-44.477915817124
14.17659027132007,-39.05243362148068,50.1,0.19399766676368524,-0.6917606722332198,-44.34821215161761
14.187105248417833,-39.058222140028974,50.100000000000016,0.1939972446786675,-0.6914330409405398,-44.219041780856756
14.197621394823818,-39.064010291161125,50.10000000000001,0.19399648063695946,-0.691103894504371,-44.090404704841475
14.208138711022087,-39.06979807467038,50.10000000000001,0.19399537408916798,-0.6907732330364638,-43.962300923571746
14.218657197496778,-39.07558549034996,50.10000000000001,0.19399392448566616,-0.6904410566487491,-43.834730437047526
14.229176854732126,-39.081372537993,50.10000000000001,0.1939921312765932,-0.6901073654533388,-43.707693245268885
14.239697683212494,-39.08715921739259,50.10000000000002,0.19398999391185617,-0.689772159562525,-43.58118934823574
14.250219683422145,-39.092945528341694,50.10000000000001,0.19398751184112642,-0.6894354390887814,-43.45521874594821
14.260742855845608,-39.098731470633275,50.100000000000016,0.19398468451384293,-0.6890972041447613,-43.3297814384062
14.271267200967435,-39.10451704406022,50.10000000000001,0.1939815113792109,-0.6887574548433004,-43.20487742560966
14.281792719272246,-39.11030224841536,50.10000000000002,0.1939779918862021,-0.6884161912974149,-43.08050670755874
14.292319411244755,-39.11608708349141,50.100000000000016,0.19397412548355378,-0.6880734136203035,-42.95666928425334
14.30284727736975,-39.121871549081085,50.10000000000001,0.19396991161977045,-0.6877291219253454,-42.8333651556935
14.313376318132097,-39.127655644977004,50.10000000000001,0.19396534974312218,-0.6873833163261018,-42.71059432187917
14.323906534016754,-39.13343937097172,50.100000000000016,0.19396043930164614,-0.6870359969363166,-42.58835678281038
14.334437925508746,-39.13922272685774,50.10000000000001,0.19395517974314525,-0.6866871638699148,-42.466652538487146
14.344970493093182,-39.14500571242747,50.100000000000016,0.1939495705151884,-0.6863368172410047,-42.34548158890946
14.355504237255253,-39.150788327473286,50.10000000000001,0.19394361106511138,-0.6859849571638763,-42.22484393407733
14.366039158480296,-39.15657057178753,50.10000000000002,0.19393730084001654,-0.6856315837530023,-42.10473957399071
14.376575257253535,-39.16235244516236,50.100000000000016,0.19393063928677104,-0.6852766971230384,-41.98516850864965
14.387112534060464,-39.16813394738998,50.10000000000001,0.1939236258520092,-0.6849202973888237,-41.86613073805413
14.397650989386602,-39.17391507826249,50.100000000000016,0.19391625998213174,-0.6845623846653787,-41.74762626220414
14.408190623717527,-39.17969583757193,50.10000000000002,0.1939085411233054,-0.6842029590679091,-41.62965508109974
14.418731437538929,-39.185476225110285,50.10000000000001,0.193900468721463,-0.6838420207118032,-41.51221719474085
14.429273431336547,-39.191256240669475,50.10000000000001,0.19389204222230355,-0.6834795697126324,-41.39531260312748
14.439816605596214,-39.19703588404132,50.10000000000002,0.19388326107129195,-0.6831156061861523,-41.2789413062597
14.45036096080384,-39.20281515501762,50.10000000000002,0.19387412471365986,-0.6827501302483029,-41.16310330413743
14.46090649744543,-39.20859405339007,50.100000000000016,0.19386463259440473,-0.6823831420152076,-41.04779859676071
14.471453216007045,-39.21437257895034,50.10000000000002,0.1938547841582902,-0.6820146416031738,-40.93302718412954
14.482001116974907,-39.22015073149005,50.100000000000016,0.19384457884984657,-0.6816446291286942,-40.818789066243845
14.492550200835117,-39.22592851080062,50.10000000000002,0.19383401611336834,-0.6812731047084452,-40.70508424310379
14.50310046807405,-39.231705916673576,50.100000000000016,0.19382309539291825,-0.6809000684592885,-40.59191271470927
14.513651919178105,-39.237482948900286,50.1,0.19381181613232415,-0.6805255204982705,-40.47927448106026
14.52420455463375,-39.24325960727209,50.10000000000001,0.19380017777518038,-0.6801494609426221,-40.367169542156766
14.534758374927529,-39.24903589158022,50.100000000000016,0.193788179764847,-0.6797718899097602,-40.255597897998875
14.545313380546085,-39.254811801615894,50.10000000000001,0.19377582154444983,-0.679392807517287,-40.14455954858653
14.555869571976128,-39.260587337170236,50.10000000000001,0.19376310255688167,-0.6790122138829898,-40.03405449391965
14.566426949704436,-39.26636249803428,50.10000000000001,0.19375002224480026,-0.6786301091248416,-39.92408273399838
14.576985514217892,-39.27213728399907,50.100000000000016,0.19373658005063035,-0.6782464933610018,-39.81464426882261
14.587545266003442,-39.277911694855504,50.10000000000001,0.193722775416562,-0.6778613667098157,-39.70573909839243
14.59810620554812,-39.28368573039446,50.100000000000016,0.1937086077845515,-0.6774747292898138,-39.59736722270774
14.60866833333908,-39.289459390406755,50.10000000000002,0.19369407659632115,-0.6770865812197142,-39.48952864176866
14.61923164986341,-39.29523267468307,50.10000000000001,0.19367918129335904,-0.6766969226184214,-39.382223355575086
14.629796155608423,-39.3010055830141,50.100000000000016,0.1936639213169194,-0.6763057536050258,-39.27545136412707
14.640361851061478,-39.30677811519046,50.100000000000016,0.193648296108022,-0.6759130742988053,-39.16921266742455
14.650928736709998,-39.31255027100267,50.10000000000001,0.19363230510745372,-0.6755188848192246,-39.06350726546759
14.661496813041488,-39.31832205024122,50.100000000000016,0.19361594775576565,-0.6751231852859356,-38.958335158256176
14.672066080543532,-39.32409345269649,50.10000000000002,0.1935992234932764,-0.6747259758187774,-38.853696345790304
14.6826365397038,-39.32986447815884,50.100000000000016,0.1935821317600693,-0.6743272565377771,-38.74959082806996
14.693208191010037,-39.335635126418524,50.100000000000016,0.1935646719959944,-0.6739270275631488,-38.646018605095215
14.703781034950062,-39.34140539726577,50.100000000000016,0.19354684364066696,-0.673525289015295,-38.542979676865976
14.714355072011776,-39.347175290490696,50.10000000000002,0.19352864613346837,-0.6731220410148055,-38.4404740433823
14.724930302683234,-39.352944805883425,50.10000000000001,0.19351007891354682,-0.6727172836824595,-38.33850170464414
14.73550672745236,-39.358713943233894,50.10000000000001,0.19349114141981416,-0.6723110171392231,-38.237062660651524
14.746084346807365,-39.364482702332076,50.10000000000001,0.19347183309094995,-0.6719032415062522,-38.13615691140449
14.75666316123647,-39.37025108296786,50.10000000000001,0.19345215336539895,-0.6714939569048903,-38.03578445690298
14.767243171227966,-39.37601908493104,50.10000000000001,0.1934321016813719,-0.6710831634566703,-37.935945297146986
14.777824377270242,-39.38178670801137,50.10000000000002,0.1934116774768452,-0.6706708612833139,-37.83663943213652
14.788406779851742,-39.38755395199853,50.10000000000001,0.19339088018956088,-0.6702570505067325,-37.737866861871666
14.798990379461015,-39.393320816682106,50.10000000000001,0.19336970925702726,-0.6698417312490257,-37.63962758635228
14.809575176586668,-39.39908730185167,50.1,0.19334816411651792,-0.6694249036324837,-37.54192160557844
14.820161171717386,-39.40485340729668,50.1,0.19332624420507238,-0.6690065677795859,-37.444748919550214
14.830748365341957,-39.41061913280656,50.1,0.19330394895949596,-0.6685867238130013,-37.348109528267464
14.841336757949223,-39.41638447817065,50.099999999999994,0.19328127781635993,-0.6681653718555898,-37.25200343173029
14.851926350028169,-39.42214944317825,50.10000000000001,0.19325823021200095,-0.6677425120303996,-37.1564306299387
14.862517142067707,-39.42791402761853,50.099999999999994,0.19323480558252146,-0.6673181444606722,-37.06139112289258
14.873109134556957,-39.43367823128065,50.1,0.19321100336378924,-0.6668922692698362,-36.96688491059203
14.883702327985104,-39.4394420539537,50.1,0.1931868229914387,-0.6664648865815137,-36.872911993037
14.894296722841386,-39.44520549542668,50.1,0.19316226390086924,-0.6660359965195157,-36.77947237022751
14.90489231961512,-39.45096855548852,50.1,0.19313732552724627,-0.6656055992078451,-36.68656604216361
14.915489118795719,-39.45673123392813,50.1,0.19311200730550052,-0.6651736947706961,-36.59419300884522
14.926087120872657,-39.4624935305343,50.10000000000001,0.19308630867032875,-0.6647402833324538,-36.50235327027241
14.936686326335495,-39.46825544509578,50.1,0.1930602290561931,-0.6643053650176949,-36.41104682644509
14.947286735673877,-39.47401697740125,50.10000000000001,0.1930337678973217,-0.6638689399511875,-36.32027367736334
14.95788834937751,-39.479778127239314,50.099999999999994,0.193006924627708,-0.6634310082578926,-36.23003382302711
14.968491167936246,-39.48553889439854,50.10000000000001,0.1929796986811111,-0.6629915700629612,-36.1403272634365
14.97909519183985,-39.49129927866735,50.10000000000001,0.19295208949105547,-0.6625506254917388,-36.05115399859136
14.989700421578327,-39.497059279834176,50.10000000000001,0.19292409649083148,-0.6621081746697617,-35.96251402849177
15.000306857641704,-39.50281889768737,50.10000000000001,0.19289571911349546,-0.6616642177227594,-35.874407353137705
15.010914500520093,-39.50857813201519,50.10000000000001,0.19286695679186866,-0.6612187547766537,-35.78683397252928
15.021523350703676,-39.51433698260586,50.10000000000001,0.1928378089585382,-0.660771785957559,-35.69979388666627
15.03213340868272,-39.520095449247506,50.10000000000001,0.19280827504585665,-0.6603233113917834,-35.61328709554888
15.042744674947574,-39.525853531728224,50.1,0.19277835448594238,-0.659873331205828,-35.527313599177006
15.053357149988642,-39.53161122983598,50.10000000000001,0.19274804671067888,-0.6594218455263865,-35.441873397550665
15.063970834296434,-39.53736854335874,50.10000000000001,0.1927173511517157,-0.6589688544803471,-35.35696649066987
15.07458572836152,-39.543125472084355,50.1,0.1926862672404674,-0.6585143581947912,-35.27259287853463
15.08520183267457,-39.54888201580065,50.1,0.19265479440811448,-0.6580583567969942,-35.18875256114492
15.095819147726365,-39.55463817429537,50.1,0.1926229320856031,-0.6576008504144252,-35.10544553850079
15.106437674007589,-39.56039394735612,50.10000000000001,0.19259067970364355,-0.6571418391747481,-35.022671810602205
15.117057412009208,-39.56614933477055,50.1,0.1925580366927134,-0.6566813232058207,-34.94043137744915
15.127678362222175,-39.571904336326185,50.10000000000001,0.19252500248305446,-0.6562193026356951,-34.858724239041564
15.13830052513754,-39.57765895181047,50.10000000000001,0.1924915765046748,-0.6557557775926186,-34.77755039537958
15.14892390124642,-39.58341318101081,50.10000000000001,0.19245775818734723,-0.6552907482050333,-34.696909846463186
15.159548491040026,-39.58916702371456,50.10000000000001,0.192423546960611,-0.6548242146015762,-34.616802592292245
15.170174295009623,-39.59492047970894,50.1,0.19238894225376943,-0.6543561769110793,-34.53722863286691
