galstreams/tracks/track.st.Cetus-New.yuan2021.ecsv
# %ECSV 1.0
# ---
# datatype:
# - {name: ra, unit: deg, datatype: float64}
# - {name: dec, unit: deg, datatype: float64}
# - {name: distance, unit: kpc, datatype: float64}
# - {name: pm_ra_cosdec, unit: mas / yr, datatype: float64}
# - {name: pm_dec, unit: mas / yr, datatype: float64}
# - {name: radial_velocity, unit: km / s, datatype: float64}
# delimiter: ','
# meta: !!omap
# - __serialized_columns__:
#     dec:
#       __class__: astropy.coordinates.angles.Latitude
#       unit: &id001 !astropy.units.Unit {unit: deg}
#       value: !astropy.table.SerializedColumn {name: dec}
#     distance:
#       __class__: astropy.coordinates.distances.Distance
#       unit: !astropy.units.Unit {unit: kpc}
#       value: !astropy.table.SerializedColumn {name: distance}
#     pm_dec:
#       __class__: astropy.units.quantity.Quantity
#       unit: !astropy.units.Unit {unit: mas / yr}
#       value: !astropy.table.SerializedColumn {name: pm_dec}
#     pm_ra_cosdec:
#       __class__: astropy.units.quantity.Quantity
#       unit: !astropy.units.Unit {unit: mas / yr}
#       value: !astropy.table.SerializedColumn {name: pm_ra_cosdec}
#     ra:
#       __class__: astropy.coordinates.angles.Longitude
#       unit: *id001
#       value: !astropy.table.SerializedColumn {name: ra}
#       wrap_angle: !astropy.coordinates.Angle
#         unit: *id001
#         value: 360.0
#     radial_velocity:
#       __class__: astropy.units.quantity.Quantity
#       unit: !astropy.units.Unit {unit: km / s}
#       value: !astropy.table.SerializedColumn {name: radial_velocity}
# schema: astropy-2.0
ra,dec,distance,pm_ra_cosdec,pm_dec,radial_velocity
[from data line 6308]
26.869685640515808,-64.11467336845838,17.86598955499688,2.314372911495795,2.2128445321731793,-2.5262301389617013e-14
26.869322581795586,-64.12481832024594,17.867882353853474,2.314595984300066,2.212908003192319,1.6841534259744676e-14
26.868958152900756,-64.13496329095835,17.869777176316976,2.314819106730899,2.212971083318784,-3.368306851948935e-14
26.868592351892985,-64.14510828058917,17.87167402300445,2.3150422788523817,2.2130337723184543,2.5262301389617013e-14
26.868225176830837,-64.15525328913196,17.87357289453295,2.315265500728673,2.21309606995705,8.420767129872338e-15
26.86785662576985,-64.16539831658018,17.875473791519518,2.3154887724240045,2.2131579760001356,8.420767129872338e-15
26.86748669676238,-64.17554336292726,17.877376714581242,2.315712094002684,2.213219490213102,-4.210383564936169e-14
26.86711538785776,-64.18568842816654,17.879281664335146,2.3159354655290922,2.2132806123611903,-8.420767129872338e-15
26.866742697102204,-64.19583351229137,17.881188641398307,2.316158887067681,2.2133413422094708,1.6841534259744676e-14
26.866368622538765,-64.20597861529504,17.88309764638777,2.3163823586829784,2.213401679522855,-4.210383564936169e-14
26.865993162207456,-64.21612373717072,17.885008679920603,2.316605880439585,2.2134616240660923,-3.368306851948935e-14
26.865616314145118,-64.22626887791161,17.886921742613847,2.316829452402178,2.2135211756037663,-2.5262301389617013e-14
26.865238076385456,-64.23641403751078,17.888836835084568,2.3170530746355036,2.2135803339002957,2.5262301389617013e-14
26.864858446959087,-64.24655921596134,17.89075395794983,2.3172767472043843,2.2136390987199395,8.420767129872338e-15
26.864477423893415,-64.25670441325629,17.892673111826674,2.3175004701737207,2.2136974698267893,-1.6841534259744676e-14
26.86409500521278,-64.26684962938855,17.894594297332173,2.3177242436084797,2.2137554469847744,0.0
26.863711188938304,-64.27699486435104,17.89651751508337,2.3179480675737096,2.2138130299576564,-3.368306851948935e-14
26.863325973087974,-64.2871401181366,17.898442765697325,2.318171942134529,2.213870218509034,-8.420767129872338e-15
26.86293935567661,-64.29728539073805,17.900370049791103,2.3183958673561316,2.2139270124023387,-8.420767129872338e-15
26.862551334715846,-64.30743068214811,17.902299367981747,2.318619843303788,2.2139834114008385,1.6841534259744676e-14
26.862161908214162,-64.31757599235945,17.90423072088632,2.318843870042838,2.2140394152676306,-4.210383564936169e-14
26.86177107417683,-64.32772132136473,17.906164109121885,2.319067947638703,2.2140950237656507,8.420767129872338e-15
26.861378830605922,-64.33786666915654,17.90809953330549,2.3192920761568754,2.2141502366576638,0.0
26.860985175500353,-64.3480120357274,17.910036994054195,2.31951625566292,2.214205053706269,8.420767129872338e-15
26.860590106855806,-64.35815742106976,17.91197649198505,2.3197404862224804,2.2142594746739004,2.5262301389617013e-14
26.860193622664724,-64.36830282517606,17.91391802771513,2.3199647679012747,2.2143134993228184,-1.6841534259744676e-14
26.859795720916402,-64.37844824803867,17.915861601861472,2.3201891007650963,2.21436712741512,-1.6841534259744676e-14
26.859396399596847,-64.38859368964988,17.917807215041144,2.320413484879811,2.214420358712732,8.420767129872338e-15
26.85899565668888,-64.39873915000194,17.919754867871188,2.3206379203113623,2.2144731929774126,-1.6841534259744676e-14
26.85859349017204,-64.40888462908708,17.921704560968674,2.3208624071257686,2.2145256299707494,-1.6841534259744676e-14
26.858189898022676,-64.41903012689741,17.923656294950657,2.321086945389122,2.214577669454161,-5.0524602779234026e-14
26.85778487821384,-64.42917564342505,17.925610070434196,2.321311535167594,2.214629311188897,1.6841534259744676e-14
26.857378428715368,-64.43932117866203,17.927565888036337,2.3215361765274283,2.2146805549360367,8.420767129872338e-15
26.856970547493805,-64.44946673260033,17.92952374837415,2.321760869534944,2.214731400456486,0.0
26.85656123251243,-64.45961230523186,17.931483652064678,2.32198561425654,2.214781847510985,-8.420767129872338e-15
26.856150481731255,-64.4697578965485,17.933445599724994,2.3222104107586845,2.214831895860094,1.6841534259744676e-14
26.855738293107017,-64.47990350654207,17.93540959197214,2.3224352591079285,2.2148815452642125,-1.6841534259744676e-14
26.85532466459314,-64.49004913520432,17.937375629423173,2.322660159370894,2.2149307954835598,2.5262301389617013e-14
26.854909594139777,-64.50019478252695,17.93934371269516,2.3228851116142812,2.214979646278185,1.6841534259744676e-14
26.854493079693757,-64.5103404485016,17.94131384240515,2.323110115904865,2.2150280974079655,8.420767129872338e-15
26.854075119198633,-64.52048613311989,17.943286019170202,2.3233351723095,2.215076148632605,-1.6841534259744676e-14
26.8536557105946,-64.53063183637332,17.945260243607372,2.323560280895114,2.215123799711634,-1.6841534259744676e-14
26.85323485181857,-64.54077755825337,17.947236516333714,2.32378544172871,2.2151710504044084,-2.5262301389617013e-14
26.852812540804088,-64.55092329875148,17.94921483796629,2.3240106548773722,2.2152179004701082,-1.6841534259744676e-14
26.852388775481415,-64.561069057859,17.95119520912215,2.3242359204082574,2.2152643496677453,8.420767129872338e-15
26.851963553777413,-64.57121483556726,17.953177630418363,2.3244612383885994,2.21531039775615,-1.6841534259744676e-14
26.851536873615643,-64.58136063186747,17.955162102471977,2.32468660888571,2.2153560444939804,8.420767129872338e-15
26.85110873291627,-64.59150644675084,17.957148625900036,2.32491203196698,2.2154012896397193,-2.5262301389617013e-14
26.85067912959614,-64.6016522802085,17.95913720131962,2.3251375076998704,2.215446132951673,-2.5262301389617013e-14
26.850248061568685,-64.61179813223153,17.961127829347767,2.325363036151927,2.21549057418797,-1.6841534259744676e-14
26.849815526744003,-64.62194400281096,17.96312051060155,2.325588617390767,2.215534613106566,-1.6841534259744676e-14
26.84938152302878,-64.63208989193777,17.965115245698012,2.3258142514840867,2.215578249465235,-5.0524602779234026e-14
26.848946048326315,-64.64223579960279,17.967112035254214,2.3260399384996626,2.2156214830215775,-8.420767129872338e-15
26.84850910053653,-64.65238172579693,17.96911087988722,2.3262656785053424,2.2156643135330145,0.0
26.848070677555928,-64.66252767051097,17.971111780214073,2.326491471569056,2.215706740756789,0.0
26.847630777277615,-64.67267363373561,17.97311473685184,2.3267173177588094,2.215748764449967,3.368306851948935e-14
26.84718939759126,-64.68281961546157,17.975119750417573,2.3269432171426865,2.215790384369433,0.0
26.846746536383133,-64.6929656156794,17.977126821528326,2.3271691697888484,2.2158316002718936,8.420767129872338e-15
26.84630219153605,-64.70311163437971,17.979135950801165,2.3273951757655333,2.2158724119138773,-1.6841534259744676e-14
26.845856360929417,-64.71325767155294,17.981147138853135,2.3276212351410597,2.215912819051732,4.210383564936169e-14
26.84540904243915,-64.72340372718958,17.983160386301304,2.327847347983822,2.2159528214416238,-1.6841534259744676e-14
26.844960233937776,-64.73354980127998,17.985175693762724,2.328073514362292,2.2159924188395403,-3.368306851948935e-14
26.844509933294304,-64.74369589381443,17.987193061854445,2.328299734345024,2.2160316110012865,0.0
26.844058138374333,-64.75384200478324,17.989212491193538,2.3285260080006425,2.216070397682486,1.6841534259744676e-14
26.843604847039927,-64.76398813417657,17.991233982397034,2.3287523353978594,2.216108778638583,0.0
26.843150057149742,-64.77413428198459,17.993257536082027,2.328978716605456,2.2161467536248365,-1.6841534259744676e-14
26.842693766558877,-64.78428044819732,17.995283152865543,2.3292051516923022,2.216184322396325,-2.5262301389617013e-14
26.842235973118996,-64.79442663280483,17.997310833364647,2.3294316407273388,2.216221484707945,2.5262301389617013e-14
26.841776674678226,-64.80457283579703,17.999340578196396,2.329658183779585,2.216258240314406,8.420767129872338e-15
26.841315869081203,-64.81471905716388,18.001372387977852,2.329884780918145,2.2162945889702383,-1.6841534259744676e-14
26.84085355416903,-64.82486529689517,18.00340626332607,2.3301114322121963,2.216330530429784,-8.420767129872338e-15
26.840389727779314,-64.83501155498067,18.0054422048581,2.3303381377309975,2.216366064447206,8.420767129872338e-15
26.839924387746123,-64.84515783141012,18.007480213191002,2.3305648975438853,2.2164011907764776,1.6841534259744676e-14
26.83945753189998,-64.85530412617317,18.00952028894184,2.3307917117202765,2.2164359091713894,-8.420767129872338e-15
26.83898915806787,-64.86545043925939,18.011562432727658,2.3310185803296664,2.216470219385547,-1.6841534259744676e-14
26.838519264073238,-64.87559677065832,18.013606645165517,2.3312455034416297,2.2165041211723686,2.5262301389617013e-14
26.83804784773596,-64.88574312035945,18.01565292687248,2.3314724811258203,2.2165376142850866,0.0
26.83757490687233,-64.89588948835215,18.017701278465587,2.3316995134519725,2.216570698476748,-8.420767129872338e-15
26.837100439295117,-64.90603587462579,18.019751700561915,2.3319266004898984,2.21660337350021,-8.420767129872338e-15
26.83662444281346,-64.91618227916963,18.021804193778518,2.3321537423094916,2.2166356391081457,5.0524602779234026e-14
26.83614691523294,-64.92632870197295,18.02385875873244,2.332380938980725,2.216667495053039,-1.6841534259744676e-14
26.835667854355542,-64.93647514302485,18.02591539604074,2.3326081905736493,2.2166989410871847,-8.420767129872338e-15
26.835187257979644,-64.94662160231444,18.027974106320492,2.3328354971583973,2.2167299769626903,-3.368306851948935e-14
26.834705123900015,-64.95676807983075,18.030034890188727,2.3330628588051843,2.2167606024314743,-8.420767129872338e-15
26.834221449907808,-64.96691457556277,18.032097748262515,2.333290275584298,2.2167908172452666,-8.420767129872338e-15
26.833736233790553,-64.9770610894994,18.034162681158918,2.333517747566113,2.2168206211556036,3.368306851948935e-14
26.833249473332152,-64.98720762162948,18.036229689494977,2.3337452748210827,2.216850013913837,-8.420767129872338e-15
26.832761166312867,-64.99735417194177,18.038298773887764,2.333972857419738,2.216878995271123,0.0
26.832271310509313,-65.00750074042504,18.04036993495433,2.334200495432695,2.216907564978431,-4.210383564936169e-14
26.831779903694446,-65.01764732706789,18.042443173311725,2.334428188930647,2.2169357227865385,8.420767129872338e-15
26.83128694363758,-65.02779393185897,18.044518489577015,2.334655937984368,2.2169634684460275,0.0
26.830792428104342,-65.03794055478674,18.046595884367257,2.334883742664715,2.2169908017072926,2.5262301389617013e-14
26.830296354856696,-65.04808719583973,18.048675358299498,2.3351116030426224,2.217017722320533,-2.5262301389617013e-14
26.8297987216529,-65.05823385500629,18.050756911990803,2.3353395191891098,2.217044230035756,1.6841534259744676e-14
26.82929952624756,-65.06838053227477,18.05284054605822,2.3355674911752735,2.2170703246027768,-2.5262301389617013e-14
26.828798766391554,-65.07852722763344,18.05492626111882,2.3357955190722928,2.2170960057712144,0.0
26.82829643983207,-65.08867394107051,18.05701405778964,2.3360236029514287,2.2171212732904952,-4.210383564936169e-14
26.827792544312555,-65.0988206725741,18.059103936687762,2.336251742884024,2.2171461269098525,2.5262301389617013e-14
26.827287077572777,-65.10896742213232,18.061195898430217,2.3364799389415003,2.217170566378321,4.210383564936169e-14
26.82678003734874,-65.11911418973318,18.063289943634082,2.336708191195364,2.217194591444745,-3.368306851948935e-14
26.826271421372734,-65.12926097536457,18.065386072916397,2.3369364997172,2.2172182018577686,0.0
26.825761227373285,-65.13940777901443,18.067484286894228,2.3371648645786776,2.217241397365843,8.420767129872338e-15
26.82524945307519,-65.14955460067054,18.069584586184632,2.337393285851544,2.2172641777172197,-8.420767129872338e-15
26.824736096199477,-65.15970144032067,18.071686971404663,2.3376217636076326,2.2172865426599584,8.420767129872338e-15
26.824221154463395,-65.1698482979525,18.073791443171373,2.3378502979188567,2.2173084919419157,-1.6841534259744676e-14
26.82370462558044,-65.17999517355362,18.075898002101827,2.3380788888572113,2.2173300253107544,3.368306851948935e-14
26.823186507260303,-65.19014206711158,18.07800664881308,2.3383075364947734,2.2173511425139374,-8.420767129872338e-15
26.8226667972089,-65.20028897861388,18.080117383922182,2.338536240903705,2.21737184329873,3.368306851948935e-14
26.822145493128346,-65.21043590804797,18.082230208046195,2.338765002156247,2.217392127412198,-1.6841534259744676e-14
26.821622592716956,-65.22058285540115,18.084345121802176,2.3389938203247223,2.217411994601208,4.210383564936169e-14
26.821098093669207,-65.23072982066074,18.086462125807184,2.3392226954815403,2.2174314446124264,-2.5262301389617013e-14
26.820571993675788,-65.2408768038139,18.08858122067827,2.33945162769919,2.2174504771923194,-8.420767129872338e-15
26.82004429042352,-65.25102380484782,18.0907024070325,2.339680617050243,2.217469092087154,1.6841534259744676e-14
26.81951498159543,-65.26117082374957,18.092825685486908,2.339909663607356,2.217487289042996,-2.5262301389617013e-14
26.818984064870676,-65.27131786050617,18.094951056658573,2.340138767443265,2.2175050678057073,-2.5262301389617013e-14
26.818451537924552,-65.28146491510455,18.097078521164544,2.3403679286307923,2.2175224281209496,-2.5262301389617013e-14
26.81791739842851,-65.2916119875316,18.099208079621878,2.340597147242843,2.2175393697341828,-1.6841534259744676e-14
26.817381644050126,-65.30175907777414,18.101339732647627,2.3408264233524023,2.2175558923906626,-1.6841534259744676e-14
26.8168442724531,-65.31190618581888,18.103473480858863,2.3410557570325414,2.217571995835443,-8.420767129872338e-15
26.816305281297254,-65.32205331165252,18.105609324872628,2.341285148356415,2.2175876798133753,0.0
26.815764668238494,-65.33220045526166,18.107747265305978,2.3415145973972606,2.217602944069104,2.5262301389617013e-14
26.815222430928838,-65.34234761663281,18.109887302775974,2.341744104228399,2.2176177883470705,-8.420767129872338e-15
26.814678567016408,-65.35249479575248,18.11202943789968,2.341973668923233,2.2176322123915124,0.0
26.81413307414539,-65.36264199260702,18.11417367129414,2.3422032915552538,2.2176462159464596,-4.210383564936169e-14
26.813585949956057,-65.37278920718279,18.116320003576412,2.342432972198033,2.2176597987557414,-3.368306851948935e-14
26.813037192084735,-65.382936439466,18.11846843536356,2.342662710925224,2.217672960562974,8.420767129872338e-15
26.81248679816381,-65.39308368944289,18.120618967272637,2.3428925078105705,2.21768570111157,8.420767129872338e-15
26.81193476582174,-65.40323095709957,18.12277159992071,2.343122362927894,2.2176980201447365,8.420767129872338e-15
26.81138109268299,-65.41337824242206,18.124926333924808,2.3433522763511077,2.217709917405475,8.420767129872338e-15
26.810825776368095,-65.42352554539637,18.127083169902015,2.343582248154201,2.217721392636573,-8.420767129872338e-15
26.810268814493575,-65.43367286600841,18.129242108469377,2.3438122784112503,2.217732445580613,0.0
26.80971020467201,-65.44382020424396,18.13140315024395,2.3440423671964217,2.21774307597997,-8.420767129872338e-15
26.809149944511947,-65.45396756008886,18.13356629584279,2.3442725145839587,2.217753283576808,-8.420767129872338e-15
26.80858803161798,-65.46411493352875,18.135731545882958,2.3445027206481934,2.217763068113082,8.420767129872338e-15
26.808024463590645,-65.47426232454927,18.13789890098151,2.344732985463542,2.217772429330536,8.420767129872338e-15
26.807459238026503,-65.48440973313599,18.14006836175549,2.344963309104506,2.217781366970707,-5.0524602779234026e-14
26.806892352518066,-65.49455715927435,18.142239928821972,2.345193691645672,2.217789880774916,8.420767129872338e-15
26.80632380465381,-65.50470460294981,18.144413602798,2.3454241331617114,2.217797970484276,5.894536990910637e-14
26.805753592018196,-65.51485206414769,18.146589384300643,2.345654633727379,2.2178056358396874,0.0
26.805181712191622,-65.52499954285325,18.148767273946948,2.3458851934175176,2.2178128765818386,-1.6841534259744676e-14
