galstreams/tracks/track.st.OmegaCen-Fimbulthul.ibata2021.ecsv
# %ECSV 0.9
# ---
# datatype:
# - {name: ra, unit: deg, datatype: float64}
# - {name: dec, unit: deg, datatype: float64}
# - {name: distance, unit: kpc, datatype: float64}
# - {name: pm_ra_cosdec, unit: mas / yr, datatype: float64}
# - {name: pm_dec, unit: mas / yr, datatype: float64}
# - {name: radial_velocity, unit: km / s, datatype: float64}
# delimiter: ','
# meta: !!omap
# - __serialized_columns__:
#     dec:
#       __class__: astropy.coordinates.angles.Latitude
#       unit: &id001 !astropy.units.Unit {unit: deg}
#       value: !astropy.table.SerializedColumn {name: dec}
#     distance:
#       __class__: astropy.coordinates.distances.Distance
#       unit: !astropy.units.Unit {unit: kpc}
#       value: !astropy.table.SerializedColumn {name: distance}
#     pm_dec:
#       __class__: astropy.units.quantity.Quantity
#       unit: !astropy.units.Unit {unit: mas / yr}
#       value: !astropy.table.SerializedColumn {name: pm_dec}
#     pm_ra_cosdec:
#       __class__: astropy.units.quantity.Quantity
#       unit: !astropy.units.Unit {unit: mas / yr}
#       value: !astropy.table.SerializedColumn {name: pm_ra_cosdec}
#     ra:
#       __class__: astropy.coordinates.angles.Longitude
#       unit: *id001
#       value: !astropy.table.SerializedColumn {name: ra}
#       wrap_angle: !astropy.coordinates.Angle
#         unit: *id001
#         value: 360.0
#     radial_velocity:
#       __class__: astropy.units.quantity.Quantity
#       unit: !astropy.units.Unit {unit: km / s}
#       value: !astropy.table.SerializedColumn {name: radial_velocity}
# schema: astropy-2.0
ra,dec,distance,pm_ra_cosdec,pm_dec,radial_velocity
[from data line 1928]
197.02583481840074,-29.637404688265626,5.121316867026054,-6.738822115829724,-7.609654854918288,3.368306851948935e-14
197.0340209577754,-29.629961897796257,5.120128463106544,-6.745123904355429,-7.612322500561181,1.6841534259744676e-14
197.04221176418525,-29.622521853166532,5.118939379225398,-6.7514301386223465,-7.614992156815632,3.368306851948935e-14
197.05040723298563,-29.615084551027394,5.117749616254576,-6.7577408149478195,-7.617663822644074,3.368306851948935e-14
197.05860735953314,-29.607649988030975,5.1165591750660395,-6.764055929649714,-7.620337497006881,6.73661370389787e-14
197.06681213918563,-29.600218160830554,5.115368056531749,-6.770375479046427,-7.623013178862361,8.420767129872338e-14
197.07502156730217,-29.5927890660806,5.114176261523661,-6.776699459456893,-7.625690867166754,3.368306851948935e-14
197.08323563924304,-29.58536270043671,5.112983790913741,-6.783027867200568,-7.628370560874226,1.0104920555846805e-13
197.09145435036987,-29.577939060555693,5.111790645573945,-6.78936069859745,-7.63105225893687,3.368306851948935e-14
197.0996776960454,-29.5705181430955,5.110596826376236,-6.795697949968072,-7.633735960304703,1.0104920555846805e-13
197.1079056716337,-29.563099944715265,5.109402334192573,-6.802039617633497,-7.636421663925665,6.73661370389787e-14
197.1161382725,-29.55568446207533,5.1082071698949125,-6.808385697915337,-7.639109368745618,6.73661370389787e-14
197.12437549401076,-29.548271691837126,5.1070113343552235,-6.8147361871357335,-7.641799073708329,3.368306851948935e-14
197.13261733153365,-29.54086163066336,5.10581482844546,-6.821091081617373,-7.644490777755483,3.368306851948935e-14
197.14086378043763,-29.53345427521787,5.104617653037584,-6.8274503776835,-7.6471844798266835,8.420767129872338e-14
197.14911483609274,-29.526049622165658,5.1034198090035545,-6.8338140716578755,-7.6498801788594335,1.1789073981821273e-13
197.1573704938704,-29.51864766817294,5.102221297215333,-6.840182159864831,-7.652577873789145,3.368306851948935e-14
197.16563074914302,-29.51124840990713,5.10102211854488,-6.846554638629233,-7.655277563549133,1.347322740779574e-13
197.1738955972844,-29.50385184403678,5.099822273864153,-6.852931504276508,-7.65797924707061,1.0104920555846805e-13
197.1821650336694,-29.49645796723165,5.098621764045116,-6.859312753132621,-7.660682923282701,6.73661370389787e-14
197.1904390536742,-29.489066776162705,5.097420589959725,-6.8656983815240995,-7.6633885911124064,6.73661370389787e-14
197.198717652676,-29.481678267502076,5.096218752479946,-6.872088385778023,-7.666096249484625,8.420767129872338e-14
197.2070008260534,-29.474292437923122,5.095016252477733,-6.878482762222021,-7.6688058973221604,5.0524602779234026e-14
197.21528856918596,-29.46690928410034,5.093813090825052,-6.884881507184285,-7.671517533545687,3.368306851948935e-14
197.22358087745454,-29.45952880270948,5.0926092683938595,-6.891284616993566,-7.6742311570737805,6.73661370389787e-14
197.23187774624114,-29.452150990427434,5.091404786056116,-6.897692087979179,-7.676946766822885,6.73661370389787e-14
197.24017917092897,-29.444775843932344,5.090199644683781,-6.9041039164709925,-7.67966436170734,6.73661370389787e-14
197.24848514690237,-29.437403359903495,5.088993845148819,-6.910520098799437,-7.682383940639346,0.0
197.2567956695468,-29.43003353502143,5.087787388323186,-6.916940631295522,-7.685105502529001,6.73661370389787e-14
197.26511073424896,-29.422666365967864,5.086580275078843,-6.923365510290806,-7.687829046284254,1.0104920555846805e-13
197.27343033639664,-29.41530184942571,5.085372506287751,-6.929794732117428,-7.690554570810942,5.0524602779234026e-14
197.28175447137886,-29.4079399820791,5.084164082821871,-6.93622829310809,-7.693282075012766,6.73661370389787e-14
197.29008313458564,-29.40058076061337,5.082955005553162,-6.942666189596074,-7.696011557791289,6.73661370389787e-14
197.29841632140833,-29.39322418171506,5.081745275353582,-6.949108417915218,-7.6987430180459455,3.368306851948935e-14
197.30675402723924,-29.38587024207194,5.080534893095097,-6.955554974399948,-7.701476454674019,1.0104920555846805e-13
197.31509624747198,-29.378518938372945,5.079323859649663,-6.962005855385259,-7.704211866570665,5.0524602779234026e-14
197.32344297750114,-29.371170267308287,5.07811217588924,-6.968461057206728,-7.706949252628895,8.420767129872338e-14
197.3317942127226,-29.363824225569328,5.0768998426857905,-6.974920576200504,-7.7096886117395655,5.0524602779234026e-14
197.3401499485332,-29.356480809848698,5.075686860911274,-6.981384408703324,-7.712429942791392,8.420767129872338e-14
197.34851018033103,-29.3491400168402,5.074473231437651,-6.9878525510524945,-7.715173244670938,3.368306851948935e-14
197.3568749035152,-29.3418018432389,5.073258955136879,-6.994324999585922,-7.717918516262611,1.0104920555846805e-13
197.36524411348603,-29.334466285741048,5.072044032880921,-7.000801750642084,-7.720665756448673,6.73661370389787e-14
197.37361780564484,-29.327133341044124,5.070828465541738,-7.007282800560041,-7.723414964109215,6.73661370389787e-14
197.3819959753942,-29.319803005846865,5.069612253991288,-7.013768145679452,-7.726166138122181,6.73661370389787e-14
197.39037861813762,-29.312475276849156,5.068395399101531,-7.02025778234057,-7.728919277363348,6.73661370389787e-14
197.3987657292799,-29.3051501507522,5.06717790174443,-7.026751706884215,-7.731674380706322,5.0524602779234026e-14
197.4071573042267,-29.297827624258364,5.065959762791944,-7.033249915651823,-7.734431447022553,3.368306851948935e-14
197.41555333838497,-29.29050769407127,5.064740983116031,-7.039752404985409,-7.7371904751813165,3.368306851948935e-14
197.4239538271627,-29.283190356895755,5.063521563588654,-7.046259171227585,-7.739951464049719,5.0524602779234026e-14
197.4323587659689,-29.275875609437893,5.062301505081772,-7.052770210721562,-7.742714412492691,6.73661370389787e-14
197.44076815021378,-29.268563448405008,5.061080808467345,-7.059285519811153,-7.745479319372987,3.368306851948935e-14
197.4491819753085,-29.26125387050564,5.059859474617335,-7.065805094840761,-7.748246183551187,6.73661370389787e-14
197.45760023666537,-29.253946872449564,5.0586375044037,-7.072328932155394,-7.751015003885684,1.0104920555846805e-13
197.4660229296978,-29.246642450947807,5.057414898698401,-7.078857028100666,-7.753785779232705,6.73661370389787e-14
197.47445004982015,-29.239340602712605,5.056191658373399,-7.085389379022788,-7.756558508446268,3.368306851948935e-14
197.48288159244797,-29.23204132445748,5.054967784300654,-7.091925981268573,-7.759333190378217,8.420767129872338e-14
197.49131755299786,-29.22474461289715,5.053743277352125,-7.098466831185454,-7.762109823878209,8.420767129872338e-14
197.49975792688738,-29.21745046474762,5.052518138399774,-7.1050119251214605,-7.764888407793709,6.73661370389787e-14
197.50820270953525,-29.21015887672609,5.0512923683155595,-7.111561259425235,-7.76766894096998,3.368306851948935e-14
197.51665189636117,-29.202869845551053,5.050065967971443,-7.118114830446037,-7.770451422250096,6.73661370389787e-14
197.52510548278596,-29.195583367942213,5.048838938239384,-7.124672634533722,-7.773235850474931,6.73661370389787e-14
197.53356346423138,-29.18829944062055,5.047611279991342,-7.131234668038774,-7.77602222448316,8.420767129872338e-14
197.54202583612036,-29.18101806030826,5.0463829940992815,-7.137800927312284,-7.7788105431112555,6.73661370389787e-14
197.55049259387678,-29.173739223728834,5.045154081435157,-7.1443714087059655,-7.78160080519348,6.73661370389787e-14
197.5589637329256,-29.166462927606982,5.043924542870931,-7.150946108572148,-7.784393009561903,1.6841534259744676e-14
197.56743924869275,-29.159189168668675,5.042694379278564,-7.157525023263779,-7.787187155046363,5.0524602779234026e-14
197.57591913660525,-29.15191794364116,5.041463591530017,-7.164108149134427,-7.789983240474503,1.0104920555846805e-13
197.58440339209116,-29.144649249252893,5.040232180497251,-7.170695482538278,-7.7927812646717545,0.0
197.59289201057945,-29.137383082233658,5.0390001470522225,-7.177287019830155,-7.7955812264613265,3.368306851948935e-14
197.6013849875002,-29.130119439314427,5.0377674920668944,-7.183882757365494,-7.79838312466421,6.73661370389787e-14
197.60988231828455,-29.122858317227486,5.036534216413226,-7.190482691500363,-7.801186958099178,6.73661370389787e-14
197.61838399836458,-29.11559971270635,5.035300320963179,-7.197086818591453,-7.803992725582787,5.0524602779234026e-14
197.62689002317333,-29.108343622485812,5.034065806588713,-7.203695134996089,-7.8068004259293575,1.6841534259744676e-14
197.63540038814492,-29.10109004330194,5.0328306741617865,-7.210307637072223,-7.80961005795099,6.73661370389787e-14
197.6439150887145,-29.093838971892044,5.031594924554362,-7.21692432117844,-7.812421620457569,5.0524602779234026e-14
197.65243412031813,-29.086590404994716,5.030358558638398,-7.223545183673966,-7.815235112256727,8.420767129872338e-14
197.66095747839296,-29.07934433934981,5.029121577285857,-7.2301702209186525,-7.818050532153879,8.420767129872338e-14
197.66948515837706,-29.072100771698455,5.027883981368697,-7.236799429272984,-7.8208678789522,3.368306851948935e-14
197.67801715570948,-29.06485969878306,5.026645771758878,-7.243432805098098,-7.823687151452629,5.0524602779234026e-14
197.68655346583031,-29.057621117347285,5.025406949328363,-7.250070344755755,-7.826508348453869,5.0524602779234026e-14
197.69509408418065,-29.05038502413608,5.02416751494911,-7.2567120446083635,-7.829331468752377,3.368306851948935e-14
197.70363900620245,-29.04315141589567,5.02292746949308,-7.263357901018979,-7.832156511142376,0.0
197.71218822733874,-29.035920289373564,5.021686813832232,-7.270007910351288,-7.834983474415836,6.73661370389787e-14
197.72074174303353,-29.028691641318513,5.020445548838526,-7.276662068969628,-7.837812357362485,6.73661370389787e-14
197.72929954873172,-29.021465468480578,5.019203675383927,-7.283320373238986,-7.8406431587697965,6.73661370389787e-14
197.7378616398793,-29.014241767611114,5.017961194340388,-7.2899828195249885,-7.843475877423,5.0524602779234026e-14
197.7464280119231,-29.007020535462715,5.016718106579876,-7.29664940419391,-7.84631051210507,1.6841534259744676e-14
197.75499866031092,-28.999801768789307,5.0154744129743465,-7.303320123612691,-7.849147061596726,5.0524602779234026e-14
197.76357358049162,-28.992585464346057,5.014230114395761,-7.309994974148901,-7.851985524676429,5.0524602779234026e-14
197.77215276791492,-28.98537161888943,5.012985211716082,-7.316673952170786,-7.854825900120382,6.73661370389787e-14
197.78073621803156,-28.978160229177202,5.0117397058072655,-7.323357054047217,-7.857668186702525,1.0104920555846805e-13
197.78932392629315,-28.970951291968397,5.010493597541276,-7.3300442761477465,-7.860512383194548,6.73661370389787e-14
197.7979158881523,-28.96374480402337,5.009246887790071,-7.3367356148425715,-7.863358488365858,5.0524602779234026e-14
197.80651209906256,-28.95654076210375,5.007999577425611,-7.343431066502547,-7.866206500983608,3.368306851948935e-14
197.8151125544784,-28.949339162972436,5.006751667319858,-7.350130627499197,-7.869056419812672,3.368306851948935e-14
197.82371724985518,-28.94214000339366,5.005503158344769,-7.356834294204693,-7.871908243615666,1.1789073981821273e-13
197.8323261806493,-28.9349432801329,5.004254051372307,-7.3635420629918755,-7.874761971152925,1.0104920555846805e-13
197.84093934231802,-28.92774898995697,5.003004347274433,-7.370253930234249,-7.877617601182506,8.420767129872338e-14
197.84955673031953,-28.92055712963398,5.001754046923105,-7.376969892305983,-7.8804751324602025,6.73661370389787e-14
197.858178340113,-28.913367695933317,5.0005031511902835,-7.383689945581905,-7.88333456373952,3.368306851948935e-14
197.8668041671584,-28.90618068562567,4.999251660947929,-7.390414086437525,-7.886195893771683,5.0524602779234026e-14
197.87543420691674,-28.898996095483046,4.997999577068002,-7.397142311249013,-7.8890591213056425,1.6841534259744676e-14
197.88406845484985,-28.891813922278743,4.996746900422464,-7.403874616393203,-7.891924245088056,6.73661370389787e-14
197.89270690642059,-28.884634162787354,4.995493631883272,-7.410610998247613,-7.894791263863298,6.73661370389787e-14
197.90134955709257,-28.877456813784796,4.994239772322389,-7.417351453190425,-7.897660176373463,1.1789073981821273e-13
197.90999640233045,-28.870281872048263,4.992985322611775,-7.424095977600498,-7.90053098135834,1.1789073981821273e-13
197.9186474375997,-28.863109334356285,4.991730283623387,-7.4308445678573705,-7.903403677555441,6.73661370389787e-14
197.92730265836673,-28.855939197488677,4.990474656229191,-7.437597220341248,-7.906278263699976,8.420767129872338e-14
197.93596206009886,-28.848771458226597,4.9892184413011424,-7.44435393143302,-7.909154738524869,1.0104920555846805e-13
197.94462563826426,-28.84160611335246,4.9879616397112025,-7.45111469751426,-7.912033100760732,5.0524602779234026e-14
197.953293388332,-28.83444315965004,4.986704252331333,-7.45787951496721,-7.914913349135899,1.6841534259744676e-14
197.96196530577208,-28.827282593904414,4.985446280033494,-7.464648380174804,-7.917795482376379,3.368306851948935e-14
197.97064138605532,-28.820124412901944,4.984187723689644,-7.471421289520658,-7.920679499205895,8.420767129872338e-14
197.97932162465347,-28.81296861343034,4.982928584171744,-7.4781982393890685,-7.923565398345863,8.420767129872338e-14
197.98800601703917,-28.80581519227862,4.981668862351755,-7.484979226165021,-7.9264531785153896,3.368306851948935e-14
197.99669455868587,-28.79866414623711,4.980408559101638,-7.4917642462341805,-7.929342838431269,6.73661370389787e-14
198.00538724506796,-28.791515472097455,4.9791476752933495,-7.498553295982918,-7.932234376808005,3.368306851948935e-14
198.01408407166068,-28.78436916665264,4.977886211798853,-7.505346371798275,-7.935127792357765,5.0524602779234026e-14
198.02278503394012,-28.777225226696945,4.976624169490107,-7.512143470067991,-7.938023083790413,5.0524602779234026e-14
198.03149012738322,-28.770083649025995,4.975361549239073,-7.518944587180503,-7.940920249813509,8.420767129872338e-14
198.04019934746785,-28.7629444304367,4.974098351917713,-7.52574971952493,-7.943819289132269,5.0524602779234026e-14
198.0489126896727,-28.75580756772736,4.972834578397983,-7.5325588634911,-7.946720200449622,3.368306851948935e-14
198.05763014947726,-28.748673057697534,4.971570229551846,-7.539372015469524,-7.94962298246616,5.0524602779234026e-14
198.06635172236196,-28.741540897148145,4.9703053062512605,-7.54618917185142,-7.9525276338801465,6.73661370389787e-14
198.07507740380802,-28.734411082881433,4.969039809368188,-7.553010329028695,-7.955434153387535,6.73661370389787e-14
198.08380718929757,-28.72728361170096,4.9677737397745885,-7.559835483393967,-7.958342539681944,5.0524602779234026e-14
198.09254107431352,-28.72015848041163,4.966507098342426,-7.566664631340545,-7.961252791454668,1.6841534259744676e-14
198.10127905433967,-28.713035685819683,4.965239885943653,-7.573497769262444,-7.964164907394676,3.368306851948935e-14
198.1100211248606,-28.70591522473268,4.963972103450233,-7.580334893554386,-7.967078886188597,8.420767129872338e-14
198.11876728136178,-28.698797093959517,4.9627037517341295,-7.58717600061179,-7.969994726520733,5.0524602779234026e-14
198.12751751932953,-28.69168129031043,4.961434831667301,-7.594021086830788,-7.9729124270730525,3.368306851948935e-14
198.13627183425095,-28.68456781059698,4.960165344121704,-7.600870148608218,-7.97583198652519,6.73661370389787e-14
198.14503022161392,-28.677456651632077,4.958895289969302,-7.6077231823416325,-7.978753403554434,1.0104920555846805e-13
198.15379267690733,-28.670347810229952,4.9576246700820565,-7.614580184429269,-7.981676676835738,1.0104920555846805e-13
198.16255919562067,-28.663241283206208,4.956353485331926,-7.621441151270108,-7.984601805041722,8.420767129872338e-14
198.17132977324442,-28.656137067377752,4.95508173659087,-7.628306079263819,-7.9875287868426454,1.0104920555846805e-13
198.1801044052698,-28.64903515956285,4.95380942473085,-7.6351749648107985,-7.990457620906446,5.0524602779234026e-14
