galstreams/tracks/track.Gaia-5.malhan2018.ecsv
# %ECSV 0.9
# ---
# datatype:
# - {name: sc.ra, unit: deg, datatype: float64}
# - {name: sc.dec, unit: deg, datatype: float64}
# - {name: sc.distance, unit: kpc, datatype: float64}
# - {name: width, datatype: float64}
# meta: !!omap
# - __serialized_columns__:
#     sc:
#       __class__: astropy.coordinates.sky_coordinate.SkyCoord
#       dec: !astropy.table.SerializedColumn
#         __class__: astropy.coordinates.angles.Latitude
#         unit: &id001 !astropy.units.Unit {unit: deg}
#         value: !astropy.table.SerializedColumn {name: sc.dec}
#       distance: !astropy.table.SerializedColumn
#         __class__: astropy.coordinates.distances.Distance
#         unit: !astropy.units.Unit {unit: kpc}
#         value: !astropy.table.SerializedColumn {name: sc.distance}
#       frame: icrs
#       ra: !astropy.table.SerializedColumn
#         __class__: astropy.coordinates.angles.Longitude
#         unit: *id001
#         value: !astropy.table.SerializedColumn {name: sc.ra}
#         wrap_angle: !astropy.coordinates.Angle
#           unit: *id001
#           value: 360.0
#       representation_type: spherical
# schema: astropy-2.0
sc.ra sc.dec sc.distance width
[from data line 268]
138.60649630222704 25.25430283900388 18.688999564967887 0.0
138.61257858743747 25.262653978306286 18.68971512793382 0.0
138.61866170939425 25.27100486837612 18.6904307893405 0.0
138.62474566850358 25.279355509084976 18.691146549235715 0.0
138.6308304651717 25.287705900304303 18.69186240766726 0.0
138.63691609980518 25.296056041905622 18.692578364682962 0.0
138.64300257281064 25.304405933760332 18.693294420330663 0.0
138.64908988459476 25.312755575739782 18.694010574658208 0.0
138.65517803556443 25.321104967715304 18.694726827713463 0.0
138.66126702612672 25.32945410955807 18.69544317954432 0.0
138.66735685668877 25.337803001139356 18.69615963019868 0.0
138.67344752765788 25.346151642330305 18.696876179724455 0.0
138.6795390394415 25.35450003300194 18.697592828169586 0.0
138.68563139244716 25.36284817302539 18.69830957558202 0.0
138.69172458708266 25.371196062271576 18.699026422009723 0.0
138.69781862375578 25.379543700611432 18.69974336750068 0.0
138.70391350287457 25.3878910879159 18.700460412102892 0.0
138.71000922484714 25.39623822405573 18.70117755586437 0.0
138.7161057900818 25.40458510890176 18.701894798833152 0.0
138.7222031989869 25.412931742324666 18.702612141057283 0.0
138.72830145197105 25.421278124195105 18.70332958258483 0.0
138.73440054944294 25.42962425438376 18.704047123463877 0.0
138.74050049181136 25.43797013276113 18.704764763742514 0.0
138.74660127948533 25.446315759197734 18.70548250346886 0.0
138.75270291287393 25.454661133564038 18.70620034269105 0.0
138.75880539238645 25.46300625573043 18.70691828145723 0.0
138.76490871843222 25.471351125567267 18.707636319815556 0.0
138.7710128914208 25.47969574294484 18.708354457814213 0.0
138.7771179117619 25.488040107733383 18.7090726955014 0.0
138.7832237798653 25.49638421980309 18.709791032925327 0.0
138.78933049614093 25.504728079024094 18.710509470134227 0.0
138.79543806099895 25.513071685266468 18.711228007176345 0.0
138.80154647484952 25.521415038400246 18.711946644099942 0.0
138.80765573810302 25.529758138295392 18.712665380953297 0.0
138.81376585117002 25.53810098482183 18.713384217784707 0.0
138.81987681446108 25.546443577849423 18.71410315464248 0.0
138.8259886283871 25.554785917247987 18.714822191574953 0.0
138.83210129335893 25.56312800288727 18.71554132863046 0.0
138.83821480978773 25.57146983463698 18.71626056585738 0.0
138.8443291780846 25.579811412366766 18.71697990330407 0.0
138.850444398661 25.58815273594622 18.717699341018943 0.0
138.85656047192842 25.596493805244883 18.718418879050404 0.0
138.86267739829844 25.60483462013226 18.719138517446876 0.0
138.86879517818284 25.613175180477764 18.719858256256803 0.0
138.8749138119936 25.62151548615078 18.72057809552866 0.0
138.88103330014275 25.62985553702064 18.721298035310912 0.0
138.8871536430425 25.638195332956602 18.72201807565206 0.0
138.89327484110518 25.646534873827925 18.72273821660061 0.0
138.89939689474326 25.654874159503695 18.72345845820509 0.0
138.9055198043694 25.663213189853078 18.724178800514046 0.0
138.9116435703964 25.671551964745145 18.724899243576047 0.0
138.9177681932371 25.679890484048826 18.72561978743966 0.0
138.9238936733046 25.688228747633154 18.72634043215348 0.0
138.93002001101206 25.696566755366945 18.727061177766124 0.0
138.9361472067728 25.70490450711905 18.727782024326213 0.0
138.94227526100042 25.713242002758314 18.728502971882403 0.0
138.94840417410836 25.721579242153368 18.729224020483336 0.0
138.9545339465105 25.72991622517299 18.729945170177707 0.0
138.9606645786207 25.73825295168573 18.730666421014202 0.0
138.96679607085304 25.74658942156014 18.731387773041533 0.0
138.97292842362168 25.75492563466481 18.732109226308435 0.0
138.97906163734095 25.76326159086813 18.73283078086364 0.0
138.98519571242537 25.771597290038514 18.733552436755925 0.0
138.99133064928944 25.779932732044323 18.73427419403405 0.0
138.997466448348 25.788267916753824 18.734996052746823 0.0
139.00360311001597 25.796602844035274 18.735718012943057 0.0
139.00974063470835 25.804937513756855 18.73644007467157 0.0
139.01587902284035 25.81327192578669 18.737162237981217 0.0
139.02201827482727 25.821606079992858 18.737884502920856 0.0
139.02815839108462 25.829939976243363 18.738606869539367 0.0
139.03429937202793 25.83827361440618 18.73932933788564 0.0
139.04044121807306 25.846606994349216 18.740051908008596 0.0
139.04658392963586 25.85494011594031 18.74077457995716 0.0
139.05272750713237 25.863272979047277 18.74149735378028 0.0
139.05887195097876 25.871605583537853 18.74222022952691 0.0
139.06501726159144 25.879937929279734 18.74294320724605 0.0
139.07116343938674 25.88827001614055 18.743666286986674 0.0
139.0773104847814 25.89660184398786 18.744389468797813 0.0
139.0834583981922 25.904933412689207 18.74511275272849 0.0
139.08960718003593 25.91326472211205 18.745836138827755 0.0
139.09575683072964 25.92159577212381 18.746559627144663 0.0
139.10190735069062 25.929926562591827 18.74728321772831 0.0
139.10805874033616 25.93825709338342 18.748006910627783 0.0
139.11421100008374 25.946587364365822 18.748730705892203 0.0
139.12036413035094 25.954917375406236 18.749454603570697 0.0
139.12651813155557 25.963247126371783 18.75017860371242 0.0
139.13267300411553 25.97157661712957 18.75090270636653 0.0
139.13882874844884 25.97990584754656 18.751626911582218 0.0
139.14498536497376 25.988234817489783 18.752351219408677 0.0
139.15114285410863 25.99656352682616 18.753075629895132 0.0
139.15730121627183 26.004891975422474 18.753800143090803 0.0
139.16346045188212 26.013220163145615 18.754524759044955 0.0
139.1696205613582 26.021548089862243 18.755249477806846 0.0
139.175781545119 26.029875755439118 18.755974299425766 0.0
139.18194340358366 26.038203159742867 18.756699223951017 0.0
139.18810613717125 26.04653030264001 18.75742425143191 0.0
139.19426974630122 26.054857183997157 18.75814938191779 0.0
139.20043423139307 26.06318380368071 18.75887461545801 0.0
139.20659959286638 26.071510161557082 18.759599952101926 0.0
139.21276583114104 26.079836257492687 18.760325391898945 0.0
139.21893294663687 26.088162091353766 18.761050934898456 0.0
139.22510093977405 26.096487663006588 18.76177658114989 0.0
139.23126981097272 26.104812972317326 18.762502330702674 0.0
139.23743956065329 26.113138019152128 18.76322818360627 0.0
139.24361018923625 26.121462803377057 18.763954139910147 0.0
139.2497816971423 26.129787324858146 18.7646801996638 0.0
139.2559540847922 26.138111583461345 18.76540636291673 0.0
139.26212735260697 26.146435579052568 18.766132629718467 0.0
139.2683015010076 26.154759311497664 18.766859000118544 0.0
139.2744765304154 26.16308278066243 18.767585474166516 0.0
139.28065244125176 26.1714059864126 18.768312051911973 0.0
139.28682923393822 26.17972892861386 18.769038733404496 0.0
139.29300690889642 26.18805160713183 18.769765518693696 0.0
139.29918546654818 26.196374021832096 18.7704924078292 0.0
139.30536490731552 26.204696172580157 18.771219400860648 0.0
139.31154523162053 26.213018059241463 18.77194649783771 0.0
139.3177264398855 26.221339681681428 18.772673698810056 0.0
139.32390853253278 26.22966103976539 18.773401003827388 0.0
139.33009150998495 26.237982133358635 18.774128412939405 0.0
139.33627537266477 26.246302962326396 18.774855926195855 0.0
139.342460120995 26.254623526533845 18.775583543646473 0.0
139.3486457553987 26.262943825846097 18.776311265341025 0.0
139.354832276299 26.27126386012822 18.777039091329293 0.0
139.36101968411913 26.279583629245206 18.777767021661074 0.0
139.36720797928263 26.287903133062013 18.77849505638619 0.0
139.37339716221294 26.296222371443516 18.779223195554465 0.0
139.37958723333392 26.30454134425456 18.779951439215754 0.0
139.38577819306943 26.312860051359927 18.78067978741993 0.0
139.39197004184342 26.321178492624345 18.781408240216873 0.0
139.39816278008007 26.329496667912416 18.782136797656477 0.0
139.40435640820377 26.337814577088814 18.782865459788677 0.0
139.41055092663893 26.346132220018053 18.783594226663404 0.0
139.4167463358102 26.354449596564642 18.78432309833061 0.0
139.4229426361423 26.36276670659303 18.78505207484027 0.0
139.42913982806007 26.371083549967523 18.78578115624236 0.0
139.4353379119887 26.379400126552543 18.786510342586908 0.0
139.44153688835334 26.38771643621227 18.78723963392392 0.0
139.4477367575793 26.396032478810913 18.787969030303447 0.0
139.45393752009213 26.404348254212696 18.788698531775545 0.0
139.46013917631743 26.412663762281632 18.789428138390285 0.0
139.466341726681 26.420979002881786 18.790157850197765 0.0
139.4725451716088 26.429293975877133 18.790887667248093 0.0
139.47874951152693 26.43760868113156 18.791617589591404 0.0
139.48495474686158 26.44592311850901 18.792347617277834 0.0
139.49116087803918 26.454237287873205 18.79307775035755 0.0
139.49736790548621 26.46255118908793 18.79380798888073 0.0
139.5035758296294 26.470864822016857 18.794538332897577 0.0
139.5097846508956 26.479178186523626 18.795268782458304 0.0
139.5159943697117 26.487491282471815 18.795999337613143 0.0
139.52220498650487 26.49580410972494 18.79672999841234 0.0
139.5284165017024 26.504116668146438 18.797460764906162 0.0
139.53462891573173 26.51242895759974 18.79819163714491 0.0
139.54084222902037 26.520740977948165 18.798922615178867 0.0
139.54705644199606 26.52905272905501 18.79965369905836 0.0
139.55327155508672 26.537364210783505 18.800384888833733 0.0
139.5594875687203 26.545675422996812 18.80111618455533 0.0
139.56570448332505 26.553986365558046 18.801847586273535 0.0
139.57192229932917 26.562297038330254 18.802579094038727 0.0
139.57814101716124 26.570607441176442 18.80331070790132 0.0
139.5843606372498 26.578917573959547 18.804042427911742 0.0
139.59058116002365 26.587227436542427 18.804774254120428 0.0
139.5968025859117 26.595537028787938 18.805506186577844 0.0
139.603024915343 26.60384635055881 18.80623822533447 0.0
139.60924814874681 26.61215540171777 18.8069703704408 0.0
139.61547228655238 26.620464182127456 18.80770262194734 0.0
139.62169732918932 26.628772691650465 18.808434979904625 0.0
139.62792327708726 26.637080930149313 18.809167444363208 0.0
139.63415013067603 26.645388897486487 18.80990001537365 0.0
139.64037789038557 26.653696593524394 18.810632692986538 0.0
139.646606556646 26.662004018125387 18.81136547725247 0.0
139.65283612988756 26.670311171151766 18.812098368222067 0.0
139.6590666105407 26.678618052465765 18.812831365945964 0.0
139.66529799903594 26.686924661929595 18.813564470474816 0.0
139.67153029580402 26.6952309994053 18.814297681859298 0.0
139.67776350127576 26.703537064755018 18.81503100015009 0.0
139.68399761588228 26.71184285784076 18.815764425397916 0.0
139.69023264005457 26.720148378524392 18.81649795765348 0.0
139.6964685742241 26.728453626667893 18.81723159696754 0.0
139.70270541882226 26.736758602133023 18.817965343390853 0.0
139.70894317428065 26.745063304781553 18.818699196974194 0.0
139.7151818410311 26.753367734475262 18.819433157768366 0.0
139.72142141950545 26.761671891075725 18.82016722582417 0.0
139.72766191013585 26.769975774444603 18.820901401192454 0.0
139.73390331335443 26.778279384443376 18.82163568392405 0.0
139.7401456295936 26.786582720933545 18.822370074069834 0.0
139.74638885928587 26.79488578377651 18.82310457168069 0.0
139.75263300286394 26.80318857283365 18.823839176807525 0.0
139.7588780607606 26.81149108796625 18.824573889501245 0.0
139.76512403340885 26.81979332903555 18.825308709812806 0.0
139.77137092124175 26.82809529590273 18.82604363779315 0.0
139.77761872469267 26.836396988428923 18.826778673493255 0.0
139.78386744419498 26.844698406475178 18.827513816964114 0.0
139.79011708018226 26.852999549902506 18.828249068256735 0.0
139.79636763308824 26.861300418571844 18.828984427422146 0.0
139.8026191033468 26.86960101234408 18.82971989451139 0.0
139.808871491392 26.877901331080036 18.83045546957553 0.0
139.815124797658 26.886201374640482 18.831191152665646 0.0
139.82137902257918 26.894501142886117 18.831926943832844 0.0
139.82763416658997 26.90280063567761 18.832662843128233 0.0
139.83389023012506 26.91109985287552 18.833398850602947 0.0
139.84014721361922 26.91939879434039 18.83413496630814 0.0
139.84640511750737 26.927697459932688 18.834871190294987 0.0
139.8526639422247 26.93599584951282 18.83560752261467 0.0
139.85892368820635 26.944293962941124 18.836343963318395 0.0
139.8651843558878 26.95259180007792 18.83708051245739 0.0
139.87144594570455 26.96088936078341 18.83781717008289 0.0
139.87770845809237 26.969186644917773 18.83855393624616 0.0
139.88397189348706 26.97748365234112 18.839290810998477 0.0
139.89023625232468 26.985780382913507 18.84002779439114 0.0
139.89650153504138 26.99407683649492 18.840764886475455 0.0
139.90276774207348 27.002373012945284 18.84150208730276 0.0
139.9090348738575 27.010668912124498 18.842239396924413 0.0
139.91530293082994 27.018964533892312 18.842976815391758 0.0
139.92157191342767 27.02725987810854 18.843714342756197 0.0
139.92784182208763 27.035554944632864 18.844451979069134 0.0
139.93411265724683 27.043849733324866 18.84518972438198 0.0
139.94038441934265 27.05214424404419 18.845927578746196 0.0
139.9466571088123 27.06043847665027 18.846665542213213 0.0
139.95293072609348 27.06873243100262 18.847403614834526 0.0
139.95920527162383 27.07702610696062 18.848141796661626 0.0
139.96548074584118 27.085319504383552 18.84888008774602 0.0
139.97175714918356 27.09361262313076 18.849618488139242 0.0
139.9780344820891 27.101905463061396 18.850356997892835 0.0
139.98431274499615 27.110198024034602 18.85109561705837 0.0
139.9905919383432 27.118490305909546 18.851834345687433 0.0
139.9968720625688 27.126782308545174 18.852573183831623 0.0
140.00315311811178 27.135074031800485 18.853312131542562 0.0
140.009435105411 27.143365475534395 18.854051188871882 0.0
140.01571802490562 27.15165663960574 18.85479035587125 0.0
140.02200187703488 27.159947523873306 18.85552963259234 0.0
140.02828666223812 27.168238128195824 18.856269019086838 0.0
140.03457238095493 27.176528452431956 18.857008515406463 0.0
140.040859033625 27.18481849644031 18.857748121602942 0.0
140.04714662068815 27.19310826007944 18.858487837728017 0.0
140.05343514258445 27.20139774320781 18.859227663833465 0.0
140.05972459975402 27.209686945683845 18.85996759997106 0.0
140.06601499263718 27.217975867365922 18.86070764619261 0.0
140.07230632167443 27.22626450811233 18.861447802549932 0.0
140.07859858730637 27.23455286778131 18.862188069094866 0.0
140.08489178997382 27.24284094623105 18.862928445879273 0.0
140.0911859301177 27.251128743319654 18.863668932955022 0.0
140.0974810081791 27.259416258905187 18.86440953037401 0.0
140.10377702459925 27.267703492845648 18.865150238188146 0.0
140.11007397981965 27.275990444998964 18.86589105644937 0.0
140.1163718742817 27.284277115223013 18.86663198520961 0.0
140.12267070842725 27.292563503375607 18.86737302452085 0.0
140.12897048269812 27.300849609314493 18.868114174435075 0.0
140.13527119753638 27.30913543289737 18.86885543500428 0.0
140.14157285338413 27.317420973981868 18.869596806280487 0.0
140.14787545068378 27.325706232425546 18.87033828831574 0.0
140.15417898987778 27.333991208085937 18.871079881162093 0.0
140.1604834714088 27.342275900820418 18.871821584871626 0.0
140.16678889571963 27.350560310486443 18.87256339949643 0.0
140.17309526325332 27.358844436941325 18.873305325088626 0.0
140.17940257445284 27.36712828004227 18.874047361700335 0.0
140.18571082976158 27.375411839646553 18.874789509383714 0.0
140.19202002962288 27.383695115611236 18.87553176819093 0.0
140.1983301744804 27.391978107793445 18.876274138174164 0.0
140.20464126477785 27.400260816050213 18.87701661938563 0.0
140.21095330095912 27.408543240238416 18.877759211877542 0.0
140.21726628346835 27.416825380215023 18.87850191570216 0.0
140.2235802127496 27.425107235836823 18.87924473091172 0.0
140.22989508924732 27.43338880696056 18.87998765755851 0.0
140.2362109134061 27.44167009344301 18.880730695694837 0.0
140.24252768567052 27.44995109514076 18.881473845373 0.0
140.2488454064855 27.458231811910412 18.882217106645353 0.0
