galstreams/tracks/track.st.New-6.ibata2024.ecsv
# %ECSV 1.0
# ---
# datatype:
# - {name: ra, unit: deg, datatype: float64}
# - {name: dec, unit: deg, datatype: float64}
# - {name: distance, unit: kpc, datatype: float64}
# - {name: pm_ra_cosdec, unit: mas / yr, datatype: float64}
# - {name: pm_dec, unit: mas / yr, datatype: float64}
# - {name: radial_velocity, unit: km / s, datatype: float64}
# delimiter: ','
# meta: !!omap
# - __serialized_columns__:
#     dec:
#       __class__: astropy.coordinates.angles.Latitude
#       unit: &id001 !astropy.units.Unit {unit: deg}
#       value: !astropy.table.SerializedColumn {name: dec}
#     distance:
#       __class__: astropy.coordinates.distances.Distance
#       unit: !astropy.units.Unit {unit: kpc}
#       value: !astropy.table.SerializedColumn {name: distance}
#     pm_dec:
#       __class__: astropy.units.quantity.Quantity
#       unit: !astropy.units.Unit {unit: mas / yr}
#       value: !astropy.table.SerializedColumn {name: pm_dec}
#     pm_ra_cosdec:
#       __class__: astropy.units.quantity.Quantity
#       unit: !astropy.units.Unit {unit: mas / yr}
#       value: !astropy.table.SerializedColumn {name: pm_ra_cosdec}
#     ra:
#       __class__: astropy.coordinates.angles.Longitude
#       unit: *id001
#       value: !astropy.table.SerializedColumn {name: ra}
#       wrap_angle: !astropy.coordinates.Angle
#         unit: *id001
#         value: 360.0
#     radial_velocity:
#       __class__: astropy.units.quantity.Quantity
#       unit: !astropy.units.Unit {unit: km / s}
#       value: !astropy.table.SerializedColumn {name: radial_velocity}
# schema: astropy-2.0
ra,dec,distance,pm_ra_cosdec,pm_dec,radial_velocity
[from data line 4819]
110.01924704103611,75.82037092883515,1.0000000000000007,-19.38045016833275,-12.833054365654856,-67.56166888305515
110.06011698757098,75.81980586978314,1.0000000000000004,-19.38946050962237,-12.82061012833716,-67.59657444322772
110.10098369791343,75.8192337290444,1.0000000000000007,-19.398461292190255,-12.808160484320338,-67.63148101674581
110.14184713201809,75.81865450738681,1.0000000000000004,-19.407452504307106,-12.79570545557608,-67.66638859947649
110.1827072498583,75.81806820558877,1.0000000000000007,-19.416434134290345,-12.783245064095599,-67.70129718728707
110.22356401142622,75.81747482443912,1.0000000000000004,-19.425406170504214,-12.770779331889479,-67.73620677604471
110.26441737673308,75.8168743647371,1.0000000000000007,-19.434368601359786,-12.75830828098754,-67.77111736161659
110.30526730580945,75.8162668272925,1.0000000000000007,-19.44332141531509,-12.745831933438623,-67.80602893986988
110.34611375870548,75.81565221292547,1.0000000000000007,-19.452264600875157,-12.733350311310442,-67.84094150667181
110.38695669549112,75.81503052246666,1.0000000000000007,-19.461198146592075,-12.720863436689406,-67.87585505788957
110.42779607625627,75.81440175675708,1.0000000000000004,-19.470122041065057,-12.708371331680478,-67.91076958939034
110.46863186111112,75.81376591664822,1.0000000000000007,-19.479036272940505,-12.695874018406972,-67.94568509704135
110.50946401018643,75.81312300300195,1.0000000000000007,-19.487940830912112,-12.683371519010393,-67.98060157670976
110.5502924836336,75.81247301669059,1.0000000000000007,-19.496835703720873,-12.670863855650273,-68.01551902426277
110.59111724162496,75.8118159585968,1.0000000000000007,-19.505720880155156,-12.658351050504022,-68.05043743556756
110.63193824435409,75.8111518296137,1.0000000000000007,-19.514596349050798,-12.645833125766702,-68.08535680649138
110.67275545203597,75.81048063064479,1.0000000000000007,-19.52346209929113,-12.633310103650913,-68.12027713290136
110.71356882490726,75.80980236260389,1.0000000000000004,-19.53231811980707,-12.620782006386587,-68.15519841066472
110.75437832322638,75.80911702641528,1.0000000000000007,-19.54116439957715,-12.608248856220857,-68.19012063564871
110.795183907274,75.80842462301356,1.0000000000000007,-19.550000927627583,-12.595710675417834,-68.22504380372037
110.83598553735304,75.80772515334368,1.0000000000000004,-19.558827693032377,-12.583167486258485,-68.25996791074705
110.87678317378906,75.807018618361,1.0000000000000007,-19.5676446849133,-12.570619311040396,-68.29489295259592
110.91757677693035,75.80630501903116,1.0000000000000007,-19.576451892439994,-12.558066172077726,-68.32981892513409
110.95836630714822,75.80558435633017,1.0000000000000007,-19.585249304830047,-12.545508091700897,-68.36474582422883
110.99915172483735,75.80485663124439,1.0000000000000004,-19.594036911349,-12.532945092256483,-68.39967364574731
111.03993299041574,75.80412184477048,1.0000000000000007,-19.602814701310436,-12.520377196107084,-68.43460238555673
111.0807100643252,75.80337999791541,1.0000000000000007,-19.611582664076035,-12.507804425631068,-68.46953203952425
111.1214829070315,75.80263109169648,1.0000000000000007,-19.62034078905563,-12.495226803222442,-68.50446260351711
111.16225147902455,75.8018751271413,1.0000000000000009,-19.629089065707234,-12.482644351290695,-68.53939407340253
111.20301574081859,75.80111210528771,1.0000000000000007,-19.637827483537112,-12.470057092260632,-68.57432644504763
111.24377565295256,75.80034202718393,1.0000000000000007,-19.646556032099845,-12.457465048572132,-68.60925971431962
111.28453117599024,75.79956489388837,1.0000000000000009,-19.65527470099837,-12.444868242680059,-68.64419387708574
111.32528227052046,75.79878070646977,1.0000000000000007,-19.663983479884045,-12.43226669705405,-68.67912892921315
111.36602889715732,75.7979894660071,1.0000000000000007,-19.672682358456658,-12.419660434178356,-68.714064866569
111.4067710165405,75.79719117358958,1.0000000000000007,-19.68137132646453,-12.407049476551652,-68.7490016850206
111.44750858933538,75.79638583031668,1.0000000000000007,-19.690050373704526,-12.394433846686884,-68.78393938043503
111.48824157623339,75.79557343729815,1.0000000000000007,-19.698719490022132,-12.381813567111092,-68.81887794867957
111.52896993795204,75.79475399565389,1.0000000000000007,-19.707378665311506,-12.369188660365237,-68.85381738562138
111.56969363523532,75.79392750651407,1.0000000000000004,-19.716027889515466,-12.35655914900402,-68.8887576871276
111.61041262885392,75.79309397101906,1.0000000000000007,-19.724667152625614,-12.34392505559572,-68.92369884906552
111.65112687960529,75.79225339031944,1.0000000000000007,-19.733296444682374,-12.331286402722014,-68.95864086730231
111.691836348314,75.79140576557597,1.0000000000000007,-19.74191575577494,-12.318643212977836,-68.99358373770514
111.73254099583198,75.7905510979596,1.0000000000000007,-19.750525076041463,-12.30599550897113,-69.02852745614115
111.77324078303863,75.78968938865142,1.0000000000000004,-19.759124395669016,-12.293343313322762,-69.06347201847763
111.81393567084116,75.7888206388428,1.0000000000000007,-19.76771370489362,-12.280686648666293,-69.09841742058174
111.85462562017469,75.78794484973511,1.0000000000000007,-19.776292994000343,-12.268025537647835,-69.13336365832069
111.89531059200256,75.78706202253998,1.0000000000000007,-19.78486225332331,-12.255360002925862,-69.16831072756165
111.93599054731658,75.78617215847915,1.0000000000000009,-19.79342147324575,-12.242690067171027,-69.2032586241718
111.97666544713707,75.7852752587845,1.0000000000000007,-19.80197064420005,-12.23001575306603,-69.23820734401838
112.01733525251332,75.78437132469799,1.0000000000000007,-19.810509756667763,-12.217337083305399,-69.27315688296852
112.05799992452363,75.78346035747174,1.0000000000000007,-19.81903880117968,-12.204654080595336,-69.30810723688947
112.09865942427561,75.78254235836793,1.0000000000000007,-19.827557768315884,-12.191966767653554,-69.34305840164845
112.13931371290636,75.78161732865891,1.0000000000000004,-19.836066648705724,-12.179275167209083,-69.37801037311256
112.17996275158274,75.780685269627,1.0000000000000007,-19.844565433027917,-12.166579302002122,-69.41296314714904
112.22060650150149,75.7797461825647,1.0000000000000007,-19.853054112010557,-12.153879194783844,-69.44791671962513
112.2612449238896,75.77880006877447,1.0000000000000007,-19.86153267643117,-12.141174868316227,-69.48287108640798
112.30187798000432,75.77784692956895,1.0000000000000007,-19.870001117116708,-12.128466345371901,-69.51782624336478
112.34250563113358,75.7768867662707,1.0000000000000007,-19.87845942494363,-12.115753648733936,-69.55278218636273
112.38312783859605,75.7759195802124,1.0000000000000007,-19.886907590837943,-12.103036801195703,-69.58773891126903
112.42374456374156,75.77494537273671,1.0000000000000007,-19.895345605775177,-12.090315825560678,-69.6226964139509
112.46435576795093,75.77396414519633,1.0000000000000007,-19.903773460780474,-12.077590744642315,-69.65765469027548
112.50496141263666,75.77297589895393,1.0000000000000004,-19.912191146928606,-12.064861581263788,-69.69261373610998
112.54556145924278,75.77198063538223,1.0000000000000004,-19.920598655343998,-12.0521283582579,-69.72757354732158
112.58615586924527,75.77097835586389,1.0000000000000004,-19.92899597720078,-12.039391098466844,-69.76253411977757
112.6267446041521,75.76996906179153,1.0000000000000007,-19.937383103722766,-12.026649824742123,-69.79749544934506
112.66732762550363,75.76895275456776,1.0000000000000007,-19.945760026183574,-12.013904559944255,-69.83245753189122
112.70790489487271,75.76792943560518,1.0000000000000007,-19.954126735906584,-12.001155326942685,-69.8674203632833
112.74847637386495,75.76689910632626,1.0000000000000007,-19.96248322426499,-11.98840214861558,-69.90238393938851
112.78904202411871,75.76586176816342,1.0000000000000007,-19.970829482681793,-11.975645047849703,-69.93734825607399
112.82960180730576,75.76481742255905,1.0000000000000007,-19.979165502629932,-11.962884047540122,-69.97231330920692
112.87015568513107,75.76376607096539,1.0000000000000007,-19.9874912756322,-11.950119170590177,-70.00727909465458
112.9107036193331,75.76270771484461,1.0000000000000007,-19.99580679326129,-11.937350439911242,-70.0422456082841
112.95124557168425,75.76164235566877,1.0000000000000009,-20.0041120471399,-11.924577878422522,-70.07721284596266
112.9917815039908,75.76056999491978,1.0000000000000007,-20.012407028940657,-11.911801509050953,-70.11218080355752
113.0323113780933,75.75949063408945,1.0000000000000007,-20.020691730386233,-11.899021354730923,-70.14714947693581
113.07283515586651,75.75840427467942,1.0000000000000007,-20.028966143249267,-11.886237438404253,-70.18211886196478
113.11335279921998,75.7573109182012,1.0000000000000007,-20.03723025935249,-11.873449783019856,-70.21708895451158
113.15386427009798,75.75621056617611,1.0000000000000007,-20.045484070568683,-11.860658411533706,-70.25205975044344
113.19436953047986,75.7551032201353,1.0000000000000007,-20.053727568820737,-11.847863346908536,-70.28703124562749
113.23486854238007,75.75398888161972,1.0000000000000007,-20.06196074608163,-11.8350646121138,-70.32200343593098
113.27536126784858,75.75286755218016,1.0000000000000007,-20.07018359437451,-11.822262230125375,-70.35697631722113
113.31584766897096,75.75173923337715,1.0000000000000007,-20.07839610577264,-11.809456223925494,-70.39194988536507
113.35632770786862,75.75060392678101,1.0000000000000007,-20.086598272399495,-11.79664661650247,-70.42692413623007
113.39680134669894,75.74946163397182,1.0000000000000004,-20.09479008642873,-11.783833430850633,-70.46189906568318
113.43726854765563,75.74831235653946,1.0000000000000007,-20.102971540084205,-11.771016689970057,-70.49687466959175
113.47772927296879,75.74715609608347,1.0000000000000007,-20.111142625640028,-11.758196416866458,-70.53185094382293
113.51818348490515,75.74599285421318,1.0000000000000007,-20.11930333542053,-11.745372634550982,-70.56682788424389
113.55863114576832,75.74482263254762,1.0000000000000007,-20.127453661800335,-11.732545366040059,-70.60180548672182
113.59907221789891,75.74364543271552,1.0000000000000007,-20.135593597204338,-11.719714634355213,-70.63678374712393
113.63950666367484,75.74246125635533,1.0000000000000002,-20.143723134107724,-11.706880462522875,-70.67176266131742
113.67993444551132,75.74127010511512,1.0000000000000004,-20.151842265035977,-11.694042873574265,-70.70674222516945
113.72035552586141,75.74007198065271,1.0000000000000002,-20.159950982564947,-11.681201890545161,-70.74172243454728
113.76076986721584,75.7388668846355,1.0000000000000002,-20.168049279320776,-11.668357536475767,-70.77670328531802
113.8011774321035,75.73765481874061,1.0000000000000004,-20.176137147979986,-11.655509834410488,-70.81168477334899
113.84157818309137,75.73643578465473,1.0000000000000004,-20.184214581269437,-11.642658807397863,-70.84666689450722
113.88197208278501,75.7352097840742,1.0000000000000004,-20.192281571966404,-11.629804478490275,-70.88164964466002
113.92235909382855,75.73397681870499,1.0000000000000004,-20.200338112898507,-11.616946870743817,-70.91663301967455
113.96273917890493,75.73273689026259,1.0000000000000004,-20.20838419694379,-11.604086007218179,-70.95161701541804
114.00311230073609,75.73149000047216,1.0000000000000004,-20.216419817030683,-11.591221910976415,-70.98660162775761
114.04347842208325,75.73023615106838,1.0000000000000002,-20.224444966138037,-11.578354605084776,-71.02158685256052
114.08383750574697,75.72897534379553,1.0000000000000004,-20.232459637295126,-11.565484112612552,-71.05657268569391
114.12418951456748,75.72770758040735,1.0000000000000004,-20.240463823581667,-11.55261045663191,-71.09155912302501
114.16453441142474,75.72643286266722,1.0000000000000004,-20.24845751812779,-11.539733660217705,-71.12654616042104
114.20487215923869,75.72515119234797,1.0000000000000002,-20.2564407141141,-11.526853746447332,-71.1615337937491
114.24520272096953,75.72386257123195,1.0000000000000004,-20.2644134047716,-11.513970738400506,-71.1965220188765
114.28552605961782,75.722567001111,1.0000000000000002,-20.272375583381844,-11.501084659159154,-71.23151083167039
114.32584213822457,75.72126448378648,1.0000000000000004,-20.28032724327674,-11.488195531807204,-71.26650022799794
114.36615091987164,75.71995502106917,1.0000000000000002,-20.288268377838733,-11.475303379430438,-71.30149020372633
114.40645236768181,75.7186386147793,1.0000000000000004,-20.296198980500684,-11.462408225116297,-71.33648075472281
114.44674644481901,75.71731526674658,1.0000000000000002,-20.30411904474599,-11.449510091953716,-71.37147187685459
114.48703311448841,75.71598497881017,1.0000000000000004,-20.312028564108445,-11.436609003032984,-71.40646356598874
114.52731233993677,75.71464775281854,1.0000000000000004,-20.319927532172375,-11.423704981445542,-71.44145581799259
114.56758408445258,75.71330359062965,1.0000000000000004,-20.327815942572567,-11.410798050283798,-71.47644862873331
114.60784831136604,75.71195249411083,1.0000000000000004,-20.33569378899426,-11.39788823264104,-71.511441994078
114.64810498404955,75.71059446513878,1.0000000000000004,-20.34356106517319,-11.384975551611163,-71.54643590989394
114.68835406591778,75.70922950559957,1.0000000000000002,-20.35141776489558,-11.372060030288555,-71.5814303720483
114.7285955204278,75.70785761738857,1.0000000000000002,-20.35926388199811,-11.3591416917679,-71.61642537640832
114.76882931107924,75.70647880241056,1.0000000000000002,-20.367099410367917,-11.346220559144074,-71.65142091884111
114.80905540141458,75.70509306257956,1.0000000000000004,-20.374924343942613,-11.33329665551192,-71.68641699521393
114.84927375501937,75.70370039981898,1.0000000000000004,-20.3827386767103,-11.320370003966039,-71.72141360139395
114.88948433552224,75.70230081606144,1.0000000000000004,-20.390542402709535,-11.30744062760071,-71.75641073324837
114.92968710659515,75.7008943132489,1.0000000000000004,-20.39833551602929,-11.294508549509699,-71.79140838664438
114.96988203195367,75.69948089333255,1.0000000000000004,-20.406118010809045,-11.281573792786041,-71.82640655744916
115.01006907535705,75.69806055827284,1.0000000000000004,-20.41388988123868,-11.268636380521935,-71.86140524152991
115.05024820060845,75.69663331003945,1.0000000000000002,-20.421651121558558,-11.255696335808526,-71.89640443475388
115.09041937155506,75.69519915061132,1.0000000000000004,-20.42940172605941,-11.242753681735763,-71.93140413298815
115.13058255208841,75.69375808197651,1.0000000000000004,-20.437141689082466,-11.229808441392228,-71.96640433210004
115.17073770614438,75.6923101061324,1.0000000000000004,-20.444871005019326,-11.216860637864979,-72.00140502795668
115.21088479770354,75.69085522508543,1.0000000000000004,-20.452589668312008,-11.203910294239353,-72.03640621642529
115.25102379079114,75.68939344085126,1.0000000000000004,-20.460297673452924,-11.190957433598836,-72.07140789337296
115.29115464947745,75.68792475545473,1.0000000000000004,-20.467995014984883,-11.178002079024882,-72.10641005466704
115.33127733787796,75.68644917092975,1.0000000000000004,-20.475681687501073,-11.165044253596697,-72.14141269617463
115.37139182015335,75.6849666893194,1.0000000000000004,-20.483357685645032,-11.152083980391184,-72.17641581376299
115.41149806050981,75.68347731267582,1.0000000000000004,-20.491023004110666,-11.139121282482686,-72.21141940329923
115.45159602319931,75.68198104306032,1.0000000000000004,-20.498677637642228,-11.126156182942808,-72.24642346065058
115.49168567251955,75.68047788254319,1.0000000000000004,-20.506321581034285,-11.113188704840336,-72.28142798168427
115.5317669728142,75.67896783320388,1.0000000000000004,-20.513954829131727,-11.100218871241019,-72.31643296226744
115.57183988847322,75.67745089713083,1.0000000000000004,-20.52157737682974,-11.08724670520739,-72.35143839826735
115.61190438393291,75.67592707642152,1.0000000000000004,-20.529189219073814,-11.074272229798623,-72.38644428555111
