galstreams/tracks/track.st.Kshir.ibata2021.ecsv
# %ECSV 0.9
# ---
# datatype:
# - {name: ra, unit: deg, datatype: float64}
# - {name: dec, unit: deg, datatype: float64}
# - {name: distance, unit: kpc, datatype: float64}
# - {name: pm_ra_cosdec, unit: mas / yr, datatype: float64}
# - {name: pm_dec, unit: mas / yr, datatype: float64}
# - {name: radial_velocity, unit: km / s, datatype: float64}
# delimiter: ','
# meta: !!omap
# - __serialized_columns__:
#     dec:
#       __class__: astropy.coordinates.angles.Latitude
#       unit: &id001 !astropy.units.Unit {unit: deg}
#       value: !astropy.table.SerializedColumn {name: dec}
#     distance:
#       __class__: astropy.coordinates.distances.Distance
#       unit: !astropy.units.Unit {unit: kpc}
#       value: !astropy.table.SerializedColumn {name: distance}
#     pm_dec:
#       __class__: astropy.units.quantity.Quantity
#       unit: !astropy.units.Unit {unit: mas / yr}
#       value: !astropy.table.SerializedColumn {name: pm_dec}
#     pm_ra_cosdec:
#       __class__: astropy.units.quantity.Quantity
#       unit: !astropy.units.Unit {unit: mas / yr}
#       value: !astropy.table.SerializedColumn {name: pm_ra_cosdec}
#     ra:
#       __class__: astropy.coordinates.angles.Longitude
#       unit: *id001
#       value: !astropy.table.SerializedColumn {name: ra}
#       wrap_angle: !astropy.coordinates.Angle
#         unit: *id001
#         value: 360.0
#     radial_velocity:
#       __class__: astropy.units.quantity.Quantity
#       unit: !astropy.units.Unit {unit: km / s}
#       value: !astropy.table.SerializedColumn {name: radial_velocity}
# schema: astropy-2.0
ra,dec,distance,pm_ra_cosdec,pm_dec,radial_velocity
[from data line 1384]
228.60423288710308,68.18984914904445,11.384879296429734,-7.212781920365125,-0.8035619854022167,2.5262301389617013e-14
228.63095882458862,68.18852937907076,11.385081269943628,-7.211682542152687,-0.800143746661085,4.210383564936169e-14
228.65768127324904,68.18720342874545,11.385276672035227,-7.21058158427569,-0.796727004464354,4.210383564936169e-15
228.68440021639105,68.18587129571826,11.385465490689855,-7.2094790470903165,-0.7933117628176269,5.4734986344170195e-14
228.7111156373175,68.18453297764378,11.385647713892839,-7.20837493095899,-0.7898980257259142,1.6841534259744676e-14
228.73782751932725,68.1831884721816,11.385823329629504,-7.207269236250383,-0.786485797193642,2.1051917824680846e-14
228.7645358457154,68.18183777699603,11.385992325885177,-7.2061619633394,-0.7830750812246142,1.2631150694808506e-14
228.7912405997732,68.18048088975644,11.38615469064519,-7.205053112607192,-0.7796658818220086,1.6841534259744676e-14
228.81794176478837,68.17911780813704,11.38631041189486,-7.203942684441136,-0.7762582029883592,6.315575347404253e-15
228.84463932404483,68.17774852981694,11.386459477619518,-7.202830679234856,-0.7728520487255448,2.1051917824680846e-14
228.87133326082304,68.17637305248013,11.386601875804493,-7.201717097388182,-0.7694474230347661,5.4734986344170195e-14
228.89802355839984,68.17499137381556,11.38673759443511,-7.2006019393071945,-0.7660443299165363,2.5262301389617013e-14
228.92471020004868,68.17360349151706,11.386866621496692,-7.199485205404185,-0.7626427733706657,1.0525958912340423e-14
228.9513931690396,68.17220940328338,11.386988944974568,-7.198366896097667,-0.7592427573962466,6.315575347404253e-15
228.97807244863927,68.17080910681815,11.387104552854066,-7.197247011812371,-0.7558442859916371,5.0524602779234026e-14
229.00474802211113,68.16940259982997,11.387213433120513,-7.196125552979239,-0.7524473631544435,5.6840178126638284e-14
229.03141987271547,68.1679898800323,11.387315573759231,-7.1950025200354375,-0.7490519928815077,3.789345208442552e-14
229.05808798370924,68.16657094514355,11.387410962755549,-7.193877913424327,-0.7456581791688993,3.9998643866893604e-14
229.0847523383465,68.16514579288703,11.387499588094792,-7.192751733595485,-0.742265926011887,5.2629794561702114e-14
229.11141291987818,68.163714420991,11.387581437762293,-7.191623981004671,-0.7388752374049284,2.7367493172085098e-14
229.13806971155222,68.1622768271886,11.387656499743372,-7.190494656113868,-0.7354861173416672,4.4209027431829774e-14
229.16472269661372,68.16083300921794,11.387724762023353,-7.189363759391238,-0.7320985698148931,1.473634247727659e-14
229.19137185830488,68.15938296482203,11.387786212587573,-7.188231291311136,-0.7287125988165599,7.789209595131913e-14
229.21801717986523,68.15792669174878,11.387840839421346,-7.187097252354116,-0.7253282083377279,1.2631150694808506e-14
229.24465864453134,68.1564641877511,11.387888630510007,-7.1859616430069035,-0.7219454023685963,4.210383564936169e-14
229.2712962355374,68.15499545058672,11.387929573838878,-7.1848244637624115,-0.7185641848984515,4.210383564936169e-14
229.29792993611483,68.15352047801845,11.38796365739329,-7.1836857151197355,-0.7151845599156682,-2.1051917824680846e-14
229.32455972949245,68.15203926781389,11.387990869158564,-7.182545397584134,-0.7118065314076986,7.157652060391487e-14
229.35118559889682,68.15055181774567,11.38801119712003,-7.181403511667049,-0.7084301033610362,8.841805486365955e-14
229.37780752755194,68.14905812559128,11.388024629263013,-7.180260057886082,-0.7050552797612265,6.526094525651062e-14
229.40442549867947,68.14755818913324,11.38803115357284,-7.179115036765001,-0.7016820645928333,-2.1051917824680846e-14
229.4310394954987,68.14605200615891,11.38803075803484,-7.177968448833728,-0.6983104618394487,-2.1051917824680845e-15
229.45764950122683,68.14453957446067,11.388023430634338,-7.176820294628351,-0.6949404754836391,7.157652060391487e-14
229.48425549907887,68.14302089183579,11.388009159356658,-7.175670574691102,-0.6915721095069568,1.894672604221276e-14
229.51085747226762,68.1414959560865,11.387987932187128,-7.174519289570359,-0.688205367889931,6.315575347404254e-14
229.53745540400394,68.13996476501997,11.387959737111075,-7.173366439820656,-0.6848402546120262,-1.473634247727659e-14
229.56404927749657,68.13842731644833,11.387924562113826,-7.172212026002655,-0.681476773651663,3.5788260301957434e-14
229.59063907595248,68.13688360818864,11.387882395180705,-7.171056048683165,-0.6781149289861604,-3.5788260301957434e-14
229.61722478257664,68.13533363806292,11.387833224297042,-7.169898508435118,-0.6747547245917654,-4.210383564936169e-14
229.64380638057224,68.13377740389811,11.387777037448158,-7.168739405837576,-0.6713961644436143,1.5367900012017016e-13
229.67038385314092,68.13221490352613,11.387713822619387,-7.167578741475738,-0.6680392525156884,7.157652060391487e-14
229.6969571834824,68.13064613478385,11.387643567796049,-7.166416515940901,-0.6646839927808709,0.0
229.7235263547948,68.12907109551308,11.387566260963473,-7.165252729830497,-0.6613303892108823,7.789209595131913e-14
229.75009135027483,68.12748978356055,11.387481890106988,-7.164087383748052,-0.6579784457762592,1.0315439734093615e-13
229.77665215311765,68.12590219677803,11.387390443211915,-7.1629204783032225,-0.654628166446367,1.0525958912340423e-14
229.80320874651687,68.12430833302217,11.387291908263583,-7.161752014111747,-0.6512795551893833,3.157787673702127e-14
229.82976111366483,68.12270819015463,11.38718627324732,-7.160581991795472,-0.647932615972259,9.894401377599997e-14
229.8563092377526,68.12110176604195,11.387073526148452,-7.159410411982335,-0.6445873527607209,9.47336302110638e-14
229.8828531019699,68.11948905855569,11.386953654952306,-7.158237275306367,-0.6412437695192602,1.4525823299029783e-13
229.9093926895054,68.11787006557236,11.386826647644202,-7.157062582407683,-0.6379018702110991,2.5262301389617013e-14
229.93592798354643,68.11624478497345,11.386692492209475,-7.155886333932473,-0.6345616587982128,2.5262301389617013e-14
229.9624589672794,68.11461321464535,11.38655117663345,-7.154708530533013,-0.6312231392412718,6.526094525651062e-14
229.98898562388973,68.11297535247945,11.386402688901448,-7.1535291728676444,-0.6278863154996432,2.315710960714893e-14
230.01550793656182,68.11133119637212,11.386247016998805,-7.152348261600775,-0.6245511915314004,1.0946997268834039e-13
230.04202588847934,68.10968074422466,11.386084148910836,-7.15116579740288,-0.6212177712932546,-1.0525958912340423e-14
230.06853946282484,68.10802399394335,11.385914072622874,-7.149981780950485,-0.6178860587406115,4.631421921429786e-14
230.09504864278043,68.10636094343943,11.385736776120247,-7.14879621292618,-0.6145560578274859,5.0524602779234026e-14
230.12155341152737,68.10469159062909,11.385552247388281,-7.147609094018582,-0.6112277725065345,4.8419410996765944e-14
230.14805375224637,68.10301593343351,11.385360474412293,-7.146420424922379,-0.6079012067290192,6.315575347404253e-15
230.1745496481174,68.10133396977886,11.385161445177621,-7.145230206338269,-0.6045763644448098,7.157652060391487e-14
230.20104108232013,68.0996456975962,11.384955147669588,-7.144038438973006,-0.6012532496023373,-5.4734986344170195e-14
230.2275280380336,68.09795111482167,11.384741569873523,-7.142845123539356,-0.597931866148631,-1.2631150694808506e-14
230.2540104984366,68.09625021939624,11.384520699774745,-7.141650260756123,-0.5946122180292487,2.1051917824680846e-14
230.28048844670747,68.09454300926595,11.384292525358587,-7.140453851348116,-0.5912943091882986,1.0315439734093615e-13
230.30696186602447,68.09282948238179,11.384057034610372,-7.139255896046165,-0.587978143568398,-4.210383564936169e-14
230.33343073956542,68.09110963669973,11.383814215515429,-7.138056395587105,-0.5846637251107035,-3.157787673702127e-14
230.35989505050816,68.08938347018066,11.383564056059083,-7.136855350713769,-0.5813510577548423,-2.947268495455318e-14
230.38635478203037,68.0876509807905,11.38330654422666,-7.1356527621750026,-0.5780401454389377,1.0946997268834039e-13
230.41280991730983,68.08591216650012,11.383041668003486,-7.134448630725625,-0.5747309920995564,4.210383564936169e-14
230.4392604395242,68.08416702528535,11.382769415374895,-7.1332429571264555,-0.5714236016717484,1.515738083377021e-13
230.46570633185144,68.08241555512699,11.3824897743262,-7.132035742144294,-0.5681179780889688,3.368306851948935e-14
230.49214757746938,68.08065775401086,11.382202732842739,-7.130826986551903,-0.5648141252831322,1.1578554803574466e-13
230.51858415955644,68.07889361992768,11.381908278909835,-7.129616691128039,-0.5615120471845234,5.0524602779234026e-14
230.54501606129102,68.07712315087322,11.381606400512814,-7.128404856657402,-0.558211747721854,2.1051917824680846e-14
230.57144326585203,68.07534634484817,11.381297085636996,-7.12719148393067,-0.5549132308222026,9.683882199353189e-14
230.59786575641883,68.07356319985821,11.380980322267721,-7.125976573744456,-0.5516165004109969,-2.315710960714893e-14
230.62428351617112,68.07177371391401,11.380656098390302,-7.124760126901344,-0.5483215604120488,-5.4734986344170195e-14
230.65069652828916,68.0699778850312,11.380324401990077,-7.12354214420984,-0.545028414747486,-8.420767129872338e-15
230.67710477595392,68.06817571123035,11.379985221052364,-7.122322626484403,-0.5417370673377615,2.947268495455318e-14
230.70350824234689,68.06636719053711,11.379638543562493,-7.121101574545413,-0.5384475221016394,1.0946997268834039e-13
230.72990691065044,68.06455232098199,11.379284357505792,-7.119878989219182,-0.535159782956171,7.999728773378721e-14
230.75630076404764,68.06273110060053,11.378922650867581,-7.118654871337944,-0.531873853816691,-5.6840178126638284e-14
230.7826897857222,68.06090352743325,11.378553411633195,-7.117429221739845,-0.528589738596816,-2.5262301389617013e-14
230.8090739588591,68.05906959952563,11.378176627787957,-7.116202041268938,-0.5253074412083906,-1.2631150694808506e-14
230.83545326664398,68.05722931492814,11.377792287317188,-7.114973330775178,-0.5220269655615106,1.3262708229548932e-13
230.86182769226377,68.05538267169621,11.377400378206225,-7.113743091114419,-0.518748315564477,1.0525958912340423e-14
230.88819721890624,68.05352966789023,11.377000888440387,-7.112511323148405,-0.5154714951238306,1.0946997268834039e-13
230.91456182976054,68.05167030157564,11.376593806005,-7.111278027744772,-0.5121965081442692,-3.5788260301957434e-14
230.94092150801677,68.04980457082277,11.376179118885393,-7.110043205777019,-0.5089233585287118,1.0104920555846805e-13
230.96727623686658,68.047932473707,11.375756815066895,-7.108806858124532,-0.5056520501782007,-5.894536990910637e-14
230.99362599950268,68.0460540083086,11.37532688253483,-7.107568985672554,-0.5023825869919764,8.736545897242551e-14
231.0199707791195,68.04416917271288,11.374889309274522,-7.106329589312195,-0.4991149728673699,6.315575347404253e-15
231.04631055891255,68.04227796501014,11.3744440832713,-7.105088669940418,-0.49584921169987606,-2.7367493172085098e-14
231.07264532207913,68.04038038329558,11.373991192510495,-7.103846228460025,-0.4925853073830831,4.4209027431829774e-14
231.0989750518181,68.03847642566944,11.373530624977425,-7.102602265779678,-0.48932326380866964,3.0525280845787224e-14
231.12529973132982,68.03656609023692,11.37306236865742,-7.101356782813855,-0.48606308486640426,-2.5262301389617013e-14
231.15161934381638,68.03464937510819,11.372586411535806,-7.1001097804828746,-0.4828047744441329,9.789141788476593e-14
231.17793387248184,68.03272627839837,11.37210274159791,-7.098861259712871,-0.47954833642772643,-2.1051917824680846e-14
231.20424330053177,68.03079679822763,11.371611346829061,-7.097611221435802,-0.4762937747011381,1.1789073981821273e-13
231.23054761117393,68.028860932721,11.371112215214577,-7.096359666589427,-0.4730410931462986,-2.315710960714893e-14
231.25684678761777,68.0269186800086,11.370605334739798,-7.0951065961173105,-0.46979029564319635,-4.210383564936169e-15
231.28314081307482,68.02497003822546,11.370090693390042,-7.0938520109688135,-0.4665413860697974,1.1683814392697868e-13
231.3094296707589,68.02301500551157,11.36956827915063,-7.092595912099098,-0.46329436830203746,9.47336302110638e-15
231.33571334388563,68.02105358001194,11.369038080006904,-7.09133830046909,-0.4600492462138547,-3.5788260301957434e-14
231.36199181567295,68.01908575987652,11.368500083944179,-7.0900791770455,-0.45680602367712536,-5.0524602779234026e-14
231.38826506934112,68.01711154326023,11.367954278947781,-7.088818542800819,-0.4535647045616737,-1.0525958912340423e-15
231.41453308811265,68.015130928323,11.367400653003036,-7.0875563987132875,-0.45032529273525135,2.315710960714893e-14
231.44079585521246,68.0131439132297,11.36683919409528,-7.0862927457669,-0.44708779206352145,1.3683746586042549e-14
231.46705335386784,68.01115049615014,11.366269890209832,-7.0850275849514155,-0.4438522064100595,3.4735664410723393e-14
231.4933055673086,68.00915067525914,11.365692729332018,-7.08376091726232,-0.4406185396363253,1.3789006175165953e-13
231.51955247876722,68.00714444873651,11.365107699447169,-7.082492743700848,-0.43738679560163723,-3.0525280845787224e-14
231.5457940714786,68.00513181476698,11.364514788540609,-7.081223065273952,-0.4341569781632034,-6.73661370389787e-14
231.57203032868043,68.00311277154029,11.36391398459766,-7.079951882994315,-0.43092909117606915,5.999796580034041e-14
231.5982612336132,68.00108731725109,11.363305275603658,-7.078679197880327,-0.42770313849309555,9.052324664612763e-14
231.62448676952008,67.99905545009906,11.362688649543921,-7.077405010956093,-0.42447912396497817,2.2104513715914887e-14
231.65070691964715,67.99701716828882,11.36206409440378,-7.076129323251413,-0.42125705144021863,-1.894672604221276e-14
231.6769216672434,67.99497247002995,11.36143159816856,-7.0748521358017795,-0.4180369247651181,1.1578554803574466e-14
231.7031309955608,67.99292135353699,11.360791148823589,-7.073573449648379,-0.41481874778374117,1.0525958912340423e-13
231.7293348878545,67.99086381702946,11.360142734354191,-7.072293265838071,-0.4116025243379216,-2.315710960714893e-14
231.75553332738244,67.98879985873182,11.359486342745695,-7.071011585423382,-0.4083882582672638,9.999660966723402e-14
231.78172629740607,67.98672947687353,11.35882196198342,-7.069728409462524,-0.4051759534090837,9.999660966723402e-14
231.80791378118994,67.98465266968898,11.358149580052705,-7.068443739019335,-0.4019656135984345,3.1577876737021266e-15
231.83409576200168,67.98256943541755,11.357469184938866,-7.067157575163327,-0.39875724266809653,9.999660966723402e-14
231.86027222311264,67.98047977230351,11.356780764627237,-7.065869918969644,-0.3955508444485158,2.315710960714893e-14
231.88644314779725,67.97838367859619,11.35608430710314,-7.0645807715190685,-0.39234642276785686,8.736545897242551e-14
231.9126085193336,67.97628115254979,11.3553798003519,-7.063290133898016,-0.3891439814519331,1.1789073981821273e-13
231.9387683210033,67.97417219242352,11.354667232358848,-7.061998007198504,-0.38594352432422013,3.8946047975659563e-14
231.9649225360914,67.97205679648152,11.353946591109308,-7.060704392518181,-0.3827450552058503,5.6840178126638284e-14
231.99107114788674,67.96993496299291,11.353217864588608,-7.0594092909602955,-0.3795485779155738,4.8419410996765944e-14
232.01721413968187,67.96780669023174,11.352481040782074,-7.058112703633688,-0.376354096269765,-1.5788938368510635e-14
232.04335149477296,67.965671976477,11.35173610767503,-7.056814631652796,-0.3731616140824122,1.2104852749191487e-13
232.06948319646025,67.96353082001265,11.3509830532528,-7.055515076137633,-0.36997113516507113,4.105123975812765e-14
232.09560922804764,67.96138321912764,11.350221865500723,-7.0542140382137895,-0.36678266332690446,8.841805486365955e-14
232.12172957284315,67.9592291721158,11.349452532404113,-7.052911519012421,-0.3635962023746184,7.368171238638296e-14
232.14784421415868,67.95706867727594,11.348675041948304,-7.051607519670248,-0.3604117561124861,4.73668151055319e-14
232.17395313531037,67.95490173291185,11.347889382118614,-7.050302041329533,-0.3572293283423089,-5.2629794561702114e-14
