galstreams/tracks/track.st.AAU-ATLAS.ibata2021.ecsv
# %ECSV 0.9
# ---
# datatype:
# - {name: ra, unit: deg, datatype: float64}
# - {name: dec, unit: deg, datatype: float64}
# - {name: distance, unit: kpc, datatype: float64}
# - {name: pm_ra_cosdec, unit: mas / yr, datatype: float64}
# - {name: pm_dec, unit: mas / yr, datatype: float64}
# - {name: radial_velocity, unit: km / s, datatype: float64}
# delimiter: ','
# meta: !!omap
# - __serialized_columns__:
#     dec:
#       __class__: astropy.coordinates.angles.Latitude
#       unit: &id001 !astropy.units.Unit {unit: deg}
#       value: !astropy.table.SerializedColumn {name: dec}
#     distance:
#       __class__: astropy.coordinates.distances.Distance
#       unit: !astropy.units.Unit {unit: kpc}
#       value: !astropy.table.SerializedColumn {name: distance}
#     pm_dec:
#       __class__: astropy.units.quantity.Quantity
#       unit: !astropy.units.Unit {unit: mas / yr}
#       value: !astropy.table.SerializedColumn {name: pm_dec}
#     pm_ra_cosdec:
#       __class__: astropy.units.quantity.Quantity
#       unit: !astropy.units.Unit {unit: mas / yr}
#       value: !astropy.table.SerializedColumn {name: pm_ra_cosdec}
#     ra:
#       __class__: astropy.coordinates.angles.Longitude
#       unit: *id001
#       value: !astropy.table.SerializedColumn {name: ra}
#       wrap_angle: !astropy.coordinates.Angle
#         unit: *id001
#         value: 360.0
#     radial_velocity:
#       __class__: astropy.units.quantity.Quantity
#       unit: !astropy.units.Unit {unit: km / s}
#       value: !astropy.table.SerializedColumn {name: radial_velocity}
# schema: astropy-2.0
ra,dec,distance,pm_ra_cosdec,pm_dec,radial_velocity
[from data line 831]
25.133326720787824,-29.906756249921944,24.406928437675862,-0.08892092924026876,-0.7181705511993337,-4.210383564936169e-15
25.14268784870897,-29.91258684831585,24.410258107662372,-0.08873539275018592,-0.7180453240239473,-4.210383564936169e-15
25.152049829390553,-29.918417077366215,24.413585746799846,-0.08854968317077187,-0.7179206015547078,-4.210383564936169e-15
25.16141266585027,-29.924246933634223,24.416911314446864,-0.08836379971536584,-0.7177963834790724,-4.210383564936169e-15
25.170776361105087,-29.93007641368016,24.420234769961986,-0.08817774159733871,-0.7176726694842241,0.0
25.180140918171563,-29.9359055140636,24.42355607270381,-0.08799150803008951,-0.7175494592570744,-8.420767129872338e-15
25.189506340065513,-29.941734231343197,24.426875182030912,-0.08780509822704897,-0.7174267524842599,-4.210383564936169e-15
25.19887262980235,-29.94756256207693,24.43019205730188,-0.08761851140167667,-0.7173045488521448,-8.420767129872338e-15
25.208239790396718,-29.95339050282183,24.43350665787529,-0.08743174676746314,-0.7171828480468201,-1.2631150694808506e-14
25.217607824862903,-29.959218050134268,24.436818943109728,-0.08724480353792803,-0.7170616497541024,-8.420767129872338e-15
25.226976736214457,-29.9650452005697,24.440128872363765,-0.08705768092662151,-0.7169409536595341,0.0
25.236346527464327,-29.970871950682756,24.443436404995996,-0.08687037814712438,-0.7168207594483839,-1.2631150694808506e-14
25.24571720162507,-29.976698297027404,24.44674150036499,-0.08668289441304641,-0.7167010668056457,0.0
25.255088761708436,-29.98252423615661,24.45004411782933,-0.08649522893802852,-0.7165818754160389,-8.420767129872338e-15
25.264461210725806,-29.988349764622715,24.45334421674761,-0.08630738093574024,-0.7164631849640081,0.0
25.273834551687827,-29.994174878977127,24.456641756478398,-0.08611934961988249,-0.7163449951337225,-4.210383564936169e-15
25.283208787604554,-29.999999575770445,24.459936696380286,-0.08593113420418638,-0.7162273056090763,4.210383564936169e-15
25.29258392148562,-30.00582385155256,24.463228995811836,-0.08574273390241174,-0.7161101160736885,-1.2631150694808506e-14
25.301959956339857,-30.011647702872434,24.466518614131655,-0.08555414792835003,-0.7159934262109012,-8.420767129872338e-15
25.311336895175724,-30.01747112627833,24.469805510698308,-0.08536537549582157,-0.7158772357037818,-4.210383564936169e-15
25.320714741000888,-30.023294118317587,24.473089644870374,-0.08517641581867776,-0.7157615442351213,4.210383564936169e-15
25.330093496822627,-30.02911667553683,24.476370976006454,-0.08498726811079915,-0.7156463514874334,-1.2631150694808506e-14
25.339473165647423,-30.034938794481796,24.47964946346511,-0.08479793158609762,-0.7155316571429569,-4.210383564936169e-15
25.34885375048137,-30.040760471697496,24.482925066604928,-0.08460840545851357,-0.7154174608836519,4.210383564936169e-15
25.35823525432984,-30.04658170372804,24.486197744784487,-0.08441868894201919,-0.7153037623912033,-4.210383564936169e-15
25.367617680197576,-30.052402487116748,24.48946745736238,-0.08422878125061593,-0.7151905613470169,-8.420767129872338e-15
25.3770010310889,-30.058222818406197,24.492734163697175,-0.0840386815983352,-0.7150778574322227,0.0
25.38638531000732,-30.064042694138028,24.495997823147462,-0.08384838919923952,-0.714965650327672,-4.210383564936169e-15
25.395770519955985,-30.069862110853222,24.499258395071816,-0.08365790326742027,-0.7148539397139384,-8.420767129872338e-15
25.405156663937195,-30.07568106509178,24.502515838828828,-0.08346722301700008,-0.7147427252713177,0.0
25.414543744952898,-30.08149955339304,24.505770113777068,-0.08327634766213109,-0.7146320066798273,0.0
25.42393176600427,-30.08731757229543,24.509021179275127,-0.08308527641699581,-0.7145217836192058,-4.210383564936169e-15
25.43332073009188,-30.093135118336555,24.51226899468158,-0.08289400849580775,-0.7144120557689133,4.210383564936169e-15
25.442710640215854,-30.098952188053307,24.515513519355004,-0.08270254311280885,-0.7143028228081306,8.420767129872338e-15
25.45210149937551,-30.104768777981615,24.518754712653998,-0.08251087948227336,-0.714194084415759,-1.2631150694808506e-14
25.461493310569786,-30.110584884656767,24.52199253393712,-0.08231901681850365,-0.7140858402704219,-8.420767129872338e-15
25.470886076796763,-30.116400504613058,24.525226942562977,-0.0821269543358344,-0.7139780900504608,-4.210383564936169e-15
25.480279801054177,-30.12221563438412,24.528457897890124,-0.0819346912486286,-0.7138708334339392,-4.210383564936169e-15
25.48967448633896,-30.12803027050267,24.53168535927716,-0.08174222677128058,-0.7137640700986394,-4.210383564936169e-15
25.499070135647447,-30.133844409500593,24.534909286082666,-0.08154956011821565,-0.7136577997220637,-1.6841534259744676e-14
25.508466751975536,-30.139658047909087,24.53812963766521,-0.08135669050388739,-0.7135520219814345,1.6841534259744676e-14
25.517864338318276,-30.14547118225835,24.54134637338339,-0.08116361714278153,-0.7134467365536918,-4.210383564936169e-15
25.527262897670326,-30.151283809077945,24.544559452595777,-0.08097033924941278,-0.7133419431154964,-8.420767129872338e-15
25.53666243302553,-30.157095924896463,24.547768834660957,-0.08077685603832699,-0.7132376413432269,-4.210383564936169e-15
25.546062947377333,-30.162907526241792,24.55097447893751,-0.08058316672409989,-0.7131338309129803,-8.420767129872338e-15
25.555464443718375,-30.168718609640944,24.554176344784015,-0.08038927052133761,-0.7130305115005725,-1.2631150694808506e-14
25.564866925040715,-30.174529171620073,24.557374391559055,-0.08019516664467742,-0.7129276827815376,-4.210383564936169e-15
25.57427039433592,-30.18033920870463,24.560568578621215,-0.08000085430878523,-0.7128253444311264,8.420767129872338e-15
25.58367485459477,-30.186148717419105,24.56375886532907,-0.07980633272835877,-0.712723496124309,-4.210383564936169e-15
25.593080308807576,-30.191957694287314,24.5669452110412,-0.07961160111812556,-0.7126221375357717,-4.210383564936169e-15
25.602486759963877,-30.1977661358321,24.570127575116196,-0.07941665869284371,-0.7125212683399185,-4.210383564936169e-15
25.611894211052764,-30.203574038575645,24.57330591691263,-0.0792215046673015,-0.7124208882108702,4.210383564936169e-15
25.621302665062547,-30.209381399039188,24.576480195789088,-0.07902613825631769,-0.7123209968224644,1.2631150694808506e-14
25.630712124980928,-30.215188213743144,24.579650371104158,-0.07883055867474201,-0.7122215938482548,4.210383564936169e-15
25.640122593795134,-30.220994479207224,24.58281640221641,-0.0786347651374533,-0.7121226789615127,4.210383564936169e-15
25.64953407449155,-30.226800191950165,24.58597824848443,-0.07843875685936263,-0.7120242518352236,-1.2631150694808506e-14
25.658946570056138,-30.232605348490047,24.589135869266798,-0.07824253305540976,-0.7119263121420903,8.420767129872338e-15
25.66836008347405,-30.238409945343943,24.592289223922098,-0.07804609294056652,-0.7118288595545303,-1.6841534259744676e-14
25.677774617729973,-30.244213979028284,24.59543827180891,-0.07784943572983355,-0.7117318937446769,-4.210383564936169e-15
25.68719017580783,-30.25001744605855,24.59858297228581,-0.07765256063824336,-0.7116354143843788,-4.210383564936169e-15
25.696606760690912,-30.25582034294941,24.601723284711394,-0.07745546688085908,-0.7115394211451982,-4.210383564936169e-15
25.70602437536203,-30.261622666214798,24.60485916844422,-0.07725815367277286,-0.7114439136984143,4.210383564936169e-15
25.71544302280315,-30.2674244123677,24.60799058284289,-0.0770606202291092,-0.7113488917150185,-4.210383564936169e-15
25.724862705995804,-30.273225577920396,24.611117487265982,-0.0768628657650216,-0.7112543548657174,0.0
25.73428342792068,-30.279026159384234,24.614239841072077,-0.07666488949569555,-0.7111603028209313,-4.210383564936169e-15
25.743705191558046,-30.28482615326984,24.617357603619748,-0.0764666906363457,-0.7110667352507952,8.420767129872338e-15
25.75312799988734,-30.29062555608693,24.620470734267585,-0.07626826840221851,-0.7109736518251558,-1.6841534259744676e-14
25.762551855887423,-30.2964243643444,24.623579192374162,-0.0760696220085906,-0.7108810522135749,-1.2631150694808506e-14
25.771976762536596,-30.30222257455041,24.626682937298064,-0.0758707506707692,-0.7107889360853259,-8.420767129872338e-15
25.781402722812356,-30.308020183212157,24.629781928397875,-0.07567165360409231,-0.7106973031093959,-1.6841534259744676e-14
25.790829739691752,-30.313817186836147,24.63287612503218,-0.07547233002392806,-0.710606152954484,-1.2631150694808506e-14
25.800257816150964,-30.31961358192793,24.63596548655954,-0.07527277914567648,-0.7105154852890023,4.210383564936169e-15
25.809686955165738,-30.32540936499235,24.639049972338565,-0.07507300018476692,-0.7104252997810738,1.2631150694808506e-14
25.819117159711038,-30.331204532533334,24.64212954172782,-0.07487299235666031,-0.7103355960985347,-4.210383564936169e-15
25.828548432761146,-30.336999081053985,24.64520415408589,-0.07467275487684832,-0.710246373908932,0.0
25.837980777289868,-30.34279300705666,24.648273768771347,-0.07447228696085278,-0.7101576328795243,0.0
25.847414196270158,-30.348586307042773,24.65133834514278,-0.07427158782422713,-0.7100693726772814,-8.420767129872338e-15
25.856848692674447,-30.354378977513008,24.65439784255878,-0.07407065668255469,-0.7099815929688837,0.0
25.86628426947447,-30.360171014967154,24.657452220377916,-0.0738694927514503,-0.7098942934207227,-4.210383564936169e-15
25.87572092964129,-30.365962415904203,24.66050143795877,-0.07366809524655957,-0.7098074736989,0.0
25.885158676145338,-30.37175317682229,24.663545454659936,-0.0734664633835583,-0.7097211334692272,0.0
25.894597511956377,-30.377543294218736,24.666584229839973,-0.07326459637815419,-0.7096352723972268,-1.2631150694808506e-14
25.904037440043503,-30.38333276459004,24.66961772285748,-0.0730624934460849,-0.7095498901481299,-1.6841534259744676e-14
25.913478463375153,-30.389121584431862,24.672645893071035,-0.07286015380311939,-0.7094649863868775,-4.210383564936169e-15
25.922920584919105,-30.394909750239016,24.675668699839218,-0.07265757666505768,-0.7093805607781195,-8.420767129872338e-15
25.932363807642474,-30.4006972585055,24.6786861025206,-0.07245476124773045,-0.7092966129862159,-4.210383564936169e-15
25.941808134511707,-30.406484105724463,24.681698060473792,-0.07225170676699963,-0.7092131426752335,-4.210383564936169e-15
25.95125356849259,-30.412270288388243,24.684704533057342,-0.0720484124387577,-0.7091301495089497,-8.420767129872338e-15
25.96070011255023,-30.418055802988334,24.687705479629845,-0.0718448774789289,-0.7090476331508485,4.210383564936169e-15
25.970147769649078,-30.42384064601539,24.690700859549878,-0.07164110110346766,-0.7089655932641233,8.420767129872338e-15
25.979596542752894,-30.429624813959226,24.69369063217604,-0.07143708252835987,-0.7088840295116736,-8.420767129872338e-15
25.989046434824786,-30.43540830330885,24.696674756866894,-0.07123282096962255,-0.7088029415561078,-4.210383564936169e-15
25.998497448827194,-30.441191110552435,24.69965319298102,-0.07102831564330356,-0.7087223290597415,-1.2631150694808506e-14
26.00794958772186,-30.44697323217727,24.702625899877013,-0.07082356576548227,-0.7086421916845964,-4.210383564936169e-15
26.017402854469864,-30.45275466466985,24.705592836913446,-0.07061857055226867,-0.7085625290924018,-1.6841534259744676e-14
26.02685725203162,-30.45853540451585,24.7085539634489,-0.07041332921980445,-0.7084833409445933,4.210383564936169e-15
26.036312783366828,-30.464315448200054,24.711509238841966,-0.07020784098426186,-0.7084046269023124,4.210383564936169e-15
26.04576945143456,-30.470094792206456,24.714458622451208,-0.0700021050618449,-0.7083263866264076,-4.210383564936169e-15
26.05522725919316,-30.475873433018204,24.717402073635217,-0.0697961206687886,-0.7082486197774325,1.2631150694808506e-14
26.064686209600318,-30.48165136711758,24.720339551752584,-0.06958988702135915,-0.7081713260156458,-4.210383564936169e-15
26.074146305613034,-30.48742859098608,24.72327101616187,-0.069383403335854,-0.708094505001013,4.210383564936169e-15
26.08360755018762,-30.49320510110432,24.726196426221673,-0.06917666882860218,-0.7080181563932031,0.0
26.093069946279687,-30.498980893952083,24.729115741290567,-0.06896968271596371,-0.7079422798515908,-1.2631150694808506e-14
26.102533496844202,-30.504755966008357,24.73202892072713,-0.06876244421433,-0.7078668750352552,8.420767129872338e-15
26.11199820483539,-30.510530313751204,24.73493592388996,-0.06855495254012411,-0.7077919416029795,-1.2631150694808506e-14
26.121464073206845,-30.516303933657955,24.73783671013761,-0.06834720690980015,-0.7077174792132512,4.210383564936169e-15
26.130931104911394,-30.522076822205012,24.740731238828694,-0.06813920653984373,-0.7076434875242615,1.2631150694808506e-14
26.140399302901244,-30.527848975867975,24.74361946932177,-0.06793095064677199,-0.7075699661939052,-4.210383564936169e-15
26.149868670127862,-30.533620391121623,24.746501360975426,-0.06772243844713347,-0.7074969148797802,8.420767129872338e-15
26.159339209542047,-30.539391064439837,24.74937687314825,-0.0675136691575082,-0.7074243332391879,-1.2631150694808506e-14
26.16881092409388,-30.545160992295713,24.75224596519881,-0.06730464199450786,-0.7073522209291321,-1.2631150694808506e-14
26.17828381673276,-30.5509301711615,24.755108596485695,-0.06709535617477544,-0.7072805776063199,1.2631150694808506e-14
26.18775789040738,-30.55669859750856,24.75796472636749,-0.06688581091498552,-0.7072094029271592,-8.420767129872338e-15
26.197233148065717,-30.56246626780747,24.76081431420277,-0.06667600543184449,-0.7071386965477614,8.420767129872338e-15
26.206709592655073,-30.568233178527915,24.763657319350123,-0.06646593894209024,-0.7070684581239393,-8.420767129872338e-15
26.216187227122028,-30.573999326138775,24.766493701168123,-0.0662556106624923,-0.706998687311207,-8.420767129872338e-15
26.225666054412468,-30.57976470710808,24.769323419015358,-0.06604501980985189,-0.70692938376478,-8.420767129872338e-15
26.235146077471562,-30.585529317903003,24.772146432250405,-0.06583416560100172,-0.7068605471395746,4.210383564936169e-15
26.24462729924377,-30.59129315498987,24.774962700231843,-0.06562304725280674,-0.7067921770902089,0.0
26.254109722672872,-30.597056214834197,24.77777218231826,-0.065411663982163,-0.706724273271,4.210383564936169e-15
26.263593350701893,-30.60281849390061,24.780574837868233,-0.06520001500599912,-0.7066568353359667,0.0
26.27307818627317,-30.608579988652927,24.783370626240348,-0.06498809954127466,-0.7065898629388265,-4.210383564936169e-15
26.28256423232833,-30.614340695554095,24.786159506793176,-0.06477591680498171,-0.7065233557329982,4.210383564936169e-15
26.29205149180827,-30.620100611066235,24.788941438885313,-0.06456346601414387,-0.7064573133715983,-4.210383564936169e-15
26.3015399676532,-30.625859731650618,24.79171638187533,-0.06435074638581673,-0.7063917355074443,-1.6841534259744676e-14
26.31102966280257,-30.631618053767667,24.79448429512181,-0.06413775713708783,-0.7063266217930513,0.0
26.32052058019515,-30.63737557387695,24.79724513798333,-0.06392449748507689,-0.7062619718806346,4.210383564936169e-15
26.330012722768974,-30.643132288437204,24.799998869818488,-0.06371096664693504,-0.7061977854221054,4.210383564936169e-15
26.33950609346135,-30.648888193906295,24.802745449985842,-0.063497163839846,-0.7061340620690767,8.420767129872338e-15
26.349000695208858,-30.654643286741276,24.805484837843995,-0.06328308828102525,-0.7060708014728564,-4.210383564936169e-15
26.35849653094736,-30.660397563398323,24.80821699275152,-0.0630687391877206,-0.7060080032844517,-1.2631150694808506e-14
26.36799360361201,-30.666151020332773,24.810941874066994,-0.06285411577721153,-0.7059456671545667,-1.2631150694808506e-14
26.377491916137206,-30.671903653999134,24.813659441149003,-0.06263921726681015,-0.7058837927336026,0.0
26.386991471456643,-30.67765546085102,24.81636965335612,-0.062424042873860164,-0.7058223796716583,-1.6841534259744676e-14
26.396492272503266,-30.68340643734125,24.819072470046944,-0.062208591815738325,-0.705761427618528,-1.2631150694808506e-14
