galstreams/tracks/track.st.Kwando.ibata2024.ecsv
# %ECSV 1.0
# ---
# datatype:
# - {name: ra, unit: deg, datatype: float64}
# - {name: dec, unit: deg, datatype: float64}
# - {name: distance, unit: kpc, datatype: float64}
# - {name: pm_ra_cosdec, unit: mas / yr, datatype: float64}
# - {name: pm_dec, unit: mas / yr, datatype: float64}
# - {name: radial_velocity, unit: km / s, datatype: float64}
# delimiter: ','
# meta: !!omap
# - __serialized_columns__:
#     dec:
#       __class__: astropy.coordinates.angles.Latitude
#       unit: &id001 !astropy.units.Unit {unit: deg}
#       value: !astropy.table.SerializedColumn {name: dec}
#     distance:
#       __class__: astropy.coordinates.distances.Distance
#       unit: !astropy.units.Unit {unit: kpc}
#       value: !astropy.table.SerializedColumn {name: distance}
#     pm_dec:
#       __class__: astropy.units.quantity.Quantity
#       unit: !astropy.units.Unit {unit: mas / yr}
#       value: !astropy.table.SerializedColumn {name: pm_dec}
#     pm_ra_cosdec:
#       __class__: astropy.units.quantity.Quantity
#       unit: !astropy.units.Unit {unit: mas / yr}
#       value: !astropy.table.SerializedColumn {name: pm_ra_cosdec}
#     ra:
#       __class__: astropy.coordinates.angles.Longitude
#       unit: *id001
#       value: !astropy.table.SerializedColumn {name: ra}
#       wrap_angle: !astropy.coordinates.Angle
#         unit: *id001
#         value: 360.0
#     radial_velocity:
#       __class__: astropy.units.quantity.Quantity
#       unit: !astropy.units.Unit {unit: km / s}
#       value: !astropy.table.SerializedColumn {name: radial_velocity}
# schema: astropy-2.0
ra,dec,distance,pm_ra_cosdec,pm_dec,radial_velocity
[from data line 973]
19.585227094408893,9.197207322211819,1.0000000000000007,0.7362771112746138,-0.33373441086994227,-136.712643529663
19.587188298013523,9.187070145862897,1.0000000000000007,0.7363611158299825,-0.33393208110768313,-136.6748978562786
19.589150144275287,9.176933146809324,1.0000000000000007,0.7364450250296493,-0.33412967654463976,-136.63716227998796
19.59111263285426,9.166796324951466,1.0000000000000007,0.7365288389247997,-0.334327197171433,-136.59943679072717
19.593075763410678,9.15665968018971,1.0000000000000007,0.7366125575666196,-0.3345246429786952,-136.56172137843208
19.595039535604943,9.146523212424476,1.0000000000000007,0.7366961810063,-0.3347220139570508,-136.5240160330386
19.597003949097616,9.136386921556186,1.0000000000000007,0.7367797092950354,-0.33491931009714104,-136.48632074448258
19.598969003549428,9.126250807485249,1.0000000000000004,0.7368631424840313,-0.3351165313896045,-136.44863550269997
19.600934698621245,9.11611487011224,1.0000000000000004,0.7369464806244856,-0.3353136778250807,-136.4109602976267
19.602901033974124,9.10597910933761,1.0000000000000007,0.7370297237676073,-0.33551074939422243,-136.37329511919856
19.60486800926927,9.095843525061873,1.0000000000000007,0.7371128719645981,-0.3357077460876692,-136.33563995735156
19.606835624168045,9.085708117185572,1.0000000000000004,0.7371959252666738,-0.33590466789608264,-136.29799480202152
19.608803878331987,9.07557288560926,1.0000000000000007,0.7372788837250468,-0.3361015148101103,-136.2603596431444
19.61077277142278,9.065437830233522,1.0000000000000004,0.7373617473909349,-0.3362982868204254,-136.22273447065598
19.612742303102273,9.05530295095896,1.0000000000000007,0.7374445163155645,-0.33649498391768073,-136.18511927449234
19.614712473032498,9.045168247686142,1.0000000000000007,0.7375271905501553,-0.3366916060925478,-136.1475140445892
19.616683280875584,9.035033720315823,1.0000000000000007,0.7376097701459319,-0.33688815333569533,-136.10991877088256
19.618654726293883,9.024899368748622,1.0000000000000004,0.7376922551541245,-0.3370846256377966,-136.07233344330825
19.620626808949886,9.014765192885223,1.0000000000000007,0.7377746456259757,-0.33728102298953555,-136.0347580518023
19.62259952850624,9.004631192626332,1.0000000000000009,0.737856941612705,-0.3374773453815889,-135.99719258630046
19.62457288462576,8.99449736787268,1.0000000000000007,0.7379391431655691,-0.3376735928046424,-135.9596370367387
19.626546876971407,8.984363718525028,1.0000000000000007,0.7380212503357999,-0.3378697652493816,-135.92209139305285
19.62852150520632,8.974230244484136,1.0000000000000007,0.7381032631746436,-0.3380658627065065,-135.88455564517892
19.630496768993776,8.964096945650805,1.0000000000000007,0.7381851817333516,-0.3382618851667072,-135.84702978305276
19.632472667997245,8.953963821925798,1.0000000000000007,0.7382670060631717,-0.33845783262068263,-135.80951379661022
19.634449201880297,8.943830873210064,1.0000000000000007,0.7383487362153662,-0.3386537050591407,-135.77200767578722
19.63642637030672,8.93369809940441,1.0000000000000004,0.7384303722411794,-0.33884950247278134,-135.73451141051967
19.63840417294043,8.923565500409705,1.0000000000000007,0.7385119141918821,-0.33904522485232125,-135.69702499074347
19.640382609445513,8.913433076126855,1.0000000000000007,0.7385933621187313,-0.33924087218847365,-135.65954840639455
19.64236167948621,8.903300826456793,1.0000000000000007,0.7386747160729961,-0.3394364444719491,-135.62208164740872
19.644341382726918,8.893168751300456,1.0000000000000007,0.7387559761059492,-0.33963194169347855,-135.58462470372194
19.646321718832194,8.883036850558808,1.0000000000000007,0.73883714226886,-0.3398273638437823,-135.54717756527003
19.64830268746675,8.872905124132844,1.0000000000000007,0.7389182146129993,-0.3400227109135887,-135.5097402219891
19.65028428829548,8.86277357192352,1.0000000000000007,0.7389991931896471,-0.3402179828936278,-135.47231266381482
19.652266520983385,8.852642193831969,1.0000000000000007,0.7390800780500921,-0.34041317977464125,-135.43489488068317
19.654249385195662,8.842510989759193,1.0000000000000007,0.7391608692456053,-0.3406083015473662,-135.39748686253006
19.65623288059766,8.832379959606266,1.0000000000000004,0.7392415668274808,-0.3408033482025399,-135.36008859929134
19.658217006854887,8.822249103274286,1.0000000000000004,0.7393221708470126,-0.3409983197309199,-135.32270008090293
19.66020176363299,8.812118420664373,1.0000000000000007,0.7394026813554824,-0.3411932161232505,-135.2853212973008
19.662187150597795,8.80198791167766,1.0000000000000007,0.7394830984041914,-0.34138803737028756,-135.24795223842077
19.664173167415278,8.791857576215303,1.0000000000000007,0.7395634220444354,-0.3415827834627887,-135.2105928941987
19.666159813751584,8.781727414178444,1.0000000000000007,0.7396436523275245,-0.34177745439151597,-135.17324325457056
19.668147089272967,8.771597425468386,1.0000000000000004,0.7397237893047492,-0.3419720501472341,-135.13590330947227
19.670134993645885,8.761467609986308,1.0000000000000004,0.7398038330274233,-0.34216657072070866,-135.09857304883968
19.67212352653694,8.751337967633447,1.0000000000000007,0.739883783546853,-0.3423610161027222,-135.06125246260868
19.674112687612894,8.741208498311078,1.0000000000000007,0.7399636409143575,-0.3425553862840456,-135.0239415407152
19.676102476540652,8.731079201920492,1.0000000000000007,0.740043405181245,-0.34274968125546135,-134.98664027309505
19.67809289298728,8.720950078363,1.0000000000000007,0.7401230763988345,-0.3429439010077484,-134.94934864968425
19.680083936620015,8.71082112753994,1.0000000000000007,0.7402026546184466,-0.34313804553169724,-134.91206666041865
19.682075607106242,8.700692349352607,1.0000000000000004,0.740282139891411,-0.34333211481810366,-134.87479429523407
19.684067904113476,8.690563743702493,1.0000000000000007,0.7403615322690484,-0.34352610885775814,-134.83753154406662
19.686060827309404,8.680435310490937,1.0000000000000007,0.7404408318026832,-0.3437200276414609,-134.8002783968519
19.68805437636189,8.670307049619364,1.0000000000000007,0.7405200385436554,-0.34391387116001937,-134.76303484352607
19.690048550938933,8.660178960989219,1.0000000000000007,0.7405991525432984,-0.3441076394042364,-134.72580087402483
19.69204335070868,8.650051044501964,1.0000000000000007,0.7406781738529382,-0.34430133236491844,-134.68857647828426
19.69403877533945,8.639923300059088,1.0000000000000007,0.7407571025239328,-0.3444949500328862,-134.65136164624013
19.69603482449971,8.629795727562092,1.0000000000000004,0.7408359386076118,-0.34468849239895594,-134.61415636782834
19.69803149785807,8.619668326912512,1.0000000000000007,0.7409146821553225,-0.34488195945395184,-134.57696063298488
19.70002879508333,8.609541098011846,1.0000000000000009,0.7409933332184178,-0.3450753511886946,-134.53977443164553
19.702026715844386,8.599414040761781,1.0000000000000007,0.7410718918482466,-0.34526866759401464,-134.50259775374627
19.704025259810344,8.589287155063845,1.0000000000000007,0.7411503580961583,-0.3454619086607513,-134.465430589223
19.706024426650423,8.579160440819663,1.0000000000000007,0.7412287320135071,-0.34565507437973597,-134.42827292801152
19.708024216034033,8.569033897930877,1.0000000000000007,0.7413070136516566,-0.34584816474181057,-134.39112476004783
19.710024627630705,8.558907526299148,1.0000000000000007,0.7413852030619719,-0.34604117973782245,-134.3539860752678
19.712025661110154,8.54878132582615,1.0000000000000007,0.7414633002958126,-0.3462341193586189,-134.31685686360737
19.714027316142214,8.5386552964136,1.0000000000000007,0.7415413054045423,-0.3464269835950482,-134.27973711500235
19.7160295923969,8.528529437963218,1.0000000000000004,0.7416192184395296,-0.34661977243797626,-134.24262681938865
19.71803248954438,8.518403750376702,1.0000000000000007,0.7416970394521556,-0.3468124858782611,-134.2055259667022
19.720036007254944,8.508278233555927,1.0000000000000007,0.7417747684937819,-0.3470051239067562,-134.16843454687893
19.72204014519907,8.498152887402634,1.0000000000000007,0.7418524056157949,-0.3471976865143418,-134.13135254985465
19.72404490304738,8.488027711818638,1.0000000000000007,0.741929950869574,-0.3473901736918865,-134.0942799655654
19.72605028047062,8.477902706705779,1.0000000000000007,0.7420074043064897,-0.34758258543026077,-134.0572167839469
19.728056277139743,8.467777871965913,1.0000000000000007,0.742084765977939,-0.3477749217203465,-134.02016299493516
19.730062892725808,8.457653207500918,1.0000000000000007,0.7421620359353049,-0.3479671825530364,-133.98311858846603
19.73207012690006,8.447528713212646,1.0000000000000007,0.7422392142299756,-0.3481593679192061,-133.94608355447548
19.734077979333854,8.437404389003124,1.0000000000000009,0.74231630091335,-0.34835147780975184,-133.90905788289933
19.736086449698732,8.427280234774255,1.0000000000000007,0.7423932960368109,-0.34854351221557067,-133.87204156367346
19.73809553766637,8.417156250428002,1.0000000000000007,0.742470199651768,-0.3487354711275579,-133.83503458673388
19.74010524290862,8.407032435866357,1.0000000000000007,0.7425470118096111,-0.3489273545366185,-133.79803694201632
19.742115565097457,8.396908790991334,1.0000000000000007,0.7426237325617482,-0.34911916243366115,-133.76104861945683
19.74412650390503,8.386785315704959,1.0000000000000007,0.7427003619595798,-0.34931089480959354,-133.72406960899133
19.746138059003613,8.376662009909301,1.0000000000000007,0.7427769000545226,-0.3495025516553314,-133.68709990055555
19.748150230065654,8.366538873506428,1.0000000000000007,0.7428533468979683,-0.3496941329617993,-133.65013948408549
19.750163016763768,8.356415906398402,1.0000000000000007,0.7429297025413479,-0.3498856387199103,-133.613188349517
19.75217641877066,8.346293108487439,1.0000000000000007,0.7430059670360638,-0.3500770689205961,-133.57624648678606
19.754190435759234,8.336170479675644,1.0000000000000007,0.7430821404335379,-0.35026842355479015,-133.53931388582853
19.75620506740255,8.326048019865175,1.0000000000000007,0.7431582227851923,-0.3504597026134224,-133.50239053658024
19.758220313373787,8.315925728958224,1.0000000000000007,0.7432342141424417,-0.35065090608743343,-133.46547642897727
19.7602361733463,8.305803606857005,1.0000000000000007,0.7433101145567171,-0.35084203396776825,-133.42857155295522
19.762252646993584,8.295681653463747,1.0000000000000007,0.7433859240794369,-0.351033086245371,-133.39167589845025
19.764269733989277,8.285559868680718,1.0000000000000007,0.7434616427620391,-0.3512240629111938,-133.35478945539813
19.766287434007186,8.275438252410185,1.0000000000000004,0.7435372706559473,-0.3514149639561839,-133.31791221373484
19.76830574672126,8.265316804554388,1.0000000000000007,0.7436128078126014,-0.35160578937130715,-133.28104416339622
19.770324671805582,8.255195525015775,1.0000000000000007,0.7436882542834375,-0.3517965391475273,-133.24418529431824
19.772344208934392,8.245074413696633,1.0000000000000004,0.7437636101198866,-0.35198721327580706,-133.20733559643665
19.774364357782098,8.234953470499327,1.0000000000000007,0.7438388753733971,-0.35217781174711416,-133.17049505968748
19.776385118023235,8.224832695326239,1.0000000000000007,0.7439140500954071,-0.35236833455243577,-133.1336636740065
19.778406489332504,8.214712088079793,1.0000000000000007,0.743989134337367,-0.3525587816827338,-133.0968414293298
19.78042847138474,8.204591648662413,1.0000000000000007,0.7440641281507201,-0.3527491531290017,-133.06002831559314
19.782451063854943,8.194471376976566,1.0000000000000007,0.7441390315869185,-0.35293944888222617,-133.0232243227324
19.78447426641825,8.184351272924708,1.0000000000000007,0.744213844697418,-0.3531296689333945,-132.98642944068354
19.78649807874996,8.174231336409319,1.0000000000000007,0.7442885675336726,-0.3533198132734987,-132.94964365938245
19.78852250052548,8.164111567333004,1.0000000000000007,0.7443632001471272,-0.35350988189354116,-132.912866968765
19.79054753142042,8.153991965598266,1.0000000000000004,0.7444377425892519,-0.35369987478452813,-132.8760993587671
19.79257317111051,8.143872531107661,1.0000000000000009,0.744512194911513,-0.3538897919374633,-132.83934081932472
19.794599419271627,8.133753263763799,1.0000000000000007,0.7445865571653627,-0.35407963334335024,-132.8025913403736
19.79662627557981,8.123634163469276,1.0000000000000007,0.7446608294022763,-0.35426939899321974,-132.76585091184972
19.798653739711227,8.113515230126731,1.0000000000000007,0.7447350116737166,-0.3544590888780754,-132.7291195236891
19.800681811342223,8.103396463638768,1.0000000000000007,0.7448091040311517,-0.35464870298895024,-132.69239716582743
19.802710490149252,8.093277863908172,1.0000000000000007,0.7448831065260642,-0.3548382413168687,-132.6556838282007
19.804739775808933,8.083159430837593,1.0000000000000007,0.7449570192099166,-0.3550277038528611,-132.61897950074484
19.806769667998044,8.073041164329759,1.0000000000000007,0.7450308421341969,-0.3552170905879617,-132.58228417339572
19.808800166393507,8.062923064287407,1.0000000000000004,0.7451045753503784,-0.35540640151321146,-132.5455978360892
19.810831270672367,8.052805130613304,1.0000000000000007,0.7451782189099401,-0.35559563661965665,-132.50892047876124
19.81286298051185,8.04268736321026,1.0000000000000009,0.7452517728643713,-0.3557847958983431,-132.47225209134768
19.81489529558931,8.032569761981067,1.0000000000000007,0.745325237265158,-0.3559738793403211,-132.43559266378446
19.816928215582237,8.02245232682857,1.0000000000000004,0.745398612163779,-0.35616288693664666,-132.39894218600742
19.81896174016832,8.012335057655578,1.0000000000000007,0.745471897611738,-0.3563518186783803,-132.36230064795254
19.82099586902531,8.002217954365078,1.0000000000000007,0.7455450936605228,-0.35654067455659,-132.3256680395557
19.823030601831164,7.992101016859914,1.0000000000000007,0.7456182003616192,-0.35672945456233673,-132.28904435075273
19.825065938263975,7.9819842450430105,1.0000000000000004,0.7456912177665274,-0.3569181586866996,-132.25242957147958
19.827101878001983,7.971867638817321,1.0000000000000007,0.7457641459267563,-0.35710678692075426,-132.2158236916721
19.829138420723563,7.9617511980858175,1.0000000000000007,0.7458369848937938,-0.35729533925557533,-132.1792267012663
19.83117556610724,7.951634922751488,1.0000000000000007,0.7459097347191488,-0.35748381568225707,-132.142638590198
19.833213313831692,7.941518812717352,1.0000000000000007,0.7459823954543197,-0.35767221619187684,-132.10605934840308
19.835251663575743,7.931402867886445,1.0000000000000007,0.7460549671508243,-0.3578605407755422,-132.0694889658174
19.837290615018354,7.921287088161773,1.0000000000000007,0.7461274498601629,-0.3580487894243394,-132.032927432377
19.83933016783862,7.911171473446528,1.0000000000000007,0.746199843633848,-0.3582369621293702,-131.99637473801766
19.841370321715804,7.901056023643763,1.0000000000000007,0.7462721485233974,-0.3584250588817506,-131.9598308726753
19.84341107632931,7.890940738656609,1.0000000000000007,0.746344364580322,-0.3586130796725788,-131.92329582628588
19.84545243135868,7.880825618388206,1.0000000000000007,0.7464164918561362,-0.3588010244929736,-131.8867695887852
19.8474943864836,7.870710662741744,1.0000000000000007,0.7464885304023685,-0.3589888933340557,-131.8502521501092
19.849536941383906,7.8605958716204,1.0000000000000007,0.7465604802705315,-0.35917668618694387,-131.81374350019382
19.85158009573958,7.850481244927406,1.0000000000000007,0.7466323415121519,-0.35936440304276607,-131.7772436289749
19.85362384923074,7.8403667825659955,1.0000000000000007,0.7467041141787529,-0.3595520438926507,-131.7407525263884
19.855668201537664,7.830252484439382,1.0000000000000007,0.7467757983218615,-0.3597396087277369,-131.70427018237012
19.857713152340743,7.820138350450955,1.0000000000000007,0.7468473939930114,-0.3599270975391624,-131.667796586856
19.859758701320548,7.810024380503977,1.0000000000000007,0.7469189012437276,-0.3601145103180703,-131.63133172978195
19.861804848157764,7.799910574501771,1.0000000000000007,0.7469903201255459,-0.3603018470556054,-131.59487560108394
