galstreams/tracks/track.st.Hrid.ibata2021.ecsv
# %ECSV 1.0
# ---
# datatype:
# - {name: ra, unit: deg, datatype: float64}
# - {name: dec, unit: deg, datatype: float64}
# - {name: distance, unit: kpc, datatype: float64}
# - {name: pm_ra_cosdec, unit: mas / yr, datatype: float64}
# - {name: pm_dec, unit: mas / yr, datatype: float64}
# - {name: radial_velocity, unit: km / s, datatype: float64}
# delimiter: ','
# meta: !!omap
# - __serialized_columns__:
#     dec:
#       __class__: astropy.coordinates.angles.Latitude
#       unit: &id001 !astropy.units.Unit {unit: deg}
#       value: !astropy.table.SerializedColumn {name: dec}
#     distance:
#       __class__: astropy.coordinates.distances.Distance
#       unit: !astropy.units.Unit {unit: kpc}
#       value: !astropy.table.SerializedColumn {name: distance}
#     pm_dec:
#       __class__: astropy.units.quantity.Quantity
#       unit: !astropy.units.Unit {unit: mas / yr}
#       value: !astropy.table.SerializedColumn {name: pm_dec}
#     pm_ra_cosdec:
#       __class__: astropy.units.quantity.Quantity
#       unit: !astropy.units.Unit {unit: mas / yr}
#       value: !astropy.table.SerializedColumn {name: pm_ra_cosdec}
#     ra:
#       __class__: astropy.coordinates.angles.Longitude
#       unit: *id001
#       value: !astropy.table.SerializedColumn {name: ra}
#       wrap_angle: !astropy.coordinates.Angle
#         unit: *id001
#         value: 360.0
#     radial_velocity:
#       __class__: astropy.units.quantity.Quantity
#       unit: !astropy.units.Unit {unit: km / s}
#       value: !astropy.table.SerializedColumn {name: radial_velocity}
# schema: astropy-2.0
ra,dec,distance,pm_ra_cosdec,pm_dec,radial_velocity
[from data line 5414]
284.63125471319023,69.21689545391126,3.5975616125648653,-3.3548812834572024,21.37577231773406,-58.534589667957306
284.63473343811194,69.22682594481375,3.5979174311652766,-3.3532275885354696,21.37343693940211,-58.491628778424875
284.63821579197247,69.23675634784857,3.5982734076974947,-3.351572821443047,21.371099921049762,-58.44869301511984
284.64170178018776,69.24668666287738,3.5986295421907815,-3.349916980929489,21.368761262549416,-58.40578239044656
284.6451914081841,69.25661688976157,3.598985834674396,-3.3482600657420454,21.366420963773397,-58.36289691680975
284.6486846813979,69.2665470283623,3.5993422851776,-3.346602074625748,21.364079024593863,-58.320036606613805
284.652181605276,69.27647707854038,3.5996988937296535,-3.3449430063233505,21.361735444882836,-58.27720147226342
284.6556821852754,69.2864070401564,3.6000556603598186,-3.343282859575389,21.359390224512172,-58.23439152616295
284.6591864268636,69.29633691307069,3.6004125850973545,-3.3416216331200523,21.357043363353636,-58.19160678071711
284.6626943355183,69.3062666971433,3.600769667971524,-3.339959325693373,21.354694861278794,-58.14884724833013
284.66620591672785,69.31619639223393,3.6011269090115854,-3.3382959360289712,21.35234471815916,-58.10611294140686
284.6697211759907,69.32612599820214,3.601484308246801,-3.336631462858316,21.349992933866005,-58.06340387235161
284.6732401188159,69.3360555149071,3.6018418657064313,-3.3349659049104927,21.3476395082705,-58.02072005356906
284.676762750723,69.34598494220776,3.6021995814197374,-3.333299260912332,21.34528444124369,-57.97806149746374
284.6802890772421,69.35591427996278,3.602557455415979,-3.3316315295883543,21.342927732656445,-57.93542821644016
284.6838191039135,69.36584352803055,3.6029154877244185,-3.329962709660828,21.340569382379496,-57.892820222902735
284.6873528362883,69.37577268626916,3.603273678374316,-3.328292799849642,21.338209390283435,-57.85023752925609
284.69089027992817,69.38570175453646,3.603632027394931,-3.326621798872405,21.3358477562387,-57.807680147904655
284.6944314404053,69.39563073268995,3.6039905348155252,-3.32494970544439,21.3334844801156,-57.76514809125323
284.69797632330244,69.40555962058696,3.60434920066536,-3.3232765182785755,21.331119561784256,-57.72264137170607
284.70152493421307,69.41548841808445,3.604708024973695,-3.321602236085613,21.328753001114666,-57.68016000166774
284.7050772787413,69.42541712503912,3.6050670077697933,-3.3199268575737433,21.32638479797669,-57.63770399354298
284.7086333625019,69.4353457413074,3.6054261490829127,-3.318250381448977,21.324014952240002,-57.595273359736105
284.71219319112043,69.44527426674544,3.605785448942316,-3.3165728064149045,21.321643463774144,-57.55286811265174
284.71575677023316,69.45520270120909,3.6061449073772622,-3.314894131172771,21.319270332448514,-57.51048826469431
284.7193241054871,69.46513104455394,3.6065045244170135,-3.3132143544214783,21.316895558132327,-57.46813382826854
284.7228952025399,69.47505929663525,3.606864300090831,-3.3115334748575895,21.31451914069467,-57.42580481577879
284.7264700670604,69.48498745730805,3.6072242344279744,-3.309851491175271,21.312141080004473,-57.3835012396297
284.73004870472795,69.49491552642708,3.6075843274577037,-3.308168402066298,21.309761375930503,-57.34122311222568
284.7336311212329,69.50484350384671,3.6079445792092826,-3.3064842062201176,21.307380028341345,-57.29897044597138
284.73721732227654,69.51477138942114,3.608304989711969,-3.304798902323747,21.30499703710548,-57.25674325327133
284.7408073135709,69.52469918300419,3.608665558995025,-3.3031124890618386,21.302612402091167,-57.21454154652996
284.7444011008391,69.53462688444945,3.6090262870877114,-3.3014249651166576,21.300226123166574,-57.1723653381519
284.7479986898153,69.5445544936102,3.609387174019289,-3.2997363291680255,21.29783820019966,-57.130214640541624
284.7516000862444,69.55448201033944,3.6097482198190174,-3.2980465798934198,21.29544863305823,-57.08808946610366
284.7552052958827,69.56440943448985,3.610109424516159,-3.296355715967823,21.293057421609937,-57.04598982724256
284.75881432449717,69.57433676591381,3.610470788139973,-3.294663736063895,21.290664565722278,-57.00391573636286
284.762427177866,69.58426400446348,3.6108323107197213,-3.292970638851812,21.288270065262548,-56.96186720586912
284.7660438617786,69.59419114999066,3.6111939922846643,-3.291276422999333,21.285873920097934,-56.91984424816576
284.7696643820354,69.6041182023469,3.6115558328640645,-3.2895810871717774,21.283476130095405,-56.877846875657305
284.77328874444794,69.61404516138337,3.6119178324871792,-3.287884630032046,21.2810766951218,-56.835875100748574
284.776916954839,69.62397202695107,3.612279991183272,-3.2861870502405655,21.27867561504378,-56.793928935843915
284.7805490190426,69.63389879890063,3.6126423089816013,-3.2844883464553423,21.276272889727835,-56.75200839334762
284.78418494290406,69.64382547708237,3.6130047859114307,-3.282788517331878,21.27386851904028,-56.71011348566458
284.7878247322796,69.65375206134637,3.6133674220020175,-3.2810875615232957,21.271462502847275,-56.66824422519911
284.7914683930373,69.66367855154233,3.613730217282627,-3.279385477680136,21.26905484101478,-56.62640062435595
284.795115931056,69.67360494751976,3.6140931717825158,-3.2776822644505783,21.26664553340863,-56.584582695539346
284.7987673522263,69.68353124912778,3.614456285530948,-3.2759779204802086,21.26423457989444,-56.54279045115412
284.80242266244994,69.69345745621524,3.6148195585571807,-3.2742724444122437,21.261821980337686,-56.501023903604455
284.80608186764016,69.70338356863071,3.615182990890478,-3.2725658348873266,21.25940773460364,-56.45928306529524
284.8097449737216,69.71330958622242,3.6155465825600985,-3.2708580905436113,21.25699184255745,-56.417567948630776
284.8134119866303,69.72323550883831,3.6159103335953056,-3.2691492100167787,21.254574304064025,-56.37587856601571
284.81708291231377,69.73316133632602,3.616274244025356,-3.267439191940004,21.25215511898813,-56.33421492985458
284.8207577567312,69.74308706853292,3.616638313879513,-3.2657280349439013,21.249734287194357,-56.292577052551806
284.8244365258532,69.75301270530602,3.617002543187039,-3.2640157376565906,21.247311808547092,-56.25096494651202
284.82811922566185,69.76293824649204,3.6173669319771915,-3.262302298703691,21.244887682910573,-56.209378624139724
284.83180586215093,69.77286369193743,3.6177314802792333,-3.260587716708236,21.242461910148837,-56.1678180978394
284.8354964413259,69.78278904148829,3.618096188122424,-3.258871990290748,21.240034490125748,-56.12628338001563
284.83919096920374,69.7927142949904,3.618461055536025,-3.2571551180692166,21.237605422704984,-56.08477448307301
284.84288945181316,69.80263945228931,3.6188260825492975,-3.2554370986590593,21.23517470775004,-56.0432914194159
284.84659189519454,69.81256451323019,3.6191912691915014,-3.253717930673149,21.232742345124223,-56.00183420144903
284.85029830540003,69.8224894776579,3.6195566154918986,-3.251997612721784,21.23030833469066,-55.960402841576766
284.85400868849354,69.83241434541702,3.6199221214797483,-3.2502761434127017,21.22787267631229,-55.91899735220378
284.85772305055076,69.84233911635182,3.620287787184313,-3.2485535213510595,21.22543536985186,-55.877617745734426
284.8614413976592,69.85226379030624,3.620653612634851,-3.246829745139441,21.222996415171945,-55.836264034573425
284.8651637359182,69.8621883671239,3.621019597860626,-3.2451048133778215,21.22055581213492,-55.79493623112513
284.86889007143895,69.87211284664814,3.6213857428908978,-3.2433787246636303,21.218113560602937,-55.75363434779422
284.8726204103446,69.88203722872194,3.621752047754925,-3.2416514775916623,21.215669660438028,-55.71235839698515
284.8763547587703,69.89196151318801,3.6221185124819715,-3.239923070754082,21.213224111501976,-55.671108391102464
284.8800931228629,69.90188569988868,3.6224851371012963,-3.238193502740491,21.210776913656396,-55.629884342550845
284.88383550878143,69.91180978866606,3.622851921642161,-3.2364627721378696,21.208328066762686,-55.58868626373445
284.88758192269705,69.92173377936186,3.6232188661338256,-3.2347308775305246,21.205877570682063,-55.54751416705812
284.8913323707927,69.9316576718175,3.6235859706055513,-3.232997817500177,21.203425425275572,-55.50636806492635
284.8950868592636,69.94158146587408,3.6239532350865997,-3.2312635906259324,21.200971630404002,-55.46524796974357
284.89884539431694,69.95150516137238,3.624320659606229,-3.229528195484175,21.19851618592802,-55.424153893914465
284.9026079821722,69.96142875815289,3.6246882441937034,-3.2277916306487056,21.19605909170803,-55.38308584984328
284.9063746290608,69.9713522560557,3.6250559888782816,-3.2260538946906596,21.193600347604253,-55.342043849934846
284.91014534122655,69.98127565492062,3.625423893689224,-3.224314986178488,21.191139953476736,-55.3010279065936
284.9139201249254,69.99119895458718,3.6257919586557925,-3.222574903678007,21.188677909185277,-55.26003803222399
284.91769898642565,70.00112215489453,3.6261601838072473,-3.2208336457523155,21.186214214589516,-55.2190742392307
284.9214819320078,70.01104525568151,3.6265285691728497,-3.2190912109618566,21.18374886954887,-55.17813654001815
284.92526896796454,70.02096825678663,3.6268971147818596,-3.2173475978643866,21.181281873922533,-55.13722494699087
284.92906010060113,70.03089115804809,3.6272658206635393,-3.215602805014993,21.178813227569535,-55.09633947255348
284.93285533623504,70.04081395930375,3.6276346868471476,-3.213856830966016,21.176342930348646,-55.055480129110386
284.9366546811963,70.05073666039114,3.6280037133619474,-3.212109674267122,21.17387098211846,-55.01464692906625
284.9404581418272,70.06065926114749,3.628372900237197,-3.2103613334652303,21.171397382737375,-54.97383988482543
284.94426572448265,70.07058176140966,3.628742247502159,-3.2086118071045764,21.168922132063557,-54.933059008792505
284.94807743552985,70.08050416101418,3.629111755186094,-3.2068610937266806,21.166445229954935,-54.892304313372215
284.9518932813488,70.09042645979726,3.629481423318261,-3.205109191870278,21.16396667626929,-54.851575810968974
284.95571326833186,70.1003486575948,3.6298512519279242,-3.203356100071418,21.16148647086413,-54.81087351398717
284.95953740288394,70.11027075424236,3.630221241044342,-3.2016018168633904,21.159004613596775,-54.77019743483137
284.9633656914227,70.12019274957512,3.6305913906967744,-3.1998463407767117,21.15652110432433,-54.729547585906325
284.96719814037846,70.130114643428,3.630961700914484,-3.198089670339148,21.15403594290368,-54.688923979616334
284.97103475619406,70.14003643563551,3.631332171726731,-3.1963318040757134,21.15154912919148,-54.648326628366014
284.97487554532523,70.14995812603188,3.6317028031627765,-3.1945727405086526,21.149060663044185,-54.60775554455998
284.9787205142403,70.15987971445097,3.6320735952518803,-3.192812478157421,21.146570544318035,-54.567210740602576
284.9825696694204,70.16980120072631,3.6324445480233027,-3.191051015538707,21.144078772869005,-54.52669222889847
284.9864230173596,70.1797225846911,3.6328156615063065,-3.189288351166356,21.141585348552898,-54.48620002185217
284.99028056456456,70.1896438661782,3.6331869357301523,-3.18752448355149,21.13909027122526,-54.445734131868115
284.99414231755503,70.1995650450201,3.6335583707240993,-3.185759411202363,21.136593540741426,-54.405294571351064
284.99800828286357,70.209486121049,3.633929966517409,-3.1839931326244653,21.13409515695652,-54.36488135270528
285.00187846703557,70.2194070940967,3.634301723139342,-3.1822256463204477,21.13159511972541,-54.32449448833546
285.0057528766296,70.2293279639947,3.6346736406191598,-3.1804569507901137,21.129093428902745,-54.28413399064611
285.009631518217,70.23924873057418,3.6350457189861225,-3.1786870445304816,21.126590084342954,-54.24379987204154
285.0135143983823,70.24916939366584,3.6354179582694908,-3.1769159260356847,21.12408508590024,-54.203492144926834
285.01740152372304,70.25908995310023,3.6357903584985256,-3.175143593797051,21.121578433428567,-54.16321082170598
285.02129290084974,70.2690104087074,3.636162919702488,-3.1733700463030248,21.11907012678164,-54.122955914783674
285.0251885363861,70.27893076031712,3.6365356419106383,-3.17159528203923,21.116560165812974,-54.08272743656456
285.02908843696923,70.28885100775882,3.6369085251522377,-3.1698192994883625,21.11404855037582,-54.04252539945294
285.03299260924894,70.29877115086154,3.637281569456546,-3.168042097130317,21.111535280323213,-54.00234981585358
285.0369010598887,70.30869118945397,3.6376547748528254,-3.1662636734420433,21.10902035550793,-53.962200698170975
285.04081379556493,70.31861112336449,3.638028141370336,-3.164484026897659,21.106503775782524,-53.92207805880957
285.04473082296744,70.32853095242112,3.6384016690383394,-3.1627031559683703,21.103985540999307,-53.88198191017378
285.04865214879953,70.33845067645149,3.6387753578860953,-3.160921059122444,21.101465651010336,-53.84191226466845
285.05257777977755,70.34837029528288,3.6391492079428636,-3.1591377348252943,21.098944105667456,-53.80186913469795
285.0565077226313,70.35828980874228,3.639523219237907,-3.157353181539409,21.096420904822242,-53.76185253266664
285.0604419841043,70.36820921665627,3.6398973918004858,-3.1555673977243055,21.093896048326013,-53.72186247097931
285.0643805709531,70.37812851885106,3.640271725659859,-3.1537803818366354,21.091369536029898,-53.68189896204046
285.06832348994794,70.38804771515254,3.6406462208452903,-3.151992132330105,21.08884136778471,-53.64196201825448
285.07227074787255,70.39796680538622,3.6410208773860386,-3.150202647655445,21.086311543441063,-53.60205165202601
285.07622235152434,70.40788578937726,3.6413956953113655,-3.148411926260433,21.083780062849293,-53.562167875759556
285.08017830771394,70.41780466695047,3.6417706746505307,-3.146619966589947,21.081246925859517,-53.52231070185959
285.08413862326597,70.42772343793028,3.642145815432796,-3.144826767085852,21.078712132321556,-53.48248014273076
285.08810330501854,70.43764210214077,3.642521117687422,-3.143032326187045,21.07617568208503,-53.44267621077743
285.0920723598235,70.44756065940564,3.6428965814436687,-3.141236642329444,21.073637574999257,-53.40289891840438
285.0960457945463,70.45747910954825,3.6432722067307983,-3.139439713945996,21.07109781091333,-53.36314827801595
285.1000236160662,70.46739745239157,3.643647993578069,-3.1376415394666504,21.068556389676072,-53.32342430201664
285.1040058312763,70.47731568775824,3.6440239420147447,-3.135842117318373,21.06601331113604,-53.28372700281118
285.1079924470835,70.48723381547049,3.6444000520700848,-3.1340414459250665,21.06346857514156,-53.24405639280392
285.1119834704086,70.49715183535022,3.6447763237733497,-3.1322395237076757,21.060922181540665,-53.204412484399406
285.1159789081861,70.50706974721895,3.6451527571538005,-3.1304363490840936,21.058374130181164,-53.16479529000222
285.11997876736456,70.51698755089781,3.6455293522406986,-3.128631920469209,21.05582442091054,-53.12520482201691
285.12398305490655,70.52690524620758,3.6459061090633034,-3.1268262362748347,21.053273053576092,-53.08564109284807
285.12799177778857,70.5368228329687,3.6462830276508766,-3.1250192949097535,21.050720028024788,-53.04610411490002
285.1320049430011,70.54674031100116,3.646660108032679,-3.1232110947797276,21.04816534410337,-53.00659390057742
285.13602255754876,70.55665768012463,3.647037350237971,-3.1214016342874196,21.045609001658274,-52.96711046228487
285.14004462845026,70.56657494015842,3.6474147542960136,-3.119590911832434,21.043051000535705,-52.927653812426804
285.1440711627384,70.57649209092143,3.6477923202360674,-3.1177789258113195,21.040491340581564,-52.888223963407725
285.1481021674602,70.58640913223216,3.6481700480873935,-3.115965674617531,21.037930021641507,-52.84882092763232
285.1521376496767,70.59632606390885,3.6485479378792527,-3.114151156641431,21.035367043560903,-52.80944471750484
285.15617761646354,70.60624288576919,3.648925989640905,-3.1123353702702916,21.032802406184828,-52.77009534543023
