galstreams/tracks/track.st.Murrumbidgee.grillmair2017b.ecsv
# %ECSV 0.9
# ---
# datatype:
# - {name: ra, unit: deg, datatype: float64}
# - {name: dec, unit: deg, datatype: float64}
# - {name: distance, unit: kpc, datatype: float64}
# - {name: pm_ra_cosdec, unit: mas / yr, datatype: float64}
# - {name: pm_dec, unit: mas / yr, datatype: float64}
# - {name: radial_velocity, unit: km / s, datatype: float64}
# delimiter: ','
# meta: !!omap
# - __serialized_columns__:
#     dec:
#       __class__: astropy.coordinates.angles.Latitude
#       unit: &id001 !astropy.units.Unit {unit: deg}
#       value: !astropy.table.SerializedColumn {name: dec}
#     distance:
#       __class__: astropy.coordinates.distances.Distance
#       unit: !astropy.units.Unit {unit: kpc}
#       value: !astropy.table.SerializedColumn {name: distance}
#     pm_dec:
#       __class__: astropy.units.quantity.Quantity
#       unit: !astropy.units.Unit {unit: mas / yr}
#       value: !astropy.table.SerializedColumn {name: pm_dec}
#     pm_ra_cosdec:
#       __class__: astropy.units.quantity.Quantity
#       unit: !astropy.units.Unit {unit: mas / yr}
#       value: !astropy.table.SerializedColumn {name: pm_ra_cosdec}
#     ra:
#       __class__: astropy.coordinates.angles.Longitude
#       unit: *id001
#       value: !astropy.table.SerializedColumn {name: ra}
#       wrap_angle: !astropy.coordinates.Angle
#         unit: *id001
#         value: 360.0
#     radial_velocity:
#       __class__: astropy.units.quantity.Quantity
#       unit: !astropy.units.Unit {unit: km / s}
#       value: !astropy.table.SerializedColumn {name: radial_velocity}
# schema: astropy-2.0
ra,dec,distance,pm_ra_cosdec,pm_dec,radial_velocity
[from data line 1413]
87.6423063368011,-60.83016054285658,19.99999999999995,0.0,0.0,0.0
87.62173305684026,-60.82759842316862,19.999999999999947,0.0,0.0,0.0
87.60116327593383,-60.82503469547347,19.99999999999995,0.0,0.0,0.0
87.58059699412355,-60.82246935860371,19.999999999999954,0.0,0.0,0.0
87.56003421145473,-60.8199024114018,19.99999999999995,0.0,0.0,0.0
87.53947492797683,-60.817333852720076,19.99999999999995,0.0,0.0,0.0
87.51891914374309,-60.814763681420686,19.999999999999947,0.0,0.0,0.0
87.4983668588107,-60.81219189637561,19.99999999999995,0.0,0.0,0.0
87.47781807324017,-60.80961849646665,19.99999999999995,0.0,0.0,0.0
87.45727278709613,-60.80704348058536,19.999999999999954,0.0,0.0,0.0
87.4367310004468,-60.8044668476331,19.99999999999995,0.0,0.0,0.0
87.41619271336405,-60.801888596521,19.99999999999995,0.0,0.0,0.0
87.3956579259234,-60.79930872616989,19.99999999999995,0.0,0.0,0.0
87.37512663820371,-60.796727235510346,19.999999999999954,0.0,0.0,0.0
87.35459885028766,-60.79414412348265,19.999999999999947,0.0,0.0,0.0
87.33407456226135,-60.79155938903679,19.99999999999995,0.0,0.0,0.0
87.31355377421434,-60.78897303113239,19.99999999999995,0.0,0.0,0.0
87.29303648623974,-60.78638504873877,19.99999999999995,0.0,0.0,0.0
87.2725226984337,-60.78379544083489,19.999999999999947,0.0,0.0,0.0
87.25201241089614,-60.78120420640931,19.99999999999995,0.0,0.0,0.0
87.23150562373006,-60.778611344460245,19.99999999999995,0.0,0.0,0.0
87.21100233704185,-60.77601685399544,19.99999999999995,0.0,0.0,0.0
87.19050255094133,-60.773420734032285,19.99999999999995,0.0,0.0,0.0
87.170006265541,-60.77082298359765,19.99999999999995,0.0,0.0,0.0
87.14951348095711,-60.76822360172802,19.99999999999995,0.0,0.0,0.0
87.12902419730877,-60.765622587469394,19.99999999999995,0.0,0.0,0.0
87.10853841471842,-60.76301993987725,19.999999999999954,0.0,0.0,0.0
87.08805613331121,-60.76041565801661,19.999999999999957,0.0,0.0,0.0
87.06757735321565,-60.75780974096192,19.999999999999954,0.0,0.0,0.0
87.04710207456318,-60.75520218779711,19.99999999999995,0.0,0.0,0.0
87.02663029748823,-60.75259299761557,19.99999999999995,0.0,0.0,0.0
87.0061620221281,-60.74998216952014,19.99999999999995,0.0,0.0,0.0
86.98569724862317,-60.74736970262297,19.99999999999995,0.0,0.0,0.0
86.96523597711636,-60.74475559604574,19.99999999999995,0.0,0.0,0.0
86.94477820775371,-60.74213984891943,19.99999999999995,0.0,0.0,0.0
86.92432394068405,-60.73952246038438,19.999999999999954,0.0,0.0,0.0
86.90387317605891,-60.73690342959034,19.999999999999954,0.0,0.0,0.0
86.88342591403243,-60.734282755696306,19.99999999999995,0.0,0.0,0.0
86.86298215476165,-60.73166043787064,19.999999999999947,0.0,0.0,0.0
86.84254189840627,-60.72903647529102,19.999999999999947,0.0,0.0,0.0
86.82210514512846,-60.726410867144345,19.99999999999995,0.0,0.0,0.0
86.80167189509326,-60.72378361262684,19.99999999999995,0.0,0.0,0.0
86.78124214846788,-60.72115471094393,19.999999999999947,0.0,0.0,0.0
86.76081590542238,-60.718524161310285,19.999999999999943,0.0,0.0,0.0
86.7403931661293,-60.71589196294984,19.99999999999995,0.0,0.0,0.0
86.71997393076363,-60.71325811509565,19.99999999999995,0.0,0.0,0.0
86.69955819950252,-60.71062261699001,19.999999999999943,0.0,0.0,0.0
86.67914597252589,-60.707985467884335,19.999999999999947,0.0,0.0,0.0
86.65873725001583,-60.70534666703926,19.999999999999943,0.0,0.0,0.0
86.63833203215688,-60.70270621372449,19.99999999999995,0.0,0.0,0.0
86.6179303191358,-60.70006410721885,19.99999999999995,0.0,0.0,0.0
86.59753211114172,-60.69742034681033,19.99999999999995,0.0,0.0,0.0
86.57713740836572,-60.69477493179592,19.999999999999947,0.0,0.0,0.0
86.55674621100145,-60.69212786148174,19.999999999999947,0.0,0.0,0.0
86.53635851924449,-60.689479135182914,19.999999999999947,0.0,0.0,0.0
86.51597433329286,-60.68682875222368,19.999999999999947,0.0,0.0,0.0
86.49559365334612,-60.684176711937184,19.999999999999947,0.0,0.0,0.0
86.47521647960649,-60.681523013665654,19.999999999999947,0.0,0.0,0.0
86.45484281227796,-60.67886765676028,19.999999999999947,0.0,0.0,0.0
86.43447265156657,-60.676210640581246,19.999999999999943,0.0,0.0,0.0
86.41410599768045,-60.67355196449763,19.999999999999947,0.0,0.0,0.0
86.39374285082938,-60.670891627887514,19.999999999999947,0.0,0.0,0.0
86.37338321122533,-60.668229630137866,19.999999999999947,0.0,0.0,0.0
86.35302707908214,-60.665565970644565,19.99999999999995,0.0,0.0,0.0
86.33267445461553,-60.66290064881236,19.999999999999947,0.0,0.0,0.0
86.3123253380427,-60.66023366405489,19.999999999999943,0.0,0.0,0.0
86.29197972958302,-60.65756501579468,19.999999999999947,0.0,0.0,0.0
86.27163762945757,-60.65489470346301,19.999999999999947,0.0,0.0,0.0
86.25129903788903,-60.65222272650008,19.99999999999995,0.0,0.0,0.0
86.23096395510183,-60.6495490843548,19.99999999999995,0.0,0.0,0.0
86.21063238132224,-60.646873776484966,19.999999999999947,0.0,0.0,0.0
86.19030431677778,-60.64419680235709,19.99999999999995,0.0,0.0,0.0
86.16997976169787,-60.64151816144641,19.999999999999947,0.0,0.0,0.0
86.1496587163135,-60.638837853236986,19.999999999999947,0.0,0.0,0.0
86.12934118085722,-60.636155877221555,19.99999999999995,0.0,0.0,0.0
86.10902715556283,-60.633472232901546,19.99999999999995,0.0,0.0,0.0
86.08871664066588,-60.63078691978711,19.999999999999947,0.0,0.0,0.0
86.06840963640336,-60.62809993739708,19.99999999999995,0.0,0.0,0.0
86.04810614301363,-60.62541128525891,19.999999999999947,0.0,0.0,0.0
86.0278061607364,-60.62272096290873,19.999999999999947,0.0,0.0,0.0
86.00750968981293,-60.62002896989126,19.99999999999995,0.0,0.0,0.0
85.98721673048547,-60.61733530575988,19.999999999999947,0.0,0.0,0.0
85.96692728299789,-60.614639970076524,19.999999999999947,0.0,0.0,0.0
85.94664134759525,-60.6119429624117,19.99999999999995,0.0,0.0,0.0
85.92635892452391,-60.6092442823445,19.999999999999943,0.0,0.0,0.0
85.9060800140312,-60.60654392946258,19.99999999999995,0.0,0.0,0.0
85.88580461636592,-60.60384190336205,19.999999999999947,0.0,0.0,0.0
85.86553273177793,-60.60113820364757,19.999999999999943,0.0,0.0,0.0
85.84526436051819,-60.59843282993236,19.999999999999947,0.0,0.0,0.0
85.82499950283892,-60.595725781837984,19.999999999999943,0.0,0.0,0.0
85.80473815899308,-60.59301705899461,19.999999999999947,0.0,0.0,0.0
85.78448032923497,-60.590306661040735,19.999999999999947,0.0,0.0,0.0
85.76422601381982,-60.58759458762336,19.99999999999995,0.0,0.0,0.0
85.74397521300392,-60.58488083839786,19.999999999999947,0.0,0.0,0.0
85.72372792704427,-60.58216541302805,19.999999999999947,0.0,0.0,0.0
85.70348415619904,-60.579448311186056,19.999999999999947,0.0,0.0,0.0
85.68324390072719,-60.576729532552434,19.999999999999943,0.0,0.0,0.0
85.66300716088864,-60.57400907681608,19.99999999999995,0.0,0.0,0.0
85.64277393694414,-60.57128694367417,19.999999999999947,0.0,0.0,0.0
85.62254422915527,-60.56856313283225,19.99999999999995,0.0,0.0,0.0
85.60231803778413,-60.565837644004134,19.999999999999943,0.0,0.0,0.0
85.58209536309394,-60.56311047691195,19.999999999999943,0.0,0.0,0.0
85.5618762053485,-60.56038163128606,19.99999999999995,0.0,0.0,0.0
85.54166056481243,-60.557651106865094,19.99999999999995,0.0,0.0,0.0
85.52144844175072,-60.5549189033959,19.999999999999947,0.0,0.0,0.0
85.50123983642933,-60.552185020633566,19.999999999999947,0.0,0.0,0.0
85.48103474911474,-60.54944945834136,19.99999999999995,0.0,0.0,0.0
85.46083318007395,-60.54671221629075,19.99999999999995,0.0,0.0,0.0
85.44063512957479,-60.54397329426137,19.999999999999947,0.0,0.0,0.0
85.42044059788513,-60.54123269204098,19.99999999999995,0.0,0.0,0.0
85.40024958527384,-60.538490409425535,19.999999999999943,0.0,0.0,0.0
85.38006209201005,-60.53574644621906,19.999999999999947,0.0,0.0,0.0
85.35987811836353,-60.53300080223368,19.999999999999947,0.0,0.0,0.0
85.3396976646041,-60.53025347728964,19.999999999999943,0.0,0.0,0.0
85.31952073100234,-60.52750447121526,19.99999999999995,0.0,0.0,0.0
85.29934731782912,-60.52475378384687,19.999999999999947,0.0,0.0,0.0
85.27917742535563,-60.52200141502886,19.99999999999995,0.0,0.0,0.0
85.25901105385344,-60.51924736461365,19.999999999999947,0.0,0.0,0.0
85.23884820359447,-60.51649163246168,19.999999999999943,0.0,0.0,0.0
85.21868887485056,-60.51373421844136,19.99999999999995,0.0,0.0,0.0
85.19853306789426,-60.51097512242903,19.999999999999947,0.0,0.0,0.0
85.17838078299808,-60.5082143443091,19.99999999999995,0.0,0.0,0.0
85.15823202043494,-60.50545188397382,19.999999999999947,0.0,0.0,0.0
85.13808678047754,-60.502687741323385,19.999999999999947,0.0,0.0,0.0
85.11794506339908,-60.49992191626594,19.999999999999947,0.0,0.0,0.0
85.0978068694728,-60.497154408717456,19.999999999999943,0.0,0.0,0.0
85.07767219897194,-60.49438521860186,19.99999999999995,0.0,0.0,0.0
85.05754105217001,-60.491614345850884,19.999999999999947,0.0,0.0,0.0
85.03741342934018,-60.48884179040409,19.999999999999943,0.0,0.0,0.0
85.017289330756,-60.48606755220892,19.999999999999947,0.0,0.0,0.0
84.99716875669088,-60.483291631220595,19.999999999999947,0.0,0.0,0.0
84.97705170741831,-60.480514027402144,19.99999999999995,0.0,0.0,0.0
84.95693818321136,-60.47773474072436,19.999999999999947,0.0,0.0,0.0
84.93682818434344,-60.474953771165794,19.99999999999995,0.0,0.0,0.0
84.9167217110876,-60.47217111871278,19.99999999999995,0.0,0.0,0.0
84.8966187637169,-60.469386783359354,19.999999999999943,0.0,0.0,0.0
84.8765193425041,-60.46660076510726,19.999999999999943,0.0,0.0,0.0
84.85642344772207,-60.46381306396592,19.99999999999994,0.0,0.0,0.0
84.83633107964293,-60.46102367995252,19.999999999999947,0.0,0.0,0.0
84.816242238539,-60.45823261309185,19.999999999999947,0.0,0.0,0.0
84.79615692468232,-60.45543986341635,19.999999999999947,0.0,0.0,0.0
84.77607513834461,-60.45264543096608,19.999999999999943,0.0,0.0,0.0
84.75599687979704,-60.44984931578877,19.999999999999947,0.0,0.0,0.0
84.73592214931072,-60.44705151793969,19.99999999999994,0.0,0.0,0.0
84.71585094715634,-60.44425203748175,19.999999999999947,0.0,0.0,0.0
84.69578327360426,-60.441450874485405,19.999999999999943,0.0,0.0,0.0
84.67571912892431,-60.438648029028634,19.999999999999943,0.0,0.0,0.0
84.65565851338611,-60.43584350119699,19.99999999999994,0.0,0.0,0.0
84.63560142725849,-60.43303729108356,19.999999999999943,0.0,0.0,0.0
84.61554787081008,-60.43022939878887,19.99999999999994,0.0,0.0,0.0
84.59549784430894,-60.42741982442099,19.999999999999943,0.0,0.0,0.0
84.57545134802272,-60.42460856809546,19.999999999999943,0.0,0.0,0.0
84.55540838221822,-60.42179562993523,19.999999999999947,0.0,0.0,0.0
84.53536894716198,-60.418981010070766,19.999999999999943,0.0,0.0,0.0
84.5153330431198,-60.416164708639876,19.999999999999943,0.0,0.0,0.0
84.49530067035693,-60.41334672578782,19.999999999999943,0.0,0.0,0.0
84.4752718291381,-60.41052706166723,19.99999999999994,0.0,0.0,0.0
84.45524651972697,-60.407705716438166,19.999999999999943,0.0,0.0,0.0
84.43522474238694,-60.40488269026796,19.99999999999994,0.0,0.0,0.0
84.4152064973805,-60.40205798333137,19.999999999999943,0.0,0.0,0.0
84.39519178496965,-60.39923159581043,19.999999999999947,0.0,0.0,0.0
84.37518060541522,-60.39640352789448,19.999999999999943,0.0,0.0,0.0
84.35517295897759,-60.3935737797802,19.999999999999947,0.0,0.0,0.0
84.33516884591626,-60.39074235167152,19.999999999999943,0.0,0.0,0.0
84.31516826648998,-60.38790924377962,19.999999999999943,0.0,0.0,0.0
84.29517122095653,-60.385074456322954,19.999999999999947,0.0,0.0,0.0
84.27517770957301,-60.3822379895272,19.999999999999947,0.0,0.0,0.0
84.25518773259533,-60.379399843625244,19.999999999999947,0.0,0.0,0.0
84.23520129027878,-60.37656001885718,19.999999999999943,0.0,0.0,0.0
84.21521838287761,-60.37371851547025,19.999999999999947,0.0,0.0,0.0
84.19523901064531,-60.370875333718935,19.999999999999943,0.0,0.0,0.0
84.17526317383391,-60.36803047386478,19.999999999999943,0.0,0.0,0.0
84.15529087269498,-60.36518393617652,19.999999999999943,0.0,0.0,0.0
84.13532210747879,-60.36233572093003,19.999999999999943,0.0,0.0,0.0
84.11535687843467,-60.35948582840821,19.999999999999943,0.0,0.0,0.0
84.09539518581097,-60.3566342589011,19.999999999999943,0.0,0.0,0.0
84.07543702985463,-60.353781012705824,19.999999999999943,0.0,0.0,0.0
84.05548241081186,-60.35092609012651,19.999999999999943,0.0,0.0,0.0
84.03553132892758,-60.34806949147437,19.99999999999995,0.0,0.0,0.0
84.0155837844457,-60.345211217067636,19.999999999999943,0.0,0.0,0.0
83.99563977760867,-60.342351267231486,19.99999999999994,0.0,0.0,0.0
83.97569930865804,-60.339489642298176,19.999999999999947,0.0,0.0,0.0
83.95576237783403,-60.336626342606884,19.999999999999943,0.0,0.0,0.0
83.93582898537572,-60.33376136850376,19.999999999999943,0.0,0.0,0.0
83.91589913152093,-60.330894720341895,19.999999999999943,0.0,0.0,0.0
83.89597281650614,-60.328026398481335,19.999999999999947,0.0,0.0,0.0
83.87605004056648,-60.32515640328897,19.999999999999943,0.0,0.0,0.0
83.85613080393594,-60.32228473513865,19.99999999999994,0.0,0.0,0.0
83.83621510684713,-60.3194113944111,19.999999999999943,0.0,0.0,0.0
83.81630294953135,-60.316536381493854,19.999999999999943,0.0,0.0,0.0
83.79639433221827,-60.31365969678136,19.999999999999943,0.0,0.0,0.0
83.7764892551365,-60.31078134067486,19.999999999999943,0.0,0.0,0.0
83.75658771851313,-60.30790131358241,19.999999999999943,0.0,0.0,0.0
83.73668972257377,-60.30501961591888,19.999999999999947,0.0,0.0,0.0
83.71679526754265,-60.302136248105924,19.999999999999943,0.0,0.0,0.0
83.69690435364257,-60.29925121057196,19.999999999999947,0.0,0.0,0.0
83.67701698109457,-60.29636450375218,19.999999999999943,0.0,0.0,0.0
83.65713315011848,-60.293476128088464,19.999999999999943,0.0,0.0,0.0
83.63725286093263,-60.29058608402946,19.999999999999943,0.0,0.0,0.0
83.61737611375345,-60.287694372030494,19.999999999999943,0.0,0.0,0.0
83.59750290879616,-60.28480099255359,19.999999999999943,0.0,0.0,0.0
83.57763324627423,-60.28190594606745,19.999999999999943,0.0,0.0,0.0
83.55776712639957,-60.2790092330474,19.999999999999943,0.0,0.0,0.0
83.53790454938245,-60.27611085397549,19.99999999999994,0.0,0.0,0.0
83.51804551543167,-60.27321080934032,19.99999999999994,0.0,0.0,0.0
83.4981900247539,-60.2703090996371,19.99999999999994,0.0,0.0,0.0
83.47833807755458,-60.267405725367695,19.999999999999943,0.0,0.0,0.0
83.45848967403731,-60.264500687040474,19.999999999999943,0.0,0.0,0.0
83.43864481440407,-60.261593985170435,19.999999999999943,0.0,0.0,0.0
83.41880349885479,-60.258685620279074,19.999999999999943,0.0,0.0,0.0
83.39896572758788,-60.25577559289445,19.999999999999943,0.0,0.0,0.0
83.37913150080001,-60.25286390355114,19.999999999999943,0.0,0.0,0.0
83.35930081868601,-60.249950552790175,19.999999999999947,0.0,0.0,0.0
83.33947368143883,-60.24703554115913,19.999999999999947,0.0,0.0,0.0
83.31965008924979,-60.244118869212,19.999999999999943,0.0,0.0,0.0
83.29983004230797,-60.24120053750926,19.99999999999994,0.0,0.0,0.0
83.280013540801,-60.23828054661782,19.99999999999994,0.0,0.0,0.0
83.26020058491433,-60.235358897111006,19.999999999999943,0.0,0.0,0.0
83.24039117483186,-60.232435589568546,19.999999999999943,0.0,0.0,0.0
83.22058531073506,-60.22951062457657,19.999999999999943,0.0,0.0,0.0
83.20078299280391,-60.22658400272758,19.99999999999994,0.0,0.0,0.0
83.18098422121618,-60.22365572462042,19.999999999999943,0.0,0.0,0.0
83.16118899614787,-60.220725790860264,19.999999999999943,0.0,0.0,0.0
83.14139731777294,-60.21779420205868,19.999999999999947,0.0,0.0,0.0
83.12160918626307,-60.21486095883349,19.999999999999943,0.0,0.0,0.0
83.10182460178818,-60.21192606180883,19.99999999999995,0.0,0.0,0.0
83.08204356451618,-60.20898951161507,19.999999999999943,0.0,0.0,0.0
83.0622660746129,-60.20605130888896,19.999999999999943,0.0,0.0,0.0
83.04249213224179,-60.203111454273376,19.999999999999943,0.0,0.0,0.0
83.02272173756457,-60.20016994841749,19.999999999999943,0.0,0.0,0.0
83.00295489074077,-60.197226791976696,19.999999999999947,0.0,0.0,0.0
82.98319159192768,-60.19428198561255,19.999999999999943,0.0,0.0,0.0
82.9634318412805,-60.191335529992834,19.999999999999947,0.0,0.0,0.0
82.94367563895246,-60.18838742579148,19.999999999999943,0.0,0.0,0.0
82.92392298509414,-60.18543767368859,19.999999999999947,0.0,0.0,0.0
