galstreams/tracks/track.st.GD-1.ibata2024.ecsv
# %ECSV 1.0
# ---
# datatype:
# - {name: ra, unit: deg, datatype: float64}
# - {name: dec, unit: deg, datatype: float64}
# - {name: distance, unit: kpc, datatype: float64}
# - {name: pm_ra_cosdec, unit: mas / yr, datatype: float64}
# - {name: pm_dec, unit: mas / yr, datatype: float64}
# - {name: radial_velocity, unit: km / s, datatype: float64}
# delimiter: ','
# meta: !!omap
# - __serialized_columns__:
#     dec:
#       __class__: astropy.coordinates.angles.Latitude
#       unit: &id001 !astropy.units.Unit {unit: deg}
#       value: !astropy.table.SerializedColumn {name: dec}
#     distance:
#       __class__: astropy.coordinates.distances.Distance
#       unit: !astropy.units.Unit {unit: kpc}
#       value: !astropy.table.SerializedColumn {name: distance}
#     pm_dec:
#       __class__: astropy.units.quantity.Quantity
#       unit: !astropy.units.Unit {unit: mas / yr}
#       value: !astropy.table.SerializedColumn {name: pm_dec}
#     pm_ra_cosdec:
#       __class__: astropy.units.quantity.Quantity
#       unit: !astropy.units.Unit {unit: mas / yr}
#       value: !astropy.table.SerializedColumn {name: pm_ra_cosdec}
#     ra:
#       __class__: astropy.coordinates.angles.Longitude
#       unit: *id001
#       value: !astropy.table.SerializedColumn {name: ra}
#       wrap_angle: !astropy.coordinates.Angle
#         unit: *id001
#         value: 360.0
#     radial_velocity:
#       __class__: astropy.units.quantity.Quantity
#       unit: !astropy.units.Unit {unit: km / s}
#       value: !astropy.table.SerializedColumn {name: radial_velocity}
# schema: astropy-2.0
ra,dec,distance,pm_ra_cosdec,pm_dec,radial_velocity
[from data line 6837]
153.77282996361373,40.92528476035035,1.0,-5.9312159256325865,-11.86087202498057,-55.4558495551358
153.78154528070826,40.93287477521233,0.9999999999999999,-5.932219900728212,-11.859603383414504,-55.52261410470984
153.7902628356426,40.94046398574826,0.9999999999999999,-5.933223913844701,-11.858334037251474,-55.58937677564144
153.79898262924914,40.9480523915861,0.9999999999999999,-5.9342279648907,-11.857063986446349,-55.65613756610977
153.80770466236046,40.95563999235363,1.0,-5.935232053774712,-11.855793230953976,-55.72289647429399
153.81642893580934,40.963226787678394,0.9999999999999999,-5.936236180405127,-11.85452177072921,-55.78965349837315
153.82515545042878,40.970812777187795,1.0,-5.937240344690185,-11.853249605726866,-55.85640863652646
153.833884207052,40.97839796050898,1.0,-5.938244546538005,-11.85197673590179,-55.92316188693303
153.84261520651236,40.98598233726893,0.9999999999999999,-5.939248785856572,-11.850703161208777,-55.98991324777198
153.85134844964352,40.993565907094414,1.0,-5.940253062553727,-11.849428881602632,-56.05666271722246
153.86008393727934,41.00114866961203,0.9999999999999999,-5.9412573765372025,-11.848153897038152,-56.12341029346358
153.86882167025377,41.00873062444814,0.9999999999999999,-5.942261727714571,-11.846878207470118,-56.19015597467451
153.87756164940117,41.01631177122893,0.9999999999999999,-5.943266115993292,-11.845601812853294,-56.25689975903436
153.8863038755559,41.02389210958037,1.0,-5.944270541280681,-11.844324713142449,-56.32364164472228
153.89504834955272,41.03147163912826,0.9999999999999999,-5.945275003483928,-11.843046908292333,-56.39038162991736
153.9037950722264,41.03905035949818,0.9999999999999999,-5.946279502510087,-11.841768398257692,-56.45711971279877
153.9125440444121,41.04662827031551,0.9999999999999999,-5.9472840382660745,-11.840489182993245,-56.523855891545644
153.92129526694507,41.05420537120545,1.0,-5.948288610658677,-11.839209262453725,-56.59059016433714
153.93004874066082,41.061781661792956,1.0,-5.949293219594552,-11.83792863659384,-56.65732252935232
153.93880446639508,41.06935714170285,1.0,-5.950297864980217,-11.836647305368295,-56.72405298477039
153.94756244498373,41.0769318105597,1.0,-5.95130254672206,-11.835365268731781,-56.79078152877044
153.95632267726293,41.08450566798791,0.9999999999999998,-5.952307264726331,-11.834082526638985,-56.857508159531605
153.96508516406897,41.09207871361165,0.9999999999999999,-5.953312018899152,-11.832799079044571,-56.92423287523303
153.9738499062384,41.09965094705493,1.0,-5.9543168091464995,-11.831514925903207,-56.99095567405387
153.98261690460794,41.10722236794153,1.0,-5.955321635374231,-11.830230067169559,-57.05767655417322
153.99138616001457,41.114792975895035,1.0,-5.956326497488064,-11.82894450279826,-57.12439551377022
154.00015767329543,41.12236277053884,1.0,-5.9573313953935765,-11.827658232743955,-57.19111255102399
154.00893144528789,41.12993175149615,1.0,-5.958336328996219,-11.826371256961261,-57.25782766411371
154.01770747682951,41.13749991838996,0.9999999999999999,-5.9593412982013,-11.825083575404804,-57.324540851218586
154.0264857687581,41.14506727084303,0.9999999999999999,-5.960346302914002,-11.8237951880292,-57.39125211051759
154.0352663219116,41.15263380847797,0.9999999999999999,-5.9613513430393645,-11.822506094789027,-57.45796144018989
154.0440491371282,41.160199530917154,0.9999999999999998,-5.9623564184822975,-11.821216295638896,-57.52466883841465
154.05283421524632,41.1677644377828,1.0,-5.963361529147575,-11.81992579053338,-57.591374303371026
154.0616215571045,41.17532852869688,0.9999999999999999,-5.964366674939837,-11.818634579427055,-57.65807783323809
154.07041116354162,41.18289180328119,0.9999999999999998,-5.965371855763585,-11.817342662274491,-57.724779426195056
154.0792030353967,41.1904542611573,0.9999999999999999,-5.966377071523185,-11.816050039030227,-57.79147908042099
154.08799717350885,41.19801590194662,1.0,-5.967382322122871,-11.814756709648822,-57.85817679409507
154.09679357871755,41.205576725270326,1.0,-5.96838760746674,-11.813462674084818,-57.92487256539638
154.10559225186245,41.213136730749405,1.0,-5.969392927458754,-11.81216793229274,-57.991566392504104
154.11439319378334,41.22069591800464,0.9999999999999999,-5.97039828200274,-11.810872484227115,-58.05825827359734
154.1231964053203,41.22825428665662,0.9999999999999998,-5.971403671002381,-11.809576329842441,-58.124948206855265
154.1320018873135,41.23581183632572,1.0,-5.972409094361235,-11.808279469093241,-58.191636190456954
154.14080964060344,41.243368566632135,0.9999999999999999,-5.97341455198272,-11.806981901934003,-58.25832222258158
154.14961966603073,41.25092447719583,0.9999999999999998,-5.974420043770117,-11.805683628319215,-58.325006301408294
154.15843196443623,41.25847956763659,1.0,-5.975425569626566,-11.804384648203355,-58.391688425116186
154.16724653666105,41.266033837573985,0.9999999999999999,-5.9764311294550785,-11.803084961540902,-58.458368591884366
154.1760633835464,41.273587286627404,0.9999999999999999,-5.97743672315853,-11.801784568286319,-58.525046799892046
154.1848825059337,41.28113991441601,1.0,-5.978442350639649,-11.800483468394052,-58.59172304731834
154.1937039046647,41.288691720558774,1.0,-5.979448011801039,-11.799181661818567,-58.65839733234235
154.2025275805812,41.296242704674476,0.9999999999999999,-5.980453706545157,-11.797879148514296,-58.7250696531432
154.2113535345253,41.30379286638166,0.9999999999999999,-5.981459434774332,-11.79657592843567,-58.79174000790007
154.2201817673393,41.31134220529872,0.9999999999999999,-5.982465196390747,-11.795272001537109,-58.85840839479206
154.22901227986563,41.31889072104382,0.9999999999999998,-5.983470991296455,-11.793967367773044,-58.925074811998314
154.23784507294698,41.32643841323489,1.0,-5.9844768193933655,-11.792662027097869,-58.991739257697965
154.24668014742628,41.3339852814897,0.9999999999999998,-5.9854826805832575,-11.791355979466005,-59.058401730070145
154.25551750414655,41.341531325425834,1.0,-5.986488574767762,-11.79004922483183,-59.125062227293995
154.26435714395114,41.34907654466061,0.9999999999999999,-5.987494501848384,-11.788741763149737,-59.191720747548615
154.27319906768346,41.3566209388112,1.0,-5.9885004617264865,-11.78743359437411,-59.2583772890132
154.28204327618727,41.36416450749455,1.0,-5.9895064543032905,-11.78612471845932,-59.325031849866825
154.29088977030642,41.371707250327404,0.9999999999999999,-5.990512479479884,-11.78481513535973,-59.39168442828864
154.29973855088502,41.37924916692629,0.9999999999999999,-5.991518537157212,-11.783504845029704,-59.45833502245782
154.30858961876737,41.386790256907574,0.9999999999999999,-5.992524627236087,-11.782193847423592,-59.524983630553436
154.31744297479798,41.39433051988736,1.0,-5.99353074961718,-11.780882142495742,-59.59163025075467
154.32629861982153,41.40186995548161,1.0,-5.994536904201022,-11.77956973020048,-59.65827488124062
154.3351565546829,41.409408563306044,0.9999999999999999,-5.995543090888011,-11.778256610492152,-59.72491752019042
154.34401678022718,41.41694634297618,1.0,-5.996549309578396,-11.776942783325069,-59.79155816578324
154.3528792972997,41.42448329410737,0.9999999999999999,-5.997555560172301,-11.775628248653556,-59.858196816198166
154.36174410674596,41.43201941631469,0.9999999999999998,-5.998561842569696,-11.774313006431925,-59.924833469614384
154.37061120941166,41.4395547092131,1.0,-5.999568156670426,-11.772997056614471,-59.991468124210996
154.37948060614266,41.44708917241727,0.9999999999999999,-6.00057450237419,-11.77168039915551,-60.058100778167145
154.3883522977851,41.45462280554175,1.0,-6.0015808795805405,-11.770363034009312,-60.12473142966194
154.3972262851853,41.46215560820081,1.0,-6.002587288188906,-11.769044961130179,-60.19136007687453
154.4061025691897,41.46968758000858,0.9999999999999999,-6.003593728098565,-11.767726180472376,-60.25798671798409
154.414981150645,41.477218720578946,0.9999999999999998,-6.004600199208661,-11.766406691990184,-60.32461135116968
154.42386203039814,41.484749029525574,0.9999999999999999,-6.005606701418196,-11.765086495637874,-60.39123397461048
154.4327452092962,41.49227850646199,1.0,-6.006613234626026,-11.763765591369685,-60.457854586485624
154.44163068818645,41.49980715100146,0.9999999999999998,-6.007619798730882,-11.762443979139896,-60.52447318497421
154.4505184679164,41.50733496275706,0.9999999999999999,-6.008626393631339,-11.761121658902745,-60.591089768255394
154.45940854933377,41.51486194134167,1.0,-6.009633019225837,-11.759798630612465,-60.65770433450833
154.46830093328643,41.52238808636797,1.0,-6.010639675412685,-11.758474894223303,-60.72431688191213
154.47719562062244,41.5299133974484,1.0,-6.011646362090041,-11.757150449689496,-60.79092740864594
154.48609261219008,41.53743787419525,0.9999999999999998,-6.012653079155927,-11.755825296965257,-60.85753591288886
154.4949919088379,41.54496151622055,0.9999999999999999,-6.013659826508216,-11.754499436004807,-60.924142392820066
154.50389351141453,41.55248432313617,0.9999999999999999,-6.014666604044653,-11.753172866762355,-60.99074684661865
154.51279742076886,41.56000629455374,1.0,-6.015673411662833,-11.751845589192122,-61.057349272463746
154.52170363774997,41.567527430084716,1.0,-6.016680249260217,-11.750517603248305,-61.12394966853458
154.5306121632071,41.57504772934031,0.9999999999999999,-6.017687116734117,-11.749188908885095,-61.19054803301015
154.53952299798982,41.58256719193158,1.0,-6.018694013981709,-11.74785950605669,-61.2571443640697
154.54843614294768,41.59008581746933,1.0,-6.019700940900029,-11.746529394717284,-61.32373865989229
154.5573515989306,41.5976036055642,1.0,-6.020707897385964,-11.745198574821039,-61.390330918657085
154.56626936678862,41.60512055582659,0.9999999999999998,-6.021714883336269,-11.743867046322157,-61.456921138543215
154.575189447372,41.612636667866695,0.9999999999999998,-6.02272189864755,-11.74253480917479,-61.523509317729825
154.58411184153124,41.62015194129453,0.9999999999999999,-6.023728943216272,-11.74120186333311,-61.59009545439606
154.5930365501169,41.62766637571989,0.9999999999999999,-6.024736016938767,-11.739868208751282,-61.65667954672095
154.6019635739799,41.635179970752354,0.9999999999999999,-6.0257431197112075,-11.73853384538346,-61.723261592883766
154.61089291397127,41.64269272600133,1.0,-6.026750251429641,-11.737198773183797,-61.7898415910636
154.61982457094217,41.65020464107597,0.9999999999999999,-6.027757411989969,-11.735862992106442,-61.85641953943952
154.62875854574412,41.65771571558526,0.9999999999999999,-6.028764601287939,-11.734526502105535,-61.92299543619071
154.63769483922871,41.66522594913797,0.9999999999999999,-6.029771819219167,-11.733189303135218,-61.98956927949635
154.64663345224778,41.67273534134264,0.9999999999999999,-6.030779065679129,-11.731851395149619,-62.056141067535506
154.65557438565327,41.68024389180763,0.9999999999999999,-6.031786340563149,-11.730512778102874,-62.12271079848728
154.66451764029748,41.687751600141084,1.0,-6.03279364376641,-11.729173451949107,-62.189278470530944
154.67346321703278,41.69525846595095,1.0,-6.03380097518396,-11.727833416642438,-62.255844081845495
154.68241111671176,41.70276448884495,1.0,-6.0348083347106956,-11.726492672136985,-62.322407630610115
154.69136134018723,41.71026966843062,0.9999999999999999,-6.035815722241374,-11.725151218386854,-62.38896911500402
154.70031388831214,41.71777400431526,0.9999999999999999,-6.036823137670603,-11.723809055346164,-62.4555285332062
154.7092687619397,41.725277496105996,1.0,-6.037830580892855,-11.722466182969008,-62.52208588339585
154.71822596192328,41.73278014340972,1.0,-6.0388380518024585,-11.721122601209506,-62.58864116375209
154.7271854891164,41.74028194583314,0.9999999999999999,-6.039845550293593,-11.719778310021736,-62.65519437245404
154.73614734437288,41.74778290298273,1.0,-6.040853076260295,-11.718433309359805,-62.721745507680886
154.74511152854666,41.75528301446479,0.9999999999999999,-6.041860629596462,-11.717087599177795,-62.78829456761174
154.75407804249187,41.76278227988537,0.9999999999999999,-6.042868210195842,-11.715741179429786,-62.85484155042572
154.7630468870628,41.770280698850364,0.9999999999999999,-6.043875817952045,-11.714394050069878,-62.92138645430199
154.77201806311407,41.77777827096541,0.9999999999999999,-6.044883452758529,-11.713046211052141,-62.987929277419646
154.78099157150035,41.78527499583598,1.0,-6.045891114508609,-11.711697662330641,-63.05447001795785
154.78996741307654,41.79277087306728,1.0,-6.046898803095466,-11.710348403859468,-63.12100867409571
154.79894558869776,41.8002659022644,0.9999999999999999,-6.047906518412123,-11.708998435592676,-63.18754524401238
154.80792609921932,41.807760083032115,1.0,-6.048914260351465,-11.707647757484345,-63.254079725886974
154.8169089454967,41.815253414975075,0.9999999999999999,-6.049922028806231,-11.706296369488527,-63.32061211789867
154.82589412838556,41.82274589769768,1.0,-6.050929823669014,-11.704944271559283,-63.387142418226574
154.8348816487418,41.830237530804126,0.9999999999999999,-6.051937644832266,-11.703591463650682,-63.453670625049796
154.84387150742148,41.837728313898424,0.9999999999999998,-6.052945492188285,-11.70223794571676,-63.52019673654749
154.85286370528078,41.845218246584345,1.0,-6.053953365629236,-11.70088371771158,-63.586720750898806
154.86185824317624,41.85270732846547,0.9999999999999999,-6.054961265047128,-11.69952877958919,-63.65324266628285
154.8708551219644,41.860195559145154,1.0,-6.05596919033383,-11.698173131303635,-63.71976248087876
154.87985434250217,41.86768293822658,1.0,-6.05697714138106,-11.696816772808955,-63.78628019286566
154.8888559056465,41.87516946531269,1.0,-6.057985118080399,-11.69545970405919,-63.8527958004227
154.89785981225464,41.882655140006214,0.9999999999999999,-6.058993120323278,-11.694101925008393,-63.91930930172906
154.9068660631839,41.890139961909696,1.0,-6.0600011480009695,-11.692743435610575,-63.98582069496378
154.91587465929194,41.89762393062545,1.0,-6.061009201004628,-11.691384235819804,-64.05232997830606
154.9248856014365,41.905107045755614,0.9999999999999999,-6.062017279225237,-11.690024325590077,-64.11883714993502
154.93389889047555,41.91258930690206,1.0,-6.063025382553636,-11.68866370487544,-64.1853422080298
154.9429145272672,41.920070713666505,0.9999999999999998,-6.064033510880539,-11.68730237362992,-64.2518451507695
154.9519325126698,41.92755126565042,0.9999999999999999,-6.0650416640964835,-11.685940331807545,-64.31834597633326
154.9609528475419,41.93503096245508,1.0,-6.0660498420918785,-11.684577579362333,-64.38484468290022
154.9699755327422,41.94250980368158,1.0,-6.067058044756989,-11.683214116248305,-64.45134126864954
154.9790005691296,41.94998778893074,0.9999999999999999,-6.0680662719819205,-11.681849942419488,-64.51783573176034
154.98802795756316,41.95746491780322,0.9999999999999999,-6.06907452365664,-11.680485057829898,-64.58432807041171
154.99705769890215,41.96494118989947,0.9999999999999999,-6.070082799670963,-11.679119462433544,-64.65081828278286
155.0060897940061,41.9724166048197,0.9999999999999999,-6.071091099914565,-11.677753156184455,-64.71730636705288
155.0151242437346,41.97989116216393,1.0,-6.072099424276961,-11.676386139036632,-64.7837923214009
155.02416104894752,41.987364861531965,0.9999999999999999,-6.07310777264753,-11.6750184109441,-64.85027614400607
155.03320021050482,41.99483770252342,1.0,-6.0741161449155,-11.673649971860858,-64.9167578330475
155.04224172926678,42.00230968473766,1.0,-6.075124540969952,-11.67228082174092,-64.98323738670436
155.05128560609376,42.00978080777384,1.0,-6.076132960699813,-11.6709109605383,-65.04971480315572
155.06033184184633,42.01725107123098,1.0,-6.077141403993871,-11.669540388206997,-65.11619008058078
155.06938043738532,42.024720474707784,0.9999999999999998,-6.078149870740765,-11.668169104701033,-65.18266321715863
155.07843139357163,42.032189017802814,1.0,-6.079158360828967,-11.66679710997439,-65.24913421106847
155.0874847112664,42.0396567001144,1.0,-6.080166874146834,-11.6654244039811,-65.31560306048935
