galstreams/tracks/track.st.GD-1.pricewhelan2018.ecsv
# %ECSV 0.9
# ---
# datatype:
# - {name: ra, unit: deg, datatype: float64}
# - {name: dec, unit: deg, datatype: float64}
# - {name: distance, unit: kpc, datatype: float64}
# - {name: pm_ra_cosdec, unit: mas / yr, datatype: float64}
# - {name: pm_dec, unit: mas / yr, datatype: float64}
# - {name: radial_velocity, unit: km / s, datatype: float64}
# delimiter: ','
# meta: !!omap
# - __serialized_columns__:
#     dec:
#       __class__: astropy.coordinates.angles.Latitude
#       unit: &id001 !astropy.units.Unit {unit: deg}
#       value: !astropy.table.SerializedColumn {name: dec}
#     distance:
#       __class__: astropy.coordinates.distances.Distance
#       unit: !astropy.units.Unit {unit: kpc}
#       value: !astropy.table.SerializedColumn {name: distance}
#     pm_dec:
#       __class__: astropy.units.quantity.Quantity
#       unit: !astropy.units.Unit {unit: mas / yr}
#       value: !astropy.table.SerializedColumn {name: pm_dec}
#     pm_ra_cosdec:
#       __class__: astropy.units.quantity.Quantity
#       unit: !astropy.units.Unit {unit: mas / yr}
#       value: !astropy.table.SerializedColumn {name: pm_ra_cosdec}
#     ra:
#       __class__: astropy.coordinates.angles.Longitude
#       unit: *id001
#       value: !astropy.table.SerializedColumn {name: ra}
#       wrap_angle: !astropy.coordinates.Angle
#         unit: *id001
#         value: 360.0
#     radial_velocity:
#       __class__: astropy.units.quantity.Quantity
#       unit: !astropy.units.Unit {unit: km / s}
#       value: !astropy.table.SerializedColumn {name: radial_velocity}
# schema: astropy-2.0
ra,dec,distance,pm_ra_cosdec,pm_dec,radial_velocity
[from data line 4378]
144.70082343607595,31.239566735406566,7.697520225927945,-4.956260725462347,-12.538485745926643,-1.5527894587484592e-11
144.70727798854887,31.247913726286388,7.698020265362714,-4.957179388715371,-12.53817541645892,-1.559526072452357e-11
144.71373390210616,31.256260260875102,7.69852030479748,-4.958098001501485,-12.537864356120593,-1.566262686156255e-11
144.72019117733848,31.264606338959577,7.699020344232247,-4.9590165638264905,-12.53755256489506,-1.5729992998601528e-11
144.7266498148369,31.272951960326665,7.699520383667015,-4.959935075696299,-12.537240042765747,-1.5763676067121017e-11
144.73310981519268,31.281297124763164,7.7000204231017815,-4.96085353711688,-12.536926789716127,-1.5729992998601528e-11
144.7395711789972,31.289641832055572,7.700520462536551,-4.9617719480942695,-12.536612805729709,-1.5729992998601528e-11
144.74603390684223,31.29798608199049,7.701020501971318,-4.96269030863459,-12.536298090790048,-1.5898408341198975e-11
144.75249799931962,31.30632987435421,7.701520541406086,-4.963608618744021,-12.535982644880724,-1.5898408341198975e-11
144.75896345702157,31.314673208933083,7.702020580840853,-4.96452687842883,-12.53566646798538,-1.5864725272679486e-11
144.7654302805404,31.323016085513192,7.702520620275621,-4.965445087695348,-12.535349560087681,-1.5932091409718463e-11
144.77189847046876,31.331358503880594,7.703020659710388,-4.966363246549982,-12.535031921171335,-1.5965774478237952e-11
144.7783680273995,31.339700463821295,7.703520699145156,-4.967281354999213,-12.53471355122009,-1.610050675231591e-11
144.78483895192565,31.34804196512101,7.704020738579924,-4.968199413049586,-12.534394450217734,-1.61341898208354e-11
144.7913112446405,31.35638300756549,7.70452077801469,-4.969117420707723,-12.534074618148106,-1.610050675231591e-11
144.79778490613768,31.36472359094037,7.705020817449457,-4.970035377980332,-12.533754054995054,-1.616787288935489e-11
144.8042599370108,31.373063715031027,7.705520856884225,-4.970953284874168,-12.533432760742503,-1.6268922094913357e-11
144.810736337854,31.381403379622924,7.706020896318994,-4.971871141396077,-12.53311073537439,-1.6268922094913357e-11
144.81721410926136,31.389742584501207,7.706520935753762,-4.972788947552964,-12.532787978874701,-1.6235239026393868e-11
144.82369325182742,31.398081329451077,7.707020975188527,-4.973706703351819,-12.532464491227474,-1.6437337437510803e-11
144.83017376614683,31.40641961425757,7.707521014623297,-4.974624408799695,-12.532140272416758,-1.6369971300471826e-11
144.83665565281447,31.41475743870553,7.708021054058063,-4.97554206390371,-12.53181532242667,-1.6471020506030292e-11
144.84313891242556,31.42309480257984,7.708521093492831,-4.976459668671077,-12.531489641241347,-1.663943584862774e-11
144.84962354557535,31.43143170566505,7.7090211329275995,-4.977377223109055,-12.531163228844978,-1.6504703574549784e-11
144.85610955285958,31.439768147745813,7.709521172362367,-4.978294727224993,-12.53083608522178,-1.6471020506030292e-11
144.86259693487398,31.448104128606605,7.710021211797135,-4.979212181026302,-12.530508210356025,-1.6471020506030292e-11
144.86908569221467,31.456439648031694,7.710521251231902,-4.980129584520466,-12.53017960423201,-1.660575278010825e-11
144.87557582547788,31.46477470580531,7.711021290666668,-4.981046937715032,-12.529850266834071,-1.667311891714723e-11
144.88206733526025,31.473109301711645,7.711521330101437,-4.981964240617642,-12.529520198146598,-1.6740485054186208e-11
144.8885602221584,31.481443435534572,7.712021369536203,-4.982881493235981,-12.529189398154008,-1.6774168122705697e-11
144.8950544867694,31.489777107058085,7.7125214089709715,-4.98379869557782,-12.528857866840752,-1.6740485054186208e-11
144.9015501296904,31.49811031606584,7.71302144840574,-4.984715847651003,-12.52852560419134,-1.6875217328264166e-11
144.9080471515189,31.506443062341535,7.713521487840508,-4.985632949463433,-12.52819261019031,-1.6908900396783655e-11
144.91454555285264,31.51477534566877,7.714021527275276,-4.986550001023107,-12.52785888482223,-1.6908900396783655e-11
144.92104533428937,31.523107165830858,7.714521566710043,-4.987467002338052,-12.527524428071725,-1.6942583465303144e-11
144.92754649642737,31.53143852261121,7.715021606144811,-4.98838395341641,-12.527189239923448,-1.7043632670861613e-11
144.93404903986493,31.539769415792904,7.715521645579578,-4.989300854266369,-12.526853320362099,-1.714468187642008e-11
144.94055296520068,31.548099845159076,7.716021685014346,-4.990217704896182,-12.5265166693724,-1.711099880790059e-11
144.94705827303352,31.556429810492745,7.716521724449114,-4.991134505314201,-12.526179286939133,-1.711099880790059e-11
144.95356496396235,31.564759311576655,7.717021763883883,-4.992051255528809,-12.52584117304711,-1.711099880790059e-11
144.9600730385866,31.573088348193593,7.7175218033186495,-4.99296795554849,-12.525502327681183,-1.724573108197855e-11
144.96658249750578,31.581416920126216,7.7180218427534175,-4.993884605381798,-12.525162750826244,-1.7279414150498037e-11
144.97309334131964,31.589745027156948,7.718521882188186,-4.994801205037328,-12.524822442467222,-1.7414146424575995e-11
144.97960557062817,31.598072669068234,7.719021921622952,-4.995717754523781,-12.524481402589085,-1.7313097219017526e-11
144.98611918603152,31.6063998456423,7.71952196105772,-4.996634253849894,-12.524139631176844,-1.7313097219017526e-11
144.99263418813024,31.61472655666132,7.720022000492489,-4.997550703024498,-12.523797128215538,-1.7447829493095484e-11
144.99915057752503,31.623052801907388,7.720522039927256,-4.998467102056497,-12.523453893690267,-1.7515195630134465e-11
145.00566835481672,31.631378581162352,7.721022079362024,-4.9993834509548325,-12.523109927586146,-1.761624483569293e-11
145.01218752060652,31.639703894208097,7.721522118796793,-5.000299749728551,-12.522765229888343,-1.761624483569293e-11
145.01870807549574,31.64802874082623,7.722022158231559,-5.0012159983867495,-12.522419800582067,-1.7548878698653953e-11
145.025230020086,31.656353120798403,7.722522197666327,-5.002132196938597,-12.522073639652552,-1.775097710977089e-11
145.03175335497932,31.66467703390609,7.723022237101096,-5.003048345393342,-12.521726747085076,-1.775097710977089e-11
145.0382780807775,31.673000479930568,7.7235222765358635,-5.0039644437602835,-12.521379122864978,-1.768361097273191e-11
145.04480419808306,31.681323458653118,7.724022315970632,-5.004880492048808,-12.5210307669776,-1.775097710977089e-11
145.05133170749846,31.68964596985491,7.724522355405399,-5.005796490268362,-12.520681679408348,-1.7852026315329358e-11
145.05786060962646,31.69796801331685,7.7250223948401695,-5.006712438428451,-12.520331860142655,-1.7885709383848847e-11
145.06439090507007,31.706289588819907,7.725522434274936,-5.007628336538676,-12.519981309166004,-1.7953075520887824e-11
145.07092259443255,31.71461069614476,7.726022473709703,-5.008544184608678,-12.519630026463904,-1.7919392452368335e-11
145.0774556783173,31.722931335072133,7.726522513144471,-5.0094599826481865,-12.519278012021907,-1.7986758589407313e-11
145.08399015732815,31.731251505382602,7.727022552579238,-5.010375730666995,-12.518925265825615,-1.818885700052425e-11
145.09052603206888,31.739571206856464,7.727522592014007,-5.011291428674957,-12.518571787860651,-1.818885700052425e-11
145.09706330314373,31.74789043927418,7.728022631448774,-5.012207076681998,-12.51821757811269,-1.812149086348527e-11
145.1036019711571,31.7562092024158,7.728522670883544,-5.013122674698125,-12.517862636567438,-1.822254006904374e-11
145.1101420367136,31.764527496061454,7.729022710318311,-5.0140382227333955,-12.517506963210646,-1.818885700052425e-11
145.1166835004181,31.772845319991177,7.729522749753078,-5.014953720797943,-12.517150558028096,-1.8323589274602206e-11
145.12322636287567,31.781162673984685,7.730022789187847,-5.015869168901968,-12.516793421005623,-1.8357272343121698e-11
145.1297706246917,31.78947955782175,7.730522828622615,-5.016784567055744,-12.516435552129085,-1.8390955411641187e-11
145.1363162864717,31.797795971282067,7.731022868057384,-5.017699915269605,-12.516076951384374,-1.8492004617199653e-11
145.1428633488214,31.806111914144985,7.73152290749215,-5.018615213553958,-12.515717618757456,-1.8357272343121698e-11
145.14941181234695,31.814427386190015,7.732022946926918,-5.019530461919271,-12.515357554234292,-1.8525687685719145e-11
145.15596167765452,31.8227423871963,7.732522986361686,-5.020445660376088,-12.51499675780091,-1.8593053822758122e-11
145.16251294535064,31.831056916943094,7.733023025796454,-5.021360808935017,-12.514635229443364,-1.862673689127761e-11
145.16906561604196,31.839370975209317,7.733523065231222,-5.0222759076067245,-12.514272969147749,-1.8525687685719145e-11
145.1756196903355,31.84768456177395,7.734023104665991,-5.0231909564019634,-12.5139099769002,-1.8694103028316592e-11
145.18217516883848,31.855997676415797,7.734523144100759,-5.024105955331544,-12.513546252686895,-1.862673689127761e-11
145.18873205215823,31.864310318913464,7.735023183535527,-5.025020904406339,-12.513181796494043,-1.8694103028316592e-11
145.19529034090243,31.872622489045554,7.735523222970294,-5.025935803637296,-12.512816608307897,-1.872778609683608e-11
145.20185003567903,31.88093418659056,7.736023262405064,-5.026850653035424,-12.512450688114736,-1.872778609683608e-11
145.20841113709605,31.889245411326723,7.736523301839831,-5.027765452611805,-12.512084035900905,-1.876146916535557e-11
145.21497364576192,31.897556163032274,7.737023341274599,-5.028680202377582,-12.511716651652756,-1.886251837091404e-11
145.2215375622852,31.90586644148538,7.737523380709368,-5.029594902343969,-12.511348535356694,-1.9064616782030974e-11
145.22810288727464,31.914176246463896,7.738023420144136,-5.030509552522244,-12.510979686999175,-1.9030933713511485e-11
145.23466962133944,31.92248557774579,7.738523459578904,-5.031424152923756,-12.510610106566666,-1.8963567576472505e-11
145.24123776508875,31.930794435108705,7.739023499013672,-5.032338703559915,-12.510239794045699,-1.913198291906995e-11
145.24780731913214,31.939102818330355,7.739523538448439,-5.033253204442195,-12.509868749422822,-1.9064616782030974e-11
145.25437828407934,31.94741072718816,7.740023577883208,-5.034167655582152,-12.509496972684635,-1.926671519314791e-11
145.26095066054035,31.955718161459547,7.740523617317976,-5.035082056991387,-12.509124463817775,-1.916566598758944e-11
145.2675244491254,31.96402512092182,7.741023656752745,-5.035996408681591,-12.508751222808915,-1.9064616782030974e-11
145.2740996504449,31.972331605352082,7.741523696187512,-5.036910710664499,-12.508377249644774,-1.926671519314791e-11
145.28067626510955,31.980637614527375,7.742023735622281,-5.037824962951918,-12.508002544312086,-1.926671519314791e-11
145.28725429373037,31.98894314822469,7.74252377505705,-5.038739165555738,-12.507627106797647,-1.9334081330186887e-11
145.29383373691832,31.99724820622071,7.743023814491817,-5.03965331848789,-12.507250937088298,-1.9334081330186887e-11
145.30041459528496,32.00555278829224,7.743523853926584,-5.0405674217603895,-12.506874035170886,-1.9603545878342803e-11
145.30699686944178,32.01385689421573,7.744023893361352,-5.041481475385299,-12.50649640103232,-1.9401447467225867e-11
145.31358056000067,32.02216052376766,7.744523932796121,-5.042395479374767,-12.506118034659544,-1.9502496672784334e-11
145.32016566757378,32.03046367672444,7.74502397223089,-5.043309433741003,-12.505738936039535,-1.9468813604264845e-11
145.32675219277337,32.03876635286217,7.745524011665657,-5.04422333849627,-12.505359105159314,-1.967091201538178e-11
145.333340136212,32.04706855195704,7.746024051100427,-5.0451371936529075,-12.504978542005931,-1.9603545878342803e-11
145.33992949850244,32.05537027378494,7.7465240905351935,-5.0460509992233105,-12.504597246566496,-1.963722894686229e-11
145.34652028025775,32.063671518121744,7.7470241299699625,-5.046964755219954,-12.504215218828122,-1.9704595083901272e-11
145.3531124820912,32.071972284743275,7.7475241694047305,-5.047878461655372,-12.50383245877799,-1.977196122094025e-11
145.3597061046162,32.08027257342504,7.7480242088394995,-5.048792118542151,-12.503448966403308,-1.9940376563537696e-11
145.36630114844652,32.088572383942584,7.748524248274268,-5.049705725892958,-12.503064741691329,-1.9839327357979227e-11
145.37289761419618,32.09687171607135,7.749024287709036,-5.050619283720526,-12.502679784629333,-1.977196122094025e-11
145.37949550247924,32.105170569586505,7.749524327143805,-5.051532792037639,-12.502294095204638,-1.9839327357979227e-11
145.38609481391023,32.11346894426329,7.7500243665785735,-5.05244625085716,-12.501907673404617,-1.9940376563537696e-11
145.3926955491038,32.12176683987664,7.750524406013338,-5.053359660192003,-12.501520519216655,-2.0075108837615654e-11
145.39929770867477,32.1300642562015,7.7510244454481105,-5.054273020055156,-12.501132632628202,-2.0041425769096166e-11
145.40590129323834,32.13836119301272,7.751524484882878,-5.055186330459674,-12.500744013626731,-2.0007742700576674e-11
145.41250630340986,32.14665765008489,7.752024524317645,-5.0560995914186675,-12.500354662199753,-2.0142474974654632e-11
145.41911273980494,32.15495362719264,7.752524563752414,-5.057012802945325,-12.499964578334819,-2.0209841111693612e-11
145.42572060303934,32.163249124110315,7.753024603187183,-5.057925965052872,-12.499573762019523,-2.0209841111693612e-11
145.4323298937292,32.17154414061228,7.753524642621951,-5.058839077754628,-12.499182213241488,-2.027720724873259e-11
145.4389406124908,32.17983867647277,7.754024682056719,-5.059752141063967,-12.498789931988378,-2.027720724873259e-11
145.44555275994068,32.188132731465785,7.754524721491489,-5.060665154994317,-12.498396918247902,-2.037825645429106e-11
145.45216633669557,32.196426305365314,7.755024760926256,-5.061578119559181,-12.498003172007799,-2.034457338577157e-11
145.45878134337255,32.20471939794527,7.755524800361025,-5.062491034772124,-12.497608693255842,-2.0445622591330037e-11
145.4653977805888,32.213012008979234,7.756024839795794,-5.063403900646771,-12.497213481979859,-2.034457338577157e-11
145.47201564896181,32.22130413824095,7.756524879230561,-5.064316717196815,-12.496817538167697,-2.0445622591330037e-11
145.4786349491093,32.2295957855038,7.75702491866533,-5.065229484436007,-12.496420861807254,-2.0512988728369017e-11
145.48525568164916,32.23788695054116,7.757524958100099,-5.066142202378168,-12.496023452886455,-2.0479305659849525e-11
145.49187784719967,32.24617763312635,7.758024997534864,-5.067054871037178,-12.49562531139327,-2.0647721002446972e-11
145.49850144637912,32.25446783303241,7.758525036969635,-5.067967490426979,-12.495226437315704,-2.0614037933927483e-11
145.50512647980628,32.26275755003238,7.759025076404402,-5.068880060561585,-12.494826830641806,-2.0614037933927483e-11
145.51175294809997,32.27104678389913,7.759525115839171,-5.069792581455064,-12.494426491359658,-2.078245327652493e-11
145.51838085187924,32.27933553440541,7.760025155273942,-5.070705053121544,-12.494025419457367,-2.0681404070966464e-11
145.5250101917636,32.287623801323946,7.760525194708709,-5.071617475575236,-12.493623614923102,-2.081613634504442e-11
145.5316409683725,32.29591158442716,7.761025234143477,-5.072529848830382,-12.493221077745051,-2.0950868619122377e-11
145.53827318232584,32.30419888348752,7.761525273578247,-5.073442172901322,-12.492817807911457,-2.0984551687641866e-11
145.54490683424365,32.31248569827733,7.762025313013013,-5.074354447802435,-12.492413805410575,-2.08835024820834e-11
145.5515419247462,32.32077202856868,7.762525352447783,-5.075266673548165,-12.492009070230727,-2.074877020800544e-11
145.55817845445412,32.32905787413373,7.763025391882551,-5.076178850153031,-12.491603602360247,-2.0984551687641866e-11
145.56481642398805,32.33734323474428,7.76352543131732,-5.077090977631597,-12.49119740178752,-2.1051917824680846e-11
145.57145583396908,32.34562811017225,7.764025470752088,-5.078003055998505,-12.490790468500972,-2.1119283961719824e-11
145.57809668501835,32.353912500189224,7.764525510186858,-5.07891508526845,-12.490382802489062,-2.1085600893200335e-11
