galstreams/tracks/track.st.Orphan-Chenab.ibata2021.ecsv
# %ECSV 1.0
# ---
# datatype:
# - {name: ra, unit: deg, datatype: float64}
# - {name: dec, unit: deg, datatype: float64}
# - {name: distance, unit: kpc, datatype: float64}
# - {name: pm_ra_cosdec, unit: mas / yr, datatype: float64}
# - {name: pm_dec, unit: mas / yr, datatype: float64}
# - {name: radial_velocity, unit: km / s, datatype: float64}
# delimiter: ','
# meta: !!omap
# - __serialized_columns__:
#     dec:
#       __class__: astropy.coordinates.angles.Latitude
#       unit: &id001 !astropy.units.Unit {unit: deg}
#       value: !astropy.table.SerializedColumn {name: dec}
#     distance:
#       __class__: astropy.coordinates.distances.Distance
#       unit: !astropy.units.Unit {unit: kpc}
#       value: !astropy.table.SerializedColumn {name: distance}
#     pm_dec:
#       __class__: astropy.units.quantity.Quantity
#       unit: !astropy.units.Unit {unit: mas / yr}
#       value: !astropy.table.SerializedColumn {name: pm_dec}
#     pm_ra_cosdec:
#       __class__: astropy.units.quantity.Quantity
#       unit: !astropy.units.Unit {unit: mas / yr}
#       value: !astropy.table.SerializedColumn {name: pm_ra_cosdec}
#     ra:
#       __class__: astropy.coordinates.angles.Longitude
#       unit: *id001
#       value: !astropy.table.SerializedColumn {name: ra}
#       wrap_angle: !astropy.coordinates.Angle
#         unit: *id001
#         value: 360.0
#     radial_velocity:
#       __class__: astropy.units.quantity.Quantity
#       unit: !astropy.units.Unit {unit: km / s}
#       value: !astropy.table.SerializedColumn {name: radial_velocity}
# schema: astropy-2.0
ra,dec,distance,pm_ra_cosdec,pm_dec,radial_velocity
[from data line 1952]
153.0302174513163,21.57453718545683,24.343905104933025,-0.9809312064795843,-0.24869897058732904,152.84319029793355
153.03389741453606,21.56514100428251,24.340877363524804,-0.9812545276223532,-0.24844042756590293,152.87221852470648
153.0375772283835,21.55574486475988,24.337849786522614,-0.9815778881143737,-0.24818169040602925,152.90124632982213
153.0412568929316,21.546348766858504,24.334822374061208,-0.9819012879281768,-0.2479227591653549,152.9302737089844
153.04493640825345,21.53695271054781,24.33179512627536,-0.9822247270363096,-0.24766363390153223,152.9593006578969
153.04861577442202,21.527556695797227,24.328768043299828,-0.9825482054113372,-0.24740431467221777,152.98832717226358
153.05229499151025,21.51816072257638,24.325741125269367,-0.9828717230258401,-0.24714480153507587,153.0173532477882
153.0559740595911,21.508764790854663,24.322714372318742,-0.9831952798524146,-0.24688509454777316,153.0463788801745
153.05965297873752,21.499368900601706,24.319687784582722,-0.983518875863675,-0.24662519376798345,153.0754040651263
153.0633317490223,21.489973051787008,24.316661362196054,-0.98384251103225,-0.246365099253386,153.10442879834747
153.06701037051843,21.480577244380044,24.313635105293514,-0.9841661853307871,-0.2461048110616633,153.1334530755416
153.0706888432987,21.4711814783505,24.310609014009852,-0.9844898987319477,-0.24584432925050598,153.16247689241268
153.07436716743598,21.461785753667836,24.307583088479838,-0.9848136512084117,-0.24558365387760778,153.19150024466438
153.078045343003,21.452390070301725,24.304557328838232,-0.9851374427328728,-0.2453227850006686,153.22052312800062
153.08172337007258,21.442994428221727,24.301531735219786,-0.9854612732780459,-0.24506172267739273,153.249545538125
153.08540124871746,21.433598827397397,24.298506307759283,-0.9857851428166561,-0.24480046696549146,153.2785674707415
153.0890789790104,21.424203267798454,24.295481046591462,-0.9861090513214497,-0.24453901792267957,153.3075889215538
153.09275656102403,21.414807749394424,24.292455951851096,-0.9864329987651863,-0.2442773756066779,153.3366098862656
153.0964339948311,21.405412272155058,24.289431023672947,-0.9867569851206444,-0.24401554007521317,153.36563036058092
153.10011128050422,21.396016836049945,24.28640626219177,-0.9870810103606171,-0.24375351138601542,153.39465034020344
153.10378841811607,21.386621441048717,24.283381667542333,-0.9874050744579147,-0.24349128959682176,153.42366982083692
153.10746540773917,21.37722608712115,24.280357239859388,-0.9877291773853631,-0.2432288747653744,153.45268879818522
153.1111422494462,21.36783077423682,24.277332979277716,-0.9880533191158047,-0.2429662669494194,153.48170726795206
153.11481894330967,21.35843550236553,24.274308885932058,-0.9883774996221004,-0.2427034662067096,153.51072522584116
153.1184954894021,21.349040271476955,24.27128495995719,-0.988701718877123,-0.24244047259500232,153.53974266755654
153.12217188779607,21.33964508154076,24.268261201487867,-0.9890259768537664,-0.2421772861720601,153.56875958880187
153.12584813856398,21.330249932526787,24.265237610658847,-0.9893502735249373,-0.24191390699565066,153.59777598528078
153.12952424177834,21.320854824404663,24.262214187604897,-0.9896746088635605,-0.2416503351235476,153.62679185269732
153.1332001975116,21.311459757144284,24.259190932460783,-0.9899989828425768,-0.241386570613529,153.65580718675517
153.13687600583617,21.302064730715326,24.256167845361258,-0.990323395434944,-0.24112261352337797,153.6848219831581
153.14055166682445,21.292669745087565,24.25314492644108,-0.9906478466136346,-0.24085846391088422,153.7138362376099
153.14422718054877,21.283274800230863,24.250122175835028,-0.9909723363516378,-0.24059412183384074,153.7428499458144
153.1479025470815,21.273879896114934,24.24709959367784,-0.9912968646219608,-0.24032958735004722,153.77186310347543
153.1515777664949,21.264485032709715,24.2440771801043,-0.9916214313976248,-0.24006486051730805,153.80087570629664
153.1552528388614,21.25509020998495,24.241054935249164,-0.9919460366516691,-0.2397999413934322,153.8298877499819
153.15892776425318,21.24569542791045,24.238032859247173,-0.9922706803571486,-0.2395348300362351,153.85889923023507
153.16260254274252,21.236300686456175,24.235010952233118,-0.9925953624871344,-0.2392695265035364,153.88791014275978
153.16627717440167,21.226905985591863,24.231989214341752,-0.9929200830147136,-0.23900403085316102,153.91692048325987
153.16995165930274,21.217511325287518,24.22896764570783,-0.9932448419129898,-0.23873834314293974,153.94593024743935
153.17362599751797,21.208116705512957,24.22594624646611,-0.993569639155083,-0.23847246343070802,153.9749394310018
153.17730018911956,21.19872212623803,24.22292501675136,-0.993894474714131,-0.23820639177430591,154.0039480296509
153.1809742341796,21.189327587432768,24.21990395669835,-0.9942193485632851,-0.2379401282315796,154.03295603909075
153.18464813277018,21.179933089066964,24.216883066441824,-0.9945442606757138,-0.23767367286038027,154.0619634550249
153.1883218849634,21.170538631110666,24.213862346116553,-0.994869211024603,-0.23740702571856387,154.09097027315715
153.1919954908313,21.161144213533767,24.2108417958573,-0.9951941995831537,-0.23714018686399183,154.11997648919146
153.19566895044596,21.151749836306177,24.207821415798826,-0.9955192263245835,-0.2368731563545305,154.14898209883148
153.19934226387934,21.142355499397954,24.20480120607589,-0.9958442912221261,-0.2366059342480518,154.17798709778106
153.2030154312035,21.132961202779047,24.201781166823256,-0.9961693942490312,-0.23633852060243213,154.20699148174393
153.2066884524904,21.123566946419366,24.198761298175697,-0.9964945353785661,-0.23607091547555328,154.23599524642393
153.2103613278119,21.114172730289038,24.19574160026794,-0.9968197145840137,-0.23580311892530287,154.26499838752483
153.21403405724,21.10477855435799,24.192722073234776,-0.9971449318386705,-0.23553513100957332,154.2940009007505
153.21770664084661,21.095384418596314,24.189702717210963,-0.997470187115854,-0.23526695178626117,154.32300278180452
153.22137907870354,21.08599032297401,24.18668353233126,-0.9977954803888942,-0.2349985813132697,154.3520040263909
153.22505137088268,21.076596267461092,24.183664518730424,-0.9981208116311386,-0.2347300196485055,154.38100463021328
153.22872351745582,21.067202252027695,24.180645676543225,-0.9984461808159505,-0.2344612668498826,154.41000458897568
153.2323955184948,21.05780827664381,24.177627005904412,-0.998771587916711,-0.23419232297531783,154.4390038983816
153.2360673740714,21.048414341279628,24.174608506948758,-0.9990970329068153,-0.2339231880827349,154.46800255413498
153.23973908425737,21.039020445905173,24.171590179811023,-0.9994225157596752,-0.2336538622300617,154.49700055193958
153.24341064912446,21.029626590490516,24.168572024625966,-0.9997480364487205,-0.23338434547523126,154.52599788749927
153.2470820687443,21.020232775005866,24.165554041528345,-1.0000735949473945,-0.23311463787618197,154.55499455651776
153.2507533431887,21.010838999421257,24.16253623065293,-1.0003991912291592,-0.23284473949085752,154.5839905546988
153.25442447252925,21.00144526370693,24.15951859213448,-1.0007248252674905,-0.23257465037720612,154.6129858777462
153.25809545683757,20.992051567833002,24.15650112610775,-1.001050497035882,-0.23230437059318165,154.64198052136385
153.26176629618536,20.982657911769557,24.153483832707508,-1.0013762065078435,-0.23203390019674264,154.67097448125548
153.26543699064416,20.973264295486906,24.150466712068514,-1.0017019536569003,-0.23176323924585324,154.69996775312478
153.26910754028555,20.963870718955107,24.147449764325533,-1.0020277384565934,-0.23149238779848214,154.7289603326757
153.27277794518105,20.954477182144476,24.144432989613325,-1.002353560880481,-0.23122134591260318,154.757952215612
153.2764482054022,20.945083685025175,24.14141638806664,-1.0026794209021375,-0.23095011364619644,154.7869433976374
153.28011832102058,20.935690227567363,24.13839995982025,-1.0030053184951535,-0.23067869105724492,154.81593387445574
153.28378829210754,20.926296809741373,24.135383705008934,-1.0033312536331331,-0.23040707820373774,154.84492364177078
153.2874581187346,20.916903431517426,24.13236762376742,-1.0036572262897017,-0.2301352751436706,154.87391269528632
153.29112780097324,20.907510092865692,24.12935171623049,-1.0039832364384957,-0.2298632819350418,154.90290103070618
153.29479733889482,20.898116793756575,24.1263359825329,-1.004309284053171,-0.22959109863585592,154.9318886437341
153.2984667325707,20.888723534160217,24.123320422809417,-1.0046353691073973,-0.22931872530412256,154.96087553007393
153.3021359820723,20.87933031404705,24.120305037194793,-1.0049614915748626,-0.22904616199785638,154.98986168542933
153.30580508747087,20.8699371333873,24.11728982582379,-1.0052876514292695,-0.22877340877507746,155.01884710550434
153.30947404883787,20.86054399215122,24.11427478883118,-1.0056138486443367,-0.22850046569380944,155.04783178600252
153.31314286624448,20.851150890309267,24.111259926351725,-1.0059400831938006,-0.22822733281208257,155.07681572262769
153.31681153976203,20.841757827831653,24.10824523852017,-1.0062663550514117,-0.22795401018793182,155.1057989110838
153.3204800694617,20.832364804688854,24.105230725471287,-1.0065926641909373,-0.2276804978793972,155.13478134707447
153.32414845541481,20.822971820851155,24.102216387339848,-1.0069190105861623,-0.22740679594452312,155.16376302630349
153.3278166976925,20.81357887628888,24.0992022242606,-1.0072453942108845,-0.2271329044413592,155.1927439444748
153.33148479636597,20.804185970972505,24.096188236368306,-1.0075718150389212,-0.2268588234279605,155.22172409729208
153.3351527515064,20.794793104872355,24.093174423797734,-1.0078982730441042,-0.22658455296238827,155.25070348045915
153.33882056318487,20.785400277958903,24.09016078668364,-1.0082247682002798,-0.22631009310270567,155.2796820896798
153.34248823147252,20.776007490202538,24.08714732516079,-1.0085513004813147,-0.22603544390698344,155.3086599206578
153.34615575644048,20.76661474157362,24.084134039363946,-1.008877869861086,-0.22576060543329662,155.33763696909685
153.34982313815973,20.757222032042712,24.08112092942786,-1.0092044763134915,-0.22548557773972566,155.36661323070098
153.3534903767014,20.74782936158014,24.078107995487297,-1.0095311198124437,-0.22521036088435453,155.3955887011738
153.35715747213646,20.738436730156494,24.07509523767703,-1.0098578003318703,-0.22493495492527438,155.4245633762191
153.3608244245359,20.72904413774217,24.07208265613182,-1.010184517845715,-0.22465935992057984,155.45353725154078
153.36449123397077,20.71965158430762,24.06907025098641,-1.0105112723279386,-0.22438357592837077,155.48251032284253
153.36815790051193,20.710259069823444,24.06605802237558,-1.010838063752519,-0.2241076030067523,155.5114825858282
153.3718244242304,20.700866594260035,24.063045970434075,-1.0111648920934462,-0.2238314412138348,155.54045403620154
153.37549080519696,20.69147415758803,24.060034095296672,-1.0114917573247293,-0.22355509060773288,155.56942466966632
153.37915704348262,20.6820817597779,24.05702239709813,-1.0118186594203937,-0.22327855124656681,155.59839448192642
153.3828231391582,20.67268940080014,24.05401087597321,-1.0121455983544791,-0.2230018231884615,155.6273634686856
153.3864890922945,20.66329708062541,24.05099953205666,-1.0124725741010423,-0.22272490649154703,155.6563316256475
153.39015490296245,20.653904799224154,24.047988365483253,-1.0127995866341566,-0.2224478012139579,155.68529894851613
153.3938205712327,20.644512556567086,24.044977376387756,-1.0131266359279087,-0.2221705074138352,155.71426543299515
153.3974860971761,20.635120352624707,24.04196656490493,-1.0134537219564046,-0.22189302514932263,155.7432310747884
153.4011514808634,20.62572818736759,24.03895593116952,-1.0137808446937642,-0.22161535447857028,155.77219586959973
153.40481672236533,20.616336060766443,24.035945475316304,-1.0141080041141253,-0.22133749545973386,155.80115981313276
153.4084818217526,20.606943972791765,24.032935197480043,-1.014435200191639,-0.2210594481509719,155.8301229010914
153.41214677909582,20.597551923414326,24.02992509779549,-1.0147624329004743,-0.22078121261045014,155.85908512917945
153.4158115944657,20.5881599126047,24.026915176397416,-1.0150897022148158,-0.220502788896338,155.8880464931007
153.4194762679329,20.578767940333506,24.023905433420573,-1.0154170081088636,-0.22022417706680986,155.91700698855888
153.42314079956805,20.56937600657149,24.020895868999723,-1.015744350556835,-0.21994537718004564,155.94596661125772
153.4268051894417,20.559984111289253,24.01788648326964,-1.0160717295329624,-0.21966638929422994,155.9749253569012
153.4304694376244,20.550592254457573,24.01487727636507,-1.0163991450114942,-0.2193872134675519,156.00388322119298
153.4341335441867,20.541200436047102,24.011868248420786,-1.0167265969666925,-0.21910784975820602,156.03284019983695
153.4377975091992,20.531808656028513,24.008859399571545,-1.0170540853728407,-0.2188282982243921,156.06179628853678
153.44146133273236,20.522416914372627,24.00585072995211,-1.0173816102042346,-0.21854855892431418,156.0907514829963
153.44512501485661,20.513025211050135,24.00284223969723,-1.017709171435185,-0.21826863191618145,156.1197057789193
153.4487885556425,20.50363354603172,23.99983392894169,-1.0180367690400205,-0.2179885172582079,156.1486591720096
153.4524519551604,20.49424191928824,23.996825797820236,-1.018364402993086,-0.21770821500861232,156.17761165797094
153.45611521348073,20.48485033079038,23.993817846467635,-1.018692073268741,-0.21742772522561954,156.20656323250716
153.4597783306739,20.475458780509015,23.99081007501865,-1.0190197798413618,-0.21714704796745776,156.23551389132206
153.4634413068103,20.46606726841489,23.987802483608032,-1.0193475226853397,-0.21686618329236113,156.2644636301194
153.46710414196025,20.456675794478734,23.98479507237056,-1.019675301775083,-0.216585131258568,156.29341244460298
153.47076683619403,20.447284358671507,23.981787841440983,-1.0200031170850157,-0.21630389192432287,156.3223603304766
153.474429389582,20.437892960963897,23.978780790954065,-1.020330968589576,-0.21602246534787262,156.35130728344402
153.47809180219446,20.428501601326875,23.975773921044564,-1.0206588562632215,-0.21574085158747214,156.38025329920902
153.48175407410162,20.419110279731207,23.972767231847246,-1.0209867800804227,-0.21545905070137927,156.4091983734755
153.48541620537378,20.409718996147713,23.969760723496876,-1.0213147400156664,-0.2151770627478563,156.43814250194703
153.48907819608104,20.400327750547376,23.966754396128213,-1.0216427360434563,-0.21489488778517257,156.4670856803277
153.4927400462937,20.39093654290097,23.963748249876012,-1.0219707681383121,-0.21461252587160085,156.49602790432098
153.49640175608187,20.381545373179495,23.960742284875042,-1.0222988362747685,-0.2143299770654184,156.52496916963088
153.50006332551573,20.3721542413538,23.957736501260065,-1.0226269404273756,-0.21404724142490816,156.5539094719612
153.5037247546654,20.362763147394766,23.954730899165845,-1.0229550805707013,-0.2137643190083579,156.58284880701558
153.50738604360097,20.353372091273407,23.951725478727127,-1.0232832566793277,-0.21348120987406016,156.6117871704979
153.51104719239254,20.343981072960556,23.94872024007869,-1.023611468727854,-0.2131979140803117,156.6407245581119
153.51470820111015,20.334590092427273,23.94571518335529,-1.023939716690893,-0.21291443168541513,156.66966096556155
153.51836906982385,20.325199149644476,23.942710308691694,-1.024268000543076,-0.21263076274767734,156.69859638855036
153.52202979860368,20.31580824458308,23.93970561622265,-1.0245963202590493,-0.21234690732541006,156.7275308227823
153.52569038751957,20.306417377214164,23.936701106082936,-1.0249246758134745,-0.21206286547693015,156.7564642639611
153.52935083664156,20.297026547508686,23.933696778407295,-1.0252530671810298,-0.21177863726055984,156.78539670779065
153.53301114603957,20.287635755437595,23.930692633330505,-1.025581494336408,-0.21149422273462448,156.81432814997453
