galstreams/tracks/track.st.Gaia-12.ibata2021.ecsv
# %ECSV 0.9
# ---
# datatype:
# - {name: ra, unit: deg, datatype: float64}
# - {name: dec, unit: deg, datatype: float64}
# - {name: distance, unit: kpc, datatype: float64}
# - {name: pm_ra_cosdec, unit: mas / yr, datatype: float64}
# - {name: pm_dec, unit: mas / yr, datatype: float64}
# - {name: radial_velocity, unit: km / s, datatype: float64}
# delimiter: ','
# meta: !!omap
# - __serialized_columns__:
#     dec:
#       __class__: astropy.coordinates.angles.Latitude
#       unit: &id001 !astropy.units.Unit {unit: deg}
#       value: !astropy.table.SerializedColumn {name: dec}
#     distance:
#       __class__: astropy.coordinates.distances.Distance
#       unit: !astropy.units.Unit {unit: kpc}
#       value: !astropy.table.SerializedColumn {name: distance}
#     pm_dec:
#       __class__: astropy.units.quantity.Quantity
#       unit: !astropy.units.Unit {unit: mas / yr}
#       value: !astropy.table.SerializedColumn {name: pm_dec}
#     pm_ra_cosdec:
#       __class__: astropy.units.quantity.Quantity
#       unit: !astropy.units.Unit {unit: mas / yr}
#       value: !astropy.table.SerializedColumn {name: pm_ra_cosdec}
#     ra:
#       __class__: astropy.coordinates.angles.Longitude
#       unit: *id001
#       value: !astropy.table.SerializedColumn {name: ra}
#       wrap_angle: !astropy.coordinates.Angle
#         unit: *id001
#         value: 360.0
#     radial_velocity:
#       __class__: astropy.units.quantity.Quantity
#       unit: !astropy.units.Unit {unit: km / s}
#       value: !astropy.table.SerializedColumn {name: radial_velocity}
# schema: astropy-2.0
ra,dec,distance,pm_ra_cosdec,pm_dec,radial_velocity
[from data line 1254]
45.8820729651537,12.056279270841936,10.577779975977364,6.822940640944076,-6.676656836637899,0.0
45.88931773778798,12.049185255376022,10.579328714979448,6.826331660114712,-6.6783172916313225,2.5262301389617013e-14
45.896560901915755,12.042089705445036,10.580891480090322,6.829730633459475,-6.679978363852407,-8.420767129872338e-15
45.90380245595904,12.034992619284163,10.582468290655642,6.833137572575014,-6.681640053551198,-1.6841534259744676e-14
45.911042398339816,12.027893995128647,10.584059166021063,6.836552489057935,-6.683302360978223,8.420767129872338e-15
45.918280727480116,12.020793831213776,10.585664125532238,6.839975394504769,-6.6849652863844735,-2.5262301389617013e-14
45.925517441801965,12.013692125774895,10.58728318853483,6.843406300511978,-6.686628830021406,8.420767129872338e-15
45.9327525397274,12.006588877047399,10.588916374374483,6.8468452186759725,-6.688292992140952,8.420767129872338e-15
45.939986019678464,11.999484083266722,10.590563702396862,6.850292160593089,-6.689957772995499,-4.210383564936169e-14
45.947217880077204,11.992377742668355,10.592225191947614,6.853747137859603,-6.691623172837908,3.368306851948935e-14
45.95444811934569,11.985269853487837,10.593900862372397,6.857210162071737,-6.693289191921499,0.0
45.961676735906,11.978160413960758,10.595590733016868,6.860681244825621,-6.694955830500034,1.6841534259744676e-14
45.96890372818021,11.971049422322752,10.597294823226681,6.8641603977173435,-6.696623088827761,2.5262301389617013e-14
45.97612909459042,11.963936876809505,10.599013152347487,6.8676476323429245,-6.698290967159371,1.6841534259744676e-14
45.98335283355873,11.95682277565674,10.600745739724946,6.871142960298309,-6.699959465750007,1.6841534259744676e-14
45.99057494350727,11.94970711710025,10.602492604704715,6.874646393179377,-6.70162858485527,-1.6841534259744676e-14
45.99779542285814,11.94258989937585,10.60425376663244,6.878157942581957,-6.703298324731215,5.894536990910637e-14
46.00501427003348,11.935471120719424,10.606029244853783,6.881677620101791,-6.704968685634339,-1.6841534259744676e-14
46.01223148345545,11.928350779366884,10.607819058714396,6.885205437334575,-6.7066396678215945,2.5262301389617013e-14
46.01944706154618,11.9212288735542,10.60962322755994,6.888741405875914,-6.7083112715503805,8.420767129872338e-15
46.02666100272786,11.91410540151739,10.61144177073606,6.892285537321369,-6.709983497078538,-8.420767129872338e-15
46.03387330542265,11.906980361492502,10.613274707588419,6.895837843266422,-6.7116563446643545,1.6841534259744676e-14
46.04108396805274,11.899853751715657,10.61512205746267,6.8993983353064845,-6.713329814566554,-2.5262301389617013e-14
46.04829298904033,11.892725570422991,10.616983839704465,6.902967025036915,-6.715003907044309,5.894536990910637e-14
46.055500366807614,11.885595815850706,10.618860073659462,6.90654392405299,-6.716678622357229,-5.894536990910637e-14
46.062706099776825,11.878464486235044,10.620750778673315,6.910129043949921,-6.718353960765352,-8.420767129872338e-15
46.06991018637019,11.87133157981229,10.62265597409168,6.913722396322852,-6.720029922529161,8.420767129872338e-15
46.077112625009924,11.864197094818769,10.624575679260213,6.91732399276686,-6.721706507909566,0.0
46.084313414118306,11.857061029490863,10.626509913524563,6.920933844876953,-6.723383717167922,2.5262301389617013e-14
46.09151255211758,11.849923382064983,10.628458696230394,6.924551964248062,-6.725061550565992,3.368306851948935e-14
46.09871003743002,11.842784150777597,10.630422046723353,6.928178362475067,-6.7267400083659945,-2.5262301389617013e-14
46.1059058684779,11.835643333865203,10.6323999843491,6.9318130511527585,-6.728419090830556,8.420767129872338e-15
46.113100043683524,11.828500929564358,10.634392528453287,6.935456041875867,-6.7300987982227385,0.0
46.12029256146919,11.821356936111643,10.63639969838157,6.939107346239048,-6.7317791308060215,8.420767129872338e-15
46.12748342025722,11.814211351743701,10.638421513479608,6.942766975836895,-6.733460088844316,0.0
46.134672618469935,11.807064174697201,10.640457993093047,6.946434942263926,-6.73514167260195,2.5262301389617013e-14
46.14186015452966,11.799915403208868,10.642509156567552,6.950111257114582,-6.736823882343663,-3.368306851948935e-14
46.149046026858755,11.792765035515458,10.644575023248771,6.953795931983251,-6.738506718334631,-5.894536990910637e-14
46.15623023387958,11.785613069853765,10.646655612482359,6.957488978464228,-6.740190180840426,-3.368306851948935e-14
46.16341277401451,11.778459504460647,10.648750943613978,6.9611904081517455,-6.74187427012705,7.578690416885104e-14
46.170593645685905,11.771304337572975,10.650861035989278,6.964900232639973,-6.74355898646091,0.0
46.17777284731618,11.764147567427683,10.65298590895391,6.968618463522997,-6.74524433010883,-3.368306851948935e-14
46.18495037732773,11.756989192261731,10.655125581853534,6.972345112394837,-6.746930301338042,-1.6841534259744676e-14
46.19212623414297,11.749829210312125,10.657280074033805,6.976080190849432,-6.748616900416185,-8.420767129872338e-15
46.19930041618433,11.742667619815911,10.659449404840379,6.979823710480662,-6.750304127611304,4.210383564936169e-14
46.20647292187424,11.735504419010176,10.661633593618909,6.9835756828823214,-6.751991983191855,0.0
46.21364374963516,11.728339606132046,10.66383265971505,6.987336119648141,-6.753680467426696,-4.210383564936169e-14
46.220812897889545,11.721173179418676,10.666046622474456,6.991105032371774,-6.755369580585083,8.420767129872338e-15
46.22798036505988,11.714005137107282,10.668275501242784,6.994882432646798,-6.7570593229366835,-2.5262301389617013e-14
46.23514614956863,11.7068354774351,10.670519315365688,6.99866833206672,-6.75874969475155,-8.420767129872338e-15
46.242310249838305,11.699664198639402,10.672778084188826,7.002462742224971,-6.760440696300138,-3.368306851948935e-14
46.24947266429141,11.692491298957519,10.675051827057846,7.006265674714911,-6.762132327853313,1.6841534259744676e-14
46.25663339135047,11.685316776626804,10.67734056331841,7.01007714112982,-6.763824589682315,-2.5262301389617013e-14
46.263792429438006,11.678140629884652,10.679644312316169,7.013897153062909,-6.7655174820587884,-2.5262301389617013e-14
46.270949776976565,11.670962856968488,10.681963093396782,7.017725722107313,-6.7672110052547705,-7.578690416885104e-14
46.27810543238871,11.663783456115787,10.684296925905896,7.021562859856087,-6.768905159542683,-2.5262301389617013e-14
46.28525939409701,11.656602425564055,10.686645829189176,7.025408577902214,-6.770599945195333,-3.368306851948935e-14
46.29241166052403,11.64941976355083,10.689009822592272,7.029262887838601,-6.77229536248593,-2.5262301389617013e-14
46.29956223009238,11.642235468313693,10.691388925460835,7.033125801258086,-6.773991411688058,5.894536990910637e-14
46.30671110122462,11.635049538090268,10.693783157140526,7.036997329753412,-6.775688093075679,-5.894536990910637e-14
46.31385827234343,11.62786197111819,10.696192536977,7.040877484917265,-6.777385406923155,-8.420767129872338e-15
46.32100374187138,11.620672765635154,10.698617084315911,7.044766278342246,-6.779083353505217,-6.73661370389787e-14
46.32814750823115,11.61348191987888,10.701056818502911,7.04866372162088,-6.7807819330969785,-5.0524602779234026e-14
46.335289569845365,11.60628943208713,10.703511758883655,7.052569826345616,-6.782481145973934,0.0
46.342429925136706,11.59909530049769,10.705981924803806,7.056484604108819,-6.784180992411945,8.420767129872338e-15
46.34956857252783,11.591899523348394,10.708467335609011,7.06040806650279,-6.785881472687264,-5.894536990910637e-14
46.35670551044144,11.584702098877093,10.710968010644928,7.064340225119739,-6.787582587076507,7.578690416885104e-14
46.36384073730022,11.577503025321693,10.71348396925721,7.068281091551805,-6.789284335856658,6.73661370389787e-14
46.37097425152691,11.570302300920119,10.716015230791514,7.072230677391046,-6.790986719305086,-1.6841534259744676e-14
46.3781060515442,11.56309992391033,10.718561814593494,7.076188994229442,-6.792689737699516,2.5262301389617013e-14
46.38523613577486,11.55589589253033,10.721123740008805,7.0801560536589,-6.794393391318051,-5.0524602779234026e-14
46.39236450264162,11.548690205018142,10.723701026383102,7.084131867271235,-6.796097680439153,-3.368306851948935e-14
46.39949115056724,11.54148285961183,10.72629369306204,7.088116446658196,-6.797802605341654,-2.5262301389617013e-14
46.40661607797451,11.534273854549486,10.728901759391276,7.092109803411434,-6.7995081663047365,-3.368306851948935e-14
46.413739283286205,11.527063188069246,10.73152524471646,7.0961119491225535,-6.801214363607976,-2.5262301389617013e-14
46.42086076492512,11.519850858409265,10.734164168383252,7.100122895383047,-6.802921197531272,-8.420767129872338e-15
46.42798052131407,11.512636863807725,10.736818549737306,7.104142653784336,-6.804628668354905,-3.368306851948935e-14
46.43509855087588,11.505421202502866,10.739488408124275,7.108171235917769,-6.806336776359508,-4.210383564936169e-14
46.442214852033395,11.49820387273293,10.742173762889816,7.112208653374609,-6.808045521826072,-8.420767129872338e-15
46.44932942320944,11.490984872736208,10.744874633379585,7.116254917746032,-6.809754905035937,-2.5262301389617013e-14
46.45644226282691,11.483764200751011,10.747591038939232,7.1203100406231465,-6.811464926270805,1.6841534259744676e-14
46.46355336930864,11.476541855015691,10.750322998914417,7.12437403359697,-6.813175585812726,-2.5262301389617013e-14
46.47066274107755,11.469317833768626,10.753070532650794,7.128446908258434,-6.814886883944094,-4.210383564936169e-14
46.47777037655652,11.46209213524822,10.755833659494016,7.132528676198403,-6.816598820947663,1.6841534259744676e-14
46.484876274168464,11.45486475769291,10.758612398789738,7.1366193490076455,-6.818311397106533,1.6841534259744676e-14
46.49198043233631,11.447635699341172,10.76140676988362,7.140718938276853,-6.820024612704142,-5.894536990910637e-14
46.499082849482996,11.440404958431486,10.764216792121312,7.144827455596635,-6.821738468024279,8.420767129872338e-15
46.50618352403147,11.433172533202391,10.767042484848467,7.1489449125575195,-6.82345296335108,8.420767129872338e-15
46.513282454404695,11.42593842189243,10.769883867410748,7.153071320749947,-6.825168098969016,5.0524602779234026e-14
46.52037963902565,11.418702622740199,10.7727409591538,7.157206691764282,-6.826883875162904,1.2631150694808508e-13
46.527475076317295,11.411465133984304,10.775613779423288,7.16135103719079,-6.828600292217894,0.0
46.53456876470266,11.404225953863383,10.778502347564858,7.165504368619673,-6.830317350419483,-5.894536990910637e-14
46.54166070260476,11.396985080616103,10.781406682924173,7.169666697641034,-6.832035050053497,-6.73661370389787e-14
46.548750888446605,11.38974251248116,10.784326804846884,7.173838035844899,-6.8337533914061,-5.894536990910637e-14
46.55583932065124,11.382498247697274,10.787262732678645,7.178018394821212,-6.835472374763793,-8.420767129872338e-15
46.562925997641706,11.375252284503206,10.79021448576511,7.182207786159822,-6.837192000413401,8.420767129872338e-15
46.57001091784108,11.368004621137718,10.79318208345194,7.186406221450494,-6.838912268642085,8.420767129872338e-14
46.577094079672435,11.36075525583962,10.796165545084783,7.190613712282923,-6.840633179737341,-4.210383564936169e-14
46.58417548155887,11.35350418684774,10.7991648900093,7.194830270246703,-6.842354733986985,4.210383564936169e-14
46.59125512192346,11.346251412400935,10.802180137571142,7.199055906931347,-6.844076931679163,2.5262301389617013e-14
46.59833299918935,11.338996930738087,10.805211307115966,7.203290633926285,-6.845799773102349,-8.420767129872338e-15
46.60540911177965,11.331740740098105,10.808258417989427,7.207534462820853,-6.847523258545332,-8.420767129872338e-15
46.61248345811751,11.324482838719918,10.811321489537177,7.211787405204312,-6.849247388297239,-5.894536990910637e-14
46.61955603662608,11.317223224842484,10.814400541104874,7.216049472665825,-6.850972162647501,8.420767129872338e-15
46.626626845728524,11.309961896704785,10.81749559203817,7.2203206767944765,-6.85269758188589,-5.0524602779234026e-14
46.63369588384802,11.302698852545838,10.820606661682724,7.224601029179259,-6.854423646302477,0.0
46.64076314940777,11.295434090604665,10.823733769384193,7.228890541409077,-6.85615035618766,-5.894536990910637e-14
46.647828640830966,11.288167609120324,10.826876934488226,7.233189225072751,-6.857877711832152,-9.262843842859572e-14
46.654892356540834,11.280899406331896,10.830036176340476,7.237497091759016,-6.859605713526984,-4.210383564936169e-14
46.66195429496061,11.273629480478489,10.833211514286607,7.241814153056506,-6.861334361563494,-7.578690416885104e-14
46.669014454513515,11.266357829799224,10.836402967672269,7.246140420553788,-6.863063656233333,1.6841534259744676e-14
46.676072833622825,11.259084452533259,10.839610555843114,7.250475905839316,-6.864793597828473,-5.0524602779234026e-14
46.68312943071181,11.251809346919764,10.842834298144806,7.254820620501473,-6.866524186641179,-3.368306851948935e-14
46.69018424420374,11.244532511197932,10.84607421392299,7.259174576128547,-6.868255422964042,-7.578690416885104e-14
46.697237272521924,11.237253943606992,10.849330322523322,7.263537784308736,-6.869987307089945,-8.420767129872338e-15
46.70428851408965,11.229973642386172,10.852602643291466,7.267910256630145,-6.8717198393120835,-8.420767129872338e-14
46.71133796733026,11.222691605774745,10.855891195573067,7.272292004680796,-6.873453019923958,3.368306851948935e-14
46.71838563066707,11.215407832011994,10.85919599871379,7.276683040048619,-6.875186849219371,-4.210383564936169e-14
46.72543150252343,11.208122319337225,10.862517072059278,7.2810833743214545,-6.876921327492422,-5.894536990910637e-14
46.7324755813227,11.200835065989763,10.865854434955194,7.285493019087047,-6.878656455037524,-1.0946997268834039e-13
