galstreams/tracks/track.st.New-2.ibata2024.ecsv
# %ECSV 1.0
# ---
# datatype:
# - {name: ra, unit: deg, datatype: float64}
# - {name: dec, unit: deg, datatype: float64}
# - {name: distance, unit: kpc, datatype: float64}
# - {name: pm_ra_cosdec, unit: mas / yr, datatype: float64}
# - {name: pm_dec, unit: mas / yr, datatype: float64}
# - {name: radial_velocity, unit: km / s, datatype: float64}
# delimiter: ','
# meta: !!omap
# - __serialized_columns__:
#     dec:
#       __class__: astropy.coordinates.angles.Latitude
#       unit: &id001 !astropy.units.Unit {unit: deg}
#       value: !astropy.table.SerializedColumn {name: dec}
#     distance:
#       __class__: astropy.coordinates.distances.Distance
#       unit: !astropy.units.Unit {unit: kpc}
#       value: !astropy.table.SerializedColumn {name: distance}
#     pm_dec:
#       __class__: astropy.units.quantity.Quantity
#       unit: !astropy.units.Unit {unit: mas / yr}
#       value: !astropy.table.SerializedColumn {name: pm_dec}
#     pm_ra_cosdec:
#       __class__: astropy.units.quantity.Quantity
#       unit: !astropy.units.Unit {unit: mas / yr}
#       value: !astropy.table.SerializedColumn {name: pm_ra_cosdec}
#     ra:
#       __class__: astropy.coordinates.angles.Longitude
#       unit: *id001
#       value: !astropy.table.SerializedColumn {name: ra}
#       wrap_angle: !astropy.coordinates.Angle
#         unit: *id001
#         value: 360.0
#     radial_velocity:
#       __class__: astropy.units.quantity.Quantity
#       unit: !astropy.units.Unit {unit: km / s}
#       value: !astropy.table.SerializedColumn {name: radial_velocity}
# schema: astropy-2.0
ra,dec,distance,pm_ra_cosdec,pm_dec,radial_velocity
[from data line 6162]
63.671038424894526,6.859809709968197,0.9999999999999984,-30.746358955592502,-49.90647899400152,199.1843762943559
63.68156491173103,6.8652028041865565,0.9999999999999986,-30.75426544995188,-49.910434510367104,199.2062449669526
63.69209205251959,6.870600648760073,0.9999999999999984,-30.762171492234465,-49.914391112889554,199.22813536085408
63.70261984750815,6.876003245336429,0.9999999999999983,-30.770077082028685,-49.918348802403926,199.2500474863074
63.713148296944674,6.881410595563336,0.9999999999999983,-30.777982218923285,-49.92230757974502,199.27198135355988
63.72367740107721,6.8868227010885,0.9999999999999982,-30.785886902507368,-49.92626744574747,199.29393697285877
63.734207160153815,6.892239563559619,0.9999999999999983,-30.793791132370245,-49.93022840124552,199.31591435445137
63.74473757442261,6.897661184624423,0.9999999999999982,-30.801694908101602,-49.93419044707329,199.3379135085847
63.755268644131746,6.9030875659306155,0.9999999999999982,-30.809598229291396,-49.938153584064594,199.35993444550618
63.7658003695294,6.908518709125926,0.9999999999999983,-30.817501095529877,-49.942117813053,199.38197717546313
63.77633275086385,6.913954615858078,0.9999999999999984,-30.825403506407618,-49.94608313487184,199.4040417087025
63.78686578838336,6.919395287774798,0.9999999999999983,-30.833305461515465,-49.95004955035417,199.42612805547174
63.79739948233625,6.9248407265238265,0.9999999999999983,-30.841206960444605,-49.95401706033283,199.44823622601808
63.8079338329709,6.930290933752891,0.9999999999999983,-30.849108002786465,-49.957985665640365,199.47036623058867
63.81846884053573,6.935745911109743,0.9999999999999983,-30.857008588132864,-49.961955367109105,199.49251807943082
63.829004505279194,6.9412056602421215,0.9999999999999982,-30.864908716075828,-49.96592616557111,199.5146917827917
63.83954082744981,6.946670182797777,0.9999999999999983,-30.872808386207772,-49.969898061858196,199.53688735091865
63.850077807296096,6.9521394804244645,0.9999999999999982,-30.880707598121326,-49.97387105680189,199.5591047940588
63.860615445066685,6.957613554769937,0.9999999999999983,-30.8886063514095,-49.97784515123354,199.58134412245943
63.871153741010176,6.963092407481962,0.9999999999999982,-30.896504645665594,-49.98182034598417,199.60360534636783
63.881692695375285,6.968576040208293,0.9999999999999982,-30.904402480483178,-49.985796641884576,199.62588847603112
63.89223230841073,6.974064454596712,0.9999999999999982,-30.912299855456144,-49.98977403976531,199.6481935216967
63.90277258036528,6.979557652294981,0.9999999999999983,-30.920196770178695,-49.993752540456654,199.67052049361166
63.913313511487736,6.985055634950883,0.9999999999999984,-30.928093224245337,-49.99773214478866,199.6928694020234
63.92385510202703,6.990558404212198,0.9999999999999982,-30.935989217250885,-50.00171285359107,199.7152402571789
63.934397352232004,6.996065961726702,0.9999999999999984,-30.943884748790467,-50.00569466769345,199.73763306932574
63.944940262351636,7.001578309142197,0.9999999999999984,-30.951779818459467,-50.00967758792503,199.76004784871085
63.955483832634975,7.007095448106464,0.9999999999999982,-30.95967442585368,-50.01366161511485,199.78248460558154
63.96602806333099,7.012617380267299,0.9999999999999983,-30.967568570569064,-50.017646750091636,199.80494335018514
63.97657295468886,7.018144107272507,0.9999999999999982,-30.975462252202036,-50.02163299368391,199.8274240927689
63.987118506957685,7.023675630769883,0.9999999999999982,-30.983355470349203,-50.0256203467199,199.84992684357994
63.99766472038668,7.029211952407242,0.9999999999999984,-30.991248224607542,-50.02960881002758,199.87245161286563
64.00821159522508,7.0347530738323965,0.9999999999999984,-30.99914051457433,-50.03359838443471,199.89499841087314
64.01875913172213,7.04029899669315,0.9999999999999982,-31.007032339847118,-50.037589070768746,199.91756724784963
64.02930733012724,7.045849722637332,0.9999999999999984,-31.014923700023843,-50.041580869856844,199.94015813404243
64.03985619068975,7.051405253312755,0.9999999999999983,-31.022814594702645,-50.04557378252603,199.96277107969877
64.05040571365909,7.056965590367254,0.9999999999999983,-31.03070502348205,-50.04956780960299,199.985406095066
64.06095589928476,7.062530735448652,0.9999999999999984,-31.038594985960913,-50.0535629519141,200.0080631903911
64.07150674781627,7.068100690204786,0.9999999999999983,-31.046484481738297,-50.057559210285575,200.03074237592148
64.08205825950323,7.0736754562834925,0.9999999999999984,-31.054373510413697,-50.06155658554333,200.05344366190442
64.09261043459523,7.079255035332608,0.9999999999999983,-31.062262071586822,-50.06555507851303,200.07616705858698
64.10316327334196,7.084839428999981,0.9999999999999982,-31.070150164857765,-50.06955469002004,200.09891257621646
64.11371677599314,7.09042863893346,0.9999999999999982,-31.078037789826872,-50.073555420889505,200.12168022504028
64.12427094279857,7.096022666780895,0.9999999999999983,-31.085924946094863,-50.077557271946304,200.1444700153055
64.13482577400806,7.1016215141901435,0.9999999999999981,-31.093811633262703,-50.08156024401505,200.1672819572594
64.14538126987146,7.107225182809056,0.9999999999999984,-31.1016978509317,-50.08556433792005,200.1901160611492
64.15593743063874,7.11283367428551,0.9999999999999982,-31.109583598703523,-50.08956955448545,200.2129723372221
64.16649425655983,7.11844699026736,0.9999999999999982,-31.117468876180062,-50.09357589453505,200.23585079572544
64.1770517478848,7.124065132402481,0.9999999999999983,-31.125353682963592,-50.09758335889241,200.25875144690636
64.1876099048637,7.129688102338745,0.9999999999999983,-31.133238018656677,-50.101591948380836,200.28167430101223
64.19816872774668,7.135315901724029,0.9999999999999983,-31.141121882862198,-50.10560166382336,200.30461936829013
64.2087282167839,7.140948532206219,0.9999999999999981,-31.149005275183352,-50.10961250604276,200.32758665898743
64.21928837222558,7.146585995433187,0.9999999999999982,-31.15688819522363,-50.11362447586153,200.35057618335128
64.22984919432203,7.152228293052834,0.9999999999999984,-31.164770642586888,-50.117637574101934,200.37358795162905
64.24041068332357,7.157875426713049,0.9999999999999983,-31.172652616877265,-50.12165180158594,200.39662197406776
64.2509728394806,7.163527398061716,0.9999999999999983,-31.180534117699217,-50.12566715913526,200.41967826091476
64.26153566304355,7.169184208746753,0.9999999999999983,-31.18841514465751,-50.12968364757138,200.44275682241735
64.27209915426289,7.174845860416044,0.9999999999999982,-31.196295697357247,-50.13370126771542,200.46585766882265
64.28266331338921,7.1805123547175045,0.9999999999999983,-31.204175775403854,-50.13772002038836,200.48898081037797
64.29322814067305,7.186183693299038,0.9999999999999982,-31.21205537840303,-50.141739906410834,200.51212625733055
64.30379363636511,7.191859877808565,0.9999999999999982,-31.219934505960843,-50.14576092660321,200.53529401992765
64.31435980071608,7.1975409098939975,0.9999999999999982,-31.227813157683663,-50.14978308178563,200.55848410841645
64.3249266339767,7.203226791203251,0.9999999999999982,-31.23569133317817,-50.15380637277793,200.58169653304424
64.33549413639781,7.208917523384259,0.9999999999999982,-31.24356903205138,-50.15783080039972,200.6049313040582
64.34606230823023,7.214613108084934,0.9999999999999983,-31.251446253910576,-50.16185636547029,200.62818843170555
64.35663114972492,7.220313546953221,0.9999999999999982,-31.25932299836344,-50.165883068808725,200.65146792623358
64.36720066113283,7.226018841637046,0.9999999999999982,-31.267199265017936,-50.169910911233764,200.67476979788967
64.37777084270499,7.231728993784342,0.9999999999999983,-31.27507505348233,-50.17393989356394,200.69809405692072
64.3883416946925,7.237444005043057,0.9999999999999983,-31.28295036336526,-50.177970016617515,200.72144071357428
64.39891321734648,7.24316387706113,0.9999999999999982,-31.290825194275623,-50.182001281212436,200.7448097780974
64.40948541091811,7.2488886114865165,0.9999999999999983,-31.29869954582266,-50.18603368816645,200.7682012607375
64.42005827565866,7.254618209967156,0.9999999999999983,-31.30657341761598,-50.19006723829693,200.7916151717416
64.43063181181942,7.260352674151007,0.9999999999999983,-31.314446809265455,-50.19410193242108,200.81505152135708
64.44120601965177,7.266092005686029,0.9999999999999982,-31.322319720381294,-50.1981377713558,200.83851031983107
64.45178089940708,7.271836206220179,0.9999999999999983,-31.33019215057405,-50.20217475591768,200.86199157741092
64.46235645133689,7.2775852774014265,0.9999999999999983,-31.338064099454613,-50.20621288692314,200.88549530434386
64.47293267569268,7.2833392208777346,0.9999999999999983,-31.345935566634154,-50.21025216518818,200.90902151087707
64.48350957272602,7.289098038297075,0.9999999999999982,-31.353806551724144,-50.214292591528675,200.93257020725778
64.49408714268858,7.294861731307422,0.9999999999999983,-31.361677054336464,-50.218334166760116,200.95614140373334
64.50466538583207,7.300630301556751,0.9999999999999983,-31.369547074083272,-50.22237689169779,200.97973511055088
64.5152443024082,7.306403750693047,0.9999999999999983,-31.377416610577054,-50.22642076715668,201.00335133795767
64.52582389266884,7.312182080364288,0.9999999999999983,-31.385285663430615,-50.230465793951524,201.02699009620088
64.53640415686581,7.3179652922184735,0.9999999999999983,-31.39315423225708,-50.234511972896755,201.0506513955279
64.54698509525109,7.32375338790358,0.9999999999999983,-31.40102231666995,-50.23855930480653,201.0743352461858
64.5575667080766,7.329546369067609,0.9999999999999983,-31.408889916282995,-50.24260779049477,201.0980416584219
64.56814899559446,7.335344237358556,0.9999999999999981,-31.416757030710365,-50.246657430775116,201.1217706424835
64.57873195805672,7.341146994424418,0.9999999999999982,-31.424623659566457,-50.250708226460844,201.14552220861773
64.58931559571556,7.346954641913203,0.9999999999999982,-31.432489802466087,-50.25476017836509,201.16929636707187
64.5998999088232,7.352767181472917,0.9999999999999983,-31.44035545902436,-50.25881328730063,201.19309312809315
