galstreams/tracks/track.st.Ylgr.ibata2021.ecsv
# %ECSV 1.0
# ---
# datatype:
# - {name: ra, unit: deg, datatype: float64}
# - {name: dec, unit: deg, datatype: float64}
# - {name: distance, unit: kpc, datatype: float64}
# - {name: pm_ra_cosdec, unit: mas / yr, datatype: float64}
# - {name: pm_dec, unit: mas / yr, datatype: float64}
# - {name: radial_velocity, unit: km / s, datatype: float64}
# delimiter: ','
# meta: !!omap
# - __serialized_columns__:
#     dec:
#       __class__: astropy.coordinates.angles.Latitude
#       unit: &id001 !astropy.units.Unit {unit: deg}
#       value: !astropy.table.SerializedColumn {name: dec}
#     distance:
#       __class__: astropy.coordinates.distances.Distance
#       unit: !astropy.units.Unit {unit: kpc}
#       value: !astropy.table.SerializedColumn {name: distance}
#     pm_dec:
#       __class__: astropy.units.quantity.Quantity
#       unit: !astropy.units.Unit {unit: mas / yr}
#       value: !astropy.table.SerializedColumn {name: pm_dec}
#     pm_ra_cosdec:
#       __class__: astropy.units.quantity.Quantity
#       unit: !astropy.units.Unit {unit: mas / yr}
#       value: !astropy.table.SerializedColumn {name: pm_ra_cosdec}
#     ra:
#       __class__: astropy.coordinates.angles.Longitude
#       unit: *id001
#       value: !astropy.table.SerializedColumn {name: ra}
#       wrap_angle: !astropy.coordinates.Angle
#         unit: *id001
#         value: 360.0
#     radial_velocity:
#       __class__: astropy.units.quantity.Quantity
#       unit: !astropy.units.Unit {unit: km / s}
#       value: !astropy.table.SerializedColumn {name: radial_velocity}
# schema: astropy-2.0
ra,dec,distance,pm_ra_cosdec,pm_dec,radial_velocity
[from data line 1402]
169.31580640848784,-10.562931421816495,7.904965611383395,-0.33045949548098713,-9.749235534388202,145.153833304554
169.31958856746036,-10.572222878051278,7.90637783228563,-0.3303853226992557,-9.747444197879563,145.225830109582
169.32337062443233,-10.581514409443155,7.90779180278122,-0.33031129484000776,-9.745652618138003,145.2978346241438
169.32715257963852,-10.590806015944832,7.909207520705376,-0.33023741186937206,-9.743860795650356,145.36984683079336
169.33093443331376,-10.60009769750882,7.910624983893308,-0.33016367375345057,-9.742068730903473,145.441866712085
169.33471618569286,-10.609389454087854,7.91204419018022,-0.330090080458302,-9.740276424384216,145.5138942505725
169.3384978370106,-10.618681285634453,7.9134651374013245,-0.33001663194996733,-9.738483876579453,145.58592942881003
169.34227938750183,-10.627973192101377,7.914887823391829,-0.3299433281944455,-9.73669108797606,145.65797222935151
169.34606083740135,-10.63726517344118,7.9163122459869415,-0.3298701691577088,-9.734898059060924,145.73002263475124
169.34984218694393,-10.646557229606627,7.917738403021873,-0.32979715480569294,-9.733104790320935,145.80208062756296
169.35362343636444,-10.655849360550292,7.919166292331828,-0.32972428510430724,-9.731311282243006,145.87414619034095
169.35740458589774,-10.665141566224976,7.92059591175202,-0.32965156001942636,-9.72951753531404,145.94621930563915
169.3611856357786,-10.674433846583264,7.922027259117655,-0.32957897951688997,-9.727723550020965,146.01829995601167
169.3649665862419,-10.683726201577981,7.923460332263942,-0.32950654356251025,-9.725929326850702,146.09038812401255
169.36874743752244,-10.69301863116173,7.924895129026089,-0.3294342521220664,-9.724134866290205,146.16248379219573
169.3725281898551,-10.70231113528731,7.926331647239307,-0.3293621051613039,-9.722340168826408,146.2345869431155
169.37630884347476,-10.711603713907502,7.927769884738802,-0.329290102645934,-9.72054523494628,146.3066975593256
169.3800893986162,-10.720896366974957,7.929209839359786,-0.32921824454164256,-9.718750065136769,146.37881562338032
169.38386985551435,-10.730189094442547,7.930651508937462,-0.32914653081407486,-9.71695465988487,146.4509411178336
169.38765021440403,-10.739481896262932,7.932094891307044,-0.32907496142885123,-9.715159019677554,146.5230740252395
169.39143047552017,-10.748774772389005,7.93353998430374,-0.32900353635155216,-9.713363145001814,146.59521432815214
169.39521063909757,-10.758067722773452,7.934986785762757,-0.3289322555477336,-9.711567036344652,146.6673620091254
169.39899070537118,-10.76736074736919,7.936435293519303,-0.32886111898291415,-9.70977069419308,146.73951705071352
169.40277067457583,-10.776653846128921,7.937885505408591,-0.32879012662258,-9.707974119034109,146.8116794354705
169.40655054694645,-10.785947019005572,7.939337419265825,-0.32871927843218457,-9.706177311354777,146.88384914595022
169.4103303227179,-10.79524026595189,7.940791032926214,-0.3286485743771527,-9.704380271642107,146.95602616470697
169.41411000212517,-10.804533586920806,7.942246344224969,-0.328578014422871,-9.702583000383155,147.02821047429472
169.41788958540303,-10.813826981865086,7.9437033509973,-0.3285075985346984,-9.700785498064967,147.10040205726742
169.42166907278653,-10.823120450737692,7.945162051078411,-0.32843732667795655,-9.698987765174603,147.17260089617918
169.4254484645105,-10.8324139934914,7.946622442303514,-0.32836719881793847,-9.697189802199137,147.2448069735841
169.4292277608099,-10.841707610079203,7.948084522507815,-0.3282972149199015,-9.695391609625648,147.31702027203616
169.43300696191966,-10.851001300453893,7.949548289526526,-0.3282273749490703,-9.693593187941225,147.38924077408942
169.4367860680747,-10.860295064568481,7.9510137411948545,-0.32815767887063674,-9.691794537632964,147.461468462298
169.44056507950995,-10.869588902375778,7.952480875348009,-0.3280881266497638,-9.689995659187966,147.53370331921582
169.44434399646036,-10.878882813828772,7.953949689821196,-0.32801871825157436,-9.688196553093352,147.60594532739705
169.44812281916094,-10.888176798880453,7.955420182449631,-0.3279494536411661,-9.68639721983623,147.67819446939572
169.45190154784655,-10.897470857483661,7.956892351068513,-0.32788033278359474,-9.684597659903748,147.75045072776578
169.45568018275227,-10.90676498959146,7.958366193513056,-0.327811355643891,-9.682797873783036,147.82271408506134
169.45945872411295,-10.916059195156716,7.95984170761847,-0.3277425221870488,-9.680997861961238,147.89498452383654
169.46323717216364,-10.92535347413251,7.961318891219962,-0.32767383237802467,-9.679197624925528,147.96726202664524
169.46701552713927,-10.934647826471735,7.9627977421527385,-0.3276052861817533,-9.67739716316305,148.03954657604166
169.4707937892749,-10.943942252127494,7.964278258252011,-0.32753688356312466,-9.675596477160989,148.11183815457977
169.47457195880546,-10.953236751052678,7.9657604373529916,-0.32746862448700376,-9.673795567406518,148.18413674481363
169.47835003596597,-10.962531323200434,7.967244277290879,-0.32740050891821443,-9.671994434386848,148.25644232929733
169.48212802099144,-10.97182596852367,7.968729775900891,-0.3273325368215534,-9.670193078589156,148.32875489058483
169.48590591411687,-10.981120686975538,7.970216931018231,-0.3272647081617814,-9.668391500500656,148.40107441123018
169.48968371557729,-10.990415478508984,7.971705740478113,-0.32719702290362507,-9.666589700608572,148.47340087378757
169.4934614256077,-10.999710343077169,7.973196202115741,-0.3271294810117798,-9.66478767940012,148.54573426081083
169.49723904444315,-11.00900528063306,7.974688313766324,-0.32706208245090646,-9.662985437362536,148.61807455485422
169.5010165723187,-11.018300291129854,7.976182073265072,-0.32699482718563055,-9.661182974983065,148.69042173847168
169.50479400946932,-11.027595374520518,7.977677478447195,-0.32692771518054486,-9.659380292748951,148.7627757942173
169.50857135613015,-11.036890530758274,7.979174527147901,-0.3268607464002107,-9.657577391147452,148.83513670464512
169.51234861253616,-11.046185759796119,7.980673217202394,-0.3267939208091531,-9.655774270665846,148.90750445230915
169.5161257789225,-11.055481061587278,7.982173546445888,-0.3267272383718639,-9.653970931791392,148.97987901976344
169.51990285552415,-11.064776436084776,7.983675512713592,-0.32666069905280193,-9.652167375011388,149.0522603895621
169.52367984257623,-11.074071883241812,7.9851791138407116,-0.3265943028163885,-9.650363600813119,149.12464854425914
169.52745674031385,-11.083367403011584,7.9866843476624565,-0.32652804962701926,-9.648559609683884,149.19704346640856
169.53123354897204,-11.092662995347153,7.988191212014035,-0.3264619394490493,-9.646755402110994,149.26944513856446
169.53501026878592,-11.101958660201788,7.989699704730658,-0.3263959722467978,-9.644950978581766,149.341853543281
169.53878689999064,-11.111254397528569,7.991209823647533,-0.32633014798455706,-9.643146339583526,149.41426866311207
169.54256344282123,-11.120550207280788,7.992721566599867,-0.32626446662657854,-9.64134148560361,149.48669048061168
169.54633989751287,-11.12984608941154,7.994234931422871,-0.3261989281370864,-9.639536417129351,149.55911897833406
169.55011626430064,-11.139142043874143,7.995749915951753,-0.3261335324802624,-9.637731134648112,149.63155413883314
169.5538925434197,-11.148438070621708,7.997266518021721,-0.3260682796202629,-9.635925638647244,149.70399594466295
169.55766873510518,-11.157734169607572,7.998784735467982,-0.32600316952120306,-9.634119929614116,149.7764443783776
169.56144483959218,-11.16703034078487,8.000304566125749,-0.325938202147167,-9.632314008036104,149.84889942253113
169.56522085711592,-11.176326584106956,8.001826007830228,-0.3258733774622017,-9.630507874400596,149.92136105967757
169.56899678791152,-11.185622899526981,8.003349058416628,-0.32580869543032837,-9.628701529194968,149.99382927237096
169.57277263221417,-11.194919286998323,8.004873715720157,-0.32574415601552176,-9.626894972906637,150.0663040431654
169.57654839025903,-11.204215746474151,8.006399977576026,-0.3256797591817296,-9.625088206023007,150.13878535461487
169.58032406228128,-11.213512277907867,8.007927841819443,-0.3256155048928644,-9.623281229031486,150.21127318927347
169.58409964851612,-11.22280888125265,8.009457306285613,-0.3255513931128026,-9.621474042419512,150.28376752969524
169.58787514919874,-11.232105556461924,8.010988368809748,-0.3254874238053868,-9.619666646674506,150.3562683584342
169.5916505645643,-11.241402303488902,8.012521027227058,-0.32542359693442363,-9.617859042283923,150.4287756580444
169.59542589484806,-11.25069912228696,8.014055279372748,-0.32535991246368834,-9.616051229735197,150.50128941108
169.59920114028526,-11.25999601280948,8.01559112308203,-0.32529637035691844,-9.614243209515793,150.5738096000948
169.60297630111108,-11.269292975009721,8.01712855619011,-0.32523297057781947,-9.612434982113177,150.64633620764315
169.60675137756076,-11.278590008841128,8.0186675765322,-0.32516971309005677,-9.610626548014821,150.71886921627888
169.61052636986955,-11.28788711425697,8.020208181943508,-0.32510659785726786,-9.608817907708213,150.7914086085561
169.61430127827273,-11.297184291210723,8.021750370259236,-0.32504362484305277,-9.607009061680834,150.8639543670289
169.6180761030055,-11.30648153965567,8.0232941393146,-0.3249807940109729,-9.60520001042019,150.9365064742513
169.6218508443032,-11.315778859545313,8.024839486944808,-0.3249181053245618,-9.603390754413775,151.00906491277738
169.625625502401,-11.325076250832943,8.026386410985069,-0.32485555874731087,-9.601581294149117,151.08162966516107
169.62940007753426,-11.334373713472086,8.027934909270586,-0.32479315424268135,-9.599771630113736,151.15420071395658
169.63317456993826,-11.34367124741606,8.029484979636575,-0.32473089177409725,-9.597961762795162,151.2267780417178
169.63694897984826,-11.3529688526184,8.03103661991824,-0.324668771304949,-9.596151692680923,151.2993616309989
169.6407233074996,-11.362266529032443,8.03258982795079,-0.3246067927985899,-9.594341420258583,151.37195146435394
169.64449755312762,-11.371564276611752,8.034144601569437,-0.3245449562183401,-9.592530946015685,151.44454752433685
169.64827171696754,-11.380862095309668,8.035700938609388,-0.324483261527482,-9.590720270439794,151.51714979350174
169.6520457992548,-11.390159985079793,8.037258836905849,-0.32442170868926684,-9.588909394018485,151.5897582544028
169.6558198002247,-11.399457945875476,8.03881829429403,-0.32436029766690616,-9.587098317239333,151.6623728895938
169.65959372011255,-11.408755977650326,8.040379308609143,-0.3242990284235784,-9.58528704058992,151.73499368162894
169.66336755915376,-11.418054080357734,8.041941877686392,-0.3242379009224275,-9.583475564557853,151.80762061306228
169.66714131758368,-11.427352253951266,8.043505999360992,-0.3241769151265603,-9.581663889630722,151.88025366644789
169.67091499563767,-11.436650498384484,8.045071671468145,-0.3241160709990465,-9.579852016296144,151.95289282433978
169.67468859355108,-11.44594881361081,8.046638891843061,-0.32405536850292505,-9.578039945041745,152.02553806929194
169.67846211155938,-11.455247199583896,8.04820765832095,-0.3239948076011954,-9.576227676355137,152.0981893838585
169.68223554989788,-11.464545656257172,8.049777968737024,-0.32393438825682397,-9.57441521072396,152.1708467505935
169.68600890880208,-11.473844183584308,8.051349820926486,-0.3238741104327378,-9.57260254863586,152.24351015205096
169.6897821885073,-11.483142781518758,8.052923212724547,-0.32381397409183454,-9.570789690578486,152.31617957078493
169.69355538924904,-11.492441450014207,8.054498141966416,-0.32375397919696813,-9.568976637039498,152.38885498934954
169.6973285112627,-11.501740189024126,8.056074606487302,-0.3236941257109673,-9.567163388506552,152.46153639029873
169.70110155478372,-11.511038998502217,8.057652604122412,-0.3236344135966107,-9.565349945467336,152.53422375618655
169.70487452004758,-11.520337878401973,8.059232132706956,-0.3235748428166574,-9.56353630840952,152.60691706956712
169.7086474072897,-11.529636828677116,8.060813190076143,-0.323515413333815,-9.561722477820803,152.67961631299445
169.71242021674556,-11.538935849281163,8.06239577406518,-0.3234561251107669,-9.559908454188877,152.75232146902258
169.71619294865064,-11.548234940167843,8.06397988250928,-0.3233969781101544,-9.55809423800145,152.82503252020564
169.71996560324047,-11.557534101290694,8.065565513243644,-0.3233379722945854,-9.556279829746241,152.8977494490975
169.72373818075047,-11.566833332603464,8.067152664103489,-0.32327910762663103,-9.554465229910956,152.97047223825237
169.72751068141622,-11.576132634059716,8.068741332924018,-0.3232203840688279,-9.552650438983331,153.0432008702243
169.73128310547318,-11.585432005613207,8.070331517540442,-0.3231618015836702,-9.550835457451115,153.1159353275672
169.7350554531569,-11.594731447217516,8.071923215787969,-0.32310336013362617,-9.549020285802031,153.18867559283524
169.73882772470293,-11.604030958826442,8.073516425501806,-0.32304505968111785,-9.547204924523848,153.2614216485824
169.74259992034678,-11.613330540393557,8.075111144517166,-0.32298690018853937,-9.545389374104316,153.33417347736287
169.74637204032402,-11.622630191872627,8.076707370669256,-0.32292888161824085,-9.543573635031207,153.40693106173052
169.75014408487021,-11.631929913217416,8.078305101793282,-0.3228710039325428,-9.541757707792295,153.47969438423945
169.75391605422095,-11.641229704381535,8.079904335724455,-0.32281326709372543,-9.539941592875367,153.55246342744377
169.75768794861176,-11.650529565318832,8.081505070297984,-0.3227556710640347,-9.538125290768207,153.62523817389746
169.76145976827829,-11.65982949598293,8.083107303349076,-0.3226982158056773,-9.536308801958622,153.69801860615462
169.76523151345611,-11.669129496327686,8.08471103271294,-0.3226409012808256,-9.534492126934412,153.77080470676927
169.76900318438086,-11.67842956630675,8.08631625622479,-0.3225837274516163,-9.532675266183388,153.84359645829545
169.77277478128815,-11.687729705874004,8.087922971719827,-0.3225266942801485,-9.530858220193384,153.91639384328724
169.77654630441356,-11.697029914983101,8.08953117703326,-0.32246980172848383,-9.529040989452216,153.98919684429865
169.78031775399282,-11.706330193587952,8.091140870000308,-0.32241304975864565,-9.527223574447726,154.06200544388378
169.78408913026155,-11.715630541642234,8.092752048456163,-0.32235643833262745,-9.525405975667766,154.13481962459667
169.78786043345536,-11.72493095909985,8.094364710236048,-0.3222999674123772,-9.523588193600178,154.2076393689912
169.79163166380994,-11.734231445914519,8.095978853175167,-0.32224363695981373,-9.521770228732823,154.28046465962174
169.79540282156105,-11.743532002040157,8.097594475108727,-0.3221874469368126,-9.519952081553573,154.35329547904212
169.79917390694425,-11.752832627430491,8.099211573871937,-0.3221313973052176,-9.518133752550296,154.42613180980632
169.8029449201954,-11.762133322039473,8.100830147300009,-0.32207548802683456,-9.516315242210881,154.49897363446865
169.80671586155006,-11.77143408582083,8.102450193228146,-0.3220197190634294,-9.514496551023226,154.57182093558293
169.81048673124403,-11.780734918728534,8.104071709491562,-0.32196409037673285,-9.512677679475207,154.64467369570323
169.81425752951304,-11.790035820716346,8.105694693925463,-0.3219086019284412,-9.510858628054748,154.71753189738382
169.8180282565928,-11.799336791738183,8.107319144365059,-0.3218532536802088,-9.509039397249758,154.7903955231784
169.82179891271912,-11.808637831747996,8.108945058645556,-0.32179804559365777,-9.50721998754815,154.8632645556414
169.82556949812772,-11.817938940699554,8.110572434602167,-0.32174297763037013,-9.505400399437859,154.93613897732658
169.8293400130544,-11.827240118546872,8.112201270070099,-0.3216880497518905,-9.503580633406814,155.00901877078803
169.83311045773493,-11.836541365243757,8.113831562884556,-0.321633261919729,-9.501760689942968,155.0819039185799
169.83688083240511,-11.845842680744225,8.115463310880754,-0.32157861409535504,-9.499940569534258,155.15479440325618
