galstreams/tracks/track.st.NGC3201-Gjoll.palau2021.ecsv
# %ECSV 1.0
# ---
# datatype:
# - {name: ra, unit: deg, datatype: float64}
# - {name: dec, unit: deg, datatype: float64}
# - {name: distance, unit: kpc, datatype: float64}
# - {name: pm_ra_cosdec, unit: mas / yr, datatype: float64}
# - {name: pm_dec, unit: mas / yr, datatype: float64}
# - {name: radial_velocity, unit: km / s, datatype: float64}
# delimiter: ','
# meta: !!omap
# - __serialized_columns__:
#     dec:
#       __class__: astropy.coordinates.angles.Latitude
#       unit: &id001 !astropy.units.Unit {unit: deg}
#       value: !astropy.table.SerializedColumn {name: dec}
#     distance:
#       __class__: astropy.coordinates.distances.Distance
#       unit: !astropy.units.Unit {unit: kpc}
#       value: !astropy.table.SerializedColumn {name: distance}
#     pm_dec:
#       __class__: astropy.units.quantity.Quantity
#       unit: !astropy.units.Unit {unit: mas / yr}
#       value: !astropy.table.SerializedColumn {name: pm_dec}
#     pm_ra_cosdec:
#       __class__: astropy.units.quantity.Quantity
#       unit: !astropy.units.Unit {unit: mas / yr}
#       value: !astropy.table.SerializedColumn {name: pm_ra_cosdec}
#     ra:
#       __class__: astropy.coordinates.angles.Longitude
#       unit: *id001
#       value: !astropy.table.SerializedColumn {name: ra}
#       wrap_angle: !astropy.coordinates.Angle
#         unit: *id001
#         value: 360.0
#     radial_velocity:
#       __class__: astropy.units.quantity.Quantity
#       unit: !astropy.units.Unit {unit: km / s}
#       value: !astropy.table.SerializedColumn {name: radial_velocity}
# schema: astropy-2.0
ra,dec,distance,pm_ra_cosdec,pm_dec,radial_velocity
[from data line 6254]
90.51857099992532,-20.438885808756943,4.395362783027525,23.75194534853534,-22.395887333443874,-1.347322740779574e-13
90.52691131970799,-20.44515228522839,4.396082785925602,23.75171757257983,-22.39375733695202,6.73661370389787e-14
90.53525245699517,-20.451418200266765,4.396802579515057,23.75148842098474,-22.391625500144094,1.0104920555846805e-13
90.54359441200145,-20.45768355370478,4.39752216342966,23.751257893957064,-22.389491823736424,-3.368306851948935e-14
90.55193718494156,-20.46394834537538,4.3982415373034405,23.751025991704115,-22.387356308445753,-1.0104920555846805e-13
90.5602807760299,-20.470212575111468,4.398960700770633,23.75079271443341,-22.385218954989284,1.0104920555846805e-13
90.56862518548085,-20.476476242746138,4.3996796534657925,23.750558062352734,-22.383079764084627,6.73661370389787e-14
90.57697041350868,-20.48273934811258,4.400398395023646,23.750322035670102,-22.38093873644983,-3.368306851948935e-14
90.58531646032742,-20.489001891043973,4.401116925079224,23.750084634593836,-22.378795872803433,6.73661370389787e-14
90.59366332615114,-20.495263871373727,4.401835243267763,23.74984585933247,-22.376651173864317,1.0104920555846805e-13
90.60201101119362,-20.501525288935213,4.4025533492247835,23.74960571009481,-22.374504640351905,3.368306851948935e-14
90.6103595156686,-20.507786143562004,4.403271242586027,23.74936418708991,-22.37235627298594,3.368306851948935e-14
90.61870883978979,-20.51404643508775,4.403988922987486,23.749121290527057,-22.370206072486674,3.368306851948935e-14
90.62705898377052,-20.52030616334612,4.404706390065413,23.74887702061581,-22.368054039574776,6.73661370389787e-14
90.63540994782427,-20.52656532817098,4.405423643456319,23.74863137756602,-22.36590017497133,-1.6841534259744677e-13
90.6437617321642,-20.53282392939618,4.406140682796922,23.748384361587718,-22.36374447939789,0.0
90.65211433700345,-20.539081966855807,4.406857507724224,23.74813597289124,-22.3615869535764,-6.73661370389787e-14
90.66046776255497,-20.54533944038387,4.407574117875467,23.74788621168715,-22.359427598229253,-3.368306851948935e-14
90.66882200903164,-20.551596349814606,4.408290512888135,23.747635078186264,-22.357266414079284,3.368306851948935e-14
90.67717707664622,-20.55785269498234,4.409006692399972,23.74738257259968,-22.355103401849725,0.0
90.68553296561123,-20.564108475721394,4.409722656048962,23.747128695138706,-22.352938562264292,-6.73661370389787e-14
90.69388967613926,-20.570363691866305,4.41043840347334,23.74687344601494,-22.35077189604707,3.368306851948935e-14
90.70224720844257,-20.576618343251585,4.411153934311601,23.7466168254402,-22.348603403922596,-3.368306851948935e-14
90.71060556273349,-20.58287242971197,4.41186924820247,23.746358833626598,-22.346433086615875,6.73661370389787e-14
90.718964739224,-20.589125951082146,4.412584344784948,23.746099470786422,-22.344260944852266,1.0104920555846805e-13
90.72732473812614,-20.595378907197016,4.413299223698245,23.7458387371323,-22.342086979357624,3.368306851948935e-14
90.7356855596518,-20.601631297891565,4.414013884581867,23.745576632877043,-22.339911190858178,-6.73661370389787e-14
90.74404720401265,-20.607883123000782,4.414728327075549,23.745313158233774,-22.337733580080627,3.368306851948935e-14
90.75240967142035,-20.61413438235988,4.415442550819266,23.745048313415804,-22.335554147752056,6.73661370389787e-14
90.76077296208628,-20.620385075804016,4.416156555453251,23.744782098636747,-22.333372894600036,0.0
90.76913707622191,-20.626635203168597,4.4168703406180185,23.74451451411043,-22.331189821352478,-6.73661370389787e-14
90.77750201403836,-20.632884764289013,4.417583905954278,23.74424556005094,-22.329004928737778,6.73661370389787e-14
90.78586777574677,-20.639133759000785,4.418297251103033,23.743975236672632,-22.326818217484767,6.73661370389787e-14
90.79423436155814,-20.6453821871396,4.41901037570551,23.7437035441901,-22.324629688322652,6.73661370389787e-14
90.80260177168324,-20.65163004854108,4.419723279403222,23.74343048281819,-22.322439341981084,-3.368306851948935e-14
90.81097000633291,-20.657877343041132,4.420435961837893,23.743156052771994,-22.32024717919015,-3.368306851948935e-14
90.81933906571761,-20.66412407047558,4.421148422651519,23.74288025426683,-22.31805320068034,-6.73661370389787e-14
90.82770895004792,-20.6703702306805,4.421860661486345,23.74260308751833,-22.31585740718258,-1.347322740779574e-13
90.8360796595341,-20.676615823491947,4.422572677984893,23.74232455274231,-22.313659799428226,0.0
90.8444511943864,-20.682860848746117,4.423284471789875,23.742044650154874,-22.31146037814903,6.73661370389787e-14
90.85282355481495,-20.68910530627934,4.42399604254433,23.74176337997234,-22.309259144077156,-3.368306851948935e-14
90.8611967410296,-20.69534919592797,4.424707389891472,23.74148074241132,-22.307056097945257,3.368306851948935e-14
90.86957075324034,-20.70159251752852,4.425418513474845,23.74119673768865,-22.304851240486315,1.0104920555846805e-13
90.87794559165671,-20.707835270917528,4.426129412938185,23.740911366021393,-22.302644572433792,-1.0104920555846805e-13
90.88632125648846,-20.714077455931733,4.426840087925517,23.740624627626904,-22.30043609452155,6.73661370389787e-14
90.8946977479449,-20.72031907240783,4.427550538081103,23.74033652272278,-22.298225807483895,3.368306851948935e-14
90.90307506623543,-20.726560120182736,4.428260763049448,23.740047051526805,-22.29601371205549,-3.368306851948935e-14
90.91145321156931,-20.732800599093448,4.428970762475341,23.739756214257117,-22.29379980897148,1.0104920555846805e-13
90.91983218415551,-20.73904050897695,4.429680536003801,23.73946401113199,-22.291584098967377,6.73661370389787e-14
90.92821198420306,-20.745279849670467,4.430390083280103,23.739170442370025,-22.289366582779138,-6.73661370389787e-14
90.93659261192072,-20.751518621011197,4.431099403949783,23.738875508190034,-22.287147261143154,-3.368306851948935e-14
90.94497406751726,-20.757756822836555,4.431808497658616,23.73857920881111,-22.284926134796187,-1.0104920555846805e-13
90.95335635120117,-20.76399445498393,4.432517364052659,23.738281544452523,-22.282703204475443,-6.73661370389787e-14
90.96173946318093,-20.770231517290892,4.433226002778186,23.737982515333886,-22.280478470918535,1.347322740779574e-13
90.9701234036649,-20.7764680095951,4.433934413481757,23.737682121674993,-22.27825193486351,3.368306851948935e-14
90.9785081728612,-20.78270393173425,4.4346425958101685,23.73738036369588,-22.276023597048777,-3.368306851948935e-14
90.98689377097794,-20.78893928354624,4.435350549410489,23.73707724161688,-22.273793458213216,1.0104920555846805e-13
90.995280198223,-20.795174064868924,4.4360582739300085,23.736772755658524,-22.271561519096096,6.73661370389787e-14
91.00366745480427,-20.8014082755404,4.436765769016319,23.7364669060416,-22.269327780437063,6.73661370389787e-14
91.01205554092934,-20.80764191539872,4.43747303431722,23.736159692987158,-22.26709224297626,0.0
91.0204444568058,-20.81387498428216,4.438180069480791,23.735851116716496,-22.264854907454172,0.0
91.02883420264114,-20.82010748202906,4.438886874155374,23.73554117745115,-22.26261577461172,-3.368306851948935e-14
91.03722477864255,-20.826339408477775,4.439593447989552,23.735229875412866,-22.26037484519023,3.368306851948935e-14
91.04561618501731,-20.832570763466876,4.440299790632164,23.734917210823724,-22.25813211993144,3.368306851948935e-14
91.05400842197236,-20.838801546834922,4.441005901732314,23.73460318390594,-22.2558875995775,1.0104920555846805e-13
91.06240148971469,-20.845031758420674,4.441711780939341,23.734287794882054,-22.253641284870945,0.0
91.07079538845105,-20.851261398062885,4.44241742790288,23.73397104397482,-22.25139317655478,0.0
91.0791901183881,-20.85749046560048,4.443122842272766,23.733652931407242,-22.249143275372347,1.347322740779574e-13
91.08758567973243,-20.8637189608725,4.443828023699154,23.733333457402566,-22.246891582067448,-1.0104920555846805e-13
91.09598207269036,-20.869946883717972,4.444532971832389,23.73301262218431,-22.244638097384286,0.0
91.10437929746828,-20.876174233976165,4.445237686323137,23.732690425976177,-22.242382822067416,3.368306851948935e-14
91.11277735427223,-20.882401011486287,4.445942166822274,23.732366869002178,-22.240125756861882,-6.73661370389787e-14
91.12117624330831,-20.888627216087826,4.446646412980953,23.732041951486515,-22.237866902513073,0.0
91.12957596478233,-20.894852847620182,4.447350424450579,23.731715673653664,-22.235606259766833,-1.0104920555846805e-13
91.13797651890013,-20.901077905922996,4.448054200882817,23.731388035728347,-22.233343829369357,3.368306851948935e-14
91.14637790586738,-20.90730239083596,4.448757741929588,23.731059037935523,-22.231079612067262,3.368306851948935e-14
91.1547801258895,-20.913526302198797,4.449461047243063,23.73072868050036,-22.228813608607595,-6.73661370389787e-14
91.16318317917197,-20.91974963985146,4.450164116475688,23.730396963648364,-22.226545819737797,6.73661370389787e-14
91.17158706591992,-20.925972403633867,4.450866949280148,23.730063887605155,-22.224276246205722,6.73661370389787e-14
91.17999178633858,-20.932194593386104,4.451569545309405,23.729729452596697,-22.22200488875958,-6.73661370389787e-14
91.18839734063295,-20.938416208948414,4.452271904216655,23.72939365884916,-22.21973174814802,-6.73661370389787e-14
91.19680372900784,-20.944637250160973,4.45297402565536,23.729056506588943,-22.21745682512009,-6.73661370389787e-14
91.20521095166805,-20.95085771686424,4.45367590927927,23.72871799604271,-22.215180120425234,-3.368306851948935e-14
91.21361900881814,-20.9570776088986,4.454377554742346,23.728378127437377,-22.21290163481332,-6.73661370389787e-14
91.22202790066262,-20.96329692610466,4.455078961698848,23.72803690100006,-22.210621369034584,-3.368306851948935e-14
91.2304376274059,-20.969515668323123,4.455780129803267,23.727694316958175,-22.20833932383968,3.368306851948935e-14
91.23884818925212,-20.975733835394692,4.456481058710366,23.727350375539306,-22.20605549997966,1.0104920555846805e-13
91.24725958640549,-20.981951427160283,4.457181748075164,23.727005076971352,-22.20376989820595,1.347322740779574e-13
91.25567181906985,-20.98816844346079,4.457882197552947,23.726658421482387,-22.20148251927043,-3.368306851948935e-14
91.26408488744916,-20.994384884137357,4.458582406799236,23.726310409300787,-22.199193363925318,0.0
91.27249879174704,-21.000600749031065,4.459282375469837,23.725961040655136,-22.19690243292329,3.368306851948935e-14
91.28091353216712,-21.006816037983203,4.459982103220813,23.725610315774247,-22.19460972701737,-6.73661370389787e-14
91.28932910891292,-21.013030750835167,4.460681589708471,23.72525823488724,-22.192315246961,6.73661370389787e-14
91.29774552218767,-21.019244887428336,4.461380834589402,23.72490479822338,-22.190018993508012,-3.368306851948935e-14
91.30616277219464,-21.02545844760435,4.462079837520425,23.724550006012233,-22.187720967412627,-3.368306851948935e-14
91.31458085913684,-21.031671431204774,4.462778598158651,23.72419385848359,-22.1854211694295,6.73661370389787e-14
91.3229997832173,-21.037883838071433,4.463477116161428,23.72383635586748,-22.18311960031361,0.0
91.33141954463872,-21.044095668046097,4.464175391186381,23.72347749839418,-22.180816260820414,-3.368306851948935e-14
91.33984014360387,-21.05030692097079,4.464873422891377,23.723117286294226,-22.178511151705727,0.0
91.34826158031531,-21.056517596687563,4.465571210934561,23.72275571979835,-22.176204273725727,3.368306851948935e-14
91.35668385497539,-21.0627276950385,4.466268754974344,23.72239279913752,-22.17389562763702,3.368306851948935e-14
91.36510696778652,-21.068937215865922,4.466966054669357,23.722028524543013,-22.171585214196597,-6.73661370389787e-14
91.37353091895076,-21.07514615901212,4.467663109678554,23.721662896246265,-22.169273034161865,1.0104920555846805e-13
91.38195570867023,-21.08135452431958,4.46835991966111,23.721295914479008,-22.166959088290568,0.0
91.39038133714678,-21.08756231163081,4.4690564842764635,23.720927579473162,-22.164643377340887,3.368306851948935e-14
91.39880780458222,-21.09376952078846,4.469752803184318,23.72055789146095,-22.162325902071384,0.0
91.40723511117824,-21.099976151635325,4.470448876044643,23.72018685067479,-22.160006663241003,3.368306851948935e-14
91.41566325713626,-21.10618220401417,4.471144702517676,23.719814457347287,-22.15768566160907,-6.73661370389787e-14
91.4240922426578,-21.112387677768037,4.4718402822639085,23.719440711711442,-22.155362897935344,6.73661370389787e-14
91.432522067944,-21.118592572739864,4.472535614944087,23.719065614000325,-22.15303837297993,-3.368306851948935e-14
91.44095273319613,-21.124796888772895,4.473230700219227,23.718689164447348,-22.150712087503326,3.368306851948935e-14
91.44938423861507,-21.13100062571028,4.473925537750621,23.71831136328609,-22.148384042266432,6.73661370389787e-14
91.45781658440173,-21.13720378339542,4.4746201271997945,23.71793221075043,-22.146054238030537,6.73661370389787e-14
91.46624977075693,-21.143406361671758,4.475314468228561,23.71755170707446,-22.14372267555729,3.368306851948935e-14
91.47468379788117,-21.149608360382807,4.476008560498988,23.717169852492493,-22.141389355608776,0.0
91.48311866597506,-21.15580977937225,4.4767024036733964,23.716786647239108,-22.139054278947413,-6.73661370389787e-14
91.49155437523882,-21.16201061848378,4.477395997414388,23.716402091549103,-22.13671744633606,0.0
91.49999092587281,-21.168210877561297,4.478089341384818,23.716016185657505,-22.134378858537897,0.0
91.508428318077,-21.174410556448684,4.478782435247808,23.715628929799607,-22.13203851631656,-6.73661370389787e-14
91.51686655205144,-21.180609654990008,4.479475278666722,23.715240324210917,-22.129696420436005,0.0
91.52530562799599,-21.186808173029476,4.480167871305242,23.71485036912718,-22.12735257166062,1.0104920555846805e-13
91.53374554611027,-21.193006110411226,4.480860212827249,23.714459064784364,-22.125006970755134,0.0
91.54218630659395,-21.199203466979686,4.481552302896926,23.714066411418713,-22.122659618484704,6.73661370389787e-14
91.55062790964638,-21.205400242579234,4.4822441411787235,23.713672409266668,-22.120310515614847,1.0104920555846805e-13
91.55907035546696,-21.211596437054492,4.482935727337334,23.71327705856493,-22.117959662911442,0.0
91.56751364425482,-21.217792050250033,4.483627061037722,23.7128803595504,-22.11560706114079,3.368306851948935e-14
91.57595777620902,-21.223987082010613,4.484318141945133,23.71248231246028,-22.113252711069567,-6.73661370389787e-14
91.58440275152857,-21.23018153218116,4.485008969725043,23.712082917531923,-22.110896613464764,0.0
91.59284857041216,-21.23637540060653,4.485699544043232,23.71168217500301,-22.108538769093872,-6.73661370389787e-14
91.60129523305854,-21.242568687131833,4.4863898645657185,23.711280085111365,-22.106179178724645,-1.347322740779574e-13
91.60974273966616,-21.24876139160217,4.487079930958786,23.71087664809512,-22.10381784312532,3.368306851948935e-14
91.61819109043353,-21.254953513862837,4.487769742889016,23.71047186419258,-22.101454763064382,1.0104920555846805e-13
91.62664028555879,-21.26114505375913,4.488459300023213,23.710065733642363,-22.099089939310865,3.368306851948935e-14
91.63509032524017,-21.26733601113654,4.489148602028459,23.709658256683195,-22.096723372633992,-1.0104920555846805e-13
91.64354120967573,-21.273526385840654,4.489837648572126,23.709249433554202,-22.094355063803537,-3.368306851948935e-14
91.65199293906325,-21.279716177717052,4.4905264393218065,23.70883926449461,-22.09198501358955,6.73661370389787e-14
91.66044551360054,-21.28590538661152,4.491214973945411,23.708427749743926,-22.08961322276247,1.0104920555846805e-13
91.66889893348525,-21.292094012369958,4.491903252111075,23.708014889541875,-22.087239692093117,0.0
91.67735319891483,-21.298282054838303,4.492591273487223,23.70760068412846,-22.084864422352705,0.0
91.6858083100866,-21.304469513862553,4.493279037742535,23.707185133743895,-22.08248741431284,6.73661370389787e-14
91.69426426719782,-21.31065638928893,4.4939665445459696,23.70676823862859,-22.08010866874544,-3.368306851948935e-14
