galstreams/tracks/track.st.NGC3201-Gjoll.palau2021.ecsv
# %ECSV 1.0
# ---
# datatype:
# - {name: ra, unit: deg, datatype: float64}
# - {name: dec, unit: deg, datatype: float64}
# - {name: distance, unit: kpc, datatype: float64}
# - {name: pm_ra_cosdec, unit: mas / yr, datatype: float64}
# - {name: pm_dec, unit: mas / yr, datatype: float64}
# - {name: radial_velocity, unit: km / s, datatype: float64}
# delimiter: ','
# meta: !!omap
# - __serialized_columns__:
#     dec:
#       __class__: astropy.coordinates.angles.Latitude
#       unit: &id001 !astropy.units.Unit {unit: deg}
#       value: !astropy.table.SerializedColumn {name: dec}
#     distance:
#       __class__: astropy.coordinates.distances.Distance
#       unit: !astropy.units.Unit {unit: kpc}
#       value: !astropy.table.SerializedColumn {name: distance}
#     pm_dec:
#       __class__: astropy.units.quantity.Quantity
#       unit: !astropy.units.Unit {unit: mas / yr}
#       value: !astropy.table.SerializedColumn {name: pm_dec}
#     pm_ra_cosdec:
#       __class__: astropy.units.quantity.Quantity
#       unit: !astropy.units.Unit {unit: mas / yr}
#       value: !astropy.table.SerializedColumn {name: pm_ra_cosdec}
#     ra:
#       __class__: astropy.coordinates.angles.Longitude
#       unit: *id001
#       value: !astropy.table.SerializedColumn {name: ra}
#       wrap_angle: !astropy.coordinates.Angle
#         unit: *id001
#         value: 360.0
#     radial_velocity:
#       __class__: astropy.units.quantity.Quantity
#       unit: !astropy.units.Unit {unit: km / s}
#       value: !astropy.table.SerializedColumn {name: radial_velocity}
# schema: astropy-2.0
ra,dec,distance,pm_ra_cosdec,pm_dec,radial_velocity
[from data line 10325]
132.29672313216457,-40.799463925031425,4.820368784977005,14.9200792945871,-7.310580701352382,6.73661370389787e-14
132.30900414218718,-40.803373338240704,4.820372509562536,14.916627981030402,-7.306886736400585,-1.6841534259744676e-14
132.32128625676825,-40.807282326065234,4.820376594453264,14.91317605210298,-7.303193149719418,3.368306851948935e-14
132.33356947614988,-40.81119088841416,4.820381039820318,14.909723507539368,-7.299499941459025,1.6841534259744676e-14
132.34585380057473,-40.8150990251962,4.8203858458343465,14.906270347074116,-7.295807111769825,1.6841534259744676e-14
132.35813923028527,-40.81900673631952,4.820391012665522,14.902816570441608,-7.2921146608025875,1.1789073981821273e-13
132.37042576552437,-40.82291402169187,4.820396540483525,14.899362177376261,-7.288422588708416,-8.420767129872338e-14
132.3827134065352,-40.82682088122051,4.820402429457557,14.895907167612425,-7.284730895638704,1.6841534259744676e-14
132.3950021535608,-40.83072731481217,4.820408679756334,14.89245154088433,-7.281039581745226,6.73661370389787e-14
132.40729200684459,-40.834633322373165,4.8204152915480885,14.888995296926222,-7.277348647180047,0.0
132.4195829666301,-40.83853890380926,4.820422265000562,14.885538435472277,-7.273658092095604,-6.73661370389787e-14
132.43187503316116,-40.84244405902581,4.820429600281017,14.882080956256612,-7.2699679166446085,3.368306851948935e-14
132.44416820668155,-40.8463487879276,4.8204372975562215,14.878622859013277,-7.266278120980175,-5.0524602779234026e-14
132.45646248743552,-40.850253090419024,4.820445356992465,14.875164143476294,-7.262588705255684,1.347322740779574e-13
132.4687578756673,-40.85415696640393,4.820453778755538,14.871704809379668,-7.2588996696249,1.6841534259744676e-14
132.48105437162133,-40.858060415785665,4.820462563010753,14.868244856457263,-7.255211014241899,5.0524602779234026e-14
132.4933519755423,-40.861963438467185,4.820471709922925,14.864784284442994,-7.251522739261091,8.420767129872338e-14
132.505650687675,-40.865866034350844,4.820481219656387,14.861323093070663,-7.24783484483725,1.6841534259744676e-14
132.5179505082645,-40.8697682033386,4.820491092374972,14.857861282074065,-7.244147331125447,-3.368306851948935e-14
132.5302514375559,-40.873669945331834,4.820501328242033,14.854398851186914,-7.240460198281129,-5.0524602779234026e-14
132.54255347579462,-40.87757126023155,4.820511927420423,14.85093580014292,-7.236773446460058,1.1789073981821273e-13
132.55485662322624,-40.88147214793817,4.820522890072505,14.847472128675738,-7.233087075818338,5.0524602779234026e-14
132.5671608800964,-40.88537260835166,4.820534216360151,14.844007836518946,-7.229401086512439,5.0524602779234026e-14
132.5794662466511,-40.88927264137153,4.820545906444738,14.840542923406131,-7.225715478699129,6.73661370389787e-14
132.59177272313627,-40.89317224689671,4.820557960487152,14.837077389070808,-7.222030252535576,-1.0104920555846805e-13
132.6040803097984,-40.89707142482577,4.8205703786477825,14.833611233246453,-7.218345408179214,-5.0524602779234026e-14
132.61638900688376,-40.90097017505665,4.820583161086522,14.830144455666517,-7.214660945787907,1.6841534259744676e-14
132.62869881463897,-40.90486849748691,4.820596307962769,14.826677056064412,-7.210976865519809,5.0524602779234026e-14
132.64100973331097,-40.90876639201355,4.820609819435428,14.823209034173502,-7.207293167533413,1.347322740779574e-13
132.65332176314652,-40.912663858533094,4.820623695662903,14.819740389727112,-7.203609851987608,1.6841534259744676e-14
132.665634904393,-40.916560896941604,4.8206379368031005,14.816271122458552,-7.199926919041575,5.0524602779234026e-14
132.67794915729755,-40.9204575071346,4.820652543013436,14.812801232101076,-7.196244368854892,5.0524602779234026e-14
132.69026452210778,-40.924353689007155,4.8206675144508155,14.809330718387933,-7.1925622015874495,3.368306851948935e-14
132.7025809990713,-40.9282494424538,4.820682851271654,14.805859581052289,-7.188880417399508,5.0524602779234026e-14
132.71489858843597,-40.932144767368584,4.820698553631866,14.802387819827324,-7.1851990164516675,-3.368306851948935e-14
132.72721729044994,-40.9360396636451,4.820714621686862,14.798915434446167,-7.181517998904872,-8.420767129872338e-14
132.73953710536128,-40.93993413117639,4.82073105559155,14.795442424641926,-7.1778373649204426,1.6841534259744676e-14
132.75185803341842,-40.94382816985503,4.820747855500349,14.791968790147669,-7.174157114660039,8.420767129872338e-14
132.76418007486998,-40.947721779573115,4.820765021567157,14.78849453069645,-7.1704772482856605,1.6841534259744676e-14
132.77650322996465,-40.95161496022218,4.820782553945383,14.78501964602128,-7.166797765959681,-6.73661370389787e-14
132.78882749895124,-40.9555077116933,4.82080045278793,14.78154413585515,-7.16311866784484,-5.0524602779234026e-14
132.80115288207895,-40.959400033877074,4.820818718247195,14.778067999931018,-7.159439954104198,-3.368306851948935e-14
132.81347937959706,-40.96329192666359,4.82083735047507,14.774591237981836,-7.155761624901183,1.6841534259744676e-14
132.8258069917549,-40.96718338994237,4.820856349622946,14.771113849740509,-7.152083680399613,-1.6841534259744676e-14
132.83813571880208,-40.97107442360254,4.820875715841703,14.767635834939947,-7.148406120763627,5.0524602779234026e-14
132.8504655609885,-40.97496502753265,4.8208954492817195,14.764157193313002,-7.1447289461577235,1.6841534259744676e-14
132.86279651856404,-40.97885520162079,4.820915550092862,14.760677924592539,-7.1410521567467855,3.368306851948935e-14
132.87512859177875,-40.98274494575448,4.820936018424495,14.757198028511375,-7.1373757526960535,3.368306851948935e-14
132.88746178088294,-40.98663425982083,4.820956854425472,14.75371750480232,-7.133699734171114,0.0
132.89979608612728,-40.99052314370641,4.82097805824414,14.750236353198169,-7.130024101337899,3.368306851948935e-14
132.91213150776213,-40.99441159729724,4.820999630028333,14.746754573431696,-7.12634885436276,6.73661370389787e-14
132.9244680460384,-40.99829962047889,4.821021569925378,14.743272165235645,-7.122673993412372,-5.0524602779234026e-14
132.93680570120725,-41.00218721313643,4.821043878082093,14.739789128342762,-7.118999518653752,1.6841534259744676e-14
132.94914447351962,-41.00607437515438,4.821066554644779,14.736305462485788,-7.115325430254341,5.0524602779234026e-14
132.96148436322687,-41.00996110641676,4.821089599759232,14.732821167397411,-7.111651728381924,-5.0524602779234026e-14
132.9738253705805,-41.01384740680712,4.8211130135707325,14.729336242810334,-7.107978413204636,-3.368306851948935e-14
132.98616749583232,-41.01773327620851,4.8211367962240494,14.725850688457253,-7.104305484890972,3.368306851948935e-14
132.99851073923395,-41.02161871450339,4.821160947863438,14.722364504070821,-7.100632943609849,0.0
133.01085510103752,-41.0255037215738,4.821185468632641,14.718877689383715,-7.0969607895304945,3.368306851948935e-14
133.02320058149522,-41.029388297301246,4.821210358674882,14.715390244128589,-7.093289022822532,-5.0524602779234026e-14
133.0355471808593,-41.03327244156668,4.821235618132874,14.71190216803807,-7.089617643655966,3.368306851948935e-14
133.04789489938244,-41.03715615425061,4.821261247148813,14.708413460844817,-7.085946652201143,-1.6841534259744676e-14
133.06024373731714,-41.04103943523299,4.821287245864377,14.704924122281444,-7.082276048628822,1.0104920555846805e-13
133.07259369491638,-41.04492228439329,4.8213136144207285,14.701434152080584,-7.0786058331101,0.0
133.08494477243306,-41.048804701610415,4.821340352958514,14.697943549974848,-7.074936005816477,-3.368306851948935e-14
133.09729697012045,-41.052686686762826,4.821367461617857,14.694452315696843,-7.0712665669198,-6.73661370389787e-14
133.109650288232,-41.05656823972847,4.8213949405383705,14.690960448979205,-7.0675975165922935,-5.0524602779234026e-14
133.12200472702105,-41.0604493603847,4.82142278985914,14.68746794955452,-7.063928855006597,8.420767129872338e-14
133.13436028674138,-41.064330048608454,4.821451009718734,14.683974817155395,-7.06026058233568,-5.0524602779234026e-14
133.14671696764682,-41.06821030427607,4.821479600255202,14.68048105151444,-7.056592698752924,-3.368306851948935e-14
133.1590747699915,-41.07209012726344,4.821508561606072,14.676986652364267,-7.052925204432057,1.6841534259744676e-14
133.17143369402942,-41.075969517445884,4.8215378939083475,14.673491619437478,-7.049258099547229,1.1789073981821273e-13
133.18379374001506,-41.079848474698245,4.821567597298512,14.669995952466676,-7.04559138427294,8.420767129872338e-14
133.19615490820294,-41.08372699889487,4.821597671912527,14.666499651184491,-7.0419250587840665,0.0
133.20851719884772,-41.0876050899095,4.821628117885827,14.663002715323532,-7.038259123255899,3.368306851948935e-14
133.22088061220433,-41.091482747615466,4.8216589353533275,14.659505144616427,-7.034593577864065,1.1789073981821273e-13
133.2332451485276,-41.095359971885486,4.821690124449414,14.656006938795784,-7.030928422784632,0.0
133.2456108080729,-41.09923676259183,4.821721685307949,14.652508097594271,-7.027263658193997,3.368306851948935e-14
133.2579775910955,-41.10311311960622,4.821753618062272,14.649008620744496,-7.023599284268984,1.0104920555846805e-13
133.27034549785088,-41.10698904279984,4.821785922845191,14.645508507979132,-7.019935301186784,5.0524602779234026e-14
133.2827145285948,-41.1108645320434,4.82181859978899,14.642007759030836,-7.016271709124964,0.0
133.295084683583,-41.11473958720704,4.821851649025423,14.638506373632278,-7.012608508261508,3.368306851948935e-14
133.30745596307162,-41.11861420816044,4.82188507068572,14.635004351516141,-7.008945698774754,0.0
133.31982836731666,-41.12248839477266,4.821918864900576,14.631501692415132,-7.005283280843471,8.420767129872338e-14
133.33220189657456,-41.12636214691235,4.821953031800162,14.627998396061944,-7.001621254646775,1.6841534259744676e-14
133.3445765511017,-41.13023546444752,4.821987571514116,14.624494462189306,-6.997959620364206,0.0
133.35695233115482,-41.13410834724578,4.822022484171545,14.620989890529952,-6.994298378175678,-3.368306851948935e-14
133.36932923699078,-41.137980795174144,4.822057769901028,14.617484680816656,-6.9906375282614786,6.73661370389787e-14
133.38170726886642,-41.14185280809909,4.822093428830608,14.613978832782175,-6.986977070802355,5.0524602779234026e-14
133.39408642703899,-41.14572438588661,4.822129461087797,14.610472346159302,-6.983317005979367,3.368306851948935e-14
133.40646671176566,-41.14959552840212,4.822165866799575,14.606965220680848,-6.979657333974033,-1.6841534259744676e-14
133.41884812330403,-41.15346623551061,4.8222026460923875,14.603457456079644,-6.975998054968223,-8.420767129872338e-14
133.4312306619116,-41.15733650707641,4.822239799092145,14.59994905208853,-6.97233916914423,3.368306851948935e-14
133.44361432784618,-41.16120634296342,4.822277325924223,14.596440008440403,-6.968680676684745,0.0
133.45599912136578,-41.165075743034976,4.822315226713466,14.592930324868131,-6.965022577772816,3.368306851948935e-14
133.46838504272836,-41.16894470715388,4.822353501584176,14.589420001104644,-6.961364872591951,6.73661370389787e-14
133.48077209219232,-41.17281323518243,4.822392150660119,14.585909036882907,-6.957707561326014,-1.6841534259744676e-14
133.49316027001592,-41.176681326982354,4.822431174064528,14.582397431935863,-6.9540506441592935,1.6841534259744676e-14
133.5055495764579,-41.1805489824149,4.822470571920095,14.57888518599652,-6.9503941212764495,3.368306851948935e-14
133.51794001177683,-41.18441620134074,4.8225103443489745,14.575372298797888,-6.946737992862588,5.0524602779234026e-14
133.53033157623165,-41.188282983620034,4.82255049147278,14.57185877007305,-6.943082259103182,-1.6841534259744676e-14
133.54272427008146,-41.19214932911244,4.82259101341259,14.568344599555061,-6.939426920184104,-1.6841534259744676e-14
133.55511809358543,-41.19601523767701,4.822631910288937,14.56482978697704,-6.935771976291662,6.73661370389787e-14
133.56751304700285,-41.19988070917233,4.822673182221814,14.56131433207215,-6.932117427612557,0.0
133.5799091305934,-41.203745743456444,4.822714829330675,14.55779823457355,-6.9284632743338666,0.0
133.59230634461662,-41.20761034038682,4.82275685173443,14.554281494214457,-6.924809516643111,3.368306851948935e-14
133.6047046893323,-41.21147449982042,4.822799249551445,14.550764110728117,-6.921156154728225,6.73661370389787e-14
133.61710416500046,-41.21533822161366,4.8228420228995486,14.54724608384781,-6.91750318877752,3.368306851948935e-14
133.62950477188136,-41.219201505622465,4.822885171896015,14.543727413306861,-6.913850618979714,-1.6841534259744676e-14
133.64190651023512,-41.223064351702156,4.822928696657584,14.540208098838608,-6.910198445523971,0.0
133.65430938032227,-41.22692675970756,4.822972597300446,14.536688140176453,-6.906546668599837,-3.368306851948935e-14
133.66671338240351,-41.230788729492964,4.823016873940241,14.53316753705384,-6.9028952883972625,1.347322740779574e-13
133.67911851673946,-41.2346502609121,4.823061526692071,14.529646289204226,-6.8992443051066425,3.368306851948935e-14
133.691524783591,-41.23851135381814,4.8231065556704875,14.526124396361134,-6.895593718918775,6.73661370389787e-14
133.70393218321925,-41.24237200806378,4.823151960989493,14.522601858258113,-6.89194353002485,0.0
133.71634071588548,-41.246232223501146,4.8231977427625425,14.519078674628766,-6.8882937386164755,-8.420767129872338e-14
133.72875038185097,-41.25009199998181,4.8232439011025425,14.515554845206736,-6.884644344885703,1.6841534259744676e-14
133.7411611813773,-41.25395133735681,4.823290436121848,14.512030369725727,-6.88099534902498,3.368306851948935e-14
133.75357311472618,-41.25781023547665,4.823337347932272,14.508505247919448,-6.877346751227151,-1.6841534259744676e-14
133.7659861821594,-41.261668694191286,4.823384636645065,14.504979479521715,-6.87369855168552,3.368306851948935e-14
133.77840038393884,-41.265526713350134,4.823432302370936,14.501453064266329,-6.870050750593794,-1.6841534259744676e-14
133.79081572032672,-41.269384292802066,4.823480345220034,14.497926001887173,-6.866403348146084,3.368306851948935e-14
133.80323219158535,-41.27324143239543,4.823528765301964,14.494398292118188,-6.862756344536926,-3.368306851948935e-14
133.8156497979771,-41.27709813197797,4.82357756272577,14.490869934693364,-6.859109739961296,1.6841534259744676e-14
133.82806853976453,-41.28095439139696,4.823626737599949,14.487340929346711,-6.8554635346145725,-1.6841534259744676e-14
133.8404884172105,-41.2848102104991,4.823676290032439,14.483811275812332,-6.851817728692546,5.0524602779234026e-14
133.8529094305778,-41.28866558913053,4.823726220130625,14.480280973824371,-6.848172322391459,1.6841534259744676e-14
133.86533158012938,-41.29252052713684,4.823776528001335,14.476750023117013,-6.844527315907975,5.0524602779234026e-14
133.8777548661285,-41.29637502436308,4.823827213750844,14.473218423424516,-6.840882709439164,-5.0524602779234026e-14
133.89017928883854,-41.30022908065381,4.823878277484867,14.46968617448119,-6.83723850318251,0.0
133.90260484852288,-41.30408269585292,4.823929719308563,14.466153276021407,-6.83359469733597,3.368306851948935e-14
133.91503154544517,-41.30793586980387,4.823981539326535,14.462619727779568,-6.829951292097888,-3.368306851948935e-14
133.92745937986925,-41.31178860234953,4.8240337376428215,14.459085529490203,-6.826308287667038,-5.0524602779234026e-14
133.93988835205894,-41.315640893332166,4.824086314360907,14.455550680887836,-6.822665684242656,1.6841534259744676e-14
133.95231846227838,-41.319492742593596,4.824139269583716,14.452015181707074,-6.819023482024356,-3.368306851948935e-14
133.9647497107917,-41.323344149974986,4.824192603413612,14.448479031682602,-6.815381681212239,-5.0524602779234026e-14
133.97718209786336,-41.32719511531704,4.824246315952394,14.444942230549156,-6.811740282006781,-1.6841534259744676e-14
133.98961562375774,-41.33104563845982,4.824300407301304,14.441404778041534,-6.808099284608939,0.0
134.00205028873955,-41.33489571924293,4.824354877561019,14.437866673894607,-6.8044586892200805,-1.6841534259744676e-14
