galstreams/tracks/track.Acheron.grillmair2009.ecsv
# %ECSV 0.9
# ---
# datatype:
# - {name: sc.ra, unit: deg, datatype: float64}
# - {name: sc.dec, unit: deg, datatype: float64}
# - {name: sc.distance, unit: kpc, datatype: float64}
# - {name: width, datatype: float64}
# meta: !!omap
# - __serialized_columns__:
#     sc:
#       __class__: astropy.coordinates.sky_coordinate.SkyCoord
#       dec: !astropy.table.SerializedColumn
#         __class__: astropy.coordinates.angles.Latitude
#         unit: &id001 !astropy.units.Unit {unit: deg}
#         value: !astropy.table.SerializedColumn {name: sc.dec}
#       distance: !astropy.table.SerializedColumn
#         __class__: astropy.coordinates.distances.Distance
#         unit: !astropy.units.Unit {unit: kpc}
#         value: !astropy.table.SerializedColumn {name: sc.distance}
#       frame: icrs
#       ra: !astropy.table.SerializedColumn
#         __class__: astropy.coordinates.angles.Longitude
#         unit: *id001
#         value: !astropy.table.SerializedColumn {name: sc.ra}
#         wrap_angle: !astropy.coordinates.Angle
#           unit: *id001
#           value: 360.0
#       representation_type: spherical
# schema: astropy-2.0
sc.ra sc.dec sc.distance width
230.00566834050153 -1.9951606831303044 3.5000586380051883 0.9
230.01327628256843 -1.988665365880272 3.500137340854156 0.9
230.02088416474075 -1.982170013595519 3.500216043083525 0.9
230.02849198721435 -1.9756746263908396 3.5002947446953208 0.9
230.03609975018517 -1.9691792043810525 3.500373445691571 0.9
230.04370745384912 -1.9626837476809142 3.500452146074301 0.9
230.0513150984022 -1.956188256405245 3.50053084584554 0.9
230.05892268404023 -1.9496927306688046 3.5006095450073125 0.9
230.06653021095923 -1.9431971705863726 3.500688243561647 0.9
230.074137679355 -1.9367015762727526 3.500766941510569 0.9
230.08174508942366 -1.930205947842688 3.5008456388561067 0.9
230.08935244136092 -1.9237102854109738 3.5009243356002853 0.9
230.09695973536276 -1.9172145890923724 3.501003031745132 0.9
230.10456697162513 -1.9107188590016504 3.5010817272926738 0.9
230.1121741503439 -1.904223095253571 3.501160422244937 0.9
230.119781271715 -1.8977272979628963 3.5012391166039483 0.9
230.12738833593428 -1.8912314672443817 3.501317810371734 0.9
230.13499534319774 -1.8847356032127758 3.5013965035503216 0.9
230.14260229370126 -1.878239705982855 3.501475196141737 0.9
230.15020918764068 -1.8717437756693451 3.501553888148007 0.9
230.15781602521199 -1.865247812386999 3.5016325795711585 0.9
230.165422806611 -1.8587518162505614 3.501711270413217 0.9
230.17302953203364 -1.8522557873747652 3.50178996067621 0.9
230.18063620167575 -1.8457597258743732 3.5018686503621628 0.9
230.1882428157334 -1.8392636318640956 3.501947339473104 0.9
230.19584937440226 -1.8327675054586654 3.502026028011058 0.9
230.20345587787835 -1.826271346772837 3.502104715978052 0.9
230.21106232635753 -1.819775155921304 3.5021834033761126 0.9
230.2186687200357 -1.8132789330188164 3.502262090207266 0.9
230.22627505910867 -1.8067826781800953 3.502340776473538 0.9
230.2338813437724 -1.8002863915198353 3.502419462176956 0.9
230.2414875742227 -1.7937900731527847 3.502498147319545 0.9
230.24909375065556 -1.7872937231936243 3.5025768319033332 0.9
230.25669987326677 -1.78079734175709 3.502655515930346 0.9
230.26430594225218 -1.7743009289578893 3.502734199402609 0.9
230.27191195780767 -1.7678044849107035 3.5028128823221483 0.9
230.2795179201292 -1.7613080097302594 3.5028915646909917 0.9
230.2871238294126 -1.754811503531249 3.5029702465111647 0.9
230.29472968585372 -1.74831496642837 3.5030489277846937 0.9
230.30233548964839 -1.741818398536308 3.503127608513604 0.9
230.30994124099252 -1.7353217999697816 3.5032062886999227 0.9
230.31754694008194 -1.7288251708434539 3.503284968345675 0.9
230.32515258711257 -1.7223285112720128 3.503363647452889 0.9
230.33275818228023 -1.715831821370167 3.5034423260235887 0.9
230.34036372578075 -1.7093351012525653 3.503521004059801 0.9
230.34796921781003 -1.7028383510339202 3.503599681563552 0.9
230.35557465856388 -1.696341570828883 3.5036783585368676 0.9
230.36318004823823 -1.689844760752128 3.503757034981775 0.9
230.3707853870288 -1.6833479209183513 3.5038357109002978 0.9
230.3783906751316 -1.676851051442189 3.503914386294465 0.9
230.38599591274237 -1.6703541524383323 3.5039930611663004 0.9
230.39360110005703 -1.6638572240214449 3.5040717355178312 0.9
230.4012062372713 -1.6573602663061635 3.5041504093510825 0.9
230.40881132458117 -1.650863279407172 3.504229082668081 0.9
230.41641636218236 -1.6443662634391183 3.504307755470852 0.9
230.42402135027078 -1.6378692185166561 3.5043864277614216 0.9
230.4316262890422 -1.6313721447544451 3.504465099541816 0.9
230.43923117869258 -1.6248750422671103 3.504543770814061 0.9
230.44683601941765 -1.618377911169322 3.5046224415801825 0.9
230.45444081141324 -1.6118807515757165 3.504701111842206 0.9
230.4620455548753 -1.6053835636009355 3.504779781602158 0.9
230.4696502499995 -1.5988863473596095 3.5048584508620637 0.9
230.4772548969817 -1.592389102966401 3.5049371196239485 0.9
230.4848594960178 -1.5858918305359189 3.5050157878898394 0.9
230.49246404730363 -1.5793945301827954 3.505094455661762 0.9
230.50006855103493 -1.5728972020216851 3.5051731229417404 0.9
230.5076730074076 -1.566399846167182 3.5052517897318025 0.9
230.51527741661738 -1.5599024627339355 3.505330456033973 0.9
230.52288177886015 -1.5534050518365687 3.5054091218502776 0.9
230.53048609433174 -1.5469076135896769 3.505487787182742 0.9
230.53809036322792 -1.5404101481079109 3.5055664520333925 0.9
230.54569458574457 -1.5339126555058533 3.505645116404254 0.9
230.55329876207736 -1.5274151358981418 3.505723780297352 0.9
230.56090289242223 -1.5209175893993878 3.5058024437147126 0.9
230.56850697697502 -1.514420016124175 3.505881106658362 0.9
230.5761110159314 -1.507922416187134 3.5059597691303246 0.9
230.58371500948726 -1.5014247897028616 3.5060384311326267 0.9
230.59131895783847 -1.4949271367859585 3.5061170926672944 0.9
230.59892286118068 -1.488429457551017 3.506195753736352 0.9
230.60652671970982 -1.4819317521126585 3.5062744143418256 0.9
230.6141305336216 -1.4754340205854535 3.5063530744857405 0.9
230.62173430311188 -1.468936263084003 3.506431734170123 0.9
230.62933802837648 -1.462438479722898 3.506510393396998 0.9
230.63694170961116 -1.4559406706167182 3.5065890521683913 0.9
230.64454534701167 -1.4494428358800748 3.5066677104863277 0.9
230.65214894077383 -1.442944975627527 3.506746368352833 0.9
230.6597524910935 -1.4364470899736566 3.506825025769933 0.9
230.66735599816639 -1.4299491790330683 3.5069036827396523 0.9
230.67495946218833 -1.4234512429203061 3.506982339264017 0.9
230.6825628833551 -1.4169532817499708 3.5070609953450527 0.9
230.6901662618625 -1.410455295636635 3.5071396509847843 0.9
230.69776959790627 -1.4039572846948458 3.507218306185237 0.9
230.70537289168226 -1.3974592490391957 3.507296960948437 0.9
230.7129761433862 -1.3909611887842446 3.5073756152764086 0.9
230.7205793532139 -1.3844631040445565 3.5074542691711783 0.9
230.72818252136108 -1.377964994934703 3.50753292263477 0.9
230.7357856480236 -1.3714668615692192 3.50761157566921 0.9
230.74338873339718 -1.3649687040626888 3.5076902282765228 0.9
230.7509917776777 -1.3584705225296605 3.507768880458735 0.9
230.7585947810608 -1.3519723170846878 3.50784753221787 0.9
230.76619774374228 -1.345474087842315 3.5079261835559548 0.9
230.77380066591797 -1.338975834917118 3.5080048344750137 0.9
230.78140354778358 -1.3324775584236193 3.5080834849770715 0.9
230.789006389535 -1.3259792584763659 3.508162135064155 0.9
230.79660919136782 -1.319480935189927 3.508240784738288 0.9
230.8042119534779 -1.3129825886788111 3.5083194340014954 0.9
230.81181467606103 -1.3064842190575925 3.5083980828558037 0.9
230.81941735931292 -1.2999858264407844 3.508476731303237 0.9
230.82702000342937 -1.293487410942923 3.508555379345821 0.9
230.83462260860617 -1.286988972678568 3.508634026985581 0.9
230.84222517503895 -1.280490511762218 3.5087126742245407 0.9
230.84982770292365 -1.2739920283084296 3.5087913210647272 0.9
230.85743019245587 -1.2674935224317305 3.508869967508164 0.9
230.86503264383143 -1.260994994246623 3.508948613556877 0.9
230.87263505724613 -1.2544964438676567 3.509027259212891 0.9
230.88023743289565 -1.247997871409346 3.509105904478231 0.9
230.88783977097577 -1.2414992769862125 3.509184549354922 0.9
230.89544207168225 -1.2350006607127666 3.5092631938449887 0.9
230.90304433521084 -1.228502022703551 3.509341837950457 0.9
230.9106465617573 -1.2220033630730556 3.5094204816733514 0.9
230.91824875151732 -1.2155046819358026 3.5094991250156964 0.9
230.9258509046867 -1.2090059794063044 3.5095777679795175 0.9
230.93345302146125 -1.2025072555990615 3.5096564105668406 0.9
230.94105510203653 -1.1960085106286076 3.5097350527796882 0.9
230.94865714660844 -1.1895097446094243 3.5098136946200875 0.9
230.95625915537272 -1.1830109576560162 3.5098923360900627 0.9
230.963861128525 -1.17651214988291 3.509970977191638 0.9
230.97146306626112 -1.1700133214045743 3.510049617926839 0.9
230.97906496877675 -1.1635144723355326 3.5101282582976907 0.9
230.9866668362677 -1.1570156027902834 3.5102068983062176 0.9
230.99426866892964 -1.1505167128832963 3.5102855379544446 0.9
231.00187046695834 -1.144017802729099 3.5103641772443965 0.9
231.0094722305496 -1.137518872442151 3.510442816178099 0.9
231.01707395989897 -1.1310199221369668 3.5105214547575754 0.9
231.02467565520232 -1.1245209519280355 3.5106000929848515 0.9
231.03227731665535 -1.1180219619298197 3.510678730861952 0.9
231.03987894445382 -1.1115229522568288 3.5107573683909017 0.9
231.04748053879342 -1.1050239230235397 3.510836005573725 0.9
231.0550820998699 -1.098524874344433 3.5109146424124473 0.9
231.06268362787898 -1.0920258063339814 3.5109932789090927 0.9
231.07028512301633 -1.0855267191066889 3.511071915065686 0.9
231.07788658547773 -1.0790276127770073 3.511150550884252 0.9
231.08548801545896 -1.0725284874594119 3.511229186366817 0.9
231.09308941315564 -1.0660293432684016 3.511307821515403 0.9
231.1006907787635 -1.0595301803184156 3.511386456332036 0.9
231.10829211247835 -1.053030998723958 3.5114650908187417 0.9
231.1158934144958 -1.0465317985994722 3.5115437249775425 0.9
231.12349468501162 -1.0400325800594263 3.511622358810465 0.9
231.13109592422157 -1.0335333432183111 3.5117009923195335 0.9
231.13869713232123 -1.0270340881905573 3.5117796255067715 0.9
231.14629830950648 -1.0205348150906526 3.511858258374205 0.9
231.15389945597298 -1.0140355240330585 3.511936890923858 0.9
231.16150057191635 -1.0075362151322098 3.5120155231577552 0.9
231.1691016575324 -1.0010368885025898 3.5120941550779214 0.9
231.1767027130168 -0.9945375442586463 3.5121727866863806 0.9
231.18430373856526 -0.9880381825148351 3.512251417985158 0.9
231.19190473437354 -0.9815388033856172 3.512330048976278 0.9
231.19950570063733 -0.9750394069854211 3.5124086796617653 0.9
231.20710663755227 -0.9685399934287213 3.5124873100436442 0.9
231.21470754531413 -0.9620405628299599 3.512565940123939 0.9
231.2223084241186 -0.955541115303584 3.5126445699046753 0.9
231.2299092741614 -0.9490416509640315 3.5127231993878767 0.9
231.23751009563816 -0.9425421699257722 3.5128018285755673 0.9
231.24511088874465 -0.9360426723032255 3.5128804574697723 0.9
231.2527116536766 -0.9295431582108324 3.5129590860725166 0.9
231.26031239062965 -0.9230436277630588 3.513037714385824 0.9
231.26791309979953 -0.9165440810743114 3.513116342411719 0.9
231.27551378138187 -0.9100445182590522 3.5131949701522265 0.9
231.2831144355725 -0.9035449394317183 3.5132735976093707 0.9
231.29071506256707 -0.8970453447067195 3.5133522247851765 0.9
231.29831566256118 -0.8905457341985229 3.5134308516816675 0.9
231.3059162357506 -0.8840461080215276 3.5135094783008682 0.9
231.31351678233102 -0.8775464662901901 3.513588104644804 0.9
231.3211173024981 -0.8710468091189395 3.5136667307154976 0.9
231.32871779644762 -0.8645471366221799 3.5137453565149754 0.9
231.3363182643752 -0.8580474489143628 3.5138239820452606 0.9
231.34391870647653 -0.8515477461099062 3.5139026073083777 0.9
231.3515191229473 -0.8450480283232344 3.5139812323063513 0.9
231.35911951398325 -0.8385482956687711 3.514059857041206 0.9
231.36671987978002 -0.8320485482609377 3.5141384815149657 0.9
231.37432022053335 -0.8255487862141552 3.514217105729655 0.9
231.38192053643877 -0.8190490096428431 3.5142957296872974 0.9
231.38952082769217 -0.8125492186614198 3.5143743533899188 0.9
231.3971210944892 -0.8060494133843022 3.5144529768395434 0.9
231.4047213370254 -0.7995495939259059 3.5145316000381936 0.9
231.41232155549653 -0.7930497604006457 3.514610222987895 0.9
231.41992175009838 -0.7865499129229268 3.514688845690673 0.9
231.42752192102645 -0.7800500516071861 3.5147674681485497 0.9
231.43512206847657 -0.7735501765678015 3.514846090363551 0.9
231.44272219264434 -0.7670502879192077 3.5149247123377 0.9
231.45032229372543 -0.7605503857758134 3.515003334073022 0.9
231.45792237191563 -0.7540504702520012 3.515081955571541 0.9
231.46552242741046 -0.7475505414622026 3.5151605768352807 0.9
231.47312246040573 -0.7410505995208142 3.5152391978662663 0.9
231.48072247109704 -0.7345506445422404 3.5153178186665213 0.9
231.48832245968006 -0.7280506766408924 3.5153964392380694 0.9
231.49592242635052 -0.7215506959311473 3.5154750595829363 0.9
231.50352237130403 -0.7150507025274311 3.515553679703145 0.9
231.51112229473637 -0.7085506965441345 3.515632299600721 0.9
231.51872219684307 -0.7020506780956566 3.5157109192776868 0.9
231.52632207781988 -0.6955506472963948 3.5157895387360676 0.9
231.53392193786252 -0.6890506042607464 3.515868157977888 0.9
231.5415217771666 -0.682550549103106 3.5159467770051718 0.9
231.5491215959278 -0.6760504819378602 3.5160253958199426 0.9
231.55672139434174 -0.6695504028794271 3.516104014424225 0.9
231.56432117260417 -0.6630503120421746 3.516182632820043 0.9
231.57192093091075 -0.656550209540502 3.5162612510094213 0.9
231.57952066945708 -0.6500500954888001 3.5163398689943834 0.9
231.58712038843885 -0.6435499700014498 3.5164184867769537 0.9
231.59472008805182 -0.6370498331928642 3.5164971043591566 0.9
231.60231976849155 -0.6305496851773984 3.516575721743016 0.9
231.60991942995375 -0.6240495260694632 3.516654338930556 0.9
231.61751907263402 -0.6175493559834442 3.5167329559238003 0.9
231.62511869672812 -0.6110491750337012 3.5168115727247735 0.9
231.63271830243167 -0.6045489833346431 3.5168901893355002 0.9
231.64031788994026 -0.5980487810006443 3.516968805758003 0.9
231.64791745944973 -0.5915485681460866 3.5170474219943078 0.9
231.65551701115555 -0.5850483448853506 3.517126038046437 0.9
231.66311654525353 -0.5785481113328172 3.5172046539164157 0.9
231.6707160619392 -0.5720478676028653 3.5172832696062675 0.9
231.6783155614083 -0.5655476138098733 3.517361885118017 0.9
231.68591504385654 -0.5590473500682184 3.5174405004536884 0.9
231.69351450947946 -0.5525470764922777 3.5175191156153045 0.9
231.7011139584728 -0.5460467931964267 3.517597730604891 0.9
231.70871339103215 -0.5395465002950406 3.5176763454244706 0.9
231.7163128073533 -0.5330461979024851 3.5177549600760685 0.9
231.72391220763168 -0.5265458861331586 3.517833574561707 0.9
231.73151159206313 -0.5200455651014084 3.5179121888834115 0.9
231.7391109608433 -0.5135452349216069 3.5179908030432068 0.9
231.7467103141677 -0.5070448957081496 3.518069417043114 0.9
231.75430965223217 -0.5005445475753733 3.5181480308851603 0.9
231.76190897523225 -0.4940441906376811 3.518226644571368 0.9
231.76950828336362 -0.48754382500941645 3.5183052581037617 0.9
231.777107576822 -0.48104345080494754 3.5183838714843656 0.9
231.7847068558029 -0.4745430681386663 3.5184624847152026 0.9
231.79230612050205 -0.46804267712490616 3.518541097798297 0.9
231.7999053711151 -0.4615422778780579 3.5186197107356736 0.9
231.80750460783773 -0.4550418705124781 3.518698323529356 0.9
231.81510383086555 -0.4485414551425312 3.518776936181368 0.9
231.82270304039423 -0.442041031882581 3.5188555486937334 0.9
231.8303022366194 -0.43554060084699037 3.5189341610684766 0.9
231.83790141973668 -0.42904016215012186 3.5190127733076206 0.9
231.84550058994185 -0.4225397159063288 3.5190913854131916 0.9
231.8530997474304 -0.4160392622299972 3.5191699973872113 0.9
231.86069889239803 -0.40953880123546266 3.519248609231704 0.9
231.86829802504045 -0.403038333037093 3.519327220948694 0.9
231.87589714555324 -0.3965378577492478 3.519405832540206 0.9
231.88349625413213 -0.3900373754862772 3.5194844440082633 0.9
231.8910953509726 -0.38353688636256406 3.519563055354889 0.9
231.8986944362705 -0.37703639049244086 3.5196416665821086 0.9
231.90629351022127 -0.37053588799026443 3.519720277691944 0.9
231.91389257302075 -0.36403537897041605 3.5197988886864215 0.9
231.92149162486444 -0.35753486354721825 3.519877499567563 0.9
231.92909066594808 -0.35103434183505094 3.519956110337394 0.9
231.93668969646725 -0.34453381394826876 3.5200347209979372 0.9
231.94428871661762 -0.33803328000120114 3.520113331551217 0.9
231.95188772659483 -0.3315327401082346 3.520191941999257 0.9
231.95948672659458 -0.32503219438368913 3.5202705523440816 0.9
231.96708571681242 -0.3185316429419422 3.520349162587715 0.9
231.97468469744402 -0.31203108589734585 3.5204277727321793 0.9
231.98228366868503 -0.3055305233642269 3.5205063827795002 0.9
