galstreams/tracks/track.st.New-14.ibata2024.ecsv
# %ECSV 1.0
# ---
# datatype:
# - {name: ra, unit: deg, datatype: float64}
# - {name: dec, unit: deg, datatype: float64}
# - {name: distance, unit: kpc, datatype: float64}
# - {name: pm_ra_cosdec, unit: mas / yr, datatype: float64}
# - {name: pm_dec, unit: mas / yr, datatype: float64}
# - {name: radial_velocity, unit: km / s, datatype: float64}
# delimiter: ','
# meta: !!omap
# - __serialized_columns__:
#     dec:
#       __class__: astropy.coordinates.angles.Latitude
#       unit: &id001 !astropy.units.Unit {unit: deg}
#       value: !astropy.table.SerializedColumn {name: dec}
#     distance:
#       __class__: astropy.coordinates.distances.Distance
#       unit: !astropy.units.Unit {unit: kpc}
#       value: !astropy.table.SerializedColumn {name: distance}
#     pm_dec:
#       __class__: astropy.units.quantity.Quantity
#       unit: !astropy.units.Unit {unit: mas / yr}
#       value: !astropy.table.SerializedColumn {name: pm_dec}
#     pm_ra_cosdec:
#       __class__: astropy.units.quantity.Quantity
#       unit: !astropy.units.Unit {unit: mas / yr}
#       value: !astropy.table.SerializedColumn {name: pm_ra_cosdec}
#     ra:
#       __class__: astropy.coordinates.angles.Longitude
#       unit: *id001
#       value: !astropy.table.SerializedColumn {name: ra}
#       wrap_angle: !astropy.coordinates.Angle
#         unit: *id001
#         value: 360.0
#     radial_velocity:
#       __class__: astropy.units.quantity.Quantity
#       unit: !astropy.units.Unit {unit: km / s}
#       value: !astropy.table.SerializedColumn {name: radial_velocity}
# schema: astropy-2.0
ra,dec,distance,pm_ra_cosdec,pm_dec,radial_velocity
[from data line 425]
169.97159648140112,-19.45534798900628,0.9999999999999999,-27.67221548818537,-3.70032113948508,138.37884027205763
169.97662885720206,-19.464972624315212,0.9999999999999999,-27.670763555894016,-3.695062837109271,138.362244449817
169.98165081032147,-19.47460143235931,1.0,-27.669301239044717,-3.689800881700986,138.3456305979163
169.98666237621293,-19.48423439966152,1.0,-27.6678286511794,-3.684535301361061,138.32899863485844
169.9916635903338,-19.49387151273979,0.9999999999999999,-27.66634590583718,-3.679266124217028,138.31234847914592
169.99665448814503,-19.503512758106908,1.0,-27.664853116554355,-3.6739933784229954,138.2956800492816
170.0016351051114,-19.513158122270777,0.9999999999999999,-27.66335039686449,-3.668717092159646,138.2789932637681
170.00660547670134,-19.522807591734264,1.0,-27.66183786029839,-3.6634372936341784,138.26228804110806
170.011565638387,-19.532461152995243,0.9999999999999999,-27.660315620384125,-3.658154011080226,138.24556429980436
170.0165156256445,-19.54211879254666,1.0,-27.658783790647085,-3.65286727275787,138.2288219583595
170.0214554739535,-19.551780496876304,1.0,-27.65724248460998,-3.6475771069535163,138.21206093527636
170.02638521879766,-19.561446252467206,1.0,-27.655691815792824,-3.6422835419798965,138.19528114905756
170.0313048956644,-19.571116045797357,1.0,-27.654131897713047,-3.636986606176002,138.17848251820587
170.0362145400451,-19.580789863339838,1.0,-27.65256284388545,-3.631686327907044,138.16166496122386
170.04111418743497,-19.59046769156277,1.0,-27.65098476782223,-3.6263827355644,138.1448283966144
170.04600387333315,-19.60014951692944,1.0,-27.649397783033045,-3.621075857565552,138.12797274288005
170.05088363324262,-19.609835325898047,1.0,-27.647802003024957,-3.61576572235405,138.11109791852357
170.05575350267048,-19.61952510492206,1.0,-27.646197541302552,-3.6104523583994776,138.0942038420477
170.06061351712773,-19.62921884045001,1.0,-27.644584511367913,-3.6051357941973787,138.0772904319551
170.06546371212937,-19.63891651892555,1.0,-27.64296302672059,-3.5998160582692265,138.0603576067485
170.07030412319446,-19.648618126787518,0.9999999999999999,-27.641333200857733,-3.594493179162381,138.04340528493066
170.07513478584605,-19.658323650469743,1.0,-27.63969514727404,-3.5891671854500125,138.02643338500408
170.07995573561126,-19.66803307640137,0.9999999999999999,-27.638048979461786,-3.583838105731081,138.00944182547173
170.0847670080214,-19.67774639100666,0.9999999999999999,-27.63639481091085,-3.578505968630294,137.9924305248361
170.08956863861184,-19.687463580705025,1.0,-27.634732755108768,-3.573170802798037,137.97539940159996
170.09436066292207,-19.697184631911153,1.0,-27.63306292554068,-3.5678326369103406,137.9583483742661
170.0991431164957,-19.706909531034757,1.0,-27.63138543568945,-3.5624914996688286,137.94127736133714
170.10391603488065,-19.71663826448091,0.9999999999999999,-27.62970039903562,-3.55714741980068,137.92418628131577
170.10867945362892,-19.72637081864986,0.9999999999999999,-27.628007929057425,-3.551800426058575,137.9070750527048
170.11343340829686,-19.736107179937072,1.0,-27.626308139230886,-3.546450547220674,137.88994359400675
170.11817793444496,-19.745847334733313,1.0,-27.624601143029754,-3.5410978120905128,137.8727918237245
170.12291306763797,-19.755591269424446,0.9999999999999999,-27.622887053925552,-3.535742249497016,137.8556196603607
170.12763884344508,-19.765338970391742,0.9999999999999999,-27.621165985387652,-3.530383888294441,137.83842702241807
170.1323552974397,-19.77509042401169,1.0,-27.619438050883204,-3.5250227573623114,137.8212138283992
170.13706246519953,-19.784845616656074,0.9999999999999999,-27.617703363877236,-3.519658885605377,137.80397999680693
170.1417603823068,-19.794604534691988,1.0000000000000002,-27.61596203783264,-3.5142923019536134,137.78672544614398
170.14644908434795,-19.804367164481718,1.0,-27.614214186210226,-3.5089230353620966,137.76945009491286
170.15112860691391,-19.81413349238298,1.0,-27.612459922468652,-3.503551114811028,137.75215386161645
170.15579898560003,-19.82390350474877,0.9999999999999999,-27.61069936006457,-3.49817656930567,137.73483666475738
170.1604602560061,-19.833677187927425,1.0,-27.60893261245255,-3.4927994278762835,137.71749842283847
170.1651124537365,-19.84345452826267,0.9999999999999999,-27.607159793085177,-3.4874197195781296,137.70013905436227
170.1697556143999,-19.85323551209342,1.0000000000000002,-27.605381015413005,-3.4820374734913635,137.68275847783158
170.17438977360962,-19.86302012575412,0.9999999999999999,-27.603596392884665,-3.476652718721052,137.66535661174896
170.17901496698352,-19.87280835557453,1.0,-27.601806038946727,-3.4712654843970867,137.64793337461737
170.18363123014402,-19.882600187879788,0.9999999999999998,-27.60001006704393,-3.465875799674185,137.63048868493934
170.18823859871813,-19.892395608990434,1.0,-27.598208590619034,-3.4604836937317884,137.6130224612176
170.19283710833747,-19.90219460522246,0.9999999999999999,-27.596401723112955,-3.455089195774102,137.59553462195484
170.19742679463823,-19.911997162887108,1.0,-27.594589577964673,-3.449692335029953,137.5780250856538
170.20200769326135,-19.921803268291214,1.0,-27.5927722686114,-3.4442931407528388,137.5604937708171
170.2065798398524,-19.931612907736994,1.0,-27.590949908488447,-3.438891642220849,137.54294059594764
170.21114327006168,-19.94142606752209,0.9999999999999999,-27.589122611029374,-3.4334878687366164,137.5253654795479
170.21569801954416,-19.951242733939594,1.0,-27.587290489665907,-3.428081849627276,137.50776834012072
170.2202441239596,-19.961062893278093,1.0,-27.585453657828023,-3.4226736142444487,137.49014909616875
170.22478161897251,-19.970886531821616,0.9999999999999999,-27.583612228943988,-3.4172631919641834,137.4725076661947
170.22931054025224,-19.980713635849693,0.9999999999999998,-27.5817663164403,-3.4118506121869263,137.45484396870134
170.23383092347288,-19.99054419163733,1.0,-27.57991603374178,-3.40643590433746,137.43715792219126
170.2383428043134,-20.000378185455062,0.9999999999999999,-27.578061494271566,-3.4010190978648858,137.41944944516723
170.24284621845757,-20.010215603568906,1.0,-27.576202811451143,-3.395600222242587,137.401718456132
170.24734120159417,-20.02005643224043,1.0,-27.574340098700343,-3.3901793069681734,137.38396487358816
170.25182778941672,-20.029900657726714,1.0,-27.57247346943739,-3.3847563815634487,137.36618861603847
170.25630601762379,-20.03974826628038,1.0,-27.570603037078904,-3.379331475574377,137.34838960198562
170.26077592191882,-20.04959924414962,1.0,-27.568728915039948,-3.3739046185710446,137.33056774993236
170.26523753801027,-20.059453577578175,0.9999999999999999,-27.566851216734015,-3.3684758401476103,137.31272297838134
170.26969090161157,-20.069311252805345,0.9999999999999999,-27.56497005557306,-3.363045169922284,137.2948552058354
170.27413604844122,-20.07917225606604,1.0,-27.563085544967556,-3.3576126375372812,137.27696435079704
170.27857301422262,-20.089036573590732,0.9999999999999999,-27.561197798326454,-3.352178272658792,137.2590503317691
170.28300183468437,-20.098904191605513,1.0,-27.55930692905723,-3.3467421049769186,137.24111306725422
170.28742254556008,-20.10877509633208,1.0,-27.557413050565938,-3.341304164205681,137.2231524757551
170.29183518258853,-20.118649273987746,0.9999999999999999,-27.555516276257194,-3.335864480082959,137.20516847577446
170.29623978151352,-20.128526710785444,1.0,-27.553616719534183,-3.3304230823704355,137.1871609858151
170.30063637808408,-20.138407392933768,1.0,-27.551714493798727,-3.3249800008535964,137.16912992437958
170.30502500805437,-20.14829130663694,0.9999999999999999,-27.549809712451253,-3.3195352653416865,137.15107520997068
170.30940570718383,-20.158178438094847,1.0,-27.547902488890877,-3.3140889056676563,137.13299676109108
170.313778511237,-20.168068773503048,1.0,-27.545992936515365,-3.3086409516881403,137.11489449624352
170.31814345598372,-20.177962299052773,0.9999999999999999,-27.54408116872119,-3.303191433283425,137.09676833393056
170.32250057719907,-20.18785900093094,0.9999999999999999,-27.542167298903493,-3.2977403803574035,137.07861819265517
170.3268499106634,-20.197758865320143,1.0,-27.54025144045621,-3.292287822837567,137.06044399091985
170.33119149216247,-20.207661878398717,1.0,-27.538333706772015,-3.286833790674933,137.04224564722736
170.33552535748726,-20.217568026340697,0.9999999999999999,-27.536414211242338,-3.2813783138440265,137.02402308008033
170.33985154243408,-20.227477295315815,1.0,-27.534493067257404,-3.275921422342881,137.0057762079816
170.34417008280465,-20.23738967148958,0.9999999999999999,-27.53257038820628,-3.2704631461929434,136.98750494943383
170.34848101440616,-20.247305141023194,1.0,-27.530646287476827,-3.2650035154390995,136.96920922293972
170.3527843730511,-20.257223690073655,0.9999999999999999,-27.528720878455793,-3.2595425601495975,136.95088894700189
170.3570801945575,-20.26714530479369,1.0,-27.526794274528804,-3.2540803104160574,136.93254404012316
170.36136851474873,-20.27706997133182,0.9999999999999998,-27.52486658908036,-3.248616796353378,136.91417442080618
170.36564936945376,-20.286997675832314,1.0,-27.522937935493868,-3.243152048099793,136.89578000755367
170.36992279450703,-20.296928404435263,0.9999999999999999,-27.52100842715172,-3.2376860958167573,136.8773607188683
170.37418882574846,-20.306862143276522,0.9999999999999999,-27.519078177435212,-3.23221896968896,136.85891647325278
170.37844749902357,-20.316798878487777,0.9999999999999999,-27.517147299724606,-3.226750699924281,136.84044718920987
170.38269885018343,-20.32673859619651,0.9999999999999999,-27.515215907399217,-3.22128131675378,136.8219527852422
170.38694291508472,-20.336681282526044,0.9999999999999998,-27.513284113837308,-3.2158108504316143,136.80343317985256
170.3911797295897,-20.346626923595515,0.9999999999999998,-27.511352032416223,-3.210339331235083,136.78488829154358
170.39540932956638,-20.356575505519924,0.9999999999999998,-27.509419776512342,-3.2048667894645355,136.76631803881799
170.39963175088826,-20.3665270144101,0.9999999999999999,-27.507487459501082,-3.1993932554433773,136.7477223401785
170.40384702943464,-20.376481436372746,0.9999999999999998,-27.505555194757026,-3.193918759518027,136.72910111412781
170.40805520109052,-20.38643875751043,0.9999999999999999,-27.50362309565381,-3.1884433320578935,136.7104542791686
170.41225630174654,-20.39639896392158,0.9999999999999999,-27.501691275564195,-3.182967003455353,136.69178175380367
170.41645036729923,-20.40636204170054,0.9999999999999998,-27.499759847860147,-3.177489804125692,136.67308345653558
170.42063743365074,-20.416327976937527,0.9999999999999998,-27.497828925912728,-3.172011764507129,136.6543593058671
170.42481753670913,-20.426296755718667,1.0,-27.495898623092234,-3.1665329150607384,136.635609220301
170.4289907123882,-20.436268364125997,0.9999999999999999,-27.493969052768172,-3.161053286270466,136.6168331183399
170.4331569966076,-20.446242788237473,0.9999999999999999,-27.492040328309237,-3.1555729086430606,136.59803091848653
170.43731642529295,-20.45622001412699,0.9999999999999999,-27.4901125630834,-3.1500918127080872,136.57920253924354
170.44146903437553,-20.46620002786436,0.9999999999999999,-27.488185870457883,-3.1446100290178762,136.56034789911374
170.44561485979273,-20.476182815515372,1.0,-27.486260363799204,-3.139127588147506,136.54146691659977
170.44975393748774,-20.486168363141733,0.9999999999999998,-27.484336156473162,-3.133644520694782,136.52255951020425
170.45388630340975,-20.496156656801137,0.9999999999999998,-27.48241336184486,-3.1281608572801893,136.50362559843012
170.45801199351394,-20.506147682547248,0.9999999999999999,-27.48049209327879,-3.1226766285469125,136.4846650997799
170.46213104376142,-20.5161414264297,0.9999999999999999,-27.47857246413877,-3.117191865160761,136.4656779327563
170.46624349011933,-20.526137874494125,0.9999999999999999,-27.476654587787984,-3.1117065978101834,136.4466640158621
170.47034936856085,-20.53613701278214,1.0,-27.474738577589026,-3.1062208572062264,136.4276232675999
170.47444871506525,-20.54613882733139,1.0,-27.47282454690389,-3.100734674082501,136.40855560647256
170.47854156561783,-20.556143304175507,0.9999999999999999,-27.470912609094018,-3.0952480791951995,136.38946095098262
170.48262795621002,-20.566150429344155,0.9999999999999999,-27.469002877520296,-3.089761103323033,136.3703392196329
170.48670792283934,-20.576160188863025,0.9999999999999998,-27.467095465543068,-3.0842737772672226,136.35119033092596
170.4907815015095,-20.58617256875386,1.0,-27.46519048652213,-3.0787861318514658,136.33201420336476
170.4948487282303,-20.596187555034422,0.9999999999999999,-27.463288053816857,-3.073298197921952,136.3128107554518
170.49890963901782,-20.606205133718554,1.0,-27.46138828078609,-3.06781000634731,136.2935799056898
170.50296426989428,-20.616225290816143,0.9999999999999999,-27.459491280788217,-3.062321588018582,136.2743215725815
170.50701265688818,-20.62624801233315,0.9999999999999999,-27.4575971671812,-3.05683297384922,136.2550356746296
170.5110548360342,-20.636273284271628,0.9999999999999999,-27.455706053322544,-3.05134419477508,136.23572213033682
170.51509084337334,-20.646301092629688,0.9999999999999999,-27.45381805256937,-3.0458552817543527,136.2163808582058
170.51912071495292,-20.656331423401564,1.0,-27.45193327827842,-3.0403662657675916,136.1970117767394
170.52314448682654,-20.666364262577574,0.9999999999999998,-27.450051843806026,-3.0348771778176804,136.17761480444014
170.52716219505413,-20.676399596144144,1.0,-27.448173862508185,-3.0293880489298104,136.15818985981088
170.53117387570202,-20.686437410083833,0.9999999999999999,-27.44629944774058,-3.0238989101514537,136.13873686135415
170.5351795648429,-20.69647769037531,1.0,-27.444428712858528,-3.0184097925523723,136.11925572757278
170.5391792985558,-20.70652042299338,1.0,-27.44256177121705,-3.012920727224559,136.09974637696948
170.5431731129263,-20.716565593908996,0.9999999999999997,-27.440698736170926,-3.007431745282263,136.0802087280469
170.5471610440464,-20.726613189089246,0.9999999999999999,-27.438839721074626,-3.0019428778619535,136.0606426993077
170.55114312801436,-20.736663194497392,0.9999999999999998,-27.436984839282353,-2.9964541561222973,136.04104820925474
170.55511940093527,-20.746715596092834,0.9999999999999999,-27.435134204148124,-2.9909656112441514,136.02142517639058
170.55908989892046,-20.756770379831156,0.9999999999999999,-27.433287929025713,-2.9854772744305613,136.001773519218
170.56305465808794,-20.766827531664138,0.9999999999999999,-27.431446127268686,-2.979989176906699,135.9820931562396
170.5670137145622,-20.776887037539712,0.9999999999999999,-27.42960891223041,-2.974501349919903,135.96238400595828
170.57096710447428,-20.786948883402026,0.9999999999999998,-27.427776397264136,-2.9690138247396476,135.9426459868766
170.57491486396194,-20.79701305519142,1.0,-27.42594869572291,-2.963526632657487,135.92287901749725
170.5788570291694,-20.807079538844444,0.9999999999999999,-27.424125920959668,-2.958039804987111,135.90308301632302
170.5827936362477,-20.817148320293857,1.0,-27.42230818632723,-2.9525533730642923,135.88325790185655
170.5867247213543,-20.82721938546865,0.9999999999999998,-27.420495605178314,-2.9470673682468487,135.86340359260055
170.5906503206536,-20.837292720294034,0.9999999999999999,-27.41868829086553,-2.9415818219147045,135.8435200070577
170.59457047031648,-20.84736831069146,0.9999999999999998,-27.416886356741436,-2.93609676546979,135.8236070637308
170.5984852065207,-20.857446142578628,0.9999999999999999,-27.41508991615853,-2.9306122303360986,135.8036646811225
170.60239456545068,-20.867526201869474,0.9999999999999999,-27.413299082469287,-2.9251282479596465,135.78369277773547
170.60629858329767,-20.8776084744742,0.9999999999999999,-27.41151396902614,-2.9196448498084706,135.76369127207244
170.6101972962596,-20.887692946299275,0.9999999999999998,-27.409734689181526,-2.914162067372599,135.74366008263613
