galstreams/tracks/track.st.NGC6397.ibata2021.ecsv
# %ECSV 1.0
# ---
# datatype:
# - {name: ra, unit: deg, datatype: float64}
# - {name: dec, unit: deg, datatype: float64}
# - {name: distance, unit: kpc, datatype: float64}
# - {name: pm_ra_cosdec, unit: mas / yr, datatype: float64}
# - {name: pm_dec, unit: mas / yr, datatype: float64}
# - {name: radial_velocity, unit: km / s, datatype: float64}
# delimiter: ','
# meta: !!omap
# - __serialized_columns__:
#     dec:
#       __class__: astropy.coordinates.angles.Latitude
#       unit: &id001 !astropy.units.Unit {unit: deg}
#       value: !astropy.table.SerializedColumn {name: dec}
#     distance:
#       __class__: astropy.coordinates.distances.Distance
#       unit: !astropy.units.Unit {unit: kpc}
#       value: !astropy.table.SerializedColumn {name: distance}
#     pm_dec:
#       __class__: astropy.units.quantity.Quantity
#       unit: !astropy.units.Unit {unit: mas / yr}
#       value: !astropy.table.SerializedColumn {name: pm_dec}
#     pm_ra_cosdec:
#       __class__: astropy.units.quantity.Quantity
#       unit: !astropy.units.Unit {unit: mas / yr}
#       value: !astropy.table.SerializedColumn {name: pm_ra_cosdec}
#     ra:
#       __class__: astropy.coordinates.angles.Longitude
#       unit: *id001
#       value: !astropy.table.SerializedColumn {name: ra}
#       wrap_angle: !astropy.coordinates.Angle
#         unit: *id001
#         value: 360.0
#     radial_velocity:
#       __class__: astropy.units.quantity.Quantity
#       unit: !astropy.units.Unit {unit: km / s}
#       value: !astropy.table.SerializedColumn {name: radial_velocity}
# schema: astropy-2.0
ra,dec,distance,pm_ra_cosdec,pm_dec,radial_velocity
[from data line 427]
265.51496267992337,-53.665520054385865,2.4671614636920984,3.290589307580647,-17.537096359885272,6.235635528677244
265.5321542856782,-53.6651457476605,2.4673090155216677,3.2933473540823655,-17.53459194157626,6.173771775654416
265.5493429257007,-53.664776846878055,2.467456425027703,3.2961031614324767,-17.532086320583,6.112161438448685
265.56652861175985,-53.66441334091397,2.467603692348009,3.298856734668016,-17.529579500717492,6.050804305333704
265.5837113556029,-53.664055218638936,2.4677508176203897,3.301608078822717,-17.527071485788312,5.989700164583315
265.6008911689559,-53.66370246891893,2.46789780098265,3.3043571989270704,-17.524562279600627,5.928848804471001
265.6180680635242,-53.66335508061524,2.468044642572594,3.307104100008467,-17.522051885956177,5.868250013270587
265.63524205099145,-53.66301304258445,2.4681913425280255,3.309848787090928,-17.519540308653315,5.807903579255759
265.65241314302045,-53.662676343678456,2.4683379009867483,3.312591265195404,-17.517027551486983,5.747809290700122
265.66958135125276,-53.66234497274444,2.468484318086568,3.3153315393395775,-17.51451361824871,5.687966935877464
265.68674668730876,-53.66201891862495,2.4686305939652877,3.3180696145378894,-17.511998512726667,5.6283763030614065
265.7039091627879,-53.66169817015786,2.468776728760713,3.320805495801702,-17.509482238705594,5.569037180525654
265.72106878926843,-53.66138271617639,2.4689227226106465,3.323539188139107,-17.5069647999669,5.509949356543945
265.73822557830755,-53.66107254550909,2.469068575652893,3.3262706965550004,-17.50444620028859,5.4511126193898995
265.75537954144147,-53.660767646979934,2.4692142880252583,3.3290000260511765,-17.50192644344528,5.392526757337358
265.77253069018536,-53.660468009408206,2.4693598598655453,3.331727181626178,-17.499405533208265,5.334191558659822
265.78967903603314,-53.660173621608585,2.469505291311557,3.334452168275381,-17.496883473345463,5.276106811631065
265.8068245904582,-53.65988447239118,2.469650582501101,3.3371749909910715,-17.494360267621406,5.218272304524757
265.8239673649124,-53.659600550561464,2.4697957335719782,3.33989565476226,-17.491835919797325,5.160687825614705
265.8411073708273,-53.659321844920335,2.4699407446619954,3.3426141645749343,-17.48931043363108,5.103353163174461
265.8582446196128,-53.65904834426408,2.470085615908955,3.345330525411808,-17.4867838128772,5.0462681054776795
265.87537912265833,-53.65878003738444,2.470230347450663,3.348044742252508,-17.484256061286857,4.989432440798251
265.8925108913324,-53.6585169130686,2.470374939424922,3.3507568200735225,-17.48172718260793,4.932845957409711
265.9096399369824,-53.658258960099175,2.4705193919695376,3.353466763848175,-17.479197180584947,4.8765084435857995
265.92676627093476,-53.658006167254214,2.470663705222313,3.3561745785466304,-17.476666058959147,4.820419687600136
265.94388990449556,-53.65775852330727,2.4708078793210526,3.3588802691360202,-17.474133821468406,4.764579477726543
265.96101084894957,-53.65751601702733,2.470951914403562,3.3615838405802636,-17.47160047184733,4.708987602238591
265.9781291155607,-53.65727863717888,2.4710958106076446,3.3642852978401536,-17.46906601382722,4.653643849410069
265.9952447155725,-53.6570463725219,2.471239568071104,3.366984645873444,-17.46653045113606,4.598548007514581
266.0123576602071,-53.65681921181182,2.471383186931746,3.369681889634691,-17.463993787498552,4.543699864825882
266.02946796066647,-53.65659714379967,2.471526667327373,3.3723770340754324,-17.4614560266361,4.489099209617727
266.04657562813134,-53.65638015723191,2.4716700093957904,3.375070084144001,-17.458917172266837,4.434745830163619
266.0636806737618,-53.65616824085052,2.4718132132748023,3.377761044785692,-17.456377228105612,4.380639514737363
266.08078310869735,-53.65596138339311,2.4719562791022125,3.380449920942714,-17.45383619786399,4.326780051612682
266.0978829440566,-53.65575957359272,2.472099207015827,3.383136717554164,-17.45129408525026,4.273167229063163
266.11498019093756,-53.655562800178,2.4722419971534486,3.3858214395560284,-17.448750893969493,4.219800835362627
266.1320748604175,-53.65537105187314,2.4723846496528807,3.388504091881276,-17.446206627723452,4.166680658784612
266.14916696355294,-53.655184317397925,2.4725271646519293,3.391184679459735,-17.443661290210652,4.113806487603008
266.1662565113799,-53.65500258546766,2.4726695422883975,3.393863207218197,-17.441114885126385,4.061178110091383
266.18334351491364,-53.65482584479329,2.4728117827000906,3.396539680080376,-17.43856741616267,4.008795314523377
266.2004279851487,-53.6546540840813,2.472953886024813,3.3992141029668965,-17.436018887008295,3.95665788917276
266.2175099330593,-53.654487292033856,2.4730958524003683,3.401886480795396,-17.4334693013488,3.9047656223132217
266.2345893695988,-53.65432545734866,2.47323768196456,3.404556818480372,-17.43091866286654,3.8531183022184154
266.25166630569987,-53.65416856871906,2.4733793748551935,3.4072251209332953,-17.428366975240586,3.8017157171620632
266.26874075227494,-53.65401661483403,2.4735209312100723,3.409891393062623,-17.425814242146814,3.7505576554178863
266.28581272021574,-53.653869584378185,2.4736623511670017,3.4125556397737444,-17.423260467257894,3.6996439052595056
266.3028822203932,-53.65372746603178,2.4738036348637853,3.415217865968965,-17.420705654243257,3.6489742549607094
266.3199492636582,-53.65359024847073,2.4739447824382275,3.41787807654765,-17.41814980676915,3.598548492795035
266.3370138608407,-53.6534579203666,2.4740857940281327,3.4205362764060614,-17.4155929284986,3.5483664070363385
266.35407602275023,-53.653330470386635,2.474226669771305,3.423192470437423,-17.41303502309146,3.498427785958257
266.37113576017606,-53.653207887193766,2.474367409805548,3.4258466635320275,-17.410476094204363,3.448732417834378
266.3881930838867,-53.65309015944658,2.474508014268667,3.428498860577031,-17.407916145490766,3.39928009093854
266.40524800463027,-53.6529772757994,2.4746484832984668,3.4311490664566606,-17.405355180600942,3.3500705935443644
266.4223005331347,-53.65286922490223,2.4747888170327497,3.433797286052122,-17.40279320318197,3.301103713925539
266.439350680107,-53.6527659954008,2.4749290156093218,3.4364435242415454,-17.400230216877784,3.2523792403557685
266.45639845623424,-53.65266757593654,2.4750690791659866,3.439087785900155,-17.397666225329118,3.2038969611087578
266.4734438721828,-53.65257395514664,2.4752090078405486,3.4417300759001184,-17.395101232173552,3.155656664458178
266.4904869385987,-53.65248512166399,2.4753488017708114,3.444370399110599,-17.392535241045515,3.1076581386777336
266.5075276661076,-53.652401064117285,2.4754884610945793,3.447008760397811,-17.389968255576253,3.0599011720410787
266.52456606531484,-53.65232177113089,2.475627985949658,3.4496451646249477,-17.38740027939388,3.0123855528219527
266.5416021468054,-53.652247231325035,2.4757673764738506,3.4522796166522602,-17.38483131612336,2.965111069294026
266.55863592114395,-53.652177433315636,2.475906632804962,3.4549121213369816,-17.3822613693865,2.91807750973102
266.57566739887454,-53.652112365714416,2.4760457550807957,3.4575426835333607,-17.379690442801987,2.871284662406556
266.59269659052137,-53.65205201712892,2.4761847434391564,3.460171308092738,-17.377118539985354,2.824732315594422
266.609723506588,-53.651996376162444,2.476323598017848,3.462797999863434,-17.37454566454901,2.7784202575682233
266.62674815755776,-53.65194543141411,2.4764623189546757,3.465422763690783,-17.371971820102264,2.7323482766016967
266.6437705538938,-53.65189917147887,2.4766009063874423,3.46804560441725,-17.369397010251248,2.686516160968531
266.66079070603894,-53.65185758494747,2.4767393604539536,3.4706665268822605,-17.36682123859903,2.6409236989423976
266.6778086244157,-53.651820660406464,2.476877681292013,3.4732855359223165,-17.364244508745543,2.5955706787970003
266.6948243194265,-53.65178838643833,2.477015869039425,3.4759026363710017,-17.361666824287592,2.550456888806028
266.7118378014533,-53.651760751621296,2.4771539238339932,3.478517833058888,-17.359088188818927,2.505582117243185
266.7288490808582,-53.65173774452951,2.477291845813524,3.4811311308136856,-17.356508605930145,2.4609461523821423
266.74585816798276,-53.65171935373297,2.4774296351158185,3.483742534460124,-17.353928079208785,2.416548782496605
266.76286507314836,-53.6517055677975,2.4775672918786835,3.4863520488199837,-17.351346612239272,2.372389795860244
266.7798698066566,-53.65169637528488,2.477704816239923,3.488959678712187,-17.34876420860294,2.3284689807467807
266.7968723787884,-53.65169176475272,2.47784220833734,3.491565428952647,-17.34618087187808,2.2847861254298363
266.8138727998048,-53.65169172475453,2.4779794683087393,3.4941693043543967,-17.34359660563986,2.2413410181832334
266.83087107994675,-53.65169624383978,2.478116596291926,3.4967713097275723,-17.341011413460386,2.198133447280575
266.8478672294348,-53.651705310553766,2.4782535924247036,3.4993714498793604,-17.3384252989087,2.1551632009955837
266.8648612584696,-53.651718913437776,2.4783904568448767,3.5019697296140295,-17.335838265550777,2.112430067601879
266.88185317723173,-53.651737041028994,2.4785271896902494,3.5045661537330037,-17.33325031694952,2.069933835373251
266.89884299588135,-53.65175968186054,2.4786637910986253,3.5071607270347176,-17.330661456664807,2.0276742925833195
266.9158307245591,-53.65178682446151,2.4788002612078093,3.509753454314807,-17.328071688253406,1.9856512275058065
266.932816373385,-53.65181845735691,2.4789366001556057,3.512344340365928,-17.325481015269084,1.9438644284144333
266.94979995245916,-53.651854569067716,2.4790728080798194,3.5149333899778665,-17.32288944126253,1.902313683582821
266.96678147186185,-53.651895148110924,2.479208885118253,3.517520607937556,-17.320296969781424,1.8609987812846907
266.9837609416531,-53.65194018299943,2.479344831408713,3.520105999029006,-17.31770360437037,1.819919509793781
267.0007383718728,-53.65198966224216,2.479480647089002,3.5226895680333437,-17.315109348570978,1.7790756573837128
267.0177137725412,-53.65204357434404,2.479616332296925,3.525271319728872,-17.3125142059218,1.7384670123282073
267.0346871536582,-53.65210190780599,2.479751887170286,3.527851258890953,-17.309918179958373,1.6980933629009696
267.0516585252037,-53.652164651124906,2.479887311846889,3.530429390292108,-17.30732127421323,1.6579544973756368
267.06862789713796,-53.65223179279377,2.4800226064645385,3.533005718702018,-17.304723492215842,1.618050204026049
267.0855952794008,-53.65230332130151,2.4801577711610387,3.5355802488874346,-17.302124837492713,1.5783802711256913
267.1025606819126,-53.65237922513316,2.4802928060741944,3.5381529856123537,-17.299525313567305,1.5389444869484037
267.1195241145733,-53.65245949276976,2.4804277113418096,3.540723933637808,-17.296924923960102,1.4997426397678235
267.13648558726305,-53.65254411268837,2.4805624871016887,3.5432930977220107,-17.29432367218857,1.4607745178576386
267.15344510984227,-53.652633073362175,2.480697133491635,3.5458604826203795,-17.291721561767176,1.422039909491537
267.1704026921512,-53.6527263632604,2.4808316506494537,3.5484260930854354,-17.2891185962074,1.3835386029432404
267.18735834401014,-53.65282397084831,2.480966038712949,3.5509899338668367,-17.28651477901773,1.3452703864864364
267.20431207521983,-53.65292588458729,2.481100297819925,3.5535520097114848,-17.28391011370367,1.3072350483947965
267.2212638955608,-53.653032092934794,2.4812344281081855,3.5561123253633644,-17.28130460376775,1.2694323769420086
267.2382138147937,-53.65314258434439,2.4813684297155363,3.5586708855636515,-17.278698252709503,1.2318621604017603
267.2551618426595,-53.65325734726575,2.4815023027797802,3.5612276950507336,-17.27609106402549,1.1945241870477568
267.2721079888791,-53.65337637014465,2.4816360474387213,3.5637827585601025,-17.273483041209342,1.1574182451537027
267.28905226315385,-53.653499641422975,2.481769663830166,3.566336080824523,-17.27087418775166,1.1205441229932354
267.30599467516487,-53.653627149538785,2.4819031520919164,3.5688876665738616,-17.26826450714013,1.0839016088401439
267.3229352345736,-53.65375888292621,2.482036512361777,3.5714375205351705,-17.26565400285946,1.0474904909680658
267.3398739510219,-53.653894830015595,2.482169744777553,3.573985647432766,-17.263042678391407,1.011310557650638
267.35681083413147,-53.6540349792334,2.482302849477048,3.576532051988088,-17.26043053721478,0.9753615971616333
267.37374589350424,-53.65417931900222,2.482435826598067,3.5790767389197677,-17.257817582805437,0.9396433977747561
267.3906791387226,-53.65432783774089,2.4825686762784134,3.5816197129436915,-17.255203818636282,0.9041557477635934
267.4076105793489,-53.65448052386435,2.4827013986558906,3.584160978772913,-17.25258924817731,0.8688984354019174
267.4245402249257,-53.65463736578376,2.4828339938683057,3.586700541117655,-17.24997387489555,0.833871248963399
267.4414680849761,-53.654798351906486,2.48296646205346,3.589238404685444,-17.247357702255094,0.7990739767217097
267.45839416900316,-53.654963470636076,2.4830988033491606,3.5917745741809215,-17.244740733717137,0.7645064069506716
267.4753184864902,-53.65513271037224,2.4832310178932095,3.594309054306019,-17.24212297273993,0.7301683279236869
267.492241046901,-53.655306059511005,2.4833631058234125,3.5968418497598247,-17.239504422778797,0.6960595279147632
267.5091618596791,-53.655483506444526,2.4834950672775724,3.599372965238658,-17.23688508728617,0.6621797951973865
267.5260809342492,-53.65566503956125,2.4836269023934947,3.601902405436148,-17.23426496971152,0.6285289180453624
267.54299828001535,-53.65585064724583,2.4837586113089825,3.604430175043026,-17.231644073501464,0.5951066847323118
267.5599139063625,-53.65604031787917,2.483890194161842,3.6069562787473304,-17.229022402099666,0.5619128835319392
267.5768278226557,-53.65623403983844,2.484021651089875,3.6094807212343216,-17.226399958946914,0.5289473027179834
267.5937400382402,-53.65643180149708,2.4841529822308877,3.6120035071864907,-17.223776747481093,0.496209730564132
267.61065056244183,-53.656633591224754,2.4842841877226833,3.6145246412835914,-17.22115277113717,0.46369995534400577
267.62755940456657,-53.65683939738746,2.4844152677030666,3.6170441282025774,-17.21852803334725,0.43141776533127574
267.6444665739006,-53.65704920834746,2.484546222309841,3.6195619726176727,-17.215902537540547,0.39936294879974776
267.6613720797109,-53.6572630124633,2.4846770516808134,3.622078179200383,-17.213276287143348,0.3675352940231098
267.67827593124434,-53.65748079808981,2.4848077559537844,3.62459275261943,-17.21064928557912,0.33593458927491504
267.69517813772825,-53.65770255357817,2.4849383352665613,3.6271056975407623,-17.208021536268397,0.3045606228289862
267.71207870837054,-53.657928267275864,2.4850687897569466,3.629617018627671,-17.205393042628877,0.2734131829589943
267.72897765235933,-53.65815792752669,2.485199119562745,3.6321267205406524,-17.202763808075375,0.2424920579385937
267.745874978863,-53.65839152267075,2.485329324821761,3.6346348079374504,-17.20013383601983,0.2117970360414723
267.7627706970307,-53.65862904104455,2.4854594056718,3.6371412854731577,-17.197503129871315,0.181327905541318
267.7796648159915,-53.65887047098089,2.485589362250663,3.639646157800041,-17.194871693036077,0.15108445471188617
267.7965573448554,-53.659115800808955,2.485719194696157,3.6421494295677417,-17.192239528917447,0.12106647182683104
267.8134482927124,-53.65936501885425,2.485848903146085,3.644651105423101,-17.18960664091595,0.09127374515979005
267.83033766863286,-53.659618113438704,2.485978487738252,3.6471511900102374,-17.18697303242926,0.06170606298455217
267.8472254816681,-53.65987507288058,2.4861079486104627,3.649649687970645,-17.18433870685216,0.03236321357470431
267.86411174084935,-53.66013588549456,2.48623728590052,3.6521466039430033,-17.181703667576635,0.003244985204018612
267.88099645518844,-53.66040053959168,2.48636649974623,3.6546419425633028,-17.179067917991816,-0.02564883385380013
