galstreams/tracks/track.st.Hermus.grillmair2014.ecsv
# %ECSV 1.0
# ---
# datatype:
# - {name: ra, unit: deg, datatype: float64}
# - {name: dec, unit: deg, datatype: float64}
# - {name: distance, unit: kpc, datatype: float64}
# - {name: pm_ra_cosdec, unit: mas / yr, datatype: float64}
# - {name: pm_dec, unit: mas / yr, datatype: float64}
# - {name: radial_velocity, unit: km / s, datatype: float64}
# delimiter: ','
# meta: !!omap
# - __serialized_columns__:
#     dec:
#       __class__: astropy.coordinates.angles.Latitude
#       unit: &id001 !astropy.units.Unit {unit: deg}
#       value: !astropy.table.SerializedColumn {name: dec}
#     distance:
#       __class__: astropy.coordinates.distances.Distance
#       unit: !astropy.units.Unit {unit: kpc}
#       value: !astropy.table.SerializedColumn {name: distance}
#     pm_dec:
#       __class__: astropy.units.quantity.Quantity
#       unit: !astropy.units.Unit {unit: mas / yr}
#       value: !astropy.table.SerializedColumn {name: pm_dec}
#     pm_ra_cosdec:
#       __class__: astropy.units.quantity.Quantity
#       unit: !astropy.units.Unit {unit: mas / yr}
#       value: !astropy.table.SerializedColumn {name: pm_ra_cosdec}
#     ra:
#       __class__: astropy.coordinates.angles.Longitude
#       unit: *id001
#       value: !astropy.table.SerializedColumn {name: ra}
#       wrap_angle: !astropy.coordinates.Angle
#         unit: *id001
#         value: 360.0
#     radial_velocity:
#       __class__: astropy.units.quantity.Quantity
#       unit: !astropy.units.Unit {unit: km / s}
#       value: !astropy.table.SerializedColumn {name: radial_velocity}
# schema: astropy-2.0
ra,dec,distance,pm_ra_cosdec,pm_dec,radial_velocity
[from data line 2596]
241.74271812809445,31.15568535452531,19.70570229051576,0.0,0.0,0.0
241.7439916619327,31.165701829688548,19.706030148458364,0.0,0.0,0.0
241.74526860333086,31.175718226782273,19.706359304868943,0.0,0.0,0.0
241.7465489522734,31.185734545722635,19.70668976153986,0.0,0.0,0.0
241.747832708747,31.19575078642546,19.707021520235163,0.0,0.0,0.0
241.74911987274083,31.20576694880618,19.707354582690495,0.0,0.0,0.0
241.75041044424592,31.215783032779886,19.707688950612955,0.0,0.0,0.0
241.7517044232557,31.225799038261332,19.70802462568096,0.0,0.0,0.0
241.75300180976592,31.235814965164888,19.70836160954417,0.0,0.0,0.0
241.75430260377445,31.24583081340459,19.708699903823344,0.0,0.0,0.0
241.75560680528164,31.25584658289411,19.70903951011023,0.0,0.0,0.0
241.75691441428978,31.265862273546755,19.70938042996746,0.0,0.0,0.0
241.75822543080363,31.275877885275484,19.709722664928407,0.0,0.0,0.0
241.75953985483036,31.285893417992913,19.7100662164971,0.0,0.0,0.0
241.76085768637924,31.29590887161125,19.710411086148085,0.0,0.0,0.0
241.76217892546185,31.305924246042412,19.710757275326305,0.0,0.0,0.0
241.7635035720922,31.315939541197913,19.711104785447027,0.0,0.0,0.0
241.76483162628656,31.325954756988928,19.711453617895682,0.0,0.0,0.0
241.7661630880634,31.33596989332626,19.711803774027754,0.0,0.0,0.0
241.76749795744377,31.34598495012034,19.712155255168692,0.0,0.0,0.0
241.7688362344509,31.355999927281278,19.712508062613775,0.0,0.0,0.0
241.77017791911032,31.366014824718807,19.71286219762799,0.0,0.0,0.0
241.7715230114501,31.37602964234227,19.71321766144596,0.0,0.0,0.0
241.77287151150063,31.386044380060707,19.713574455271758,0.0,0.0,0.0
241.7742234192944,31.39605903778272,19.713932580278865,0.0,0.0,0.0
241.77557873486668,31.40607361541662,19.71429203761003,0.0,0.0,0.0
241.77693745825493,31.416088112870323,19.714652828377115,0.0,0.0,0.0
241.7782995894989,31.426102530051377,19.71501495366107,0.0,0.0,0.0
241.77966512864106,31.436116866866975,19.71537841451173,0.0,0.0,0.0
241.7810340757259,31.44613112322396,19.715743211947753,0.0,0.0,0.0
241.7824064308007,31.456145299028787,19.71610934695651,0.0,0.0,0.0
241.78378219391487,31.46615939418757,19.716476820493952,0.0,0.0,0.0
241.78516136512044,31.476173408606027,19.716845633484493,0.0,0.0,0.0
241.78654394447184,31.48618734218954,19.717215786820915,0.0,0.0,0.0
241.7879299320259,31.496201194843124,19.717587281364263,0.0,0.0,0.0
241.78931932784195,31.5062149664714,19.717960117943708,0.0,0.0,0.0
241.79071213198176,31.51622865697865,19.71833429735646,0.0,0.0,0.0
241.7921083445097,31.526242266268792,19.718709820367632,0.0,0.0,0.0
241.79350796549235,31.53625579424534,19.719086687710163,0.0,0.0,0.0
241.79491099499913,31.546269240811494,19.719464900084674,0.0,0.0,0.0
241.79631743310168,31.556282605870035,19.719844458159383,0.0,0.0,0.0
241.79772727987418,31.566295889323406,19.720225362569973,0.0,0.0,0.0
241.7991405353935,31.57630909107369,19.720607613919505,0.0,0.0,0.0
241.80055719973885,31.58632221102255,19.720991212778276,0.0,0.0,0.0
241.80197727299208,31.596335249071334,19.721376159683768,0.0,0.0,0.0
241.80340075523745,31.606348205120998,19.721762455140468,0.0,0.0,0.0
241.804827646562,31.61636107907214,19.722150099619796,0.0,0.0,0.0
241.80625794705495,31.626373870824963,19.722539093560016,0.0,0.0,0.0
241.8076916568085,31.636386580279297,19.722929437366087,0.0,0.0,0.0
241.809128775917,31.646399207334635,19.72332113140957,0.0,0.0,0.0
241.81056930447787,31.656411751890076,19.723714176028544,0.0,0.0,0.0
241.81201324259058,31.666424213844348,19.72410857152745,0.0,0.0,0.0
241.81346059035758,31.676436593095783,19.72450431817703,0.0,0.0,0.0
241.81491134788365,31.6864488895424,19.724901416214202,0.0,0.0,0.0
241.8163655152765,31.696461103081777,19.725299865841944,0.0,0.0,0.0
241.81782309264608,31.706473233611167,19.725699667229204,0.0,0.0,0.0
241.81928408010523,31.716485281027406,19.72610082051078,0.0,0.0,0.0
241.82074847776937,31.726497245226984,19.726503325787228,0.0,0.0,0.0
241.82221628575644,31.736509126106025,19.726907183124744,0.0,0.0,0.0
241.8236875041871,31.746520923560247,19.72731239255506,0.0,0.0,0.0
241.82516213318465,31.756532637485016,19.72771895407535,0.0,0.0,0.0
241.82664017287522,31.766544267775295,19.728126867648115,0.0,0.0,0.0
241.82812162338723,31.77655581432569,19.728536133201075,0.0,0.0,0.0
241.8296064848522,31.78656727703043,19.728946750627088,0.0,0.0,0.0
241.83109475740392,31.796578655783353,19.729358719784013,0.0,0.0,0.0
241.83258644117933,31.806589950477925,19.729772040494627,0.0,0.0,0.0
241.83408153631754,31.81660116100724,19.73018671254651,0.0,0.0,0.0
241.83558004296094,31.82661228726401,19.73060273569197,0.0,0.0,0.0
241.83708196125406,31.836623329140558,19.731020109647893,0.0,0.0,0.0
241.83858729134468,31.84663428652882,19.73143883409569,0.0,0.0,0.0
241.84009603338285,31.856645159320376,19.731858908681158,0.0,0.0,0.0
241.84160818752164,31.86665594740641,19.732280333014398,0.0,0.0,0.0
241.8431237539168,31.876666650677723,19.732703106669693,0.0,0.0,0.0
241.84464273272692,31.886677269024748,19.73312722918544,0.0,0.0,0.0
241.84616512411313,31.8966878023375,19.73355270006402,0.0,0.0,0.0
241.84769092823944,31.906698250505663,19.733979518771722,0.0,0.0,0.0
241.8492201452727,31.91670861341849,19.734407684738596,0.0,0.0,0.0
241.85075277538243,31.92671889096488,19.73483719735841,0.0,0.0,0.0
241.8522888187411,31.936729083033345,19.735268055988524,0.0,0.0,0.0
241.8538282755237,31.946739189511995,19.735700259949795,0.0,0.0,0.0
241.85537114590835,31.95674921028856,19.736133808526446,0.0,0.0,0.0
241.85691743007578,31.96675914525039,19.736568700966032,0.0,0.0,0.0
241.8584671282096,31.976768994284473,19.737004936479288,0.0,0.0,0.0
241.86002024049623,31.986778757277357,19.73744251424005,0.0,0.0,0.0
241.861576767125,31.996788434115235,19.73788143338516,0.0,0.0,0.0
241.86313670828784,32.00679802468392,19.738321693014345,0.0,0.0,0.0
241.8647000641799,32.01680752886881,19.73876329219018,0.0,0.0,0.0
241.86626683499892,32.02681694655496,19.7392062299379,0.0,0.0,0.0
241.8678370209456,32.03682627762697,19.739650505245393,0.0,0.0,0.0
241.86941062222348,32.046835521969115,19.740096117063047,0.0,0.0,0.0
241.87098763903901,32.05684467946524,19.74054306430367,0.0,0.0,0.0
241.8725680716015,32.06685374999881,19.740991345842403,0.0,0.0,0.0
241.87415192012318,32.07686273345293,19.741440960516616,0.0,0.0,0.0
241.87573918481922,32.08687162971024,19.741891907125815,0.0,0.0,0.0
241.8773298659076,32.096880438653066,19.74234418443155,0.0,0.0,0.0
241.8789239636093,32.1068891601633,19.742797791157304,0.0,0.0,0.0
241.8805214781482,32.116897794122444,19.743252725988448,0.0,0.0,0.0
241.88212240975113,32.12690634041163,19.743708987572067,0.0,0.0,0.0
241.88372675864784,32.136914798911576,19.74416657451696,0.0,0.0,0.0
241.8853345250711,32.14692316950261,19.744625485393467,0.0,0.0,0.0
241.88694570925645,32.156931452064654,19.745085718733417,0.0,0.0,0.0
241.88856031144257,32.16693964647725,19.745547273030052,0.0,0.0,0.0
241.89017833187108,32.17694775261956,19.746010146737888,0.0,0.0,0.0
241.89179977078663,32.186955770370325,19.74647433827265,0.0,0.0,0.0
241.89342462843666,32.19696369960789,19.7469398460112,0.0,0.0,0.0
241.89505290507188,32.20697154021021,19.747406668291394,0.0,0.0,0.0
241.89668460094563,32.21697929205485,19.74787480341206,0.0,0.0,0.0
241.89831971631472,32.22698695501895,19.74834424963284,0.0,0.0,0.0
241.89995825143856,32.2369945289793,19.748815005174155,0.0,0.0,0.0
241.90160020657987,32.24700201381225,19.74928706821709,0.0,0.0,0.0
241.90324558200425,32.25700940939377,19.7497604369033,0.0,0.0,0.0
241.90489437798047,32.26701671559939,19.75023510933493,0.0,0.0,0.0
241.9065465947801,32.27702393230432,19.750711083574547,0.0,0.0,0.0
241.908202232678,32.28703105938329,19.751188357645002,0.0,0.0,0.0
241.90986129195213,32.29703809671068,19.751666929529407,0.0,0.0,0.0
241.91152377288324,32.30704504416044,19.752146797170994,0.0,0.0,0.0
241.91318967575538,32.317051901606135,19.75262795847306,0.0,0.0,0.0
241.9148590008556,32.3270586689209,19.753110411298863,0.0,0.0,0.0
241.9165317484742,32.33706534597752,19.753594153471543,0.0,0.0,0.0
241.91820791890424,32.347071932648326,19.754079182774056,0.0,0.0,0.0
241.91988751244233,32.357078428805245,19.754565496949052,0.0,0.0,0.0
241.9215705293877,32.36708483431984,19.755053093698827,0.0,0.0,0.0
241.92325697004313,32.37709114906324,19.755541970685183,0.0,0.0,0.0
241.92494683471432,32.38709737290616,19.756032125529448,0.0,0.0,0.0
241.92664012371014,32.39710350571894,19.75652355581227,0.0,0.0,0.0
241.92833683734256,32.40710954737148,19.757016259073616,0.0,0.0,0.0
241.9300369759268,32.417115497733306,19.757510232812674,0.0,0.0,0.0
241.93174053978117,32.427121356673496,19.75800547448774,0.0,0.0,0.0
241.93344752922718,32.43712712406076,19.758501981516183,0.0,0.0,0.0
241.9351579445894,32.447132799763374,19.758999751274324,0.0,0.0,0.0
241.93687178619584,32.45713838364923,19.759498781097378,0.0,0.0,0.0
241.93858905437742,32.467143875585755,19.759999068279367,0.0,0.0,0.0
241.94030974946833,32.47714927544002,19.760500610073027,0.0,0.0,0.0
241.9420338718061,32.487154583078684,19.761003403689767,0.0,0.0,0.0
241.94376142173127,32.49715979836796,19.761507446299543,0.0,0.0,0.0
241.94549239958783,32.50716492117368,19.76201273503081,0.0,0.0,0.0
241.94722680572272,32.51716995136125,19.762519266970436,0.0,0.0,0.0
241.9489646404864,32.527174888795656,19.763027039163614,0.0,0.0,0.0
241.95070590423228,32.53717973334149,19.763536048613794,0.0,0.0,0.0
241.95245059731715,32.54718448486291,19.764046292282618,0.0,0.0,0.0
241.95419872010126,32.55718914322368,19.764557767089816,0.0,0.0,0.0
241.95595027294775,32.56719370828713,19.765070469913155,0.0,0.0,0.0
241.95770525622328,32.57719817991618,19.76558439758835,0.0,0.0,0.0
241.95946367029762,32.58720255797335,19.766099546908993,0.0,0.0,0.0
241.96122551554404,32.59720684232072,19.766615914626467,0.0,0.0,0.0
241.96299079233896,32.60721103281996,19.767133497449887,0.0,0.0,0.0
241.96475950106202,32.61721512933234,19.767652292046044,0.0,0.0,0.0
241.9665316420963,32.62721913171868,19.76817229503927,0.0,0.0,0.0
241.96830721582816,32.637223039839405,19.76869350301143,0.0,0.0,0.0
241.97008622264732,32.64722685355452,19.769215912501814,0.0,0.0,0.0
241.9718686629467,32.657230572723584,19.769739520007064,0.0,0.0,0.0
241.9736545371227,32.667234197205794,19.770264321981138,0.0,0.0,0.0
241.97544384557492,32.67723772685985,19.770790314835192,0.0,0.0,0.0
241.9772365887065,32.68724116154409,19.77131749493753,0.0,0.0,0.0
241.9790327669237,32.69724450111641,19.771845858613545,0.0,0.0,0.0
241.98083238063631,32.707247745434266,19.772375402145634,0.0,0.0,0.0
241.98263543025746,32.71725089435471,19.77290612177313,0.0,0.0,0.0
241.98444191620365,32.72725394773438,19.773438013692243,0.0,0.0,0.0
241.9862518388948,32.737256905429476,19.773971074055975,0.0,0.0,0.0
241.98806519875416,32.74725976729577,19.774505298974066,0.0,0.0,0.0
241.9898819962083,32.7572625331886,19.77504068451293,0.0,0.0,0.0
241.9917022316874,32.76726520296292,19.775577226695564,0.0,0.0,0.0
241.99352590562495,32.77726777647321,19.776114921501517,0.0,0.0,0.0
241.99535301845788,32.78727025357354,19.776653764866786,0.0,0.0,0.0
241.9971835706265,32.79727263411757,19.777193752683782,0.0,0.0,0.0
241.99901756257464,32.8072749179585,19.777734880801244,0.0,0.0,0.0
242.00085499474943,32.81727710494912,19.77827714502419,0.0,0.0,0.0
242.00269586760174,32.8272791949418,19.77882054111385,0.0,0.0,0.0
242.0045401815855,32.83728118778847,19.77936506478757,0.0,0.0,0.0
242.00638793715842,32.847283083340606,19.779910711718813,0.0,0.0,0.0
242.00823913478158,32.8572848814493,19.780457477537034,0.0,0.0,0.0
242.0100937749195,32.867286581965175,19.781005357827663,0.0,0.0,0.0
242.0119518580402,32.87728818473845,19.781554348132,0.0,0.0,0.0
242.01381338461522,32.887289689618875,19.78210444394721,0.0,0.0,0.0
242.01567835511963,32.897291096455795,19.782655640726194,0.0,0.0,0.0
242.01754677003206,32.90729240509811,19.783207933877602,0.0,0.0,0.0
242.0194186298344,32.917293615394314,19.783761318765695,0.0,0.0,0.0
242.02129393501224,32.92729472719242,19.784315790710377,0.0,0.0,0.0
242.02317268605483,32.93729574034003,19.784871344987046,0.0,0.0,0.0
242.02505488345477,32.9472966546843,19.78542797682659,0.0,0.0,0.0
242.02694052770823,32.95729747007198,19.785985681415315,0.0,0.0,0.0
242.02882961931493,32.96729818634933,19.786544453894898,0.0,0.0,0.0
242.0307221587783,32.97729880336223,19.78710428936231,0.0,0.0,0.0
242.03261814660502,32.98729932095608,19.787665182869777,0.0,0.0,0.0
242.03451758330567,32.99729973897585,19.78822712942471,0.0,0.0,0.0
242.0364204693942,33.00730005726606,19.78879012398967,0.0,0.0,0.0
242.03832680538827,33.017300275670834,19.789354161482287,0.0,0.0,0.0
242.04023659180905,33.0273003940338,19.789919236775237,0.0,0.0,0.0
242.04214982918137,33.037300412198185,19.790485344696165,0.0,0.0,0.0
242.04406651803365,33.04730033000676,19.791052480027638,0.0,0.0,0.0
242.04598665889787,33.05730014730184,19.791620637507094,0.0,0.0,0.0
242.04791025230972,33.06729986392531,19.79218981182679,0.0,0.0,0.0
242.04983729880848,33.077299479718604,19.792759997633755,0.0,0.0,0.0
242.05176779893705,33.08729899452273,19.793331189529717,0.0,0.0,0.0
242.05370175324208,33.09729840817824,19.7939033820711,0.0,0.0,0.0
242.05563916227362,33.10729772052522,19.794476569768918,0.0,0.0,0.0
242.05758002658567,33.11729693140334,19.79505074708877,0.0,0.0,0.0
242.05952434673574,33.1272960406518,19.79562590845076,0.0,0.0,0.0
242.061472123285,33.13729504810937,19.796202048229468,0.0,0.0,0.0
242.06342335679832,33.14729395361437,19.796779160753896,0.0,0.0,0.0
242.06537804784435,33.15729275700466,19.797357240307427,0.0,0.0,0.0
242.0673361969953,33.167291458117646,19.797936281127757,0.0,0.0,0.0
242.06929780482724,33.17729005679032,19.79851627740689,0.0,0.0,0.0
242.0712628719197,33.18728855285917,19.799097223291035,0.0,0.0,0.0
242.07323139885614,33.197286946160276,19.79967911288063,0.0,0.0,0.0
242.07520338622365,33.207285236529245,19.800261940230232,0.0,0.0,0.0
242.07717883461305,33.21728342380124,19.800845699348518,0.0,0.0,0.0
242.07915774461904,33.22728150781096,19.80143038419822,0.0,0.0,0.0
242.08114011683978,33.23727948839266,19.80201598869609,0.0,0.0,0.0
242.08312595187735,33.24727736538015,19.802602506712848,0.0,0.0,0.0
242.08511525033765,33.25727513860676,19.803189932073177,0.0,0.0,0.0
242.08710801283027,33.26727280790537,19.80377825855561,0.0,0.0,0.0
242.0891042399685,33.27727037310843,19.804367479892576,0.0,0.0,0.0
242.09110393236944,33.2872678340479,19.804957589770297,0.0,0.0,0.0
242.09310709065414,33.2972651905553,19.805548581828756,0.0,0.0,0.0
242.09511371544718,33.3072624424617,19.806140449661704,0.0,0.0,0.0
242.0971238073772,33.31725958959766,19.806733186816565,0.0,0.0,0.0
242.0991373670764,33.32725663179337,19.807326786794427,0.0,0.0,0.0
242.1011543951809,33.337253568878474,19.807921243050014,0.0,0.0,0.0
242.1031748923307,33.34725040068219,19.80851654899162,0.0,0.0,0.0
242.10519885916955,33.35724712703328,19.8091126979811,0.0,0.0,0.0
242.1072262963451,33.36724374776005,19.80970968333381,0.0,0.0,0.0
242.10925720450868,33.37724026269033,19.810307498318608,0.0,0.0,0.0
242.11129158431567,33.38723667165145,19.810906136157783,0.0,0.0,0.0
242.1133294364252,33.39723297447035,19.81150559002704,0.0,0.0,0.0
242.11537076150017,33.40722917097347,19.81210585305547,0.0,0.0,0.0
242.11741556020763,33.417225260986754,19.812706918325514,0.0,0.0,0.0
242.1194638332182,33.42722124433573,19.813308778872912,0.0,0.0,0.0
242.12151558120652,33.43721712084543,19.813911427686705,0.0,0.0,0.0
242.12357080485114,33.447212890340424,19.814514857709195,0.0,0.0,0.0
242.12562950483448,33.457208552644815,19.815119061835876,0.0,0.0,0.0
242.12769168184278,33.46720410758223,19.81572403291548,0.0,0.0,0.0
242.12975733656634,33.477199554975854,19.816329763749863,0.0,0.0,0.0
242.13182646969923,33.48719489464836,19.81693624709406,0.0,0.0,0.0
242.13389908193957,33.497190126421984,19.817543475656187,0.0,0.0,0.0
