galstreams/tracks/track.st.NGC6101.ibata2024.ecsv
# %ECSV 1.0
# ---
# datatype:
# - {name: ra, unit: deg, datatype: float64}
# - {name: dec, unit: deg, datatype: float64}
# - {name: distance, unit: kpc, datatype: float64}
# - {name: pm_ra_cosdec, unit: mas / yr, datatype: float64}
# - {name: pm_dec, unit: mas / yr, datatype: float64}
# - {name: radial_velocity, unit: km / s, datatype: float64}
# delimiter: ','
# meta: !!omap
# - __serialized_columns__:
#     dec:
#       __class__: astropy.coordinates.angles.Latitude
#       unit: &id001 !astropy.units.Unit {unit: deg}
#       value: !astropy.table.SerializedColumn {name: dec}
#     distance:
#       __class__: astropy.coordinates.distances.Distance
#       unit: !astropy.units.Unit {unit: kpc}
#       value: !astropy.table.SerializedColumn {name: distance}
#     pm_dec:
#       __class__: astropy.units.quantity.Quantity
#       unit: !astropy.units.Unit {unit: mas / yr}
#       value: !astropy.table.SerializedColumn {name: pm_dec}
#     pm_ra_cosdec:
#       __class__: astropy.units.quantity.Quantity
#       unit: !astropy.units.Unit {unit: mas / yr}
#       value: !astropy.table.SerializedColumn {name: pm_ra_cosdec}
#     ra:
#       __class__: astropy.coordinates.angles.Longitude
#       unit: *id001
#       value: !astropy.table.SerializedColumn {name: ra}
#       wrap_angle: !astropy.coordinates.Angle
#         unit: *id001
#         value: 360.0
#     radial_velocity:
#       __class__: astropy.units.quantity.Quantity
#       unit: !astropy.units.Unit {unit: km / s}
#       value: !astropy.table.SerializedColumn {name: radial_velocity}
# schema: astropy-2.0
ra,dec,distance,pm_ra_cosdec,pm_dec,radial_velocity
[from data line 713]
245.69354079183924,-72.23033368643509,1.0000000000000007,1.7812445586492496,-0.372428395038618,364.1193960516785
245.72487663273225,-72.22738022407763,1.0000000000000007,1.780593339112702,-0.3711861345849208,364.10091374719633
245.75620281640536,-72.22442220493896,1.0000000000000004,1.779941848242407,-0.3699446536506983,364.08239664973235
245.78751932693555,-72.2214596254433,1.0000000000000007,1.779290083604228,-0.3687039523399953,364.0638447645782
245.8188261483901,-72.21849248202061,1.0000000000000007,1.7786380427648698,-0.3674640307626795,364.0452580970263
245.85012326482715,-72.21552077110661,1.0000000000000007,1.7779857232918044,-0.3662248890343953,364.0266366523682
245.88141066029485,-72.21254448914281,1.0000000000000007,1.7773331227533467,-0.36498652727664904,364.00798043589606
245.91268831883255,-72.2095636325765,1.0000000000000007,1.7766802387186553,-0.3637489456166456,363.98928945290174
245.9439562244704,-72.20657819786067,1.0000000000000004,1.7760270687576325,-0.36251214418746613,363.97056370867705
245.97521436122926,-72.20358818145415,1.0000000000000004,1.7753736104411209,-0.36127612312792223,363.95180320851415
246.0064627131211,-72.20059357982157,1.0000000000000007,1.7747198613407376,-0.36004088258255607,363.9330079577049
246.0377012641489,-72.19759438943328,1.0000000000000007,1.7740658190289906,-0.3588064227017611,363.9141779615412
246.06892999830683,-72.19459060676547,1.0000000000000004,1.773411481079247,-0.35757274364159386,363.89531322531496
246.10014889958038,-72.19158222830013,1.0000000000000007,1.7727568450657154,-0.35633984556388043,363.8764137543183
246.13135795194634,-72.18856925052506,1.0000000000000007,1.7721019085635241,-0.3551077286361526,363.8574795538429
246.1625571393729,-72.18555166993384,1.0000000000000007,1.7714466691486708,-0.35387639303172236,363.83851062918086
246.1937464458199,-72.18252948302587,1.0000000000000007,1.7707911243980226,-0.3526458389295648,363.8195069856241
246.2249258552387,-72.17950268630644,1.0000000000000007,1.7701352718893784,-0.35141606651433577,363.8004686284648
246.2560953515724,-72.1764712762865,1.0000000000000007,1.7694791092014635,-0.3501870759764465,363.78139556299425
246.28725491875596,-72.173435249483,1.0000000000000007,1.768822633913886,-0.34895886751194993,363.7622877945052
246.31840454071627,-72.17039460241865,1.0000000000000007,1.76816584360716,-0.3477314413225727,363.7431453282889
246.34954420137208,-72.16734933162199,1.0000000000000004,1.7675087358627897,-0.3465047976157436,363.72396816963766
246.38067388463426,-72.16429943362739,1.0000000000000007,1.766851308263199,-0.3452789366045046,363.7047563238433
246.41179357440612,-72.1612449049751,1.0000000000000004,1.7661935583917545,-0.3440538585075501,363.68550979619783
246.44290325458263,-72.15818574221124,1.0000000000000007,1.7655354838327595,-0.3428295635492482,363.6662285919932
246.47400290905168,-72.15512194188771,1.0000000000000007,1.7648770821715143,-0.34160605195958027,363.6469127165211
246.5050925216933,-72.15205350056236,1.0000000000000004,1.764218350994291,-0.3403833239741445,363.627562175074
246.53617207638035,-72.14898041479881,1.0000000000000007,1.7635592878882962,-0.33916137983412753,363.6081769729434
246.56724155697802,-72.14590268116662,1.0000000000000004,1.7628998904417719,-0.3379402197863435,363.5887571154213
246.5983009473443,-72.14282029624121,1.0000000000000004,1.7622401562439398,-0.3367198440831771,363.5693026077996
246.62935023133014,-72.13973325660385,1.0000000000000007,1.7615800828850077,-0.33550025298263364,363.54981345537044
246.66038939277922,-72.1366415588417,1.0000000000000007,1.7609196679561965,-0.3342814467482711,363.53028966342583
246.69141841552826,-72.13354519954784,1.0000000000000007,1.7602589090497736,-0.3330634256491969,363.5107312372574
246.72243728340703,-72.13044417532119,1.0000000000000009,1.759597803759008,-0.33184618996009263,363.49113818215716
246.75344598023864,-72.12733848276658,1.0000000000000007,1.7589363496781534,-0.3306297399611857,363.4715105034173
246.78444448983925,-72.12422811849476,1.0000000000000007,1.7582745444025871,-0.32941407593821026,363.45184820632926
246.81543279601846,-72.12111307912234,1.0000000000000007,1.757612385528689,-0.32819919818248877,363.4321512961856
246.84641088257936,-72.11799336127189,1.0000000000000004,1.7569498706538793,-0.32698510699080074,363.41241977827787
246.87737873331852,-72.11486896157184,1.0000000000000004,1.7562869973766615,-0.32577180266544303,363.39265365789805
246.90833633202618,-72.11173987665657,1.0000000000000007,1.7556237632965992,-0.32455928551423696,363.37285294033813
246.93928366248628,-72.10860610316632,1.0000000000000007,1.7549601660143237,-0.323347555850507,363.3530176308902
246.97022070847677,-72.1054676377473,1.0000000000000007,1.7542962031315392,-0.32213661399300975,363.3331477348458
247.00114745376885,-72.10232447705167,1.0000000000000004,1.7536318722510869,-0.32092646026600136,363.3132432574973
247.03206388212845,-72.09917661773746,1.0000000000000007,1.7529671709768335,-0.319717094999163,363.2933042041364
247.06296997731525,-72.09602405646865,1.0000000000000004,1.7523020969138052,-0.31850851852771456,363.2733305800551
247.09386572308316,-72.09286678991516,1.0000000000000007,1.7516366476681,-0.3173007311922085,363.25332239054524
247.12475110318033,-72.08970481475285,1.0000000000000007,1.7509708208469643,-0.31609373333871105,363.23327964089896
247.15562610134933,-72.08653812766352,1.0000000000000007,1.7503046140587255,-0.3148875253186816,363.21320233640813
247.18649070132702,-72.08336672533491,1.0000000000000007,1.7496380249129038,-0.31368210748896175,363.19309048236465
247.21734488684498,-72.08019060446074,1.0000000000000007,1.748971051020101,-0.31247748021186794,363.17294408406025
247.24818864162933,-72.07700976174063,1.0000000000000007,1.7483036899920776,-0.3112736438550634,363.15276314678744
247.27902194940089,-72.07382419388017,1.0000000000000007,1.7476359394417678,-0.31007059879159726,363.13254767583766
247.30984479387533,-72.07063389759097,1.0000000000000007,1.7469677969832196,-0.3088683453998975,363.112297676503
247.34065715876318,-72.06743886959053,1.0000000000000004,1.7462992602317042,-0.3076668840637744,363.09201315407535
247.37145902777,-72.06423910660236,1.0000000000000007,1.7456303268036129,-0.30646621517237094,363.07169411384666
247.4022503845964,-72.06103460535589,1.0000000000000007,1.7449609943165454,-0.30526633912019463,363.05134056110916
247.43303121293818,-72.05782536258658,1.0000000000000007,1.7442912603892582,-0.30406725630707143,363.0309525011542
247.46380149648633,-72.05461137503583,1.0000000000000007,1.7436211226417235,-0.3028689671382061,363.01052993927425
247.49456121892732,-72.05139263945104,1.0000000000000004,1.7429505786951012,-0.30167147202403655,362.990072880761
247.52531036394294,-72.04816915258556,1.0000000000000007,1.742279626171765,-0.3004747713803546,362.9695813309066
247.55604891521057,-72.04494091119875,1.0000000000000007,1.7416082626952791,-0.2992788656282457,362.9490552950027
247.58677685640322,-72.04170791205595,1.0000000000000007,1.7409364858904501,-0.29808375519413133,362.9284947783413
247.6174941711896,-72.03847015192851,1.0000000000000007,1.7402642933832828,-0.29688944050959876,362.90789978621456
247.64820084323418,-72.03522762759373,1.0000000000000007,1.7395916828010352,-0.2956959220116282,362.8872703239143
247.6788968561973,-72.03198033583494,1.0000000000000007,1.7389186517722175,-0.29450320014234777,362.8666063967324
247.70958219373546,-72.02872827344146,1.0000000000000004,1.738245197926517,-0.2933112753492537,362.8459080099609
247.74025683950106,-72.02547143720861,1.0000000000000007,1.7375713188949238,-0.292120148084976,362.8251751688915
247.77092077714272,-72.02220982393771,1.0000000000000004,1.7368970123096688,-0.290929818807399,362.8044078788164
247.80157399030523,-72.01894343043608,1.0000000000000009,1.7362222758042742,-0.2897402879796793,362.78360614502753
247.83221646262987,-72.01567225351708,1.0000000000000007,1.7355471070134891,-0.28855155607013216,362.7627699728167
247.86284817775424,-72.01239629000007,1.0000000000000007,1.7348715035733475,-0.28736362355226674,362.7418993674758
247.89346911931253,-72.0091155367104,1.0000000000000007,1.7341954631211722,-0.28617649090484676,362.72099433429713
247.92407927093555,-72.00582999047944,1.0000000000000004,1.733518983295549,-0.2849901586117518,362.7000548785723
247.95467861625065,-72.00253964814462,1.0000000000000004,1.7328420617364184,-0.28380462716204846,362.67908100559333
247.98526713888214,-71.99924450654933,1.0000000000000007,1.732164696084979,-0.2826198970499689,362.65807272065194
248.01584482245124,-71.99594456254306,1.0000000000000004,1.7314868839836848,-0.2814359687749217,362.63703002904043
248.04641165057598,-71.99263981298127,1.0000000000000007,1.7308086230763946,-0.28025284284137797,362.6159529360508
248.0769676068715,-71.98933025472545,1.0000000000000007,1.73012991100825,-0.2790705197590455,362.5948414469746
248.10751267495021,-71.98601588464312,1.0000000000000007,1.7294507454256705,-0.27788900004269124,362.573695567104
248.13804683842164,-71.98269669960789,1.0000000000000004,1.728771123976463,-0.27670828421219085,362.55251530173075
248.1685700808927,-71.97937269649934,1.0000000000000007,1.7280910443097453,-0.2755283727925111,362.5313006561471
248.1990823859676,-71.97604387220308,1.0000000000000004,1.727410504075987,-0.2743492663138092,362.5100516356449
248.22958373724828,-71.97271022361085,1.0000000000000007,1.726729500926976,-0.2731709653111345,362.488768245516
248.2600741183341,-71.96937174762033,1.0000000000000004,1.7260480325158838,-0.2719934703248015,362.4674504910522
248.2905535128221,-71.96602844113526,1.0000000000000007,1.7253660964972548,-0.2708167819000735,362.4460983775457
248.32102190430723,-71.9626803010655,1.0000000000000004,1.7246836905269367,-0.2696409005873086,362.42471191028835
248.3514792763822,-71.95932732432689,1.0000000000000004,1.7240008122621964,-0.26846582694188115,362.403291094572
248.38192561263764,-71.9559695078413,1.0000000000000004,1.7233174593616836,-0.26729156152420686,362.38183593568874
248.41236089666236,-71.95260684853673,1.0000000000000007,1.7226336294853821,-0.26611810489972854,362.36034643893055
248.44278511204323,-71.94923934334714,1.0000000000000007,1.7219493202946907,-0.26494545763889477,362.3388226095891
248.4731982423652,-71.94586698921263,1.0000000000000007,1.721264529452422,-0.2637736203171528,362.3172644529565
248.5036002712118,-71.94248978307931,1.0000000000000007,1.720579254622752,-0.2626025935149201,362.2956719743249
248.5339911821647,-71.93910772189935,1.0000000000000009,1.7198934934712815,-0.2614323778176555,362.2740451789857
248.56437095880426,-71.93572080263097,1.0000000000000007,1.7192072436650037,-0.26026297381572405,362.2523840722313
248.5947395847093,-71.93232902223846,1.0000000000000007,1.7185205028723232,-0.25909438210449665,362.2306886593535
248.62509704345734,-71.9289323776922,1.0000000000000007,1.7178332687630782,-0.2579266032842433,362.2089589456442
248.65544331862463,-71.92553086596862,1.0000000000000007,1.7171455390085484,-0.25675963796022216,362.18719493639554
248.6857783937862,-71.92212448405014,1.0000000000000004,1.7164573112814407,-0.25559348674264726,362.1653966368993
248.7161022525162,-71.91871322892538,1.0000000000000007,1.715768583255838,-0.2544281502465324,362.1435640524472
248.74641487838758,-71.91529709758893,1.0000000000000007,1.715079352607349,-0.2532636290919257,362.12169718833144
248.7767162549726,-71.91187608704146,1.0000000000000007,1.7143896170129658,-0.25209992390372804,362.0997960498442
248.80700636584248,-71.90845019428977,1.0000000000000004,1.7136993741511795,-0.2509370353116971,362.07786064227685
248.83728519456793,-71.90501941634666,1.0000000000000007,1.7130086217018956,-0.24977496395052512,362.0558909709217
248.86755272471893,-71.90158375023104,1.0000000000000007,1.7123173573465156,-0.24861371045974323,362.0338870410706
248.89780893986492,-71.89814319296786,1.0000000000000007,1.7116255787679,-0.24745327548374263,362.0118488580155
248.9280538235749,-71.8946977415882,1.0000000000000007,1.7109332836503706,-0.24629365967178174,361.9897764270485
248.9582873594176,-71.89124739312919,1.0000000000000004,1.7102404696797198,-0.2451348636779258,361.96766975346117
248.9885095309612,-71.887792144634,1.0000000000000004,1.7095471345432784,-0.24397688816108598,361.94552884254574
249.01872032177403,-71.88433199315196,1.0000000000000007,1.7088532759297745,-0.24281973378498733,361.92335369959414
249.0489197154241,-71.88086693573838,1.0000000000000007,1.7081588915294965,-0.24166340121816887,361.90114432989816
249.0791076954794,-71.87739696945472,1.0000000000000007,1.7074639790342392,-0.2405078911339693,361.87890073874996
249.10928424550812,-71.8739220913685,1.0000000000000007,1.706768536137246,-0.2393532042104951,361.8566229314411
249.13944934907855,-71.87044229855334,1.0000000000000007,1.7060725605332907,-0.23819934113061336,361.834310913264
249.16960298975917,-71.86695758808888,1.0000000000000007,1.7053760499186845,-0.2370463025820193,361.8119646895102
249.19974515111883,-71.86346795706092,1.0000000000000007,1.7046790019912388,-0.23589408925713684,361.78958426547183
249.22987581672692,-71.8599734025613,1.0000000000000004,1.7039814144502508,-0.23474270185308654,361.7671696464408
249.25999497015303,-71.85647392168795,1.0000000000000004,1.7032832849966377,-0.23359214107178516,361.74472083770917
249.29010259496775,-71.85296951154488,1.0000000000000007,1.7025846113327336,-0.23244240761982837,361.7222378445687
249.3201986747421,-71.84946016924222,1.0000000000000007,1.7018853911624738,-0.23129350220857603,361.6997206723114
249.35028319304786,-71.84594589189615,1.0000000000000004,1.7011856221913435,-0.23014542555404915,361.67716932622915
249.38035613345775,-71.84242667662892,1.0000000000000007,1.700485302126351,-0.22899817837699032,361.65458381161403
249.4104174795454,-71.83890252056892,1.0000000000000007,1.6997844286760628,-0.22785176140280328,361.6319641337578
249.44046721488556,-71.83537342085059,1.0000000000000007,1.6990829995505834,-0.22670617536157422,361.60931029795256
249.4705053230539,-71.83183937461446,1.0000000000000007,1.698381012461601,-0.22556142098803988,361.5866223094901
249.50053178762752,-71.82830037900716,1.0000000000000007,1.6976784651223529,-0.22441749902160524,361.56390017366255
249.53054659218463,-71.8247564311814,1.0000000000000007,1.6969753552476377,-0.22327441020632932,361.5411438957618
249.56054972030492,-71.82120752829599,1.0000000000000007,1.696271680553874,-0.22213215529084707,361.5183534810795
249.59054115556944,-71.8176536675158,1.0000000000000007,1.6955674387589958,-0.22099073502846878,361.49552893490795
249.62052088156096,-71.81409484601181,1.0000000000000007,1.694862627582542,-0.21985015017710552,361.4726702625389
249.65048888186374,-71.81053106096111,1.0000000000000007,1.6941572447456483,-0.2187104014992265,361.4497774692645
249.68044514006382,-71.80696230954682,1.0000000000000007,1.6934512879710102,-0.21757148976194074,361.4268505603765
249.71038963974897,-71.8033885889582,1.0000000000000004,1.692744754983,-0.21643341573692254,361.4038895411668
249.74032236450896,-71.79980989639057,1.0000000000000007,1.6920376435074722,-0.2152961802003759,361.38089441692745
249.77024329793548,-71.79622622904537,1.0000000000000004,1.691329951271963,-0.21415978393311974,361.35786519295044
249.80015242362228,-71.79263758413009,1.0000000000000004,1.690621676005609,-0.2130242277204708,361.33480187452744
249.83004972516528,-71.78904395885833,1.0000000000000007,1.6899128154391247,-0.21188951235232523,361.3117044669509
249.85993518616272,-71.78544535044976,1.0000000000000007,1.6892033673048532,-0.21075563862308044,361.2885729755123
249.8898087902149,-71.7818417561302,1.0000000000000007,1.6884933293367936,-0.20962260733162097,361.26540740550377
249.91967052092477,-71.77823317313145,1.0000000000000004,1.6877826992705307,-0.2084904192814072,361.2422077622169
249.94952036189778,-71.7746195986915,1.0000000000000007,1.6870714748432558,-0.20735907528032627,361.2189740509442
