galstreams/tracks/track.st.Pal5.ibata2021.ecsv
# %ECSV 1.0
# ---
# datatype:
# - {name: ra, unit: deg, datatype: float64}
# - {name: dec, unit: deg, datatype: float64}
# - {name: distance, unit: kpc, datatype: float64}
# - {name: pm_ra_cosdec, unit: mas / yr, datatype: float64}
# - {name: pm_dec, unit: mas / yr, datatype: float64}
# - {name: radial_velocity, unit: km / s, datatype: float64}
# delimiter: ','
# meta: !!omap
# - __serialized_columns__:
#     dec:
#       __class__: astropy.coordinates.angles.Latitude
#       unit: &id001 !astropy.units.Unit {unit: deg}
#       value: !astropy.table.SerializedColumn {name: dec}
#     distance:
#       __class__: astropy.coordinates.distances.Distance
#       unit: !astropy.units.Unit {unit: kpc}
#       value: !astropy.table.SerializedColumn {name: distance}
#     pm_dec:
#       __class__: astropy.units.quantity.Quantity
#       unit: !astropy.units.Unit {unit: mas / yr}
#       value: !astropy.table.SerializedColumn {name: pm_dec}
#     pm_ra_cosdec:
#       __class__: astropy.units.quantity.Quantity
#       unit: !astropy.units.Unit {unit: mas / yr}
#       value: !astropy.table.SerializedColumn {name: pm_ra_cosdec}
#     ra:
#       __class__: astropy.coordinates.angles.Longitude
#       unit: *id001
#       value: !astropy.table.SerializedColumn {name: ra}
#       wrap_angle: !astropy.coordinates.Angle
#         unit: *id001
#         value: 360.0
#     radial_velocity:
#       __class__: astropy.units.quantity.Quantity
#       unit: !astropy.units.Unit {unit: km / s}
#       value: !astropy.table.SerializedColumn {name: radial_velocity}
# schema: astropy-2.0
ra,dec,distance,pm_ra_cosdec,pm_dec,radial_velocity
[from data line 559]
226.41161493358857,-2.4239296080335357,21.730418758734732,-2.862578581431353,-2.9835349330691034,-54.73806745143218
226.41851683004177,-2.4163089019122816,21.733955788634727,-2.862368171029915,-2.982528308006686,-54.70960217936019
226.42542180433705,-2.408692725242427,21.73748222302091,-2.862157722173067,-2.9815225749418715,-54.68120950505504
226.43232985449586,-2.401081074946854,21.740998071509598,-2.861947236615462,-2.980517734140152,-54.65288931578453
226.43924097854008,-2.3934739479484937,21.744503343717124,-2.861736716111589,-2.9795137858671494,-54.624641498817155
226.44615517449142,-2.385871341170568,21.747998049259827,-2.8615261624157857,-2.97851073038862,-54.59646594142092
226.45307244037213,-2.3782732515363487,21.75148219775403,-2.8613155772822285,-2.977508567970459,-54.56836253086402
226.4599927742042,-2.3706796759694058,21.754955798816066,-2.861104962464943,-2.976507298878695,-54.5403311544148
226.46691617401015,-2.363090611393351,21.75841886206227,-2.8608943197177967,-2.975506923379488,-54.512371699341315
226.4738426378124,-2.3555060547320683,21.76187139710896,-2.8606836507945053,-2.9745074417391413,-54.48448405291179
226.4807721636335,-2.347926002909609,21.76531341357248,-2.860472957448626,-2.97350885422408,-54.45666810239445
226.48770474949637,-2.3403504528501062,21.768744921069153,-2.8602622414335666,-2.972511161100874,-54.42892373505743
226.49464039342382,-2.3327794014779926,21.7721659292153,-2.8600515045025805,-2.9715143626362233,-54.40125083816893
226.50157909343903,-2.325212845717741,21.77557644762728,-2.8598407484087627,-2.9705184590969567,-54.3736492989972
226.50852084756514,-2.3176507824941304,21.778976485921394,-2.8596299749050678,-2.9695234507500454,-54.34611900481038
226.51546565382552,-2.3100932087319856,21.782366053713986,-2.8594191857442888,-2.9685293378625874,-54.31865984287669
226.5224135102436,-2.30254012135643,21.78574516062138,-2.859208382679069,-2.9675361207018147,-54.29127170046428
226.52936441484314,-2.2949915172926336,21.789113816259917,-2.8589975674619046,-2.966543799535092,-54.26395446484139
226.53631836564773,-2.2874473934660684,21.79247203024592,-2.8587867418451367,-2.965552374629918,-54.23670802327605
226.54327536068143,-2.279907746802254,21.795819812195724,-2.8585759075809594,-2.964561846253921,-54.20953226303662
226.55023539796824,-2.272372574226979,21.79915717172565,-2.858365066421419,-2.963572214674866,-54.18242707139135
226.55719847553223,-2.2648418726662065,21.802484118452035,-2.858154220118408,-2.9625834801606423,-54.15539233560821
226.56416459139783,-2.2573156390459768,21.80580066199121,-2.8579433704236723,-2.9615956429792774,-54.12842794295555
226.57113374358934,-2.2497938702926366,21.80910681195951,-2.8577325190888105,-2.960608703398926,-54.10153378070156
226.57810593013144,-2.2422765633325765,21.812402577973245,-2.8575216678652753,-2.959622661687877,-54.07470973611437
226.58508114904876,-2.234763715092492,21.81568796964877,-2.857310818504371,-2.958637518114548,-54.0479556964621
226.59205939836616,-2.227255322499125,21.81896299660241,-2.8570999727572506,-2.9576532729474847,-54.02127154901316
226.5990406761085,-2.219751382479522,21.822227668450488,-2.8568891323749277,-2.9566699264553695,-53.99465718103541
226.606024980301,-2.2122518919607757,21.82548199480933,-2.8566782991082675,-2.9556874789070107,-53.96811247979747
226.6130123089687,-2.2047568478702537,21.82872598529528,-2.856467474707989,-2.954705930571346,-53.94163733256703
226.62000266013698,-2.197266247135496,21.83195964952466,-2.856256660924667,-2.9537252817174444,-53.91523162661283
226.62699603183134,-2.189780086684124,21.8351829971138,-2.8560458595087317,-2.952745532614503,-53.88889524920269
226.63399242207726,-2.1822983634440662,21.838396037679043,-2.855835072210472,-2.9517666835318495,-53.8626280876048
226.64099182890047,-2.1748210743432965,21.841598780836694,-2.85562430078003,-2.9507887347389397,-53.83643002908754
226.64799425032672,-2.167348216310094,21.844791236203108,-2.855413546967406,-2.949811686505357,-53.81030096091893
226.65499968438195,-2.1598797862727883,21.847973413394605,-2.8552028125224567,-2.9488355391008136,-53.78424077036711
226.66200812909221,-2.1524157811600144,21.851145322027513,-2.8549920991949014,-2.9478602927951543,-53.75824934470061
226.6690195824837,-2.144956197900453,21.85430697171817,-2.8547814087343104,-2.946885947858344,-53.732326571187315
226.67603404258261,-2.137501033423095,21.857458372082903,-2.854570742890118,-2.945912504560479,-53.70647233709551
226.68305150741534,-2.1300502846569764,21.86059953273804,-2.854360103411618,-2.944939963171786,-53.6806865296933
226.69007197500844,-2.1226039485314114,21.863730463299913,-2.8541494920479615,-2.9439683239626153,-53.654969036249
226.69709544338835,-2.11516202197589,21.866851173384852,-2.8539389105481634,-2.9429975872034446,-53.6293197440307
226.70412191058196,-2.1077245019199826,21.86996167260919,-2.853728360661093,-2.942027753164877,-53.603738540306736
226.71115137461598,-2.100291385293569,21.87306197058925,-2.8535178441354874,-2.9410588221176464,-53.5782253123451
226.71818383351743,-2.0928626690265784,21.87615207694137,-2.8533073627199412,-2.9400907943326087,-53.55277994741408
226.72521928531322,-2.085438350049244,21.879232001281885,-2.8530969181629127,-2.939123670080746,-53.52740233278192
226.73225772803065,-2.0780184252918534,21.88230175322711,-2.8528865122127236,-2.938157449633171,-53.50209235571676
226.73929915969683,-2.070602891685002,21.885361342393384,-2.8526761466175565,-2.9371921332611164,-53.47684990348676
226.74634357833924,-2.0631917461593297,21.888410778397045,-2.852465823125459,-2.93622772123594,-53.45167486336016
226.75339098198518,-2.055784985645789,21.89145007085441,-2.8522555434843415,-2.9352642138291287,-53.42656712260511
226.76044136866236,-2.048382607075384,21.89447922938182,-2.852045309441978,-2.93430161131229,-53.40152656848986
226.7674947363983,-2.0409846073793925,21.897498263595597,-2.8518351227460106,-2.933339913957159,-53.37655308828241
226.77455108322084,-2.033590983489272,21.900507183112072,-2.851624985143945,-2.9323791220355946,-53.35164656925131
226.7816104071578,-2.026201732336565,21.903505997547583,-2.8514148983831498,-2.9314192358195776,-53.32680689866435
226.78867270623712,-2.018816850853121,21.906494716518456,-2.8512048642108634,-2.930460255581212,-53.30203396378999
226.79573797848693,-2.01143633597084,21.90947334964102,-2.850994884374189,-2.929502181592729,-53.27732765189639
226.80280622193524,-2.004060184621934,21.9124419065316,-2.850784960620099,-2.9285450141264815,-53.25268785025156
226.80987743461043,-1.996688393738666,21.915400396806543,-2.850575094695428,-2.9275887534549416,-53.22811444612396
226.8169516145407,-1.9893209602536044,21.91834883008217,-2.8503652883468846,-2.9266333998507084,-53.20360732678151
226.82402875975455,-1.9819578810993748,21.921287215974807,-2.8501555433210424,-2.9256789535865035,-53.17916637949262
226.8311088682805,-1.9745991532088787,21.924215564100788,-2.8499458613643465,-2.924725414935169,-53.154791491525344
226.83819193814708,-1.9672447735151954,21.927133884076447,-2.8497362442231067,-2.923772784169667,-53.13048255014802
226.84527796738305,-1.9598947389514922,21.930042185518108,-2.849526693643509,-2.9228210615630865,-53.10623944262853
226.85236695401713,-1.952549046451247,21.932940478042102,-2.8493172113716025,-2.9218702473886324,-53.082062056235365
226.85945889607828,-1.945207692947987,21.93582877126477,-2.84910779915331,-2.9209203419196337,-53.057950278236696
226.86655379159535,-1.9378706753755521,21.938707074802423,-2.8488984587344284,-2.9199713454295413,-53.03390399590053
226.87365163859747,-1.9305379906678342,21.94157539827141,-2.8486891918606223,-2.9190232581919227,-53.009923096495164
226.88075243511366,-1.923209635759036,21.944433751288056,-2.8484800002774264,-2.918076080480468,-52.98600746728882
226.88785617917327,-1.9158856075834143,21.94728214346868,-2.848270885730256,-2.9171298125689913,-52.962156995549655
226.89496286880544,-1.9085659030755346,21.950120584429637,-2.848061849964389,-2.9161844547314186,-52.93837156854586
226.90207250203966,-1.9012505191700182,21.952949083787228,-2.8478528947249844,-2.9152400072418025,-52.91465107354556
226.9091850769053,-1.8939394528017635,21.955767651157807,-2.8476440217570698,-2.914296470374309,-52.89099539781703
226.91630059143188,-1.8866327009058534,21.95857629615769,-2.8474352328055503,-2.9133538444032294,-52.867404428628504
226.9234190436491,-1.8793302604174524,21.961375028403225,-2.847226529615204,-2.9124121296029677,-52.843878053248
226.9305404315865,-1.872032128272044,21.96416385751071,-2.847017913930686,-2.9114713262480523,-52.82041615894391
226.937664753274,-1.8647383014051588,21.966942793096507,-2.8468093874965197,-2.910531434613122,-52.79701863298432
226.9447920067413,-1.8574487767526429,21.969711844776935,-2.846600952057117,-2.9095924549729437,-52.773685362637394
226.95192219001842,-1.8501635512503938,21.972471022168325,-2.8463926093567533,-2.908654387602392,-52.75041623517129
226.95905530113524,-1.8428826218346253,21.975220334887005,-2.8461843611395903,-2.9077172327764664,-52.72721113785432
226.9661913381219,-1.8356059854416016,21.977959792549303,-2.8459762091496623,-2.906780990770281,-52.704069957954665
226.97333029900847,-1.828333639007902,21.980689404771557,-2.8457681551308815,-2.905845661859065,-52.68099258274057
226.98047218182518,-1.821065579470158,21.983409181170092,-2.845560200827037,-2.904911246318165,-52.65797889947988
226.98761698460228,-1.813801803765285,21.986119131361242,-2.845352347981801,-2.9039777444230475,-52.63502879544127
226.99476470537007,-1.8065423088303785,21.98881926496133,-2.8451445983387225,-2.9030451564492914,-52.61214215789242
227.00191534215904,-1.7992870916026225,21.99150959158671,-2.8449369536412226,-2.9021134826725876,-52.589318874101956
227.00906889299952,-1.792036149019516,21.99419012085368,-2.8447294156326164,-2.9011827233687546,-52.56655883133789
227.01622535592222,-1.7847894780186118,21.996860862378586,-2.844521986056089,-2.900252878813716,-52.54386191686845
227.02338472895758,-1.7775470755377762,21.999521825777755,-2.844314666654708,-2.8993239492835126,-52.521228017961754
227.0305470101364,-1.7703089385149282,22.002173020667524,-2.8441074591714246,-2.8983959350543005,-52.49865702188603
227.0377121974892,-1.7630750638883053,22.00481445666422,-2.843900365349067,-2.89746883640235,-52.476148815909454
227.04488028904703,-1.7558454485961956,22.007446143384175,-2.84369338693035,-2.8965426536040475,-52.45370328730032
227.05205128284055,-1.7486200895771742,22.01006809044371,-2.8434865256578705,-2.895617386935891,-52.43132032332656
227.0592251769007,-1.741398983769996,22.012680307459167,-2.843279783274106,-2.8946930366744934,-52.408999811256706
227.06640196925852,-1.734182128113506,22.01528280404687,-2.8430731615214153,-2.89376960309658,-52.38674163835866
227.0735816579449,-1.7269695195468648,22.017875589823152,-2.8428666621420478,-2.89284708647899,-52.36454569190084
227.08076424099107,-1.7197611550092868,22.020458674404342,-2.842660286878128,-2.8919254870986735,-52.34241185915116
227.08794971642806,-1.7125570314403031,22.023032067406774,-2.842454037471674,-2.891004805232698,-52.320340027378144
227.09513808228715,-1.705357145779499,22.025595778446775,-2.842247915664583,-2.890085041158236,-52.29833008384975
227.10232933659947,-1.698161494966774,22.02814981714067,-2.8420419231986402,-2.8891661951525798,-52.276381915834214
227.10952347739644,-1.6909700759420876,22.030694193104797,-2.8418360618155143,-2.8882482674931285,-52.25449541059978
227.11672050270934,-1.6837828856457098,22.03322891595549,-2.841630333256762,-2.8873312584573916,-52.2326704554147
227.12392041056964,-1.6765999210179718,22.03575399530907,-2.841424739263827,-2.886415168322994,-52.210906937547044
227.13112319900873,-1.669421178999482,22.03826944078187,-2.841219281578041,-2.8854999973676696,-52.18920474426482
227.1383288660581,-1.6622466565310396,22.040775261990227,-2.841013961940617,-2.884585745869261,-52.1675637628366
227.14553740974935,-1.6550763505535329,22.04327146855046,-2.840808782092667,-2.8836724141057237,-52.14598388053036
227.15274882811406,-1.6479102580081615,22.04575807007891,-2.8406037437751785,-2.8827600023551216,-52.1244649846143
227.15996311918397,-1.6407483758361845,22.04823507619191,-2.840398848729037,-2.8818485108956295,-52.10300696235666
227.1671802809906,-1.6335907009791795,22.05070249650577,-2.840194098695017,-2.880937940005533,-52.08160970102565
227.17440031156588,-1.626437230378777,22.053160340636843,-2.8399894954137754,-2.880028289963221,-52.060273087889385
227.18162320894146,-1.6192879609769244,22.055608618201443,-2.8397850406258693,-2.8791195610471987,-52.03899701021606
227.18884897114924,-1.612142889715628,22.058047338815918,-2.8395807360717353,-2.8782117535360747,-52.01778135527404
227.19607759622102,-1.6050020135372092,22.060476512096578,-2.8393765834917115,-2.8773048677085695,-51.9966260103311
227.20330908218878,-1.5978653293840461,22.062896147659767,-2.8391725846260183,-2.8763989038435076,-51.975530862655866
227.2105434270845,-1.5907328341988023,22.06530625512182,-2.838968741214774,-2.8754938622198263,-51.95449579951632
227.21778062894006,-1.583604524924328,22.067706844099046,-2.8387650549979866,-2.874589743116565,-51.93352070818067
227.22502068578765,-1.576480398503563,22.070097924207797,-2.838561527715556,-2.8736865468128743,-51.91260547591723
227.2322635956592,-1.5693604518797646,22.07247950506439,-2.838358161107278,-2.8727842735880107,-51.89174998999402
227.2395093565869,-1.5622446819962463,22.074851596285168,-2.8381549569128386,-2.8718829237213357,-51.87095413767926
227.24675796660284,-1.5551330857966394,22.07721420748645,-2.8379519168718192,-2.8709824974923195,-51.85021780624119
227.25400942373932,-1.548025660224634,22.079567348284574,-2.8377490427236944,-2.8700829951805367,-51.829540882948045
227.2612637260284,-1.5409224022242374,22.081911028295856,-2.8375463362078372,-2.8691844170656693,-51.808923255067945
227.2685208715025,-1.5338233087395123,22.08424525713665,-2.837343799063506,-2.8682867634274998,-51.78836480986918
227.27578085819374,-1.526728376714809,22.086570044423265,-2.8371414330298688,-2.8673900345459242,-51.76786543461966
227.28304368413453,-1.5196376030946652,22.088885399772046,-2.836939239845978,-2.8664942307009365,-51.74742501658792
227.2903093473572,-1.5125509848237078,22.091191332799312,-2.8367372212507873,-2.8655993521726377,-51.7270434430419
227.29757784589412,-1.5054685188468828,22.093487853121403,-2.8365353789831467,-2.8647053992412337,-51.70672060124986
227.30484917777778,-1.498390202109194,22.09577497035464,-2.8363337147818033,-2.863812372187034,-51.6864563784802
227.3121233410405,-1.4913160315559626,22.098052694115367,-2.8361322303853997,-2.8629202712904505,-51.66625066200076
227.3194003337148,-1.4842460041325702,22.100321034019903,-2.8359309275324778,-2.862029096832,-51.64610333907988
227.3266801538332,-1.4771801167847125,22.102579999684583,-2.8357298079614806,-2.8611388490923004,-51.62601429698586
227.3339627994282,-1.4701183664581479,22.104829600725736,-2.8355288734107447,-2.8602495283520772,-51.60598342298688
227.34124826853233,-1.463060750098951,22.107069846759686,-2.8353281256185117,-2.8593611348921533,-51.58601060435092
227.3485365591782,-1.456007264653255,22.109300747402774,-2.8351275663229174,-2.858473668993456,-51.56609572834629
227.35582766939842,-1.448957907067478,22.11152231227133,-2.834927197261999,-2.8575871309370133,-51.54623868224122
227.3631215972255,-1.441912674288231,22.113734550981672,-2.834727020173699,-2.8567015210039592,-51.526439353303886
227.37041834069223,-1.4348715632622113,22.115937473150147,-2.834527036795853,-2.85581683947552,-51.50669762880245
227.37771789783113,-1.4278345709364366,22.11813108839307,-2.8343272488662032,-2.8549330866330345,-51.48701339600507
227.38502026667504,-1.420801694257984,22.120315406326785,-2.8341276581223926,-2.8540502627579345,-51.46738654218017
