galstreams/tracks/track.st.Slidr.ibata2021.ecsv
# %ECSV 0.9
# ---
# datatype:
# - {name: ra, unit: deg, datatype: float64}
# - {name: dec, unit: deg, datatype: float64}
# - {name: distance, unit: kpc, datatype: float64}
# - {name: pm_ra_cosdec, unit: mas / yr, datatype: float64}
# - {name: pm_dec, unit: mas / yr, datatype: float64}
# - {name: radial_velocity, unit: km / s, datatype: float64}
# delimiter: ','
# meta: !!omap
# - __serialized_columns__:
#     dec:
#       __class__: astropy.coordinates.angles.Latitude
#       unit: &id001 !astropy.units.Unit {unit: deg}
#       value: !astropy.table.SerializedColumn {name: dec}
#     distance:
#       __class__: astropy.coordinates.distances.Distance
#       unit: !astropy.units.Unit {unit: kpc}
#       value: !astropy.table.SerializedColumn {name: distance}
#     pm_dec:
#       __class__: astropy.units.quantity.Quantity
#       unit: !astropy.units.Unit {unit: mas / yr}
#       value: !astropy.table.SerializedColumn {name: pm_dec}
#     pm_ra_cosdec:
#       __class__: astropy.units.quantity.Quantity
#       unit: !astropy.units.Unit {unit: mas / yr}
#       value: !astropy.table.SerializedColumn {name: pm_ra_cosdec}
#     ra:
#       __class__: astropy.coordinates.angles.Longitude
#       unit: *id001
#       value: !astropy.table.SerializedColumn {name: ra}
#       wrap_angle: !astropy.coordinates.Angle
#         unit: *id001
#         value: 360.0
#     radial_velocity:
#       __class__: astropy.units.quantity.Quantity
#       unit: !astropy.units.Unit {unit: km / s}
#       value: !astropy.table.SerializedColumn {name: radial_velocity}
# schema: astropy-2.0
ra,dec,distance,pm_ra_cosdec,pm_dec,radial_velocity
[from data line 423]
152.93222385443056,13.609634836920526,2.6390596240766633,-26.8356766882397,-7.789096116402012,-56.72395908359125
152.94112067997352,13.60075885766614,2.6395596530799272,-26.832651514014636,-7.787546999487528,-56.71496186858893
152.9500172554108,13.591884462529901,2.640059768837046,-26.829625003235726,-7.785998586442768,-56.70596625683954
152.9589135849249,13.583011687412391,2.6405599692364103,-26.826597167060843,-7.784450875859287,-56.69697228489234
152.96780967047522,13.5741405482682,2.6410602513413513,-26.823568029315084,-7.78290386125968,-56.68797997138875
152.9767055162354,13.565271080875718,2.6415606131782594,-26.82053759987461,-7.781357541618912,-56.678989352595586
152.9856011263712,13.556403320918582,2.642061052778611,-26.817505888585856,-7.779811915911769,-56.670000464683795
152.99449650504098,13.547537303985756,2.6425615681789694,-26.814472905265447,-7.778266983112794,-56.661013343728364
153.00339165639528,13.538673065571624,2.643062157420975,-26.811438659700265,-7.7767227421963945,-56.65202802570849
153.01228658457714,13.5298106410761,2.6435628185513385,-26.808403161647497,-7.77517919213677,-56.64304454650725
153.0211812937219,13.520950065804271,2.6440635496218645,-26.805366420834602,-7.773636331907921,-56.634062941911694
153.03007578795712,13.512091374966925,2.644564348689427,-26.802328446959294,-7.772094160483681,-56.62508324761385
153.0389700714029,13.5032346036803,2.645065213815969,-26.799289249689636,-7.770552676837708,-56.61610549920917
153.0478641481715,13.494379786966224,2.6455661430685122,-26.79624883866405,-7.769011879943507,-56.60712973219817
153.05675802236757,13.485526959752143,2.6460671345191464,-26.7932072234913,-7.7674717687744,-56.59815598198464
153.06565169808815,13.47667615687099,2.6465681862450343,-26.79016441375048,-7.7659323423035325,-56.58918428387713
153.07454517942242,13.467827413061519,2.6470692963284046,-26.787120418991112,-7.7643935995039275,-56.580214673089124
153.08343847045205,13.4589807629681,2.647570462856553,-26.78407524873308,-7.762855539348424,-56.57124718473788
153.09233157525088,13.450136241140875,2.6480716839218412,-26.781028912466695,-7.761318160809711,-56.562281853845505
153.1012244978851,13.441293882035682,2.6485729576216945,-26.777981419652722,-7.7597814628603405,-56.55331871533794
153.11011724241334,13.432453720014259,2.6490742820585975,-26.77493277972239,-7.758245444472706,-56.54435780404627
153.11900981288613,13.423615789344186,2.649575655340097,-26.771883002077324,-7.756710104619074,-56.535399154705935
153.12790221334666,13.414780124198913,2.6500770755787926,-26.76883209608974,-7.755175442271581,-56.526442801957074
153.13679444783034,13.405946758657809,2.6505785408923472,-26.765780071102252,-7.753641456402203,-56.51748878034457
153.1456865203646,13.397115726706238,2.651080049403474,-26.762726936428116,-7.752108145982806,-56.508537124317556
153.15457843496947,13.388287062235591,2.651581599239937,-26.759672701351032,-7.750575509985128,-56.49958786823019
153.16347019565694,13.379460799043235,2.652083188534558,-26.756617375125266,-7.7490435473807775,-56.490641046341345
153.1723618064315,13.37063697083273,2.652584815425197,-26.753560966975723,-7.747512257141249,-56.48169669281476
153.18125327128982,13.361815611213713,2.6530864780547687,-26.750503486097873,-7.745981638237916,-56.47275484171907
153.1901445942207,13.352996753701962,2.6535881745712335,-26.74744494165779,-7.744451689642048,-56.46381552702727
153.1990357792054,13.344180431719586,2.6540899031275886,-26.744385342792185,-7.742922410324788,-56.45487878261824
153.20792683021722,13.335366678594857,2.6545916618818763,-26.741324698608416,-7.7413937992571995,-56.44594464227526
153.21681775122178,13.326555527562466,2.655093448997172,-26.73826301818457,-7.739865855410226,-56.43701313968661
153.2257085461771,13.317747011763256,2.6555952626415986,-26.735200310569304,-7.738338577754708,-56.42808430844571
153.23459921903296,13.3089411642447,2.6560971009883056,-26.732136584782136,-7.736811965261404,-56.41915818205096
153.243489773732,13.30013801796068,2.6565989622154698,-26.72907184981322,-7.73528601690097,-56.4102347939068
153.25238021420844,13.291337605771291,2.6571008445063176,-26.726006114623438,-7.7337607316439865,-56.40131417732118
153.26127054438922,13.282539960443557,2.6576027460490805,-26.722939388144546,-7.73223610846094,-56.392396365509
153.2701607681933,13.273745114650756,2.658104665037037,-26.719871679278967,-7.73071214632221,-56.38348139158948
153.27905088953173,13.264953100973038,2.658606599668474,-26.716802996900007,-7.729188844198138,-56.374569288587836
153.28794091230796,13.25616395189711,2.6591085481467034,-26.71373334985185,-7.72766620105897,-56.36566008943394
153.29683084041747,13.247377699816301,2.6596105086800685,-26.710662746949367,-7.72614421587487,-56.3567538269634
153.30572067774813,13.23859437703099,2.6601124794819104,-26.70759119697849,-7.724622887615947,-56.34785053391779
153.31461042817986,13.22981401574805,2.660614458770604,-26.704518708695847,-7.72310221525224,-56.338950242943525
153.32350010292487,13.22103671336494,2.6611164448688642,-26.701445273795166,-7.721582206657981,-56.33005304834492
153.33238969960126,13.212262446321445,2.661618435844461,-26.69837091618789,-7.720062852995474,-56.3211589300975
153.34127922112953,13.203491238217993,2.662120429913895,-26.695295646755568,-7.718544152086012,-56.312267912692576
153.35016867135752,13.194723120881816,2.6626224253159583,-26.692219474136547,-7.717026102899356,-56.303380028392056
153.35905805412546,13.18595812604735,2.663124420294435,-26.689142406940324,-7.715508704405224,-56.29449530936385
153.3679473732655,13.177196285356153,2.6636264130981075,-26.68606445374742,-7.713991955573297,-56.28561378768144
153.37683663260222,13.168437630356777,2.6641284019807725,-26.682985623109303,-7.7124758553731825,-56.27673549532396
153.38572583595223,13.159682192505175,2.664630385201209,-26.67990592354852,-7.710960402774473,-56.26786046417666
153.3946149871242,13.150930003164481,2.665132361023194,-26.676825363558727,-7.709445596746718,-56.25898872603109
153.40350408991924,13.142181093605261,2.6656343277154906,-26.673743951604735,-7.70793143625942,-56.250120312584635
153.41239314813026,13.133435495005275,2.666136283551861,-26.670661696122355,-7.706417920282055,-56.24125525544064
153.42128216554258,13.12469323844989,2.6666382268110422,-26.667578605518642,-7.704905047784066,-56.23239358610885
153.4301711459337,13.115954354931866,2.6671401557767607,-26.664494688171786,-7.7033928177348665,-56.22353533600538
153.43906009307304,13.10721887535149,2.667642068737725,-26.661409952431146,-7.701881229103854,-56.21468053645203
153.44794901072237,13.098486830516741,2.6681439639876143,-26.658324406617357,-7.700370280860395,-56.20582921867747
153.45683790263544,13.089758251143158,2.6686458398250887,-26.65523805902225,-7.698859971973846,-56.196981413816765
153.46572677255827,13.081033167854036,2.669147694553779,-26.652150917908905,-7.697350301413545,-56.188137152910926
153.47461562422905,13.072311611180362,2.6696495264822895,-26.6490629915117,-7.695841268148792,-56.17929646690787
153.48350446137786,13.063593611561023,2.6701513339241862,-26.645974288036324,-7.694332871148918,-56.17045938666192
153.49239328772717,13.05487919934278,2.6706531151980024,-26.642884815659794,-7.69282510938322,-56.16162594293431
153.50128210699154,13.046168404780243,2.6711548686272346,-26.63979458253045,-7.691317981820975,-56.152796166392704
153.51017092287745,13.037461258036105,2.6716565925403324,-26.63670359676805,-7.689811487431513,-56.143970087610995
153.51905973908384,13.028757789181078,2.672158285270706,-26.63361186646375,-7.688305625184096,-56.13514773707096
153.52794855930142,13.020058028193986,2.6726599451567195,-26.630519399680068,-7.68680039404803,-56.12632914516031
153.53683738721327,13.011362004961791,2.6731615705416845,-26.627426204451034,-7.6852957929926085,-56.11751434217429
153.5457262264946,13.002669749279711,2.67366315977386,-26.62433228878211,-7.6837918209871425,-56.10870335831493
153.55461508081243,12.993981290851233,2.6741647112064513,-26.621237660650262,-7.682288477000959,-56.09989622369063
153.56350395382628,12.985296659288183,2.6746662231976055,-26.61814232800397,-7.680785760003378,-56.091092968317625
153.57239284918754,12.976615884110888,2.6751676941104026,-26.61504629876331,-7.679283668963742,-56.08229362211964
153.5812817705398,12.967938994747975,2.6756691223128692,-26.611949580819797,-7.67778220285142,-56.07349821492667
153.59017072151875,12.959266020536703,2.676170506177954,-26.60885218203667,-7.676281360635789,-56.06470677647615
153.59905970575213,12.950596990722932,2.67667184408354,-26.60575411024871,-7.674781141286263,-56.0559193364136
153.6079487268599,12.94193193446115,2.677173134412435,-26.60265537326233,-7.673281543772262,-56.04713592429142
153.61683778845395,12.933270880814538,2.6776743755523733,-26.599555978855673,-7.671782567063252,-56.03835656956923
153.62572689413847,12.92461385875512,2.6781755658960034,-26.596455934778497,-7.670284210128729,-56.029581301614684
153.63461604750964,12.915960897163698,2.678676703840896,-26.59335524875234,-7.668786471938201,-56.020810149702896
153.64350525215568,12.907312024829862,2.679177787789545,-26.590253928470382,-7.667289351461217,-56.01204314301609
153.65239451165704,12.898667270452492,2.6796788161493312,-26.587151981597714,-7.665792847667388,-56.00328031064523
153.66128382958627,12.890026662639208,2.680179787332568,-26.584049415771023,-7.664296959526331,-55.994521681588466
153.6701732095078,12.881390229906849,2.680680699756457,-26.580946238599008,-7.662801686007732,-55.98576728475155
153.67906265497842,12.87275800068134,2.6811815518431126,-26.577842457662065,-7.661307026081294,-55.977017148948434
153.68795216954683,12.86413000329801,2.681682342019535,-26.574738080512574,-7.659812978716802,-55.968271302901236
153.6968417605762,12.855506299734275,2.6821830682304073,-26.571633110873798,-7.65831954586125,-55.95952980779449
153.70573143533704,12.846886951103151,2.6826837284030756,-26.56852755283525,-7.656826729290925,-55.950792724014335
153.71462118992724,12.838271919910232,2.6831843219098275,-26.56542142140114,-7.655334522139689,-55.94206001675837
153.72351102786328,12.829661234120808,2.683684847197618,-26.56231472400944,-7.653842923377522,-55.9333317143743
153.7324009526534,12.82105492160956,2.68418530271829,-26.559207468070163,-7.65235193197446,-55.92460784511654
153.74129096779822,12.812453010160876,2.6846856869285634,-26.55609966096527,-7.650861546900595,-55.91588843714931
153.75018107679034,12.803855527468857,2.6851859982900286,-26.55299131004882,-7.649371767126102,-55.90717351854448
153.75907128311434,12.795262501137353,2.6856862352691526,-26.549882422646945,-7.647882591621202,-55.89846311728258
153.76796159024707,12.78667395867992,2.6861863963372756,-26.546773006057823,-7.6463940193561815,-55.88975726125294
153.7768520016572,12.778089927520288,2.6866864799705876,-26.543663067551847,-7.644906049301425,-55.8810559782533
153.7857425208057,12.769510434991853,2.687186484650158,-26.5405526143715,-7.643418680427341,-55.872359295990165
153.79463315114566,12.760935508338285,2.6876864088618975,-26.53744165373147,-7.641931911704457,-55.86366724207917
153.803523896122,12.752365174713221,2.6881862510965835,-26.534330192818683,-7.640445742103359,-55.85497984404439
153.81241475917196,12.743799461180526,2.688686009849842,-26.531218238792203,-7.638960170594702,-55.8462971293193
153.82130574372465,12.735238394714317,2.6891856836221417,-26.52810579878347,-7.637475196149242,-55.837619125245816
153.83019685320144,12.726682002199048,2.6896852709187975,-26.524992879896168,-7.635990817737802,-55.82894585907583
153.83908809101575,12.718130310429512,2.6901847702499686,-26.52187948920629,-7.634507034331293,-55.82027735796945
153.8479794605729,12.70958334611099,2.690684180130647,-26.518765633762165,-7.633023844900719,-55.811613648996236
153.85687096527047,12.701041135859372,2.6911834990806565,-26.515651320584556,-7.631541248417169,-55.80295475913586
153.8657626084981,12.692503706200998,2.691682725624656,-26.51253655666654,-7.630059243851811,-55.79430071527605
153.87465439363743,12.683971083573029,2.692181858292126,-26.50942134897368,-7.628577830175921,-55.78565154421567
153.88354632406222,12.675443294323324,2.69268089561737,-26.506305704444003,-7.627097006360867,-55.77700727266151
153.89243840313824,12.666920364710542,2.6931798361395134,-26.503189629987947,-7.6256167713781196,-55.76836792723062
153.9013306342234,12.658402320904273,2.693678678402491,-26.50007313248855,-7.6241371241992315,-55.7597335344496
153.91022302066776,12.649889188985089,2.694177420955054,-26.496956218801323,-7.622658063795869,-55.751104120755414
153.91911556581326,12.641380994944567,2.6946760623507604,-26.493838895754394,-7.621179589139796,-55.74247971249408
153.92800827299408,12.63287776468543,2.6951746011479703,-26.49072117014844,-7.61970169920288,-55.73386033592182
153.93690114553635,12.624379524021657,2.69567303590984,-26.487603048756842,-7.618224392957115,-55.72524601720496
153.94579418675838,12.61588629867831,2.6961713652043366,-26.484484538325482,-7.616747669374573,-55.71663678241935
153.95468739997057,12.607398114292014,2.6966695876042017,-26.481365645573117,-7.61527152742744,-55.708032657551875
153.96358078847524,12.598914996410723,2.6971677016869764,-26.478246377191052,-7.613795966088054,-55.699433668499026
153.97247435556693,12.590436970493855,2.6976657060349836,-26.475126739843443,-7.612320984328819,-55.69083984106756
153.98136810453215,12.5819640619125,2.698163599235326,-26.472006740167163,-7.610846581122296,-55.68225120097476
153.9902620386496,12.573496295949179,2.6986613798798955,-26.46888638477182,-7.609372755441106,-55.6736677738482
153.99915616119003,12.565033697798405,2.6991590465653372,-26.46576568023997,-7.607899506258053,-55.665089585226255
154.00805047541616,12.55657629256634,2.6996565978930818,-26.462644633126953,-7.606426832546044,-55.65651666055768
154.01694498458284,12.54812410527108,2.700154032469317,-26.459523249961002,-7.604954733278094,-55.647949025201726
154.02583969193714,12.539677160842656,2.7006513489049953,-26.456401537243295,-7.603483207427342,-55.6393867044291
154.03473460071794,12.531235484123124,2.701148545815829,-26.45327950144786,-7.6020122539670885,-55.63082972342057
154.04362971415645,12.522799099866704,2.70164562182228,-26.450157149021795,-7.6005418718707265,-55.622278107267945
154.05252503547578,12.514368032739739,2.7021425755495634,-26.447034486385167,-7.5990720601117925,-55.61373188097455
154.06142056789116,12.505942307320955,2.7026394056276355,-26.443911519931074,-7.597602817663974,-55.60519106945408
154.0703163146101,12.497521948101234,2.703136110691205,-26.440788256025648,-7.596134143501047,-55.59665569753216
154.07921227883182,12.489106979484086,2.7036326893797047,-26.437664701008163,-7.594666036596984,-55.58812578994474
154.08810846768097,12.480697460214357,2.7041291395513096,-26.43454085993723,-7.593198498061273,-55.57960140490935
154.0970048902774,12.472293466458447,2.7046254586479206,-26.431416737397498,-7.59173153002106,-55.57108261765214
154.10590154003293,12.4638949368691,2.705121647263175,-26.42829234286476,-7.590265126110806,-55.5625693693029
154.11479842011454,12.455501895492691,2.70561770405582,-26.425167682568905,-7.58879928530502,-55.55406168423541
154.12369553368117,12.447114366288787,2.7061136276892976,-26.422042762713097,-7.587334006578423,-55.54555958673667
154.13259288388403,12.43873237312951,2.7066094168317867,-26.418917589473708,-7.585869288905818,-55.53706310100407
154.14149047386627,12.430355939800368,2.7071050701561483,-26.415792169000518,-7.584405131262217,-55.52857225114796
154.15038830676326,12.421985089999705,2.7076005863399666,-26.412666507416567,-7.5829415326227405,-55.520087061190026
154.15928638570244,12.413619847339087,2.7080959640655182,-26.40954061081831,-7.5814784919626845,-55.51160755506404
154.16818471380316,12.40526023534342,2.708591202019777,-26.406414485275572,-7.5800160082575,-55.50313375661585
