galstreams/tracks/track.st.M30.sollima2020.ecsv
# %ECSV 0.9
# ---
# datatype:
# - {name: ra, unit: deg, datatype: float64}
# - {name: dec, unit: deg, datatype: float64}
# - {name: distance, unit: kpc, datatype: float64}
# - {name: pm_ra_cosdec, unit: mas / yr, datatype: float64}
# - {name: pm_dec, unit: mas / yr, datatype: float64}
# - {name: radial_velocity, unit: km / s, datatype: float64}
# delimiter: ','
# meta: !!omap
# - __serialized_columns__:
#     dec:
#       __class__: astropy.coordinates.angles.Latitude
#       unit: &id001 !astropy.units.Unit {unit: deg}
#       value: !astropy.table.SerializedColumn {name: dec}
#     distance:
#       __class__: astropy.coordinates.distances.Distance
#       unit: !astropy.units.Unit {unit: kpc}
#       value: !astropy.table.SerializedColumn {name: distance}
#     pm_dec:
#       __class__: astropy.units.quantity.Quantity
#       unit: !astropy.units.Unit {unit: mas / yr}
#       value: !astropy.table.SerializedColumn {name: pm_dec}
#     pm_ra_cosdec:
#       __class__: astropy.units.quantity.Quantity
#       unit: !astropy.units.Unit {unit: mas / yr}
#       value: !astropy.table.SerializedColumn {name: pm_ra_cosdec}
#     ra:
#       __class__: astropy.coordinates.angles.Longitude
#       unit: *id001
#       value: !astropy.table.SerializedColumn {name: ra}
#       wrap_angle: !astropy.coordinates.Angle
#         unit: *id001
#         value: 360.0
#     radial_velocity:
#       __class__: astropy.units.quantity.Quantity
#       unit: !astropy.units.Unit {unit: km / s}
#       value: !astropy.table.SerializedColumn {name: radial_velocity}
# schema: astropy-2.0
ra,dec,distance,pm_ra_cosdec,pm_dec,radial_velocity
[from data line 492]
325.61942527959565,-23.11525885421698,8.458000000000004,0.0,0.0,0.0
325.62957710784053,-23.11366826975437,8.458000000000006,0.0,0.0,0.0
325.6397219174153,-23.112040169424024,8.458000000000004,0.0,0.0,0.0
325.64985956972214,-23.110373845492898,8.458000000000006,0.0,0.0,0.0
325.6599899261447,-23.108668591212613,8.458000000000006,0.0,0.0,0.0
325.67011284806654,-23.106923700913086,8.458000000000004,0.0,0.0,0.0
325.68022819688946,-23.105138470096904,8.458000000000006,0.0,0.0,0.0
325.6903358340526,-23.103312195534166,8.458000000000004,0.0,0.0,0.0
325.7004356210512,-23.101444175358022,8.458000000000006,0.0,0.0,0.0
325.7105274194557,-23.09953370916079,8.458000000000004,0.0,0.0,0.0
325.72061109093124,-23.097580098090706,8.458000000000007,0.0,0.0,0.0
325.7306864972567,-23.095582644949236,8.458000000000006,0.0,0.0,0.0
325.74075350034485,-23.09354065428907,8.458000000000004,0.0,0.0,0.0
325.7508119622615,-23.091453432512672,8.458000000000006,0.0,0.0,0.0
325.76086174524596,-23.08932028797143,8.458000000000006,0.0,0.0,0.0
325.770902711731,-23.087140531065483,8.458000000000006,0.0,0.0,0.0
325.7809347243631,-23.084913474344102,8.458000000000006,0.0,0.0,0.0
325.7909576460228,-23.082638432606664,8.458000000000006,0.0,0.0,0.0
325.80097133984543,-23.08031472300431,8.458000000000006,0.0,0.0,0.0
325.8109756692421,-23.077941665142138,8.458000000000007,0.0,0.0,0.0
325.82097049792037,-23.07551858118207,8.458000000000006,0.0,0.0,0.0
325.83095568990524,-23.073044795946256,8.458000000000006,0.0,0.0,0.0
325.8409311095609,-23.070519637021157,8.458000000000006,0.0,0.0,0.0
325.85089662161187,-23.067942434862196,8.458000000000006,0.0,0.0,0.0
325.86085209116453,-23.065312522899045,8.458000000000006,0.0,0.0,0.0
325.87079738372927,-23.062629237641477,8.458000000000007,0.0,0.0,0.0
325.88073236524207,-23.059891918785898,8.458000000000007,0.0,0.0,0.0
325.89065690208685,-23.05709990932243,8.458000000000006,0.0,0.0,0.0
325.90057086111767,-23.054252555642616,8.458000000000006,0.0,0.0,0.0
325.91047410968105,-23.051349207647753,8.458000000000007,0.0,0.0,0.0
325.92036651563893,-23.048389218857814,8.458000000000007,0.0,0.0,0.0
325.9302479473911,-23.04537194652102,8.458000000000007,0.0,0.0,0.0
325.9401182738982,-23.042296751723928,8.458000000000006,0.0,0.0,0.0
325.9499773647049,-23.039162999502267,8.458000000000006,0.0,0.0,0.0
325.9598250899633,-23.035970058952234,8.458000000000006,0.0,0.0,0.0
325.9696613204561,-23.032717303342537,8.458000000000006,0.0,0.0,0.0
325.9794859276202,-23.02940411022695,8.458000000000007,0.0,0.0,0.0
325.98929878357075,-23.02602986155751,8.458000000000006,0.0,0.0,0.0
325.9990997611247,-23.022593943798338,8.458000000000006,0.0,0.0,0.0
326.0088887338251,-23.019095748040048,8.458000000000006,0.0,0.0,0.0
326.0186655759652,-23.015534670114793,8.458000000000006,0.0,0.0,0.0
326.028430162613,-23.011910110711867,8.458000000000006,0.0,0.0,0.0
326.0381823696357,-23.008221475493986,8.458000000000006,0.0,0.0,0.0
326.04792207372446,-23.004468175214136,8.458000000000007,0.0,0.0,0.0
326.0576491524191,-23.00064962583301,8.458000000000006,0.0,0.0,0.0
326.06736348413347,-22.996765248637125,8.458000000000007,0.0,0.0,0.0
326.07706494818024,-22.992814470357487,8.458000000000006,0.0,0.0,0.0
326.08675342479665,-22.988796723288875,8.458000000000007,0.0,0.0,0.0
326.09642879516963,-22.984711445409783,8.458000000000007,0.0,0.0,0.0
326.1060909414617,-22.98055808050287,8.458000000000007,0.0,0.0,0.0
326.1157397468367,-22.976336078276155,8.458000000000007,0.0,0.0,0.0
326.1253750954858,-22.972044894484704,8.458000000000007,0.0,0.0,0.0
326.13499687265363,-22.967683991052983,8.458000000000006,0.0,0.0,0.0
326.1446049646644,-22.963252836197817,8.458000000000007,0.0,0.0,0.0
326.15419925894844,-22.958750904551962,8.458000000000006,0.0,0.0,0.0
326.16377964406894,-22.954177677288225,8.458000000000007,0.0,0.0,0.0
326.17334600974823,-22.949532642244332,8.458000000000007,0.0,0.0,0.0
326.1828982468953,-22.944815294048244,8.458000000000007,0.0,0.0,0.0
326.1924362476322,-22.940025134244184,8.458000000000007,0.0,0.0,0.0
326.20195990532164,-22.93516167141927,8.458000000000007,0.0,0.0,0.0
326.2114691145941,-22.930224421330692,8.458000000000007,0.0,0.0,0.0
326.2209637713754,-22.925212907033604,8.458000000000007,0.0,0.0,0.0
326.2304437729144,-22.920126659009483,8.458000000000007,0.0,0.0,0.0
326.2399090178105,-22.914965215295254,8.458000000000007,0.0,0.0,0.0
326.2493594060419,-22.90972812161291,8.458000000000009,0.0,0.0,0.0
326.2587948389934,-22.90441493149982,8.458000000000007,0.0,0.0,0.0
326.2682152194847,-22.89902520643952,8.458000000000007,0.0,0.0,0.0
326.2776204517989,-22.89355851599334,8.458000000000007,0.0,0.0,0.0
326.2870104417106,-22.888014437932387,8.458000000000009,0.0,0.0,0.0
326.29638509651494,-22.88239255837031,8.458000000000007,0.0,0.0,0.0
326.3057443250562,-22.876692471896607,8.458000000000009,0.0,0.0,0.0
326.31508803775677,-22.87091378171057,8.458000000000007,0.0,0.0,0.0
326.324416146646,-22.86505609975581,8.458000000000007,0.0,0.0,0.0
326.3337285653897,-22.859119046855405,8.458000000000007,0.0,0.0,0.0
326.3430252093194,-22.853102252847687,8.458000000000007,0.0,0.0,0.0
326.35230599546156,-22.84700535672256,8.458000000000007,0.0,0.0,0.0
326.3615708425675,-22.840828006758574,8.458000000000007,0.0,0.0,0.0
326.3708196711431,-22.834569860660405,8.458000000000007,0.0,0.0,0.0
326.38005240347843,-22.82823058569715,8.458000000000007,0.0,0.0,0.0
326.3892689636779,-22.821809858841096,8.458000000000007,0.0,0.0,0.0
326.3984692776907,-22.815307366907145,8.458000000000007,0.0,0.0,0.0
326.4076532733406,-22.808722806692852,8.458000000000007,0.0,0.0,0.0
326.4168208803566,-22.802055885119092,8.458000000000007,0.0,0.0,0.0
326.42597203040356,-22.795306319371257,8.458000000000007,0.0,0.0,0.0
326.43510665711267,-22.788473837041185,8.458000000000007,0.0,0.0,0.0
326.4442246961123,-22.78155817626962,8.458000000000007,0.0,0.0,0.0
326.4533260850591,-22.774559085889255,8.458000000000006,0.0,0.0,0.0
326.46241076366886,-22.767476325568484,8.458000000000007,0.0,0.0,0.0
326.47147867374775,-22.76030966595569,8.458000000000007,0.0,0.0,0.0
326.4805297592237,-22.75305888882415,8.458000000000007,0.0,0.0,0.0
326.48956396617785,-22.745723787217585,8.458000000000009,0.0,0.0,0.0
326.498581242876,-22.73830416559629,8.458000000000007,0.0,0.0,0.0
326.50758153980024,-22.730799839983895,8.458000000000007,0.0,0.0,0.0
326.51656480968103,-22.72321063811469,8.458000000000009,0.0,0.0,0.0
326.52553100752897,-22.71553639958167,8.458000000000007,0.0,0.0,0.0
326.53448009066665,-22.707776975985045,8.458000000000007,0.0,0.0,0.0
326.5434120187614,-22.69993223108148,8.458000000000007,0.0,0.0,0.0
326.55232675385696,-22.692002040933865,8.458000000000009,0.0,0.0,0.0
326.5612242604062,-22.683986294061782,8.458000000000009,0.0,0.0,0.0
326.5701045053037,-22.675884891592496,8.458000000000007,0.0,0.0,0.0
326.5789674579182,-22.667697747412582,8.458000000000007,0.0,0.0,0.0
326.5878130901256,-22.65942478832022,8.458000000000006,0.0,0.0,0.0
326.59664137634184,-22.65106595417802,8.458000000000007,0.0,0.0,0.0
326.60545229355546,-22.6426211980665,8.458000000000007,0.0,0.0,0.0
326.61424582136146,-22.634090486438204,8.458000000000007,0.0,0.0,0.0
326.62302194199395,-22.625473799272317,8.458000000000007,0.0,0.0,0.0
326.6317806403597,-22.616771130230077,8.458000000000007,0.0,0.0,0.0
326.6405219040717,-22.607982486810595,8.458000000000007,0.0,0.0,0.0
326.6492457234825,-22.599107890507458,8.458000000000007,0.0,0.0,0.0
326.6579520917183,-22.59014737696581,8.458000000000007,0.0,0.0,0.0
326.6666410047123,-22.581100996140147,8.458000000000007,0.0,0.0,0.0
326.6753124612387,-22.57196881245267,8.458000000000007,0.0,0.0,0.0
326.68396646294724,-22.562750904952214,8.458000000000007,0.0,0.0,0.0
326.6926030143966,-22.553447367473915,8.458000000000007,0.0,0.0,0.0
326.70122212308917,-22.544058308799343,8.458000000000007,0.0,0.0,0.0
326.7098237995052,-22.53458385281731,8.458000000000007,0.0,0.0,0.0
326.7184080571373,-22.525024138685353,8.458000000000007,0.0,0.0,0.0
326.7269749125251,-22.515379320991684,8.458000000000006,0.0,0.0,0.0
326.7355243852898,-22.505649569917882,8.458000000000007,0.0,0.0,0.0
326.7440564981691,-22.49583507140213,8.458000000000007,0.0,0.0,0.0
326.75257127705197,-22.485936027303083,8.458000000000007,0.0,0.0,0.0
326.7610687510138,-22.47595265556435,8.458000000000007,0.0,0.0,0.0
326.7695489523515,-22.465885190379563,8.458000000000007,0.0,0.0,0.0
326.7780119166187,-22.455733882358093,8.458000000000007,0.0,0.0,0.0
326.78645768266097,-22.445498998691363,8.458000000000007,0.0,0.0,0.0
326.79488629265165,-22.435180823319765,8.458000000000009,0.0,0.0,0.0
326.8032977921269,-22.424779657100185,8.458000000000007,0.0,0.0,0.0
326.8116922300218,-22.41429581797414,8.458000000000007,0.0,0.0,0.0
326.8200696587058,-22.403729641136565,8.458000000000007,0.0,0.0,0.0
326.8284301340188,-22.393081479205165,8.458000000000007,0.0,0.0,0.0
326.83677371530706,-22.382351702390377,8.458000000000007,0.0,0.0,0.0
326.8451004654595,-22.371540698665967,8.458000000000007,0.0,0.0,0.0
326.8534104509434,-22.360648873940246,8.458000000000009,0.0,0.0,0.0
326.86170374184127,-22.349676652227878,8.458000000000007,0.0,0.0,0.0
326.8699804118869,-22.33862447582228,8.458000000000007,0.0,0.0,0.0
326.87824053850227,-22.327492805468673,8.458000000000007,0.0,0.0,0.0
326.88648420283357,-22.31628212053773,8.458000000000007,0.0,0.0,0.0
326.8947114897886,-22.304992919199826,8.458000000000007,0.0,0.0,0.0
326.90292248807344,-22.293625718599902,8.458000000000007,0.0,0.0,0.0
326.9111172902291,-22.282181055032947,8.458000000000007,0.0,0.0,0.0
326.9192959926688,-22.270659484120074,8.458000000000007,0.0,0.0,0.0
326.92745869571564,-22.259061580985243,8.458000000000009,0.0,0.0,0.0
326.93560550363907,-22.247387940432542,8.458000000000007,0.0,0.0,0.0
326.94373652469284,-22.235639177124124,8.458000000000007,0.0,0.0,0.0
326.95185187115237,-22.223815925758736,8.458000000000007,0.0,0.0,0.0
326.95995165935255,-22.21191884125085,8.458000000000007,0.0,0.0,0.0
326.96803600972527,-22.199948598910424,8.458000000000007,0.0,0.0,0.0
326.9761050468375,-22.187905894623253,8.458000000000007,0.0,0.0,0.0
326.98415889942925,-22.175791445031944,8.458000000000009,0.0,0.0,0.0
326.99219770045147,-22.163605987717514,8.458000000000007,0.0,0.0,0.0
327.00022158710453,-22.151350281381546,8.458000000000007,0.0,0.0,0.0
327.0082307008767,-22.139025106029006,8.458000000000007,0.0,0.0,0.0
327.016225187582,-22.12663126315167,8.458000000000006,0.0,0.0,0.0
327.02420519739974,-22.114169575912115,8.458000000000009,0.0,0.0,0.0
327.03217088491226,-22.10164088932837,8.458000000000006,0.0,0.0,0.0
327.0401224091446,-22.089046070459133,8.458000000000007,0.0,0.0,0.0
327.0480599336029,-22.076386008589633,8.458000000000007,0.0,0.0,0.0
327.0559836263137,-22.063661615418077,8.458000000000007,0.0,0.0,0.0
327.06389365986354,-22.050873825242736,8.458000000000007,0.0,0.0,0.0
327.07179021143753,-22.03802359514957,8.458000000000007,0.0,0.0,0.0
327.07967346285955,-22.025111905200575,8.458000000000007,0.0,0.0,0.0
327.0875436006316,-22.01213975862261,8.458000000000007,0.0,0.0,0.0
327.09540081597356,-21.99910818199693,8.458000000000009,0.0,0.0,0.0
327.1032453048632,-21.986018225449293,8.458000000000007,0.0,0.0,0.0
327.1110772680762,-21.972870962840652,8.458000000000009,0.0,0.0,0.0
327.1188969112261,-21.95966749195849,8.458000000000007,0.0,0.0,0.0
327.1267044448051,-21.946408934708753,8.458000000000009,0.0,0.0,0.0
327.13450008422416,-21.933096437308357,8.458000000000007,0.0,0.0,0.0
327.1422840498538,-21.91973117047838,8.458000000000007,0.0,0.0,0.0
327.1500565670649,-21.906314329637745,8.458000000000007,0.0,0.0,0.0
327.15781786626945,-21.892847135097618,8.458000000000009,0.0,0.0,0.0
327.1655681829619,-21.879330832256397,8.458000000000007,0.0,0.0,0.0
327.1733077577603,-21.865766691795177,8.458000000000007,0.0,0.0,0.0
327.1810368364477,-21.85215600987405,8.458000000000007,0.0,0.0,0.0
327.18875567001373,-21.838500108328766,8.458000000000007,0.0,0.0,0.0
327.19646451469634,-21.8248003348682,8.458000000000007,0.0,0.0,0.0
327.2041636320239,-21.81105806327229,8.458000000000007,0.0,0.0,0.0
327.21185328885696,-21.797274693590666,8.458000000000007,0.0,0.0,0.0
327.2195337574309,-21.783451652341792,8.458000000000007,0.0,0.0,0.0
327.22720531539795,-21.769590392712832,8.458000000000007,0.0,0.0,0.0
327.23486824587036,-21.755692394759997,8.458000000000007,0.0,0.0,0.0
327.2425228374626,-21.74175916560959,8.458000000000007,0.0,0.0,0.0
327.2501693843351,-21.72779223965959,8.458000000000009,0.0,0.0,0.0
327.2578081862366,-21.71379317878188,8.458000000000007,0.0,0.0,0.0
327.26543954854833,-21.699763572525047,8.458000000000007,0.0,0.0,0.0
327.2730637823272,-21.685705038317803,8.458000000000007,0.0,0.0,0.0
327.2806812043497,-21.671619221673012,8.458000000000007,0.0,0.0,0.0
327.28829213715596,-21.6575077963923,8.458000000000007,0.0,0.0,0.0
327.2958969090938,-21.64337246477127,8.458000000000007,0.0,0.0,0.0
327.3034958543636,-21.629214957805324,8.458000000000007,0.0,0.0,0.0
327.3110893130624,-21.61503703539609,8.458000000000007,0.0,0.0,0.0
327.3186776312293,-21.60084048655843,8.458000000000007,0.0,0.0,0.0
327.32626116089034,-21.586627129628056,8.458000000000007,0.0,0.0,0.0
327.333840260104,-21.572398812469757,8.458000000000007,0.0,0.0,0.0
327.34141529300643,-21.55815741268621,8.458000000000007,0.0,0.0,0.0
327.34898662985796,-21.54390483782738,8.458000000000007,0.0,0.0,0.0
327.35655464708867,-21.529643025600556,8.458000000000007,0.0,0.0,0.0
327.36411972734487,-21.515373944080913,8.458000000000007,0.0,0.0,0.0
327.3716822595359,-21.501099591922763,8.458000000000007,0.0,0.0,0.0
327.3792426388807,-21.48682199857131,8.458000000000009,0.0,0.0,0.0
327.38680126695533,-21.47254322447508,8.458000000000007,0.0,0.0,0.0
327.39435855174,-21.458265361298864,8.458000000000009,0.0,0.0,0.0
327.4019149076674,-21.443990532137356,8.458000000000007,0.0,0.0,0.0
327.4094707556698,-21.42972089172927,8.458000000000007,0.0,0.0,0.0
327.4170265232282,-21.41545862667216,8.458000000000007,0.0,0.0,0.0
327.4245826444204,-21.40120595563772,8.458000000000007,0.0,0.0,0.0
327.4321395599704,-21.386965129587804,8.458000000000006,0.0,0.0,0.0
327.4396977172969,-21.372738431990907,8.458000000000006,0.0,0.0,0.0
327.4472575705636,-21.358528179039354,8.458000000000007,0.0,0.0,0.0
327.45481958072855,-21.344336719866966,8.458000000000004,0.0,0.0,0.0
327.4623842155947,-21.33016643676742,8.458000000000006,0.0,0.0,0.0
327.46995194986005,-21.31601974541313,8.458000000000004,0.0,0.0,0.0
327.477523265169,-21.301899095074738,8.458000000000006,0.0,0.0,0.0
327.48509865016314,-21.287806968841178,8.458000000000007,0.0,0.0,0.0
327.49267860053334,-21.27374588384037,8.458000000000006,0.0,0.0,0.0
327.5002636190713,-21.259718391460417,8.458000000000006,0.0,0.0,0.0
327.5078542157221,-21.245727077571516,8.458000000000006,0.0,0.0,0.0
327.5154509076371,-21.23177456274827,8.458000000000004,0.0,0.0,0.0
327.52305421922665,-21.2178635024928,8.458000000000006,0.0,0.0,0.0
327.5306646822142,-21.203996587458242,8.458000000000006,0.0,0.0,0.0
327.53828283568964,-21.190176543672962,8.458000000000006,0.0,0.0,0.0
327.54590922616427,-21.176406132765273,8.458000000000006,0.0,0.0,0.0
327.5535444076251,-21.162688152188778,8.458000000000004,0.0,0.0,0.0
327.5611889415905,-21.149025435448284,8.458000000000006,0.0,0.0,0.0
327.56884339716555,-21.135420852326238,8.458000000000006,0.0,0.0,0.0
327.5765083510984,-21.12187730910987,8.458000000000007,0.0,0.0,0.0
327.5841843878369,-21.108397748818746,8.458000000000004,0.0,0.0,0.0
327.59187209958543,-21.094985151433036,8.458000000000006,0.0,0.0,0.0
327.5995720863627,-21.081642534122285,8.458000000000006,0.0,0.0,0.0
327.60728495605997,-21.068372951474757,8.458000000000006,0.0,0.0,0.0
327.61501132449916,-21.05517949572742,8.458000000000007,0.0,0.0,0.0
327.6227518154923,-21.042065296996377,8.458000000000006,0.0,0.0,0.0
327.6305070609012,-21.02903352350802,8.458000000000006,0.0,0.0,0.0
327.63827770069736,-21.01608738183062,8.458000000000006,0.0,0.0,0.0
