galstreams/tracks/track.st.Kwando.ibata2021.ecsv
# %ECSV 1.0
# ---
# datatype:
# - {name: ra, unit: deg, datatype: float64}
# - {name: dec, unit: deg, datatype: float64}
# - {name: distance, unit: kpc, datatype: float64}
# - {name: pm_ra_cosdec, unit: mas / yr, datatype: float64}
# - {name: pm_dec, unit: mas / yr, datatype: float64}
# - {name: radial_velocity, unit: km / s, datatype: float64}
# delimiter: ','
# meta: !!omap
# - __serialized_columns__:
#     dec:
#       __class__: astropy.coordinates.angles.Latitude
#       unit: &id001 !astropy.units.Unit {unit: deg}
#       value: !astropy.table.SerializedColumn {name: dec}
#     distance:
#       __class__: astropy.coordinates.distances.Distance
#       unit: !astropy.units.Unit {unit: kpc}
#       value: !astropy.table.SerializedColumn {name: distance}
#     pm_dec:
#       __class__: astropy.units.quantity.Quantity
#       unit: !astropy.units.Unit {unit: mas / yr}
#       value: !astropy.table.SerializedColumn {name: pm_dec}
#     pm_ra_cosdec:
#       __class__: astropy.units.quantity.Quantity
#       unit: !astropy.units.Unit {unit: mas / yr}
#       value: !astropy.table.SerializedColumn {name: pm_ra_cosdec}
#     ra:
#       __class__: astropy.coordinates.angles.Longitude
#       unit: *id001
#       value: !astropy.table.SerializedColumn {name: ra}
#       wrap_angle: !astropy.coordinates.Angle
#         unit: *id001
#         value: 360.0
#     radial_velocity:
#       __class__: astropy.units.quantity.Quantity
#       unit: !astropy.units.Unit {unit: km / s}
#       value: !astropy.table.SerializedColumn {name: radial_velocity}
# schema: astropy-2.0
ra,dec,distance,pm_ra_cosdec,pm_dec,radial_velocity
[from data line 558]
19.155697115135872,-18.21192940605889,7.145532798866535,-0.11706615587651115,-0.014368669801452683,999.9999999999995
19.163550930775042,-18.219347854953824,7.146132099221721,-0.11717564640651368,-0.014596894860064324,999.9999999999994
19.171404921070764,-18.22676641693127,7.1467376186399925,-0.11728454613824901,-0.014824758883101197,999.9999999999994
19.17925908400488,-18.23418509392284,7.147349341465445,-0.11739285619253081,-0.015052261591375071,999.9999999999995
19.187113417559125,-18.24160388786037,7.147967252042174,-0.11750057769028288,-0.015279402705820289,999.9999999999994
19.194967919715406,-18.249022800676272,7.148591334714272,-0.11760771175250895,-0.015506181947465336,999.9999999999997
19.202822588455636,-18.25644183430329,7.149221573825835,-0.11771425950033887,-0.015732599037470152,999.9999999999997
19.210677421761634,-18.263860990674456,7.149857953720955,-0.11782022205496823,-0.015958653697101255,999.9999999999997
19.21853241761539,-18.271280271723334,7.150500458743723,-0.11792560053770273,-0.0161843456477353,999.9999999999997
19.22638757399889,-18.27869967938385,7.1511490732382414,-0.11803039606994581,-0.01640967461087861,999.9999999999997
19.234242888894038,-18.286119215590222,7.151803781548596,-0.11813460977319501,-0.016634640308140547,999.9999999999995
19.242098360282874,-18.293538882277154,7.152464568018886,-0.11823824276902428,-0.016859242461251256,999.9999999999995
19.249953986147453,-18.30095868137974,7.153131416993202,-0.11834129617913725,-0.01708348079205102,999.9999999999997
19.257809764469858,-18.308378614833476,7.153804312815639,-0.11844377112531745,-0.01730735502250269,999.9999999999997
19.26566569323211,-18.315798684574137,7.154483239830292,-0.11854566872943728,-0.017530864874688135,999.9999999999994
19.273521770416355,-18.32321889253802,7.155168182381255,-0.11864699011347568,-0.017754010070788695,999.9999999999997
19.281377994004778,-18.33063924066181,7.155859124812621,-0.1187477363995022,-0.01797679033312427,999.9999999999999
19.289234361979467,-18.338059730882463,7.156556051468484,-0.11884790870968942,-0.018199205384119566,999.9999999999997
19.297090872322652,-18.34548036513745,7.157258946692936,-0.1189475081662934,-0.018421254946320076,999.9999999999994
19.304947523016605,-18.35290114536465,7.157967794830076,-0.11904653589168568,-0.018642938742390314,999.9999999999997
19.31280431204348,-18.360322073502196,7.158682580223993,-0.11914499300830883,-0.018864256495108478,999.9999999999997
19.320661237385604,-18.36774315148875,7.159403287218784,-0.11924288063872446,-0.019085207927371783,999.9999999999995
19.328518297025305,-18.375164381263364,7.160129900158541,-0.11934019990557232,-0.019305792762210672,999.9999999999994
19.336375488944842,-18.382585764765373,7.160862403387362,-0.11943695193160053,-0.01952601072274973,999.9999999999999
19.344232811126613,-18.390007303934617,7.161600781249335,-0.11953313783964958,-0.01974586153225033,999.9999999999997
19.35209026155303,-18.397429000711345,7.162345018088557,-0.11962875875265588,-0.019965344914085748,999.9999999999997
19.359947838206434,-18.40485085703607,7.163095098249122,-0.11972381579365354,-0.02018446059176071,999.9999999999999
19.36780553906929,-18.412272874849837,7.163851006075125,-0.11981831008576549,-0.02040320828887765,999.9999999999995
19.375663362124122,-18.419695056094074,7.164612725910658,-0.11991224275222123,-0.020621587729188207,999.9999999999997
19.38352130535332,-18.427117402710504,7.1653802420998165,-0.12000561491633377,-0.02083959863653817,999.9999999999994
19.391379366739464,-18.434539916641356,7.166153538986691,-0.12009842770153334,-0.021057240734906557,999.9999999999993
19.399237544265137,-18.441962599829257,7.166932600915381,-0.12019068223132301,-0.02127451374839673,999.9999999999995
19.40709583591282,-18.44938545421713,7.167717412229978,-0.1202823796293071,-0.021491417401225732,999.9999999999995
19.414954239665168,-18.456808481748382,7.168507957274575,-0.12037352101920185,-0.021707951417743843,999.9999999999997
19.422812753504815,-18.464231684366823,7.169304220393263,-0.12046410752480519,-0.021924115522409693,999.9999999999994
19.43067137541445,-18.471655064016684,7.170106185930145,-0.12055414027000566,-0.022139909439809813,999.9999999999994
19.438530103376696,-18.479078622642458,7.170913838229306,-0.1206436203788126,-0.02235533289465863,999.9999999999997
19.44638893537429,-18.4865023621892,7.171727161634844,-0.12073254897530106,-0.022570385611780708,999.9999999999994
19.454247869390024,-18.49392628460233,7.172546140490852,-0.12082092718366333,-0.02278506731614449,999.9999999999995
19.462106903406585,-18.50135039182756,7.173370759141428,-0.12090875612818053,-0.02299937773281613,999.9999999999997
19.46996603540682,-18.50877468581114,7.174201001930658,-0.12099603693322614,-0.023213316587009203,999.9999999999994
19.477825263373585,-18.516199168499696,7.175036853202643,-0.12108277072327844,-0.02342688360404921,999.9999999999997
19.485684585289665,-18.523623841840163,7.175878297301473,-0.12116895862290811,-0.023640078509385987,999.9999999999994
19.493543999137987,-18.531048707779977,7.176725318571243,-0.12125460175678704,-0.023852901028591944,999.9999999999994
19.501403502901493,-18.538473768266993,7.17757790135605,-0.12133970124966176,-0.02406535088737627,999.9999999999994
19.509263094563057,-18.545899025249337,7.178436029999982,-0.12142425822640668,-0.024277427811563612,999.9999999999994
19.517122772105676,-18.55332448067567,7.179299688847137,-0.1215082738119655,-0.024489131527106522,999.9999999999995
19.524982533512404,-18.560750136495056,7.180168862241609,-0.12159174913139381,-0.024700461760076564,999.9999999999994
19.532842376766176,-18.56817599465684,7.18104353452749,-0.1216746853098396,-0.024911418236683858,999.9999999999997
19.540702299850096,-18.575602057110885,7.181923690048875,-0.12175708347253966,-0.02512200068326642,999.9999999999994
19.548562300747285,-18.583028325807486,7.182809313149859,-0.12183894474484092,-0.025332208826263525,999.9999999999995
19.556422377440782,-18.59045480269719,7.183700388174533,-0.12192027025217378,-0.02554204239227076,999.9999999999994
19.564282527913775,-18.59788148973109,7.184596899466996,-0.1220010611200788,-0.025751501107995622,999.9999999999997
19.57214275014942,-18.60530838886065,7.185498831371335,-0.12208131847416581,-0.02596058470028062,999.9999999999995
19.580003042130976,-18.612735502037758,7.186406168231652,-0.12216104344017609,-0.026169292896089047,999.9999999999995
19.58786340184158,-18.62016283121461,7.187318894392037,-0.12224023714391485,-0.02637762542251565,999.9999999999997
19.595723827264546,-18.627590378343932,7.18823699419658,-0.12231890071131346,-0.02658558200678307,999.9999999999995
19.60358431638319,-18.635018145378844,7.189160451989382,-0.12239703526836365,-0.02679316237624363,999.9999999999994
19.611444867180765,-18.642446134272756,7.1900892521145305,-0.12247464194119395,-0.027000366258373987,999.9999999999997
19.619305477640648,-18.649874346979615,7.191023378916125,-0.12255172185600038,-0.027207193380787587,999.9999999999997
19.62716614574626,-18.657302785453766,7.1919628167382585,-0.12262827613908023,-0.027413643471222215,999.9999999999994
19.635026869480935,-18.664731451649864,7.192907549925021,-0.12270430591683379,-0.027619716257541782,999.9999999999997
19.642887646828136,-18.67216034752306,7.193857562820511,-0.12277981231575197,-0.027825411467757633,999.9999999999994
19.650748475771387,-18.679589475028948,7.19481283976882,-0.12285479646242159,-0.028030728829982365,999.9999999999995
19.658609354294093,-18.687018836123393,7.195773365114041,-0.1229292594835325,-0.028235668072481346,999.9999999999995
19.666470280379823,-18.694448432762805,7.196739123200271,-0.12300320250585983,-0.028440228923653166,999.9999999999999
19.67433125201218,-18.701878266903986,7.1977100983716005,-0.12307662665628882,-0.028644411112001222,999.9999999999994
19.68219226717465,-18.709308340504045,7.198686274972128,-0.12314953306177578,-0.028848214366194114,999.9999999999995
19.690053323850915,-18.716738655520615,7.199667637345944,-0.1232219228494067,-0.0290516384150159,999.9999999999995
19.697914420024645,-18.724169213911743,7.200654169837145,-0.12329379714633859,-0.029254682987378544,999.9999999999995
19.70577555367944,-18.73160001763577,7.201645856789821,-0.12336515707983864,-0.0294573478123219,999.9999999999995
19.713636722799045,-18.739031068651578,7.20264268254807,-0.12343600377725217,-0.029659632619036813,999.9999999999995
19.721497925367203,-18.746462368918397,7.203644631455983,-0.12350633836604707,-0.02986153713683848,999.9999999999995
19.729359159367707,-18.75389392039593,7.204651687857656,-0.12357616197375876,-0.03006306109516821,999.9999999999997
19.737220422784294,-18.76132572504418,7.205663836097183,-0.12364547572804163,-0.030264204223612978,999.9999999999995
19.745081713600808,-18.768757784823663,7.206681060518654,-0.12371428075663182,-0.030464966251878778,999.9999999999995
19.752943029801166,-18.776190101695327,7.207703345466168,-0.12378257818737382,-0.030665346909815483,999.9999999999995
19.760804369369172,-18.783622677620404,7.2087306752838165,-0.12385036914819558,-0.03086534592740975,999.9999999999997
19.76866573028877,-18.791055514560664,7.2097630343156975,-0.1239176547671228,-0.03106496303477435,999.9999999999997
19.776527110543967,-18.798488614478302,7.210800406905896,-0.12398443617228594,-0.03126419796215707,999.9999999999997
19.784388508118656,-18.80592197933579,7.211842777398515,-0.12405071449190253,-0.03146305043994779,999.9999999999994
19.792249920996888,-18.813355611096146,7.2128901301376445,-0.12411649085430021,-0.03166152019867319,999.9999999999997
19.80011134716274,-18.820789511722815,7.213942449467378,-0.12418176638787592,-0.031859606968980714,999.9999999999997
19.80797278460021,-18.828223683179516,7.214999719731811,-0.12424654222115095,-0.03205731048166349,999.9999999999994
19.81583423129344,-18.835658127430523,7.216061925275037,-0.12431081948272826,-0.03225463046766386,999.9999999999994
19.823695685226596,-18.843092846440523,7.21712905044115,-0.12437459930130679,-0.03245156665802362,999.9999999999994
19.83155714438377,-18.8505278421745,7.218201079574244,-0.12443788280568313,-0.03264811878396934,999.9999999999997
19.839418606749188,-18.857963116597972,7.219277997018412,-0.12450067112474983,-0.03284428657682348,999.9999999999995
19.847280070307125,-18.86539867167688,7.220359787117749,-0.12456296538749889,-0.033040069768071945,999.9999999999997
19.855141533041753,-18.872834509377466,7.2214464342163485,-0.12462476672301115,-0.03323546808932143,999.9999999999994
19.863002992937414,-18.8802706316665,7.222537922658304,-0.12468607626047223,-0.03343048127232606,999.9999999999994
19.8708644479784,-18.88770704051115,7.223634236787712,-0.12474689512915127,-0.03362510904897498,999.9999999999995
19.87872589614913,-18.895143737879028,7.224735360948664,-0.12480722445842929,-0.03381935115129053,999.9999999999994
19.886587335433884,-18.902580725738044,7.225841279485252,-0.12486706537777437,-0.03401320731144786,999.9999999999997
19.894448763817127,-18.910018006056657,7.226951976741576,-0.12492641901673984,-0.0342066772617553,999.9999999999997
19.90231017928333,-18.91745558080375,7.228067437061725,-0.12498528650499097,-0.03439976073464024,999.9999999999997
19.910171579816907,-18.9248934519485,7.2291876447897945,-0.12504366897228714,-0.03459245746270234,999.9999999999995
19.918032963402393,-18.93233162146063,7.230312584269877,-0.12510156754848012,-0.03478476717865853,999.9999999999995
19.925894328024363,-18.939770091310265,7.23144223984607,-0.12515898336351583,-0.0349766896153767,999.9999999999999
19.933755671667306,-18.947208863467875,7.232576595862464,-0.12521591754743078,-0.03516822450585444,999.9999999999994
19.941616992315872,-18.95464793990443,7.233715636663155,-0.12527237123037338,-0.03535937158322966,999.9999999999994
19.949478287954737,-18.96208732259134,7.234859346592235,-0.12532834554257555,-0.03555013058080725,999.9999999999995
19.957339556568463,-18.969527013500315,7.236007709993802,-0.12538384161436333,-0.03574050123199157,999.9999999999995
19.96520079614181,-18.976967014603613,7.237160711211945,-0.12543886057617115,-0.03593048327036996,999.9999999999997
19.97306200465953,-18.984407327873914,7.23831833459076,-0.12549340355851157,-0.036120076429632775,999.9999999999997
19.980923180106306,-18.991847955284193,7.239480564474343,-0.12554747169201086,-0.03630928044364623,999.9999999999994
19.988784320466962,-18.999288898807976,7.240647385206785,-0.12560106610737343,-0.03649809504639201,999.9999999999997
19.99664542372637,-19.006730160419234,7.24181878113218,-0.1256541879354156,-0.03668651997200989,999.9999999999997
20.0045064878693,-19.01417174209219,7.242994736594625,-0.12570683830703722,-0.036874554954783534,999.9999999999994
20.012367510880672,-19.021613645801672,7.24417523593821,-0.12575901835324288,-0.037062199729122725,999.9999999999994
20.020228490745453,-19.029055873522896,7.245360263507032,-0.12581072920513137,-0.03724945402960245,999.9999999999995
20.028089425448506,-19.036498427231393,7.246549803645184,-0.12586197199388494,-0.037436317590920254,999.9999999999995
20.035950312974848,-19.043941308903246,7.247743840696762,-0.1259127478507942,-0.03762279014793002,999.9999999999994
20.0438111513095,-19.05138452051492,7.248942359005854,-0.1259630579072457,-0.037808871435631275,999.9999999999994
20.05167193843754,-19.05882806404334,7.250145342916561,-0.12601290329471126,-0.037994561189165665,999.9999999999997
20.059532672343973,-19.06627194146575,7.251352776772972,-0.1260622851447728,-0.038179859143809836,999.9999999999997
20.06739335101394,-19.073716154759932,7.2525646449191825,-0.12611120458909575,-0.038364765035003856,999.9999999999997
20.07525397243263,-19.08116070590411,7.253780931699286,-0.126159662759445,-0.03854927859831392,999.9999999999995
20.083114534585125,-19.088605596876796,7.255001621457379,-0.1262076607876832,-0.03873339956946076,999.9999999999997
20.09097503545668,-19.09605082965706,7.256226698537554,-0.12625519980575994,-0.038917127684308994,999.9999999999997
20.098835473032565,-19.103496406224405,7.257456147283902,-0.12630228094573326,-0.03910046267887779,999.9999999999994
20.10669584529797,-19.110942328558643,7.258689952040522,-0.1263489053397464,-0.03928340428931065,999.9999999999995
20.11455615023824,-19.118388598640127,7.259928097151504,-0.1263950741200457,-0.039465952251925174,999.9999999999997
20.122416385838743,-19.125835218449645,7.261170566960945,-0.12644078841896622,-0.03964810630316862,999.9999999999995
20.130276550084766,-19.133282189968284,7.2624173458129375,-0.12648604936894436,-0.03982986617963569,999.9999999999999
20.138136640961754,-19.14072951517771,7.263668418051576,-0.12653085810250175,-0.04001123161806852,999.9999999999995
20.145996656455175,-19.14817719605999,7.264923768020952,-0.12657521575226838,-0.04019220235536913,999.9999999999997
20.153856594550412,-19.155625234597505,7.266183380065161,-0.12661912345096837,-0.04037277812857809,999.9999999999997
20.16171645323298,-19.163073632773205,7.267447238528298,-0.1266625823313987,-0.04055295867487452,999.9999999999994
20.169576230488477,-19.170522392570458,7.268715327754457,-0.12670559352648603,-0.040732743731599186,999.9999999999994
20.177435924302355,-19.177971515972953,7.26998763208773,-0.12674815816922802,-0.04091213303624386,999.9999999999995
20.185295532660266,-19.185421004964912,7.271264135872215,-0.12679027739273252,-0.0410911263264353,999.9999999999997
20.193155053547827,-19.192870861530974,7.272544823452001,-0.12683195233018552,-0.04126972333996015,999.9999999999997
20.20101448495073,-19.20032108765624,7.273829679171186,-0.12687318411488135,-0.04144792381475071,999.9999999999999
20.208873824854592,-19.207771685326115,7.27511868737386,-0.12691397388021208,-0.041625727488888487,999.9999999999997
20.216733071245166,-19.21522265652657,7.2764118324041185,-0.12695432275965146,-0.041803134100607764,999.9999999999997
20.224592222108253,-19.22267400324401,7.277709098606059,-0.12699423188677805,-0.04198014338829914,999.9999999999994
