galstreams/tracks/track.st.Pal5.ibata2021.ecsv
# %ECSV 1.0
# ---
# datatype:
# - {name: ra, unit: deg, datatype: float64}
# - {name: dec, unit: deg, datatype: float64}
# - {name: distance, unit: kpc, datatype: float64}
# - {name: pm_ra_cosdec, unit: mas / yr, datatype: float64}
# - {name: pm_dec, unit: mas / yr, datatype: float64}
# - {name: radial_velocity, unit: km / s, datatype: float64}
# delimiter: ','
# meta: !!omap
# - __serialized_columns__:
#     dec:
#       __class__: astropy.coordinates.angles.Latitude
#       unit: &id001 !astropy.units.Unit {unit: deg}
#       value: !astropy.table.SerializedColumn {name: dec}
#     distance:
#       __class__: astropy.coordinates.distances.Distance
#       unit: !astropy.units.Unit {unit: kpc}
#       value: !astropy.table.SerializedColumn {name: distance}
#     pm_dec:
#       __class__: astropy.units.quantity.Quantity
#       unit: !astropy.units.Unit {unit: mas / yr}
#       value: !astropy.table.SerializedColumn {name: pm_dec}
#     pm_ra_cosdec:
#       __class__: astropy.units.quantity.Quantity
#       unit: !astropy.units.Unit {unit: mas / yr}
#       value: !astropy.table.SerializedColumn {name: pm_ra_cosdec}
#     ra:
#       __class__: astropy.coordinates.angles.Longitude
#       unit: *id001
#       value: !astropy.table.SerializedColumn {name: ra}
#       wrap_angle: !astropy.coordinates.Angle
#         unit: *id001
#         value: 360.0
#     radial_velocity:
#       __class__: astropy.units.quantity.Quantity
#       unit: !astropy.units.Unit {unit: km / s}
#       value: !astropy.table.SerializedColumn {name: radial_velocity}
# schema: astropy-2.0
ra,dec,distance,pm_ra_cosdec,pm_dec,radial_velocity
[from data line 1676]
235.580727218185,3.9665773577554315,21.304913193495384,-3.005475311364063,-2.4809784731109508,-42.07668439225336
235.589828228993,3.971016580433794,21.302608758574554,-3.006303135916161,-2.481144825137042,-42.05904666659833
235.59893007942532,3.975454611464925,21.300304469580976,-3.0071328646393978,-2.48131237480953,-42.041355617278235
235.6080327674374,3.97989145378916,21.298000336130972,-3.007964499306958,-2.4814811223346074,-42.02361113156078
235.61713629098506,3.9843271103468565,21.29569636784088,-3.008798041692134,-2.48165106791821,-42.005813096714924
235.62624064802387,3.9887615840784054,21.293392574327026,-3.009633493568338,-2.481822211766026,-41.98796140000872
235.63534583650937,3.9931948779242283,21.291088965205734,-3.0104708567090914,-2.4819945540834887,-41.97005592870985
235.64445185439726,3.9976269948247714,21.288785550093348,-3.0113101328880285,-2.482168095075781,-41.95209657008653
235.65355869964333,4.002057937720516,21.286482338606188,-3.0121513238789017,-2.4823428349478363,-41.93408321140774
235.66266637020314,4.006487709551969,21.284179340360602,-3.01299443145557,-2.4825187739043293,-41.916015739941045
235.67177486403241,4.010916313259682,21.281876564972894,-3.0138394573920175,-2.482695912149691,-41.89789404295475
235.6808841790869,4.015343751784221,21.279574022059414,-3.0146864034623304,-2.482874249888091,-41.87971800771687
235.68999431332233,4.019770028066197,21.277271721236477,-3.015535271440717,-2.4830537873234517,-41.86148752149593
235.6991052646944,4.024195145046245,21.27496967212043,-3.0163860631014945,-2.483234524659438,-41.84320247156001
235.70821703115894,4.028619105665039,21.27266788432759,-3.017238780219098,-2.4834164620994645,-41.82486274517722
235.71732961067167,4.033041912863281,21.270366367474296,-3.018093424568073,-2.4835995998466873,-41.80646822961561
235.7264430011885,4.03746356958171,21.268065131176883,-3.0189499979230807,-2.4837839381040108,-41.78801881214384
235.7355572006651,4.041884078761096,21.265764185051662,-3.0198085020589005,-2.4839694770740883,-41.76951438002954
235.74467220705745,4.046303443342245,21.263463538714984,-3.020668938750418,-2.4841562169593105,-41.75095482054139
235.7537880183214,4.050721666266003,21.261163201783166,-3.02153130977264,-2.4843441579618184,-41.7323400209475
235.7629046324126,4.055138750473239,21.258863183872545,-3.022395616900683,-2.4845333002834957,-41.71366986851533
235.7720220472872,4.059554698904867,21.256563494599447,-3.0232618619097833,-2.4847236441259715,-41.69494425051408
235.78114026090108,4.06396951450183,21.254264143580205,-3.0241300465752827,-2.484915189690616,-41.67616305421155
235.7902592712101,4.068383200205113,21.251965140431157,-3.0250001726726463,-2.4851079371785447,-41.65732616687587
235.79937907617023,4.072795758955738,21.249666494768608,-3.0258722419774537,-2.4853018867906207,-41.63843347577515
235.80849967373743,4.077207193694754,21.247368216208923,-3.0267462562653886,-2.4854970387274404,-41.619484868177736
235.81762106186775,4.08161750736326,21.245070314368412,-3.0276222173122602,-2.4856933931893503,-41.60048023135169
235.82674323851722,4.086026702902383,21.242772798863406,-3.0285001268939897,-2.4858909503764397,-41.58141945256543
235.83586620164186,4.090434783253294,21.24047567931024,-3.029379986786608,-2.486089710488535,-41.56230241908681
235.84498994919775,4.0948417513571975,21.238178965325236,-3.030261798766269,-2.4862896737252096,-41.54312901818458
235.85411447914097,4.099247610155339,21.23588266652474,-3.0311455646092327,-2.486490840285775,-41.5238991371263
235.8632397894276,4.103652362589,21.233586792525074,-3.032031286091882,-2.486693210369287,-41.50461266318038
235.87236587801385,4.108056011599509,21.231291352942566,-3.0329189649907065,-2.4868967841745384,-41.485269483615134
235.88149274285584,4.112458560128229,21.228996357393545,-3.0338086030823184,-2.4871015619000683,-41.46586948569864
235.89062038190974,4.11686001111656,21.226701815494348,-3.0347002021434406,-2.487307543744151,-41.44641255669904
235.89974879313183,4.121260367505949,21.2244077368613,-3.035593763950912,-2.4875147299048037,-41.42689858388457
235.9088779744783,4.125659632237877,21.222114131110732,-3.036489290281686,-2.487723120579783,-41.40732745452349
235.9180079239054,4.130057808253874,21.219821007858982,-3.0373867829128303,-2.4879327159665845,-41.387699055883836
235.9271386393695,4.1344548984955045,21.217528376722377,-3.0382862436215294,-2.4881435162624452,-41.36801327523422
235.93627011882688,4.1388509059043805,21.21523624731724,-3.0391876741850847,-2.4883555216643383,-41.34826999984237
235.9454023602339,4.14324583342215,21.2129446292599,-3.040091076380908,-2.4885687323689787,-41.328469116976734
235.9545353615469,4.147639683990513,21.2106535321667,-3.0409964519865307,-2.488783148572818,-41.30861051390528
235.9636691207223,4.152032460551204,21.20836296565396,-3.041903802779595,-2.4889987704720435,-41.288694077896295
235.9728036357166,4.156424166046002,21.20607293933802,-3.0428131305378634,-2.4892155982625876,-41.26871969621815
235.9819389044861,4.160814803416733,21.203783462835208,-3.043724437039211,-2.4894336321401136,-41.24868725613847
235.9910749249875,4.165204375605265,21.201494545761847,-3.0446377240616274,-2.4896528723000255,-41.22859664492645
236.00021169517717,4.1695928855535165,21.199206197734267,-3.045552993383221,-2.489873318937463,-41.20844774984933
236.00934921301163,4.173980336203438,21.196918428368807,-3.0464702467822127,-2.490094972247304,-41.18824045817536
236.01848747644766,4.178366730497038,21.19463124728179,-3.0473894860369395,-2.4903178324241613,-41.16797465717348
236.0276264834417,4.182752071376364,21.19234466408955,-3.048310712925856,-2.4905418996623863,-41.147650234111204
236.03676623195054,4.1871363617835105,21.190058688408428,-3.0492339292275275,-2.490767174156061,-41.127267076257134
236.04590671993068,4.191519604660621,21.187773329854735,-3.0501591367206418,-2.4909936560990116,-41.10682507087894
236.05504794533897,4.19590180294988,21.185488598044817,-3.051086337183995,-2.491221345684793,-41.08632410524537
236.0641899061321,4.200282959593526,21.183204502594986,-3.0520155323965064,-2.491450243106699,-41.06576406662433
236.07333260026692,4.204663077533839,21.180921053121594,-3.0529467241372057,-2.4916803485577534,-41.04514484228423
236.0824760257001,4.209042159713152,21.178638259240955,-3.0538799141852397,-2.491911662230721,-41.02446631949272
236.09162018038862,4.213420209073843,21.176356130569417,-3.054815104319871,-2.4921441843180974,-41.0037283855186
236.10076506228927,4.217797228558339,21.174074676723283,-3.0557522963204806,-2.492377915012112,-40.98293092762975
236.109910669359,4.222173221109115,21.17179390731891,-3.056691491966559,-2.4926128545047295,-40.96207383309435
236.1190569995548,4.226548189668699,21.169513831972615,-3.0576326930377213,-2.4928490029876462,-40.94115698918086
236.12820405083366,4.230922137179662,21.167234460300737,-3.0585759013136906,-2.4930863606522933,-40.920180283157364
236.13735182115246,4.235295066584633,21.164955801919596,-3.059521118574313,-2.4933249276898355,-40.89914360229154
236.14650030846843,4.239666980826286,21.162677866445524,-3.0604683465995426,-2.4935647042911673,-40.878046833852366
236.1556495107386,4.244037882847349,21.16040066349486,-3.061417587169458,-2.4938056906469193,-40.8568898651076
236.16479942592008,4.248407775590596,21.158124202683922,-3.0623688420642483,-2.4940478869474503,-40.83567258332532
236.17395005197008,4.252776661998859,21.155848493629055,-3.0633221130642205,-2.4942912933828554,-40.81439487577404
236.1831013868458,4.257144545015018,21.15357354594658,-3.064277401949797,-2.4945359101429583,-40.79305662972182
236.19225342850453,4.261511427582004,21.15129936925283,-3.0652347105015187,-2.4947817374173122,-40.77165773243695
236.20140617490347,4.2658773126428065,21.149025973164136,-3.06619404050004,-2.4950287753952085,-40.750198071187306
236.210559624,4.270242203140461,21.146753367296824,-3.067155393726132,-2.4952770242656603,-40.728677533241324
236.21971377375152,4.274606102018063,21.144481561267224,-3.068118771960685,-2.495526484217419,-40.70709600586743
236.22886862211539,4.278969012218754,21.142210564691673,-3.0690841769847,-2.4957771554389603,-40.68545337633331
236.23802416704902,4.283330936685736,21.1399403871865,-3.070051610579302,-2.496029038118496,-40.6637495319071
236.24718040651007,4.287691878362264,21.137671038368033,-3.0710210745257243,-2.4962821324439597,-40.64198435985777
236.25633733845586,4.292051840191646,21.13540252785261,-3.071992570605323,-2.4965364386030213,-40.620157747452616
236.2654949608441,4.296410825117247,21.133134865256544,-3.0729661005995688,-2.496791956783078,-40.59826958196039
236.27465327163236,4.300768836082485,21.130868060196182,-3.0739416662900436,-2.497048687171254,-40.57631975064902
236.28381226877832,4.3051258760308375,21.128602122287845,-3.074919269458455,-2.497306629954405,-40.5543081407868
236.2929719502397,4.309481947905837,21.12633706114787,-3.075898911886622,-2.4975657853191118,-40.53223463964194
236.30213231397423,4.3138370546510725,21.12407288639258,-3.076880595356479,-2.4978261534516855,-40.51009913448271
236.31129335793972,4.318191199210187,21.121809607638315,-3.07786432165008,-2.498087734538166,-40.48790151257742
236.32045508009395,4.322544384526886,21.1195472345014,-3.078850092549594,-2.498350528764318,-40.46564166119359
236.32961747839485,4.32689661354493,21.117285776598155,-3.0798379098373085,-2.4986145363156353,-40.443319467599984
236.33878055080032,4.331247889208139,21.115025243544935,-3.0808277752956243,-2.498879757377338,-40.42093481906457
236.34794429526838,4.335598214460388,21.112765644958046,-3.0818196907070616,-2.4991461921343743,-40.398487602855546
236.35710870975703,4.339947592245616,21.110506990453835,-3.0828136578542558,-2.4994138407714153,-40.37597770624149
236.36627379222438,4.344296025507816,21.108249289648622,-3.0838096785199616,-2.4996827034728635,-40.35340501649036
236.3754395406284,4.3486435171910465,21.105992552158742,-3.0848077544870485,-2.499952780422844,-40.33076942086992
236.3846059529274,4.3529900702394215,21.10373678760053,-3.085807887538502,-2.5002240718052096,-40.30807080664865
236.39377302707953,4.357335687597114,21.10148200559031,-3.0868100794574254,-2.500496577803534,-40.285309061095184
236.40294076104308,4.361680372208366,21.09922821574441,-3.0878143320270413,-2.500770298601123,-40.262484071477246
236.4121091527763,4.366024127017471,21.096975427679165,-3.088820647030685,-2.501045234381003,-40.23959572506292
236.42127820023762,4.370366954968788,21.09472365101091,-3.089829026251812,-2.501321385325924,-40.21664390912057
236.43044790138538,4.3747088590067404,21.092472895355957,-3.090839471473994,-2.501598751618365,-40.19362851091847
236.4396182541781,4.379049842075806,21.090223170330653,-3.0918519844809165,-2.501877333440525,-40.170549417724764
236.44878925657426,4.383389907120535,21.08797448555133,-3.0928665670563866,-2.502157130974327,-40.14740651680765
236.4579609065324,4.387729057085536,21.085726850634316,-3.0938832209843268,-2.502438144401421,-40.12419969543532
236.46713320201115,4.392067294915477,21.08348027519593,-3.0949019480487756,-2.5027203739031774,-40.100928840875895
236.47630614096914,4.396404623555094,21.08123476885252,-3.095922750033888,-2.503003819660689,-40.07759384039738
236.48547972136518,4.40074104594919,21.078990341220404,-3.0969456287239394,-2.503288481854776,-40.054194581268455
236.49465394115794,4.405076565042626,21.076747001915916,-3.0979705859033215,-2.5035743606659775,-40.03073095075695
236.50382879830627,4.409411183780332,21.074504760555385,-3.0989976233565404,-2.503861456274555,-40.007202836131036
236.51300429076906,4.4137449051073,21.072263626755145,-3.100026742868219,-2.5041497688604903,-39.983610124659144
236.5221804165052,4.418077731968589,21.070023610131518,-3.1010579462231043,-2.5044392986034936,-39.959952703609154
236.53135717347376,4.422409667309325,21.06778472030085,-3.10209123520605,-2.504730045682989,-39.936230460249725
236.54053455963367,4.426740714074701,21.065546966879452,-3.103126611602039,-2.505022010278128,-39.91244328184855
236.54971257294412,4.431070875209975,21.063310359483673,-3.104164077196158,-2.505315192567778,-39.888591055674176
236.55889121136414,4.435400153660468,21.061074907729825,-3.105203633773625,-2.505609592730533,-39.864673668994385
236.56807047285307,4.439728552371575,21.05884062123426,-3.106245283119763,-2.5059052109446993,-39.84069100907771
236.57725035537015,4.444056074288755,21.056607509613286,-3.107289027020022,-2.5062020473883124,-39.81664296319269
236.58643085687459,4.448382722357538,21.054375582483246,-3.1083348672599618,-2.5065001022391216,-39.792529418606605
236.59561197532585,4.45270849952352,21.05214484946047,-3.109382805625265,-2.5067993756745994,-39.76835026258828
236.6047937086834,4.457033408732365,21.049915320161286,-3.1104328439017275,-2.5070998678719354,-39.74410538240588
236.6139760549066,4.46135745292981,21.047687004202025,-3.1114849838752656,-2.507401579008039,-39.71979466532699
236.62315901195515,4.465680635061656,21.045459911199025,-3.1125392273319124,-2.5077045092595407,-39.69541799862076
236.63234257778856,4.470002958073778,21.0432340507686,-3.1135955760578184,-2.5080086588027877,-39.670975269554454
236.64152675036655,4.474324424912121,21.041009432527094,-3.1146540318392484,-2.5083140278138454,-39.646466365396975
236.65071152764887,4.478645038522702,21.038786066090832,-3.1157145964625896,-2.508620616468499,-39.621891173416266
236.65989690759528,4.482964801851602,21.036563961076144,-3.116777271714346,-2.5089284249422503,-39.5972495808806
236.66908288816558,4.487283717844984,21.034343127099362,-3.117842059381135,-2.5092374534103197,-39.57254147505779
236.67826946731975,4.491601789449074,21.03212357377681,-3.118908961249696,-2.509547702047644,-39.54776674321624
236.68745664301778,4.495919019610175,21.029905310724835,-3.1199779791068813,-2.5098591710288796,-39.522925272624306
236.6966444132197,4.500235411274658,21.027688347559753,-3.1210491147396677,-2.510171860528396,-39.49801695055022
236.70583277588557,4.504550967388975,21.025472693897893,-3.122122369935142,-2.510485770720284,-39.47304166426191
236.71502172897556,4.5088656908996425,21.023258359355594,-3.1231977464805145,-2.5108009017783472,-39.447999301027735
236.72421127044987,4.513179584753251,21.021045353549187,-3.1242752461631094,-2.5111172538761064,-39.422889748115416
236.73340139826888,4.517492651896474,21.018833686094997,-3.1253548707703684,-2.5114348271867994,-39.39771289279397
236.74259211039288,4.521804895276052,21.016623366609355,-3.1264366220898547,-2.511753621883379,-39.37246862233103
236.75178340478234,4.526116317838798,21.01441440470859,-3.127520501909247,-2.5120736381385145,-39.347156823995185
236.76097527939768,4.530426922531608,21.012206810009037,-3.128606512016339,-2.5123948761245884,-39.32177738505404
236.77016773219947,4.534736712301447,21.01000059212702,-3.129694654199045,-2.512717336013698,-39.29633019277608
236.7793607611483,4.539045690095361,21.00779576067888,-3.1307849302453983,-2.5130410179776597,-39.270815134429455
236.78855436420497,4.543353858860466,21.00559232528094,-3.1318773419435457,-2.513365922187998,-39.24523209728272
236.7977485393301,4.547661221543956,21.003390295549526,-3.1329718910817577,-2.5136920488159586,-39.21958096860355
236.80694328448456,4.551967781093109,21.00118968110098,-3.134068579448414,-2.5140193980324943,-39.19386163566041
236.81613859762925,4.556273540455273,20.99899049155162,-3.1351674088320225,-2.514347970008277,-39.168073985721456
236.8253344767251,4.560578502577876,20.996792736517786,-3.136268381021197,-2.5146777649136887,-39.14221790605483
236.83453091973314,4.56488267040842,20.994596425615804,-3.137371497804682,-2.5150087829188266,-39.11629328392879
236.84372792461446,4.569186046894491,20.99240156846201,-3.1384767609713284,-2.5153410241935004,-39.090300006611486
236.85292548933023,4.573488634983756,20.990208174672723,-3.139584172310111,-2.515674488907231,-39.06423796137115
