galstreams/tracks/track.st.NGC6397.ibata2021.ecsv
# %ECSV 0.9
# ---
# datatype:
# - {name: ra, unit: deg, datatype: float64}
# - {name: dec, unit: deg, datatype: float64}
# - {name: distance, unit: kpc, datatype: float64}
# - {name: pm_ra_cosdec, unit: mas / yr, datatype: float64}
# - {name: pm_dec, unit: mas / yr, datatype: float64}
# - {name: radial_velocity, unit: km / s, datatype: float64}
# delimiter: ','
# meta: !!omap
# - __serialized_columns__:
#     dec:
#       __class__: astropy.coordinates.angles.Latitude
#       unit: &id001 !astropy.units.Unit {unit: deg}
#       value: !astropy.table.SerializedColumn {name: dec}
#     distance:
#       __class__: astropy.coordinates.distances.Distance
#       unit: !astropy.units.Unit {unit: kpc}
#       value: !astropy.table.SerializedColumn {name: distance}
#     pm_dec:
#       __class__: astropy.units.quantity.Quantity
#       unit: !astropy.units.Unit {unit: mas / yr}
#       value: !astropy.table.SerializedColumn {name: pm_dec}
#     pm_ra_cosdec:
#       __class__: astropy.units.quantity.Quantity
#       unit: !astropy.units.Unit {unit: mas / yr}
#       value: !astropy.table.SerializedColumn {name: pm_ra_cosdec}
#     ra:
#       __class__: astropy.coordinates.angles.Longitude
#       unit: *id001
#       value: !astropy.table.SerializedColumn {name: ra}
#       wrap_angle: !astropy.coordinates.Angle
#         unit: *id001
#         value: 360.0
#     radial_velocity:
#       __class__: astropy.units.quantity.Quantity
#       unit: !astropy.units.Unit {unit: km / s}
#       value: !astropy.table.SerializedColumn {name: radial_velocity}
# schema: astropy-2.0
ra,dec,distance,pm_ra_cosdec,pm_dec,radial_velocity
[from data line 546]
267.54299828001535,-53.65585064724581,2.483758611308986,3.604430175043007,-17.23164407350146,-5.0524602779234026e-14
267.5599139063625,-53.65604031787915,2.483890194161845,3.606956278747311,-17.229022402099666,-1.0104920555846805e-13
267.57682782265573,-53.656234039838445,2.4840216510898783,3.609480721234327,-17.226399958946907,-1.6841534259744676e-14
267.59374003824024,-53.656431801497064,2.484152982230891,3.612003507186483,-17.22377674748108,-6.73661370389787e-14
267.6106505624419,-53.65663359122476,2.4842841877226864,3.614524641283584,-17.221152771137163,-1.6841534259744676e-14
267.62755940456657,-53.656839397387465,2.4844152677030706,3.617044128202572,-17.218528033347244,-5.0524602779234026e-14
267.6444665739007,-53.65704920834745,2.4845462223098447,3.619561972617665,-17.21590253754054,-6.73661370389787e-14
267.66137207971093,-53.65726301246328,2.4846770516808165,3.6220781792003756,-17.213276287143348,-5.0524602779234026e-14
267.6782759312443,-53.6574807980898,2.4848077559537884,3.624592752619397,-17.210649285579112,-6.73661370389787e-14
267.69517813772825,-53.65770255357817,2.4849383352665644,3.627105697540745,-17.208021536268397,-8.420767129872338e-14
267.7120787083706,-53.657928267275864,2.48506878975695,3.629617018627665,-17.205393042628874,-5.0524602779234026e-14
267.7289776523593,-53.658157927526666,2.4851991195627483,3.6321267205406182,-17.202763808075375,-8.420767129872338e-14
267.74587497886307,-53.65839152267074,2.4853293248217643,3.6346348079374478,-17.200133836019827,-6.73661370389787e-14
267.76277069703076,-53.65862904104455,2.4854594056718025,3.637141285473153,-17.197503129871315,-6.73661370389787e-14
267.7796648159916,-53.65887047098088,2.4855893622506655,3.6396461578000494,-17.19487169303607,-6.73661370389787e-14
267.79655734485544,-53.65911580080894,2.4857191946961597,3.6421494295677355,-17.192239528917444,-5.0524602779234026e-14
267.81344829271245,-53.659365018854245,2.4858489031460884,3.6446511054230983,-17.189606640915947,-6.73661370389787e-14
267.830337668633,-53.6596181134387,2.4859784877382554,3.647151190010243,-17.18697303242925,-3.368306851948935e-14
267.84722548166815,-53.65987507288058,2.4861079486104662,3.6496496879706384,-17.184338706852145,-5.0524602779234026e-14
267.86411174084935,-53.66013588549454,2.486237285900524,3.6521466039429726,-17.18170366757663,-8.420767129872338e-14
267.8809964551885,-53.66040053959167,2.4863664997462327,3.6546419425633,-17.179067917991812,-8.420767129872338e-14
267.897879633678,-53.66066902347941,2.486495590285399,3.6571357084648963,-17.176431461483983,-5.0524602779234026e-14
267.91476128529024,-53.6609413254616,2.4866245576558246,3.6596279062783315,-17.173794301436615,-5.0524602779234026e-14
267.9316414189789,-53.661217433838544,2.4867534019953146,3.6621185406315533,-17.171156441230327,-6.73661370389787e-14
267.94852004367755,-53.66149733690695,2.4868821234416734,3.664607616149733,-17.168517884242927,-5.0524602779234026e-14
267.96539716830017,-53.661781022959914,2.487010722132705,3.667095137455341,-17.165878633849406,-5.0524602779234026e-14
267.9822728017418,-53.66206848028704,2.487139198206214,3.6695811091682593,-17.1632386934219,-5.0524602779234026e-14
267.99914695287725,-53.662359697174324,2.4872675518000045,3.672065535905542,-17.160598066329783,-8.420767129872338e-14
268.0160196305624,-53.66265466190424,2.4873957830518814,3.674548422281665,-17.157956755939548,-5.0524602779234026e-14
268.0328908436335,-53.66295336275574,2.4875238920996483,3.6770297729083574,-17.155314765614946,-3.368306851948935e-14
268.04976060090695,-53.66325578800415,2.487651879081108,3.679509592394681,-17.152672098716906,-8.420767129872338e-14
268.06662891118026,-53.66356192592141,2.4877797441340688,3.681987885347055,-17.15002875860349,-8.420767129872338e-14
268.0834957832311,-53.663871764775834,2.4879074873963307,3.6844646563691827,-17.14738474863004,-8.420767129872338e-14
268.1003612258175,-53.66418529283228,2.488035109005701,3.6869399100620592,-17.144740072149073,-6.73661370389787e-14
268.11722524767856,-53.6645024983521,2.488162609099983,3.6894136510241275,-17.1420947325103,-3.368306851948935e-14
268.1340878575335,-53.66482336959311,2.4882899878169784,3.691885883851056,-17.13944873306067,-6.73661370389787e-14
268.15094906408217,-53.665147894809685,2.488417245294496,3.694356613135873,-17.136802077144306,-6.73661370389787e-14
268.16780887600515,-53.66547606225271,2.4885443816703376,3.6968258434689973,-17.134154768102576,-8.420767129872338e-14
268.1846673019634,-53.66580786016957,2.4886713970823067,3.6992935794381085,-17.13150680927408,-6.73661370389787e-14
268.2015243505985,-53.666143276804256,2.48879829166821,3.7017598256283093,-17.128858203994575,-6.73661370389787e-14
268.2183800305328,-53.666482300397206,2.4889250655658492,3.7042245866220056,-17.126208955597136,-8.420767129872338e-14
268.2352343503687,-53.66682491918546,2.48905171891303,3.7066878669989185,-17.123559067412007,-5.0524602779234026e-14
268.2520873186899,-53.66717112140263,2.489178251847557,3.7091496713362164,-17.120908542766667,-8.420767129872338e-14
268.26893894406027,-53.667520895278855,2.4893046645072334,3.71161000420835,-17.118257384985846,-3.368306851948935e-14
268.28578923502414,-53.66787422904086,2.4894309570298643,3.714068870187123,-17.115605597391514,-1.6841534259744676e-14
268.30263820010686,-53.668231110911975,2.489557129553254,3.7165262738417626,-17.112953183302878,-3.368306851948935e-14
268.31948584781406,-53.668591529112085,2.4896831822152063,3.7189822197387854,-17.110300146036387,-5.0524602779234026e-14
268.33633218663215,-53.668955471857664,2.4898091151535247,3.7214367124421153,-17.107646488905733,-8.420767129872338e-14
268.35317722502816,-53.66932292736183,2.489934928506015,3.723889756513056,-17.104992215221877,-6.73661370389787e-14
268.3700209714496,-53.66969388383426,2.4900606224104807,3.726341356510228,-17.102337328293018,-6.73661370389787e-14
268.386863434325,-53.6700683294813,2.490186197004726,3.728791516989724,-17.09968183142462,-6.73661370389787e-14
268.40370462206295,-53.67044625250586,2.490311652426556,3.7312402425048967,-17.097025727919387,-6.73661370389787e-14
268.42054454305304,-53.67082764110753,2.490436988813775,3.733687537606535,-17.09436902107733,-6.73661370389787e-14
268.4373832056656,-53.67121248348252,2.490562206304185,3.736133406842835,-17.091711714195696,-6.73661370389787e-14
268.45422061825144,-53.67160076782368,2.4906873050355927,3.7385778547593405,-17.089053810568995,-8.420767129872338e-14
268.47105678914187,-53.671992482320526,2.490812285145802,3.741020885898962,-17.086395313489014,-1.6841534259744676e-14
268.4878917266493,-53.672387615159224,2.490937146772616,3.743462504802069,-17.083736226244852,-5.0524602779234026e-14
268.50472543906636,-53.672786154522626,2.49106189005384,3.7459027160063525,-17.081076552122838,-6.73661370389787e-14
268.52155793466665,-53.67318808859023,2.491186515127278,3.7483415240469227,-17.0784162944066,-6.73661370389787e-14
268.53838922170445,-53.67359340553824,2.4913110221307346,3.750778933456331,-17.075755456377053,-3.368306851948935e-14
268.5552193084144,-53.67400209353954,2.491435411202014,3.7532149487644326,-17.073094041312416,-3.368306851948935e-14
268.5720482030123,-53.67441414076373,2.4915596824789192,3.7556495744985967,-17.07043205248815,-1.6841534259744676e-14
268.58887591369427,-53.67482953537707,2.491683836099255,3.7580828151835153,-17.067769493177078,-1.0104920555846805e-13
268.6057024486372,-53.67524826554258,2.4918078722008277,3.7605146753412977,-17.065106366649257,-6.73661370389787e-14
268.6225278159989,-53.67567031941997,2.4919317909214396,3.76294515949151,-17.062442676172076,-5.0524602779234026e-14
268.6393520239177,-53.67609568516572,2.4920555923988954,3.765374272151094,-17.05977842501022,-3.368306851948935e-14
268.65617508051247,-53.676524350932944,2.4921792767709996,3.767802017834377,-17.05711361642568,-3.368306851948935e-14
268.6729969938833,-53.6769563048716,2.4923028441755557,3.770228401053208,-17.054448253677755,-6.73661370389787e-14
268.6898177721105,-53.67739153512838,2.492426294750369,3.7726534263167193,-17.051782340023067,-5.0524602779234026e-14
268.70663742325524,-53.67783002984667,2.492549628633243,3.775077098131543,-17.049115878715522,0.0
268.7234559553597,-53.678271777166664,2.492672845961982,3.777499421001773,-17.046448873006362,-3.368306851948935e-14
268.7402733764464,-53.67871676522532,2.4927959468743905,3.7799203994288195,-17.043781326144174,-5.0524602779234026e-14
268.7570896945188,-53.67916498215638,2.492918931508273,3.782340037911625,-17.04111324137481,-1.6841534259744676e-14
268.7739049175612,-53.679616416090354,2.4930418000014343,3.7847583409465173,-17.038444621941494,-5.0524602779234026e-14
268.7907190535383,-53.68007105515455,2.493164552491677,3.7871753130272325,-17.035775471084772,-8.420767129872338e-14
268.8075321103959,-53.68052888747309,2.493287189116807,3.789590958645019,-17.033105792042498,-8.420767129872338e-14
268.82434409606043,-53.68098990116687,2.4934097100146277,3.7920052822885,-17.030435588049876,-1.0104920555846805e-13
268.84115501843894,-53.68145408435362,2.4935321153229433,3.794418288443752,-17.027764862339467,-5.0524602779234026e-14
268.8579648854195,-53.68192142514791,2.493654405179559,3.7968299815943154,-17.02509361814114,-1.6841534259744676e-14
268.8747737048706,-53.68239191166108,2.4937765797222777,3.799240366221137,-17.02242185868213,-5.0524602779234026e-14
268.8915814846421,-53.68286553200137,2.4938986390889055,3.801649446802691,-17.01974958718698,-3.368306851948935e-14
268.9083882325638,-53.68334227427382,2.494020583417244,3.804057227814816,-17.017076806877636,-5.0524602779234026e-14
268.9251939564469,-53.68382212658032,2.4941424128451004,3.8064637137308166,-17.01440352097335,-5.0524602779234026e-14
268.94199866408326,-53.684305077019644,2.4942641275102764,3.8088689090215246,-17.01172973269076,-5.0524602779234026e-14
268.95880236324535,-53.68479111368742,2.4943857275505783,3.811272818155153,-17.00905544524383,-6.73661370389787e-14
268.97560506168645,-53.685280224676106,2.4945072131038093,3.813675445597371,-17.00638066184392,-6.73661370389787e-14
268.9924067671409,-53.68577239807511,2.4946285843077733,3.8160767958113992,-17.00370538569972,-1.1789073981821273e-13
269.0092074873235,-53.686267621970664,2.4947498413002767,3.8184768732578296,-17.001029620017288,-5.0524602779234026e-14
269.0260072299299,-53.68676588444592,2.4948709842191215,3.8208756823947163,-16.998353368000082,-8.420767129872338e-14
269.0428060026369,-53.68726717358092,2.4949920132021126,3.8232732276776935,-16.995676632848877,-5.0524602779234026e-14
269.0596038131015,-53.68777147745261,2.4951129283870546,3.825669513559731,-16.992999417761887,-1.0104920555846805e-13
269.07640066896204,-53.68827878413489,2.4952337299117513,3.828064544491372,-16.990321725934646,-6.73661370389787e-14
269.0931965778374,-53.68878908169852,2.4953544179140077,3.8304583249205884,-16.98764356056008,-6.73661370389787e-14
269.10999154732724,-53.6893023582112,2.495474992531627,3.83285085929281,-16.984964924828528,-8.420767129872338e-14
269.1267855850123,-53.68981860173762,2.495595453902415,3.8352421520510216,-16.982285821927668,-5.0524602779234026e-14
269.1435786984539,-53.69033780033933,2.4957158021641743,3.837632207635611,-16.979606255042594,-5.0524602779234026e-14
269.1603708951941,-53.69085994207488,2.49583603745471,3.840021030484481,-16.976926227355786,-5.0524602779234026e-14
269.177162182756,-53.69138501499979,2.495956159911827,3.8424086250330314,-16.974245742047103,-8.420767129872338e-14
269.1939525686435,-53.691913007166505,2.4960761696733287,3.8447949957141634,-16.97156480229381,-5.0524602779234026e-14
269.21074206034103,-53.69244390662444,2.4961960668770193,3.8471801469581903,-16.968883411270568,-5.0524602779234026e-14
269.2275306653144,-53.69297770142002,2.4963158516607034,3.84956408319304,-16.966201572149437,-8.420767129872338e-14
269.24431839100976,-53.69351437959663,2.496435524162186,3.8519468088440196,-16.96351928809988,-5.0524602779234026e-14
269.26110524485426,-53.694053929194666,2.496555084519269,3.854328328334028,-16.960836562288765,-3.368306851948935e-14
269.27789123425595,-53.694596338251486,2.496674532869759,3.856708646083397,-16.958153397880366,-1.0104920555846805e-13
269.29467636660354,-53.69514159480151,2.49679386935146,3.8590877665099543,-16.95546979803637,-6.73661370389787e-14
269.3114606492669,-53.69568968687612,2.496913094102175,3.8614656940291368,-16.952785765915877,-6.73661370389787e-14
269.3282440895964,-53.69624060250375,2.497032207259709,3.8638424330537524,-16.950101304675403,-1.6841534259744676e-14
269.3450266949233,-53.696794329709824,2.4971512089618675,3.8662179879941645,-16.94741641746888,-3.368306851948935e-14
269.3618084725601,-53.69735085651684,2.4972700993464527,3.8685923632582986,-16.944731107447666,-6.73661370389787e-14
269.3785894297996,-53.697910170944326,2.497388878551271,3.8709655632515436,-16.942045377760532,-6.73661370389787e-14
269.39536957391573,-53.698472261008845,2.4975075467141243,3.8733375923767612,-16.939359231553706,-5.0524602779234026e-14
269.41214891216345,-53.699037114724014,2.4976261039728174,3.875708455034444,-16.936672671970797,-1.0104920555846805e-13
269.42892745177807,-53.699604720100545,2.497744550465157,3.87807815562247,-16.93398570215287,-1.0104920555846805e-13
269.4457051999763,-53.70017506514619,2.497862886328944,3.880446698536369,-16.931298325238437,-3.368306851948935e-14
269.46248216395537,-53.70074813786578,2.497981111701985,3.8828140881690834,-16.92861054436343,-8.420767129872338e-14
269.4792583508935,-53.70132392626122,2.498099226722084,3.8851803289111184,-16.925922362661222,-5.0524602779234026e-14
269.49603376794965,-53.701902418331535,2.498217231527044,3.88754542515054,-16.923233783262624,-6.73661370389787e-14
269.5128084222639,-53.70248360207281,2.49833512625467,3.8899093812729064,-16.920544809295894,-1.0104920555846805e-13
269.5295823209569,-53.7030674654783,2.4984529110427673,3.8922722016612723,-16.917855443886744,-1.6841534259744676e-14
269.5463554711303,-53.70365399653826,2.498570586029138,3.8946338906963183,-16.915165690158332,-8.420767129872338e-14
269.5631278798666,-53.704243183240166,2.498688151351588,3.896994452756151,-16.91247555123126,-6.73661370389787e-14
269.57989955422937,-53.7048350135686,2.4988056071479217,3.8993538922165265,-16.90978503022358,-5.0524602779234026e-14
269.5966705012627,-53.70542947550523,2.498922953555942,3.901712213450636,-16.907094130250826,-8.420767129872338e-14
269.61344072799164,-53.706026557028885,2.4990401907134547,3.904069420829251,-16.904402854425953,-1.6841534259744676e-14
269.6302102414224,-53.706626246115576,2.4991573187582645,3.906425518720715,-16.9017112058594,-6.73661370389787e-14
269.64697904854177,-53.707228530738426,2.4992743378281723,3.90878051149088,-16.899019187659093,-3.368306851948935e-14
269.6637471563174,-53.70783339886772,2.499391248060986,3.911134403503112,-16.89632680293038,-5.0524602779234026e-14
269.6805145716981,-53.70844083847093,2.4995080495945086,3.9134871991184244,-16.893634054776086,-8.420767129872338e-14
269.6972813016134,-53.70905083751269,2.499624742566543,3.9158389026952976,-16.890940946296546,-6.73661370389787e-14
269.71404735297335,-53.70966338395483,2.4997413271148954,3.918189518589744,-16.888247480589516,-6.73661370389787e-14
269.7308127326696,-53.71027846575635,2.499857803377369,3.920539051155428,-16.88555366075027,-6.73661370389787e-14
269.7475774475741,-53.71089607087345,2.499974171491769,3.922887504743473,-16.88285948987153,-5.0524602779234026e-14
269.76434150454,-53.71151618725953,2.5000904315958996,3.925234883702632,-16.880164971043513,-8.420767129872338e-14
269.78110491040127,-53.71213880286521,2.5002065838275636,3.927581192379166,-16.87747010735393,-5.0524602779234026e-14
269.7978676719724,-53.712763905638305,2.500322628324567,3.9299264351168732,-16.87477490188796,-6.73661370389787e-14
269.8146297960495,-53.713391483523885,2.500438565224714,3.9322706162572287,-16.872079357728268,-8.420767129872338e-14
