galstreams/tracks/track.st.NGC1851.ibata2024.ecsv
# %ECSV 1.0
# ---
# datatype:
# - {name: ra, unit: deg, datatype: float64}
# - {name: dec, unit: deg, datatype: float64}
# - {name: distance, unit: kpc, datatype: float64}
# - {name: pm_ra_cosdec, unit: mas / yr, datatype: float64}
# - {name: pm_dec, unit: mas / yr, datatype: float64}
# - {name: radial_velocity, unit: km / s, datatype: float64}
# delimiter: ','
# meta: !!omap
# - __serialized_columns__:
#     dec:
#       __class__: astropy.coordinates.angles.Latitude
#       unit: &id001 !astropy.units.Unit {unit: deg}
#       value: !astropy.table.SerializedColumn {name: dec}
#     distance:
#       __class__: astropy.coordinates.distances.Distance
#       unit: !astropy.units.Unit {unit: kpc}
#       value: !astropy.table.SerializedColumn {name: distance}
#     pm_dec:
#       __class__: astropy.units.quantity.Quantity
#       unit: !astropy.units.Unit {unit: mas / yr}
#       value: !astropy.table.SerializedColumn {name: pm_dec}
#     pm_ra_cosdec:
#       __class__: astropy.units.quantity.Quantity
#       unit: !astropy.units.Unit {unit: mas / yr}
#       value: !astropy.table.SerializedColumn {name: pm_ra_cosdec}
#     ra:
#       __class__: astropy.coordinates.angles.Longitude
#       unit: *id001
#       value: !astropy.table.SerializedColumn {name: ra}
#       wrap_angle: !astropy.coordinates.Angle
#         unit: *id001
#         value: 360.0
#     radial_velocity:
#       __class__: astropy.units.quantity.Quantity
#       unit: !astropy.units.Unit {unit: km / s}
#       value: !astropy.table.SerializedColumn {name: radial_velocity}
# schema: astropy-2.0
ra,dec,distance,pm_ra_cosdec,pm_dec,radial_velocity
[from data line 143]
76.41978419740217,-36.791635211458804,1.0000000000000002,2.1391761804714093,-1.1370515698635586,1365.2306028221476
76.43142941288703,-36.79902087075722,1.0000000000000002,2.13865917537035,-1.1368495990814438,1357.4474957722668
76.44303074387173,-36.80641555888791,1.0000000000000002,2.138151128973881,-1.1366381961371133,1349.702814109089
76.45458828635996,-36.813819265354226,1.0000000000000002,2.1376519992247722,-1.1364173898770105,1341.9964633703153
76.46610213635017,-36.82123197957998,1.0000000000000004,2.137161744105775,-1.1361872091907799,1334.3283490936503
76.47757238983559,-36.828653690909555,1.0000000000000002,2.136680321639531,-1.1359476830108974,1326.6983768167954
76.48899914280439,-36.836084388608306,1.0000000000000002,2.1362076898882947,-1.1356988403125854,1319.1064520774535
76.50038249123986,-36.843524061862794,1.0,2.135743806953812,-1.1354407101136132,1311.5524804133283
76.51172253112058,-36.85097269978131,1.0,2.1352886309770795,-1.1351733214735873,1304.0363673621207
76.52301935842046,-36.8584302913938,1.0,2.1348421201382095,-1.1348967034944053,1296.5580184615364
76.53427306910893,-36.865896825652385,1.0000000000000002,2.1344042326561095,-1.1346108853192334,1289.1173392492751
76.54548375915114,-36.873372291431764,1.0000000000000002,2.133974926788575,-1.1343158961331028,1281.714235263041
76.55665152450801,-36.8808566775292,1.0000000000000002,2.1335541608317214,-1.1340117651617163,1274.3486120405366
76.56777646113639,-36.88834997266499,1.0000000000000002,2.1331418931201185,-1.133698521672116,1267.0203751194654
76.57885866498933,-36.89585216548288,1.0000000000000002,2.132738082026421,-1.1333761949717314,1259.7294300375288
76.58989823201603,-36.90336324455011,1.0000000000000002,2.13234268596117,-1.1330448144083078,1252.4756823324308
76.6008952581621,-36.91088319835773,1.0,2.131955663372821,-1.132704409370163,1245.2590375418727
76.61184983936971,-36.91841201532123,1.0,2.13157697274724,-1.1323550092851207,1238.079401203558
76.62276207157772,-36.925949683780345,0.9999999999999999,2.131206572607759,-1.131996643620937,1230.9366788551904
76.63363205072176,-36.93349619199967,0.9999999999999997,2.130844421514837,-1.1316293418845191,1223.8307760344712
76.64445987273443,-36.9410515281688,0.9999999999999999,2.1304904780661005,-1.1312531336222236,1216.7615982791035
76.65524563354558,-36.94861568040281,0.9999999999999999,2.1301447008957552,-1.130868048419174,1209.7290511267909
76.66598942908213,-36.956188636742255,1.0,2.129807048674884,-1.1304741158992186,1202.7330401152346
76.67669135526855,-36.96377038515361,1.0,2.1294774801107934,-1.1300713657246604,1195.773470782139
76.68735150802686,-36.97136091352973,0.9999999999999999,2.1291559539471834,-1.1296598275960434,1188.8502486652055
76.69796998327676,-36.97896020968978,1.0,2.12884242896385,-1.1292395312516277,1181.963279302138
76.70854687693578,-36.98656826137972,0.9999999999999999,2.1285368639763647,-1.128810506467687,1175.1124682306386
76.71908228491955,-36.994185056272734,0.9999999999999999,2.128239217836054,-1.1283727830579693,1168.2977209884093
76.72957630314178,-37.00181058196915,1.0,2.127949449429792,-1.1279263908732418,1161.5189431131548
76.74002902751452,-37.009444825997015,1.0,2.127667517679704,-1.1274713598013761,1154.7760401425762
76.7504405539483,-37.017087775812364,1.0,2.127393381543115,-1.1270077197670076,1148.068917614377
76.76081097835223,-37.02473941879932,0.9999999999999999,2.1271270000122797,-1.1265355007313644,1141.3974810662592
76.77114039663417,-37.032399742270464,0.9999999999999999,2.1268683321142845,-1.126054732691884,1134.761636035926
76.78142890470096,-37.04006873346734,1.0,2.126617336910705,-1.1255654456819713,1128.1612880610808
76.79167659845842,-37.04774637956034,1.0,2.126373973497671,-1.1250676697710844,1121.596342679426
76.80188357381171,-37.05543266764924,0.9999999999999999,2.126138201005304,-1.1245614350640238,1115.0667054286632
76.81204992666518,-37.063127584763386,0.9999999999999998,2.125909978598017,-1.1240467717010887,1108.5722818464967
76.82217575292292,-37.07083111786216,1.0,2.125689265473845,-1.123523709857551,1102.1129774706283
76.83226114848853,-37.07854325383496,1.0,2.1254760208647383,-1.1229922797437695,1095.6886978387613
76.8423062092655,-37.08626397950162,1.0,2.1252702040358997,-1.1224525116045783,1089.2993484885974
76.85231103115736,-37.09399328161287,1.0,2.125071774285985,-1.1219044357193155,1082.9448349578406
76.8622757100677,-37.10173114685026,1.0,2.1248806909466964,-1.1213480824014823,1076.6250627841932
76.87220034190044,-37.10947756182665,0.9999999999999998,2.1246969133827562,-1.1207834819985578,1070.3399375053573
76.88208502255999,-37.117232513086606,1.0,2.1245204009915497,-1.1202106648916867,1064.089364659037
76.89192984795133,-37.124995987106345,1.0,2.1243511132030335,-1.1196296614956935,1057.8732497829344
76.90173491398016,-37.13276797029423,0.9999999999999999,2.1241890094797355,-1.1190405022584144,1051.6914984147518
76.91150031655319,-37.140548448991154,0.9999999999999998,2.124034049316208,-1.1184432176610528,1045.5440160921926
76.92122615157818,-37.148337409470486,0.9999999999999998,2.123886192239027,-1.1178378382173406,1039.4307083529584
76.93091251496408,-37.156134837938545,0.9999999999999999,2.123745397806779,-1.11722439447378,1033.3514807347533
76.94055950262128,-37.16394072053506,0.9999999999999998,2.1236116256096764,-1.1166029170091463,1027.3062387752796
76.95016721046173,-37.171755043332986,1.0,2.123484835269224,-1.1159734364345724,1021.2948880122397
76.95973573439902,-37.179577792339174,0.9999999999999999,2.123364986438517,-1.1153359833928107,1015.317333983337
76.96926517034866,-37.18740895349439,0.9999999999999999,2.123252038801624,-1.1146905885585738,1009.3734822262734
76.9787556142282,-37.1952485126739,0.9999999999999999,2.123145952073642,-1.1140372826379945,1003.4632382787523
76.98820716195736,-37.203096455687344,0.9999999999999998,2.123046686000322,-1.1133760963683699,997.5865076784762
76.99761990945812,-37.21095276827921,0.9999999999999999,2.12295420035818,-1.1127070605180762,991.7431959631479
77.00699395265514,-37.21881743612925,0.9999999999999998,2.122868454954009,-1.1120302058865263,985.9332086704703
77.01632938747557,-37.226690444852466,0.9999999999999998,2.1227894096249145,-1.1113455633034022,980.1564513381458
77.02562630984943,-37.234571779999435,1.0,2.1227170242380637,-1.11065316362901,974.4128295038773
77.03488481570984,-37.24246142705689,0.9999999999999998,2.1226512586904107,-1.1099530377537548,968.7022487053673
77.04410500099291,-37.250359371447544,0.9999999999999999,2.1225920729087946,-1.1092452165979552,963.0246144803195
77.05328696163811,-37.25826559853058,0.9999999999999998,2.1225394268494,-1.1085297311116733,957.3798323664356
77.06243079358842,-37.266180093602024,1.0,2.122493280497892,-1.1078066122746009,951.7678079014189
77.07153659279041,-37.274102841894766,0.9999999999999998,2.122453593869025,-1.1070758910956044,946.1884466229714
77.08060445519443,-37.28203382857892,0.9999999999999999,2.1224203270066084,-1.106337598612697,940.6416540687969
77.08963447675482,-37.28997303876227,0.9999999999999998,2.122393439983263,-1.105591765892882,935.1273357765974
77.09862675343001,-37.29792045749026,0.9999999999999998,2.122372892900273,-1.1048384240315556,929.6453972840761
77.1075813811827,-37.30587606974637,0.9999999999999998,2.12235864588736,-1.104077604152863,924.1957441289351
77.11649845598004,-37.3138398604524,0.9999999999999998,2.122350659102569,-1.1033093374090015,918.7782818488779
77.12537807379381,-37.32181181446882,0.9999999999999998,2.1223488927320986,-1.1025336549802773,913.3929159816068
77.13422033060054,-37.329791916594814,0.9999999999999998,2.122353306990007,-1.101750588074836,908.0395520648245
77.1430253223817,-37.33778015156864,0.9999999999999998,2.122363862118167,-1.1009601679283918,902.7180956362341
77.15179314512382,-37.345776504068084,0.9999999999999998,2.122380518386162,-1.1001624258040579,897.4284522335383
77.16052389481875,-37.353780958710395,0.9999999999999998,2.122403236090843,-1.0993573929921894,892.1705273944398
77.1692176674637,-37.36179350005267,0.9999999999999998,2.1224319755564274,-1.0985451008101563,886.9442266566409
77.17787455906155,-37.369814112592344,0.9999999999999998,2.1224666971341364,-1.0977255806020736,881.7494555578448
77.18649466562087,-37.37784278076706,0.9999999999999997,2.122507361202153,-1.0968988637385735,876.5861196357538
77.19507808315616,-37.385879488955126,0.9999999999999997,2.122553928165388,-1.0960649816168058,871.4541244280717
77.20362490768804,-37.39392422147593,0.9999999999999998,2.1226063584553394,-1.0952239656600113,866.3533754725001
77.21213523524337,-37.40197696258986,0.9999999999999998,2.122664612529821,-1.094375847317366,861.2837783067421
77.22060916185536,-37.41003769649876,0.9999999999999998,2.1227286508730145,-1.0935206580637953,856.2452384685002
77.22904678356394,-37.418106407346286,0.9999999999999997,2.1227984339949835,-1.0926584293999184,851.2376614954782
77.23744819641568,-37.42618307921791,0.9999999999999999,2.1228739224317827,-1.091789192851607,846.2609529253779
77.24581349646411,-37.434267696141326,0.9999999999999997,2.122955076745196,-1.090912979969886,841.3150182959018
77.25414277976982,-37.44236024208664,0.9999999999999998,2.1230418575224768,-1.090029822330834,836.3997631447533
77.2624361424007,-37.45046070096684,0.9999999999999997,2.1231342253762655,-1.0891397515351713,831.5150930096352
77.27069368043202,-37.45856905663771,0.9999999999999998,2.1232321409444737,-1.0882427992082597,826.6609134282498
77.27891548994661,-37.46668529289821,0.9999999999999998,2.1233355648899384,-1.0873389969997476,821.8371299383002
77.28710166703516,-37.47480939349101,0.9999999999999998,2.123444457900465,-1.0864283765835125,817.0436480774888
77.29525230779616,-37.48294134210227,0.9999999999999997,2.123558780688498,-1.0855109696574061,812.2803733835182
77.30336750833625,-37.49108112236215,0.9999999999999997,2.123678493991026,-1.0845868079430119,807.5472113940917
77.31144736477037,-37.49922871784519,0.9999999999999997,2.123803558569392,-1.0836559231855745,802.8440676469121
77.31949197322182,-37.50738411207026,0.9999999999999998,2.123933935209152,-1.082718347153559,798.1708476796815
77.32750142982246,-37.515547288500926,0.9999999999999998,2.124069584719919,-1.0817741116387367,793.5274570301034
77.33547583071307,-37.52371823054594,0.9999999999999998,2.124210467935079,-1.0808232484559,788.9138012358798
77.34341527204322,-37.53189692155906,0.9999999999999998,2.124356545711791,-1.0798657894424935,784.3297858347139
77.35131984997163,-37.54008334483961,0.9999999999999999,2.1245077789306954,-1.0789017664587561,779.7753163643081
77.35918966066629,-37.548277483632575,0.9999999999999999,2.1246641284958656,-1.0779312113872095,775.2502983623659
77.36702480030469,-37.55647932112906,1.0,2.124825555334464,-1.076954156132686,770.754637366589
77.37482536507386,-37.56468884046623,0.9999999999999998,2.124992020396789,-1.075970632622031,766.2882389146808
77.3825914511706,-37.57290602472772,0.9999999999999997,2.125163484655964,-1.0749806728038465,761.8510085443442
77.39032315480176,-37.58113085694404,0.9999999999999997,2.1253399091078187,-1.0739843086485479,757.4428517932812
77.39802057218422,-37.58936332009249,0.9999999999999997,2.1255212547707423,-1.0729815721478957,753.0636741991952
77.4056837995452,-37.597603397097544,0.9999999999999997,2.1257074826854527,-1.0719724953150092,748.7133812997888
77.41331293312238,-37.60585107083133,0.9999999999999997,2.1258985539149435,-1.0709571101841107,744.3918786327648
77.4209080691641,-37.61410632411346,0.9999999999999997,2.1260944295442243,-1.069935448810213,740.0990717358256
77.4284693039294,-37.62236913971149,0.9999999999999997,2.1262950706802144,-1.0689075432692619,735.8348661466742
77.43599673368847,-37.63063950034133,0.9999999999999996,2.1265004384515542,-1.0678734256574813,731.5991674030136
77.44349045472252,-37.63891738866713,0.9999999999999996,2.126710494008414,-1.0668331280917158,727.391881042546
77.45095056332408,-37.6472027873017,0.9999999999999997,2.1269251985224216,-1.0657866827088185,723.2129126029746
77.45837715579728,-37.65549567880691,0.9999999999999997,2.127144513186444,-1.0647341216656656,719.0621676220017
77.46577032845781,-37.6637960456936,0.9999999999999998,2.12736839921439,-1.0636754771389718,714.9395516373306
77.47313017763322,-37.67210387042207,0.9999999999999997,2.1275968178411517,-1.062610781325077,710.8449701866637
77.4804567996631,-37.68041913540218,0.9999999999999994,2.1278297303223113,-1.0615400664396901,706.7783288077037
77.48775029089921,-37.68874182299377,0.9999999999999998,2.1280670979340783,-1.0604633647178758,702.7395330381535
77.49501074770566,-37.69707191550668,0.9999999999999997,2.1283088819731475,-1.0593807084137978,698.7284884157157
77.50223826645903,-37.70540939520103,0.9999999999999996,2.1285550437564957,-1.058292129800492,694.7451004780931
77.50943294354872,-37.71375424428771,0.9999999999999998,2.128805544621155,-1.0571976611696812,690.7892747629888
77.51659487537688,-37.722106444928244,0.9999999999999997,2.1290603459241915,-1.0560973348316764,686.8609168081048
77.52372415835876,-37.730465979235206,0.9999999999999997,2.1293194090424663,-1.05499118311522,682.9599321511444
77.53082088892285,-37.73883282927261,0.9999999999999996,2.12958269537247,-1.0538792383671307,679.0862263298103
77.53788516351096,-37.747206977055846,0.9999999999999996,2.129850166330261,-1.0527615329523314,675.239704881805
77.54491707857851,-37.75558840455199,0.9999999999999997,2.1301217833511608,-1.0516380992537222,671.4202733448318
77.55191673059466,-37.76397709368036,0.9999999999999997,2.1303975078897075,-1.0505089696716396,667.6278372565929
77.55888421604246,-37.772373026312266,0.9999999999999996,2.130677301419478,-1.0493741766240987,663.8623021547909
77.56581963141903,-37.78077618427148,0.9999999999999997,2.130961125432883,-1.0482337525462952,660.123573577129
77.5727230732358,-37.78918654933466,0.9999999999999997,2.131248941441111,-1.047087729890677,656.4115570613097
77.57959463801859,-37.79760410323115,0.9999999999999997,2.1315407109738658,-1.0459361411267736,652.726158145036
77.58643442230779,-37.806028827643566,0.9999999999999998,2.1318363955792954,-1.0447790187407549,649.0672823660105
77.59324252265861,-37.814460704207804,0.9999999999999997,2.1321359568237703,-1.043616395235503,645.4348352619355
77.60001903564125,-37.82289971451355,0.9999999999999998,2.132439356291787,-1.0424483031304987,641.8287223705148
77.60676405784096,-37.83134584010416,0.9999999999999997,2.132746555585758,-1.041274774961252,638.24884922945
77.61347768585831,-37.83979906247707,0.9999999999999998,2.1330575163259518,-1.0400958432797154,634.6951213764447
77.62016001630938,-37.84825936308415,0.9999999999999997,2.1333722001502373,-1.0389115406536007,631.1674443492011
77.62681114582585,-37.85672672333168,0.9999999999999996,2.1336905687139804,-1.037721899666586,627.6657236854222
77.63343117105522,-37.865201124580636,0.9999999999999996,2.1340125836899198,-1.0365269529178889,624.1898649228108
77.64002018866108,-37.87368254814717,0.9999999999999997,2.1343382067679073,-1.0353267330222025,620.7397735990694
77.64657829532307,-37.88217097530248,0.9999999999999996,2.1346673996549477,-1.0341212726095605,617.3153552519009
77.6531055877372,-37.89066638727318,0.9999999999999997,2.1350001240748178,-1.0329106043251457,613.9165154190076
77.65960216261607,-37.8991687652417,0.9999999999999996,2.1353363417681415,-1.0316947608291827,610.5431596380934
77.66606811668892,-37.90767809034621,0.9999999999999997,2.135676014492031,-1.030473774796576,607.19519344686
77.67250354670183,-37.91619434368097,0.9999999999999997,2.136019104020125,-1.029247678917038,603.8725223830105
77.67890854941803,-37.924717506296766,0.9999999999999997,2.1363655721422887,-1.0280165058946267,600.5750519842476
77.68528322161782,-37.93324755920071,0.9999999999999997,2.1367153806646186,-1.0267802884479096,597.3026877882738
