galstreams/tracks/track.st.Perpendicular.weiss2018.ecsv
# %ECSV 1.0
# ---
# datatype:
# - {name: ra, unit: deg, datatype: float64}
# - {name: dec, unit: deg, datatype: float64}
# - {name: distance, unit: kpc, datatype: float64}
# - {name: pm_ra_cosdec, unit: mas / yr, datatype: float64}
# - {name: pm_dec, unit: mas / yr, datatype: float64}
# - {name: radial_velocity, unit: km / s, datatype: float64}
# delimiter: ','
# meta: !!omap
# - __serialized_columns__:
#     dec:
#       __class__: astropy.coordinates.angles.Latitude
#       unit: &id001 !astropy.units.Unit {unit: deg}
#       value: !astropy.table.SerializedColumn {name: dec}
#     distance:
#       __class__: astropy.coordinates.distances.Distance
#       unit: !astropy.units.Unit {unit: kpc}
#       value: !astropy.table.SerializedColumn {name: distance}
#     pm_dec:
#       __class__: astropy.units.quantity.Quantity
#       unit: !astropy.units.Unit {unit: mas / yr}
#       value: !astropy.table.SerializedColumn {name: pm_dec}
#     pm_ra_cosdec:
#       __class__: astropy.units.quantity.Quantity
#       unit: !astropy.units.Unit {unit: mas / yr}
#       value: !astropy.table.SerializedColumn {name: pm_ra_cosdec}
#     ra:
#       __class__: astropy.coordinates.angles.Longitude
#       unit: *id001
#       value: !astropy.table.SerializedColumn {name: ra}
#       wrap_angle: !astropy.coordinates.Angle
#         unit: *id001
#         value: 360.0
#     radial_velocity:
#       __class__: astropy.units.quantity.Quantity
#       unit: !astropy.units.Unit {unit: km / s}
#       value: !astropy.table.SerializedColumn {name: radial_velocity}
# schema: astropy-2.0
ra,dec,distance,pm_ra_cosdec,pm_dec,radial_velocity
[from data line 473]
185.55657603047018,12.160209694760619,14.441856722736661,0.0,0.0,0.0
185.55558869548673,12.170119112630383,14.440465299317498,0.0,0.0,0.0
185.5546012833086,12.180028527640687,14.439073875898337,0.0,0.0,0.0
185.55361379398246,12.189937939767294,14.437682452479178,0.0,0.0,0.0
185.55262622755484,12.199847348986156,14.436291029060017,0.0,0.0,0.0
185.55163858407232,12.209756755273048,14.434899605640858,0.0,0.0,0.0
185.55065086358152,12.219666158603921,14.433508182221694,0.0,0.0,0.0
185.54966306612903,12.22957555895455,14.43211675880253,0.0,0.0,0.0
185.5486751917614,12.239484956300897,14.43072533538337,0.0,0.0,0.0
185.54768724052522,12.249394350618728,14.429333911964209,0.0,0.0,0.0
185.54669921246705,12.25930374188401,14.427942488545048,0.0,0.0,0.0
185.54571110763348,12.269213130072563,14.426551065125885,0.0,0.0,0.0
185.54472292607113,12.279122515160195,14.425159641706728,0.0,0.0,0.0
185.5437346678265,12.289031897122836,14.423768218287565,0.0,0.0,0.0
185.5427463329462,12.298941275936407,14.422376794868402,0.0,0.0,0.0
185.54175792147674,12.308850651576726,14.420985371449243,0.0,0.0,0.0
185.5407694334648,12.318760024019612,14.419593948030078,0.0,0.0,0.0
185.53978086895683,12.328669393241045,14.418202524610917,0.0,0.0,0.0
185.5387922279995,12.338578759216782,14.416811101191756,0.0,0.0,0.0
185.53780351063926,12.348488121922813,14.415419677772595,0.0,0.0,0.0
185.53681471692272,12.358397481334906,14.414028254353434,0.0,0.0,0.0
185.53582584689647,12.368306837429037,14.412636830934273,0.0,0.0,0.0
185.53483690060705,12.378216190180986,14.411245407515112,0.0,0.0,0.0
185.53384787810097,12.38812553956672,14.40985398409595,0.0,0.0,0.0
185.53285877942483,12.398034885562023,14.408462560676789,0.0,0.0,0.0
185.53186960462517,12.407944228142874,14.407071137257626,0.0,0.0,0.0
185.53088035374856,12.417853567285054,14.405679713838467,0.0,0.0,0.0
185.52989102684148,12.427762902964536,14.404288290419306,0.0,0.0,0.0
185.52890162395056,12.437672235157107,14.402896867000145,0.0,0.0,0.0
185.5279121451223,12.447581563838748,14.401505443580982,0.0,0.0,0.0
185.52692259040322,12.457490888985236,14.400114020161821,0.0,0.0,0.0
185.52302257333614,12.466026987134132,14.401635134218203,0.0,0.0,0.0
185.51886251482756,12.47444045100591,14.403416219424974,0.0,0.0,0.0
185.5147021858695,12.482853851095562,14.405197304631749,0.0,0.0,0.0
185.5105415862583,12.491267187354516,14.40697838983852,0.0,0.0,0.0
185.50638071579021,12.499680459734405,14.40875947504529,0.0,0.0,0.0
185.50221957426155,12.508093668186625,14.41054056025206,0.0,0.0,0.0
185.49805816146852,12.516506812662781,14.412321645458832,0.0,0.0,0.0
185.49389647720727,12.524919893114255,14.414102730665604,0.0,0.0,0.0
185.48973452127393,12.53333290949262,14.415883815872377,0.0,0.0,0.0
185.48557229346463,12.541745861749245,14.417664901079148,0.0,0.0,0.0
185.48140979357535,12.550158749835674,14.41944598628592,0.0,0.0,0.0
185.47724702140215,12.558571573703256,14.42122707149269,0.0,0.0,0.0
185.4730839767409,12.56698433330351,14.423008156699462,0.0,0.0,0.0
185.46892065938758,12.575397028587757,14.424789241906234,0.0,0.0,0.0
185.46475706913802,12.583809659507507,14.426570327113007,0.0,0.0,0.0
185.46059320578803,12.592222226014043,14.428351412319781,0.0,0.0,0.0
185.4564290691334,12.600634728058855,14.430132497526552,0.0,0.0,0.0
185.45226465896988,12.609047165593212,14.431913582733323,0.0,0.0,0.0
185.44809997509307,12.617459538568571,14.433694667940097,0.0,0.0,0.0
185.44393501729877,12.625871846936183,14.435475753146864,0.0,0.0,0.0
185.4397697853824,12.634284090647487,14.437256838353637,0.0,0.0,0.0
185.43560427913965,12.642696269653692,14.439037923560408,0.0,0.0,0.0
185.43143849836594,12.651108383906227,14.440819008767182,0.0,0.0,0.0
185.42727244285678,12.65952043335629,14.442600093973953,0.0,0.0,0.0
185.42310611240754,12.667932417955265,14.444381179180722,0.0,0.0,0.0
185.41893950681364,12.676344337654328,14.446162264387494,0.0,0.0,0.0
185.4147726258704,12.684756192404853,14.447943349594269,0.0,0.0,0.0
185.41060546937314,12.693167982157993,14.449724434801041,0.0,0.0,0.0
185.40643803711703,12.701579706865077,14.451505520007812,0.0,0.0,0.0
185.40227032889732,12.70999136647726,14.453286605214581,0.0,0.0,0.0
185.39810234450908,12.71840296094585,14.455067690421355,0.0,0.0,0.0
185.39393408374755,12.72681449022194,14.456848775628124,0.0,0.0,0.0
185.38976554640766,12.735225954256853,14.458629860834899,0.0,0.0,0.0
185.3855967322845,12.743637353001652,14.46041094604167,0.0,0.0,0.0
185.38142764117302,12.752048686407623,14.462192031248442,0.0,0.0,0.0
185.37725827286818,12.760459954425817,14.463973116455213,0.0,0.0,0.0
185.3730886271648,12.76887115700749,14.465754201661985,0.0,0.0,0.0
185.36891870385776,12.777282294103678,14.467535286868754,0.0,0.0,0.0
185.36474850274183,12.7856933656656,14.469316372075529,0.0,0.0,0.0
185.36057802361177,12.794104371644273,14.471097457282301,0.0,0.0,0.0
185.35640726626227,12.802515311990906,14.472878542489072,0.0,0.0,0.0
185.35223623048802,12.81092618665648,14.474659627695843,0.0,0.0,0.0
185.34806491608356,12.81933699559218,14.476440712902614,0.0,0.0,0.0
185.3438933228435,12.82774773874897,14.478221798109386,0.0,0.0,0.0
185.33972145056237,12.836158416078003,14.480002883316159,0.0,0.0,0.0
185.33554929903462,12.844569027530218,14.48178396852293,0.0,0.0,0.0
185.33137686805472,12.85297957305676,14.483565053729702,0.0,0.0,0.0
185.32720415741701,12.861390052608531,14.485346138936475,0.0,0.0,0.0
185.32303116691585,12.869800466136654,14.487127224143245,0.0,0.0,0.0
185.31885789634552,12.878210813592013,14.488908309350016,0.0,0.0,0.0
185.31468434550024,12.886621094925692,14.49068939455679,0.0,0.0,0.0
185.3105105141743,12.89503131008857,14.492470479763561,0.0,0.0,0.0
185.30633640216178,12.903441459031702,14.494251564970334,0.0,0.0,0.0
185.30216200925682,12.911851541705941,14.496032650177103,0.0,0.0,0.0
185.29798733525345,12.920261558062313,14.497813735383874,0.0,0.0,0.0
185.29381237994573,12.928671508051648,14.499594820590648,0.0,0.0,0.0
185.28963714312763,12.937081391624957,14.501375905797417,0.0,0.0,0.0
185.28546162459307,12.94549120873304,14.503156991004191,0.0,0.0,0.0
185.28128582413592,12.953900959326889,14.504938076210962,0.0,0.0,0.0
185.27710974155002,12.96231064335727,14.506719161417736,0.0,0.0,0.0
185.2729333766292,12.970720260775161,14.508500246624504,0.0,0.0,0.0
185.26875672916717,12.979129811531303,14.510281331831274,0.0,0.0,0.0
185.26457979895758,12.987539295576644,14.51206241703805,0.0,0.0,0.0
185.2604025857942,12.9959487128619,14.51384350224482,0.0,0.0,0.0
185.25622508947052,13.004358063338001,14.515624587451592,0.0,0.0,0.0
185.25204730978018,13.012767346955645,14.517405672658365,0.0,0.0,0.0
185.24786924651664,13.021176563665723,14.519186757865137,0.0,0.0,0.0
185.24369089947345,13.029585713418916,14.52096784307191,0.0,0.0,0.0
185.23951226844392,13.037994796166094,14.52274892827868,0.0,0.0,0.0
185.2353333532215,13.046403811857907,14.52453001348545,0.0,0.0,0.0
185.2311541535995,13.054812760445207,14.526311098692224,0.0,0.0,0.0
185.22697466937123,13.063221641878618,14.528092183898993,0.0,0.0,0.0
185.22279490032986,13.071630456108966,14.529873269105765,0.0,0.0,0.0
185.21861484626865,13.08003920308685,14.531654354312538,0.0,0.0,0.0
185.21443450698072,13.088447882763077,14.53343543951931,0.0,0.0,0.0
185.21025388225917,13.096856495088222,14.535216524726081,0.0,0.0,0.0
185.20607297189702,13.105265040013053,14.536997609932852,0.0,0.0,0.0
185.20189177568733,13.113673517488138,14.538778695139621,0.0,0.0,0.0
185.19771029342306,13.12208192746422,14.540559780346396,0.0,0.0,0.0
185.19352852489706,13.130490269891832,14.542340865553165,0.0,0.0,0.0
185.1893464699022,13.138898544721696,14.54412195075994,0.0,0.0,0.0
185.18516412823138,13.147306751904328,14.545903035966711,0.0,0.0,0.0
185.1809814996773,13.155714891390419,14.547684121173482,0.0,0.0,0.0
185.17679858403272,13.164122963130454,14.549465206380257,0.0,0.0,0.0
185.17261538109028,13.172530967075119,14.551246291587027,0.0,0.0,0.0
185.1684318906427,13.180938903174859,14.553027376793796,0.0,0.0,0.0
185.16424811248245,13.189346771380333,14.55480846200057,0.0,0.0,0.0
185.16006404640214,13.197754571641974,14.556589547207343,0.0,0.0,0.0
185.15587969219422,13.206162303910412,14.558370632414112,0.0,0.0,0.0
185.15169504965118,13.214569968136054,14.560151717620885,0.0,0.0,0.0
185.14751011856538,13.222977564269497,14.561932802827657,0.0,0.0,0.0
185.14332489872922,13.231385092261137,14.563713888034426,0.0,0.0,0.0
185.1391393899349,13.239792552061546,14.565494973241199,0.0,0.0,0.0
185.13495359197483,13.248199943621085,14.567276058447971,0.0,0.0,0.0
185.13076750464108,13.256607266890306,14.569057143654744,0.0,0.0,0.0
185.12658112772593,13.265014521819552,14.570838228861517,0.0,0.0,0.0
185.12239446102137,13.27342170835934,14.572619314068286,0.0,0.0,0.0
185.11820750431954,13.281828826459993,14.57440039927506,0.0,0.0,0.0
185.11402025741245,13.290235876072007,14.576181484481829,0.0,0.0,0.0
185.10983272009213,13.298642857145676,14.577962569688601,0.0,0.0,0.0
185.1056448921504,13.30704976963147,14.579743654895374,0.0,0.0,0.0
185.1014567733792,13.315456613479657,14.581524740102147,0.0,0.0,0.0
185.09726836357032,13.323863388640687,14.583305825308917,0.0,0.0,0.0
185.09307966251563,13.332270095064807,14.585086910515692,0.0,0.0,0.0
185.0888906700068,13.340676732702432,14.58686799572246,0.0,0.0,0.0
185.0847013858355,13.349083301503788,14.588649080929232,0.0,0.0,0.0
185.08051180979342,13.357489801419268,14.590430166136008,0.0,0.0,0.0
185.07632194167218,13.365896232399068,14.592211251342777,0.0,0.0,0.0
185.0721317812632,13.374302594393567,14.593992336549547,0.0,0.0,0.0
185.0679413283581,13.382708887352917,14.595773421756322,0.0,0.0,0.0
185.0637505827483,13.391115111227492,14.59755450696309,0.0,0.0,0.0
185.0595595442252,13.399521265967413,14.599335592169863,0.0,0.0,0.0
185.05536821258013,13.407927351523014,14.601116677376632,0.0,0.0,0.0
185.05117658760443,13.416333367844407,14.602897762583408,0.0,0.0,0.0
185.04698466908934,13.424739314881906,14.60467884779018,0.0,0.0,0.0
185.04279245682608,13.43314519258558,14.60645993299695,0.0,0.0,0.0
185.0385999506058,13.441551000905731,14.60824101820372,0.0,0.0,0.0
185.03440715021966,13.449956739792402,14.610022103410493,0.0,0.0,0.0
185.03021405545866,13.458362409195864,14.611803188617264,0.0,0.0,0.0
185.0260206661139,13.466768009066133,14.613584273824038,0.0,0.0,0.0
185.02182698197626,13.475173539353461,14.61536535903081,0.0,0.0,0.0
185.01763300283676,13.483579000007852,14.61714644423758,0.0,0.0,0.0
185.01343872848616,13.491984390979505,14.618927529444353,0.0,0.0,0.0
185.00924415871543,13.500389712218407,14.620708614651123,0.0,0.0,0.0
185.00504929331524,13.508794963674747,14.622489699857896,0.0,0.0,0.0
185.00085413207637,13.517200145298478,14.624270785064665,0.0,0.0,0.0
184.99665867478944,13.525605257039755,14.62605187027144,0.0,0.0,0.0
184.9924629212452,13.534010298848516,14.62783295547821,0.0,0.0,0.0
184.98826687123412,13.542415270674889,14.629614040684983,0.0,0.0,0.0
184.98407052454678,13.550820172468836,14.631395125891755,0.0,0.0,0.0
184.9798738809737,13.559225004180313,14.633176211098522,0.0,0.0,0.0
184.9756769403053,13.567629765759342,14.634957296305299,0.0,0.0,0.0
184.97147970233195,13.576034457155968,14.63673838151207,0.0,0.0,0.0
184.96728216684403,13.584439078320095,14.638519466718842,0.0,0.0,0.0
184.96308433363183,13.592843629201612,14.640300551925613,0.0,0.0,0.0
184.95888620248553,13.601248109750578,14.642081637132387,0.0,0.0,0.0
184.95468777319542,13.609652519916807,14.643862722339154,0.0,0.0,0.0
184.9504890455516,13.618056859650302,14.645643807545929,0.0,0.0,0.0
184.9462900193442,13.626461128900878,14.6474248927527,0.0,0.0,0.0
184.94209069436323,13.634865327618511,14.64920597795947,0.0,0.0,0.0
184.9378910703987,13.643269455752975,14.65098706316624,0.0,0.0,0.0
184.9336911472406,13.651673513254234,14.652768148373017,0.0,0.0,0.0
184.92949092467884,13.660077500072035,14.654549233579786,0.0,0.0,0.0
184.9252904025032,13.668481416156315,14.656330318786557,0.0,0.0,0.0
184.92108958050358,13.676885261456787,14.65811140399333,0.0,0.0,0.0
184.91688845846966,13.685289035923367,14.659892489200102,0.0,0.0,0.0
184.91268703619122,13.69369273950575,14.661673574406874,0.0,0.0,0.0
184.90848531345785,13.702096372153827,14.663454659613642,0.0,0.0,0.0
184.90428329005923,13.710499933817257,14.665235744820416,0.0,0.0,0.0
184.90008096578487,13.71890342444591,14.667016830027187,0.0,0.0,0.0
184.89587834042433,13.727306843989421,14.668797915233961,0.0,0.0,0.0
184.891675413767,13.735710192397628,14.670579000440732,0.0,0.0,0.0
184.88747218560235,13.744113469620146,14.672360085647504,0.0,0.0,0.0
184.88326865571975,13.752516675606781,14.674141170854273,0.0,0.0,0.0
184.8790648239085,13.760919810307135,14.675922256061046,0.0,0.0,0.0
184.87486068995784,13.769322873670978,14.677703341267817,0.0,0.0,0.0
184.87065625365702,13.777725865647882,14.679484426474591,0.0,0.0,0.0
184.86645151479522,13.786128786187604,14.681265511681362,0.0,0.0,0.0
184.8622464731615,13.794531635239679,14.683046596888136,0.0,0.0,0.0
184.85804112854498,13.802934412753846,14.684827682094905,0.0,0.0,0.0
184.8538354807347,13.811337118679605,14.686608767301678,0.0,0.0,0.0
184.84962952951955,13.81973975296668,14.688389852508449,0.0,0.0,0.0
184.84542327468853,13.82814231556454,14.690170937715221,0.0,0.0,0.0
184.84121671603043,13.836544806422875,14.691952022921994,0.0,0.0,0.0
184.83700985333417,13.84494722549114,14.693733108128765,0.0,0.0,0.0
184.83280268638842,13.853349572718994,14.695514193335535,0.0,0.0,0.0
184.82859521498196,13.86175184805587,14.697295278542304,0.0,0.0,0.0
184.82438743890344,13.87015405145139,14.69907636374908,0.0,0.0,0.0
184.8201793579415,13.878556182854972,14.70085744895585,0.0,0.0,0.0
184.8159709718847,13.886958242216206,14.702638534162624,0.0,0.0,0.0
184.81176228052155,13.895360229484485,14.704419619369396,0.0,0.0,0.0
184.80755328364052,13.903762144609377,14.706200704576167,0.0,0.0,0.0
184.80334398103005,13.912163987540245,14.707981789782936,0.0,0.0,0.0
184.7991343724785,13.920565758226628,14.709762874989707,0.0,0.0,0.0
184.79492445777421,13.928967456617867,14.711543960196481,0.0,0.0,0.0
184.79071423670544,13.937369082663476,14.713325045403254,0.0,0.0,0.0
184.78650370906038,13.945770636312767,14.715106130610026,0.0,0.0,0.0
184.78229287462725,13.954172117515228,14.716887215816795,0.0,0.0,0.0
184.77808173319414,13.962573526220137,14.718668301023568,0.0,0.0,0.0
184.7738702845491,13.970974862376973,14.720449386230339,0.0,0.0,0.0
184.76965852848022,13.979376125934971,14.722230471437111,0.0,0.0,0.0
184.7654464647754,13.987777316843589,14.724011556643882,0.0,0.0,0.0
184.7612340932226,13.996178435052048,14.725792641850656,0.0,0.0,0.0
184.75702141360966,14.004579480509761,14.727573727057427,0.0,0.0,0.0
184.75280842572445,14.012980453165932,14.729354812264196,0.0,0.0,0.0
184.7485951293547,14.021381352969945,14.73113589747097,0.0,0.0,0.0
184.7443815242881,14.029782179870981,14.732916982677743,0.0,0.0,0.0
184.7401676103123,14.03818293381839,14.734698067884512,0.0,0.0,0.0
184.73595338721506,14.046583614761335,14.736479153091283,0.0,0.0,0.0
184.73173885478377,14.05498422264914,14.738260238298057,0.0,0.0,0.0
184.72752401280607,14.063384757430924,14.740041323504828,0.0,0.0,0.0
184.72330886106934,14.071785219056006,14.741822408711602,0.0,0.0,0.0
184.71909339936104,14.08018560747347,14.74360349391837,0.0,0.0,0.0
184.71487762746852,14.08858592263261,14.745384579125144,0.0,0.0,0.0
184.7106615451791,14.096986164482482,14.747165664331915,0.0,0.0,0.0
184.70644515228003,14.105386332972344,14.748946749538687,0.0,0.0,0.0
184.70222844855854,14.11378642805124,14.750727834745458,0.0,0.0,0.0
184.69801143380172,14.122186449668401,14.752508919952232,0.0,0.0,0.0
184.69379410779678,14.13058639777283,14.754290005159003,0.0,0.0,0.0
184.6895764703307,14.138986272313744,14.756071090365774,0.0,0.0,0.0
184.68535852119052,14.14738607324012,14.757852175572546,0.0,0.0,0.0
184.68114026016318,14.15578580050113,14.759633260779317,0.0,0.0,0.0
