galstreams/tracks/track.st.Kwando.grillmair2017.ecsv
# %ECSV 1.0
# ---
# datatype:
# - {name: ra, unit: deg, datatype: float64}
# - {name: dec, unit: deg, datatype: float64}
# - {name: distance, unit: kpc, datatype: float64}
# - {name: pm_ra_cosdec, unit: mas / yr, datatype: float64}
# - {name: pm_dec, unit: mas / yr, datatype: float64}
# - {name: radial_velocity, unit: km / s, datatype: float64}
# delimiter: ','
# meta: !!omap
# - __serialized_columns__:
#     dec:
#       __class__: astropy.coordinates.angles.Latitude
#       unit: &id001 !astropy.units.Unit {unit: deg}
#       value: !astropy.table.SerializedColumn {name: dec}
#     distance:
#       __class__: astropy.coordinates.distances.Distance
#       unit: !astropy.units.Unit {unit: kpc}
#       value: !astropy.table.SerializedColumn {name: distance}
#     pm_dec:
#       __class__: astropy.units.quantity.Quantity
#       unit: !astropy.units.Unit {unit: mas / yr}
#       value: !astropy.table.SerializedColumn {name: pm_dec}
#     pm_ra_cosdec:
#       __class__: astropy.units.quantity.Quantity
#       unit: !astropy.units.Unit {unit: mas / yr}
#       value: !astropy.table.SerializedColumn {name: pm_ra_cosdec}
#     ra:
#       __class__: astropy.coordinates.angles.Longitude
#       unit: *id001
#       value: !astropy.table.SerializedColumn {name: ra}
#       wrap_angle: !astropy.coordinates.Angle
#         unit: *id001
#         value: 360.0
#     radial_velocity:
#       __class__: astropy.units.quantity.Quantity
#       unit: !astropy.units.Unit {unit: km / s}
#       value: !astropy.table.SerializedColumn {name: radial_velocity}
# schema: astropy-2.0
ra,dec,distance,pm_ra_cosdec,pm_dec,radial_velocity
[from data line 704]
26.59678749785506,-25.8547653644873,19.99999999999998,0.0,0.0,0.0
26.6064722738534,-25.85975727484851,19.99999999999998,0.0,0.0,0.0
26.61615371377337,-25.864756644578986,19.99999999999997,0.0,0.0,0.0
26.625831817139062,-25.86976347835893,19.999999999999975,0.0,0.0,0.0
26.63550658347502,-25.87477778086887,19.999999999999975,0.0,0.0,0.0
26.645178012306207,-25.87979955678961,19.999999999999975,0.0,0.0,0.0
26.65484610315801,-25.884828810802198,19.999999999999975,0.0,0.0,0.0
26.664510855556287,-25.889865547588006,19.999999999999975,0.0,0.0,0.0
26.674172269027277,-25.89490977182866,19.999999999999975,0.0,0.0,0.0
26.68383034309766,-25.899961488206085,19.999999999999975,0.0,0.0,0.0
26.69348507729454,-25.90502070140248,19.99999999999997,0.0,0.0,0.0
26.70313647114544,-25.9100874161003,19.99999999999998,0.0,0.0,0.0
26.712784524178304,-25.9151616369823,19.999999999999975,0.0,0.0,0.0
26.722429235921474,-25.920243368731505,19.999999999999975,0.0,0.0,0.0
26.73207060590371,-25.925332616031227,19.99999999999998,0.0,0.0,0.0
26.74170863365421,-25.930429383565034,19.999999999999975,0.0,0.0,0.0
26.751343318702546,-25.93553367601679,19.99999999999998,0.0,0.0,0.0
26.7609746605787,-25.940645498070616,19.99999999999998,0.0,0.0,0.0
26.770602658813072,-25.945764854410918,19.999999999999975,0.0,0.0,0.0
26.78022731293645,-25.950891749722373,19.99999999999997,0.0,0.0,0.0
26.78984862248003,-25.956026188689933,19.99999999999997,0.0,0.0,0.0
26.799466586975385,-25.96116817599882,19.999999999999975,0.0,0.0,0.0
26.8090812059545,-25.966317716334515,19.99999999999998,0.0,0.0,0.0
26.81869247894974,-25.97147481438279,19.99999999999998,0.0,0.0,0.0
26.828300405493874,-25.976639474829703,19.999999999999975,0.0,0.0,0.0
26.837904985120023,-25.981811702361515,19.99999999999997,0.0,0.0,0.0
26.847506217361722,-25.986991501664832,19.99999999999998,0.0,0.0,0.0
26.857104101752878,-25.99217887742648,19.99999999999998,0.0,0.0,0.0
26.86669863782777,-25.997373834333576,19.999999999999975,0.0,0.0,0.0
26.876289825121074,-26.002576377073503,19.99999999999997,0.0,0.0,0.0
26.8858776631678,-26.007786510333897,19.99999999999998,0.0,0.0,0.0
26.89546215150338,-26.01300423880268,19.99999999999997,0.0,0.0,0.0
26.905043289663553,-26.01822956716802,19.99999999999997,0.0,0.0,0.0
26.914621077184478,-26.023462500118352,19.99999999999998,0.0,0.0,0.0
26.92419551360266,-26.0287030423424,19.99999999999998,0.0,0.0,0.0
26.933766598454955,-26.03395119852912,19.99999999999998,0.0,0.0,0.0
26.943334331278578,-26.039206973367758,19.99999999999998,0.0,0.0,0.0
26.952898711611113,-26.04447037154781,19.999999999999975,0.0,0.0,0.0
26.96245973899049,-26.049741397759014,19.99999999999998,0.0,0.0,0.0
26.97201741295499,-26.055020056691397,19.999999999999975,0.0,0.0,0.0
26.98157173304324,-26.060306353035255,19.99999999999998,0.0,0.0,0.0
26.99112269879423,-26.06560029148112,19.99999999999998,0.0,0.0,0.0
27.00067030974725,-26.070901876719788,19.999999999999975,0.0,0.0,0.0
27.01021456544198,-26.076211113442312,19.99999999999998,0.0,0.0,0.0
27.01975546541841,-26.08152800634002,19.99999999999998,0.0,0.0,0.0
27.02929300921688,-26.086852560104486,19.99999999999997,0.0,0.0,0.0
27.03882719637803,-26.092184779427537,19.999999999999975,0.0,0.0,0.0
27.048358026442898,-26.097524669001263,19.999999999999975,0.0,0.0,0.0
27.057885498952775,-26.102872233518017,19.99999999999998,0.0,0.0,0.0
27.06740961344933,-26.108227477670386,19.999999999999982,0.0,0.0,0.0
27.07693036947453,-26.11359040615123,19.99999999999998,0.0,0.0,0.0
27.086447766570657,-26.118961023653664,19.999999999999975,0.0,0.0,0.0
27.095961804280336,-26.124339334871035,19.999999999999975,0.0,0.0,0.0
27.105472482146475,-26.129725344496965,19.99999999999998,0.0,0.0,0.0
27.114979799712334,-26.13511905722534,19.99999999999998,0.0,0.0,0.0
27.12448375652145,-26.14052047775025,19.999999999999975,0.0,0.0,0.0
27.133984352117672,-26.145929610766085,19.999999999999975,0.0,0.0,0.0
27.14348158604516,-26.151346460967446,19.999999999999975,0.0,0.0,0.0
27.152975457848388,-26.15677103304922,19.99999999999997,0.0,0.0,0.0
27.1624659670721,-26.162203331706525,19.999999999999975,0.0,0.0,0.0
27.17195311326137,-26.167643361634724,19.999999999999975,0.0,0.0,0.0
27.181436895961543,-26.173091127529435,19.999999999999975,0.0,0.0,0.0
27.19091731471826,-26.178546634086523,19.999999999999975,0.0,0.0,0.0
27.200394369077454,-26.18400988600208,19.999999999999975,0.0,0.0,0.0
27.20986805858534,-26.18948088797249,19.99999999999998,0.0,0.0,0.0
27.219338382788425,-26.19495964469433,19.999999999999975,0.0,0.0,0.0
27.228805341233492,-26.200446160864477,19.999999999999975,0.0,0.0,0.0
27.238268933467587,-26.205940441179983,19.99999999999998,0.0,0.0,0.0
27.247729159038073,-26.211442490338214,19.999999999999975,0.0,0.0,0.0
27.257186017492536,-26.21695231303673,19.999999999999975,0.0,0.0,0.0
27.266639508378876,-26.22246991397336,19.99999999999998,0.0,0.0,0.0
27.276089631245213,-26.22799529784615,19.999999999999975,0.0,0.0,0.0
27.28553638563998,-26.23352846935343,19.999999999999975,0.0,0.0,0.0
27.29497977111184,-26.239069433193713,19.99999999999998,0.0,0.0,0.0
27.304419787209742,-26.244618194065808,19.99999999999998,0.0,0.0,0.0
27.313856433482858,-26.250174756668713,19.99999999999998,0.0,0.0,0.0
27.323289709480648,-26.255739125701716,19.999999999999975,0.0,0.0,0.0
27.33271961475279,-26.261311305864293,19.99999999999997,0.0,0.0,0.0
27.342146148849235,-26.266891301856194,19.999999999999975,0.0,0.0,0.0
27.35156931132018,-26.272479118377394,19.99999999999997,0.0,0.0,0.0
27.36098910171605,-26.27807476012809,19.99999999999998,0.0,0.0,0.0
27.37040551958752,-26.28367823180874,19.999999999999975,0.0,0.0,0.0
27.379818564485504,-26.289289538120016,19.99999999999998,0.0,0.0,0.0
27.38922823596115,-26.294908683762838,19.99999999999998,0.0,0.0,0.0
27.39863453356582,-26.30053567343835,19.999999999999975,0.0,0.0,0.0
27.408037456851144,-26.306170511847935,19.999999999999975,0.0,0.0,0.0
27.417437005368935,-26.311813203693216,19.99999999999998,0.0,0.0,0.0
27.426833178671266,-26.31746375367602,19.99999999999998,0.0,0.0,0.0
27.436225976310414,-26.323122166498447,19.99999999999997,0.0,0.0,0.0
27.445615397838864,-26.328788446862788,19.999999999999975,0.0,0.0,0.0
27.455001442809337,-26.334462599471575,19.999999999999975,0.0,0.0,0.0
27.46438411077476,-26.340144629027595,19.999999999999975,0.0,0.0,0.0
27.473763401288267,-26.34583454023383,19.999999999999975,0.0,0.0,0.0
27.483139313903198,-26.351532337793518,19.99999999999997,0.0,0.0,0.0
27.492511848173105,-26.35723802641009,19.999999999999975,0.0,0.0,0.0
27.501881003651718,-26.36295161078723,19.99999999999998,0.0,0.0,0.0
27.51124677989301,-26.36867309562885,19.999999999999975,0.0,0.0,0.0
27.520609176451106,-26.374402485639077,19.99999999999998,0.0,0.0,0.0
27.529968192880343,-26.380139785522267,19.99999999999998,0.0,0.0,0.0
27.539323828735256,-26.385884999983,19.999999999999975,0.0,0.0,0.0
27.54867608357055,-26.391638133726072,19.99999999999998,0.0,0.0,0.0
27.55802495694112,-26.397399191456515,19.99999999999997,0.0,0.0,0.0
27.567370448402045,-26.40316817787957,19.99999999999998,0.0,0.0,0.0
27.57671255750859,-26.40894509770072,19.999999999999975,0.0,0.0,0.0
27.58605128381619,-26.414729955625656,19.999999999999975,0.0,0.0,0.0
27.59538662688043,-26.420522756360278,19.99999999999998,0.0,0.0,0.0
27.60471858625711,-26.426323504610718,19.999999999999975,0.0,0.0,0.0
27.614047161502164,-26.43213220508334,19.99999999999998,0.0,0.0,0.0
27.623372352171703,-26.437948862484706,19.999999999999975,0.0,0.0,0.0
27.632694157822005,-26.4437734815216,19.999999999999975,0.0,0.0,0.0
27.642012578009467,-26.449606066901037,19.999999999999975,0.0,0.0,0.0
27.651327612290704,-26.455446623330232,19.99999999999998,0.0,0.0,0.0
27.660639260222442,-26.461295155516634,19.99999999999998,0.0,0.0,0.0
27.669947521361568,-26.467151668167883,19.999999999999975,0.0,0.0,0.0
27.67925239526511,-26.473016165991854,19.999999999999975,0.0,0.0,0.0
27.688553881490243,-26.478888653696625,19.99999999999998,0.0,0.0,0.0
27.697851979594297,-26.484769135990497,19.99999999999998,0.0,0.0,0.0
27.707146689134728,-26.490657617581984,19.99999999999997,0.0,0.0,0.0
27.716438009669115,-26.496554103179808,19.99999999999997,0.0,0.0,0.0
27.725725940755186,-26.50245859749288,19.99999999999998,0.0,0.0,0.0
27.735010481950795,-26.508371105230374,19.99999999999997,0.0,0.0,0.0
27.74429163281392,-26.51429163110163,19.999999999999975,0.0,0.0,0.0
27.753569392902662,-26.520220179816217,19.999999999999975,0.0,0.0,0.0
27.76284376177524,-26.526156756083903,19.999999999999975,0.0,0.0,0.0
27.77211473899,-26.53210136461467,19.999999999999975,0.0,0.0,0.0
27.78138232410539,-26.538054010118724,19.99999999999998,0.0,0.0,0.0
27.79064651667999,-26.544014697306448,19.999999999999975,0.0,0.0,0.0
27.79990731627244,-26.549983430888442,19.99999999999998,0.0,0.0,0.0
27.80916472244155,-26.55596021557553,19.99999999999998,0.0,0.0,0.0
27.8184187347462,-26.56194505607872,19.999999999999975,0.0,0.0,0.0
27.827669352745353,-26.567937957109226,19.999999999999975,0.0,0.0,0.0
27.83691657599809,-26.57393892337848,19.99999999999998,0.0,0.0,0.0
27.846160404063582,-26.579947959598115,19.99999999999997,0.0,0.0,0.0
27.855400836501094,-26.58596507047995,19.999999999999975,0.0,0.0,0.0
27.864637872869967,-26.59199026073602,19.99999999999998,0.0,0.0,0.0
27.873871512729632,-26.598023535078564,19.999999999999975,0.0,0.0,0.0
27.883101755639608,-26.60406489822001,19.999999999999975,0.0,0.0,0.0
27.89232860115947,-26.61011435487299,19.999999999999975,0.0,0.0,0.0
27.901552048848902,-26.616171909750346,19.999999999999975,0.0,0.0,0.0
27.910772098267625,-26.622237567565108,19.999999999999975,0.0,0.0,0.0
27.919988748975445,-26.62831133303051,19.999999999999975,0.0,0.0,0.0
27.92920200053224,-26.634393210859976,19.99999999999998,0.0,0.0,0.0
27.93841185249794,-26.64048320576713,19.99999999999998,0.0,0.0,0.0
27.947618304432538,-26.646581322465806,19.99999999999997,0.0,0.0,0.0
27.95682135589608,-26.652687565670007,19.999999999999982,0.0,0.0,0.0
27.966021006448678,-26.658801940093962,19.999999999999975,0.0,0.0,0.0
27.975217255650463,-26.664924450452066,19.999999999999975,0.0,0.0,0.0
27.984410103061663,-26.671055101458926,19.99999999999998,0.0,0.0,0.0
27.9935995482425,-26.677193897829326,19.99999999999997,0.0,0.0,0.0
28.002785590753255,-26.683340844278273,19.99999999999998,0.0,0.0,0.0
28.01196823015426,-26.68949594552092,19.99999999999997,0.0,0.0,0.0
28.021147466005868,-26.695659206272655,19.999999999999975,0.0,0.0,0.0
28.030323297868467,-26.701830631249035,19.999999999999975,0.0,0.0,0.0
28.039495725302466,-26.70801022516581,19.999999999999975,0.0,0.0,0.0
28.04866474786832,-26.714197992738903,19.99999999999998,0.0,0.0,0.0
28.057830365126463,-26.720393938684467,19.99999999999997,0.0,0.0,0.0
28.06699257663739,-26.726598067718797,19.99999999999997,0.0,0.0,0.0
28.07615138196161,-26.732810384558412,19.99999999999997,0.0,0.0,0.0
28.085306780659604,-26.739030893919985,19.99999999999997,0.0,0.0,0.0
28.094458772291897,-26.7452596005204,19.99999999999997,0.0,0.0,0.0
28.103607356419023,-26.75149650907672,19.999999999999975,0.0,0.0,0.0
28.1127525326015,-26.757741624306185,19.99999999999997,0.0,0.0,0.0
28.121894300399852,-26.763994950926218,19.999999999999975,0.0,0.0,0.0
28.131032659374586,-26.770256493654443,19.99999999999997,0.0,0.0,0.0
28.140167609086216,-26.776526257208655,19.999999999999975,0.0,0.0,0.0
28.14929914909527,-26.782804246306824,19.99999999999997,0.0,0.0,0.0
28.158427278962215,-26.78909046566712,19.999999999999975,0.0,0.0,0.0
28.167551998247518,-26.795384920007862,19.99999999999997,0.0,0.0,0.0
28.176673306511645,-26.801687614047587,19.99999999999997,0.0,0.0,0.0
28.185791203315002,-26.80799855250498,19.99999999999997,0.0,0.0,0.0
28.194905688218018,-26.814317740098932,19.99999999999997,0.0,0.0,0.0
28.20401676078105,-26.820645181548496,19.999999999999975,0.0,0.0,0.0
28.21312442056443,-26.826980881572894,19.999999999999975,0.0,0.0,0.0
28.222228667128476,-26.83332484489155,19.99999999999997,0.0,0.0,0.0
28.23132950003342,-26.839677076224035,19.999999999999968,0.0,0.0,0.0
28.24042691883951,-26.84603758029011,19.999999999999975,0.0,0.0,0.0
28.24952092310689,-26.85240636180973,19.99999999999997,0.0,0.0,0.0
28.258611512395706,-26.85878342550299,19.99999999999997,0.0,0.0,0.0
28.267698686266012,-26.86516877609018,19.99999999999997,0.0,0.0,0.0
28.276782444277814,-26.871562418291752,19.99999999999997,0.0,0.0,0.0
28.285862785991082,-26.877964356828336,19.99999999999997,0.0,0.0,0.0
28.29493971096569,-26.884374596420724,19.99999999999997,0.0,0.0,0.0
28.304013218761465,-26.890793141789917,19.99999999999997,0.0,0.0,0.0
28.313083308938154,-26.89721999765701,19.999999999999975,0.0,0.0,0.0
28.32214998105544,-26.903655168743352,19.99999999999997,0.0,0.0,0.0
28.33121323467293,-26.910098659770405,19.99999999999997,0.0,0.0,0.0
28.340273069350122,-26.916550475459818,19.99999999999997,0.0,0.0,0.0
28.349329484646486,-26.92301062053341,19.999999999999975,0.0,0.0,0.0
28.358382480121353,-26.92947909971316,19.99999999999997,0.0,0.0,0.0
28.36743205533399,-26.935955917721216,19.99999999999997,0.0,0.0,0.0
28.376478209843558,-26.94244107927989,19.99999999999997,0.0,0.0,0.0
28.38552094320913,-26.948934589111662,19.999999999999975,0.0,0.0,0.0
28.39456025498968,-26.95543645193918,19.99999999999997,0.0,0.0,0.0
28.40359614474407,-26.961946672485244,19.999999999999975,0.0,0.0,0.0
28.412628612031057,-26.968465255472832,19.999999999999975,0.0,0.0,0.0
28.42165765640929,-26.974992205625067,19.999999999999975,0.0,0.0,0.0
28.4306832774373,-26.981527527665236,19.99999999999997,0.0,0.0,0.0
28.439705474673502,-26.98807122631681,19.999999999999975,0.0,0.0,0.0
28.44872424767619,-26.99462330630339,19.99999999999997,0.0,0.0,0.0
28.45773959600353,-27.00118377234875,19.999999999999975,0.0,0.0,0.0
28.466751519213563,-27.007752629176824,19.99999999999997,0.0,0.0,0.0
28.475760016864207,-27.014329881511713,19.99999999999997,0.0,0.0,0.0
28.484765088513218,-27.020915534077638,19.999999999999975,0.0,0.0,0.0
28.49376673371825,-27.027509591599042,19.999999999999975,0.0,0.0,0.0
28.50276495203678,-27.03411205880046,19.99999999999998,0.0,0.0,0.0
28.511759743026165,-27.040722940406614,19.99999999999997,0.0,0.0,0.0
28.520751106243594,-27.047342241142367,19.999999999999975,0.0,0.0,0.0
28.52973904124612,-27.053969965732765,19.99999999999997,0.0,0.0,0.0
28.538723547590624,-27.060606118902975,19.999999999999968,0.0,0.0,0.0
28.547704624833845,-27.06725070537833,19.999999999999975,0.0,0.0,0.0
28.556682272532328,-27.07390372988431,19.999999999999975,0.0,0.0,0.0
28.565656490242496,-27.080565197146562,19.99999999999997,0.0,0.0,0.0
28.57462727752056,-27.08723511189086,19.99999999999997,0.0,0.0,0.0
28.583594633922576,-27.093913478843152,19.99999999999997,0.0,0.0,0.0
28.592558559004413,-27.100600302729504,19.99999999999997,0.0,0.0,0.0
28.60151905232177,-27.10729558827618,19.99999999999997,0.0,0.0,0.0
28.610476113430156,-27.113999340209528,19.99999999999997,0.0,0.0,0.0
28.6194297418849,-27.12071156325611,19.999999999999975,0.0,0.0,0.0
28.628379937241125,-27.12743226214259,19.999999999999975,0.0,0.0,0.0
28.637326699053748,-27.134161441595786,19.999999999999975,0.0,0.0,0.0
28.646270026877513,-27.14089910634268,19.999999999999975,0.0,0.0,0.0
28.655209920266962,-27.147645261110373,19.99999999999997,0.0,0.0,0.0
28.664146378776397,-27.154399910626122,19.999999999999975,0.0,0.0,0.0
28.673079401959935,-27.161163059617337,19.999999999999975,0.0,0.0,0.0
28.682008989371493,-27.167934712811554,19.99999999999997,0.0,0.0,0.0
28.69093514056472,-27.174714874936463,19.999999999999975,0.0,0.0,0.0
28.699857855093107,-27.18150355071989,19.999999999999968,0.0,0.0,0.0
28.70877713250986,-27.18830074488979,19.99999999999997,0.0,0.0,0.0
28.717692972367995,-27.19510646217428,19.99999999999997,0.0,0.0,0.0
28.726605374220302,-27.201920707301632,19.99999999999997,0.0,0.0,0.0
28.7355143376193,-27.208743485000177,19.99999999999997,0.0,0.0,0.0
28.744419862117276,-27.21557479999848,19.999999999999975,0.0,0.0,0.0
