galstreams/tracks/track.Lethe.grillmair2009.ecsv
# %ECSV 0.9
# ---
# datatype:
# - {name: sc.ra, unit: deg, datatype: float64}
# - {name: sc.dec, unit: deg, datatype: float64}
# - {name: sc.distance, unit: kpc, datatype: float64}
# - {name: width, datatype: float64}
# meta: !!omap
# - __serialized_columns__:
#     sc:
#       __class__: astropy.coordinates.sky_coordinate.SkyCoord
#       dec: !astropy.table.SerializedColumn
#         __class__: astropy.coordinates.angles.Latitude
#         unit: &id001 !astropy.units.Unit {unit: deg}
#         value: !astropy.table.SerializedColumn {name: sc.dec}
#       distance: !astropy.table.SerializedColumn
#         __class__: astropy.coordinates.distances.Distance
#         unit: !astropy.units.Unit {unit: kpc}
#         value: !astropy.table.SerializedColumn {name: sc.distance}
#       frame: icrs
#       ra: !astropy.table.SerializedColumn
#         __class__: astropy.coordinates.angles.Longitude
#         unit: *id001
#         value: !astropy.table.SerializedColumn {name: sc.ra}
#         wrap_angle: !astropy.coordinates.Angle
#           unit: *id001
#           value: 360.0
#       representation_type: spherical
# schema: astropy-2.0
sc.ra sc.dec sc.distance width
[from data line 7951]
256.2437709803781 20.4648808598666 13.0 0.4
256.2540587692803 20.46221668001686 13.0 0.4
256.2643462011574 20.459551895161344 13.0 0.4
256.2746332759917 20.456886505406967 13.0 0.4
256.28491999376496 20.454220510860658 13.0 0.4
256.2952063544595 20.451553911629322 13.0 0.4
256.30549235805745 20.448886707819884 13.0 0.4
256.3157780045411 20.446218899539335 13.0 0.4
256.32606329389273 20.44355048689461 13.0 0.4
256.3363482260946 20.44088146999266 13.0 0.4
256.3466328011292 20.43821184894052 13.0 0.4
256.35691701897895 20.43554162384515 13.0 0.4
256.3672008796263 20.432870794813557 13.0 0.4
256.3774843830538 20.430199361952774 13.0 0.4
256.38776752924394 20.427527325369834 13.0 0.4
256.3980503181796 20.424854685171752 13.0 0.4
256.40833274984334 20.422181441465604 13.0 0.4
256.41861482421774 20.419507594358457 13.0 0.4
256.42889654128584 20.416833143957362 13.0 0.4
256.43917790103035 20.414158090369433 13.0 0.4
256.4494589034341 20.41148243370177 13.0 0.4
256.4597395484801 20.408806174061446 13.0 0.4
256.4700198361514 20.406129311555624 13.0 0.4
256.48029976643096 20.403451846291418 13.0 0.4
256.49057933930175 20.400773778375978 13.0 0.4
256.5008585547471 20.39809510791645 13.0 0.4
256.51113741275014 20.395415835020028 13.0 0.4
256.52141591329405 20.392735959793864 13.0 0.4
256.5316940563622 20.390055482345144 13.0 0.4
256.5419718419377 20.387374402781088 13.0 0.4
256.5522492700042 20.384692721208914 13.0 0.4
256.56252634054505 20.382010437735815 13.0 0.4
256.5728030535437 20.379327552469057 13.0 0.4
256.5830794089836 20.37664406551587 13.0 0.4
256.5933554068485 20.37395997698352 13.0 0.4
256.6036310471219 20.37127528697928 13.0 0.4
256.6139063297876 20.368589995610417 13.0 0.4
256.6241812548292 20.36590410298423 13.0 0.4
256.6344558222305 20.36321760920803 13.0 0.4
256.6447300319755 20.36053051438912 13.0 0.4
256.6550038840478 20.35784281863482 13.0 0.4
256.66527737843154 20.35515452205249 13.0 0.4
256.6755505151106 20.352465624749463 13.0 0.4
256.68582329406917 20.349776126833092 13.0 0.4
256.69609571529105 20.347086028410764 13.0 0.4
256.70636777876047 20.344395329589855 13.0 0.4
256.7166394844618 20.341704030477747 13.0 0.4
256.72691083237896 20.339012131181857 13.0 0.4
256.7371818224964 20.336319631809605 13.0 0.4
256.74745245479846 20.333626532468397 13.0 0.4
256.75772272926946 20.330932833265678 13.0 0.4
256.76799264589374 20.32823853430892 13.0 0.4
256.77826220465596 20.325543635705547 13.0 0.4
256.7885314055406 20.32284813756305 13.0 0.4
256.798800248532 20.32015203998892 13.0 0.4
256.80906873361505 20.317455343090625 13.0 0.4
256.81933686077434 20.31475804697568 13.0 0.4
256.8296046299946 20.31206015175161 13.0 0.4
256.8398720412605 20.309361657525944 13.0 0.4
256.850139094557 20.306662564406192 13.0 0.4
256.8604057898689 20.303962872499934 13.0 0.4
256.87067212718097 20.301262581914717 13.0 0.4
256.8809381064784 20.298561692758103 13.0 0.4
256.89120372774624 20.295860205137682 13.0 0.4
256.9014689909693 20.293158119161056 13.0 0.4
256.9117338961329 20.29045543493581 13.0 0.4
256.9219984432221 20.28775215256957 13.0 0.4
256.9322626322222 20.285048272169963 13.0 0.4
256.94252646311844 20.282343793844618 13.0 0.4
256.952789935896 20.27963871770119 13.0 0.4
256.9630530505404 20.276933043847333 13.0 0.4
256.97331580703707 20.274226772390715 13.0 0.4
256.9835782053714 20.27151990343903 13.0 0.4
256.99384024552876 20.268812437099957 13.0 0.4
257.00410192749484 20.2661043734812 13.0 0.4
257.01436325125536 20.26339571269046 13.0 0.4
257.0246242167958 20.26068645483548 13.0 0.4
257.034884824102 20.257976600023987 13.0 0.4
257.04514507315963 20.255266148363738 13.0 0.4
257.0554049639545 20.252555099962468 13.0 0.4
257.06566449647244 20.249843454927962 13.0 0.4
257.0759236706994 20.247131213367986 13.0 0.4
257.0861824866214 20.244418375390346 13.0 0.4
257.09644094422436 20.241704941102828 13.0 0.4
257.10669904349436 20.23899091061324 13.0 0.4
257.11695678441737 20.23627628402943 13.0 0.4
257.1272141669797 20.233561061459195 13.0 0.4
257.13747119116744 20.230845243010393 13.0 0.4
257.1477278569669 20.22812882879089 13.0 0.4
257.15798416436445 20.225411818908537 13.0 0.4
257.16824011334626 20.2226942134712 13.0 0.4
257.17849570389893 20.21997601258679 13.0 0.4
257.18875093600866 20.2172572163632 13.0 0.4
257.19900580966214 20.214537824908312 13.0 0.4
257.2092603248459 20.21181783833007 13.0 0.4
257.2195144815464 20.209097256736403 13.0 0.4
257.22976827975043 20.20637608023523 13.0 0.4
257.24002171944454 20.203654308934524 13.0 0.4
257.2502748006155 20.20093194294224 13.0 0.4
257.2605275232502 20.198208982366342 13.0 0.4
257.27077988733544 20.19548542731481 13.0 0.4
257.28103189285804 20.192761277895656 13.0 0.4
257.29128353980497 20.190036534216876 13.0 0.4
257.30153482816326 20.187311196386467 13.0 0.4
257.31178575791984 20.184585264512478 13.0 0.4
257.3220363290619 20.181858738702942 13.0 0.4
257.33228654157654 20.17913161906588 13.0 0.4
257.3425363954509 20.176403905709382 13.0 0.4
257.35278589067224 20.1736755987415 13.0 0.4
257.36303502722785 20.1709466982703 13.0 0.4
257.3732838051051 20.16821720440389 13.0 0.4
257.38353222429106 20.165487117250365 13.0 0.4
257.3937802847737 20.16275643691784 13.0 0.4
257.40402798654 20.16002516351442 13.0 0.4
257.4142753295778 20.15729329714824 13.0 0.4
257.42452231387443 20.15456083792745 13.0 0.4
257.4347689394177 20.15182778596019 13.0 0.4
257.44501520619525 20.149094141354635 13.0 0.4
257.4552611141947 20.146359904218937 13.0 0.4
257.46550666340397 20.14362507466132 13.0 0.4
257.47575185381066 20.140889652789934 13.0 0.4
257.4859966854029 20.138153638713 13.0 0.4
257.49624115816835 20.135417032538744 13.0 0.4
257.5064852720952 20.132679834375374 13.0 0.4
257.5167290271712 20.12994204433113 13.0 0.4
257.5269724233847 20.12720366251426 13.0 0.4
257.5372154607236 20.12446468903302 13.0 0.4
257.5474581391763 20.121725123995674 13.0 0.4
257.5577004587307 20.118984967510503 13.0 0.4
257.5679424193752 20.1162442196858 13.0 0.4
257.57818402109814 20.113502880629845 13.0 0.4
257.5884252638878 20.11076095045096 13.0 0.4
257.5986661477327 20.108018429257463 13.0 0.4
257.6089066726212 20.105275317157684 13.0 0.4
257.6191468385418 20.102531614259945 13.0 0.4
257.629386645483 20.099787320672622 13.0 0.4
257.63962609343355 20.097042436504054 13.0 0.4
257.64986518238203 20.094296961862614 13.0 0.4
257.660103912317 20.091550896856695 13.0 0.4
257.67034228322746 20.088804241594687 13.0 0.4
257.68058029510206 20.086056996184965 13.0 0.4
257.6908179479296 20.083309160735972 13.0 0.4
257.70105524169895 20.080560735356116 13.0 0.4
257.7112921763993 20.077811720153818 13.0 0.4
257.7215287520193 20.07506211523754 13.0 0.4
257.73176496854825 20.072311920715727 13.0 0.4
257.7420008259751 20.069561136696837 13.0 0.4
257.752236324289 20.066809763289346 13.0 0.4
257.7624714634792 20.06405780060173 13.0 0.4
257.7727062435348 20.061305248742496 13.0 0.4
257.7829406644452 20.058552107820127 13.0 0.4
257.79317472619977 20.05579837794315 13.0 0.4
257.80340842878763 20.053044059220102 13.0 0.4
257.8136417721986 20.050289151759483 13.0 0.4
257.8238747564219 20.04753365566986 13.0 0.4
257.83410738144704 20.044777571059786 13.0 0.4
257.84433964726367 20.04202089803782 13.0 0.4
257.85457155386143 20.039263636712526 13.0 0.4
257.8648031012299 20.036505787192503 13.0 0.4
257.8750342893589 20.033747349586346 13.0 0.4
257.88526511823807 20.030988324002656 13.0 0.4
257.8954955878574 20.02822871055004 13.0 0.4
257.9057256982066 20.02546850933712 13.0 0.4
257.91595544927566 20.022707720472557 13.0 0.4
257.92618484105446 20.01994634406496 13.0 0.4
257.93641387353324 20.017184380223004 13.0 0.4
257.9466425467017 20.01442182905536 13.0 0.4
257.9568708605503 20.01165869067069 13.0 0.4
257.96709881506894 20.008894965177664 13.0 0.4
257.9773264102479 20.00613065268502 13.0 0.4
257.98755364607746 20.00336575330142 13.0 0.4
257.997780522548 20.000600267135596 13.0 0.4
