galstreams/tracks/track.st.Orphan-Chenab.ibata2021.ecsv
# %ECSV 0.9
# ---
# datatype:
# - {name: ra, unit: deg, datatype: float64}
# - {name: dec, unit: deg, datatype: float64}
# - {name: distance, unit: kpc, datatype: float64}
# - {name: pm_ra_cosdec, unit: mas / yr, datatype: float64}
# - {name: pm_dec, unit: mas / yr, datatype: float64}
# - {name: radial_velocity, unit: km / s, datatype: float64}
# delimiter: ','
# meta: !!omap
# - __serialized_columns__:
#     dec:
#       __class__: astropy.coordinates.angles.Latitude
#       unit: &id001 !astropy.units.Unit {unit: deg}
#       value: !astropy.table.SerializedColumn {name: dec}
#     distance:
#       __class__: astropy.coordinates.distances.Distance
#       unit: !astropy.units.Unit {unit: kpc}
#       value: !astropy.table.SerializedColumn {name: distance}
#     pm_dec:
#       __class__: astropy.units.quantity.Quantity
#       unit: !astropy.units.Unit {unit: mas / yr}
#       value: !astropy.table.SerializedColumn {name: pm_dec}
#     pm_ra_cosdec:
#       __class__: astropy.units.quantity.Quantity
#       unit: !astropy.units.Unit {unit: mas / yr}
#       value: !astropy.table.SerializedColumn {name: pm_ra_cosdec}
#     ra:
#       __class__: astropy.coordinates.angles.Longitude
#       unit: *id001
#       value: !astropy.table.SerializedColumn {name: ra}
#       wrap_angle: !astropy.coordinates.Angle
#         unit: *id001
#         value: 360.0
#     radial_velocity:
#       __class__: astropy.units.quantity.Quantity
#       unit: !astropy.units.Unit {unit: km / s}
#       value: !astropy.table.SerializedColumn {name: radial_velocity}
# schema: astropy-2.0
ra,dec,distance,pm_ra_cosdec,pm_dec,radial_velocity
[from data line 4209]
161.0761961069063,0.4254628086223607,18.186741979753528,-1.7736196332769485,0.7145727865479015,-2.2959747877542546e-14
161.07969325063885,0.41610040884006716,18.184428391774937,-1.7739878884294984,0.7151158857351845,-7.1050222658297854e-15
161.08319037264883,0.4067380024984111,18.18211527235931,-1.7743561529270302,0.7156590411102529,-3.7432941382010625e-14
161.0866874729839,0.3973755895804756,18.17980262164141,-1.7747244267654996,0.7162022526106183,-2.8551663549723395e-14
161.09018455169172,0.38801317006918223,18.17749043975599,-1.7750927099408655,0.7167455201737921,1.473634247727659e-14
161.0936816088201,0.37865074394745285,18.175178726837824,-1.77546100244909,0.7172888437372877,-3.9472345921276583e-16
161.0971786444166,0.36928831119836747,18.172867483021665,-1.7758293042861373,0.7178322232386163,1.670995977334042e-14
161.10067565852898,0.3599258718047918,18.17055670844228,-1.776197615447978,0.7183756586152923,-2.0262470906255314e-14
161.10417265120483,0.35056342574980454,18.16824640323443,-1.7765659359305839,0.7189191498048287,1.0920682371553189e-14
161.1076696224919,0.34120097301632296,18.165936567532874,-1.7769342657299305,0.719462696744739,3.2433110898648926e-14
161.11116657243787,0.3318385135872637,18.163627201472373,-1.7773026048419975,0.7200062993725386,-2.0986130581478717e-14
161.11466350109032,0.3224760474457023,18.16131830518769,-1.7776709532627668,0.7205499576257405,-1.2302214478797868e-14
161.11816040849698,0.3131135745745007,18.15900987881358,-1.7780393109882253,0.7210936714418608,1.7696768421372335e-14
161.1216572947055,0.30375109495673175,18.156701922484825,-1.7784076780143607,0.721637440758414,8.552341616276593e-16
161.12515415976353,0.2943886085753084,18.154394436336162,-1.7787760543371673,0.7221812655129162,6.710298806617019e-15
161.12865100371877,0.2850261154131429,18.152087420502376,-1.77914443995264,0.7227251456428833,-1.756519393496808e-14
161.13214782661876,0.275663615453306,18.149780875118203,-1.779512834856779,0.7232690810858328,3.703821792279786e-14
161.13564462851133,0.26630110867865386,18.14747480031842,-1.7798812390455871,0.723813071779281,-1.920987501502127e-14
161.13914140944394,0.25693859507225575,18.145169196237795,-1.7802496525150682,0.7243571176607441,3.7761877598021263e-14
161.14263816946436,0.2475760746170192,18.14286406301107,-1.780618075261235,0.7249012186677414,-2.8551663549723395e-14
161.14613490862018,0.2382135472958511,18.140559400773025,-1.780986507280098,0.7254453747377898,1.9736172960638294e-15
161.14963162695904,0.2288510130918175,18.13825520965841,-1.7813549485676747,0.7259895858084087,-1.6578385286936164e-14
161.15312832452858,0.21948847198782392,18.13595148980199,-1.7817233991199837,0.7265338518171163,-7.236596752234041e-15
161.15662500137645,0.21012592396677288,18.133648241338527,-1.782091858933048,0.7270781727014326,2.5360982254420206e-14
161.1601216575503,0.20076336901172825,18.131345464402795,-1.7824603280028921,0.7276225483988759,2.6314897280851057e-16
161.16361829309773,0.19140080710553803,18.12904315912953,-1.7828288063255475,0.7281669788469677,-3.2433110898648926e-14
161.16711490806628,0.18203823823126342,18.126741325653512,-1.7831972938970457,0.7287114639832282,2.3880769282372334e-14
161.17061150250373,0.17267566237180357,18.124439964109495,-1.7835657907134228,0.7292560037451776,-1.0131235453127657e-14
161.1741080764576,0.16331307951005739,18.122139074632244,-1.7839342967707181,0.729800598070338,2.0624300743867015e-14
161.17760462997555,0.153950489629083,18.119838657356517,-1.7843028120649738,0.7303452468962309,-8.651022481079785e-15
161.18110116310515,0.1445878927117229,18.11753871241709,-1.7846713365922349,0.7308899501603778,-1.634812993572872e-14
161.18459767589403,0.13522528874103285,18.115239239948707,-1.7850398703485513,0.7314347078003027,-8.256299021867019e-15
161.1880941683898,0.12586267769990764,18.11294024008613,-1.7854084133299752,0.7319795197535275,1.299298053242021e-14
161.1915906406401,0.11650005957124018,18.11064171296413,-1.7857769655325615,0.7325243859575749,1.506527869328723e-14
161.1950870926925,0.10713743433808257,18.108343658717466,-1.7861455269523696,0.7330693063499706,-2.6643833496861695e-14
161.19858352459454,0.09777480198332629,18.106046077480897,-1.7865140975854603,0.7336142808682373,1.929210906902393e-14
161.20207993639394,0.08841216248986172,18.103748969389184,-1.7868826774278999,0.7341593094498999,3.0081216954172866e-14
161.20557632813822,0.0790495158407371,18.101452334577093,-1.7872512664757558,0.7347043920324847,1.7450066259364356e-14
161.20907269987498,0.06968686201878746,18.09915617317939,-1.7876198647250996,0.7352495285535158,8.716809724281913e-15
161.21256905165183,0.06032420100705923,18.096860485330826,-1.7879884721720067,0.7357947189505193,-2.9431567927551856e-14
161.2160653835163,0.05096153278843825,18.094565271166157,-1.788357088812555,0.7363399631610226,-7.60664999524601e-15
161.21956169551606,0.04159885734580889,18.092270530820166,-1.7887257146428248,0.736885261122551,-1.555045961190292e-14
161.22305798769858,0.032236174662214075,18.089976264427598,-1.7890943496589016,0.7374306127726326,4.3394910297203445e-14
161.22655426011158,0.02287348472048323,18.087682472123216,-1.7894629938568722,0.7379760180487959,-2.2092178607814487e-14
161.23005051280248,0.013510787503657,18.08538915404179,-1.7898316472328273,0.7385214768885676,3.31834966414232e-14
161.23354674581896,0.004148082994615269,18.083096310318076,-1.7902003097828603,0.7390669892294771,2.0808299439697966e-14
161.23704295920857,-0.005214628823763037,18.080803941086835,-1.790568981503069,0.7396125550090525,2.880556119145661e-14
161.24053915301883,-0.014577347968440983,18.078512046482835,-1.790937662389553,0.7401581741648247,1.1605280871125329e-14
161.24403532729735,-0.023940074456594775,18.076220626640826,-1.7913063524384158,0.7407038466343223,4.8090474780755306e-14
161.24753148209172,-0.03330280830518986,18.073929681695578,-1.7916750516457638,0.7412495723550762,-2.7178354847878982e-15
161.2510276174494,-0.04266554953135195,18.071639211781854,-1.7920437600077066,0.7417953512646172,1.727737474595877e-14
161.25452373341807,-0.05202829815220828,18.069349217034407,-1.7924124775203572,0.7423411833004765,-5.16429859136702e-15
161.25801983004519,-0.0613910541847276,18.067059697588004,-1.7927812041798312,0.7428870684001858,-2.944801473835238e-14
161.2615159073783,-0.07075381764609277,18.064770653577405,-1.7931499399822473,0.7434330065012774,4.054138862331116e-14
161.26501196546505,-0.08011658855327455,18.06248208513738,-1.7935186849237275,0.743978997541283,-9.259554480699465e-15
161.26850800435287,-0.08947936692340519,18.060193992402677,-1.7938874390003976,0.7445250414577372,1.3765980640045208e-14
161.2720040240894,-0.09884215277361807,18.05790637550806,-1.7942562022083846,0.7450711381881726,2.3190003228749994e-14
161.27550002472213,-0.10820494612088757,18.05561923458831,-1.79462497454382,0.7456172876701229,-3.029502549457978e-14
161.2789960062986,-0.11756774698240299,18.053332569778163,-1.7949937560028397,0.7461634898411241,4.3123537918994667e-14
161.28249196886634,-0.12693055537514128,18.051046381212387,-1.7953625465815795,0.7467097446387093,-1.008189502072606e-14
161.28598791247288,-0.136293371316241,18.048760669025754,-1.7957313462761806,0.7472560520004145,2.1216385932686165e-14
161.2894838371658,-0.14565619482284148,18.046475433353017,-1.7961001550827866,0.747802411863776,2.2696598904734036e-15
161.29297974299254,-0.15501902591192393,18.04419067432894,-1.796468972997543,0.7483488241663294,-1.3025874154021273e-14
161.29647563000074,-0.16438186460068344,18.041906392088293,-1.7968378000166005,0.7488952888456127,-2.61833227944468e-14
161.2999714982378,-0.17374471090610352,18.039622586765812,-1.797206636136113,0.7494418058391618,-1.644681080053191e-15
161.30346734775128,-0.18310756484532933,18.03733925849629,-1.7975754813522336,0.7499883750845147,1.256536345160638e-14
161.30696317858875,-0.19247042643550621,18.035056407414466,-1.797944335661123,0.7505349965192113,1.8979619663813824e-14
161.31045899079766,-0.20183329569362202,18.032774033655116,-1.7983131990589416,0.7510816700807877,7.40106486023936e-15
161.31395478442556,-0.21119617263687865,18.030492137352987,-1.798682071541856,0.7516283957067854,3.322255781707446e-15
161.31745055951993,-0.22055905728226557,18.028210718642853,-1.7990509531060324,0.7521751733347428,4.5689240403877646e-14
161.32094631612833,-0.22992194964693477,18.02592977765947,-1.7994198437476423,0.7527220029022013,-2.0788768851872334e-14
161.3244420542982,-0.2392848497480385,18.023649314537604,-1.799788743462859,0.7532688843466999,-1.3552172099638295e-14
161.32793777407704,-0.24864775760257066,18.021369329412018,-1.8001576522478593,0.7538158176057798,9.868086480319147e-15
161.3314334755124,-0.2580106732277398,18.01908982241746,-1.8005265700988236,0.754362802616984,4.414324018862765e-14
161.33492915865176,-0.2673735966405428,18.01681079368871,-1.8008954970119333,0.7549098393178537,-2.0986130581478717e-14
161.33842482354257,-0.2767365278581375,18.014532243360517,-1.801264432983376,0.7554569276459318,2.6314897280851057e-16
161.3419204702324,-0.28609946689768334,18.012254171567648,-1.8016333780093385,0.7560040675387621,-2.7762216631297865e-14
161.34541609876865,-0.29546241377618093,18.009976578444856,-1.8020023320860143,0.7565512589338872,-2.394655652557446e-14
161.34891170919883,-0.3048253685108459,18.00769946412691,-1.8023712952095963,0.7570985017688509,3.466987716752127e-14
161.35240730157048,-0.3141883311186816,18.00542282874858,-1.8027402673762822,0.7576457959811993,-1.1183831344361698e-15
161.35590287593104,-0.3235513016168528,18.003146672444615,-1.8031092485822728,0.7581931415084764,-9.144426805095742e-15
161.359398432328,-0.3329142800225259,18.000870995349782,-1.8034782388237711,0.758740538288228,4.407745294542552e-15
161.36289397080878,-0.3422772663527088,17.998595797598828,-1.8038472380969854,0.7592879862580004,3.1117366034606374e-14
161.36638949142096,-0.35164026062462334,17.996321079326542,-1.804216246398121,0.7598354853553406,-1.2368001721999996e-14
161.3698849942119,-0.3610032628552805,17.994046840667668,-1.8045852637233928,0.7603830355177954,-9.670724750712763e-15
161.3733804792291,-0.37036627306185205,17.991773081756964,-1.804954290069015,0.7609306366829124,-4.473532537744679e-15
161.3768759465201,-0.37972929126151145,17.989499802729203,-1.805323325431206,0.7614782887882394,-7.82868194105319e-15
161.38037139613226,-0.38909231747127304,17.98722700371914,-1.8056923698061855,0.762025991771326,-2.394655652557446e-14
161.3838668281131,-0.39845535170831387,17.984954684861545,-1.8060614231901775,0.7625737455697207,-1.4078470045255315e-14
161.38736224251005,-0.4078183939898107,17.982682846291166,-1.8064304855794093,0.7631215501209736,2.0262470906255314e-14
161.39085763937058,-0.41718144433278326,17.980411488142767,-1.8067995569701099,0.7636694053626354,9.012852318691487e-15
161.39435301874218,-0.42654450275446504,17.97814061055113,-1.80716863735851,0.7642173112322557,2.7959578360904248e-14
161.39784838067223,-0.43590756927187857,17.975870213650985,-1.8075377267408472,0.7647652676673866,1.756519393496808e-14
161.4013437252082,-0.4452706439022073,17.973600297577114,-1.8079068251133577,0.7653132746055797,3.486723889712765e-15
161.40483905239756,-0.45463372666263563,17.97133086246428,-1.808275932472282,0.7658613319843871,2.9998982900170206e-14
161.40833436228775,-0.46399681757019096,17.969061908447234,-1.8086450488138652,0.7664094397413624,1.3749533829244677e-14
161.4118296549262,-0.473359916642114,17.966793435660737,-1.8090141741343535,0.7669575978140595,-1.6973108746148932e-14
161.41532493036033,-0.4827230238954344,17.96452544423957,-1.8093833084299946,0.7675058061400304,-1.5262640422893612e-14
161.41882018863757,-0.49208613934734324,17.962257934318465,-1.8097524516970427,0.7680540646568316,5.4603411857765946e-15
161.42231542980542,-0.5014492630150327,17.959990906032214,-1.8101216039317503,0.7686023733020162,-1.677574701654255e-14
161.42581065391127,-0.5108123949155372,17.957724359515556,-1.8104907651303765,0.7691507320131411,-1.6907321502946803e-14
161.4293058610025,-0.5201755350660526,17.955458294903256,-1.8108599352891825,0.7696991407277629,2.0525619879063826e-14
161.43280105112663,-0.5295386834837752,17.95319271233008,-1.8112291144044306,0.770247599383437,3.1972600196234035e-14
161.43629622433102,-0.538901840185744,17.950927611930794,-1.8115983024723856,0.7707961079177208,2.2104513715914887e-14
161.4397913806631,-0.5482650051892126,17.948662993840156,-1.8119674994893185,0.7713446662681729,-2.8946387008936164e-15
161.4432865201703,-0.5576281785112226,17.94639885819292,-1.8123367054514998,0.7718932743723509,-1.4867916963680847e-14
161.44678164290002,-0.5669913601689774,17.944135205123864,-1.8127059203552038,0.7724419321678129,5.920851888191488e-15
161.4502767488997,-0.5763545501796816,17.94187203476773,-1.813075144196708,0.7729906395921204,-2.6314897280851058e-15
161.45377183821674,-0.5857177485603822,17.9396093472593,-1.813444376972291,0.7735393965828318,-2.2236088202319143e-14
161.45726691089857,-0.5950809553283397,17.93734714273332,-1.813813618678237,0.7740882030775076,8.552341616276594e-15
161.46076196699252,-0.6044441705006045,17.93508542132456,-1.81418286931083,0.7746370590137093,2.4999152416808503e-15
161.4642570065461,-0.6138073940943872,17.93282418316777,-1.8145521288663595,0.7751859643289984,-3.315677057387233e-14
161.46775202960663,-0.6231706261269011,17.930563428397726,-1.814921397341115,0.7757349189609368,-3.85513245164468e-14
161.47124703622154,-0.6325338666152001,17.92830315714918,-1.81529067473139,0.7762839228470881,0.0
161.47474202643826,-0.6418971155765538,17.9260433695569,-1.8156599610334814,0.7768329759250145,-3.85513245164468e-14
161.4782370003041,-0.6512603730280201,17.923784065755644,-1.8160292562436873,0.7773820781322808,-1.1841703776382976e-15
161.48173195786651,-0.6606236389868176,17.92152524588017,-1.8163985603583108,0.7779312294064513,1.3815321072446805e-14
161.48522689917291,-0.6699869134701676,17.919266910065247,-1.8167678733736539,0.77848042968509,-5.657702915382977e-15
161.48872182427064,-0.6793501964951326,17.91700905844563,-1.8171371952860251,0.7790296789057635,1.6973108746148932e-14
161.4922167332071,-0.6887134880789898,17.91475169115609,-1.8175065260917327,0.7795789770060376,-2.763064214489361e-15
161.49571162602967,-0.6980767882388053,17.91249480833138,-1.8178758657870904,0.780128323923479,9.341788534702125e-15
161.4992065027857,-0.7074400969918265,17.910238410106263,-1.818245214368413,0.7806777195956555,2.61833227944468e-14
161.50270136352268,-0.7168034143552093,17.90798249661551,-1.8186145718320164,0.7812271639601344,-1.7104683232553186e-15
161.50619620828783,-0.7261667403461375,17.905727067993862,-1.818983938174223,0.781776656954485,2.710434419927659e-14
161.50969103712865,-0.7355300749817772,17.903472124376098,-1.8193533133913544,0.7823261985162746,-1.4078470045255315e-14
161.51318585009244,-0.7448934182793158,17.901217665896986,-1.819722697479736,0.7828757885830742,-3.1577876737021266e-15
161.5166806472266,-0.754256770255936,17.898963692691265,-1.8200920904356963,0.7834254270924538,1.3025874154021273e-14
161.52017542857848,-0.7636201309288215,17.896710204893704,-1.820461492255567,0.7839751139819842,2.4604428957595736e-14
161.52367019419546,-0.7729835003151588,17.89445720263907,-1.8208309029356802,0.7845248491892368,8.420767129872338e-15
161.52716494412493,-0.7823468784321421,17.892204686062126,-1.821200322472372,0.785074632651784,-5.657702915382977e-15
161.5306596784142,-0.7917102652969471,17.889952655297638,-1.8215697508619813,0.7856244643071969,-2.657804625365957e-14
161.53415439711063,-0.8010736609267715,17.887701110480354,-1.821939188100849,0.7861743440930503,-1.3552172099638295e-14
161.53764910026155,-0.8104370653388088,17.885450051745043,-1.8223086341853194,0.7867242719469167,2.5788599335234036e-14
161.5411437879144,-0.8198004785502526,17.883199479226462,-1.822678089111739,0.7872742478063713,2.3025535120744675e-14
