galstreams/tracks/track.st.Svol.ibata2021.ecsv
# %ECSV 0.9
# ---
# datatype:
# - {name: ra, unit: deg, datatype: float64}
# - {name: dec, unit: deg, datatype: float64}
# - {name: distance, unit: kpc, datatype: float64}
# - {name: pm_ra_cosdec, unit: mas / yr, datatype: float64}
# - {name: pm_dec, unit: mas / yr, datatype: float64}
# - {name: radial_velocity, unit: km / s, datatype: float64}
# delimiter: ','
# meta: !!omap
# - __serialized_columns__:
#     dec:
#       __class__: astropy.coordinates.angles.Latitude
#       unit: &id001 !astropy.units.Unit {unit: deg}
#       value: !astropy.table.SerializedColumn {name: dec}
#     distance:
#       __class__: astropy.coordinates.distances.Distance
#       unit: !astropy.units.Unit {unit: kpc}
#       value: !astropy.table.SerializedColumn {name: distance}
#     pm_dec:
#       __class__: astropy.units.quantity.Quantity
#       unit: !astropy.units.Unit {unit: mas / yr}
#       value: !astropy.table.SerializedColumn {name: pm_dec}
#     pm_ra_cosdec:
#       __class__: astropy.units.quantity.Quantity
#       unit: !astropy.units.Unit {unit: mas / yr}
#       value: !astropy.table.SerializedColumn {name: pm_ra_cosdec}
#     ra:
#       __class__: astropy.coordinates.angles.Longitude
#       unit: *id001
#       value: !astropy.table.SerializedColumn {name: ra}
#       wrap_angle: !astropy.coordinates.Angle
#         unit: *id001
#         value: 360.0
#     radial_velocity:
#       __class__: astropy.units.quantity.Quantity
#       unit: !astropy.units.Unit {unit: km / s}
#       value: !astropy.table.SerializedColumn {name: radial_velocity}
# schema: astropy-2.0
ra,dec,distance,pm_ra_cosdec,pm_dec,radial_velocity
[from data line 1126]
233.52160638673206,28.050200437953404,7.598070469832249,1.9537920024040931,-4.82381904461216,-8.420767129872338e-15
233.53268971593192,28.04850699778807,7.597107269984866,1.9549972996524743,-4.824905901289398,-3.368306851948935e-14
233.54377219929904,28.046810925860775,7.59614442405464,1.9562031368860524,-4.825993690499494,-4.210383564936169e-14
233.5548538367389,28.045112224395993,7.595181932016451,1.9574095132414095,-4.827082411454809,-1.6841534259744676e-14
233.56593462815806,28.04341089561812,7.594219793845191,1.9586164278554608,-4.828172063367367,-5.894536990910637e-14
233.57701457346437,28.041706941751418,7.593258009515746,1.959823879865443,-4.8292626454488685,-6.73661370389787e-14
233.58809367256666,28.04000036502011,7.5922965790029995,1.961031868408938,-4.830354156910693,-3.368306851948935e-14
233.59917192537483,28.03829116764831,7.59133550228184,1.9622403926238539,-4.831446596963887,-1.6841534259744676e-14
233.61024933180002,28.03657935186003,7.590374779327154,1.963449451648431,-4.832539964819178,-2.5262301389617013e-14
233.6213258917544,28.034864919879215,7.5894144101138235,1.9646590446212422,-4.8336342596869635,-3.368306851948935e-14
233.63240160515133,28.0331478739297,7.588454394616738,1.9658691706811917,-4.834729480777318,8.420767129872338e-15
233.6434764719052,28.03142821623523,7.587494732810784,1.9670798289675209,-4.835825627299988,-7.578690416885104e-14
233.65455049193164,28.02970594901946,7.586535424670847,1.9682910186197888,-4.8369226984644005,8.420767129872338e-15
233.6656236651472,28.027981074505966,7.585576470171815,1.9695027387779045,-4.83802069347965,-2.5262301389617013e-14
233.67669599146967,28.02625359491823,7.584617869288571,1.9707149885821003,-4.839119611554517,-4.210383564936169e-14
233.68776747081813,28.024523512479607,7.583659621996002,1.9719277671729327,-4.84021945189745,-8.420767129872338e-15
233.69883810311242,28.022790829413402,7.5827017282689955,1.9731410736913035,-4.841320213716578,-8.420767129872338e-15
233.70990788827368,28.02105554794281,7.581744188082438,1.9743549072784374,-4.842421896219702,-5.0524602779234026e-14
233.72097682622424,28.019317670290942,7.580787001411212,1.9755692670758938,-4.843524498614307,-1.6841534259744676e-14
233.73204491688736,28.017577198680794,7.579830168230209,1.9767841522255625,-4.844628020107545,2.5262301389617013e-14
233.74311216018745,28.0158341353353,7.57887368851431,1.9779995618696704,-4.845732459906254,-2.5262301389617013e-14
233.75417855605016,28.014088482477288,7.577917562238408,1.979215495150766,-4.846837817216944,-5.894536990910637e-14
233.76524410440223,28.01234024232948,7.576961789377383,1.9804319512117317,-4.847944091245806,-1.6841534259744676e-14
233.77630880517128,28.010589417114527,7.576006369906123,1.9816489291957915,-4.849051281198705,-4.210383564936169e-14
233.78737265828642,28.008836009054946,7.5750513037995155,1.9828664282464834,-4.85015938628119,3.368306851948935e-14
233.7984356636775,28.007080020373213,7.5740965910324425,1.984084447507695,-4.851268405698482,-3.368306851948935e-14
233.80949782127573,28.005321453291668,7.573142231579796,1.985302986123631,-4.852378338655485,-2.5262301389617013e-14
233.8205591310133,28.003560310032597,7.5721882254164585,1.9865220432388337,-4.85348918435678,-8.420767129872338e-14
233.8316195928236,28.00179659281813,7.571234572517319,1.987741617998174,-4.854600942006626,-5.894536990910637e-14
233.84267920664115,28.000030303870382,7.570281272857259,1.9889617095468541,-4.855713610808966,0.0
233.85373797240126,27.9982614454113,7.56932832641117,1.9901823170304138,-4.856827189967413,-3.368306851948935e-14
233.8647958900408,27.996490019662772,7.568375733153937,1.9914034395947136,-4.857941678685271,-6.73661370389787e-14
233.87585295949742,27.994716028846607,7.567423493060442,1.992625076385953,-4.8590570761655165,-6.73661370389787e-14
233.88690918071018,27.992939475184464,7.566471606105577,1.9938472265506522,-4.860173381610809,-2.5262301389617013e-14
233.8979645536189,27.99116036089795,7.565520072264223,1.9950698892356755,-4.86129059422349,-2.5262301389617013e-14
233.90901907816476,27.989378688208568,7.564568891511271,1.996293063588206,-4.862408713205578,0.0
233.92007275428986,27.987594459337718,7.563618063821604,1.99751674875577,-4.8635277377587744,-6.73661370389787e-14
233.93112558193758,27.985807676506717,7.562667589170108,1.9987409438862103,-4.86464766708446,-6.73661370389787e-14
233.94217756105238,27.984018341936753,7.561717467531671,1.999965648127708,-4.865768500383702,-1.6841534259744676e-14
233.9532286915796,27.982226457848956,7.56076769888118,2.0011908606287787,-4.86689023685724,-5.894536990910637e-14
233.96427897346604,27.980432026464356,7.559818283193518,2.0024165805382586,-4.86801287570551,-3.368306851948935e-14
233.97532840665926,27.97863505000384,7.558869220443572,2.003642807005323,-4.869136416128616,-7.578690416885104e-14
233.98637699110813,27.97683553068827,7.557920510606231,2.0048695391794733,-4.870260857326348,-4.210383564936169e-14
233.99742472676263,27.975033470738325,7.556972153656378,2.0060967762105397,-4.871386198498185,-2.5262301389617013e-14
234.00847161357382,27.973228872374662,7.556024149568899,2.0073245172486844,-4.872512438843284,8.420767129872338e-15
234.01951765149363,27.971421737817792,7.555076498318685,2.008552761444406,-4.873639577560481,-2.5262301389617013e-14
234.03056284047545,27.96961206928817,7.5541291998806175,2.009781507948522,-4.874767613848303,-7.578690416885104e-14
234.0416071804736,27.967799869006107,7.553182254229583,2.0110107559121877,-4.875896546904959,-2.5262301389617013e-14
234.05265067144347,27.965985139191847,7.552235661340472,2.0122405044868823,-4.8770263759283345,-1.6841534259744676e-14
234.0636933133416,27.964167882065517,7.551289421188164,2.0134707528244276,-4.878157100116011,-2.5262301389617013e-14
234.07473510612556,27.96234809984716,7.550343533747551,2.014701500076962,-4.879288718665242,-3.368306851948935e-14
234.0857760497542,27.96052579475672,7.5493979989935145,2.015932745396955,-4.880421230772979,-8.420767129872338e-15
234.09681614418713,27.95870096901404,7.5484528169009435,2.01716448793722,-4.8815546356358395,-4.210383564936169e-14
234.10785538938552,27.956873624838824,7.547507987444726,2.018396726850878,-4.882688932450145,-2.5262301389617013e-14
234.1188937853113,27.95504376445074,7.5465635105997455,2.019629461291396,-4.883824120411893,-3.368306851948935e-14
234.12993133192757,27.953211390069324,7.545619386340886,2.020862690412567,-4.88496019871677,0.0
234.14096802919852,27.951376503914002,7.5446756146430385,2.0220964133685126,-4.886097166560138,-2.5262301389617013e-14
234.15200387708944,27.949539108204124,7.5437321954810885,2.023330629313685,-4.887235023137059,-2.5262301389617013e-14
234.1630388755669,27.947699205158937,7.542789128829918,2.0245653374028603,-4.8883737676422765,-2.5262301389617013e-14
234.1740730245982,27.94585679699756,7.541846414664417,2.025800536791156,-4.889513399270213,-4.210383564936169e-14
234.1851063241521,27.94401188593904,7.540904052959471,2.027036226634004,-4.8906539172149905,-1.6841534259744676e-14
234.19613877419815,27.942164474202325,7.5399620436899655,2.0282724060871797,-4.891795320670402,5.0524602779234026e-14
234.2071703747072,27.940314564006233,7.539020386830788,2.0295090743067803,-4.8929376088299446,-2.5262301389617013e-14
234.21820112565112,27.938462157569496,7.5380790823568224,2.030746230449233,-4.894080780886789,-6.73661370389787e-14
234.22923102700298,27.936607257110754,7.537138130242955,2.0319838736712894,-4.8952248360338055,-5.894536990910637e-14
234.24026007873672,27.934749864848524,7.536197530464075,2.0332220031300414,-4.8963697734635385,-2.5262301389617013e-14
234.25128828082754,27.932889983001257,7.535257282995067,2.0344606179829037,-4.897515592368231,-5.0524602779234026e-14
234.26231563325175,27.931027613787272,7.534317387810818,2.0356997173876157,-4.898662291939812,-6.73661370389787e-14
234.27334213598664,27.92916275942478,7.533377844886212,2.0369393005022527,-4.8998098713698965,-8.420767129872338e-15
234.28436778901062,27.927295422131913,7.532438654196137,2.0381793664852195,-4.90095832984979,-8.420767129872338e-15
234.29539259230322,27.925425604126694,7.531499815715479,2.0394199144952423,-4.902107666570488,-2.5262301389617013e-14
234.30641654584502,27.923553307627042,7.530561329419124,2.0406609436913854,-4.90325788072267,-2.5262301389617013e-14
234.31743964961782,27.921678534850756,7.529623195281956,2.0419024532330328,-4.904408971496714,-5.0524602779234026e-14
234.32846190360442,27.919801288015545,7.528685413278866,2.0431444422799006,-4.905560938082681,-3.368306851948935e-14
234.33948330778864,27.917921569339022,7.527747983384736,2.0443869099920358,-4.906713779670324,-3.368306851948935e-14
234.35050386215545,27.916039381038694,7.526810905574455,2.045629855529812,-4.907867495449083,-5.0524602779234026e-14
234.36152356669095,27.914154725331954,7.525874179822906,2.0468732780539334,-4.909022084608095,-5.894536990910637e-14
234.37254242138226,27.9122676044361,7.524937806104977,2.048117176725427,-4.9101775463361825,-2.5262301389617013e-14
234.38356042621763,27.91037802056832,7.524001784395556,2.049361550705656,-4.911333879821859,-3.368306851948935e-14
234.39457758118635,27.908485975945702,7.523066114669527,2.0506063991563077,-4.912491084253331,-5.0524602779234026e-14
234.40559388627884,27.906591472785237,7.522130796901776,2.0518517212393954,-4.913649158818494,0.0
234.4166093414866,27.904694513303784,7.521195831067191,2.053097516117264,-4.9148081027049395,-4.210383564936169e-14
234.4276239468023,27.902795099718123,7.520261217140656,2.054343782952585,-4.915967915099949,1.6841534259744676e-14
234.4386377022194,27.900893234244933,7.519326955097059,2.0555905209083627,-4.9171285951904915,-7.578690416885104e-14
234.44965060773288,27.89898891910075,7.518393044911284,2.0568377291479174,-4.918290142163237,-8.420767129872338e-15
234.4606626633384,27.89708215650205,7.51745948655822,2.0580854068349117,-4.919452555204536,8.420767129872338e-15
234.4716738690329,27.895172948665184,7.516526280012754,2.059333553133329,-4.9206158335004435,-8.420767129872338e-15
234.48268422481448,27.893261297806394,7.515593425249767,2.060582167207479,-4.921779976236703,-1.6841534259744676e-14
234.49369373068214,27.891347206141816,7.51466092224415,2.0618312482220036,-4.92294498259875,-1.6841534259744676e-14
234.50470238663604,27.889430675887485,7.513728770970785,2.0630807953418704,-4.924110851771715,-5.894536990910637e-14
234.51571019267743,27.88751170925934,7.512796971404564,2.064330807732373,-4.925277582940419,0.0
234.52671714880867,27.88559030847317,7.511865523520368,2.065581284559136,-4.926445175289381,-4.210383564936169e-14
234.5377232550332,27.883666475744707,7.510934427293086,2.0668322249881053,-4.927613628002815,-5.0524602779234026e-14
234.54872851135545,27.881740213289564,7.510003682697602,2.0680836281855615,-4.928782940264628,-2.5262301389617013e-14
234.55973291778105,27.87981152332322,7.509073289708805,2.0693354933181105,-4.929953111258416,-8.420767129872338e-15
234.57073647431656,27.87788040806109,7.508143248301577,2.070587819552686,-4.931124140167478,-8.420767129872338e-15
234.58173918096975,27.87594686971844,7.50721355845081,2.071840606056546,-4.9322960261748054,8.420767129872338e-15
234.5927410377494,27.87401091051046,7.506284220131386,2.0730938519972772,-4.933468768463082,-5.894536990910637e-14
234.60374204466547,27.872072532652208,7.505355233318192,2.074347556542793,-4.9346423662146925,-3.368306851948935e-14
234.61474220172883,27.870131738358662,7.504426597986115,2.0756017188613387,-4.935816818611712,-8.420767129872338e-15
234.6257415089516,27.86818852984465,7.50349831411004,2.0768563381214817,-4.936992124835916,-3.368306851948935e-14
234.63673996634688,27.866242909324924,7.502570381664854,2.0781114134921115,-4.938168284068774,0.0
234.64773757392885,27.86429487901413,7.501642800625442,2.0793669441424574,-4.939345295491453,-2.5262301389617013e-14
234.65873433171276,27.86234444112678,7.500715570966694,2.0806229292420664,-4.940523158284815,-1.6841534259744676e-14
234.669730239715,27.860391597877303,7.499788692663493,2.081879367960814,-4.941701871629422,-8.420767129872338e-15
234.680725297953,27.85843635148001,7.498862165690726,2.0831362594689025,-4.942881434705532,8.420767129872338e-15
234.69171950644514,27.85647870414909,7.497935990023277,2.0843936029368657,-4.944061846693097,-3.368306851948935e-14
234.7027128652111,27.854518658098634,7.497010165636035,2.085651397535553,-4.9452431067717715,-8.420767129872338e-15
234.71370537427146,27.852556215542638,7.496084692503884,2.0869096424361544,-4.946425214120907,-1.0104920555846805e-13
234.724697033648,27.850591378694965,7.495159570601713,2.0881683368101744,-4.947608167919553,-1.6841534259744676e-14
234.73568784336348,27.84862414976936,7.494234799904406,2.0894274798294488,-4.948791967346455,-5.894536990910637e-14
234.74667780344177,27.84665453097948,7.493310380386853,2.0906870706661387,-4.949976611580059,-4.210383564936169e-14
234.75766691390785,27.844682524538868,7.4923863120239345,2.091947108492735,-4.951162099798512,8.420767129872338e-15
234.76865517478763,27.842708132660967,7.491462594790538,2.0932075924820506,-4.952348431179655,-8.420767129872338e-15
234.77964258610814,27.840731357559083,7.490539228661553,2.0944685218072303,-4.953535604901032,-5.894536990910637e-14
234.79062914789773,27.83875220144641,7.489616213611864,2.0957298956417336,-4.954723620139889,2.5262301389617013e-14
234.80161486018542,27.836770666536072,7.488693549616354,2.0969917131593614,-4.955912476073165,-5.0524602779234026e-14
234.81259972300157,27.83478675504103,7.487771236649913,2.0982539735342285,-4.957102171877506,-7.578690416885104e-14
234.82358373637757,27.832800469174185,7.486849274687429,2.0995166759407766,-4.958292706729251,2.5262301389617013e-14
234.8345669003458,27.830811811148273,7.485927663703785,2.1007798195537832,-4.959484079804446,-3.368306851948935e-14
234.84554921493978,27.82882078317595,7.485006403673867,2.1020434035483406,-4.960676290278836,-4.210383564936169e-14
234.85653068019406,27.82682738746976,7.48408549457256,2.1033074270998724,-4.961869337327865,-2.5262301389617013e-14
234.86751129614424,27.824831626242133,7.483164936374753,2.1045718893841254,-4.96306322012668,-3.368306851948935e-14
234.87849106282707,27.82283350170537,7.482244729055333,2.105836789577174,-4.96425793785013,-2.5262301389617013e-14
234.88946998028024,27.820833016071685,7.481324872589184,2.1071021268554175,-4.965453489672762,-3.368306851948935e-14
234.90044804854267,27.81883017155316,7.480405366951193,2.108367900395578,-4.966649874768831,3.368306851948935e-14
234.91142526765412,27.81682497036178,7.479486212116243,2.1096341093747126,-4.96784709231229,-5.0524602779234026e-14
234.92240163765567,27.814817414709392,7.478567408059228,2.1109007529701893,-4.969045141476791,0.0
234.93337715858922,27.81280750680778,7.477648954755025,2.112167830359714,-4.970244021435699,-1.6841534259744676e-14
234.94435183049796,27.810795248868526,7.476730852178526,2.1134353407213076,-4.97144373136207,-4.210383564936169e-14
234.95532565342603,27.80878064310319,7.4758131003046175,2.1147032832333235,-4.972644270428674,-3.368306851948935e-14
234.9662986274186,27.806763691723173,7.47489569910818,2.115971657074438,-4.973845637807978,-4.210383564936169e-14
234.97727075252203,27.804744396939768,7.473978648564106,2.117240461423651,-4.975047832672151,-8.420767129872338e-15
234.98824202878353,27.802722760964155,7.47306194864728,2.1185096954602898,-4.9762508541930695,-2.5262301389617013e-14
234.99921245625157,27.800698786007402,7.472145599332587,2.119779358364006,-4.977454701542313,-1.6841534259744676e-14
235.0101820349756,27.798672474280465,7.471229600594914,2.1210494493147736,-4.978659373891166,-4.210383564936169e-14
235.02115076500615,27.796643827994178,7.470313952409146,2.122319967492895,-4.979864870410618,-1.6841534259744676e-14
235.03211864639474,27.79461284935928,7.4693986547501705,2.1235909120789978,-4.981071190271357,-8.420767129872338e-15
