galstreams/tracks/track.st.NGC3201-Gjoll.palau2021.ecsv
# %ECSV 1.0
# ---
# datatype:
# - {name: ra, unit: deg, datatype: float64}
# - {name: dec, unit: deg, datatype: float64}
# - {name: distance, unit: kpc, datatype: float64}
# - {name: pm_ra_cosdec, unit: mas / yr, datatype: float64}
# - {name: pm_dec, unit: mas / yr, datatype: float64}
# - {name: radial_velocity, unit: km / s, datatype: float64}
# delimiter: ','
# meta: !!omap
# - __serialized_columns__:
#     dec:
#       __class__: astropy.coordinates.angles.Latitude
#       unit: &id001 !astropy.units.Unit {unit: deg}
#       value: !astropy.table.SerializedColumn {name: dec}
#     distance:
#       __class__: astropy.coordinates.distances.Distance
#       unit: !astropy.units.Unit {unit: kpc}
#       value: !astropy.table.SerializedColumn {name: distance}
#     pm_dec:
#       __class__: astropy.units.quantity.Quantity
#       unit: !astropy.units.Unit {unit: mas / yr}
#       value: !astropy.table.SerializedColumn {name: pm_dec}
#     pm_ra_cosdec:
#       __class__: astropy.units.quantity.Quantity
#       unit: !astropy.units.Unit {unit: mas / yr}
#       value: !astropy.table.SerializedColumn {name: pm_ra_cosdec}
#     ra:
#       __class__: astropy.coordinates.angles.Longitude
#       unit: *id001
#       value: !astropy.table.SerializedColumn {name: ra}
#       wrap_angle: !astropy.coordinates.Angle
#         unit: *id001
#         value: 360.0
#     radial_velocity:
#       __class__: astropy.units.quantity.Quantity
#       unit: !astropy.units.Unit {unit: km / s}
#       value: !astropy.table.SerializedColumn {name: radial_velocity}
# schema: astropy-2.0
ra,dec,distance,pm_ra_cosdec,pm_dec,radial_velocity
[from data line 11994]
154.52445622054697,-46.44663343562344,5.235621644869918,8.212829824306196,-1.9670451175391765,-8.420767129872338e-15
154.5388788485759,-46.44915232059546,5.235878836190085,8.2083669195425,-1.9646505513044301,0.0
154.55330272609746,-46.45166952112891,5.236135474632539,8.203904012842935,-1.962257497346001,-2.5262301389617013e-14
154.56772785247887,-46.45418503555121,5.236391558565898,8.199441106210514,-1.9598659568766124,-8.420767129872338e-15
154.5821542270855,-46.45669886218843,5.23664708635699,8.194978201651757,-1.9574759311091137,-4.210383564936169e-15
154.59658184928088,-46.45921099936527,5.236902056370838,8.190515301176754,-1.955087421256495,2.1051917824680846e-14
154.61101071842657,-46.46172144540509,5.237156466970673,8.186052406799101,-1.952700428531879,2.1051917824680846e-14
154.62544083388224,-46.4642301986299,5.237410316517926,8.181589520535958,-1.9503149541485203,-3.789345208442552e-14
154.63987219500584,-46.46673725736034,5.237663603372226,8.177126644408006,-1.9479309993197815,-4.210383564936169e-15
154.65430480115324,-46.46924261991574,5.2379163258914,8.172663780439493,-1.9455485652591769,-5.894536990910637e-14
154.66873865167855,-46.471746284614014,5.238168482431479,8.168200930658205,-1.9431676531803261,-2.5262301389617013e-14
154.68317374593394,-46.47424824977179,5.238420071346684,8.163738097095486,-1.9407882642969723,-2.1051917824680846e-14
154.69761008326967,-46.47674851370431,5.238671090989432,8.159275281786238,-1.9384103998229825,4.210383564936169e-15
154.71204766303407,-46.479247074725436,5.238921539710339,8.154812486768936,-1.9360340609723412,-8.420767129872338e-15
154.7264864845737,-46.48174393114774,5.239171415858214,8.150349714085586,-1.9336592489591342,-8.420767129872338e-15
154.7409265472331,-46.48423908128238,5.239420717780058,8.145886965781793,-1.9312859649975718,-1.2631150694808506e-14
154.75536785035496,-46.48673252343919,5.2396694438210645,8.141424243906723,-1.9289142103019707,-4.210383564936169e-15
154.76981039328,-46.48922425592666,5.2399175923246135,8.136961550513105,-1.926543986086749,0.0
154.78425417534717,-46.4917142770519,5.240165161632281,8.132498887657261,-1.9241752935664378,2.5262301389617013e-14
154.79869919589336,-46.49420258512066,5.240412150083827,8.12803625739909,-1.9218081339556687,2.5262301389617013e-14
154.81314545425357,-46.496689178437364,5.2406585560172045,8.123573661802077,-1.9194425084691749,4.210383564936169e-15
154.82759294976097,-46.49917405530509,5.240904377768548,8.119111102933278,-1.9170784183217844,-2.947268495455318e-14
154.84204168174676,-46.50165721402548,5.2411496136721825,8.114648582863357,-1.914715864728417,1.2631150694808506e-14
154.8564916495402,-46.504138652898924,5.241394262060612,8.110186103666575,-1.9123548489041053,4.210383564936169e-15
154.87094285246866,-46.50661837022439,5.241638321264529,8.105723667420767,-1.909995372063952,-1.6841534259744676e-14
154.8853952898576,-46.509096364299516,5.241881789612808,8.1012612762074,-1.90763743542316,1.2631150694808506e-14
154.89984896103047,-46.511572633420556,5.242124665432504,8.096798932111527,-1.9052810401970235,-2.5262301389617013e-14
154.91430386530888,-46.51404717588247,5.242366947048853,8.092336637221807,-1.9029261876009078,-1.6841534259744676e-14
154.9287600020125,-46.516519989978754,5.24260863278527,8.087874393630518,-1.9005728788502707,1.6841534259744676e-14
154.94321737045894,-46.518991074001654,5.242849720963353,8.083412203433548,-1.8982211151606547,-8.420767129872338e-15
154.95767596996407,-46.521460426241994,5.243090209902869,8.078950068730412,-1.8958708977476721,-1.6841534259744676e-14
154.97213579984168,-46.523928044989276,5.243330097921771,8.074487991624228,-1.8935222278270074,2.5262301389617013e-14
154.98659685940368,-46.52639392853161,5.243569383336186,8.070025974221746,-1.8911751066144282,3.368306851948935e-14
155.00105914795998,-46.52885807515577,5.243808064460406,8.065564018633369,-1.8888295353257787,4.210383564936169e-15
155.0155226648186,-46.53132048314717,5.244046139606911,8.061102126973077,-1.8864855151769508,-2.5262301389617013e-14
155.0299874092856,-46.53378115078985,5.244283607086344,8.056640301358534,-1.884143047383919,-2.1051917824680846e-14
155.04445338066506,-46.53624007636651,5.244520465207521,8.052178543911031,-1.8818021331627226,-8.420767129872338e-15
155.05892057825918,-46.53869725815847,5.244756712277433,8.047716856755478,-1.8794627737294534,2.1051917824680846e-14
155.07338900136807,-46.54115269444573,5.244992346601233,8.043255242020455,-1.8771249703002733,0.0
155.08785864928998,-46.543606383506855,5.245227366482252,8.038793701838175,-1.8747887240913959,8.420767129872338e-15
155.1023295213212,-46.54605832361914,5.245461770221982,8.034332238344518,-1.8724540363190947,1.2631150694808506e-14
155.11680161675602,-46.548508513058444,5.245695556120081,8.02987085367899,-1.8701209081996888,-8.420767129872338e-15
155.13127493488682,-46.55095695009932,5.2459287224743765,8.025409549984788,-1.8677893409495516,4.210383564936169e-15
155.14574947500392,-46.55340363301492,5.246161267580859,8.02094832940876,-1.8654593357851106,-2.5262301389617013e-14
155.16022523639577,-46.55584856007707,5.246393189733682,8.0164871941014,-1.8631308939228233,3.368306851948935e-14
155.17470221834876,-46.558291729556174,5.246624487225161,8.012026146216893,-1.8608040165792104,4.210383564936169e-14
155.1891804201473,-46.560733139721364,5.246855158345776,8.007565187913094,-1.8584787049708278,-2.1051917824680846e-14
155.203659841074,-46.56317278884033,5.24708520138416,8.003104321351515,-1.856154960314255,0.0
155.21814048040926,-46.56561067517945,5.2473146146271175,7.998643548697363,-1.8538327838261277,0.0
155.23262233743165,-46.56804679700371,5.247543396359599,7.994182872119526,-1.8515121767231093,0.0
155.2471054114176,-46.57048115257673,5.247771544864721,7.989722293790577,-1.8491931402218937,2.5262301389617013e-14
155.26158970164175,-46.57291374016082,5.247999058423753,7.985261815886756,-1.8468756755392053,-2.947268495455318e-14
155.27607520737666,-46.57534455801683,5.248225935316119,7.980801440588028,-1.8445597838917909,2.947268495455318e-14
155.2905619278928,-46.577773604404356,5.248452173819398,7.976341170078041,-1.8422454664964372,1.6841534259744676e-14
155.3050498624588,-46.580200877581554,5.248677772209327,7.971881006544119,-1.8399327245699344,-2.1051917824680846e-14
155.31953901034126,-46.58262637580524,5.248902728759788,7.967420952177323,-1.837621559329102,-1.2631150694808506e-14
155.33402937080464,-46.585050097330864,5.249127041742817,7.962961009172402,-1.8353119719907838,-4.210383564936169e-14
155.34852094311168,-46.58747204041253,5.249350709428603,7.958501179727812,-1.8330039637718194,2.5262301389617013e-14
155.36301372652278,-46.58989220330293,5.24957373008548,7.954041466045722,-1.8306975358890858,1.6841534259744676e-14
155.37750772029656,-46.59231058425343,5.249796101979935,7.949581870332025,-1.8283926895594593,-3.789345208442552e-14
155.39200292368966,-46.59472718151403,5.250017823376596,7.945122394796326,-1.8260894259998128,8.420767129872338e-15
155.40649933595648,-46.59714199333336,5.250238892538245,7.940663041651948,-1.8237877464270453,8.420767129872338e-15
155.42099695634963,-46.59955501795867,5.2504593077258,7.936203813115948,-1.82148765205805,-3.368306851948935e-14
155.4354957841196,-46.60196625363585,5.250679067198332,7.931744711409111,-1.819189144109722,-8.420767129872338e-15
155.44999581851488,-46.604375698609445,5.25089816921305,7.927285738755948,-1.8168922237989507,-1.2631150694808506e-14
155.46449705878197,-46.6067833511226,5.251116612025307,7.922826897384709,-1.814596892342628,-2.5262301389617013e-14
155.47899950416527,-46.60918920941711,5.251334393888597,7.918368189527393,-1.8123031509576406,8.420767129872338e-15
155.49350315390726,-46.611593271733405,5.251551513054553,7.913909617419716,-1.8100110008608592,-1.6841534259744676e-14
155.50800800724832,-46.613995536310554,5.251767967772946,7.909451183301168,-1.8077204432691487,2.1051917824680846e-14
155.52251406342677,-46.61639600138623,5.251983756291689,7.904992889414981,-1.805431479399366,1.6841534259744676e-14
155.537021321679,-46.618794665196795,5.252198876856828,7.900534738008117,-1.8031441104683403,-8.420767129872338e-15
155.55152978123928,-46.62119152597716,5.252413327712548,7.896076731331326,-1.8008583376928904,-3.789345208442552e-14
155.5660394413399,-46.62358658196095,5.2526271071011665,7.8916188716391025,-1.7985741622898113,-8.420767129872338e-15
155.58055030121105,-46.62597983138036,5.252840213263138,7.887161161189704,-1.7962915854758819,0.0
155.59506236008093,-46.628371272466275,5.253052644437045,7.882703602245151,-1.7940106084678455,-2.5262301389617013e-14
155.60957561717572,-46.63076090344814,5.253264398859609,7.878246197071236,-1.791731232482421,4.210383564936169e-15
155.6240900717194,-46.6331487225541,5.253475474765675,7.873788947937539,-1.7894534587363062,-4.210383564936169e-15
155.63860572293413,-46.635534728010875,5.253685870388222,7.8693318571173885,-1.7871772884461492,2.1051917824680846e-14
155.65312257003978,-46.637918918043866,5.253895583958358,7.864874926887908,-1.7849027228285796,-4.631421921429786e-14
155.6676406122544,-46.640301290877055,5.254104613705317,7.860418159530019,-1.7826297631001782,-3.789345208442552e-14
155.6821598487938,-46.6426818447331,5.2543129578564605,7.8559615573283885,-1.7803584104774859,-3.789345208442552e-14
155.6966802788718,-46.645060577833235,5.2545206146372765,7.85150512257152,-1.7780886661770063,-2.947268495455318e-14
155.7112019017002,-46.647437488397394,5.254727582271377,7.847048857551674,-1.7758205314151994,-1.6841534259744676e-14
155.72572471648863,-46.64981257464408,5.254933858980496,7.842592764564937,-1.7735540074084764,-3.368306851948935e-14
155.74024872244482,-46.652185834790444,5.255139442984494,7.838136845911169,-1.7712890953731855,2.5262301389617013e-14
155.75477391877425,-46.65455726705228,5.25534433250135,7.83368110389405,-1.7690257965256437,1.2631150694808506e-14
155.76930030468034,-46.65692686964399,5.255548525747167,7.829225540821064,-1.766764112082103,-4.631421921429786e-14
155.78382787936468,-46.659294640778626,5.2557520209361615,7.824770159003496,-1.764504043258748,-2.1051917824680846e-14
155.79835664202653,-46.661660578667835,5.255954816280675,7.820314960756456,-1.7622455912717196,2.947268495455318e-14
155.8128865918631,-46.664024681521916,5.256156909991163,7.8158599483988676,-1.7599887573370938,4.210383564936169e-15
155.82741772806963,-46.666386947549825,5.256358300276198,7.8114051242534694,-1.7577335426708716,0.0
155.84195004983923,-46.668747374959075,5.25655898534247,7.8069504906468286,-1.7554799484889945,-1.2631150694808506e-14
155.8564835563629,-46.67110596195587,5.25675896339478,7.802496049909339,-1.753227976007332,1.6841534259744676e-14
155.8710182468295,-46.673462706745,5.256958232636045,7.798041804375232,-1.750977626441688,-8.420767129872338e-15
155.88555412042598,-46.6758176075299,5.257156791267294,7.7935877563825535,-1.7487289010077744,2.1051917824680846e-14
155.900091176337,-46.678170662512635,5.257354637487667,7.7891339082732,-1.7464818009212462,-2.5262301389617013e-14
155.91462941374525,-46.68052186989389,5.257551769494414,7.784680262392914,-1.7442363273976658,-8.420767129872338e-15
155.92916883183128,-46.68287122787298,5.257748185482895,7.780226821091269,-1.7419924816525127,-1.2631150694808506e-14
155.94370942977352,-46.685218734647826,5.257943883646577,7.775773586721691,-1.739750264901189,0.0
155.95825120674834,-46.68756438841502,5.258138862177037,7.771320561641464,-1.7375096783590067,8.420767129872338e-15
155.97279416193,-46.689908187369724,5.2583331192639555,7.766867748211711,-1.7352707232411824,1.6841534259744676e-14
155.9873382944906,-46.69225012970577,5.258526653095118,7.762415148797424,-1.733033400762848,1.2631150694808506e-14
156.0018836036002,-46.6945902136156,5.258719461856417,7.757962765767452,-1.7307977121390357,-2.1051917824680846e-14
156.01643008842672,-46.69692843729026,5.2589115437318465,7.7535106014945185,-1.7285636585846818,4.210383564936169e-15
156.03097774813597,-46.69926479891946,5.259102896903499,7.749058658355195,-1.7263312413146186,2.5262301389617013e-14
156.0455265818916,-46.701599296691505,5.259293519551577,7.744606938729934,-1.7241004615435842,-1.6841534259744676e-14
156.0600765888552,-46.70393192879333,5.259483409854375,7.740155445003072,-1.7218713204862026,2.1051917824680846e-14
156.07462776818622,-46.7062626934105,5.259672565988287,7.735704179562805,-1.719643819356996,-2.5262301389617013e-14
156.08918011904203,-46.708591588727224,5.259860986127811,7.731253144801219,-1.71741795937037,-1.6841534259744676e-14
156.10373364057776,-46.710918612926285,5.260048668445533,7.726802343114299,-1.715193741740626,3.368306851948935e-14
156.1182883319465,-46.713243764189116,5.260235611112145,7.722351776901886,-1.7129711676819448,-3.368306851948935e-14
156.13284419229925,-46.7155670406958,5.260421812296425,7.717901448567739,-1.7107502384083828,1.2631150694808506e-14
156.1474012207847,-46.717888440624975,5.2606072701652495,7.713451360519507,-1.7085309551338956,-2.5262301389617013e-14
156.16195941654962,-46.72020796215399,5.26079198288359,7.709001515168725,-1.7063133190722892,-2.947268495455318e-14
156.17651877873854,-46.722525603458756,5.260975948614501,7.704551914930841,-1.704097331437263,-4.210383564936169e-15
156.1910793064938,-46.7248413627138,5.261159165519137,7.70010256222521,-1.7018829934423845,-2.5262301389617013e-14
156.20564099895566,-46.727155238092315,5.261341631756738,7.695653459475088,-1.699670306301088,-2.947268495455318e-14
156.22020385526227,-46.7294672277661,5.261523345484632,7.6912046091076425,-1.697459271226669,1.6841534259744676e-14
156.23476787454953,-46.73177732990555,5.261704304858237,7.686756013553955,-1.6952498894322976,0.0
156.2493330559513,-46.73408554267969,5.261884508031057,7.682307675249045,-1.6930421621310003,2.1051917824680846e-14
156.26389939859916,-46.73639186425623,5.262063953154678,7.677859596631817,-1.69083609053566,4.210383564936169e-15
156.2784669016227,-46.73869629280139,5.262242638378777,7.673411780145135,-1.6886316758590185,-3.789345208442552e-14
156.2930355641492,-46.7409988264801,5.2624205618511075,7.668964228235783,-1.686428919313671,-3.789345208442552e-14
156.3076053853039,-46.74329946345587,5.262597721717511,7.664516943354455,-1.6842278221120577,0.0
156.32217636420978,-46.74559820189085,5.262774116121909,7.66006992795581,-1.6820283854664762,2.1051917824680846e-14
156.33674849998766,-46.747895039945796,5.262949743206301,7.655623184498433,-1.6798306105890701,-3.789345208442552e-14
156.3513217917563,-46.75018997578011,5.263124601110765,7.651176715444856,-1.6776344986918188,0.0
156.36589623863222,-46.75248300755175,5.263298687973465,7.646730523261546,-1.67544005098654,1.6841534259744676e-14
156.38047183972972,-46.75477413341738,5.263472001930634,7.642284610418926,-1.6732472686848991,2.947268495455318e-14
156.39504859416098,-46.75706335153221,5.263644541116582,7.637838979391381,-1.6710561529983963,1.2631150694808506e-14
156.40962650103603,-46.759350660050124,5.263816303663701,7.6333936326572305,-1.6688667051383517,-2.1051917824680846e-14
156.4242055594627,-46.7616360571236,5.263987287702449,7.628948572698765,-1.666678926315924,1.6841534259744676e-14
156.43878576854658,-46.76391954090373,5.264157491361361,7.624503802002253,-1.6644928177421057,1.2631150694808506e-14
156.45336712739115,-46.766201109540226,5.2643269127670465,7.62005932305789,-1.6623083806277,-4.210383564936169e-15
156.4679496350977,-46.768480761181436,5.264495550044179,7.61561513835988,-1.6601256161833402,8.420767129872338e-15
156.4825332907653,-46.77075849397432,5.264663401315509,7.611171250406381,-1.657944525619479,-3.368306851948935e-14
156.49711809349083,-46.77303430606443,5.264830464701851,7.6067276616995345,-1.6557651101463835,1.6841534259744676e-14
156.51170404236896,-46.77530819559597,5.2649967383220915,7.602284374745449,-1.6535873709741353,-8.420767129872338e-15
