galstreams/tracks/track.st.NGC1851.ibata2024.ecsv
# %ECSV 1.0
# ---
# datatype:
# - {name: ra, unit: deg, datatype: float64}
# - {name: dec, unit: deg, datatype: float64}
# - {name: distance, unit: kpc, datatype: float64}
# - {name: pm_ra_cosdec, unit: mas / yr, datatype: float64}
# - {name: pm_dec, unit: mas / yr, datatype: float64}
# - {name: radial_velocity, unit: km / s, datatype: float64}
# delimiter: ','
# meta: !!omap
# - __serialized_columns__:
#     dec:
#       __class__: astropy.coordinates.angles.Latitude
#       unit: &id001 !astropy.units.Unit {unit: deg}
#       value: !astropy.table.SerializedColumn {name: dec}
#     distance:
#       __class__: astropy.coordinates.distances.Distance
#       unit: !astropy.units.Unit {unit: kpc}
#       value: !astropy.table.SerializedColumn {name: distance}
#     pm_dec:
#       __class__: astropy.units.quantity.Quantity
#       unit: !astropy.units.Unit {unit: mas / yr}
#       value: !astropy.table.SerializedColumn {name: pm_dec}
#     pm_ra_cosdec:
#       __class__: astropy.units.quantity.Quantity
#       unit: !astropy.units.Unit {unit: mas / yr}
#       value: !astropy.table.SerializedColumn {name: pm_ra_cosdec}
#     ra:
#       __class__: astropy.coordinates.angles.Longitude
#       unit: *id001
#       value: !astropy.table.SerializedColumn {name: ra}
#       wrap_angle: !astropy.coordinates.Angle
#         unit: *id001
#         value: 360.0
#     radial_velocity:
#       __class__: astropy.units.quantity.Quantity
#       unit: !astropy.units.Unit {unit: km / s}
#       value: !astropy.table.SerializedColumn {name: radial_velocity}
# schema: astropy-2.0
ra,dec,distance,pm_ra_cosdec,pm_dec,radial_velocity
[from data line 572]
78.652694610358,-40.57163941182508,0.9999999999999996,2.225900589733304,-0.5970899057083869,319.61479082004576
78.6544819066064,-40.58124341633601,0.9999999999999998,2.2256602638291785,-0.5957806661832166,319.643969003663
78.65626813562542,-40.5908477522914,0.9999999999999997,2.2254125008658683,-0.594475964714178,319.6710482484602
78.65805340594059,-40.600452394940845,0.9999999999999996,2.2251572632425196,-0.5931758344101752,319.69593409213985
78.65983782613704,-40.6100573195273,0.9999999999999997,2.224894513355382,-0.5918803083803112,319.71853207240514
78.66162150485947,-40.619662501287074,0.9999999999999996,2.224624213597904,-0.5905894197338881,319.73874772695854
78.66340455081232,-40.62926791544989,0.9999999999999996,2.2243463263607426,-0.5893032015805488,319.75648659350276
78.66518707275982,-40.63887353723888,0.9999999999999997,2.224060814031801,-0.5880216870303272,319.77165420974075
78.66696917952606,-40.64847934187051,0.9999999999999997,2.2237676389963283,-0.5867449091938042,319.78415611337505
78.66875097999504,-40.65808530455474,0.9999999999999998,2.223466763636913,-0.585472901182122,319.79389784210844
78.67053258311083,-40.667691400494874,0.9999999999999998,2.2231581503335365,-0.5842056961070909,319.80078493364374
78.67231409787757,-40.67729760488765,0.9999999999999994,2.222841761463644,-0.5829433270813738,319.80472292568373
78.6740956333596,-40.686903892923205,0.9999999999999997,2.2225175594021627,-0.5816858272184433,319.80561735593113
78.67587729868144,-40.69651023978513,0.9999999999999997,2.2221855065216136,-0.5804332296327601,319.80337376208854
78.67765920302806,-40.706116620650384,0.9999999999999998,2.221845565192062,-0.5791855674398789,319.79789768185896
78.67944145564468,-40.71572301068936,0.9999999999999998,2.2214976977812864,-0.5779428737564984,319.78909465294487
78.6812241658371,-40.725329385065855,0.9999999999999997,2.221141866654735,-0.576705181700568,319.7768702130491
78.68300744297161,-40.73493571893708,0.9999999999999997,2.220778034175617,-0.575472524391472,319.7611298998745
78.68479139647515,-40.74454198745363,0.9999999999999997,2.220406162704978,-0.574244934949995,319.7417792511238
78.68657613583531,-40.754148165759524,0.9999999999999997,2.2200262146017407,-0.5730224464985056,319.7187238044996
78.68836177060047,-40.76375422899214,0.9999999999999997,2.2196381522227284,-0.5718050921610995,319.6918690977046
78.69014841037979,-40.77336015228227,0.9999999999999997,2.2192419379227806,-0.5705929050635987,319.6611206684419
78.6919361648434,-40.78296591075406,0.9999999999999997,2.218837534054755,-0.569385918333758,319.6263840544139
78.69372514372229,-40.79257147952501,0.9999999999999996,2.2184249029696606,-0.5681841651012789,319.5875647933236
78.6955154568086,-40.802176833706014,0.9999999999999996,2.218004007016628,-0.5669876784980232,319.5445684228736
78.69730721395545,-40.811781948401254,0.9999999999999997,2.2175748085430502,-0.5657964916580411,319.49730048076657
78.69910052507723,-40.82138679870828,0.9999999999999997,2.2171372698945797,-0.5646106377177276,319.44566650470534
78.70089550014947,-40.83099135971795,0.9999999999999996,2.2166913534152703,-0.5634301498158933,319.38957203239283
78.70269224920901,-40.840595606514405,0.9999999999999996,2.2162370214475677,-0.5622550610939072,319.3289226015315
78.7044908823541,-40.85019951417509,0.9999999999999997,2.2157742363324076,-0.561085404695838,319.2636237498242
78.70629150974432,-40.859803057770705,0.9999999999999996,2.2153029604092858,-0.5599212137685257,319.1935810149736
78.70809424160082,-40.869406212365206,0.9999999999999996,2.2148231560163145,-0.5587625214617162,319.1186999346826
78.70989918820622,-40.87900895301577,0.9999999999999996,2.2143347854903004,-0.5576093609281614,319.03888604665394
78.71170645990478,-40.88861125477279,0.9999999999999997,2.213837811166824,-0.5564617653237605,318.9540448885904
78.7135161671024,-40.89821309267986,0.9999999999999997,2.213332195380265,-0.5553197678076884,318.86408199819437
78.7153284202667,-40.9078144417737,0.9999999999999997,2.2128179004639437,-0.5541834015425096,318.7689029131689
78.7171433299271,-40.917415277084224,0.9999999999999998,2.2122948887501375,-0.5530526996942697,318.6684131712169
78.7189610066748,-40.92701557363442,0.9999999999999997,2.2117631225701793,-0.5519276954326955,318.5625183100406
78.72078156116297,-40.9366153064404,0.9999999999999997,2.2112225642545207,-0.550808421931201,318.4511238673433
78.72260510410666,-40.94621445051131,0.9999999999999997,2.210673176132815,-0.5496949123672081,318.33413538082726
78.72443174628295,-40.955812980849366,0.9999999999999996,2.2101149205340063,-0.548587199922018,318.2114583881957
78.72626159853097,-40.965410872449766,0.9999999999999996,2.2095477597863837,-0.5474853177811454,318.08299842715087
78.72809477175193,-40.975008100300705,0.9999999999999997,2.2089716562176935,-0.5463892991343684,317.948661035396
78.72993137690924,-40.98460463938332,0.9999999999999998,2.2083865721551605,-0.5452991771759343,317.8083517506335
78.73177152502849,-40.99420046467167,0.9999999999999997,2.207792469925641,-0.5442149851045102,317.6619761105662
78.73361532719758,-41.003795551132676,0.9999999999999996,2.207189311855638,-0.5431367561235518,317.5094396528969
78.73546289456667,-41.01338987372612,0.9999999999999999,2.206577060271454,-0.5420645234413044,317.35064791532835
78.73731433834827,-41.022983407404595,0.9999999999999996,2.2059556774992,-0.5409983202708943,317.1855064355631
78.73916976981737,-41.03257612711349,0.9999999999999996,2.205325125864947,-0.5399381798306138,317.01392075130417
78.74102930031135,-41.04216800779088,0.9999999999999997,2.2046853676947595,-0.5388841353439702,316.8357964002541
78.74289304123012,-41.051759024367605,0.9999999999999998,2.2040363653148427,-0.5378362200398001,316.65103892011587
78.74476110403613,-41.0613491517671,0.9999999999999998,2.2033780810515475,-0.5367944671525109,316.4595538485919
78.74663360025443,-41.07093836490547,0.9999999999999997,2.202710477231549,-0.5357589099220803,316.2612467233852
78.74851064147269,-41.08052663869139,0.9999999999999997,2.2020335161818716,-0.5347295815943838,316.05602308219835
78.75039233934127,-41.09011394802604,0.9999999999999996,2.2013471602300214,-0.5337065154211658,315.84378846273415
78.75227880557328,-41.09970026780309,0.9999999999999997,2.2006513717040415,-0.5326897446603169,315.6244484026955
78.75417015194455,-41.109285572908675,0.9999999999999998,2.1999461129326354,-0.5316793025759452,315.39790843978506
78.75606649029373,-41.11886983822132,0.9999999999999997,2.1992313462452566,-0.5306752224385249,315.16407411170525
78.7579679325223,-41.128453038611916,0.9999999999999997,2.1985070339722013,-0.5296775375251102,314.92285095615927
78.75987459059469,-41.138035148943594,0.9999999999999996,2.197773138444684,-0.5286862811194624,314.6741445108496
78.76178657653814,-41.14761614407181,0.9999999999999997,2.1970296219949788,-0.5277014865121288,314.41786031347914
78.76370400244292,-41.15719599884418,0.9999999999999998,2.196276446956502,-0.5267231870007194,314.15390390175054
78.76562698046229,-41.166774688100446,0.9999999999999997,2.195513575663875,-0.5257514158899568,313.8821808133665
78.76755562281251,-41.176352186672496,0.9999999999999996,2.194740970453064,-0.5247862064919318,313.6025965860299
78.76949004177291,-41.18592846938421,0.9999999999999996,2.1939585936614883,-0.5238275921261817,313.3150567574435
78.77143034968596,-41.19550351105147,0.9999999999999997,2.19316640762809,-0.522875606119868,313.01946686530994
78.77337665895719,-41.20507728648209,0.9999999999999997,2.1923643746934847,-0.5219302818079541,312.7157324473318
78.77532908205535,-41.21464977047574,0.9999999999999998,2.1915524572000074,-0.5209916525333824,312.40375904121214
78.77728773151233,-41.22422093782391,0.9999999999999997,2.190730617491867,-0.5200597516471959,312.0834521846536
78.7792527199233,-41.2337907633098,0.9999999999999996,2.1898988179152283,-0.5191346125087506,311.7547174153587
78.78122415994662,-41.24335922170837,0.9999999999999996,2.189057020818365,-0.5182162684858369,311.41746027103073
78.78320216430394,-41.25292628778614,0.9999999999999997,2.188205188551688,-0.5173047529548711,311.07158628937185
78.78518684578029,-41.262491936301195,0.9999999999999994,2.1873432834679223,-0.5164000993010731,310.71700100808516
78.78717831722392,-41.272056142003166,0.9999999999999998,2.1864712679222142,-0.5155023409185873,310.35360996487327
78.7891766915465,-41.281618879633044,0.9999999999999996,2.1855891042722115,-0.5146115112107523,309.9813186974389
78.79118208172308,-41.29118012392325,0.9999999999999997,2.1846967548782015,-0.5137276435901796,309.600032743485
78.79319460079212,-41.300739849597434,0.9999999999999997,2.183794182103221,-0.5128507714789592,309.209657640714
78.79521436185546,-41.310298031370515,0.9999999999999997,2.1828813483131846,-0.5119809283088514,308.8100989268288
78.79724147807845,-41.31985464394855,0.9999999999999998,2.181958215876972,-0.5111181475214295,308.4012621395322
78.79927606268987,-41.32940966202867,0.9999999999999996,2.1810247471665773,-0.5102624625682886,307.9830528165268
78.801318228982,-41.338963060299015,0.9999999999999996,2.180080904557226,-0.5094139069112451,307.5553764955156
78.80336809031064,-41.34851481343869,0.9999999999999997,2.179126650427449,-0.5085725140224397,307.11813871420105
78.80542576009512,-41.3580648961176,0.9999999999999997,2.178161947159289,-0.5077383173846037,306.67124501028604
78.80749135181826,-41.367613282996466,0.9999999999999997,2.1771867571383465,-0.5069113504912082,306.21460092147333
78.80956497902652,-41.37715994872671,0.9999999999999996,2.1762010427539513,-0.5060916468466274,305.74811198546564
78.81164675532985,-41.38670486795037,0.9999999999999997,2.1752047663992737,-0.5052792399663204,305.2716837399659
78.81373679440185,-41.39624801530003,0.9999999999999997,2.174197890471434,-0.5044741633771181,304.78522172267645
78.81583520997968,-41.405789365398746,0.9999999999999998,2.1731803773716614,-0.503676450617295,304.2886314713003
78.81794211586418,-41.41532889285993,0.9999999999999997,2.1721521895053817,-0.5028861352367855,303.78181852354004
78.82005762591973,-41.424866572287314,0.9999999999999997,2.1711132892824034,-0.502103250797429,303.2646884170987
78.82218185407439,-41.43440237827481,0.9999999999999998,2.170063639116994,-0.5013278308730911,302.7371466896787
78.82431491431984,-41.44393628540648,0.9999999999999994,2.1690032014280662,-0.5005599090499366,302.1990988789831
78.82645692071144,-41.453468268256415,0.9999999999999997,2.1679319386392377,-0.49979951892651897,301.6504505227144
78.82860798736819,-41.46299830138863,0.9999999999999996,2.166849813179044,-0.4990466941141172,301.0911071585754
78.83076822847276,-41.472526359357026,0.9999999999999996,2.1657567874810173,-0.49830146823679655,300.5209743242688
78.83293775827147,-41.48205241670527,0.9999999999999998,2.1646528239838823,-0.4975638749316893,299.9399575574976
78.83511669107435,-41.491576447966686,0.9999999999999996,2.1635378851316114,-0.49683394784917567,299.34796239596426
78.83730514125507,-41.50109842766417,0.9999999999999997,2.1624119333736456,-0.4961117206530865,298.7448943773716
78.83950322325101,-41.51061833031014,0.9999999999999997,2.161274931164975,-0.4953972270208915,298.13065903942237
78.84171105156322,-41.52013613040634,0.9999999999999998,2.160126840966335,-0.49469050064393727,297.5051619198195
78.84392874075641,-41.52965180244387,0.9999999999999997,2.1589676252442915,-0.4939915752276427,296.8683085562654
78.84615640545898,-41.539165320902974,0.9999999999999997,2.157797246471418,-0.49330048449169794,296.22000448646304
78.84839416036306,-41.54867666025304,0.9999999999999997,2.1566156671264487,-0.49261726217019586,295.56015524811505
78.85064212022434,-41.55818579495237,0.9999999999999998,2.155422849694407,-0.49194194201207253,294.8886663789243
78.85290039986228,-41.56769269944824,0.9999999999999997,2.154218756666743,-0.49127455778101137,294.20544341659354
78.85516911415996,-41.57719734817664,0.9999999999999996,2.1530033505415345,-0.4906151432559547,293.51039189882533
78.85744837806416,-41.58669971556229,0.9999999999999996,2.1517765938235422,-0.48996373223107526,292.8034173633225
78.85973830658527,-41.59619977601846,0.9999999999999996,2.1505384490244683,-0.48932035851613875,292.08442534778794
78.8620390147973,-41.6056975039469,0.9999999999999996,2.1492888786630493,-0.4886850559366387,291.35332138992413
78.86435061783799,-41.61519287373769,0.9999999999999996,2.1480278452651884,-0.48805785833411264,290.61001102743404
78.86667323090859,-41.6246858597692,0.9999999999999996,2.146755311364175,-0.4874387995662701,289.8543997980204
78.86900696927405,-41.63417643640792,0.9999999999999997,2.1454712395007904,-0.4868279135072342,289.0863932393858
78.87135194826288,-41.64366457800835,0.9999999999999998,2.1441755922235,-0.48622523404779017,288.30589688923317
78.87370828326718,-41.65315025891291,0.9999999999999996,2.142868332088555,-0.48563079509562357,287.512816285265
78.87607608974263,-41.66263345345183,0.9999999999999997,2.1415494216602244,-0.4850446305754552,286.70705696518445
78.87845548320846,-41.67211413594302,0.9999999999999996,2.140218823510909,-0.4844667744294071,285.8885244666939
78.88084657924745,-41.68159228069192,0.9999999999999997,2.138876500221306,-0.48389726061707705,285.0571243274962
78.88324949350589,-41.69106786199147,0.9999999999999997,2.1375224143805918,-0.48333612311591523,284.2127620852942
78.88566434169357,-41.700540854121876,0.9999999999999997,2.1361565285865813,-0.4827833959213663,283.3553432777904
78.88809123958376,-41.710011231350585,0.9999999999999997,2.134778805445892,-0.482239113047104,282.48477344268775
78.89053030301322,-41.71947896793211,0.9999999999999997,2.133389207574072,-0.4817033085253115,281.60095811768895
78.89298164788215,-41.72894403810793,0.9999999999999994,2.131987697595836,-0.4811760164068417,280.70380284049673
78.89544539015412,-41.73840641610636,0.9999999999999997,2.130574238145204,-0.4806572707615864,279.7932131488139
78.89792164585612,-41.7478660761424,0.9999999999999997,2.12914879186566,-0.4801471056785296,278.869094580343
78.9004105310785,-41.75732299241763,0.9999999999999997,2.1277113214103354,-0.47964555526619534,277.93135267278706
78.90291216197498,-41.7667771391201,0.9999999999999997,2.1262617894421796,-0.47915265365266535,276.97989296384867
78.90542665476255,-41.77622849042418,0.9999999999999997,2.124800158634134,-0.47866843498603373,276.0146209912306
78.90795412572149,-41.7856770204904,0.9999999999999997,2.123326391669316,-0.4781929334344923,275.0354422926354
78.91049469119537,-41.79512270346534,0.9999999999999996,2.1218404512411793,-0.47772618318667526,274.0422624057661
78.91304846759093,-41.80456551348154,0.9999999999999996,2.120342300053708,-0.47726821845185086,273.0349868683254
78.91561557137813,-41.81400542465732,0.9999999999999996,2.1188319008216014,-0.4768190734601845,272.0135212180159
78.91819611909007,-41.8234424110966,0.9999999999999994,2.1173092162704226,-0.4763787824629837,270.97777099254057
78.920790227323,-41.832876446888854,0.9999999999999996,2.115774209136813,-0.47594737973297896,269.9276417296019
78.9233980127362,-41.84230750610891,0.9999999999999994,2.114226842168656,-0.4755248995645367,268.86303896690293
78.92601959205207,-41.851735562816835,0.9999999999999996,2.1126670781252725,-0.47511137627392586,267.7838682421461
78.92865508205595,-41.86116059105779,0.9999999999999994,2.111094879777612,-0.4747068441995914,266.6900350930343
78.93130459959622,-41.87058256486184,0.9999999999999996,2.109510209908416,-0.47431133770236045,265.58144505727034
78.93396826158411,-41.88000145824391,0.9999999999999996,2.1079130313124272,-0.4739248911657832,264.4580036725568
78.93664618499382,-41.88941724520353,0.9999999999999994,2.1063033067965753,-0.47354753899632485,263.3196164765965
78.93933848686231,-41.89882989972477,0.9999999999999996,2.1046809991801743,-0.47317931562360727,262.16618900709227
78.94204528428945,-41.90823939577603,0.9999999999999994,2.1030460712950756,-0.4728202555007641,260.99762680174666
