galstreams/tracks/track.st.Sagittarius.antoja2020.ecsv
# %ECSV 0.9
# ---
# datatype:
# - {name: ra, unit: deg, datatype: float64}
# - {name: dec, unit: deg, datatype: float64}
# - {name: distance, unit: kpc, datatype: float64}
# - {name: pm_ra_cosdec, unit: mas / yr, datatype: float64}
# - {name: pm_dec, unit: mas / yr, datatype: float64}
# - {name: radial_velocity, unit: km / s, datatype: float64}
# delimiter: ','
# meta: !!omap
# - __serialized_columns__:
#     dec:
#       __class__: astropy.coordinates.angles.Latitude
#       unit: &id001 !astropy.units.Unit {unit: deg}
#       value: !astropy.table.SerializedColumn {name: dec}
#     distance:
#       __class__: astropy.coordinates.distances.Distance
#       unit: !astropy.units.Unit {unit: kpc}
#       value: !astropy.table.SerializedColumn {name: distance}
#     pm_dec:
#       __class__: astropy.units.quantity.Quantity
#       unit: !astropy.units.Unit {unit: mas / yr}
#       value: !astropy.table.SerializedColumn {name: pm_dec}
#     pm_ra_cosdec:
#       __class__: astropy.units.quantity.Quantity
#       unit: !astropy.units.Unit {unit: mas / yr}
#       value: !astropy.table.SerializedColumn {name: pm_ra_cosdec}
#     ra:
#       __class__: astropy.coordinates.angles.Longitude
#       unit: *id001
#       value: !astropy.table.SerializedColumn {name: ra}
#       wrap_angle: !astropy.coordinates.Angle
#         unit: *id001
#         value: 360.0
#     radial_velocity:
#       __class__: astropy.units.quantity.Quantity
#       unit: !astropy.units.Unit {unit: km / s}
#       value: !astropy.table.SerializedColumn {name: radial_velocity}
# schema: astropy-2.0
ra,dec,distance,pm_ra_cosdec,pm_dec,radial_velocity
[from data line 18720]
236.1974585625173,-12.718378616689845,48.0027128202298,-1.2379114262225155,-0.6403522006858732,8.420767129872338e-14
236.18840118181382,-12.71369397662295,48.007169821584995,-1.23774092826679,-0.640231365676507,1.1368035625327657e-13
236.1793441352688,-12.709009029183466,48.0116253430687,-1.2375705201515417,-0.6401105299184743,1.4736342477276593e-13
236.17028742276463,-12.704323774499786,48.01607938319438,-1.2374002018896506,-0.6399896934476769,9.262843842859572e-14
236.16123104418352,-12.699638212700298,48.020531940475536,-1.2372299734939798,-0.6398688563000511,7.578690416885104e-14
236.15217499940786,-12.694952343913412,48.02498301342568,-1.2370598349773771,-0.6397480185115743,1.3052189051302125e-13
236.1431192883199,-12.690266168267483,48.029432600558415,-1.2368897863526707,-0.6396271801182573,-7.157652060391487e-14
236.13406391080173,-12.685579685890866,48.03388070038733,-1.2367198276326743,-0.6395063411561502,7.157652060391487e-14
236.12500886673578,-12.680892896911946,48.03832731142609,-1.2365499588301843,-0.6393855016613404,1.3894265764289357e-13
236.11595415600422,-12.676205801459052,48.042772432188386,-1.2363801799579797,-0.6392646616699516,-5.894536990910637e-14
236.10689977848915,-12.671518399660531,48.04721606118797,-1.2362104910288227,-0.639143821218144,1.9788802755199994e-13
236.09784573407285,-12.666830691644687,48.05165819693863,-1.236040892055458,-0.6390229803421164,1.0946997268834039e-13
236.08879202263748,-12.662142677539878,48.05609883795418,-1.2358713830506165,-0.6389021390781041,-8.420767129872338e-15
236.07973864406512,-12.657454357474387,48.060537982748514,-1.2357019640270086,-0.638781297462379,2.5262301389617013e-14
236.07068559823793,-12.652765731576507,48.06497562983554,-1.235532634997329,-0.6386604555312496,1.1368035625327657e-13
236.06163288503805,-12.648076799974566,48.06941177772921,-1.2353633959742574,-0.6385396133210639,-4.210383564936169e-15
236.05258050434753,-12.64338756279682,48.07384642494355,-1.2351942469704535,-0.6384187708682033,7.999728773378721e-14
236.04352845604848,-12.638698020171546,48.07827956999261,-1.2350251879985628,-0.6382979282090886,1.2631150694808506e-14
236.03447674002288,-12.634008172226991,48.08271121139052,-1.2348562190712111,-0.6381770853801765,7.157652060391487e-14
236.02542535615288,-12.629318019091446,48.087141347651425,-1.2346873402010103,-0.6380562424179608,8.420767129872338e-15
236.01637430432044,-12.62462756089314,48.09156997728952,-1.2345185514005543,-0.6379353993589727,1.7262572616238293e-13
236.00732358440757,-12.619936797760287,48.09599709881909,-1.2343498526824184,-0.6378145562397792,1.7262572616238293e-13
235.99827319629634,-12.61524572982115,48.100422710754415,-1.2341812440591637,-0.6376937130969849,6.73661370389787e-14
235.9892231398686,-12.610554357203924,48.104846811609875,-1.2340127255433329,-0.637572869967231,2.1472956181174462e-13
235.98017341500645,-12.605862680036811,48.10926939989989,-1.233844297147451,-0.6374520268871956,-7.578690416885104e-14
235.97112402159163,-12.60117069844803,48.1136904741389,-1.2336759588840285,-0.637331183893593,7.999728773378721e-14
235.96207495950625,-12.596478412565766,48.11811003284144,-1.2335077107655565,-0.6372103410231753,-4.210383564936169e-15
235.95302622863215,-12.591785822518197,48.12252807452209,-1.2333395528045106,-0.63708949831273,-1.0104920555846805e-13
235.94397782885113,-12.587092928433481,48.12694459769547,-1.233171485013349,-0.6369686557990814,4.631421921429786e-14
235.93492976004515,-12.582399730439805,48.13135960087626,-1.2330035074045127,-0.6368478135190921,2.442022467662978e-13
235.92588202209615,-12.577706228665303,48.13577308257921,-1.2328356199904262,-0.6367269715096601,-4.631421921429786e-14
235.91683461488572,-12.573012423238119,48.14018504131913,-1.2326678227834957,-0.636606129807719,2.3578147963642546e-13
235.90778753829596,-12.568318314286401,48.14459547561086,-1.2325001157961137,-0.6364852884502415,-2.1051917824680846e-14
235.89874079220849,-12.563623901938266,48.149004383969334,-1.2323324990406517,-0.6363644474742337,4.210383564936169e-14
235.88969437650516,-12.558929186321835,48.153411764909514,-1.232164972529467,-0.6362436069167415,4.210383564936169e-15
235.88064829106767,-12.554234167565195,48.15781761694645,-1.231997536274898,-0.6361227668148448,8.420767129872338e-15
235.87160253577784,-12.549538845796466,48.16222193859521,-1.2318301902892679,-0.6360019272056615,1.3894265764289357e-13
235.8625571105174,-12.544843221143733,48.166624728370984,-1.2316629345848822,-0.6358810881263454,1.642049590325106e-13
235.85351201516806,-12.540147293735055,48.17102598478898,-1.2314957691740276,-0.6357602496140864,1.6841534259744676e-14
235.8444672496115,-12.535451063698536,48.175425706364464,-1.2313286940689778,-0.6356394117061117,8.841805486365955e-14
235.83542281372945,-12.53075453116221,48.17982389161281,-1.2311617092819849,-0.6355185744396836,1.642049590325106e-13
235.8263787074035,-12.526057696254142,48.184220539049406,-1.2309948148252878,-0.6353977378521023,2.2736071250655313e-13
235.8173349305154,-12.521360559102353,48.18861564718977,-1.2308280107111054,-0.6352769019807025,2.3578147963642546e-13
235.80829148294674,-12.516663119834902,48.19300921454938,-1.2306612969516415,-0.6351560668628581,-5.894536990910637e-14
235.79924836457906,-12.511965378579808,48.19740123964389,-1.2304946735590812,-0.6350352325359755,1.0525958912340423e-13
235.79020557529407,-12.507267335465063,48.20179172098895,-1.2303281405455953,-0.6349143990375008,-1.6841534259744676e-14
235.78116311497328,-12.502568990618707,48.20618065710031,-1.2301616979233343,-0.6347935664049138,1.0946997268834039e-13
235.77212098349833,-12.497870344168712,48.21056804649378,-1.2299953457044337,-0.6346727346757329,-1.1789073981821273e-13
235.76307918075065,-12.49317139624307,48.214953887685255,-1.229829083901011,-0.6345519038875099,3.789345208442552e-14
235.75403770661183,-12.48847214696975,48.21933817919068,-1.2296629125251664,-0.6344310740778345,1.347322740779574e-13
235.74499656096344,-12.483772596476744,48.22372091952604,-1.229496831588985,-0.6343102452843341,7.999728773378721e-14
235.73595574368693,-12.479072744891997,48.22810210720746,-1.2293308411045327,-0.6341894175446685,1.6841534259744677e-13
235.7269152546638,-12.474372592343446,48.23248174075111,-1.2291649410838579,-0.6340685908965366,-3.368306851948935e-14
235.71787509377543,-12.46967213895906,48.23685981867319,-1.2289991315389939,-0.6339477653776721,1.515738083377021e-13
235.70883526090344,-12.46497138486675,48.24123633949004,-1.2288334124819558,-0.6338269410258447,-5.4734986344170195e-14
235.69979575592902,-12.460270330194435,48.245611301718036,-1.2286677839247409,-0.6337061178788599,2.568333974611063e-13
235.6907565787338,-12.455568975070054,48.24998470387362,-1.2285022458793313,-0.6335852959745614,2.6525416459097863e-13
235.68171772919914,-12.450867319621493,48.25435654447334,-1.2283367983576903,-0.6334644753508261,1.5578419190263825e-13
235.67267920720636,-12.44616536397665,48.25872682203378,-1.2281714413717646,-0.6333436560455679,2.2315032894161697e-13
235.66364101263684,-12.441463108263397,48.26309553507166,-1.2280061749334832,-0.6332228380967373,-8.420767129872338e-15
235.6546031453719,-12.436760552609634,48.26746268210374,-1.227840999054758,-0.6331020215423188,6.73661370389787e-14
235.64556560529294,-12.432057697143222,48.271828261646824,-1.2276759137474862,-0.6329812064203352,1.221011233831489e-13
235.63652839228118,-12.427354541992,48.27619227221788,-1.2275109190235438,-0.6328603927688436,2.315710960714893e-13
235.62749150621804,-12.422651087283842,48.28055471233386,-1.2273460148947928,-0.6327395806259377,9.262843842859572e-14
235.6184549469847,-12.417947333146579,48.284915580511864,-1.2271812013730767,-0.6326187700297466,5.894536990910637e-14
235.60941871446244,-12.41324327970804,48.28927487526905,-1.2270164784702213,-0.6324979610184347,2.610437810260425e-13
235.60038280853254,-12.408538927096044,48.29363259512268,-1.226851846198036,-0.6323771536302029,2.1051917824680845e-13
235.5913472290763,-12.403834275438408,48.29798873859005,-1.2266873045683133,-0.6322563479032879,3.368306851948935e-14
235.58231197597473,-12.399129324862932,48.30234330418858,-1.226522853592828,-0.6321355438759615,1.221011233831489e-13
235.5732770491092,-12.394424075497403,48.306696290435774,-1.2263584932833367,-0.6320147415865313,1.1789073981821273e-13
235.56424244836083,-12.389718527469624,48.31104769584917,-1.226194223651582,-0.6318939410733416,9.262843842859572e-14
235.55520817361085,-12.38501268090736,48.31539751894646,-1.2260300447092851,-0.6317731423747708,-5.4734986344170195e-14
235.54617422474027,-12.380306535938384,48.31974575824536,-1.225865956468153,-0.631652345529234,1.347322740779574e-13
235.53714060163037,-12.375600092690426,48.32409241226376,-1.2257019589398734,-0.6315315505751806,-5.894536990910637e-14
235.52810730416212,-12.37089335129127,48.328437479519515,-1.2255380521361192,-0.6314107575510977,1.2631150694808508e-13
235.51907433221677,-12.366186311868649,48.332780958530634,-1.2253742360685442,-0.631289966495506,5.894536990910637e-14
235.51004168567528,-12.361478974550252,48.33712284781528,-1.2252105107487838,-0.6311691774469617,1.347322740779574e-13
235.5010093644188,-12.35677133946386,48.34146314589159,-1.2250468761884596,-0.6310483904440587,5.4734986344170195e-14
235.4919773683283,-12.352063406737152,48.34580185127782,-1.2248833323991732,-0.630927605525423,2.568333974611063e-13
235.4829456972849,-12.347355176497821,48.35013896249238,-1.2247198793925096,-0.6308068227297197,1.768361097273191e-13
235.47391435116958,-12.342646648873588,48.35447447805368,-1.2245565171800377,-0.6306860420956466,5.894536990910637e-14
235.4648833298633,-12.337937823992116,48.35880839648033,-1.2243932457733067,-0.6305652636619374,5.4734986344170195e-14
235.4558526332471,-12.333228701981094,48.363140716290914,-1.2242300651838502,-0.6304444874673616,1.347322740779574e-13
235.44682226120193,-12.328519282968164,48.36747143600423,-1.2240669754231845,-0.6303237135507239,8.841805486365955e-14
235.43779221360873,-12.323809567081003,48.371800554139035,-1.2239039765028084,-0.630202941950865,-6.73661370389787e-14
235.42876249034842,-12.319099554447261,48.3761280692143,-1.2237410684342027,-0.6300821727066592,6.73661370389787e-14
235.4197330913019,-12.314389245194553,48.380453979749035,-1.2235782512288313,-0.6299614058570178,2.947268495455318e-14
235.4107040163502,-12.309678639450546,48.384778284262346,-1.2234155248981424,-0.6298406414408864,2.1051917824680846e-14
235.40167526537402,-12.304967737342828,48.389100981273465,-1.2232528894535633,-0.6297198794972457,1.221011233831489e-13
235.39264683825436,-12.300256538999015,48.393422069301685,-1.2230903449065071,-0.6295991200651119,1.347322740779574e-13
235.38361873487202,-12.295545044546708,48.39774154686645,-1.2229278912683677,-0.6294783631835363,1.768361097273191e-13
235.3745909551079,-12.290833254113517,48.402059412487205,-1.2227655285505232,-0.6293576088916056,4.210383564936169e-14
235.36556349884273,-12.286121167827007,48.40637566468363,-1.222603256764333,-0.6292368572284417,5.0524602779234026e-14
235.35653636595734,-12.281408785814753,48.41069030197538,-1.2224410759211395,-0.6291161082332002,8.841805486365955e-14
235.3475095563325,-12.276696108204334,48.4150033228823,-1.2222789860322687,-0.6289953619450731,2.1051917824680845e-13
235.3384830698491,-12.271983135123293,48.41931472592428,-1.2221169871090272,-0.6288746184032881,9.683882199353189e-14
235.32945690638775,-12.267269866699182,48.423624509621334,-1.2219550791627067,-0.6287538776471056,1.0104920555846805e-13
235.32043106582927,-12.262556303059526,48.42793267249361,-1.2217932622045793,-0.6286331397158225,2.947268495455318e-14
235.31140554805435,-12.25784244433188,48.43223921306127,-1.2216315362459007,-0.6285124046487709,-7.578690416885104e-14
235.30238035294363,-12.25312829064375,48.436544129844705,-1.2214699012979096,-0.6283916724853169,2.6525416459097863e-13
235.29335548037793,-12.248413842122627,48.44084742136433,-1.2213083573718253,-0.6282709432648614,1.4736342477276593e-13
235.2843309302379,-12.243699098896048,48.44514908614067,-1.2211469044788532,-0.6281502170268424,9.683882199353189e-14
235.27530670240412,-12.238984061091482,48.449449122694354,-1.2209855426301777,-0.6280294938107294,1.4736342477276593e-13
235.2662827967573,-12.234268728836414,48.45374752954616,-1.2208242718369682,-0.6279087736560294,-5.4734986344170195e-14
235.25725921317797,-12.22955310225831,48.45804430521697,-1.220663092110374,-0.627788056602282,2.020984111169361e-13
235.2482359515469,-12.224837181484663,48.46233944822769,-1.2205020034615315,-0.6276673426890641,1.0525958912340423e-13
235.2392130117446,-12.220120966642908,48.466632957099456,-1.2203410059015547,-0.6275466319559851,-7.999728773378721e-14
235.23019039365155,-12.215404457860483,48.47092483035343,-1.2201800994415426,-0.6274259244426901,-9.262843842859572e-14
235.22116809714845,-12.210687655264845,48.475215066510934,-1.2200192840925763,-0.6273052201888586,-6.73661370389787e-14
235.21214612211577,-12.20597055898342,48.47950366409335,-1.2198585598657208,-0.627184519234205,7.578690416885104e-14
235.20312446843403,-12.201253169143603,48.48379062162224,-1.2196979267720207,-0.6270638216184781,9.683882199353189e-14
235.19410313598388,-12.19653548587284,48.4880759376192,-1.2195373848225055,-0.6269431273814625,-2.947268495455318e-14
235.1850821246456,-12.191817509298511,48.49235961060602,-1.2193769340281864,-0.6268224365629749,1.0525958912340423e-13
235.17606143429987,-12.18709923954801,48.49664163910454,-1.2192165744000572,-0.6267017492028694,4.210383564936169e-14
235.16704106482698,-12.182380676748709,48.50092202163677,-1.2190563059490933,-0.6265810653410315,5.0524602779234026e-14
235.1580210161075,-12.177661821028007,48.50520075672478,-1.2188961286862543,-0.6264603850173843,6.73661370389787e-14
235.14900128802185,-12.17294267251325,48.509477842890796,-1.2187360426224818,-0.6263397082718843,1.0946997268834039e-13
235.1399818804504,-12.168223231331785,48.51375327865717,-1.2185760477686978,-0.6262190351445206,-4.210383564936169e-15
235.13096279327357,-12.163503497610993,48.5180270625463,-1.2184161441358106,-0.6260983656753196,1.5578419190263825e-13
235.12194402637172,-12.15878347147818,48.5222991930808,-1.2182563317347068,-0.6259776999043407,2.98937233110468e-13
235.1129255796253,-12.15406315306069,48.52656966878334,-1.218096610576259,-0.6258570378716776,3.789345208442552e-14
235.1039074529146,-12.14934254248582,48.530838488176755,-1.2179369806713185,-0.625736379617458,7.157652060391487e-14
235.09488964611992,-12.144621639880906,48.53510564978394,-1.2177774420307235,-0.6256157251818449,8.420767129872338e-14
235.08587215912166,-12.139900445373241,48.53937115212796,-1.2176179946652919,-0.6254950746050355,4.210383564936169e-14
235.07685499180008,-12.135178959090108,48.543634993732006,-1.2174586385858226,-0.6253744279272603,1.0525958912340423e-13
235.0678381440355,-12.130457181158807,48.54789717311932,-1.2172993738031017,-0.6252537851887855,-8.420767129872338e-14
235.0588216157081,-12.125735111706591,48.552157688813395,-1.2171402003278926,-0.6251331464299092,1.894672604221276e-13
235.04980540669828,-12.12101275086074,48.556416539337725,-1.2169811181709442,-0.6250125116909669,-1.6841534259744676e-14
235.04078951688618,-12.116290098748497,48.56067372321601,-1.2168221273429858,-0.624891881012325,2.5262301389617013e-14
235.03177394615201,-12.111567155497124,48.56492923897203,-1.2166632278547316,-0.6247712544343862,1.3052189051302125e-13
235.02275869437605,-12.106843921233844,48.569183085129715,-1.2165044197168764,-0.6246506319975865,2.1472956181174462e-13
235.0137437614385,-12.10212039608588,48.57343526021312,-1.2163457029400966,-0.6245300137423968,1.3894265764289357e-13
235.00472914721945,-12.09739658018047,48.577685762746405,-1.2161870775350536,-0.6244093997093205,1.347322740779574e-13
