galstreams/tracks/track.st.New-6.ibata2024.ecsv
# %ECSV 1.0
# ---
# datatype:
# - {name: ra, unit: deg, datatype: float64}
# - {name: dec, unit: deg, datatype: float64}
# - {name: distance, unit: kpc, datatype: float64}
# - {name: pm_ra_cosdec, unit: mas / yr, datatype: float64}
# - {name: pm_dec, unit: mas / yr, datatype: float64}
# - {name: radial_velocity, unit: km / s, datatype: float64}
# delimiter: ','
# meta: !!omap
# - __serialized_columns__:
#     dec:
#       __class__: astropy.coordinates.angles.Latitude
#       unit: &id001 !astropy.units.Unit {unit: deg}
#       value: !astropy.table.SerializedColumn {name: dec}
#     distance:
#       __class__: astropy.coordinates.distances.Distance
#       unit: !astropy.units.Unit {unit: kpc}
#       value: !astropy.table.SerializedColumn {name: distance}
#     pm_dec:
#       __class__: astropy.units.quantity.Quantity
#       unit: !astropy.units.Unit {unit: mas / yr}
#       value: !astropy.table.SerializedColumn {name: pm_dec}
#     pm_ra_cosdec:
#       __class__: astropy.units.quantity.Quantity
#       unit: !astropy.units.Unit {unit: mas / yr}
#       value: !astropy.table.SerializedColumn {name: pm_ra_cosdec}
#     ra:
#       __class__: astropy.coordinates.angles.Longitude
#       unit: *id001
#       value: !astropy.table.SerializedColumn {name: ra}
#       wrap_angle: !astropy.coordinates.Angle
#         unit: *id001
#         value: 360.0
#     radial_velocity:
#       __class__: astropy.units.quantity.Quantity
#       unit: !astropy.units.Unit {unit: km / s}
#       value: !astropy.table.SerializedColumn {name: radial_velocity}
# schema: astropy-2.0
ra,dec,distance,pm_ra_cosdec,pm_dec,radial_velocity
[from data line 6235]
153.94281891072401,69.33861975407082,1.0000000000000002,-23.226023455919105,2.1243634089300363,-116.0516575362638
153.9621603152366,69.33126096320665,1.0000000000000002,-23.224927531418466,2.130363763047611,-116.08385766623441
153.98148798856747,69.32389981684241,1.0000000000000002,-23.22382977111343,2.1363575293654904,-116.11605295749763
154.00080194079726,69.3165363174063,1.0000000000000002,-23.222730179581376,2.142344711551239,-116.14824340592071
154.0201021820042,69.30917046732377,1.0000000000000002,-23.22162876139076,2.1483253132740465,-116.1804290073708
154.03938872226448,69.3018022690176,1.0000000000000004,-23.220525521101067,2.154299338204784,-116.21260975771507
154.05866157165207,69.29443172490794,1.0000000000000002,-23.21942046326289,2.1602667900159336,-116.24478565282072
154.07792074023862,69.2870588374122,1.0000000000000002,-23.218313592417893,2.1662276723816136,-116.27695668855506
154.0971662380936,69.27968360894518,1.0000000000000002,-23.21720491309887,2.1721819889775125,-116.30912286078515
154.1163980752841,69.272306041919,1.0000000000000002,-23.216094429829703,2.178129743480903,-116.3412841653782
154.135616261875,69.26492613874306,1.0000000000000002,-23.21498214712541,2.184070939570603,-116.37344059820146
154.15482080792876,69.25754390182418,1.0000000000000002,-23.213868069492158,2.190005580926999,-116.40559215512212
154.1740117235056,69.25015933356643,1.0000000000000002,-23.212752201427232,2.1959336712319724,-116.43773883200734
154.1931890186632,69.2427724363713,1.0000000000000002,-23.211634547419127,2.2018552141689005,-116.46988062472431
154.212352703457,69.23538321263756,1.0000000000000002,-23.21051511194746,2.2077702134226573,-116.50201752914025
154.23150278793997,69.22799166476132,1.0000000000000002,-23.209393899483054,2.213678672679608,-116.53414954112237
154.25063928216258,69.22059779513611,1.0000000000000002,-23.208270914487937,2.2195805956275176,-116.5662766565378
154.26976219617296,69.21320160615272,1.0000000000000002,-23.207146161415327,2.2254759859556152,-116.59839887125379
154.28887154001666,69.20580310019935,1.0000000000000002,-23.20601964470968,2.231364847354543,-116.63051618113757
154.3079673237368,69.19840227966151,1.0000000000000002,-23.204891368806642,2.237247183516331,-116.66262858205624
154.32704955737384,69.19099914692208,1.0000000000000002,-23.20376133813316,2.2431229981343623,-116.69473606987702
154.34611825096587,69.18359370436131,1.0000000000000004,-23.20262955710737,2.2489922949034513,-116.72683864046714
154.36517341454828,69.17618595435678,1.0000000000000002,-23.201496030138756,2.25485507751967,-116.75893628969374
154.38421505815398,69.16877589928345,1.0000000000000002,-23.200360761627973,2.260711349680479,-116.79102901342411
154.40324319181317,69.16136354151362,1.0000000000000002,-23.19922375596705,2.2665611150846257,-116.82311680752532
154.42225782555352,69.15394888341699,1.0000000000000002,-23.19808501753928,2.272404377432136,-116.85519966786467
154.44125896939994,69.14653192736058,1.0000000000000002,-23.196944550719266,2.278241140424341,-116.88727759030931
154.4602466333747,69.13911267570882,1.0000000000000002,-23.19580235987295,2.2840714077637703,-116.91935057072644
154.4792208274975,69.13169113082348,1.0000000000000002,-23.19465844935759,2.2898951831542895,-116.95141860498325
154.49818156178517,69.12426729506373,1.0000000000000002,-23.193512823521807,2.295712470300895,-116.98348168894692
154.51712884625192,69.11684117078605,1.0000000000000002,-23.192365486705576,2.3015232729098187,-117.01553981848471
154.53606269090906,69.10941276034438,1.0000000000000004,-23.191216443240222,2.3073275946884992,-117.04759298946371
154.55498310576533,69.10198206608999,1.0000000000000002,-23.190065697448492,2.313125439345531,-117.07964119775119
154.57389010082653,69.09454909037156,1.0000000000000002,-23.188913253644486,2.3189168105906663,-117.11168443921429
154.59278368609571,69.08711383553509,1.0000000000000002,-23.187759116133726,2.324701712134803,-117.14372270972028
154.61166387157306,69.07967630392402,1.0000000000000002,-23.186603289213146,2.3304801476899453,-117.1757560051363
154.6305306672559,69.07223649787919,1.0000000000000002,-23.185445777171118,2.336252120969208,-117.20778432132948
154.64938408313878,69.06479441973877,1.0,-23.18428658428744,2.342017635686826,-117.23980765416724
154.6682241292132,69.05735007183836,1.0000000000000002,-23.183125714833377,2.3477766955580304,-117.27182599951652
154.6870508154679,69.04990345651096,1.0,-23.181963173071644,2.3535293042991814,-117.30383935324467
154.7058641518886,69.04245457608693,1.0000000000000002,-23.180798963256425,2.3592754656276442,-117.33584771121882
154.72466414845806,69.03500343289403,1.0000000000000002,-23.179633089633406,2.365015183261815,-117.36785106930614
154.74345081515614,69.02755002925748,1.0000000000000002,-23.178465556439768,2.37074846092111,-117.39984942337394
154.76222416195967,69.02009436749981,1.0000000000000002,-23.177296367904205,2.3764753023258853,-117.43184276928926
154.78098419884245,69.01263644994103,1.0000000000000002,-23.176125528246914,2.3821957111975403,-117.46383110291939
154.7997309357753,69.00517627889847,1.0000000000000002,-23.17495304167964,2.3879096912583764,-117.49581442013154
154.81846438272595,68.99771385668701,1.0000000000000004,-23.173778912405673,2.393617246231667,-117.52779271679287
154.83718454965916,68.99024918561878,1.0000000000000002,-23.172603144619863,2.3993183798416045,-117.55976598877052
154.85589144653645,68.9827822680034,1.0000000000000002,-23.17142574250861,2.4050130958132714,-117.59173423193178
154.87458508331633,68.97531310614792,1.0000000000000002,-23.17024671024992,2.4107013978726766,-117.6236974421438
154.8932654699542,68.96784170235676,1.0000000000000002,-23.16906605201337,2.416383289746687,-117.65565561527374
154.9119326164023,68.9603680589318,1.0000000000000002,-23.167883771960145,2.422058775163034,-117.68760874718886
154.9305865326097,68.95289217817228,1.0000000000000002,-23.16669987424305,2.4277278578503036,-117.71955683375631
154.94922722852235,68.94541406237494,1.0000000000000002,-23.165514363006523,2.4333905415379142,-117.75149987084335
154.96785471408288,68.93793371383389,1.0000000000000002,-23.164327242386626,2.4390468299560712,-117.78343785431706
154.9864689992308,68.93045113484068,1.0000000000000002,-23.163138516511076,2.444696726835806,-117.81537078004474
155.00507009390242,68.92296632768429,1.0000000000000002,-23.16194818949926,2.4503402359089446,-117.84729864389351
155.0236580080307,68.91547929465112,1.0000000000000002,-23.160756265462226,2.4559773609080437,-117.87922144173064
155.0422327515454,68.90799003802503,0.9999999999999999,-23.15956274850272,2.4616081055664427,-117.91113916942328
155.06079433437299,68.90049856008731,1.0,-23.158367642715184,2.467232473618207,-117.94305182283857
155.0793427664366,68.89300486311664,1.0,-23.15717095218576,2.4728504687981463,-117.97495939784383
155.0978780576561,68.88550894938922,1.0,-23.15597268099232,2.4784620948417313,-118.00686189030613
155.11640021794793,68.87801082117859,0.9999999999999999,-23.154772833204458,2.4840673554851893,-118.03875929609273
155.13490925722522,68.87051048075583,1.0,-23.15357141288352,2.4896662544653427,-118.0706516110708
155.1534051853978,68.8630079303894,0.9999999999999999,-23.152368424082614,2.495258795519769,-118.10253883110761
155.17188801237194,68.85550317234525,1.0,-23.151163870846602,2.50084498238661,-118.13442095207024
155.19035774805064,68.84799620888677,1.0,-23.149957757212142,2.5064248188046925,-118.1662979698259
155.20881440233345,68.84048704227477,1.0,-23.148750087207667,2.5119983085134443,-118.19816988024189
155.2272579851164,68.83297567476754,1.0,-23.14754086485341,2.5175654552528854,-118.23003667918536
155.24568850629217,68.82546210862085,1.0,-23.146330094161442,2.523126262763629,-118.2618983625234
155.26410597574983,68.8179463460879,1.0,-23.145117779135646,2.528680734786869,-118.2937549261233
155.2825104033751,68.81042838941933,0.9999999999999999,-23.143903923771738,2.5342288750643736,-118.32560636585225
155.30090179905008,68.80290824086327,1.0,-23.142688532057285,2.5397706873383914,-118.35745267757743
155.31928017265335,68.79538590266533,1.0,-23.141471607971745,2.5453061753517563,-118.38929385716607
155.33764553406,68.78786137706857,0.9999999999999999,-23.140253155486405,2.5508353428478383,-118.42112990048525
155.35599789314148,68.78033466631351,1.0,-23.139033178564457,2.5563581935704196,-118.4529608034023
155.37433725976578,68.77280577263814,0.9999999999999999,-23.137811681160997,2.5618747312638455,-118.48478656178438
155.39266364379708,68.76527469827795,1.0,-23.13658866722303,2.567384959672882,-118.51660717149863
155.41097705509623,68.7577414454659,0.9999999999999999,-23.13536414068946,2.572888882542797,-118.5484226284123
155.42927750352018,68.75020601643237,1.0,-23.134138105491143,2.5783865036192797,-118.58023292839256
155.44756499892245,68.74266841340533,1.0,-23.13291056555088,2.583877826648436,-118.61203806730659
155.4658395511527,68.73512863861012,1.0,-23.131681524783417,2.5893628553767787,-118.64383804102158
155.4841011700571,68.72758669426965,0.9999999999999999,-23.130450987095486,2.594841593551278,-118.67563284540478
155.50234986547798,68.72004258260426,0.9999999999999999,-23.129218956385763,2.6003140449192284,-118.70742247632334
155.52058564725408,68.71249630583182,1.0,-23.12798543654494,2.6057802132283125,-118.73920692964445
155.53880852522025,68.70494786616766,1.0,-23.12675043145572,2.6112401022265743,-118.77098620123537
155.55701850920778,68.69739726582459,0.9999999999999999,-23.125513944992804,2.6166937156624233,-118.80276028696318
155.57521560904405,68.68984450701298,1.0,-23.12427598102291,2.6221410572845425,-118.83452918269516
155.5933998345528,68.68228959194064,0.9999999999999999,-23.12303654340484,2.627582130842013,-118.86629288429852
155.6115711955539,68.67473252281292,1.0,-23.121795635989375,2.6330169400841363,-118.89805138764041
155.62972970186334,68.6671733018326,1.0,-23.12055326261942,2.638445488760544,-118.92980468858795
155.64787536329348,68.65961193120008,1.0,-23.11930942712992,2.643867780621159,-118.96155278300851
155.66600818965264,68.65204841311314,1.0,-23.118064133347914,2.649283819416114,-118.99329566676909
155.68412819074544,68.64448274976716,1.0,-23.11681738509254,2.6546936088958404,-119.02503333573708
155.70223537637256,68.63691494335501,1.0,-23.115569186175037,2.6600971528109945,-119.0567657857795
155.7203297563308,68.62934499606702,1.0,-23.114319540398775,2.6654944549124213,-119.08849301276366
155.7384113404131,68.62177291009111,1.0,-23.113068451559236,2.6708855189512004,-119.12021501255671
155.75648013840842,68.6141986876127,1.0,-23.111815923444077,2.6762703486785906,-119.15193178102584
155.77453616010186,68.60662233081467,0.9999999999999999,-23.110561959833074,2.681648947846064,-119.18364331403825
155.7925794152745,68.59904384187752,1.0,-23.109306564498194,2.6870213202052238,-119.21534960746116
155.81060991370353,68.59146322297917,1.0,-23.108049741203576,2.692387469507832,-119.24705065716176
155.82862766516214,68.58388047629516,1.0,-23.106791493705547,2.6977473995058325,-119.27874645900721
155.84663267941954,68.57629560399849,1.0,-23.105531825752642,2.703101113951247,-119.31043700886474
155.8646249662409,68.56870860825973,0.9999999999999999,-23.104270741085614,2.7084486165962147,-119.34212230260145
155.88260453538743,68.56111949124694,0.9999999999999999,-23.103008243437415,2.713789911193029,-119.37380233608465
155.90057139661624,68.5535282551258,1.0000000000000002,-23.101744336533265,2.7191250014940227,-119.40547710518155
155.9185255596805,68.54593490205939,1.0,-23.100479024090617,2.724453891251608,-119.43714660575922
155.93646703432916,68.5383394342085,0.9999999999999999,-23.09921230981919,2.7297765842182855,-119.46881083368496
155.95439583030722,68.53074185373131,1.0000000000000002,-23.097944197420954,2.7350930841466,-119.50046978482592
155.97231195735557,68.52314216278361,1.0,-23.096674690590216,2.7404033947891175,-119.53212345504927
155.99021542521095,68.51554036351877,0.9999999999999999,-23.09540379301353,2.745707519898433,-119.56377184022229
156.00810624360602,68.50793645808766,1.0,-23.094131508369756,2.7510054632271768,-119.59541493621207
156.0259844222693,68.50033044863866,1.0,-23.09285784033011,2.756297228527961,-119.6270527388859
156.04384997092512,68.49272233731783,1.0,-23.0915827925581,2.7615828195533805,-119.65868524411088
156.06170289929375,68.48511212626865,1.0,-23.090306368709598,2.7668622400560228,-119.69031244775434
156.07954321709113,68.47749981763224,0.9999999999999999,-23.089028572432852,2.7721354937884044,-119.72193434568331
156.0973709340292,68.46988541354725,1.0,-23.087749407368406,2.7774025845030312,-119.75355093376511
156.1151860598155,68.46226891614992,1.0,-23.08646887714925,2.782663515952329,-119.78516220786683
156.13298860415355,68.45465032757399,0.9999999999999999,-23.085186985400732,2.787918291888648,-119.81676816385576
156.15077857674248,68.44702964995084,1.0,-23.0839037357406,2.793166916064253,-119.84836879759901
156.16855598727724,68.43940688540935,0.9999999999999999,-23.082619131779026,2.7984093922313047,-119.87996410496386
156.18632084544856,68.43178203607606,1.0,-23.0813331771186,2.8036457241418677,-119.91155408181748
156.20407316094284,68.42415510407497,0.9999999999999999,-23.080045875354358,2.8088759155478726,-119.94313872402704
156.2218129434422,68.41652609152776,0.9999999999999999,-23.078757230073748,2.8140999702011023,-119.97471802745973
156.23954020262448,68.40889500055361,1.0,-23.077467244856713,2.819317891853217,-120.00629198798278
156.25725494816322,68.40126183326932,1.0,-23.076175923275663,2.8245296842556993,-120.03786060146332
156.27495718972762,68.39362659178926,1.0,-23.074883268895476,2.829735351159858,-120.06942386376863
156.29264693698255,68.38598927822538,0.9999999999999999,-23.073589285273528,2.8349348963168346,-120.10098177076583
156.31032419958854,68.37834989468725,1.0,-23.072293975959703,2.840128323477577,-120.13253431832212
156.32798898720173,68.37070844328196,1.0,-23.07099734449639,2.8453156363928045,-120.16408150230478
156.34564130947388,68.36306492611426,0.9999999999999999,-23.069699394418535,2.850496838813017,-120.19562331858087
156.36328117605242,68.35541934528645,1.0,-23.068400129253597,2.8556719344885213,-120.22715976301771
156.3809085965803,68.34777170289843,1.0,-23.06709955252159,2.860840927169324,-120.25869083148243
156.39852358069612,68.34012200104772,1.0,-23.06579766773511,2.866003820605238,-120.2902165198422
156.416126138034,68.33247024182943,1.0,-23.06449447839931,2.871160618545778,-120.32173682396434
156.4337162782236,68.32481642733624,1.0,-23.063189988011935,2.876311324740165,-120.35325173971589
156.45129401089034,68.3171605596585,1.0,-23.061884200063325,2.8814559429373787,-120.3847612629641
156.46885934565486,68.3095026408841,1.0,-23.06057711803642,2.886594476886069,-120.41626538957621
156.48641229213348,68.30184267309856,1.0,-23.059268745406825,2.8917269303345563,-120.44776411541935
156.50395285993807,68.29418065838505,1.0,-23.057959085642707,2.89685330703087,-120.47925743636074
156.52148105867593,68.28651659882428,1.0,-23.056648142204953,2.9019736107227114,-120.51074534826758
156.5389968979499,68.27885049649463,1.0,-23.055335918547048,2.9070878451574114,-120.54222784700711
156.5565003873582,68.2711823534721,1.0,-23.05402241811516,2.912196014081955,-120.57370492844642
156.57399153649456,68.26351217183027,1.0,-23.052707644348157,2.9172981212429363,-120.60517658845274
156.59147035494826,68.25583995364035,1.0,-23.05139160067758,2.9223941703866387,-120.63664282289338
156.60893685230386,68.24816570097123,1.0,-23.05007429052766,2.9274841652588712,-120.66810362763533
156.62639103814143,68.24048941588934,1.0,-23.048755717315366,2.932568109605091,-120.69955899854591
156.6438329220364,68.23281110045883,0.9999999999999999,-23.04743588445039,2.937646007170331,-120.73100893149235
156.6612625135597,68.22513075674138,1.0,-23.04611479533513,2.9427178616992133,-120.76245342234175
