galstreams/tracks/track.st.Jhelum.ibata2021.ecsv
# %ECSV 0.9
# ---
# datatype:
# - {name: ra, unit: deg, datatype: float64}
# - {name: dec, unit: deg, datatype: float64}
# - {name: distance, unit: kpc, datatype: float64}
# - {name: pm_ra_cosdec, unit: mas / yr, datatype: float64}
# - {name: pm_dec, unit: mas / yr, datatype: float64}
# - {name: radial_velocity, unit: km / s, datatype: float64}
# delimiter: ','
# meta: !!omap
# - __serialized_columns__:
#     dec:
#       __class__: astropy.coordinates.angles.Latitude
#       unit: &id001 !astropy.units.Unit {unit: deg}
#       value: !astropy.table.SerializedColumn {name: dec}
#     distance:
#       __class__: astropy.coordinates.distances.Distance
#       unit: !astropy.units.Unit {unit: kpc}
#       value: !astropy.table.SerializedColumn {name: distance}
#     pm_dec:
#       __class__: astropy.units.quantity.Quantity
#       unit: !astropy.units.Unit {unit: mas / yr}
#       value: !astropy.table.SerializedColumn {name: pm_dec}
#     pm_ra_cosdec:
#       __class__: astropy.units.quantity.Quantity
#       unit: !astropy.units.Unit {unit: mas / yr}
#       value: !astropy.table.SerializedColumn {name: pm_ra_cosdec}
#     ra:
#       __class__: astropy.coordinates.angles.Longitude
#       unit: *id001
#       value: !astropy.table.SerializedColumn {name: ra}
#       wrap_angle: !astropy.coordinates.Angle
#         unit: *id001
#         value: 360.0
#     radial_velocity:
#       __class__: astropy.units.quantity.Quantity
#       unit: !astropy.units.Unit {unit: km / s}
#       value: !astropy.table.SerializedColumn {name: radial_velocity}
# schema: astropy-2.0
ra,dec,distance,pm_ra_cosdec,pm_dec,radial_velocity
[from data line 2629]
329.3190183023242,-49.14284772662949,11.165398618435226,5.411162091848578,-6.17755989496413,-1.0104920555846805e-13
329.3046991169892,-49.13916472661565,11.16554645725459,5.410301554274596,-6.178153454206342,-3.368306851948935e-14
329.29038254544406,-49.13547888982066,11.16569287335741,5.40944234499488,-6.178746628461951,-6.73661370389787e-14
329.27606858923826,-49.13179021627663,11.165837865093884,5.408584465311327,-6.179339418632825,-3.368306851948935e-14
329.26175724992004,-49.12809870601599,11.165981430814199,5.407727916525209,-6.179931825621551,-2.020984111169361e-13
329.2474485290366,-49.1244043590716,11.166123568868557,5.406872699937191,-6.18052385033141,-1.0104920555846805e-13
329.2331424281339,-49.12070717547661,11.166264277607146,5.406018816847314,-6.181115493666411,-6.73661370389787e-14
329.21883894875685,-49.1170071552646,11.166403555380162,5.405166268555007,-6.181706756531257,-1.0104920555846805e-13
329.2045380924493,-49.11330429846947,11.166541400537799,5.404315056359096,-6.182297639831354,-1.347322740779574e-13
329.1902398607537,-49.10959860512555,11.166677811430247,5.403465181557764,-6.1828881444728285,-1.347322740779574e-13
329.17594425521173,-49.10589007526743,11.166812786407704,5.402616645448611,-6.18347827136249,-1.0104920555846805e-13
329.1616512773637,-49.102178708930154,11.166946323820362,5.401769449328591,-6.184068021407866,-1.347322740779574e-13
329.147360928749,-49.09846450614909,11.167078422018415,5.400923594494078,-6.184657395517174,-3.368306851948935e-14
329.1330732109054,-49.09474746695997,11.167209079352059,5.400079082240778,-6.18524639459935,-1.6841534259744677e-13
329.1187881253702,-49.09102759139891,11.167338294171483,5.3992359138638335,-6.18583501956401,-2.020984111169361e-13
329.10450567367917,-49.087304879502355,11.167466064826883,5.39839409065774,-6.186423271321478,-1.6841534259744677e-13
329.09022585736693,-49.083579331307156,11.167592389668453,5.397553613916388,-6.187011150782778,-1.0104920555846805e-13
329.0759486779671,-49.07985094685048,11.167717267046388,5.396714484933037,-6.187598658859629,-1.347322740779574e-13
329.0616741370122,-49.07611972616987,11.167840695310879,5.395876705000347,-6.1881857964644436,-2.020984111169361e-13
329.04740223603346,-49.072385669303245,11.167962672812118,5.395040275410355,-6.18877256451033,-1.0104920555846805e-13
329.033132976561,-49.06864877628888,11.168083197900305,5.394205197454466,-6.1893589639110935,-1.347322740779574e-13
329.0188663601239,-49.0649090471654,11.168202268925626,5.3933714724234925,-6.189944995581228,-1.347322740779574e-13
329.0046023882501,-49.06116648197178,11.168319884238285,5.392539101607605,-6.190530660435921,-1.347322740779574e-13
328.9903410624663,-49.05742108074738,11.16843604218846,5.391708086296379,-6.1911159593910545,-6.73661370389787e-14
328.976082384298,-49.053672843531906,11.168550741126364,5.390878427778744,-6.191700893363194,-1.6841534259744677e-13
328.96182635527,-49.04992177036543,11.168663979402172,5.39005012734304,-6.192285463269599,-3.368306851948935e-14
328.9475729769053,-49.04616786128834,11.168775755366093,5.389223186276966,-6.192869670028212,-3.368306851948935e-14
328.93332225072623,-49.04241111634145,11.168886067368312,5.388397605867615,-6.193453514557669,0.0
328.9190741782538,-49.03865153556588,11.168994913759022,5.387573387401453,-6.194036997777291,-6.73661370389787e-14
328.904828761008,-49.034889119003125,11.169102292888423,5.386750532164332,-6.194620120607075,-3.368306851948935e-14
328.8905860005074,-49.031123866695054,11.169208203106704,5.385929041441487,-6.195202883967717,3.368306851948935e-14
328.87634589826985,-49.02735577868385,11.16931264276406,5.385108916517523,-6.195785288780586,-6.73661370389787e-14
328.86210845581166,-49.023584855012075,11.169415610210685,5.384290158676433,-6.196367335967731,-6.73661370389787e-14
328.84787367464816,-49.01981109572266,11.16951710379677,5.38347276920159,-6.196949026451892,-1.0104920555846805e-13
328.8336415562936,-49.016034500858865,11.16961712187251,5.382656749375749,-6.197530361156479,-2.020984111169361e-13
328.8194121022611,-49.01225507046433,11.169715662788105,5.381842100481036,-6.198111341005587,-1.0104920555846805e-13
328.8051853140623,-49.008472804583,11.169812724893735,5.381028823798967,-6.198691966923988,-6.73661370389787e-14
328.7909611932082,-49.00468770325924,11.169908306539607,5.380216920610426,-6.199272239837132,-3.368306851948935e-14
328.77673974120813,-49.00089976653774,11.17000240607591,5.379406392195684,-6.199852160671146,-1.6841534259744677e-13
328.76252095957074,-48.99710899446351,11.170095021852836,5.378597239834399,-6.200431730352822,-3.368306851948935e-14
328.7483048498032,-48.993315387081964,11.170186152220579,5.377789464805583,-6.201010949809646,-1.347322740779574e-13
328.7340914134117,-48.98951894443884,11.170275795529335,5.376983068387654,-6.201589819969758,-6.73661370389787e-14
328.71988065190124,-48.98571966658023,11.170363950129293,5.376178051858391,-6.202168341761987,-1.347322740779574e-13
328.70567256677566,-48.98191755355258,11.170450614370653,5.37537441649496,-6.202746516115813,-3.368306851948935e-14
328.6914671595376,-48.978112605402686,11.170535786603605,5.3745721635739026,-6.203324343961404,0.0
328.6772644316885,-48.974304822177686,11.170619465178348,5.373771294371126,-6.203901826229593,-1.347322740779574e-13
328.66306438472895,-48.97049420392509,11.170701648445062,5.372971810161951,-6.20447896385188,-1.347322740779574e-13
328.6488670201581,-48.96668075069275,11.170782334753955,5.372173712221036,-6.205055757760421,-1.0104920555846805e-13
328.6346723394739,-48.96286446252885,11.170861522455214,5.371377001822443,-6.205632208888062,-3.368306851948935e-14
328.6204803441735,-48.959045339481925,11.170939209899034,5.370581680239591,-6.206208318168297,-3.368306851948935e-14
328.60629103575235,-48.955223381600874,11.171015395435605,5.369787748745298,-6.20678408653529,-6.73661370389787e-14
328.59210441570525,-48.95139858893496,11.17109007741513,5.368995208611736,-6.207359514923864,-1.347322740779574e-13
328.5779204855257,-48.94757096153374,11.171163254187793,5.368204061110483,-6.207934604269511,-6.73661370389787e-14
328.5637392467058,-48.94374049944716,11.171234924103796,5.367414307512465,-6.208509355508378,0.0
328.5495607007367,-48.9399072027255,11.171305085513325,5.366625949088005,-6.2090837695772825,-2.020984111169361e-13
328.53538484910854,-48.93607107141939,11.17137373676658,5.36583898710679,-6.209657847413682,-3.368306851948935e-14
328.52121169330997,-48.932232105579814,11.17144087621375,5.365053422837889,-6.210231589955718,-6.73661370389787e-14
328.5070412348287,-48.92839030525808,11.171506502205029,5.364269257549746,-6.210804998142175,-2.020984111169361e-13
328.4928734751512,-48.92454567050585,11.17157061309061,5.363486492510186,-6.211378072912487,-1.6841534259744677e-13
328.47870841576287,-48.92069820137513,11.171633207220692,5.362705128986406,-6.2119508152067535,-1.0104920555846805e-13
328.46454605814773,-48.9168478979183,11.171694282945468,5.361925168244966,-6.212523225965732,0.0
328.4503864037889,-48.91299476018803,11.171753838615123,5.3611466115518285,-6.213095306130831,-1.347322740779574e-13
328.4362294541682,-48.909138788237364,11.17181187257986,5.360369460172314,-6.213667056644101,-6.73661370389787e-14
328.4220752107662,-48.90527998211969,11.171868383189869,5.3595937153711155,-6.2142384784482605,-1.0104920555846805e-13
328.40792367506253,-48.901418341888736,11.171923368795344,5.358819378412308,-6.214809572486665,-2.020984111169361e-13
328.39377484853554,-48.89755386759859,11.17197682774648,5.358046450559352,-6.215380339703321,-3.368306851948935e-14
328.37962873266235,-48.89368655930362,11.172028758393465,5.357274933075061,-6.215950781042899,-1.0104920555846805e-13
328.36548532891896,-48.889816417058604,11.172079159086504,5.356504827221636,-6.216520897450696,-1.6841534259744677e-13
328.3513446387803,-48.88594344091865,11.17212802817578,5.355736134260654,-6.217090689872666,-6.73661370389787e-14
328.33720666371994,-48.88206763093914,11.172175364011489,5.35496885545307,-6.217660159255413,-1.6841534259744677e-13
328.3230714052105,-48.878188987175925,11.172221164943828,5.354202992059193,-6.218229306546176,-1.6841534259744677e-13
328.30893886472325,-48.87430750968505,11.172265429322989,5.353438545338726,-6.218798132692845,-1.6841534259744677e-13
328.29480904372843,-48.870423198523014,11.172308155499165,5.352675516550752,-6.219366638643946,-1.0104920555846805e-13
328.280681943695,-48.86653605374659,11.17234934182255,5.351913906953702,-6.2199348253486555,-1.0104920555846805e-13
328.26655756609085,-48.862646075412904,11.17238898664334,5.351153717805403,-6.2205026937567816,-1.0104920555846805e-13
328.25243591238257,-48.85875326357943,11.172427088311723,5.3503949503630555,-6.221070244818777,-3.368306851948935e-14
328.2383169840357,-48.854857618303996,11.1724636451779,5.349637605883208,-6.221637479485736,-1.347322740779574e-13
328.2242007825146,-48.850959139644715,11.172498655592056,5.348881685621826,-6.222204398709383,-1.347322740779574e-13
328.2100873092823,-48.84705782766008,11.172532117904398,5.348127190834202,-6.222771003442086,-1.347322740779574e-13
328.1959765658009,-48.84315368240892,11.172564030465102,5.347374122775039,-6.223337294636842,-1.0104920555846805e-13
328.18186855353116,-48.83924670395038,11.172594391624374,5.3466224826983995,-6.223903273247292,-3.368306851948935e-14
328.1677632739327,-48.83533689234394,11.172623199732405,5.345872271857703,-6.224468940227705,-1.347322740779574e-13
328.15366072846405,-48.83142424764945,11.17265045313939,5.345123491505771,-6.225034296532977,-3.368306851948935e-14
328.1395609185824,-48.827508769927064,11.172676150195517,5.34437614289478,-6.225599343118647,3.368306851948935e-14
328.12546384574387,-48.823590459237266,11.172700289250987,5.343630227276284,-6.226164080940884,-6.73661370389787e-14
328.11136951140344,-48.819669315640894,11.172722868655988,5.342885745901206,-6.226728510956476,-1.347322740779574e-13
328.09727791701494,-48.815745339199104,11.172743886760719,5.342142700019855,-6.227292634122846,-6.73661370389787e-14
328.08318906403076,-48.811818529973394,11.172763341915367,5.341401090881886,-6.227856451398055,-1.6841534259744677e-13
328.0691029539024,-48.80788888802561,11.172781232470133,5.340660919736355,-6.228419963740771,-6.73661370389787e-14
328.0550195880801,-48.80395641341789,11.172797556775206,5.339922187831672,-6.228983172110304,-3.368306851948935e-14
328.0409389680129,-48.80002110621275,11.17281231318078,5.339184896415628,-6.229546077466583,0.0
328.02686109514866,-48.796082966472994,11.17282550003705,5.338449046735381,-6.230108680770161,3.368306851948935e-14
328.012785970934,-48.79214199426179,11.172837115694206,5.337714640037465,-6.230670982982218,-1.6841534259744677e-13
327.9987135968145,-48.78819818964263,11.172847158502446,5.336981677567778,-6.231232985064542,-1.347322740779574e-13
327.98464397423453,-48.784251552679336,11.172855626811966,5.336250160571608,-6.231794687979557,-3.368306851948935e-14
327.9705771046372,-48.780302083436034,11.172862518972952,5.335520090293592,-6.232356092690308,-6.73661370389787e-14
327.9565129894644,-48.77634978197724,11.172867833335603,5.334791467977751,-6.232917200160445,-1.0104920555846805e-13
327.94245163015694,-48.77239464836772,11.17287156825011,5.334064294867477,-6.23347801135425,0.0
327.92839302815446,-48.76843668267265,11.172873722066672,5.333338572205526,-6.234038527236612,-3.368306851948935e-14
327.9143371848954,-48.76447588495746,11.172874293135477,5.332614301234045,-6.234598748773044,0.0
327.9002841018169,-48.760512255287956,11.172873279806721,5.331891483194518,-6.235158676929666,-1.0104920555846805e-13
327.8862337803551,-48.756545793730275,11.172870680430595,5.3311701193278385,-6.235718312673221,-3.368306851948935e-14
327.8721862219448,-48.752576500350834,11.172866493357295,5.330450210874241,-6.236277656971055,-1.0104920555846805e-13
327.8581414280197,-48.74860437521644,11.172860716937015,5.329731759073341,-6.236836710791137,-1.6841534259744677e-13
327.84409940001234,-48.74462941839417,11.172853349519949,5.32901476516414,-6.237395475102035,-3.368306851948935e-14
327.8300601393539,-48.74065162995146,11.172844389456287,5.328299230384989,-6.2379539508729405,3.368306851948935e-14
327.81602364747465,-48.73667100995607,11.17283383509623,5.327585155973608,-6.238512139073643,3.368306851948935e-14
327.80198992580347,-48.73268755847605,11.172821684789962,5.326872543167109,-6.239070040674548,-3.368306851948935e-14
327.78795897576805,-48.728701275579844,11.172807936887688,5.326161393201959,-6.239627656646661,3.368306851948935e-14
327.773930798795,-48.72471216133614,11.172792589739592,5.325451707313995,-6.2401849879616,-1.347322740779574e-13
327.75990539630965,-48.720720215814005,11.17277564169587,5.324743486738431,-6.240742035591582,-1.347322740779574e-13
327.7458827697362,-48.71672543908283,11.172757091106718,5.324036732709846,-6.241298800509437,-1.0104920555846805e-13
327.73186292049775,-48.712727831212284,11.172736936322329,5.3233314464622,-6.241855283688586,-1.347322740779574e-13
327.717845850016,-48.7087273922724,11.172715175692895,5.322627629228801,-6.2424114861030615,-1.0104920555846805e-13
327.7038315597115,-48.70472412233353,11.172691807568613,5.321925282242343,-6.2429674087274964,3.368306851948935e-14
327.6898200510038,-48.700718021466315,11.172666830299676,5.321224406734896,-6.243523052537122,-6.73661370389787e-14
327.675811325311,-48.69670908974176,11.172640242236271,5.320525003937881,-6.244078418507772,0.0
327.6618053840502,-48.692697327231166,11.1726120417286,5.319827075082101,-6.244633507615871,-1.6841534259744677e-13
327.64780222863726,-48.688682734006164,11.172582227126853,5.319130621397731,-6.245188320838446,-1.0104920555846805e-13
327.63380186048676,-48.68466531013869,11.172550796781227,5.318435644114303,-6.24574285915312,-1.347322740779574e-13
327.6198042810123,-48.68064505570103,11.172517749041909,5.317742144460737,-6.246297123538113,-6.73661370389787e-14
327.605809491626,-48.676621970765744,11.1724830822591,5.317050123665302,-6.246851114972232,-6.73661370389787e-14
327.5918174937391,-48.67259605540576,11.172446794782987,5.3163595829556565,-6.247404834434888,0.0
327.5778282887613,-48.6685673096943,11.17240888496377,5.315670523558803,-6.24795828290608,0.0
327.5638418781013,-48.66453573370489,11.172369351151637,5.314982946701143,-6.248511461366396,-1.0104920555846805e-13
327.5498582631667,-48.66050132751141,11.172328191696787,5.314296853608424,-6.24906437079701,0.0
327.5358774453637,-48.656464091188035,11.17228540494941,5.313612245505775,-6.2496170121797014,-3.368306851948935e-14
327.52189942609743,-48.65242402480926,11.172240989259702,5.312929123617688,-6.250169386496818,0.0
327.50792420677175,-48.64838112844987,11.17219494297785,5.312247489168029,-6.250721494731315,-6.73661370389787e-14
327.49395178878945,-48.644335402185035,11.17214726445406,5.311567343380029,-6.251273337866714,3.368306851948935e-14
327.4799821735519,-48.640286846090156,11.172097952038515,5.310888687476288,-6.251824916887138,0.0
327.4660153624595,-48.63623546024102,11.172047004081413,5.310211522678771,-6.25237623277729,-1.347322740779574e-13
327.4520513569113,-48.632181244713685,11.171994418932945,5.309535850208831,-6.25292728652245,-1.0104920555846805e-13
327.4380901583052,-48.628124199584555,11.171940194943309,5.3088616712871595,-6.253478079108486,-1.347322740779574e-13
327.424131768038,-48.624064324930316,11.171884330462698,5.308188987133841,-6.254028611521852,-6.73661370389787e-14
