galstreams/tracks/track.st.Gaia-6.ibata2024.ecsv
# %ECSV 1.0
# ---
# datatype:
# - {name: ra, unit: deg, datatype: float64}
# - {name: dec, unit: deg, datatype: float64}
# - {name: distance, unit: kpc, datatype: float64}
# - {name: pm_ra_cosdec, unit: mas / yr, datatype: float64}
# - {name: pm_dec, unit: mas / yr, datatype: float64}
# - {name: radial_velocity, unit: km / s, datatype: float64}
# delimiter: ','
# meta: !!omap
# - __serialized_columns__:
#     dec:
#       __class__: astropy.coordinates.angles.Latitude
#       unit: &id001 !astropy.units.Unit {unit: deg}
#       value: !astropy.table.SerializedColumn {name: dec}
#     distance:
#       __class__: astropy.coordinates.distances.Distance
#       unit: !astropy.units.Unit {unit: kpc}
#       value: !astropy.table.SerializedColumn {name: distance}
#     pm_dec:
#       __class__: astropy.units.quantity.Quantity
#       unit: !astropy.units.Unit {unit: mas / yr}
#       value: !astropy.table.SerializedColumn {name: pm_dec}
#     pm_ra_cosdec:
#       __class__: astropy.units.quantity.Quantity
#       unit: !astropy.units.Unit {unit: mas / yr}
#       value: !astropy.table.SerializedColumn {name: pm_ra_cosdec}
#     ra:
#       __class__: astropy.coordinates.angles.Longitude
#       unit: *id001
#       value: !astropy.table.SerializedColumn {name: ra}
#       wrap_angle: !astropy.coordinates.Angle
#         unit: *id001
#         value: 360.0
#     radial_velocity:
#       __class__: astropy.units.quantity.Quantity
#       unit: !astropy.units.Unit {unit: km / s}
#       value: !astropy.table.SerializedColumn {name: radial_velocity}
# schema: astropy-2.0
ra,dec,distance,pm_ra_cosdec,pm_dec,radial_velocity
[from data line 1141]
214.78636038345866,33.32044787564453,1.0000000000000002,-8.162690290679567,-7.661032871172726,-267.24254539578834
214.7961520066357,33.32617321527632,1.0000000000000002,-8.162128688657795,-7.658845096219963,-267.37213236754275
214.80594466448483,33.33189808794134,1.0000000000000004,-8.161567126658195,-7.656656956739415,-267.5017746867746
214.81573835409904,33.33762249729901,1.0000000000000002,-8.161005602366128,-7.6544684508674266,-267.6314709142639
214.82553307257228,33.34334644700972,1.0000000000000002,-8.160444113466209,-7.652279576741069,-267.7612196107914
214.83532881699938,33.349069940734836,1.0000000000000002,-8.159882657642434,-7.650090332498159,-267.89101933713687
214.84512558447608,33.354792982136665,1.0000000000000002,-8.159321232578101,-7.647900716277288,-268.0208686540809
214.85492337209902,33.36051557487853,1.0000000000000002,-8.158759835955834,-7.645710726217725,-268.1507661224036
214.86472217696573,33.36623772262466,1.0000000000000002,-8.158198465457602,-7.6435203604595685,-268.28071030288515
214.87452199617462,33.37195942904032,1.0000000000000002,-8.157637118764708,-7.641329617143601,-268.4106997563059
214.88432282682504,33.377680697791675,1.0000000000000002,-8.157075793557759,-7.639138494411377,-268.5407330434459
214.89412466601726,33.383401532545925,1.0,-8.156514487516713,-7.6369469904052,-268.67080872508564
214.90392751085244,33.38912193697118,1.0000000000000002,-8.155953198320827,-7.634755103268095,-268.8009253620053
214.9137313584326,33.39484191473656,1.0000000000000004,-8.155391923648743,-7.632562831143872,-268.93108151498495
214.92353620586076,33.40056146951214,1.0000000000000002,-8.154830661178384,-7.630370172177056,-269.0612757448051
214.9333420502408,33.406280604968956,1.0000000000000002,-8.154269408586991,-7.628177124512966,-269.19150661224563
214.9431488886775,33.411999324779046,1.0000000000000002,-8.153708163551187,-7.625983686297584,-269.32177267808714
214.9529567182766,33.417717632615364,1.0000000000000002,-8.153146923746878,-7.623789855677753,-269.45207250310983
214.96276553614464,33.423435532151885,1.0000000000000002,-8.152585686849381,-7.621595630800986,-269.58240464809376
214.97257533938932,33.42915302706354,1.0,-8.152024450533197,-7.619401009815547,-269.7127676738192
214.982386125119,33.43487012102622,1.0,-8.15146321247228,-7.617205990870502,-269.84316014106656
214.99219789044312,33.4405868177168,1.0000000000000002,-8.150901970339856,-7.615010572115644,-269.97358061061595
215.00201063247198,33.44630312081312,1.0000000000000002,-8.150340721808515,-7.6128147517014995,-270.1040276432477
215.01182434831676,33.452019033994,1.0000000000000002,-8.149779464550175,-7.610618527779369,-270.23449979974185
215.0216390350897,33.45773456093924,1.0,-8.14921819623606,-7.608421898501263,-270.3649956408789
215.03145468990382,33.46344970532956,1.0000000000000002,-8.148656914536726,-7.606224862020028,-270.49551372743883
215.0412713098732,33.46916447084672,1.0000000000000002,-8.148095617122063,-7.604027416489188,-270.6260526202022
215.05108889211272,33.474878861173444,1.0000000000000002,-8.14753430166133,-7.601829560063045,-270.756610879949
215.06090743373832,33.480592879993374,1.0000000000000002,-8.146972965823032,-7.599631290896678,-270.8871870674596
215.07072693186677,33.486306530991186,1.0000000000000004,-8.146411607275095,-7.5974326071458655,-271.01777974351415
215.08054738361582,33.4920198178525,1.0000000000000002,-8.145850223684736,-7.595233506967219,-271.14838746889296
215.09036878610414,33.49773274426393,1.0000000000000002,-8.145288812718494,-7.593033988518023,-271.27900880437625
215.10019113645134,33.503445313913026,1.0,-8.144727372042247,-7.590834049956378,-271.40964231074423
215.11001443177798,33.50915753048838,1.0000000000000002,-8.144165899321209,-7.588633689441078,-271.54028654877726
215.11983866920556,33.514869397679476,1.0000000000000002,-8.143604392219931,-7.58643290513178,-271.67094007925544
215.12966384585653,33.520580919176844,1.0000000000000002,-8.143042848402274,-7.584231695188784,-271.80160146295907
215.1394899588542,33.52629209867195,1.0000000000000002,-8.142481265531458,-7.5820300577732205,-271.93226926066836
215.14931700532298,33.53200293985724,1.0000000000000002,-8.141919641269997,-7.579827991046933,-272.06294203316367
215.15914498238806,33.53771344642616,1.0000000000000004,-8.141357973279785,-7.577625493172565,-272.1936183412252
215.1689738871757,33.54342362207311,1.0000000000000002,-8.140796259221997,-7.575422562313474,-272.324296745633
215.17880371681304,33.54913347049346,1.0000000000000002,-8.14023449675718,-7.573219196633815,-272.45497580716756
215.1886344684282,33.55484299538358,1.0000000000000002,-8.139672683545196,-7.57101539429847,-272.585654086609
215.1984661391502,33.56055220044079,1.0000000000000004,-8.139110817245236,-7.568811153473142,-272.7163301447376
215.20829872610918,33.56626108936344,1.0000000000000002,-8.138548895515832,-7.566606472324196,-272.84700254233366
215.21813222643596,33.57196966585078,1.0000000000000002,-8.137986916014842,-7.564401349018837,-272.97766984017727
215.22796663726254,33.5776779336031,1.0000000000000002,-8.137424876399468,-7.562195781725013,-273.1083305990488
215.2378019557218,33.583385896321644,1.0000000000000002,-8.136862774326236,-7.559989768611416,-273.2389833797283
215.2476381789476,33.589093557708644,1.0000000000000002,-8.13630060745097,-7.557783307847508,-273.36962674299633
215.2574753040747,33.59480092146729,1.0000000000000002,-8.135738373428904,-7.5555763976035095,-273.50025924963296
215.26731332823888,33.60050799130177,1.0000000000000002,-8.135176069914518,-7.553369036050434,-273.63087946041844
215.27715224857684,33.60621477091724,1.0000000000000002,-8.134613694561722,-7.551161221360022,-273.761485936133
215.28699206222632,33.61192126401985,1.0000000000000002,-8.134051245023667,-7.548952951704795,-273.89207723755686
215.29683276632593,33.61762747431671,1.0000000000000002,-8.13348871895288,-7.546744225258028,-274.0226519254703
215.30667435801533,33.62333340551593,1.0000000000000002,-8.132926114001219,-7.544535040193775,-274.15320856065364
215.31651683443508,33.62903906132658,1.0000000000000002,-8.132363427819893,-7.542325394686831,-274.2837457038869
215.3263601927268,33.63474444545875,1.0000000000000002,-8.131800658059376,-7.540115286912755,-274.4142619159506
215.33620443003295,33.64044956162344,1.0000000000000002,-8.13123780236959,-7.537904715047926,-274.5447557576248
215.34604954349706,33.646154413532685,1.0000000000000002,-8.130674858399669,-7.535693677269432,-274.67522578968976
215.3558955302636,33.65185900489949,1.0,-8.130111823798178,-7.533482171755164,-274.80567057292575
215.36574238747806,33.65756333943784,1.0000000000000002,-8.129548696212957,-7.531270196683746,-274.9360886681131
215.37559011228686,33.66326742086271,1.0000000000000002,-8.128985473291177,-7.529057750234561,-275.06647863603183
215.3854387018374,33.66897125289002,1.0000000000000002,-8.12842215267941,-7.526844830587837,-275.1968390374623
215.39528815327807,33.67467483923673,1.0000000000000002,-8.127858732023487,-7.524631435924459,-275.3271684331849
215.40513846375822,33.68037818362072,1.0000000000000002,-8.127295208968615,-7.5224175644261955,-275.4574653839797
215.41498963042827,33.686081289760885,1.0000000000000002,-8.126731581159305,-7.52020321427549,-275.58772845062697
215.4248416504395,33.69178416137712,1.0000000000000002,-8.126167846239458,-7.517988383655592,-275.717956193907
215.43469452094428,33.697486802190284,1.0000000000000002,-8.125604001852253,-7.515773070750527,-275.8481471746
215.4445482390959,33.703189215922194,1.0000000000000002,-8.125040045640212,-7.513557273745093,-275.9782999534862
215.45440280204863,33.70889140629569,1.0000000000000002,-8.124475975245232,-7.511340990824834,-276.10841309134594
215.4642582069578,33.714593377034575,1.0000000000000002,-8.123911788308504,-7.509124220176098,-276.2384851489593
215.4741144509797,33.72029513186364,1.0000000000000002,-8.123347482470564,-7.506906959985969,-276.36851468710665
215.48397153127155,33.72599667450864,1.0000000000000002,-8.122783055371322,-7.504689208442336,-276.49850026656804
215.49382944499166,33.73169800869637,1.0000000000000002,-8.12221850464995,-7.5024709637338205,-276.628440448124
215.50368818929928,33.737399138154544,1.0000000000000002,-8.121653827945028,-7.500252224049866,-276.75833379255454
215.5135477613547,33.7431000666119,1.0000000000000002,-8.121089022894413,-7.498032987580647,-276.88817886064015
215.52340815831914,33.74880079779815,1.0,-8.12052408713534,-7.495813252517124,-277.01797421316076
215.53326937735488,33.75450133544398,1.0000000000000004,-8.119959018304371,-7.49359301705104,-277.14771841089686
215.54313141562517,33.7602016832811,1.0000000000000004,-8.119393814037394,-7.49137227937489,-277.2774100146285
215.55299427029422,33.76590184504213,1.0000000000000004,-8.11882847196966,-7.489151037681999,-277.4070475851362
215.5628579385274,33.77160182446077,1.0000000000000004,-8.11826298973568,-7.486929290166373,-277.5366296831999
215.5727224174909,33.77730162527161,1.0000000000000002,-8.117697364969434,-7.484707035022893,-277.6661548695999
215.58258770435205,33.783001251210315,1.0000000000000004,-8.117131595304087,-7.482484270447131,-277.7956217051167
215.5924537962791,33.78870070601347,1.0000000000000004,-8.116565678372261,-7.480260994635515,-277.92502875053026
215.60232069044133,33.794399993418686,1.0000000000000004,-8.115999611805869,-7.47803720578516,-278.0543745666208
215.61218838400907,33.80009911716453,1.0000000000000004,-8.115433393236167,-7.4758129020940345,-278.1836577141688
215.62205687415363,33.80579808099058,1.0000000000000004,-8.114867020293733,-7.473588081760852,-278.3128767539544
215.63192615804738,33.81149688863738,1.0000000000000004,-8.114300490608485,-7.471362742985093,-278.4420302467578
215.64179623286358,33.81719554384649,1.0000000000000007,-8.113733801809722,-7.469136883967032,-278.5711167533592
215.65166709577662,33.82289405036043,1.0000000000000004,-8.11316695152603,-7.46691050290773,-278.70013483453897
215.66153874396193,33.828592411922706,1.0000000000000004,-8.112599937385333,-7.464683598009017,-278.8290830510773
215.67141117459587,33.83429063227785,1.0000000000000004,-8.112032757014944,-7.462456167473466,-278.9579599637544
215.68128438485584,33.83998871517132,1.0000000000000004,-8.111465408041465,-7.4602282095045,-279.08676413335064
215.69115837192032,33.84568666434963,1.0000000000000002,-8.110897888090854,-7.457999722306269,-279.21549412064593
215.70103313296875,33.851384483560224,1.0000000000000004,-8.11033019478841,-7.455770704083712,-279.344148486421
215.7109086651816,33.85708217655157,1.0000000000000004,-8.109762325758783,-7.453541153042565,-279.4727257914557
215.7207849657404,33.86277974707311,1.0000000000000004,-8.109194278625932,-7.451311067389327,-279.60122459653036
215.7306620318277,33.86847719887528,1.0000000000000004,-8.108626051013157,-7.449080445331287,-279.7296434624254
215.74053986062705,33.8741745357095,1.0000000000000004,-8.10805764054314,-7.446849285076521,-279.8579809499208
215.75041844932304,33.879871761328175,1.0000000000000002,-8.10748904483788,-7.444617584833878,-279.986235619797
215.7602977951013,33.88556887948472,1.0000000000000007,-8.106920261518681,-7.44238534281299,-280.1144060328342
215.77017789514855,33.891265893933515,1.0000000000000004,-8.106351288206223,-7.44015255722427,-280.2424907498126
215.78005874665243,33.896962808429954,1.0000000000000004,-8.10578212252052,-7.437919226278925,-280.3704883315124
215.78994034680167,33.9026596267304,1.0000000000000004,-8.105212762080914,-7.435685348188912,-280.498397338714
215.79982269278605,33.9083563525922,1.0000000000000004,-8.10464320450615,-7.433450921167015,-280.6262163321976
215.8097057817964,33.91405298977371,1.0000000000000004,-8.104073447414201,-7.4312159434268,-280.7539438727432
215.8195896110245,33.91974954203427,1.0000000000000004,-8.103503488422472,-7.428980413182593,-280.88157852113136
215.8294741776633,33.92544601313421,1.0000000000000004,-8.102933325147681,-7.426744328649505,-281.00911883814223
215.83935947890666,33.93114240683487,1.0000000000000004,-8.10236295520587,-7.424507688043427,-281.13656338455587
215.84924551194965,33.93683872689854,1.0000000000000004,-8.101792376212444,-7.422270489581081,-281.2639107211528
215.8591322739882,33.94253497708853,1.0000000000000004,-8.101221585782149,-7.420032731479925,-281.39115940871295
215.86901976221938,33.94823116116912,1.0000000000000004,-8.100650581529042,-7.417794411958219,-281.518308008017
215.87890797384136,33.95392728290561,1.0000000000000004,-8.100079361066573,-7.415555529235043,-281.6453550798448
215.88879690605322,33.95962334606428,1.0000000000000002,-8.099507922007525,-7.413316081530191,-281.77229918497676
215.89868655605522,33.965319354412394,1.0000000000000004,-8.098936261963928,-7.41107606706429,-281.89913888419306
215.90857692104862,33.971015311718205,1.0000000000000004,-8.098364378547316,-7.408835484058791,-282.025872738274
215.91846799823568,33.97671122175096,1.0000000000000004,-8.09779226936843,-7.406594330735864,-282.15249930799985
215.9283597848198,33.982407088280915,1.0000000000000004,-8.09721993203744,-7.404352605318508,-282.27901715415084
215.93825227800542,33.98810291507932,1.0000000000000002,-8.096647364163776,-7.40211030603048,-282.40542483750704
215.948145474998,33.993798705918365,1.0000000000000004,-8.096074563356296,-7.3998674310963715,-282.53172091884875
215.95803937300406,33.999494464571285,1.0000000000000002,-8.095501527223156,-7.397623978741535,-282.6579039589564
215.9679339692312,34.00519019481232,1.0000000000000004,-8.094928253371858,-7.395379947192097,-282.7839725186102
215.97782926088811,34.010885900416646,1.0000000000000004,-8.094354739409237,-7.393135334675009,-282.9099251585903
215.98772524518446,34.01658158516047,1.0000000000000004,-8.093780982941531,-7.390890139417998,-283.0357604396769
215.9976219193311,34.022277252821,1.0000000000000004,-8.093206981574209,-7.388644359649582,-283.1614769226503
216.00751928053978,34.02797290717639,1.0000000000000004,-8.092632732912215,-7.386397993599054,-283.2870731682907
216.0174173260235,34.03366855200584,1.0000000000000004,-8.092058234559744,-7.384151039496551,-283.4125477373785
216.02731605299618,34.03936419108953,1.0000000000000004,-8.09148348412037,-7.381903495572914,-283.53789919069385
216.03721545867288,34.04505982820861,1.0000000000000004,-8.090908479197015,-7.379655360059878,-283.6631260890167
216.04711554026974,34.05075546714524,1.0000000000000004,-8.09033321739193,-7.377406631189896,-283.7882269931278
216.05701629500393,34.05645111168259,1.0000000000000004,-8.08975769630673,-7.375157307196243,-283.9132004638071
216.06691772009373,34.06214676560478,1.0000000000000004,-8.089181913542348,-7.372907386312988,-284.0380450618349
216.07681981275846,34.06784243269698,1.0000000000000004,-8.088605866699101,-7.370656866774983,-284.16275934799137
216.0867225702185,34.073538116745326,1.0000000000000002,-8.088029553376604,-7.36840574681786,-284.28734188305697
216.09662598969538,34.07923382153693,1.0000000000000004,-8.08745297117385,-7.366154024678117,-284.41179122781165
216.10653006841167,34.08492955085993,1.0000000000000004,-8.086876117689194,-7.363901698592954,-284.5361059430358
216.11643480359103,34.09062530850344,1.0000000000000002,-8.086298990520273,-7.361648766800414,-284.66028458950973
216.1263401924581,34.0963210982576,1.0000000000000004,-8.085721587264164,-7.359395227539345,-284.78432572801364
216.13624623223873,34.10201692391348,1.0000000000000004,-8.085143905517189,-7.357141079049377,-284.9082279193277
216.14615292015984,34.10771278926322,1.0000000000000004,-8.084565942875098,-7.354886319570905,-285.03198972423223
216.15606025344934,34.1134086980999,1.0000000000000004,-8.08398769693293,-7.352630947345183,-285.1556097035074
216.16596822933636,34.11910465421763,1.0000000000000004,-8.083409165285111,-7.350374960614211,-285.27908641793346
