galstreams/tracks/track.st.Svol.ibata2021.ecsv
# %ECSV 1.0
# ---
# datatype:
# - {name: ra, unit: deg, datatype: float64}
# - {name: dec, unit: deg, datatype: float64}
# - {name: distance, unit: kpc, datatype: float64}
# - {name: pm_ra_cosdec, unit: mas / yr, datatype: float64}
# - {name: pm_dec, unit: mas / yr, datatype: float64}
# - {name: radial_velocity, unit: km / s, datatype: float64}
# delimiter: ','
# meta: !!omap
# - __serialized_columns__:
#     dec:
#       __class__: astropy.coordinates.angles.Latitude
#       unit: &id001 !astropy.units.Unit {unit: deg}
#       value: !astropy.table.SerializedColumn {name: dec}
#     distance:
#       __class__: astropy.coordinates.distances.Distance
#       unit: !astropy.units.Unit {unit: kpc}
#       value: !astropy.table.SerializedColumn {name: distance}
#     pm_dec:
#       __class__: astropy.units.quantity.Quantity
#       unit: !astropy.units.Unit {unit: mas / yr}
#       value: !astropy.table.SerializedColumn {name: pm_dec}
#     pm_ra_cosdec:
#       __class__: astropy.units.quantity.Quantity
#       unit: !astropy.units.Unit {unit: mas / yr}
#       value: !astropy.table.SerializedColumn {name: pm_ra_cosdec}
#     ra:
#       __class__: astropy.coordinates.angles.Longitude
#       unit: *id001
#       value: !astropy.table.SerializedColumn {name: ra}
#       wrap_angle: !astropy.coordinates.Angle
#         unit: *id001
#         value: 360.0
#     radial_velocity:
#       __class__: astropy.units.quantity.Quantity
#       unit: !astropy.units.Unit {unit: km / s}
#       value: !astropy.table.SerializedColumn {name: radial_velocity}
# schema: astropy-2.0
ra,dec,distance,pm_ra_cosdec,pm_dec,radial_velocity
[from data line 1856]
241.39362291151966,26.255994774189254,6.98748503042018,2.925382333064449,-5.8110610961617,-53.086353286893136
241.40413044204422,26.252964221998262,6.986773507690666,2.926772766825542,-5.812600728888796,-52.94310877541627
241.41463732499406,26.249932627315054,6.986062320545234,2.9281631942858506,-5.814140646889703,-52.799815808083935
241.42514356096297,26.246899992257443,6.98535146895877,2.929553614805285,-5.815680849196979,-52.65647470691289
241.4356491505457,26.243866318943073,6.984640952906161,2.9309440277440286,-5.8172213348430075,-52.51308579391995
241.4461540943376,26.240831609489405,6.983930772362289,2.9323344324625475,-5.818762102860002,-52.369649391121776
241.45665839293486,26.237795866013677,6.983220927302046,2.9337248283215747,-5.820303152279996,-52.226165820535094
241.4671620469343,26.234759090632977,6.982511417700313,2.9351152146821233,-5.821844482134846,-52.082635404176806
241.47766505693366,26.231721285464197,6.981802243531981,2.9365055909054822,-5.823386091456232,-51.93905846406373
241.4881674235313,26.228682452624035,6.981093404771934,2.9378959563532128,-5.8249279792756665,-51.79543532221246
241.4986691473265,26.225642594228994,6.980384901395057,2.939286310387151,-5.8264701446244755,-51.65176630063977
241.50917022891915,26.222601712395416,6.979676733376237,2.94067665236941,-5.82801258653382,-51.50805172136245
241.51967066890984,26.21955980923943,6.978968900690362,2.9420669816623812,-5.829555304034674,-51.3642919063973
241.5301704679001,26.216516886876992,6.978261403312316,2.943457297628721,-5.831098296157855,-51.22048717776107
241.54066962649208,26.213472947423867,6.9775542412169855,2.9448475996313723,-5.832641561933986,-51.07663785747055
241.55116814528878,26.210427992995637,6.9768474143792565,2.946237887033544,-5.834185100393527,-50.93274426754241
241.56166602489387,26.20738202570768,6.976140922774018,2.9476281591987217,-5.835728910566765,-50.7888067299934
241.57216326591168,26.20433504767521,6.975434766376151,2.949018415490669,-5.837272991483803,-50.64482556684055
241.58265986894764,26.201287061013232,6.974728945160547,2.950408655273417,-5.83881734217458,-50.50080110010018
241.5931558346075,26.198238067836577,6.974023459102089,2.9517988779112816,-5.840361961668856,-50.35673365178942
241.60365116349806,26.195188070259874,6.9733183081756644,2.95318908276884,-5.841906848996218,-50.21262354392477
241.6141458562267,26.192137070397592,6.972613492356158,2.9545792692109547,-5.84345200318608,-50.06847109852327
241.62463991340164,26.189085070363973,6.971909011618459,2.955969436602757,-5.84499742326768,-49.92427663760142
241.63513333563188,26.18603207227311,6.97120486593745,2.9573595843096516,-5.846543108270091,-49.780040483176116
241.64562612352702,26.18297807823888,6.970501055288021,2.9587497116973225,-5.848089057222202,-49.635762957264106
241.65611827769763,26.179923090374988,6.969797579645054,2.9601398181317204,-5.849635269152737,-49.49144438188206
241.6666097987547,26.176867110794934,6.969094438983438,2.961529902979076,-5.85118174309024,-49.347085079047005
241.6771006873104,26.173810141612055,6.968391633278057,2.962919965605886,-5.852728478063093,-49.202685370775356
241.6875909439772,26.17075218493947,6.9676891625038015,2.964310005378933,-5.854275473099492,-49.05824557908415
241.69808056936873,26.16769324289012,6.966987026635554,2.9657000216652585,-5.855822727227473,-48.91376602598985
241.7085695640989,26.164633317576776,6.966285225648201,2.9670900138321894,-5.857370239474893,-48.76924703350965
241.71905792878286,26.161572411112,6.96558375951663,2.9684799812473206,-5.858918008869436,-48.62468892365989
241.72954566403618,26.158510525608165,6.964882628215725,2.969869923278519,-5.860466034438622,-48.48009201845753
241.74003277047532,26.155447663177473,6.964181831720375,2.9712598392939262,-5.862014315209787,-48.335456639919265
241.75051924871735,26.152383825931917,6.963481370005465,2.972649728661964,-5.8635628502101085,-48.190783110061915
241.76100509938018,26.149319015983313,6.96278124304588,2.974039590751315,-5.8651116384665825,-48.04607175090229
241.77149032308247,26.146253235443282,6.962081450816507,2.9754294249309394,-5.86666067900604,-47.90132288445699
241.78197492044362,26.143186486423257,6.9613819932922345,2.976819230570076,-5.868209970855137,-47.75653683274285
241.79245889208363,26.140118771034494,6.960682870447946,2.9782090070382297,-5.869759513040358,-47.611713917776754
241.80294223862344,26.137050091388044,6.959984082258528,2.9795987537051793,-5.871309304588021,-47.466854461575366
241.81342496068467,26.133980449594766,6.959285628698867,2.980988469940981,-5.872859344524274,-47.321958786155314
241.82390705888966,26.130909847765345,6.95858750974385,2.9823781551159536,-5.874409631875085,-47.17702721353355
241.83438853386136,26.127838288010274,6.957889725368362,2.9837678086007022,-5.87596016566626,-47.03206006572686
241.84486938622376,26.124765772439844,6.957192275547289,2.985157429766091,-5.877510944923437,-46.88705766475177
241.85534961660127,26.121692303164163,6.956495160255519,2.986547017983267,-5.879061968672072,-46.74202033262524
241.86582922561934,26.118617882293165,6.955798379467938,2.9879365726236404,-5.880613235937467,-46.59694839136395
241.87630821390383,26.115542511936567,6.95510193315943,2.9893260930589003,-5.882164745744738,-46.451842162984775
241.88678658208158,26.11246619420391,6.954405821304882,2.990715578661007,-5.883716497118845,-46.30670196950429
241.8972643307801,26.10938893120456,6.95371004387918,2.9921050288021895,-5.88526848908457,-46.16152813293942
241.90774146062765,26.106310725047663,6.953014600857212,2.993494442854951,-5.886820720666531,-46.01632097530692
241.9182179722532,26.10323157784219,6.952319492213863,2.994883820192065,-5.888373190889174,-45.871080818623334
241.92869386628638,26.100151491696934,6.9516247179240205,2.996273160186581,-5.889925898776772,-45.725807984905735
241.93916914335767,26.097070468720474,6.950930277962569,2.9976624622118164,-5.891478843353434,-45.5805027961707
241.94964380409837,26.093988511021212,6.950236172304396,2.9990517256413596,-5.893032023643107,-45.43516557443489
241.96011784914026,26.090905620707378,6.949542400924384,3.000440949849074,-5.894585438669557,-45.289796641715284
241.970591279116,26.087821799886978,6.948848963797426,3.001830134209091,-5.8961390874563815,-45.144396320028626
241.98106409465896,26.084737050667833,6.948155860898399,3.0032192780958185,-5.897692969027025,-44.99896493139159
241.9915362964033,26.081651375157602,6.947463092202199,3.0046083808839272,-5.899247082404742,-44.853502797820944
242.00200788498387,26.07856477546372,6.9467706576837065,3.0059974419483657,-5.900801426612642,-44.708010241333426
242.01247886103624,26.075477253693457,6.946078557317809,3.007386460664354,-5.90235600067365,-44.56248758394578
242.02294922519664,26.072388811953886,6.945386791079391,3.0087754364073795,-5.903910803610526,-44.416935147674906
242.03341897810213,26.06929945235187,6.944695358943342,3.0101643685532027,-5.905465834445869,-44.27135325453755
242.04388812039053,26.066209176994104,6.944004260884547,3.011553256477857,-5.907021092202103,-44.125742226550315
242.05435665270028,26.063117987987084,6.943313496877891,3.01294209955764,-5.908576575901492,-43.98010238573004
242.06482457567068,26.06002588743712,6.9426230668982605,3.014330897169126,-5.910132284566127,-43.83443405409353
242.07529188994158,26.056932877450322,6.941932970920543,3.0157196486891626,-5.911688217217938,-43.68873755365745
242.08575859615374,26.05383896013262,6.941243208919624,3.017108353494857,-5.913244372878674,-43.543013206438694
242.0962246949485,26.05074413758974,6.940553780870388,3.018497010963599,-5.91480075056994,-43.397261334453944
242.10669018696802,26.047648411927227,6.939864686747724,3.0198856204730395,-5.916357349313157,-43.25148225972002
242.11715507285524,26.044551785250437,6.9391759265265165,3.0212741814011084,-5.917914168129583,-43.10567630425346
242.1276193532536,26.041454259664526,6.938487500181652,3.022662693125997,-5.919471206040313,-42.959843790071346
242.13808302880747,26.038355837274462,6.937799407688017,3.024051155026175,-5.921028462066273,-42.81398503919034
242.14854610016198,26.03525652018502,6.937111649020497,3.025439566480375,-5.922585935228228,-42.66810037362698
242.15900856796273,26.03215631050079,6.93642422415398,3.026827926867607,-5.9241436245467725,-42.52219011539836
242.16947043285634,26.029055210326174,6.935737133063349,3.0282162355671414,-5.925701529042334,-42.37625458652109
242.17993169548996,26.02595322176536,6.9350503757234945,3.02960449195853,-5.927259647735176,-42.230294109011766
242.19039235651155,26.022850346922368,6.934363952109298,3.0309926954215856,-5.9288179796454035,-42.08430900488745
242.20085241656972,26.019746587901007,6.93367786219565,3.032380845336394,-5.930376523792944,-41.93829959616471
242.2113118763139,26.016641946804924,6.932992105957434,3.0337689410833124,-5.931935279197572,-41.7922662048603
242.2217707363942,26.013536425737545,6.932306683369536,3.035156982042964,-5.933494244878888,-41.64620915299109
242.23222899746133,26.01043002680212,6.931621594406844,3.0365449675962415,-5.935053419856329,-41.500128762573866
242.24268666016695,26.007322752101686,6.930936839044243,3.0379328971243114,-5.936612803149174,-41.35402535562523
242.25314372516328,26.004214603739115,6.930252417256621,3.039320770008605,-5.938172393776528,-41.207899254162065
242.26360019310331,26.00110558381709,6.929568329018861,3.040708585630827,-5.93973219075734,-41.061750780201095
242.2740560646407,25.997995694438067,6.928884574305851,3.0420963433729495,-5.94129219311039,-40.91558025575912
242.28451134042993,25.99488493770434,6.928201153092478,3.043484042617206,-5.942852399854295,-40.769388002852814
242.2949660211261,25.991773315717996,6.9275180653536275,3.044871682746116,-5.944412810007508,-40.62317434349905
242.30542010738515,25.988660830580933,6.926835311064183,3.0462592631424528,-5.945973422588324,-40.476939599714356
242.31587359986352,25.985547484394875,6.9261528901990355,3.0476467831892657,-5.9475342366148585,-40.33068409351579
242.32632649921857,25.982433279261315,6.92547080273307,3.04903424226987,-5.949095251105078,-40.18440814692006
242.3367788061083,25.9793182172816,6.924789048641168,3.050421639767854,-5.950656465076787,-40.03811208194383
242.34723052119148,25.976202300556842,6.924107627898222,3.051808975067068,-5.952217877547616,-39.89179622060381
242.35768164512749,25.97308553118798,6.923426540479117,3.053196247551636,-5.953779487535036,-39.74546088491684
242.3681321785766,25.969967911275777,6.922745786358734,3.0545834566059455,-5.955341294056363,-39.59910639689967
242.37858212219948,25.966849442920765,6.9220653655119655,3.055970601614662,-5.956903296128736,-39.45273307856903
242.38903147665786,25.963730128223315,6.921385277913694,3.0573576819627135,-5.958465492769147,-39.30634125194175
242.399480242614,25.960609969283603,6.920705523538808,3.0587446970352907,-5.96002788299441,-39.15993123903469
242.4099284207309,25.95748896820158,6.9200261023621925,3.0601316462178625,-5.961590465821189,-39.01350336186438
242.42037601167232,25.95436712707705,6.919347014358733,3.0615185288961575,-5.963153240265984,-38.8670579424477
242.4308230161026,25.95124444800958,6.918668259503315,3.0629053444561793,-5.9647162053451215,-38.72059530280149
242.44126943468706,25.948120933098583,6.917989837770828,3.064292092284197,-5.966279360074784,-38.574115764942285
242.45171526809148,25.944996584443256,6.917311749136156,3.0656787717667426,-5.967842703470976,-38.42761965088702
242.4621605169824,25.941871404142617,6.916633993574186,3.067065382290623,-5.9694062345495515,-38.28110728265242
242.47260518202708,25.938745394295463,6.9159565710598025,3.06845192324291,-5.970969952326194,-38.1345789822552
242.48304926389363,25.935618557000435,6.915279481567895,3.0698383940109424,-5.972533855816434,-37.98803507171216
242.49349276325057,25.932490894355954,6.914602725073344,3.0712247939823305,-5.974097944035634,-37.8414758730402
242.50393568076748,25.929362408460253,6.913926301551044,3.072611122544946,-5.975662215999002,-37.694901708255784
242.51437801711444,25.926233101411377,6.913250210975874,3.073997379086932,-5.977226670721577,-37.548312899375894
242.52481977296225,25.923102975307184,6.912574453322723,3.075383562996695,-5.978791307218249,-37.40170976841722
242.53526094898243,25.919972032245322,6.9118990285664745,3.076769673662919,-5.980356124503732,-37.25509263739653
242.5457015458472,25.916840274323246,6.9112239366820205,3.0781557104745403,-5.98192112159259,-37.10846182833066
242.5561415642296,25.913707703638245,6.910549177644245,3.079541672820775,-5.983486297499222,-36.9618176632363
242.56658100480323,25.910574322287378,6.909874751428029,3.0809275600910984,-5.985051651237873,-36.815160464130216
242.5770198682425,25.90744013236752,6.909200658008264,3.0823133716752578,-5.986617181822627,-36.668490553029
242.58745815522235,25.904305135975367,6.908526897359837,3.083699106963264,-5.988182888267389,-36.52180825194979
242.59789586641872,25.90116933520742,6.90785346945763,3.0850847653453957,-5.989748769585936,-36.37511388290902
242.60833300250803,25.89803273215996,6.9071803742765345,3.0864703462122005,-5.99131482479186,-36.22840776792356
242.61876956416737,25.89489532892911,6.906507611791431,3.08785584895449,-5.992881052898607,-36.081690229010285
242.62920555207478,25.891757127610777,6.905835181977207,3.0892412729633403,-5.994447452919458,-35.93496158818572
242.63964096690876,25.888618130300664,6.905163084808752,3.0906266176301003,-5.9960140238675335,-35.78822216746677
242.65007580934852,25.88547833909431,6.904491320260948,3.092011882346384,-5.997580764755797,-35.64147228887034
242.6605100800742,25.88233775608704,6.9038198883086865,3.0933970665040613,-5.999147674597053,-35.49471227441293
242.67094377976647,25.879196383373973,6.903148788926848,3.0947821694952857,-6.000714752403954,-35.34794244611129
242.68137690910666,25.876054223050065,6.902478022090322,3.096167190712463,-6.002281997188979,-35.20116312598244
242.69180946877682,25.87291127721006,6.9018075877739955,3.0975521295482733,-6.003849407964456,-35.05437463604306
242.7022414594599,25.869767547948502,6.90113748595275,3.0989369853956594,-6.00541698374256,-34.90757729830969
242.71267288183935,25.86662303735976,6.900467716601478,3.100321757647825,-6.006984723535299,-34.76077143479931
242.7231037365993,25.863477747537978,6.8997982796950605,3.1017064456982535,-6.008552626354527,-34.613957367528705
242.73353402442473,25.860331680577133,6.899129175208387,3.103091048940681,-6.01012069121194,-34.467135418514424
242.74396374600119,25.857184838570994,6.898460403116341,3.1044755667691124,-6.011688917119078,-34.32030590977339
242.75439290201496,25.85403722361315,6.897791963393812,3.105859998577822,-6.013257303087313,-34.173469163322345
242.76482149315297,25.850888837796965,6.897123856015683,3.107244343761353,-6.014825848127872,-34.026625501178096
242.77524952010305,25.84773968321564,6.896456080956844,3.108628601714499,-6.016394551251818,-33.87977524535727
242.78567698355351,25.844589761962165,6.895788638192175,3.110012771832338,-6.0179634114700615,-33.732918717876736
242.79610388419343,25.841439076129337,6.895121527696569,3.1113968535101986,-6.0195324277933455,-33.586056240753216
242.8065302227126,25.838287627809763,6.894454749444907,3.112780846143683,-6.021101599232271,-33.43918813600347
242.81695599980148,25.835135419095838,6.893788303412078,3.1141647491286566,-6.022670924797265,-33.2923147256443
242.82738121615122,25.831982452079792,6.893122189572968,3.1155485618612495,-6.0242404034986095,-33.14543633169242
242.83780587245374,25.828828728853633,6.892456407902462,3.116932283737856,-6.025810034346432,-32.998553276164564
242.84822996940153,25.82567425150918,6.891790958375447,3.1183159141551355,-6.027379816350689,-32.851665881077594
242.85865350768782,25.822519022138067,6.891125840966811,3.1196994525100163,-6.028949748521196,-32.70477446844824
