galstreams/tracks/track.st.Kshir.ibata2021.ecsv
# %ECSV 0.9
# ---
# datatype:
# - {name: ra, unit: deg, datatype: float64}
# - {name: dec, unit: deg, datatype: float64}
# - {name: distance, unit: kpc, datatype: float64}
# - {name: pm_ra_cosdec, unit: mas / yr, datatype: float64}
# - {name: pm_dec, unit: mas / yr, datatype: float64}
# - {name: radial_velocity, unit: km / s, datatype: float64}
# delimiter: ','
# meta: !!omap
# - __serialized_columns__:
#     dec:
#       __class__: astropy.coordinates.angles.Latitude
#       unit: &id001 !astropy.units.Unit {unit: deg}
#       value: !astropy.table.SerializedColumn {name: dec}
#     distance:
#       __class__: astropy.coordinates.distances.Distance
#       unit: !astropy.units.Unit {unit: kpc}
#       value: !astropy.table.SerializedColumn {name: distance}
#     pm_dec:
#       __class__: astropy.units.quantity.Quantity
#       unit: !astropy.units.Unit {unit: mas / yr}
#       value: !astropy.table.SerializedColumn {name: pm_dec}
#     pm_ra_cosdec:
#       __class__: astropy.units.quantity.Quantity
#       unit: !astropy.units.Unit {unit: mas / yr}
#       value: !astropy.table.SerializedColumn {name: pm_ra_cosdec}
#     ra:
#       __class__: astropy.coordinates.angles.Longitude
#       unit: *id001
#       value: !astropy.table.SerializedColumn {name: ra}
#       wrap_angle: !astropy.coordinates.Angle
#         unit: *id001
#         value: 360.0
#     radial_velocity:
#       __class__: astropy.units.quantity.Quantity
#       unit: !astropy.units.Unit {unit: km / s}
#       value: !astropy.table.SerializedColumn {name: radial_velocity}
# schema: astropy-2.0
ra,dec,distance,pm_ra_cosdec,pm_dec,radial_velocity
[from data line 278]
199.8104769456304,66.63138257341087,9.855121915683462,-7.720353219295038,-4.736294278950849,1.347322740779574e-13
199.83429867689824,66.63470361814545,9.855236847552193,-7.720091679412625,-4.733056607924879,1.0104920555846805e-13
199.85812509304154,66.63802272293192,9.855358496227543,-7.719830754921678,-4.729818038594347,1.1789073981821273e-13
199.88195619713275,66.6413398839054,9.855486849694834,-7.719570443201664,-4.726578570509907,1.1789073981821273e-13
199.90579199223112,66.64465509719882,9.855621895939407,-7.719310741630641,-4.723338203226329,1.8525687685719145e-13
199.92963248138267,66.64796835894298,9.855763622946577,-7.719051647585302,-4.720096936302506,1.6841534259744677e-13
199.95347766762018,66.65127966526649,9.855912018701673,-7.71879315844096,-4.716854769301441,1.0104920555846805e-13
199.977327553963,66.65458901229582,9.856067071190022,-7.718535271571529,-4.713611701790278,1.0104920555846805e-13
200.00118214341728,66.65789639615528,9.85622876839695,-7.718277984349573,-4.710367733340285,1.1789073981821273e-13
200.02504143897582,66.66120181296705,9.856397098307786,-7.718021294146263,-4.707122863526854,1.0104920555846805e-13
200.04890544361794,66.66450525885116,9.856572048907848,-7.717765198331415,-4.703877091929535,1.1789073981821273e-13
200.07277416030962,66.66780672992553,9.856753608182473,-7.717509694273473,-4.700630418132011,1.515738083377021e-13
200.0966475920035,66.67110622230591,9.85694176411698,-7.717254779339519,-4.697382841722102,1.1789073981821273e-13
200.12052574163866,66.67440373210593,9.857136504696701,-7.717000450895282,-4.694134362291795,1.347322740779574e-13
200.14440861214072,66.67769925543712,9.857337817906961,-7.716746706305125,-4.690884979437224,1.515738083377021e-13
200.16829620642187,66.68099278840884,9.857545691733083,-7.716493542932073,-4.687634692758684,1.0104920555846805e-13
200.19218852738075,66.68428432712838,9.857760114160397,-7.716240958137799,-4.684383501860629,1.1789073981821273e-13
200.21608557790245,66.68757386770089,9.857981073174226,-7.715988949282624,-4.681131406351687,1.0104920555846805e-13
200.23998736085846,66.69086140622944,9.858208556759903,-7.715737513725535,-4.677878405844651,5.0524602779234026e-14
200.26389387910675,66.69414693881492,9.858442552902748,-7.715486648824179,-4.674624499956501,1.515738083377021e-13
200.28780513549162,66.69743046155624,9.858683049588091,-7.715236351934865,-4.671369688308374,1.1789073981821273e-13
200.3117211328438,66.70071197055006,9.858930034801256,-7.714986620412583,-4.668113970525615,1.347322740779574e-13
200.33564187398022,66.70399146189108,9.859183496527569,-7.714737451610981,-4.6648573462377465,2.020984111169361e-13
200.35956736170425,66.70726893167186,9.859443422752362,-7.714488842882392,-4.661599815078477,1.347322740779574e-13
200.38349759880546,66.71054437598286,9.859709801460957,-7.71424079157782,-4.658341376685728,1.8525687685719145e-13
200.40743258805978,66.71381779091247,9.859982620638682,-7.71399329504697,-4.6550820307016,1.1789073981821273e-13
200.43137233222927,66.71708917254699,9.86026186827086,-7.713746350638214,-4.6518217767724135,1.1789073981821273e-13
200.45531683406224,66.72035851697068,9.860547532342823,-7.713499955698631,-4.648560614548696,1.1789073981821273e-13
200.47926609629326,66.72362582026568,9.860839600839892,-7.713254107573984,-4.645298543685182,1.0104920555846805e-13
200.50322012164293,66.72689107851211,9.861138061747397,-7.713008803608733,-4.642035563840826,1.347322740779574e-13
200.52717891281807,66.73015428778803,9.861442903050664,-7.712764041146045,-4.638771674678805,6.73661370389787e-14
200.55114247251166,66.73341544416937,9.861754112735017,-7.712519817527786,-4.635506875866517,6.73661370389787e-14
200.57511080340265,66.7366745437301,9.862071678785789,-7.712276130094539,-4.632241167075595,1.0104920555846805e-13
200.59908390815616,66.73993158254208,9.8623955891883,-7.712032976185593,-4.628974547981902,1.1789073981821273e-13
200.62306178942333,66.74318655667514,9.862725831927875,-7.711790353138953,-4.625707018265538,1.347322740779574e-13
200.64704444984127,66.7464394621971,9.863062394989846,-7.71154825829135,-4.6224385776108425,5.0524602779234026e-14
200.6710318920331,66.74969029517366,9.86340526635954,-7.711306688978221,-4.619169225706409,8.420767129872338e-14
200.695024118608,66.75293905166859,9.86375443402228,-7.711065642533749,-4.615898962245077,1.347322740779574e-13
200.7190211321609,66.75618572774357,9.864109885963392,-7.710825116290844,-4.612627786923941,1.347322740779574e-13
200.74302293527285,66.75943031945823,9.864471610168204,-7.710585107581152,-4.609355699444348,1.1789073981821273e-13
200.7670295305108,66.76267282287029,9.864839594622044,-7.710345613735049,-4.606082699511901,1.1789073981821273e-13
200.79104092042724,66.7659132340353,9.865213827310235,-7.710106632081644,-4.602808786836511,1.0104920555846805e-13
200.81505710756085,66.76915154900688,9.865594296218102,-7.709868159948814,-4.599533961132316,1.0104920555846805e-13
200.83907809443602,66.77238776383665,9.865980989330982,-7.709630194663179,-4.596258222117745,1.6841534259744677e-13
200.863103883563,66.77562187457423,9.86637389463419,-7.709392733550102,-4.592981569515499,1.1789073981821273e-13
200.8871344774377,66.7788538772672,9.86677300011306,-7.709155773933714,-4.5897040030525735,1.1789073981821273e-13
200.91116987854187,66.78208376796115,9.867178293752913,-7.708919313136908,-4.586425522460249,1.0104920555846805e-13
200.9352100893429,66.78531154269974,9.867589763539076,-7.708683348481336,-4.583146127474091,5.0524602779234026e-14
200.9592551122939,66.78853719752455,9.868007397456878,-7.708447877287415,-4.579865817833967,5.0524602779234026e-14
200.98330494983375,66.79176072847521,9.868431183491648,-7.7082128968743415,-4.576584593284043,1.1789073981821273e-13
201.00735960438686,66.79498213158942,9.868861109628705,-7.707978404560099,-4.573302453572793,1.1789073981821273e-13
201.03141907836334,66.79820140290282,9.869297163853378,-7.707744397661424,-4.57001939845299,1.0104920555846805e-13
201.05548337415883,66.80141853844917,9.869739334151003,-7.707510873493859,-4.566735427681729,1.347322740779574e-13
201.07955249415457,66.80463353426019,9.870187608506892,-7.707277829371724,-4.5634505410204245,1.347322740779574e-13
201.10362644071742,66.80784638636567,9.870641974906377,-7.707045262608145,-4.5601647382348,1.515738083377021e-13
201.1277052161997,66.81105709079343,9.871102421334792,-7.706813170515029,-4.556878019094909,1.0104920555846805e-13
201.15178882293918,66.81426564356934,9.871568935777452,-7.70658155040309,-4.553590383375144,1.0104920555846805e-13
201.17587726325922,66.81747204071733,9.872041506219693,-7.706350399581844,-4.5503018308542185,1.0104920555846805e-13
201.19997053946858,66.82067627825937,9.872520120646831,-7.706119715359619,-4.547012361315195,8.420767129872338e-14
201.22406865386145,66.82387835221549,9.873004767044202,-7.705889495043555,-4.543721974545462,5.0524602779234026e-14
201.24817160871734,66.82707825860379,9.873495433397128,-7.7056597359395935,-4.540430670336776,1.0104920555846805e-13
201.27227940630132,66.83027599344044,9.873992107690935,-7.705430435352525,-4.537138448485225,1.1789073981821273e-13
201.2963920488637,66.83347155273967,9.874494777910954,-7.7052015905859355,-4.533845308791255,8.420767129872338e-14
201.32050953864012,66.83666493251378,9.875003432042506,-7.704973198942262,-4.530551251059686,3.368306851948935e-14
201.34463187785147,66.83985612877318,9.875518058070917,-7.704745257722754,-4.527256275099688,1.1789073981821273e-13
201.36875906870404,66.84304513752635,9.87603864398152,-7.704517764227511,-4.523960380724791,1.347322740779574e-13
201.39289111338937,66.84623195477984,9.87656517775964,-7.704290715755471,-4.520663567752911,8.420767129872338e-14
201.41702801408408,66.84941657653832,9.877097647390597,-7.704064109604409,-4.517365836006338,5.0524602779234026e-14
201.44116977295016,66.85259899880452,9.877636040859723,-7.703837943070964,-4.514067185311729,8.420767129872338e-14
201.4653163921347,66.85577921757933,9.878180346152345,-7.70361221345061,-4.510767615500144,1.1789073981821273e-13
201.48946787376997,66.85895722886168,9.878730551253783,-7.703386918037696,-4.507467126407016,8.420767129872338e-14
201.51362421997334,66.86213302864867,9.87928664414937,-7.703162054125417,-4.504165717872175,1.515738083377021e-13
201.53778543284733,66.8653066129355,9.879848612824434,-7.702937619005842,-4.500863389739846,8.420767129872338e-14
201.56195151447955,66.86847797771544,9.880416445264293,-7.702713609969911,-4.497560141858664,1.1789073981821273e-13
201.5861224669426,66.87164711897995,9.880990129454283,-7.702490024307437,-4.494255974081653,1.1789073981821273e-13
201.61029829229417,66.8748140327186,9.881569653379724,-7.7022668593071035,-4.490950886266265,1.347322740779574e-13
201.63447899257696,66.87797871491905,9.882155005025949,-7.702044112256483,-4.487644878274343,1.515738083377021e-13
201.65866456981865,66.88114116156716,9.882746172378269,-7.701821780442042,-4.484337949972174,1.515738083377021e-13
201.6828550260318,66.88430136864689,9.883343143422028,-7.701599861149124,-4.481030101230441,1.5999457546757442e-13
201.70705036321405,66.88745933214037,9.88394590614255,-7.701378351661976,-4.4777213319242675,8.420767129872338e-14
201.73125058334782,66.89061504802784,9.884554448525153,-7.701157249263742,-4.474411641933209,1.0946997268834039e-13
201.7554556884005,66.89376851228776,9.885168758555169,-7.70093655123648,-4.471101031141246,1.0104920555846805e-13
201.77966568032426,66.89691972089668,9.885788824217922,-7.700716254861128,-4.4677894994368055,1.4315304120782974e-13
201.8038805610562,66.90006866982937,9.88641463349874,-7.70049635741758,-4.464477046712748,1.0104920555846805e-13
201.82810033251815,66.90321535505875,9.887046174382949,-7.7002768561846135,-4.461163672866397,1.0946997268834039e-13
201.85232499661677,66.90635977255589,9.887683434855877,-7.700057748439934,-4.457849377799508,1.2631150694808508e-13
201.8765545552435,66.90950191829006,9.88832640290285,-7.699839031460185,-4.454534161418301,5.894536990910637e-14
201.90078901027445,66.91264178822871,9.888975066509191,-7.699620702520926,-4.45121802363346,1.0104920555846805e-13
201.92502836357053,66.91577937833748,9.88962941366023,-7.699402758896659,-4.447900964360124,7.578690416885104e-14
201.9492726169772,66.9189146845802,9.890289432341294,-7.699185197860827,-4.4445829835179085,7.578690416885104e-14
201.97352177232474,66.92204770291889,9.890955110537709,-7.698968016685799,-4.4412640810308925,1.2631150694808508e-13
201.997775831428,66.92517842931375,9.8916264362348,-7.698751212642929,-4.4379442568276355,1.0104920555846805e-13
202.02203479608642,66.92830685972324,9.892303397417892,-7.698534783002487,-4.434623510841182,1.0946997268834039e-13
202.04629866808406,66.93143299010396,9.892985982072314,-7.698318725033719,-4.431301843009051,1.4315304120782974e-13
202.07056744918955,66.93455681641079,9.893674178183396,-7.698103036004824,-4.427979253273251,5.894536990910637e-14
202.09484114115602,66.93767833459678,9.894367973736454,-7.697887713182974,-4.424655741580303,1.347322740779574e-13
202.11911974572132,66.94079754061326,9.895067356716826,-7.697672753834319,-4.421331307881181,1.0946997268834039e-13
202.1434032646073,66.94391443040969,9.89577231510983,-7.697458155223952,-4.4180059521314305,1.2631150694808508e-13
202.1676916995207,66.94702899993386,9.8964828369008,-7.69724391461598,-4.41467967429104,1.347322740779574e-13
202.1919850521527,66.95014124513176,9.897198910075058,-7.69703002927348,-4.4113524743245325,9.262843842859572e-14
202.21628332417865,66.95325116194759,9.897920522617927,-7.6968164964585295,-4.408024352200946,1.347322740779574e-13
202.24058651725852,66.95635874632386,9.898647662514742,-7.696603313432181,-4.404695307893827,9.262843842859572e-14
202.2648946330365,66.95946399420126,9.89938031775082,-7.696390477454501,-4.401365341381252,1.0104920555846805e-13
202.28920767314122,66.96256690151883,9.900118476311498,-7.696177985784551,-4.398034452645823,9.262843842859572e-14
202.31352563918557,66.96566746421377,9.900862126182094,-7.695965835680404,-4.3947026416746695,6.73661370389787e-14
202.3378485327667,66.96876567822159,9.901611255347936,-7.695754024399144,-4.391369908459467,1.0104920555846805e-13
202.36217635546615,66.9718615394761,9.902365851794354,-7.695542549196869,-4.388036252996412,1.515738083377021e-13
202.38650910884962,66.97495504390932,9.903125903506671,-7.695331407328708,-4.384701675286255,9.262843842859572e-14
202.410846794467,66.9780461874516,9.903891398470215,-7.695120596048806,-4.381366175334296,9.262843842859572e-14
202.43518941385244,66.98113496603156,9.904662324670312,-7.694910112610344,-4.378029753150381,4.210383564936169e-14
202.4595369685242,66.9842213755761,9.90543867009229,-7.694699954265538,-4.374692408748917,1.347322740779574e-13
202.48388945998477,66.98730541201041,9.906220422721471,-7.694490118265648,-4.371354142148865,1.0946997268834039e-13
202.50824688972065,66.99038707125801,9.907007570543186,-7.694280601860977,-4.368014953373753,7.578690416885104e-14
202.53260925920256,66.99346634924066,9.90780010154276,-7.694071402300878,-4.364674842451678,1.1789073981821273e-13
202.5569765698852,66.99654324187851,9.90859800370552,-7.693862516833756,-4.361333809415309,1.2631150694808508e-13
202.58134882320735,66.99961774508995,9.909401265016793,-7.693653942707087,-4.357991854301888,1.1789073981821273e-13
202.6057260205918,67.00268985479174,9.910209873461904,-7.693445677167398,-4.354648977153246,1.2631150694808508e-13
202.63010816344533,67.00575956689893,9.911023817026184,-7.693237717460291,-4.35130517801579,1.2631150694808508e-13
202.65449525315876,67.00882687732489,9.911843083694945,-7.6930300608304565,-4.3479604569405215,1.515738083377021e-13
202.67888729110675,67.01189178198138,9.912667661453536,-7.692822704521638,-4.344614813983033,9.262843842859572e-14
202.70328427864797,67.0149542767784,9.913497538287261,-7.692615645776685,-4.341268249203515,1.4315304120782974e-13
202.72768621712498,67.01801435762438,9.914332702181465,-7.6924088818375305,-4.337920762666759,9.262843842859572e-14
202.75209310786414,67.02107202042606,9.915173141121464,-7.692202409945188,-4.334572354442164,1.4315304120782974e-13
202.7765049521758,67.02412726108852,9.916018843092585,-7.691996227339798,-4.3312230246037355,1.2631150694808508e-13
202.80092175135397,67.02718007551523,9.916869796080158,-7.691790331260584,-4.3278727732301,8.420767129872338e-14
202.82534350667657,67.03023045960798,9.917725988069506,-7.691584718945885,-4.324521600404492,1.347322740779574e-13
202.84977021940531,67.03327840926697,9.91858740704596,-7.691379387633154,-4.321169506214773,8.420767129872338e-14
202.87420189078554,67.03632392039071,9.91945404099484,-7.6911743345589585,-4.317816490753436,1.2631150694808508e-13
202.8986385220465,67.03936698887615,9.920325877901481,-7.690969556958998,-4.314462554117594,1.347322740779574e-13
202.92308011440096,67.0424076106186,9.921202905751201,-7.690765052068102,-4.311107696409002,1.0946997268834039e-13
202.9475266690455,67.04544578151172,9.92208511252933,-7.690560817120225,-4.3077519177340555,1.0946997268834039e-13
202.97197818716032,67.0484814974476,9.9229724862212,-7.690356849348469,-4.3043952182037835,9.262843842859572e-14
202.99643466990915,67.05151475431671,9.923865014812126,-7.690153145985081,-4.301037597933879,1.2631150694808508e-13
203.02089611843954,67.05454554800794,9.924762686287442,-7.689949704261452,-4.297679057044662,1.0104920555846805e-13
203.0453625338824,67.05757387440856,9.925665488632477,-7.689746521408128,-4.294319595661127,3.368306851948935e-14
203.06983391735233,67.06059972940425,9.92657340983255,-7.689543594654831,-4.290959213912926,1.0104920555846805e-13
203.0943102699474,67.06362310887911,9.927486437872993,-7.68934092123042,-4.287597911934361,6.73661370389787e-14
203.11879159274923,67.0666440087157,9.928404560739128,-7.689138498362943,-4.284235689864424,1.1789073981821273e-13
203.14327788682291,67.06966242479493,9.929327766416286,-7.6889363232796235,-4.280872547846752,1.1789073981821273e-13
