galstreams/tracks/track.st.M5.grillmair2019.ecsv
# %ECSV 0.9
# ---
# datatype:
# - {name: ra, unit: deg, datatype: float64}
# - {name: dec, unit: deg, datatype: float64}
# - {name: distance, unit: kpc, datatype: float64}
# - {name: pm_ra_cosdec, unit: mas / yr, datatype: float64}
# - {name: pm_dec, unit: mas / yr, datatype: float64}
# - {name: radial_velocity, unit: km / s, datatype: float64}
# delimiter: ','
# meta: !!omap
# - __serialized_columns__:
#     dec:
#       __class__: astropy.coordinates.angles.Latitude
#       unit: &id001 !astropy.units.Unit {unit: deg}
#       value: !astropy.table.SerializedColumn {name: dec}
#     distance:
#       __class__: astropy.coordinates.distances.Distance
#       unit: !astropy.units.Unit {unit: kpc}
#       value: !astropy.table.SerializedColumn {name: distance}
#     pm_dec:
#       __class__: astropy.units.quantity.Quantity
#       unit: !astropy.units.Unit {unit: mas / yr}
#       value: !astropy.table.SerializedColumn {name: pm_dec}
#     pm_ra_cosdec:
#       __class__: astropy.units.quantity.Quantity
#       unit: !astropy.units.Unit {unit: mas / yr}
#       value: !astropy.table.SerializedColumn {name: pm_ra_cosdec}
#     ra:
#       __class__: astropy.coordinates.angles.Longitude
#       unit: *id001
#       value: !astropy.table.SerializedColumn {name: ra}
#       wrap_angle: !astropy.coordinates.Angle
#         unit: *id001
#         value: 360.0
#     radial_velocity:
#       __class__: astropy.units.quantity.Quantity
#       unit: !astropy.units.Unit {unit: km / s}
#       value: !astropy.table.SerializedColumn {name: radial_velocity}
# schema: astropy-2.0
ra,dec,distance,pm_ra_cosdec,pm_dec,radial_velocity
[from data line 3021]
198.94354821289997,16.645917985736038,13.324875769211625,2.909646194891277,-7.795684646445107,-1.0104920555846805e-13
198.93397643719314,16.64991948372692,13.323987716806512,2.9091810800972664,-7.794766826287393,-1.0104920555846805e-13
198.92440437741962,16.653920812545557,13.32309963804756,2.9087160085969743,-7.793848883024941,-1.0104920555846805e-13
198.91483203352468,16.65792197220003,13.322211532930071,2.9082509804841647,-7.79293081660804,-1.1789073981821273e-13
198.90525940545348,16.661922962698412,13.321323401449355,2.907785995852581,-7.792012626986952,-1.1789073981821273e-13
198.89568649315123,16.665923784048804,13.320435243600713,2.9073210547959416,-7.791094314111909,-3.368306851948935e-14
198.8861132965631,16.6699244362593,13.319547059379449,2.906856157407951,-7.790175877933122,-1.0104920555846805e-13
198.8765398156343,16.673924919338003,13.318658848780874,2.90639130378229,-7.7892573184007725,-1.8525687685719145e-13
198.86696605031,16.677925233293035,13.317770611800293,2.905926494012617,-7.788338635465013,-1.1789073981821273e-13
198.85739200053536,16.68192537813252,13.316882348433007,2.9054617281925736,-7.7874198290759695,-1.0104920555846805e-13
198.8478176662555,16.685925353864597,13.315994058674322,2.904997006415786,-7.786500899183748,-1.0104920555846805e-13
198.83824304741563,16.6899251604974,13.315105742519549,2.9045323287758493,-7.785581845738412,-1.1789073981821273e-13
198.82866814396084,16.6939247980391,13.314217399963987,2.904067695366346,-7.784662668690016,-1.6841534259744677e-13
198.81909295583628,16.697924266497836,13.313329031002942,2.9036031062808347,-7.783743367988582,-1.515738083377021e-13
198.80951748298708,16.70192356588178,13.312440635631726,2.9031385616128595,-7.782823943584091,-1.1789073981821273e-13
198.7999417253583,16.70592269619913,13.311552213845639,2.902674061455935,-7.781904395426521,-6.73661370389787e-14
198.7903656828951,16.70992165745806,13.310663765639987,2.9022096059035656,-7.780984723465799,-1.347322740779574e-13
198.78078935554257,16.713920449666773,13.309775291010071,2.9017451950492266,-7.780064927651845,-1.0104920555846805e-13
198.7712127432458,16.71791907283346,13.308886789951206,2.9012808289863767,-7.779145007934538,-1.0104920555846805e-13
198.76163584594983,16.721917526966354,13.30799826245869,2.90081650780846,-7.77822496426374,-1.347322740779574e-13
198.75205866359977,16.725915812073666,13.307109708527834,2.9003522316088857,-7.777304796589274,-1.347322740779574e-13
198.74248119614066,16.729913928163636,13.306221128153942,2.899888000481063,-7.77638450486095,-1.515738083377021e-13
198.73290344351756,16.73391187524449,13.305332521332316,2.8994238145183635,-7.7754640890285405,-8.420767129872338e-14
198.72332540567552,16.7379096533245,13.304443888058264,2.898959673814141,-7.7745435490417965,-8.420767129872338e-14
198.71374708255956,16.741907262411914,13.303555228327088,2.8984955784617434,-7.773622884850439,-1.0104920555846805e-13
198.70416847411474,16.745904702515,13.302666542134098,2.8980315285544798,-7.77270209640416,-1.347322740779574e-13
198.69458958028608,16.74990197364202,13.301777829474597,2.897567524185646,-7.771781183652631,-1.0104920555846805e-13
198.68501040101856,16.753899075801286,13.300889090343892,2.8971035654485227,-7.770860146545491,-6.73661370389787e-14
198.6754309362572,16.757896009001076,13.300000324737287,2.896639652436363,-7.769938985032348,-1.1789073981821273e-13
198.66585118594696,16.761892773249695,13.299111532650093,2.8961757852424053,-7.769017699062797,-8.420767129872338e-14
198.6562711500329,16.76588936855546,13.298222714077601,2.895711963959863,-7.768096288586393,-1.515738083377021e-13
198.64669082845995,16.769885794926694,13.297333869015128,2.8952481886819306,-7.767174753552667,-1.1789073981821273e-13
198.63711022117306,16.773882052371707,13.296444997457984,2.894784459501781,-7.766253093911119,-1.515738083377021e-13
198.62752932811722,16.77787814089886,13.29555609940146,2.8943207765125725,-7.765331309611236,-1.6841534259744677e-13
198.61794814923738,16.781874060516493,13.294667174840873,2.8938571398074373,-7.764409400602458,-1.0104920555846805e-13
198.6083666844785,16.78586981123296,13.293778223771524,2.893393549479488,-7.763487366834215,-1.6841534259744676e-14
198.59878493378548,16.78986539305663,13.292889246188723,2.892930005621815,-7.7625652082558965,-8.420767129872338e-14
198.58920289710323,16.79386080599588,13.292000242087767,2.8924665083274963,-7.761642924816877,-2.020984111169361e-13
198.57962057437675,16.797856050059078,13.291111211463967,2.8920030576895783,-7.760720516466487,-1.347322740779574e-13
198.57003796555085,16.801851125254636,13.290222154312627,2.891539653801096,-7.759797983154052,-1.0104920555846805e-13
198.56045507057053,16.80584603159095,13.28933307062905,2.8910762967550605,-7.758875324828855,-8.420767129872338e-14
198.5508718893806,16.809840769076416,13.288443960408548,2.8906129866444634,-7.75795254144015,-1.1789073981821273e-13
198.54128842192594,16.81383533771947,13.28755482364642,2.890149723562274,-7.75702963293717,-1.515738083377021e-13
198.5317046681515,16.817829737528523,13.286665660337977,2.8896865076014415,-7.7561065992691205,-8.420767129872338e-14
198.52212062800209,16.821823968512035,13.285776470478519,2.889223338854895,-7.755183440385178,-1.8525687685719145e-13
198.51253630142259,16.825818030678427,13.284887254063356,2.888760217415544,-7.754260156234492,-6.73661370389787e-14
198.50295168835783,16.82981192403617,13.283998011087789,2.8882971433762776,-7.753336746766183,-1.347322740779574e-13
198.49336678875264,16.833805648593724,13.283108741547128,2.887834116829963,-7.752413211929347,-1.347322740779574e-13
198.4837816025519,16.837799204359552,13.282219445436674,2.887371137869448,-7.751489551673053,-1.0104920555846805e-13
198.47419612970037,16.84179259134215,13.281330122751736,2.8869082065875595,-7.750565765946337,-1.347322740779574e-13
198.46461037014294,16.845785809549994,13.280440773487618,2.886445323077104,-7.749641854698213,-1.347322740779574e-13
198.45502432382435,16.849778858991588,13.279551397639626,2.8859824874308675,-7.748717817877667,-8.420767129872338e-14
198.4454379906894,16.853771739675445,13.278661995203066,2.885519699741613,-7.747793655433652,-6.73661370389787e-14
198.43585137068294,16.857764451610073,13.277772566173237,2.8850569601020877,-7.746869367315105,-1.347322740779574e-13
198.4262644637497,16.861756994804004,13.276883110545457,2.8845942686050177,-7.7459449534709215,-5.0524602779234026e-14
198.41667726983445,16.86574936926578,13.27599362831502,2.884131625343101,-7.7450204138499785,-8.420767129872338e-14
198.40708978888196,16.86974157500394,13.275104119477234,2.8836690304090276,-7.744095748401126,-1.1789073981821273e-13
198.397502020837,16.87373361202702,13.27421458402741,2.883206483895454,-7.743170957073181,-8.420767129872338e-14
198.3879139656443,16.8777254803436,13.273325021960849,2.8827439858950252,-7.742246039814934,-1.0104920555846805e-13
198.3783256232486,16.881717179962244,13.272435433272856,2.8822815365003627,-7.741320996575157,-8.420767129872338e-14
198.36873699359458,16.885708710891535,13.271545817958739,2.8818191358040655,-7.740395827302578,-1.1789073981821273e-13
198.35914807662704,16.889700073140055,13.270656176013794,2.8813567838987177,-7.739470531945916,-1.515738083377021e-13
198.34955887229063,16.893691266716406,13.269766507433346,2.8808944808768744,-7.73854511045384,-1.1789073981821273e-13
198.3399693805301,16.8976822916292,13.268876812212683,2.8804322268310756,-7.737619562775017,-1.0104920555846805e-13
198.33037960129013,16.90167314788704,13.267987090347116,2.87997002185384,-7.7366938888580705,-1.347322740779574e-13
198.3207895345154,16.90566383549855,13.26709734183195,2.8795078660376663,-7.735768088651598,-1.347322740779574e-13
198.3111991801505,16.909654354472373,13.266207566662496,2.8790457594750314,-7.734842162104167,-6.73661370389787e-14
198.30160853814027,16.913644704817145,13.265317764834048,2.878583702258388,-7.733916109164328,-1.1789073981821273e-13
198.2920176084292,16.917634886541524,13.26442793634192,2.878121694480177,-7.732989929780594,-1.515738083377021e-13
198.2824263909621,16.92162489965416,13.263538081181416,2.8776597362328085,-7.732063623901454,-3.368306851948935e-14
198.27283488568344,16.925614744163727,13.26264819934784,2.877197827608681,-7.731137191475369,-1.0104920555846805e-13
198.26324309253798,16.929604420078903,13.2617582908365,2.876735968700169,-7.730210632450775,-1.0104920555846805e-13
198.25365101147025,16.93359392740837,13.260868355642698,2.876274159599619,-7.7292839467760714,-8.420767129872338e-14
198.24405864242493,16.937583266160836,13.259978393761742,2.8758124003993686,-7.728357134399637,-1.1789073981821273e-13
198.23446598534662,16.941572436344988,13.259088405188935,2.8753506911917257,-7.727430195269827,-1.0104920555846805e-13
198.22487304017986,16.945561437969555,13.258198389919585,2.8748890320689866,-7.726503129334957,-1.8525687685719145e-13
198.21527980686935,16.949550271043247,13.257308347948994,2.8744274231234157,-7.725575936543326,-1.1789073981821273e-13
198.20568628535955,16.953538935574805,13.256418279272472,2.873965864447265,-7.724648616843199,-8.420767129872338e-14
198.19609247559507,16.95752743157296,13.255528183885326,2.873504356132763,-7.72372117018281,-8.420767129872338e-14
198.1864983775205,16.961515759046478,13.254638061782854,2.8730428982721152,-7.722793596510382,-6.73661370389787e-14
198.17690399108037,16.9655039180041,13.253747912960362,2.872581490957514,-7.721865895774089,-1.1789073981821273e-13
198.16730931621922,16.969491908454604,13.252857737413162,2.872120134281122,-7.720938067922086,-1.347322740779574e-13
198.15771435288158,16.973479730406765,13.251967535136556,2.8716588283350823,-7.720010112902506,-1.515738083377021e-13
198.148119101012,16.977467383869364,13.251077306125847,2.871197573211523,-7.7190820306634444,-6.73661370389787e-14
198.13852356055497,16.981454868851188,13.250187050376345,2.87073636900255,-7.718153821152973,-1.347322740779574e-13
198.12892773145504,16.98544218536106,13.249296767883354,2.870275215800239,-7.717225484319137,-8.420767129872338e-14
198.11933161365664,16.989429333407777,13.248406458642176,2.86981411369666,-7.716297020109953,-1.347322740779574e-13
198.10973520710434,16.99341631300016,13.247516122648122,2.8693530627838486,-7.7153684284734085,-1.515738083377021e-13
198.10013851174259,16.99740312414705,13.246625759896496,2.8688920631538317,-7.714439709357463,-1.6841534259744676e-14
198.0905415275158,17.001389766857283,13.245735370382597,2.868431114898606,-7.713510862710051,-1.347322740779574e-13
198.08094425436852,17.005376241139704,13.244844954101737,2.8679702181101487,-7.712581888479076,-1.6841534259744677e-13
198.07134669224519,17.00936254700316,13.243954511049221,2.867509372880419,-7.711652786612412,-6.73661370389787e-14
198.0617488410902,17.013348684456535,13.243064041220354,2.8670485793013536,-7.710723557057912,-1.6841534259744677e-13
198.05215070084807,17.017334653508698,13.242173544610438,2.8665878374648726,-7.709794199763394,-5.0524602779234026e-14
198.04255227146317,17.021320454168528,13.241283021214782,2.8661271474628682,-7.708864714676649,-1.6841534259744677e-13
198.03295355287992,17.025306086444925,13.240392471028692,2.8656665093872133,-7.707935101745443,-6.73661370389787e-14
198.02335454504276,17.02929155034678,13.23950189404747,2.865205923329765,-7.707005360917513,-1.0104920555846805e-13
198.01375524789606,17.033276845883023,13.238611290266427,2.864745389382355,-7.706075492140568,-1.0104920555846805e-13
198.00415566138426,17.037261973062552,13.237720659680862,2.8642849076367938,-7.705145495362285,-1.0104920555846805e-13
197.9945557854517,17.04124693189431,13.236830002286084,2.863824478184876,-7.7042153705303225,-8.420767129872338e-14
197.9849556200427,17.045231722387236,13.2359393180774,2.8633641011183695,-7.703285117592298,-2.1893994537668078e-13
197.9753551651018,17.049216344550263,13.235048607050107,2.8629037765290195,-7.702354736495813,-8.420767129872338e-14
197.9657544205732,17.053200798392368,13.234157869199521,2.86244350450856,-7.701424227188435,-1.0104920555846805e-13
197.95615338640133,17.057185083922494,13.233267104520943,2.8619832851486953,-7.700493589617701,-6.73661370389787e-14
197.94655206253046,17.061169201149628,13.232376313009675,2.861523118541115,-7.699562823731125,-1.1789073981821273e-13
197.93695044890498,17.065153150082754,13.231485494661031,2.86106300477748,-7.69863192947619,-8.420767129872338e-14
197.92734854546916,17.06913693073086,13.23059464947031,2.860602943949436,-7.697700906800355,-1.515738083377021e-13
197.91774635216734,17.07312054310294,13.229703777432821,2.860142936148608,-7.696769755651043,-6.73661370389787e-14
197.90814386894385,17.077103987208016,13.228812878543863,2.8596829814665963,-7.69583847597566,-8.420767129872338e-14
197.89854109574296,17.081087263055103,13.227921952798743,2.8592230799949805,-7.69490706772157,-8.420767129872338e-14
197.88893803250892,17.08507037065323,13.227031000192774,2.858763231825328,-7.69397553083612,-1.1789073981821273e-13
197.87933467918606,17.089053310011426,13.226140020721255,2.8583034370491704,-7.693043865266622,-1.347322740779574e-13
197.86973103571862,17.09303608113875,13.225249014379497,2.8578436957580298,-7.692112070960366,-6.73661370389787e-14
197.86012710205085,17.097018684044244,13.224357981162797,2.8573840080434003,-7.6911801478646105,-8.420767129872338e-14
197.850522878127,17.101001118736974,13.223466921066468,2.8569243739967622,-7.690248095926583,-8.420767129872338e-14
197.84091836389135,17.104983385226028,13.22257583408581,2.8564647937095695,-7.689315915093489,-1.0104920555846805e-13
197.83131355928808,17.108965483520468,13.221684720216127,2.856005267273256,-7.6883836053125,-1.1789073981821273e-13
197.82170846426143,17.1129474136294,13.220793579452735,2.8555457947792338,-7.687451166530762,-1.0104920555846805e-13
197.81210307875565,17.116929175561914,13.219902411790928,2.8550863763188925,-7.686518598695392,-1.0104920555846805e-13
197.80249740271486,17.120910769327132,13.219011217226017,2.8546270119836104,-7.685585901753479,-1.6841534259744677e-13
197.79289143608335,17.12489219493416,13.218119995753309,2.8541677018647267,-7.684653075652083,-8.420767129872338e-14
197.78328517880524,17.128873452392124,13.217228747368104,2.8537084460535778,-7.683720120338236,-1.347322740779574e-13
197.77367863082472,17.132854541710167,13.216337472065712,2.8532492446414697,-7.682787035758947,-1.1789073981821273e-13
197.76407179208599,17.136835462897434,13.215446169841435,2.852790097719689,-7.681853821861186,-8.420767129872338e-14
197.75446466253314,17.140816215963074,13.214554840690582,2.852331005379497,-7.680920478591902,-1.1789073981821273e-13
197.74485724211038,17.144796800916254,13.213663484608455,2.8518719677121434,-7.679987005898015,-1.515738083377021e-13
197.73524953076182,17.148777217766145,13.212772101590359,2.8514129848088503,-7.679053403726416,-2.020984111169361e-13
197.72564152843162,17.152757466521933,13.211880691631606,2.850954056760815,-7.678119672023964,-1.6841534259744677e-13
197.71603323506386,17.156737547192797,13.210989254727492,2.850495183659222,-7.677185810737499,-1.1789073981821273e-13
197.70642465060268,17.16071745978795,13.21009779087333,2.8500363655952308,-7.676251819813818,-1.0104920555846805e-13
197.6968157749922,17.164697204316592,13.209206300064425,2.849577602659977,-7.675317699199705,-8.420767129872338e-14
197.68720660817647,17.16867678078794,13.20831478229608,2.8491188949445814,-7.674383448841903,-1.0104920555846805e-13
197.6775971500996,17.17265618921123,13.2074232375636,2.848660242540136,-7.673449068687138,-1.0104920555846805e-13
197.66798740070567,17.176635429595684,13.206531665862286,2.848201645537718,-7.672514558682098,-1.515738083377021e-13
197.65837735993873,17.180614501950558,13.205640067187451,2.8477431040283814,-7.67157991877345,-1.1789073981821273e-13
197.64876702774288,17.184593406285096,13.204748441534402,2.8472846181031564,-7.670645148907821,-8.420767129872338e-14
