galstreams/tracks/track.st.Jhelum-b.bonaca2019.ecsv
# %ECSV 0.9
# ---
# datatype:
# - {name: ra, unit: deg, datatype: float64}
# - {name: dec, unit: deg, datatype: float64}
# - {name: distance, unit: kpc, datatype: float64}
# - {name: pm_ra_cosdec, unit: mas / yr, datatype: float64}
# - {name: pm_dec, unit: mas / yr, datatype: float64}
# - {name: radial_velocity, unit: km / s, datatype: float64}
# delimiter: ','
# meta: !!omap
# - __serialized_columns__:
#     dec:
#       __class__: astropy.coordinates.angles.Latitude
#       unit: &id001 !astropy.units.Unit {unit: deg}
#       value: !astropy.table.SerializedColumn {name: dec}
#     distance:
#       __class__: astropy.coordinates.distances.Distance
#       unit: !astropy.units.Unit {unit: kpc}
#       value: !astropy.table.SerializedColumn {name: distance}
#     pm_dec:
#       __class__: astropy.units.quantity.Quantity
#       unit: !astropy.units.Unit {unit: mas / yr}
#       value: !astropy.table.SerializedColumn {name: pm_dec}
#     pm_ra_cosdec:
#       __class__: astropy.units.quantity.Quantity
#       unit: !astropy.units.Unit {unit: mas / yr}
#       value: !astropy.table.SerializedColumn {name: pm_ra_cosdec}
#     ra:
#       __class__: astropy.coordinates.angles.Longitude
#       unit: *id001
#       value: !astropy.table.SerializedColumn {name: ra}
#       wrap_angle: !astropy.coordinates.Angle
#         unit: *id001
#         value: 360.0
#     radial_velocity:
#       __class__: astropy.units.quantity.Quantity
#       unit: !astropy.units.Unit {unit: km / s}
#       value: !astropy.table.SerializedColumn {name: radial_velocity}
# schema: astropy-2.0
ra,dec,distance,pm_ra_cosdec,pm_dec,radial_velocity
[from data line 1525]
342.89260344325083,-50.44753420989305,12.99999999999999,6.5914422447511996,-4.915641944955976,-8.420767129872338e-14
342.877248651765,-50.44542086760673,12.999999999999991,6.590505646540583,-4.916777386699905,-1.6841534259744676e-14
342.86189519881754,-50.443305603476794,12.99999999999999,6.589568759415317,-4.917912406900773,-1.1789073981821273e-13
342.84654308540104,-50.44118841782518,12.99999999999999,6.58863158365375,-4.919047005303846,-1.515738083377021e-13
342.8311923125075,-50.43906931097405,12.99999999999999,6.5876941195342935,-4.920181181654644,-8.420767129872338e-14
342.815842881128,-50.436948283245755,12.999999999999991,6.586756367335416,-4.92131493569894,0.0
342.8004947922529,-50.434825334962895,12.99999999999999,6.585818327335644,-4.922448267182765,-8.420767129872338e-14
342.7851480468719,-50.4327004664483,12.999999999999991,6.584879999813562,-4.923581175852383,3.368306851948935e-14
342.7698026459737,-50.43057367802502,12.999999999999991,6.58394138504781,-4.924713661454331,-5.0524602779234026e-14
342.7544585905465,-50.428444970016336,12.999999999999991,6.583002483317085,-4.925845723735385,3.368306851948935e-14
342.73911588157756,-50.426314342745705,12.999999999999991,6.582063294900143,-4.926977362442578,-1.515738083377021e-13
342.7237745200535,-50.42418179653687,12.999999999999991,6.5811238200758035,-4.928108577323185,-6.73661370389787e-14
342.70843450696003,-50.42204733171376,12.99999999999999,6.580184059122933,-4.929239368124749,-1.347322740779574e-13
342.69309584328226,-50.419910948600545,12.999999999999991,6.579244012320452,-4.930369734595049,-8.420767129872338e-14
342.6777585300044,-50.417772647521616,12.99999999999999,6.578303679947345,-4.931499676482126,3.368306851948935e-14
342.6624225681099,-50.41563242880156,12.99999999999999,6.577363062282653,-4.932629193534272,-5.0524602779234026e-14
342.6470879585815,-50.41349029276522,12.99999999999999,6.576422159605459,-4.933758285500027,-2.020984111169361e-13
342.6317547024012,-50.41134623973765,12.99999999999999,6.57548097219492,-4.934886952128181,-1.515738083377021e-13
342.6164228005502,-50.40920027004409,12.99999999999999,6.5745395003302365,-4.936015193167782,-1.8525687685719145e-13
342.6010922540089,-50.40705238401007,12.99999999999999,6.573597744290673,-4.937143008368123,6.73661370389787e-14
342.58576306375693,-50.4049025819613,12.999999999999991,6.572655704355528,-4.938270397478762,-1.515738083377021e-13
342.57043523077317,-50.4027508642237,12.999999999999991,6.571713380804184,-4.939397360249494,-1.6841534259744677e-13
342.5551087560358,-50.400597231123434,12.999999999999991,6.570770773916053,-4.940523896430371,-1.6841534259744677e-13
342.53978364052216,-50.39844168298688,12.999999999999991,6.569827883970615,-4.941650005771701,-2.5262301389617017e-13
342.5244598852088,-50.39628422014064,12.999999999999993,6.568884711247402,-4.942775688024033,-1.6841534259744676e-14
342.5091374910715,-50.39412484291153,12.999999999999991,6.567941256025985,-4.943900942938191,-1.8525687685719145e-13
342.49381645908534,-50.39196355162658,12.999999999999991,6.566997518586011,-4.945025770265224,-1.515738083377021e-13
342.4784967902246,-50.38980034661305,12.999999999999991,6.566053499207166,-4.9461501697564465,-8.420767129872338e-14
342.4631784854628,-50.38763522819843,12.999999999999993,6.56510919816919,-4.947274141163429,-1.8525687685719145e-13
342.44786154577264,-50.385468196710384,12.99999999999999,6.564164615751882,-4.948397684237985,-1.1789073981821273e-13
342.4325459721261,-50.383299252476874,12.999999999999991,6.563219752235085,-4.949520798732181,-3.368306851948935e-14
342.4172317654943,-50.38112839582599,12.999999999999991,6.562274607898693,-4.950643484398347,-1.515738083377021e-13
342.4019189268478,-50.3789556270861,12.99999999999999,6.5613291830226625,-4.951765740989048,-5.0524602779234026e-14
342.3866074571561,-50.37678094658578,12.999999999999991,6.560383477886994,-4.952887568257119,-1.8525687685719145e-13
342.37129735738824,-50.374604354653826,12.999999999999991,6.5594374927717425,-4.954008965955625,5.0524602779234026e-14
342.35598862851214,-50.37242585161922,12.99999999999999,6.5584912279570124,-4.95512993383791,-8.420767129872338e-14
342.34068127149527,-50.37024543781121,12.99999999999999,6.557544683722952,-4.956250471657549,-1.0104920555846805e-13
342.3253752873041,-50.368063113559224,12.99999999999999,6.5565978603497745,-4.957370579168376,5.0524602779234026e-14
342.3100706769045,-50.36587887919293,12.999999999999993,6.555650758117732,-4.958490256124485,-5.0524602779234026e-14
342.2947674412614,-50.36369273504219,12.999999999999993,6.554703377307133,-4.959609502280209,-1.1789073981821273e-13
342.2794655813391,-50.36150468143712,12.99999999999999,6.553755718198339,-4.960728317390142,-2.020984111169361e-13
342.264165098101,-50.35931471870802,12.999999999999991,6.552807781071751,-4.961846701209126,-5.0524602779234026e-14
342.2488659925099,-50.3571228471854,12.999999999999991,6.5518595662078205,-4.962964653492258,-5.0524602779234026e-14
342.2335682655276,-50.35492906720003,12.99999999999999,6.550911073887058,-4.964082173994891,-1.0104920555846805e-13
342.21827191811536,-50.35273337908286,12.99999999999999,6.54996230439002,-4.965199262472618,-3.368306851948935e-14
342.20297695123344,-50.35053578316504,12.999999999999993,6.549013257997298,-4.966315918681296,-1.347322740779574e-13
342.18768336584145,-50.348336279778,12.99999999999999,6.548063934989556,-4.967432142377037,-1.1789073981821273e-13
342.1723911628983,-50.34613486925332,12.999999999999993,6.547114335647485,-4.968547933316186,0.0
342.1571003433619,-50.34393155192283,12.999999999999991,6.546164460251836,-4.969663291255365,1.6841534259744676e-14
342.1418109081896,-50.34172632811855,12.999999999999991,6.545214309083402,-4.9707782159514355,-8.420767129872338e-14
342.1265228583379,-50.339519198172745,12.999999999999991,6.544263882423029,-4.971892707161505,0.0
342.11123619476245,-50.337310162417886,12.999999999999993,6.543313180551606,-4.973006764642949,-3.368306851948935e-14
342.0959509184182,-50.335099221186624,12.99999999999999,6.542362203750068,-4.974120388153388,-1.515738083377021e-13
342.08066703025935,-50.33288637481188,12.999999999999991,6.541410952299401,-4.9752335774506875,-1.8525687685719145e-13
342.06538453123926,-50.33067162362675,12.999999999999993,6.540459426480635,-4.976346332292978,-1.6841534259744677e-13
342.05010342231054,-50.32845496796455,12.99999999999999,6.539507626574857,-4.977458652438635,-1.1789073981821273e-13
342.03482370442504,-50.326236408158806,12.99999999999999,6.538555552863174,-4.97857053764629,-6.73661370389787e-14
342.01954537853373,-50.32401594454329,12.999999999999991,6.537603205626765,-4.979681987674825,-3.368306851948935e-14
342.00426844558694,-50.32179357745194,12.99999999999999,6.536650585146841,-4.980793002283379,-8.420767129872338e-14
341.9889929065341,-50.31956930721894,12.999999999999993,6.53569769170467,-4.981903581231334,-1.1789073981821273e-13
341.9737187623241,-50.31734313417867,12.999999999999991,6.5347445255815515,-4.983013724278331,0.0
341.9584460139046,-50.315115058665725,12.999999999999993,6.533791087058835,-4.984123431184267,-6.73661370389787e-14
341.94317466222304,-50.312885081014926,12.999999999999993,6.5328373764179215,-4.9852327017092835,-1.6841534259744676e-14
341.9279047082255,-50.31065320156127,12.99999999999999,6.53188339394025,-4.986341535613786,-1.1789073981821273e-13
341.9126361528579,-50.308419420640014,12.999999999999991,6.530929139907306,-4.987449932658409,1.6841534259744676e-14
341.89736899706475,-50.306183738586576,12.99999999999999,6.529974614600614,-4.988557892604071,-8.420767129872338e-14
341.8821032417902,-50.30394615573664,12.99999999999999,6.529019818301749,-4.9896654152119195,-1.6841534259744676e-14
341.8668388879776,-50.30170667242605,12.999999999999991,6.528064751292326,-4.990772500243366,0.0
341.8515759365693,-50.29946528899091,12.999999999999993,6.527109413854003,-4.991879147460072,-1.1789073981821273e-13
341.83631438850705,-50.297222005767466,12.999999999999993,6.526153806268491,-4.9929853566239455,-1.1789073981821273e-13
341.8210542447317,-50.294976823092256,12.999999999999991,6.525197928817528,-4.994091127497159,1.6841534259744676e-14
341.8057955061835,-50.29272974130196,12.999999999999993,6.5242417817829015,-4.99519645984213,-1.1789073981821273e-13
341.79053817380156,-50.29048076073351,12.99999999999999,6.52328536544645,-4.996301353421529,-2.020984111169361e-13
341.7752822485248,-50.28822988172403,12.999999999999991,6.522328680090039,-4.997405807998273,-3.368306851948935e-14
341.7600277312906,-50.28597710461085,12.999999999999991,6.521371725995585,-4.998509823335549,-1.515738083377021e-13
341.7447746230363,-50.28372242973153,12.99999999999999,6.5204145034450445,-4.999613399196784,-8.420767129872338e-14
341.7295229246979,-50.28146585742381,12.999999999999991,6.519457012720418,-5.0007165353456555,-2.020984111169361e-13
341.7142726372109,-50.27920738802567,12.999999999999991,6.518499254103747,-5.001819231546101,-2.020984111169361e-13
341.69902376151003,-50.27694702187526,12.999999999999988,6.517541227877112,-5.002921487562304,-6.73661370389787e-14
341.68377629852904,-50.27468475931098,12.99999999999999,6.516582934322629,-5.004023303158709,-5.0524602779234026e-14
341.668530249201,-50.27242060067142,12.999999999999991,6.5156243737224555,-5.00512467810001,-2.020984111169361e-13
341.65328561445835,-50.27015454629535,12.99999999999999,6.5146655463588115,-5.006225612151144,-1.1789073981821273e-13
341.63804239523245,-50.26788659652181,12.999999999999991,6.513706452513925,-5.007326105077315,-1.0104920555846805e-13
341.6228005924541,-50.26561675168999,12.999999999999993,6.512747092470081,-5.008426156643973,-1.347322740779574e-13
341.6075602070532,-50.26334501213932,12.999999999999991,6.5117874665096105,-5.009525766616819,-3.368306851948935e-14
341.592321239959,-50.2610713782094,12.999999999999991,6.510827574914865,-5.010624934761809,-3.368306851948935e-14
341.5770836920998,-50.2587958502401,12.999999999999991,6.509867417968249,-5.0117236608451545,-6.73661370389787e-14
341.5618475644032,-50.25651842857143,12.999999999999991,6.5089069959522,-5.012821944633314,-1.6841534259744677e-13
341.546612857796,-50.25423911354365,12.999999999999991,6.507946309149202,-5.013919785892998,-3.368306851948935e-14
341.5313795732042,-50.25195790549721,12.999999999999991,6.506985357841766,-5.015017184391183,-2.3578147963642546e-13
341.5161477115531,-50.249674804772766,12.99999999999999,6.506024142312455,-5.016114139895075,-6.73661370389787e-14
341.5009172737671,-50.24738981171118,12.99999999999999,6.505062662843852,-5.017210652172158,-2.020984111169361e-13
341.4856882607698,-50.24510292665353,12.999999999999991,6.504100919718598,-5.018306720990146,-6.73661370389787e-14
341.4704606734841,-50.24281414994108,12.99999999999999,6.5031389132193596,-5.019402346117026,-1.6841534259744677e-13
341.45523451283213,-50.2405234819153,12.99999999999999,6.5021766436288395,-5.0204975273210195,-2.3578147963642546e-13
341.4400097797352,-50.2382309229179,12.99999999999999,6.501214111229785,-5.021592264370609,-6.73661370389787e-14
341.4247864751137,-50.23593647329075,12.999999999999991,6.500251316304974,-5.022686557034537,-2.020984111169361e-13
341.4095645998875,-50.23364013337595,12.99999999999999,6.499288259137229,-5.0237804050817845,-1.0104920555846805e-13
341.39434415497544,-50.23134190351579,12.99999999999999,6.498324940009394,-5.024873808281598,-1.6841534259744677e-13
341.3791251412957,-50.229041784052775,12.99999999999999,6.49736135920437,-5.025966766403462,-3.368306851948935e-14
341.3639075597655,-50.22673977532961,12.999999999999991,6.496397517005067,-5.027059279217134,-2.3578147963642546e-13
341.3486914113016,-50.22443587768922,12.99999999999999,6.495433413694466,-5.0281513464926,0.0
341.3334766968197,-50.22213009147468,12.999999999999991,6.494469049555548,-5.029242968000122,-2.020984111169361e-13
341.31826341723473,-50.21982241702933,12.999999999999993,6.493504424871355,-5.030334143510196,-2.3578147963642546e-13
341.303051573461,-50.21751285469669,12.99999999999999,6.492539539924951,-5.031424872793581,-1.6841534259744677e-13
341.28784116641185,-50.215201404820455,12.999999999999993,6.491574394999438,-5.032515155621287,-2.020984111169361e-13
341.2726321969999,-50.21288806774457,12.999999999999993,6.490608990377955,-5.03360499176457,-1.0104920555846805e-13
341.257424666137,-50.21057284381316,12.999999999999991,6.489643326343673,-5.034694380994955,-1.0104920555846805e-13
341.2422185747342,-50.20825573337054,12.999999999999993,6.4886774031797945,-5.035783323084196,0.0
341.22701392370163,-50.205936736761245,12.999999999999991,6.487711221169562,-5.036871817804329,-1.6841534259744677e-13
341.2118107139489,-50.20361585433,12.99999999999999,6.486744780596247,-5.037959864927611,-1.6841534259744677e-13
341.19660894638463,-50.20129308642175,12.999999999999991,6.485778081743159,-5.039047464226572,0.0
341.18140862191666,-50.198968433381616,12.999999999999991,6.484811124893635,-5.040134615473991,-6.73661370389787e-14
341.1662097414521,-50.19664189555491,12.999999999999991,6.483843910331047,-5.041221318442895,-1.347322740779574e-13
341.15101230589727,-50.194313473287195,12.999999999999993,6.482876438338803,-5.042307572906569,-1.6841534259744677e-13
341.1358163161576,-50.1919831669242,12.999999999999993,6.48190870920034,-5.043393378638548,-2.020984111169361e-13
341.1206217731379,-50.18965097681186,12.999999999999993,6.480940723199129,-5.044478735412618,-1.6841534259744677e-13
341.105428677742,-50.1873169032963,12.999999999999993,6.479972480618678,-5.045563643002817,-3.368306851948935e-14
341.090237030873,-50.184980946723854,12.999999999999993,6.4790039817425145,-5.046648101183447,-2.020984111169361e-13
341.0750468334333,-50.182643107441066,12.999999999999991,6.478035226854205,-5.047732109729044,-1.6841534259744677e-13
341.0598580863245,-50.18030338579466,12.999999999999991,6.477066216237351,-5.048815668414408,-1.347322740779574e-13
341.0446707904472,-50.17796178213157,12.999999999999991,6.476096950175579,-5.049898777014591,-1.6841534259744677e-13
341.0294849467014,-50.17561829679893,12.999999999999993,6.475127428952552,-5.050981435304896,-6.73661370389787e-14
341.0143005559863,-50.17327293014405,12.999999999999993,6.474157652851956,-5.052063643060878,-2.020984111169361e-13
340.9991176192003,-50.17092568251448,12.999999999999993,6.473187622157522,-5.053145400058339,-6.73661370389787e-14
340.9839361372409,-50.16857655425794,12.999999999999993,6.472217337152987,-5.054226706073353,-3.368306851948935e-14
340.96875611100484,-50.16622554572235,12.999999999999993,6.4712467981221415,-5.055307560882223,-1.6841534259744677e-13
340.9535775413882,-50.16387265725584,12.999999999999993,6.470276005348796,-5.056387964261516,-1.0104920555846805e-13
340.9384004292861,-50.16151788920671,12.999999999999996,6.469304959116791,-5.057467915988049,-6.73661370389787e-14
340.923224775593,-50.159161241923506,12.999999999999991,6.468333659709998,-5.058547415838897,-6.73661370389787e-14
340.9080505812024,-50.15680271575492,12.999999999999993,6.467362107412311,-5.05962646359138,-1.0104920555846805e-13
340.8928778470073,-50.154442311049856,12.999999999999993,6.466390302507669,-5.060705059023068,-6.73661370389787e-14
340.87770657389945,-50.15208002815743,12.999999999999993,6.465418245280019,-5.061783201911799,-2.3578147963642546e-13
340.8625367627703,-50.149715867426956,12.999999999999993,6.464445936013354,-5.062860892035644,-1.6841534259744677e-13
340.8473684145101,-50.147349829207926,12.999999999999993,6.463473374991686,-5.063938129172938,-6.73661370389787e-14
340.83220153000855,-50.14498191385001,12.999999999999993,6.462500562499054,-5.065014913102267,-6.73661370389787e-14
340.81703611015445,-50.14261212170314,12.999999999999993,6.461527498819526,-5.06609124360247,-2.3578147963642546e-13
340.8018721558359,-50.14024045311739,12.999999999999993,6.460554184237215,-5.0671671204526305,0.0
