galstreams/tracks/track.po.Corvus.mateu2018.ecsv
# %ECSV 0.9
# ---
# datatype:
# - {name: ra, unit: deg, datatype: float64}
# - {name: dec, unit: deg, datatype: float64}
# - {name: distance, unit: kpc, datatype: float64}
# - {name: pm_ra_cosdec, unit: mas / yr, datatype: float64}
# - {name: pm_dec, unit: mas / yr, datatype: float64}
# - {name: radial_velocity, unit: km / s, datatype: float64}
# delimiter: ','
# meta: !!omap
# - __serialized_columns__:
#     dec:
#       __class__: astropy.coordinates.angles.Latitude
#       unit: &id001 !astropy.units.Unit {unit: deg}
#       value: !astropy.table.SerializedColumn {name: dec}
#     distance:
#       __class__: astropy.coordinates.distances.Distance
#       unit: !astropy.units.Unit {unit: kpc}
#       value: !astropy.table.SerializedColumn {name: distance}
#     pm_dec:
#       __class__: astropy.units.quantity.Quantity
#       unit: !astropy.units.Unit {unit: mas / yr}
#       value: !astropy.table.SerializedColumn {name: pm_dec}
#     pm_ra_cosdec:
#       __class__: astropy.units.quantity.Quantity
#       unit: !astropy.units.Unit {unit: mas / yr}
#       value: !astropy.table.SerializedColumn {name: pm_ra_cosdec}
#     ra:
#       __class__: astropy.coordinates.angles.Longitude
#       unit: *id001
#       value: !astropy.table.SerializedColumn {name: ra}
#       wrap_angle: !astropy.coordinates.Angle
#         unit: *id001
#         value: 360.0
#     radial_velocity:
#       __class__: astropy.units.quantity.Quantity
#       unit: !astropy.units.Unit {unit: km / s}
#       value: !astropy.table.SerializedColumn {name: radial_velocity}
# schema: astropy-2.0
ra,dec,distance,pm_ra_cosdec,pm_dec,radial_velocity
[from data line 2570]
167.55418418572864,-13.597414496121457,7.280585388578304,0.0,0.0,0.0
167.56452366473658,-13.598016825346342,7.2818363662668695,0.0,0.0,0.0
167.57486309019478,-13.598619483217691,7.28308760739098,0.0,0.0,0.0
167.58520246215468,-13.599222469762655,7.284339111938462,0.0,0.0,0.0
167.59554178066787,-13.59982578500832,7.285590879897087,0.0,0.0,0.0
167.6058810457859,-13.60042942898169,7.286842911254592,0.0,0.0,0.0
167.61622025756043,-13.601033401709705,7.288095205998661,0.0,0.0,0.0
167.62655941604308,-13.601637703219232,7.289347764116936,0.0,0.0,0.0
167.63689852128553,-13.602242333537076,7.290600585597006,0.0,0.0,0.0
167.6472375733395,-13.602847292689953,7.291853670426422,0.0,0.0,0.0
167.65757657225674,-13.603452580704515,7.293107018592686,0.0,0.0,0.0
167.667915518089,-13.604058197607362,7.294360630083247,0.0,0.0,0.0
167.6782544108881,-13.604664143424989,7.295614504885516,0.0,0.0,0.0
167.68859325070585,-13.605270418183844,7.2968686429868574,0.0,0.0,0.0
167.69893203759418,-13.605877021910299,7.298123044374586,0.0,0.0,0.0
167.70927077160493,-13.606483954630649,7.29937770903597,0.0,0.0,0.0
167.71960945279008,-13.60709121637112,7.300632636958231,0.0,0.0,0.0
167.72994808120157,-13.607698807157874,7.301887828128548,0.0,0.0,0.0
167.7402866568914,-13.60830672701699,7.30314328253405,0.0,0.0,0.0
167.75062517991162,-13.608914975974487,7.30439900016182,0.0,0.0,0.0
167.76096365031427,-13.6095235540563,7.3056549809989,0.0,0.0,0.0
167.7713020681514,-13.610132461288307,7.306911225032276,0.0,0.0,0.0
167.78164043347522,-13.610741697696302,7.308167732248895,0.0,0.0,0.0
167.79197874633783,-13.611351263306013,7.309424502635655,0.0,0.0,0.0
167.8023170067914,-13.611961158143098,7.310681536179406,0.0,0.0,0.0
167.81265521488822,-13.612571382233146,7.3119388328669555,0.0,0.0,0.0
167.82299337068048,-13.613181935601665,7.313196392685061,0.0,0.0,0.0
167.8333314742205,-13.613792818274096,7.314454215620437,0.0,0.0,0.0
167.84366952556056,-13.614404030275816,7.315712301659745,0.0,0.0,0.0
167.854007524753,-13.615015571632123,7.316970650789605,0.0,0.0,0.0
167.8643454718502,-13.615627442368238,7.318229262996594,0.0,0.0,0.0
167.87468336690463,-13.616239642509322,7.319488138267233,0.0,0.0,0.0
167.88502120996867,-13.61685217208046,7.320747276588005,0.0,0.0,0.0
167.8953590010948,-13.617465031106661,7.322006677945341,0.0,0.0,0.0
167.9056967403355,-13.618078219612869,7.323266342325628,0.0,0.0,0.0
167.9160344277433,-13.61869173762395,7.324526269715205,0.0,0.0,0.0
167.92637206337085,-13.61930558516471,7.325786460100365,0.0,0.0,0.0
167.93670964727067,-13.619919762259865,7.327046913467356,0.0,0.0,0.0
167.94704717949537,-13.620534268934076,7.328307629802375,0.0,0.0,0.0
167.9573846600977,-13.621149105211922,7.329568609091577,0.0,0.0,0.0
167.96772208913026,-13.621764271117911,7.33082985132107,0.0,0.0,0.0
167.97805946664582,-13.62237976667649,7.3320913564769095,0.0,0.0,0.0
167.9883967926971,-13.622995591912023,7.333353124545114,0.0,0.0,0.0
167.9987340673369,-13.623611746848802,7.334615155511642,0.0,0.0,0.0
168.00907129061807,-13.624228231511058,7.335877449362418,0.0,0.0,0.0
168.01940846259342,-13.624845045922928,7.3371400060833185,0.0,0.0,0.0
168.02974558331584,-13.625462190108504,7.338402825660162,0.0,0.0,0.0
168.0400826528382,-13.626079664091792,7.339665908078732,0.0,0.0,0.0
168.05041967121352,-13.626697467896731,7.340929253324758,0.0,0.0,0.0
168.0607566384947,-13.627315601547176,7.3421928613839285,0.0,0.0,0.0
168.07109355473474,-13.627934065066922,7.343456732241881,0.0,0.0,0.0
168.08143041998673,-13.628552858479692,7.344720865884208,0.0,0.0,0.0
168.0917672343037,-13.629171981809133,7.345985262296454,0.0,0.0,0.0
168.10210399773877,-13.629791435078818,7.347249921464117,0.0,0.0,0.0
168.11244071034503,-13.630411218312258,7.348514843372647,0.0,0.0,0.0
168.12277737217568,-13.631031331532876,7.349780028007453,0.0,0.0,0.0
168.13311398328386,-13.631651774764036,7.351045475353889,0.0,0.0,0.0
168.14345054372282,-13.632272548029025,7.352311185397263,0.0,0.0,0.0
168.1537870535458,-13.632893651351056,7.353577158122844,0.0,0.0,0.0
168.16412351280613,-13.633515084753276,7.354843393515847,0.0,0.0,0.0
168.17445992155706,-13.634136848258754,7.356109891561439,0.0,0.0,0.0
168.184796279852,-13.634758941890487,7.357376652244749,0.0,0.0,0.0
168.1951325877442,-13.635381365671408,7.358643675550846,0.0,0.0,0.0
168.2054688452872,-13.636004119624364,7.359910961464762,0.0,0.0,0.0
168.21580505253445,-13.636627203772141,7.36117850997148,0.0,0.0,0.0
168.22614120953926,-13.637250618137447,7.362446321055931,0.0,0.0,0.0
168.2364773163553,-13.637874362742924,7.363714394703005,0.0,0.0,0.0
168.24681337303593,-13.638498437611132,7.364982730897544,0.0,0.0,0.0
168.25714937963488,-13.63912284276456,7.3662513296243395,0.0,0.0,0.0
168.26748533620565,-13.639747578225638,7.367520190868138,0.0,0.0,0.0
168.27782124280188,-13.640372644016711,7.3687893146136405,0.0,0.0,0.0
168.2881570994772,-13.640998040160053,7.370058700845498,0.0,0.0,0.0
168.29849290628533,-13.641623766677865,7.3713283495483175,0.0,0.0,0.0
168.30882866327997,-13.642249823592282,7.372598260706653,0.0,0.0,0.0
168.31916437051487,-13.642876210925358,7.373868434305019,0.0,0.0,0.0
168.32950002804375,-13.643502928699087,7.37513887032788,0.0,0.0,0.0
168.33983563592054,-13.644129976935375,7.376409568759646,0.0,0.0,0.0
168.35017119419894,-13.64475735565606,7.377680529584697,0.0,0.0,0.0
168.36050670293292,-13.64538506488292,7.378951752787346,0.0,0.0,0.0
168.3708421621763,-13.64601310463764,7.380223238351872,0.0,0.0,0.0
168.3811775719831,-13.646641474941855,7.381494986262503,0.0,0.0,0.0
168.39151293240718,-13.647270175817106,7.382766996503415,0.0,0.0,0.0
168.4018482435026,-13.647899207284874,7.384039269058748,0.0,0.0,0.0
168.41218350532336,-13.648528569366562,7.385311803912586,0.0,0.0,0.0
168.42251871792348,-13.649158262083503,7.386584601048963,0.0,0.0,0.0
168.43285388135712,-13.64978828545696,7.387857660451877,0.0,0.0,0.0
168.4431889956783,-13.65041863950812,7.389130982105266,0.0,0.0,0.0
168.45352406094125,-13.651049324258095,7.390404565993031,0.0,0.0,0.0
168.46385907720008,-13.651680339727925,7.3916784120990195,0.0,0.0,0.0
168.47419404450898,-13.652311685938583,7.392952520407036,0.0,0.0,0.0
168.48452896292224,-13.652943362910968,7.394226890900832,0.0,0.0,0.0
168.4948638324941,-13.653575370665893,7.395501523564117,0.0,0.0,0.0
168.50519865327888,-13.654207709224115,7.39677641838055,0.0,0.0,0.0
168.51553342533083,-13.654840378606314,7.398051575333743,0.0,0.0,0.0
168.52586814870438,-13.655473378833092,7.399326994407263,0.0,0.0,0.0
168.53620282345392,-13.656106709924979,7.400602675584625,0.0,0.0,0.0
168.5465374496338,-13.656740371902433,7.401878618849303,0.0,0.0,0.0
168.5568720272985,-13.657374364785845,7.4031548241847185,0.0,0.0,0.0
168.56720655650253,-13.658008688595526,7.4044312915742445,0.0,0.0,0.0
168.57754103730036,-13.658643343351711,7.405708021001213,0.0,0.0,0.0
168.58787546974654,-13.65927832907458,7.4069850124489,0.0,0.0,0.0
168.5982098538956,-13.659913645784213,7.408262265900543,0.0,0.0,0.0
168.60854418980222,-13.66054929350064,7.409539781339324,0.0,0.0,0.0
168.61887847752092,-13.661185272243806,7.410817558748383,0.0,0.0,0.0
168.62921271710647,-13.661821582033589,7.412095598110807,0.0,0.0,0.0
168.63954690861348,-13.662458222889788,7.413373899409643,0.0,0.0,0.0
168.64988105209667,-13.663095194832128,7.414652462627885,0.0,0.0,0.0
168.66021514761084,-13.663732497880273,7.415931287748478,0.0,0.0,0.0
168.67054919521075,-13.6643701320538,7.417210374754328,0.0,0.0,0.0
168.68088319495118,-13.665008097372224,7.41848972362828,0.0,0.0,0.0
168.69121714688697,-13.665646393854976,7.419769334353145,0.0,0.0,0.0
168.701551051073,-13.666285021521427,7.421049206911676,0.0,0.0,0.0
168.71188490756418,-13.666923980390848,7.422329341286586,0.0,0.0,0.0
168.72221871641545,-13.667563270482479,7.423609737460533,0.0,0.0,0.0
168.73255247768174,-13.668202891815449,7.424890395416135,0.0,0.0,0.0
168.74288619141805,-13.668842844408832,7.426171315135961,0.0,0.0,0.0
168.7532198576794,-13.669483128281628,7.427452496602522,0.0,0.0,0.0
168.7635534765208,-13.670123743452756,7.428733939798294,0.0,0.0,0.0
168.7738870479974,-13.67076468994107,7.430015644705702,0.0,0.0,0.0
168.78422057216423,-13.671405967765345,7.4312976113071185,0.0,0.0,0.0
168.79455404907648,-13.672047576944285,7.432579839584872,0.0,0.0,0.0
168.8048874787893,-13.672689517496517,7.433862329521246,0.0,0.0,0.0
168.81522086135794,-13.673331789440605,7.43514508109847,0.0,0.0,0.0
168.82555419683754,-13.673974392795028,7.436428094298727,0.0,0.0,0.0
168.83588748528342,-13.674617327578193,7.43771136910416,0.0,0.0,0.0
168.8462207267508,-13.67526059380844,7.438994905496853,0.0,0.0,0.0
168.85655392129507,-13.675904191504035,7.440278703458849,0.0,0.0,0.0
168.86688706897152,-13.676548120683163,7.44156276297214,0.0,0.0,0.0
168.8772201698356,-13.677192381363941,7.442847084018675,0.0,0.0,0.0
168.88755322394266,-13.677836973564416,7.444131666580349,0.0,0.0,0.0
168.89788623134808,-13.67848189730255,7.445416510639014,0.0,0.0,0.0
168.90821919210745,-13.67912715259624,7.446701616176469,0.0,0.0,0.0
168.9185521062762,-13.67977273946331,7.447986983174473,0.0,0.0,0.0
168.92888497390982,-13.680418657921507,7.449272611614727,0.0,0.0,0.0
168.9392177950639,-13.681064907988507,7.450558501478895,0.0,0.0,0.0
168.94955056979407,-13.681711489681915,7.451844652748581,0.0,0.0,0.0
168.9598832981559,-13.68235840301925,7.453131065405352,0.0,0.0,0.0
168.97021598020498,-13.683005648017966,7.454417739430724,0.0,0.0,0.0
168.98054861599704,-13.683653224695453,7.4557046748061575,0.0,0.0,0.0
168.99088120558778,-13.684301133069004,7.456991871513079,0.0,0.0,0.0
169.00121374903293,-13.68494937315586,7.458279329532853,0.0,0.0,0.0
169.01154624638824,-13.685597944973184,7.459567048846804,0.0,0.0,0.0
169.0218786977095,-13.68624684853805,7.460855029436207,0.0,0.0,0.0
169.03221110305253,-13.686896083867472,7.462143271282289,0.0,0.0,0.0
169.0425434624732,-13.687545650978393,7.46343177436623,0.0,0.0,0.0
169.05287577602732,-13.688195549887674,7.464720538669157,0.0,0.0,0.0
169.06320804377089,-13.688845780612104,7.466009564172154,0.0,0.0,0.0
169.07354026575976,-13.689496343168397,7.467298850856258,0.0,0.0,0.0
169.08387244204997,-13.6901472375732,7.468588398702451,0.0,0.0,0.0
169.09420457269746,-13.690798463843075,7.469878207691674,0.0,0.0,0.0
169.10453665775827,-13.691450021994527,7.471168277804818,0.0,0.0,0.0
169.1148686972885,-13.692101912043963,7.472458609022721,0.0,0.0,0.0
169.1252006913442,-13.692754134007739,7.473749201326182,0.0,0.0,0.0
169.13553263998142,-13.693406687902119,7.475040054695945,0.0,0.0,0.0
169.14586454325638,-13.694059573743315,7.476331169112704,0.0,0.0,0.0
169.15619640122526,-13.694712791547436,7.477622544557115,0.0,0.0,0.0
169.1665282139442,-13.695366341330544,7.478914181009776,0.0,0.0,0.0
169.17685998146945,-13.696020223108608,7.48020607845124,0.0,0.0,0.0
169.18719170385728,-13.696674436897538,7.481498236862011,0.0,0.0,0.0
169.19752338116396,-13.697328982713154,7.482790656222546,0.0,0.0,0.0
169.20785501344582,-13.697983860571217,7.484083336513256,0.0,0.0,0.0
169.2181866007592,-13.698639070487403,7.485376277714499,0.0,0.0,0.0
169.2285181431605,-13.699294612477324,7.486669479806587,0.0,0.0,0.0
169.2388496407061,-13.699950486556503,7.487962942769785,0.0,0.0,0.0
169.2491810934524,-13.700606692740402,7.48925666658431,0.0,0.0,0.0
169.2595125014559,-13.701263231044408,7.4905506512303255,0.0,0.0,0.0
169.26984386477307,-13.701920101483827,7.491844896687953,0.0,0.0,0.0
169.28017518346047,-13.702577304073895,7.49313940293726,0.0,0.0,0.0
169.2905064575746,-13.70323483882977,7.494434169958272,0.0,0.0,0.0
169.30083768717205,-13.703892705766542,7.495729197730963,0.0,0.0,0.0
169.31116887230945,-13.704550904899229,7.497024486235256,0.0,0.0,0.0
169.32150001304342,-13.705209436242756,7.498320035451031,0.0,0.0,0.0
169.3318311094306,-13.705868299812,7.499615845358117,0.0,0.0,0.0
169.3421621615277,-13.70652749562174,7.500911915936294,0.0,0.0,0.0
169.35249316939147,-13.707187023686696,7.502208247165292,0.0,0.0,0.0
169.3628241330786,-13.707846884021517,7.503504839024798,0.0,0.0,0.0
169.37315505264593,-13.708507076640755,7.504801691494444,0.0,0.0,0.0
169.3834859281502,-13.709167601558914,7.506098804553821,0.0,0.0,0.0
169.39381675964833,-13.709828458790401,7.507396178182467,0.0,0.0,0.0
169.4041475471971,-13.710489648349572,7.508693812359868,0.0,0.0,0.0
169.41447829085348,-13.711151170250687,7.509991707065469,0.0,0.0,0.0
169.4248089906743,-13.711813024507945,7.511289862278664,0.0,0.0,0.0
169.4351396467166,-13.712475211135464,7.512588277978795,0.0,0.0,0.0
169.44547025903734,-13.713137730147286,7.513886954145161,0.0,0.0,0.0
169.4558008276935,-13.713800581557393,7.515185890757007,0.0,0.0,0.0
169.46613135274214,-13.71446376537967,7.516485087793533,0.0,0.0,0.0
169.47646183424027,-13.715127281627948,7.517784545233892,0.0,0.0,0.0
169.48679227224508,-13.715791130315969,7.519084263057184,0.0,0.0,0.0
169.4971226668136,-13.71645531145741,7.520384241242463,0.0,0.0,0.0
169.50745301800302,-13.717119825065868,7.521684479768735,0.0,0.0,0.0
169.51778332587054,-13.717784671154861,7.522984978614958,0.0,0.0,0.0
169.52811359047334,-13.718449849737848,7.524285737760035,0.0,0.0,0.0
169.5384438118687,-13.7191153608282,7.525586757182827,0.0,0.0,0.0
169.5487739901138,-13.719781204439215,7.526888036862149,0.0,0.0,0.0
169.55910412526597,-13.720447380584119,7.52818957677676,0.0,0.0,0.0
169.56943421738256,-13.721113889276065,7.529491376905373,0.0,0.0,0.0
169.5797642665209,-13.72178073052813,7.530793437226656,0.0,0.0,0.0
169.59009427273836,-13.722447904353308,7.532095757719222,0.0,0.0,0.0
169.60042423609238,-13.723115410764533,7.53339833836164,0.0,0.0,0.0
169.61075415664035,-13.723783249774653,7.534701179132428,0.0,0.0,0.0
169.62108403443975,-13.72445142139645,7.536004280010059,0.0,0.0,0.0
169.63141386954808,-13.725119925642618,7.537307640972951,0.0,0.0,0.0
169.64174366202286,-13.725788762525791,7.53861126199948,0.0,0.0,0.0
169.6520734119216,-13.726457932058521,7.5399151430679705,0.0,0.0,0.0
169.66240311930198,-13.727127434253294,7.541219284156695,0.0,0.0,0.0
169.6727327842214,-13.727797269122485,7.542523685243883,0.0,0.0,0.0
169.68306240673778,-13.72846743667846,7.543828346307709,0.0,0.0,0.0
169.6933919869085,-13.729137936933437,7.545133267326308,0.0,0.0,0.0
169.70372152479146,-13.729808769899627,7.546438448277757,0.0,0.0,0.0
169.71405102044417,-13.730479935589104,7.547743889140087,0.0,0.0,0.0
169.7243804739246,-13.73115143401392,7.549049589891284,0.0,0.0,0.0
169.73470988529033,-13.731823265186014,7.5503555505092805,0.0,0.0,0.0
169.7450392545993,-13.732495429117279,7.55166177097196,0.0,0.0,0.0
169.75536858190924,-13.733167925819497,7.5529682512571625,0.0,0.0,0.0
169.7656978672781,-13.733840755304422,7.554274991342675,0.0,0.0,0.0
169.7760271107636,-13.734513917583683,7.5555819912062345,0.0,0.0,0.0
169.78635631242392,-13.735187412668884,7.556889250825535,0.0,0.0,0.0
169.7966854723167,-13.735861240571507,7.558196770178213,0.0,0.0,0.0
169.8070145905002,-13.736535401303,7.559504549241865,0.0,0.0,0.0
169.81734366703213,-13.737209894874693,7.5608125879940316,0.0,0.0,0.0
169.82767270197078,-13.737884721297895,7.5621208864122105,0.0,0.0,0.0
169.83800169537398,-13.738559880583782,7.563429444473844,0.0,0.0,0.0
169.84833064729997,-13.739235372743504,7.56473826215633,0.0,0.0,0.0
169.8586595578067,-13.739911197788093,7.566047339437019,0.0,0.0,0.0
169.86898842695254,-13.740587355728552,7.567356676293204,0.0,0.0,0.0
169.87931725479538,-13.741263846575754,7.568666272702143,0.0,0.0,0.0
169.88964604139363,-13.741940670340556,7.569976128641033,0.0,0.0,0.0
169.89997478680536,-13.742617827033687,7.571286244087027,0.0,0.0,0.0
169.91030349108894,-13.74329531666585,7.572596619017226,0.0,0.0,0.0
169.9206321543025,-13.74397313924762,7.5739072534086835,0.0,0.0,0.0
169.93096077650452,-13.744651294789552,7.575218147238411,0.0,0.0,0.0
169.9412893577531,-13.745329783302067,7.576529300483358,0.0,0.0,0.0
169.9516178981069,-13.746008604795572,7.5778407131204375,0.0,0.0,0.0
