galstreams/tracks/track.st.Indus.shipp2019.ecsv
# %ECSV 1.0
# ---
# datatype:
# - {name: ra, unit: deg, datatype: float64}
# - {name: dec, unit: deg, datatype: float64}
# - {name: distance, unit: kpc, datatype: float64}
# - {name: pm_ra_cosdec, unit: mas / yr, datatype: float64}
# - {name: pm_dec, unit: mas / yr, datatype: float64}
# - {name: radial_velocity, unit: km / s, datatype: float64}
# delimiter: ','
# meta: !!omap
# - __serialized_columns__:
#     dec:
#       __class__: astropy.coordinates.angles.Latitude
#       unit: &id001 !astropy.units.Unit {unit: deg}
#       value: !astropy.table.SerializedColumn {name: dec}
#     distance:
#       __class__: astropy.coordinates.distances.Distance
#       unit: !astropy.units.Unit {unit: kpc}
#       value: !astropy.table.SerializedColumn {name: distance}
#     pm_dec:
#       __class__: astropy.units.quantity.Quantity
#       unit: !astropy.units.Unit {unit: mas / yr}
#       value: !astropy.table.SerializedColumn {name: pm_dec}
#     pm_ra_cosdec:
#       __class__: astropy.units.quantity.Quantity
#       unit: !astropy.units.Unit {unit: mas / yr}
#       value: !astropy.table.SerializedColumn {name: pm_ra_cosdec}
#     ra:
#       __class__: astropy.coordinates.angles.Longitude
#       unit: *id001
#       value: !astropy.table.SerializedColumn {name: ra}
#       wrap_angle: !astropy.coordinates.Angle
#         unit: *id001
#         value: 360.0
#     radial_velocity:
#       __class__: astropy.units.quantity.Quantity
#       unit: !astropy.units.Unit {unit: km / s}
#       value: !astropy.table.SerializedColumn {name: radial_velocity}
# schema: astropy-2.0
ra,dec,distance,pm_ra_cosdec,pm_dec,radial_velocity
[from data line 1323]
341.5304669499774,-61.257585030641714,16.600000000000005,3.5581950784687635,-4.834267177158347,-38.01107495315369
341.5466165671117,-61.263895328754586,16.60000000000001,3.5594606199587577,-4.834109453662245,-37.96197823743203
341.56277180555145,-61.27020421116406,16.600000000000005,3.560726819248977,-4.833951295615049,-37.91285958711182
341.57893266788375,-61.27651167690499,16.600000000000005,3.5619936765969324,-4.833792702383748,-37.86371900219318
341.59509915669577,-61.28281772501156,16.6,3.563261192259932,-4.833633673334796,-37.81455648267588
341.61127127457445,-61.28912235451735,16.60000000000001,3.5645293664950293,-4.83347420783412,-37.76537202856019
341.62744902410697,-61.29542556445526,16.600000000000005,3.5657981995590813,-4.833314305247117,-37.71616563984591
341.64363240788015,-61.30172735385754,16.60000000000001,3.567067691708691,-4.833153964938641,-37.66693731653327
341.65982142848094,-61.308027721755835,16.600000000000005,3.5683378432002524,-4.83299318627303,-37.61768705862195
341.67601608849617,-61.3143266671811,16.600000000000005,3.5696086542899104,-4.832831968614075,-37.5684148661121
341.69221639051244,-61.320624189163645,16.60000000000001,3.5708801252335904,-4.832670311325043,-37.51912073900389
341.70842233711653,-61.32692028673317,16.600000000000005,3.5721522562869903,-4.832508213768673,-37.46980467729708
341.72463393089504,-61.33321495891869,16.600000000000005,3.5734250477055673,-4.832345675307156,-37.4204666809918
341.7408511744344,-61.339508204748576,16.60000000000001,3.5746984997445517,-4.832182695302165,-37.37110675008806
341.7570740703211,-61.345800023250575,16.60000000000001,3.5759726126589393,-4.8320192731148275,-37.32172488458575
341.77330262114145,-61.352090413451776,16.600000000000005,3.577247386703491,-4.8318554081057545,-37.27232108448482
341.7895368294817,-61.35837937437858,16.60000000000001,3.5785228221327268,-4.831691099635007,-37.222895349785546
341.80577669792797,-61.3646669050568,16.6,3.57979891920094,-4.831526347062124,-37.17344768048777
341.8220222290665,-61.370953004511556,16.600000000000005,3.581075678162187,-4.831361149746103,-37.12397807659139
341.83827342548295,-61.37723767176735,16.600000000000005,3.5823530992702763,-4.8311955070454164,-37.0744865380965
341.85453028976343,-61.38352090584799,16.60000000000001,3.5836311827787886,-4.831029418317992,-37.0249730650032
341.87079282449366,-61.38980270577669,16.60000000000001,3.5849099289410664,-4.830862882921234,-36.975437657311225
341.8870610322591,-61.39608307057597,16.600000000000005,3.586189338010199,-4.830695900212013,-36.92588031502097
341.9033349156455,-61.40236199926773,16.600000000000005,3.587469410239046,-4.830528469546657,-36.87630103813204
341.91961447723816,-61.40863949087318,16.60000000000001,3.58875014588023,-4.83036059028096,-36.826699826644614
341.9358997196224,-61.41491554441293,16.60000000000001,3.590031545186117,-4.830192261770194,-36.777076680558785
341.9521906453834,-61.421190158906896,16.600000000000005,3.5913136084088446,-4.830023483369082,-36.72743159987424
341.9684872571062,-61.427463333374355,16.600000000000005,3.59259633580029,-4.829854254431827,-36.67776458459138
341.9847895573757,-61.43373506683394,16.600000000000005,3.593879727612108,-4.829684574312082,-36.62807563471002
342.0010975487768,-61.440005358303644,16.600000000000005,3.5951637840956874,-4.8295144423629734,-36.57836475023002
342.017411233894,-61.44627420680078,16.6,3.59644850550218,-4.829343857937092,-36.52863193115153
342.0337306153119,-61.45254161134201,16.600000000000005,3.597733892082493,-4.829172820386493,-36.47887717747454
342.0500556956149,-61.45880757094338,16.60000000000001,3.5990199440872783,-4.829001329062698,-36.42910048919907
342.0663864773872,-61.46507208462022,16.600000000000005,3.6003066617669415,-4.828829383316692,-36.379301866325164
342.0827229632129,-61.47133515138727,16.600000000000005,3.601594045371646,-4.82865698249892,-36.32948130885262
342.09906515567593,-61.47759677025861,16.600000000000005,3.6028820951512928,-4.828484125959306,-36.27963881678154
342.11541305736006,-61.4838569402476,16.600000000000005,3.6041708113555453,-4.828310813047217,-36.22977439011204
342.13176667084883,-61.49011566036702,16.600000000000005,3.605460194233799,-4.828137043111505,-36.17988802884407
342.14812599872585,-61.49637292962897,16.600000000000005,3.6067502440352115,-4.82796281550047,-36.12997973297754
342.16449104357434,-61.502628747044895,16.600000000000005,3.608040961008681,-4.827788129561886,-36.080049502512495
342.1808618079774,-61.50888311162557,16.600000000000005,3.6093323454028514,-4.827612984642989,-36.030097337448986
342.197238294518,-61.515136022381164,16.60000000000001,3.610624397466105,-4.827437380090473,-35.980123237786934
342.2136205057789,-61.52138747832113,16.600000000000005,3.6119171174465823,-4.827261315250505,-35.93012720352636
342.23000844434284,-61.527637478454295,16.600000000000005,3.6132105055921584,-4.827084789468706,-35.880109234667195
342.2464021127921,-61.533886021788845,16.600000000000005,3.614504562150448,-4.82690780209017,-35.830069331209636
342.26280151370895,-61.54013310733229,16.600000000000005,3.6157992873688105,-4.826730352459446,-35.78000749315354
342.2792066496754,-61.546378734091476,16.60000000000001,3.6170946814943488,-4.826552439920551,-35.72992372049896
342.2956175232734,-61.55262290107263,16.600000000000005,3.6183907447739014,-4.826374063816969,-35.679818013245864
342.31203413708454,-61.558865607281284,16.600000000000005,3.619687477454051,-4.826195223491635,-35.629690371394204
342.3284564936903,-61.56510685172233,16.60000000000001,3.6209848797811097,-4.826015918286957,-35.57954079494411
342.34488459567194,-61.5713466334,16.600000000000005,3.622282952001137,-4.825836147544808,-35.52936928389548
342.36131844561055,-61.57758495131789,16.60000000000001,3.6235816943599244,-4.825655910606508,-35.47917583824825
342.37775804608697,-61.58382180447889,16.600000000000005,3.624881107102999,-4.825475206812861,-35.42896045800267
342.3942033996818,-61.590057191885265,16.600000000000005,3.626181190475623,-4.825294035504115,-35.378723143158524
342.41065450897554,-61.59629111253865,16.600000000000005,3.6274819447227937,-4.825112396019993,-35.32846389371581
342.4271113765483,-61.60252356543998,16.60000000000001,3.6287833700892396,-4.8249302876996785,-35.27818270967462
342.4435740049801,-61.60875454958951,16.600000000000012,3.6300854668194216,-4.824747709881806,-35.22787959103504
342.4600423968507,-61.61498406398693,16.60000000000001,3.631388235157538,-4.824564661904488,-35.177554537796674
342.47651655473965,-61.62121210763116,16.60000000000001,3.6326916753475116,-4.82438114310529,-35.127207549960026
342.4929964812262,-61.62743867952055,16.600000000000012,3.633995787632996,-4.824197152821242,-35.076838627524715
342.5094821788894,-61.633663778652725,16.60000000000001,3.635300572257369,-4.824012690388839,-35.026447770491124
342.5259736503082,-61.63988740402471,16.60000000000001,3.636606029463755,-4.823827755144024,-34.97603497885883
342.54247089806097,-61.646109554632815,16.600000000000012,3.6379121594949835,-4.8236423464222185,-34.925600252628044
342.55897392472616,-61.65233022947274,16.600000000000012,3.639218962593624,-4.823456463558303,-34.87514359179872
342.5754827328818,-61.658549427539484,16.600000000000012,3.6405264390019663,-4.82327010588661,-34.824664996371034
342.5919973251058,-61.66476714782741,16.60000000000001,3.6418345889620265,-4.823083272740941,-34.77416446634477
342.6085177039757,-61.67098338933021,16.600000000000012,3.6431434127155438,-4.822895963454555,-34.723642001720094
342.62504387206866,-61.67719815104095,16.60000000000001,3.644452910503989,-4.822708177360179,-34.67309760249666
342.641575831962,-61.68341143195197,16.60000000000001,3.645763082568541,-4.82251991378999,-34.622531268674884
342.6581135862322,-61.68962323105499,16.600000000000012,3.6470739291501046,-4.822331172075639,-34.571943000254585
342.67465713745594,-61.695833547341074,16.60000000000001,3.6483854504893145,-4.822141951548231,-34.52133279723576
342.6912064882095,-61.702042379800616,16.60000000000001,3.6496976468265165,-4.821952251538327,-34.47070065961832
342.70776164106866,-61.708249727423336,16.600000000000012,3.6510105184017694,-4.821762071375959,-34.420046587402545
342.7243225986092,-61.71445558919832,16.60000000000001,3.6523240654548697,-4.82157141039062,-34.36937058058825
342.74088936340644,-61.72065996411397,16.60000000000001,3.6536382882253067,-4.821380267911252,-34.31867263917537
342.75746193803553,-61.72686285115803,16.600000000000012,3.6549531869523086,-4.821188643266268,-34.26795276316394
342.7740403250713,-61.73306424931758,16.600000000000012,3.6562687618747995,-4.820996535783537,-34.217210952554076
342.79062452708814,-61.739264157579036,16.60000000000001,3.6575850132314356,-4.820803944790397,-34.16644720734578
342.80721454666036,-61.74546257492818,16.600000000000012,3.6589019412605714,-4.820610869613629,-34.11566152753876
342.82381038636186,-61.75165950035007,16.600000000000012,3.6602195462002873,-4.820417309579491,-34.06485391313338
342.84041204876615,-61.75785493282917,16.60000000000001,3.661537828288362,-4.8202232640137,-34.01402436412957
342.8570195364466,-61.76404887134925,16.600000000000012,3.6628567877623013,-4.820028732241419,-33.963172880527054
342.87363285197614,-61.7702413148934,16.60000000000001,3.6641764248593116,-4.819833713587286,-33.91229946232609
342.8902519979274,-61.77643226244404,16.60000000000001,3.6654967398163025,-4.819638207375395,-33.86140410952671
342.90687697687275,-61.782621712983016,16.600000000000012,3.666817732869905,-4.819442212929296,-33.81048682212868
342.9235077913842,-61.78880966549137,16.60000000000001,3.668139404256455,-4.819245729572005,-33.759547600132265
342.9401444440334,-61.794996118949584,16.60000000000001,3.669461754211986,-4.8190487566259925,-33.70858644353732
342.9567869373917,-61.80118107233745,16.600000000000012,3.6707847829722455,-4.818851293413195,-33.65760335234387
342.9734352740301,-61.80736452463408,16.600000000000012,3.6721084907726915,-4.818653339255,-33.606598326551826
342.99008945651934,-61.813546474817905,16.600000000000012,3.6734328778484677,-4.8184548934722615,-33.55557136616136
343.0067494874296,-61.81972692186676,16.600000000000012,3.67475794443444,-4.818255955385297,-33.50452247117233
343.0234153693309,-61.82590586475774,16.60000000000001,3.6760836907651644,-4.818056524313875,-33.4534516415848
343.040087104793,-61.83208330246732,16.600000000000012,3.6774101170749045,-4.817856599577223,-33.402358877398804
343.05676469638496,-61.83825923397128,16.600000000000012,3.6787372235976243,-4.817656180494039,-33.351244178614266
343.07344814667584,-61.84443365824475,16.600000000000012,3.6800650105669894,-4.817455266382465,-33.300107545231086
343.0901374582341,-61.8506065742622,16.600000000000012,3.681393478216347,-4.817253856560122,-33.248948977249675
343.106832633628,-61.85677798099741,16.60000000000001,3.6827226267787694,-4.817051950344071,-33.197768474669644
343.12353367542534,-61.86294787742352,16.600000000000005,3.684052456487011,-4.816849547050842,-33.14656603749103
343.14024058619344,-61.869116262512996,16.600000000000012,3.6853829675735166,-4.816646645996425,-33.09534166571401
343.1569533684995,-61.87528313523764,16.600000000000012,3.6867141602704376,-4.816443246496262,-33.04409535933838
343.17367202491016,-61.88144849456855,16.60000000000001,3.688046034809623,-4.8162393478652685,-32.99282711836425
343.1903965579916,-61.88761233947621,16.60000000000001,3.689378591422596,-4.816034949417805,-32.941536942791664
343.20712697030996,-61.89377466893041,16.60000000000001,3.690711830340592,-4.815830050467695,-32.8902248326206
343.2238632644306,-61.89993548190028,16.60000000000001,3.692045751794529,-4.815624650328222,-32.83889078785092
343.24060544291854,-61.90609477735427,16.600000000000012,3.6933803560150125,-4.815418748312132,-32.78753480848279
343.2573535083387,-61.91225255426018,16.600000000000012,3.6947156432323522,-4.815212343731625,-32.73615689451606
343.2741074632553,-61.918408811585124,16.60000000000001,3.696051613676527,-4.815005435898362,-32.68475704595091
343.29086731023216,-61.924563548295545,16.600000000000012,3.6973882675772205,-4.814798024123462,-32.63333526278731
343.3076330518329,-61.93071676335725,16.60000000000001,3.698725605163796,-4.814590107717506,-32.58189154502513
343.32440469062055,-61.93686845573534,16.60000000000001,3.7000636266653038,-4.814381685990526,-32.5304258926644
343.3411822291578,-61.94301862439427,16.60000000000001,3.701402332310479,-4.814172758252023,-32.47893830570525
343.3579656700068,-61.94916726829782,16.600000000000005,3.7027417223277435,-4.813963323810951,-32.427428784147544
343.3747550157294,-61.95531438640909,16.600000000000012,3.7040817969451947,-4.813753381975724,-32.37589732799138
343.39155026888704,-61.96145997769052,16.60000000000001,3.705422556390632,-4.81354293205421,-32.32434393723665
343.40835143204055,-61.96760404110389,16.60000000000001,3.7067640008915137,-4.8133319733537485,-32.27276861188347
343.42515850775044,-61.973746575610285,16.60000000000001,3.708106130674992,-4.8131205051811214,-32.22117135193179
343.44197149857695,-61.97988758017016,16.60000000000001,3.709448945967898,-4.812908526842578,-32.16955215738142
343.4587904070794,-61.98602705374324,16.60000000000001,3.710792446996736,-4.812696037643829,-32.11791102823267
343.47561523581714,-61.992164995288654,16.600000000000012,3.7121366339876922,-4.812483036890038,-32.066247964485406
343.4924459873489,-61.998301403764785,16.60000000000001,3.713481507166635,-4.8122695238858295,-32.014562966139636
343.5092826642328,-62.0044362781294,16.600000000000005,3.7148270667591006,-4.812055497935287,-31.962856033195337
343.52612526902675,-62.01056961733956,16.60000000000001,3.7161733129903043,-4.811840958341946,-31.911127165652506
343.54297380428795,-62.016701420351694,16.60000000000001,3.7175202460851313,-4.811625904408817,-31.859376363511256
343.5598282725734,-62.02283168612151,16.60000000000001,3.718867866268149,-4.811410335438348,-31.80760362677144
343.5766886764393,-62.02896041360411,16.600000000000012,3.7202161737635895,-4.811194250732459,-31.755808955433075
343.59355501844163,-62.035087601753844,16.60000000000001,3.721565168795367,-4.810977649592528,-31.70399234949629
343.61042730113587,-62.04121324952446,16.600000000000012,3.7229148515870487,-4.810760531319383,-31.65215380896089
343.6273055270768,-62.04733735586898,16.60000000000001,3.7242652223618893,-4.810542895213324,-31.60029333382709
343.64418969881905,-62.05345991973981,16.60000000000001,3.725616281342803,-4.810324740574093,-31.548410924094675
343.6610798189164,-62.05958094008862,16.60000000000001,3.7269680287523697,-4.810106066700902,-31.496506579763942
343.67797588992244,-62.06570041586648,16.600000000000012,3.7283204648128487,-4.809886872892417,-31.444580300834424
343.6948779143899,-62.07181834602372,16.60000000000001,3.729673589746149,-4.809667158446769,-31.39263208730671
343.71178589487147,-62.07793472951004,16.600000000000012,3.7310274037738616,-4.809446922661531,-31.340661939180173
343.7286998339189,-62.084049565274434,16.60000000000001,3.732381907117222,-4.809226164833756,-31.288669856455343
343.7456197340836,-62.09016285226526,16.60000000000001,3.733737099997148,-4.809004884259942,-31.23665583913196
343.7625455979166,-62.096274589430195,16.60000000000001,3.7350929826342085,-4.8087830802360445,-31.18461988720996
343.7794774279682,-62.10238477571618,16.60000000000001,3.7364495552486385,-4.808560752057483,-31.132562000689592
343.79641522678827,-62.10849341006959,16.600000000000012,3.737806818060329,-4.808337899019132,-31.080482179570556
343.813358996926,-62.11460049143604,16.60000000000001,3.7391647712888347,-4.808114520415328,-31.028380423853225
343.8303087409303,-62.12070601876052,16.60000000000001,3.7405234151533664,-4.807890615539864,-30.97625673353712
343.8472644613494,-62.12680999098731,16.60000000000001,3.741882749872791,-4.807666183685989,-30.92411110862279
