galstreams/tracks/track.st.ACS.ramos2021.ecsv
# %ECSV 1.0
# ---
# datatype:
# - {name: ra, unit: deg, datatype: float64}
# - {name: dec, unit: deg, datatype: float64}
# - {name: distance, unit: kpc, datatype: float64}
# - {name: pm_ra_cosdec, unit: mas / yr, datatype: float64}
# - {name: pm_dec, unit: mas / yr, datatype: float64}
# - {name: radial_velocity, unit: km / s, datatype: float64}
# delimiter: ','
# meta: !!omap
# - __serialized_columns__:
#     dec:
#       __class__: astropy.coordinates.angles.Latitude
#       unit: &id001 !astropy.units.Unit {unit: deg}
#       value: !astropy.table.SerializedColumn {name: dec}
#     distance:
#       __class__: astropy.coordinates.distances.Distance
#       unit: !astropy.units.Unit {unit: kpc}
#       value: !astropy.table.SerializedColumn {name: distance}
#     pm_dec:
#       __class__: astropy.units.quantity.Quantity
#       unit: !astropy.units.Unit {unit: mas / yr}
#       value: !astropy.table.SerializedColumn {name: pm_dec}
#     pm_ra_cosdec:
#       __class__: astropy.units.quantity.Quantity
#       unit: !astropy.units.Unit {unit: mas / yr}
#       value: !astropy.table.SerializedColumn {name: pm_ra_cosdec}
#     ra:
#       __class__: astropy.coordinates.angles.Longitude
#       unit: *id001
#       value: !astropy.table.SerializedColumn {name: ra}
#       wrap_angle: !astropy.coordinates.Angle
#         unit: *id001
#         value: 360.0
#     radial_velocity:
#       __class__: astropy.units.quantity.Quantity
#       unit: !astropy.units.Unit {unit: km / s}
#       value: !astropy.table.SerializedColumn {name: radial_velocity}
# schema: astropy-2.0
ra,dec,distance,pm_ra_cosdec,pm_dec,radial_velocity
[from data line 5039]
124.98990318565137,31.07019752873777,11.699999999999845,-0.2389649519279198,-0.6351567130895083,-4.210383564936169e-15
124.98972068029828,31.060165597226575,11.699999999999845,-0.23962017296701466,-0.6355014241625366,2.1051917824680845e-15
124.98954040383953,31.050133486053035,11.699999999999847,-0.2402749095976891,-0.6358450916933394,4.210383564936169e-15
124.9893623578575,31.040101195040354,11.699999999999845,-0.2409291464350748,-0.6361876986232214,-4.210383564936169e-15
124.98918654393592,31.030068724011567,11.699999999999847,-0.24158286807443785,-0.6365292278987631,-6.315575347404253e-15
124.98901296366,31.020036072789445,11.699999999999847,-0.24223605909184556,-0.6368696624727423,6.315575347404253e-15
124.98884161861645,31.01000324119656,11.699999999999843,-0.2428887040447929,-0.6372089853049474,2.1051917824680845e-15
124.98867251039326,30.999970229055247,11.699999999999845,-0.2435407874729308,-0.6375471793631586,6.315575347404253e-15
124.98850564058,30.989937036187644,11.699999999999841,-0.24419229389875047,-0.6378842276239349,0.0
124.98834101076761,30.979903662415605,11.699999999999845,-0.24484320782831506,-0.6382201130735945,0.0
124.98817862254855,30.969870107560816,11.699999999999845,-0.24549351375188944,-0.6385548187090748,4.210383564936169e-15
124.98801847751669,30.9598363714447,11.699999999999843,-0.2461431961447118,-0.6388883275388009,4.210383564936169e-15
124.98786057726728,30.949802453888488,11.699999999999841,-0.24679223946763318,-0.6392206225836624,-6.315575347404253e-15
124.98770492339717,30.939768354713145,11.699999999999843,-0.24744062816794346,-0.6395516868778943,4.210383564936169e-15
124.98755151750461,30.929734073739425,11.699999999999841,-0.2480883466799991,-0.6398815034699551,2.1051917824680845e-15
124.98740036118927,30.919699610787866,11.699999999999843,-0.24873537942593837,-0.640210055423545,4.210383564936169e-15
124.98725145605233,30.909664965678772,11.69999999999984,-0.24938171081651794,-0.6405373258184066,6.315575347404253e-15
124.98710480369651,30.899630138232205,11.69999999999984,-0.2500273252517208,-0.6408632977513569,4.210383564936169e-15
124.98696040572585,30.889595128268024,11.699999999999841,-0.25067220712158117,-0.6411879543371483,2.1051917824680845e-15
124.98681826374602,30.879559935605826,11.699999999999841,-0.25131634080689375,-0.6415112787094641,0.0
124.9866783793641,30.86952456006499,11.69999999999984,-0.25195971067998024,-0.641833254021821,-2.1051917824680845e-15
124.98654075418861,30.85948900146468,11.69999999999984,-0.2526023011053735,-0.6421538634484933,2.1051917824680845e-15
124.9864053898297,30.84945325962382,11.69999999999984,-0.2532440964406984,-0.6424730901855356,-2.1051917824680845e-15
124.98627228789883,30.839417334361098,11.69999999999984,-0.253885081037346,-0.6427909174516989,4.210383564936169e-15
124.98614145000911,30.829381225494977,11.69999999999984,-0.2545252392412114,-0.6431073284893312,-4.210383564936169e-15
124.9860128777751,30.81934493284369,11.69999999999984,-0.2551645553935976,-0.6434223065654385,-6.315575347404253e-15
124.98588657281282,30.8093084562252,11.699999999999836,-0.2558030138318503,-0.6437358349725739,0.0
124.98576253673981,30.79927179545733,11.69999999999984,-0.25644059889019116,-0.6440478970298662,-6.315575347404253e-15
124.98564077117517,30.789234950357535,11.699999999999836,-0.25707729490053194,-0.6443584760839304,1.2631150694808506e-14
124.98552127773951,30.77919792074319,11.699999999999836,-0.2577130861932195,-0.6446675555099042,4.210383564936169e-15
124.98540405805485,30.7691607064313,11.699999999999836,-0.2583479570978633,-0.6449751187123759,-2.1051917824680845e-15
124.98528911374484,30.759123307238713,11.699999999999834,-0.25898189194409155,-0.6452811491264031,4.210383564936169e-15
124.98517644643464,30.749085722982027,11.699999999999836,-0.2596148750624234,-0.6455856302185361,0.0
124.98506605775086,30.739047953477584,11.699999999999834,-0.2602468907850026,-0.6458885454877037,4.210383564936169e-15
124.98495794932172,30.729009998541514,11.699999999999836,-0.2608779234464318,-0.6461898784663213,2.1051917824680845e-15
124.98485212277696,30.718971857989715,11.699999999999834,-0.26150795738464083,-0.646489612721222,4.210383564936169e-15
124.98474857974783,30.708933531637822,11.699999999999834,-0.26213697694159965,-0.6467877318547097,0.0
124.98464732186714,30.698895019301254,11.699999999999832,-0.2627649664643033,-0.6470842195055108,-4.210383564936169e-15
124.98454835076919,30.68885632079517,11.699999999999832,-0.2633919103054161,-0.6473790593498499,2.1051917824680845e-15
124.98445166808995,30.678817435934526,11.699999999999834,-0.2640177928242532,-0.6476722351024158,6.315575347404253e-15
124.98435727546676,30.668778364534017,11.699999999999834,-0.26464259838750404,-0.6479637305174031,8.420767129872338e-15
124.98426517453872,30.6587391064081,11.699999999999834,-0.2652663113702148,-0.6482535293895133,-2.1051917824680845e-15
124.98417536694633,30.64869966137101,11.699999999999832,-0.2658889161565302,-0.6485416155550262,0.0
124.98408785433168,30.638660029236693,11.699999999999832,-0.2665103971405209,-0.6488279728927887,4.210383564936169e-15
124.98400263833851,30.628620209818912,11.69999999999983,-0.2671307387271628,-0.6491125853252503,1.0525958912340423e-14
124.98391972061202,30.618580202931195,11.699999999999832,-0.26774992533308345,-0.6493954368195237,0.0
124.98383910279904,30.608540008386775,11.699999999999832,-0.26836794138750575,-0.649676511388438,-2.1051917824680845e-15
124.98376078654796,30.598499625998652,11.699999999999829,-0.26898477133302895,-0.649955793091493,-4.210383564936169e-15
124.98368477350876,30.588459055579644,11.699999999999832,-0.2696003996265917,-0.6502332660360359,0.0
124.98361106533297,30.57841829694225,11.699999999999829,-0.2702148107403071,-0.6505089143782133,0.0
124.98353966367374,30.568377349898796,11.699999999999829,-0.27082798916238865,-0.650782722324064,2.1051917824680845e-15
124.98347057018582,30.558336214261317,11.699999999999829,-0.2714399193979391,-0.6510546741305956,-8.420767129872338e-15
124.98340378652546,30.548294889841607,11.699999999999829,-0.27205058596996284,-0.6513247541067982,4.210383564936169e-15
124.98333931435064,30.53825337645125,11.699999999999827,-0.27265997342013915,-0.6515929466147529,-4.210383564936169e-15
124.98327715532083,30.528211673901538,11.699999999999829,-0.27326806630985795,-0.6518592360706392,6.315575347404253e-15
124.98321731109719,30.51816978200358,11.699999999999829,-0.2738748492210084,-0.6521236069458906,2.1051917824680845e-15
124.98315978334242,30.508127700568174,11.699999999999825,-0.2744803067569581,-0.6523860437682236,4.210383564936169e-15
124.98310457372084,30.498085429405926,11.699999999999825,-0.2750844235433736,-0.6526465311226961,-6.315575347404253e-15
124.98305168389842,30.488042968327154,11.699999999999829,-0.27568718422931393,-0.6529050536527968,-8.420767129872338e-15
124.9830011155427,30.47800031714194,11.699999999999827,-0.2762885734879312,-0.6531615960615884,0.0
124.98295287032292,30.467957475660167,11.699999999999825,-0.2768885760175629,-0.6534161431126697,0.0
124.98290694990983,30.457914443691394,11.699999999999825,-0.2774871765426491,-0.6536686796314132,0.0
124.98286335597588,30.44787122104498,11.699999999999823,-0.27808435981447444,-0.6539191905059536,0.0
124.98282209019516,30.437827807530038,11.699999999999825,-0.2786801106124176,-0.6541676606882926,-2.1051917824680845e-15
124.98278315424339,30.427784202955397,11.699999999999825,-0.27927441374462203,-0.6544140751954391,-4.210383564936169e-15
124.98274654979787,30.417740407129674,11.699999999999822,-0.279867254049085,-0.6546584191105036,8.420767129872338e-15
124.98271227853763,30.40769641986121,11.699999999999823,-0.28045861639455405,-0.6549006775837585,6.315575347404253e-15
124.98268034214328,30.397652240958138,11.699999999999823,-0.2810484856814672,-0.6551408358338041,4.210383564936169e-15
124.98265074229714,30.387607870228273,11.699999999999823,-0.28163684684305573,-0.6553788791486003,-1.2631150694808506e-14
124.9826234806831,30.377563307479228,11.699999999999823,-0.28222368484606275,-0.6556147928866495,-4.210383564936169e-15
124.9825985589868,30.36751855251836,11.699999999999823,-0.28280898469187654,-0.6558485624781222,0.0
124.98257597889547,30.357473605152762,11.699999999999822,-0.28339273141748533,-0.6560801734258709,2.1051917824680845e-15
124.98255574209804,30.34742846518926,11.699999999999822,-0.2839749100964479,-0.6563096113067293,1.2631150694808506e-14
124.9825378502851,30.337383132434503,11.69999999999982,-0.2845555058397412,-0.6565368617723706,4.210383564936169e-15
124.98252230514893,30.327337606694783,11.699999999999822,-0.2851345037969788,-0.656761910550699,-6.315575347404253e-15
124.98250910838347,30.317291887776186,11.69999999999982,-0.28571188915722767,-0.6569847434468522,-2.1051917824680845e-15
124.9824982616843,30.307245975484555,11.699999999999822,-0.28628764714999205,-0.6572053463442743,0.0
124.98248976674877,30.29719986962549,11.69999999999982,-0.286861763046269,-0.6574237052060186,-2.1051917824680845e-15
124.98248362527583,30.28715357000427,11.69999999999982,-0.28743422215958614,-0.6576398060756777,-2.1051917824680845e-15
124.9824798389662,30.277107076426006,11.699999999999818,-0.28800500984689736,-0.6578536350787026,2.1051917824680845e-15
124.98247840952223,30.267060388695462,11.699999999999818,-0.28857411150965406,-0.6580651784233894,4.210383564936169e-15
124.982479338648,30.257013506617245,11.699999999999818,-0.28914151259476867,-0.6582744224021793,0.0
124.9824826280493,30.24696642999562,11.699999999999818,-0.2897071985956861,-0.6584813533926386,2.1051917824680845e-15
124.98248827943358,30.236919158634638,11.69999999999982,-0.29027115505336254,-0.6586859578587204,0.0
124.98249629451009,30.22687169233807,11.699999999999816,-0.29083336755728434,-0.6588882223518189,4.210383564936169e-15
124.98250667498968,30.216824030909454,11.699999999999816,-0.29139382174650286,-0.6590881335120626,8.420767129872338e-15
124.98251942258499,30.206776174152072,11.699999999999815,-0.29195250331065026,-0.6592856780692954,2.1051917824680845e-15
124.98253453901036,30.196728121868894,11.699999999999816,-0.2925093979909175,-0.6594808428443688,2.1051917824680845e-15
124.98255202598187,30.1866798738627,11.699999999999816,-0.29306449158130965,-0.6596736147501743,-2.1051917824680845e-15
124.98257188521733,30.176631429935956,11.699999999999813,-0.29361776992931027,-0.6598639807928953,2.1051917824680845e-15
124.98259411843624,30.166582789890917,11.699999999999815,-0.29416921893724546,-0.6600519280731543,0.0
124.98261872735989,30.156533953529504,11.699999999999813,-0.2947188245632618,-0.6602374437871387,2.1051917824680845e-15
124.98264571371126,30.14648492065347,11.699999999999815,-0.29526657282221913,-0.6604205152276659,6.315575347404253e-15
124.98267507921516,30.13643569106424,11.699999999999813,-0.2958124497868757,-0.6606011297856884,-4.210383564936169e-15
124.98270682559803,30.126386264562985,11.69999999999981,-0.2963564415889838,-0.6607792749510477,-4.210383564936169e-15
124.98274095458812,30.11633664095064,11.699999999999813,-0.29689853442017405,-0.6609549383138296,4.210383564936169e-15
124.98277746791547,30.106286820027833,11.699999999999813,-0.2974387145331865,-0.661128107565626,6.315575347404253e-15
124.98281636731186,30.096236801594994,11.699999999999811,-0.29797696824289005,-0.6612987705004837,0.0
124.98285765451077,30.086186585452218,11.69999999999981,-0.29851328192727744,-0.6614669150162916,4.210383564936169e-15
124.98290133124753,30.076136171399387,11.69999999999981,-0.29904764202861733,-0.6616325291157361,6.315575347404253e-15
124.98294739925919,30.066085559236086,11.699999999999811,-0.29958003505452335,-0.6617956009077273,1.0525958912340423e-14
124.98299586028462,30.05603474876166,11.69999999999981,-0.30011044757894045,-0.661956118608337,2.1051917824680845e-15
124.98304671606442,30.045983739775156,11.69999999999981,-0.30063886624334607,-0.6621140705421168,-2.1051917824680845e-15
124.98309996834102,30.035932532075396,11.69999999999981,-0.3011652777577695,-0.662269445143211,2.1051917824680845e-15
124.98315561885859,30.02588112546089,11.69999999999981,-0.30168966890193133,-0.6624222309565717,-2.1051917824680845e-15
124.9832136693631,30.015829519729916,11.69999999999981,-0.3022120265261977,-0.6625724166390698,4.210383564936169e-15
124.98327412160236,30.005777714680473,11.69999999999981,-0.3027323375528807,-0.6627199909608193,-4.210383564936169e-15
124.98333697732593,29.995725710110282,11.69999999999981,-0.30325058897711743,-0.6628649428061693,-2.1051917824680845e-15
124.9834022382852,29.985673505816784,11.699999999999807,-0.30376676786815016,-0.6630072611749939,-2.1051917824680845e-15
124.98346990623335,29.975621101597216,11.69999999999981,-0.30428086137027754,-0.6631469351838876,-4.210383564936169e-15
124.98353998292538,29.965568497248455,11.699999999999807,-0.3047928567041298,-0.6632839540673189,6.315575347404253e-15
124.98361247011809,29.955515692567168,11.699999999999804,-0.30530274116758627,-0.6634183071787303,8.420767129872338e-15
124.98368736957013,29.94546268734974,11.699999999999806,-0.30581050213699895,-0.663549983991876,-4.210383564936169e-15
124.98376468304197,29.93540948139226,11.699999999999806,-0.3063161270682853,-0.6636789741019308,6.315575347404253e-15
124.98384441229584,29.925356074490587,11.699999999999806,-0.3068196034981004,-0.6638052672266119,-4.210383564936169e-15
124.98392655909585,29.91530246644026,11.699999999999804,-0.3073209190448152,-0.6639288532074793,1.0525958912340423e-14
124.984011125208,29.905248657036594,11.699999999999802,-0.30782006140971246,-0.6640497220109722,6.315575347404253e-15
124.98409811240005,29.895194646074593,11.699999999999802,-0.30831701837821107,-0.6641678637297899,2.1051917824680845e-15
124.9841875224416,29.885140433349004,11.699999999999802,-0.30881177782075914,-0.6642832685839237,4.210383564936169e-15
124.98427935710417,29.875086018654287,11.6999999999998,-0.3093043276942006,-0.6643959269218385,-2.1051917824680845e-15
124.98437361816103,29.865031401784652,11.6999999999998,-0.309794656042763,-0.6645058292217769,2.1051917824680845e-15
124.98447030738741,29.85497658253401,11.699999999999802,-0.3102827509992354,-0.6646129660928292,8.420767129872338e-15
124.98456942656033,29.844921560696015,11.699999999999802,-0.31076860078610097,-0.6647173282761447,-8.420767129872338e-15
124.98467097745865,29.83486633606401,11.699999999999799,-0.31125219371665774,-0.6648189066461893,4.210383564936169e-15
124.98477496186322,29.824810908431125,11.6999999999998,-0.311733518196244,-0.6649176922117888,-4.210383564936169e-15
124.98488138155665,29.814755277590145,11.6999999999998,-0.3122125627231761,-0.6650136761174105,-6.315575347404253e-15
124.98499023832339,29.80469944333362,11.6999999999998,-0.31268931589014975,-0.665106849644321,-2.1051917824680845e-15
124.98510153394992,29.794643405453794,11.6999999999998,-0.3131637663851843,-0.6651972042118728,2.1051917824680845e-15
124.98521527022447,29.784587163742657,11.699999999999799,-0.3136359029929269,-0.6652847313783858,6.315575347404253e-15
124.98533144893725,29.77453071799191,11.699999999999799,-0.3141057145956169,-0.6653694228426799,6.315575347404253e-15
124.9854500718803,29.764474067992982,11.699999999999799,-0.31457319017444735,-0.6654512704450236,2.1051917824680845e-15
124.98557114084754,29.754417213537,11.699999999999799,-0.31503831881059874,-0.6655302661684706,4.210383564936169e-15
124.98569465763488,29.744360154414824,11.699999999999797,-0.31550108968633156,-0.6656064021398238,1.0525958912340423e-14
124.98582062404004,29.734302890417062,11.699999999999797,-0.31596149208638463,-0.6656796706310266,-4.210383564936169e-15
124.98594904186268,29.724245421333976,11.699999999999797,-0.3164195153988342,-0.665750064060231,6.315575347404253e-15
124.98607991290443,29.714187746955588,11.699999999999797,-0.31687514911650444,-0.6658175749930553,2.1051917824680845e-15
