galstreams/tracks/track.st.NGC3201.ibata2021.ecsv
# %ECSV 0.9
# ---
# datatype:
# - {name: ra, unit: deg, datatype: float64}
# - {name: dec, unit: deg, datatype: float64}
# - {name: distance, unit: kpc, datatype: float64}
# - {name: pm_ra_cosdec, unit: mas / yr, datatype: float64}
# - {name: pm_dec, unit: mas / yr, datatype: float64}
# - {name: radial_velocity, unit: km / s, datatype: float64}
# delimiter: ','
# meta: !!omap
# - __serialized_columns__:
#     dec:
#       __class__: astropy.coordinates.angles.Latitude
#       unit: &id001 !astropy.units.Unit {unit: deg}
#       value: !astropy.table.SerializedColumn {name: dec}
#     distance:
#       __class__: astropy.coordinates.distances.Distance
#       unit: !astropy.units.Unit {unit: kpc}
#       value: !astropy.table.SerializedColumn {name: distance}
#     pm_dec:
#       __class__: astropy.units.quantity.Quantity
#       unit: !astropy.units.Unit {unit: mas / yr}
#       value: !astropy.table.SerializedColumn {name: pm_dec}
#     pm_ra_cosdec:
#       __class__: astropy.units.quantity.Quantity
#       unit: !astropy.units.Unit {unit: mas / yr}
#       value: !astropy.table.SerializedColumn {name: pm_ra_cosdec}
#     ra:
#       __class__: astropy.coordinates.angles.Longitude
#       unit: *id001
#       value: !astropy.table.SerializedColumn {name: ra}
#       wrap_angle: !astropy.coordinates.Angle
#         unit: *id001
#         value: 360.0
#     radial_velocity:
#       __class__: astropy.units.quantity.Quantity
#       unit: !astropy.units.Unit {unit: km / s}
#       value: !astropy.table.SerializedColumn {name: radial_velocity}
# schema: astropy-2.0
ra,dec,distance,pm_ra_cosdec,pm_dec,radial_velocity
[from data line 691]
156.79914688963657,-46.7692138693263,4.710896614542352,7.518868697996768,-1.7821337408503917,1.2631150694808506e-14
156.81349003370298,-46.77121559365753,4.711718264000767,7.513156992968222,-1.7808394597642714,8.420767129872338e-15
156.8278344414436,-46.77321485861649,4.7125433541353186,7.5074406899091395,-1.7795441448622937,2.5262301389617013e-14
156.8421801151654,-46.775211651657145,4.71337187731376,7.501719881313397,-1.7782477652689912,-2.1051917824680846e-14
156.85652705716222,-46.77720596023192,4.71420382590384,7.495994659650758,-1.7769502900434713,0.0
156.87087526971445,-46.779197771791765,4.715039192273315,7.490265117366805,-1.7756516881794235,-2.1051917824680846e-14
156.88522475508924,-46.781187073786135,4.715877968789936,7.484531346882914,-1.774351928605085,3.368306851948935e-14
156.8995755155404,-46.783173853662966,4.716720147821456,7.478793440596205,-1.7730509801832537,2.1051917824680846e-14
156.91392755330844,-46.785158098868706,4.717565721735627,7.473051490879536,-1.7717488117112512,2.1051917824680846e-14
156.92828087062057,-46.78713979684834,4.7184146829002005,7.467305590081425,-1.770445391920929,-2.1051917824680846e-14
156.94263546969066,-46.78911893504533,4.719267023682932,7.46155583052604,-1.7691406894786368,1.6841534259744676e-14
156.95699135271914,-46.7910955009017,4.720122736451572,7.455802304513149,-1.7678346729852414,-4.210383564936169e-15
156.97134852189322,-46.79306948185794,4.720981813573872,7.450045104318091,-1.7665273109760788,1.2631150694808506e-14
156.98570697938666,-46.79504086535312,4.721844247417585,7.44428432219174,-1.7652185719209674,1.2631150694808506e-14
157.00006672735992,-46.797009638824846,4.722710030350465,7.438520050360443,-1.7639084242241831,-8.420767129872338e-15
157.01442776796003,-46.79897578970919,4.723579154740266,7.432752381026019,-1.7625968362244482,-4.210383564936169e-15
157.0287901033206,-46.80093930544082,4.724451612954735,7.4269814063657025,-1.7612837761949272,-1.2631150694808506e-14
157.04315373556196,-46.80290017345295,4.725327397361628,7.421207218532095,-1.7599692123432003,1.2631150694808506e-14
157.05751866679094,-46.80485838117731,4.726206500328699,7.41542990965315,-1.7586531128112655,0.0
157.07188489910098,-46.80681391604418,4.727088914223697,7.409649571832118,-1.7573354456755137,-4.210383564936169e-15
157.0862524345721,-46.80876676548241,4.727974631414375,7.403866297147526,-1.7560161789467241,1.6841534259744676e-14
157.10062127527092,-46.81071691691941,4.728863644268488,7.3980801776531155,-1.7546952805700486,4.210383564936169e-15
157.11499142325056,-46.81266435778115,4.729755945153785,7.392291305377823,-1.753372718424997,4.210383564936169e-15
157.12936288055081,-46.81460907549214,4.730651526438023,7.386499772325743,-1.7520484603254287,2.947268495455318e-14
157.14373564919782,-46.81655105747549,4.731550380488951,7.380705670476083,-1.7507224740195397,-2.1051917824680846e-14
157.15810973120452,-46.81849029115287,4.732452499674324,7.374909091783121,-1.749394727189839,1.6841534259744676e-14
157.17248512857012,-46.82042676394452,4.73335787636189,7.369110128176182,-1.748065187453156,-4.210383564936169e-15
157.18686184328052,-46.82236046326927,4.734266502919407,7.3633088715595845,-1.7467338223606068,2.5262301389617013e-14
157.20123987730804,-46.82429137654453,4.735178371714623,7.35750541381262,-1.7454005993975996,0.0
157.21561923261157,-46.8262194911863,4.736093475115294,7.3516998467895,-1.7440654859838043,0.0
157.2299999111365,-46.82814479460917,4.737011805489171,7.3458922623193175,-1.742728449473148,2.5262301389617013e-14
157.2443819148146,-46.830067274226344,4.737933355204006,7.340082752206022,-1.741389457153812,1.6841534259744676e-14
157.2587652455642,-46.83198691744957,4.738858116627552,7.3342714082283695,-1.740048476248198,1.2631150694808506e-14
157.27314990529015,-46.83390371168927,4.739786082127561,7.328458322139899,-1.7387054739129293,2.947268495455318e-14
157.28753589588365,-46.83581764435444,4.740717244071787,7.322643585668874,-1.7373604172388406,4.210383564936169e-15
157.3019232192224,-46.83772870285268,4.74165159482798,7.316827290518257,-1.736013273250947,3.789345208442552e-14
157.31631187717056,-46.83963687459021,4.742589126763895,7.311009528365673,-1.7346640089084513,3.789345208442552e-14
157.33070187157873,-46.84154214697188,4.743529832247282,7.305190390863367,-1.7333125911047198,2.1051917824680846e-14
157.3450932042839,-46.84344450740116,4.744473703645896,7.299369969638161,-1.7319589866672676,3.368306851948935e-14
157.35948587710945,-46.845343943280135,4.745420733327488,7.293548356291426,-1.7306031623577562,4.210383564936169e-15
157.37387989186533,-46.84724044200953,4.746370913659811,7.28772564239904,-1.7292450848719643,2.5262301389617013e-14
157.38827525034768,-46.84913399098869,4.747324237010619,7.281901919511344,-1.7278847208397914,-8.420767129872338e-15
157.40267195433918,-46.85102457761564,4.748280695747661,7.276077279153115,-1.726522036825231,2.5262301389617013e-14
157.41707000560882,-46.852912189287,4.7492402822386905,7.270251812823516,-1.7251569993263702,0.0
157.43146940591203,-46.85479681339806,4.750202988851462,7.264425611996058,-1.7237895747753569,0.0
157.44587015699057,-46.85667843734275,4.751168807953727,7.258598768118583,-1.7224197295384087,2.947268495455318e-14
157.4602722605725,-46.85855704851365,4.752137731913238,7.252771372613193,-1.7210474299157905,-1.2631150694808506e-14
157.4746757183724,-46.86043263430204,4.753109753097745,7.246943516876234,-1.7196726421417892,1.6841534259744676e-14
157.489080532091,-46.86230518209779,4.754084863875007,7.241115292278253,-1.7182953323847205,3.368306851948935e-14
157.50348670341546,-46.86417467928951,4.755063056612768,7.23528679016395,-1.7169154667469078,-4.210383564936169e-15
157.5178942340193,-46.866041113264416,4.756044323678787,7.229458101852155,-1.7155330112646572,-2.1051917824680846e-14
157.53230312556232,-46.867904471408444,4.757028657440814,7.223629318635783,-1.7141479319082602,4.210383564936169e-15
157.54671337969057,-46.86976474110618,4.758016050266602,7.217800531781786,-1.712760194581975,1.6841534259744676e-14
157.5611249980365,-46.8716219097409,4.759006494523903,7.21197183253113,-1.7113697651240123,4.210383564936169e-15
157.5755379822188,-46.87347596469457,4.75999998258047,7.206143312098742,-1.7099766093065143,1.6841534259744676e-14
157.58995233384243,-46.87532689334786,4.760996506804054,7.20031506167349,-1.708580692835561,1.2631150694808506e-14
157.60436805449868,-46.87717468308009,4.76199605956241,7.1944871724181265,-1.7071819813511326,-2.5262301389617013e-14
157.61878514576506,-46.8790193212693,4.7629986332232885,7.188659735469248,-1.7057804404271075,3.789345208442552e-14
157.63320360920537,-46.88086079529226,4.764004220154443,7.182832841937274,-1.704376035571261,1.6841534259744676e-14
157.6476234463696,-46.882699092524405,4.765012812723626,7.177006582906403,-1.7029687322252274,2.1051917824680846e-14
157.6620446587941,-46.88453420033988,4.766024403298589,7.1711810494345585,-1.701558495764501,3.789345208442552e-14
157.67646724800133,-46.88636610611158,4.767038984247086,7.165356332553376,-1.7001452914984245,8.420767129872338e-15
157.69089121550005,-46.88819479721108,4.768056547936868,7.159532523268135,-1.6987290846701653,1.2631150694808506e-14
157.70531656278519,-46.89002026100868,4.769077086735687,7.153709712557745,-1.6973098404567093,1.2631150694808506e-14
157.71974329133795,-46.891842484873436,4.770100593011299,7.147887991374684,-1.6958875239688458,0.0
157.7341714026257,-46.89366145617311,4.771127059131454,7.142067450644997,-1.6944621002511555,4.210383564936169e-15
157.74860089810198,-46.89547716227418,4.772156477463903,7.136248181268207,-1.6930335342819898,3.368306851948935e-14
157.76303177920653,-46.89728959054189,4.773188840376402,7.130430274117316,-1.6916017909734675,2.5262301389617013e-14
157.77746404736524,-46.89909872834022,4.774224140236699,7.124613820038746,-1.6901668351714547,-2.1051917824680846e-14
157.79189770399026,-46.90090456303187,4.77526236941255,7.118798909852315,-1.6887286316555468,-4.210383564936169e-15
157.8063327504798,-46.90270708197833,4.776303520271708,7.112985634351174,-1.6872871451390643,2.5262301389617013e-14
157.8207691882183,-46.9045062725398,4.777347585181923,7.1071740843018025,-1.6858423402690406,2.947268495455318e-14
157.83520701857623,-46.906302122075274,4.778394556510948,7.1013643504439345,-1.6843941816261934,4.210383564936169e-14
157.84964624291032,-46.90809461794249,4.7794444266265375,7.09555652349054,-1.6829426337249247,3.789345208442552e-14
157.86408686256334,-46.909883747497936,4.780497187896441,7.089750694127789,-1.681487661013306,2.947268495455318e-14
157.87852887886422,-46.911669498096906,4.781552832688414,7.083946953014989,-1.680029227873053,3.368306851948935e-14
157.89297229312797,-46.91345185709341,4.782611353370207,7.078145390784584,-1.67856729861953,1.6841534259744676e-14
157.90741710665577,-46.91523081184031,4.783672742309573,7.07234609804207,-1.6771018375017195,2.5262301389617013e-14
157.92186332073481,-46.91700634968919,4.784736991874265,7.066549165366003,-1.67563280870222,4.210383564936169e-15
157.9363109366384,-46.918778457990435,4.785804094432034,7.060754683307914,-1.6741601763372227,0.0
157.95075995562595,-46.920547124093225,4.786874042350634,7.05496274239231,-1.6726839044565085,4.210383564936169e-14
157.9652103789429,-46.92231233534554,4.787946827997817,7.049173433116605,-1.6712039570434267,3.9998643866893604e-14
157.97966220782078,-46.92407407909412,4.789022443741335,7.0433868459511055,-1.669720298014885,6.315575347404253e-15
157.99411544347714,-46.925832342684565,4.790100881948942,7.037603071338946,-1.668232891221329,-2.1051917824680845e-15
158.0085700871156,-46.92758711346123,4.791182134988389,7.031822199696063,-1.6667417004467366,1.0525958912340423e-14
158.02302613992583,-46.92933837876729,4.792266195227428,7.0260443214111765,-1.6652466894086047,6.315575347404253e-15
158.03748360308347,-46.93108612594476,4.793353055033814,7.020269526845702,-1.6637478217579265,1.2631150694808506e-14
158.05194247775026,-46.932830342334434,4.794442706775297,7.014497906333756,-1.6622450610791888,4.210383564936169e-15
158.0664027650739,-46.93457101527596,4.79553514281963,7.008729550182102,-1.6607383708903485,4.210383564936169e-15
158.0808644661881,-46.93630813210778,4.7966303555345675,7.002964548670101,-1.659227714642824,2.947268495455318e-14
158.09532758221255,-46.9380416801672,4.797728337287859,6.997202992049686,-1.657713055721486,2.315710960714893e-14
158.109792114253,-46.939771646790334,4.798829080447259,6.9914449705453094,-1.6561943574446325,3.5788260301957434e-14
158.12425806340104,-46.941498019312135,4.799932577380518,6.985690574353924,-1.6546715830639858,2.7367493172085098e-14
158.1387254307344,-46.94322078506642,4.801038820455392,6.979939893644923,-1.6531446957646714,8.420767129872338e-15
158.1531942173167,-46.944939931385825,4.802147802039631,6.974193018560113,-1.6516136586652066,1.473634247727659e-14
158.16766442419745,-46.94665544560184,4.8032595145009855,6.968450039213672,-1.6500784348174906,6.526094525651062e-14
158.18213605241218,-46.948367315044834,4.804373950207213,6.962711045692104,-1.6485389872067913,2.947268495455318e-14
158.19660910298236,-46.950075527043985,4.805491101526062,6.95697612805421,-1.64699527875172,3.5788260301957434e-14
158.21108357691537,-46.95178006892739,4.806610960825287,6.951245376331042,-1.645447272304231,2.1051917824680845e-15
158.22555947520453,-46.953480928021975,4.807733520472639,6.94551888052586,-1.643894930649602,-8.420767129872338e-15
158.24003679882907,-46.95517809165356,4.8088587728358725,6.939796730614107,-1.6423382165064209,2.1051917824680845e-15
158.2545155487541,-46.956871547146804,4.809986710282739,6.934079016543356,-1.640777092526574,3.789345208442552e-14
158.26899572593067,-46.95856128182527,4.81111732518099,6.9283658282332725,-1.6392115212952354,0.0
158.2834773312957,-46.960247283011405,4.812250609898379,6.92265725557558,-1.6376414653308393,3.9998643866893604e-14
158.29796036577198,-46.96192953802653,4.813386556802658,6.916953388434022,-1.6360668870850867,4.631421921429786e-14
158.3124448302682,-46.963608034190884,4.81452515826158,6.911254316644306,-1.6344877489429177,1.894672604221276e-14
158.32693072567892,-46.965282758823555,4.815666406642896,6.905560130014098,-1.6329040132225008,2.7367493172085098e-14
158.3414180528845,-46.96695369924257,4.816810294314362,6.899870918322933,-1.6313156421752224,-1.2631150694808506e-14
158.3559068127513,-46.968620842764835,4.817956813643727,6.894186771322239,-1.6297225979856709,-1.2631150694808506e-14
158.37039700613136,-46.970284176706194,4.819105956998745,6.888507778735232,-1.6281248427716228,0.0
158.38488863386266,-46.97194368838135,4.820257716747168,6.882834030256922,-1.6265223385840317,2.947268495455318e-14
158.3993816967689,-46.973599365103986,4.821412085256749,6.877165615554063,-1.6249150474070178,1.6841534259744676e-14
158.4138761956597,-46.97525119418664,4.82256905489524,6.871502624265106,-1.623302931157843,1.473634247727659e-14
158.42837213133052,-46.976899162940825,4.823728618030393,6.86584514600015,-1.621685951686908,6.315575347404253e-15
158.4428695045625,-46.97854325867694,4.824890767029962,6.860193270340932,-1.6200640707777358,1.2631150694808506e-14
158.45736831612268,-46.98018346870437,4.826055494261698,6.854547086840768,-1.618437250146958,6.315575347404253e-15
158.47186856676382,-46.98181978033138,4.827222792093355,6.848906685024509,-1.6168054514443022,-2.1051917824680845e-15
158.48637025722454,-46.9834521808652,4.828392652892684,6.8432721543885195,-1.6151686362525768,1.0525958912340423e-14
158.50087338822917,-46.98508065761203,4.829565069027439,6.837643584400617,-1.6135267660876613,2.5262301389617013e-14
158.51537796048783,-46.98670519787694,4.830740032865371,6.832021064500045,-1.611879802398488,4.4209027431829774e-14
158.52988397469636,-46.98832578896406,4.831917536774234,6.826404684097445,-1.610227706567037,3.157787673702127e-14
158.5443914315364,-46.98994241817639,4.833097573121778,6.820794532574779,-1.6085704399083114,2.5262301389617013e-14
158.55890033167535,-46.99155507281594,4.834280134275757,6.815190699285339,-1.6069079636703334,3.789345208442552e-14
158.57341067576627,-46.99316374018367,4.835465212603925,6.809593273553659,-1.6052402390341287,2.7367493172085098e-14
158.587922464448,-46.994768407579485,4.836652800474035,6.804002344675521,-1.6035672271137114,6.315575347404253e-15
158.60243569834512,-46.99636906230231,4.837842890253834,6.798418001917874,-1.601888888956071,2.1051917824680845e-15
158.61695037806786,-46.99796569165001,4.83903547431108,6.79284033451883,-1.6002051855411632,2.315710960714893e-14
158.6314665042122,-46.99955828291945,4.840230545013522,6.7872694316876006,-1.5985160777818945,2.315710960714893e-14
158.64598407735974,-47.0011468234065,4.841428094728914,6.781705382604461,-1.5968215265241081,0.0
158.66050309807792,-47.00273130040597,4.84262811582501,6.77614827642072,-1.5951214925465667,3.9998643866893604e-14
158.67502356691975,-47.00431170121171,4.843830600669561,6.770598202258673,-1.5934159365609535,5.6840178126638284e-14
158.6895454844239,-47.00588801311656,4.84503554163032,6.765055249211565,-1.5917048192118455,3.9998643866893604e-14
158.70406885111473,-47.00746022341233,4.846242931075037,6.759519506343552,-1.5899881010767052,1.473634247727659e-14
158.71859366750235,-47.009028319389884,4.847452761371467,6.753991062689654,-1.5882657426658664,2.315710960714893e-14
158.7331199340824,-47.01059228833906,4.848665024887364,6.748470007255724,-1.5865377044225273,8.420767129872338e-15
158.7476476513362,-47.01215211754875,4.849879713990477,6.742956429018409,-1.5848039467227273,4.4209027431829774e-14
158.7621768197307,-47.013707794306825,4.85109682104856,6.737450416925095,-1.5830644298753493,1.894672604221276e-14
158.77670743971856,-47.01525930590021,4.8523163384293655,6.731952059893889,-1.5813191141220873,6.315575347404253e-15
