galstreams/tracks/track.st.GD-1.ibata2024.ecsv
# %ECSV 1.0
# ---
# datatype:
# - {name: ra, unit: deg, datatype: float64}
# - {name: dec, unit: deg, datatype: float64}
# - {name: distance, unit: kpc, datatype: float64}
# - {name: pm_ra_cosdec, unit: mas / yr, datatype: float64}
# - {name: pm_dec, unit: mas / yr, datatype: float64}
# - {name: radial_velocity, unit: km / s, datatype: float64}
# delimiter: ','
# meta: !!omap
# - __serialized_columns__:
#     dec:
#       __class__: astropy.coordinates.angles.Latitude
#       unit: &id001 !astropy.units.Unit {unit: deg}
#       value: !astropy.table.SerializedColumn {name: dec}
#     distance:
#       __class__: astropy.coordinates.distances.Distance
#       unit: !astropy.units.Unit {unit: kpc}
#       value: !astropy.table.SerializedColumn {name: distance}
#     pm_dec:
#       __class__: astropy.units.quantity.Quantity
#       unit: !astropy.units.Unit {unit: mas / yr}
#       value: !astropy.table.SerializedColumn {name: pm_dec}
#     pm_ra_cosdec:
#       __class__: astropy.units.quantity.Quantity
#       unit: !astropy.units.Unit {unit: mas / yr}
#       value: !astropy.table.SerializedColumn {name: pm_ra_cosdec}
#     ra:
#       __class__: astropy.coordinates.angles.Longitude
#       unit: *id001
#       value: !astropy.table.SerializedColumn {name: ra}
#       wrap_angle: !astropy.coordinates.Angle
#         unit: *id001
#         value: 360.0
#     radial_velocity:
#       __class__: astropy.units.quantity.Quantity
#       unit: !astropy.units.Unit {unit: km / s}
#       value: !astropy.table.SerializedColumn {name: radial_velocity}
# schema: astropy-2.0
ra,dec,distance,pm_ra_cosdec,pm_dec,radial_velocity
[from data line 2514]
128.94001847841056,3.6480266444354132,0.9999999999999989,-2.1203657326088177,-11.004583244192325,226.19082501899405
128.94406163229465,3.657272172646037,0.9999999999999991,-2.121212715805626,-11.006271227412032,226.13295751051567
128.9481051884005,3.666517516755738,0.999999999999999,-2.122059644523329,-11.007958482248757,226.0750840090736
128.95214914690143,3.6757626767281355,0.9999999999999987,-2.1229065188207663,-11.009645008742089,226.01720451648887
128.95619350797094,3.6850076525268514,0.9999999999999989,-2.1237533387568526,-11.011330806931614,225.95931903458217
128.96023827178246,3.6942524441154836,0.9999999999999989,-2.1246001043904528,-11.013015876856912,225.90142756517452
128.9642834385095,3.7034970514576155,0.9999999999999989,-2.1254468157804354,-11.01470021855757,225.8435301100867
128.9683290083257,3.7127414745167906,0.9999999999999989,-2.1262934729856795,-11.016383832073142,225.7856266711395
128.9723749814046,3.7219857132565775,0.9999999999999989,-2.127140076065018,-11.018066717443213,225.727717250154
128.97642135791997,3.7312297676404667,0.9999999999999988,-2.1279866250773445,-11.019748874707322,225.669801848951
128.98046813804552,3.740473637631987,0.9999999999999989,-2.1288331200815094,-11.021430303905026,225.61188046935115
128.98451532195506,3.7497173231946133,0.9999999999999989,-2.1296795611363635,-11.023111005075869,225.5539531131756
128.98856290982243,3.7589608242917953,0.9999999999999989,-2.1305259483007504,-11.024790978259379,225.496019782245
128.99261090182154,3.7682041408870086,0.999999999999999,-2.1313722816335208,-11.02647022349509,225.43808047838036
128.99665929812633,3.7774472729436694,0.9999999999999988,-2.1322185611935005,-11.028148740822537,225.38013520340252
129.00070809891082,3.786690220425168,0.9999999999999988,-2.1330647870395367,-11.029826530281216,225.3221839591323
129.00475730434908,3.7959329832949225,0.9999999999999989,-2.1339109592304446,-11.031503591910647,225.2642267473906
129.00880691461523,3.8051755615162737,0.9999999999999989,-2.1347570778250855,-11.033179925750327,225.20626356999824
129.01285692988344,3.81441795505259,0.999999999999999,-2.135603142882239,-11.034855531839762,225.1482944287762
129.01690735032798,3.823660163867201,0.999999999999999,-2.1364491544608057,-11.036530410218436,225.0903193255452
129.0209581761231,3.8329021879234113,0.999999999999999,-2.1372951126195012,-11.03820456092583,225.03233826212622
129.02500940744312,3.842144027184527,0.999999999999999,-2.1381410174172224,-11.039877984001423,224.97435124034007
129.02906104446245,3.851385681613818,0.9999999999999989,-2.1389868689127063,-11.04155067948469,224.91635826200766
129.03311308735556,3.8606271511745325,0.9999999999999989,-2.1398326671648427,-11.043222647415078,224.85835932894975
129.03716553629692,3.86986843582992,0.9999999999999988,-2.1406784122323543,-11.044893887832046,224.8003544429873
129.04121839146111,3.8791095355431855,0.999999999999999,-2.141524104174067,-11.046564400775052,224.74234360594124
129.04527165302272,3.8883504502775237,0.9999999999999989,-2.1423697430487856,-11.04823418628354,224.68432681963236
129.04932532115643,3.8975911799961307,0.9999999999999988,-2.143215328915282,-11.049903244396935,224.62630408588143
129.05337939603695,3.9068317246621573,0.9999999999999989,-2.144060861832344,-11.051571575154664,224.56827540650946
129.05743387783903,3.916072084238733,0.9999999999999989,-2.1449063418587677,-11.053239178596161,224.51024078333725
129.06148876673757,3.9253122586889986,0.9999999999999988,-2.1457517690533088,-11.054906054760835,224.45220021818574
129.06554406290738,3.93455224797604,0.999999999999999,-2.146597143474768,-11.056572203688084,224.39415371287572
129.06959976652342,3.9437920520629492,0.9999999999999988,-2.1474424651818858,-11.058237625417336,224.3361012692281
129.0736558777607,3.953031670912786,0.9999999999999987,-2.1482877342334454,-11.059902319987959,224.27804288906367
129.07771239679428,3.9622711044885954,0.9999999999999988,-2.1491329506882018,-11.061566287439346,224.21997857420337
129.08176932379922,3.971510352753401,0.9999999999999988,-2.1499781146049024,-11.06322952781089,224.16190832646802
129.0858266589507,3.9807494156702106,0.9999999999999989,-2.1508232260423092,-11.06489204114196,224.10383214767853
129.08988440242393,3.989988293202054,0.9999999999999989,-2.151668285059163,-11.066553827471921,224.0457500396557
129.0939425543942,3.9992269853118114,0.9999999999999989,-2.1525132917142464,-11.068214886840138,223.9876620042206
129.09800111503677,4.008465491962468,0.999999999999999,-2.1533582460662615,-11.069875219285949,223.92956804319383
129.10206008452704,4.017703813116961,0.9999999999999988,-2.1542031481739414,-11.071534824848728,223.87146815839634
129.10611946304047,4.026941948738205,0.9999999999999989,-2.1550479980960304,-11.073193703567803,223.81336235164903
129.1101792507525,4.036179898789068,0.9999999999999988,-2.1558927958912726,-11.0748518554825,223.75525062477274
129.11423944783877,4.045417663232441,0.9999999999999989,-2.1567375416183907,-11.07650928063215,223.6971329795885
129.11830005447476,4.054655242031174,0.9999999999999989,-2.15758223533609,-11.078165979056077,223.63900941791692
129.12236107083618,4.063892635148081,0.9999999999999989,-2.158426877103093,-11.079821950793587,223.58087994157907
129.1264224970987,4.073129842545995,0.9999999999999989,-2.159271466978094,-11.081477195884004,223.5227445523956
129.13048433343812,4.0823668641877,0.9999999999999989,-2.160116005019841,-11.083131714366612,223.46460325218763
129.13454658003025,4.091603700035971,0.9999999999999989,-2.160960491287014,-11.084785506280703,223.4064560427758
129.13860923705093,4.1008403500535575,0.9999999999999991,-2.1618049258383287,-11.086438571665559,223.3483029259812
129.14267230467613,4.110076814203198,0.9999999999999988,-2.162649308732462,-11.08809091056047,223.29014390362448
129.1467357830818,4.119313092447616,0.9999999999999989,-2.1634936400280935,-11.089742523004706,223.2319789775266
129.150799672444,4.128549184749506,0.9999999999999989,-2.1643379197839643,-11.091393409037533,223.1738081495085
129.1548639729388,4.137785091071527,0.9999999999999989,-2.165182148058719,-11.0930435686982,223.11563142139087
129.15892868474236,4.147020811376358,0.999999999999999,-2.1660263249110585,-11.094693002025966,223.0574487949948
129.1629938080309,4.156256345626624,0.999999999999999,-2.1668704503996423,-11.096341709060084,222.99926027214093
129.16705934298065,4.165491693784936,0.999999999999999,-2.167714524583147,-11.097989689839768,222.94106585465028
129.17112528976793,4.174726855813919,0.999999999999999,-2.168558547520245,-11.099636944404274,222.88286554434362
129.1751916485691,4.183961831676125,0.999999999999999,-2.169402519269589,-11.101283472792808,222.82465934304196
129.1792584195606,4.193196621334137,0.9999999999999991,-2.1702464398898655,-11.102929275044593,222.76644725256602
129.18332560291893,4.202431224750477,0.9999999999999989,-2.1710903094396947,-11.104574351198842,222.7082292747367
129.18739319882056,4.211665641887661,0.999999999999999,-2.171934127977771,-11.106218701294763,222.65000541137496
129.19146120744216,4.220899872708216,0.9999999999999989,-2.172777895562703,-11.107862325371539,222.59177566430157
129.19552962896032,4.230133917174606,0.999999999999999,-2.1736216122531395,-11.10950522346836,222.53354003533738
129.19959846355178,4.239367775249295,0.9999999999999991,-2.174465278107739,-11.111147395624421,222.47529852630325
129.20366771139325,4.248601446894726,0.9999999999999991,-2.175308893185118,-11.112788841878901,222.4170511390202
129.2077373726616,4.257834932073324,0.999999999999999,-2.1761524575439317,-11.114429562270946,222.358797875309
129.21180744753363,4.26706823074748,0.999999999999999,-2.176995971242789,-11.116069556839735,222.3005387369904
129.21587793618636,4.276301342879604,0.999999999999999,-2.177839434340328,-11.117708825624423,222.24227372588538
129.21994883879668,4.285534268432033,0.9999999999999991,-2.178682846895132,-11.119347368664148,222.1840028438149
129.22402015554167,4.29476700736712,0.999999999999999,-2.1795262089658642,-11.120985185998059,222.12572609259968
129.2280918865984,4.303999559647207,0.999999999999999,-2.180369520611091,-11.122622277665286,222.06744347406055
129.23216403214406,4.313231925234567,0.999999999999999,-2.181212781889446,-11.124258643704959,222.00915499001852
129.2362365923558,4.322464104091511,0.999999999999999,-2.182055992859535,-11.125894284156207,221.95086064229437
129.2403095674109,4.331696096180293,0.9999999999999991,-2.182899153579921,-11.127529199058117,221.8925604327091
129.24438295748664,4.340927901463159,0.9999999999999991,-2.1837422641092203,-11.129163388449824,221.83425436308337
129.2484567627605,4.350159519902351,0.9999999999999988,-2.1845853245060525,-11.130796852370413,221.7759424352381
129.2525309834098,4.359390951460058,0.9999999999999992,-2.1854283348289627,-11.132429590858974,221.71762465099428
129.25660561961206,4.368622196098465,0.9999999999999991,-2.1862712951365424,-11.134061603954601,221.65930101217276
129.26068067154483,4.377853253779754,0.9999999999999989,-2.187114205487383,-11.135692891696376,221.60097152059424
129.26475613938567,4.387084124466057,0.9999999999999989,-2.1879570659400294,-11.137323454123354,221.54263617807965
129.26883202331226,4.396314808119518,0.9999999999999991,-2.1887998765530696,-11.138953291274621,221.48429498644992
129.2729083235023,4.405545304702234,0.999999999999999,-2.189642637385056,-11.140582403189208,221.42594794752597
129.27698504013355,4.414775614176296,0.9999999999999991,-2.1904853484945903,-11.142210789906185,221.3675950631285
129.28106217338384,4.424005736503773,0.9999999999999989,-2.191328009940193,-11.143838451464598,221.30923633507865
129.28513972343103,4.433235671646716,0.9999999999999989,-2.1921706217803916,-11.145465387903474,221.25087176519685
129.28921769045303,4.442465419567135,0.999999999999999,-2.1930131840737808,-11.147091599261842,221.1925013553044
129.2932960746279,4.451694980227075,0.999999999999999,-2.193855696878913,-11.148717085578731,221.13412510722193
129.29737487613363,4.460924353588486,0.9999999999999989,-2.1946981602542763,-11.150341846893149,221.07574302277033
129.30145409514833,4.470153539613365,0.9999999999999989,-2.1955405742584304,-11.151965883244106,221.01735510377054
129.30553373185012,4.479382538263658,0.9999999999999989,-2.1963829389499097,-11.153589194670609,220.9589613520434
129.30961378641732,4.488611349501273,0.999999999999999,-2.1972252543872592,-11.155211781211657,220.9005617694097
129.31369425902807,4.4978399732881496,0.999999999999999,-2.1980675206289675,-11.156833642906236,220.84215635769047
129.31777514986078,4.507068409586168,0.9999999999999989,-2.1989097377335582,-11.158454779793312,220.7837451187064
129.3218564590938,4.516296658357177,0.999999999999999,-2.199751905759573,-11.160075191911865,220.72532805427838
129.32593818690557,4.5255247195630535,0.999999999999999,-2.200594024765511,-11.161694879300882,220.6669051662274
129.33002033347458,4.5347525931656065,0.9999999999999991,-2.2014360948098393,-11.163313841999287,220.60847645637423
129.3341028989794,4.543980279126668,0.999999999999999,-2.202278115951131,-11.16493208004605,220.55004192653982
129.3381858835986,4.553207777408014,0.9999999999999991,-2.2031200882478004,-11.166549593480124,220.49160157854493
129.34226928751093,4.562435087971413,0.999999999999999,-2.2039620117584207,-11.168166382340447,220.43315541421052
129.34635311089502,4.571662210778629,0.9999999999999991,-2.2048038865414163,-11.169782446665932,220.37470343535728
129.35043735392972,4.580889145791388,0.999999999999999,-2.205645712655347,-11.171397786495522,220.31624564380635
129.3545220167938,4.590115892971379,0.999999999999999,-2.2064874901586116,-11.173012401868121,220.25778204137845
129.3586070996662,4.599342452280318,0.9999999999999989,-2.207329219109713,-11.174626292822651,220.1993126298943
129.36269260272582,4.608568823679867,0.999999999999999,-2.208170899567147,-11.176239459398001,220.14083741117508
129.36677852615165,4.617795007131669,0.9999999999999989,-2.2090125315893445,-11.177851901633083,220.08235638704147
129.37086487012286,4.627021002597369,0.999999999999999,-2.209854115234833,-11.179463619566775,220.02386955931428
129.3749516348185,4.63624681003857,0.999999999999999,-2.210695650561995,-11.181074613237962,219.96537692981448
129.3790388204177,4.645472429416844,0.999999999999999,-2.2115371376293282,-11.182684882685512,219.906878500363
129.38312642709977,4.654697860693801,0.9999999999999991,-2.2123785764952544,-11.18429442794831,219.84837427278057
129.38721445504396,4.663923103830957,0.9999999999999991,-2.2132199672182757,-11.185903249065197,219.7898642488881
129.3913029044296,4.673148158789859,0.9999999999999991,-2.214061309856767,-11.18751134607504,219.73134843050642
129.39539177543614,4.682373025532013,0.999999999999999,-2.214902604469202,-11.189118719016685,219.67282681945645
129.399481068243,4.6915977040189025,0.999999999999999,-2.215743851114002,-11.190725367928955,219.61429941755907
129.40357078302972,4.700822194212005,0.9999999999999989,-2.2165850498496162,-11.192331292850703,219.55576622663506
129.40766091997588,4.710046496072767,0.999999999999999,-2.217426200734465,-11.193936493820743,219.49722724850548
129.41175147926103,4.71927060956261,0.999999999999999,-2.2182673038269307,-11.1955409708779,219.43868248499098
129.41584246106498,4.728494534642961,0.999999999999999,-2.219108359185462,-11.197144724060971,219.3801319379126
129.4199338655674,4.737718271275194,0.9999999999999992,-2.2199493668684767,-11.198747753408767,219.32157560909104
129.4240256929481,4.746941819420683,0.9999999999999992,-2.220790326934374,-11.200350058960094,219.26301350034723
129.42811794338698,4.75616517904078,0.999999999999999,-2.2216312394415425,-11.201951640753729,219.2044456135021
129.4322106170639,4.765388350096798,0.9999999999999989,-2.2224721044483964,-11.203552498828461,219.1458719503764
129.4363037141588,4.774611332550065,0.9999999999999991,-2.223312922013317,-11.205152633223053,219.08729251279115
129.44039723485187,4.783834126361875,0.9999999999999991,-2.2241536921947223,-11.206752043976294,219.02870730256706
129.44449117932305,4.793056731493464,0.9999999999999991,-2.2249944150509755,-11.208350731126933,218.97011632152513
129.44858554775254,4.802279147906113,0.9999999999999991,-2.2258350906404694,-11.209948694713713,218.91151957148608
129.4526803403205,4.8115013755610185,0.9999999999999991,-2.2266757190215536,-11.211545934775398,218.852917054271
129.45677555720727,4.820723414419408,0.999999999999999,-2.227516300252624,-11.213142451350727,218.79430877170049
129.4608711985931,4.829945264442468,0.999999999999999,-2.2283568343920734,-11.214738244478415,218.7356947255956
129.46496726465838,4.839166925591353,0.999999999999999,-2.2291973214981944,-11.216333314197204,218.6770749177771
129.4690637555836,4.8483883978272235,0.999999999999999,-2.230037761629422,-11.217927660545802,218.618449350066
129.47316067154915,4.857609681111198,0.9999999999999992,-2.2308781548440706,-11.219521283562926,218.559818024283
129.4772580127356,4.866830775404381,0.9999999999999991,-2.2317185012004828,-11.22111418328727,218.50118094224896
129.48135577932362,4.87605168066786,0.9999999999999989,-2.2325588007570403,-11.222706359757554,218.44253810578496
129.48545397149385,4.885272396862704,0.9999999999999991,-2.2333990535720716,-11.22429781301243,218.38388951671163
129.48955258942698,4.894492923949943,0.9999999999999989,-2.234239259703891,-11.225888543090617,218.3252351768499
129.4936516333038,4.903713261890615,0.9999999999999991,-2.2350794192108765,-11.22747855003076,218.26657508802072
129.49775110330515,4.912933410645726,0.9999999999999992,-2.235919532151314,-11.229067833871545,218.2079092520449
129.50185099961192,4.922153370176238,0.999999999999999,-2.23675959858355,-11.230656394651625,218.14923767074322
129.50595132240508,4.931373140443147,0.9999999999999992,-2.237599618565902,-11.232244232409656,218.09056034593675
