galstreams/tracks/track.st.M30.sollima2020.ecsv
# %ECSV 0.9
# ---
# datatype:
# - {name: ra, unit: deg, datatype: float64}
# - {name: dec, unit: deg, datatype: float64}
# - {name: distance, unit: kpc, datatype: float64}
# - {name: pm_ra_cosdec, unit: mas / yr, datatype: float64}
# - {name: pm_dec, unit: mas / yr, datatype: float64}
# - {name: radial_velocity, unit: km / s, datatype: float64}
# delimiter: ','
# meta: !!omap
# - __serialized_columns__:
#     dec:
#       __class__: astropy.coordinates.angles.Latitude
#       unit: &id001 !astropy.units.Unit {unit: deg}
#       value: !astropy.table.SerializedColumn {name: dec}
#     distance:
#       __class__: astropy.coordinates.distances.Distance
#       unit: !astropy.units.Unit {unit: kpc}
#       value: !astropy.table.SerializedColumn {name: distance}
#     pm_dec:
#       __class__: astropy.units.quantity.Quantity
#       unit: !astropy.units.Unit {unit: mas / yr}
#       value: !astropy.table.SerializedColumn {name: pm_dec}
#     pm_ra_cosdec:
#       __class__: astropy.units.quantity.Quantity
#       unit: !astropy.units.Unit {unit: mas / yr}
#       value: !astropy.table.SerializedColumn {name: pm_ra_cosdec}
#     ra:
#       __class__: astropy.coordinates.angles.Longitude
#       unit: *id001
#       value: !astropy.table.SerializedColumn {name: ra}
#       wrap_angle: !astropy.coordinates.Angle
#         unit: *id001
#         value: 360.0
#     radial_velocity:
#       __class__: astropy.units.quantity.Quantity
#       unit: !astropy.units.Unit {unit: km / s}
#       value: !astropy.table.SerializedColumn {name: radial_velocity}
# schema: astropy-2.0
ra,dec,distance,pm_ra_cosdec,pm_dec,radial_velocity
[from data line 245]
323.15175307968224,-23.77263615304737,8.458,0.0,0.0,0.0
323.1611428544925,-23.766129109780177,8.457999999999998,0.0,0.0,0.0
323.1705362276676,-23.759648823672208,8.457999999999998,0.0,0.0,0.0
323.1799332637543,-23.753195651662597,8.457999999999998,0.0,0.0,0.0
323.1893340268478,-23.746769947387982,8.457999999999997,0.0,0.0,0.0
323.1987385805812,-23.740372061123665,8.457999999999998,0.0,0.0,0.0
323.20814698811444,-23.73400233972523,8.457999999999998,0.0,0.0,0.0
323.21755931212437,-23.72766112657092,8.457999999999998,0.0,0.0,0.0
323.2269756147942,-23.72134876150452,8.457999999999998,0.0,0.0,0.0
323.236395957803,-23.71506558077893,8.457999999999998,0.0,0.0,0.0
323.2458204023158,-23.708811917000375,8.457999999999998,0.0,0.0,0.0
323.2552490089732,-23.702588099073154,8.457999999999998,0.0,0.0,0.0
323.26468183788137,-23.696394452145135,8.457999999999998,0.0,0.0,0.0
323.27411894860205,-23.690231297553762,8.457999999999998,0.0,0.0,0.0
323.28356040014285,-23.684098952772768,8.457999999999997,0.0,0.0,0.0
323.29300625094703,-23.677997731359415,8.457999999999998,0.0,0.0,0.0
323.3024565588842,-23.671927942902478,8.457999999999998,0.0,0.0,0.0
323.31191138124035,-23.665889892970764,8.457999999999998,0.0,0.0,0.0
323.3213707747085,-23.659883883062278,8.457999999999997,0.0,0.0,0.0
323.3308347953789,-23.65391021055401,8.457999999999997,0.0,0.0,0.0
323.3403034987301,-23.647969168652388,8.457999999999998,0.0,0.0,0.0
323.3497769396192,-23.642061046344264,8.457999999999998,0.0,0.0,0.0
323.3592551722728,-23.636186128348584,8.457999999999998,0.0,0.0,0.0
323.36873825027783,-23.630344695068715,8.457999999999998,0.0,0.0,0.0
323.3782262265724,-23.624537022545308,8.457999999999998,0.0,0.0,0.0
323.3877191534369,-23.61876338240986,8.457999999999997,0.0,0.0,0.0
323.397217082485,-23.61302404183881,8.458,0.0,0.0,0.0
323.40672006465496,-23.607319263508412,8.457999999999998,0.0,0.0,0.0
323.4162281502008,-23.60164930555001,8.457999999999997,0.0,0.0,0.0
323.42574138868355,-23.596014421506172,8.457999999999998,0.0,0.0,0.0
323.43525982896284,-23.590414860287265,8.457999999999998,0.0,0.0,0.0
323.44478351918815,-23.58485086612877,8.458,0.0,0.0,0.0
323.4543125067908,-23.579322678549122,8.458,0.0,0.0,0.0
323.46384683847543,-23.57383053230826,8.457999999999998,0.0,0.0,0.0
323.4733865602115,-23.56837465736674,8.457999999999998,0.0,0.0,0.0
323.4829317172254,-23.562955278845507,8.457999999999998,0.0,0.0,0.0
323.4924823539927,-23.557572616986274,8.457999999999998,0.0,0.0,0.0
323.5020385142293,-23.552226887112525,8.457999999999997,0.0,0.0,0.0
323.5116002408842,-23.546918299591148,8.457999999999998,0.0,0.0,0.0
323.5211675761317,-23.541647059794634,8.457999999999998,0.0,0.0,0.0
323.53074056136313,-23.536413368064046,8.457999999999998,0.0,0.0,0.0
323.5403192371798,-23.531217419672398,8.458,0.0,0.0,0.0
323.54990364338505,-23.52605940478889,8.457999999999998,0.0,0.0,0.0
323.5594938189769,-23.52093950844352,8.457999999999998,0.0,0.0,0.0
323.56908980214047,-23.515857910492567,8.457999999999998,0.0,0.0,0.0
323.5786916302411,-23.510814785584483,8.457999999999998,0.0,0.0,0.0
323.5882993398168,-23.505810303126538,8.457999999999998,0.0,0.0,0.0
323.59791296657096,-23.500844627252047,8.457999999999997,0.0,0.0,0.0
323.60753254536564,-23.49591791678823,8.457999999999998,0.0,0.0,0.0
323.6171581102144,-23.491030325224653,8.457999999999997,0.0,0.0,0.0
323.62678969427554,-23.486182000682362,8.457999999999997,0.0,0.0,0.0
323.6364273298453,-23.481373085883547,8.457999999999998,0.0,0.0,0.0
323.64607104835073,-23.476603718121947,8.457999999999997,0.0,0.0,0.0
323.6557208803439,-23.471874029233753,8.457999999999998,0.0,0.0,0.0
323.6653768554944,-23.467184145569256,8.457999999999998,0.0,0.0,0.0
323.67503900258373,-23.462534187964984,8.458,0.0,0.0,0.0
323.6847073494984,-23.45792427171656,8.457999999999997,0.0,0.0,0.0
323.6943819232238,-23.45335450655215,8.457999999999998,0.0,0.0,0.0
323.70406274983804,-23.448824996606564,8.458,0.0,0.0,0.0
323.7137498545059,-23.444335840395908,8.457999999999998,0.0,0.0,0.0
323.7234432614726,-23.439887130792908,8.457999999999998,0.0,0.0,0.0
323.73314299405814,-23.43547895500287,8.457999999999998,0.0,0.0,0.0
323.74284907465125,-23.431111394540206,8.458,0.0,0.0,0.0
323.7525615247038,-23.426784525205647,8.457999999999998,0.0,0.0,0.0
323.76228036472514,-23.422498417064038,8.457999999999998,0.0,0.0,0.0
323.772005614276,-23.418253134422745,8.457999999999998,0.0,0.0,0.0
323.7817372919641,-23.414048735810727,8.457999999999997,0.0,0.0,0.0
323.79147541543733,-23.40988527395818,8.457999999999998,0.0,0.0,0.0
323.80122000138,-23.405762795776855,8.457999999999998,0.0,0.0,0.0
323.81097106550624,-23.40168134234094,8.457999999999998,0.0,0.0,0.0
323.8207286225557,-23.39764094886862,8.457999999999998,0.0,0.0,0.0
323.83049268628827,-23.393641644704214,8.457999999999998,0.0,0.0,0.0
323.84026326947884,-23.389683453300954,8.457999999999998,0.0,0.0,0.0
323.8500403839131,-23.38576639220439,8.457999999999998,0.0,0.0,0.0
323.8598240403823,-23.381890473036393,8.457999999999997,0.0,0.0,0.0
323.86961424867843,-23.378055701479834,8.457999999999998,0.0,0.0,0.0
323.8794110175901,-23.374262077263793,8.457999999999998,0.0,0.0,0.0
323.8892143548977,-23.370509594149482,8.457999999999998,0.0,0.0,0.0
323.8990242673691,-23.366798239916758,8.457999999999998,0.0,0.0,0.0
323.9088407607554,-23.363127996351164,8.458,0.0,0.0,0.0
323.91866383978675,-23.359498839231794,8.457999999999998,0.0,0.0,0.0
323.9284935081677,-23.3559107383196,8.457999999999997,0.0,0.0,0.0
323.9383297685741,-23.35236365734637,8.457999999999998,0.0,0.0,0.0
323.94817262264826,-23.348857554004365,8.458,0.0,0.0,0.0
323.95802207099547,-23.34539237993657,8.457999999999998,0.0,0.0,0.0
323.9678781131807,-23.341968080727447,8.457999999999998,0.0,0.0,0.0
323.97774074772394,-23.33858459589454,8.457999999999998,0.0,0.0,0.0
323.98760997209746,-23.335241858880497,8.457999999999998,0.0,0.0,0.0
323.997485782722,-23.331939797045784,8.457999999999998,0.0,0.0,0.0
324.0073681749633,-23.32867833166205,8.458,0.0,0.0,0.0
324.0172571431292,-23.32545737790605,8.457999999999998,0.0,0.0,0.0
324.0271526804661,-23.322276844854244,8.457999999999998,0.0,0.0,0.0
324.0370547791558,-23.31913663547799,8.457999999999998,0.0,0.0,0.0
324.04696343031287,-23.316036646639375,8.458,0.0,0.0,0.0
324.0568786239816,-23.31297676908764,8.457999999999998,0.0,0.0,0.0
324.06680034913273,-23.309956887456227,8.457999999999998,0.0,0.0,0.0
324.0767285936617,-23.306976880260486,8.457999999999998,0.0,0.0,0.0
324.0866633443851,-23.30403661989596,8.457999999999998,0.0,0.0,0.0
324.0966045870387,-23.30113597263732,8.457999999999997,0.0,0.0,0.0
324.1065523062748,-23.29827479863789,8.457999999999997,0.0,0.0,0.0
324.11650648565995,-23.29545295192981,8.457999999999998,0.0,0.0,0.0
324.12646710767297,-23.292670280424854,8.457999999999998,0.0,0.0,0.0
324.1364341537024,-23.289926625915744,8.458,0.0,0.0,0.0
324.1464076040447,-23.28722182407829,8.457999999999998,0.0,0.0,0.0
324.1563874379027,-23.28455570447395,8.457999999999997,0.0,0.0,0.0
324.1663736333829,-23.2819280905531,8.457999999999998,0.0,0.0,0.0
324.1763661674945,-23.279338799658962,8.457999999999998,0.0,0.0,0.0
324.1863650161475,-23.27678764303206,8.457999999999998,0.0,0.0,0.0
324.1963701541514,-23.274274425815353,8.458,0.0,0.0,0.0
324.2063815552134,-23.271798947059995,8.457999999999997,0.0,0.0,0.0
324.2163991919373,-23.26936099973169,8.457999999999998,0.0,0.0,0.0
324.22642303582234,-23.26696037071765,8.458,0.0,0.0,0.0
324.236453057262,-23.26459684083423,8.458000000000002,0.0,0.0,0.0
324.24648922554303,-23.262270184835142,8.458000000000002,0.0,0.0,0.0
324.2565315088446,-23.259980171420263,8.458,0.0,0.0,0.0
324.2665798742374,-23.257726563245146,8.458,0.0,0.0,0.0
324.2766342876829,-23.25550911693105,8.458,0.0,0.0,0.0
324.28669471403305,-23.253327583075688,8.458,0.0,0.0,0.0
324.29676111702935,-23.25118170626451,8.458,0.0,0.0,0.0
324.30683345930294,-23.249071225082645,8.458,0.0,0.0,0.0
324.31691170237406,-23.24699587212745,8.458,0.0,0.0,0.0
324.326995806652,-23.244955374021732,8.458,0.0,0.0,0.0
324.33708573143485,-23.2429494514275,8.458000000000002,0.0,0.0,0.0
324.3471814349097,-23.240977819060376,8.458,0.0,0.0,0.0
324.35728287415293,-23.239040185704663,8.458000000000002,0.0,0.0,0.0
324.3673900051303,-23.237136254228947,8.457999999999998,0.0,0.0,0.0
324.3775027826973,-23.235265721602413,8.458000000000002,0.0,0.0,0.0
324.3876211605999,-23.233428278911727,8.458,0.0,0.0,0.0
324.3977450914747,-23.231623611378527,8.458,0.0,0.0,0.0
324.40787452685004,-23.229851398377562,8.458,0.0,0.0,0.0
324.4180094171467,-23.228111313455436,8.458,0.0,0.0,0.0
324.42814971167894,-23.226403024349956,8.458,0.0,0.0,0.0
324.4382953586551,-23.224726193010138,8.458,0.0,0.0,0.0
324.4484463051795,-23.22308047561682,8.458,0.0,0.0,0.0
324.458602497253,-23.221465522603832,8.458,0.0,0.0,0.0
324.46876387977466,-23.219880978679896,8.458,0.0,0.0,0.0
324.4789303965435,-23.218326482851012,8.457999999999998,0.0,0.0,0.0
324.4891019902598,-23.216801668443598,8.458,0.0,0.0,0.0
324.4992786025268,-23.21530616312813,8.458,0.0,0.0,0.0
324.50946017385274,-23.213839588943518,8.458,0.0,0.0,0.0
324.5196466436529,-23.212401562321958,8.458000000000002,0.0,0.0,0.0
324.52983795025114,-23.210991694114533,8.458,0.0,0.0,0.0
324.54003403088285,-23.209609589617333,8.458,0.0,0.0,0.0
324.55023482169685,-23.208254848598276,8.458000000000002,0.0,0.0,0.0
324.5604402577577,-23.20692706532451,8.458,0.0,0.0,0.0
324.57065027304856,-23.20562582859039,8.458,0.0,0.0,0.0
324.5808648004737,-23.204350721746156,8.458000000000002,0.0,0.0,0.0
324.59108377186135,-23.203101322727157,8.458,0.0,0.0,0.0
324.60130711796666,-23.20187720408371,8.458,0.0,0.0,0.0
324.6115347684745,-23.200677933011637,8.457999999999998,0.0,0.0,0.0
324.621766652003,-23.199503071383326,8.458,0.0,0.0,0.0
324.63200269610644,-23.19835217577947,8.458,0.0,0.0,0.0
324.64224282727906,-23.197224797521404,8.457999999999998,0.0,0.0,0.0
324.65248697095814,-23.196120482704032,8.457999999999998,0.0,0.0,0.0
324.66273505152805,-23.19503877222946,8.458,0.0,0.0,0.0
324.6729869923238,-23.193979201841135,8.458,0.0,0.0,0.0
324.68324271563506,-23.192941302158683,8.458,0.0,0.0,0.0
324.69350214271003,-23.191924598713292,8.458,0.0,0.0,0.0
324.7037651937598,-23.190928611983807,8.458,0.0,0.0,0.0
324.71403178796254,-23.189952857433333,8.458,0.0,0.0,0.0
324.72430184346797,-23.18899684554654,8.458,0.0,0.0,0.0
324.7345752774017,-23.188060081867558,8.458,0.0,0.0,0.0
324.7448520058701,-23.18714206703845,8.457999999999998,0.0,0.0,0.0
324.75513194396507,-23.18624229683838,8.458,0.0,0.0,0.0
324.765415005769,-23.185360262223313,8.458,0.0,0.0,0.0
324.77570110435965,-23.184495449366366,8.458000000000002,0.0,0.0,0.0
324.7859901518156,-23.183647339698837,8.458000000000002,0.0,0.0,0.0
324.7962820592214,-23.18281540995171,8.458,0.0,0.0,0.0
324.80657673667304,-23.18199913219795,8.457999999999998,0.0,0.0,0.0
324.81687409328356,-23.181197973895213,8.458000000000002,0.0,0.0,0.0
324.82717403718874,-23.180411397929408,8.458,0.0,0.0,0.0
324.83747647555316,-23.1796388626586,8.458,0.0,0.0,0.0
324.847781314576,-23.178879821957825,8.458,0.0,0.0,0.0
324.8580884594972,-23.178133725264264,8.458,0.0,0.0,0.0
324.86839781460355,-23.177400017623196,8.458000000000002,0.0,0.0,0.0
324.8787092832354,-23.176678139734502,8.458000000000004,0.0,0.0,0.0
324.8890227677934,-23.175967527999752,8.458000000000002,0.0,0.0,0.0
324.8993381697442,-23.17526761457001,8.458000000000002,0.0,0.0,0.0
324.9096553896286,-23.174577827394153,8.458000000000002,0.0,0.0,0.0
324.91997432706734,-23.173897590267853,8.458000000000002,0.0,0.0,0.0
324.9302948807688,-23.173226322883185,8.458000000000002,0.0,0.0,0.0
324.94061694853633,-23.172563440878797,8.458000000000004,0.0,0.0,0.0
324.9509404272752,-23.17190835589074,8.458000000000004,0.0,0.0,0.0
324.96126521300044,-23.171260475603933,8.458,0.0,0.0,0.0
324.97159120084433,-23.17061920380415,8.458000000000002,0.0,0.0,0.0
324.9819182850643,-23.16998394043076,8.458000000000002,0.0,0.0,0.0
324.9922463590509,-23.169354081629926,8.458000000000002,0.0,0.0,0.0
325.0025753153357,-23.168729019808566,8.458000000000002,0.0,0.0,0.0
325.01290504559995,-23.168108143688787,8.458000000000002,0.0,0.0,0.0
325.0232354406824,-23.16749083836308,8.458000000000004,0.0,0.0,0.0
325.0335663905882,-23.166876485350002,8.458000000000002,0.0,0.0,0.0
325.0438977844975,-23.166264462650563,8.458000000000002,0.0,0.0,0.0
325.0542295107742,-23.16565414480516,8.458000000000004,0.0,0.0,0.0
325.064561456975,-23.16504490295114,8.458000000000004,0.0,0.0,0.0
325.0748935098586,-23.164436104881066,8.458000000000004,0.0,0.0,0.0
325.0852255553947,-23.16382711510143,8.458000000000002,0.0,0.0,0.0
325.09555747877334,-23.16321729489214,8.458000000000002,0.0,0.0,0.0
325.1058891644153,-23.162606002366513,8.458000000000002,0.0,0.0,0.0
325.1162204959806,-23.161992592531938,8.458,0.0,0.0,0.0
325.1265513563792,-23.161376417351146,8.458000000000002,0.0,0.0,0.0
325.1368816277807,-23.160756825804075,8.458000000000002,0.0,0.0,0.0
325.14721119162476,-23.160133163950317,8.458000000000004,0.0,0.0,0.0
325.1575399286311,-23.159504774992296,8.458000000000004,0.0,0.0,0.0
325.16786771880993,-23.15887099933893,8.458000000000002,0.0,0.0,0.0
325.17819444147307,-23.158231174669968,8.458000000000004,0.0,0.0,0.0
325.1885199752442,-23.15758463600092,8.458000000000002,0.0,0.0,0.0
325.1988441980701,-23.156930715748636,8.458000000000004,0.0,0.0,0.0
325.20916698723164,-23.15626874379745,8.458000000000004,0.0,0.0,0.0
325.2194882193549,-23.155598047565984,8.458000000000004,0.0,0.0,0.0
325.22980777042284,-23.154917952074495,8.458000000000002,0.0,0.0,0.0
325.2401255157867,-23.154227780012935,8.458000000000004,0.0,0.0,0.0
325.2504413301776,-23.153526851809517,8.458000000000004,0.0,0.0,0.0
325.26075508771856,-23.152814485699988,8.458000000000002,0.0,0.0,0.0
325.2710666619366,-23.15208999779745,8.458000000000002,0.0,0.0,0.0
325.2813759257747,-23.151352702162804,8.458000000000004,0.0,0.0,0.0
325.29168275160424,-23.15060191087586,8.458000000000004,0.0,0.0,0.0
325.30198701123777,-23.149836934106965,8.458,0.0,0.0,0.0
325.3122885759411,-23.149057080189326,8.458000000000004,0.0,0.0,0.0
325.3225873164467,-23.148261655691904,8.458000000000004,0.0,0.0,0.0
325.33288310296615,-23.14744996549295,8.458000000000006,0.0,0.0,0.0
325.3431758052038,-23.146621312854105,8.458000000000004,0.0,0.0,0.0
325.35346529236995,-23.14577499949515,8.458000000000004,0.0,0.0,0.0
325.3637514331938,-23.14491032566938,8.458000000000006,0.0,0.0,0.0
325.37403409593776,-23.14402659023953,8.458000000000004,0.0,0.0,0.0
325.3843131484109,-23.143123090754397,8.458000000000002,0.0,0.0,0.0
325.394588457983,-23.142199123525977,8.458000000000006,0.0,0.0,0.0
325.40485989159845,-23.14125398370732,8.458000000000006,0.0,0.0,0.0
325.4151273157909,-23.14028696537089,8.458000000000002,0.0,0.0,0.0
325.4253905966974,-23.139297361587616,8.458000000000002,0.0,0.0,0.0
325.43564960007313,-23.13828446450654,8.458000000000004,0.0,0.0,0.0
325.4459041913061,-23.13724756543502,8.458000000000004,0.0,0.0,0.0
325.45615423543234,-23.136185954919622,8.458000000000002,0.0,0.0,0.0
325.46639959715037,-23.135098922827588,8.458000000000004,0.0,0.0,0.0
325.4766401408373,-23.133985758428903,8.458000000000004,0.0,0.0,0.0
325.48687573056355,-23.132845750478975,8.458000000000004,0.0,0.0,0.0
325.497106230109,-23.13167818730197,8.458000000000004,0.0,0.0,0.0
325.5073315029783,-23.13048235687469,8.458000000000002,0.0,0.0,0.0
325.5175514124169,-23.12925754691115,8.458000000000006,0.0,0.0,0.0
325.5277658214275,-23.128003044947636,8.458000000000006,0.0,0.0,0.0
325.5379745927859,-23.126718138428526,8.458000000000006,0.0,0.0,0.0
325.54817758905733,-23.1254021147926,8.458000000000002,0.0,0.0,0.0
325.5583746726137,-23.12405426156002,8.458000000000002,0.0,0.0,0.0
325.5685657056497,-23.122673866419923,8.458000000000004,0.0,0.0,0.0
325.57875055019986,-23.121260217318596,8.458000000000002,0.0,0.0,0.0
325.58892906815595,-23.11981260254827,8.458000000000004,0.0,0.0,0.0
325.5991011212839,-23.118330310836573,8.458000000000004,0.0,0.0,0.0
