galstreams/tracks/track.st.New-15.ibata2024.ecsv
# %ECSV 1.0
# ---
# datatype:
# - {name: ra, unit: deg, datatype: float64}
# - {name: dec, unit: deg, datatype: float64}
# - {name: distance, unit: kpc, datatype: float64}
# - {name: pm_ra_cosdec, unit: mas / yr, datatype: float64}
# - {name: pm_dec, unit: mas / yr, datatype: float64}
# - {name: radial_velocity, unit: km / s, datatype: float64}
# delimiter: ','
# meta: !!omap
# - __serialized_columns__:
#     dec:
#       __class__: astropy.coordinates.angles.Latitude
#       unit: &id001 !astropy.units.Unit {unit: deg}
#       value: !astropy.table.SerializedColumn {name: dec}
#     distance:
#       __class__: astropy.coordinates.distances.Distance
#       unit: !astropy.units.Unit {unit: kpc}
#       value: !astropy.table.SerializedColumn {name: distance}
#     pm_dec:
#       __class__: astropy.units.quantity.Quantity
#       unit: !astropy.units.Unit {unit: mas / yr}
#       value: !astropy.table.SerializedColumn {name: pm_dec}
#     pm_ra_cosdec:
#       __class__: astropy.units.quantity.Quantity
#       unit: !astropy.units.Unit {unit: mas / yr}
#       value: !astropy.table.SerializedColumn {name: pm_ra_cosdec}
#     ra:
#       __class__: astropy.coordinates.angles.Longitude
#       unit: *id001
#       value: !astropy.table.SerializedColumn {name: ra}
#       wrap_angle: !astropy.coordinates.Angle
#         unit: *id001
#         value: 360.0
#     radial_velocity:
#       __class__: astropy.units.quantity.Quantity
#       unit: !astropy.units.Unit {unit: km / s}
#       value: !astropy.table.SerializedColumn {name: radial_velocity}
# schema: astropy-2.0
ra,dec,distance,pm_ra_cosdec,pm_dec,radial_velocity
[from data line 285]
170.1112281680904,10.480547427471981,0.9999999999999999,4.554345770657523,-3.054760510402925,187.52594317353123
170.12239326747914,10.478821846961631,0.9999999999999997,4.553330086278183,-3.0541178033086913,187.54832047623623
170.13355453351173,10.477112972453217,0.9999999999999997,4.552314271375609,-3.053479907140919,187.57061802496455
170.14471197298147,10.475420781587896,0.9999999999999999,4.551298325643573,-3.052846814551918,187.59283594323753
170.1558655926774,10.473745252006003,0.9999999999999998,4.550282248777463,-3.0522185181935324,187.61497435457684
170.16701539938464,10.472086361347086,0.9999999999999998,4.549266040474208,-3.051595010717148,187.63703338250386
170.17816139988435,10.47044408724989,0.9999999999999998,4.54824970043227,-3.050976284773693,187.6590131505403
170.18930360095362,10.468818407352366,0.9999999999999998,4.547233228351696,-3.050362333013638,187.6809137822075
170.2004420093654,10.467209299291627,0.9999999999999999,4.546216623934049,-3.049753148086994,187.70273540102716
170.21157663188885,10.46561674070402,0.9999999999999998,4.54519988688243,-3.049148722643321,187.7244781305206
170.22270747528904,10.464040709225081,0.9999999999999998,4.544183016901503,-3.0485490493317338,187.7461420942095
170.23383454632713,10.462481182489554,0.9999999999999998,4.543166013697448,-3.0479541208008936,187.76772741561527
170.24495785176006,10.46093813813136,0.9999999999999998,4.542148876977997,-3.04736392969901,187.78923421825954
170.256077398341,10.459411553783637,0.9999999999999997,4.541131606452414,-3.0467784686738524,187.81066262566372
170.2671931928191,10.457901407078733,0.9999999999999998,4.540114201831468,-3.0461977303727563,187.83201276134946
170.2783052419396,10.456407675648196,0.9999999999999998,4.5390966628274905,-3.045621707442592,187.8532847488383
170.28941355244356,10.454930337122756,0.9999999999999996,4.5380789891542985,-3.045050392529812,187.87447871165153
170.3005181310683,10.453469369132371,0.9999999999999997,4.537061180527257,-3.0444837782804104,187.895594773311
170.31161898454712,10.452024749306194,0.9999999999999998,4.536043236663225,-3.04392185733997,187.91663305733803
170.3227161196094,10.450596455272605,0.9999999999999998,4.535025157280595,-3.043364622353619,187.9375936872541
170.33380954298045,10.449184464659142,0.9999999999999997,4.534006942099283,-3.042812065966065,187.95847678658086
170.34489926138173,10.44778875509259,0.9999999999999998,4.532988590840706,-3.0422641808215767,187.97928247883985
170.35598528153082,10.446409304198934,0.9999999999999998,4.531970103227756,-3.0417209595640005,188.00001088755243
170.36706761014133,10.445046089603373,0.9999999999999998,4.530951478984871,-3.0411823948367553,188.02066213624028
170.3781462539229,10.443699088930284,0.9999999999999998,4.529932717837969,-3.0406484792828348,188.04123634842492
170.3892212195813,10.442368279803285,0.9999999999999997,4.528913819514482,-3.040119205544804,188.06173364762773
170.40029251381836,10.441053639845196,0.9999999999999998,4.527894783743321,-3.0395945662648103,188.08215415737035
170.4113601433321,10.439755146678056,0.9999999999999996,4.526875610254908,-3.039074554084592,188.10249800117435
170.42242411481644,10.438472777923083,0.9999999999999997,4.525856298781143,-3.038559161645451,188.12276530256108
170.4334844349616,10.437206511200744,0.9999999999999998,4.524836849055426,-3.0380483815882906,188.14295618505227
170.44454111045388,10.435956324130709,0.9999999999999998,4.5238172608126455,-3.0375422065535824,188.16307077216936
170.4555941479755,10.43472219433184,0.9999999999999998,4.522797533789159,-3.0370406291814067,188.1831091874338
170.46664355420504,10.433504099422239,0.9999999999999998,4.521777667722817,-3.0365436421114165,188.20307155436714
170.47768933581708,10.432302017019211,0.9999999999999997,4.520757662352944,-3.0360512379828615,188.22295799649092
170.4887314994824,10.431115924739292,0.9999999999999998,4.519737517420324,-3.035563409434589,188.24276863732675
170.4997700518678,10.4299458001982,0.9999999999999998,4.518717232667273,-3.035080149105039,188.26250360039612
170.51080499963632,10.428791621010893,0.9999999999999997,4.517696807837502,-3.0346014496322438,188.28216300922037
170.52183634944709,10.427653364791553,0.9999999999999997,4.516676242676252,-3.034127303653838,188.30174698732128
170.53286410795548,10.426531009153576,0.9999999999999997,4.5156555369301925,-3.0336577038070605,188.3212556582203
170.54388828181285,10.425424531709544,0.9999999999999998,4.514634690347453,-3.0331926427287392,188.34068914543886
170.55490887766683,10.424333910071297,0.9999999999999997,4.513613702677661,-3.0327321130553226,188.36004757249853
170.56592590216118,10.423259121849886,0.9999999999999997,4.512592573671897,-3.0322761074228577,188.3793310629209
170.57693936193593,10.422200144655582,0.9999999999999998,4.511571303082641,-3.03182461846699,188.3985397402274
170.58794926362705,10.421156956097851,0.9999999999999997,4.51054989066391,-3.0313776388229883,188.41767372793961
170.59895561386688,10.420129533785415,0.9999999999999998,4.5095283361711065,-3.030935161125723,188.43673314957897
170.6099584192839,10.419117855326203,0.9999999999999997,4.508506639361121,-3.0304971780096857,188.45571812866714
170.62095768650283,10.418121898327378,0.9999999999999998,4.507484799992274,-3.030063682108973,188.47462878872562
170.63195342214433,10.417141640395295,0.9999999999999997,4.50646281782434,-3.0296346660573006,188.49346525327582
170.64294563282556,10.416177059135562,0.9999999999999997,4.505440692618537,-3.0292101224880055,188.51222764583932
170.65393432515975,10.415228132153004,0.9999999999999997,4.504418424137483,-3.0287900440340367,188.53091608993765
170.66491950575642,10.414294837051681,0.9999999999999998,4.50339601214528,-3.0283744233279757,188.54953070909238
170.67590118122104,10.413377151434846,0.9999999999999997,4.502373456407481,-3.027963253002018,188.568071626825
170.68687935815555,10.412475052905009,0.9999999999999997,4.501350756691001,-3.027556525687986,188.58653896665697
170.69785404315806,10.411588519063892,0.9999999999999997,4.500327912764256,-3.0271542340173276,188.60493285210995
170.70882524282294,10.410717527512467,0.9999999999999998,4.499304924397041,-3.0267563706211247,188.62325340670535
170.71979296374053,10.409862055850889,0.9999999999999999,4.4982817913606175,-3.02636292813008,188.64150075396478
170.73075721249776,10.409022081678579,0.9999999999999998,4.497258513427624,-3.025973899174531,188.6596750174096
170.7417179956775,10.408197582594173,0.9999999999999998,4.496235090372177,-3.025589276384453,188.6777763205615
170.75267531985918,10.407388536195555,0.9999999999999997,4.49521152196974,-3.0252090523894486,188.69580478694192
170.76362919161804,10.406594920079796,0.9999999999999997,4.494187807997282,-3.0248332198187633,188.71376054007243
170.77457961752597,10.405816711843237,0.9999999999999998,4.4931639482331045,-3.024461771301273,188.7316437034746
170.7855266041509,10.405053889081435,0.9999999999999998,4.49213994245696,-3.024094699465503,188.74945440066986
170.79647015805713,10.404306429389198,0.9999999999999997,4.491115790450021,-3.023731996939616,188.7671927551797
170.80741028580508,10.403574310360518,0.9999999999999998,4.490091491994833,-3.0233736563514126,188.78485889052587
170.8183469939515,10.402857509588667,0.9999999999999998,4.489067046875398,-3.0230196703283445,188.80245293022952
170.82928028904954,10.402156004666136,0.9999999999999997,4.488042454877067,-3.022670031497512,188.81997499781247
170.84021017764852,10.401469773184653,0.9999999999999998,4.487017715786608,-3.0223247324856493,188.83742521679622
170.85113666629385,10.400798792735154,0.9999999999999999,4.485992829392233,-3.0219837659191597,188.8548037107023
170.86205976152758,10.400143040907846,0.9999999999999998,4.48496779548349,-3.021647124424079,188.87211060305196
170.8729794698878,10.39950249529215,0.9999999999999997,4.4839426138513385,-3.0213148006261195,188.8893460173671
170.88389579790902,10.398877133476745,0.9999999999999996,4.4829172842881695,-3.020986787150619,188.90651007716903
170.89480875212192,10.398266933049504,0.9999999999999998,4.481891806587708,-3.0206630766225944,188.9236029059793
170.90571833905355,10.397671871597579,0.9999999999999997,4.4808661805450924,-3.020343661666711,188.9406246273195
170.9166245652273,10.39709192670734,0.9999999999999998,4.479840405956875,-3.020028534907288,188.95757536471103
170.9275274371629,10.396527075964412,0.9999999999999997,4.478814482620933,-3.019717688968327,188.9744552416756
170.93842696137614,10.395977296953625,0.9999999999999997,4.4777884103365935,-3.01941111647346,188.99126438173448
170.9493231443794,10.395442567259074,0.9999999999999997,4.476762188904487,-3.0191088100460144,189.00800290840942
170.96021599268133,10.394922864464094,0.9999999999999998,4.475735818126697,-3.0188107623089593,189.0246709452219
170.97110551278686,10.394418166151263,0.9999999999999998,4.474709297806639,-3.018516965884947,189.04126861569333
170.98199171119714,10.393928449902365,0.9999999999999997,4.473682627749106,-3.0182274133962936,189.05779604334532
170.99287459440987,10.393453693298467,0.9999999999999998,4.47265580776027,-3.0179420974649815,189.0742533516995
171.00375416891893,10.392993873919872,0.9999999999999997,4.471628837647695,-3.0176610107126765,189.09064066427715
171.01463044121456,10.392548969346086,0.9999999999999997,4.470601717220255,-3.0173841457606976,189.1069581045999
171.0255034177834,10.392118957155907,0.9999999999999997,4.469574446288258,-3.017111495230064,189.12320579618938
171.0363731051084,10.391703814927345,0.9999999999999997,4.468547024663311,-3.0168430517414553,189.13938386256712
171.04723950966888,10.391303520237683,0.9999999999999998,4.467519452158428,-3.016578807915227,189.1554924272544
171.05810263794046,10.390918050663403,0.9999999999999999,4.466491728587979,-3.016318756371433,189.17153161377294
171.06896249639516,10.39054738378027,0.9999999999999998,4.465463853767676,-3.0160628897297848,189.18750154564418
171.0798190915014,10.390191497163283,0.9999999999999997,4.464435827514581,-3.0158112006097006,189.2034023463897
171.09067242972392,10.38985036838669,0.9999999999999997,4.463407649647138,-3.015563681630262,189.21923413953107
171.10152251752382,10.389523975023966,0.9999999999999998,4.462379319985109,-3.0153203254102534,189.23499704858975
171.11236936135856,10.38921229464785,0.9999999999999999,4.461350838349627,-3.0150811245681313,189.2506911970872
171.12321296768206,10.388915304830332,0.9999999999999998,4.460322204563176,-3.014846071722056,189.2663167085451
171.13405334294458,10.388632983142646,0.9999999999999998,4.459293418449568,-3.014615159489864,189.28187370648476
171.1448904935927,10.38836530715526,0.9999999999999997,4.458264479833988,-3.0143883804891027,189.29736231442794
171.1557244260694,10.3881122544379,0.9999999999999997,4.45723538854293,-3.0141657273369953,189.31278265589603
171.16655514681423,10.387873802559543,0.9999999999999999,4.456206144404234,-3.0139471926504635,189.32813485441048
171.17738266226297,10.38764992908843,0.9999999999999997,4.45517674724709,-3.0137327690461353,189.34341903349295
171.18820697884772,10.387440611592012,0.9999999999999998,4.454147196902036,-3.013522449140326,189.35863531666502
171.19902810299715,10.387245827637024,0.9999999999999998,4.453117493200931,-3.0133162255490618,189.37378382744802
171.2098460411363,10.387065554789444,0.9999999999999998,4.452087635976946,-3.013114090888055,189.38886468936366
171.22066079968664,10.386899770614514,0.9999999999999998,4.45105762506463,-3.0129160377727366,189.40387802593318
171.2314723850659,10.386748452676683,0.9999999999999997,4.450027460299806,-3.0127220588182286,189.4188239606785
171.2422808036884,10.386611578539695,0.9999999999999997,4.448997141519648,-3.0125321466393613,189.4337026171209
171.25308606196478,10.38648912576654,0.9999999999999997,4.447966668562702,-3.012346293850686,189.44851411878187
171.26388816630225,10.386381071919462,0.9999999999999997,4.446936041268749,-3.012164493066442,189.46325858918308
171.27468712310423,10.386287394559927,0.9999999999999998,4.445905259478954,-3.0119867369005853,189.47793615184594
171.2854829387707,10.386208071248697,0.9999999999999999,4.444874323035773,-3.011813017966797,189.4925469302921
171.2962756196981,10.386143079545768,0.9999999999999997,4.443843231783017,-3.0116433288784483,189.5070910480429
171.30706517227924,10.386092397010403,0.9999999999999998,4.442811985565771,-3.0114776622486437,189.52156862862003
171.31785160290337,10.386056001201094,0.9999999999999998,4.441780584230443,-3.011316010690189,189.5359797955449
171.3286349179562,10.386033869675616,0.9999999999999998,4.440749027624792,-3.0111583668156277,189.5503246723391
171.33941512381998,10.386025979990986,0.9999999999999999,4.439717315597826,-3.0110047232371935,189.56460338252413
171.35019222687328,10.386032309703502,0.9999999999999998,4.4386854479999,-3.010855072566865,189.5788160496216
171.36096623349113,10.386052836368671,0.9999999999999997,4.437653424682676,-3.010709407416334,189.59296279715284
171.37173715004513,10.3860875375413,0.9999999999999998,4.436621245499095,-3.0105677203970043,189.6070437486395
171.3825049829032,10.386136390775436,0.9999999999999998,4.4355889103034665,-3.010430004120016,189.62105902760314
171.39326973842992,10.386199373624404,0.9999999999999998,4.434556418951317,-3.0102962511962437,189.63500875756523
171.40403142298604,10.386276463640751,0.9999999999999997,4.433523771299539,-3.01016645423627,189.64889306204725
171.41479004292907,10.38636763837631,0.9999999999999999,4.432490967206277,-3.01004060585041,189.6627120645708
171.42554560461286,10.386472875382175,0.9999999999999998,4.4314580065310105,-3.0099186986487263,189.67646588865748
171.4362981143878,10.3865921522087,0.9999999999999998,4.43042488913448,-3.009800725240992,189.69015465782863
171.4470475786006,10.386725446405475,0.9999999999999997,4.429391614878761,-3.0096866782367178,189.70377849560583
171.45779400359464,10.386872735521377,0.9999999999999999,4.428358183627187,-3.009576550245158,189.71733752551066
171.4685373957098,10.38703399710455,0.9999999999999998,4.427324595244371,-3.009470333875293,189.73083187106445
171.4792777612822,10.387209208702364,0.9999999999999998,4.426290849596271,-3.009368021735847,189.74426165578907
171.49001510664468,10.387398347861485,0.9999999999999998,4.425256946550076,-3.0092696064352777,189.75762700320584
171.5007494381266,10.38760139212783,0.9999999999999997,4.424222885974261,-3.009175080581784,189.77092803683632
171.51148076205368,10.387818319046591,0.9999999999999998,4.423188667738646,-3.009084436783306,189.78416488020193
171.5222090847482,10.388049106162192,0.9999999999999996,4.422154291714253,-3.0089976676475283,189.79733765682434
171.53293441252893,10.38829373101835,0.9999999999999998,4.421119757773428,-3.0089147657818707,189.81044649022502
171.54365675171115,10.388552171158038,0.9999999999999997,4.420085065789815,-3.0088357237935153,189.82349150392537
171.55437610860676,10.388824404123504,0.9999999999999997,4.419050215638267,-3.008760534289374,189.8364728214472
171.56509248952398,10.389110407456231,0.9999999999999999,4.418015207194985,-3.008689189876115,189.84939056631185
171.57580590076765,10.389410158696995,0.9999999999999997,4.416980040337403,-3.0086216831601558,189.86224486204077
171.5865163486392,10.389723635385831,0.9999999999999998,4.415944714944223,-3.0085580067476583,189.87503583215565
171.59722383943648,10.390050815062052,0.9999999999999997,4.414909230895462,-3.0084981532445445,189.8877636001778
171.6079283794539,10.3903916752642,0.9999999999999997,4.413873588072329,-3.00844211525649,189.90042828962905
171.61862997498235,10.390746193530124,0.9999999999999998,4.4128377863573895,-3.00838988538891,189.91303002403066
171.62932863230935,10.391114347396925,0.9999999999999999,4.411801825634411,-3.008341456246999,189.92556892690428
171.64002435771894,10.391496114400981,0.9999999999999998,4.41076570578846,-3.008296820435689,189.9380451217714
