galstreams/tracks/track.st.Gunnthra.ibata2021.ecsv
# %ECSV 0.9
# ---
# datatype:
# - {name: ra, unit: deg, datatype: float64}
# - {name: dec, unit: deg, datatype: float64}
# - {name: distance, unit: kpc, datatype: float64}
# - {name: pm_ra_cosdec, unit: mas / yr, datatype: float64}
# - {name: pm_dec, unit: mas / yr, datatype: float64}
# - {name: radial_velocity, unit: km / s, datatype: float64}
# delimiter: ','
# meta: !!omap
# - __serialized_columns__:
#     dec:
#       __class__: astropy.coordinates.angles.Latitude
#       unit: &id001 !astropy.units.Unit {unit: deg}
#       value: !astropy.table.SerializedColumn {name: dec}
#     distance:
#       __class__: astropy.coordinates.distances.Distance
#       unit: !astropy.units.Unit {unit: kpc}
#       value: !astropy.table.SerializedColumn {name: distance}
#     pm_dec:
#       __class__: astropy.units.quantity.Quantity
#       unit: !astropy.units.Unit {unit: mas / yr}
#       value: !astropy.table.SerializedColumn {name: pm_dec}
#     pm_ra_cosdec:
#       __class__: astropy.units.quantity.Quantity
#       unit: !astropy.units.Unit {unit: mas / yr}
#       value: !astropy.table.SerializedColumn {name: pm_ra_cosdec}
#     ra:
#       __class__: astropy.coordinates.angles.Longitude
#       unit: *id001
#       value: !astropy.table.SerializedColumn {name: ra}
#       wrap_angle: !astropy.coordinates.Angle
#         unit: *id001
#         value: 360.0
#     radial_velocity:
#       __class__: astropy.units.quantity.Quantity
#       unit: !astropy.units.Unit {unit: km / s}
#       value: !astropy.table.SerializedColumn {name: radial_velocity}
# schema: astropy-2.0
ra,dec,distance,pm_ra_cosdec,pm_dec,radial_velocity
[from data line 952]
292.56286217860577,-70.099562951825,3.0832618721110974,-11.790035000978865,-26.691009149890565,6.73661370389787e-14
292.57539423047996,-70.09042595156494,3.083205551485476,-11.784345947498316,-26.697093557115807,5.0524602779234026e-14
292.58790703889304,-70.0812866784808,3.083149376648261,-11.778663329497306,-26.70317306923711,8.420767129872338e-14
292.6004006407511,-70.07214513795806,3.0830933484126333,-11.772987135918422,-26.70924769032606,1.1789073981821273e-13
292.6128750729147,-70.06300133537198,3.08303746759177,-11.767317355711985,-26.715317424425866,1.0104920555846805e-13
292.62533037219896,-70.05385527608792,3.0829817349988544,-11.761653977835943,-26.721382275551413,1.515738083377021e-13
292.6377665753741,-70.04470696546097,3.0829261514470643,-11.755996991255895,-26.72744224768941,1.515738083377021e-13
292.6501837191647,-70.03555640883627,3.0828707177495795,-11.750346384945201,-26.733497344798387,6.73661370389787e-14
292.66258184025037,-70.02640361154886,3.08281543471958,-11.744702147884968,-26.739547570808764,1.347322740779574e-13
292.6749609752651,-70.01724857892394,3.0827603031702457,-11.739064269064112,-26.74559292962291,1.0104920555846805e-13
292.6873211607978,-70.00809131627663,3.082705323914757,-11.733432737479333,-26.751633425115195,1.6841534259744677e-13
292.6996624333922,-69.99893182891208,3.0826504977662927,-11.727807542135201,-26.757669061132095,1.1789073981821273e-13
292.7119848295468,-69.98977012212556,3.082595825538033,-11.722188672044123,-26.763699841492205,8.420767129872338e-14
292.7242883857146,-69.98060620120256,3.082541308043158,-11.716576116226527,-26.769725769986273,1.347322740779574e-13
292.73657313830364,-69.97144007141854,3.082486946094847,-11.710969863710673,-26.775746850377327,1.1789073981821273e-13
292.74883912367665,-69.9622717380392,3.0824327405062806,-11.70536990353284,-26.78176308640069,1.347322740779574e-13
292.7610863781512,-69.95310120632035,3.0823786920906375,-11.699776224737281,-26.78777448176408,6.73661370389787e-14
292.7733149379997,-69.94392848150817,3.082324801661099,-11.69418881637633,-26.793781040147575,1.1789073981821273e-13
292.78552483944924,-69.93475356883891,3.0822710700308433,-11.688607667510354,-26.799782765203805,1.0104920555846805e-13
292.7977161186818,-69.92557647353918,3.0822174980130512,-11.683032767207829,-26.805779660557867,1.1789073981821273e-13
292.80988881183447,-69.91639720082583,3.082164086420902,-11.677464104545287,-26.81177172980754,1.1789073981821273e-13
292.8220429549987,-69.90721575590601,3.0821108360675757,-11.671901668607504,-26.817758976523194,1.6841534259744676e-14
292.83417858422126,-69.89803214397729,3.0820577477662523,-11.66634544848738,-26.82374140424794,1.347322740779574e-13
292.84629573550353,-69.8888463702275,3.0820048223301115,-11.660795433286015,-26.82971901649765,1.515738083377021e-13
292.858394444802,-69.8796584398349,3.081952060572334,-11.655251612112771,-26.835691816761052,1.6841534259744677e-13
292.8704747480279,-69.87046835796816,3.081899463306098,-11.649713974085259,-26.841659808499767,1.347322740779574e-13
292.8825366810475,-69.86127612978638,3.081847031344584,-11.644182508329383,-26.84762299514831,1.1789073981821273e-13
292.8945802796819,-69.85208176043913,3.0817947655009714,-11.638657203979347,-26.853581380114264,1.0104920555846805e-13
292.90660557970733,-69.84288525506645,3.081742666588441,-11.633138050177761,-26.859534966778238,8.420767129872338e-14
292.9186126168548,-69.8336866187989,3.0816907354201724,-11.627625036075525,-26.86548375849398,1.1789073981821273e-13
292.9306014268104,-69.82448585675758,3.0816389728093445,-11.622118150831986,-26.87142775858841,1.347322740779574e-13
292.9425720452154,-69.81528297405411,3.0815873795691373,-11.616617383614898,-26.8773669703617,1.0104920555846805e-13
292.9545245076658,-69.80607797579074,3.081535956512732,-11.611122723600491,-26.883301397087266,5.0524602779234026e-14
292.96645884971264,-69.79687086706032,3.081484704453307,-11.605634159973468,-26.889231042011954,8.420767129872338e-14
292.97837510686225,-69.7876616529463,3.0814336242040414,-11.600151681927038,-26.895155908355935,1.0104920555846805e-13
292.99027331457603,-69.77845033852282,3.0813827165781174,-11.594675278662882,-26.901075999312944,1.0104920555846805e-13
293.00215350827017,-69.76923692885465,3.081331982388713,-11.589204939391339,-26.906991318050135,8.420767129872338e-14
293.0140157233162,-69.76002142899733,3.0812814224490084,-11.583740653331278,-26.912901867708314,8.420767129872338e-14
293.02585999504083,-69.7508038439971,3.081231037572185,-11.578282409710132,-26.91880765140189,6.73661370389787e-14
293.0376863587257,-69.74158417889093,3.0811808285714197,-11.572830197764048,-26.924708672219012,8.420767129872338e-14
293.04949484960775,-69.73236243870659,3.0811307962598944,-11.567384006737793,-26.930604933221506,1.515738083377021e-13
293.06128550287906,-69.72313862846265,3.0810809414507876,-11.561943825884823,-26.936496437445086,1.515738083377021e-13
293.07305835368703,-69.71391275316849,3.081031264957281,-11.556509644467257,-26.942383187899267,1.6841534259744677e-13
293.0848134371341,-69.70468481782434,3.080981767592552,-11.551081451755985,-26.94826518756753,1.515738083377021e-13
293.096550788278,-69.69545482742133,3.0809324501697826,-11.545659237030655,-26.95414243940734,1.0104920555846805e-13
293.1082704421318,-69.68622278694146,3.080883313502151,-11.54024298957969,-26.960014946350146,1.347322740779574e-13
293.11997243366375,-69.67698870135762,3.0808343584028384,-11.534832698700324,-26.96588271130151,1.6841534259744677e-13
293.1316567977976,-69.66775257563368,3.0807855856850233,-11.529428353698545,-26.971745737141216,1.0104920555846805e-13
293.143323569412,-69.65851441472452,3.0807369961618853,-11.524029943889307,-26.977604026723125,1.515738083377021e-13
293.15497278334146,-69.64927422357589,3.0806885906466057,-11.518637458596347,-26.983457582875456,1.0104920555846805e-13
293.16660447437545,-69.64003200712467,3.080640369952364,-11.513250887152335,-26.98930640840069,1.347322740779574e-13
293.17821867725905,-69.63078777029872,3.080592334892338,-11.507870218898816,-26.995150506075735,1.6841534259744677e-13
293.18981542669275,-69.62154151801695,3.0805444862797113,-11.502495443186302,-27.000989878651865,1.1789073981821273e-13
293.20139475733225,-69.61229325518939,3.080496824927661,-11.497126549374343,-27.00682452885488,1.6841534259744677e-13
293.21295670378896,-69.60304298671711,3.0804493516493663,-11.491763526831315,-27.012654459385136,1.0104920555846805e-13
293.22450130062975,-69.59379071749244,3.0804020672580097,-11.486406364934679,-27.018479672917536,1.1789073981821273e-13
293.23602858237666,-69.5845364523987,3.0803549725667683,-11.481055053071014,-27.024300172101672,6.73661370389787e-14
293.2475385835076,-69.57528019631052,3.080308068388823,-11.475709580635806,-27.03011595956183,1.515738083377021e-13
293.25903133845605,-69.56602195409361,3.0802613555373553,-11.470369937033645,-27.035927037897064,3.368306851948935e-14
293.27050688161074,-69.55676173060503,3.0802148348255414,-11.465036111678291,-27.041733409681232,1.1789073981821273e-13
293.28196524731624,-69.54749953069299,3.0801685070665643,-11.459708093992514,-27.047535077463102,1.515738083377021e-13
293.2934064698727,-69.53823535919697,3.080122373073602,-11.454385873408288,-27.053332043766343,1.515738083377021e-13
293.3048305835359,-69.52896922094781,3.080076433659835,-11.449069439366715,-27.059124311089604,1.1789073981821273e-13
293.31623762251724,-69.51970112076758,3.0800306896384435,-11.443758781318053,-27.064911881906593,1.347322740779574e-13
293.32762762098383,-69.51043106346975,3.0799851418226063,-11.438453888721801,-27.070694758666114,1.1789073981821273e-13
293.33900061305854,-69.5011590538591,3.0799397910255046,-11.433154751046652,-27.076472943792073,8.420767129872338e-14
293.35035663281997,-69.49188509673183,3.0798946380603165,-11.427861357770485,-27.082246439683672,1.8525687685719145e-13
293.3616957143024,-69.48260919687552,3.079849683740223,-11.422573698380518,-27.088015248715294,1.1789073981821273e-13
293.37301789149615,-69.47333135906916,3.0798049288784037,-11.417291762373157,-27.09377937323665,5.0524602779234026e-14
293.38432319834703,-69.46405158808324,3.0797603742880386,-11.412015539254195,-27.099538815572842,1.1789073981821273e-13
293.3956116687568,-69.45476988867966,3.0797160207823064,-11.406745018538675,-27.105293578024387,1.515738083377021e-13
293.4068833365834,-69.44548626561186,3.0796718691743883,-11.401480189750966,-27.11104366286727,1.515738083377021e-13
293.4181382356402,-69.43620072362478,3.079627920277464,-11.396221042424804,-27.116789072353036,1.1789073981821273e-13
293.42937639969676,-69.42691326745486,3.0795841749047126,-11.390967566103349,-27.122529808708748,6.73661370389787e-14
293.4405978624786,-69.41762390183018,3.0795406338693136,-11.385719750339005,-27.128265874137192,1.1789073981821273e-13
293.45180265766714,-69.40833263147032,3.079497297984447,-11.380477584693761,-27.13399727081681,8.420767129872338e-14
293.4629908188998,-69.39903946108652,3.0794541680632945,-11.375241058738888,-27.139724000901786,1.0104920555846805e-13
293.4741623797702,-69.38974439538158,3.0794112449190325,-11.370010162055193,-27.14544606652212,1.1789073981821273e-13
293.48531737382785,-69.38044743905004,3.079368529364845,-11.364784884232828,-27.151163469783654,8.420767129872338e-14
293.49645583457834,-69.37114859677804,3.079326022213907,-11.359565214871598,-27.156876212768157,1.0104920555846805e-13
293.50757779548354,-69.36184787324343,3.0792837242794024,-11.35435114358064,-27.162584297533346,1.1789073981821273e-13
293.5186832899613,-69.35254527311578,3.0792416363745088,-11.3491426599787,-27.168287726112972,1.6841534259744677e-13
293.5297723513859,-69.34324080105637,3.0791997593124076,-11.343939753694,-27.173986500516836,1.8525687685719145e-13
293.5408450130875,-69.33393446171827,3.079158093906277,-11.338742414364331,-27.179680622730878,1.347322740779574e-13
293.55190130835274,-69.32462625974631,3.0791166409692976,-11.333550631637067,-27.185370094717207,1.347322740779574e-13
293.5629412704246,-69.3153161997771,3.0790754013146495,-11.32836439516911,-27.191054918414174,6.73661370389787e-14
293.5739649325019,-69.30600428643915,3.079034375755511,-11.323183694627042,-27.196735095736397,1.515738083377021e-13
293.58497232774033,-69.29669052435267,3.078993565105064,-11.318008519686977,-27.20241062857485,8.420767129872338e-14
293.59596348925174,-69.2873749181299,3.0789529701764873,-11.312838860034688,-27.20808151879687,5.0524602779234026e-14
293.6069384501042,-69.27805747237483,3.0789125917829603,-11.307674705365638,-27.213747768246254,6.73661370389787e-14
293.61789724332255,-69.26873819168344,3.0788724307376643,-11.30251604538486,-27.2194093787433,1.0104920555846805e-13
293.62883990188766,-69.2594170806436,3.0788324878537767,-11.29736286980716,-27.22506635208486,1.515738083377021e-13
293.6397664587373,-69.25009414383514,3.0787927639444796,-11.292215168356947,-27.230718690044327,1.0104920555846805e-13
293.6506769467655,-69.24076938582984,3.078753259822951,-11.287072930768435,-27.236366394371846,5.0524602779234026e-14
293.6615713988228,-69.23144281119151,3.078713976302372,-11.281936146785494,-27.24200946679418,3.368306851948935e-14
293.6724498477165,-69.22211442447595,3.078674914195922,-11.276804806161795,-27.247647909014873,1.0104920555846805e-13
293.68331232621046,-69.21278423023098,3.0786360743167815,-11.271678898660657,-27.253281722714313,1.0104920555846805e-13
293.69415886702507,-69.2034522329965,3.078597457478129,-11.26655841405527,-27.258910909549726,1.0104920555846805e-13
293.7049895028376,-69.19411843730447,3.078559064493145,-11.261443342128555,-27.264535471155245,8.420767129872338e-14
293.7158042662817,-69.18478284767895,3.0785208961750095,-11.25633367267329,-27.270155409141964,6.73661370389787e-14
293.72660318994804,-69.17544546863613,3.0784829533369016,-11.25122939549202,-27.27577072509802,5.0524602779234026e-14
293.73738630638405,-69.16610630468429,3.0784452367920014,-11.246130500397104,-27.28138142058861,1.1789073981821273e-13
293.7481536480938,-69.15676536032394,3.078407747353489,-11.241036977210772,-27.286987497156037,1.6841534259744677e-13
293.7589052475384,-69.14742264004772,3.078370485834545,-11.235948815765106,-27.29258895631979,1.1789073981821273e-13
293.7696411371357,-69.13807814834048,3.078333453048347,-11.230866005902053,-27.298185799576597,6.73661370389787e-14
293.7803613492604,-69.12873188967927,3.078296649808077,-11.225788537473449,-27.303778028400426,3.368306851948935e-14
293.7910659162441,-69.11938386853345,3.078260076926914,-11.22071640034105,-27.3093656442426,1.347322740779574e-13
293.8017548703758,-69.11003408936453,3.078223735218037,-11.215649584376452,-27.314948648531818,8.420767129872338e-14
293.8124282439009,-69.10068255662642,3.078187625494628,-11.210588079461278,-27.32052704267418,1.1789073981821273e-13
293.8230860690224,-69.09132927476524,3.0781517485698635,-11.20553187548698,-27.326100828053328,8.420767129872338e-14
293.8337283778999,-69.0819742482195,3.0781161052569264,-11.200480962355055,-27.331670006030368,6.73661370389787e-14
293.8443552026504,-69.07261748141998,3.0780806963689944,-11.195435329976913,-27.337234577944034,1.6841534259744677e-13
293.85496657534793,-69.06325897878989,3.0780455227192487,-11.190394968273937,-27.342794545110674,1.515738083377021e-13
293.86556252802376,-69.05389874474477,3.07801058512087,-11.185359867177514,-27.34834990882431,1.347322740779574e-13
293.8761430926664,-69.04453678369262,3.0779758843870346,-11.18033001662905,-27.353900670356754,8.420767129872338e-14
293.8867083012214,-69.0351731000338,3.0779414213309257,-11.175305406579934,-27.35944683095751,1.0104920555846805e-13
293.89725818559185,-69.02580769816116,3.0779071967657208,-11.170286026991633,-27.364988391854002,5.0524602779234026e-14
293.9077927776381,-69.01644058245999,3.077873211504602,-11.165271867835546,-27.370525354251487,1.515738083377021e-13
293.91831210917775,-69.00707175730807,3.077839466360747,-11.160262919093249,-27.376057719333204,8.420767129872338e-14
293.92881621198586,-68.99770122707567,3.077805962147336,-11.155259170756292,-27.381585488260342,1.0104920555846805e-13
293.93930511779485,-68.98832899612557,3.077772699677551,-11.15026061282637,-27.387108662172103,6.73661370389787e-14
293.9497788582948,-68.97895506881316,3.0777396797645684,-11.145267235315174,-27.392627242185874,5.0524602779234026e-14
293.960237465133,-68.96957944948635,3.077706903221572,-11.140279028244588,-27.398141229397048,1.1789073981821273e-13
293.9706809699146,-68.96020214248556,3.077674370861737,-11.135295981646527,-27.403650624879337,3.368306851948935e-14
293.981109404202,-68.95082315214394,3.0776420834982465,-11.130318085563104,-27.409155429684567,1.347322740779574e-13
293.99152279951545,-68.94144248278715,3.0776100419442787,-11.125345330046475,-27.41465564484293,3.368306851948935e-14
294.0019211873327,-68.93206013873358,3.077578247013015,-11.120377705159038,-27.420151271362922,1.347322740779574e-13
294.0123045990893,-68.92267612429418,3.0775466995176335,-11.115415200973235,-27.425642310231424,1.515738083377021e-13
294.02267306617847,-68.9132904437727,3.077515400271315,-11.110457807571741,-27.431128762413767,8.420767129872338e-14
294.0330266199511,-68.90390310146546,3.0774843500872393,-11.105505515047412,-27.436610628853746,1.347322740779574e-13
294.043365291716,-68.89451410166158,3.0774535497785855,-11.100558313503281,-27.44208791047368,1.1789073981821273e-13
294.05368911273973,-68.8851234486429,3.077423000158534,-11.095616193052551,-27.44756060817451,3.368306851948935e-14
294.06399811424683,-68.87573114668403,3.077392702040266,-11.090679143818615,-27.453028722835754,1.1789073981821273e-13
294.0742923274196,-68.8663372000523,3.077362656236958,-11.085747155935149,-27.458492255315665,8.420767129872338e-14
294.0845717833983,-68.85694161300786,3.077332863561792,-11.080820219546041,-27.463951206451156,1.0104920555846805e-13
