galstreams/tracks/track.st.Slidr.ibata2021.ecsv
# %ECSV 1.0
# ---
# datatype:
# - {name: ra, unit: deg, datatype: float64}
# - {name: dec, unit: deg, datatype: float64}
# - {name: distance, unit: kpc, datatype: float64}
# - {name: pm_ra_cosdec, unit: mas / yr, datatype: float64}
# - {name: pm_dec, unit: mas / yr, datatype: float64}
# - {name: radial_velocity, unit: km / s, datatype: float64}
# delimiter: ','
# meta: !!omap
# - __serialized_columns__:
#     dec:
#       __class__: astropy.coordinates.angles.Latitude
#       unit: &id001 !astropy.units.Unit {unit: deg}
#       value: !astropy.table.SerializedColumn {name: dec}
#     distance:
#       __class__: astropy.coordinates.distances.Distance
#       unit: !astropy.units.Unit {unit: kpc}
#       value: !astropy.table.SerializedColumn {name: distance}
#     pm_dec:
#       __class__: astropy.units.quantity.Quantity
#       unit: !astropy.units.Unit {unit: mas / yr}
#       value: !astropy.table.SerializedColumn {name: pm_dec}
#     pm_ra_cosdec:
#       __class__: astropy.units.quantity.Quantity
#       unit: !astropy.units.Unit {unit: mas / yr}
#       value: !astropy.table.SerializedColumn {name: pm_ra_cosdec}
#     ra:
#       __class__: astropy.coordinates.angles.Longitude
#       unit: *id001
#       value: !astropy.table.SerializedColumn {name: ra}
#       wrap_angle: !astropy.coordinates.Angle
#         unit: *id001
#         value: 360.0
#     radial_velocity:
#       __class__: astropy.units.quantity.Quantity
#       unit: !astropy.units.Unit {unit: km / s}
#       value: !astropy.table.SerializedColumn {name: radial_velocity}
# schema: astropy-2.0
ra,dec,distance,pm_ra_cosdec,pm_dec,radial_velocity
[from data line 1130]
159.05374280654834,9.361843717922829,2.916981709801822,-24.989159274734142,-6.89757699113105,-82.28263984418835
159.06314154250097,9.358397000139231,2.9173001414200397,-24.985907961986463,-6.896101618734157,-82.23889930339548
159.07254116552306,9.35495464648804,2.9176185004623645,-24.98265521759227,-6.89462620590211,-82.19499780181185
159.08194167454278,9.351516650703697,2.9179367872347663,-24.979401041849496,-6.893150753226097,-82.15093542761784
159.09134306848745,9.348083006520847,2.9182550020432214,-24.976145435056132,-6.891675261296984,-82.1067122689944
159.10074534628373,9.344653707674288,2.9185731451937023,-24.972888397510346,-6.890199730705324,-82.06232841412209
159.11014850685757,9.341228747898985,2.9188912169921823,-24.969629929510443,-6.88872416204134,-82.01778395118136
159.11955254913428,9.337808120930061,2.9192092177446343,-24.966370031354835,-6.8872485558949545,-81.9730789683529
159.12895747203842,9.334391820502812,2.919527147757034,-24.96310870334206,-6.885772912855756,-81.92821355381743
159.13836327449388,9.33097984035271,2.919845007335353,-24.9598459457708,-6.884297233513023,-81.88318779575565
159.1477699554239,9.327572174215346,2.9201627967855655,-24.956581758939873,-6.882821518455723,-81.83800178234785
159.15717751375098,9.324168815826528,2.9204805164136447,-24.953316143148193,-6.88134576827249,-81.79265560177508
159.1665859483969,9.320769758922209,2.920798166525565,-24.95004909869482,-6.879869983551663,-81.7471493422177
159.17599525828274,9.317374997238506,2.9211157474272977,-24.946780625878976,-6.87839416488125,-81.70148309185637
159.18540544232897,9.313984524511696,2.921433259424819,-24.94351072499995,-6.876918312848948,-81.65565693887197
159.19481649945527,9.310598334478241,2.9217507028241005,-24.940239396357192,-6.875442428042146,-81.60967097144469
159.20422842858062,9.307216420874761,2.9220680779311174,-24.93696664025029,-6.8739665110479145,-81.56352527775529
159.21364122862352,9.30383877743801,2.9223853850518418,-24.93369245697896,-6.8724905624529935,-81.51721994598482
159.22305489850146,9.300465397904949,2.9227026244922465,-24.930416846843002,-6.871014582843834,-81.47075506431335
159.23246943713144,9.297096276012688,2.9230197965583073,-24.927139810142386,-6.8695385728065546,-81.42413072092182
159.24188484342972,9.293731405498502,2.9233369015559965,-24.9238613471772,-6.868062532926978,-81.37734700399083
159.2513011163118,9.290370780099831,2.923653939791288,-24.92058145824766,-6.866586463790596,-81.330404001701
159.2607182546925,9.287014393554285,2.923970911570154,-24.917300143654106,-6.865110365982599,-81.2833018022327
159.27013625748606,9.283662239599646,2.9242878171985693,-24.91401740369702,-6.863634240087865,-81.23604049376708
159.27955512360592,9.280314311973829,2.924604656982508,-24.91073323867695,-6.862158086690952,-81.18862016448422
159.28897485196487,9.276970604414949,2.9249214312279417,-24.907447648894657,-6.8606819063761115,-81.14104090256515
159.29839544147492,9.273631110661277,2.925238140240846,-24.904160634650975,-6.859205699727283,-81.09330279619039
159.3078168910475,9.270295824451244,2.9255547843271925,-24.90087219624689,-6.8577294673281,-81.04540593354032
159.3172391995933,9.266964739523452,2.9258713637929556,-24.89758233398348,-6.8562532097618805,-80.99735040279597
159.32666236602228,9.26363784961667,2.926187878944108,-24.894291048162,-6.854776927611628,-80.9491362921378
159.33608638924363,9.260315148469836,2.9265043300866256,-24.890998339083772,-6.8533006214600505,-80.90076368974626
159.34551126816612,9.256996629822028,2.9268207175264793,-24.887704207050284,-6.851824291889531,-80.85223268380217
159.35493700169758,9.253682287412516,2.927137041569643,-24.884408652363145,-6.850347939482145,-80.80354336248607
159.3643635887452,9.250372114980731,2.9274533025220917,-24.881111675324075,-6.848871564819662,-80.75469581397881
159.37379102821546,9.247066106266269,2.9277695006897977,-24.877813276234935,-6.847395168483559,-80.70569012646071
159.38321931901422,9.243764255008887,2.9280856363787344,-24.874513455397697,-6.845918751054969,-80.6565263881127
159.39264846004653,9.240466554948512,2.9284017098948762,-24.871212213114468,-6.844442313114753,-80.607204687115
159.40207845021686,9.237172999825235,2.928717721544196,-24.86790954968748,-6.842965855243443,-80.55772511164861
159.41150928842887,9.23388358337933,2.9290336716326673,-24.86460546541907,-6.841489378021277,-80.50808774989417
159.42094097358566,9.230598299351188,2.9293495604662647,-24.861299960611735,-6.840012882028166,-80.45829269003194
159.43037350458954,9.227317141481416,2.9296653883509594,-24.857993035568086,-6.838536367843736,-80.408340020243
159.43980688034213,9.224040103510768,2.929981155592727,-24.85468469059082,-6.837059836047301,-80.35822982870765
159.44924109974434,9.220767179180164,2.93029686249754,-24.85137492598281,-6.8355832872178555,-80.30796220360665
159.45867616169645,9.217498362230693,2.930612509371372,-24.84806374204701,-6.834106721934113,-80.25753723312054
159.46811206509796,9.214233646403606,2.9309280965201974,-24.84475113908654,-6.832630140774455,-80.2069550054301
159.4775488088477,9.210973025440335,2.931243624249988,-24.841437117404602,-6.831153544316978,-80.15621560871595
159.48698639184389,9.20771649308244,2.931559092866719,-24.83812167730456,-6.829676933139468,-80.10531913115858
159.49642481298395,9.204464043071683,2.9318745026763624,-24.834804819089882,-6.828200307819401,-80.05426566093863
159.50586407116467,9.201215669149981,2.9321898539848936,-24.831486543064134,-6.826723668933953,-80.00305528623693
159.51530416528203,9.197971365059418,2.932505147098285,-24.82816684953106,-6.825247017059999,-79.95168809523382
159.52474509423143,9.194731124542242,2.9328203823225096,-24.824845738794476,-6.823770352774112,-79.90016417611015
159.53418685690758,9.191494941340872,2.9331355599635414,-24.821523211158368,-6.822293676652549,-79.84848361704634
159.54362945220433,9.188262809197896,2.9334506803273537,-24.818199266926804,-6.820816989271287,-79.79664650622341
159.5530728790151,9.185034721856043,2.9337657437199205,-24.81487390640398,-6.819340291205974,-79.74465293182162
159.56251713623237,9.18181067305823,2.9340807504472153,-24.811547129894244,-6.817863583031979,-79.69250298202151
159.57196222274806,9.178590656547543,2.9343957008152115,-24.808218937702037,-6.81638686532435,-79.64019674500405
159.58140813745334,9.175374666067226,2.934710595129882,-24.80488933013193,-6.814910138657851,-79.58773430894978
159.5908548792387,9.172162695360692,2.9350254336972017,-24.80155830748862,-6.813433403606936,-79.53511576203918
159.6003024469939,9.168954738171522,2.9353402168231413,-24.798225870076934,-6.811956660745762,-79.48234119245313
159.609750839608,9.165750788243466,2.935654944813677,-24.794892018201782,-6.81047991064818,-79.42941068837199
159.61920005596951,9.162550839320415,2.935969617974782,-24.791556752168248,-6.8090031538877405,-79.37632433797646
159.62865009496608,9.159354885146456,2.93628423661243,-24.788220072281486,-6.807526391037703,-79.32308222944728
159.63810095548467,9.156162919465835,2.936598801032593,-24.78488197884683,-6.806049622671015,-79.26968445096504
159.64755263641163,9.15297493602296,2.9369133115412454,-24.781542472169676,-6.804572849360344,-79.21613109071035
159.6570051366325,9.149790928562407,2.9372277684443606,-24.77820155255559,-6.803096071678041,-79.16242223686373
159.66645845503228,9.146610890828917,2.937542172047913,-24.774859220310223,-6.801619290196156,-79.10855797760608
159.67591259049513,9.143434816567403,2.9378565226578743,-24.77151547573935,-6.800142505486463,-79.05453840111771
159.6853675419045,9.14026269952295,2.938170820580219,-24.768170319148897,-6.798665718120424,-79.00036359557939
159.69482330814336,9.137094533440774,2.9384850661209208,-24.764823750844883,-6.79718892866919,-78.94603364917184
159.70427988809374,9.133930312066296,2.9387992595859527,-24.761475771133444,-6.795712137703639,-78.89154865007552
159.71373728063708,9.13077002914509,2.939113401281289,-24.75812638032086,-6.794235345794339,-78.83690868647115
159.7231954846541,9.127613678422895,2.9394274915129035,-24.75477557871349,-6.792758553511563,-78.7821138465394
159.73265449902485,9.124461253645626,2.939741530586767,-24.751423366617875,-6.791281761425287,-78.727164218461
159.74211432262862,9.121312748559347,2.940055518808856,-24.748069744340622,-6.789804970105201,-78.67205989041608
159.75157495434405,9.118168156910315,2.9403694564851426,-24.744714712188472,-6.788328180120687,-78.61680095058588
159.76103639304918,9.115027472444913,2.940683343921601,-24.741358270468293,-6.786851392040827,-78.56138748715068
159.77049863762116,9.111890688909725,2.9409971814242044,-24.738000419487065,-6.785374606434427,-78.50581958829132
159.77996168693653,9.108757800051494,2.9413109692989265,-24.73464115955189,-6.783897823869983,-78.45009734218812
159.7894255398712,9.10562879961712,2.941624707851739,-24.731280490970008,-6.782421044915702,-78.39422083702196
159.7988901953003,9.102503681353681,2.941938397388619,-24.727918414048723,-6.780944270139499,-78.33819016097353
159.80835565209821,9.099382439008421,2.942252038215537,-24.724554929095518,-6.7794675001089875,-78.28200540222322
159.81782190913873,9.096265066328746,2.9425656306384673,-24.721190036417966,-6.777990735391508,-78.22566664895162
159.827288965295,9.093151557062212,2.9428791749633847,-24.71782373632374,-6.7765139765540665,-78.16917398933967
159.8367568194393,9.090041904956571,2.943192671496261,-24.71445602912069,-6.7750372241634205,-78.11252751156793
159.84622547044333,9.086936103759728,2.94350612054307,-24.711086915116727,-6.773560478786013,-78.05572730381688
159.85569491717806,9.083834147219756,2.9438195224097856,-24.70771639461989,-6.772083740987998,-77.99877345426718
159.86516515851372,9.080736029084893,2.944132877402382,-24.704344467938366,-6.770607011335236,-77.94166605109945
159.87463619331993,9.077641743103547,2.944446185826831,-24.70097113538043,-6.7691302903932975,-77.88440518249438
159.8841080204655,9.074551283024302,2.9447594479891075,-24.69759639725448,-6.76765357872747,-77.8269909366326
159.89358063881872,9.071464642595872,2.945072664195185,-24.694220253869027,-6.766176876902727,-77.76942340169467
159.90305404724702,9.068381815567182,2.9453858347510353,-24.690842705532734,-6.764700185483775,-77.71170266586135
159.9125282446172,9.065302795687295,2.9456989599626344,-24.68746375255432,-6.763223505035022,-77.65382881731314
159.9220032297953,9.062227576705455,2.9460120401359537,-24.68408339524269,-6.761746836120582,-77.59580194423064
159.9314790016468,9.05915615237107,2.946325075576969,-24.6807016339068,-6.760270179304284,-77.5376221347946
159.94095555903633,9.056088516433713,2.946638066591651,-24.67731846885578,-6.75879353514966,-77.47928947718565
159.95043290082785,9.053024662643136,2.9469510134859753,-24.67393390039883,-6.757316904219975,-77.4208040595842
159.9599110258848,9.049964584749217,2.947263916565915,-24.670547928845295,-6.755840287078167,-77.36216597017116
159.9693899330697,9.046908276502048,2.947576776137443,-24.667160554504626,-6.754363684286919,-77.30337529712712
159.97886962124446,9.043855731651869,2.947889592506533,-24.663771777686378,-6.752887096408613,-77.24443212863264
159.98835008927028,9.040806943949082,2.9482023659791596,-24.66038159870027,-6.751410524005342,-77.18533655286812
159.99783133600775,9.037761907144267,2.9485150968612945,-24.65699001785606,-6.749933967638912,-77.12608865801472
160.00731336031663,9.034720614988164,2.9488277854589113,-24.653597035463704,-6.748457427870852,-77.06668853225256
160.016796161056,9.031683061231695,2.9491404320779857,-24.650202651833208,-6.746980905262381,-77.00713626376255
160.02627973708434,9.028649239625901,2.949453037024489,-24.646806867274726,-6.74550440037445,-76.9474319407251
160.03576408725942,9.025619143922047,2.9497656006043953,-24.643409682098525,-6.744027913767716,-76.88757565132107
160.04524921043824,9.022592767871531,2.9500781231236797,-24.640011096614966,-6.742551446002562,-76.82756748373104
160.0547351054771,9.019570105225938,2.9503906048883137,-24.63661111113454,-6.74107499763906,-76.76740752613556
160.06422177123167,9.016551149737008,2.9507030462042705,-24.633209725967895,-6.739598569237019,-76.70709586671526
160.0737092065569,9.013535895156648,2.9510154473775256,-24.6298069414257,-6.7381221613559585,-76.64663259365095
160.08319741030706,9.010524335236937,2.951327808714051,-24.62640275781881,-6.7366457745551065,-76.58601779512301
160.09268638133557,9.00751646373013,2.95164013051982,-24.622997175458195,-6.735169409393414,-76.52525155931217
160.10217611849546,9.00451227438861,2.9519524131008086,-24.619590194654894,-6.733693066429527,-76.46433397439897
160.1116666206388,9.001511760964966,2.952264656762987,-24.616181815720104,-6.732216746221841,-76.40326512856431
160.12115788661706,8.99851491721195,2.95257686181233,-24.61277203896512,-6.730740449328442,-76.34204510998852
160.130649915281,8.995521736882466,2.952889028554812,-24.60936086470133,-6.7292641763071375,-76.28067400685246
160.1401427054807,8.992532213729591,2.9532011572964056,-24.60594829324025,-6.727787927715461,-76.21915190733652
160.14963625606555,8.989546341506577,2.9535132483430853,-24.60253432489354,-6.726311704110651,-76.15747889962158
160.15913056588408,8.98656411396684,2.9538253020008236,-24.599118959972934,-6.724835506049681,-76.09565507188792
160.16862563378453,8.983585524863946,2.9541373185755933,-24.595702198790296,-6.7233593340892135,-76.03368051231666
160.178121458614,8.980610567951642,2.954449298373369,-24.592284041657607,-6.721883188785656,-75.97155530908796
160.18761803921913,8.97763923698385,2.9547612417001243,-24.588864488886948,-6.7204070706951144,-75.90927955038273
160.19711537444581,8.974671525714642,2.955073148861833,-24.5854435407905,-6.718930980373427,-75.8468533243816
160.20661346313923,8.971707427898275,2.9553850201644676,-24.582021197680604,-6.71745491837615,-75.78427671926504
160.2161123041439,8.968746937289152,2.955696855914003,-24.578597459869673,-6.715978885258551,-75.72154982321372
160.22561189630358,8.965790047641882,2.95600865641641,-24.575172327670256,-6.714502881575627,-75.65867272440842
160.23511223846145,8.962836752711176,2.9563204219776655,-24.57174580139498,-6.713026907882078,-75.59564551102963
160.24461332945987,8.95988704625197,2.9566321529037403,-24.568317881356652,-6.711550964732341,-75.53246827125787
160.2541151681406,8.95694092201934,2.9569438495006093,-24.56488856786808,-6.710075052680564,-75.46914109327402
160.26361775334462,8.953998373768542,2.957255512074245,-24.561457861242324,-6.708599172280618,-75.40566406525843
160.2731210839123,8.951059395254987,2.9575671409306232,-24.558025761792422,-6.707123324086091,-75.34203727539224
160.28262515868323,8.94812398023427,2.9578787363757155,-24.554592269831616,-6.705647508650299,-75.27826081185552
160.29212997649626,8.945192122462142,2.9581902987154955,-24.551157385673235,-6.7041717265262815,-75.21433476282898
160.30163553618982,8.942263815694504,2.9585018282559363,-24.54772110963069,-6.702695978266787,-75.15025921649357
160.31114183660137,8.939339053687455,2.9588133253030127,-24.544283442017537,-6.701220264424294,-75.08603426102974
160.3206488765677,8.93641783019724,2.959124790162698,-24.54084438314744,-6.6997445855510005,-75.021659984618
160.33015665492505,8.933500138980287,2.9594362231409646,-24.537403933334147,-6.69826894219883,-74.95713647543907
160.33966517050882,8.930585973793184,2.9597476245437866,-24.533962092891556,-6.696793334919432,-74.89246382167372
160.3491744221538,8.927675328392676,2.9600589946771376,-24.530518862133633,-6.695317764264165,-74.82764211150233
160.358684408694,8.924768196535704,2.960370333846992,-24.527074241374493,-6.693842230784132,-74.7626714331058
160.36819512896287,8.92186457197933,2.9606816423593214,-24.523628230928367,-6.69236673503014,-74.69755187466443
160.37770658179306,8.91896444848082,2.960992920520101,-24.520180831109528,-6.6908912775527245,-74.63228352435918
