galstreams/tracks/track.st.Orphan-Chenab.koposov2019.ecsv
# %ECSV 1.0
# ---
# datatype:
# - {name: ra, unit: deg, datatype: float64}
# - {name: dec, unit: deg, datatype: float64}
# - {name: distance, unit: kpc, datatype: float64}
# - {name: pm_ra_cosdec, unit: mas / yr, datatype: float64}
# - {name: pm_dec, unit: mas / yr, datatype: float64}
# - {name: radial_velocity, unit: km / s, datatype: float64}
# delimiter: ','
# meta: !!omap
# - __serialized_columns__:
#     dec:
#       __class__: astropy.coordinates.angles.Latitude
#       unit: &id001 !astropy.units.Unit {unit: deg}
#       value: !astropy.table.SerializedColumn {name: dec}
#     distance:
#       __class__: astropy.coordinates.distances.Distance
#       unit: !astropy.units.Unit {unit: kpc}
#       value: !astropy.table.SerializedColumn {name: distance}
#     pm_dec:
#       __class__: astropy.units.quantity.Quantity
#       unit: !astropy.units.Unit {unit: mas / yr}
#       value: !astropy.table.SerializedColumn {name: pm_dec}
#     pm_ra_cosdec:
#       __class__: astropy.units.quantity.Quantity
#       unit: !astropy.units.Unit {unit: mas / yr}
#       value: !astropy.table.SerializedColumn {name: pm_ra_cosdec}
#     ra:
#       __class__: astropy.coordinates.angles.Longitude
#       unit: *id001
#       value: !astropy.table.SerializedColumn {name: ra}
#       wrap_angle: !astropy.coordinates.Angle
#         unit: *id001
#         value: 360.0
#     radial_velocity:
#       __class__: astropy.units.quantity.Quantity
#       unit: !astropy.units.Unit {unit: km / s}
#       value: !astropy.table.SerializedColumn {name: radial_velocity}
# schema: astropy-2.0
ra,dec,distance,pm_ra_cosdec,pm_dec,radial_velocity
[from data line 268]
359.9050031705378,-59.57575473948983,25.61287019154147,-0.01147382009043679,-1.5470441359144873,-5.0524602779234026e-14
359.924809448726,-59.575188440548835,25.621216050305097,-0.010692499680498525,-1.5463536014015546,-3.368306851948935e-14
359.94461565680507,-59.57462297986836,25.629561827253042,-0.009917391998606851,-1.5456650578131232,-3.368306851948935e-14
359.96442179802267,-59.57405835735296,25.637907522385312,-0.009148495027870874,-1.5449785105237255,-5.0524602779234026e-14
359.984227875626,-59.573494572906085,25.646253135701908,-0.008385806748404577,-1.5442939649064564,-5.0524602779234026e-14
0.004033892861796618,-59.57293162643,25.65459866720283,-0.007629325137315838,-1.5436114263329683,-6.73661370389787e-14
0.0238398529763357,-59.57236951782584,25.66294411688807,-0.00687904816871838,-1.5429309001734757,-3.368306851948935e-14
0.04364575921548053,-59.57180824699356,25.671289484757647,-0.00613497381372243,-1.5422523917967517,0.0
0.06345161482464397,-59.571247813832,25.679634770811546,-0.00539710004043885,-1.5415759065701344,-1.6841534259744676e-14
0.08325742304879052,-59.57068821823883,25.687979975049775,-0.0046654248139782585,-1.5409014498595246,-5.0524602779234026e-14
0.10306318713244308,-59.57012946011058,25.69632509747232,-0.003939946096451106,-1.540229027029387,-8.420767129872338e-14
0.12286891031967473,-59.56957153934264,25.704670138079198,-0.003220661846967475,-1.5395586434427535,1.6841534259744676e-14
0.1426745958541142,-59.5690144558292,25.713015096870397,-0.0025075700216373904,-1.538890304461219,-3.368306851948935e-14
0.16248024697894187,-59.56845820946336,25.721359973845924,-0.0018006685735701472,-1.53822401544495,-8.420767129872338e-14
0.18228586693688842,-59.56790280013706,25.729704769005778,-0.0010999554528749742,-1.5375597817526776,-5.0524602779234026e-14
0.20209145897023723,-59.567348227741064,25.738049482349957,-0.0004054286066605371,-1.5368976087417043,-5.0524602779234026e-14
0.22189702632082015,-59.566794492165016,25.74639411387846,0.00028291402096511115,-1.5362375017679026,-3.368306851948935e-14
0.2417025722300195,-59.566241593297384,25.75473866359129,0.0009650744888943562,-1.5355794661857156,-6.73661370389787e-14
0.2615080999387638,-59.56568953102551,25.763083131488443,0.0016410548590202658,-1.53492350734816,-6.73661370389787e-14
0.281313612687533,-59.56513830523559,25.771427517569926,0.0023108571962365335,-1.5342696306068244,-1.6841534259744676e-14
0.3011191137163498,-59.56458791581264,25.779771821835727,0.002974483568437671,-1.5336178413118726,-3.368306851948935e-14
0.32092460626478586,-59.56403836264056,25.788116044285868,0.003631936046519243,-1.5329681448120422,-6.73661370389787e-14
0.340730093571956,-59.56348964560208,25.796460184920324,0.0042832167043772035,-1.5323205464546488,-8.420767129872338e-14
0.3605355788765219,-59.56294176457882,25.804804243739106,0.004928327618909094,-1.5316750515855841,-1.1789073981821273e-13
0.3803410654166872,-59.56239471945121,25.813148220742214,0.005567270870012976,-1.531031665549317,-5.0524602779234026e-14
0.40014655643019753,-59.56184851009854,25.821492115929647,0.006200048540588514,-1.5303903936888965,-5.0524602779234026e-14
0.419952055154344,-59.561303136398976,25.82983592930141,0.006826662716536376,-1.5297512413459526,-6.73661370389787e-14
0.4397575648259565,-59.56075859822952,25.838179660857495,0.007447115486758708,-1.5291142138606941,-6.73661370389787e-14
0.4595630886814063,-59.56021489546602,25.84652331059791,0.008061408943158939,-1.5284793165719122,-6.73661370389787e-14
0.4793686299566042,-59.55967202798318,25.85486687852264,0.008669545180642177,-1.5278465548169828,-5.0524602779234026e-14
0.4991741918870008,-59.559129995654565,25.863210364631705,0.009271526297115171,-1.5272159339318636,-8.420767129872338e-14
0.5189797777075831,-59.55858879835261,25.8715537689251,0.009867354393486277,-1.5265874592510966,-5.0524602779234026e-14
0.5387853906528784,-59.55804843594856,25.87989709140281,0.01045703157366587,-1.5259611361078125,-8.420767129872338e-14
0.5585910339569494,-59.55750890831254,25.888240332064846,0.01104055994456617,-1.5253369698337251,-3.368306851948935e-14
0.5783967108533935,-59.55697021531354,25.896583490911212,0.011617941616101525,-1.524714965759138,-5.0524602779234026e-14
0.5982024245753443,-59.55643235681938,25.904926567941914,0.012189178701188559,-1.5240951292129419,-1.6841534259744676e-14
0.6180081783554696,-59.55589533269673,25.913269563156923,0.012754273315746096,-1.5234774655226195,-3.368306851948935e-14
0.6378139754259725,-59.55535914281115,25.921612476556263,0.013313227578695545,-1.5228619800142402,-5.0524602779234026e-14
0.6576198190185849,-59.554823787027004,25.92995530813993,0.013866043611960753,-1.5222486780124682,-5.0524602779234026e-14
0.677425712364575,-59.55428926520757,25.938298057907932,0.01441272354046846,-1.5216375648405571,-6.73661370389787e-14
0.6972316586947385,-59.55375557721492,25.946640725860245,0.014953269492148001,-1.5210286458203561,-6.73661370389787e-14
0.7170376612394049,-59.55322272291003,25.954983311996894,0.015487683597932105,-1.520421926272307,-5.0524602779234026e-14
0.736843723228431,-59.55269070215269,25.96332581631786,0.016015967991756166,-1.5198174115154481,-6.73661370389787e-14
0.7566498478912038,-59.552159514801566,25.971668238823156,0.01653812481055922,-1.519215106867411,-8.420767129872338e-14
0.7764560384566368,-59.55162916071419,25.98001057951278,0.017054156194283625,-1.5186150176444275,-6.73661370389787e-14
0.7962622981531736,-59.55109963974692,25.988352838386724,0.01756406428587519,-1.5180171491613246,-3.368306851948935e-14
0.8160686302087804,-59.550570951754985,25.996695015445,0.01806785123128367,-1.5174215067315293,-8.420767129872338e-14
0.8358750378509523,-59.55004309659248,26.0050371106876,0.018565519179462506,-1.5168280956670679,-8.420767129872338e-14
0.8556815243067087,-59.54951607411234,26.013379124114525,0.01905707028236949,-1.5162369212785682,-3.368306851948935e-14
0.8754880928025929,-59.548989884166346,26.021721055725774,0.019542506694966398,-1.515647988875258,-5.0524602779234026e-14
0.8952947465646709,-59.54846452660516,26.030062905521344,0.020021830575219394,-1.515061303764969,-6.73661370389787e-14
0.9151014888185312,-59.547940001278285,26.03840467350125,0.020495044084099353,-1.5144768712541343,-6.73661370389787e-14
0.9349083227892862,-59.54741630803409,26.046746359665484,0.02096214938558185,-1.5138946966477929,-5.0524602779234026e-14
0.9547152517015672,-59.54689344671977,26.05508796401403,0.021423148646647357,-1.5133147852495892,-5.0524602779234026e-14
0.9745222787795268,-59.546371417181426,26.063429486546905,0.02187804403728137,-1.512737142361771,-3.368306851948935e-14
0.9943294072468367,-59.54585021926397,26.07177092726411,0.022326837730474978,-1.5121617732851966,-5.0524602779234026e-14
1.0141366403266865,-59.545329852811186,26.080112286165644,0.02276953190222432,-1.5115886833193288,-6.73661370389787e-14
1.033943981241785,-59.54481031766574,26.0884535632515,0.023206128731531588,-1.5110178777622423,-1.6841534259744676e-14
1.0537514332143585,-59.54429161366912,26.096794758521682,0.02363663040040461,-1.5104493619106183,-3.368306851948935e-14
1.073558999466148,-59.543773740661656,26.105135871976184,0.02406103909385736,-1.5098831410597515,-3.368306851948935e-14
1.0933666832184104,-59.543256698482594,26.113476903615016,0.02447935699991005,-1.509319220503545,-5.0524602779234026e-14
1.1131744876919174,-59.54274048696999,26.121817853438174,0.024891586309589406,-1.508757605534516,-3.368306851948935e-14
1.132982416106955,-59.54222510596077,26.130158721445653,0.025297729216928803,-1.5081983014437947,-3.368306851948935e-14
1.1527904716833228,-59.541710555290734,26.138499507637466,0.025697787918968557,-1.507641313521126,-3.368306851948935e-14
1.172598657640331,-59.5411968347945,26.1468402120136,0.026091764615756057,-1.507086647054868,-1.6841534259744676e-14
1.192406977196805,-59.54068394430558,26.155180834574058,0.026479661510345993,-1.5065343073319961,-3.368306851948935e-14
1.2122154335710762,-59.540171883656335,26.16352137531885,0.026861480808800624,-1.5059842996381014,-5.0524602779234026e-14
1.2320240299809904,-59.539660652677966,26.17186183424796,0.027237224720190016,-1.5054366292573937,-5.0524602779234026e-14
1.2518327696438984,-59.53915025120056,26.180202211361397,0.02760689545659213,-1.5048913014727001,-6.73661370389787e-14
1.2716416557766639,-59.538640679053046,26.188542506659157,0.02797049523309337,-1.5043483215654676,-5.0524602779234026e-14
1.2914506915956552,-59.53813193606321,26.196882720141243,0.02832802626778834,-1.5038076948157635,-3.368306851948935e-14
1.3112598803167461,-59.537624022057685,26.20522285180766,0.02867949078178035,-1.503269426502275,-1.0104920555846805e-13
1.3310692251553222,-59.537116936862006,26.213562901658403,0.02902489099918206,-1.5027335219023141,-6.73661370389787e-14
1.350878729326269,-59.53661068030053,26.22190286969347,0.02936422914711479,-1.5021999862918118,-1.6841534259744676e-14
1.3706883960439784,-59.53610525219644,26.230242755912855,0.02969750745570964,-1.5016688249453263,-8.420767129872338e-14
1.3904982285223446,-59.53560065237187,26.238582560316576,0.03002472815810715,-1.5011400431360369,-5.0524602779234026e-14
1.410308229974769,-59.53509688064773,26.246922282904617,0.030345893490458034,-1.500613646135751,-6.73661370389787e-14
1.4301184036141494,-59.53459393684383,26.25526192367698,0.030661005691923038,-1.5000896392149021,-1.0104920555846805e-13
1.4499287526528888,-59.53409182077883,26.263601482633682,0.03097006700467341,-1.4995680276425474,-5.0524602779234026e-14
1.4697392803028897,-59.53359053227024,26.271940959774696,0.03127307967389108,-1.499048816686377,-8.420767129872338e-14
1.4895499897755533,-59.53309007113443,26.280280355100043,0.03157004594776903,-1.4985320116127057,-8.420767129872338e-14
1.5093608842817818,-59.53259043718668,26.28861966860971,0.03186096807751135,-1.4980176176864803,-5.0524602779234026e-14
1.529171967031973,-59.53209163024104,26.29695890030371,0.03214584831733376,-1.4975056401712767,-3.368306851948935e-14
1.548983241236025,-59.53159365011048,26.305298050182028,0.032424688924463756,-1.4969960843293026,-5.0524602779234026e-14
1.5687947101033284,-59.531096496606814,26.313637118244678,0.032697492159140966,-1.4964889554213987,-5.0524602779234026e-14
1.588606376842776,-59.53060016954073,26.32197610449165,0.03296426028461717,-1.4959842587070367,-3.368306851948935e-14
1.6084182446627469,-59.53010466872176,26.33031500892295,0.033224995567157065,-1.495481999444324,-1.6841534259744676e-14
1.6282303167711225,-59.52960999395829,26.338653831538576,0.033479700276038055,-1.4949821828900016,-5.0524602779234026e-14
1.6480425963752725,-59.529116145057586,26.34699257233852,0.03372837668355087,-1.494484814299447,-6.73661370389787e-14
1.6678550866820627,-59.52862312182577,26.3553312313228,0.03397102706499978,-1.4939898989266722,-6.73661370389787e-14
1.6876677908978472,-59.52813092406782,26.3636698084914,0.03420765369870268,-1.4934974420243279,-1.6841534259744676e-14
1.7074807122284732,-59.527639551587555,26.37200830384433,0.0344382588659918,-1.4930074488437024,-5.0524602779234026e-14
1.7272938538792784,-59.527149004187706,26.38034671738158,0.034662844851213626,-1.4925199246347218,-3.368306851948935e-14
1.747107219055089,-59.5266592816698,26.38868504910316,0.03488141394172951,-1.4920348746459537,-8.420767129872338e-14
1.76692081096022,-59.526170383834305,26.397023299009064,0.0350939684279157,-1.4915523041246046,-6.73661370389787e-14
1.7867346327984728,-59.525682310480455,26.405361467099294,0.03530051060316372,-1.491072218316522,-8.420767129872338e-14
1.8065486877731394,-59.52519506140643,26.413699553373846,0.03550104276388107,-1.490594622466197,-8.420767129872338e-14
1.826362979086995,-59.52470863640924,26.422037557832724,0.03569556720949096,-1.4901195218167627,-5.0524602779234026e-14
1.8461775099423003,-59.52422303528471,26.430375480475934,0.03588408624243285,-1.4896469216099946,-5.0524602779234026e-14
1.8659922835408027,-59.52373825782762,26.438713321303467,0.036066602168163014,-1.489176827086315,-1.6841534259744676e-14
1.8858073030837335,-59.52325430383152,26.447051080315326,0.03624311729515464,-1.4887092434847893,-5.0524602779234026e-14
1.9056225717718023,-59.52277117308889,26.455388757511507,0.036413633934898125,-1.4882441760431309,-8.420767129872338e-14
1.9254380928052066,-59.522288865391054,26.46372635289202,0.036578154401901444,-1.4877816299976985,-5.0524602779234026e-14
1.945253869383623,-59.52180738052817,26.472063866456853,0.03673668101369075,-1.4873216105834994,-3.368306851948935e-14
1.9650699047062097,-59.52132671828928,26.48040129820601,0.036889216090810216,-1.486864123034189,-6.73661370389787e-14
1.9848862019716007,-59.52084687846231,26.4887386481395,0.03703576195682285,-1.4864091725820718,-5.0524602779234026e-14
2.004702764377915,-59.52036786083399,26.49707591625731,0.0371763209383105,-1.485956764458102,-6.73661370389787e-14
2.0245195951227464,-59.51988966518998,26.505413102559448,0.03731089536487452,-1.4855069038918867,-1.0104920555846805e-13
2.044336697403166,-59.519412291314765,26.51375020704591,0.03743948756913583,-1.4850595961116813,-5.0524602779234026e-14
2.064154074415724,-59.518935738991686,26.5220872297167,0.03756209988673535,-1.484614846344396,-5.0524602779234026e-14
2.083971729356443,-59.51846000800298,26.530424170571813,0.03767873465633449,-1.4841726598155933,-5.0524602779234026e-14
2.1037896654208237,-59.517985098129714,26.538761029611248,0.03778939421961557,-1.4837330417494914,-6.73661370389787e-14
2.1236078858038376,-59.517511009151846,26.547097806835016,0.03789408092128166,-1.483295997368959,-3.368306851948935e-14
2.1434263936999347,-59.51703774084817,26.55543450224311,0.037992797109057695,-1.4828615318955252,-1.6841534259744676e-14
2.1632451923030316,-59.516565292996354,26.563771115835525,0.03808554513369018,-1.482429650549372,-6.73661370389787e-14
2.183064284806523,-59.51609366537295,26.572107647612267,0.03817232734894817,-1.4820003585493393,-6.73661370389787e-14
2.202883674403268,-59.51562285775335,26.580444097573334,0.03825314611162311,-1.481573661112926,-8.420767129872338e-14
2.2227033642856022,-59.51515286991182,26.588780465718724,0.03832800378152944,-1.4811495634562886,-6.73661370389787e-14
2.242523357645326,-59.5146837016215,26.59711675204845,0.038396902721505165,-1.4807280707942416,-5.0524602779234026e-14
2.262343657673709,-59.51421535265435,26.60545295656249,0.03845984529741187,-1.4803091883402626,-8.420767129872338e-14
2.282164267561493,-59.51374782278126,26.61378907926086,0.0385168338781354,-1.4798929213064873,-1.6841534259744676e-14
2.3019851904988795,-59.513281111771924,26.622125120143558,0.038567870835586125,-1.4794792749037151,-3.368306851948935e-14
2.3218064296755427,-59.51281521939494,26.63046107921058,0.03861295854469933,-1.4790682543414058,-5.0524602779234026e-14
2.3416279882806186,-59.51235014541776,26.638796956461928,0.038652099383435716,-1.4786598648276839,-3.368306851948935e-14
2.3614498695027093,-59.5118858896067,26.6471327518976,0.03868529573278161,-1.4782541115693366,-6.73661370389787e-14
2.38127207652988,-59.51142245172693,26.6554684655176,0.03871254997674968,-1.477850999771817,-6.73661370389787e-14
2.401094612549658,-59.510959831542515,26.663804097321925,0.038733864502378784,-1.477450534639242,-5.0524602779234026e-14
2.420917480749034,-59.51049802881633,26.672139647310573,0.03874924169973526,-1.4770527213743954,-1.0104920555846805e-13
2.440740684314462,-59.510037043310206,26.680475115483553,0.0387586839619123,-1.476657565178727,-5.0524602779234026e-14
2.460564226431853,-59.509576874784734,26.68881050184085,0.03876219368503121,-1.4762650712523573,-5.0524602779234026e-14
2.4803881102865746,-59.50911752299944,26.69714580638248,0.03875977326824142,-1.4758752447940697,-6.73661370389787e-14
2.5002123390634625,-59.50865898771269,26.705481029108434,0.03875142511372105,-1.475488091001322,-1.0104920555846805e-13
2.5200369159468052,-59.508201268681745,26.713816170018706,0.038737151626677194,-1.4751036150702381,-6.73661370389787e-14
