galstreams/tracks/track.st.Leiptr.ibata2024.ecsv
# %ECSV 1.0
# ---
# datatype:
# - {name: ra, unit: deg, datatype: float64}
# - {name: dec, unit: deg, datatype: float64}
# - {name: distance, unit: kpc, datatype: float64}
# - {name: pm_ra_cosdec, unit: mas / yr, datatype: float64}
# - {name: pm_dec, unit: mas / yr, datatype: float64}
# - {name: radial_velocity, unit: km / s, datatype: float64}
# delimiter: ','
# meta: !!omap
# - __serialized_columns__:
#     dec:
#       __class__: astropy.coordinates.angles.Latitude
#       unit: &id001 !astropy.units.Unit {unit: deg}
#       value: !astropy.table.SerializedColumn {name: dec}
#     distance:
#       __class__: astropy.coordinates.distances.Distance
#       unit: !astropy.units.Unit {unit: kpc}
#       value: !astropy.table.SerializedColumn {name: distance}
#     pm_dec:
#       __class__: astropy.units.quantity.Quantity
#       unit: !astropy.units.Unit {unit: mas / yr}
#       value: !astropy.table.SerializedColumn {name: pm_dec}
#     pm_ra_cosdec:
#       __class__: astropy.units.quantity.Quantity
#       unit: !astropy.units.Unit {unit: mas / yr}
#       value: !astropy.table.SerializedColumn {name: pm_ra_cosdec}
#     ra:
#       __class__: astropy.coordinates.angles.Longitude
#       unit: *id001
#       value: !astropy.table.SerializedColumn {name: ra}
#       wrap_angle: !astropy.coordinates.Angle
#         unit: *id001
#         value: 360.0
#     radial_velocity:
#       __class__: astropy.units.quantity.Quantity
#       unit: !astropy.units.Unit {unit: km / s}
#       value: !astropy.table.SerializedColumn {name: radial_velocity}
# schema: astropy-2.0
ra,dec,distance,pm_ra_cosdec,pm_dec,radial_velocity
[from data line 144]
59.85708000995124,0.5537323260472055,1.000000000000003,8.168743512229558,-8.730368623132499,-128.8435890147573
59.86439717745345,0.5468189319485044,1.000000000000003,8.170135825712075,-8.732593468906645,-128.76401246664727
59.87171396597686,0.5399052082595053,1.000000000000003,8.171527541687574,-8.73481720031216,-128.68443202393996
59.87903037579252,0.5329911551633398,1.000000000000003,8.172918660379395,-8.737039817401229,-128.6048476889944
59.886346407171516,0.5260767728430511,1.000000000000003,8.174309182010731,-8.73926132022613,-128.52525946417015
59.893662060384884,0.5191620614816711,1.0000000000000033,8.175699106804636,-8.741481708839206,-128.4456673518264
59.90097733570379,0.5122470212620828,1.0000000000000033,8.177088434984059,-8.743700983292912,-128.36607135432223
59.90829223339929,0.5053316523672406,1.000000000000003,8.17847716677179,-8.745919143639755,-128.28647147401716
59.91560675374247,0.4984159549800305,1.0000000000000029,8.1798653023905,-8.748136189932348,-128.20686771327038
59.922920897004424,0.4914999292833216,1.000000000000003,8.181252842062742,-8.750352122223376,-128.12726007444107
59.93023466345634,0.48458357545981273,1.000000000000003,8.182639786010919,-8.752566940565606,-128.04764855988856
59.93754805336926,0.47766689369230836,1.000000000000003,8.184026134457303,-8.754780645011898,-127.96803317197212
59.94486106701434,0.47074988416352354,1.000000000000003,8.185411887624054,-8.756993235615182,-127.88841391305102
59.952173704662705,0.46383254705611826,1.000000000000003,8.186797045733192,-8.759204712428495,-127.80879078548449
59.95948596658544,0.45691488255277446,1.0000000000000029,8.18818160900658,-8.761415075504909,-127.72916379163199
59.96679785305378,0.4499968908359707,1.0000000000000029,8.189565577666007,-8.763624324897634,-127.64953293385253
59.974109364338794,0.4430785720883181,1.0000000000000027,8.190948951933073,-8.765832460659936,-127.56989821450554
59.981420500711685,0.4361599264923066,1.000000000000003,8.192331732029292,-8.768039482845154,-127.49025963595015
59.98873126244357,0.4292409542304012,1.0000000000000029,8.193713918176023,-8.770245391506734,-127.41061720054587
59.99604164980562,0.42232165548507306,1.0000000000000029,8.195095510594498,-8.772450186698183,-127.33097091065167
60.003351663069026,0.4154020304386074,1.0000000000000029,8.196476509505827,-8.774653868473106,-127.25132076862708
60.010661302504964,0.40848207927339225,1.0000000000000029,8.19785691513098,-8.776856436885177,-127.17166677683127
60.0179705683846,0.40156180217172466,1.0000000000000029,8.199236727690801,-8.779057891988167,-127.09200893762356
60.025279460979114,0.39464119931585695,1.0000000000000029,8.200615947406009,-8.781258233835919,-127.01234725336296
60.03258798055967,0.387720270888054,1.0000000000000029,8.201994574497185,-8.78345746248236,-126.93268172640911
60.039896127397526,0.38079901707040714,1.000000000000003,8.203372609184775,-8.785655577981501,-126.85301235912111
60.04720390176388,0.3738774380450871,1.0000000000000029,8.204750051689127,-8.787852580387433,-126.77333915385812
60.05451130392991,0.36695553399418507,1.0000000000000029,8.206126902230404,-8.790048469754328,-126.69366211297962
60.06181833416684,0.360033305099753,1.0000000000000029,8.207503161028692,-8.792243246136458,-126.61398123884477
60.06912499274587,0.35311075154386073,1.0000000000000029,8.208878828303924,-8.794436909588143,-126.53429653381282
60.07643127993829,0.34618787350836244,1.0000000000000029,8.210253904275895,-8.796629460163814,-126.45460800024306
60.083737196015264,0.33926467117526693,1.0000000000000029,8.211628389164284,-8.79882089791797,-126.37491564049486
60.091042741248074,0.3323411447264299,1.0000000000000027,8.21300228318864,-8.801011222905192,-126.29521945692737
60.09834791590795,0.3254172943437212,1.0000000000000029,8.214375586568371,-8.80320043518015,-126.21551945189987
60.10565272026609,0.31849312020898063,1.0000000000000029,8.215748299522774,-8.805388534797595,-126.13581562777173
60.11295715459385,0.3115686225038915,1.0000000000000029,8.217120422271,-8.807575521812348,-126.05610798690206
60.12026121916243,0.3046438014102025,1.0000000000000029,8.218491955032082,-8.80976139627934,-125.97639653165021
60.127564914243116,0.29771865710963014,1.0000000000000029,8.219862898024909,-8.811946158253534,-125.89668126437557
60.13486824010712,0.2907931897838488,1.0000000000000029,8.221233251468252,-8.814129807790028,-125.81696218743718
60.1421711970258,0.28386739961437524,1.0000000000000029,8.222603015580754,-8.816312344943963,-125.7372393031944
60.14947378527043,0.27694128678280255,1.000000000000003,8.223972190580922,-8.818493769770583,-125.65751261400662
60.156776005112256,0.270014851470673,1.0000000000000029,8.22534077668715,-8.820674082325214,-125.57778212223305
60.164077856822566,0.26308809385949555,1.0000000000000029,8.226708774117663,-8.822853282663235,-125.49804783023292
60.17137934067273,0.2561610141306327,1.0000000000000029,8.228076183090609,-8.825031370840145,-125.41830974036533
60.17868045693401,0.2492336124655251,1.0000000000000029,8.229443003823972,-8.827208346911494,-125.33856785498989
60.18598120587773,0.24230588904552663,1.0000000000000029,8.230809236535618,-8.829384210932934,-125.25882217646566
60.1932815877752,0.23537784405196704,1.0000000000000029,8.232174881443285,-8.831558962960182,-125.17907270715197
60.20058160289769,0.2284494776661657,1.0000000000000029,8.233539938764578,-8.833732603049054,-125.09931944940809
60.207881251516646,0.22152079006925965,1.0000000000000029,8.234904408716979,-8.83590513125542,-125.01956240559326
60.21518053390332,0.214591781442512,1.000000000000003,8.236268291517835,-8.838076547635257,-124.93980157806676
60.22247945032909,0.20766245196706007,1.000000000000003,8.237631587384369,-8.840246852244611,-124.8600369691879
60.22977800106529,0.2007328018240351,1.000000000000003,8.238994296533669,-8.84241604513961,-124.7802685813159
60.23707618638321,0.19380283119455008,1.0000000000000029,8.240356419182703,-8.844584126376466,-124.70049641680998
60.244374006554324,0.18687254025955513,1.0000000000000029,8.241717955548308,-8.846751096011465,-124.62072047802957
60.25167146184992,0.1799419292000891,1.0000000000000029,8.243078905847185,-8.848916954100975,-124.5409407673339
60.25896855254141,0.1730109981971118,1.000000000000003,8.244439270295931,-8.85108170070145,-124.46115728708206
60.26626527890012,0.16607974743152404,1.0000000000000029,8.245799049110966,-8.85324533586942,-124.38137003963347
60.27356164119743,0.1591481770842589,1.0000000000000029,8.247158242508632,-8.855407859661504,-124.30157902734742
60.28085763970479,0.15221628733606354,1.0000000000000029,8.248516850705121,-8.857569272134382,-124.2217842525831
60.288153274693556,0.14528407836777027,1.0000000000000029,8.249874873916498,-8.859729573344833,-124.14198571769988
60.29544854643514,0.13835155036013336,1.0000000000000029,8.25123231235871,-8.861888763349715,-124.06218342505699
60.302743455200904,0.13141870349386922,1.0000000000000029,8.25258916624754,-8.86404684220595,-123.98237737701356
60.31003800126226,0.12448553794969293,1.0000000000000029,8.253945435798691,-8.866203809970555,-123.90256757592903
60.317332184890695,0.11755205390815601,1.000000000000003,8.255301121227713,-8.86835966670062,-123.8227540241627
60.324626006357555,0.11061825154988705,1.000000000000003,8.256656222750022,-8.870514412453325,-123.7429367240737
60.331919465934305,0.10368413105545159,1.0000000000000029,8.258010740580925,-8.872668047285922,-123.66311567802133
60.339212563892374,0.09674969260535538,1.0000000000000029,8.259364674935604,-8.874820571255745,-123.58329088836491
60.34650530050315,0.0898149363801195,1.0000000000000029,8.260718026029075,-8.876971984420196,-123.5034623574637
60.353797676038155,0.08287986256008402,1.000000000000003,8.262070794076266,-8.879122286836775,-123.42363008767703
60.361089690768814,0.07594447132569694,1.000000000000003,8.263422979291974,-8.881271478563065,-123.34379408136391
60.368381344966544,0.06900876285730746,1.0000000000000029,8.264774581890826,-8.883419559656694,-123.26395434088398
60.37567263890282,0.062072737335263514,1.000000000000003,8.266125602087394,-8.885566530175417,-123.18411086859622
60.38296357284914,0.05513639493976708,1.0000000000000029,8.267476040096055,-8.887712390177036,-123.10426366686006
60.39025414707697,0.048199735851088506,1.0000000000000029,8.268825896131096,-8.889857139719435,-123.02441273803475
60.39754436185777,0.04126276024941877,1.0000000000000029,8.270175170406663,-8.892000778860588,-122.94455808447954
60.404834217462984,0.034325468314963824,1.0000000000000029,8.271523863136782,-8.894143307658554,-122.86469970855366
60.41212371416418,0.02738786022774909,1.0000000000000027,8.272871974535338,-8.896284726171451,-122.7848376126163
60.41941285223283,0.020449936167889583,1.0000000000000029,8.274219504816113,-8.8984250344575,-122.70497179902704
60.42670163194042,0.013511696315427773,1.0000000000000029,8.275566454192733,-8.900564232574968,-122.62510227014484
60.43399005355846,0.006573140850350078,1.0000000000000029,8.27691282287873,-8.902702320582238,-122.54522902832903
60.44127811735843,-0.00036573004734115355,1.0000000000000029,8.278258611087471,-8.904839298537752,-122.46535207593904
60.44856582361191,-0.0073049161978114745,1.0000000000000029,8.279603819032223,-8.906975166500034,-122.38547141533405
60.45585317259039,-0.014244417421142666,1.0000000000000029,8.280948446926125,-8.909109924527694,-122.30558704887319
60.4631401645654,-0.021184233537504062,1.0000000000000029,8.282292494982165,-8.9112435726794,-122.2256989789159
60.4704267998085,-0.028124364367098444,1.0000000000000029,8.28363596341324,-8.913376111013926,-122.14580720782146
60.47771307859116,-0.03506480973010937,1.0000000000000029,8.2849788524321,-8.915507539590113,-122.06591173794904
60.48499900118501,-0.04200556944692754,1.0000000000000029,8.286321162251362,-8.91763785846688,-121.98601257165794
60.492284567861574,-0.04894664333781857,1.0000000000000029,8.287662893083523,-8.919767067703216,-121.90610971130745
60.4995697788924,-0.05588803122313994,1.0000000000000029,8.289004045140965,-8.921895167358212,-121.82620315925689
60.50685463454905,-0.0628297329232876,1.0000000000000029,8.290344618635917,-8.924022157491008,-121.7462929178654
60.514139135103065,-0.06977174825867229,1.0000000000000029,8.291684613780516,-8.926148038160854,-121.66637898949242
60.5214232808261,-0.07671407704985457,1.000000000000003,8.29302403078675,-8.92827280942705,-121.58646137649703
60.52870707198968,-0.08365671911731418,1.0000000000000029,8.29436286986649,-8.930396471349002,-121.5065400812386
60.5359905088654,-0.09059967428159565,1.0000000000000027,8.295701131231453,-8.932519023986167,-121.42661510607637
60.54327359172486,-0.0975429423633075,1.0000000000000029,8.297038815093266,-8.93464046739809,-121.34668645336966
60.55055632083961,-0.10448652318303393,1.0000000000000027,8.29837592166342,-8.936760801644406,-121.26675412547772
60.55783869648134,-0.1114304165615426,1.0000000000000029,8.29971245115328,-8.938880026784819,-121.18681812475982
60.56512071892159,-0.11837462231950924,1.0000000000000029,8.301048403774056,-8.940998142879106,-121.10687845357522
60.57240238843201,-0.1253191402776825,1.0000000000000029,8.30238377973688,-8.943115149987133,-121.0269351142832
60.579683705284225,-0.13226397025686273,1.0000000000000029,8.303718579252735,-8.94523104816884,-120.94698810924308
60.58696466974981,-0.1392091120778264,1.0000000000000029,8.305052802532474,-8.947345837484242,-120.86703744081397
60.59424528210046,-0.14615456556154272,1.0000000000000029,8.306386449786817,-8.94945951799343,-120.7870831113554
60.60152554260779,-0.15310033052887964,1.0000000000000029,8.307719521226375,-8.95157208975658,-120.70712512322629
60.608805451543425,-0.16004640680078314,1.0000000000000029,8.309052017061623,-8.953683552833951,-120.62716347878617
60.61608500917902,-0.16699279419819604,1.0000000000000029,8.31038393750294,-8.955793907285855,-120.54719818039437
60.62336421578626,-0.17393949254224336,1.0000000000000027,8.311715282760517,-8.957903153172712,-120.46722923040988
60.6306430716368,-0.18088650165393455,1.0000000000000027,8.313046053044477,-8.960011290554998,-120.38725663119213
60.63792157700227,-0.1878338213543928,1.0000000000000027,8.314376248564777,-8.962118319493278,-120.30728038510044
60.64519973215438,-0.19478145146475187,1.0000000000000027,8.315705869531298,-8.9642242400482,-120.227300494494
60.65247753736475,-0.20172939180615687,1.0000000000000027,8.317034916153753,-8.966329052280468,-120.14731696173223
60.65975499290515,-0.20867764219992127,1.0000000000000027,8.318363388641723,-8.96843275625088,-120.06732978917414
60.66703209904722,-0.2156262024672574,1.0000000000000027,8.319691287204703,-8.970535352020304,-119.98733897917919
60.674308856062666,-0.2225750724294771,1.0000000000000027,8.321018612052038,-8.9726368396497,-119.90734453410651
60.68158526422315,-0.22952425190786194,1.0000000000000024,8.322345363392957,-8.974737219200088,-119.82734645631558
60.688861323800445,-0.2364737407238863,1.0000000000000029,8.32367154143653,-8.97683649073257,-119.74734474816546
60.696137035066236,-0.24342353869892486,1.0000000000000027,8.324997146391773,-8.978934654308334,-119.6673394120155
60.70341239829223,-0.25037364565442916,1.0000000000000027,8.326322178467503,-8.981031709988626,-119.58733045022507
60.710687413750165,-0.2573240614119013,1.0000000000000027,8.32764663787246,-8.983127657834796,-119.5073178651533
60.71796208171172,-0.2642747857928284,1.0000000000000027,8.328970524815231,-8.985222497908245,-119.42730165915944
60.72523640244871,-0.27122581861886763,1.0000000000000027,8.33029383950429,-8.987316230270464,-119.34728183460288
60.73251037623283,-0.2781771597115956,1.0000000000000027,8.331616582147989,-8.98940885498302,-119.26725839384282
60.73978400333584,-0.28512880889265113,1.0000000000000027,8.332938752954549,-8.991500372107565,-119.18723133923864
60.7470572840295,-0.2920807659837352,1.0000000000000027,8.334260352132082,-8.993590781705809,-119.10720067314932
60.75433021858552,-0.2990330308065271,1.0000000000000027,8.335581379888552,-8.995680083839556,-119.02716639793455
60.76160280727573,-0.30598560318287793,1.0000000000000027,8.3369018364318,-8.997768278570673,-118.9471285159533
60.768875050371875,-0.312938482934548,1.0000000000000027,8.33822172196956,-8.99985536596111,-118.86708702956484
60.776146948145715,-0.31989166988338613,1.0000000000000027,8.339541036709418,-9.001941346072895,-118.7870419411286
60.78341850086906,-0.32684516385127355,1.0000000000000027,8.340859780858876,-9.00402621896814,-118.70699325300379
60.79068970881363,-0.33379896466007936,1.0000000000000024,8.342177954625265,-9.006109984709013,-118.62694096754953
60.79796057225131,-0.3407530721318529,1.0000000000000027,8.34349555821582,-9.008192643357777,-118.54688508712532
60.805231091453855,-0.34770748608855023,1.0000000000000027,8.344812591837627,-9.010274194976754,-118.46682561409034
60.81250126669307,-0.3546622063522161,1.0000000000000027,8.346129055697688,-9.012354639628375,-118.38676255080377
60.819771098240764,-0.36161723274491003,1.0000000000000027,8.34744495000284,-9.014433977375111,-118.3066958996251
60.827040586368724,-0.36857256508870906,1.0000000000000027,8.348760274959822,-9.01651220827952,-118.22662566291335
60.83430973134882,-0.37552820320584135,1.0000000000000027,8.350075030775221,-9.018589332404249,-118.1465518430279
60.841578533452875,-0.38248414691846916,1.0000000000000027,8.351389217655546,-9.020665349812013,-118.06647444232803
60.84884699295271,-0.3894403960488063,1.0000000000000027,8.352702835807136,-9.022740260565591,-117.986393463173
60.856115110120115,-0.3963969504190853,1.0000000000000027,8.35401588543623,-9.024814064727858,-117.90630890792205
60.86338288522701,-0.40335380985169306,1.0000000000000027,8.355328366748923,-9.02688676236176,-117.82622077893451
60.87065031854523,-0.41031097416892204,1.0000000000000029,8.356640279951213,-9.0289583535303,-117.74612907856967
