galstreams/tracks/track.st.NGC288.ibata2021.ecsv
# %ECSV 0.9
# ---
# datatype:
# - {name: ra, unit: deg, datatype: float64}
# - {name: dec, unit: deg, datatype: float64}
# - {name: distance, unit: kpc, datatype: float64}
# - {name: pm_ra_cosdec, unit: mas / yr, datatype: float64}
# - {name: pm_dec, unit: mas / yr, datatype: float64}
# - {name: radial_velocity, unit: km / s, datatype: float64}
# delimiter: ','
# meta: !!omap
# - __serialized_columns__:
#     dec:
#       __class__: astropy.coordinates.angles.Latitude
#       unit: &id001 !astropy.units.Unit {unit: deg}
#       value: !astropy.table.SerializedColumn {name: dec}
#     distance:
#       __class__: astropy.coordinates.distances.Distance
#       unit: !astropy.units.Unit {unit: kpc}
#       value: !astropy.table.SerializedColumn {name: distance}
#     pm_dec:
#       __class__: astropy.units.quantity.Quantity
#       unit: !astropy.units.Unit {unit: mas / yr}
#       value: !astropy.table.SerializedColumn {name: pm_dec}
#     pm_ra_cosdec:
#       __class__: astropy.units.quantity.Quantity
#       unit: !astropy.units.Unit {unit: mas / yr}
#       value: !astropy.table.SerializedColumn {name: pm_ra_cosdec}
#     ra:
#       __class__: astropy.coordinates.angles.Longitude
#       unit: *id001
#       value: !astropy.table.SerializedColumn {name: ra}
#       wrap_angle: !astropy.coordinates.Angle
#         unit: *id001
#         value: 360.0
#     radial_velocity:
#       __class__: astropy.units.quantity.Quantity
#       unit: !astropy.units.Unit {unit: km / s}
#       value: !astropy.table.SerializedColumn {name: radial_velocity}
# schema: astropy-2.0
ra,dec,distance,pm_ra_cosdec,pm_dec,radial_velocity
[from data line 550]
10.567299387399116,-23.5215598458974,11.010207798994738,4.052723625372919,-5.405690013907409,-1.6841534259744676e-14
10.574210076995344,-23.529219420547584,11.009631108758644,4.052928329461076,-5.406361372901794,-5.0524602779234026e-14
10.581118270387199,-23.536881128291732,11.009054967450432,4.053133809594957,-5.407033189297061,-1.6841534259744676e-14
10.588023984381696,-23.544544957124916,11.008479372122045,4.0533400598028155,-5.40770545516639,-1.6841534259744676e-14
10.594927235786894,-23.552210895039373,11.00790431982543,4.053547074112516,-5.408378162583551,-3.368306851948935e-14
10.601828041411894,-23.559878930024478,11.007329807612537,4.053754846551536,-5.4090513036229,-5.0524602779234026e-14
10.608726418066851,-23.567549050066766,11.006755832535307,4.053963371146967,-5.4097248703593905,0.0
10.615622382562979,-23.575221243149898,11.006182391645696,4.054172641925519,-5.4103988548685535,-1.6841534259744676e-14
10.622515951712556,-23.582895497254675,11.005609481995641,4.054382652913525,-5.411073249226513,-5.0524602779234026e-14
10.629407142328931,-23.590571800359093,11.005037100637093,4.054593398136937,-5.411748045509976,-3.368306851948935e-14
10.636295971226527,-23.598250140438243,11.004465244621997,4.054804871621331,-5.412423235796234,-6.73661370389787e-14
10.643182455220838,-23.605930505464386,11.003893911002308,4.055017067391907,-5.413098812163155,-1.6841534259744676e-14
10.650066611128459,-23.61361288340692,11.003323096829961,4.055229979473494,-5.4137747666892,-1.6841534259744676e-14
10.656948455767061,-23.62129726223241,11.00275279915691,4.055443601890545,-5.414451091453398,-6.73661370389787e-14
10.663828005955416,-23.628983629904543,11.002183015035103,4.055657928667152,-5.415127778535359,-6.73661370389787e-14
10.670705278513408,-23.63667197438419,11.001613741516477,4.055872953827035,-5.4158048200152775,-3.368306851948935e-14
10.677580290262004,-23.644362283629327,11.00104497565299,4.056088671393546,-5.416482207973914,-3.368306851948935e-14
10.684453058023305,-23.652054545595114,11.000476714496584,4.056305075389673,-5.417159934492609,1.6841534259744676e-14
10.691323598620555,-23.65974874823388,10.999908955099206,4.056522159838049,-5.417837991653278,-3.368306851948935e-14
10.698191928878005,-23.66744487949499,10.999341694512802,4.056739918760932,-5.418516371538401,-1.6841534259744676e-14
10.705058065621152,-23.675142927325076,10.998774929789322,4.056958346180235,-5.41919506623104,-5.0524602779234026e-14
10.711922025676591,-23.682842879667884,10.998208657980708,4.057177436117509,-5.419874067814822,-3.368306851948935e-14
10.718783825872048,-23.690544724464306,10.99764287613891,4.057397182593944,-5.420553368373939,-5.0524602779234026e-14
10.725643483036396,-23.69824844965239,10.997077581315875,4.0576175796303815,-5.421232959993152,3.368306851948935e-14
10.732501013999647,-23.705954043167306,10.996512770563548,4.057838621247312,-5.421912834757796,-1.6841534259744676e-14
10.739356435592974,-23.713661492941416,10.99594844093388,4.058060301464865,-5.422592984753762,-6.73661370389787e-14
10.746209764648713,-23.7213707869042,10.995384589478812,4.0582826143028345,-5.423273402067508,-5.0524602779234026e-14
10.753061018000347,-23.729081912982302,10.994821213250292,4.058505553780654,-5.423954078786061,-6.73661370389787e-14
10.759910212482547,-23.736794859099522,10.994258309300267,4.058729113917418,-5.424635006997001,-3.368306851948935e-14
10.766757364931138,-23.744509613176785,10.99369587468069,4.058953288731875,-5.4253161787884725,-3.368306851948935e-14
10.773602492183135,-23.75222616313219,10.9931339064435,4.059178072242427,-5.425997586249185,-1.6841534259744676e-14
10.780445611076729,-23.759944496880973,10.992572401640645,4.0594034584671395,-5.426679221468401,-6.73661370389787e-14
10.787286738451309,-23.767664602335525,10.992011357324076,4.059629441423727,-5.427361076535941,-1.6841534259744676e-14
10.794125891147447,-23.775386467405394,10.991450770545738,4.059856015129579,-5.428043143542185,1.6841534259744676e-14
10.800963086006915,-23.78311007999726,10.990890638357572,4.06008317360174,-5.42872541457807,-1.6841534259744676e-14
10.807798339872688,-23.790835428014965,10.990330957811532,4.060310910856918,-5.429407881735085,-3.368306851948935e-14
10.814631669588957,-23.7985624993595,10.989771725959566,4.060539220911483,-5.430090537105271,-3.368306851948935e-14
10.821463092001109,-23.80629128192901,10.989212939853612,4.060768097781479,-5.4307733727812275,-1.6841534259744676e-14
10.82829262395576,-23.81402176361877,10.988654596545624,4.060997535482613,-5.431456380856104,-3.368306851948935e-14
10.835120282300744,-23.821753932321236,10.988096693087547,4.0612275280302645,-5.4321395534236006,-3.368306851948935e-14
10.841946083885128,-23.82948777592598,10.98753922653133,4.0614580694394755,-5.432822882577964,0.0
10.848770045559199,-23.837223282319748,10.986982193928919,4.061689153724972,-5.433506360414,-3.368306851948935e-14
10.855592184174492,-23.844960439386433,10.986425592332253,4.061920774901145,-5.434189979027057,0.0
10.862412516583776,-23.852699235007055,10.985869418793289,4.062152926982059,-5.434873730513027,-5.0524602779234026e-14
10.86923105964106,-23.8604396570598,10.985313670363967,4.0623856039814585,-5.435557606968354,-1.6841534259744676e-14
10.876047830201621,-23.868181693420016,10.98475834409624,4.06261879991276,-5.436241600490025,-1.6841534259744676e-14
10.882862845121982,-23.875925331960172,10.984203437042048,4.062852508789064,-5.436925703175579,-1.6841534259744676e-14
10.889676121259914,-23.883670560549902,10.983648946253346,4.06308672462314,-5.437609907123088,-8.420767129872338e-14
10.896487675474473,-23.89141736705599,10.983094868782072,4.063321441427451,-5.438294204431177,-3.368306851948935e-14
10.903297524625968,-23.89916573934235,10.982541201680176,4.063556653214132,-5.438978587199012,-1.6841534259744676e-14
10.910105685575985,-23.906915665270056,10.981987941999613,4.063792353995,-5.439663047526294,3.368306851948935e-14
10.916912175187395,-23.914667132697332,10.981435086792317,4.064028537781561,-5.440347577513277,-1.6841534259744676e-14
10.92371701032434,-23.922420129479548,10.980882633110237,4.064265198585006,-5.441032169260749,-1.6841534259744676e-14
10.93052020785226,-23.930174643469208,10.980330578005331,4.064502330416202,-5.441716814870029,-3.368306851948935e-14
10.93732178463788,-23.93793066251598,10.979778918529531,4.064739927285716,-5.442401506442995,0.0
10.94412175754922,-23.94568817446668,10.979227651734798,4.064977983203789,-5.443086236082041,-3.368306851948935e-14
10.950920143455605,-23.953447167165244,10.978676774673064,4.0652164921803635,-5.443770995890121,-5.0524602779234026e-14
10.95771695922766,-23.961207628452776,10.978126284396287,4.065455448225066,-5.444455777970711,-1.6841534259744676e-14
10.964512221737325,-23.96896954616752,10.977576177956408,4.065694845347211,-5.445140574427824,0.0
10.971305947857841,-23.97673290814486,10.977026452405381,4.065934677555805,-5.445825377366012,0.0
10.978098154463789,-23.984497702217325,10.976477104795146,4.0661749388595565,-5.446510178890369,-5.0524602779234026e-14
10.984888858431047,-23.992263916214608,10.975928132177645,4.066415623266857,-5.447194971106516,0.0
10.991678076636832,-24.000031537963512,10.975379531604833,4.066656724785793,-5.447879746120602,0.0
10.998465825959697,-24.007800555288,10.974831300128661,4.066898237424152,-5.448564496039322,5.0524602779234026e-14
11.005252123279512,-24.015570956009174,10.974283434801066,4.067140155189412,-5.449249212969896,-3.368306851948935e-14
11.012036985477502,-24.02334272794529,10.973735932674002,4.067382472088749,-5.449933889020079,-3.368306851948935e-14
11.018820429436236,-24.03111585891174,10.973188790799409,4.067625182129042,-5.4506185162981575,-3.368306851948935e-14
11.025602472039617,-24.03889033672104,10.972642006229238,4.067868279316863,-5.451303086912951,0.0
11.03238313017291,-24.04666614918286,10.972095576015436,4.068111757658481,-5.451987592973804,-5.0524602779234026e-14
11.039162420722729,-24.05444328410402,10.971549497209947,4.068355611159869,-5.452672026590594,-3.368306851948935e-14
11.04594036057706,-24.062221729288474,10.971003766864719,4.0685998338267035,-5.453356379873737,-3.368306851948935e-14
11.052716966625232,-24.070001472537307,10.970458382031703,4.068844419664353,-5.454040644934165,-3.368306851948935e-14
11.059492255757965,-24.077782501648738,10.969913339762838,4.069089362677898,-5.454724813883345,-6.73661370389787e-14
11.066266244867332,-24.08556480441814,10.96936863711008,4.069334656872117,-5.455408878833276,-3.368306851948935e-14
11.073038950846795,-24.093348368638015,10.968824271125367,4.069580296251489,-5.456092831896477,0.0
11.07981039059119,-24.101133182097996,10.96828023886065,4.069826274820202,-5.456776665186004,-6.73661370389787e-14
11.086580580996735,-24.10891923258487,10.967736537367877,4.070072586582146,-5.45746037081543,-3.368306851948935e-14
11.093349538961036,-24.116706507882533,10.967193163698994,4.070319225540918,-5.458143940898866,-3.368306851948935e-14
11.100117281383096,-24.124494995772054,10.966650114905944,4.070566185699818,-5.458827367550945,-1.6841534259744676e-14
11.10688382516331,-24.1322846840316,10.966107388040678,4.070813461061855,-5.459510642886823,0.0
11.113649187203468,-24.14007556043647,10.965564980155143,4.0710610456297385,-5.460193759022183,1.6841534259744676e-14
11.120413384406774,-24.147867612759125,10.965022888301283,4.071308933405895,-5.4608767080732425,-1.6841534259744676e-14
11.127176433677828,-24.15566082876915,10.964481109531045,4.071557118392453,-5.461559482156734,-1.6841534259744676e-14
11.13393835192265,-24.163455196233247,10.963939640896378,4.071805594591248,-5.46224207338992,0.0
11.140699156048662,-24.171250702915252,10.963398479449232,4.072054356003823,-5.462924473890583,-3.368306851948935e-14
11.147458862964719,-24.179047336576144,10.962857622241543,4.072303396631441,-5.463606675777044,3.368306851948935e-14
11.154217489581082,-24.186845084974014,10.962317066325268,4.072552710475062,-5.464288671168132,3.368306851948935e-14
11.160975052809452,-24.194643935864086,10.961776808752353,4.072802291535354,-5.464970452183208,-3.368306851948935e-14
11.167731569562957,-24.20244387699873,10.961236846574737,4.073052133812711,-5.465652010942162,0.0
11.174487056756147,-24.210244896127413,10.960697176844372,4.073302231307224,-5.4663333395653995,-5.0524602779234026e-14
11.18124153130502,-24.21804698099676,10.960157796613206,4.073552578018694,-5.467014430173852,1.6841534259744676e-14
11.187995010127006,-24.225850119350483,10.959618702933186,4.073803167946641,-5.467695274888978,0.0
11.194747510140983,-24.233654298929437,10.959079892856254,4.074053995090293,-5.468375865832762,-5.0524602779234026e-14
11.201499048267276,-24.241459507471625,10.958541363434364,4.074305053448588,-5.4690561951277,-3.368306851948935e-14
11.20824964142766,-24.24926573271213,10.958003111719458,4.074556337020177,-5.469736254896825,-3.368306851948935e-14
11.214999306545362,-24.257072962383187,10.957465134763481,4.074807839803422,-5.470416037263687,-3.368306851948935e-14
11.221748060545067,-24.26488118421413,10.956927429618382,4.0750595557964004,-5.471095534352365,-3.368306851948935e-14
11.228495920352925,-24.27269038593142,10.95638999333611,4.075311478996897,-5.471774738287451,-3.368306851948935e-14
11.235242902896543,-24.280500555258655,10.955852822968609,4.075563603402413,-5.472453641194067,1.6841534259744676e-14
11.241989025105005,-24.288311679916518,10.955315915567825,4.075815923010161,-5.473132235197862,1.6841534259744676e-14
11.248734303908847,-24.296123747622822,10.954779268185714,4.076068431817063,-5.473810512425,-1.6841534259744676e-14
11.255478756240105,-24.30393674609252,10.954242877874208,4.076321123819761,-5.474488465002176,-1.6841534259744676e-14
11.262222399032282,-24.311750663037653,10.953706741685265,4.076573993014602,-5.475166085056604,5.0524602779234026e-14
11.268965249220349,-24.31956548616736,10.953170856670829,4.076827033397652,-5.475843364716027,0.0
11.275707323740777,-24.327381203187944,10.952635219882842,4.077080238964686,-5.476520296108702,0.0
11.282448639531518,-24.335197801802764,10.952099828373253,4.077333603711194,-5.477196871363418,0.0
11.289189213532014,-24.343015269712325,10.951564679194016,4.077587121632376,-5.477873082609488,3.368306851948935e-14
11.295929062683202,-24.35083359461423,10.951029769397069,4.077840786723145,-5.47854892197674,0.0
11.302668203927512,-24.35865276420319,10.950495096034361,4.0780945929781325,-5.479224381595541,1.6841534259744676e-14
11.30940665420888,-24.366472766171032,10.949960656157842,4.078348534391675,-5.4798994535967696,0.0
11.31614443047274,-24.374293588206665,10.949426446819455,4.078602604957826,-5.480574130111836,-5.0524602779234026e-14
11.32288154966603,-24.382115217996134,10.948892465071149,4.07885679867035,-5.481248403272669,1.6841534259744676e-14
11.329618028737203,-24.389937643222563,10.94835870796487,4.079111109522723,-5.4819222652117325,-1.6841534259744676e-14
11.336353884636218,-24.397760851566193,10.947825172552564,4.079365531508133,-5.482595708062004,-3.368306851948935e-14
11.343089134314546,-24.405584830704353,10.947291855886183,4.079620058619479,-5.483268723956997,0.0
11.349823794725188,-24.413409568311494,10.946758755017663,4.0798746848493765,-5.483941305030744,0.0
11.356557882822653,-24.421235052059128,10.94622586699896,4.080129404190145,-5.484613443417806,0.0
11.363291415562975,-24.429061269615904,10.945693188882023,4.080384210633817,-5.485285131253269,-1.6841534259744676e-14
11.37002440990372,-24.436888208647556,10.945160717718787,4.08063909817214,-5.48595636067275,0.0
11.376756882803978,-24.444715856816888,10.94462845056121,4.080894060796569,-5.48662712381239,-5.0524602779234026e-14
11.383488851224373,-24.452544201783844,10.944096384461234,4.081149092498265,-5.487297412808854,0.0
11.390220332127065,-24.460373231205406,10.943564516470804,4.081404187268106,-5.487967219799342,-3.368306851948935e-14
11.396951342475742,-24.46820293273569,10.943032843641872,4.081659339096674,-5.488636536921577,0.0
11.403681899235641,-24.47603329402588,10.942501363026382,4.0819145419742595,-5.489305356313815,1.6841534259744676e-14
11.41041201937354,-24.483864302724264,10.941970071676279,4.082169789890866,-5.489973670114838,-1.6841534259744676e-14
11.417141719857764,-24.491695946476188,10.94143896664351,4.082425076836202,-5.490641470463961,-1.6841534259744676e-14
11.423871017658174,-24.49952821292412,10.940908044980024,4.082680396799682,-5.491308749501023,0.0
11.43059992974619,-24.507361089707583,10.94037730373777,4.0829357437704275,-5.491975499366398,0.0
11.43732847309479,-24.515194564463204,10.93984673996869,4.083191111737272,-5.492641712200995,0.0
11.444056664678502,-24.523028624824672,10.93931635072473,4.083446494688748,-5.493307380146245,1.6841534259744676e-14
11.450784521473404,-24.53086325842275,10.938786133057848,4.083701886613094,-5.493972495344118,-3.368306851948935e-14
11.457512060457145,-24.538698452885324,10.938256084019976,4.083957281498258,-5.494637049937116,-1.6841534259744676e-14
11.464239298608929,-24.546534195837303,10.937726200663068,4.084212673331889,-5.495301036068273,-5.0524602779234026e-14
11.470966252909536,-24.5543704749007,10.937196480039072,4.084468056101338,-5.495964445881157,-5.0524602779234026e-14
11.477692940341305,-24.562207277694604,10.936666919199928,4.084723423793663,-5.496627271519873,-1.6841534259744676e-14
11.48441937788814,-24.570044591835153,10.936137515197588,4.084978770395619,-5.497289505129062,3.368306851948935e-14
11.491145582535522,-24.57788240493557,10.935608265084001,4.085234089893663,-5.497951138853889,-3.368306851948935e-14
11.497871571270514,-24.585720704606153,10.93507916591111,4.085489376273958,-5.498612164840074,0.0
11.504597361081741,-24.593559478454257,10.934550214730866,4.085744623522361,-5.49927257523386,-3.368306851948935e-14
11.51132296895942,-24.601398714084308,10.934021408595207,4.085999825624431,-5.499932362182037,3.368306851948935e-14
