galstreams/tracks/track.st.Cetus-Palca.thomas2021.ecsv
# %ECSV 1.0
# ---
# datatype:
# - {name: ra, unit: deg, datatype: float64}
# - {name: dec, unit: deg, datatype: float64}
# - {name: distance, unit: kpc, datatype: float64}
# - {name: pm_ra_cosdec, unit: mas / yr, datatype: float64}
# - {name: pm_dec, unit: mas / yr, datatype: float64}
# - {name: radial_velocity, unit: km / s, datatype: float64}
# delimiter: ','
# meta: !!omap
# - __serialized_columns__:
#     dec:
#       __class__: astropy.coordinates.angles.Latitude
#       unit: &id001 !astropy.units.Unit {unit: deg}
#       value: !astropy.table.SerializedColumn {name: dec}
#     distance:
#       __class__: astropy.coordinates.distances.Distance
#       unit: !astropy.units.Unit {unit: kpc}
#       value: !astropy.table.SerializedColumn {name: distance}
#     pm_dec:
#       __class__: astropy.units.quantity.Quantity
#       unit: !astropy.units.Unit {unit: mas / yr}
#       value: !astropy.table.SerializedColumn {name: pm_dec}
#     pm_ra_cosdec:
#       __class__: astropy.units.quantity.Quantity
#       unit: !astropy.units.Unit {unit: mas / yr}
#       value: !astropy.table.SerializedColumn {name: pm_ra_cosdec}
#     ra:
#       __class__: astropy.coordinates.angles.Longitude
#       unit: *id001
#       value: !astropy.table.SerializedColumn {name: ra}
#       wrap_angle: !astropy.coordinates.Angle
#         unit: *id001
#         value: 360.0
#     radial_velocity:
#       __class__: astropy.units.quantity.Quantity
#       unit: !astropy.units.Unit {unit: km / s}
#       value: !astropy.table.SerializedColumn {name: radial_velocity}
# schema: astropy-2.0
ra,dec,distance,pm_ra_cosdec,pm_dec,radial_velocity
[from data line 3000]
20.281696004856155,1.2190321419696413,32.51572055709331,0.7090995499398006,-0.4773834643077411,1.0525958912340423e-15
20.283995369613606,1.2095892166999889,32.51694125861191,0.709104472335786,-0.4775049028940869,3.157787673702127e-14
20.286294701541536,1.2001463298784096,32.518161517566924,0.7091094193271714,-0.4776262589304887,-4.9998304833617005e-15
20.288594000710575,1.1907034814699866,32.51938133404131,0.709114390916351,-0.4777475324284171,7.8944691842553165e-16
20.290893267191354,1.1812606714398275,32.52060070811804,0.709119387105715,-0.4778687233993402,5.2629794561702115e-15
20.293192501054495,1.1718178997530178,32.52181963988004,0.7091244078976504,-0.47798983185472516,1.2104852749191486e-14
20.295491702370615,1.1623751663746695,32.52303812941028,0.7091294532945405,-0.4781108578060369,-6.052426374595743e-15
20.29779087121036,1.1529324712698914,32.5242561767917,0.7091345232987641,-0.47823180126473874,2.315710960714893e-14
20.30009000764433,1.1434898144038153,32.52547378210727,0.7091396179126976,-0.47835266224229206,1.763098117817021e-14
20.302389111743157,1.1340471957415634,32.526690945439924,0.709144737138713,-0.4784734407501567,2.4209705498382972e-14
20.304688183577458,1.1246046152482643,32.52790766687262,0.7091498809791785,-0.47859413679979007,2.920953598174467e-14
20.306987223217856,1.1151620728890919,32.52912394648833,0.7091550494364586,-0.4787147504026487,2.657804625365957e-14
20.30928623073497,1.105719568629187,32.530339784369986,0.7091602425129149,-0.4788352815701864,1.2368001721999996e-14
20.311585206199425,1.0962771024337008,32.53155518060054,0.7091654602109043,-0.4789557303138555,2.368340755276595e-14
20.313884149681837,1.0868346742678259,32.53277013526296,0.7091707025327808,-0.4790760966451067,-2.6314897280851057e-16
20.31618306125283,1.0773922840967145,32.53398464844018,0.7091759694808939,-0.47919638057538927,2.4209705498382972e-14
20.318481940983002,1.0679499318855694,32.53519872021518,0.7091812610575904,-0.47931658211614936,2.2630811661531907e-14
20.320780788942994,1.0585076175995838,32.53641235067088,0.7091865772652128,-0.4794367012788326,8.157618157063828e-15
20.323079605203397,1.0490653412039659,32.53762553989026,0.7091919181061,-0.4795567380748823,1.1841703776382976e-14
20.325378389834853,1.0396231026639084,32.53883828795625,0.7091972835825875,-0.4796766925157401,1.3420597613234039e-14
20.32767714290796,1.0301809019446357,32.54005059495182,0.7092026736970067,-0.4797965646128457,1.3420597613234039e-14
20.329975864493335,1.020738739011362,32.54126246095992,0.7092080884516853,-0.4799163543776369,1.815727912378723e-14
20.332274554661588,1.0112966138293515,32.5424738860635,0.709213527848948,-0.4800360618215498,3.1577876737021266e-15
20.334573213483353,1.0018545263638217,32.54368487034551,0.7092189918911151,-0.48015568695601896,1.6052087341319144e-14
20.33687184102921,0.9924124765800285,32.54489541388891,0.7092244805805035,-0.4802752297924761,3.0788429818595735e-14
20.339170437369795,0.9829704644432193,32.54610551677665,0.7092299939194266,-0.48039469034235316,3.263047262825531e-14
20.341469002575717,0.973528489918678,32.547315179091676,0.7092355319101938,-0.4805140686170781,2.6314897280851057e-14
20.34376753671757,0.9640865529716718,32.548524400916946,0.7092410945551109,-0.48063336462807826,1.2104852749191486e-14
20.346066039865992,0.9546446535674846,32.54973318233542,0.7092466818564802,-0.4807525783867787,7.368171238638296e-15
20.348364512091567,0.945202791671383,32.55094152343004,0.7092522938165999,-0.4808717099046032,-5.789277401787233e-15
20.35066295346493,0.9357609672486898,32.55214942428376,0.7092579304377654,-0.48099075919297324,3.0788429818595735e-14
20.35296136405667,0.9263191802646902,32.55335688497955,0.709263591722267,-0.4811097262633081,1.0789107885148933e-14
20.355259743937395,0.916877430684716,32.55456390560034,0.709269277672393,-0.48122861112702653,1.6052087341319144e-14
20.357558093177722,0.9074357184740778,32.55577048622909,0.7092749882904269,-0.48134741379554385,1.4999491450085103e-14
20.359856411848263,0.897994043598112,32.55697662694875,0.7092807235786488,-0.48146613428027557,1.1578554803574466e-14
20.362154700019616,0.8885524060221617,32.558182327842296,0.709286483539335,-0.48158477259263316,5.1314049697659564e-15
20.3644529577624,0.8791108057115311,32.55938758899265,0.7092922681747581,-0.48170332874402777,9.341788534702125e-15
20.36675118514721,0.8696692426316122,32.56059241048278,0.709298077487188,-0.4818218027458682,2.3814982039170207e-14
20.369049382244658,0.8602277167477627,32.561796792395626,0.709303911478889,-0.48194019460956167,3.1972600196234035e-14
20.371347549125343,0.8507862280253498,32.56300073481416,0.7093097701521238,-0.4820585043465133,4.341958051340424e-15
20.373645685859884,0.8413447764297276,32.56420423782134,0.7093156535091497,-0.48217673196812616,1.8815151555808505e-14
20.37594379251887,0.8319033619263146,32.56540730150009,0.7093215615522216,-0.4822948774858027,1.5525789395702124e-14
20.37824186917292,0.8224619844804751,32.56660992593338,0.7093274942835899,-0.4824129409109421,1.763098117817021e-14
20.380539915892644,0.8130206440576171,32.56781211120416,0.7093334517055019,-0.48253092225494276,2.5262301389617013e-14
20.382837932748625,0.803579340623161,32.56901385739538,0.7093394338202005,-0.4826488215292001,1.9341449501425526e-14
20.38513591981149,0.7941380741425128,32.57021516459,0.709345440629926,-0.4827666387451091,2.6446471767255313e-14
20.387433877151825,0.7846968445811191,32.57141603287097,0.7093514721369136,-0.48288437391406197,3.4209366465106372e-15
20.389731804840252,0.7752556519043776,32.57261646232126,0.7093575283433963,-0.48300202704744977,-4.8682559969574454e-15
20.392029702947358,0.7658144960777312,32.57381645302378,0.7093636092516022,-0.48311959815666067,2.5788599335234036e-14
20.394327571543755,0.7563733770666603,32.575016005061514,0.7093697148637573,-0.48323708725308245,1.11838313443617e-14
20.396625410700057,0.7469322948365971,32.57621511851742,0.7093758451820813,-0.48335449434809963,2.394655652557446e-14
20.398923220486843,0.7374912493530105,32.57741379347443,0.709382000208793,-0.4834718194530963,2.5525450362425525e-14
20.401221000974736,0.7280502405813905,32.57861203001549,0.7093881799461061,-0.4835890625794534,3.289362160106382e-15
20.403518752234337,0.7186092684871885,32.57980982822359,0.7093943843962308,-0.48370622373855116,2.960425944095744e-14
20.405816474336234,0.7091683330359063,32.58100718818166,0.7094006135613735,-0.4838233029417669,1.6578385286936164e-14
20.40811416735105,0.6997274341930397,32.58220410997265,0.7094068674437376,-0.48394030020047735,2.197293922951063e-14
20.41041183134938,0.6902865719240998,32.58340059367953,0.7094131460455216,-0.4840572155260563,2.763064214489361e-14
20.412709466401814,0.6808457461945889,32.584596639385225,0.7094194493689219,-0.48417404892987626,1.8552002582999993e-14
20.415007072578984,0.6714049569700373,32.58579224717272,0.7094257774161296,-0.48429080042330797,1.6052087341319144e-14
20.417304649951458,0.6619642042159584,32.58698741712494,0.7094321301893337,-0.48440747001772017,5.394553942574467e-15
20.419602198589875,0.6525234878979104,32.58818214932485,0.709438507690718,-0.4845240577244795,1.7762555664574464e-14
20.421899718564806,0.643082807981416,32.58937644385541,0.7094449099224637,-0.48464056355495144,2.2630811661531907e-14
20.424197209946865,0.6336421644320521,32.590570300799556,0.7094513368867481,-0.48475698752049906,-1.0657533398744677e-14
20.426494672806662,0.6242015572153654,32.59176372024026,0.7094577885857447,-0.48487332963248403,9.21021404829787e-15
20.428792107214797,0.614760986296912,32.59295670226045,0.7094642650216232,-0.48498958990226554,2.4209705498382972e-14
20.431089513241865,0.6053204516422954,32.594149246943104,0.7094707661965497,-0.48510576834120167,1.144698031717021e-14
20.433386890958467,0.5958799532170712,32.59534135437118,0.7094772921126867,-0.4852218649606483,-2.763064214489361e-15
20.435684240435233,0.5864394909868584,32.59653302462759,0.7094838427721937,-0.4853378797719597,1.3289023126829784e-14
20.43798156174274,0.5769990649172407,32.59772425779533,0.7094904181772248,-0.4854538127864878,2.8683238036127654e-14
20.440278854951593,0.567558674973846,32.59891505395732,0.7094970183299323,-0.4855696640155835,2.368340755276595e-14
20.4425761201324,0.5581183211222636,32.600105413196545,0.7095036432324635,-0.48568543347059495,1.565736388210638e-14
20.444873357355764,0.5486780033281359,32.60129533559593,0.7095102928869629,-0.4858011211628692,1.4867916963680847e-14
20.447170566692296,0.5392377215570929,32.60248482123844,0.7095169672955708,-0.48591672710375133,2.4078131011978716e-14
20.44946774821259,0.5297974757747781,32.60367387020703,0.7095236664604235,-0.4860322513045843,1.8288853610191485e-14
20.45176490198725,0.520357265946841,32.60486248258464,0.709530390383655,-0.48614769377670886,1.9078300528617017e-14
20.454062028086888,0.5109170920389392,32.60605065845425,0.709537139067394,-0.4862630545314652,3.4209366465106376e-14
20.4563591265821,0.5014769540167293,32.60723839789879,0.7095439125137666,-0.48637833358019045,2.8025365604106374e-14
20.458656197543494,0.4920368518458875,32.60842570100121,0.7095507107248951,-0.4864935309342206,1.842042809659574e-14
20.46095324104168,0.4825967854921034,32.60961256784447,0.7095575337028978,-0.4866086466048899,1.8815151555808505e-14
20.463250257147255,0.47315675492106074,32.61079899851154,0.7095643814498888,-0.4867236806035298,1.670995977334042e-14
20.46554724593083,0.4637167600984616,32.61198499308534,0.70957125396798,-0.4868386329414708,2.039404539265957e-14
20.46784420746301,0.4542768009899953,32.61317055164886,0.7095781512592784,-0.48695350363004114,1.1841703776382976e-15
20.470141141814402,0.44483687756138857,32.614355674285015,0.7095850733258879,-0.4870682926805677,1.2368001721999996e-14
20.472438049055594,0.4353969897783658,32.61554036107678,0.7095920201699084,-0.487183000104375,9.341788534702125e-15
20.474734929257234,0.42595713760665854,32.61672461210711,0.7095989917934364,-0.48729762591278597,2.0196683663053188e-14
20.477031782489885,0.4165173210119837,32.61790842745896,0.7096059881985644,-0.4874121701171214,2.6972769712872333e-15
20.479328608824186,0.4070775399601111,32.619091807215256,0.7096130093873817,-0.4875266327287009,2.151242852709574e-14
20.48162540833072,0.39763779441678937,32.620274751458965,0.7096200553619738,-0.4876410137588417,5.394553942574467e-15
20.483922181080125,0.3881980843477577,32.621457260273054,0.709627126124422,-0.48775531321885945,7.697107454648934e-15
20.48621892714298,0.37875840971882024,32.622639333740466,0.7096342216768048,-0.4878695311200673,7.499745725042552e-15
20.48851564658991,0.3693187704957362,32.623820971944156,0.7096413420211959,-0.48798366747377764,1.7959917394180847e-14
20.49081233949152,0.35987916664430347,32.625002174967065,0.7096484871596664,-0.48809772229129994,2.2367662688723396e-15
20.493109005918416,0.3504395981302907,32.626182942892164,0.7096556570942834,-0.4882116955839429,1.0591746155542551e-14
20.49540564594122,0.34100006491952417,32.6273632758024,0.7096628518271099,-0.4883255873630121,1.6381023557329782e-14
20.497702259630532,0.33156056697781444,32.62854317378071,0.7096700713602059,-0.48843939763981287,1.868357706940425e-14
20.499998847056972,0.3221211042709631,32.629722636910074,0.7096773156956273,-0.488553126425647,3.295940884426595e-14
20.50229540829114,0.31268167676481917,32.630901665273434,0.7096845848354264,-0.48866677373181555,-1.3815321072446804e-15
20.504591943403653,0.30324228442519446,32.63208025895372,0.709691878781652,-0.4887803395696177,1.2433788965202124e-14
20.50688845246513,0.29380292721795004,32.633258418033925,0.7096991975363484,-0.4888938239503501,-2.4999152416808503e-15
20.509184935546187,0.2843636051089271,32.63443614259697,0.709706541101558,-0.48900722688530823,1.7959917394180847e-14
20.511481392717428,0.2749243180639782,32.63561343272581,0.709713909479318,-0.48912054838578534,8.486554373074466e-15
20.51377782404947,0.26548506604899175,32.636790288503434,0.7097213026716618,-0.48923378846307264,1.0262809939531913e-14
20.516074229612933,0.25604584902982436,32.63796671001276,0.7097287206806201,-0.48934694712845994,3.881447348925531e-15
20.51837060947842,0.24660666697237876,32.63914269733674,0.7097361635082202,-0.4894600243932358,5.394553942574467e-15
20.52066696371657,0.237167519842516,32.64031825055834,0.7097436311564841,-0.48957302026868493,1.0789107885148933e-14
20.522963292397975,0.22772840760617089,32.641493369760504,0.7097511236274316,-0.4896859347660922,9.21021404829787e-16
20.52525959559327,0.21828933022921646,32.64266805502619,0.709758640923078,-0.4897987678967397,2.3222896850351057e-14
20.52755587337308,0.20885028767757766,32.64384230643836,0.7097661830454358,-0.489911519671908,2.8288514576914886e-14
20.529852125807995,0.19941127991721586,32.64501612407995,0.7097737499965128,-0.4900241901028753,2.7696429388095736e-14
20.532148352968655,0.1899723069140143,32.64618950803393,0.7097813417783134,-0.4901367792009185,2.996608927856914e-14
20.534444554925678,0.18053336863394337,32.647362458383235,0.7097889583928394,-0.4902492869773125,5.986639131393615e-15
20.53674073174969,0.1710944650429241,32.64853497521082,0.7097965998420873,-0.49036171344333007,1.4571874369271272e-14
20.5390368835113,0.1616555961069414,32.64970705859967,0.7098042661280509,-0.49047405861024235,4.177489943335105e-15
20.541333010281146,0.15221676179194887,32.65087870863268,0.7098119572527206,-0.49058632248931905,1.0295703561132976e-14
20.54362911212984,0.14277796206392426,32.652049925392845,0.709819673218082,-0.4906985050918274,2.1841364743106378e-14
20.545925189128006,0.1333391968888303,32.65322070896311,0.709827414026118,-0.49081060642903274,1.0953575993154252e-14
20.54822124134629,0.12390046623267124,32.65439105942643,0.7098351796788079,-0.4909226265121986,2.5558343984026588e-14
20.55051726885528,0.11446177006145038,32.65556097686576,0.7098429701781259,-0.49103456535258727,1.6907321502946803e-14
20.55281327172564,0.10502310834114549,32.65673046136403,0.7098507855260449,-0.49114642296145866,2.3370918147555843e-14
20.555109250027968,0.09558448103779414,32.65789951300421,0.7098586257245318,-0.49125819935007087,9.703618372313827e-16
20.557405203832918,0.08614588811743126,32.659068131869255,0.7098664907755515,-0.4913698945296799,6.496490266210105e-15
20.559701133211096,0.07670732954605171,32.660236318042124,0.7098743806810641,-0.49148150851154054,1.868357706940425e-14
20.56199703823315,0.06726880528970546,32.66140407160575,0.7098822954430271,-0.4915930413069054,-3.70053243011968e-15
20.56429291896971,0.057830315314450806,32.662571392643095,0.7098902350633933,-0.4917044929270248,1.488436377448138e-14
20.566588775491393,0.04839185958632795,32.66373828123712,0.7098981995441123,-0.4918158633831477,1.866713025860372e-14
20.568884607868842,0.03895343807141273,32.66490473747077,0.70990618888713,-0.491927152686521,1.3609735937440156e-14
20.571180416172695,0.02951505073576373,32.666070761427,0.7099142030943892,-0.4920383608483905,1.4341619018063827e-14
20.573476200473582,0.020076697545464307,32.66723635318876,0.709922242167828,-0.49214948787999857,8.605793751378322e-15
20.575771960842143,0.010638378466605534,32.66840151283901,0.7099303061093809,-0.4922605337925869,-2.6931652685871e-16
20.578067697349002,0.0012000934652675118,32.669566240460696,0.7099383949209799,-0.4923714985973949,9.508826456895028e-15
20.58036341006482,-0.008238157492439334,32.67073053613677,0.7099465086045522,-0.4924823823056608,3.4879574005228046e-14
20.58265909906021,-0.0176763744403929,32.67189439995019,0.709954647162022,-0.49259318492861986,1.2750390073112364e-14
20.584954764405822,-0.02711455741247654,32.673057831983904,0.709962810595309,-0.49270390647750595,1.0139458858527924e-14
20.58725040617231,-0.03655270644257199,32.67422083232087,0.7099709989063302,-0.49281454696355165,7.614873400646274e-15
20.589546024430298,-0.0459908215645516,32.67538340104404,0.7099792120969984,-0.4929251063979867,2.6627386686061162e-14
