galstreams/tracks/track.st.NGC3201-Gjoll.ibata2021.ecsv
# %ECSV 1.0
# ---
# datatype:
# - {name: ra, unit: deg, datatype: float64}
# - {name: dec, unit: deg, datatype: float64}
# - {name: distance, unit: kpc, datatype: float64}
# - {name: pm_ra_cosdec, unit: mas / yr, datatype: float64}
# - {name: pm_dec, unit: mas / yr, datatype: float64}
# - {name: radial_velocity, unit: km / s, datatype: float64}
# delimiter: ','
# meta: !!omap
# - __serialized_columns__:
#     dec:
#       __class__: astropy.coordinates.angles.Latitude
#       unit: &id001 !astropy.units.Unit {unit: deg}
#       value: !astropy.table.SerializedColumn {name: dec}
#     distance:
#       __class__: astropy.coordinates.distances.Distance
#       unit: !astropy.units.Unit {unit: kpc}
#       value: !astropy.table.SerializedColumn {name: distance}
#     pm_dec:
#       __class__: astropy.units.quantity.Quantity
#       unit: !astropy.units.Unit {unit: mas / yr}
#       value: !astropy.table.SerializedColumn {name: pm_dec}
#     pm_ra_cosdec:
#       __class__: astropy.units.quantity.Quantity
#       unit: !astropy.units.Unit {unit: mas / yr}
#       value: !astropy.table.SerializedColumn {name: pm_ra_cosdec}
#     ra:
#       __class__: astropy.coordinates.angles.Longitude
#       unit: *id001
#       value: !astropy.table.SerializedColumn {name: ra}
#       wrap_angle: !astropy.coordinates.Angle
#         unit: *id001
#         value: 360.0
#     radial_velocity:
#       __class__: astropy.units.quantity.Quantity
#       unit: !astropy.units.Unit {unit: km / s}
#       value: !astropy.table.SerializedColumn {name: radial_velocity}
# schema: astropy-2.0
ra,dec,distance,pm_ra_cosdec,pm_dec,radial_velocity
[from data line 1987]
79.2792387936211,-11.439751580988641,3.418499035231918,23.175206671630185,-23.694248236483116,42.61113018034693
79.28677960032046,-11.446493669347108,3.4183481104486333,23.176494823490035,-23.69466478105777,42.68660011992007
79.29432081620588,-11.45323551068376,3.4181972822031503,23.177781724759363,-23.695079235721856,42.76207600213311
79.30186244145507,-11.45997710491835,3.418046550470323,23.17906737572973,-23.69549160085701,42.83755782422213
79.30940447624569,-11.466718451970628,3.417895915225008,23.180351776692586,-23.695901876844957,42.913045583423376
79.31694692075538,-11.473459551760332,3.4177453764420593,23.18163492793924,-23.696310064067507,42.98853927697297
79.32448977516192,-11.480200404207155,3.417594934096333,23.182916829760842,-23.696716162906526,43.064038902107164
79.33203303964297,-11.486941009230794,3.4174445881626836,23.184197482448457,-23.69712017374404,43.13954445606206
79.33957671437628,-11.49368136675092,3.417294338615967,23.185476886292975,-23.69752209696212,43.21505593607398
79.34712079953958,-11.500421476687176,3.4171441854310363,23.18675504158522,-23.697921932942975,43.290573339378795
79.35466529531064,-11.50716133895921,3.4169941285827488,23.188031948615784,-23.69831968206885,43.36609666321296
79.36221020186723,-11.513900953486615,3.4168441680459587,23.189307607675232,-23.698715344722135,43.44162590481248
79.36975551938713,-11.520640320188999,3.416694303795521,23.19058201905393,-23.69910892128528,43.51716106141359
79.37730124804817,-11.527379438985935,3.416544535806291,23.191855183042136,-23.699500412140843,43.59270213025259
79.38484738802812,-11.53411830979698,3.4163948640531223,23.193127099929978,-23.69988981767148,43.668249108565405
79.39239393950486,-11.540856932541665,3.416245288510873,23.194397770007434,-23.70027713825992,43.74380199358835
79.39994090265621,-11.547595307139508,3.4160958091543963,23.195667193564393,-23.700662374289013,43.81936078255763
79.40748827766005,-11.554333433510015,3.4159464259585475,23.19693537089056,-23.701045526141687,43.89492547270935
79.41503606469422,-11.561071311572656,3.4157971388981823,23.198202302275558,-23.701426594200957,43.97049606127961
79.42258426393664,-11.567808941246904,3.4156479479481554,23.199467988008834,-23.701805578849935,44.04607254550469
79.43013287556522,-11.574546322452195,3.415498853083321,23.20073242837975,-23.70218248047184,44.12165492262076
79.43768189975788,-11.581283455107952,3.415349854278535,23.201995623677497,-23.70255729944997,44.19724318986412
79.4452313366925,-11.588020339133577,3.4152009515086523,23.203257574191174,-23.70293003616774,44.27283734447059
79.45278118654711,-11.594756974448451,3.41505214474853,23.204518280209687,-23.703300691008586,44.3484373836767
79.46033144949962,-11.601493360971947,3.4149034339730195,23.205777742021887,-23.703669264356144,44.42404330471836
79.46788212572801,-11.60822949862341,3.4147548191569785,23.20703595991647,-23.704035756594074,44.4996551048319
79.47543321541029,-11.614965387322165,3.414606300275261,23.208292934181944,-23.70440016810613,44.57527278125335
79.48298471872452,-11.62170102698756,3.414457877302723,23.209548665106777,-23.70476249927617,44.650896331219116
79.49053663584857,-11.628436417538769,3.4143095502142193,23.210803152979217,-23.705122750488176,44.72652575196517
79.49808896696065,-11.635171558895212,3.414161318984605,23.21205639808748,-23.70548092212617,44.80216104072772
79.50564171223867,-11.64190645097603,3.4140131835887337,23.213308400719566,-23.705837014574303,44.87780219474293
79.51319487186079,-11.648641093700492,3.4138651440014627,23.214559161163375,-23.706191028216814,44.95344921124705
79.52074844600504,-11.65537548698781,3.4137172001976466,23.215808679706683,-23.706542963438004,45.029102087476254
79.52830243484954,-11.662109630757179,3.413569352152139,23.217056956637148,-23.706892820622333,45.104760820666634
79.53585683857239,-11.668843524927773,3.413421599839797,23.218303992242262,-23.707240600154268,45.18042540805442
79.54341165735173,-11.675577169418741,3.4132739432354757,23.219549786809406,-23.707586302418434,45.25609584687575
79.55096689136568,-11.682310564149232,3.4131263823140277,23.220794340625837,-23.707929927799537,45.33177213436682
79.5585225407924,-11.689043709038351,3.41297891705031,23.222037653978685,-23.708271476682366,45.4074542677638
79.56607860581005,-11.6957766040052,3.4128315474191777,23.223279727154917,-23.708610949451792,45.483142244302776
79.57363508659684,-11.702509248968862,3.4126842733954863,23.224520560441405,-23.708948346492793,45.55883606122007
79.58119198333094,-11.70924164384839,3.412537094954089,23.225760154124877,-23.70928366819044,45.634535715751774
79.58874929619058,-11.71597378856283,3.412390012069843,23.226998508491935,-23.709616914929903,45.71024120513407
79.59630702535398,-11.722705683031199,3.4122430247176028,23.228235623829043,-23.709948087096418,45.78595252660313
79.60386517099938,-11.729437327172503,3.4120961328722226,23.229471500422548,-23.71027718507536,45.861669677395035
79.61142373330505,-11.736168720905724,3.4119493365085574,23.23070613855866,-23.710604209252143,45.9373926547461
79.61898271244925,-11.742899864149825,3.4118026356014646,23.231939538523456,-23.710929160012302,46.01312145589248
79.62654210861028,-11.749630756823745,3.411656030125797,23.23317170060288,-23.711252037741477,46.08885607807032
79.63410192196642,-11.756361398846426,3.41150952005641,23.23440262508277,-23.711572842825372,46.164596518515744
79.64166215269601,-11.763091790136754,3.4113631053681597,23.235632312248796,-23.7118915756498,46.240342774465034
79.64922280097737,-11.769821930613624,3.4112167860359004,23.23686076238653,-23.712208236600667,46.31609484315418
79.65678386698883,-11.776551820195913,3.411070562034487,23.238087975781415,-23.712522826063974,46.3918527218196
79.66434535090877,-11.783281458802454,3.410924433338776,23.239313952718707,-23.712835344425777,46.46761640769722
79.67190725291556,-11.79001084635209,3.4107783999236214,23.240538693483636,-23.71314579207229,46.5433858980233
79.6794695731876,-11.796739982763622,3.4106324617638775,23.241762198361215,-23.71345416938978,46.61916119003414
79.68703231190327,-11.803468867955841,3.4104866188344003,23.24298446763635,-23.713760476764605,46.69494228096573
79.69459546924102,-11.81019750184753,3.4103408711100456,23.24420550159383,-23.714064714583213,46.7707291680545
79.70215904537926,-11.816925884357422,3.4101952185656685,23.24542530051832,-23.714366883232156,46.84652184853622
79.70972304049646,-11.823654015404268,3.4100496611761226,23.24664386469435,-23.714666983098102,46.92232031964734
79.7172874547711,-11.830381894906818,3.4099041989162644,23.247861194406283,-23.71496501456775,46.99812457862407
79.72485228838161,-11.837109522783678,3.4097588317609477,23.249077289938405,-23.715260978027946,47.07393462270247
79.73241754150649,-11.843836898953569,3.4096135596850283,23.250292151574854,-23.715554873865617,47.149750449118685
79.73998321432425,-11.850564023335155,3.409468382663361,23.251505779599636,-23.715846702467758,47.225572055108984
79.74754930701346,-11.857290895847058,3.409323300670802,23.252718174296632,-23.716136464221474,47.30139943790948
79.7551158197526,-11.864017516407907,3.409178313682206,23.25392933594958,-23.71642415951396,47.37723259475634
79.76268275272024,-11.870743884936296,3.4090334216724267,23.255139264842104,-23.716709788732512,47.45307152288574
79.77025010609498,-11.877470001350806,3.408888624616321,23.256347961257703,-23.716993352264495,47.52891621953389
79.77781788005537,-11.88419586556999,3.408743922488743,23.25755542547972,-23.7172748504974,47.60476668193692
79.78538607478002,-11.8909214775124,3.4085993152645484,23.25876165779141,-23.717554283818767,47.68062290733107
79.79295469044752,-11.897646837096547,3.408454802918591,23.25996665847586,-23.71783165261628,47.7564848929524
79.80052372723652,-11.904371944240937,3.4083103854257275,23.261170427816058,-23.718106957277666,47.83235263603718
79.80809318532567,-11.911096798864055,3.4081660627608117,23.262372966094837,-23.718380198190776,47.90822613382156
79.81566306489361,-11.917821400884357,3.4080218348987006,23.26357427359492,-23.718651375743523,47.98410538354168
79.82323336611903,-11.9245457502203,3.407877701814247,23.26477435059889,-23.71892049032396,48.059990382433774
79.83080408918059,-11.931269846790292,3.407733663482307,23.26597319738922,-23.71918754232018,48.13588112773392
79.838375234257,-11.93799369051275,3.407589719877736,23.26717081424822,-23.719452532120403,48.21177761667831
79.84594680152699,-11.944717281306056,3.4074458709753888,23.268367201458116,-23.71971546011294,48.28767984650328
79.85351879116928,-11.951440619088578,3.407302116750121,23.269562359300956,-23.719976326686147,48.36358781444474
79.86109120336262,-11.958163703778657,3.4071584571767866,23.270756288058696,-23.720235132228535,48.439501517739075
79.86866403828576,-11.964886535294632,3.4070148922302415,23.271948988013154,-23.72049187712867,48.515420953622304
79.87623729611751,-11.971609113554804,3.4068714218853415,23.27314045944601,-23.72074656177522,48.59134611933086
79.8838109770366,-11.978331438477463,3.4067280461169402,23.274330702638824,-23.720999186556938,48.66727701210051
79.8913850812219,-11.98505350998088,3.4065847648998924,23.275519717873053,-23.721249751862704,48.7432136291677
79.89895960885221,-11.991775327983305,3.406441578209056,23.27670750542995,-23.72149825808142,48.81915596776863
79.90653456010634,-11.998496892402967,3.4062984860192826,23.27789406559074,-23.72174470560215,48.895104025139254
79.91410993516318,-12.005218203158082,3.4061554883054304,23.279079398636426,-23.721989094814,48.971057798516036
79.92168573420157,-12.01193926016684,3.406012585042351,23.280263504847955,-23.722231426106198,49.047017285134906
79.92926195740039,-12.018660063347413,3.4058697762049035,23.2814463845061,-23.72247169986806,49.122982482232054
79.93683860493859,-12.025380612617994,3.40572706176794,23.28262803789152,-23.72270991648896,49.19895338704382
79.94441567699495,-12.0321009078966,3.405584441706318,23.283808465284743,-23.722946076358422,49.274929996806236
79.95199317374856,-12.038820949101504,3.4054419159948894,23.284987666966195,-23.72318017986601,49.35091230875558
79.95957109537824,-12.04554073615068,3.405299484608512,23.286165643216137,-23.723412227401408,49.42690032012787
79.96714944206299,-12.052260268962247,3.40515714752204,23.287342394314727,-23.72364221935438,49.50289402815939
79.97472821398178,-12.058979547454262,3.4050149047103284,23.28851792054196,-23.72387015611478,49.57889343008637
79.98230741131358,-12.065698571544754,3.4048727561482326,23.289692222177763,-23.724096038072567,49.654898523144816
79.9898870342374,-12.07241734115175,3.4047307018106063,23.290865299501874,-23.724319865617783,49.73090930457101
79.99746708293226,-12.079135856193245,3.404588741672308,23.292037152793924,-23.724541639140543,49.806925771601115
80.00504755757719,-12.085854116587216,3.4044468757081905,23.29320778233344,-23.72476135903108,49.88294792147129
80.01262845835122,-12.09257212225162,3.404305103893108,23.294377188399803,-23.72497902567973,49.95897575141766
80.02020978543344,-12.099289873104405,3.4041634262019165,23.295545371272258,-23.72519463947688,50.035009258676496
80.02779153900289,-12.106007369063486,3.4040218426094713,23.29671233122993,-23.725408200813014,50.11104844048393
80.03537371923869,-12.112724610046758,3.4038803530906283,23.29787806855181,-23.725619710078746,50.187093294076114
80.04295632631994,-12.119441595972114,3.403738957620241,23.299042583516787,-23.725829167664756,50.26314381668925
80.05053936042574,-12.126158326757407,3.403597656173166,23.300205876403584,-23.726036573961807,50.339200005559384
80.05812282173524,-12.132874802320487,3.403456448724257,23.301367947490824,-23.72624192936077,50.41526185792291
80.0657067104276,-12.139591022579165,3.4033153352483696,23.302528797057,-23.72644523425259,50.49132937101584
80.07329102668197,-12.146306987451258,3.4031743157203596,23.303688425380443,-23.72664648902832,50.56740254207432
80.08087577067755,-12.153022696854542,3.4030333901150818,23.304846832739425,-23.72684569407908,50.64348136833473
80.08846094259351,-12.159738150706785,3.4028925584073897,23.30600401941201,-23.72704284979612,50.71956584703306
80.09604654260907,-12.166453348925728,3.4027518205721408,23.307159985676215,-23.727237956570754,50.79565597540549
80.10363257090346,-12.173168291429102,3.4026111765841893,23.308314731809862,-23.72743101479438,50.87175175068823
80.11121902765592,-12.179882978134609,3.4024706264183897,23.309468258090675,-23.727622024858512,50.94785317011748
80.1188059130457,-12.186597408959932,3.4023301700495976,23.310620564796256,-23.727810987154747,51.023960230929355
80.12639322725208,-12.193311583822746,3.402189807452668,23.311771652204076,-23.72799790207475,51.10007293036011
80.13398097045435,-12.200025502640688,3.4020495386024567,23.31292152059147,-23.728182770010307,51.17619126564579
80.14156914283178,-12.206739165331399,3.4019093634738176,23.314070170235656,-23.728365591353274,51.25231523402267
80.14915774456374,-12.213452571812478,3.4017692820416054,23.315217601413718,-23.72854636649562,51.328444832726944
80.1567467758295,-12.22016572200151,3.401629294280678,23.316363814402603,-23.728725095829386,51.40458005899467
80.16433623680847,-12.226878615816075,3.401489400165887,23.317508809479158,-23.728901779746714,51.48072091006215
80.17192612768,-12.233591253173758,3.4013495996720904,23.318652586920088,-23.729076418639814,51.556867383165475
80.17951644862339,-12.240303633992006,3.4012098927741414,23.319795147001976,-23.729249012901036,51.63301947554075
80.1871071998181,-12.247015758188374,3.401070279446896,23.32093649000126,-23.729419562922768,51.70917718442439
80.19469838144353,-12.253727625680352,3.400930759665209,23.322076616194256,-23.729588069097524,51.78534050705234
80.20228999367909,-12.260439236385404,3.4007913334039355,23.323215525857194,-23.729754531817882,51.861509440660825
80.20988203670422,-12.267150590220988,3.4006520006379315,23.324353219266108,-23.729918951476535,51.93768398248601
80.21747451069835,-12.273861687104539,3.4005127613420494,23.325489696696984,-23.73008132846627,52.01386412976408
80.22506741584101,-12.280572526953467,3.400373615491148,23.326624958425597,-23.73024166317992,52.090049879731296
80.23266075231162,-12.28728310968516,3.400234563060079,23.327759004727678,-23.730399956010462,52.16624122962369
80.24025452028971,-12.293993435216999,3.4000956040237007,23.328891835878743,-23.730556207350926,52.24243817667753
80.24784871995477,-12.300703503466329,3.3999567383568654,23.330023452154276,-23.73071041759447,52.31864071812888
80.25544335148636,-12.307413314350494,3.3998179660344303,23.33115385382956,-23.730862587134308,52.39484885121408
80.26303841506399,-12.314122867786798,3.399679287031249,23.332283041179792,-23.731012716363757,52.47106257316911
80.27063391086725,-12.320832163692549,3.3995407013221763,23.333411014480024,-23.73116080567622,52.5472818812304
80.27822983907566,-12.327541201985007,3.3994022088820697,23.334537774005184,-23.731306855465213,52.62350677263385
80.28582619986886,-12.33424998258144,3.3992638096857823,23.335663320030086,-23.731450866124312,52.69973724461579
80.29342299342646,-12.340958505399076,3.399125503708169,23.336787652829404,-23.7315928380472,52.775973294412374
80.30102021992803,-12.347666770355135,3.3989872909240866,23.337910772677695,-23.731732771627634,52.85221491925967
80.30861787955324,-12.354374777366813,3.398849171308388,23.3390326798494,-23.7318706672595,52.92846211639399
80.31621597248173,-12.361082526351286,3.39871114483593,23.340153374618776,-23.732006525336732,53.00471488305143
80.32381449889316,-12.36779001722571,3.3985732114815677,23.341272857260027,-23.73214034625337,53.080973216468095
80.33141345896722,-12.374497249907224,3.398435371220155,23.342391128047208,-23.73227213040356,53.157237113880385
80.33901285288357,-12.381204224312949,3.398297624026548,23.34350818725421,-23.73240187818151,53.23350657252424
