galstreams/tracks/track.st.M5.sollima2020.ecsv
# %ECSV 0.9
# ---
# datatype:
# - {name: ra, unit: deg, datatype: float64}
# - {name: dec, unit: deg, datatype: float64}
# - {name: distance, unit: kpc, datatype: float64}
# - {name: pm_ra_cosdec, unit: mas / yr, datatype: float64}
# - {name: pm_dec, unit: mas / yr, datatype: float64}
# - {name: radial_velocity, unit: km / s, datatype: float64}
# delimiter: ','
# meta: !!omap
# - __serialized_columns__:
#     dec:
#       __class__: astropy.coordinates.angles.Latitude
#       unit: &id001 !astropy.units.Unit {unit: deg}
#       value: !astropy.table.SerializedColumn {name: dec}
#     distance:
#       __class__: astropy.coordinates.distances.Distance
#       unit: !astropy.units.Unit {unit: kpc}
#       value: !astropy.table.SerializedColumn {name: distance}
#     pm_dec:
#       __class__: astropy.units.quantity.Quantity
#       unit: !astropy.units.Unit {unit: mas / yr}
#       value: !astropy.table.SerializedColumn {name: pm_dec}
#     pm_ra_cosdec:
#       __class__: astropy.units.quantity.Quantity
#       unit: !astropy.units.Unit {unit: mas / yr}
#       value: !astropy.table.SerializedColumn {name: pm_ra_cosdec}
#     ra:
#       __class__: astropy.coordinates.angles.Longitude
#       unit: *id001
#       value: !astropy.table.SerializedColumn {name: ra}
#       wrap_angle: !astropy.coordinates.Angle
#         unit: *id001
#         value: 360.0
#     radial_velocity:
#       __class__: astropy.units.quantity.Quantity
#       unit: !astropy.units.Unit {unit: km / s}
#       value: !astropy.table.SerializedColumn {name: radial_velocity}
# schema: astropy-2.0
ra,dec,distance,pm_ra_cosdec,pm_dec,radial_velocity
227.96855197,2.997324890000001,7.478999999999993,0.0,0.0,0.0
227.97638563788516,2.9910290212970465,7.478999999999995,0.0,0.0,0.0
227.9843038956661,2.9848485171913484,7.478999999999995,0.0,0.0,0.0
227.99230452459287,2.9787803495652674,7.478999999999994,0.0,0.0,0.0
228.00038533354376,2.97282152801875,7.478999999999993,0.0,0.0,0.0
228.00854415887895,2.966969099675591,7.478999999999994,0.0,0.0,0.0
228.01677886429442,2.961220148989799,7.478999999999994,0.0,0.0,0.0
228.02508734067632,2.9555717975517006,7.478999999999993,0.0,0.0,0.0
228.03346750595517,2.95002120389429,7.478999999999994,0.0,0.0,0.0
228.04191730496055,2.9445655632992134,7.478999999999994,0.0,0.0,0.0
228.05043470927615,2.9392021076026813,7.478999999999993,0.0,0.0,0.0
228.05901771709455,2.9339281050016166,7.478999999999994,0.0,0.0,0.0
228.06766435307253,2.928740859859441,7.478999999999995,0.0,0.0,0.0
228.0763726681868,2.923637712511801,7.478999999999995,0.0,0.0,0.0
228.0851407395892,2.918616039072536,7.478999999999994,0.0,0.0,0.0
228.09396667046283,2.9136732512392642,7.478999999999995,0.0,0.0,0.0
228.10284858987782,2.908806796099109,7.478999999999995,0.0,0.0,0.0
228.11178465264766,2.9040141559341865,7.478999999999996,0.0,0.0,0.0
228.12077303918517,2.8992928480273688,7.478999999999994,0.0,0.0,0.0
228.12981195535917,2.8946404244677146,7.478999999999996,0.0,0.0,0.0
228.1388996323511,2.8900544719558536,7.478999999999994,0.0,0.0,0.0
228.1480343265114,2.8855326116096247,7.478999999999995,0.0,0.0,0.0
228.15721431921654,2.881072498769392,7.478999999999995,0.0,0.0,0.0
228.16643791672607,2.8766718228033095,7.478999999999996,0.0,0.0,0.0
228.17570345003946,2.8723283069128667,7.478999999999996,0.0,0.0,0.0
228.18500927475333,2.8680397079380584,7.478999999999993,0.0,0.0,0.0
228.19435377091872,2.8638038161627306,7.478999999999994,0.0,0.0,0.0
228.20373534289865,2.8596184551197004,7.478999999999996,0.0,0.0,0.0
228.2131524192253,2.8554814813961777,7.478999999999994,0.0,0.0,0.0
228.22260345245772,2.8513907844388724,7.478999999999995,0.0,0.0,0.0
228.23208691903946,2.847344286359062,7.478999999999996,0.0,0.0,0.0
228.24160131915636,2.8433399417379617,7.478999999999996,0.0,0.0,0.0
228.25114517659418,2.8393757374317534,7.478999999999996,0.0,0.0,0.0
228.26071703859665,2.8354496923766073,7.478999999999996,0.0,0.0,0.0
228.2703154757234,2.831559857393987,7.478999999999995,0.0,0.0,0.0
228.27993908170782,2.827704314995604,7.478999999999995,0.0,0.0,0.0
228.28958647331524,2.8238811791885583,7.478999999999996,0.0,0.0,0.0
228.2992562902012,2.8200885952802657,7.478999999999996,0.0,0.0,0.0
228.30894719476947,2.816324739683707,7.478999999999994,0.0,0.0,0.0
228.31865787203012,2.8125878197223724,7.478999999999996,0.0,0.0,0.0
228.3283870294583,2.8088760734351848,7.4789999999999965,0.0,0.0,0.0
228.3381333968521,2.805187769381732,7.478999999999996,0.0,0.0,0.0
228.3478957261911,2.8015212064471746,7.478999999999996,0.0,0.0,0.0
228.35767279149496,2.797874713647156,7.478999999999996,0.0,0.0,0.0
228.36746338868153,2.7942466499330125,7.478999999999995,0.0,0.0,0.0
228.3772663354256,2.7906354039966392,7.478999999999995,0.0,0.0,0.0
228.3870804710172,2.7870393940755522,7.478999999999995,0.0,0.0,0.0
228.39690465622056,2.78345706775775,7.478999999999996,0.0,0.0,0.0
228.40673777313205,2.7798869017869148,7.478999999999995,0.0,0.0,0.0
228.41657872503927,2.7763274018672983,7.478999999999995,0.0,0.0,0.0
228.42642643627963,2.77277710246862,7.4789999999999965,0.0,0.0,0.0
228.43627985209864,2.769234566631263,7.4789999999999965,0.0,0.0,0.0
228.44613793850897,2.765698385771138,7.478999999999995,0.0,0.0,0.0
228.45599968214879,2.762167179484746,7.478999999999996,0.0,0.0,0.0
228.4658640901408,2.758639595354051,7.478999999999997,0.0,0.0,0.0
228.47573018995058,2.7551143087516845,7.4789999999999965,0.0,0.0,0.0
228.4855970292454,2.7515900226458614,7.478999999999996,0.0,0.0,0.0
228.4954636757532,2.7480654674052896,7.4789999999999965,0.0,0.0,0.0
228.50532921712085,2.7445394006043964,7.4789999999999965,0.0,0.0,0.0
228.51519276077312,2.741010606828257,7.4789999999999965,0.0,0.0,0.0
228.5250534337716,2.7374778974775245,7.478999999999996,0.0,0.0,0.0
228.534910382673,2.733940110573677,7.478999999999997,0.0,0.0,0.0
228.54476277338816,2.730396110563934,7.4789999999999965,0.0,0.0,0.0
228.5546097910407,2.726844788126375,7.478999999999997,0.0,0.0,0.0
228.56445063982585,2.7232850599748835,7.478999999999997,0.0,0.0,0.0
228.57428454286895,2.719715868664412,7.4789999999999965,0.0,0.0,0.0
228.5841107420843,2.716136182395973,7.4789999999999965,0.0,0.0,0.0
228.59392849803396,2.7125449948216347,7.478999999999996,0.0,0.0,0.0
228.60373708978628,2.7089413248498233,7.478999999999995,0.0,0.0,0.0
228.61353581477465,2.705324216450341,7.4789999999999965,0.0,0.0,0.0
228.62332398865624,2.7016927384593936,7.478999999999996,0.0,0.0,0.0
228.63310094517067,2.698045984384925,7.478999999999996,0.0,0.0,0.0
228.64286603599857,2.6943830722116378,7.478999999999995,0.0,0.0,0.0
228.65261863062025,2.6907031442062195,7.4789999999999965,0.0,0.0,0.0
228.66235811617463,2.6870053667223797,7.478999999999997,0.0,0.0,0.0
228.67208389731738,2.683288930006242,7.478999999999997,0.0,0.0,0.0
228.6817953960799,2.6795530480014373,7.478999999999996,0.0,0.0,0.0
228.69149205172786,2.675796958154215,7.4789999999999965,0.0,0.0,0.0
228.70117332061957,2.6720199212188707,7.4789999999999965,0.0,0.0,0.0
228.71083867606478,2.6682212210628804,7.478999999999998,0.0,0.0,0.0
228.72048760818325,2.664400164472049,7.4789999999999965,0.0,0.0,0.0
228.73011962376302,2.6605560809559767,7.478999999999998,0.0,0.0,0.0
228.73973424611918,2.6566883225532054,7.478999999999998,0.0,0.0,0.0
228.74933101495216,2.652796263636569,7.478999999999997,0.0,0.0,0.0
228.75890948620662,2.6488793007183715,7.4789999999999965,0.0,0.0,0.0
228.76846923192932,2.644936852255904,7.478999999999998,0.0,0.0,0.0
228.77800984012796,2.6409683584566768,7.4789999999999965,0.0,0.0,0.0
228.7875309146296,2.6369732810836637,7.4789999999999965,0.0,0.0,0.0
228.7970320749388,2.6329511032608695,7.4789999999999965,0.0,0.0,0.0
228.80651295609633,2.6289013292785994,7.4789999999999965,0.0,0.0,0.0
228.81597320853732,2.62482348439875,7.4789999999999965,0.0,0.0,0.0
228.8254124979496,2.620717114660416,7.478999999999996,0.0,0.0,0.0
228.83483050513212,2.616581786685169,7.478999999999997,0.0,0.0,0.0
228.8442269258532,2.6124170874825627,7.4789999999999965,0.0,0.0,0.0
228.85360147070898,2.608222624255441,7.4789999999999965,0.0,0.0,0.0
228.8629538649813,2.6039980242056058,7.478999999999998,0.0,0.0,0.0
228.8722838484962,2.599742934339184,7.4789999999999965,0.0,0.0,0.0
228.88159117548238,2.5954570212720216,7.4789999999999965,0.0,0.0,0.0
228.89087561442884,2.591139971035388,7.478999999999998,0.0,0.0,0.0
228.9001369479433,2.586791488881395,7.4789999999999965,0.0,0.0,0.0
228.90937497261078,2.5824112990884225,7.478999999999998,0.0,0.0,0.0
228.918589498851,2.577999144766875,7.4789999999999965,0.0,0.0,0.0
228.92778035077703,2.5735547876645963,7.478999999999998,0.0,0.0,0.0
228.9369473660531,2.5690780079725224,7.4789999999999965,0.0,0.0,0.0
228.94609039575303,2.5645686041301277,7.4789999999999965,0.0,0.0,0.0
228.9552093042178,2.5600263926312308,7.478999999999998,0.0,0.0,0.0
228.96430396891395,2.55545120782951,7.478999999999997,0.0,0.0,0.0
228.97337428029152,2.5508429017440286,7.478999999999997,0.0,0.0,0.0
228.98242014164202,2.546201343865085,7.478999999999998,0.0,0.0,0.0
228.99144146895634,2.541526420959727,7.478999999999999,0.0,0.0,0.0
229.00043819078272,2.5368180368774924,7.478999999999998,0.0,0.0,0.0
229.00941024808495,2.5320761123559574,7.478999999999999,0.0,0.0,0.0
229.01835759409994,2.5273005848266323,7.478999999999998,0.0,0.0,0.0
229.02728019419573,2.5224914082205676,7.478999999999999,0.0,0.0,0.0
229.03617802572958,2.5176485527739763,7.478999999999999,0.0,0.0,0.0
229.04505107790564,2.512772004834168,7.478999999999997,0.0,0.0,0.0
229.05389935163268,2.5078617666651937,7.478999999999999,0.0,0.0,0.0
229.0627228593823,2.5029178562535055,7.478999999999999,0.0,0.0,0.0
229.0715216250464,2.4979403071139235,7.478999999999999,0.0,0.0,0.0
229.0802956837951,2.49292916809529,7.478999999999999,0.0,0.0,0.0
229.08904508193467,2.487884503186326,7.478999999999997,0.0,0.0,0.0
229.09776987676506,2.4828063913213065,7.478999999999999,0.0,0.0,0.0
229.10647013643788,2.477694926186074,7.479,0.0,0.0,0.0
229.11514593981377,2.472550216023773,7.478999999999998,0.0,0.0,0.0
229.1237973763207,2.467372383440584,7.478999999999998,0.0,0.0,0.0
229.13242454581118,2.462161565211778,7.478999999999999,0.0,0.0,0.0
229.14102755842015,2.4569179120874782,7.478999999999998,0.0,0.0,0.0
229.1496065344227,2.4516415885984273,7.478999999999998,0.0,0.0,0.0
229.15816160409165,2.446332772862078,7.478999999999999,0.0,0.0,0.0
229.16669290755527,2.440991656388346,7.479,0.0,0.0,0.0
229.17520059465485,2.4356184438855846,7.478999999999998,0.0,0.0,0.0
229.18368482480253,2.43021335306636,7.479000000000001,0.0,0.0,0.0
229.1921457668386,2.4247766144535796,7.478999999999999,0.0,0.0,0.0
229.20058359888947,2.419308471186318,7.479,0.0,0.0,0.0
229.20899850822497,2.413809178825664,7.478999999999999,0.0,0.0,0.0
229.21739069111612,2.4082790051608702,7.478999999999999,0.0,0.0,0.0
229.2257603526926,2.402718230015212,7.478999999999999,0.0,0.0,0.0
229.23410770680044,2.397127145051858,7.478999999999999,0.0,0.0,0.0
229.24243297585951,2.3915060535800454,7.478999999999999,0.0,0.0,0.0
229.25073639072102,2.385855270360937,7.478999999999999,0.0,0.0,0.0
229.25901819052518,2.3801751214136795,7.479,0.0,0.0,0.0
229.26727862255868,2.374465943821271,7.479,0.0,0.0,0.0
229.27551794211226,2.3687280855367767,7.479,0.0,0.0,0.0
229.283736412338,2.362961905189245,7.478999999999997,0.0,0.0,0.0
229.29193430410734,2.3571677718896313,7.479,0.0,0.0,0.0
229.3001118958681,2.3513460650370352,7.478999999999999,0.0,0.0,0.0
229.30826947350204,2.3454971741246404,7.479,0.0,0.0,0.0
229.31640733018278,2.339621498545662,7.478999999999999,0.0,0.0,0.0
229.32452576623282,2.333719447399602,7.478999999999999,0.0,0.0,0.0
229.33262508898105,2.327791439298181,7.478999999999998,0.0,0.0,0.0
229.34070561262064,2.3218379021714664,7.478999999999999,0.0,0.0,0.0
229.34876765806615,2.3158592730738223,7.479,0.0,0.0,0.0
229.35681155281117,2.309855997990186,7.479000000000001,0.0,0.0,0.0
229.36483763078553,2.3038285316420564,7.479,0.0,0.0,0.0
229.3728462322133,2.2977773372934887,7.479000000000001,0.0,0.0,0.0
229.3808377034696,2.291702886557394,7.479000000000001,0.0,0.0,0.0
229.3888123969386,2.2856056592015466,7.479,0.0,0.0,0.0
229.39677067087067,2.2794861429545907,7.479,0.0,0.0,0.0
229.40471288923993,2.27334483331236,7.479,0.0,0.0,0.0
229.41263942160182,2.2671822333438665,7.479000000000001,0.0,0.0,0.0
229.42055064295005,2.260998853497495,7.479,0.0,0.0,0.0
229.4284469335751,2.254795211406998,7.479000000000001,0.0,0.0,0.0
229.43632867892035,2.248571831697839,7.478999999999999,0.0,0.0,0.0
229.44419626944054,2.242329245793229,7.479,0.0,0.0,0.0
229.45205010045885,2.236067991720178,7.479,0.0,0.0,0.0
229.45989057202422,2.2297886139158445,7.478999999999999,0.0,0.0,0.0
229.4677180887691,2.223491663033557,7.478999999999999,0.0,0.0,0.0
229.47553305976655,2.217177695749044,7.479,0.0,0.0,0.0
229.48333589838808,2.210847274566464,7.479,0.0,0.0,0.0
229.4911270221608,2.2045009676247735,7.479,0.0,0.0,0.0
229.49890685262486,2.1981393485038008,7.479,0.0,0.0,0.0
229.50667581519127,2.191762996030325,7.479000000000002,0.0,0.0,0.0
229.5144343389988,2.1853724940844557,7.479,0.0,0.0,0.0
229.52218285677182,2.1789684314057163,7.478999999999999,0.0,0.0,0.0
229.52992180467768,2.172551401399133,7.479,0.0,0.0,0.0
229.53765162218414,2.166122001941632,7.479,0.0,0.0,0.0
229.54537275191686,2.1596808351880945,7.479000000000002,0.0,0.0,0.0
229.5530856395165,2.15322850737763,7.479000000000002,0.0,0.0,0.0
229.5607907334969,2.146765628639639,7.479000000000001,0.0,0.0,0.0
229.5684884851019,2.140292812800225,7.479000000000001,0.0,0.0,0.0
229.57617934816307,2.1338106771883028,7.479000000000001,0.0,0.0,0.0
229.58386377895712,2.127319842441709,7.479000000000001,0.0,0.0,0.0
229.59154223606342,2.120820932313618,7.479000000000002,0.0,0.0,0.0
229.5992151802213,2.114314573478668,7.479,0.0,0.0,0.0
229.60688307418786,2.1078013953390737,7.479000000000001,0.0,0.0,0.0
229.614546382595,2.1012820298310597,7.479000000000002,0.0,0.0,0.0
229.62220557180726,2.094757111230951,7.479000000000001,0.0,0.0,0.0
229.62986110977897,2.0882272759614726,7.479000000000001,0.0,0.0,0.0
229.63751346591215,2.081693162397852,7.479,0.0,0.0,0.0
229.6451631109136,2.075155410674263,7.479000000000001,0.0,0.0,0.0
229.65281051665244,2.0686146624899067,7.479,0.0,0.0,0.0
229.6604561560178,2.062071560915317,7.479000000000001,0.0,0.0,0.0
229.6681005027761,2.0555267501985934,7.479,0.0,0.0,0.0
229.6757440314288,2.048980875571653,7.479000000000001,0.0,0.0,0.0
229.6833872170694,2.0424345830564836,7.479000000000001,0.0,0.0,0.0
229.69103053524142,2.035888519271392,7.479,0.0,0.0,0.0
229.69867446179575,2.0293433312372664,7.479,0.0,0.0,0.0
229.7063194727479,2.0227996661838343,7.479000000000002,0.0,0.0,0.0
229.7139660441359,2.016258171355927,7.479,0.0,0.0,0.0
229.72161465187736,2.0097194938197407,7.479,0.0,0.0,0.0
229.72926577162744,2.0031842802691116,7.479,0.0,0.0,0.0
229.7369198786359,1.996653176831777,7.479,0.0,0.0,0.0
229.74457744760488,1.9901268288756582,7.479000000000002,0.0,0.0,0.0
229.7522389525464,1.9836058808151316,7.479000000000001,0.0,0.0,0.0
229.75990486663966,1.9770909759173094,7.479000000000001,0.0,0.0,0.0
229.7675756620888,1.9705827561083211,7.479000000000003,0.0,0.0,0.0
229.77525180998003,1.964081861779598,7.479000000000002,0.0,0.0,0.0
229.7829337801398,1.9575889315941601,7.479000000000003,0.0,0.0,0.0
229.79062204099148,1.9511046022929068,7.479000000000001,0.0,0.0,0.0
229.79831705941336,1.9446295085009098,7.479000000000002,0.0,0.0,0.0
229.80601930059638,1.9381642825337086,7.479000000000001,0.0,0.0,0.0
229.8137292279009,1.9317095542036067,7.479000000000001,0.0,0.0,0.0
229.82144730271492,1.9252659506259793,7.479000000000002,0.0,0.0,0.0
229.8291739843111,1.9188340960255692,7.479000000000002,0.0,0.0,0.0
229.83690972970476,1.9124146115427998,7.479000000000001,0.0,0.0,0.0
229.84465499351072,1.906008115040084,7.479000000000002,0.0,0.0,0.0
229.85241022780153,1.8996152209081327,7.479000000000003,0.0,0.0,0.0
229.8601758819644,1.8932365398722775,7.479000000000003,0.0,0.0,0.0
229.86795240255904,1.8868726787987835,7.479000000000001,0.0,0.0,0.0
229.87574023317495,1.880524240501175,7.479,0.0,0.0,0.0
229.8835398142892,1.8741918235465562,7.479000000000001,0.0,0.0,0.0
229.89135158312362,1.867876022061944,7.479000000000001,0.0,0.0,0.0
229.8991759735025,1.8615774255405926,7.479000000000001,0.0,0.0,0.0
229.90701341571008,1.8552966186483328,7.479000000000002,0.0,0.0,0.0
229.91486433634776,1.849034181029907,7.479,0.0,0.0,0.0
229.92272915819217,1.8427906871153066,7.479000000000001,0.0,0.0,0.0
229.9306083000521,1.8365667059261195,7.479000000000002,0.0,0.0,0.0
229.93850217662632,1.830362800881873,7.479000000000001,0.0,0.0,0.0
229.94641119836095,1.824179529606385,7.479000000000003,0.0,0.0,0.0
229.95433577130686,1.8180174437341157,7.479000000000002,0.0,0.0,0.0
229.9622762969774,1.8118770887165254,7.479000000000001,0.0,0.0,0.0
229.97023317220564,1.8057590036284306,7.479000000000001,0.0,0.0,0.0
229.978206789002,1.7996637209743698,7.479000000000001,0.0,0.0,0.0
229.9861975344117,1.793591766494967,7.479000000000001,0.0,0.0,0.0
229.99420579037212,1.7875436589733018,7.479,0.0,0.0,0.0
230.00223193357033,1.7815199100412809,7.479000000000001,0.0,0.0,0.0
230.01027633530072,1.7755210239860157,7.479000000000002,0.0,0.0,0.0
230.01833936132212,1.7695474975561998,7.479000000000001,0.0,0.0,0.0
230.02642137171566,1.7635998197684915,7.479000000000002,0.0,0.0,0.0
230.0345227207419,1.757678471713902,7.4790000000000045,0.0,0.0,0.0
230.0426437566983,1.751783926364183,7.479000000000003,0.0,0.0,0.0
230.050784821777,1.7459166483782187,7.479000000000002,0.0,0.0,0.0
230.0589462519218,1.7400770939084247,7.479000000000002,0.0,0.0,0.0
230.06712837668596,1.7342657104071464,7.479000000000003,0.0,0.0,0.0
