galstreams/tracks/track.po.PS1-D.bernard2016.ecsv
# %ECSV 0.9
# ---
# datatype:
# - {name: ra, unit: deg, datatype: float64}
# - {name: dec, unit: deg, datatype: float64}
# - {name: distance, unit: kpc, datatype: float64}
# - {name: pm_ra_cosdec, unit: mas / yr, datatype: float64}
# - {name: pm_dec, unit: mas / yr, datatype: float64}
# - {name: radial_velocity, unit: km / s, datatype: float64}
# delimiter: ','
# meta: !!omap
# - __serialized_columns__:
#     dec:
#       __class__: astropy.coordinates.angles.Latitude
#       unit: &id001 !astropy.units.Unit {unit: deg}
#       value: !astropy.table.SerializedColumn {name: dec}
#     distance:
#       __class__: astropy.coordinates.distances.Distance
#       unit: !astropy.units.Unit {unit: kpc}
#       value: !astropy.table.SerializedColumn {name: distance}
#     pm_dec:
#       __class__: astropy.units.quantity.Quantity
#       unit: !astropy.units.Unit {unit: mas / yr}
#       value: !astropy.table.SerializedColumn {name: pm_dec}
#     pm_ra_cosdec:
#       __class__: astropy.units.quantity.Quantity
#       unit: !astropy.units.Unit {unit: mas / yr}
#       value: !astropy.table.SerializedColumn {name: pm_ra_cosdec}
#     ra:
#       __class__: astropy.coordinates.angles.Longitude
#       unit: *id001
#       value: !astropy.table.SerializedColumn {name: ra}
#       wrap_angle: !astropy.coordinates.Angle
#         unit: *id001
#         value: 360.0
#     radial_velocity:
#       __class__: astropy.units.quantity.Quantity
#       unit: !astropy.units.Unit {unit: km / s}
#       value: !astropy.table.SerializedColumn {name: radial_velocity}
# schema: astropy-2.0
ra,dec,distance,pm_ra_cosdec,pm_dec,radial_velocity
[from data line 2832]
139.92998196084665,6.699899317601737,22.90000000000002,0.0,0.0,0.0
139.93041844654874,6.709892146815136,22.90000000000002,0.0,0.0,0.0
139.9308549501635,6.719884975642663,22.90000000000002,0.0,0.0,0.0
139.93129147171857,6.729877804083711,22.900000000000023,0.0,0.0,0.0
139.93172801124155,6.73987063213769,22.90000000000002,0.0,0.0,0.0
139.9321645687602,6.749863459804006,22.90000000000002,0.0,0.0,0.0
139.9326011443021,6.759856287082056,22.90000000000002,0.0,0.0,0.0
139.933037737895,6.769849113971253,22.90000000000002,0.0,0.0,0.0
139.93347434956655,6.779841940470991,22.90000000000002,0.0,0.0,0.0
139.93391097934443,6.789834766580678,22.90000000000002,0.0,0.0,0.0
139.93434762725633,6.79982759229972,22.90000000000002,0.0,0.0,0.0
139.93478429332998,6.809820417627515,22.90000000000002,0.0,0.0,0.0
139.93522097759305,6.81981324256347,22.90000000000002,0.0,0.0,0.0
139.93565768007323,6.829806067106988,22.900000000000023,0.0,0.0,0.0
139.93609440079825,6.839798891257473,22.90000000000002,0.0,0.0,0.0
139.93653113979582,6.849791715014327,22.90000000000002,0.0,0.0,0.0
139.93696789709367,6.859784538376949,22.900000000000023,0.0,0.0,0.0
139.93740467271945,6.869777361344745,22.90000000000002,0.0,0.0,0.0
139.93784146670103,6.879770183917121,22.90000000000002,0.0,0.0,0.0
139.938278279066,6.889763006093474,22.90000000000002,0.0,0.0,0.0
139.93871510984215,6.899755827873211,22.90000000000002,0.0,0.0,0.0
139.93915195905723,6.909748649255731,22.90000000000002,0.0,0.0,0.0
139.93958882673897,6.919741470240435,22.90000000000002,0.0,0.0,0.0
139.94002571291512,6.929734290826732,22.90000000000002,0.0,0.0,0.0
139.94046261761346,6.939727111014017,22.90000000000002,0.0,0.0,0.0
139.94089954086172,6.949719930801698,22.90000000000002,0.0,0.0,0.0
139.94133648268763,6.959712750189174,22.900000000000016,0.0,0.0,0.0
139.94177344311905,6.96970556917584,22.900000000000023,0.0,0.0,0.0
139.94221042218365,6.979698387761113,22.90000000000002,0.0,0.0,0.0
139.9426474199093,6.989691205944379,22.90000000000002,0.0,0.0,0.0
139.94308443632372,6.9996840237250515,22.90000000000002,0.0,0.0,0.0
139.9435214714547,7.009676841102524,22.90000000000002,0.0,0.0,0.0
139.94395852533006,7.019669658076198,22.900000000000023,0.0,0.0,0.0
139.94439559797755,7.029662474645484,22.90000000000002,0.0,0.0,0.0
139.94483268942503,7.0396552908097725,22.90000000000002,0.0,0.0,0.0
139.94526979970027,7.049648106568472,22.90000000000002,0.0,0.0,0.0
139.94570692883107,7.059640921920974,22.900000000000023,0.0,0.0,0.0
139.94614407684526,7.069633736866689,22.90000000000002,0.0,0.0,0.0
139.94658124377068,7.079626551405016,22.90000000000002,0.0,0.0,0.0
139.9470184296351,7.0896193655353485,22.90000000000002,0.0,0.0,0.0
139.94745563446642,7.099612179257092,22.90000000000002,0.0,0.0,0.0
139.94789285829242,7.109604992569651,22.90000000000002,0.0,0.0,0.0
139.9483301011409,7.119597805472421,22.90000000000002,0.0,0.0,0.0
139.94876736303982,7.129590617964801,22.90000000000002,0.0,0.0,0.0
139.9492046440169,7.139583430046196,22.900000000000016,0.0,0.0,0.0
139.9496419441001,7.149576241715998,22.90000000000002,0.0,0.0,0.0
139.9500792633172,7.159569052973616,22.90000000000002,0.0,0.0,0.0
139.9505166016961,7.169561863818442,22.900000000000016,0.0,0.0,0.0
139.95095395926467,7.179554674249882,22.900000000000023,0.0,0.0,0.0
139.95139133605073,7.189547484267333,22.900000000000023,0.0,0.0,0.0
139.95182873208225,7.199540293870193,22.900000000000023,0.0,0.0,0.0
139.952266147387,7.209533103057864,22.900000000000023,0.0,0.0,0.0
139.95270358199295,7.219525911829743,22.90000000000002,0.0,0.0,0.0
139.95314103592796,7.22951872018523,22.900000000000023,0.0,0.0,0.0
139.9535785092199,7.239511528123726,22.900000000000023,0.0,0.0,0.0
139.9540160018967,7.249504335644626,22.90000000000002,0.0,0.0,0.0
139.9544535139863,7.259497142747333,22.900000000000023,0.0,0.0,0.0
139.95489104551652,7.269489949431242,22.90000000000002,0.0,0.0,0.0
139.95532859651533,7.2794827556957555,22.900000000000023,0.0,0.0,0.0
139.95576616701064,7.289475561540269,22.90000000000002,0.0,0.0,0.0
139.9562037570304,7.299468366964178,22.900000000000023,0.0,0.0,0.0
139.9566413666025,7.309461171966892,22.900000000000027,0.0,0.0,0.0
139.95707899575487,7.319453976547797,22.90000000000002,0.0,0.0,0.0
139.9575166445155,7.3294467807063,22.900000000000027,0.0,0.0,0.0
139.95795431291228,7.339439584441789,22.90000000000003,0.0,0.0,0.0
139.95839200097316,7.349432387753671,22.900000000000027,0.0,0.0,0.0
139.95882970872617,7.3594251906413435,22.90000000000003,0.0,0.0,0.0
139.95926743619918,7.369417993104197,22.90000000000003,0.0,0.0,0.0
139.95970518342017,7.379410795141635,22.900000000000023,0.0,0.0,0.0
139.96014295041715,7.3894035967530565,22.900000000000027,0.0,0.0,0.0
139.96058073721804,7.399396397937853,22.900000000000027,0.0,0.0,0.0
139.96101854385086,7.409389198695427,22.900000000000023,0.0,0.0,0.0
139.9614563703436,7.4193819990251715,22.900000000000023,0.0,0.0,0.0
139.96189421672418,7.429374798926485,22.900000000000023,0.0,0.0,0.0
139.96233208302064,7.439367598398766,22.90000000000003,0.0,0.0,0.0
139.962769969261,7.449360397441411,22.90000000000002,0.0,0.0,0.0
139.96320787547322,7.459353196053816,22.900000000000027,0.0,0.0,0.0
139.96364580168532,7.469345994235375,22.90000000000003,0.0,0.0,0.0
139.96408374792534,7.4793387919854855,22.90000000000003,0.0,0.0,0.0
139.96452171422123,7.489331589303553,22.900000000000027,0.0,0.0,0.0
139.9649597006011,7.499324386188962,22.900000000000023,0.0,0.0,0.0
139.96539770709293,7.509317182641115,22.900000000000023,0.0,0.0,0.0
139.96583573372473,7.519309978659402,22.900000000000023,0.0,0.0,0.0
139.96627378052463,7.529302774243225,22.900000000000027,0.0,0.0,0.0
139.96671184752057,7.53929556939198,22.900000000000023,0.0,0.0,0.0
139.9671499347406,7.549288364105058,22.900000000000027,0.0,0.0,0.0
139.9675880422129,7.559281158381862,22.900000000000023,0.0,0.0,0.0
139.96802616996536,7.569273952221779,22.900000000000023,0.0,0.0,0.0
139.96846431802612,7.579266745624208,22.90000000000002,0.0,0.0,0.0
139.9689024864233,7.5892595385885455,22.900000000000027,0.0,0.0,0.0
139.9693406751849,7.599252331114187,22.900000000000023,0.0,0.0,0.0
139.969778884339,7.609245123200528,22.900000000000027,0.0,0.0,0.0
139.97021711391372,7.619237914846957,22.900000000000023,0.0,0.0,0.0
139.97065536393714,7.629230706052878,22.90000000000002,0.0,0.0,0.0
139.97109363443735,7.639223496817681,22.90000000000002,0.0,0.0,0.0
139.97153192544243,7.64921628714076,22.900000000000023,0.0,0.0,0.0
139.97197023698047,7.659209077021511,22.900000000000023,0.0,0.0,0.0
139.97240856907965,7.669201866459332,22.900000000000023,0.0,0.0,0.0
139.97284692176802,7.679194655453611,22.900000000000023,0.0,0.0,0.0
139.97328529507374,7.689187444003747,22.900000000000023,0.0,0.0,0.0
139.9737236890249,7.699180232109129,22.900000000000023,0.0,0.0,0.0
139.97416210364963,7.709173019769156,22.90000000000002,0.0,0.0,0.0
139.9746005389761,7.719165806983218,22.900000000000027,0.0,0.0,0.0
139.9750389950324,7.729158593750713,22.900000000000023,0.0,0.0,0.0
139.97547747184674,7.739151380071034,22.900000000000027,0.0,0.0,0.0
139.97591596944721,7.749144165943569,22.900000000000027,0.0,0.0,0.0
139.97635448786198,7.759136951367715,22.900000000000027,0.0,0.0,0.0
139.97679302711924,7.769129736342875,22.900000000000023,0.0,0.0,0.0
139.97723158724713,7.779122520868424,22.90000000000002,0.0,0.0,0.0
139.97767016827382,7.789115304943768,22.90000000000003,0.0,0.0,0.0
139.9781087702275,7.799108088568294,22.900000000000023,0.0,0.0,0.0
139.97854739313632,7.809100871741396,22.900000000000027,0.0,0.0,0.0
139.9789860370285,7.819093654462471,22.900000000000027,0.0,0.0,0.0
139.97942470193223,7.829086436730906,22.900000000000023,0.0,0.0,0.0
139.9798633878757,7.8390792185461,22.900000000000027,0.0,0.0,0.0
139.98030209488712,7.849071999907437,22.900000000000027,0.0,0.0,0.0
139.98074082299468,7.859064780814315,22.900000000000023,0.0,0.0,0.0
139.98117957222658,7.869057561266126,22.90000000000003,0.0,0.0,0.0
139.98161834261109,7.879050341262261,22.900000000000023,0.0,0.0,0.0
139.98205713417636,7.889043120802109,22.900000000000027,0.0,0.0,0.0
139.9824959469507,7.899035899885072,22.900000000000023,0.0,0.0,0.0
139.98293478096232,7.909028678510529,22.900000000000023,0.0,0.0,0.0
139.9833736362394,7.9190214566778785,22.900000000000027,0.0,0.0,0.0
139.9838125128103,7.929014234386511,22.900000000000027,0.0,0.0,0.0
139.98425141070314,7.939007011635817,22.90000000000002,0.0,0.0,0.0
139.98469032994623,7.948999788425191,22.900000000000023,0.0,0.0,0.0
139.98512927056788,7.958992564754019,22.900000000000023,0.0,0.0,0.0
139.98556823259628,7.968985340621697,22.900000000000023,0.0,0.0,0.0
139.98600721605973,7.978978116027611,22.900000000000023,0.0,0.0,0.0
139.98644622098652,7.988970890971153,22.900000000000027,0.0,0.0,0.0
139.98688524740496,7.998963665451721,22.900000000000027,0.0,0.0,0.0
139.98732429534329,8.008956439468696,22.90000000000003,0.0,0.0,0.0
139.9877633648298,8.018949213021477,22.900000000000023,0.0,0.0,0.0
139.98820245589278,8.02894198610944,22.90000000000003,0.0,0.0,0.0
139.98864156856058,8.038934758731996,22.900000000000023,0.0,0.0,0.0
139.9890807028615,8.04892753088852,22.900000000000027,0.0,0.0,0.0
139.98951985882377,8.058920302578406,22.90000000000002,0.0,0.0,0.0
139.98995903647585,8.068913073801045,22.900000000000027,0.0,0.0,0.0
139.990398235846,8.078905844555822,22.900000000000027,0.0,0.0,0.0
139.9908374569625,8.08889861484213,22.900000000000034,0.0,0.0,0.0
139.99127669985376,8.098891384659366,22.900000000000027,0.0,0.0,0.0
139.99171596454806,8.108884154006907,22.90000000000003,0.0,0.0,0.0
139.99215525107385,8.11887692288415,22.900000000000027,0.0,0.0,0.0
139.99259455945935,8.128869691290479,22.900000000000027,0.0,0.0,0.0
139.993033889733,8.138862459225287,22.90000000000003,0.0,0.0,0.0
139.99347324192317,8.148855226687962,22.90000000000003,0.0,0.0,0.0
139.9939126160582,8.158847993677895,22.90000000000003,0.0,0.0,0.0
139.99435201216644,8.168840760194469,22.90000000000003,0.0,0.0,0.0
139.99479143027634,8.17883352623708,22.90000000000003,0.0,0.0,0.0
139.9952308704162,8.188826291805109,22.90000000000003,0.0,0.0,0.0
139.99567033261448,8.198819056897952,22.90000000000003,0.0,0.0,0.0
139.99610981689958,8.20881182151499,22.900000000000027,0.0,0.0,0.0
139.99654932329983,8.218804585655613,22.900000000000027,0.0,0.0,0.0
139.9969888518437,8.228797349319217,22.900000000000027,0.0,0.0,0.0
139.9974284025596,8.238790112505177,22.900000000000027,0.0,0.0,0.0
139.9978679754759,8.248782875212889,22.90000000000003,0.0,0.0,0.0
139.9983075706211,8.258775637441737,22.900000000000027,0.0,0.0,0.0
139.9987471880236,8.268768399191112,22.900000000000027,0.0,0.0,0.0
139.9991868277118,8.2787611604604,22.900000000000027,0.0,0.0,0.0
139.99962648971416,8.288753921248984,22.90000000000003,0.0,0.0,0.0
140.00006617405916,8.298746681556262,22.90000000000003,0.0,0.0,0.0
140.00050588077522,8.308739441381611,22.900000000000023,0.0,0.0,0.0
140.00094560989078,8.318732200724417,22.900000000000027,0.0,0.0,0.0
140.00138536143436,8.328724959584076,22.900000000000027,0.0,0.0,0.0
140.0018251354344,8.338717717959966,22.900000000000027,0.0,0.0,0.0
140.00226493191934,8.348710475851481,22.900000000000027,0.0,0.0,0.0
140.0027047509177,8.358703233257998,22.90000000000003,0.0,0.0,0.0
140.003144592458,8.368695990178912,22.90000000000003,0.0,0.0,0.0
140.00358445656866,8.378688746613609,22.90000000000003,0.0,0.0,0.0
140.00402434327822,8.388681502561468,22.900000000000023,0.0,0.0,0.0
140.00446425261515,8.398674258021881,22.900000000000023,0.0,0.0,0.0
140.004904184608,8.40866701299423,22.90000000000003,0.0,0.0,0.0
140.00534413928526,8.418659767477903,22.900000000000023,0.0,0.0,0.0
140.00578411667547,8.428652521472285,22.900000000000027,0.0,0.0,0.0
140.00622411680712,8.43864527497676,22.900000000000027,0.0,0.0,0.0
140.00666413970876,8.448638027990716,22.900000000000027,0.0,0.0,0.0
140.00710418540896,8.45863078051354,22.90000000000003,0.0,0.0,0.0
140.0075442539362,8.46862353254461,22.90000000000003,0.0,0.0,0.0
140.0079843453191,8.478616284083321,22.900000000000027,0.0,0.0,0.0
140.00842445958617,8.488609035129047,22.900000000000027,0.0,0.0,0.0
140.00886459676593,8.498601785681176,22.90000000000003,0.0,0.0,0.0
140.00930475688705,8.5085945357391,22.900000000000027,0.0,0.0,0.0
140.00974493997802,8.518587285302194,22.900000000000027,0.0,0.0,0.0
140.01018514606744,8.528580034369849,22.90000000000003,0.0,0.0,0.0
140.0106253751839,8.538572782941447,22.900000000000023,0.0,0.0,0.0
140.011065627356,8.548565531016365,22.900000000000027,0.0,0.0,0.0
140.01150590261233,8.558558278593999,22.90000000000003,0.0,0.0,0.0
140.01194620098147,8.568551025673726,22.90000000000003,0.0,0.0,0.0
140.01238652249202,8.578543772254932,22.900000000000027,0.0,0.0,0.0
140.01282686717263,8.588536518336998,22.900000000000027,0.0,0.0,0.0
140.0132672350519,8.598529263919307,22.90000000000003,0.0,0.0,0.0
140.01370762615844,8.60852200900125,22.90000000000003,0.0,0.0,0.0
140.01414804052092,8.618514753582202,22.900000000000027,0.0,0.0,0.0
140.01458847816792,8.628507497661548,22.900000000000027,0.0,0.0,0.0
140.01502893912814,8.638500241238669,22.90000000000003,0.0,0.0,0.0
140.01546942343015,8.648492984312954,22.900000000000027,0.0,0.0,0.0
140.0159099311027,8.658485726883782,22.90000000000003,0.0,0.0,0.0
140.0163504621744,8.668478468950534,22.900000000000027,0.0,0.0,0.0
140.0167910166739,8.6784712105126,22.900000000000027,0.0,0.0,0.0
140.01723159462986,8.688463951569348,22.900000000000027,0.0,0.0,0.0
140.017672196071,8.698456692120171,22.90000000000003,0.0,0.0,0.0
140.01811282102602,8.708449432164453,22.90000000000003,0.0,0.0,0.0
140.01855346952357,8.718442171701568,22.900000000000027,0.0,0.0,0.0
140.01899414159232,8.728434910730902,22.90000000000003,0.0,0.0,0.0
140.019434837261,8.73842764925184,22.900000000000023,0.0,0.0,0.0
140.0198755565584,8.748420387263758,22.90000000000003,0.0,0.0,0.0
140.02031629951307,8.758413124766038,22.900000000000034,0.0,0.0,0.0
140.0207570661538,8.768405861758065,22.900000000000034,0.0,0.0,0.0
140.02119785650936,8.778398598239214,22.90000000000003,0.0,0.0,0.0
140.02163867060844,8.788391334208875,22.90000000000003,0.0,0.0,0.0
140.02207950847975,8.79838406966642,22.90000000000003,0.0,0.0,0.0
140.0225203701521,8.808376804611235,22.90000000000003,0.0,0.0,0.0
140.02296125565417,8.818369539042699,22.90000000000003,0.0,0.0,0.0
140.02340216501477,8.828362272960192,22.900000000000027,0.0,0.0,0.0
140.02384309826263,8.838355006363095,22.900000000000027,0.0,0.0,0.0
140.0242840554265,8.848347739250789,22.90000000000003,0.0,0.0,0.0
140.0247250365352,8.85834047162265,22.90000000000003,0.0,0.0,0.0
140.02516604161747,8.86833320347807,22.90000000000003,0.0,0.0,0.0
140.0256070707021,8.878325934816415,22.900000000000034,0.0,0.0,0.0
140.0260481238179,8.88831866563707,22.900000000000034,0.0,0.0,0.0
140.02648920099367,8.898311395939418,22.90000000000003,0.0,0.0,0.0
140.02693030225817,8.908304125722834,22.90000000000003,0.0,0.0,0.0
140.02737142764025,8.9182968549867,22.90000000000003,0.0,0.0,0.0
140.02781257716867,8.928289583730386,22.90000000000003,0.0,0.0,0.0
140.02825375087232,8.93828231195329,22.90000000000003,0.0,0.0,0.0
140.02869494878001,8.948275039654776,22.90000000000003,0.0,0.0,0.0
140.02913617092057,8.958267766834227,22.90000000000003,0.0,0.0,0.0
140.02957741732283,8.968260493491016,22.900000000000038,0.0,0.0,0.0
140.0300186880156,8.978253219624536,22.90000000000003,0.0,0.0,0.0
140.03045998302778,8.988245945234153,22.90000000000003,0.0,0.0,0.0
140.03090130238823,8.998238670319246,22.900000000000034,0.0,0.0,0.0
140.0313426461258,9.008231394879198,22.900000000000034,0.0,0.0,0.0
140.03178401426933,9.018224118913388,22.900000000000034,0.0,0.0,0.0
140.03222540684777,9.028216842421187,22.900000000000034,0.0,0.0,0.0
140.0326668238899,9.038209565401981,22.90000000000003,0.0,0.0,0.0
140.03310826542472,9.04820228785514,22.900000000000038,0.0,0.0,0.0
140.03354973148103,9.058195009780047,22.90000000000003,0.0,0.0,0.0
140.0339912220878,9.068187731176076,22.90000000000003,0.0,0.0,0.0
