galstreams/tracks/track.st.ACS.ramos2021.ecsv
# %ECSV 0.9
# ---
# datatype:
# - {name: ra, unit: deg, datatype: float64}
# - {name: dec, unit: deg, datatype: float64}
# - {name: distance, unit: kpc, datatype: float64}
# - {name: pm_ra_cosdec, unit: mas / yr, datatype: float64}
# - {name: pm_dec, unit: mas / yr, datatype: float64}
# - {name: radial_velocity, unit: km / s, datatype: float64}
# delimiter: ','
# meta: !!omap
# - __serialized_columns__:
#     dec:
#       __class__: astropy.coordinates.angles.Latitude
#       unit: &id001 !astropy.units.Unit {unit: deg}
#       value: !astropy.table.SerializedColumn {name: dec}
#     distance:
#       __class__: astropy.coordinates.distances.Distance
#       unit: !astropy.units.Unit {unit: kpc}
#       value: !astropy.table.SerializedColumn {name: distance}
#     pm_dec:
#       __class__: astropy.units.quantity.Quantity
#       unit: !astropy.units.Unit {unit: mas / yr}
#       value: !astropy.table.SerializedColumn {name: pm_dec}
#     pm_ra_cosdec:
#       __class__: astropy.units.quantity.Quantity
#       unit: !astropy.units.Unit {unit: mas / yr}
#       value: !astropy.table.SerializedColumn {name: pm_ra_cosdec}
#     ra:
#       __class__: astropy.coordinates.angles.Longitude
#       unit: *id001
#       value: !astropy.table.SerializedColumn {name: ra}
#       wrap_angle: !astropy.coordinates.Angle
#         unit: *id001
#         value: 360.0
#     radial_velocity:
#       __class__: astropy.units.quantity.Quantity
#       unit: !astropy.units.Unit {unit: km / s}
#       value: !astropy.table.SerializedColumn {name: radial_velocity}
# schema: astropy-2.0
ra,dec,distance,pm_ra_cosdec,pm_dec,radial_velocity
[from data line 823]
135.93090133727156,72.84452999111053,11.699999999999926,0.6837122779847772,-0.33537717389620764,0.0
135.9213957481849,72.83492453455032,11.699999999999926,0.683635827375006,-0.335703458606351,1.0525958912340423e-15
135.91190635234264,72.82531818958586,11.699999999999926,0.6835586792311801,-0.33603000446601655,0.0
135.90243311635732,72.81571095836068,11.699999999999926,0.6834808340920883,-0.33635680036631166,2.1051917824680845e-15
135.89297600691302,72.80610284301261,11.699999999999925,0.68340229247207,-0.33668383522505974,-2.1051917824680845e-15
135.88353499076507,72.79649384567371,11.699999999999926,0.6833230548610112,-0.3370110979872,-4.210383564936169e-15
135.8741100347402,72.78688396847035,11.699999999999928,0.6832431217244879,-0.3373385776251918,-2.1051917824680845e-15
135.86470110573597,72.7772732135233,11.69999999999993,0.6831624935039043,-0.33766626313931314,0.0
135.85530817072086,72.7676615829476,11.699999999999928,0.6830811706165589,-0.3379941435580377,-3.1577876737021266e-15
135.84593119673414,72.75804907885268,11.699999999999926,0.6829991534557778,-0.33832220793844986,4.210383564936169e-15
135.83657015088548,72.74843570334241,11.699999999999926,0.6829164423910152,-0.33865044536650496,4.210383564936169e-15
135.82722500035484,72.73882145851486,11.699999999999928,0.6828330377679767,-0.338978844957467,-2.1051917824680845e-15
135.8178957123926,72.72920634646276,11.699999999999928,0.6827489399087334,-0.33930739585622044,-4.210383564936169e-15
135.80858225431902,72.7195903692731,11.699999999999928,0.6826641491118605,-0.3396360872375904,0.0
135.79928459352425,72.70997352902744,11.69999999999993,0.6825786656524699,-0.33996490830672876,4.210383564936169e-15
135.79000269746808,72.70035582780173,11.69999999999993,0.6824924897824445,-0.34029384829941545,-6.315575347404253e-15
135.78073653367997,72.69073726766642,11.699999999999928,0.6824056217304965,-0.3406228964824278,-5.2629794561702115e-15
135.77148606975862,72.68111785068648,11.699999999999928,0.6823180617022923,-0.34095204215385805,-3.1577876737021266e-15
135.76225127337202,72.67149757892138,11.69999999999993,0.6822298098805755,-0.34128127464342267,2.1051917824680845e-15
135.75303211225713,72.6618764544252,11.699999999999928,0.6821408664253,-0.3416105833128292,-4.210383564936169e-15
135.74382855421987,72.65225447924644,11.699999999999928,0.6820512314737884,-0.3419399575560408,0.0
135.73464056713485,72.6426316554283,11.699999999999932,0.6819609051407511,-0.34226938679966584,1.0525958912340423e-15
135.72546811894514,72.6330079850085,11.699999999999928,0.6818698875185794,-0.3425988605032188,-4.210383564936169e-15
135.71631117766236,72.62338347001939,11.699999999999928,0.681778178677331,-0.3429283681594691,1.0525958912340423e-15
135.7071697113663,72.61375811248794,11.69999999999993,0.6816857786649169,-0.3432578992947247,-2.1051917824680845e-15
135.69804368820485,72.60413191443581,11.699999999999928,0.6815926875072623,-0.3435874434691489,0.0
135.68893307639365,72.59450487787919,11.699999999999928,0.68149890520837,-0.34391699027707046,0.0
135.6798378442163,72.58487700482904,11.69999999999993,0.6814044317505147,-0.3442465293472829,-3.1577876737021266e-15
135.6707579600239,72.575248297291,11.699999999999928,0.681309267094386,-0.34457605034333866,-3.1577876737021266e-15
135.66169339223504,72.56561875726541,11.69999999999993,0.6812134111791505,-0.3449055429638443,-2.1051917824680845e-15
135.65264410933548,72.55598838674736,11.699999999999932,0.6811168639226705,-0.34523499694274024,0.0
135.6436100798782,72.54635718772664,11.699999999999932,0.6810196252216048,-0.3455644020496248,-1.0525958912340423e-15
135.63459127248305,72.53672516218784,11.699999999999932,0.6809216949515472,-0.345893748089999,-2.1051917824680845e-15
135.62558765583677,72.52709231211028,11.699999999999932,0.680823072967198,-0.3462230249055613,-1.0525958912340423e-15
135.61659919869268,72.51745863946809,11.699999999999932,0.6807237591024571,-0.3465522223745076,0.0
135.6076258698706,72.50782414623022,11.69999999999993,0.6806237531706099,-0.34688133041178454,2.1051917824680845e-15
135.59866763825667,72.49818883436045,11.699999999999932,0.6805230549644681,-0.34721033896937814,-2.1051917824680845e-15
135.58972447280323,72.48855270581736,11.69999999999993,0.6804216642564819,-0.3475392380365432,-1.0525958912340423e-15
135.5807963425286,72.4789157625544,11.699999999999932,0.6803195807989111,-0.3478680176401462,-1.0525958912340423e-15
135.571883216517,72.46927800651994,11.699999999999932,0.6802168043240094,-0.3481966678448682,-3.1577876737021266e-15
135.56298506391835,72.45963943965717,11.699999999999928,0.6801133345440997,-0.3485251787534742,4.210383564936169e-15
135.55410185394803,72.45000006390424,11.69999999999993,0.6800091711517551,-0.34885354050707706,-1.0525958912340423e-15
135.54523355588697,72.44035988119418,11.699999999999932,0.6799043138199838,-0.3491817432854259,-2.1051917824680845e-15
135.53638013908125,72.43071889345504,11.699999999999934,0.6797987622023244,-0.3495097773070954,-1.0525958912340423e-15
135.52754157294203,72.42107710260964,11.699999999999928,0.6796925159330284,-0.34983763282979097,-2.1051917824680845e-15
135.5187178269454,72.41143451057596,11.699999999999932,0.6795855746272315,-0.35016530015055586,-4.210383564936169e-15
135.5099088706323,72.40179111926686,11.699999999999934,0.6794779378810768,-0.35049276960603815,-4.210383564936169e-15
135.50111467360824,72.39214693059026,11.699999999999932,0.6793696052718622,-0.35082003157272523,4.210383564936169e-15
135.49233520554324,72.38250194644904,11.699999999999932,0.6792605763582291,-0.35114707646717713,1.0525958912340423e-15
135.48357043617156,72.37285616874115,11.699999999999934,0.6791508506803021,-0.3514738947462499,-1.0525958912340423e-15
135.47482033529178,72.36320959935956,11.699999999999934,0.6790404277598557,-0.35180047690735405,1.0525958912340423e-15
135.46608487276637,72.35356224019236,11.699999999999932,0.6789293071004555,-0.3521268134886546,-3.1577876737021266e-15
135.4573640185218,72.34391409312265,11.699999999999934,0.6788174881876408,-0.35245289506933375,-2.1051917824680845e-15
135.44865774254805,72.33426516002864,11.699999999999934,0.678704970489066,-0.35277871226976626,-1.0525958912340423e-15
135.4399660148989,72.32461544278367,11.699999999999935,0.6785917534546636,-0.3531042557517598,0.0
135.43128880569142,72.31496494325617,11.699999999999932,0.6784778365168147,-0.3534295162187923,2.1051917824680845e-15
135.42262608510597,72.30531366330978,11.699999999999932,0.6783632190905103,-0.3537544844162039,-2.1051917824680845e-15
135.4139778233861,72.29566160480321,11.699999999999932,0.678247900573526,-0.35407915113139415,0.0
135.40534399083822,72.28600876959044,11.699999999999932,0.6781318803465274,-0.3544035071940674,-3.1577876737021266e-15
135.39672455783165,72.27635515952048,11.699999999999934,0.678015157773333,-0.35472754347640967,0.0
135.38811949479833,72.26670077643766,11.699999999999934,0.677897732200981,-0.355051250893298,-2.1051917824680845e-15
135.3795287722328,72.25704562218152,11.699999999999937,0.6777796029599814,-0.3553746204024969,1.0525958912340423e-15
135.37095236069186,72.2473896985868,11.699999999999932,0.6776607693644144,-0.35569764300487994,2.1051917824680845e-15
135.36239023079466,72.23773300748351,11.699999999999934,0.677541230712119,-0.35602030974456006,-2.1051917824680845e-15
135.35384235322246,72.2280755506969,11.699999999999932,0.6774209862848958,-0.3563426117091736,0.0
135.34530869871833,72.21841733004747,11.699999999999932,0.6773000353486454,-0.3566645400299936,3.1577876737021266e-15
135.3367892380872,72.20875834735108,11.699999999999935,0.6771783771534794,-0.3569860858821199,1.0525958912340423e-15
135.3282839421957,72.19909860441884,11.699999999999937,0.6770560109340531,-0.35730724048470713,-2.1051917824680845e-15
135.3197927819719,72.18943810305717,11.699999999999932,0.6769329359095425,-0.3576279951011267,2.1051917824680845e-15
135.31131572840525,72.17977684506788,11.699999999999934,0.676809151283951,-0.3579483410390975,-3.1577876737021266e-15
135.30285275254644,72.17011483224807,11.699999999999934,0.676684656246241,-0.3582682696509397,1.0525958912340423e-15
135.29440382550715,72.16045206639028,11.699999999999932,0.6765594499704874,-0.35858777233366945,-7.368171238638296e-15
135.28596891846013,72.1507885492823,11.699999999999935,0.6764335316160425,-0.3589068405292238,0.0
135.27754800263872,72.14112428270742,11.699999999999935,0.6763069003277791,-0.35922546572459657,-1.0525958912340423e-15
135.26914104933707,72.13145926844433,11.699999999999934,0.6761795552361893,-0.3595436394520123,-5.2629794561702115e-15
135.2607480299098,72.12179350826712,11.699999999999934,0.6760514954575881,-0.35986135328908775,-2.1051917824680845e-15
135.25236891577177,72.11212700394525,11.699999999999937,0.675922720094284,-0.36017859885897385,-1.0525958912340423e-15
135.24400367839823,72.10245975724378,11.699999999999937,0.675793228234758,-0.3604953678305366,-1.0525958912340423e-15
135.23565228932432,72.09279176992305,11.699999999999935,0.6756630189538693,-0.36081165191849146,0.0
135.22731472014522,72.08312304373902,11.699999999999934,0.6755320913129448,-0.3611274428835438,-3.1577876737021266e-15
135.21899094251586,72.07345358044306,11.699999999999937,0.6754004443600441,-0.3614427325325804,-2.1051917824680845e-15
135.21068092815088,72.0637833817821,11.699999999999935,0.6752680771301078,-0.3617575127187454,2.1051917824680845e-15
135.20238464882434,72.05411244949858,11.699999999999937,0.6751349886451091,-0.36207177534164864,-3.1577876737021266e-15
135.19410207636966,72.04444078533044,11.699999999999937,0.6750011779142722,-0.36238551234746064,-5.2629794561702115e-15
135.18583318267966,72.0347683910112,11.699999999999937,0.6748666439342266,-0.36269871572906615,-3.1577876737021266e-15
135.17757793970605,72.02509526826991,11.699999999999937,0.6747313856891842,-0.36301137752619206,4.210383564936169e-15
135.16933631945955,72.01542141883124,11.699999999999935,0.6745954021511387,-0.36332348982555346,1.0525958912340423e-15
135.16110829400972,72.00574684441543,11.699999999999937,0.674458692280009,-0.36363504476094416,1.0525958912340423e-15
135.1528938354848,71.99607154673829,11.699999999999937,0.674321255023869,-0.3639460345134145,-1.0525958912340423e-15
135.1446929160715,71.98639552751129,11.699999999999935,0.674183089319075,-0.36425645131137374,1.0525958912340423e-15
135.136505508015,71.97671878844153,11.699999999999935,0.67404419409048,-0.36456628743066277,1.0525958912340423e-15
135.12833158361863,71.9670413312317,11.699999999999937,0.6739045682516135,-0.36487553519476135,-3.1577876737021266e-15
135.1201711152441,71.95736315758028,11.699999999999935,0.673764210704831,-0.365184186974838,-3.1577876737021266e-15
135.1120240753107,71.94768426918118,11.699999999999939,0.673623120341542,-0.36549223518987106,-1.0525958912340423e-15
135.10389043629593,71.93800466772423,11.699999999999939,0.6734812960423526,-0.3657996723067924,-4.210383564936169e-15
135.0957701707348,71.92832435489483,11.699999999999937,0.6733387366772672,-0.36610649084057356,-3.1577876737021266e-15
135.08766325122002,71.91864333237417,11.699999999999939,0.6731954411058765,-0.36641268335430255,-1.0525958912340423e-15
135.07956965040162,71.9089616018391,11.699999999999937,0.6730514081774925,-0.36671824245934465,-5.2629794561702115e-15
135.07148934098706,71.89927916496222,11.699999999999937,0.6729066367314033,-0.36702316081540143,0.0
135.06342229574088,71.88959602341191,11.699999999999937,0.6727611255970082,-0.3673274311306165,-2.1051917824680845e-15
135.05536848748466,71.8799121788523,11.699999999999937,0.6726148735939983,-0.36763104616168707,-6.315575347404253e-15
135.047327889097,71.87022763294328,11.699999999999937,0.6724678795325661,-0.36793399871393867,2.1051917824680845e-15
135.0393004735131,71.86054238734054,11.699999999999939,0.6723201422135868,-0.3682362816414249,0.0
135.03128621372488,71.8508564436956,11.699999999999937,0.672171660428742,-0.3685378878470078,-7.368171238638296e-15
135.02328508278086,71.84116980365575,11.699999999999937,0.6720224329608085,-0.3688388102824417,-2.1051917824680845e-15
135.01529705378576,71.83148246886415,11.699999999999939,0.6718724585837499,-0.3691390419484931,-1.0525958912340423e-15
135.00732209990062,71.82179444095976,11.699999999999937,0.6717217360629375,-0.36943857589494994,2.1051917824680845e-15
134.99936019434253,71.81210572157745,11.699999999999937,0.6715702641553478,-0.36973740522077875,-4.210383564936169e-15
134.99141131038468,71.80241631234792,11.699999999999937,0.6714180416097008,-0.3700355230741431,-1.0525958912340423e-15
134.98347542135602,71.79272621489774,11.699999999999939,0.6712650671667139,-0.37033292265250334,-2.1051917824680845e-15
134.97555250064121,71.78303543084945,11.699999999999937,0.6711113395591959,-0.370629597202682,3.1577876737021266e-15
134.96764252168046,71.77334396182137,11.699999999999939,0.6709568575123271,-0.3709255400209328,-1.0525958912340423e-15
134.95974545796943,71.7636518094278,11.69999999999994,0.670801619743761,-0.37122074445301184,-1.0525958912340423e-15
134.95186128305926,71.75395897527902,11.699999999999939,0.670645624963865,-0.3715152038942381,1.0525958912340423e-15
134.94398997055603,71.7442654609812,11.699999999999939,0.6704888718758831,-0.37180891178954206,-1.0525958912340423e-15
134.93613149412107,71.73457126813648,11.69999999999994,0.6703313591761031,-0.3721018616335672,-4.210383564936169e-15
134.92828582747063,71.72487639834297,11.699999999999939,0.670173085554085,-0.37239404697065054,1.0525958912340423e-15
134.9204529443756,71.71518085319478,11.699999999999937,0.6700140496927951,-0.3726854613949804,-4.210383564936169e-15
134.91263281866176,71.70548463428196,11.699999999999937,0.6698542502688327,-0.37297609855056657,-4.210383564936169e-15
134.90482542420926,71.69578774319062,11.699999999999939,0.6696936859525826,-0.3732659521313042,-3.1577876737021266e-15
134.89703073495278,71.68609018150288,11.69999999999994,0.6695323554084263,-0.37355501588107093,-3.1577876737021266e-15
134.8892487248812,71.67639195079684,11.69999999999994,0.6693702572949086,-0.37384328359371527,2.1051917824680845e-15
134.88147936803767,71.66669305264674,11.69999999999994,0.6692073902649308,-0.37413074911312677,-3.1577876737021266e-15
134.8737226385193,71.65699348862277,11.69999999999994,0.6690437529659075,-0.3744174063332821,0.0
134.86597851047708,71.64729326029126,11.699999999999937,0.6688793440400086,-0.3747032491982672,-5.2629794561702115e-15
134.8582469581159,71.63759236921462,11.69999999999994,0.6687141621242922,-0.37498827170233384,1.0525958912340423e-15
134.85052795569422,71.62789081695135,11.69999999999994,0.6685482058508971,-0.3752724678899134,-5.2629794561702115e-15
134.842821477524,71.61818860505593,11.699999999999937,0.6683814738472438,-0.3755558318556721,-1.0525958912340423e-15
134.83512749797066,71.60848573507913,11.69999999999994,0.6682139647362142,-0.37583835774452146,-5.2629794561702115e-15
134.82744599145292,71.59878220856774,11.699999999999939,0.6680456771363196,-0.3761200397516584,-4.210383564936169e-15
134.8197769324426,71.58907802706477,11.69999999999994,0.6678766096619128,-0.376400872122585,-5.2629794561702115e-15
134.8121202954646,71.57937319210932,11.69999999999994,0.6677067609233299,-0.3766808491531519,-2.1051917824680845e-15
134.8044760550967,71.56966770523667,11.699999999999942,0.6675361295271208,-0.3769599651895405,-6.315575347404253e-15
134.79684418596946,71.55996156797826,11.699999999999944,0.667364714076184,-0.3772382146283291,-5.2629794561702115e-15
134.7892246627661,71.55025478186177,11.69999999999994,0.6671925131700065,-0.377515591916481,-1.0525958912340423e-15
134.78161746022238,71.54054734841102,11.69999999999994,0.6670195254047888,-0.3777920915513591,-4.210383564936169e-15
134.77402255312643,71.53083926914609,11.699999999999944,0.6668457493736659,-0.37806770808075574,-3.1577876737021266e-15
