galstreams/tracks/track.st.NGC288.ibata2021.ecsv
# %ECSV 0.9
# ---
# datatype:
# - {name: ra, unit: deg, datatype: float64}
# - {name: dec, unit: deg, datatype: float64}
# - {name: distance, unit: kpc, datatype: float64}
# - {name: pm_ra_cosdec, unit: mas / yr, datatype: float64}
# - {name: pm_dec, unit: mas / yr, datatype: float64}
# - {name: radial_velocity, unit: km / s, datatype: float64}
# delimiter: ','
# meta: !!omap
# - __serialized_columns__:
#     dec:
#       __class__: astropy.coordinates.angles.Latitude
#       unit: &id001 !astropy.units.Unit {unit: deg}
#       value: !astropy.table.SerializedColumn {name: dec}
#     distance:
#       __class__: astropy.coordinates.distances.Distance
#       unit: !astropy.units.Unit {unit: kpc}
#       value: !astropy.table.SerializedColumn {name: distance}
#     pm_dec:
#       __class__: astropy.units.quantity.Quantity
#       unit: !astropy.units.Unit {unit: mas / yr}
#       value: !astropy.table.SerializedColumn {name: pm_dec}
#     pm_ra_cosdec:
#       __class__: astropy.units.quantity.Quantity
#       unit: !astropy.units.Unit {unit: mas / yr}
#       value: !astropy.table.SerializedColumn {name: pm_ra_cosdec}
#     ra:
#       __class__: astropy.coordinates.angles.Longitude
#       unit: *id001
#       value: !astropy.table.SerializedColumn {name: ra}
#       wrap_angle: !astropy.coordinates.Angle
#         unit: *id001
#         value: 360.0
#     radial_velocity:
#       __class__: astropy.units.quantity.Quantity
#       unit: !astropy.units.Unit {unit: km / s}
#       value: !astropy.table.SerializedColumn {name: radial_velocity}
# schema: astropy-2.0
ra,dec,distance,pm_ra_cosdec,pm_dec,radial_velocity
[from data line 137]
7.30163397953299,-20.678869116781158,11.330173688761436,4.10436759776163,-5.2622151249457385,-1.347322740779574e-13
7.311008284474654,-20.684656622808937,11.32911825929484,4.103749721412105,-5.262010109340936,-1.6841534259744677e-13
7.320373160173009,-20.690450959968057,11.328064596302099,4.103135014036206,-5.261808904554813,-1.347322740779574e-13
7.329728623614055,-20.696252117569987,11.327012696835155,4.102523470148014,-5.261611502181923,-1.347322740779574e-13
7.339074691781697,-20.702060084922508,11.325962557945957,4.101915084259344,-5.261417893818754,-1.347322740779574e-13
7.348411381657751,-20.707874851329695,11.324914176686454,4.101309850879734,-5.261228071063732,-1.515738083377021e-13
7.357738710221952,-20.71369640609191,11.323867550108586,4.1007077645164625,-5.261042025517208,-1.1789073981821273e-13
7.3670566944519615,-20.719524738505807,11.322822675264309,4.100108819674557,-5.260859748781458,-1.6841534259744677e-13
7.3763653513233916,-20.72535983786438,11.321779549205559,4.09951301085679,-5.2606812324606755,-1.0104920555846805e-13
7.385664697809777,-20.73120169345688,11.32073816898429,4.098920332563697,-5.26050646816097,-8.420767129872338e-14
7.39495475088263,-20.737050294568895,11.319698531652447,4.098330779293575,-5.26033544749036,-1.1789073981821273e-13
7.404235527511404,-20.742905630482326,11.318660634261976,4.097744345542493,-5.260168162058767,-1.347322740779574e-13
7.413507044663545,-20.748767690475393,11.317624473864829,4.097161025804297,-5.260004603478014,-1.347322740779574e-13
7.4227693193044635,-20.75463646382262,11.31659004751295,4.09658081457062,-5.259844763361818,-1.1789073981821273e-13
7.432022368397566,-20.760511939794863,11.31555735225828,4.096003706330885,-5.259688633325799,-1.6841534259744677e-13
7.441266208904254,-20.76639410765932,11.31452638515277,4.095429695572314,-5.259536204987446,-1.347322740779574e-13
7.450500857783933,-20.772282956679472,11.31349714324837,4.09485877677993,-5.259387469966144,-1.1789073981821273e-13
7.459726331994023,-20.778178476115183,11.312469623597023,4.094290944436566,-5.259242419883144,-1.515738083377021e-13
7.468942648489974,-20.784080655222628,11.311443823250674,4.0937261930228805,-5.259101046361582,-1.6841534259744677e-13
7.478149824225255,-20.789989483254317,11.310419739261276,4.09316451701735,-5.258963341026453,-1.515738083377021e-13
7.487347876151384,-20.795904949459114,11.30939736868077,4.0926059108962765,-5.25882929550462,-1.347322740779574e-13
7.496536821217927,-20.801827043082216,11.308376708561108,4.09205036913381,-5.258698901424807,-1.1789073981821273e-13
7.505716676372498,-20.80775575336518,11.30735775595423,4.091497886201934,-5.258572150417585,-1.6841534259744677e-13
7.514887458560789,-20.813691069545907,11.306340507912092,4.090948456570492,-5.258449034115387,-1.1789073981821273e-13
7.524049184726556,-20.819632980858646,11.305324961486628,4.090402074707177,-5.258329544152483,-1.347322740779574e-13
7.53320187181164,-20.82558147653402,11.304311113729794,4.089858735077545,-5.258213672164984,-8.420767129872338e-14
7.542345536755975,-20.831536545798986,11.30329896169354,4.089318432145022,-5.258101409790843,-1.1789073981821273e-13
7.551480196497595,-20.8374981778769,11.302288502429805,4.0887811603709165,-5.2579927486698415,-1.347322740779574e-13
7.56060586797264,-20.843466361987453,11.301279732990542,4.088246914214409,-5.257887680443588,-1.6841534259744677e-13
7.569722568115371,-20.84944108734674,11.300272650427686,4.087715688132579,-5.2577861967555215,-1.1789073981821273e-13
7.578830313858165,-20.855422343167188,11.299267251793198,4.087187476580393,-5.257688289250888,-1.1789073981821273e-13
7.5879291221315395,-20.86141011865763,11.298263534139021,4.086662274010723,-5.257593949576755,-1.347322740779574e-13
7.5970190098641535,-20.867404403023265,11.297261494517095,4.086140074874351,-5.257503169381999,-1.347322740779574e-13
7.606099993982813,-20.873405185465682,11.296261129979376,4.08562087361997,-5.2574159403172995,-1.347322740779574e-13
7.6151720914124885,-20.879412455182845,11.295262437577803,4.085104664694196,-5.257332254035141,-1.1789073981821273e-13
7.624235319076318,-20.885426201369125,11.294265414364327,4.084591442541575,-5.257252102189802,-1.515738083377021e-13
7.633289693895609,-20.89144641321527,11.293270057390897,4.084081201604578,-5.2571754764373475,-1.347322740779574e-13
7.642335232789859,-20.897473079908416,11.292276363709453,4.083573936323626,-5.257102368435639,-1.6841534259744677e-13
7.651371952676757,-20.903506190632122,11.291284330371946,4.083069641137083,-5.257032769844317,-1.515738083377021e-13
7.6603998704721965,-20.90954573456633,11.290293954430325,4.082568310481263,-5.256966672324797,-1.515738083377021e-13
7.6694190030902805,-20.915591700887383,11.289305232936535,4.082069938790444,-5.256904067540273,-1.6841534259744677e-13
7.678429367443321,-20.921644078768043,11.28831816294252,4.081574520496866,-5.256844947155709,-1.6841534259744677e-13
7.6874309804418735,-20.927702857377483,11.287332741500224,4.081082050030744,-5.256789302837834,-1.0104920555846805e-13
7.696423858994717,-20.933768025881257,11.286348965661606,4.080592521820267,-5.256737126255131,-1.6841534259744677e-13
7.705408020008884,-20.9398395734414,11.285366832478601,4.080105930291611,-5.256688409077849,-1.0104920555846805e-13
7.714383480389642,-20.94591748921629,11.284386339003166,4.079622269868945,-5.256643142977985,-1.6841534259744677e-13
7.723350257040544,-20.952001762360798,11.283407482287236,4.079141534974432,-5.256601319629284,-1.347322740779574e-13
7.732308366863397,-20.95809238202617,11.282430259382766,4.078663720028238,-5.25656293070723,-1.347322740779574e-13
7.741257826758288,-20.9641893373601,11.2814546673417,4.078188819448541,-5.256527967889053,-1.515738083377021e-13
7.750198653623592,-20.97029261750672,11.280480703215986,4.077716827651532,-5.256496422853712,-1.1789073981821273e-13
7.759130864355982,-20.97640221160658,11.279508364057572,4.077247739051427,-5.256468287281899,-1.347322740779574e-13
7.768054475850428,-20.982518108796686,11.278537646918398,4.076781548060469,-5.25644355285603,-1.515738083377021e-13
7.776969505000218,-20.988640298210466,11.277568548850418,4.076318249088938,-5.256422211260245,-1.6841534259744677e-13
7.785875968696961,-20.99476876897782,11.27660106690558,4.0758578365451505,-5.256404254180396,-1.347322740779574e-13
7.794773883830588,-21.00090351022505,11.275635198135822,4.075400304835471,-5.256389673304051,-1.1789073981821273e-13
7.8036632672893695,-21.007044511074948,11.2746709395931,4.07494564836432,-5.25637846032049,-1.515738083377021e-13
7.8125441359599295,-21.013191760646748,11.273708288329356,4.074493861534177,-5.256370606920689,-1.515738083377021e-13
7.821416506727237,-21.01934524805613,11.272747241396537,4.074044938745584,-5.256366104797327,-1.347322740779574e-13
7.8302803964746275,-21.02550496241524,11.27178779584659,4.07359887439716,-5.256364945644784,-1.347322740779574e-13
7.839135822083812,-21.0316708928327,11.270829948731464,4.073155662885594,-5.25636712115912,-1.515738083377021e-13
7.84798280043487,-21.037843028413555,11.269873697103105,4.072715298605668,-5.256372623038088,-1.347322740779574e-13
7.856821348406281,-21.044021358259368,11.268919038013458,4.072277775950248,-5.256381442981125,-1.1789073981821273e-13
7.865651482874913,-21.050205871468133,11.267965968514469,4.071843089310298,-5.256393572689344,-1.515738083377021e-13
7.874473220716048,-21.056396557134352,11.26701448565809,4.071411233074889,-5.256409003865529,-1.0104920555846805e-13
7.883286578803368,-21.062593404348966,11.266064586496261,4.070982201631191,-5.256427728214139,-1.6841534259744677e-13
7.892091574008989,-21.068796402199442,11.265116268080934,4.070555989364496,-5.25644973744129,-1.515738083377021e-13
7.900888223203452,-21.075005539769688,11.264169527464055,4.070132590658219,-5.256475023254771,-1.1789073981821273e-13
7.909676543255738,-21.081220806140106,11.263224361697565,4.069711999893895,-5.256503577364015,-1.515738083377021e-13
7.918456551033279,-21.087442190387605,11.262280767833422,4.069294211451192,-5.2565353914801145,-1.347322740779574e-13
7.9272282634019495,-21.093669681585578,11.261338742923567,4.0688792197079255,-5.256570457315808,-1.6841534259744677e-13
7.935991697226107,-21.099903268803903,11.26039828401994,4.068467019040049,-5.256608766585481,-1.347322740779574e-13
7.944746869368565,-21.10614294110896,11.259459388174497,4.068057603821667,-5.256650311005153,-1.515738083377021e-13
7.953493796690628,-21.11238868756364,11.25852205243918,4.067650968425048,-5.256695082292486,-1.6841534259744677e-13
7.962232496052087,-21.118640497227318,11.257586273865938,4.067247107220614,-5.25674307216676,-1.347322740779574e-13
7.970962984311228,-21.124898359155893,11.25665204950672,4.06684601457696,-5.2567942723488965,-1.515738083377021e-13
7.97968527832485,-21.131162262401762,11.25571937641347,4.066447684860862,-5.256848674561433,-1.1789073981821273e-13
7.9883993949482575,-21.13743219601384,11.25478825163813,4.066052112437272,-5.25690627052853,-1.515738083377021e-13
7.997105351035287,-21.14370814903756,11.253858672232656,4.065659291669328,-5.256967051975952,-1.347322740779574e-13
8.005803163438301,-21.149990110514853,11.252930635248987,4.065269216918364,-5.257031010631082,-1.347322740779574e-13
8.014492849008205,-21.156278069484205,11.252004137739075,4.0648818825439115,-5.257098138222906,-1.515738083377021e-13
8.023174424594446,-21.16257201498059,11.25107917675487,4.064497282903708,-5.257168426482011,-1.515738083377021e-13
8.03184790704504,-21.16887193603554,11.250155749348306,4.064115412353704,-5.257241867140586,-1.1789073981821273e-13
8.040513313206553,-21.175177821677092,11.249233852571345,4.063736265248063,-5.257318451932406,-1.0104920555846805e-13
8.04917065992414,-21.181489660929827,11.248313483475922,4.063359835939175,-5.25739817259284,-1.0104920555846805e-13
8.057819964041563,-21.1878074428149,11.247394639113988,4.062986118777659,-5.2574810208588385,-1.6841534259744677e-13
8.06646124240107,-21.194131156349894,11.246477316537494,4.062615108112365,-5.2575669884689376,-1.347322740779574e-13
8.075094511843613,-21.200460790549034,11.245561512798382,4.062246798290389,-5.2576560671632455,-1.347322740779574e-13
8.083719789208722,-21.206796334423053,11.244647224948595,4.0618811836570705,-5.257748248683446,-1.347322740779574e-13
8.092337091334535,-21.213137776979245,11.24373445004009,4.061518258556,-5.257843524772785,-1.0104920555846805e-13
8.100946435057818,-21.219485107221445,11.242823185124804,4.061158017329031,-5.257941887176077,-1.515738083377021e-13
8.109547837213963,-21.22583831415003,11.24191342725469,4.060800454316278,-5.2580433276397,-1.1789073981821273e-13
8.118141314637015,-21.232197386761957,11.241005173481696,4.060445563856127,-5.25814783791158,-1.347322740779574e-13
8.126726884159654,-21.23856231405072,11.240098420857763,4.06009334028524,-5.2582554097412,-1.1789073981821273e-13
8.13530456261323,-21.24493308500638,11.23919316643484,4.059743777938561,-5.258366034879589,-1.347322740779574e-13
8.143874366827747,-21.25130968861556,11.238289407264876,4.059396871149318,-5.258479705079315,-1.6841534259744677e-13
8.152436313631894,-21.257692113861467,11.237387140399811,4.05905261424904,-5.258596412094498,-1.515738083377021e-13
8.160990419853034,-21.264080349723855,11.236486362891602,4.05871100156755,-5.2587161476807776,-1.0104920555846805e-13
8.16953670231722,-21.270474385179053,11.23558707179219,4.058372027432974,-5.258838903595329,-1.1789073981821273e-13
8.178075177849214,-21.276874209199974,11.234689264153523,4.058035686171758,-5.258964671596866,-1.1789073981821273e-13
8.18660586327248,-21.283279810756117,11.233792937027546,4.0577019721086565,-5.25909344344561,-1.1789073981821273e-13
8.195128775409191,-21.289691178813538,11.232898087466207,4.057370879566747,-5.259225210903307,-1.6841534259744677e-13
8.203643931080261,-21.2961083023349,11.232004712521451,4.057042402867439,-5.2593599657332195,-1.347322740779574e-13
8.212151347105314,-21.302531170279433,11.231112809245232,4.056716536330475,-5.25949769970012,-1.347322740779574e-13
8.220651040302739,-21.308959771602975,11.230222374689486,4.056393274273938,-5.259638404570287,-1.0104920555846805e-13
8.229143027489654,-21.315394095257943,11.22933340590617,4.056072611014251,-5.259782072111498,-1.1789073981821273e-13
8.237627325481945,-21.321834130193352,11.228445899947223,4.0557545408661975,-5.259928694093038,-1.347322740779574e-13
8.246103951094264,-21.328279865354823,11.227559853864594,4.055439058142911,-5.260078262285675,-1.1789073981821273e-13
8.254572921140038,-21.334731289684562,11.226675264710233,4.055126157155889,-5.260230768461676,-1.1789073981821273e-13
8.263034252431467,-21.341188392121385,11.225792129536087,4.054815832214997,-5.260386204394788,-1.515738083377021e-13
8.271487961779556,-21.34765116160073,11.224910445394093,4.0545080776284825,-5.260544561860252,-1.0104920555846805e-13
8.279934065994098,-21.3541195870546,11.224030209336211,4.0542028877029574,-5.260705832634769,-1.347322740779574e-13
8.288372581883698,-21.360593657411677,11.223151418414378,4.053900256743433,-5.260870008496531,-1.347322740779574e-13
8.296803526255776,-21.367073361597182,11.222274069680546,4.053600179053305,-5.261037081225191,-1.347322740779574e-13
8.305226915916577,-21.373558688533013,11.221398160186663,4.053302648934368,-5.26120704260187,-1.347322740779574e-13
8.313642767671181,-21.380049627137662,11.220523686984672,4.053007660686819,-5.261379884409156,-1.347322740779574e-13
8.322051098323506,-21.386546166326248,11.219650647126521,4.052715208609261,-5.261555598431087,-1.347322740779574e-13
8.330451924676318,-21.393048295010498,11.218779037664156,4.052425286998714,-5.261734176453165,-1.1789073981821273e-13
8.338845263531239,-21.399556002098794,11.217908855649524,4.052137890150615,-5.26191561026233,-1.515738083377021e-13
8.347231131688769,-21.406069276496147,11.217040098134571,4.051853012358826,-5.262099891646981,-1.515738083377021e-13
8.355609545948262,-21.41258810710418,11.216172762171249,4.051570647915641,-5.262287012396952,-1.0104920555846805e-13
8.363980523107971,-21.419112482821163,11.215306844811499,4.051290791111788,-5.262476964303514,-1.347322740779574e-13
8.372344079965032,-21.42564239254201,11.214442343107272,4.05101343623644,-5.26266973915938,-1.6841534259744677e-13
8.380700233315482,-21.432177825158277,11.21357925411051,4.0507385775772144,-5.262865328758687,-1.1789073981821273e-13
8.389048999954264,-21.43871876955814,11.212717574873166,4.050466209420181,-5.263063724897,-1.515738083377021e-13
8.39739039667524,-21.445265214626463,11.211857302447179,4.050196326049872,-5.263264919371307,-1.347322740779574e-13
8.405724440271191,-21.45181714924474,11.210998433884502,4.049928921749278,-5.263468903980016,-1.515738083377021e-13
8.41405114753383,-21.4583745622911,11.210140966237079,4.049663990799864,-5.263675670522948,-1.1789073981821273e-13
8.422370535253815,-21.46493744264035,11.20928489655686,4.049401527481568,-5.263885210801335,-1.515738083377021e-13
8.430682620220754,-21.47150577916395,11.208430221895785,4.049141526072807,-5.264097516617815,-1.0104920555846805e-13
8.4389874192232,-21.478079560730016,11.207576939305811,4.048883980850487,-5.264312579776433,-1.1789073981821273e-13
8.447284949048683,-21.484658776203332,11.206725045838876,4.048628886090004,-5.264530392082627,-1.347322740779574e-13
8.4555752264837,-21.491243414445336,11.205874538546931,4.048376236065251,-5.264750945343236,-1.515738083377021e-13
8.463858268313736,-21.49783346431415,11.20502541448192,4.048126025048623,-5.264974231366485,-1.347322740779574e-13
8.47213409132326,-21.504428914664565,11.20417767069579,4.047878247311026,-5.265200241961991,-1.347322740779574e-13
8.480402712295739,-21.511029754348026,11.20333130424049,4.047632897121873,-5.265428968940753,-1.515738083377021e-13
8.48866414801365,-21.517635972212684,11.20248631216797,4.047389968749102,-5.265660404115147,-1.515738083377021e-13
