galstreams/tracks/track.st.Indus.shipp2019.ecsv
# %ECSV 0.9
# ---
# datatype:
# - {name: ra, unit: deg, datatype: float64}
# - {name: dec, unit: deg, datatype: float64}
# - {name: distance, unit: kpc, datatype: float64}
# - {name: pm_ra_cosdec, unit: mas / yr, datatype: float64}
# - {name: pm_dec, unit: mas / yr, datatype: float64}
# - {name: radial_velocity, unit: km / s, datatype: float64}
# delimiter: ','
# meta: !!omap
# - __serialized_columns__:
#     dec:
#       __class__: astropy.coordinates.angles.Latitude
#       unit: &id001 !astropy.units.Unit {unit: deg}
#       value: !astropy.table.SerializedColumn {name: dec}
#     distance:
#       __class__: astropy.coordinates.distances.Distance
#       unit: !astropy.units.Unit {unit: kpc}
#       value: !astropy.table.SerializedColumn {name: distance}
#     pm_dec:
#       __class__: astropy.units.quantity.Quantity
#       unit: !astropy.units.Unit {unit: mas / yr}
#       value: !astropy.table.SerializedColumn {name: pm_dec}
#     pm_ra_cosdec:
#       __class__: astropy.units.quantity.Quantity
#       unit: !astropy.units.Unit {unit: mas / yr}
#       value: !astropy.table.SerializedColumn {name: pm_ra_cosdec}
#     ra:
#       __class__: astropy.coordinates.angles.Longitude
#       unit: *id001
#       value: !astropy.table.SerializedColumn {name: ra}
#       wrap_angle: !astropy.coordinates.Angle
#         unit: *id001
#         value: 360.0
#     radial_velocity:
#       __class__: astropy.units.quantity.Quantity
#       unit: !astropy.units.Unit {unit: km / s}
#       value: !astropy.table.SerializedColumn {name: radial_velocity}
# schema: astropy-2.0
ra,dec,distance,pm_ra_cosdec,pm_dec,radial_velocity
[from data line 415]
328.87267809502526,-55.047526172031205,16.600000000011228,2.645013014875545,-4.863427313384867,3.877561164895095e-09
328.8847382921652,-55.05479595912505,16.600000000011217,2.6457994353494403,-4.863462645891142,3.862437467129844e-09
328.8968019765149,-55.062064978443026,16.600000000011207,2.6465862533426128,-4.863497930698867,3.847414818570152e-09
328.90886915005166,-55.06933322947826,16.6000000000112,2.6473734691239876,-4.863533167548161,3.83235848694194e-09
328.9209398147536,-55.07660071172349,16.600000000011185,2.6481610829625923,-4.863568356178874,3.81720110610817e-09
328.93301397259995,-55.08386742467126,16.600000000011175,2.6489490951275614,-4.8636034963305645,3.8020774083429194e-09
328.94509162557074,-55.09113336781357,16.600000000011164,2.649737505888108,-4.86363858774252,3.787021076714707e-09
328.95717277564694,-55.09839854064213,16.600000000011153,2.6505263155135568,-4.863673630153752,3.771897378949456e-09
328.96925742481045,-55.10566294264829,16.600000000011143,2.6513155242733286,-4.863708623302993,3.756841047321245e-09
328.98134557504414,-55.11292657332301,16.600000000011132,2.6521051324369296,-4.863743566928688,3.741784715693033e-09
328.9934372283318,-55.12018943215687,16.600000000011125,2.6528951402739773,-4.863778460769014,3.72682943327038e-09
329.00553238665816,-55.1274515186402,16.600000000011114,2.653685548054181,-4.863813304561856,3.7117057355051293e-09
329.0176310520089,-55.13471283226287,16.600000000011097,2.6544763560473474,-4.863848098044838,3.696683086945437e-09
329.0297332263706,-55.1419733725144,16.600000000011097,2.655267564523373,-4.8638828409552755,3.6816267553172254e-09
329.04183891173074,-55.149233138883936,16.60000000001108,2.656059173752264,-4.863917533030236,3.666671472894572e-09
329.0539481100777,-55.15649213086025,16.600000000011065,2.6568511840041125,-4.863952174006485,3.651682507403399e-09
329.066060823401,-55.16375034793185,16.600000000011054,2.6576435955491102,-4.863986763620508,3.6366261757751875e-09
329.0781770536909,-55.17100778958678,16.600000000011047,2.658436408657551,-4.864021301608515,3.621670893352534e-09
329.0902968029387,-55.178264455312714,16.600000000011036,2.659229623599818,-4.864055787706437,3.6067492939984005e-09
329.10242007313656,-55.18552034459703,16.60000000001103,2.6600232406463893,-4.86409022164992,3.591861377712786e-09
329.11454686627746,-55.19277545692662,16.60000000001102,2.660817260067841,-4.864124603174328,3.576771363016055e-09
329.12667718435563,-55.20002979178819,16.600000000011004,2.6616116821348585,-4.864158932014737,3.5619508128674797e-09
329.1388110293659,-55.20728334866796,16.600000000010997,2.6624065071182006,-4.8641932079059504,3.5469281643077874e-09
329.15094840330437,-55.21453612705177,16.600000000010983,2.6632017352887414,-4.864227430582481,3.5320065649536535e-09
329.16308930816774,-55.221788126425146,16.60000000001098,2.6639973669174335,-4.864261599778564,3.5170849655995195e-09
329.17523374595373,-55.2290393462732,16.60000000001096,2.664793402275339,-4.86429571522815,3.5022644154509443e-09
329.18738171866124,-55.23628978608076,16.600000000010954,2.6655898416336123,-4.864329776664903,3.4873428160968108e-09
329.1995332282898,-55.243539445332225,16.600000000010947,2.6663866852635,-4.864363783822204,3.4723875336741574e-09
329.21168827684,-55.2507883235116,16.60000000001093,2.667183933436348,-4.864397736433153,3.457566983525582e-09
329.2238468663134,-55.25803642010256,16.600000000010926,2.667981586423593,-4.864431634230557,3.4427464333770066e-09
329.23600899871235,-55.26528373458842,16.600000000010912,2.6687796444967695,-4.864465476946956,3.4277911509543536e-09
329.24817467604026,-55.27253026645208,16.600000000010905,2.6695781079275056,-4.8644992643145875,3.4129369177372585e-09
329.2603439003015,-55.279776015176154,16.60000000001089,2.670376976987532,-4.864532996065405,3.3980490014516444e-09
329.27251667350134,-55.28702098024282,16.600000000010883,2.6711762519486655,-4.8645666719310885,3.383295817440108e-09
329.2846929976459,-55.2942651611339,16.600000000010876,2.6719759330828197,-4.86460029164302,3.368475267291533e-09
329.29687287474223,-55.301508557330834,16.600000000010866,2.6727760206620053,-4.864633854932306,3.3536547171429573e-09
329.30905630679837,-55.30875116831467,16.600000000010855,2.6735765149583166,-4.86466736152976,3.3387331177888237e-09
329.3212432958235,-55.31599299356622,16.600000000010844,2.6743774162439715,-4.864700811165902,3.3240472999143263e-09
329.3334338438273,-55.32323403256578,16.60000000001084,2.675178724791247,-4.864734203570979,3.30929411590279e-09
329.34562795282073,-55.33047428479329,16.600000000010827,2.6759804408725376,-4.864767538474945,3.2944735657542148e-09
329.3578256248156,-55.337713749728394,16.60000000001082,2.6767825647603245,-4.8648008156074685,3.2796866986741586e-09
329.37002686182444,-55.344952426850256,16.600000000010805,2.6775850967271766,-4.864834034697929,3.2649335146626222e-09
329.3822316658611,-55.35219031563781,16.6000000000108,2.6783880370457744,-4.864867195475405,3.2502140137196058e-09
329.39444003894016,-55.35942741556951,16.600000000010784,2.679191385988876,-4.864900297668713,3.23539346357103e-09
329.406651983077,-55.36666372612347,16.600000000010777,2.6799951438293412,-4.864933341006361,3.2206065964909744e-09
329.4188675002881,-55.373899246777434,16.60000000001077,2.680799310840118,-4.864966325216569,3.206055510890555e-09
329.4310865925909,-55.381133977008744,16.60000000001076,2.6816038872942562,-4.864999250027284,3.1911675946049406e-09
329.44330926200354,-55.388367916294364,16.600000000010752,2.6824088734648877,-4.865032115166144,3.1765491428674824e-09
329.4555355105456,-55.395601064110984,16.600000000010745,2.6832142696252563,-4.865064920360506,3.161795958855946e-09
329.4677653402369,-55.402833419934844,16.600000000010734,2.684020076048677,-4.865097665337444,3.1470427748444098e-09
329.47999875309887,-55.41006498324176,16.600000000010724,2.6848262930085784,-4.865130349823727,3.1324580061754707e-09
329.4922357511533,-55.41729575350726,16.600000000010713,2.6856329207784624,-4.865162973545846,3.1177048221639343e-09
329.50447633642324,-55.42452573020641,16.60000000001071,2.6864399596319335,-4.865195536229995,3.1030526873579567e-09
329.51672051093277,-55.43175491281405,16.600000000010695,2.687247409842706,-4.865228037602077,3.0884679186890176e-09
329.5289682767065,-55.43898330080449,16.600000000010684,2.688055271684555,-4.865260477387708,3.073681051608962e-09
329.5412196357704,-55.44621089365174,16.600000000010674,2.6888635454313707,-4.865292855312207,3.0591299660085426e-09
329.55347459015104,-55.4534376908294,16.600000000010667,2.6896722313571257,-4.865325171100605,3.0444104650655257e-09
329.56573314187614,-55.460663691810694,16.60000000001066,2.69048132973589,-4.86535742447764,3.029893062533626e-09
329.5779952929743,-55.46788889606853,16.60000000001065,2.691290840841831,-4.865389615167759,3.0152072446591284e-09
329.5902610454751,-55.475113303075396,16.600000000010642,2.6921007649491955,-4.865421742895107,3.0006898421272286e-09
329.6025304014088,-55.48233691230337,16.600000000010635,2.692911102332332,-4.865453807383552,2.98607139038977e-09
329.61480336280687,-55.4895597232242,16.60000000001062,2.6937218532656795,-4.865485808356659,2.9714866217208313e-09
329.62707993170164,-55.49678173530918,16.600000000010613,2.6945330180237628,-4.865517745537699,2.9568344869148533e-09
329.63936011012646,-55.50400294802938,16.600000000010606,2.695344596881214,-4.865549618649649,2.9423170843829534e-09
329.65164390011535,-55.51122336085536,16.600000000010596,2.696156590112739,-4.865581427415196,2.9277323157140147e-09
329.6639313037035,-55.518442973257336,16.60000000001059,2.696968997993146,-4.865613171556733,2.9131475470450756e-09
329.67622232292706,-55.52566178470514,16.600000000010574,2.6977818207973323,-4.865644850796352,2.8986975106502146e-09
329.6885169598228,-55.532879794668254,16.600000000010574,2.698595058800282,-4.865676464855854,2.8841464250497954e-09
329.70081521642874,-55.54009700261567,16.60000000001056,2.699408712277081,-4.865708013456752,2.869595339449376e-09
329.7131170947838,-55.54731340801621,16.600000000010553,2.7002227815028963,-4.86573949632025,2.8550442538489564e-09
329.7254225969277,-55.55452901033813,16.600000000010546,2.701037266752996,-4.865770913167261,2.840560534385576e-09
329.73773172490115,-55.561743809049396,16.60000000001054,2.7018521683027275,-4.865802263718408,2.826110497990715e-09
329.7500444807458,-55.56895780361752,16.600000000010528,2.7026674864275404,-4.865833547694013,2.8115257293217763e-09
329.76236086650425,-55.57617099350968,16.600000000010517,2.7034832214029603,-4.865864764814102,2.797042009858396e-09
329.7746808842201,-55.58338337819274,16.60000000001051,2.7042993735046275,-4.8658959147984,2.7826930226690933e-09
329.7870045359377,-55.590594957133064,16.6000000000105,2.705115943008244,-4.865926997366344,2.768074570931635e-09
329.79933182370246,-55.59780572979669,16.600000000010496,2.70593293018963,-4.865958012237063,2.7537255837423325e-09
329.81166274956064,-55.605015695649264,16.600000000010485,2.706750335324671,-4.865988959129401,2.7392081812104327e-09
329.82399731555955,-55.61222485415602,16.600000000010475,2.7075681586893596,-4.866019837761893,2.7248255109526106e-09
329.83633552374744,-55.6194332047819,16.60000000001047,2.7083864005597764,-4.8660506478527745,2.7104428406947885e-09
329.8486773761734,-55.62664074699137,16.600000000010457,2.7092050612120904,-4.866081389119997,2.6960264873684474e-09
329.8610228748874,-55.63384748024857,16.600000000010454,2.7100241409225525,-4.866112061281194,2.681677500179145e-09
329.87337202194044,-55.6410534040172,16.60000000001045,2.7108436399675107,-4.866142664053719,2.6671937807157644e-09
329.88572481938445,-55.648258517760574,16.600000000010436,2.7116635586234077,-4.866173197154612,2.652777427389423e-09
329.8980812692723,-55.65546282094175,16.60000000001043,2.712483897166767,-4.8662036603006165,2.63846212326864e-09
329.9104413736579,-55.66266631302326,16.60000000001042,2.7133046558742073,-4.86623405320818,2.624079453010818e-09
329.9228051345957,-55.6698689934673,16.60000000001041,2.7141258350224304,-4.866264375593445,2.6097304658215154e-09
329.93517255414156,-55.677070861735636,16.600000000010407,2.7149474348882383,-4.866294627172257,2.5953477955636937e-09
329.947543634352,-55.684271917289756,16.60000000001039,2.715769455748509,-4.866324807660164,2.58106617451143e-09
329.9599183772844,-55.69147215959062,16.60000000001039,2.7165918978802077,-4.866354916772404,2.5666835042536083e-09
329.9722967849974,-55.698671588098954,16.60000000001038,2.7174147615604145,-4.866384954223917,2.552368200132825e-09
329.98467885955034,-55.705870202274994,16.600000000010375,2.7182380470662655,-4.866414919729343,2.5381202621490812e-09
329.99706460300354,-55.71306800157861,16.600000000010365,2.71906175467501,-4.866444813003024,2.523804958028298e-09
330.00945401741814,-55.72026498546929,16.60000000001036,2.719885884663968,-4.86647463375899,2.5094222877704764e-09
330.02184710485636,-55.72746115340609,16.600000000010347,2.7207104373105553,-4.866504381710982,2.495106983649693e-09
330.0342438673814,-55.73465650484781,16.600000000010343,2.7215354128922873,-4.866534056572419,2.4808590456659493e-09
330.04664430705725,-55.74185103925274,16.600000000010336,2.722360811686747,-4.866563658056436,2.4665100584766467e-09
330.0590484259489,-55.7490447560788,16.600000000010326,2.72318663397162,-4.8665931858758515,2.452396852766981e-09
330.0714562261222,-55.75623765478355,16.60000000001032,2.724012880024671,-4.866622639743194,2.438014182509159e-09
330.08386770964404,-55.7634297348241,16.600000000010315,2.7248395501237557,-4.866652019370672,2.4238672937309733e-09
330.09628287858214,-55.77062099565731,16.6000000000103,2.7256666445468234,-4.866681324470202,2.4096193557472294e-09
330.1087017350053,-55.777811436739526,16.600000000010294,2.726494163571904,-4.866710554753391,2.3953714177634855e-09
330.12112428098305,-55.78500105752671,16.60000000001029,2.7273221074771175,-4.866739709931539,2.381123479779741e-09
330.1335505185861,-55.79218985747448,16.600000000010283,2.728150476540671,-4.866768789715644,2.3670102740700755e-09
330.1459804498857,-55.79937783603801,16.600000000010272,2.728979271040851,-4.86679779381641,2.3526276038122534e-09
330.15841407695456,-55.80656499267217,16.600000000010265,2.72980849125605,-4.866826721944207,2.338480715034068e-09
330.17085140186595,-55.81375132683139,16.600000000010265,2.730638137464728,-4.866855573809123,2.3243675093244017e-09
330.18329242669404,-55.82093683796967,16.600000000010247,2.731468209945442,-4.866884349120939,2.3101869374776966e-09
330.19573715351424,-55.828121525540666,16.600000000010244,2.7322987089768347,-4.866913047589115,2.296040048699511e-09
330.20818558440266,-55.835305388997625,16.600000000010237,2.733129634837633,-4.866941668922817,2.281859476852806e-09
330.2206377214363,-55.842488427793356,16.600000000010233,2.7339609878066486,-4.866970212830901,2.2677799542116598e-09
330.23309356669324,-55.849670641380435,16.600000000010215,2.734792768162788,-4.866998679021913,2.2536667485019936e-09
330.24555312225243,-55.85685202921087,16.600000000010215,2.735624976185034,-4.8670270672040905,2.239587225860847e-09
330.25801639019375,-55.86403259073635,16.600000000010205,2.7364576121524626,-4.867055377085372,2.2253056048085836e-09
330.2704833725981,-55.871212325408145,16.600000000010198,2.737290676344231,-4.867083608373372,2.211158716030398e-09
330.28295407154707,-55.87839123267714,16.600000000010194,2.7381241690395806,-4.867111760775413,2.1971465595262906e-09
330.2954284891235,-55.88556931199388,16.600000000010187,2.7389580905178503,-4.867139833998499,2.1831344030221828e-09
330.30790662741083,-55.892746562808455,16.60000000001018,2.7397924410584538,-4.867167827749331,2.1690211973125167e-09
330.32038848849373,-55.89992298457055,16.60000000001017,2.740627220940888,-4.867195741734292,2.1548743085343315e-09
330.33287407445766,-55.907098576729496,16.60000000001017,2.7414624304447464,-4.867223575659462,2.1408621520302237e-09
330.34536338738894,-55.914273338734155,16.600000000010162,2.742298069849694,-4.8672513292306165,2.1268499955261163e-09
330.357856429375,-55.92144727003315,16.60000000001015,2.743134139435494,-4.867279002153207,2.112804155953489e-09
330.370353202504,-55.92862037007455,16.600000000010148,2.7439706394819905,-4.867306594132383,2.0988593655864205e-09
330.38285370886524,-55.93579263830609,16.600000000010137,2.7448075702691024,-4.867334104872984,2.0847461598767543e-09
330.3953579505488,-55.9429640741751,16.60000000001013,2.745644932076851,-4.867361534079533,2.0708350525782053e-09
330.4078659296457,-55.95013467712852,16.600000000010123,2.746482725185324,-4.867388881456252,2.0566544807315002e-09
330.4203776482479,-55.95730444661284,16.60000000001012,2.7473209498747018,-4.867416146707041,2.0427096903644317e-09
330.4328931084484,-55.964473382074296,16.60000000001011,2.7481596064252596,-4.8674433295354875,2.028764899997363e-09
330.44541231234103,-55.971641482958574,16.600000000010102,2.7489986951173426,-4.867470429644874,2.0148201096302947e-09
330.4579352620205,-55.97880874871104,16.600000000010102,2.749838216231379,-4.867497446738168,2.000807953126187e-09
330.47046195958256,-55.98597517877662,16.600000000010095,2.750678170047888,-4.8675243805180255,1.986829479690599e-09
330.48299240712373,-55.99314077259984,16.600000000010088,2.751518556847464,-4.867551230686789,1.9728173231864915e-09
330.4955266067418,-56.00030552962492,16.60000000001008,2.7523593769108095,-4.86757799694648,1.958939898956462e-09
330.50806456053516,-56.007469449295556,16.60000000001007,2.7532006305186814,-4.867604678998818,1.945062474726432e-09
330.52060627060314,-56.014632531055106,16.600000000010063,2.7540423179519293,-4.867631276545201,1.9310503182223244e-09
330.5331517390461,-56.02179477434653,16.60000000001006,2.7548844394914873,-4.8676577892867146,1.917172893992295e-09
