galstreams/tracks/track.st.Molonglo.grillmair2017b.ecsv
# %ECSV 0.9
# ---
# datatype:
# - {name: ra, unit: deg, datatype: float64}
# - {name: dec, unit: deg, datatype: float64}
# - {name: distance, unit: kpc, datatype: float64}
# - {name: pm_ra_cosdec, unit: mas / yr, datatype: float64}
# - {name: pm_dec, unit: mas / yr, datatype: float64}
# - {name: radial_velocity, unit: km / s, datatype: float64}
# delimiter: ','
# meta: !!omap
# - __serialized_columns__:
#     dec:
#       __class__: astropy.coordinates.angles.Latitude
#       unit: &id001 !astropy.units.Unit {unit: deg}
#       value: !astropy.table.SerializedColumn {name: dec}
#     distance:
#       __class__: astropy.coordinates.distances.Distance
#       unit: !astropy.units.Unit {unit: kpc}
#       value: !astropy.table.SerializedColumn {name: distance}
#     pm_dec:
#       __class__: astropy.units.quantity.Quantity
#       unit: !astropy.units.Unit {unit: mas / yr}
#       value: !astropy.table.SerializedColumn {name: pm_dec}
#     pm_ra_cosdec:
#       __class__: astropy.units.quantity.Quantity
#       unit: !astropy.units.Unit {unit: mas / yr}
#       value: !astropy.table.SerializedColumn {name: pm_ra_cosdec}
#     ra:
#       __class__: astropy.coordinates.angles.Longitude
#       unit: *id001
#       value: !astropy.table.SerializedColumn {name: ra}
#       wrap_angle: !astropy.coordinates.Angle
#         unit: *id001
#         value: 360.0
#     radial_velocity:
#       __class__: astropy.units.quantity.Quantity
#       unit: !astropy.units.Unit {unit: km / s}
#       value: !astropy.table.SerializedColumn {name: radial_velocity}
# schema: astropy-2.0
ra,dec,distance,pm_ra_cosdec,pm_dec,radial_velocity
[from data line 941]
2.289454976488177,-18.686126952097595,19.999999999999986,0.0,0.0,0.0
2.2813490910586354,-18.67971644844593,19.99999999999999,0.0,0.0,0.0
2.2732440075463227,-18.67330538312514,19.999999999999986,0.0,0.0,0.0
2.2651397260741946,-18.666893755914167,19.999999999999986,0.0,0.0,0.0
2.2570362467652716,-18.660481566592033,19.999999999999986,0.0,0.0,0.0
2.248933569742591,-18.65406881493776,19.999999999999986,0.0,0.0,0.0
2.240831695129207,-18.647655500730384,19.99999999999999,0.0,0.0,0.0
2.232730623048149,-18.641241623748915,19.999999999999986,0.0,0.0,0.0
2.2246303536225955,-18.63482718377248,19.999999999999993,0.0,0.0,0.0
2.2165308869756095,-18.62841218058011,19.99999999999999,0.0,0.0,0.0
2.208432223230316,-18.62199661395087,19.999999999999993,0.0,0.0,0.0
2.2003343625098566,-18.615580483663862,19.999999999999993,0.0,0.0,0.0
2.192237304937345,-18.60916378949813,19.999999999999993,0.0,0.0,0.0
2.184141050636051,-18.602746531232857,19.999999999999993,0.0,0.0,0.0
2.176045599729122,-18.59632870864713,19.99999999999999,0.0,0.0,0.0
2.1679509523397686,-18.58991032152006,19.999999999999993,0.0,0.0,0.0
2.1598571085912224,-18.583491369630792,19.99999999999999,0.0,0.0,0.0
2.15176406860668,-18.577071852758433,19.99999999999999,0.0,0.0,0.0
2.143671832509498,-18.570651770682208,19.999999999999993,0.0,0.0,0.0
2.135580400422911,-18.564231123181255,19.99999999999999,0.0,0.0,0.0
2.127489772470216,-18.557809910034734,19.99999999999999,0.0,0.0,0.0
2.119399948774727,-18.551388131021834,19.99999999999999,0.0,0.0,0.0
2.1113109294597767,-18.54496578592175,19.999999999999993,0.0,0.0,0.0
2.103222714648668,-18.53854287451365,19.99999999999999,0.0,0.0,0.0
2.095135304464857,-18.532119396576817,19.99999999999999,0.0,0.0,0.0
2.087048699031681,-18.525695351890437,19.999999999999993,0.0,0.0,0.0
2.07896289847254,-18.51927074023374,19.99999999999999,0.0,0.0,0.0
2.0708779029108357,-18.512845561385955,19.999999999999993,0.0,0.0,0.0
2.062793712470023,-18.506419815126353,19.99999999999999,0.0,0.0,0.0
2.054710327273546,-18.499993501234183,19.999999999999993,0.0,0.0,0.0
2.0466277474448726,-18.493566619488718,19.99999999999999,0.0,0.0,0.0
2.038545973107486,-18.48713916966923,19.99999999999999,0.0,0.0,0.0
2.030465004384888,-18.480711151555013,19.999999999999993,0.0,0.0,0.0
2.0223848414005947,-18.474282564925357,19.999999999999993,0.0,0.0,0.0
2.0143054842781423,-18.467853409559577,19.999999999999986,0.0,0.0,0.0
2.006226933141081,-18.461423685236976,19.999999999999986,0.0,0.0,0.0
1.9981491881129787,-18.454993391736878,19.99999999999999,0.0,0.0,0.0
1.9900722493174205,-18.448562528838615,19.99999999999999,0.0,0.0,0.0
1.9819961168780085,-18.442131096321535,19.99999999999999,0.0,0.0,0.0
1.9739207909183594,-18.43569909396498,19.999999999999993,0.0,0.0,0.0
1.9658462715621092,-18.429266521548314,19.999999999999993,0.0,0.0,0.0
1.9577725589329076,-18.422833378850903,19.999999999999993,0.0,0.0,0.0
1.9496996531544226,-18.416399665652115,19.999999999999993,0.0,0.0,0.0
1.9416275543503376,-18.409965381731343,19.999999999999993,0.0,0.0,0.0
1.9335562626443545,-18.403530526867982,19.99999999999999,0.0,0.0,0.0
1.9254857781601893,-18.397095100841423,19.999999999999996,0.0,0.0,0.0
1.9174161010215771,-18.39065910343108,19.999999999999996,0.0,0.0,0.0
1.9093472313522677,-18.38422253441638,19.999999999999993,0.0,0.0,0.0
1.9012791692760258,-18.377785393576744,19.99999999999999,0.0,0.0,0.0
1.8932119149166362,-18.3713476806916,19.999999999999993,0.0,0.0,0.0
1.8851454683978979,-18.3649093955404,19.999999999999993,0.0,0.0,0.0
1.8770798298436253,-18.35847053790259,19.999999999999993,0.0,0.0,0.0
1.869014999377649,-18.35203110755764,19.999999999999993,0.0,0.0,0.0
1.8609509771238195,-18.34559110428501,19.999999999999993,0.0,0.0,0.0
1.8528877632059992,-18.339150527864177,19.999999999999996,0.0,0.0,0.0
1.8448253577480702,-18.33270937807463,19.999999999999993,0.0,0.0,0.0
1.8367637608739278,-18.326267654695858,19.999999999999993,0.0,0.0,0.0
1.828702972707485,-18.31982535750736,19.999999999999993,0.0,0.0,0.0
1.820642993372671,-18.313382486288646,19.999999999999996,0.0,0.0,0.0
1.812583822993431,-18.30693904081923,19.999999999999996,0.0,0.0,0.0
1.8045254616937276,-18.30049502087865,19.999999999999993,0.0,0.0,0.0
1.7964679095975356,-18.294050426246418,19.999999999999993,0.0,0.0,0.0
1.7884111668288478,-18.287605256702083,19.999999999999993,0.0,0.0,0.0
1.7803552335116746,-18.281159512025187,19.999999999999996,0.0,0.0,0.0
1.772300109770042,-18.2747131919953,19.999999999999993,0.0,0.0,0.0
1.76424579572799,-18.268266296391968,19.999999999999993,0.0,0.0,0.0
1.7561922915095767,-18.261818824994776,19.999999999999996,0.0,0.0,0.0
1.7481395972388738,-18.255370777583288,19.999999999999996,0.0,0.0,0.0
1.7400877130399715,-18.2489221539371,19.999999999999996,0.0,0.0,0.0
1.7320366390369757,-18.242472953835804,19.999999999999993,0.0,0.0,0.0
1.7239863753540035,-18.23602317705899,19.999999999999993,0.0,0.0,0.0
1.715936922115193,-18.229572823386267,19.999999999999996,0.0,0.0,0.0
1.707888279444697,-18.22312189259726,19.999999999999996,0.0,0.0,0.0
1.6998404474666835,-18.216670384471595,19.999999999999993,0.0,0.0,0.0
1.6917934263053356,-18.210218298788885,19.999999999999996,0.0,0.0,0.0
1.6837472160848523,-18.20376563532877,19.999999999999993,0.0,0.0,0.0
1.67570181692945,-18.19731239387091,19.999999999999993,0.0,0.0,0.0
1.6676572289633582,-18.190858574194944,19.999999999999993,0.0,0.0,0.0
1.6596134523108235,-18.184404176080523,19.999999999999993,0.0,0.0,0.0
1.6515704870961105,-18.17794919930733,19.999999999999993,0.0,0.0,0.0
1.6435283334434923,-18.171493643655015,19.999999999999996,0.0,0.0,0.0
1.6354869914772638,-18.165037508903268,19.999999999999993,0.0,0.0,0.0
1.6274464613217345,-18.158580794831774,19.999999999999996,0.0,0.0,0.0
1.6194067431012293,-18.15212350122023,19.999999999999996,0.0,0.0,0.0
1.6113678369400852,-18.145665627848327,19.999999999999996,0.0,0.0,0.0
1.6033297429626603,-18.139207174495777,20.0,0.0,0.0,0.0
1.5952924612933226,-18.13274814094229,20.000000000000004,0.0,0.0,0.0
1.5872559920564595,-18.12628852696758,20.0,0.0,0.0,0.0
1.579220335376474,-18.119828332351382,19.999999999999996,0.0,0.0,0.0
1.5711854913777792,-18.113367556873428,20.0,0.0,0.0,0.0
1.5631514601848089,-18.10690620031344,20.0,0.0,0.0,0.0
1.5551182419220113,-18.100444262451187,19.999999999999993,0.0,0.0,0.0
1.5470858367138476,-18.0939817430664,19.999999999999996,0.0,0.0,0.0
1.5390542446847977,-18.087518641938857,19.999999999999996,0.0,0.0,0.0
1.5310234659593531,-18.081054958848306,20.0,0.0,0.0,0.0
1.5229935006620228,-18.07459069357452,19.999999999999996,0.0,0.0,0.0
1.5149643489173312,-18.068125845897285,19.999999999999996,0.0,0.0,0.0
1.5069360108498155,-18.06166041559637,19.999999999999996,0.0,0.0,0.0
1.498908486584033,-18.055194402451583,20.0,0.0,0.0,0.0
1.4908817762445483,-18.0487278062427,20.0,0.0,0.0,0.0
1.482855879955948,-18.042260626749528,19.999999999999996,0.0,0.0,0.0
1.4748307978428314,-18.035792863751876,19.999999999999993,0.0,0.0,0.0
1.4668065300298123,-18.02932451702956,20.0,0.0,0.0,0.0
1.4587830766415206,-18.022855586362393,19.999999999999996,0.0,0.0,0.0
1.4507604378026002,-18.016386071530203,19.999999999999996,0.0,0.0,0.0
1.4427386136377112,-18.00991597231282,19.999999999999993,0.0,0.0,0.0
1.4347176042715266,-18.00344528849008,20.0,0.0,0.0,0.0
1.4266974098287384,-17.996974019841833,19.999999999999993,0.0,0.0,0.0
1.418678030434047,-17.99050216614791,20.0,0.0,0.0,0.0
1.410659466212174,-17.98402972718818,20.0,0.0,0.0,0.0
1.402641717287852,-17.97755670274249,19.999999999999996,0.0,0.0,0.0
1.3946247837858308,-17.971083092590707,19.999999999999996,0.0,0.0,0.0
1.3866086658308738,-17.96460889651271,20.0,0.0,0.0,0.0
1.3785933635477587,-17.958134114288367,20.000000000000004,0.0,0.0,0.0
1.3705788770612795,-17.95165874569756,20.0,0.0,0.0,0.0
1.362565206496244,-17.945182790520175,20.0,0.0,0.0,0.0
1.3545523519774743,-17.938706248536104,20.0,0.0,0.0,0.0
1.3465403136298097,-17.932229119525243,19.999999999999996,0.0,0.0,0.0
1.3385290915780994,-17.925751403267494,20.0,0.0,0.0,0.0
1.3305186859472116,-17.919273099542764,20.000000000000004,0.0,0.0,0.0
1.3225090968620268,-17.91279420813097,19.999999999999996,0.0,0.0,0.0
1.3145003244474418,-17.906314728812013,20.0,0.0,0.0,0.0
1.3064923688283672,-17.899834661365833,20.0,0.0,0.0,0.0
1.2984852301297272,-17.893354005572352,20.0,0.0,0.0,0.0
1.2904789084764623,-17.8868727612115,20.0,0.0,0.0,0.0
1.282473403993527,-17.880390928063218,20.0,0.0,0.0,0.0
1.274468716805889,-17.873908505907444,20.0,0.0,0.0,0.0
1.266464847038533,-17.86742549452412,20.000000000000004,0.0,0.0,0.0
1.2584617948164543,-17.860941893693212,20.0,0.0,0.0,0.0
1.2504595602646662,-17.854457703194665,20.0,0.0,0.0,0.0
1.2424581435081947,-17.84797292280844,20.0,0.0,0.0,0.0
1.2344575446720814,-17.841487552314508,19.999999999999996,0.0,0.0,0.0
1.2264577638813816,-17.83500159149283,20.0,0.0,0.0,0.0
1.2184588012611635,-17.828515040123396,20.0,0.0,0.0,0.0
1.2104606569365115,-17.82202789798617,20.0,0.0,0.0,0.0
1.202463331032525,-17.81554016486114,20.0,0.0,0.0,0.0
1.1944668236743163,-17.809051840528294,20.000000000000007,0.0,0.0,0.0
1.1864711349870107,-17.80256292476763,20.0,0.0,0.0,0.0
1.1784762650957488,-17.796073417359136,20.0,0.0,0.0,0.0
1.1704822141256874,-17.789583318082823,20.0,0.0,0.0,0.0
1.162488982201994,-17.783092626718673,20.0,0.0,0.0,0.0
1.1544965694498541,-17.77660134304673,20.0,0.0,0.0,0.0
1.146504975994464,-17.770109466846982,20.0,0.0,0.0,0.0
1.1385142019610361,-17.76361699789945,20.0,0.0,0.0,0.0
1.1305242474747952,-17.757123935984158,20.000000000000004,0.0,0.0,0.0
1.1225351126609826,-17.750630280881133,20.0,0.0,0.0,0.0
1.1145467976448529,-17.744136032370406,20.000000000000004,0.0,0.0,0.0
1.1065593025516713,-17.737641190232008,20.0,0.0,0.0,0.0
1.0985726275067218,-17.731145754245976,20.000000000000004,0.0,0.0,0.0
1.0905867726352998,-17.724649724192343,20.0,0.0,0.0,0.0
1.082601738062715,-17.71815309985117,20.0,0.0,0.0,0.0
1.0746175239142925,-17.71165588100249,20.0,0.0,0.0,0.0
1.066634130315369,-17.70515806742636,20.000000000000004,0.0,0.0,0.0
1.0586515573912967,-17.698659658902837,20.000000000000007,0.0,0.0,0.0
1.050669805267441,-17.692160655211982,20.0,0.0,0.0,0.0
1.042688874069183,-17.68566105613385,20.000000000000004,0.0,0.0,0.0
1.0347087639219141,-17.67916086144852,20.000000000000004,0.0,0.0,0.0
1.0267294749510412,-17.672660070936047,20.000000000000007,0.0,0.0,0.0
1.018751007281986,-17.66615868437651,20.000000000000004,0.0,0.0,0.0
1.0107733610401832,-17.659656701549988,20.000000000000007,0.0,0.0,0.0
1.0027965363510818,-17.653154122236558,20.000000000000004,0.0,0.0,0.0
0.9948205333401432,-17.6466509462163,20.000000000000007,0.0,0.0,0.0
0.9868453521328437,-17.64014717326931,20.000000000000007,0.0,0.0,0.0
0.978870992854673,-17.633642803175672,20.0,0.0,0.0,0.0
0.9708974556311343,-17.62713783571547,20.000000000000004,0.0,0.0,0.0
0.962924740587746,-17.620632270668807,20.000000000000007,0.0,0.0,0.0
0.9549528478500354,-17.614126107815785,20.0,0.0,0.0,0.0
0.9469817775435481,-17.60761934693649,20.000000000000007,0.0,0.0,0.0
0.9390115297938427,-17.601111987811045,20.000000000000004,0.0,0.0,0.0
0.9310421047264896,-17.594604030219557,20.000000000000004,0.0,0.0,0.0
0.9230735024670741,-17.588095473942115,20.000000000000007,0.0,0.0,0.0
0.9151057231411945,-17.581586318758852,20.000000000000004,0.0,0.0,0.0
0.9071387668744628,-17.57507656444987,20.000000000000007,0.0,0.0,0.0
0.8991726337925041,-17.568566210795304,20.0,0.0,0.0,0.0
0.8912073240209584,-17.56205525757526,20.000000000000007,0.0,0.0,0.0
0.8832428376854757,-17.555543704569864,20.000000000000004,0.0,0.0,0.0
0.8752791749117222,-17.549031551559242,20.000000000000004,0.0,0.0,0.0
0.867316335825379,-17.542518798323535,20.000000000000004,0.0,0.0,0.0
0.8593543205521359,-17.536005444642857,20.000000000000004,0.0,0.0,0.0
0.8513931292177006,-17.529491490297353,20.000000000000004,0.0,0.0,0.0
0.8434327619477916,-17.52297693506715,20.000000000000007,0.0,0.0,0.0
0.8354732188681412,-17.516461778732392,20.000000000000004,0.0,0.0,0.0
0.8275145001044955,-17.509946021073223,20.000000000000007,0.0,0.0,0.0
0.819556605782614,-17.503429661869774,20.000000000000007,0.0,0.0,0.0
0.8115995360282687,-17.496912700902204,20.000000000000004,0.0,0.0,0.0
0.8036432909672442,-17.490395137950653,20.000000000000004,0.0,0.0,0.0
0.7956878707253394,-17.48387697279527,20.000000000000004,0.0,0.0,0.0
0.7877332754283671,-17.477358205216206,20.000000000000004,0.0,0.0,0.0
0.7797795052021518,-17.470838834993618,20.000000000000004,0.0,0.0,0.0
0.7718265601725318,-17.464318861907657,20.000000000000007,0.0,0.0,0.0
0.7638744404653597,-17.45779828573848,20.000000000000007,0.0,0.0,0.0
0.755923146206498,-17.451277106266254,20.000000000000007,0.0,0.0,0.0
0.7479726775218255,-17.44475532327113,20.00000000000001,0.0,0.0,0.0
0.740023034537233,-17.438232936533275,20.000000000000007,0.0,0.0,0.0
0.7320742173786259,-17.43170994583286,20.000000000000007,0.0,0.0,0.0
0.7241262261719169,-17.425186350950042,20.000000000000014,0.0,0.0,0.0
0.7161790610430384,-17.418662151664996,20.000000000000007,0.0,0.0,0.0
0.7082327221179326,-17.41213734775788,20.00000000000001,0.0,0.0,0.0
0.7002872095225553,-17.405611939008878,20.000000000000007,0.0,0.0,0.0
0.6923425233828756,-17.39908592519815,20.00000000000001,0.0,0.0,0.0
0.6843986638248752,-17.39255930610589,20.000000000000007,0.0,0.0,0.0
0.676455630974548,-17.38603208151225,20.000000000000007,0.0,0.0,0.0
0.6685134249579024,-17.379504251197424,20.00000000000001,0.0,0.0,0.0
0.6605720459009596,-17.372975814941586,20.000000000000007,0.0,0.0,0.0
0.6526314939297504,-17.366446772524913,20.000000000000004,0.0,0.0,0.0
0.6446917691703219,-17.359917123727584,20.000000000000007,0.0,0.0,0.0
0.6367528717487325,-17.35338686832979,20.00000000000001,0.0,0.0,0.0
0.6288148017910553,-17.3468560061117,20.000000000000007,0.0,0.0,0.0
0.6208775594233736,-17.340324536853505,20.00000000000001,0.0,0.0,0.0
0.6129411447717846,-17.3337924603354,20.000000000000007,0.0,0.0,0.0
0.605005557962399,-17.32725977633756,20.00000000000001,0.0,0.0,0.0
0.5970707991213398,-17.320726484640176,20.000000000000004,0.0,0.0,0.0
0.5891368683747411,-17.314192585023434,20.000000000000007,0.0,0.0,0.0
0.5812037658487532,-17.307658077267522,20.00000000000001,0.0,0.0,0.0
0.5732714916695337,-17.30112296115264,20.000000000000007,0.0,0.0,0.0
0.5653400459632583,-17.294587236458966,20.000000000000007,0.0,0.0,0.0
0.5574094288561122,-17.288050902966706,20.00000000000001,0.0,0.0,0.0
0.549479640474294,-17.281513960456035,20.00000000000001,0.0,0.0,0.0
0.5415506809440158,-17.27497640870716,20.000000000000007,0.0,0.0,0.0
0.5336225503914999,-17.268438247500267,20.000000000000007,0.0,0.0,0.0
0.5256952489429845,-17.261899476615554,20.000000000000004,0.0,0.0,0.0
0.5177687767247172,-17.25536009583321,20.000000000000007,0.0,0.0,0.0
0.5098431338629613,-17.248820104933436,20.000000000000007,0.0,0.0,0.0
0.5019183204839879,-17.242279503696437,20.000000000000004,0.0,0.0,0.0
0.4939943367140845,-17.235738291902383,20.00000000000001,0.0,0.0,0.0
0.48607118267955085,-17.229196469331495,20.000000000000007,0.0,0.0,0.0
0.47814885850669714,-17.222654035763956,20.000000000000007,0.0,0.0,0.0
0.47022736432184775,-17.216110990979963,20.000000000000014,0.0,0.0,0.0
0.46230670025133913,-17.209567334759722,20.000000000000014,0.0,0.0,0.0
0.4543868664215188,-17.20302306688342,20.00000000000001,0.0,0.0,0.0
0.44646786295874874,-17.19647818713127,20.00000000000001,0.0,0.0,0.0
0.43854968998940175,-17.189932695283453,20.000000000000007,0.0,0.0,0.0
0.43063234763986374,-17.18338659112017,20.00000000000001,0.0,0.0,0.0
0.42271583603653157,-17.176839874421624,20.000000000000014,0.0,0.0,0.0
0.4148001553058162,-17.170292544968007,20.000000000000014,0.0,0.0,0.0
0.4068853055741398,-17.163744602539516,20.000000000000014,0.0,0.0,0.0
0.3989712869679372,-17.15719604691636,20.00000000000001,0.0,0.0,0.0
0.39105809961365595,-17.15064687787872,20.00000000000001,0.0,0.0,0.0
0.3831457436377542,-17.144097095206796,20.000000000000014,0.0,0.0,0.0
