galstreams/tracks/track.st.M2.grillmair2022.ecsv
# %ECSV 1.0
# ---
# datatype:
# - {name: ra, unit: deg, datatype: float64}
# - {name: dec, unit: deg, datatype: float64}
# - {name: distance, unit: kpc, datatype: float64}
# - {name: pm_ra_cosdec, unit: mas / yr, datatype: float64}
# - {name: pm_dec, unit: mas / yr, datatype: float64}
# - {name: radial_velocity, unit: km / s, datatype: float64}
# delimiter: ','
# meta: !!omap
# - __serialized_columns__:
#     dec:
#       __class__: astropy.coordinates.angles.Latitude
#       unit: &id001 !astropy.units.Unit {unit: deg}
#       value: !astropy.table.SerializedColumn {name: dec}
#     distance:
#       __class__: astropy.coordinates.distances.Distance
#       unit: !astropy.units.Unit {unit: kpc}
#       value: !astropy.table.SerializedColumn {name: distance}
#     pm_dec:
#       __class__: astropy.units.quantity.Quantity
#       unit: !astropy.units.Unit {unit: mas / yr}
#       value: !astropy.table.SerializedColumn {name: pm_dec}
#     pm_ra_cosdec:
#       __class__: astropy.units.quantity.Quantity
#       unit: !astropy.units.Unit {unit: mas / yr}
#       value: !astropy.table.SerializedColumn {name: pm_ra_cosdec}
#     ra:
#       __class__: astropy.coordinates.angles.Longitude
#       unit: *id001
#       value: !astropy.table.SerializedColumn {name: ra}
#       wrap_angle: !astropy.coordinates.Angle
#         unit: *id001
#         value: 360.0
#     radial_velocity:
#       __class__: astropy.units.quantity.Quantity
#       unit: !astropy.units.Unit {unit: km / s}
#       value: !astropy.table.SerializedColumn {name: radial_velocity}
# schema: astropy-2.0
ra,dec,distance,pm_ra_cosdec,pm_dec,radial_velocity
[from data line 2333]
303.3193210442539,-7.486678363757776,11.69299999999999,5.644618290532634,-1.8193629167477976,-7.789209595131913e-14
303.3288463832648,-7.483487763063176,11.69299999999999,5.643508522457411,-1.8196450155383106,-1.620997672500425e-13
303.33837195201113,-7.480298094327275,11.692999999999987,5.642398816815886,-1.81992718831581,-5.0524602779234026e-14
303.3478977500184,-7.4771093557881745,11.69299999999999,5.641289173747849,-1.8202094347149897,4.8419410996765944e-14
303.3574237768113,-7.473921545682318,11.692999999999987,5.640179593393119,-1.820491754370221,-1.768361097273191e-13
303.3669500319138,-7.470734662244526,11.692999999999987,5.639070075891497,-1.8207741469155452,-4.631421921429786e-14
303.3764765148491,-7.467548703707902,11.692999999999987,5.637960621382802,-1.821056611984683,-1.5788938368510635e-13
303.38600322513986,-7.464363668303887,11.692999999999987,5.636851230006858,-1.8213391492110305,-9.894401377599997e-14
303.39553016230764,-7.46117955426232,11.692999999999989,5.635741901903483,-1.8216217582276641,-1.473634247727659e-14
303.40505732587343,-7.457996359811353,11.692999999999989,5.634632637212514,-1.8219044386673346,6.526094525651062e-14
303.4145847153575,-7.454814083177476,11.692999999999987,5.63352343607378,-1.822187190162475,-1.4104784942536167e-13
303.42411233027934,-7.4516327225855985,11.69299999999999,5.6324142986271175,-1.8224700123451982,-2.2946590428902123e-13
303.4336401701579,-7.44845227625893,11.692999999999989,5.631305225012369,-1.8227529048472997,-1.5999457546757442e-13
303.443168234511,-7.445272742419115,11.692999999999987,5.630196215369372,-1.823035867300255,1.0525958912340423e-14
303.452696522856,-7.442094119286119,11.692999999999987,5.629087269837972,-1.8233188993352258,-1.8736206863965952e-13
303.4622250347096,-7.438916405078297,11.692999999999989,5.627978388558015,-1.8236020005830507,3.368306851948935e-14
303.4717537695874,-7.435739598012437,11.692999999999989,5.626869571669346,-1.8238851706742656,-2.1893994537668078e-13
303.4812827270047,-7.43256369630366,11.692999999999989,5.625760819311818,-1.82416840923908,-1.9578283576953187e-13
303.4908119064759,-7.429388698165496,11.692999999999985,5.624652131625278,-1.8244517159073963,-4.4209027431829774e-14
303.50034130751453,-7.42621460180991,11.692999999999987,5.623543508749575,-1.8247350903088049,2.5262301389617013e-14
303.5098709296335,-7.4230414054472345,11.692999999999989,5.622434950824561,-1.8250185320725847,-2.48412630331234e-13
303.51940077234525,-7.419869107286209,11.692999999999987,5.621326457990084,-1.8253020408276999,-1.7473091794485103e-13
303.528930835161,-7.416697705534033,11.692999999999989,5.620218030385995,-1.8255856162028108,-1.642049590325106e-13
303.53846111759174,-7.413527198396286,11.692999999999987,5.619109668152143,-1.8258692578262656,2.7367493172085098e-14
303.54799161914735,-7.410357584076961,11.69299999999999,5.618001371428372,-1.8261529653261037,1.1368035625327657e-13
303.55752233933714,-7.407188860778545,11.692999999999989,5.616893140354531,-1.8264367383300657,2.1051917824680845e-15
303.5670532776698,-7.404021026701897,11.692999999999987,5.615784975070461,-1.8267205764655756,-1.642049590325106e-13
303.5765844336534,-7.400854080046325,11.69299999999999,5.614676875716007,-1.8270044793597562,1.1157516447080849e-13
303.5861158067948,-7.397688019009627,11.69299999999999,5.613568842431002,-1.8272884466394297,-1.2631150694808506e-14
303.5956473966006,-7.394522841788007,11.69299999999999,5.6124608753552865,-1.8275724779311144,-9.683882199353189e-14
303.6051792025767,-7.391358546576114,11.692999999999989,5.6113529746286925,-1.8278565728610192,-1.473634247727659e-14
303.6147112242281,-7.3881951315671195,11.692999999999989,5.610245140391047,-1.8281407310550604,-4.8419410996765944e-14
303.62424346105894,-7.385032594952597,11.69299999999999,5.609137372782174,-1.82842495213885,-1.9578283576953187e-13
303.63377591257324,-7.381870934922603,11.692999999999987,5.608029671941898,-1.8287092357376995,-5.2629794561702114e-14
303.64330857827366,-7.378710149665706,11.692999999999989,5.606922038010029,-1.8289935814766238,-1.0946997268834039e-13
303.6528414576626,-7.375550237368896,11.692999999999987,5.605814471126383,-1.8292779889803392,3.789345208442552e-14
303.6623745502414,-7.372391196217716,11.692999999999989,5.604706971430761,-1.8295624578732663,-1.642049590325106e-13
303.67190785551117,-7.369233024396142,11.692999999999987,5.603599539062963,-1.8298469877795274,6.105056169157445e-14
303.6814413729719,-7.366075720086646,11.692999999999989,5.6024921741627836,-1.8301315783229533,-1.789413015097872e-13
303.6909751021231,-7.362919281470255,11.692999999999987,5.601384876870012,-1.830416229127077,-1.3262708229548932e-13
303.7005090424635,-7.359763706726441,11.692999999999987,5.600277647324424,-1.8307009398151393,-5.2629794561702114e-14
303.71004319349123,-7.356608994033199,11.692999999999987,5.599170485665792,-1.83098571001009,-2.315710960714893e-14
303.71957755470356,-7.3534551415670775,11.692999999999987,5.598063392033884,-1.8312705393345903,-1.9788802755199994e-13
303.7291121255973,-7.350302147503095,11.69299999999999,5.596956366568458,-1.8315554274110024,-1.4736342477276593e-13
303.7386469056684,-7.347150010014806,11.692999999999989,5.595849409409263,-1.8318403738614093,-1.7052053437991484e-13
303.7481818944122,-7.343998727274326,11.692999999999989,5.59474252069604,-1.8321253783075966,2.1051917824680845e-15
303.7577170913233,-7.340848297452271,11.692999999999989,5.59363570056852,-1.832410440371068,-7.368171238638296e-14
303.7672524958957,-7.33769871871779,11.692999999999987,5.592528949166427,-1.832695559673038,1.894672604221276e-14
303.7767881076226,-7.334549989238617,11.69299999999999,5.591422266629473,-1.8329807358344345,1.473634247727659e-14
303.7863239259966,-7.331402107181007,11.692999999999987,5.590315653097364,-1.8332659684759067,-2.5262301389617017e-13
303.79585995050974,-7.328255070709748,11.692999999999989,5.58920910870979,-1.833551257217807,-8.21024795162553e-14
303.80539618065313,-7.32510887798825,11.692999999999987,5.588102633606436,-1.833836601680219,-9.052324664612763e-14
303.81493261591737,-7.321963527178431,11.69299999999999,5.586996227926969,-1.8341220014829338,1.0525958912340423e-14
303.8244692557924,-7.318819016440779,11.69299999999999,5.585889891811059,-1.834407456245465,8.841805486365955e-14
303.8340060997673,-7.3156753439344095,11.692999999999987,5.584783625398347,-1.8346929655870512,-1.7052053437991484e-13
303.84354314733076,-7.31253250781696,11.692999999999987,5.583677428828471,-1.834978529126638,-3.368306851948935e-14
303.85308039797064,-7.309390506244659,11.692999999999989,5.582571302241059,-1.835264146482904,-8.21024795162553e-14
303.8626178511741,-7.306249337372371,11.692999999999989,5.581465245775718,-1.835549817274249,-3.9998643866893604e-14
303.8721555064278,-7.303108999353484,11.692999999999987,5.580359259572051,-1.8358355411187917,-2.5262301389617013e-14
303.88169336321744,-7.299969490340058,11.692999999999987,5.579253343769642,-1.8361213176343776,-2.2525552072408504e-13
303.8912314210284,-7.296830808482703,11.692999999999989,5.578147498508063,-1.8364071464385752,-3.157787673702127e-14
303.9007696793453,-7.2936929519306375,11.692999999999987,5.577041723926874,-1.8366930271486812,-6.315575347404254e-14
303.9103081376519,-7.290555918831743,11.692999999999987,5.575936020165618,-1.8369789593817212,4.631421921429786e-14
303.91984679543145,-7.287419707332473,11.692999999999989,5.5748303873638205,-1.8372649427544434,5.6840178126638284e-14
303.9293856521667,-7.2842843155779,11.692999999999987,5.5737248256609995,-1.8375509768833282,6.315575347404254e-14
303.93892470733937,-7.28114974171178,11.692999999999989,5.572619335196652,-1.8378370613845854,-2.3788667141889356e-13
303.94846396043096,-7.278015983876444,11.692999999999989,5.571513916110263,-1.838123195874155,-1.515738083377021e-13
303.95800341092206,-7.274883040212873,11.692999999999989,5.5704085685412945,-1.8384093799677066,-6.73661370389787e-14
303.96754305829256,-7.271750908860732,11.69299999999999,5.5693032926292005,-1.838695613280647,-1.221011233831489e-13
303.9770829020219,-7.2686195879582876,11.692999999999989,5.568198088513416,-1.838981895428112,-6.315575347404253e-15
303.98662294158873,-7.26548907564246,11.692999999999987,5.567092956333357,-1.839268226024973,-2.5262301389617013e-14
303.99616317647116,-7.262359370048875,11.692999999999987,5.565987896228421,-1.839554604685837,2.5262301389617013e-14
304.0057036061465,-7.259230469311777,11.692999999999987,5.56488290833799,-1.8398410310250473,-1.1578554803574466e-13
304.01524423009164,-7.25610237156407,11.692999999999987,5.563777992801427,-1.840127504656682,-2.2525552072408504e-13
304.02478504778264,-7.252975074937388,11.692999999999987,5.562673149758078,-1.84041402519456,-2.315710960714893e-13
304.0343260586951,-7.249848577561972,11.692999999999989,5.5615683793472686,-1.840700592252238,-8.420767129872338e-15
304.0438672623037,-7.2467228775668175,11.692999999999987,5.56046368170831,-1.8409872054430123,8.841805486365955e-14
304.05340865808273,-7.243597973079554,11.692999999999989,5.559359056980481,-1.8412738643799214,-1.642049590325106e-13
304.0629502455058,-7.24047386222652,11.692999999999989,5.558254505303059,-1.8415605686757406,-1.9788802755199994e-13
304.072492024046,-7.237350543132736,11.692999999999987,5.557150026815288,-1.8418473179429924,-5.6840178126638284e-14
304.08203399317546,-7.234228013921979,11.692999999999989,5.556045621656391,-1.8421341117939423,1.473634247727659e-14
304.09157615236603,-7.231106272716657,11.692999999999987,5.554941289965584,-1.8424209498405977,1.473634247727659e-14
304.1011185010886,-7.227985317637965,11.692999999999989,5.553837031882043,-1.8427078316947143,-2.315710960714893e-14
304.11066103881376,-7.224865146805767,11.69299999999999,5.552732847544938,-1.8429947569677916,-1.6841534259744677e-13
304.1202037650114,-7.221745758338645,11.692999999999987,5.551628737093409,-1.843281725271077,-1.0104920555846805e-13
304.12974667915057,-7.218627150353957,11.692999999999989,5.550524700666577,-1.8435687362155648,-1.4315304120782974e-13
304.1392897807,-7.215509320967748,11.692999999999987,5.549420738403537,-1.8438557894120016,-5.2629794561702114e-14
304.14883306912753,-7.212392268294798,11.69299999999999,5.548316850443365,-1.8441428844708803,-2.2736071250655313e-13
304.15837654390066,-7.209275990448683,11.692999999999989,5.547213036925115,-1.844430021002446,-4.4209027431829774e-14
304.16792020448594,-7.206160485541669,11.692999999999989,5.546109297987812,-1.844717198616695,-2.547282056786382e-13
304.1774640503497,-7.203045751684777,11.692999999999987,5.5450056337704625,-1.8450044169233775,-7.578690416885104e-14
304.1870080809573,-7.199931786987834,11.69299999999999,5.543902044412041,-1.845291675531995,-4.210383564936169e-15
304.1965522957737,-7.196818589559383,11.692999999999987,5.5427985300515115,-1.8455789740518063,-1.4525823299029783e-13
304.20609669426324,-7.193706157506731,11.692999999999987,5.5416950908277975,-1.8458663120918217,-1.4525823299029783e-13
304.2156412758895,-7.190594488936011,11.692999999999989,5.540591726879809,-1.8461536892608126,-2.315710960714893e-14
304.2251860401156,-7.1874835819520735,11.692999999999987,5.539488438346423,-1.8464411051673029,-1.9788802755199994e-13
304.23473098640414,-7.184373434658556,11.692999999999987,5.538385225366497,-1.8467285594195788,-1.49468616555234e-13
304.24427611421686,-7.181264045157938,11.692999999999987,5.537282088078854,-1.8470160516256813,1.2631150694808506e-14
304.2538214230151,-7.1781554115514155,11.692999999999987,5.5361790266223005,-1.8473035813934144,-6.526094525651062e-14
304.26336691225947,-7.175047531939053,11.692999999999989,5.535076041135605,-1.8475911483303429,2.7367493172085098e-14
304.27291258141,-7.1719404044196615,11.69299999999999,5.53397313175752,-1.8478787520437918,-4.631421921429786e-14
304.2824584299264,-7.168834027090865,11.692999999999987,5.532870298626767,-1.8481663921408504,-2.463074385487659e-13
304.2920044572674,-7.165728398049143,11.692999999999987,5.531767541882033,-1.8484540682283694,-1.9578283576953187e-13
304.3015506628914,-7.1626235153897415,11.69299999999999,5.530664861661981,-1.8487417799129655,2.947268495455318e-14
304.311097046256,-7.159519377206736,11.692999999999989,5.529562258105251,-1.8490295268010222,-1.0104920555846805e-13
304.3206436068183,-7.156415981593067,11.692999999999989,5.528459731350448,-1.8493173084986885,-1.620997672500425e-13
304.3301903440349,-7.153313326640465,11.692999999999987,5.527357281536149,-1.849605124611879,-2.042036028994042e-13
304.3397372573619,-7.150211410439488,11.692999999999989,5.526254908800897,-1.8498929747462767,-1.221011233831489e-13
304.34928434625436,-7.147110231079592,11.69299999999999,5.525152613283218,-1.8501808585073358,-5.4734986344170195e-14
304.3588316101673,-7.144009786649031,11.692999999999987,5.524050395121596,-1.8504687755002818,-1.0525958912340423e-13
304.3683790485548,-7.140910075234897,11.692999999999989,5.522948254454483,-1.8507567253301054,-2.0841398646434036e-13
304.3779266608705,-7.1378110949232045,11.692999999999987,5.5218461914203125,-1.8510447076015741,8.420767129872338e-15
304.3874744465674,-7.134712843798764,11.692999999999989,5.520744206157473,-1.8513327219192288,-2.3367628785395737e-13
304.39702240509814,-7.1316153199452605,11.692999999999989,5.519642298804335,-1.8516207678873788,-1.3894265764289357e-13
304.40657053591445,-7.1285185214453,11.692999999999989,5.518540469499223,-1.8519088451101144,-1.0315439734093615e-13
304.4161188384677,-7.125422446380307,11.692999999999989,5.517438718380442,-1.8521969531912974,-1.789413015097872e-13
304.4256673122087,-7.122327092830592,11.692999999999987,5.5163370455862575,-1.852485091734567,-9.894401377599997e-14
304.43521595658757,-7.119232458875401,11.692999999999985,5.515235451254901,-1.852773260343341,0.0
304.4447647710539,-7.116138542592817,11.69299999999999,5.514133935524573,-1.853061458620814,-2.5262301389617013e-14
304.4543137550568,-7.113045342059824,11.692999999999989,5.513032498533443,-1.8533496861699614,-1.4104784942536167e-13
304.4638629080447,-7.109952855352349,11.692999999999989,5.5119311404196445,-1.8536379425935374,-1.1789073981821273e-13
304.47341222946557,-7.106861080545161,11.692999999999989,5.510829861321277,-1.8539262274940778,-2.2946590428902123e-13
304.4829617187668,-7.103770015712006,11.69299999999999,5.509728661376402,-1.8542145404739017,-7.789209595131913e-14
304.49251137539505,-7.100679658925498,11.692999999999985,5.508627540723053,-1.8545028811351099,-6.315575347404253e-15
304.5020611987967,-7.097590008257163,11.69299999999999,5.5075264994992175,-1.854791249079584,-9.683882199353189e-14
304.5116111884174,-7.0945010617775095,11.69299999999999,5.506425537842864,-1.855079643908998,3.5788260301957434e-14
304.52116134370226,-7.0914128175559235,11.692999999999987,5.505324655891913,-1.8553680652248055,2.5262301389617013e-14
304.5307116640959,-7.08832527366072,11.692999999999987,5.504223853784247,-1.855656512628248,-1.894672604221276e-14
304.54026214904235,-7.085238428159214,11.692999999999987,5.50312313165772,-1.8559449857203556,-8.631286308119147e-14
304.549812797985,-7.082152279117607,11.692999999999987,5.5020224896501455,-1.8562334841019466,-1.9157245220459568e-13
304.559363610367,-7.079066824601054,11.69299999999999,5.500921927899298,-1.8565220073736257,-2.7367493172085098e-14
304.5689145856304,-7.075982062673714,11.692999999999989,5.49982144654292,-1.8568105551357972,-1.7262572616238293e-13
304.57846572321733,-7.072897991398653,11.692999999999987,5.49872104571871,-1.8570991269886448,-2.3999186320136165e-13
304.5880170225691,-7.069814608837903,11.692999999999987,5.497620725564333,-1.8573877225321493,1.6841534259744676e-14
304.59756848312617,-7.066731913052517,11.69299999999999,5.49652048621741,-1.8576763413660882,-1.0104920555846805e-13
