galstreams/tracks/track.st.Gaia-12.ibata2024.ecsv
# %ECSV 1.0
# ---
# datatype:
# - {name: ra, unit: deg, datatype: float64}
# - {name: dec, unit: deg, datatype: float64}
# - {name: distance, unit: kpc, datatype: float64}
# - {name: pm_ra_cosdec, unit: mas / yr, datatype: float64}
# - {name: pm_dec, unit: mas / yr, datatype: float64}
# - {name: radial_velocity, unit: km / s, datatype: float64}
# delimiter: ','
# meta: !!omap
# - __serialized_columns__:
#     dec:
#       __class__: astropy.coordinates.angles.Latitude
#       unit: &id001 !astropy.units.Unit {unit: deg}
#       value: !astropy.table.SerializedColumn {name: dec}
#     distance:
#       __class__: astropy.coordinates.distances.Distance
#       unit: !astropy.units.Unit {unit: kpc}
#       value: !astropy.table.SerializedColumn {name: distance}
#     pm_dec:
#       __class__: astropy.units.quantity.Quantity
#       unit: !astropy.units.Unit {unit: mas / yr}
#       value: !astropy.table.SerializedColumn {name: pm_dec}
#     pm_ra_cosdec:
#       __class__: astropy.units.quantity.Quantity
#       unit: !astropy.units.Unit {unit: mas / yr}
#       value: !astropy.table.SerializedColumn {name: pm_ra_cosdec}
#     ra:
#       __class__: astropy.coordinates.angles.Longitude
#       unit: *id001
#       value: !astropy.table.SerializedColumn {name: ra}
#       wrap_angle: !astropy.coordinates.Angle
#         unit: *id001
#         value: 360.0
#     radial_velocity:
#       __class__: astropy.units.quantity.Quantity
#       unit: !astropy.units.Unit {unit: km / s}
#       value: !astropy.table.SerializedColumn {name: radial_velocity}
# schema: astropy-2.0
ra,dec,distance,pm_ra_cosdec,pm_dec,radial_velocity
[from data line 1214]
30.9179726893272,24.30973016395665,0.9999999999999997,4.38834459424848,-3.5032199874708283,-820.3953730160462
30.92632342651022,24.30323703152458,0.9999999999999998,4.389934396775814,-3.504586334462573,-819.0949107380723
30.93467413342057,24.29674436915754,0.9999999999999997,4.3915225643639815,-3.505955007404907,-817.7965501747748
30.943024809362964,24.29025217574037,0.9999999999999998,4.393109098594735,-3.507326002215237,-816.5002896186453
30.95137545364197,24.283760450158095,0.9999999999999999,4.394694001051093,-3.50869931481148,-815.2061273621752
30.959726065561792,24.27726919129609,0.9999999999999998,4.39627727331704,-3.5100749411121797,-813.9140616978551
30.968076644426656,24.270778398039855,0.9999999999999998,4.397858916977896,-3.511452877036241,-812.6240909181772
30.97642718954059,24.264288069275132,0.9999999999999999,4.399438933620047,-3.512833118503252,-811.3362133156313
30.984777700207264,24.25779820388802,0.9999999999999997,4.401017324831017,-3.5142156614332123,-810.0504271827101
30.993128175730316,24.251308800764708,0.9999999999999999,4.402594092199422,-3.51560050174664,-808.766730811904
31.00147861541325,24.244819858791672,0.9999999999999998,4.404169237315216,-3.5169876353647,-807.4851224957041
31.009829018559177,24.238331376855683,0.9999999999999998,4.405742761769247,-3.518377058208941,-806.2056005266018
31.018179384471217,24.231843353843683,0.9999999999999998,4.407314667153827,-3.519768766201466,-804.9281631970888
31.026529712452284,24.22535578864283,0.9999999999999998,4.408884955062078,-3.521162755264932,-803.6528087996553
31.03488000180498,24.218868680140613,0.9999999999999998,4.410453627088472,-3.5225590213225644,-802.3795356267937
31.04323025183185,24.21238202722468,0.9999999999999997,4.4120206848286045,-3.523957560297916,-801.1083419709944
31.051580461835275,24.205895828782893,0.9999999999999998,4.413586129879107,-3.52535836811537,-799.8392261247486
31.05993063111731,24.19941008370346,0.9999999999999999,4.415149963837919,-3.5267614406995307,-798.572186380548
31.06828075897997,24.192924790874734,0.9999999999999999,4.4167121883039755,-3.5281667739756912,-797.3072210308837
31.07663084472506,24.186439949185278,0.9999999999999999,4.4182728048774464,-3.529574363869635,-796.0443283682465
31.084980887654122,24.179955557524025,0.9999999999999998,4.419831815159647,-3.5309842063076715,-794.7835066851277
31.09333088706859,24.173471614780006,0.9999999999999999,4.421389220752964,-3.532396297216586,-793.524754274019
31.101680842269772,24.166988119842525,0.9999999999999999,4.422945023260972,-3.5338106325237533,-792.2680694274112
31.11003075255863,24.160505071601197,0.9999999999999999,4.4244992242883825,-3.5352272081570533,-791.0134504377959
31.118380617236074,24.15402246894578,0.9999999999999998,4.426051825441043,-3.5366460200448557,-789.7608955976638
31.126730435602852,24.147540310766267,0.9999999999999999,4.427602828325959,-3.538067064116049,-788.5104031995063
31.1350802069594,24.141058595952995,0.9999999999999998,4.4291522345512675,-3.539490336300126,-787.2619715358148
31.143429930606082,24.134577323396417,0.9999999999999998,4.4307000457261765,-3.54091583252702,-786.0155988990804
31.1517796058431,24.128096491987243,0.9999999999999998,4.4322462634611455,-3.54234354872721,-784.771283581794
31.160129231970355,24.12161610061651,0.9999999999999998,4.433790889367742,-3.5437734808317174,-783.5290238764475
31.16847880828767,24.11513614817538,0.9999999999999997,4.435333925058636,-3.545205624772052,-782.2888180755313
31.176828334094715,24.108656633555263,0.9999999999999998,4.436875372147583,-3.546639976480307,-781.0506644715373
31.18517780869083,24.102177555647902,0.9999999999999998,4.438415232249682,-3.5480765318890093,-779.8145613569561
31.19352723137531,24.095698913345178,0.9999999999999999,4.439953506980885,-3.549515286931282,-778.5805070242797
31.201876601447278,24.08922070553919,0.9999999999999998,4.441490197958473,-3.5509562375407384,-777.348499765999
31.210225918205538,24.082742931122393,0.9999999999999997,4.443025306800777,-3.5523993796515967,-776.1185378746045
31.218575180948875,24.076265588987372,1.0,4.444558835127424,-3.5538447091984224,-774.8906196425884
31.226924388975835,24.06978867802694,0.9999999999999998,4.446090784558905,-3.5552922221164707,-773.6647433624412
31.235273541584714,24.063312197134238,0.9999999999999999,4.447621156717041,-3.556741914341501,-772.4409073266548
31.243622638073727,24.05683614520257,0.9999999999999999,4.4491499532247545,-3.5581937818096563,-771.2191098277202
31.251971677740915,24.050360521125448,0.9999999999999998,4.450677175705998,-3.559647820457819,-769.9993491581278
31.26032065988402,24.043885323796722,0.9999999999999998,4.452202825786031,-3.561104026223191,-768.7816236103699
31.268669583800722,24.037410552110394,0.9999999999999999,4.453726905091109,-3.562562395043628,-767.5659314769372
31.27701844878853,24.030936204960675,0.9999999999999998,4.4552494152486375,-3.5640229228574754,-766.352271050321
31.285367254144646,24.024462281242137,0.9999999999999998,4.456770357887187,-3.565485605603591,-765.1406406230126
31.293715999166224,24.017988779849453,0.9999999999999998,4.458289734636459,-3.566950439221401,-763.9310384875027
31.3020646831502,24.011515699677613,0.9999999999999998,4.459807547127305,-3.568417419650771,-762.7234629362833
31.310413305393357,24.005043039621743,1.0,4.46132379699155,-3.5698865428321653,-761.5179122618453
31.318761865192197,23.998570798577376,0.9999999999999998,4.462838485862392,-3.5713578047065226,-760.3143847566795
31.327110361843147,23.99209897544011,0.9999999999999998,4.464351615373971,-3.5728312012154078,-759.1128787132778
31.33545879464249,23.98562756910583,0.9999999999999997,4.465863187161624,-3.5743067283007406,-757.913392424131
31.343807162886154,23.979156578470725,0.9999999999999998,4.467373202861786,-3.575784381905123,-756.7159241817305
31.352155465870066,23.972686002431132,0.9999999999999998,4.468881664112082,-3.577264157971605,-755.520472278567
31.360503702889957,23.9662158398836,0.9999999999999998,4.470388572551144,-3.578746052443776,-754.3270350071327
31.368851873241248,23.95974608972505,0.9999999999999998,4.4718939298189255,-3.5802300612657234,-753.1356106599181
31.377199976219302,23.953276750852503,0.9999999999999998,4.473397737556233,-3.581716180382159,-751.9461975294141
31.385548011119358,23.94680782216323,0.9999999999999998,4.474899997405288,-3.5832044057381864,-750.758793908113
31.393895977236266,23.94033930255483,0.9999999999999999,4.476400711009191,-3.5846947332795125,-749.573398088505
31.402243873864904,23.933871190925043,0.9999999999999996,4.477899880012309,-3.586187158952349,-748.3900083630817
31.41059170029994,23.92740348617181,0.9999999999999998,4.479397506060074,-3.5876816787034826,-747.2086230243347
31.418939455835712,23.92093618719346,0.9999999999999999,4.480893590799084,-3.5891782884801344,-746.0292403647543
31.42728713976657,23.91446929288842,0.9999999999999997,4.482388135877024,-3.590676984230079,-744.8518586768326
31.43563475138664,23.908002802155345,0.9999999999999998,4.483881142942629,-3.5921777619017163,-743.6764762530601
31.44398228998977,23.901536713893254,0.9999999999999997,4.485372613645971,-3.593680617443802,-742.5030913859287
31.45232975486975,23.895071027001258,0.9999999999999999,4.486862549638026,-3.595185546805773,-741.331702367929
31.460677145320194,23.888605740378747,0.9999999999999998,4.488350952570933,-3.5966925459374934,-740.1623074915526
31.469024460634408,23.8821408529254,0.9999999999999999,4.489837824098046,-3.5982016107893955,-738.994905049291
31.477371700105657,23.87567636354106,0.9999999999999998,4.491323165873716,-3.59971273731243,-737.8294933336344
31.485718863027035,23.869212271125793,0.9999999999999997,4.4928069795534995,-3.6012259214580453,-736.666070637075
31.494065948691322,23.86274857457999,0.9999999999999999,4.494289266794048,-3.6027411591782794,-735.5046352521035
31.50241295639126,23.856285272804183,0.9999999999999998,4.495770029253123,-3.6042584464256677,-734.3451854712114
31.510759885419432,23.849822364699133,0.9999999999999998,4.49724926858957,-3.605777779153236,-733.1877195868896
31.519106735068068,23.84335984916594,0.9999999999999997,4.498726986463389,-3.6072991533145427,-732.0322358916294
31.5274535046294,23.83689772510583,0.9999999999999998,4.5002031845356925,-3.6088225648637575,-730.8787326779225
31.535800193395467,23.83043599142026,0.9999999999999998,4.501677864468704,-3.6103480097554623,-729.7272082382593
31.544146800658012,23.82397464701103,0.9999999999999999,4.503151027925746,-3.6118754839448215,-728.5776608651315
31.552493325708724,23.81751369078006,0.9999999999999997,4.504622676571287,-3.613404983387511,-727.4300888510304
31.560839767839123,23.811053121629502,0.9999999999999998,4.506092812070833,-3.614936504039811,-726.2844904884469
31.56918612634042,23.80459293846185,0.9999999999999997,4.50756143609113,-3.616470041858385,-725.1408640698726
31.57753240050379,23.798133140179736,0.9999999999999998,4.509028550299881,-3.6180055928005217,-723.9992078877984
31.585878589620233,23.791673725685996,0.9999999999999998,4.510494156366043,-3.619543152824008,-722.8595202347153
31.594224692980436,23.785214693883827,0.9999999999999998,4.51195825595957,-3.6210827178871767,-721.7217994031151
31.602570709875064,23.778756043676538,0.9999999999999999,4.513420850751629,-3.6226242839488734,-720.5860436854887
31.610916639594528,23.772297773967708,0.9999999999999998,4.514881942414384,-3.6241678469684757,-719.4522513743271
31.619262481429164,23.765839883661126,0.9999999999999998,4.516341532621212,-3.625713402905852,-718.320420762122
31.62760823466895,23.759382371660905,0.9999999999999997,4.517799623046535,-3.627260947721453,-717.190550141364
31.63595389860386,23.752925236871285,0.9999999999999997,4.519256215365914,-3.6288104773762058,-716.0626378045451
31.644299472523667,23.746468478196736,0.9999999999999998,4.5207113112559725,-3.630361987831648,-714.9366820441558
31.65264495571786,23.740012094542074,1.0,4.522164912394494,-3.6319154750497233,-713.8126811526881
31.660990347475877,23.73355608481223,0.9999999999999998,4.52361702046035,-3.6334709349930137,-712.6906334226322
31.669335647087,23.727100447912377,0.9999999999999997,4.525067637133482,-3.6350283636245493,-711.5705371464798
31.67768085384019,23.72064518274801,0.9999999999999997,4.526516764095028,-3.6365877569079146,-710.4523906167226
31.686025967024364,23.71419028822477,0.9999999999999998,4.527964403027099,-3.6381491108072694,-709.3361921258511
31.694370985928284,23.70773576324851,0.9999999999999997,4.529410555613026,-3.639712421287207,-708.2219399663566
31.702715909840403,23.701281606725427,0.9999999999999996,4.530855223537209,-3.6412776843129393,-707.1096324307308
31.711060738049117,23.694827817561844,0.9999999999999997,4.53229840848509,-3.6428448958501463,-705.999267811464
31.71940546984268,23.688374394664315,0.9999999999999997,4.533740112143285,-3.6444140518650627,-704.8908444010485
31.72775010450902,23.68192133693973,0.9999999999999998,4.535180336199481,-3.645985148324435,-703.7843604919751
31.73609464133603,23.675468643295112,0.9999999999999996,4.536619082342483,-3.6475581811955067,-702.6798143767348
31.744439079611453,23.669016312637687,0.9999999999999997,4.53805635226221,-3.649133146446161,-701.5772043478189
31.752783418622688,23.662564343875054,0.9999999999999997,4.539492147649639,-3.650710040044679,-700.4765286977185
31.761127657657134,23.656112735914924,0.9999999999999996,4.540926470196837,-3.652288857959924,-699.3777857189255
31.76947179600199,23.649661487665202,0.9999999999999996,4.542359321597004,-3.653869596161357,-698.28097370393
31.77781583294419,23.643210598034194,0.9999999999999997,4.543790703544474,-3.655452250618815,-697.1860909452242
31.78615976777058,23.636760065930286,0.9999999999999997,4.5452206177346,-3.657036817302746,-696.0931357352988
31.79450359976787,23.6303098902621,0.9999999999999997,4.546649065863853,-3.6586232921841955,-695.002106366645
31.802847328222473,23.62386006993861,0.9999999999999999,4.548076049629884,-3.660211671234613,-693.9130011317545
31.811190952420734,23.61741060386889,0.9999999999999997,4.549501570731323,-3.661801950426053,-692.8258183231177
31.81953447164885,23.61096149096227,0.9999999999999998,4.5509256308679085,-3.6633941257310667,-691.7405562332267
31.827877885192713,23.6045127301284,0.9999999999999998,4.552348231740581,-3.664988193122717,-690.657213154572
31.836221192338172,23.598064320277057,0.9999999999999997,4.553769375051267,-3.6665841485746284,-689.5757873796451
31.844564392370913,23.591616260318247,0.9999999999999997,4.555189062503047,-3.668181988060965,-688.4962772009372
31.852907484576313,23.58516854916231,0.9999999999999996,4.556607295799999,-3.669781707556382,-687.4186809109397
31.86125046823971,23.578721185719715,0.9999999999999997,4.558024076647435,-3.6713833030360803,-686.3429968021434
31.869593342646297,23.57227416890116,0.9999999999999998,4.559439406751665,-3.672986770475781,-685.2692231670402
31.877936107080938,23.565827497617676,0.9999999999999996,4.560853287820116,-3.674592105851751,-684.1973582981202
31.886278760828468,23.55938117078041,0.9999999999999998,4.562265721561289,-3.676199305140777,-683.1274004878759
31.89462130317356,23.55293518730075,0.9999999999999996,4.563676709684799,-3.677808364320157,-682.0593480287973
31.90296373340058,23.54648954609042,0.9999999999999998,4.56508625390137,-3.679419279367721,-680.9931992133766
31.911306050793858,23.54004424606125,0.9999999999999997,4.566494355922728,-3.681032046261876,-679.9289523341046
31.91964825463756,23.533599286125334,0.9999999999999997,4.567901017461779,-3.6826466609814617,-678.8666056834724
31.92799034421555,23.52715466519505,0.9999999999999997,4.5693062402325,-3.6842631195059568,-677.8061575539716
31.936332318811655,23.520710382182948,0.9999999999999997,4.570710025949879,-3.68588141781526,-676.7476062380929
31.944674177709544,23.514266436001776,0.9999999999999997,4.572112376330132,-3.6875015518899232,-675.6909500283277
31.953015920192552,23.50782282556463,0.9999999999999996,4.573513293090393,-3.6891235177108896,-674.6361872171678
31.96135754554402,23.501379549784723,0.9999999999999997,4.574912777949017,-3.6907473112597344,-673.5833160971033
31.969699053047055,23.494936607575532,0.9999999999999998,4.57631083262536,-3.6923729285184947,-672.5323349606265
31.978040441984657,23.48849399785074,0.9999999999999997,4.5777074588399245,-3.6940003654698046,-671.4832421002276
31.986381711639503,23.48205171952434,0.9999999999999997,4.5791026583142695,-3.69562961809676,-670.4360358083986
31.99472286129426,23.475609771510467,0.9999999999999998,4.580496432771042,-3.6972606823830247,-669.3907143776308
32.00306389023141,23.469168152723483,0.9999999999999997,4.58188878393392,-3.698893554312768,-668.3472761004143
32.011404797733135,23.46272686207807,0.9999999999999998,4.58327971352773,-3.700528229870706,-667.3057192692418
32.01974558308161,23.456285898489053,0.9999999999999997,4.5846692232783965,-3.7021647050420725,-666.2660421766036
32.02808624555881,23.44984526087147,0.9999999999999997,4.586057314912836,-3.7038029758126285,-665.2282431149908
32.03642678444642,23.443404948140696,0.9999999999999998,4.587443990159116,-3.7054430381686814,-664.1923203768953
32.0447671990261,23.436964959212222,0.9999999999999997,4.588829250746379,-3.70708488809705,-663.1582722548078
32.05310748857935,23.430525293001782,0.9999999999999997,4.59021309840481,-3.708728521585101,-662.1260970412196
32.06144765238734,23.424085948425432,0.9999999999999998,4.591595534865675,-3.710373934620698,-661.0957930286221
32.06978768973125,23.417646924399357,0.9999999999999997,4.592976561861377,-3.712021123192244,-660.0673585095061
32.07812759989206,23.411208219839956,0.9999999999999998,4.594356181125306,-3.7136700832886973,-659.0407917763634
32.08646738215048,23.40476983366398,0.9999999999999997,4.595734394392075,-3.715320810899499,-658.0160911216847
32.094807035787156,23.398331764788296,0.9999999999999996,4.597111203397134,-3.7169733020146793,-656.9932548379614
