galstreams/tracks/track.st.GD-1.ibata2021.ecsv
# %ECSV 1.0
# ---
# datatype:
# - {name: ra, unit: deg, datatype: float64}
# - {name: dec, unit: deg, datatype: float64}
# - {name: distance, unit: kpc, datatype: float64}
# - {name: pm_ra_cosdec, unit: mas / yr, datatype: float64}
# - {name: pm_dec, unit: mas / yr, datatype: float64}
# - {name: radial_velocity, unit: km / s, datatype: float64}
# delimiter: ','
# meta: !!omap
# - __serialized_columns__:
#     dec:
#       __class__: astropy.coordinates.angles.Latitude
#       unit: &id001 !astropy.units.Unit {unit: deg}
#       value: !astropy.table.SerializedColumn {name: dec}
#     distance:
#       __class__: astropy.coordinates.distances.Distance
#       unit: !astropy.units.Unit {unit: kpc}
#       value: !astropy.table.SerializedColumn {name: distance}
#     pm_dec:
#       __class__: astropy.units.quantity.Quantity
#       unit: !astropy.units.Unit {unit: mas / yr}
#       value: !astropy.table.SerializedColumn {name: pm_dec}
#     pm_ra_cosdec:
#       __class__: astropy.units.quantity.Quantity
#       unit: !astropy.units.Unit {unit: mas / yr}
#       value: !astropy.table.SerializedColumn {name: pm_ra_cosdec}
#     ra:
#       __class__: astropy.coordinates.angles.Longitude
#       unit: *id001
#       value: !astropy.table.SerializedColumn {name: ra}
#       wrap_angle: !astropy.coordinates.Angle
#         unit: *id001
#         value: 360.0
#     radial_velocity:
#       __class__: astropy.units.quantity.Quantity
#       unit: !astropy.units.Unit {unit: km / s}
#       value: !astropy.table.SerializedColumn {name: radial_velocity}
# schema: astropy-2.0
ra,dec,distance,pm_ra_cosdec,pm_dec,radial_velocity
[from data line 1130]
127.5048580403306,0.507909030067808,8.656910749891308,-1.9216361393615813,-10.181915569083749,207.145641704813
127.508766716681,0.5171942399870316,8.6564470948076,-1.9224578293048982,-10.183936797530224,207.10511473376351
127.51267574097957,0.5264792761694873,8.655983484654111,-1.9232794774771689,-10.185957276234724,207.06458227761317
127.5165851133822,0.5357641385835378,8.655519919474049,-1.924101083928499,-10.187977005236677,207.0240443374948
127.5204948340448,0.5450488271974605,8.65505639931062,-1.924922648708987,-10.189995984575505,206.9835009145422
127.52440490312327,0.5543333419795807,8.654592924207034,-1.9257441718687345,-10.192014214290632,206.94295200988844
127.52831532077369,0.5636176828981246,8.654129494206488,-1.9265656534578428,-10.194031694421465,206.90239762466672
127.53222608715201,0.5729018499214498,8.653666109352198,-1.9273870935264075,-10.196048425007413,206.8618377600108
127.5361372024144,0.5821858430177835,8.653202769687367,-1.928208492124527,-10.19806440608787,206.82127241705365
127.54004866671694,0.5914696621553446,8.652739475255196,-1.9290298493022968,-10.200079637702235,206.78070159692862
127.54396048021586,0.600753307302365,8.652276226098898,-1.9298511651098098,-10.202094119889894,206.74012530076905
127.54787264306731,0.610036778427044,8.651813022261676,-1.930672439597157,-10.204107852690225,206.69954352970842
127.55178515542761,0.6193200754975777,8.65134986378674,-1.9314936728144292,-10.206120836142595,206.65895628488002
127.55569801745304,0.6286031984821431,8.650886750717287,-1.9323148648117148,-10.208133070286383,206.61836356741708
127.55961122929999,0.6378861473489083,8.650423683096532,-1.9331360156391055,-10.210144555160944,206.5777653784528
127.56352479112483,0.6471689220659662,8.64996066096768,-1.9339571253466805,-10.212155290805626,206.53716171912072
127.56743870308402,0.6564515226015266,8.649497684373936,-1.9347781939845305,-10.214165277259788,206.49655259055407
127.5713529653341,0.6657339489236889,8.649034753358503,-1.9355992216027345,-10.216174514562761,206.4559379938862
127.57526757803156,0.6750162010005272,8.64857186796459,-1.9364202082513762,-10.218183002753888,206.41531793025038
127.57918254133298,0.6842982788001268,8.648109028235405,-1.9372411539805356,-10.220190741872488,206.3746924007801
127.583097855395,0.6935801822905742,8.647646234214152,-1.9380620588402913,-10.222197731957888,206.3340614066086
127.58701352037428,0.7028619114398513,8.647183485944035,-1.938882922880717,-10.224203973049404,206.29342494886905
127.59092953642761,0.7121434662161179,8.646720783468265,-1.9397037461518907,-10.226209465186342,206.25278302869484
127.59484590371166,0.7214248465873179,8.646258126830045,-1.9405245287038844,-10.228214208408005,206.2121356472194
127.59876262238332,0.7307060525214855,8.645795516072583,-1.9413452705867713,-10.230218202753683,206.17148280557606
127.60267969259942,0.739987083986596,8.645332951239082,-1.9421659718506263,-10.232221448262674,206.1308245048979
127.60659711451687,0.7492679409506398,8.644870432372752,-1.9429866325455116,-10.234223944974257,206.0901607463185
127.61051488829258,0.7585486233815656,8.6444079595168,-1.9438072527214996,-10.23622569292771,206.04949153097127
127.61443301408357,0.7678291312473076,8.643945532714426,-1.9446278324286523,-10.238226692162295,206.00881685998925
127.6183514920469,0.777109464515767,8.64348315200884,-1.9454483717170377,-10.240226942717282,205.96813673450578
127.62227032233959,0.7863896231549379,8.643020817443247,-1.9462688706367157,-10.242226444631926,205.92745115565444
127.62618950511887,0.7956696071326889,8.642558529060857,-1.94708932923775,-10.244225197945477,205.88676012456833
127.63010904054187,0.8049494164168799,8.642096286904872,-1.9479097475702027,-10.246223202697177,205.84606364238076
127.63402892876579,0.8142290509754049,8.641634091018501,-1.9487301256841258,-10.248220458926264,205.80536171022527
127.6379491699479,0.8235085107760964,8.641171941444949,-1.9495504636295797,-10.250216966671964,205.76465432923487
127.64186976424554,0.8327877957867332,8.64070983822742,-1.9503707614566193,-10.252212725973504,205.72394150054316
127.64579071181608,0.8420669059752651,8.640247781409123,-1.9511910192152977,-10.254207736870105,205.68322322528334
127.64971201281688,0.8513458413094068,8.639785771033262,-1.9520112369556637,-10.256201999400972,205.6424995045888
127.65363366740542,0.8606246017569897,8.639323807143047,-1.9528314147277717,-10.258195513605312,205.60177033959283
127.6575556757392,0.869903187285746,8.638861889781682,-1.953651552581671,-10.26018827952232,205.56103573142875
127.66147803797575,0.8791815978634702,8.63840001899237,-1.9544716505674045,-10.262180297191186,205.52029568122975
127.6654007542727,0.8884598334578829,8.63793819481832,-1.955291708735023,-10.2641715666511,205.47955019012943
127.66932382478761,0.897737894036711,8.63747641730274,-1.9561117271345647,-10.26616208794124,205.4387992592609
127.67324724967824,0.9070157795676695,8.637014686488833,-1.9569317058160747,-10.268151861100769,205.3980428897574
127.67717102910221,0.9162934900184059,8.636553002419808,-1.9577516448295906,-10.270140886168857,205.3572810827526
127.68109516321742,0.9255710253567005,8.636091365138869,-1.9585715442251586,-10.272129163184662,205.31651383937952
127.68501965218161,0.9348483855501686,8.635629774689221,-1.9593914040528078,-10.274116692187333,205.27574116077164
127.68894449615269,0.9441255705664449,8.635168231114076,-1.9602112243625793,-10.27610347321602,205.23496304806213
127.69286969528854,0.9534025803731873,8.634706734456636,-1.9610310052045048,-10.278089506309854,205.19417950238446
127.6967952497471,0.9626794149379733,8.634245284760105,-1.961850746628618,-10.280074791507976,205.15339052487195
127.70072115968637,0.9719560742283889,8.63378388206769,-1.9626704486849458,-10.282059328849506,205.11259611665787
127.70464742526445,0.9812325582121056,8.633322526422601,-1.9634901114235246,-10.28404311837356,205.07179627887544
127.70857404663946,0.9905088668566476,8.632861217868042,-1.9643097348943799,-10.286026160119256,205.03099101265823
127.71250102396947,0.9997850001295578,8.632399956447221,-1.96512931914753,-10.28800845412569,204.99018031913926
127.71642835741267,1.0090609579983976,8.631938742203339,-1.9659488642330085,-10.289990000431972,204.9493641994522
127.72035604712732,1.0183367404306574,8.63147757517961,-1.9667683702008325,-10.291970799077184,204.9085426547301
127.72428409327169,1.0276123473938616,8.63101645541923,-1.967587837101022,-10.293950850100423,204.86771568610635
127.72821249600415,1.0368877788555142,8.630555382965415,-1.9684072649836033,-10.295930153540754,204.82688329471435
127.73214125548303,1.0461630347830677,8.630094357861365,-1.9692266538985925,-10.297908709437266,204.78604548168724
127.73607037186669,1.0554381151439378,8.629633380150286,-1.9700460038959955,-10.299886517829009,204.74520224815868
127.73999984531372,1.0647130199056642,8.629172449875393,-1.9708653150258388,-10.30186357875505,204.7043535952616
127.74392967598256,1.0739877490356322,8.628711567079883,-1.971684587338129,-10.303839892254434,204.6634995241297
127.7478598640318,1.0832623025012533,8.628250731806961,-1.9725038208828782,-10.305815458366219,204.6226400358959
127.75179040962001,1.0925366802699137,8.62778994409984,-1.9733230157100947,-10.307790277129437,204.58177513169386
127.75572131290586,1.101810882309002,8.627329204001725,-1.9741421718697851,-10.309764348583116,204.54090481265675
127.75965257404805,1.111084908585832,8.626868511555816,-1.97496128941196,-10.311737672766295,204.50002907991785
127.7635841932053,1.1203587590678445,8.626407866805325,-1.9757803683866164,-10.313710249717976,204.45914793461068
127.76751617053647,1.1296324337223331,8.625947269793459,-1.9765994088437664,-10.315682079477186,204.41826137786828
127.77144850620033,1.1389059325166127,8.625486720563421,-1.9774184108333996,-10.317653162082927,204.37736941082414
127.77538120035581,1.1481792554179704,8.625026219158416,-1.9782373744055255,-10.319623497574195,204.33647203461183
127.77931425316177,1.1574524023937054,8.624565765621652,-1.9790562996101326,-10.321593085989985,204.29556925036425
127.78324766477725,1.1667253734110825,8.624105359996337,-1.9798751864972208,-10.323561927369283,204.2546610592148
127.78718143536129,1.1759981684373464,8.623645002325674,-1.9806940351167863,-10.325530021751067,204.213747462297
127.79111556507286,1.185270787439694,8.623184692652874,-1.9815128455188136,-10.327497369174312,204.17282846074409
127.7950500540712,1.194543230385445,8.622724431021135,-1.982331617753301,-10.329463969677983,204.13190405568938
127.79898490251541,1.2038154972417363,8.622264217473672,-1.9831503518702343,-10.331429823301033,204.09097424826604
127.80292011056471,1.2130875879757987,8.621804052053687,-1.983969047919601,-10.333394930082425,204.0500390396076
127.80685567837837,1.2223595025547547,8.621343934804386,-1.9847877059513859,-10.335359290061097,204.00909843084744
127.81079160611567,1.231631240945799,8.620883865768974,-1.9856063260155707,-10.337322903275991,203.96815242311854
127.814727893936,1.2409028031160505,8.620423844990661,-1.9864249081621403,-10.339285769766043,203.92720101755467
127.81866454199867,1.2501741890325988,8.619963872512649,-1.9872434524410725,-10.341247889570175,203.88624421528877
127.82260155046325,1.259445398662653,8.619503948378146,-1.9880619589023467,-10.343209262727306,203.8452820174544
127.82653891948917,1.2687164319732431,8.619044072630357,-1.9888804275959386,-10.345169889276352,203.8043144251847
127.83047664923595,1.2779872889314576,8.618584245312494,-1.989698858571823,-10.347129769256206,203.76334143961316
127.8344147398632,1.2872579695043462,8.618124466467759,-1.990517251879975,-10.349088902705786,203.72236306187315
127.83835319153057,1.2965284736589693,8.617664736139355,-1.991335607570362,-10.351047289663972,203.68137929309773
127.8422920043977,1.3057988013623358,8.61720505437049,-1.9921539256929577,-10.353004930169657,203.64039013442056
127.84623117862438,1.315068952581483,8.616745421204374,-1.9929722062977286,-10.35496182426171,203.5993955869746
127.8501707143703,1.3243389272833423,8.616285836684208,-1.9937904494346397,-10.356917971979014,203.55839565189328
127.85411061179529,1.3336087254349864,8.615826300853202,-1.994608655153653,-10.35887337336043,203.51739033031023
127.8580508710593,1.3428783470033543,8.615366813754562,-1.995426823504734,-10.36082802844481,203.47637962335833
127.8619914923222,1.3521477919553708,8.61490737543149,-1.9962449545378431,-10.362781937271015,203.43536353217124
127.86593247574396,1.3614170602579798,8.614447985927196,-1.9970630483029395,-10.364735099877889,203.39434205788217
127.86987382148455,1.370686151878093,8.613988645284888,-1.9978811048499767,-10.366687516304268,203.3533152016243
127.87381552970403,1.3799550667825684,8.613529353547765,-1.9986991242289123,-10.368639186588982,203.31228296453114
127.87775760056259,1.3892238049383852,8.61307011075904,-1.9995171064897017,-10.370590110770863,203.27124534773594
127.88170003422029,1.3984923663123514,8.612610916961916,-2.0003350516822933,-10.372540288888723,203.23020235237212
127.88564283083737,1.407760750871341,8.612151772199601,-2.0011529598566375,-10.374489720981378,203.18915397957284
127.88958599057408,1.4170289585821572,8.6116926765153,-2.001970831062686,-10.376438407087626,203.14810023047158
127.89352951359066,1.4262969894116575,8.61123362995222,-2.0027886653503777,-10.378386347246275,203.10704110620154
127.89747340004755,1.4355648433266048,8.610774632553566,-2.003606462769664,-10.380333541496107,203.06597660789612
127.90141765010503,1.4448325202938335,8.610315684362543,-2.0044242233704836,-10.382279989875913,203.02490673668862
127.9053622639236,1.454100020280076,8.609856785422362,-2.005241947202777,-10.384225692424465,202.9838314937122
127.90930724166373,1.463367343252043,8.609397935776224,-2.0060596343164865,-10.386170649180542,202.94275088010045
127.91325258348596,1.472634489176577,8.608939135467338,-2.0068772847615457,-10.388114860182899,202.9016648969866
127.91719828955085,1.4819014580203587,8.60848038453891,-2.00769489858789,-10.3900583254703,202.860573545504
127.92114436001903,1.4911682497500847,8.608021683034144,-2.008512475845455,-10.392001045081491,202.81947682678583
127.92509079505118,1.500434864332444,8.607563030996248,-2.009330016584171,-10.393943019055222,202.77837474196554
127.92903759480801,1.5097013017341168,8.60710442846843,-2.0101475208539683,-10.395884247430223,202.73726729217643
127.93298475945028,1.5189675619217091,8.606645875493891,-2.0109649887047722,-10.397824730245233,202.6961544785517
127.93693228913882,1.5282336448619476,8.606187372115844,-2.0117824201865098,-10.399764467538963,202.655036302225
127.94088018403453,1.5374995505214182,8.605728918377489,-2.01259981534911,-10.401703459350143,202.61391276432948
127.94482844429827,1.5467652788667312,8.605270514322035,-2.0134171742424876,-10.403641705717478,202.57278386599816
127.94877707009098,1.556030829864482,8.60481215999269,-2.014234496916565,-10.405579206679665,202.53164960836483
127.95272606157373,1.565296203481223,8.604353855432654,-2.015051783421266,-10.407515962275411,202.4905099925626
127.95667541890754,1.5745613996835461,8.60389560068514,-2.015869033806498,-10.409451972543392,202.44936501972467
127.96062514225349,1.583826418437966,8.60343739579335,-2.016686248122184,-10.411387237522305,202.40821469098466
127.9645752317728,1.5930912597110256,8.602979240800492,-2.0175034264182345,-10.41332175725082,202.36705900747555
127.96852568762655,1.6023559234691795,8.602521135749772,-2.018320568744559,-10.415255531767606,202.325897970331
127.97247650997612,1.6116204096790225,8.602063080684399,-2.0191376751510663,-10.417188561111319,202.28473158068414
127.97642769898273,1.620884718306992,8.601605075647573,-2.019954745687666,-10.419120845320624,202.24355983966822
127.98037925480772,1.630148849319526,8.601147120682501,-2.0207717804042624,-10.421052384434173,202.20238274841682
127.9843311776125,1.6394128026830836,8.600689215832395,-2.0215887793507594,-10.422983178490593,202.16120030806306
127.98828346755849,1.6486765783640918,8.600231361140455,-2.022405742577054,-10.424913227528524,202.12001251974044
127.99223612480716,1.6579401763289079,8.599773556649891,-2.023222670133053,-10.426842531586603,202.07881938458203
127.9961891495201,1.6672035965440402,8.599315802403911,-2.0240395620686513,-10.42877109070344,202.03762090372135
128.00014254185888,1.6764668389758048,8.598858098445714,-2.024856418433743,-10.430698904917659,201.99641707829153
128.00409630198504,1.685729903590565,8.598400444818514,-2.0256732392782184,-10.432625974267859,201.95520790942618
128.00805043006036,1.694992790354677,8.597942841565509,-2.026490024651979,-10.434552298792648,201.9139933982583
128.0120049262465,1.70425549923446,8.597485288729914,-2.027306774604907,-10.436477878530612,201.8727735459216
128.0159597907053,1.713518030196228,8.597027786354928,-2.028123489186895,-10.438402713520347,201.83154835354907
128.01991502359851,1.7227803832062776,8.596570334483763,-2.028940168447829,-10.440326803800428,201.79031782227406
128.02387062508802,1.7320425582308543,8.596112933159617,-2.029756812437589,-10.442250149409428,201.74908195323
128.02782659533574,1.7413045552362956,8.595655582425707,-2.030573421206058,-10.444172750385912,201.7078407475503
128.03178293450372,1.7505663741888209,8.59519828232523,-2.031389994803125,-10.446094606768444,201.66659420636807
128.03573964275387,1.7598280150546408,8.5947410329014,-2.0322065332786563,-10.448015718595572,201.6253423308169
128.03969672024832,1.7690894777999897,8.594283834197412,-2.033023036682538,-10.449936085905845,201.58408512202988
128.04365416714907,1.7783507623910497,8.593826686256484,-2.033839505064634,-10.451855708737801,201.5428225811403
128.04761198361842,1.787611868793952,8.593369589121817,-2.0346559384748266,-10.453774587129972,201.5015547092817
128.0515701698185,1.7968727969749876,8.592912542836617,-2.0354723369629815,-10.455692721120885,201.46028150758713
