galstreams/tracks/track.ep.Palca.shipp2018.ecsv
# %ECSV 0.9
# ---
# datatype:
# - {name: ra, unit: deg, datatype: float64}
# - {name: dec, unit: deg, datatype: float64}
# - {name: distance, unit: kpc, datatype: float64}
# - {name: pm_ra_cosdec, unit: mas / yr, datatype: float64}
# - {name: pm_dec, unit: mas / yr, datatype: float64}
# - {name: radial_velocity, unit: km / s, datatype: float64}
# delimiter: ','
# meta: !!omap
# - __serialized_columns__:
#     dec:
#       __class__: astropy.coordinates.angles.Latitude
#       unit: &id001 !astropy.units.Unit {unit: deg}
#       value: !astropy.table.SerializedColumn {name: dec}
#     distance:
#       __class__: astropy.coordinates.distances.Distance
#       unit: !astropy.units.Unit {unit: kpc}
#       value: !astropy.table.SerializedColumn {name: distance}
#     pm_dec:
#       __class__: astropy.units.quantity.Quantity
#       unit: !astropy.units.Unit {unit: mas / yr}
#       value: !astropy.table.SerializedColumn {name: pm_dec}
#     pm_ra_cosdec:
#       __class__: astropy.units.quantity.Quantity
#       unit: !astropy.units.Unit {unit: mas / yr}
#       value: !astropy.table.SerializedColumn {name: pm_ra_cosdec}
#     ra:
#       __class__: astropy.coordinates.angles.Longitude
#       unit: *id001
#       value: !astropy.table.SerializedColumn {name: ra}
#       wrap_angle: !astropy.coordinates.Angle
#         unit: *id001
#         value: 360.0
#     radial_velocity:
#       __class__: astropy.units.quantity.Quantity
#       unit: !astropy.units.Unit {unit: km / s}
#       value: !astropy.table.SerializedColumn {name: radial_velocity}
# schema: astropy-2.0
ra,dec,distance,pm_ra_cosdec,pm_dec,radial_velocity
30.30000000000001,-53.70000000000002,36.3,0.0,0.0,0.0
30.160215668135457,-53.42417685598698,36.3,0.0,0.0,0.0
30.02223396619406,-53.14819261994456,36.3,0.0,0.0,0.0
29.88601497650204,-52.87205094999841,36.3,0.0,0.0,0.0
29.751519891039056,-52.595755398996786,36.29999999999999,0.0,0.0,0.0
29.618710973965673,-52.31930941822725,36.3,0.0,0.0,0.0
29.48755152560406,-52.042716360980094,36.3,0.0,0.0,0.0
29.3580058478095,-51.765979485966014,36.3,0.0,0.0,0.0
29.230039210673255,-51.48910196059552,36.29999999999999,0.0,0.0,0.0
29.103617820499252,-51.212086864125204,36.3,0.0,0.0,0.0
28.978708789000503,-50.934937190677665,36.3,0.0,0.0,0.0
28.855280103663436,-50.65765585214122,36.3,0.0,0.0,0.0
28.733300599230525,-50.38024568095393,36.3,0.0,0.0,0.0
28.61273993025383,-50.10270943277763,36.3,0.0,0.0,0.0
28.493568544674986,-49.825049789067535,36.3,0.0,0.0,0.0
28.37575765838792,-49.54726935954067,36.3,0.0,0.0,0.0
28.259279230743783,-49.26937068454902,36.3,0.0,0.0,0.0
28.14410594095854,-48.991356237360506,36.3,0.0,0.0,0.0
28.030211165386326,-48.71322842635298,36.29999999999999,0.0,0.0,0.0
27.9175689556223,-48.434989597123916,36.29999999999999,0.0,0.0,0.0
27.806154017401127,-48.15664203451992,36.3,0.0,0.0,0.0
27.69594169025882,-47.87818796459015,36.3,0.0,0.0,0.0
27.58690792792631,-47.59962955646578,36.3,0.0,0.0,0.0
27.479029279425244,-47.32096892416934,36.3,0.0,0.0,0.0
27.37228287083793,-47.04220812835726,36.3,0.0,0.0,0.0
27.266646387723743,-46.76334917799755,36.3,0.0,0.0,0.0
27.162098058156324,-46.484394031985836,36.3,0.0,0.0,0.0
27.05861663635701,-46.20534460070289,36.3,0.0,0.0,0.0
26.956181386900322,-45.926202747514914,36.29999999999999,0.0,0.0,0.0
26.85477206946911,-45.64697029021977,36.29999999999999,0.0,0.0,0.0
26.754368924137776,-45.367649002441546,36.3,0.0,0.0,0.0
26.65495265716259,-45.088240614974865,36.29999999999999,0.0,0.0,0.0
26.55650442725935,-44.80874681708133,36.29999999999999,0.0,0.0,0.0
26.45900583234957,-44.529169257740584,36.3,0.0,0.0,0.0
26.362438896756824,-44.24950954685699,36.3,0.0,0.0,0.0
26.26678605883577,-43.96976925642383,36.3,0.0,0.0,0.0
26.17203015901768,-43.689949921647745,36.29999999999999,0.0,0.0,0.0
26.078154428255967,-43.41005304203352,36.29999999999999,0.0,0.0,0.0
25.98514247685674,-43.13008008243168,36.3,0.0,0.0,0.0
25.89297828367989,-42.850032474050565,36.29999999999999,0.0,0.0,0.0
25.801646185696356,-42.56991161543349,36.3,0.0,0.0,0.0
25.711130867888393,-42.289718873402755,36.3,0.0,0.0,0.0
25.621417353480016,-42.00945558397227,36.3,0.0,0.0,0.0
25.532490994485148,-41.72912305322917,36.29999999999999,0.0,0.0,0.0
25.444337462561705,-41.448722558186134,36.3,0.0,0.0,0.0
25.35694274016031,-41.168255347605204,36.3,0.0,0.0,0.0
25.270293111956903,-40.887722642795055,36.3,0.0,0.0,0.0
25.18437515655849,-40.60712563838103,36.29999999999999,0.0,0.0,0.0
25.099175738472493,-40.32646550305113,36.3,0.0,0.0,0.0
25.014682000329685,-40.045743380276924,36.3,0.0,0.0,0.0
24.9308813553518,-39.76496038901153,36.29999999999999,0.0,0.0,0.0
24.84776148005485,-39.48411762436485,36.29999999999999,0.0,0.0,0.0
24.7653103071798,-39.20321615825773,36.29999999999999,0.0,0.0,0.0
24.68351601884231,-38.92225704005474,36.29999999999999,0.0,0.0,0.0
24.60236703989376,-38.64124129717692,36.29999999999999,0.0,0.0,0.0
24.52185203148629,-38.36016993569577,36.3,0.0,0.0,0.0
24.44195988483429,-38.0790439409081,36.29999999999999,0.0,0.0,0.0
24.362679715165605,-37.797864277892835,36.3,0.0,0.0,0.0
24.284000855855933,-37.51663189205116,36.29999999999999,0.0,0.0,0.0
24.205912852739765,-37.23534770962946,36.3,0.0,0.0,0.0
24.128405458591793,-36.95401263822616,36.29999999999999,0.0,0.0,0.0
24.051468627773094,-36.6726275672836,36.3,0.0,0.0,0.0
23.975092511036163,-36.39119336856443,36.29999999999999,0.0,0.0,0.0
23.89926745048331,-36.109710896613606,36.29999999999999,0.0,0.0,0.0
23.82398397467351,-35.82818098920695,36.3,0.0,0.0,0.0
23.74923279387226,-35.54660446778583,36.3,0.0,0.0,0.0
23.675004795439722,-35.26498213787888,36.29999999999999,0.0,0.0,0.0
23.60129103935269,-34.98331478951162,36.29999999999999,0.0,0.0,0.0
23.52808275385552,-34.70160319760361,36.29999999999999,0.0,0.0,0.0
23.45537133123587,-34.41984812235392,36.29999999999999,0.0,0.0,0.0
23.383148323721205,-34.13805030961581,36.29999999999999,0.0,0.0,0.0
23.311405439491825,-33.85621049126002,36.29999999999999,0.0,0.0,0.0
23.240134538806586,-33.5743293855277,36.29999999999999,0.0,0.0,0.0
23.169327630237852,-33.29240769737342,36.29999999999999,0.0,0.0,0.0
23.09897686701168,-33.01044611879817,36.3,0.0,0.0,0.0
23.029074543450054,-32.728445329172686,36.3,0.0,0.0,0.0
22.959613091511887,-32.44640599555214,36.3,0.0,0.0,0.0
22.89058507742932,-32.1643287729816,36.3,0.0,0.0,0.0
22.821983198436413,-31.882214304792743,36.3,0.0,0.0,0.0
22.753800279587264,-31.600063222892974,36.29999999999999,0.0,0.0,0.0
22.68602927066059,-31.317876148045865,36.29999999999999,0.0,0.0,0.0
22.618663243147967,-31.035653690143985,36.29999999999999,0.0,0.0,0.0
22.55169538732324,-30.753396448474668,36.3,0.0,0.0,0.0
22.485119009390303,-30.471105011978075,36.3,0.0,0.0,0.0
22.418927528706842,-30.188779959498195,36.29999999999999,0.0,0.0,0.0
22.353114475081803,-29.906421860027603,36.3,0.0,0.0,0.0
22.287673486143937,-29.624031272945146,36.29999999999999,0.0,0.0,0.0
22.222598304779428,-29.34160874824722,36.29999999999999,0.0,0.0,0.0
22.1578827766365,-29.059154826773522,36.3,0.0,0.0,0.0
22.093520847694585,-28.776670040426133,36.29999999999999,0.0,0.0,0.0
22.02950656189642,-28.49415491238306,36.3,0.0,0.0,0.0
21.965834058840922,-28.21160995730655,36.29999999999999,0.0,0.0,0.0
21.902497571534973,-27.929035681545503,36.3,0.0,0.0,0.0
21.839491424202325,-27.646432583332732,36.29999999999999,0.0,0.0,0.0
21.776810030147953,-27.3638011529775,36.29999999999999,0.0,0.0,0.0
21.71444788967598,-27.081141873052776,36.29999999999999,0.0,0.0,0.0
21.652399588059716,-26.798455218577836,36.29999999999999,0.0,0.0,0.0
21.590659793562104,-26.515741657196095,36.29999999999999,0.0,0.0,0.0
21.52922325550514,-26.23300164934896,36.29999999999999,0.0,0.0,0.0
21.46808480238672,-25.95023564844477,36.3,0.0,0.0,0.0
21.407239340043436,-25.667444101023676,36.300000000000004,0.0,0.0,0.0
21.34668184985813,-25.38462744691881,36.29999999999999,0.0,0.0,0.0
21.28640738701061,-25.101786119412996,36.29999999999999,0.0,0.0,0.0
21.226411078770436,-24.81892054539195,36.29999999999999,0.0,0.0,0.0
21.16668812283045,-24.536031145493677,36.29999999999999,0.0,0.0,0.0
21.107233785679735,-24.25311833425424,36.29999999999999,0.0,0.0,0.0
21.04804340101508,-23.970182520250045,36.3,0.0,0.0,0.0
20.989112368189513,-23.687224106236794,36.3,0.0,0.0,0.0
20.930436150697023,-23.404243489285083,36.29999999999999,0.0,0.0,0.0
20.87201027469233,-23.121241060912826,36.29999999999999,0.0,0.0,0.0
20.813830327544622,-22.838217207214626,36.29999999999999,0.0,0.0,0.0
20.75589195642436,-22.5551723089881,36.3,0.0,0.0,0.0
20.698190866922047,-22.272106741857314,36.3,0.0,0.0,0.0
20.640722821698212,-21.989020876393408,36.3,0.0,0.0,0.0
20.583483639163454,-21.705915078232422,36.29999999999999,0.0,0.0,0.0
20.526469192187914,-21.42278970819057,36.29999999999999,0.0,0.0,0.0
20.4696754068391,-21.139645122376816,36.29999999999999,0.0,0.0,0.0
20.413098261147418,-20.856481672303026,36.29999999999999,0.0,0.0,0.0
20.356733783898456,-20.573299704991662,36.29999999999999,0.0,0.0,0.0
20.300578053451336,-20.29009956308112,36.3,0.0,0.0,0.0
20.244627196582343,-20.00688158492876,36.3,0.0,0.0,0.0
20.188877387353102,-19.723646104711786,36.300000000000004,0.0,0.0,0.0
20.13332484600253,-19.44039345252585,36.29999999999999,0.0,0.0,0.0
20.077965837862035,-19.157123954481712,36.29999999999999,0.0,0.0,0.0
20.022796672293072,-18.873837932799717,36.29999999999999,0.0,0.0,0.0
19.967813701646552,-18.590535705902393,36.3,0.0,0.0,0.0
19.913013320243476,-18.307217588505196,36.29999999999998,0.0,0.0,0.0
19.85839196337602,-18.023883891705175,36.3,0.0,0.0,0.0
19.803946106328716,-17.740534923068125,36.3,0.0,0.0,0.0
19.74967226341889,-17.457170986713756,36.29999999999999,0.0,0.0,0.0
19.695566987056004,-17.173792383399263,36.29999999999999,0.0,0.0,0.0
19.64162686681921,-16.890399410601287,36.3,0.0,0.0,0.0
19.587848528552705,-16.60699236259618,36.3,0.0,0.0,0.0
19.53422863347819,-16.323571530538825,36.29999999999998,0.0,0.0,0.0
19.48076387732413,-16.040137202539825,36.3,0.0,0.0,0.0
19.42745098947121,-15.756689663741348,36.29999999999999,0.0,0.0,0.0
19.374286732113458,-15.473229196391546,36.29999999999999,0.0,0.0,0.0
19.321267899434744,-15.189756079917458,36.3,0.0,0.0,0.0
19.268391316800002,-14.906270590996792,36.29999999999999,0.0,0.0,0.0
19.215653839960883,-14.622773003628257,36.29999999999999,0.0,0.0,0.0
19.163052354275315,-14.339263589200682,36.3,0.0,0.0,0.0
19.11058377394061,-14.055742616560966,36.3,0.0,0.0,0.0
19.05824504123966,-13.77221035208077,36.29999999999999,0.0,0.0,0.0
19.006033125799885,-13.488667059722156,36.3,0.0,0.0,0.0
18.95394502386445,-13.205113001102033,36.29999999999999,0.0,0.0,0.0
18.901977757575494,-12.921548435555563,36.29999999999999,0.0,0.0,0.0
18.850128374268884,-12.637973620198578,36.3,0.0,0.0,0.0
18.798393945780226,-12.35438880998891,36.3,0.0,0.0,0.0
18.746771567761673,-12.07079425778677,36.3,0.0,0.0,0.0
18.695258359009344,-11.787190214414235,36.3,0.0,0.0,0.0
18.64385146080085,-11.503576928713732,36.3,0.0,0.0,0.0
18.592548036242707,-11.219954647605741,36.29999999999999,0.0,0.0,0.0
18.541345269627264,-10.936323616145518,36.3,0.0,0.0,0.0
18.490240365798883,-10.652684077579151,36.29999999999999,0.0,0.0,0.0
18.43923054952897,-10.36903627339864,36.29999999999999,0.0,0.0,0.0
18.388313064899656,-10.085380443396335,36.29999999999999,0.0,0.0,0.0
18.337485174695843,-9.801716825718628,36.3,0.0,0.0,0.0
18.286744159805135,-9.518045656918801,36.29999999999999,0.0,0.0,0.0
18.23608731862567,-9.234367172009323,36.29999999999999,0.0,0.0,0.0
18.18551196648131,-8.950681604513411,36.29999999999999,0.0,0.0,0.0
18.135015435044085,-8.666989186515922,36.29999999999999,0.0,0.0,0.0
18.084595071763545,-8.383290148713744,36.3,0.0,0.0,0.0
18.03424823930279,-8.099584720465366,36.3,0.0,0.0,0.0
17.98397231498092,-7.815873129840167,36.29999999999999,0.0,0.0,0.0
17.933764690221604,-7.532155603666873,36.29999999999999,0.0,0.0,0.0
17.88362277000763,-7.248432367581678,36.29999999999999,0.0,0.0,0.0
17.83354397234107,-6.964703646075782,36.29999999999999,0.0,0.0,0.0
17.783525727708906,-6.680969662542421,36.3,0.0,0.0,0.0
17.733565478553846,-6.397230639323512,36.3,0.0,0.0,0.0
17.68366067875011,-6.113486797755751,36.3,0.0,0.0,0.0
17.63380879308391,-5.829738358216375,36.29999999999999,0.0,0.0,0.0
17.58400729673854,-5.545985540168493,36.3,0.0,0.0,0.0
17.534253674783645,-5.262228562205975,36.3,0.0,0.0,0.0
17.48454542166863,-4.978467642098111,36.29999999999999,0.0,0.0,0.0
17.434880040719918,-4.694702996833765,36.29999999999999,0.0,0.0,0.0
17.385255043641827,-4.410934842665322,36.3,0.0,0.0,0.0
17.335667950020916,-4.127163395152293,36.29999999999999,0.0,0.0,0.0
17.2861162868335,-3.8433888692045954,36.3,0.0,0.0,0.0
17.236597587956243,-3.5596114791256275,36.29999999999999,0.0,0.0,0.0
17.187109393679556,-3.2758314386550444,36.3,0.0,0.0,0.0
17.137649250223543,-2.992048961011283,36.29999999999999,0.0,0.0,0.0
17.088214709256473,-2.7082642589339985,36.3,0.0,0.0,0.0
17.038803327415348,-2.4244775447260793,36.3,0.0,0.0,0.0
16.989412665828596,-2.1406890302957327,36.29999999999999,0.0,0.0,0.0
16.940040289640475,-1.8568989271981864,36.3,0.0,0.0,0.0
16.89068376753724,-1.5731074466773978,36.3,0.0,0.0,0.0
16.84134067127459,-1.2893147997075867,36.3,0.0,0.0,0.0
16.792008575206506,-1.0055211970346123,36.29999999999999,0.0,0.0,0.0
16.74268505581502,-0.7217268492173283,36.3,0.0,0.0,0.0
16.693367691240923,-0.43793196666882045,36.29999999999999,0.0,0.0,0.0
16.64405406081512,-0.15413675969757726,36.300000000000004,0.0,0.0,0.0
16.594741744590436,0.12965856145134402,36.3,0.0,0.0,0.0
16.545428322873775,0.4134537865552258,36.3,0.0,0.0,0.0
16.496111375758307,0.6972487053725566,36.3,0.0,0.0,0.0
16.446788482655663,0.9810431076019234,36.29999999999999,0.0,0.0,0.0
16.397457221827725,1.2648367828409093,36.300000000000004,0.0,0.0,0.0
16.348115169918096,1.5486295205448457,36.29999999999999,0.0,0.0,0.0
16.298759901482814,1.8324211099856142,36.3,0.0,0.0,0.0
16.249388988520256,2.116211340210367,36.3,0.0,0.0,0.0
16.200000000000003,2.4000000000000083,36.29999999999999,0.0,0.0,0.0
