galstreams/tracks/track.st.Cetus.yam2013.ecsv
# %ECSV 0.9
# ---
# datatype:
# - {name: ra, unit: deg, datatype: float64}
# - {name: dec, unit: deg, datatype: float64}
# - {name: distance, unit: kpc, datatype: float64}
# - {name: pm_ra_cosdec, unit: mas / yr, datatype: float64}
# - {name: pm_dec, unit: mas / yr, datatype: float64}
# - {name: radial_velocity, unit: km / s, datatype: float64}
# delimiter: ','
# meta: !!omap
# - __serialized_columns__:
#     dec:
#       __class__: astropy.coordinates.angles.Latitude
#       unit: &id001 !astropy.units.Unit {unit: deg}
#       value: !astropy.table.SerializedColumn {name: dec}
#     distance:
#       __class__: astropy.coordinates.distances.Distance
#       unit: !astropy.units.Unit {unit: kpc}
#       value: !astropy.table.SerializedColumn {name: distance}
#     pm_dec:
#       __class__: astropy.units.quantity.Quantity
#       unit: !astropy.units.Unit {unit: mas / yr}
#       value: !astropy.table.SerializedColumn {name: pm_dec}
#     pm_ra_cosdec:
#       __class__: astropy.units.quantity.Quantity
#       unit: !astropy.units.Unit {unit: mas / yr}
#       value: !astropy.table.SerializedColumn {name: pm_ra_cosdec}
#     ra:
#       __class__: astropy.coordinates.angles.Longitude
#       unit: *id001
#       value: !astropy.table.SerializedColumn {name: ra}
#       wrap_angle: !astropy.coordinates.Angle
#         unit: *id001
#         value: 360.0
#     radial_velocity:
#       __class__: astropy.units.quantity.Quantity
#       unit: !astropy.units.Unit {unit: km / s}
#       value: !astropy.table.SerializedColumn {name: radial_velocity}
# schema: astropy-2.0
ra,dec,distance,pm_ra_cosdec,pm_dec,radial_velocity
20.008469246906103,-4.119747000087538,27.176725991527462,-1.6653345369377348e-16,-3.95516952522712e-16,-86.4754258853206
20.060966781232157,-3.9775849653986795,27.235870946807882,-1.6653345369377348e-16,-4.163336342344337e-16,-86.9371237319668
20.113572856132013,-3.8354738766175047,27.294350973093348,-1.942890293094024e-16,-3.95516952522712e-16,-87.39778602251876
20.166287043521084,-3.693413400551273,27.352171204774255,-2.220446049250313e-16,-3.677613769070831e-16,-87.85741088752603
20.219108919183974,-3.551403205433733,27.409336776241023,-1.942890293094024e-16,-3.608224830031759e-16,-88.31599645753836
20.27203806273695,-3.4094429609207464,27.465852821884052,-1.6653345369377348e-16,-3.5388358909926865e-16,-88.77354086310521
20.325074057590992,-3.2675323380856676,27.521724476093755,-2.220446049250313e-16,-3.2612801348363973e-16,-89.23004223477626
20.378216490915232,-3.1256710094145683,27.576956873260535,-1.1102230246251564e-16,-3.191891195797325e-16,-89.6854987031012
20.431464953600926,-2.9838586488011876,27.63155514777481,-1.1102230246251565e-16,-3.5388358909926865e-16,-90.13990839862956
20.48481904022589,-2.842094931541764,27.68552443402697,-1.6653345369377348e-16,-2.983724378680108e-16,-90.59326945191093
20.5382783490194,-2.7003795343295907,27.738869866407445,-8.326672684688674e-17,-2.983724378680108e-16,-91.04557999349504
20.591842481827477,-2.5587121352494484,27.791596579306614,-1.6653345369377348e-16,-2.706168622523819e-16,-91.49683815393134
20.64551104407875,-2.4170924137717735,27.843709707114908,-5.551115123125783e-17,-2.185751579730777e-16,-91.9470420637696
20.69928364475064,-2.2755200507466906,27.895214384222726,0.0,-2.1510571102112408e-16,-92.39618985355938
20.753159896336047,-2.1339947283978127,27.946115745020467,-8.326672684688674e-17,-1.942890293094024e-16,-92.84427965385028
20.807139414810454,-1.9925161303158858,27.996418923898553,-8.326672684688674e-17,-2.255140518769849e-16,-93.29130959519195
20.861221819599447,-1.851083941452218,28.046129055247388,-8.326672684688674e-17,-2.220446049250313e-16,-93.73727780813391
20.915406733546625,-1.7096978481119476,28.095251273457365,-5.551115123125782e-17,-2.1510571102112408e-16,-94.18218242322588
20.969693782881997,-1.5683575379471137,28.143790712918918,-5.551115123125783e-17,-1.734723475976807e-16,-94.62602157101747
21.024082597190706,-1.427062699949547,28.19175250802243,-2.7755575615628914e-17,-2.220446049250313e-16,-95.06879338205823
21.078572809382223,-1.285813024443528,28.239141793158318,2.7755575615628914e-17,-1.3183898417423734e-16,-95.51049598689784
21.133164055659805,-1.1446082030785432,28.285963702716995,-2.775557561562891e-17,-1.231653667943533e-16,-95.95112751608585
21.187855975490574,-1.0034479288213207,28.33222337108885,-2.7755575615628914e-17,-1.6306400674181987e-16,-96.39068610017195
21.242648211575737,-0.8623318959482292,28.37792593266432,-2.775557561562891e-17,-1.8735013540549517e-16,-96.82916986970572
21.29754040982133,-0.7212598000372407,28.42307652183378,-2.7755575615628914e-17,-1.1275702593849246e-16,-97.26657695523673
21.3525322193093,-0.5802313379597763,28.46768027298766,-5.551115123125783e-17,-1.1709383462843448e-16,-97.70290548731465
21.4076232922689,-0.43924620787237384,28.51174232051636,2.7755575615628914e-17,-1.1622647289044608e-16,-98.13815359648912
21.46281328404858,-0.29830410920820166,28.555267798810284,2.775557561562891e-17,-1.2967057982926633e-16,-98.57231941330966
21.518101853088066,-0.15740474266840476,28.59826184225985,-5.551115123125783e-17,-1.1188966420050406e-16,-99.00540106832601
21.573488660890956,-0.01654781021326785,28.640729585255453,0.0,-7.548757625930325e-17,-99.43739669208769
21.628973371997528,0.12426698494673337,28.6826761621875,5.551115123125782e-17,-9.454242944073599e-17,-99.86830441514432
21.684555653957982,0.2650399383601122,28.72410670744641,5.551115123125782e-17,-9.280770596475918e-17,-100.29812236804551
21.740235177305987,0.40577134434365,28.765026355422588,-5.551115123125782e-17,-9.107298248878237e-17,-100.72684868134097
21.796011615532585,0.5464614959918478,28.805440240506435,5.551115123125783e-17,-5.811323644522304e-17,-101.15448148558023
21.851884645060363,0.6871106851865515,28.84535349708836,-1.1102230246251565e-16,-5.377642775528102e-17,-101.58101891131287
21.907853945218047,0.8277192026067072,28.884771259558775,5.551115123125782e-17,-5.551115123125783e-17,-102.00645908908861
21.96391919821533,0.9682873377382833,28.923698662308077,0.0,-5.724587470723463e-17,-102.43080014945703
22.020080089118075,1.1088153788843278,28.962140839726676,0.0,-6.071532165918825e-17,-102.8540402229677
22.07633630582382,1.2493036131751865,29.000102926204995,0.0,-5.204170427930421e-17,-103.27617744017026
22.13268753903755,1.3897523265788658,29.037590056133425,1.1102230246251565e-16,-2.7755575615628914e-17,-103.69720993161435
22.189133482247847,1.530161803911527,29.07460736390238,5.551115123125782e-17,-3.122502256758253e-17,-104.11713582784955
22.24567383170326,1.6705323288481397,29.11115998390227,-5.551115123125782e-17,-5.551115123125783e-17,-104.53595325942547
22.30230828638909,1.8108641839332844,29.147253050523496,0.0,-4.85722573273506e-17,-104.95366035689177
22.359036548004305,1.951157650592053,29.182891698156467,0.0,-2.7755575615628914e-17,-105.37025525079807
22.415858320938895,2.0914130091411383,29.218081061191587,-5.551115123125782e-17,-3.469446951953614e-18,-105.78573607169388
22.472773312251455,2.2316305388000317,29.252826274019274,0.0,-2.7755575615628914e-17,-106.20010095012898
22.529781231647018,2.3718105177023614,29.28713247102992,5.551115123125783e-17,-6.938893903907228e-18,-106.61334801665282
22.586881791455216,2.5119532229073664,29.32100478661395,5.551115123125783e-17,-4.163336342344337e-17,-107.02547540181514
22.64407470660872,2.652058930411496,29.354448355161757,-5.551115123125783e-17,-2.0816681711721685e-17,-107.43648123616549
22.701359694621907,2.7921279151601524,29.387468311063763,-5.551115123125783e-17,-4.163336342344337e-17,-107.84636365025348
22.75873647556986,2.9321604510595476,29.42006978871036,0.0,-2.7755575615628914e-17,-108.25512077462878
22.816204772067554,3.072156810988698,29.452257922491963,0.0,6.938893903907228e-18,-108.66275073984093
22.87376430924939,3.2121172668115383,29.48403784679898,5.551115123125782e-17,0.0,-109.06925167643965
22.931414814748926,3.352042089389157,29.515414696021818,5.551115123125783e-17,0.0,-109.47462171497442
22.9891560186789,3.491931548592169,29.546393604550875,0.0,-6.938893903907228e-18,-109.87885898599494
23.046987653611506,3.631785913313199,29.57697970677658,0.0,0.0,-110.2819616200509
23.104909454558886,3.771605451479471,29.607178137089313,0.0,0.0,-110.68392774769171
23.162921158953917,3.9113904300655467,29.6369940298795,5.551115123125783e-17,1.3877787807814457e-17,-111.08475549946719
23.221022506631215,4.051141115106148,29.666432519537548,0.0,1.3877787807814457e-17,-111.4844430059268
23.279213239808406,4.190857771709172,29.69549874045386,5.551115123125782e-17,2.0816681711721685e-17,-111.88298839762027
23.337493103067548,4.330540664068541,29.724197827018838,1.1102230246251565e-16,-2.0816681711721685e-17,-112.28038980509716
23.39586184333697,4.470190055477701,29.7525349136229,0.0,-6.938893903907228e-18,-112.67664535890707
23.454319209873177,4.609806208342695,29.78051513465644,-5.551115123125783e-17,-2.7755575615628914e-17,-113.07175318959963
23.512864954243067,4.749389384195611,29.80814362450988,1.1102230246251564e-16,1.3877787807814457e-17,-113.46571142772451
23.57149883030631,4.888939843708083,29.835425517573622,-1.1102230246251565e-16,2.7755575615628914e-17,-113.85851820383124
23.630220594198104,5.028457846704914,29.86236594823808,1.1102230246251564e-16,-1.3877787807814457e-17,-114.2501716484695
23.689030004311935,5.167943652177779,29.888970050893636,5.551115123125783e-17,4.163336342344337e-17,-114.64066989218888
23.747926821282785,5.307397518299042,29.915242959930726,0.0,0.0,-115.03001106553899
23.8069108079704,5.446819702435684,29.941189809739743,5.551115123125783e-17,-1.3877787807814457e-17,-115.41819329906942
23.86598172944282,5.586210461163311,29.966815734711105,0.0,0.0,-115.80521472332987
23.92513935296019,5.725570050280278,29.99212586923521,-5.551115123125783e-17,-1.3877787807814457e-17,-116.19107346886986
23.984383447958685,5.864898724821898,30.017125347702464,5.551115123125783e-17,1.3877787807814457e-17,-116.57576766623902
24.0437137860347,6.004196739074755,30.041819304503278,5.551115123125783e-17,-1.3877787807814457e-17,-116.95929544598704
24.103130140929267,6.14346434659111,30.066212874028068,0.0,-1.3877787807814457e-17,-117.34165493866347
24.162632288512615,6.2827018002033945,30.090311190667226,0.0,-1.3877787807814457e-17,-117.72284427481794
24.222220006769,6.4219093520387975,30.11411938881116,5.551115123125783e-17,4.163336342344337e-17,-118.1028615850001
24.28189307578172,6.56108725353394,30.1376426028503,0.0,-2.7755575615628914e-17,-118.48170499975947
24.34165127771831,6.700235755449657,30.160885967175027,1.1102230246251565e-16,-1.3877787807814457e-17,-118.85937264964574
24.401494396815938,6.8393551078858295,30.18385461617576,5.551115123125783e-17,-1.3877787807814457e-17,-119.23586266520849
24.461422219367048,6.978445560296332,30.206553684242902,1.1102230246251565e-16,-1.3877787807814457e-17,-119.61117317699743
24.521434533705143,7.117507361504066,30.22898830576687,5.551115123125783e-17,0.0,-119.98530231556205
24.581531130190786,7.256540759716043,30.25116361513806,1.1102230246251565e-16,1.3877787807814457e-17,-120.35824821145205
24.641711801197783,7.395546002538588,30.273084746746886,-1.1102230246251565e-16,-1.3877787807814457e-17,-120.73000899521698
24.70197634109959,7.5345233369926055,30.294756834983758,-1.1102230246251565e-16,-2.7755575615628914e-17,-121.10058279740649
24.762324546255872,7.673473009528911,30.31618501423907,0.0,0.0,-121.46996774857017
24.822756214999238,7.8123952660436675,30.337374418903256,5.551115123125783e-17,0.0,-121.83816197925772
24.88327114762224,7.951290351893872,30.35833018336669,0.0,-4.163336342344337e-17,-122.20516362001865
24.943869146364467,8.090158511912941,30.379057442019793,1.1102230246251564e-16,1.3877787807814457e-17,-122.57097080140265
25.00455001539987,8.228999990426336,30.399561329252986,0.0,-4.163336342344337e-17,-122.93558165395926
25.065313560824276,8.367815031267297,30.419846979456658,-5.551115123125783e-17,0.0,-123.29899430823816
25.12615959064304,8.506603877792614,30.43991952702123,1.1102230246251565e-16,0.0,-123.66120689478893
25.187087914758926,8.645366772898495,30.459784106337104,-5.551115123125783e-17,-2.7755575615628914e-17,-124.02221754416125
25.248098344960145,8.784103959036479,30.479445851794672,0.0,-1.1102230246251565e-16,-124.3820243869046
25.30919069490855,8.922815678229432,30.498909897784365,-5.551115123125783e-17,-8.326672684688674e-17,-124.7406255535687
25.37036478012804,9.061502172087582,30.518181378696582,0.0,-2.7755575615628914e-17,-125.09801917470321
25.431620417993138,9.200163681824653,30.537265428921728,-5.551115123125783e-17,-5.551115123125783e-17,-125.45420338085762
25.492957427717727,9.33880044827409,30.556167182850213,0.0,-2.7755575615628914e-17,-125.80917630258166
25.554375630343852,9.477412711905027,30.57489177487244,-5.551115123125783e-17,-5.551115123125783e-17,-126.16293607042482
25.615874848731096,9.616000712839167,30.593444339378816,1.1102230246251565e-16,-5.551115123125783e-17,-126.51548081493681
25.677454907545435,9.754564690866397,30.611830010759764,0.0,-8.326672684688674e-17,-126.86680866666724
25.73911563324897,9.893104885461767,30.630053923405676,0.0,-5.551115123125783e-17,-127.21691775616569
25.800856854089442,10.031621535801756,30.648121211706954,0.0,-8.326672684688674e-17,-127.56580621398179
25.862678400089873,10.170114880780732,30.666037010054023,-1.1102230246251564e-16,-5.551115123125783e-17,-127.91347217066512
25.924580103038654,10.30858515902761,30.68380645283728,0.0,-8.326672684688674e-17,-128.2599137567654
25.986561796479517,10.447032608922434,30.70143467444713,5.551115123125782e-17,-1.3877787807814457e-16,-128.60512910283214
26.048623315701857,10.585457468613077,30.71892680927399,0.0,-5.551115123125783e-17,-128.94911633941499
26.110764497731125,10.723859976031926,30.736287991708256,-1.1102230246251565e-16,-5.551115123125783e-17,-129.29187359706359
26.17298518131942,10.862240368912678,30.75352335614035,-1.1102230246251564e-16,-8.326672684688674e-17,-129.6333990063275
26.235285206936226,11.000598884807147,30.770638036960662,0.0,-5.551115123125783e-17,-129.97369069775638
26.297664416759336,11.138935761102092,30.787637168559613,5.551115123125783e-17,-2.7755575615628914e-17,-130.3127468018998
26.360122654665886,11.277251235036152,30.804525885327607,-5.551115123125783e-17,-5.551115123125783e-17,-130.65056544930746
26.42265976622364,11.41554554371676,30.821309321655043,0.0,-1.3877787807814457e-16,-130.9871447705289
26.48527559868233,11.553818924137143,30.837992611932343,0.0,-1.1102230246251565e-16,-131.3224828961137
26.54797000096522,11.692071613193331,30.8545808905499,0.0,-1.1102230246251565e-16,-131.6565779566116
26.61074282366082,11.830303847701197,30.871079291898138,-5.551115123125783e-17,-5.551115123125783e-17,-131.98942808257218
26.673593919014763,11.968515864413584,30.88749295036744,-5.551115123125783e-17,-8.326672684688674e-17,-132.32103140454495
26.736523140921776,12.106707900037385,30.90382700034824,0.0,-8.326672684688674e-17,-132.65138605307968
26.799530344917933,12.244880191250765,30.920086576230922,1.1102230246251565e-16,-2.7755575615628914e-17,-132.98049015872581
26.86261538817292,12.383032974720294,30.936276812405914,-5.551115123125783e-17,-2.7755575615628914e-17,-133.30834185203312
26.92577812948261,12.521166487118194,30.95240284326361,-5.551115123125783e-17,-8.326672684688674e-17,-133.63493926355108
26.989018429261627,12.659280965139605,30.968469803194427,-1.1102230246251565e-16,-1.3877787807814457e-16,-133.96028052382943
27.05233614953621,12.797376645519842,30.984482826588764,-5.551115123125783e-17,-1.1102230246251565e-16,-134.28436376341773
27.115731153937155,12.935453765051713,31.00044704783703,-1.1102230246251565e-16,-1.1102230246251565e-16,-134.60718711286557
27.179203307692934,13.073512560602845,31.01636760132963,5.551115123125783e-17,-1.1102230246251565e-16,-134.92874870272263
27.24275247762294,13.211553269133056,31.03224962145698,-2.220446049250313e-16,-1.3877787807814457e-16,-135.24904666353848
27.30637853213098,13.349576127711725,31.048098242609484,0.0,-1.3877787807814457e-16,-135.56807912586274
27.370081341198766,13.487581373535171,31.063918599177544,0.0,-1.3877787807814457e-16,-135.88584422024505
27.433860776379706,13.625569243944128,31.079715825551574,-1.1102230246251565e-16,-1.1102230246251565e-16,-136.20234007723496
27.497716710792787,13.763539976441114,31.09549505612197,-1.1102230246251565e-16,-1.3877787807814457e-16,-136.51756482738216
27.5616490191166,13.901493808707956,31.111261425279157,0.0,-1.3877787807814457e-16,-136.83151660123622
27.625657577583535,14.039430978623217,31.127020067413536,0.0,-1.6653345369377348e-16,-137.1441935293468
27.689742263974146,14.177351724279715,31.142776116915503,-1.1102230246251564e-16,-1.6653345369377348e-16,-137.45559374226346
27.753902957611643,14.315256284001997,31.158534708175477,0.0,-1.3877787807814457e-16,-137.76571537053584
27.818139539356537,14.453144896363868,31.17430097558387,-1.6653345369377348e-16,-1.942890293094024e-16,-138.07455654471357
27.882451891601477,14.59101780020593,31.19008005353107,-5.551115123125782e-17,-1.3877787807814457e-16,-138.3821153953462
27.94683989826618,14.728875234653094,31.2058770764075,-1.1102230246251564e-16,-5.551115123125783e-17,-138.68839005298346
28.01130344479258,14.866717439132128,31.22169717860357,0.0,-8.326672684688674e-17,-138.9933786481749
28.075842418140066,15.004544653389209,31.23754549450968,-1.6653345369377348e-16,-1.942890293094024e-16,-139.2970793114701
28.14045670678093,15.14235711750751,31.25342715851624,-5.551115123125783e-17,-1.3877787807814457e-16,-139.59949017341876
