galstreams/tracks/track.st.OmegaCen-Fimbulthul.ibata2021.ecsv
# %ECSV 0.9
# ---
# datatype:
# - {name: ra, unit: deg, datatype: float64}
# - {name: dec, unit: deg, datatype: float64}
# - {name: distance, unit: kpc, datatype: float64}
# - {name: pm_ra_cosdec, unit: mas / yr, datatype: float64}
# - {name: pm_dec, unit: mas / yr, datatype: float64}
# - {name: radial_velocity, unit: km / s, datatype: float64}
# delimiter: ','
# meta: !!omap
# - __serialized_columns__:
#     dec:
#       __class__: astropy.coordinates.angles.Latitude
#       unit: &id001 !astropy.units.Unit {unit: deg}
#       value: !astropy.table.SerializedColumn {name: dec}
#     distance:
#       __class__: astropy.coordinates.distances.Distance
#       unit: !astropy.units.Unit {unit: kpc}
#       value: !astropy.table.SerializedColumn {name: distance}
#     pm_dec:
#       __class__: astropy.units.quantity.Quantity
#       unit: !astropy.units.Unit {unit: mas / yr}
#       value: !astropy.table.SerializedColumn {name: pm_dec}
#     pm_ra_cosdec:
#       __class__: astropy.units.quantity.Quantity
#       unit: !astropy.units.Unit {unit: mas / yr}
#       value: !astropy.table.SerializedColumn {name: pm_ra_cosdec}
#     ra:
#       __class__: astropy.coordinates.angles.Longitude
#       unit: *id001
#       value: !astropy.table.SerializedColumn {name: ra}
#       wrap_angle: !astropy.coordinates.Angle
#         unit: *id001
#         value: 360.0
#     radial_velocity:
#       __class__: astropy.units.quantity.Quantity
#       unit: !astropy.units.Unit {unit: km / s}
#       value: !astropy.table.SerializedColumn {name: radial_velocity}
# schema: astropy-2.0
ra,dec,distance,pm_ra_cosdec,pm_dec,radial_velocity
[from data line 2641]
203.77673327089903,-24.840378559630512,4.153846287915628,-12.146454580140308,-9.934882515361666,8.420767129872338e-15
203.7871141203067,-24.83412497711733,4.152394399272062,-12.155035897335013,-9.938578789431164,8.420767129872338e-15
203.79749649225673,-24.8278721054509,4.1509424523745055,-12.16361923405025,-9.942275725544448,-3.368306851948935e-14
203.80788038245288,-24.8216199423047,4.1494904480949195,-12.172204587212198,-9.94597332092318,5.0524602779234026e-14
203.81826578659917,-24.81536848535365,4.148038387305267,-12.180791953747958,-9.94967157278666,-1.6841534259744676e-14
203.82865270039966,-24.809117732274114,4.146586270877504,-12.18938133058558,-9.953370478351852,2.5262301389617013e-14
203.83904111955874,-24.80286768074386,4.1451340996835935,-12.197972714654018,-9.957070034833357,0.0
203.84943103978085,-24.796618328442126,4.143681874595496,-12.206566102883173,-9.960770239443454,-2.5262301389617013e-14
203.85982245677062,-24.790369673049582,4.142229596485171,-12.215161492203851,-9.964471089392047,4.210383564936169e-14
203.87021536623294,-24.784121712248307,4.140777266224577,-12.223758879547798,-9.968172581886716,-1.6841534259744676e-14
203.8806097638727,-24.777874443721842,4.139324884685677,-12.23235826184768,-9.971874714132692,4.210383564936169e-14
203.89100564539515,-24.771627865155146,4.137872452740431,-12.24095963603707,-9.975577483332867,0.0
203.90140300650557,-24.765381974234614,4.136419971260796,-12.249562999050495,-9.979280886687796,4.210383564936169e-14
203.91180184290948,-24.759136768648066,4.134967441118736,-12.258168347823384,-9.982984921395687,-8.420767129872338e-15
203.9222021503126,-24.752892246084777,4.1335148631862095,-12.26677567929208,-9.986689584652412,5.0524602779234026e-14
203.93260392442068,-24.746648404235412,4.132062238335176,-12.275384990393878,-9.990394873651525,-5.0524602779234026e-14
203.9430071609398,-24.740405240792104,4.130609567437596,-12.28399627806696,-9.99410078558422,-3.368306851948935e-14
203.95341185557612,-24.734162753448402,4.129156851365433,-12.29260953925044,-9.997807317639372,5.0524602779234026e-14
203.96381800403603,-24.72792093989927,4.127704090990645,-12.301224770884362,-10.001514467003531,4.210383564936169e-14
203.97422560202602,-24.721679797841116,4.12625128718519,-12.309841969909682,-10.00522223086091,-2.5262301389617013e-14
203.9846346452528,-24.715439324971765,4.124798440821031,-12.318461133268265,-10.008930606393388,-2.5262301389617013e-14
203.99504512942323,-24.70919951899048,4.123345552770126,-12.327082257902909,-10.012639590780529,5.894536990910637e-14
204.0054570502444,-24.70296037759794,4.121892623904438,-12.335705340757318,-10.016349181199562,-2.5262301389617013e-14
204.01587040342343,-24.69672189849624,4.120439655095927,-12.344330378776114,-10.020059374825392,4.210383564936169e-14
204.02628518466776,-24.69048407938892,4.118986647216551,-12.352957368904837,-10.023770168830609,8.420767129872338e-15
204.03670138968496,-24.68424691798094,4.117533601138271,-12.361586308089949,-10.027481560385493,-6.73661370389787e-14
204.04711901418267,-24.678010411978665,4.116080517733047,-12.370217193278815,-10.03119354665796,1.6841534259744676e-14
204.05753805386885,-24.671774559089908,4.11462739787284,-12.37885002141972,-10.034906124813663,-4.210383564936169e-14
204.06795850445155,-24.66553935702386,4.113174242429612,-12.387484789461856,-10.038619292015891,4.210383564936169e-14
204.07838036163898,-24.659304803491185,4.111721052275319,-12.396121494355341,-10.042333045425663,0.0
204.08880362113953,-24.653070896203936,4.110267828281925,-12.404760133051193,-10.046047382201637,8.420767129872338e-14
204.09922827866183,-24.646837632875584,4.108814571321388,-12.413400702501347,-10.049762299500195,4.210383564936169e-14
204.1096543299146,-24.64060501122104,4.1073612822656695,-12.422043199658644,-10.053477794475391,8.420767129872338e-15
204.1200817706067,-24.634373028956603,4.105907961986729,-12.43068762147685,-10.057193864278984,6.73661370389787e-14
204.13051059644732,-24.628141683800013,4.104454611356526,-12.439333964910622,-10.060910506060406,-5.894536990910637e-14
204.1409408031456,-24.62191097347043,4.103001231247022,-12.447982226915528,-10.064627716966788,8.420767129872338e-14
204.15137238641105,-24.6156808956884,4.101547822530179,-12.45663240444805,-10.068345494142962,-3.368306851948935e-14
204.16180534195325,-24.6094514481759,4.100094386077953,-12.465284494465594,-10.072063834731463,-3.368306851948935e-14
204.17223966548192,-24.60322262865633,4.098640922762306,-12.473938493926447,-10.075782735872515,0.0
204.18267535270707,-24.596994434854487,4.0971874334552,-12.482594399789809,-10.079502194704029,-1.6841534259744676e-14
204.19311239933876,-24.590766864496597,4.095733919028593,-12.491252209015782,-10.083222208361638,8.420767129872338e-15
204.20355080108726,-24.58453991531028,4.094280380354446,-12.499911918565399,-10.08694277397867,-3.368306851948935e-14
204.21399055366305,-24.578313585024596,4.09282681830472,-12.508573525400566,-10.090663888686162,3.368306851948935e-14
204.22443165277676,-24.572087871369977,4.091373233751374,-12.517237026484107,-10.094385549612845,8.420767129872338e-15
204.23487409413912,-24.565862772078273,4.08991962756637,-12.525902418779749,-10.098107753885161,5.0524602779234026e-14
204.24531787346118,-24.559638284882773,4.088466000621666,-12.534569699252115,-10.101830498627272,4.210383564936169e-14
204.25576298645402,-24.553414407518144,4.0870123537892225,-12.54323886486674,-10.105553780961042,8.420767129872338e-15
204.26620942882897,-24.547191137720475,4.085558687941002,-12.551909912590052,-10.10927759800604,-3.368306851948935e-14
204.27665719629746,-24.54096847322726,4.084105003948962,-12.560582839389383,-10.113001946879558,-3.368306851948935e-14
204.28710628457117,-24.53474641177737,4.082651302685064,-12.569257642232962,-10.116726824696604,-4.210383564936169e-14
204.29755668936193,-24.52852495111113,4.081197585021269,-12.577934318089914,-10.12045222856989,4.210383564936169e-14
204.30800840638167,-24.522304088970238,4.0797438518295355,-12.586612863930279,-10.12417815560986,1.6841534259744676e-14
204.31846143134266,-24.5160838230978,4.078290103981825,-12.59529327672497,-10.127904602924673,-2.5262301389617013e-14
204.32891575995714,-24.509864151238318,4.076836342350099,-12.603975553445816,-10.131631567620206,-5.0524602779234026e-14
204.3393713879376,-24.503645071137726,4.075382567806313,-12.612659691065533,-10.135359046800055,-8.420767129872338e-15
204.34982831099677,-24.497426580543323,4.073928781222433,-12.621345686557735,-10.13908703756555,0.0
204.36028652484748,-24.491208677203815,4.072474983470416,-12.630033536896933,-10.14281553701575,2.5262301389617013e-14
204.37074602520275,-24.484991358869333,4.071021175422222,-12.638723239058532,-10.146544542247428,-5.0524602779234026e-14
204.38120680777575,-24.47877462329137,4.069567357949812,-12.647414790018816,-10.150274050355087,-5.0524602779234026e-14
204.39166886827985,-24.472558468222843,4.068113531925147,-12.656108186754986,-10.15400405843096,-2.5262301389617013e-14
204.40213220242856,-24.466342891418066,4.066659698220186,-12.664803426245125,-10.157734563565041,8.420767129872338e-15
204.41259680593564,-24.46012789063273,4.06520585770689,-12.673500505468196,-10.161465562845013,-2.5262301389617013e-14
204.42306267451488,-24.45391346362394,4.063752011257219,-12.682199421404066,-10.165197053356323,1.6841534259744676e-14
204.4335298038804,-24.447699608150185,4.0622981597431345,-12.690900171033487,-10.168929032182144,7.578690416885104e-14
204.4439981897464,-24.44148632197135,4.060844304036593,-12.699602751338102,-10.172661496403396,5.0524602779234026e-14
204.45446782782727,-24.435273602848714,4.059390445009558,-12.708307159300432,-10.17639444309873,2.5262301389617013e-14
204.46493871383757,-24.429061448544957,4.05793658353399,-12.7170133919039,-10.180127869344537,-8.420767129872338e-15
204.475410843492,-24.42284985682413,4.0564827204818465,-12.725721446132818,-10.183861772214966,3.368306851948935e-14
204.48588421250554,-24.416638825451695,4.055028856725092,-12.734431318972362,-10.187596148781896,-5.0524602779234026e-14
204.4963588165932,-24.410428352194504,4.0535749931356815,-12.74314300740862,-10.19133099611496,4.210383564936169e-14
204.50683465147026,-24.40421843482077,4.052121130585578,-12.751856508428542,-10.195066311281543,4.210383564936169e-14
204.51731171285218,-24.398009071100123,4.050667269946744,-12.76057181901997,-10.198802091346757,-4.210383564936169e-14
204.5277899964545,-24.391800258803578,4.049213412091135,-12.769288936171646,-10.202538333373502,4.210383564936169e-14
204.538269497993,-24.385591995703514,4.047759557890715,-12.778007856873161,-10.206275034422397,-4.210383564936169e-14
204.54875021318364,-24.37938427957372,4.046305708217441,-12.78672857811502,-10.210012191551836,0.0
204.55923213774253,-24.37317710818937,4.044851863943277,-12.795451096888588,-10.213749801817963,0.0
204.56971526738596,-24.366970479326994,4.043398025940179,-12.804175410186112,-10.21748786227468,2.5262301389617013e-14
204.5801995978304,-24.360764390764537,4.041944195080112,-12.812901515000727,-10.221226369973646,4.210383564936169e-14
204.59068512479246,-24.354558840281307,4.040490372235032,-12.82162940832644,-10.22496532196429,0.0
204.60117184398896,-24.348353825658016,4.039036558276902,-12.830359087158133,-10.228704715293787,5.894536990910637e-14
204.61165975113687,-24.342149344676724,4.037582754077681,-12.839090548491583,-10.2324445470071,7.578690416885104e-14
204.6221488419534,-24.33594539512088,4.03612896050933,-12.847823789323417,-10.236184814146942,2.5262301389617013e-14
204.63263911215583,-24.32974197477534,4.034675178443807,-12.856558806651156,-10.239925513753793,-1.6841534259744676e-14
204.64313055746163,-24.323539081426308,4.033221408753075,-12.865295597473182,-10.243666642865907,-8.420767129872338e-15
204.65362317358853,-24.31733671286138,4.031767652309092,-12.874034158788769,-10.24740819851932,-2.5262301389617013e-14
204.66411695625436,-24.311134866869523,4.030313909983821,-12.882774487598034,-10.251150177747812,-8.420767129872338e-15
204.67461190117714,-24.30493354124107,4.02886018264922,-12.891516580902007,-10.254892577582972,-4.210383564936169e-14
204.6851080040751,-24.298732733767753,4.027406471177248,-12.900260435702554,-10.258635395054144,-5.894536990910637e-14
204.69560526066655,-24.29253244224266,4.025952776439871,-12.909006049002423,-10.262378627188447,0.0
204.7061036666701,-24.286332664460243,4.024499099309042,-12.917753417805239,-10.266122271010797,-2.5262301389617013e-14
204.7166032178044,-24.280133398216353,4.023045440656725,-12.926502539115484,-10.26986632354388,0.0
204.7271039097884,-24.27393464130819,4.021591801354881,-12.935253409938522,-10.273610781808166,-2.5262301389617013e-14
204.73760573834116,-24.267736391534346,4.020138182275468,-12.94400602728057,-10.27735564282191,-3.368306851948935e-14
204.74810869918193,-24.26153864669475,4.0186845842904475,-12.95276038814872,-10.281100903601153,1.6841534259744676e-14
204.75861278803012,-24.255341404590734,4.0172310082717795,-12.961516489550926,-10.284846561159734,-1.6841534259744676e-14
204.76911800060535,-24.24914466302497,4.015777455091426,-12.970274328495996,-10.288592612509255,-5.0524602779234026e-14
204.77962433262732,-24.242948419801525,4.014323925621341,-12.979033901993636,-10.292339054659148,-5.0524602779234026e-14
204.79013177981602,-24.23675267272581,4.012870420733494,-12.98779520705438,-10.296085884616607,8.420767129872338e-15
204.8006403378916,-24.230557419604594,4.011416941299837,-12.996558240689632,-10.29983309938663,-1.6841534259744676e-14
204.81115000257432,-24.22436265824604,4.009963488192335,-13.005322999911666,-10.303580695972016,-7.578690416885104e-14
204.8216607695846,-24.218168386459652,4.008510062282947,-13.014089481733626,-10.30732867137337,3.368306851948935e-14
204.83217263464326,-24.211974602056316,4.007056664443633,-13.022857683169477,-10.311077022589075,-2.5262301389617013e-14
204.84268559347092,-24.205781302848255,4.005603295546353,-13.03162760123409,-10.314825746615327,2.5262301389617013e-14
204.8531996417887,-24.19958848664905,4.004149956463069,-13.040399232943148,-10.318574840446134,-2.5262301389617013e-14
204.86371477531776,-24.193396151273674,4.002696648065738,-13.049172575313248,-10.322324301073307,-1.6841534259744676e-14
204.87423098977945,-24.187204294538436,4.001243371226323,-13.057947625361779,-10.32607412548645,-5.894536990910637e-14
204.88474828089525,-24.181012914261014,3.9997901268167815,-13.066724380107036,-10.32982431067299,-2.5262301389617013e-14
204.89526664438694,-24.174822008260428,3.998336915709078,-13.075502836568143,-10.333574853618154,1.6841534259744676e-14
204.90578607597635,-24.16863157435707,3.996883738775169,-13.084282991765079,-10.337325751305002,-8.420767129872338e-15
204.91630657138558,-24.162441610372678,3.9954305968870156,-13.093064842718682,-10.341077000714382,0.0
204.92682812633683,-24.15625211413035,3.99397749091658,-13.101848386450637,-10.34482859882497,1.6841534259744676e-14
204.93735073655256,-24.150063083454526,3.9925244217358196,-13.110633619983492,-10.348580542613268,-8.420767129872338e-15
204.9478743977553,-24.143874516171003,3.991071390216695,-13.11942054034063,-10.352332829053585,4.210383564936169e-14
204.95839910566787,-24.13768641010695,3.9896183972311685,-13.128209144546291,-10.356085455118055,0.0
204.96892485601322,-24.131498763090864,3.9881654436511997,-13.13699942962556,-10.359838417776627,8.420767129872338e-15
204.97945164451443,-24.1253115729526,3.986712530348747,-13.145791392604373,-10.363591713997103,2.5262301389617013e-14
204.98997946689485,-24.119124837523344,3.9852596581957735,-13.154585030509502,-10.367345340745077,-6.73661370389787e-14
205.00050831887793,-24.11293855463567,3.9838068280642367,-13.163380340368585,-10.37109929498399,4.210383564936169e-14
205.01103819618734,-24.106752722123453,3.9823540408260976,-13.172177319210085,-10.374853573675113,1.6841534259744676e-14
205.02156909454698,-24.100567337821946,3.9809012973533178,-13.18097596406332,-10.378608173777549,-4.210383564936169e-14
205.03210100968076,-24.094382399567746,3.9794485985178554,-13.189776271958442,-10.38236309224822,4.210383564936169e-14
205.04263393731296,-24.088197905198772,3.9779959451916733,-13.198578239926453,-10.3861183260419,-1.6841534259744676e-14
205.0531678731679,-24.082013852554315,3.9765433382467292,-13.207381864999194,-10.38987387211121,-1.6841534259744676e-14
205.06370281297015,-24.075830239474968,3.9750907785549843,-13.216187144209345,-10.393629727406575,5.0524602779234026e-14
205.0742387524445,-24.069647063802712,3.973638266988399,-13.224994074590427,-10.397385888876295,5.0524602779234026e-14
205.08477568731578,-24.063464323380842,3.9721858044189333,-13.233802653176793,-10.4011423534665,3.368306851948935e-14
205.09531361330917,-24.057282016053986,3.9707333917185483,-13.242612877003639,-10.40489911812116,5.894536990910637e-14
205.1058525261499,-24.051100139668133,3.9692810297592036,-13.251424743106996,-10.408656179782104,-3.368306851948935e-14
205.11639242156338,-24.044918692070603,3.9678287194128585,-13.260238248523734,-10.412413535388986,2.5262301389617013e-14
205.12693329527534,-24.038737671110034,3.966376461551474,-13.269053390291557,-10.416171181879346,-6.73661370389787e-14
205.13747514301153,-24.032557074636436,3.9649242570470107,-13.277870165448995,-10.419929116188552,-2.5262301389617013e-14
205.14801796049795,-24.026376900501113,3.963472106771429,-13.286688571035413,-10.423687335249816,3.368306851948935e-14
205.1585617434608,-24.020197146556722,3.9620200115966875,-13.295508604091017,-10.427445835994238,-8.420767129872338e-15
205.16910648762644,-24.01401781065726,3.9605679723947476,-13.304330261656832,-10.43120461535075,1.6841534259744676e-14
205.1796521887214,-24.007838890658054,3.9591159900375716,-13.31315354077471,-10.434963670246143,0.0
