galstreams/tracks/track.st.OmegaCen-Fimbulthul.sollima2020.ecsv
# %ECSV 1.0
# ---
# datatype:
# - {name: ra, unit: deg, datatype: float64}
# - {name: dec, unit: deg, datatype: float64}
# - {name: distance, unit: kpc, datatype: float64}
# - {name: pm_ra_cosdec, unit: mas / yr, datatype: float64}
# - {name: pm_dec, unit: mas / yr, datatype: float64}
# - {name: radial_velocity, unit: km / s, datatype: float64}
# delimiter: ','
# meta: !!omap
# - __serialized_columns__:
#     dec:
#       __class__: astropy.coordinates.angles.Latitude
#       unit: &id001 !astropy.units.Unit {unit: deg}
#       value: !astropy.table.SerializedColumn {name: dec}
#     distance:
#       __class__: astropy.coordinates.distances.Distance
#       unit: !astropy.units.Unit {unit: kpc}
#       value: !astropy.table.SerializedColumn {name: distance}
#     pm_dec:
#       __class__: astropy.units.quantity.Quantity
#       unit: !astropy.units.Unit {unit: mas / yr}
#       value: !astropy.table.SerializedColumn {name: pm_dec}
#     pm_ra_cosdec:
#       __class__: astropy.units.quantity.Quantity
#       unit: !astropy.units.Unit {unit: mas / yr}
#       value: !astropy.table.SerializedColumn {name: pm_ra_cosdec}
#     ra:
#       __class__: astropy.coordinates.angles.Longitude
#       unit: *id001
#       value: !astropy.table.SerializedColumn {name: ra}
#       wrap_angle: !astropy.coordinates.Angle
#         unit: *id001
#         value: 360.0
#     radial_velocity:
#       __class__: astropy.units.quantity.Quantity
#       unit: !astropy.units.Unit {unit: km / s}
#       value: !astropy.table.SerializedColumn {name: radial_velocity}
# schema: astropy-2.0
ra,dec,distance,pm_ra_cosdec,pm_dec,radial_velocity
[from data line 468]
201.81353137630433,-47.6690757962563,5.426,0.0,0.0,-0.0
201.82665085702632,-47.673705554743265,5.425999999999999,0.0,0.0,-0.0
201.83977872196334,-47.67832663667489,5.426000000000001,0.0,0.0,-0.0
201.85291497370412,-47.6829390319219,5.426000000000001,0.0,0.0,-0.0
201.86605961475226,-47.687542730431986,5.426,0.0,0.0,-0.0
201.8792126475277,-47.692137722228246,5.426000000000001,0.0,0.0,-0.0
201.8923740743682,-47.69672399740751,5.425999999999999,0.0,0.0,-0.0
201.90554389753075,-47.70130154613869,5.425999999999999,0.0,0.0,-0.0
201.91872211919303,-47.705870358661144,5.426000000000001,0.0,0.0,-0.0
201.931908741455,-47.71043042528299,5.426,0.0,0.0,-0.0
201.94510376634008,-47.714981736379606,5.426,0.0,0.0,-0.0
201.9583071957968,-47.719524282391774,5.426,0.0,0.0,-0.0
201.9715190317002,-47.72405805382421,5.425999999999999,0.0,0.0,-0.0
201.98473927585323,-47.72858304124385,5.426,0.0,0.0,-0.0
201.9979679299882,-47.73309923527817,5.426,0.0,0.0,-0.0
202.0112049957682,-47.737606626613584,5.426,0.0,0.0,-0.0
202.0244504747887,-47.742105205993795,5.426,0.0,0.0,-0.0
202.03770436857874,-47.74659496421812,5.426,0.0,0.0,-0.0
202.05096667860255,-47.751075892139845,5.426000000000001,0.0,0.0,-0.0
202.0642374062609,-47.75554798066458,5.426000000000001,0.0,0.0,-0.0
202.07751655289252,-47.7600112207486,5.426000000000002,0.0,0.0,-0.0
202.0908041197756,-47.764465603397205,5.426000000000002,0.0,0.0,-0.0
202.10410010812922,-47.768911119663024,5.426,0.0,0.0,-0.0
202.11740451911461,-47.773347760644405,5.426000000000001,0.0,0.0,-0.0
202.13071735383687,-47.77777551748376,5.426000000000001,0.0,0.0,-0.0
202.14403861334608,-47.78219438136584,5.426000000000001,0.0,0.0,-0.0
202.157368298639,-47.78660434351618,5.426000000000001,0.0,0.0,-0.0
202.17070641066024,-47.79100539519933,5.426000000000001,0.0,0.0,-0.0
202.18405295030394,-47.79539752771727,5.426,0.0,0.0,-0.0
202.1974079184149,-47.79978073240774,5.426000000000001,0.0,0.0,-0.0
202.21077131579028,-47.80415500064251,5.426000000000001,0.0,0.0,-0.0
202.22414314318084,-47.80852032382584,5.426000000000001,0.0,0.0,-0.0
202.23752340129235,-47.812876693392695,5.426000000000001,0.0,0.0,-0.0
202.2509120907871,-47.817224100807124,5.426000000000001,0.0,0.0,-0.0
202.26430921228527,-47.82156253756064,5.426000000000001,0.0,0.0,-0.0
202.27771476636627,-47.82589199517047,5.426000000000002,0.0,0.0,-0.0
202.29112875357023,-47.830212465177944,5.426,0.0,0.0,-0.0
202.30455117439936,-47.8345239391468,5.426000000000001,0.0,0.0,-0.0
202.31798202931947,-47.83882640866153,5.426000000000001,0.0,0.0,-0.0
202.3314213187611,-47.8431198653257,5.426000000000001,0.0,0.0,-0.0
202.34486904312124,-47.847404300760296,5.426000000000001,0.0,0.0,-0.0
202.35832520276443,-47.851679706601985,5.426000000000001,0.0,0.0,-0.0
202.3717897980245,-47.855946074501546,5.426000000000001,0.0,0.0,-0.0
202.3852628292056,-47.860203396122095,5.426000000000001,0.0,0.0,-0.0
202.39874429658383,-47.864451663137466,5.426000000000001,0.0,0.0,-0.0
202.41223420040853,-47.868690867230555,5.426000000000001,0.0,0.0,-0.0
202.42573254090374,-47.87292100009153,5.426000000000001,0.0,0.0,-0.0
202.43923931826953,-47.877142053416335,5.426000000000002,0.0,0.0,-0.0
202.4527545326834,-47.881354018904815,5.426,0.0,0.0,-0.0
202.46627818430164,-47.88555688825915,5.426000000000001,0.0,0.0,-0.0
202.47981027326074,-47.889750653182176,5.426000000000001,0.0,0.0,-0.0
202.49335079967878,-47.89393530537564,5.426000000000002,0.0,0.0,-0.0
202.5068997636568,-47.89811083653858,5.426000000000001,0.0,0.0,-0.0
202.52045716528016,-47.90227723836557,5.426000000000001,0.0,0.0,-0.0
202.5340230046199,-47.906434502545146,5.426000000000001,0.0,0.0,-0.0
202.54759728173414,-47.91058262075794,5.426,0.0,0.0,-0.0
202.56117999666944,-47.91472158467524,5.426000000000001,0.0,0.0,-0.0
202.57477114946215,-47.918851385957026,5.426000000000001,0.0,0.0,-0.0
202.58837074013988,-47.92297201625052,5.426000000000001,0.0,0.0,-0.0
202.6019787687226,-47.927083467188325,5.426000000000001,0.0,0.0,-0.0
202.61559523522442,-47.93118573038683,5.426000000000001,0.0,0.0,-0.0
202.62922013965445,-47.935278797444504,5.426000000000002,0.0,0.0,-0.0
202.6428534820186,-47.939362659940144,5.426000000000001,0.0,0.0,-0.0
202.65649526232068,-47.94343730943127,5.426000000000001,0.0,0.0,-0.0
202.6701454805638,-47.94750273745233,5.426,0.0,0.0,-0.0
202.68380413675177,-47.95155893551313,5.426000000000001,0.0,0.0,-0.0
202.69747123089047,-47.95560589509697,5.426,0.0,0.0,-0.0
202.71114676298905,-47.95964360765912,5.426000000000001,0.0,0.0,-0.0
202.72483073306148,-47.963672064625,5.426000000000001,0.0,0.0,-0.0
202.73852314112764,-47.967691257388516,5.426000000000001,0.0,0.0,-0.0
202.75222398721496,-47.971701177310365,5.426000000000001,0.0,0.0,-0.0
202.76593327135953,-47.975701815716356,5.426,0.0,0.0,-0.0
202.77965099360753,-47.97969316389564,5.426000000000001,0.0,0.0,-0.0
202.7933771540165,-47.983675213099055,5.426000000000001,0.0,0.0,-0.0
202.80711175265677,-47.98764795453743,5.426000000000001,0.0,0.0,-0.0
202.82085478961272,-47.99161137937984,5.426,0.0,0.0,-0.0
202.83460626498407,-47.99556547875193,5.426000000000001,0.0,0.0,-0.0
202.84836617888735,-47.99951024373418,5.426000000000002,0.0,0.0,-0.0
202.86213453145706,-48.00344566536022,5.426000000000002,0.0,0.0,-0.0
202.8759113228471,-48.007371734615106,5.426000000000001,0.0,0.0,-0.0
202.88969655323197,-48.011288442433596,5.426000000000001,0.0,0.0,-0.0
202.90349022280824,-48.015195779698495,5.426000000000001,0.0,0.0,-0.0
202.9172923317958,-48.01909373723886,5.426000000000001,0.0,0.0,-0.0
202.93110288043906,-48.02298230582834,5.426000000000002,0.0,0.0,-0.0
202.94492186900845,-48.02686147618345,5.426000000000001,0.0,0.0,-0.0
202.95874929780157,-48.03073123896185,5.426000000000001,0.0,0.0,-0.0
202.9725851671446,-48.03459158476061,5.426000000000001,0.0,0.0,-0.0
202.98642947739356,-48.03844250411455,5.426000000000001,0.0,0.0,-0.0
203.00028222893548,-48.042283987494436,5.426000000000001,0.0,0.0,-0.0
203.01414342219,-48.04611602530531,5.426,0.0,0.0,-0.0
203.0280130576104,-48.049938607884805,5.426000000000001,0.0,0.0,-0.0
203.04189113568498,-48.05375172550132,5.426000000000001,0.0,0.0,-0.0
203.05577765693832,-48.057555368352396,5.426000000000002,0.0,0.0,-0.0
203.06967262193265,-48.06134952656295,5.426000000000001,0.0,0.0,-0.0
203.08357603126902,-48.06513419018352,5.426000000000002,0.0,0.0,-0.0
203.09748788558875,-48.0689093491886,5.426000000000002,0.0,0.0,-0.0
203.11140818557442,-48.072674993474884,5.426000000000001,0.0,0.0,-0.0
203.12533693195147,-48.07643111285949,5.426000000000001,0.0,0.0,-0.0
203.13927412548927,-48.08017769707832,5.426000000000001,0.0,0.0,-0.0
203.15321976700247,-48.08391473578429,5.426000000000001,0.0,0.0,-0.0
203.1671738573522,-48.08764221854554,5.426000000000001,0.0,0.0,-0.0
203.1811363974475,-48.09136013484382,5.426000000000001,0.0,0.0,-0.0
203.1951073882463,-48.095068474072626,5.426000000000002,0.0,0.0,-0.0
203.20908683075697,-48.09876722553557,5.426000000000001,0.0,0.0,-0.0
203.2230747260395,-48.1024563784446,5.426000000000001,0.0,0.0,-0.0
203.2370710752066,-48.10613592191825,5.426000000000002,0.0,0.0,-0.0
203.25107587942506,-48.109805844979924,5.426000000000001,0.0,0.0,-0.0
203.26508913991714,-48.113466136556156,5.426000000000002,0.0,0.0,-0.0
203.27911085796154,-48.11711678547487,5.426000000000003,0.0,0.0,-0.0
203.29314103489492,-48.12075778046362,5.426000000000003,0.0,0.0,-0.0
203.3071796721129,-48.12438911014788,5.426000000000001,0.0,0.0,-0.0
203.32122677107145,-48.128010763049254,5.426000000000001,0.0,0.0,-0.0
203.33528233328815,-48.131622727583775,5.426000000000002,0.0,0.0,-0.0
203.3493463603433,-48.135224992060174,5.426000000000003,0.0,0.0,-0.0
203.36341885388117,-48.138817544678076,5.426000000000003,0.0,0.0,-0.0
203.3774998156114,-48.14240037352626,5.426000000000003,0.0,0.0,-0.0
203.39158924730998,-48.14597346658097,5.426000000000003,0.0,0.0,-0.0
203.40568715082065,-48.149536811704124,5.426000000000003,0.0,0.0,-0.0
203.41979352805603,-48.153090396641545,5.426000000000001,0.0,0.0,-0.0
203.4339083809989,-48.156634209021284,5.426000000000002,0.0,0.0,-0.0
203.44803171170338,-48.16016823635174,5.426000000000002,0.0,0.0,-0.0
203.4621635222961,-48.16369246602003,5.426000000000003,0.0,0.0,-0.0
203.4763038149775,-48.16720688529018,5.426000000000001,0.0,0.0,-0.0
203.490452592023,-48.170711481301396,5.426000000000003,0.0,0.0,-0.0
203.50460985578408,-48.17420624106622,5.426000000000003,0.0,0.0,-0.0
203.51877560868974,-48.17769115146892,5.426000000000001,0.0,0.0,-0.0
203.5329498532474,-48.18116619926361,5.426000000000001,0.0,0.0,-0.0
203.54713259204433,-48.18463137107251,5.426000000000003,0.0,0.0,-0.0
203.56132382774882,-48.188086653384254,5.426000000000002,0.0,0.0,-0.0
203.5755235631111,-48.191532032552054,5.426000000000001,0.0,0.0,-0.0
203.58973180096487,-48.19496749479196,5.426000000000003,0.0,0.0,-0.0
203.60394854422833,-48.1983930261811,5.426000000000002,0.0,0.0,-0.0
203.61817379590525,-48.20180861265592,5.426000000000003,0.0,0.0,-0.0
203.6324075590864,-48.20521424001039,5.426000000000002,0.0,0.0,-0.0
203.6466498369505,-48.20860989389431,5.426000000000002,0.0,0.0,-0.0
203.6609006327655,-48.211995559811434,5.426000000000002,0.0,0.0,-0.0
203.67515994988966,-48.215371223117785,5.426000000000002,0.0,0.0,-0.0
203.68942779177283,-48.21873686901982,5.426000000000002,0.0,0.0,-0.0
203.70370416195755,-48.22209248257277,5.426000000000003,0.0,0.0,-0.0
203.71798906408014,-48.22543804867869,5.426000000000002,0.0,0.0,-0.0
203.732282501872,-48.228773552084874,5.426000000000002,0.0,0.0,-0.0
203.74658447916062,-48.232098977381945,5.426000000000003,0.0,0.0,-0.0
203.76089499987086,-48.235414309002145,5.426000000000002,0.0,0.0,-0.0
203.77521406802586,-48.23871953121753,5.426000000000001,0.0,0.0,-0.0
203.78954168774854,-48.242014628138215,5.426000000000004,0.0,0.0,-0.0
203.80387786326241,-48.24529958371057,5.426000000000002,0.0,0.0,-0.0
203.81822259889287,-48.24857438171546,5.426000000000001,0.0,0.0,-0.0
203.83257589906836,-48.25183900576644,5.426000000000002,0.0,0.0,-0.0
203.84693776832128,-48.25509343930803,5.426000000000002,0.0,0.0,-0.0
203.86130821128944,-48.258337665613844,5.426000000000003,0.0,0.0,-0.0
203.8756872327169,-48.26157166778488,5.426000000000002,0.0,0.0,-0.0
203.8900748374552,-48.26479542874768,5.426000000000003,0.0,0.0,-0.0
203.9044710304645,-48.26800893125261,5.426000000000003,0.0,0.0,-0.0
203.9188758168146,-48.27121215787199,5.426000000000002,0.0,0.0,-0.0
203.93328920168625,-48.274405090998414,5.426000000000003,0.0,0.0,-0.0
203.94771119037193,-48.27758771284278,5.426000000000002,0.0,0.0,-0.0
203.96214178827725,-48.28076000543274,5.426000000000003,0.0,0.0,-0.0
203.97658100092187,-48.28392195061068,5.426000000000002,0.0,0.0,-0.0
203.9910288339407,-48.287073530032124,5.426000000000003,0.0,0.0,-0.0
204.0054852930849,-48.29021472516374,5.426000000000002,0.0,0.0,-0.0
204.019950384223,-48.29334551728175,5.426000000000004,0.0,0.0,-0.0
204.03442411334203,-48.29646588746994,5.426000000000002,0.0,0.0,-0.0
204.04890648654853,-48.29957581661803,5.426000000000003,0.0,0.0,-0.0
204.0633975100697,-48.30267528541977,5.426000000000003,0.0,0.0,-0.0
204.0778971902544,-48.30576427437115,5.426000000000001,0.0,0.0,-0.0
204.0924055335742,-48.308842763768666,5.426000000000003,0.0,0.0,-0.0
204.1069225466246,-48.311910733707435,5.426000000000001,0.0,0.0,-0.0
204.1214482361259,-48.31496816407949,5.426000000000003,0.0,0.0,-0.0
204.13598260892437,-48.31801503457183,5.426000000000003,0.0,0.0,-0.0
204.15052567199328,-48.32105132466476,5.426000000000003,0.0,0.0,-0.0
204.16507743243397,-48.32407701363001,5.426000000000001,0.0,0.0,-0.0
204.17963789747682,-48.327092080528956,5.426000000000002,0.0,0.0,-0.0
204.19420707448242,-48.330096504210786,5.426000000000001,0.0,0.0,-0.0
204.20878497094247,-48.33309026331074,5.426000000000002,0.0,0.0,-0.0
204.22337159448094,-48.336073336248184,5.426000000000002,0.0,0.0,-0.0
204.23796695285503,-48.33904570122498,5.426000000000002,0.0,0.0,-0.0
204.25257105395622,-48.3420073362235,5.426000000000002,0.0,0.0,-0.0
204.26718390581124,-48.344958219004916,5.426000000000003,0.0,0.0,-0.0
204.28180551658318,-48.34789832710735,5.426000000000003,0.0,0.0,-0.0
204.2964358945725,-48.350827637844056,5.426000000000001,0.0,0.0,-0.0
204.31107504821802,-48.35374612830161,5.426000000000001,0.0,0.0,-0.0
204.3257229860978,-48.3566537753381,5.426000000000003,0.0,0.0,-0.0
204.34037971693039,-48.359550555581315,5.426000000000002,0.0,0.0,-0.0
204.35504524957565,-48.36243644542686,5.426000000000003,0.0,0.0,-0.0
204.36971959303582,-48.365311421036395,5.426000000000001,0.0,0.0,-0.0
204.38440275645652,-48.36817545833586,5.426000000000001,0.0,0.0,-0.0
204.3990947491277,-48.3710285330135,5.426000000000001,0.0,0.0,-0.0
204.4137955804846,-48.37387062051821,5.426000000000003,0.0,0.0,-0.0
204.4285052601088,-48.376701696057566,5.426000000000001,0.0,0.0,-0.0
204.44322379772927,-48.379521734596125,5.426000000000002,0.0,0.0,-0.0
204.4579512032231,-48.38233071085348,5.426000000000001,0.0,0.0,-0.0
204.4726874866167,-48.38512859930253,5.426000000000003,0.0,0.0,-0.0
204.4874326580867,-48.38791537416755,5.426000000000002,0.0,0.0,-0.0
204.50218672796083,-48.39069100942249,5.426000000000002,0.0,0.0,-0.0
204.51694970671898,-48.393455478789015,5.426000000000002,0.0,0.0,-0.0
204.5317216049941,-48.39620875573473,5.426000000000003,0.0,0.0,-0.0
204.54650243357315,-48.39895081347133,5.426000000000004,0.0,0.0,-0.0
204.5612922033981,-48.40168162495283,5.426000000000003,0.0,0.0,-0.0
204.5760909255668,-48.40440116287362,5.426000000000004,0.0,0.0,-0.0
204.590898611334,-48.407109399666645,5.426000000000003,0.0,0.0,-0.0
204.60571527211215,-48.409806307501704,5.426000000000003,0.0,0.0,-0.0
204.62054091947246,-48.41249185828343,5.426000000000003,0.0,0.0,-0.0
204.63537556514572,-48.41516602364951,5.426000000000003,0.0,0.0,-0.0
204.65021922102332,-48.41782877496891,5.426000000000002,0.0,0.0,-0.0
204.66507189915814,-48.420480083339974,5.426000000000003,0.0,0.0,-0.0
204.67993361176534,-48.423119919588515,5.426000000000002,0.0,0.0,-0.0
204.69480437122346,-48.425748254266104,5.426000000000005,0.0,0.0,-0.0
204.70968419007517,-48.42836505764814,5.426000000000004,0.0,0.0,-0.0
204.72457308102824,-48.430970299732024,5.426000000000004,0.0,0.0,-0.0
204.73947105695643,-48.433563950235275,5.426000000000004,0.0,0.0,-0.0
204.7543781309004,-48.43614597859374,5.426000000000002,0.0,0.0,-0.0
204.76929431606843,-48.43871635395969,5.426000000000003,0.0,0.0,-0.0
204.78421962583758,-48.4412750452,5.426000000000003,0.0,0.0,-0.0
204.79915407375435,-48.44382202089427,5.426000000000003,0.0,0.0,-0.0
204.81409767353566,-48.446357249333005,5.426000000000003,0.0,0.0,-0.0
204.82905043906962,-48.448880698515715,5.426000000000004,0.0,0.0,-0.0
204.84401238441643,-48.4513923361491,5.426000000000003,0.0,0.0,-0.0
204.85898352380937,-48.45389212964516,5.426000000000003,0.0,0.0,-0.0
204.87396387165543,-48.45638004611935,5.426000000000002,0.0,0.0,-0.0
204.88895344253632,-48.45885605238871,5.426000000000002,0.0,0.0,-0.0
204.90395225120926,-48.461320114970036,5.426000000000002,0.0,0.0,-0.0
204.91896031260777,-48.46377220007795,5.426000000000003,0.0,0.0,-0.0
204.93397764184266,-48.466212273623114,5.426000000000003,0.0,0.0,-0.0
204.9490042542026,-48.46864030121033,5.426000000000004,0.0,0.0,-0.0
204.96404016515524,-48.47105624813663,5.426000000000003,0.0,0.0,-0.0
204.97908539034785,-48.47346007938949,5.426000000000002,0.0,0.0,-0.0
204.9941399456081,-48.475851759644925,5.426000000000004,0.0,0.0,-0.0
205.00920384694513,-48.47823125326559,5.426000000000003,0.0,0.0,-0.0
205.02427711054995,-48.48059852429894,5.426000000000003,0.0,0.0,-0.0
205.0393597527966,-48.482953536475414,5.426000000000004,0.0,0.0,-0.0
205.05445179024278,-48.48529625320637,5.426000000000004,0.0,0.0,-0.0
205.0695532396307,-48.487626637582494,5.426000000000004,0.0,0.0,-0.0
205.08466411788777,-48.48994465237167,5.426000000000004,0.0,0.0,-0.0
205.09978444212751,-48.49225026001725,5.426000000000004,0.0,0.0,-0.0
205.11491422965025,-48.49454342263613,5.426000000000004,0.0,0.0,-0.0
