galstreams/tracks/track.st.NGC2808.ibata2021.ecsv
# %ECSV 1.0
# ---
# datatype:
# - {name: ra, unit: deg, datatype: float64}
# - {name: dec, unit: deg, datatype: float64}
# - {name: distance, unit: kpc, datatype: float64}
# - {name: pm_ra_cosdec, unit: mas / yr, datatype: float64}
# - {name: pm_dec, unit: mas / yr, datatype: float64}
# - {name: radial_velocity, unit: km / s, datatype: float64}
# delimiter: ','
# meta: !!omap
# - __serialized_columns__:
#     dec:
#       __class__: astropy.coordinates.angles.Latitude
#       unit: &id001 !astropy.units.Unit {unit: deg}
#       value: !astropy.table.SerializedColumn {name: dec}
#     distance:
#       __class__: astropy.coordinates.distances.Distance
#       unit: !astropy.units.Unit {unit: kpc}
#       value: !astropy.table.SerializedColumn {name: distance}
#     pm_dec:
#       __class__: astropy.units.quantity.Quantity
#       unit: !astropy.units.Unit {unit: mas / yr}
#       value: !astropy.table.SerializedColumn {name: pm_dec}
#     pm_ra_cosdec:
#       __class__: astropy.units.quantity.Quantity
#       unit: !astropy.units.Unit {unit: mas / yr}
#       value: !astropy.table.SerializedColumn {name: pm_ra_cosdec}
#     ra:
#       __class__: astropy.coordinates.angles.Longitude
#       unit: *id001
#       value: !astropy.table.SerializedColumn {name: ra}
#       wrap_angle: !astropy.coordinates.Angle
#         unit: *id001
#         value: 360.0
#     radial_velocity:
#       __class__: astropy.units.quantity.Quantity
#       unit: !astropy.units.Unit {unit: km / s}
#       value: !astropy.table.SerializedColumn {name: radial_velocity}
# schema: astropy-2.0
ra,dec,distance,pm_ra_cosdec,pm_dec,radial_velocity
[from data line 281]
127.4762318142957,-59.48986404263036,4.981300383464334,5.217589427825261,-2.935757022131354,8.420767129872338e-15
127.48878120529638,-59.49758370418366,4.990521872360986,5.215960753111371,-2.9321008075044332,1.2631150694808506e-14
127.50133663733583,-59.50530204878805,4.999731750123511,5.214329221352718,-2.928446441445258,-8.420767129872338e-15
127.51389811028919,-59.513019076856565,5.008930019690495,5.212694837763131,-2.924793926971992,0.0
127.52646562403157,-59.52073478880265,5.01811668400053,5.211057607558985,-2.9211432671005335,-4.210383564936169e-15
127.53903917843859,-59.52844918504044,5.027291745992203,5.20941753595923,-2.9174944648444585,-8.420767129872338e-15
127.55161877338608,-59.536162265984636,5.036455208604103,5.207774628185373,-2.913847523215026,-8.420767129872338e-15
127.56420440875002,-59.543874032050375,5.045607074774818,5.206128889461477,-2.9102024452212056,-1.6841534259744676e-14
127.57679608440677,-59.55158448365354,5.054747347442938,5.204480325014176,-2.906559233869618,2.1051917824680846e-14
127.58939380023274,-59.55929362121037,5.063876029547054,5.202828940072655,-2.9029178921645786,-4.210383564936169e-15
127.60199755610488,-59.567001445137805,5.07299312402575,5.201174739868684,-2.8992784231080466,4.210383564936169e-15
127.61460735190029,-59.57470795585338,5.082098633817618,5.199517729636593,-2.8956408296996434,-1.2631150694808506e-14
127.6272231874962,-59.58241315377503,5.091192561861249,5.197857914613273,-2.8920051149366466,0.0
127.63984506277028,-59.5901170393214,5.100274911095227,5.196195300038196,-2.8883712818139773,-1.2631150694808506e-14
127.65247297760051,-59.5978196129117,5.109345684458145,5.19452989115341,-2.884739333324177,0.0
127.66510693186487,-59.60552087496557,5.118404884888587,5.192861693203518,-2.88110927245744,1.2631150694808506e-14
127.67774692544187,-59.61322082590337,5.127452515325148,5.1911907114357145,-2.877481102201573,-8.420767129872338e-15
127.69039295821028,-59.62091946614599,5.136488578706413,5.189516951099765,-2.873854825541983,-1.6841534259744676e-14
127.70304503004897,-59.6286167961148,5.14551307797097,5.18784041744801,-2.870230445461717,0.0
127.71570314083728,-59.63631281623191,5.154526016057412,5.186161115735373,-2.866607964941397,-4.210383564936169e-15
127.72836729045468,-59.64400752691978,5.163527395904324,5.18447905121935,-2.8629873869592593,-8.420767129872338e-15
127.74103747878102,-59.65170092860165,5.172517220450298,5.182794229160027,-2.859368714491116,-8.420767129872338e-15
127.75371370569653,-59.65939302170125,5.1814954926339185,5.181106654820076,-2.855751950510361,-2.1051917824680846e-14
127.76639597108145,-59.667083806642836,5.19046221539378,5.179416333464738,-2.852137097987975,0.0
127.77908427481653,-59.674773283851295,5.199417391668466,5.177723270361854,-2.8485241598924986,-2.5262301389617013e-14
127.79177861678285,-59.68246145375214,5.20836102439657,5.176027470781848,-2.844913139190019,0.0
127.80447899686158,-59.6901483167713,5.217293116516679,5.174328939997727,-2.8413040388442075,1.2631150694808506e-14
127.81718541493437,-59.69783387333549,5.22621367096738,5.172627683285095,-2.8376968618162572,4.210383564936169e-15
127.82989787088303,-59.70551812387178,5.235122690687263,5.170923705922139,-2.834091611064917,-1.2631150694808506e-14
127.84261636458979,-59.713201068808004,5.244020178614919,5.169217013189645,-2.8304882895464596,-1.6841534259744676e-14
127.8553408959372,-59.72088270857254,5.252906137688937,5.167507610370992,-2.8268869002146806,-2.947268495455318e-14
127.86807146480793,-59.72856304359423,5.261780570847902,5.165795502752148,-2.823287446020915,-2.5262301389617013e-14
127.88080807108517,-59.7362420743026,5.270643481030405,5.164080695621687,-2.819689929913985,-2.1051917824680846e-14
127.89355071465239,-59.74391980112782,5.279494871175036,5.162363194270769,-2.816094354840231,0.0
127.90629939539318,-59.75159622450045,5.288334744220382,5.160643003993158,-2.8125007237435,8.420767129872338e-15
127.91905411319165,-59.7592713448518,5.2971631031050315,5.158920130085219,-2.8089090395651173,-4.210383564936169e-15
127.93181486793226,-59.76694516261375,5.305979950767576,5.157194577845921,-2.8053193052438923,-1.2631150694808506e-14
127.94458165949952,-59.774617678218654,5.314785290146602,5.155466352576822,-2.8017315237161284,8.420767129872338e-15
127.95735448777859,-59.782288892099594,5.323579124180703,5.153735459582101,-2.7981456979155794,0.0
127.97013335265468,-59.78995880469009,5.332361455808458,5.152001904168532,-2.794561830773486,-4.210383564936169e-15
127.98291825401348,-59.79762741642439,5.341132287968466,5.150265691645492,-2.7909799252185246,-4.210383564936169e-15
127.99570919174111,-59.80529472773731,5.349891623599312,5.148526827324978,-2.787399984176824,8.420767129872338e-15
128.0085061657237,-59.81296073906411,5.358639465639586,5.146785316521582,-2.7838220105719778,-1.6841534259744676e-14
128.02130917584802,-59.82062545084082,5.367375817027874,5.145041164552513,-2.780246007324991,-3.789345208442552e-14
128.03411822200113,-59.82828886350405,5.376100680702766,5.143294376737593,-2.776671977354304,0.0
128.04693330407014,-59.83595097749082,5.384814059602853,5.141544958399248,-2.7730999235757956,-2.947268495455318e-14
128.05975442194296,-59.84361179323897,5.393515956666722,5.139792914862525,-2.769529848902732,-1.6841534259744676e-14
128.07258157550743,-59.85127131118675,5.402206374832962,5.1380382514550815,-2.7659617562458205,-1.2631150694808506e-14
128.085414764652,-59.858929531773114,5.410885317040161,5.136280973507192,-2.7623956485131407,-1.6841534259744676e-14
128.09825398926537,-59.86658645543766,5.419552786226912,5.13452108635175,-2.758831528610179,-3.368306851948935e-14
128.1110992492366,-59.874242082620384,5.428208785331798,5.132758595324264,-2.7552693994398116,-2.1051917824680846e-14
128.12395054445508,-59.88189641376209,5.436853317293411,5.130993505762861,-2.7517092639022964,-2.1051917824680846e-14
128.13680787481067,-59.8895494493041,5.445486385050341,5.129225823008294,-2.748151124895248,-2.947268495455318e-14
128.14967124019336,-59.89720118968826,5.454107991541176,5.127455552403933,-2.744594985313673,4.210383564936169e-15
128.1625406404937,-59.90485163535712,5.462718139704505,5.1256826992957665,-2.741040848049922,-8.420767129872338e-15
128.17541607560264,-59.91250078675384,5.471316832478914,5.123907269032422,-2.7374887159936927,8.420767129872338e-15
128.18829754541125,-59.92014864432203,5.479904072802994,5.122129266965136,-2.7339385920320476,-4.210383564936169e-15
128.20118504981122,-59.927795208506154,5.488479863615338,5.120348698447778,-2.730390479049364,1.2631150694808506e-14
128.2140785886944,-59.93544047975099,5.497044207854527,5.1185655688368445,-2.726844379927377,1.2631150694808506e-14
128.22697816195316,-59.94308445850213,5.505597108459154,5.116779883491459,-2.723300297545127,0.0
128.2398837694803,-59.950727145205754,5.514138568367811,5.114991647773378,-2.719758234778969,-1.2631150694808506e-14
128.25279541116873,-59.95836854030851,5.522668590519083,5.113200867046981,-2.7162181945025887,4.210383564936169e-15
128.26571308691197,-59.966008644257776,5.531187177851557,5.11140754667929,-2.712680179586959,-1.2631150694808506e-14
128.278636796604,-59.97364745750156,5.539694333303825,5.109611692039954,-2.7091441929003435,4.210383564936169e-15
128.29156654013883,-59.981284980488326,5.548190059814476,5.107813308501251,-2.7056102373083224,1.2631150694808506e-14
128.30450231741116,-59.98892121366729,5.556674360322099,5.1060124014381,-2.7020783156737287,-4.210383564936169e-15
128.31744412831608,-59.99655615748827,5.56514723776528,5.104208976228063,-2.698548430856683,1.2631150694808506e-14
128.33039197274886,-60.004189812401556,5.573608695082611,5.102403038251319,-2.695020585714581,0.0
128.34334585060537,-60.011822178858274,5.582058735212678,5.100594592890708,-2.6914947831020624,1.2631150694808506e-14
128.3563057617817,-60.019453257309905,5.590497361094076,5.098783645531685,-2.687971025871042,-2.5262301389617013e-14
128.36927170617452,-60.027083048208745,5.598924575665387,5.096970201562369,-2.6844493168706647,-4.210383564936169e-15
128.3822436836808,-60.03471155200768,5.6073403818652,5.095154266373511,-2.6809296589473184,-8.420767129872338e-15
128.39522169419791,-60.04233876916004,5.615744782632108,5.093335845358495,-2.6774120549446354,0.0
128.4082057376236,-60.049964700119986,5.6241377809047,5.091514943913358,-2.6738965077034615,-4.210383564936169e-15
128.42119581385626,-60.05758934534221,5.632519379621562,5.089691567436786,-2.67038302006186,-1.6841534259744676e-14
128.4341919227943,-60.06521270528196,5.640889581721282,5.087865721330097,-2.6668715948551207,-4.210383564936169e-15
128.44719406433683,-60.07283478039516,5.649248390142454,5.086037410997262,-2.6633622349157244,4.210383564936169e-15
128.46020223838337,-60.08045557113842,5.6575958078236654,5.084206641844906,-2.6598549430733476,-4.210383564936169e-15
128.47321644483367,-60.08807507796882,5.665931837703499,5.082373419282289,-2.656349722154877,-8.420767129872338e-15
128.48623668358817,-60.09569330134419,5.6742564827205495,5.0805377487213335,-2.652846574984356,-1.2631150694808506e-14
128.49926295454745,-60.10331024172288,5.682569745813403,5.0786996355766005,-2.6493455043830294,-4.210383564936169e-15
128.51229525761266,-60.11092589956393,5.690871629920652,5.076859085265307,-2.6458465131692943,0.0
128.52533359268554,-60.11854027532705,5.699162137980882,5.075016103207327,-2.64234960415871,-4.210383564936169e-15
128.5383779596679,-60.1261533694724,5.707441272932683,5.073170694825181,-2.6388547801640057,4.210383564936169e-15
128.5514283584623,-60.13376518246092,5.715709037714645,5.071322865544045,-2.6353620439950443,4.210383564936169e-15
128.5644847889716,-60.141375714754176,5.723965435265354,5.069472620791756,-2.631871398458832,0.0
128.57754725109908,-60.148984966814226,5.732210468523402,5.067619965998796,-2.62838284635952,-2.1051917824680846e-14
128.59061574474862,-60.156592939103916,5.7404441404273765,5.065764906598312,-2.624896390498361,4.210383564936169e-15
128.60369026982423,-60.164199632086564,5.748666453915865,5.0639074480261055,-2.621412033673764,-2.1051917824680846e-14
128.61677082623075,-60.17180504622624,5.756877411927459,5.0620475957206414,-2.6179297786812157,1.6841534259744676e-14
128.62985741387325,-60.17940918198764,5.7650770174007455,5.060185355123041,-2.6144496283133236,-4.210383564936169e-15
128.6429500326572,-60.18701203983595,5.773265273274315,5.058320731677079,-2.610971585359797,1.2631150694808506e-14
128.6560486824887,-60.194613620237135,5.781442182486755,5.056453730829204,-2.6074956526074318,-1.6841534259744676e-14
128.6691533632743,-60.202213923657794,5.789607747976655,5.054584358028524,-2.604021832840097,-1.2631150694808506e-14
128.68226407492077,-60.209812950565,5.797761972682602,5.052712618726801,-2.600550128838762,0.0
128.6953808173356,-60.21741070142662,5.805904859543188,5.05083851837847,-2.5970805433814474,-1.2631150694808506e-14
128.70850359042672,-60.22500717671116,5.814036411497002,5.048962062440632,-2.593613079243234,4.210383564936169e-15
128.72163239410233,-60.23260237688756,5.82215663148263,5.0470832563730434,-2.59014773919628,-2.947268495455318e-14
128.7347672282714,-60.240196302425666,5.830265522438661,5.045202105638143,-2.586684526009762,0.0
128.7479080928431,-60.24778895379573,5.838363087303688,5.043318615701021,-2.5832234424499236,4.210383564936169e-15
128.7610549877272,-60.25538033146878,5.846449329016294,5.041432792029445,-2.579764491280031,0.0
128.77420791283402,-60.262970435916465,5.8545242505150705,5.039544640093856,-2.5763076752603715,-3.789345208442552e-14
128.7873668680742,-60.27055926761099,5.862587854738608,5.037654165367348,-2.572852997148263,-2.947268495455318e-14
128.80053185335902,-60.27814682702531,5.8706401446254945,5.035761373325705,-2.5694004596980298,4.210383564936169e-15
128.81370286860022,-60.28573311463297,5.87868112311432,5.033866269447374,-2.565950065660996,-8.420767129872338e-15
128.82687991370983,-60.293318130908084,5.886710793143669,5.031968859213469,-2.5625018177855026,-2.947268495455318e-14
128.84006298860072,-60.30090187632559,5.894729157652134,5.030069148107793,-2.559055718816858,-8.420767129872338e-15
128.85325209318594,-60.308484351360825,5.902736219578304,5.028167141616802,-2.5556117714973743,-1.2631150694808506e-14
128.8664472273792,-60.31606555648996,5.910731981860769,5.026262845229642,-2.5521699785663254,4.210383564936169e-15
128.87964839109483,-60.323645492189804,5.918716447438113,5.024356264438135,-2.548730342759958,2.1051917824680846e-14
128.8928555842473,-60.331224158937644,5.926689619248927,5.02244740473677,-2.5452928668114954,-2.1051917824680846e-14
128.90606880675188,-60.33880155721158,5.934651500231803,5.020536271622718,-2.5418575534510928,4.210383564936169e-15
128.9192880585244,-60.34637768749037,5.942602093325328,5.018622870595832,-2.538424405405864,-4.210383564936169e-15
128.93251333948092,-60.35395255025321,5.95054140146809,5.016707207158632,-2.53499342539987,-2.5262301389617013e-14
128.94574464953826,-60.36152614598017,5.958469427598674,5.014789286816332,-2.531564616154096,8.420767129872338e-15
128.95898198861371,-60.3690984751519,5.966386174655679,5.012869115076814,-2.52813798038645,-2.1051917824680846e-14
128.97222535662493,-60.37666953824963,5.974291645577684,5.010946697450647,-2.5247135208117757,-8.420767129872338e-15
128.98547475349037,-60.384239335755325,5.982185843303284,5.009022039451082,-2.521291240141806,-3.368306851948935e-14
128.99873017912873,-60.391807868151524,5.9900687707710665,5.007095146594047,-2.5178711410852013,0.0
129.0119916334594,-60.39937513592148,5.997940430919618,5.005166024398156,-2.514453226347503,-1.2631150694808506e-14
129.02525911640237,-60.40694113954914,6.005800826687529,5.003234678384711,-2.5110374986311417,-3.368306851948935e-14
129.0385326278779,-60.41450587951895,6.013649961013391,5.001301114077689,-2.5076239606354487,-3.789345208442552e-14
129.0518121678071,-60.422069356316136,6.021487836835786,4.999365337003761,-2.5042126150566113,-2.5262301389617013e-14
129.0650977361115,-60.429631570426615,6.029314457093312,4.99742735269228,-2.500803464587687,8.420767129872338e-15
129.07838933271302,-60.43719252233676,6.037129824724551,4.9954871666752805,-2.4973965119186143,-4.210383564936169e-15
129.0916869575343,-60.444752212533814,6.044933942668094,4.993544784487495,-2.493991759736165,8.420767129872338e-15
129.10499061049862,-60.452310641505605,6.052726813862529,4.991600211666335,-2.4905892107239573,-8.420767129872338e-15
129.1183002915295,-60.45986780974054,6.060508441246448,4.989653453751901,-2.4871888675624674,-2.1051917824680846e-14
129.13161600055136,-60.46742371772782,6.068278827758436,4.987704516286986,-2.483790732928978,-1.6841534259744676e-14
129.1449377374889,-60.47497836595715,6.0760379763370835,4.985753404817072,-2.4803948094976267,-1.2631150694808506e-14
129.15826550226754,-60.482531754919044,6.083785889920981,4.983800124890326,-2.477001099939341,1.6841534259744676e-14
129.1715992948133,-60.49008388510462,6.091522571448714,4.981844682057615,-2.47360960692187,-4.210383564936169e-15
129.18493911505254,-60.497634757005585,6.099248023858873,4.979887081872487,-2.4702203331097765,-1.2631150694808506e-14
129.19828496291245,-60.50518437111442,6.1069622500900484,4.977927329891191,-2.4668332811644005,-8.420767129872338e-15
129.21163683832077,-60.51273272792425,6.114665253080829,4.975965431672665,-2.463448453743874,1.6841534259744676e-14
129.22499474120553,-60.52027982792876,6.1223570357698,4.974001392778538,-2.4600658535031314,-1.6841534259744676e-14
129.23835867149575,-60.52782567162245,6.130037601095551,4.97203521877314,-2.4566854830938474,1.6841534259744676e-14
129.25172862912063,-60.535370259500326,6.137706951996677,4.970066915223482,-2.4533073451644962,-1.2631150694808506e-14
129.26510461401028,-60.542913592058184,6.145365091411761,4.968096487699287,-2.449931442360289,8.420767129872338e-15
