galstreams/tracks/track.st.C-4.ibata2021.ecsv
# %ECSV 0.9
# ---
# datatype:
# - {name: ra, unit: deg, datatype: float64}
# - {name: dec, unit: deg, datatype: float64}
# - {name: distance, unit: kpc, datatype: float64}
# - {name: pm_ra_cosdec, unit: mas / yr, datatype: float64}
# - {name: pm_dec, unit: mas / yr, datatype: float64}
# - {name: radial_velocity, unit: km / s, datatype: float64}
# delimiter: ','
# meta: !!omap
# - __serialized_columns__:
#     dec:
#       __class__: astropy.coordinates.angles.Latitude
#       unit: &id001 !astropy.units.Unit {unit: deg}
#       value: !astropy.table.SerializedColumn {name: dec}
#     distance:
#       __class__: astropy.coordinates.distances.Distance
#       unit: !astropy.units.Unit {unit: kpc}
#       value: !astropy.table.SerializedColumn {name: distance}
#     pm_dec:
#       __class__: astropy.units.quantity.Quantity
#       unit: !astropy.units.Unit {unit: mas / yr}
#       value: !astropy.table.SerializedColumn {name: pm_dec}
#     pm_ra_cosdec:
#       __class__: astropy.units.quantity.Quantity
#       unit: !astropy.units.Unit {unit: mas / yr}
#       value: !astropy.table.SerializedColumn {name: pm_ra_cosdec}
#     ra:
#       __class__: astropy.coordinates.angles.Longitude
#       unit: *id001
#       value: !astropy.table.SerializedColumn {name: ra}
#       wrap_angle: !astropy.coordinates.Angle
#         unit: *id001
#         value: 360.0
#     radial_velocity:
#       __class__: astropy.units.quantity.Quantity
#       unit: !astropy.units.Unit {unit: km / s}
#       value: !astropy.table.SerializedColumn {name: radial_velocity}
# schema: astropy-2.0
ra,dec,distance,pm_ra_cosdec,pm_dec,radial_velocity
[from data line 1108]
244.73072277012201,79.27046357916817,3.2361737816312064,-16.048030454270584,13.952620001095852,0.0
244.75715908232084,79.26165718575062,3.235840272225029,-16.04646077865437,13.964431639559997,-4.210383564936169e-14
244.7835412960171,79.2528472690931,3.2355093454449633,-16.044896147523293,13.97622720629388,-1.6841534259744676e-14
244.8098694966454,79.24403383442875,3.2351810066211923,-16.043336563940656,13.98800670974919,0.0
244.83614376946613,79.23521688697429,3.2348552610838928,-16.04178203092287,13.999770158310907,-5.0524602779234026e-14
244.86236419956523,79.22639643192994,3.234532114163244,-16.040232551439725,14.01151756029726,0.0
244.88853087185498,79.21757247447955,3.234211571189424,-16.0386881284145,14.023248923960049,-4.210383564936169e-14
244.91464387107376,79.20874501979057,3.233893637492613,-16.037148764724297,14.034964257484573,8.420767129872338e-15
244.9407032817867,79.19991407301409,3.23357831840299,-16.03561446320014,14.046663568989972,-2.5262301389617013e-14
244.96670918838555,79.19107963928494,3.233265619250732,-16.034085226627248,14.058346866529147,2.5262301389617013e-14
244.99266167508915,79.18224172372166,3.232955545366018,-16.032561057745234,14.070014158089043,1.6841534259744676e-14
245.01856082594367,79.17340033142656,3.232648102079029,-16.031041959248267,14.081665451590675,4.210383564936169e-14
245.04440672482266,79.16455546748576,3.2323432947199415,-16.029527933785378,14.093300754889356,1.6841534259744676e-14
245.07019945542757,79.15570713696923,3.232041128618935,-16.02801898396049,14.1049200757747,8.420767129872338e-15
245.0959391012877,79.1468553449308,3.23174160910619,-16.026515112332838,14.116523421970887,1.6841534259744676e-14
245.1216257457607,79.1380000964082,3.2314447415118823,-16.025016321417,14.128110801136685,1.6841534259744676e-14
245.14725947203274,79.12914139642318,3.2311505311661923,-16.023522613683138,14.139682220865673,-3.368306851948935e-14
245.1728403631185,79.12027924998141,3.2308589833992998,-16.022033991557276,14.151237688686233,1.6841534259744676e-14
245.19836850186198,79.1114136620726,3.230570103541382,-16.020550457421344,14.162777212061872,-2.5262301389617013e-14
245.2238439709361,79.10254463767049,3.2302838969226175,-16.01907201361357,14.174300798391172,1.6841534259744676e-14
245.24926685284345,79.09367218173297,3.230000368873187,-16.01759866242848,14.185808455008042,-8.420767129872338e-15
245.2746372299163,79.08479629920201,3.229719524723267,-16.016130406117227,14.197300189181773,0.0
245.29995518431681,79.07591699500378,3.2294413698030384,-16.01466724688772,14.20877600811721,2.5262301389617013e-14
245.3252207980376,79.06703427404861,3.2291659094426786,-16.01320918690482,14.220235918954907,-8.420767129872338e-15
245.35043415290147,79.05814814123107,3.228893148972367,-16.01175622829058,14.231679928771166,1.6841534259744676e-14
245.37559533056225,79.04925860143003,3.2286230937222813,-16.010308373124357,14.24310804457828,0.0
245.40070441250455,79.04036565950861,3.2283557490226027,-16.008865623443036,14.254520273324568,-2.5262301389617013e-14
245.4257614800443,79.03146932031432,3.228091120203508,-16.007427981241264,14.26591662189457,-1.6841534259744676e-14
245.45076661432896,79.02256958867899,3.227829212595177,-16.00599544847153,14.277297097109184,8.420767129872338e-15
245.4757198963377,79.01366646941891,3.227570031527788,-16.004568027044456,14.288661705725737,1.6841534259744676e-14
245.50062140688178,79.00475996733476,3.22731358233152,-16.0031457188289,14.300010454438176,2.5262301389617013e-14
245.52547122660474,78.99585008721172,3.227059870336551,-16.001728525652165,14.311343349877186,-5.0524602779234026e-14
245.55026943598241,78.9869368338195,3.226808900873061,-16.000316449300236,14.322660398610262,0.0
245.57501611532373,78.9780202119123,3.2265606792712282,-15.998909491517846,14.333961607141966,8.420767129872338e-15
245.59971134477058,78.96910022622893,3.2263152108612316,-15.99750765400874,14.345246981913963,8.420767129872338e-15
245.62435520429804,78.96017688149281,3.2260725009732503,-15.996110938435844,14.356516529305148,8.420767129872338e-15
245.64894777371492,78.951250182412,3.225832554937462,-15.99471934642141,14.367770255631866,-5.0524602779234026e-14
245.67348913266375,78.94232013367922,3.225595378084047,-15.993332879547197,14.379008167147928,-8.420767129872338e-15
245.69797936062122,78.93338673997195,3.225360975743184,-15.991951539354673,14.390230270044878,5.0524602779234026e-14
245.72241853689843,78.92445000595237,3.2251293532450496,-15.99057532734514,14.401436570452017,1.6841534259744676e-14
245.74680674064092,78.91550993626741,3.2249005159198245,-15.98920424497997,14.412627074436552,1.6841534259744676e-14
245.77114405082935,78.90656653554892,3.224674469097688,-15.987838293680705,14.423801788003793,1.6841534259744676e-14
245.79543054627933,78.89761980841348,3.2244512181088183,-15.986477474829304,14.434960717097221,1.6841534259744676e-14
245.81966630564202,78.88866975946263,3.2242307682833933,-15.985121789768218,14.446103867598662,4.210383564936169e-14
245.84385140740417,78.87971639328273,3.2240131249515924,-15.983771239800657,14.45723124532839,2.5262301389617013e-14
245.86798592988862,78.87075971444519,3.223798293443595,-15.982425826190653,14.468342856045298,-8.420767129872338e-15
245.89206995125429,78.86179972750634,3.223586279089579,-15.981085550163318,14.479438705446995,8.420767129872338e-15
245.9161035494966,78.85283643700747,3.2233770872197236,-15.979750412904952,14.490518799169951,-2.5262301389617013e-14
245.94008680244778,78.84386984747505,3.223170723164209,-15.97842041556324,14.501583142789649,2.5262301389617013e-14
245.9640197877771,78.83489996342044,3.222967192253212,-15.977095559247376,14.512631741820703,-8.420767129872338e-15
245.987902582991,78.82592678934029,3.2227664998169114,-15.975775845028252,14.523664601716991,-8.420767129872338e-15
246.0117352654336,78.81695032971624,3.222568651185487,-15.97446127393862,14.534681727871785,0.0
246.03551791228688,78.80797058901518,3.222373651689118,-15.973151846973206,14.545683125617943,8.420767129872338e-15
246.05925060057075,78.7989875716892,3.2221815066579818,-15.971847565088941,14.556668800227921,-1.6841534259744676e-14
246.08293340714366,78.7900012821756,3.221992221422259,-15.97054842920506,14.567638756914027,8.420767129872338e-15
246.10656640870258,78.78101172489693,3.221805801312126,-15.969254440203294,14.578593000828507,-4.210383564936169e-14
246.13014968178345,78.77201890426109,3.2216222516577626,-15.967965598927995,14.589531537063674,8.420767129872338e-15
246.15368330276152,78.76302282466126,3.2214415777893493,-15.966681906186267,14.60045437065207,-2.5262301389617013e-14
246.17716734785128,78.75402349047603,3.2212637850370633,-15.965403362748217,14.611361506566546,-3.368306851948935e-14
246.20060189310703,78.74502090606933,3.2210888787310825,-15.964129969347018,14.62225294972044,2.5262301389617013e-14
246.2239870144232,78.73601507579053,3.2209168642015875,-15.962861726679058,14.633128704967739,3.368306851948935e-14
246.2473227875344,78.7270060039745,3.2207477467787573,-15.961598635404131,14.64398877710317,-1.6841534259744676e-14
246.2706092880157,78.71799369494153,3.220581531792769,-15.9603406961456,14.654833170862284,5.0524602779234026e-14
246.29384659128323,78.70897815299745,3.2204182245738022,-15.95908790949048,14.665661890921752,3.368306851948935e-14
246.31703477259407,78.69995938243365,3.220257830452036,-15.957840275989609,14.676474941899327,-2.5262301389617013e-14
246.34017390704662,78.69093738752713,3.2201003547576494,-15.95659779615786,14.687272328354021,5.0524602779234026e-14
246.36326406958113,78.6819121725404,3.2199458028208205,-15.955360470474165,14.698054054786388,-1.6841534259744676e-14
246.38630533497965,78.6728837417217,3.219794179971728,-15.954128299381773,14.708820125638415,8.420767129872338e-15
246.40929777786647,78.66385209930493,3.2196454915405526,-15.952901283288297,14.719570545293832,-8.420767129872338e-15
246.43224147270837,78.65481724950966,3.2194997428574705,-15.951679422565949,14.730305318078235,1.6841534259744676e-14
246.4551364938148,78.6457791965412,3.2193569392526626,-15.95046271755163,14.741024448259106,5.0524602779234026e-14
246.4779829153385,78.63673794459064,3.219217086056305,-15.949251168547011,14.751727940046106,2.5262301389617013e-14
246.5007808112753,78.62769349783484,3.2190801885985794,-15.948044775818786,14.762415797591059,-2.5262301389617013e-14
246.5235302554647,78.6186458604365,3.2189462522096637,-15.946843539598758,14.773088024988185,-2.5262301389617013e-14
246.54623132158997,78.60959503654418,3.2188152822197362,-15.945647460083991,14.783744626274185,2.5262301389617013e-14
246.56888408317883,78.60054103029228,3.2186872839589755,-15.94445653743685,14.794385605428454,-2.5262301389617013e-14
246.59148861360305,78.59148384580115,3.2185622627575614,-15.943270771785325,14.805010966373088,0.0
246.61404498607942,78.58242348717705,3.218440223945673,-15.942090163222963,14.81562071297311,-1.6841534259744676e-14
246.63655327366948,78.57335995851228,3.218321172853486,-15.94091471180919,14.826214849036633,2.5262301389617013e-14
246.65901354928027,78.56429326388505,3.218205114811184,-15.939744417569244,14.836793378314864,-3.368306851948935e-14
246.68142588566423,78.55522340735966,3.2180920551489423,-15.938579280494483,14.847356304502375,-4.210383564936169e-14
246.70379035541956,78.54615039298645,3.2179819991969407,-15.937419300542446,14.857903631237152,4.210383564936169e-14
246.7261070309908,78.53707422480184,3.217874952285358,-15.93626447763693,14.868435362100808,2.5262301389617013e-14
246.74837598466866,78.52799490682838,3.2177709197443733,-15.935114811668198,14.878951500618596,1.6841534259744676e-14
246.77059728859066,78.5189124430748,3.2176699069041645,-15.933970302493096,14.889452050259683,5.0524602779234026e-14
246.79277101474125,78.5098268375359,3.2175719190949117,-15.932830949935115,14.899937014437178,1.6841534259744676e-14
246.81489723495196,78.50073809419281,3.217476961646793,-15.931696753784623,14.910406396508312,2.5262301389617013e-14
246.83697602090206,78.49164621701281,3.217385039889987,-15.93056771379887,14.920860199774584,2.5262301389617013e-14
246.85900744411848,78.4825512099495,3.217296159154673,-15.929443829702208,14.931298427481861,2.5262301389617013e-14
246.88099157597625,78.47345307694273,3.2172103247710293,-15.928325101186193,14.94172108282056,-3.368306851948935e-14
246.90292848769872,78.46435182191865,3.217127542069236,-15.927211527909657,14.952128168925666,-8.420767129872338e-15
246.92481825035787,78.45524744878983,3.21704781637947,-15.926103109498905,14.962519688877052,0.0
246.94666093487473,78.44613996145513,3.2169711530319116,-15.924999845547761,14.97289564569945,0.0
246.96845661201945,78.4370293637999,3.2168975573567384,-15.923901735617733,14.983256042362699,0.0
246.99020535241158,78.42791565969586,3.216827034684131,-15.922808779238142,14.993600881781775,-8.420767129872338e-15
247.01190722652052,78.41879885300118,3.2167595903442647,-15.921720975906236,15.003930166816975,1.6841534259744676e-14
247.0335623046658,78.40967894756058,3.216695229667323,-15.920638325087232,15.014243900274119,-2.5262301389617013e-14
247.0551706570171,78.40055594720525,3.2166339579834826,-15.919560826214541,15.024542084904535,-2.5262301389617013e-14
247.0767323535948,78.39142985575296,3.2165757806229207,-15.918488478689856,15.034824723405325,-8.420767129872338e-15
247.09824746427017,78.38230067700799,3.2165207029158176,-15.9174212818832,15.045091818419428,5.894536990910637e-14
247.11971605876576,78.37316841476127,3.2164687301923522,-15.916359235133081,15.05534337253579,2.5262301389617013e-14
247.14113820665537,78.36403307279033,3.2164198677827036,-15.915302337746686,15.065579388289459,-2.5262301389617013e-14
247.16251397736468,78.3548946548594,3.2163741210170493,-15.91425058899985,15.075799868161749,-3.368306851948935e-14
247.18384344017142,78.34575316471931,3.2163314952255697,-15.913203988137262,15.086004814580365,-4.210383564936169e-14
247.20512666420547,78.33660860610767,3.216291995738442,-15.912162534372566,15.096194229919535,2.5262301389617013e-14
247.22636371844953,78.3274609827488,3.2162556278858463,-15.911126226888415,15.106368116500159,-8.420767129872338e-15
247.24755467173898,78.3183102983538,3.2162223969979613,-15.910095064836652,15.116526476589874,1.6841534259744676e-14
247.26869959276243,78.30915655662048,3.216192308404965,-15.90906904733841,15.126669312403303,2.5262301389617013e-14
247.28979855006196,78.29999976123358,3.2161653674370365,-15.908048173484149,15.1367966261021,1.6841534259744676e-14
247.31085161203333,78.29083991586458,3.2161415794243555,-15.90703244233383,15.146908419795071,-1.6841534259744676e-14
247.3318588469263,78.28167702417194,3.216120949697099,-15.906021852917027,15.157004695538383,2.5262301389617013e-14
247.3528203228449,78.27251108980091,3.2161034835854485,-15.905016404232983,15.16708545533564,4.210383564936169e-14
247.37373610774793,78.26334211638373,3.216089186419579,-15.904016095250718,15.17715070113805,8.420767129872338e-15
247.39460626944867,78.25417010753954,3.2160780635296735,-15.903020924909221,15.18720043484448,5.0524602779234026e-14
247.4154308756159,78.24499506687448,3.216070120245907,-15.902030892117423,15.197234658301705,-8.420767129872338e-15
247.43620999377356,78.23581699798171,3.2160653618984614,-15.901045995754409,15.207253373304438,2.5262301389617013e-14
247.45694369130146,78.22663590444141,3.216063793817514,-15.900066234669435,15.217256581595556,4.210383564936169e-14
247.47763203543542,78.21745178982077,3.2160654213332442,-15.899091607682074,15.227244284866142,2.5262301389617013e-14
247.4982750932673,78.2082646576741,3.21607024977583,-15.898122113582351,15.237216484755614,0.0
247.51887293174576,78.19907451154283,3.216078284475451,-15.897157751130745,15.247173182851988,-8.420767129872338e-15
247.53942561767616,78.18988135495549,3.216089530762286,-15.896198519058382,15.257114380691817,7.578690416885104e-14
247.55993321772107,78.18068519142774,3.2161039939665126,-15.895244416067056,15.267040079760545,8.420767129872338e-15
247.58039579840033,78.1714860244625,3.2161216794183103,-15.89429544082942,15.27695028149239,4.210383564936169e-14
247.60081342609158,78.16228385754982,3.2161425924478584,-15.893351591988969,15.28684498727068,8.420767129872338e-15
247.6211861670304,78.15307869416706,3.216166738385336,-15.892412868160225,15.296724198427867,4.210383564936169e-14
247.6415140873106,78.14387053777875,3.2161941225609203,-15.891479267928775,15.306587916245727,0.0
247.6617972528845,78.1346593918368,3.2162247503047916,-15.890550789851428,15.316436141955416,5.0524602779234026e-14
247.68203572956332,78.12544525978035,3.2162586269471283,-15.889627432456235,15.3262688767377,8.420767129872338e-15
247.70222958301724,78.1162281450359,3.2162957578181097,-15.88870919424263,15.336086121722971,2.5262301389617013e-14
247.72237887877597,78.10700805101735,3.2163361482479123,-15.88779607368152,15.345887877991482,2.5262301389617013e-14
247.74248368222877,78.0977849811259,3.2163798035667184,-15.886888069215326,15.355674146573381,-3.368306851948935e-14
247.76254405862483,78.08855893875025,3.216426729104705,-15.885985179258183,15.365444928448946,3.368306851948935e-14
247.78256007307374,78.07932992726647,3.2164769301920497,-15.885087402195868,15.375200224548621,0.0
247.80253179054534,78.07009795003812,3.216530412158933,-15.884194736386066,15.384940035753186,3.368306851948935e-14
247.82245927587044,78.06086301041621,3.2165871803355337,-15.883307180158324,15.394664362893888,3.368306851948935e-14
247.84234259374097,78.05162511173931,3.2166472400520294,-15.882424731814188,15.404373206752615,0.0
247.86218180870992,78.0423842573335,3.2167105966386003,-15.881547389627324,15.414066568061855,5.0524602779234026e-14
247.88197698519227,78.03314045051236,3.216777255425425,-15.880675151843535,15.423744447505092,2.5262301389617013e-14
247.9017281874646,78.02389369457715,3.216847221742682,-15.879808016680903,15.433406845716648,3.368306851948935e-14
