galstreams/tracks/track.st.NGC3201-Gjoll.ibata2021.ecsv
# %ECSV 0.9
# ---
# datatype:
# - {name: ra, unit: deg, datatype: float64}
# - {name: dec, unit: deg, datatype: float64}
# - {name: distance, unit: kpc, datatype: float64}
# - {name: pm_ra_cosdec, unit: mas / yr, datatype: float64}
# - {name: pm_dec, unit: mas / yr, datatype: float64}
# - {name: radial_velocity, unit: km / s, datatype: float64}
# delimiter: ','
# meta: !!omap
# - __serialized_columns__:
#     dec:
#       __class__: astropy.coordinates.angles.Latitude
#       unit: &id001 !astropy.units.Unit {unit: deg}
#       value: !astropy.table.SerializedColumn {name: dec}
#     distance:
#       __class__: astropy.coordinates.distances.Distance
#       unit: !astropy.units.Unit {unit: kpc}
#       value: !astropy.table.SerializedColumn {name: distance}
#     pm_dec:
#       __class__: astropy.units.quantity.Quantity
#       unit: !astropy.units.Unit {unit: mas / yr}
#       value: !astropy.table.SerializedColumn {name: pm_dec}
#     pm_ra_cosdec:
#       __class__: astropy.units.quantity.Quantity
#       unit: !astropy.units.Unit {unit: mas / yr}
#       value: !astropy.table.SerializedColumn {name: pm_ra_cosdec}
#     ra:
#       __class__: astropy.coordinates.angles.Longitude
#       unit: *id001
#       value: !astropy.table.SerializedColumn {name: ra}
#       wrap_angle: !astropy.coordinates.Angle
#         unit: *id001
#         value: 360.0
#     radial_velocity:
#       __class__: astropy.units.quantity.Quantity
#       unit: !astropy.units.Unit {unit: km / s}
#       value: !astropy.table.SerializedColumn {name: radial_velocity}
# schema: astropy-2.0
ra,dec,distance,pm_ra_cosdec,pm_dec,radial_velocity
[from data line 818]
70.728634102176,-3.3687278428580654,3.702916118771026,20.70673088326429,-21.585320667410745,-1.515738083377021e-13
70.73584200498149,-3.3756745617791717,3.7026568414280105,20.709761466881247,-21.588415602435656,-3.24199534500085e-13
70.74304979253367,-3.3826214616443044,3.7023973623564417,20.712790532175006,-21.591508991197053,-3.536722194546382e-13
70.7502574656483,-3.3895685417043278,3.702137682236857,20.715818078884457,-21.594600831597326,-7.999728773378721e-14
70.75746502514066,-3.3965158012107635,3.7018778017491045,20.718844106749394,-21.597691121541523,-2.7788531528578715e-13
70.76467247182534,-3.403463239415738,3.7016177215723465,20.721868615510523,-21.60077985893743,-1.642049590325106e-13
70.77187980651637,-3.4104108555720174,3.7013574423850453,20.72489160490949,-21.603867041695615,-2.568333974611063e-13
70.77908703002717,-3.417358648932988,3.701096964864978,20.72791307468887,-21.60695266772932,-2.2315032894161697e-13
70.78629414317061,-3.4243066187526856,3.7008362896892324,20.73093302459209,-21.610036734954512,-2.2315032894161697e-13
70.79350114675894,-3.431254764285749,3.7005754175342056,20.733951454363506,-21.613119241289883,-2.3999186320136165e-13
70.80070804160385,-3.438203084787449,3.7003143490756027,20.736968363748456,-21.616200184656886,-3.3683068519489354e-13
70.80791482851642,-3.4451515795136958,3.700053084988442,20.739983752493103,-21.619279562979642,-3.24199534500085e-13
70.81512150830709,-3.452100247721023,3.6997916259470527,20.74299762034457,-21.622357374185007,-3.3683068519489354e-13
70.82232808178578,-3.4590490886665815,3.6995299726250757,20.746009967050853,-21.625433616202567,-9.683882199353189e-14
70.82953454976185,-3.465998101608151,3.699268125695463,20.74902079236088,-21.62850828696461,-1.8104649329225526e-13
70.83674091304398,-3.472947285804185,3.699006085830476,20.752030096024487,-21.631581384406143,-1.1789073981821273e-13
70.84394717244031,-3.4798966405136387,3.6987438537016906,20.755037877792418,-21.634652906464904,2.947268495455318e-14
70.85115332875836,-3.4868461649962064,3.6984814299799957,20.75804413741632,-21.6377228510813,-2.3999186320136165e-13
70.8583593828051,-3.4937958585121773,3.6982188153355935,20.761048874648715,-21.64079121619847,-1.9788802755199994e-13
70.86556533538693,-3.5007457203224575,3.6979560104379985,20.76405208924306,-21.643857999762282,-4.631421921429786e-14
70.87277118730961,-3.507695749688581,3.697693015956032,20.76705378095375,-21.64692319972133,-2.8209569885072334e-13
70.87997693937831,-3.5146459458727164,3.6974298325578387,20.770053949536027,-21.649986814026857,-1.4315304120782974e-13
70.88718259239768,-3.521596308137622,3.6971664609108736,20.773052594746034,-21.65304884063282,-1.1789073981821273e-13
70.89438814717174,-3.528546835746712,3.696902901681905,20.776049716340864,-21.656109277495936,-2.5262301389617017e-13
70.90159360450387,-3.5354975279640306,3.6966391555370097,20.77904531407849,-21.65916812257562,-2.610437810260425e-13
70.90879896519697,-3.542448384054215,3.696375223141592,20.782039387717745,-21.66222537383389,-5.4734986344170195e-14
70.91600423005326,-3.549399403282535,3.69611110516036,20.785031937018434,-21.665281029235608,-3.073580002403403e-13
70.92320939987445,-3.556350584914887,3.695846802257345,20.788022961741195,-21.668335086748222,-4.4209027431829775e-13
70.93041447546163,-3.563301928217802,3.6955823150958853,20.7910124616476,-21.671387544341943,-3.9156567153906374e-13
70.93761945761527,-3.5702534324584048,3.695317644338641,20.794000436500117,-21.67443839998967,-2.73674931720851e-13
70.94482434713531,-3.5772050969044598,3.6950527906475874,20.796986886062086,-21.67748765166699,-9.262843842859572e-14
70.95202914482107,-3.5841569208243502,3.6947877546840124,20.799971810097784,-21.6805352973522,-4.631421921429786e-14
70.95923385147131,-3.591108903487078,3.6945225371085253,20.802955208372353,-21.68358133502626,-1.768361097273191e-13
70.9664384678842,-3.5980610441622676,3.6942571385810474,20.805937080651855,-21.686625762672886,-2.694645481559148e-13
70.9736429948573,-3.6050133421201416,3.6939915597608226,20.808917426703207,-21.68966857827839,-2.1472956181174462e-13
70.9808474331876,-3.6119657966315923,3.69372580130641,20.811896246294214,-21.69270977983185,-2.48412630331234e-13
70.98805178367154,-3.6189184069680986,3.6934598638756824,20.814873539193645,-21.69574936532505,-1.4315304120782974e-13
70.99525604710495,-3.625871172401781,3.6931937481258332,20.817849305171126,-21.69878733275241,-1.4736342477276593e-13
71.00246022428301,-3.6328240922052966,3.6929274547133772,20.820823543997108,-21.70182368011103,-1.2631150694808508e-13
71.00966431600044,-3.6397771656520157,3.692660984294146,20.823796255443014,-21.704858405400746,1.2631150694808506e-14
71.01686832305128,-3.6467303920158955,3.692394337523286,20.826767439281145,-21.70789150662407,-2.2736071250655313e-13
71.02407224622907,-3.6536837705715173,3.6921275150552644,20.829737095284653,-21.710922981786176,8.420767129872338e-15
71.03127608632667,-3.6606373005940642,3.691860517543871,20.83270522322761,-21.713952828894914,-3.368306851948935e-14
71.03847984413643,-3.6675909813593557,3.6915933456422123,20.835671822884954,-21.71698104596085,-3.24199534500085e-13
71.04568352045011,-3.6745448121438087,3.6913260000027157,20.838636894032526,-21.720007630997205,-2.442022467662978e-13
71.05288711605887,-3.681498792224476,3.6910584812771274,20.841600436447067,-21.723032582019904,-2.694645481559148e-13
71.0600906317533,-3.6884529208790098,3.6907907901165116,20.84456244990619,-21.726055897047544,-2.3578147963642546e-13
71.06729406832336,-3.695407197385687,3.690522927171262,20.847522934188344,-21.729077574101364,-3.410410687598297e-13
71.07449742655852,-3.7023616210234116,3.690254893091085,20.850481889072917,-21.7320976112053,-2.1893994537668078e-13
71.08170070724759,-3.7093161910716814,3.6899866885250105,20.853439314340186,-21.735116006385994,-2.063087946818723e-13
71.08890391117886,-3.7162709068106126,3.689718314121388,20.856395209771293,-21.738132757672744,3.368306851948935e-14
71.09610703913998,-3.723225767520956,3.689449770527894,20.859349575148247,-21.7411478630975,-1.9788802755199994e-13
71.10331009191806,-3.730180772484052,3.689181058391524,20.862302410253932,-21.744161320694868,-2.568333974611063e-13
71.11051307029962,-3.7371359209818786,3.6889121783585943,20.865253714872154,-21.747173128502197,-8.420767129872338e-14
71.1177159750706,-3.7440912122970067,3.6886431310747434,20.868203488787582,-21.750183284559455,-3.073580002403403e-13
71.12491880701633,-3.7510466457126372,3.688373917184938,20.87115173178574,-21.753191786909273,-2.3999186320136165e-13
71.13212156692164,-3.7580022205125716,3.6881045373334604,20.874098443653054,-21.756198633596963,-2.442022467662978e-13
71.1393242555707,-3.764957935981235,3.687834992163924,20.877043624176807,-21.7592038226705,-1.5578419190263825e-13
71.14652687374713,-3.771913791403664,3.687565282319259,20.8799872731452,-21.762207352180535,-1.347322740779574e-13
71.153729422234,-3.7788697860654956,3.6872954084417247,20.882929390347243,-21.765209220180353,-7.999728773378721e-14
71.16093190181373,-3.7858259192530044,3.6870253711729015,20.885869975572874,-21.76820942472594,-2.1893994537668078e-13
71.16813431326824,-3.79278219025304,3.6867551711536968,20.88880902861288,-21.771207963875884,-1.3894265764289357e-13
71.17533665737884,-3.799738598353095,3.686484809024338,20.89174654925897,-21.774204835691528,-1.1789073981821273e-13
71.1825389349263,-3.8066951428413023,3.6862142854243833,20.894682537303648,-21.777200038236792,-1.768361097273191e-13
71.18974114669066,-3.813651823006286,3.685943600992714,20.897616992540335,-21.780193569578266,-2.3578147963642546e-13
71.19694329345158,-3.820608638137397,3.6856727563675347,20.90054991476333,-21.783185427785234,-1.7262572616238293e-13
71.20414537598802,-3.8275655875245675,3.68540175218638,20.903481303767776,-21.78617561092958,-3.157787673702127e-13
71.21134739507846,-3.834522670458323,3.685130589086107,20.90641115934973,-21.789164117085907,-2.6525416459097863e-13
71.21854935150068,-3.841479886229822,3.6848592677029024,20.909339481306056,-21.792150944331414,-2.5262301389617017e-13
71.22575124603199,-3.848437234130811,3.684587788672279,20.912266269434504,-21.795136090745945,-1.6841534259744676e-14
71.23295307944906,-3.855394713453638,3.684316152629072,20.915191523533746,-21.79811955441207,-1.768361097273191e-13
71.24015485252802,-3.862352323491304,3.6840443602074506,20.918115243403275,-21.801101333414966,-1.5578419190263825e-13
71.24735656604442,-3.8693100635373834,3.6837724120409074,20.92103742884343,-21.8040814258424,-1.2631150694808506e-14
71.25455822077322,-3.8762679328860528,3.683500308762263,20.923958079655474,-21.807059829784905,5.894536990910637e-14
71.2617598174888,-3.8832259308321175,3.683228051003667,20.92687719564149,-21.810036543335542,-1.0104920555846805e-13
71.26896135696498,-3.89018405667098,3.682955639396597,20.92979477660445,-21.8130115645901,-2.9051646598059566e-13
71.27616283997503,-3.897142309698656,3.682683074571862,20.93271082234815,-21.815984891646956,-2.1893994537668078e-13
71.28336426729157,-3.904100689211763,3.682410357159593,20.9356253326773,-21.818956522607177,-2.442022467662978e-13
71.29056563968675,-3.9110591945075295,3.682137487789259,20.938538307397437,-21.82192645557442,-1.5999457546757442e-13
71.29776695793203,-3.918017824883782,3.6818644670896528,20.94144974631498,-21.824894688655032,-8.841805486365955e-14
71.3049682227984,-3.924976579638968,3.6815912956888943,20.944359649237214,-21.827861219957985,-9.262843842859572e-14
71.31216943505619,-3.9319354580721244,3.68131797421444,20.947268015972252,-21.83082604759486,-8.420767129872338e-14
71.31937059547523,-3.9388944594829094,3.681044503293076,20.950174846329066,-21.833789169679875,-8.841805486365955e-14
71.32657170482476,-3.945853583171573,3.6807708835509136,20.95308014011754,-21.83675058432995,-6.73661370389787e-14
71.33377276387338,-3.9528128284389803,3.680497115613397,20.955983897148375,-21.83971028966458,-1.1789073981821273e-13
71.34097377338925,-3.959772194586634,3.6802232001053063,20.958886117233124,-21.84266828380588,-2.48412630331234e-13
71.34817473413979,-3.966731680916525,3.6799491376507505,20.961786800184182,-21.845624564878612,-1.1789073981821273e-13
71.35537564689197,-3.973691286731363,3.6796749288731636,20.964685945814878,-21.848579131010222,-1.5999457546757442e-13
71.36257651241216,-3.980651011334433,3.679400574395319,20.967583553939306,-21.851531980330734,-2.8209569885072334e-13
71.36977733146615,-3.9876108540296085,3.6791260748393215,20.97047962437246,-21.854483110972772,-1.5578419190263825e-13
71.37697810481916,-3.9945708141213787,3.6788514308266067,20.973374156930166,-21.857432521071637,5.0524602779234026e-14
71.38417883323584,-4.0015308909148315,3.678576642977943,20.976267151429155,-21.860380208765264,4.210383564936169e-15
71.39137951748023,-4.00849108371565,3.678301711913433,20.97915860768693,-21.863326172194167,-1.1789073981821273e-13
71.39858015831591,-4.015451391830135,3.67802663825251,20.98204852552191,-21.86627040950153,-1.4736342477276593e-13
71.40578075650576,-4.022411814565184,3.6777514226139436,20.984936904753322,-21.869212918833107,-1.1368035625327657e-13
71.41298131281218,-4.029372351228281,3.6774760656158394,20.98782374520125,-21.87215369833729,-6.315575347404254e-14
71.42018182799693,-4.036333001127524,3.6772005678756274,20.9907090466867,-21.875092746165173,-5.894536990910637e-14
71.42738230282127,-4.043293763571626,3.6769249300100837,20.993592809031398,-21.878030060470344,-2.1893994537668078e-13
71.43458273804585,-4.050254637869862,3.676649152635315,20.996475032058008,-21.880965639409055,-3.410410687598297e-13
71.44178313443075,-4.057215623332146,3.6763732363667603,20.99935571559,-21.883899481140187,-1.347322740779574e-13
71.44898349273548,-4.064176719268983,3.6760971818191943,21.00223485945174,-21.88683158382526,-2.1893994537668078e-13
71.45618381371902,-4.071137924991462,3.6758209896067275,21.005112463468404,-21.88976194562838,-4.631421921429786e-14
71.46338409813973,-4.0780992398112845,3.675544660342812,21.007988527465987,-21.892690564716233,-2.1893994537668078e-13
71.4705843467554,-4.085060663040763,3.675268194640225,21.0108630512714,-21.895617439258185,-1.1368035625327657e-13
71.47778456032331,-4.0920221939927774,3.674991593111091,21.013736034712316,-21.898542567426162,-8.420767129872338e-14
71.48498473960012,-4.098983831980833,3.6747148563668617,21.016607477617335,-21.90146594739473,-1.8525687685719145e-13
71.49218488534197,-4.10594557631903,3.674437985018335,21.019477379815825,-21.90438757734103,-1.5999457546757442e-13
71.49938499830435,-4.112907426322036,3.674160979675637,21.022345741138025,-21.90730745544484,-3.3683068519489354e-13
71.50658507924226,-4.119869381305173,3.6738838409482386,21.025212561415017,-21.91022557988852,-3.8314490440919136e-13
71.51378512891009,-4.126831440584308,3.6736065694449427,21.028077840478723,-21.913141948857056,-3.3262030162995735e-13
71.52098514806173,-4.133793603475937,3.673329165773895,21.0309415781619,-21.91605656053803,-1.0525958912340423e-13
71.52818513745042,-4.140755869297183,3.6730516305425747,21.033803774298164,-21.918969413121644,-8.420767129872338e-14
71.53538509782884,-4.147718237365643,3.672773964357803,21.036664428721927,-21.92188050480065,-1.1368035625327657e-13
71.54258502994915,-4.154680706999623,3.6724961678257384,21.03952354126847,-21.92478983377045,-3.789345208442552e-14
71.54978493456292,-4.161643277518013,3.672218241551877,21.042381111773928,-21.927697398229057,-9.262843842859572e-14
71.55698481242119,-4.168605948240273,3.671940186141058,21.04523714007523,-21.930603196377017,-2.020984111169361e-13
71.56418466427438,-4.17556871848646,3.671662002197461,21.048091626010134,-21.933507226417497,-1.8104649329225526e-13
71.57138449087235,-4.182531587577235,3.6713836903245998,21.050944569417272,-21.936409486556297,-1.2631150694808506e-14
71.57858429296444,-4.189494554833857,3.671105251125329,21.053795970136104,-21.939309975001795,-8.420767129872338e-14
71.58578407129939,-4.196457619578165,3.670826685201851,21.0566458280069,-21.942208689964932,-1.221011233831489e-13
71.5929838266254,-4.203420781132612,3.670547993155702,21.059494142870783,-21.94510562965927,0.0
71.60018355969007,-4.2103840388202185,3.6702691755877606,21.062340914569685,-21.948000792300945,-1.3894265764289357e-13
71.60738327124045,-4.217347391964628,3.6699902330982463,21.065186142946406,-21.950894176108726,-2.5262301389617017e-13
71.61458296202308,-4.22431083989005,3.669711166286724,21.068029827844526,-21.953785779303878,-5.894536990910637e-14
71.62178263278382,-4.231274381921311,3.669431975752094,21.070871969108524,-21.956675600110366,-2.2315032894161697e-13
71.62898228426809,-4.238238017383823,3.6691526620926074,21.073712566583595,-21.95956363675463,-3.4525145232476587e-13
71.63618191722065,-4.245201745603578,3.6688732259058496,21.07655162011588,-21.962449887465777,-1.0104920555846805e-13
71.64338153238577,-4.252165565907173,3.668593667788748,21.079389129552318,-21.965334350475516,-1.0104920555846805e-13
71.65058113050713,-4.259129477621795,3.6683139883375815,21.08222509474063,-21.968217024018053,-3.157787673702127e-13
71.65778071232783,-4.266093480075218,3.668034188147966,21.085059515529373,-21.97109790633018,-2.610437810260425e-13
71.6649802785904,-4.2730575725958095,3.667754267814861,21.087892391767994,-21.973976995651377,-3.578826030195744e-13
71.67217983003688,-4.280021754512534,3.667474227932571,21.090723723306674,-21.97685429022359,-1.4315304120782974e-13
71.67937936740866,-4.28698602515494,3.667194069094746,21.093553509996468,-21.97972978829138,-1.0525958912340423e-13
71.68657889144667,-4.293950383853208,3.6669137918943777,21.09638175168926,-21.98260348810191,-1.3894265764289357e-13
71.69377840289111,-4.300914829937992,3.6666333969238005,21.099208448237746,-21.985475387904916,-2.48412630331234e-13
71.7009779024818,-4.307879362740651,3.666352884774701,21.10203359949543,-21.988345485952653,-8.841805486365955e-14
