galstreams/tracks/track.st.New-26.ibata2024.ecsv
# %ECSV 1.0
# ---
# datatype:
# - {name: ra, unit: deg, datatype: float64}
# - {name: dec, unit: deg, datatype: float64}
# - {name: distance, unit: kpc, datatype: float64}
# - {name: pm_ra_cosdec, unit: mas / yr, datatype: float64}
# - {name: pm_dec, unit: mas / yr, datatype: float64}
# - {name: radial_velocity, unit: km / s, datatype: float64}
# delimiter: ','
# meta: !!omap
# - __serialized_columns__:
#     dec:
#       __class__: astropy.coordinates.angles.Latitude
#       unit: &id001 !astropy.units.Unit {unit: deg}
#       value: !astropy.table.SerializedColumn {name: dec}
#     distance:
#       __class__: astropy.coordinates.distances.Distance
#       unit: !astropy.units.Unit {unit: kpc}
#       value: !astropy.table.SerializedColumn {name: distance}
#     pm_dec:
#       __class__: astropy.units.quantity.Quantity
#       unit: !astropy.units.Unit {unit: mas / yr}
#       value: !astropy.table.SerializedColumn {name: pm_dec}
#     pm_ra_cosdec:
#       __class__: astropy.units.quantity.Quantity
#       unit: !astropy.units.Unit {unit: mas / yr}
#       value: !astropy.table.SerializedColumn {name: pm_ra_cosdec}
#     ra:
#       __class__: astropy.coordinates.angles.Longitude
#       unit: *id001
#       value: !astropy.table.SerializedColumn {name: ra}
#       wrap_angle: !astropy.coordinates.Angle
#         unit: *id001
#         value: 360.0
#     radial_velocity:
#       __class__: astropy.units.quantity.Quantity
#       unit: !astropy.units.Unit {unit: km / s}
#       value: !astropy.table.SerializedColumn {name: radial_velocity}
# schema: astropy-2.0
ra,dec,distance,pm_ra_cosdec,pm_dec,radial_velocity
[from data line 143]
338.8416354692906,29.153815000054582,1.0000000000000004,-4.1068606406080335,-5.530600065362965,313.49424616231136
338.85180845154446,29.15854828722755,1.0000000000000004,-4.103872784777597,-5.527712300974752,289.129535476185
338.8619816235578,29.163282015893284,1.0000000000000004,-4.100884537587053,-5.524824839451011,265.1649211517984
338.87215499383126,29.168016172849615,1.0000000000000004,-4.097895898873169,-5.521937685480058,241.59873709831118
338.88232857086166,29.172750744891907,1.0000000000000007,-4.0949068684736485,-5.519050843751147,218.429317224879
338.8925023631425,29.177485718813013,1.0000000000000004,-4.091917446227292,-5.5161643189545355,195.65499544065912
338.9026763791635,29.18222108140335,1.0000000000000007,-4.0889276319736805,-5.513278115781388,173.27410565480935
338.9128506274107,29.186956819450877,1.0000000000000007,-4.085937425553459,-5.51039223892392,151.28498177648456
338.9230251163668,29.19169291974107,1.0000000000000004,-4.082946826808197,-5.507506693075274,129.6859577148439
338.9331998545105,29.196429369056947,1.0000000000000007,-4.079955835580398,-5.504621482929578,108.47536737904419
338.94337485031724,29.201166154179038,1.0000000000000007,-4.076964451713595,-5.501736613181931,87.65154467824233
338.9535501122585,29.20590326188542,1.0000000000000004,-4.073972675052202,-5.498852088528413,67.21282352159595
338.9637256488023,29.210640678951705,1.0000000000000004,-4.070980505441631,-5.495967913666077,47.157537818260614
338.9739014684132,29.215378392151013,1.0000000000000004,-4.067987942728255,-5.493084093292937,27.48402147739443
338.98407757955164,29.22011638825404,1.0000000000000004,-4.0649949867593955,-5.490200632108002,8.19060840815382
338.9942539906749,29.22485465402895,1.0000000000000004,-4.062001637383346,-5.487317534811242,-10.72436748030259
339.00443071023636,29.229593176241494,1.0000000000000004,-4.059007894449355,-5.484434806103611,-29.262572278820695
339.01460774668584,29.234331941654926,1.0000000000000004,-4.056013757807635,-5.481552450687037,-47.42567207823868
339.0247851084695,29.23907093703002,1.0000000000000004,-4.0530192273093615,-5.478670473264419,-65.21533296940335
339.0349628040297,29.243810149125117,1.0000000000000004,-4.050024302806679,-5.475788878539644,-82.63322104315559
339.0451408418055,29.24854956469609,1.0000000000000004,-4.0470289841526945,-5.472907671217567,-99.68100239034037
339.0553192302318,29.253289170496263,1.0000000000000007,-4.044033271201481,-5.470026856004013,-116.36034310180001
339.06549797774034,29.25802895327657,1.0000000000000004,-4.04103716380806,-5.467146437605816,-132.6729092683754
339.07567709275884,29.26276889978545,1.0000000000000007,-4.038040661828445,-5.464266420730752,-148.62036698091194
339.0858565837115,29.26750899676887,1.0000000000000007,-4.035043765119601,-5.461386810087598,-164.2043823302506
339.0960364590189,29.272249230970345,1.0000000000000004,-4.032046473539472,-5.458507610386096,-179.42662140723587
339.10621672709766,29.27698958913089,1.0000000000000007,-4.029048786946974,-5.4556288263369765,-194.28875030271007
339.11639739636115,29.28173005798905,1.0000000000000004,-4.026050705201973,-5.452750462651963,-208.79243510751527
339.12657847521876,29.28647062428093,1.0000000000000007,-4.023052228165287,-5.449872524043702,-222.93934191249676
339.1367599720762,29.29121127474013,1.0000000000000007,-4.0200533556987885,-5.446995015225902,-236.73113680849517
339.14694189533566,29.295951996097806,1.0000000000000004,-4.017054087665256,-5.4441179409132054,-250.16948588635336
339.1571242533956,29.300692775082616,1.0000000000000004,-4.014054423928382,-5.441241305821215,-263.2560552369155
339.16730705465045,29.30543359842077,1.0000000000000004,-4.011054364352992,-5.438365114666571,-275.9925109510232
339.1774903074915,29.310174452835973,1.0000000000000007,-4.008053908804698,-5.435489372166849,-288.38051911952107
339.1876740203059,29.314915325049498,1.0000000000000007,-4.005053057150272,-5.432614083040647,-300.421745833251
339.19785820147735,29.319656201780155,1.0000000000000004,-4.00205180925734,-5.429739252007494,-312.117857183056
339.2080428593856,29.32439706974418,1.0000000000000007,-3.9990501649944825,-5.426864883787939,-323.4705192597789
339.21822800240693,29.329137915655444,1.0000000000000004,-3.996048124231386,-5.423990983103522,-334.4813981542629
339.2284136389137,29.333878726225322,1.0000000000000004,-3.9930456868385917,-5.421117554676719,-345.1521599573507
339.23859977727477,29.33861948816269,1.0000000000000004,-3.9900428526876297,-5.4182446032310345,-355.484470759885
339.2487864258551,29.343360188173946,1.0000000000000004,-3.987039621651082,-5.415372133490969,-365.4799966527084
339.2589735930159,29.348100812963064,1.0000000000000007,-3.9840359936024754,-5.412500150181948,-375.1404037266656
339.26916128711485,29.352841349231486,1.0000000000000004,-3.9810319684163282,-5.409628658030428,-384.4673580725984
339.2793495165057,29.357581783678224,1.0000000000000007,-3.978027545968086,-5.406757661763827,-393.4625257813487
339.2895382895386,29.362322102999766,1.0000000000000007,-3.975022726134167,-5.403887166110586,-402.12757294376127
339.2997276145598,29.36706229389017,1.0000000000000007,-3.9720175087920886,-5.401017175800121,-410.4641656506768
339.30991749991193,29.371802343041022,1.0000000000000007,-3.9690118938202694,-5.3981476955627485,-418.47396999294
339.32010795393387,29.376542237141376,1.0000000000000007,-3.9660058810980985,-5.395278730129917,-426.1586520613938
339.3302989849607,29.381281962877875,1.0000000000000007,-3.9629994705059914,-5.392410284233939,-433.5198779468798
339.34049060132367,29.38602150693465,1.0000000000000004,-3.9599926619253374,-5.389542362608218,-440.559313740243
339.3506828113505,29.390760855993356,1.0000000000000004,-3.956985455238467,-5.386674969987055,-447.27862553232336
339.360875623365,29.39549999673323,1.0000000000000004,-3.9539778503287373,-5.383808111105765,-453.67947941396733
339.37106904568714,29.400238915830897,1.0000000000000004,-3.950969847080522,-5.380941790700696,-459.7635414760153
339.3812630866332,29.404977599960638,1.0000000000000004,-3.9479614453791427,-5.378076013509144,-465.53247780930957
339.39145775451567,29.409716035794197,1.0000000000000004,-3.944952645110998,-5.375210784269413,-470.98795450469567
339.40165305764333,29.41445421000087,1.0000000000000004,-3.941943446163233,-5.372346107720745,-476.13163765301493
339.411849004321,29.419192109247437,1.0000000000000002,-3.938933848424277,-5.369481988603447,-480.9651933451095
339.42204560285,29.423929720198227,1.0000000000000002,-3.9359238517834108,-5.366618431658793,-485.4902876718252
339.4322428615275,29.428667029515086,1.0000000000000004,-3.932913456130887,-5.363755441629017,-489.7085867240012
339.4424407886473,29.433404023857367,1.0000000000000004,-3.9299026613579926,-5.360893023257397,-493.62175659248305
339.4526393924989,29.438140689881973,1.0000000000000004,-3.9268914673570308,-5.358031181288105,-497.23146336811305
339.46283868136845,29.442877014243297,1.0000000000000002,-3.923879874021239,-5.3551699204664445,-500.53937314173345
339.473038663538,29.447612983593263,1.0000000000000004,-3.9208678812449236,-5.352309245538628,-503.5471520041883
339.4832393472859,29.452348584581323,1.0000000000000004,-3.9178554889232764,-5.349449161251854,-506.25646604631936
339.4934407408867,29.457083803854445,1.0000000000000002,-3.9148426969527073,-5.346589672354334,-508.66898135897014
339.50364285261105,29.46181862805711,1.0000000000000002,-3.911829505230365,-5.343730783595262,-510.7863640329843
339.513845690726,29.466553043831333,1.0000000000000002,-3.9088159136545144,-5.340872499724888,-512.6102801592025
339.52404926349436,29.471287037816616,1.0000000000000004,-3.9058019221244002,-5.338014825494341,-514.14239582847
339.53425357917547,29.476020596649995,1.0000000000000004,-3.9027875305403334,-5.335157765655836,-515.3843771316285
339.54445864602474,29.480753706966052,1.0000000000000002,-3.8997727388036303,-5.3323013249625575,-516.3378901595206
339.55466447229367,29.485486355396837,1.0000000000000004,-3.896757546816392,-5.329445508168696,-517.0046010029911
339.5648710662299,29.490218528571976,1.0000000000000004,-3.8937419544821346,-5.3265903200294105,-517.3861757528803
339.5750784360774,29.494950213118553,1.0000000000000004,-3.8907259617048915,-5.323735765300874,-517.4842805000335
339.585286590076,29.499681395661206,1.0000000000000002,-3.887709568390129,-5.320881848740235,-517.3005813352925
339.595495536462,29.504412062822073,1.0000000000000002,-3.884692774444094,-5.318028575105728,-516.8367443495
339.6057052834676,29.509142201220826,1.0000000000000002,-3.8816755797739653,-5.3151759491564405,-516.0944356334994
339.61591583932113,29.51387179747462,1.0000000000000002,-3.8786579842882567,-5.312323975652582,-515.0753212781323
339.6261272122473,29.518600838198154,1.0000000000000004,-3.8756399878960934,-5.3094726593553006,-513.7810673742442
339.63633941046663,29.523329310003636,1.0000000000000002,-3.8726215905079044,-5.306622005026718,-512.2133400126763
339.64655244219585,29.528057199500786,1.0000000000000002,-3.869602792035046,-5.303772017430035,-510.37380528427093
339.656766315648,29.532784493296834,1.0000000000000002,-3.866583592389844,-5.300922701329398,-508.26412927987275
339.666981039032,29.53751117799655,1.0000000000000002,-3.863563991485691,-5.298074061489963,-505.88597809032353
339.67719662055293,29.542237240202134,1.0000000000000004,-3.8605439892369304,-5.2952261026779155,-503.24101780646566
339.68741306841207,29.546962666513405,1.0000000000000002,-3.857523585558919,-5.292378829660372,-500.3309145191443
339.6976303908066,29.551687443527637,1.0000000000000002,-3.8545027803682466,-5.289532247205514,-497.157334319199
339.7078485959301,29.55641155783963,1.0000000000000002,-3.8514815735820918,-5.286686360082484,-493.7219432974761
339.71806769197184,29.561134996041694,1.0000000000000004,-3.848459965119119,-5.283841173061482,-490.0264075448168
339.7282876871176,29.56585774472365,1.0000000000000004,-3.84543795489871,-5.280996690913625,-486.07239315206334
339.73850858954887,29.57057979047282,1.0000000000000002,-3.8424155428413336,-5.278152918411138,-481.8615662100602
339.7487304074435,29.575301119874062,1.0000000000000002,-3.839392728868539,-5.275309860327162,-477.3955928096493
339.7589531489751,29.580021719509716,1.0000000000000002,-3.836369512902902,-5.272467521435878,-472.67613904167365
339.7691768223137,29.584741575959647,1.0000000000000002,-3.833345894867886,-5.269625906512488,-467.70487099697664
339.77940143562506,29.58946067580123,1.0000000000000004,-3.8303218746881242,-5.266785020333103,-462.4834547664004
339.7896269970713,29.59417900560934,1.0000000000000004,-3.8272974522892227,-5.263944867674994,-457.013556440789
339.79985351481037,29.598896551956383,1.0000000000000002,-3.8242726275977645,-5.261105453316333,-451.2968421109845
339.81008099699625,29.60361330141223,1.0000000000000004,-3.8212474005415444,-5.2582667820363085,-445.3349778678298
339.82030945177917,29.6083292405443,1.0000000000000004,-3.8182217710490782,-5.255428858615126,-439.12962980216804
339.83053888730524,29.61304435591752,1.0000000000000004,-3.8151957390502673,-5.252591687834013,-432.6824640048416
339.8407693117165,29.617758634094272,1.0000000000000004,-3.812169304475738,-5.249755274475156,-425.9951465666946
339.8510007331512,29.6224720616345,1.0000000000000002,-3.8091424672573346,-5.246919623321844,-419.06934357856926
339.8612331597436,29.627184625095627,1.0000000000000002,-3.8061152273277976,-5.244084739158254,-411.9067211313086
339.87146659962394,29.631896311032598,1.0000000000000002,-3.8030875846210535,-5.241250626769649,-404.5089453157553
339.8817010609184,29.63660710599785,1.0000000000000004,-3.8000595390719667,-5.238417290942294,-396.8776822227523
339.89193655174915,29.641316996541338,1.0000000000000002,-3.7970310906164997,-5.235584736463416,-389.0145979431423
339.90217308023455,29.646025969210488,1.0000000000000002,-3.7940022391915207,-5.232752968121332,-380.92135856776946
339.91241065448884,29.650734010550284,1.0000000000000004,-3.790972984735042,-5.22992199070525,-372.5996301874744
339.9226492826221,29.65544110710315,1.0000000000000002,-3.7879433271862304,-5.227091809005525,-364.05107889310233
339.93288897274067,29.660147245409075,1.0000000000000004,-3.7849132664850025,-5.224262427813432,-355.27737077549546
339.9431297329467,29.664852412005505,1.0000000000000002,-3.7818828025725537,-5.221433851921276,-346.2801719254954
339.9533715713383,29.6695565934274,1.0000000000000004,-3.7788519353910655,-5.218606086122389,-337.061148433947
339.96361449600977,29.674259776207233,1.0000000000000002,-3.7758206648836783,-5.21577913521109,-327.6219663916918
339.973858515051,29.67896194687497,1.0000000000000002,-3.7727889909946892,-5.212953003982744,-317.96429188957427
339.9841036365482,29.683663091958095,1.0000000000000002,-3.769756913669413,-5.210127697233688,-308.08979101843533
339.9943498685832,29.688363197981527,1.0000000000000002,-3.766724432854165,-5.207303219761304,-298.00012986911906
340.00459721923403,29.69306225146775,1.0000000000000004,-3.7636915484963396,-5.204479576363987,-287.6969745324686
340.01484569657464,29.697760238936734,1.0000000000000002,-3.7606582605443766,-5.201656771841108,-277.18199109932584
340.0250953086748,29.70245714690594,1.0000000000000002,-3.7576245689477723,-5.198834810993105,-266.45684566053484
340.0353460636003,29.707152961890333,1.0000000000000004,-3.754590473657103,-5.196013698621385,-255.52320430693732
340.0455979694128,29.71184767040235,1.0000000000000004,-3.7515559746239457,-5.193193439528404,-244.38273312937827
340.05585103416996,29.716541258951967,1.0000000000000004,-3.748521071800937,-5.190374038517604,-233.0370982186973
340.0661052659253,29.72123371404662,1.0000000000000004,-3.745485765141824,-5.187555500393472,-221.48796566574043
340.07636067272813,29.725925022191266,1.0000000000000002,-3.742450054601358,-5.1847378299614775,-209.73700156134873
340.086617262624,29.730615169888345,1.0000000000000004,-3.7394139401353366,-5.181921032028143,-197.78587199636561
340.096875043654,29.735304143637787,1.0000000000000002,-3.7363774217006753,-5.179105111400975,-185.63624306163453
340.1071340238553,29.739991929937037,1.0000000000000002,-3.7333404992553323,-5.176290072888525,-173.28978084799792
340.1173942112609,29.744678515280995,1.0000000000000002,-3.7303031727582647,-5.173475921300353,-160.74815144629932
340.1276556138997,29.7493638861621,1.0000000000000002,-3.7272654421695783,-5.170662661447016,-148.01302094738003
340.1379182397965,29.754048029070265,1.0,-3.7242273074503993,-5.167850298140118,-135.08605544208467
340.148182096972,29.7587309304929,1.0,-3.7211887685629166,-5.165038836192272,-121.96892102125548
340.15844719344256,29.76341257691486,1.0,-3.718149825470412,-5.162228280417104,-108.66328377573474
340.16871353722064,29.768092954818552,1.0,-3.715110478137196,-5.159418635629279,-95.17080979636692
340.1789811363145,29.772772050683862,1.0,-3.7120707265286743,-5.156609906644449,-81.49316517399393
340.1892499987282,29.77744985098814,1.0,-3.7090305706113327,-5.153802098279319,-67.63201599945842
340.19952013246154,29.782126342206247,1.0,-3.705990010352706,-5.150995215351601,-53.58902836360355
340.2097915455104,29.786801510810545,1.0,-3.7029490457214034,-5.148189262680021,-39.365868357273044
340.22006424586635,29.791475343270847,1.0,-3.699907676687127,-5.145384245084341,-24.96420207130859
340.23033824151673,29.796147826054472,1.0,-3.6968659032206372,-5.142580167385338,-10.385695596553429
340.2406135404448,29.80081894562624,1.0,-3.6938237252937802,-5.139777034404814,4.367984976149275
340.2508901506296,29.805488688448452,1.0000000000000002,-3.6907811428794677,-5.136974850965586,19.29517355595545
340.2611680800459,29.81015704098087,1.0,-3.68773815595171,-5.134173621891506,34.394204052024186
340.27144733666444,29.814823989680786,1.0000000000000002,-3.684694764485584,-5.131373352007443,49.6634103735123
340.28172792845163,29.81948952100292,1.0,-3.6816509684572463,-5.128574046139295,65.10112642957618
