galstreams/tracks/track.st.Gaia-10.ibata2021.ecsv
# %ECSV 0.9
# ---
# datatype:
# - {name: ra, unit: deg, datatype: float64}
# - {name: dec, unit: deg, datatype: float64}
# - {name: distance, unit: kpc, datatype: float64}
# - {name: pm_ra_cosdec, unit: mas / yr, datatype: float64}
# - {name: pm_dec, unit: mas / yr, datatype: float64}
# - {name: radial_velocity, unit: km / s, datatype: float64}
# delimiter: ','
# meta: !!omap
# - __serialized_columns__:
#     dec:
#       __class__: astropy.coordinates.angles.Latitude
#       unit: &id001 !astropy.units.Unit {unit: deg}
#       value: !astropy.table.SerializedColumn {name: dec}
#     distance:
#       __class__: astropy.coordinates.distances.Distance
#       unit: !astropy.units.Unit {unit: kpc}
#       value: !astropy.table.SerializedColumn {name: distance}
#     pm_dec:
#       __class__: astropy.units.quantity.Quantity
#       unit: !astropy.units.Unit {unit: mas / yr}
#       value: !astropy.table.SerializedColumn {name: pm_dec}
#     pm_ra_cosdec:
#       __class__: astropy.units.quantity.Quantity
#       unit: !astropy.units.Unit {unit: mas / yr}
#       value: !astropy.table.SerializedColumn {name: pm_ra_cosdec}
#     ra:
#       __class__: astropy.coordinates.angles.Longitude
#       unit: *id001
#       value: !astropy.table.SerializedColumn {name: ra}
#       wrap_angle: !astropy.coordinates.Angle
#         unit: *id001
#         value: 360.0
#     radial_velocity:
#       __class__: astropy.units.quantity.Quantity
#       unit: !astropy.units.Unit {unit: km / s}
#       value: !astropy.table.SerializedColumn {name: radial_velocity}
# schema: astropy-2.0
ra,dec,distance,pm_ra_cosdec,pm_dec,radial_velocity
[from data line 825]
159.2442822022162,15.043186429403992,13.843216552119051,-4.173996722250044,-3.1299091602673292,5.0524602779234026e-14
159.25458719810788,15.042162057479771,13.840421720448845,-4.174623598790483,-3.13005889170836,6.73661370389787e-14
159.2648921528029,15.041137773688451,13.83762966651213,-4.175250592621968,-3.130207802859055,8.420767129872338e-15
159.27519706625029,15.040113577167862,13.834840387257739,-4.175877708544773,-3.1303558977818744,0.0
159.2855019383988,15.039089467055868,13.832053879634508,-4.1765049513599415,-3.1305031805383754,2.5262301389617013e-14
159.29580676919718,15.038065442490362,13.829270140591273,-4.177132325869289,-3.1306496551892153,8.420767129872338e-15
159.30611155859384,15.037041502609263,13.82648916707687,-4.177759836875398,-3.1307953257941588,7.578690416885104e-14
159.31641630653726,15.036017646550507,13.823710956040125,-4.178387489181632,-3.130940196412063,-4.210383564936169e-14
159.32672101297547,15.034993873452057,13.820935504429888,-4.179015287592107,-3.1310842711008924,2.5262301389617013e-14
159.33702567785647,15.033970182451922,13.818162809194982,-4.1796432369117245,-3.131227553917712,0.0
159.34733030112812,15.032946572688127,13.815392867284245,-4.180271341946146,-3.1313700489186855,8.420767129872338e-15
159.357634882738,15.031923043298702,13.812625675646515,-4.180899607501805,-3.13151176015908,-8.420767129872338e-15
159.36793942263364,15.030899593421744,13.809861231230624,-4.181528038385905,-3.131652691693267,-8.420767129872338e-15
159.3782439207623,15.029876222195341,13.807099530985411,-4.182156639406415,-3.1317928475747148,3.368306851948935e-14
159.38854837707115,15.028852928757628,13.804340571859703,-4.182785415372077,-3.1319322318559952,-8.420767129872338e-15
159.39885279150704,15.027829712246762,13.801584350802347,-4.183414371092397,-3.132070848588783,4.210383564936169e-14
159.40915716401693,15.026806571800917,13.798830864762166,-4.184043511377651,-3.1322087018238522,1.6841534259744676e-14
159.4194614945474,15.025783506558307,13.796080110687999,-4.184672841038886,-3.132345795611082,8.420767129872338e-15
159.42976578304481,15.024760515657169,13.79333208552868,-4.185302364887909,-3.132482133999451,8.420767129872338e-14
159.44007002945557,15.023737598235769,13.79058678623305,-4.1859320877373,-3.1326177210370405,0.0
159.4503742337257,15.022714753432389,13.787844209749942,-4.186562014400406,-3.132752560771035,-1.6841534259744676e-14
159.46067839580118,15.021691980385347,13.785104353028185,-4.187192149691337,-3.1328866572477203,-8.420767129872338e-15
159.4709825156278,15.020669278232987,13.782367213016618,-4.187822498424976,-3.133020014512484,-6.73661370389787e-14
159.4812865931511,15.019646646113673,13.779632786664077,-4.188453065416965,-3.133152636609816,3.368306851948935e-14
159.49159062831652,15.01862408316582,13.776901070919394,-4.189083855483718,-3.133284527583314,4.210383564936169e-14
159.50189462106943,15.017601588527832,13.774172062731406,-4.189714873442414,-3.133415691475669,9.262843842859572e-14
159.51219857135484,15.016579161338157,13.77144575904895,-4.190346124110993,-3.1335461323286764,4.210383564936169e-14
159.5225024791177,15.015556800735288,13.768722156820859,-4.190977612308171,-3.133675854183242,2.5262301389617013e-14
159.53280634430274,15.014534505857712,13.766001252995967,-4.1916093428534165,-3.1338048610793687,2.5262301389617013e-14
159.54311016685458,15.013512275843976,13.763283044523106,-4.192241320566974,-3.1339331570561604,-2.5262301389617013e-14
159.5534139467176,15.012490109832623,13.76056752835112,-4.192873550269843,-3.1340607461518277,-8.420767129872338e-15
159.56371768383607,15.011468006962248,13.757854701428837,-4.1935060367837975,-3.134187632403682,2.5262301389617013e-14
159.57402137815401,15.010445966371464,13.75514456070509,-4.194138784931369,-3.1343138198481415,5.894536990910637e-14
159.58432502961543,15.009423987198899,13.75243710312872,-4.194771799535857,-3.134439312520719,6.73661370389787e-14
159.594628638164,15.00840206858322,13.749732325648564,-4.195405085421323,-3.1345641144560386,3.368306851948935e-14
159.60493220374337,15.007380209663129,13.747030225213445,-4.196038647412593,-3.1346882296878262,-4.210383564936169e-14
159.61523572629682,15.006358409577338,13.74433079877221,-4.196672490335255,-3.134811662248906,4.210383564936169e-14
159.62553920576767,15.00533666746459,13.741634043273693,-4.197306619015663,-3.134934416171211,0.0
159.63584264209888,15.004314982463674,13.738939955666718,-4.197941038280932,-3.13505649548578,9.262843842859572e-14
159.6461460352335,15.003293353713374,13.736248532900133,-4.198575752958941,-3.1351779042227452,-2.5262301389617013e-14
159.65644938511412,15.002271780352526,13.733559771922764,-4.1992107678783315,-3.135298646411353,1.6841534259744676e-14
159.6667526916833,15.001250261519985,13.73087366968345,-4.199846087868506,-3.1354187260799455,0.0
159.6770559548835,15.000228796354625,13.72819022313103,-4.200481717759629,-3.135538147255974,4.210383564936169e-14
159.6873591746569,14.999207383995367,13.725509429214329,-4.201117662382633,-3.1356569139659927,-2.5262301389617013e-14
159.69766235094554,14.998186023581136,13.72283128488219,-4.201753926569202,-3.135775030235657,-1.6841534259744676e-14
159.70796548369128,14.997164714250909,13.720155787083444,-4.202390515151791,-3.135892500089729,-1.6841534259744676e-14
159.71826857283585,14.996143455143656,13.717482932766933,-4.203027432963609,-3.136009327552073,5.894536990910637e-14
159.72857161832079,14.995122245398415,13.714812718881479,-4.203664684838631,-3.1361255166456607,6.73661370389787e-14
159.73887462008747,14.994101084154217,13.712145142375928,-4.204302275611591,-3.1362410713925644,1.6841534259744676e-14
159.74917757807708,14.99307997055015,13.70948020019911,-4.204940210117982,-3.1363559958139615,-8.420767129872338e-15
159.75948049223064,14.992058903725296,13.706817889299861,-4.205578493194062,-3.136470293930138,-8.420767129872338e-15
159.76978336248902,14.991037882818793,13.70415820662702,-4.206217129676841,-3.1365839697604763,7.578690416885104e-14
159.78008618879295,14.99001690696979,13.701501149129415,-4.206856124404101,-3.1366970273234696,6.73661370389787e-14
159.79038897108296,14.988995975317467,13.698846713755884,-4.2074954822143695,-3.136809470636715,0.0
159.80069170929934,14.987975087001043,13.696194897455264,-4.208135207946946,-3.1369213037169126,-1.6841534259744676e-14
159.81099440338232,14.986954241159738,13.693545697176386,-4.208775306441883,-3.137032530579868,-4.210383564936169e-14
159.8212970532719,14.98593343693283,13.69089910986809,-4.209415782539988,-3.1371431552404925,0.0
159.83159965890795,14.984912673459604,13.688255132479206,-4.210056641082837,-3.137253181712802,-2.5262301389617013e-14
159.84190222023014,14.983891949879371,13.685613761958573,-4.210697886912758,-3.137362614009916,-2.5262301389617013e-14
159.852204737178,14.98287126533149,13.682974995255025,-4.211339524872839,-3.1374714561440595,3.368306851948935e-14
159.86250720969085,14.98185061895532,13.680338829317394,-4.211981559806926,-3.137579712126565,0.0
159.8728096377079,14.980830009890271,13.677705261094516,-4.212623996559624,-3.137687385967869,8.420767129872338e-15
159.8831120211681,14.979809437275769,13.675074287535228,-4.213266839976292,-3.1377944816775116,5.0524602779234026e-14
159.89341436001038,14.978788900251267,13.672445905588368,-4.213910094903049,-3.137901003264138,-6.73661370389787e-14
159.9037166541733,14.97776839795625,13.669820112202762,-4.214553766186776,-3.1380069547355065,1.6841534259744676e-14
159.91401890359546,14.976747929530225,13.667196904327257,-4.215197858675097,-3.1381123400984703,1.6841534259744676e-14
159.92432110821517,14.975727494112734,13.664576278910674,-4.215842377216409,-3.138217163358995,-2.5262301389617013e-14
159.93462326797052,14.97470709084334,13.661958232901858,-4.216487326659856,-3.13832142852215,6.73661370389787e-14
159.94492538279962,14.973686718861636,13.65934276324964,-4.21713271185534,-3.1384251395921123,-1.6841534259744676e-14
159.9552274526402,14.972666377307242,13.656729866902857,-4.217778537653518,-3.1385283005721596,-8.420767129872338e-15
159.96552947742998,14.971646065319806,13.654119540810342,-4.218424808905809,-3.1386309154646836,1.6841534259744676e-14
159.97583145710647,14.970625782038997,13.651511781920934,-4.219071530464376,-3.1387329882711743,-3.368306851948935e-14
159.98613339160693,14.969605526604532,13.648906587183463,-4.21971870718215,-3.1388345229922354,-3.368306851948935e-14
159.99643528086855,14.968585298156132,13.646303953546768,-4.220366343912805,-3.138935523627568,2.5262301389617013e-14
160.00673712482833,14.967565095833555,13.643703877959675,-4.221014445510783,-3.139035994175989,-5.0524602779234026e-14
160.0170389234231,14.966544918776592,13.641106357371033,-4.221663016831268,-3.139135938635414,-4.210383564936169e-14
160.02734067658943,14.965524766125052,13.638511388729668,-4.222312062730206,-3.13923536100287,-8.420767129872338e-15
160.03764238426388,14.964504637018786,13.635918968984416,-4.222961588064298,-3.139334265274488,1.6841534259744676e-14
160.04794404638278,14.963484530597647,13.633329095084115,-4.223611597690994,-3.1394326554455074,5.894536990910637e-14
160.05824566288223,14.96246444600155,13.630741763977596,-4.224262096468498,-3.1395305355102736,2.5262301389617013e-14
160.0685472336982,14.9614443823704,13.628156972613693,-4.224913089255772,-3.1396279094622397,1.6841534259744676e-14
160.07884875876658,14.960424338844167,13.625574717941248,-4.225564580912527,-3.139724781293963,2.5262301389617013e-14
160.08915023802297,14.95940431456282,13.622994996909094,-4.22621657629923,-3.139821154997109,-2.5262301389617013e-14
160.0994516714028,14.958384308666371,13.62041780646606,-4.2268690802770985,-3.139917034562455,1.6841534259744676e-14
160.10975305884145,14.957364320294854,13.617843143560988,-4.227522097708105,-3.1400124239798792,-4.210383564936169e-14
160.120054400274,14.95634434858834,13.615271005142706,-4.228175633454972,-3.140107327238369,-6.73661370389787e-14
160.13035569563547,14.955324392686904,13.612701388160056,-4.228829692381176,-3.140201748326021,-8.420767129872338e-15
160.14065694486064,14.954304451730684,13.610134289561865,-4.229484279350944,-3.140295691230037,8.420767129872338e-15
160.15095814788418,14.953284524859813,13.607569706296976,-4.230139399229253,-3.140389159936728,5.0524602779234026e-14
160.16125930464054,14.952264611214474,13.605007635314221,-4.230795056881835,-3.1404821584315106,8.420767129872338e-15
160.17156041506402,14.951244709934864,13.602448073562433,-4.231451257175174,-3.1405746906989123,2.5262301389617013e-14
160.18186147908875,14.950224820161218,13.599891017990453,-4.232108004976498,-3.140666760722564,-1.6841534259744676e-14
160.1921624966487,14.949204941033793,13.597336465547109,-4.232765305153795,-3.140758372485211,-2.5262301389617013e-14
160.2024634676777,14.948185071692878,13.594784413181237,-4.2334231625757965,-3.1408495299686994,-8.420767129872338e-15
160.21276439210934,14.947165211278781,13.59223485784168,-4.234081582111984,-3.1409402371539867,8.420767129872338e-15
160.22306526987714,14.946145358931856,13.589687796477257,-4.234740568632598,-3.1410304980211405,-5.894536990910637e-14
160.23336610091434,14.945125513792458,13.587143226036817,-4.235400127008618,-3.141120316549333,-4.210383564936169e-14
160.24366688515406,14.944105675001,13.584601143469191,-4.2360602621117796,-3.1412096967168486,3.368306851948935e-14
160.25396762252936,14.943085841697904,13.582061545723212,-4.236720978814564,-3.1412986425010754,0.0
160.26426831297294,14.942066013023622,13.57952442974772,-4.237382281990203,-3.141387157878513,-5.0524602779234026e-14
160.27456895641748,14.94104618811864,13.576989792491542,-4.238044176512677,-3.14147524682477,4.210383564936169e-14
160.28486955279544,14.940026366123462,13.57445763090352,-4.238706667256718,-3.1415629133145626,-1.6841534259744676e-14
160.29517010203907,14.939006546178634,13.571927941932488,-4.239369759097802,-3.1416501613217154,-8.420767129872338e-15
160.30547060408057,14.937986727424722,13.569400722527277,-4.240033456912156,-3.141736994819164,-3.368306851948935e-14
160.31577105885182,14.936966909002319,13.566875969636728,-4.240697765576752,-3.14182341777895,-8.420767129872338e-15
160.3260714662847,14.935947090052048,13.56435368020967,-4.241362689969314,-3.1419094341722262,-6.73661370389787e-14
160.33637182631077,14.934927269714562,13.56183385119494,-4.242028234968311,-3.141995047969255,2.5262301389617013e-14
160.34667213886152,14.933907447130542,13.559316479541373,-4.242694405452959,-3.142080263139404,-2.5262301389617013e-14
160.3569724038682,14.932887621440692,13.556801562197805,-4.24336120630322,-3.1421650836511565,-2.5262301389617013e-14
160.36727262126203,14.931867791785749,13.554289096113072,-4.244028642399806,-3.1422495134720996,-1.6841534259744676e-14
160.37757279097386,14.930847957306478,13.55177907823601,-4.244696718624173,-3.142333556568933,2.5262301389617013e-14
160.38787291293457,14.929828117143671,13.549271505515446,-4.245365439858525,-3.1424172169074653,2.5262301389617013e-14
160.39817298707473,14.928808270438147,13.546766374900221,-4.24603481098581,-3.142500498452614,-3.368306851948935e-14
160.4084730133248,14.92778841633076,13.544263683339167,-4.246704836889722,-3.1425834051684074,5.894536990910637e-14
160.41877299161513,14.926768553962384,13.541763427781126,-4.247375522454705,-3.142665941017983,4.210383564936169e-14
160.4290729218758,14.925748682473923,13.539265605174927,-4.248046872565942,-3.1427481099635894,5.894536990910637e-14
160.43937280403674,14.924728801006314,13.536770212469406,-4.248718892109364,-3.1428299159665833,-4.210383564936169e-14
160.44967263802778,14.923708908700515,13.5342772466134,-4.24939158597165,-3.142911362987435,3.368306851948935e-14
160.45997242377857,14.92268900469752,13.53178670455574,-4.250064959040218,-3.1429924549857184,1.6841534259744676e-14
160.47027216121853,14.921669088138342,13.529298583245264,-4.2507390162032355,-3.1430731959201252,8.420767129872338e-15
160.48057185027696,14.92064915816404,13.526812879630805,-4.2514137623496095,-3.1431535897484553,-2.5262301389617013e-14
160.49087149088297,14.919629213915677,13.524329590661203,-4.252089202368995,-3.1432336404276175,4.210383564936169e-14
160.50117108296556,14.918609254534365,13.521848713285285,-4.252765341151789,-3.1433133519136307,6.73661370389787e-14
160.5114706264535,14.91758927916123,13.519370244451892,-4.253442183589131,-3.143392728161627,-3.368306851948935e-14
160.5217701212754,14.91656928693744,13.516894181109858,-4.254119734572905,-3.1434717731258472,8.420767129872338e-15
160.53206956735974,14.915549277004178,13.514420520208017,-4.254797998995739,-3.1435504907596457,7.578690416885104e-14
160.54236896463485,14.914529248502669,13.511949258695202,-4.255476981751004,-3.143628885015485,-6.73661370389787e-14
160.55266831302876,14.913509200574149,13.509480393520251,-4.256156687732808,-3.1437069598449403,2.5262301389617013e-14
160.56296761246952,14.912489132359902,13.507013921632,-4.256837121836009,-3.1437847191986976,3.368306851948935e-14
160.5732668628849,14.911469043001228,13.50454983997928,-4.257518288956204,-3.1438621670265534,-4.210383564936169e-14
160.58356606420253,14.910448931639456,13.502088145510928,-4.2582001939897305,-3.1439393072774173,-1.6841534259744676e-14
160.59386521634988,14.909428797415952,13.49962883517578,-4.258882841833669,-3.14401614389931,-5.0524602779234026e-14
160.60416431925418,14.908408639472103,13.49717190592267,-4.259566237385841,-3.144092680839362,6.73661370389787e-14
160.6144633728427,14.907388456949322,13.494717354700434,-4.26025038554481,-3.1441689220438183,-2.5262301389617013e-14
160.62476237704226,14.90636824898906,13.4922651784579,-4.260935291209882,-3.1442448714580333,5.894536990910637e-14
160.63506133177972,14.905348014732784,13.48981537414392,-4.261620959281093,-3.144320533026471,1.6841534259744676e-14
160.64536023698173,14.904327753322013,13.48736793870731,-4.262307394659241,-3.144395910692716,4.210383564936169e-14
