galstreams/tracks/track.st.Phlegethon.ibata2021.ecsv
# %ECSV 0.9
# ---
# datatype:
# - {name: ra, unit: deg, datatype: float64}
# - {name: dec, unit: deg, datatype: float64}
# - {name: distance, unit: kpc, datatype: float64}
# - {name: pm_ra_cosdec, unit: mas / yr, datatype: float64}
# - {name: pm_dec, unit: mas / yr, datatype: float64}
# - {name: radial_velocity, unit: km / s, datatype: float64}
# delimiter: ','
# meta: !!omap
# - __serialized_columns__:
#     dec:
#       __class__: astropy.coordinates.angles.Latitude
#       unit: &id001 !astropy.units.Unit {unit: deg}
#       value: !astropy.table.SerializedColumn {name: dec}
#     distance:
#       __class__: astropy.coordinates.distances.Distance
#       unit: !astropy.units.Unit {unit: kpc}
#       value: !astropy.table.SerializedColumn {name: distance}
#     pm_dec:
#       __class__: astropy.units.quantity.Quantity
#       unit: !astropy.units.Unit {unit: mas / yr}
#       value: !astropy.table.SerializedColumn {name: pm_dec}
#     pm_ra_cosdec:
#       __class__: astropy.units.quantity.Quantity
#       unit: !astropy.units.Unit {unit: mas / yr}
#       value: !astropy.table.SerializedColumn {name: pm_ra_cosdec}
#     ra:
#       __class__: astropy.coordinates.angles.Longitude
#       unit: *id001
#       value: !astropy.table.SerializedColumn {name: ra}
#       wrap_angle: !astropy.coordinates.Angle
#         unit: *id001
#         value: 360.0
#     radial_velocity:
#       __class__: astropy.units.quantity.Quantity
#       unit: !astropy.units.Unit {unit: km / s}
#       value: !astropy.table.SerializedColumn {name: radial_velocity}
# schema: astropy-2.0
ra,dec,distance,pm_ra_cosdec,pm_dec,radial_velocity
[from data line 4816]
324.58116446885174,-0.6551095527393863,3.4657571098635276,0.20240335517154512,-29.837009692612014,-9.47336302110638e-15
324.5818458481647,-0.6450033042413934,3.4660361421124852,0.20345908940400273,-29.831745548273943,1.0525958912340423e-15
324.58252707817934,-0.6348970404808997,3.466315372638434,0.2045145298461633,-29.826480097810602,-3.263047262825531e-14
324.58320815907604,-0.6247907614763883,3.46659480149178,0.2055696763198766,-29.82121334166174,-3.789345208442552e-14
324.5838890910349,-0.6146844672463557,3.4668744287229254,0.20662452864691278,-29.81594528026712,-3.157787673702127e-14
324.584569874236,-0.6045781578092817,3.467154254382274,0.20767908664896062,-29.810675914066497,-1.5788938368510635e-14
324.5852505088595,-0.5944718331836364,3.4674342785202303,0.20873335014762784,-29.80540524349962,-3.0525280845787224e-14
324.5859309950854,-0.5843654933879134,3.4677145011871984,0.20978731896443753,-29.80013326900622,-1.7894130150978717e-14
324.5866113330937,-0.5742591384405805,3.4679949224335807,0.21084099292083547,-29.794859991026048,-7.052392471268083e-14
324.58729152306455,-0.5641527683601373,3.4682755423097826,0.21189437183818202,-29.78958540999883,-1.5788938368510635e-14
324.58797156517784,-0.5540463831650422,3.4685563608662084,0.21294745553775624,-29.784309526364275,-5.789277401787233e-14
324.5886514596136,-0.5439399828737663,3.468837378153258,0.21400024384076138,-29.779032340562146,-2.368340755276595e-14
324.5893312065516,-0.5338335675047944,3.46911859422134,0.21505273656831306,-29.773753853032115,-2.789379111770212e-14
324.5900108061719,-0.5237271370765872,3.469400009120855,0.21610493354144994,-29.76847406421392,-3.526196235634042e-14
324.5906902586543,-0.5136206916076259,3.4696816229022085,0.21715683458112356,-29.763192974547255,-4.894570894238297e-14
324.59136956417865,-0.503514231116373,3.469963435615803,0.21820843950821223,-29.757910584471823,-2.6314897280851058e-15
324.5920487229248,-0.4934077556212963,3.470245447312043,0.21925974814350602,-29.75262689442733,-6.8418732930212744e-15
324.5927277350724,-0.4833012651408495,3.470527658041332,0.2203107603077194,-29.747341904853453,-4.631421921429786e-14
324.5934066008014,-0.47319475969352,3.470810067854075,0.22136147582148086,-29.742055616189884,-2.789379111770212e-14
324.59408532029147,-0.46308823929775883,3.4710926768006733,0.22241189450534163,-29.7367680288763,-1.3683746586042549e-14
324.59476389372225,-0.452981703972019,3.4713754849315337,0.22346201617977013,-29.731479143352363,-1.6841534259744676e-14
324.5954423212734,-0.44287515373476993,3.4716584922970584,0.22451184066515267,-29.726188960057776,-2.7367493172085098e-14
324.59612060312475,-0.4327685886044633,3.471941698947651,0.22556136778179825,-29.72089747943217,4.210383564936169e-15
324.5967987394557,-0.4226620085995624,3.4722251049337154,0.2266105973499309,-29.71560470191524,-2.368340755276595e-14
324.597476730446,-0.41255541373851246,3.4725087103056556,0.22765952918969695,-29.710310627946598,1.0525958912340423e-15
324.59815457627514,-0.4024488040397668,3.472792515113876,0.22870816312116105,-29.70501525796593,-4.999830483361701e-14
324.5988322771226,-0.39234217952178757,3.4730765194087794,0.2297564989643066,-29.699718592412854,-8.420767129872338e-15
324.59950983316804,-0.38223554020301725,3.4733607232407704,0.23080453653903688,-29.694420631727034,-1.0525958912340423e-14
324.6001872445909,-0.3721288861019108,3.4736451266602515,0.23185227566517147,-29.6891213763481,-2.9998982900170206e-14
324.6008645115706,-0.3620222172369078,3.4739297297176277,0.23289971616245517,-29.683820826715657,7.894469184255318e-15
324.60154163428655,-0.3519155336264531,3.4742145324633027,0.2339468578505473,-29.678518983269356,-2.947268495455318e-14
324.6022186129182,-0.34180883528899847,3.4744995349476806,0.23499370054902993,-29.67321584644881,-4.210383564936169e-15
324.6028954476449,-0.33170212224297974,3.474784737221164,0.23604024407739985,-29.667911416693627,-1.0525958912340423e-14
324.60357213864603,-0.321595394506845,3.4750701393341568,0.23708648825507855,-29.662605694443442,-4.894570894238297e-14
324.6042486861009,-0.3114886520990279,3.4753557413370637,0.2381324329014068,-29.657298680137824,-2.368340755276595e-14
324.6049250901888,-0.30138189503795704,3.4756415432802896,0.23917807783564066,-29.651990374216382,-4.631421921429786e-14
324.605601351089,-0.2912751233420877,3.475927545214235,0.24022342287696086,-29.646680777118732,-6.315575347404254e-14
324.6062774689807,-0.2811683370298564,3.4762137471893064,0.24126846784446435,-29.64136988928445,-3.9998643866893604e-14
324.6069534440432,-0.27106153611968314,3.4765001492559064,0.2423132125571677,-29.63605771115312,-3.026213187297872e-14
324.6076292764556,-0.260954720629999,3.4767867514644397,0.2433576568340112,-29.630744243164326,-4.105123975812765e-14
324.60830496639716,-0.25084789057924395,3.477073553865309,0.24440180049385146,-29.62542948575765,-2.8946387008936165e-14
324.60898051404695,-0.24074104598584434,3.477360556508919,0.24544564335546357,-29.62011343937265,-3.23673236554468e-14
324.60965591958404,-0.23063418686823167,3.4776477594456723,0.2464891852375492,-29.61479610444889,-7.8944691842553165e-16
324.61033118318767,-0.22052731324482336,3.477935162725975,0.24753242595872169,-29.609477481425955,7.1050222658297854e-15
324.6110063050367,-0.21042042513404366,3.4782227664002283,0.24857536533752111,-29.604157570743375,-1.5262640422893612e-14
324.61168128531034,-0.20031352255431895,3.4785105705188384,0.2496180031924037,-29.598836372840708,-6.052426374595743e-15
324.61235612418744,-0.19020660552408541,3.478798575132206,0.2506603393417483,-29.593513888157528,-5.2629794561702115e-15
324.6130308218471,-0.18009967406173386,3.4790867802907375,0.25170237360384917,-29.588190117133344,-3.841975003004254e-14
324.6137053784682,-0.16999272818571182,3.4793751860448356,0.25274410579692796,-29.58286506020772,-3.947234592127659e-14
324.61437979422965,-0.15988576791442477,3.479663792444905,0.25378553573912116,-29.577538717820147,-2.1315066797489355e-14
324.61505406931036,-0.14977879326628005,3.4799525995413494,0.25482666324848746,-29.57221109041018,-1.6578385286936164e-14
324.6157282038893,-0.13967180425971568,3.4802416073845706,0.25586748814300325,-29.566882178417377,1.6315236314127656e-14
324.61640219814524,-0.1295648009131159,3.480530816024975,0.2569080102405701,-29.5615519822812,-1.2499576208404252e-14
324.61707605225695,-0.11945778324490663,3.4808202255129643,0.2579482293590088,-29.556220502441185,-2.6314897280851057e-14
324.61774976640334,-0.10935075127350004,3.4811098358989443,0.25898814531605613,-29.550887739336844,-2.5920173821638292e-14
324.6184233407631,-0.09924370501731279,3.4813996472333173,0.26002775792937327,-29.545553693407694,-1.0262809939531913e-14
324.61909677551506,-0.089136644494722,3.481689659566487,0.26106706701654203,-29.540218365093207,-2.815694009051063e-14
324.6197700708378,-0.07902956972416365,3.4819798729488594,0.26210607239506384,-29.53488175483289,-2.1841364743106378e-14
324.62044322691014,-0.06892248072403041,3.4822702874308353,0.2631447738823595,-29.52954386306625,-1.6381023557329782e-14
324.62111624391065,-0.05881537751272595,3.48256090306282,0.26418317129577296,-29.524204690232754,-3.486723889712765e-14
324.621789122018,-0.04870826010865021,3.4828517198952174,0.26522126445256516,-29.518864236771893,-7.032656298307445e-14
324.62246186141095,-0.03860112853020668,3.4831427379784308,0.2662590531699243,-29.51352250312314,-2.6906982469670207e-14
324.62313446226784,-0.0284939827957875,3.4834339573628648,0.2672965372649533,-29.508179489725958,-2.3453152201558503e-14
324.62380692476745,-0.018386822923795346,3.4837253780989217,0.26833371655467864,-29.502835197019845,-5.137983694086169e-14
324.6244792490882,-0.00827964893263213,3.4840170002370074,0.2693705908560459,-29.497489625444228,-5.049170915763297e-15
324.6251514354086,0.0018275391593230261,3.484308823827524,0.2704071599859218,-29.492142775438605,-6.793766371429719e-14
324.62582348390725,0.011934741333673672,3.4846008489208753,0.271443423761099,-29.486794647442387,-5.0524602779234026e-14
324.6264953947625,0.02204195757201729,3.4848930755674656,0.27247938199828414,-29.481445241895063,4.111702700132978e-15
324.6271671681529,0.032149187855974606,3.4851855038176995,0.27351503451410647,-29.47609455923606,-6.832005206540955e-14
324.6278388042568,0.042256432167149575,3.4854781337219793,0.2745503811251204,-29.470742599904817,-2.4801790687202122e-14
324.6285103032526,0.052363690487162586,3.4857709653307096,0.27558542164779826,-29.465389364340783,7.236596752234041e-16
324.6291816653186,0.06247096279762477,3.4860639986942945,0.2766201558985323,-29.460034852983384,-4.124860148773403e-14
324.62985289063323,0.07257824908015299,3.4863572338631377,0.2776545836936416,-29.454679066272018,4.8682559969574454e-15
324.6305239793747,0.08268554931637001,3.4866506708876424,0.27868870484936037,-29.449322004646156,-5.539285877619147e-14
324.63119493172144,0.09279286348786796,3.4869443098182127,0.27972251918184343,-29.44396366854521,-1.670995977334042e-14
324.63186574785163,0.10290019157629644,3.4872381507052514,0.2807560265071769,-29.43860405840856,2.4999152416808504e-14
324.6325364279436,0.11300753356327843,3.4875321935991646,0.2817892266413548,-29.43324317467566,-2.3551833066361696e-14
324.63320697217546,0.12311488943041789,3.487826438550354,0.2828221194003025,-29.427881017785868,-2.23676626887234e-14
324.63387738072544,0.13322225915934005,3.488120885609224,0.283854704599863,-29.422517588178646,-3.552511132914893e-14
324.6345476537717,0.14332964273168072,3.4884155348261787,0.2848869820558013,-29.417152886293337,5.2629794561702115e-15
324.6352177914923,0.1534370401290644,3.4887103862516224,0.28591895158380565,-29.411786912569358,-4.3682729486212757e-14
324.6358877940656,0.16354445133312281,3.489005439935958,0.2869506129994802,-29.406419667446094,-5.2892943534510626e-14
324.6365576616695,0.17365187632548043,3.48930069592959,0.28798196611835825,-29.401051151362918,-2.5262301389617013e-14
324.63722739448207,0.18375931508775833,3.4895961542829217,0.2890130107558905,-29.395681364759234,-2.8683238036127654e-14
324.6378969926814,0.1938667676016073,3.4898918150463554,0.2900437467274508,-29.39031030807441,-3.210417468263829e-14
324.63856645644563,0.20397423384865646,3.4901876782702974,0.29107417384833434,-29.3849379817478,-1.1841703776382976e-14
324.6392357859525,0.21408171381054328,3.490483744005151,0.29210429193375753,-29.37956438621878,-4.9472006887999985e-14
324.63990498138025,0.22418920746888785,3.490780012301318,0.29313410079885827,-29.37418952192673,-3.8946047975659563e-14
324.6405740429066,0.23429671480534764,3.4910764832092056,0.2941636002586997,-29.368813389310994,-8.157618157063828e-15
324.64124297070964,0.24440423580155965,3.4913731567792157,0.29519279012826294,-29.36343598881091,-2.4999152416808504e-14
324.64191176496723,0.2545117704391586,3.4916700330617516,0.29622167022245266,-29.35805732086586,-2.8420089063319142e-14
324.64258042585715,0.26461931869978467,3.4919671121072167,0.2972502403560974,-29.352677385915175,-3.131472776421276e-14
324.6432489535574,0.2747268805650828,3.492264393966016,0.29827850034394365,-29.347296184398207,-2.8946387008936164e-15
324.64391734824574,0.28483445601670776,3.4925618786885537,0.2993064500006649,-29.341913716754267,-6.8418732930212744e-15
324.64458561009997,0.29494204503630184,3.4928595663252318,0.3003340891408526,-29.33652998342273,-3.210417468263829e-14
324.6452537392979,0.305049647605509,3.4931574569264567,0.30136141757902235,-29.33114498484287,-3.0525280845787224e-14
324.6459217360172,0.3151572637059872,3.49345555054263,0.30238843512961344,-29.32575872145406,-6.47346473108936e-14
324.6465896004358,0.3252648933193603,3.493753847224156,0.3034151416069831,-29.320371193695614,-3.4209366465106376e-14
324.6472573327312,0.3353725364273169,3.494052347021439,0.3044415368254186,-29.31498240200683,-4.631421921429786e-14
324.64792493308124,0.34548019301149013,3.4943510499848824,0.30546762059912,-29.309592346827035,-3.5788260301957434e-14
324.64859240166356,0.355587863053531,3.49464995616489,0.3064933927422161,-29.304201028595543,5.789277401787233e-15
324.64925973865564,0.36569554653510455,3.494949065611866,0.307518853068757,-29.298808447751647,-1.6315236314127656e-14
324.6499269442353,0.37580324343786886,3.495248378376212,0.30854400139271665,-29.293414604734654,-2.5788599335234036e-14
324.6505940185801,0.38591095374348094,3.495547894508336,0.30956883752798714,-29.288019499983847,1.473634247727659e-14
324.65126096186754,0.3960186774335956,3.4958476140586385,0.31059336128838816,-29.282623133938532,3.157787673702127e-14
324.65192777427524,0.40612641448988496,3.4961475370775243,0.31161757248765953,-29.277225507038008,-2.1578215770297867e-14
324.65259445598065,0.41623416489399706,3.496447663615397,0.3126414709394608,-29.27182661972155,-1.473634247727659e-14
324.6532610071613,0.4263419286276168,3.49674799372266,0.3136650564573832,-29.26642647242843,-3.368306851948935e-14
324.6539274279947,0.43644970567239294,3.4970485274497194,0.31468832885493175,-29.261025065597913,-2.6314897280851058e-15
324.6545937186583,0.4465574960099978,3.4973492648469757,0.31571128794553904,-29.255622399669328,-9.47336302110638e-15
324.65525987932955,0.45666529962208996,3.4976502059648347,0.31673393354255847,-29.250218475081894,-4.210383564936169e-15
324.6559259101858,0.46677311649035885,3.497951350853699,0.3177562654592675,-29.244813292274888,-1.894672604221276e-14
324.65659181140455,0.476880946596462,3.498252699563974,0.3187782835088657,-29.23940685168756,-1.2104852749191486e-14
324.657257583163,0.4869887899220811,3.498554252146062,0.3197999875044788,-29.233999153759196,-2.7367493172085098e-14
324.6579232256386,0.49709664644887364,3.498856008650369,0.3208213772591516,-29.228590198929023,-3.684085619319148e-15
324.65858873900874,0.5072045161585254,3.499157969127295,0.32184245258585065,-29.223179987636307,-3.841975003004254e-14
324.6592541234506,0.5173123990327089,3.499460133627248,0.3228632132974723,-29.21776852032028,-4.157753770374467e-14
324.65991937914146,0.5274202950531142,3.499762502200629,0.3238836592068313,-29.21235579742019,-2.9998982900170206e-14
324.66058450625866,0.537528204201405,3.500065074897841,0.32490379012666515,-29.20694181937529,-2.1051917824680846e-14
324.66124950497937,0.5476361264592612,3.5003678517692918,0.325923605869639,-29.20152658662478,4.3682729486212757e-14
324.66191437548076,0.5577440618083778,3.500670832865382,0.32694310624833545,-29.19611009960792,-4.9472006887999985e-14
324.6625791179401,0.5678520102304266,3.500974018236515,0.327962291075264,-29.190692358763933,-1.5788938368510635e-14
324.6632437325345,0.5779599717071011,3.5012774079330975,0.3289811601628585,-29.185273364532026,-3.684085619319148e-14
324.6639082194411,0.5880679462200763,3.5015810020055307,0.32999971332347594,-29.179853117351424,-4.210383564936169e-15
324.6645725788371,0.5981759337510417,3.501884800504219,0.33101795036939163,-29.17443161766135,-1.6841534259744676e-14
324.6652368108995,0.6082839342816939,3.5021888034795676,0.33203587111281185,-29.169008865900995,-2.5262301389617013e-14
324.6659009158054,0.6183919477937162,3.502493010981978,0.33305347536586277,-29.163584862509595,-5.2629794561702115e-15
324.66656489373196,0.6284999742687983,3.5027974230618555,0.33407076294059423,-29.158159607926343,-3.0525280845787224e-14
324.667228744856,0.6386080136886316,3.5031020397696033,0.33508773364897826,-29.152733102590435,-3.5788260301957434e-14
324.6678924693548,0.6487160660349148,3.503406861155626,0.33610438730291503,-29.14730534694106,1.2631150694808506e-14
324.66855606740506,0.6588241312893411,3.5037118872703266,0.33712072371422597,-29.141876341417422,3.1577876737021266e-15
324.669219539184,0.6689322094336079,3.5040171181641084,0.3381367426946551,-29.136446086458722,-2.1051917824680846e-14
324.66988288486834,0.6790403004494102,3.504322553887377,0.3391524440558725,-29.131014582504108,-3.0525280845787224e-14
