galstreams/tracks/track.st.Gaia-9.ibata2021.ecsv
# %ECSV 0.9
# ---
# datatype:
# - {name: ra, unit: deg, datatype: float64}
# - {name: dec, unit: deg, datatype: float64}
# - {name: distance, unit: kpc, datatype: float64}
# - {name: pm_ra_cosdec, unit: mas / yr, datatype: float64}
# - {name: pm_dec, unit: mas / yr, datatype: float64}
# - {name: radial_velocity, unit: km / s, datatype: float64}
# delimiter: ','
# meta: !!omap
# - __serialized_columns__:
#     dec:
#       __class__: astropy.coordinates.angles.Latitude
#       unit: &id001 !astropy.units.Unit {unit: deg}
#       value: !astropy.table.SerializedColumn {name: dec}
#     distance:
#       __class__: astropy.coordinates.distances.Distance
#       unit: !astropy.units.Unit {unit: kpc}
#       value: !astropy.table.SerializedColumn {name: distance}
#     pm_dec:
#       __class__: astropy.units.quantity.Quantity
#       unit: !astropy.units.Unit {unit: mas / yr}
#       value: !astropy.table.SerializedColumn {name: pm_dec}
#     pm_ra_cosdec:
#       __class__: astropy.units.quantity.Quantity
#       unit: !astropy.units.Unit {unit: mas / yr}
#       value: !astropy.table.SerializedColumn {name: pm_ra_cosdec}
#     ra:
#       __class__: astropy.coordinates.angles.Longitude
#       unit: *id001
#       value: !astropy.table.SerializedColumn {name: ra}
#       wrap_angle: !astropy.coordinates.Angle
#         unit: *id001
#         value: 360.0
#     radial_velocity:
#       __class__: astropy.units.quantity.Quantity
#       unit: !astropy.units.Unit {unit: km / s}
#       value: !astropy.table.SerializedColumn {name: radial_velocity}
# schema: astropy-2.0
ra,dec,distance,pm_ra_cosdec,pm_dec,radial_velocity
[from data line 1253]
238.1203394162856,60.40441872237951,4.2373137363774775,-11.360808367145701,7.33229007421562,-3.368306851948935e-14
238.13032729091103,60.39554492123735,4.237855554185334,-11.356699001764403,7.330815700713513,-5.0524602779234026e-14
238.14030800073365,60.38666989750099,4.238398243036685,-11.3525918455762,7.329339116170905,6.73661370389787e-14
238.15028154553818,60.37779365067191,4.238941804347254,-11.348486901675448,7.32786032360436,3.368306851948935e-14
238.16024792510888,60.36891618025209,4.239486239532766,-11.344384173154689,7.326379326031297,0.0
238.17020713923011,60.36003748574393,4.24003155000894,-11.340283663104612,7.324896126470053,8.420767129872338e-15
238.180159187686,60.3511575666503,4.240577737191498,-11.336185374614095,7.323410727939867,8.420767129872338e-14
238.19010407026073,60.34227642247447,4.241124802496164,-11.33208931077014,7.321923133460869,-5.0524602779234026e-14
238.2000417867382,60.3333940527202,4.24167274733866,-11.32799547465796,7.320433346054054,-5.894536990910637e-14
238.20997233690235,60.324510456891666,4.242221573134707,-11.323903869360922,7.318941368741328,-5.894536990910637e-14
238.21989572053687,60.3156256344935,4.242771281300029,-11.319814497960564,7.317447204545443,2.5262301389617013e-14
238.22981193742558,60.306739585030776,4.243321873250346,-11.315727363536592,7.315950856490081,-1.6841534259744676e-14
238.23972098735192,60.29785230800897,4.243873350401382,-11.31164246916691,7.314452327599725,1.6841534259744676e-14
238.24962287009947,60.28896380293403,4.244425714168859,-11.307559817927576,7.312951620899787,1.6841534259744676e-14
238.25951758545162,60.28007406931233,4.2449789659684996,-11.303479412892852,7.311448739416495,3.368306851948935e-14
238.2694051331917,60.271183106650675,4.245533107216026,-11.299401257135152,7.309943686176969,-6.73661370389787e-14
238.2792855131028,60.26229091445629,4.246088139327159,-11.295325353725127,7.308436464209137,6.73661370389787e-14
238.28915872496816,60.25339749223684,4.246644063717623,-11.291251705731547,7.306927076541831,9.262843842859572e-14
238.29902476857086,60.24450283950042,4.247200881803139,-11.28718031622142,7.305415526204708,5.0524602779234026e-14
238.30888364369375,60.235606955755536,4.247758594999428,-11.283111188259934,7.303901816228255,6.73661370389787e-14
238.31873535011982,60.226709840511134,4.248317204722214,-11.279044324910448,7.302385949643809,-1.6841534259744676e-14
238.32857988763175,60.21781149327659,4.24887671238722,-11.274979729234552,7.3008679294835215,5.894536990910637e-14
238.33841725601232,60.20891191356168,4.2494371194101666,-11.270917404291996,7.299347758780399,5.0524602779234026e-14
238.3482474550442,60.20001110087659,4.249998427206775,-11.266857353140757,7.297825440568264,0.0
238.3580704845099,60.19110905473197,4.2505606371927716,-11.262799578836992,7.296300977881758,-3.368306851948935e-14
238.3678863441919,60.18220577463884,4.251123750783875,-11.258744084435074,7.2947743737563195,-1.6841534259744676e-14
238.37769503387264,60.173301260108644,4.251687769395807,-11.254690872987581,7.293245631228231,-1.6841534259744676e-14
238.38749655333453,60.16439551065328,4.252252694444294,-11.250639947545274,7.291714753334578,-5.894536990910637e-14
238.39729090235974,60.15548852578501,4.252818527345054,-11.246591311157161,7.290181743113229,-5.894536990910637e-14
238.40707808073049,60.14658030501651,4.253385269513811,-11.24254496687044,7.288646603602865,7.578690416885104e-14
238.41685808822908,60.1376708478609,4.253952922366288,-11.238500917730496,7.287109337842986,3.368306851948935e-14
238.42663092463746,60.12876015383166,4.254521487318207,-11.234459166780974,7.2855699488738495,-4.210383564936169e-14
238.4363965897376,60.1198482224427,4.255090965785289,-11.230419717063725,7.2840284397365025,2.5262301389617013e-14
238.44615508331162,60.11093505320834,4.255661359183256,-11.226382571618789,7.2824848134728075,-8.420767129872338e-15
238.45590640514126,60.10202064564327,4.256232668927832,-11.222347733484465,7.2809390731253645,5.894536990910637e-14
238.46565055500855,60.09310499926265,4.256804896434739,-11.218315205697241,7.279391221737595,4.210383564936169e-14
238.4753875326951,60.084188113581945,4.257378043119699,-11.21428499129186,7.277841262353651,3.368306851948935e-14
238.48511733798276,60.07526998811707,4.257952110398432,-11.210257093301273,7.276289198018475,-8.420767129872338e-15
238.49483997065317,60.06635062238436,4.258527099686664,-11.206231514756663,7.274735031777766,1.6841534259744676e-14
238.50455543048798,60.05743001590048,4.2591030124001135,-11.202208258687453,7.273178766677976,2.5262301389617013e-14
238.5142637172688,60.048508168182536,4.259679849954506,-11.198187328121278,7.271620405766326,-3.368306851948935e-14
238.5239648307771,60.039585078748,4.260257613765562,-11.194168726084037,7.270059952090774,-5.894536990910637e-14
238.53365877079437,60.030660747114744,4.260836305249005,-11.190152455599847,7.268497408700033,-3.368306851948935e-14
238.54334553710214,60.02173517280102,4.261415925820555,-11.186138519691072,7.266932778643557,-4.210383564936169e-14
238.55302512948174,60.01280835532549,4.261996476895938,-11.182126921378302,7.265366064971525,-1.6841534259744676e-14
238.5626975477146,60.00388029420716,4.262577959890873,-11.178117663680398,7.263797270734883,1.6841534259744676e-14
238.57236279158204,59.99495098896544,4.263160376221083,-11.174110749614437,7.262226398985281,-6.73661370389787e-14
238.58202086086524,59.986020439120125,4.263743727302289,-11.170106182195777,7.260653452775085,4.210383564936169e-14
238.5916717553456,59.977088644191376,4.264328014550217,-11.166103964437983,7.259078435157424,-4.210383564936169e-14
238.60131547480424,59.968155603699756,4.264913239380586,-11.16210409935291,7.257501349186109,-4.210383564936169e-14
238.61095201902233,59.959221317166154,4.265499403209119,-11.158106589950659,7.255922197915663,8.420767129872338e-15
238.6205813877811,59.95028578411192,4.26608650745154,-11.15411143923956,7.254340984401352,3.368306851948935e-14
238.6302035808617,59.94134900405869,4.2666745535235675,-11.15011865022624,7.252757711699136,-2.5262301389617013e-14
238.63981859804505,59.93241097652849,4.2672635428409285,-11.146128225915556,7.251172382865629,5.0524602779234026e-14
238.64942643911235,59.923471701043766,4.267853476819341,-11.14214016931065,7.249585000958222,7.578690416885104e-14
238.65902710384472,59.91453117712727,4.26844435687453,-11.138154483412901,7.247995569034949,-6.73661370389787e-14
238.66862059202296,59.90558940430216,4.269036184422216,-11.134171171221992,7.246404090154521,3.368306851948935e-14
238.67820690342825,59.89664638209195,4.269628960878123,-11.130190235735839,7.2448105673763905,-2.5262301389617013e-14
238.68778603784145,59.88770211002051,4.270222687657971,-11.126211679950657,7.243215003760631,3.368306851948935e-14
238.69735799504357,59.87875658761205,4.270817366177483,-11.122235506860907,7.241617402368044,-2.5262301389617013e-14
238.70692277481555,59.8698098143912,4.271412997852384,-11.118261719459348,7.240017766260055,0.0
238.7164803769383,59.860861789882904,4.2720095840983925,-11.114290320737002,7.238416098498801,-3.368306851948935e-14
238.7260308011927,59.851912513612454,4.272607126331232,-11.110321313683183,7.236812402147058,-1.6841534259744676e-14
238.7355740473597,59.842961985105525,4.273205625966627,-11.106354701285476,7.235206680268277,-5.0524602779234026e-14
238.74511011522006,59.83401020388814,4.273805084420298,-11.102390486529753,7.233598935926542,5.894536990910637e-14
238.7546390045548,59.82505716948666,4.274405503107964,-11.098428672400171,7.23198917218664,-2.5262301389617013e-14
238.7641607151447,59.81610288142782,4.275006883445351,-11.094469261879185,7.230377392113944,3.368306851948935e-14
238.7736752467706,59.80714733923866,4.275609226848183,-11.090512257947516,7.228763598774517,5.0524602779234026e-14
238.7831825992134,59.79819054244663,4.276212534732177,-11.086557663584202,7.227147795235043,-2.5262301389617013e-14
238.79268277225393,59.78923249057948,4.27681680851306,-11.08260548176656,7.225529984562843,2.5262301389617013e-14
238.80217576567298,59.7802731831653,4.277422049606552,-11.078655715470221,7.223910169825879,-8.420767129872338e-15
238.8116615792514,59.77131261973255,4.2780282594283765,-11.074708367669096,7.222288354092727,8.420767129872338e-15
238.82114021277008,59.762350799810015,4.278635439394253,-11.070763441335407,7.220664540432616,-3.368306851948935e-14
238.8306116660098,59.75338772292682,4.279243590919905,-11.066820939439681,7.219038731915346,-8.420767129872338e-15
238.84007593875137,59.74442338861243,4.279852715421057,-11.062880864950744,7.217410931611386,8.420767129872338e-15
238.84953303077572,59.73545779639666,4.280462814313429,-11.058943220835722,7.21578114259178,-1.6841534259744676e-14
238.85898294186362,59.72649094580962,4.281073889012745,-11.055008010060074,7.21414936792819,8.420767129872338e-14
238.86842567179602,59.71752283638179,4.281685940934725,-11.05107523558755,7.2125156106929085,-2.5262301389617013e-14
238.87786122035368,59.708553467643966,4.282298971495092,-11.047144900380232,7.210879873958783,-5.894536990910637e-14
238.88728958731747,59.699582839127274,4.282912982109569,-11.04321700739851,7.209242160799276,-8.420767129872338e-15
238.89671077246837,59.69061095036317,4.283527974193878,-11.039291559601073,7.207602474288465,-3.368306851948935e-14
238.90612477558716,59.68163780088343,4.284143949163742,-11.035368559944963,7.205960817500969,-5.894536990910637e-14
238.91553159645477,59.672663390220166,4.284760908434881,-11.031448011385537,7.204317193512031,1.6841534259744676e-14
238.92493123485218,59.663687717905795,4.285378853423019,-11.027529916876457,7.20267160539745,0.0
238.93432369056026,59.654710783473085,4.285997785543878,-11.023614279369735,7.201024056233615,6.73661370389787e-14
238.94370896336008,59.64573258645508,4.28661770621318,-11.019701101815695,7.19937454909749,-5.894536990910637e-14
238.95308705303248,59.636753126385194,4.287238616846648,-11.015790387163017,7.197723087066576,-3.368306851948935e-14
238.96245795935846,59.62777240279711,4.287860518860002,-11.011882138358699,7.196069673218968,0.0
238.97182168211904,59.61879041522486,4.288483413668969,-11.007976358348063,7.194414310633302,6.73661370389787e-14
238.98117822109538,59.60980716320277,4.289107302689265,-11.004073050074794,7.192757002388806,3.368306851948935e-14
238.9905275760684,59.60082264626547,4.289732187336616,-11.000172216480909,7.191097751565205,5.894536990910637e-14
238.99986974681923,59.591836863947925,4.290358069026745,-10.996273860506758,7.1894365612428075,4.210383564936169e-14
239.009204733129,59.58284981578541,4.290984949175372,-10.99237798509105,7.187773434502456,2.5262301389617013e-14
239.0185325347788,59.573861501313466,4.29161282919822,-10.988484593170835,7.186108374425524,4.210383564936169e-14
239.0278531515499,59.56487192006798,4.2922417105110116,-10.98459368768151,7.184441384093949,-6.73661370389787e-14
239.03716658322327,59.555881071585134,4.292871594529469,-10.980705271556849,7.182772466590146,5.894536990910637e-14
239.0464728295804,59.5468889554014,4.2935024826693144,-10.976819347728934,7.18110162499712,5.0524602779234026e-14
239.05577189040244,59.537895571053554,4.29413437634627,-10.972935919128236,7.179428862398358,4.210383564936169e-14
239.06506376547068,59.528900918078676,4.294767276976058,-10.96905498868358,7.177754181877883,-4.210383564936169e-14
239.07434845456643,59.51990499601416,4.2954011859743995,-10.965176559322158,7.176077586520211,6.73661370389787e-14
239.08362595747118,59.51090780439763,4.296036104757019,-10.9613006339695,7.174399079410414,-7.578690416885104e-14
239.09289627396615,59.501909342767114,4.296672034739639,-10.957427215549533,7.172718663634012,2.5262301389617013e-14
239.10215940383293,59.49290961066082,4.29730897733798,-10.953556306984533,7.171036342277086,-5.894536990910637e-14
239.11141534685294,59.483908607617295,4.297946933967763,-10.949687911195154,7.169352118426171,-8.420767129872338e-15
239.1206641028077,59.47490633317539,4.298585906044712,-10.945822031100416,7.167665995168319,-4.210383564936169e-14
239.12990567147884,59.46590278687424,4.299225894984551,-10.941958669617716,7.165977975591081,-8.420767129872338e-14
239.13914005264795,59.456897968253244,4.299866902202999,-10.93809782966283,7.164288062782472,-6.73661370389787e-14
239.14836724609657,59.44789187685209,4.30050892911578,-10.934239514149926,7.162596259830998,4.210383564936169e-14
239.15758725160663,59.43888451221077,4.301151977138616,-10.930383725991518,7.160902569825672,-5.894536990910637e-14
239.16680006895973,59.429875873869506,4.301796047687231,-10.926530468098536,7.1592069958559295,-4.210383564936169e-14
239.17600569793765,59.420865961368875,4.302441142177343,-10.922679743380295,7.157509541011719,8.420767129872338e-15
239.18520413832232,59.41185477424966,4.303087262024678,-10.918831554744475,7.155810208383438,1.6841534259744676e-14
239.19439538989562,59.40284231205298,4.3037344086449565,-10.914985905097168,7.154109001061958,8.420767129872338e-15
239.2035794524395,59.393828574320196,4.3043825834539025,-10.911142797342857,7.152405922138602,5.0524602779234026e-14
239.21275632573602,59.384813560592924,4.305031787867235,-10.907302234384412,7.150700974705154,-8.420767129872338e-15
239.2219260095671,59.37579727041308,4.305682023300678,-10.903464219123109,7.1489941618538335,0.0
239.23108850371503,59.366779703322855,4.306333291169955,-10.899628754458615,7.147285486677331,-2.5262301389617013e-14
239.2402438079619,59.3577608588647,4.306985592890789,-10.895795843289001,7.145574952268761,-8.420767129872338e-15
239.2493919220899,59.34874073658131,4.307638929878898,-10.891965488510758,7.143862561721679,-1.6841534259744676e-14
239.25853284588138,59.33971933601568,4.308293303550008,-10.888137693018766,7.14214831813008,1.0946997268834039e-13
239.26766657911872,59.33069665671105,4.30894871531984,-10.884312459706315,7.140432224588414,0.0
239.2767931215843,59.32167269821092,4.309605166604115,-10.880489791465122,7.138714284191519,-4.210383564936169e-14
239.2859124730606,59.31264746005905,4.310262658818558,-10.876669691185299,7.136994500034664,8.420767129872338e-15
239.29502463333012,59.30362094179948,4.310921193378889,-10.872852161755395,7.135272875213558,4.210383564936169e-14
239.30412960217552,59.29459314297646,4.3115807717008305,-10.869037206062352,7.1335494128243155,3.368306851948935e-14
239.3132273793795,59.28556406313455,4.3122413952001075,-10.865224826991561,7.131824115963462,-5.0524602779234026e-14
239.32231796472473,59.27653370181854,4.3129030652924385,-10.861415027426816,7.1300969877279154,-3.368306851948935e-14
239.33140135799403,59.26750205857345,4.313565783393547,-10.85760781025034,7.128368031215013,3.368306851948935e-14
239.34047755897032,59.25846913294458,4.314229550919156,-10.85380317834279,7.126637249522507,-1.6841534259744676e-14
239.3495465674365,59.249434924477484,4.314894369284987,-10.850001134583255,7.124904645748513,-1.6841534259744676e-14
239.35860838317564,59.24039943271793,4.315560239906763,-10.84620168184925,7.123170222991556,-8.420767129872338e-15
239.36766300597077,59.23136265721195,4.316227164200205,-10.842404823016729,7.121433984350543,2.5262301389617013e-14
239.37671043560513,59.222324597505846,4.316895143581037,-10.83861056096007,7.119695932924782,-1.0104920555846805e-13
239.38575067186184,59.21328525314612,4.317564179464981,-10.834818898552125,7.117956071813914,3.368306851948935e-14
239.3947837145244,59.204244623679514,4.318234273267756,-10.831029838664147,7.116214404118027,-3.368306851948935e-14
239.40380956337603,59.195202708653056,4.318905426405089,-10.827243384165865,7.114470932937506,8.420767129872338e-15
239.4128282182003,59.18615950761398,4.3195776402926995,-10.823459537925434,7.1127256613731715,-6.73661370389787e-14
239.42183967878069,59.177115020109746,4.3202509163463105,-10.819678302809479,7.110978592526154,-1.6841534259744676e-14
239.4308439449009,59.16806924568806,4.320925255981644,-10.815899681683051,7.109229729497976,-8.420767129872338e-15
