galstreams/tracks/track.st.Pal5.pricewhelan2019.ecsv
# %ECSV 1.0
# ---
# datatype:
# - {name: ra, unit: deg, datatype: float64}
# - {name: dec, unit: deg, datatype: float64}
# - {name: distance, unit: kpc, datatype: float64}
# - {name: pm_ra_cosdec, unit: mas / yr, datatype: float64}
# - {name: pm_dec, unit: mas / yr, datatype: float64}
# - {name: radial_velocity, unit: km / s, datatype: float64}
# delimiter: ','
# meta: !!omap
# - __serialized_columns__:
#     dec:
#       __class__: astropy.coordinates.angles.Latitude
#       unit: &id001 !astropy.units.Unit {unit: deg}
#       value: !astropy.table.SerializedColumn {name: dec}
#     distance:
#       __class__: astropy.coordinates.distances.Distance
#       unit: !astropy.units.Unit {unit: kpc}
#       value: !astropy.table.SerializedColumn {name: distance}
#     pm_dec:
#       __class__: astropy.units.quantity.Quantity
#       unit: !astropy.units.Unit {unit: mas / yr}
#       value: !astropy.table.SerializedColumn {name: pm_dec}
#     pm_ra_cosdec:
#       __class__: astropy.units.quantity.Quantity
#       unit: !astropy.units.Unit {unit: mas / yr}
#       value: !astropy.table.SerializedColumn {name: pm_ra_cosdec}
#     ra:
#       __class__: astropy.coordinates.angles.Longitude
#       unit: *id001
#       value: !astropy.table.SerializedColumn {name: ra}
#       wrap_angle: !astropy.coordinates.Angle
#         unit: *id001
#         value: 360.0
#     radial_velocity:
#       __class__: astropy.units.quantity.Quantity
#       unit: !astropy.units.Unit {unit: km / s}
#       value: !astropy.table.SerializedColumn {name: radial_velocity}
# schema: astropy-2.0
ra,dec,distance,pm_ra_cosdec,pm_dec,radial_velocity
[from data line 997]
232.8440116968642,2.758814477653104,21.320918128000653,-2.6454671352666015,-2.488945380605564,999.0000223214195
232.83531183259888,2.7538212831410336,21.319581700609582,-2.6457962061064,-2.4892708563589765,999.000022320926
232.82661404399488,2.748824997493495,21.318244007039308,-2.646124895287602,-2.489596693984346,999.0000223204331
232.81791833557563,2.743825613875455,21.316905047289826,-2.646453202805558,-2.4899228934712228,999.0000223199397
232.8092247127337,2.7388231241365815,21.31556482136115,-2.6467811286573144,-2.4902494548073744,999.0000223194477
232.80053318171534,2.733817518835007,21.31422332925327,-2.6471086728416626,-2.4905763779788432,999.0000223189555
232.79184374960414,2.72880878726197,21.312880570966186,-2.6474358353590492,-2.4909036629699868,999.0000223184638
232.78315642430434,2.7237969174668506,21.311536546499912,-2.647762616211492,-2.49123130976354,999.0000223179725
232.7744712145245,2.7187818962829318,21.310191255854427,-2.648089015402612,-2.491559318340669,999.000022317481
232.76578812975956,2.7137637093533264,21.308844699029738,-2.6484150329375042,-2.4918876886810124,999.0000223169899
232.7571071802735,2.7087423411578206,21.30749687602585,-2.648740668822724,-2.492216420762749,999.0000223164991
232.74842837708158,2.703717775040123,21.306147786842768,-2.64906592306624,-2.4925455145626403,999.000022316009
232.73975173193196,2.6986899932354067,21.304797431480473,-2.6493907956773963,-2.492874970056097,999.0000223155183
232.73107725728676,2.693658976898511,21.30344580993899,-2.649715286666777,-2.493204787217218,999.0000223150286
232.7224049663037,2.6886247061325785,21.3020929222183,-2.650039396046285,-2.4935349660188613,999.000022314539
232.71373487281676,2.6835871600182277,21.300738768318407,-2.6503631238289826,-2.49386550643269,999.00002231405
232.70506699131653,2.6785463166428585,21.299383348239317,-2.650686470029114,-2.4941964084292274,999.000022313561
232.69640133693034,2.6735021531306673,21.29802666198102,-2.651009434661972,-2.4945276719779197,999.0000223130721
232.6877379254028,2.6684546456730684,21.296668709543532,-2.6513320177439215,-2.4948592970471815,999.0000223125836
232.67907677307508,2.66340376955924,21.295309490926837,-2.6516542192923294,-2.495191283604462,999.0000223120959
232.67041789686434,2.6583494992072847,21.293949006130937,-2.6519760393254757,-2.4955236316162974,999.0000223116083
232.66176131424308,2.653291808195631,21.29258725515585,-2.652297477862517,-2.4958563410483583,999.0000223111213
232.65310704321843,2.6482306692949455,21.291224238001554,-2.6526185349234703,-2.4961894118655232,999.000022310634
232.64445510231056,2.6431660544999867,21.28985995466806,-2.6529392105291354,-2.4965228440319196,999.0000223101468
232.63580551053118,2.6380979350621985,21.288494405155365,-2.653259504700987,-2.4968566375109895,999.0000223096605
232.6271582873626,2.633026281522424,21.287127589463466,-2.6535794174612337,-2.497190792265537,999.0000223091745
232.6185134527352,2.6279510637437222,21.28575950759237,-2.6538989488326803,-2.4975253082577944,999.0000223086888
232.60987102700577,2.622872250944709,21.28439015954208,-2.6542180988386774,-2.497860185449467,999.000022308203
232.60123103093554,2.617789811733019,21.28301954531258,-2.65453686750314,-2.498195423801803,999.0000223077175
232.59259348566772,2.612703714139052,21.281647664903886,-2.654855254850402,-2.4985310232756337,999.0000223072325
232.58395841270507,2.6076139256497783,21.28027451831599,-2.6551732609052157,-2.4988669838314386,999.0000223067485
232.5753258338875,2.602520413242882,21.278900105548896,-2.6554908856927257,-2.499203305429402,999.0000223062641
232.5666957713694,2.597423143421148,21.277524426602604,-2.655808129238358,-2.4995399880294555,999.0000223057801
232.55806824759665,2.5923220822467203,21.276147481477118,-2.6561249915677814,-2.4998770315913514,999.0000223052967
232.54944328528404,2.5872171953758167,21.27476927017242,-2.656441472706909,-2.5002144360747054,999.0000223048133
232.54082090739212,2.582108448093337,21.27338979268853,-2.656757572681767,-2.500552201439047,999.0000223043304
232.53220113710447,2.5769958053478472,21.27200904902544,-2.657073291518514,-2.5008903276438836,999.0000223038479
232.5235839978042,2.5718792317862897,21.270627039183157,-2.65738862924335,-2.5012288146487474,999.0000223033661
232.5149695130511,2.5667586917890457,21.26924376316167,-2.657703585882481,-2.5015676624132523,999.0000223028842
232.50635770655862,2.561634149505071,21.267859220960986,-2.658018161462066,-2.5019068708971415,999.0000223024026
232.49774860217013,2.556505568886816,21.26647341258111,-2.658332356008171,-2.5022464400603437,999.0000223019217
232.4891422238362,2.5513729137254444,21.265086338022023,-2.6586461695467047,-2.502586369863024,999.0000223014409
232.48053859559127,2.5462361476858772,21.263697997283742,-2.658959602103422,-2.502926660265632,999.0000223009605
232.47193774153033,2.541095234342031,21.26230839036627,-2.6592726537037996,-2.5032673112289556,999.0000223004805
232.4633396857858,2.5359501372117217,21.260917517269593,-2.6595853243730523,-2.5036083227141708,999.0000223000004
232.45474445250406,2.5308008197917844,21.25952537799372,-2.659897614136035,-2.5039496946828868,999.0000222995216
232.44615206582301,2.5256472455931354,21.25813197253865,-2.660209523017267,-2.5042914270972023,999.0000222990427
232.43756254984837,2.520489378175495,21.256737300904383,-2.660521051040825,-2.5046335199197447,999.0000222985637
232.42897592863056,2.515327181182313,21.255341363090924,-2.6608321982302843,-2.504975973113725,999.0000222980863
232.42039222614235,2.5101606183754317,21.25394415909826,-2.66114296460876,-2.505318786642982,999.0000222976082
232.4118114662557,2.5049896536697256,21.252545688926396,-2.6614533501987987,-2.505661960472026,999.0000222971306
232.40323367271859,2.4998142511673804,21.251145952575342,-2.6617633550223188,-2.506005494566084,999.0000222966536
232.3946588691329,2.49463437519225,21.2497449500451,-2.662072979100621,-2.50634938889115,999.0000222961773
232.38608707893192,2.489449990324009,21.248342681335647,-2.6623822224543434,-2.5066936434140246,999.0000222957012
232.37751832535722,2.484261061431902,21.246939146447005,-2.6626910851033787,-2.5070382581023565,999.0000222952252
232.3689526314369,2.4790675537085356,21.24553434537916,-2.6629995670668496,-2.507383232924687,999.00002229475
232.36039001996346,2.4738694327032724,21.244128278132127,-2.6633076683630987,-2.5077285678504895,999.0000222942751
232.3518305134717,2.468666664355591,21.24272094470589,-2.6636153890096335,-2.5080742628502137,999.0000222938006
232.34327413421678,2.463459215027848,21.24131234510046,-2.6639227290230694,-2.5084203178953213,999.0000222933263
232.33472090415265,2.458247051538086,21.239902479315834,-2.664229688419116,-2.508766732958325,999.0000222928525
232.32617084491082,2.4530301411925053,21.23849134735201,-2.664536267212529,-2.5091135080128297,999.0000222923792
232.31762397777882,2.447808451817373,21.237078949208996,-2.6648424654171006,-2.509460643033564,999.0000222919062
232.30908032367927,2.442581951790921,21.23566528488678,-2.665148283045583,-2.509808137996422,999.0000222914337
232.30053990314917,2.4373506100748434,21.23425035438537,-2.665453720109682,-2.510155992878492,999.0000222909617
232.29200273631915,2.4321143962452414,21.23283415770477,-2.665758776620039,-2.5105042076580952,999.0000222904904
232.28346884289329,2.426873280523439,21.23141669484497,-2.6660634525861773,-2.510852782314819,999.000022290019
232.27493824212874,2.42162723380629,21.229997965805975,-2.6663677480164605,-2.511201716829543,999.0000222895479
232.2664109528164,2.416376227696236,21.228577970587786,-2.6666716629180955,-2.511551011184477,999.0000222890778
232.2578869932608,2.4111202345306726,21.2271567091904,-2.666975197297094,-2.5119006653631875,999.0000222886079
232.24936638126113,2.40585922741118,21.22573418161382,-2.66727835115821,-2.5122506793506245,999.0000222881384
232.24084913409217,2.4005931802321485,21.224310387858054,-2.667581124504975,-2.5126010531331517,999.0000222876696
232.23233526848574,2.395322067709115,21.222885327923077,-2.667883517339631,-2.5129517866985775,999.0000222872007
232.22382480061205,2.390045865406349,21.22145900180892,-2.668185529663107,-2.513302880036171,999.0000222867332
232.21531774606177,2.3847645497642165,21.22003140951556,-2.6684871614750225,-2.5136543331366936,999.0000222862652
232.20681411982846,2.379478098126054,21.21860255104301,-2.6687884127736288,-2.514006145992419,999.0000222857982
232.1983139362908,2.374186488764276,21.21717242639126,-2.669089283555819,-2.5143583185971563,999.0000222853309
232.18981720919575,2.368889700906202,21.21574103556032,-2.6693897738170946,-2.514710850946275,999.0000222848646
232.18132395164187,2.363587714759401,21.214308378550186,-2.669689883551536,-2.5150637430367158,999.000022284399
232.1728341760629,2.358280511536169,21.212874455360854,-2.669989612751806,-2.5154169948670186,999.0000222839336
232.1643478942118,2.352968073477772,21.211439265992336,-2.6702889614091347,-2.5157706064373357,999.0000222834688
232.155865117145,2.3476503838779568,21.210002810444617,-2.6705879295132693,-2.5161245777494496,999.0000222830043
232.14738585520752,2.3423274271060173,21.208565088717705,-2.6708865170525034,-2.5164789088067847,999.0000222825402
232.13891011801775,2.3369991886290133,21.2071261008116,-2.67118472401362,-2.51683359961443,999.0000222820764
232.13043791445318,2.331665655033608,21.205685846726304,-2.6714825503819153,-2.5171886501791403,999.0000222816134
232.12196925263655,2.3263268140473317,21.20424432646181,-2.671779996141164,-2.5175440605093575,999.000022281151
232.1135041399221,2.3209826545589185,21.20280154001813,-2.6720770612736513,-2.517899830615215,999.0000222806885
232.1050425828821,2.3156331666383267,21.201357487395246,-2.6723737457600643,-2.5182559605085553,999.000022280227
232.09658458729467,2.3102783415558963,21.199912168593173,-2.672670049579625,-2.5186124502029257,999.0000222797656
232.088130158131,2.3049181718010834,21.198465583611906,-2.672965972709956,-2.5189692997135973,999.0000222793049
232.0796792995438,2.2995526511001625,21.19701773245144,-2.6732615151271584,-2.5193265090575627,999.0000222788441
232.07123201485544,2.294181774433568,21.195568615111778,-2.673556676805754,-2.5196840782535457,999.0000222783846
232.06278830654745,2.288805538052524,21.194118231592938,-2.673851457718714,-2.520042007321997,999.0000222779256
232.05434817624976,2.283423939494717,21.192666581894894,-2.6741458578374577,-2.5204002962851093,999.0000222774663
232.04591162473062,2.278036977599561,21.19121366601766,-2.6744398771318205,-2.520758945166805,999.0000222770078
232.03747865188706,2.2726446525225645,21.189759483961225,-2.674733515570086,-2.5211179539927464,999.0000222765498
232.02904925673604,2.267246965749145,21.1883040357256,-2.67502677311897,-2.521477322790325,999.0000222760924
232.02062343740542,2.261843920107454,21.186847321310786,-2.6753196497436256,-2.5218370515886623,999.0000222756353
232.01220119112608,2.2564355197806756,21.185389340716775,-2.6756121454076633,-2.522197140418613,999.0000222751788
232.0037825142244,2.2510217703186317,21.18393009394357,-2.6759042600731187,-2.5225575893127496,999.0000222747227
231.99536740211488,2.2456026786483188,21.18246958099117,-2.6761959937005027,-2.522918398305361,999.0000222742668
231.98695584929345,2.2401782530840317,21.181007801859575,-2.6764873462487486,-2.5232795674324446,999.0000222738115
231.9785478493317,2.2347485033364936,21.179544756548786,-2.676778317675287,-2.523641096731699,999.000022273357
231.97014339487117,2.229313440521447,21.178080445058807,-2.677068907936021,-2.5240029862425115,999.0000222729027
231.9617424776179,2.2238730771671147,21.176614867389628,-2.6773591169853237,-2.5243652360059503,999.0000222724485
231.95334508833818,2.218427427221176,21.17514802354126,-2.677648944776078,-2.52472784606475,999.0000222719954
231.9449512168547,2.212976506056956,21.173679913513695,-2.677938391259671,-2.5250908164633006,999.0000222715424
231.93656085204228,2.2075203304785416,21.172210537306935,-2.6782274563859914,-2.5254541472476295,999.0000222710898
231.9281739818257,2.2020589187254025,21.170739894920985,-2.6785161401035,-2.5258178384653918,999.0000222706378
231.91979059317657,2.19659229047602,21.16926798635584,-2.6788044423591697,-2.526181890165849,999.0000222701858
231.9114106721119,2.19112046685093,21.167794811611493,-2.6790923630985537,-2.5265463023998556,999.0000222697348
231.90303420369244,2.1856434704145884,21.166320370687956,-2.679379902265803,-2.526911075219833,999.0000222692844
231.8946611720217,2.180161325176757,21.16484466358523,-2.679667059803647,-2.52727620867976,999.0000222688342
231.88629156024595,2.174674056593046,21.163367690303303,-2.6799538356534494,-2.527641702835145,999.0000222683843
231.87792535055405,2.1691816915643596,21.16188945084218,-2.6802402297552024,-2.5280075577430052,999.0000222679348
231.86956252417863,2.163684258435844,21.160409945201867,-2.6805262420475757,-2.528373773461844,999.0000222674855
231.86120306139705,2.158181786994816,21.15892917338235,-2.6808118724679177,-2.5287403500516303,999.0000222670369
231.8528469415334,2.152674308468053,21.157447135383652,-2.6810971209522605,-2.529107287573768,999.000022266589
231.84449414296083,2.147161855517961,21.155963831205746,-2.681381987435391,-2.5294745860910757,999.0000222661415
231.8361446431047,2.14164446223818,21.154479260848646,-2.6816664718508614,-2.529842245667756,999.0000222656937
231.82779841844575,2.136122164148373,21.152993424312356,-2.6819505741309717,-2.530210266369368,999.0000222652469
231.81945544452435,2.130594998187906,21.151506321596866,-2.6822342942068444,-2.5305786482628028,999.0000222648008
231.8111156959451,2.1250630027090103,21.15001795270218,-2.6825176320084627,-2.530947391416248,999.0000222643542
231.8027791463817,2.119526217468934,21.1485283176283,-2.6828005874646323,-2.5313164958991594,999.0000222639085
231.794445768583,2.1139846836214597,21.14703741637522,-2.683083160503061,-2.5316859617822347,999.0000222634633
231.78611553437906,2.1084384437072785,21.145545248942945,-2.683365351050401,-2.5320557891373707,999.0000222630183
231.77778841468768,2.102887541643827,21.144051815331476,-2.6836471590322333,-2.5324259780376415,999.0000222625741
231.7694643795223,2.097332022714307,21.142557115540807,-2.683928584373151,-2.532796528557257,999.0000222621296
231.7611433979991,2.091771933555599,21.14106114957094,-2.6842096269967204,-2.5331674407715314,999.000022261686
231.752825438346,2.086207322145677,21.139563917421878,-2.684490286825597,-2.5335387147568458,999.0000222612427
231.7445104679114,2.080638237790021,21.138065419093618,-2.684770563781518,-2.533910350590615,999.0000222607995
231.73619845317359,2.075064731107414,21.13656565458616,-2.6850504577853185,-2.5342823483512475,999.0000222603562
231.7278893597506,2.069486854014613,21.135064623899506,-2.685329968756985,-2.53465470811811,999.0000222599144
231.7195831524111,2.0639046597105026,21.13356232703365,-2.6856090966157042,-2.53502742997149,999.0000222594725
231.71127979508543,2.0583182026594513,21.132058763988596,-2.685887841279906,-2.535400513992551,999.0000222590307
231.7029792508767,2.0527275385735946,21.13055393476434,-2.6861662026672484,-2.535773960263301,999.000022258589
231.69468148207332,2.047132724394609,21.129047839360894,-2.6864441806946933,-2.536147768866546,999.0000222581485
231.68638645016176,2.0415338182747105,21.127540477778243,-2.6867217752785684,-2.536521939885853,999.0000222577081
231.67809411583934,2.035930879556589,21.126031850016396,-2.686998986334566,-2.5368964734055077,999.0000222572673
231.6698044390278,2.030323968752878,21.12452195607535,-2.687275813777756,-2.5372713695104707,999.0000222568276
231.66151737888805,2.0247131475246944,21.1230107959551,-2.6875522575227264,-2.5376466282863377,999.0000222563878
231.6532328938341,2.0190984786595823,21.121498369655654,-2.6878283174835,-2.5380222498192944,999.0000222559486
231.64495094154884,2.0134800260484087,21.11998467717701,-2.6881039935736855,-2.5383982341960745,999.0000222555095
