galstreams/tracks/track.st.M92.sollima2020.ecsv
# %ECSV 1.0
# ---
# datatype:
# - {name: ra, unit: deg, datatype: float64}
# - {name: dec, unit: deg, datatype: float64}
# - {name: distance, unit: kpc, datatype: float64}
# - {name: pm_ra_cosdec, unit: mas / yr, datatype: float64}
# - {name: pm_dec, unit: mas / yr, datatype: float64}
# - {name: radial_velocity, unit: km / s, datatype: float64}
# delimiter: ','
# meta: !!omap
# - __serialized_columns__:
#     dec:
#       __class__: astropy.coordinates.angles.Latitude
#       unit: &id001 !astropy.units.Unit {unit: deg}
#       value: !astropy.table.SerializedColumn {name: dec}
#     distance:
#       __class__: astropy.coordinates.distances.Distance
#       unit: !astropy.units.Unit {unit: kpc}
#       value: !astropy.table.SerializedColumn {name: distance}
#     pm_dec:
#       __class__: astropy.units.quantity.Quantity
#       unit: !astropy.units.Unit {unit: mas / yr}
#       value: !astropy.table.SerializedColumn {name: pm_dec}
#     pm_ra_cosdec:
#       __class__: astropy.units.quantity.Quantity
#       unit: !astropy.units.Unit {unit: mas / yr}
#       value: !astropy.table.SerializedColumn {name: pm_ra_cosdec}
#     ra:
#       __class__: astropy.coordinates.angles.Longitude
#       unit: *id001
#       value: !astropy.table.SerializedColumn {name: ra}
#       wrap_angle: !astropy.coordinates.Angle
#         unit: *id001
#         value: 360.0
#     radial_velocity:
#       __class__: astropy.units.quantity.Quantity
#       unit: !astropy.units.Unit {unit: km / s}
#       value: !astropy.table.SerializedColumn {name: radial_velocity}
# schema: astropy-2.0
ra,dec,distance,pm_ra_cosdec,pm_dec,radial_velocity
254.43379333665837,41.35298137707025,8.501000000000015,0.0,0.0,0.0
254.44306835735492,41.333983106741385,8.501000000000015,0.0,0.0,0.0
254.452492482583,41.31565987929381,8.501000000000014,0.0,0.0,0.0
254.46206368132147,41.29800197700709,8.501000000000015,0.0,0.0,0.0
254.47177994757033,41.28099976814083,8.501000000000015,0.0,0.0,0.0
254.48163929984085,41.26464370648849,8.501000000000015,0.0,0.0,0.0
254.4916397806588,41.24892433093169,8.501000000000015,0.0,0.0,0.0
254.50177945608272,41.233832264994945,8.501000000000014,0.0,0.0,0.0
254.5120564152359,41.219358216400884,8.501000000000014,0.0,0.0,0.0
254.522468769851,41.205492976626054,8.501000000000015,0.0,0.0,0.0
254.5330146538281,41.192227420457186,8.501000000000015,0.0,0.0,0.0
254.54369222280462,41.179552505548024,8.501000000000015,0.0,0.0,0.0
254.55449965373782,41.16745927197681,8.501000000000015,0.0,0.0,0.0
254.5654351444988,41.15593884180418,8.501000000000015,0.0,0.0,0.0
254.57649691347768,41.14498241863194,8.501000000000015,0.0,0.0,0.0
254.58768319919994,41.134581287162185,8.501000000000014,0.0,0.0,0.0
254.59899225995352,41.12472681275731,8.501000000000015,0.0,0.0,0.0
254.6104223734263,41.115410441000435,8.501000000000015,0.0,0.0,0.0
254.62197183635308,41.1066236972568,8.501000000000015,0.0,0.0,0.0
254.63363896417317,41.09835818623553,8.501000000000015,0.0,0.0,0.0
254.6454220906971,41.090605591552396,8.501000000000015,0.0,0.0,0.0
254.65731956778197,41.08335767529308,8.501000000000017,0.0,0.0,0.0
254.6693297650167,41.076606277577305,8.501000000000014,0.0,0.0,0.0
254.68145106941506,41.070343316123676,8.501000000000012,0.0,0.0,0.0
254.69368188511788,41.06456078581524,8.501000000000012,0.0,0.0,0.0
254.70602063310272,41.059250758265854,8.501000000000014,0.0,0.0,0.0
254.71846575090197,41.054405381387376,8.501000000000014,0.0,0.0,0.0
254.73101569232853,41.05001687895757,8.501000000000014,0.0,0.0,0.0
254.74366892720892,41.04607755018884,8.501000000000015,0.0,0.0,0.0
254.75642394112356,41.04257976929787,8.501000000000014,0.0,0.0,0.0
254.7692792351543,41.03951598507595,8.501000000000014,0.0,0.0,0.0
254.78223332563886,41.03687872046028,8.501000000000014,0.0,0.0,0.0
254.79528474393163,41.03466057210598,8.501000000000014,0.0,0.0,0.0
254.80843203617155,41.0328542099591,8.501000000000015,0.0,0.0,0.0
254.82167376305526,41.03145237683039,8.501000000000014,0.0,0.0,0.0
254.83500849961774,41.03044788796999,8.501000000000014,0.0,0.0,0.0
254.84843483501774,41.02983363064305,8.501000000000015,0.0,0.0,0.0
254.8619513723294,41.029602563706106,8.501000000000014,0.0,0.0,0.0
254.8755567283398,41.02974771718454,8.501000000000014,0.0,0.0,0.0
254.88924953335166,41.0302621918508,8.501000000000014,0.0,0.0,0.0
254.90302843099136,41.03113915880359,8.501000000000014,0.0,0.0,0.0
254.91689207802196,41.03237185904808,8.501000000000014,0.0,0.0,0.0
254.93083914416212,41.03395360307679,8.501000000000014,0.0,0.0,0.0
254.94486831190864,41.03587777045172,8.501000000000015,0.0,0.0,0.0
254.95897827636466,41.03813780938729,8.501000000000012,0.0,0.0,0.0
254.97316774507215,41.04072723633411,8.50100000000001,0.0,0.0,0.0
254.98743543784917,41.04363963556395,8.50100000000001,0.0,0.0,0.0
255.00178008663107,41.0468686587555,8.50100000000001,0.0,0.0,0.0
255.01620043531622,41.05040802458116,8.50100000000001,0.0,0.0,0.0
255.03069523961585,41.05425151829484,8.501000000000012,0.0,0.0,0.0
255.0452632669083,41.05839299132063,8.501000000000012,0.0,0.0,0.0
255.0599032960961,41.06282636084264,8.501000000000012,0.0,0.0,0.0
255.07461411746806,41.067545609395665,8.501000000000012,0.0,0.0,0.0
255.08939453256434,41.07254478445693,8.501000000000012,0.0,0.0,0.0
255.10424335404554,41.077817998038824,8.501000000000014,0.0,0.0,0.0
255.11915940556506,41.0833594262827,8.501000000000012,0.0,0.0,0.0
255.13414152164466,41.089163309053575,8.501000000000012,0.0,0.0,0.0
255.14918854755427,41.09522394953593,8.501000000000012,0.0,0.0,0.0
255.1642993391934,41.10153571383055,8.501000000000012,0.0,0.0,0.0
255.17947276297755,41.10809303055234,8.501000000000012,0.0,0.0,0.0
255.19470769572627,41.114890390429224,8.501000000000012,0.0,0.0,0.0
255.21000302455468,41.12192234590201,8.50100000000001,0.0,0.0,0.0
255.22535764676837,41.12918351072537,8.50100000000001,0.0,0.0,0.0
255.24077046975998,41.13666855956988,8.501000000000008,0.0,0.0,0.0
255.25624041090964,41.144372227625034,8.50100000000001,0.0,0.0,0.0
255.27176639748762,41.15228931020332,8.501000000000008,0.0,0.0,0.0
255.28734736655903,41.16041466234548,8.501000000000008,0.0,0.0,0.0
255.3029822648921,41.16874319842664,8.50100000000001,0.0,0.0,0.0
255.3186700488681,41.177269891763686,8.501000000000012,0.0,0.0,0.0
255.33440968439373,41.185989774223586,8.501000000000008,0.0,0.0,0.0
255.3502001468164,41.19489793583282,8.50100000000001,0.0,0.0,0.0
255.36604042084068,41.203989524387964,8.50100000000001,0.0,0.0,0.0
255.38192950044834,41.21325974506718,8.50100000000001,0.0,0.0,0.0
255.39786638881895,41.22270386004296,8.50100000000001,0.0,0.0,0.0
255.4138500982539,41.23231718809595,8.501000000000012,0.0,0.0,0.0
255.4298796501014,41.24209510422967,8.50100000000001,0.0,0.0,0.0
255.44595407468427,41.252033039286594,8.50100000000001,0.0,0.0,0.0
255.46207241122897,41.26212647956508,8.50100000000001,0.0,0.0,0.0
255.47823370779656,41.27237096643765,8.501000000000008,0.0,0.0,0.0
255.49443702121582,41.2827620959701,8.50100000000001,0.0,0.0,0.0
255.5106814170179,41.29329551854191,8.50100000000001,0.0,0.0,0.0
255.5269659693722,41.30396693846776,8.501000000000007,0.0,0.0,0.0
255.54328976102462,41.31477211361997,8.501000000000008,0.0,0.0,0.0
255.55965188323688,41.32570685505234,8.50100000000001,0.0,0.0,0.0
255.57605143572746,41.336767026624784,8.501000000000008,0.0,0.0,0.0
255.59248752661412,41.34794854462939,8.501000000000008,0.0,0.0,0.0
255.60895927235788,41.35924737741734,8.501000000000008,0.0,0.0,0.0
255.6254657977084,41.37065954502715,8.501000000000008,0.0,0.0,0.0
255.64200623565017,41.38218111881393,8.501000000000008,0.0,0.0,0.0
255.65857972735094,41.393808221079794,8.501000000000008,0.0,0.0,0.0
255.67518542211073,41.405537024705374,8.501000000000008,0.0,0.0,0.0
255.69182247731231,41.41736375278257,8.501000000000008,0.0,0.0,0.0
255.70849005837266,41.42928467824827,8.501000000000008,0.0,0.0,0.0
255.725187338696,41.4412961235194,8.501000000000008,0.0,0.0,0.0
255.74191349962734,41.453394460128905,8.501000000000008,0.0,0.0,0.0
255.75866773040792,41.46557610836301,8.501000000000008,0.0,0.0,0.0
255.7754492281304,41.47783753689969,8.501000000000007,0.0,0.0,0.0
255.79225719769647,41.490175262448034,8.501000000000008,0.0,0.0,0.0
255.80909085177456,41.50258584938901,8.501000000000008,0.0,0.0,0.0
255.82594941075857,41.51506590941724,8.501000000000007,0.0,0.0,0.0
255.8428321027277,41.52761210118399,8.501000000000005,0.0,0.0,0.0
255.85973816340717,41.540221129941266,8.501000000000005,0.0,0.0,0.0
255.87666683612957,41.552889747187095,8.501000000000007,0.0,0.0,0.0
255.8936173717969,41.56561475031196,8.501000000000007,0.0,0.0,0.0
255.91058902884373,41.57839298224639,8.501000000000007,0.0,0.0,0.0
255.927581073201,41.59122133110972,8.501000000000005,0.0,0.0,0.0
255.94459277826036,41.60409672985998,8.501000000000005,0.0,0.0,0.0
255.9616234248393,41.617016155944995,8.501000000000007,0.0,0.0,0.0
255.97867230114682,41.629976630954616,8.501000000000005,0.0,0.0,0.0
255.99573870274992,41.64297522027415,8.501000000000007,0.0,0.0,0.0
256.0128219325409,41.65600903273889,8.501000000000007,0.0,0.0,0.0
256.02992130070413,41.66907522028994,8.501000000000007,0.0,0.0,0.0
256.04703612468484,41.68217097763107,8.501000000000005,0.0,0.0,0.0
256.0641657291577,41.69529354188688,8.501000000000007,0.0,0.0,0.0
256.0813094459954,41.70844019226202,8.501000000000007,0.0,0.0,0.0
256.09846661423865,41.72160824970163,8.501000000000007,0.0,0.0,0.0
256.11563658006634,41.734795076553034,8.501000000000005,0.0,0.0,0.0
256.1328186967658,41.747998076228484,8.501000000000007,0.0,0.0,0.0
256.1500123247034,41.761214692869196,8.501000000000007,0.0,0.0,0.0
256.16721683129634,41.77444241101048,8.501000000000007,0.0,0.0,0.0
256.1844315909837,41.78767875524815,8.501000000000007,0.0,0.0,0.0
256.2016559851986,41.800921289906015,8.501000000000007,0.0,0.0,0.0
256.21888940234066,41.81416761870459,8.501000000000007,0.0,0.0,0.0
256.23613123774817,41.82741538443112,8.501000000000005,0.0,0.0,0.0
256.25338089367114,41.840662268610615,8.501000000000005,0.0,0.0,0.0
256.27063777924434,41.85390599117807,8.501000000000005,0.0,0.0,0.0
256.2879013104604,41.86714431015212,8.501000000000005,0.0,0.0,0.0
256.3051709101438,41.88037502130961,8.501000000000005,0.0,0.0,0.0
256.32244600792393,41.8935959578615,8.501000000000005,0.0,0.0,0.0
256.33972604020977,41.90680499012992,8.501000000000005,0.0,0.0,0.0
256.3570104501633,41.920000025226486,8.501000000000005,0.0,0.0,0.0
256.3742986876741,41.933179006731734,8.501000000000003,0.0,0.0,0.0
256.39159020933397,41.946339914375756,8.501000000000005,0.0,0.0,0.0
256.4088844784107,41.95948076372016,8.501000000000005,0.0,0.0,0.0
256.4261809648232,41.97259960584103,8.501000000000003,0.0,0.0,0.0
256.443479145116,41.98569452701326,8.501000000000005,0.0,0.0,0.0
256.46077850243427,41.998763648396015,8.501000000000005,0.0,0.0,0.0
256.47807852649805,42.0118051257194,8.501000000000005,0.0,0.0,0.0
256.4953787135778,42.024817148972346,8.501000000000005,0.0,0.0,0.0
256.51267856646865,42.03779794209172,8.501000000000005,0.0,0.0,0.0
256.52997759446606,42.05074576265254,8.501000000000005,0.0,0.0,0.0
256.54727531333987,42.06365890155961,8.501000000000005,0.0,0.0,0.0
256.56457124530993,42.0765356827401,8.501000000000003,0.0,0.0,0.0
256.5818649190205,42.08937446283756,8.501000000000005,0.0,0.0,0.0
256.5991558695156,42.102173630907046,8.501000000000005,0.0,0.0,0.0
256.6164436382132,42.11493160811138,8.501000000000005,0.0,0.0,0.0
256.63372777288055,42.12764684741882,8.501000000000003,0.0,0.0,0.0
256.6510078276089,42.14031783330173,8.501000000000005,0.0,0.0,0.0
256.66828336278763,42.15294308143663,8.501000000000005,0.0,0.0,0.0
256.68555394507905,42.16552113840543,8.501000000000005,0.0,0.0,0.0
256.70281914739314,42.1780505813977,8.501000000000005,0.0,0.0,0.0
256.72007854886164,42.19053001791446,8.501000000000007,0.0,0.0,0.0
256.7373317348122,42.20295808547293,8.501000000000003,0.0,0.0,0.0
256.7545782967426,42.21533345131262,8.501000000000003,0.0,0.0,0.0
256.7718178322952,42.22765481210263,8.501000000000003,0.0,0.0,0.0
256.78904994523003,42.239920893650144,8.501000000000003,0.0,0.0,0.0
256.8062742453989,42.25213045061013,8.501000000000003,0.0,0.0,0.0
256.8234903487192,42.264282266196325,8.501000000000001,0.0,0.0,0.0
256.84069787714674,42.27637515189335,8.501000000000003,0.0,0.0,0.0
256.8578964586496,42.28840794717012,8.501000000000003,0.0,0.0,0.0
256.8750857271807,42.30037951919449,8.501000000000003,0.0,0.0,0.0
256.8922653226511,42.31228876254902,8.501000000000003,0.0,0.0,0.0
256.9094348909025,42.324134598948,8.501000000000003,0.0,0.0,0.0
256.92659408367973,42.335915976955846,8.501000000000003,0.0,0.0,0.0
256.9437425586032,42.34763187170651,8.501000000000003,0.0,0.0,0.0
256.9608799791409,42.35928128462423,8.501000000000003,0.0,0.0,0.0
256.97800601458033,42.37086324314546,8.501000000000003,0.0,0.0,0.0
256.9951203400005,42.38237680044205,8.501000000000005,0.0,0.0,0.0
257.01222263624277,42.39382103514573,8.501000000000003,0.0,0.0,0.0
257.02931258988315,42.40519505107354,8.501000000000003,0.0,0.0,0.0
257.0463898932021,42.416497976954936,8.501000000000003,0.0,0.0,0.0
257.06345424415645,42.42772896615967,8.501000000000001,0.0,0.0,0.0
257.0805053463493,42.438887196427196,8.501000000000003,0.0,0.0,0.0
257.0975429090007,42.44997186959718,8.501000000000003,0.0,0.0,0.0
257.11456664691764,42.46098221134126,8.501000000000001,0.0,0.0,0.0
257.131576280464,42.471917470896074,8.501000000000003,0.0,0.0,0.0
257.1485715355303,42.482776920797434,8.501000000000001,0.0,0.0,0.0
257.16555214350285,42.49355985661579,8.501000000000003,0.0,0.0,0.0
257.18251784123316,42.50426559669293,8.501000000000001,0.0,0.0,0.0
257.1994683710065,42.514893481879895,8.501000000000003,0.0,0.0,0.0
257.216403480511,42.52544287527609,8.501000000000003,0.0,0.0,0.0
257.2333229228057,42.535913161969646,8.501000000000001,0.0,0.0,0.0
257.25022645628906,42.54630374877907,8.501000000000003,0.0,0.0,0.0
257.2671138446662,42.55661406399603,8.501000000000003,0.0,0.0,0.0
257.2839848569175,42.566843557129424,8.501000000000003,0.0,0.0,0.0
257.3008392672653,42.57699169865071,8.501000000000003,0.0,0.0,0.0
257.3176768551409,42.58705797974034,8.501000000000003,0.0,0.0,0.0
257.33449740515226,42.59704191203563,8.501000000000001,0.0,0.0,0.0
257.3513007070498,42.60694302737966,8.501000000000003,0.0,0.0,0.0
257.3680865556932,42.61676087757151,8.501000000000003,0.0,0.0,0.0
257.38485475101754,42.62649503411771,8.501000000000003,0.0,0.0,0.0
257.40160509799875,42.63614508798497,8.501000000000003,0.0,0.0,0.0
257.41833740661997,42.64571064935395,8.501000000000003,0.0,0.0,0.0
257.4350514918361,42.65519134737457,8.501000000000003,0.0,0.0,0.0
257.45174717353933,42.66458682992228,8.501000000000003,0.0,0.0,0.0
257.4684242765241,42.67389676335568,8.501000000000003,0.0,0.0,0.0
257.4850826304514,42.6831208322754,8.501000000000003,0.0,0.0,0.0
257.50172206981335,42.69225873928411,8.501000000000003,0.0,0.0,0.0
257.5183424338971,42.70131020474784,8.501000000000001,0.0,0.0,0.0
257.53494356674923,42.71027496655853,8.501000000000003,0.0,0.0,0.0
257.5515253171387,42.719152779897776,8.501000000000003,0.0,0.0,0.0
257.56808753852056,42.72794341700184,8.501000000000003,0.0,0.0,0.0
257.58463008899923,42.73664666692784,8.501,0.0,0.0,0.0
257.60115283129124,42.74526233532126,8.501000000000003,0.0,0.0,0.0
257.61765563268784,42.75379024418454,8.501000000000001,0.0,0.0,0.0
257.63413836501775,42.76223023164717,8.501000000000003,0.0,0.0,0.0
257.65060090460906,42.77058215173666,8.501000000000001,0.0,0.0,0.0
257.6670431322517,42.77884587415097,8.501000000000001,0.0,0.0,0.0
257.6834649331587,42.78702128403221,8.501000000000001,0.0,0.0,0.0
257.6998661969279,42.79510828174139,8.501,0.0,0.0,0.0
257.7162468175036,42.80310678263453,8.501,0.0,0.0,0.0
257.73260669313737,42.81101671683994,8.501000000000001,0.0,0.0,0.0
257.7489457263492,42.81883802903678,8.501,0.0,0.0,0.0
257.7652638238879,42.82657067823482,8.501000000000003,0.0,0.0,0.0
257.78156089669227,42.8342146375554,8.501000000000001,0.0,0.0,0.0
257.79783685985075,42.84176989401369,8.501000000000001,0.0,0.0,0.0
257.81409163256177,42.84923644830212,8.501000000000001,0.0,0.0,0.0
257.830325138094,42.856614314575104,8.501000000000001,0.0,0.0,0.0
257.8465373037457,42.86390352023488,8.501000000000001,0.0,0.0,0.0
257.86272806080467,42.8711041057187,8.501,0.0,0.0,0.0
257.87889734450727,42.878216124287185,8.501,0.0,0.0,0.0
257.8950450939979,42.88523964181393,8.501000000000003,0.0,0.0,0.0
257.9111712522883,42.892174736576266,8.501000000000001,0.0,0.0,0.0
257.9272757662157,42.89902149904743,8.501000000000001,0.0,0.0,0.0
257.9433585864025,42.90578003168972,8.501000000000001,0.0,0.0,0.0
257.95941966721415,42.91245044874909,8.501000000000001,0.0,0.0,0.0
257.9754589667179,42.91903287605082,8.501000000000001,0.0,0.0,0.0
257.991476446641,42.92552745079652,8.501000000000003,0.0,0.0,0.0
258.0074720723288,42.9319343213623,8.501000000000003,0.0,0.0,0.0
258.02344581270324,42.93825364709814,8.501000000000001,0.0,0.0,0.0
258.03939764022,42.944485598128615,8.501000000000001,0.0,0.0,0.0
258.05532753082656,42.95063035515468,8.501000000000001,0.0,0.0,0.0
258.0712354639201,42.95668810925677,8.501000000000001,0.0,0.0,0.0
258.08712142230473,42.96265906169915,8.501,0.0,0.0,0.0
258.102985392149,42.968543423735404,8.501000000000001,0.0,0.0,0.0
258.1188273629429,42.97434141641522,8.501000000000001,0.0,0.0,0.0
258.1346473274558,42.9800532703924,8.501000000000001,0.0,0.0,0.0
258.15044528169295,42.98567922573397,8.501,0.0,0.0,0.0
258.1662212248524,42.99121953173071,8.501000000000003,0.0,0.0,0.0
258.1819751592824,42.996674446708745,8.501000000000001,0.0,0.0,0.0
258.19770709043803,43.0020442378425,8.500999999999998,0.0,0.0,0.0
