galstreams/tracks/track.st.Leiptr.ibata2020.ecsv
# %ECSV 0.9
# ---
# datatype:
# - {name: ra, unit: deg, datatype: float64}
# - {name: dec, unit: deg, datatype: float64}
# - {name: distance, unit: kpc, datatype: float64}
# - {name: pm_ra_cosdec, unit: mas / yr, datatype: float64}
# - {name: pm_dec, unit: mas / yr, datatype: float64}
# - {name: radial_velocity, unit: km / s, datatype: float64}
# delimiter: ','
# meta: !!omap
# - __serialized_columns__:
#     dec:
#       __class__: astropy.coordinates.angles.Latitude
#       unit: &id001 !astropy.units.Unit {unit: deg}
#       value: !astropy.table.SerializedColumn {name: dec}
#     distance:
#       __class__: astropy.coordinates.distances.Distance
#       unit: !astropy.units.Unit {unit: kpc}
#       value: !astropy.table.SerializedColumn {name: distance}
#     pm_dec:
#       __class__: astropy.units.quantity.Quantity
#       unit: !astropy.units.Unit {unit: mas / yr}
#       value: !astropy.table.SerializedColumn {name: pm_dec}
#     pm_ra_cosdec:
#       __class__: astropy.units.quantity.Quantity
#       unit: !astropy.units.Unit {unit: mas / yr}
#       value: !astropy.table.SerializedColumn {name: pm_ra_cosdec}
#     ra:
#       __class__: astropy.coordinates.angles.Longitude
#       unit: *id001
#       value: !astropy.table.SerializedColumn {name: ra}
#       wrap_angle: !astropy.coordinates.Angle
#         unit: *id001
#         value: 360.0
#     radial_velocity:
#       __class__: astropy.units.quantity.Quantity
#       unit: !astropy.units.Unit {unit: km / s}
#       value: !astropy.table.SerializedColumn {name: radial_velocity}
# schema: astropy-2.0
ra,dec,distance,pm_ra_cosdec,pm_dec,radial_velocity
[from data line 138]
93.61888972582351,-31.55995272211786,6.929028085874296,10.233430184535296,-9.042207484193398,8.420767129872338e-14
93.92919210809605,-31.79499208010443,6.923402983639615,10.223969139737807,-8.988027174430343,1.6841534259744676e-14
94.24089184589512,-32.02945863194817,6.917596341031499,10.214004492093599,-8.933111472781476,-3.368306851948935e-14
94.5540061680192,-32.263343527007194,6.9116015931784975,10.203530520315226,-8.877464369426395,-8.420767129872338e-14
94.86855239251685,-32.49663781459858,6.905412175209161,10.192541393159807,-8.821089970685907,0.0
95.18454792508805,-32.729332442623715,6.899021522252045,10.181031168843932,-8.763992502031146,-1.6841534259744676e-14
95.50201025735363,-32.96141825619427,6.892423069435697,10.168993794485354,-8.70617631116765,-8.420767129872338e-14
95.82095696498772,-33.19288599625925,6.885610251888669,10.156423105573706,-8.647645871195145,0.0
96.1414057057084,-33.42372629823431,6.878576504739514,10.143312825472746,-8.58840578384401,-5.0524602779234026e-14
96.46337421712131,-33.653929690634214,6.871315263116781,10.12965656495675,-8.52846078278918,0.0
96.786880314411,-33.88348659370929,6.863819962149023,10.115447821783556,-8.467815737042224,0.0
97.11194188787431,-34.11238731808723,6.856084036964793,10.10067998030718,-8.40647565442232,1.6841534259744676e-14
97.43857690029091,-34.34062206342099,6.848100922692641,10.085346311132877,-8.344445685106795,3.368306851948935e-14
97.7668033841245,-34.56818091704421,6.839864054461116,10.069439970817552,-8.281731125261757,1.6841534259744676e-14
98.09663943854962,-34.79505385263527,6.831366867398772,10.052954001618767,-8.218337420753333,-1.0104920555846805e-13
98.4281032262979,-35.02123072889131,6.822602796634163,10.035881331295512,-8.154270170939945,5.0524602779234026e-14
98.76121297031757,-35.246701288213394,6.813565277295833,10.018214772964138,-8.089535132545976,5.0524602779234026e-14
99.09598695024052,-35.47145515540448,6.804247744512339,9.99994702501291,-8.024138223617015,3.368306851948935e-14
99.43244349865034,-35.695481836381454,6.7946436334122335,9.981070671078886,-7.958085527556905,0.0
99.77060099714524,-35.918770716902884,6.784746379124061,9.961578180090756,-7.891383297246556,-1.6841534259744676e-14
100.11047787218918,-36.141311061314,6.77454941677638,9.941461906381601,-7.824037959244478,-5.0524602779234026e-14
100.45209259074504,-36.36309201131064,6.764046181497739,9.92071408987557,-7.756056118068851,1.6841534259744676e-14
100.79546365568281,-36.58410258472396,6.753230108416688,9.899326856352612,-7.687444560560732,3.368306851948935e-14
101.14060960095637,-36.80433167432755,6.742094632661781,9.87729221779556,-7.618210260328039,8.420767129872338e-14
101.48754898654202,-37.02376804666915,6.73063318936157,9.85460207282397,-7.5483603822695,-1.6841534259744676e-14
101.83630039313185,-37.242400340928576,6.718839213644605,9.831248207219305,-7.477902287177998,-1.6841534259744676e-14
102.18688241657507,-37.460217067804294,6.706706140639436,9.807222294546097,-7.406843536422158,-1.6841534259744676e-14
102.53931366206035,-37.67720660843049,6.6942274054746145,9.782515896874008,-7.335191896705131,-3.368306851948935e-14
102.89361273803205,-37.893357213326915,6.681396443278693,9.757120465605643,-7.26295534489924,-1.6841534259744676e-14
103.24979824983357,-38.108657001384174,6.6682066891802245,9.731027342415334,-7.19014207295489,3.368306851948935e-14
103.60788879307032,-38.32309395888614,6.654651578307758,9.704227760304068,-7.116760492882047,-1.0104920555846805e-13
103.96790294668563,-38.53665593857276,6.640724545789846,9.6767128447759,-7.042819241802245,-1.6841534259744676e-14
104.32985926574231,-38.749330658745244,6.626419026755039,9.648473615141423,-6.968327187068927,1.6841534259744676e-14
104.69377627390287,-38.96110570241667,6.61172845633189,9.619500985953872,-6.893293431453628,0.0
105.05967245560124,-39.1719685165105,6.596646269648949,9.589785768583608,-6.817727318395261,1.6841534259744676e-14
105.42756624789945,-39.38190641111022,6.581165901834767,9.559318672936884,-6.74163843730943,-3.368306851948935e-14
105.7974760320216,-39.59090655876252,6.565280788017898,9.5280903093248,-6.665036628954526,5.0524602779234026e-14
106.16942012455927,-39.798955993837595,6.54898436332689,9.496091190488636,-6.587931990850908,1.6841534259744676e-14
106.54341676834066,-40.0060416119495,6.532270062890297,9.463311733787668,-6.510334882749222,1.6841534259744676e-14
106.91948412295775,-40.2121501694396,6.5151313218366695,9.429742263555779,-6.43225593214362,-3.368306851948935e-14
107.29764025494458,-40.4172682829268,6.497561575294558,9.395373013633238,-6.353706039825141,-3.368306851948935e-14
107.6779031276003,-40.62138242892778,6.479554258392515,9.360194130080076,-6.274696385470351,-8.420767129872338e-14
108.06029059045153,-40.82447894355081,6.46110280625909,9.3241956740776,-6.195238433259756,-5.0524602779234026e-14
108.44482036834745,-41.026544022266776,6.442200654022838,9.287367625024558,-6.115343937520262,3.368306851948935e-14
108.83151005018277,-41.22756371976112,6.422841236812308,9.249699883834621,-6.03502494838545,-3.368306851948935e-14
109.22037707724287,-41.42752394987066,6.4030179897560515,9.211182276441773,-5.954293817467047,5.0524602779234026e-14
109.61143873116619,-41.62641048560888,6.382724347982619,9.171804557520286,-5.873163203530557,0.0
110.00471212151965,-41.8242089592841,6.361953746620563,9.131556414425912,-5.7916460781674495,-1.6841534259744676e-14
110.40021417298233,-42.02090486271428,6.340699620798437,9.090427471364949,-5.709755731456026,0.0
110.79796161213422,-42.2164835475429,6.318955405644789,9.048407293797714,-5.627505777602368,-1.6841534259744676e-14
111.1979709538462,-42.41093022565994,6.296714536288172,9.005485393083056,-5.544910160552503,5.0524602779234026e-14
111.6002584872688,-42.604229969732536,6.273970447857138,8.96165123137025,-5.46198315956624,-6.73661370389787e-14
112.0048402614174,-42.796367713849726,6.2507165754802365,8.916894226744745,-5.378739394742656,-5.0524602779234026e-14
112.41173207035192,-42.98732825428547,6.226946354286022,8.87120375863386,-5.295193832486762,1.6841534259744676e-14
112.82094943795032,-43.177096250385084,6.20265321940304,8.824569173478642,-5.211361790906193,-3.368306851948935e-14
113.23250760227522,-43.36565622557908,6.177830605959848,8.776979790677697,-5.127258945126355,1.6841534259744676e-14
113.64642149953417,-43.552992568529774,6.152471949084996,8.72842490880868,-5.042901332511731,-6.73661370389787e-14
114.06270574763448,-43.73908953441488,6.126570683907034,8.678893812132994,-4.9583053577806755,-6.73661370389787e-14
114.4813746293347,-43.923931246353135,6.100120245554513,8.628375777388705,-4.8734877980003,-1.6841534259744676e-14
114.90244207499528,-44.107501696976776,6.073114069155986,8.576860080876699,-4.788465807447494,-3.368306851948935e-14
115.32592164493245,-44.28978475015578,6.045545589840003,8.524336005844601,-4.703256922321653,-1.6841534259744676e-14
115.75182651137945,-44.47076414287865,6.017408242735117,8.47079285017248,-4.617879065293923,-2.5262301389617013e-14
