galstreams/tracks/track.st.LMS-1.yuan2020.ecsv
# %ECSV 0.9
# ---
# datatype:
# - {name: ra, unit: deg, datatype: float64}
# - {name: dec, unit: deg, datatype: float64}
# - {name: distance, unit: kpc, datatype: float64}
# - {name: pm_ra_cosdec, unit: mas / yr, datatype: float64}
# - {name: pm_dec, unit: mas / yr, datatype: float64}
# - {name: radial_velocity, unit: km / s, datatype: float64}
# delimiter: ','
# meta: !!omap
# - __serialized_columns__:
#     dec:
#       __class__: astropy.coordinates.angles.Latitude
#       unit: &id001 !astropy.units.Unit {unit: deg}
#       value: !astropy.table.SerializedColumn {name: dec}
#     distance:
#       __class__: astropy.coordinates.distances.Distance
#       unit: !astropy.units.Unit {unit: kpc}
#       value: !astropy.table.SerializedColumn {name: distance}
#     pm_dec:
#       __class__: astropy.units.quantity.Quantity
#       unit: !astropy.units.Unit {unit: mas / yr}
#       value: !astropy.table.SerializedColumn {name: pm_dec}
#     pm_ra_cosdec:
#       __class__: astropy.units.quantity.Quantity
#       unit: !astropy.units.Unit {unit: mas / yr}
#       value: !astropy.table.SerializedColumn {name: pm_ra_cosdec}
#     ra:
#       __class__: astropy.coordinates.angles.Longitude
#       unit: *id001
#       value: !astropy.table.SerializedColumn {name: ra}
#       wrap_angle: !astropy.coordinates.Angle
#         unit: *id001
#         value: 360.0
#     radial_velocity:
#       __class__: astropy.units.quantity.Quantity
#       unit: !astropy.units.Unit {unit: km / s}
#       value: !astropy.table.SerializedColumn {name: radial_velocity}
# schema: astropy-2.0
ra,dec,distance,pm_ra_cosdec,pm_dec,radial_velocity
[from data line 978]
157.70669861525002,-2.358659223966065,15.421948472711387,0.7455304564545853,-0.882393420491007,189.47297816643402
157.71854813157722,-2.359023339353378,15.421722752288408,0.7450805907034624,-0.8821512038728674,189.48404087993984
157.7303958377033,-2.359383904277649,15.421497982759602,0.7446307902681331,-0.8819094418278092,189.49507273275276
157.74224173389788,-2.359740920155869,15.421274163529983,0.7441810552208843,-0.881668134069284,189.5060737370549
157.75408582043121,-2.3600943884045944,15.421051294004751,0.7437313856339274,-0.8814272803108133,189.51704390502505
157.76592809757364,-2.3604443104401023,15.420829373589298,0.7432817815793925,-0.8811868802659987,189.52798324883904
157.77776856559606,-2.3607906876782425,15.420608401689181,0.7428322431293344,-0.8809469336485132,189.53889178066967
157.7896072247699,-2.361133521534489,15.420388377710168,0.7423827703557233,-0.8807074401721058,189.54976951268654
157.80144407536676,-2.361472813424012,15.420169301058193,0.7419333633304551,-0.8804683995506009,189.56061645705603
157.81327911765882,-2.361808564761583,15.419951171139388,0.7414840221253437,-0.880229811497895,189.5714326259417
157.82511235191862,-2.3621407769615383,15.41973398736006,0.7410347468121287,-0.879991675727964,189.58221803150374
157.83694377841897,-2.362469451437989,15.419517749126705,0.7405855374624666,-0.8797539919548565,189.59297268589933
157.84877339743332,-2.3627945896045777,15.419302455846003,0.7401363941479357,-0.8795167598926962,189.60369660128273
157.86060120923543,-2.3631161928745756,15.419088106924818,0.7396873169400366,-0.8792799792556808,189.61438978980468
157.8724272140993,-2.3634342626609706,15.418874701770202,0.739238305910193,-0.8790436497580857,189.62505226361338
157.88425141229953,-2.3637488003763276,15.418662239789388,0.7387893611297472,-0.8788077711142592,189.6356840348533
157.8960738041112,-2.364059807432814,15.418450720389803,0.7383404826699614,-0.8785723430386254,189.64628511566647
157.90789438980946,-2.364367285242317,15.418240142979041,0.7378916706020262,-0.8783373652456841,189.65685551819118
157.9197131696702,-2.3646712352162838,15.418030506964904,0.7374429249970467,-0.8781028374500099,189.66739525456322
157.93153014396947,-2.3649716587658447,15.417821811755354,0.7369942459260528,-0.8778687593662531,189.67790433691476
157.94334531298395,-2.3652685573017136,15.417614056758548,0.736545633459994,-0.8776351307091388,189.68838277737515
157.95515867699058,-2.365561932234279,15.417407241382843,0.7360970876697446,-0.8774019511934653,189.69883058807062
157.9669702362666,-2.365851784973586,15.41720136503676,0.7356486086260979,-0.8771692205341122,189.70924778112436
157.97877999108994,-2.366138116929241,15.41699642712901,0.7352001963997694,-0.8769369384460282,189.71963436865627
157.9905879417387,-2.3664209295105207,15.416792427068492,0.734751851061397,-0.8767051046442401,189.72999036278324
158.00239408849143,-2.3667002241264004,15.416589364264283,0.7343035726815411,-0.8764737188438497,189.74031577561922
158.0141984316271,-2.3669760021853805,15.416387238125658,0.7338553613306821,-0.876242780760035,189.75061061927494
158.02600097142516,-2.3672482650956312,15.416186048062062,0.7334072170792238,-0.8760122901080489,189.7608749058579
158.0378017081653,-2.3675170142650397,15.415985793483133,0.7329591399974882,-0.8757822466032192,189.77110864747257
158.0496006421277,-2.367782251101014,15.415786473798688,0.7325111301557274,-0.8755526499609504,189.78131185622064
158.06139777359303,-2.3680439770106223,15.415588088418733,0.7320631876241064,-0.8753234998967219,189.79148454420033
158.07319310284217,-2.368302193400655,15.415390636753456,0.731615312472717,-0.8750947961260893,189.80162672350687
158.08498663015652,-2.3685569016774246,15.41519411821323,0.731167504771574,-0.874866538364682,189.8117384062324
158.09677835581792,-2.3688081032469155,15.414998532208617,0.7307197645906114,-0.8746387263282063,189.821819604466
158.10856828010844,-2.3690557995148023,15.41480387815035,0.7302720919996861,-0.8744113597324461,189.83187033029378
158.12035640331075,-2.369299991886317,15.414610155449362,0.7298244870685784,-0.8741844382932576,189.84189059579847
158.13214272570778,-2.3695406817663662,15.414417363516765,0.7293769498669899,-0.8739579617265747,189.85188041305997
158.14392724758292,-2.369777870559476,15.414225501763847,0.7289294804645456,-0.8737319297484061,189.86183979415486
158.15570996922,-2.3700115596697993,15.414034569602093,0.7284820789307911,-0.8735063420748373,189.87176875115688
158.1674908909031,-2.370241750501193,15.41384456644316,0.7280347453351947,-0.8732811984220284,189.8816672961365
158.17927001291687,-2.370468444457058,15.413655491698899,0.7275874797471489,-0.8730564985062175,189.8915354411612
158.19104733554627,-2.3706916429404328,15.413467344781346,0.7271402822359668,-0.872832242043716,189.90137319829518
158.2028228590766,-2.370911347354104,15.413280125102707,0.7266931528708849,-0.8726084287509119,189.91118057959986
158.21459658379374,-2.3711275591003687,15.413093832075388,0.7262460917210607,-0.8723850583442717,189.9209575971334
158.2263685099838,-2.3713402795811884,15.41290846511197,0.7257990988555769,-0.8721621305403335,189.93070426295083
158.23813863793333,-2.371549510198239,15.412724023625225,0.7253521743434365,-0.8719396450557142,189.94042058910406
158.24990696792932,-2.3717552523527243,15.412540507028103,0.7249053182535672,-0.8717176016071065,189.95010658764218
158.26167350025915,-2.371957507445505,15.41235791473374,0.7244585306548179,-0.8714959999112787,189.95976227061087
158.27343823521048,-2.37215627687717,15.412176246155452,0.7240118116159604,-0.8712748396850752,189.9693876500529
158.28520117307156,-2.3723515620478355,15.411995500706754,0.7235651612056881,-0.8710541206454167,189.97898273800797
158.2969623141309,-2.3725433643572935,15.411815677801323,0.7231185794926211,-0.870833842509299,189.9885475465126
158.30872165867754,-2.372731685204949,15.411636776853035,0.7226720665452971,-0.8706140049937947,189.99808208760035
158.32047920700066,-2.372916525989907,15.411458797275944,0.7222256224321818,-0.8703946078160549,190.00758637330142
158.3322349593901,-2.37309788811084,15.411281738484295,0.7217792472216613,-0.8701756506933029,190.01706041564333
158.343988916136,-2.373275772966087,15.411105599892508,0.7213329409820436,-0.8699571333428402,190.02650422665025
158.35574107752888,-2.3734501819535794,15.410930380915188,0.7208867037815636,-0.8697390554820454,190.03591781834322
158.36749144385965,-2.3736211164709764,15.41075608096713,0.7204405356883736,-0.8695214168283711,190.04530120274055
158.3792400154196,-2.37378857791551,15.410582699463308,0.7199944367705527,-0.869304217099349,190.05465439185693
158.3909867925006,-2.3739525676839954,15.410410235818878,0.7195484070961029,-0.8690874560125855,190.06397739770443
158.40273177539453,-2.3741130871730167,15.410238689449189,0.719102446732952,-0.8688711332857632,190.07327023229172
158.41447496439406,-2.3742701377786886,15.41006805976976,0.7186565557489442,-0.8686552486366408,190.08253290762477
158.42621635979208,-2.37442372089676,15.409898346196305,0.7182107342118531,-0.8684398017830559,190.0917654357061
158.4379559618818,-2.3745738379227124,15.409729548144714,0.7177649821893715,-0.8682247924429186,190.10096782853523
158.44969377095697,-2.374720490251579,15.409561665031069,0.7173192997491208,-0.8680102203342195,190.1101400981089
158.46142978731172,-2.3748636792779982,15.409394696271628,0.7168736869586395,-0.8677960851750222,190.11928225642018
158.4731640112404,-2.375003406396359,15.409228641282832,0.7164281438853939,-0.8675823866834705,190.12839431545962
158.48489644303797,-2.3751396730006102,15.409063499481318,0.7159826705967722,-0.8673691245777813,190.1374762872144
158.49662708299965,-2.375272480484326,15.408899270283888,0.7155372671600871,-0.8671562985762499,190.14652818366883
158.50835593142114,-2.375401830240759,15.408735953107543,0.7150919336425732,-0.8669439083972486,190.15555001680397
158.52008298859855,-2.375527723662743,15.408573547369459,0.7146466701113883,-0.8667319537592235,190.16454179859775
158.53180825482815,-2.3756501621428323,15.408412052486996,0.7142014766336193,-0.8665204343807014,190.1735035410252
158.54353173040684,-2.3757691470731506,15.408251467877704,0.7137563532762705,-0.8663093499802837,190.18243525605817
158.55525341563194,-2.3758846798454374,15.408091792959306,0.7133113001062711,-0.8660987002766474,190.19133695566552
158.56697331080096,-2.3759967618511664,15.407933027149717,0.7128663171904779,-0.8658884849885491,190.20020865181286
158.5786914162119,-2.376105394481372,15.407775169867032,0.7124214045956665,-0.8656787038348196,190.20905035646302
158.5904077321633,-2.3762105791266945,15.407618220529532,0.7119765623885403,-0.8654693565343679,190.2178620815753
158.60212225895378,-2.3763123171775082,15.407462178555676,0.7115317906357244,-0.8652604428061799,190.22664383910652
158.61383499688262,-2.3764106100237674,15.407307043364113,0.7110870894037685,-0.8650519623693171,190.23539564100992
158.6255459462494,-2.3765054590550183,15.407152814373669,0.7106424587591464,-0.8648439149429188,190.24411749923584
158.637255107354,-2.376596865660563,15.406999491003354,0.710197898768256,-0.8646363002462015,190.25280942573167
158.64896248049686,-2.3766848312292272,15.40684707267237,0.7097534094974192,-0.8644291179984582,190.26147143244154
158.6606680659787,-2.376769357149505,15.406695558800084,0.7093089910128807,-0.864222367919058,190.27010353130657
158.67237186410065,-2.376850444809581,15.406544948806065,0.7088646433808146,-0.8640160497274487,190.27870573426495
158.6840738751642,-2.376928095597205,15.406395242110062,0.7084203666673118,-0.8638101631431545,190.28727805325147
158.69577409947127,-2.3770023108997895,15.406246438131992,0.7079761609383921,-0.8636047078857756,190.2958205001983
158.7074725373242,-2.3770730921044017,15.406098536291974,0.7075320262599971,-0.8633996836749914,190.30433308703414
158.71916918902576,-2.3771404405976875,15.405951536010297,0.7070879626979959,-0.8631950902305555,190.31281582568482
158.73086405487885,-2.377204357766027,15.405805436707437,0.7066439703181808,-0.8629909272723011,190.3212687280729
158.74255713518707,-2.3772648449953544,15.405660237804058,0.7062000491862647,-0.8627871945201377,190.32969180611826
158.75424843025425,-2.3773219036712385,15.405515938721003,0.705756199367893,-0.862583891694052,190.33808507173745
158.76593794038456,-2.377375535178974,15.405372538879298,0.7053124209286273,-0.8623810185141069,190.34644853684387
158.77762566588274,-2.3774257409034005,15.405230037700147,0.7048687139339582,-0.8621785747004447,190.35478221334796
158.78931160705378,-2.377472522229007,15.405088434604947,0.7044250784492996,-0.8619765599732829,190.3630861131572
158.80099576420307,-2.3775158805399994,15.404947729015264,0.703981514539992,-0.8617749740529174,190.37136024817585
158.8126781376364,-2.377555817220107,15.404807920352866,0.7035380222712977,-0.861573816659721,190.379604630305
158.82435872765998,-2.3775923336527476,15.404669008039688,0.7030946017084064,-0.8613730875141433,190.38781927144313
158.83603753458036,-2.3776254312210208,15.404530991497854,0.7026512529164309,-0.8611727863367127,190.39600418348508
158.8477145587045,-2.377655111307593,15.40439387014967,0.7022079759604084,-0.8609729128480343,190.40415937832307
158.85938980033976,-2.3776813752947836,15.404257643417626,0.7017647709053034,-0.8607734667687893,190.41228486784587
158.87106325979383,-2.377704224564598,15.404122310724388,0.7013216378160015,-0.8605744478197385,190.42038066393965
158.88273493737486,-2.3777236604986203,15.403987871492818,0.7008785767573186,-0.8603758557217184,190.42844677848714
158.89440483339135,-2.3777396844780876,15.403854325145947,0.7004355877939895,-0.8601776901956446,190.4364832233681
158.90607294815217,-2.3777522978838856,15.403721671106991,0.6999926709906785,-0.8599799509625087,190.4444900104593
158.91773928196665,-2.377761502096509,15.403589908799363,0.6995498264119742,-0.8597826377433799,190.45246715163435
158.92940383514437,-2.3777672984961713,15.40345903764664,0.6991070541223887,-0.8595857502594063,190.46041465876397
158.94106660799542,-2.3777696884626347,15.403329057072595,0.6986643541863582,-0.859389288231812,190.46833254371552
158.95272760083023,-2.3777686733752845,15.40319996650117,0.6982217266682516,-0.859193251381901,190.47622081835365
158.96438681395955,-2.377764254613269,15.403071765356506,0.6977791716323521,-0.8589976394310521,190.48407949453974
158.9760442476946,-2.377756433555251,15.402944453062908,0.6973366891428773,-0.8588024521007235,190.4919085841321
158.98769990234706,-2.377745211579545,15.402818029044886,0.6968942792639643,-0.8586076891124501,190.4997080989859
158.99935377822874,-2.377730590064215,15.402692492727098,0.6964519420596809,-0.8584133501878456,190.50747805095355
159.01100587565207,-2.3777125703868074,15.402567843534436,0.6960096775940138,-0.8582194350486013,190.51521845188438
159.02265619492982,-2.3776911539245713,15.402444080891923,0.6955674859308817,-0.8580259434164849,190.52292931362408
159.03430473637502,-2.3776663420544777,15.402321204224796,0.6951253671341231,-0.857832875013343,190.53061064801602
159.0459515003012,-2.377638136152995,15.402199212958465,0.6946833212675079,-0.8576402295611014,190.53826246690014
159.0575964870222,-2.377606537596319,15.40207810651851,0.6942413483947261,-0.8574480067817599,190.54588478211335
159.06923969685232,-2.3775715477602466,15.401957884330722,0.6937994485793985,-0.8572562063973992,190.55347760548955
159.0808811301063,-2.3775331680202076,15.401838545821043,0.6933576218850646,-0.8570648281301781,190.5610409488596
159.09252078709898,-2.3774913997513267,15.40172009041562,0.6929158683751975,-0.8568738717023319,190.5685748240513
159.10415866814589,-2.3774462443282984,15.401602517540773,0.6924741881131907,-0.8566833368361735,190.57607924288928
159.1157947735628,-2.3773977031254754,15.401485826623006,0.6920325811623671,-0.8564932232540949,190.58355421719514
159.12742910366583,-2.377345777516893,15.401370017089,0.6915910475859741,-0.856303530678566,190.59099975878777
159.1390616587716,-2.3772904688761725,15.401255088365625,0.6911495874471818,-0.8561142588321338,190.59841587948242
159.15069243919703,-2.377231778576547,15.401141039879933,0.6907082008090926,-0.8559254074374246,190.6058025910918
159.16232144525938,-2.377169707990989,15.401027871059153,0.6902668877347296,-0.8557369762171424,190.6131599054252
159.17394867727634,-2.3771042584920363,15.400915581330695,0.6898256482870447,-0.8555489648940682,190.62048783428915
159.18557413556613,-2.377035431451842,15.40080417012217,0.6893844825289137,-0.8553613731910615,190.6277863894868
159.197197820447,-2.3769632282422783,15.400693636861343,0.6889433905231416,-0.8551742008310617,190.63505558281878
159.2088197322379,-2.376887650234819,15.400583980976174,0.6885023723324563,-0.8549874475370836,190.64229542608192
159.22043987125807,-2.3768086988005117,15.400475201894809,0.6880614280195156,-0.8548011130322224,190.64950593107056
159.23205823782703,-2.376726375310161,15.400367299045573,0.6876205576468986,-0.8546151970396508,190.65668710957604
159.24367483226473,-2.3766406811341327,15.40026027185697,0.6871797612771178,-0.8544296992826188,190.66383897338613
159.25528965489158,-2.376551617642437,15.400154119757689,0.6867390389726054,-0.8542446194844558,190.67096153428602
159.2669027060283,-2.3764591862047495,15.400048842176599,0.6862983907957224,-0.8540599573685688,190.67805480405764
159.27851398599606,-2.3763633881903368,15.39994443854275,0.685857816808757,-0.8538757126584442,190.68511879448002
159.29012349511623,-2.376264224968174,15.399840908285382,0.6854173170739222,-0.8536918850776449,190.6921535173289
159.30173123371068,-2.3761616979068414,15.399738250833908,0.6849768916533621,-0.8535084743498138,190.69915898437728
159.3133372021018,-2.376055808374502,15.399636465617919,0.6845365406091406,-0.8533254801986718,190.7061352073948
159.324941400612,-2.3759465577390784,15.3995355520672,0.684096264003252,-0.8531429023480174,190.71308219814816
