galstreams/tracks/track.st.Hrid.ibata2021.ecsv
# %ECSV 0.9
# ---
# datatype:
# - {name: ra, unit: deg, datatype: float64}
# - {name: dec, unit: deg, datatype: float64}
# - {name: distance, unit: kpc, datatype: float64}
# - {name: pm_ra_cosdec, unit: mas / yr, datatype: float64}
# - {name: pm_dec, unit: mas / yr, datatype: float64}
# - {name: radial_velocity, unit: km / s, datatype: float64}
# delimiter: ','
# meta: !!omap
# - __serialized_columns__:
#     dec:
#       __class__: astropy.coordinates.angles.Latitude
#       unit: &id001 !astropy.units.Unit {unit: deg}
#       value: !astropy.table.SerializedColumn {name: dec}
#     distance:
#       __class__: astropy.coordinates.distances.Distance
#       unit: !astropy.units.Unit {unit: kpc}
#       value: !astropy.table.SerializedColumn {name: distance}
#     pm_dec:
#       __class__: astropy.units.quantity.Quantity
#       unit: !astropy.units.Unit {unit: mas / yr}
#       value: !astropy.table.SerializedColumn {name: pm_dec}
#     pm_ra_cosdec:
#       __class__: astropy.units.quantity.Quantity
#       unit: !astropy.units.Unit {unit: mas / yr}
#       value: !astropy.table.SerializedColumn {name: pm_ra_cosdec}
#     ra:
#       __class__: astropy.coordinates.angles.Longitude
#       unit: *id001
#       value: !astropy.table.SerializedColumn {name: ra}
#       wrap_angle: !astropy.coordinates.Angle
#         unit: *id001
#         value: 360.0
#     radial_velocity:
#       __class__: astropy.units.quantity.Quantity
#       unit: !astropy.units.Unit {unit: km / s}
#       value: !astropy.table.SerializedColumn {name: radial_velocity}
# schema: astropy-2.0
ra,dec,distance,pm_ra_cosdec,pm_dec,radial_velocity
[from data line 5192]
283.93975776948594,67.01038184882398,3.522425088827322,-3.69756167128626,21.853855332333893,1.6841534259744676e-14
283.942548217667,67.02032886129183,3.522746570858513,-3.6961187210352087,21.85188107105967,0.0
283.9453413076384,67.03027581095314,3.52306820432562,-3.6946749288392984,21.849905195770738,5.0524602779234026e-14
283.9481370430325,67.0402226977163,3.5233899892579017,-3.693230293841616,21.847927706356494,1.6841534259744676e-14
283.9509354274881,67.05016952148955,3.5237119256846214,-3.69178481518387,21.845948602706265,6.73661370389787e-14
283.95373646465015,67.06011628218097,3.524034013635038,-3.690338492006386,21.843967884709357,3.368306851948935e-14
283.9565401581699,67.07006297969846,3.5243562531384134,-3.688891323448093,21.841985552255036,3.368306851948935e-14
283.95934651170495,67.08000961394978,3.524678644224008,-3.6874433086465017,21.84000160523256,0.0
283.9621555289191,67.0899561848425,3.5250011869210827,-3.6859944467377375,21.838016043531134,0.0
283.96496721348234,67.09990269228406,3.525323881258898,-3.6845447368565374,21.83602886703992,5.0524602779234026e-14
283.9677815690713,67.10984913618172,3.5256467272667136,-3.683094178136204,21.834040075648076,8.420767129872338e-14
283.9705985993686,67.11979551644254,3.525969724973792,-3.6816427697086684,21.8320496692447,6.73661370389787e-14
283.97341830806346,67.12974183297345,3.5262928744093935,-3.680190510704413,21.830057647718863,1.6841534259744676e-14
283.9762406988512,67.13968808568124,3.5266161756027796,-3.67873740025255,21.828064010959594,3.368306851948935e-14
283.97906577543375,67.14963427447248,3.526939628583209,-3.677283437480726,21.826068758855904,-1.6841534259744676e-14
283.9818935415193,67.15958039925361,3.527263233379945,-3.67582862151522,21.824071891296754,5.0524602779234026e-14
283.9847240008224,67.16952645993089,3.5275869900222463,-3.674372951480851,21.822073408171086,-1.6841534259744676e-14
283.9875571570641,67.17947245641042,3.5279108985393743,-3.6729164265010046,21.820073309367793,3.368306851948935e-14
283.99039301397187,67.18941838859813,3.528234958960591,-3.6714590456976963,21.81807159477571,1.6841534259744676e-14
283.9932315752795,67.19936425639975,3.528559171315155,-3.6700008081914604,21.816068264283686,1.6841534259744676e-14
283.9960728447274,67.2093100597209,3.528883535632329,-3.6685417131013907,21.8140633177805,3.368306851948935e-14
283.99891682606227,67.219255798467,3.529208051941372,-3.6670817595451797,21.8120567551549,1.0104920555846805e-13
284.0017635230375,67.22920147254328,3.5295327202715465,-3.6656209466390672,21.81004857629558,1.6841534259744676e-14
284.00461293941277,67.23914708185485,3.5298575406521127,-3.6641592734978414,21.808038781091227,5.0524602779234026e-14
284.00746507895434,67.24909262630662,3.5301825131123303,-3.6626967392348444,21.80602736943049,-3.368306851948935e-14
284.0103199454351,67.25903810580334,3.5305076376814615,-3.6612333429619697,21.804014341201942,0.0
284.01317754263425,67.26898352024958,3.530832914388767,-3.6597690837896892,21.801999696294146,1.6841534259744676e-14
284.01603787433777,67.27892886954972,3.531158343263506,-3.6583039608269576,21.799983434595635,1.6841534259744676e-14
284.018900944338,67.28887415360803,3.5314839243349416,-3.6568379731813394,21.797965555994857,6.73661370389787e-14
284.0217667564341,67.29881937232857,3.5318096576323326,-3.6553711199588754,21.795946060380288,5.0524602779234026e-14
284.02463531443146,67.30876452561519,3.532135543184941,-3.6539034002642063,21.793924947640306,-3.368306851948935e-14
284.0275066221425,67.31870961337165,3.532461581022027,-3.6524348132004567,21.791902217663274,0.0
284.03038068338594,67.32865463550148,3.5327877711728517,-3.6509653578692967,21.78987787033751,-3.368306851948935e-14
284.0332575019873,67.33859959190805,3.5331141136666746,-3.64949503337092,21.787851905551307,3.368306851948935e-14
284.0361370817787,67.34854448249455,3.533440608532758,-3.6480238388040602,21.785824323192884,-3.368306851948935e-14
284.0390194265988,67.35848930716404,3.5337672558003623,-3.646551773265954,21.783795123150433,6.73661370389787e-14
284.04190454029333,67.3684340658193,3.5340940554987488,-3.6450788358523303,21.781764305312127,-6.73661370389787e-14
284.04479242671414,67.37837875836307,3.5344210076571763,-3.643605025657509,21.779731869566067,-5.0524602779234026e-14
284.04768308972024,67.38832338469783,3.534748112304907,-3.6421303417742608,21.77769781580032,-5.0524602779234026e-14
284.0505765331772,67.3982679447259,3.5350753694712034,-3.640654783293858,21.7756621439029,-1.6841534259744676e-14
284.05347276095733,67.40821243834945,3.535402779185323,-3.639178349306106,21.773624853761813,-3.368306851948935e-14
284.05637177693967,67.41815686547044,3.5357303414765284,-3.637701038899329,21.771585945264984,-1.6841534259744676e-14
284.05927358501003,67.42810122599066,3.53605805637408,-3.636222851160289,21.76954541830032,6.73661370389787e-14
284.0621781890611,67.43804551981172,3.536385923907239,-3.6347437851742903,21.767503272755654,-5.0524602779234026e-14
284.06508559299226,67.4479897468351,3.536713944105265,-3.6332638400251307,21.76545950851881,1.6841534259744676e-14
284.06799580070964,67.45793390696204,3.5370421169974198,-3.6317830147950776,21.763414125477535,3.368306851948935e-14
284.0709088161264,67.46787800009363,3.537370442612964,-3.6303013085648903,21.761367123519566,1.6841534259744676e-14
284.0738246431623,67.47782202613078,3.537698920981159,-3.6288187204138147,21.759318502532544,-1.6841534259744676e-14
284.0767432857441,67.48776598497423,3.5380275521312634,-3.6273352494195903,21.757268262404132,1.6841534259744676e-14
284.07966474780545,67.49770987652452,3.5383563360925403,-3.6258508946583943,21.75521640302188,8.420767129872338e-14
284.0825890332868,67.507653700682,3.5386852728942486,-3.624365655204905,21.753162924273322,5.0524602779234026e-14
284.08551614613555,67.51759745734691,3.539014362565651,-3.6228795301322565,21.75110782604597,0.0
284.088446090306,67.52754114641921,3.539343605136007,-3.621392518512087,21.749051108227235,-3.368306851948935e-14
284.09137886975924,67.53748476779877,3.539673000634578,-3.6199046194144646,21.74699277070451,1.6841534259744676e-14
284.0943144884636,67.54742832138523,3.5400025490906244,-3.6184158319079085,21.74493281336514,0.0
284.09725295039425,67.55737180707804,3.540332250533407,-3.616926155059404,21.742871236096438,5.0524602779234026e-14
284.1001942595331,67.56731522477648,3.5406621049921876,-3.6154355879344164,21.740808038785623,5.0524602779234026e-14
284.1031384198693,67.57725857437967,3.540992112496225,-3.6139441295968426,21.73874322131993,1.6841534259744676e-14
284.10608543539905,67.58720185578652,3.54132227307478,-3.6124517791090143,21.736676783586464,-3.368306851948935e-14
284.10903531012536,67.59714506889577,3.541652586757116,-3.610958535531725,21.734608725472345,-6.73661370389787e-14
284.1119880480584,67.60708821360596,3.541983053572492,-3.609464397924212,21.73253904686461,1.6841534259744676e-14
284.1149436532154,67.61703128981549,3.542313673550168,-3.60796936534411,21.730467747650273,0.0
284.11790212962063,67.6269742974225,3.5426444467194065,-3.6064734368475504,21.728394827716272,1.6841534259744676e-14
284.1208634813054,67.63691723632502,3.542975373109467,-3.6049766114890565,21.726320286949484,5.0524602779234026e-14
284.1238277123081,67.64686010642086,3.5433064527496105,-3.6034788883215896,21.72424412523679,3.368306851948935e-14
284.1267948266744,67.65680290760761,3.543637685669098,-3.601980266396511,21.722166342464966,0.0
284.129764828457,67.66674563978276,3.54396907189719,-3.600480744763645,21.72008693852074,1.6841534259744676e-14
284.1327377217156,67.67668830284356,3.544300611463149,-3.5989803224712134,21.71800591329081,1.6841534259744676e-14
284.13571351051735,67.68663089668705,3.5446323043962327,-3.597478998565837,21.71592326666182,3.368306851948935e-14
284.13869219893627,67.6965734212101,3.544964150725705,-3.5959767720925804,21.713838998520327,3.368306851948935e-14
284.14167379105385,67.70651587630944,3.545296150480824,-3.5944736420948717,21.711753108752877,-1.6841534259744676e-14
284.1446582909585,67.71645826188156,3.545628303690852,-3.592969607614595,21.70966559724594,6.73661370389787e-14
284.1476457027461,67.72640057782276,3.545960610385049,-3.5914646676919957,21.70757646388592,1.6841534259744676e-14
284.1506360305197,67.73634282402918,3.546293070592677,-3.589958821365729,21.705485708559202,1.6841534259744676e-14
284.15362927838953,67.74628500039674,3.5466256843429957,-3.5884520676728364,21.70339333115209,0.0
284.15662545047314,67.75622710682121,3.546958451665265,-3.586944405648773,21.701299331550835,-3.368306851948935e-14
284.1596245508954,67.76616914319813,3.5472913725887487,-3.5854358343273565,21.699203709641626,1.6841534259744676e-14
284.1626265837884,67.77611110942287,3.547624447142705,-3.583926352740802,21.697106465310604,5.0524602779234026e-14
284.1656315532917,67.7860530053906,3.547957675356395,-3.582415959919686,21.69500759844386,3.368306851948935e-14
284.1686394635519,67.7959948309963,3.548291057259079,-3.5809046548929944,21.692907108927425,3.368306851948935e-14
284.1716503187234,67.80593658613476,3.5486245928800195,-3.5793924366880443,21.690804996647262,6.73661370389787e-14
284.1746641229675,67.81587827070057,3.5489582822484764,-3.5778793043305663,21.688701261489285,-6.73661370389787e-14
284.1776808804532,67.82581988458814,3.549292125393711,-3.5763652568446167,21.686595903339324,1.6841534259744676e-14
284.1807005953567,67.8357614276917,3.5496261223449825,-3.574850293252645,21.684488922083215,1.6841534259744676e-14
284.1837232718618,67.84570289990522,3.5499602731315534,-3.5733344125754662,21.68238031760665,-5.0524602779234026e-14
284.18674891415964,67.85564430112255,3.5502945777826835,-3.571817613832205,21.680270089795332,-5.0524602779234026e-14
284.18977752644884,67.86558563123735,3.550629036327634,-3.570299896040371,21.678158238534873,6.73661370389787e-14
284.1928091129353,67.875526890143,3.550963648795665,-3.5687812582158336,21.676044763710827,3.368306851948935e-14
284.19584367783267,67.88546807773274,3.5512984152160376,-3.5672616993727857,21.673929665208668,5.0524602779234026e-14
284.1988812253621,67.89540919389962,3.5516333356180128,-3.5657412185237556,21.671812942913867,3.368306851948935e-14
284.2019217597519,67.9053502385365,3.5519684100308515,-3.564219814679638,21.66969459671176,1.6841534259744676e-14
284.20496528523836,67.91529121153602,3.5523036384838154,-3.562697486849622,21.66757462648767,0.0
284.208011806065,67.92523211279061,3.552639021006163,-3.561174234041295,21.665453032126837,5.0524602779234026e-14
284.211061326483,67.93517294219252,3.5529745576271563,-3.5596500552604855,21.66332981351447,-1.6841534259744676e-14
284.21411385075123,67.94511369963384,3.5533102483760555,-3.5581249495114093,21.661204970535657,3.368306851948935e-14
284.217169383136,67.95505438500638,3.553646093282124,-3.5565989157965734,21.659078503075474,3.368306851948935e-14
284.2202279279114,67.96499499820182,3.553982092374618,-3.555071953116819,21.65695041101891,3.368306851948935e-14
284.22328948935893,67.97493553911161,3.554318245682802,-3.5535440604712796,21.654820694250894,3.368306851948935e-14
284.22635407176796,67.984876007627,3.5546545532359364,-3.55201523685743,21.652689352656285,6.73661370389787e-14
284.2294216794354,67.99481640363904,3.554991015063279,-3.550485481270988,21.650556386119906,3.368306851948935e-14
284.23249231666586,68.00475672703858,3.555327631194093,-3.5489547927060485,21.64842179452645,-1.6841534259744676e-14
284.2355659877717,68.01469697771628,3.55566440165764,-3.547423170154968,21.646285577760597,5.0524602779234026e-14
284.23864269707286,68.0246371555626,3.5560013264831793,-3.5458906126084058,21.644147735706962,5.0524602779234026e-14
284.2417224488973,68.03457726046777,3.556338405699972,-3.5443571190552707,21.642008268250073,3.368306851948935e-14
284.2448052475805,68.04451729232186,3.556675639337278,-3.542822688482824,21.639867175274386,5.0524602779234026e-14
284.2478910974656,68.05445725101467,3.55701302742436,-3.5412873198765866,21.63772445666431,1.6841534259744676e-14
284.2509800029039,68.06439713643586,3.5573505699904766,-3.5397510122203375,21.63558011230415,5.0524602779234026e-14
284.2540719682541,68.07433694847484,3.5576882670648913,-3.5382137644961706,21.633434142078187,1.6841534259744676e-14
284.2571669978831,68.08427668702086,3.5580261186768625,-3.5366755756843973,21.631286545870612,0.0
284.26026509616537,68.09421635196296,3.5583641248556512,-3.5351364447636424,21.62913732356554,1.6841534259744676e-14
284.2633662674832,68.10415594318992,3.558702285630519,-3.5335963707108102,21.626986475047033,1.6841534259744676e-14
284.2664705162271,68.11409546059035,3.559040601030726,-3.5320553525009957,21.624834000199055,-6.73661370389787e-14
284.2695778467952,68.1240349040527,3.5593790710855338,-3.5305133891076284,21.622679898905517,5.0524602779234026e-14
284.27268826359347,68.13397427346513,3.5597176958242023,-3.528970479502326,21.620524171050263,6.73661370389787e-14
284.27580177103596,68.1439135687156,3.5600564752759936,-3.5274266226550144,21.618366816517064,0.0
284.2789183735446,68.15385278969194,3.5603954094701664,-3.5258818175338407,21.616207835189606,-5.0524602779234026e-14
284.2820380755494,68.16379193628173,3.5607344984359837,-3.524336063105179,21.6140472269515,3.368306851948935e-14
284.28516088148825,68.17373100837229,3.5610737422027046,-3.522789358333648,21.61188499168632,1.347322740779574e-13
284.28828679580704,68.18367000585079,3.5614131407995897,-3.5212417021821167,21.609721129277524,6.73661370389787e-14
284.29141582295955,68.19360892860416,3.5617526942559024,-3.519693093611686,21.607555639608503,-3.368306851948935e-14
284.29454796740794,68.20354777651917,3.5620924026009,-3.518143531581666,21.6053885225626,5.0524602779234026e-14
284.297683233622,68.21348654948233,3.5624322658638454,-3.516593015049596,21.60321977802304,5.0524602779234026e-14
284.30082162608,68.22342524737991,3.5627722840739993,-3.515041542971227,21.60104940587301,5.0524602779234026e-14
284.303963149268,68.23336387009806,3.5631124572606216,-3.5134891143005476,21.59887740599562,8.420767129872338e-14
284.30710780768027,68.24330241752263,3.5634527854529736,-3.5119357279897505,21.596703778273874,1.6841534259744676e-14
284.3102556058192,68.25324088953931,3.563793268680317,-3.510381382989214,21.59452852259072,6.73661370389787e-14
284.3134065481953,68.26317928603358,3.5641339069719096,-3.508826078247532,21.592351638829037,-3.368306851948935e-14
284.31656063932735,68.27311760689066,3.564474700357015,-3.507269812711511,21.59017312687159,8.420767129872338e-14
284.3197178837422,68.28305585199557,3.564815648864893,-3.505712585326143,21.58799298660111,-1.6841534259744676e-14
284.32287828597487,68.29299402123316,3.5651567525248056,-3.504154395034619,21.585811217900208,5.0524602779234026e-14
284.32604185056874,68.302932114488,3.5654980113660106,-3.5025952407782843,21.58362782065145,5.0524602779234026e-14
284.3292085820752,68.31287013164449,3.565839425417772,-3.5010351214967375,21.58144279473731,-1.6841534259744676e-14
284.33237848505416,68.32280807258682,3.5661809947093484,-3.499474036127685,21.57925614004016,3.368306851948935e-14
284.3355515640736,68.3327459371989,3.5665227192700013,-3.4979119836070307,21.577067856442337,-6.73661370389787e-14
284.3387278237099,68.3426837253645,3.566864599128993,-3.4963489628688826,21.574877943826046,6.73661370389787e-14
284.34190726854774,68.35262143696711,3.5672066343155815,-3.4947849728454865,21.57268640207344,5.0524602779234026e-14
284.34508990318,68.36255907189005,3.56754882485903,-3.4932200124672574,21.570493231066582,3.368306851948935e-14
284.3482757322081,68.37249663001637,3.567891170788596,-3.491654080662756,21.56829843068746,0.0
284.3514647602417,68.38243411122897,3.568233672133544,-3.490087176358739,21.566102000817978,3.368306851948935e-14
284.35465699189893,68.39237151541047,3.5685763289231334,-3.4885192984800444,21.563903941339923,3.368306851948935e-14
