galstreams/tracks/track.st.C-11.ibata2024.ecsv
# %ECSV 1.0
# ---
# datatype:
# - {name: ra, unit: deg, datatype: float64}
# - {name: dec, unit: deg, datatype: float64}
# - {name: distance, unit: kpc, datatype: float64}
# - {name: pm_ra_cosdec, unit: mas / yr, datatype: float64}
# - {name: pm_dec, unit: mas / yr, datatype: float64}
# - {name: radial_velocity, unit: km / s, datatype: float64}
# delimiter: ','
# meta: !!omap
# - __serialized_columns__:
#     dec:
#       __class__: astropy.coordinates.angles.Latitude
#       unit: &id001 !astropy.units.Unit {unit: deg}
#       value: !astropy.table.SerializedColumn {name: dec}
#     distance:
#       __class__: astropy.coordinates.distances.Distance
#       unit: !astropy.units.Unit {unit: kpc}
#       value: !astropy.table.SerializedColumn {name: distance}
#     pm_dec:
#       __class__: astropy.units.quantity.Quantity
#       unit: !astropy.units.Unit {unit: mas / yr}
#       value: !astropy.table.SerializedColumn {name: pm_dec}
#     pm_ra_cosdec:
#       __class__: astropy.units.quantity.Quantity
#       unit: !astropy.units.Unit {unit: mas / yr}
#       value: !astropy.table.SerializedColumn {name: pm_ra_cosdec}
#     ra:
#       __class__: astropy.coordinates.angles.Longitude
#       unit: *id001
#       value: !astropy.table.SerializedColumn {name: ra}
#       wrap_angle: !astropy.coordinates.Angle
#         unit: *id001
#         value: 360.0
#     radial_velocity:
#       __class__: astropy.units.quantity.Quantity
#       unit: !astropy.units.Unit {unit: km / s}
#       value: !astropy.table.SerializedColumn {name: radial_velocity}
# schema: astropy-2.0
ra,dec,distance,pm_ra_cosdec,pm_dec,radial_velocity
[from data line 142]
102.39508085316739,32.338804180932996,1.0000000000000004,5.662228815519057,-0.9888935623924908,2489.0278423440514
102.39119593983347,32.35399437072401,1.0000000000000004,5.66099992507354,-0.9888712370548944,2485.1038705414103
102.38732165530647,32.36917801060884,1.0000000000000004,5.659773045126428,-0.9888488439794685,2481.183844755598
102.38345799889811,32.38435510336729,1.0000000000000004,5.658548174830358,-0.9888263837763134,2477.2677630623944
102.37960496992171,32.39952565177899,1.0000000000000004,5.657325313338006,-0.9888038570553306,2473.355623537582
102.37576256769243,32.41468965862352,1.0000000000000004,5.656104459802279,-0.9887812644250857,2469.447424256942
102.3719307915272,32.4298471266806,1.0000000000000004,5.6548856133762655,-0.9887586064942582,2465.543163296259
102.36810964074462,32.44499805872975,1.0000000000000004,5.653668773213212,-0.9887358838710725,2461.6428387313135
102.36429911466502,32.46014245755049,1.0000000000000002,5.6524539384664365,-0.9887130971633269,2457.7464486378863
102.36049921261056,32.47528032592239,1.0000000000000004,5.65124110828954,-0.9886902469784218,2453.8539910917616
102.35670993390502,32.49041166662483,1.0000000000000002,5.650030281836166,-0.9886673339229048,2449.9654641687193
102.35293127787385,32.50553648243718,1.0000000000000004,5.648821458260201,-0.9886443586034375,2446.080865944542
102.34916324384436,32.52065477613884,1.0000000000000004,5.647614636715616,-0.9886213216260558,2442.2001944950125
102.3454058311454,32.53576655050902,1.0000000000000002,5.646409816356652,-0.9885982235961421,2438.323447895912
102.34165903910753,32.55087180832685,1.0000000000000004,5.645206996337691,-0.9885750651188516,2434.4506242230214
102.3379228670631,32.56597055237154,1.0000000000000004,5.64400617581299,-0.9885518467992824,2430.5817215521247
102.33419731434596,32.581062785422056,1.0000000000000004,5.642807353937485,-0.9885285692411969,2426.7167379590032
102.33048238029171,32.59614851025729,1.0000000000000002,5.641610529865844,-0.9885052330488975,2422.8556715194372
102.32677806423764,32.61122772965618,1.0000000000000004,5.640415702753074,-0.9884818388256917,2418.9985203092115
102.3230843655226,32.626300446397394,1.0000000000000004,5.639222871754299,-0.9884583871746884,2415.1452824041057
102.31940128348708,32.64136666325954,1.0000000000000002,5.638032036024825,-0.9884348786985413,2411.295955879904
102.31572881747329,32.65642638302124,1.0000000000000004,5.636843194720186,-0.9884113139996202,2407.4505388123857
102.31206696682499,32.67147960846086,1.0000000000000004,5.635656346995759,-0.9883876936794991,2403.6090292773342
102.30841573088748,32.68652634235661,1.0000000000000004,5.634471492007634,-0.9883640183397802,2399.7714253505314
102.30477510900783,32.70156658748679,1.0000000000000004,5.633288628911529,-0.9883402885816963,2395.937725107759
102.30114510053461,32.71660034662936,1.0000000000000004,5.632107756863633,-0.9883165050057698,2392.107926624799
102.29752570481794,32.73162762256224,1.0000000000000004,5.630928875020231,-0.9882926682120114,2388.2820279774332
102.29391692120959,32.746648418063124,1.0000000000000004,5.62975198253757,-0.9882687788005171,2384.460027241444
102.29031874906289,32.76166273590972,1.0000000000000004,5.628577078572491,-0.9882448373710133,2380.6419224926135
102.28673118773273,32.77667057887945,1.0000000000000004,5.627404162281536,-0.988220844522175,2376.827711806722
102.28315423657548,32.79167194974955,1.0000000000000004,5.626233232821619,-0.9881968008527906,2373.017393259555
102.27958789494923,32.80666685129729,1.0000000000000004,5.625064289349908,-0.9881727069615636,2369.210964926891
102.27603216221345,32.82165528629955,1.0000000000000004,5.6238973310235565,-0.9881485634462877,2365.4084248845124
102.27248703772916,32.83663725753313,1.0000000000000004,5.622732357000004,-0.9881243709041314,2361.6097712082023
102.26895252085905,32.85161276777472,1.0000000000000004,5.621569366436674,-0.9881001299327465,2357.815001973743
102.26542861096716,32.866581819800736,1.0000000000000004,5.620408358491318,-0.9880758411289889,2354.0241152569147
102.26191530741907,32.88154441638739,1.0000000000000004,5.619249332321914,-0.9880515050891177,2350.2371091335003
102.25841260958197,32.89650056031082,1.0000000000000004,5.618092287086412,-0.988027122409278,2346.453981679283
102.25492051682441,32.911450254346846,1.0000000000000004,5.616937221942948,-0.9880026936852175,2342.674730970042
102.25143902851647,32.92639350127111,1.0000000000000004,5.615784136049882,-0.9879782195125699,2338.8993550815626
102.24796814402978,32.941330303859125,1.0000000000000004,5.614633028565848,-0.9879537004858605,2335.1278520896235
102.24450786273735,32.956260664886116,1.0000000000000004,5.613483898649363,-0.9879291372002115,2331.3602200700093
102.24105818401362,32.97118458712705,1.0000000000000004,5.61233674545943,-0.9879045302497218,2327.596457098499
102.23761910723465,32.986102073356825,1.0000000000000004,5.611191568154894,-0.9878798802284336,2323.8365612508765
102.23419063177782,33.001013126349974,1.0000000000000004,5.610048365894855,-0.9878551877299344,2320.080530602925
102.23077275702188,33.0159177488808,1.0000000000000002,5.608907137838813,-0.987830453347641,2316.3283632304237
102.22736548234721,33.03081594372347,1.0000000000000004,5.607767883146224,-0.9878056776741175,2312.5800572091566
102.22396880713548,33.04570771365183,1.0000000000000004,5.606630600976644,-0.9877808613022978,2308.835610614905
102.22058273076973,33.060593061439434,1.0000000000000004,5.605495290489813,-0.9877560048242913,2305.09502152345
102.2172072526346,33.07547198985973,1.0000000000000004,5.60436195084587,-0.9877311088320084,2301.3582880105746
102.21384237211592,33.09034450168578,1.0000000000000004,5.603230581204855,-0.987706173917104,2297.62540815206
102.21048808860101,33.10521059969039,1.0000000000000004,5.602101180726947,-0.9876812006707496,2293.8963800236893
102.20714440147863,33.120070286646204,1.0000000000000004,5.600973748572812,-0.9876561896839178,2290.1712017012446
102.2038113101388,33.13492356532549,1.0000000000000004,5.599848283902801,-0.9876311415472685,2286.4498712605055
102.20048881397295,33.14977043850021,1.0000000000000004,5.59872478587792,-0.987606056851007,2282.732386777255
102.19717691237395,33.164610908942194,1.0000000000000004,5.597603253658974,-0.9875809361847985,2279.0187463272778
102.19387560473592,33.17944497942287,1.0000000000000004,5.596483686407041,-0.9875557801387629,2275.308947986351
102.19058489045433,33.19427265271333,1.0000000000000004,5.595366083283437,-0.987530589301997,2271.602989830261
102.1873047689261,33.20909393158453,1.0000000000000004,5.594250443449624,-0.9875053642633418,2267.9008699347864
102.18403523954936,33.22390881880699,1.0000000000000004,5.593136766067104,-0.9874801056116667,2264.2025863757117
102.18077630172361,33.238717317150936,1.0000000000000004,5.592025050297551,-0.9874548139354431,2260.5081372288173
102.1775279548497,33.25351942938635,1.0000000000000004,5.590915295303034,-0.9874294898225742,2256.8175205698853
102.17429019832971,33.26831515828285,1.0000000000000004,5.589807500245499,-0.987404133860764,2253.130734474699
102.17106303156712,33.28310450660973,1.0000000000000004,5.588701664287115,-0.9873787466377166,2249.4477770190383
102.16784645396655,33.297887477135916,1.0000000000000004,5.58759778659045,-0.9873533287404541,2245.768646278686
102.16464046493411,33.31266407263015,1.0000000000000004,5.5864958663179465,-0.9873278807557426,2242.0933403294252
102.16144506387705,33.327434295860684,1.0000000000000004,5.585395902632271,-0.9873024032704336,2238.4218572470363
102.15826025020385,33.34219814959543,1.0000000000000004,5.5842978946964195,-0.9872768968705827,2234.754195107302
102.15508602332443,33.35695563660213,1.0000000000000004,5.5832018416733575,-0.9872513621421888,2231.090351986003
102.15192238264983,33.37170675964798,1.0000000000000002,5.5821077427262225,-0.9872257996709948,2227.4303259589233
102.14876932759229,33.386451521499865,1.0000000000000007,5.581015597018464,-0.9872002100425448,2223.7741151018445
102.14562685756546,33.40118992492443,1.0000000000000004,5.579925403713574,-0.9871745938417007,2220.121717490547
102.14249497198412,33.4159219726878,1.0000000000000004,5.578837161975187,-0.9871489516533245,2216.4731312008134
102.1393736702642,33.430647667555775,1.0000000000000002,5.577750870967236,-0.9871232840623918,2212.8283543084267
102.13626295182306,33.44536701229388,1.0000000000000004,5.5766665298536395,-0.9870975916527982,2209.187384889168
102.13316281607906,33.46008000966713,1.0000000000000004,5.5755841377986,-0.9870718750087519,2205.550221018818
102.13007326245183,33.47478666244016,1.0000000000000004,5.574503693966477,-0.9870461347137223,2201.9168607731613
102.12699429036228,33.48948697337736,1.0000000000000004,5.573425197521686,-0.9870203713516048,2198.287302227978
102.12392589923239,33.5041809452426,1.0000000000000004,5.572348647629013,-0.9869945855054425,2194.6615434590512
102.12086808848535,33.51886858079931,1.0000000000000004,5.571274043453144,-0.9869687777579657,2191.0395825421615
102.1178208575456,33.53354988281068,1.0000000000000004,5.570201384159148,-0.986942948692132,2187.421417553091
102.11478420583866,33.54822485403938,1.0000000000000004,5.56913066891201,-0.9869170988903591,2183.8070465676246
102.11175813279118,33.56289349724762,1.0000000000000004,5.568061896877197,-0.9868912289346099,2180.19646766154
102.1087426378311,33.57755581519736,1.0000000000000004,5.566995067220134,-0.9868653394068758,2176.5896789106214
102.10573772038738,33.592211810649985,1.0000000000000007,5.5659301791064735,-0.9868394308888355,2172.9866783906505
102.1027433798901,33.60686148636648,1.0000000000000004,5.564867231701896,-0.9868135039618835,2169.3874641774087
102.09975961577061,33.621504845107516,1.0000000000000004,5.56380622417241,-0.9867875592073858,2165.792034346677
102.09678642746125,33.63614188963318,1.0000000000000004,5.5627471556841215,-0.9867615972057706,2162.200386974241
102.09382381439546,33.65077262270314,1.0000000000000004,5.561690025403394,-0.9867356185380913,2158.6125201358805
102.09087177600794,33.66539704707676,1.0000000000000004,5.560634832496476,-0.9867096237846624,2155.0284319073767
102.08793031173434,33.6800151655128,1.0000000000000004,5.559581576130128,-0.9866836135256847,2151.4481203645114
102.0849994210114,33.69462698076957,1.0000000000000002,5.5585302554710125,-0.9866575883411883,2147.8715835830676
102.0820791032771,33.70923249560505,1.0000000000000004,5.5574808696860885,-0.9866315488104647,2144.2988196388283
102.07916935797029,33.723831712776665,1.0000000000000004,5.556433417942429,-0.9866054955136008,2140.7298266075727
102.07627018453101,33.73842463504129,1.0000000000000004,5.555387899407279,-0.9865794290292911,2137.164602565084
102.07338158240039,33.753011265155564,1.0000000000000004,5.55434431324808,-0.98655334993677,2133.603145587146
102.07050355102052,33.76759160587543,1.0000000000000004,5.553302658632333,-0.9865272588150162,2130.045453749537
102.06763608983454,33.7821656599564,1.0000000000000004,5.552262934727878,-0.9865011562423547,2126.4915251280418
102.06477919828676,33.796733430153594,1.0000000000000004,5.551225140702471,-0.986475042797224,2122.941357798442
102.06193287582241,33.81129491922153,1.0000000000000004,5.550189275724222,-0.9864489190574943,2119.394949836519
102.05909712188772,33.8258501299143,1.0000000000000004,5.5491553389614126,-0.986422785601377,2115.8522993180545
102.05627193592998,33.84039906498541,1.0000000000000004,5.548123329582296,-0.9863966430065148,2112.31340431883
102.05345731739756,33.854941727188,1.0000000000000004,5.547093246755537,-0.9863704918502094,2108.7782629146295
102.05065326573974,33.86947811927461,1.0000000000000002,5.546065089649716,-0.986344332710047,2105.246873181232
102.04785978040678,33.88400824399721,1.0000000000000004,5.545038857433852,-0.9863181661624765,2101.7192331944225
102.04507686085005,33.89853210410743,1.0000000000000004,5.544014549276824,-0.9862919927850555,2098.1953410299807
102.04230450652177,33.91304970235621,1.0000000000000004,5.542992164347922,-0.9862658131540059,2094.6751947636894
102.03954271687519,33.92756104149401,1.0000000000000004,5.541971701816308,-0.9862396278458618,2091.15879247133
102.03679149136457,33.94206612427083,1.0000000000000004,5.540953160851728,-0.9862134374368452,2087.646132228687
102.03405082944504,33.95656495343606,1.0000000000000004,5.539936540623771,-0.9861872425030356,2084.1372121115387
102.0313207305727,33.97105753173851,1.0000000000000007,5.538921840302265,-0.9861610436200863,2080.6320301956694
102.02860119420471,33.9855438619266,1.0000000000000004,5.537909059057142,-0.9861348413639064,2077.1305845568604
102.02589221979905,34.000023946748065,1.0000000000000004,5.536898196058587,-0.9861086363098366,2073.632873270894
102.02319380681459,34.01449778895008,1.0000000000000004,5.5358892504769415,-0.9860824290331891,2070.1388944135506
102.02050595471127,34.02896539127941,1.0000000000000004,5.5348822214827464,-0.9860562201089351,2066.6486460606134
102.01782866294987,34.043426756482084,1.0000000000000007,5.533877108246529,-0.9860300101120743,2063.162126287865
102.01516193099201,34.05788188730364,1.0000000000000004,5.532873909939212,-0.9860037996172935,2059.679333171085
102.01250575830038,34.072330786489104,1.0000000000000002,5.531872625731623,-0.985977589198967,2056.200264786059
102.00986014433842,34.086773456782836,1.0000000000000002,5.530873254794926,-0.9859513794317536,2052.724919208566
102.00722508857044,34.10120990092861,1.0000000000000004,5.5298757963005585,-0.9859251708894874,2049.253294514389
102.00460059046182,34.11564012166972,1.0000000000000004,5.528880249419743,-0.9858989641463722,2045.7853887793094
102.00198664947862,34.130064121748795,1.0000000000000004,5.527886613324213,-0.9858727597762424,2042.3212000791107
101.9993832650878,34.14448190390784,1.0000000000000004,5.526894887185776,-0.9858465583527618,2038.860726489572
101.99679043675731,34.15889347088837,1.0000000000000002,5.525905070176222,-0.9858203604493099,2035.4039660864782
101.9942081639558,34.1732988254312,1.0000000000000004,5.524917161467769,-0.9857941666390957,2031.9509169456096
101.99163644615278,34.18769797027655,1.0000000000000004,5.523931160232635,-0.9857679774956409,2028.5015771427486
101.98907528281872,34.202090908164145,1.0000000000000004,5.522947065643322,-0.9857417935915578,2025.055944753677
101.9865246734248,34.216477641832945,1.0000000000000004,5.521964876872232,-0.9857156154998847,2021.6140178541766
101.98398461744303,34.23085817402133,1.0000000000000004,5.520984593092166,-0.9856894437932908,2018.1757945200295
101.98145511434636,34.245232507467165,1.0000000000000004,5.52000621347608,-0.9856632790441608,2014.7412728270187
101.9789361636084,34.25960064490756,1.0000000000000004,5.519029737197073,-0.9856371218249365,2011.3104508509246
101.97642776470359,34.27396258907901,1.0000000000000004,5.518055163428215,-0.985610972707974,2007.8833266675301
101.97392991710726,34.28831834271748,1.0000000000000007,5.5170824913430465,-0.9855848322651468,2004.4598983526168
101.97144262029548,34.30266790855819,1.0000000000000004,5.516111720114893,-0.9855587010683848,2001.0401639819659
101.96896587374496,34.317011289335696,1.0000000000000004,5.515142848917762,-0.9855325796895045,1997.6241216313604
101.96649967693348,34.33134848778406,1.0000000000000004,5.5141758769252505,-0.9855064687000663,1994.2117693765827
101.96404402933935,34.345679506636536,1.0000000000000004,5.513210803311509,-0.9854803686717162,1990.8031052934136
101.96159893044168,34.36000434862578,1.0000000000000002,5.512247627250758,-0.9854542801756168,1987.398127457635
101.95916437972035,34.37432301648374,1.0000000000000002,5.511286347917277,-0.9854282037829591,1983.99683394503
101.95674037665607,34.388635512941825,1.0000000000000004,5.510326964485586,-0.9854021400649629,1980.5992228313794
101.95432692073018,34.402941840730676,1.0000000000000004,5.509369476130345,-0.98537608959262,1977.2052921924662
101.95192401142478,34.41724200258021,1.0000000000000002,5.508413882026375,-0.9853500529364112,1973.8150401040714
