galstreams/tracks/track.st.SGP-S.ibata2024.ecsv
# %ECSV 1.0
# ---
# datatype:
# - {name: ra, unit: deg, datatype: float64}
# - {name: dec, unit: deg, datatype: float64}
# - {name: distance, unit: kpc, datatype: float64}
# - {name: pm_ra_cosdec, unit: mas / yr, datatype: float64}
# - {name: pm_dec, unit: mas / yr, datatype: float64}
# - {name: radial_velocity, unit: km / s, datatype: float64}
# delimiter: ','
# meta: !!omap
# - __serialized_columns__:
#     dec:
#       __class__: astropy.coordinates.angles.Latitude
#       unit: &id001 !astropy.units.Unit {unit: deg}
#       value: !astropy.table.SerializedColumn {name: dec}
#     distance:
#       __class__: astropy.coordinates.distances.Distance
#       unit: !astropy.units.Unit {unit: kpc}
#       value: !astropy.table.SerializedColumn {name: distance}
#     pm_dec:
#       __class__: astropy.units.quantity.Quantity
#       unit: !astropy.units.Unit {unit: mas / yr}
#       value: !astropy.table.SerializedColumn {name: pm_dec}
#     pm_ra_cosdec:
#       __class__: astropy.units.quantity.Quantity
#       unit: !astropy.units.Unit {unit: mas / yr}
#       value: !astropy.table.SerializedColumn {name: pm_ra_cosdec}
#     ra:
#       __class__: astropy.coordinates.angles.Longitude
#       unit: *id001
#       value: !astropy.table.SerializedColumn {name: ra}
#       wrap_angle: !astropy.coordinates.Angle
#         unit: *id001
#         value: 360.0
#     radial_velocity:
#       __class__: astropy.units.quantity.Quantity
#       unit: !astropy.units.Unit {unit: km / s}
#       value: !astropy.table.SerializedColumn {name: radial_velocity}
# schema: astropy-2.0
ra,dec,distance,pm_ra_cosdec,pm_dec,radial_velocity
[from data line 2172]
9.064423369488443,-43.257094025012975,1.000000000000001,1.840021520430934,2.8403388205903752,972.2010702748865
9.06637022116559,-43.26697021649794,1.000000000000001,1.8402245628093787,2.840700634586568,972.1801832700473
9.068314692839827,-43.27684687917785,1.0000000000000009,1.840428623695722,2.8410624466438748,972.1596453102854
9.070256779430819,-43.28672401385973,1.0000000000000009,1.8406337045912196,2.8414242568309476,972.1394571026236
9.07219647585447,-43.29660162135083,1.0000000000000009,1.8408398069975362,2.841786065216354,972.1196193540824
9.074133777022903,-43.306479702458454,1.0000000000000009,1.841046932416603,2.8421478718682494,972.1001327716845
9.076068677844447,-43.31635825799005,1.0000000000000009,1.8412550823507736,2.8425096768546894,972.0809980624499
9.07800117322365,-43.326237288753234,1.0000000000000009,1.8414642583026897,2.8428714802432182,972.062215933401
9.07993125806126,-43.33611679555572,1.0000000000000009,1.8416744617753587,2.843233282101366,972.0437870915601
9.081858927254224,-43.34599677920534,1.0000000000000009,1.8418856942721433,2.8435950824961225,972.0257122439476
9.083784175695683,-43.3558772405101,1.0000000000000009,1.8420979572967333,2.843956881494506,972.0079920975859
9.085706998274972,-43.36575818027808,1.0000000000000009,1.8423112523531593,2.844318679163095,971.9906273594959
9.087627389877596,-43.3756395993175,1.0000000000000009,1.8425255809458285,2.844680475568083,971.9736187366996
9.08954534538525,-43.385521498436745,1.0000000000000009,1.8427409445794858,2.8450422707756218,971.9569669362185
9.091460859675799,-43.395403878444235,1.0000000000000009,1.8429573447591956,2.84540406485128,971.9406726650737
9.09337392762327,-43.40528674014859,1.0000000000000009,1.8431747829904133,2.845765857860698,971.9247366302875
9.095284544097858,-43.41517008435853,1.0000000000000009,1.843393260778928,2.8461276498689188,971.9091595388808
9.097192703965908,-43.42505391188286,1.0000000000000009,1.843612779630842,2.8464894409409,971.8939420978759
9.099098402089924,-43.434938223530565,1.0000000000000009,1.8438333410526653,2.8468512311412724,971.879085014294
9.101001633328545,-43.44482302011067,1.0000000000000009,1.8440549465512213,2.847213020534241,971.864588995156
9.102902392536564,-43.45470830243239,1.0000000000000009,1.8442775976336954,2.8475748091839677,971.8504547474851
9.104800674564896,-43.464594071305,1.0000000000000009,1.8445012958076248,2.8479365971540744,971.8366829783012
9.106696474260593,-43.47448032753792,1.0000000000000009,1.8447260425808842,2.8482983845081407,971.8232743946269
9.10858978646683,-43.48436707194068,1.0000000000000009,1.8449518394617215,2.848660171309149,971.810229703483
9.110480606022895,-43.49425430532288,1.0000000000000009,1.8451786879587324,2.849021957619968,971.7975496118914
9.112368927764198,-43.504142028494314,1.0000000000000009,1.8454065895808682,2.849383743503253,971.785234826874
9.11425474652225,-43.51403024226478,1.0000000000000009,1.8456355458374034,2.849745529021206,971.7732860554516
9.116138057124664,-43.52391894744427,1.0000000000000009,1.8458655582380032,2.8501073142357853,971.7617040046471
9.118018854395157,-43.53380814484285,1.0000000000000009,1.8460966282926847,2.8504690992086097,971.7504893814806
9.119897133153529,-43.54369783527068,1.0000000000000009,1.8463287575117917,2.850830884001084,971.7396428929746
9.121772888215673,-43.553588019538026,1.0000000000000009,1.8465619474060446,2.85119266867423,971.7291652461506
9.123646114393553,-43.563478698455306,1.000000000000001,1.8467961994865334,2.851554453288756,971.7190571480295
9.125516806495218,-43.573369872832956,1.0000000000000009,1.8470315152646712,2.851916237905158,971.7093193056331
9.127384959324784,-43.58326154348158,1.0000000000000009,1.8472678962522409,2.8522780225834907,971.6999524259833
9.129250567682423,-43.593153711211855,1.000000000000001,1.8475053439614086,2.852639807383497,971.6909572161022
9.13111362636437,-43.60304637683456,1.0000000000000009,1.8477438599046607,2.8530015923648477,971.6823343830099
9.132974130162921,-43.61293954116058,1.0000000000000009,1.8479834455948527,2.8533633775866747,971.674084633729
9.134832073866406,-43.62283320500088,1.0000000000000009,1.8482241025452204,2.8537251631077396,971.6662086752809
9.136687452259201,-43.63272736916653,1.0000000000000009,1.848465832269337,2.854086948986705,971.6587072146873
9.138540260121724,-43.64262203446869,1.0000000000000009,1.848708636281124,2.8544487352817924,971.6515809589691
9.140390492230416,-43.65251720171862,1.000000000000001,1.8489525160949043,2.8548105220507978,971.6448306151484
9.142238143357748,-43.662412871727646,1.0000000000000009,1.8491974732253205,2.8551723093515164,971.6384568902469
9.144083208272205,-43.67230904530723,1.0000000000000009,1.849443509187406,2.8555340972411045,971.6324604912858
9.145925681738293,-43.68220572326888,1.0000000000000009,1.8496906254965317,2.855895885776448,971.626842125287
9.147765558516515,-43.69210290642421,1.000000000000001,1.849938823668456,2.8562576750141915,971.6216024992718
9.149602833363389,-43.702000595584934,1.0000000000000009,1.8501881052192957,2.8566194650107235,971.6167423202618
9.151437501031417,-43.71189879156281,1.000000000000001,1.8504384716654982,2.8569812558218928,971.6122622952786
9.153269556269107,-43.72179749516973,1.0000000000000009,1.8506899245239055,2.85734304750342,971.608163131344
9.155098993820939,-43.73169670721764,1.0000000000000009,1.8509424653117392,2.8577048401105145,971.604445535479
9.156925808427381,-43.74159642851855,1.0000000000000009,1.851196095546527,2.858066633698215,971.601110214706
9.158749994824875,-43.7514966598846,1.000000000000001,1.8514508167462225,2.858428428321062,971.5981578760458
9.16057154774582,-43.76139740212798,1.0000000000000009,1.8517066304291205,2.8587902240335126,971.5955892265204
9.162390461918593,-43.77129865606094,1.0000000000000009,1.8519635381138855,2.8591520208892973,971.5934049731511
9.164206732067518,-43.78120042249586,1.0000000000000009,1.8522215413195475,2.8595138189421903,971.5916058229595
9.166020352912877,-43.79110270224513,1.0000000000000009,1.8524806415654993,2.8598756182453826,971.590192482967
9.167831319170894,-43.80100549612127,1.000000000000001,1.8527408403714958,2.8602374188518382,971.5891656601962
9.169639625553735,-43.81090880493683,1.0000000000000009,1.8530021392576757,2.8605992208142084,971.5885260616673
9.171445266769496,-43.82081262950447,1.0000000000000009,1.853264539744547,2.8609610241845758,971.5882743944023
9.173248237522198,-43.830716970636885,1.0000000000000009,1.8535280433529806,2.861322829014881,971.5884113654234
9.175048532511806,-43.84062182914688,1.0000000000000009,1.8537926516041985,2.8616846353567524,971.5889376817518
9.17684614643417,-43.85052720584728,1.000000000000001,1.8540583660198386,2.8620464432612494,971.5898540504083
9.17864107398108,-43.86043310155102,1.0000000000000009,1.8543251881218659,2.8624082527793178,971.591161178416
9.180433309840206,-43.87033951707105,1.0000000000000009,1.854593119432657,2.862770063961264,971.5928597727947
9.18222284869514,-43.880246453220465,1.0000000000000009,1.8548621614749052,2.863131876857395,971.5949505405672
9.184009685225355,-43.89015391081233,1.000000000000001,1.8551323157717192,2.8634936915174194,971.5974341887547
9.185793814106212,-43.90006189065984,1.0000000000000009,1.8554035838465879,2.863855507990735,971.6003114243791
9.187575230008964,-43.909970393576224,1.0000000000000009,1.8556759672233234,2.8642173263263544,971.6035829544613
9.18935392760072,-43.919879420374755,1.000000000000001,1.8559494674261856,2.864579146572936,971.6072494860233
9.19112990154448,-43.92978897186878,1.0000000000000009,1.8562240859797399,2.8649409687787966,971.6113117260865
9.192903146499102,-43.939699048871724,1.0000000000000009,1.8564998244089495,2.865302792991983,971.6157703816727
9.194673657119294,-43.94960965219703,1.0000000000000009,1.8567766842391649,2.865664619260045,971.6206261598032
9.196441428055628,-43.95952078265822,1.0000000000000009,1.8570546669961239,2.8660264476300625,971.6258797674994
9.198206453954516,-43.96943244106885,1.0000000000000009,1.8573337742059017,2.8663882781490315,971.6315319117836
9.199968729458215,-43.97934462824253,1.0000000000000009,1.8576140073949716,2.86675011086335,971.6375832996769
9.201728249204812,-43.98925734499294,1.0000000000000009,1.8578953680901975,2.867111945819076,971.6440346382009
9.203485007828226,-43.999170592133794,1.000000000000001,1.8581778578188022,2.8674737830620103,971.650886634377
9.205238999958203,-44.009084370478845,1.0000000000000009,1.8584614781083921,2.8678356226374007,971.6581399952267
9.2069902202203,-44.01899868084191,1.0000000000000009,1.8587462304869469,2.868197464590324,971.6657954277724
9.208738663235884,-44.02891352403683,1.000000000000001,1.8590321164828545,2.8685593089651604,971.6738536390346
9.210484323622135,-44.03882890087751,1.000000000000001,1.8593191376248548,2.8689211558063192,971.6823153360352
9.212227195992027,-44.048744812177894,1.0000000000000009,1.859607295442057,2.869283005157456,971.691181225796
9.213967274954323,-44.05866125875194,1.0000000000000009,1.8598965914639827,2.8696448570620987,971.7004520153386
9.215704555113584,-44.06857824141368,1.0000000000000009,1.8601870272205296,2.8700067115631924,971.710128411684
9.217439031070143,-44.07849576097717,1.0000000000000009,1.8604786042419619,2.8703685687034266,971.7202111218548
9.219170697420113,-44.0884138182565,1.0000000000000009,1.8607713240589305,2.87073042852505,971.7307008528717
9.220899548755371,-44.098332414065794,1.000000000000001,1.8610651882025024,2.8710922910698855,971.7415983117565
9.222625579663566,-44.1082515492192,1.0000000000000009,1.8613601982040748,2.8714541563794,971.752904205531
9.224348784728097,-44.11817122453092,1.0000000000000009,1.861656355595457,2.8718160244947057,971.7646192412161
9.226069158528112,-44.12809144081518,1.0000000000000009,1.86195366190886,2.872177895456417,971.7767441258338
9.227786695638512,-44.13801219888625,1.000000000000001,1.862252118676853,2.8725397693048933,971.789279566406
9.229501390629933,-44.14793349955839,1.000000000000001,1.8625517274324004,2.8729016460798533,971.8022262699538
9.231213238068742,-44.15785534364593,1.0000000000000009,1.8628524897088568,2.873263525820917,971.8155849434986
9.232922232517033,-44.16777773196317,1.0000000000000009,1.863154407039957,2.8736254085670083,971.8293562940626
9.234628368532624,-44.17770066532448,1.0000000000000009,1.86345748095982,2.8739872943567377,971.8435410286676
9.236331640669041,-44.18762414454427,1.0000000000000009,1.8637617130029795,2.8743491832286168,971.8581398543337
9.238032043475531,-44.19754817043691,1.0000000000000009,1.864067104704315,2.874711075220162,971.8731534780837
9.239729571497024,-44.20747274381685,1.0000000000000009,1.8643736575991596,2.875072970368919,971.8885826069392
9.241424219274162,-44.2173978654985,1.0000000000000009,1.86468137322316,2.8754348687119062,971.9044279479209
9.243115981343271,-44.227323536296325,1.000000000000001,1.8649902531123992,2.875796770285632,971.920690208051
9.244804852236364,-44.237249757024834,1.0000000000000009,1.8653002988033514,2.876158675126362,971.9373700943511
9.246490826481121,-44.247176528498464,1.0000000000000009,1.8656115118328636,2.876520583269752,971.9544683138423
9.248173898600905,-44.257103851531745,1.0000000000000009,1.8659238937381915,2.876882494751129,971.9719855735469
9.249854063114741,-44.267031726939194,1.0000000000000009,1.8662374460569673,2.8772444096054812,971.9899225804857
9.251531314537308,-44.27696015553532,1.0000000000000009,1.8665521703272354,2.877606327867184,972.0082800416808
9.253205647378948,-44.28688913813466,1.0000000000000009,1.8668680680874026,2.877968249570401,972.0270586641536
9.254877056145633,-44.29681867555174,1.000000000000001,1.8671851408763303,2.8783301747485694,972.0462591549253
9.25654553533899,-44.306748768601125,1.000000000000001,1.8675033902331997,2.8786921034350144,972.0658822210185
9.258211079456276,-44.31667941809735,1.000000000000001,1.8678228176976361,2.8790540356624916,972.0859285694535
9.25987368299037,-44.32661062485496,1.000000000000001,1.8681434248096451,2.879415971463274,972.1063989072526
9.26153334042978,-44.33654238968851,1.0000000000000009,1.8684652131096442,2.879777910869194,972.1272939414371
9.263190046258623,-44.34647471341256,1.0000000000000009,1.8687881841384204,2.8801398539117997,972.1486143790288
9.264843794956628,-44.35640759684166,1.000000000000001,1.8691123394371907,2.880501800622085,972.170360927049
9.266494580999124,-44.36634104079036,1.0000000000000007,1.8694376805475343,2.88086375103056,972.1925342925194
9.268142398857037,-44.37627504607318,1.0000000000000009,1.8697642090114606,2.8812257051673527,972.2151351824618
9.269787242996887,-44.38620961350468,1.0000000000000009,1.8700919263713622,2.881587663062149,972.2381643038975
9.271429107880767,-44.396144743899384,1.0000000000000009,1.8704208341700408,2.8819496247441805,972.261622363848
9.27306798796636,-44.406080438071804,1.0000000000000009,1.8707509339506778,2.8823115902422387,972.2855100693348
9.274703877706907,-44.41601669683645,1.0000000000000009,1.8710822272568954,2.882673559584589,972.30982812738
9.276336771551225,-44.42595352100784,1.0000000000000009,1.871414715632671,2.883035532799127,972.3345772450044
9.27796666394368,-44.43589091140045,1.0000000000000009,1.871748400622419,2.883397509913351,972.3597581292303
9.279593549324186,-44.44582886882872,1.0000000000000009,1.872083283770941,2.8837594909541338,972.3853714870789
9.28121742212822,-44.45576739410713,1.0000000000000009,1.8724193666234363,2.8841214759479215,972.4114180255717
9.28283827678678,-44.46570648805012,1.0000000000000009,1.8727566507255275,2.884483464920905,972.4378984517305
9.284456107726397,-44.47564615147209,1.0000000000000009,1.8730951376232383,2.8848454578985496,972.4648134725765
9.28607090936914,-44.48558638518744,1.000000000000001,1.8734348288629583,2.88520745490608,972.492163795132
9.28768267613259,-44.49552719001054,1.000000000000001,1.8737757259915426,2.8855694559680245,972.5199501264177
9.289291402429841,-44.505468566755745,1.0000000000000009,1.8741178305562158,2.8859314611085978,972.5481731734552
9.290897082669483,-44.51541051623738,1.0000000000000009,1.8744611441046288,2.886293470351532,972.5768336432668
9.292499711255626,-44.52535303926972,1.0000000000000009,1.874805668184802,2.8866554837199914,972.6059322428738
9.294099282587858,-44.53529613666704,1.0000000000000009,1.8751514043452033,2.8870175012368833,972.6354696792976
9.29569579106126,-44.54523980924359,1.0000000000000009,1.875498354134706,2.8873795229243484,972.6654466595594
9.297289231066394,-44.55518405781356,1.000000000000001,1.8758465191025735,2.8877415488042146,972.6958638906812
9.298879596989288,-44.56512888319112,1.000000000000001,1.876195900798482,2.888103578897855,972.7267220796849
9.300466883211445,-44.575074286190436,1.000000000000001,1.8765465007725304,2.8884656132262023,972.7580219335919
9.302051084109825,-44.58502026762556,1.0000000000000009,1.8768983205752292,2.888827651809393,972.7897641594228
9.303632194056844,-44.59496682831057,1.000000000000001,1.8772513617574802,2.889189694667408,972.8219494642007
9.305210207420366,-44.604913969059524,1.0000000000000007,1.877605625870622,2.8895517418197585,972.8545785549458
9.306785118563688,-44.61486169068635,1.0000000000000009,1.8779611144663733,2.8899137932851318,972.8876521386806
9.308356921845556,-44.62480999400503,1.000000000000001,1.878317829096904,2.890275849082059,972.9211709224262
9.309925611620127,-44.634758879829434,1.000000000000001,1.8786757713147715,2.8906379092284595,972.9551356132044
9.311491182236987,-44.64470834897341,1.0000000000000009,1.8790349426729698,2.8909999737416285,972.9895469180364
9.313053628041137,-44.65465840225077,1.0000000000000009,1.8793953447248732,2.8913620426386473,973.0244055439442
9.314612943372985,-44.66460904047526,1.0000000000000009,1.8797569790243003,2.891724115935844,973.0597121979498
9.31616912256834,-44.674560264460595,1.0000000000000009,1.8801198471254743,2.8920861936491775,973.0954675870734
