galstreams/tracks/track.st.C-24.ibata2024.ecsv
# %ECSV 1.0
# ---
# datatype:
# - {name: ra, unit: deg, datatype: float64}
# - {name: dec, unit: deg, datatype: float64}
# - {name: distance, unit: kpc, datatype: float64}
# - {name: pm_ra_cosdec, unit: mas / yr, datatype: float64}
# - {name: pm_dec, unit: mas / yr, datatype: float64}
# - {name: radial_velocity, unit: km / s, datatype: float64}
# delimiter: ','
# meta: !!omap
# - __serialized_columns__:
#     dec:
#       __class__: astropy.coordinates.angles.Latitude
#       unit: &id001 !astropy.units.Unit {unit: deg}
#       value: !astropy.table.SerializedColumn {name: dec}
#     distance:
#       __class__: astropy.coordinates.distances.Distance
#       unit: !astropy.units.Unit {unit: kpc}
#       value: !astropy.table.SerializedColumn {name: distance}
#     pm_dec:
#       __class__: astropy.units.quantity.Quantity
#       unit: !astropy.units.Unit {unit: mas / yr}
#       value: !astropy.table.SerializedColumn {name: pm_dec}
#     pm_ra_cosdec:
#       __class__: astropy.units.quantity.Quantity
#       unit: !astropy.units.Unit {unit: mas / yr}
#       value: !astropy.table.SerializedColumn {name: pm_ra_cosdec}
#     ra:
#       __class__: astropy.coordinates.angles.Longitude
#       unit: *id001
#       value: !astropy.table.SerializedColumn {name: ra}
#       wrap_angle: !astropy.coordinates.Angle
#         unit: *id001
#         value: 360.0
#     radial_velocity:
#       __class__: astropy.units.quantity.Quantity
#       unit: !astropy.units.Unit {unit: km / s}
#       value: !astropy.table.SerializedColumn {name: radial_velocity}
# schema: astropy-2.0
ra,dec,distance,pm_ra_cosdec,pm_dec,radial_velocity
143.3614578759173,35.079134198119455,0.9999999999999992,0.7549133264959826,-0.7020725752451922,-18.045574627049746
143.36318692136837,35.08933669726322,0.9999999999999993,0.7552946554763629,-0.7018005784090373,-18.042099804989505
143.36492061661494,35.09953771759628,0.9999999999999996,0.7556753529093743,-0.7015288538757067,-18.03866579247851
143.3666589605685,35.109737259827554,0.9999999999999993,0.7560554191690454,-0.7012574015193889,-18.035272559066456
143.36840195214037,35.11993532466575,0.9999999999999996,0.7564348546293926,-0.7009862212141602,-18.031920074302988
143.37014959024188,35.1301319128193,0.9999999999999994,0.756813659664427,-0.7007153128339818,-18.028608307737816
143.3719018737843,35.14032702499635,0.9999999999999993,0.7571918346481512,-0.7004446762527086,-18.025337228920588
143.37365880167877,35.15052066190483,0.9999999999999994,0.7575693799545542,-0.7001743113440746,-18.02210680740099
143.37542037283643,35.16071282425235,0.9999999999999996,0.7579462959576249,-0.6999042179817079,-18.018917012728707
143.37718658616816,35.1709035127463,0.9999999999999994,0.7583225830313314,-0.6996343960391203,-18.015767814453415
143.37895744058505,35.18109272809378,0.9999999999999996,0.758698241549645,-0.6993648453897108,-18.01265918212477
143.3807329349979,35.19128047100165,0.9999999999999994,0.7590732718865203,-0.6990955659067692,-18.009591085292474
143.3825130683175,35.201466742176486,0.9999999999999994,0.7594476744159062,-0.6988265574634673,-18.006563493506185
143.38429783945458,35.21165154232463,0.9999999999999994,0.759821449511741,-0.6985578199328677,-18.003576376315593
143.38608724731975,35.221834872152115,0.9999999999999994,0.7601945975479554,-0.6982893531879204,-18.000629703270366
143.38788129082363,35.23201673236476,0.9999999999999994,0.7605671188984691,-0.6980211571014601,-17.997723443920187
143.38967996887658,35.24219712366804,0.9999999999999993,0.7609390139371952,-0.6977532315462103,-17.994857567814726
143.39148328038917,35.25237604676734,0.9999999999999994,0.761310283038038,-0.6974855763947789,-17.99203204450365
143.39329122427162,35.262553502367616,0.9999999999999994,0.7616809265748885,-0.6972181915196656,-17.98924684353666
143.39510379943422,35.27272949117359,0.9999999999999996,0.7620509449216326,-0.6969510767932561,-17.986501934463416
143.3969210047871,35.28290401388979,0.9999999999999994,0.7624203384521466,-0.6966842320878173,-17.98379728683359
143.39874283924033,35.29307707122041,0.9999999999999994,0.7627891075402959,-0.6964176572755088,-17.98113287019687
143.40056930170394,35.30324866386943,0.9999999999999996,0.7631572525599386,-0.6961513522283767,-17.97850865410294
143.40240039108787,35.313418792540546,0.9999999999999993,0.7635247738849218,-0.6958853168183528,-17.975924608101447
143.4042361063019,35.32358745793718,0.9999999999999994,0.7638916718890851,-0.6956195509172551,-17.97338070174209
143.40607644625587,35.33375466076252,0.9999999999999993,0.764257946946258,-0.6953540543967898,-17.970876904574546
143.40792140985937,35.34392040171947,0.9999999999999993,0.7646235994302613,-0.695088827128552,-17.968413186148478
143.40977099602202,35.354084681510706,0.9999999999999994,0.7649886297149044,-0.6948238689840165,-17.965989516013572
143.41162520365327,35.36424750083859,0.9999999999999994,0.7653530381739893,-0.6945591798345536,-17.963605863719504
143.41348403166262,35.37440886040525,0.9999999999999994,0.7657168251813096,-0.6942947595514153,-17.96126219881595
143.41534747895932,35.38456876091257,0.9999999999999993,0.7660799911106464,-0.6940306080057408,-17.958958490852584
143.41721554445266,35.39472720306215,0.9999999999999994,0.7664425363357747,-0.6937667250685575,-17.95669470937909
143.41908822705176,35.40488418755533,0.9999999999999994,0.766804461230457,-0.6935031106107783,-17.95447082394513
143.4209655256657,35.415039715093194,0.9999999999999993,0.7671657661684503,-0.6932397645032045,-17.95228680410039
143.42284743920345,35.42519378637657,0.9999999999999996,0.7675264515234976,-0.6929766866165221,-17.950142619394548
143.4247339665739,35.435346402106006,0.9999999999999994,0.7678865176693364,-0.6927138768213035,-17.948038239377265
143.42662510668586,35.44549756298179,0.9999999999999994,0.768245964979692,-0.6924513349880117,-17.945973633598232
143.428520858448,35.455647269703995,0.9999999999999993,0.7686047938282807,-0.6921890609869923,-17.943948771607133
143.43042122076898,35.465795522972364,0.9999999999999994,0.7689630045888114,-0.6919270546884788,-17.941963622953622
143.4323261925573,35.47594232348645,0.9999999999999993,0.7693205976349797,-0.6916653159625903,-17.940018157187403
143.43423577272134,35.486087671945455,0.9999999999999993,0.7696775733404735,-0.6914038446793356,-17.93811234385812
143.43614996016953,35.496231569048426,0.9999999999999994,0.7700339320789731,-0.6911426407086068,-17.936246152515476
143.43806875381006,35.50637401549407,0.9999999999999996,0.7703896742241465,-0.6908817039201831,-17.934419552709144
143.4399921525511,35.51651501198085,0.9999999999999994,0.7707448001496529,-0.6906210341837333,-17.932632513988775
143.4419201553007,35.52665455920702,0.9999999999999994,0.7710993102291412,-0.6903606313688089,-17.93088500590408
143.4438527609668,35.53679265787043,0.9999999999999993,0.7714532048362523,-0.6901004953448495,-17.92917699800471
143.4457899684573,35.54692930866897,0.9999999999999994,0.7718064843446142,-0.6898406259811805,-17.92750845984036
143.44773177667992,35.557064512299846,0.9999999999999993,0.772159149127851,-0.689581023147017,-17.925879360960696
143.44967818454236,35.567198269460384,0.9999999999999994,0.7725111995595679,-0.6893216867114562,-17.92428967091539
143.45162919095222,35.577330580847445,0.9999999999999994,0.7728626360133724,-0.6890626165434839,-17.922739359254127
143.45358479481695,35.5874614471577,0.9999999999999996,0.7732134588628514,-0.6888038125119715,-17.921228395526587
143.45554499504394,35.59759086908752,0.9999999999999994,0.7735636684815872,-0.6885452744856786,-17.919756749282428
143.45750979054043,35.607718847333054,0.9999999999999996,0.7739132652431508,-0.6882870023332504,-17.918324390071344
143.45947918021363,35.617845382590154,0.9999999999999994,0.7742622495211042,-0.6880289959232164,-17.916931287443003
143.4614531629706,35.62797047555447,0.9999999999999996,0.7746106216890003,-0.6877712551239958,-17.915577410947087
143.4634317377183,35.63809412692132,0.9999999999999994,0.7749583821203798,-0.6875137798038933,-17.91426273013327
143.46541490336367,35.64821633738581,0.9999999999999994,0.7753055311887751,-0.6872565698310991,-17.912987214551222
143.46740265881346,35.65833710764281,0.9999999999999993,0.7756520692677102,-0.6869996250736885,-17.91175083375063
143.46939500297427,35.66845643838687,0.9999999999999994,0.7759979967306943,-0.6867429453996268,-17.910553557281172
143.47139193475272,35.678574330312294,0.9999999999999996,0.7763433139512321,-0.6864865306767634,-17.909395354692506
143.47339345305528,35.68869078411317,0.9999999999999994,0.7766880213028151,-0.6862303807728336,-17.90827619553433
143.4753995567883,35.69880580048328,0.9999999999999993,0.7770321191589273,-0.6859744955554619,-17.907196049356305
143.477410244858,35.708919380116185,0.9999999999999994,0.7773756078930392,-0.6857188748921543,-17.906154885708112
143.47942551617055,35.71903152370516,0.9999999999999993,0.7777184878786134,-0.685463518650308,-17.905152674139437
143.481445369632,35.72914223194324,0.9999999999999994,0.7780607594891044,-0.6852084266972034,-17.904189384199938
143.48346980414829,35.73925150552318,0.9999999999999996,0.7784024230979519,-0.6849535989000084,-17.90326498543931
143.48549881862522,35.749359345137506,0.9999999999999993,0.7787434790785908,-0.6846990351257787,-17.902379447407213
143.48753241196854,35.75946575147845,0.9999999999999996,0.7790839278044434,-0.6844447352414527,-17.901532739653334
143.48957058308383,35.769570725238026,0.9999999999999993,0.7794237696489201,-0.684190699113858,-17.900724831727345
143.49161333087656,35.779674267107964,0.9999999999999994,0.779763004985424,-0.6839369266097073,-17.89995569317892
143.49366065425218,35.789776377779745,0.9999999999999994,0.7801016341873475,-0.683683417595601,-17.899225293557745
143.49571255211598,35.799877057944585,0.9999999999999992,0.7804396576280745,-0.6834301719380247,-17.898533602413487
143.49776902337305,35.809976308293464,0.9999999999999994,0.7807770756809717,-0.6831771895033489,-17.897880589295834
143.4998300669285,35.82007412951707,0.9999999999999996,0.7811138887194067,-0.682924470157833,-17.89726622375445
143.50189568168727,35.83017052230585,0.9999999999999994,0.7814500971167279,-0.6826720137676221,-17.896690475339007
143.5039658665542,35.84026548735002,0.9999999999999994,0.781785701246277,-0.6824198201987468,-17.896153313599193
143.50604062043396,35.85035902533945,0.9999999999999994,0.7821207014813859,-0.6821678893171224,-17.89565470808469
143.50811994223127,35.86045113696393,0.9999999999999993,0.7824550981953762,-0.6819162209885543,-17.895194628345152
143.51020383085051,35.87054182291282,0.9999999999999994,0.7827888917615572,-0.6816648150787321,-17.894773043930286
143.5122922851961,35.880631083875315,0.9999999999999994,0.783122082553231,-0.6814136714532304,-17.89438992438974
143.51438530417232,35.89071892054029,0.9999999999999996,0.7834546709436865,-0.6811627899775119,-17.8940452392732
143.51648288668326,35.90080533359641,0.9999999999999994,0.7837866573062052,-0.6809121705169263,-17.893738958130356
143.51858503163302,35.91089032373209,0.9999999999999993,0.7841180420140575,-0.6806618129367079,-17.89347105051086
143.52069173792543,35.920973891635455,0.9999999999999993,0.7844488254405014,-0.6804117171019772,-17.893241485964406
143.52280300446435,35.9310560379944,0.9999999999999994,0.7847790079587869,-0.6801618828777412,-17.893050234040672
143.52491883015344,35.94113676349655,0.9999999999999993,0.7851085899421536,-0.6799123101288949,-17.892897264289317
143.52703921389622,35.95121606882928,0.9999999999999993,0.7854375717638299,-0.679662998720217,-17.89278254626003
143.52916415459617,35.96129395467972,0.9999999999999994,0.785765953797035,-0.679413948516375,-17.892706049502483
143.5312936511566,35.97137042173474,0.9999999999999993,0.786093736414975,-0.6791651593819197,-17.892667743566367
143.53342770248068,35.98144547068091,0.9999999999999997,0.7864209199908496,-0.6789166311812909,-17.89266759800134
143.5355663074715,35.99151910220463,0.9999999999999994,0.7867475048978453,-0.6786683637788147,-17.89270558235708
143.53770946503207,36.00159131699198,0.9999999999999993,0.7870734915091415,-0.6784203570387008,-17.892781666183268
143.53985717406508,36.011662115728804,0.9999999999999993,0.7873988801979014,-0.6781726108250465,-17.89289581902959
143.5420094334734,36.02173149910071,0.9999999999999993,0.7877236713372844,-0.6779251250018361,-17.8930480104457
143.54416624215952,36.031799467793014,0.9999999999999994,0.7880478653004342,-0.6776778994329415,-17.893238209981288
143.54632759902591,36.04186602249081,0.9999999999999994,0.7883714624604878,-0.6774309339821176,-17.893466387186034
143.54849350297496,36.051931163878926,0.9999999999999993,0.7886944631905713,-0.6771842285130081,-17.893732511609613
143.5506639529088,36.06199489264193,0.9999999999999992,0.789016867863797,-0.6769377828891416,-17.894036552801698
143.55283894772955,36.07205720946414,0.9999999999999994,0.7893386768532697,-0.6766915969739342,-17.894378480311957
143.5550184863392,36.08211811502965,0.9999999999999993,0.7896598905320861,-0.6764456706306863,-17.894758263690086
143.55720256763956,36.092177610022226,0.9999999999999994,0.7899805092733262,-0.6762000037225895,-17.895175872485748
143.5593911905323,36.10223569512547,0.9999999999999994,0.7903005334500652,-0.6759545961127138,-17.895631276248615
143.56158435391907,36.112292371022676,0.9999999999999994,0.7906199634353657,-0.6757094476640244,-17.89612444452838
143.56378205670126,36.1223476383969,0.9999999999999994,0.7909387996022783,-0.6754645582393652,-17.89665534687469
143.56598429778023,36.13240149793093,0.9999999999999996,0.7912570423238469,-0.6752199277014714,-17.897223952837262
143.56819107605716,36.14245395030734,0.9999999999999994,0.7915746919731009,-0.6749755559129631,-17.89783023196574
143.57040239043306,36.1525049962084,0.9999999999999994,0.791891748923061,-0.6747314427363471,-17.898474153809815
143.57261823980892,36.16255463631612,0.9999999999999993,0.7922082135467382,-0.6744875880340151,-17.89915568791915
143.57483862308553,36.172602871312385,0.9999999999999994,0.7925240862171324,-0.6742439916682468,-17.899874803843442
143.57706353916353,36.1826497018787,0.9999999999999994,0.7928393673072317,-0.6740006535012077,-17.900631471132364
143.57929298694347,36.19269512869633,0.9999999999999993,0.7931540571900155,-0.673757573394951,-17.901425659335573
143.58152696532576,36.20273915244633,0.9999999999999994,0.793468156238453,-0.6735147512114124,-17.902257338002762
143.58376547321066,36.21278177380947,0.9999999999999996,0.7937816648254992,-0.6732721868124192,-17.903126476683596
143.5860085094983,36.222822993466295,0.9999999999999994,0.7940945833241039,-0.6730298800596823,-17.90403304492777
143.5882560730887,36.232862812097075,0.9999999999999993,0.7944069121072019,-0.6727878308147996,-17.904977012284938
143.59050816288166,36.242901230381854,0.9999999999999993,0.7947186515477196,-0.6725460389392557,-17.905958348304786
143.592764777777,36.2529382490004,0.9999999999999993,0.7950298020185741,-0.6723045042944209,-17.906977022536996
143.59502591667425,36.26297386863227,0.9999999999999993,0.7953403638926678,-0.6720632267415516,-17.90803300453124
143.59729157847286,36.27300808995671,0.9999999999999994,0.7956503375428965,-0.671822206141794,-17.909126263837198
143.5995617620722,36.28304091365276,0.9999999999999994,0.7959597233421434,-0.6715814423561777,-17.91025677000454
143.60183646637137,36.2930723403992,0.9999999999999994,0.7962685216632823,-0.6713409352456177,-17.91142449258294
143.6041156902695,36.30310237087456,0.9999999999999996,0.796576732879176,-0.6711006846709209,-17.912629401122082
143.60639943266546,36.31313100575712,0.9999999999999996,0.7968843573626756,-0.6708606904927741,-17.913871465171646
143.60868769245798,36.32315824572491,0.9999999999999994,0.797191395486624,-0.6706209525717561,-17.915150654281284
143.61098046854568,36.3331840914557,0.9999999999999996,0.7974978476238497,-0.6703814707683298,-17.916466938000706
143.61327775982713,36.343208543627036,0.9999999999999994,0.7978037141471765,-0.6701422449428449,-17.91782028587957
143.61557956520053,36.353231602916196,0.9999999999999996,0.7981089954294112,-0.6699032749555367,-17.919210667467556
143.6178858835642,36.3632532700002,0.9999999999999994,0.7984136918433531,-0.6696645606665315,-17.92063805231433
143.62019671381614,36.37327354555584,0.9999999999999996,0.7987178037617925,-0.6694261019358367,-17.922102409969582
143.6225120548543,36.38329243025965,0.9999999999999997,0.7990213315575059,-0.6691878986233504,-17.923603709982988
143.6248319055764,36.39330992478792,0.9999999999999998,0.7993242756032609,-0.6689499505888548,-17.92514192190422
143.6271562648801,36.40332602981669,0.9999999999999996,0.7996266362718155,-0.668712257692019,-17.926717015282957
143.62948513166288,36.41334074602174,0.9999999999999997,0.799928413935913,-0.6684748197924031,-17.92832895966887
143.63181850482206,36.42335407407864,0.9999999999999997,0.8002296089682905,-0.6682376367494474,-17.929977724611643
143.63415638325483,36.43336601466265,0.9999999999999996,0.8005302217416739,-0.6680007084224842,-17.93166327966094
143.63649876585825,36.44337656844884,0.9999999999999994,0.8008302526287749,-0.667764034670729,-17.93338559436645
143.6388456515292,36.45338573611194,0.9999999999999996,0.8011297020023004,-0.6675276153532865,-17.935144638277844
143.6411970391645,36.46339351832668,0.9999999999999997,0.8014285702349393,-0.6672914503291492,-17.936940380944797
143.64355292766064,36.47339991576716,0.9999999999999994,0.8017268576993787,-0.667055539457192,-17.938772791916985
143.6459133159141,36.48340492910759,0.9999999999999996,0.8020245647682853,-0.6668198825961795,-17.9406418407441
