galstreams/tracks/track.st.NGC5466.ibata2021.ecsv
# %ECSV 0.9
# ---
# datatype:
# - {name: ra, unit: deg, datatype: float64}
# - {name: dec, unit: deg, datatype: float64}
# - {name: distance, unit: kpc, datatype: float64}
# - {name: pm_ra_cosdec, unit: mas / yr, datatype: float64}
# - {name: pm_dec, unit: mas / yr, datatype: float64}
# - {name: radial_velocity, unit: km / s, datatype: float64}
# delimiter: ','
# meta: !!omap
# - __serialized_columns__:
#     dec:
#       __class__: astropy.coordinates.angles.Latitude
#       unit: &id001 !astropy.units.Unit {unit: deg}
#       value: !astropy.table.SerializedColumn {name: dec}
#     distance:
#       __class__: astropy.coordinates.distances.Distance
#       unit: !astropy.units.Unit {unit: kpc}
#       value: !astropy.table.SerializedColumn {name: distance}
#     pm_dec:
#       __class__: astropy.units.quantity.Quantity
#       unit: !astropy.units.Unit {unit: mas / yr}
#       value: !astropy.table.SerializedColumn {name: pm_dec}
#     pm_ra_cosdec:
#       __class__: astropy.units.quantity.Quantity
#       unit: !astropy.units.Unit {unit: mas / yr}
#       value: !astropy.table.SerializedColumn {name: pm_ra_cosdec}
#     ra:
#       __class__: astropy.coordinates.angles.Longitude
#       unit: *id001
#       value: !astropy.table.SerializedColumn {name: ra}
#       wrap_angle: !astropy.coordinates.Angle
#         unit: *id001
#         value: 360.0
#     radial_velocity:
#       __class__: astropy.units.quantity.Quantity
#       unit: !astropy.units.Unit {unit: km / s}
#       value: !astropy.table.SerializedColumn {name: radial_velocity}
# schema: astropy-2.0
ra,dec,distance,pm_ra_cosdec,pm_dec,radial_velocity
[from data line 1090]
219.18077774904123,23.952435467185342,14.164441633790503,-6.36775100777197,-0.418192013446338,1.4104784942536167e-13
219.19004006049164,23.947103930547797,14.164178573913555,-6.368849439182913,-0.4175774672541423,1.3262708229548932e-13
219.19930249926722,23.941773056787472,14.16391660813949,-6.36994659206134,-0.41696367568004356,1.1368035625327657e-13
219.20856506735961,23.936442848201224,14.163655734050058,-6.371042461806197,-0.4163506427242918,7.368171238638296e-14
219.21782776676085,23.931113307085518,14.163395949227018,-6.372137043817359,-0.4157383723882804,1.1368035625327657e-13
219.2270905994632,23.925784435736436,14.163137251252124,-6.373230333495638,-0.4151268686745302,-3.157787673702127e-14
219.23635356745916,23.9204562364497,14.162879637707137,-6.374322326242769,-0.41451613558671246,-5.6840178126638284e-14
219.24561667274153,23.915128711520634,14.162623106173811,-6.375413017461432,-0.4139061771296201,-1.2631150694808506e-14
219.2548799173034,23.909801863244205,14.162367654233897,-6.376502402555236,-0.4132969973091909,1.0946997268834039e-13
219.26414330313824,23.904475693914986,14.162113279469153,-6.3775904769287175,-0.41268860013248965,6.315575347404253e-15
219.2734068322396,23.899150205827183,14.161859979461338,-6.37867723598735,-0.41208098960772455,1.3262708229548932e-13
219.28267050660145,23.893825401274622,14.161607751792205,-6.379762675137542,-0.41147416974422607,4.4209027431829774e-14
219.29193432821793,23.888501282550756,14.161356594043513,-6.3808467897866255,-0.41086814455246845,1.4315304120782974e-13
219.30119829908364,23.88317785194864,14.161106503797017,-6.381929575342867,-0.41026291804404974,9.47336302110638e-14
219.31046242119325,23.877855111761,14.160857478634465,-6.3830110272154705,-0.4096584942317024,1.642049590325106e-13
219.3197266965418,23.872533064280127,14.160609516137626,-6.384091140814559,-0.40905487712929284,1.1789073981821273e-13
219.32899112712468,23.86721171179798,14.16036261388825,-6.385169911551197,-0.4084520707518121,3.789345208442552e-14
219.33825571493742,23.861891056606126,14.160116769468093,-6.386247334837375,-0.4078500791153853,8.420767129872338e-15
219.34752046197585,23.856571100995755,14.159871980458906,-6.387323406086015,-0.40724890623726795,1.1157516447080849e-13
219.35678537023622,23.85125184725768,14.159628244442452,-6.388398120710967,-0.4066485561358382,1.0525958912340423e-14
219.36605044171483,23.845933297682336,14.159385559000484,-6.389471474127009,-0.406049032830609,1.3052189051302125e-13
219.3753156784085,23.840615454559803,14.159143921714762,-6.390543461749855,-0.4054503403422162,1.1157516447080849e-13
219.3845810823141,23.835298320179767,14.158903330167034,-6.3916140789961435,-0.404852482692424,1.620997672500425e-13
219.39384665542892,23.829981896831537,14.15866378193906,-6.392683321283446,-0.4042554639041227,1.1368035625327657e-13
219.40311239975048,23.82466618680406,14.158425274612599,-6.393751184030258,-0.4036592880013281,1.0736478090587231e-13
219.4123783172766,23.819351192385888,14.158187805769407,-6.394817662656003,-0.40306395900918146,2.5262301389617013e-14
219.4216444100053,23.814036915865227,14.157951372991231,-6.395882752581039,-0.40246948095394974,1.0104920555846805e-13
219.43091067993495,23.808723359529885,14.157715973859837,-6.396946449226649,-0.4018758578630204,4.8419410996765944e-14
219.44017712906418,23.803410525667307,14.157481605956974,-6.398008748015041,-0.4012830937649086,6.315575347404254e-14
219.44944375939187,23.79809841656456,14.157248266864398,-6.399069644369359,-0.4006911926892468,1.3262708229548932e-13
219.4587105729172,23.792787034508333,14.157015954163873,-6.40012913371366,-0.4001001586667953,1.5367900012017016e-13
219.4679775716396,23.787476381784955,14.15678466543715,-6.401187211472941,-0.3995099957294326,1.4525823299029783e-13
219.47724475755885,23.78216646068037,14.15655439826598,-6.4022438730731235,-0.3989207079101575,-1.894672604221276e-14
219.48651213267485,23.776857273480132,14.156325150232131,-6.403299113941053,-0.3983322992430933,6.315575347404253e-15
219.49577969898786,23.77154882246947,14.156096918917344,-6.404352929504503,-0.39774477376347955,1.0525958912340423e-14
219.50504745849847,23.766241109933183,14.15586970190339,-6.405405315192166,-0.39715813550767526,6.105056169157445e-14
219.5143154132075,23.760934138155747,14.15564349677201,-6.406456266433677,-0.3965723885131567,6.315575347404253e-15
219.52358356511596,23.75562790942123,14.15541830110497,-6.407505778659584,-0.3959875368185252,1.473634247727659e-14
219.5328519162252,23.750322426013337,14.155194112484022,-6.408553847301361,-0.3954035844634915,1.1578554803574466e-13
219.54212046853695,23.745017690215406,14.154970928490926,-6.409600467791412,-0.39482053548888646,1.4104784942536167e-13
219.55138922405303,23.739713704310404,14.15474874670743,-6.410645635563065,-0.39423839393665655,-3.9998643866893604e-14
219.56065818477558,23.73441047058091,14.154527564715298,-6.411689346050568,-0.3936571638498684,1.221011233831489e-13
219.5699273527071,23.729107991309156,14.154307380096286,-6.412731594689101,-0.3930768492726927,-6.947132882144679e-14
219.57919672985028,23.72380626877697,14.154088190432145,-6.413772376914764,-0.3924974542504315,3.368306851948935e-14
219.5884663182081,23.718505305265836,14.153869993304632,-6.414811688164583,-0.39191898282948456,5.2629794561702114e-14
219.5977361197838,23.713205103056858,14.153652786295503,-6.415849523876506,-0.39134143905737623,6.105056169157445e-14
219.6070061365809,23.70790566443076,14.153436566986512,-6.41688587948941,-0.39076482698273757,2.7367493172085098e-14
219.6162763706032,23.702606991667903,14.15322133295942,-6.417920750443085,-0.3901891506553144,1.1999593160068083e-13
219.6255468238548,23.69730908704828,14.153007081795984,-6.4189541321782535,-0.3896144141259635,1.1578554803574466e-13
219.63481749833997,23.692011952851498,14.152793811077952,-6.419986020136559,-0.38904062144665424,8.420767129872338e-14
219.64408839606332,23.68671559135681,14.15258151838709,-6.421016409760565,-0.3884677766704626,1.1999593160068083e-13
219.65335951902978,23.68142000484309,14.152370201305143,-6.422045296493765,-0.387895883851582,1.0525958912340423e-13
219.66263086924445,23.676125195588842,14.152159857413874,-6.423072675780565,-0.38732494704530945,1.5578419190263825e-13
219.67190244871276,23.6708311658722,14.151950484295035,-6.4240985430662985,-0.3867549703080516,1.0104920555846805e-13
219.68117425944035,23.66553791797092,14.151742079530388,-6.425122893797221,-0.38618595769732356,8.420767129872338e-15
219.6904463034332,23.660245454162407,14.15153464070168,-6.426145723420511,-0.38561791327175193,1.4315304120782974e-13
219.69971858269753,23.654953776723676,14.151328165390677,-6.427167027384263,-0.38505084109106436,8.420767129872338e-14
219.7089910992398,23.649662887931385,14.151122651179127,-6.428186801137498,-0.3844847452160992,1.3999525353412762e-13
219.7182638550668,23.644372790061816,14.15091809564879,-6.4292050401301575,-0.38391962970879995,5.4734986344170195e-14
219.72753685218552,23.639083485390884,14.15071449638142,-6.430221739813101,-0.38335549863221624,3.0525280845787224e-14
219.73681009260326,23.63379497619413,14.15051185095877,-6.431236895638111,-0.38279235605050327,1.5788938368510635e-14
219.7460835783276,23.62850726474674,14.150310156962608,-6.432250503057892,-0.38223020602891405,-7.894469184255317e-14
219.75535731136634,23.623220353323504,14.150109411974677,-6.433262557526062,-0.38166905263381856,-1.0525958912340423e-14
219.76463129372755,23.617934244198867,14.149909613576737,-6.434273054497167,-0.3811088999326782,9.262843842859572e-14
219.77390552741963,23.612648939646906,14.149710759350544,-6.435281989426668,-0.38054975199406066,9.894401377599997e-14
219.7831800144512,23.60736444194131,14.149512846877853,-6.4362893577709475,-0.37999161288763705,-2.1051917824680845e-15
219.7924547568311,23.602080753355413,14.149315873740422,-6.437295154987305,-0.3794344866841805,5.789277401787233e-14
219.80172975656856,23.59679787616218,14.14911983752001,-6.438299376533962,-0.3788783774555617,1.3683746586042549e-14
219.81100501567298,23.5915158126342,14.148924735798369,-6.439302017870057,-0.37832328927475595,4.73668151055319e-14
219.82028053615406,23.58623456504371,14.148730566157251,-6.44030307445565,-0.37776922621583886,3.157787673702127e-14
219.8295563200217,23.58095413566256,14.148537326178413,-6.441302541751716,-0.3772161923539804,2.7367493172085098e-14
219.8388323692862,23.575674526762246,14.148345013443622,-6.442300415220146,-0.376664191765453,3.0525280845787224e-14
219.84810868595798,23.57039574061389,14.148153625534622,-6.443296690323756,-0.3761132285276273,1.6841534259744677e-13
219.85738527204785,23.565117779488247,14.147963160033175,-6.444291362526275,-0.37556330671897054,3.263047262825531e-14
219.8666621295668,23.559840645655708,14.147773614521032,-6.4452844272923535,-0.37501443041904786,3.8946047975659563e-14
219.87593926052614,23.554564341386296,14.147584986579952,-6.446275880087553,-0.37446660370852225,2.5262301389617013e-14
219.8852166669374,23.549288868949663,14.14739727379169,-6.447265716378359,-0.37391983066914936,-6.21031575828085e-14
219.89449435081232,23.544014230615097,14.147210473738003,-6.448253931632168,-0.3733741153837849,1.4104784942536167e-13
219.90377231416312,23.538740428651526,14.147024584000647,-6.449240521317301,-0.37282946193637256,-3.8946047975659563e-14
219.91305055900202,23.533467465327494,14.146839602161375,-6.450225480902984,-0.3722858744119627,1.6525755492374463e-13
219.9223290873417,23.528195342911197,14.14665552580195,-6.45120880585937,-0.3717433568966834,4.315643154059573e-14
219.93160790119498,23.52292406367045,14.14647235250412,-6.452190491657525,-0.371201913477771,1.3789006175165953e-13
219.94088700257507,23.51765362987272,14.146290079849642,-6.45317053376943,-0.37066154824354214,-6.105056169157445e-14
219.95016639349524,23.512384043785087,14.146108705420273,-6.454148927667978,-0.37012226528341924,9.47336302110638e-15
219.95944607596925,23.50711530767428,14.145928226797777,-6.455125668826982,-0.36958406868790283,5.578758223540424e-14
219.968726052011,23.501847423806666,14.145748641563898,-6.456100752721175,-0.36904696254859237,3.4735664410723393e-14
219.97800632363467,23.496580394448216,14.1455699473004,-6.457074174826193,-0.36851095095817804,-5.157719867046807e-14
219.98728689285468,23.491314221864588,14.145392141589033,-6.458045930618597,-0.36797603801044,1.315744864042553e-13
219.9965677616858,23.486048908321024,14.145215222011556,-6.459016015575858,-0.36744222780023994,-6.73661370389787e-14
220.00584893214298,23.480784456082432,14.145039186149726,-6.459984425176364,-0.3669095244235392,-2.2104513715914887e-14
220.0151304062414,23.475520867413337,14.144864031585294,-6.460951154899416,-0.36637793197738333,-1.1473295214451061e-13
220.02441218599662,23.47025814457791,14.144689755900025,-6.461916200225222,-0.36584745455990664,6.315575347404254e-14
220.0336942734244,23.464996289839966,14.144516356675664,-6.46287955663492,-0.36531809627032646,-2.4209705498382972e-14
220.04297667054072,23.45973530546293,14.144343831493975,-6.463841219610547,-0.3647898612089553,2.7367493172085098e-14
220.0522593793619,23.45447519370989,14.144172177936712,-6.464801184635059,-0.3642627534771832,1.0525958912340423e-14
220.06154240190446,23.44921595684354,14.14400139358563,-6.465759447192326,-0.36373677717749214,-1.3683746586042549e-14
220.07082574018523,23.443957597126246,14.143831476022482,-6.466716002767132,-0.36321193641344535,7.368171238638296e-14
220.08010939622127,23.438700116819984,14.143662422829031,-6.467670846845168,-0.362688235289693,-3.5788260301957434e-14
220.08939337202986,23.433443518186383,14.143494231587026,-6.468623974913042,-0.3621656779119725,1.1683814392697868e-13
220.09867766962864,23.428187803486683,14.143326899878227,-6.469575382458276,-0.36164426838709474,-7.052392471268083e-14
220.10796229103545,23.422932974981784,14.14316042528439,-6.470525064969296,-0.36112401082296647,1.3683746586042549e-14
220.11724723826836,23.41767903493222,14.14299480538727,-6.471473017935452,-0.3606049093285692,1.4104784942536167e-13
220.12653251334578,23.41242598559817,14.142830037768618,-6.472419236847,-0.3600869680139662,1.5367900012017016e-13
220.13581811828632,23.407173829239408,14.142666120010201,-6.473363717195102,-0.3595701909903057,1.4631082888153188e-13
220.1451040551089,23.401922568115406,14.142503049693765,-6.47430645447184,-0.35905458236981325,-2.315710960714893e-14
220.15439032583262,23.396672204485228,14.142340824401069,-6.475247444170206,-0.3585401462658021,7.052392471268083e-14
220.1636769324769,23.39142274060759,14.14217944171387,-6.476186681784094,-0.35802688679265654,9.262843842859572e-14
220.17296387706142,23.386174178740855,14.142018899213927,-6.477124162808321,-0.3575148080658436,5.894536990910637e-14
220.18225116160608,23.38092652114301,14.141859194482988,-6.4780598827386076,-0.35700391420191246,1.1683814392697868e-13
220.1915387881311,23.375679770071685,14.141700325102814,-6.478993837071586,-0.35649420931848497,1.473634247727659e-14
220.2008267586569,23.370433927784152,14.14154228865516,-6.479926021304803,-0.35598569753426285,9.47336302110638e-14
220.2101150752042,23.36518899653732,14.141385082721783,-6.480856430936703,-0.3554783829690294,2.8420089063319142e-14
220.21940373979388,23.35994497858773,14.141228704884435,-6.481785061466654,-0.3549722697436407,1.5262640422893614e-13
220.22869275444728,23.35470187619157,14.141073152724879,-6.482711908394929,-0.35446736198002504,8.104988362502126e-14
220.2379821211858,23.349459691604665,14.140918423824866,-6.483636967222708,-0.3539636638011953,2.4209705498382972e-14
220.24727184203118,23.344218427082463,14.14076451576615,-6.484560233452081,-0.35346117933123333,-7.368171238638296e-15
220.2565619190054,23.338978084880086,14.140611426130496,-6.4854817025860445,-0.35295991269529886,1.4315304120782974e-13
220.26585235413077,23.333738667252266,14.140459152499647,-6.486401370128515,-0.3524598680196232,6.841873293021275e-14
220.27514314942974,23.328500176453378,14.140307692455368,-6.487319231584305,-0.3519610494315116,1.1683814392697868e-13
220.28443430692508,23.32326261473746,14.14015704357941,-6.48823528245914,-0.35146346105934495,1.1157516447080849e-13
220.29372582863982,23.318025984358155,14.140007203453536,-6.489149518259653,-0.35096710703257133,5.789277401787233e-14
220.30301771659725,23.312790287568756,14.139858169659496,-6.4900619344933865,-0.3504719914817192,-5.578758223540424e-14
220.31230997282088,23.30755552662223,14.139709939779042,-6.490972526668793,-0.34997811853838207,3.684085619319148e-14
220.32160259933448,23.30232170377113,14.139562511393942,-6.491881290295224,-0.3494854923352263,-2.1051917824680846e-14
220.3308955981622,23.297088821267685,14.139415882085947,-6.492788220882947,-0.3489941170059877,-9.47336302110638e-15
220.3401889713282,23.291856881363774,14.139270049436803,-6.493693313943138,-0.34850399668547455,9.999660966723402e-14
220.3494827208571,23.28662588631087,14.139125011028279,-6.4945965649878685,-0.34801513550956165,5.4734986344170195e-14
220.3587768487738,23.28139583836013,14.138980764442122,-6.495497969530129,-0.3475275376151954,-1.9999321933446802e-14
220.36807135710322,23.27616673976233,14.138837307260099,-6.49639752308381,-0.3470412071403898,1.0946997268834039e-13
220.37736624787084,23.270938592767916,14.138694637063951,-6.497295221163714,-0.34655614822422365,-6.947132882144679e-14
220.3866615231021,23.265711399626923,14.138552751435446,-6.498191059285543,-0.3460723650068508,1.1894333570944678e-13
220.39595718482292,23.26048516258908,14.138411647956335,-6.499085032965908,-0.3455898616294838,2.5262301389617013e-14
220.40525323505938,23.25525988390373,14.138271324208374,-6.49997713772233,-0.34510864223440424,-6.105056169157445e-14
220.41454967583783,23.25003556581986,14.13813177777332,-6.500867369073228,-0.3446287109649623,-4.73668151055319e-14
