galstreams/tracks/track.st.NGC2808.ibata2021.ecsv
# %ECSV 1.0
# ---
# datatype:
# - {name: ra, unit: deg, datatype: float64}
# - {name: dec, unit: deg, datatype: float64}
# - {name: distance, unit: kpc, datatype: float64}
# - {name: pm_ra_cosdec, unit: mas / yr, datatype: float64}
# - {name: pm_dec, unit: mas / yr, datatype: float64}
# - {name: radial_velocity, unit: km / s, datatype: float64}
# delimiter: ','
# meta: !!omap
# - __serialized_columns__:
#     dec:
#       __class__: astropy.coordinates.angles.Latitude
#       unit: &id001 !astropy.units.Unit {unit: deg}
#       value: !astropy.table.SerializedColumn {name: dec}
#     distance:
#       __class__: astropy.coordinates.distances.Distance
#       unit: !astropy.units.Unit {unit: kpc}
#       value: !astropy.table.SerializedColumn {name: distance}
#     pm_dec:
#       __class__: astropy.units.quantity.Quantity
#       unit: !astropy.units.Unit {unit: mas / yr}
#       value: !astropy.table.SerializedColumn {name: pm_dec}
#     pm_ra_cosdec:
#       __class__: astropy.units.quantity.Quantity
#       unit: !astropy.units.Unit {unit: mas / yr}
#       value: !astropy.table.SerializedColumn {name: pm_ra_cosdec}
#     ra:
#       __class__: astropy.coordinates.angles.Longitude
#       unit: *id001
#       value: !astropy.table.SerializedColumn {name: ra}
#       wrap_angle: !astropy.coordinates.Angle
#         unit: *id001
#         value: 360.0
#     radial_velocity:
#       __class__: astropy.units.quantity.Quantity
#       unit: !astropy.units.Unit {unit: km / s}
#       value: !astropy.table.SerializedColumn {name: radial_velocity}
# schema: astropy-2.0
ra,dec,distance,pm_ra_cosdec,pm_dec,radial_velocity
[from data line 421]
129.2918746653067,-60.55799649320024,6.16064774753816,4.96414928301961,-2.443186352691936,-8.420767129872338e-15
129.30526873157638,-60.565536062779245,6.168272270126655,4.962172517017039,-2.4398171711019616,-8.420767129872338e-15
129.31866882483666,-60.57307437902795,6.175885592983465,4.9601936493457455,-2.436450235185452,-8.420767129872338e-15
129.33207494502045,-60.580611442445395,6.1834877190471795,4.9582126855889275,-2.4330855475713227,0.0
129.34548709206132,-60.58814725353136,6.191078651256386,4.956229631332482,-2.4297231108851927,1.6841534259744676e-14
129.3589052658935,-60.595681812786324,6.1986583925496745,4.954244492165003,-2.4263629277493877,-1.6841534259744676e-14
129.37232946645167,-60.603215120711326,6.206226945865634,4.952257273677785,-2.423005000782948,-8.420767129872338e-15
129.3857596936713,-60.61074717780821,6.21378431414285,4.9502679814648225,-2.4196493326015927,-2.5262301389617013e-14
129.39919594748832,-60.61827798457935,6.221330500319917,4.948276621122805,-2.416295925817739,1.2631150694808506e-14
129.41263822783935,-60.62580754152791,6.228865507335421,4.946283198251131,-2.4129447830404818,-2.5262301389617013e-14
129.42608653466172,-60.633335849157746,6.236389338127951,4.944287718451895,-2.4095959068755732,-2.5262301389617013e-14
129.4395408678932,-60.64086290797323,6.2439019956360955,4.9422901873298954,-2.406249299925454,-2.1051917824680846e-14
129.4530012274723,-60.64838871847957,6.251403482798444,4.94029061049263,-2.4029049647892036,-1.6841534259744676e-14
129.46646761333827,-60.65591328118263,6.258893802553585,4.938288993550306,-2.399562904062552,-1.6841534259744676e-14
129.47994002543064,-60.663436596588824,6.266372957840107,4.9362853421158235,-2.3962231203378885,-3.368306851948935e-14
129.49341846368998,-60.67095866520539,6.2738409515966005,4.934279661804791,-2.39288561620422,1.2631150694808506e-14
129.50690292805731,-60.67847948754022,6.2812977867616535,4.932271958235527,-2.3895503942471863,-1.2631150694808506e-14
129.5203934184742,-60.68599906410177,6.2887434662738535,4.930262237029043,-2.386217457049053,-4.210383564936169e-15
129.53388993488315,-60.69351739539936,6.29617799307179,4.928250503809066,-2.3828868071886884,-1.2631150694808506e-14
129.54739247722696,-60.70103448194279,6.3036013700940545,4.9262367642020175,-2.379558447241584,-2.1051917824680846e-14
129.56090104544933,-60.708550324242694,6.311013600279234,4.924221023837032,-2.3762323797798133,-3.789345208442552e-14
129.57441563949462,-60.716064922810396,6.318414686565916,4.922203288345955,-2.37290860737204,-2.1051917824680846e-14
129.58793625930764,-60.72357827815774,6.32580463189269,4.920183563363321,-2.369587132583531,-1.2631150694808506e-14
129.60146290483402,-60.73109039079741,6.333183439198146,4.918161854526388,-2.3662679579761106,-2.947268495455318e-14
129.61499557602016,-60.73860126124278,6.340551111420874,4.916138167475117,-2.3629510861081746,-4.210383564936169e-15
129.62853427281286,-60.746110890007735,6.347907651499459,4.914112507852169,-2.3596365195346927,1.2631150694808506e-14
129.6420789951598,-60.75361927760708,6.355253062372492,4.912084881302925,-2.3563242608071744,1.2631150694808506e-14
129.6556297430092,-60.76112642455609,6.3625873469785645,4.910055293475462,-2.3530143124736904,1.2631150694808506e-14
129.66918651631002,-60.76863233137086,6.369910508256261,4.908023750020574,-2.3497066770788404,-2.5262301389617013e-14
129.68274931501205,-60.776136998568205,6.3772225491441725,4.905990256591762,-2.346401357163751,-2.947268495455318e-14
129.69631813906543,-60.783640426665485,6.384523472580887,4.903954818845234,-2.343098355266095,-2.1051917824680846e-14
129.70989298842125,-60.79114261618085,6.391813281504998,4.901917442439906,-2.3397976739200446,-2.947268495455318e-14
129.7234738630313,-60.798643567633185,6.399091978855085,4.899878133037419,-2.336499315656278,2.1051917824680846e-14
129.73706076284785,-60.8061432815419,6.406359567569745,4.897836896302098,-2.333203283002001,8.420767129872338e-15
129.75065368782404,-60.81364175842724,6.413616050587564,4.895793737901,-2.3299095784808923,-4.210383564936169e-15
129.76425263791376,-60.821138998810135,6.420861430847132,4.893748663503887,-2.32661820461312,-4.210383564936169e-15
129.77785761307138,-60.82863500321211,6.428095711287036,4.891701678783223,-2.323329163915348,-1.2631150694808506e-14
129.79146861325222,-60.836129772155516,6.4353188948458655,4.8896527894142015,-2.3200424589006956,-1.2631150694808506e-14
129.80508563841207,-60.84362330616324,6.442530984462209,4.887602001074708,-2.3167580920787616,-4.210383564936169e-15
129.81870868850766,-60.851115605759006,6.449731983074658,4.88554931944535,-2.313476065955596,0.0
129.83233776349638,-60.85860667146721,6.456921893621797,4.883494750209453,-2.310196383033695,-2.1051917824680846e-14
129.84597286333616,-60.86609650381284,6.464100719042221,4.881438299053039,-2.3069190458120126,-4.210383564936169e-15
129.85961398798588,-60.87358510332169,6.4712684622745105,4.879379971664859,-2.30364405678593,-1.2631150694808506e-14
129.87326113740517,-60.88107247052026,6.478425126257262,4.877319773736366,-2.3003714184472477,-1.2631150694808506e-14
129.88691431155405,-60.88855860593564,6.485570713929063,4.875257710961726,-2.2971011332842113,8.420767129872338e-15
129.9005735103937,-60.89604351009575,6.492705228228497,4.87319378903783,-2.293833203781456,4.210383564936169e-15
129.91423873388575,-60.90352718352905,6.49982867209416,4.871128013664265,-2.290567632420041,-4.210383564936169e-15
129.92790998199263,-60.91100962676487,6.506941048464636,4.869060390543347,-2.287304421677417,0.0
129.94158725467767,-60.91849084033318,6.5140423602785145,4.8669909253801,-2.28404357402742,-8.420767129872338e-15
129.95527055190468,-60.925970824764576,6.521132610474388,4.8649196238822565,-2.2807850919402846,-2.5262301389617013e-14
129.96895987363845,-60.933449580590434,6.528211801990841,4.862846491760274,-2.277528977882612,-1.6841534259744676e-14
129.9826552198445,-60.94092710834289,6.535279937766465,4.860771534727316,-2.2742752343173684,4.210383564936169e-15
129.99635659048886,-60.94840340855461,6.542337020739847,4.858694758499265,-2.271023863703901,-1.2631150694808506e-14
130.0100639855386,-60.955878481759115,6.54938305384958,4.856616168794715,-2.267774868497892,-2.947268495455318e-14
130.02377740496158,-60.96335232849062,6.556418040034245,4.854535771334983,-2.2645282511513702,8.420767129872338e-15
130.03749684872608,-60.97082494928394,6.563441982232438,4.852453571844085,-2.2612840141127273,-1.2631150694808506e-14
130.05122231680156,-60.97829634467473,6.570454883382746,4.850369576048768,-2.2580421598266565,-2.1051917824680846e-14
130.06495380915794,-60.98576651519921,6.577456746423758,4.848283789678485,-2.2548026907342003,-1.6841534259744676e-14
130.0786913257661,-60.993235461394434,6.584447574294062,4.846196218465408,-2.2515656092727006,1.6841534259744676e-14
130.09243486659773,-61.000703183798166,6.591427369932247,4.844106868144427,-2.2483309178758155,4.210383564936169e-15
130.10618443162505,-61.00816968294871,6.5983961362769,4.842015744453141,-2.245098618973514,4.210383564936169e-15
130.11994002082136,-61.01563495938528,6.605353876266615,4.839922853131868,-2.2418687149920493,-4.210383564936169e-15
130.13370163416067,-61.023099013647744,6.6123005928399765,4.837828199923646,-2.2386412083539544,4.210383564936169e-15
130.1474692716176,-61.03056184627658,6.619236288935576,4.8357317905742185,-2.2354161014780662,-1.2631150694808506e-14
130.1612429331678,-61.03802345781311,6.626160967491998,4.833633630832055,-2.2321933967794725,1.6841534259744676e-14
130.17502261878772,-61.04548384879932,6.633074631447838,4.831533726448337,-2.2289730966695305,4.210383564936169e-15
130.1888083284544,-61.05294301977785,6.639977283741679,4.829432083176959,-2.225755203555863,1.2631150694808506e-14
130.2026000621459,-61.06040097129219,6.646868927312112,4.827328706774541,-2.222539719842335,0.0
130.21639781984092,-61.06785770388636,6.653749565097728,4.825223603000403,-2.219326647929057,0.0
130.23020160151916,-61.07531321810525,6.660619200037113,4.8231167776165975,-2.2161159902123733,1.2631150694808506e-14
130.24401140716105,-61.082767514494456,6.6674778350688575,4.821008236387884,-2.2129077490848506,-1.2631150694808506e-14
130.25782723674774,-61.09022059360016,6.67432547313155,4.818897985081742,-2.2097019269352898,-2.5262301389617013e-14
130.27164909026138,-61.0976724559694,6.681162117163778,4.8167860294683615,-2.2064985261486885,-1.2631150694808506e-14
130.28547696768496,-61.1051231021499,6.687987770104132,4.814672375320658,-2.203297549106251,-2.1051917824680846e-14
130.29931086900208,-61.11257253269003,6.6948024348912005,4.812557028414255,-2.2000989981853962,-2.5262301389617013e-14
130.31315079419736,-61.120020748138955,6.701606114463573,4.810439994527493,-2.196902875759711,-2.1051917824680846e-14
130.3269967432563,-61.12746774904658,6.708398811759836,4.8083212794414365,-2.1937091841989718,-1.2631150694808506e-14
130.34084871616506,-61.13491353596341,6.715180529718581,4.80620088893985,-2.1905179258691403,4.210383564936169e-15
130.35470671291083,-61.14235810944083,6.721951271278397,4.804078828809235,-2.18732910313233,-1.6841534259744676e-14
130.36857073348145,-61.14980147003076,6.72871103937787,4.801955104838789,-2.184142718346828,0.0
130.38244077786584,-61.157243618286024,6.735459836955592,4.799829722820436,-2.1809587738670655,1.2631150694808506e-14
130.3963168460537,-61.16468455476011,6.74219766695015,4.797702688548819,-2.1777772720436133,-2.1051917824680846e-14
130.41019893803548,-61.17212428000714,6.7489245323001334,4.795574007821285,-2.174598215223196,1.2631150694808506e-14
130.4240870538026,-61.17956279458207,6.755640435944132,4.7934436864379055,-2.1714216057486535,1.6841534259744676e-14
130.43798119334744,-61.18700009904058,6.762345380820733,4.7913117302014685,-2.168247445958949,-1.6841534259744676e-14
130.451881356663,-61.19443619393896,6.769039369868527,4.789178144917467,-2.1650757381891736,-2.1051917824680846e-14
130.4657875437434,-61.2018710798344,6.775722406026101,4.787042936394126,-2.1619064847705074,-4.210383564936169e-14
130.47969975458352,-61.20930475728462,6.7823944922320445,4.784906110442369,-2.158739688030241,4.210383564936169e-15
130.4936179891791,-61.21673722684821,6.789055631424947,4.782767672875842,-2.1555753502917594,1.2631150694808506e-14
130.50754224752694,-61.224168489084505,6.795705826543399,4.78062762951091,-2.152413473874519,-2.947268495455318e-14
130.52147252962448,-61.23159854455341,6.8023450805259875,4.778485986166643,-2.1492540610940707,-2.5262301389617013e-14
130.53540883547024,-61.23902739381571,6.8089733963112975,4.776342748664837,-2.146097114262024,-2.1051917824680846e-14
130.54935116506363,-61.24645503743291,6.815590776837925,4.774197922829993,-2.142942635686041,-1.6841534259744676e-14
130.5632995184048,-61.25388147596712,6.822197225044455,4.77205151448933,-2.1397906276698655,-2.5262301389617013e-14
130.57725389549498,-61.26130670998132,6.828792743869479,4.769903529472778,-2.136641092513262,4.210383564936169e-15
130.59121429633632,-61.26873074003918,6.83537733625158,4.7677539736129955,-2.1334940325120453,-2.5262301389617013e-14
130.60518072093168,-61.27615356670505,6.841951005129353,4.765602852745329,-2.1303494499580626,-4.210383564936169e-15
130.61915316928514,-61.2835751905441,6.848513753441385,4.763450172707863,-2.1272073471391795,-3.368306851948935e-14
130.6331316414014,-61.29099561212212,6.8550655841262635,4.761295939341379,-2.124067726339288,-1.6841534259744676e-14
130.64711613728625,-61.29841483200575,6.86160650012258,4.759140158489378,-2.120930589838281,-1.2631150694808506e-14
130.66110665694643,-61.305832850762336,6.868136504368921,4.756982835998082,-2.1177959399120483,-4.210383564936169e-14
130.67510320038951,-61.31324966895987,6.874655599803875,4.754823977716407,-2.1146637788324876,-8.420767129872338e-15
130.68910576762403,-61.320665287167195,6.881163789366032,4.752663589495997,-2.111534108867475,-2.5262301389617013e-14
130.70311435865963,-61.32807970595388,6.887661075993983,4.7505016771912025,-2.108406932280853,-2.1051917824680846e-14
130.7171289735066,-61.335492925890115,6.894147462626314,4.748338246659086,-2.105282251332463,-8.420767129872338e-15
130.7311496121764,-61.342904947547005,6.900622952201616,4.746173303759423,-2.102160068278083,-1.2631150694808506e-14
130.74517627468137,-61.350315771496184,6.907087547658474,4.7440068543547,-2.09904038536947,0.0
130.75920896103474,-61.357725398310215,6.913541251935481,4.741838904310108,-2.0959232048543117,1.6841534259744676e-14
130.77324767125094,-61.36513382856235,6.919984067971224,4.739669459493565,-2.092808528976235,2.5262301389617013e-14
130.787292405345,-61.37254106282646,6.926415998704293,4.737498525775679,-2.0896963599748206,-1.6841534259744676e-14
130.8013431633332,-61.37994710167732,6.932837047073275,4.735326109029789,-2.0865867000855536,2.1051917824680846e-14
130.81539994523277,-61.3873519456904,6.939247216016761,4.733152215131928,-2.0834795515398428,0.0
130.8294627510617,-61.39475559544183,6.945646508473339,4.730976849960843,-2.080374916565018,0.0
130.84353158083917,-61.402158051508565,6.952034927381598,4.728800019397994,-2.0772727973842993,0.0
130.8576064345854,-61.40955931446833,6.958412475680123,4.726621729327549,-2.074173196216798,0.0
130.87168731232126,-61.41695938489948,6.964779156307512,4.724441985636377,-2.0710761152775343,-1.6841534259744676e-14
130.88577421406902,-61.42435826338124,6.971134972202346,4.722260794214067,-2.067981556777382,-1.6841534259744676e-14
130.89986713985158,-61.431755950493454,6.977479926303215,4.720078160952904,-2.0648895229231115,-2.1051917824680846e-14
130.91396608969313,-61.439152446816806,6.983814021548711,4.717894091747891,-2.0618000159173406,-1.2631150694808506e-14
130.92807106361875,-61.44654775293275,6.99013726087742,4.715708592496735,-2.058713037958546,-4.210383564936169e-15
130.94218206165442,-61.45394186942334,6.996449647227932,4.713521669099842,-2.055628591241067,-2.5262301389617013e-14
130.95629908382728,-61.46133479687154,7.0027511835388365,4.711333327460332,-2.0525466779550703,-8.420767129872338e-15
130.9704221301655,-61.468726535861016,7.009041872748721,4.709143573484035,-2.049467300286557,-3.789345208442552e-14
130.9845512006981,-61.47611708697609,7.015321717796176,4.706952413079471,-2.0463904604173684,-8.420767129872338e-15
130.99868629545526,-61.483506450801926,7.021590721619789,4.704759852157883,-2.043316160525154,-4.210383564936169e-15
131.0128274144682,-61.49089462792447,7.027848887158148,4.702565896633209,-2.040244402783369,-8.420767129872338e-15
131.02697455776902,-61.49828161893028,7.034096217349846,4.700370552422086,-2.037175189361292,-1.2631150694808506e-14
131.0411277253911,-61.50566742440685,7.040332715133467,4.69817382544387,-2.034108522423973,1.2631150694808506e-14
131.05528691736856,-61.5130520449422,7.0465583834476035,4.695975721620606,-2.0310444041322753,-4.210383564936169e-15
131.06945213373677,-61.52043548112531,7.052773225230842,4.693776246877045,-2.0279828366428254,0.0
131.08362337453218,-61.52781773354585,7.058977243421771,4.69157540714065,-2.0249238221080224,-1.6841534259744676e-14
131.09780063979207,-61.53519880279415,7.065170440958983,4.6893732083415705,-2.021867362676044,-4.210383564936169e-15
131.11198392955498,-61.542578689461386,7.071352820781063,4.687169656412671,-2.0188134604908186,-4.210383564936169e-15
131.1261732438605,-61.54995739413953,7.077524385826603,4.684964757289507,-2.0157621176920144,8.420767129872338e-15
131.14036858274906,-61.557334917421166,7.08368513903419,4.682758516910338,-2.0127133364150653,-2.1051917824680846e-14
131.1545699462625,-61.56471125989978,7.089835083342411,4.680550941216129,-2.0096671187911146,0.0
131.16877733444338,-61.57208642216947,7.095974221689859,4.678342036150533,-2.006623466947059,-1.2631150694808506e-14
131.18299074733557,-61.57946040482523,7.10210255701512,4.676131807659909,-2.00358238300549,4.210383564936169e-15
