galstreams/tracks/track.st.Gaia-7.ibata2021.ecsv
# %ECSV 0.9
# ---
# datatype:
# - {name: ra, unit: deg, datatype: float64}
# - {name: dec, unit: deg, datatype: float64}
# - {name: distance, unit: kpc, datatype: float64}
# - {name: pm_ra_cosdec, unit: mas / yr, datatype: float64}
# - {name: pm_dec, unit: mas / yr, datatype: float64}
# - {name: radial_velocity, unit: km / s, datatype: float64}
# delimiter: ','
# meta: !!omap
# - __serialized_columns__:
#     dec:
#       __class__: astropy.coordinates.angles.Latitude
#       unit: &id001 !astropy.units.Unit {unit: deg}
#       value: !astropy.table.SerializedColumn {name: dec}
#     distance:
#       __class__: astropy.coordinates.distances.Distance
#       unit: !astropy.units.Unit {unit: kpc}
#       value: !astropy.table.SerializedColumn {name: distance}
#     pm_dec:
#       __class__: astropy.units.quantity.Quantity
#       unit: !astropy.units.Unit {unit: mas / yr}
#       value: !astropy.table.SerializedColumn {name: pm_dec}
#     pm_ra_cosdec:
#       __class__: astropy.units.quantity.Quantity
#       unit: !astropy.units.Unit {unit: mas / yr}
#       value: !astropy.table.SerializedColumn {name: pm_ra_cosdec}
#     ra:
#       __class__: astropy.coordinates.angles.Longitude
#       unit: *id001
#       value: !astropy.table.SerializedColumn {name: ra}
#       wrap_angle: !astropy.coordinates.Angle
#         unit: *id001
#         value: 360.0
#     radial_velocity:
#       __class__: astropy.units.quantity.Quantity
#       unit: !astropy.units.Unit {unit: km / s}
#       value: !astropy.table.SerializedColumn {name: radial_velocity}
# schema: astropy-2.0
ra,dec,distance,pm_ra_cosdec,pm_dec,radial_velocity
[from data line 816]
180.03902763952485,-14.898334808425535,4.8252407601195415,-10.054678875322507,-0.2853441024045005,8.341822438029786e-14
180.0453368109032,-14.906271325662534,4.825790260019602,-10.055341264317084,-0.28423562814284326,7.552375519604253e-14
180.05164671514234,-14.914207472468807,4.826339805351459,-10.056004239440385,-0.28312928881995764,4.4472176404638286e-14
180.05795735371615,-14.92214324784279,4.826889394287806,-10.056667796230826,-0.28202509299677314,4.499847435025531e-14
180.0642687280985,-14.930078650782752,4.827439025001334,-10.0573319302257,-0.2809230492339306,7.789209595131913e-14
180.07058083976355,-14.938013680286764,4.827988695664736,-10.057996636961137,-0.2798231660917899,6.394520039246807e-14
180.07689369018547,-14.945948335352732,4.828538404450699,-10.058661911972163,-0.27872545213041816,2.6841195226468077e-14
180.0832072808386,-14.95388261497836,4.829088149531919,-10.059327750792638,-0.2776299159096023,4.131438873093616e-14
180.0895216131974,-14.961816518161182,4.829637929081084,-10.05999414895529,-0.276536565988834,7.920784081536168e-14
180.09583668873654,-14.969750043898545,4.830187741270888,-10.060661101991693,-0.27544541092732167,7.341856341357444e-14
180.10215250893071,-14.977683191187612,4.830737584274022,-10.061328605432283,-0.27435645928398217,2.23676626887234e-14
180.1084690752548,-14.985615959025358,4.831287456263176,-10.061996654806352,-0.27326971961744284,2.710434419927659e-14
180.1147863891838,-14.993548346408586,4.831837355411044,-10.06266524564203,-0.27218520048603423,4.157753770374467e-14
180.12110445219287,-15.001480352333898,4.832387279890314,-10.063334373466313,-0.2711029104478047,6.894503087582976e-14
180.1274232657573,-15.00941197579772,4.832937227873681,-10.064004033805034,-0.2700228580605023,5.657702915382977e-14
180.1337428313525,-15.0173432157963,4.8334871975338345,-10.064674222182866,-0.268945051881582,5.868222093629786e-14
180.14006315045398,-15.025274071325681,4.834037187043466,-10.065344934123344,-0.26786950046820757,5.815592299068084e-14
180.14638422453746,-15.03320454138174,4.83458719457527,-10.06601616514883,-0.26679621237724815,5.526128428978722e-14
180.1527060550787,-15.041134624960172,4.835137218301933,-10.06668791078053,-0.2657251961652679,1.0315439734093615e-13
180.15902864355374,-15.049064321056465,4.83568725639615,-10.067360166538501,-0.2646564603885458,3.157787673702127e-14
180.16535199143854,-15.056993628665923,4.836237307030612,-10.06803292794162,-0.26359001360305667,4.999830483361701e-14
180.17167610020937,-15.064922546783691,4.836787368378009,-10.068706190507614,-0.2625258643644776,7.447115930480849e-14
180.1780009713426,-15.072851074404703,4.837337438611034,-10.069379949753037,-0.261464021228189,3.684085619319148e-14
180.18432660631467,-15.080779210523703,4.837887515902378,-10.070054201193274,-0.26040449274926497,9.815456685757444e-14
180.19065300660225,-15.08870695413527,4.838437598424733,-10.070728940342551,-0.25934728748248537,6.394520039246807e-14
180.19698017368202,-15.096634304233786,4.838987684350788,-10.071404162713916,-0.25829241398232555,5.420868839855318e-14
180.2033081090309,-15.104561259813433,4.839537771853238,-10.072079863819244,-0.2572398808029602,1.1473295214451061e-13
180.20963681412593,-15.112487819868225,4.840087859104773,-10.072756039169235,-0.2561896964982545,2.947268495455318e-14
180.21596629044421,-15.12041398339197,4.840637944278084,-10.073432684273417,-0.2551418696217761,1.0078605658565955e-13
180.2222965394631,-15.1283397493783,4.841188025545862,-10.074109794640142,-0.25409640872678335,4.8682559969574456e-14
180.22862756265994,-15.136265116820665,4.841738101080801,-10.074787365776578,-0.2530533223662318,4.578792126868084e-14
180.23495936151232,-15.144190084712301,4.842288169055591,-10.075465393188711,-0.2520126190927696,9.026009767331912e-14
180.24129193749795,-15.152114652046288,4.842838227642923,-10.076143872381355,-0.2509743074587375,9.97334606944255e-14
180.24762529209465,-15.160038817815487,4.843388275015488,-10.076822798858128,-0.24993839601616535,1.1341720728046805e-13
180.25395942678037,-15.16796258101259,4.84393830934598,-10.07750216812147,-0.24890489331677773,1.868357706940425e-14
180.2602943430332,-15.175885940630096,4.8444883288070875,-10.078181975672626,-0.24787380791198474,1.9999321933446802e-14
180.26663004233137,-15.183808895660306,4.845038331571503,-10.07886221701166,-0.24684514835289006,5.078775175204254e-14
180.27296652615323,-15.19173144509534,4.845588315811917,-10.079542887637443,-0.2458189231902827,8.394452232591487e-14
180.2793037959773,-15.199653587927124,4.846138279701025,-10.08022398304764,-0.24479514097464053,1.0631218501463827e-13
180.28564185328227,-15.207575323147392,4.846688221411514,-10.08090549873875,-0.24377381025612874,6.2366306555617e-14
180.2919806995468,-15.215496649747692,4.847238139116079,-10.081587430206048,-0.2427549395845971,9.183899151017018e-14
180.29832033624984,-15.223417566719386,4.8477880309874095,-10.08226977294362,-0.24173853750957996,1.0920682371553189e-13
180.30466076487045,-15.231338073053621,4.848337895198196,-10.082952522444364,-0.24072461258029693,9.947031172161699e-14
180.31100198688782,-15.239258167741387,4.848887729921131,-10.083635674199968,-0.2397131733456545,3.631455824757446e-14
180.3173440037812,-15.247177849773463,4.849437533328906,-10.08431922370091,-0.2387042283542308,1.1104886652519146e-13
180.32368681703005,-15.255097118140423,4.849987303594215,-10.085003166436465,-0.23769778615429846,1.0657533398744678e-13
180.330030428114,-15.26301597183268,4.850537038889746,-10.085687497894721,-0.2366938552938021,9.394418329263828e-14
180.3363748385127,-15.270934409840441,4.851086737388191,-10.086372213562539,-0.23569244432037262,3.789345208442552e-14
180.34272004970603,-15.278852431153702,4.851636397262244,-10.087057308925568,-0.23469356178131223,4.315643154059573e-14
180.34906606317398,-15.2867700347623,4.852186016684594,-10.087742779468254,-0.2336972162236101,6.841873293021275e-14
180.35541288039667,-15.294687219655865,4.852735593827931,-10.088428620673842,-0.23270341619392573,6.341890244685105e-14
180.36176050285437,-15.302603984823822,4.85328512686495,-10.089114828024336,-0.2317121702386002,5.947166785472339e-14
180.36810893202744,-15.310520329255413,4.853834613968342,-10.089801397000533,-0.2307234869036483,7.157652060391487e-14
180.3744581693964,-15.318436251939694,4.854384053310797,-10.090488323082026,-0.22973737473475864,8.7102309999617e-14
180.38080821644198,-15.326351751865513,4.854933443065009,-10.091175601747164,-0.22875384227729786,1.0368069528655317e-13
180.38715907464493,-15.334266828021534,4.855482781403664,-10.0918632284731,-0.22777289807630063,6.683983909336168e-14
180.3935107454862,-15.342181479396213,4.856032066499458,-10.092551198735734,-0.22679455067647847,3.710400516599999e-14
180.39986323044684,-15.350095704977845,4.856581296525081,-10.09323950800977,-0.22581880862220977,3.684085619319148e-14
180.40621653100808,-15.358009503754477,4.857130469653228,-10.09392815176866,-0.2248456804575432,7.131337163110636e-14
180.41257064865127,-15.365922874714013,4.8576795840565845,-10.094617125484648,-0.22387517472620722,5.815592299068084e-14
180.41892558485785,-15.373835816844133,4.858228637907849,-10.09530642462873,-0.2229072999715872,6.578724320212765e-14
180.42528134110947,-15.381748329132327,4.858777629379705,-10.095996044670684,-0.22194206473674435,5.499813531697871e-14
180.43163791888784,-15.389660410565893,4.85932655664485,-10.096685981079043,-0.22097947756439992,9.604937507510636e-14
180.4379953196749,-15.39757206013193,4.859875417875973,-10.097376229321107,-0.22001954699695214,1.047332911777872e-13
180.4443535449527,-15.405483276817348,4.860424211245765,-10.098066784862947,-0.21906228157645063,2.815694009051063e-14
180.4507125962033,-15.413394059608843,4.860972934926919,-10.098757643169384,-0.2181076898446241,2.23676626887234e-14
180.457072474909,-15.421304407492935,4.861521587092127,-10.099448799704,-0.21715578034285568,3.657770722038297e-14
180.4634331825523,-15.429214319455939,4.86207016591408,-10.10014024992913,-0.21620656161218924,9.868086480319146e-14
180.46979472061577,-15.437123794483968,4.8626186695654665,-10.100831989305886,-0.21526004219334172,9.894401377599997e-14
180.4761570905821,-15.445032831562948,4.863167096218982,-10.101524013294105,-0.21431623062668267,6.526094525651062e-14
180.48252029393407,-15.45294142967859,4.863715444047315,-10.10221631735239,-0.2133751354522445,5.23666455888936e-14
180.48888433215473,-15.460849587816437,4.864263711223161,-10.102908896938091,-0.21243676520971605,5.4734986344170195e-14
180.49524920672712,-15.4687573049618,4.864811895919206,-10.103601747507314,-0.21150112843844715,9.104954459174465e-14
180.5016149191346,-15.476664580099817,4.865359996308146,-10.1042948645149,-0.21056823367744887,4.184068667655318e-14
180.50798147086044,-15.48457141221542,4.865908010562671,-10.104988243414441,-0.20963808946538195,9.23652894557872e-14
180.51434886338822,-15.492477800293337,4.866455936855472,-10.10568187965827,-0.20871070434056835,1.0499644015059572e-13
180.5207170982016,-15.50038374331809,4.867003773359242,-10.106375768697465,-0.20778608684098318,3.710400516599999e-14
180.52708617678437,-15.508289240274035,4.867551518246669,-10.107069905981836,-0.20686424550425248,9.394418329263828e-14
180.53345610062044,-15.516194290145297,4.868099169690448,-10.107764286959942,-0.2059451888676611,4.052494181251063e-14
180.53982687119392,-15.52409889191581,4.868646725863268,-10.108458907079065,-0.20502892546814383,5.447183737136169e-14
180.54619848998897,-15.5320030445693,4.869194184937825,-10.109153761785224,-0.20411546384228757,7.683950006008508e-14
180.55257095848998,-15.539906747089322,4.869741545086805,-10.109848846523176,-0.20320481252632747,3.210417468263829e-14
180.55894427818137,-15.5478099984592,4.870288804482901,-10.110544156736415,-0.20229698005614985,5.026145380642552e-14
180.5653184505478,-15.555712797662071,4.870835961298806,-10.111239687867142,-0.20139197496729033,5.341924148012764e-14
180.57169347707404,-15.563615143680861,4.871383013707213,-10.111935435356294,-0.20048980579493575,1.920987501502127e-14
180.57806935924492,-15.571517035498315,4.871929959880809,-10.112631394643548,-0.19959048107391092,5.736647607225531e-14
180.5844460985455,-15.579418472096958,4.872476797992286,-10.113327561167287,-0.19869400933869585,1.868357706940425e-14
180.59082369646092,-15.587319452459113,4.8730235262143395,-10.11402393036462,-0.1978003991234076,9.289158740140423e-14
180.59720215447652,-15.595219975566927,4.873570142719659,-10.114720497671374,-0.19690965896181917,1.0578588706902125e-13
180.60358147407774,-15.603120040402304,4.874116645680936,-10.115417258522099,-0.1960217973873348,1.3815321072446805e-14
180.60996165675013,-15.61101964594699,4.874663033270862,-10.116114208350051,-0.19513682293300844,3.6972430679595734e-14
180.61634270397937,-15.618918791182491,4.8752093036621265,-10.116811342587221,-0.1942547441315308,9.920716274880849e-14
180.62272461725135,-15.626817475090133,4.875755455027424,-10.117508656664286,-0.19337556951523988,9.723354545274466e-14
180.62910739805207,-15.634715696651035,4.876301485539442,-10.118206146010657,-0.19249930761610978,3.947234592127659e-14
180.63549104786762,-15.642613454846101,4.876847393370877,-10.118903806054433,-0.1916259669657512,8.394452232591487e-14
180.64187556818428,-15.65051074865605,4.877393176694418,-10.119601632222428,-0.19075555609541797,3.9209196948468075e-14
180.64826096048844,-15.658407577061382,4.877938833682755,-10.120299619940175,-0.18988808353599618,4.5524772295872327e-14
180.6546472262666,-15.6663039390424,4.878484362508583,-10.120997764631888,-0.18902355781801197,6.776086049819148e-14
180.6610343670055,-15.674199833579213,4.87902976134459,-10.121696061720492,-0.18816198747162374,2.394655652557446e-14
180.6674223841919,-15.6820952596517,4.879575028363472,-10.122394506627614,-0.1873033810266256,8.578656513557444e-14
180.67381127931276,-15.689990216239558,4.880120161737914,-10.123093094773582,-0.1864477470124494,3.144630225061701e-14
180.68020105385514,-15.697884702322275,4.880665159640613,-10.123791821577408,-0.18559509395815035,1.1065414306597869e-13
180.68659170930633,-15.705778716879118,4.881210020244258,-10.124490682456802,-0.18474543039242436,8.065516016580848e-14
180.69298324715362,-15.713672258889183,4.88175474172154,-10.12518967282818,-0.1838987648435886,7.894469184255317e-14
180.69937566888456,-15.721565327331314,4.882299322245153,-10.125888788106622,-0.18305510583960108,5.5129709803382966e-14
180.7057689759867,-15.729457921184194,4.882843759987788,-10.126588023705924,-0.18221446190804405,1.1025941960676593e-13
180.7121631699479,-15.73735003942627,4.883388053122133,-10.127287375038549,-0.18137684157612197,7.197124406312764e-14
180.71855825225606,-15.745241681035797,4.883932199820885,-10.127986837515657,-0.18054225337067692,2.8946387008936165e-14
180.72495422439914,-15.75313284499082,4.8844761982567295,-10.128686406547086,-0.1797107058181659,9.341788534702125e-14
180.73135108786545,-15.761023530269174,4.885020046602361,-10.129386077541351,-0.17888220744468192,3.0920004304999994e-14
180.7377488441432,-15.768913735848487,4.885563743030472,-10.130085845905652,-0.17805676677593313,3.013055738657446e-14
180.74414749472092,-15.776803460706189,4.886107285713754,-10.130785707045865,-0.17723439233726002,5.539285877619147e-14
180.75054704108717,-15.784692703819498,4.886650672824896,-10.131485656366541,-0.17641509265361544,6.841873293021275e-14
180.7569474847307,-15.792581464165414,4.887193902536592,-10.132185689270907,-0.17559887624958043,9.670724750712763e-14
180.7633488271404,-15.800469740720745,4.887736973021531,-10.132885801160858,-0.17478575164935872,2.3288684093553184e-14
180.76975106980524,-15.808357532462079,4.888279882452408,-10.133585987436962,-0.17397572737676645,3.026213187297872e-14
180.7761542142144,-15.816244838365812,4.8888226290019094,-10.134286243498455,-0.17316881195524203,7.420801033199997e-14
180.78255826185713,-15.824131657408106,4.8893652108427315,-10.134986564743233,-0.17236501390784514,6.881345638942551e-14
180.7889632142229,-15.832017988564937,4.889907626147564,-10.135686946567862,-0.17156434175724283,1.0420699323217018e-13
180.79536907280126,-15.83990383081205,4.890449873089096,-10.136387384367577,-0.17076680402573108,8.354979886670211e-14
180.80177583908187,-15.847789183125007,4.890991949840025,-10.137087873536254,-0.16997240923520998,1.1183831344361699e-13
180.80818351455463,-15.85567404447914,4.891533854573037,-10.137788409466454,-0.1691811659071991,5.460341185776594e-14
180.81459210070946,-15.863558413849576,4.892075585460825,-10.13848898754937,-0.16839308256282673,1.0012818415363827e-13
180.8210015990365,-15.87144229021124,4.892617140676081,-10.139189603174867,-0.1676081677228411,9.276001291499998e-14
180.827412011026,-15.879325672538844,4.893158518391496,-10.139890251731448,-0.1668264299075943,2.6841195226468077e-14
180.83382333816834,-15.887208559806867,4.893699716779763,-10.14059092860628,-0.16604787763704662,1.0407541874576593e-13
180.84023558195406,-15.895090950989625,4.894240734013572,-10.14129162918518,-0.16527251943077856,1.3289023126829784e-14
180.8466487438738,-15.902972845061164,4.894781568265614,-10.141992348852598,-0.16450036380796934,5.328766699372339e-14
180.8530628254184,-15.910854240995379,4.89532221770858,-10.142693082991647,-0.1637314192874073,1.021018014497021e-13
180.85947782807878,-15.918735137765891,4.895862680515164,-10.143393826984065,-0.162965694387492,1.61836618277234e-14
180.865893753346,-15.926615534346164,4.896402954858058,-10.144094576210252,-0.16220319762622298,6.184000860999999e-14
180.8723106027113,-15.934495429709427,4.89694303890995,-10.14479532604923,-0.1614439375212045,1.0262809939531913e-14
180.87872837766605,-15.942374822828683,4.897482930843533,-10.145496071878668,-0.16068792258965042,9.59178005887021e-14
180.8851470797017,-15.950253712676759,4.898022628831498,-10.146196809074873,-0.15993516134837,6.184000860999999e-14
