galstreams/tracks/track.st.Cetus.yam2013.ecsv
# %ECSV 0.9
# ---
# datatype:
# - {name: ra, unit: deg, datatype: float64}
# - {name: dec, unit: deg, datatype: float64}
# - {name: distance, unit: kpc, datatype: float64}
# - {name: pm_ra_cosdec, unit: mas / yr, datatype: float64}
# - {name: pm_dec, unit: mas / yr, datatype: float64}
# - {name: radial_velocity, unit: km / s, datatype: float64}
# delimiter: ','
# meta: !!omap
# - __serialized_columns__:
#     dec:
#       __class__: astropy.coordinates.angles.Latitude
#       unit: &id001 !astropy.units.Unit {unit: deg}
#       value: !astropy.table.SerializedColumn {name: dec}
#     distance:
#       __class__: astropy.coordinates.distances.Distance
#       unit: !astropy.units.Unit {unit: kpc}
#       value: !astropy.table.SerializedColumn {name: distance}
#     pm_dec:
#       __class__: astropy.units.quantity.Quantity
#       unit: !astropy.units.Unit {unit: mas / yr}
#       value: !astropy.table.SerializedColumn {name: pm_dec}
#     pm_ra_cosdec:
#       __class__: astropy.units.quantity.Quantity
#       unit: !astropy.units.Unit {unit: mas / yr}
#       value: !astropy.table.SerializedColumn {name: pm_ra_cosdec}
#     ra:
#       __class__: astropy.coordinates.angles.Longitude
#       unit: *id001
#       value: !astropy.table.SerializedColumn {name: ra}
#       wrap_angle: !astropy.coordinates.Angle
#         unit: *id001
#         value: 360.0
#     radial_velocity:
#       __class__: astropy.units.quantity.Quantity
#       unit: !astropy.units.Unit {unit: km / s}
#       value: !astropy.table.SerializedColumn {name: radial_velocity}
# schema: astropy-2.0
ra,dec,distance,pm_ra_cosdec,pm_dec,radial_velocity
[from data line 1405]
25.302387334674812,8.907378914898839,30.49675325079429,-5.551115123125783e-17,-2.7755575615628914e-17,-124.70077447677909
25.30642861164666,8.916548850810985,30.49803465149559,-5.551115123125783e-17,-8.326672684688674e-17,-124.72444900939884
25.31047024591267,8.925718676417606,30.49931520949577,1.1102230246251565e-16,-2.7755575615628914e-17,-124.74811826429921
25.314512237419795,8.934888391788453,30.500594926278524,0.0,-8.326672684688674e-17,-124.77178224093993
25.318554586115024,8.944057996993289,30.501873803327573,-1.1102230246251564e-16,0.0,-124.79544093878081
25.3225972919454,8.953227492101854,30.503151842126606,5.551115123125783e-17,-2.7755575615628914e-17,-124.81909435728164
25.326640354857933,8.96239687718384,30.504429044159355,-5.551115123125782e-17,-5.551115123125783e-17,-124.84274249590219
25.330683774799773,8.971566152309084,30.505705410909506,-5.551115123125783e-17,-2.7755575615628914e-17,-124.86638535410215
25.334727551718032,8.980735317547255,30.506980943860793,0.0,-5.551115123125783e-17,-124.89002293134142
25.33877168555987,8.989904372968072,30.508255644496916,5.551115123125782e-17,-5.551115123125783e-17,-124.91365522707972
25.342816176272486,8.999073318641246,30.50952951430157,5.551115123125783e-17,-2.7755575615628914e-17,-124.93728224077682
25.346861023803115,9.008242154636475,30.510802554758474,5.551115123125783e-17,-5.551115123125783e-17,-124.9609039718925
25.35090622809902,9.017410881023457,30.51207476735133,-5.551115123125783e-17,-8.326672684688674e-17,-124.98452041988654
25.354951789107503,9.026579497871827,30.51334615356385,-5.551115123125783e-17,-8.326672684688674e-17,-125.00813158421869
25.358997706775938,9.035748005251369,30.514616714879754,0.0,-8.326672684688674e-17,-125.03173746434882
25.363043981051675,9.044916403231705,30.515886452782745,-1.1102230246251565e-16,-5.551115123125783e-17,-125.05533805973658
25.367090611882137,9.054084691882498,30.51715536875652,-5.551115123125783e-17,-5.551115123125783e-17,-125.07893336984182
25.37113759921476,9.063252871273406,30.518423464284794,0.0,-5.551115123125783e-17,-125.10252339412432
25.375184942997027,9.072420941474078,30.51969074085128,0.0,-5.551115123125783e-17,-125.12610813204383
25.37923264317646,9.081588902554163,30.520957199939684,0.0,-1.1102230246251565e-16,-125.14968758306011
25.38328069970058,9.090756754583241,30.522222843033717,5.551115123125783e-17,-2.7755575615628914e-17,-125.173261746633
25.387329112517033,9.099924497631049,30.523487671617083,0.0,-2.7755575615628914e-17,-125.19683062222224
25.391377881573405,9.109092131767152,30.52475168717349,5.551115123125783e-17,-8.326672684688674e-17,-125.22039420928758
25.395427006817357,9.11825965706117,30.526014891186662,5.551115123125783e-17,0.0,-125.24395250728882
25.39947648819658,9.127427073582703,30.52727728514028,5.551115123125783e-17,0.0,-125.26750551568574
25.403526325658813,9.136594381401359,30.528538870518073,5.551115123125783e-17,0.0,-125.29105323393813
25.407576519151796,9.145761580586726,30.529799648803746,0.0,-8.326672684688674e-17,-125.31459566150572
25.411627068623318,9.15492867120834,30.53105962148101,0.0,-8.326672684688674e-17,-125.33813279784832
25.41567797402126,9.164095653335888,30.53231879003356,-5.551115123125783e-17,-1.1102230246251565e-16,-125.36166464242572
25.419729235293456,9.173262527038881,30.533577155945128,-1.6653345369377348e-16,-8.326672684688674e-17,-125.38519119469767
25.42378085238782,9.182429292386892,30.534834720699397,-5.551115123125783e-17,-8.326672684688674e-17,-125.40871245412394
25.427832825252285,9.19159594944948,30.536091485780087,5.551115123125783e-17,-2.7755575615628914e-17,-125.43222842016434
25.43188515383481,9.20076249829619,30.537347452670918,-1.1102230246251565e-16,-2.7755575615628914e-17,-125.45573909227859
25.435937838083426,9.209928938996566,30.53860262285558,-5.551115123125782e-17,-5.551115123125783e-17,-125.47924446992651
25.439990877946133,9.219095271620095,30.539856997817797,-5.551115123125783e-17,0.0,-125.5027445525679
25.44404427337106,9.228261496236414,30.54111057904127,-5.551115123125783e-17,-5.551115123125783e-17,-125.52623933966248
25.448098024306297,9.237427612914988,30.542363368009703,-5.551115123125783e-17,-8.326672684688674e-17,-125.54972883067005
25.452152130699993,9.24659362172534,30.543615366206808,0.0,-2.7755575615628914e-17,-125.57321302505039
25.456206592500322,9.255759522736973,30.544866575116306,-1.1102230246251565e-16,-5.551115123125783e-17,-125.59669192226333
25.46026140965551,9.264925316019397,30.54611699622188,0.0,-8.326672684688674e-17,-125.6201655217685
25.464316582113803,9.274091001642102,30.54736663100726,5.551115123125783e-17,-5.551115123125783e-17,-125.64363382302581
25.46837210982346,9.283256579674525,30.54861548095616,-1.1102230246251565e-16,-5.551115123125783e-17,-125.667096825495
25.472427992732857,9.292422050186255,30.549863547552263,-5.551115123125782e-17,-8.326672684688674e-17,-125.69055452863581
25.47648423079032,9.301587413246713,30.5511108322793,0.0,-5.551115123125783e-17,-125.71400693190805
25.48054082394425,9.31075266892537,30.55235733662096,5.551115123125783e-17,-5.551115123125783e-17,-125.73745403477149
25.484597772143054,9.319917817291685,30.55360306206098,0.0,-5.551115123125783e-17,-125.76089583668595
25.488655075335206,9.329082858415115,30.554848010083038,-1.6653345369377348e-16,-8.326672684688674e-17,-125.78433233711108
25.492712733469205,9.338247792365108,30.556092182170854,5.551115123125782e-17,-8.326672684688674e-17,-125.80776353550678
25.49677074649354,9.347412619211054,30.55733557980815,-1.6653345369377348e-16,-1.1102230246251565e-16,-125.83118943133279
25.500829114356836,9.356577339022495,30.558578204478618,0.0,0.0,-125.8546100240489
25.50488783700767,9.365741951868804,30.559820057665974,-5.551115123125783e-17,0.0,-125.87802531311488
25.508946914394663,9.374906457819401,30.561061140853926,-1.1102230246251564e-16,-5.551115123125783e-17,-125.90143529799043
25.513006346466494,9.384070856943703,30.562301455526185,-1.1102230246251565e-16,-1.1102230246251565e-16,-125.92483997813545
25.517066133171863,9.393235149311122,30.56354100316645,0.0,-5.551115123125783e-17,-125.94823935300961
25.521126274459505,9.402399334991058,30.56477978525843,-5.551115123125783e-17,-5.551115123125783e-17,-125.97163342207278
25.52518677027817,9.411563414052855,30.566017803285852,-5.551115123125783e-17,-8.326672684688674e-17,-125.99502218478467
25.529247620576726,9.420727386566009,30.567255058732407,5.551115123125783e-17,0.0,-126.01840564060508
25.533308825303966,9.429891252599843,30.56849155308181,5.551115123125783e-17,-5.551115123125783e-17,-126.04178378899375
25.537370384408778,9.439055012223738,30.569727287817773,-5.551115123125783e-17,-2.7755575615628914e-17,-126.06515662941052
25.541432297840082,9.448218665507069,30.57096226442399,0.0,-2.7755575615628914e-17,-126.0885241613151
25.545494565546804,9.457382212519189,30.572196484384193,-5.551115123125783e-17,-5.551115123125783e-17,-126.11188638416733
25.54955718747795,9.466545653329463,30.57342994918206,0.0,-5.551115123125783e-17,-126.13524329742695
25.553620163582487,9.475708988007186,30.574662660301335,-5.551115123125782e-17,-5.551115123125783e-17,-126.15859490055378
25.55768349380952,9.48487221662181,30.575894619225704,1.1102230246251565e-16,-2.7755575615628914e-17,-126.18194119300752
25.561747178108114,9.494035339242615,30.57712582743887,0.0,-2.7755575615628914e-17,-126.20528217424797
25.565811216427374,9.503198355938935,30.578356286424558,-5.551115123125783e-17,-1.1102230246251565e-16,-126.22861784373492
25.56987560871647,9.5123612667801,30.579585997666477,0.0,-5.551115123125783e-17,-126.2519482009282
25.57394035492457,9.521524071835428,30.58081496264833,5.551115123125783e-17,0.0,-126.2752732452875
25.578005455000913,9.530686771174222,30.582043182853816,5.551115123125783e-17,-2.7755575615628914e-17,-126.29859297627264
25.582070908894714,9.53984936486575,30.583270659766654,-5.551115123125783e-17,-8.326672684688674e-17,-126.32190739334335
25.586136716555327,9.549011852979408,30.584497394870557,0.0,0.0,-126.34521649595948
25.59020287793204,9.558174235584437,30.58572338964923,-1.1102230246251565e-16,0.0,-126.36852028358074
25.594269392974226,9.567336512750135,30.58694864558637,-5.551115123125783e-17,-2.7755575615628914e-17,-126.39181875566697
25.598336261631268,9.576498684545774,30.588173164165706,5.551115123125783e-17,-2.7755575615628914e-17,-126.41511191167787
25.60240348385259,9.585660751040631,30.58939694687093,-5.551115123125782e-17,-1.1102230246251565e-16,-126.43839975107326
25.606471059587665,9.59482271230398,30.590619995185758,-5.551115123125783e-17,-5.551115123125783e-17,-126.46168227331299
25.610538988785965,9.603984568405028,30.591842310593897,5.551115123125783e-17,-8.326672684688674e-17,-126.48495947785669
25.614607271397063,9.613146319413142,30.593063894579053,-1.1102230246251565e-16,-2.7755575615628914e-17,-126.50823136416422
25.618675907370505,9.622307965397518,30.594284748624947,0.0,-2.7755575615628914e-17,-126.53149793169534
25.622744896655888,9.631469506427399,30.59550487421527,0.0,-8.326672684688674e-17,-126.55475917990984
25.626814239202844,9.64063094257203,30.596724272833747,-5.551115123125783e-17,-8.326672684688674e-17,-126.57801510826748
25.630883934961044,9.649792273900637,30.59794294596407,-5.551115123125782e-17,-5.551115123125783e-17,-126.60126571622804
25.634953983880198,9.658953500482456,30.59916089508996,0.0,-8.326672684688674e-17,-126.6245110032513
25.63902438591,9.668114622386652,30.600378121695126,5.551115123125783e-17,-2.7755575615628914e-17,-126.64775096879703
25.643095141000288,9.677275639682543,30.601594627263264,1.1102230246251565e-16,-8.326672684688674e-17,-126.67098561232503
25.64716624910083,9.686436552439291,30.602810413278096,0.0,-2.7755575615628914e-17,-126.694214933295
25.651237710161475,9.695597360726095,30.604025481223328,-1.1102230246251565e-16,-5.551115123125783e-17,-126.71743893116683
25.65530952413209,9.704758064612157,30.60523983258267,0.0,-5.551115123125783e-17,-126.7406576054002
25.659381690962586,9.713918664166666,30.60645346883982,5.551115123125782e-17,-8.326672684688674e-17,-126.76387095545496
25.663454210602904,9.723079159458809,30.6076663914785,-5.551115123125783e-17,-1.1102230246251565e-16,-126.78707898079084
25.667527083003,9.73223955055772,30.608878601982404,0.0,-8.326672684688674e-17,-126.81028168086759
25.67160030811293,9.741399837532668,30.61009010183525,0.0,-8.326672684688674e-17,-126.83347905514508
25.675673885882706,9.750560020452776,30.611300892520756,-5.551115123125783e-17,-1.3877787807814457e-16,-126.85667110308299
25.67974781626242,9.75972009938721,30.612510975522614,-1.6653345369377348e-16,-1.1102230246251565e-16,-126.87985782414115
25.683822099202185,9.76888007440512,30.613720352324542,-5.551115123125783e-17,-5.551115123125783e-17,-126.90303921777931
25.687896734652135,9.778039945575664,30.614929024410245,-5.551115123125783e-17,-5.551115123125783e-17,-126.9262152834573
25.691971722562464,9.787199712967984,30.61613699326343,0.0,-5.551115123125783e-17,-126.94938602063482
25.696047062883355,9.79635937665117,30.61734426036781,-5.551115123125783e-17,-5.551115123125783e-17,-126.97255142877171
25.700122755565104,9.805518936694462,30.618550827207088,0.0,-2.7755575615628914e-17,-126.99571150732767
25.70419880055798,9.814678393166936,30.61975669526499,0.0,-5.551115123125783e-17,-127.01886625576255
25.708275197812295,9.823837746137718,30.620961866025198,-5.551115123125782e-17,-8.326672684688674e-17,-127.04201567353607
25.712351947278393,9.832996995675916,30.622166340971436,0.0,-2.7755575615628914e-17,-127.06515976010812
25.716429048906665,9.84215614185065,30.62337012158741,5.551115123125782e-17,-8.326672684688674e-17,-127.08829851493829
25.720506502647535,9.85131518473103,30.62457320935683,-5.551115123125783e-17,-2.7755575615628914e-17,-127.11143193748654
25.724584308451448,9.86047412438615,30.62577560576341,0.0,-5.551115123125783e-17,-127.1345600272125
25.728662466268894,9.869632960885117,30.626977312290844,-5.551115123125783e-17,-5.551115123125783e-17,-127.15768278357604
25.7327409760504,9.87879169429701,30.62817833042286,5.551115123125782e-17,-2.7755575615628914e-17,-127.18080020603692
25.73681983774652,9.887950324690925,30.629378661643145,-5.551115123125782e-17,-5.551115123125783e-17,-127.20391229405489
25.740899051307835,9.897108852135936,30.630578307435417,-5.551115123125782e-17,-5.551115123125783e-17,-127.22701904708974
25.744978616684975,9.906267276701119,30.631777269283393,-5.551115123125783e-17,-2.7755575615628914e-17,-127.25012046460121
25.749058533828595,9.915425598455537,30.632975548670778,-1.1102230246251564e-16,-1.1102230246251565e-16,-127.27321654604916
25.753138802689392,9.924583817468264,30.63417314708127,-1.1102230246251565e-16,0.0,-127.29630729089332
25.75721942321808,9.93374193380835,30.635370065998593,5.551115123125783e-17,-2.7755575615628914e-17,-127.31939269859345
25.761300395365417,9.942899947544849,30.63656630690644,0.0,-5.551115123125783e-17,-127.34247276860935
25.76538171908221,9.952057858746812,30.637761871288532,-5.551115123125782e-17,-1.1102230246251565e-16,-127.36554750040077
25.769463394319274,9.961215667483282,30.63895676062856,5.551115123125783e-17,-5.551115123125783e-17,-127.3886168934275
25.773545421027467,9.970373373823296,30.64015097641026,-5.551115123125782e-17,-8.326672684688674e-17,-127.41168094714936
25.7776277991577,9.979530977835879,30.641344520117325,0.0,-8.326672684688674e-17,-127.43473966102601
25.78171052866088,9.988688479590063,30.64253739323346,1.1102230246251565e-16,-5.551115123125783e-17,-127.45779303451738
25.78579360948797,9.997845879154868,30.643729597242388,-5.551115123125782e-17,-8.326672684688674e-17,-127.48084106708312
25.78987704158999,10.007003176599316,30.644921133627797,5.551115123125782e-17,-2.7755575615628914e-17,-127.50388375818306
25.793960824917935,10.016160371992411,30.646112003873412,-5.551115123125783e-17,-2.7755575615628914e-17,-127.52692110727698
25.798044959422892,10.02531746540316,30.64730220946294,-5.551115123125783e-17,-8.326672684688674e-17,-127.54995311382467
25.802129445055954,10.034474456900567,30.648491751880083,0.0,-8.326672684688674e-17,-127.57297977728584
25.806214281768238,10.043631346553624,30.649680632608554,0.0,-5.551115123125783e-17,-127.59600109712036
25.810299469510927,10.05278813443132,30.650868853132064,1.1102230246251565e-16,-1.1102230246251565e-16,-127.61901707278793
25.814385008235202,10.061944820602655,30.652056414934318,0.0,-8.326672684688674e-17,-127.64202770374833
25.818470897892308,10.071101405136593,30.653243319499012,-5.551115123125783e-17,-5.551115123125783e-17,-127.66503298946137
25.8225571384335,10.080257888102118,30.65442956830988,0.0,-5.551115123125783e-17,-127.68803292938681
25.82664372981008,10.089414269568195,30.655615162850616,-5.551115123125783e-17,-5.551115123125783e-17,-127.71102752298445
25.830730671973388,10.098570549603798,30.65680010460493,0.0,-5.551115123125783e-17,-127.73401676971405
25.83481796487478,10.107726728277878,30.657984395056534,-5.551115123125783e-17,-5.551115123125783e-17,-127.75700066903532
25.83890560846566,10.1168828056594,30.65916803568913,5.551115123125783e-17,-5.551115123125783e-17,-127.7799792204082
25.84299360269746,10.126038781817313,30.66035102798643,5.551115123125782e-17,-2.7755575615628914e-17,-127.80295242329233
25.847081947521648,10.135194656820556,30.66153337343215,-1.1102230246251565e-16,-8.326672684688674e-17,-127.82592027714745
25.851170642889727,10.14435043073808,30.66271507350999,0.0,-2.7755575615628914e-17,-127.84888278143349
25.855259688753232,10.153506103638813,30.66389612970366,0.0,-8.326672684688674e-17,-127.87183993561011
25.859349085063727,10.162661675591691,30.66507654349687,-1.1102230246251565e-16,-5.551115123125783e-17,-127.89479173913712
25.863438831772807,10.171817146665642,30.666256316373328,-5.551115123125783e-17,-1.1102230246251565e-16,-127.9177381914743
25.867528928832126,10.180972516929586,30.667435449816743,-5.551115123125782e-17,-1.1102230246251565e-16,-127.94067929208147
