galstreams/tracks/track.st.Hydrus.ibata2024.ecsv
# %ECSV 1.0
# ---
# datatype:
# - {name: ra, unit: deg, datatype: float64}
# - {name: dec, unit: deg, datatype: float64}
# - {name: distance, unit: kpc, datatype: float64}
# - {name: pm_ra_cosdec, unit: mas / yr, datatype: float64}
# - {name: pm_dec, unit: mas / yr, datatype: float64}
# - {name: radial_velocity, unit: km / s, datatype: float64}
# delimiter: ','
# meta: !!omap
# - __serialized_columns__:
#     dec:
#       __class__: astropy.coordinates.angles.Latitude
#       unit: &id001 !astropy.units.Unit {unit: deg}
#       value: !astropy.table.SerializedColumn {name: dec}
#     distance:
#       __class__: astropy.coordinates.distances.Distance
#       unit: !astropy.units.Unit {unit: kpc}
#       value: !astropy.table.SerializedColumn {name: distance}
#     pm_dec:
#       __class__: astropy.units.quantity.Quantity
#       unit: !astropy.units.Unit {unit: mas / yr}
#       value: !astropy.table.SerializedColumn {name: pm_dec}
#     pm_ra_cosdec:
#       __class__: astropy.units.quantity.Quantity
#       unit: !astropy.units.Unit {unit: mas / yr}
#       value: !astropy.table.SerializedColumn {name: pm_ra_cosdec}
#     ra:
#       __class__: astropy.coordinates.angles.Longitude
#       unit: *id001
#       value: !astropy.table.SerializedColumn {name: ra}
#       wrap_angle: !astropy.coordinates.Angle
#         unit: *id001
#         value: 360.0
#     radial_velocity:
#       __class__: astropy.units.quantity.Quantity
#       unit: !astropy.units.Unit {unit: km / s}
#       value: !astropy.table.SerializedColumn {name: radial_velocity}
# schema: astropy-2.0
ra,dec,distance,pm_ra_cosdec,pm_dec,radial_velocity
[from data line 286]
43.62755762458953,-79.6012809699123,1.0000000000000016,3.7019811280379145,-0.9905512273107888,202414.88836945337
43.6786938786715,-79.60511445531998,1.0000000000000016,3.70263151477684,-0.9869689164861484,207616.76010718854
43.729850077381656,-79.60894729626223,1.0000000000000016,3.7032944760753708,-0.9833863987405493,212906.94753852434
43.781026328489794,-79.61277946810783,1.0000000000000018,3.703970093853968,-0.9798037411501355,218286.1933359658
43.83222273947085,-79.61661094617114,1.0000000000000016,3.7046584503468694,-0.9762210104890983,223755.24017201786
43.883439417504235,-79.6204417057122,1.0000000000000016,3.705359628064798,-0.972638273220582,229314.83071918535
43.93467646946997,-79.62427172193672,1.0000000000000016,3.706073709825432,-0.9690555955221498,234965.7076499731
43.98593400194939,-79.62810096999641,1.0000000000000016,3.706800778739307,-0.965473043241218,240708.61363688647
44.03721212122111,-79.63192942498885,1.0000000000000016,3.7075409182079966,-0.9618906819559925,246544.29135243024
44.08851093326163,-79.63575706195785,1.0000000000000016,3.708294211932298,-0.9583085768972524,252473.48346910923
44.139830543741375,-79.63958385589332,1.0000000000000018,3.709060743904047,-0.9547267929920054,258496.93265942848
44.191171058024764,-79.64340978173159,1.0000000000000018,3.709840598414303,-0.9511453949035058,264615.3815958929
44.2425325811675,-79.6472348143554,1.0000000000000016,3.7106338600342497,-0.947564446942124,270829.57295100746
44.2939152179151,-79.6510589285941,1.0000000000000016,3.7114406136424805,-0.9439840130853554,277140.2493972771
44.34531907270107,-79.65488209922367,1.0000000000000018,3.712260944409536,-0.9404041570469417,283548.1536072066
44.3967442496453,-79.65870430096692,1.0000000000000013,3.7130949377824436,-0.9368249421968358,290054.02825330105
44.44819085255212,-79.66252550849353,1.0000000000000016,3.7139426795210966,-0.9332464316212281,296658.6160080653
44.49965898490857,-79.66634569642032,1.0000000000000016,3.7148042556691507,-0.9296686880115885,303362.65954400424
44.5511487498827,-79.6701648393111,1.0000000000000016,3.715679752555843,-0.926091773853841,310166.9015336232
44.602660250321655,-79.67398291167707,1.0000000000000016,3.716569256806906,-0.922515751215542,317072.08464942663
44.65419358874993,-79.67779988797678,1.0000000000000016,3.717472855343658,-0.9189406818859425,324078.95156391995
44.70574886736758,-79.68161574261624,1.0000000000000018,3.7183906353684506,-0.9153666273450654,331188.24494960776
44.75732618804836,-79.68543044994914,1.0000000000000018,3.7193226843792218,-0.9117936487145926,338400.70747899514
44.80892565233789,-79.68924398427687,1.0000000000000018,3.720269090169495,-0.9082218068106158,345717.08182458684
44.86054736145185,-79.69305631984865,1.0000000000000018,3.7212299408110994,-0.9046511621691025,353138.1106588882
44.91219141627414,-79.69686743086176,1.0000000000000018,3.722205324672359,-0.9010817748858244,360664.5366544037
44.963857917355014,-79.7006772914615,1.0000000000000018,3.72319533040627,-0.8975137048455508,368297.1024836386
45.015546964909156,-79.7044858757414,1.0000000000000016,3.7242000469677805,-0.8939470115437871,376036.5508190972
45.06725865881394,-79.70829315774334,1.0000000000000018,3.725219563581959,-0.8903817541558965,383883.62433328555
45.11899309860744,-79.71209911145768,1.0000000000000018,3.7262539697685497,-0.8868179915225483,391839.06569870777
45.170750383486606,-79.7159037108233,1.0000000000000018,3.7273033553365167,-0.8832557821533555,399903.6175878691
45.22253061230531,-79.7197069297278,1.0000000000000018,3.7283678103940474,-0.8796951842487033,408078.02267327457
45.27433388357253,-79.72350874200767,1.0000000000000018,3.729447425311264,-0.8761362556215317,416363.02362742886
45.326160295450364,-79.72730912144822,1.0000000000000018,3.730542290764788,-0.8725790537991998,424759.3631228369
45.37800994575212,-79.73110804178391,1.000000000000002,3.7316524977104564,-0.8690236359761911,433267.7838320039
45.42988293194042,-79.73490547669839,1.0000000000000018,3.732778137396963,-0.8654700589322601,441889.02842743456
45.48177935112524,-79.73870139982459,1.0000000000000018,3.7339193013522163,-0.8619183791706746,450623.83958163403
45.533699300062,-79.74249578474489,1.0000000000000018,3.73507608138425,-0.8583686528909311,459472.95996710676
45.58564287514952,-79.74628860499125,1.0000000000000016,3.736248569603049,-0.854820935837779,468437.13225635834
45.637610172428204,-79.75007983404528,1.0000000000000018,3.7374368583859905,-0.8512752835013089,477517.0991218934
45.689601287577915,-79.75386944533845,1.0000000000000018,3.7386410404105845,-0.8477317509896238,486713.6032362171
45.74161631591611,-79.75765741225212,1.0000000000000022,3.7398612086199137,-0.8441903931052366,496027.3872718342
45.79365535239581,-79.76144370811772,1.0000000000000022,3.7410974562662886,-0.8406512642432062,505459.19390124956
45.8457184916036,-79.76522830621693,1.000000000000002,3.7423498768694117,-0.8371144184820878,515009.76579696813
45.897805827757665,-79.76901117978166,1.000000000000002,3.7436185642272903,-0.8335799095766561,524679.8456314951
45.94991745470573,-79.77279230199433,1.000000000000002,3.7449036124253325,-0.8300477908596804,534470.1760773351
46.002053465923055,-79.7765716459879,1.000000000000002,3.7462051158454415,-0.8265181154056336,544381.4998069932
46.054213954510466,-79.78034918484606,1.000000000000002,3.7475231691332738,-0.822990935845155,554414.559492974
46.106399013192195,-79.78412489160331,1.000000000000002,3.7488578672309814,-0.819466304488742,564570.0978077833
46.158608734314015,-79.78789873924511,1.000000000000002,3.7502093053390126,-0.8159442733340256,574848.8574239253
46.210843209840974,-79.79167070070802,1.0000000000000022,3.7515775789706822,-0.8124248939493555,585251.5810139052
46.263102531355536,-79.79544074887983,1.000000000000002,3.752962783904877,-0.8089082175938529,595779.011250228
46.31538679005541,-79.79920885659963,1.000000000000002,3.754365016195152,-0.8053942951519275,606431.8908053985
46.36769607675146,-79.80297499665805,1.000000000000002,3.755784372180642,-0.8018831771587429,617210.9623519217
46.42003048186569,-79.80673914179734,1.000000000000002,3.757220948480608,-0.798374913756561,628116.9685623025
46.47239009542908,-79.81050126471145,1.000000000000002,3.7586748419980722,-0.7948695547165698,639150.6521090461
46.524775007079576,-79.81426133804624,1.000000000000002,3.7601461499070865,-0.791367149544385,650312.7556646572
46.577185306059874,-79.81801933439958,1.000000000000002,3.761634969670922,-0.7878677472181153,661604.0219016405
46.6296210812154,-79.82177522632148,1.000000000000002,3.763141399016604,-0.7843713964830386,673025.1934925008
46.682082420992124,-79.82552898631424,1.0000000000000022,3.7646655359658325,-0.7808781457133591,684577.0131097442
46.73456941343446,-79.8292805868326,1.0000000000000022,3.7662074788149766,-0.777388042803068,696260.2234258746
46.78708214618314,-79.8330300002838,1.0000000000000022,3.767767326107787,-0.7739011353405658,708075.5671133972
46.839620706473006,-79.83677719902781,1.0000000000000022,3.769345176711795,-0.7704174706050253,720023.7868448171
46.89218518113091,-79.84052215537744,1.0000000000000022,3.7709411297419138,-0.7669370953808539,732105.6252926391
46.94477565657355,-79.84426484159839,1.0000000000000022,3.7725552846040955,-0.7634600562087144,744321.825129368
46.99739221880527,-79.84800522990957,1.0000000000000022,3.7741877409753215,-0.7599863990872109,756673.129027509
47.05003495341591,-79.85174329248305,1.0000000000000022,3.7758385987945076,-0.7565161697712028,769160.2796595672
47.10270394557859,-79.85547900144428,1.0000000000000022,3.777507958284332,-0.7530494136408379,781784.0196980467
47.15539928004754,-79.85921232887227,1.0000000000000022,3.7791959199639678,-0.7495861756324302,794545.091815453
47.20812104115592,-79.86294324679969,1.000000000000002,3.7809025845854194,-0.7461265002893924,807444.2386842913
47.26086931281354,-79.86667172721295,1.0000000000000024,3.782628053211738,-0.7426704318495467,820482.2029770663
47.313644178504696,-79.87039774205245,1.0000000000000022,3.7843724271697283,-0.7392180141359859,833659.7273662831
47.36644572128594,-79.87412126321269,1.0000000000000022,3.7861358080499485,-0.7357692905061413,846977.5545244461
47.419274023783885,-79.87784226254233,1.0000000000000022,3.7879182977121673,-0.7323243040773377,860436.4271240614
47.47212916819285,-79.88156071184447,1.0000000000000022,3.7897199983017344,-0.7288830974284792,874037.0878376326
47.52501123627272,-79.88527658287668,1.0000000000000024,3.7915410122477624,-0.7254457128801732,887780.2793376653
47.577920309346666,-79.88898984735121,1.0000000000000024,3.793381442217651,-0.7220121922873659,901666.744296664
47.63085646829888,-79.89270047693506,1.0000000000000027,3.7952413911771146,-0.7185825771812233,915697.2253871346
47.683819793572276,-79.89640844325025,1.0000000000000024,3.7971209623465256,-0.7151569085981464,929872.4652815802
47.736810365166264,-79.90011371787386,1.0000000000000024,3.7990202592227433,-0.711735227247118,944193.2066525081
47.789828262634416,-79.90381627233823,1.0000000000000024,3.800939385590027,-0.7083175734151155,958660.1921724222
47.842873565082215,-79.90751607813104,1.0000000000000024,3.802878445465467,-0.7049039870398701,973274.1645138267
47.89594635116474,-79.91121310669557,1.0000000000000024,3.804837543168105,-0.701494507593452,988035.8663492277
47.94904669908432,-79.91490732943072,1.0000000000000027,3.8068167832716426,-0.6980891742787207,1002946.0403511295
48.00217468658833,-79.91859871769128,1.0000000000000024,3.8088162706080766,-0.6946880257237353,1018005.4291920372
48.05533039096674,-79.92228724278803,1.0000000000000024,3.8108361103186326,-0.6912911002436886,1033214.7755444556
48.10851388904987,-79.92597287598784,1.0000000000000024,3.812876407759177,-0.6878984357390436,1048574.8220808896
48.16172525720604,-79.9296555885139,1.0000000000000024,3.8149372685948038,-0.6845100697610178,1064086.3114738448
48.21496457133921,-79.93333535154582,1.0000000000000027,3.8170187987234385,-0.6811260394388228,1079749.9863958245
48.26823190688664,-79.93701213621985,1.0000000000000024,3.8191211043304065,-0.6777463813341456,1095566.589519336
48.32152733881657,-79.94068591362893,1.0000000000000027,3.8212442918629677,-0.6743711318413261,1111536.8635168823
48.37485094162577,-79.94435665482293,1.0000000000000027,3.8233884680375922,-0.6710003268235596,1127661.5510609695
48.428202789337284,-79.94802433080879,1.0000000000000027,3.825553739821771,-0.6676340016929316,1143941.3948241023
48.48158295549795,-79.95168891255065,1.0000000000000027,3.8277402144631196,-0.6642721915413858,1160377.1374787847
48.53499151317606,-79.95535037097,1.0000000000000027,3.8299479994821013,-0.6609149310534121,1176969.5216975228
48.588428534959014,-79.95900867694588,1.0000000000000027,3.8321772026283725,-0.6575622543969075,1193719.2901528212
48.64189409295087,-79.96266380131502,1.0000000000000029,3.834427931928076,-0.6542141954050749,1210627.1855171851
48.69538825876992,-79.96631571487198,1.0000000000000029,3.8367002956983924,-0.6508707874527317,1227693.9504631187
48.748911103546334,-79.96996438836932,1.0000000000000027,3.838994402492972,-0.6475320635800017,1244920.3276631264
48.80246269791974,-79.97360979251778,1.0000000000000029,3.8413103611201223,-0.6441980563176912,1262307.0597897156
48.85604311203676,-79.97725189798639,1.0000000000000027,3.843648280668276,-0.6408687977673253,1279854.8895153888
48.90965241554863,-79.9808906754027,1.0000000000000024,3.8460082704878005,-0.6375443197539425,1297564.5595126522
48.96329067760869,-79.98452609535292,1.0000000000000029,3.848390440165531,-0.6342246534040896,1315436.8124540108
49.01695796687007,-79.98815812838203,1.0000000000000029,3.8507948995647894,-0.6309098296987941,1333472.391011969
49.070654351483114,-79.99178674499399,1.0000000000000029,3.8532217588217463,-0.6275998791388702,1351672.037859032
49.12437989909298,-79.99541191565191,1.0000000000000029,3.855671128309041,-0.6242948316430557,1370036.4956677041
49.178134676837175,-79.99903361077824,1.0000000000000029,3.8581431186612463,-0.6209947168827057,1388566.507110491
49.23191875134311,-80.00265180075485,1.0000000000000029,3.8606378408076125,-0.6176995639398228,1407262.8148598976
49.285732188725596,-80.00626645592328,1.0000000000000029,3.8631554058556503,-0.6144094016053714,1426126.1615884288
49.339575054584365,-80.00987754658485,1.0000000000000029,3.8656959252548404,-0.6111242582192062,1445157.289968588
49.39344741400162,-80.01348504300087,1.0000000000000029,3.8682595106511144,-0.6078441616045893,1464356.9426728827
49.44734933153951,-80.01708891539282,1.000000000000003,3.8708462739668903,-0.6045691391409491,1483725.8623738175
49.50128087123764,-80.02068913394244,1.0000000000000029,3.8734563274156244,-0.6012992179239518,1503264.7917438953
49.555242096610606,-80.024285668792,1.0000000000000029,3.876089783403586,-0.5980344244962907,1522974.4734556223
49.6092330706454,-80.02787849004443,1.000000000000003,3.8787467546317203,-0.594774784942274,1542855.6501815044
49.663253855799034,-80.03146756776346,1.000000000000003,3.8814273540447175,-0.5915203249969636,1562909.0645940448
49.717304513995856,-80.03505287197383,1.0000000000000033,3.884131694841926,-0.5882710698715528,1583135.459365749
49.77138510662518,-80.03863437266149,1.0000000000000033,3.8868598904664395,-0.5850270443916088,1603535.577169123
49.825495694538674,-80.04221203977369,1.000000000000003,3.889612054608733,-0.5817882729315897,1624110.1606766693
49.879636338047796,-80.04578584321925,1.000000000000003,3.892388301250321,-0.5785547795094317,1644859.952560896
49.93380709692135,-80.04935575286872,1.000000000000003,3.895188744587358,-0.5753265873208875,1665785.6954943058
49.98800803038288,-80.05292173855446,1.000000000000003,3.8980134990779334,-0.5721037196562975,1686888.132149405
50.04223919710811,-80.05648377007094,1.000000000000003,3.9008626794275187,-0.5688861990201985,1708168.005198696
50.096500655222414,-80.06004181717488,1.0000000000000033,3.9037364006035205,-0.5656740475460538,1729626.0573146883
50.15079246229826,-80.0635958495854,1.000000000000003,3.9066347777734336,-0.5624672869089409,1751263.031169882
50.205114675352625,-80.06714583698424,1.0000000000000033,3.9095579264394473,-0.5592659382818965,1773079.6694367828
50.25946735084444,-80.0706917490159,1.0000000000000033,3.912505962274736,-0.5560700225469191,1795076.714787901
50.313850544671986,-80.07423355528786,1.0000000000000033,3.9154790012507874,-0.5528795599966543,1817254.909895734
50.368264312170375,-80.0777712253708,1.0000000000000033,3.9184771595464554,-0.5496945704217069,1839614.9974327937
50.42270870810892,-80.08130472879863,1.0000000000000033,3.9215005535952514,-0.5465150733944029,1862157.7200715777
50.47718378668851,-80.0848340350689,1.0000000000000036,3.9245493001435534,-0.5433410877158167,1884883.8204845986
50.53168960153913,-80.08835911364278,1.0000000000000033,3.9276235160359647,-0.540172631983296,1907794.0413443549
50.58622620571715,-80.09187993394538,1.0000000000000033,3.9307233185172663,-0.5370097241393523,1930889.1253233561
50.640793651702786,-80.0953964653659,1.0000000000000033,3.9338488249923103,-0.5338523818791145,1954169.8150941038
50.69539199139747,-80.09890867725775,1.0000000000000033,3.937000153120607,-0.5307006222428754,1977636.8533291041
50.750021276121274,-80.10241653893891,1.0000000000000036,3.940177420801774,-0.5275544618780259,2001290.982700865
50.80468155661022,-80.10592001969192,1.0000000000000036,3.943380746211915,-0.5244139169517439,2025132.9458818855
50.85937288301375,-80.1094190887642,1.0000000000000038,3.9466102477308596,-0.521279003311065,2049163.4855446757
50.91409530489205,-80.11291371536822,1.0000000000000036,3.9498660439712694,-0.5181497360899812,2073383.3443617374
50.96884887121345,-80.11640386868166,1.0000000000000036,3.9531482538295677,-0.5150261301168939,2097793.2650055788
