galstreams/tracks/track.st.AAU-ATLAS.li2021.ecsv
# %ECSV 0.9
# ---
# datatype:
# - {name: ra, unit: deg, datatype: float64}
# - {name: dec, unit: deg, datatype: float64}
# - {name: distance, unit: kpc, datatype: float64}
# - {name: pm_ra_cosdec, unit: mas / yr, datatype: float64}
# - {name: pm_dec, unit: mas / yr, datatype: float64}
# - {name: radial_velocity, unit: km / s, datatype: float64}
# delimiter: ','
# meta: !!omap
# - __serialized_columns__:
#     dec:
#       __class__: astropy.coordinates.angles.Latitude
#       unit: &id001 !astropy.units.Unit {unit: deg}
#       value: !astropy.table.SerializedColumn {name: dec}
#     distance:
#       __class__: astropy.coordinates.distances.Distance
#       unit: !astropy.units.Unit {unit: kpc}
#       value: !astropy.table.SerializedColumn {name: distance}
#     pm_dec:
#       __class__: astropy.units.quantity.Quantity
#       unit: !astropy.units.Unit {unit: mas / yr}
#       value: !astropy.table.SerializedColumn {name: pm_dec}
#     pm_ra_cosdec:
#       __class__: astropy.units.quantity.Quantity
#       unit: !astropy.units.Unit {unit: mas / yr}
#       value: !astropy.table.SerializedColumn {name: pm_ra_cosdec}
#     ra:
#       __class__: astropy.coordinates.angles.Longitude
#       unit: *id001
#       value: !astropy.table.SerializedColumn {name: ra}
#       wrap_angle: !astropy.coordinates.Angle
#         unit: *id001
#         value: 360.0
#     radial_velocity:
#       __class__: astropy.units.quantity.Quantity
#       unit: !astropy.units.Unit {unit: km / s}
#       value: !astropy.table.SerializedColumn {name: radial_velocity}
# schema: astropy-2.0
ra,dec,distance,pm_ra_cosdec,pm_dec,radial_velocity
[from data line 2058]
28.685932945945567,-31.63897524258007,18.954700273544937,-0.4821296047080813,-0.965263330049595,-71.81643581176851
28.69592861556395,-31.644305776729272,18.95305294443674,-0.4826423612974916,-0.9652230214204454,-71.76756987503136
28.70592489932448,-31.64963641188112,18.95140683490873,-0.4831553305411671,-0.9651826361179835,-71.71869185106624
28.715921797599744,-31.65496714792823,18.949761944960898,-0.48366851247586196,-0.9651421742295629,-71.66980173987317
28.725919310762432,-31.660297984763215,18.948118274593252,-0.48418190713832326,-0.9651016358425704,-71.62089954145213
28.735917439185314,-31.665628922278625,18.946475823805784,-0.48469551456529697,-0.9650610210444276,-71.57198525580307
28.745916183241228,-31.670959960366982,18.944834592598493,-0.48520933479352235,-0.9650203299225888,-71.52305888292612
28.755915543303136,-31.676291098920796,18.94319458097139,-0.48572336785973563,-0.9649795625645429,-71.47412042282117
28.76591551974405,-31.68162233783251,18.941555788924465,-0.48623761380066843,-0.9649387190578124,-71.42516987548828
28.7759161129371,-31.686953676994563,18.93991821645772,-0.48675207265304843,-0.9648977994899538,-71.37620724092737
28.78591732325546,-31.692285116299345,18.93828186357116,-0.48726674445359863,-0.9648568039485572,-71.32723251913849
28.795919151072432,-31.697616655639205,18.93664673026478,-0.48778162923903745,-0.9648157325212466,-71.27824571012168
28.805921596761387,-31.702948294906484,18.93501281653858,-0.4882967270460796,-0.9647745852956805,-71.2292468138769
28.81592466069578,-31.708280033993468,18.93338012239256,-0.4888120379114362,-0.964733362359551,-71.18023583040414
28.825928343249164,-31.713611872792423,18.931748647826723,-0.48932756187181137,-0.9646920638005829,-71.13121275970342
28.835932644795157,-31.71894381119558,18.93011839284107,-0.48984329896390727,-0.964650689706537,-71.08217760177472
28.845937565707477,-31.724275849095108,18.928489357435595,-0.49035924922442103,-0.9646092401652067,-71.03313035661807
28.85594310635995,-31.729607986383193,18.926861541610297,-0.4908754126900452,-0.9645677152644204,-70.98407102423343
28.86594926712644,-31.73494022295195,18.925234945365187,-0.4913917893974684,-0.964526115092039,-70.93499960462086
28.87595604838093,-31.740272558693473,18.923609568700257,-0.4919083793833737,-0.9644844397359582,-70.88591609778028
28.88596345049749,-31.745604993499814,18.92198541161551,-0.49242518268444097,-0.9644426892841075,-70.83682050371176
28.895971473850263,-31.75093752726301,18.920362474110938,-0.4929421993373452,-0.9644008638244521,-70.78771282241526
28.905980118813492,-31.756270159875047,18.918740756186548,-0.4934594293787569,-0.9643589634449878,-70.73859305389075
28.91598938576149,-31.761602891227877,18.917120257842345,-0.4939768728453423,-0.9643169882337475,-70.68946119813833
28.92599927506867,-31.76693572121342,18.91550097907832,-0.4944945297737628,-0.964274938278797,-70.64031725515797
28.936009787109533,-31.77226864972359,18.913882919894476,-0.49501240020067555,-0.9642328136682361,-70.59116122494957
28.946020922258654,-31.777601676650225,18.912266080290813,-0.4955304841627334,-0.9641906144901987,-70.54199310751325
28.956032680890704,-31.782934801885148,18.91065046026733,-0.49604878169658406,-0.9641483408328532,-70.49281290284894
28.96604506338044,-31.788268025320146,18.909036059824036,-0.4965672928388712,-0.964105992784401,-70.44362061095669
28.97605807010271,-31.793601346846984,18.907422878960915,-0.4970860176262334,-0.9640635704330789,-70.39441623183644
28.986071701432426,-31.798934766357377,18.905810917677975,-0.49760495609530675,-0.9640210738671579,-70.34519976548822
28.99608595774463,-31.804268283743006,18.904200175975223,-0.49812410828271936,-0.9639785031749415,-70.29597121191202
29.006100839414398,-31.809601898895526,18.90259065385265,-0.4986434742250976,-0.963935858444769,-70.24673057110792
29.016116346816926,-31.814935611706563,18.90098235131025,-0.49916305395906213,-0.9638931397650139,-70.1974778430758
29.026132480327508,-31.820269422067703,18.899375268348038,-0.4996828475212288,-0.9638503472240822,-70.14821302781569
29.03614924032148,-31.82560332987049,18.89776940496601,-0.5002028549482095,-0.9638074809104158,-70.09893612532764
29.0461666271743,-31.830937335006432,18.89616476116416,-0.500723076276611,-0.9637645409124904,-70.04964713561168
29.05618464126152,-31.836271437367028,18.894561336942488,-0.5012435115430356,-0.9637215273188153,-70.00034605866769
29.066203282958742,-31.84160563684372,18.892959132301005,-0.5017641607840806,-0.9636784402179345,-69.95103289449573
29.076222552641703,-31.846939933327906,18.891358147239693,-0.50228502403634,-0.9636352796984267,-69.90170764309583
29.086242450686168,-31.852274326710997,18.88975838175857,-0.5028061013364011,-0.963592045848904,-69.85237030446793
29.096262977468033,-31.85760881688432,18.888159835857625,-0.5033273927208479,-0.9635487387580127,-69.80302087861207
29.106284133363282,-31.862943403739184,18.886562509536862,-0.5038488982262592,-0.9635053585144346,-69.75365936552826
29.116305918747955,-31.86827808716686,18.88496640279628,-0.5043706178892098,-0.9634619052068845,-69.70428576521647
29.1263283339982,-31.87361286705861,18.883371515635883,-0.5048925517462682,-0.9634183789241122,-69.65490007767671
29.13635137949026,-31.878947743305634,18.881777848055666,-0.5054146998339999,-0.9633747797549024,-69.605502302909
29.146375055600437,-31.884282715799102,18.880185400055623,-0.5059370621889648,-0.9633311077880733,-69.55609244091328
29.15639936270516,-31.889617784430158,18.878594171635772,-0.5064596388477182,-0.9632873631124761,-69.5066704916896
29.166424301180907,-31.89495294908989,18.877004162796094,-0.5069824298468099,-0.9632435458169997,-69.45723645523803
29.17644987140425,-31.90028820966939,18.8754153735366,-0.5075054352227862,-0.9631996559905639,-69.40779033155843
29.186476073751873,-31.905623566059685,18.87382780385729,-0.5080286550121879,-0.9631556937221261,-69.35833212065087
29.196502908600525,-31.910959018151765,18.872241453758154,-0.5085520892515514,-0.9631116591006756,-69.30886182251534
29.206530376327038,-31.91629456583662,18.870656323239203,-0.5090757379774073,-0.9630675522152374,-69.25937943715186
29.216558477308357,-31.921630209005166,18.869072412300433,-0.5095996012262818,-0.9630233731548703,-69.20988496456037
29.226587211921483,-31.92696594754829,18.867489720941848,-0.5101236790346972,-0.962979122008668,-69.16037840474095
29.23661658054352,-31.93230178135688,18.865908249163443,-0.5106479714391703,-0.962934798865758,-69.11085975769355
29.24664658355168,-31.93763771032174,18.86432799696521,-0.5111724784762119,-0.9628904038153041,-69.06132902341821
29.256677221323212,-31.942973734333684,18.86274896434717,-0.5116972001823297,-0.9628459369465021,-69.01178620191489
29.26670849423549,-31.948309853283444,18.861171151309307,-0.5122221365940254,-0.9628013983485835,-68.96223129318358
29.276740402665986,-31.953646067061772,18.85959455785163,-0.5127472877477963,-0.9627567881108147,-68.9126642972243
29.286772946992212,-31.958982375559323,18.858019183974125,-0.5132726536801346,-0.9627121063224957,-68.86308521403704
29.296806127591807,-31.964318778666783,18.856445029676806,-0.5137982344275274,-0.9626673530729623,-68.81349404362184
29.306839944842483,-31.969655276274747,18.85487209495967,-0.5143240300264572,-0.9626225284515831,-68.76389078597866
29.316874399122057,-31.97499186827382,18.85330037982271,-0.5148500405134009,-0.9625776325477637,-68.71427544110755
29.32690949080839,-31.980328554554525,18.85172988426594,-0.5153762659248317,-0.9625326654509408,-68.6646480090084
29.336945220279482,-31.9856653350074,18.85016060828934,-0.5159027062972157,-0.9624876272505898,-68.61500848968136
29.346981587913387,-31.991002209522907,18.848592551892928,-0.5164293616670161,-0.9624425180362172,-68.5653568831263
29.357018594088252,-31.996339177991487,18.847025715076697,-0.51695623207069,-0.9623973378973653,-68.51569318934331
29.36705623918233,-32.00167624030357,18.845460097840643,-0.5174833175446899,-0.9623520869236127,-68.4660174083323
29.377094523573938,-32.0070133963495,18.843895700184774,-0.5180106181254631,-0.9623067652045707,-68.41632954009339
29.387133447641485,-32.01235064601962,18.842332522109086,-0.5185381338494517,-0.9622613728298849,-68.36662958462645
29.39717301176349,-32.01768798920426,18.840770563613578,-0.5190658647530921,-0.9622159098892371,-68.31691754193159
29.407213216318524,-32.02302542579366,18.839209824698255,-0.519593810872818,-0.9621703764723433,-68.26719341200874
29.417254061685277,-32.02836295567807,18.837650305363113,-0.520121972245055,-0.9621247726689537,-68.21745719485791
29.42729554824251,-32.03370057874766,18.83609200560815,-0.5206503489062253,-0.9620790985688538,-68.1677088904791
29.43733767636907,-32.03903829489263,18.834534925433367,-0.5211789408927461,-0.9620333542618635,-68.11794849887238
29.447380446443905,-32.04437610400307,18.832979064838764,-0.5217077482410284,-0.9619875398378374,-68.06817602003765
29.457423858846035,-32.049714005969086,18.831424423824345,-0.5222367709874791,-0.9619416553866647,-68.01839145397496
29.46746791395458,-32.05505200068073,18.829871002390107,-0.5227660091684994,-0.9618957009982698,-67.96859480068433
29.477512612148747,-32.060390088028036,18.82831880053605,-0.5232954628204851,-0.9618496767626123,-67.91878606016571
29.487557953807816,-32.06572826790097,18.826767818262173,-0.5238251319798282,-0.9618035827696854,-67.86896523241911
29.497603939311176,-32.07106654018948,18.82521805556848,-0.5243550166829134,-0.9617574191095171,-67.81913231744454
29.507650569038283,-32.0764049047835,18.823669512454966,-0.5248851169661221,-0.9617111858721716,-67.769287315242
29.51769784336871,-32.08174336157289,18.822122188921636,-0.5254154328658286,-0.9616648831477476,-67.71943022581152
29.52774576268208,-32.08708191044749,18.82057608496848,-0.5259459644184044,-0.9616185110263773,-67.66956104915306
29.53779432735813,-32.09242055129712,18.819031200595514,-0.5264767116602134,-0.9615720695982286,-67.61967978526663
29.547843537776686,-32.09775928401154,18.817487535802723,-0.5270076746276151,-0.9615255589535044,-67.56978643415225
29.557893394317645,-32.10309810848049,18.815945090590116,-0.5275388533569644,-0.9614789791824432,-67.51988099580987
29.567943897360994,-32.10843702459366,18.814403864957693,-0.5280702478846107,-0.9614323303753167,-67.46996347023958
29.57799504728683,-32.11377603224072,18.812863858905448,-0.5286018582468969,-0.9613856126224325,-67.42003385744125
29.588046844475315,-32.119115131311304,18.811325072433384,-0.5291336844801617,-0.9613388260141332,-67.370092157415
29.598099289306706,-32.124454321695,18.8097875055415,-0.5296657266207385,-0.9612919706407961,-67.32013837016076
29.60815238216136,-32.12979360328136,18.808251158229798,-0.5301979847049549,-0.9612450465928342,-67.27017249567855
29.618206123419696,-32.13513297595991,18.80671603049828,-0.5307304587691336,-0.9611980539606935,-67.22019453396837
29.628260513462244,-32.140472439620126,18.805182122346938,-0.5312631488495916,-0.961150992834857,-67.17020448503024
29.6383155526696,-32.14581199415146,18.80364943377578,-0.5317960549826406,-0.9611038633058422,-67.12020234886413
29.64837124142248,-32.15115163944332,18.80211796478481,-0.5323291772045865,-0.9610566654642004,-67.07018812547007
29.658427580101677,-32.156491375385094,18.800587715374007,-0.532862515551731,-0.9610093994005198,-67.020161814848
29.66848456908804,-32.16183120186611,18.799058685543404,-0.5333960700603689,-0.9609620652054218,-66.97012341699804
29.678542208762547,-32.16717111877567,18.797530875292964,-0.5339298407667912,-0.9609146629695653,-66.92007293192006
29.68860049950625,-32.172511126003066,18.796004284622708,-0.5344638277072817,-0.9608671927836413,-66.87001035961407
29.69865944170029,-32.1778512234375,18.79447891353264,-0.5349980309181199,-0.9608196547383776,-66.81993570008017
29.708719035725874,-32.18319141096818,18.792954762022756,-0.5355324504355798,-0.9607720489245369,-66.7698489533183
29.71877928196435,-32.188531688484275,18.791431830093043,-0.5360670862959289,-0.9607243754329168,-66.71975011932844
29.728840180797093,-32.193872055874884,18.78991011774352,-0.5366019385354306,-0.9606766343543498,-66.66963919811067
29.738901732605612,-32.19921251302912,18.788389624974176,-0.5371370071903427,-0.9606288257797044,-66.61951618966488
29.74896393777149,-32.20455305983601,18.78687035178501,-0.5376722922969164,-0.9605809497998834,-66.56938109399113
29.759026796676384,-32.20989369618459,18.78535229817603,-0.5382077938913972,-0.9605330065058244,-66.51923391108942
29.769090309702047,-32.215234421963814,18.78383546414723,-0.5387435120100272,-0.9604849959885016,-66.46907464095975
29.779154477230335,-32.22057523706265,18.78231984969861,-0.5392794466890407,-0.9604369183389232,-66.41890328360205
29.789219299643193,-32.22591614136998,18.780805454830166,-0.5398155979646676,-0.9603887736481335,-66.36871983901646
29.799284777322633,-32.231257134774694,18.77929227954191,-0.5403519658731313,-0.9603405620072103,-66.31852430720286
29.809350910650753,-32.23659821716561,18.777780323833834,-0.5408885504506508,-0.9602922835072683,-66.2683166881613
29.81941770000977,-32.24193938843152,18.77626958770594,-0.5414253517334386,-0.960243938239457,-66.21809698189178
29.829485145781966,-32.247280648461185,18.774760071158223,-0.5419623697577023,-0.9601955262949609,-66.1678651883943
29.83955324834972,-32.25262199714334,18.773251774190687,-0.542499604559643,-0.9601470477650005,-66.11762130766881
29.84962200809549,-32.25796343436666,18.771744696803335,-0.5430370561754567,-0.9600985027408298,-66.06736533971545
29.85969142540184,-32.263304960019795,18.770238838996168,-0.5435747246413336,-0.9600498913137405,-66.01709728453402
29.869761500651414,-32.26864657399136,18.768734200769178,-0.5441126099934588,-0.9600012135750573,-65.96681714212465
29.87983223422692,-32.27398827616993,18.76723078212237,-0.5446507122680107,-0.9599524696161421,-65.91652491248733
29.88990362651121,-32.27933006644405,18.765728583055747,-0.5451890315011618,-0.9599036595283907,-65.86622059562204
29.89997567788716,-32.284671944702204,18.764227603569296,-0.5457275677290812,-0.9598547834032356,-65.81590419152877
29.91004838873779,-32.29001391083287,18.762727843663033,-0.5462663209879294,-0.9598058413321429,-65.76557570020752
29.92012175944618,-32.295355964724486,18.76122930333695,-0.5468052913138628,-0.959756833406616,-65.71523512165832
29.930195790395494,-32.30069810626542,18.75973198259105,-0.5473444787430316,-0.9597077597181918,-65.66488245588116
29.940270481969005,-32.30604033534404,18.75823588142533,-0.5478838833115804,-0.959658620358445,-65.61451770287601
29.95034583455007,-32.311382651848675,18.756740999839792,-0.5484235050556483,-0.9596094154189827,-65.56414086264294
29.960421848522124,-32.31672505566759,18.755247337834433,-0.548963344011368,-0.95956014499145,-65.51375193518187
29.97049852426869,-32.322067546689034,18.753754895409255,-0.549503400214866,-0.9595108091675262,-65.46335092049283
29.980575862173392,-32.32741012480121,18.752263672564258,-0.5500436737022647,-0.9594614080389265,-65.41293781857583
29.990653862619936,-32.3327527898923,18.75077366929944,-0.5505841645096787,-0.959411941697401,-65.36251262943087
30.000732525992117,-32.33809554185043,18.749284885614813,-0.5511248726732185,-0.9593624102347353,-65.31207535305792
30.01081185267383,-32.34343838056368,18.74779732151036,-0.551665798228987,-0.9593128137427518,-65.261625989457
30.020891843049036,-32.348781305920134,18.746310976986084,-0.5522069412130826,-0.9592631523133067,-65.21116453862811
30.03097249750179,-32.354124317807795,18.744825852041995,-0.5527483016615977,-0.9592134260382921,-65.16069100057129
30.041053816416273,-32.359467416114654,18.743341946678086,-0.553289879610618,-0.9591636350096371,-65.11020537528647
30.0511358001767,-32.36481060072865,18.741859260894365,-0.553831675096224,-0.9591137793193041,-65.0597076627737
30.061218449167406,-32.370153871537724,18.74037779469082,-0.5543736881544901,-0.9590638590592935,-65.00919786303295
