galstreams/tracks/track.st.AAU-ATLAS.ibata2024.ecsv
# %ECSV 1.0
# ---
# datatype:
# - {name: ra, unit: deg, datatype: float64}
# - {name: dec, unit: deg, datatype: float64}
# - {name: distance, unit: kpc, datatype: float64}
# - {name: pm_ra_cosdec, unit: mas / yr, datatype: float64}
# - {name: pm_dec, unit: mas / yr, datatype: float64}
# - {name: radial_velocity, unit: km / s, datatype: float64}
# delimiter: ','
# meta: !!omap
# - __serialized_columns__:
#     dec:
#       __class__: astropy.coordinates.angles.Latitude
#       unit: &id001 !astropy.units.Unit {unit: deg}
#       value: !astropy.table.SerializedColumn {name: dec}
#     distance:
#       __class__: astropy.coordinates.distances.Distance
#       unit: !astropy.units.Unit {unit: kpc}
#       value: !astropy.table.SerializedColumn {name: distance}
#     pm_dec:
#       __class__: astropy.units.quantity.Quantity
#       unit: !astropy.units.Unit {unit: mas / yr}
#       value: !astropy.table.SerializedColumn {name: pm_dec}
#     pm_ra_cosdec:
#       __class__: astropy.units.quantity.Quantity
#       unit: !astropy.units.Unit {unit: mas / yr}
#       value: !astropy.table.SerializedColumn {name: pm_ra_cosdec}
#     ra:
#       __class__: astropy.coordinates.angles.Longitude
#       unit: *id001
#       value: !astropy.table.SerializedColumn {name: ra}
#       wrap_angle: !astropy.coordinates.Angle
#         unit: *id001
#         value: 360.0
#     radial_velocity:
#       __class__: astropy.units.quantity.Quantity
#       unit: !astropy.units.Unit {unit: km / s}
#       value: !astropy.table.SerializedColumn {name: radial_velocity}
# schema: astropy-2.0
ra,dec,distance,pm_ra_cosdec,pm_dec,radial_velocity
[from data line 1996]
20.339382540448316,-27.177074827940356,1.0,-0.07835359790412344,-1.0229090631191582,-107.30911066971775
20.348708655852448,-27.182666834467128,1.0,-0.07803911072570369,-1.0227677313295676,-107.26932126065651
20.35803532210651,-27.188258728586213,1.0,-0.0777248063981224,-1.0226262975720282,-107.2295221888615
20.367362539525928,-27.193850510122154,1.0,-0.0774106849184939,-1.022484762012553,-107.1897134525708
20.376690308426408,-27.199442178899616,1.0,-0.07709674628387919,-1.022343124817171,-107.14989505002268
20.386018629123438,-27.205033734743097,1.0,-0.0767829904913242,-1.0222013861519272,-107.11006697945506
20.395347501932736,-27.210625177477173,1.0,-0.07646941753780645,-1.0220595461828825,-107.07022923910633
20.40467692717001,-27.216216506926376,1.0,-0.07615602742030525,-1.021917605076105,-107.03038182721447
20.41400690515087,-27.22180772291513,1.0,-0.07584282013572974,-1.0217755629976768,-106.99052474201768
20.423337436191165,-27.227398825267965,1.0,-0.07552979568096774,-1.0216334201137123,-106.9506579817541
20.432668520606565,-27.232989813809247,1.0,-0.07521695405286621,-1.0214911765903132,-106.91078154466187
20.44200015871296,-27.23858068836343,1.0,-0.07490429524823927,-1.0213488325936115,-106.87089542897913
20.451332350826107,-27.244171448754848,1.0,-0.07459181926385039,-1.0212063882897553,-106.830999632944
20.46066509726197,-27.249762094807913,1.0,-0.07427952609644173,-1.021063843844896,-106.79109415479466
20.469998398336333,-27.25535262634688,1.0,-0.07396741574271015,-1.0209211994251994,-106.7511789927693
20.479332254365243,-27.26094304319613,1.0,-0.07365548819931522,-1.0207784551968633,-106.71125414510591
20.488666665664553,-27.266533345179845,1.0,-0.07334374346288541,-1.0206356113260728,-106.67131961004277
20.498001632550316,-27.27212353212232,0.9999999999999999,-0.07303218152999769,-1.0204926679790507,-106.631375385818
20.50733715533861,-27.2777136038478,1.0,-0.07272080239720946,-1.020349625322016,-106.59142147066972
20.516673234345394,-27.28330356018042,1.0,-0.0724096060610222,-1.0202064835212123,-106.55145786283607
20.526009869886852,-27.28889340094441,0.9999999999999999,-0.07209859251791517,-1.0200632427428946,-106.5114845605552
20.535347062279016,-27.294483125963833,1.0,-0.07178776176432144,-1.0199199031533261,-106.47150156206528
20.544684811838135,-27.300072735062887,1.0,-0.07147711379664123,-1.0197764649187988,-106.43150886560437
20.554023118880302,-27.305662228065575,1.0,-0.07116664861123123,-1.0196329282056062,-106.39150646941074
20.56336198372183,-27.311251604796027,1.0,-0.07085636620442415,-1.0194892931800545,-106.35149437172241
20.57270140667887,-27.316840865078216,1.0,-0.07054626657249052,-1.0193455600084729,-106.31147257077758
20.58204138806781,-27.3224300087362,1.0,-0.0702363497116858,-1.0192017288571904,-106.27144106481441
20.591381928204857,-27.32801903559391,0.9999999999999999,-0.06992661561822278,-1.0190577998925772,-106.23139985207105
20.600723027406406,-27.333607945475304,1.0,-0.06961706428826542,-1.0189137732809783,-106.19134893078558
20.610064685988895,-27.339196738204368,1.0,-0.06930769571795459,-1.0187696491887834,-106.1512882991962
20.619406904268626,-27.344785413604917,1.0,-0.06899850990338052,-1.0186254277823874,-106.11121795554104
20.62874968256214,-27.35037397150089,0.9999999999999999,-0.06868950684060682,-1.0184811092281976,-106.0711378980582
20.63809302118581,-27.355962411716064,1.0,-0.06838068652565354,-1.0183366936926284,-106.03104812498592
20.64743692045625,-27.36155073407433,1.0,-0.06807204895449637,-1.0181921813421315,-105.99094863456223
20.656781380689885,-27.367138938399403,1.0,-0.06776359412308963,-1.0180475723431357,-105.95083942502535
20.666126402203382,-27.37272702451512,1.0,-0.06745532202733528,-1.0179028668621175,-105.9107204946134
20.67547198531326,-27.378314992245148,1.0,-0.06714723266309708,-1.01775806506555,-105.87059184156453
20.684818130336204,-27.38390284141324,1.0,-0.06683932602622011,-1.0176131671199222,-105.83045346411686
20.694164837588858,-27.389490571843062,1.0,-0.06653160211248021,-1.0174681731917445,-105.79030536050854
20.703512107387926,-27.39507818335828,1.0,-0.066224060917639,-1.017323083447529,-105.75014752897775
20.712859940050123,-27.4006656757825,1.0,-0.06591670243741632,-1.017177898053811,-105.70997996776264
20.722208335892226,-27.40625304893934,1.0,-0.06560952666748587,-1.017032617177133,-105.66980267510127
20.731557295231003,-27.41184030265237,1.0000000000000002,-0.0653025336034867,-1.0168872409840581,-105.62961564923185
20.74090681838329,-27.41742743674513,1.0,-0.06499572324102765,-1.0167417696411558,-105.58941888839249
20.750256905665942,-27.423014451041137,1.0000000000000002,-0.06468909557566516,-1.016596203315018,-105.54921239082132
20.759607557395846,-27.428601345363894,1.0,-0.0643826506029237,-1.0164505421722456,-105.50899615475657
20.768958773889903,-27.434188119536852,1.0,-0.06407638831829843,-1.0163047863794414,-105.46877017843627
20.778310555465072,-27.439774773383455,1.0,-0.06377030871723122,-1.0161589361032508,-105.42853446009872
20.787662902438345,-27.44536130672712,1.0,-0.06346441179513196,-1.0160129915103084,-105.38828899798189
20.797015815126716,-27.450947719391205,1.0,-0.06315869754737768,-1.0158669527672721,-105.348033790324
20.806369293847244,-27.456534011199082,1.0000000000000002,-0.06285316596929746,-1.0157208200408014,-105.30776883536322
20.815723338916985,-27.462120181974075,1.0,-0.06254781705619283,-1.015574593497588,-105.26749413133761
20.82507795065307,-27.46770623153949,1.0000000000000002,-0.0622426508033076,-1.015428273304332,-105.22720967648544
20.83443312937262,-27.473292159718593,1.0,-0.06193766720587579,-1.0152818596277378,-105.18691546904468
20.843788875392814,-27.47887796633462,1.0,-0.061632866259063945,-1.0151353526345286,-105.14661150725365
20.853145189030855,-27.4844636512108,1.0,-0.061328247958019055,-1.0149887524914458,-105.10629778935039
20.862502070603963,-27.490049214170323,1.0,-0.06102381229784637,-1.014842059365245,-105.06597431357311
20.871859520429418,-27.49563465503635,1.0,-0.06071955927360495,-1.0146952734226815,-105.02564107815984
20.8812175388245,-27.50121997363201,1.0,-0.06041548888032455,-1.0145483948305412,-104.98529808134883
20.890576126106556,-27.506805169780407,1.0000000000000002,-0.06011160111298519,-1.014401423755606,-104.94494532137819
20.89993528259294,-27.512390243304633,1.0,-0.059807895966536684,-1.0142543603646974,-104.90458279648605
20.90929500860104,-27.517975194027734,1.0,-0.0595043734358951,-1.014107204824624,-104.86421050491055
20.91865530444828,-27.52356002177273,1.0,-0.05920103351592232,-1.0139599573022178,-104.82382844488995
20.928016170452107,-27.529144726362624,1.0,-0.05889787620145359,-1.0138126179643354,-104.78343661466218
20.93737760693002,-27.53472930762039,1.0,-0.05859490148727975,-1.0136651869778301,-104.74303501246553
20.946739614199526,-27.540313765368946,1.0,-0.05829210936816054,-1.0135176645095747,-104.7026236365381
20.956102192578175,-27.545898099431227,1.0,-0.05798949983880508,-1.0133700507264596,-104.6622024851181
20.965465342383556,-27.551482309630114,0.9999999999999999,-0.057687072893889635,-1.013222345795386,-104.62177155644353
20.974829063933267,-27.557066395788457,0.9999999999999999,-0.057384828528054044,-1.013074549883262,-104.58133084875267
20.984193357544967,-27.562650357729098,1.0,-0.05708276673589374,-1.0129266631570264,-104.54088036028362
20.993558223536315,-27.568234195274826,1.0,-0.056780887511973965,-1.0127786857836067,-104.50042008927446
21.00292366222503,-27.573817908248426,1.0,-0.05647919085080666,-1.0126306179299718,-104.45995003396347
21.012289673928837,-27.579401496472638,1.0,-0.056177676746882454,-1.012482459763076,-104.41947019258863
21.021656258965518,-27.58498495977018,1.0,-0.05587634519463336,-1.0123342114499128,-104.37898056338818
21.031023417652865,-27.590568297963745,1.0000000000000002,-0.05557519618846918,-1.0121858731574722,-104.33848114460028
21.040391150308714,-27.596151510876005,1.0,-0.0552742297227482,-1.012037445052771,-104.29797193446304
21.049759457250918,-27.60173459832957,1.0,-0.054973445791803854,-1.0118889273028184,-104.25745293121457
21.05912833879739,-27.607317560147074,1.0,-0.05467284438991715,-1.011740320074658,-104.21692413309307
21.068497795266037,-27.61290039615108,1.0,-0.054372425511330924,-1.0115916235353364,-104.17638553833666
21.077867826974824,-27.618483106164135,1.0,-0.05407218915025869,-1.0114428378519182,-104.13583714518349
21.08723843424175,-27.62406569000877,1.0000000000000002,-0.053772135300858004,-1.0112939631914735,-104.09527895187169
21.09660961738481,-27.629648147507485,1.0,-0.053472263957273114,-1.0111449997211057,-104.05471095663938
21.10598137672209,-27.635230478482733,1.0,-0.053172575113576315,-1.010995947607901,-104.0141331577248
21.115353712571647,-27.64081268275696,0.9999999999999999,-0.05287306876382836,-1.0108468070189858,-103.97354555336597
21.124726625251594,-27.646394760152567,1.0000000000000002,-0.05257374490203848,-1.0106975781214818,-103.93294814180112
21.13410011508009,-27.65197671049195,1.0,-0.05227460352217328,-1.0105482610825405,-103.89234092126834
21.143474182375307,-27.657558533597445,1.0,-0.051975644618166505,-1.0103988560693118,-103.85172389000584
21.15284882745545,-27.6631402292914,1.0,-0.05167686818391104,-1.0102493632489704,-103.81109704625166
21.162224050638766,-27.668721797396095,0.9999999999999999,-0.05137827421325536,-1.0100997827886946,-103.77046038824406
21.171599852243514,-27.674303237733803,1.0,-0.05107986270001952,-1.009950114855684,-103.72981391422113
21.180976232588005,-27.67988455012676,0.9999999999999999,-0.05078163363796939,-1.0098003596171417,-103.68915762242094
21.190353191990564,-27.685465734397187,1.0,-0.050483587020846876,-1.0096505172402992,-103.64849151108176
21.199730730769563,-27.691046790367263,1.0,-0.05018572284233613,-1.0095005878923917,-103.60781557844167
21.209108849243403,-27.696627717859144,1.0,-0.04988804109609912,-1.0093505717406561,-103.56712982273878
21.218487547730494,-27.702208516694956,1.0,-0.04959054177574718,-1.0092004689523755,-103.52643424221132
21.2278668265493,-27.707789186696804,1.0,-0.049293224874858765,-1.009050279694808,-103.48572883509738
21.237246686018324,-27.71336972768675,1.0,-0.04899609038696706,-1.0089000041352563,-103.44501359963509
21.246627126456065,-27.718950139486836,1.0,-0.04869913830556527,-1.0087496424410123,-103.40428853406264
21.256008148181095,-27.724530421919088,1.0,-0.04840236862411107,-1.0085991947793982,-103.36355363661814
21.265389751511982,-27.730110574805472,1.0,-0.04810578133602128,-1.008448661317738,-103.32280890553973
21.274771936767348,-27.73569059796796,1.0,-0.04780937643467187,-1.008298042223375,-103.28205433906551
21.284154704265838,-27.74127049122847,1.0000000000000002,-0.04751315391339528,-1.0081473376636705,-103.24128993543377
21.293538054326124,-27.746850254408905,0.9999999999999999,-0.04721711376549376,-1.0079965478059876,-103.20051569288253
21.302921987266924,-27.752429887331136,1.0,-0.046921255984218035,-1.0078456728177052,-103.15973160964994
21.312306503406962,-27.758009389817012,1.0,-0.04662558056278687,-1.007694712866229,-103.1189376839742
21.321691603065013,-27.763588761688332,0.9999999999999999,-0.04633008749437817,-1.0075436681189576,-103.07813391409339
21.331077286559886,-27.769168002766886,0.9999999999999999,-0.04603477677212631,-1.0073925387433125,-103.03732029824566
21.3404635542104,-27.77474711287444,1.0,-0.04573964838912836,-1.0072413249067367,-102.9964968346692
21.34985040633542,-27.780326091832702,1.0000000000000002,-0.045444702338437004,-1.007090026776666,-102.95566352160216
21.359237843253855,-27.785904939463393,1.0,-0.04514993861307204,-1.006938644520572,-102.91482035728262
21.36862586528462,-27.791483655588166,1.0,-0.04485535720600797,-1.0067871783059186,-102.87396733994876
21.378014472746667,-27.79706224002867,1.0000000000000002,-0.04456095811017935,-1.0066356283002023,-102.83310446783874
21.387403665958995,-27.802640692606513,1.0,-0.04426674131848429,-1.0064839946709156,-102.79223173919065
21.39679344524062,-27.808219013143287,1.0,-0.04397270682377119,-1.0063322775855763,-102.75134915224262
21.406183810910576,-27.813797201460535,1.0,-0.04367885461886534,-1.0061804772117018,-102.71045670523293
21.415574763287964,-27.81937525737979,1.0,-0.04338518469653607,-1.006028593716847,-102.66955439639959
21.424966302691885,-27.824953180722552,1.0,-0.04309169704951188,-1.0058766272685542,-102.62864222398082
21.43435842944149,-27.83053097131028,0.9999999999999999,-0.04279839167049193,-1.0057245780343873,-102.58772018621468
21.443751143855938,-27.836108628964414,1.0,-0.04250526855213277,-1.0055724461819313,-102.54678828133939
21.453144446254452,-27.841686153506377,1.0,-0.04221232768704386,-1.0054202318787695,-102.50584650759302
21.46253833695625,-27.847263544757535,1.0,-0.04191956906779826,-1.0052679352925136,-102.4648948632138
21.471932816280606,-27.852840802539248,1.0,-0.04162699268692638,-1.0051155565907788,-102.42393334643984
21.481327884546825,-27.858417926672836,1.0,-0.04133459853692312,-1.0049630959411964,-102.38296195550927
21.490723542074225,-27.8639949169796,1.0,-0.04104238661023718,-1.0048105535114065,-102.34198068866019
21.50011978918217,-27.869571773280796,1.0,-0.040750356899278195,-1.0046579294690723,-102.30098954413086
21.50951662619005,-27.875148495397667,1.0,-0.040458509396418485,-1.0045052239818553,-102.25998852015934
21.51891405341729,-27.880725083151415,1.0,-0.04016684409398508,-1.0043524372174417,-102.21897761498373
21.528312071183336,-27.88630153636322,1.0,-0.039875360984271246,-1.0041995693435304,-102.17795682684228
21.537710679807674,-27.891877854854222,1.0,-0.03958406005951964,-1.0040466205278218,-102.13692615397305
21.547109879609817,-27.897454038445563,1.0,-0.03929294131193917,-1.003893590938043,-102.09588559461426
21.55650967090931,-27.903030086958307,1.0,-0.03900200473369697,-1.003740480741925,-102.05483514700401
21.565910054025736,-27.90860600021353,1.0,-0.038711250316914914,-1.0035872901072231,-102.01377480938042
21.575311029278694,-27.914181778032265,1.0,-0.038420678053683766,-1.0034340192016842,-101.97270457998167
21.58471259698782,-27.91975742023551,1.0,-0.03813028793604811,-1.0032806681930868,-101.93162445704587
21.59411475747278,-27.925332926644238,1.0,-0.03784007995600458,-1.0031272372492221,-101.89053443881122
21.603517511053287,-27.93090829707939,1.0000000000000002,-0.03755005410551959,-1.0029737265378813,-101.84943452351577
21.612920858049065,-27.936483531361883,1.0000000000000002,-0.03726021037651339,-1.0028201362268803,-101.80832470939777
21.622324798779868,-27.942058629312605,0.9999999999999999,-0.03697054876086625,-1.0026664664840421,-101.76720499469529
21.63172933356549,-27.947633590752414,1.0000000000000002,-0.03668106925041936,-1.0025127174772077,-101.72607537764651
21.641134462725766,-27.953208415502132,1.0,-0.0363917718369704,-1.0023588893742197,-101.68493585648955
21.650540186580532,-27.958783103382554,1.0,-0.036102656512277065,-1.0022049823429438,-101.64378642946255
21.65994650544968,-27.96435765421445,0.9999999999999999,-0.03581372326805443,-1.002050996551258,-101.60262709480368
21.669353419653124,-27.96993206781856,1.0,-0.03552497209597938,-1.001896932167048,-101.56145785075107
21.678760929510805,-27.97550634401559,1.0,-0.035236402987686155,-1.001742789358218,-101.52027869554288
21.688169035342703,-27.98108048262622,0.9999999999999999,-0.034948015934766374,-1.0015885682926804,-101.47908962741722
21.697577737468833,-27.986654483471103,1.0,-0.03465981092876991,-1.001434269138361,-101.43789064461224
21.706987036209227,-27.99222834637085,0.9999999999999999,-0.03437178796120932,-1.0012798920632004,-101.39668174536612
21.71639693188394,-27.997802071146058,1.0,-0.034083947023561656,-1.001125437235153,-101.35546292791699
21.725807424813095,-28.00337565761729,1.0,-0.033796288107238226,-1.0009709048221787,-101.31423419050294
21.735218515316802,-28.008949105605073,1.0,-0.03350881120364235,-1.0008162949922585,-101.27299553136216
