galstreams/tracks/track.st.Jhelum.ibata2021.ecsv
# %ECSV 1.0
# ---
# datatype:
# - {name: ra, unit: deg, datatype: float64}
# - {name: dec, unit: deg, datatype: float64}
# - {name: distance, unit: kpc, datatype: float64}
# - {name: pm_ra_cosdec, unit: mas / yr, datatype: float64}
# - {name: pm_dec, unit: mas / yr, datatype: float64}
# - {name: radial_velocity, unit: km / s, datatype: float64}
# delimiter: ','
# meta: !!omap
# - __serialized_columns__:
#     dec:
#       __class__: astropy.coordinates.angles.Latitude
#       unit: &id001 !astropy.units.Unit {unit: deg}
#       value: !astropy.table.SerializedColumn {name: dec}
#     distance:
#       __class__: astropy.coordinates.distances.Distance
#       unit: !astropy.units.Unit {unit: kpc}
#       value: !astropy.table.SerializedColumn {name: distance}
#     pm_dec:
#       __class__: astropy.units.quantity.Quantity
#       unit: !astropy.units.Unit {unit: mas / yr}
#       value: !astropy.table.SerializedColumn {name: pm_dec}
#     pm_ra_cosdec:
#       __class__: astropy.units.quantity.Quantity
#       unit: !astropy.units.Unit {unit: mas / yr}
#       value: !astropy.table.SerializedColumn {name: pm_ra_cosdec}
#     ra:
#       __class__: astropy.coordinates.angles.Longitude
#       unit: *id001
#       value: !astropy.table.SerializedColumn {name: ra}
#       wrap_angle: !astropy.coordinates.Angle
#         unit: *id001
#         value: 360.0
#     radial_velocity:
#       __class__: astropy.units.quantity.Quantity
#       unit: !astropy.units.Unit {unit: km / s}
#       value: !astropy.table.SerializedColumn {name: radial_velocity}
# schema: astropy-2.0
ra,dec,distance,pm_ra_cosdec,pm_dec,radial_velocity
[from data line 712]
359.3815204813547,-51.214162369655845,10.206579932581956,7.74391375797585,-3.834490089730086,-107.50393980464813
359.3656382398526,-51.215415951151584,10.206422110117487,7.743287625110213,-3.8362622403585593,-107.83891687233019
359.3497551603705,-51.2166675176797,10.206266027615193,7.742659955377788,-3.8380342478342313,-108.17216206036791
359.33387124404493,-51.21791706839932,10.20611168342528,7.74203074997618,-3.8398061110077335,-108.5036774966145
359.3179864920138,-51.21916460246976,10.20595907589793,7.741400010103712,-3.8415778287304523,-108.83346530892335
359.30210090541675,-51.22041011905056,10.205808203383343,7.740767736959426,-3.843349399854474,-109.16152762514788
359.28621448539445,-51.221653617301534,10.20565906423171,7.74013393174308,-3.845120823232649,-109.48786657314136
359.2703272330891,-51.222895096382686,10.205511656793226,7.739498595655142,-3.8468920977185577,-109.81248428075742
359.2544391496442,-51.224134555454334,10.205365979418085,7.738861729896791,-3.848663222166524,-110.13538287584917
359.2385502362049,-51.22537199367694,10.20522203045648,7.738223335669933,-3.8504341954315824,-110.45656448627018
359.22266049391754,-51.22660741021127,10.205079808258605,7.737583414177188,-3.8522050163695307,-110.77603123987357
359.20676992392976,-51.22784080421831,10.20493931117465,7.736941966621877,-3.8539756838369117,-111.09378526451287
359.19087852739085,-51.22907217485927,10.204800537554815,7.736298994208053,-3.855746196690979,-111.40982868804159
359.1749863054514,-51.23030152129563,10.204663485749291,7.735654498140473,-3.8575165537897504,-111.72416363831272
359.1590932592633,-51.23152884268909,10.20452815410827,7.735008479624609,-3.8592867539919773,-112.03679224317969
359.14319938997977,-51.23275413820159,10.20439454098195,7.734360939866636,-3.8610567961571767,-112.34771663049621
359.1273046987558,-51.23397740699532,10.20426264472052,7.733711880073467,-3.862826679145562,-112.65693892811531
359.1114091867474,-51.23519864823268,10.204132463674172,7.733061301452713,-3.864596401818125,-112.96446126389056
359.0955128551119,-51.236417861076376,10.20400399619311,7.732409205212679,-3.8663659630366123,-113.27028576567523
359.0796157050085,-51.23763504468929,10.203877240627518,7.731755592562428,-3.8681353616634717,-113.57441456132271
359.0637177375974,-51.23885019823459,10.203752195327592,7.7311004647117025,-3.869904596561938,-113.87684977868625
359.0478189540403,-51.240063320875656,10.203628858643524,7.730443822870957,-3.871673666595985,-114.17759354561937
359.0319193555001,-51.24127441177613,10.203507228925515,7.729785668251366,-3.8734425706303357,-114.47664798997549
359.01601894314155,-51.24248347009992,10.203387304523748,7.729126002064816,-3.8752113075304386,-114.77401523960778
359.0001177181303,-51.243690495011116,10.203269083788427,7.7284648255239015,-3.8769798761625194,-115.06969742236981
358.98421568163377,-51.24489548567411,10.203152565069738,7.727802139841938,-3.8787482753935456,-115.36369666611476
358.9683128348203,-51.246098441253515,10.203037746717879,7.727137946232927,-3.8805165040912457,-115.65601509869603
358.95240917886036,-51.2472993609142,10.202924627083041,7.726472245911613,-3.8822845611240666,-115.94665484796678
358.93650471492504,-51.24849824382127,10.202813204515417,7.725805040093426,-3.884052445361253,-116.2356180417809
358.920599444187,-51.249695089140076,10.202703477365207,7.7251363299945055,-3.8858201556727923,-116.5229068079916
358.90469336782087,-51.25088989603622,10.202595443982599,7.724466116831725,-3.887587690929385,-116.8085232744518
358.88878648700194,-51.25208266367556,10.202489102717784,7.723794401822646,-3.889355050002544,-117.09246956901548
358.8728788029073,-51.253273391224184,10.202384451920963,7.723121186185545,-3.891122231764502,-117.37474781953546
358.856970316715,-51.25446207784845,10.202281489942324,7.722446471139398,-3.892889235088282,-117.65536015386552
358.8410610296051,-51.25564872271494,10.202180215132069,7.721770257903911,-3.8946560588476156,-117.93430869985873
358.8251509427586,-51.2568333249905,10.20208062584038,7.721092547699478,-3.8964227019170394,-118.21159558536881
358.809240057358,-51.25801588384224,10.201982720417458,7.720413341747214,-3.8981891631718315,-118.48722293824866
358.79332837458713,-51.25919639843749,10.201886497213495,7.719732641268928,-3.899955441488023,-118.76119288635203
358.7774158956314,-51.26037486794384,10.201791954578685,7.7190504474871595,-3.9017215357424133,-119.03350755753205
358.7615026216774,-51.261551291529145,10.201699090863219,7.718366761625132,-3.90348744481257,-119.30416907964228
358.745588553913,-51.262725668361504,10.201607904417298,7.717681584906775,-3.905253167576821,-119.57317958053575
358.72967369352784,-51.26389799760925,10.201518393591106,7.716994918556757,-3.907018702914246,-119.84054118806628
358.71375804171265,-51.26506827844099,10.201430556734843,7.716306763800413,-3.9087840497047033,-120.10625603008705
358.69784159965957,-51.26623651002559,10.2013443921987,7.7156171218638026,-3.910549206828814,-120.37032623445124
358.68192436856225,-51.267402691532155,10.201259898332875,7.714925993973697,-3.91231417316795,-120.63275392901242
358.66600634961554,-51.26856682213003,10.201177073487557,7.714233381357565,-3.914078947604269,-120.89354124162392
358.65008754401583,-51.26972890098883,10.201095916012939,7.713539285243575,-3.9158435290206963,-121.1526903001393
358.6341679529607,-51.27088892727844,10.201016424259219,7.71284370686061,-3.9176079163009176,-121.41020323241148
358.61824757764947,-51.27204690016898,10.200938596576586,7.712146647438263,-3.9193721083293727,-121.6660821662939
358.60232641928246,-51.27320281883081,10.20086243131524,7.7114481082068105,-3.9211361039913033,-121.92032922964042
358.58640447906157,-51.27435668243459,10.200787926825369,7.710748090397254,-3.9228999021727016,-122.1729465503039
358.5704817581899,-51.2755084901512,10.200715081457167,7.7100465952412796,-3.924663501760349,-122.42393625613799
358.5545582578722,-51.276658241151786,10.200643893560827,7.7093436239713045,-3.926426901641766,-122.67330047499587
358.53863397931445,-51.27780593460776,10.200574361486549,7.708639177820426,-3.928190100705271,-122.92104133473079
358.5227089237239,-51.27895156969078,10.20050648358452,7.707933258022439,-3.929953097839972,-123.16716096319641
358.5067830923093,-51.280095145572744,10.200440258204939,7.707225865811868,-3.9317158919357125,-123.41166148824627
358.49085648628096,-51.28123666142587,10.200375683697995,7.7065170024239205,-3.933478481883134,-123.65454503773307
358.47492910685014,-51.282376116422576,10.200312758413885,7.705806669094505,-3.9352408665736625,-123.8958137395108
358.4590009552298,-51.283513509735556,10.200251480702802,7.705094867060246,-3.9370030448994906,-124.13546972143246
358.4430720326341,-51.28464884053777,10.200191848914937,7.704381597558452,-3.9387650157535807,-124.3735151113517
358.42714234027886,-51.285782108002444,10.200133861400484,7.703666861827151,-3.9405267780296844,-124.60995203712164
358.41121187938086,-51.28691331130305,10.20007751650964,7.702950661105051,-3.942288330622346,-124.84478262659566
358.39528065115866,-51.28804244961332,10.200022812592596,7.702232996631588,-3.9440496724268517,-125.07800900762713
358.37934865683184,-51.28916952210726,10.199969747999548,7.701513869646872,-3.945810802339308,-125.3096333080696
358.3634158976215,-51.29029452795911,10.19991832108069,7.700793281391717,-3.947571719256591,-125.53965765577642
358.3474823747502,-51.29141746634344,10.199868530186208,7.700071233107653,-3.9493324220763624,-125.7680841786007
358.33154808944187,-51.292538336434994,10.199820373666306,7.699347726036899,-3.951092909697044,-125.99491500439595
358.31561304292165,-51.29365713740884,10.199773849871173,7.698622761422372,-3.9528531810178813,-126.22015226101578
358.29967723641613,-51.2947738684403,10.199728957151002,7.697896340507687,-3.954613234938873,-126.44379807631314
358.2837406711533,-51.29588852870495,10.199685693855988,7.697168464537162,-3.9563730703608253,-126.66585457814155
358.2678033483626,-51.297001117378606,10.199644058336322,7.696439134755815,-3.9581326861853117,-126.88632389435438
358.2518652692746,-51.298111633637404,10.199604048942206,7.695708352409352,-3.9598920813147074,-127.10520815280508
358.2359264351214,-51.29922007665771,10.199565664023822,7.694976118744183,-3.9616512546521903,-127.32250948134694
358.2199868471366,-51.30032644561617,10.199528901931373,7.694242435007417,-3.963410205101687,-127.53823000783353
358.20404650655496,-51.301430739689664,10.199493761015047,7.6935073024468625,-3.965168931567944,-127.75237186011782
358.18810541461266,-51.30253295805538,10.19946023962504,7.6927707223110176,-3.966927432956494,-127.96493716605333
358.1721635725471,-51.30363309989077,10.199428336111547,7.6920326958490675,-3.968685708173677,-128.17592805349366
358.1562209815975,-51.304731164373514,10.19939804882476,7.691293224310924,-3.9704437561265786,-128.3853466502918
358.140277643004,-51.30582715068161,10.19936937611487,7.690552308947164,-3.9722015757231315,-128.5931950843014
358.12433355800823,-51.306921057993286,10.199342316332073,7.689809951009079,-3.973959165872033,-128.7994754833756
358.1083887278533,-51.30801288548706,10.199316867826564,7.689066151748637,-3.9757165254827775,-129.00418997536815
358.0924431537836,-51.30910263234171,10.199293028948539,7.688320912418526,-3.9774736534656623,-129.2073406881321
358.0764968370449,-51.310190297736284,10.199270798048186,7.687574234272104,-3.9792305487317767,-129.40892974952075
358.0605497788842,-51.311275880850125,10.1992501734757,7.686826118563435,-3.9809872101930255,-129.60895928738765
358.04460198055017,-51.31235938086281,10.199231153581277,7.6860765665472845,-3.9827436367620717,-129.80743142958605
358.02865344329257,-51.31344079695418,10.19921373671511,7.685325579479093,-3.9844998273524173,-130.00434830396958
358.0127041683625,-51.31452012830441,10.199197921227391,7.684573158615002,-3.986255780878352,-130.19971203839128
357.99675415701284,-51.31559737409388,10.199183705468316,7.683819305211862,-3.988011496254944,-130.39352476070454
357.9808034104973,-51.31667253350328,10.199171087788079,7.683064020527184,-3.9897669723980975,-130.58578859876295
357.96485193007135,-51.317745605713554,10.199160066536868,7.682307305819207,-3.9915222082244965,-130.77650568041963
357.9488997169914,-51.31881658990595,10.199150640064882,7.681549162346824,-3.993277202651649,-130.96567813352803
357.93294677251566,-51.31988548526193,10.199142806722318,7.680789591369649,-3.9950319545978394,-131.1533080859419
357.91699309790357,-51.320952290963284,10.199136564859359,7.680028594147983,-3.9967864629821714,-131.339397665514
357.90103869441583,-51.32201700619207,10.199131912826209,7.679266171942804,-3.998540726724552,-131.5239490000979
357.8850835633144,-51.3230796301306,10.199128848973054,7.678502326015797,-4.0002947447457124,-131.70696421754707
357.86912770586304,-51.32414016196147,10.199127371650095,7.677737057629322,-4.002048515967153,-131.88844544571475
357.8531711233264,-51.32519860086756,10.19912747920752,7.676970368046437,-4.003802039311216,-132.06839481245456
357.83721381697046,-51.32625494603203,10.199129169995526,7.676202258530886,-4.00555531370105,-132.24681444561966
357.82125578806324,-51.32730919663828,10.199132442364302,7.67543273034712,-4.007308338060576,-132.42370647306333
357.8052970378733,-51.328361351870036,10.199137294664046,7.674661784760251,-4.0090611113145735,-132.5990730226391
357.789337567671,-51.32941141091126,10.199143725244955,7.673889423036092,-4.010813632388605,-132.7729162222001
357.7733773787278,-51.330459372946244,10.199151732457214,7.673115646441148,-4.012565900209069,-132.94523819960008
357.7574164723169,-51.331505237159504,10.199161314651024,7.672340456242608,-4.014317913703139,-133.11604108269225
357.74145484971257,-51.33254900273586,10.199172470176569,7.671563853708358,-4.016069671798833,-133.28532699932987
357.72549251219044,-51.3335906688604,10.199185197384056,7.6707858401069515,-4.017821173424966,-133.45309807736615
357.70952946102744,-51.33463023471853,10.19919949462367,7.670006416707637,-4.0195724175112,-133.61935644465495
357.69356569750215,-51.33566769949587,10.199215360245608,7.669225584780366,-4.021323402987963,-133.78410422904918
357.6776012228942,-51.33670306237838,10.19923279260006,7.668443345595751,-4.023074128786539,-133.94734355840254
357.6616360384847,-51.33773632255228,10.199251790037222,7.6676597004251095,-4.024824593839024,-134.10907656056807
357.64567014555615,-51.338767479204066,10.199272350907291,7.66687465054043,-4.026574797078308,-134.26930536339947
357.62970354539226,-51.339796531520506,10.199294473560453,7.666088197214402,-4.028324737438132,-134.42803209474997
357.6137362392783,-51.34082347868868,10.199318156346909,7.665300341720388,-4.030074413853031,-134.58525888247266
357.5977682285005,-51.34184831989594,10.199343397616849,7.66451108533243,-4.031823825258392,-134.7409878544213
357.58179951434704,-51.3428710543299,10.199370195720467,7.66372042932527,-4.033572970590383,-134.8952211384491
357.56583009810697,-51.34389168117848,10.199398549007956,7.662928374974333,-4.035321848786025,-135.04796086240933
357.54985998107077,-51.34491019962989,10.19942845582951,7.662134923555707,-4.037070458783163,-135.19920915415545
357.5338891645304,-51.345926608872595,10.199459914535328,7.661340076346179,-4.038818799520441,-135.34896814154104
357.51791764977924,-51.34694090809537,10.199492923475598,7.6605438346232235,-4.040566869937348,-135.4972399524191
357.50194543811165,-51.347953096487274,10.19952748100051,7.659746199664989,-4.0423146689741944,-135.644026714643
357.4859725308236,-51.34896317323765,10.199563585460268,7.658947172750294,-4.044062195572131,-135.7893305560665
357.4699989292125,-51.34997113753611,10.19960123520506,7.658146755158665,-4.045809448673097,-135.93315360454258
357.4540246345769,-51.350976988572576,10.199640428585079,7.657344948170297,-4.047556427219905,-136.07549798792493
357.43804964821675,-51.35198072553725,10.199681163950517,7.656541753066053,-4.049303130156176,-136.21636583406666
357.4220739714335,-51.35298234762062,10.199723439651573,7.655737171127508,-4.051049556426336,-136.35575927082104
357.4060976055297,-51.35398185401344,10.199767254038434,7.654931203636886,-4.052795704975692,-136.49368042604164
357.3901205518094,-51.35497924390679,10.1998126054613,7.654123851877105,-4.054541574750344,-136.63013142758183
357.37414281157777,-51.35597451649204,10.199859492270363,7.653315117131756,-4.056287164697255,-136.765114403295
357.35816438614177,-51.35696767096079,10.199907912815815,7.652505000685122,-4.058032473764181,-136.89863148103444
357.3421852768093,-51.357958706505,10.19995786544785,7.651693503822154,-4.0597775008997425,-137.03068478865362
357.3262054848897,-51.3589476223169,10.200009348516664,7.650880627828482,-4.061522245053387,-137.1612764540058
357.31022501169383,-51.359934417588995,10.200062360372447,7.650066373990419,-4.063266705175399,-137.29040860494408
357.2942438585336,-51.36091909151407,10.200116899365398,7.6492507435949495,-4.065010880216888,-137.4180833693224
357.27826202672253,-51.36190164328524,10.200172963845704,7.648433737929744,-4.066754769129813,-137.5443028749937
357.26227951757517,-51.36288207209589,10.200230552163562,7.647615358283136,-4.068498370866974,-137.66906924981146
357.2462963324078,-51.3638603771397,10.200289662669165,7.646795605944154,-4.0702416843819895,-137.79238462162922
357.2303124725377,-51.364836557610616,10.20035029371271,7.645974482202486,-4.071984708629332,-137.9142511183
357.21432793928375,-51.365810612702944,10.200412443644385,7.645151988348507,-4.073727442564319,-138.03467086767733
357.1983427339658,-51.36678254161123,10.200476110814389,7.644328125673253,-4.075469885143109,-138.15364599761472
357.1823568579055,-51.367752343530306,10.200541293572911,7.643502895468458,-4.077212035322678,-138.2711786359655
357.16637031242556,-51.36872001765535,10.200607990270152,7.642676299026515,-4.078953892060867,-138.38727091058269
