galstreams/tracks/track.st.Phlegethon.ibata2021.ecsv
# %ECSV 1.0
# ---
# datatype:
# - {name: ra, unit: deg, datatype: float64}
# - {name: dec, unit: deg, datatype: float64}
# - {name: distance, unit: kpc, datatype: float64}
# - {name: pm_ra_cosdec, unit: mas / yr, datatype: float64}
# - {name: pm_dec, unit: mas / yr, datatype: float64}
# - {name: radial_velocity, unit: km / s, datatype: float64}
# delimiter: ','
# meta: !!omap
# - __serialized_columns__:
#     dec:
#       __class__: astropy.coordinates.angles.Latitude
#       unit: &id001 !astropy.units.Unit {unit: deg}
#       value: !astropy.table.SerializedColumn {name: dec}
#     distance:
#       __class__: astropy.coordinates.distances.Distance
#       unit: !astropy.units.Unit {unit: kpc}
#       value: !astropy.table.SerializedColumn {name: distance}
#     pm_dec:
#       __class__: astropy.units.quantity.Quantity
#       unit: !astropy.units.Unit {unit: mas / yr}
#       value: !astropy.table.SerializedColumn {name: pm_dec}
#     pm_ra_cosdec:
#       __class__: astropy.units.quantity.Quantity
#       unit: !astropy.units.Unit {unit: mas / yr}
#       value: !astropy.table.SerializedColumn {name: pm_ra_cosdec}
#     ra:
#       __class__: astropy.coordinates.angles.Longitude
#       unit: *id001
#       value: !astropy.table.SerializedColumn {name: ra}
#       wrap_angle: !astropy.coordinates.Angle
#         unit: *id001
#         value: 360.0
#     radial_velocity:
#       __class__: astropy.units.quantity.Quantity
#       unit: !astropy.units.Unit {unit: km / s}
#       value: !astropy.table.SerializedColumn {name: radial_velocity}
# schema: astropy-2.0
ra,dec,distance,pm_ra_cosdec,pm_dec,radial_velocity
[from data line 3798]
323.7765094346017,-10.931994385293935,3.2756541907127747,-0.9973197137691034,-34.44054133136794,-149.6082380627728
323.77744383788206,-10.92191369229045,3.2757575199705906,-0.9960412543958475,-34.436836481868255,-149.70382319445616
323.77837788345016,-10.911832963728322,3.2758609961943357,-0.9947629559985929,-34.4331298733035,-149.79943080476446
323.7793115715462,-10.901752199629929,3.275964619434412,-0.9934848186555207,-34.42942150612642,-149.89506090896958
323.7802449024103,-10.891671400017612,3.2760683897412255,-0.9922068424448911,-34.425711380789664,-149.99071352234384
323.78117787628247,-10.881590564913745,3.2761723071651776,-0.9909290274451097,-34.421999497745965,-150.08638866015903
323.7821104934027,-10.871509694340666,3.276276371756674,-0.989651373734679,-34.41828585744792,-150.18208633768734
323.7830427540108,-10.861428788320698,3.2763805835661186,-0.9883738813921772,-34.41457046034817,-150.27780657020094
323.7839746583466,-10.851347846876187,3.276484942643913,-0.9870965504963358,-34.41085330689936,-150.3735493729716
323.7849062066498,-10.84126687002945,3.276589449040463,-0.9858193811259879,-34.407134397554074,-150.46931476127165
323.78583739915985,-10.831185857802803,3.276694102806172,-0.9845423733600516,-34.40341373276485,-150.56510275037292
323.7867682361163,-10.821104810218559,3.276798903991444,-0.9832655272775748,-34.39969131298426,-150.66091335554748
323.78769871775853,-10.811023727299002,3.2769038526466816,-0.9819888429577102,-34.395967138664815,-150.7567465920675
323.7886288443258,-10.800942609066434,3.27700894882229,-0.9807123204797348,-34.392241210259044,-150.852602475205
323.78955861605743,-10.790861455543144,3.2771141925686718,-0.9794359599229816,-34.38851352821943,-150.9484810202319
323.7904880331924,-10.78078026675141,3.277219583936232,-0.9781597613669568,-34.38478409299843,-151.04438224242034
323.79141709596973,-10.77069904271349,3.2773251229753737,-0.9768837248912421,-34.38105290504849,-151.1403061570425
323.79234580462844,-10.76061778345166,3.277430809736501,-0.9756078505755355,-34.37731996482206,-151.23625277937018
323.79327415940725,-10.75053648898817,3.2775366442700165,-0.9743321384996424,-34.3735852727715,-151.33222212467558
323.79420216054496,-10.740455159345272,3.277642626626326,-0.9730565887434715,-34.36984882934923,-151.42821420823066
323.79512980828025,-10.730373794545208,3.2777487568558317,-0.9717812013870502,-34.366110635007615,-151.52422904530744
323.7960571028516,-10.720292394610205,3.277855035008938,-0.9705059765105117,-34.36237069019898,-151.6202666511783
323.79698404449744,-10.71021095956249,3.2779614611360492,-0.9692309141941013,-34.35862899537565,-151.71632704111494
323.7979106334562,-10.700129489424281,3.2780680352875677,-0.9679560145181618,-34.35488555098994,-151.81241023038953
323.79883686996624,-10.690047984217806,3.278174757513899,-0.9666812775631408,-34.35114035749413,-151.90851623427392
323.79976275426554,-10.679966443965247,3.278281627865446,-0.9654067034096396,-34.347393415340456,-152.00464506804053
323.8006882865923,-10.66988486868882,3.278388646392612,-0.9641322921383173,-34.343644724981196,-152.1007967469611
323.80161346718455,-10.659803258410694,3.278495813145802,-0.9628580438299412,-34.33989428686854,-152.1969712863078
323.80253829628015,-10.649721613153067,3.278603128175419,-0.961583958565436,-34.33614210145471,-152.29316870135276
323.8034627741169,-10.639639932938122,3.2787105915318664,-0.9603100364257973,-34.33238816919189,-152.3893890073678
323.8043869009325,-10.62955821778801,3.278818203265549,-0.9590362774921326,-34.32863249053221,-152.48563221962516
323.8053106769647,-10.619476467724898,3.2789259634268704,-0.9577626818456544,-34.324875065927834,-152.58189835339692
323.8062341024509,-10.609394682770942,3.279033872066234,-0.956489249567726,-34.32111589583088,-152.6781874239549
323.80715717762865,-10.599312862948281,3.279141929234043,-0.9552159807397471,-34.31735498069345,-152.77449944657144
323.8080799027352,-10.589231008279073,3.2792501349807024,-0.9539428754432935,-34.31359232096761,-152.87083443651827
323.8090022780079,-10.579149118785429,3.2793584893566163,-0.9526699337599984,-34.3098279171054,-152.96719240906776
323.8099243036839,-10.569067194489485,3.2794669924121864,-0.9513971557716401,-34.3060617695589,-153.0635733794917
323.81084598000024,-10.558985235413356,3.2795756441978186,-0.9501245415601138,-34.30229387878012,-153.15997736306224
323.811767307194,-10.548903241579161,3.279684444763916,-0.948852091207363,-34.29852424522103,-153.25640437505143
323.8126882855019,-10.538821213008989,3.2797933941608814,-0.9475798047955086,-34.29475286933364,-153.3528544307314
323.8136089151609,-10.52873914972494,3.27990249243912,-0.9463076824067462,-34.29097975156988,-153.4493275453741
323.8145291964077,-10.518657051749113,3.2800117396490354,-0.9450357241233736,-34.287204892381695,-153.54582373425157
323.8154491294789,-10.508574919103582,3.2801211358410316,-0.9437639300278251,-34.283428292221,-153.6423430126359
323.8163687146111,-10.498492751810435,3.28023068106551,-0.9424923002026011,-34.279649951539724,-153.73888539579906
323.8172879520406,-10.48841054989172,3.280340375372878,-0.9412208347303679,-34.2758698707897,-153.83545089901318
323.81820684200386,-10.478328313369508,3.2804502188135376,-0.9399495336938637,-34.2720880504228,-153.93203953755037
323.8191253847371,-10.468246042265852,3.2805602114378924,-0.9386783971759334,-34.26830449089088,-154.0286513266825
323.8200435804765,-10.45816373660281,3.2806703532963453,-0.9374074252595292,-34.26451919264573,-154.12528628168178
323.8209614294582,-10.448081396402403,3.2807806444393024,-0.936136618027744,-34.260732156139156,-154.22194441782017
323.82187893191804,-10.437999021686675,3.280891084917166,-0.9348659755637465,-34.256943381822936,-154.3186257503697
323.82279608809205,-10.427916612477647,3.2810016747803408,-0.9335954979508196,-34.253152870148824,-154.4153302946025
323.823712898216,-10.417834168797343,3.2811124140792294,-0.9323251852723784,-34.24936062156856,-154.51205806579063
323.8246293625256,-10.407751690667778,3.281223302864237,-0.9310550376119,-34.24556663653385,-154.60880907920597
323.82554548125654,-10.397669178110945,3.2813343411857656,-0.9297850550530287,-34.24177091549642,-154.70558335012072
323.82646125464424,-10.387586631148851,3.281445529094221,-0.9285152376794645,-34.23797345890792,-154.80238089380697
323.8273766829243,-10.37750404980348,3.2815568666400043,-0.9272455855750428,-34.23417426722002,-154.89920172553664
323.828291766332,-10.367421434096821,3.281668353873523,-0.9259760988237016,-34.23037334088433,-154.99604586058186
323.8292065051025,-10.357338784050858,3.281779990845178,-0.9247067775095097,-34.226570680352495,-155.09291331421454
323.8301208994712,-10.347256099687545,3.2818917776053746,-0.92343762171659,-34.222766286076116,-155.18980410170695
323.831034949673,-10.337173381028856,3.2820037142045155,-0.9221686315292361,-34.21896015850675,-155.28671823833102
323.831948655943,-10.327090628096743,3.2821158006930053,-0.9208998070318204,-34.21515229809597,-155.3836557393588
323.8328620185161,-10.317007840913165,3.282228037121247,-0.9196311483087971,-34.21134270529531,-155.48061662006225
323.8337750376271,-10.306925019500046,3.2823404235396456,-0.9183626554447955,-34.20753138055628,-155.57760089571357
323.83468771351073,-10.296842163879338,3.2824529599986043,-0.9170943285244935,-34.20371832433039,-155.67460858158483
323.8356000464017,-10.28675927407296,3.282565646548525,-0.915826167632698,-34.19990353706911,-155.77163969294787
323.83651203653443,-10.276676350102834,3.2826784832398155,-0.9145581728543268,-34.19608701922389,-155.868694245075
323.8374236841435,-10.266593391990892,3.282791470122876,-0.9132903442744151,-34.192268771246205,-155.965772253238
323.8383349894633,-10.256510399759016,3.282904607248113,-0.9120226819780823,-34.188448793587426,-156.06287373270908
323.83924595272805,-10.246427373429126,3.283017894665928,-0.9107551860505989,-34.18462708669899,-156.1599986987603
323.84015657417194,-10.236344313023105,3.2831313324267257,-0.9094878565772726,-34.18080365103226,-156.25714716666363
323.8410668540292,-10.226261218562854,3.2832449205809096,-0.9082206936435924,-34.1769784870386,-156.35431915169113
323.8419767925336,-10.216178090070239,3.2833586591788846,-0.9069536973351333,-34.17315159516934,-156.4515146691149
323.84288638991933,-10.206094927567142,3.283472548271054,-0.9056868677375389,-34.16932297587583,-156.54873373420702
323.8437956464201,-10.196011731075423,3.2835865879078194,-0.9044202049366126,-34.165492629609346,-156.64597636223948
323.8447045622697,-10.185928500616956,3.283700778139589,-0.9031537090182509,-34.161660556821175,-156.74324256848428
323.8456131377019,-10.17584523621359,3.2838151190167633,-0.9018873800684455,-34.157826757962575,-156.84053236821347
323.84652137295006,-10.165761937887163,3.2839296105897464,-0.900621218173308,-34.153991233484795,-156.93784577669922
323.8474292682479,-10.155678605659517,3.2840442529089433,-0.8993552234190547,-34.15015398383906,-157.0351828092136
323.8483368238286,-10.145595239552497,3.284159046024757,-0.8980893958920264,-34.14631500947658,-157.13254348102842
323.8492440399256,-10.135511839587918,3.2842739899875917,-0.8968237356786455,-34.14247431084851,-157.22992780741595
323.8501509167721,-10.125428405787613,3.28438908484785,-0.8955582428654516,-34.13863188840606,-157.32733580364803
323.85105745460135,-10.115344938173378,3.2845043306559374,-0.8942929175390875,-34.13478774260034,-157.42476748499695
323.85196365364624,-10.105261436767032,3.2846197274622564,-0.8930277597863387,-34.130941873882485,-157.52222286673452
323.8528695141398,-10.095177901590365,3.2847352753172117,-0.8917627696940524,-34.127094282703595,-157.61970196413307
323.85377503631486,-10.085094332665188,3.2848509742712064,-0.8904979473492238,-34.123244969514765,-157.71720479246437
323.8546802204043,-10.075010730013267,3.2849668243746453,-0.8892332928389184,-34.11939393476706,-157.81473136700077
323.8555850666407,-10.064927093656392,3.285082825677931,-0.8879688062503428,-34.11554117891153,-157.91228170301395
323.8564895752568,-10.054843423616335,3.2851989782314677,-0.8867044876707784,-34.11168670239921,-158.00985581577623
323.85739374648506,-10.044759719914865,3.2853152820856586,-0.8854403371876529,-34.1078305056811,-158.10745372055962
323.85829758055786,-10.034675982573745,3.2854317372909083,-0.8841763548884884,-34.1039725892082,-158.20507543263597
323.8592010777077,-10.024592211614715,3.2855483438976214,-0.882912540860878,-34.100112953431456,-158.3027209672776
323.86010423816674,-10.014508407059534,3.2856651019562,-0.8816488951925869,-34.09625159880185,-158.4003903397564
323.8610070621671,-10.004424568929933,3.2857820115170497,-0.8803854179714516,-34.09238852577028,-158.49808356534453
323.861909549941,-9.994340697247663,3.2858990726305723,-0.8791221092854187,-34.0885237347877,-158.59580065931377
323.8628117017204,-9.98425679203443,3.286016285347173,-0.8778589692225438,-34.08465722630498,-158.69354163693666
323.8637135177372,-9.974172853311964,3.286133649717255,-0.8765959978709832,-34.08078900077298,-158.79130651348473
323.8646149982232,-9.964088881101976,3.2862511657912217,-0.8753331953190377,-34.076919058642595,-158.8890953042304
323.8655161434102,-9.954004875426175,3.2863688336194787,-0.8740705616550706,-34.073047400364615,-158.98690802444546
323.86641695352984,-9.943920836306273,3.286486653252428,-0.8728080969675913,-34.06917402638988,-159.08474468940204
323.8673174288137,-9.933836763763946,3.2866046247404737,-0.8715458013451638,-34.0652989371692,-159.18260531437238
323.8682175694932,-9.92375265782089,3.2867227481340198,-0.8702836748765339,-34.06142213315334,-159.28048991462825
323.86911737579976,-9.913668518498781,3.2868410234834697,-0.8690217176504911,-34.057543614793055,-159.3783985054418
323.87001684796473,-9.903584345819306,3.286959450839228,-0.8677599297559739,-34.053663382539085,-159.4763311020851
323.8709159862194,-9.893500139804125,3.287078030251698,-0.8664983112819877,-34.04978143684217,-159.57428771983018
323.87181479079476,-9.883415900474901,3.287196761771285,-0.8652368623177136,-34.045897778152984,-159.67226837394918
323.8727132619219,-9.873331627853288,3.2873156454483903,-0.8639755829523716,-34.04201240692222,-159.77027307971403
323.8736113998319,-9.863247321960932,3.2874346813334174,-0.8627144732753127,-34.03812532360056,-159.86830185239677
323.87450920475544,-9.853162982819489,3.287553869476774,-0.8614535333760145,-34.034236528638615,-159.96635470726946
323.8754066769235,-9.843078610450576,3.28767320992886,-0.8601927633440356,-34.03034602248703,-160.0644316596043
323.8763038165667,-9.832994204875831,3.2877927027400813,-0.8589321632690856,-34.026453805596425,-160.16253272467324
323.87720062391566,-9.822909766116881,3.2879123479608396,-0.8576717332409123,-34.022559878417376,-160.2606579177481
323.878097099201,-9.812825294195335,3.2880321456415413,-0.8564114733494206,-34.01866424140043,-160.35880725410135
323.87899324265305,-9.802740789132821,3.2881520958325883,-0.855151383684631,-34.01476689499618,-160.45698074900466
323.87988905450226,-9.792656250950916,3.2882721985843855,-0.8538914643366367,-34.01086783965511,-160.55517841773033
323.8807845349789,-9.782571679671236,3.2883924539473366,-0.8526317153956668,-34.00696707582776,-160.65340027555038
323.8816796843131,-9.772487075315366,3.2885128619718444,-0.8513721369520475,-34.00306460396463,-160.75164633773673
323.88257450273505,-9.762402437904893,3.288633422708314,-0.8501127290962049,-33.99916042451617,-160.84991661956153
323.8834689904748,-9.752317767461403,3.2887541362071477,-0.8488534919186872,-33.99525453793286,-160.9482111362967
323.8843631477622,-9.742233064006445,3.288875002518751,-0.847594425510148,-33.9913469446651,-161.04652990321443
323.8852569748271,-9.732148327561603,3.2889960216935257,-0.8463355299613537,-33.98743764516336,-161.1448729355868
323.8861504718994,-9.722063558148434,3.2891171937818773,-0.8450768053631412,-33.983526639878,-161.2432402486858
323.8870436392086,-9.711978755788497,3.28923851883421,-0.8438182518065211,-33.9796139292594,-161.34163185778326
323.8879364769845,-9.701893920503325,3.2893599969009246,-0.8425598693825469,-33.97569951375796,-161.44004777815164
323.8888289854565,-9.691809052314463,3.289481628032429,-0.8413016581824184,-33.971783393823955,-161.53848802506266
323.88972116485405,-9.681724151243447,3.2896034122791233,-0.8400436182974316,-33.96786556990777,-161.6369526137885
323.89061301540653,-9.671639217311808,3.2897253496914143,-0.838785749818987,-33.963946042459696,-161.73544155960124
323.8915045373431,-9.66155425054107,3.289847440319703,-0.8375280528386142,-33.96002481192998,-161.8339548777728
323.89239573089304,-9.651469250952735,3.2899696842143964,-0.8362705274479261,-33.95610187876895,-161.9324925835753
323.8932865962854,-9.64138421856832,3.290092081425895,-0.8350131737386333,-33.952177243426796,-162.03105469228095
323.8941771337493,-9.631299153409328,3.2902146320046057,-0.8337559918025912,-33.948250906353785,-162.12964121916153
323.89506734351346,-9.621214055497262,3.2903373360009285,-0.8324989817317361,-33.94432286800014,-162.22825217948915
323.8959572258069,-9.611128924853599,3.290460193465271,-0.831242143618117,-33.94039312881601,-162.32688758853607
323.89684678085825,-9.601043761499831,3.2905832044480348,-0.8299854775539126,-33.93646168925161,-162.42554746157413
323.89773600889623,-9.590958565457436,3.290706368999623,-0.8287289836313692,-33.932528549757095,-162.5242318138753
323.8986249101495,-9.580873336747883,3.2908296871704428,-0.8274726619428581,-33.92859371078254,-162.62294066071198
323.8995134848465,-9.570788075392649,3.290953159010895,-0.826216512580868,-33.92465717277815,-162.7216740173558
323.9004017332157,-9.560702781413177,3.2910767845713846,-0.8249605356379943,-33.92071893619396,-162.82043189907904
323.90128965548536,-9.550617454830924,3.2912005639023136,-0.8237047312069405,-33.916779001480094,-162.91921432115376
