galstreams/tracks/track.st.Pegasus.perottoni2019.ecsv
# %ECSV 0.9
# ---
# datatype:
# - {name: ra, unit: deg, datatype: float64}
# - {name: dec, unit: deg, datatype: float64}
# - {name: distance, unit: kpc, datatype: float64}
# - {name: pm_ra_cosdec, unit: mas / yr, datatype: float64}
# - {name: pm_dec, unit: mas / yr, datatype: float64}
# - {name: radial_velocity, unit: km / s, datatype: float64}
# delimiter: ','
# meta: !!omap
# - __serialized_columns__:
#     dec:
#       __class__: astropy.coordinates.angles.Latitude
#       unit: &id001 !astropy.units.Unit {unit: deg}
#       value: !astropy.table.SerializedColumn {name: dec}
#     distance:
#       __class__: astropy.coordinates.distances.Distance
#       unit: !astropy.units.Unit {unit: kpc}
#       value: !astropy.table.SerializedColumn {name: distance}
#     pm_dec:
#       __class__: astropy.units.quantity.Quantity
#       unit: !astropy.units.Unit {unit: mas / yr}
#       value: !astropy.table.SerializedColumn {name: pm_dec}
#     pm_ra_cosdec:
#       __class__: astropy.units.quantity.Quantity
#       unit: !astropy.units.Unit {unit: mas / yr}
#       value: !astropy.table.SerializedColumn {name: pm_ra_cosdec}
#     ra:
#       __class__: astropy.coordinates.angles.Longitude
#       unit: *id001
#       value: !astropy.table.SerializedColumn {name: ra}
#       wrap_angle: !astropy.coordinates.Angle
#         unit: *id001
#         value: 360.0
#     radial_velocity:
#       __class__: astropy.units.quantity.Quantity
#       unit: !astropy.units.Unit {unit: km / s}
#       value: !astropy.table.SerializedColumn {name: radial_velocity}
# schema: astropy-2.0
ra,dec,distance,pm_ra_cosdec,pm_dec,radial_velocity
[from data line 711]
332.4280502067927,26.934905326030467,17.999999999999943,0.0,0.0,0.0
332.4343763145148,26.943175614909155,17.99999999999994,0.0,0.0,0.0
332.4407042294705,26.951445115913863,17.999999999999936,0.0,0.0,0.0
332.4470339524179,26.959713828660963,17.99999999999994,0.0,0.0,0.0
332.4533654841153,26.967981752766644,17.999999999999936,0.0,0.0,0.0
332.4596988253213,26.976248887846875,17.99999999999994,0.0,0.0,0.0
332.4660339767947,26.9845152335174,17.999999999999936,0.0,0.0,0.0
332.47237093929436,26.992780789393784,17.999999999999936,0.0,0.0,0.0
332.4787097135795,27.00104555509136,17.999999999999932,0.0,0.0,0.0
332.4850503004094,27.009309530225245,17.999999999999932,0.0,0.0,0.0
332.49139270054354,27.017572714410388,17.999999999999936,0.0,0.0,0.0
332.49773691474167,27.025835107261482,17.999999999999936,0.0,0.0,0.0
332.50408294376376,27.034096708393037,17.99999999999993,0.0,0.0,0.0
332.51043078836983,27.042357517419347,17.99999999999993,0.0,0.0,0.0
332.5167804493202,27.050617533954497,17.999999999999932,0.0,0.0,0.0
332.5231319273754,27.058876757612346,17.999999999999932,0.0,0.0,0.0
332.5294852232961,27.06713518800657,17.99999999999993,0.0,0.0,0.0
332.5358403378432,27.07539282475062,17.99999999999993,0.0,0.0,0.0
332.5421972717777,27.083649667457724,17.99999999999993,0.0,0.0,0.0
332.54855602586093,27.09190571574093,17.999999999999922,0.0,0.0,0.0
332.55491660085437,27.100160969213043,17.999999999999922,0.0,0.0,0.0
332.56127899751965,27.10841542748667,17.999999999999922,0.0,0.0,0.0
332.5676432166186,27.116669090174206,17.999999999999922,0.0,0.0,0.0
332.57400925891324,27.124921956887846,17.999999999999922,0.0,0.0,0.0
332.5803771251659,27.133174027239555,17.999999999999922,0.0,0.0,0.0
332.586746816139,27.14142530084109,17.999999999999915,0.0,0.0,0.0
332.5931183325951,27.149675777303997,17.999999999999915,0.0,0.0,0.0
332.5994916752971,27.15792545623961,17.999999999999915,0.0,0.0,0.0
332.6058668450079,27.166174337259058,17.99999999999991,0.0,0.0,0.0
332.61224384249084,27.17442241997325,17.999999999999915,0.0,0.0,0.0
332.6186226685092,27.182669703992875,17.999999999999915,0.0,0.0,0.0
332.6250033238267,27.190916188928416,17.999999999999908,0.0,0.0,0.0
332.6313858092071,27.19916187439015,17.99999999999991,0.0,0.0,0.0
332.6377701254143,27.20740675998814,17.999999999999904,0.0,0.0,0.0
332.64415627321256,27.215650845332192,17.999999999999908,0.0,0.0,0.0
332.65054425336626,27.223894130031972,17.9999999999999,0.0,0.0,0.0
332.65693406663996,27.232136613696877,17.9999999999999,0.0,0.0,0.0
332.6633257137984,27.240378295936104,17.9999999999999,0.0,0.0,0.0
332.6697191956065,27.248619176358655,17.9999999999999,0.0,0.0,0.0
332.6761145128295,27.256859254573282,17.9999999999999,0.0,0.0,0.0
332.68251166623264,27.265098530188535,17.999999999999893,0.0,0.0,0.0
332.68891065658164,27.273337002812774,17.999999999999897,0.0,0.0,0.0
332.695311484642,27.28157467205411,17.99999999999989,0.0,0.0,0.0
332.70171415117983,27.289811537520446,17.999999999999893,0.0,0.0,0.0
332.7081186569612,27.2980475988195,17.999999999999886,0.0,0.0,0.0
332.71452500275234,27.306282855558724,17.999999999999886,0.0,0.0,0.0
332.72093318931985,27.314517307345394,17.999999999999886,0.0,0.0,0.0
332.7273432174305,27.322750953786546,17.999999999999883,0.0,0.0,0.0
332.733755087851,27.33098379448901,17.99999999999988,0.0,0.0,0.0
332.7401688013486,27.339215829059412,17.999999999999876,0.0,0.0,0.0
332.74658435869054,27.347447057104123,17.999999999999876,0.0,0.0,0.0
332.7530017606443,27.35567747822934,17.999999999999876,0.0,0.0,0.0
332.75942100797755,27.363907092041007,17.99999999999987,0.0,0.0,0.0
332.76584210145813,27.37213589814489,17.999999999999872,0.0,0.0,0.0
332.77226504185415,27.3803638961465,17.99999999999987,0.0,0.0,0.0
332.77868982993385,27.38859108565114,17.99999999999986,0.0,0.0,0.0
332.7851164664657,27.3968174662639,17.99999999999986,0.0,0.0,0.0
332.79154495221826,27.405043037589675,17.999999999999858,0.0,0.0,0.0
332.7979752879606,27.413267799233097,17.999999999999854,0.0,0.0,0.0
332.80440747446147,27.4214917507986,17.999999999999858,0.0,0.0,0.0
332.81084151249024,27.4297148918904,17.99999999999985,0.0,0.0,0.0
332.81727740281633,27.437937222112513,17.999999999999847,0.0,0.0,0.0
332.8237151462094,27.446158741068697,17.999999999999844,0.0,0.0,0.0
332.83015474343915,27.454379448362523,17.999999999999844,0.0,0.0,0.0
332.83659619527566,27.462599343597322,17.999999999999844,0.0,0.0,0.0
332.8430395024891,27.47081842637621,17.999999999999837,0.0,0.0,0.0
332.8494846658499,27.4790366963021,17.999999999999833,0.0,0.0,0.0
332.8559316861286,27.48725415297767,17.999999999999833,0.0,0.0,0.0
332.86238056409604,27.495470796005357,17.999999999999833,0.0,0.0,0.0
332.8688313005232,27.50368662498743,17.99999999999983,0.0,0.0,0.0
332.87528389618114,27.5119016395259,17.999999999999822,0.0,0.0,0.0
332.88173835184136,27.52011583922256,17.999999999999815,0.0,0.0,0.0
332.8881946682753,27.528329223678966,17.999999999999815,0.0,0.0,0.0
332.8946528462548,27.536541792496504,17.999999999999815,0.0,0.0,0.0
332.9011128865518,27.544753545276297,17.99999999999981,0.0,0.0,0.0
332.9075747899384,27.552964481619252,17.999999999999805,0.0,0.0,0.0
332.914038557187,27.561174601126066,17.999999999999805,0.0,0.0,0.0
332.92050418907,27.56938390339721,17.9999999999998,0.0,0.0,0.0
332.9269716863603,27.57759238803292,17.9999999999998,0.0,0.0,0.0
332.93344104983066,27.585800054633225,17.999999999999797,0.0,0.0,0.0
332.93991228025425,27.594006902797926,17.99999999999979,0.0,0.0,0.0
332.9463853784044,27.6022129321266,17.999999999999787,0.0,0.0,0.0
332.9528603450546,27.610418142218624,17.99999999999978,0.0,0.0,0.0
332.9593371809786,27.61862253267309,17.999999999999776,0.0,0.0,0.0
332.96581588695017,27.626826103088938,17.999999999999776,0.0,0.0,0.0
332.9722964637435,27.635028853064846,17.99999999999977,0.0,0.0,0.0
332.9787789121328,27.64323078219927,17.999999999999766,0.0,0.0,0.0
332.9852632328925,27.651431890090446,17.999999999999762,0.0,0.0,0.0
332.99174942679736,27.659632176336405,17.99999999999976,0.0,0.0,0.0
332.9982374946222,27.66783164053492,17.99999999999976,0.0,0.0,0.0
333.00472743714204,27.676030282283563,17.99999999999975,0.0,0.0,0.0
333.0112192551321,27.684228101179684,17.99999999999975,0.0,0.0,0.0
333.01771294936805,27.692425096820386,17.99999999999974,0.0,0.0,0.0
333.0242085206252,27.70062126880255,17.999999999999737,0.0,0.0,0.0
333.0307059696796,27.708816616722867,17.99999999999973,0.0,0.0,0.0
333.0372052973072,27.71701114017776,17.999999999999734,0.0,0.0,0.0
333.0437065042842,27.725204838763446,17.99999999999973,0.0,0.0,0.0
333.0502095913871,27.73339771207592,17.999999999999723,0.0,0.0,0.0
333.05671455939233,27.74158975971094,17.99999999999972,0.0,0.0,0.0
333.06322140907685,27.749780981264042,17.999999999999712,0.0,0.0,0.0
333.0697301412176,27.757971376330527,17.999999999999712,0.0,0.0,0.0
333.0762407565917,27.766160944505497,17.9999999999997,0.0,0.0,0.0
333.0827532559766,27.774349685383797,17.999999999999698,0.0,0.0,0.0
333.08926764014996,27.78253759856006,17.999999999999694,0.0,0.0,0.0
333.09578390988935,27.790724683628685,17.999999999999687,0.0,0.0,0.0
333.1023020659729,27.798910940183852,17.999999999999687,0.0,0.0,0.0
333.10882210917856,27.807096367819504,17.999999999999677,0.0,0.0,0.0
333.115344040285,27.815280966129368,17.999999999999673,0.0,0.0,0.0
333.12186786007044,27.823464734706928,17.99999999999967,0.0,0.0,0.0
333.1283935693138,27.831647673145454,17.999999999999662,0.0,0.0,0.0
333.13492116879394,27.83982978103796,17.999999999999655,0.0,0.0,0.0
333.14145065929,27.848011057977295,17.999999999999652,0.0,0.0,0.0
333.1479820415814,27.856191503555998,17.99999999999965,0.0,0.0,0.0
333.15451531644743,27.86437111736644,17.999999999999645,0.0,0.0,0.0
333.161050484668,27.87254989900073,17.999999999999634,0.0,0.0,0.0
333.16758754702295,27.88072784805076,17.999999999999627,0.0,0.0,0.0
333.1741265042923,27.888904964108203,17.999999999999623,0.0,0.0,0.0
333.18066735725637,27.897081246764483,17.999999999999616,0.0,0.0,0.0
333.18721010669566,27.90525669561079,17.99999999999961,0.0,0.0,0.0
333.19375475339086,27.91343131023812,17.99999999999961,0.0,0.0,0.0
333.20030129812284,27.921605090237186,17.999999999999602,0.0,0.0,0.0
333.2068497416726,27.92977803519853,17.999999999999588,0.0,0.0,0.0
333.21340008482144,27.93795014471241,17.999999999999584,0.0,0.0,0.0
333.2199523283508,27.946121418368875,17.999999999999577,0.0,0.0,0.0
333.2265064730423,27.954291855757763,17.999999999999574,0.0,0.0,0.0
333.23306251967784,27.962461456468635,17.99999999999957,0.0,0.0,0.0
333.23962046903944,27.970630220090868,17.999999999999563,0.0,0.0,0.0
333.24618032190915,27.97879814621358,17.999999999999556,0.0,0.0,0.0
333.2527420790696,27.986965234425657,17.999999999999545,0.0,0.0,0.0
333.25930574130336,27.995131484315767,17.99999999999954,0.0,0.0,0.0
333.2658713093931,28.00329689547233,17.99999999999953,0.0,0.0,0.0
333.27243878412196,28.01146146748355,17.999999999999524,0.0,0.0,0.0
333.279008166273,28.019625199937387,17.999999999999513,0.0,0.0,0.0
333.2855794566297,28.02778809242157,17.999999999999506,0.0,0.0,0.0
333.29215265597566,28.0359501445236,17.999999999999503,0.0,0.0,0.0
333.29872776509455,28.044111355830722,17.99999999999949,0.0,0.0,0.0
333.3053047847704,28.052271725929998,17.999999999999485,0.0,0.0,0.0
333.3118837157873,28.060431254408204,17.999999999999474,0.0,0.0,0.0
333.3184645589297,28.068589940851908,17.999999999999464,0.0,0.0,0.0
333.32504731498204,28.07674778484745,17.999999999999456,0.0,0.0,0.0
333.33163198472914,28.084904785980896,17.999999999999446,0.0,0.0,0.0
333.33821856895577,28.093060943838136,17.999999999999442,0.0,0.0,0.0
333.34480706844727,28.101216258004783,17.999999999999428,0.0,0.0,0.0
333.3513974839889,28.109370728066235,17.999999999999417,0.0,0.0,0.0
333.35798981636594,28.117524353607642,17.99999999999941,0.0,0.0,0.0
333.3645840663644,28.125677134213934,17.9999999999994,0.0,0.0,0.0
333.37118023477,28.133829069469773,17.99999999999939,0.0,0.0,0.0
