galstreams/tracks/track.st.Jet.ferguson2022.ecsv
# %ECSV 0.9
# ---
# datatype:
# - {name: ra, unit: deg, datatype: float64}
# - {name: dec, unit: deg, datatype: float64}
# - {name: distance, unit: kpc, datatype: float64}
# - {name: pm_ra_cosdec, unit: mas / yr, datatype: float64}
# - {name: pm_dec, unit: mas / yr, datatype: float64}
# - {name: radial_velocity, unit: km / s, datatype: float64}
# delimiter: ','
# meta: !!omap
# - __serialized_columns__:
#     dec:
#       __class__: astropy.coordinates.angles.Latitude
#       unit: &id001 !astropy.units.Unit {unit: deg}
#       value: !astropy.table.SerializedColumn {name: dec}
#     distance:
#       __class__: astropy.coordinates.distances.Distance
#       unit: !astropy.units.Unit {unit: kpc}
#       value: !astropy.table.SerializedColumn {name: distance}
#     pm_dec:
#       __class__: astropy.units.quantity.Quantity
#       unit: !astropy.units.Unit {unit: mas / yr}
#       value: !astropy.table.SerializedColumn {name: pm_dec}
#     pm_ra_cosdec:
#       __class__: astropy.units.quantity.Quantity
#       unit: !astropy.units.Unit {unit: mas / yr}
#       value: !astropy.table.SerializedColumn {name: pm_ra_cosdec}
#     ra:
#       __class__: astropy.coordinates.angles.Longitude
#       unit: *id001
#       value: !astropy.table.SerializedColumn {name: ra}
#       wrap_angle: !astropy.coordinates.Angle
#         unit: *id001
#         value: 360.0
#     radial_velocity:
#       __class__: astropy.units.quantity.Quantity
#       unit: !astropy.units.Unit {unit: km / s}
#       value: !astropy.table.SerializedColumn {name: radial_velocity}
# schema: astropy-2.0
ra,dec,distance,pm_ra_cosdec,pm_dec,radial_velocity
[from data line 2683]
146.29282850561987,-12.69833260899003,27.79030187287921,-1.0439159131399003,-1.7238246328708458,4.016453297935209e-10
146.29939772797175,-12.690618733098717,27.7885099718363,-1.044415986710347,-1.7239984828976782,4.013506029439754e-10
146.30596685719473,-12.682904910862375,27.78672007578946,-1.0449163383167759,-1.7241722528345713,4.010727176286896e-10
146.31253589308645,-12.675191142054047,27.784932186745934,-1.0454169681054517,-1.7243459426642929,4.0069378310784533e-10
146.31910483544445,-12.667477426446846,27.783146306712947,-1.045917876222627,-1.724519552369592,4.003990562582998e-10
146.32567368406632,-12.65976376381392,27.78136243769774,-1.0464190628145433,-1.7246930819332045,4.0010432940875425e-10
146.3322424387497,-12.652050153928489,27.779580581707545,-1.0469205280274299,-1.724866531337852,3.9977591949068924e-10
146.33881109929212,-12.644336596563795,27.777800740749598,-1.047422272007506,-1.7250399005662376,3.993885642027151e-10
146.34537966549115,-12.636623091493158,27.776022916831128,-1.0479242949009782,-1.7252131896010512,3.990601542846501e-10
146.35194813714438,-12.628909638489937,27.774247111959376,-1.0484265968540418,-1.7253863984249669,3.9874016513371496e-10
146.35851651404934,-12.621196237327549,27.772473328141583,-1.0489291780128807,-1.7255595270206416,3.9837807214713046e-10
146.36508479600357,-12.613482887779464,27.770701567384965,-1.0494320385236668,-1.7257325753707198,3.9806650376332517e-10
146.37165298280468,-12.605769589619184,27.76893183169678,-1.0499351785325608,-1.725905543457826,3.976538861739614e-10
146.37822107425015,-12.598056342620298,27.767164123084246,-1.0504385981857123,-1.7260784312645743,3.972749516531172e-10
146.38478907013751,-12.590343146556412,27.765398443554602,-1.050942297629259,-1.7262512387735593,3.9685391329662356e-10
146.3913569702643,-12.582630001201206,27.763634795115077,-1.0514462770093265,-1.7264239659673617,3.9646655800864943e-10
146.39792477442805,-12.574916906328399,27.761873179772923,-1.0519505364720292,-1.7265966128285457,3.9608762348780516e-10
146.40449248242626,-12.567203861711766,27.760113599535366,-1.0524550761634703,-1.7267691793396605,3.956244812956622e-10
146.4110600940564,-12.55949086712514,27.758356056409625,-1.0529598962297415,-1.7269416654832401,3.952960713775972e-10
146.417627609116,-12.551777922342387,27.756600552402954,-1.0534649968169214,-1.7271140712418005,3.9482450841832434e-10
146.42419502740262,-12.544065027137444,27.754847089522585,-1.0539703780710792,-1.7272863965978447,3.943950492947008e-10
146.4307623487136,-12.536352181284293,27.75309566977575,-1.0544760401382716,-1.7274586415338589,3.939824317053371e-10
146.43732957284652,-12.528639384556953,27.751346295169686,-1.0549819831645428,-1.727630806032312,3.9356139334884347e-10
146.44389669959884,-12.520926636729513,27.74959896771162,-1.0554882072959262,-1.7278028900756603,3.930982511567005e-10
146.45046372876803,-12.513213937576102,27.747853689408803,-1.0559947126784437,-1.7279748936463404,3.9262668819742766e-10
146.4570306601515,-12.50550128687091,27.74611046226845,-1.056501499458106,-1.7281468167267775,3.9218880830667427e-10
146.46359749354676,-12.49778868438816,27.7443692882978,-1.0570085677809113,-1.7283186592993773,3.9166672074462217e-10
146.47016422875123,-12.490076129902139,27.742630169504107,-1.0575159177928461,-1.7284904213465304,3.912288408538688e-10
146.47673086556236,-12.482363623187196,27.740893107894582,-1.0580235496398862,-1.728662102850613,3.9074885712746613e-10
146.48329740377758,-12.474651164017697,27.73915810547648,-1.058531463467995,-1.7288337037939834,3.9022676956541403e-10
146.48986384319429,-12.466938752168094,27.73742516425702,-1.0590396594231242,-1.729005224158986,3.897552066061412e-10
146.49643018361,-12.459226387412862,27.73569428624344,-1.0595481376512148,-1.729176663927947,3.8917417367417997e-10
146.50299642482202,-12.451514069526548,27.73396547344297,-1.0600568982981953,-1.7293480230831795,3.8866892764638764e-10
146.5095625666278,-12.443801798283731,27.732238727862864,-1.0605659415099817,-1.7295193016069763,3.881636816185953e-10
146.51612860882474,-12.436089573459055,27.730514051510344,-1.061075267432481,-1.7296904994816182,3.8763317328941336e-10
146.52269455121024,-12.428377394827205,27.72879144639263,-1.0615848762115863,-1.7298616166893692,3.8714476879588075e-10
146.5292603935817,-12.42066526216292,27.727070914516993,-1.0620947679931785,-1.730032653212474,3.865300527954001e-10
146.53582613573647,-12.41295317524099,27.725352457890633,-1.0626049429231297,-1.7302036090331658,3.8599954446621813e-10
146.54239177747198,-12.405241133836247,27.723636078520805,-1.0631154011472972,-1.7303744841336586,3.854521946027764e-10
146.54895731858554,-12.397529137723591,27.721921778414735,-1.0636261428115288,-1.730545278496152,3.8483747860229573e-10
146.55552275887453,-12.38981718667795,27.72020955957966,-1.0641371680616591,-1.7307159921028272,3.8431539104024363e-10
146.56208809813634,-12.382105280474313,27.71849942402281,-1.0646484770435127,-1.7308866249358519,3.8372593734115255e-10
146.5686533361683,-12.374393418887722,27.71679137375143,-1.0651600699029005,-1.7310571769773762,3.8312806287493166e-10
146.57521847276774,-12.366681601693259,27.715085410772748,-1.0656719467856226,-1.731227648209533,3.8248808457306137e-10
146.581783507732,-12.358969828666067,27.71338153709401,-1.066184107837468,-1.7313980386144414,3.818817893397105e-10
146.58834844085843,-12.351258099581331,27.71167975472242,-1.0666965532042139,-1.731568348174203,3.812839148734896e-10
146.59491327194434,-12.343546414214279,27.70998006566526,-1.067209283031623,-1.7317385768709006,3.806523573387492e-10
146.60147800078707,-12.335834772340217,27.708282471929717,-1.0677222974654519,-1.731908724686606,3.800629036396581e-10
146.6080426271839,-12.328123173734456,27.706586975523056,-1.0682355966514394,-1.73207879160337,3.794397668720476e-10
146.61460715093213,-12.3204116181724,27.7048935784525,-1.0687491807353164,-1.7322487776032298,3.7877452626878765e-10
146.6211715718291,-12.31270010542947,27.70320228272529,-1.0692630498628006,-1.7324186826682042,3.781261271997875e-10
146.6277358896721,-12.304988635281155,27.701513090348662,-1.0697772041795985,-1.7325885067802973,3.774524658293977e-10
146.6343001042584,-12.297277207502987,27.699826003329843,-1.0702916438314045,-1.7327582499214955,3.768209082946573e-10
146.64086421538525,-12.289565821870545,27.69814102367607,-1.0708063689639011,-1.7329279120737695,3.7612198462287786e-10
146.64742822284998,-12.281854478159458,27.69645815339458,-1.0713213797227596,-1.7330974932190744,3.753725363483192e-10
146.65399212644982,-12.274143176145413,27.694777394492604,-1.0718366762536389,-1.7332669933393465,3.7472413727931907e-10
146.66055592598204,-12.266431915604135,27.693098748977384,-1.0723522587021868,-1.7334364124165074,3.7404205514179937e-10
146.6671196212439,-12.258720696311402,27.691422218856154,-1.0728681272140383,-1.7336057504324618,3.733683937714096e-10
146.67368321203267,-12.251009518043023,27.689747806136136,-1.073384281934818,-1.7337750073690972,3.7260210396259123e-10
146.68024669814554,-12.243298380574906,27.688075512824582,-1.0739007230101372,-1.7339441832082851,3.7191160105794167e-10
146.68681007937977,-12.23558728368295,27.68640534092871,-1.0744174505855966,-1.734113277931881,3.7122109815329217e-10
146.69337335553263,-12.22787622714313,27.68473729245578,-1.0749344648067845,-1.7342822915217229,3.704463875773439e-10
146.69993652640127,-12.22016521073147,27.683071369412996,-1.075451765819277,-1.7344512239596324,3.696885185356554e-10
146.70649959178294,-12.212454234224033,27.681407573807608,-1.07596935376864,-1.7346200752274132,3.6898117409674613e-10
146.71306255147488,-12.204743297396947,27.679745907646858,-1.076487228800425,-1.7347888453068554,3.6820646352079787e-10
146.71962540527426,-12.197032400026368,27.678086372937965,-1.0770053910601742,-1.7349575341797294,3.6738964910920026e-10
146.7261881529783,-12.189321541888525,27.676428971688175,-1.0775238406934167,-1.7351261418277903,3.666402008346416e-10
146.73275079438415,-12.181610722759658,27.674773705904716,-1.07804257784567,-1.7352946682327772,3.659075940943427e-10
146.73931332928902,-12.173899942416098,27.67312057759484,-1.0785616026624387,-1.7354631133764102,3.6504025507996584e-10
146.7458757574901,-12.166189200634188,27.671469588765753,-1.079080915289218,-1.7356314772403942,3.642908068054072e-10
146.75243807878454,-12.158478497190348,27.66982074142471,-1.0796005158714892,-1.7357997598064172,3.634992546951992e-10
146.75900029296955,-12.150767831861023,27.668174037578932,-1.0801204045547226,-1.7359679610561507,3.62657177982212e-10
146.76556239984222,-12.14305720442272,27.666529479235674,-1.0806405814843751,-1.7361360809712472,3.618319428034845e-10
146.77212439919978,-12.135346614651983,27.664887068402162,-1.081161046805894,-1.7363041195333446,3.6100670762475703e-10
146.77868629083932,-12.127636062325424,27.663246807085617,-1.0816818006647144,-1.736472076724064,3.6012252707612043e-10
146.78524807455798,-12.119925547219676,27.661608697293286,-1.0822028432062583,-1.736639952525009,3.593309749659124e-10
146.7918097501529,-12.112215069111443,27.65997274103241,-1.0827241745759348,-1.7368077469177645,3.584804774857953e-10
146.79837131742127,-12.104504627777464,27.658338940310212,-1.0832457949191443,-1.736975459883901,3.5764682153993795e-10
146.80493277616014,-12.096794222994513,27.65670729713393,-1.0837677043812737,-1.7371430914049715,3.567457994570416e-10
146.81149412616662,-12.089083854539444,27.655077813510804,-1.0842899031076974,-1.7373106414625108,3.5587846044266475e-10
146.8180553672379,-12.08137352218914,27.65345049144806,-1.0848123912437786,-1.737478110038038,3.5501112142828793e-10
146.824616499171,-12.073663225720523,27.651825332952935,-1.0853351689348685,-1.7376454971130548,3.541185201125214e-10
146.83117752176304,-12.06595296491057,27.650202340032674,-1.0858582363263058,-1.7378128026690454,3.5320907726249524e-10
146.83773843481111,-12.05824273953632,27.648581514694495,-1.0863815935634182,-1.737980026687477,3.5230805517959887e-10
146.84429923811234,-12.050532549374834,27.646962858945653,-1.086905240791521,-1.7381471691497996,3.5137335002818306e-10
146.85085993146373,-12.04282239420324,27.645346374793366,-1.0874291781559173,-1.738314230037448,3.504218033425075e-10
146.8574205146624,-12.035112273798706,27.643732064244873,-1.087953405801899,-1.7384812093318363,3.495628850952605e-10
146.8639809875054,-12.027402187938437,27.642119929307412,-1.0884779238747453,-1.738648107014365,3.4856923457393557e-10
146.87054134978982,-12.019692136399696,27.64050997198822,-1.0890027325197242,-1.738814923066414,3.4757558405261064e-10
146.87710160131266,-12.011982118959802,27.638902194294516,-1.089527831882091,-1.7389816574693502,3.4670824503823376e-10
146.88366174187098,-12.004272135396093,27.637296598233558,-1.090053222107089,-1.7391483102045189,3.4575669835255823e-10
146.89022177126185,-11.996562185485983,27.63569318581256,-1.0905789033399502,-1.7393148812532508,3.4477146859836316e-10
146.8967816892823,-11.988852269006923,27.634091959038773,-1.091104875725894,-1.7394813705968588,3.437525557756486e-10
146.9033414957293,-11.981142385736392,27.632492919919425,-1.0916311394101288,-1.739647778216638,3.427420637200639e-10
146.90990119039995,-11.973432535451941,27.63089607046175,-1.0921576945378497,-1.7398141040938668,3.4174841319873895e-10
146.91646077309122,-11.965722717931163,27.629301412672984,-1.092684541254241,-1.7399803482098066,3.407716042116738e-10
146.92302024360012,-11.958012932951682,27.627708948560354,-1.0932116797044735,-1.7401465105457004,3.397358498546995e-10
146.92957960172362,-11.950303180291183,27.62611868013111,-1.0937391100337082,-1.7403125910827744,3.3874219933337456e-10
146.9361388472588,-11.942593459727396,27.62453060939247,-1.0942668323870919,-1.740478589802237,3.3773170727778986e-10
146.9426979800026,-11.934883771038093,27.622944738351688,-1.0947948469097606,-1.74064450668528,3.3664542831803636e-10
146.949256999752,-11.927174114001089,27.62136106901599,-1.0953231537468375,-1.7408103417130767,3.356433570295815e-10
146.95581590630397,-11.919464488394254,27.619779603392598,-1.0958517530434357,-1.7409760948667845,3.3459918190547737e-10
146.96237469945552,-11.911754893995502,27.618200343488766,-1.0963806449446536,-1.7411417661275415,3.335213237128537e-10
146.96893337900357,-11.904045330582784,27.61662329131172,-1.0969098295955797,-1.74130735547647,3.324518862873599e-10
146.9754919447451,-11.896335797934105,27.61504844886869,-1.0974393071412887,-1.7414728628946736,3.3134876579334663e-10
146.98205039647706,-11.888626295827516,27.61347581816693,-1.097969077726844,-1.741638288363237,3.30270907600723e-10
146.9886087339964,-11.880916824041115,27.611905401213644,-1.0984991414972987,-1.7418036318632322,3.292267324766188e-10
146.99516695710005,-11.873207382353037,27.61033720001609,-1.0990294985976912,-1.7419688933757096,3.280478250784367e-10
147.00172506558494,-11.865497970541478,27.608771216581495,-1.0995601491730487,-1.7421340728817014,3.270457537899819e-10
147.00828305924801,-11.857788588384658,27.607207452917102,-1.1000910933683863,-1.7422991703622237,3.258163217890205e-10
147.0148409378862,-11.850079235660859,27.605645911030134,-1.1006223313287087,-1.7424641857982763,3.2470478052787737e-10
147.02139870129636,-11.842369912148415,27.604086592927832,-1.1011538631990057,-1.7426291191708398,3.235932392667342e-10
147.02795634927546,-11.834660617625682,27.602529500617436,-1.101685689124257,-1.742793970460876,3.224732772384612e-10
147.0345138816204,-11.82695135187108,27.60097463610617,-1.1022178092494292,-1.7429587396493318,3.2130279060740895e-10
147.04107129812803,-11.819242114663062,27.59942200140127,-1.1027502237194784,-1.7431234267171347,3.201828285791359e-10
147.04762859859528,-11.811532905780144,27.597871598509975,-1.1032829326793459,-1.7432880316451929,3.1897865887956416e-10
147.054185782819,-11.803823725000866,27.596323429439522,-1.1038159362739632,-1.7434525544144002,3.178081722485119e-10
147.0607428505961,-11.796114572103825,27.594777496197143,-1.1043492346482493,-1.7436169950056313,3.1658716101468044e-10
147.06729980172344,-11.788405446867667,27.593233800790074,-1.1048828279471103,-1.743781353399741,3.154503574521477e-10
147.07385663599788,-11.780696349071073,27.591692345225542,-1.1054167163154403,-1.7439456295775704,3.1422934621831616e-10
147.08041335321627,-11.772987278492764,27.590153131510792,-1.105950899898123,-1.7441098235199377,3.130335972858743e-10
147.0869699531755,-11.765278234911534,27.588616161653057,-1.1064853788400264,-1.7442739352076482,3.1173679914787396e-10
147.09352643567237,-11.757569218106191,27.587081437659567,-1.1070201532860104,-1.7444379646214854,3.1055789174969185e-10
147.10008280050374,-11.749860227855605,27.58554896153756,-1.10755522338092,-1.744601911742217,3.0932845974873047e-10
147.10663904746644,-11.742151263938668,27.584018735294272,-1.108090589269589,-1.7447657765505926,3.080653446792496e-10
147.1131951763573,-11.734442326134362,27.582490760936928,-1.1086262510968399,-1.7449295590273441,3.068780165139376e-10
147.11975118697316,-11.726733414221664,27.580965040472776,-1.109162209007481,-1.745093259153184,3.0558121837593726e-10
147.12630707911077,-11.71902452797962,27.579441575909055,-1.1096984631463103,-1.7452568769088073,3.043602071421058e-10
147.13286285256706,-11.711315667187323,27.577920369252976,-1.1102350136581123,-1.7454204122748924,3.030465674698457e-10
147.1394185071387,-11.7036068316239,27.5764014225118,-1.1107718606876613,-1.7455838652320976,3.0174976933184535e-10
147.14597404262256,-11.695898021068535,27.57488473769275,-1.111309004379716,-1.7457472357610646,3.004782334952346e-10
147.15252945881542,-11.688189235300438,27.57337031680305,-1.1118464448790273,-1.745910523842417,2.9913091075445505e-10
147.15908475551404,-11.680480474098877,27.571858161849946,-1.1123841823303307,-1.74607372945676,2.978593749178443e-10
