galstreams/tracks/track.st.Hyllus.grillmair2014.ecsv
# %ECSV 0.9
# ---
# datatype:
# - {name: ra, unit: deg, datatype: float64}
# - {name: dec, unit: deg, datatype: float64}
# - {name: distance, unit: kpc, datatype: float64}
# - {name: pm_ra_cosdec, unit: mas / yr, datatype: float64}
# - {name: pm_dec, unit: mas / yr, datatype: float64}
# - {name: radial_velocity, unit: km / s, datatype: float64}
# delimiter: ','
# meta: !!omap
# - __serialized_columns__:
#     dec:
#       __class__: astropy.coordinates.angles.Latitude
#       unit: &id001 !astropy.units.Unit {unit: deg}
#       value: !astropy.table.SerializedColumn {name: dec}
#     distance:
#       __class__: astropy.coordinates.distances.Distance
#       unit: !astropy.units.Unit {unit: kpc}
#       value: !astropy.table.SerializedColumn {name: distance}
#     pm_dec:
#       __class__: astropy.units.quantity.Quantity
#       unit: !astropy.units.Unit {unit: mas / yr}
#       value: !astropy.table.SerializedColumn {name: pm_dec}
#     pm_ra_cosdec:
#       __class__: astropy.units.quantity.Quantity
#       unit: !astropy.units.Unit {unit: mas / yr}
#       value: !astropy.table.SerializedColumn {name: pm_ra_cosdec}
#     ra:
#       __class__: astropy.coordinates.angles.Longitude
#       unit: *id001
#       value: !astropy.table.SerializedColumn {name: ra}
#       wrap_angle: !astropy.coordinates.Angle
#         unit: *id001
#         value: 360.0
#     radial_velocity:
#       __class__: astropy.units.quantity.Quantity
#       unit: !astropy.units.Unit {unit: km / s}
#       value: !astropy.table.SerializedColumn {name: radial_velocity}
# schema: astropy-2.0
ra,dec,distance,pm_ra_cosdec,pm_dec,radial_velocity
[from data line 1884]
246.047178997121,29.681473224489167,19.345134372380976,0.0,0.0,0.0
246.04845136552962,29.691620580218117,19.343149454856185,0.0,0.0,0.0
246.04972703144097,29.701768153126796,19.3411644900562,0.0,0.0,0.0
246.05100599562525,29.71191594305248,19.339179477982103,0.0,0.0,0.0
246.0522882588538,29.72206394983206,19.33719441863492,0.0,0.0,0.0
246.05357382189896,29.73221217330197,19.335209312015724,0.0,0.0,0.0
246.05486268553392,29.742360613298327,19.333224158125557,0.0,0.0,0.0
246.05615485053286,29.752509269656862,19.331238956965475,0.0,0.0,0.0
246.05745031767106,29.7626581422129,19.32925370853653,0.0,0.0,0.0
246.05874908772455,29.772807230801362,19.327268412839768,0.0,0.0,0.0
246.06005116147048,29.782956535256822,19.325283069876253,0.0,0.0,0.0
246.06135653968698,29.79310605541344,19.323297679647034,0.0,0.0,0.0
246.0626652231531,29.803255791104995,19.32131224215316,0.0,0.0,0.0
246.0639772126488,29.813405742164893,19.319326757395675,0.0,0.0,0.0
246.06529250895522,29.823555908426115,19.317341225375646,0.0,0.0,0.0
246.0666111128542,29.8337062897213,19.31535564609412,0.0,0.0,0.0
246.06793302512878,29.843856885882655,19.31337001955215,0.0,0.0,0.0
246.0692582465629,29.854007696742034,19.311384345750785,0.0,0.0,0.0
246.07058677794132,29.864158722130867,19.309398624691077,0.0,0.0,0.0
246.07191862005013,29.874309961880225,19.307412856374075,0.0,0.0,0.0
246.07325377367602,29.88446141582077,19.305427040800843,0.0,0.0,0.0
246.07459223960686,29.89461308378277,19.303441177972424,0.0,0.0,0.0
246.0759340186315,29.904764965596122,19.301455267889878,0.0,0.0,0.0
246.07727911153972,29.914917061090307,19.29946931055425,0.0,0.0,0.0
246.07862751912225,29.925069370094434,19.297483305966598,0.0,0.0,0.0
246.07997924217094,29.935221892437212,19.295497254127966,0.0,0.0,0.0
246.08133428147843,29.945374627946926,19.293511155039415,0.0,0.0,0.0
246.0826926378384,29.95552757645154,19.29152500870199,0.0,0.0,0.0
246.08405431204565,29.965680737778555,19.289538815116742,0.0,0.0,0.0
246.08541930489574,29.975834111755105,19.28755257428474,0.0,0.0,0.0
246.08678761718542,29.985987698207943,19.285566286207015,0.0,0.0,0.0
246.0881592497123,29.9961414969634,19.28357995088463,0.0,0.0,0.0
246.089534203275,30.00629550784742,19.281593568318637,0.0,0.0,0.0
246.09091247867312,30.016449730685576,19.279607138510087,0.0,0.0,0.0
246.0922940767073,30.026604165302995,19.277620661460038,0.0,0.0,0.0
246.09367899817912,30.036758811524475,19.27563413716953,0.0,0.0,0.0
246.09506724389107,30.046913669174344,19.273647565639624,0.0,0.0,0.0
246.09645881464678,30.057068738076577,19.271660946871375,0.0,0.0,0.0
246.0978537112508,30.06722401805476,19.26967428086582,0.0,0.0,0.0
246.09925193450863,30.07737950893204,19.26768756762403,0.0,0.0,0.0
246.10065348522681,30.087535210531204,19.265700807147045,0.0,0.0,0.0
246.1020583642129,30.097691122674615,19.263713999435925,0.0,0.0,0.0
246.1034665722753,30.107847245184256,19.261727144491715,0.0,0.0,0.0
246.10487811022358,30.118003577881687,19.259740242315473,0.0,0.0,0.0
246.10629297886823,30.12816012058809,19.25775329290825,0.0,0.0,0.0
246.10771117902075,30.13831687312424,19.255766296271094,0.0,0.0,0.0
246.10913271149352,30.148473835310508,19.25377925240506,0.0,0.0,0.0
246.11055757710014,30.158631006966864,19.251792161311204,0.0,0.0,0.0
246.11198577665496,30.168788387912876,19.249805022990575,0.0,0.0,0.0
246.11341731097352,30.17894597796771,19.247817837444227,0.0,0.0,0.0
246.11485218087225,30.189103776950134,19.24583060467321,0.0,0.0,0.0
246.11629038716856,30.19926178467851,19.243843324678572,0.0,0.0,0.0
246.11773193068095,30.20942000097081,19.241855997461375,0.0,0.0,0.0
246.1191768122289,30.21957842564455,19.239868623022666,0.0,0.0,0.0
246.12062503263274,30.229737058516932,19.237881201363496,0.0,0.0,0.0
246.1220765927141,30.239895899404665,19.23589373248492,0.0,0.0,0.0
246.12353149329522,30.2500549481241,19.233906216387997,0.0,0.0,0.0
246.12498973519968,30.260214204491188,19.231918653073762,0.0,0.0,0.0
246.1264513192519,30.270373668321444,19.22993104254328,0.0,0.0,0.0
246.1279162462773,30.28053333943001,19.2279433847976,0.0,0.0,0.0
246.12938451710232,30.29069321763159,19.225955679837774,0.0,0.0,0.0
246.1308561325545,30.300853302740492,19.22396792766485,0.0,0.0,0.0
246.13233109346226,30.311013594570635,19.221980128279892,0.0,0.0,0.0
246.13380940065503,30.321174092935497,19.21999228168395,0.0,0.0,0.0
246.13529105496323,30.331334797648204,19.21800438787806,0.0,0.0,0.0
246.13677605721853,30.341495708521393,19.2160164468633,0.0,0.0,0.0
246.13826440825315,30.35165682536736,19.214028458640698,0.0,0.0,0.0
246.13975610890083,30.361818147997965,19.212040423211317,0.0,0.0,0.0
246.14125115999593,30.371979676224658,19.21005234057621,0.0,0.0,0.0
246.14274956237392,30.382141409858487,19.208064210736428,0.0,0.0,0.0
246.14425131687145,30.392303348710076,19.20607603369302,0.0,0.0,0.0
246.14575642432592,30.402465492589666,19.204087809447042,0.0,0.0,0.0
246.1472648855759,30.41262784130704,19.202099537999548,0.0,0.0,0.0
246.148776701461,30.422790394671612,19.200111219351587,0.0,0.0,0.0
246.15029187282173,30.432953152492363,19.19812285350422,0.0,0.0,0.0
246.1518104004996,30.443116114577887,19.196134440458483,0.0,0.0,0.0
246.15333228533729,30.453279280736325,19.194145980215435,0.0,0.0,0.0
246.15485752817833,30.463442650775427,19.192157472776138,0.0,0.0,0.0
246.15638612986734,30.47360622450254,19.190168918141634,0.0,0.0,0.0
246.15791809125002,30.483770001724576,19.188180316312973,0.0,0.0,0.0
246.159453413173,30.49393398224805,19.18619166729121,0.0,0.0,0.0
246.1609920964838,30.504098165879036,19.18420297107741,0.0,0.0,0.0
246.1625341420312,30.514262552423226,19.18221422767261,0.0,0.0,0.0
246.16407955066498,30.524427141685884,19.180225437077866,0.0,0.0,0.0
246.16562832323567,30.534591933471848,19.17823659929423,0.0,0.0,0.0
246.16718046059515,30.54475692758554,19.176247714322756,0.0,0.0,0.0
246.16873596359613,30.554922123830977,19.174258782164497,0.0,0.0,0.0
246.1702948330923,30.565087522011762,19.172269802820505,0.0,0.0,0.0
246.17185706993857,30.575253121931055,19.17028077629183,0.0,0.0,0.0
246.1734226749907,30.585418923391643,19.168291702579516,0.0,0.0,0.0
246.17499164910552,30.595584926195837,19.166302581684633,0.0,0.0,0.0
246.17656399314095,30.60575113014557,19.16431341360823,0.0,0.0,0.0
246.1781397079558,30.615917535042346,19.162324198351346,0.0,0.0,0.0
246.17971879441006,30.62608414068724,19.160334935915046,0.0,0.0,0.0
246.18130125336455,30.63625094688092,19.158345626300374,0.0,0.0,0.0
246.1828870856813,30.646417953423626,19.156356269508397,0.0,0.0,0.0
246.1844762922233,30.656585160115196,19.154366865540144,0.0,0.0,0.0
246.18606887385462,30.666752566754997,19.152377414396685,0.0,0.0,0.0
246.18766483144017,30.676920173142026,19.150387916079065,0.0,0.0,0.0
246.1892641658461,30.68708797907485,19.14839837058834,0.0,0.0,0.0
246.19086687793958,30.69725598435159,19.146408777925558,0.0,0.0,0.0
246.19247296858856,30.707424188769956,19.144419138091774,0.0,0.0,0.0
246.19408243866238,30.71759259212723,19.14242945108804,0.0,0.0,0.0
246.19569528903116,30.72776119422029,19.14043971691541,0.0,0.0,0.0
246.19731152056605,30.737929994845565,19.138449935574933,0.0,0.0,0.0
246.19893113413943,30.748098993799076,19.136460107067663,0.0,0.0,0.0
246.2005541306245,30.7582681908764,19.13447023139465,0.0,0.0,0.0
246.2021805108957,30.768437585872725,19.132480308556953,0.0,0.0,0.0
246.20381027582823,30.778607178582778,19.13049033855562,0.0,0.0,0.0
246.2054434262986,30.788776968800867,19.128500321391698,0.0,0.0,0.0
246.20707996318419,30.798946956320883,19.126510257066247,0.0,0.0,0.0
246.20871988736346,30.80911714093628,19.12452014558032,0.0,0.0,0.0
246.21036319971597,30.819287522440096,19.122529986934957,0.0,0.0,0.0
246.21200990112226,30.829458100624944,19.120539781131225,0.0,0.0,0.0
246.2136599924638,30.839628875282983,19.118549528170167,0.0,0.0,0.0
246.21531347462334,30.849799846205972,19.116559228052836,0.0,0.0,0.0
246.2169703484845,30.859971013185213,19.114568880780297,0.0,0.0,0.0
246.21863061493198,30.87014237601162,19.112578486353584,0.0,0.0,0.0
246.22029427485148,30.880313934475637,19.11058804477376,0.0,0.0,0.0
246.22196132912984,30.890485688367292,19.108597556041875,0.0,0.0,0.0
246.2236317786549,30.900657637476183,19.10660702015898,0.0,0.0,0.0
246.22530562431544,30.91082978159149,19.10461643712613,0.0,0.0,0.0
246.2269828670015,30.921002120501928,19.102625806944374,0.0,0.0,0.0
246.22866350760393,30.931174653995807,19.100635129614766,0.0,0.0,0.0
246.23034754701487,30.941347381861025,19.098644405138355,0.0,0.0,0.0
246.23203498612722,30.95152030388499,19.0966536335162,0.0,0.0,0.0
246.2337258258352,30.96169341985471,19.09466281474935,0.0,0.0,0.0
246.23542006703389,30.971866729556766,19.09267194883885,0.0,0.0,0.0
246.23711771061951,30.982040232777297,19.090681035785767,0.0,0.0,0.0
246.23881875748927,30.992213929302,19.088690075591142,0.0,0.0,0.0
246.24052320854156,31.00238781891616,19.086699068256035,0.0,0.0,0.0
246.24223106467562,31.01256190140458,19.084708013781487,0.0,0.0,0.0
246.24394232679188,31.02273617655169,19.08271691216856,0.0,0.0,0.0
246.24565699579185,31.032910644141438,19.080725763418304,0.0,0.0,0.0
246.247375072578,31.043085303957348,19.078734567531768,0.0,0.0,0.0
246.2490965580538,31.053260155782525,19.076743324510012,0.0,0.0,0.0
246.25082145312396,31.063435199399592,19.07475203435408,0.0,0.0,0.0
246.25254975869413,31.073610434590783,19.072760697065025,0.0,0.0,0.0
246.25428147567098,31.08378586113787,19.070769312643908,0.0,0.0,0.0
246.25601660496233,31.093961478822198,19.068777881091773,0.0,0.0,0.0
246.25775514747704,31.104137287424656,19.06678640240967,0.0,0.0,0.0
246.25949710412488,31.11431328672571,19.06479487659866,0.0,0.0,0.0
246.2612424758169,31.12448947650537,19.06280330365979,0.0,0.0,0.0
246.2629912634651,31.13466585654323,19.06081168359411,0.0,0.0,0.0
246.26474346798256,31.14484242661841,19.058820016402684,0.0,0.0,0.0
246.2664990902833,31.15501918650963,19.05682830208655,0.0,0.0,0.0
246.26825813128258,31.16519613599513,19.054836540646768,0.0,0.0,0.0
246.27002059189667,31.175373274852735,19.052844732084385,0.0,0.0,0.0
246.27178647304288,31.185550602859813,19.05085287640046,0.0,0.0,0.0
246.27355577563952,31.195728119793287,19.04886097359604,0.0,0.0,0.0
246.27532850060612,31.205905825429653,19.046869023672176,0.0,0.0,0.0
246.2771046488631,31.216083719544958,19.04487702662993,0.0,0.0,0.0
246.27888422133208,31.226261801914802,19.042884982470344,0.0,0.0,0.0
246.28066721893566,31.236440072314323,19.040892891194478,0.0,0.0,0.0
246.28245364259755,31.246618530518248,19.03890075280337,0.0,0.0,0.0
246.2842434932425,31.256797176300847,19.036908567298088,0.0,0.0,0.0
246.28603677179646,31.266976009435925,19.034916334679682,0.0,0.0,0.0
246.28783347918613,31.277155029696857,19.032924054949195,0.0,0.0,0.0
246.28963361633964,31.287334236856573,19.030931728107692,0.0,0.0,0.0
246.29143718418604,31.29751363068757,19.028939354156215,0.0,0.0,0.0
246.2932441836553,31.30769321096185,19.02694693309582,0.0,0.0,0.0
246.29505461567874,31.317872977451035,19.024954464927564,0.0,0.0,0.0
246.2968684811886,31.328052929926233,19.022961949652483,0.0,0.0,0.0
246.29868578111808,31.338233068158157,19.020969387271645,0.0,0.0,0.0
246.30050651640178,31.34841339191703,19.0189767777861,0.0,0.0,0.0
246.3023306879751,31.358593900972643,19.016984121196902,0.0,0.0,0.0
246.30415829677452,31.36877459509435,19.014991417505097,0.0,0.0,0.0
246.30598934373774,31.378955474051043,19.012998666711734,0.0,0.0,0.0
246.30782382980354,31.389136537611144,19.011005868817882,0.0,0.0,0.0
246.30966175591155,31.39931778554266,19.009013023824572,0.0,0.0,0.0
246.3115031230027,31.409499217613114,19.00702013173287,0.0,0.0,0.0
246.31334793201893,31.41968083358961,19.005027192543828,0.0,0.0,0.0
246.31519618390325,31.429862633238773,19.00303420625849,0.0,0.0,0.0
246.3170478795998,31.44004461632679,19.001041172877915,0.0,0.0,0.0
246.31890302005374,31.45022678261939,18.999048092403157,0.0,0.0,0.0
246.32076160621125,31.460409131881836,18.99705496483526,0.0,0.0,0.0
246.3226236390198,31.470591663878956,18.995061790175285,0.0,0.0,0.0
246.3244891194278,31.480774378375123,18.993068568424277,0.0,0.0,0.0
246.32635804838463,31.49095727513424,18.991075299583297,0.0,0.0,0.0
246.32823042684103,31.501140353919762,18.989081983653385,0.0,0.0,0.0
246.3301062557486,31.5113236144947,18.987088620635607,0.0,0.0,0.0
246.33198553606013,31.521507056621594,18.985095210531004,0.0,0.0,0.0
246.3338682687295,31.531690680062532,18.983101753340637,0.0,0.0,0.0
246.33575445471158,31.541874484579143,18.981108249065546,0.0,0.0,0.0
246.3376440949625,31.552058469932607,18.9791146977068,0.0,0.0,0.0
246.33953719043922,31.562242635883628,18.97712109926544,0.0,0.0,0.0
246.3414337421001,31.572426982192482,18.975127453742523,0.0,0.0,0.0
246.34333375090435,31.582611508618964,18.973133761139096,0.0,0.0,0.0
246.34523721781238,31.5927962149224,18.97114002145622,0.0,0.0,0.0
246.34714414378564,31.602981100861697,18.969146234694932,0.0,0.0,0.0
246.34905452978674,31.613166166195242,18.967152400856303,0.0,0.0,0.0
246.35096837677935,31.623351410681025,18.965158519941365,0.0,0.0,0.0
246.35288568572818,31.63353683407654,18.96316459195119,0.0,0.0,0.0
246.3548064575991,31.643722436138823,18.96117061688682,0.0,0.0,0.0
246.35673069335908,31.653908216624455,18.959176594749312,0.0,0.0,0.0
246.3586583939761,31.664094175289534,18.957182525539714,0.0,0.0,0.0
246.36058956041933,31.67428031188974,18.95518840925908,0.0,0.0,0.0
246.36252419365908,31.684466626180246,18.95319424590846,0.0,0.0,0.0
246.36446229466657,31.69465311791579,18.951200035488906,0.0,0.0,0.0
246.36640386441425,31.70483978685062,18.949205778001478,0.0,0.0,0.0
246.36834890387576,31.71502663273855,18.94721147344722,0.0,0.0,0.0
246.3702974140256,31.72521365533292,18.945217121827188,0.0,0.0,0.0
246.37224939583953,31.735400854386565,18.943222723142433,0.0,0.0,0.0
246.37420485029446,31.74558822965192,18.941228277394007,0.0,0.0,0.0
246.37616377836827,31.755775780880924,18.939233784582964,0.0,0.0,0.0
246.37812618103993,31.765963507825024,18.937239244710355,0.0,0.0,0.0
246.38009205928975,31.77615141023526,18.935244657777233,0.0,0.0,0.0
246.38206141409884,31.786339487862158,18.933250023784645,0.0,0.0,0.0
246.38403424644966,31.796527740455765,18.93125534273365,0.0,0.0,0.0
246.38601055732553,31.806716167765707,18.929260614625296,0.0,0.0,0.0
246.38799034771114,31.81690476954111,18.92726583946065,0.0,0.0,0.0
246.38997361859214,31.827093545530644,18.92527101724074,0.0,0.0,0.0
246.39196037095527,31.837282495482516,18.923276147966632,0.0,0.0,0.0
246.3939506057885,31.847471619144418,18.921281231639373,0.0,0.0,0.0
246.3959443240807,31.857660916263644,18.919286268260024,0.0,0.0,0.0
246.39794152682205,31.867850386586962,18.917291257829632,0.0,0.0,0.0
246.39994221500385,31.87804002986068,18.915296200349246,0.0,0.0,0.0
246.40194638961836,31.888229845830665,18.913301095819918,0.0,0.0,0.0
246.40395405165899,31.898419834242258,18.911305944242713,0.0,0.0,0.0
246.40596520212037,31.908609994840376,18.90931074561867,0.0,0.0,0.0
246.40797984199818,31.918800327369443,18.907315499948847,0.0,0.0,0.0
246.40999797228915,31.92899083157341,18.905320207234286,0.0,0.0,0.0
246.41201959399123,31.939181507195755,18.90332486747606,0.0,0.0,0.0
246.41404470810343,31.949372353979484,18.9013294806752,0.0,0.0,0.0
246.41607331562588,31.959563371667134,18.899334046832774,0.0,0.0,0.0
246.41810541755987,31.969754560000755,18.89733856594982,0.0,0.0,0.0
246.4201410149077,31.979945918721942,18.8953430380274,0.0,0.0,0.0
246.42218010867296,31.990137447571765,18.89334746306657,0.0,0.0,0.0
246.4242226998602,32.000329146290895,18.89135184106837,0.0,0.0,0.0
246.42626878947513,32.01052101461945,18.88935617203386,0.0,0.0,0.0
246.4283183785247,32.02071305229712,18.887360455964092,0.0,0.0,0.0
246.43037146801686,32.03090525906311,18.88536469286012,0.0,0.0,0.0
246.43242805896068,32.041097634656126,18.883368882722987,0.0,0.0,0.0
246.4344881523664,32.05129017881442,18.88137302555376,0.0,0.0,0.0
