galstreams/tracks/track.st.Hyllus.grillmair2014.ecsv
# %ECSV 0.9
# ---
# datatype:
# - {name: ra, unit: deg, datatype: float64}
# - {name: dec, unit: deg, datatype: float64}
# - {name: distance, unit: kpc, datatype: float64}
# - {name: pm_ra_cosdec, unit: mas / yr, datatype: float64}
# - {name: pm_dec, unit: mas / yr, datatype: float64}
# - {name: radial_velocity, unit: km / s, datatype: float64}
# delimiter: ','
# meta: !!omap
# - __serialized_columns__:
#     dec:
#       __class__: astropy.coordinates.angles.Latitude
#       unit: &id001 !astropy.units.Unit {unit: deg}
#       value: !astropy.table.SerializedColumn {name: dec}
#     distance:
#       __class__: astropy.coordinates.distances.Distance
#       unit: !astropy.units.Unit {unit: kpc}
#       value: !astropy.table.SerializedColumn {name: distance}
#     pm_dec:
#       __class__: astropy.units.quantity.Quantity
#       unit: !astropy.units.Unit {unit: mas / yr}
#       value: !astropy.table.SerializedColumn {name: pm_dec}
#     pm_ra_cosdec:
#       __class__: astropy.units.quantity.Quantity
#       unit: !astropy.units.Unit {unit: mas / yr}
#       value: !astropy.table.SerializedColumn {name: pm_ra_cosdec}
#     ra:
#       __class__: astropy.coordinates.angles.Longitude
#       unit: *id001
#       value: !astropy.table.SerializedColumn {name: ra}
#       wrap_angle: !astropy.coordinates.Angle
#         unit: *id001
#         value: 360.0
#     radial_velocity:
#       __class__: astropy.units.quantity.Quantity
#       unit: !astropy.units.Unit {unit: km / s}
#       value: !astropy.table.SerializedColumn {name: radial_velocity}
# schema: astropy-2.0
ra,dec,distance,pm_ra_cosdec,pm_dec,radial_velocity
[from data line 1413]
245.80282111323524,24.928337947847982,20.274757165235915,0.0,0.0,0.0
245.80261025436516,24.938370877992238,20.27279463128611,0.0,0.0,0.0
245.80240242760738,24.948404065780878,20.270832049565517,0.0,0.0,0.0
245.80219763333835,24.958437511191185,20.268869420075177,0.0,0.0,0.0
245.80199587193522,24.968471214200235,20.26690674281614,0.0,0.0,0.0
245.801797143776,24.978505174784896,20.264944017789457,0.0,0.0,0.0
245.80160144923923,24.988539392921794,20.262981244996197,0.0,0.0,0.0
245.80140878870424,24.998573868587368,20.261018424437395,0.0,0.0,0.0
245.80121916255112,25.008608601757825,20.25905555611411,0.0,0.0,0.0
245.80103257116065,25.01864359240917,20.25709264002739,0.0,0.0,0.0
245.8008490149144,25.028678840517188,20.255129676178292,0.0,0.0,0.0
245.8006684941946,25.03871434605742,20.25316666456787,0.0,0.0,0.0
245.80049100938422,25.048750109005244,20.251203605197166,0.0,0.0,0.0
245.80031656086695,25.05878612933577,20.24924049806724,0.0,0.0,0.0
245.80014514902732,25.068822407023912,20.247277343179146,0.0,0.0,0.0
245.7999767742504,25.078858942044377,20.24531414053394,0.0,0.0,0.0
245.79981143692208,25.088895734371643,20.243350890132653,0.0,0.0,0.0
245.79964913742896,25.09893278397997,20.241387591976356,0.0,0.0,0.0
245.7994898761585,25.10897009084339,20.239424246066104,0.0,0.0,0.0
245.79933365349865,25.119007654935725,20.23746085240294,0.0,0.0,0.0
245.7991804698383,25.12904547623058,20.235497410987918,0.0,0.0,0.0
245.79903032556697,25.13908355470134,20.233533921822097,0.0,0.0,0.0
245.798883221075,25.149121890321165,20.231570384906515,0.0,0.0,0.0
245.79873915675321,25.159160483063,20.22960680024223,0.0,0.0,0.0
245.79859813299353,25.169199332899556,20.22764316783031,0.0,0.0,0.0
245.79846015018833,25.179238439803335,20.225679487671783,0.0,0.0,0.0
245.79832520873083,25.189277803746634,20.223715759767718,0.0,0.0,0.0
245.798193309015,25.199317424701473,20.221751984119162,0.0,0.0,0.0
245.79806445143538,25.20935730263973,20.219788160727163,0.0,0.0,0.0
245.79793863638753,25.219397437532965,20.21782428959278,0.0,0.0,0.0
245.7978158642675,25.229437829352623,20.21586037071706,0.0,0.0,0.0
245.79769613547222,25.239478478069817,20.213896404101064,0.0,0.0,0.0
245.79757945039927,25.24951938365552,20.211932389745837,0.0,0.0,0.0
245.7974658094469,25.25956054608044,20.209968327652433,0.0,0.0,0.0
245.79735521301436,25.26960196531508,20.208004217821895,0.0,0.0,0.0
245.79724766150133,25.27964364132968,20.20604006025529,0.0,0.0,0.0
245.79714315530842,25.289685574094314,20.204075854953665,0.0,0.0,0.0
245.79704169483696,25.299727763578787,20.202111601918077,0.0,0.0,0.0
245.79694328048888,25.309770209752696,20.200147301149563,0.0,0.0,0.0
245.79684791266698,25.319812912585405,20.198182952649187,0.0,0.0,0.0
245.79675559177483,25.329855872046046,20.196218556418,0.0,0.0,0.0
245.7966663182166,25.339899088103543,20.194254112457052,0.0,0.0,0.0
245.7965800923973,25.349942560726575,20.1922896207674,0.0,0.0,0.0
245.79649691472267,25.359986289883604,20.190325081350096,0.0,0.0,0.0
245.79641678559915,25.370030275542867,20.188360494206187,0.0,0.0,0.0
245.79633970543398,25.380074517672348,20.186395859336724,0.0,0.0,0.0
245.79626567463507,25.390119016239847,20.184431176742766,0.0,0.0,0.0
245.79619469361114,25.400163771212892,20.18246644642536,0.0,0.0,0.0
245.7961267627716,25.410208782558794,20.180501668385563,0.0,0.0,0.0
245.79606188252657,25.420254050244647,20.178536842624432,0.0,0.0,0.0
245.79600005328712,25.430299574237313,20.176571969143,0.0,0.0,0.0
245.7959412754647,25.440345354503425,20.174607047942335,0.0,0.0,0.0
245.79588554947193,25.450391391009354,20.17264207902349,0.0,0.0,0.0
245.7958328757218,25.460437683721285,20.170677062387508,0.0,0.0,0.0
245.7957832546283,25.47048423260514,20.168711998035448,0.0,0.0,0.0
245.795736686606,25.480531037626633,20.16674688596836,0.0,0.0,0.0
245.79569317207032,25.49057809875123,20.164781726187293,0.0,0.0,0.0
245.79565271143738,25.50062541594416,20.16281651869331,0.0,0.0,0.0
245.79561530512407,25.510672989170434,20.160851263487462,0.0,0.0,0.0
245.795580953548,25.52072081839484,20.15888596057078,0.0,0.0,0.0
245.79554965712754,25.53076890358189,20.15692060994434,0.0,0.0,0.0
245.79552141628184,25.540817244695905,20.15495521160918,0.0,0.0,0.0
245.79549623143072,25.55086584170094,20.152989765566367,0.0,0.0,0.0
245.7954741029948,25.560914694560857,20.151024271816944,0.0,0.0,0.0
245.79545503139548,25.570963803239252,20.149058730361958,0.0,0.0,0.0
245.79543901705483,25.58101316769947,20.147093141202472,0.0,0.0,0.0
245.79542606039573,25.59106278790467,20.14512750433953,0.0,0.0,0.0
245.79541616184187,25.601112663817723,20.14316181977419,0.0,0.0,0.0
245.7954093218175,25.61116279540131,20.141196087507506,0.0,0.0,0.0
245.79540554074774,25.621213182617836,20.139230307540515,0.0,0.0,0.0
245.79540481905855,25.631263825429507,20.13726447987429,0.0,0.0,0.0
245.7954071571765,25.64131472379826,20.13529860450987,0.0,0.0,0.0
245.79541255552897,25.651365877685794,20.13333268144831,0.0,0.0,0.0
245.79542101454405,25.661417287053613,20.131366710690664,0.0,0.0,0.0
245.79543253465067,25.671468951862916,20.12940069223799,0.0,0.0,0.0
245.79544711627844,25.681520872074742,20.12743462609133,0.0,0.0,0.0
245.79546475985774,25.69157304764981,20.125468512251743,0.0,0.0,0.0
245.79548546581972,25.701625478548664,20.123502350720265,0.0,0.0,0.0
245.7955092345963,25.71167816473157,20.12153614149798,0.0,0.0,0.0
245.7955360666201,25.721731106158575,20.11956988458591,0.0,0.0,0.0
245.79556596232453,25.731784302789467,20.117603579985126,0.0,0.0,0.0
245.7955989221438,25.74183775458382,20.115637227696674,0.0,0.0,0.0
245.7956349465128,25.75189146150094,20.113670827721595,0.0,0.0,0.0
245.79567403586717,25.761945423499903,20.11170438006096,0.0,0.0,0.0
245.7957161906434,25.771999640539544,20.10973788471581,0.0,0.0,0.0
245.79576141127868,25.782054112578457,20.107771341687208,0.0,0.0,0.0
245.79580969821092,25.79210883957499,20.105804750976198,0.0,0.0,0.0
245.79586105187894,25.80216382148726,20.10383811258383,0.0,0.0,0.0
245.7959154727221,25.81221905827311,20.101871426511153,0.0,0.0,0.0
245.7959729611807,25.822274549890178,20.099904692759235,0.0,0.0,0.0
245.79603351769572,25.832330296295837,20.097937911329115,0.0,0.0,0.0
245.79609714270887,25.842386297447206,20.095971082221848,0.0,0.0,0.0
245.79616383666277,25.852442553301188,20.094004205438488,0.0,0.0,0.0
245.79623360000062,25.86249906381442,20.092037280980097,0.0,0.0,0.0
245.7963064331664,25.872555828943305,20.090070308847704,0.0,0.0,0.0
245.79638233660503,25.882612848643998,20.08810328904238,0.0,0.0,0.0
245.79646131076208,25.892670122872385,20.086136221565173,0.0,0.0,0.0
245.79654335608384,25.902727651584147,20.084169106417132,0.0,0.0,0.0
245.79662847301736,25.912785434734687,20.08220194359931,0.0,0.0,0.0
245.79671666201054,25.92284347227918,20.08023473311276,0.0,0.0,0.0
245.796807923512,25.93290176417254,20.07826747495854,0.0,0.0,0.0
245.79690225797117,25.942960310369433,20.076300169137696,0.0,0.0,0.0
245.79699966583811,25.953019110824304,20.07433281565127,0.0,0.0,0.0
245.7971001475639,25.963078165491297,20.07236541450034,0.0,0.0,0.0
245.79720370360005,25.973137474324364,20.07039796568593,0.0,0.0,0.0
245.79731033439913,25.983197037277172,20.068430469209122,0.0,0.0,0.0
245.79742004041427,25.993256854303155,20.066462925070944,0.0,0.0,0.0
245.79753282209958,26.003316925355477,20.064495333272458,0.0,0.0,0.0
245.79764867990977,26.013377250387084,20.06252769381471,0.0,0.0,0.0
245.79776761430034,26.023437829350645,20.060560006698765,0.0,0.0,0.0
245.79788962572763,26.03349866219859,20.05859227192566,0.0,0.0,0.0
245.79801471464867,26.043559748883084,20.05662448949646,0.0,0.0,0.0
245.79814288152127,26.05362108935607,20.054656659412217,0.0,0.0,0.0
245.79827412680416,26.063682683569212,20.05268878167397,0.0,0.0,0.0
245.79840845095666,26.07374453147394,20.050720856282776,0.0,0.0,0.0
245.79854585443886,26.083806633021403,20.048752883239704,0.0,0.0,0.0
245.79868633771173,26.093868988162523,20.046784862545785,0.0,0.0,0.0
245.79882990123699,26.103931596847964,20.044816794202077,0.0,0.0,0.0
245.79897654547713,26.113994459028138,20.04284867820964,0.0,0.0,0.0
245.79912627089536,26.124057574653204,20.04088051456952,0.0,0.0,0.0
245.79927907795565,26.134120943673043,20.038912303282768,0.0,0.0,0.0
245.7994349671229,26.144184566037314,20.036944044350438,0.0,0.0,0.0
245.7995939388626,26.15424844169541,20.034975737773586,0.0,0.0,0.0
245.79975599364116,26.164312570596454,20.033007383553258,0.0,0.0,0.0
245.79992113192563,26.17437695268934,20.03103898169051,0.0,0.0,0.0
245.8000893541839,26.184441587922688,20.029070532186395,0.0,0.0,0.0
245.80026066088476,26.194506476244843,20.027102035041963,0.0,0.0,0.0
245.8004350524975,26.204571617603957,20.025133490258266,0.0,0.0,0.0
245.8006125294925,26.214637011947836,20.02316489783636,0.0,0.0,0.0
245.80079309234065,26.224702659224114,20.021196257777294,0.0,0.0,0.0
245.80097674151378,26.23476855938011,20.019227570082116,0.0,0.0,0.0
245.80116347748452,26.244834712362902,20.017258834751892,0.0,0.0,0.0
245.80135330072608,26.25490111811932,20.015290051787662,0.0,0.0,0.0
245.80154621171272,26.264967776595924,20.01332122119048,0.0,0.0,0.0
245.80174221091923,26.275034687739023,20.0113523429614,0.0,0.0,0.0
245.80194129882136,26.28510185149464,20.009383417101475,0.0,0.0,0.0
245.80214347589555,26.295169267808575,20.007414443611758,0.0,0.0,0.0
245.80234874261907,26.305236936626347,20.0054454224933,0.0,0.0,0.0
245.80255709946994,26.31530485789323,20.00347635374715,0.0,0.0,0.0
245.80276854692698,26.32537303155421,20.001507237374362,0.0,0.0,0.0
245.8029830854698,26.335441457554026,19.999538073375998,0.0,0.0,0.0
245.80320071557875,26.345510135837177,19.9975688617531,0.0,0.0,0.0
245.80342143773504,26.355579066347858,19.99559960250672,0.0,0.0,0.0
245.80364525242058,26.365648249030045,19.993630295637907,0.0,0.0,0.0
245.80387216011815,26.375717683827407,19.991660941147725,0.0,0.0,0.0
245.8041021613112,26.38578737068339,19.989691539037217,0.0,0.0,0.0
245.80433525648414,26.39585730954114,19.98772208930744,0.0,0.0,0.0
245.80457144612197,26.405927500343576,19.985752591959447,0.0,0.0,0.0
245.8048107307106,26.41599794303334,19.98378304699428,0.0,0.0,0.0
245.8050531107367,26.42606863755279,19.981813454413007,0.0,0.0,0.0
245.80529858668777,26.436139583844046,19.979843814216668,0.0,0.0,0.0
245.805547159052,26.446210781848926,19.977874126406327,0.0,0.0,0.0
245.80579882831853,26.456282231509036,19.975904390983022,0.0,0.0,0.0
245.80605359497702,26.46635393276567,19.973934607947818,0.0,0.0,0.0
245.80631145951816,26.476425885559895,19.971964777301753,0.0,0.0,0.0
245.8065724224334,26.48649808983247,19.96999489904589,0.0,0.0,0.0
245.8068364842149,26.496570545523902,19.968024973181283,0.0,0.0,0.0
245.8071036453556,26.50664325257446,19.966054999708977,0.0,0.0,0.0
245.80737390634937,26.516716210924084,19.964084978630034,0.0,0.0,0.0
245.8076472676907,26.526789420512525,19.962114909945488,0.0,0.0,0.0
245.80792372987506,26.536862881279184,19.960144793656415,0.0,0.0,0.0
245.80820329339846,26.54693659316326,19.95817462976385,0.0,0.0,0.0
245.80848595875798,26.55701055610365,19.956204418268847,0.0,0.0,0.0
245.80877172645128,26.567084770038964,19.954234159172472,0.0,0.0,0.0
245.80906059697696,26.577159234907604,19.952263852475763,0.0,0.0,0.0
245.8093525708343,26.58723395064764,19.950293498179775,0.0,0.0,0.0
245.80964764852348,26.59730891719689,19.948323096285563,0.0,0.0,0.0
245.80994583054542,26.60738413449293,19.94635264679417,0.0,0.0,0.0
245.81024711740181,26.617459602473012,19.944382149706666,0.0,0.0,0.0
245.81055150959523,26.62753532107416,19.942411605024095,0.0,0.0,0.0
245.81085900762895,26.637611290233107,19.9404410127475,0.0,0.0,0.0
245.81116961200706,26.64768750988634,19.938470372877944,0.0,0.0,0.0
245.81148332323454,26.657763979970007,19.93649968541648,0.0,0.0,0.0
245.81180014181714,26.667840700420065,19.93452895036415,0.0,0.0,0.0
245.8121200682613,26.67791767117214,19.932558167722018,0.0,0.0,0.0
245.8124431030743,26.687994892161612,19.930587337491133,0.0,0.0,0.0
245.81276924676428,26.698072363323586,19.928616459672536,0.0,0.0,0.0
245.8130984998402,26.70815008459288,19.9266455342673,0.0,0.0,0.0
245.81343086281183,26.718228055904042,19.92467456127646,0.0,0.0,0.0
245.81376633618953,26.728306277191344,19.92270354070108,0.0,0.0,0.0
245.8141049204847,26.73838474838879,19.9207324725422,0.0,0.0,0.0
245.81444661620952,26.748463469430103,19.91876135680088,0.0,0.0,0.0
245.81479142387687,26.75854244024872,19.916790193478175,0.0,0.0,0.0
245.81513934400047,26.768621660777825,19.914818982575134,0.0,0.0,0.0
245.81549037709482,26.778701130950303,19.912847724092803,0.0,0.0,0.0
245.81584452367537,26.788780850698778,19.91087641803225,0.0,0.0,0.0
245.81620178425817,26.79886081995558,19.908905064394503,0.0,0.0,0.0
245.81656215936022,26.808941038652776,19.90693366318064,0.0,0.0,0.0
245.81692564949924,26.819021506722148,19.90496221439169,0.0,0.0,0.0
245.81729225519382,26.829102224095195,19.90299071802873,0.0,0.0,0.0
245.81766197696336,26.839183190703142,19.901019174092788,0.0,0.0,0.0
245.81803481532802,26.849264406476944,19.899047582584938,0.0,0.0,0.0
245.81841077080875,26.859345871347262,19.897075943506216,0.0,0.0,0.0
245.81878984392742,26.869427585244477,19.89510425685768,0.0,0.0,0.0
245.81917203520655,26.879509548098692,19.89313252264039,0.0,0.0,0.0
245.81955734516964,26.889591759839746,19.891160740855387,0.0,0.0,0.0
245.81994577434082,26.89967422039718,19.889188911503716,0.0,0.0,0.0
245.82033732324527,26.90975692970025,19.887217034586453,0.0,0.0,0.0
245.82073199240872,26.919839887677927,19.885245110104634,0.0,0.0,0.0
245.82112978235787,26.929923094258932,19.88327313805931,0.0,0.0,0.0
245.82153069362022,26.94000654937166,19.881301118451546,0.0,0.0,0.0
245.82193472672395,26.950090252944253,19.879329051282383,0.0,0.0,0.0
245.8223418821983,26.960174204904565,19.877356936552868,0.0,0.0,0.0
245.82275216057315,26.970258405180136,19.875384774264084,0.0,0.0,0.0
245.8231655623791,26.98034285369829,19.873412564417045,0.0,0.0,0.0
245.82358208814787,26.990427550385995,19.871440307012815,0.0,0.0,0.0
245.8240017384117,27.000512495169968,19.86946800205246,0.0,0.0,0.0
245.8244245137038,27.010597687976645,19.867495649537027,0.0,0.0,0.0
245.8248504145582,27.020683128732166,19.865523249467554,0.0,0.0,0.0
245.82527944150965,27.03076881736238,19.863550801845108,0.0,0.0,0.0
245.8257115950938,27.040854753792875,19.861578306670737,0.0,0.0,0.0
245.826146875847,27.05094093794891,19.859605763945495,0.0,0.0,0.0
245.82658528430667,27.061027369755497,19.857633173670425,0.0,0.0,0.0
245.82702682101075,27.071114049137346,19.855660535846592,0.0,0.0,0.0
245.82747148649824,27.081200976018877,19.853687850475044,0.0,0.0,0.0
245.8279192813088,27.09128815032423,19.851715117556832,0.0,0.0,0.0
245.82837020598294,27.10137557197725,19.84974233709301,0.0,0.0,0.0
245.82882426106212,27.111463240901497,19.847769509084618,0.0,0.0,0.0
245.8292814470884,27.121551157020225,19.84579663353273,0.0,0.0,0.0
245.82974176460482,27.131639320256426,19.843823710438382,0.0,0.0,0.0
245.83020521415528,27.14172773053279,19.841850739802634,0.0,0.0,0.0
245.83067179628435,27.15181638777172,19.839877721626532,0.0,0.0,0.0
245.8311415115375,27.161905291895312,19.83790465591114,0.0,0.0,0.0
245.831614360461,27.171994442825408,19.835931542657494,0.0,0.0,0.0
245.8320903436021,27.182083840483507,19.833958381866662,0.0,0.0,0.0
245.83256946150854,27.19217348479086,19.831985173539685,0.0,0.0,0.0
245.83305171472927,27.202263375668423,19.830011917677624,0.0,0.0,0.0
245.8335371038138,27.212353513036827,19.828038614281517,0.0,0.0,0.0
245.83402562931252,27.222443896816443,19.826065263352437,0.0,0.0,0.0
245.83451729177676,27.232534526927342,19.824091864891418,0.0,0.0,0.0
245.83501209175853,27.242625403289285,19.822118418899514,0.0,0.0,0.0
245.83551002981073,27.252716525821768,19.820144925377782,0.0,0.0,0.0
245.83601110648712,27.26280789444396,19.81817138432729,0.0,0.0,0.0
245.83651532234225,27.272899509074758,19.816197795749066,0.0,0.0,0.0
