galstreams/tracks/track.ep.Ravi.shipp2018.ecsv
# %ECSV 1.0
# ---
# datatype:
# - {name: ra, unit: deg, datatype: float64}
# - {name: dec, unit: deg, datatype: float64}
# - {name: distance, unit: kpc, datatype: float64}
# - {name: pm_ra_cosdec, unit: mas / yr, datatype: float64}
# - {name: pm_dec, unit: mas / yr, datatype: float64}
# - {name: radial_velocity, unit: km / s, datatype: float64}
# delimiter: ','
# meta: !!omap
# - __serialized_columns__:
#     dec:
#       __class__: astropy.coordinates.angles.Latitude
#       unit: &id001 !astropy.units.Unit {unit: deg}
#       value: !astropy.table.SerializedColumn {name: dec}
#     distance:
#       __class__: astropy.coordinates.distances.Distance
#       unit: !astropy.units.Unit {unit: kpc}
#       value: !astropy.table.SerializedColumn {name: distance}
#     pm_dec:
#       __class__: astropy.units.quantity.Quantity
#       unit: !astropy.units.Unit {unit: mas / yr}
#       value: !astropy.table.SerializedColumn {name: pm_dec}
#     pm_ra_cosdec:
#       __class__: astropy.units.quantity.Quantity
#       unit: !astropy.units.Unit {unit: mas / yr}
#       value: !astropy.table.SerializedColumn {name: pm_ra_cosdec}
#     ra:
#       __class__: astropy.coordinates.angles.Longitude
#       unit: *id001
#       value: !astropy.table.SerializedColumn {name: ra}
#       wrap_angle: !astropy.coordinates.Angle
#         unit: *id001
#         value: 360.0
#     radial_velocity:
#       __class__: astropy.units.quantity.Quantity
#       unit: !astropy.units.Unit {unit: km / s}
#       value: !astropy.table.SerializedColumn {name: radial_velocity}
# schema: astropy-2.0
ra,dec,distance,pm_ra_cosdec,pm_dec,radial_velocity
334.7999999438432,-44.10000001189681,22.9,0.2,-1.6,0.0
334.8328400498661,-44.17983011760406,22.9,0.2,-1.6,0.0
334.8657692002337,-44.25965079021076,22.900000000000002,0.2,-1.6,0.0
334.89878787531353,-44.33946197770418,22.9,0.2,-1.6,0.0
334.93189655860874,-44.4192636277208,22.9,0.2,-1.6,0.0
334.96509573678355,-44.49905568754328,22.900000000000002,0.2,-1.6,0.0
334.998385899689,-44.57883810409748,22.9,0.2,-1.6,0.0
335.0317675403895,-44.65861082394942,22.900000000000002,0.2,-1.6,0.0
335.0652411551888,-44.73837379330215,22.9,0.2,-1.6,0.0
335.09880724365667,-44.81812695799276,22.9,0.2,-1.6,0.0
335.1324663086558,-44.897870263488976,22.900000000000002,0.2,-1.6,0.0
335.1662188563691,-44.977603654886344,22.9,0.2,-1.6,0.0
335.20006539632675,-45.057327076904805,22.900000000000002,0.2,-1.6,0.0
335.2340064414341,-45.1370404738855,22.900000000000002,0.2,-1.6,0.0
335.2680425079993,-45.21674378978753,22.900000000000002,0.2,-1.6,0.0
335.30217411576194,-45.296436968184636,22.900000000000002,0.2,-1.6,0.0
335.33640178792075,-45.376119952261845,22.900000000000002,0.2,-1.6,0.0
335.37072605116316,-45.455792684812245,22.9,0.2,-1.6,0.0
335.40514743569344,-45.53545510823324,22.9,0.2,-1.6,0.0
335.4396664752626,-45.61510716452358,22.9,0.2,-1.6,0.0
335.4742837071977,-45.69474879527954,22.9,0.2,-1.6,0.0
335.50899967243134,-45.774379941691556,22.9,0.2,-1.6,0.0
335.5438149155323,-45.85400054454067,22.9,0.2,-1.6,0.0
335.5787299847359,-45.93361054419491,22.9,0.2,-1.6,0.0
335.61374543197394,-46.01320988060579,22.9,0.2,-1.6,0.0
335.6488618129066,-46.092798493304464,22.900000000000002,0.2,-1.6,0.0
335.6840796869533,-46.17237632139824,22.9,0.2,-1.6,0.0
335.7193996173241,-46.251943303566804,22.900000000000002,0.2,-1.6,0.0
335.75482217105196,-46.331499378058254,22.9,0.2,-1.6,0.0
335.7903479190248,-46.411044482685625,22.900000000000002,0.2,-1.6,0.0
335.8259774360178,-46.49057855482283,22.9,0.2,-1.6,0.0
335.86171130072665,-46.57010153140088,22.900000000000002,0.2,-1.6,0.0
335.89755009580006,-46.64961334890386,22.9,0.2,-1.6,0.0
335.9334944078738,-46.729113943365086,22.9,0.2,-1.6,0.0
335.96954482760435,-46.80860325036299,22.9,0.2,-1.6,0.0
336.0057019497027,-46.88808120501723,22.900000000000002,0.2,-1.6,0.0
336.0419663729691,-46.967547741984326,22.9,0.2,-1.6,0.0
336.07833870032783,-47.04700279545389,22.900000000000002,0.2,-1.6,0.0
336.11481953886215,-47.12644629914419,22.9,0.2,-1.6,0.0
336.15140949985,-47.20587818629805,22.9,0.2,-1.6,0.0
336.1881091987994,-47.285298389678566,22.9,0.2,-1.6,0.0
336.22491925548525,-47.364706841564775,22.9,0.2,-1.6,0.0
336.26184029398513,-47.44410347374735,22.9,0.2,-1.6,0.0
336.29887294271686,-47.52348821752418,22.900000000000002,0.2,-1.6,0.0
336.336017834475,-47.60286100369594,22.9,0.2,-1.6,0.0
336.3732756064693,-47.68222176256167,22.9,0.2,-1.6,0.0
336.4106469003618,-47.76157042391398,22.9,0.2,-1.6,0.0
336.4481323623059,-47.840906917034864,22.9,0.2,-1.6,0.0
336.4857326429847,-47.92023117069076,22.900000000000002,0.2,-1.6,0.0
336.5234483976502,-47.99954311312804,22.9,0.2,-1.6,0.0
336.5612802861628,-48.07884267206816,22.9,0.2,-1.6,0.0
336.59922897303113,-48.158129774702985,22.9,0.2,-1.6,0.0
336.6372951274525,-48.237404347689896,22.9,0.2,-1.6,0.0
336.6754794233534,-48.31666631714697,22.9,0.2,-1.6,0.0
336.7137825394306,-48.39591560864787,22.9,0.2,-1.6,0.0
336.7522051591928,-48.47515214721713,22.9,0.2,-1.6,0.0
336.7907479710024,-48.55437585732495,22.900000000000002,0.2,-1.6,0.0
336.8294116681179,-48.63358666288212,22.9,0.2,-1.6,0.0
336.8681969487367,-48.71278448723486,22.9,0.2,-1.6,0.0
336.90710451603786,-48.7919692531597,22.9,0.2,-1.6,0.0
336.9461350782264,-48.87114088285814,22.900000000000002,0.2,-1.6,0.0
336.9852893485769,-48.95029929795134,22.9,0.2,-1.6,0.0
337.02456804547785,-49.02944441947483,22.900000000000002,0.2,-1.6,0.0
337.0639718924771,-49.10857616787287,22.9,0.2,-1.6,0.0
337.1035016183268,-49.18769446299326,22.900000000000002,0.2,-1.6,0.0
337.1431579570293,-49.26679922408157,22.9,0.2,-1.6,0.0
337.18294164788364,-49.34589036977565,22.9,0.2,-1.6,0.0
337.2228534355322,-49.42496781809985,22.9,0.2,-1.6,0.0
337.26289407000803,-49.50403148645938,22.9,0.2,-1.6,0.0
337.3030643067822,-49.58308129163449,22.900000000000002,0.2,-1.6,0.0
337.3433649068125,-49.66211714977461,22.9,0.2,-1.6,0.0
337.3837966365918,-49.74113897639244,22.9,0.2,-1.6,0.0
337.4243602681974,-49.82014668635788,22.9,0.2,-1.6,0.0
337.46505657934057,-49.89914019389214,22.9,0.2,-1.6,0.0
337.5058863534166,-49.97811941256149,22.9,0.2,-1.6,0.0
337.5468503795561,-50.05708425527114,22.9,0.2,-1.6,0.0
337.5879494526753,-50.13603463425897,22.9,0.2,-1.6,0.0
337.6291843735285,-50.214970461089194,22.9,0.2,-1.6,0.0
337.67055594876,-50.29389164664599,22.900000000000002,0.2,-1.6,0.0
337.712064990957,-50.372798101127024,22.9,0.2,-1.6,0.0
337.75371231870264,-50.45168973403698,22.9,0.2,-1.6,0.0
337.79549875663037,-50.53056645418074,22.9,0.2,-1.6,0.0
337.8374251354777,-50.60942816965703,22.900000000000002,0.2,-1.6,0.0
337.87949229214195,-50.68827478785142,22.9,0.2,-1.6,0.0
337.92170106973515,-50.76710621542959,22.900000000000002,0.2,-1.6,0.0
337.9640523176404,-50.845922358330434,22.9,0.2,-1.6,0.0
338.00654689156835,-50.92472312175901,22.9,0.2,-1.6,0.0
338.04918565361487,-51.00350841017957,22.9,0.2,-1.6,0.0
338.09196947231857,-51.08227812730836,22.9,0.2,-1.6,0.0
338.13489922271924,-51.161032176106474,22.900000000000002,0.2,-1.6,0.0
338.177975786417,-51.23977045877234,22.9,0.2,-1.6,0.0
338.22120005163197,-51.31849287673467,22.900000000000002,0.2,-1.6,0.0
338.2645729132643,-51.39719933064477,22.9,0.2,-1.6,0.0
338.3080952729555,-51.47588972036903,22.900000000000002,0.2,-1.6,0.0
338.3517680391496,-51.55456394498133,22.9,0.2,-1.6,0.0
338.39559212715517,-51.63322190275531,22.899999999999995,0.2,-1.6,0.0
338.43956845920866,-51.71186349115651,22.900000000000002,0.2,-1.6,0.0
338.4836979645374,-51.79048860683453,22.9,0.2,-1.6,0.0
338.5279815794238,-51.869097145615115,22.900000000000002,0.2,-1.6,0.0
338.57242024727014,-51.9476890024918,22.900000000000002,0.2,-1.6,0.0
338.6170149186639,-52.02626407161809,22.9,0.2,-1.6,0.0
338.6617665514444,-52.10482224629904,22.9,0.2,-1.6,0.0
338.7066761107686,-52.18336341898286,22.9,0.2,-1.6,0.0
338.7517445691797,-52.26188748125253,22.900000000000002,0.2,-1.6,0.0
338.79697290667457,-52.3403943238172,22.9,0.2,-1.6,0.0
338.8423621107729,-52.418883836503625,22.9,0.2,-1.6,0.0
338.88791317658706,-52.497355908247314,22.9,0.2,-1.6,0.0
338.9336271068921,-52.575810427083795,22.9,0.2,-1.6,0.0
338.97950491219706,-52.654247280139586,22.9,0.2,-1.6,0.0
339.02554761081666,-52.732666353623166,22.900000000000002,0.2,-1.6,0.0
339.07175622894414,-52.81106753281585,22.900000000000002,0.2,-1.6,0.0
339.1181318007242,-52.88945070206248,22.900000000000002,0.2,-1.6,0.0
339.16467536832766,-52.967815744762106,22.9,0.2,-1.6,0.0
339.21138798202577,-53.04616254335846,22.900000000000002,0.2,-1.6,0.0
339.2582707002662,-53.124490979330425,22.900000000000002,0.2,-1.6,0.0
339.30532458974966,-53.202800933182274,22.9,0.2,-1.6,0.0
339.3525507255067,-53.28109228443392,22.9,0.2,-1.6,0.0
339.3999501909764,-53.359364911610946,22.9,0.2,-1.6,0.0
339.4475240780847,-53.43761869223458,22.9,0.2,-1.6,0.0
339.4952734873244,-53.515853502811545,22.9,0.2,-1.6,0.0
339.5431995278359,-53.594069218823776,22.9,0.2,-1.6,0.0
339.59130331748827,-53.67226571471801,22.900000000000002,0.2,-1.6,0.0
339.6395859829617,-53.75044286389527,22.9,0.2,-1.6,0.0
339.6880486598309,-53.82860053870025,22.9,0.2,-1.6,0.0
339.7366924926486,-53.90673861041051,22.900000000000002,0.2,-1.6,0.0
339.78551863503094,-53.98485694922555,22.9,0.2,-1.6,0.0
339.8345282497429,-54.06295542425592,22.9,0.2,-1.6,0.0
339.88372250878535,-54.141033903511875,22.9,0.2,-1.6,0.0
339.9331025934826,-54.219092253892256,22.9,0.2,-1.6,0.0
339.98266969457075,-54.29713034117297,22.9,0.2,-1.6,0.0
340.0324250122874,-54.37514802999545,22.900000000000002,0.2,-1.6,0.0
340.082369756462,-54.45314518385499,22.9,0.2,-1.6,0.0
340.13250514660734,-54.53112166508891,22.9,0.2,-1.6,0.0
340.1828324120119,-54.60907733486453,22.899999999999995,0.2,-1.6,0.0
340.23335279183317,-54.68701205316712,22.9,0.2,-1.6,0.0
340.28406753519187,-54.7649256787876,22.9,0.2,-1.6,0.0
340.33497790126756,-54.84281806931013,22.9,0.2,-1.6,0.0
340.3860851593949,-54.920689081099574,22.9,0.2,-1.6,0.0
340.4373905891609,-54.998538569288776,22.9,0.2,-1.6,0.0
340.4888954805033,-55.07636638776572,22.900000000000002,0.2,-1.6,0.0
340.5406011338106,-55.154172389160465,22.9,0.2,-1.6,0.0
340.5925088600215,-55.231956424832035,22.9,0.2,-1.6,0.0
340.6446199807277,-55.30971834485505,22.9,0.2,-1.6,0.0
340.69693582827574,-55.38745799800625,22.9,0.2,-1.6,0.0
340.7494577458709,-55.46517523175082,22.900000000000002,0.2,-1.6,0.0
340.80218708768246,-55.54286989222859,22.9,0.2,-1.6,0.0
340.85512521894907,-55.620541824240036,22.9,0.2,-1.6,0.0
340.90827351608647,-55.69819087123213,22.9,0.2,-1.6,0.0
340.9616333667952,-55.775816875284,22.9,0.2,-1.6,0.0
341.0152061701705,-55.853419677092425,22.900000000000002,0.2,-1.6,0.0
341.06899333681247,-55.930999115957164,22.9,0.2,-1.6,0.0
341.12299628893805,-56.00855502976609,22.9,0.2,-1.6,0.0
341.17721646049387,-56.086087254980136,22.9,0.2,-1.6,0.0
341.23165529727044,-56.16359562661806,22.9,0.2,-1.6,0.0
341.28631425701735,-56.24107997824112,22.9,0.2,-1.6,0.0
341.3411948095602,-56.318540141937305,22.9,0.2,-1.6,0.0
341.396298436918,-56.395975948305704,22.9,0.2,-1.6,0.0
341.4516266334227,-56.473387226440416,22.9,0.2,-1.6,0.0
341.50718090583905,-56.5507738039144,22.9,0.2,-1.6,0.0
341.56296277348673,-56.62813550676312,22.9,0.2,-1.6,0.0
341.61897376836293,-56.70547215946788,22.9,0.2,-1.6,0.0
341.6752154352668,-56.78278358493911,22.9,0.2,-1.6,0.0
341.73168933192494,-56.8600696044993,22.9,0.2,-1.6,0.0
341.78839702911824,-56.93733003786584,22.9,0.2,-1.6,0.0
341.84534011081024,-57.01456470313356,22.9,0.2,-1.6,0.0
341.9025201742768,-57.09177341675712,22.9,0.2,-1.6,0.0
341.95993883023687,-57.168955993533146,22.9,0.2,-1.6,0.0
342.0175977029852,-57.24611224658207,22.900000000000002,0.2,-1.6,0.0
342.07549843052607,-57.323241987329936,22.9,0.2,-1.6,0.0
342.1336426647081,-57.400345025489784,22.9,0.2,-1.6,0.0
342.1920320713616,-57.47742116904295,22.9,0.2,-1.6,0.0
342.2506683304363,-57.55447022421994,22.9,0.2,-1.6,0.0
342.30955313614095,-57.63149199548132,22.9,0.2,-1.6,0.0
342.36868819708434,-57.708486285498154,22.9,0.2,-1.6,0.0
342.42807523641824,-57.785452895132316,22.900000000000002,0.2,-1.6,0.0
342.4877159919811,-57.86239162341647,22.9,0.2,-1.6,0.0
342.54761221644367,-57.93930226753384,22.9,0.2,-1.6,0.0
342.6077656774565,-58.01618462279784,22.9,0.2,-1.6,0.0
342.66817815779825,-58.09303848263112,22.900000000000002,0.2,-1.6,0.0
342.7288514555263,-58.16986363854478,22.900000000000002,0.2,-1.6,0.0
342.78978738412843,-58.24665988011697,22.9,0.2,-1.6,0.0
342.8509877726764,-58.32342699497138,22.9,0.2,-1.6,0.0
342.91245446598094,-58.4001647687554,22.900000000000002,0.2,-1.6,0.0
342.9741893247488,-58.47687298511815,22.9,0.2,-1.6,0.0
343.0361942257407,-58.5535514256879,22.9,0.2,-1.6,0.0
343.0984710619318,-58.63019987004963,22.900000000000006,0.2,-1.6,0.0
343.1610217426732,-58.706818095721935,22.9,0.2,-1.6,0.0
343.2238481938554,-58.783405878133905,22.9,0.2,-1.6,0.0
343.2869523580739,-58.85996299060146,22.9,0.2,-1.6,0.0
343.3503361947954,-58.93648920430365,22.9,0.2,-1.6,0.0
343.41400168052684,-59.012984288258416,22.9,0.2,-1.6,0.0
343.477950808986,-59.089448009298216,22.900000000000002,0.2,-1.6,0.0
343.5421855912733,-59.16588013204521,22.900000000000002,0.2,-1.6,0.0
343.6067080560462,-59.24228041888622,22.900000000000002,0.2,-1.6,0.0
343.6715202496947,-59.318648629947276,22.9,0.2,-1.6,0.0
343.73662423651905,-59.39498452306796,22.9,0.2,-1.6,0.0
343.80202209890933,-59.471287853775344,22.9,0.2,-1.6,0.0
343.8677159375269,-59.54755837525749,22.9,0.2,-1.6,0.0
343.93370787148746,-59.62379583833684,22.9,0.2,-1.6,0.0
344.00000003854615,-59.6999999914431,22.899999999999995,0.2,-1.6,0.0
