galstreams/tracks/track.po.PS1-B.bernard2016.ecsv
# %ECSV 1.0
# ---
# datatype:
# - {name: ra, unit: deg, datatype: float64}
# - {name: dec, unit: deg, datatype: float64}
# - {name: distance, unit: kpc, datatype: float64}
# - {name: pm_ra_cosdec, unit: mas / yr, datatype: float64}
# - {name: pm_dec, unit: mas / yr, datatype: float64}
# - {name: radial_velocity, unit: km / s, datatype: float64}
# delimiter: ','
# meta: !!omap
# - __serialized_columns__:
#     dec:
#       __class__: astropy.coordinates.angles.Latitude
#       unit: &id001 !astropy.units.Unit {unit: deg}
#       value: !astropy.table.SerializedColumn {name: dec}
#     distance:
#       __class__: astropy.coordinates.distances.Distance
#       unit: !astropy.units.Unit {unit: kpc}
#       value: !astropy.table.SerializedColumn {name: distance}
#     pm_dec:
#       __class__: astropy.units.quantity.Quantity
#       unit: !astropy.units.Unit {unit: mas / yr}
#       value: !astropy.table.SerializedColumn {name: pm_dec}
#     pm_ra_cosdec:
#       __class__: astropy.units.quantity.Quantity
#       unit: !astropy.units.Unit {unit: mas / yr}
#       value: !astropy.table.SerializedColumn {name: pm_ra_cosdec}
#     ra:
#       __class__: astropy.coordinates.angles.Longitude
#       unit: *id001
#       value: !astropy.table.SerializedColumn {name: ra}
#       wrap_angle: !astropy.coordinates.Angle
#         unit: *id001
#         value: 360.0
#     radial_velocity:
#       __class__: astropy.units.quantity.Quantity
#       unit: !astropy.units.Unit {unit: km / s}
#       value: !astropy.table.SerializedColumn {name: radial_velocity}
# schema: astropy-2.0
ra,dec,distance,pm_ra_cosdec,pm_dec,radial_velocity
[from data line 463]
148.19649776500322,-11.410387497116877,14.499999999999977,0.0,0.0,0.0
148.20210537852205,-11.402021683541447,14.499999999999977,0.0,0.0,0.0
148.20771266180108,-11.393655763615445,14.499999999999977,0.0,0.0,0.0
148.21331961510435,-11.38528973742521,14.499999999999979,0.0,0.0,0.0
148.21892623869593,-11.376923605057064,14.499999999999975,0.0,0.0,0.0
148.2245325328397,-11.368557366597436,14.499999999999979,0.0,0.0,0.0
148.2301384977996,-11.360191022132625,14.499999999999977,0.0,0.0,0.0
148.23574413383952,-11.35182457174889,14.499999999999979,0.0,0.0,0.0
148.2413494412232,-11.343458015532617,14.499999999999979,0.0,0.0,0.0
148.24695442021454,-11.335091353569988,14.499999999999979,0.0,0.0,0.0
148.25255907107714,-11.326724585947355,14.499999999999979,0.0,0.0,0.0
148.25816339407473,-11.318357712750917,14.499999999999977,0.0,0.0,0.0
148.26376738947098,-11.30999073406684,14.499999999999977,0.0,0.0,0.0
148.2693710575294,-11.301623649981426,14.499999999999979,0.0,0.0,0.0
148.2749743985136,-11.293256460580817,14.499999999999977,0.0,0.0,0.0
148.28057741268705,-11.28488916595113,14.49999999999998,0.0,0.0,0.0
148.2861801003132,-11.27652176617861,14.499999999999977,0.0,0.0,0.0
148.29178246165546,-11.268154261349292,14.499999999999977,0.0,0.0,0.0
148.2973844969772,-11.259786651549387,14.499999999999977,0.0,0.0,0.0
148.30298620654173,-11.251418936864944,14.499999999999977,0.0,0.0,0.0
148.30858759061232,-11.243051117381992,14.499999999999977,0.0,0.0,0.0
148.31418864945218,-11.23468319318669,14.499999999999979,0.0,0.0,0.0
148.31978938332446,-11.22631516436503,14.499999999999979,0.0,0.0,0.0
148.3253897924924,-11.217947031002995,14.499999999999977,0.0,0.0,0.0
148.330989877219,-11.209578793186678,14.499999999999977,0.0,0.0,0.0
148.33658963776733,-11.201210451001979,14.499999999999979,0.0,0.0,0.0
148.34218907440032,-11.192842004534965,14.499999999999975,0.0,0.0,0.0
148.34778818738104,-11.184473453871536,14.499999999999977,0.0,0.0,0.0
148.35338697697233,-11.176104799097589,14.499999999999977,0.0,0.0,0.0
148.35898544343706,-11.167736040299127,14.499999999999979,0.0,0.0,0.0
148.36458358703806,-11.159367177562014,14.499999999999977,0.0,0.0,0.0
148.37018140803806,-11.15099821097208,14.499999999999977,0.0,0.0,0.0
148.37577890669985,-11.142629140615279,14.499999999999977,0.0,0.0,0.0
148.38137608328606,-11.134259966577403,14.499999999999977,0.0,0.0,0.0
148.38697293805936,-11.125890688944294,14.499999999999977,0.0,0.0,0.0
148.39256947128231,-11.117521307801766,14.499999999999975,0.0,0.0,0.0
148.39816568321748,-11.109151823235608,14.499999999999977,0.0,0.0,0.0
148.40376157412737,-11.100782235331609,14.499999999999977,0.0,0.0,0.0
148.40935714427442,-11.092412544175517,14.499999999999977,0.0,0.0,0.0
148.41495239392108,-11.084042749853076,14.499999999999979,0.0,0.0,0.0
148.42054732332969,-11.075672852450012,14.499999999999977,0.0,0.0,0.0
148.42614193276253,-11.06730285205203,14.499999999999979,0.0,0.0,0.0
148.43173622248196,-11.058932748744818,14.499999999999979,0.0,0.0,0.0
148.43733019275018,-11.05056254261405,14.499999999999977,0.0,0.0,0.0
148.4429238438294,-11.04219223374538,14.499999999999979,0.0,0.0,0.0
148.4485171759817,-11.033821822224443,14.499999999999977,0.0,0.0,0.0
148.45411018946922,-11.025451308136855,14.499999999999977,0.0,0.0,0.0
148.45970288455402,-11.017080691568218,14.499999999999977,0.0,0.0,0.0
148.46529526149814,-11.008709972604123,14.499999999999979,0.0,0.0,0.0
148.4708873205635,-11.00033915133013,14.499999999999975,0.0,0.0,0.0
148.47647906201203,-10.991968227831789,14.499999999999979,0.0,0.0,0.0
148.48207048610564,-10.983597202194632,14.499999999999979,0.0,0.0,0.0
148.4876615931061,-10.975226074504173,14.499999999999979,0.0,0.0,0.0
148.49325238327526,-10.966854844845912,14.499999999999979,0.0,0.0,0.0
148.49884285687486,-10.958483513305326,14.499999999999979,0.0,0.0,0.0
148.50443301416658,-10.950112079967877,14.499999999999979,0.0,0.0,0.0
148.51002285541207,-10.94174054491901,14.499999999999979,0.0,0.0,0.0
148.51561238087294,-10.933368908244155,14.499999999999977,0.0,0.0,0.0
148.5212015908108,-10.92499717002872,14.499999999999977,0.0,0.0,0.0
148.52679048548714,-10.916625330358098,14.499999999999977,0.0,0.0,0.0
148.53237906516344,-10.908253389317663,14.49999999999998,0.0,0.0,0.0
148.53796733010117,-10.89988134699278,14.499999999999977,0.0,0.0,0.0
148.5435552805617,-10.891509203468784,14.499999999999979,0.0,0.0,0.0
148.54914291680635,-10.883136958831003,14.49999999999998,0.0,0.0,0.0
148.55473023909647,-10.87476461316474,14.499999999999979,0.0,0.0,0.0
148.56031724769332,-10.86639216655529,14.499999999999977,0.0,0.0,0.0
148.56590394285809,-10.858019619087921,14.499999999999979,0.0,0.0,0.0
148.57149032485194,-10.849646970847893,14.499999999999979,0.0,0.0,0.0
148.57707639393607,-10.841274221920436,14.499999999999979,0.0,0.0,0.0
148.5826621503715,-10.832901372390783,14.499999999999977,0.0,0.0,0.0
148.5882475944193,-10.824528422344127,14.499999999999977,0.0,0.0,0.0
148.59383272634045,-10.816155371865662,14.499999999999979,0.0,0.0,0.0
148.59941754639593,-10.807782221040554,14.499999999999977,0.0,0.0,0.0
148.60500205484666,-10.799408969953955,14.499999999999979,0.0,0.0,0.0
148.6105862519535,-10.791035618691007,14.499999999999979,0.0,0.0,0.0
148.61617013797724,-10.782662167336822,14.499999999999977,0.0,0.0,0.0
148.6217537131787,-10.774288615976507,14.499999999999975,0.0,0.0,0.0
148.62733697781857,-10.765914964695144,14.499999999999977,0.0,0.0,0.0
148.63291993215765,-10.757541213577797,14.49999999999998,0.0,0.0,0.0
148.63850257645646,-10.749167362709523,14.499999999999982,0.0,0.0,0.0
148.64408491097572,-10.740793412175352,14.49999999999998,0.0,0.0,0.0
148.64966693597594,-10.732419362060302,14.49999999999998,0.0,0.0,0.0
148.65524865171764,-10.724045212449376,14.499999999999979,0.0,0.0,0.0
148.66083005846133,-10.71567096342755,14.49999999999998,0.0,0.0,0.0
148.6664111564674,-10.707296615079798,14.499999999999979,0.0,0.0,0.0
148.6719919459963,-10.698922167491064,14.499999999999979,0.0,0.0,0.0
148.67757242730835,-10.690547620746283,14.499999999999977,0.0,0.0,0.0
148.68315260066382,-10.682172974930372,14.499999999999979,0.0,0.0,0.0
148.68873246632305,-10.673798230128218,14.499999999999979,0.0,0.0,0.0
148.69431202454618,-10.665423386424717,14.49999999999998,0.0,0.0,0.0
148.69989127559344,-10.65704844390473,14.49999999999998,0.0,0.0,0.0
148.70547021972496,-10.648673402653106,14.49999999999998,0.0,0.0,0.0
148.71104885720084,-10.640298262754674,14.49999999999998,0.0,0.0,0.0
148.71662718828114,-10.631923024294247,14.49999999999998,0.0,0.0,0.0
148.7222052132258,-10.623547687356629,14.499999999999979,0.0,0.0,0.0
148.72778293229484,-10.615172252026596,14.49999999999998,0.0,0.0,0.0
148.7333603457482,-10.606796718388916,14.49999999999998,0.0,0.0,0.0
148.7389374538457,-10.598421086528337,14.499999999999979,0.0,0.0,0.0
148.7445142568472,-10.590045356529583,14.49999999999998,0.0,0.0,0.0
148.7500907550125,-10.581669528477377,14.49999999999998,0.0,0.0,0.0
148.75566694860137,-10.573293602456417,14.499999999999979,0.0,0.0,0.0
148.76124283787348,-10.56491757855138,14.499999999999979,0.0,0.0,0.0
148.76681842308852,-10.556541456846928,14.499999999999982,0.0,0.0,0.0
148.77239370450613,-10.548165237427721,14.499999999999979,0.0,0.0,0.0
148.77796868238585,-10.53978892037838,14.499999999999979,0.0,0.0,0.0
148.78354335698725,-10.531412505783518,14.499999999999979,0.0,0.0,0.0
148.7891177285698,-10.52303599372774,14.499999999999979,0.0,0.0,0.0
148.79469179739303,-10.514659384295626,14.499999999999979,0.0,0.0,0.0
148.80026556371627,-10.506282677571738,14.499999999999979,0.0,0.0,0.0
148.80583902779887,-10.49790587364063,14.499999999999982,0.0,0.0,0.0
148.81141218990024,-10.489528972586832,14.499999999999982,0.0,0.0,0.0
148.8169850502796,-10.481151974494857,14.499999999999984,0.0,0.0,0.0
148.82255760919628,-10.472774879449208,14.499999999999984,0.0,0.0,0.0
148.8281298669094,-10.464397687534367,14.499999999999984,0.0,0.0,0.0
148.83370182367815,-10.456020398834802,14.499999999999982,0.0,0.0,0.0
148.83927347976163,-10.447643013434956,14.499999999999982,0.0,0.0,0.0
148.84484483541894,-10.43926553141927,14.499999999999984,0.0,0.0,0.0
148.85041589090912,-10.43088795287216,14.499999999999984,0.0,0.0,0.0
148.85598664649112,-10.422510277878022,14.499999999999982,0.0,0.0,0.0
148.86155710242394,-10.414132506521247,14.499999999999982,0.0,0.0,0.0
148.86712725896646,-10.405754638886197,14.499999999999984,0.0,0.0,0.0
148.87269711637754,-10.39737667505723,14.499999999999982,0.0,0.0,0.0
148.87826667491603,-10.388998615118672,14.499999999999982,0.0,0.0,0.0
148.8838359348407,-10.380620459154853,14.499999999999984,0.0,0.0,0.0
148.88940489641033,-10.37224220725007,14.499999999999984,0.0,0.0,0.0
148.8949735598835,-10.36386385948861,14.499999999999984,0.0,0.0,0.0
148.90054192551904,-10.355485415954744,14.49999999999998,0.0,0.0,0.0
148.90610999357546,-10.347106876732724,14.499999999999982,0.0,0.0,0.0
148.91167776431132,-10.338728241906791,14.499999999999982,0.0,0.0,0.0
148.9172452379852,-10.330349511561165,14.499999999999982,0.0,0.0,0.0
148.9228124148556,-10.32197068578005,14.499999999999984,0.0,0.0,0.0
148.92837929518097,-10.31359176464764,14.499999999999984,0.0,0.0,0.0
148.9339458792197,-10.305212748248099,14.499999999999982,0.0,0.0,0.0
148.93951216723013,-10.296833636665598,14.49999999999998,0.0,0.0,0.0
148.94507815947065,-10.288454429984265,14.49999999999998,0.0,0.0,0.0
148.95064385619952,-10.280075128288228,14.499999999999982,0.0,0.0,0.0
148.95620925767497,-10.271695731661598,14.499999999999986,0.0,0.0,0.0
148.96177436415522,-10.263316240188468,14.499999999999984,0.0,0.0,0.0
148.96733917589845,-10.25493665395291,14.499999999999984,0.0,0.0,0.0
148.97290369316275,-10.24655697303899,14.499999999999984,0.0,0.0,0.0
148.97846791620623,-10.238177197530746,14.499999999999984,0.0,0.0,0.0
148.9840318452869,-10.22979732751221,14.499999999999984,0.0,0.0,0.0
148.98959548066279,-10.221417363067397,14.499999999999984,0.0,0.0,0.0
148.9951588225918,-10.213037304280297,14.499999999999984,0.0,0.0,0.0
149.00072187133193,-10.204657151234894,14.499999999999982,0.0,0.0,0.0
149.00628462714099,-10.196276904015152,14.499999999999984,0.0,0.0,0.0
149.01184709027683,-10.187896562705017,14.499999999999982,0.0,0.0,0.0
149.01740926099728,-10.179516127388423,14.499999999999986,0.0,0.0,0.0
149.02297113956004,-10.171135598149283,14.499999999999984,0.0,0.0,0.0
149.0285327262229,-10.162754975071508,14.499999999999984,0.0,0.0,0.0
149.03409402124342,-10.154374258238974,14.499999999999984,0.0,0.0,0.0
149.03965502487935,-10.145993447735549,14.499999999999984,0.0,0.0,0.0
149.0452157373882,-10.137612543645094,14.499999999999982,0.0,0.0,0.0
149.05077615902755,-10.129231546051432,14.499999999999982,0.0,0.0,0.0
149.0563362900549,-10.120850455038397,14.499999999999982,0.0,0.0,0.0
149.0618961307277,-10.11246927068979,14.499999999999982,0.0,0.0,0.0
149.06745568130344,-10.104087993089397,14.499999999999986,0.0,0.0,0.0
149.07301494203946,-10.095706622321,14.499999999999982,0.0,0.0,0.0
149.0785739131931,-10.087325158468348,14.499999999999982,0.0,0.0,0.0
149.08413259502174,-10.07894360161519,14.499999999999986,0.0,0.0,0.0
149.08969098778257,-10.070561951845248,14.499999999999984,0.0,0.0,0.0
149.09524909173285,-10.062180209242232,14.499999999999988,0.0,0.0,0.0
149.10080690712974,-10.053798373889846,14.499999999999984,0.0,0.0,0.0
149.10636443423044,-10.04541644587176,14.499999999999986,0.0,0.0,0.0
149.111921673292,-10.037034425271639,14.499999999999984,0.0,0.0,0.0
149.1174786245715,-10.028652312173135,14.499999999999986,0.0,0.0,0.0
149.123035288326,-10.020270106659877,14.499999999999986,0.0,0.0,0.0
149.12859166481246,-10.011887808815482,14.499999999999986,0.0,0.0,0.0
149.13414775428782,-10.003505418723554,14.499999999999984,0.0,0.0,0.0
149.139703557009,-9.995122936467672,14.499999999999984,0.0,0.0,0.0
149.14525907323286,-9.986740362131412,14.499999999999986,0.0,0.0,0.0
149.15081430321624,-9.978357695798326,14.499999999999984,0.0,0.0,0.0
149.1563692472159,-9.969974937551953,14.499999999999984,0.0,0.0,0.0
149.1619239054886,-9.961592087475813,14.499999999999986,0.0,0.0,0.0
149.16747827829107,-9.95320914565342,14.499999999999988,0.0,0.0,0.0
149.17303236587992,-9.94482611216826,14.499999999999986,0.0,0.0,0.0
149.17858616851183,-9.936442987103812,14.499999999999984,0.0,0.0,0.0
149.1841396864434,-9.928059770543536,14.499999999999986,0.0,0.0,0.0
149.1896929199311,-9.91967646257088,14.499999999999984,0.0,0.0,0.0
149.1952458692315,-9.911293063269273,14.499999999999984,0.0,0.0,0.0
149.20079853460106,-9.902909572722129,14.499999999999986,0.0,0.0,0.0
149.20635091629623,-9.894525991012847,14.499999999999986,0.0,0.0,0.0
149.21190301457332,-9.886142318224813,14.499999999999986,0.0,0.0,0.0
149.21745482968876,-9.877758554441389,14.499999999999988,0.0,0.0,0.0
149.22300636189885,-9.869374699745938,14.499999999999986,0.0,0.0,0.0
149.22855761145982,-9.86099075422179,14.499999999999988,0.0,0.0,0.0
149.23410857862797,-9.85260671795227,14.499999999999986,0.0,0.0,0.0
149.2396592636594,-9.844222591020683,14.499999999999988,0.0,0.0,0.0
149.24520966681035,-9.835838373510324,14.49999999999999,0.0,0.0,0.0
149.2507597883369,-9.827454065504465,14.499999999999986,0.0,0.0,0.0
149.2563096284951,-9.819069667086367,14.499999999999988,0.0,0.0,0.0
149.26185918754103,-9.810685178339284,14.499999999999988,0.0,0.0,0.0
149.26740846573065,-9.802300599346434,14.499999999999988,0.0,0.0,0.0
149.27295746331993,-9.79391593019104,14.49999999999999,0.0,0.0,0.0
149.27850618056476,-9.785531170956302,14.499999999999986,0.0,0.0,0.0
149.2840546177211,-9.777146321725406,14.499999999999986,0.0,0.0,0.0
149.28960277504473,-9.768761382581513,14.499999999999988,0.0,0.0,0.0
149.29515065279145,-9.760376353607784,14.499999999999986,0.0,0.0,0.0
149.30069825121703,-9.751991234887356,14.499999999999988,0.0,0.0,0.0
149.3062455705772,-9.743606026503356,14.49999999999999,0.0,0.0,0.0
149.31179261112763,-9.735220728538888,14.499999999999988,0.0,0.0,0.0
149.31733937312399,-9.72683534107705,14.499999999999988,0.0,0.0,0.0
149.32288585682187,-9.718449864200915,14.499999999999986,0.0,0.0,0.0
149.32843206247688,-9.71006429799355,14.499999999999988,0.0,0.0,0.0
149.33397799034444,-9.701678642538006,14.49999999999999,0.0,0.0,0.0
149.33952364068014,-9.693292897917308,14.499999999999988,0.0,0.0,0.0
149.34506901373942,-9.684907064214483,14.499999999999988,0.0,0.0,0.0
149.35061410977767,-9.676521141512529,14.499999999999988,0.0,0.0,0.0
149.35615892905025,-9.668135129894438,14.499999999999988,0.0,0.0,0.0
149.36170347181252,-9.659749029443176,14.499999999999986,0.0,0.0,0.0
149.3672477383198,-9.651362840241708,14.49999999999999,0.0,0.0,0.0
149.37279172882734,-9.642976562372974,14.49999999999999,0.0,0.0,0.0
149.37833544359032,-9.634590195919904,14.499999999999988,0.0,0.0,0.0
149.38387888286394,-9.62620374096541,14.49999999999999,0.0,0.0,0.0
149.38942204690332,-9.617817197592382,14.49999999999999,0.0,0.0,0.0
149.39496493596366,-9.60943056588372,14.499999999999988,0.0,0.0,0.0
149.40050755029995,-9.601043845922273,14.49999999999999,0.0,0.0,0.0
149.4060498901672,-9.592657037790913,14.49999999999999,0.0,0.0,0.0
149.41159195582048,-9.584270141572466,14.49999999999999,0.0,0.0,0.0
149.41713374751467,-9.57588315734976,14.499999999999988,0.0,0.0,0.0
149.42267526550472,-9.567496085205603,14.499999999999988,0.0,0.0,0.0
149.4282165100455,-9.559108925222787,14.49999999999999,0.0,0.0,0.0
149.43375748139184,-9.550721677484091,14.49999999999999,0.0,0.0,0.0
149.43929817979856,-9.542334342072289,14.499999999999988,0.0,0.0,0.0
149.4448386055204,-9.533946919070116,14.49999999999999,0.0,0.0,0.0
149.45037875881212,-9.525559408560314,14.49999999999999,0.0,0.0,0.0
149.45591863992834,-9.517171810625605,14.49999999999999,0.0,0.0,0.0
149.46145824912378,-9.508784125348688,14.49999999999999,0.0,0.0,0.0
149.466997586653,-9.50039635281226,14.499999999999988,0.0,0.0,0.0
149.47253665277063,-9.492008493098991,14.49999999999999,0.0,0.0,0.0
