galstreams/tracks/track.st.Cetus-Palca.yuan2021.ecsv
# %ECSV 1.0
# ---
# datatype:
# - {name: ra, unit: deg, datatype: float64}
# - {name: dec, unit: deg, datatype: float64}
# - {name: distance, unit: kpc, datatype: float64}
# - {name: pm_ra_cosdec, unit: mas / yr, datatype: float64}
# - {name: pm_dec, unit: mas / yr, datatype: float64}
# - {name: radial_velocity, unit: km / s, datatype: float64}
# delimiter: ','
# meta: !!omap
# - __serialized_columns__:
#     dec:
#       __class__: astropy.coordinates.angles.Latitude
#       unit: &id001 !astropy.units.Unit {unit: deg}
#       value: !astropy.table.SerializedColumn {name: dec}
#     distance:
#       __class__: astropy.coordinates.distances.Distance
#       unit: !astropy.units.Unit {unit: kpc}
#       value: !astropy.table.SerializedColumn {name: distance}
#     pm_dec:
#       __class__: astropy.units.quantity.Quantity
#       unit: !astropy.units.Unit {unit: mas / yr}
#       value: !astropy.table.SerializedColumn {name: pm_dec}
#     pm_ra_cosdec:
#       __class__: astropy.units.quantity.Quantity
#       unit: !astropy.units.Unit {unit: mas / yr}
#       value: !astropy.table.SerializedColumn {name: pm_ra_cosdec}
#     ra:
#       __class__: astropy.coordinates.angles.Longitude
#       unit: *id001
#       value: !astropy.table.SerializedColumn {name: ra}
#       wrap_angle: !astropy.coordinates.Angle
#         unit: *id001
#         value: 360.0
#     radial_velocity:
#       __class__: astropy.units.quantity.Quantity
#       unit: !astropy.units.Unit {unit: km / s}
#       value: !astropy.table.SerializedColumn {name: radial_velocity}
# schema: astropy-2.0
ra,dec,distance,pm_ra_cosdec,pm_dec,radial_velocity
[from data line 6432]
26.048582508328153,-22.942867126010203,39.125349072453396,0.7659662756791493,-0.5644601719451691,-7.999728773378721e-14
26.050179674050028,-22.954167869757143,39.125835069259736,0.7660551039891501,-0.5643832261800067,-1.1368035625327657e-13
26.051776981879755,-22.965468680983157,39.12631899316492,0.7661440132792148,-0.5643061050173834,-6.315575347404254e-14
26.053374431497673,-22.976769559797486,39.12680084337765,0.7662330035442618,-0.5642288084308686,-8.420767129872338e-14
26.05497202258405,-22.988070506309242,39.127280619107246,0.7663220747791715,-0.5641513363940742,-8.841805486365955e-14
26.056569754819172,-22.99937152062776,39.12775831956368,0.7664112269787858,-0.564073688880654,-8.420767129872338e-14
26.058167627883236,-23.010672602862186,39.128233943957554,0.7665004601379084,-0.5639958658643048,-8.841805486365955e-14
26.05976564145646,-23.02197375312185,39.1287074915001,0.7665897742513061,-0.5639178673187655,-7.999728773378721e-14
26.06136379521903,-23.033274971516086,39.12917896140321,0.766679169313706,-0.5638396932178179,-9.262843842859572e-14
26.062962088851048,-23.04457625815411,39.12964835287943,0.7667686453197973,-0.5637613435352855,-7.578690416885104e-14
26.06456052203265,-23.05587761314536,39.13011566514193,0.7668582022642315,-0.5636828182450349,-7.999728773378721e-14
26.066159094443886,-23.067179036599065,39.130580897404506,0.7669478401416224,-0.5636041173209756,-7.578690416885104e-14
26.067757805764817,-23.07848052862466,39.131044048881634,0.767037558946544,-0.5635252407370588,-6.73661370389787e-14
26.069356655675474,-23.089782089331585,39.13150511878843,0.767127358673534,-0.563446188467279,-1.0104920555846805e-13
26.07095564385583,-23.10108371882921,39.131964106340604,0.7672172393170908,-0.5633669604856733,-7.578690416885104e-14
26.072554769985835,-23.11238541722688,39.13242101075459,0.7673072008716747,-0.5632875567663216,-7.157652060391487e-14
26.074154033745415,-23.1236871846341,39.13287583124741,0.7673972433317081,-0.5632079772833458,-8.841805486365955e-14
26.075753434814498,-23.134989021160404,39.13332856703674,0.7674873666915758,-0.5631282220109115,-8.841805486365955e-14
26.07735297287293,-23.146290926915153,39.133779217340916,0.7675775709456235,-0.563048290923227,-1.1368035625327657e-13
26.07895264760058,-23.157592902007973,39.134227781378925,0.7676678560881591,-0.5629681839945422,-8.420767129872338e-14
26.080552458677225,-23.168894946548267,39.134674258370396,0.7677582221134525,-0.5628879011991513,-6.73661370389787e-14
26.082152405782665,-23.180197060645614,39.1351186475356,0.7678486690157351,-0.5628074425113907,-1.0946997268834039e-13
26.083752488596687,-23.19149924440965,39.13556094809545,0.7679391967892009,-0.5627268079056398,-7.157652060391487e-14
26.085352706798975,-23.20280149794982,39.136001159271544,0.7680298054280045,-0.5626459973563207,-9.683882199353189e-14
26.086953060069284,-23.21410382137586,39.136439280286105,0.7681204949262637,-0.5625650108378991,-6.73661370389787e-14
26.088553548087233,-23.22540621479722,39.13687531036198,0.7682112652780567,-0.5624838483248831,-1.0104920555846805e-13
26.090154170532532,-23.236708678323694,39.13730924872271,0.7683021164774261,-0.562402509791824,-5.894536990910637e-14
26.091754927084747,-23.248011212064785,39.13774109459249,0.7683930485183726,-0.5623209952133161,-6.73661370389787e-14
26.093355817423518,-23.259313816130273,39.13817084719612,0.7684840613948621,-0.562239304563997,-6.73661370389787e-14
26.094956841228374,-23.270616490629738,39.1385985057591,0.768575155100821,-0.5621574378185474,-6.73661370389787e-14
26.096557998178877,-23.28191923567292,39.13902406950756,0.7686663296301368,-0.562075394951691,-9.683882199353189e-14
26.09815928795456,-23.293222051369604,39.139447537668296,0.7687575849766607,-0.561993175938194,-1.0525958912340423e-13
26.099760710234882,-23.30452493782943,39.13986890946874,0.7688489211342044,-0.5619107807528674,-6.315575347404254e-14
26.101362264699343,-23.315827895162236,39.14028818413699,0.7689403380965417,-0.5618282093705638,-5.894536990910637e-14
26.10296395102735,-23.327130923477682,39.140705360901805,0.7690318358574085,-0.5617454617661806,-8.420767129872338e-14
26.10456576889833,-23.338434022885618,39.141120438992594,0.7691234144105024,-0.5616625379146573,-1.1368035625327657e-13
26.106167717991696,-23.349737193495912,39.141533417639415,0.7692150737494832,-0.5615794377909766,-5.4734986344170195e-14
26.10776979798677,-23.361040435418243,39.14194429607301,0.7693068138679717,-0.5614961613701659,-8.420767129872338e-14
26.109372008562936,-23.372343748762585,39.14235307352473,0.7693986347595517,-0.5614127086272946,-7.578690416885104e-14
26.11097434939946,-23.383647133638668,39.14275974922664,0.7694905364177682,-0.5613290795374762,-9.262843842859572e-14
26.112576820175693,-23.394950590156476,39.14316432241142,0.7695825188361283,-0.5612452740758674,-6.73661370389787e-14
26.114179420570856,-23.406254118425785,39.143566792312434,0.7696745820081006,-0.5611612922176689,-5.0524602779234026e-14
26.115782150264224,-23.4175577185566,39.14396715816369,0.7697667259271164,-0.561077133938124,-5.894536990910637e-14
26.11738500893498,-23.42886139065874,39.144365419199865,0.7698589505865677,-0.5609927992125205,-8.420767129872338e-14
26.118987996262355,-23.44016513484219,39.14476157465629,0.7699512559798094,-0.5609082880161889,-6.73661370389787e-14
26.120591111925524,-23.451468951216956,39.145155623768986,0.7700436421001575,-0.5608236003245033,-5.894536990910637e-14
26.122194355603618,-23.46277283989288,39.14554756577457,0.7701361089408916,-0.5607387361128827,-8.420767129872338e-14
26.123797726975777,-23.474076800980082,39.14593739991039,0.7702286564952504,-0.5606536953567882,-9.262843842859572e-14
26.125401225721113,-23.485380834588426,39.146325125414414,0.7703212847564368,-0.5605684780317258,-8.420767129872338e-14
26.12700485151869,-23.49668494082799,39.14671074152531,0.7704139937176144,-0.5604830841132442,-9.262843842859572e-14
26.12860860404761,-23.507989119808872,39.14709424748237,0.7705067833719093,-0.5603975135769363,-8.420767129872338e-14
26.130212482986884,-23.519293371641034,39.147475642525585,0.7705996537124088,-0.5603117663984388,-5.894536990910637e-14
26.131816488015513,-23.530597696434487,39.147854925895565,0.7706926047321632,-0.5602258425534326,-6.73661370389787e-14
26.13342061881252,-23.541902094299388,39.14823209683366,0.7707856364241833,-0.5601397420176413,-6.73661370389787e-14
26.135024875056885,-23.553206565345832,39.1486071545818,0.770878748781443,-0.5600534647668336,-7.578690416885104e-14
26.136629256427554,-23.564511109683853,39.14898009838264,0.7709719417968777,-0.5599670107768211,-5.0524602779234026e-14
26.13823376260347,-23.575815727423667,39.149350927479475,0.7710652154633848,-0.5598803800234605,-5.0524602779234026e-14
26.139838393263513,-23.58712041867529,39.149719641116285,0.7711585697738226,-0.5597935724826513,-1.0104920555846805e-13
26.141443148086616,-23.598425183548947,39.15008623853771,0.7712520047210127,-0.5597065881303374,-9.262843842859572e-14
26.14304802675166,-23.60973002215485,39.15045071898906,0.7713455202977384,-0.5596194269425067,-5.894536990910637e-14
26.144653028937444,-23.62103493460306,39.15081308171631,0.771439116496744,-0.5595320888951911,-5.0524602779234026e-14
26.14625815432286,-23.632339921003872,39.1511733259661,0.7715327933107364,-0.5594445739644673,-8.420767129872338e-14
26.14786340258668,-23.64364498146739,39.15153145098576,0.7716265507323842,-0.5593568821264547,-8.420767129872338e-14
26.149468773407715,-23.654950116103894,39.15188745602327,0.7717203887543183,-0.5592690133573182,-7.578690416885104e-14
26.151074266464754,-23.66625532502366,39.15224134032729,0.771814307369131,-0.5591809676332655,-1.0946997268834039e-13
26.15267988143655,-23.6775606083369,39.152593103147154,0.771908306569377,-0.5590927449305501,-8.420767129872338e-14
26.154285618001815,-23.688865966153813,39.15294274373287,0.7720023863475718,-0.5590043452254684,-7.578690416885104e-14
26.155891475839283,-23.700171398584732,39.15329026133511,0.7720965466961947,-0.5589157684943619,-7.578690416885104e-14
26.157497454627688,-23.711476905739993,39.1536356552052,0.7721907876076856,-0.5588270147136157,-5.894536990910637e-14
26.15910355404565,-23.722782487729795,39.15397892459522,0.7722851090744459,-0.5587380838596594,-9.262843842859572e-14
26.160709773771906,-23.734088144664568,39.1543200687578,0.772379511088841,-0.5586489759089676,-5.0524602779234026e-14
26.162316113485033,-23.745393876654525,39.15465908694637,0.7724739936431957,-0.5585596908380583,-8.420767129872338e-14
26.163922572863704,-23.756699683810073,39.154995978414945,0.7725685567297983,-0.5584702286234946,-7.578690416885104e-14
26.165529151586544,-23.768005566241605,39.155330742418265,0.7726632003408985,-0.5583805892418836,-1.0104920555846805e-13
26.167135849332116,-23.779311524059402,39.15566337821172,0.7727579244687085,-0.5582907726698776,-1.0104920555846805e-13
26.168742665779032,-23.790617557373942,39.15599388505138,0.7728527291054021,-0.5582007788841722,-6.73661370389787e-14
26.170349600605817,-23.801923666295515,39.156322262194024,0.7729476142431146,-0.5581106078615083,-8.420767129872338e-14
26.171956653491037,-23.813229850934576,39.156648508897085,0.7730425798739434,-0.558020259578672,-8.420767129872338e-14
26.173563824113245,-23.824536111401606,39.15697262441867,0.7731376259899484,-0.5579297340124917,-7.578690416885104e-14
26.17517111215094,-23.835842447807,39.15729460801755,0.7732327525831512,-0.5578390311398433,-8.420767129872338e-14
26.176778517282603,-23.847148860261115,39.157614458953226,0.773327959645535,-0.5577481509376456,-6.73661370389787e-14
26.17838603918673,-23.858455348874475,39.157932176485836,0.7734232471690451,-0.5576570933828624,-1.0104920555846805e-13
26.179993677541813,-23.869761913757614,39.15824775987622,0.7735186151455894,-0.557565858452502,-6.73661370389787e-14
26.18160143202626,-23.881068555020892,39.15856120838588,0.7736140635670362,-0.5574744461236182,-8.420767129872338e-14
26.18320930231856,-23.89237527277492,39.15887252127702,0.7737095924252182,-0.5573828563733089,-1.0104920555846805e-13
26.18481728809709,-23.90368206713009,39.159181697812514,0.7738052017119275,-0.5572910891787166,-9.262843842859572e-14
26.186425389040284,-23.91498893819698,39.15948873725593,0.7739008914189197,-0.5571991445170296,-7.578690416885104e-14
26.18803360482655,-23.926295886086162,39.15979363887151,0.773996661537912,-0.5571070223654797,-8.420767129872338e-14
26.189641935134247,-23.93760291090807,39.16009640192417,0.7740925120605836,-0.5570147227013451,-8.420767129872338e-14
26.191250379641758,-23.948910012773375,39.16039702567955,0.7741884429785757,-0.556922245501948,-8.420767129872338e-14
26.192858938027413,-23.9602171917925,39.16069550940392,0.7742844542834908,-0.5568295907446554,-1.0104920555846805e-13
26.194467609969585,-23.971524448076114,39.160991852364276,0.7743805459668945,-0.5567367584068796,-8.420767129872338e-14
26.19607639514659,-23.98283178173483,39.161286053828306,0.7744767180203136,-0.5566437484660774,-7.578690416885104e-14
26.197685293236745,-23.994139192879196,39.161578113064344,0.7745729704352372,-0.5565505608997525,-9.262843842859572e-14
26.199294303918336,-24.005446681619773,39.16186802934141,0.7746693032031169,-0.5564571956854515,-5.894536990910637e-14
26.20090342686965,-24.016754248067222,39.162155801929295,0.7747657163153647,-0.5563636528007662,-8.420767129872338e-14
26.20251266176901,-24.028061892332236,39.162441430098376,0.7748622097633561,-0.5562699322233349,-7.578690416885104e-14
26.20412200829463,-24.03936961452532,39.16272491311978,0.774958783538428,-0.5561760339308407,-7.578690416885104e-14
26.205731466124796,-24.050677414757264,39.163006250265305,0.7750554376318793,-0.5560819579010107,-8.420767129872338e-14
26.207341034937727,-24.0619852931386,39.163285440807414,0.775152172034971,-0.5559877041116191,-7.578690416885104e-14
26.20895071441166,-24.07329324978006,39.16356248401932,0.7752489867389261,-0.5558932725404833,-1.0104920555846805e-13
26.210560504224848,-24.08460128479238,39.16383737917487,0.7753458817349299,-0.5557986631654673,-9.262843842859572e-14
26.21217040405544,-24.095909398286132,39.164110125548625,0.7754428570141286,-0.5557038759644805,-9.262843842859572e-14
26.213780413581695,-24.107217590372144,39.164380722415835,0.7755399125676323,-0.5556089109154771,-7.578690416885104e-14
26.21539053248174,-24.118525861160997,39.16464916905247,0.7756370483865112,-0.5555137679964562,-1.0104920555846805e-13
26.217000760433805,-24.129834210763526,39.164915464735145,0.775734264461798,-0.5554184471854634,-8.420767129872338e-14
26.21861109711601,-24.141142639290344,39.16517960874119,0.7758315607844883,-0.5553229484605895,-1.0104920555846805e-13
26.22022154220656,-24.152451146852318,39.16544160034864,0.7759289373455394,-0.55522727179997,-9.262843842859572e-14
26.221832095383565,-24.16375973356008,39.165701438836216,0.7760263941358699,-0.5551314171817866,-8.420767129872338e-14
26.22344275632518,-24.17506839952444,39.16595912348332,0.776123931146361,-0.5550353845842663,-6.73661370389787e-14
26.225053524709534,-24.186377144856205,39.16621465357007,0.7762215483678561,-0.5549391739856815,-6.73661370389787e-14
26.226664400214727,-24.197685969666068,39.166468028377295,0.7763192457911596,-0.55484278536435,-6.73661370389787e-14
26.228275382518902,-24.208994874064906,39.166719247186464,0.7764170234070396,-0.5547462186986364,-7.578690416885104e-14
26.22988647130013,-24.22030385816341,39.166968309279795,0.7765148812062248,-0.5546494739669495,-7.578690416885104e-14
26.231497666236514,-24.231612922072436,39.1672152139402,0.7766128191794063,-0.5545525511477445,-7.578690416885104e-14
26.233108967006164,-24.242922065902842,39.16745996045125,0.7767108373172382,-0.554455450219522,-8.420767129872338e-14
26.23472037328714,-24.254231289765414,39.16770254809725,0.7768089356103351,-0.5543581711608282,-8.420767129872338e-14
26.23633188475749,-24.265540593770897,39.16794297616321,0.7769071140492746,-0.5542607139502562,-8.420767129872338e-14
26.23794350109529,-24.276849978030203,39.168181243934825,0.777005372624596,-0.5541630785664431,-8.420767129872338e-14
26.23955522197863,-24.288159442654237,39.168417350698455,0.7771037113268018,-0.5540652649880731,-5.0524602779234026e-14
26.241167047085504,-24.29946898775372,39.16865129574125,0.7772021301463542,-0.5539672731938758,-1.0104920555846805e-13
26.242778976093998,-24.31077861343965,39.16888307835097,0.7773006290736794,-0.5538691031626268,-4.210383564936169e-14
26.244391008682108,-24.322088319822754,39.16911269781614,0.7773992080991654,-0.5537707548731478,-1.0946997268834039e-13
26.246003144527883,-24.333398107013988,39.169340153425935,0.7774978672131614,-0.5536722283043061,-6.73661370389787e-14
26.24761538330936,-24.34470797512427,39.169565444470294,0.7775966064059797,-0.5535735234350145,-1.0946997268834039e-13
26.249227724704514,-24.356017924264414,39.169788570239795,0.7776954256678943,-0.5534746402442334,-9.262843842859572e-14
26.250840168391406,-24.36732795454541,39.17000953002579,0.7777943249891406,-0.5533755787109673,-8.420767129872338e-14
26.25245271404799,-24.37863806607805,39.170228323120256,0.777893304359917,-0.5532763388142683,-6.73661370389787e-14
26.25406536135229,-24.38994825897331,39.17044494881595,0.7779923637703836,-0.5531769205332336,-1.0104920555846805e-13
26.255678109982323,-24.401258533342165,39.17065940640629,0.7780915032106629,-0.553077323847007,-5.894536990910637e-14
26.257290959616046,-24.412568889295507,39.170871695185404,0.7781907226708389,-0.552977548734778,-6.73661370389787e-14
26.258903909931433,-24.42387932694419,39.17108181444816,0.7782900221409577,-0.5528775951757833,-5.894536990910637e-14
26.260516960606484,-24.435189846399204,39.171289763490094,0.7783894016110284,-0.5527774631493045,-8.420767129872338e-14
26.262130111319195,-24.446500447771594,39.17149554160745,0.7784888610710219,-0.5526771526346703,-5.894536990910637e-14
