galstreams/tracks/track.ep.Acheron.grillmair2009.ecsv
# %ECSV 1.0
# ---
# datatype:
# - {name: ra, unit: deg, datatype: float64}
# - {name: dec, unit: deg, datatype: float64}
# - {name: distance, unit: kpc, datatype: float64}
# - {name: pm_ra_cosdec, unit: mas / yr, datatype: float64}
# - {name: pm_dec, unit: mas / yr, datatype: float64}
# - {name: radial_velocity, unit: km / s, datatype: float64}
# delimiter: ','
# meta: !!omap
# - __serialized_columns__:
#     dec:
#       __class__: astropy.coordinates.angles.Latitude
#       unit: &id001 !astropy.units.Unit {unit: deg}
#       value: !astropy.table.SerializedColumn {name: dec}
#     distance:
#       __class__: astropy.coordinates.distances.Distance
#       unit: !astropy.units.Unit {unit: kpc}
#       value: !astropy.table.SerializedColumn {name: distance}
#     pm_dec:
#       __class__: astropy.units.quantity.Quantity
#       unit: !astropy.units.Unit {unit: mas / yr}
#       value: !astropy.table.SerializedColumn {name: pm_dec}
#     pm_ra_cosdec:
#       __class__: astropy.units.quantity.Quantity
#       unit: !astropy.units.Unit {unit: mas / yr}
#       value: !astropy.table.SerializedColumn {name: pm_ra_cosdec}
#     ra:
#       __class__: astropy.coordinates.angles.Longitude
#       unit: *id001
#       value: !astropy.table.SerializedColumn {name: ra}
#       wrap_angle: !astropy.coordinates.Angle
#         unit: *id001
#         value: 360.0
#     radial_velocity:
#       __class__: astropy.units.quantity.Quantity
#       unit: !astropy.units.Unit {unit: km / s}
#       value: !astropy.table.SerializedColumn {name: radial_velocity}
# schema: astropy-2.0
ra,dec,distance,pm_ra_cosdec,pm_dec,radial_velocity
230.00000000000006,-1.9999999999999754,3.5,0.0,0.0,0.0
230.13965677083883,-1.8807550223847953,3.501507537688443,0.0,0.0,0.0
230.27929445343605,-1.761498880267353,3.5030150753768843,0.0,0.0,0.0
230.41891425968592,-1.6422322834189056,3.5045226130653266,0.0,0.0,0.0
230.55851740128765,-1.5229559413101539,3.5060301507537694,0.0,0.0,0.0
230.69810508975857,-1.4036705631313406,3.507537688442211,0.0,0.0,0.0
230.83767853644693,-1.284376857812933,3.5090452261306537,0.0,0.0,0.0
230.9772389525454,-1.1650755340457435,3.510552763819096,0.0,0.0,0.0
231.11678754910366,-1.0457673003014127,3.512060301507538,0.0,0.0,0.0
231.25632553704207,-0.9264528648528759,3.5135678391959804,0.0,0.0,0.0
231.39585412716463,-0.8071329357945406,3.5150753768844223,0.0,0.0,0.0
231.53537453017233,-0.6878082210627244,3.5165829145728646,0.0,0.0,0.0
231.674887956676,-0.5684794284561643,3.518090452261307,0.0,0.0,0.0
231.81439561721007,-0.44914726565613533,3.5195979899497494,0.0,0.0,0.0
231.95389872224578,-0.3298124402469233,3.5211055276381913,0.0,0.0,0.0
232.09339848220387,-0.2104756597363172,3.5226130653266337,0.0,0.0,0.0
232.23289610746878,-0.09113763157567922,3.524120603015076,0.0,0.0,0.0
232.37239280840097,0.028200936819371518,3.525628140703518,0.0,0.0,0.0
232.51188979535124,0.1475393380488873,3.5271356783919607,0.0,0.0,0.0
232.6513882786733,0.266876864708096,3.528643216080402,0.0,0.0,0.0
232.79088946873728,0.38621280936696,3.5301507537688446,0.0,0.0,0.0
232.93039457594307,0.5055464645500178,3.531658291457287,0.0,0.0,0.0
233.06990481073382,0.6248771227159199,3.5331658291457284,0.0,0.0,0.0
233.2094213836087,0.7442040762369672,3.5346733668341708,0.0,0.0,0.0
233.34894550513673,0.8635266173790013,3.5361809045226136,0.0,0.0,0.0
233.4884783859697,0.9828440382807381,3.5376884422110555,0.0,0.0,0.0
233.6280212368556,1.10215563093369,3.539195979899498,0.0,0.0,0.0
233.7675752686518,1.2214606871616625,3.54070351758794,0.0,0.0,0.0
233.90714169233817,1.34075849860029,3.5422110552763826,0.0,0.0,0.0
234.04672171903027,1.460048356676895,3.5437185929648245,0.0,0.0,0.0
234.18631655999272,1.5793295525899775,3.545226130653267,0.0,0.0,0.0
234.32592742665204,1.698601377288778,3.546733668341709,0.0,0.0,0.0
234.46555553060983,1.817863121453067,3.5482412060301507,0.0,0.0,0.0
234.605202083656,1.9371140754726963,3.5497487437185935,0.0,0.0,0.0
234.7448682977814,2.0563535294270903,3.5512562814070354,0.0,0.0,0.0
234.8845553851913,2.1755807730651178,3.5527638190954773,0.0,0.0,0.0
235.02426455831773,2.294795095784402,3.55427135678392,0.0,0.0,0.0
235.163997029833,2.4139957866111996,3.5557788944723616,0.0,0.0,0.0
235.303754012662,2.5331821341798753,3.5572864321608044,0.0,0.0,0.0
235.4435367199952,2.652353426712391,3.5587939698492463,0.0,0.0,0.0
235.58334636530145,2.7715089519981384,3.560301507537689,0.0,0.0,0.0
235.72318416234057,2.890647997373392,3.561809045226131,0.0,0.0,0.0
235.8630513251757,3.009769849700799,3.5633165829145734,0.0,0.0,0.0
236.0029490681864,3.1288737953492025,3.5648241206030153,0.0,0.0,0.0
236.1428786060807,3.247959120172936,3.566331658291458,0.0,0.0,0.0
236.28284115390736,3.367025109491633,3.5678391959798996,0.0,0.0,0.0
236.422837927069,3.486071048069691,3.569346733668342,0.0,0.0,0.0
236.5628701413332,3.6050962200957035,3.570854271356784,0.0,0.0,0.0
236.7029390128457,3.724099909162246,3.5723618090452267,0.0,0.0,0.0
236.84304575814198,3.8430813982453027,3.5738693467336686,0.0,0.0,0.0
236.9831915941593,3.9620399696836897,3.575376884422111,0.0,0.0,0.0
237.12337773824873,4.080974905158815,3.5768844221105534,0.0,0.0,0.0
237.26360540818706,4.199885485674091,3.5783919597989957,0.0,0.0,0.0
237.4038758221884,4.318770991534338,3.5798994974874376,0.0,0.0,0.0
237.54419019891586,4.4376307023255555,3.5814070351758795,0.0,0.0,0.0
237.684549757493,4.556463896894137,3.582914572864322,0.0,0.0,0.0
237.8249557175155,4.6752698533266095,3.5844221105527643,0.0,0.0,0.0
237.96540929906251,4.79404784892904,3.5859296482412066,0.0,0.0,0.0
238.10591172270745,4.91279716020638,3.587437185929649,0.0,0.0,0.0
238.2464642095297,5.0315170628421795,3.588944723618091,0.0,0.0,0.0
238.3870679811252,5.150206831677935,3.5904522613065333,0.0,0.0,0.0
238.52772425961746,5.268865740692446,3.5919597989949748,0.0,0.0,0.0
238.66843426766854,5.38749306298148,3.593467336683418,0.0,0.0,0.0
238.8091992284893,5.506088070737119,3.5949748743718595,0.0,0.0,0.0
238.95002036585012,5.624650035227073,3.5964824120603023,0.0,0.0,0.0
239.09089890409146,5.743178226774381,3.5979899497487438,0.0,0.0,0.0
239.23183606813365,5.86167191473652,3.5994974874371857,0.0,0.0,0.0
239.37283308348748,5.980130367485092,3.6010050251256285,0.0,0.0,0.0
239.51389117626394,6.098552852385119,3.6025125628140704,0.0,0.0,0.0
239.655011573184,6.216938635774313,3.6040201005025123,0.0,0.0,0.0
239.79619550158833,6.335286982942708,3.6055276381909547,0.0,0.0,0.0
239.93744418944712,6.453597158111913,3.6070351758793975,0.0,0.0,0.0
240.07875886536883,6.571868424414389,3.608542713567839,0.0,0.0,0.0
240.2201407586102,6.690100043873064,3.6100502512562818,0.0,0.0,0.0
240.3615910990843,6.8082912773804,3.6115577889447246,0.0,0.0,0.0
240.50311111737062,6.926441384678003,3.613065326633166,0.0,0.0,0.0
240.64470204472278,7.044549624335845,3.614572864321608,0.0,0.0,0.0
240.78636511307755,7.162615253731508,3.616080402010051,0.0,0.0,0.0
240.9281015550632,7.2806375290297005,3.6175879396984927,0.0,0.0,0.0
241.06991260400756,7.3986157051614985,3.6190954773869346,0.0,0.0,0.0
241.21179949394607,7.516549035803532,3.6206030150753774,0.0,0.0,0.0
241.35376345962985,7.634436773357537,3.622110552763819,0.0,0.0,0.0
241.49580573653276,7.752278168929386,3.6236180904522617,0.0,0.0,0.0
241.63792756085954,7.8700724723086095,3.625125628140704,0.0,0.0,0.0
241.78013016955245,7.987818931947579,3.626633165829146,0.0,0.0,0.0
241.92241480029875,8.105516794940682,3.628140703517588,0.0,0.0,0.0
242.06478269153715,8.223165307003795,3.6296482412060302,0.0,0.0,0.0
242.2072350824648,8.340763712453446,3.631155778894472,0.0,0.0,0.0
242.34977321304325,8.458311254185974,3.6326633165829145,0.0,0.0,0.0
242.49239832400525,8.575807173656973,3.6341708542713578,0.0,0.0,0.0
242.63511165686006,8.69325071086046,3.635678391959799,0.0,0.0,0.0
242.77791445389957,8.810641104307972,3.637185929648241,0.0,0.0,0.0
242.92080795820374,8.927977591008087,3.638693467336684,0.0,0.0,0.0
243.0637934136459,9.045259406445345,3.640201005025126,0.0,0.0,0.0
243.2068720648976,9.16248578455973,3.6417085427135687,0.0,0.0,0.0
243.35004515743373,9.279655957725797,3.64321608040201,0.0,0.0,0.0
243.49331393753658,9.396769156731759,3.6447236180904525,0.0,0.0,0.0
243.63667965230064,9.51382461075893,3.6462311557788953,0.0,0.0,0.0
243.78014354963636,9.630821547360828,3.6477386934673364,0.0,0.0,0.0
243.92370687827383,9.74775919244227,3.6492462311557787,0.0,0.0,0.0
244.06737088776651,9.864636770238791,3.650753768844222,0.0,0.0,0.0
244.21113682849438,9.98145350329576,3.652261306532664,0.0,0.0,0.0
244.35500595166678,10.098208612447433,3.6537688442211063,0.0,0.0,0.0
244.4989795093253,10.214901316796446,3.6552763819095477,0.0,0.0,0.0
244.64305875434587,10.331530833692696,3.65678391959799,0.0,0.0,0.0
244.78724494044135,10.448096378712837,3.6582914572864325,0.0,0.0,0.0
244.9315393221628,10.564597165639258,3.6597989949748753,0.0,0.0,0.0
245.0759431549013,10.681032406439396,3.6613065326633163,0.0,0.0,0.0
245.22045769488918,10.797401311244895,3.6628140703517595,0.0,0.0,0.0
245.36508419920068,10.913703088330829,3.6643216080402015,0.0,0.0,0.0
245.5098239257529,11.0299369440949,3.6658291457286434,0.0,0.0,0.0
245.65467813330565,11.146102083036647,3.6673366834170853,0.0,0.0,0.0
245.7996480814617,11.262197707736663,3.668844221105528,0.0,0.0,0.0
245.94473503066635,11.37822301883581,3.67035175879397,0.0,0.0,0.0
246.08994024220644,11.494177215014448,3.6718592964824124,0.0,0.0,0.0
246.2352649782098,11.610059492971649,3.6733668341708543,0.0,0.0,0.0
246.3807105016434,11.72586904740444,3.674874371859297,0.0,0.0,0.0
246.5262780763117,11.841605070987063,3.6763819095477386,0.0,0.0,0.0
246.67196896685465,11.957266754350194,3.677889447236181,0.0,0.0,0.0
246.81778443874526,12.072853286060214,3.6793969849246233,0.0,0.0,0.0
246.96372575828653,12.1883638525985,3.6809045226130657,0.0,0.0,0.0
247.10979419260843,12.303797638340665,3.682412060301508,0.0,0.0,0.0
247.2559910096642,12.419153825535885,3.68391959798995,0.0,0.0,0.0
247.40231747822654,12.534431594286168,3.6854271356783923,0.0,0.0,0.0
247.5487748678831,12.649630122525714,3.6869346733668347,0.0,0.0,0.0
247.69536444903184,12.764748586000204,3.688442211055276,0.0,0.0,0.0
247.84208749287575,12.879786158246166,3.689949748743719,0.0,0.0,0.0
247.98894527141732,12.994742010570327,3.6914572864321613,0.0,0.0,0.0
248.13593905745276,13.109615312029009,3.692964824120603,0.0,0.0,0.0
248.28307012456528,13.224405229407509,3.6944723618090456,0.0,0.0,0.0
248.4303397471186,13.339110927199519,3.695979899497488,0.0,0.0,0.0
248.57774920024949,13.45373156758657,3.69748743718593,0.0,0.0,0.0
248.72529975986012,13.568266310417481,3.6989949748743722,0.0,0.0,0.0
248.87299270260993,13.682714313187846,3.700502512562814,0.0,0.0,0.0
249.02082930590726,13.797074731019544,3.7020100502512565,0.0,0.0,0.0
249.16881084789995,13.911346716640251,3.703517587939699,0.0,0.0,0.0
249.31693860746617,14.025529420363021,3.7050251256281412,0.0,0.0,0.0
249.46521386420423,14.139621990065848,3.706532663316583,0.0,0.0,0.0
249.61363789842233,14.253623571171296,3.7080402010050255,0.0,0.0,0.0
249.76221199112754,14.367533306626132,3.709547738693468,0.0,0.0,0.0
249.91093742401435,14.481350336881013,3.7110552763819102,0.0,0.0,0.0
250.05981547945282,14.595073799870178,3.712562814070352,0.0,0.0,0.0
250.2088474404762,14.708702830991207,3.714070351758795,0.0,0.0,0.0
250.35803459076806,14.822236563084813,3.7155778894472364,0.0,0.0,0.0
250.5073782146486,14.935674126414602,3.717085427135679,0.0,0.0,0.0
250.65687959706113,15.04901464864701,3.7185929648241207,0.0,0.0,0.0
250.80654002355726,15.162257254831143,3.720100502512563,0.0,0.0,0.0
250.95636078028173,15.27540106737874,3.721608040201006,0.0,0.0,0.0
251.10634315395745,15.38844520604415,3.723115577889448,0.0,0.0,0.0
251.2564884318688,15.50138878790437,3.7246231155778897,0.0,0.0,0.0
251.40679790184524,15.614230927339113,3.7261306532663316,0.0,0.0,0.0
251.557272852244,15.726970736010951,3.7276381909547744,0.0,0.0,0.0
251.70791457193224,15.839607322845477,3.729145728643217,0.0,0.0,0.0
251.85872435026883,15.95213979401156,3.7306532663316587,0.0,0.0,0.0
252.0097034770851,16.06456725290159,3.7321608040201006,0.0,0.0,0.0
252.16085324266547,16.176888800111872,3.733668341708543,0.0,0.0,0.0
252.31217493772718,16.289103533423,3.7351758793969854,0.0,0.0,0.0
252.4636698533996,16.401210547780323,3.7366834170854273,0.0,0.0,0.0
252.6153392812027,16.513208935274484,3.738190954773869,0.0,0.0,0.0
252.76718451302506,16.625097785122,3.739698492462312,0.0,0.0,0.0
252.9192068411013,16.736876183645933,3.7412060301507535,0.0,0.0,0.0
253.07140755798866,16.84854321425661,3.7427135678391967,0.0,0.0,0.0
253.22378795654302,16.960097957432424,3.7442211055276386,0.0,0.0,0.0
253.37634932989445,17.071539490700715,3.745728643216081,0.0,0.0,0.0
253.52909297142185,17.182866888618722,3.7472361809045225,0.0,0.0,0.0
253.6820201747268,17.2940792227546,3.7487437185929653,0.0,0.0,0.0
253.8351322336072,17.405175561668557,3.750251256281407,0.0,0.0,0.0
253.98843044202997,17.516154970894014,3.7517587939698496,0.0,0.0,0.0
254.1419160941027,17.627016512918917,3.753266331658292,0.0,0.0,0.0
254.29559048404528,17.73775924716709,3.7547738693467334,0.0,0.0,0.0
254.44945490616027,17.848382229979702,3.7562814070351767,0.0,0.0,0.0
254.60351065480265,17.95888451459682,3.757788944723619,0.0,0.0,0.0
254.75775902434927,18.06926515113906,3.7592964824120605,0.0,0.0,0.0
254.9122013091667,18.179523186589343,3.760804020100503,0.0,0.0,0.0
255.06683880357937,18.289657664774722,3.762311557788945,0.0,0.0,0.0
255.2216728018361,18.39966762634839,3.763819095477387,0.0,0.0,0.0
255.37670459807623,18.50955210877169,3.7653266331658295,0.0,0.0,0.0
255.53193548629503,18.619310146296346,3.766834170854272,0.0,0.0,0.0
255.68736676030818,18.7289407699467,3.7683417085427138,0.0,0.0,0.0
255.8429997137155,18.83844300750215,3.7698492462311566,0.0,0.0,0.0
255.99883563986396,18.947815883479688,3.7713567839195976,0.0,0.0,0.0
256.1548758318096,19.057058419116508,3.7728643216080404,0.0,0.0,0.0
256.3111215822793,19.16616963235284,3.7743718592964832,0.0,0.0,0.0
256.46757418363075,19.275148537814797,3.7758793969849247,0.0,0.0,0.0
256.6242349278123,19.38399414679746,3.7773869346733675,0.0,0.0,0.0
256.78110510632206,19.49270546724804,3.778894472361809,0.0,0.0,0.0
256.9381860101653,19.601281503749156,3.7804020100502513,0.0,0.0,0.0
257.0954789298119,19.709721257502377,3.7819095477386937,0.0,0.0,0.0
257.25298515515266,19.818023726311747,3.783417085427136,0.0,0.0,0.0
257.41070597545433,19.926187904567573,3.7849246231155784,0.0,0.0,0.0
257.56864267931417,20.03421278323033,3.786432160804021,0.0,0.0,0.0
257.72679655461366,20.14209734981475,3.787939698492463,0.0,0.0,0.0
257.885168888471,20.249840588374024,3.7894472361809046,0.0,0.0,0.0
258.0437609671929,20.357441479484187,3.790954773869347,0.0,0.0,0.0
258.20257407622506,20.46489900022872,3.7924623115577893,0.0,0.0,0.0
258.36160950010265,20.572212124183256,3.7939698492462313,0.0,0.0,0.0
258.5208685223987,20.6793798214005,3.795477386934674,0.0,0.0,0.0
258.68035242567237,20.786401058395334,3.796984924623116,0.0,0.0,0.0
258.8400624914158,20.89327479813009,3.798492462311558,0.0,0.0,0.0
258.99999999999994,21.00000000000001,3.8,0.0,0.0,0.0
