galstreams/tracks/track.st.Gaia-12.ibata2021.ecsv
# %ECSV 0.9
# ---
# datatype:
# - {name: ra, unit: deg, datatype: float64}
# - {name: dec, unit: deg, datatype: float64}
# - {name: distance, unit: kpc, datatype: float64}
# - {name: pm_ra_cosdec, unit: mas / yr, datatype: float64}
# - {name: pm_dec, unit: mas / yr, datatype: float64}
# - {name: radial_velocity, unit: km / s, datatype: float64}
# delimiter: ','
# meta: !!omap
# - __serialized_columns__:
#     dec:
#       __class__: astropy.coordinates.angles.Latitude
#       unit: &id001 !astropy.units.Unit {unit: deg}
#       value: !astropy.table.SerializedColumn {name: dec}
#     distance:
#       __class__: astropy.coordinates.distances.Distance
#       unit: !astropy.units.Unit {unit: kpc}
#       value: !astropy.table.SerializedColumn {name: distance}
#     pm_dec:
#       __class__: astropy.units.quantity.Quantity
#       unit: !astropy.units.Unit {unit: mas / yr}
#       value: !astropy.table.SerializedColumn {name: pm_dec}
#     pm_ra_cosdec:
#       __class__: astropy.units.quantity.Quantity
#       unit: !astropy.units.Unit {unit: mas / yr}
#       value: !astropy.table.SerializedColumn {name: pm_ra_cosdec}
#     ra:
#       __class__: astropy.coordinates.angles.Longitude
#       unit: *id001
#       value: !astropy.table.SerializedColumn {name: ra}
#       wrap_angle: !astropy.coordinates.Angle
#         unit: *id001
#         value: 360.0
#     radial_velocity:
#       __class__: astropy.units.quantity.Quantity
#       unit: !astropy.units.Unit {unit: km / s}
#       value: !astropy.table.SerializedColumn {name: radial_velocity}
# schema: astropy-2.0
ra,dec,distance,pm_ra_cosdec,pm_dec,radial_velocity
[from data line 691]
41.59506272201971,15.859705716131586,11.354256030228903,5.829741454443769,-5.835235596190225,-5.0524602779234026e-14
41.60296274547486,15.853192718632483,11.350979502243092,5.83049633881404,-5.836566071858529,-6.73661370389787e-14
41.61086204667478,15.846679196701215,11.347706108762306,5.8312526453970674,-5.8378971571383715,-3.368306851948935e-14
41.61876062405794,15.840165148499421,11.344435869132202,5.832010385787215,-5.839228851696134,-6.73661370389787e-14
41.62665847606273,15.83365057218896,11.341168802698435,5.832769571578927,-5.840561155199849,-3.368306851948935e-14
41.634555601127474,15.82713546593189,11.33790492880666,5.833530214366732,-5.841894067319181,-6.73661370389787e-14
41.6424519976904,15.820619827890493,11.334644266802533,5.834292325745231,-5.84322758772544,-3.368306851948935e-14
41.65034766418967,15.814103656227262,11.331386836031706,5.8350559173091,-5.844561716091558,1.6841534259744676e-14
41.658242599063335,15.807586949104898,11.328132655839838,5.8358210006530955,-5.845896452092114,-3.368306851948935e-14
41.6661368007494,15.801069704686297,11.32488174557258,5.836587587372049,-5.847231795403309,-1.6841534259744676e-14
41.67403026768576,15.794551921134586,11.32163412457559,5.837355689060865,-5.8485677457029706,-1.347322740779574e-13
41.681922998310256,15.788033596613094,11.318389812194518,5.83812531731453,-5.849904302670564,-5.0524602779234026e-14
41.68981499106064,15.781514729285357,11.315148827775024,5.838896483728103,-5.851241465987166,-1.1789073981821273e-13
41.69770624437459,15.774995317315122,11.311911190662762,5.839669199896713,-5.852579235335481,-1.6841534259744676e-14
41.70559675668966,15.768475358866334,11.308676920203387,5.840443477415574,-5.853917610399833,-3.368306851948935e-14
41.713486526443376,15.761954852103175,11.305446035742554,5.841219327879967,-5.855256590866163,-3.368306851948935e-14
41.72137555207318,15.755433795190005,11.302218556625919,5.841996762885253,-5.856596176422032,-3.368306851948935e-14
41.7292638320164,15.748912186291406,11.298994502199136,5.842775794026856,-5.857936366756604,0.0
41.73715136471032,15.742390023572161,11.295773891807857,5.843556432900294,-5.85927716156067,0.0
41.74503814859213,15.73586730519727,11.29255674479774,5.844338691101138,-5.860618560526614,-3.368306851948935e-14
41.75292418209895,15.729344029331937,11.289343080514442,5.845122580225038,-5.861960563348437,5.0524602779234026e-14
41.760809463667805,15.722820194141562,11.286132918303613,5.845908111867726,-5.863303169721745,-8.420767129872338e-14
41.76869399173566,15.716295797791767,11.282926277510912,5.8466952976249935,-5.864646379343737,-3.368306851948935e-14
41.77657776473939,15.709770838448362,11.279723177481994,5.847484149092717,-5.8659901919132285,-3.368306851948935e-14
41.7844607811158,15.703245314277385,11.27652363756251,5.8482746778668355,-5.867334607130621,-5.0524602779234026e-14
41.79234303930161,15.696719223445067,11.273327677098122,5.849066895543357,-5.868679624697913,-6.73661370389787e-14
41.800224537733484,15.690192564117844,11.270135315434477,5.849860813718374,-5.870025244318705,-5.0524602779234026e-14
41.80810527484797,15.683665334462352,11.266946571917233,5.8506564439880435,-5.871371465698187,-6.73661370389787e-14
41.81598524908158,15.677137532645448,11.263761465892047,5.851453797948586,-5.872718288543131,6.73661370389787e-14
41.82386445887069,15.670609156834178,11.260580016704576,5.852252887196302,-5.874065712561903,-1.0104920555846805e-13
41.831742902651705,15.664080205195804,11.257402243700467,5.853053723327559,-5.875413737464458,-3.368306851948935e-14
41.83962057886084,15.657550675897783,11.254228166225381,5.8538563179387975,-5.87676236296233,-3.368306851948935e-14
41.847497485934305,15.651020567107775,11.251057803624974,5.85466068262652,-5.878111588768633,0.0
41.8553736223082,15.644489876993656,11.247891175244897,5.8554668289873035,-5.879461414598064,-6.73661370389787e-14
41.86324898641857,15.63795860372349,11.244728300430804,5.856274768617798,-5.880811840166895,-5.0524602779234026e-14
41.87112357670138,15.631426745465554,11.241569198528357,5.85708451311471,-5.882162865192969,-1.6841534259744676e-14
41.8789973915925,15.624894300388316,11.238413888883203,5.857896074074834,-5.883514489395712,-3.368306851948935e-14
41.88687042952776,15.618361266660465,11.235262390841003,5.858709463095008,-5.884866712496111,-3.368306851948935e-14
41.89474268894289,15.611827642450876,11.23211472374741,5.85952469177216,-5.886219534216725,-3.368306851948935e-14
41.902614168273566,15.605293425928627,11.22897090694808,5.860341771703273,-5.887572954281676,-1.6841534259744676e-14
41.91048486595533,15.598758615263005,11.225830959788665,5.861160714485402,-5.88892697241666,-6.73661370389787e-14
41.918354780423755,15.592223208623496,11.222694901614819,5.861981531715667,-5.890281588348921,-3.368306851948935e-14
41.926223910114246,15.585687204179782,11.219562751772202,5.862804234991254,-5.8916368018072705,-6.73661370389787e-14
41.934092253462175,15.579150600101752,11.216434529606467,5.863628835909421,-5.892992612522081,-5.0524602779234026e-14
41.941959808902844,15.572613394559488,11.21331025446327,5.8644553460674835,-5.8943490202252695,-1.6841534259744676e-14
41.949826574871466,15.566075585723272,11.210189945688263,5.86528377706283,-5.895706024650317,1.6841534259744676e-14
41.95769254980319,15.559537171763607,11.2070736226271,5.866114140492911,-5.897063625532253,-1.6841534259744676e-14
41.965557732133085,15.552998150851161,11.203961304625444,5.8669464479552405,-5.898421822607647,-6.73661370389787e-14
41.97342212029616,15.546458521156818,11.200853011028942,5.86778071104741,-5.899780615614631,0.0
41.98128571272734,15.539918280851671,11.19774876118325,5.868616941367053,-5.901140004292866,-6.73661370389787e-14
41.98914850786149,15.533377428107004,11.194648574434028,5.869455150511888,-5.902499988383566,-5.0524602779234026e-14
41.99701050413339,15.526835961094282,11.191552470126927,5.870295350079691,-5.903860567629484,0.0
42.004871699977755,15.520293877985191,11.188460467607603,5.871137551668296,-5.905221741774903,-3.368306851948935e-14
42.01273209382922,15.513751176951615,11.18537258622171,5.871981766875608,-5.906583510565654,-1.6841534259744676e-14
42.02059168412237,15.50720785616562,11.182288845314902,5.87282800729959,-5.907945873749091,-1.6841534259744676e-14
42.02845046929168,15.500663913799473,11.179209264232838,5.873676284538273,-5.909308831074104,-3.368306851948935e-14
42.03630844777162,15.494119348025647,11.176133862321173,5.87452661018975,-5.910672382291116,-5.0524602779234026e-14
42.04416561799651,15.487574157016804,11.173062658925554,5.875378995852172,-5.912036527152073,-6.73661370389787e-14
42.05202197840065,15.4810283389458,11.169995673391641,5.876233453123754,-5.913401265410444,0.0
42.05987752741827,15.474481891985706,11.166932925065092,5.877089993602778,-5.914766596821229,-1.6841534259744676e-14
42.067732263483514,15.467934814309753,11.163874433291564,5.877948628887573,-5.916132521140934,0.0
42.07558618503043,15.461387104091406,11.160820217416703,5.878809370576553,-5.917499038127603,-5.0524602779234026e-14
42.08343929049308,15.454838759504304,11.157770296786172,5.879672230268166,-5.918866147540782,3.368306851948935e-14
42.09129157830536,15.448289778722275,11.15472469074562,5.880537219560942,-5.920233849141535,3.368306851948935e-14
42.09914304690115,15.441740159919359,11.151683418640705,5.8814043500534625,-5.921602142692442,0.0
42.10699369471427,15.435189901269789,11.14864649981708,5.8822736333443695,-5.922971027957585,3.368306851948935e-14
42.11484352017842,15.428639000947971,11.145613953620405,5.883145081032362,-5.92434050470256,-1.6841534259744676e-14
42.12269252172728,15.422087457128535,11.14258579939633,5.884018704716208,-5.92571057269447,-3.368306851948935e-14
42.130540697794466,15.415535267986279,11.139562056490512,5.8848945159947235,-5.927081231701914,3.368306851948935e-14
42.13838804681347,15.408982431696208,11.136542744248604,5.8857725264667895,-5.928452481494997,-3.368306851948935e-14
42.14623456721778,15.40242894643351,11.133527882016264,5.886652747731347,-5.929824321845324,5.0524602779234026e-14
42.15408025744076,15.395874810373579,11.13051748913915,5.887535191387389,-5.931196752525989,1.6841534259744676e-14
42.161925115915764,15.389320021691999,11.127511584962907,5.888419869033974,-5.932569773311593,-6.73661370389787e-14
42.16976914107604,15.38276457856453,11.124510188833199,5.889306792270214,-5.933943383978219,-1.6841534259744676e-14
42.17761233135476,15.376208479167136,11.121513320095673,5.890195972695281,-5.935317584303447,-5.0524602779234026e-14
42.185454685185064,15.369651721675979,11.118520998095992,5.891087421908402,-5.93669237406634,1.6841534259744676e-14
42.19329620100001,15.363094304267397,11.11553324217981,5.891981151508859,-5.938067753047452,-1.6841534259744676e-14
42.20113687723258,15.356536225117937,11.112550071692777,5.892877173096,-5.939443721028816,-6.73661370389787e-14
42.20897671231572,15.349977482404315,11.109571505980545,5.8937754982692185,-5.940820277793947,-1.6841534259744676e-14
42.21681570468225,15.343418074303449,11.106597564388784,5.894676138627968,-5.942197423127842,-3.368306851948935e-14
42.224653852764995,15.336857998992453,11.103628266263135,5.895579105771761,-5.943575156816975,-1.6841534259744676e-14
42.232491154996666,15.330297254648627,11.10066363094926,5.896484411300159,-5.944953478649288,1.6841534259744676e-14
42.240327609809924,15.323735839449455,11.097703677792811,5.897392066812788,-5.946332388414209,-3.368306851948935e-14
42.248163215637376,15.317173751572605,11.094748426139443,5.898302083909322,-5.947711885902623,-1.6841534259744676e-14
42.25599797091155,15.310610989195956,11.09179789533481,5.899214474189492,-5.9490919709068955,1.6841534259744676e-14
42.263831874064905,15.30404755049755,11.08885210472457,5.900129249253082,-5.9504726432208495,-3.368306851948935e-14
42.271664923529855,15.297483433655634,11.085911073654378,5.90104642069993,-5.951853902639771,-5.0524602779234026e-14
42.279497117738735,15.290918636848641,11.082974821469886,5.901966000129934,-5.953235748960417,-3.368306851948935e-14
42.28732845512381,15.284353158255183,11.080043367516753,5.902887999143035,-5.954618181980994,0.0
42.29515893411729,15.27778699605407,11.077116731140627,5.903812429339239,-5.956001201501176,-3.368306851948935e-14
42.30298855315134,15.271220148424293,11.074194931687174,5.904739302318592,-5.9573848073220805,-3.368306851948935e-14
42.310817310658024,15.264652613545033,11.071277988502038,5.905668629681205,-5.9587689992462884,-6.73661370389787e-14
42.318645205069366,15.258084389595655,11.068365920930882,5.9066004230272355,-5.960153777077828,-8.420767129872338e-14
42.32647223481734,15.251515474755712,11.065458748319353,5.9075346939568965,-5.961539140622175,3.368306851948935e-14
42.334298398333814,15.244945867204938,11.062556490013115,5.908471454070441,-5.962925089686251,0.0
42.34212369405062,15.23837556512327,11.059659165357818,5.9094107149682,-5.964311624078429,-6.73661370389787e-14
42.34994812039955,15.231804566690807,11.056766793699115,5.910352488250522,-5.96569874360851,-3.368306851948935e-14
42.3577716758123,15.225232870087853,11.053879394382665,5.911296785517836,-5.967086448087749,-3.368306851948935e-14
42.36559435872051,15.218660473494877,11.050996986754122,5.912243618370603,-5.968474737328833,-3.368306851948935e-14
42.37341616755577,15.212087375092542,11.048119590159141,5.913192998409339,-5.969863611145882,0.0
42.38123710074958,15.205513573061717,11.045247223943377,5.914144937234619,-5.971253069354454,0.0
42.389057156733436,15.198939065583415,11.042379907452482,5.915099446447061,-5.972643111771537,3.368306851948935e-14
42.39687633393871,15.192363850838865,11.039517660032118,5.916056537647328,-5.974033738215542,-1.6841534259744676e-14
42.40469463079675,15.185787927009466,11.036660501027932,5.917016222436139,-5.975424948506319,-1.6841534259744676e-14
42.41251204573882,15.17921129227679,11.033808449785582,5.917978512414264,-5.9768167424651315,-5.0524602779234026e-14
42.42032857719616,15.17263394482261,11.030961525650726,5.918943419182517,-5.978209119914671,-1.6841534259744676e-14
42.42814422359991,15.166055882828887,11.028119747969019,5.919910954341759,-5.9796020806790455,-3.368306851948935e-14
42.43595898338117,15.159477104477734,11.025283136086108,5.9208811294929085,-5.980995624583785,-1.6841534259744676e-14
42.44377285497097,15.152897607951482,11.022451709347658,5.92185395623692,-5.982389751455831,-1.6841534259744676e-14
42.451585836800305,15.14631739143261,11.019625487099317,5.922829446174805,-5.983784461123541,-5.0524602779234026e-14
42.459397927300074,15.139736453103806,11.016804488686743,5.923807610907618,-5.985179753416687,-3.368306851948935e-14
42.467209124901146,15.133154791147923,11.01398873345559,5.924788462036463,-5.986575628166443,-3.368306851948935e-14
42.47501942803431,15.126572403748,11.011178240751516,5.925772011162493,-5.9879720852053975,1.6841534259744676e-14
42.482828835130306,15.119989289087258,11.008373029920175,5.9267582698869,-5.989369124367537,-8.420767129872338e-14
42.490637344619834,15.113405445349095,11.005573120307217,5.927747249810931,-5.990766745488257,3.368306851948935e-14
42.49844495493349,15.106820870717097,11.002778531258302,5.92873896253587,-5.992164948404345,-1.6841534259744676e-14
42.50625166450186,15.100235563375012,10.999989282119085,5.929733419663057,-5.993563732953995,3.368306851948935e-14
42.51405747175543,15.093649521506789,10.997205392235216,5.930730632793873,-5.994963098976796,-6.73661370389787e-14
42.52186237512468,15.08706274329654,10.994426880952357,5.9317306135297425,-5.996363046313725,-1.6841534259744676e-14
42.529666373039966,15.080475226928568,10.991653767616159,5.932733373472135,-5.9977635748071565,1.6841534259744676e-14
42.537469463931636,15.073886970587342,10.988886071572276,5.933738924222568,-5.999164684300849,0.0
42.54527164622998,15.06729797245752,10.986123812166364,5.934747277382604,-6.000566374639956,0.0
42.553072918365196,15.060708230723934,10.983367008744082,5.935758444553844,-6.001968645671005,0.0
42.56087327876745,15.05411774357159,10.98061568065108,5.936772437337938,-6.003371497241918,-5.0524602779234026e-14
42.56867272586687,15.047526509185676,10.977869847233016,5.937789267336577,-6.004774929201989,-6.73661370389787e-14
42.576471258093484,15.040934525751563,10.975129527835543,5.9388089461515,-6.006178941401894,-3.368306851948935e-14
42.584268873877285,15.034341791454779,10.972394741804315,5.939831485384484,-6.007583533693685,-1.6841534259744676e-14
42.59206557164823,15.02774830448106,10.96966550848499,5.940856896637349,-6.008988705930789,0.0
42.599861349836175,15.021154063016281,10.96694184722322,5.941885191511965,-6.010394457968002,-1.6841534259744676e-14
42.607656206870956,15.014559065246525,10.964223777364662,5.942916381610228,-6.011800789661487,-1.6841534259744676e-14
42.61545014118236,15.007963309358034,10.961511318254974,5.943950478534097,-6.013207700868785,-5.0524602779234026e-14
42.62324315120008,15.001366793537226,10.958804489239805,5.944987493885558,-6.01461519144879,-3.368306851948935e-14
42.631035235353785,14.994769515970695,10.956103309664812,5.946027439266642,-6.016023261261768,-1.6841534259744676e-14
42.638826392073085,14.98817147484522,10.953407798875652,5.947070326279424,-6.017431910169341,-1.6841534259744676e-14
42.64661661978753,14.981572668347741,10.950717976217978,5.948116166526018,-6.01884113803449,0.0
42.654405916926606,14.97497309466538,10.948033861037448,5.949164971608576,-6.020250944721549,3.368306851948935e-14
42.662194281919774,14.968372751985427,10.94535547267971,5.950216753129299,-6.02166133009622,3.368306851948935e-14
42.66998171319641,14.961771638495357,10.942682830490424,5.951271522690421,-6.023072294025537,-3.368306851948935e-14
42.67776820918585,14.955169752382806,10.940015953815246,5.9523292918942134,-6.024483836377899,-3.368306851948935e-14
42.685553768317384,14.948567091835585,10.93735486199983,5.953390072342991,-6.025895957023046,0.0
