galstreams/tracks/track.st.300S.fu2018.ecsv
# %ECSV 1.0
# ---
# datatype:
# - {name: ra, unit: deg, datatype: float64}
# - {name: dec, unit: deg, datatype: float64}
# - {name: distance, unit: kpc, datatype: float64}
# - {name: pm_ra_cosdec, unit: mas / yr, datatype: float64}
# - {name: pm_dec, unit: mas / yr, datatype: float64}
# - {name: radial_velocity, unit: km / s, datatype: float64}
# delimiter: ','
# meta: !!omap
# - __serialized_columns__:
#     dec:
#       __class__: astropy.coordinates.angles.Latitude
#       unit: &id001 !astropy.units.Unit {unit: deg}
#       value: !astropy.table.SerializedColumn {name: dec}
#     distance:
#       __class__: astropy.coordinates.distances.Distance
#       unit: !astropy.units.Unit {unit: kpc}
#       value: !astropy.table.SerializedColumn {name: distance}
#     pm_dec:
#       __class__: astropy.units.quantity.Quantity
#       unit: !astropy.units.Unit {unit: mas / yr}
#       value: !astropy.table.SerializedColumn {name: pm_dec}
#     pm_ra_cosdec:
#       __class__: astropy.units.quantity.Quantity
#       unit: !astropy.units.Unit {unit: mas / yr}
#       value: !astropy.table.SerializedColumn {name: pm_ra_cosdec}
#     ra:
#       __class__: astropy.coordinates.angles.Longitude
#       unit: *id001
#       value: !astropy.table.SerializedColumn {name: ra}
#       wrap_angle: !astropy.coordinates.Angle
#         unit: *id001
#         value: 360.0
#     radial_velocity:
#       __class__: astropy.units.quantity.Quantity
#       unit: !astropy.units.Unit {unit: km / s}
#       value: !astropy.table.SerializedColumn {name: radial_velocity}
# schema: astropy-2.0
ra,dec,distance,pm_ra_cosdec,pm_dec,radial_velocity
151.80000501357952,16.046962361139933,17.963332941831744,-4.440892098500626e-16,-1.1102230246251565e-16,298.52295912771336
151.81037059758484,16.045938058942987,17.959255803742696,-6.661338147750939e-16,1.1102230246251565e-16,298.52433836173
151.82073600863086,16.044912735674973,17.955180109197666,0.0,2.220446049250313e-16,298.52569679179453
151.83110124667758,16.043886392048957,17.9511058582695,2.220446049250313e-16,1.1102230246251565e-16,298.52703442359183
151.841466311685,16.04285902877803,17.947033051031035,0.0,2.220446049250313e-16,298.5283512628071
151.85183120361322,16.041830646575285,17.942961687555098,8.881784197001252e-16,0.0,298.52964731512526
151.86219592242264,16.04080124615382,17.938891767914523,0.0,2.220446049250313e-16,298.5309225862314
151.87256046807383,16.03977082822674,17.93482329218216,1.1102230246251565e-15,-2.220446049250313e-16,298.53217708181046
151.88292484052747,16.038739393507154,17.93075626043083,1.5543122344752192e-15,-1.1102230246251565e-16,298.5334108075476
151.89328903974447,16.03770694270819,17.926690672733372,2.220446049250313e-16,0.0,298.5346237691278
151.9036530656858,16.03667347654298,17.92262652916262,6.661338147750939e-16,3.3306690738754696e-16,298.53581597223604
151.91401691831274,16.03563899572465,17.918563829791417,8.881784197001252e-16,-1.1102230246251565e-16,298.53698742255756
151.9243805975867,16.034603500966345,17.91450257469259,4.440892098500626e-16,0.0,298.53813812577727
151.9347441034692,16.03356699298122,17.910442763938978,-4.440892098500626e-16,-3.3306690738754696e-16,298.53926808758024
151.94510743592187,16.032529472482434,17.90638439760341,6.661338147750939e-16,0.0,298.5403773136514
151.95547059490679,16.031490940183136,17.90232747575873,8.881784197001252e-16,1.1102230246251565e-16,298.54146580967586
151.96583358038598,16.030451396796515,17.898271998477767,2.220446049250313e-16,-2.220446049250313e-16,298.5425335813387
151.9761963923216,16.02941084303574,17.89421796583336,2.220446049250313e-16,-4.440892098500626e-16,298.5435806343249
151.9865590306761,16.028369279614004,17.89016537789834,4.440892098500626e-16,-1.1102230246251565e-16,298.5446069743195
151.99692149541212,16.02732670724449,17.88611423474555,0.0,-2.220446049250313e-16,298.54561260700757
152.00728378649237,16.0262831266404,17.882064536447817,6.661338147750939e-16,2.220446049250313e-16,298.54659753807414
152.01764590387978,16.025238538514948,17.87801628307798,1.5543122344752192e-15,4.440892098500626e-16,298.54756177320417
152.0280078475374,16.024192943581347,17.873969474708876,6.661338147750939e-16,0.0,298.5485053180828
152.0383696174286,16.02314634255281,17.869924111413333,6.661338147750939e-16,-1.1102230246251565e-16,298.54942817839503
152.04873121351676,16.022098736142564,17.865880193264196,2.220446049250313e-16,-1.1102230246251565e-16,298.550330359826
152.0590926357655,16.021050125063855,17.861837720334293,6.661338147750939e-16,-2.220446049250313e-16,298.55121186806053
152.06945388413848,16.02000051002992,17.857796692696468,1.1102230246251565e-15,-1.1102230246251565e-16,298.55207270878395
152.07981495859985,16.018949891753998,17.85375711042354,6.661338147750939e-16,-3.3306690738754696e-16,298.5529128876809
152.0901758591136,16.01789827094935,17.849718973588363,1.3322676295501878e-15,-1.1102230246251565e-16,298.5537324104369
152.10053658564408,16.016845648329237,17.845682282263756,1.1102230246251565e-15,-1.1102230246251565e-16,298.55453128273655
152.11089713815565,16.01579202460695,17.841647036522563,0.0,-2.220446049250313e-16,298.5553095102651
152.12125751661304,16.01473740049573,17.837613236437623,4.440892098500626e-16,0.0,298.5560670987076
152.13161772098104,16.01368177670887,17.833580882081765,8.881784197001252e-16,0.0,298.556804053749
152.1419777512246,16.012625153959675,17.829549973527826,6.661338147750939e-16,-1.1102230246251565e-16,298.5575203810745
152.1523376073088,16.011567532961436,17.825520510848637,8.881784197001252e-16,-3.3306690738754696e-16,298.55821608636893
152.1626972891991,16.01050891442744,17.821492494117038,6.661338147750939e-16,-2.220446049250313e-16,298.5588911753174
152.17305679686086,16.009449299071008,17.817465923405862,6.661338147750939e-16,1.1102230246251565e-16,298.559545653605
152.18341613025976,16.008388687605454,17.81344079878795,6.661338147750939e-16,2.220446049250313e-16,298.5601795269167
152.19377528936158,16.007327080744112,17.80941712033613,2.220446049250313e-16,-1.1102230246251565e-16,298.5607928009377
152.20413427413243,16.006264479200293,17.805394888123242,8.881784197001252e-16,0.0,298.5613854813527
152.2144930845384,16.00520088368734,17.801374102222113,2.220446049250313e-16,-2.220446049250313e-16,298.56195757384717
152.22485172054576,16.00413629491861,17.79735476270559,2.220446049250313e-16,0.0,298.5625090841058
152.2352101821211,16.00307071360743,17.793336869646506,6.661338147750939e-16,2.220446049250313e-16,298.56304001781393
152.24556846923113,16.002004140467168,17.789320423117683,2.220446049250313e-16,0.0,298.56355038065624
152.2559265818426,16.00093657621118,17.785305423191975,8.881784197001252e-16,1.1102230246251565e-16,298.564040178318
152.26628451992252,15.999868021552851,17.7812918699422,4.440892098500626e-16,-1.1102230246251565e-16,298.5645094164842
152.27664228343815,15.998798477205534,17.777279763441207,0.0,0.0,298.5649581008399
152.2869998723568,15.997727943882627,17.773269103761827,6.661338147750939e-16,-2.220446049250313e-16,298.5653862370701
152.29735728664602,15.996656422297502,17.769259890976894,6.661338147750939e-16,2.220446049250313e-16,298.5657938308599
152.3077145262734,15.995583913163584,17.765252125159243,8.881784197001252e-16,-1.1102230246251565e-16,298.5661808878942
152.31807159120694,15.994510417194249,17.761245806381698,2.220446049250313e-16,-3.3306690738754696e-16,298.5665474138582
152.32842848141462,15.993435935102903,17.75724093471712,8.881784197001252e-16,1.1102230246251565e-16,298.56689341443683
152.33878519686465,15.992360467602971,17.753237510238325,0.0,-4.440892098500626e-16,298.56721889531525
152.34914173752531,15.991284015407874,17.749235533018158,2.220446049250313e-16,-2.220446049250313e-16,298.5675238621784
152.3594981033653,15.99020657923103,17.745235003129444,4.440892098500626e-16,-1.1102230246251565e-16,298.5678083207112
152.36985429435325,15.98912815978588,17.741235920645032,6.661338147750939e-16,-1.1102230246251565e-16,298.56807227659885
152.380210310458,15.98804875778586,17.737238285637737,1.1102230246251565e-15,-3.3306690738754696e-16,298.56831573552654
152.39056615164864,15.98696837394442,17.733242098180412,6.661338147750939e-16,-2.220446049250313e-16,298.56853870317894
152.40092181789447,15.985887008975004,17.729247358345887,8.881784197001252e-16,-3.3306690738754696e-16,298.5687411852414
152.41127730916477,15.984804663591067,17.725254066206993,1.1102230246251565e-15,-3.3306690738754696e-16,298.5689231873987
152.4216326254292,15.983721338506086,17.72126222183658,2.220446049250313e-16,-2.220446049250313e-16,298.5690847153362
152.43198776665733,15.982637034433527,17.717271825307463,4.440892098500626e-16,0.0,298.5692257747386
152.4423427328192,15.98155175208686,17.713282876692485,2.220446049250313e-16,-3.3306690738754696e-16,298.5693463712911
152.45269752388486,15.980465492179572,17.70929537606449,6.661338147750939e-16,-3.3306690738754696e-16,298.5694465106787
152.46305213982455,15.979378255425154,17.705309323496298,6.661338147750939e-16,-2.220446049250313e-16,298.56952619858663
152.47340658060858,15.9782900425371,17.701324719060757,4.440892098500626e-16,-1.1102230246251565e-16,298.56958544069954
152.48376084620767,15.977200854228906,17.697341562830697,8.881784197001252e-16,2.220446049250313e-16,298.5696242427028
152.49411493659252,15.976110691214085,17.693359854878956,8.881784197001252e-16,-2.220446049250313e-16,298.5696426102814
152.50446885173403,15.975019554206149,17.68937959527836,8.881784197001252e-16,0.0,298.56964054912015
152.51482259160323,15.973927443918623,17.68540078410176,8.881784197001252e-16,0.0,298.5696180649044
152.5251761561715,15.972834361065019,17.681423421421975,8.881784197001252e-16,-3.3306690738754696e-16,298.569575163319
152.5355295454102,15.97174030635887,17.67744750731185,2.220446049250313e-16,-2.220446049250313e-16,298.56951185004897
152.54588275929086,15.970645280513725,17.673473041844222,0.0,0.0,298.56942813077944
152.55623579778538,15.969549284243119,17.669500025091917,6.661338147750939e-16,-4.440892098500626e-16,298.5693240111955
152.5665886608656,15.968452318260592,17.66552845712778,1.5543122344752192e-15,-1.1102230246251565e-16,298.569199496982
152.57694134850368,15.967354383279714,17.661558338024637,8.881784197001252e-16,-2.220446049250313e-16,298.56905459382403
152.58729386067176,15.966255480014048,17.65758966785533,1.1102230246251565e-15,-2.220446049250313e-16,298.5688893074069
152.59764619734247,15.965155609177145,17.653622446692687,4.440892098500626e-16,-4.440892098500626e-16,298.5687036434151
152.60799835848832,15.964054771482578,17.649656674609556,1.7763568394002505e-15,-2.220446049250313e-16,298.5684976075342
152.61835034408213,15.96295296764394,17.64569235167876,6.661338147750939e-16,-3.3306690738754696e-16,298.5682712054491
152.62870215409674,15.961850198374808,17.641729477973144,8.881784197001252e-16,-2.220446049250313e-16,298.56802444284466
152.6390537885054,15.960746464388764,17.637768053565534,1.5543122344752192e-15,0.0,298.567757325406
152.64940524728138,15.959641766399406,17.633808078528773,4.440892098500626e-16,2.220446049250313e-16,298.56746985881824
152.65975653039806,15.958536105120347,17.62984955293569,6.661338147750939e-16,-2.220446049250313e-16,298.5671620487663
152.67010763782906,15.957429481265185,17.625892476859125,6.661338147750939e-16,1.1102230246251565e-16,298.56683390093536
152.68045856954828,15.956321895547536,17.621936850371902,4.440892098500626e-16,-1.1102230246251565e-16,298.5664854210104
152.69080932552964,15.95521334868101,17.617982673546873,2.220446049250313e-16,0.0,298.5661166146764
152.7011599057472,15.954103841379235,17.614029946456867,1.3322676295501878e-15,0.0,298.56572748761835
152.71151031017533,15.952993374355852,17.610078669174715,2.220446049250313e-16,-1.1102230246251565e-16,298.5653180455215
152.72186053878852,15.951881948324475,17.60612884177326,6.661338147750939e-16,2.220446049250313e-16,298.5648882940707
152.73221059156137,15.950769563998758,17.602180464325322,1.3322676295501878e-15,-2.220446049250313e-16,298.5644382389511
152.7425604684687,15.949656222092345,17.598233536903752,1.5543122344752192e-15,-1.1102230246251565e-16,298.5639678858476
152.75291016948543,15.948541923318903,17.59428805958138,1.3322676295501878e-15,-1.1102230246251565e-16,298.5634772404454
152.76325969458682,15.947426668392053,17.59034403243104,6.661338147750939e-16,-1.1102230246251565e-16,298.5629663084295
152.7736090437481,15.94631045802549,17.58640145552557,2.220446049250313e-16,-3.3306690738754696e-16,298.5624350954848
152.7839582169448,15.945193292932862,17.582460328937806,4.440892098500626e-16,-3.3306690738754696e-16,298.5618836072965
152.79430721415244,15.94407517382786,17.57852065274058,1.7763568394002505e-15,2.220446049250313e-16,298.5613118495495
152.80465603534705,15.942956101424155,17.574582427006725,4.440892098500626e-16,-3.3306690738754696e-16,298.56071982792895
152.8150046805045,15.941836076435433,17.570645651809077,6.661338147750939e-16,-4.440892098500626e-16,298.5601075481199
152.82535314960097,15.940715099575373,17.566710327220477,1.7763568394002505e-15,-4.440892098500626e-16,298.5594750158072
152.8357014426127,15.93959317155769,17.562776453313756,1.1102230246251565e-15,2.220446049250313e-16,298.5588222366762
152.84604955951636,15.938470293096069,17.558844030161747,6.661338147750939e-16,0.0,298.55814921641166
152.85639750028852,15.937346464904229,17.554913057837297,4.440892098500626e-16,-2.220446049250313e-16,298.5574559606988
152.86674526490597,15.936221687695864,17.550983536413227,1.3322676295501878e-15,3.3306690738754696e-16,298.5567424752226
152.87709285334574,15.935095962184715,17.547055465962373,2.220446049250313e-16,-3.3306690738754696e-16,298.556008765668
152.88744026558504,15.933969289084478,17.54312884655758,4.440892098500626e-16,0.0,298.55525483772016
152.89778750160116,15.932841669108896,17.53920367827168,1.1102230246251565e-15,-1.1102230246251565e-16,298.55448069706404
152.90813456137164,15.931713102971695,17.535279961177505,1.1102230246251565e-15,0.0,298.5536863493848
152.91848144487412,15.930583591386624,17.53135769534789,6.661338147750939e-16,1.1102230246251565e-16,298.5528718003673
152.92882815208645,15.929453135067412,17.52743688085567,8.881784197001252e-16,0.0,298.55203705569676
152.9391746829867,15.928321734727813,17.523517517773683,6.661338147750939e-16,-3.3306690738754696e-16,298.55118212105805
152.94952103755296,15.927189391081582,17.519599606174765,0.0,0.0,298.5503070021363
152.95986721576364,15.926056104842473,17.515683146131746,1.3322676295501878e-15,1.1102230246251565e-16,298.5494117046165
152.97021321759723,15.924921876724254,17.511768137717475,1.1102230246251565e-15,-1.1102230246251565e-16,298.5484962341838
152.98055904303246,15.923786707440678,17.50785458100477,8.881784197001252e-16,4.440892098500626e-16,298.5475605965231
152.99090469204805,15.922650597705553,17.503942476066474,8.881784197001252e-16,0.0,298.5466047973195
153.00125016462317,15.921513548232626,17.500031822975416,1.3322676295501878e-15,-2.220446049250313e-16,298.545628842258
153.01159546073697,15.920375559735685,17.49612262180445,6.661338147750939e-16,-1.1102230246251565e-16,298.5446327370238
153.0219405803688,15.91923663292853,17.492214872626388,2.220446049250313e-16,0.0,298.5436164873017
153.03228552349808,15.918096768524954,17.48830857551408,1.5543122344752192e-15,-1.1102230246251565e-16,298.542580098777
153.04263029010468,15.91695596723875,17.48440373054035,4.440892098500626e-16,-1.1102230246251565e-16,298.54152357713446
153.0529748801684,15.91581422978372,17.48050033777805,8.881784197001252e-16,-3.3306690738754696e-16,298.5404469280593
153.0633192936692,15.914671556873671,17.47659839729999,6.661338147750939e-16,0.0,298.53935015723647
153.07366353058728,15.913527949222434,17.47269790917904,1.3322676295501878e-15,-2.220446049250313e-16,298.53823327035104
153.08400759090313,15.912383407543803,17.468798873487998,6.661338147750939e-16,-1.1102230246251565e-16,298.537096273088
153.09435147459718,15.911237932551614,17.46490129029973,1.3322676295501878e-15,1.1102230246251565e-16,298.5359391711325
153.10469518165016,15.910091524959695,17.461005159687048,8.881784197001252e-16,0.0,298.53476197016954
153.1150387120429,15.908944185481886,17.4571104817228,8.881784197001252e-16,-2.220446049250313e-16,298.53356467588407
153.1253820657565,15.90779591483201,17.45321725647982,4.440892098500626e-16,-4.440892098500626e-16,298.53234729396127
153.13572524277214,15.906646713723914,17.44932548403094,8.881784197001252e-16,-2.220446049250313e-16,298.53110983008605
153.14606824307117,15.905496582871445,17.445435164449005,1.3322676295501878e-15,-1.1102230246251565e-16,298.52985228994345
153.15641106663512,15.904345522988468,17.44154629780683,2.220446049250313e-16,-2.220446049250313e-16,298.52857467921865
153.16675371344573,15.90319353478882,17.437658884177274,8.881784197001252e-16,-1.1102230246251565e-16,298.5272770035965
153.1770961834849,15.902040618986373,17.43377292363315,1.1102230246251565e-15,-1.1102230246251565e-16,298.5259592687622
153.18743847673466,15.900886776294989,17.42988841624731,1.7763568394002505e-15,0.0,298.52462148040075
153.19778059317713,15.899732007428554,17.42600536209258,1.5543122344752192e-15,1.1102230246251565e-16,298.523263644197
153.20812253279482,15.89857631310092,17.422123761241807,8.881784197001252e-16,2.220446049250313e-16,298.5218857658364
153.21846429557024,15.897419694025979,17.41824361376781,0.0,2.220446049250313e-16,298.5204878510035
153.22880588148604,15.896262150917618,17.41436491974343,1.3322676295501878e-15,-1.1102230246251565e-16,298.5190699053837
