galstreams/tracks/track.st.Gunnthra.ibata2021.ecsv
# %ECSV 0.9
# ---
# datatype:
# - {name: ra, unit: deg, datatype: float64}
# - {name: dec, unit: deg, datatype: float64}
# - {name: distance, unit: kpc, datatype: float64}
# - {name: pm_ra_cosdec, unit: mas / yr, datatype: float64}
# - {name: pm_dec, unit: mas / yr, datatype: float64}
# - {name: radial_velocity, unit: km / s, datatype: float64}
# delimiter: ','
# meta: !!omap
# - __serialized_columns__:
#     dec:
#       __class__: astropy.coordinates.angles.Latitude
#       unit: &id001 !astropy.units.Unit {unit: deg}
#       value: !astropy.table.SerializedColumn {name: dec}
#     distance:
#       __class__: astropy.coordinates.distances.Distance
#       unit: !astropy.units.Unit {unit: kpc}
#       value: !astropy.table.SerializedColumn {name: distance}
#     pm_dec:
#       __class__: astropy.units.quantity.Quantity
#       unit: !astropy.units.Unit {unit: mas / yr}
#       value: !astropy.table.SerializedColumn {name: pm_dec}
#     pm_ra_cosdec:
#       __class__: astropy.units.quantity.Quantity
#       unit: !astropy.units.Unit {unit: mas / yr}
#       value: !astropy.table.SerializedColumn {name: pm_ra_cosdec}
#     ra:
#       __class__: astropy.coordinates.angles.Longitude
#       unit: *id001
#       value: !astropy.table.SerializedColumn {name: ra}
#       wrap_angle: !astropy.coordinates.Angle
#         unit: *id001
#         value: 360.0
#     radial_velocity:
#       __class__: astropy.units.quantity.Quantity
#       unit: !astropy.units.Unit {unit: km / s}
#       value: !astropy.table.SerializedColumn {name: radial_velocity}
# schema: astropy-2.0
ra,dec,distance,pm_ra_cosdec,pm_dec,radial_velocity
[from data line 680]
288.3041573582327,-72.47945300678911,3.1012364019817853,-13.61506889001991,-24.83310578634493,1.347322740779574e-13
288.3234426518862,-72.47117524457751,3.1011706186496197,-13.607204601563794,-24.840783144453617,1.6841534259744677e-13
288.34269708313,-72.46289326822678,3.101104759920951,-13.59934985268929,-24.848453242220366,1.347322740779574e-13
288.3619206994531,-72.45460708701985,3.10103882660896,-13.591504632658319,-24.85611609363195,1.515738083377021e-13
288.3811135483223,-72.4463167102206,3.1009728195268274,-13.58366893071726,-24.863771712631817,1.6841534259744677e-13
288.40027567718255,-72.43802214707385,3.100906739487731,-13.575842736096904,-24.87142011312025,1.347322740779574e-13
288.4194071334562,-72.42972340680555,3.1008405873048526,-13.568026038012889,-24.87906130895417,1.515738083377021e-13
288.43850796454336,-72.42142049862254,3.1007743637913707,-13.56021882566553,-24.886695313947445,1.8525687685719145e-13
288.4575782178212,-72.41311343171283,3.100708069760466,-13.552421088240173,-24.894322141870745,2.020984111169361e-13
288.476617940644,-72.40480221524544,3.1006417060253173,-13.544632814907272,-24.901941806451617,2.3578147963642546e-13
288.4956271803426,-72.39648685837074,3.1005752733991048,-13.536853994822726,-24.90955432137449,1.8525687685719145e-13
288.5146059842245,-72.38816737022012,3.1005087726950094,-13.529084617127758,-24.917159700280703,1.515738083377021e-13
288.53355439957375,-72.37984375990622,3.100442204726208,-13.521324670949205,-24.924757956768666,1.515738083377021e-13
288.5524724736499,-72.37151603652309,3.100375570305885,-13.51357414539982,-24.93234910439365,2.5262301389617017e-13
288.571360253689,-72.3631842091459,3.1003088702472157,-13.505833029578085,-24.939933156668047,1.347322740779574e-13
288.5902177869025,-72.35484828683127,3.100242105363382,-13.49810131256871,-24.94751012706127,1.515738083377021e-13
288.6090451204773,-72.34650827861714,3.1001752764675636,-13.490378983442533,-24.95508002899987,1.515738083377021e-13
288.62784230157536,-72.33816419352299,3.100108384372941,-13.482666031256858,-24.962642875867463,1.347322740779574e-13
288.6466093773339,-72.32981604054963,3.1000414298926935,-13.474962445055471,-24.97019868100484,1.6841534259744677e-13
288.6653463948648,-72.3214638286794,3.099974413839999,-13.46726821386887,-24.977747457710045,2.020984111169361e-13
288.6840534012548,-72.31310756687616,3.09990733702804,-13.459583326714299,-24.985289219238293,2.020984111169361e-13
288.7027304435645,-72.30474726408542,3.099840200269995,-13.451907772596124,-24.992823978802075,1.347322740779574e-13
288.721377568829,-72.29638292923423,3.099773004379045,-13.444241540505766,-25.000351749571166,1.515738083377021e-13
288.73999482405736,-72.28801457123127,3.0997057501683676,-13.436584619421907,-25.007872544672733,1.8525687685719145e-13
288.75858225623244,-72.27964219896691,3.0996384384511444,-13.428936998310629,-25.01538637719126,1.8525687685719145e-13
288.77713991231036,-72.27126582131332,3.0995710700405548,-13.421298666125711,-25.02289326016864,2.1893994537668078e-13
288.79566783922087,-72.26288544712435,3.099503645749779,-13.413669611808535,-25.03039320660423,2.020984111169361e-13
288.8141660838667,-72.25450108523563,3.0994361663919956,-13.406049824288365,-25.03788622945487,1.515738083377021e-13
288.8326346931238,-72.24611274446464,3.099368632780385,-13.398439292482465,-25.04537234163493,2.020984111169361e-13
288.8510737138405,-72.23772043361083,3.0993010457281276,-13.3908380052963,-25.05285155601628,1.8525687685719145e-13
288.86948319283783,-72.22932416145544,3.0992334060484032,-13.383245951623579,-25.060323885428424,1.8525687685719145e-13
288.88786317690926,-72.22092393676168,3.0991657145543896,-13.37566312034643,-25.067789342658532,2.020984111169361e-13
288.9062137128205,-72.2125197682747,3.09909797205927,-13.368089500335572,-25.07524794045139,1.515738083377021e-13
288.92453484730885,-72.20411166472184,3.099030179376221,-13.3605250804505,-25.082699691509507,1.515738083377021e-13
288.9428266270837,-72.19569963481233,3.0989623373184254,-13.352969849539484,-25.090144608493166,1.6841534259744677e-13
288.96108909882605,-72.18728368723754,3.09889444669906,-13.34542379643984,-25.09758270402042,1.1789073981821273e-13
288.97932230918826,-72.17886383067095,3.0988265083313067,-13.337886909977914,-25.105013990667185,1.8525687685719145e-13
288.9975263047937,-72.17044007376832,3.0987585230283448,-13.330359178969495,-25.1124384809672,1.347322740779574e-13
289.015701132237,-72.16201242516752,3.098690491603354,-13.322840592219666,-25.119856187412132,2.1893994537668078e-13
289.03384683808355,-72.15358089348864,3.0986224148695127,-13.315331138523089,-25.12726712245164,1.0104920555846805e-13
289.0519634688696,-72.14514548733408,3.098554293640004,-13.30783080666405,-25.134671298493345,1.515738083377021e-13
289.07005107110143,-72.13670621528868,3.098486128728005,-13.30033958541677,-25.1420687279029,1.8525687685719145e-13
289.0881096912561,-72.12826308591949,3.0984179209466958,-13.29285746354533,-25.14945942300405,1.8525687685719145e-13
289.1061393757806,-72.1198161077759,3.0983496711092577,-13.285384429803871,-25.15684339607867,1.347322740779574e-13
289.12414017109165,-72.11136528938998,3.098281380028869,-13.277920472936906,-25.164220659366787,1.1789073981821273e-13
289.1421121235761,-72.10291063927603,3.0982130485187094,-13.270465581679165,-25.17159122506662,1.347322740779574e-13
289.1600552795904,-72.09445216593096,3.0981446773919608,-13.263019744755864,-25.178955105334694,1.0104920555846805e-13
289.17796968546014,-72.08598987783417,3.0980762674618,-13.255582950882868,-25.186312312285825,1.0104920555846805e-13
289.19585538748015,-72.07752378344773,3.09800781954141,-13.248155188766873,-25.19366285799304,2.020984111169361e-13
289.21371243191476,-72.06905389121626,3.0979393344439674,-13.240736447105308,-25.20100675448794,1.8525687685719145e-13
289.2315408649968,-72.06058020956702,3.097870812982655,-13.233326714586646,-25.20834401376043,1.1789073981821273e-13
289.24934073292815,-72.05210274690994,3.0978022559706506,-13.225925979890567,-25.215674647758934,1.6841534259744677e-13
289.2671120818789,-72.04362151163782,3.097733664221135,-13.218534231687988,-25.22299866839038,1.8525687685719145e-13
289.28485495798793,-72.03513651212609,3.0976650385472873,-13.211151458641181,-25.230316087520258,2.020984111169361e-13
289.30256940736217,-72.02664775673298,3.097596379762287,-13.20377764940396,-25.237626916972697,1.8525687685719145e-13
289.32025547607674,-72.01815525379959,3.0975276886793153,-13.196412792621746,-25.244931168530474,1.6841534259744677e-13
289.3379132101745,-72.00965901164996,3.097458966111551,-13.18905687693185,-25.252228853934994,1.515738083377021e-13
289.3555426556662,-72.00115903859098,3.097390212872174,-13.181709890963374,-25.259519984886516,2.5262301389617017e-13
289.3731438585305,-71.99265534291244,3.0973214297743645,-13.174371823337417,-25.266804573044077,1.347322740779574e-13
289.39071686471294,-71.98414793288715,3.0972526176313018,-13.167042662667285,-25.274082630025507,1.515738083377021e-13
289.40826172012675,-71.97563681677106,3.097183777256167,-13.159722397558598,-25.28135416740754,1.8525687685719145e-13
289.425778470652,-71.967122002803,3.0971149094621384,-13.152411016609287,-25.28861919672585,1.6841534259744677e-13
289.4432671621362,-71.958603499205,3.097046015062397,-13.145108508409798,-25.29587772947516,2.3578147963642546e-13
289.4607278403934,-71.9500813141821,3.09697709487012,-13.137814861543214,-25.30312977710917,1.6841534259744677e-13
289.4781605512042,-71.94155545592277,3.09690814969849,-13.130530064585429,-25.310375351040648,1.347322740779574e-13
289.49556534031603,-71.93302593259843,3.0968391803606874,-13.123254106105183,-25.317614462641508,1.1789073981821273e-13
289.51294225344253,-71.92449275236382,3.0967701876698883,-13.115986974664208,-25.324847123242872,1.1789073981821273e-13
289.53029133626364,-71.91595592335695,3.096701172439277,-13.108728658817292,-25.332073344135075,1.8525687685719145e-13
289.5476126344254,-71.90741545369923,3.0966321354820296,-13.101479147112592,-25.339293136567722,1.515738083377021e-13
289.5649061935397,-71.89887135149534,3.0965630776113287,-13.094238428091488,-25.346506511749737,2.020984111169361e-13
289.5821720591843,-71.89032362483334,3.0964939996403524,-13.08700649028889,-25.353713480849457,1.6841534259744677e-13
289.5994102769028,-71.88177228178468,3.0964249023822803,-13.07978332223325,-25.360914054994662,1.347322740779574e-13
289.61662089220397,-71.87321733040444,3.096355786650293,-13.072568912446808,-25.368108245272538,1.6841534259744677e-13
289.63380395056225,-71.86465877873106,3.096286653257571,-13.06536324944551,-25.375296062729852,1.8525687685719145e-13
289.6509594974172,-71.85609663478643,3.0962175030172916,-13.058166321739275,-25.382477518372976,1.347322740779574e-13
289.66808757817336,-71.84753090657625,3.0961483367426377,-13.050978117832152,-25.389652623167812,1.347322740779574e-13
289.68518823820057,-71.83896160208964,3.0960791552467875,-13.043798626222213,-25.396821388040077,1.6841534259744677e-13
289.70226152283306,-71.8303887292994,3.0960099593429207,-13.036627835401898,-25.403983823875127,2.1893994537668078e-13
289.71930747737036,-71.82181229616197,3.0959407498442175,-13.0294657338579,-25.411139941518176,1.6841534259744677e-13
289.7363261470758,-71.81323231061765,3.095871527563857,-13.022312310071648,-25.41828975177418,1.347322740779574e-13
289.7533175771777,-71.80464878059036,3.09580229331502,-13.01516755251896,-25.42543326540806,1.0104920555846805e-13
289.7702818128686,-71.79606171398783,3.095733047910887,-13.008031449670455,-25.432570493144667,1.347322740779574e-13
289.7872188993051,-71.78747111870157,3.0956637921646357,-13.000903989991514,-25.43970144566888,1.1789073981821273e-13
289.8041288816078,-71.7788770026071,3.0955945268894474,-12.99378516194263,-25.446826133625514,1.8525687685719145e-13
289.82101180486126,-71.77027937356367,3.095525252898502,-12.986674953979179,-25.453944567619573,1.8525687685719145e-13
289.83786771411405,-71.76167823941452,3.095455971004978,-12.979573354551707,-25.461056758216227,1.6841534259744677e-13
289.8546966543781,-71.7530736079868,3.0953866820220557,-12.972480352106066,-25.468162715940828,1.1789073981821273e-13
289.87149867062885,-71.74446548709184,3.095317386762916,-12.965395935083535,-25.47526245127892,1.515738083377021e-13
289.88827380780543,-71.73585388452481,3.095248086040738,-12.958320091920779,-25.48235597467645,1.6841534259744677e-13
289.90502211081014,-71.72723880806505,3.095178780668701,-12.951252811050024,-25.489443296539747,1.347322740779574e-13
289.9217436245085,-71.7186202654759,3.095109471459985,-12.944194080899267,-25.49652442723549,1.6841534259744677e-13
289.93843839372886,-71.70999826450505,3.095040159227771,-12.937143889892294,-25.503599377090847,1.347322740779574e-13
289.9551064632627,-71.70137281288417,3.094970844785237,-12.930102226448765,-25.510668156393535,1.6841534259744677e-13
289.9717478778644,-71.69274391832926,3.094901528945564,-12.923069078984314,-25.51773077539186,2.020984111169361e-13
289.9883626822509,-71.68411158854043,3.094832212521931,-12.91604443591067,-25.524787244294796,1.347322740779574e-13
290.0049509211017,-71.67547583120232,3.094762896327519,-12.909028285635905,-25.5318375732719,1.1789073981821273e-13
290.02151263905876,-71.66683665398367,3.0946935811755076,-12.902020616564254,-25.538881772453593,1.1789073981821273e-13
290.03804788072654,-71.65819406453767,3.0946242678790754,-12.895021417096459,-25.545919851931046,2.020984111169361e-13
290.05455669067175,-71.64954807050181,3.094554957251402,-12.88803067562966,-25.552951821756345,1.347322740779574e-13
290.07103911342307,-71.6408986794982,3.09448565010567,-12.881048380557766,-25.559977691942386,1.8525687685719145e-13
290.08749519347117,-71.63224589913324,3.094416347255056,-12.8740745202713,-25.566997472463118,1.1789073981821273e-13
290.1039249752689,-71.62358973699789,3.0943470495127423,-12.86710908315761,-25.574011173253517,1.515738083377021e-13
290.1203285032308,-71.61493020066754,3.094277757691907,-12.860152057600988,-25.581018804209624,2.020984111169361e-13
290.1367058217329,-71.60626729770239,3.09420847260573,-12.85320343198272,-25.58802037518858,1.6841534259744677e-13
290.1530569751131,-71.59760103564703,3.094139195067392,-12.846263194681221,-25.59501589600877,1.515738083377021e-13
290.1693820076707,-71.5889314220307,3.094069925890073,-12.83933133407205,-25.60200537644983,1.1789073981821273e-13
290.18568096366624,-71.58025846436746,3.0940006658869517,-12.832407838528203,-25.60898882625267,1.6841534259744677e-13
290.20195388732185,-71.57158217015593,3.093931415871208,-12.825492696419936,-25.615966255119606,1.1789073981821273e-13
290.21820082282056,-71.56290254687953,3.0938621766560233,-12.818585896115055,-25.62293767271433,1.347322740779574e-13
290.2344218143067,-71.55421960200641,3.093792949054576,-12.811687425978956,-25.629903088662076,1.347322740779574e-13
290.25061690588524,-71.54553334298966,3.0937237338800463,-12.80479727437478,-25.63686251254952,1.1789073981821273e-13
290.26678614162233,-71.53684377726708,3.093654531945613,-12.797915429663387,-25.643815953925028,1.515738083377021e-13
290.28292956554486,-71.52815091226142,3.0935853440644574,-12.791041880203505,-25.65076342229853,1.6841534259744677e-13
290.2990472216405,-71.51945475538025,3.09351617104976,-12.784176614351804,-25.65770492714177,1.515738083377021e-13
290.315139153857,-71.51075531401631,3.0934470137146963,-12.777319620463171,-25.664640477888142,1.8525687685719145e-13
290.33120540610327,-71.50205259554708,3.0933778728724515,-12.77047088689046,-25.671570083932934,1.347322740779574e-13
290.34724602224816,-71.49334660733523,3.093308749336202,-12.763630401984882,-25.67849375463328,1.8525687685719145e-13
290.3632610461212,-71.48463735672833,3.0932396439191288,-12.756798154095886,-25.685411499308326,1.1789073981821273e-13
290.3792505215116,-71.47592485105925,3.0931705574344126,-12.74997413157151,-25.692323327239063,2.020984111169361e-13
290.3952144921692,-71.46720909764578,3.093101490695231,-12.743158322758172,-25.69922924766871,1.8525687685719145e-13
290.4111530018036,-71.45849010379096,3.093032444514764,-12.73635071600095,-25.706129269802485,1.515738083377021e-13
290.4270660940846,-71.44976787678301,3.0929634197061953,-12.72955129964354,-25.713023402807842,1.515738083377021e-13
290.4429538126414,-71.44104242389544,3.0928944170826997,-12.722760062028577,-25.719911655814414,1.515738083377021e-13
290.4588162010633,-71.4323137523869,3.0928254374574595,-12.715976991497472,-25.726794037914157,1.347322740779574e-13
290.47465330289936,-71.42358186950143,3.092756481643655,-12.70920207639056,-25.733670558161354,1.8525687685719145e-13
290.49046516165794,-71.41484678246829,3.0926875504544644,-12.702435305047308,-25.740541225572752,1.515738083377021e-13
290.5062518208071,-71.40610849850226,3.0926186447030686,-12.695676665806278,-25.747406049127477,1.8525687685719145e-13
290.5220133237743,-71.39736702480343,3.092549765202646,-12.688926147005285,-25.754265037767222,1.347322740779574e-13
290.53774971394614,-71.38862236855728,3.0924809127663786,-12.682183736981404,-25.761118200396297,1.347322740779574e-13
290.553461034669,-71.37987453693478,3.092412088207445,-12.675449424071052,-25.767965545881626,1.1789073981821273e-13
290.56914732924776,-71.3711235370925,3.0923432923390246,-12.668723196610337,-25.7748070830528,1.347322740779574e-13
290.5848086409469,-71.36236937617242,3.092274525974298,-12.6620050429347,-25.78164282070224,1.515738083377021e-13
290.6004450129896,-71.35361206130212,3.0922057899264455,-12.655294951379352,-25.788472767585123,1.0104920555846805e-13
290.61605648855823,-71.34485159959476,3.092137085008645,-12.648592910279167,-25.7952969324196,1.8525687685719145e-13
290.63164311079396,-71.33608799814922,3.0920684120340787,-12.64189890796888,-25.802115323886646,1.515738083377021e-13
