galstreams/tracks/track.st.LMS-1.yuan2020.ecsv
# %ECSV 0.9
# ---
# datatype:
# - {name: ra, unit: deg, datatype: float64}
# - {name: dec, unit: deg, datatype: float64}
# - {name: distance, unit: kpc, datatype: float64}
# - {name: pm_ra_cosdec, unit: mas / yr, datatype: float64}
# - {name: pm_dec, unit: mas / yr, datatype: float64}
# - {name: radial_velocity, unit: km / s, datatype: float64}
# delimiter: ','
# meta: !!omap
# - __serialized_columns__:
#     dec:
#       __class__: astropy.coordinates.angles.Latitude
#       unit: &id001 !astropy.units.Unit {unit: deg}
#       value: !astropy.table.SerializedColumn {name: dec}
#     distance:
#       __class__: astropy.coordinates.distances.Distance
#       unit: !astropy.units.Unit {unit: kpc}
#       value: !astropy.table.SerializedColumn {name: distance}
#     pm_dec:
#       __class__: astropy.units.quantity.Quantity
#       unit: !astropy.units.Unit {unit: mas / yr}
#       value: !astropy.table.SerializedColumn {name: pm_dec}
#     pm_ra_cosdec:
#       __class__: astropy.units.quantity.Quantity
#       unit: !astropy.units.Unit {unit: mas / yr}
#       value: !astropy.table.SerializedColumn {name: pm_ra_cosdec}
#     ra:
#       __class__: astropy.coordinates.angles.Longitude
#       unit: *id001
#       value: !astropy.table.SerializedColumn {name: ra}
#       wrap_angle: !astropy.coordinates.Angle
#         unit: *id001
#         value: 360.0
#     radial_velocity:
#       __class__: astropy.units.quantity.Quantity
#       unit: !astropy.units.Unit {unit: km / s}
#       value: !astropy.table.SerializedColumn {name: radial_velocity}
# schema: astropy-2.0
ra,dec,distance,pm_ra_cosdec,pm_dec,radial_velocity
[from data line 6557]
210.222313598273,20.90406769673909,18.100632162850598,-0.1790232516992832,-1.4660287030136598,17.266197587892787
210.2319340704565,20.90872212695986,18.100811354219793,-0.17890566514445858,-1.4660468144538474,17.22194154923725
210.24155533727813,20.913375583765276,18.10099034245842,-0.1787879917885724,-1.4660648774539637,17.177686577267135
210.25117739891823,20.918028066653076,18.101169127619738,-0.17867023164618265,-1.4660828920598517,17.133432673444734
210.26080025555711,20.92267957512112,18.10134770975703,-0.17855238473185583,-1.4661008583173814,17.08917983923158
210.2704239073749,20.927330108667366,18.101526088923656,-0.17843445106016453,-1.4661187762724481,17.04492807608847
210.28004835455124,20.93197966678975,18.10170426517299,-0.17831643064568917,-1.4661366459709755,17.000677385475594
210.28967359726585,20.93662824898638,18.101882238558492,-0.1781983235030173,-1.4661544674589124,16.956427768852162
210.29929963569816,20.941275854755407,18.102060009133638,-0.17808012964674538,-1.4661722407822346,16.91217922767687
210.30892647002722,20.94592248359501,18.10223757695196,-0.1779618490914734,-1.466189965986944,16.867931763407512
210.318554100432,20.950568135003493,18.10241494206705,-0.1778434818518126,-1.466207643119069,16.823685377501274
210.3281825270914,20.95521280847926,18.10259210453253,-0.17772502794237996,-1.466225272224664,16.779440071414452
210.3378117501837,20.959856503520676,18.102769064402068,-0.1776064873777998,-1.4662428533498115,16.73519584660291
210.3474417698873,20.964499219626312,18.102945821729392,-0.177487860172703,-1.4662603865406187,16.69095270452138
210.35707258638027,20.969140956294726,18.10312237656828,-0.1773691463417303,-1.4662778718432192,16.646710646624175
210.36670419984048,20.973781713024582,18.103298728972536,-0.1772503458995276,-1.4662953093037738,16.602469674364688
210.37633661044566,20.978421489314638,18.10347487899603,-0.17713145886074935,-1.4663126989684685,16.558229789195664
210.38596981837313,20.983060284663654,18.10365082669267,-0.17701248524005556,-1.4663300408835174,16.51399099256909
210.39560382380006,20.98769809857054,18.103826572116414,-0.17689342505211583,-1.466347335095159,16.469753285936296
210.40523862690358,20.992334930534255,18.10400211532126,-0.17677427831160647,-1.4663645816496607,16.425516670747786
210.4148742278603,20.996970780053807,18.104177456361278,-0.17665504503321017,-1.466381780593312,16.381281148453343
210.42451062684688,21.00160564662831,18.104352595290543,-0.17653572523161837,-1.4663989319724329,16.337046720502013
210.43414782403968,21.00623952975695,18.104527532163214,-0.17641631892152976,-1.466416035833367,16.292813388342207
210.4437858196147,21.01087242893896,18.10470226703348,-0.17629682611764871,-1.4664330922224855,16.24858115342139
210.45342461374793,21.015504343673662,18.104876799955576,-0.17617724683468972,-1.466450101186185,16.204350017186652
210.4630642066151,21.02013527346048,18.10505113098379,-0.1760575810873733,-1.4664670627708891,16.160119981084037
210.4727045983915,21.024765217798848,18.105225260172443,-0.17593782889042617,-1.4664839770230473,16.11589104655898
210.48234578925246,21.029394176188333,18.105399187575934,-0.1758179902585846,-1.466500843989134,16.071663215056176
210.49198777937303,21.034022148128578,18.10557291324867,-0.17569806520659165,-1.4665176637156527,16.02743648801955
210.50163056892796,21.038649133119236,18.10574643724513,-0.17557805374919633,-1.4665344362491302,15.983210866892401
210.51127415809188,21.04327513066009,18.105919759619837,-0.17545795590115756,-1.4665511616361202,15.938986353117249
210.5209185470391,21.047900140250974,18.106092880427347,-0.17533777167724005,-1.4665678399232038,15.894762948135913
210.53056373594382,21.05252416139183,18.10626579972228,-0.17521750109221634,-1.4665844711569869,15.850540653389366
210.54020972497995,21.057147193582647,18.106438517559283,-0.1750971441608668,-1.4666010553841022,15.806319470317987
210.5498565143212,21.061769236323464,18.106611033993072,-0.1749767008979784,-1.4666175926512075,15.76209940036134
210.55950410414098,21.06639028911443,18.106783349078395,-0.1748561713183463,-1.466634083004988,15.717880444958407
210.5691524946127,21.071010351455783,18.106955462870047,-0.1747355554367734,-1.4666505264921539,15.673662605547323
210.57880168590927,21.075629422847765,18.107127375422877,-0.1746148532680685,-1.466666923159442,15.6294458835655
210.58845167820354,21.08024750279077,18.10729908679177,-0.17449406482704993,-1.4666832730536155,15.585230280449677
210.59810247166826,21.084864590785244,18.10747059703166,-0.1743731901285429,-1.4666995762214623,15.541015797635787
210.6077540664756,21.089480686331655,18.107641906197546,-0.17425222918737815,-1.4667158327097969,15.496802436559122
210.61740646279782,21.094095788930613,18.10781301434444,-0.17413118201839645,-1.4667320425654622,15.452590198654322
210.627059660807,21.098709898082795,18.107983921527435,-0.17401004863644623,-1.4667482058353216,15.408379085355083
210.63671366067462,21.103323013288886,18.108154627801632,-0.17388882905638034,-1.4667643225662705,15.364169098094624
210.6463684625723,21.10793513404973,18.108325133222216,-0.17376752329306183,-1.466780392805226,15.319960238305288
210.65602406667136,21.1125462598662,18.108495437844404,-0.173646131361361,-1.4667964165991334,15.275752507418678
210.66568047314288,21.117156390239273,18.10866554172344,-0.17352465327615527,-1.466812393994963,15.231545906865755
210.67533768215762,21.12176552466994,18.108835444914646,-0.17340308905232854,-1.4668283250397107,15.187340438076824
210.6849956938862,21.12637366265933,18.10900514747337,-0.17328143870477386,-1.4668442097803998,15.143136102481348
210.69465450849907,21.130980803708606,18.109174649455017,-0.17315970224839097,-1.4668600482640768,15.098932901508102
210.70431412616648,21.135586947319062,18.109343950915033,-0.17303787969808815,-1.466875840537817,15.05473083658517
210.71397454705823,21.14019209299198,18.1095130519089,-0.17291597106877907,-1.4668915866487193,15.010529909139844
210.72363577134414,21.144796240228782,18.109681952492156,-0.17279397637538618,-1.4669072866439108,14.966330120598741
210.7332977991938,21.149399388530966,18.109850652720397,-0.17267189563284144,-1.4669229405705417,14.922131472387935
210.74296063077637,21.154001537400045,18.110019152649247,-0.17254972885608091,-1.466938548475789,14.87793396593249
210.75262426626097,21.158602686337655,18.110187452334383,-0.17242747606004935,-1.4669541104068573,14.83373760265694
210.76228870581653,21.16320283484553,18.11035555183153,-0.17230513725970123,-1.4669696264109742,14.789542383985065
210.77195394961157,21.16780198242541,18.110523451196446,-0.17218271246999511,-1.466985096535395,14.74534831133982
210.78161999781457,21.172400128579152,18.110691150484953,-0.17206020170589925,-1.4670005208274004,14.701155386143567
210.7912868505937,21.176997272808716,18.11085864975291,-0.17193760498239014,-1.4670158993342954,14.656963609818005
210.80095450811692,21.181593414616046,18.11102594905622,-0.17181492231444975,-1.4670312321034122,14.612772983784037
210.81062297055195,21.186188553503246,18.111193048450843,-0.17169215371706867,-1.467046519182109,14.5685835094618
210.82029223806634,21.19078268897246,18.111359947992767,-0.17156929920524566,-1.467061760617768,14.524395188270825
210.8299623108274,21.19537582052592,18.11152664773804,-0.1714463587939859,-1.4670769564577988,14.480208021629833
210.83963318900226,21.199967947665947,18.111693147742745,-0.17132333249830328,-1.4670921067496363,14.436022010956815
210.84930487275764,21.204559069894863,18.111859448063026,-0.1712002203332183,-1.46710721154074,14.391837157669247
210.85897736226025,21.20914918671513,18.112025548755064,-0.1710770223137595,-1.467122270878596,14.347653463183756
210.86865065767657,21.21373829762931,18.112191449875066,-0.17095373845496442,-1.4671372848107165,14.30347092891619
210.87832475917264,21.21832640213996,18.11235715147933,-0.17083036877187496,-1.4671522533846373,14.259289556281786
210.88799966691454,21.222913499749765,18.112522653624165,-0.17070691327954315,-1.4671671766479217,14.21510934669505
210.897675381068,21.227499589961493,18.112687956365924,-0.17058337199302837,-1.4671820546481582,14.170930301569692
210.90735190179845,21.232084672277924,18.112853059761026,-0.17045974492739688,-1.4671968874329604,14.126752422318953
210.91702922927132,21.23666874620199,18.11301796386593,-0.17033603209772355,-1.4672116750499669,14.082575710355064
210.92670736365162,21.24125181123667,18.113182668737124,-0.17021223351908985,-1.467226417546844,14.038400167089772
210.93638630510415,21.245833866884972,18.11334717443116,-0.1700883492065852,-1.4672411149712814,13.994225793933998
210.94606605379357,21.250414912650044,18.113511481004625,-0.16996437917530688,-1.4672557673709945,13.950052592297963
210.9557466098844,21.254994948035097,18.113675588514162,-0.16984032344036035,-1.4672703747937261,13.905880563591206
210.96542797354064,21.25957397254338,18.113839497016453,-0.16971618201685737,-1.4672849372872412,13.861709709222628
210.97511014492633,21.264151985678247,18.114003206568213,-0.16959195491991874,-1.4672994548993346,13.817540030600302
210.98479312420523,21.26872898694311,18.114166717226233,-0.1694676421646716,-1.4673139276778218,13.773371529131682
210.9944769115408,21.273304975841487,18.11433002904732,-0.16934324376625193,-1.4673283556705474,13.72920420622344
211.00416150709643,21.277879951876965,18.114493142088342,-0.16921875973980388,-1.4673427389253793,13.685038063281642
211.01384691103507,21.28245391455315,18.114656056406208,-0.16909419010047616,-1.4673570774902123,13.640873101711454
211.02353312351957,21.28702686337378,18.11481877205787,-0.1689695348634284,-1.4673713714129655,13.596709322917654
211.03322014471266,21.291598797842685,18.114981289100328,-0.16884479404382802,-1.4673856207415832,13.552546728304074
211.0429079747766,21.296169717463698,18.11514360759063,-0.16871996765684755,-1.4673998255240361,13.508385319273835
211.0525966138736,21.300739621740767,18.115305727585863,-0.1685950557176685,-1.4674139858083197,13.464225097229557
211.06228606216564,21.305308510177973,18.115467649143167,-0.1684700582414816,-1.4674281016424549,13.420066063572937
211.07197631981435,21.309876382279338,18.115629372319717,-0.1683449752434811,-1.467442173074488,13.37590821970498
211.0816673869813,21.31444323754908,18.115790897172733,-0.16821980673887485,-1.467456200152491,13.331751567026263
211.09135926382783,21.319009075491465,18.1159522237595,-0.1680945527428744,-1.4674701829245596,13.287596106936366
211.10105195051486,21.32357389561077,18.11611335213733,-0.16796921327069955,-1.4674841214388161,13.243441840834256
211.11074544720321,21.328137697411417,18.116274282363584,-0.16784378833757732,-1.4674980157434079,13.19928877011828
211.12043975405354,21.332700480397897,18.116435014495668,-0.1677182779587449,-1.467511865886508,13.155136896185903
211.13013487122626,21.33726224407477,18.11659554859102,-0.16759268214944523,-1.4675256719163143,13.110986220434048
211.1398307988814,21.341822987946617,18.11675588470716,-0.1674670009249291,-1.4675394338810481,13.066836744258978
211.14952753717895,21.34638271151817,18.11691602290162,-0.16734123430045564,-1.4675531518289595,13.022688469056126
211.15922508627858,21.350941414294198,18.117075963231976,-0.16721538229129113,-1.4675668258083219,12.97854139622027
211.16892344633985,21.355499095779585,18.117235705755867,-0.16708944491271094,-1.4675804558674328,12.934395527145481
211.17862261752188,21.36005575547921,18.117395250530972,-0.16696342217999574,-1.4675940420546167,12.890250863225159
211.1883225999838,21.36461139289811,18.117554597615005,-0.16683731410843675,-1.4676075844182224,12.846107405851946
211.19802339388434,21.369166007541367,18.117713747065743,-0.16671112071333063,-1.467621083006623,12.801965156417928
211.20772499938207,21.37371959891411,18.117872698940992,-0.16658484200998339,-1.4676345378682185,12.757824116314346
211.21742741663536,21.378272166521587,18.118031453298602,-0.16645847801370847,-1.4676479490514331,12.713684286931871
211.22713064580236,21.382823709869125,18.11819001019647,-0.16633202873982633,-1.4676613166047165,12.6695456696603
211.23683468704087,21.387374228462058,18.11834836969256,-0.1662054942036654,-1.467674640576542,12.625408265888865
211.24653954050862,21.391923721805874,18.118506531844847,-0.16607887442056302,-1.4676879210154097,12.581272077006194
211.2562452063631,21.396472189406126,18.118664496711364,-0.1659521694058636,-1.467701157969844,12.53713710440002
211.26595168476143,21.401019630768378,18.1188222643502,-0.16582537917491907,-1.4677143514883944,12.493003349457489
211.2756589758606,21.405566045398334,18.118979834819473,-0.16569850374308862,-1.4677275016196356,12.448870813565062
211.28536707981746,21.410111432801767,18.119137208177357,-0.16557154312574104,-1.4677406084121667,12.404739498108393
211.29507599678854,21.414655792484517,18.119294384482057,-0.165444497338252,-1.4677536719146123,12.360609404472573
211.30478572693005,21.419199123952467,18.119451363791832,-0.1653173663960043,-1.4677666921756223,12.316480534042034
211.31449627039814,21.423741426711622,18.119608146165,-0.16519015031438944,-1.467779669243871,12.27235288820041
211.32420762734867,21.428282700268042,18.119764731659885,-0.16506284910880656,-1.4677926031680575,12.22822646833062
211.33391979793734,21.4328229441279,18.119921120334894,-0.16493546279466334,-1.467805493996906,12.184101275815012
211.3436327823194,21.43736215779735,18.120077312248455,-0.1648079913873731,-1.4678183417791661,12.139977312035153
211.3533465806501,21.441900340782727,18.12023330745906,-0.16468043490235854,-1.4678311465636114,12.095854578371902
211.3630611930845,21.4464374925904,18.120389106025215,-0.16455279335505185,-1.467843908399042,12.051733076205567
211.3727766197771,21.450973612726777,18.120544708005514,-0.16442506676088897,-1.4678566273342801,12.007612806915656
211.38249286088256,21.455508700698417,18.12070011345855,-0.16429725513531787,-1.467869303418176,11.963493771880943
211.39220991655517,21.46004275601191,18.120855322442992,-0.16416935849379222,-1.4678819366996019,11.919375972479635
211.40192778694885,21.46457577817389,18.12101033501754,-0.16404137685177292,-1.4678945272274566,11.875259410089173
211.41164647221746,21.46910776669114,18.121165151240938,-0.16391331022473032,-1.4679070750506638,11.831144086086272
211.42136597251468,21.47363872107049,18.12131977117198,-0.16378515862814289,-1.4679195802181721,11.787030001847114
211.43108628799374,21.478168640818808,18.121474194869506,-0.16365692207749494,-1.4679320427789517,11.742917158747089
211.44080741880782,21.48269752544308,18.121628422392384,-0.16352860058828042,-1.4679444627820024,11.698805558160878
211.45052936510984,21.487225374450368,18.12178245379955,-0.1634001941760009,-1.4679568402763454,11.654695201462523
211.46025212705246,21.491752187347796,18.121936289149968,-0.16327170285616477,-1.467969175311028,11.610586090025343
211.4699757047882,21.49627796364259,18.12208992850265,-0.16314312664428984,-1.4679814679351217,11.566478225221955
211.47970009846918,21.500802702841984,18.122243371916653,-0.163014465555901,-1.4679937181977234,11.52237160842449
211.4894253082474,21.50532640445336,18.122396619451074,-0.16288571960653087,-1.468005926147954,11.47826624100414
211.4991513342747,21.509849067984174,18.122549671165064,-0.16275688881172076,-1.4680180918349588,11.434162124331502
211.50887817670255,21.514370692941885,18.122702527117806,-0.1626279731870189,-1.468030215307909,11.390059259776503
211.51860583568228,21.51889127883411,18.12285518736854,-0.16249897274798203,-1.4680422966159994,11.345957648708403
211.52833431136503,21.523410825168526,18.12300765197654,-0.16236988751017545,-1.4680543358084488,11.301857292495686
211.53806360390152,21.527929331452828,18.12315992100112,-0.1622407174891708,-1.4680663329345034,11.257758192506364
211.54779371344247,21.532446797194858,18.123311994501652,-0.16211146270054883,-1.4680782880434307,11.213660350107551
