galstreams/tracks/track.st.Ophiuchus.ibata2024.ecsv
# %ECSV 1.0
# ---
# datatype:
# - {name: ra, unit: deg, datatype: float64}
# - {name: dec, unit: deg, datatype: float64}
# - {name: distance, unit: kpc, datatype: float64}
# - {name: pm_ra_cosdec, unit: mas / yr, datatype: float64}
# - {name: pm_dec, unit: mas / yr, datatype: float64}
# - {name: radial_velocity, unit: km / s, datatype: float64}
# delimiter: ','
# meta: !!omap
# - __serialized_columns__:
#     dec:
#       __class__: astropy.coordinates.angles.Latitude
#       unit: &id001 !astropy.units.Unit {unit: deg}
#       value: !astropy.table.SerializedColumn {name: dec}
#     distance:
#       __class__: astropy.coordinates.distances.Distance
#       unit: !astropy.units.Unit {unit: kpc}
#       value: !astropy.table.SerializedColumn {name: distance}
#     pm_dec:
#       __class__: astropy.units.quantity.Quantity
#       unit: !astropy.units.Unit {unit: mas / yr}
#       value: !astropy.table.SerializedColumn {name: pm_dec}
#     pm_ra_cosdec:
#       __class__: astropy.units.quantity.Quantity
#       unit: !astropy.units.Unit {unit: mas / yr}
#       value: !astropy.table.SerializedColumn {name: pm_ra_cosdec}
#     ra:
#       __class__: astropy.coordinates.angles.Longitude
#       unit: *id001
#       value: !astropy.table.SerializedColumn {name: ra}
#       wrap_angle: !astropy.coordinates.Angle
#         unit: *id001
#         value: 360.0
#     radial_velocity:
#       __class__: astropy.units.quantity.Quantity
#       unit: !astropy.units.Unit {unit: km / s}
#       value: !astropy.table.SerializedColumn {name: radial_velocity}
# schema: astropy-2.0
ra,dec,distance,pm_ra_cosdec,pm_dec,radial_velocity
[from data line 714]
244.07306132015972,-7.078748533325846,1.0,-6.94842519243862,-4.512821480436286,276.11813137805063
244.08366619130234,-7.080127550355103,1.0000000000000002,-6.95815942125974,-4.5129435912537685,275.9962114168383
244.09427358886845,-7.081516995866338,1.0,-6.96789332476634,-4.513065582282557,275.87459240948954
244.10488350337258,-7.082916826015748,1.0000000000000002,-6.977626820363611,-4.513187454075811,275.75328562362773
244.11549592532535,-7.084326996960443,1.0000000000000002,-6.987359825456778,-4.513309207178867,275.632302326876
244.12611084523354,-7.085747464858435,1.0000000000000002,-6.997092257451179,-4.513430842129248,275.5116537868574
244.1367282535999,-7.087178185868644,1.0000000000000002,-7.006824033752039,-4.513552359456643,275.39135127119516
244.14734814092287,-7.0886191161509,1.0000000000000002,-7.016555071764298,-4.513673759682925,275.2714060475124
244.1579704976973,-7.090070211865936,1.0000000000000002,-7.026285288893213,-4.513795043322151,275.1518293834322
244.16859531441375,-7.091531429175398,1.0000000000000002,-7.0360146025437516,-4.513916210880544,275.03263254657776
244.17922258155897,-7.093002724241831,1.0000000000000002,-7.045742930121033,-4.514037262856513,274.9138268045722
244.18985228961557,-7.094484053228696,1.0000000000000002,-7.055470189029979,-4.514158199740622,274.7954234250386
244.2004844290622,-7.095975372300357,1.0000000000000002,-7.06519629667558,-4.514279022015625,274.6774336756004
244.21111899037345,-7.097476637622081,1.0000000000000004,-7.074921170462758,-4.51439973015645,274.55986882388044
244.22175596401993,-7.098987805360054,1.0000000000000002,-7.0846447277963485,-4.514520324630178,274.44274013750197
244.23239534046834,-7.100508831681359,1.0000000000000002,-7.094366886081314,-4.514640805896076,274.3260588840882
244.24303711018123,-7.102039672753991,1.0000000000000002,-7.10408756272243,-4.51476117440558,274.2098363312621
244.25368126361715,-7.103580284746852,1.0000000000000002,-7.113806675124522,-4.514881430602282,274.0940837466471
244.26432779123073,-7.105130623829749,1.0000000000000002,-7.123524140692439,-4.5150015749219525,273.9788123978659
244.2749766834724,-7.106690646173401,1.0000000000000002,-7.1332398768308565,-4.51512160779253,273.86403355254214
244.28562793078882,-7.10826030794943,1.0000000000000002,-7.142953800944621,-4.515241529634116,273.7497584782987
244.2962815236224,-7.10983956533037,1.0000000000000002,-7.15266583043838,-4.5153613408589734,273.63599844275876
244.30693745241166,-7.111428374489661,1.0000000000000002,-7.162375882716894,-4.515481041871533,273.5227647135456
244.31759570759112,-7.113026691601646,1.0000000000000002,-7.172083875184921,-4.51560063306839,273.41006855828203
244.32825627959124,-7.114634472841583,1.0000000000000002,-7.181789725247171,-4.5157201148383095,273.29792124459146
244.33891915883837,-7.116251674385634,1.0000000000000004,-7.191493350308207,-4.515839487562205,273.1863340400971
244.3495843357549,-7.1178782524108675,1.0000000000000002,-7.201194667772793,-4.515958751613161,273.0753182124219
244.3602518007593,-7.119514163095262,1.0000000000000002,-7.21089359504559,-4.516077907356429,272.9648850291892
244.37092154426585,-7.121159362617703,1.0000000000000002,-7.220590049531243,-4.516196955149407,272.85504575802196
244.38159355668492,-7.122813807157985,1.0000000000000002,-7.230283948634483,-4.516315895341662,272.74581166654326
244.39226782842275,-7.124477452896803,1.0000000000000002,-7.239975209759841,-4.516434728274917,272.63719402237655
244.40294434988158,-7.126150256015772,1.0000000000000002,-7.249663750312042,-4.516553454283064,272.5292040931447
244.4136231114597,-7.1278321726974045,1.0000000000000002,-7.259349487695772,-4.516672073692135,272.42185314647116
244.42430410355132,-7.129523159125125,1.0000000000000002,-7.269032339315618,-4.516790586820335,272.3151524499787
244.43498731654662,-7.131223171483264,1.0000000000000002,-7.278712222576388,-4.51690899397803,272.20911327129085
244.4456727408317,-7.132932165957063,1.0000000000000002,-7.288389054882611,-4.517027295467724,272.10374687803045
244.4563603667886,-7.134650098732664,1.0000000000000004,-7.29806275363898,-4.517145491584091,271.9990645378208
244.4670501847955,-7.136376925997127,1.0000000000000002,-7.3077332362502645,-4.517263582613965,271.8950775182849
244.4777421852264,-7.138112603938409,1.0000000000000002,-7.317400420121086,-4.517381568836325,271.79179708704606
244.48843635845128,-7.1398570887453845,1.0,-7.327064222656258,-4.517499450522315,271.6892345117275
244.49913269483616,-7.141610336607826,1.0000000000000002,-7.33672456126045,-4.517617227935229,271.5874010599521
244.50983118474286,-7.1433723037164185,1.0000000000000002,-7.346381353338373,-4.517734901330518,271.4863079993431
244.52053181852932,-7.14514294626276,1.0000000000000002,-7.356034516294812,-4.51785247095578,271.38596659752375
244.5312345865494,-7.146922220439342,1.0000000000000002,-7.36568396753459,-4.517969937050784,271.28638812211716
244.54193947915286,-7.148710082439581,1.0000000000000002,-7.375329624462477,-4.518087299847436,271.1875838407464
244.55264648668546,-7.150506488457784,1.0000000000000004,-7.384971404483256,-4.518204559569808,271.0895650210348
244.56335559948897,-7.152311394689178,1.0000000000000002,-7.394609225001886,-4.518321716434119,270.99234293060516
244.57406680790103,-7.154124757329893,1.0000000000000002,-7.404243003423161,-4.518438770648744,270.89592883708093
244.58478010225525,-7.155946532576965,1.0000000000000002,-7.41387265715197,-4.518555722414208,270.8003340080853
244.59549547288128,-7.157776676628338,1.0000000000000002,-7.42349810359331,-4.518672571923205,270.7055697112411
244.6062129101046,-7.159615145682867,1.0000000000000002,-7.433119260152083,-4.518789319360553,270.6116472141717
244.61693240424674,-7.1614618959403105,1.0000000000000002,-7.442736044233307,-4.518905964903249,270.5185777845003
244.62765394562518,-7.163316883601332,1.0000000000000004,-7.452348373242025,-4.519022508720436,270.4263726898498
244.63837752455322,-7.165180064867509,1.0000000000000004,-7.461956164583253,-4.519138950973404,270.33504319784356
244.64910313134035,-7.167051395941322,1.0000000000000004,-7.471559335662157,-4.519255291815597,270.2446005761047
244.65983075629177,-7.168930833026161,1.0000000000000004,-7.481157803883793,-4.519371531392624,270.15505609225636
244.6705603897088,-7.170818332326319,1.0000000000000004,-7.4907514866534015,-4.5194876698422375,270.0664210139216
244.6812920218887,-7.172713850047,1.0000000000000007,-7.500340301376241,-4.519603707294342,269.9787066087236
244.69202564312448,-7.174617342394313,1.0000000000000004,-7.509924165457431,-4.519719643871004,269.89192414428544
244.70276124370534,-7.176528765575274,1.0000000000000007,-7.519502996302375,-4.519835479686431,269.8060848882306
244.7134988139163,-7.178448075797811,1.0000000000000004,-7.529076711316353,-4.519951214846998,269.72120010818185
244.72423834403847,-7.18037522927075,1.0000000000000004,-7.538645227904919,-4.520066849451221,269.6372810717624
244.73497982434864,-7.18231018220383,1.0000000000000004,-7.548208463473312,-4.520182383589783,269.5543390465956
244.74572324511985,-7.184252890807693,1.0000000000000004,-7.557766335427186,-4.520297817345513,269.4723853003044
244.7564685966209,-7.1862033112938954,1.0000000000000002,-7.567318761172029,-4.5204131507934004,269.39143110051185
244.76721586911654,-7.188161399874891,1.0000000000000002,-7.576865658113434,-4.520528384000581,269.31148771484146
244.77796505286756,-7.190127112764045,1.0000000000000004,-7.586406943657057,-4.52064351702635,269.2325664109161
244.78871613813064,-7.192100406175627,1.0000000000000004,-7.59594253520865,-4.520758549922169,269.1546784563591
244.79946911515836,-7.1940812363248146,1.0000000000000004,-7.6054723501739545,-4.520873482731643,269.07783511879336
244.8102239741994,-7.196069559427694,1.0000000000000004,-7.61499630595884,-4.520988315490538,269.00204766584204
244.82098070549813,-7.19806533170125,1.0000000000000004,-7.624514319969087,-4.521103048226771,268.9273273651287
244.8317392992951,-7.200068509363387,1.0000000000000002,-7.634026309610757,-4.521217680960428,268.853685484276
244.8424997458267,-7.202079048632899,1.0000000000000004,-7.643532192289825,-4.521332213703747,268.7811332909073
244.8532620353253,-7.204096905729499,1.0000000000000002,-7.653031885412393,-4.521446646461125,268.7096820526458
244.86402615801913,-7.2061220368738015,1.0000000000000004,-7.662525306384605,-4.521560979229115,268.63934303711443
244.87479210413244,-7.208154398287326,1.0000000000000004,-7.672012372612603,-4.5216752119964365,268.5701275119367
244.88555986388536,-7.210193946192501,1.0000000000000004,-7.681493001502737,-4.521789344743961,268.5020467447353
244.89632942749412,-7.21224063681266,1.0000000000000004,-7.69096711046139,-4.52190337744473,268.4351120031337
244.90710078517068,-7.214294426372033,1.0000000000000004,-7.700434616894931,-4.522017310063943,268.36933455475497
244.91787392712303,-7.2163552710957735,1.0000000000000004,-7.709895438209884,-4.522131142558959,268.30472566722216
244.92864884355515,-7.2184231272099275,1.0000000000000004,-7.719349491812821,-4.522244874879304,268.2412966081587
244.93942552466686,-7.220497950941448,1.0000000000000004,-7.7287966951104,-4.522358506966666,268.1790586451873
244.95020396065402,-7.222579698518198,1.0000000000000004,-7.738236965509344,-4.522472038754903,268.1180230459315
244.96098414170837,-7.22466832616894,1.0000000000000004,-7.747670220416474,-4.522585470170024,268.0582010780143
244.97176605801758,-7.226763790123347,1.0000000000000002,-7.7570963772386605,-4.522698801130224,267.99960400905877
244.9825496997653,-7.228866046611995,1.0000000000000002,-7.766515353382864,-4.522812031545849,267.94224310668807
244.99333505713108,-7.230975051866362,1.0000000000000004,-7.775927066256152,-4.52292516131943,267.8861296385254
245.0041221202904,-7.233090762118835,1.0000000000000004,-7.785331433265636,-4.52303819034565,267.83127487219406
245.01491087941477,-7.235213133602707,1.0000000000000004,-7.794728371818593,-4.523151118511371,267.77769007531685
245.02570132467153,-7.237342122552169,1.0000000000000004,-7.804117799322274,-4.523263945695627,267.7253865155173
245.03649344622406,-7.239477685202325,1.0000000000000004,-7.813499633184165,-4.523376671769623,267.6743754604183
245.04728723423153,-7.241619777789177,1.0000000000000004,-7.822873790811645,-4.5234892965967335,267.62466817764283
245.05808267884916,-7.243768356549633,1.0000000000000004,-7.832240189612339,-4.523601820032515,267.5762759348145
245.0688797702282,-7.2459233777215095,1.0000000000000004,-7.841598746994002,-4.523714241924692,267.5292099995562
245.07967849851553,-7.248084797543519,1.0000000000000004,-7.850949380364231,-4.52382656211317,267.4834816394911
245.09047885385434,-7.250252572255285,1.0000000000000004,-7.860292007131061,-4.523938780430042,267.4391021222423
245.1012808263834,-7.252426658097332,1.0000000000000004,-7.869626544702303,-4.524050896699557,267.39608271543307
245.11208440623776,-7.254607011311088,1.0000000000000004,-7.878952910486117,-4.524162910738169,267.35443468668643
245.12288958354813,-7.256793588138888,1.0000000000000007,-7.88827102189061,-4.524274822354499,267.3141693036255
245.13369634844133,-7.258986344823967,1.0000000000000004,-7.897580796324046,-4.524386631349351,267.27529783387354
245.14450469104005,-7.261185237610464,1.0000000000000004,-7.906882151194786,-4.524498337515727,267.2378315450536
245.1553146014629,-7.2633902227434195,1.0000000000000004,-7.916175003911299,-4.52460994063881,267.201781704789
245.1661260698244,-7.265601256468783,1.0000000000000004,-7.925459271882055,-4.524721440495956,267.1671595807028
245.17693908623517,-7.267818295033406,1.0000000000000004,-7.9347348725158895,-4.524832836856731,267.133976440418
245.1877536408016,-7.270041294685033,1.0000000000000004,-7.9440017232214615,-4.524944129482872,267.1022435515579
245.19856972362604,-7.272270211672322,1.0000000000000004,-7.953259741407685,-4.525055318128333,267.07197218174554
245.20938732480684,-7.274505002244831,1.0000000000000004,-7.9625088444835335,-4.525166402539239,267.04317359860426
245.2202064344383,-7.276745622653023,1.0000000000000004,-7.971748949858142,-4.525277382453917,267.0158590697569
245.23102704261055,-7.278992029148257,1.0000000000000004,-7.98097997494072,-4.525388257602893,266.9900398628271
245.24184913940974,-7.281244177982797,1.0000000000000004,-7.990201837140564,-4.525499027708896,266.9657272454374
245.2526727149179,-7.28350202540981,1.0000000000000004,-7.9994144538670895,-4.525609692486853,266.94293248521143
245.26349775921312,-7.285765527683362,1.0000000000000004,-8.008617742529946,-4.5257202516438895,266.9216668497719
245.2743242623693,-7.288034641058432,1.0000000000000004,-8.017811620538737,-4.525830704879334,266.9019416067426
245.28515221445633,-7.290309321790882,1.0000000000000004,-8.026996005303257,-4.525941051884729,266.8837680237459
245.29598160554002,-7.2925895261374905,1.0000000000000007,-8.036170814233444,-4.52605129234382,266.86715736840557
245.30681242568215,-7.294875210355932,1.0000000000000004,-8.045335964739287,-4.52616142593256,266.8521209083444
245.31764466494045,-7.297166330704784,1.0000000000000004,-8.054491374231002,-4.526271452319118,266.83866991118566
245.32847831336855,-7.299462843443516,1.0000000000000004,-8.063636960118831,-4.526381371163883,266.8268156445524
245.33931336101597,-7.301764704832515,1.0000000000000002,-8.072772639813145,-4.526491182119442,266.816569376068
245.35014979792825,-7.304071871133054,1.0000000000000004,-8.08189833072446,-4.5266008848306125,266.80794237335544
245.36098761414686,-7.306384298607315,1.0000000000000004,-8.09101395026342,-4.526710478934436,266.8009459040378
245.3718267997092,-7.3087019435183755,1.0000000000000004,-8.10011941584084,-4.526819964060164,266.79559123573836
245.38266734464867,-7.311024762130217,1.0000000000000004,-8.109214644867638,-4.52692933982928,266.79188963608016
245.39350923899443,-7.3133527107077185,1.0000000000000002,-8.118299554754763,-4.527038605855495,266.7898523726864
245.4043524727718,-7.315685745516658,1.0000000000000004,-8.12737406291346,-4.527147761744745,266.78949071318027
245.41519703600187,-7.318023822823717,1.0000000000000004,-8.136438086754929,-4.527256807095197,266.79081592518486
245.42604291870182,-7.320366898896471,1.0000000000000004,-8.145491543690706,-4.527365741497261,266.79383927632347
245.43689011088463,-7.322714930003401,1.0000000000000007,-8.154534351132277,-4.527474564533568,266.798572034219
245.44773860255935,-7.325067872413887,1.0000000000000004,-8.16356642649136,-4.527583275778997,266.8050254664946
245.45858838373084,-7.327425682398197,1.0000000000000007,-8.172587687179728,-4.527691874800664,266.81321084077365
245.46943944440008,-7.329788316227513,1.0000000000000004,-8.18159805060948,-4.527800361157938,266.8231394246791
245.4802917745638,-7.332155730173905,1.0000000000000007,-8.190597434192604,-4.527908734402419,266.8348224858342
245.49114536421476,-7.334527880510348,1.0000000000000004,-8.199585755341346,-4.528016994077961,266.848271291862
245.50200020334174,-7.3369047235107105,1.0000000000000007,-8.208562931468169,-4.528125139720677,266.8634971103859
245.51285628192934,-7.339286215449759,1.0000000000000004,-8.21752887998554,-4.528233170858929,266.88051120902867
245.52371358995822,-7.341672312603163,1.0000000000000004,-8.226483518306186,-4.528341087013332,266.8993248554136
245.53457211740488,-7.344062971247485,1.0000000000000004,-8.235426763842817,-4.5284488876967535,266.9199493171639
245.5454318542418,-7.346458147660183,1.0000000000000004,-8.244358534008477,-4.528556572414346,266.9423958619028
245.55629279043745,-7.348857798119621,1.0000000000000004,-8.253278746216228,-4.528664140663507,266.9666757572534
245.56715491595622,-7.351261878905053,1.0000000000000004,-8.262187317879356,-4.5287715919339115,266.99280027083864
245.57801822075848,-7.353670346296627,1.0000000000000004,-8.271084166411242,-4.528878925707499,267.0207806702818
