galstreams/tracks/track.st.Gaia-9.ibata2021.ecsv
# %ECSV 1.0
# ---
# datatype:
# - {name: ra, unit: deg, datatype: float64}
# - {name: dec, unit: deg, datatype: float64}
# - {name: distance, unit: kpc, datatype: float64}
# - {name: pm_ra_cosdec, unit: mas / yr, datatype: float64}
# - {name: pm_dec, unit: mas / yr, datatype: float64}
# - {name: radial_velocity, unit: km / s, datatype: float64}
# delimiter: ','
# meta: !!omap
# - __serialized_columns__:
#     dec:
#       __class__: astropy.coordinates.angles.Latitude
#       unit: &id001 !astropy.units.Unit {unit: deg}
#       value: !astropy.table.SerializedColumn {name: dec}
#     distance:
#       __class__: astropy.coordinates.distances.Distance
#       unit: !astropy.units.Unit {unit: kpc}
#       value: !astropy.table.SerializedColumn {name: distance}
#     pm_dec:
#       __class__: astropy.units.quantity.Quantity
#       unit: !astropy.units.Unit {unit: mas / yr}
#       value: !astropy.table.SerializedColumn {name: pm_dec}
#     pm_ra_cosdec:
#       __class__: astropy.units.quantity.Quantity
#       unit: !astropy.units.Unit {unit: mas / yr}
#       value: !astropy.table.SerializedColumn {name: pm_ra_cosdec}
#     ra:
#       __class__: astropy.coordinates.angles.Longitude
#       unit: *id001
#       value: !astropy.table.SerializedColumn {name: ra}
#       wrap_angle: !astropy.coordinates.Angle
#         unit: *id001
#         value: 360.0
#     radial_velocity:
#       __class__: astropy.units.quantity.Quantity
#       unit: !astropy.units.Unit {unit: km / s}
#       value: !astropy.table.SerializedColumn {name: radial_velocity}
# schema: astropy-2.0
ra,dec,distance,pm_ra_cosdec,pm_dec,radial_velocity
[from data line 1854]
242.82370148634175,54.8342794232217,4.7709612408048265,-9.392340087137818,6.158439994985043,-263.7947041915053
242.82934681490704,54.82458859327214,4.772281810476182,-9.390062494136668,6.156192002276317,-264.04491599627823
242.83498486690996,54.81489626534172,4.7736041020401085,-9.387788723191093,6.153943635152323,-264.2957179167365
242.84061564222205,54.80520243892161,4.774928116912327,-9.385518776729537,6.151694896498039,-264.5471106373796
242.84623914071508,54.7955071135025,4.776253856508561,-9.383252657180106,6.149445789197284,-264.79909484270684
242.85185536226095,54.78581028857466,4.777581322244534,-9.38099036697064,6.147196316132668,-265.05167121721746
242.85746430673194,54.776111963627876,4.778910515535965,-9.378731908528625,6.14494648018566,-265.30484044541123
242.86306597400028,54.76641213815149,4.780241437798577,-9.376477284281307,6.14269628423649,-265.5586032117872
242.86866036393866,54.75671081163442,4.7815740904480935,-9.37422649665558,6.1404457311642275,-265.81296020084505
242.87424747641975,54.74700798356509,4.782908474900237,-9.371979548078091,6.138194823846733,-266.067912097084
242.87982731131646,54.73730365343151,4.784244592570729,-9.369736440975174,6.135943565160677,-266.32345958500315
242.88539986850208,54.727597820721186,4.785582444875292,-9.367497177772865,6.133691957981531,-266.5796033491023
242.8909651478498,54.71789048492119,4.786922033229648,-9.365261760896937,6.131440005183565,-266.83634407388064
242.89652314923342,54.70818164551814,4.78826335904952,-9.363030192772833,6.129187709639858,-267.09368244383774
242.90207387252647,54.698471301998175,4.789606423750628,-9.360802475825793,6.1269350742222635,-267.3516191434728
242.90761731760298,54.68875945384699,4.790951228748697,-9.358578612480713,6.124682101801422,-267.6101548572851
242.91315348433713,54.67904610054982,4.792297775459449,-9.356358605162223,6.122428795246796,-267.8692902697743
242.91868237260323,54.669331241591394,4.793646065298605,-9.35414245629471,6.1201751574265995,-268.12902606543963
242.9242039822759,54.659614876456025,4.794996099681887,-9.351930168302253,6.117921191207861,-268.3893629287806
242.92971831322984,54.64989700462754,4.796347880025018,-9.34972174360869,6.115666899456357,-268.65030154429644
242.93522536533996,54.64017762558928,4.797701407743721,-9.347517184637585,6.113412285036654,-268.91184259648657
242.94072513848144,54.63045673882415,4.799056684253716,-9.34531649381224,6.111157350812112,-269.17398676985033
242.94621763252965,54.62073434381457,4.800413710970728,-9.343119673555686,6.10890209964486,-269.4367347488873
242.95170284736008,54.61101044004246,4.801772489310477,-9.340926726290718,6.106646534395777,-269.70008721809666
242.9571807828485,54.60128502698931,4.803133020688687,-9.338737654439853,6.104390657924524,-269.964044861978
242.96265143887084,54.59155810413612,4.804495306521079,-9.336552460425366,6.102134473089535,-270.22860836503037
242.96811481530315,54.581829670963394,4.805859348223376,-9.334371146669298,6.099877982748003,-270.49377841175345
242.97357091202184,54.5720997269512,4.8072251472113,-9.33219371559342,6.097621189755876,-270.75955568664654
242.9790197289034,54.56236827157909,4.8085927049005734,-9.330020169619257,6.095364096967872,-271.02594087420914
242.98446126582462,54.55263530432615,4.809962022706917,-9.327850511168101,6.093106707237464,-271.2929346589404
242.98989552266224,54.54290082467101,4.8113331020460555,-9.325684742661018,6.090849023416853,-271.5605377253398
242.99532249929348,54.53316483209174,4.81270594433371,-9.323522866518818,6.088591048357024,-271.8287507579068
243.00074219559565,54.523427326066056,4.814080550985603,-9.321364885162076,6.086332784907716,-272.0975744411407
243.00615461144622,54.51368830607107,4.815456923417456,-9.319210801011142,6.084074235917376,-272.36700945954095
243.0115597467228,54.503947771583455,4.816835063044992,-9.317060616486154,6.081815404233216,-272.6370564976068
243.01695760130346,54.4942057220794,4.818214971283931,-9.31491433400698,6.07955629270121,-272.90771623983784
243.02234817506604,54.48446215703463,4.819596649549999,-9.31277195599332,6.0772969041660225,-273.1789893707331
243.02773146788903,54.47471707592432,4.820980099258917,-9.310633484864596,6.075037241471117,-273.4508765747925
243.03310747965074,54.464970478223215,4.822365321826405,-9.308498923040052,6.07277730745864,-273.72337853651493
243.0384762102299,54.455222363405525,4.8237523186681885,-9.306368272938697,6.070517104969483,-273.99649594040017
243.04383765950536,54.445472730945,4.825141091199989,-9.304241536979335,6.068256636843278,-274.2702294709473
243.04919182735608,54.43572158031487,4.826531640837526,-9.302118717580564,6.065995905918382,-274.54457981265574
243.05453871366137,54.42596891098788,4.827923968996525,-9.299999817160758,6.063734915031864,-274.81954765002513
243.05987831830066,54.416214722436294,4.829318077092707,-9.297884838138085,6.061473667019525,-275.09513366755465
243.06521064115356,54.40645901413187,4.8307139665417935,-9.295773782930532,6.059212164715884,-275.37133854974365
243.07053568209983,54.396701785545844,4.832111638759507,-9.293666653955862,6.056950410954174,-275.64816298109156
243.07585344101955,54.38694303614898,4.8335110951615725,-9.291563453631644,6.054688408566349,-275.9256076460979
243.0811639177928,54.37718276541154,4.834912337163709,-9.28946418437527,6.052426160383069,-276.2036732292617
243.08646711230003,54.36742097280327,4.836315366181638,-9.28736884860392,6.050163669233702,-276.48236041508267
243.09176302442185,54.3576576577934,4.8377201836310855,-9.285277448734586,6.0479009379463395,-276.76166988806017
243.097051654039,54.34789281985071,4.839126790927771,-9.283189987184066,6.045637969347759,-277.04160233269357
243.10233300103232,54.338126458443426,4.84053518948742,-9.281106466369007,6.043374766263431,-277.32215843348206
243.10760706528313,54.328358573039274,4.841945380725749,-9.279026888705824,6.0411113315175875,-277.6033388749253
243.11287384667264,54.31858916310548,4.843357366058485,-9.276951256610785,6.038847667933073,-277.88514434152245
243.11813334508236,54.30881822810876,4.844771146901349,-9.274879572499984,6.0365837783314795,-278.16757551777295
243.12338556039407,54.299045767515324,4.846186724670063,-9.272811838789313,6.03431966553309,-278.45063308817623
243.12863049248963,54.28927178079087,4.847604100780348,-9.270748057894503,6.0320553323568635,-278.7343177372316
243.13386814125116,54.27949626740055,4.849023276647929,-9.268688232231128,6.029790781620459,-279.01863014943876
243.13909850656088,54.26971922680909,4.850444253688527,-9.266632364214576,6.027526016140209,-279.3035710092966
243.14432158830135,54.25994065848058,4.851867033317863,-9.26458045626007,6.025261038731147,-279.5891410013049
243.149537386355,54.25016056187869,4.853291616951662,-9.26253251078272,6.022995852206949,-279.87534080996267
243.15474590060495,54.24037893646652,4.854718006005643,-9.260488530197389,6.020730459380031,-280.16217111976965
243.15994713093409,54.2305957817067,4.8561462018955295,-9.258448516918845,6.0184648630614515,-280.4496326152253
243.16514107722554,54.220811097061265,4.857576206037045,-9.25641247336171,6.016199066060919,-280.73772598082854
243.17032773936282,54.21102488199182,4.85900801984591,-9.254380401940397,6.0139330711868535,-281.026451901079
243.17550711722944,54.20123713595937,4.860441644737849,-9.252352305069222,6.011666881246324,-281.3158110604761
243.18067921070926,54.19144785842444,4.861877082128583,-9.250328185162322,6.009400499045084,-281.6058041435194
243.1858440196861,54.18165704884703,4.8633143334338325,-9.24830804463372,6.007133927387526,-281.89643183470776
243.19100154404427,54.1718647066866,4.864753400069321,-9.24629188589725,6.004867169076743,-282.187694818541
243.19615178366791,54.162070831402076,4.866194283450773,-9.24427971136666,6.00260022691443,-282.47959377951844
243.20129473844162,54.15227542245189,4.867636984993908,-9.242271523455543,6.000333103700998,-282.7721294021392
243.20643040825007,54.1424784792939,4.86908150611445,-9.24026732457733,5.998065802235474,-283.06530237090317
243.21155879297822,54.13268000138547,4.870527848228118,-9.23826711714534,5.995798325315574,-283.3591133703094
243.21667989251102,54.12287998818341,4.87197601275064,-9.23627090357278,5.9935306757376265,-283.65356308485724
243.2217937067338,54.113078439144026,4.873426001097733,-9.234278686272706,5.991262856296634,-283.94865219904625
243.22690023553187,54.10327535372305,4.874877814685122,-9.232290467658064,5.988994869786222,-284.2443813973756
243.2319994787909,54.093470731375724,4.876331454928526,-9.230306250141682,5.986726718998687,-284.5407513643446
243.23709143639678,54.08366457155671,4.877786923243671,-9.228326036136227,5.984458406724967,-284.83776278445316
243.24217610823533,54.07385687372016,4.879244221046279,-9.22634982805432,5.982189935754594,-285.1354163422002
243.2472534941928,54.064047637319696,4.88070334975207,-9.224377628308407,5.9799213088758005,-285.43371272208515
243.25232359415554,54.05423686180837,4.882164310776768,-9.222409439310837,5.977652528875408,-285.7326526086076
243.25738640800992,54.044424546638716,4.883627105536095,-9.220445263473893,5.975383598538877,-286.03223668626663
243.2624419356429,54.034610691262706,4.885091735445772,-9.218485103209671,5.973114520650328,-286.33246563956214
243.2674901769411,54.02479529513182,4.886558201921522,-9.216528960930255,5.97084529799246,-286.63334015299284
243.2725311317918,54.01497835769693,4.888026506379068,-9.214576839047535,5.9685759333466475,-286.9348609110586
243.27756480008208,54.0051598784084,4.889496650234133,-9.21262873997338,5.966306429492853,-287.2370285982587
243.28259118169947,53.995339856716036,4.890968634902436,-9.21068466611952,5.964036789209674,-287.5398438990925
243.28761027653152,53.985518292069095,4.892442461799701,-9.208744619897594,5.9617670152743205,-287.8433074980593
243.29262208446605,53.975695183916315,4.893918132341652,-9.206808603719164,5.95949711046263,-288.1474200796585
243.29762660539095,53.96587053170583,4.895395647944009,-9.204876619995689,5.957227077549035,-288.45218232838965
243.30262383919444,53.95604433488526,4.8968750100224945,-9.20294867113856,5.954956919306598,-288.75759492875187
243.30761378576483,53.94621659290167,4.898356219992831,-9.201024759559058,5.952686638506984,-289.06365856524496
243.3125964449905,53.936387305201585,4.899839279270743,-9.19910488766841,5.950416237920457,-289.37037392236766
243.3175718167603,53.92655647123094,4.901324189271948,-9.197189057877736,5.948145720315909,-289.67774168462
243.32253990096297,53.91672409043513,4.902810951412173,-9.1952772725981,5.9458750884608,-289.985762536501
243.32750069748758,53.906890162259,4.904299567107137,-9.193369534240487,5.943604345121219,-290.29443716251023
243.33245420622336,53.89705468614685,4.905790037772564,-9.191465845215792,5.941333493061856,-290.603766247147
243.3374004270596,53.88721766154242,4.907282364824176,-9.189566207934883,5.939062535045969,-290.91375047491044
243.34233935988595,53.877379087888826,4.908776549677694,-9.187670624808526,5.9367914738354255,-291.2243905303004
243.34727100459216,53.86753896462873,4.910272593748842,-9.18577909824742,5.934520312190692,-291.535687097816
243.3521953610681,53.85769729120414,4.911770498453342,-9.183891630662222,5.932249052870821,-291.8476408619568
243.3571124292038,53.84785406705656,4.913270265206916,-9.18200822446354,5.929977698633431,-292.16025250722174
243.3620222088896,53.838009291626896,4.914771895425284,-9.180128882061894,5.927706252234758,-292.4735227181107
243.366924700016,53.8281629643555,4.916275390524171,-9.178253605867742,5.925434716429599,-292.7874521791229
243.37181990247345,53.818315084682155,4.917780751919299,-9.176382398291551,5.9231630939713344,-293.1020415747577
243.37670781615287,53.808465652046095,4.91928798102639,-9.174515261743668,5.920891387611926,-293.41729158951443
243.38158844094514,53.798614665885964,4.920797079261165,-9.172652198634452,5.918619600101904,-293.73320290789246
243.38646177674144,53.78876212563984,4.922308048039348,-9.170793211374173,5.9163477341904,-294.0497762143914
243.39132782343304,53.77890803074524,4.92382088877666,-9.168938302373077,5.91407579262508,-294.3670121935102
243.39618658091152,53.76905238063908,4.925335602888824,-9.16708747404136,5.911803778152195,-294.68491152974894
243.40103804906838,53.759195174757764,4.926852191791562,-9.165240728789222,5.909531693516565,-295.0034749076062
243.4058822277956,53.74933641253704,4.928370656900597,-9.163398069026762,5.907259541461578,-295.322703011582
243.410719116985,53.73947609341216,4.92989099963165,-9.16155949716411,5.904987324729172,-295.6425965261752
243.41554871652892,53.72961421681774,4.931413221400444,-9.159725015611327,5.9027150460598605,-295.9631561358857
243.42037102631966,53.719750782187845,4.9329373236227,-9.157894626778447,5.90044270819271,-296.28438252521266
243.42518604624965,53.70988578895598,4.934463307714142,-9.156068333075515,5.898170313865332,-296.6062763786554
243.4299937762117,53.70001923655503,4.935991175090492,-9.154246136912505,5.8958978658139145,-296.92883838071333
243.43479421609854,53.69015112441732,4.937520927167471,-9.15242804069942,5.893625366773175,-297.25206921588597
243.43958736580322,53.68028145197461,4.939052565360803,-9.150614046846208,5.891352819476383,-297.5759695686724
243.44437322521904,53.67041021865802,4.9405860910862085,-9.148804157762804,5.889080226655377,-297.9005401235723
243.44915179423927,53.66053742389816,4.9421215057594114,-9.146998375859155,5.886807591040523,-298.22578156508496
243.4539230727574,53.65066306712502,4.9436588107961335,-9.145196703545194,5.8845349153607245,-298.55169457770967
243.45868706066722,53.640787147767995,4.9451980076120945,-9.143399143230818,5.882262202343441,-298.87827984594605
243.4634437578626,53.630909665255906,4.94673909762302,-9.141605697325945,5.879989454714674,-299.2055380542932
243.4681931642375,53.62103061901698,4.948282082244631,-9.13981636824049,5.877716675198939,-299.5334698872507
243.47293527968617,53.611150008478845,4.94982696289265,-9.138031158384365,5.875443866519297,-299.86207602931773
243.47767010410303,53.601267833068576,4.9513737409828,-9.136250070167453,5.8731710313973595,-300.19135716499403
243.48239763738255,53.5913840922126,4.9529224179308,-9.1344731059997,5.870898172553233,-300.5213139787787
243.48711787941946,53.58149878533683,4.954472995152377,-9.13270026829101,5.868625292705586,-300.851947155171
243.49183083010868,53.57161191186649,4.95602547406325,-9.130931559451316,5.866352394571602,-301.1832573786708
243.49653648934515,53.56172347122627,4.957579856079142,-9.129166981890569,5.864079480866967,-301.5152453337771
243.50123485702417,53.55183346284025,4.959136142615774,-9.127406538018711,5.861806554305925,-301.8479117049893
243.5059259330411,53.541941886131944,4.960694335088872,-9.125650230245725,5.859533617601216,-302.181257176807
243.51060971729143,53.53204874052422,4.962254434914155,-9.123898060981618,5.8572606734641,-302.5152824337294
243.51528620967093,53.52215402543935,4.963816443507346,-9.122150032636373,5.854987724604356,-302.84998816025586
243.5199554100754,53.51225774029903,4.965380362284165,-9.120406147620058,5.852714773730276,-303.18537504088596
243.52461731840094,53.50235988452437,4.966946192660341,-9.118666408342712,5.850441823548673,-303.52144376011887
243.5292719345436,53.49246045753583,4.96851393605159,-9.11693081721446,5.848168876764829,-303.858195002454
243.53391925839992,53.48255945875329,4.970083593873636,-9.115199376645394,5.845895936082601,-304.19562945239096
243.53855928986633,53.47265688759605,4.9716551675422,-9.1134720890457,5.843623004204295,-304.53374779442856
243.54319202883957,53.46275274348276,4.973228658473008,-9.111748956825547,5.841350083830737,-304.8725507130671
243.54781747521645,53.452847025831495,4.974804068081779,-9.110029982395169,5.83907717766126,-305.21203889280537
243.55243562889393,53.44293973405972,4.976381397784236,-9.10831516816487,5.836804288393676,-305.5522130181426
