galstreams/tracks/track.st.NGC5466.grillmair2006.ecsv
# %ECSV 0.9
# ---
# datatype:
# - {name: ra, unit: deg, datatype: float64}
# - {name: dec, unit: deg, datatype: float64}
# - {name: distance, unit: kpc, datatype: float64}
# - {name: pm_ra_cosdec, unit: mas / yr, datatype: float64}
# - {name: pm_dec, unit: mas / yr, datatype: float64}
# - {name: radial_velocity, unit: km / s, datatype: float64}
# delimiter: ','
# meta: !!omap
# - __serialized_columns__:
#     dec:
#       __class__: astropy.coordinates.angles.Latitude
#       unit: &id001 !astropy.units.Unit {unit: deg}
#       value: !astropy.table.SerializedColumn {name: dec}
#     distance:
#       __class__: astropy.coordinates.distances.Distance
#       unit: !astropy.units.Unit {unit: kpc}
#       value: !astropy.table.SerializedColumn {name: distance}
#     pm_dec:
#       __class__: astropy.units.quantity.Quantity
#       unit: !astropy.units.Unit {unit: mas / yr}
#       value: !astropy.table.SerializedColumn {name: pm_dec}
#     pm_ra_cosdec:
#       __class__: astropy.units.quantity.Quantity
#       unit: !astropy.units.Unit {unit: mas / yr}
#       value: !astropy.table.SerializedColumn {name: pm_ra_cosdec}
#     ra:
#       __class__: astropy.coordinates.angles.Longitude
#       unit: *id001
#       value: !astropy.table.SerializedColumn {name: ra}
#       wrap_angle: !astropy.coordinates.Angle
#         unit: *id001
#         value: 360.0
#     radial_velocity:
#       __class__: astropy.units.quantity.Quantity
#       unit: !astropy.units.Unit {unit: km / s}
#       value: !astropy.table.SerializedColumn {name: radial_velocity}
# schema: astropy-2.0
ra,dec,distance,pm_ra_cosdec,pm_dec,radial_velocity
[from data line 4253]
183.9271405543385,39.04612435984971,16.60000000000001,0.0,0.0,0.0
183.9146782192047,39.04867980790212,16.6,0.0,0.0,0.0
183.90221490042498,39.05123372162211,16.600000000000005,0.0,0.0,0.0
183.88975059849352,39.05378610094019,16.600000000000005,0.0,0.0,0.0
183.87728531390445,39.05633694578701,16.60000000000001,0.0,0.0,0.0
183.86481904715234,39.05888625609344,16.600000000000005,0.0,0.0,0.0
183.85235179873195,39.061434031790455,16.600000000000005,0.0,0.0,0.0
183.83988356913824,39.063980272809246,16.60000000000001,0.0,0.0,0.0
183.82741435886652,39.06652497908115,16.600000000000005,0.0,0.0,0.0
183.8149441684122,39.069068150537696,16.600000000000005,0.0,0.0,0.0
183.80247299827113,39.071609787110525,16.600000000000005,0.0,0.0,0.0
183.7900008489392,39.07414988873151,16.600000000000005,0.0,0.0,0.0
183.77752772091273,39.07668845533265,16.600000000000005,0.0,0.0,0.0
183.76505361468816,39.07922548684611,16.600000000000005,0.0,0.0,0.0
183.7525785307622,39.08176098320425,16.600000000000005,0.0,0.0,0.0
183.74010246963186,39.084294944339554,16.60000000000001,0.0,0.0,0.0
183.72762543179434,39.086827370184714,16.600000000000005,0.0,0.0,0.0
183.7151474177471,39.08935826067254,16.600000000000005,0.0,0.0,0.0
183.70266842798785,39.09188761573606,16.60000000000001,0.0,0.0,0.0
183.69018846301452,39.09441543530842,16.600000000000005,0.0,0.0,0.0
183.6777075233253,39.096941719322956,16.600000000000005,0.0,0.0,0.0
183.66522560941868,39.09946646771315,16.60000000000001,0.0,0.0,0.0
183.65274272179326,39.10198968041266,16.600000000000005,0.0,0.0,0.0
183.64025886094802,39.104511357355285,16.600000000000005,0.0,0.0,0.0
183.62777402738206,39.10703149847503,16.60000000000001,0.0,0.0,0.0
183.61528822159485,39.10955010370602,16.60000000000001,0.0,0.0,0.0
183.60280144408597,39.11206717298256,16.600000000000005,0.0,0.0,0.0
183.59031369535538,39.11458270623911,16.600000000000005,0.0,0.0,0.0
183.57782497590313,39.11709670341028,16.600000000000005,0.0,0.0,0.0
183.5653352862296,39.11960916443088,16.600000000000005,0.0,0.0,0.0
183.55284462683545,39.12212008923583,16.60000000000001,0.0,0.0,0.0
183.54035299822146,39.124629477760244,16.600000000000005,0.0,0.0,0.0
183.52786040088876,39.12713732993939,16.600000000000005,0.0,0.0,0.0
183.51536683533865,39.129643645708676,16.600000000000005,0.0,0.0,0.0
183.5028723020727,39.13214842500369,16.60000000000001,0.0,0.0,0.0
183.49037680159267,39.13465166776017,16.60000000000001,0.0,0.0,0.0
183.47788033440065,39.13715337391402,16.600000000000005,0.0,0.0,0.0
183.4653829009989,39.13965354340127,16.600000000000005,0.0,0.0,0.0
183.45288450188994,39.14215217615816,16.600000000000005,0.0,0.0,0.0
183.4403851375765,39.14464927212105,16.6,0.0,0.0,0.0
183.42788480856157,39.14714483122646,16.599999999999998,0.0,0.0,0.0
183.4153835153484,39.14963885341108,16.6,0.0,0.0,0.0
183.4028812584404,39.15213133861176,16.6,0.0,0.0,0.0
183.3903780383413,39.15462228676546,16.6,0.0,0.0,0.0
183.377873855555,39.15711169780935,16.6,0.0,0.0,0.0
183.36536871058573,39.15959957168074,16.6,0.0,0.0,0.0
183.3528626039378,39.16208590831707,16.600000000000005,0.0,0.0,0.0
183.34035553611594,39.164570707655976,16.6,0.0,0.0,0.0
183.3278475076249,39.16705396963522,16.6,0.0,0.0,0.0
183.31533851896984,39.1695356941927,16.600000000000005,0.0,0.0,0.0
183.30282857065612,39.172015881266525,16.6,0.0,0.0,0.0
183.29031766318928,39.17449453079489,16.6,0.0,0.0,0.0
183.27780579707513,39.17697164271618,16.6,0.0,0.0,0.0
183.2652929728197,39.17944721696895,16.600000000000005,0.0,0.0,0.0
183.25277919092923,39.181921253491865,16.6,0.0,0.0,0.0
183.24026445191026,39.184393752223755,16.600000000000005,0.0,0.0,0.0
183.22774875626945,39.18686471310363,16.600000000000005,0.0,0.0,0.0
183.21523210451383,39.189334136070606,16.600000000000005,0.0,0.0,0.0
183.2027144971505,39.19180202106397,16.600000000000005,0.0,0.0,0.0
183.19019593468698,39.194268368023174,16.600000000000005,0.0,0.0,0.0
183.17767641763086,39.19673317688779,16.6,0.0,0.0,0.0
183.16515594649005,39.199196447597586,16.600000000000005,0.0,0.0,0.0
183.15263452177263,39.20165818009241,16.6,0.0,0.0,0.0
183.14011214398695,39.20411837431231,16.6,0.0,0.0,0.0
183.12758881364158,39.20657703019749,16.6,0.0,0.0,0.0
183.11506453124528,39.209034147688236,16.6,0.0,0.0,0.0
183.10253929730712,39.21148972672508,16.6,0.0,0.0,0.0
183.09001311233632,39.213943767248615,16.600000000000005,0.0,0.0,0.0
183.07748597684235,39.21639626919962,16.6,0.0,0.0,0.0
183.06495789133493,39.218847232519025,16.6,0.0,0.0,0.0
183.05242885632398,39.22129665714789,16.6,0.0,0.0,0.0
183.03989887231967,39.22374454302743,16.600000000000005,0.0,0.0,0.0
183.02736793983243,39.226190890099,16.6,0.0,0.0,0.0
183.01483605937275,39.22863569830411,16.6,0.0,0.0,0.0
183.00230323145158,39.2310789675844,16.6,0.0,0.0,0.0
182.98976945657992,39.23352069788167,16.6,0.0,0.0,0.0
182.97723473526906,39.23596088913787,16.6,0.0,0.0,0.0
182.9646990680305,39.23839954129505,16.6,0.0,0.0,0.0
182.95216245537603,39.240836654295464,16.600000000000005,0.0,0.0,0.0
182.93962489781757,39.243272228081466,16.600000000000005,0.0,0.0,0.0
182.9270863958673,39.24570626259557,16.600000000000005,0.0,0.0,0.0
182.9145469500376,39.248138757780424,16.600000000000005,0.0,0.0,0.0
182.9020065608411,39.25056971357884,16.6,0.0,0.0,0.0
182.88946522879073,39.25299912993375,16.6,0.0,0.0,0.0
182.87692295439948,39.25542700678822,16.6,0.0,0.0,0.0
182.86437973818065,39.25785334408546,16.6,0.0,0.0,0.0
182.85183558064776,39.26027814176887,16.6,0.0,0.0,0.0
182.8392904823146,39.26270139978194,16.6,0.0,0.0,0.0
182.82674444369505,39.26512311806829,16.600000000000005,0.0,0.0,0.0
182.81419746530332,39.267543296571716,16.600000000000005,0.0,0.0,0.0
182.80164954765382,39.26996193523614,16.6,0.0,0.0,0.0
182.78910069126118,39.272379034005624,16.600000000000005,0.0,0.0,0.0
182.7765508966402,39.27479459282436,16.600000000000005,0.0,0.0,0.0
182.76400016430594,39.27720861163668,16.6,0.0,0.0,0.0
182.7514484947737,39.27962109038707,16.6,0.0,0.0,0.0
182.73889588855897,39.28203202902012,16.600000000000005,0.0,0.0,0.0
182.72634234617746,39.28444142748061,16.600000000000005,0.0,0.0,0.0
182.71378786814512,39.286849285713416,16.6,0.0,0.0,0.0
182.70123245497805,39.28925560366355,16.600000000000005,0.0,0.0,0.0
182.68867610719266,39.29166038127618,16.6,0.0,0.0,0.0
182.67611882530554,39.294063618496594,16.6,0.0,0.0,0.0
182.66356060983347,39.296465315270225,16.6,0.0,0.0,0.0
182.65100146129345,39.298865471542655,16.599999999999998,0.0,0.0,0.0
182.63844138020275,39.30126408725957,16.6,0.0,0.0,0.0
182.62588036707882,39.3036611623668,16.599999999999998,0.0,0.0,0.0
182.61331842243928,39.30605669681033,16.6,0.0,0.0,0.0
182.60075554680202,39.308450690536255,16.599999999999998,0.0,0.0,0.0
182.5881917406852,39.3108431434908,16.599999999999998,0.0,0.0,0.0
182.57562700460704,39.313234055620335,16.599999999999998,0.0,0.0,0.0
182.56306133908615,39.31562342687138,16.599999999999998,0.0,0.0,0.0
182.55049474464118,39.31801125719056,16.599999999999998,0.0,0.0,0.0
182.53792722179116,39.320397546524646,16.599999999999998,0.0,0.0,0.0
182.5253587710552,39.32278229482053,16.599999999999998,0.0,0.0,0.0
182.51278939295273,39.32516550202523,16.599999999999998,0.0,0.0,0.0
182.5002190880033,39.327547168085935,16.599999999999998,0.0,0.0,0.0
182.4876478567267,39.3299272929499,16.6,0.0,0.0,0.0
182.47507569964299,39.332305876564575,16.6,0.0,0.0,0.0
182.46250261727238,39.3346829188775,16.6,0.0,0.0,0.0
182.44992861013526,39.337058419836346,16.599999999999998,0.0,0.0,0.0
182.43735367875237,39.33943237938894,16.599999999999998,0.0,0.0,0.0
182.4247778236445,39.3418047974832,16.599999999999998,0.0,0.0,0.0
182.41220104533272,39.34417567406721,16.599999999999998,0.0,0.0,0.0
182.39962334433835,39.346545009089155,16.599999999999998,0.0,0.0,0.0
182.38704472118292,39.348912802497374,16.6,0.0,0.0,0.0
182.37446517638801,39.35127905424029,16.599999999999998,0.0,0.0,0.0
182.3618847104756,39.353643764266494,16.6,0.0,0.0,0.0
182.34930332396783,39.35600693252469,16.599999999999998,0.0,0.0,0.0
182.33672101738696,39.3583685589637,16.599999999999998,0.0,0.0,0.0
182.3241377912556,39.36072864353249,16.6,0.0,0.0,0.0
182.31155364609646,39.363087186180145,16.599999999999998,0.0,0.0,0.0
182.29896858243245,39.36544418685583,16.6,0.0,0.0,0.0
182.28638260078682,39.36779964550894,16.6,0.0,0.0,0.0
182.27379570168287,39.370153562088895,16.6,0.0,0.0,0.0
182.26120788564415,39.37250593654527,16.599999999999998,0.0,0.0,0.0
182.24861915319448,39.374856768827776,16.6,0.0,0.0,0.0
182.23602950485787,39.37720605888626,16.599999999999998,0.0,0.0,0.0
182.2234389411585,39.37955380667064,16.599999999999998,0.0,0.0,0.0
182.2108474626207,39.381900012131,16.6,0.0,0.0,0.0
182.19825506976915,39.384244675217545,16.599999999999998,0.0,0.0,0.0
182.1856617631286,39.38658779588058,16.6,0.0,0.0,0.0
182.17306754322408,39.38892937407055,16.6,0.0,0.0,0.0
182.16047241058084,39.391269409738015,16.6,0.0,0.0,0.0
182.14787636572424,39.39360790283366,16.599999999999998,0.0,0.0,0.0
182.13527940917996,39.395944853308286,16.599999999999998,0.0,0.0,0.0
182.1226815414738,39.39828026111281,16.599999999999998,0.0,0.0,0.0
182.11008276313177,39.40061412619827,16.599999999999998,0.0,0.0,0.0
182.0974830746801,39.40294644851583,16.599999999999998,0.0,0.0,0.0
182.0848824766453,39.40527722801678,16.6,0.0,0.0,0.0
182.0722809695539,39.40760646465251,16.6,0.0,0.0,0.0
182.05967855393283,39.40993415837454,16.6,0.0,0.0,0.0
182.04707523030908,39.4122603091345,16.6,0.0,0.0,0.0
182.0344709992099,39.414584916884166,16.599999999999998,0.0,0.0,0.0
182.02186586116272,39.41690798157538,16.599999999999998,0.0,0.0,0.0
182.0092598166952,39.41922950316014,16.599999999999998,0.0,0.0,0.0
181.9966528663352,39.42154948159057,16.599999999999998,0.0,0.0,0.0
181.98404501061074,39.42386791681884,16.6,0.0,0.0,0.0
181.97143625005006,39.426184808797345,16.599999999999994,0.0,0.0,0.0
181.95882658518158,39.4285001574785,16.599999999999998,0.0,0.0,0.0
181.946216016534,39.430813962814895,16.599999999999998,0.0,0.0,0.0
181.93360454463613,39.43312622475919,16.599999999999998,0.0,0.0,0.0
181.920992170017,39.43543694326421,16.599999999999998,0.0,0.0,0.0
181.90837889320585,39.43774611828284,16.599999999999994,0.0,0.0,0.0
181.8957647147321,39.44005374976811,16.599999999999994,0.0,0.0,0.0
181.88314963512545,39.44235983767316,16.599999999999998,0.0,0.0,0.0
181.87053365491562,39.44466438195125,16.599999999999998,0.0,0.0,0.0
181.85791677463274,39.44696738255573,16.599999999999994,0.0,0.0,0.0
181.84529899480697,39.449268839440066,16.599999999999994,0.0,0.0,0.0
181.83268031596873,39.451568752557876,16.599999999999994,0.0,0.0,0.0
181.82006073864872,39.453867121862835,16.599999999999994,0.0,0.0,0.0
181.80744026337763,39.456163947308774,16.599999999999994,0.0,0.0,0.0
181.79481889068654,39.45845922884959,16.599999999999994,0.0,0.0,0.0
181.78219662110664,39.460752966439344,16.599999999999998,0.0,0.0,0.0
181.76957345516928,39.463045160032145,16.599999999999994,0.0,0.0,0.0
181.75694939340613,39.46533580958226,16.599999999999998,0.0,0.0,0.0
181.7443244363489,39.467624915044055,16.599999999999998,0.0,0.0,0.0
181.73169858452965,39.469912476372,16.599999999999994,0.0,0.0,0.0
181.71907183848052,39.472198493520665,16.599999999999998,0.0,0.0,0.0
181.7064441987338,39.47448296644474,16.599999999999994,0.0,0.0,0.0
181.69381566582217,39.47676589509903,16.599999999999998,0.0,0.0,0.0
181.6811862402783,39.47904727943842,16.599999999999994,0.0,0.0,0.0
181.66855592263516,39.481327119417934,16.599999999999994,0.0,0.0,0.0
181.6559247134259,39.48360541499268,16.59999999999999,0.0,0.0,0.0
181.6432926131838,39.48588216611788,16.599999999999994,0.0,0.0,0.0
181.63065962244247,39.48815737274887,16.599999999999994,0.0,0.0,0.0
181.61802574173552,39.490431034841095,16.599999999999998,0.0,0.0,0.0
181.60539097159696,39.49270315235007,16.599999999999994,0.0,0.0,0.0
181.59275531256077,39.494973725231446,16.599999999999994,0.0,0.0,0.0
181.58011876516133,39.49724275344099,16.599999999999994,0.0,0.0,0.0
181.56748132993303,39.49951023693455,16.599999999999994,0.0,0.0,0.0
181.5548430074106,39.50177617566807,16.599999999999994,0.0,0.0,0.0
181.54220379812884,39.50404056959763,16.599999999999994,0.0,0.0,0.0
181.52956370262282,39.50630341867938,16.599999999999998,0.0,0.0,0.0
181.51692272142782,39.50856472286959,16.599999999999998,0.0,0.0,0.0
181.50428085507917,39.510824482124654,16.59999999999999,0.0,0.0,0.0
181.49163810411252,39.51308269640101,16.599999999999994,0.0,0.0,0.0
181.47899446906365,39.51533936565525,16.599999999999994,0.0,0.0,0.0
181.46634995046858,39.517594489844036,16.599999999999998,0.0,0.0,0.0
181.45370454886347,39.51984806892417,16.599999999999998,0.0,0.0,0.0
181.4410582647846,39.52210010285252,16.599999999999994,0.0,0.0,0.0
181.42841109876866,39.524350591586035,16.599999999999994,0.0,0.0,0.0
181.41576305135226,39.526599535081836,16.599999999999994,0.0,0.0,0.0
181.40311412307236,39.528846933297054,16.599999999999998,0.0,0.0,0.0
181.39046431446607,39.53109278618901,16.599999999999994,0.0,0.0,0.0
181.37781362607066,39.533337093715055,16.599999999999998,0.0,0.0,0.0
181.36516205842364,39.53557985583265,16.599999999999994,0.0,0.0,0.0
181.35250961206262,39.53782107249939,16.59999999999999,0.0,0.0,0.0
181.3398562875255,39.540060743672946,16.59999999999999,0.0,0.0,0.0
181.32720208535028,39.542298869311054,16.599999999999994,0.0,0.0,0.0
181.31454700607514,39.5445354493716,16.59999999999999,0.0,0.0,0.0
181.30189105023854,39.54677048381254,16.599999999999994,0.0,0.0,0.0
181.28923421837905,39.54900397259193,16.59999999999999,0.0,0.0,0.0
181.27657651103536,39.55123591566793,16.599999999999994,0.0,0.0,0.0
181.2639179287465,39.55346631299878,16.59999999999999,0.0,0.0,0.0
181.2512584720516,39.555695164542804,16.59999999999999,0.0,0.0,0.0
181.23859814148992,39.55792247025847,16.599999999999987,0.0,0.0,0.0
181.225936937601,39.56014823010429,16.599999999999994,0.0,0.0,0.0
181.21327486092446,39.562372444038886,16.59999999999999,0.0,0.0,0.0
181.20061191200023,39.56459511202099,16.599999999999994,0.0,0.0,0.0
181.1879480913683,39.566816234009416,16.59999999999999,0.0,0.0,0.0
181.1752833995689,39.56903580996306,16.59999999999999,0.0,0.0,0.0
181.16261783714248,39.57125383984092,16.599999999999994,0.0,0.0,0.0
181.14995140462955,39.573470323602095,16.59999999999999,0.0,0.0,0.0
181.13728410257087,39.57568526120576,16.599999999999994,0.0,0.0,0.0
181.12461593150744,39.57789865261118,16.599999999999987,0.0,0.0,0.0
181.11194689198038,39.580110497777746,16.599999999999994,0.0,0.0,0.0
181.0992769845309,39.58232079666489,16.59999999999999,0.0,0.0,0.0
181.0866062097006,39.58452954923214,16.59999999999999,0.0,0.0,0.0
181.07393456803106,39.58673675543916,16.599999999999994,0.0,0.0,0.0
181.06126206006414,39.58894241524568,16.59999999999999,0.0,0.0,0.0
181.04858868634187,39.591146528611496,16.59999999999999,0.0,0.0,0.0
181.0359144474064,39.59334909549652,16.59999999999999,0.0,0.0,0.0
181.02323934380016,39.59555011586073,16.59999999999999,0.0,0.0,0.0
181.01056337606562,39.597749589664225,16.599999999999994,0.0,0.0,0.0
180.9978865447456,39.599947516867154,16.599999999999994,0.0,0.0,0.0
180.98520885038292,39.60214389742978,16.599999999999994,0.0,0.0,0.0
180.97253029352072,39.60433873131243,16.59999999999999,0.0,0.0,0.0
180.9598508747022,39.60653201847556,16.59999999999999,0.0,0.0,0.0
180.9471705944708,39.60872375887966,16.59999999999999,0.0,0.0,0.0
180.93448945337016,39.61091395248534,16.599999999999994,0.0,0.0,0.0
180.92180745194406,39.61310259925329,16.59999999999999,0.0,0.0,0.0
