galstreams/tracks/track.st.NGC1261.ibata2021.ecsv
# %ECSV 0.9
# ---
# datatype:
# - {name: ra, unit: deg, datatype: float64}
# - {name: dec, unit: deg, datatype: float64}
# - {name: distance, unit: kpc, datatype: float64}
# - {name: pm_ra_cosdec, unit: mas / yr, datatype: float64}
# - {name: pm_dec, unit: mas / yr, datatype: float64}
# - {name: radial_velocity, unit: km / s, datatype: float64}
# delimiter: ','
# meta: !!omap
# - __serialized_columns__:
#     dec:
#       __class__: astropy.coordinates.angles.Latitude
#       unit: &id001 !astropy.units.Unit {unit: deg}
#       value: !astropy.table.SerializedColumn {name: dec}
#     distance:
#       __class__: astropy.coordinates.distances.Distance
#       unit: !astropy.units.Unit {unit: kpc}
#       value: !astropy.table.SerializedColumn {name: distance}
#     pm_dec:
#       __class__: astropy.units.quantity.Quantity
#       unit: !astropy.units.Unit {unit: mas / yr}
#       value: !astropy.table.SerializedColumn {name: pm_dec}
#     pm_ra_cosdec:
#       __class__: astropy.units.quantity.Quantity
#       unit: !astropy.units.Unit {unit: mas / yr}
#       value: !astropy.table.SerializedColumn {name: pm_ra_cosdec}
#     ra:
#       __class__: astropy.coordinates.angles.Longitude
#       unit: *id001
#       value: !astropy.table.SerializedColumn {name: ra}
#       wrap_angle: !astropy.coordinates.Angle
#         unit: *id001
#         value: 360.0
#     radial_velocity:
#       __class__: astropy.units.quantity.Quantity
#       unit: !astropy.units.Unit {unit: km / s}
#       value: !astropy.table.SerializedColumn {name: radial_velocity}
# schema: astropy-2.0
ra,dec,distance,pm_ra_cosdec,pm_dec,radial_velocity
[from data line 138]
43.15365371220244,-61.40216258871031,17.25596525919903,1.5595071330190824,-2.564785875239589,8.420767129872338e-14
43.16337082291387,-61.3933379858059,17.26121761319926,1.5597437835360093,-2.5639688487359504,5.0524602779234026e-14
43.17307728624433,-61.38451161843765,17.266464083571726,1.5599800914852724,-2.5631527394098805,8.420767129872338e-14
43.18277312594214,-61.37568349161914,17.271704677249218,1.560216058478095,-2.562337545765122,1.6841534259744676e-14
43.19245836573644,-61.36685361035693,17.27693940116451,1.5604516861220268,-2.561523266305513,6.73661370389787e-14
43.20213302933725,-61.35802197965033,17.282168262250394,1.5606869760209483,-2.5607098995349893,0.0
43.2117971404354,-61.34918860449169,17.28739126743965,1.5609219297750827,-2.5598974439575906,0.0
43.22145072270268,-61.34035348986612,17.292608423665058,1.561156548981001,-2.5590858980774565,6.73661370389787e-14
43.23109379979149,-61.33151664075185,17.2978197378594,1.561390835231621,-2.5582752603988395,6.73661370389787e-14
43.2407263953353,-61.32267806211991,17.303025216955458,1.561624790116225,-2.5574655294260946,8.420767129872338e-14
43.25034853294832,-61.31383775893435,17.30822486788601,1.561858415220461,-2.5566567036636916,5.0524602779234026e-14
43.25996023622562,-61.30499573615218,17.313418697583852,1.56209171212635,-2.5558487816162136,3.368306851948935e-14
43.26956152874307,-61.2961519987234,17.318606712981754,1.5623246824122907,-2.5550417617883636,3.368306851948935e-14
43.27915243405742,-61.287306551591016,17.323788921012508,1.5625573276530706,-2.5542356426849606,3.368306851948935e-14
43.28873297570612,-61.27845939969115,17.32896532860889,1.5627896494198636,-2.5534304228109512,3.368306851948935e-14
43.298303177207565,-61.269610547952844,17.33413594270368,1.5630216492802511,-2.5526261006714046,3.368306851948935e-14
43.30786306206093,-61.26076000129826,17.339300770229666,1.5632533287982147,-2.551822674771517,6.73661370389787e-14
43.31741265374618,-61.251907764642574,17.344459818119624,1.5634846895341485,-2.5510201436166176,5.0524602779234026e-14
43.326951975724114,-61.243053842894106,17.349613093306342,1.563715733044868,-2.5502185057121665,3.368306851948935e-14
43.33648105143638,-61.23419824095421,17.354760602722603,1.5639464608836138,-2.5494177595637604,3.368306851948935e-14
43.3459999043053,-61.2253409637175,17.359902353301187,1.5641768746000513,-2.548617903677134,8.420767129872338e-14
43.355508557734126,-61.21648201607157,17.365038351974885,1.564406975740293,-2.5478189365581647,1.0104920555846805e-13
43.365007035106885,-61.20762140289722,17.370168605676458,1.5646367658468936,-2.5470208567128734,5.0524602779234026e-14
43.37449535978836,-61.198759129068414,17.375293121338704,1.5648662464588576,-2.546223662647423,6.73661370389787e-14
43.383973555124186,-61.18989519945226,17.38041190589441,1.5650954191116453,-2.545427352868126,5.0524602779234026e-14
43.393441644440784,-61.18102961890912,17.385524966276343,1.5653242853371883,-2.54463192588145,6.73661370389787e-14
43.40289965104536,-61.17216239229245,17.390632309417295,1.5655528466638824,-2.5438373801940104,5.0524602779234026e-14
43.412347598225864,-61.16329352444911,17.39573394225005,1.565781104616601,-2.543043714312583,5.0524602779234026e-14
43.4217855092511,-61.15442302021905,17.400829871707387,1.5660090607167034,-2.542250926744098,5.0524602779234026e-14
43.43121340737068,-61.1455508844355,17.405920104722085,1.5662367164820392,-2.5414590159956507,5.0524602779234026e-14
43.44063131581493,-61.136677121924976,17.411004648226932,1.5664640734269528,-2.540667980574494,1.6841534259744676e-14
43.45003925779506,-61.12780173750727,17.416083509154706,1.5666911330622912,-2.53987781898805,8.420767129872338e-14
43.45943725650302,-61.1189247359954,17.421156694438196,1.5669178968954145,-2.5390885297439065,1.6841534259744676e-14
43.468825335111475,-61.11004612219589,17.42622421101018,1.5671443664301914,-2.538300111349826,5.0524602779234026e-14
43.47820351677398,-61.10116590090839,17.431286065803445,1.5673705431670193,-2.5375125623137373,1.0104920555846805e-13
43.48757182462486,-61.09228407692594,17.436342265750763,1.5675964286028221,-2.5367258811437483,5.0524602779234026e-14
43.49693028177919,-61.08340065503499,17.44139281778492,1.5678220242310577,-2.535940066348145,5.0524602779234026e-14
43.50627891133286,-61.07451564001532,17.446437728838703,1.5680473315417256,-2.5351551164353863,8.420767129872338e-14
43.51561773636252,-61.065629036640075,17.451477005844893,1.5682723520213726,-2.53437102991412,6.73661370389787e-14
43.52494677992569,-61.05674084967577,17.45651065573627,1.5684970871531032,-2.533587805293174,1.6841534259744676e-14
43.53426606506051,-61.047851083882506,17.46153868544562,1.5687215384165754,-2.5328054410815666,3.368306851948935e-14
43.54357561478603,-61.03895974401362,17.46656110190572,1.5689457072880173,-2.5320239357885006,6.73661370389787e-14
43.55287545210207,-61.030066834815955,17.471577912049366,1.5691695952402323,-2.5312432879233686,6.73661370389787e-14
43.56216559998923,-61.0211723610298,17.476589122809315,1.5693932037426002,-2.530463495995762,5.0524602779234026e-14
43.5714460814089,-61.012276327388946,17.48159474111838,1.5696165342610873,-2.529684558515462,8.420767129872338e-14
43.58071691930328,-61.00337873862056,17.48659477390931,1.5698395882582539,-2.528906473992449,5.0524602779234026e-14
43.58997813659524,-60.99447959944555,17.49158922811492,1.5700623671932517,-2.5281292409369027,1.0104920555846805e-13
43.59922975618859,-60.98557891457807,17.49657811066797,1.5702848725218441,-2.5273528578592073,3.368306851948935e-14
43.60847180096788,-60.976676688725945,17.50156142850125,1.5705071056964033,-2.5265773232699464,3.368306851948935e-14
43.61770429379843,-60.96777292659049,17.506539188547546,1.570729068165917,-2.5258026356799115,1.6841534259744676e-14
43.62692725752637,-60.958867632866614,17.511511397739632,1.5709507613759979,-2.525028793600105,6.73661370389787e-14
43.63614071497863,-60.949960812242736,17.516478063010297,1.5711721867688881,-2.5242557955417317,1.0104920555846805e-13
43.645344688962965,-60.94105246940084,17.521439191292323,1.5713933457834655,-2.5234836400162175,3.368306851948935e-14
43.65453920226781,-60.932142609016694,17.52639478951849,1.5716142398552466,-2.522712325535199,5.0524602779234026e-14
43.66372427766253,-60.92323123575946,17.531344864621577,1.5718348704164018,-2.521941850610529,5.0524602779234026e-14
43.67289993789724,-60.91431835429203,17.53628942353438,1.5720552388957514,-2.521172213754277,5.0524602779234026e-14
43.68206620570289,-60.90540396927089,17.541228473189665,1.5722753467187809,-2.520403413478737,5.0524602779234026e-14
43.69122310379118,-60.8964880853462,17.546162020520224,1.5724951953076378,-2.5196354482964223,3.368306851948935e-14
43.700370654854694,-60.88757070716174,17.55109007245883,1.5727147860811461,-2.5188683167200723,3.368306851948935e-14
43.70950888156671,-60.87865183935512,17.55601263593828,1.5729341204548066,-2.5181020172626516,8.420767129872338e-14
43.71863780658143,-60.86973148655748,17.560929717891344,1.5731531998408077,-2.5173365484373553,6.73661370389787e-14
43.727757452533815,-60.860809653393716,17.56584132525081,1.5733720256480286,-2.516571908757607,6.73661370389787e-14
43.73686784203968,-60.85188634448245,17.57074746494946,1.5735905992820447,-2.5158080967370635,3.368306851948935e-14
43.74596899769563,-60.84296156443607,17.575648143920077,1.573808922145137,-2.515045110889614,6.73661370389787e-14
43.75506094207913,-60.8340353178606,17.580543369095437,1.5740269956362982,-2.5142829497293886,5.0524602779234026e-14
43.76414369774841,-60.82510760935602,17.58543314740833,1.5742448211512325,-2.513521611770751,1.6841534259744676e-14
43.77321728724256,-60.81617844351593,17.590317485791537,1.5744624000823695,-2.5127610955283073,0.0
43.78228173308152,-60.80724782492777,17.595196391177836,1.5746797338188654,-2.5120013995169033,8.420767129872338e-14
43.791337057766064,-60.79831575817275,17.600069870500015,1.5748968237466137,-2.5112425222516332,5.0524602779234026e-14
43.80038328377778,-60.78938224782594,17.604937930690852,1.5751136712482452,-2.51048446224783,6.73661370389787e-14
43.80942043357913,-60.7804472984562,17.60980057868313,1.5753302777031393,-2.50972721802108,3.368306851948935e-14
43.81844852961343,-60.77151091462621,17.614657821409637,1.5755466444874284,-2.508970788087216,8.420767129872338e-14
43.827467594304736,-60.76257310089264,17.61950966580315,1.575762772974,-2.508215170962323,0.0
43.83647765005811,-60.753633861805895,17.62435611879645,1.575978664532511,-2.507460365162739,8.420767129872338e-14
43.84547871925937,-60.74469320191028,17.629197187322323,1.5761943205293858,-2.506706369205056,5.0524602779234026e-14
43.85447082427525,-60.73575112574404,17.63403287831355,1.5764097423278274,-2.505953181606123,5.0524602779234026e-14
43.863453987453326,-60.726807637839286,17.63886319870291,1.5766249312878209,-2.505200800883046,5.0524602779234026e-14
43.872428231122086,-60.717862742722005,17.64368815542319,1.5768398887661432,-2.5044492255531927,5.0524602779234026e-14
43.88139357759077,-60.708916444912305,17.648507755407174,1.5770546161163586,-2.503698454134192,5.0524602779234026e-14
43.89035004914961,-60.69996874892406,17.65332200558764,1.5772691146888391,-2.502948485143938,3.368306851948935e-14
43.89929766806969,-60.691019659265145,17.658130912897377,1.577483385830761,-2.502199317100585,3.368306851948935e-14
43.908236456602985,-60.68206918043745,17.662934484269154,1.5776974308861138,-2.5014509485225602,5.0524602779234026e-14
43.91716643698236,-60.6731173169368,17.667732726635766,1.5779112511957076,-2.500703377928556,1.6841534259744676e-14
43.926087631421616,-60.664164073253026,17.672525646929994,1.578124848097175,-2.499956603837534,8.420767129872338e-14
43.935000062115314,-60.65520945387006,17.67731325208461,1.578338222924977,-2.4992106247687333,8.420767129872338e-14
43.94390375123906,-60.64625346326574,17.682095549032407,1.5785513770104156,-2.49846543924166,3.368306851948935e-14
43.95279872094935,-60.637296105912,17.686872544706162,1.5787643116816341,-2.4977210457760997,8.420767129872338e-14
43.96168499338356,-60.628337386274815,17.69164424603867,1.578977028263622,-2.4969774428921117,8.420767129872338e-14
43.97056259066,-60.619377308814215,17.69641065996269,1.579189528078226,-2.496234629110037,8.420767129872338e-14
43.979431534877925,-60.610415877984316,17.701171793411024,1.5794018124441525,-2.4954926029504954,6.73661370389787e-14
43.98829184811755,-60.60145309823326,17.705927653316447,1.5796138826769748,-2.494751362934387,1.6841534259744676e-14
43.99714355243989,-60.59248897400346,17.710678246611742,1.5798257400891331,-2.494010907582899,1.6841534259744676e-14
44.005986669887044,-60.5835235097313,17.71542358022969,1.580037385989951,-2.4932712354174984,5.0524602779234026e-14
44.01482122248201,-60.574556709847286,17.720163661103076,1.5802488216856352,-2.4925323449599426,8.420767129872338e-14
44.02364723222875,-60.565588578776115,17.724898496164684,1.5804600484792792,-2.4917942347322746,3.368306851948935e-14
44.03246472111217,-60.556619120936624,17.729628092347287,1.5806710676708753,-2.491056903256829,3.368306851948935e-14
44.04127371109821,-60.54764834074174,17.73435245658368,1.5808818805573148,-2.4903203490562285,3.368306851948935e-14
44.05007422413364,-60.53867624259876,17.739071595806635,1.581092488432396,-2.489584570653392,3.368306851948935e-14
44.058866282146326,-60.529702830908974,17.74378551694894,1.5813028925868302,-2.4888495665715284,0.0
44.0676499070451,-60.52072811006796,17.748494226943375,1.5815130943082498,-2.488115335334147,3.368306851948935e-14
44.076425120719755,-60.51175208446549,17.753197732722725,1.5817230948812087,-2.487381875465049,5.0524602779234026e-14
44.085191945041096,-60.50277475848553,17.757896041219773,1.581932895587193,-2.4866491854883384,3.368306851948935e-14
44.09395040186095,-60.49379613650637,17.762589159367295,1.5821424977046223,-2.4859172639284144,5.0524602779234026e-14
44.102700513012174,-60.484816222900385,17.76727709409808,1.582351902508863,-2.4851861093099807,6.73661370389787e-14
44.11144230030851,-60.475835022034474,17.77195985234491,1.5825611112722227,-2.4844557201580457,1.6841534259744676e-14
44.12017578554487,-60.46685253826959,17.776637441040567,1.5827701252639663,-2.4837260949979183,1.6841534259744676e-14
44.128900990497144,-60.45786877596107,17.781309867117827,1.5829789457503165,-2.482997232355215,1.0104920555846805e-13
44.137617936922254,-60.44888373945846,17.785977137509473,1.5831875739944627,-2.482269130755859,5.0524602779234026e-14
44.146326646558165,-60.43989743310573,17.790639259148296,1.5833960112565615,-2.4815417887260813,8.420767129872338e-14
44.15502714112396,-60.430909861241055,17.79529623896708,1.5836042587937487,-2.48081520479242,1.0104920555846805e-13
44.16371944231961,-60.421921028197104,17.79994808389859,1.5838123178601382,-2.4800893774817343,5.0524602779234026e-14
44.172403571826344,-60.41293093830075,17.804594800875627,1.584020189706837,-2.4793643053211833,1.0104920555846805e-13
44.18107955130634,-60.403939595873254,17.80923639683097,1.5842278755819394,-2.478639986838248,6.73661370389787e-14
44.189747402402915,-60.3949470052303,17.813872878697385,1.5844353767305421,-2.477916420560723,5.0524602779234026e-14
44.19840714674044,-60.385953170681894,17.818504253407674,1.5846426943947471,-2.4771936050167183,5.0524602779234026e-14
44.20705880592442,-60.37695809653247,17.823130527894612,1.5848498298136628,-2.4764715387346614,8.420767129872338e-14
44.21570240154146,-60.367961787080816,17.827751709090975,1.5850567842234198,-2.4757502202433,6.73661370389787e-14
44.224337955159186,-60.358964246620246,17.832367803929568,1.5852635588571606,-2.475029648071703,6.73661370389787e-14
44.232965488326435,-60.34996547943842,17.83697881934314,1.5854701549450625,-2.4743098207492604,6.73661370389787e-14
44.24158502257315,-60.34096548981743,17.8415847622645,1.585676573714334,-2.473590736805684,6.73661370389787e-14
44.2501965794104,-60.33196428203386,17.84618563962642,1.58588281638922,-2.4728723947710116,8.420767129872338e-14
44.258800180330404,-60.32296186035873,17.85078145836168,1.586088884191011,-2.4721547931756045,6.73661370389787e-14
44.267395846806565,-60.3139582290575,17.85537222540307,1.586294778338048,-2.4714379305501515,5.0524602779234026e-14
44.27598360029331,-60.30495339239027,17.859957947683366,1.5865005000457213,-2.470721805425671,5.0524602779234026e-14
44.28456346222638,-60.29594735461147,17.864538632135346,1.5867060505264883,-2.4700064163335105,5.0524602779234026e-14
44.29313545402262,-60.28694011997012,17.869114285691815,1.5869114309898678,-2.4692917618053443,1.6841534259744676e-14
44.30169959708009,-60.27793169270972,17.873684915285526,1.587116642642455,-2.468577840373183,5.0524602779234026e-14
44.310255912778004,-60.26892207706835,17.87825052784928,1.5873216866879192,-2.467864650569367,3.368306851948935e-14
44.318804422476866,-60.259911277278555,17.882811130315847,1.5875265643270122,-2.467152190926569,6.73661370389787e-14
44.32734514751821,-60.250899297567564,17.887366729618023,1.587731276757574,-2.466440459977803,5.0524602779234026e-14
44.33587810922495,-60.24188614215708,17.89191733268859,1.5879358251745384,-2.4657294562564136,1.6841534259744676e-14
44.344403328901166,-60.23287181526337,17.896462946460307,1.5881402107699416,-2.465019178296087,1.6841534259744676e-14
44.35292082783218,-60.223856321097365,17.90100357786599,1.5883444347329188,-2.464309624630842,5.0524602779234026e-14
44.36143062728455,-60.21483966386452,17.9055392338384,1.588548498249719,-2.4636007937950453,3.368306851948935e-14
44.36993274850609,-60.20582184776494,17.910069921310317,1.5887524025037076,-2.462892684323397,6.73661370389787e-14
44.37842721272593,-60.196802876993296,17.914595647214536,1.5889561486753698,-2.4621852947509426,3.368306851948935e-14
44.38691404115432,-60.18778275573907,17.919116418483835,1.5891597379423132,-2.461478623613073,5.0524602779234026e-14
