galstreams/tracks/track.st.Jhelum-b.shipp2019.ecsv
# %ECSV 0.9
# ---
# datatype:
# - {name: ra, unit: deg, datatype: float64}
# - {name: dec, unit: deg, datatype: float64}
# - {name: distance, unit: kpc, datatype: float64}
# - {name: pm_ra_cosdec, unit: mas / yr, datatype: float64}
# - {name: pm_dec, unit: mas / yr, datatype: float64}
# - {name: radial_velocity, unit: km / s, datatype: float64}
# delimiter: ','
# meta: !!omap
# - __serialized_columns__:
#     dec:
#       __class__: astropy.coordinates.angles.Latitude
#       unit: &id001 !astropy.units.Unit {unit: deg}
#       value: !astropy.table.SerializedColumn {name: dec}
#     distance:
#       __class__: astropy.coordinates.distances.Distance
#       unit: !astropy.units.Unit {unit: kpc}
#       value: !astropy.table.SerializedColumn {name: distance}
#     pm_dec:
#       __class__: astropy.units.quantity.Quantity
#       unit: !astropy.units.Unit {unit: mas / yr}
#       value: !astropy.table.SerializedColumn {name: pm_dec}
#     pm_ra_cosdec:
#       __class__: astropy.units.quantity.Quantity
#       unit: !astropy.units.Unit {unit: mas / yr}
#       value: !astropy.table.SerializedColumn {name: pm_ra_cosdec}
#     ra:
#       __class__: astropy.coordinates.angles.Longitude
#       unit: *id001
#       value: !astropy.table.SerializedColumn {name: ra}
#       wrap_angle: !astropy.coordinates.Angle
#         unit: *id001
#         value: 360.0
#     radial_velocity:
#       __class__: astropy.units.quantity.Quantity
#       unit: !astropy.units.Unit {unit: km / s}
#       value: !astropy.table.SerializedColumn {name: radial_velocity}
# schema: astropy-2.0
ra,dec,distance,pm_ra_cosdec,pm_dec,radial_velocity
[from data line 413]
348.50133368685437,-51.16917980249471,13.199999999993725,7.384280704115731,-5.200489819366498,5.8744281990045016e-09
348.51736460422904,-51.169605841695756,13.199999999993713,7.38514315824246,-5.198631102809402,5.908481781277705e-09
348.53339581651204,-51.17002968439741,13.1999999999937,7.386005196662689,-5.196772195121589,5.942771145030545e-09
348.549427322181,-51.17045133049426,13.199999999993688,7.386866819171885,-5.194913096595651,5.97675736116671e-09
348.5654591197134,-51.17087077988121,13.199999999993674,7.387728025565755,-5.193053807524294,6.010810943439914e-09
348.5814912075866,-51.17128803245362,13.19999999999366,7.38858881564018,-5.1911943282003845,6.045133990261274e-09
348.5975235842775,-51.17170308810719,13.199999999993649,7.389449189191246,-5.189334658916948,6.079254938671516e-09
348.6135562482629,-51.17211594673799,13.199999999993636,7.39030914601525,-5.187474799967142,6.113375887081759e-09
348.6295891980193,-51.17252660824251,13.199999999993626,7.391168685908683,-5.185614751644284,6.147463152423482e-09
348.64562243202295,-51.172935072517575,13.199999999993608,7.392027808668242,-5.183754514241829,6.181685150039284e-09
348.66165594874985,-51.173341339460414,13.199999999993596,7.392886514090814,-5.18189408805338,6.215806098449526e-09
348.6776897466758,-51.17374540896865,13.199999999993583,7.3937448019735115,-5.180033473372697,6.249927046859769e-09
348.6937238242764,-51.17414728094026,13.199999999993569,7.394602672113616,-5.178172670493673,6.284014312201492e-09
348.7097581800269,-51.17454695527361,13.199999999993558,7.395460124308642,-5.176311679710356,6.318135260611735e-09
348.72579281240235,-51.174944431867466,13.199999999993546,7.396317158356296,-5.174450501316937,6.352323575159016e-09
348.7418277198776,-51.17533971062095,13.19999999999353,7.397173774054479,-5.172589135607758,6.386309791295181e-09
348.75786290092725,-51.175732791433575,13.199999999993521,7.398029971201295,-5.170727582877295,6.420531788910983e-09
348.7738983540256,-51.17612367420523,13.199999999993507,7.3988857495950695,-5.168865843420185,6.454585371184186e-09
348.7899340776469,-51.17651235883618,13.19999999999349,7.399741109034314,-5.167003917531197,6.488605270388871e-09
348.80597007026495,-51.17689884522709,13.19999999999348,7.400596049317751,-5.165141805505246,6.522793584936152e-09
348.8220063303534,-51.177283133279005,13.199999999993468,7.401450570244298,-5.1632795076374,6.556948216414914e-09
348.8380428563857,-51.17766522289334,13.199999999993453,7.402304671613084,-5.161417024222868,6.591102847893676e-09
348.85407964683503,-51.17804511397187,13.19999999999344,7.4031583532234455,-5.159554355557004,6.6251227470983604e-09
348.8701167001744,-51.1784228064168,13.199999999993425,7.404011614874905,-5.157691501935298,6.659277378577123e-09
348.8861540148764,-51.17879830013069,13.199999999993413,7.404864456367213,-5.155828463653395,6.6932972777818076e-09
348.9021915894138,-51.17917159501646,13.1999999999934,7.405716877500312,-5.153965241007076,6.727350860055011e-09
348.9182294222587,-51.17954269097748,13.199999999993386,7.4065688780743475,-5.152101834292268,6.761471808465254e-09
348.9342675118832,-51.17991158791741,13.199999999993373,7.4074204578896765,-5.150238243805042,6.795559073806977e-09
348.95030585675926,-51.18027828574035,13.19999999999336,7.408271616746858,-5.148374469841608,6.829612656080181e-09
348.9663444553583,-51.180642784350795,13.199999999993347,7.4091223544466525,-5.146510512698322,6.863767287558943e-09
348.98238330615186,-51.18100508365357,13.199999999993333,7.409972670790037,-5.144646372671685,6.897854552900666e-09
348.9984224076111,-51.18136518355392,13.199999999993318,7.410822565578178,-5.1427820500583294,6.932110233584987e-09
349.01446175820683,-51.181723083957465,13.199999999993308,7.411672038612457,-5.140917545155045,6.966130132789671e-09
349.03050135641,-51.18207878477019,13.199999999993294,7.412521089694468,-5.1390528582587525,7.000116348925835e-09
349.046541200691,-51.1824322858985,13.199999999993278,7.4133697186260035,-5.137187989666513,7.034270980404598e-09
349.0625812895202,-51.182783587249126,13.199999999993269,7.414217925209056,-5.135322939675532,7.068257196540763e-09
349.0786216213677,-51.18313268872923,13.199999999993254,7.415065709245841,-5.1334577085831565,7.102479194156564e-09
349.0946621947033,-51.183479590246364,13.199999999993238,7.415913070538768,-5.131592296686877,7.1366001425668065e-09
349.1107030079967,-51.18382429170838,13.199999999993228,7.416760008890453,-5.129726704284319,7.170586358702971e-09
349.12674405971734,-51.18416679302363,13.199999999993212,7.417606524103732,-5.127860931673251,7.204572574839136e-09
349.1427853483345,-51.18450709410076,13.199999999993196,7.41845261598163,-5.125994979151578,7.238659840180859e-09
349.1588268723172,-51.18484519484883,13.199999999993187,7.419298284327398,-5.124128847017348,7.272713422454063e-09
349.17486863013426,-51.18518109517728,13.199999999993173,7.420143528944483,-5.122262535568743,7.306834370864306e-09
349.1909106202543,-51.18551479499594,13.19999999999316,7.420988349636539,-5.1203960451040995,7.340887953137509e-09
349.20695284114566,-51.185846294215004,13.199999999993144,7.421832746207439,-5.1185293759218755,7.374907852342194e-09
349.2229952912766,-51.18617559274509,13.199999999993132,7.422676718461254,-5.116662528320672,7.4091298499579945e-09
349.23903796911515,-51.186502690497136,13.19999999999312,7.423520266202257,-5.114795502599241,7.443116066094159e-09
349.2550808731291,-51.18682758738252,13.199999999993103,7.4243633892349585,-5.112928299056453,7.477270697572921e-09
349.2711240017859,-51.187150283312974,13.199999999993091,7.425206087364044,-5.111060917991333,7.511256913709087e-09
349.2871673535531,-51.18747077820061,13.199999999993079,7.426048360394425,-5.1091933597030295,7.54534417905081e-09
349.30321092689786,-51.18778907195795,13.199999999993064,7.4268902081312245,-5.1073256244908425,7.579431444392533e-09
349.3192547202871,-51.18810516449788,13.19999999999305,7.427731630379763,-5.105457712654202,7.613451343597218e-09
349.33529873218777,-51.18841905573366,13.199999999993034,7.428572626945588,-5.103589624492676,7.647471242801902e-09
349.3513429610663,-51.18873074557896,13.199999999993022,7.429413197634435,-5.101721360305959,7.681659557349183e-09
349.3673874053891,-51.1890402339478,13.199999999993013,7.430253342252263,-5.099852920393907,7.71557840734831e-09
349.3834320636225,-51.189347520754616,13.199999999992995,7.431093060605246,-5.097984305056489,7.749631989621512e-09
349.3994769342323,-51.18965260591422,13.199999999992981,7.431932352499757,-5.096115514593824,7.783618205757678e-09
349.4155220156846,-51.18995548934179,13.199999999992967,7.43277121774238,-5.094246549306154,7.817638104962362e-09
349.4315673064448,-51.1902561709529,13.199999999992952,7.43360965613992,-5.092377409493866,7.851658004167046e-09
349.4476128049784,-51.19055465066352,13.199999999992942,7.434447667499377,-5.090508095457478,7.885812635645808e-09
349.46365850975064,-51.19085092838998,13.199999999992928,7.435285251627976,-5.0886386074976535,7.919798851781972e-09
349.4797044192266,-51.191145004049005,13.199999999992912,7.436122408333149,-5.086768945915179,7.953818750986657e-09
349.4957505318712,-51.19143687755772,13.199999999992903,7.436959137422536,-5.084899111010971,7.987838650191341e-09
349.51179684614897,-51.1917265488336,13.199999999992887,7.437795438703998,-5.083029103086099,8.022094330875662e-09
349.5278433605245,-51.19201401779451,13.19999999999287,7.438631311985586,-5.0811589224417535,8.055844765532191e-09
349.54389007346214,-51.19229928435876,13.199999999992858,7.439466757075591,-5.079288569379251,8.09013412928503e-09
349.559936983426,-51.192582348444944,13.199999999992844,7.440301773782494,-5.077418044200066,8.124154028489715e-09
349.5759840888799,-51.192863209972124,13.19999999999283,7.441136361915002,-5.075547347205787,8.15807287848884e-09
349.59203138828775,-51.19314186885971,13.199999999992816,7.441970521282023,-5.073676478698135,8.192261193036122e-09
349.60807888011306,-51.19341832502748,13.199999999992803,7.442804251692684,-5.071805438978977,8.226146359966729e-09
349.6241265628193,-51.193692578395655,13.199999999992787,7.443637552956337,-5.069934228350304,8.260233625308452e-09
349.64017443486966,-51.193964628884764,13.199999999992775,7.444470424882523,-5.068062847114236,8.294253524513136e-09
349.6562224947272,-51.194234476415794,13.199999999992759,7.445302867281001,-5.066191295573032,8.328441839060419e-09
349.67227074085474,-51.194502120910045,13.199999999992746,7.446134879961764,-5.064319574029083,8.362293322922505e-09
349.688319171715,-51.19476756228928,13.19999999999273,7.446966462734995,-5.06244768278491,8.39621217292163e-09
349.7043677857706,-51.19503080047558,13.19999999999272,7.447797615411105,-5.060575622143154,8.430366804400392e-09
349.72041658148373,-51.195291835391444,13.199999999992704,7.448628337800708,-5.058703392406612,8.464251971330998e-09
349.73646555731676,-51.19555066695974,13.19999999999269,7.449458629714641,-5.056830993878185,8.498339236672722e-09
349.7525147117315,-51.195807295103755,13.199999999992675,7.450288490963953,-5.054958426860924,8.532392818945926e-09
349.76856404318994,-51.19606171974711,13.199999999992661,7.4511179213598995,-5.053085691658004,8.566210619739494e-09
349.7846135501537,-51.19631394081384,13.199999999992647,7.451946920713967,-5.05121278857272,8.600466300423813e-09
349.80066323108434,-51.19656395822836,13.199999999992636,7.452775488837833,-5.049339717908516,8.634452516559979e-09
349.81671308444305,-51.196811771915485,13.199999999992619,7.4536036255434155,-5.047466479968957,8.668270317353547e-09
349.83276310869115,-51.19705738180038,13.199999999992606,7.454431330642832,-5.045593075057727,8.702391265763788e-09
349.8488133022895,-51.19730078780866,13.199999999992592,7.455258603948412,-5.043719503478661,8.736209066557356e-09
349.86486366369917,-51.19754198986623,13.199999999992578,7.456085445272716,-5.041845765535694,8.7703300149676e-09
349.8809141913806,-51.19778098789947,13.199999999992565,7.456911854428508,-5.039971861532919,8.804248864966724e-09
349.8969648837945,-51.1980177818351,13.199999999992553,7.457737831228768,-5.038097791774536,8.838336130308448e-09
349.9130157394011,-51.19825237160021,13.199999999992533,7.458563375486699,-5.036223556564888,8.872187614170534e-09
349.9290667566607,-51.19848475712232,13.19999999999252,7.4593884870157146,-5.034349156208432,8.906274879512257e-09
349.9451179340333,-51.19871493832934,13.199999999992505,7.46021316562944,-5.0324745910097635,8.94042951099102e-09
349.96116926997877,-51.198942915149495,13.199999999992492,7.461037411141727,-5.030599861273606,8.974213628716068e-09
349.97722076295685,-51.19916868751146,13.199999999992476,7.461861223366637,-5.028724967304795,9.008300894057791e-09
349.99327241142714,-51.19939225534428,13.199999999992462,7.462684602118458,-5.0268499094083126,9.042320793262475e-09
350.0093242138491,-51.199613618577374,13.19999999999245,7.463507547211672,-5.024974687889252,9.07630700939864e-09
350.0253761686819,-51.19983277714056,13.199999999992432,7.464330058461008,-5.023099303052849,9.110023760986648e-09
350.0414282743847,-51.20004973096404,13.19999999999242,7.465152135681388,-5.021223755204437,9.14424575860245e-09
350.0574805294165,-51.2002644799784,13.199999999992405,7.46597377868797,-5.0193480446495125,9.178130925533057e-09
350.0735329322361,-51.20047702411461,13.19999999999239,7.46679498729611,-5.0174721716936705,9.212049775532182e-09
350.0895854813022,-51.20068736330402,13.199999999992375,7.467615761321399,-5.015596136642641,9.245968625531307e-09
350.1056381750733,-51.200895497478385,13.199999999992363,7.468436100579638,-5.013719939802273,9.280022207804512e-09
350.1216910120078,-51.20110142656982,13.199999999992347,7.469256004886847,-5.011843581478551,9.314008423940676e-09
350.1377439905639,-51.201305150510855,13.199999999992333,7.470075474059265,-5.0099670619775765,9.347893590871282e-09
350.1537971091997,-51.201506669234384,13.19999999999232,7.470894507913348,-5.008090381605574,9.381947173144487e-09
350.1698503663731,-51.2017059826737,13.199999999992302,7.47171310626577,-5.0062135406689015,9.415866023143612e-09
350.18590376054203,-51.201903090762464,13.19999999999229,7.47253126893343,-5.004336539474021,9.450020654622374e-09
350.201957290164,-51.20209799343475,13.199999999992277,7.473348995733428,-5.002459378327547,9.483838455415942e-09
350.21801095369665,-51.202290690625006,13.199999999992263,7.4741662864831095,-5.000582057536192,9.517790988483587e-09
350.23406474959734,-51.20248118226804,13.199999999992247,7.474983141000023,-4.998704577406805,9.551575106208634e-09
350.2501186763233,-51.20266946829911,13.199999999992231,7.475799559101942,-4.9968269382463495,9.585763420755917e-09
350.2661727323317,-51.20285554865381,13.199999999992219,7.476615540606849,-4.994949140361916,9.61985068609764e-09
350.28222691607937,-51.2030394232681,13.199999999992205,7.4774310853329515,-4.993071184060723,9.653567437685648e-09
350.29828122602333,-51.20322109207841,13.199999999992187,7.4782461930986965,-4.991193069650098,9.68775575223293e-09
350.31433566062015,-51.203400555021474,13.199999999992174,7.479060863722711,-4.989314797437503,9.721506186889458e-09
350.33039021832644,-51.20357781203445,13.199999999992157,7.479875097023882,-4.987436367730513,9.755425036888584e-09
350.34644489759876,-51.20375286305489,13.199999999992144,7.480688892821292,-4.985557780836819,9.789512302230308e-09
350.3624996968932,-51.203925708020705,13.199999999992128,7.4815022509342555,-4.9836790370642605,9.823229053818316e-09
350.37855461466626,-51.20409634687021,13.199999999992114,7.482315171182304,-4.981800136720755,9.85735000222856e-09
350.39460964937365,-51.20426477954213,13.1999999999921,7.483127653385186,-4.979921080114384,9.891167803022127e-09
350.4106647994716,-51.20443100597551,13.199999999992086,7.483939697362877,-4.97804186755331,9.92522138529533e-09
350.42672006341564,-51.20459502610985,13.199999999992066,7.4847513029355754,-4.976162499345851,9.959072869157416e-09
350.4427754396617,-51.20475683988501,13.199999999992055,7.485562469923688,-4.974282975800417,9.992991719156543e-09
350.4588309266652,-51.20491644724123,13.19999999999204,7.486373198147867,-4.972403297225549,1.0027045301429746e-08
350.4748865228816,-51.20507384811915,13.199999999992027,7.487183487428956,-4.970523463929913,1.0060762053017756e-08
350.49094222676626,-51.205229042459784,13.199999999992013,7.4879933375880405,-4.968643476222281,1.00947145860854e-08
350.50699803677435,-51.205382030204554,13.199999999991997,7.488802748446437,-4.96676333441155,1.0128835534495643e-08
350.52305395136085,-51.20553281129525,13.199999999991983,7.48961171982565,-4.964883038806744,1.0162585969152172e-08
350.5391099689809,-51.20568138567406,13.199999999991965,7.49042025154744,-4.963002589716985,1.0196555343754077e-08
350.55516608808915,-51.20582775328355,13.199999999991949,7.491228343433774,-4.961121987451529,1.023059208449302e-08
350.5712223071404,-51.20597191406668,13.199999999991936,7.492035995306839,-4.95924123231975,1.026432567761529e-08
350.58727862458926,-51.2061138679668,13.19999999999192,7.49284320698906,-4.957360324631123,1.0298261369148674e-08
350.6033350388903,-51.206253614927626,13.199999999991906,7.493649978303068,-4.955479264695261,1.0332331792956138e-08
350.6193915484978,-51.20639115489329,13.199999999991892,7.494456309071728,-4.953598052821881,1.0366166435283965e-08
350.635448151866,-51.2065264878083,13.199999999991876,7.49526219911812,-4.951716689320817,1.0400102126817351e-08
350.6515048474492,-51.206659613617546,13.199999999991862,7.496067648265557,-4.949835174502026,1.0434037818350737e-08
350.6675616337013,-51.206790532266325,13.199999999991846,7.496872656337568,-4.947953508675576,1.0467973509884121e-08
350.6836185090763,-51.2069192437003,13.199999999991832,7.4976772231579085,-4.946071692151649,1.0501959726020287e-08
350.6996754720281,-51.20704574786551,13.199999999991816,7.498481348550556,-4.944189725240554,1.0535710160676814e-08
