galstreams/tracks/track.po.PS1-E.bernard2016.ecsv
# %ECSV 0.9
# ---
# datatype:
# - {name: ra, unit: deg, datatype: float64}
# - {name: dec, unit: deg, datatype: float64}
# - {name: distance, unit: kpc, datatype: float64}
# - {name: pm_ra_cosdec, unit: mas / yr, datatype: float64}
# - {name: pm_dec, unit: mas / yr, datatype: float64}
# - {name: radial_velocity, unit: km / s, datatype: float64}
# delimiter: ','
# meta: !!omap
# - __serialized_columns__:
#     dec:
#       __class__: astropy.coordinates.angles.Latitude
#       unit: &id001 !astropy.units.Unit {unit: deg}
#       value: !astropy.table.SerializedColumn {name: dec}
#     distance:
#       __class__: astropy.coordinates.distances.Distance
#       unit: !astropy.units.Unit {unit: kpc}
#       value: !astropy.table.SerializedColumn {name: distance}
#     pm_dec:
#       __class__: astropy.units.quantity.Quantity
#       unit: !astropy.units.Unit {unit: mas / yr}
#       value: !astropy.table.SerializedColumn {name: pm_dec}
#     pm_ra_cosdec:
#       __class__: astropy.units.quantity.Quantity
#       unit: !astropy.units.Unit {unit: mas / yr}
#       value: !astropy.table.SerializedColumn {name: pm_ra_cosdec}
#     ra:
#       __class__: astropy.coordinates.angles.Longitude
#       unit: *id001
#       value: !astropy.table.SerializedColumn {name: ra}
#       wrap_angle: !astropy.coordinates.Angle
#         unit: *id001
#         value: 360.0
#     radial_velocity:
#       __class__: astropy.units.quantity.Quantity
#       unit: !astropy.units.Unit {unit: km / s}
#       value: !astropy.table.SerializedColumn {name: radial_velocity}
# schema: astropy-2.0
ra,dec,distance,pm_ra_cosdec,pm_dec,radial_velocity
160.12229900840111,46.153206328036326,12.60000000000024,0.0,0.0,0.0
160.22849487197547,46.254470988343456,12.600000000000215,0.0,0.0,0.0
160.33508345936121,46.35563696403993,12.600000000000199,0.0,0.0,0.0
160.44206723356976,46.4567035389466,12.600000000000183,0.0,0.0,0.0
160.5494486724542,46.55766999103027,12.600000000000167,0.0,0.0,0.0
160.65723026876228,46.65853559235184,12.600000000000156,0.0,0.0,0.0
160.76541453018882,46.75929960901393,12.600000000000144,0.0,0.0,0.0
160.8740039794261,46.85996130110776,12.600000000000135,0.0,0.0,0.0
160.9830011542137,46.96051992266002,12.600000000000124,0.0,0.0,0.0
161.09240860738694,47.06097472157931,12.600000000000115,0.0,0.0,0.0
161.20222890692384,47.161324939601855,12.600000000000106,0.0,0.0,0.0
161.31246463599086,47.261569812237106,12.600000000000101,0.0,0.0,0.0
161.42311839298733,47.36170856871309,12.600000000000094,0.0,0.0,0.0
161.53419279158817,47.461740431920724,12.600000000000088,0.0,0.0,0.0
161.64569046078532,47.56166461835842,12.60000000000008,0.0,0.0,0.0
161.7576140449276,47.66148033807606,12.600000000000076,0.0,0.0,0.0
161.86996620375893,47.76118679461825,12.600000000000072,0.0,0.0,0.0
161.98274961245463,47.86078318496757,12.600000000000069,0.0,0.0,0.0
162.0959669616566,47.960268699487486,12.600000000000062,0.0,0.0,0.0
162.20962095750602,48.05964252186437,12.600000000000056,0.0,0.0,0.0
162.32371432167477,48.1589038290495,12.600000000000053,0.0,0.0,0.0
162.43824979139467,48.25805179120079,12.60000000000005,0.0,0.0,0.0
162.5532301194847,48.35708557162367,12.60000000000005,0.0,0.0,0.0
162.6686580743763,48.456004326711906,12.600000000000042,0.0,0.0,0.0
162.78453644013692,48.55480720588809,12.60000000000004,0.0,0.0,0.0
162.90086801649053,48.653493351543354,12.600000000000033,0.0,0.0,0.0
163.0176556188369,48.752061898977075,12.600000000000033,0.0,0.0,0.0
163.13490207826794,48.85051197633617,12.600000000000032,0.0,0.0,0.0
163.25261024158183,48.948842704553634,12.600000000000025,0.0,0.0,0.0
163.37078297129486,49.047053197287106,12.600000000000026,0.0,0.0,0.0
163.48942314565062,49.14514256085703,12.600000000000023,0.0,0.0,0.0
163.60853365862653,49.24310989418407,12.600000000000023,0.0,0.0,0.0
163.72811741993783,49.34095428872654,12.60000000000002,0.0,0.0,0.0
163.84817735503907,49.43867482841743,12.600000000000017,0.0,0.0,0.0
163.96871640512202,49.53627058960075,12.600000000000017,0.0,0.0,0.0
164.08973752711154,49.63374064096784,12.600000000000017,0.0,0.0,0.0
164.211243693658,49.731084043493325,12.600000000000016,0.0,0.0,0.0
164.33323789312658,49.8282998503704,12.600000000000016,0.0,0.0,0.0
164.45572312958353,49.925387106946054,12.600000000000016,0.0,0.0,0.0
164.5787024227795,50.02234485065603,12.600000000000014,0.0,0.0,0.0
164.70217880812865,50.119172110959006,12.600000000000014,0.0,0.0,0.0
164.82615533668536,50.215867909270905,12.60000000000001,0.0,0.0,0.0
164.95063507511674,50.312431258898755,12.60000000000001,0.0,0.0,0.0
165.07562110567156,50.40886116497396,12.60000000000001,0.0,0.0,0.0
165.2011165261458,50.505156624385634,12.60000000000001,0.0,0.0,0.0
165.32712444984415,50.6013166257135,12.60000000000001,0.0,0.0,0.0
165.45364800553742,50.69734014916028,12.600000000000009,0.0,0.0,0.0
165.58069033741612,50.79322616648406,12.600000000000007,0.0,0.0,0.0
165.70825460504017,50.88897364093039,12.60000000000001,0.0,0.0,0.0
165.8363439832836,50.98458152716371,12.600000000000007,0.0,0.0,0.0
165.96496166227564,51.08004877119899,12.600000000000007,0.0,0.0,0.0
166.09411084733708,51.17537431033294,12.600000000000007,0.0,0.0,0.0
166.22379475891177,51.27055707307474,12.600000000000007,0.0,0.0,0.0
166.35401663249374,51.365595979076815,12.600000000000007,0.0,0.0,0.0
166.48477971854976,51.46048993906541,12.600000000000007,0.0,0.0,0.0
166.61608728243604,51.55523785477053,12.600000000000007,0.0,0.0,0.0
166.74794260431074,51.64983861885615,12.600000000000005,0.0,0.0,0.0
166.8803489790412,51.744291114850064,12.600000000000005,0.0,0.0,0.0
167.01330971610508,51.838594217073286,12.600000000000005,0.0,0.0,0.0
167.14682813948704,51.9327467905696,12.600000000000003,0.0,0.0,0.0
167.28090758756946,52.026747691035006,12.600000000000001,0.0,0.0,0.0
167.41555141301689,52.120595764746525,12.6,0.0,0.0,0.0
167.55076298265558,52.21428984849132,12.6,0.0,0.0,0.0
167.68654567734663,52.3078287694957,12.600000000000001,0.0,0.0,0.0
167.82290289185255,52.40121134535353,12.599999999999998,0.0,0.0,0.0
167.95983803469824,52.49443638395514,12.599999999999998,0.0,0.0,0.0
168.0973545280254,52.58750268341586,12.599999999999998,0.0,0.0,0.0
168.23545580743982,52.680409032004356,12.599999999999998,0.0,0.0,0.0
168.3741453218527,52.77315420807116,12.599999999999998,0.0,0.0,0.0
168.5134265333147,52.86573697997719,12.599999999999998,0.0,0.0,0.0
168.6533029168429,52.95815610602197,12.599999999999998,0.0,0.0,0.0
168.7937779602407,53.050410334372025,12.599999999999998,0.0,0.0,0.0
168.93485516391067,53.14249840298954,12.599999999999996,0.0,0.0,0.0
169.07653804065913,53.234419039560485,12.599999999999994,0.0,0.0,0.0
169.2188301154938,53.326170961423315,12.599999999999994,0.0,0.0,0.0
169.36173492541346,53.417752875497605,12.599999999999994,0.0,0.0,0.0
169.50525601918912,53.50916347821262,12.599999999999998,0.0,0.0,0.0
169.6493969571375,53.60040145543611,12.599999999999998,0.0,0.0,0.0
169.7941613108864,53.69146548240353,12.599999999999994,0.0,0.0,0.0
169.9395526631305,53.782354223646834,12.599999999999994,0.0,0.0,0.0
170.08557460737958,53.87306633292396,12.599999999999994,0.0,0.0,0.0
170.23223074769746,53.9636004531485,12.599999999999994,0.0,0.0,0.0
170.3795246984313,54.0539552163192,12.599999999999994,0.0,0.0,0.0
170.52746008393274,54.14412924345018,12.599999999999993,0.0,0.0,0.0
170.67604053826867,54.23412114450135,12.599999999999994,0.0,0.0,0.0
170.82526970492276,54.32392951830889,12.599999999999994,0.0,0.0,0.0
170.97515123648708,54.4135529525163,12.599999999999994,0.0,0.0,0.0
171.12568879434411,54.50299002350603,12.599999999999994,0.0,0.0,0.0
171.27688604833756,54.59223929633093,12.599999999999996,0.0,0.0,0.0
171.42874667643392,54.68129932464676,12.599999999999994,0.0,0.0,0.0
171.5812743643725,54.770168650644734,12.599999999999994,0.0,0.0,0.0
171.7344728053056,54.85884580498498,12.599999999999993,0.0,0.0,0.0
171.88834569942637,54.94732930672995,12.599999999999993,0.0,0.0,0.0
172.0428967535869,55.035617663279105,12.599999999999993,0.0,0.0,0.0
172.19812968090378,55.123709370303565,12.599999999999993,0.0,0.0,0.0
172.35404820035262,55.211602911681865,12.599999999999993,0.0,0.0,0.0
172.51065603635038,55.29929675943607,12.599999999999993,0.0,0.0,0.0
172.66795691832635,55.386789373669,12.599999999999993,0.0,0.0,0.0
172.82595458027956,55.474079202501606,12.599999999999993,0.0,0.0,0.0
172.9846527603254,55.56116468201186,12.599999999999993,0.0,0.0,0.0
173.1440552002279,55.648044236173796,12.599999999999994,0.0,0.0,0.0
173.30416564492043,55.73471627679797,12.599999999999993,0.0,0.0,0.0
173.4649878420125,55.821179203472546,12.599999999999993,0.0,0.0,0.0
173.62652554128348,55.90743140350543,12.599999999999993,0.0,0.0,0.0
173.7887824941628,55.993471251867405,12.599999999999993,0.0,0.0,0.0
173.95176245319632,56.0792971111363,12.59999999999999,0.0,0.0,0.0
174.11546917149866,56.16490733144237,12.599999999999989,0.0,0.0,0.0
174.27990640219156,56.250300250414654,12.59999999999999,0.0,0.0,0.0
174.44507789782733,56.33547419312862,12.59999999999999,0.0,0.0,0.0
174.6109874097983,56.42042747205517,12.59999999999999,0.0,0.0,0.0
174.7776386877308,56.50515838701068,12.59999999999999,0.0,0.0,0.0
174.94503547886447,56.589665225108725,12.599999999999989,0.0,0.0,0.0
175.11318152741595,56.67394626071285,12.599999999999989,0.0,0.0,0.0
175.28208057392743,56.75799975539117,12.59999999999999,0.0,0.0,0.0
175.45173635459903,56.841823957872165,12.599999999999989,0.0,0.0,0.0
175.62215260060555,56.92541710400231,12.599999999999989,0.0,0.0,0.0
175.79333303739688,57.0087774167051,12.59999999999999,0.0,0.0,0.0
175.9652813839821,57.091903105942,12.599999999999989,0.0,0.0,0.0
176.13800135219697,57.17479236867497,12.599999999999987,0.0,0.0,0.0
176.31149664595455,57.257443388830886,12.599999999999989,0.0,0.0,0.0
176.48577096047907,57.339854337267845,12.599999999999989,0.0,0.0,0.0
176.66082798152203,57.42202337174332,12.599999999999989,0.0,0.0,0.0
176.83667138456167,57.503948636884495,12.599999999999987,0.0,0.0,0.0
177.0133048339839,57.58562826416048,12.599999999999989,0.0,0.0,0.0
177.1907319822464,57.66706037185679,12.599999999999985,0.0,0.0,0.0
177.36895646902386,57.74824306505198,12.599999999999985,0.0,0.0,0.0
177.54798192033553,57.82917443559661,12.599999999999985,0.0,0.0,0.0
177.7278119476542,57.90985256209451,12.599999999999985,0.0,0.0,0.0
177.90845014699676,57.990275509886466,12.599999999999985,0.0,0.0,0.0
178.08990009799572,58.07044133103645,12.599999999999984,0.0,0.0,0.0
178.27216536295228,58.15034806432038,12.599999999999984,0.0,0.0,0.0
178.45524948586993,58.229993735217555,12.599999999999985,0.0,0.0,0.0
178.63915599146907,58.30937635590482,12.599999999999984,0.0,0.0,0.0
178.823888384182,58.38849392525341,12.599999999999985,0.0,0.0,0.0
179.00945014712877,58.467344428828945,12.599999999999985,0.0,0.0,0.0
179.19584474107288,58.54592583889407,12.599999999999982,0.0,0.0,0.0
179.38307560335764,58.62423611441444,12.599999999999982,0.0,0.0,0.0
179.5711461468223,58.70227320106752,12.599999999999984,0.0,0.0,0.0
179.76005975869825,58.78003503125493,12.599999999999982,0.0,0.0,0.0
179.94981979948506,58.857519524117784,12.599999999999984,0.0,0.0,0.0
180.14042960180632,58.9347245855556,12.599999999999982,0.0,0.0,0.0
180.3318924692451,59.01164810824867,12.59999999999998,0.0,0.0,0.0
180.52421167515902,59.088287971683876,12.599999999999982,0.0,0.0,0.0
180.71739046147468,59.16464204218423,12.59999999999998,0.0,0.0,0.0
180.91143203746202,59.24070817294212,12.599999999999982,0.0,0.0,0.0
181.10633957848748,59.31648420405649,12.599999999999978,0.0,0.0,0.0
181.30211622474698,59.391967962573744,12.59999999999998,0.0,0.0,0.0
181.49876507997817,59.467157262532815,12.59999999999998,0.0,0.0,0.0
181.69628921015186,59.5420499050143,12.599999999999977,0.0,0.0,0.0
181.8946916421431,59.616643678193746,12.599999999999977,0.0,0.0,0.0
182.0939753623814,59.6909363573993,12.599999999999977,0.0,0.0,0.0
182.2941433154804,59.764925705173724,12.599999999999975,0.0,0.0,0.0
182.49519840284717,59.838609471340824,12.599999999999977,0.0,0.0,0.0
182.6971434812708,59.9119853930766,12.599999999999975,0.0,0.0,0.0
182.89998136149086,59.98505119498492,12.599999999999973,0.0,0.0,0.0
183.1037148067452,60.05780458917813,12.599999999999973,0.0,0.0,0.0
183.30834653129796,60.13024327536242,12.599999999999973,0.0,0.0,0.0
183.51387919894736,60.20236494092813,12.599999999999971,0.0,0.0,0.0
183.72031542151348,60.27416726104533,12.599999999999971,0.0,0.0,0.0
183.92765775730658,60.34564789876435,12.599999999999968,0.0,0.0,0.0
184.13590870957552,60.416804505121654,12.59999999999997,0.0,0.0,0.0
184.34507072493744,60.48763471925114,12.599999999999968,0.0,0.0,0.0
184.55514619178763,60.55813616850089,12.599999999999964,0.0,0.0,0.0
184.76613743869115,60.62830646855532,12.599999999999968,0.0,0.0,0.0
184.9780467327556,60.69814322356333,12.599999999999964,0.0,0.0,0.0
185.19087627798564,60.76764402627186,12.599999999999966,0.0,0.0,0.0
185.4046282136198,60.83680645816554,12.599999999999962,0.0,0.0,0.0
185.61930461244935,60.90562808961219,12.59999999999996,0.0,0.0,0.0
185.83490747912035,60.97410648001452,12.59999999999996,0.0,0.0,0.0
186.05143874841838,61.042239177967666,12.599999999999959,0.0,0.0,0.0
186.26890028353742,61.11002372142342,12.599999999999959,0.0,0.0,0.0
186.48729387433235,61.17745763786038,12.599999999999955,0.0,0.0,0.0
186.7066212355563,61.24453844446084,12.599999999999955,0.0,0.0,0.0
186.9268840050826,61.31126364829401,12.599999999999952,0.0,0.0,0.0
187.14808374211285,61.37763074650601,12.599999999999952,0.0,0.0,0.0
187.37022192537057,61.44363722651643,12.59999999999995,0.0,0.0,0.0
187.59329995128203,61.50928056622182,12.599999999999946,0.0,0.0,0.0
187.8173191321439,61.574558234205924,12.599999999999946,0.0,0.0,0.0
188.04228069427933,61.63946768995708,12.599999999999943,0.0,0.0,0.0
188.26818577618255,61.70400638409244,12.599999999999941,0.0,0.0,0.0
188.4950354266526,61.76817175858954,12.599999999999936,0.0,0.0,0.0
188.72283060291747,61.83196124702488,12.599999999999934,0.0,0.0,0.0
188.95157216874898,61.89537227482001,12.599999999999929,0.0,0.0,0.0
189.18126089256927,61.95840225949485,12.599999999999925,0.0,0.0,0.0
189.41189744555012,62.02104861092837,12.599999999999918,0.0,0.0,0.0
189.6434823997052,62.08330873162702,12.599999999999916,0.0,0.0,0.0
189.87601622597694,62.14518001700047,12.599999999999909,0.0,0.0,0.0
190.10949929231865,62.20665985564516,12.599999999999902,0.0,0.0,0.0
190.34393186177266,62.26774562963546,12.599999999999895,0.0,0.0,0.0
190.57931409054575,62.32843471482262,12.599999999999888,0.0,0.0,0.0
190.81564602608287,62.38872448114153,12.59999999999988,0.0,0.0,0.0
191.05292760514027,62.4486122929252,12.599999999999874,0.0,0.0,0.0
191.2911586518586,62.5080955092274,12.599999999999863,0.0,0.0,0.0
191.5303388758384,62.56717148415297,12.599999999999852,0.0,0.0,0.0
191.7704678702174,62.62583756719626,12.599999999999843,0.0,0.0,0.0
192.01154510975263,62.68409110358751,12.599999999999834,0.0,0.0,0.0
192.25356994890697,62.74192943464733,12.599999999999826,0.0,0.0,0.0
192.4965416199429,62.799349898149146,12.599999999999818,0.0,0.0,0.0
192.7404592310233,62.856349828689794,12.599999999999806,0.0,0.0,0.0
192.98532176432204,62.912926558068136,12.599999999999799,0.0,0.0,0.0
