galstreams/tracks/track.st.Kwando.grillmair2017.ecsv
# %ECSV 0.9
# ---
# datatype:
# - {name: ra, unit: deg, datatype: float64}
# - {name: dec, unit: deg, datatype: float64}
# - {name: distance, unit: kpc, datatype: float64}
# - {name: pm_ra_cosdec, unit: mas / yr, datatype: float64}
# - {name: pm_dec, unit: mas / yr, datatype: float64}
# - {name: radial_velocity, unit: km / s, datatype: float64}
# delimiter: ','
# meta: !!omap
# - __serialized_columns__:
#     dec:
#       __class__: astropy.coordinates.angles.Latitude
#       unit: &id001 !astropy.units.Unit {unit: deg}
#       value: !astropy.table.SerializedColumn {name: dec}
#     distance:
#       __class__: astropy.coordinates.distances.Distance
#       unit: !astropy.units.Unit {unit: kpc}
#       value: !astropy.table.SerializedColumn {name: distance}
#     pm_dec:
#       __class__: astropy.units.quantity.Quantity
#       unit: !astropy.units.Unit {unit: mas / yr}
#       value: !astropy.table.SerializedColumn {name: pm_dec}
#     pm_ra_cosdec:
#       __class__: astropy.units.quantity.Quantity
#       unit: !astropy.units.Unit {unit: mas / yr}
#       value: !astropy.table.SerializedColumn {name: pm_ra_cosdec}
#     ra:
#       __class__: astropy.coordinates.angles.Longitude
#       unit: *id001
#       value: !astropy.table.SerializedColumn {name: ra}
#       wrap_angle: !astropy.coordinates.Angle
#         unit: *id001
#         value: 360.0
#     radial_velocity:
#       __class__: astropy.units.quantity.Quantity
#       unit: !astropy.units.Unit {unit: km / s}
#       value: !astropy.table.SerializedColumn {name: radial_velocity}
# schema: astropy-2.0
ra,dec,distance,pm_ra_cosdec,pm_dec,radial_velocity
18.985907162373266,-23.921984767104014,19.999999999999957,0.0,0.0,0.0
19.05750748324666,-23.927359131228695,19.99999999999996,0.0,0.0,0.0
19.129005907374722,-23.932889688233693,19.99999999999996,0.0,0.0,0.0
19.200402179026813,-23.938577395445964,19.99999999999996,0.0,0.0,0.0
19.271696044252295,-23.944423211026937,19.999999999999964,0.0,0.0,0.0
19.342887250875247,-23.95042809396902,19.999999999999964,0.0,0.0,0.0
19.4139755484897,-23.956593004092525,19.999999999999964,0.0,0.0,0.0
19.48496068845421,-23.962918902042187,19.99999999999996,0.0,0.0,0.0
19.555842423886656,-23.969406749283827,19.999999999999964,0.0,0.0,0.0
19.626620509658952,-23.97605750810111,19.999999999999964,0.0,0.0,0.0
19.697294702391712,-23.982872141592065,19.999999999999964,0.0,0.0,0.0
19.767864760448596,-23.9898516136657,19.999999999999968,0.0,0.0,0.0
19.83833044393113,-23.99699688903874,19.99999999999997,0.0,0.0,0.0
19.90869151467293,-24.00430893323214,19.99999999999997,0.0,0.0,0.0
19.978947736234105,-24.01178871256766,19.999999999999964,0.0,0.0,0.0
20.049098873895566,-24.019437194164485,19.999999999999968,0.0,0.0,0.0
20.11914469465332,-24.027255345935803,19.999999999999964,0.0,0.0,0.0
20.189084967212395,-24.035244136585213,19.99999999999997,0.0,0.0,0.0
20.258919461981282,-24.043404535603496,19.99999999999997,0.0,0.0,0.0
20.328647951065726,-24.051737513264985,19.999999999999975,0.0,0.0,0.0
20.398270208262755,-24.060244040624113,19.99999999999997,0.0,0.0,0.0
20.467786009054542,-24.068925089511932,19.999999999999975,0.0,0.0,0.0
20.53719513060232,-24.077781632532638,19.99999999999997,0.0,0.0,0.0
20.606497351739844,-24.086814643059903,19.99999999999997,0.0,0.0,0.0
20.67569245296745,-24.09602509523357,19.999999999999975,0.0,0.0,0.0
20.7447802164454,-24.10541396395596,19.999999999999975,0.0,0.0,0.0
20.813760425987475,-24.11498222488834,19.99999999999998,0.0,0.0,0.0
20.8826328670544,-24.124730854447378,19.999999999999975,0.0,0.0,0.0
20.95139732674732,-24.13466082980159,19.999999999999975,0.0,0.0,0.0
21.020053593800842,-24.144773128867616,19.999999999999975,0.0,0.0,0.0
21.088601458576598,-24.15506873030682,19.99999999999998,0.0,0.0,0.0
21.157040713056176,-24.165548613521562,19.99999999999998,0.0,0.0,0.0
21.225371150834217,-24.17621375865153,19.99999999999998,0.0,0.0,0.0
21.293592567111453,-24.187065146570248,19.99999999999998,0.0,0.0,0.0
21.36170475868759,-24.198103758881278,19.999999999999975,0.0,0.0,0.0
21.429707523954,-24.20933057791459,19.999999999999982,0.0,0.0,0.0
21.497600662886736,-24.220746586723003,19.999999999999982,0.0,0.0,0.0
21.565383977038987,-24.23235276907837,19.99999999999998,0.0,0.0,0.0
21.633057269533722,-24.244150109467956,19.99999999999998,0.0,0.0,0.0
21.70062034505618,-24.256139593090673,19.99999999999998,0.0,0.0,0.0
21.768073009846333,-24.26832220585346,19.999999999999982,0.0,0.0,0.0
21.835415071690985,-24.280698934367365,19.99999999999998,0.0,0.0,0.0
21.90264633991633,-24.293270765944047,19.99999999999998,0.0,0.0,0.0
21.969766625379904,-24.306038688591837,19.99999999999998,0.0,0.0,0.0
22.036775740462677,-24.319003691012053,19.999999999999982,0.0,0.0,0.0
22.10367349906101,-24.332166762595175,19.99999999999998,0.0,0.0,0.0
22.170459716578637,-24.34552889341714,19.999999999999982,0.0,0.0,0.0
22.237134209918167,-24.359091074235394,19.999999999999986,0.0,0.0,0.0
22.303696797473144,-24.372854296485222,19.999999999999986,0.0,0.0,0.0
22.370147299119445,-24.386819552275856,19.999999999999982,0.0,0.0,0.0
22.436485536206757,-24.400987834386658,19.999999999999986,0.0,0.0,0.0
22.50271133155008,-24.415360136263253,19.999999999999986,0.0,0.0,0.0
22.568824509421045,-24.429937452013682,19.99999999999998,0.0,0.0,0.0
22.63482489553887,-24.44472077640447,19.999999999999986,0.0,0.0,0.0
22.700712317061896,-24.45971110485687,19.999999999999982,0.0,0.0,0.0
22.766486602578283,-24.47490943344284,19.999999999999986,0.0,0.0,0.0
22.832147582097015,-24.490316758881203,19.999999999999982,0.0,0.0,0.0
22.897695087038734,-24.505934078533684,19.999999999999986,0.0,0.0,0.0
22.963128950226434,-24.521762390401065,19.999999999999986,0.0,0.0,0.0
23.02844900587589,-24.53780269311906,19.999999999999982,0.0,0.0,0.0
23.09365508958645,-24.55405598595455,19.999999999999986,0.0,0.0,0.0
23.158747038331203,-24.570523268801523,19.999999999999986,0.0,0.0,0.0
23.22372469044733,-24.58720554217709,19.99999999999998,0.0,0.0,0.0
23.28858788562623,-24.604103807217513,19.999999999999986,0.0,0.0,0.0
23.353336464903638,-24.621219065674225,19.999999999999986,0.0,0.0,0.0
23.417970270649377,-24.638552319909678,19.999999999999986,0.0,0.0,0.0
23.482489146557455,-24.656104572893504,19.999999999999982,0.0,0.0,0.0
23.5468929376356,-24.673876828198352,19.999999999999986,0.0,0.0,0.0
23.611181490194877,-24.69187008999585,19.999999999999986,0.0,0.0,0.0
23.675354651839193,-24.71008536305256,19.999999999999986,0.0,0.0,0.0
23.739412271454654,-24.728523652725908,19.999999999999986,0.0,0.0,0.0
23.803354199198647,-24.747185964959996,19.999999999999986,0.0,0.0,0.0
23.867180286489205,-24.766073306281644,19.999999999999982,0.0,0.0,0.0
23.930890385993827,-24.78518668379616,19.999999999999986,0.0,0.0,0.0
23.99448435161837,-24.804527105183265,19.999999999999986,0.0,0.0,0.0
24.057962038495806,-24.824095578692948,19.999999999999986,0.0,0.0,0.0
24.121323302974808,-24.843893113141263,19.999999999999982,0.0,0.0,0.0
24.18456800260811,-24.863920717906183,19.999999999999986,0.0,0.0,0.0
24.247695996141108,-24.884179402923483,19.99999999999998,0.0,0.0,0.0
24.31070714349985,-24.90467017868245,19.999999999999982,0.0,0.0,0.0
24.373601305779196,-24.925394056221744,19.999999999999982,0.0,0.0,0.0
24.436378345230743,-24.946352047125135,19.999999999999982,0.0,0.0,0.0
24.49903812525065,-24.96754516351731,19.999999999999986,0.0,0.0,0.0
24.56158051036714,-24.98897441805959,19.999999999999982,0.0,0.0,0.0
24.624005366228275,-25.01064082394567,19.999999999999986,0.0,0.0,0.0
24.686312559589147,-25.03254539489742,19.999999999999986,0.0,0.0,0.0
24.748501958299183,-25.054689145160506,19.99999999999999,0.0,0.0,0.0
24.810573431289164,-25.077073089500136,19.999999999999982,0.0,0.0,0.0
24.87252684855828,-25.099698243196794,19.999999999999982,0.0,0.0,0.0
24.934362081160643,-25.12256562204174,19.999999999999982,0.0,0.0,0.0
24.996079001192243,-25.14567624233294,19.999999999999986,0.0,0.0,0.0
25.05767748177727,-25.169031120870475,19.999999999999986,0.0,0.0,0.0
25.119157397054405,-25.192631274952344,19.999999999999986,0.0,0.0,0.0
25.180518622163028,-25.216477722369966,19.999999999999986,0.0,0.0,0.0
25.24176103322927,-25.240571481403876,19.999999999999982,0.0,0.0,0.0
25.302884507351592,-25.264913570819203,19.999999999999982,0.0,0.0,0.0
25.363888922586842,-25.289505009861397,19.999999999999986,0.0,0.0,0.0
25.424774157935506,-25.314346818251718,19.999999999999986,0.0,0.0,0.0
25.48554009332712,-25.33944001618277,19.999999999999986,0.0,0.0,0.0
25.546186609605424,-25.364785624314084,19.999999999999982,0.0,0.0,0.0
25.60671358851339,-25.390384663767616,19.999999999999986,0.0,0.0,0.0
25.66712091267795,-25.41623815612325,19.999999999999982,0.0,0.0,0.0
25.727408465594763,-25.442347123414336,19.999999999999982,0.0,0.0,0.0
25.787576131612596,-25.468712588123104,19.999999999999982,0.0,0.0,0.0
25.847623795917645,-25.495335573176213,19.999999999999982,0.0,0.0,0.0
25.907551344517596,-25.522217101940132,19.999999999999982,0.0,0.0,0.0
25.967358664225596,-25.54935819821662,19.999999999999982,0.0,0.0,0.0
26.02704564264389,-25.57675988623813,19.999999999999986,0.0,0.0,0.0
26.08661216814745,-25.604423190663237,19.99999999999998,0.0,0.0,0.0
26.14605812986723,-25.632349136572,19.999999999999986,0.0,0.0,0.0
26.20538341767336,-25.66053874946138,19.999999999999982,0.0,0.0,0.0
26.264587922158064,-25.68899305524058,19.99999999999998,0.0,0.0,0.0
26.323671534618402,-25.71771308022637,19.999999999999986,0.0,0.0,0.0
26.38263414703886,-25.74669985113852,19.999999999999986,0.0,0.0,0.0
26.44147565207358,-25.775954395094963,19.999999999999986,0.0,0.0,0.0
26.500195943028586,-25.805477739607245,19.999999999999986,0.0,0.0,0.0
26.55879491384363,-25.83527091257573,19.999999999999986,0.0,0.0,0.0
26.61727245907392,-25.865334942284885,19.999999999999986,0.0,0.0,0.0
26.675628473871583,-25.895670857398553,19.999999999999986,0.0,0.0,0.0
26.733862853966937,-25.926279686955194,19.999999999999986,0.0,0.0,0.0
26.7919754956495,-25.957162460363087,19.999999999999986,0.0,0.0,0.0
26.84996629574885,-25.988320207395567,19.99999999999998,0.0,0.0,0.0
26.90783515161515,-26.019753958186197,19.999999999999986,0.0,0.0,0.0
26.96558196109953,-26.051464743223942,19.99999999999998,0.0,0.0,0.0
27.0232066225342,-26.08345359334834,19.99999999999998,0.0,0.0,0.0
27.080709034712285,-26.115721539744662,19.999999999999982,0.0,0.0,0.0
27.13808909686752,-26.148269613939004,19.999999999999982,0.0,0.0,0.0
27.195346708653613,-26.181098847793415,19.99999999999998,0.0,0.0,0.0
27.252481770123342,-26.21421027350099,19.999999999999982,0.0,0.0,0.0
27.309494181707525,-26.247604923580944,19.999999999999982,0.0,0.0,0.0
27.366383844193578,-26.28128383087366,19.99999999999998,0.0,0.0,0.0
27.423150658703953,-26.31524802853579,19.999999999999982,0.0,0.0,0.0
27.479794526674205,-26.349498550035175,19.999999999999982,0.0,0.0,0.0
27.53631534983089,-26.38403642914594,19.99999999999998,0.0,0.0,0.0
27.592713030169087,-26.418862699943446,19.99999999999998,0.0,0.0,0.0
27.648987469929747,-26.453978396799265,19.999999999999982,0.0,0.0,0.0
27.70513857157673,-26.489384554376144,19.999999999999986,0.0,0.0,0.0
27.761166237773562,-26.525082207622937,19.99999999999998,0.0,0.0,0.0
27.817070371359833,-26.561072391769507,19.999999999999982,0.0,0.0,0.0
27.87285087532746,-26.59735614232163,19.99999999999998,0.0,0.0,0.0
27.928507652796572,-26.6339344950559,19.99999999999998,0.0,0.0,0.0
27.984040606991048,-26.670808486014558,19.999999999999982,0.0,0.0,0.0
28.03944964121385,-26.707979151500346,19.99999999999998,0.0,0.0,0.0
28.09473465882202,-26.745447528071352,19.999999999999975,0.0,0.0,0.0
28.149895563201355,-26.783214652535754,19.999999999999986,0.0,0.0,0.0
28.20493225774075,-26.82128156194668,19.99999999999998,0.0,0.0,0.0
28.25984464580629,-26.859649293596913,19.99999999999998,0.0,0.0,0.0
28.31463263071496,-26.89831888501367,19.999999999999975,0.0,0.0,0.0
28.36929611570806,-26.9372913739533,19.99999999999998,0.0,0.0,0.0
28.423835003924292,-26.97656779839603,19.99999999999998,0.0,0.0,0.0
28.478249198372467,-27.01614919654059,19.99999999999998,0.0,0.0,0.0
28.53253860190396,-27.056036606798944,19.99999999999998,0.0,0.0,0.0
28.586703117184687,-27.096231067790853,19.999999999999982,0.0,0.0,0.0
28.640742646666894,-27.13673361833857,19.999999999999982,0.0,0.0,0.0
28.69465709256049,-27.177545297461425,19.99999999999998,0.0,0.0,0.0
28.748446356803992,-27.21866714437035,19.99999999999998,0.0,0.0,0.0
28.80211034103521,-27.26010019846248,19.99999999999998,0.0,0.0,0.0
28.855648946561487,-27.301845499315707,19.999999999999986,0.0,0.0,0.0
28.909062074329576,-27.34390408668315,19.99999999999998,0.0,0.0,0.0
28.96234962489515,-27.386277000487663,19.99999999999998,0.0,0.0,0.0
29.0155114983919,-27.428965280816296,19.99999999999998,0.0,0.0,0.0
29.068547594500316,-27.471969967914756,19.99999999999998,0.0,0.0,0.0
29.121457812415926,-27.5152921021818,19.999999999999986,0.0,0.0,0.0
29.17424205081731,-27.558932724163675,19.999999999999986,0.0,0.0,0.0
29.226900207833545,-27.602892874548427,19.999999999999986,0.0,0.0,0.0
29.279432181011337,-27.64717359416031,19.999999999999982,0.0,0.0,0.0
29.3318378672817,-27.691775923954086,19.999999999999982,0.0,0.0,0.0
29.384117162926163,-27.73670090500934,19.99999999999999,0.0,0.0,0.0
29.436269963542678,-27.78194957852472,19.999999999999982,0.0,0.0,0.0
29.488296164010865,-27.82752298581222,19.999999999999986,0.0,0.0,0.0
29.54019565845706,-27.87342216829141,19.999999999999982,0.0,0.0,0.0
29.5919683402187,-27.9196481674836,19.999999999999982,0.0,0.0,0.0
29.64361410180838,-27.966202025006037,19.999999999999986,0.0,0.0,0.0
29.695132834877384,-28.01308478256605,19.999999999999986,0.0,0.0,0.0
29.746524430178777,-28.060297481955175,19.999999999999986,0.0,0.0,0.0
29.79778877752991,-28.10784116504321,19.999999999999986,0.0,0.0,0.0
29.848925765774624,-28.155716873772338,19.999999999999986,0.0,0.0,0.0
29.899935282744785,-28.2039256501511,19.999999999999986,0.0,0.0,0.0
29.9508172152214,-28.252468536248454,19.999999999999982,0.0,0.0,0.0
30.001571448895156,-28.301346574187736,19.999999999999986,0.0,0.0,0.0
30.05219786832656,-28.350560806140585,19.999999999999986,0.0,0.0,0.0
30.1026963569054,-28.400112274320918,19.99999999999999,0.0,0.0,0.0
30.153066796809778,-28.45000202097874,19.999999999999986,0.0,0.0,0.0
30.20330906896452,-28.50023108839411,19.999999999999993,0.0,0.0,0.0
30.253423052999153,-28.55080051887088,19.99999999999999,0.0,0.0,0.0
30.30340862720516,-28.601711354730515,19.99999999999999,0.0,0.0,0.0
30.353265668492753,-28.65296463830589,19.99999999999999,0.0,0.0,0.0
30.4029940523471,-28.704561411935014,19.999999999999986,0.0,0.0,0.0
30.452593652783868,-28.756502717954678,19.999999999999986,0.0,0.0,0.0
30.502064342304237,-28.808789598694208,19.999999999999986,0.0,0.0,0.0
30.55140599184929,-28.861423096469036,19.99999999999999,0.0,0.0,0.0
30.600618470753776,-28.91440425357435,19.999999999999993,0.0,0.0,0.0
30.649701646699235,-28.96773411227859,19.999999999999993,0.0,0.0,0.0
30.698655385666502,-29.021413714817054,19.99999999999999,0.0,0.0,0.0
30.747479551887547,-29.075444103385358,19.999999999999993,0.0,0.0,0.0
30.79617400779669,-29.1298263201329,19.99999999999999,0.0,0.0,0.0
30.844738613981125,-29.18456140715627,19.999999999999993,0.0,0.0,0.0
30.893173229130692,-29.23965040649264,19.99999999999999,0.0,0.0,0.0
30.9414777099871,-29.29509436011315,19.999999999999993,0.0,0.0,0.0
30.98965191129234,-29.350894309916168,19.999999999999996,0.0,0.0,0.0
