galstreams/tracks/track.st.M30.sollima2020.ecsv
# %ECSV 0.9
# ---
# datatype:
# - {name: ra, unit: deg, datatype: float64}
# - {name: dec, unit: deg, datatype: float64}
# - {name: distance, unit: kpc, datatype: float64}
# - {name: pm_ra_cosdec, unit: mas / yr, datatype: float64}
# - {name: pm_dec, unit: mas / yr, datatype: float64}
# - {name: radial_velocity, unit: km / s, datatype: float64}
# delimiter: ','
# meta: !!omap
# - __serialized_columns__:
#     dec:
#       __class__: astropy.coordinates.angles.Latitude
#       unit: &id001 !astropy.units.Unit {unit: deg}
#       value: !astropy.table.SerializedColumn {name: dec}
#     distance:
#       __class__: astropy.coordinates.distances.Distance
#       unit: !astropy.units.Unit {unit: kpc}
#       value: !astropy.table.SerializedColumn {name: distance}
#     pm_dec:
#       __class__: astropy.units.quantity.Quantity
#       unit: !astropy.units.Unit {unit: mas / yr}
#       value: !astropy.table.SerializedColumn {name: pm_dec}
#     pm_ra_cosdec:
#       __class__: astropy.units.quantity.Quantity
#       unit: !astropy.units.Unit {unit: mas / yr}
#       value: !astropy.table.SerializedColumn {name: pm_ra_cosdec}
#     ra:
#       __class__: astropy.coordinates.angles.Longitude
#       unit: *id001
#       value: !astropy.table.SerializedColumn {name: ra}
#       wrap_angle: !astropy.coordinates.Angle
#         unit: *id001
#         value: 360.0
#     radial_velocity:
#       __class__: astropy.units.quantity.Quantity
#       unit: !astropy.units.Unit {unit: km / s}
#       value: !astropy.table.SerializedColumn {name: radial_velocity}
# schema: astropy-2.0
ra,dec,distance,pm_ra_cosdec,pm_dec,radial_velocity
320.8350880434941,-25.43041442803955,7.9000000000000075,0.0,0.0,0.0
320.8444748378041,-25.422449715007094,7.9000000000000075,0.0,0.0,0.0
320.85387285024535,-25.41456717248457,7.9000000000000075,0.0,0.0,0.0
320.86328177323514,-25.406764638491346,7.900000000000007,0.0,0.0,0.0
320.8727013031702,-25.399039981051708,7.9000000000000075,0.0,0.0,0.0
320.8821311404,-25.391391097982428,7.900000000000008,0.0,0.0,0.0
320.8915709892015,-25.38381591668098,7.900000000000007,0.0,0.0,0.0
320.90102055775304,-25.37631239391431,7.900000000000008,0.0,0.0,0.0
320.9104795581092,-25.368878515608277,7.900000000000008,0.0,0.0,0.0
320.9199477061754,-25.361512296637688,7.900000000000009,0.0,0.0,0.0
320.9294247216826,-25.354211780616986,7.900000000000008,0.0,0.0,0.0
320.938910328163,-25.346975039691543,7.900000000000008,0.0,0.0,0.0
320.9484042529244,-25.339800174329532,7.900000000000008,0.0,0.0,0.0
320.9579062270262,-25.332685313114524,7.9000000000000075,0.0,0.0,0.0
320.9674159852551,-25.325628612538587,7.9000000000000075,0.0,0.0,0.0
320.97693326610016,-25.318628256796085,7.900000000000008,0.0,0.0,0.0
320.9864578117294,-25.311682457578087,7.900000000000009,0.0,0.0,0.0
320.9959893679652,-25.304789453867386,7.90000000000001,0.0,0.0,0.0
321.005527684261,-25.297947511734147,7.900000000000008,0.0,0.0,0.0
321.015072513677,-25.291154924132183,7.900000000000009,0.0,0.0,0.0
321.024623612857,-25.284410010695826,7.900000000000009,0.0,0.0,0.0
321.03418074200516,-25.277711117537482,7.900000000000008,0.0,0.0,0.0
321.0437436648618,-25.27105661704574,7.900000000000009,0.0,0.0,0.0
321.05331214868113,-25.264444907684172,7.900000000000008,0.0,0.0,0.0
321.06288596420757,-25.257874413790702,7.900000000000009,0.0,0.0,0.0
321.072464885653,-25.251343585377622,7.900000000000009,0.0,0.0,0.0
321.08204869067373,-25.24485089793225,7.900000000000009,0.0,0.0,0.0
321.09163716034817,-25.238394852218182,7.900000000000011,0.0,0.0,0.0
321.1012300791535,-25.231973974077192,7.900000000000008,0.0,0.0,0.0
321.11082723494343,-25.225586814231736,7.900000000000012,0.0,0.0,0.0
321.1204284189258,-25.21923194808813,7.900000000000011,0.0,0.0,0.0
321.1300334256402,-25.21290797554028,7.900000000000011,0.0,0.0,0.0
321.1396420529353,-25.206613520774095,7.90000000000001,0.0,0.0,0.0
321.1492541019473,-25.2003472320725,7.900000000000011,0.0,0.0,0.0
321.1588693770771,-25.194107781621092,7.90000000000001,0.0,0.0,0.0
321.1684876859688,-25.187893865314425,7.900000000000009,0.0,0.0,0.0
321.17810883948727,-25.181704202562887,7.900000000000011,0.0,0.0,0.0
321.1877326516968,-25.175537536100244,7.90000000000001,0.0,0.0,0.0
321.1973589398387,-25.169392631791784,7.900000000000011,0.0,0.0,0.0
321.2069875243101,-25.163268278443088,7.900000000000011,0.0,0.0,0.0
321.21661822864183,-25.157163287609475,7.900000000000009,0.0,0.0,0.0
321.22625087947694,-25.15107649340602,7.900000000000009,0.0,0.0,0.0
321.23588530654933,-25.145006752318185,7.900000000000011,0.0,0.0,0.0
321.2455213426621,-25.138952943013173,7.900000000000009,0.0,0.0,0.0
321.2551588236661,-25.132913966151776,7.90000000000001,0.0,0.0,0.0
321.2647975884385,-25.126888744200983,7.900000000000011,0.0,0.0,0.0
321.27443747886196,-25.12087622124711,7.900000000000011,0.0,0.0,0.0
321.2840783398026,-25.11487536280963,7.900000000000012,0.0,0.0,0.0
321.29372001908933,-25.108885155655585,7.900000000000008,0.0,0.0,0.0
321.3033623674926,-25.102904607614647,7.900000000000012,0.0,0.0,0.0
321.3130052387033,-25.096932747394806,7.900000000000011,0.0,0.0,0.0
321.3226484893115,-25.090968624398688,7.900000000000012,0.0,0.0,0.0
321.3322919787857,-25.085011308540494,7.900000000000011,0.0,0.0,0.0
321.34193556945183,-25.079059890063572,7.900000000000012,0.0,0.0,0.0
321.35157912647213,-25.073113479358604,7.900000000000012,0.0,0.0,0.0
321.3612225178244,-25.06717120678246,7.900000000000011,0.0,0.0,0.0
321.3708656142813,-25.061232222477635,7.900000000000011,0.0,0.0,0.0
321.38050828938935,-25.055295696192324,7.900000000000012,0.0,0.0,0.0
321.3901504194482,-25.049360817101164,7.90000000000001,0.0,0.0,0.0
321.3997918834901,-25.04342679362657,7.900000000000011,0.0,0.0,0.0
321.4094325632588,-25.037492853260687,7.90000000000001,0.0,0.0,0.0
321.4190723431893,-25.031558242388005,7.900000000000012,0.0,0.0,0.0
321.4287111103874,-25.025622226108588,7.900000000000012,0.0,0.0,0.0
321.43834875460834,-25.01968408806194,7.900000000000011,0.0,0.0,0.0
321.44798516823715,-25.01374313025146,7.90000000000001,0.0,0.0,0.0
321.4576202462674,-25.00779867286961,7.90000000000001,0.0,0.0,0.0
321.4672538862812,-25.001850054123615,7.900000000000012,0.0,0.0,0.0
321.4768859884288,-24.995896630061875,7.900000000000011,0.0,0.0,0.0
321.48651645540764,-24.989937774400918,7.900000000000011,0.0,0.0,0.0
321.49614519244255,-24.983972878353104,7.900000000000011,0.0,0.0,0.0
321.50577210726493,-24.978001350454814,7.900000000000011,0.0,0.0,0.0
321.5153971100928,-24.972022616395403,7.900000000000011,0.0,0.0,0.0
321.52502011361014,-24.96603611884668,7.900000000000012,0.0,0.0,0.0
321.53464103294704,-24.96004131729309,7.900000000000011,0.0,0.0,0.0
321.54425978565905,-24.95403768786245,7.900000000000011,0.0,0.0,0.0
321.5538762917071,-24.948024723157413,7.900000000000011,0.0,0.0,0.0
321.5634904734374,-24.942001932087468,7.900000000000012,0.0,0.0,0.0
321.5731022555612,-24.93596883970162,7.900000000000011,0.0,0.0,0.0
321.5827115651344,-24.929924987021693,7.900000000000013,0.0,0.0,0.0
321.5923183315382,-24.923869930876233,7.900000000000011,0.0,0.0,0.0
321.6019224864579,-24.917803243735108,7.900000000000011,0.0,0.0,0.0
321.6115239638639,-24.91172451354464,7.900000000000012,0.0,0.0,0.0
321.62112269999085,-24.90563334356348,7.900000000000009,0.0,0.0,0.0
321.63071863331805,-24.899529352199,7.900000000000011,0.0,0.0,0.0
321.6403117045496,-24.893412172844386,7.900000000000009,0.0,0.0,0.0
321.6499018565941,-24.887281453716337,7.900000000000011,0.0,0.0,0.0
321.65948903454455,-24.881136857693427,7.900000000000012,0.0,0.0,0.0
321.66907318565916,-24.874978062155037,7.900000000000009,0.0,0.0,0.0
321.67865425934065,-24.868804758820936,7.90000000000001,0.0,0.0,0.0
321.688232207117,-24.862616653591548,7.900000000000012,0.0,0.0,0.0
321.6978069826212,-24.856413466388734,7.900000000000012,0.0,0.0,0.0
321.7073785415718,-24.850194930997354,7.900000000000012,0.0,0.0,0.0
321.71694684175276,-24.843960794907314,7.900000000000011,0.0,0.0,0.0
321.7265118429938,-24.837710819156325,7.900000000000011,0.0,0.0,0.0
321.7360735071508,-24.831444778173275,7.900000000000012,0.0,0.0,0.0
321.745631798086,-24.82516245962223,7.900000000000011,0.0,0.0,0.0
321.7551866816484,-24.81886366424702,7.900000000000011,0.0,0.0,0.0
321.76473812565393,-24.812548205716563,7.900000000000011,0.0,0.0,0.0
321.77428609986583,-24.806215910470705,7.900000000000012,0.0,0.0,0.0
321.78383057597523,-24.799866617566735,7.900000000000011,0.0,0.0,0.0
321.7933715275814,-24.79350017852654,7.900000000000013,0.0,0.0,0.0
321.8029089301723,-24.78711645718439,7.900000000000012,0.0,0.0,0.0
321.812442761105,-24.780715329535298,7.900000000000012,0.0,0.0,0.0
321.82197299958614,-24.774296683584087,7.900000000000011,0.0,0.0,0.0
321.8314996266527,-24.76786041919506,7.900000000000011,0.0,0.0,0.0
321.8410226251521,-24.76140644794224,7.900000000000011,0.0,0.0,0.0
321.8505419797233,-24.75493469296034,7.900000000000011,0.0,0.0,0.0
321.86005767677705,-24.74844508879628,7.900000000000011,0.0,0.0,0.0
321.86956970447676,-24.741937581261368,7.900000000000012,0.0,0.0,0.0
321.879078052719,-24.73541212728411,7.900000000000011,0.0,0.0,0.0
321.88858271311454,-24.72886869476366,7.900000000000009,0.0,0.0,0.0
321.8980836789685,-24.722307262423822,7.900000000000013,0.0,0.0,0.0
321.9075809452616,-24.71572781966785,7.900000000000011,0.0,0.0,0.0
321.917074508631,-24.70913036643364,7.900000000000009,0.0,0.0,0.0
321.92656436735086,-24.70251491304977,7.900000000000011,0.0,0.0,0.0
321.9360505213131,-24.695881480092062,7.900000000000012,0.0,0.0,0.0
321.94553297200895,-24.689230098240767,7.90000000000001,0.0,0.0,0.0
321.95501172250914,-24.6825608081384,7.900000000000012,0.0,0.0,0.0
321.96448677744513,-24.67587366024825,7.900000000000013,0.0,0.0,0.0
321.9739581429904,-24.669168714713393,7.900000000000009,0.0,0.0,0.0
321.98342582684114,-24.66244604121648,7.900000000000012,0.0,0.0,0.0
321.99288983819736,-24.655705718840082,7.900000000000012,0.0,0.0,0.0
322.00235018774407,-24.648947835927615,7.900000000000012,0.0,0.0,0.0
322.0118068876326,-24.642172489945022,7.900000000000009,0.0,0.0,0.0
322.02125995146145,-24.635379787342924,7.900000000000011,0.0,0.0,0.0
322.0307093942577,-24.62856984341957,7.900000000000011,0.0,0.0,0.0
322.04015523245823,-24.62174278218425,7.90000000000001,0.0,0.0,0.0
322.04959748389115,-24.61489873622148,7.900000000000011,0.0,0.0,0.0
322.0590361677568,-24.60803784655571,7.900000000000009,0.0,0.0,0.0
322.0684713046094,-24.601160262516704,7.900000000000011,0.0,0.0,0.0
322.07790291633853,-24.594266141605548,7.900000000000009,0.0,0.0,0.0
322.08733102615037,-24.587355649361303,7.900000000000009,0.0,0.0,0.0
322.09675565854934,-24.58042895922823,7.900000000000011,0.0,0.0,0.0
322.1061768393195,-24.573486252423695,7.900000000000011,0.0,0.0,0.0
322.11559459550637,-24.566527717806714,7.900000000000009,0.0,0.0,0.0
322.1250089553981,-24.559553551747037,7.900000000000011,0.0,0.0,0.0
322.1344199485079,-24.552563957994945,7.90000000000001,0.0,0.0,0.0
322.1438276055551,-24.54555914755168,7.90000000000001,0.0,0.0,0.0
322.1532319584469,-24.538539338540446,7.900000000000008,0.0,0.0,0.0
322.16263304026074,-24.531504756078046,7.900000000000009,0.0,0.0,0.0
322.1720308852256,-24.52445563214721,7.90000000000001,0.0,0.0,0.0
322.18142552870404,-24.51739220546946,7.90000000000001,0.0,0.0,0.0
322.19081700717453,-24.510314721378673,7.900000000000009,0.0,0.0,0.0
322.2002053582127,-24.50322343169524,7.900000000000011,0.0,0.0,0.0
322.2095906204741,-24.496118594600862,7.900000000000009,0.0,0.0,0.0
322.21897283367576,-24.48900047451396,7.900000000000009,0.0,0.0,0.0
322.2283520385786,-24.481869341965755,7.90000000000001,0.0,0.0,0.0
322.2377282769697,-24.474725473476877,7.90000000000001,0.0,0.0,0.0
322.2471015916443,-24.467569151434734,7.900000000000009,0.0,0.0,0.0
322.2564720263881,-24.46040066397141,7.900000000000009,0.0,0.0,0.0
322.2658396259598,-24.453220304842215,7.900000000000009,0.0,0.0,0.0
322.2752044360733,-24.446028373304898,7.90000000000001,0.0,0.0,0.0
322.28456650338023,-24.438825173999437,7.900000000000009,0.0,0.0,0.0
322.2939258754526,-24.431611016828437,7.900000000000011,0.0,0.0,0.0
322.3032826007649,-24.424386216838297,7.900000000000009,0.0,0.0,0.0
322.3126367286771,-24.41715109410079,7.900000000000009,0.0,0.0,0.0
322.32198830941724,-24.409905973595475,7.900000000000011,0.0,0.0,0.0
322.3313373940641,-24.40265118509255,7.900000000000009,0.0,0.0,0.0
322.3406840345299,-24.395387063036516,7.900000000000012,0.0,0.0,0.0
322.3500282835432,-24.3881139464303,7.900000000000009,0.0,0.0,0.0
322.3593701946319,-24.380832178720116,7.900000000000008,0.0,0.0,0.0
322.3687098221058,-24.37354210768092,7.900000000000009,0.0,0.0,0.0
322.37804722104005,-24.366244085302498,7.9000000000000075,0.0,0.0,0.0
322.3873824472578,-24.35893846767613,7.900000000000009,0.0,0.0,0.0
322.3967155573137,-24.35162561488193,7.900000000000009,0.0,0.0,0.0
322.4060466084769,-24.344305890876857,7.90000000000001,0.0,0.0,0.0
322.41537565871397,-24.336979663383254,7.900000000000009,0.0,0.0,0.0
322.42470276667285,-24.329647303778035,7.900000000000008,0.0,0.0,0.0
322.4340279916655,-24.322309186982594,7.900000000000009,0.0,0.0,0.0
322.44335139365177,-24.31496569135321,7.900000000000008,0.0,0.0,0.0
322.45267303322294,-24.307617198572125,7.900000000000008,0.0,0.0,0.0
322.4619929715847,-24.30026409353934,7.900000000000008,0.0,0.0,0.0
322.4713112705414,-24.292906764264877,7.9000000000000075,0.0,0.0,0.0
322.4806279924792,-24.28554560176178,7.90000000000001,0.0,0.0,0.0
322.48994320035,-24.278180999939696,7.900000000000009,0.0,0.0,0.0
322.4992569576555,-24.270813355499126,7.900000000000008,0.0,0.0,0.0
322.50856932843055,-24.26344306782622,7.900000000000009,0.0,0.0,0.0
322.5178803772273,-24.256070538888288,7.900000000000009,0.0,0.0,0.0
322.5271901690993,-24.24869617312989,7.9000000000000075,0.0,0.0,0.0
322.53649876958525,-24.24132037736955,7.900000000000009,0.0,0.0,0.0
322.54580624469344,-24.23394356069712,7.900000000000009,0.0,0.0,0.0
322.5551126608856,-24.22656613437175,7.900000000000009,0.0,0.0,0.0
322.5644180850614,-24.219188511720454,7.900000000000009,0.0,0.0,0.0
322.5737225845428,-24.21181110803739,7.900000000000008,0.0,0.0,0.0
322.583026227058,-24.204434340483694,7.900000000000009,0.0,0.0,0.0
322.5923290807263,-24.197058627987936,7.900000000000009,0.0,0.0,0.0
322.6016312140425,-24.18968439114727,7.900000000000008,0.0,0.0,0.0
322.61093269586155,-24.18231205212908,7.900000000000009,0.0,0.0,0.0
322.620233595383,-24.174942034573434,7.900000000000008,0.0,0.0,0.0
322.62953398213574,-24.167574763495985,7.9000000000000075,0.0,0.0,0.0
322.638833925963,-24.16021066519163,7.9000000000000075,0.0,0.0,0.0
322.64813349700705,-24.152850167138705,7.900000000000008,0.0,0.0,0.0
322.6574327656942,-24.145493697903852,7.9000000000000075,0.0,0.0,0.0
322.6667318027196,-24.138141687047494,7.900000000000008,0.0,0.0,0.0
322.6760306790326,-24.130794565029955,7.900000000000008,0.0,0.0,0.0
322.6853294658217,-24.123452763118177,7.900000000000008,0.0,0.0,0.0
322.6946282344997,-24.116116713293085,7.900000000000009,0.0,0.0,0.0
322.7039270566893,-24.108786848157575,7.900000000000008,0.0,0.0,0.0
322.71322600420785,-24.10146360084509,7.900000000000008,0.0,0.0,0.0
322.72252514905364,-24.094147404928883,7.900000000000008,0.0,0.0,0.0
322.7318245633905,-24.086838694331856,7.900000000000009,0.0,0.0,0.0
322.7411243195339,-24.079537903237057,7.900000000000008,0.0,0.0,0.0
322.7504244899366,-24.07224546599878,7.9000000000000075,0.0,0.0,0.0
322.75972514717404,-24.064961817054293,7.900000000000007,0.0,0.0,0.0
322.7690263639304,-24.057687390836158,7.900000000000008,0.0,0.0,0.0
322.77832821298443,-24.05042262168531,7.900000000000008,0.0,0.0,0.0
322.78763076719514,-24.04316794376455,7.9000000000000075,0.0,0.0,0.0
322.7969340994883,-24.03592379097286,7.900000000000008,0.0,0.0,0.0
322.80623828284183,-24.028690596860194,7.900000000000008,0.0,0.0,0.0
322.81554339027275,-24.021468794543033,7.9000000000000075,0.0,0.0,0.0
322.82484949482284,-24.014258816620377,7.900000000000008,0.0,0.0,0.0
322.83415666954505,-24.00706109509061,7.900000000000009,0.0,0.0,0.0
322.84346498749005,-23.999876061268754,7.900000000000008,0.0,0.0,0.0
322.8527745216926,-23.992704145704476,7.900000000000009,0.0,0.0,0.0
322.862085345158,-23.9855457781007,7.900000000000008,0.0,0.0,0.0
322.8713975308488,-23.978401387232836,7.900000000000008,0.0,0.0,0.0
322.8807111516717,-23.971271400868606,7.900000000000008,0.0,0.0,0.0
322.89002628046364,-23.96415624568854,7.900000000000008,0.0,0.0,0.0
322.8993429899794,-23.9570563472071,7.900000000000008,0.0,0.0,0.0
322.90866135287814,-23.94997212969435,7.900000000000008,0.0,0.0,0.0
322.9179814417104,-23.942904016098336,7.9000000000000075,0.0,0.0,0.0
322.92730332890517,-23.935852427968086,7.9000000000000075,0.0,0.0,0.0
322.93662708675726,-23.92881778537713,7.9000000000000075,0.0,0.0,0.0
322.94595278741417,-23.921800506847823,7.9000000000000075,0.0,0.0,0.0
322.9552805028636,-23.914801009276108,7.900000000000007,0.0,0.0,0.0
322.964610304921,-23.90781970785702,7.900000000000007,0.0,0.0,0.0
322.97394226521635,-23.9008570160108,7.900000000000007,0.0,0.0,0.0
322.98327645518276,-23.893913345309564,7.900000000000007,0.0,0.0,0.0
322.9926129460431,-23.886989105404687,7.900000000000006,0.0,0.0,0.0
323.0019518087983,-23.88008470395476,7.900000000000008,0.0,0.0,0.0
323.0112931142148,-23.873200546554166,7.9000000000000075,0.0,0.0,0.0
323.0206369328126,-23.866337036662323,7.900000000000006,0.0,0.0,0.0
323.02998333485283,-23.8594945755335,7.9000000000000075,0.0,0.0,0.0
323.0393323903264,-23.852673562147263,7.9000000000000075,0.0,0.0,0.0
323.04868416894163,-23.845874393139617,7.900000000000006,0.0,0.0,0.0
