galstreams/tracks/track.st.Gaia-1.ibata2021.ecsv
# %ECSV 0.9
# ---
# datatype:
# - {name: ra, unit: deg, datatype: float64}
# - {name: dec, unit: deg, datatype: float64}
# - {name: distance, unit: kpc, datatype: float64}
# - {name: pm_ra_cosdec, unit: mas / yr, datatype: float64}
# - {name: pm_dec, unit: mas / yr, datatype: float64}
# - {name: radial_velocity, unit: km / s, datatype: float64}
# delimiter: ','
# meta: !!omap
# - __serialized_columns__:
#     dec:
#       __class__: astropy.coordinates.angles.Latitude
#       unit: &id001 !astropy.units.Unit {unit: deg}
#       value: !astropy.table.SerializedColumn {name: dec}
#     distance:
#       __class__: astropy.coordinates.distances.Distance
#       unit: !astropy.units.Unit {unit: kpc}
#       value: !astropy.table.SerializedColumn {name: distance}
#     pm_dec:
#       __class__: astropy.units.quantity.Quantity
#       unit: !astropy.units.Unit {unit: mas / yr}
#       value: !astropy.table.SerializedColumn {name: pm_dec}
#     pm_ra_cosdec:
#       __class__: astropy.units.quantity.Quantity
#       unit: !astropy.units.Unit {unit: mas / yr}
#       value: !astropy.table.SerializedColumn {name: pm_ra_cosdec}
#     ra:
#       __class__: astropy.coordinates.angles.Longitude
#       unit: *id001
#       value: !astropy.table.SerializedColumn {name: ra}
#       wrap_angle: !astropy.coordinates.Angle
#         unit: *id001
#         value: 360.0
#     radial_velocity:
#       __class__: astropy.units.quantity.Quantity
#       unit: !astropy.units.Unit {unit: km / s}
#       value: !astropy.table.SerializedColumn {name: radial_velocity}
# schema: astropy-2.0
ra,dec,distance,pm_ra_cosdec,pm_dec,radial_velocity
[from data line 2982]
200.465223458968,3.6852201903227613,4.812140593846965,-16.384438012953026,-21.077325330232775,9.262843842859572e-14
200.47112891426903,3.6933030384009027,4.811595676255676,-16.385620219441606,-21.077131719672455,1.6841534259744676e-14
200.4770344084464,3.701385895804351,4.811050145623182,-16.38680216154853,-21.076936729238895,9.262843842859572e-14
200.48293994148773,3.7094687626240574,4.810504001660646,-16.387983839064393,-21.076740358895965,4.210383564936169e-14
200.4888455133806,3.717551638950968,4.809957244079241,-16.3891652517796,-21.076542608607536,1.347322740779574e-13
200.49475112411255,3.7256345248760483,4.8094098725901295,-16.390346399484468,-21.07634347833761,1.221011233831489e-13
200.50065677367118,3.733717420490264,4.8088618869044835,-16.391527281969132,-21.07614296805018,-1.2631150694808506e-14
200.50656246204406,3.741800325884589,4.808313286733467,-16.39270789902363,-21.075941077709363,1.1368035625327657e-13
200.51246818921877,3.74988324115001,4.80776407178825,-16.39388825043784,-21.075737807279317,1.9788802755199994e-13
200.51837395518294,3.757966166377516,4.807214241779996,-16.3950683360015,-21.07553315672424,0.0
200.5242797599241,3.766049101658099,4.806663796419877,-16.39624815550424,-21.075327126008442,5.4734986344170195e-14
200.53018560342989,3.774132047082774,4.806112735419058,-16.39742770873551,-21.075119715096243,3.368306851948935e-14
200.5360914856879,3.78221500274255,4.805561058488705,-16.39860699548466,-21.074910923952068,0.0
200.54199740668574,3.790297968728444,4.80500876533999,-16.39978601554089,-21.074700752540384,1.2631150694808508e-13
200.54790336641108,3.7983809451314863,4.804455855684076,-16.400964768693264,-21.074489200825724,3.368306851948935e-14
200.55380936485145,3.8064639320427145,4.803902329232135,-16.402143254730696,-21.074276268772696,5.894536990910637e-14
200.55971540199448,3.814546929553177,4.803348185695328,-16.40332147344199,-21.074061956345957,1.5999457546757442e-13
200.5656214778279,3.8226299377539172,4.802793424784828,-16.40449942461579,-21.073846263510237,6.315575347404254e-14
200.57152759233924,3.830712956735999,4.8022380462118,-16.40567710804061,-21.073629190230317,3.368306851948935e-14
200.57743374551615,3.8387959865904877,4.801682049687411,-16.406854523504844,-21.07341073647107,1.1789073981821273e-13
200.5833399373463,3.8468790274084577,4.80112543492283,-16.408031670796714,-21.07319090219738,1.1368035625327657e-13
200.58924616781735,3.8549620792809938,4.800568201629223,-16.40920854970434,-21.072969687374254,-2.947268495455318e-14
200.5951524369169,3.8630451422991836,4.800010349517761,-16.410385160015675,-21.072747091966725,5.0524602779234026e-14
200.60105874463264,3.8711282165541254,4.799451878299606,-16.411561501518566,-21.0725231159399,1.0946997268834039e-13
200.60696509095223,3.879211302136931,4.79889278768593,-16.412737574000698,-21.07229775925895,6.315575347404254e-14
200.6128714758633,3.8872943991387094,4.7983330773878965,-16.413913377249642,-21.07207102188913,1.768361097273191e-13
200.6187778993536,3.8953775076505823,4.797772747116677,-16.415088911052806,-21.071842903795712,2.1051917824680846e-14
200.62468436141071,3.9034606277636845,4.797211796583436,-16.416264175197487,-21.07161340494407,2.020984111169361e-13
200.6305908620224,3.9115437595691533,4.796650225499341,-16.41743916947083,-21.071382525299644,1.4736342477276593e-13
200.63649740117626,3.9196269031581297,4.796088033575561,-16.41861389365983,-21.071150264827892,1.5578419190263825e-13
200.64240397886005,3.9277100586217726,4.7955252205232615,-16.419788347551393,-21.070916623494405,8.841805486365955e-14
200.64831059506142,3.935793226051242,4.794961786053615,-16.420962530932222,-21.07068160126476,2.1472956181174462e-13
200.65421724976812,3.943876405537713,4.794397729877781,-16.422136443588943,-21.070445198104686,9.683882199353189e-14
200.6601239429678,3.9519595971723542,4.793833051706932,-16.42331008530801,-21.070207413979894,-4.210383564936169e-15
200.66603067464817,3.960042801046362,4.7932677512522375,-16.42448345587575,-21.069968248856206,1.642049590325106e-13
200.671937444797,3.968126017250932,4.792701828224858,-16.42565655507837,-21.069727702699506,1.3894265764289357e-13
200.67784425340196,3.976209245877258,4.792135282335965,-16.426829382701907,-21.069485775475727,3.368306851948935e-14
200.68375110045076,3.984292487016559,4.791568113296726,-16.42800193853229,-21.06924246715088,1.0104920555846805e-13
200.68965798593115,3.992375740760052,4.79100032081831,-16.42917422235528,-21.068997777691006,7.157652060391487e-14
200.69556490983084,4.000459007198957,4.790431904611883,-16.430346233956538,-21.068751707062255,1.7262572616238293e-13
200.70147187213763,4.008542286424526,4.789862864388611,-16.431517973121572,-21.06850425523082,-4.210383564936169e-15
200.70737887283917,4.016625578527991,4.789293199859662,-16.43268943963575,-21.068255422162963,5.894536990910637e-14
200.7132859119233,4.024708883600609,4.788722910736204,-16.433860633284308,-21.06800520782501,-1.2631150694808506e-14
200.71919298937766,4.032792201733641,4.788151996729405,-16.43503155385234,-21.067753612183356,1.1789073981821273e-13
200.7251001051901,4.040875533018357,4.787580457550431,-16.436202201124814,-21.067500635204436,1.3894265764289357e-13
200.73100725934836,4.0489588775460295,4.787008292910452,-16.437372574886542,-21.067246276854778,9.683882199353189e-14
200.73691445184016,4.057042235407954,4.786435502520632,-16.43854267492222,-21.066990537100963,7.999728773378721e-14
200.74282168265333,4.065125606695418,4.78586208609214,-16.439712501016402,-21.066733415909646,2.1051917824680846e-14
200.7487289517756,4.073208991499725,4.785288043336145,-16.44088205295349,-21.066474913247532,5.0524602779234026e-14
200.75463625919477,4.08129238991219,4.784713373963814,-16.44205133051777,-21.066215029081388,1.4736342477276593e-13
200.76054360489863,4.0893758020241355,4.784138077686311,-16.443220333493393,-21.065953763378072,1.3052189051302125e-13
200.76645098887494,4.097459227926881,4.783562154214807,-16.444389061664346,-21.06569111610448,9.262843842859572e-14
200.77235841111153,4.105542667711778,4.782985603260467,-16.44555751481451,-21.06542708722758,1.2631150694808508e-13
200.77826587159618,4.113626121470156,4.782408424534462,-16.4467256927276,-21.065161676714403,1.3052189051302125e-13
200.7841733703167,4.121709589293379,4.781830617747956,-16.447893595187224,-21.064894884532066,6.73661370389787e-14
200.79008090726086,4.129793071272809,4.781252182612118,-16.449061221976837,-21.064626710647723,0.0
200.79598848241653,4.13787656749982,4.780673118838115,-16.450228572879762,-21.064357155028606,1.1789073981821273e-13
200.8018960957715,4.145960078065787,4.780093426137113,-16.451395647679178,-21.064086217642,1.347322740779574e-13
200.80780374731364,4.154043603062107,4.779513104220284,-16.452562446158137,-21.063813898455273,2.947268495455318e-14
200.81371143703066,4.162127142580173,4.77893215279879,-16.45372896809955,-21.06354019743585,5.894536990910637e-14
200.81961916491053,4.170210696711386,4.778350571583803,-16.454895213286186,-21.0632651145512,7.999728773378721e-14
200.825526930941,4.17829426554718,4.777768360286484,-16.456061181500704,-21.06298864976892,1.4736342477276593e-13
200.83143473510995,4.186377849178962,4.777185518618008,-16.45722687252558,-21.062710803056596,9.683882199353189e-14
200.83734257740522,4.194461447698169,4.776602046289539,-16.45839228614319,-21.062431574381915,-1.6841534259744676e-14
200.84325045781463,4.202545061196246,4.776017943012244,-16.459557422135774,-21.062150963712636,1.2631150694808508e-13
200.8491583763261,4.210628689764647,4.775433208497291,-16.4607222802854,-21.06186897101657,4.631421921429786e-14
200.85506633292744,4.218712333494823,4.77484784245585,-16.461886860374037,-21.061585596261583,1.642049590325106e-13
200.86097432760656,4.226795992478253,4.774261844599082,-16.463051162183508,-21.061300839415658,7.157652060391487e-14
200.8668823603513,4.234879666806411,4.7736752146381605,-16.464215185495487,-21.061014700446762,3.368306851948935e-14
200.87279043114953,4.242963356570777,4.773087952284249,-16.465378930091532,-21.060727179323003,4.210383564936169e-15
200.87869853998913,4.2510470618628595,4.772500057248519,-16.466542395753038,-21.060438276012505,1.6841534259744676e-14
200.88460668685804,4.259130782774152,4.771911529242134,-16.46770558226128,-21.060147990483475,3.789345208442552e-14
200.89051487174407,4.267214519396174,4.771322367976264,-16.468868489397398,-21.05985632270419,3.789345208442552e-14
200.8964230946352,4.2752982718204535,4.770732573162075,-16.47003111694239,-21.05956327264299,9.683882199353189e-14
200.90233135551927,4.283382040138511,4.770142144510736,-16.47119346467713,-21.059268840268263,7.999728773378721e-14
200.90823965438423,4.291465824441894,4.769551081733412,-16.472355532382323,-21.058973025548497,6.73661370389787e-14
200.91414799121793,4.2995496248221565,4.768959384541272,-16.473517319838578,-21.058675828452223,9.683882199353189e-14
200.92005636600837,4.307633441370853,4.768367052645485,-16.47467882682634,-21.05837724894803,6.315575347404254e-14
200.9259647787434,4.315717274179553,4.767774085757216,-16.475840053125935,-21.05807728700459,7.157652060391487e-14
200.931873229411,4.323801123339838,4.767180483587632,-16.477000998517532,-21.057775942590634,9.262843842859572e-14
200.93778171799906,4.331884988943294,4.7665862458479005,-16.478161662781183,-21.057473215674968,7.578690416885104e-14
200.94369024449554,4.3399688710815125,4.765991372249191,-16.479322045696794,-21.057169106226436,-2.1051917824680846e-14
200.94959880888834,4.348052769846105,4.76539586250267,-16.480482147044135,-21.056863614213974,3.368306851948935e-14
200.95550741116546,4.356136685328683,4.764799716319507,-16.481641966602837,-21.056556739606574,1.5999457546757442e-13
200.96141605131484,4.3642206176208775,4.764202933410865,-16.482801504152405,-21.056248482373302,6.315575347404254e-14
200.96732472932442,4.372304566814311,4.763605513487917,-16.48396075947219,-21.055938842483272,6.73661370389787e-14
200.97323344518216,4.380388533000644,4.763007456261822,-16.485119732341445,-21.0556278199057,1.6841534259744676e-14
200.97914219887602,4.388472516271508,4.762408761443757,-16.486278422539225,-21.055315414609822,1.515738083377021e-13
200.98505099039403,4.396556516718584,4.761809428744882,-16.4874368298445,-21.055001626564973,2.1051917824680846e-14
200.99095981972408,4.4046405344335335,4.761209457876369,-16.488594954036085,-21.054686455740523,1.9367764398706378e-13
200.9968686868542,4.412724569508042,4.760608848549384,-16.489752794892656,-21.054369902105957,2.947268495455318e-14
201.00277759177237,4.420808622033793,4.760007600475094,-16.490910352192767,-21.05405196563078,1.1368035625327657e-13
201.0086865344666,4.4288926921025045,4.759405713364667,-16.49206762571481,-21.053732646284587,2.5262301389617013e-14
201.01459551492485,4.436976779805865,4.758803186929271,-16.493224615237057,-21.053411944037016,7.578690416885104e-14
201.02050453313512,4.445060885235601,4.758200020880071,-16.49438132053766,-21.053089858857813,7.157652060391487e-14
201.02641358908548,4.453145008483448,4.757596214928238,-16.495537741394593,-21.052766390716737,2.5262301389617013e-14
201.03232268276386,4.46122914964114,4.756991768784936,-16.496693877585734,-21.052441539583672,8.420767129872338e-14
201.0382318141583,4.469313308800425,4.756386682161334,-16.497849728888813,-21.052115305428526,1.0104920555846805e-13
201.04414098325688,4.477397486053056,4.755780954768601,-16.49900529508139,-21.051787688221264,-5.894536990910637e-14
201.05005019004753,4.485481681490813,4.755174586317902,-16.50016057594094,-21.051458687931962,5.894536990910637e-14
201.05595943451837,4.493565895205461,4.754567576520406,-16.501315571244774,-21.051128304530728,1.2631150694808506e-14
201.0618687166574,4.501650127288799,4.753959925087277,-16.502470280770083,-21.050796537987754,-3.368306851948935e-14
201.0677780364526,4.509734377832613,4.753351631729688,-16.503624704293884,-21.05046338827329,-4.210383564936169e-14
201.07368739389213,4.51781864692871,4.752742696158805,-16.504778841593094,-21.050128855357645,2.3578147963642546e-13
201.07959678896398,4.5259029346689195,4.752133118085791,-16.505932692444503,-21.04979293921122,8.841805486365955e-14
201.0855062216562,4.533987241145055,4.751522897221816,-16.507086256624724,-21.04945563980445,7.578690416885104e-14
201.0914156919569,4.542071566448958,4.750912033278051,-16.50823953391026,-21.049116957107863,6.315575347404254e-14
201.09732519985408,4.550155910672476,4.750300525965657,-16.50939252407748,-21.048776891092043,1.221011233831489e-13
201.1032347453359,4.55824027390746,4.749688374995807,-16.5105452269026,-21.04843544172764,6.73661370389787e-14
201.10914432839036,4.566324656245779,4.7490755800796665,-16.511697642161707,-21.048092608985367,8.841805486365955e-14
201.11505394900556,4.5744090577793095,4.748462140928402,-16.512849769630762,-21.047748392836017,1.0104920555846805e-13
201.12096360716959,4.5824934785999405,4.747848057253182,-16.514001609085575,-21.047402793250438,5.0524602779234026e-14
201.12687330287056,4.590577918799562,4.747233328765173,-16.51515316030183,-21.047055810199545,6.315575347404254e-14
201.13278303609655,4.598662378470083,4.746617955175544,-16.516304423055068,-21.046707443654327,4.210383564936169e-14
201.13869280683568,4.6067468577034205,4.746001936195459,-16.517455397120703,-21.046357693585847,1.4315304120782974e-13
201.14460261507605,4.614831356591497,4.74538527153609,-16.518606082273994,-21.046006559965207,9.262843842859572e-14
201.15051246080577,4.622915875226255,4.744767960908603,-16.519756478290084,-21.045654042763598,1.0104920555846805e-13
201.15642234401298,4.631000413699639,4.7441500040241635,-16.520906584943976,-21.04530014195228,7.578690416885104e-14
201.16233226468577,4.639084972103604,4.743531400593939,-16.52205640201053,-21.044944857502575,-3.368306851948935e-14
201.1682422228123,4.647169550530116,4.7429121503291,-16.52320592926447,-21.044588189385866,8.420767129872338e-15
201.17415221838067,4.655254149071157,4.7422922529408105,-16.524355166480376,-21.04423013757359,-8.420767129872338e-15
201.18006225137904,4.663338767818703,4.741671708140243,-16.525504113432714,-21.043870702037303,6.73661370389787e-14
201.18597232179556,4.671423406864766,4.741050515638557,-16.5266527698958,-21.043509882748577,1.6841534259744676e-14
201.19188242961835,4.679508066301348,4.740428675146927,-16.52780113564382,-21.04314767967906,3.368306851948935e-14
201.19779257483563,4.687592746220466,4.739806186376516,-16.52894921045081,-21.042784092800495,-2.5262301389617013e-14
201.20370275743548,4.695677446714148,4.739183049038494,-16.530096994090684,-21.04241912208466,4.210383564936169e-14
201.2096129774061,4.703762167874436,4.73855926284403,-16.531244486337215,-21.042052767503417,5.0524602779234026e-14
201.21552323473568,4.711846909793373,4.7379348275042865,-16.532391686964033,-21.041685029028688,0.0
201.22143352941237,4.719931672563027,4.737309742730434,-16.533538595744645,-21.041315906632477,3.368306851948935e-14
201.22734386142437,4.728016456275463,4.736684008233641,-16.534685212452413,-21.04094540028683,2.2736071250655313e-13
201.23325423075988,4.736101261022763,4.736057623725071,-16.535831536860574,-21.040573509963895,2.5262301389617013e-14
201.23916463740701,4.744186086897018,4.735430588915894,-16.536977568742216,-21.04020023563585,8.420767129872338e-14
201.2450750813541,4.75227093399033,4.734802903517278,-16.538123307870283,-21.039825577274957,-8.420767129872338e-15
201.2509855625892,4.760355802394811,4.734174567240389,-16.5392687540176,-21.039449534853567,2.5262301389617013e-14
201.25689608110056,4.768440692202579,4.733545579796398,-16.540413906956854,-21.039072108344055,5.894536990910637e-14
201.2628066368765,4.776525603505774,4.7329159408964685,-16.541558766460597,-21.038693297718897,2.5262301389617013e-14
201.2687172299051,4.784610536396534,4.732285650251768,-16.542703332301237,-21.038313102950646,1.6841534259744676e-14
