galstreams/tracks/track.st.Orphan-Chenab.koposov2019.ecsv
# %ECSV 0.9
# ---
# datatype:
# - {name: ra, unit: deg, datatype: float64}
# - {name: dec, unit: deg, datatype: float64}
# - {name: distance, unit: kpc, datatype: float64}
# - {name: pm_ra_cosdec, unit: mas / yr, datatype: float64}
# - {name: pm_dec, unit: mas / yr, datatype: float64}
# - {name: radial_velocity, unit: km / s, datatype: float64}
# delimiter: ','
# meta: !!omap
# - __serialized_columns__:
#     dec:
#       __class__: astropy.coordinates.angles.Latitude
#       unit: &id001 !astropy.units.Unit {unit: deg}
#       value: !astropy.table.SerializedColumn {name: dec}
#     distance:
#       __class__: astropy.coordinates.distances.Distance
#       unit: !astropy.units.Unit {unit: kpc}
#       value: !astropy.table.SerializedColumn {name: distance}
#     pm_dec:
#       __class__: astropy.units.quantity.Quantity
#       unit: !astropy.units.Unit {unit: mas / yr}
#       value: !astropy.table.SerializedColumn {name: pm_dec}
#     pm_ra_cosdec:
#       __class__: astropy.units.quantity.Quantity
#       unit: !astropy.units.Unit {unit: mas / yr}
#       value: !astropy.table.SerializedColumn {name: pm_ra_cosdec}
#     ra:
#       __class__: astropy.coordinates.angles.Longitude
#       unit: *id001
#       value: !astropy.table.SerializedColumn {name: ra}
#       wrap_angle: !astropy.coordinates.Angle
#         unit: *id001
#         value: 360.0
#     radial_velocity:
#       __class__: astropy.units.quantity.Quantity
#       unit: !astropy.units.Unit {unit: km / s}
#       value: !astropy.table.SerializedColumn {name: radial_velocity}
# schema: astropy-2.0
ra,dec,distance,pm_ra_cosdec,pm_dec,radial_velocity
[from data line 13422]
172.67448070294813,-30.69889095754846,16.438619178969798,-2.705725839991007,2.615009506613268,-3.6012121343644816e-07
172.67165428968366,-30.689177107139074,16.43919891076949,-2.7054500762333964,2.6147266505471807,-3.602386662963756e-07
172.66882850748107,-30.679463185454075,16.439778642569195,-2.7051743610832064,2.61444375029152,-3.603561865224401e-07
172.66600335601296,-30.669749192530393,16.440358374368895,-2.704898694517739,2.6141608058708137,-3.604737067485046e-07
172.6631788349519,-30.66003512840487,16.44093810616859,-2.704623076514303,2.613877817309567,-3.605911596084321e-07
172.66035494397084,-30.65032099311443,16.441517837968295,-2.7043475070502234,2.613594784632269,-3.6070869667603085e-07
172.65753168274279,-30.64060678669583,16.442097569767995,-2.7040719861028366,2.6133117078633896,-3.608261158528898e-07
172.65470905094108,-30.63089250918596,16.442677301567695,-2.7037965136494955,2.6130285870273813,-3.609436697620228e-07
172.65188704823913,-30.62117816062153,16.443257033367395,-2.7035210896675625,2.6127454221486826,-3.610610552558132e-07
172.64906567431063,-30.6114637410394,16.44383676516709,-2.703245714134417,2.6124622132517086,-3.6117855864034343e-07
172.64624492882945,-30.601749250476246,16.444416496966795,-2.7029703870274457,2.6121789603608603,-3.612960788664079e-07
172.64342481146963,-30.59203468896879,16.4449962287665,-2.702695108324056,2.61189566350052,-3.614135654094039e-07
172.64060532190544,-30.582320056553794,16.445575960566202,-2.702419878001665,2.611612322695056,-3.615309677447286e-07
172.63778645981134,-30.572605353267868,16.446155692365902,-2.7021446960377014,2.6113289379688123,-3.6164853849539585e-07
172.63496822486195,-30.56289057914774,16.4467354241656,-2.70186956240961,2.6110455093461225,-3.6176602503839184e-07
172.63215061673216,-30.55317573422996,16.447315155965303,-2.7015944770948446,2.610762036851296,-3.6188351158138784e-07
172.62933363509697,-30.543460818551203,16.447894887765,-2.701319440070879,2.610478520508632,-3.6200091391671254e-07
172.6265172796316,-30.533745832148014,16.448474619564703,-2.701044451315194,2.6101949603424046,-3.6211841730124276e-07
172.62370155001156,-30.52403077505699,16.449054351364406,-2.700769510805286,2.609911356376875,-3.622358027950332e-07
172.62088644591245,-30.51431564731465,16.44963408316411,-2.7004946185186642,2.6096277086362876,-3.623533230210977e-07
172.61807196701008,-30.504600448957547,16.450213814963806,-2.700219774432854,2.609344017144867,-3.624708095640937e-07
172.61525811298043,-30.494885180022127,16.45079354676351,-2.699944978525386,2.609060281926821,-3.6258824558248683e-07
172.6124448834998,-30.4851698405449,16.451373278563214,-2.6996702307738123,2.6087765030063403,-3.627057321254828e-07
172.60963227824453,-30.475454430562344,16.45195301036291,-2.6993955311556963,2.6084926804075996,-3.628231849854103e-07
172.6068202968913,-30.465738950110822,16.452532742162614,-2.6991208796486093,2.608208814154752,-3.6294068836994053e-07
172.60400893911682,-30.45602339922682,16.453112473962317,-2.698846276230143,2.6079249042719383,-3.6305819175447075e-07
172.60119820459815,-30.44630777794664,16.45369220576202,-2.698571720877895,2.607640950783279,-3.6317556040672694e-07
172.59838809301246,-30.43659208630673,16.454271937561717,-2.698297213569483,2.607356953712879,-3.632930469497229e-07
172.59557860403712,-30.426876324343365,16.45485166936142,-2.6980227542825324,2.6070729130848216,-3.634105334927189e-07
172.59276973734976,-30.417160492092908,16.45543140116112,-2.697748342994686,2.6067888289231806,-3.6352802003571487e-07
172.58996149262808,-30.407444589591627,16.456011132960825,-2.697473979683595,2.6065047012520046,-3.636454560541081e-07
172.5871538695501,-30.397728616875828,16.45659086476053,-2.697199664326927,2.6062205300953303,-3.637629257555698e-07
172.5843468677939,-30.388012573981715,16.457170596560232,-2.6969253969023614,2.605936315477174,-3.6388032809089444e-07
172.58154048703796,-30.378296460945542,16.457750328359932,-2.6966511773875927,2.605652057421536,-3.639978651584932e-07
172.5787347269607,-30.368580277803567,16.458330060159632,-2.696377005760324,2.6053677559524013,-3.6411525065228364e-07
172.57592958724095,-30.358864024591888,16.45890979195934,-2.696102881998274,2.605083411093732,-3.6423277087834814e-07
172.57312506755758,-30.34914770134675,16.459489523759036,-2.6958288060791795,2.604799022869481,-3.643502237382756e-07
172.57029572574135,-30.3394381842541,16.460072380363336,-2.6955515257394955,2.604508988178817,-3.644628599194048e-07
172.5674543262967,-30.329732023284915,16.46065679467804,-2.695272673147063,2.604216116090991,-3.6457313828573755e-07
172.56461355275945,-30.320025790393416,16.461241208992742,-2.69499386975315,2.6039231995941217,-3.646834166520704e-07
172.56177340480463,-30.3103194856168,16.461825623307448,-2.694715115534909,2.603630238712677,-3.647936613353347e-07
172.5589338821073,-30.300613108992106,16.462410037622142,-2.694436410469501,2.6033372334711036,-3.6490397338473603e-07
172.5560949843429,-30.290906660556477,16.462994451936847,-2.6941577545341007,2.603044183893834,-3.650142180680003e-07
172.5532567111869,-30.28120014034691,16.463578866251552,-2.6938791477058968,2.602751090005283,-3.651244964343331e-07
172.5504190623151,-30.271493548400493,16.46416328056625,-2.693600589962094,2.602457951829848,-3.6523475795913166e-07
172.54758203740337,-30.26178688475419,16.464747694880955,-2.6933220812799044,2.602164769391906,-3.653449689593274e-07
172.54474563612794,-30.25208014944501,16.46533210919566,-2.6930436216365585,2.6018715427158194,-3.6545534837486576e-07
172.54190985816504,-30.242373342509953,16.46591652351036,-2.6927652110092986,2.601578271825936,-3.655655425335273e-07
172.53907470319126,-30.23266646398589,16.46650093782506,-2.6924868493753755,2.6012849567465763,-3.6567588826599713e-07
172.53624017088325,-30.22295951390983,16.46708535213976,-2.692208536712062,2.600991597502056,-3.657860992661929e-07
172.5334062609179,-30.21325249231858,16.467669766454467,-2.691930272996635,2.600698194116661,-3.6589636079099144e-07
172.53057297297238,-30.203545399249123,16.46825418076917,-2.691652058206393,2.600404746614672,-3.6600662231579e-07
172.52774030672393,-30.193838234738195,16.46883859508387,-2.6913738923186394,2.6001112550203422,-3.661169175236571e-07
172.52490826185002,-30.184130998822727,16.469423009398568,-2.6910957753106977,2.5998177193579144,-3.6622712852385285e-07
172.52207683802837,-30.174423691539456,16.470007423713273,-2.690817707159898,2.5995241396516087,-3.663374237317199e-07
172.5192460349368,-30.164716312925236,16.470591838027975,-2.6905396878435908,2.5992305159256324,-3.664477020980527e-07
172.51641585225335,-30.155008863016754,16.471176252342676,-2.690261717339134,2.5989368482041724,-3.66557946781317e-07
172.5135862896563,-30.145301341850796,16.471760666657385,-2.6899837956238994,2.598643136511399,-3.666682419891841e-07
172.5107573468241,-30.135593749464103,16.472345080972087,-2.6897059226752758,2.598349380871467,-3.6677852035551686e-07
172.5079290234354,-30.12588608589331,16.47292949528679,-2.689428098470661,2.5980555813085133,-3.668887481972469e-07
172.50510131916894,-30.11617835117517,16.473513909601493,-2.6891503229874667,2.5977617378466547,-3.669989928805112e-07
172.5022742337038,-30.106470545346255,16.47409832391619,-2.688872596203117,2.597467850509995,-3.671092207222412e-07
172.4994477667192,-30.096762668443258,16.474682738230896,-2.6885949180950535,2.597173919322616,-3.6721948224703976e-07
172.49662191789446,-30.087054720502735,16.475267152545598,-2.6883172886407234,2.5968799443085873,-3.673296764057013e-07
172.49379668690923,-30.07734670156132,16.4758515668603,-2.6880397078175946,2.5965859254919583,-3.6743997161356834e-07
172.4909720734433,-30.06763861165553,16.47643598117501,-2.687762175603141,2.5962918628967606,-3.6755026682143544e-07
172.4881480771766,-30.05793045082194,16.477020395489706,-2.6874846919748565,2.5959977565470136,-3.676604441385627e-07
172.48532469778928,-30.048222219097024,16.477604809804408,-2.6872072569102423,2.5957036064667127,-3.6777068882182697e-07
172.48250193496173,-30.038513916517353,16.478189224119113,-2.6869298703868143,2.595409412679841,-3.67880984029694e-07
172.47967978837445,-30.028805543119326,16.478773638433818,-2.686652532382102,2.5951151752103625,-3.6799114450528704e-07
172.47685825770822,-30.019097098939422,16.479358052748523,-2.6863752428736483,2.594820894082222,-3.681014902377569e-07
172.4740373426439,-30.0093885840141,16.479942467063225,-2.686098001839009,2.594526569319356,-3.6821168439641836e-07
172.47121704286263,-29.999679998379708,16.480526881377926,-2.6858208092557505,2.5942322009456715,-3.6832197960428546e-07
172.46839735804573,-29.989971342072693,16.481111295692635,-2.6855436651014557,2.593937788985067,-3.6843220744601545e-07
172.46557828787462,-29.98026261512937,16.481695710007333,-2.685266569353718,2.593643333461422,-3.685424352877455e-07
172.46275983203105,-29.970553817586115,16.48228012432204,-2.684989521990143,2.593348834398599,-3.68652629446407e-07
172.45994199019685,-29.960844949479213,16.482864538636743,-2.6847125229883524,2.59305429182044,-3.687629583373426e-07
172.45712476205406,-29.951136010844987,16.483448952951445,-2.684435572325979,2.592759705750776,-3.6887313565446984e-07
172.45430814728496,-29.94142700171968,16.48403336726615,-2.6841586699806683,2.592465076213418,-3.689833634961999e-07
172.45149214557196,-29.931717922139605,16.48461778158085,-2.6838818159300777,2.59217040323216,-3.690935913379299e-07
172.4486767565977,-29.922008772140916,16.48520219589556,-2.6836050101518802,2.5918756868307753,-3.6920385286272846e-07
172.44586198004492,-29.912299551759855,16.485786610210265,-2.683328252623759,2.591580927033029,-3.693140638629242e-07
172.44304781559674,-29.902590261032657,16.486371024524967,-2.6830515433234137,2.5912861238626625,-3.6942432538772277e-07
172.44021012715027,-29.89288742071534,16.48695749500813,-2.682771962066682,2.590986210480656,-3.6953005653980546e-07
172.4373553731584,-29.88318928572982,16.48754547192026,-2.682490290774013,2.5906825406477982,-3.696323351773649e-07
172.43450123767047,-29.87349107831707,16.488133448832397,-2.68220866916977,2.5903788263156553,-3.6973461381492433e-07
172.43164772036516,-29.863792798514385,16.48872142574453,-2.681927097231012,2.5900750675085327,-3.698369598186208e-07
172.42879482092124,-29.854094446358967,16.48930940265667,-2.681645574934819,2.589771264250718,-3.699392552977145e-07
172.42594253901777,-29.844396021888066,16.489897379568802,-2.6813641022582773,2.5894674165664826,-3.700416181429452e-07
172.42309087433392,-29.834697525138825,16.49048535648094,-2.681082679178492,2.5891635244800755,-3.7014399782971017e-07
172.42023982654908,-29.82499895614847,16.491073333393075,-2.680801305672577,2.588859588015735,-3.702462427842011e-07
172.41738939534287,-29.815300314954097,16.491661310305208,-2.6805199817176604,2.5885556071976787,-3.7034855510482904e-07
172.41453958039506,-29.805601601592873,16.492249287217344,-2.6802387072908838,2.588251582050107,-3.7045088426699126e-07
172.41169038138557,-29.795902816101854,16.492837264129477,-2.6799574823694026,2.5879475125972027,-3.7055326395375626e-07
172.4088417979946,-29.786203958518144,16.493425241041614,-2.679676306930382,2.587643398863133,-3.7065554259131565e-07
172.40599382990246,-29.776505028878823,16.49401321795375,-2.6793951809510057,2.5873392408720477,-3.7075788859501215e-07
172.40314647678966,-29.766806027220863,16.494601194865886,-2.6791141044084656,2.5870350386480783,-3.708601840741058e-07
172.40029973833697,-29.75710695358136,16.495189171778023,-2.6788330772799687,2.586730792215341,-3.709625637608708e-07
172.39745361422524,-29.747407807997224,16.49577714869016,-2.6785520995427343,2.5864265015979315,-3.7106480871536174e-07
172.39460810413559,-29.73770859050547,16.496365125602292,-2.678271171173996,2.5861221668199326,-3.711671547190582e-07
172.39176320774928,-29.728009301143,16.496953102514432,-2.6779902921509975,2.5858177879054067,-3.712694333566176e-07
172.3889189247478,-29.718309939946803,16.49754107942656,-2.677709462451001,2.585513364878402,-3.7137176251877984e-07
172.38607525481274,-29.708610506953704,16.49812905633871,-2.6774286820512727,2.5852088977629437,-3.714740411563393e-07
172.38323219762603,-29.698911002200642,16.498717033250838,-2.6771479509291023,2.5849043865830517,-3.7157633663543294e-07
172.38038975286966,-29.689211425724427,16.499305010162974,-2.676867269061785,2.5845998313627137,-3.7167873316373217e-07
172.3775479202258,-29.6795117775619,16.49989298707511,-2.6765866364266295,2.5842952321259127,-3.717809612766888e-07
172.37470669937693,-29.669812057749915,16.50048096398725,-2.6763060530009626,2.583990588896608,-3.7188329043885104e-07
172.3718660900056,-29.66011226632519,16.50106894089938,-2.67602551876212,2.583685901698745,-3.7198563644254754e-07
172.36902609179455,-29.65041240332457,16.501656917811516,-2.675745033687449,2.5833811705562515,-3.72087982446244e-07
172.36618670442678,-29.640712468784713,16.502244894723656,-2.6754645977543112,2.583076395493036,-3.7219021055920064e-07
172.36334792758544,-29.631012462742415,16.50283287163579,-2.675184210940085,2.5827715765329944,-3.7229248919676007e-07
172.36050976095385,-29.62131238523433,16.503420848547925,-2.6749038732221555,2.582466713700002,-3.72394801517388e-07
172.3576722042155,-29.611612236297162,16.504008825460062,-2.6746235845779243,2.5821618070179175,-3.7249706331341317e-07
172.35483525705416,-29.601912015967542,16.5045968023722,-2.6743433449848055,2.581856856510585,-3.725994261586439e-07
172.35199891915366,-29.59221172428214,16.505184779284335,-2.6740631544202254,2.5815518622018288,-3.727016711131348e-07
172.34916319019814,-29.58251136127752,16.50577275619647,-2.6737830128616227,2.5812468241154587,-3.7280405079989983e-07
172.3463280698718,-29.572810926990304,16.506360733108608,-2.673502920286451,2.580941742275268,-3.7290632943745926e-07
172.34349355785906,-29.563110421457036,16.506948710020744,-2.6732228766721735,2.58063661670503,-3.730085575504159e-07
172.34065965384463,-29.55340984471427,16.507536686932887,-2.6729428819962697,2.5803314474285024,-3.731108867125781e-07
172.3378263575133,-29.543709196798563,16.50812466384502,-2.6726629362362306,2.5800262344694294,-3.732131990332061e-07
172.33499366855003,-29.534008477746358,16.508712640757157,-2.672383039369558,2.579720977851533,-3.7331549451229974e-07
172.33216158664007,-29.524307687594177,16.509300617669293,-2.6721031913737705,2.5794156775985226,-3.7341777314985917e-07
172.32933011146875,-29.514606826378444,16.50988859458143,-2.6718233922263943,2.5791103337340893,-3.735200517874186e-07
172.3264992427216,-29.50490589413564,16.510476571493566,-2.6715436419049747,2.578804946281908,-3.7362233042497804e-07
172.32366898008442,-29.49520489090212,16.5110645484057,-2.671263940387064,2.5784995152656336,-3.737245922210032e-07
172.3208393232431,-29.485503816714314,16.511652525317842,-2.6709842876502297,2.578194040708909,-3.7382690454163114e-07
172.31801027188374,-29.475802671608573,16.51224050222998,-2.670704683672054,2.577888522635358,-3.739292168622591e-07
172.31518182569263,-29.466101455621267,16.512828479142115,-2.670425128430129,2.577582961068588,-3.740315123413528e-07
172.31235398435624,-29.45640016878868,16.51341645605425,-2.6701456219020594,2.57727735603219,-3.7413374045430945e-07
172.3095045972948,-29.44670479271697,16.514005622487847,-2.6698636111730063,2.5769672413554727,-3.7423189291597525e-07
172.30663248503024,-29.43701564567243,16.514596042079845,-2.669578960860056,2.5766523771787675,-3.7432554868799366e-07
172.3037609845162,-29.427326425509555,16.515186461671846,-2.6692943608260182,2.5763374683245175,-3.744192044600121e-07
172.30089009543443,-29.417637132265934,16.515776881263847,-2.6690098110478124,2.5760225148169225,-3.74512826548962e-07
172.29801981746684,-29.407947765978964,16.51636730085585,-2.668725311502369,2.575707516680156,-3.7460644863791197e-07
