galstreams/tracks/track.Phoenix.balbinot2016.ecsv
# %ECSV 0.9
# ---
# datatype:
# - {name: sc.ra, unit: deg, datatype: float64}
# - {name: sc.dec, unit: deg, datatype: float64}
# - {name: sc.distance, unit: kpc, datatype: float64}
# - {name: width, datatype: float64}
# meta: !!omap
# - __serialized_columns__:
#     sc:
#       __class__: astropy.coordinates.sky_coordinate.SkyCoord
#       dec: !astropy.table.SerializedColumn
#         __class__: astropy.coordinates.angles.Latitude
#         unit: &id001 !astropy.units.Unit {unit: deg}
#         value: !astropy.table.SerializedColumn {name: sc.dec}
#       distance: !astropy.table.SerializedColumn
#         __class__: astropy.coordinates.distances.Distance
#         unit: !astropy.units.Unit {unit: kpc}
#         value: !astropy.table.SerializedColumn {name: sc.distance}
#       frame: icrs
#       ra: !astropy.table.SerializedColumn
#         __class__: astropy.coordinates.angles.Longitude
#         unit: *id001
#         value: !astropy.table.SerializedColumn {name: sc.ra}
#         wrap_angle: !astropy.coordinates.Angle
#           unit: *id001
#           value: 360.0
#       representation_type: spherical
# schema: astropy-2.0
sc.ra sc.dec sc.distance width
[from data line 1004]
25.786149597325327 -47.59411891096077 17.5 0.18
25.790818746834105 -47.58462768168496 17.5 0.18
25.795486203452853 -47.575136263002356 17.5 0.18
25.80015196832438 -47.565644655044615 17.5 0.18
25.80481604259054 -47.55615285794325 17.5 0.18
25.809478427392246 -47.54666087182968 17.5 0.18
25.814139123869495 -47.53716869683522 17.5 0.18
25.818798133161316 -47.52767633309101 17.5 0.18
25.823455456405785 -47.51818378072815 17.5 0.18
25.828111094740077 -47.50869103987759 17.5 0.18
25.83276504930039 -47.49919811067018 17.5 0.18
25.83741732122202 -47.48970499323666 17.5 0.18
25.842067911639283 -47.48021168770764 17.5 0.18
25.846716821685604 -47.4707181942136 17.5 0.18
25.85136405249343 -47.461224512884975 17.5 0.18
25.85600960519433 -47.45173064385204 17.5 0.18
25.86065348091888 -47.44223658724495 17.5 0.18
25.86529568079673 -47.43274234319378 17.5 0.18
25.86993620595667 -47.423247911828476 17.5 0.18
25.874575057526453 -47.413753293278845 17.5 0.18
25.87921223663301 -47.40425848767466 17.5 0.18
25.88384774440225 -47.39476349514547 17.5 0.18
25.888481581959212 -47.38526831582084 17.5 0.18
25.893113750427993 -47.375772949830115 17.5 0.18
25.897744250931762 -47.36627739730258 17.5 0.18
25.902373084592753 -47.35678165836742 17.5 0.18
25.9070002525323 -47.347285733153676 17.5 0.18
25.911625755870794 -47.33778962179029 17.5 0.18
25.916249595727724 -47.32829332440612 17.5 0.18
25.920871773221627 -47.31879684112987 17.5 0.18
25.925492289470146 -47.30930017209014 17.5 0.18
25.930111145590008 -47.29980331741545 17.5 0.18
25.934728342697 -47.290306277234215 17.5 0.18
25.93934388190601 -47.28080905167469 17.5 0.18
25.94395776433099 -47.27131164086506 17.5 0.18
25.948569991085 -47.26181404493336 17.5 0.18
25.953180563280167 -47.252316264007575 17.5 0.18
25.957789482027724 -47.242818298215546 17.5 0.18
25.962396748437968 -47.233320147684985 17.5 0.18
25.967002363620296 -47.22382181254355 17.5 0.18
25.971606328683205 -47.21432329291874 17.5 0.18
25.97620864473426 -47.20482458893795 17.5 0.18
25.98080931288014 -47.19532570072849 17.5 0.18
25.985408334226573 -47.185826628417544 17.5 0.18
25.99000570987844 -47.1763273721322 17.5 0.18
25.994601440939686 -47.16682793199942 17.5 0.18
25.999195528513344 -47.15732830814607 17.5 0.18
26.00378797370155 -47.14782850069889 17.5 0.18
26.008378777605504 -47.13832850978456 17.5 0.18
26.0129679413256 -47.12882833552957 17.5 0.18
26.017555465961216 -47.119327978060404 17.5 0.18
26.022141352610905 -47.10982743750334 17.5 0.18
26.02672560237227 -47.10032671398459 17.5 0.18
26.031308216342058 -47.090825807630296 17.5 0.18
26.0358891956161 -47.08132471856643 17.5 0.18
26.040468541289314 -47.071823446918906 17.5 0.18
26.04504625445575 -47.062321992813445 17.5 0.18
26.04962233620853 -47.0528203563758 17.5 0.18
26.05419678763993 -47.04331853773149 17.5 0.18
26.058769609841274 -47.033816537006 17.5 0.18
26.063340803903046 -47.02431435432467 17.5 0.18
26.0679103709148 -47.01481198981277 17.5 0.18
26.072478311965217 -47.00530944359541 17.5 0.18
26.07704462814208 -46.99580671579763 17.5 0.18
26.081609320532312 -46.986303806544385 17.5 0.18
26.08617239022188 -46.97680071596045 17.5 0.18
26.090733838295947 -46.967297444170605 17.5 0.18
26.095293665838728 -46.95779399129939 17.5 0.18
26.099851873933588 -46.94829035747135 17.5 0.18
26.104408463662967 -46.93878654281086 17.5 0.18
26.108963436108485 -46.92928254744223 17.5 0.18
26.11351679235082 -46.919778371489635 17.5 0.18
26.118068533469785 -46.910274015077164 17.5 0.18
26.122618660544344 -46.90076947832879 17.5 0.18
26.12716717465252 -46.89126476136834 17.5 0.18
26.13171407687151 -46.881759864319626 17.5 0.18
26.136259368277596 -46.87225478730629 17.5 0.18
26.140803049946232 -46.86274953045191 17.5 0.18
26.145345122951934 -46.85324409387989 17.5 0.18
26.149885588368377 -46.84373847771359 17.5 0.18
26.15442444726836 -46.834232682076255 17.5 0.18
26.158961700723797 -46.82472670709101 17.5 0.18
26.163497349805738 -46.8152205528809 17.5 0.18
26.16803139558436 -46.805714219568856 17.5 0.18
26.17256383912896 -46.79620770727767 17.5 0.18
26.177094681507974 -46.78670101613005 17.5 0.18
26.18162392378897 -46.777194146248654 17.5 0.18
26.186151567038625 -46.76768709775595 17.5 0.18
26.190677612322787 -46.75817987077437 17.5 0.18
26.195202060706404 -46.74867246542621 17.5 0.18
26.199724913253558 -46.73916488183365 17.5 0.18
26.204246171027485 -46.7296571201188 17.5 0.18
26.208765835090567 -46.720149180403645 17.5 0.18
26.213283906504277 -46.710641062810076 17.5 0.18
26.217800386329248 -46.701132767459875 17.5 0.18
26.222315275625277 -46.691624294474714 17.5 0.18
26.226828575451282 -46.682115643976175 17.5 0.18
26.231340286865297 -46.67260681608574 17.5 0.18
26.23585041092451 -46.66309781092476 17.5 0.18
26.24035894868528 -46.65358862861454 17.5 0.18
26.24486590120307 -46.64407926927624 17.5 0.18
26.249371269532503 -46.6345697330309 17.5 0.18
26.253875054727345 -46.62506001999949 17.5 0.18
26.25837725784051 -46.61555013030286 17.5 0.18
26.26287787992406 -46.6060400640618 17.5 0.18
26.26737692202919 -46.596529821396956 17.5 0.18
26.271874385206253 -46.587019402428865 17.5 0.18
26.27637027050474 -46.57750880727798 17.5 0.18
26.280864578973315 -46.567998036064665 17.5 0.18
26.28535731165977 -46.55848708890918 17.5 0.18
26.289848469611048 -46.54897596593164 17.5 0.18
26.294338053873247 -46.53946466725211 17.5 0.18
26.298826065491642 -46.52995319299053 17.5 0.18
26.303312505510622 -46.52044154326674 17.5 0.18
26.307797374973745 -46.51092971820049 17.5 0.18
26.31228067492375 -46.50141771791143 17.5 0.18
26.316762406402493 -46.4919055425191 17.5 0.18
26.321242570450995 -46.4823931921429 17.5 0.18
26.32572116810947 -46.47288066690221 17.5 0.18
26.330198200417243 -46.46336796691627 17.5 0.18
26.334673668412847 -46.45385509230421 17.5 0.18
26.339147573133914 -46.44434204318506 17.5 0.18
26.343619915617275 -46.43482881967776 17.5 0.18
26.348090696898925 -46.425315421901146 17.5 0.18
26.352559918014027 -46.415801849973974 17.5 0.18
26.35702757999688 -46.40628810401488 17.5 0.18
26.361493683880973 -46.396774184142366 17.5 0.18
26.365958230698947 -46.38726009047492 17.5 0.18
26.370421221482616 -46.37774582313082 17.5 0.18
26.374882657262944 -46.36823138222839 17.5 0.18
26.379342539070095 -46.3587167678857 17.5 0.18
26.383800867933367 -46.34920198022081 17.5 0.18
26.38825764488125 -46.33968701935168 17.5 0.18
26.392712870941388 -46.33017188539613 17.5 0.18
26.39716654714064 -46.320656578471926 17.5 0.18
26.40161867450496 -46.31114109869669 17.5 0.18
26.406069254059524 -46.30162544618796 17.5 0.18
26.410518286828694 -46.29210962106323 17.5 0.18
26.41496577383598 -46.28259362343981 17.5 0.18
26.41941171610407 -46.273077453434965 17.5 0.18
26.42385611465482 -46.26356111116585 17.5 0.18
26.428298970509285 -46.25404459674949 17.5 0.18
26.4327402846877 -46.244527910302885 17.5 0.18
26.43718005820945 -46.235011051942855 17.5 0.18
26.441618292093107 -46.225494021786204 17.5 0.18
26.446054987356455 -46.215976819949546 17.5 0.18
26.450490145016403 -46.20645944654946 17.5 0.18
26.45492376608911 -46.19694190170243 17.5 0.18
26.45935585158985 -46.18742418552481 17.5 0.18
26.46378640253312 -46.17790629813288 17.5 0.18
26.468215419932612 -46.16838823964282 17.5 0.18
26.472642904801152 -46.15887001017069 17.5 0.18
26.4770688581508 -46.14935160983248 17.5 0.18
26.48149328099279 -46.139833038744065 17.5 0.18
26.48591617433751 -46.13031429702125 17.5 0.18
26.490337539194606 -46.12079538477972 17.5 0.18
26.494757376572846 -46.11127630213505 17.5 0.18
26.499175687480214 -46.101757049202746 17.5 0.18
26.503592472923888 -46.09223762609821 17.5 0.18
26.508007733910233 -46.08271803293676 17.5 0.18
26.512421471444814 -46.073198269833576 17.5 0.18
26.516833686532372 -46.0636783369038 17.5 0.18
26.521244380176856 -46.05415823426241 17.5 0.18
26.5256535533814 -46.04463796202434 17.5 0.18
26.53006120714835 -46.035117520304425 17.5 0.18
26.534467342479214 -46.02559690921739 17.5 0.18
26.538871960374735 -46.016076128877856 17.5 0.18
26.54327506183485 -46.00655517940035 17.5 0.18
26.547676647858662 -45.99703406089935 17.5 0.18
26.552076719444496 -45.98751277348916 17.5 0.18
26.556475277589872 -45.97799131728406 17.5 0.18
26.560872323291534 -45.96846969239818 17.5 0.18
26.565267857545386 -45.958947898945596 17.5 0.18
26.56966188134658 -45.94942593704026 17.5 0.18
26.57405439568942 -45.939903806796046 17.5 0.18
26.578445401567464 -45.93038150832675 17.5 0.18
26.58283489997342 -45.92085904174602 17.5 0.18
26.587222891899284 -45.91133640716747 17.5 0.18
26.591609378336166 -45.90181360470456 17.5 0.18
26.59599436027445 -45.89229063447071 17.5 0.18
26.600377838703682 -45.882767496579206 17.5 0.18
26.604759814612656 -45.87324419114328 17.5 0.18
26.609140288989355 -45.863720718276035 17.5 0.18
26.61351926282097 -45.85419707809048 17.5 0.18
26.617896737093908 -45.84467327069953 17.5 0.18
26.622272712793805 -45.83514929621605 17.5 0.18
26.62664719090547 -45.82562515475277 17.5 0.18
26.63102017241296 -45.81610084642232 17.5 0.18
26.63539165829954 -45.806576371337265 17.5 0.18
26.639761649547665 -45.79705172961006 17.5 0.18
26.644130147139055 -45.78752692135306 17.5 0.18
26.648497152054585 -45.77800194667855 17.5 0.18
26.652862665274405 -45.76847680569869 17.5 0.18
26.65722668777785 -45.75895149852559 17.5 0.18
26.661589220543473 -45.74942602527123 17.5 0.18
26.665950264549057 -45.739900386047495 17.5 0.18
26.670309820771624 -45.73037458096621 17.5 0.18
26.674667890187372 -45.720848610139086 17.5 0.18
26.67902447377175 -45.71132247367775 17.5 0.18
26.683379572499433 -45.70179617169371 17.5 0.18
26.68773318734431 -45.69226970429842 17.5 0.18
26.692085319279496 -45.68274307160323 17.5 0.18
26.696435969277328 -45.67321627371936 17.5 0.18
26.70078513830938 -45.663689310758 17.5 0.18
26.705132827346432 -45.65416218283023 17.5 0.18
26.709479037358516 -45.644634890046994 17.5 0.18
26.713823769314867 -45.63510743251916 17.5 0.18
26.718167024183977 -45.625579810357586 17.5 0.18
26.722508802933525 -45.61605202367292 17.5 0.18
26.72684910653049 -45.6065240725758 17.5 0.18
26.731187935941012 -45.59699595717671 17.5 0.18
26.735525292130486 -45.58746767758611 17.5 0.18
26.73986117606356 -45.57793923391433 17.5 0.18
26.744195588704088 -45.568410626271586 17.5 0.18
26.748528531015182 -45.55888185476807 17.5 0.18
26.752860003959153 -45.54935291951382 17.5 0.18
26.7571900084976 -45.53982382061882 17.5 0.18
26.761518545591322 -45.53029455819294 17.5 0.18
26.765845616200355 -45.52076513234597 17.5 0.18
26.77017122128397 -45.511235543187624 17.5 0.18
26.774495361800714 -45.50170579082751 17.5 0.18
26.77881803870833 -45.49217587537513 17.5 0.18
26.783139252963814 -45.48264579693991 17.5 0.18
26.78745900552343 -45.47311555563122 17.5 0.18
26.791777297342623 -45.46358515155826 17.5 0.18
26.79609412937615 -45.45405458483024 17.5 0.18
26.80040950257797 -45.44452385555619 17.5 0.18
26.804723417901293 -45.43499296384512 17.5 0.18
26.809035876298555 -45.42546190980588 17.5 0.18
26.81334687872149 -45.415930693547296 17.5 0.18
26.817656426121037 -45.40639931517807 17.5 0.18
26.821964519447363 -45.3968677748068 17.5 0.18
26.82627115964995 -45.38733607254206 17.5 0.18
26.830576347677464 -45.37780420849227 17.5 0.18
26.834880084477845 -45.36827218276577 17.5 0.18
26.8391823709983 -45.35873999547084 17.5 0.18
26.843483208185244 -45.349207646715655 17.5 0.18
26.84778259698439 -45.339675136608285 17.5 0.18
26.85208053834066 -45.330142465256735 17.5 0.18
26.856377033198278 -45.32060963276893 17.5 0.18
26.860672082500653 -45.31107663925264 17.5 0.18
26.864965687190512 -45.30154348481564 17.5 0.18
26.869257848209823 -45.29201016956556 17.5 0.18
26.873548566499775 -45.28247669360995 17.5 0.18
26.87783784300086 -45.272943057056274 17.5 0.18
26.882125678652784 -45.26340926001192 17.5 0.18
26.886412074394556 -45.25387530258415 17.5 0.18
26.89069703116439 -45.244341184880206 17.5 0.18
26.894980549899817 -45.23480690700716 17.5 0.18
26.899262631537578 -45.22527246907206 17.5 0.18
26.90354327701372 -45.215737871181844 17.5 0.18
26.9078224872635 -45.20620311344335 17.5 0.18
26.91210026322149 -45.19666819596335 17.5 0.18
26.91637660582147 -45.187133118848514 17.5 0.18
26.920651515996546 -45.17759788220543 17.5 0.18
26.92492499467904 -45.16806248614061 17.5 0.18
26.92919704280055 -45.158526930760445 17.5 0.18
26.933467661291953 -45.14899121617128 17.5 0.18
26.937736851083383 -45.13945534247935 17.5 0.18
26.942004613104242 -45.1299193097908 17.5 0.18
26.9462709482832 -45.120383118211684 17.5 0.18
26.950535857548196 -45.11084676784802 17.5 0.18
26.95479934182642 -45.10131025880565 17.5 0.18
26.959061402044387 -45.09177359119041 17.5 0.18
26.963322039127817 -45.08223676510803 17.5 0.18
26.967581254001736 -45.072699780664095 17.5 0.18
26.971839047590443 -45.06316263796421 17.5 0.18
26.976095420817508 -45.05362533711378 17.5 0.18
26.980350374605752 -45.04408787821822 17.5 0.18
26.98460390987731 -45.034550261382805 17.5 0.18
26.988856027553556 -45.025012486712725 17.5 0.18
26.993106728555155 -45.01547455431311 17.5 0.18
26.997356013802055 -45.00593646428898 17.5 0.18
