galstreams/tracks/track.st.M92.ibata2021.ecsv
# %ECSV 0.9
# ---
# datatype:
# - {name: ra, unit: deg, datatype: float64}
# - {name: dec, unit: deg, datatype: float64}
# - {name: distance, unit: kpc, datatype: float64}
# - {name: pm_ra_cosdec, unit: mas / yr, datatype: float64}
# - {name: pm_dec, unit: mas / yr, datatype: float64}
# - {name: radial_velocity, unit: km / s, datatype: float64}
# delimiter: ','
# meta: !!omap
# - __serialized_columns__:
#     dec:
#       __class__: astropy.coordinates.angles.Latitude
#       unit: &id001 !astropy.units.Unit {unit: deg}
#       value: !astropy.table.SerializedColumn {name: dec}
#     distance:
#       __class__: astropy.coordinates.distances.Distance
#       unit: !astropy.units.Unit {unit: kpc}
#       value: !astropy.table.SerializedColumn {name: distance}
#     pm_dec:
#       __class__: astropy.units.quantity.Quantity
#       unit: !astropy.units.Unit {unit: mas / yr}
#       value: !astropy.table.SerializedColumn {name: pm_dec}
#     pm_ra_cosdec:
#       __class__: astropy.units.quantity.Quantity
#       unit: !astropy.units.Unit {unit: mas / yr}
#       value: !astropy.table.SerializedColumn {name: pm_ra_cosdec}
#     ra:
#       __class__: astropy.coordinates.angles.Longitude
#       unit: *id001
#       value: !astropy.table.SerializedColumn {name: ra}
#       wrap_angle: !astropy.coordinates.Angle
#         unit: *id001
#         value: 360.0
#     radial_velocity:
#       __class__: astropy.units.quantity.Quantity
#       unit: !astropy.units.Unit {unit: km / s}
#       value: !astropy.table.SerializedColumn {name: radial_velocity}
# schema: astropy-2.0
ra,dec,distance,pm_ra_cosdec,pm_dec,radial_velocity
[from data line 555]
256.12866030957343,44.09738874947648,9.092704914922528,-5.209941167092368,-1.099843984731136,7.157652060391487e-14
256.1425247355045,44.095175674324686,9.093429638204567,-5.209168521939017,-1.0976201614834584,6.73661370389787e-14
256.1563801179348,44.09295171839816,9.09415565118592,-5.208394616736753,-1.0954001704398475,3.368306851948935e-14
256.17022646528784,44.090716901833815,9.094882944494753,-5.207619458948527,-1.093184004723402,4.210383564936169e-14
256.18406378601435,44.08847124476056,9.095611508759232,-5.2068430560298555,-1.0909716574507946,1.515738083377021e-13
256.19789208859277,44.08621476729918,9.09634133460753,-5.206065415428815,-1.0887631217322553,2.947268495455318e-14
256.2117113815286,44.0839474895623,9.097072412667805,-5.205286544586064,-1.086558390671625,1.221011233831489e-13
256.2255216733547,44.081669431654575,9.097804733568228,-5.20450645093483,-1.0843574573663548,4.210383564936169e-14
256.23932297263127,44.079380613672434,9.098538287936966,-5.203725141900927,-1.0821603149075267,-4.210383564936169e-15
256.25311528794543,44.07708105570436,9.099273066402182,-5.202942624902755,-1.0799669563798941,1.0525958912340423e-13
256.26689862791176,44.074770777830636,9.100009059592045,-5.202158907351309,-1.077777374861852,5.894536990910637e-14
256.2806730011716,44.072449800123486,9.10074625813472,-5.201373996650178,-1.0755915634255069,6.73661370389787e-14
256.29443841639323,44.07011814264713,9.10148465265838,-5.200587900195554,-1.0734095151366816,1.4736342477276593e-13
256.3081948822722,44.06777582545757,9.102224233791183,-5.199800625376244,-1.071231223054902,1.3894265764289357e-13
256.3219424075304,44.06542286860291,9.1029649921613,-5.199012179573659,-1.069056680233471,1.0104920555846805e-13
256.335681000917,44.06305929212303,9.103706918396899,-5.198222570161834,-1.0668858797194425,1.1368035625327657e-13
256.34941067120775,44.06068511604976,9.104450003126141,-5.1974318045074295,-1.0647188145536515,2.947268495455318e-14
256.3631314272049,44.05830036040696,9.1051942369772,-5.196639889969724,-1.0625554777707573,2.5262301389617013e-14
256.3768432777376,44.055905045210295,9.105939610578233,-5.195846833900652,-1.0603958623992198,3.789345208442552e-14
256.39054623166123,44.05349919046748,9.106686114557416,-5.195052643644764,-1.0582399614613598,9.262843842859572e-14
256.4042402978581,44.05108281617807,9.107433739542909,-5.194257326539271,-1.0560877679733398,5.0524602779234026e-14
256.4179254852365,44.04865594233364,9.108182476162883,-5.1934608899140295,-1.0539392749452245,1.0104920555846805e-13
256.4316018027314,44.046218588917675,9.108932315045504,-5.1926633410915555,-1.0517944753809547,5.4734986344170195e-14
256.44526925930404,44.043770775905564,9.109683246818937,-5.19186468738702,-1.0496533622783981,-8.420767129872338e-15
256.4589278639417,44.04131252326474,9.110435262111348,-5.19106493610827,-1.0475159286293652,8.420767129872338e-15
256.4725776256583,44.03884385095448,9.111188351550908,-5.190264094555817,-1.0453821674196053,1.1368035625327657e-13
256.48621855349336,44.036364778926135,9.111942505765775,-5.189462170022861,-1.04325207162885,1.3052189051302125e-13
256.49985065651293,44.03387532712287,9.112697715384124,-5.188659169795277,-1.0411256342308126,2.947268495455318e-14
256.5134739438087,44.031375515479965,9.113453971034117,-5.187855101151629,-1.039002848193236,4.210383564936169e-14
256.52708842449863,44.028865363924545,9.114211263343924,-5.187049971363182,-1.0368837064778698,9.262843842859572e-14
256.5406941077265,44.02634489237569,9.11496958294171,-5.1862437876939005,-1.0347682020405111,2.5262301389617013e-14
256.5542910026616,44.023814120744575,9.115728920455638,-5.185436557400451,-1.0326563278310406,8.420767129872338e-14
256.56787911849955,44.0212730689342,9.116489266513877,-5.184628287732223,-1.0305480767934017,1.1789073981821273e-13
256.58145846446115,44.01872175683967,9.117250611744597,-5.183818985931313,-1.028443441865655,1.642049590325106e-13
256.5950290497933,44.016160204347955,9.118012946775963,-5.1830086592325415,-1.0263424159799657,3.789345208442552e-14
256.6085908837683,44.013588431338015,9.11877626223614,-5.182197314863468,-1.0242449920626477,4.210383564936169e-14
256.6221439756837,44.0110064576809,9.119540548753294,-5.181384960044379,-1.0221511630341775,1.1368035625327657e-13
256.63568833486306,44.008414303239505,9.120305796955591,-5.180571601988308,-1.0200609218091843,1.0104920555846805e-13
256.649223970655,44.00581198786883,9.121071997471203,-5.179757247901029,-1.0179742612965121,5.894536990910637e-14
256.66275089243356,44.003199531415795,9.12183914092829,-5.178941904981076,-1.0158911743992074,-4.210383564936169e-15
256.6762691095982,44.000576953719275,9.122607217955021,-5.17812558041974,-1.0138116540145425,7.999728773378721e-14
256.6897786315734,43.99794427461029,9.123376219179564,-5.177308281401077,-1.011735693034046,1.0104920555846805e-13
256.703279467809,43.99530151391167,9.124146135230086,-5.176490015101906,-1.0096632843434965,5.894536990910637e-14
256.7167716277799,43.99264869143844,9.12491695673475,-5.175670788691839,-1.007594420822978,8.420767129872338e-15
256.73025512098604,43.98998582699744,9.125688674321726,-5.174850609333257,-1.0055290953468543,-4.210383564936169e-15
256.74372995695217,43.98731294038771,9.12646127861918,-5.174029484181334,-1.0034673007838328,1.0946997268834039e-13
256.7571961452284,43.984630051400146,9.127234760255279,-5.173207420384043,-1.0014090299969294,7.999728773378721e-14
256.77065369538946,43.981937179817685,9.128009109858187,-5.172384425082157,-0.9993542758435326,3.789345208442552e-14
256.78410261703476,43.97923434541539,9.12878431805607,-5.171560505409253,-0.9973030311754103,3.368306851948935e-14
256.7975429197888,43.976521567960205,9.1295603754771,-5.170735668491721,-0.995255288838705,4.631421921429786e-14
256.8109746133004,43.97379886721123,9.130337272749436,-5.1699099214487765,-0.9932110416739839,5.894536990910637e-14
256.82439770724335,43.97106626291945,9.131115000501254,-5.16908327139245,-0.9911702825162261,1.221011233831489e-13
256.83781221131585,43.96832377482803,9.131893549360711,-5.16825572542762,-0.9891330041948714,1.1368035625327657e-13
256.8512181352407,43.965571422672056,9.13267290995598,-5.167427290651989,-0.987099199533806,2.1051917824680846e-14
256.864615488765,43.96280922617867,9.133453072915225,-5.16659797415611,-0.9850688613514067,1.515738083377021e-13
256.8780042816605,43.960037205067124,9.134234028866615,-5.165767783023385,-0.9830419824605479,1.347322740779574e-13
256.8913845237231,43.95725537904862,9.135015768438315,-5.164936724330072,-0.9810185556686075,0.0
256.9047562247729,43.954463767826496,9.135798282258488,-5.1641048051453,-0.9789985737775234,1.515738083377021e-13
256.9181193946545,43.95166239109609,9.136581560955307,-5.163272032531054,-0.976982029583751,5.894536990910637e-14
256.9314740432366,43.94885126854476,9.13736559515693,-5.16243841354221,-0.9749689158783332,-4.210383564936169e-15
256.9448201804118,43.946030419852015,9.138150375491536,-5.161603955226512,-0.9729592254469013,1.2631150694808506e-14
256.95815781609684,43.94319986468932,9.138935892587284,-5.160768664624602,-0.9709529510696768,5.894536990910637e-14
256.97148696023254,43.94035962272032,9.139722137072338,-5.1599325487700165,-0.9689500855215148,1.1789073981821273e-13
256.98480762278353,43.93750971360064,9.14050909957487,-5.159095614689189,-0.9669506215718986,1.0525958912340423e-13
256.9981198137385,43.93465015697796,9.141296770723041,-5.158257869401467,-0.964954551984969,6.315575347404254e-14
257.01142354310963,43.93178097249215,9.142085141145026,-5.157419319919105,-0.9629618695195487,1.0525958912340423e-13
257.0247188209332,43.928902179775015,9.142874201468983,-5.156579973247289,-0.9609725669291359,7.157652060391487e-14
257.0380056572688,43.92601379845057,9.143663942323087,-5.155739836384115,-0.9589866369619536,1.1368035625327657e-13
257.05128406220007,43.923115848134806,9.144454354335494,-5.1548989163206365,-0.9570040723609341,1.6841534259744677e-13
257.0645540458339,43.920208348435914,9.145245428134379,-5.1540572200408254,-0.9550248658637595,7.578690416885104e-14
257.0778156183008,43.91729131895408,9.146037154347907,-5.153214754521615,-0.9530490102028721,1.0525958912340423e-13
257.0910687897549,43.914364779281605,9.146829523604241,-5.152371526732888,-0.9510764981054798,2.1051917824680846e-14
257.1043135703734,43.91142874900296,9.147622526531554,-5.151527543637482,-0.9491073222936077,7.578690416885104e-14
257.1175499703571,43.90848324769462,9.148416153758003,-5.150682812191215,-0.9471414754840619,4.631421921429786e-14
257.1307779999299,43.90552829492526,9.149210395911764,-5.1498373393428585,-0.9451789503885055,1.3894265764289357e-13
257.14399766933917,43.90256391025557,9.150005243620999,-5.148991132034183,-0.9432197397134157,1.0946997268834039e-13
257.15720898885513,43.89959011323847,9.150800687513877,-5.148144197199937,-0.941263836160162,1.4315304120782974e-13
257.1704119687714,43.896606923418894,9.151596718218562,-5.1472965417678616,-0.9393112324249704,1.1789073981821273e-13
257.18360661940454,43.893614360333935,9.152393326363223,-5.146448172658702,-0.9373619211989654,-1.2631150694808506e-14
257.1967929510939,43.89061244351284,9.153190502576022,-5.145599096786207,-0.9354158951682077,4.210383564936169e-14
257.20997097420207,43.88760119247693,9.15398823748513,-5.14474932105714,-0.9334731470136524,1.0525958912340423e-13
257.2231406991143,43.884580626739734,9.154786521718714,-5.143898852371287,-0.9315336694112256,1.5578419190263825e-13
257.2363021362388,43.88155076580686,9.155585345904939,-5.1430476976214585,-0.9295974550318034,3.368306851948935e-14
257.24945529600643,43.878511629176025,9.156384700671968,-5.142195863693502,-0.9276644965412502,1.2631150694808508e-13
257.2626001888708,43.87546323633721,9.157184576647975,-5.1413433574662974,-0.9257347866004227,3.368306851948935e-14
257.2757368253081,43.87240560677241,9.15798496446112,-5.140490185811783,-0.9238083178651936,9.683882199353189e-14
257.28886521581717,43.8693387599559,9.158785854739573,-5.139636355594946,-0.921885082986464,8.420767129872338e-14
257.30198537091934,43.866262715354004,9.159587238111499,-5.138781873673832,-0.9199650746101801,7.578690416885104e-14
257.3150973011585,43.86317749242523,9.160389105205068,-5.137926746899562,-0.9180482853773465,4.210383564936169e-14
257.3282010171008,43.86008311062034,9.161191446648443,-5.137070982116326,-0.9161347079240663,-1.6841534259744676e-14
257.3412965293348,43.856979589382114,9.161994253069793,-5.136214586161397,-0.9142243348815181,1.3052189051302125e-13
257.35438384847134,43.85386694814566,9.16279751509728,-5.135357565865139,-0.9123171588760042,7.999728773378721e-14
257.3674629851436,43.850745206338125,9.163601223359075,-5.134499928051009,-0.9104131725289502,9.683882199353189e-14
257.3805339500068,43.84761438337895,9.164405368483346,-5.1336416795355655,-0.9085123684569351,1.0946997268834039e-13
257.3935967537384,43.84447449867969,9.16520994109825,-5.132782827128486,-0.9066147392716921,3.789345208442552e-14
257.40665140703777,43.84132557164406,9.166014931831969,-5.131923377632548,-0.9047202775801352,1.515738083377021e-13
257.41969792062645,43.8381676216681,9.166820331312657,-5.131063337843663,-0.9028289759843748,2.947268495455318e-14
257.43273630524783,43.83500066813989,9.167626130168488,-5.130202714550877,-0.9009408270817318,9.262843842859572e-14
257.44576657166715,43.83182473043984,9.168432319027621,-5.129341514536361,-0.8990558234647545,8.841805486365955e-14
257.45878873067176,43.82863982794045,9.169238888518228,-5.128479744575441,-0.897173957721229,1.221011233831489e-13
257.47180279307037,43.825445980006535,9.170045829268474,-5.127617411436589,-0.8952952224342128,5.4734986344170195e-14
257.48480876969364,43.82224320599506,9.17085313190653,-5.126754521881434,-0.8934196101820289,9.262843842859572e-14
257.49780667139413,43.81903152525519,9.171660787060555,-5.12589108266478,-0.8915471135382886,1.6841534259744676e-14
257.5107965090454,43.81581095712838,9.172468785358719,-5.125027100534589,-0.8896777250719321,1.3052189051302125e-13
257.5237782935432,43.812581520948235,9.17327711742919,-5.124162582232017,-0.8878114373471893,7.578690416885104e-14
257.53675203580434,43.80934323604068,9.174085773900135,-5.123297534491397,-0.8859482429236665,0.0
257.54971774676716,43.806096121723776,9.174894745399714,-5.122431964040261,-0.8840881343563074,1.5578419190263825e-13
257.5626754373917,43.80284019730786,9.175704022556102,-5.121565877599338,-0.8822311041954127,0.0
257.5756251186587,43.79957548209556,9.176513595997465,-5.120699281882565,-0.8803771449867093,1.1789073981821273e-13
257.58856680157083,43.79630199538165,9.177323456351962,-5.119832183597101,-0.8785262492712882,1.5999457546757442e-13
257.60150049715145,43.79301975645329,9.178133594247766,-5.118964589443319,-0.8766784095856843,9.683882199353189e-14
257.6144262164454,43.78972878458977,9.178944000313042,-5.118096506114828,-0.8748336184618613,1.2631150694808508e-13
257.62734397051855,43.78642909906265,9.179754665175956,-5.117227940298467,-0.8729918684272244,1.4736342477276593e-13
257.6402537704576,43.783120719135866,9.180565579464675,-5.116358898674324,-0.8711531520046603,1.1368035625327657e-13
257.65315562737067,43.77980366406549,9.181376733807365,-5.115489387915734,-0.8693174617125239,3.789345208442552e-14
257.6660495523862,43.77647795309996,9.182188118832196,-5.114619414689295,-0.8674847900646875,1.1368035625327657e-13
257.6789355566541,43.773143605479916,9.18299972516733,-5.113748985654866,-0.8656551295705082,1.5788938368510635e-13
257.6918136513447,43.76980064043836,9.183811543440935,-5.112878107465583,-0.8638284727348988,1.0736478090587231e-13
257.70468384764933,43.766449077200505,9.184623564281178,-5.112006786767855,-0.8620048120583027,1.5367900012017016e-13
257.71754615678,43.76308893498386,9.18543577831623,-5.111135030201386,-0.8601841400367158,2.947268495455318e-14
257.730400589969,43.759720232998305,9.186248176174244,-5.110262844399168,-0.8583664491617378,7.157652060391487e-14
257.7432471584699,43.756342990445916,9.187060748483404,-5.109390235987495,-0.856551731920524,-3.368306851948935e-14
257.756085873556,43.752957226521175,9.187873485871867,-5.108517211585974,-0.854739980795867,9.894401377599997e-14
257.7689167465219,43.74956296041075,9.188686378967798,-5.107643777807527,-0.8529311882661516,-2.1051917824680845e-15
257.7817397886819,43.74616021129374,9.189499418399366,-5.106769941258395,-0.851125346805428,1.6841534259744676e-14
257.7945550113711,43.7427489983415,9.190312594794742,-5.105895708538153,-0.8493224488833784,9.262843842859572e-14
257.807362425945,43.73932934071765,9.191125898782087,-5.105021086239715,-0.8475224869653535,6.315575347404253e-15
257.82016204377885,43.7359012575783,9.191939320989567,-5.104146080949336,-0.8457254535124012,6.526094525651062e-14
257.83295387626873,43.73246476807168,9.192752852045354,-5.103270699246628,-0.8439313409812498,1.3262708229548932e-13
257.84573793483037,43.72901989133855,9.193566482577609,-5.102394947704561,-0.8421401418243494,6.73661370389787e-14
257.85851423089986,43.725566646511886,9.194380203214502,-5.101518832889472,-0.8403518484898791,1.1368035625327657e-13
257.8712827759333,43.72210505271699,9.1951940045842,-5.10064236136107,-0.8385664534217492,6.526094525651062e-14
257.8840435814067,43.71863512907166,9.196007877314866,-5.09976553967245,-0.8367839490596465,9.262843842859572e-14
257.8967966588161,43.71515689468586,9.19682181203467,-5.098888374370096,-0.8350043278390109,8.420767129872338e-14
257.90954201967713,43.71167036866206,9.197635799371778,-5.0980108719938855,-0.8332275821910894,1.368374658604255e-13
257.9222796755258,43.708175570095,9.198449829954354,-5.097133039077099,-0.8314537045429117,7.368171238638296e-14
257.9350096379173,43.70467251807178,9.199263894410569,-5.096254882146433,-0.8296826873173372,9.47336302110638e-14
257.9477319184269,43.701161231671975,9.200077983368585,-5.095376407721998,-0.8279145229330573,3.9998643866893604e-14
