galstreams/tracks/track.po.PS1-A.bernard2016.ecsv
# %ECSV 0.9
# ---
# datatype:
# - {name: ra, unit: deg, datatype: float64}
# - {name: dec, unit: deg, datatype: float64}
# - {name: distance, unit: kpc, datatype: float64}
# - {name: pm_ra_cosdec, unit: mas / yr, datatype: float64}
# - {name: pm_dec, unit: mas / yr, datatype: float64}
# - {name: radial_velocity, unit: km / s, datatype: float64}
# delimiter: ','
# meta: !!omap
# - __serialized_columns__:
#     dec:
#       __class__: astropy.coordinates.angles.Latitude
#       unit: &id001 !astropy.units.Unit {unit: deg}
#       value: !astropy.table.SerializedColumn {name: dec}
#     distance:
#       __class__: astropy.coordinates.distances.Distance
#       unit: !astropy.units.Unit {unit: kpc}
#       value: !astropy.table.SerializedColumn {name: distance}
#     pm_dec:
#       __class__: astropy.units.quantity.Quantity
#       unit: !astropy.units.Unit {unit: mas / yr}
#       value: !astropy.table.SerializedColumn {name: pm_dec}
#     pm_ra_cosdec:
#       __class__: astropy.units.quantity.Quantity
#       unit: !astropy.units.Unit {unit: mas / yr}
#       value: !astropy.table.SerializedColumn {name: pm_ra_cosdec}
#     ra:
#       __class__: astropy.coordinates.angles.Longitude
#       unit: *id001
#       value: !astropy.table.SerializedColumn {name: ra}
#       wrap_angle: !astropy.coordinates.Angle
#         unit: *id001
#         value: 360.0
#     radial_velocity:
#       __class__: astropy.units.quantity.Quantity
#       unit: !astropy.units.Unit {unit: km / s}
#       value: !astropy.table.SerializedColumn {name: radial_velocity}
# schema: astropy-2.0
ra,dec,distance,pm_ra_cosdec,pm_dec,radial_velocity
28.38512389565404,-6.497929446580401,7.900000000000095,0.0,0.0,0.0
28.38871705832059,-6.48856655664904,7.900000000000092,0.0,0.0,0.0
28.392310087427585,-6.47920364141762,7.900000000000089,0.0,0.0,0.0
28.39590298317399,-6.4698407009239,7.900000000000085,0.0,0.0,0.0
28.39949574575876,-6.46047773520563,7.900000000000081,0.0,0.0,0.0
28.4030883753808,-6.45111474430056,7.900000000000079,0.0,0.0,0.0
28.406680872239015,-6.441751728246434,7.900000000000077,0.0,0.0,0.0
28.410273236532266,-6.432388687080993,7.900000000000073,0.0,0.0,0.0
28.41386546845939,-6.423025620841963,7.9000000000000705,0.0,0.0,0.0
28.4174575682192,-6.413662529567076,7.900000000000068,0.0,0.0,0.0
28.421049536010475,-6.404299413294051,7.900000000000066,0.0,0.0,0.0
28.424641372031985,-6.394936272060607,7.900000000000063,0.0,0.0,0.0
28.428233076482446,-6.385573105904451,7.900000000000062,0.0,0.0,0.0
28.431824649560582,-6.376209914863294,7.90000000000006,0.0,0.0,0.0
28.435416091465054,-6.36684669897483,7.90000000000006,0.0,0.0,0.0
28.439007402394527,-6.357483458276761,7.900000000000056,0.0,0.0,0.0
28.442598582547618,-6.348120192806773,7.900000000000055,0.0,0.0,0.0
28.446189632122937,-6.338756902602549,7.900000000000053,0.0,0.0,0.0
28.449780551319048,-6.329393587701772,7.900000000000052,0.0,0.0,0.0
28.4533713403345,-6.320030248142114,7.900000000000049,0.0,0.0,0.0
28.456961999367813,-6.310666883961242,7.90000000000005,0.0,0.0,0.0
28.460552528617487,-6.301303495196824,7.900000000000048,0.0,0.0,0.0
28.46414292828197,-6.291940081886568,7.900000000000047,0.0,0.0,0.0
28.46773319855973,-6.282576644068022,7.9000000000000465,0.0,0.0,0.0
28.471323339649185,-6.2732131817788845,7.900000000000046,0.0,0.0,0.0
28.474913351748715,-6.2638496950568,7.900000000000044,0.0,0.0,0.0
28.47850323505668,-6.254486183939407,7.900000000000041,0.0,0.0,0.0
28.482092989771424,-6.245122648464334,7.90000000000004,0.0,0.0,0.0
28.485682616091257,-6.2357590886692105,7.900000000000039,0.0,0.0,0.0
28.48927211421446,-6.226395504591658,7.9000000000000385,0.0,0.0,0.0
28.492861484339308,-6.21703189626929,7.900000000000039,0.0,0.0,0.0
28.496450726664023,-6.207668263739725,7.900000000000038,0.0,0.0,0.0
28.50003984138682,-6.198304607040561,7.900000000000037,0.0,0.0,0.0
28.50362882870589,-6.188940926209404,7.900000000000037,0.0,0.0,0.0
28.50721768881937,-6.1795772212838465,7.900000000000036,0.0,0.0,0.0
28.51080642192541,-6.170213492301482,7.900000000000035,0.0,0.0,0.0
28.514395028222115,-6.160849739299895,7.900000000000033,0.0,0.0,0.0
28.517983507907555,-6.151485962316666,7.900000000000034,0.0,0.0,0.0
28.521571861179797,-6.142122161389371,7.900000000000032,0.0,0.0,0.0
28.525160088236866,-6.132758336555576,7.900000000000032,0.0,0.0,0.0
28.52874818927677,-6.123394487852853,7.900000000000031,0.0,0.0,0.0
28.532336164497483,-6.114030615318756,7.900000000000031,0.0,0.0,0.0
28.535924014096963,-6.1046667189908455,7.9000000000000306,0.0,0.0,0.0
28.53951173827314,-6.0953027989066655,7.90000000000003,0.0,0.0,0.0
28.543099337223914,-6.085938855103765,7.90000000000003,0.0,0.0,0.0
28.54668681114717,-6.076574887619681,7.900000000000028,0.0,0.0,0.0
28.55027416024075,-6.067210896491951,7.900000000000027,0.0,0.0,0.0
28.55386138470249,-6.057846881758102,7.900000000000027,0.0,0.0,0.0
28.55744848473019,-6.048482843455659,7.900000000000027,0.0,0.0,0.0
28.56103546052163,-6.039118781622143,7.900000000000025,0.0,0.0,0.0
28.56462231227456,-6.029754696295068,7.900000000000025,0.0,0.0,0.0
28.568209040186716,-6.020390587511943,7.900000000000025,0.0,0.0,0.0
28.57179564445579,-6.011026455310272,7.900000000000024,0.0,0.0,0.0
28.57538212527946,-6.001662299727556,7.9000000000000234,0.0,0.0,0.0
28.57896848285539,-5.992298120801291,7.900000000000023,0.0,0.0,0.0
28.5825547173812,-5.98293391856896,7.900000000000023,0.0,0.0,0.0
28.586140829054496,-5.973569693068056,7.900000000000021,0.0,0.0,0.0
28.589726818072858,-5.964205444336053,7.900000000000021,0.0,0.0,0.0
28.593312684633844,-5.954841172410429,7.900000000000021,0.0,0.0,0.0
28.59689842893497,-5.945476877328649,7.900000000000021,0.0,0.0,0.0
28.60048405117376,-5.9361125591281825,7.90000000000002,0.0,0.0,0.0
28.604069551547674,-5.926748217846488,7.900000000000019,0.0,0.0,0.0
28.607654930254192,-5.91738385352102,7.900000000000018,0.0,0.0,0.0
28.611240187490722,-5.908019466189229,7.900000000000019,0.0,0.0,0.0
28.614825323454685,-5.898655055888561,7.900000000000018,0.0,0.0,0.0
28.618410338343462,-5.889290622656454,7.900000000000017,0.0,0.0,0.0
28.621995232354408,-5.879926166530344,7.900000000000016,0.0,0.0,0.0
28.62558000568484,-5.870561687547716,7.9000000000000155,0.0,0.0,0.0
28.629164658532105,-5.861197185745889,7.9000000000000155,0.0,0.0,0.0
28.632749191093467,-5.851832661162336,7.900000000000015,0.0,0.0,0.0
28.636333603566197,-5.842468113834473,7.900000000000013,0.0,0.0,0.0
28.639917896147523,-5.8331035437997105,7.900000000000015,0.0,0.0,0.0
28.643502069034657,-5.823738951095458,7.900000000000014,0.0,0.0,0.0
28.6470861224248,-5.814374335759113,7.900000000000012,0.0,0.0,0.0
28.6506700565151,-5.805009697828073,7.900000000000011,0.0,0.0,0.0
28.65425387150271,-5.795645037339731,7.900000000000012,0.0,0.0,0.0
28.657837567584743,-5.786280354331473,7.900000000000012,0.0,0.0,0.0
28.661421144958297,-5.776915648840681,7.900000000000009,0.0,0.0,0.0
28.66500460382044,-5.767550920904734,7.90000000000001,0.0,0.0,0.0
28.668587944368205,-5.758186170561001,7.900000000000009,0.0,0.0,0.0
28.67217116679863,-5.748821397846854,7.900000000000008,0.0,0.0,0.0
28.67575427130871,-5.7394566027996525,7.900000000000009,0.0,0.0,0.0
28.679337258095405,-5.730091785456757,7.9000000000000075,0.0,0.0,0.0
28.68292012735568,-5.720726945855522,7.9000000000000075,0.0,0.0,0.0
28.68650287928646,-5.7113620840332935,7.900000000000008,0.0,0.0,0.0
28.690085514084647,-5.701997200027415,7.9000000000000075,0.0,0.0,0.0
28.693668031947123,-5.692632293875229,7.900000000000007,0.0,0.0,0.0
28.69725043307074,-5.68326736561407,7.900000000000007,0.0,0.0,0.0
28.700832717652332,-5.673902415281265,7.900000000000006,0.0,0.0,0.0
28.704414885888706,-5.664537442914141,7.900000000000006,0.0,0.0,0.0
28.70799693797666,-5.655172448550019,7.900000000000005,0.0,0.0,0.0
28.711578874112945,-5.645807432226213,7.900000000000005,0.0,0.0,0.0
28.7151606944943,-5.636442393980036,7.900000000000005,0.0,0.0,0.0
28.718742399317446,-5.627077333848794,7.900000000000004,0.0,0.0,0.0
28.722323988779078,-5.617712251869788,7.900000000000003,0.0,0.0,0.0
28.725905463075858,-5.608347148080317,7.900000000000005,0.0,0.0,0.0
28.729486822404436,-5.598982022517672,7.900000000000003,0.0,0.0,0.0
28.733068066961447,-5.58961687521914,7.900000000000003,0.0,0.0,0.0
28.736649196943475,-5.580251706222008,7.900000000000002,0.0,0.0,0.0
28.7402302125471,-5.57088651556355,7.900000000000003,0.0,0.0,0.0
28.743811113968878,-5.561521303281044,7.900000000000001,0.0,0.0,0.0
28.747391901405354,-5.552156069411756,7.900000000000002,0.0,0.0,0.0
28.750972575053016,-5.542790813992953,7.900000000000001,0.0,0.0,0.0
28.754553135108367,-5.533425537061895,7.900000000000003,0.0,0.0,0.0
28.758133581767854,-5.524060238655839,7.900000000000002,0.0,0.0,0.0
28.761713915227933,-5.514694918812034,7.900000000000001,0.0,0.0,0.0
28.76529413568501,-5.505329577567726,7.8999999999999995,0.0,0.0,0.0
28.768874243335485,-5.49596421496016,7.9,0.0,0.0,0.0
28.77245423837573,-5.486598831026571,7.900000000000001,0.0,0.0,0.0
28.776034121002095,-5.477233425804192,7.900000000000001,0.0,0.0,0.0
28.7796138914109,-5.4678679993302515,7.900000000000002,0.0,0.0,0.0
28.783193549798437,-5.45850255164203,7.900000000000001,0.0,0.0,0.0
28.786773096361028,-5.449137082776636,7.900000000000001,0.0,0.0,0.0
28.790352531294914,-5.43977159277134,7.900000000000001,0.0,0.0,0.0
28.793931854796327,-5.4304060816633495,7.9,0.0,0.0,0.0
28.797511067061475,-5.421040549489875,7.9,0.0,0.0,0.0
28.80109016828657,-5.411674996288116,7.9,0.0,0.0,0.0
28.804669158667764,-5.402309422095264,7.9,0.0,0.0,0.0
28.80824803840121,-5.39294382694852,7.900000000000001,0.0,0.0,0.0
28.81182680768304,-5.3835782108850685,7.9,0.0,0.0,0.0
28.815405466709347,-5.374212573942091,7.900000000000001,0.0,0.0,0.0
28.818984015676225,-5.364846916156769,7.9,0.0,0.0,0.0
28.82256245477972,-5.355481237566278,7.8999999999999995,0.0,0.0,0.0
28.826140784215873,-5.346115538207784,7.900000000000001,0.0,0.0,0.0
28.829719004180713,-5.3367498181184585,7.900000000000001,0.0,0.0,0.0
28.83329711487022,-5.32738407733546,7.900000000000001,0.0,0.0,0.0
28.836875116480357,-5.318018315895944,7.900000000000001,0.0,0.0,0.0
28.840453009207092,-5.3086525338370665,7.900000000000002,0.0,0.0,0.0
28.844030793246343,-5.299286731195974,7.9,0.0,0.0,0.0
28.847608468794014,-5.28992090800981,7.900000000000001,0.0,0.0,0.0
28.851186036045995,-5.280555064315714,7.900000000000002,0.0,0.0,0.0
28.854763495198142,-5.271189200150823,7.900000000000001,0.0,0.0,0.0
28.858340846446303,-5.261823315552266,7.900000000000002,0.0,0.0,0.0
28.86191808998629,-5.252457410557171,7.900000000000002,0.0,0.0,0.0
28.865495226013902,-5.243091485202658,7.900000000000001,0.0,0.0,0.0
28.869072254724912,-5.233725539525846,7.900000000000002,0.0,0.0,0.0
28.872649176315083,-5.224359573563849,7.900000000000003,0.0,0.0,0.0
28.876225990980135,-5.214993587353776,7.900000000000003,0.0,0.0,0.0
28.879802698915796,-5.205627580932731,7.900000000000003,0.0,0.0,0.0
28.88337930031774,-5.1962615543378154,7.900000000000002,0.0,0.0,0.0
28.886955795381645,-5.186895507606124,7.900000000000003,0.0,0.0,0.0
28.890532184303144,-5.1775294407747525,7.900000000000003,0.0,0.0,0.0
28.89410846727789,-5.168163353880785,7.900000000000002,0.0,0.0,0.0
28.89768464450146,-5.158797246961306,7.900000000000002,0.0,0.0,0.0
28.901260716169446,-5.149431120053396,7.900000000000002,0.0,0.0,0.0
28.90483668247742,-5.140064973194128,7.900000000000002,0.0,0.0,0.0
28.908412543620916,-5.130698806420573,7.900000000000002,0.0,0.0,0.0
28.911988299795453,-5.121332619769799,7.900000000000002,0.0,0.0,0.0
28.915563951196525,-5.111966413278867,7.900000000000004,0.0,0.0,0.0
28.919139498019625,-5.102600186984836,7.900000000000003,0.0,0.0,0.0
28.922714940460192,-5.093233940924761,7.900000000000002,0.0,0.0,0.0
28.92629027871368,-5.083867675135688,7.900000000000003,0.0,0.0,0.0
28.92986551297549,-5.0745013896546665,7.900000000000003,0.0,0.0,0.0
28.933440643441024,-5.065135084518735,7.900000000000002,0.0,0.0,0.0
28.937015670305644,-5.0557687597649315,7.900000000000002,0.0,0.0,0.0
28.940590593764718,-5.046402415430288,7.900000000000002,0.0,0.0,0.0
28.944165414013547,-5.037036051551889,7.900000000000003,0.0,0.0,0.0
28.947740131247492,-5.027669668166652,7.900000000000004,0.0,0.0,0.0
28.951314745661815,-5.018303265311648,7.900000000000004,0.0,0.0,0.0
28.954889257451786,-5.008936843023896,7.900000000000005,0.0,0.0,0.0
28.958463666812662,-4.999570401340409,7.900000000000004,0.0,0.0,0.0
28.962037973939672,-4.990203940298193,7.900000000000004,0.0,0.0,0.0
28.96561217902801,-4.9808374599342535,7.900000000000003,0.0,0.0,0.0
28.96918628227288,-4.971470960285588,7.900000000000003,0.0,0.0,0.0
28.972760283869444,-4.9621044413891955,7.900000000000004,0.0,0.0,0.0
28.976334184012842,-4.952737903282066,7.900000000000005,0.0,0.0,0.0
28.97990798289821,-4.9433713460011885,7.900000000000005,0.0,0.0,0.0
28.983481680720654,-4.934004769583545,7.900000000000004,0.0,0.0,0.0
28.98705527767526,-4.924638174066116,7.900000000000004,0.0,0.0,0.0
28.99062877395709,-4.915271559485877,7.900000000000004,0.0,0.0,0.0
28.99420216976119,-4.905904925879798,7.900000000000004,0.0,0.0,0.0
28.997775465282597,-4.896538273284848,7.900000000000004,0.0,0.0,0.0
29.0013486607163,-4.88717160173799,7.900000000000004,0.0,0.0,0.0
29.004921756257293,-4.8778049112761845,7.900000000000003,0.0,0.0,0.0
29.008494752100546,-4.868438201936384,7.900000000000004,0.0,0.0,0.0
29.012067648440993,-4.859071473755542,7.900000000000003,0.0,0.0,0.0
29.015640445473565,-4.849704726770605,7.900000000000004,0.0,0.0,0.0
29.019213143393177,-4.840337961018515,7.900000000000003,0.0,0.0,0.0
29.022785742394706,-4.830971176536215,7.900000000000002,0.0,0.0,0.0
29.02635824267301,-4.821604373360639,7.900000000000004,0.0,0.0,0.0
29.029930644422958,-4.8122375515287175,7.900000000000004,0.0,0.0,0.0
29.03350294783936,-4.802870711077378,7.900000000000002,0.0,0.0,0.0
29.037075153117016,-4.793503852043544,7.900000000000003,0.0,0.0,0.0
29.040647260450726,-4.784136974464134,7.900000000000004,0.0,0.0,0.0
29.044219270035267,-4.774770078376067,7.900000000000003,0.0,0.0,0.0
29.047791182065364,-4.765403163816252,7.900000000000003,0.0,0.0,0.0
29.051362996735758,-4.756036230821598,7.900000000000002,0.0,0.0,0.0
29.05493471424116,-4.746669279429008,7.900000000000001,0.0,0.0,0.0
29.05850633477625,-4.737302309675383,7.900000000000002,0.0,0.0,0.0
29.062077858535712,-4.727935321597618,7.900000000000001,0.0,0.0,0.0
29.065649285714183,-4.718568315232604,7.900000000000002,0.0,0.0,0.0
29.069220616506307,-4.709201290617234,7.900000000000001,0.0,0.0,0.0
29.072791851106686,-4.699834247788388,7.900000000000002,0.0,0.0,0.0
29.07636298970992,-4.690467186782948,7.900000000000001,0.0,0.0,0.0
29.07993403251057,-4.68110010763779,7.900000000000001,0.0,0.0,0.0
29.083504979703203,-4.671733010389788,7.9,0.0,0.0,0.0
29.087075831482355,-4.662365895075812,7.900000000000002,0.0,0.0,0.0
29.09064658804254,-4.652998761732725,7.900000000000001,0.0,0.0,0.0
29.094217249578247,-4.6436316103973905,7.900000000000001,0.0,0.0,0.0
29.097787816283965,-4.634264441106663,7.900000000000001,0.0,0.0,0.0
29.101358288354124,-4.624897253897452,7.900000000000001,0.0,0.0,0.0
29.104928665983213,-4.615530048806502,7.8999999999999995,0.0,0.0,0.0
29.10849894936563,-4.606162825870709,7.9,0.0,0.0,0.0
29.112069138695773,-4.596795585126919,7.8999999999999995,0.0,0.0,0.0
29.11563923416803,-4.587428326611967,7.8999999999999995,0.0,0.0,0.0
29.11920923597676,-4.578061050362692,7.8999999999999995,0.0,0.0,0.0
29.12277914431632,-4.56869375641592,7.8999999999999995,0.0,0.0,0.0
29.126348959381033,-4.559326444808484,7.8999999999999995,0.0,0.0,0.0
29.1299186813652,-4.549959115577202,7.8999999999999995,0.0,0.0,0.0
29.133488310463118,-4.5405917687589,7.8999999999999995,0.0,0.0,0.0
29.137057846869062,-4.531224404390389,7.899999999999998,0.0,0.0,0.0
29.140627290777275,-4.521857022508482,7.8999999999999995,0.0,0.0,0.0
29.144196642382,-4.512489623149992,7.899999999999999,0.0,0.0,0.0
29.147765901877452,-4.503122206351718,7.899999999999999,0.0,0.0,0.0
29.151335069457822,-4.493754772150467,7.899999999999999,0.0,0.0,0.0
29.154904145317293,-4.484387320583034,7.899999999999997,0.0,0.0,0.0
29.15847312965003,-4.47501985168621,7.899999999999998,0.0,0.0,0.0
29.16204202265017,-4.465652365496791,7.899999999999998,0.0,0.0,0.0
29.16561082451183,-4.456284862051559,7.899999999999998,0.0,0.0,0.0
29.169179535429134,-4.446917341387301,7.899999999999998,0.0,0.0,0.0
29.172748155596157,-4.437549803540792,7.899999999999998,0.0,0.0,0.0
29.17631668520697,-4.428182248548811,7.899999999999996,0.0,0.0,0.0
29.179885124455627,-4.418814676448128,7.899999999999996,0.0,0.0,0.0
29.183453473536158,-4.409447087275512,7.899999999999997,0.0,0.0,0.0
29.187021732642584,-4.40007948106773,7.899999999999996,0.0,0.0,0.0
29.190589901968906,-4.39071185786154,7.899999999999997,0.0,0.0,0.0
29.19415798170909,-4.3813442176937,7.899999999999997,0.0,0.0,0.0
29.197725972057096,-4.371976560600966,7.899999999999997,0.0,0.0,0.0
29.201293873206883,-4.3626088866200865,7.899999999999996,0.0,0.0,0.0
29.204861685352373,-4.35324119578781,7.899999999999997,0.0,0.0,0.0
29.208429408687465,-4.343873488140877,7.899999999999996,0.0,0.0,0.0
29.21199704340605,-4.33450576371603,7.899999999999995,0.0,0.0,0.0
29.215564589702012,-4.325138022550004,7.899999999999996,0.0,0.0,0.0
29.219132047769193,-4.315770264679531,7.899999999999997,0.0,0.0,0.0
29.22269941780144,-4.306402490141342,7.899999999999995,0.0,0.0,0.0
29.226266699992568,-4.297034698972162,7.899999999999996,0.0,0.0,0.0
29.22983389453638,-4.287666891208711,7.899999999999996,0.0,0.0,0.0
29.233401001626657,-4.278299066887709,7.899999999999995,0.0,0.0,0.0
