galstreams/tracks/track.st.Pal5.pricewhelan2019.ecsv
# %ECSV 1.0
# ---
# datatype:
# - {name: ra, unit: deg, datatype: float64}
# - {name: dec, unit: deg, datatype: float64}
# - {name: distance, unit: kpc, datatype: float64}
# - {name: pm_ra_cosdec, unit: mas / yr, datatype: float64}
# - {name: pm_dec, unit: mas / yr, datatype: float64}
# - {name: radial_velocity, unit: km / s, datatype: float64}
# delimiter: ','
# meta: !!omap
# - __serialized_columns__:
#     dec:
#       __class__: astropy.coordinates.angles.Latitude
#       unit: &id001 !astropy.units.Unit {unit: deg}
#       value: !astropy.table.SerializedColumn {name: dec}
#     distance:
#       __class__: astropy.coordinates.distances.Distance
#       unit: !astropy.units.Unit {unit: kpc}
#       value: !astropy.table.SerializedColumn {name: distance}
#     pm_dec:
#       __class__: astropy.units.quantity.Quantity
#       unit: !astropy.units.Unit {unit: mas / yr}
#       value: !astropy.table.SerializedColumn {name: pm_dec}
#     pm_ra_cosdec:
#       __class__: astropy.units.quantity.Quantity
#       unit: !astropy.units.Unit {unit: mas / yr}
#       value: !astropy.table.SerializedColumn {name: pm_ra_cosdec}
#     ra:
#       __class__: astropy.coordinates.angles.Longitude
#       unit: *id001
#       value: !astropy.table.SerializedColumn {name: ra}
#       wrap_angle: !astropy.coordinates.Angle
#         unit: *id001
#         value: 360.0
#     radial_velocity:
#       __class__: astropy.units.quantity.Quantity
#       unit: !astropy.units.Unit {unit: km / s}
#       value: !astropy.table.SerializedColumn {name: radial_velocity}
# schema: astropy-2.0
ra,dec,distance,pm_ra_cosdec,pm_dec,radial_velocity
[from data line 855]
234.1154790688465,3.413699131779061,21.497835300196996,-2.5949094707563107,-2.446362754202941,999.0000223970826
234.1060872399464,3.409747549583426,21.49667867025006,-2.595291532709929,-2.446637923136031,999.0000223964817
234.09670443264469,3.4057823237277036,21.49552077412396,-2.595673235007547,-2.4469134337365923,999.0000223958822
234.08733061114137,3.4018035091303873,21.494361611818704,-2.596054577489946,-2.4471892861427285,999.0000223952837
234.07796573801394,3.397811163161269,21.493201183334286,-2.596435559993881,-2.4474654804969096,999.0000223946874
234.06860977424876,3.3938053455939134,21.492039488670706,-2.5968161823522977,-2.447742016945862,999.0000223940913
234.05926267927353,3.389786118555629,21.490876527827975,-2.597196444394314,-2.4480188956404536,999.0000223934974
234.04992441099,3.3857535464790103,21.489712300806065,-2.5975763459454413,-2.448296116735584,999.0000223929046
234.0405949258064,3.3817076960514427,21.488546807605015,-2.597955886827622,-2.448573680390062,999.000022392313
234.0312741786708,3.377648636164972,21.48738004822479,-2.598335066859352,-2.448851586766506,999.0000223917226
234.02196212310437,3.3735764378655686,21.486212022665406,-2.5987138858558025,-2.4491298360312124,999.0000223911337
234.01265871123545,3.369491174301983,21.48504273092686,-2.5990923436289073,-2.4494084283540527,999.0000223905464
234.00336389383284,3.365392920674423,21.483872173009157,-2.5994704399875097,-2.449687363908351,999.0000223899601
233.99407762033994,3.361281754183029,21.482700348912285,-2.5998481747374242,-2.4499666428707734,999.0000223893746
233.98479983890954,3.357157753975109,21.48152725863625,-2.600225547681559,-2.45024626542121,999.0000223887912
233.9755304964381,3.353021001093194,21.480352902181053,-2.6006025586200643,-2.450526231742654,999.0000223882085
233.96626953860016,3.3488715784225436,21.479177279546693,-2.6009792073503806,-2.450806542021096,999.0000223876278
233.95701690988363,3.3447095706377126,21.478000390733175,-2.6013554936674033,-2.4510871964453984,999.0000223870483
233.94777255362465,3.3405350641499614,21.476822235740492,-2.6017314173635473,-2.451368195207184,999.0000223864697
233.93853641204265,3.336348147053542,21.475642814568637,-2.602106978228889,-2.451649538500723,999.0000223858923
233.92930842627572,3.332148909072191,21.474462127217624,-2.602482176051244,-2.4519312265228046,999.0000223853164
233.92008853641622,3.327937441505653,21.473280173687442,-2.602857010616316,-2.4522132594726367,999.0000223847414
233.91087668154572,3.3237138371758213,21.4720969539781,-2.6032314817077586,-2.452495637551721,999.0000223841679
233.9016727997713,3.319478190372319,21.470912468089587,-2.603605589107331,-2.4527783609637415,999.0000223835957
233.89247682826058,3.31523059679919,21.46972671602191,-2.6039793325949763,-2.453061429914447,999.0000223830242
233.8832887032779,3.3109711535199646,21.46853969777506,-2.6043527119489,-2.45334484461154,999.0000223824545
233.87410836021988,3.306699958904086,21.467351413349057,-2.604725726945766,-2.4536286052645577,999.0000223818859
233.86493573365098,3.3024171125723965,21.46616186274388,-2.605098377360722,-2.4539127120847644,999.0000223813184
233.85577075733977,3.2981227153427946,21.46497104595954,-2.605470662967524,-2.454197165285033,999.0000223807526
233.84661336429429,3.2938168691763776,21.463778962996027,-2.605842583538677,-2.454481965079738,999.0000223801871
233.83746348679816,3.289499677122622,21.462585613853346,-2.606214138845489,-2.454767111684639,999.0000223796237
233.8283210564461,3.2851712432656766,21.461390998531492,-2.6065853286582175,-2.455052605316769,999.0000223790605
233.8191860041797,3.2808316726702014,21.46019511703048,-2.6069561527461267,-2.455338446194328,999.0000223784991
233.8100582603234,3.2764810713269257,21.458997969350296,-2.607326610877654,-2.455624634536571,999.0000223779389
233.80093775461935,3.272119546099462,21.45779955549093,-2.60769670282046,-2.455911170563702,999.0000223773794
233.79182441626392,3.267747204669709,21.456599875452408,-2.6080664283415493,-2.4561980544967534,999.0000223768209
233.78271817394207,3.2633641554848585,21.45539892923471,-2.6084357872073443,-2.4564852865575,999.0000223762643
233.7736189558636,3.258970507703499,21.454196716837842,-2.6088047791838584,-2.4567728669683326,999.0000223757082
233.7645266897977,3.254566371142545,21.4529932382618,-2.6091734040367136,-2.457060795952165,999.0000223751534
233.75544130310826,3.250151856224057,21.45178849350659,-2.609541661531258,-2.4573490737323254,999.0000223745992
233.74636272278883,3.2457270739224002,21.45058248257221,-2.6099095514326915,-2.457637700532449,999.0000223740468
233.73729087549734,3.2412921357115203,21.44937520545865,-2.610277073506161,-2.4579266765763865,999.0000223734947
233.72822568759048,3.236847153512993,21.44816666216592,-2.6106442275167887,-2.45821600208809,999.0000223729445
233.71916708515846,3.2323922396433877,21.44695685269401,-2.6110110132298616,-2.4585056772915226,999.0000223723949
233.710114994059,3.227927506762753,21.445745777042937,-2.611377430410862,-2.458795702410554,999.0000223718463
233.70106933995137,3.2234530678234012,21.444533435212687,-2.6117434788255602,-2.4590860776688657,999.0000223712985
233.69203004833008,3.218969036018474,21.44331982720326,-2.612109158240148,-2.4593768032898558,999.0000223707518
233.68299704455853,3.2144755247311316,21.442104953014663,-2.6124744684212473,-2.459667879496539,999.0000223702068
233.67397025390224,3.2099726474846317,21.44088881264688,-2.6128394091361034,-2.4599593065114567,999.0000223696622
233.6649496015622,3.2054605178918143,21.43967140609993,-2.6132039801525857,-2.4602510845565835,999.000022369119
233.65593501270712,3.200939249605724,21.438452733373794,-2.6135681812393114,-2.460543213853236,999.0000223685761
233.6469264125063,3.1964089562705653,21.43723279446849,-2.613932012165725,-2.460835694621983,999.0000223680341
233.6379237261617,3.191869751472733,21.436011589384,-2.614295472702147,-2.461128527082557,999.0000223674936
233.62892687893986,3.1873217486929826,21.43478911812034,-2.614658562619919,-2.4614217114537706,999.0000223669538
233.61993579620386,3.182765061257987,21.433565380677493,-2.6150212816914524,-2.461715247953424,999.0000223664146
233.61095040344367,3.1781998022936615,21.432340377055475,-2.61538362969025,-2.462009136798229,999.0000223658773
233.6019706263083,3.173626084678061,21.431114107254277,-2.6157456063911013,-2.4623033782037194,999.0000223653398
233.59299639063542,3.1690440209951496,21.429886571273894,-2.616107211570051,-2.462597972384181,999.0000223648037
233.58402762248207,3.1644537234891064,21.428657769114338,-2.6164684450045157,-2.462892919552558,999.0000223642686
233.57506424815455,3.1598553040193913,21.427427700775592,-2.6168293064733885,-2.46318821992039,999.0000223637338
233.56610619423765,3.155248874015517,21.426196366257674,-2.6171897957570023,-2.4634838736977223,999.0000223632004
233.55715338762417,3.150634544433694,21.424963765560573,-2.6175499126373576,-2.4637798810930445,999.0000223626677
233.54820575554314,3.1460124257130424,21.42372989868429,-2.6179096568980356,-2.464076242313209,999.0000223621354
233.53926322558894,3.1413826277328627,21.42249476562882,-2.618269028324382,-2.4643729575633633,999.0000223616044
233.53032572574824,3.136745259770436,21.42125836639417,-2.618628026703469,-2.4646700270468815,999.000022361074
233.52139318442843,3.1321004304594062,21.420020700980334,-2.6189866518242764,-2.4649674509652946,999.0000223605441
233.5124655304839,3.127448247749129,21.41878176938732,-2.6193449034776077,-2.465265229518227,999.0000223600158
233.50354269324342,3.1227888188640147,21.41754157161512,-2.619702781456308,-2.4655633629033282,999.0000223594878
233.49462460253582,3.118122250264253,21.416300107663737,-2.6200602855552027,-2.46586185131622,999.0000223589605
233.48571118871564,3.113448647606997,21.415057377533163,-2.6204174155711746,-2.4661606949504242,999.000022358434
233.4768023826892,3.108768115707889,21.413813381223406,-2.620774171303283,-2.4664598939973104,999.0000223579082
233.46789811593837,3.104080758503888,21.412568118734463,-2.6211305525527355,-2.4667594486460396,999.0000223573833
233.45899832054565,3.099386679016195,21.411321590066336,-2.6214865591229954,-2.467059359083504,999.0000223568592
233.45010292921785,3.0946859793147414,21.410073795219024,-2.621842190819807,-2.467359625494281,999.0000223563352
233.44121187530928,3.0899787604822406,21.408824734192518,-2.622197447451233,-2.4676602480605765,999.0000223558123
233.4323250928447,3.0852651225803305,21.407574406986832,-2.6225523288277275,-2.4679612269621742,999.0000223552904
233.42344251654188,3.0805451646153528,21.40632281360196,-2.6229068347621762,-2.468262562376391,999.0000223547686
233.4145640818331,3.075818984505658,21.405069954037895,-2.623260965069891,-2.4685642544780313,999.0000223542477
233.40568972488694,3.0710866790491744,21.40381582829464,-2.6236147195687485,-2.468866303439339,999.0000223537276
233.39681938262868,3.0663483438920767,21.402560436372195,-2.6239680980791196,-2.4691687094299595,999.0000223532077
233.38795299276077,3.061604073498391,21.401303778270563,-2.624321100423969,-2.4694714726168936,999.0000223526888
233.37909049378268,3.0568539611199332,21.40004585398975,-2.624673726428915,-2.4697745931644643,999.0000223521706
233.37023182501,3.05209809876726,21.398786663529734,-2.6250259759221795,-2.4700780712342802,999.0000223516529
233.36137692659307,3.0473365771817447,21.397526206890532,-2.6253778487347055,-2.4703819069851916,999.0000223511358
233.35252573953542,3.042569485808116,21.39626448407214,-2.6257293447001304,-2.47068610057327,999.0000223506194
233.3436782057109,3.037796912768014,21.39500149507456,-2.626080463654845,-2.470990652151767,999.0000223501032
233.33483426788098,3.0330189448340437,21.393737239897785,-2.626431205438005,-2.471295561871088,999.0000223495883
233.32599386971143,3.028235667405586,21.39247171854182,-2.626781569891588,-2.471600829878767,999.0000223490731
233.31715695578757,3.0234471644841547,21.391204931006655,-2.627131556860346,-2.471906456319437,999.0000223485589
233.30832347163025,3.018653518650681,21.389936877292307,-2.6274811661919077,-2.4722124413348046,999.0000223480454
233.29949336371035,3.013854811043224,21.38866755739877,-2.627830397736771,-2.4725187850636345,999.0000223475319
233.29066657946294,3.009051121335632,21.387396971326027,-2.628179251348276,-2.4728254876417255,999.0000223470195
233.28184306730097,3.004242527716897,21.386125119074094,-2.628527726882706,-2.4731325492018863,999.0000223465074
233.27302277662824,2.999429106871659,21.38485200064297,-2.6288758241992345,-2.4734399698739287,999.0000223459957
233.26420565785193,2.994610933961617,21.38357761603265,-2.6292235431599673,-2.4737477497846427,999.000022345484
233.2553916623944,2.9897880826073466,21.38230196524314,-2.629570883629941,-2.474055889057793,999.000022344974
233.2465807427045,2.9849606248716243,21.381025048274427,-2.6299178454771646,-2.4743643878141,999.0000223444634
233.2377728522682,2.9801286312431206,21.379746865126528,-2.630264428572569,-2.474673246171232,999.0000223439541
233.22896794561896,2.9752921706215543,21.378467415799438,-2.6306106327900958,-2.4749824642437974,999.0000223434449
233.22016597834693,2.9704513103030274,21.377186700293137,-2.6309564580066347,-2.4752920421433426,999.0000223429361
233.2113669071078,2.9656061159668354,21.375904718607654,-2.631301904102025,-2.475601979978335,999.000022342428
233.20257068963173,2.960756651663003,21.37462147074296,-2.6316469709591357,-2.475912277854178,999.0000223419202
233.19377728473037,2.9559029798005265,21.37333695669908,-2.6319916584637744,-2.476222935873192,999.0000223414128
233.18498665230445,2.9510451611368533,21.372051176476003,-2.6323359665047437,-2.476533954134628,999.0000223409061
233.17619875335018,2.9461832547678215,21.370764130073727,-2.63267989497381,-2.476845332734663,999.0000223403996
233.16741354996535,2.941317318119069,21.36947581749226,-2.6330234437657194,-2.4771570717664018,999.0000223398935
233.1586310053545,2.9364474069377646,21.36818623873159,-2.633366612778181,-2.477469171319894,999.000022339388
233.14985108383377,2.9315735752855,21.36689539379172,-2.6337094019118648,-2.4777816314821255,999.0000223388824
233.14107375083532,2.92669587553227,21.365603282672655,-2.6340518110703828,-2.4780944523370367,999.0000223383776
233.1322989729105,2.921814358350856,21.364309905374398,-2.6343938401602824,-2.478407633965529,999.0000223378734
233.12352671773334,2.916929072712575,21.363015261896933,-2.634735489091082,-2.4787211764454815,999.000022337369
233.11475695410246,2.9120400658835597,21.36171935224028,-2.6350767577751526,-2.4790350798517524,999.0000223368653
233.10598965194347,2.907147383422271,21.360422176404416,-2.635417646127804,-2.4793493442562093,999.0000223363621
233.09722478230995,2.902251069177445,21.35912373438936,-2.6357581540672492,-2.479663969727732,999.0000223358595
233.08846231738391,2.8973511652873736,21.357824026195104,-2.6360982815145313,-2.4799789563322383,999.0000223353566
233.07970223047639,2.89244771217979,21.356523051821647,-2.636438028393563,-2.4802943041326975,999.0000223348545
233.0709444960266,2.8875407485726305,21.355220811268996,-2.6367773946311126,-2.480610013189154,999.0000223343527
233.062189089601,2.8826303114757468,21.35391730453714,-2.6371163801567166,-2.480926083558752,999.0000223338512
233.05343598789187,2.877716436193489,21.35261253162609,-2.637454984902735,-2.481242515295749,999.00002233335
233.04468516871478,2.872799156327991,21.35130649253583,-2.6377932088042755,-2.4815593084515526,999.0000223328491
233.0359366110061,2.8678785037835515,21.349999187266384,-2.6381310517991956,-2.481876463074735,999.0000223323486
233.02719029481975,2.862954508771536,21.34869061581773,-2.638468513828079,-2.482193979211069,999.0000223318485
233.01844620132317,2.8580271998165165,21.347380778189876,-2.6388055948341664,-2.4825118569035514,999.000022331349
233.0097043127931,2.8530966037628085,21.346069674382832,-2.639142294763398,-2.4828300961924317,999.0000223308493
233.00096461261046,2.8481627457821386,21.34475730439657,-2.6394786135643167,-2.483148697115251,999.0000223303504
232.99222708525494,2.8432256493820276,21.343443668231114,-2.6398145511880764,-2.4834676597068643,999.0000223298518
232.98349171629923,2.838285336415048,21.342128765886464,-2.640150107588413,-2.483786983999475,999.0000223293533
232.97475849240212,2.8333418270886743,21.340812597362614,-2.6404852827215883,-2.484106670022678,999.000022328855
232.9660274013015,2.8283951399761014,21.339495162659556,-2.6408200765463614,-2.4844267178034887,999.0000223283574
232.95729843180692,2.823445292028013,21.338176461777294,-2.6411544890239678,-2.4847471273663757,999.0000223278598
232.9485715737915,2.8184922985846748,21.336856494715843,-2.6414885201180813,-2.4850678987333055,999.0000223273628
232.9398468181831,2.8135361733891058,21.33553526147518,-2.641822169794784,-2.4853890319237806,999.0000223268656
232.9311241569554,2.8085769286011515,21.33421276205532,-2.6421554380224817,-2.485710526954874,999.0000223263688
232.92240358311818,2.803614574811802,21.332888996456262,-2.642488324771922,-2.4860323838412737,999.000022325873
232.9136850907074,2.7986491210587645,21.331563964677997,-2.6428208300161526,-2.486354602595327,999.0000223253767
232.90496867477432,2.793680574842416,21.330237666720535,-2.643152953730442,-2.486677183227074,999.000022324881
232.89625433137482,2.7887089421428026,21.328910102583873,-2.6434846958922584,-2.487000125744302,999.0000223243859
232.88754205755757,2.783734227436889,21.327581272268006,-2.6438160564812407,-2.487323430152583,999.0000223238904
232.8788318513521,2.7787564337169255,21.32625117577294,-2.6441470354791377,-2.487647096455318,999.0000223233957
232.8701237117566,2.773775562509387,21.324919813098667,-2.6444776328697794,-2.48797112465379,999.0000223229013
232.86141763872473,2.768791613894378,21.323587184245195,-2.6448078486390205,-2.4882955147472003,999.0000223224072
