galstreams/tracks/track.st.Parallel.weiss2018.ecsv
# %ECSV 0.9
# ---
# datatype:
# - {name: ra, unit: deg, datatype: float64}
# - {name: dec, unit: deg, datatype: float64}
# - {name: distance, unit: kpc, datatype: float64}
# - {name: pm_ra_cosdec, unit: mas / yr, datatype: float64}
# - {name: pm_dec, unit: mas / yr, datatype: float64}
# - {name: radial_velocity, unit: km / s, datatype: float64}
# delimiter: ','
# meta: !!omap
# - __serialized_columns__:
#     dec:
#       __class__: astropy.coordinates.angles.Latitude
#       unit: &id001 !astropy.units.Unit {unit: deg}
#       value: !astropy.table.SerializedColumn {name: dec}
#     distance:
#       __class__: astropy.coordinates.distances.Distance
#       unit: !astropy.units.Unit {unit: kpc}
#       value: !astropy.table.SerializedColumn {name: distance}
#     pm_dec:
#       __class__: astropy.units.quantity.Quantity
#       unit: !astropy.units.Unit {unit: mas / yr}
#       value: !astropy.table.SerializedColumn {name: pm_dec}
#     pm_ra_cosdec:
#       __class__: astropy.units.quantity.Quantity
#       unit: !astropy.units.Unit {unit: mas / yr}
#       value: !astropy.table.SerializedColumn {name: pm_ra_cosdec}
#     ra:
#       __class__: astropy.coordinates.angles.Longitude
#       unit: *id001
#       value: !astropy.table.SerializedColumn {name: ra}
#       wrap_angle: !astropy.coordinates.Angle
#         unit: *id001
#         value: 360.0
#     radial_velocity:
#       __class__: astropy.units.quantity.Quantity
#       unit: !astropy.units.Unit {unit: km / s}
#       value: !astropy.table.SerializedColumn {name: radial_velocity}
# schema: astropy-2.0
ra,dec,distance,pm_ra_cosdec,pm_dec,radial_velocity
[from data line 233]
190.58407000190508,0.8905854792412076,14.83524284094186,0.0,0.0,0.0
190.57455831666357,0.8942805519554841,14.835394097769933,0.0,0.0,0.0
190.56504659493658,0.8979755731825023,14.835545354598013,0.0,0.0,0.0
190.55553483668575,0.9016705428829542,14.835696611426089,0.0,0.0,0.0
190.54602304187287,0.9053654610175017,14.835847868254163,0.0,0.0,0.0
190.53651121045957,0.9090603275468382,14.835999125082243,0.0,0.0,0.0
190.5269993424076,0.9127551424316358,14.836150381910318,0.0,0.0,0.0
190.51748743767877,0.9164499056325642,14.836301638738394,0.0,0.0,0.0
190.50797549623468,0.9201446171103184,14.836452895566469,0.0,0.0,0.0
190.49846351803714,0.9238392768255665,14.836604152394548,0.0,0.0,0.0
190.48895150304782,0.9275338847390012,14.836755409222626,0.0,0.0,0.0
190.4794394512285,0.9312284408112891,14.836906666050698,0.0,0.0,0.0
190.46992736254086,0.934922945003131,14.837057922878781,0.0,0.0,0.0
190.46041523694666,0.9386173972751992,14.837209179706853,0.0,0.0,0.0
190.4509030744077,0.9423117975881717,14.83736043653493,0.0,0.0,0.0
190.4413908748856,0.9460061459027449,14.837511693363007,0.0,0.0,0.0
190.43187863834223,0.94970044217959,14.837662950191081,0.0,0.0,0.0
190.42236636473916,0.95339468637941,14.83781420701916,0.0,0.0,0.0
190.41285405403832,0.9570888784628812,14.837965463847238,0.0,0.0,0.0
190.40334170620136,0.9607830183906805,14.838116720675314,0.0,0.0,0.0
190.39382932119005,0.964477106123514,14.838267977503392,0.0,0.0,0.0
190.38431689896618,0.9681711416220525,14.838419234331466,0.0,0.0,0.0
190.3748044394914,0.971865124847001,14.838570491159544,0.0,0.0,0.0
190.36529194272754,0.9755590557590406,14.838721747987622,0.0,0.0,0.0
190.35577940863644,0.9792529343188519,14.838873004815698,0.0,0.0,0.0
190.34626683717968,0.9829467604871431,14.839024261643774,0.0,0.0,0.0
190.33675422831917,0.9866405342245878,14.83917551847185,0.0,0.0,0.0
190.3272415820166,0.9903342554918951,14.839326775299929,0.0,0.0,0.0
190.31772889823378,0.9940279242497413,14.839478032128005,0.0,0.0,0.0
190.3082161769324,0.9977215404588345,14.83962928895608,0.0,0.0,0.0
190.29870341807433,1.0014151040798616,14.839780545784159,0.0,0.0,0.0
190.28919062162134,1.0051086150735076,14.839931802612234,0.0,0.0,0.0
190.27967778753512,1.0088020734004826,14.840083059440309,0.0,0.0,0.0
190.27016491577754,1.0124954790214686,14.840234316268388,0.0,0.0,0.0
190.2606520063103,1.0161888318971772,14.840385573096462,0.0,0.0,0.0
190.25113905909527,1.0198821319882883,14.840536829924542,0.0,0.0,0.0
190.2416260740941,1.0235753792555142,14.84068808675262,0.0,0.0,0.0
190.23211305126873,1.0272685736595475,14.840839343580695,0.0,0.0,0.0
190.2225999905809,1.0309617151610784,14.84099060040877,0.0,0.0,0.0
190.21308689199236,1.0346548037208207,14.841141857236849,0.0,0.0,0.0
190.20357375546496,1.03834783929946,14.841293114064927,0.0,0.0,0.0
190.1940605809604,1.0420408218577137,14.841444370893,0.0,0.0,0.0
190.1845473684406,1.0457337513562641,14.841595627721077,0.0,0.0,0.0
190.17503411786726,1.0494266277558315,14.841746884549154,0.0,0.0,0.0
190.16552082920222,1.0531194510171105,14.84189814137723,0.0,0.0,0.0
190.1560075024074,1.0568122211007933,14.842049398205306,0.0,0.0,0.0
190.14649413744436,1.0605049379676048,14.842200655033386,0.0,0.0,0.0
190.13698073427514,1.0641976015782284,14.84235191186146,0.0,0.0,0.0
190.12746729286138,1.0678902118933895,14.84250316868954,0.0,0.0,0.0
190.117953813165,1.0715827688737825,14.842654425517615,0.0,0.0,0.0
190.10844029514783,1.0752752724801071,14.84280568234569,0.0,0.0,0.0
190.09892673877158,1.0789677226730894,14.842956939173769,0.0,0.0,0.0
190.08941314399823,1.082660119413415,14.843108196001841,0.0,0.0,0.0
190.0798995107894,1.0863524626618124,14.843259452829919,0.0,0.0,0.0
190.07038583910713,1.090044752378973,14.843410709657999,0.0,0.0,0.0
190.06087212891305,1.093736988525624,14.843561966486075,0.0,0.0,0.0
190.05135838016906,1.0974291710624664,14.843713223314154,0.0,0.0,0.0
190.0418445928371,1.1011212999502036,14.843864480142228,0.0,0.0,0.0
190.03233076687886,1.1048133751495637,14.844015736970304,0.0,0.0,0.0
190.02281690225624,1.1085053966212417,14.844166993798382,0.0,0.0,0.0
190.01330299893104,1.1121973643259664,14.844318250626456,0.0,0.0,0.0
190.00378905686514,1.1158892782244438,14.844469507454535,0.0,0.0,0.0
189.9942750760204,1.1195811382773821,14.844620764282611,0.0,0.0,0.0
189.98476105635856,1.123272944445508,14.844772021110687,0.0,0.0,0.0
189.97524699784165,1.1269646966895244,14.844923277938765,0.0,0.0,0.0
189.96573290043133,1.1306563949701611,14.845074534766841,0.0,0.0,0.0
189.95621876408956,1.1343480392481209,14.845225791594915,0.0,0.0,0.0
189.94670458877815,1.1380396294841364,14.845377048422995,0.0,0.0,0.0
189.9371903744589,1.1417311656389164,14.845528305251072,0.0,0.0,0.0
189.92767612109387,1.1454226476731728,14.845679562079146,0.0,0.0,0.0
189.91816182864468,1.1491140755476417,14.845830818907222,0.0,0.0,0.0
189.9086474970734,1.1528054492230249,14.8459820757353,0.0,0.0,0.0
189.8991331263417,1.156496768660062,14.846133332563378,0.0,0.0,0.0
189.88961871641158,1.1601880338194552,14.846284589391455,0.0,0.0,0.0
189.88010426724486,1.1638792446619441,14.846435846219528,0.0,0.0,0.0
189.87058977880338,1.167570401148244,14.846587103047607,0.0,0.0,0.0
189.86107525104913,1.171261503239068,14.846738359875685,0.0,0.0,0.0
189.85156068394386,1.1749525508951584,14.84688961670376,0.0,0.0,0.0
189.84204607744957,1.1786435440772223,14.847040873531837,0.0,0.0,0.0
189.83253143152797,1.1823344827460014,14.847192130359913,0.0,0.0,0.0
189.82301674614106,1.1860253668622134,14.84734338718799,0.0,0.0,0.0
189.81350202125077,1.1897161963865779,14.847494644016066,0.0,0.0,0.0
189.80398725681886,1.1934069712798356,14.847645900844142,0.0,0.0,0.0
189.79447245280736,1.197097691502699,14.847797157672224,0.0,0.0,0.0
189.78495760917798,1.2007883570159152,14.847948414500296,0.0,0.0,0.0
189.77544272589282,1.2044789677801957,14.848099671328372,0.0,0.0,0.0
189.7659278029136,1.2081695237562855,14.848250928156448,0.0,0.0,0.0
189.75641284020227,1.211860024904908,14.848402184984527,0.0,0.0,0.0
189.74689783772084,1.2155504711867868,14.848553441812605,0.0,0.0,0.0
189.73738279543107,1.219240862562669,14.848704698640681,0.0,0.0,0.0
189.72786771329498,1.2229311989932696,14.848855955468759,0.0,0.0,0.0
189.71835259127437,1.22662148043934,14.849007212296833,0.0,0.0,0.0
189.70883742933117,1.230311706861606,14.84915846912491,0.0,0.0,0.0
189.69932222742736,1.234001878220792,14.849309725952988,0.0,0.0,0.0
189.6898069855248,1.2376919944776514,14.849460982781062,0.0,0.0,0.0
189.68029170358545,1.241382055592902,14.849612239609144,0.0,0.0,0.0
189.67077638157113,1.2450720615272974,14.849763496437218,0.0,0.0,0.0
189.66126101944394,1.2487620122415575,14.849914753265296,0.0,0.0,0.0
189.65174561716557,1.2524519076964387,14.850066010093371,0.0,0.0,0.0
189.6422301746981,1.2561417478526684,14.850217266921451,0.0,0.0,0.0
189.6327146920035,1.2598315326709788,14.850368523749523,0.0,0.0,0.0
189.62319916904357,1.263521262112126,14.8505197805776,0.0,0.0,0.0
189.61368360578035,1.2672109361368338,14.850671037405677,0.0,0.0,0.0
189.60416800217567,1.27090055470586,14.850822294233753,0.0,0.0,0.0
189.59465235819155,1.2745901177799297,14.85097355106183,0.0,0.0,0.0
189.5851366737899,1.278279625319801,14.851124807889905,0.0,0.0,0.0
189.5756209489326,1.2819690772862087,14.851276064717984,0.0,0.0,0.0
189.56610518358175,1.2856584736398908,14.851427321546062,0.0,0.0,0.0
189.55658937769914,1.2893478143416053,14.851578578374136,0.0,0.0,0.0
189.54707353124684,1.2930370993520826,14.851729835202214,0.0,0.0,0.0
189.53755764418668,1.2967263286320827,14.851881092030288,0.0,0.0,0.0
189.52804171648074,1.3004155021423374,14.852032348858366,0.0,0.0,0.0
189.51852574809084,1.3041046198436106,14.852183605686442,0.0,0.0,0.0
189.509009738979,1.3077936816966387,14.85233486251452,0.0,0.0,0.0
189.49949368910725,1.3114826876621672,14.852486119342595,0.0,0.0,0.0
189.48997759843746,1.3151716377009561,14.852637376170673,0.0,0.0,0.0
189.48046146693164,1.318860531773742,14.852788632998752,0.0,0.0,0.0
189.47094529455168,1.3225493698412911,14.852939889826828,0.0,0.0,0.0
189.46142908125967,1.326238151864346,14.853091146654904,0.0,0.0,0.0
189.4519128270175,1.3299268778036488,14.853242403482978,0.0,0.0,0.0
189.44239653178718,1.3336155476199707,14.853393660311056,0.0,0.0,0.0
189.43288019553066,1.3373041612740473,14.853544917139137,0.0,0.0,0.0
189.4233638182099,1.3409927187266482,14.853696173967212,0.0,0.0,0.0
189.413847399787,1.3446812199385134,14.853847430795287,0.0,0.0,0.0
189.40433094022376,1.3483696648704129,14.853998687623363,0.0,0.0,0.0
189.39481443948227,1.3520580534830937,14.854149944451441,0.0,0.0,0.0
189.38529789752457,1.3557463857373042,14.854301201279517,0.0,0.0,0.0
189.3757813143125,1.3594346615938209,14.854452458107595,0.0,0.0,0.0
189.36626468980822,1.3631228810133809,14.85460371493567,0.0,0.0,0.0
189.35674802397358,1.3668110439567613,14.854754971763747,0.0,0.0,0.0
189.34723131677066,1.3704991503847124,14.854906228591824,0.0,0.0,0.0
189.33771456816146,1.3741872002579871,14.855057485419898,0.0,0.0,0.0
189.32819777810792,1.3778751935373599,14.855208742247976,0.0,0.0,0.0
189.31868094657213,1.3815631301835787,14.855359999076052,0.0,0.0,0.0
189.309164073516,1.38525101015742,14.855511255904132,0.0,0.0,0.0
189.29964715890168,1.3889388334196289,14.855662512732206,0.0,0.0,0.0
189.290130202691,1.3926265999309868,14.855813769560282,0.0,0.0,0.0
189.28061320484602,1.396314309652249,14.85596502638836,0.0,0.0,0.0
189.2710961653289,1.4000019625441715,14.856116283216435,0.0,0.0,0.0
189.26157908410153,1.4036895585675355,14.85626754004451,0.0,0.0,0.0
189.25206196112595,1.4073770976830913,14.856418796872589,0.0,0.0,0.0
189.24254479636417,1.4110645798516221,14.856570053700665,0.0,0.0,0.0
189.2330275897783,1.4147520050338773,14.856721310528744,0.0,0.0,0.0
189.2235103413302,1.4184393731906437,14.856872567356818,0.0,0.0,0.0
189.21399305098203,1.42212668428268,14.857023824184896,0.0,0.0,0.0
189.20447571869585,1.4258139382707478,14.857175081012974,0.0,0.0,0.0
189.19495834443356,1.4295011351156337,14.857326337841048,0.0,0.0,0.0
189.18544092815736,1.4331882747780902,14.857477594669124,0.0,0.0,0.0
189.17592346982912,1.4368753572189081,14.857628851497203,0.0,0.0,0.0
189.166405969411,1.4405623823988496,14.857780108325281,0.0,0.0,0.0
189.156888426865,1.4442493502786784,14.857931365153357,0.0,0.0,0.0
189.14737084215318,1.447936260819186,14.858082621981437,0.0,0.0,0.0
189.13785321523758,1.4516231139811306,14.85823387880951,0.0,0.0,0.0
189.12833554608022,1.455309909725302,14.858385135637583,0.0,0.0,0.0
189.11881783464324,1.4589966480124579,14.858536392465664,0.0,0.0,0.0
189.1093000808886,1.4626833288033934,14.85868764929374,0.0,0.0,0.0
189.09978228477837,1.466369952058877,14.858838906121818,0.0,0.0,0.0
189.09026444627472,1.4700565177396763,14.858990162949892,0.0,0.0,0.0
189.08074656533958,1.473743025806587,14.859141419777968,0.0,0.0,0.0
189.07122864193508,1.4774294762203728,14.85929267660605,0.0,0.0,0.0
189.0617106760232,1.4811158689418291,14.85944393343412,0.0,0.0,0.0
189.05219266756615,1.4848022039317246,14.859595190262198,0.0,0.0,0.0
189.04267461652594,1.4884884811508365,14.859746447090275,0.0,0.0,0.0
189.03315652286463,1.4921747005599624,14.859897703918351,0.0,0.0,0.0
189.02363838654432,1.4958608621198657,14.86004896074643,0.0,0.0,0.0
189.01412020752701,1.4995469657913472,14.860200217574507,0.0,0.0,0.0
189.00460198577497,1.5032330115351746,14.860351474402583,0.0,0.0,0.0
188.99508372125004,1.5069189993121492,14.860502731230659,0.0,0.0,0.0
188.98556541391443,1.510604929083047,14.860653988058738,0.0,0.0,0.0
188.97604706373028,1.514290800808646,14.860805244886812,0.0,0.0,0.0
188.96652867065959,1.5179766144497469,14.860956501714888,0.0,0.0,0.0
188.95701023466452,1.5216623699671243,14.861107758542968,0.0,0.0,0.0
188.94749175570706,1.525348067321581,14.861259015371044,0.0,0.0,0.0
188.9379732337495,1.529033706473889,14.861410272199118,0.0,0.0,0.0
188.92845466875372,1.5327192873848536,14.861561529027197,0.0,0.0,0.0
188.91893606068192,1.5364048100152563,14.861712785855273,0.0,0.0,0.0
188.90941740949629,1.5400902743258797,14.861864042683349,0.0,0.0,0.0
188.8998987151588,1.5437756802775342,14.862015299511427,0.0,0.0,0.0
188.89037997763165,1.5474610278309924,14.862166556339501,0.0,0.0,0.0
188.88086119687688,1.5511463169470638,14.862317813167579,0.0,0.0,0.0
188.8713423728567,1.554831547586526,14.862469069995655,0.0,0.0,0.0
188.8618235055331,1.55851671971019,14.862620326823734,0.0,0.0,0.0
188.8523045948683,1.5622018332788423,14.862771583651808,0.0,0.0,0.0
188.84278564082442,1.5658868882532708,14.862922840479884,0.0,0.0,0.0
188.83326664336352,1.5695718845942863,14.86307409730796,0.0,0.0,0.0
188.8237476024478,1.573256822262671,14.863225354136038,0.0,0.0,0.0
188.81422851803933,1.5769417012192384,14.863376610964115,0.0,0.0,0.0
188.80470939010024,1.5806265214247768,14.863527867792191,0.0,0.0,0.0
188.79519021859275,1.5843112828400812,14.863679124620267,0.0,0.0,0.0
188.78567100347888,1.5879959854259644,14.863830381448345,0.0,0.0,0.0
188.7761517447209,1.5916806291432115,14.86398163827642,0.0,0.0,0.0
188.76663244228078,1.59536521395264,14.864132895104502,0.0,0.0,0.0
188.75711309612078,1.5990497398150436,14.864284151932576,0.0,0.0,0.0
188.7475937062031,1.6027342066912162,14.86443540876065,0.0,0.0,0.0
188.73807427248974,1.6064186145419783,14.864586665588728,0.0,0.0,0.0
188.72855479494297,1.6101029633281183,14.864737922416804,0.0,0.0,0.0
188.71903527352484,1.6137872530104538,14.86488917924488,0.0,0.0,0.0
188.70951570819764,1.6174714835497772,14.86504043607296,0.0,0.0,0.0
188.69999609892338,1.6211556549069102,14.865191692901035,0.0,0.0,0.0
188.6904764456643,1.624839767042651,14.865342949729111,0.0,0.0,0.0
188.68095674838258,1.628523819917797,14.865494206557187,0.0,0.0,0.0
188.67143700704034,1.6322078134931757,14.865645463385269,0.0,0.0,0.0
188.66191722159982,1.6358917477295785,14.865796720213345,0.0,0.0,0.0
188.65239739202306,1.6395756225878322,14.86594797704142,0.0,0.0,0.0
188.6428775182724,1.6432594380287275,14.866099233869496,0.0,0.0,0.0
188.63335760030986,1.6469431940130965,14.866250490697572,0.0,0.0,0.0
188.62383763809765,1.6506268905017394,14.866401747525648,0.0,0.0,0.0
188.61431763159808,1.6543105274554628,14.866553004353726,0.0,0.0,0.0
188.60479758077315,1.6579941048350917,14.866704261181804,0.0,0.0,0.0
188.5952774855852,1.6616776226014294,14.86685551800988,0.0,0.0,0.0
188.5857573459963,1.6653610807153045,14.867006774837956,0.0,0.0,0.0
188.57623716196875,1.6690444791375136,14.867158031666033,0.0,0.0,0.0
188.5667169334646,1.6727278178288916,14.86730928849411,0.0,0.0,0.0
188.55719666044615,1.6764110967502475,14.867460545322185,0.0,0.0,0.0
188.5476763428756,1.6800943158623889,14.867611802150261,0.0,0.0,0.0
188.5381559807151,1.68377747512615,14.867763058978337,0.0,0.0,0.0
188.52863557392686,1.6874605745023348,14.867914315806416,0.0,0.0,0.0
188.5191151224731,1.6911436139517784,14.86806557263449,0.0,0.0,0.0
188.509594626316,1.694826593435292,14.868216829462567,0.0,0.0,0.0
188.50007408541785,1.69850951291369,14.868368086290642,0.0,0.0,0.0
188.49055349974077,1.7021923723478094,14.868519343118722,0.0,0.0,0.0
188.48103286924706,1.7058751716984581,14.868670599946796,0.0,0.0,0.0
188.4715121938988,1.7095579109264725,14.868821856774876,0.0,0.0,0.0
188.46199147365837,1.7132405899926604,14.868973113602951,0.0,0.0,0.0
188.45247070848788,1.7169232088578668,14.86912437043103,0.0,0.0,0.0
188.44294989834955,1.7206057674829032,14.869275627259103,0.0,0.0,0.0
188.43342904320573,1.7242882658285905,14.869426884087183,0.0,0.0,0.0
188.42390814301848,1.7279707038557723,14.869578140915257,0.0,0.0,0.0
188.41438719775022,1.731653081525258,14.869729397743333,0.0,0.0,0.0
188.40486620736297,1.7353353987978926,14.86988065457141,0.0,0.0,0.0
188.39534517181912,1.7390176556344965,14.87003191139949,0.0,0.0,0.0
188.3858240910809,1.7426998519958912,14.870183168227566,0.0,0.0,0.0
188.37630296511043,1.7463819878429243,14.870334425055642,0.0,0.0,0.0
188.36678179387013,1.7500640631364086,14.870485681883718,0.0,0.0,0.0
