galstreams/tracks/track.st.M68-Fjorm.ibata2021.ecsv
# %ECSV 1.0
# ---
# datatype:
# - {name: ra, unit: deg, datatype: float64}
# - {name: dec, unit: deg, datatype: float64}
# - {name: distance, unit: kpc, datatype: float64}
# - {name: pm_ra_cosdec, unit: mas / yr, datatype: float64}
# - {name: pm_dec, unit: mas / yr, datatype: float64}
# - {name: radial_velocity, unit: km / s, datatype: float64}
# delimiter: ','
# meta: !!omap
# - __serialized_columns__:
#     dec:
#       __class__: astropy.coordinates.angles.Latitude
#       unit: &id001 !astropy.units.Unit {unit: deg}
#       value: !astropy.table.SerializedColumn {name: dec}
#     distance:
#       __class__: astropy.coordinates.distances.Distance
#       unit: !astropy.units.Unit {unit: kpc}
#       value: !astropy.table.SerializedColumn {name: distance}
#     pm_dec:
#       __class__: astropy.units.quantity.Quantity
#       unit: !astropy.units.Unit {unit: mas / yr}
#       value: !astropy.table.SerializedColumn {name: pm_dec}
#     pm_ra_cosdec:
#       __class__: astropy.units.quantity.Quantity
#       unit: !astropy.units.Unit {unit: mas / yr}
#       value: !astropy.table.SerializedColumn {name: pm_ra_cosdec}
#     ra:
#       __class__: astropy.coordinates.angles.Longitude
#       unit: *id001
#       value: !astropy.table.SerializedColumn {name: ra}
#       wrap_angle: !astropy.coordinates.Angle
#         unit: *id001
#         value: 360.0
#     radial_velocity:
#       __class__: astropy.units.quantity.Quantity
#       unit: !astropy.units.Unit {unit: km / s}
#       value: !astropy.table.SerializedColumn {name: radial_velocity}
# schema: astropy-2.0
ra,dec,distance,pm_ra_cosdec,pm_dec,radial_velocity
[from data line 4775]
194.9670779339012,1.4690405790937116,5.593739027955693,-2.756536552191326,3.19919721391628,-64.81851928028122
194.9691109250182,1.4790243177783873,5.594045006076548,-2.7562048892564395,3.1999271020820914,-64.82574621201901
194.97114430874385,1.48900795115383,5.594350737134973,-2.755873089599475,3.2006570704950854,-64.83297115877801
194.97317808518122,1.4989914792060581,5.594656221203411,-2.7555411532335254,3.2013871190717604,-64.84019412053058
194.97521225443353,1.508974901921019,5.594961458354302,-2.7552090801716713,3.2021172477286064,-64.84741509724918
194.97724681660404,1.5189582192848436,5.595266448660092,-2.7548768704269793,3.202847456382109,-64.85463408890615
194.97928177179617,1.5289414312834706,5.595571192193224,-2.7545445240124997,3.2035777449487535,-64.86185109547402
194.9813171201133,1.538924537902881,5.5958756890261405,-2.754212040941276,3.2043081133450126,-64.8690661169251
194.98335286165891,1.548907539129006,5.5961799392312805,-2.753879421226337,3.205038561487363,-64.8762791532319
194.98538899653659,1.558890434947913,5.5964839428810915,-2.7535466648806954,3.205769089292265,-64.88349020436671
194.98742552484993,1.568873225345524,5.596787700048015,-2.7532137719173564,3.206499696676184,-64.89069927030205
194.98946244670265,1.5788559103077784,5.597091210804492,-2.7528807423493085,3.207230383555576,-64.89790635101032
194.99149976219852,1.58883848982063,5.597394475222968,-2.752547576189529,3.207961149846891,-64.90511144646389
194.99353747144133,1.5988209638699524,5.597697493375882,-2.752214273450981,3.208691995466578,-64.91231455663522
194.99557557453502,1.6088033324417852,5.598000265335682,-2.751880834146615,3.209422920331073,-64.9195156814967
194.99761407158363,1.618785595521989,5.598302791174808,-2.7515472582893707,3.2101539243568156,-64.92671482102078
194.99965296269107,1.6287677530964653,5.598605070965702,-2.751213545892176,3.210885007460237,-64.9339119751798
195.00169224796153,1.6387498051511233,5.598907104780807,-2.7508796969679397,3.211616169557763,-64.9411071439463
195.00373192749913,1.648731751671793,5.599208892692567,-2.7505457115295626,3.2123474105658123,-64.94830032729257
195.0057720014082,1.6587135926444696,5.599510434773427,-2.7502115895899317,3.2130787304008015,-64.95549152519109
195.007812469793,1.6686953280549626,5.599811731095824,-2.7498773311619233,3.213810128979142,-64.96268073761428
195.00985333275796,1.6786769578891476,5.600112781732206,-2.7495429362583974,3.214541606217237,-64.96986796453449
195.0118945904075,1.6886584821328718,5.600413586755014,-2.7492084048922005,3.2152731620314894,-64.97705320592421
195.01393624284614,1.6986399007719275,5.600714146236689,-2.748873737076172,3.216004796338293,-64.98423646175581
195.0159782901785,1.7086212137922667,5.601014460249677,-2.7485389328231307,3.2167365090540385,-64.99141773200176
195.01802073250926,1.7186024211796476,5.60131452886642,-2.748203992145891,3.2174683000951094,-64.9985970166344
195.02006356994312,1.7285835229199114,5.601614352159357,-2.747868915057248,3.2182001693778886,-65.00577431562618
195.02210680258486,1.7385645189987895,5.6019139302009355,-2.747533701569984,3.2189321168187477,-65.01294962894957
195.02415043053944,1.7485454094022062,5.6022132630635975,-2.7471983516968708,3.2196641423340577,-65.02012295657691
195.0261944539117,1.7585261941159007,5.6025123508197865,-2.7468628654506686,3.2203962458401807,-65.02729429848061
195.02823887280672,1.7685068731256517,5.602811193541943,-2.746527242844121,3.221128427253479,-65.03446365463314
195.0302836873296,1.7784874464172333,5.603109791302511,-2.7461914838899637,3.221860686490306,-65.04163102500691
195.0323288975854,1.7884679139764084,5.603408144173933,-2.745855588600913,3.22259302346701,-65.0487964095743
195.03437450367937,1.7984482757888853,5.60370625222865,-2.7455195569896786,3.2233254380999363,-65.05595980830776
195.03642050571685,1.8084285318405209,5.604004115539109,-2.7451833890689517,3.224057930305422,-65.06312122117961
195.03846690380317,1.8184086821169867,5.604301734177749,-2.744847084851418,3.2247904999998003,-65.07028064816241
195.04051369804372,1.8283887266040255,5.604599108217016,-2.7445106443497376,3.2255231470994024,-65.0774380892285
195.04256088854405,1.8383686652872824,5.60489623772935,-2.744174067576572,3.226255871520549,-65.08459354435028
195.04460847540972,1.8483484981526028,5.605193122787193,-2.743837354544564,3.2269886731795596,-65.0917470135002
195.04665645874636,1.8583282251856263,5.605489763462994,-2.743500505266338,3.2277215519927465,-65.09889849665066
195.04870483865966,1.8683078463720402,5.60578615982919,-2.743163519754514,3.2284545078764166,-65.10604799377408
195.05075361525542,1.878287361697526,5.606082311958224,-2.742826398021697,3.229187540746874,-65.11319550484285
195.05280278863947,1.8882667711477665,5.606378219922543,-2.7424891400804734,3.229920650520414,-65.12034102982946
195.05485235891769,1.8982460747083643,5.606673883794587,-2.7421517459434255,3.2306538371133318,-65.12748456870622
195.05690232619617,1.908225272365097,5.606969303646795,-2.7418142156231124,3.231387100441915,-65.13462612144563
195.05895269058084,1.9182043641035507,5.607264479551617,-2.741476549132091,3.2321204404224413,-65.1417656880201
195.06100345217794,1.928183349909357,5.6075594115814935,-2.7411387464828962,3.2328538569711895,-65.14890326840201
195.06305461109355,1.938162229768101,5.607854099808864,-2.740800807688056,3.233587350004433,-65.15603886256375
195.06510616743404,1.9481410036655071,5.608148544306176,-2.7404627327600837,3.2343209194384346,-65.16317247047778
195.06715812130565,1.9581196715871358,5.608442745145868,-2.740124521711478,3.235054565189458,-65.17030409211648
195.0692104728149,1.968098233518576,5.608736702400384,-2.739786174554727,3.2357882871737615,-65.17743372745237
195.07126322206815,1.9780766894454356,5.609030416142169,-2.7394476913023036,3.2365220853075907,-65.18456137645775
195.07331636917198,1.9880550393532967,5.609323886443666,-2.7391090719666678,3.237255959507193,-65.19168703910502
195.075369914233,1.9980332832276697,5.609617113377314,-2.7387703165602706,3.2379899096888094,-65.19881071536669
195.07742385735796,2.0080114210542335,5.609910097015561,-2.738431425095544,3.2387239357686735,-65.20593240521517
195.0794781986535,2.017989452818489,5.610202837430844,-2.738092397584913,3.23945803766302,-65.21305210862279
195.08153293822653,2.027967378505986,5.610495334695611,-2.7377532340407833,3.2401922152880673,-65.22016982556201
195.08358807618393,2.0379451981022014,5.6107875888823004,-2.7374139344755553,3.2409264685600383,-65.22728555600527
195.08564361263262,2.04792291159277,5.611079600063358,-2.7370744989016087,3.241660797395149,-65.23439929992497
195.08769954767968,2.057900518963165,5.611371368311228,-2.7367349273313146,3.2423952017096043,-65.24151105729351
195.0897558814322,2.067878020198899,5.611662893698349,-2.7363952197770276,3.2431296814196093,-65.24862082808332
195.09181261399735,2.0778554152854625,5.611954176297167,-2.7360553762510977,3.2438642364413646,-65.2557286122668
195.09386974548235,2.0878327042082896,5.6122452161801215,-2.735715396765851,3.244598866691063,-65.26283440981636
195.09592727599457,2.09780988695299,5.612536013419659,-2.7353752813336065,3.2453335720848915,-65.26993822070449
195.09798520564135,2.1077869635049584,5.612826568088221,-2.7350350299666686,3.246068352539032,-65.2770400449035
195.10004353453016,2.1177639338496776,5.613116880258249,-2.734694642677333,3.246803207969665,-65.28413988238584
195.1021022627685,2.127740797972594,5.613406950002187,-2.734354119477875,3.2475381382929633,-65.29123773312394
195.10416139046401,2.137717555859088,5.613696777392479,-2.7340134603805604,3.248273143425089,-65.29833359709022
195.10622091772433,2.14769420749472,5.613986362501569,-2.733672665397642,3.2490082232822073,-65.30542747425712
195.1082808446572,2.1576707528648584,5.6142757054018935,-2.733331734541363,3.249743377780478,-65.31251936459698
195.11034117137044,2.16764719195491,5.6145648061659,-2.7329906678239473,3.250478606836048,-65.31960926808229
195.11240189797186,2.1776235247502926,5.614853664866032,-2.732649465257609,3.2512139103650646,-65.32669718468541
195.11446302456946,2.1875997512363474,5.61514228157473,-2.732308126854547,3.2519492882836687,-65.33378311437878
195.11652455127128,2.197575871398568,5.6154306563644365,-2.7319666526269537,3.252684740507998,-65.34086705713483
195.1185864781854,2.2075518852222817,5.615718789307597,-2.731625042586998,3.253420266954181,-65.34794901292597
195.12064880541993,2.217527792692866,5.6160066804766515,-2.7312832967468466,3.254155867538342,-65.35502898172454
195.12271153308308,2.2275035937956145,5.616294329944047,-2.7309414151186457,3.2548915421766003,-65.36210696350305
195.12477466128325,2.237479288515999,5.616581737782222,-2.730599397714528,3.255627290785073,-65.36918295823389
195.12683819012875,2.247454876839303,5.616868904063621,-2.730257244546619,3.25636311327987,-65.37625696588952
195.12890211972802,2.257430358750859,5.617155828860687,-2.7299149556270264,3.257099009577091,-65.38332898644228
195.13096645018956,2.2674057342359815,5.617442512245861,-2.729572530967848,3.25783497959284,-65.39039901986459
195.13303118162196,2.2773810032799906,5.617728954291587,-2.7292299705811653,3.2585710232432072,-65.3974670661289
195.13509631413388,2.2873561658681445,5.61801515507031,-2.7288872744790473,3.259307140444279,-65.40453312520756
195.13716184783402,2.2973312219858375,5.618301114654471,-2.7285444426735532,3.2600433311121417,-65.4115971970731
195.13922778283123,2.307306171618304,5.618586833116511,-2.7282014751767245,3.260779595162871,-65.41865928169788
195.1412941192343,2.3172810147508214,5.618872310528876,-2.727858372000594,3.2615159325125407,-65.42571937905429
195.14336085715217,2.3272557513685905,5.619157546964006,-2.7275151331571785,3.2622523430772175,-65.43277748911473
195.1454279966939,2.3372303814569895,5.619442542494346,-2.7271717586584785,3.262988826772959,-65.43983361185168
195.14749553796855,2.347204905001221,5.619727297192339,-2.72682824851649,3.263725383515827,-65.44688774723755
195.14956348108524,2.3571793219864956,5.620011811130426,-2.7264846027431897,3.2644620132218694,-65.45393989524467
195.1516318261532,2.3671536323980535,5.62029608438105,-2.7261408213505423,3.2651987158071316,-65.46099005584556
195.15370057328167,2.3771278362211277,5.620580117016657,-2.7257969043504997,3.265935491187656,-65.46803822901255
195.1557697225801,2.3871019334408587,5.6208639091096835,-2.7254528517550005,3.2666723392794763,-65.47508441471817
195.15783927415785,2.397075924042555,5.621147460732577,-2.725108663575972,3.2674092599986224,-65.48212861293467
195.15990922812446,2.407049808011358,5.621430771957782,-2.724764339825323,3.268146253261119,-65.48917082363461
195.16197958458946,2.4170235853324518,5.621713842857736,-2.7244198805149558,3.2688833189829847,-65.49621104679031
195.16405034366252,2.426997255990943,5.621996673504887,-2.724075285656757,3.269620457080233,-65.50324928237427
195.16612150545336,2.436970819972109,5.622279263971674,-2.723730555262595,3.2703576674688724,-65.51028553035886
195.16819307007177,2.4469442772610503,5.622561614330541,-2.723385689344334,3.271094950064906,-65.51731979071646
195.17026503762756,2.456917627842908,5.622843724653933,-2.72304068791382,3.271832304784332,-65.52435206341954
195.17233740823067,2.466890871702806,5.623125595014288,-2.722695550982886,3.2725697315431415,-65.5313823484405
195.17441018199114,2.4768640088258227,5.623407225484053,-2.7223502785633507,3.2733072302573225,-65.53841064575177
195.176483359019,2.486837039197181,5.62368861613567,-2.7220048706670243,3.274044800842856,-65.54543695532571
195.17855693942437,2.4968099628019287,5.623969767041582,-2.721659327305698,3.274782443215719,-65.5524612771348
195.18063092331752,2.5067827796251554,5.6242506782742305,-2.7213136484911535,3.275520157291881,-65.55948361115144
195.18270531080867,2.5167554896519584,5.624531349906057,-2.7209678342351604,3.27625794298731,-65.566503957348
195.1847801020082,2.526728092867343,5.624811782009509,-2.72062188454947,3.276995800217964,-65.57352231569696
195.18685529702657,2.536700589256504,5.625091974657026,-2.7202757994458238,3.2777337288997996,-65.58053868617073
195.18893089597418,2.5466729788044167,5.625371927921049,-2.719929578935954,3.2784717289487633,-65.58755306874163
195.1910068989617,2.556645261496157,5.625651641874026,-2.7195832230315684,3.279209800280802,-65.5945654633822
195.19308330609968,2.5666174373167405,5.625931116588396,-2.7192367317443753,3.279947942811853,-65.60157587006478
195.1951601174989,2.5765895062511377,5.626210352136604,-2.7188901050860568,3.280686156457849,-65.60858428876182
195.1972373332701,2.5865614682845,5.6264893485910905,-2.7185433430682946,3.2814244411347198,-65.61559071944569
195.19931495352412,2.596533323401751,5.6267681060243,-2.718196445702747,3.2821627967583864,-65.62259516208886
195.20139297837193,2.6065050715879057,5.627046624508673,-2.717849413001062,3.282901223244767,-65.62959761666374
195.20347140792447,2.6164767128279034,5.627324904116656,-2.7175022449748774,3.2836397205097723,-65.63659808314269
195.20555024229284,2.6264482471068065,5.62760294492069,-2.7171549416358123,3.2843782884693096,-65.64359656149821
195.20762948158819,2.6364196744095585,5.627880746993218,-2.7168075029954797,3.285116927039278,-65.65059305170261
195.20970912592165,2.6463909947210964,5.6281583104066835,-2.716459929065472,3.285855636135576,-65.65758755372839
195.21178917540462,2.6563622080263762,5.628435635233526,-2.7161122198573753,3.2865944156740916,-65.66458006754796
195.21386963014834,2.666333314310348,5.628712721546192,-2.715764375382756,3.2873332655707075,-65.67157059313367
195.2159504902643,2.676304313557876,5.628989569417123,-2.7154163956531696,3.28807218574131,-65.67855913045807
195.21803175586396,2.686275205753982,5.629266178918763,-2.7150682806801614,3.2888111761017647,-65.68554567949342
195.2201134270589,2.696245990883547,5.629542550123553,-2.71472003047526,3.289550236567945,-65.69253024021218
195.22219550396073,2.706216668931443,5.629818683103936,-2.7143716450499804,3.290289367055713,-65.69951281258683
195.2242779866812,2.716187239882526,5.630094577932356,-2.7140231244158284,3.2910285674809256,-65.70649339658969
195.2263608753321,2.726157703721777,5.630370234681254,-2.71367446858429,3.291767837759436,-65.71347199219325
195.22844417002523,2.7361280604340132,5.630645653423074,-2.713325677566845,3.292507177807091,-65.72044859936996
195.23052787087252,2.7460983100040943,5.630920834230261,-2.712976751374956,3.293246587539729,-65.72742321809208
195.232611977986,2.756068452416886,5.631195777175255,-2.7126276900200708,3.293986066873191,-65.73439584833217
195.23469649147773,2.7660384876572017,5.6314704823304975,-2.7122784935136277,3.2947256157233027,-65.74136649006259
195.23678141145984,2.7760084157098475,5.631744949768436,-2.7119291618670496,3.295465234005891,-65.7483351432558
195.23886673804455,2.78597823655974,5.632019179561509,-2.7115796950917472,3.2962049216367766,-65.75530180788412
195.2409524713441,2.79594795019163,5.632293171782162,-2.711230093199117,3.2969446785317724,-65.76226648392004
195.24303861147092,2.8059175565903307,5.632566926502833,-2.7108803562005415,3.297684504606688,-65.76922917133604
195.24512515853735,2.8158870557405793,5.632840443795972,-2.7105304841073923,3.2984243997773244,-65.77618987010433
195.24721211265594,2.82585644762726,5.633113723734019,-2.7101804769310243,3.2991643639594797,-65.7831485801975
195.2492994739393,2.835825732235098,5.633386766389415,-2.7098303346827834,3.299904397068948,-65.79010530158793
195.25138724249996,2.845794909548857,5.633659571834605,-2.709480057373998,3.3006444990215162,-65.79706003424799
195.25347541845073,2.8557639795532754,5.63393214014203,-2.7091296450159836,3.301384669732964,-65.80401277815015
195.25556400190433,2.865732942233115,5.634204471384135,-2.708779097620048,3.302124909119069,-65.81096353326681
195.2576529929737,2.8757017975730306,5.634476565633357,-2.70842841519748,3.3028652170956,-65.81791229957035
