galstreams/tracks/track.st.Turranburra.shipp2019.ecsv
# %ECSV 0.9
# ---
# datatype:
# - {name: ra, unit: deg, datatype: float64}
# - {name: dec, unit: deg, datatype: float64}
# - {name: distance, unit: kpc, datatype: float64}
# - {name: pm_ra_cosdec, unit: mas / yr, datatype: float64}
# - {name: pm_dec, unit: mas / yr, datatype: float64}
# - {name: radial_velocity, unit: km / s, datatype: float64}
# delimiter: ','
# meta: !!omap
# - __serialized_columns__:
#     dec:
#       __class__: astropy.coordinates.angles.Latitude
#       unit: &id001 !astropy.units.Unit {unit: deg}
#       value: !astropy.table.SerializedColumn {name: dec}
#     distance:
#       __class__: astropy.coordinates.distances.Distance
#       unit: !astropy.units.Unit {unit: kpc}
#       value: !astropy.table.SerializedColumn {name: distance}
#     pm_dec:
#       __class__: astropy.units.quantity.Quantity
#       unit: !astropy.units.Unit {unit: mas / yr}
#       value: !astropy.table.SerializedColumn {name: pm_dec}
#     pm_ra_cosdec:
#       __class__: astropy.units.quantity.Quantity
#       unit: !astropy.units.Unit {unit: mas / yr}
#       value: !astropy.table.SerializedColumn {name: pm_ra_cosdec}
#     ra:
#       __class__: astropy.coordinates.angles.Longitude
#       unit: *id001
#       value: !astropy.table.SerializedColumn {name: ra}
#       wrap_angle: !astropy.coordinates.Angle
#         unit: *id001
#         value: 360.0
#     radial_velocity:
#       __class__: astropy.units.quantity.Quantity
#       unit: !astropy.units.Unit {unit: km / s}
#       value: !astropy.table.SerializedColumn {name: radial_velocity}
# schema: astropy-2.0
ra,dec,distance,pm_ra_cosdec,pm_dec,radial_velocity
[from data line 945]
68.64924688962718,-23.003824852194615,27.500000000006438,0.3785289201926015,-0.8507253707371726,-2.7184341487010375e-09
68.6585658025864,-23.008983307970194,27.500000000006423,0.3784891175387132,-0.8503377659463904,-2.7154784594384523e-09
68.66788452015076,-23.01414271168361,27.50000000000641,0.3784491730634145,-0.8499498799970806,-2.712480666340218e-09
68.67720304268076,-23.0193030633257,27.500000000006395,0.3784090866984155,-0.8495617129155778,-2.7094828732419832e-09
68.68652137053688,-23.024464362887333,27.50000000000638,0.37836885837541573,-0.8491732647282331,-2.7064682386094888e-09
68.69583950407983,-23.029626610359383,27.500000000006366,0.3783284880261019,-0.8487845354614136,-2.703436762442735e-09
68.70515744367034,-23.03478980573272,27.500000000006352,0.378287975582147,-0.8483955251415012,-2.700380023974591e-09
68.71447518966929,-23.039953948998246,27.50000000000634,0.37824732097521496,-0.848006233794896,-2.697314864739318e-09
68.72379274243764,-23.045119040146854,27.500000000006324,0.37820652413695466,-0.8476166614480121,-2.694216022435525e-09
68.73311010233647,-23.050285079169452,27.50000000000631,0.37816558499900443,-0.8472268081272804,-2.6911087593646017e-09
68.74242726972693,-23.05545206605697,27.500000000006292,0.3781245034929898,-0.8468366738591482,-2.6879762339922892e-09
68.75174424497033,-23.060620000800327,27.500000000006274,0.3780832795505245,-0.8464462586700777,-2.6848184463185874e-09
68.761061028428,-23.065788883390457,27.500000000006263,0.37804191310320906,-0.8460555625865478,-2.6816690794120147e-09
68.77037762046147,-23.07095871381833,27.50000000000625,0.37800040408263363,-0.8456645856350536,-2.678486029436923e-09
68.7796940214323,-23.07612949207488,27.500000000006235,0.3779587524203749,-0.845273327842106,-2.6752945586947018e-09
68.78901023170219,-23.081301218151097,27.500000000006217,0.37791695804799785,-0.8448817892342317,-2.6720694048839606e-09
68.79832625163291,-23.08647389203795,27.5000000000062,0.37787502089705516,-0.8444899698379735,-2.6688358303060894e-09
68.80764208158635,-23.091647513726425,27.500000000006196,0.37783294089908726,-0.8440978696798903,-2.6656022557282186e-09
68.81695772192454,-23.09682208320752,27.500000000006175,0.3777907179856231,-0.8437054887865574,-2.6623097357804385e-09
68.82627317300954,-23.101997600472234,27.500000000006168,0.3777483520881785,-0.8433128271845651,-2.659042478134048e-09
68.83558843520359,-23.107174065511597,27.50000000000615,0.37770584313825845,-0.8429198849005215,-2.655733116652008e-09
68.84490350886898,-23.112351478316622,27.500000000006132,0.37766319106735435,-0.8425266619610483,-2.652390072101449e-09
68.8542183943681,-23.117529838878344,27.500000000006118,0.3776203958069468,-0.8421331583927856,-2.649072289852279e-09
68.86353309206352,-23.122709147187816,27.500000000006104,0.3775774572885033,-0.8417393742223879,-2.64570398300033e-09
68.8728476023178,-23.127889403236086,27.500000000006086,0.3775343754434801,-0.8413453094765271,-2.6423104138469917e-09
68.88216192549366,-23.1330706070142,27.500000000006068,0.3774911502033207,-0.8409509641818897,-2.638925265460783e-09
68.89147606195397,-23.138252758513254,27.500000000006057,0.37744778149945657,-0.8405563383651791,-2.6355148547731845e-09
68.90079001206162,-23.143435857724313,27.50000000000604,0.37740426926330756,-0.8401614320531156,-2.6320876025513267e-09
68.91010377617962,-23.148619904638473,27.50000000000602,0.37736061342628097,-0.8397662452724338,-2.6286350880280787e-09
68.91941735467117,-23.153804899246822,27.500000000006015,0.37731681391977245,-0.839370778049885,-2.625182573504831e-09
68.92873074789945,-23.15899084154048,27.50000000000599,0.37727287067516513,-0.8389750304122379,-2.621696375913064e-09
68.93804395622782,-23.164177731510556,27.50000000000598,0.3772287836238303,-0.8385790023862756,-2.6181849160199073e-09
68.94735698001972,-23.169365569148166,27.500000000005965,0.37718455269712714,-0.8381826939987975,-2.614665035359621e-09
68.9566698196387,-23.174554354444457,27.500000000005947,0.377140177826403,-0.8377861052766203,-2.6111367339322043e-09
68.96598247544841,-23.179744087390574,27.50000000000593,0.3770956589429926,-0.8373892362465755,-2.6076000117376577e-09
68.97529494781263,-23.184934767977655,27.500000000005915,0.37705099597821984,-0.8369920869355112,-2.6040043441732023e-09
68.98460723709516,-23.190126396196863,27.5000000000059,0.37700618886339443,-0.836594657370292,-2.6004255181430066e-09
68.99391934366002,-23.195318972039374,27.500000000005887,0.3769612375298165,-0.8361969475777982,-2.596821429811421e-09
69.00323126787124,-23.20051249549635,27.500000000005866,0.37691614190877276,-0.835798957584926,-2.5932004999455763e-09
69.01254301009303,-23.205706966558996,27.500000000005855,0.37687090193153744,-0.8354006874185875,-2.5895627285454714e-09
69.02185457068961,-23.210902385218493,27.500000000005834,0.3768255175293743,-0.8350021371057126,-2.5859081156111068e-09
69.0311659500254,-23.21609875146604,27.500000000005826,0.37677998863353407,-0.8346033066732449,-2.5822366611424824e-09
69.04047714846487,-23.22129606529286,27.50000000000581,0.37673431517525513,-0.8342041961481464,-2.578514682071079e-09
69.04978816637258,-23.226494326690165,27.500000000005787,0.3766884970857648,-0.8338048055573937,-2.5748432276024545e-09
69.05909900411326,-23.231693535649192,27.500000000005777,0.37664253429627764,-0.8334051349279801,-2.5710875654625316e-09
69.06840966205168,-23.23689369216116,27.500000000005755,0.376596426737997,-0.8330051842869153,-2.567348744856868e-09
69.07772014055274,-23.24209479621733,27.500000000005745,0.3765501743421132,-0.8326049536612243,-2.563593082716945e-09
69.08703043998143,-23.247296847808943,27.500000000005727,0.37650377703980537,-0.8322044430779496,-2.559812158275632e-09
69.0963405607029,-23.25249984692726,27.500000000005716,0.37645723476224047,-0.8318036525641483,-2.5560143923000597e-09
69.10565050308229,-23.25770379356356,27.500000000005695,0.376410547440573,-0.8314025821468953,-2.5522082055573576e-09
69.11496026748497,-23.26290868770911,27.50000000000568,0.37636371500594673,-0.8310012318532802,-2.548359914979006e-09
69.12426985427633,-23.268114529355195,27.500000000005667,0.37631673738949173,-0.8305996017104096,-2.544520045167784e-09
69.13357926382191,-23.273321318493114,27.500000000005645,0.3762696145223276,-0.8301976917454064,-2.5406633338223027e-09
69.14288849648733,-23.278529055114166,27.500000000005627,0.3762223463355613,-0.8297955019854089,-2.536764518641172e-09
69.1521975526383,-23.28373773920966,27.500000000005617,0.3761749327602876,-0.8293930324575721,-2.5328741242271708e-09
69.16150643264069,-23.288947370770906,27.5000000000056,0.37612737372758986,-0.8289902831890675,-2.52895004674465e-09
69.1708151368604,-23.294157949789234,27.50000000000558,0.3760796691685394,-0.8285872542070825,-2.525017548495e-09
69.1801236656635,-23.299369476255972,27.50000000000557,0.37603181901419525,-0.8281839455388205,-2.5210682087110896e-09
69.18943201941613,-23.304581950162472,27.50000000000555,0.37598382319560464,-0.8277803572115017,-2.51710202739292e-09
69.19874019848456,-23.309795371500076,27.500000000005528,0.37593568164380337,-0.8273764892523613,-2.5130937422391007e-09
69.20804820323511,-23.315009740260123,27.500000000005514,0.37588739428981466,-0.8269723416886521,-2.509110719386671e-09
69.21735603403425,-23.320225056433994,27.5000000000055,0.3758389610646498,-0.8265679145476424,-2.5051024342328518e-09
69.22666369124856,-23.325441320013066,27.500000000005485,0.3757903818993088,-0.8261632078566169,-2.5010436244762534e-09
69.23597117524471,-23.330658530988693,27.500000000005464,0.37574165672477877,-0.8257582216428769,-2.4970016562539144e-09
69.24527848638947,-23.335876689352276,27.50000000000545,0.37569278547203644,-0.8253529559337395,-2.4929260049630563e-09
69.25458562504971,-23.341095795095214,27.50000000000543,0.3756437680720449,-0.8249474107565373,-2.4888335121379386e-09
69.26389259159241,-23.346315848208885,27.500000000005418,0.3755946044557562,-0.8245415861386206,-2.4847494400799504e-09
69.27319938638468,-23.35153684868472,27.5000000000054,0.3755452945541105,-0.8241354821073552,-2.480623264186313e-09
69.2825060097937,-23.356758796514125,27.500000000005386,0.37549583829803634,-0.8237290986901236,-2.476471825991286e-09
69.29181246218677,-23.36198169168852,27.50000000000536,0.3754462356184495,-0.8233224359143235,-2.4723203877962588e-09
69.30111874393128,-23.367205534199336,27.500000000005343,0.3753964864462548,-0.8229154938073704,-2.4681605288341017e-09
69.31042485539476,-23.372430324038014,27.500000000005333,0.37534659071234455,-0.8225082723966942,-2.4639585660362955e-09
69.31973079694481,-23.377656061195992,27.50000000000531,0.3752965483475992,-0.822100771709743,-2.459765024005619e-09
69.32903656894914,-23.38288274566472,27.500000000005308,0.37524635928288785,-0.8216929917739801,-2.455537798906423e-09
69.33834217177557,-23.388110377435662,27.500000000005286,0.37519602344906755,-0.8212849326168858,-2.4513021530400975e-09
69.34764760579203,-23.39333895650028,27.50000000000526,0.37514554077698326,-0.8208765942659553,-2.447041244872382e-09
69.35695287136657,-23.398568482850052,27.500000000005247,0.3750949111974682,-0.8204679767487012,-2.4427719159375366e-09
69.3662579688673,-23.403798956476443,27.500000000005233,0.3750441346413434,-0.8200590800926525,-2.438485745468432e-09
69.37556289866247,-23.409030377370954,27.500000000005215,0.37499321103941846,-0.819649904325354,-2.434182733465067e-09
69.38486766112042,-23.41426274552507,27.500000000005198,0.3749421403224915,-0.8192404494743675,-2.429837617626053e-09
69.39417225660961,-23.419496060930296,27.50000000000518,0.3748909224213478,-0.8188307155672695,-2.4254925017870386e-09
69.40347668549859,-23.424730323578128,27.500000000005162,0.3748395572667619,-0.818420702631655,-2.4211389651808945e-09
69.41278094815603,-23.42996553346008,27.500000000005148,0.3747880447894956,-0.8180104106951337,-2.4167770078076208e-09
69.42208504495069,-23.435201690567677,27.500000000005127,0.37473638492029937,-0.8175998397853323,-2.4123982089000873e-09
69.43138897625145,-23.440438794892444,27.500000000005112,0.3746845775899115,-0.8171889899298935,-2.407985726924034e-09
69.44069274242727,-23.445676846425922,27.500000000005098,0.3746326227290588,-0.8167778611564769,-2.403556403413721e-09
69.44999634384723,-23.450915845159646,27.500000000005073,0.37458052026845656,-0.8163664534927582,-2.3991186591362784e-09
69.45929978088054,-23.45615579108515,27.500000000005063,0.3745282701388072,-0.8159547669664287,-2.394672494091706e-09
69.46860305389647,-23.461396684194003,27.50000000000504,0.37447587227080276,-0.8155428016051975,-2.390184225211484e-09
69.47790616326444,-23.46663852447774,27.50000000000503,0.3744233265951218,-0.8151305574367882,-2.3857127978655217e-09
69.48720910935394,-23.47188131192796,27.500000000005006,0.37437063304243257,-0.8147180344889426,-2.38119926668391e-09
69.49651189253458,-23.477125046536212,27.500000000004988,0.37431779154339107,-0.814305232789418,-2.376677314735169e-09
69.50581451317606,-23.482369728294078,27.500000000004974,0.37426480202864126,-0.8138921523659878,-2.3721469420192975e-09
69.51511697164824,-23.487615357193143,27.500000000004956,0.37421166442881526,-0.8134787932464425,-2.367549203166387e-09
69.52441926832098,-23.49286193322499,27.500000000004935,0.37415837867453394,-0.8130651554585884,-2.363010409683386e-09
69.53372140356437,-23.49810945638123,27.50000000000492,0.3741049446964057,-0.812651239030248,-2.3584126708304757e-09
69.54302337774853,-23.503357926653454,27.500000000004906,0.3740513624250282,-0.8122370439892608,-2.3538149319775655e-09
69.55232519124368,-23.508607344033273,27.50000000000489,0.373997631790986,-0.8118225703634828,-2.3491919308232655e-09
69.56162684442019,-23.513857708512308,27.500000000004867,0.37394375272485275,-0.8114078181807858,-2.3445689296689655e-09
69.5709283376485,-23.51910902008217,27.500000000004853,0.37388972515719043,-0.8109927874690581,-2.339912245446146e-09
69.58022967129916,-23.52436127873449,27.500000000004835,0.37383554901854854,-0.8105774782562047,-2.335247140456197e-09
69.58953084574287,-23.529614484460907,27.500000000004817,0.37378122423946597,-0.8101618905701471,-2.330548352397728e-09
69.59883186135036,-23.53486863725305,27.500000000004796,0.3737267507504688,-0.8097460244388226,-2.325849564339259e-09
69.60813271849253,-23.54012373710256,27.500000000004775,0.3736721284820718,-0.8093298798901857,-2.321133934746531e-09
69.61743341754035,-23.5453797840011,27.500000000004764,0.37361735736477775,-0.8089134569522061,-2.3163846220852827e-09
69.62673395886492,-23.550636777940316,27.50000000000474,0.37356243732907846,-0.8084967556528719,-2.3116437301911647e-09
69.6360343428374,-23.55589471891187,27.500000000004725,0.3735073683054531,-0.8080797760201857,-2.306877575995657e-09
69.64533456982913,-23.56115360690743,27.500000000004707,0.37345215022436945,-0.8076625180821676,-2.3020945802658893e-09
69.6546346402115,-23.566413441918677,27.500000000004686,0.3733967830162836,-0.8072449818668537,-2.2972863222347324e-09
69.66393455435602,-23.571674223937272,27.50000000000467,0.37334126661164035,-0.8068271674022971,-2.292478064203575e-09
69.67323431263429,-23.576935952954912,27.500000000004658,0.37328560094087204,-0.8064090747165666,-2.2876529646381585e-09
69.68253391541806,-23.582198628963283,27.500000000004633,0.3732297859344,-0.8059907038377485,-2.282794182004222e-09
69.69183336307914,-23.587462251954083,27.500000000004615,0.37317382152263295,-0.805572054793944,-2.277935399370286e-09
69.70113265598948,-23.592726821918998,27.5000000000046,0.37311770763596896,-0.8051531276132723,-2.2730513544349596e-09
69.71043179452111,-23.59799233884975,27.50000000000458,0.3730614442047936,-0.8047339223238683,-2.2681673094996337e-09
69.71973077904617,-23.603258802738043,27.500000000004565,0.373005031159481,-0.8043144389538834,-2.2632495814957884e-09
69.72902960993692,-23.608526213575587,27.500000000004547,0.372948468430394,-0.8038946775314864,-2.2583486950262024e-09
69.73832828756575,-23.61379457135412,27.50000000000453,0.37289175594788354,-0.8034746380848605,-2.253372021652448e-09
69.74762681230509,-23.61906387606535,27.500000000004512,0.37283489364228817,-0.8030543206422076,-2.248412189812953e-09
69.7569251845275,-23.624334127701015,27.50000000000449,0.37277788144393603,-0.8026337252317451,-2.2434439372063286e-09
69.76622340460568,-23.629605326252854,27.50000000000447,0.3727207192831424,-0.8022128518817071,-2.238467263832574e-09
69.77552147291244,-23.634877471712606,27.500000000004455,0.3726634070902115,-0.8017917006203433,-2.2334569073903e-09
69.78481938982064,-23.640150564072016,27.500000000004437,0.3726059447954363,-0.8013702714759218,-2.228438130180896e-09
69.79411715570328,-23.64542460332284,27.500000000004416,0.37254833232909706,-0.8009485644767258,-2.2233856699029726e-09
69.80341477093346,-23.650699589456835,27.5000000000044,0.3724905696214631,-0.8005265796510546,-2.218333209625049e-09
69.81271223588442,-23.655975522465752,27.50000000000438,0.3724326566027921,-0.8001043170272261,-2.213263907812866e-09
69.82200955092945,-23.661252402341372,27.500000000004363,0.3723745932033297,-0.7996817766335724,-2.2081693436992933e-09
69.83130671644196,-23.666530229075455,27.500000000004338,0.3723163793533108,-0.7992589584984439,-2.2030747795857208e-09
69.84060373279551,-23.67180900265978,27.500000000004324,0.3722580149829572,-0.7988358626502059,-2.197971794705018e-09
69.84990060036374,-23.677088723086126,27.50000000000431,0.37219950002247976,-0.7984124891172418,-2.1928351267557956e-09
69.85919731952036,-23.682369390346285,27.50000000000429,0.3721408344020785,-0.7979888379279507,-2.187673196505184e-09
69.86849389063926,-23.687651004432034,27.500000000004263,0.3720820180519413,-0.7975649091107493,-2.182528107788832e-09
69.87779031409437,-23.69293356533518,27.50000000000425,0.37202305090224347,-0.7971407026940686,-2.177324073702571e-09
