galstreams/tracks/track.st.Turranburra.shipp2019.ecsv
# %ECSV 0.9
# ---
# datatype:
# - {name: ra, unit: deg, datatype: float64}
# - {name: dec, unit: deg, datatype: float64}
# - {name: distance, unit: kpc, datatype: float64}
# - {name: pm_ra_cosdec, unit: mas / yr, datatype: float64}
# - {name: pm_dec, unit: mas / yr, datatype: float64}
# - {name: radial_velocity, unit: km / s, datatype: float64}
# delimiter: ','
# meta: !!omap
# - __serialized_columns__:
#     dec:
#       __class__: astropy.coordinates.angles.Latitude
#       unit: &id001 !astropy.units.Unit {unit: deg}
#       value: !astropy.table.SerializedColumn {name: dec}
#     distance:
#       __class__: astropy.coordinates.distances.Distance
#       unit: !astropy.units.Unit {unit: kpc}
#       value: !astropy.table.SerializedColumn {name: distance}
#     pm_dec:
#       __class__: astropy.units.quantity.Quantity
#       unit: !astropy.units.Unit {unit: mas / yr}
#       value: !astropy.table.SerializedColumn {name: pm_dec}
#     pm_ra_cosdec:
#       __class__: astropy.units.quantity.Quantity
#       unit: !astropy.units.Unit {unit: mas / yr}
#       value: !astropy.table.SerializedColumn {name: pm_ra_cosdec}
#     ra:
#       __class__: astropy.coordinates.angles.Longitude
#       unit: *id001
#       value: !astropy.table.SerializedColumn {name: ra}
#       wrap_angle: !astropy.coordinates.Angle
#         unit: *id001
#         value: 360.0
#     radial_velocity:
#       __class__: astropy.units.quantity.Quantity
#       unit: !astropy.units.Unit {unit: km / s}
#       value: !astropy.table.SerializedColumn {name: radial_velocity}
# schema: astropy-2.0
ra,dec,distance,pm_ra_cosdec,pm_dec,radial_velocity
[from data line 945]
68.64924688962718,-23.00382485219462,27.50000000000645,0.3785289201926015,-0.8507253707371728,-2.7184341487010375e-09
68.6585658025864,-23.008983307970194,27.500000000006438,0.37848911753871295,-0.8503377659463908,-2.7154784594384523e-09
68.66788452015078,-23.014142711683608,27.500000000006427,0.3784491730634143,-0.8499498799970809,-2.7124975078744777e-09
68.67720304268076,-23.019303063325705,27.500000000006406,0.37840908669841544,-0.8495617129155784,-2.7094912940091133e-09
68.68652137053688,-23.024464362887336,27.500000000006395,0.3783688583754155,-0.8491732647282334,-2.7064682386094888e-09
68.69583950407983,-23.029626610359383,27.50000000000638,0.3783284880261016,-0.8487845354614137,-2.7034451832098647e-09
68.70515744367034,-23.034789805732725,27.500000000006366,0.3782879755821468,-0.8483955251415014,-2.700380023974591e-09
68.7144751896693,-23.03995394899825,27.500000000006356,0.37824732097521474,-0.8480062337948961,-2.697298023205058e-09
68.72379274243764,-23.04511904014686,27.500000000006338,0.37820652413695444,-0.8476166614480123,-2.6942244432026545e-09
68.73311010233647,-23.05028507916946,27.500000000006324,0.37816558499900416,-0.8472268081272808,-2.6911087593646017e-09
68.74242726972695,-23.05545206605697,27.500000000006306,0.37812450349298937,-0.8468366738591482,-2.6879762339922892e-09
68.75174424497033,-23.060620000800323,27.50000000000629,0.3780832795505242,-0.8464462586700778,-2.684835287852847e-09
68.76106102842802,-23.06578888339046,27.50000000000628,0.37804191310320895,-0.846055562586548,-2.681660658644885e-09
68.77037762046149,-23.07095871381833,27.500000000006263,0.3780004040826334,-0.8456645856350538,-2.678494450204053e-09
68.77969402143232,-23.07612949207489,27.500000000006246,0.3779587524203748,-0.8452733278421063,-2.6752861379275717e-09
68.78901023170219,-23.0813012181511,27.500000000006235,0.37791695804799763,-0.8448817892342321,-2.6720778256510903e-09
68.79832625163291,-23.08647389203795,27.500000000006214,0.37787502089705494,-0.8444899698379738,-2.668852671840349e-09
68.80764208158637,-23.091647513726425,27.500000000006207,0.37783294089908703,-0.8440978696798909,-2.665585414193959e-09
68.81695772192454,-23.096822083207524,27.500000000006192,0.3777907179856228,-0.8437054887865577,-2.662318156547568e-09
68.82627317300955,-23.101997600472238,27.500000000006178,0.37774835208817836,-0.8433128271845658,-2.659025636599788e-09
68.8355884352036,-23.1071740655116,27.50000000000616,0.3777058431382582,-0.8429198849005217,-2.6557162751177484e-09
68.84490350886898,-23.11235147831663,27.500000000006143,0.37766319106735424,-0.8425266619610488,-2.6523984928685786e-09
68.85421839436812,-23.117529838878347,27.50000000000613,0.37762039580694656,-0.8421331583927859,-2.6490638690851494e-09
68.86353309206352,-23.122709147187816,27.500000000006114,0.3775774572885031,-0.8417393742223882,-2.64570398300033e-09
68.8728476023178,-23.12788940323608,27.500000000006104,0.37753437544347973,-0.8413453094765273,-2.6423272553812515e-09
68.88216192549366,-23.13307060701421,27.500000000006082,0.3774911502033204,-0.8409509641818902,-2.638916844693653e-09
68.89147606195397,-23.138252758513254,27.500000000006068,0.3774477814994563,-0.8405563383651796,-2.6355148547731845e-09
68.90079001206162,-23.143435857724313,27.500000000006054,0.3774042692633073,-0.8401614320531159,-2.6320876025513267e-09
68.91010377617962,-23.148619904638473,27.500000000006033,0.37736061342628074,-0.8397662452724343,-2.628643508795209e-09
68.91941735467117,-23.153804899246822,27.500000000006025,0.3773168139197722,-0.8393707780498854,-2.625182573504831e-09
68.92873074789945,-23.15899084154048,27.500000000006008,0.37727287067516474,-0.8389750304122382,-2.621704796680194e-09
68.93804395622782,-23.164177731510552,27.500000000005993,0.37722878362383006,-0.8385790023862758,-2.618201757554167e-09
68.94735698001972,-23.169365569148173,27.50000000000598,0.37718455269712703,-0.838182693998798,-2.614665035359621e-09
68.9566698196387,-23.174554354444464,27.500000000005965,0.3771401778264026,-0.8377861052766205,-2.6111367339322043e-09
68.96598247544843,-23.179744087390574,27.50000000000594,0.37709565894299246,-0.837389236246576,-2.6075747494362683e-09
68.97529494781263,-23.18493476797765,27.500000000005933,0.37705099597821934,-0.8369920869355116,-2.604029606474592e-09
68.98460723709516,-23.19012639619687,27.50000000000591,0.3770061888633942,-0.8365946573702925,-2.6004255181430066e-09
68.99391934366002,-23.19531897203937,27.5000000000059,0.3769612375298162,-0.8361969475777983,-2.596829850578551e-09
69.00323126787124,-23.20051249549636,27.500000000005883,0.37691614190877243,-0.8357989575849261,-2.5932004999455763e-09
69.01254301009303,-23.205706966559003,27.50000000000587,0.37687090193153744,-0.8354006874185879,-2.5895374662440816e-09
69.02185457068963,-23.210902385218496,27.500000000005844,0.3768255175293745,-0.8350021371057129,-2.5858996948439767e-09
69.0311659500254,-23.216098751466053,27.500000000005834,0.37677998863353374,-0.8346033066732456,-2.5822198196082227e-09
69.04047714846487,-23.22129606529287,27.50000000000582,0.376734315175255,-0.8342041961481468,-2.5785315236053386e-09
69.04978816637258,-23.226494326690176,27.500000000005805,0.3766884970857644,-0.8338048055573941,-2.574809544533935e-09
69.05909900411326,-23.2316935356492,27.500000000005784,0.3766425342962777,-0.8334051349279805,-2.5710875654625316e-09
69.06840966205168,-23.236893692161157,27.500000000005773,0.37659642673799676,-0.8330051842869157,-2.5673655863911276e-09
69.07772014055274,-23.242094796217334,27.500000000005755,0.3765501743421131,-0.8326049536612248,-2.5635762411826852e-09
69.08703043998143,-23.247296847808943,27.50000000000574,0.3765037770398052,-0.83220444307795,-2.5598205790427623e-09
69.09634056070288,-23.252499846927265,27.500000000005727,0.37645723476224013,-0.8318036525641489,-2.5560143923000597e-09
69.10565050308229,-23.25770379356356,27.500000000005706,0.376410547440573,-0.8314025821468958,-2.5522166263244877e-09
69.11496026748497,-23.262908687709107,27.500000000005695,0.3763637150059464,-0.8310012318532807,-2.548359914979006e-09
69.12426985427633,-23.268114529355195,27.50000000000568,0.3763167373894914,-0.8305996017104101,-2.544520045167784e-09
69.13357926382191,-23.273321318493117,27.50000000000566,0.37626961452232727,-0.8301976917454066,-2.5406549130551726e-09
69.14288849648733,-23.27852905511417,27.500000000005645,0.376222346335561,-0.8297955019854091,-2.536764518641172e-09
69.1521975526383,-23.28373773920966,27.50000000000563,0.37617493276028724,-0.8293930324575722,-2.5328825449943004e-09
69.16150643264069,-23.288947370770902,27.500000000005613,0.3761273737275895,-0.8289902831890679,-2.5289584675117803e-09
69.1708151368604,-23.29415794978923,27.500000000005592,0.37607966916853913,-0.8285872542070829,-2.5250259692621296e-09
69.1801236656635,-23.299369476255976,27.500000000005585,0.376031819014195,-0.8281839455388209,-2.5210682087110896e-09
69.18943201941613,-23.304581950162476,27.50000000000556,0.37598382319560464,-0.827780357211502,-2.51710202739292e-09
69.19874019848456,-23.30979537150007,27.500000000005542,0.3759356816438033,-0.8273764892523614,-2.51311900454049e-09
69.20804820323511,-23.315009740260123,27.50000000000553,0.3758873942898144,-0.8269723416886525,-2.509110719386671e-09
69.21735603403425,-23.320225056433994,27.500000000005517,0.3758389610646496,-0.8265679145476426,-2.5051024342328518e-09
69.22666369124856,-23.32544132001306,27.5000000000055,0.37579038189930847,-0.8261632078566173,-2.501068886777643e-09
69.23597117524471,-23.330658530988693,27.50000000000548,0.3757416567247787,-0.8257582216428774,-2.4970016562539144e-09
69.24527848638947,-23.335876689352283,27.500000000005464,0.3756927854720362,-0.8253529559337396,-2.492942846497316e-09
69.25458562504971,-23.34109579509521,27.500000000005446,0.3756437680720444,-0.8249474107565375,-2.4888419329050682e-09
69.26389259159242,-23.346315848208892,27.500000000005432,0.3755946044557559,-0.8245415861386208,-2.4847410193128204e-09
69.27319938638469,-23.35153684868472,27.500000000005414,0.3755452945541104,-0.8241354821073557,-2.480623264186313e-09
69.28250600979372,-23.356758796514125,27.5000000000054,0.3754958382980361,-0.8237290986901236,-2.476480246758416e-09
69.29181246218677,-23.36198169168852,27.500000000005382,0.37544623561844925,-0.8233224359143236,-2.4723372293305185e-09
69.3011187439313,-23.36720553419934,27.50000000000536,0.3753964864462548,-0.8229154938073704,-2.468152108066972e-09
69.31042485539477,-23.372430324038014,27.50000000000535,0.3753465907123442,-0.8225082723966946,-2.4639585660362955e-09
69.31973079694481,-23.377656061196,27.50000000000533,0.3752965483475988,-0.8221007717097437,-2.4597397617042297e-09
69.32903656894914,-23.382882745664727,27.500000000005315,0.3752463592828877,-0.8216929917739808,-2.4555293781392934e-09
69.33834217177557,-23.38811037743567,27.5000000000053,0.3751960234490673,-0.8212849326168861,-2.4513021530400975e-09
69.34764760579203,-23.393338956500287,27.500000000005276,0.37514554077698303,-0.8208765942659557,-2.447041244872382e-09
69.35695287136657,-23.398568482850056,27.50000000000526,0.37509491119746796,-0.8204679767487016,-2.442755074403277e-09
69.3662579688673,-23.403798956476447,27.500000000005244,0.375044134641343,-0.820059080092653,-2.4384773247013018e-09
69.37556289866248,-23.40903037737096,27.50000000000523,0.37499321103941846,-0.8196499043253547,-2.4341658919308072e-09
69.38486766112042,-23.414262745525075,27.500000000005212,0.37494214032249135,-0.8192404494743677,-2.429837617626053e-09
69.39417225660961,-23.419496060930292,27.500000000005194,0.3748909224213476,-0.8188307155672698,-2.4255093433212983e-09
69.4034766854986,-23.424730323578128,27.500000000005173,0.37483955726676177,-0.8184207026316557,-2.4211389651808945e-09
69.41278094815604,-23.429965533460077,27.500000000005162,0.37478804478949546,-0.8180104106951338,-2.4167770078076208e-09
69.42208504495069,-23.435201690567684,27.500000000005137,0.37473638492029926,-0.8175998397853328,-2.4123813673658276e-09
69.43138897625145,-23.440438794892458,27.500000000005123,0.37468457758991136,-0.8171889899298941,-2.4079688853897743e-09
69.44069274242727,-23.44567684642593,27.50000000000511,0.3746326227290586,-0.8167778611564773,-2.403556403413721e-09
69.44999634384723,-23.45091584515965,27.500000000005095,0.374580520268456,-0.8163664534927584,-2.3991018176020187e-09
69.45929978088054,-23.45615579108515,27.500000000005077,0.374528270138807,-0.8159547669664292,-2.3946809148588357e-09
69.46860305389649,-23.461396684194,27.500000000005056,0.37447587227080253,-0.8155428016051978,-2.390184225211484e-09
69.47790616326444,-23.466638524477748,27.500000000005038,0.3744233265951217,-0.8151305574367887,-2.3857043770983917e-09
69.48720910935394,-23.47188131192797,27.500000000005013,0.3743706330424326,-0.8147180344889433,-2.3811908459167805e-09
69.49651189253458,-23.477125046536216,27.500000000005,0.37431779154339095,-0.8143052327894186,-2.376660473200909e-09
69.50581451317606,-23.48236972829408,27.500000000004984,0.3742648020286411,-0.8138921523659883,-2.372130100485038e-09
69.51511697164824,-23.487615357193135,27.500000000004974,0.37421166442881504,-0.8134787932464426,-2.3675913070020364e-09
69.52441926832098,-23.492861933224997,27.50000000000495,0.3741583786745336,-0.8130651554585887,-2.362993568149126e-09
69.53372140356439,-23.498109456381233,27.500000000004935,0.3741049446964055,-0.8126512390302482,-2.3584210915976054e-09
69.54302337774853,-23.503357926653457,27.500000000004917,0.37405136242502807,-0.8122370439892616,-2.3538149319775655e-09
69.55232519124368,-23.50860734403328,27.5000000000049,0.3739976317909859,-0.8118225703634834,-2.3491919308232655e-09
69.56162684442019,-23.513857708512315,27.500000000004878,0.3739437527248526,-0.8114078181807863,-2.3445605089018354e-09
69.5709283376485,-23.519109020082176,27.500000000004864,0.3738897251571902,-0.8109927874690588,-2.3398954039118864e-09
69.58022967129918,-23.524361278734496,27.500000000004853,0.37383554901854826,-0.8105774782562051,-2.335213457387677e-09
69.58953084574287,-23.529614484460907,27.500000000004828,0.37378122423946597,-0.8101618905701479,-2.330556773164858e-09
69.59883186135036,-23.534868637253048,27.50000000000481,0.3737267507504685,-0.809746024438823,-2.3258411435721294e-09
69.60813271849253,-23.54012373710256,27.500000000004793,0.37367212848207143,-0.809329879890186,-2.321133934746531e-09
69.61743341754035,-23.545379784001096,27.500000000004775,0.3736173573647775,-0.8089134569522066,-2.316393042852413e-09
69.62673395886492,-23.55063677794032,27.500000000004754,0.37356243732907823,-0.8084967556528724,-2.3116437301911647e-09
69.63603434283742,-23.555894718911873,27.50000000000474,0.3735073683054529,-0.8080797760201859,-2.3068691552285272e-09
69.64533456982915,-23.561153606907432,27.500000000004718,0.37345215022436906,-0.8076625180821679,-2.3020777387316296e-09
69.65463464021151,-23.566413441918673,27.500000000004704,0.3733967830162835,-0.8072449818668541,-2.297294743001862e-09
69.66393455435602,-23.571674223937276,27.500000000004686,0.3733412666116401,-0.8068271674022974,-2.2924696434364454e-09
69.67323431263429,-23.57693595295492,27.50000000000467,0.37328560094087176,-0.8064090747165672,-2.2876445438710284e-09
69.68253391541806,-23.58219862896329,27.500000000004647,0.37322978593439987,-0.8059907038377488,-2.282802602771352e-09
69.69183336307914,-23.587462251954083,27.50000000000463,0.37317382152263273,-0.8055720547939443,-2.2779438201374155e-09
69.70113265598948,-23.592726821919005,27.50000000000461,0.3731177076359689,-0.805153127613273,-2.2730513544349596e-09
69.71043179452111,-23.59799233884975,27.500000000004594,0.3730614442047933,-0.804733922323869,-2.268158888732504e-09
69.71973077904617,-23.603258802738043,27.50000000000458,0.3730050311594808,-0.804314438953884,-2.263258002262918e-09
69.72902960993693,-23.608526213575587,27.50000000000456,0.37294846843039375,-0.8038946775314866,-2.258323432724813e-09
69.73832828756575,-23.61379457135412,27.500000000004544,0.3728917559478833,-0.803474638084861,-2.2533888631867076e-09
69.74762681230509,-23.61906387606535,27.500000000004526,0.372834893642288,-0.803054320642208,-2.248412189812953e-09
69.7569251845275,-23.624334127701015,27.500000000004505,0.37277788144393575,-0.8026337252317455,-2.2434607787405883e-09
69.7662234046057,-23.629605326252854,27.500000000004484,0.3727207192831421,-0.8022128518817073,-2.238458843065444e-09
69.77552147291244,-23.634877471712606,27.500000000004466,0.3726634070902113,-0.8017917006203437,-2.2334569073903e-09
69.78481938982064,-23.640150564072023,27.500000000004448,0.3726059447954359,-0.8013702714759223,-2.2284212886466364e-09
69.79411715570328,-23.64542460332284,27.50000000000443,0.37254833232909695,-0.800948564476726,-2.2234025114372323e-09
69.80341477093347,-23.650699589456835,27.50000000000441,0.37249056962146304,-0.8005265796510553,-2.218333209625049e-09
69.81271223588442,-23.65597552246576,27.50000000000439,0.37243265660279207,-0.8001043170272265,-2.213263907812866e-09
69.82200955092945,-23.661252402341372,27.500000000004377,0.37237459320332966,-0.799681776633573,-2.2081693436992933e-09
69.83130671644197,-23.66653022907546,27.50000000000436,0.3723163793533106,-0.799258958498444,-2.2030663588185907e-09
69.84060373279553,-23.67180900265978,27.500000000004338,0.37225801498295696,-0.7988358626502063,-2.197963373937888e-09
69.84990060036374,-23.677088723086136,27.500000000004317,0.37219950002247987,-0.7984124891172426,-2.192826705988666e-09
69.85919731952038,-23.682369390346285,27.5000000000043,0.37214083440207874,-0.7979888379279516,-2.187664775738054e-09
69.86849389063927,-23.687651004432038,27.500000000004285,0.3720820180519413,-0.7975649091107496,-2.1825196870217024e-09
69.87779031409437,-23.69293356533519,27.50000000000426,0.3720230509022433,-0.7971407026940691,-2.177324073702571e-09
69.88708659025976,-23.69821707304752,27.500000000004245,0.37196393288314955,-0.796716218706359,-2.1721453019176995e-09
