galstreams/tracks/track.st.Gaia-1.ibata2024.ecsv
# %ECSV 1.0
# ---
# datatype:
# - {name: ra, unit: deg, datatype: float64}
# - {name: dec, unit: deg, datatype: float64}
# - {name: distance, unit: kpc, datatype: float64}
# - {name: pm_ra_cosdec, unit: mas / yr, datatype: float64}
# - {name: pm_dec, unit: mas / yr, datatype: float64}
# - {name: radial_velocity, unit: km / s, datatype: float64}
# delimiter: ','
# meta: !!omap
# - __serialized_columns__:
#     dec:
#       __class__: astropy.coordinates.angles.Latitude
#       unit: &id001 !astropy.units.Unit {unit: deg}
#       value: !astropy.table.SerializedColumn {name: dec}
#     distance:
#       __class__: astropy.coordinates.distances.Distance
#       unit: !astropy.units.Unit {unit: kpc}
#       value: !astropy.table.SerializedColumn {name: distance}
#     pm_dec:
#       __class__: astropy.units.quantity.Quantity
#       unit: !astropy.units.Unit {unit: mas / yr}
#       value: !astropy.table.SerializedColumn {name: pm_dec}
#     pm_ra_cosdec:
#       __class__: astropy.units.quantity.Quantity
#       unit: !astropy.units.Unit {unit: mas / yr}
#       value: !astropy.table.SerializedColumn {name: pm_ra_cosdec}
#     ra:
#       __class__: astropy.coordinates.angles.Longitude
#       unit: *id001
#       value: !astropy.table.SerializedColumn {name: ra}
#       wrap_angle: !astropy.coordinates.Angle
#         unit: *id001
#         value: 360.0
#     radial_velocity:
#       __class__: astropy.units.quantity.Quantity
#       unit: !astropy.units.Unit {unit: km / s}
#       value: !astropy.table.SerializedColumn {name: radial_velocity}
# schema: astropy-2.0
ra,dec,distance,pm_ra_cosdec,pm_dec,radial_velocity
[from data line 3382]
201.80589248149388,5.523862916571746,0.9999999999999988,-16.38822323694976,-21.01882821774287,30.44824731382875
201.8118912253723,5.531884279566455,0.9999999999999988,-16.388975218453705,-21.01849384597406,30.3377071749813
201.81789041793226,5.539905379507069,0.9999999999999988,-16.38972635599101,-21.018157691617102,30.227150448003098
201.8238900596475,5.547926216133281,0.9999999999999987,-16.39047664889699,-21.017819753953624,30.11657712371538
201.82989015099204,5.555946789184746,0.9999999999999989,-16.391226096506852,-21.01748003226531,30.005987192939006
201.8358906924397,5.563967098401078,0.9999999999999988,-16.39197469815569,-21.017138525833957,29.89538064649503
201.84189168446449,5.571987143521844,0.9999999999999988,-16.39272245317845,-21.016795233941316,29.78475747520447
201.84789312754037,5.580006924286555,0.9999999999999988,-16.393469360909997,-21.016450155869308,29.674117669888506
201.85389502214144,5.588026440434689,0.9999999999999988,-16.39421542068507,-21.016103290899846,29.563461221368023
201.85989736874174,5.59604569170568,0.9999999999999987,-16.394960631838277,-21.015754638314927,29.45278812046408
201.86590016781543,5.604064677838901,0.9999999999999989,-16.3957049937041,-21.01540419739659,29.34209835799772
201.87190341983657,5.612083398573695,0.9999999999999987,-16.396448505616938,-21.01505196742697,29.2313919247901
201.87790712527942,5.6201018536493565,0.9999999999999987,-16.397191166911043,-21.014697947688223,29.12066881166201
201.88391128461822,5.628120042805126,0.9999999999999988,-16.397932976920544,-21.014342137462595,29.00992900943475
201.88991589832722,5.636137965780209,0.9999999999999989,-16.398673934979474,-21.01398453603237,28.899172508929198
201.89592096688074,5.644155622313759,0.9999999999999988,-16.399414040421735,-21.013625142679906,28.788399300966447
201.9019264907531,5.652173012144893,0.9999999999999988,-16.40015329258111,-21.013263956687624,28.677609376367414
201.90793247041873,5.660190135012663,0.9999999999999989,-16.40089169079126,-21.012900977337996,28.566802725953323
201.91393890635203,5.668206990656095,0.9999999999999988,-16.40162923438573,-21.01253620391356,28.4559793405451
201.91994579902743,5.676223578814162,0.9999999999999987,-16.40236592269795,-21.012169635696917,28.345139210963744
201.92595314891952,5.684239899225783,0.9999999999999989,-16.403101755061215,-21.011801271970718,28.234282328030364
201.93196095650276,5.6922559516298445,0.9999999999999989,-16.403836730808717,-21.011431112017696,28.123408682566026
201.93796922225178,5.700271735765183,0.9999999999999988,-16.404570849273526,-21.011059155120634,28.01251826539157
201.94397794664118,5.708287251370575,0.9999999999999988,-16.40530410978857,-21.010685400562377,27.901611067328314
201.9499871301456,5.716302498184774,0.9999999999999988,-16.40603651168668,-21.010309847625827,27.79068707919718
201.95599677323978,5.72431747594647,0.9999999999999988,-16.406768054300567,-21.009932495593958,27.679746291819107
201.96200687639842,5.732332184394322,0.9999999999999988,-16.4074987369628,-21.0095533437498,27.56878869601515
201.96801744009628,5.740346623266917,0.9999999999999988,-16.408228559005842,-21.009172391376445,27.457814282606495
201.9740284648082,5.748360792302821,0.9999999999999988,-16.408957519762037,-21.00878963775706,27.346823042414037
201.9800399510091,5.756374691240549,0.9999999999999987,-16.409685618563607,-21.008405082174857,27.23581496625877
201.9860518991738,5.764388319818555,0.9999999999999989,-16.41041285474263,-21.008018723913107,27.12479004496193
201.9920643097772,5.772401677775261,0.9999999999999987,-16.411139227631104,-21.00763056225518,27.013748269344433
201.99807718329433,5.780414764849045,0.9999999999999989,-16.411864736560858,-21.007240596484458,26.902689630227208
202.0040905202002,5.788427580778216,0.9999999999999988,-16.412589380863643,-21.00684882588444,26.79161411843146
202.01010432096984,5.79644012530106,0.9999999999999988,-16.413313159871056,-21.00645524973863,26.6805217247782
202.0161185860783,5.804452398155809,0.9999999999999988,-16.414036072914584,-21.006059867330645,26.569412440088385
202.02213331600083,5.812464399080648,0.9999999999999988,-16.41475811932559,-21.005662677944148,26.458286255183033
202.02814851121246,5.820476127813708,0.9999999999999988,-16.415479298435315,-21.005263680862857,26.34714316088329
202.03416417218847,5.828487584093081,0.9999999999999987,-16.416199609574864,-21.004862875370566,26.235983148010167
202.0401802994041,5.836498767656814,0.9999999999999987,-16.41691905207525,-21.004460260751117,26.124806207384612
202.04619689333467,5.8445096782429005,0.9999999999999987,-16.417637625267332,-21.004055836288437,26.013612329827744
202.0522139544554,5.852520315589289,0.9999999999999986,-16.41835532848186,-21.003649601266524,25.9024015061606
202.05823148324177,5.860530679433884,0.9999999999999986,-16.419072161049453,-21.003241554969392,25.79117372720411
202.06424948016914,5.868540769514532,0.9999999999999986,-16.419788122300616,-21.002831696681167,25.679928983779444
202.07026794571294,5.87655058556905,0.9999999999999987,-16.420503211565716,-21.002420025686025,25.56866726670758
202.07628688034868,5.8845601273351935,0.9999999999999986,-16.421217428175012,-21.002006541268212,25.45738856680955
202.08230628455186,5.892569394550681,0.9999999999999986,-16.421930771458623,-21.001591242712017,25.34609287490635
202.08832615879808,5.900578386953168,0.9999999999999988,-16.422643240746552,-21.001174129301823,25.234780181819108
202.09434650356292,5.908587104280281,0.9999999999999987,-16.423354835368684,-21.000755200322065,25.1234504783688
202.10036731932203,5.916595546269587,0.9999999999999988,-16.42406555465476,-21.00033445505723,25.01210375537642
202.1063886065511,5.924603712658608,0.9999999999999987,-16.42477539793441,-20.999911892791914,24.90074000366314
202.11241036572582,5.93261160318482,0.9999999999999988,-16.425484364537137,-20.999487512810727,24.78935921404988
202.11843259732203,5.940619217585658,0.9999999999999988,-16.426192453792325,-20.999061314398368,24.677961377357608
202.12445530181543,5.948626555598486,0.9999999999999986,-16.42689966502921,-20.99863329683961,24.56654648440756
202.13047847968195,5.956633616960646,0.9999999999999987,-16.42760599757692,-20.99820345941927,24.455114526020672
202.13650213139744,5.964640401409424,0.9999999999999987,-16.428311450764454,-20.99777180142225,24.343665493017948
202.14252625743782,5.972646908682054,0.9999999999999986,-16.429016023920692,-20.997338322133526,24.232199376220382
202.14855085827907,5.98065313851572,0.9999999999999987,-16.429719716374372,-20.996903020838115,24.12071616644918
202.15457593439717,5.988659090647568,0.9999999999999984,-16.430422527454112,-20.99646589682111,24.009215854525262
202.16060148626818,5.996664764814692,0.9999999999999987,-16.431124456488405,-20.996026949367675,23.897698431269603
202.16662751436823,6.004670160754125,0.9999999999999987,-16.431825502805626,-20.995586177763048,23.786163887503378
202.17265401917336,6.012675278202875,0.9999999999999986,-16.432525665734005,-20.995143581292528,23.674612214047546
202.17868100115982,6.020680116897885,0.9999999999999988,-16.433224944601648,-20.994699159241456,23.56304340172309
202.18470846080373,6.028684676576052,0.9999999999999987,-16.433923338736555,-20.99425291089529,23.451457441351163
202.19073639858138,6.03668895697423,0.9999999999999986,-16.43462084746657,-20.993804835539514,23.339854323752753
202.1967648149691,6.044692957829218,0.9999999999999989,-16.43531747011941,-20.9933549324597,23.228234039748898
202.20279371044313,6.052696678877784,0.9999999999999987,-16.436013206022707,-20.992903200941488,23.116596580160536
202.2088230854799,6.060700119856613,0.9999999999999989,-16.43670805450391,-20.99244964027057,23.004941935808873
202.2148529405558,6.068703280502376,0.9999999999999987,-16.437402014890374,-20.99199424973272,22.893270097514858
202.2208832761473,6.0767061605516846,0.9999999999999987,-16.438095086509303,-20.99153702861378,22.781581056099437
202.22691409273085,6.0847087597410825,0.9999999999999986,-16.438787268687797,-20.991077976199655,22.669874802383795
202.23294539078302,6.09271107780709,0.9999999999999987,-16.4394785607528,-20.990617091776315,22.55815132718893
202.23897717078034,6.100713114486177,0.9999999999999988,-16.440168962031148,-20.990154374629817,22.446410621335826
202.24500943319947,6.1087148695147455,0.9999999999999987,-16.440858471849545,-20.98968982404626,22.334652675645525
202.251042178517,6.116716342629165,0.9999999999999987,-16.441547089534552,-20.989223439311832,22.222877480939175
202.25707540720967,6.124717533565753,0.9999999999999986,-16.44223481441262,-20.98875521971279,22.111085028037667
202.2631091197542,6.132718442060775,0.9999999999999987,-16.442921645810046,-20.98828516453544,21.999275307761994
202.26914331662738,6.140719067850446,0.9999999999999987,-16.443607583053023,-20.987813273066187,21.887448310933436
202.27517799830602,6.148719410670936,0.9999999999999987,-16.4442926254676,-20.987339544591485,21.77560402837282
202.28121316526693,6.156719470258369,0.9999999999999988,-16.44497677237969,-20.986863978397853,21.663742450901243
202.2872488179871,6.164719246348804,0.9999999999999986,-16.445660023115096,-20.98638657377191,21.551863569339726
202.29328495694338,6.172718738678272,0.9999999999999987,-16.446342376999468,-20.985907330000305,21.43996737450936
202.2993215826128,6.180717946982746,0.9999999999999987,-16.447023833358326,-20.98542624636978,21.328053857231026
202.30535869547236,6.188716870998136,0.9999999999999987,-16.44770439151709,-20.984943322167155,21.21612300832601
202.31139629599912,6.196715510460327,0.9999999999999987,-16.448384050801007,-20.984458556679296,21.10417481861516
202.3174343846702,6.204713865105136,0.9999999999999987,-16.44906281053522,-20.98397194919316,20.99220927891959
202.32347296196275,6.212711934668342,0.9999999999999986,-16.449740670044733,-20.98348349899577,20.880226380060183
202.32951202835392,6.220709718885661,0.9999999999999987,-16.450417628654414,-20.982993205374207,20.76822611285819
202.33555158432097,6.22870721749277,0.9999999999999987,-16.451093685689003,-20.982501067615647,20.656208468134583
202.34159163034116,6.236704430225303,0.9999999999999986,-16.45176884047311,-20.98200708500731,20.544173436710285
202.34763216689174,6.244701356818824,0.9999999999999986,-16.452443092331208,-20.98151125683652,20.432121009406476
202.35367319445018,6.252697997008859,0.9999999999999986,-16.453116440587646,-20.98101358239063,20.320051177044107
202.3597147134938,6.260694350530892,0.9999999999999987,-16.45378888456662,-20.98051406095709,20.207963930444205
202.36575672450002,6.268690417120339,0.9999999999999983,-16.45446042359223,-20.980012691823443,20.095859260427837
202.37179922794633,6.276686196512575,0.9999999999999986,-16.45513105698839,-20.97950947427725,19.983737157816083
202.37784222431026,6.2846816884429275,0.9999999999999986,-16.455800784078935,-20.979004407606187,19.871597613429934
202.38388571406932,6.2926768926466785,0.9999999999999986,-16.45646960418753,-20.978497491097997,19.759440618090352
202.38992969770118,6.300671808859045,0.9999999999999984,-16.457137516637733,-20.97798872404048,19.64726616261853
202.39597417568348,6.308666436815199,0.9999999999999984,-16.457804520752944,-20.97747810572151,19.535074237835346
202.40201914849382,6.31666077625028,0.9999999999999987,-16.45847061585643,-20.97696563542904,19.422864834561924
202.40806461661,6.324654826899343,0.9999999999999987,-16.45913580127136,-20.976451312451104,19.310637943619284
202.41411058050974,6.3326485884974195,0.9999999999999986,-16.459800076320715,-20.9759351360758,19.198393555828474
202.4201570406709,6.3406420607794916,0.9999999999999986,-16.460463440327388,-20.975417105591287,19.086131662010466
202.42620399757126,6.3486352434804685,0.9999999999999986,-16.461125892614106,-20.974897220285822,18.9738522529864
202.43225145168876,6.35662813633523,0.9999999999999984,-16.461787432503478,-20.97437547944771,18.86155531957726
202.43829940350133,6.364620739078594,0.9999999999999988,-16.462448059317964,-20.97385188236534,18.749240852604082
202.44434785348693,6.372613051445337,0.9999999999999986,-16.463107772379917,-20.9733264283272,18.63690884288777
202.45039680212358,6.380605073170173,0.9999999999999984,-16.463766571011522,-20.972799116621808,18.524559281249633
202.4564462498893,6.388596803987769,0.9999999999999984,-16.464424454534843,-20.972269946537782,18.41219215851051
202.46249619726228,6.396588243632757,0.9999999999999986,-16.465081422271798,-20.971738917363794,18.29980746549143
202.4685466447206,6.404579391839692,0.9999999999999986,-16.465737473544202,-20.97120602838863,18.187405193013536
202.47459759274244,6.412570248343094,0.9999999999999987,-16.46639260767369,-20.9706712789011,18.074985331897825
202.48064904180606,6.420560812877436,0.9999999999999984,-16.46704682398179,-20.970134668190127,17.962547872965214
202.4867009923897,6.428551085177121,0.9999999999999986,-16.467700121789875,-20.969596195544693,17.850092807036983
202.4927534449717,6.43654106497652,0.9999999999999984,-16.468352500419208,-20.96905586025385,17.737620124933944
202.4988064000304,6.4445307520099435,0.9999999999999986,-16.469003959190875,-20.968513661606732,17.62512981747726
202.50485985804414,6.452520146011655,0.9999999999999987,-16.469654497425857,-20.967969598892545,17.51262187548786
202.51091381949144,6.460509246715861,0.9999999999999986,-16.470304114444996,-20.96742367140059,17.4000962897869
202.51696828485075,6.468498053856714,0.9999999999999986,-16.470952809568985,-20.9668758784202,17.28755305119532
202.52302325460056,6.4764865671683385,0.9999999999999987,-16.471600582118374,-20.966326219240834,17.174992150534134
202.5290787292195,6.484474786384779,0.9999999999999984,-16.472247431413606,-20.965774693151985,17.062413578624508
202.5351347091861,6.4924627112400355,0.9999999999999986,-16.472893356774936,-20.965221299443243,16.94981732628745
202.5411911949791,6.500450341468073,0.9999999999999986,-16.473538357522536,-20.964666037404275,16.837203384343777
202.5472481870771,6.508437676802784,0.9999999999999986,-16.47418243297639,-20.964108906324803,16.724571743614842
202.55330568595886,6.516424716978018,0.9999999999999986,-16.474825582456383,-20.963549905494663,16.611922394921553
202.5593636921032,6.524411461727574,0.9999999999999986,-16.47546780528224,-20.962989034203726,16.49925532908484
202.56542220598885,6.532397910785205,0.9999999999999986,-16.476109100773545,-20.962426291741963,16.38657053692586
202.5714812280948,6.540384063884592,0.9999999999999984,-16.476749468249764,-20.96186167739943,16.273868009265563
202.57754075889986,6.548369920759382,0.9999999999999986,-16.4773889070302,-20.961295190466238,16.1611477369251
202.58360079888297,6.5563554811431715,0.9999999999999986,-16.47802741643402,-20.96072683023258,16.048409710725345
202.58966134852315,6.564340744769492,0.9999999999999986,-16.47866499578027,-20.960156595988746,15.935653921487551
202.59572240829945,6.57232571137183,0.9999999999999986,-16.479301644387842,-20.959584487025072,15.822880360032588
202.60178397869092,6.580310380683627,0.9999999999999986,-16.479937361575484,-20.95901050263199,15.71008901718146
202.60784606017666,6.5882947524382525,0.9999999999999987,-16.480572146661807,-20.958434642100016,15.597279883755366
202.61390865323585,6.596278826369044,0.9999999999999987,-16.481205998965294,-20.957856904719726,15.484452950575253
202.61997175834773,6.604262602209278,0.9999999999999986,-16.48183891780427,-20.95727728978179,15.371608208462114
202.62603537599148,6.612246079692188,0.9999999999999983,-16.482470902496935,-20.956695796576934,15.258745648237007
202.6320995066464,6.620229258550926,0.9999999999999984,-16.483101952361316,-20.956112424395993,15.145865260721058
202.63816415079188,6.628212138518624,0.9999999999999983,-16.48373206671536,-20.95552717252987,15.032967036735139
202.64422930890723,6.636194719328355,0.9999999999999984,-16.4843612448768,-20.954940040269513,14.920050967100416
