galstreams/tracks/track.st.Pal5.starkman2020.ecsv
# %ECSV 0.9
# ---
# datatype:
# - {name: ra, unit: deg, datatype: float64}
# - {name: dec, unit: deg, datatype: float64}
# - {name: distance, unit: kpc, datatype: float64}
# - {name: pm_ra_cosdec, unit: mas / yr, datatype: float64}
# - {name: pm_dec, unit: mas / yr, datatype: float64}
# - {name: radial_velocity, unit: km / s, datatype: float64}
# delimiter: ','
# meta: !!omap
# - __serialized_columns__:
#     dec:
#       __class__: astropy.coordinates.angles.Latitude
#       unit: &id001 !astropy.units.Unit {unit: deg}
#       value: !astropy.table.SerializedColumn {name: dec}
#     distance:
#       __class__: astropy.coordinates.distances.Distance
#       unit: !astropy.units.Unit {unit: kpc}
#       value: !astropy.table.SerializedColumn {name: distance}
#     pm_dec:
#       __class__: astropy.units.quantity.Quantity
#       unit: !astropy.units.Unit {unit: mas / yr}
#       value: !astropy.table.SerializedColumn {name: pm_dec}
#     pm_ra_cosdec:
#       __class__: astropy.units.quantity.Quantity
#       unit: !astropy.units.Unit {unit: mas / yr}
#       value: !astropy.table.SerializedColumn {name: pm_ra_cosdec}
#     ra:
#       __class__: astropy.coordinates.angles.Longitude
#       unit: *id001
#       value: !astropy.table.SerializedColumn {name: ra}
#       wrap_angle: !astropy.coordinates.Angle
#         unit: *id001
#         value: 360.0
#     radial_velocity:
#       __class__: astropy.units.quantity.Quantity
#       unit: !astropy.units.Unit {unit: km / s}
#       value: !astropy.table.SerializedColumn {name: radial_velocity}
# schema: astropy-2.0
ra,dec,distance,pm_ra_cosdec,pm_dec,radial_velocity
[from data line 1865]
224.39707770011756,-4.940858992582317,22.50000000000002,0.0,0.0,-0.0
224.3909586561307,-4.949064911947437,22.500000000000014,0.0,0.0,-0.0
224.3848423704337,-4.95727404237056,22.500000000000018,0.0,0.0,-0.0
224.3787288433204,-4.965486384367009,22.500000000000018,0.0,0.0,-0.0
224.37261807508511,-4.9737019384522165,22.500000000000018,0.0,0.0,-0.0
224.36651006602222,-4.981920705141752,22.500000000000018,0.0,0.0,-0.0
224.3604048164264,-4.990142684951295,22.500000000000018,0.0,0.0,-0.0
224.35430232659266,-4.998367878396665,22.500000000000018,0.0,0.0,-0.0
224.34820259681618,-5.006596285993794,22.500000000000018,0.0,0.0,-0.0
224.34210562739247,-5.014827908258751,22.500000000000014,0.0,0.0,-0.0
224.33601141861723,-5.02306274570772,22.500000000000018,0.0,0.0,-0.0
224.32991997078653,-5.031300798857003,22.500000000000018,0.0,0.0,-0.0
224.32383128419656,-5.039542068223036,22.500000000000018,0.0,0.0,-0.0
224.31774535914386,-5.047786554322374,22.500000000000014,0.0,0.0,-0.0
224.31166219592524,-5.056034257671695,22.500000000000018,0.0,0.0,-0.0
224.30558179483776,-5.064285178787796,22.500000000000018,0.0,0.0,-0.0
224.2995041561787,-5.072539318187605,22.500000000000014,0.0,0.0,-0.0
224.29342928024565,-5.080796676388157,22.500000000000018,0.0,0.0,-0.0
224.28735716733652,-5.08905725390662,22.500000000000018,0.0,0.0,-0.0
224.2812878177494,-5.097321051260283,22.500000000000018,0.0,0.0,-0.0
224.27522123178258,-5.10558806896655,22.50000000000002,0.0,0.0,-0.0
224.26915740973487,-5.1138583075429525,22.500000000000018,0.0,0.0,-0.0
224.2630963519051,-5.122131767507135,22.500000000000014,0.0,0.0,-0.0
224.25703805859249,-5.13040844937686,22.500000000000025,0.0,0.0,-0.0
224.2509825300965,-5.1386883536700285,22.500000000000018,0.0,0.0,-0.0
224.24492976671692,-5.146971480904634,22.500000000000018,0.0,0.0,-0.0
224.2388797687537,-5.1552578315988145,22.500000000000014,0.0,0.0,-0.0
224.23283253650712,-5.163547406270805,22.500000000000018,0.0,0.0,-0.0
224.22678807027782,-5.171840205438972,22.500000000000018,0.0,0.0,-0.0
224.22074637036656,-5.1801362296218,22.500000000000018,0.0,0.0,-0.0
224.21470743707445,-5.188435479337888,22.500000000000018,0.0,0.0,-0.0
224.20867127070295,-5.196737955105952,22.500000000000018,0.0,0.0,-0.0
224.20263787155366,-5.205043657444828,22.500000000000014,0.0,0.0,-0.0
224.19660723992854,-5.213352586873465,22.500000000000014,0.0,0.0,-0.0
224.19057937612982,-5.221664743910935,22.500000000000018,0.0,0.0,-0.0
224.18455428046002,-5.229980129076422,22.500000000000018,0.0,0.0,-0.0
224.1785319532219,-5.238298742889227,22.500000000000014,0.0,0.0,-0.0
224.17251239471855,-5.246620585868772,22.500000000000018,0.0,0.0,-0.0
224.1664956052533,-5.2549456585345835,22.500000000000018,0.0,0.0,-0.0
224.16048158512973,-5.263273961406308,22.50000000000002,0.0,0.0,-0.0
224.15447033465185,-5.271605495003716,22.500000000000018,0.0,0.0,-0.0
224.1484618541238,-5.2799402598466845,22.500000000000018,0.0,0.0,-0.0
224.1424561438501,-5.2882782564552056,22.500000000000014,0.0,0.0,-0.0
224.1364532041355,-5.29661948534938,22.500000000000018,0.0,0.0,-0.0
224.13045303528503,-5.304963947049432,22.500000000000018,0.0,0.0,-0.0
224.1244556376041,-5.313311642075699,22.500000000000018,0.0,0.0,-0.0
224.11846101139827,-5.3216625709486225,22.500000000000018,0.0,0.0,-0.0
224.11246915697353,-5.330016734188767,22.50000000000002,0.0,0.0,-0.0
224.106480074636,-5.3383741323168055,22.500000000000018,0.0,0.0,-0.0
224.10049376469235,-5.346734765853522,22.500000000000018,0.0,0.0,-0.0
224.0945102274492,-5.355098635319813,22.500000000000018,0.0,0.0,-0.0
224.08852946321372,-5.363465741236686,22.50000000000002,0.0,0.0,-0.0
224.0825514722933,-5.371836084125266,22.500000000000018,0.0,0.0,-0.0
224.07657625499556,-5.380209664506785,22.500000000000018,0.0,0.0,-0.0
224.07060381162853,-5.388586482902583,22.500000000000014,0.0,0.0,-0.0
224.06463414250047,-5.396966539834112,22.500000000000018,0.0,0.0,-0.0
224.05866724791989,-5.405349835822935,22.500000000000018,0.0,0.0,-0.0
224.0527031281957,-5.413736371390729,22.500000000000018,0.0,0.0,-0.0
224.046741783637,-5.422126147059279,22.500000000000018,0.0,0.0,-0.0
224.04078321455336,-5.430519163350471,22.500000000000018,0.0,0.0,-0.0
224.0348274212544,-5.438915420786312,22.500000000000014,0.0,0.0,-0.0
224.02887440405024,-5.447314919888911,22.500000000000014,0.0,0.0,-0.0
224.02292416325128,-5.455717661180483,22.500000000000014,0.0,0.0,-0.0
224.01697669916808,-5.464123645183362,22.500000000000018,0.0,0.0,-0.0
224.0110320121117,-5.472532872419977,22.500000000000018,0.0,0.0,-0.0
224.00509010239332,-5.480945343412872,22.500000000000018,0.0,0.0,-0.0
223.9991509703246,-5.4893610586846995,22.500000000000018,0.0,0.0,-0.0
223.99321461621733,-5.497780018758212,22.500000000000018,0.0,0.0,-0.0
223.98728104038372,-5.506202224156277,22.500000000000018,0.0,0.0,-0.0
223.9813502431363,-5.514627675401866,22.500000000000018,0.0,0.0,-0.0
223.9754222247878,-5.523056373018047,22.500000000000018,0.0,0.0,-0.0
223.96949698565135,-5.531488317528008,22.500000000000018,0.0,0.0,-0.0
223.96357452604042,-5.53992350945503,22.50000000000002,0.0,0.0,-0.0
223.95765484626864,-5.548361949322515,22.500000000000018,0.0,0.0,-0.0
223.95173794665007,-5.556803637653953,22.500000000000018,0.0,0.0,-0.0
223.94582382749908,-5.565248574972946,22.500000000000018,0.0,0.0,-0.0
223.93991248913036,-5.573696761803202,22.500000000000014,0.0,0.0,-0.0
223.9340039318588,-5.582148198668529,22.500000000000014,0.0,0.0,-0.0
223.92809815599975,-5.590602886092837,22.500000000000018,0.0,0.0,-0.0
223.92219516186879,-5.5990608246001505,22.500000000000018,0.0,0.0,-0.0
223.91629494978181,-5.607522014714589,22.50000000000002,0.0,0.0,-0.0
223.9103975200551,-5.615986456960368,22.500000000000018,0.0,0.0,-0.0
223.90450287300516,-5.624454151861817,22.500000000000014,0.0,0.0,-0.0
223.8986110089489,-5.632925099943358,22.50000000000002,0.0,0.0,-0.0
223.89272192820349,-5.6413993017295265,22.50000000000002,0.0,0.0,-0.0
223.8868356310864,-5.649876757744955,22.50000000000002,0.0,0.0,-0.0
223.88095211791548,-5.658357468514364,22.500000000000018,0.0,0.0,-0.0
223.87507138900895,-5.666841434562595,22.500000000000014,0.0,0.0,-0.0
223.86919344468518,-5.675328656414575,22.500000000000018,0.0,0.0,-0.0
223.86331828526306,-5.683819134595338,22.500000000000014,0.0,0.0,-0.0
223.85744591106163,-5.692312869630024,22.500000000000018,0.0,0.0,-0.0
223.85157632240035,-5.700809862043858,22.500000000000018,0.0,0.0,-0.0
223.84570951959904,-5.709310112362172,22.500000000000018,0.0,0.0,-0.0
223.83984550297774,-5.717813621110403,22.500000000000018,0.0,0.0,-0.0
223.8339842728569,-5.7263203888140755,22.500000000000018,0.0,0.0,-0.0
223.82812582955725,-5.7348304159988235,22.50000000000001,0.0,0.0,-0.0
223.82227017339991,-5.743343703190365,22.500000000000018,0.0,0.0,-0.0
223.81641730470628,-5.751860250914528,22.500000000000018,0.0,0.0,-0.0
223.81056722379805,-5.760380059697238,22.500000000000014,0.0,0.0,-0.0
223.80471993099735,-5.768903130064505,22.500000000000018,0.0,0.0,-0.0
223.79887542662655,-5.777429462542452,22.500000000000018,0.0,0.0,-0.0
223.79303371100843,-5.78595905765729,22.50000000000002,0.0,0.0,-0.0
223.787194784466,-5.794491915935323,22.500000000000018,0.0,0.0,-0.0
223.78135864732275,-5.80302803790296,22.500000000000018,0.0,0.0,-0.0
223.77552529990234,-5.811567424086699,22.500000000000018,0.0,0.0,-0.0
223.7696947425289,-5.8201100750131305,22.500000000000018,0.0,0.0,-0.0
223.76386697552684,-5.828655991208956,22.500000000000018,0.0,0.0,-0.0
223.7580419992209,-5.83720517320095,22.50000000000002,0.0,0.0,-0.0
223.75221981393616,-5.84575762151599,22.50000000000002,0.0,0.0,-0.0
223.74640041999808,-5.854313336681059,22.500000000000014,0.0,0.0,-0.0
223.74058381773244,-5.862872319223216,22.500000000000014,0.0,0.0,-0.0
223.73477000746533,-5.871434569669627,22.500000000000014,0.0,0.0,-0.0
223.7289589895232,-5.880000088547539,22.500000000000014,0.0,0.0,-0.0
223.72315076423288,-5.8885688763843005,22.500000000000018,0.0,0.0,-0.0
223.7173453319215,-5.897140933707351,22.500000000000018,0.0,0.0,-0.0
223.71154269291654,-5.905716261044219,22.500000000000018,0.0,0.0,-0.0
223.70574284754588,-5.9142948589225295,22.50000000000002,0.0,0.0,-0.0
223.69994579613765,-5.922876727870001,22.500000000000014,0.0,0.0,-0.0
223.69415153902042,-5.931461868414426,22.500000000000018,0.0,0.0,-0.0
223.688360076523,-5.94005028108371,22.500000000000018,0.0,0.0,-0.0
223.6825714089747,-5.94864196640584,22.500000000000018,0.0,0.0,-0.0
223.67678553670507,-5.957236924908888,22.500000000000018,0.0,0.0,-0.0
223.671002460044,-5.965835157121027,22.50000000000002,0.0,0.0,-0.0
223.66522217932183,-5.974436663570506,22.500000000000018,0.0,0.0,-0.0
223.65944469486917,-5.983041444785672,22.500000000000018,0.0,0.0,-0.0
223.65367000701696,-5.991649501294965,22.50000000000002,0.0,0.0,-0.0
223.6478981160966,-6.000260833626906,22.500000000000018,0.0,0.0,-0.0
223.64212902243975,-6.0088754423101065,22.500000000000014,0.0,0.0,-0.0
223.63636272637845,-6.0174933278732645,22.500000000000014,0.0,0.0,-0.0
223.6305992282452,-6.026114490845169,22.500000000000018,0.0,0.0,-0.0
223.62483852837263,-6.034738931754692,22.500000000000018,0.0,0.0,-0.0
223.61908062709398,-6.043366651130799,22.500000000000014,0.0,0.0,-0.0
223.61332552474263,-6.051997649502536,22.500000000000018,0.0,0.0,-0.0
223.6075732216525,-6.060631927399045,22.500000000000018,0.0,0.0,-0.0
223.60182371815782,-6.069269485349535,22.500000000000018,0.0,0.0,-0.0
223.59607701459308,-6.077910323883324,22.500000000000018,0.0,0.0,-0.0
223.5903331112932,-6.086554443529797,22.50000000000002,0.0,0.0,-0.0
223.58459200859355,-6.0952018448184315,22.500000000000018,0.0,0.0,-0.0
223.57885370682976,-6.1038525282787965,22.500000000000018,0.0,0.0,-0.0
223.57311820633785,-6.1125064944405345,22.500000000000014,0.0,0.0,-0.0
223.5673855074542,-6.121163743833372,22.500000000000018,0.0,0.0,-0.0
223.56165561051557,-6.129824276987132,22.500000000000014,0.0,0.0,-0.0
223.55592851585908,-6.138488094431704,22.500000000000014,0.0,0.0,-0.0
223.55020422382225,-6.147155196697078,22.500000000000018,0.0,0.0,-0.0
223.54448273474293,-6.155825584313316,22.500000000000018,0.0,0.0,-0.0
223.53876404895937,-6.164499257810561,22.500000000000018,0.0,0.0,-0.0
223.53304816681015,-6.1731762177190435,22.500000000000018,0.0,0.0,-0.0
223.5273350886343,-6.181856464569076,22.500000000000014,0.0,0.0,-0.0
223.52162481477106,-6.190539998891051,22.500000000000014,0.0,0.0,-0.0
223.51591734556027,-6.199226821215444,22.500000000000018,0.0,0.0,-0.0
223.510212681342,-6.207916932072804,22.500000000000018,0.0,0.0,-0.0
223.50451082245672,-6.216610331993773,22.500000000000014,0.0,0.0,-0.0
223.4988117692453,-6.22530702150906,22.500000000000018,0.0,0.0,-0.0
223.49311552204895,-6.234007001149465,22.50000000000002,0.0,0.0,-0.0
223.4874220812093,-6.242710271445868,22.500000000000018,0.0,0.0,-0.0
223.48173144706834,-6.251416832929211,22.50000000000002,0.0,0.0,-0.0
223.47604361996844,-6.260126686130538,22.500000000000014,0.0,0.0,-0.0
223.47035860025235,-6.268839831580955,22.500000000000018,0.0,0.0,-0.0
223.4646763882632,-6.277556269811653,22.500000000000018,0.0,0.0,-0.0
223.4589969843445,-6.2862760013539045,22.500000000000018,0.0,0.0,-0.0
223.4533203888402,-6.2949990267390525,22.500000000000018,0.0,0.0,-0.0
223.44764660209452,-6.303725346498519,22.500000000000014,0.0,0.0,-0.0
223.4419756244522,-6.312454961163806,22.500000000000018,0.0,0.0,-0.0
223.43630745625825,-6.321187871266491,22.500000000000014,0.0,0.0,-0.0
223.43064209785814,-6.329924077338227,22.500000000000018,0.0,0.0,-0.0
223.4249795495977,-6.338663579910745,22.500000000000014,0.0,0.0,-0.0
223.4193198118232,-6.347406379515845,22.500000000000018,0.0,0.0,-0.0
223.41366288488115,-6.356152476685411,22.500000000000018,0.0,0.0,-0.0
223.40800876911862,-6.364901871951398,22.500000000000018,0.0,0.0,-0.0
223.40235746488304,-6.373654565845833,22.50000000000002,0.0,0.0,-0.0
223.39670897252213,-6.38241055890083,22.500000000000014,0.0,0.0,-0.0
223.39106329238413,-6.391169851648556,22.500000000000014,0.0,0.0,-0.0
223.38542042481762,-6.399932444621267,22.500000000000014,0.0,0.0,-0.0
223.37978037017157,-6.408698338351289,22.500000000000014,0.0,0.0,-0.0
223.3741431287953,-6.4174675333710205,22.500000000000018,0.0,0.0,-0.0
223.36850870103868,-6.426240030212932,22.500000000000018,0.0,0.0,-0.0
223.36287708725177,-6.435015829409573,22.500000000000018,0.0,0.0,-0.0
223.3572482877852,-6.4437949314935485,22.500000000000014,0.0,0.0,-0.0
223.35162230298994,-6.452577336997551,22.500000000000018,0.0,0.0,-0.0
223.34599913321736,-6.461363046454338,22.500000000000018,0.0,0.0,-0.0
223.3403787788192,-6.470152060396743,22.500000000000018,0.0,0.0,-0.0
223.33476124014766,-6.478944379357664,22.500000000000018,0.0,0.0,-0.0
223.32914651755527,-6.487740003870068,22.500000000000014,0.0,0.0,-0.0
223.32353461139508,-6.496538934467001,22.500000000000018,0.0,0.0,-0.0
223.31792552202043,-6.505341171681572,22.500000000000014,0.0,0.0,-0.0
223.31231924978516,-6.514146716046955,22.500000000000018,0.0,0.0,-0.0
223.30671579504343,-6.522955568096406,22.500000000000018,0.0,0.0,-0.0
223.30111515814986,-6.531767728363242,22.500000000000014,0.0,0.0,-0.0
223.29551733945948,-6.540583197380843,22.50000000000002,0.0,0.0,-0.0
223.28992233932772,-6.549401975682666,22.500000000000018,0.0,0.0,-0.0
223.2843301581104,-6.558224063802233,22.500000000000014,0.0,0.0,-0.0
223.27874079616382,-6.567049462273136,22.500000000000014,0.0,0.0,-0.0
223.27315425384455,-6.575878171629023,22.500000000000018,0.0,0.0,-0.0
223.26757053150982,-6.584710192403622,22.500000000000014,0.0,0.0,-0.0
223.26198962951696,-6.593545525130717,22.500000000000018,0.0,0.0,-0.0
223.256411548224,-6.602384170344167,22.500000000000014,0.0,0.0,-0.0
223.25083628798924,-6.61122612857789,22.500000000000014,0.0,0.0,-0.0
223.24526384917138,-6.620071400365874,22.50000000000002,0.0,0.0,-0.0
223.2396942321296,-6.628919986242166,22.500000000000014,0.0,0.0,-0.0
223.23412743722358,-6.637771886740884,22.500000000000018,0.0,0.0,-0.0
223.2285634648132,-6.646627102396207,22.500000000000014,0.0,0.0,-0.0
223.2230023152589,-6.655485633742373,22.500000000000018,0.0,0.0,-0.0
223.21744398892156,-6.6643474813137,22.500000000000014,0.0,0.0,-0.0
223.21188848616245,-6.673212645644546,22.500000000000014,0.0,0.0,-0.0
223.20633580734327,-6.6820811272693525,22.500000000000018,0.0,0.0,-0.0
223.2007859528261,-6.690952926722608,22.50000000000002,0.0,0.0,-0.0
223.19523892297354,-6.699828044538878,22.500000000000018,0.0,0.0,-0.0
223.18969471814853,-6.708706481252777,22.500000000000018,0.0,0.0,-0.0
223.18415333871445,-6.717588237398993,22.500000000000018,0.0,0.0,-0.0
223.1786147850352,-6.726473313512257,22.500000000000018,0.0,0.0,-0.0
223.17307905747492,-6.735361710127381,22.500000000000014,0.0,0.0,-0.0
223.16754615639843,-6.744253427779227,22.500000000000014,0.0,0.0,-0.0
223.16201608217077,-6.753148467002718,22.500000000000014,0.0,0.0,-0.0
223.15648883515752,-6.76204682833284,22.500000000000014,0.0,0.0,-0.0
223.15096441572467,-6.770948512304633,22.500000000000014,0.0,0.0,-0.0
223.14544282423861,-6.7798535194532,22.500000000000018,0.0,0.0,-0.0
223.13992406106624,-6.788761850313704,22.500000000000014,0.0,0.0,-0.0
223.1344081265748,-6.797673505421364,22.500000000000014,0.0,0.0,-0.0
223.1288950211321,-6.806588485311462,22.50000000000001,0.0,0.0,-0.0
223.12338474510625,-6.815506790519324,22.500000000000014,0.0,0.0,-0.0
223.11787729886586,-6.8244284215803495,22.500000000000014,0.0,0.0,-0.0
223.11237268277995,-6.833353379029985,22.500000000000014,0.0,0.0,-0.0
223.1068708972181,-6.8422816634037416,22.50000000000001,0.0,0.0,-0.0
223.10137194255017,-6.85121327523718,22.500000000000014,0.0,0.0,-0.0
223.09587581914656,-6.86014821506592,22.500000000000014,0.0,0.0,-0.0
223.09038252737807,-6.869086483425631,22.500000000000014,0.0,0.0,-0.0
223.08489206761598,-6.878028080852049,22.500000000000014,0.0,0.0,-0.0
223.07940444023197,-6.886973007880961,22.50000000000001,0.0,0.0,-0.0
223.07391964559824,-6.8959212650482,22.500000000000014,0.0,0.0,-0.0
