galstreams/tracks/track.st.Indus.ibata2024.ecsv
# %ECSV 1.0
# ---
# datatype:
# - {name: ra, unit: deg, datatype: float64}
# - {name: dec, unit: deg, datatype: float64}
# - {name: distance, unit: kpc, datatype: float64}
# - {name: pm_ra_cosdec, unit: mas / yr, datatype: float64}
# - {name: pm_dec, unit: mas / yr, datatype: float64}
# - {name: radial_velocity, unit: km / s, datatype: float64}
# delimiter: ','
# meta: !!omap
# - __serialized_columns__:
#     dec:
#       __class__: astropy.coordinates.angles.Latitude
#       unit: &id001 !astropy.units.Unit {unit: deg}
#       value: !astropy.table.SerializedColumn {name: dec}
#     distance:
#       __class__: astropy.coordinates.distances.Distance
#       unit: !astropy.units.Unit {unit: kpc}
#       value: !astropy.table.SerializedColumn {name: distance}
#     pm_dec:
#       __class__: astropy.units.quantity.Quantity
#       unit: !astropy.units.Unit {unit: mas / yr}
#       value: !astropy.table.SerializedColumn {name: pm_dec}
#     pm_ra_cosdec:
#       __class__: astropy.units.quantity.Quantity
#       unit: !astropy.units.Unit {unit: mas / yr}
#       value: !astropy.table.SerializedColumn {name: pm_ra_cosdec}
#     ra:
#       __class__: astropy.coordinates.angles.Longitude
#       unit: *id001
#       value: !astropy.table.SerializedColumn {name: ra}
#       wrap_angle: !astropy.coordinates.Angle
#         unit: *id001
#         value: 360.0
#     radial_velocity:
#       __class__: astropy.units.quantity.Quantity
#       unit: !astropy.units.Unit {unit: km / s}
#       value: !astropy.table.SerializedColumn {name: radial_velocity}
# schema: astropy-2.0
ra,dec,distance,pm_ra_cosdec,pm_dec,radial_velocity
[from data line 7599]
333.4767164716262,-58.24584890171185,1.0000000000000009,3.14711785731581,-5.198346038175446,-54.339642540251475
333.460338557309,-58.239375458457644,1.0000000000000009,3.145748731560199,-5.198264938989982,-54.38407349585842
333.4439645544681,-58.232900805804285,1.0000000000000009,3.144380092236943,-5.198182945776868,-54.428512535750734
333.4275944610007,-58.22642494450331,1.0000000000000009,3.1430119394439147,-5.19810005894257,-54.472959664158516
333.411228274804,-58.219947875305785,1.000000000000001,3.1416442732786516,-5.198016278893354,-54.51741488531208
333.3948659937755,-58.213469598962405,1.0000000000000009,3.1402770938384026,-5.197931606035281,-54.56187820344157
333.3785076158129,-58.20699011622343,1.0000000000000009,3.1389104012200706,-5.197846040774195,-54.606349622777174
333.3621531388141,-58.20050942783868,1.0000000000000009,3.1375441955202654,-5.197759583515721,-54.65082914754903
333.3458025606771,-58.19402753455759,1.0000000000000009,3.1361784768352288,-5.197672234665308,-54.69531678198749
333.32945587930027,-58.18754443712917,1.0000000000000009,3.134813245260947,-5.197583994628168,-54.739812530322624
333.313113092582,-58.18106013630201,1.0000000000000009,3.133448500893049,-5.197494863809322,-54.78431639678462
333.29677419842113,-58.17457463282424,1.0000000000000009,3.1320842438268603,-5.197404842613565,-54.82882838560375
333.2804391947164,-58.16808792744365,1.000000000000001,3.1307204741573744,-5.197313931445493,-54.873348501010156
333.2641080793669,-58.16160002090758,1.0000000000000009,3.129357191979287,-5.1972221307095126,-54.91787674723407
333.2477808502721,-58.15511091396293,1.0000000000000009,3.1279943973869764,-5.197129440809775,-54.962413128505574
333.2314575053314,-58.148620607356214,1.0000000000000009,3.1266320904744904,-5.197035862150268,-55.006957649055025
333.21513804244455,-58.142129101833504,1.000000000000001,3.125270271335569,-5.196941395134742,-55.05151031311255
333.19882245951146,-58.13563639814048,1.000000000000001,3.1239089400636484,-5.196846040166747,-55.09607112490833
333.1825107544324,-58.12914249702242,1.0000000000000009,3.1225480967518395,-5.196749797649633,-55.140640088672505
333.1662029251077,-58.12264739922415,1.000000000000001,3.1211877414929363,-5.196652667986528,-55.18521720863538
333.14989896943797,-58.116151105490076,1.0000000000000009,3.1198278743794376,-5.196554651580351,-55.2298024890271
333.133598885324,-58.10965361656423,1.0000000000000009,3.1184684955035107,-5.196455748833816,-55.274395934077795
333.11730267066673,-58.103154933190204,1.000000000000001,3.1171096049570144,-5.196355960149424,-55.3189975480178
333.1010103233675,-58.096655056111196,1.000000000000001,3.1157512028314964,-5.196255285929473,-55.36360733507722
333.0847218413279,-58.09015398606996,1.0000000000000009,3.1143932892182176,-5.196153726576037,-55.40822529948626
333.0684372224495,-58.08365172380888,1.000000000000001,3.113035864208086,-5.196051282491004,-55.452851445475034
333.0521564646342,-58.07714827006985,1.0000000000000009,3.1116789278917194,-5.195947954076022,-55.49748577727392
333.0358795657843,-58.07064362559444,1.0000000000000009,3.11032248035944,-5.195843741732547,-55.54212829911299
333.0196065238021,-58.06413779112376,1.0000000000000009,3.108966521701247,-5.195738645861827,-55.58677901522247
333.0033373365902,-58.05763076739853,1.0000000000000009,3.1076110520068143,-5.195632666864886,-55.631437929832465
332.98707200205143,-58.051122555159,1.0000000000000009,3.1062560713655345,-5.195525805142549,-55.67610504717331
332.97081051808897,-58.0446131551451,1.0000000000000009,3.10490157986648,-5.195418061095431,-55.72078037147515
332.95455288260604,-58.03810256809628,1.0000000000000009,3.103547577598427,-5.195309435123921,-55.76546390696811
332.93829909350626,-58.03159079475158,1.000000000000001,3.1021940646498227,-5.195199927628208,-55.8101556578825
332.9220491486933,-58.025077835849686,1.0000000000000009,3.1008410411088243,-5.195089539008283,-55.85485562844844
332.90580304607124,-58.018563692128794,1.0000000000000009,3.0994885070632647,-5.194978269663904,-55.89956382289615
332.8895607835444,-58.01204836432677,1.000000000000001,3.098136462600713,-5.194866119994627,-55.94428024545574
332.8733223590173,-58.005531853181,1.000000000000001,3.096784907808388,-5.194753090399798,-55.98900490035757
332.8570877703946,-57.99901415942851,1.0000000000000009,3.09543384277323,-5.194639181278552,-56.03373779183173
332.8408570155813,-57.99249528380588,1.000000000000001,3.09408326758185,-5.19452439302981,-56.07847892410844
332.8246300924827,-57.98597522704931,1.0000000000000009,3.092733182320589,-5.194408726052278,-56.1232283014178
332.80840699900426,-57.97945398989455,1.000000000000001,3.0913835870754567,-5.194292180744458,-56.16798592799017
332.7921877330516,-57.97293157307702,1.0000000000000009,3.09003448193217,-5.194174757504644,-56.21275180805565
332.77597229253087,-57.96640797733164,1.0000000000000009,3.0886858669761503,-5.194056456730901,-56.257525945844364
332.7597606753482,-57.95988320339296,1.0000000000000009,3.087337742292504,-5.193937278821098,-56.302308345586695
332.7435528794101,-57.95335725199516,1.0000000000000009,3.0859901079660466,-5.193817224172888,-56.34709901151269
332.72734890262325,-57.94683012387193,1.0000000000000009,3.0846429640812794,-5.193696293183709,-56.39189794785262
332.7111487428947,-57.94030181975664,1.0000000000000009,3.0832963107224205,-5.193574486250796,-56.43670515883656
332.69495239813165,-57.93377234038218,1.000000000000001,3.0819501479733744,-5.19345180377115,-56.48152064869486
332.67875986624165,-57.927241686481054,1.000000000000001,3.0806044759177578,-5.193328246141584,-56.52634442165765
332.6625711451324,-57.920709858785415,1.000000000000001,3.07925929463887,-5.1932038137586956,-56.571176481955106
332.64638623271196,-57.914176858026934,1.000000000000001,3.0779146042197305,-5.193078507018854,-56.61601683381736
332.63020512688854,-57.90764268493689,1.000000000000001,3.0765704047430447,-5.192952326318228,-56.66086548147479
332.61402782557076,-57.9011073402462,1.0000000000000009,3.0752266962912356,-5.192825272052774,-56.70572242915744
332.5978543266674,-57.894570824685324,1.0000000000000009,3.0738834789464193,-5.192697344618229,-56.7505876810955
332.58168462808754,-57.88803313898437,1.0000000000000009,3.0725407527904163,-5.192568544410122,-56.795461241519234
332.5655187277404,-57.88149428387297,1.0000000000000009,3.071198517904736,-5.192438871823777,-56.840343114658864
332.5493566235358,-57.874954260080415,1.0000000000000009,3.0698567743706335,-5.1923083272542865,-56.88523330474451
332.5331983133834,-57.86841306833558,1.000000000000001,3.0685155222690135,-5.192176911096547,-56.93013181600637
332.51704379519344,-57.861870709366876,1.0000000000000009,3.0671747616805294,-5.192044623745234,-56.97503865267467
332.5008930668763,-57.85532718390239,1.0000000000000009,3.065834492685521,-5.191911465594812,-57.019953818979594
332.4847461263427,-57.848782492669784,1.000000000000001,3.0644947153640376,-5.19177743703953,-57.06487731915134
332.4686029715035,-57.84223663639627,1.0000000000000009,3.063155429795825,-5.191642538473429,-57.10980915742006
332.4524636002701,-57.835689615808725,1.0000000000000009,3.0618166360603514,-5.191506770290332,-57.15474933801602
332.43632801055384,-57.82914143163355,1.0000000000000009,3.0604783342367794,-5.1913701328838435,-57.19969786516939
332.42019620026656,-57.82259208459681,1.0000000000000009,3.059140524403985,-5.191232626647368,-57.24465474311031
332.4040681673203,-57.816041575424144,1.0000000000000009,3.057803206640553,-5.191094251974093,-57.28961997606906
332.38794390962744,-57.80948990484075,1.0000000000000009,3.056466381024767,-5.190955009256978,-57.3345935682758
332.3718234251006,-57.8029370735715,1.0000000000000009,3.0551300476346364,-5.1908148988887906,-57.37957552396071
332.3557067116527,-57.796383082340796,1.0000000000000009,3.0537942065478667,-5.190673921262061,-57.42456584735396
332.3395937671969,-57.78982793187267,1.0000000000000009,3.0524588578418705,-5.190532076769129,-57.46956454268579
332.3234845896467,-57.78327162289076,1.000000000000001,3.051124001593789,-5.1903893658021065,-57.514571614186444
332.3073791769158,-57.77671415611827,1.0000000000000009,3.049789637880452,-5.190245788752894,-57.55958706608601
332.2912775269183,-57.77015553227806,1.0000000000000009,3.0484557667784173,-5.19010134601318,-57.604610902614674
332.27517963756856,-57.763595752092506,1.0000000000000009,3.047122388363941,-5.189956037974431,-57.64964312800274
332.2590855067811,-57.75703481628367,1.0000000000000009,3.045789502712992,-5.189809865027917,-57.694683746480386
332.2429951324709,-57.750472725573175,1.0000000000000009,3.0444571099012605,-5.189662827564681,-57.73973276227766
332.22690851255317,-57.74390948068221,1.0000000000000009,3.0431252100041437,-5.189514925975545,-57.78479017962491
332.21082564494344,-57.73734508233164,1.0000000000000009,3.0417938030967537,-5.189366160651129,-57.82985600275236
332.19474652755747,-57.73077953124188,1.0000000000000009,3.0404628892539205,-5.1892165319818355,-57.874930235890055
332.17867115831143,-57.724212828132956,1.0000000000000009,3.0391324685501915,-5.1890660403578535,-57.920012883268235
332.16259953512156,-57.71764497372447,1.0000000000000009,3.0378025410597966,-5.188914686169142,-57.96510394911717
332.14653165590465,-57.71107596873572,1.000000000000001,3.0364731068567195,-5.188762469805484,-58.010203437667016
332.1304675185777,-57.70450581388547,1.000000000000001,3.0351441660146397,-5.1886093916564,-58.05531135314796
332.1144071210579,-57.697934509892214,1.000000000000001,3.033815718606958,-5.188455452111234,-58.100427699790124
332.0983504612629,-57.69136205747394,1.0000000000000009,3.032487764706787,-5.188300651559086,-58.14555248182383
332.08229753711066,-57.68478845734832,1.000000000000001,3.03116030438697,-5.18814499038886,-58.19068570347923
332.0662483465193,-57.6782137102326,1.000000000000001,3.0298333377200466,-5.187988468989251,-58.23582736898643
332.05020288740724,-57.671637816843614,1.000000000000001,3.0285068647782833,-5.1878310877487115,-58.28097748257578
332.03416115769346,-57.66506077789781,1.000000000000001,3.027180885633673,-5.187672847055499,-58.326136048477395
332.01812315529696,-57.658482594111256,1.0000000000000009,3.02585540035791,-5.187513747297663,-58.371303070921435
332.0020888781373,-57.65190326619964,1.0000000000000009,3.0245304090224305,-5.187353788863012,-58.41647855413805
331.986058324134,-57.645322794878176,1.000000000000001,3.023205911698351,-5.1871929721391625,-58.46166250235761
331.97003149120724,-57.63874118086174,1.0000000000000009,3.021881908456559,-5.187031297513506,-58.506854919810245
331.95400837727743,-57.63215842486484,1.0000000000000009,3.0205583993676246,-5.186868765373221,-58.552055810726024
331.9379889802652,-57.62557452760155,1.0000000000000009,3.019235384501851,-5.186705376105264,-58.59726517933525
331.9219732980914,-57.61898948978553,1.0000000000000009,3.0179128639292525,-5.186541130096389,-58.64248302986814
331.9059613286775,-57.612403312130084,1.000000000000001,3.016590837719574,-5.1863760277331235,-58.68770936655485
331.8899530699451,-57.60581599534813,1.000000000000001,3.015269305942294,-5.186210069401784,-58.732944193625464
331.8739485198161,-57.59922754015215,1.0000000000000009,3.0139482686666033,-5.186043255488469,-58.77818751531043
331.85794767621275,-57.59263794725426,1.000000000000001,3.012627725961384,-5.185875586379061,-58.82343933583972
331.8419505370577,-57.58604721736618,1.0000000000000009,3.0113076778953016,-5.185707062459237,-58.868699659443664
331.82595710027374,-57.57945535119924,1.000000000000001,3.009988124536694,-5.185537684114437,-58.91396849035233
331.80996736378415,-57.57286234946437,1.000000000000001,3.00866906595364,-5.185367451729907,-58.95924583279602
331.79398132551256,-57.56626821287212,1.000000000000001,3.007350502213961,-5.185196365690668,-59.00453169100489
331.7779989833827,-57.55967294213262,1.000000000000001,3.0060324333851787,-5.1850244263815135,-59.0498260692091
331.7620203353189,-57.553076537955654,1.000000000000001,3.0047148595345488,-5.184851634187052,-59.09512897163891
331.7460453792455,-57.546479001050564,1.000000000000001,3.0033977807290393,-5.184677989491643,-59.14044040252449
331.73007411308754,-57.53988033212632,1.000000000000001,3.0020811970353782,-5.184503492679436,-59.18576036609604
331.7141065347702,-57.53328053189156,1.000000000000001,3.0007651085199902,-5.184328144134389,-59.231088866583676
331.6981426422189,-57.52667960105444,1.000000000000001,2.9994495152490313,-5.184151944240218,-59.27642590821771
331.6821824333595,-57.52007754032274,1.000000000000001,2.9981344172883913,-5.1839748933804275,-59.32177149522831
331.6662259061182,-57.51347435040392,1.000000000000001,2.9968198147036835,-5.183796991938317,-59.36712563184565
331.6502730584216,-57.50687003200499,1.0000000000000009,2.995505707560263,-5.183618240296959,-59.412488322299815
331.63432388819643,-57.500264585832575,1.000000000000001,2.9941920959231876,-5.183438638839205,-59.45785957082119
331.6183783933699,-57.49365801259292,1.0000000000000009,2.9928789798572595,-5.183258187947709,-59.503239381639894
331.60243657186953,-57.48705031299191,1.0000000000000009,2.991566359427011,-5.18307688800489,-59.548627758986065
331.5864984216233,-57.48044148773498,1.0000000000000009,2.9902542346967103,-5.182894739392957,-59.59402470708996
331.5705639405592,-57.473831537527246,1.000000000000001,2.988942605730333,-5.182711742493915,-59.63943023018179
331.554633126606,-57.46722046307337,1.000000000000001,2.9876314725916084,-5.182527897689523,-59.6848443324917
331.5387059776924,-57.46060826507767,1.000000000000001,2.9863208353439807,-5.182343205361346,-59.730267018249855
331.52278249174776,-57.45399494424406,1.000000000000001,2.985010694050642,-5.182157665890734,-59.77569829168655
331.5068626667016,-57.447380501276065,1.0000000000000009,2.9837010487745044,-5.181971279658803,-59.821138157031925
331.49094650048374,-57.44076493687684,1.000000000000001,2.9823918995782055,-5.181784047046471,-59.86658661851619
331.4750339910247,-57.434148251749164,1.000000000000001,2.9810832465241477,-5.181595968434425,-59.91204368036946
331.45912513625484,-57.427530446595355,1.000000000000001,2.9797750896744235,-5.181407044203141,-59.95750934682206
331.44321993410523,-57.42091152211743,1.000000000000001,2.9784674290908875,-5.181217274732877,-60.002983622104075
331.42731838250717,-57.41429147901699,1.000000000000001,2.977160264835118,-5.181026660403671,-60.04846651044572
331.41142047939223,-57.40767031799524,1.000000000000001,2.9758535969684203,-5.180835201595363,-60.093958016077295
331.3955262226926,-57.401048039753015,1.000000000000001,2.9745474255518625,-5.180642898687546,-60.13945814322889
331.37963561034053,-57.39442464499077,1.0000000000000009,2.973241750646223,-5.1804497520596176,-60.184966896130696
331.36374864026874,-57.38780013440853,1.0000000000000009,2.971936572312017,-5.18025576209074,-60.23048427901293
331.3478653104103,-57.381174508705996,1.000000000000001,2.9706318906095044,-5.180060929159877,-60.27601029610578
331.3319856186987,-57.37454776858243,1.000000000000001,2.969327705598676,-5.179865253645766,-60.32154495163949
331.3161095630676,-57.367919914736795,1.000000000000001,2.9680240173392543,-5.179668735926939,-60.3670882498442
331.30023714145125,-57.361290947867566,1.000000000000001,2.9667208258907154,-5.179471376381682,-60.412640194950086
331.28436835178417,-57.35466086867289,1.000000000000001,2.9654181313122665,-5.179273175388091,-60.45820079118744
331.26850319200116,-57.34802967785054,1.0000000000000009,2.964115933662838,-5.179074133324039,-60.50377004278634
331.25264166003745,-57.34139737609788,1.000000000000001,2.9628142330011187,-5.178874250567168,-60.549347953977
331.2367837538286,-57.334763964111886,1.000000000000001,2.9615130293855154,-5.178673527494922,-60.594934528989725
331.2209294713106,-57.32812944258919,1.000000000000001,2.960212322874205,-5.178471964484515,-60.640529772054634
