galstreams/tracks/track.st.Alpheus.grillmair2013.ecsv
# %ECSV 0.9
# ---
# datatype:
# - {name: ra, unit: deg, datatype: float64}
# - {name: dec, unit: deg, datatype: float64}
# - {name: distance, unit: kpc, datatype: float64}
# - {name: pm_ra_cosdec, unit: mas / yr, datatype: float64}
# - {name: pm_dec, unit: mas / yr, datatype: float64}
# - {name: radial_velocity, unit: km / s, datatype: float64}
# delimiter: ','
# meta: !!omap
# - __serialized_columns__:
#     dec:
#       __class__: astropy.coordinates.angles.Latitude
#       unit: &id001 !astropy.units.Unit {unit: deg}
#       value: !astropy.table.SerializedColumn {name: dec}
#     distance:
#       __class__: astropy.coordinates.distances.Distance
#       unit: !astropy.units.Unit {unit: kpc}
#       value: !astropy.table.SerializedColumn {name: distance}
#     pm_dec:
#       __class__: astropy.units.quantity.Quantity
#       unit: !astropy.units.Unit {unit: mas / yr}
#       value: !astropy.table.SerializedColumn {name: pm_dec}
#     pm_ra_cosdec:
#       __class__: astropy.units.quantity.Quantity
#       unit: !astropy.units.Unit {unit: mas / yr}
#       value: !astropy.table.SerializedColumn {name: pm_ra_cosdec}
#     ra:
#       __class__: astropy.coordinates.angles.Longitude
#       unit: *id001
#       value: !astropy.table.SerializedColumn {name: ra}
#       wrap_angle: !astropy.coordinates.Angle
#         unit: *id001
#         value: 360.0
#     radial_velocity:
#       __class__: astropy.units.quantity.Quantity
#       unit: !astropy.units.Unit {unit: km / s}
#       value: !astropy.table.SerializedColumn {name: radial_velocity}
# schema: astropy-2.0
ra,dec,distance,pm_ra_cosdec,pm_dec,radial_velocity
[from data line 235]
22.289259599489696,-66.65839514597859,1.6390220866601581,0.0,0.0,0.0
22.292220489174408,-66.6484411250364,1.6391879625811343,0.0,0.0,0.0
22.295180902563818,-66.63848718345139,1.6393538373979828,0.0,0.0,0.0
22.298140839717593,-66.62853332113956,1.6395197111114792,0.0,0.0,0.0
22.301100300695207,-66.6185795380171,1.6396855837223991,0.0,0.0,0.0
22.304059285556136,-66.60862583400011,1.6398514552315182,0.0,0.0,0.0
22.307017794359766,-66.59867220900472,1.6400173256396133,0.0,0.0,0.0
22.30997582716535,-66.58871866294724,1.6401831949474595,0.0,0.0,0.0
22.312933384032114,-66.57876519574386,1.6403490631558326,0.0,0.0,0.0
22.315890465019127,-66.56881180731101,1.6405149302655093,0.0,0.0,0.0
22.31884707018545,-66.55885849756496,1.6406807962772647,0.0,0.0,0.0
22.32180319959004,-66.54890526642204,1.640846661191875,0.0,0.0,0.0
22.32475885329172,-66.53895211379883,1.6410125250101155,0.0,0.0,0.0
22.327714031349306,-66.5289990396117,1.6411783877327633,0.0,0.0,0.0
22.330668733821454,-66.51904604377727,1.6413442493605934,0.0,0.0,0.0
22.33362296076679,-66.50909312621204,1.6415101098943816,0.0,0.0,0.0
22.33657671224387,-66.4991402868326,1.6416759693349041,0.0,0.0,0.0
22.339529988311085,-66.48918752555568,1.6418418276829374,0.0,0.0,0.0
22.342482789026842,-66.47923484229786,1.642007684939256,0.0,0.0,0.0
22.345435114449376,-66.46928223697599,1.6421735411046363,0.0,0.0,0.0
22.3483869646369,-66.45932970950682,1.642339396179855,0.0,0.0,0.0
22.351338339647548,-66.4493772598071,1.6425052501656867,0.0,0.0,0.0
22.35428923953932,-66.43942488779378,1.6426711030629089,0.0,0.0,0.0
22.35723966437019,-66.42947259338366,1.6428369548722959,0.0,0.0,0.0
22.36018961419798,-66.41952037649385,1.643002805594624,0.0,0.0,0.0
22.3631390890805,-66.40956823704123,1.6431686552306695,0.0,0.0,0.0
22.36608808907548,-66.39961617494279,1.6433345037812082,0.0,0.0,0.0
22.36903661424049,-66.38966419011574,1.6435003512470159,0.0,0.0,0.0
22.37198466463311,-66.37971228247704,1.6436661976288682,0.0,0.0,0.0
22.374932240310745,-66.369760451944,1.6438320429275413,0.0,0.0,0.0
22.377879341330804,-66.35980869843377,1.6439978871438115,0.0,0.0,0.0
22.3808259677506,-66.3498570218635,1.6441637302784537,0.0,0.0,0.0
22.383772119627295,-66.33990542215062,1.644329572332244,0.0,0.0,0.0
22.386717797018076,-66.32995389921236,1.644495413305959,0.0,0.0,0.0
22.38966299997994,-66.32000245296616,1.6446612532003744,0.0,0.0,0.0
22.392607728569892,-66.31005108332943,1.644827092016265,0.0,0.0,0.0
22.395551982844832,-66.30009979021952,1.6449929297544081,0.0,0.0,0.0
22.398495762861533,-66.29014857355406,1.6451587664155791,0.0,0.0,0.0
22.401439068676762,-66.28019743325052,1.6453246020005536,0.0,0.0,0.0
22.404381900347136,-66.27024636922653,1.6454904365101075,0.0,0.0,0.0
22.40732425792923,-66.26029538139971,1.645656269945017,0.0,0.0,0.0
22.41026614147956,-66.25034446968765,1.6458221023060577,0.0,0.0,0.0
22.413207551054505,-66.24039363400817,1.645987933594006,0.0,0.0,0.0
22.416148486710405,-66.23044287427898,1.6461537638096368,0.0,0.0,0.0
22.419088948503536,-66.22049219041783,1.6463195929537269,0.0,0.0,0.0
22.422028936490026,-66.21054158234264,1.6464854210270516,0.0,0.0,0.0
22.42496845072602,-66.20059104997121,1.6466512480303872,0.0,0.0,0.0
22.427907491267476,-66.19064059322156,1.6468170739645098,0.0,0.0,0.0
22.430846058170353,-66.18069021201157,1.6469828988301944,0.0,0.0,0.0
22.43378415149053,-66.17073990625926,1.647148722628217,0.0,0.0,0.0
22.436721771283747,-66.16078967588273,1.6473145453593547,0.0,0.0,0.0
22.439658917605747,-66.1508395208,1.6474803670243825,0.0,0.0,0.0
22.442595590512095,-66.14088944092929,1.647646187624076,0.0,0.0,0.0
22.44553179005836,-66.13093943618874,1.6478120071592115,0.0,0.0,0.0
22.44846751630003,-66.1209895064965,1.6479778256305644,0.0,0.0,0.0
22.451402769292464,-66.11103965177097,1.6481436430389114,0.0,0.0,0.0
22.454337549091,-66.1010898719303,1.648309459385028,0.0,0.0,0.0
22.45727185575081,-66.09114016689298,1.6484752746696905,0.0,0.0,0.0
22.460205689327097,-66.08119053657734,1.6486410888936736,0.0,0.0,0.0
22.463139049874947,-66.07124098090176,1.648806902057754,0.0,0.0,0.0
22.466071937449318,-66.0612914997848,1.6489727141627073,0.0,0.0,0.0
22.469004352105166,-66.05134209314488,1.6491385252093103,0.0,0.0,0.0
22.471936293897315,-66.04139276090068,1.6493043351983374,0.0,0.0,0.0
22.474867762880535,-66.03144350297073,1.6494701441305661,0.0,0.0,0.0
22.477798759109543,-66.02149431927364,1.649635952006771,0.0,0.0,0.0
22.480729282638915,-66.01154520972817,1.6498017588277283,0.0,0.0,0.0
22.483659333523235,-66.00159617425297,1.649967564594214,0.0,0.0,0.0
22.486588911816906,-65.99164721276689,1.6501333693070035,0.0,0.0,0.0
22.489518017574355,-65.98169832518872,1.6502991729668737,0.0,0.0,0.0
22.492446650849907,-65.97174951143724,1.6504649755746004,0.0,0.0,0.0
22.495374811697747,-65.96180077143147,1.650630777130958,0.0,0.0,0.0
22.49830250017206,-65.95185210509027,1.6507965776367244,0.0,0.0,0.0
22.501229716326954,-65.94190351233259,1.650962377092674,0.0,0.0,0.0
22.504156460216386,-65.93195499307755,1.6511281754995832,0.0,0.0,0.0
22.50708273189433,-65.92200654724412,1.6512939728582279,0.0,0.0,0.0
22.5100085314146,-65.91205817475152,1.6514597691693838,0.0,0.0,0.0
22.512933858830994,-65.90210987551882,1.6516255644338267,0.0,0.0,0.0
22.515858714197247,-65.8921616494652,1.6517913586523332,0.0,0.0,0.0
22.518783097566946,-65.88221349650995,1.6519571518256784,0.0,0.0,0.0
22.521707008993687,-65.87226541657228,1.652122943954639,0.0,0.0,0.0
22.524630448530907,-65.86231740957159,1.65228873503999,0.0,0.0,0.0
22.52755341623204,-65.85236947542722,1.6524545250825073,0.0,0.0,0.0
22.53047591215043,-65.84242161405851,1.6526203140829678,0.0,0.0,0.0
22.5333979363393,-65.832473825385,1.6527861020421462,0.0,0.0,0.0
22.536319488851873,-65.82252610932609,1.652951888960819,0.0,0.0,0.0
22.539240569741217,-65.81257846580138,1.6531176748397622,0.0,0.0,0.0
22.542161179060383,-65.80263089473044,1.653283459679751,0.0,0.0,0.0
22.54508131686237,-65.79268339603283,1.6534492434815622,0.0,0.0,0.0
22.548000983200005,-65.78273596962826,1.6536150262459708,0.0,0.0,0.0
22.55092017812616,-65.77278861543638,1.6537808079737535,0.0,0.0,0.0
22.553838901693517,-65.76284133337703,1.6539465886656852,0.0,0.0,0.0
22.556757153954774,-65.75289412336991,1.6541123683225427,0.0,0.0,0.0
22.55967493496255,-65.74294698533481,1.6542781469451016,0.0,0.0,0.0
22.562592244769327,-65.73299991919173,1.654443924534138,0.0,0.0,0.0
22.565509083427575,-65.72305292486044,1.6546097010904273,0.0,0.0,0.0
22.568425450989643,-65.713106002261,1.6547754766147456,0.0,0.0,0.0
22.571341347507854,-65.70315915131339,1.6549412511078683,0.0,0.0,0.0
22.574256773034467,-65.69321237193756,1.6551070245705723,0.0,0.0,0.0
22.57717172762158,-65.6832656640537,1.655272797003633,0.0,0.0,0.0
22.580086211321326,-65.67331902758185,1.6554385684078259,0.0,0.0,0.0
22.58300022418568,-65.66337246244227,1.6556043387839274,0.0,0.0,0.0
22.585913766266593,-65.6534259685551,1.6557701081327134,0.0,0.0,0.0
22.58882683761598,-65.64347954584052,1.6559358764549588,0.0,0.0,0.0
22.591739438285558,-65.63353319421898,1.656101643751441,0.0,0.0,0.0
22.59465156832713,-65.62358691361068,1.656267410022935,0.0,0.0,0.0
22.597563227792282,-65.6136407039361,1.6564331752702168,0.0,0.0,0.0
22.600474416732624,-65.60369456511559,1.6565989394940628,0.0,0.0,0.0
22.603385135199687,-65.59374849706958,1.6567647026952474,0.0,0.0,0.0
22.60629538324488,-65.58380249971866,1.656930464874548,0.0,0.0,0.0
22.609205160919565,-65.57385657298335,1.6570962260327402,0.0,0.0,0.0
22.612114468275085,-65.56391071678415,1.657261986170599,0.0,0.0,0.0
22.615023305362605,-65.55396493104182,1.6574277452889017,0.0,0.0,0.0
22.617931672233333,-65.54401921567693,1.6575935033884228,0.0,0.0,0.0
22.620839568938305,-65.53407357061026,1.6577592604699392,0.0,0.0,0.0
22.623746995528563,-65.52412799576253,1.6579250165342259,0.0,0.0,0.0
22.62665395205506,-65.51418249105451,1.6580907715820596,0.0,0.0,0.0
22.629560438568625,-65.5042370564071,1.6582565256142159,0.0,0.0,0.0
22.632466455120113,-65.49429169174114,1.6584222786314704,0.0,0.0,0.0
22.63537200176021,-65.4843463969776,1.6585880306345995,0.0,0.0,0.0
22.638277078539584,-65.4744011720374,1.6587537816243785,0.0,0.0,0.0
22.64118168550887,-65.46445601684152,1.6589195316015837,0.0,0.0,0.0
22.64408582271853,-65.4545109313111,1.6590852805669907,0.0,0.0,0.0
22.646989490219074,-65.44456591536715,1.6592510285213755,0.0,0.0,0.0
22.649892688060824,-65.43462096893087,1.659416775465514,0.0,0.0,0.0
22.65279541629413,-65.42467609192342,1.6595825214001823,0.0,0.0,0.0
22.655697674969236,-65.41473128426593,1.659748266326156,0.0,0.0,0.0
22.65859946413629,-65.4047865458798,1.6599140102442114,0.0,0.0,0.0
22.66150078384544,-65.39484187668621,1.660079753155124,0.0,0.0,0.0
22.66440163414667,-65.38489727660662,1.6602454950596697,0.0,0.0,0.0
22.66730201508997,-65.37495274556237,1.6604112359586238,0.0,0.0,0.0
22.670201926725266,-65.3650082834748,1.6605769758527638,0.0,0.0,0.0
22.673101369102337,-65.35506389026554,1.6607427147428635,0.0,0.0,0.0
22.676000342270985,-65.34511956585594,1.6609084526297007,0.0,0.0,0.0
22.678898846280863,-65.33517531016768,1.6610741895140497,0.0,0.0,0.0
22.681796881181608,-65.32523112312235,1.6612399253966879,0.0,0.0,0.0
22.684694447022817,-65.31528700464149,1.66140566027839,0.0,0.0,0.0
22.687591543853916,-65.3053429546469,1.6615713941599322,0.0,0.0,0.0
22.69048817172435,-65.29539897306026,1.661737127042091,0.0,0.0,0.0
22.693384330683482,-65.28545505980324,1.6619028589256413,0.0,0.0,0.0
22.696280020780563,-65.27551121479782,1.6620685898113594,0.0,0.0,0.0
22.69917524206485,-65.26556743796569,1.6622343197000216,0.0,0.0,0.0
22.702069994585447,-65.25562372922887,1.662400048592403,0.0,0.0,0.0
22.704964278391454,-65.24568008850925,1.66256577648928,0.0,0.0,0.0
22.7078580935319,-65.23573651572872,1.6627315033914292,0.0,0.0,0.0
22.71075144005568,-65.22579301080945,1.6628972292996247,0.0,0.0,0.0
22.713644318011745,-65.21584957367335,1.6630629542146433,0.0,0.0,0.0
22.71653672744883,-65.20590620424265,1.6632286781372612,0.0,0.0,0.0
22.719428668415713,-65.19596290243945,1.6633944010682544,0.0,0.0,0.0
22.72232014096109,-65.18601966818586,1.6635601230083976,0.0,0.0,0.0
22.72521114513354,-65.17607650140424,1.6637258439584681,0.0,0.0,0.0
22.72810168098163,-65.16613340201673,1.663891563919241,0.0,0.0,0.0
22.730991748553805,-65.15619036994576,1.6640572828914924,0.0,0.0,0.0
22.733881347898485,-65.14624740511364,1.6642230008759984,0.0,0.0,0.0
22.73677047906405,-65.13630450744269,1.6643887178735337,0.0,0.0,0.0
22.739659142098713,-65.12636167685547,1.6645544338848761,0.0,0.0,0.0
22.742547337050752,-65.11641891327433,1.6647201489107994,0.0,0.0,0.0
22.74543506396826,-65.10647621662196,1.6648858629520815,0.0,0.0,0.0
22.748322322899316,-65.0965335868208,1.665051576009497,0.0,0.0,0.0
22.751209113891985,-65.08659102379345,1.6652172880838223,0.0,0.0,0.0
22.754095436994156,-65.07664852746262,1.6653829991758329,0.0,0.0,0.0
22.756981292253755,-65.06670609775095,1.6655487092863048,0.0,0.0,0.0
22.759866679718556,-65.05676373458124,1.6657144184160142,0.0,0.0,0.0
22.762751599436328,-65.04682143787622,1.6658801265657368,0.0,0.0,0.0
22.765636051454777,-65.03687920755866,1.666045833736248,0.0,0.0,0.0
22.768520035821474,-65.0269370435515,1.6662115399283248,0.0,0.0,0.0
22.77140355258404,-65.01699494577757,1.6663772451427417,0.0,0.0,0.0
22.77428660178989,-65.0070529141599,1.6665429493802755,0.0,0.0,0.0
22.77716918348648,-64.9971109486214,1.6667086526417025,0.0,0.0,0.0
22.7800512977212,-64.98716904908507,1.6668743549277973,0.0,0.0,0.0
22.782932944541304,-64.97722721547409,1.6670400562393364,0.0,0.0,0.0
22.785814123994047,-64.96728544771143,1.667205756577096,0.0,0.0,0.0
22.788694836126552,-64.95734374572038,1.6673714559418515,0.0,0.0,0.0
22.791575080985954,-64.94740210942406,1.6675371543343789,0.0,0.0,0.0
22.794454858619297,-64.93746053874565,1.6677028517554542,0.0,0.0,0.0
22.79733416907353,-64.92751903360856,1.6678685482058535,0.0,0.0,0.0
22.80021301239557,-64.91757759393603,1.6680342436863527,0.0,0.0,0.0
22.803091388632268,-64.90763621965138,1.6681999381977268,0.0,0.0,0.0
22.805969297830387,-64.89769491067813,1.6683656317407525,0.0,0.0,0.0
22.80884674003667,-64.88775366693957,1.6685313243162057,0.0,0.0,0.0
22.811723715297724,-64.87781248835935,1.668697015924862,0.0,0.0,0.0
22.814600223660165,-64.86787137486093,1.6688627065674968,0.0,0.0,0.0
22.817476265170537,-64.85793032636782,1.669028396244887,0.0,0.0,0.0
22.820351839875254,-64.84798934280371,1.669194084957808,0.0,0.0,0.0
22.823226947820764,-64.83804842409221,1.6693597727070357,0.0,0.0,0.0
22.826101589053348,-64.82810757015709,1.669525459493346,0.0,0.0,0.0
22.828975763619304,-64.818166780922,1.6696911453175145,0.0,0.0,0.0
22.831849471564862,-64.80822605631073,1.6698568301803178,0.0,0.0,0.0
22.83472271293612,-64.79828539624715,1.670022514082531,0.0,0.0,0.0
22.83759548777921,-64.78834480065508,1.6701881970249302,0.0,0.0,0.0
22.840467796140096,-64.77840426945848,1.6703538790082921,0.0,0.0,0.0
22.84333963806477,-64.76846380258127,1.6705195600333909,0.0,0.0,0.0
22.846211013599138,-64.75852339994736,1.670685240101004,0.0,0.0,0.0
22.84908192278898,-64.74858306148091,1.6708509192119068,0.0,0.0,0.0
22.85195236568012,-64.73864278710589,1.6710165973668747,0.0,0.0,0.0
22.85482234231821,-64.72870257674651,1.6711822745666844,0.0,0.0,0.0
22.85769185274893,-64.71876243032688,1.6713479508121114,0.0,0.0,0.0
22.86056089701787,-64.70882234777113,1.6715136261039316,0.0,0.0,0.0
22.863429475170513,-64.69888232900361,1.6716793004429207,0.0,0.0,0.0
22.866297587252348,-64.6889423739485,1.6718449738298546,0.0,0.0,0.0
22.869165233308735,-64.67900248253025,1.6720106462655095,0.0,0.0,0.0
22.872032413385035,-64.66906265467316,1.672176317750661,0.0,0.0,0.0
22.87489912752654,-64.65912289030155,1.6723419882860853,0.0,0.0,0.0
22.877765375778402,-64.64918318934001,1.6725076578725582,0.0,0.0,0.0
22.880631158185807,-64.63924355171298,1.6726733265108549,0.0,0.0,0.0
22.883496474793855,-64.62930397734492,1.6728389942017519,0.0,0.0,0.0
22.886361325647535,-64.61936446616052,1.6730046609460258,0.0,0.0,0.0
22.889225710791845,-64.6094250180843,1.673170326744451,0.0,0.0,0.0
22.892089630271656,-64.599485633041,1.673335991597804,0.0,0.0,0.0
22.89495308413182,-64.5895463109553,1.6735016555068611,0.0,0.0,0.0
22.897816072417147,-64.57960705175185,1.673667318472398,0.0,0.0,0.0
22.90067859517232,-64.56966785535556,1.6738329804951901,0.0,0.0,0.0
22.90354065244202,-64.55972872169114,1.673998641576014,0.0,0.0,0.0
22.906402244270826,-64.54978965068359,1.6741643017156447,0.0,0.0,0.0
22.909263370703272,-64.53985064225772,1.674329960914859,0.0,0.0,0.0
22.912124031783893,-64.52991169633846,1.6744956191744316,0.0,0.0,0.0
22.91498422755703,-64.51997281285091,1.6746612764951398,0.0,0.0,0.0
22.917843958067095,-64.51003399171998,1.674826932877759,0.0,0.0,0.0
22.920703223358338,-64.50009523287085,1.6749925883230643,0.0,0.0,0.0
22.923562023475014,-64.49015653622858,1.6751582428318332,0.0,0.0,0.0
22.92642035846133,-64.48021790171829,1.6753238964048394,0.0,0.0,0.0
22.929278228361344,-64.4702793292653,1.6754895490428607,0.0,0.0,0.0
22.932135633219175,-64.46034081879472,1.675655200746672,0.0,0.0,0.0
22.93499257307876,-64.45040237023194,1.6758208515170496,0.0,0.0,0.0
22.937849047984063,-64.44046398350226,1.6759865013547692,0.0,0.0,0.0
22.940705057978974,-64.43052565853095,1.6761521502606065,0.0,0.0,0.0
22.94356060310727,-64.42058739524356,1.6763177982353377,0.0,0.0,0.0
22.94641568341276,-64.41064919356542,1.6764834452797386,0.0,0.0,0.0
22.949270298939084,-64.40071105342213,1.6766490913945848,0.0,0.0,0.0
22.952124449729915,-64.39077297473918,1.6768147365806525,0.0,0.0,0.0
22.954978135828842,-64.38083495744206,1.676980380838718,0.0,0.0,0.0
22.957831357279353,-64.37089700145653,1.6771460241695562,0.0,0.0,0.0
22.96068411412495,-64.36095910670814,1.6773116665739436,0.0,0.0,0.0
22.963536406408984,-64.35102127312265,1.6774773080526557,0.0,0.0,0.0
22.966388234174826,-64.34108350062581,1.6776429486064695,0.0,0.0,0.0
