galstreams/tracks/track.st.New-3.ibata2024.ecsv
# %ECSV 1.0
# ---
# datatype:
# - {name: ra, unit: deg, datatype: float64}
# - {name: dec, unit: deg, datatype: float64}
# - {name: distance, unit: kpc, datatype: float64}
# - {name: pm_ra_cosdec, unit: mas / yr, datatype: float64}
# - {name: pm_dec, unit: mas / yr, datatype: float64}
# - {name: radial_velocity, unit: km / s, datatype: float64}
# delimiter: ','
# meta: !!omap
# - __serialized_columns__:
#     dec:
#       __class__: astropy.coordinates.angles.Latitude
#       unit: &id001 !astropy.units.Unit {unit: deg}
#       value: !astropy.table.SerializedColumn {name: dec}
#     distance:
#       __class__: astropy.coordinates.distances.Distance
#       unit: !astropy.units.Unit {unit: kpc}
#       value: !astropy.table.SerializedColumn {name: distance}
#     pm_dec:
#       __class__: astropy.units.quantity.Quantity
#       unit: !astropy.units.Unit {unit: mas / yr}
#       value: !astropy.table.SerializedColumn {name: pm_dec}
#     pm_ra_cosdec:
#       __class__: astropy.units.quantity.Quantity
#       unit: !astropy.units.Unit {unit: mas / yr}
#       value: !astropy.table.SerializedColumn {name: pm_ra_cosdec}
#     ra:
#       __class__: astropy.coordinates.angles.Longitude
#       unit: *id001
#       value: !astropy.table.SerializedColumn {name: ra}
#       wrap_angle: !astropy.coordinates.Angle
#         unit: *id001
#         value: 360.0
#     radial_velocity:
#       __class__: astropy.units.quantity.Quantity
#       unit: !astropy.units.Unit {unit: km / s}
#       value: !astropy.table.SerializedColumn {name: radial_velocity}
# schema: astropy-2.0
ra,dec,distance,pm_ra_cosdec,pm_dec,radial_velocity
[from data line 3167]
95.42570093935959,-13.983227923021564,0.9999999999999998,-34.964891130517,-30.214334786051225,203.08849468666963
95.43528469170764,-13.97970219874759,0.9999999999999998,-34.97018652097065,-30.218501987027672,203.03803022815393
95.44486807260752,-13.97617590336963,0.9999999999999998,-34.975480384690975,-30.222668326173746,202.98755661221094
95.45445108207215,-13.972649036954472,0.9999999999999999,-34.98077272115039,-30.22683380286844,202.93707384415723
95.46403372011453,-13.969121599568913,0.9999999999999998,-34.9860635298214,-30.23099841649077,202.8865819293093
95.47361598674773,-13.96559359127969,0.9999999999999997,-34.9913528101764,-30.23516216641978,202.83608087298362
95.48319788198494,-13.962065012153554,0.9999999999999998,-34.99664056168785,-30.239325052034545,202.7855706804969
95.49277940583913,-13.958535862257314,0.9999999999999998,-35.00192678382814,-30.24348707271411,202.73505135716545
95.50236055832362,-13.955006141657691,0.9999999999999999,-35.007211476069685,-30.247648227837608,202.68452290830606
95.51194133945147,-13.951475850421495,0.9999999999999997,-35.01249463788489,-30.251808516784124,202.633985339235
95.52152174923602,-13.947944988615445,0.9999999999999997,-35.017776268746125,-30.255967938932816,202.5834386552689
95.53110178769043,-13.94441355630635,0.9999999999999998,-35.02305636812581,-30.26012649366284,202.5328828617245
95.54068145482812,-13.940881553560926,0.9999999999999997,-35.02833493549627,-30.264284180353357,202.48231796391806
95.55026075066232,-13.937348980445977,0.9999999999999998,-35.033611970329886,-30.268440998383586,202.43174396716623
95.55983967520648,-13.933815837028224,0.9999999999999999,-35.03888747209899,-30.27259694713276,202.38116087678554
95.56941822847392,-13.930282123374468,0.9999999999999999,-35.04416144027594,-30.27675202598006,202.33056869809252
95.57899641047818,-13.926747839551426,0.9999999999999999,-35.049433874333054,-30.280906234304815,202.2799674364037
95.58857422123265,-13.923212985625906,0.9999999999999998,-35.05470477374268,-30.285059571486258,202.22935709703563
95.5981516607509,-13.919677561664612,0.9999999999999997,-35.05997413797705,-30.289212036903717,202.17873768530492
95.6077287290464,-13.916141567734345,0.9999999999999997,-35.06524196650855,-30.29336362993649,202.12810920652797
95.61730542613283,-13.912605003901827,0.9999999999999996,-35.07050825880941,-30.297514349963958,202.07747166602138
95.62688175202366,-13.909067870233843,0.9999999999999999,-35.075773014351924,-30.30166419636545,202.02682506910176
95.63645770673271,-13.905530166797114,0.9999999999999998,-35.08103623260836,-30.30581316852036,201.9761694210854
95.64603329027351,-13.901991893658433,0.9999999999999999,-35.08629791305096,-30.3099612658081,201.92550472728922
95.65560850265987,-13.898453050884505,0.9999999999999998,-35.09155805515198,-30.314108487608102,201.87483099302943
95.6651833439055,-13.894913638542134,0.9999999999999998,-35.09681665838369,-30.31825483329982,201.82414822362261
95.6747578140242,-13.891373656698022,0.9999999999999999,-35.10207372221821,-30.322400302262693,201.77345642438553
95.68433191302977,-13.887833105418958,0.9999999999999998,-35.107329246127875,-30.326544893876264,201.72275560063449
95.69390564093611,-13.884291984771654,0.9999999999999998,-35.11258322958481,-30.33068860752001,201.67204575768622
95.70347899775703,-13.8807502948229,0.9999999999999998,-35.11783567206123,-30.334831442573478,201.62132690085699
95.71305198350655,-13.877208035639393,0.9999999999999999,-35.12308657302929,-30.338973398416222,201.57059903546354
95.72262459819852,-13.873665207287932,0.9999999999999997,-35.1283359319612,-30.343114474427843,201.51986216682232
95.73219684184706,-13.87012180983521,0.9999999999999998,-35.13358374832909,-30.34725466998791,201.46911630024994
95.74176871446606,-13.866577843348018,0.9999999999999997,-35.138830021605116,-30.35139398447608,201.41836144106276
95.7513402160697,-13.863033307893058,0.9999999999999998,-35.144074751261414,-30.355532417271977,201.36759759457763
95.76091134667199,-13.859488203537113,0.9999999999999998,-35.149317936770096,-30.35966996775528,201.31682476611093
95.77048210628713,-13.85594253034688,0.9999999999999997,-35.15455957760328,-30.36380663530569,201.266042960979
95.78005249492921,-13.852396288389142,0.9999999999999998,-35.159799673233074,-30.367942419302896,201.21525218449864
95.78962251261251,-13.848849477730601,0.9999999999999997,-35.16503822313155,-30.372077319126653,201.1644524419864
95.79919215935118,-13.845302098438026,0.9999999999999998,-35.170275226770805,-30.376211334156714,201.11364373875855
95.80876143515958,-13.841754150578126,0.9999999999999998,-35.175510683622896,-30.380344463772865,201.06282608013197
95.81833034005192,-13.838205634217665,0.9999999999999998,-35.180744593159886,-30.384476707354914,201.01199947142283
95.82789887404262,-13.834656549423348,0.9999999999999998,-35.185976954853814,-30.388608064282696,200.96116391794803
95.83746703714597,-13.831106896261943,0.9999999999999999,-35.19120776817668,-30.39273853393602,200.91031942502374
95.84703482937645,-13.827556674800146,0.9999999999999998,-35.196437032600564,-30.396868115694815,200.85946599796688
95.85660225074845,-13.824005885104725,0.9999999999999999,-35.201664747597434,-30.40099680893895,200.80860364209363
95.8661693012765,-13.820454527242378,0.9999999999999997,-35.2068909126393,-30.405124613048358,200.7577323627208
95.87573598097502,-13.816902601279864,0.9999999999999999,-35.212115527198115,-30.409251527402958,200.70685216516486
95.88530228985866,-13.813350107283881,0.9999999999999999,-35.21733859074589,-30.413377551382755,200.65596305474227
95.89486822794188,-13.809797045321199,0.9999999999999998,-35.222560102754564,-30.41750268436771,200.60506503676953
95.90443379523941,-13.806243415458495,0.9999999999999997,-35.22778006269608,-30.42162692573787,200.5541581165632
95.91399899176581,-13.802689217762534,0.9999999999999999,-35.232998470042396,-30.42575027487324,200.50324229944
95.92356381753584,-13.79913445230001,0.9999999999999998,-35.2382153242654,-30.429872731153903,200.45231759071635
95.9331282725641,-13.795579119137681,0.9999999999999998,-35.24343062483703,-30.433994293959934,200.40138399570864
95.94269235686548,-13.792023218342226,0.9999999999999999,-35.24864437122917,-30.438114962671463,200.3504415197337
95.95225607045464,-13.788466749980412,0.9999999999999997,-35.25385656291371,-30.44223473666861,200.29949016810775
95.9618194133465,-13.784909714118918,0.9999999999999997,-35.25906719936253,-30.44635361533153,200.2485299461475
95.97138238555581,-13.781352110824495,0.9999999999999998,-35.264276280047476,-30.450471598040423,200.19756085916956
95.98094498709757,-13.77779394016383,0.9999999999999998,-35.269483804440405,-30.454588684175476,200.1465829124902
95.99050721798659,-13.774235202203675,0.9999999999999997,-35.27468977201315,-30.45870487311695,200.09559611142637
96.00006907823793,-13.770675897010705,0.9999999999999999,-35.27989418223751,-30.462820164245088,200.04460046129418
96.00963056786647,-13.767116024651676,0.9999999999999998,-35.28509703458533,-30.466934556940153,199.9935959674105
96.0191916868873,-13.763555585193279,0.9999999999999999,-35.29029832852841,-30.471048050582482,199.94258263509155
96.02875243531551,-13.759994578702207,0.9999999999999998,-35.29549806353848,-30.475160644552403,199.8915604696541
96.03831281316619,-13.756433005245192,0.9999999999999997,-35.30069623908736,-30.47927233823026,199.84052947641464
96.04787282045434,-13.752870864888957,0.9999999999999999,-35.305892854646785,-30.483383130996422,199.7894896606897
96.05743245719522,-13.749308157700199,0.9999999999999997,-35.31108790968852,-30.487493022231334,199.7384410277958
96.06699172340409,-13.745744883745594,0.9999999999999999,-35.31628140368426,-30.491602011315408,199.6873835830495
96.07655061909608,-13.742181043091877,0.9999999999999998,-35.32147333610575,-30.4957100976291,199.63631733176723
96.08610914428645,-13.738616635805773,0.9999999999999998,-35.32666370642469,-30.49981728055288,199.5852422792657
96.09566729899053,-13.735051661953955,0.9999999999999998,-35.331852514112775,-30.503923559467292,199.53415843086134
96.1052250832237,-13.731486121603115,0.9999999999999998,-35.33703975864165,-30.50802893375284,199.4830657918707
96.11478249700129,-13.72792001481997,0.9999999999999998,-35.34222543948303,-30.512133402790106,199.43196436761025
96.12433954033862,-13.724353341671236,0.9999999999999999,-35.34740955610853,-30.516236965959642,199.38085416339675
96.1338962132512,-13.720786102223599,0.9999999999999997,-35.35259210798979,-30.52033962264209,199.32973518454648
96.14345251575456,-13.717218296543729,0.9999999999999999,-35.357773094598436,-30.52444137221808,199.27860743637615
96.15300844786412,-13.713649924698341,0.9999999999999998,-35.362952515406086,-30.528542214068274,199.22747092420227
96.1625640095954,-13.710080986754155,0.9999999999999998,-35.368130369884334,-30.53264214757336,199.17632565334125
96.172119200964,-13.706511482777842,0.9999999999999997,-35.37330665750474,-30.536741172114052,199.1251716291097
96.1816740219856,-13.70294141283607,0.9999999999999998,-35.3784813777389,-30.54083928707111,199.0740088568243
96.1912284726757,-13.699370776995575,0.9999999999999997,-35.38365453005836,-30.54493649182526,199.02283734180133
96.20078255305012,-13.695799575322999,0.9999999999999997,-35.38882611393465,-30.549032785757362,198.97165708935748
96.21033626312443,-13.692227807885077,0.9999999999999998,-35.393996128839284,-30.553128168248172,198.92046810480934
96.21988960291449,-13.688655474748447,0.9999999999999999,-35.3991645742438,-30.55722263867858,198.86927039347327
96.22944257243599,-13.685082575979845,0.9999999999999999,-35.404331449619704,-30.561316196429452,198.81806396066588
96.23899517170481,-13.681509111645905,0.9999999999999998,-35.40949675443844,-30.56540884088169,198.76684881170382
96.24854740073673,-13.677935081813354,0.9999999999999997,-35.41466048817151,-30.56950057141622,198.71562495190352
96.2580992595477,-13.67436048654883,0.9999999999999998,-35.41982265029035,-30.57359138741399,198.66439238658154
96.26765074815354,-13.670785325919056,0.9999999999999996,-35.42498324026641,-30.577681288256,198.6131511210544
96.27720186657032,-13.667209599990665,0.9999999999999999,-35.430142257571084,-30.581770273323247,198.5619011606386
96.28675261481389,-13.663633308830383,0.9999999999999998,-35.43529970167584,-30.585858341996776,198.5106425106507
96.29630299290038,-13.660056452504831,0.9999999999999999,-35.44045557205202,-30.589945493657655,198.4593751764074
96.30585300084573,-13.656479031080735,0.9999999999999998,-35.44560986817104,-30.59403172768697,198.40809916322496
96.31540263866614,-13.652901044624727,0.9999999999999997,-35.450762589504265,-30.598117043465862,198.35681447642014
96.32495190637762,-13.649322493203512,0.9999999999999999,-35.45591373552302,-30.602201440375428,198.30552112130937
96.3345008039964,-13.64574337688372,0.9999999999999998,-35.46106330569866,-30.606284917796906,198.25421910320924
96.34404933153861,-13.642163695732066,0.9999999999999998,-35.46621129950251,-30.610367475111453,198.2029084274362
96.35359748902053,-13.638583449815169,0.9999999999999998,-35.47135771640587,-30.61444911170033,198.1515890993069
96.36314527645834,-13.635002639199742,0.9999999999999998,-35.476502555880046,-30.61852982694478,198.10026112413777
96.3726926938684,-13.631421263952399,0.9999999999999998,-35.481645817396284,-30.622609620226093,198.04892450724543
96.38223974126697,-13.627839324139853,0.9999999999999998,-35.486787500425876,-30.6266884909256,197.9975792539463
96.39178641867046,-13.624256819828716,0.9999999999999998,-35.49192760444006,-30.630766438424622,197.94622536955708
96.40133272609519,-13.620673751085693,0.9999999999999998,-35.49706612891006,-30.63484346210455,197.89486285939412
96.4108786635577,-13.6170901179774,0.9999999999999998,-35.5022030733071,-30.63891956134678,197.8434917287742
96.42042423107429,-13.613505920570534,0.9999999999999999,-35.507338437102376,-30.642994735532724,197.79211198301363
96.42996942866161,-13.609921158931709,0.9999999999999998,-35.51247221976708,-30.64706898404387,197.7407236274291
96.43951425633605,-13.606335833127618,0.9999999999999998,-35.51760442077238,-30.651142306261693,197.689326667337
96.44905871411429,-13.602749943224875,0.9999999999999997,-35.52273503958942,-30.655214701567704,197.63792110805406
96.45860280201282,-13.599163489290168,0.9999999999999998,-35.52786407568935,-30.659286169343453,197.58650695489652
96.46814652004835,-13.595576471390107,0.9999999999999998,-35.53299152854329,-30.663356708970515,197.53508421318122
96.47768986823745,-13.59198888959138,0.9999999999999998,-35.53811739762235,-30.667426319830486,197.48365288822455
96.48723284659692,-13.588400743960593,0.9999999999999999,-35.54324168239759,-30.671495001304997,197.4322129853431
96.49677545514339,-13.584812034564429,0.9999999999999999,-35.54836438234013,-30.675562752775726,197.3807645098534
96.50631769389372,-13.58122276146949,0.9999999999999998,-35.553485496921006,-30.67962957362435,197.32930746707194
96.5158595628646,-13.577632924742456,0.9999999999999998,-35.55860502561127,-30.683695463232585,197.27784186231534
96.525401062073,-13.574042524449936,0.9999999999999996,-35.563722967881965,-30.687760420982222,197.2263677009
96.53494219153562,-13.570451560658592,0.9999999999999998,-35.568839323204045,-30.691824446254966,197.17488498814248
96.5444829512695,-13.566860033435026,0.9999999999999999,-35.57395409104857,-30.69588753843269,197.1233937293595
96.55402334129147,-13.563267942845924,0.9999999999999998,-35.57906727088649,-30.6999496968972,197.07189392986743
96.56356336161859,-13.559675288957864,0.9999999999999998,-35.584178862188764,-30.704010921030395,197.02038559498286
96.57310301226775,-13.556082071837526,0.9999999999999998,-35.58928886442634,-30.70807121021413,196.9688687300223
96.5826422932561,-13.552488291551494,0.9999999999999998,-35.594397277070165,-30.71213056383038,196.9173433403023
96.59218120460059,-13.548893948166445,0.9999999999999998,-35.59950409959114,-30.716188981261062,196.86580943113938
96.60171974631847,-13.545299041748958,0.9999999999999997,-35.60460933146014,-30.72024646188821,196.81426700785002
96.6112579184267,-13.541703572365698,0.9999999999999999,-35.60971297214808,-30.7243030050938,196.762716075751
96.62079572094261,-13.538107540083251,0.9999999999999997,-35.61481502112582,-30.728358610259935,196.71115664015863
96.63033315388327,-13.534510944968277,0.9999999999999998,-35.61991547786418,-30.732413276768625,196.65958870638937
96.63987021726605,-13.530913787087357,0.9999999999999998,-35.62501434183401,-30.736467004002044,196.60801227976003
96.64940691110807,-13.52731606650715,0.9999999999999997,-35.63011161250614,-30.740519791342315,196.55642736558687
96.65894323542678,-13.523717783294229,0.9999999999999998,-35.635207289351335,-30.744571638171603,196.50483396918676
96.66847919023941,-13.520118937515253,0.9999999999999998,-35.64030137184038,-30.74862254387211,196.4532320958759
96.67801477556335,-13.516519529236813,0.9999999999999998,-35.645393859444056,-30.75267250782607,196.4016217509711
96.6875499914161,-13.512919558525498,0.9999999999999998,-35.6504847516331,-30.75672152941578,196.35000293978857
96.69708483781503,-13.509319025447946,0.9999999999999997,-35.65557404787823,-30.76076960802351,196.29837566764525
96.70661931477756,-13.505717930070775,0.9999999999999998,-35.66066174765017,-30.764816743031577,196.24673993985726
96.71615342232123,-13.502116272460581,0.9999999999999997,-35.665747850419606,-30.768862933822355,196.19509576174158
96.72568716046368,-13.498514052683934,0.9999999999999998,-35.670832355657225,-30.772908179778252,196.1434431386143
96.73522052922239,-13.49491127080747,0.9999999999999998,-35.67591526283367,-30.776952480281665,196.09178207579217
96.74475352861492,-13.491307926897809,0.9999999999999999,-35.680996571419605,-30.780995834715046,196.04011257859182
96.754286158659,-13.487704021021523,0.9999999999999999,-35.686076280885636,-30.78503824246091,195.9884346523297
