galstreams/tracks/track.st.M2.grillmair2022.ecsv
# %ECSV 0.9
# ---
# datatype:
# - {name: ra, unit: deg, datatype: float64}
# - {name: dec, unit: deg, datatype: float64}
# - {name: distance, unit: kpc, datatype: float64}
# - {name: pm_ra_cosdec, unit: mas / yr, datatype: float64}
# - {name: pm_dec, unit: mas / yr, datatype: float64}
# - {name: radial_velocity, unit: km / s, datatype: float64}
# delimiter: ','
# meta: !!omap
# - __serialized_columns__:
#     dec:
#       __class__: astropy.coordinates.angles.Latitude
#       unit: &id001 !astropy.units.Unit {unit: deg}
#       value: !astropy.table.SerializedColumn {name: dec}
#     distance:
#       __class__: astropy.coordinates.distances.Distance
#       unit: !astropy.units.Unit {unit: kpc}
#       value: !astropy.table.SerializedColumn {name: distance}
#     pm_dec:
#       __class__: astropy.units.quantity.Quantity
#       unit: !astropy.units.Unit {unit: mas / yr}
#       value: !astropy.table.SerializedColumn {name: pm_dec}
#     pm_ra_cosdec:
#       __class__: astropy.units.quantity.Quantity
#       unit: !astropy.units.Unit {unit: mas / yr}
#       value: !astropy.table.SerializedColumn {name: pm_ra_cosdec}
#     ra:
#       __class__: astropy.coordinates.angles.Longitude
#       unit: *id001
#       value: !astropy.table.SerializedColumn {name: ra}
#       wrap_angle: !astropy.coordinates.Angle
#         unit: *id001
#         value: 360.0
#     radial_velocity:
#       __class__: astropy.units.quantity.Quantity
#       unit: !astropy.units.Unit {unit: km / s}
#       value: !astropy.table.SerializedColumn {name: radial_velocity}
# schema: astropy-2.0
ra,dec,distance,pm_ra_cosdec,pm_dec,radial_velocity
[from data line 3146]
311.0882029960328,-5.027288733453748,11.692999999999996,4.774598355509943,-2.0373423769609658,-9.052324664612763e-14
311.09772183155144,-5.024213832954064,11.692999999999998,4.773580107672689,-2.0375516822653994,-2.1683475359421271e-13
311.1072404152778,-5.021138317822191,11.692999999999996,4.772562009173486,-2.0377607398524313,3.368306851948935e-14
311.11675874670203,-5.018062186551787,11.692999999999996,4.771544060053421,-2.037969549400129,-1.7262572616238293e-13
311.1262768253155,-5.014985437638797,11.692999999999994,4.770526260353355,-2.0381781105869976,-5.4734986344170195e-14
311.13579465060985,-5.011908069581513,11.692999999999996,4.769508610113901,-2.038386423091985,-1.3894265764289357e-13
311.1453122220777,-5.008830080880468,11.692999999999994,4.768491109375437,-2.038594486594486,-1.4525823299029783e-13
311.15482953921236,-5.005751470038492,11.692999999999998,4.767473758178099,-2.0388023007743357,-1.7262572616238293e-13
311.1643466015078,-5.002672235560775,11.692999999999994,4.766456556561792,-2.0390098653118165,-5.6840178126638284e-14
311.17386340845877,-4.999592375954766,11.692999999999996,4.76543950456617,-2.0392171798876575,-1.894672604221276e-13
311.18337995956074,-4.996511889730224,11.692999999999998,4.764422602230654,-2.0394242441830315,-1.4315304120782974e-13
311.1928962543099,-4.993430775399284,11.692999999999994,4.763405849594427,-2.0396310578795664,-1.0315439734093615e-13
311.2024122922032,-4.990349031476349,11.692999999999996,4.762389246696421,-2.039837620659332,-1.9999321933446803e-13
311.2119280727383,-4.98726665647815,11.692999999999998,4.76137279357534,-2.0400439322048514,-1.6841534259744676e-14
311.22144359541363,-4.984183648923811,11.692999999999998,4.760356490269637,-2.0402499921991,-5.4734986344170195e-14
311.23095885972833,-4.981100007334718,11.692999999999996,4.759340336817534,-2.0404558003255038,-2.1262437002927655e-13
311.24047386518237,-4.978015730234672,11.692999999999998,4.758324333256997,-2.0406613562679423,-7.578690416885104e-14
311.2499886112763,-4.974930816149768,11.692999999999998,4.757308479625767,-2.040866659710748,-1.642049590325106e-13
311.2595030975116,-4.971845263608457,11.692999999999998,4.756292775961329,-2.0410717103387093,-1.3894265764289357e-13
311.26901732339036,-4.968759071141601,11.692999999999996,4.7552772223009345,-2.0412765078370714,4.4209027431829774e-14
311.2785312884155,-4.965672237282368,11.692999999999998,4.754261818681587,-2.0414810518915347,-1.0946997268834039e-13
311.2880449920907,-4.962584760566293,11.692999999999996,4.753246565140049,-2.041685342188257,-1.5367900012017016e-13
311.2975584339203,-4.95949663953134,11.692999999999996,4.752231461712842,-2.041889378413859,-1.0104920555846805e-13
311.3070716134095,-4.9564078727177945,11.692999999999998,4.751216508436239,-2.042093160255415,-1.1578554803574466e-13
311.31658453006435,-4.953318458668325,11.692999999999998,4.750201705346275,-2.0422966874004658,-1.2631150694808508e-13
311.32609718339125,-4.950228395928036,11.692999999999996,4.749187052478736,-2.0424999595370124,-1.8736206863965952e-13
311.3356095728979,-4.947137683044378,11.692999999999998,4.748172549869169,-2.042702976353515,-9.683882199353189e-14
311.3451216980925,-4.944046318567188,11.692999999999996,4.747158197552871,-2.042905737538903,-5.4734986344170195e-14
311.3546335584839,-4.940954301048763,11.692999999999996,4.7461439955648945,-2.0431082427825658,-1.1999593160068083e-13
311.3641451535819,-4.937861629043752,11.692999999999996,4.745129943940054,-2.0433104917743603,-1.894672604221276e-13
311.3736564828971,-4.934768301109214,11.692999999999994,4.7441160427129105,-2.0435124842046113,-1.49468616555234e-13
311.3831675459407,-4.931674315804677,11.692999999999998,4.743102291917782,-2.043714219764109,-5.2629794561702114e-14
311.39267834222477,-4.928579671692032,11.692999999999994,4.742088691588741,-2.0439156981441164,-1.6631015081497867e-13
311.4021888712623,-4.925484367335602,11.692999999999998,4.741075241759614,-2.044116919036356,-8.21024795162553e-14
311.41169913256675,-4.9223884013021895,11.692999999999996,4.740061942463983,-2.0443178821330332,-8.420767129872338e-14
311.4212091256526,-4.919291772160976,11.692999999999996,4.739048793735177,-2.0445185871268174,-1.1368035625327657e-13
311.4307188500351,-4.916194478483588,11.692999999999994,4.738035795606285,-2.0447190337108507,-1.0104920555846805e-13
311.44022830523005,-4.9130965188441404,11.692999999999996,4.737022948110143,-2.044919221578752,-5.2629794561702114e-14
311.44973749075444,-4.909997891819137,11.692999999999998,4.7360102512793425,-2.045119150424612,-1.6631015081497867e-13
311.4592464061256,-4.906898595987601,11.692999999999996,4.734997705146229,-2.0453188199429966,-1.515738083377021e-13
311.46875505086206,-4.90379862993096,11.692999999999996,4.733985309742895,-2.0455182298289496,-1.7052053437991484e-13
311.4782634244829,-4.900697992233106,11.692999999999994,4.732973065101188,-2.04571737977799,-1.3894265764289357e-13
311.487771526508,-4.8975966814804535,11.693,4.731960971252702,-2.0459162694861166,-9.47336302110638e-14
311.49727935645814,-4.894494696261839,11.692999999999994,4.730949028228794,-2.046114898649809,-6.315575347404254e-14
311.50678691385485,-4.891392035168567,11.692999999999998,4.729937236060555,-2.046313266966022,-1.7262572616238293e-13
311.5162941982204,-4.888288696794492,11.692999999999998,4.728925594778842,-2.0465113741321956,-6.526094525651062e-14
311.525801209078,-4.885184679735894,11.692999999999994,4.72791410441425,-2.046709219846252,-6.315575347404254e-14
311.5353079459515,-4.882079982591543,11.692999999999994,4.72690276499713,-2.046906803806592,-1.3052189051302125e-13
311.54481440836565,-4.878974603962767,11.692999999999996,4.725891576557583,-2.047104125712107,-1.789413015097872e-13
311.5543205958461,-4.87586854245334,11.692999999999996,4.72488053912546,-2.0473011852621683,-1.8525687685719145e-13
311.56382650791915,-4.872761796669538,11.692999999999996,4.723869652730356,-2.0474979821566346,-1.221011233831489e-13
311.57333214411193,-4.8696543652202084,11.692999999999996,4.7228589174016165,-2.047694516095854,-4.8419410996765944e-14
311.58283750395236,-4.866546246716656,11.692999999999996,4.721848333168341,-2.047890786780659,-1.5788938368510635e-13
311.5923425869695,-4.863437439772713,11.692999999999996,4.720837900059372,-2.0480867939123732,-1.4315304120782974e-13
311.6018473926927,-4.860327943004783,11.692999999999996,4.719827618103302,-2.0482825371928093,-1.1578554803574466e-13
311.61135192065257,-4.857217755031755,11.692999999999998,4.71881748732847,-2.0484780163242684,-8.420767129872338e-15
311.6208561703803,-4.854106874475046,11.692999999999996,4.717807507762961,-2.0486732310095492,-8.420767129872338e-15
311.63036014140795,-4.850995299958675,11.692999999999998,4.716797679434611,-2.0488681809519376,1.6841534259744676e-14
311.63986383326846,-4.847883030109145,11.692999999999996,4.715788002371002,-2.049062865855218,-9.052324664612763e-14
311.6493672454957,-4.844770063555513,11.692999999999996,4.714778476599459,-2.0492572854236633,-8.21024795162553e-14
311.658870377624,-4.841656398929445,11.692999999999996,4.713769102147058,-2.0494514393620498,-6.315575347404254e-14
311.668373229189,-4.838542034865089,11.692999999999994,4.712759879040618,-2.0496453273756416,-1.0525958912340423e-14
311.67787579972673,-4.835426969999239,11.692999999999998,4.711750807306704,-2.04983894917021,1.6841534259744676e-14
311.6873780887743,-4.832311202971198,11.692999999999994,4.710741886971629,-2.0500323044520172,-9.262843842859572e-14
311.69688009586986,-4.829194732422839,11.692999999999994,4.709733118061448,-2.0502253929278274,-2.5262301389617013e-14
311.70638182055177,-4.82607755699868,11.692999999999994,4.708724500601963,-2.0504182143049086,-1.8525687685719145e-13
311.7158832623599,-4.822959675345754,11.692999999999996,4.707716034618718,-2.050610768291026,-9.683882199353189e-14
311.7253844208347,-4.819841086113695,11.692999999999998,4.706707720137006,-2.050803054594447,-4.631421921429786e-14
311.73488529551724,-4.816721787954777,11.692999999999996,4.705699557181861,-2.050995072923947,4.210383564936169e-15
311.7443858859498,-4.81360177952382,11.692999999999994,4.704691545778062,-2.051186822988801,-1.1157516447080849e-13
311.75388619167535,-4.810481059478247,11.692999999999998,4.703683685950127,-2.051378304498792,-5.894536990910637e-14
311.7633862122376,-4.80735962647814,11.692999999999998,4.702675977722327,-2.05156951716421,-1.5367900012017016e-13
311.77288594718135,-4.804237479186146,11.692999999999998,4.701668421118667,-2.0517604606958484,-1.0104920555846805e-13
311.78238539605223,-4.801114616267524,11.692999999999998,4.700661016162897,-2.051951134805014,-8.420767129872338e-15
311.79188455839636,-4.797991036390208,11.692999999999994,4.6996537628785156,-2.0521415392035203,-1.5999457546757442e-13
311.8013834337612,-4.794866738224707,11.692999999999998,4.69864666128875,-2.0523316736036885,-1.547315960114042e-13
311.81088202169485,-4.791741720444162,11.692999999999998,4.697639711416583,-2.0525215377183548,-9.368103431982976e-14
311.8203803217462,-4.7886159817244085,11.692999999999996,4.696632913284736,-2.0527111312608683,-5.999796580034041e-14
311.8298783334652,-4.78548952074384,11.692999999999998,4.695626266915664,-2.052900453945086,-3.368306851948935e-14
311.83937605640244,-4.78236233618358,11.692999999999996,4.69461977233157,-2.053089505485386,1.9999321933446802e-14
311.8488734901095,-4.7792344267273394,11.692999999999998,4.693613429554397,-2.0532782855966554,-1.9367764398706378e-13
311.85837063413896,-4.776105791061513,11.692999999999994,4.692607238605831,-2.0534667939943003,-2.2946590428902123e-13
311.8678674880441,-4.772976427875125,11.692999999999998,4.6916011995072875,-2.0536550303942422,-2.947268495455318e-14
311.87736405137906,-4.769846335859932,11.692999999999998,4.690595312279935,-2.0538429945129235,-1.9999321933446802e-14
311.886860323699,-4.76671551371028,11.692999999999998,4.689589576944677,-2.054030686067304,-1.1473295214451061e-13
311.89635630455973,-4.763583960123266,11.693,4.688583993522151,-2.05421810477486,-1.1683814392697868e-13
311.9058519935181,-4.760451673798611,11.692999999999998,4.687578562032742,-2.054405250353596,-1.5367900012017016e-13
311.9153473901321,-4.757318653438722,11.692999999999996,4.686573282496569,-2.0545921225220307,2.1051917824680846e-14
311.92484249396,-4.754184897748748,11.692999999999998,4.68556815493349,-2.054778720999211,-1.0525958912340423e-13
311.9343373045614,-4.751050405436477,11.692999999999996,4.684563179363103,-2.0549650455047077,-1.3789006175165953e-13
311.9438318214967,-4.747915175212397,11.692999999999998,4.68355835580474,-2.0551510957586103,-1.789413015097872e-13
311.9533260443272,-4.744779205789758,11.692999999999996,4.682553684277478,-2.0553368714815403,-1.4525823299029783e-13
311.96281997261497,-4.741642495884458,11.692999999999996,4.681549164800124,-2.0555223723946447,-5.4734986344170195e-14
311.97231360592315,-4.73850504421511,11.692999999999996,4.680544797391226,-2.0557075982195956,-1.2631150694808506e-14
311.98180694381557,-4.735366849503101,11.692999999999996,4.679540582069069,-2.0558925486785977,-1.4420563709906378e-13
311.99129998585715,-4.7322279104724885,11.692999999999996,4.678536518851673,-2.0560772234943814,-1.7999389740102124e-13
312.0007927316137,-4.729088225850051,11.692999999999998,4.677532607756794,-2.05626162239021,-7.4734308277617e-14
312.0102851806518,-4.725947794365363,11.692999999999994,4.676528848801929,-2.056445745089877,-1.2631150694808508e-13
312.019777332539,-4.722806614750672,11.692999999999998,4.675525242004301,-2.0566295913177113,-7.999728773378721e-14
312.0292691868438,-4.719664685740978,11.692999999999996,4.674521787380883,-2.056813160798573,-1.1894333570944678e-13
312.0387607431355,-4.716522006074076,11.692999999999994,4.673518484948367,-2.056996453257857,8.420767129872338e-15
312.04825200098446,-4.713378574490438,11.692999999999998,4.67251533472319,-2.0571794684214906,-1.8630947274842547e-13
312.05774295996184,-4.710234389733375,11.692999999999994,4.671512336721523,-2.0573622060159455,-7.368171238638296e-14
312.0672336196397,-4.707089450548892,11.692999999999998,4.670509490959269,-2.0575446657682215,-9.894401377599997e-14
312.07672397959107,-4.703943755685789,11.692999999999998,4.669506797452066,-2.0577268474058656,-1.0525958912340423e-13
312.08621403939,-4.700797303895614,11.692999999999994,4.668504256215288,-2.0579087506569578,-5.578758223540424e-14
312.09570379861117,-4.697650093932746,11.692999999999996,4.6675018672640345,-2.05809037525012,-8.420767129872338e-15
312.10519325683055,-4.694502124554275,11.692999999999996,4.66649963061315,-2.0582717209145156,-7.4734308277617e-14
312.1146824136246,-4.691353394520141,11.692999999999998,4.6654975462772015,-2.0584527873798506,-7.683950006008508e-14
312.12417126857116,-4.688203902593029,11.692999999999998,4.664495614270498,-2.0586335743763753,-5.157719867046807e-14
312.1336598212487,-4.685053647538415,11.692999999999998,4.663493834607074,-2.058814081634883,-1.6525755492374463e-13
312.1431480712368,-4.681902628124627,11.692999999999994,4.6624922073007,-2.058994308886711,-5.894536990910637e-14
312.1526360181157,-4.678750843122747,11.692999999999994,4.661490732364873,-2.059174255863746,-1.4631082888153188e-13
312.1621236614669,-4.675598291306664,11.692999999999994,4.66048940981283,-2.0593539222984165,-1.1368035625327657e-13
312.17161100087264,-4.672444971453137,11.692999999999996,4.659488239657533,-2.0595333079237053,8.420767129872338e-15
312.1810980359161,-4.669290882341693,11.692999999999994,4.658487221911677,-2.0597124124731403,-7.157652060391487e-14
312.19058476618153,-4.6661360227546735,11.692999999999998,4.657486356587684,-2.0598912356808,-2.5262301389617013e-14
312.2000711912539,-4.662980391477314,11.692999999999994,4.656485643697719,-2.0600697772813166,-1.1789073981821273e-13
312.20955731071933,-4.659823987297619,11.692999999999998,4.6554850832536605,-2.0602480370098695,-1.24206315165617e-13
312.2190431241649,-4.656666809006438,11.692999999999994,4.654484675267131,-2.060426014602195,-1.8525687685719145e-13
312.22852863117845,-4.653508855397518,11.692999999999998,4.65348441974947,-2.0606037097945813,-2.2209773305038292e-13
312.2380138313489,-4.650350125267398,11.692999999999994,4.65248431671176,-2.0607811223238732,-1.3683746586042549e-14
312.24749872426605,-4.647190617415466,11.692999999999996,4.6514843661648,-2.060958251927471,-9.578622610229784e-14
312.2569833095207,-4.644030330644026,11.692999999999998,4.650484568119126,-2.061135098343328,5.2629794561702114e-14
312.2664675867046,-4.640869263758174,11.692999999999998,4.649484922585,-2.0613116613099622,-2.020984111169361e-13
312.27595155541053,-4.637707415565941,11.692999999999998,4.64848542957241,-2.061487940566443,-1.4104784942536167e-13
312.285435215232,-4.634544784878176,11.692999999999994,4.647486089091079,-2.0616639358524074,-1.1052256857957444e-13
312.2949185657638,-4.631381370508607,11.692999999999994,4.646486901150448,-2.061839646908047,-1.547315960114042e-13
312.3044016066014,-4.628217171273898,11.692999999999996,4.6454878657596925,-2.0620150734741145,-1.9262504809582973e-13
312.3138843373414,-4.625052185993542,11.692999999999998,4.644488982927712,-2.0621902152919316,-4.210383564936169e-14
312.3233667575813,-4.621886413489926,11.692999999999998,4.643490252663136,-2.0623650721033804,-1.368374658604255e-13
312.3328488669196,-4.618719852588385,11.692999999999996,4.642491674974317,-2.0625396436509034,4.315643154059573e-14
312.3423306649557,-4.6155525021171036,11.692999999999994,4.641493249869336,-2.0627139296775154,-1.1578554803574466e-14
312.35181215129006,-4.6123843609071695,11.692999999999996,4.640494977355999,-2.0628879299267933,-1.7788870561855314e-13
312.3612933255241,-4.609215427792636,11.692999999999996,4.639496857441836,-2.0630616441428846,-1.347322740779574e-13
312.3707741872602,-4.606045701610414,11.692999999999994,4.638498890134112,-2.0632350720705026,-1.4631082888153188e-13
