galstreams/tracks/track.st.Cetus.yam2013.ecsv
# %ECSV 0.9
# ---
# datatype:
# - {name: ra, unit: deg, datatype: float64}
# - {name: dec, unit: deg, datatype: float64}
# - {name: distance, unit: kpc, datatype: float64}
# - {name: pm_ra_cosdec, unit: mas / yr, datatype: float64}
# - {name: pm_dec, unit: mas / yr, datatype: float64}
# - {name: radial_velocity, unit: km / s, datatype: float64}
# delimiter: ','
# meta: !!omap
# - __serialized_columns__:
#     dec:
#       __class__: astropy.coordinates.angles.Latitude
#       unit: &id001 !astropy.units.Unit {unit: deg}
#       value: !astropy.table.SerializedColumn {name: dec}
#     distance:
#       __class__: astropy.coordinates.distances.Distance
#       unit: !astropy.units.Unit {unit: kpc}
#       value: !astropy.table.SerializedColumn {name: distance}
#     pm_dec:
#       __class__: astropy.units.quantity.Quantity
#       unit: !astropy.units.Unit {unit: mas / yr}
#       value: !astropy.table.SerializedColumn {name: pm_dec}
#     pm_ra_cosdec:
#       __class__: astropy.units.quantity.Quantity
#       unit: !astropy.units.Unit {unit: mas / yr}
#       value: !astropy.table.SerializedColumn {name: pm_ra_cosdec}
#     ra:
#       __class__: astropy.coordinates.angles.Longitude
#       unit: *id001
#       value: !astropy.table.SerializedColumn {name: ra}
#       wrap_angle: !astropy.coordinates.Angle
#         unit: *id001
#         value: 360.0
#     radial_velocity:
#       __class__: astropy.units.quantity.Quantity
#       unit: !astropy.units.Unit {unit: km / s}
#       value: !astropy.table.SerializedColumn {name: radial_velocity}
# schema: astropy-2.0
ra,dec,distance,pm_ra_cosdec,pm_dec,radial_velocity
[from data line 1255]
24.70027336963063,7.530599108583523,30.294148203282607,-5.551115123125783e-17,-1.3877787807814457e-17,-121.0901343919916
24.704260431109454,7.53978638516913,30.29557281215384,-5.551115123125783e-17,-2.7755575615628914e-17,-121.1145944644874
24.708247858248416,7.548973540887575,30.29699635576764,5.551115123125783e-17,2.7755575615628914e-17,-121.13904934029738
24.712235650988987,7.558160575809984,30.29841883560773,0.0,-5.551115123125783e-17,-121.16349901888128
24.71622380927269,7.567347490007468,30.2998402531578,1.1102230246251565e-16,-1.3877787807814457e-17,-121.1879434996989
24.720212333041076,7.576534283551134,30.301260609901572,0.0,-1.3877787807814457e-17,-121.21238278221007
24.724201222235738,7.585720956512079,30.30267990732275,0.0,2.7755575615628914e-17,-121.23681686587443
24.72819047679829,7.594907508961326,30.304098146905048,-5.551115123125783e-17,-6.938893903907228e-17,-121.26124575015184
24.732180096670437,7.60409394097006,30.305515330132167,5.551115123125783e-17,-4.163336342344337e-17,-121.2856694345021
24.736170081793862,7.613280252609288,30.306931458487814,5.551115123125783e-17,1.3877787807814457e-17,-121.31008791838495
24.74016043211031,7.622466443950062,30.308346533455712,1.1102230246251565e-16,0.0,-121.33450120126021
24.74415114756157,7.631652515063421,30.30976055651955,1.1102230246251564e-16,0.0,-121.3589092825876
24.748142228089442,7.640838466020398,30.31117352916305,5.551115123125783e-17,-2.7755575615628914e-17,-121.38331216182691
24.7521336736358,7.650024296892019,30.31258545286992,5.551115123125783e-17,4.163336342344337e-17,-121.40770983843787
24.756125484142494,7.659210007749231,30.313996329123867,-5.551115123125782e-17,-2.7755575615628914e-17,-121.43210231188033
24.760117659551522,7.668395598663148,30.3154061594086,0.0,1.3877787807814457e-17,-121.45648958161411
24.76411019980481,7.677581069704702,30.316814945207817,0.0,-1.3877787807814457e-17,-121.4808716470989
24.76810310484438,7.686766420944875,30.318222688005246,-5.551115123125783e-17,-2.7755575615628914e-17,-121.50524850779446
24.77209637461226,7.695951652454634,30.319629389284586,0.0,-1.3877787807814457e-17,-121.52962016316063
24.77609000905054,7.70513676430494,30.32103505052953,0.0,0.0,-121.55398661265716
24.780084008101337,7.714321756566738,30.322439673223823,-5.551115123125783e-17,2.7755575615628914e-17,-121.57834785574377
24.784078371706784,7.7235066293109185,30.32384325885114,5.551115123125783e-17,0.0,-121.60270389188037
24.788073099809107,7.7326913826085075,30.325245808895207,5.551115123125783e-17,-8.326672684688674e-17,-121.62705472052663
24.792068192350527,7.741876016530379,30.326647324839726,1.1102230246251565e-16,-6.938893903907228e-17,-121.65140034114236
24.796063649273297,7.751060531147437,30.32804780816841,0.0,-1.3877787807814457e-17,-121.67574075318728
24.80005947051974,7.760244926530576,30.32944726036496,-5.551115123125783e-17,0.0,-121.70007595612128
24.804055656032187,7.769429202750686,30.330845682913093,-5.551115123125782e-17,-2.7755575615628914e-17,-121.72440594940403
24.808052205753015,7.778613359878642,30.332243077296518,-1.1102230246251565e-16,-2.7755575615628914e-17,-121.74873073249539
24.812049119624625,7.7877973979852655,30.33363944499894,5.551115123125782e-17,-4.163336342344337e-17,-121.7730503048551
24.81604639758951,7.796981317141511,30.335034787504053,5.551115123125783e-17,-4.163336342344337e-17,-121.79736466594288
24.820044039590137,7.806165117418174,30.3364291062956,0.0,-8.326672684688674e-17,-121.8216738152186
24.82404204556904,7.815348798886098,30.337822402857256,5.551115123125783e-17,-1.3877787807814457e-17,-121.84597775214195
24.828040415468774,7.824532361616101,30.339214678672764,-1.6653345369377348e-16,-2.7755575615628914e-17,-121.87027647617285
24.83203914923195,7.833715805679006,30.340605935225796,-1.6653345369377348e-16,-1.3877787807814457e-17,-121.89456998677089
24.836038246801216,7.842899131145616,30.34199617400008,-5.551115123125782e-17,-4.163336342344337e-17,-121.91885828339592
24.840037708119212,7.852082338086679,30.343385396479324,0.0,-2.7755575615628914e-17,-121.94314136550776
24.844037533128695,7.861265426573087,30.34477360414723,0.0,0.0,-121.96741923256617
24.8480377217724,7.870448396675561,30.346160798487514,0.0,0.0,-121.9916918840309
24.85203827399312,7.87963124846487,30.347546980983886,0.0,-1.3877787807814457e-17,-122.01595931936171
24.85603918973367,7.888813982011774,30.34893215312004,0.0,-4.163336342344337e-17,-122.04022153801846
24.860040468936923,7.897996597387019,30.350316316379704,-1.1102230246251565e-16,-5.551115123125783e-17,-122.06447853946084
24.864042111545768,7.907179094661341,30.351699472246583,5.551115123125782e-17,-1.3877787807814457e-17,-122.0887303231487
24.868044117503125,7.916361473905418,30.35308162220437,0.0,-1.3877787807814457e-17,-122.11297688854171
24.872046486752012,7.92554373519007,30.35446276773678,1.1102230246251565e-16,-6.938893903907228e-17,-122.13721823509971
24.876049219235412,7.934725878585956,30.35584291032753,-5.551115123125783e-17,-1.3877787807814457e-17,-122.1614543622825
24.88005231489638,7.943907904163772,30.357222051460337,-5.551115123125783e-17,-2.7755575615628914e-17,-122.18568526954982
24.884055773677996,7.953089811994206,30.358600192618887,0.0,-6.938893903907228e-17,-122.20991095636143
24.888059595523384,7.962271602147943,30.359977335286903,0.0,-1.3877787807814457e-17,-122.23413142217721
24.892063780375697,7.971453274695645,30.36135348094808,-1.1102230246251565e-16,-4.163336342344337e-17,-122.2583466664568
24.89606832817811,7.9806348297079275,30.362728631086142,0.0,1.3877787807814457e-17,-122.28255668866005
24.900073238873908,7.989816267255536,30.364102787184788,-5.551115123125782e-17,-5.551115123125783e-17,-122.30676148824672
24.904078512406326,7.998997587409064,30.365475950727735,-1.1102230246251564e-16,0.0,-122.33096106467661
24.908084148718675,8.00817879023914,30.36684812319869,-5.551115123125783e-17,0.0,-122.35515541740945
24.912090147754302,8.017359875816386,30.368219306081354,0.0,-6.938893903907228e-17,-122.37934454590506
24.916096509456583,8.026540844211416,30.369589500859437,5.551115123125783e-17,-1.3877787807814457e-17,-122.4035284496232
24.92010323376893,8.03572169549483,30.370958709016662,-1.1102230246251565e-16,-6.938893903907228e-17,-122.42770712802366
24.924110320634806,8.04490242973722,30.372326932036717,0.0,-5.551115123125783e-17,-122.45188058056618
24.928117769997673,8.054083047009119,30.373694171403315,0.0,-1.3877787807814457e-17,-122.47604880671055
24.932125581801102,8.0632635473812,30.375060428600182,0.0,-2.7755575615628914e-17,-122.5002118059165
24.936133755988635,8.07244393092398,30.376425705111014,-1.1102230246251565e-16,-2.7755575615628914e-17,-122.52436957764394
24.94014229250388,8.08162419770801,30.377790002419513,1.1102230246251565e-16,-4.163336342344337e-17,-122.54852212135256
24.944151191290455,8.09080434780384,30.379153322009405,-5.551115123125783e-17,0.0,-122.57266943650211
24.948160452292058,8.099984381281997,30.380515665364378,0.0,-2.7755575615628914e-17,-122.59681152255241
24.952170075452383,8.109164298213013,30.381877033968163,0.0,-2.7755575615628914e-17,-122.62094837896323
24.956180060715162,8.118344098667356,30.383237429304447,0.0,-8.326672684688674e-17,-122.6450800051943
24.96019040802423,8.127523782715631,30.38459685285695,-5.551115123125782e-17,-2.7755575615628914e-17,-122.66920640070552
24.964201117323363,8.136703350428288,30.38595530610938,-1.1102230246251565e-16,-5.551115123125783e-17,-122.69332756495649
24.968212188556453,8.145882801875816,30.38731279054544,1.1102230246251565e-16,-1.3877787807814457e-17,-122.71744349740712
24.972223621667357,8.15506213712869,30.388669307648854,-1.1102230246251565e-16,-4.163336342344337e-17,-122.74155419751712
24.97623541660003,8.164241356257387,30.390024858903317,-5.551115123125782e-17,-1.3877787807814457e-17,-122.76565966474632
24.980247573298435,8.17342045933236,30.391379445792545,0.0,-5.551115123125783e-17,-122.78975989855451
24.98426009170655,8.182599446424016,30.39273306980023,5.551115123125783e-17,-6.938893903907228e-17,-122.81385489840135
24.988272971768456,8.191778317602898,30.3940857324101,-5.551115123125783e-17,-2.7755575615628914e-17,-122.83794466374673
24.992286213428223,8.20095707293939,30.39543743510586,0.0,-2.7755575615628914e-17,-122.86202919405038
24.99629981662995,8.210135712503911,30.396788179371207,5.551115123125782e-17,-5.551115123125783e-17,-122.88610848877202
25.00031378131779,8.219314236366882,30.39813796668987,0.0,-2.7755575615628914e-17,-122.9101825473716
25.00432810743593,8.228492644598708,30.399486798545542,-5.551115123125783e-17,-1.3877787807814457e-17,-122.93425136930873
25.0083427949286,8.237670937269776,30.40083467642193,-1.1102230246251565e-16,-5.551115123125783e-17,-122.95831495404326
25.012357843740027,8.246849114450436,30.402181601802745,-5.551115123125783e-17,-5.551115123125783e-17,-122.98237330103491
25.016373253814564,8.256027176211164,30.403527576171708,5.551115123125783e-17,1.3877787807814457e-17,-123.00642640974351
25.020389025096502,8.265205122622275,30.404872601012517,-5.551115123125783e-17,-6.938893903907228e-17,-123.03047427962879
25.024405157530232,8.274382953754133,30.406216677808874,5.551115123125783e-17,-1.3877787807814457e-17,-123.05451691015057
25.028421651060146,8.283560669677083,30.40755980804451,5.551115123125783e-17,-9.71445146547012e-17,-123.07855430076866
25.03243850563069,8.29273827046148,30.40890199320311,0.0,-9.71445146547012e-17,-123.10258645094274
25.036455721186343,8.301915756177644,30.410243234768394,5.551115123125783e-17,-5.551115123125783e-17,-123.12661336013267
25.04047329767159,8.311093126895857,30.411583534224068,-5.551115123125782e-17,-6.938893903907228e-17,-123.15063502779819
25.044491235031032,8.320270382686536,30.412922893053842,-5.551115123125783e-17,-1.3877787807814457e-17,-123.17465145339904
25.04850953320924,8.32944752361993,30.41426131274142,5.551115123125783e-17,-6.938893903907228e-17,-123.19866263639508
25.052528192150827,8.338624549766342,30.41559879477052,0.0,-1.3877787807814457e-17,-123.22266857624598
25.05654721180046,8.347801461196061,30.41693534062485,-5.551115123125783e-17,-6.938893903907228e-17,-123.24666927241161
25.06056659210283,8.356978257979366,30.4182709517881,-1.1102230246251565e-16,-5.551115123125783e-17,-123.27066472435172
25.064586333002673,8.366154940186526,30.419605629744005,0.0,-4.163336342344337e-17,-123.29465493152607
25.06860643444473,8.375331507887754,30.42093937597626,-1.1102230246251565e-16,-4.163336342344337e-17,-123.31863989339446
25.07262689637387,8.384507961153407,30.422272191968574,5.551115123125783e-17,-2.7755575615628914e-17,-123.34261960941663
25.07664771873488,8.393684300053676,30.423604079204654,-5.551115123125783e-17,-8.326672684688674e-17,-123.36659407905238
25.080668901472663,8.402860524658797,30.424935039168208,-5.551115123125783e-17,-5.551115123125783e-17,-123.3905633017615
25.08469044453213,8.412036635039003,30.42626507334295,5.551115123125782e-17,0.0,-123.41452727700373
25.088712347858216,8.421212631264503,30.427594183212594,1.1102230246251565e-16,0.0,-123.43848600423888
25.09273461139591,8.430388513405513,30.428922370260832,-5.551115123125783e-17,-8.326672684688674e-17,-123.4624394829267
25.096757235090234,8.43956428153218,30.43024963597139,-5.551115123125783e-17,-4.163336342344337e-17,-123.48638771252696
25.100780218886264,8.4487399357148,30.431575981827958,0.0,-4.163336342344337e-17,-123.51033069249947
25.10480356272909,8.457915476023505,30.43290140931427,5.551115123125782e-17,-4.163336342344337e-17,-123.53426842230402
25.10882726656383,8.46709090252847,30.434225919914017,-1.6653345369377348e-16,-8.326672684688674e-17,-123.55820090140031
25.112851330335662,8.476266215299864,30.4355495151109,0.0,-9.71445146547012e-17,-123.58212812924819
25.116875753989778,8.485441414407845,30.436872196388638,5.551115123125783e-17,-2.7755575615628914e-17,-123.60605010530745
25.120900537471424,8.494616499922559,30.438193965230944,5.551115123125783e-17,-2.7755575615628914e-17,-123.62996682903776
25.12492568072585,8.503791471914093,30.439514823121527,0.0,-2.7755575615628914e-17,-123.65387829989898
25.128951183698412,8.51296633045269,30.44083477154409,5.551115123125782e-17,0.0,-123.67778451735087
25.132977046334435,8.522141075608417,30.442153811982337,0.0,0.0,-123.70168548085323
25.137003268579306,8.53131570745139,30.443471945919995,5.551115123125782e-17,-8.326672684688674e-17,-123.72558118986576
25.14102985037843,8.540490226051716,30.444789174840754,0.0,-8.326672684688674e-17,-123.74947164384831
25.14505679167728,8.549664631479496,30.44610550022832,0.0,-8.326672684688674e-17,-123.77335684226061
25.149084092421337,8.558838923804817,30.447420923566423,-1.1102230246251565e-16,-2.7755575615628914e-17,-123.79723678456253
25.153111752556107,8.568013103097709,30.448735446338745,0.0,-5.551115123125783e-17,-123.82111147021375
25.1571397720272,8.577187169428353,30.450049070029017,0.0,2.7755575615628914e-17,-123.84498089867404
25.161168150780185,8.586361122866755,30.451361796120942,-1.1102230246251565e-16,-5.551115123125783e-17,-123.8688450694032
25.165196888760708,8.595534963482974,30.45267362609822,5.551115123125782e-17,-5.551115123125783e-17,-123.89270398186103
25.169225985914427,8.60470869134706,30.453984561444575,-1.1102230246251565e-16,-5.551115123125783e-17,-123.91655763550735
25.173255442187056,8.613882306529055,30.455294603643704,0.0,-5.551115123125783e-17,-123.94040602980179
25.17728525752434,8.623055809098988,30.45660375417931,-5.551115123125783e-17,-2.7755575615628914e-17,-123.96424916420428
25.181315431872022,8.632229199126828,30.457912014535115,-5.551115123125783e-17,0.0,-123.98808703817446
25.18534596517598,8.641402476682698,30.45921938619482,5.551115123125783e-17,-5.551115123125783e-17,-124.0119196511722
25.189376857382022,8.650575641836548,30.460525870642147,5.551115123125783e-17,-2.7755575615628914e-17,-124.03574700265732
25.193408108436046,8.659748694658383,30.461831469360785,-1.6653345369377348e-16,-2.7755575615628914e-17,-124.05956909208948
25.197439718283967,8.668921635218188,30.46313618383445,-1.1102230246251564e-16,-5.551115123125783e-17,-124.08338591892846
25.20147168687175,8.67809446358595,30.464440015546852,-5.551115123125783e-17,-2.7755575615628914e-17,-124.10719748263409
25.20550401414538,8.687267179831638,30.4657429659817,0.0,-5.551115123125783e-17,-124.13100378266618
25.209536700050865,8.696439784025173,30.4670450366227,0.0,-5.551115123125783e-17,-124.15480481848445
25.213569744534315,8.70561227623661,30.46834622895357,5.551115123125783e-17,-5.551115123125783e-17,-124.17860058954871
25.21760314754181,8.714784656535851,30.469646544458005,0.0,-5.551115123125783e-17,-124.20239109531865
25.22163690901948,8.723956924992837,30.470945984619732,0.0,-8.326672684688674e-17,-124.2261763352542
25.2256710289135,8.733129081677502,30.472244550922433,0.0,-8.326672684688674e-17,-124.24995630881497
25.229705507170078,8.742301126659772,30.473542244849842,1.1102230246251565e-16,0.0,-124.27373101546085
25.23374034373545,8.751473060009564,30.47483906788565,-1.1102230246251565e-16,-5.551115123125783e-17,-124.29750045465157
25.23777553855591,8.76064488179679,30.476135021513578,0.0,0.0,-124.32126462584691
25.24181109157773,8.769816592091294,30.477430107217327,0.0,-8.326672684688674e-17,-124.34502352850666
25.24584700274732,8.778988190963082,30.47872432648061,0.0,-2.7755575615628914e-17,-124.3687771620906
25.249883272011033,8.788159678481982,30.480017680787135,5.551115123125782e-17,0.0,-124.39252552605846
25.253919899315296,8.797331054717873,30.48131017162061,5.551115123125783e-17,-2.7755575615628914e-17,-124.41626861987011
25.257956884606564,8.80650231974063,30.482601800464742,5.551115123125783e-17,0.0,-124.44000644298524
25.261994227831327,8.81567347362011,30.483892568803242,-5.551115123125783e-17,-2.7755575615628914e-17,-124.46373899486363
25.266031928936115,8.824844516426168,30.48518247811981,5.551115123125782e-17,0.0,-124.48746627496512
