galstreams/tracks/track.st.Gunnthra.ibata2021.ecsv
# %ECSV 1.0
# ---
# datatype:
# - {name: ra, unit: deg, datatype: float64}
# - {name: dec, unit: deg, datatype: float64}
# - {name: distance, unit: kpc, datatype: float64}
# - {name: pm_ra_cosdec, unit: mas / yr, datatype: float64}
# - {name: pm_dec, unit: mas / yr, datatype: float64}
# - {name: radial_velocity, unit: km / s, datatype: float64}
# delimiter: ','
# meta: !!omap
# - __serialized_columns__:
#     dec:
#       __class__: astropy.coordinates.angles.Latitude
#       unit: &id001 !astropy.units.Unit {unit: deg}
#       value: !astropy.table.SerializedColumn {name: dec}
#     distance:
#       __class__: astropy.coordinates.distances.Distance
#       unit: !astropy.units.Unit {unit: kpc}
#       value: !astropy.table.SerializedColumn {name: distance}
#     pm_dec:
#       __class__: astropy.units.quantity.Quantity
#       unit: !astropy.units.Unit {unit: mas / yr}
#       value: !astropy.table.SerializedColumn {name: pm_dec}
#     pm_ra_cosdec:
#       __class__: astropy.units.quantity.Quantity
#       unit: !astropy.units.Unit {unit: mas / yr}
#       value: !astropy.table.SerializedColumn {name: pm_ra_cosdec}
#     ra:
#       __class__: astropy.coordinates.angles.Longitude
#       unit: *id001
#       value: !astropy.table.SerializedColumn {name: ra}
#       wrap_angle: !astropy.coordinates.Angle
#         unit: *id001
#         value: 360.0
#     radial_velocity:
#       __class__: astropy.units.quantity.Quantity
#       unit: !astropy.units.Unit {unit: km / s}
#       value: !astropy.table.SerializedColumn {name: radial_velocity}
# schema: astropy-2.0
ra,dec,distance,pm_ra_cosdec,pm_dec,radial_velocity
[from data line 282]
277.68371627533924,-75.317846830987,3.112822638490019,-17.581438568082966,-21.008924393175178,159.6356499564683
277.7188609046169,-75.31222166903436,3.112851430255909,-17.56932684087368,-21.021021064017226,159.34164338093183
277.75395880320474,-75.3065867456807,3.1128798229797328,-17.55722517890874,-21.03310212052993,159.04811486106667
277.7890099847932,-75.30094207993119,3.112907817474669,-17.545133598079147,-21.045167585321753,158.75506404096572
277.8240144633336,-75.29528769076677,3.112935414553899,-17.533052114147367,-21.057217481045715,158.4624905647219
277.85897225303574,-75.28962359714448,3.1129626150306,-17.52098074274794,-21.06925183039859,158.17039407642795
277.8938833683679,-75.28394981799704,3.1129894197179535,-17.508919499387307,-21.081270656120488,157.87877422017687
277.9287478240551,-75.27826637223296,3.1130158294291386,-17.49686839944427,-21.09327398099417,157.58763064006138
277.9635656350776,-75.27257327873657,3.113041844977336,-17.484827458170404,-21.10526182784421,157.29696298017433
277.9983368166702,-75.26687055636782,3.1130674671757244,-17.47279669069004,-21.117234219536666,157.0067708846087
278.03306138432106,-75.26115822396227,3.113092696837485,-17.460776112000648,-21.129191178978278,156.71705399745719
278.0677393537702,-75.25543630033104,3.113117534775797,-17.448765736973122,-21.141132729115913,156.42781196281294
278.10237074100814,-75.24970480426092,3.113141981803839,-17.43676558035214,-21.15305889293581,156.1390444247685
278.13695556227543,-75.24396375451403,3.113166038734793,-17.42477565675617,-21.16496969346321,155.85075102741675
278.17149383406087,-75.23821316982797,3.113189706381837,-17.412795980678002,-21.176865153761508,155.5629314148506
278.20598557310046,-75.23245306891573,3.113212985558151,-17.40082656648481,-21.188745296931774,155.27558523116298
278.2404307963761,-75.22668347046567,3.1132358770769155,-17.388867428418706,-21.20061014611207,154.98871212044662
278.27482952111467,-75.22090439314144,3.1132583817513115,-17.376918580596712,-21.212459724476858,154.70231172679456
278.30918176478684,-75.21511585558186,3.1132805003945156,-17.364980037011176,-21.224294055236495,154.41638369429953
278.34348754510575,-75.20931787640096,3.11330223381971,-17.353051811530005,-21.23611316163652,154.13092766705418
278.3777468800254,-75.20351047418809,3.113323582840075,-17.34113391789716,-21.247917066956973,153.8459432891518
278.41195978774044,-75.19769366750755,3.113344548268788,-17.3292263697326,-21.259705794512048,153.56143020468488
278.4461262866842,-75.1918674748987,3.113365130919031,-17.317329180532745,-21.271479367649306,153.27738805774635
278.48024639552796,-75.18603191487601,3.1133853316039826,-17.30544236367075,-21.28323780974916,152.9938164924293
278.51432013317924,-75.18018700592894,3.113405151136823,-17.293565932396895,-21.29498114422416,152.71071515282625
278.5483475187814,-75.17433276652183,3.1134245903307316,-17.281699899838607,-21.306709394518656,152.42808368303022
278.58232857171174,-75.16846921509396,3.1134436499988887,-17.26984427900099,-21.318422584108,152.1459217271341
278.61626331158095,-75.16259637005939,3.1134623309544747,-17.257999082766958,-21.330120736498056,151.8642289292306
278.65015175823123,-75.15671424980717,3.113480634010668,-17.24616432389774,-21.341803875224546,151.58300493341267
278.68399393173576,-75.15082287270097,3.1134985599806493,-17.23434001503294,-21.35347202385256,151.30224938377327
278.71778985239735,-75.14492225707927,3.113516109677598,-17.2225261686909,-21.365125205976,151.02196192440496
278.7515395407473,-75.13901242125522,3.1135332839146943,-17.21072279726903,-21.376763445216962,150.74214219940092
278.7852430175437,-75.1330933835167,3.113550083505119,-17.198929913044218,-21.388386765225043,150.46278985285386
278.81890030377116,-75.12716516212612,3.1135665092620495,-17.187147528172908,-21.399995189677032,150.18390452885657
278.8525114206393,-75.12122777532059,3.113582561998667,-17.17537565469145,-21.41158874227622,149.9054858715019
278.8860763895813,-75.1152812413116,3.1135982425281523,-17.16361430451652,-21.42316744675179,149.6275335248829
278.91959523225285,-75.10932557828542,3.1136135516636823,-17.151863489445468,-21.434731326858277,149.35004713309218
278.9530679705315,-75.10336080440258,3.11362849021844,-17.140123221156298,-21.44628040637513,149.07302634022287
278.98649462651485,-75.09738693779813,3.1136430590056032,-17.128393511208323,-21.457814709106046,148.79647079036747
279.01987522252,-75.09140399658149,3.1136572588383524,-17.11667437104223,-21.46933425887851,148.52038012761903
279.0532097810815,-75.08541199883658,3.113671090529868,-17.104965811980694,-21.480839079543035,148.24475399607047
279.0864983249513,-75.07941096262155,3.113684554893328,-17.093267845228265,-21.492329194972918,147.96959203981447
279.119740877097,-75.0734009059689,3.1136976527419145,-17.081580481872,-21.50380462906351,147.69489390294405
279.1529374607009,-75.06738184688534,3.1137103848888055,-17.069903732881617,-21.51526540573181,147.42065922955197
279.18608809915844,-75.06135380335202,3.113722752147182,-17.058237609109998,-21.52671154891567,147.14688766373106
279.2191928160777,-75.05531679332411,3.113734755330223,-17.046582121293213,-21.53814308257358,146.8735788495743
279.25225163527796,-75.04927083473099,3.113746395251108,-17.034937280051,-21.54956003068401,146.60073243117444
279.2852645807883,-75.04321594547636,3.1137576727230183,-17.02330309588721,-21.560962417244728,146.3283480526244
279.3182316768472,-75.03715214343784,3.1137685885591333,-17.011679579189817,-21.572350266272572,146.0564253580168
279.3511529479004,-75.03107944646726,3.113779143572632,-17.000066740231517,-21.58372360180266,145.78496399144495
279.38402841860113,-75.02499787239046,3.1137893385766935,-16.988464589169766,-21.595082447888128,145.5139635970012
279.4168581138072,-75.0189074390074,3.1137991743844995,-16.97687313604752,-21.60642682859927,145.24342381877875
279.4496420585817,-75.01280816409198,3.1138086518092294,-16.965292390793078,-21.61775676802336,144.9733443008703
279.4823802781906,-75.0067000653921,3.113817771664062,-16.953722363220702,-21.629072290263988,144.70372468736875
279.51507279810244,-75.00058316062959,3.1138265347621776,-16.942163063030794,-21.640373419440596,144.434564622367
279.5477196439863,-74.99445746750028,3.113834941916757,-16.930614499810467,-21.6516601796878,144.1658637499577
279.5803208417118,-74.9883230036739,3.1138429939409784,-16.91907668303348,-21.66293259515519,143.89762171423402
279.6128764173473,-74.98217978679398,3.1138506916480226,-16.90754962206089,-21.674190690006593,143.62983815928862
279.645386397159,-74.97602783447788,3.1138580358510697,-16.896033326141133,-21.68543448841973,143.3625127292143
279.6778508076093,-74.969867164317,3.113865027363298,-16.884527804410666,-21.696664014585494,143.095645068104
279.7102696753567,-74.96369779387632,3.113871666997889,-16.873033065893974,-21.707879292707712,142.8292348200507
279.7426430272541,-74.95751974069472,3.113877955568021,-16.861549119504012,-21.71908034700255,142.563281629147
279.7749708903477,-74.95133302228473,3.1138838938868756,-16.850075974042554,-21.730267201698027,142.29778513948588
279.8072532918757,-74.9451376561328,3.1138894827676307,-16.838613638200627,-21.741439881033454,142.0327449951602
279.83949025926796,-74.93893365969892,3.113894723023468,-16.827162120558622,-21.752598409259072,141.7681608402628
279.87168182014403,-74.93272105041687,3.1138996154675653,-16.815721429586755,-21.763742810635534,141.50403231888657
279.903828002313,-74.926499845694,3.1139041609131044,-16.804291573645312,-21.774873109433482,141.24035907512427
279.93592883377096,-74.9202700629115,3.1139083601732627,-16.79287256098527,-21.785989329932818,140.97714075306888
279.96798434270175,-74.91403171942397,3.1139122140612225,-16.781464399748163,-21.7970914964226,140.71437699681312
279.9999945574746,-74.90778483255977,3.113915723390163,-16.770067097966752,-21.808179633200346,140.45206745044985
280.0319595066435,-74.90152941962074,3.1139188889732634,-16.75868066356524,-21.819253764571638,140.1902117580721
280.0638792189457,-74.89526549788246,3.113921711623703,-16.747305104359754,-21.830313914849537,139.92880956377263
280.0957537233014,-74.88899308459389,3.1139241921546628,-16.73594042805842,-21.841360108354355,139.6678605116441
280.1275830488121,-74.88271219697762,3.1139263313793224,-16.724586642261897,-21.85239236941297,139.40736424577972
280.15936722475976,-74.87642285222967,3.1139281301108612,-16.71324375446358,-21.863410722358573,139.14732041027202
280.1911062806054,-74.87012506751971,3.113929589162459,-16.701911772050217,-21.87441519152994,138.887728649214
280.22280024598865,-74.86381885999079,3.1139307093472954,-16.690590702301837,-21.885405801271286,138.62858860669846
280.25444915072615,-74.85750424675936,3.113931491478551,-16.679280552392342,-21.896382575931653,138.36989992681836
280.28605302481066,-74.85118124491552,3.113931936369405,-16.667981329389914,-21.9073455398644,138.11166225366642
280.3176118984099,-74.84484987152267,3.113932044833038,-16.65669304025714,-21.91829471742692,137.85387523133576
280.34912580186614,-74.83851014361761,3.113931817682629,-16.645415691851415,-21.929230132980177,137.59653850391877
280.3805947656941,-74.83216207821059,3.1139312557313574,-16.634149290925393,-21.940151810888153,137.3396517155087
280.41201882058056,-74.82580569228534,3.113930359792404,-16.622893844127297,-21.951059775517415,137.08321451019833
280.4433979973833,-74.81944100279881,3.1139291306789487,-16.61164935800112,-21.96195405123685,136.8272265320803
280.47473232712974,-74.81306802668144,3.1139275692041704,-16.600415838987132,-21.97283466241711,136.5716874252477
280.50602184101655,-74.8066867808369,3.113925676181249,-16.58919329342206,-21.98370163343018,136.31659683379334
280.53726657040755,-74.80029728214238,3.113923452423365,-16.577981727539672,-21.99455498864896,136.0619544018099
280.56846654683375,-74.79389954744826,3.1139208987436984,-16.566781147470905,-22.005394752446872,135.8077597733905
280.5996218019916,-74.78749359357825,3.1139180159554285,-16.555591559244263,-22.01622094919743,135.55401259262783
280.63073236774255,-74.78107943732935,3.1139148048717344,-16.54441296878613,-22.027033603273896,135.30071250361476
280.66179827611114,-74.77465709547201,3.1139112663057964,-16.533245381921336,-22.037832739048586,135.0478591504442
280.6928195592851,-74.76822658474977,3.1139074010707954,-16.522088804373148,-22.048618380892844,134.79545217720886
280.72379624961343,-74.76178792187956,3.1139032099799095,-16.51094324176387,-22.059390553176378,134.5434912280017
280.754728379606,-74.75534112355149,3.113898693846321,-16.499808699615034,-22.07014928026695,134.29197594691567
280.78561598193164,-74.74888620642906,3.113893853483207,-16.48868518334801,-22.080894586529848,134.0409059780434
280.8164590894184,-74.74242318714889,3.1138886897037485,-16.477572698284,-22.09162649632765,133.79028096547793
280.8472577350515,-74.73595208232088,3.1138832033211243,-16.466471249644574,-22.102345034019784,133.54010055331202
280.878011951973,-74.72947290852814,3.1138773951485166,-16.455380842551968,-22.11305022396204,133.2903643856386
280.90872177348007,-74.72298568232709,3.113871265999103,-16.444301482029605,-22.12374209050622,133.0410721065504
280.9393872330245,-74.71649042024731,3.113864816686064,-16.43323317300215,-22.13442065799975,132.79222336014033
280.97000836421194,-74.70998713879155,3.113858048022579,-16.422175920296006,-22.14508595078536,132.54381779050132
281.00058520080046,-74.70347585443577,3.1138509608218286,-16.411129728639633,-22.155737993200635,132.29585504172607
281.0311177766992,-74.69695658362924,3.113843555896993,-16.400094602664087,-22.16637680957748,132.0483347579077
281.06160612596835,-74.69042934279432,3.1138358340612493,-16.389070546903017,-22.177002424242048,131.80125658313872
281.0920502828176,-74.68389414832656,3.113827796127782,-16.378057565793227,-22.187614861514113,131.5546201615122
281.1224502816051,-74.67735101659467,3.1138194429097656,-16.36705566367499,-22.198214145706835,131.30842513712105
281.15280615683645,-74.67079996394065,3.1138107752203847,-16.356064844792485,-22.208800301126207,131.06267115405785
281.18311794316406,-74.66424100667957,3.113801793872815,-16.34508511329397,-22.219373352070907,130.81735785641573
281.2133856753861,-74.65767416109966,3.11379249968024,-16.334116473232157,-22.2299333228318,130.57248488828736
281.24360938844507,-74.65109944346243,3.1137828934558365,-16.32315892856482,-22.24048023769154,130.32805189376563
281.27378911742727,-74.64451687000246,3.1137729760127866,-16.312212483154745,-22.251014120924246,130.08405851694363
281.3039248975618,-74.6379264569275,3.1137627481642682,-16.301277140770377,-22.261534996795227,129.840504401914
281.3340167642196,-74.63132822041841,3.113752210723462,-16.290352905085975,-22.272042889560502,129.59738919276944
281.3640647529121,-74.62472217662935,3.113741364503549,-16.279439779682217,-22.282537823466395,129.35471253360305
281.39406889929074,-74.61810834168755,3.1137302103177067,-16.26853776804625,-22.293019822749358,129.11247406850765
281.4240292391459,-74.61148673169332,3.1137187489791156,-16.257646873572224,-22.303488911635498,128.87067344157592
281.45394580840593,-74.60485736272021,3.1137069813009566,-16.246767099561517,-22.313945114340253,128.62931029690085
281.4838186431357,-74.59822025081499,3.1136949080964085,-16.235898449223335,-22.324388455067936,128.3883842785754
281.5136477795366,-74.59157541199745,3.1136825301786515,-16.22504092567472,-22.33481895801164,128.14789503069224
281.5434332539449,-74.58492286226057,3.113669848360866,-16.21419453194113,-22.34523664735265,127.9078421973443
281.57317510283116,-74.57826261757047,3.1136568634562307,-16.203359270956653,-22.35564154726023,127.66822542262449
281.6028733627988,-74.57159469386652,3.113643576277925,-16.192535145564577,-22.36603368189121,127.42904435062543
281.63252807058376,-74.56491910706114,3.113629987639132,-16.18172215851742,-22.3764130753897,127.19029862544029
281.66213926305323,-74.55823587303998,3.1136160983530266,-16.170920312477556,-22.386779751886753,126.95198789116168
281.69170697720494,-74.5515450076617,3.113601909232792,-16.16012961001735,-22.39713373550003,126.71411179188259
281.7212312501656,-74.54484652675836,3.1135874210916072,-16.149350053619774,-22.407475050333364,126.47666997169588
281.7507121191912,-74.53814044613502,3.113572634742652,-16.138581645678414,-22.417803720476655,126.23966207469431
281.78014962166463,-74.53142678156992,3.113557550999106,-16.12782438849809,-22.428119770005317,126.00308774497086
281.80954379509615,-74.52470554881445,3.113542170674149,-16.117078284295037,-22.43842322298017,125.76694662661816
281.8388946771211,-74.51797676359332,3.1135264945809618,-16.106343335197458,-22.44871410344679,125.53123836372919
281.86820230550023,-74.51124044160429,3.1135105235327223,-16.09561954324563,-22.458992435435594,125.295962600397
281.89746671811804,-74.50449659851827,3.113494258342612,-16.0849069103924,-22.46925824296124,125.06111898071414
281.9266879529822,-74.4977452499794,3.1134776998238096,-16.074205438503434,-22.479511550022483,124.8267071487736
281.9558660482222,-74.4909864116051,3.1134608487894955,-16.063515129357757,-22.48975238060162,124.59272674866821
281.9850010420892,-74.4842200989859,3.113443706052851,-16.052835984647842,-22.49998075866449,124.35917742449092
282.0140929729545,-74.4774463276855,3.1134262724270525,-16.042168005980127,-22.510196708159963,124.12605882033426
282.04314187930896,-74.47066511324083,3.1134085487252823,-16.031511194875304,-22.520400253019723,123.8933705802915
282.0721477997617,-74.46387647116214,3.1133905357607197,-16.020865552768775,-22.530591417157822,123.66111234845528
282.10111077303986,-74.45708041693275,3.113372234346544,-16.010231081010808,-22.540770224470602,123.4292837689185
282.1300308379873,-74.45027696600926,3.1133536452959354,-15.99960778086693,-22.550936698836264,123.19788448577397
