galstreams/tracks/track.st.Gaia-11.ibata2024.ecsv
# %ECSV 1.0
# ---
# datatype:
# - {name: ra, unit: deg, datatype: float64}
# - {name: dec, unit: deg, datatype: float64}
# - {name: distance, unit: kpc, datatype: float64}
# - {name: pm_ra_cosdec, unit: mas / yr, datatype: float64}
# - {name: pm_dec, unit: mas / yr, datatype: float64}
# - {name: radial_velocity, unit: km / s, datatype: float64}
# delimiter: ','
# meta: !!omap
# - __serialized_columns__:
#     dec:
#       __class__: astropy.coordinates.angles.Latitude
#       unit: &id001 !astropy.units.Unit {unit: deg}
#       value: !astropy.table.SerializedColumn {name: dec}
#     distance:
#       __class__: astropy.coordinates.distances.Distance
#       unit: !astropy.units.Unit {unit: kpc}
#       value: !astropy.table.SerializedColumn {name: distance}
#     pm_dec:
#       __class__: astropy.units.quantity.Quantity
#       unit: !astropy.units.Unit {unit: mas / yr}
#       value: !astropy.table.SerializedColumn {name: pm_dec}
#     pm_ra_cosdec:
#       __class__: astropy.units.quantity.Quantity
#       unit: !astropy.units.Unit {unit: mas / yr}
#       value: !astropy.table.SerializedColumn {name: pm_ra_cosdec}
#     ra:
#       __class__: astropy.coordinates.angles.Longitude
#       unit: *id001
#       value: !astropy.table.SerializedColumn {name: ra}
#       wrap_angle: !astropy.coordinates.Angle
#         unit: *id001
#         value: 360.0
#     radial_velocity:
#       __class__: astropy.units.quantity.Quantity
#       unit: !astropy.units.Unit {unit: km / s}
#       value: !astropy.table.SerializedColumn {name: radial_velocity}
# schema: astropy-2.0
ra,dec,distance,pm_ra_cosdec,pm_dec,radial_velocity
[from data line 4780]
280.9735082382729,20.733925767651613,0.9999999999999998,-2.6658516825449396,3.660700244775626,7942.892246157926
280.97851935418964,20.724785394689412,0.9999999999999998,-2.6651102393188353,3.6600138120809333,7953.976813062017
280.983531800185,20.715645347338455,0.9999999999999999,-2.6643687032618573,3.659327239888853,7965.071795307665
280.988545577055,20.706505625759007,1.0,-2.663627074348142,3.6586405281968837,7976.177197829751
280.9935606855958,20.69736623011141,0.9999999999999999,-2.6628853525545537,3.6579536770043433,7987.293025563139
280.9985771266033,20.688227160556114,0.9999999999999999,-2.662143537852387,3.65726668630748,7998.419283442727
281.0035949008736,20.6790884172536,0.9999999999999999,-2.6614016302162895,3.6565795561050436,8009.555976403378
281.0086140092029,20.669950000364505,1.0,-2.660659629621989,3.6558922863949874,8020.703109379987
281.0136344523873,20.66081191004951,0.9999999999999999,-2.65991753604078,3.6552048771746968,8031.860687307432
281.01865623122285,20.651674146469407,0.9999999999999999,-2.659175349448219,3.654517328442921,8043.02871512058
281.02367934650596,20.642536709785062,0.9999999999999997,-2.6584330698197505,3.653829640196818,8054.20719775432
281.0287037990327,20.633399600157436,0.9999999999999998,-2.657690697127407,3.6531418124347965,8065.396140143533
281.0337295895994,20.62426281774758,1.0,-2.6569482313452113,3.6524538451541275,8076.5955472231035
281.03875671900227,20.61512636271663,0.9999999999999999,-2.6562056724492322,3.6517657383535607,8087.8054239279
281.0437851880378,20.605990235225807,0.9999999999999998,-2.655463020412924,3.651077492030936,8099.0257751928
281.0488149975022,20.59685443543643,0.9999999999999998,-2.6547202752078647,3.650389106183866,8110.256605952694
281.0538461481919,20.58771896350991,0.9999999999999998,-2.6539774368114877,3.649700580810645,8121.497921142461
281.0588786409033,20.57858381960773,0.9999999999999999,-2.653234505196224,3.6490119159092274,8132.749725696987
281.06391247643285,20.569449003891485,0.9999999999999999,-2.6524914803351862,3.64832311147768,8144.012024551131
281.0689476555771,20.560314516522844,0.9999999999999999,-2.651748362204671,3.6476341675136155,8155.284822639787
281.0739841791325,20.55118035766358,1.0,-2.6510051507774506,3.646945084015897,8166.568124897836
281.0790220478956,20.542046527475538,0.9999999999999999,-2.650261846027661,3.6462558609813414,8177.8619362601485
281.084061262663,20.532913026120656,0.9999999999999999,-2.6495184479292675,3.6455664984089253,8189.166261661621
281.0891018242313,20.523779853761,0.9999999999999998,-2.6487749564565206,3.644876996296489,8200.481106037116
281.0941437333971,20.51464701055867,1.0,-2.6480313715838406,3.6441873546420993,8211.806474321518
281.0991869909572,20.50551449667589,0.9999999999999998,-2.6472876932851364,3.6434975734432555,8223.142371449712
281.1042315977081,20.496382312274974,0.9999999999999999,-2.64654392153318,3.6428076526988207,8234.48880235658
281.1092775544468,20.487250457518318,0.9999999999999999,-2.64580005630404,3.642117592406521,8245.845771976994
281.11432486196986,20.478118932568425,0.9999999999999998,-2.6450560975702615,3.641427392564651,8257.213285245833
281.11937352107424,20.468987737587867,0.9999999999999999,-2.644312045307629,3.6407370531713923,8268.59134709798
281.12442353255665,20.45985687273933,1.0,-2.6435678994862997,3.6400465742244705,8279.979962468315
281.12947489721404,20.450726338185575,0.9999999999999998,-2.642823660084616,3.6393559557214985,8291.379136291725
281.1345276158433,20.44159613408947,0.9999999999999998,-2.642079327074157,3.6386651976619078,8302.788873503076
281.1395816892414,20.432466260613957,1.0,-2.641334900430877,3.637974300043311,8314.209179037256
281.1446371182053,20.423336717922094,0.9999999999999999,-2.6405903801258432,3.637283262863548,8325.640057829145
281.149693903532,20.41420750617702,0.9999999999999998,-2.6398457661361476,3.636592086120686,8337.08151481363
281.1547520460186,20.405078625541968,0.9999999999999998,-2.6391010584337096,3.6359007698135883,8348.533554925574
281.1598115464621,20.395950076180256,0.9999999999999997,-2.6383562569936885,3.6352093139399813,8359.996183099864
281.1648724056597,20.38682185825531,0.9999999999999996,-2.6376113617903343,3.6345177184977047,8371.469404271378
281.1699346244084,20.377693971930647,0.9999999999999997,-2.6368663727954527,3.633825983485849,8382.953223375003
281.1749982035056,20.368566417369845,0.9999999999999999,-2.636121289985283,3.6331341089021407,8394.447645345623
281.1800631437484,20.359439194736648,0.9999999999999998,-2.6353761133328817,3.6324420947448743,8405.9526751181
281.185129445934,20.350312304194826,0.9999999999999997,-2.6346308428125553,3.631749941011549,8417.468317627327
281.19019711085986,20.341185745908287,1.0,-2.6338854783979855,3.6310576477012546,8428.994577808176
281.1952661393231,20.332059520040993,0.9999999999999998,-2.6331400200629105,3.630365214812173,8440.531460595532
281.2003365321213,20.322933626757038,0.9999999999999998,-2.632394467783172,3.6296726423420296,8452.078970924284
281.20540829005176,20.313808066220584,0.9999999999999998,-2.631648821530689,3.628979930290143,8463.637113729292
281.21048141391185,20.304682838595923,0.9999999999999999,-2.6309030812794845,3.628287078653784,8475.205893945445
281.21555590449907,20.295557944047403,0.9999999999999998,-2.630157247003467,3.627594087431362,8486.78531650763
281.22063176261105,20.286433382739467,0.9999999999999998,-2.6294113186784216,3.626900956621512,8498.375386350725
281.22570898904524,20.277309154836722,0.9999999999999998,-2.628665296276779,3.626207686222301,8509.976108409595
281.23078758459917,20.268185260503778,0.9999999999999997,-2.6279191797725048,3.6255142762321384,8521.587487619134
281.23586755007057,20.259061699905395,0.9999999999999998,-2.627172969139849,3.6248207266495456,8533.209528914214
281.240948886257,20.249938473206416,0.9999999999999999,-2.626426664351925,3.6241270374724763,8544.842237229721
281.24603159395616,20.2408155805718,0.9999999999999997,-2.6256802653837212,3.623433208699339,8556.485617500539
281.2511156739659,20.23169302216657,0.9999999999999999,-2.6249337722097152,3.622739240328542,8568.139674661536
281.2562011270839,20.22257079815585,0.9999999999999998,-2.624187184802622,3.6220451323589486,8579.804413647598
281.2612879541079,20.213448908704894,0.9999999999999998,-2.623440503135555,3.6213508847881712,8591.479839393603
281.2663761558359,20.204327353979025,0.9999999999999999,-2.6226937271853217,3.6206564976148456,8603.165956834442
281.27146573306567,20.195206134143675,0.9999999999999999,-2.6219468569231026,3.619961970837494,8614.862770904974
281.2765566865952,20.186085249364357,0.9999999999999998,-2.621199892324796,3.619267304454638,8626.57028654009
281.2816490172223,20.1769646998067,0.9999999999999998,-2.6204528333620374,3.6185724984646868,8638.288508674672
281.2867427257451,20.167844485636422,0.9999999999999999,-2.6197056800100995,3.6178775528654796,8650.017442243594
281.29183781296166,20.15872460701935,0.9999999999999998,-2.618958432243062,3.6171824676564484,8661.757092181753
281.29693427967,20.149605064121392,0.9999999999999998,-2.6182110900351745,3.6164872428352055,8673.507463424003
281.30203212666817,20.140485857108587,0.9999999999999997,-2.617463653358186,3.6157918784001595,8685.268560905239
281.3071313547544,20.13136698614701,0.9999999999999997,-2.6167161221886204,3.6150963743504008,8697.040389560334
281.3122319647269,20.12224845140291,0.9999999999999998,-2.6159684964991925,3.6144007306839967,8708.822954324178
281.3173339573839,20.113130253042588,0.9999999999999998,-2.615220776263641,3.6137049473996967,8720.616260131648
281.32243733352357,20.104012391232455,0.9999999999999998,-2.6144729614553057,3.613009024496023,8732.42031191761
281.32754209394426,20.09489486613903,0.9999999999999999,-2.613725052049176,3.612312961970929,8744.235114616959
281.33264823944444,20.08577767792892,0.9999999999999997,-2.6129770480189904,3.611616759823619,8756.060673164571
281.33775577082235,20.076660826768837,0.9999999999999998,-2.612228949338487,3.6109204180528423,8767.89699249533
281.3428646888765,20.06754431282561,0.9999999999999997,-2.6114807559807787,3.610223936656098,8779.744077544105
281.34797499440526,20.058428136266123,0.9999999999999998,-2.610732467918808,3.6095273156329313,8791.601933245778
281.35308668820727,20.049312297257423,0.9999999999999997,-2.6099840851293834,3.6088305549807274,8803.470564535239
281.358199771081,20.0401967959666,0.9999999999999998,-2.609235607584651,3.6081336546996,8815.349976347357
281.3633142438251,20.031081632560866,0.9999999999999998,-2.6084870352583494,3.6074366147871615,8827.240173617027
281.36843010723805,20.021966807207555,0.9999999999999998,-2.607738368123705,3.606739435242389,8839.141161279107
281.37354736211876,20.012852320074092,0.9999999999999997,-2.6069896061567306,3.606042116063236,8851.052944268491
281.37866600926577,20.00373817132797,0.9999999999999998,-2.606240749327924,3.6053446572493613,8862.975527520057
281.3837860494779,19.994624361136825,0.9999999999999997,-2.605491797613695,3.6046470587984913,8874.90891596868
281.38890748355396,19.98551088966838,0.9999999999999999,-2.6047427509882937,3.6039493207101714,8886.853114549252
281.3940303122927,19.976397757090464,0.9999999999999997,-2.6039936094230143,3.6032514429817866,8898.808128196639
281.3991545364931,19.967284963571,0.9999999999999997,-2.603244372892277,3.6025534256135643,8910.773961845727
281.40428015695403,19.95817250927802,0.9999999999999999,-2.602495041372322,3.6018552686033445,8922.750620431392
281.40940717447444,19.949060394379647,0.9999999999999997,-2.6017456148335327,3.6011569719495355,8934.738108888525
281.4145355898534,19.93994861904414,0.9999999999999997,-2.6009960932514105,3.600458535651228,8946.736432151993
281.4196654038899,19.930837183439824,0.9999999999999998,-2.6002464766000912,3.5997599597075123,8958.745595156679
281.42479661738304,19.921726087735138,0.9999999999999999,-2.5994967648518923,3.599061244116342,8970.765602837466
281.429929231132,19.912615332098632,0.9999999999999998,-2.5987469579832236,3.5983623888772627,8982.796460129228
281.4350632459359,19.903504916698957,0.9999999999999998,-2.5979970559639014,3.5976633939883413,8994.83817196686
281.44019866259396,19.894394841704877,0.9999999999999998,-2.597247058770847,3.596964259448555,9006.890743285225
281.44533548190554,19.88528510728523,0.9999999999999997,-2.5964969663776287,3.596264985256653,9018.954179019207
281.45047370466983,19.876175713609,0.9999999999999999,-2.5957467787565065,3.5955655714113846,9031.02848410369
281.4556133316862,19.867066660845225,0.9999999999999997,-2.5949964958816167,3.594866017912068,9043.113663473558
281.460754363754,19.857957949163108,0.9999999999999997,-2.594246117725845,3.5941663247569977,9055.209722063675
281.4658968016728,19.84884957873191,0.9999999999999997,-2.5934956442653743,3.593466491945378,9067.316664808934
281.471040646242,19.83974154972101,0.9999999999999998,-2.592745075471953,3.5927665194758447,9079.434496644208
281.47618589826106,19.830633862299905,0.9999999999999998,-2.591994411318751,3.592066407347261,9091.56322250438
281.4813325585297,19.82152651663817,0.9999999999999997,-2.5912436517825768,3.5913661555576937,9103.70284732434
281.48648062784736,19.812419512905524,0.9999999999999997,-2.590492796832507,3.5906657641070296,9115.853376038945
281.49163010701386,19.803312851271755,0.9999999999999998,-2.589741846446202,3.5899652329942455,9128.014813583097
281.49678099682876,19.79420653190678,0.9999999999999999,-2.588990800595866,3.5892645622182044,9140.187164891662
281.5019332980919,19.785100554980616,0.9999999999999998,-2.588239659254441,3.588563751777315,9152.370434899522
281.507087011603,19.775994920663376,0.9999999999999998,-2.587488422396234,3.587862801670667,9164.56462854157
281.512242138162,19.76688962912532,0.9999999999999999,-2.5867370899949833,3.5871617118967833,9176.769750752665
281.51739867856867,19.75778468053674,0.9999999999999998,-2.5859856620254504,3.5864604824556636,9188.985806467696
281.522556633623,19.748680075068112,0.9999999999999997,-2.5852341384592705,3.5857591133456026,9201.212800621546
281.5277160041249,19.739575812889967,0.9999999999999997,-2.5844825192702956,3.5850576045653497,9213.450738149098
281.5328767908745,19.730471894172986,0.9999999999999998,-2.5837308044342535,3.584355956114223,9225.699623985221
281.53803899467175,19.721368319087922,0.9999999999999997,-2.5829789939215857,3.5836541679916536,9237.959463064803
281.54320261631676,19.712265087805633,0.9999999999999999,-2.5822270877084748,3.5829522401959366,9250.230260322714
281.54836765660974,19.70316220049713,0.9999999999999998,-2.581475085767295,3.582250172726731,9262.512020693846
281.55353411635093,19.69405965733348,0.9999999999999998,-2.5807229880724094,3.581547965582331,9274.804749113084
281.55870199634046,19.6849574584859,0.9999999999999998,-2.5799707945969885,3.5808456187619413,9287.108450515285
281.5638712973787,19.67585560412569,0.9999999999999999,-2.579218505312781,3.5801431322653343,9299.423129835342
281.56904202026595,19.666754094424267,0.9999999999999999,-2.5784661201973336,3.5794405060909185,9311.748792008138
281.57421416580263,19.657652929553144,0.9999999999999998,-2.5777136392212583,3.5787377402384664,9324.085441968546
281.5793877347892,19.648552109683965,0.9999999999999998,-2.576961062359487,3.5780348347065,9336.433084651459
281.584562728026,19.639451634988493,0.9999999999999997,-2.5762083895838828,3.5773317894936554,9348.79172499174
281.5897391463138,19.630351505638554,0.9999999999999997,-2.575455620870116,3.5766286046002733,9361.16136792427
281.59491699045293,19.62125172180612,0.9999999999999998,-2.574702756190163,3.575925280024535,9373.542018383936
281.6000962612441,19.61215228366327,0.9999999999999998,-2.5739497955177626,3.5752218157659854,9385.93368130563
281.60527695948804,19.603053191382184,0.9999999999999998,-2.573196738827505,3.5745182118240564,9398.336361624206
281.61045908598544,19.593954445135168,0.9999999999999997,-2.5724435860930726,3.5738144681974973,9410.750064274562
281.615642641537,19.58485604509461,0.9999999999999997,-2.571690337285645,3.5731105848858533,9423.174794191567
281.62082762694365,19.575757991433033,0.9999999999999998,-2.5709369923810073,3.572406561888215,9435.610556310106
281.6260140430061,19.566660284323063,0.9999999999999999,-2.570183551350169,3.571702399202991,9448.057355565066
281.63120189052535,19.55756292393744,0.9999999999999997,-2.569430014169427,3.570998096831204,9460.515196891314
281.6363911703024,19.548465910449014,0.9999999999999997,-2.568676380810075,3.5702936547705804,9472.984085223736
281.64158188313814,19.539369244030755,0.9999999999999998,-2.5679226512482956,3.569589073020893,9485.464025497211
281.64677402983375,19.53027292485572,0.9999999999999998,-2.567168825455269,3.5688843515819144,9497.955022646627
281.65196761119023,19.52117695309711,0.9999999999999998,-2.566414903404393,3.568179490451712,9510.457081606846
281.65716262800885,19.51208132892822,0.9999999999999998,-2.5656608850702014,3.567474489630854,9522.970207312757
281.6623590810907,19.502986052522463,0.9999999999999998,-2.564906770425864,3.5667693491178625,9535.494404699242
281.66755697123705,19.493891124053356,0.9999999999999997,-2.564152559444892,3.566064068912624,9548.029678701183
281.6727562992493,19.48479654369453,0.9999999999999997,-2.563398252099944,3.565358649014115,9560.576034253461
281.6779570659287,19.475702311619738,0.9999999999999998,-2.562643848366747,3.564653089421995,9573.133476290946
281.68315927207664,19.46660842800286,0.9999999999999997,-2.561889348214663,3.5639473901352403,9585.702009748524
281.68836291849465,19.457514893017855,0.9999999999999998,-2.5611347516207843,3.5632415511536237,9598.28163956107
281.69356800598416,19.44842170683882,0.9999999999999998,-2.5603800585563476,3.5625355724760084,9610.87237066347
281.6987745353468,19.439328869639954,0.9999999999999999,-2.559625268994921,3.5618294541027353,9623.474207990608
