galstreams/tracks/track.st.NGC288.sollima2020.ecsv
# %ECSV 0.9
# ---
# datatype:
# - {name: ra, unit: deg, datatype: float64}
# - {name: dec, unit: deg, datatype: float64}
# - {name: distance, unit: kpc, datatype: float64}
# - {name: pm_ra_cosdec, unit: mas / yr, datatype: float64}
# - {name: pm_dec, unit: mas / yr, datatype: float64}
# - {name: radial_velocity, unit: km / s, datatype: float64}
# delimiter: ','
# meta: !!omap
# - __serialized_columns__:
#     dec:
#       __class__: astropy.coordinates.angles.Latitude
#       unit: &id001 !astropy.units.Unit {unit: deg}
#       value: !astropy.table.SerializedColumn {name: dec}
#     distance:
#       __class__: astropy.coordinates.distances.Distance
#       unit: !astropy.units.Unit {unit: kpc}
#       value: !astropy.table.SerializedColumn {name: distance}
#     pm_dec:
#       __class__: astropy.units.quantity.Quantity
#       unit: !astropy.units.Unit {unit: mas / yr}
#       value: !astropy.table.SerializedColumn {name: pm_dec}
#     pm_ra_cosdec:
#       __class__: astropy.units.quantity.Quantity
#       unit: !astropy.units.Unit {unit: mas / yr}
#       value: !astropy.table.SerializedColumn {name: pm_ra_cosdec}
#     ra:
#       __class__: astropy.coordinates.angles.Longitude
#       unit: *id001
#       value: !astropy.table.SerializedColumn {name: ra}
#       wrap_angle: !astropy.coordinates.Angle
#         unit: *id001
#         value: 360.0
#     radial_velocity:
#       __class__: astropy.units.quantity.Quantity
#       unit: !astropy.units.Unit {unit: km / s}
#       value: !astropy.table.SerializedColumn {name: radial_velocity}
# schema: astropy-2.0
ra,dec,distance,pm_ra_cosdec,pm_dec,radial_velocity
12.199190658449133,-24.24619991014679,8.100000000000456,0.0,0.0,0.0
12.192619727960269,-24.266636411534385,8.100000000000449,0.0,0.0,0.0
12.18629921117235,-24.286741397228948,8.100000000000446,0.0,0.0,0.0
12.180235176975259,-24.30650713664433,8.100000000000437,0.0,0.0,0.0
12.174432970544238,-24.325926850547003,8.10000000000043,0.0,0.0,0.0
12.16889723878416,-24.3449946760704,8.100000000000424,0.0,0.0,0.0
12.163631955310521,-24.36370563246284,8.100000000000419,0.0,0.0,0.0
12.158640444974221,-24.382055587560032,8.100000000000415,0.0,0.0,0.0
12.15392540793456,-24.400041224973613,8.100000000000405,0.0,0.0,0.0
12.149488943285977,-24.417660011985554,8.100000000000401,0.0,0.0,0.0
12.145332572243358,-24.43491016814033,8.100000000000396,0.0,0.0,0.0
12.141457260889709,-24.451790634524542,8.100000000000389,0.0,0.0,0.0
12.137863442490929,-24.468301043725123,8.100000000000385,0.0,0.0,0.0
12.13455103938104,-24.484441690457288,8.10000000000038,0.0,0.0,0.0
12.131519484421814,-24.50021350285193,8.100000000000376,0.0,0.0,0.0
12.12876774204041,-24.515618014394438,8.100000000000373,0.0,0.0,0.0
12.126294328847957,-24.530657336504415,8.100000000000366,0.0,0.0,0.0
12.124097333842046,-24.545334131748778,8.10000000000036,0.0,0.0,0.0
12.12217443819741,-24.559651587676946,8.100000000000357,0.0,0.0,0.0
12.120522934645827,-24.573613391271238,8.100000000000351,0.0,0.0,0.0
12.119139746450683,-24.587223704001538,8.100000000000348,0.0,0.0,0.0
12.118021445976272,-24.60048713747699,8.100000000000342,0.0,0.0,0.0
12.11716427285716,-24.61340872968398,8.100000000000339,0.0,0.0,0.0
12.116564151768626,-24.625993921803612,8.100000000000335,0.0,0.0,0.0
12.116216709802213,-24.63824853559761,8.100000000000328,0.0,0.0,0.0
12.116117293448774,-24.65017875135634,8.100000000000326,0.0,0.0,0.0
12.116260985191566,-24.661791086398512,8.100000000000325,0.0,0.0,0.0
12.11664261971308,-24.67309237411479,8.100000000000318,0.0,0.0,0.0
12.117256799717696,-24.68408974354721,8.100000000000316,0.0,0.0,0.0
12.11809791137375,-24.694790599495096,8.100000000000312,0.0,0.0,0.0
12.119160139378167,-24.70520260314042,8.100000000000309,0.0,0.0,0.0
12.120437481646016,-24.715333653183507,8.100000000000305,0.0,0.0,0.0
12.121923763629189,-24.725191867481254,8.100000000000302,0.0,0.0,0.0
12.123612652266626,-24.734785565180456,8.100000000000298,0.0,0.0,0.0
12.12549766956967,-24.744123249337598,8.100000000000295,0.0,0.0,0.0
12.127572205846674,-24.75321359001787,8.100000000000293,0.0,0.0,0.0
12.129829532569286,-24.762065407865258,8.100000000000287,0.0,0.0,0.0
12.132262814884372,-24.77068765813694,8.100000000000284,0.0,0.0,0.0
12.134865123775825,-24.779089415193596,8.10000000000028,0.0,0.0,0.0
12.137629447878787,-24.787279857438854,8.10000000000028,0.0,0.0,0.0
12.140548704951863,-24.795268252700318,8.100000000000273,0.0,0.0,0.0
12.143615753009305,-24.803063944045086,8.10000000000027,0.0,0.0,0.0
12.146823401118317,-24.810676336022926,8.10000000000027,0.0,0.0,0.0
12.150164419865508,-24.81811488132934,8.100000000000268,0.0,0.0,0.0
12.153631551496153,-24.82538906788258,8.10000000000026,0.0,0.0,0.0
12.157217519730464,-24.832508406307056,8.10000000000026,0.0,0.0,0.0
12.160915039262019,-24.83948241781691,8.100000000000255,0.0,0.0,0.0
12.164716824941243,-24.846320622492776,8.100000000000255,0.0,0.0,0.0
12.168615600649588,-24.853032527945306,8.100000000000252,0.0,0.0,0.0
12.172604107868212,-24.859627618359017,8.10000000000025,0.0,0.0,0.0
12.176675113945446,-24.86611534391011,8.100000000000247,0.0,0.0,0.0
12.180821420068572,-24.872505110552,8.100000000000245,0.0,0.0,0.0
12.185035868943272,-24.878806270162105,8.10000000000024,0.0,0.0,0.0
12.189311352186198,-24.88502811104389,8.10000000000024,0.0,0.0,0.0
12.19364081743489,-24.891179848778492,8.100000000000238,0.0,0.0,0.0
12.19801727517983,-24.897270617419082,8.100000000000234,0.0,0.0,0.0
12.202433805323777,-24.903309461023067,8.100000000000232,0.0,0.0,0.0
12.206883563472145,-24.909305325515497,8.10000000000023,0.0,0.0,0.0
12.211359786960132,-24.915267050878196,8.100000000000227,0.0,0.0,0.0
12.215855800620778,-24.921203363659217,8.100000000000227,0.0,0.0,0.0
12.220365022298656,-24.927122869796463,8.100000000000223,0.0,0.0,0.0
12.2248809681148,-24.93303404775033,8.100000000000222,0.0,0.0,0.0
12.22939725748641,-24.93894524193963,8.100000000000218,0.0,0.0,0.0
12.233907617906983,-24.944864656475467,8.100000000000218,0.0,0.0,0.0
12.238405889491274,-24.950800349187787,8.100000000000215,0.0,0.0,0.0
12.242886029289602,-24.95676022593907,8.100000000000213,0.0,0.0,0.0
12.24734211537725,-24.962752035220003,8.100000000000211,0.0,0.0,0.0
12.251768350721955,-24.968783363022226,8.100000000000207,0.0,0.0,0.0
12.256159066835801,-24.974861627982346,8.100000000000206,0.0,0.0,0.0
12.260508727215132,-24.98099407679296,8.100000000000204,0.0,0.0,0.0
12.264811930573428,-24.98718777987478,8.100000000000204,0.0,0.0,0.0
12.269063413872072,-24.99344962730589,8.1000000000002,0.0,0.0,0.0
12.273258055152857,-24.999786325002137,8.100000000000199,0.0,0.0,0.0
12.277390876177188,-25.006204391144696,8.100000000000195,0.0,0.0,0.0
12.281457044876637,-25.01271015284925,8.100000000000191,0.0,0.0,0.0
12.28545187761849,-25.019309743072494,8.100000000000191,0.0,0.0,0.0
12.289370841291838,-25.026009097751185,8.100000000000188,0.0,0.0,0.0
12.293209555217343,-25.032813953168716,8.100000000000188,0.0,0.0,0.0
12.296963792885707,-25.039729843544976,8.100000000000186,0.0,0.0,0.0
12.30062948352915,-25.04676209884438,8.100000000000183,0.0,0.0,0.0
12.304202713528952,-25.053915842798318,8.100000000000183,0.0,0.0,0.0
12.30767972766526,-25.061195991136675,8.10000000000018,0.0,0.0,0.0
12.31105693021093,-25.068607250024378,8.100000000000179,0.0,0.0,0.0
12.314330885874973,-25.076154114698532,8.100000000000177,0.0,0.0,0.0
12.31749832059894,-25.083840868301767,8.100000000000176,0.0,0.0,0.0
12.320556122210128,-25.09167158090698,8.100000000000172,0.0,0.0,0.0
12.323501340935888,-25.099650108730184,8.100000000000172,0.0,0.0,0.0
12.326331189782083,-25.107780093526,8.10000000000017,0.0,0.0,0.0
12.32904304477997,-25.11606496216242,8.100000000000168,0.0,0.0,0.0
12.331634445104966,-25.12450792637036,8.100000000000168,0.0,0.0,0.0
12.334103093070661,-25.133111982663547,8.100000000000167,0.0,0.0,0.0
12.336446854002281,-25.141879912425402,8.100000000000165,0.0,0.0,0.0
12.338663755992043,-25.15081428215796,8.100000000000165,0.0,0.0,0.0
12.34075198954063,-25.15991744388938,8.100000000000163,0.0,0.0,0.0
12.342709907087789,-25.169191535735823,8.10000000000016,0.0,0.0,0.0
12.344536022435106,-25.17863848261355,8.100000000000158,0.0,0.0,0.0
12.346229010064892,-25.188259997097934,8.100000000000156,0.0,0.0,0.0
12.347787704357286,-25.19805758042468,8.100000000000154,0.0,0.0,0.0
12.349211098709507,-25.208032523629942,8.100000000000154,0.0,0.0,0.0
12.350498344559885,-25.218185908825447,8.100000000000154,0.0,0.0,0.0
12.351648750319518,-25.228518610604436,8.10000000000015,0.0,0.0,0.0
12.352661780215033,-25.23903129757547,8.100000000000149,0.0,0.0,0.0
12.3535370530445,-25.249724434019527,8.100000000000149,0.0,0.0,0.0
12.354274340849807,-25.26059828166716,8.100000000000144,0.0,0.0,0.0
12.354873567508138,-25.271652901592216,8.100000000000144,0.0,0.0,0.0
12.355334807244779,-25.282888156218007,8.100000000000144,0.0,0.0,0.0
12.355658283070905,-25.294303711432935,8.100000000000142,0.0,0.0,0.0
12.35584436514757,-25.305899038811603,8.100000000000142,0.0,0.0,0.0
12.355893569079273,-25.317673417938167,8.100000000000138,0.0,0.0,0.0
12.355806554139434,-25.329625938828354,8.100000000000138,0.0,0.0,0.0
12.355584121429677,-25.341755504446635,8.100000000000135,0.0,0.0,0.0
12.355227211976151,-25.354060833315653,8.100000000000135,0.0,0.0,0.0
12.35473690476419,-25.366540462213724,8.100000000000133,0.0,0.0,0.0
12.354114414714186,-25.379192748957948,8.10000000000013,0.0,0.0,0.0
12.353361090600732,-25.392015875269045,8.10000000000013,0.0,0.0,0.0
12.352478412916879,-25.405007849714927,8.10000000000013,0.0,0.0,0.0
12.35146799168633,-25.418166510729986,8.100000000000128,0.0,0.0,0.0
12.350331564224687,-25.431489529706433,8.100000000000126,0.0,0.0,0.0
12.349070992852383,-25.444974414155144,8.100000000000124,0.0,0.0,0.0
12.347688262561272,-25.458618510932418,8.100000000000126,0.0,0.0,0.0
12.34618547863622,-25.4724190095298,8.100000000000122,0.0,0.0,0.0
12.34456486423461,-25.486372945424264,8.10000000000012,0.0,0.0,0.0
12.342828757924389,-25.50047720348522,8.100000000000122,0.0,0.0,0.0
12.340979611183496,-25.51472852143567,8.100000000000119,0.0,0.0,0.0
12.339019985861789,-25.52912349336474,8.100000000000117,0.0,0.0,0.0
12.33695255160764,-25.5436585732886,8.100000000000113,0.0,0.0,0.0
12.334780083260387,-25.558330078756693,8.100000000000115,0.0,0.0,0.0
12.332505458211182,-25.57313419450122,8.100000000000113,0.0,0.0,0.0
12.330131653732815,-25.58806697612618,8.100000000000112,0.0,0.0,0.0
12.327661744280896,-25.60312435383399,8.100000000000113,0.0,0.0,0.0
12.325098898767768,-25.61830213618674,8.100000000000108,0.0,0.0,0.0
12.322446377810365,-25.633596013899304,8.100000000000108,0.0,0.0,0.0
12.319707530954377,-25.64900156366219,8.100000000000108,0.0,0.0,0.0
12.316885793875212,-25.66451425199096,8.100000000000108,0.0,0.0,0.0
12.31398468555793,-25.680129439100195,8.100000000000104,0.0,0.0,0.0
12.311007805457402,-25.695842382799313,8.100000000000104,0.0,0.0,0.0
12.30795883063988,-25.711648242407716,8.100000000000103,0.0,0.0,0.0
12.304841512908123,-25.727542082687272,8.100000000000101,0.0,0.0,0.0
12.301659675910438,-25.74351887778929,8.100000000000101,0.0,0.0,0.0
12.298417212235815,-25.75957351521383,8.1000000000001,0.0,0.0,0.0
12.29511808049626,-25.775700799779415,8.100000000000097,0.0,0.0,0.0
12.29176630239729,-25.791895457600166,8.100000000000097,0.0,0.0,0.0
12.288365959798888,-25.80815214006911,8.100000000000096,0.0,0.0,0.0
12.284921191766944,-25.82446542784466,8.100000000000096,0.0,0.0,0.0
12.281436191617466,-25.84082983483855,8.100000000000094,0.0,0.0,0.0
12.277915203954427,-25.857239812203222,8.100000000000094,0.0,0.0,0.0
12.274362521702269,-25.873689752316245,8.100000000000092,0.0,0.0,0.0
12.270782483135243,-25.89017399276027,8.100000000000088,0.0,0.0,0.0
12.26717946890345,-25.90668682029618,8.10000000000009,0.0,0.0,0.0
12.26355789905802,-25.92322247482752,8.100000000000088,0.0,0.0,0.0
12.259922230075935,-25.93977515335469,8.100000000000088,0.0,0.0,0.0
12.256276951885845,-25.95633901391643,8.100000000000088,0.0,0.0,0.0
12.252626584896507,-25.97290817951759,8.100000000000087,0.0,0.0,0.0
12.24897567702824,-25.989476742040704,8.100000000000083,0.0,0.0,0.0
12.245328800749173,-26.006038766139966,8.100000000000085,0.0,0.0,0.0
12.241690550117326,-26.022588293116005,8.100000000000083,0.0,0.0,0.0
12.23806553782935,-26.03911934476945,8.100000000000081,0.0,0.0,0.0
12.23445839227784,-26.055625927232253,8.100000000000081,0.0,0.0,0.0
12.230873754617384,-26.072102034774545,8.10000000000008,0.0,0.0,0.0
12.22731627584121,-26.08854165358595,8.10000000000008,0.0,0.0,0.0
12.223790613869335,-26.10493876552971,8.100000000000078,0.0,0.0,0.0
12.220301430649053,-26.121287351868013,8.100000000000078,0.0,0.0,0.0
12.21685338926968,-26.13758139695753,8.100000000000076,0.0,0.0,0.0
12.213451151091583,-26.153814891913257,8.100000000000078,0.0,0.0,0.0
12.21009937289145,-26.16998183823964,8.100000000000074,0.0,0.0,0.0
12.20680270402456,-26.18607625142762,8.100000000000074,0.0,0.0,0.0
12.20356578360489,-26.202092164516177,8.100000000000072,0.0,0.0,0.0
12.200393237705043,-26.218023631617463,8.100000000000072,0.0,0.0,0.0
12.197289676575824,-26.233864731403894,8.100000000000069,0.0,0.0,0.0
12.194259691887508,-26.249609570556427,8.10000000000007,0.0,0.0,0.0
12.191307853993495,-26.26525228717255,8.10000000000007,0.0,0.0,0.0
12.188438709217202,-26.280787054133157,8.100000000000069,0.0,0.0,0.0
12.185656777163965,-26.296208082427235,8.100000000000067,0.0,0.0,0.0
12.18296654805805,-26.31150962443307,8.100000000000067,0.0,0.0,0.0
12.180372480106469,-26.326685977155293,8.100000000000065,0.0,0.0,0.0
12.177878996890465,-26.341731485416627,8.100000000000065,0.0,0.0,0.0
12.175490484785419,-26.35664054500336,8.100000000000065,0.0,0.0,0.0
12.173211290410832,-26.371407605764052,8.100000000000064,0.0,0.0,0.0
12.171045718110621,-26.38602717466003,8.100000000000064,0.0,0.0,0.0
12.168998027465198,-26.4004938187672,8.100000000000062,0.0,0.0,0.0
12.167072430836232,-26.414802168228412,8.10000000000006,0.0,0.0,0.0
12.165273090944815,-26.428946919155326,8.100000000000062,0.0,0.0,0.0
12.163604118484672,-26.442922836479553,8.100000000000062,0.0,0.0,0.0
12.16206956977039,-26.456724756751715,8.100000000000062,0.0,0.0,0.0
12.160673444422397,-26.47034759088828,8.100000000000058,0.0,0.0,0.0
12.15941968308932,-26.483786326865317,8.100000000000058,0.0,0.0,0.0
12.158312165208379,-26.49703603235847,8.10000000000006,0.0,0.0,0.0
12.157354706805556,-26.510091857328938,8.100000000000056,0.0,0.0,0.0
12.156551058335257,-26.52294903655433,8.100000000000056,0.0,0.0,0.0
12.155904902561282,-26.535602892104443,8.100000000000058,0.0,0.0,0.0
12.155419852479548,-26.548048835761065,8.100000000000055,0.0,0.0,0.0
12.15509944928324,-26.560282371381398,8.100000000000056,0.0,0.0,0.0
12.154947160371956,-26.572299097205036,8.100000000000053,0.0,0.0,0.0
12.154966377404609,-26.584094708103425,8.100000000000053,0.0,0.0,0.0
12.155160414397656,-26.595664997771905,8.100000000000053,0.0,0.0,0.0
12.155532505869164,-26.60700586086391,8.100000000000053,0.0,0.0,0.0
12.156085805029198,-26.61811329506654,8.100000000000053,0.0,0.0,0.0
12.156823382018048,-26.628983403118024,8.100000000000051,0.0,0.0,0.0
12.157748222191941,-26.63961239476587,8.100000000000051,0.0,0.0,0.0
12.1588632244577,-26.649996588666045,8.10000000000005,0.0,0.0,0.0
12.160171199656816,-26.66013241422264,8.10000000000005,0.0,0.0,0.0
12.161674868999206,-26.670016413367872,8.10000000000005,0.0,0.0,0.0
12.16337686254815,-26.679645242282376,8.100000000000048,0.0,0.0,0.0
12.165279717755888,-26.689015673055234,8.100000000000046,0.0,0.0,0.0
12.167385878051295,-26.69812459528395,8.100000000000048,0.0,0.0,0.0
12.169697691479792,-26.70696901761398,8.100000000000044,0.0,0.0,0.0
12.172217409396154,-26.715546069217854,8.100000000000044,0.0,0.0,0.0
12.174947185210387,-26.723853001213563,8.100000000000046,0.0,0.0,0.0
12.17788907318791,-26.731887188022572,8.100000000000046,0.0,0.0,0.0
12.181045027303444,-26.739646128666767,8.100000000000044,0.0,0.0,0.0
12.184416900149783,-26.747127448004832,8.100000000000044,0.0,0.0,0.0
12.18800644190157,-26.754328897907772,8.100000000000044,0.0,0.0,0.0
12.191815299334154,-26.761248358373447,8.100000000000044,0.0,0.0,0.0
12.195845014898692,-26.767883838580627,8.100000000000042,0.0,0.0,0.0
12.20009702585262,-26.77423347788194,8.100000000000042,0.0,0.0,0.0
12.204572663446651,-26.780295546736195,8.100000000000042,0.0,0.0,0.0
12.20927315216822,-26.786068447579996,8.100000000000044,0.0,0.0,0.0
12.214199609041293,-26.79155071563861,8.10000000000004,0.0,0.0,0.0
12.219353042983508,-26.796741019676492,8.100000000000039,0.0,0.0,0.0
12.224734354219766,-26.801638162687237,8.100000000000039,0.0,0.0,0.0
12.230344333753095,-26.806241082523123,8.10000000000004,0.0,0.0,0.0
12.236183662892664,-26.810548852464663,8.100000000000039,0.0,0.0,0.0
12.242252912838651,-26.814560681729773,8.100000000000039,0.0,0.0,0.0
12.248552544324829,-26.818275915923454,8.100000000000039,0.0,0.0,0.0
12.255082907317734,-26.821694037427385,8.100000000000039,0.0,0.0,0.0
12.261844240773204,-26.82481466573015,8.100000000000039,0.0,0.0,0.0
12.268836672449863,-26.827637557698072,8.100000000000037,0.0,0.0,0.0
12.276060218779227,-26.830162607786814,8.100000000000037,0.0,0.0,0.0
12.283514784793029,-26.832389848194296,8.100000000000037,0.0,0.0,0.0
12.291200164106538,-26.834319448954712,8.100000000000037,0.0,0.0,0.0
12.29911603895844,-26.83595171797416,8.100000000000037,0.0,0.0,0.0
12.30726198030676,-26.837287101008197,8.100000000000033,0.0,0.0,0.0
12.31563744798027,-26.83832618158127,8.100000000000035,0.0,0.0,0.0
12.324241790885887,-26.83906968084885,8.100000000000033,0.0,0.0,0.0
