galstreams/tracks/track.st.Kshir.ibata2021.ecsv
# %ECSV 1.0
# ---
# datatype:
# - {name: ra, unit: deg, datatype: float64}
# - {name: dec, unit: deg, datatype: float64}
# - {name: distance, unit: kpc, datatype: float64}
# - {name: pm_ra_cosdec, unit: mas / yr, datatype: float64}
# - {name: pm_dec, unit: mas / yr, datatype: float64}
# - {name: radial_velocity, unit: km / s, datatype: float64}
# delimiter: ','
# meta: !!omap
# - __serialized_columns__:
#     dec:
#       __class__: astropy.coordinates.angles.Latitude
#       unit: &id001 !astropy.units.Unit {unit: deg}
#       value: !astropy.table.SerializedColumn {name: dec}
#     distance:
#       __class__: astropy.coordinates.distances.Distance
#       unit: !astropy.units.Unit {unit: kpc}
#       value: !astropy.table.SerializedColumn {name: distance}
#     pm_dec:
#       __class__: astropy.units.quantity.Quantity
#       unit: !astropy.units.Unit {unit: mas / yr}
#       value: !astropy.table.SerializedColumn {name: pm_dec}
#     pm_ra_cosdec:
#       __class__: astropy.units.quantity.Quantity
#       unit: !astropy.units.Unit {unit: mas / yr}
#       value: !astropy.table.SerializedColumn {name: pm_ra_cosdec}
#     ra:
#       __class__: astropy.coordinates.angles.Longitude
#       unit: *id001
#       value: !astropy.table.SerializedColumn {name: ra}
#       wrap_angle: !astropy.coordinates.Angle
#         unit: *id001
#         value: 360.0
#     radial_velocity:
#       __class__: astropy.units.quantity.Quantity
#       unit: !astropy.units.Unit {unit: km / s}
#       value: !astropy.table.SerializedColumn {name: radial_velocity}
# schema: astropy-2.0
ra,dec,distance,pm_ra_cosdec,pm_dec,radial_velocity
[from data line 571]
206.99899812014027,67.50484694091485,10.126274027534507,-7.658824389478067,-3.7486741887753636,-253.5159841986443
207.0242617086503,67.50742656918897,10.127843020038972,-7.658626527751019,-3.7451724088223517,-253.5797908360343
207.04953021514626,67.51000305101832,10.129415209050713,-7.658428472091236,-3.7416697919943527,-253.64229788106877
207.07480363778845,67.5125763821042,10.130990582555057,-7.658230219671713,-3.7381663392212516,-253.7035095595135
207.10008197471691,67.5151465581473,10.132569128537334,-7.658031767665625,-3.734662051438186,-253.76343009713383
207.12536522405168,67.51771357484756,10.134150834982869,-7.6578331132463955,-3.7311569295855436,-253.8220637196954
207.15065338389252,67.52027742790439,10.135735689876984,-7.6576342535876485,-3.7276509746089688,-253.87941465296382
207.17594645231893,67.52283811301645,10.13732368120501,-7.6574351858632435,-3.7241441874593657,-253.9354871227044
207.20124442739035,67.52539562588188,10.138914796952273,-7.657235907247285,-3.720636569092881,-253.990285354683
207.22654730714586,67.52794996219811,10.1405090251041,-7.657036414914115,-3.7171281204709476,-254.04381357466502
207.2518550896043,67.53050111766196,10.142106353645817,-7.656836706038346,-3.7136188425602437,-254.09607600841596
207.27716777276424,67.53304908796969,10.143706770562751,-7.6566367777948265,-3.710108736332726,-254.14707688170157
207.30248535460393,67.53559386881689,10.145310263840225,-7.656436627358707,-3.7065978027656215,-254.19682042028705
207.32780783308132,67.5381354558986,10.146916821463568,-7.6562362519053915,-3.7030860428414227,-254.24531084993825
207.35313520613406,67.54067384490925,10.14852643141811,-7.65603564861058,-3.699573457547904,-254.29255239642066
207.37846747167927,67.54320903154267,10.150139081689169,-7.655834814650276,-3.696060047878128,-254.3385492854996
207.40380462761397,67.54574101149213,10.151754760262081,-7.6556337472007625,-3.692545814830413,-254.38330574294096
207.4291466718145,67.5482697804503,10.153373455122166,-7.655432443438654,-3.689030759408393,-254.42682599451
207.45449360213695,67.55079533410932,10.15499515425475,-7.655230900540877,-3.6855148826209634,-254.46911426597237
207.4798454164169,67.55331766816077,10.156619845645164,-7.655029115684682,-3.681998185482323,-254.51017478309376
207.50520211246953,67.55583677829564,10.158247517278735,-7.654827086047646,-3.6784806690119582,-254.55001177163953
207.53056368808944,67.55835266020439,10.159878157140781,-7.654624808807714,-3.6749623342346593,-254.58862945737522
207.55593014105085,67.56086530957698,10.16151175321664,-7.654422281143148,-3.671443182180495,-254.62603206606656
207.58130146910742,67.56337472210276,10.16314829349163,-7.654219500232597,-3.6679232138848548,-254.66222382347897
207.60667766999222,67.56588089347063,10.164787765951079,-7.654016463255063,-3.664402430388414,-254.6972089553781
207.6320587414178,67.56838381936893,10.166430158580319,-7.65381316738992,-3.660880832737171,-254.73099168752927
207.65744468107619,67.57088349548549,10.168075459364669,-7.653609609816937,-3.6573584219824173,-254.76357624569826
207.68283548663877,67.57337991750762,10.169723656289458,-7.653405787716267,-3.6538351991807643,-254.7949668556504
207.70823115575627,67.57587308112217,10.171374737340013,-7.653201698268456,-3.6503111653941294,-254.82516774315144
207.73363168605889,67.5783629820155,10.173028690501662,-7.652997338654471,-3.6467863216897487,-254.85418313396679
207.7590370751561,67.58084961587343,10.174685503759733,-7.652792706055683,-3.643260669140178,-254.88201725386222
207.78444732063673,67.58333297838135,10.176345165099546,-7.652587797653899,-3.6397342088232967,-254.9086743286029
207.80986242006892,67.58581306522414,10.178007662506431,-7.652382610631351,-3.6362069418222993,-254.93415858395466
207.8352823710001,67.58828987208626,10.179672983965716,-7.652177142170702,-3.632678869225712,-254.95847424568296
207.86070717095708,67.59076339465169,10.181341117462727,-7.651971389455094,-3.629149992127366,-254.98162553955345
207.8861368174456,67.59323362860394,10.183012050982786,-7.651765349668082,-3.625620311626489,-255.0036166913316
207.91157130795094,67.5957005696261,10.184685772511225,-7.651559019993721,-3.6220898288275687,-255.02445192678292
207.9370106399375,67.59816421340079,10.186362270033365,-7.651352397616529,-3.6185585448404676,-255.04413547167286
207.96245481084898,67.60062455561025,10.188041531534541,-7.651145479721503,-3.6150264607803684,-255.0626715517672
207.98790381810812,67.60308159193626,10.189723545000072,-7.650938263494133,-3.6114935777677983,-255.08006439283147
208.01335765911682,67.60553531806019,10.191408298415286,-7.650730746120415,-3.607959896928641,-255.096318220631
208.03881633125627,67.60798572966299,10.193095779765512,-7.650522924786837,-3.6044254193941043,-255.11143726093147
208.06427983188667,67.61043282242522,10.194785977036078,-7.650314796680407,-3.6008901463007583,-255.12542573949844
208.0897481583473,67.61287659202706,10.196478878212302,-7.650106358988671,-3.597354078790516,-255.13828788209742
208.11522130795666,67.61531703414825,10.198174471279518,-7.6498976088996935,-3.593817218010642,-255.1500279144941
208.1406992780122,67.6177541444682,10.19987274422305,-7.649688543602078,-3.5902795651137605,-255.16065006245384
208.16618206579045,67.62018791866586,10.201573685028222,-7.649479160284986,-3.5867411212578526,-255.17015855174216
208.19166966854706,67.62261835241995,10.203277281680368,-7.649269456138125,-3.583201887606242,-255.1785576081248
208.21716208351657,67.6250454414087,10.204983522164806,-7.649059428351785,-3.579661865327639,-255.18585145736716
208.24265930791256,67.62746918131005,10.206692394466868,-7.648849074116822,-3.5761210555960985,-255.19204432523475
208.26816133892768,67.62988956780156,10.208403886571878,-7.648638390624671,-3.5725794595910423,-255.1971404374933
208.2936681737334,67.63230659656045,10.210117986465162,-7.648427375067363,-3.5690370784972756,-255.20114401990824
208.31917980948032,67.63472026326366,10.21183468213205,-7.648216024637533,-3.565493913504951,-255.20405929824517
208.3446962432977,67.63713056358773,10.213553961557865,-7.648004336528417,-3.5619499658096094,-255.20589049826958
208.370217472294,67.6395374932089,10.215275812727935,-7.647792307933871,-3.5584052366121584,-255.20664184574707
208.39574349355638,67.64194104780313,10.217000223627586,-7.647579936048382,-3.554859727118885,-255.20631756644312
208.42127430415096,67.64434122304603,10.218727182242143,-7.647367218067069,-3.551313438541455,-255.20492188612334
208.44680990112266,67.64673801461292,10.220456676556937,-7.64715415118569,-3.5477663720969153,-255.20245903055314
208.4723502814953,67.64913141817887,10.222188694557287,-7.646940732600659,-3.544218529007688,-255.19893322549825
208.49789544227147,67.6515214294186,10.223923224228527,-7.64672695950905,-3.5406699105015904,-255.1943486967242
208.52344538043266,67.65390804400658,10.225660253555981,-7.6465128291086035,-3.5371205178118146,-255.1887096699965
208.549000092939,67.65629125761703,10.227399770524974,-7.646298338597745,-3.5335703521769584,-255.1820203710806
208.57455957672948,67.65867106592387,10.22914176312083,-7.646083485175583,-3.5300194148409982,-255.1742850257421
208.60012382872193,67.66104746460078,10.230886219328884,-7.64586826604191,-3.526467707053295,-255.16550785974667
208.6256928458127,67.6634204493212,10.232633127134456,-7.6456526783972425,-3.5229152300686266,-255.15569309885976
208.65126662487708,67.66579001575829,10.234382474522873,-7.6454367194427935,-3.519361985147152,-255.14484496884685
208.67684516276893,67.668156159585,10.23613424947946,-7.645220386380512,-3.5158079735544323,-255.13296769547358
208.70242845632083,67.67051887647406,10.237888439989545,-7.645003676413065,-3.5122531965614288,-255.12006550450545
208.72801650234405,67.67287816209797,10.239645034038464,-7.644786586743855,-3.5086976554445046,-255.10614262170816
208.75360929762846,67.675234012129,10.241404019611526,-7.6445691145770525,-3.5051413514854377,-255.0912032728469
208.77920683894268,67.6775864222392,10.243165384694068,-7.644351257117568,-3.50158428597139,-255.07525168368758
208.8048091230338,67.67993538810049,10.244929117271417,-7.64413301157108,-3.4980264601949522,-255.0582920799956
208.8304161466276,67.68228090538452,10.246695205328896,-7.643914375144046,-3.494467875454119,-255.0403286875365
208.8560279064285,67.68462296976278,10.248463636851831,-7.643695345043708,-3.4909085330522918,-255.021365732076
208.88164439911935,67.68696157690658,10.250234399825551,-7.6434759184780905,-3.487348434298289,-255.00140743937928
208.9072656213617,67.68929672248707,10.252007482235383,-7.6432560926560225,-3.483787580506341,-254.98045803521222
208.93289156979546,67.69162840217523,10.25378287206665,-7.643035864787155,-3.48022597299611,-254.9585217453402
208.95852224103928,67.69395661164184,10.255560557304682,-7.642815232081942,-3.476663613092655,-254.93560279552884
208.9841576316901,67.69628134655761,10.257340525934804,-7.642594191751669,-3.4731005021264747,-254.91170541154364
209.00979773832356,67.69860260259306,10.259122765942342,-7.6423727410084705,-3.4695366414334736,-254.8868338191502
209.03544255749358,67.70092037541853,10.26090726531262,-7.642150877065314,-3.465972032354996,-254.86099224411402
209.06109208573267,67.70323466070431,10.262694012030973,-7.641928597136017,-3.4624066762378005,-254.83418491220067
209.0867463195517,67.70554545412053,10.264482994082718,-7.641705898435278,-3.4588405744340758,-254.80641604917562
209.11240525544005,67.70785275133723,10.266274199453186,-7.6414827781786565,-3.455273728301443,-254.77768988080462
209.13806888986542,67.71015654802427,10.268067616127706,-7.641259233582595,-3.451706139202952,-254.748010632853
209.163737219274,67.71245683985151,10.269863232091591,-7.641035261864431,-3.448137808507082,-254.7173825310864
209.1894102400902,67.71475362248866,10.271661035330188,-7.640810860242392,-3.4445687375877494,-254.6858098012704
209.215087948717,67.71704689160532,10.273461013828811,-7.640586025935628,-3.4409989278243054,-254.6532966691705
209.2407703415356,67.7193366428711,10.275263155572787,-7.640360756164201,-3.4374283806015407,-254.61984736055226
209.26645741490555,67.72162287195545,10.277067448547447,-7.640135048149091,-3.4338570973096716,-254.58546610118125
209.29214916516466,67.72390557452778,10.278873880738113,-7.639908899112225,-3.430285079344376,-254.55015711682287
209.31784558862918,67.72618474625745,10.280682440130112,-7.639682306276481,-3.4267123281067575,-254.51392463324288
209.34354668159372,67.72846038281382,10.282493114708775,-7.639455266865686,-3.423138845003344,-254.47677287620667
209.36925244033068,67.7307324798661,10.284305892459422,-7.63922777810461,-3.419564631446171,-254.43870607148
209.39496286109122,67.73300103308357,10.286120761367382,-7.638999837219027,-3.4159896888526573,-254.39972844482813
209.42067794010455,67.73526603813542,10.287937709417985,-7.63877144143567,-3.4124140186456926,-254.3598442220168
209.44639767357816,67.73752749069084,10.289756724596552,-7.638542587982283,-3.408837622253612,-254.3190576288115
209.47212205769767,67.73978538641902,10.291577794888411,-7.6383132740875945,-3.405260501110204,-254.27737289097774
209.49785108862696,67.7420397209891,10.293400908278894,-7.6380834969813485,-3.401682656654705,-254.2347942342811
209.5235847625081,67.74429049007027,10.295226052753321,-7.637853253894312,-3.3981040903318047,-254.19132588448724
209.5493230754613,67.74653768933172,10.297053216297021,-7.637622542058271,-3.394524803591645,-254.14697206736156
209.57506602358487,67.74878131444264,10.298882386895317,-7.637391358706056,-3.3909447978898313,-254.10173700866957
209.60081360295538,67.75102136107226,10.30071355253354,-7.637159701071538,-3.3873640746874134,-254.05562493417696
209.62656580962744,67.75325782488981,10.302546701197013,-7.636927566389653,-3.3837826354509057,-254.00864006964918
209.65232263963375,67.7554907015646,10.304381820871068,-7.6366949518963905,-3.3802004816522833,-253.96078664085186
209.6780840889852,67.75771998676598,10.306218899541028,-7.636461854828824,-3.376617614768975,-253.91206887355048
209.70385015367066,67.75994567616331,10.308057925192218,-7.6362282724251065,-3.3730340362838764,-253.86249099351056
209.7296208296571,67.76216776542607,10.309898885809964,-7.635994201924488,-3.3694497476853478,-253.81205722649779
209.75539611288957,67.76438625022378,10.311741769379596,-7.635759640567313,-3.365864750467205,-253.76077179827752
209.78117599929118,67.76660112622602,10.313586563886439,-7.635524585595051,-3.362279046128735,-253.7086389346155
209.80696048476293,67.7688123891025,10.315433257315817,-7.635289034250279,-3.3586926361746916,-253.65566286127708
209.832749565184,67.77102003452295,10.317281837653061,-7.635052983776708,-3.3551055221152866,-253.60184780402795
209.8585432364115,67.77322405815725,10.319132292883493,-7.6348164314192,-3.3515177054662133,-253.54719798863363
209.88434149428042,67.7754244556754,10.320984610992443,-7.634579374423751,-3.347929187748625,-253.4917176408596
209.91014433460393,67.77762122274748,10.322838779965238,-7.634341810037526,-3.344339970489145,-253.4354109864716
209.93595175317296,67.77981435504368,10.324694787787198,-7.634103735508857,-3.340750055219874,-253.37828225123476
209.9617637457565,67.78200384823437,10.326552622443659,-7.633865148087249,-3.3371594434783773,-253.32033566091496
209.98758030810143,67.78418969798999,10.32841227191994,-7.633626045023404,-3.3335681368077004,-253.26157544127787
210.01340143593256,67.78637189998116,10.330273724201371,-7.63338642356921,-3.3299761367563576,-253.20200581808874
210.0392271249526,67.78855044987867,10.332136967273275,-7.633146280977767,-3.3263834448783407,-253.14163101711324
210.06505737084208,67.7907253433534,10.334001989120983,-7.632905614503388,-3.32279006273312,-253.0804552641169
210.0908921692595,67.7928965760765,10.33586877772982,-7.632664421401616,-3.319195991885637,-253.01848278486523
210.11673151584122,67.79506414371919,10.337737321085108,-7.6324226989292345,-3.315601233906314,-252.95571780512398
210.1425754062014,67.79722804195292,10.339607607172182,-7.63218044434425,-3.31200579037105,-252.8921645506585
210.16842383593203,67.79938826644931,10.341479623976364,-7.631937654905936,-3.308409662861229,-252.82782724723415
210.194276800603,67.80154481288022,10.343353359482979,-7.6316943278748415,-3.3048128529637073,-252.76271012061693
210.22013429576194,67.80369767691766,10.34522880167735,-7.631450460512774,-3.301215362270829,-252.69681739657204
210.24599631693434,67.80584685423388,10.347105938544818,-7.6312060500828185,-3.297617192380411,-252.63015330086523
210.27186285962338,67.80799234050133,10.348984758070692,-7.6309610938493755,-3.2940183448957625,-252.56272205926192
210.29773391931013,67.81013413139272,10.350865248240309,-7.63071558907812,-3.2904188214256704,-252.49452789752775
210.32360949145334,67.81227222258093,10.352747397038994,-7.630469533036057,-3.2868186235844052,-252.42557504142826
210.34948957148956,67.81440660973915,10.354631192452072,-7.630222922991511,-3.2832177529917264,-252.35586771672877
210.37537415483303,67.81653728854079,10.356516622464868,-7.629975756214132,-3.2796162112728724,-252.28541014919523
210.40126323687576,67.8186642546595,10.35840367506271,-7.629728029974914,-3.2760140000585722,-252.2142065645928
210.42715681298745,67.82078750376922,10.360292338230925,-7.6294797415462,-3.2724111209850366,-252.14226118868729
210.4530548785155,67.82290703154416,10.36218259995484,-7.629230888201693,-3.268807575693967,-252.0695782472441
210.47895742878504,67.8250228336588,10.364074448219778,-7.6289814672164695,-3.265203365832551,-251.99616196602892
210.5048644590988,67.8271349057879,10.36596787101107,-7.628731475866978,-3.2615984930534627,-251.92201657080716
210.53077596473724,67.82924324360653,10.36786285631404,-7.628480911431069,-3.2579929590148677,-251.8471462873444
210.55669194095842,67.83134784279005,10.369759392114016,-7.628229771187975,-3.2543867653804193,-251.77155534140618
