galstreams/tracks/track.st.NGC2298.sollima2020.ecsv
# %ECSV 0.9
# ---
# datatype:
# - {name: ra, unit: deg, datatype: float64}
# - {name: dec, unit: deg, datatype: float64}
# - {name: distance, unit: kpc, datatype: float64}
# - {name: pm_ra_cosdec, unit: mas / yr, datatype: float64}
# - {name: pm_dec, unit: mas / yr, datatype: float64}
# - {name: radial_velocity, unit: km / s, datatype: float64}
# delimiter: ','
# meta: !!omap
# - __serialized_columns__:
#     dec:
#       __class__: astropy.coordinates.angles.Latitude
#       unit: &id001 !astropy.units.Unit {unit: deg}
#       value: !astropy.table.SerializedColumn {name: dec}
#     distance:
#       __class__: astropy.coordinates.distances.Distance
#       unit: !astropy.units.Unit {unit: kpc}
#       value: !astropy.table.SerializedColumn {name: distance}
#     pm_dec:
#       __class__: astropy.units.quantity.Quantity
#       unit: !astropy.units.Unit {unit: mas / yr}
#       value: !astropy.table.SerializedColumn {name: pm_dec}
#     pm_ra_cosdec:
#       __class__: astropy.units.quantity.Quantity
#       unit: !astropy.units.Unit {unit: mas / yr}
#       value: !astropy.table.SerializedColumn {name: pm_ra_cosdec}
#     ra:
#       __class__: astropy.coordinates.angles.Longitude
#       unit: *id001
#       value: !astropy.table.SerializedColumn {name: ra}
#       wrap_angle: !astropy.coordinates.Angle
#         unit: *id001
#         value: 360.0
#     radial_velocity:
#       __class__: astropy.units.quantity.Quantity
#       unit: !astropy.units.Unit {unit: km / s}
#       value: !astropy.table.SerializedColumn {name: radial_velocity}
# schema: astropy-2.0
ra,dec,distance,pm_ra_cosdec,pm_dec,radial_velocity
104.51655906034298,-37.726210338273745,10.600000000000014,0.0,0.0,0.0
104.50305454172428,-37.72618842596019,10.600000000000014,0.0,0.0,0.0
104.48986359560354,-37.7256658408064,10.600000000000016,0.0,0.0,0.0
104.47697796038467,-37.724656242248095,10.600000000000016,0.0,0.0,0.0
104.46438948159678,-37.723173079562635,10.600000000000017,0.0,0.0,0.0
104.45209011205888,-37.72122959386696,10.600000000000016,0.0,0.0,0.0
104.44007191199576,-37.71883882009892,10.600000000000016,0.0,0.0,0.0
104.42832704910582,-37.716013588981845,10.600000000000016,0.0,0.0,0.0
104.41684779858298,-37.712766528973056,10.60000000000002,0.0,0.0,0.0
104.40562654309295,-37.70911006819609,10.600000000000017,0.0,0.0,0.0
104.39465577270703,-37.705056436357474,10.600000000000017,0.0,0.0,0.0
104.38392808479348,-37.70061766664781,10.600000000000016,0.0,0.0,0.0
104.3734361838689,-37.6958055976278,10.600000000000017,0.0,0.0,0.0
104.3631728814098,-37.69063187509911,10.600000000000017,0.0,0.0,0.0
104.3531310956272,-37.68510795396075,10.600000000000017,0.0,0.0,0.0
104.34330385120465,-37.67924510005073,10.600000000000017,0.0,0.0,0.0
104.33368427900156,-37.67305439197393,10.60000000000002,0.0,0.0,0.0
104.32426561572228,-37.66654672291542,10.60000000000002,0.0,0.0,0.0
104.31504120355353,-37.65973280244055,10.60000000000002,0.0,0.0,0.0
104.30600448977059,-37.65262315828134,10.600000000000017,0.0,0.0,0.0
104.29714902631343,-37.64522813810956,10.60000000000002,0.0,0.0,0.0
104.28846846933486,-37.63755791129698,10.60000000000002,0.0,0.0,0.0
104.27995657872061,-37.629622470662575,10.600000000000017,0.0,0.0,0.0
104.27160721758375,-37.62143163420727,10.600000000000017,0.0,0.0,0.0
104.26341435173394,-37.61299504683631,10.600000000000017,0.0,0.0,0.0
104.25537204912294,-37.604322182069545,10.600000000000017,0.0,0.0,0.0
104.24747447926688,-37.595422343739486,10.60000000000002,0.0,0.0,0.0
104.2397159126473,-37.586304667677965,10.600000000000017,0.0,0.0,0.0
104.23209072009126,-37.57697812339093,10.60000000000002,0.0,0.0,0.0
104.22459337213215,-37.5674515157222,10.600000000000017,0.0,0.0,0.0
104.21721843835111,-37.55773348650562,10.60000000000002,0.0,0.0,0.0
104.2099605867017,-37.54783251620667,10.600000000000021,0.0,0.0,0.0
104.2028145828171,-37.53775692555294,10.60000000000002,0.0,0.0,0.0
104.19577528930216,-37.527514877154246,10.600000000000017,0.0,0.0,0.0
104.18883766500986,-37.51711437711191,10.60000000000002,0.0,0.0,0.0
104.18199676430417,-37.506563276618145,10.600000000000017,0.0,0.0,0.0
104.17524773630963,-37.49586927354496,10.600000000000017,0.0,0.0,0.0
104.16858582414874,-37.485039914023446,10.600000000000016,0.0,0.0,0.0
104.16200636416715,-37.474082594012806,10.600000000000017,0.0,0.0,0.0
104.15550478514876,-37.463004560860035,10.600000000000016,0.0,0.0,0.0
104.14907660752039,-37.45181291484995,10.600000000000017,0.0,0.0,0.0
104.14271744254704,-37.44051461074576,10.600000000000017,0.0,0.0,0.0
104.13642299151905,-37.429116459320575,10.600000000000017,0.0,0.0,0.0
104.1301890449304,-37.41762512887946,10.600000000000016,0.0,0.0,0.0
104.12401148165053,-37.406047146772764,10.600000000000017,0.0,0.0,0.0
104.11788626808892,-37.394388900900466,10.600000000000017,0.0,0.0,0.0
104.11180945735433,-37.382656641207795,10.600000000000017,0.0,0.0,0.0
104.10577718840746,-37.37085648117209,10.600000000000014,0.0,0.0,0.0
104.09978568520975,-37.35899439928117,10.600000000000016,0.0,0.0,0.0
104.09383125586724,-37.34707624050341,10.600000000000014,0.0,0.0,0.0
104.08791029177095,-37.33510771774937,10.600000000000016,0.0,0.0,0.0
104.08201926673345,-37.32309441332504,10.600000000000017,0.0,0.0,0.0
104.07615473612317,-37.31104178037725,10.600000000000017,0.0,0.0,0.0
104.0703133359958,-37.2989551443309,10.600000000000016,0.0,0.0,0.0
104.06449178222452,-37.28683970431822,10.600000000000014,0.0,0.0,0.0
104.05868686962764,-37.2747005346001,10.600000000000016,0.0,0.0,0.0
104.05289547109624,-37.26254258597984,10.600000000000017,0.0,0.0,0.0
104.04711453672058,-37.250370687209006,10.600000000000016,0.0,0.0,0.0
104.04134109291631,-37.23818954638571,10.600000000000014,0.0,0.0,0.0
104.03557224155088,-37.22600375234542,10.600000000000014,0.0,0.0,0.0
104.02980515907012,-37.213817776044074,10.600000000000014,0.0,0.0,0.0
104.02403709562583,-37.201635971934046,10.600000000000014,0.0,0.0,0.0
104.01826537420429,-37.1894625793325,10.600000000000014,0.0,0.0,0.0
104.01248738975634,-37.177301723782676,10.600000000000012,0.0,0.0,0.0
104.00670060832876,-37.165157418407674,10.600000000000014,0.0,0.0,0.0
104.00090256619788,-37.153033565257374,10.600000000000014,0.0,0.0,0.0
103.99509086900531,-37.14093395664787,10.600000000000016,0.0,0.0,0.0
103.98926319089634,-37.12886227649427,10.600000000000014,0.0,0.0,0.0
103.98341727366034,-37.1168221016359,10.600000000000012,0.0,0.0,0.0
103.97755092587488,-37.10481690315507,10.600000000000014,0.0,0.0,0.0
103.97166202205239,-37.09285004768852,10.60000000000001,0.0,0.0,0.0
103.96574850179069,-37.08092479873228,10.600000000000012,0.0,0.0,0.0
103.95980836892613,-37.06904431793927,10.600000000000012,0.0,0.0,0.0
103.95383969069144,-37.05721166641042,10.600000000000012,0.0,0.0,0.0
103.94784059687662,-37.04542980597889,10.600000000000012,0.0,0.0,0.0
103.94180927899443,-37.033701600487554,10.600000000000012,0.0,0.0,0.0
103.93574398944946,-37.022029817059625,10.600000000000014,0.0,0.0,0.0
103.92964304071197,-37.010417127362786,10.60000000000001,0.0,0.0,0.0
103.92350480449579,-36.99886610886648,10.600000000000012,0.0,0.0,0.0
103.91732771094104,-36.98737924609269,10.600000000000012,0.0,0.0,0.0
103.91111024780135,-36.97595893186008,10.600000000000012,0.0,0.0,0.0
103.90485095963571,-36.964607468521436,10.60000000000001,0.0,0.0,0.0
103.89854844700537,-36.95332706919459,10.60000000000001,0.0,0.0,0.0
103.89220136567549,-36.94211985898684,10.600000000000012,0.0,0.0,0.0
103.88580842582215,-36.93098787621286,10.600000000000012,0.0,0.0,0.0
103.8793683912438,-36.9199330736059,10.600000000000009,0.0,0.0,0.0
103.87288007857846,-36.90895731952262,10.600000000000012,0.0,0.0,0.0
103.86634235652576,-36.89806239914153,10.60000000000001,0.0,0.0,0.0
103.85975414507467,-36.88725001565477,10.600000000000007,0.0,0.0,0.0
103.85311441473584,-36.87652179145344,10.60000000000001,0.0,0.0,0.0
103.84642218577991,-36.86587926930665,10.60000000000001,0.0,0.0,0.0
103.83967652748092,-36.85532391353386,10.600000000000009,0.0,0.0,0.0
103.83287655736535,-36.844857111171095,10.60000000000001,0.0,0.0,0.0
103.82602144046625,-36.83448017313042,10.600000000000007,0.0,0.0,0.0
103.8191103885831,-36.824194335353205,10.600000000000007,0.0,0.0,0.0
103.8121426595471,-36.81400075995689,10.600000000000009,0.0,0.0,0.0
103.80511755649196,-36.80390053637528,10.60000000000001,0.0,0.0,0.0
103.79803442713032,-36.79389468249273,10.600000000000007,0.0,0.0,0.0
103.79089266303517,-36.7839841457714,10.600000000000009,0.0,0.0,0.0
103.78369169892747,-36.77416980437256,10.600000000000009,0.0,0.0,0.0
103.77643101196877,-36.76445246827135,10.600000000000007,0.0,0.0,0.0
103.76911012105977,-36.754832880365136,10.600000000000009,0.0,0.0,0.0
103.76172858614372,-36.74531171757535,10.600000000000007,0.0,0.0,0.0
103.75428600751606,-36.73588959194317,10.600000000000007,0.0,0.0,0.0
103.74678202513887,-36.72656705171855,10.600000000000007,0.0,0.0,0.0
103.73921631796148,-36.71734458244317,10.600000000000007,0.0,0.0,0.0
103.7315886032456,-36.70822260802654,10.600000000000007,0.0,0.0,0.0
103.7238986358967,-36.69920149181609,10.600000000000009,0.0,0.0,0.0
103.71614620780024,-36.69028153766068,10.600000000000007,0.0,0.0,0.0
103.70833114716369,-36.681462990967766,10.600000000000007,0.0,0.0,0.0
103.70045331786339,-36.67274603975398,10.600000000000009,0.0,0.0,0.0
103.69251261879708,-36.66413081568959,10.600000000000007,0.0,0.0,0.0
103.68450898324144,-36.65561739513621,10.600000000000007,0.0,0.0,0.0
103.67644237821544,-36.64720580017846,10.600000000000007,0.0,0.0,0.0
103.66831280384788,-36.638895999648724,10.600000000000007,0.0,0.0,0.0
103.66012029275109,-36.630687910145916,10.600000000000007,0.0,0.0,0.0
103.65186490939918,-36.62258139704754,10.600000000000007,0.0,0.0,0.0
103.64354674951156,-36.61457627551538,10.600000000000007,0.0,0.0,0.0
103.63516593944176,-36.60667231149483,10.600000000000005,0.0,0.0,0.0
103.62672263557066,-36.59886922270753,10.600000000000005,0.0,0.0,0.0
103.61821702370523,-36.591166679637745,10.600000000000005,0.0,0.0,0.0
103.60964931848198,-36.583564306512194,10.600000000000007,0.0,0.0,0.0
103.60101976277564,-36.57606168227355,10.600000000000007,0.0,0.0,0.0
103.5923286271119,-36.568658341547064,10.600000000000007,0.0,0.0,0.0
103.58357620908589,-36.56135377560117,10.600000000000005,0.0,0.0,0.0
103.57476283278477,-36.554147433301274,10.600000000000007,0.0,0.0,0.0
103.5658888482156,-36.54703872205722,10.600000000000007,0.0,0.0,0.0
103.55695463073715,-36.540027008764085,10.600000000000007,0.0,0.0,0.0
103.5479605804971,-36.53311162073661,10.600000000000007,0.0,0.0,0.0
103.53890712187338,-36.526291846636965,10.600000000000009,0.0,0.0,0.0
103.52979470292037,-36.51956693739618,10.600000000000007,0.0,0.0,0.0
103.52062379481923,-36.512936107128795,10.600000000000007,0.0,0.0,0.0
103.51139489133305,-36.506398534041125,10.600000000000009,0.0,0.0,0.0
103.5021085082663,-36.499953361332935,10.600000000000005,0.0,0.0,0.0
103.49276518292854,-36.49359969809255,10.600000000000005,0.0,0.0,0.0
103.48336547360293,-36.48733662018548,10.600000000000009,0.0,0.0,0.0
103.47390995901827,-36.48116317113624,10.600000000000009,0.0,0.0,0.0
103.46439923782611,-36.475078363003895,10.600000000000007,0.0,0.0,0.0
103.45483392808141,-36.46908117725075,10.600000000000007,0.0,0.0,0.0
103.44521466672819,-36.46317056560478,10.600000000000007,0.0,0.0,0.0
103.43554210908819,-36.457345450914964,10.600000000000007,0.0,0.0,0.0
103.42581692835478,-36.451604728000575,10.600000000000007,0.0,0.0,0.0
103.41603981509012,-36.44594726449341,10.600000000000007,0.0,0.0,0.0
103.40621147672704,-36.44037190167375,10.600000000000007,0.0,0.0,0.0
103.39633263707408,-36.434877455299336,10.600000000000007,0.0,0.0,0.0
103.38640403582525,-36.42946271642808,10.600000000000009,0.0,0.0,0.0
103.3764264280733,-36.42412645223389,10.600000000000009,0.0,0.0,0.0
103.36640058382721,-36.41886740681609,10.600000000000009,0.0,0.0,0.0
103.35632728753298,-36.413684302001805,10.600000000000007,0.0,0.0,0.0
103.34620733759877,-36.40857583814215,10.600000000000005,0.0,0.0,0.0
103.33604154592358,-36.40354069490142,10.600000000000007,0.0,0.0,0.0
103.32583073743005,-36.398577532039994,10.600000000000007,0.0,0.0,0.0
103.31557574960021,-36.39368499019001,10.600000000000007,0.0,0.0,0.0
103.30527743201577,-36.38886169162494,10.600000000000009,0.0,0.0,0.0
103.29493664590166,-36.384106241022195,10.600000000000007,0.0,0.0,0.0
103.28455426367317,-36.37941722621908,10.600000000000007,0.0,0.0,0.0
103.27413116848722,-36.374793218962196,10.600000000000007,0.0,0.0,0.0
103.26366825379628,-36.370232775649946,10.600000000000009,0.0,0.0,0.0
103.25316642290692,-36.36573443806856,10.600000000000007,0.0,0.0,0.0
103.24262658854104,-36.36129673412127,10.600000000000007,0.0,0.0,0.0
103.23204967240147,-36.35691817855099,10.600000000000009,0.0,0.0,0.0
103.22143660474013,-36.35259727365603,10.600000000000007,0.0,0.0,0.0
103.21078832393037,-36.34833250999932,10.600000000000007,0.0,0.0,0.0
103.20010577604258,-36.34412236711082,10.600000000000007,0.0,0.0,0.0
103.18938991442336,-36.33996531418344,10.600000000000007,0.0,0.0,0.0
103.17864169927768,-36.33585981076178,10.600000000000005,0.0,0.0,0.0
103.16786209725498,-36.331804307424726,10.600000000000007,0.0,0.0,0.0
103.15705208103842,-36.32779724646092,10.600000000000007,0.0,0.0,0.0
103.14621262893775,-36.323837062537805,10.600000000000007,0.0,0.0,0.0
103.13534472448502,-36.31992218336366,10.600000000000007,0.0,0.0,0.0
103.1244493560342,-36.316051030343196,10.600000000000007,0.0,0.0,0.0
103.11352751636399,-36.31222201922629,10.600000000000007,0.0,0.0,0.0
103.10258020228379,-36.30843356074999,10.600000000000005,0.0,0.0,0.0
103.09160841424335,-36.30468406127396,10.600000000000007,0.0,0.0,0.0
103.08061315594536,-36.30097192340896,10.600000000000007,0.0,0.0,0.0
103.06959543396158,-36.29729554663881,10.60000000000001,0.0,0.0,0.0
103.05855625735225,-36.29365332793552,10.600000000000009,0.0,0.0,0.0
103.04749663728897,-36.29004366236793,10.600000000000007,0.0,0.0,0.0
103.03641758668041,-36.28646494370315,10.600000000000007,0.0,0.0,0.0
103.02532011980182,-36.28291556500183,10.600000000000003,0.0,0.0,0.0
103.01420525192756,-36.27939391920634,10.600000000000009,0.0,0.0,0.0
103.00307399896724,-36.275898399722536,10.600000000000007,0.0,0.0,0.0
102.99192737710452,-36.2724274009944,10.600000000000007,0.0,0.0,0.0
102.98076640243993,-36.2689793190724,10.600000000000007,0.0,0.0,0.0
102.96959209063652,-36.26555255217483,10.600000000000009,0.0,0.0,0.0
102.95840545656924,-36.26214550124274,10.60000000000001,0.0,0.0,0.0
102.94720751397688,-36.25875657048778,10.600000000000009,0.0,0.0,0.0
102.9359992751182,-36.25538416793364,10.600000000000009,0.0,0.0,0.0
102.92478175043082,-36.252026705950676,10.60000000000001,0.0,0.0,0.0
102.91355594819343,-36.248682601783855,10.600000000000009,0.0,0.0,0.0
102.9023228741919,-36.24535027807404,10.600000000000007,0.0,0.0,0.0
102.89108353138779,-36.242028163372446,10.600000000000007,0.0,0.0,0.0
102.87983891959105,-36.23871469264854,10.600000000000009,0.0,0.0,0.0
102.86859003513551,-36.23540830779124,10.600000000000007,0.0,0.0,0.0
102.85733787055828,-36.23210745810341,10.600000000000007,0.0,0.0,0.0
102.84608341428178,-36.22881060078956,10.600000000000007,0.0,0.0,0.0
102.83482765029989,-36.225516201437095,10.600000000000007,0.0,0.0,0.0
102.82357155786691,-36.22222273449064,10.600000000000009,0.0,0.0,0.0
102.8123161111906,-36.21892868372003,10.600000000000009,0.0,0.0,0.0
102.80106227912766,-36.21563254268116,10.600000000000007,0.0,0.0,0.0
102.7898110248837,-36.21233281517062,10.60000000000001,0.0,0.0,0.0
102.77856330571583,-36.2090280156734,10.600000000000009,0.0,0.0,0.0
102.7673200726394,-36.20571666980413,10.60000000000001,0.0,0.0,0.0
102.7560822701375,-36.20239731474149,10.60000000000001,0.0,0.0,0.0
102.74485083587452,-36.19906849965602,10.600000000000009,0.0,0.0,0.0
102.73362670041291,-36.195728786131426,10.600000000000009,0.0,0.0,0.0
102.72241078693385,-36.19237674857916,10.60000000000001,0.0,0.0,0.0
102.71120401096081,-36.18901097464626,10.600000000000009,0.0,0.0,0.0
102.70000728008728,-36.18563006561674,10.600000000000009,0.0,0.0,0.0
102.68882149370778,-36.18223263680628,10.600000000000009,0.0,0.0,0.0
102.67764754275245,-36.1788173179503,10.60000000000001,0.0,0.0,0.0
102.66648630942571,-36.175382753585524,10.600000000000009,0.0,0.0,0.0
102.65533866694766,-36.17192760342467,10.600000000000009,0.0,0.0,0.0
102.64420547929997,-36.16845054272488,10.600000000000009,0.0,0.0,0.0
102.63308760097505,-36.16495026264932,10.600000000000007,0.0,0.0,0.0
102.62198587672921,-36.16142547062241,10.600000000000007,0.0,0.0,0.0
102.61090114133891,-36.157874890678116,10.600000000000009,0.0,0.0,0.0
102.59983421936151,-36.15429726380208,10.600000000000009,0.0,0.0,0.0
102.58878592489916,-36.15069134826687,10.600000000000009,0.0,0.0,0.0
102.57775706136712,-36.14705591996093,10.600000000000012,0.0,0.0,0.0
102.56674842126502,-36.14338977271063,10.600000000000009,0.0,0.0,0.0
102.55576078595269,-36.13969171859609,10.600000000000007,0.0,0.0,0.0
102.54479492542934,-36.13596058826031,10.60000000000001,0.0,0.0,0.0
102.53385159811725,-36.1321952312118,10.600000000000009,0.0,0.0,0.0
102.52293155064825,-36.1283945161206,10.600000000000009,0.0,0.0,0.0
102.51203551765524,-36.1245573311078,10.600000000000009,0.0,0.0,0.0
102.5011642215669,-36.12068258402869,10.60000000000001,0.0,0.0,0.0
102.49031837240666,-36.116769202749126,10.600000000000007,0.0,0.0,0.0
102.47949866759573,-36.112816135415656,10.600000000000009,0.0,0.0,0.0
102.46870579175959,-36.108822350718874,10.600000000000012,0.0,0.0,0.0
102.45794041653915,-36.104786838150574,10.600000000000009,0.0,0.0,0.0
