galstreams/tracks/track.st.Slidr.ibata2021.ecsv
# %ECSV 0.9
# ---
# datatype:
# - {name: ra, unit: deg, datatype: float64}
# - {name: dec, unit: deg, datatype: float64}
# - {name: distance, unit: kpc, datatype: float64}
# - {name: pm_ra_cosdec, unit: mas / yr, datatype: float64}
# - {name: pm_dec, unit: mas / yr, datatype: float64}
# - {name: radial_velocity, unit: km / s, datatype: float64}
# delimiter: ','
# meta: !!omap
# - __serialized_columns__:
#     dec:
#       __class__: astropy.coordinates.angles.Latitude
#       unit: &id001 !astropy.units.Unit {unit: deg}
#       value: !astropy.table.SerializedColumn {name: dec}
#     distance:
#       __class__: astropy.coordinates.distances.Distance
#       unit: !astropy.units.Unit {unit: kpc}
#       value: !astropy.table.SerializedColumn {name: distance}
#     pm_dec:
#       __class__: astropy.units.quantity.Quantity
#       unit: !astropy.units.Unit {unit: mas / yr}
#       value: !astropy.table.SerializedColumn {name: pm_dec}
#     pm_ra_cosdec:
#       __class__: astropy.units.quantity.Quantity
#       unit: !astropy.units.Unit {unit: mas / yr}
#       value: !astropy.table.SerializedColumn {name: pm_ra_cosdec}
#     ra:
#       __class__: astropy.coordinates.angles.Longitude
#       unit: *id001
#       value: !astropy.table.SerializedColumn {name: ra}
#       wrap_angle: !astropy.coordinates.Angle
#         unit: *id001
#         value: 360.0
#     radial_velocity:
#       __class__: astropy.units.quantity.Quantity
#       unit: !astropy.units.Unit {unit: km / s}
#       value: !astropy.table.SerializedColumn {name: radial_velocity}
# schema: astropy-2.0
ra,dec,distance,pm_ra_cosdec,pm_dec,radial_velocity
[from data line 3023]
176.890327982733,3.6637444057442248,3.7351843869239554,-16.655344766693723,-4.566236689352663,-4.210383564936169e-15
176.89881867081326,3.657509392835305,3.7359133630018393,-16.650013099305202,-4.565464643055113,4.631421921429786e-14
176.9073072707227,3.6512671324347337,3.7366428457116796,-16.64468070501509,-4.5646932306830745,-3.263047262825531e-14
176.91579378063855,3.6450176184862966,3.737372835359452,-16.639347584258406,-4.56392245232962,1.473634247727659e-14
176.92427819873802,3.6387608449338025,3.7381033322511295,-16.634013737470266,-4.563152308087515,3.368306851948935e-14
176.93276052319828,3.632496805721074,3.738834336692684,-16.628679165085877,-4.5623827980491996,-5.578758223540424e-14
176.9412407521962,3.6262254947919685,3.739565848990091,-16.62334386754053,-4.561613922306823,1.3683746586042549e-14
176.94971888390873,3.6199469060903535,3.740297869449323,-16.618007845269606,-4.5608456809522275,3.684085619319148e-14
176.95819491651267,3.6136610335601205,3.741030398376353,-16.612671098708585,-4.560078074076934,-1.894672604221276e-14
176.9666688481847,3.607367871145189,3.741763436077157,-16.607333628293034,-4.559311101772166,-6.315575347404253e-15
176.97514067710136,3.60106741278949,3.7424969828577055,-16.601995434458612,-4.558544764128839,7.683950006008508e-14
176.98361040143925,3.594759652436987,3.743231039023973,-16.59665651764106,-4.557779061237559,2.2104513715914887e-14
176.99207801937465,3.588444584031654,3.743965604881934,-16.591316878276213,-4.557013993188626,4.4209027431829774e-14
177.00054352908393,3.582122201517494,3.7447006807375613,-16.585976516800006,-4.556249560072036,-1.2631150694808506e-14
177.0090069287432,3.5757924988385295,3.7454362668968284,-16.580635433648453,-4.555485761977473,5.894536990910637e-14
177.01746821652856,3.569455469938805,3.746172363665707,-16.57529362925768,-4.554722598994321,7.052392471268083e-14
177.02592739061606,3.563111108762384,3.7469089713501744,-16.56995110406386,-4.553960071211653,-4.105123975812765e-14
177.0343844491815,3.5567594092533494,3.747646090256202,-16.56460785850331,-4.553198178718239,5.6840178126638284e-14
177.04283939040064,3.5504003653558165,3.748383720689762,-16.559263893012417,-4.552436921602535,2.1051917824680845e-15
177.05129221244923,3.544033971013913,3.7491218629568306,-16.553919208027647,-4.55167629995271,-5.2629794561702114e-14
177.0597429135027,3.537660220171786,3.749860517363379,-16.548573803985576,-4.5509163138566056,5.894536990910637e-14
177.06819149173663,3.5312791067736096,3.750599684215383,-16.543227681322858,-4.550156963401774,1.894672604221276e-14
177.0766379453263,3.5248906247635787,3.7513393638188135,-16.537880840476248,-4.549398248675453,8.420767129872338e-15
177.08508227244698,3.5184947680859104,3.7520795564796465,-16.53253328188259,-4.548640169764579,-2.7367493172085098e-14
177.09352447127375,3.5120915306848395,3.7528202625038527,-16.52718500597883,-4.547882726755788,4.8419410996765944e-14
177.1019645399817,3.505680906504622,3.753561482197409,-16.52183601320198,-4.547125919735402,-5.789277401787233e-14
177.1104024767457,3.4992628894895397,3.754303215866287,-16.516486303989176,-4.546369748789444,5.157719867046807e-14
177.11883827974057,3.4928374735838927,3.7550454638164594,-16.51113587877763,-4.545614214003632,-1.5788938368510635e-14
177.12727194714103,3.4864046527320065,3.755788226353901,-16.505784738004646,-4.5448593154633885,6.315575347404254e-14
177.13570347712164,3.4799644208782214,3.756531503784586,-16.50043288210762,-4.5441050532538085,1.1578554803574466e-14
177.14413286785685,3.4735167719669007,3.7572752964144858,-16.495080311524056,-4.543351427459712,3.0525280845787224e-14
177.15256011752112,3.4670616999424344,3.7580196045495753,-16.489727026691536,-4.542598438165596,4.210383564936169e-15
177.1609852242886,3.460599198749234,3.7587644284958275,-16.484373028047738,-4.541846085455661,-3.4735664410723393e-14
177.16940818633344,3.4541292623317235,3.759509768559216,-16.479018316030434,-4.541094369413805,4.8419410996765944e-14
177.17782900182974,3.4476518846343525,3.7602556250457155,-16.473662891077492,-4.540343290123622,4.5261623323063815e-14
177.18624766895138,3.4411670596015966,3.761001998261298,-16.468306753626862,-4.539592847668403,3.368306851948935e-14
177.19466418587214,3.4346747811779506,3.761748888511937,-16.46294990411661,-4.538843042131134,-4.5261623323063815e-14
177.2030785507657,3.4281750433079297,3.762496296103606,-16.457592342984885,-4.538093873594504,2.315710960714893e-14
177.21149076180566,3.421667839936067,3.76324422134228,-16.45223407066992,-4.537345342140898,-4.105123975812765e-14
177.21990081716544,3.415153165006923,3.7639926645339314,-16.446875087610046,-4.5365974478523965,-4.73668151055319e-14
177.2283087150184,3.408631012465075,3.764741625984534,-16.4415153942437,-4.535850190810775,9.052324664612763e-14
177.23671445353773,3.402101376255132,3.7654911060000607,-16.436154991009406,-4.535103571097523,5.6840178126638284e-14
177.2451180308966,3.395564250321706,3.7662411048864857,-16.43079387834578,-4.53435758879381,-1.0525958912340423e-15
177.25351944526793,3.3890196286094434,3.766991622949781,-16.425432056691537,-4.533612243980515,2.1051917824680845e-15
177.26191869482457,3.3824675050630133,3.767742660495922,-16.42006952648547,-4.5328675367382125,6.315575347404254e-14
177.27031577773934,3.375907873627105,3.768494217830882,-16.414706288166506,-4.532123467147173,-2.1051917824680845e-15
177.2787106921848,3.3693407282464176,3.769246295260634,-16.40934234217362,-4.531380035287377,3.0525280845787224e-14
177.2871034363335,3.362766062865686,3.769998893091151,-16.403977688945915,-4.5306372412384945,5.578758223540424e-14
177.2954940083578,3.356183871429662,3.770752011628407,-16.398612328922574,-4.529895085079899,-7.105022265829786e-14
177.30388240642992,3.3495941478831193,3.7715056511783764,-16.393246262542885,-4.529153566890662,1.5788938368510633e-15
177.31226862872205,3.3429968861708512,3.772259812047032,-16.387879490246217,-4.52841268674956,2.5262301389617013e-14
177.3206526734062,3.3363920802376725,3.7730144945403468,-16.382512012472045,-4.527672444735065,6.947132882144679e-14
177.32903453865424,3.329779724028421,3.7737696989642946,-16.377143829659946,-4.526932840925354,3.0525280845787224e-14
177.337414222638,3.323159811487957,3.774525425624849,-16.371774942249584,-4.526193875398299,-2.5788599335234036e-14
177.345791723529,3.316532336561163,3.7752816748279825,-16.366405350680715,-4.525455548231475,-5.789277401787233e-14
177.35416703949883,3.309897293192936,3.776038446879672,-16.36103505539318,-4.524717859502164,4.4209027431829774e-14
177.36254016871888,3.3032546753282035,3.7767957420858864,-16.355664056826964,-4.523980809287344,5.262979456170211e-16
177.3709111093604,3.296604476911911,3.7775535607526027,-16.3502923554221,-4.523244397663694,6.262945552842552e-14
177.37927985959453,3.2899466918890248,3.7783119031857924,-16.344919951618728,-4.522508624707597,1.5788938368510633e-15
177.38764641759226,3.2832813142045314,3.77907076969143,-16.339546845857097,-4.521773490495138,-2.5788599335234036e-14
177.39601078152447,3.2766083378034456,3.7798301605754894,-16.334173038577543,-4.521038995102106,9.368103431982976e-14
177.4043729495619,3.269927756630798,3.780590076143943,-16.32879853022051,-4.520305138603986,6.947132882144679e-14
177.4127329198752,3.263239564631641,3.7813505167027652,-16.32342332122652,-4.51957192107597,-1.0525958912340423e-15
177.4210906906348,3.256543755751052,3.7821114825579287,-16.318047412036215,-4.518839342592956,-6.315575347404254e-14
177.42944626001105,3.249840323934127,3.782872974015407,-16.312670803090306,-4.518107403229545,-1.2631150694808506e-14
177.43779962617424,3.243129263125985,3.783634991381174,-16.307293494829633,-4.517376103060034,-1.0525958912340423e-15
177.44615078729439,3.236410567271767,3.7843975349612036,-16.301915487695105,-4.516645442158429,-3.315677057387233e-14
177.45449974154144,3.2296842303166384,3.7851606050614692,-16.296536782127742,-4.5159154205984375,-1.473634247727659e-14
177.46284648708524,3.2229502462057797,3.785924201987944,-16.291157378568673,-4.515186038453478,7.157652060391487e-14
177.4711910220955,3.216208608884397,3.7866883260466015,-16.285777277459108,-4.514457295796662,1.3683746586042549e-14
177.4795333447417,3.209459312297721,3.7874529775434156,-16.280396479240352,-4.513729192700814,-6.8418732930212744e-15
177.4878734531933,3.2027023503910037,3.7882181567843594,-16.275014984353824,-4.513001729238462,5.157719867046807e-14
177.4962113456195,3.195937717109511,3.7889838640754054,-16.269632793241033,-4.512274905481833,4.73668151055319e-14
177.5045470201895,3.189165406398541,3.7897500997225286,-16.264249906343586,-4.511548721502867,5.6840178126638284e-14
177.51288047507228,3.1823854122034083,3.7905168640317024,-16.258866324103185,-4.5108231773732035,6.262945552842552e-14
177.52121170843668,3.1755977284694543,3.7912841573089002,-16.25348204696164,-4.510098273164192,7.157652060391487e-14
177.52954071845141,3.1688023491420343,3.7920519798600947,-16.248097075360846,-4.509374008946884,4.315643154059573e-14
177.53786750328507,3.16199926816653,3.792820331991261,-16.242711409742817,-4.508650384792042,-2.789379111770212e-14
177.54619206110598,3.155188479488349,3.7935892140083705,-16.237325050549646,-4.507927400770129,8.894435280927657e-14
177.55451439008257,3.1483699770529148,3.7943586262173987,-16.231937998223543,-4.5072050569513165,3.0525280845787224e-14
177.56283448838292,3.1415437548056784,3.795128568924318,-16.226550253206803,-4.506483353405481,3.315677057387233e-14
177.57115235417498,3.1347098066921073,3.7958990424351025,-16.22116181594182,-4.505762290202215,9.47336302110638e-15
177.57946798562668,3.127868126657694,3.7966700470557244,-16.215772686871105,-4.50504186741081,4.894570894238297e-14
177.58778138090568,3.1210187086479535,3.797441583092158,-16.210382866437246,-4.504322085100261,3.4209366465106376e-14
177.59609253817953,3.114161546608428,3.7982136508503794,-16.204992355082943,-4.503602943339281,5.789277401787233e-14
177.6044014556157,3.107296634484669,3.7989862506363576,-16.19960115325101,-4.502884442196284,6.315575347404253e-15
177.6127081313814,3.1004239662222597,3.7997593827560685,-16.194209261384323,-4.502166581739396,-2.1578215770297867e-14
177.62101256364375,3.0935435357668095,3.800533047515485,-16.188816679925896,-4.501449362036448,-4.210383564936169e-15
177.62931475056973,3.0866553370639402,3.8013072452205816,-16.18342340931882,-4.500732783154984,-3.526196235634042e-14
177.63761469032613,3.0797593640593,3.80208197617733,-16.178029450006314,-4.500016845162252,9.789141788476593e-14
177.64591238107968,3.0728556106985607,3.8028572406917065,-16.17263480243165,-4.499301548125208,9.999660966723401e-15
177.6542078209968,3.0659440709274164,3.803633039069682,-16.16723946703825,-4.498586892110526,6.21031575828085e-14
177.6625010082439,3.0590247386915865,3.804409371617232,-16.161843444269607,-4.4978728771845775,-2.6314897280851058e-15
177.67079194098716,3.0520976079368056,3.805186238640327,-16.15644673456934,-4.497159503413462,2.5262301389617013e-14
177.67908061739266,3.045162672608835,3.8059636404449435,-16.15104933838113,-4.496446770862963,4.9472006887999985e-14
177.68736703562627,3.038219926653461,3.8067415773370548,-16.145651256148806,-4.495734679598598,-2.315710960714893e-14
177.6956511938537,3.031269364016488,3.8075200496226325,-16.14025248831627,-4.495023229685584,1.9473023987829782e-14
177.70393309024058,3.024310978643748,3.8082990576076523,-16.134853035327517,-4.4943124211888525,4.684051715991488e-14
177.7122127229523,3.0173447644810896,3.809078601598086,-16.129452897626678,-4.49360225417304,4.47353253774468e-14
177.72049009015413,3.0103707154743895,3.8098586818999065,-16.12405207565796,-4.492892728702501,4.3682729486212757e-14
177.7287651900112,3.0033888255695445,3.810639298819091,-16.118650569865665,-4.492183844841299,5.526128428978722e-14
177.7370380206884,2.99639908871248,3.8114204526616082,-16.11324838069424,-4.491475602653215,1.6315236314127656e-14
177.74530858035052,2.989401498849128,3.812202143733435,-16.107845508588177,-4.490768002201723,8.526026718995742e-14
177.75357686716222,2.9823960499254643,3.812984372340544,-16.10244195399211,-4.490061043550037,4.5261623323063815e-14
177.76184287928794,2.9753827358874787,3.8137671387889083,-16.097037717350762,-4.489354726761058,-1.1052256857957444e-14
177.77010661489194,2.968361550681179,3.814550443384502,-16.09163279910896,-4.48864905189742,-2.2630811661531907e-14
177.77836807213836,2.9613324882526046,3.8153342864332975,-16.08622719971165,-4.487944019021458,8.894435280927657e-14
177.78662724919118,2.9542955425478077,3.8161186682412698,-16.08082091960385,-4.487239628195225,-3.4209366465106376e-14
177.7948841442142,2.9472507075128753,3.816903589114391,-16.075413959230698,-4.486535879480479,-1.2631150694808506e-14
177.803138755371,2.9401979770939137,3.8176890493586364,-16.070006319037432,-4.485832772938711,-5.0524602779234026e-14
177.81139108082505,2.9331373452370486,3.8184750492799786,-16.064597999469417,-4.485130308631105,-2.4209705498382972e-14
177.81964111873967,2.926068805888429,3.8192615891843893,-16.05918900097208,-4.484428486618578,4.47353253774468e-14
177.82788886727795,2.9189923529942354,3.820048669377844,-16.05377932399098,-4.483727306961739,6.315575347404253e-15
177.83613432460285,2.9119079805006636,3.820836290166317,-16.048368968971776,-4.483026769720933,1.842042809659574e-14
177.84437748887714,2.904815682353937,3.82162445185578,-16.04295793636022,-4.482326874956216,-4.052494181251063e-14
177.8526183582634,2.8977154525002944,3.8224131547522067,-16.037546226602178,-4.481627622727351,5.420868839855318e-14
177.86085693092411,2.8906072848860127,3.8232023991615716,-16.03213384014363,-4.480929013093821,5.262979456170211e-16
177.8690932050215,2.88349117345738,3.8239921853898475,-16.026720777430633,-4.480231046114822,-8.420767129872338e-15
177.8773271787176,2.876367112160712,3.824782513743009,-16.02130703890937,-4.479533721849279,-1.0525958912340423e-15
177.88555885017436,2.8692350949423546,3.825573384527028,-16.015892625026137,-4.4788370403558195,6.73661370389787e-14
177.8937882175535,2.8620951157486636,3.8263647980478774,-16.010477536227306,-4.478141001692792,1.2631150694808506e-14
177.90201527901655,2.854947168526031,3.8271567546115337,-16.00506177295937,-4.4774456059182635,-2.789379111770212e-14
177.9102400327249,2.8477912472208673,3.827949254523968,-15.99964533566894,-4.476750853090014,-3.315677057387233e-14
177.91846247683964,2.8406273457796107,3.8287422980911554,-15.994228224802702,-4.4760567432655485,8.736545897242551e-14
177.92668260952192,2.833455458148713,3.8295358856190673,-15.988810440807484,-4.475363276502082,3.684085619319148e-14
177.93490042893248,2.8262755782746662,3.83033001741368,-15.983391984130183,-4.4746704528565555,-8.420767129872338e-15
177.94311593323192,2.8190877001039696,3.8311246937809647,-15.977972855217836,-4.473978272385623,5.262979456170211e-16
177.95132912058074,2.8118918175831675,3.8319199150268948,-15.972553054517558,-4.473286735145657,4.3682729486212757e-14
177.95953998913922,2.8046879246588,3.832715681457445,-15.967132582476593,-4.47259584119275,8.157618157063828e-14
177.9677485370674,2.797476015277456,3.8335119933785897,-15.961711439542265,-4.471905590582719,9.315473637421274e-14
177.97595476252522,2.7902560833857395,3.8343088510963,-15.956289626162045,-4.471215983371088,-6.315575347404253e-15
177.98415866367233,2.7830281229302796,3.835106254916551,-15.95086714278346,-4.470527019613115,2.7367493172085098e-14
177.99236023866828,2.775792127857732,3.8359042051453156,-15.94544398985418,-4.469838699363769,4.73668151055319e-15
178.00055948567237,2.768548092114766,3.836702702088568,-15.940020167821976,-4.469151022677741,8.104988362502126e-14
178.00875640284377,2.761296009648094,3.8375017460522804,-15.934595677134709,-4.468463989609446,3.684085619319148e-14
178.01695098834142,2.754035874404441,3.8383013373424277,-15.929170518240376,-4.467777600213015,-1.894672604221276e-14
