galstreams/tracks/track.st.New-24.ibata2024.ecsv
# %ECSV 1.0
# ---
# datatype:
# - {name: ra, unit: deg, datatype: float64}
# - {name: dec, unit: deg, datatype: float64}
# - {name: distance, unit: kpc, datatype: float64}
# - {name: pm_ra_cosdec, unit: mas / yr, datatype: float64}
# - {name: pm_dec, unit: mas / yr, datatype: float64}
# - {name: radial_velocity, unit: km / s, datatype: float64}
# delimiter: ','
# meta: !!omap
# - __serialized_columns__:
#     dec:
#       __class__: astropy.coordinates.angles.Latitude
#       unit: &id001 !astropy.units.Unit {unit: deg}
#       value: !astropy.table.SerializedColumn {name: dec}
#     distance:
#       __class__: astropy.coordinates.distances.Distance
#       unit: !astropy.units.Unit {unit: kpc}
#       value: !astropy.table.SerializedColumn {name: distance}
#     pm_dec:
#       __class__: astropy.units.quantity.Quantity
#       unit: !astropy.units.Unit {unit: mas / yr}
#       value: !astropy.table.SerializedColumn {name: pm_dec}
#     pm_ra_cosdec:
#       __class__: astropy.units.quantity.Quantity
#       unit: !astropy.units.Unit {unit: mas / yr}
#       value: !astropy.table.SerializedColumn {name: pm_ra_cosdec}
#     ra:
#       __class__: astropy.coordinates.angles.Longitude
#       unit: *id001
#       value: !astropy.table.SerializedColumn {name: ra}
#       wrap_angle: !astropy.coordinates.Angle
#         unit: *id001
#         value: 360.0
#     radial_velocity:
#       __class__: astropy.units.quantity.Quantity
#       unit: !astropy.units.Unit {unit: km / s}
#       value: !astropy.table.SerializedColumn {name: radial_velocity}
# schema: astropy-2.0
ra,dec,distance,pm_ra_cosdec,pm_dec,radial_velocity
331.97814093985426,-11.057753271492603,0.9999999999999999,1.773912824599961,-4.718952033348046,8459.280263332383
331.99154628988936,-11.049040626893134,0.9999999999999999,1.7793008908239472,-4.7245423975510334,8328.913613093719
332.0049194368957,-11.040446303643245,0.9999999999999998,1.784531728889874,-4.730032561568009,8199.848943342991
332.0182604483286,-11.031970121116727,0.9999999999999998,1.7896064461411925,-4.735423021622694,8072.0798845544905
332.0315693915231,-11.023611898667928,1.0,1.7945261500557308,-4.740714273643505,7945.600067202524
332.04484633369475,-11.015371455631993,0.9999999999999999,1.799291948250584,-4.745906813264014,7820.403121761386
332.0580913419404,-11.007248611324835,0.9999999999999999,1.803904948479044,-4.7510011358263,7696.482678705382
332.0713044832391,-10.999243185043325,1.0,1.8083662586228684,-4.755997736381744,7573.832368508808
332.08448582445266,-10.991354996065395,0.9999999999999998,1.8126769867064922,-4.760897109693644,7452.445821645965
332.0976354323265,-10.983583863650097,0.9999999999999999,1.8168382408781554,-4.765699750238582,7332.316668591154
332.11075337349035,-10.975929607037727,0.9999999999999997,1.8208511294234313,-4.770406152208466,7213.438539818673
332.123839714459,-10.968392045449969,0.9999999999999998,1.8247167607581787,-4.775016809512351,7095.805065802828
332.13689452163305,-10.960970998089898,0.9999999999999998,1.8284362434237664,-4.7795322157779765,6979.409877017915
332.1499178612997,-10.953666284142196,0.9999999999999998,1.8320106860959413,-4.783952864354376,6864.246603938229
332.1629097996331,-10.94647772277316,0.9999999999999998,1.8354411975758467,-4.788279248312165,6750.3088770380755
332.17587040269564,-10.939405133130826,0.9999999999999998,1.8387288867915004,-4.792511860446666,6637.5903267917565
332.1887997364383,-10.932448334345104,0.9999999999999997,1.8418748627975674,-4.796651193279104,6526.084583673565
332.2016978667011,-10.9256071455278,0.9999999999999997,1.8448802347733135,-4.800697739057966,6415.78527815781
332.21456485921453,-10.918881385772803,0.9999999999999998,1.847746112024538,-4.804651989761339,6306.686040718786
332.22740077959935,-10.91227087415609,0.9999999999999997,1.8504736039786849,-4.808514437097813,6198.780501830794
332.2402056933678,-10.905775429735845,0.9999999999999998,1.8530638201873444,-4.812285572509154,6092.062291968133
332.2529796659244,-10.89939487155262,0.9999999999999997,1.85551787032216,-4.81596588717079,5986.525041605103
332.2657227625659,-10.893129018629299,0.9999999999999996,1.857836864177898,-4.819555871994282,5882.16238121601
332.2784350484827,-10.886977689971326,0.9999999999999997,1.8600219116700032,-4.823056017628403,5778.967941275144
332.2911165887592,-10.88094070456668,0.9999999999999996,1.8620741228307907,-4.8264668144610425,5676.935352256814
332.3037674483742,-10.875017881386,0.9999999999999996,1.863994607812856,-4.82978875262063,5576.058244635315
332.3163876922019,-10.869209039382737,0.9999999999999996,1.8657844768872565,-4.833022321977637,5476.3302488849495
332.3289773850123,-10.863513997493133,0.9999999999999996,1.86744484044209,-4.83616801214626,5377.744995480014
332.3415365914718,-10.857932574636363,0.9999999999999996,1.8689768089813015,-4.839226312485835,5280.296114894814
332.35406537614426,-10.852464589714659,0.9999999999999997,1.870381493124512,-4.842197712102205,5183.977237603646
332.36656380349075,-10.847109861613285,0.9999999999999996,1.8716600036067348,-4.84508269984957,5088.781994080809
332.37903193787105,-10.841868209200749,0.9999999999999996,1.8728134512771248,-4.84788176433139,4994.704014800605
332.39146984354375,-10.83673945132878,0.9999999999999994,1.8738429470967048,-4.850595393902552,4901.736930237332
332.4038775846666,-10.831723406832445,0.9999999999999994,1.8747496021424013,-4.853224076670244,4809.8743708652955
332.41625522529796,-10.826819894530283,0.9999999999999996,1.8755345275993704,-4.85576830049547,4719.109967158793
332.4286028293964,-10.822028733224267,0.9999999999999996,1.8761988347662282,-4.8582285529949445,4629.43734959212
332.4409204608219,-10.817349741700024,0.9999999999999994,1.876743635053856,-4.860605321541698,4540.850148639579
332.4532081833363,-10.812782738726796,0.9999999999999996,1.8771700399781253,-4.8628990932670035,4453.341994775473
332.4654660606035,-10.808327543057558,0.9999999999999994,1.8774791611698447,-4.86511035506166,4366.9065184740975
332.4776941561905,-10.803983973429139,0.9999999999999994,1.8776721103643013,-4.867239593577295,4281.537350209759
332.48989253356774,-10.799751848562211,0.9999999999999994,1.8777499994052391,-4.86928729522765,4197.228120456753
332.5020612561095,-10.795630987161456,0.9999999999999996,1.8777139402459397,-4.8712539461900235,4113.972459689378
332.5142003870947,-10.791621207915567,0.9999999999999994,1.8775650449445038,-4.87314003240644,4031.7639983819367
332.5263099897073,-10.787722329497333,0.9999999999999996,1.8773044256640787,-4.874946039585126,3950.59636700873
332.5383901270367,-10.783934170563777,0.9999999999999994,1.8769331946751322,-4.876672453201792,3870.4631960440547
332.55044086207846,-10.780256549756139,0.9999999999999994,1.8764524643518143,-4.87831975850068,3791.358115962217
332.5624622577347,-10.776689285699987,0.9999999999999993,1.8758633471724693,-4.879888440496046,3713.274757237507
332.57445437681474,-10.773232197005322,0.9999999999999994,1.8751669557193509,-4.88137898397332,3636.206750344234
332.5864172820354,-10.769885102266564,0.9999999999999994,1.874364402676008,-4.882791873490504,3560.147725756694
332.5983510360218,-10.76664782006272,0.9999999999999996,1.8734568008293877,-4.884127593379162,3485.0913139491868
332.6102557013074,-10.76352016895737,0.9999999999999993,1.872445263069551,-4.885386627745731,3411.031145396014
332.62213134033476,-10.760501967498751,0.9999999999999994,1.8713309023839315,-4.886569460472884,3337.960850571475
332.63397801545614,-10.757593034219894,0.9999999999999996,1.870114831864612,-4.8876765752205245,3265.87405994987
332.64579578893387,-10.754793187638578,0.9999999999999994,1.8687981646999674,-4.888708455426979,3194.764404005499
332.65758472294067,-10.752102246257504,0.9999999999999994,1.867382014180123,-4.889665584310308,3124.625513212661
332.6693448795603,-10.74952002856427,0.9999999999999994,1.8658674936931448,-4.890548444869381,3055.451018045656
332.68107632078784,-10.747046353031468,0.9999999999999994,1.864255716725296,-4.891357519885048,2987.2345489787863
332.6927791085305,-10.744681038116807,0.9999999999999994,1.862547796861321,-4.892093291921199,2919.969736486351
332.7044533046076,-10.74242390226306,0.9999999999999994,1.8607448477813762,-4.8927562433261045,2853.65021104265
332.71609897075155,-10.740274763898237,0.9999999999999994,1.8588479832635585,-4.89334685623335,2788.2696031219807
332.7277161686077,-10.738233441435566,0.9999999999999992,1.8568583171820023,-4.893865612562919,2723.821543198647
332.73930495973514,-10.736299753273586,0.9999999999999993,1.8547769635063958,-4.894312994022513,2660.299661746948
332.7508654056072,-10.734473517796243,0.9999999999999993,1.852605036301071,-4.894689482108433,2597.697589241184
332.7623975676117,-10.732754553372867,0.9999999999999992,1.850343649725346,-4.8949955581068,2536.008956155652
332.77390150705133,-10.731142678358292,0.9999999999999994,1.84799391803179,-4.895231703094552,2475.2273929646562
332.7853772851443,-10.729637711092929,0.9999999999999992,1.8455569555678721,-4.89539839794044,2415.3465301424935
332.79682496302445,-10.728239469902743,0.9999999999999994,1.84303387677258,-4.895496123306387,2356.3599981634666
332.80824460174205,-10.726947773099422,0.9999999999999992,1.8404257961786357,-4.895525359648005,2298.2614275018736
332.8196362622638,-10.725762438980324,0.9999999999999992,1.837733828409938,-4.89548658721624,2241.0444486320157
332.8310000054735,-10.724683285828588,0.9999999999999993,1.8349590881829556,-4.895380286058028,2184.7026920281914
332.84233589217234,-10.723710131913217,0.9999999999999992,1.8321026903042537,-4.895206936017345,2129.229788164702
332.8536439830793,-10.722842795489054,0.9999999999999994,1.8291657496721143,-4.8949670167363735,2074.6193675158474
332.8649243388316,-10.722081094796932,0.9999999999999993,1.8261493812735807,-4.894661007656296,2020.8650605559278
332.876177019985,-10.721424848063638,0.9999999999999993,1.8230547001871855,-4.894289388018521,1967.9604977592433
332.88740208701427,-10.720873873502002,0.9999999999999993,1.8198828215791707,-4.893852636865489,1915.8993096000934
332.89859960031345,-10.720427989310995,0.9999999999999994,1.8166348607056193,-4.893351233041827,1864.6751265527778
332.90976962019636,-10.720087013675693,0.9999999999999993,1.8133119329105511,-4.892785655195084,1814.2815790915984
332.9209122068969,-10.719850764767415,0.9999999999999993,1.8099151536258375,-4.892156381776971,1764.7122976908531
332.93202742056945,-10.719719060743701,0.9999999999999993,1.8064456383710876,-4.891463891044154,1715.960912824843
332.94311532128893,-10.719691719748399,0.9999999999999992,1.8029045027533073,-4.890708661059179,1668.0210549678686
332.9541759690518,-10.719768559911738,0.9999999999999991,1.7992928624657623,-4.889891169691602,1620.8863545942286
332.9652094237759,-10.719949399350323,0.9999999999999991,1.7956118332874667,-4.88901189461874,1574.5504421782239
332.97621574530075,-10.720234056167202,0.9999999999999992,1.7918625310844476,-4.888071313326712,1529.0069481941548
332.98719499338836,-10.720622348451974,0.9999999999999993,1.7880460718071447,-4.887069903111261,1484.2495031163212
332.99814722772305,-10.721114094280722,0.999999999999999,1.7841635714914474,-4.886008141078854,1440.2717374190229
333.0090725079123,-10.72170911171618,0.9999999999999992,1.780216146257672,-4.884886504147431,1397.06728157656
333.0199708934867,-10.72240721880769,0.9999999999999992,1.776204912310277,-4.883705469047335,1354.6297660632322
333.0308424439001,-10.723208233591281,0.9999999999999991,1.772130985938034,-4.882465512322334,1312.9528213533406
333.0416872185308,-10.724111974089753,0.9999999999999992,1.7679954835123226,-4.881167110330317,1272.0300779211846
333.05250527668085,-10.725118258312637,0.9999999999999991,1.7637995214879396,-4.879810739244434,1231.8551662410637
333.063296677577,-10.726226904256336,0.9999999999999992,1.7595442164026167,-4.878396875053724,1192.4217167872787
333.0740614803709,-10.727437729904091,0.9999999999999992,1.7552306848758406,-4.8769259935642,1153.723360034129
333.0847997441392,-10.728750553226053,0.9999999999999991,1.7508600436092223,-4.875398570399604,1115.7537264559155
333.0955115278843,-10.730165192179369,0.9999999999999991,1.7464334093857588,-4.873815081002313,1078.5064465269381
333.10619689053397,-10.731681464708133,0.9999999999999992,1.741951899069548,-4.872176000634191,1041.9751507214962
333.1168558909425,-10.733299188743537,0.9999999999999993,1.7374166296055193,-4.8704818043774765,1006.1534695138906
333.1274885878901,-10.735018182203818,0.9999999999999991,1.7328287180193058,-4.868732967135621,971.035033378421
333.1380950400842,-10.736838262994336,0.9999999999999993,1.7281892814158937,-4.866929963634107,936.613472789387
333.1486753061587,-10.738759249007666,0.9999999999999991,1.7234994369805037,-4.865073268421341,902.8824182210889
333.159229444675,-10.740780958123546,0.9999999999999991,1.7187603019774826,-4.863163355869446,869.8355001478278
333.16975751412207,-10.742903208208965,0.9999999999999991,1.713972993750275,-4.8612007001751465,837.4663490439023
333.18025957291667,-10.74512581711825,0.9999999999999991,1.709138629720698,-4.859185775360544,805.7685953836138
333.1907356794036,-10.747448602692993,0.9999999999999992,1.7042583273891623,-4.857119055274033,774.7358696412607
333.20118589185626,-10.74987138276221,0.9999999999999993,1.6993332043336622,-4.855001013590972,744.3618022911448
333.2116102684765,-10.752393975142295,0.9999999999999993,1.6943643782101248,-4.852832123814675,714.6400238075645
333.2220088673951,-10.755016197637074,0.999999999999999,1.6893529667515423,-4.850612859277096,685.5641646648213
333.2323817466724,-10.757737868037907,0.9999999999999992,1.6843000877678733,-4.8483436931397,657.1278553372138
333.2427289642977,-10.760558804123617,0.9999999999999991,1.6792068591456797,-4.846025098394264,629.3247262990434
333.25305057819065,-10.763478823660645,0.9999999999999992,1.6740743988477647,-4.843657547863671,602.1484080246097
333.2633466462004,-10.766497744402983,0.9999999999999993,1.6689038249130945,-4.8412415142027,575.5925309882123
333.27361722610635,-10.769615384092262,0.999999999999999,1.6636962554559034,-4.838777469898851,549.6507256641522
333.2838623756189,-10.772831560457814,0.9999999999999991,1.6584528086659205,-4.836265887273118,524.3166225267282
333.2940821523788,-10.776146091216628,0.9999999999999991,1.6531746028078516,-4.83370723848078,499.58385205024166
333.30427661395794,-10.77955879407349,0.9999999999999991,1.647862756221123,-4.831101995512164,475.44604470899134
333.31444581785956,-10.783069486720912,0.9999999999999992,1.6425183873192708,-4.828450630193512,451.89683097727857
333.32458982151826,-10.786677986839221,0.9999999999999992,1.6371426145900756,-4.8257536141876685,428.9298413294024
333.3347086823006,-10.790384112096634,0.9999999999999991,1.631736556595115,-4.823011418994877,406.5387062396635
333.34480245750484,-10.794187680149198,0.9999999999999992,1.626301331969163,-4.82022451595363,384.71705618236126
333.3548712043618,-10.79808850864088,0.9999999999999993,1.620838059420251,-4.817393376241332,363.45852163179615
333.3649149800346,-10.802086415203624,0.9999999999999991,1.6153478577292617,-4.814518470875155,342.7567330622688
333.374933841619,-10.80618121745731,0.9999999999999992,1.609831845749504,-4.811600270712747,322.6053209480779
333.3849278461439,-10.810372733009876,0.999999999999999,1.6042911424065167,-4.808639246453051,302.9979157635248
333.3948970505712,-10.814660779457265,0.9999999999999991,1.5987268666977812,-4.8056358686370295,283.92814798290874
333.4048415117961,-10.819045174383495,0.9999999999999992,1.5931401376924157,-4.802590607648437,265.3896480805304
333.4147612866477,-10.823525735360743,0.9999999999999991,1.587532074530877,-4.799503933714588,247.37604653068914
333.4246564318886,-10.828102279949256,0.9999999999999992,1.5819037964246156,-4.7963763169070965,229.88097380768568
333.4345270042158,-10.832774625697514,0.9999999999999992,1.576256422655824,-4.793208227142642,212.89806038581943
333.4443730602601,-10.837542590142162,0.9999999999999991,1.5705910725772778,-4.790000134183726,196.4209367393911
333.4541946565872,-10.842405990808066,0.9999999999999992,1.5649088656117396,-4.786752507639412,180.4432333427
333.4639918496973,-10.847364645208408,0.9999999999999992,1.5592109212520384,-4.783465816966084,164.95858067004667
333.4737646960255,-10.8524183708446,0.9999999999999992,1.5534983590605371,-4.780140531468197,149.96060919573137
333.4835132519421,-10.85756698520643,0.999999999999999,1.5477722986688907,-4.776777120299015,135.44294939405353
333.4932375737526,-10.862810305772001,0.9999999999999993,1.5420338597778525,-4.773376052461355,121.39923173931383
333.502937717698,-10.868148150007794,0.9999999999999991,1.536284162156937,-4.7699377968083505,107.82308670581175
333.5126137399551,-10.873580335368748,0.9999999999999991,1.530524325644146,-4.766462822044165,94.70814476784783
333.52226569663657,-10.879106679298184,0.9999999999999993,1.5247554701456787,-4.762951596724759,82.0480363997217
333.53189364379125,-10.884726999227903,0.9999999999999991,1.51897871563569,-4.759404589258612,69.8363920757338
333.5414976374041,-10.89044111257824,0.9999999999999992,1.5131951821560259,-4.755822267907474,58.06684227018378
333.5510777333969,-10.896248836757993,0.9999999999999991,1.5074059898158656,-4.752205100787103,46.73301745737212
333.5606339876278,-10.90214998916457,0.9999999999999992,1.5016122587915735,-4.748553555867991,35.828548111598444
333.5701664558921,-10.908144387183908,0.9999999999999991,1.4958151093263252,-4.744868100976119,25.34706470716301
