galstreams/tracks/track.st.Leiptr.ibata2024.ecsv
# %ECSV 1.0
# ---
# datatype:
# - {name: ra, unit: deg, datatype: float64}
# - {name: dec, unit: deg, datatype: float64}
# - {name: distance, unit: kpc, datatype: float64}
# - {name: pm_ra_cosdec, unit: mas / yr, datatype: float64}
# - {name: pm_dec, unit: mas / yr, datatype: float64}
# - {name: radial_velocity, unit: km / s, datatype: float64}
# delimiter: ','
# meta: !!omap
# - __serialized_columns__:
#     dec:
#       __class__: astropy.coordinates.angles.Latitude
#       unit: &id001 !astropy.units.Unit {unit: deg}
#       value: !astropy.table.SerializedColumn {name: dec}
#     distance:
#       __class__: astropy.coordinates.distances.Distance
#       unit: !astropy.units.Unit {unit: kpc}
#       value: !astropy.table.SerializedColumn {name: distance}
#     pm_dec:
#       __class__: astropy.units.quantity.Quantity
#       unit: !astropy.units.Unit {unit: mas / yr}
#       value: !astropy.table.SerializedColumn {name: pm_dec}
#     pm_ra_cosdec:
#       __class__: astropy.units.quantity.Quantity
#       unit: !astropy.units.Unit {unit: mas / yr}
#       value: !astropy.table.SerializedColumn {name: pm_ra_cosdec}
#     ra:
#       __class__: astropy.coordinates.angles.Longitude
#       unit: *id001
#       value: !astropy.table.SerializedColumn {name: ra}
#       wrap_angle: !astropy.coordinates.Angle
#         unit: *id001
#         value: 360.0
#     radial_velocity:
#       __class__: astropy.units.quantity.Quantity
#       unit: !astropy.units.Unit {unit: km / s}
#       value: !astropy.table.SerializedColumn {name: radial_velocity}
# schema: astropy-2.0
ra,dec,distance,pm_ra_cosdec,pm_dec,radial_velocity
[from data line 4794]
94.62471421612443,-32.46852425798533,1.0,10.179653061262094,-8.856375952397993,243.773951685205
94.63352547998471,-32.47522395823805,1.0,10.179308183061774,-8.85471744638264,243.84613693713118
94.64233791313306,-32.48192318433422,1.0,10.17896298011115,-8.853058471498919,243.91831511304864
94.6511515160271,-32.48862193601851,1.0000000000000002,10.178617452385259,-8.851399027935262,243.99048621059805
94.65996628912451,-32.49532021303552,1.0,10.17827159985913,-8.849739115880173,244.0626502274201
94.66878223288306,-32.50201801512975,1.0,10.17792542250773,-8.848078735522133,244.13480716115563
94.6775993477605,-32.50871534204562,1.0,10.177578920306054,-8.84641788704971,244.20695700944538
94.68641763421475,-32.51541219352749,1.0,10.177232093229046,-8.844756570651441,244.27909976992999
94.69523709270369,-32.52210856931962,1.0,10.176884941251622,-8.843094786515955,244.35123544025015
94.70405772368535,-32.5288044691662,1.0,10.176537464348687,-8.841432534831874,244.42336401804684
94.71287952761773,-32.535499892811295,1.0000000000000002,10.176189662495144,-8.839769815787857,244.4954855009605
94.72170250495896,-32.542194839998956,1.0,10.17584153566585,-8.838106629572607,244.567599886632
94.73052665616717,-32.54888931047311,0.9999999999999999,10.175493083835647,-8.836442976374837,244.6397071727021
94.7393519817006,-32.555583303977606,1.0,10.175144306979364,-8.834778856383295,244.71180735681142
94.74817848201752,-32.562276820256216,1.0,10.174795205071796,-8.833114269786797,244.7839004366007
94.75700615757627,-32.568969859052636,1.0000000000000002,10.174445778087737,-8.831449216774114,244.85598640971088
94.76583500883527,-32.57566242011047,1.0,10.174096026001926,-8.829783697534122,244.92806527378244
94.77466503625294,-32.582354503173235,1.0,10.173745948789122,-8.82811771225569,245.00013702645606
94.7834962402878,-32.58904610798437,1.0,10.173395546424043,-8.82645126112774,245.07220166537275
94.79232862139845,-32.59573723428727,1.0,10.173044818881369,-8.824784344339186,245.14425918817312
94.8011621800435,-32.602427881825164,1.0,10.172693766135797,-8.82311696207902,245.21630959249785
94.80999691668167,-32.60911805034128,1.0000000000000002,10.172342388161956,-8.821449114536218,245.28835287598764
94.81883283177169,-32.61580773957871,1.0,10.17199068493452,-8.81978080189985,245.36038903628338
94.82766992577235,-32.6224969492805,1.0,10.171638656428062,-8.81811202435895,245.43241807102555
94.83650819914256,-32.629185679189604,1.0,10.1712863026172,-8.816442782102602,245.50443997785524
94.84534765234122,-32.63587392904888,1.0,10.170933623476497,-8.81477307531997,245.57645475441277
94.85418828582732,-32.64256169860109,1.0,10.170580618980502,-8.813102904200168,245.6484623983392
94.8630301000599,-32.64924898758896,0.9999999999999999,10.17022728910376,-8.811432268932421,245.72046290727496
94.87187309549809,-32.655935795755106,0.9999999999999999,10.169873633820757,-8.809761169705919,245.79245627886112
94.88071727260103,-32.66262212284205,1.0,10.169519653105992,-8.808089606709924,245.86444251073817
94.88956263182794,-32.66930796859226,1.0,10.169165346933932,-8.806417580133715,245.93642160054685
94.89840917363809,-32.6759933327481,1.0000000000000002,10.168810715279028,-8.804745090166591,246.00839354592804
94.90725689849084,-32.68267821505187,1.0,10.168455758115694,-8.803072136997901,246.08035834452232
94.91610580684558,-32.68936261524575,1.0,10.168100475418338,-8.801398720817023,246.15231599397052
94.92495589916174,-32.69604653307187,1.0,10.167744867161355,-8.79972484181338,246.2242664919132
94.93380717589888,-32.70272996827227,1.0,10.167388933319096,-8.798050500176387,246.29620983599133
94.9426596375165,-32.70941292058892,1.0,10.167032673865906,-8.796375696095513,246.36814602384547
94.95151328447429,-32.716095389763666,1.0,10.166676088776098,-8.794700429760248,246.44007505311646
94.96036811723192,-32.72277737553833,1.0,10.166319178023977,-8.793024701360139,246.51199692144502
94.96922413624911,-32.72945887765459,1.0000000000000002,10.165961941583838,-8.791348511084742,246.58391162647177
94.9780813419857,-32.73613989585407,1.0,10.165604379429919,-8.789671859123661,246.65581916583747
94.98693973490153,-32.74282042987834,1.0,10.165246491536458,-8.787994745666502,246.7277195371829
94.99579931545651,-32.74950047946886,1.0,10.164888277877681,-8.786317170902919,246.79961273814885
95.00466008411063,-32.75618004436697,1.0000000000000002,10.164529738427778,-8.784639135022605,246.8714987663759
95.01352204132392,-32.76285912431398,1.0,10.164170873160929,-8.782960638215293,246.94337761950484
95.02238518755648,-32.76953771905111,1.0,10.16381168205128,-8.781281680670713,247.0152492951765
95.03124952326846,-32.77621582831946,1.0000000000000002,10.163452165072965,-8.77960226257866,247.08711379103144
95.04011504892003,-32.782893451860076,1.0,10.1630923222001,-8.777922384128956,247.15897110471045
95.04898176497151,-32.78957058941395,1.0,10.162732153406775,-8.776242045511413,247.2308212338544
95.05784967188319,-32.79624724072192,1.0,10.162371658667068,-8.77456124691594,247.30266417610386
95.06671877011546,-32.802923405524794,1.0,10.162010837955023,-8.77287998853243,247.3744999290995
95.07558906012875,-32.809599083563285,1.0,10.161649691244666,-8.771198270550812,247.44632849048233
95.08446054238355,-32.816274274578014,0.9999999999999999,10.161288218510013,-8.769516093161087,247.5181498578927
95.09333321734043,-32.82294897830952,1.0,10.160926419725044,-8.767833456553237,247.58996402897168
95.10220708546001,-32.82962319449826,1.0,10.160564294863722,-8.766150360917297,247.66177100135982
95.11108214720292,-32.83629692288462,1.0,10.160201843900001,-8.764466806443345,247.733570772698
95.11995840302991,-32.84297016320889,1.0,10.159839066807798,-8.762782793321456,247.80536334062674
95.12883585340177,-32.84964291521126,1.0,10.159475963561025,-8.76109832174178,247.87714870278688
95.1377144987793,-32.85631517863188,1.0,10.159112534133579,-8.759413391894498,247.94892685681907
95.14659433962343,-32.86298695321077,1.0,10.158748778499291,-8.757728003969756,248.02069780036422
95.1554753763951,-32.8696582386879,1.0,10.158384696632023,-8.756042158157818,248.09246153106284
95.16435760955534,-32.87632903480314,1.0,10.158020288505593,-8.75435585464892,248.16421804655596
95.17324103956518,-32.88299934129627,1.0,10.1576555540938,-8.752669093633354,248.23596734448404
95.18212566688578,-32.88966915790701,1.0,10.157290493370427,-8.750981875301456,248.3077094224878
95.1910114919783,-32.896338484374965,0.9999999999999999,10.156925106309227,-8.74929419984355,248.37944427820818
95.19989851530397,-32.9030073204397,0.9999999999999999,10.156559392883945,-8.74760606745006,248.45117190928568
95.20878673732412,-32.90967566584063,1.0000000000000002,10.156193353068293,-8.745917478311387,248.52289231336115
95.21767615850005,-32.91634352031717,1.0,10.155826986835976,-8.744228432617962,248.59460548807533
95.22656677929322,-32.92301088360858,1.0,10.155460294160656,-8.74253893056028,248.66631143106903
95.23545860016506,-32.929677755454065,1.0,10.155093275016002,-8.740848972328859,248.7380101399829
95.24435162157711,-32.93634413559273,1.0,10.154725929375644,-8.739158558114248,248.80970161245745
95.25324584399094,-32.94301002376365,1.0,10.154358257213184,-8.73746768810701,248.88138584613384
95.26214126786817,-32.94967541970575,1.0,10.15399025850225,-8.735776362497752,248.95306283865236
95.27103789367052,-32.95634032315787,0.9999999999999999,10.153621933216364,-8.734084581477141,249.02473258765406
95.2799357218597,-32.96300473385883,1.0,10.153253281329125,-8.73239234523583,249.0963950907795
95.28883475289754,-32.96966865154733,1.0,10.152884302814035,-8.730699653964521,249.1680503456696
95.29773498724589,-32.97633207596194,1.0000000000000002,10.152514997644623,-8.729006507853981,249.23969834996487
95.30663642536666,-32.98299500684125,1.0,10.152145365794368,-8.727312907094959,249.311339101306
95.31553906772186,-32.98965744392365,1.0000000000000002,10.151775407236727,-8.725618851878245,249.38297259733412
95.32444291477346,-32.996319386947526,1.0,10.151405121945178,-8.72392434239471,249.4545988356895
95.33334796698357,-33.00298083565116,0.9999999999999999,10.151034509893131,-8.722229378835184,249.52621781401308
95.34225422481434,-33.00964178977272,1.0,10.150663571053993,-8.7205339613906,249.59782952994567
95.35116168872797,-33.01630224905034,1.0,10.150292305401146,-8.718838090251868,249.66943398112775
95.36007035918668,-33.022962213222016,1.0,10.149920712907974,-8.717141765609966,249.74103116520033
95.36898023665279,-33.02962168202573,1.0,10.149548793547819,-8.715444987655879,249.812621079804
95.37789132158869,-33.03628065519928,1.0,10.149176547293987,-8.713747756580656,249.88420372257937
95.38680361445677,-33.04293913248047,0.9999999999999999,10.148803974119796,-8.712050072575344,249.95577909116741
95.3957171157195,-33.049597113606985,1.0,10.148431073998527,-8.710351935831028,250.02734718320872
95.40463182583945,-33.056254598316414,1.0,10.148057846903452,-8.708653346538874,250.09890799634405
95.41354774527915,-33.062911586346274,1.0,10.147684292807797,-8.70695430489,250.17046152821408
95.42246487450129,-33.069568077433985,1.0000000000000002,10.147310411684792,-8.705254811075623,250.24200777645964
95.43138321396854,-33.07622407131692,1.0,10.146936203507636,-8.703554865286954,250.3135467387215
95.44030276414368,-33.08287956773231,1.0,10.146561668249515,-8.701854467715265,250.38507841264007
95.44922352548949,-33.08953456641736,1.0,10.146186805883584,-8.700153618551838,250.45660279585647
95.45814549846884,-33.096189067109144,1.0000000000000002,10.145811616382982,-8.698452317987986,250.52811988601127
95.46706868354465,-33.10284306954467,1.0,10.145436099720829,-8.696750566215083,250.5996296807451
95.47599308117991,-33.109496573460866,1.0,10.145060255870233,-8.695048363424508,250.67113217769875
95.48491869183762,-33.11614957859455,0.9999999999999999,10.144684084804247,-8.693345709807701,250.7426273745131
95.49384551598088,-33.122802084682505,1.0,10.144307586495964,-8.691642605556094,250.81411526882883
95.50277355407285,-33.12945409146137,1.0,10.14393076091838,-8.68993905086116,250.88559585828648
95.51170280657666,-33.13610559866775,1.0,10.14355360804454,-8.688235045914446,250.95706914052695
95.52063327395565,-33.14275660603812,1.0,10.143176127847429,-8.686530590907509,251.02853511319094
95.52956495667304,-33.1494071133089,1.0,10.142798320300034,-8.68482568603191,251.09999377391915
95.53849785519225,-33.156057120216396,1.0000000000000002,10.142420185375284,-8.683120331479312,251.17144512035242
95.54743196997667,-33.1627066264969,1.0,10.142041723046134,-8.681414527441312,251.24288915013125
95.55636730148974,-33.169355631886525,1.0,10.141662933285502,-8.679708274109611,251.3143258608965
95.56530385019504,-33.17600413612136,0.9999999999999999,10.141283816066267,-8.678001571675942,251.38575525028895
95.5742416165561,-33.18265213893737,1.0,10.140904371361302,-8.676294420332066,251.45717731594937
95.58318060103657,-33.18929964007048,1.0,10.140524599143465,-8.67458682026972,251.52859205551835
95.59212080410018,-33.1959466392565,1.0,10.140144499385578,-8.672878771680764,251.59999946663663
95.60106222621059,-33.20259313623113,1.0,10.139764072060464,-8.671170274757031,251.671399546945
95.61000486783165,-33.20923913073006,1.0,10.13938331714092,-8.669461329690392,251.74279229408418
95.6189487294272,-33.21588462248881,1.0,10.139002234599685,-8.66775193667279,251.81417770569487
95.62789381146112,-33.22252961124287,1.0,10.138620824409552,-8.66604209589616,251.8855557794179
95.63684011439742,-33.22917409672765,1.0000000000000002,10.138239086543212,-8.664331807552454,251.95692651289392
95.64578763870007,-33.23581807867839,1.0,10.13785702097339,-8.662621071833762,252.02828990376358
95.65473638483316,-33.242461556830364,1.0,10.137474627672782,-8.660909888932071,252.09964594966775
95.6636863532608,-33.24910453091868,1.0,10.137091906614032,-8.65919825903947,252.1709946482471
95.67263754444717,-33.25574700067837,1.0,10.13670885776981,-8.657486182348094,252.24233599714228
95.68158995885649,-33.262388965844416,0.9999999999999998,10.13632548111274,-8.655773659050094,252.31366999399424
95.69054359695305,-33.26903042615169,1.0000000000000002,10.135941776615418,-8.654060689337616,252.38499663644353
95.69949845920122,-33.275671381334966,0.9999999999999999,10.135557744250434,-8.652347273402917,252.4563159221309
95.70845454606533,-33.28231183112896,1.0,10.135173383990365,-8.650633411438214,252.5276278486971
95.71741185800987,-33.28895177526827,1.0,10.134788695807739,-8.64891910363582,252.5989324137829
95.72637039549933,-33.29559121348744,0.9999999999999999,10.134403679675096,-8.647204350188026,252.67022961502897
95.73533015899825,-33.30223014552092,1.0,10.134018335564924,-8.645489151287187,252.74151945007603
95.74429114897123,-33.308868571103055,0.9999999999999999,10.133632663449731,-8.64377350712569,252.81280191656495
95.75325336588297,-33.31550648996811,1.0,10.133246663301952,-8.642057417895948,252.88407701213626
95.76221681019813,-33.32214390185031,1.0,10.132860335094062,-8.640340883790397,252.95534473443078
95.77118148238152,-33.3287808064837,1.0,10.13247367879845,-8.638623905001555,253.0266050810893
95.78014738289792,-33.33541720360235,1.0,10.132086694387555,-8.636906481721915,253.09785804975243
95.78911451221225,-33.342053092940134,1.0,10.13169938183373,-8.635188614144031,253.16910363806102
95.7980828707894,-33.348688474230926,1.0,10.13131174110935,-8.633470302460484,253.2403418436557
95.80705245909436,-33.3553233472085,1.0,10.130923772186751,-8.631751546863892,253.3115726641773
95.8160232775922,-33.36195771160648,0.9999999999999999,10.130535475038261,-8.630032347546916,253.38279609726635
95.82499532674792,-33.36859156715848,1.0000000000000002,10.130146849636184,-8.628312704702239,253.45401214056395
95.83396860702673,-33.37522491359798,1.0,10.12975789595279,-8.626592618522569,253.52522079171038
95.84294311889381,-33.38185775065841,1.0,10.129368613960343,-8.624872089200672,253.59642204834674
95.85191886281439,-33.3884900780731,0.9999999999999999,10.12897900363109,-8.62315111692931,253.66761590811356
95.86089583925377,-33.39512189557524,1.0,10.12858906493723,-8.621429701901342,253.7388023686516
95.8698740486773,-33.401753202898036,1.0,10.128198797850999,-8.619707844309595,253.80998142760163
95.87885349155042,-33.40838399977453,1.0,10.127808202344536,-8.617985544346947,253.88115308260436
95.88783416833851,-33.41501428593769,0.9999999999999999,10.127417278390034,-8.616262802206375,253.95231733130043
95.89681607950716,-33.421644061120425,1.0,10.127026025959601,-8.614539618080752,254.02347417133086
95.90579922552187,-33.42827332505554,0.9999999999999999,10.126634445025378,-8.612815992163132,254.0946236003361
95.91478360684829,-33.43490207747575,1.0,10.12624253555946,-8.611091924646527,254.16576561595696
95.92376922395208,-33.441530318113685,1.0,10.125850297533916,-8.609367415723984,254.23690021583408
95.93275607729893,-33.448158046701906,1.0,10.12545773092082,-8.607642465588587,254.3080273976084
95.94174416735467,-33.45478526297284,1.0,10.125064835692179,-8.605917074433489,254.37914715892046
95.95073349458505,-33.461411966658886,1.0,10.124671611820045,-8.604191242451819,254.45025949741105
95.95972405945602,-33.46803815749233,1.0,10.124278059276385,-8.602464969836799,254.521364410721
95.96871586243346,-33.47466383520536,0.9999999999999999,10.123884178033197,-8.60073825678164,254.59246189649082
95.97770890398334,-33.48128899953009,1.0,10.123489968062435,-8.599011103479608,254.6635519523615
95.98670318457172,-33.48791365019855,1.0,10.12309542933603,-8.597283510124011,254.7346345759735
95.99569870466469,-33.49453778694267,1.0,10.12270056182589,-8.59555547690817,254.80570976496782
96.00469546472837,-33.50116140949432,1.0000000000000002,10.122305365503921,-8.593827004025417,254.87677751698507
96.01369346522895,-33.50778451758524,0.9999999999999999,10.121909840342003,-8.592098091669225,254.94783782966584
