galstreams/tracks/track.po.Corvus.mateu2018.ecsv
# %ECSV 1.0
# ---
# datatype:
# - {name: ra, unit: deg, datatype: float64}
# - {name: dec, unit: deg, datatype: float64}
# - {name: distance, unit: kpc, datatype: float64}
# - {name: pm_ra_cosdec, unit: mas / yr, datatype: float64}
# - {name: pm_dec, unit: mas / yr, datatype: float64}
# - {name: radial_velocity, unit: km / s, datatype: float64}
# delimiter: ','
# meta: !!omap
# - __serialized_columns__:
#     dec:
#       __class__: astropy.coordinates.angles.Latitude
#       unit: &id001 !astropy.units.Unit {unit: deg}
#       value: !astropy.table.SerializedColumn {name: dec}
#     distance:
#       __class__: astropy.coordinates.distances.Distance
#       unit: !astropy.units.Unit {unit: kpc}
#       value: !astropy.table.SerializedColumn {name: distance}
#     pm_dec:
#       __class__: astropy.units.quantity.Quantity
#       unit: !astropy.units.Unit {unit: mas / yr}
#       value: !astropy.table.SerializedColumn {name: pm_dec}
#     pm_ra_cosdec:
#       __class__: astropy.units.quantity.Quantity
#       unit: !astropy.units.Unit {unit: mas / yr}
#       value: !astropy.table.SerializedColumn {name: pm_ra_cosdec}
#     ra:
#       __class__: astropy.coordinates.angles.Longitude
#       unit: *id001
#       value: !astropy.table.SerializedColumn {name: ra}
#       wrap_angle: !astropy.coordinates.Angle
#         unit: *id001
#         value: 360.0
#     radial_velocity:
#       __class__: astropy.units.quantity.Quantity
#       unit: !astropy.units.Unit {unit: km / s}
#       value: !astropy.table.SerializedColumn {name: radial_velocity}
# schema: astropy-2.0
ra,dec,distance,pm_ra_cosdec,pm_dec,radial_velocity
[from data line 2103]
162.71898279015622,-13.35143878008877,6.725284808701936,0.0,0.0,0.0
162.7293523284466,-13.35189176206654,6.726412188259857,0.0,0.0,0.0
162.73972179288896,-13.35234505268207,6.727539832171983,0.0,0.0,0.0
162.75009118351826,-13.35279865199282,6.728667740445858,0.0,0.0,0.0
162.76046050036953,-13.353252560056196,6.729795913088994,0.0,0.0,0.0
162.77082974347775,-13.353706776929537,6.730924350108861,0.0,0.0,0.0
162.78119891287804,-13.354161302670127,6.732053051512893,0.0,0.0,0.0
162.79156800860542,-13.354616137335194,6.733182017308486,0.0,0.0,0.0
162.80193703069511,-13.355071280981909,6.7343112475029985,0.0,0.0,0.0
162.8123059791822,-13.355526733667388,6.735440742103747,0.0,0.0,0.0
162.82267485410196,-13.355982495448671,6.736570501118014,0.0,0.0,0.0
162.83304365548963,-13.356438566382764,6.737700524553049,0.0,0.0,0.0
162.8434123833805,-13.356894946526598,6.738830812416048,0.0,0.0,0.0
162.8537810378099,-13.357351635937047,6.73996136471419,0.0,0.0,0.0
162.86414961881323,-13.357808634670937,6.7410921814545945,0.0,0.0,0.0
162.87451812642584,-13.358265942785026,6.742223262644357,0.0,0.0,0.0
162.8848865606832,-13.358723560336017,6.743354608290533,0.0,0.0,0.0
162.89525492162082,-13.359181487380557,6.744486218400137,0.0,0.0,0.0
162.90562320927415,-13.359639723975224,6.745618092980145,0.0,0.0,0.0
162.91599142367883,-13.360098270176557,6.746750232037498,0.0,0.0,0.0
162.9263595648704,-13.360557126041014,6.747882635579097,0.0,0.0,0.0
162.93672763288453,-13.361016291625011,6.749015303611804,0.0,0.0,0.0
162.9470956277569,-13.361475766984901,6.750148236142444,0.0,0.0,0.0
162.95746354952317,-13.361935552176975,6.751281433177801,0.0,0.0,0.0
162.96783139821915,-13.36239564725746,6.752414894724629,0.0,0.0,0.0
162.9781991738806,-13.362856052282543,6.7535486207896325,0.0,0.0,0.0
162.98856687654333,-13.363316767308337,6.754682611379486,0.0,0.0,0.0
162.99893450624324,-13.363777792390893,6.7558168665008225,0.0,0.0,0.0
163.00930206301624,-13.36423912758622,6.756951386160237,0.0,0.0,0.0
163.01966954689817,-13.364700772950256,6.758086170364285,0.0,0.0,0.0
163.03003695792518,-13.365162728538882,6.759221219119488,0.0,0.0,0.0
163.04040429613315,-13.365624994407922,6.76035653243232,0.0,0.0,0.0
163.0507715615582,-13.366087570613136,6.761492110309229,0.0,0.0,0.0
163.0611387542364,-13.36655045721023,6.762627952756614,0.0,0.0,0.0
163.0715058742039,-13.367013654254853,6.7637640597808435,0.0,0.0,0.0
163.08187292149682,-13.367477161802594,6.764900431388241,0.0,0.0,0.0
163.09223989615143,-13.36794097990897,6.766037067585092,0.0,0.0,0.0
163.10260679820396,-13.368405108629462,6.7671739683776515,0.0,0.0,0.0
163.11297362769068,-13.36886954801947,6.768311133772124,0.0,0.0,0.0
163.12334038464792,-13.369334298134353,6.769448563774687,0.0,0.0,0.0
163.13370706911203,-13.369799359029399,6.7705862583914715,0.0,0.0,0.0
163.14407368111944,-13.370264730759837,6.771724217628573,0.0,0.0,0.0
163.15444022070653,-13.370730413380842,6.772862441492046,0.0,0.0,0.0
163.16480668790985,-13.371196406947531,6.774000929987912,0.0,0.0,0.0
163.1751730827658,-13.371662711514952,6.775139683122147,0.0,0.0,0.0
163.1855394053111,-13.372129327138108,6.776278700900693,0.0,0.0,0.0
163.19590565558215,-13.372596253871926,6.7774179833294514,0.0,0.0,0.0
163.2062718336157,-13.373063491771292,6.778557530414284,0.0,0.0,0.0
163.21663793944836,-13.373531040891018,6.7796973421610165,0.0,0.0,0.0
163.22700397311687,-13.373998901285853,6.780837418575435,0.0,0.0,0.0
163.23736993465795,-13.374467073010507,6.781977759663285,0.0,0.0,0.0
163.2477358241084,-13.374935556119613,6.783118365430276,0.0,0.0,0.0
163.25810164150496,-13.37540435066775,6.784259235882076,0.0,0.0,0.0
163.26846738688457,-13.37587345670944,6.785400371024314,0.0,0.0,0.0
163.2788330602841,-13.376342874299139,6.786541770862584,0.0,0.0,0.0
163.28919866174047,-13.37681260349125,6.787683435402437,0.0,0.0,0.0
163.2995641912906,-13.377282644340111,6.788825364649387,0.0,0.0,0.0
163.3099296489716,-13.377752996900004,6.789967558608911,0.0,0.0,0.0
163.32029503482045,-13.378223661225148,6.791110017286443,0.0,0.0,0.0
163.3306603488742,-13.378694637369701,6.792252740687381,0.0,0.0,0.0
163.34102559117008,-13.379165925387785,6.793395728817079,0.0,0.0,0.0
163.35139076174505,-13.379637525333404,6.794538981680861,0.0,0.0,0.0
163.36175586063655,-13.380109437260579,6.7956824992840055,0.0,0.0,0.0
163.37212088788155,-13.38058166122319,6.796826281631753,0.0,0.0,0.0
163.3824858435176,-13.381054197275143,6.797970328729305,0.0,0.0,0.0
163.39285072758173,-13.3815270454702,6.799114640581824,0.0,0.0,0.0
163.40321554011157,-13.382000205862136,6.800259217194435,0.0,0.0,0.0
163.41358028114422,-13.382473678504603,6.801404058572224,0.0,0.0,0.0
163.42394495071733,-13.382947463451252,6.802549164720232,0.0,0.0,0.0
163.43430954886816,-13.383421560755613,6.80369453564347,0.0,0.0,0.0
163.44467407563442,-13.383895970471224,6.8048401713469024,0.0,0.0,0.0
163.45503853105342,-13.38437069265148,6.8059860718354575,0.0,0.0,0.0
163.46540291516294,-13.384845727349814,6.8071322371140255,0.0,0.0,0.0
163.47576722800042,-13.385321074619501,6.808278667187453,0.0,0.0,0.0
163.4861314696037,-13.385796734513836,6.809425362060556,0.0,0.0,0.0
163.49649564001018,-13.386272707085988,6.810572321738099,0.0,0.0,0.0
163.5068597392579,-13.386748992389132,6.811719546224817,0.0,0.0,0.0
163.51722376738434,-13.387225590476312,6.812867035525402,0.0,0.0,0.0
163.52758772442755,-13.387702501400582,6.814014789644508,0.0,0.0,0.0
163.5379516104251,-13.388179725214867,6.815162808586748,0.0,0.0,0.0
163.54831542541513,-13.388657261972096,6.8163110923566945,0.0,0.0,0.0
163.55867916943532,-13.389135111725075,6.817459640958885,0.0,0.0,0.0
163.56904284252383,-13.389613274526617,6.818608454397815,0.0,0.0,0.0
163.57940644471844,-13.390091750429404,6.819757532677938,0.0,0.0,0.0
163.58976997605734,-13.390570539486127,6.820906875803674,0.0,0.0,0.0
163.60013343657846,-13.391049641749346,6.822056483779399,0.0,0.0,0.0
163.61049682632003,-13.391529057271628,6.8232063566094485,0.0,0.0,0.0
163.62086014532002,-13.39200878610542,6.824356494298123,0.0,0.0,0.0
163.6312233936168,-13.392488828303165,6.825506896849684,0.0,0.0,0.0
163.64158657124838,-13.392969183917181,6.826657564268344,0.0,0.0,0.0
163.6519496782532,-13.393449852999801,6.827808496558288,0.0,0.0,0.0
163.66231271466935,-13.39393083560321,6.828959693723656,0.0,0.0,0.0
163.67267568053535,-13.394412131779628,6.830111155768543,0.0,0.0,0.0
163.68303857588938,-13.394893741581123,6.831262882697015,0.0,0.0,0.0
163.69340140077003,-13.395375665059774,6.832414874513091,0.0,0.0,0.0
163.70376415521548,-13.395857902267542,6.833567131220753,0.0,0.0,0.0
163.7141268392645,-13.396340453256387,6.834719652823941,0.0,0.0,0.0
163.72448945295534,-13.396823318078138,6.835872439326561,0.0,0.0,0.0
163.7348519963268,-13.397306496784635,6.837025490732472,0.0,0.0,0.0
163.74521446941714,-13.397789989427586,6.838178807045497,0.0,0.0,0.0
163.75557687226532,-13.398273796058715,6.839332388269421,0.0,0.0,0.0
163.76593920490973,-13.398757916729606,6.840486234407984,0.0,0.0,0.0
163.7763014673893,-13.399242351491853,6.841640345464892,0.0,0.0,0.0
163.78666365974252,-13.39972710039692,6.8427947214438065,0.0,0.0,0.0
163.7970257820084,-13.400212163496288,6.84394936234835,0.0,0.0,0.0
163.8073878342256,-13.400697540841296,6.8451042681821095,0.0,0.0,0.0
163.81774981643298,-13.401183232483278,6.846259438948627,0.0,0.0,0.0
163.82811172866948,-13.401669238473486,6.847414874651405,0.0,0.0,0.0
163.83847357097397,-13.402155558863114,6.84857057529391,0.0,0.0,0.0
163.84883534338545,-13.402642193703294,6.849726540879564,0.0,0.0,0.0
163.85919704594284,-13.403129143045097,6.850882771411752,0.0,0.0,0.0
163.86955867868528,-13.403616406939529,6.85203926689382,0.0,0.0,0.0
163.87992024165175,-13.404103985437544,6.853196027329069,0.0,0.0,0.0
163.8902817348814,-13.404591878590022,6.854353052720765,0.0,0.0,0.0
163.90064315841337,-13.405080086447793,6.855510343072131,0.0,0.0,0.0
163.91100451228687,-13.405568609061623,6.85666789838635,0.0,0.0,0.0
163.92136579654104,-13.406057446482201,6.857825718666569,0.0,0.0,0.0
163.9317270112152,-13.40654659876018,6.8589838039158915,0.0,0.0,0.0
163.94208815634863,-13.407036065946134,6.860142154137376,0.0,0.0,0.0
163.95244923198064,-13.40752584809058,6.861300769334052,0.0,0.0,0.0
163.9628102381506,-13.408015945243976,6.862459649508902,0.0,0.0,0.0
163.97317117489797,-13.408506357456714,6.863618794664864,0.0,0.0,0.0
163.9835320422621,-13.408997084779124,6.864778204804848,0.0,0.0,0.0
163.99389284028257,-13.409488127261477,6.865937879931713,0.0,0.0,0.0
164.00425356899882,-13.409979484953984,6.867097820048282,0.0,0.0,0.0
164.01461422845043,-13.41047115790679,6.868258025157338,0.0,0.0,0.0
164.02497481867698,-13.410963146169978,6.869418495261623,0.0,0.0,0.0
164.0353353397181,-13.411455449793575,6.870579230363836,0.0,0.0,0.0
164.04569579161347,-13.411948068827538,6.871740230466645,0.0,0.0,0.0
164.05605617440276,-13.412441003321767,6.872901495572663,0.0,0.0,0.0
164.06641648812572,-13.412934253326098,6.874063025684479,0.0,0.0,0.0
164.07677673282217,-13.413427818890307,6.875224820804626,0.0,0.0,0.0
164.08713690853185,-13.41392170006411,6.876386880935607,0.0,0.0,0.0
164.09749701529464,-13.414415896897154,6.877549206079882,0.0,0.0,0.0
164.10785705315044,-13.414910409439026,6.878711796239871,0.0,0.0,0.0
164.11821702213913,-13.415405237739254,6.8798746514179525,0.0,0.0,0.0
164.12857692230074,-13.415900381847306,6.881037771616462,0.0,0.0,0.0
164.13893675367524,-13.416395841812582,6.882201156837702,0.0,0.0,0.0
164.14929651630263,-13.416891617684422,6.883364807083925,0.0,0.0,0.0
164.159656210223,-13.417387709512107,6.8845287223573495,0.0,0.0,0.0
164.17001583547645,-13.417884117344846,6.885692902660151,0.0,0.0,0.0
164.18037539210312,-13.418380841231796,6.886857347994468,0.0,0.0,0.0
164.19073488014322,-13.418877881222045,6.888022058362393,0.0,0.0,0.0
164.20109429963696,-13.41937523736463,6.889187033765981,0.0,0.0,0.0
164.2114536506246,-13.419872909708507,6.890352274207246,0.0,0.0,0.0
164.2218129331464,-13.420370898302583,6.8915177796881615,0.0,0.0,0.0
164.23217214724272,-13.420869203195704,6.892683550210659,0.0,0.0,0.0
164.24253129295388,-13.421367824436642,6.893849585776631,0.0,0.0,0.0
164.25289037032036,-13.421866762074115,6.895015886387929,0.0,0.0,0.0
164.26324937938256,-13.422366016156777,6.896182452046364,0.0,0.0,0.0
164.27360832018093,-13.422865586733222,6.897349282753703,0.0,0.0,0.0
164.283967192756,-13.423365473851977,6.89851637851168,0.0,0.0,0.0
164.2943259971483,-13.4238656775615,6.899683739321978,0.0,0.0,0.0
164.30468473339846,-13.424366197910205,6.900851365186247,0.0,0.0,0.0
164.3150434015471,-13.424867034946432,6.90201925610609,0.0,0.0,0.0
164.32540200163484,-13.425368188718451,6.903187412083079,0.0,0.0,0.0
164.3357605337024,-13.425869659274484,6.904355833118735,0.0,0.0,0.0
164.3461189977905,-13.426371446662674,6.905524519214542,0.0,0.0,0.0
164.35647739393994,-13.42687355093112,6.9066934703719465,0.0,0.0,0.0
164.36683572219152,-13.42737597212785,6.907862686592346,0.0,0.0,0.0
164.37719398258602,-13.427878710300815,6.909032167877104,0.0,0.0,0.0
164.38755217516442,-13.428381765497928,6.910201914227543,0.0,0.0,0.0
164.39791029996752,-13.428885137767022,6.911371925644938,0.0,0.0,0.0
164.4082683570364,-13.429388827155872,6.91254220213053,0.0,0.0,0.0
164.41862634641197,-13.429892833712188,6.913712743685515,0.0,0.0,0.0
164.42898426813525,-13.430397157483622,6.914883550311052,0.0,0.0,0.0
164.43934212224733,-13.430901798517757,6.916054622008256,0.0,0.0,0.0
164.4496999087893,-13.431406756862117,6.917225958778201,0.0,0.0,0.0
164.46005762780234,-13.431912032564162,6.918397560621917,0.0,0.0,0.0
164.4704152793275,-13.43241762567129,6.919569427540399,0.0,0.0,0.0
164.48077286340614,-13.432923536230827,6.9207415595346,0.0,0.0,0.0
164.49113038007943,-13.43342976429005,6.921913956605426,0.0,0.0,0.0
164.50148782938865,-13.433936309896165,6.9230866187537465,0.0,0.0,0.0
164.5118452113751,-13.434443173096312,6.924259545980392,0.0,0.0,0.0
164.52220252608018,-13.434950353937575,6.925432738286146,0.0,0.0,0.0
164.53255977354527,-13.435457852466968,6.926606195671754,0.0,0.0,0.0
164.54291695381175,-13.435965668731447,6.92777991813792,0.0,0.0,0.0
164.55327406692115,-13.4364738027779,6.928953905685309,0.0,0.0,0.0
164.56363111291492,-13.436982254653154,6.930128158314539,0.0,0.0,0.0
164.57398809183465,-13.437491024403977,6.931302676026193,0.0,0.0,0.0
164.58434500372186,-13.43800011207706,6.932477458820809,0.0,0.0,0.0
164.5947018486182,-13.438509517719044,6.933652506698883,0.0,0.0,0.0
164.6050586265653,-13.439019241376508,6.934827819660873,0.0,0.0,0.0
164.61541533760482,-13.43952928309595,6.936003397707192,0.0,0.0,0.0
164.62577198177848,-13.44003964292382,6.9371792408382165,0.0,0.0,0.0
164.6361285591281,-13.440550320906503,6.9383553490542775,0.0,0.0,0.0
164.6464850696954,-13.441061317090316,6.939531722355662,0.0,0.0,0.0
164.6568415135222,-13.441572631521511,6.940708360742626,0.0,0.0,0.0
164.66719789065044,-13.442084264246283,6.941885264215368,0.0,0.0,0.0
164.67755420112198,-13.442596215310754,6.943062432774064,0.0,0.0,0.0
164.6879104449787,-13.443108484760995,6.944239866418833,0.0,0.0,0.0
164.6982666222627,-13.443621072643001,6.945417565149761,0.0,0.0,0.0
164.7086227330159,-13.444133979002707,6.946595528966887,0.0,0.0,0.0
164.7189787772803,-13.444647203885987,6.947773757870214,0.0,0.0,0.0
164.72933475509808,-13.445160747338647,6.9489522518597,0.0,0.0,0.0
164.7396906665113,-13.445674609406437,6.9501310109352605,0.0,0.0,0.0
164.75004651156215,-13.446188790135029,6.951310035096772,0.0,0.0,0.0
164.7604022902928,-13.446703289570046,6.952489324344069,0.0,0.0,0.0
164.77075800274548,-13.447218107757037,6.953668878676943,0.0,0.0,0.0
164.78111364896242,-13.447733244741498,6.954848698095143,0.0,0.0,0.0
164.791469228986,-13.448248700568836,6.956028782598382,0.0,0.0,0.0
164.80182474285846,-13.44876447528443,6.957209132186323,0.0,0.0,0.0
164.81218019062223,-13.449280568933565,6.958389746858595,0.0,0.0,0.0
164.82253557231968,-13.44979698156148,6.959570626614777,0.0,0.0,0.0
164.8328908879933,-13.450313713213335,6.960751771454417,0.0,0.0,0.0
164.8432461376855,-13.45083076393424,6.961933181377012,0.0,0.0,0.0
164.85360132143887,-13.451348133769233,6.963114856382019,0.0,0.0,0.0
164.86395643929592,-13.451865822763287,6.964296796468859,0.0,0.0,0.0
164.87431149129924,-13.452383830961313,6.965479001636901,0.0,0.0,0.0
164.88466647749146,-13.452902158408161,6.966661471885484,0.0,0.0,0.0
164.89502139791523,-13.453420805148609,6.967844207213894,0.0,0.0,0.0
164.90537625261328,-13.45393977122738,6.969027207621384,0.0,0.0,0.0
164.91573104162828,-13.454459056689124,6.970210473107159,0.0,0.0,0.0
164.92608576500302,-13.45497866157843,6.971394003670386,0.0,0.0,0.0
164.93644042278032,-13.455498585939822,6.972577799310187,0.0,0.0,0.0
164.94679501500303,-13.456018829817761,6.973761860025646,0.0,0.0,0.0
164.95714954171396,-13.456539393256644,6.974946185815799,0.0,0.0,0.0
164.96750400295613,-13.457060276300801,6.976130776679646,0.0,0.0,0.0
164.97785839877236,-13.4575814789945,6.9773156326161425,0.0,0.0,0.0
164.98821272920574,-13.45810300138194,6.9785007536242025,0.0,0.0,0.0
164.9985669942992,-13.458624843507257,6.979686139702696,0.0,0.0,0.0
165.00892119409588,-13.459147005414529,6.980871790850453,0.0,0.0,0.0
165.01927532863877,-13.459669487147764,6.982057707066261,0.0,0.0,0.0
165.0296293979711,-13.460192288750894,6.983243888348867,0.0,0.0,0.0
165.03998340213596,-13.460715410267813,6.984430334696969,0.0,0.0,0.0
165.0503373411766,-13.461238851742328,6.985617046109234,0.0,0.0,0.0
165.0606912151362,-13.461762613218186,6.986804022584279,0.0,0.0,0.0
165.07104502405804,-13.462286694739072,6.987991264120679,0.0,0.0,0.0
165.08139876798546,-13.462811096348611,6.989178770716969,0.0,0.0,0.0
165.09175244696178,-13.463335818090343,6.990366542371644,0.0,0.0,0.0
165.10210606103033,-13.463860860007774,6.991554579083151,0.0,0.0,0.0
165.1124596102346,-13.464386222144322,6.9927428808498995,0.0,0.0,0.0
