galstreams/tracks/track.po.PS1-D.bernard2016.ecsv
# %ECSV 1.0
# ---
# datatype:
# - {name: ra, unit: deg, datatype: float64}
# - {name: dec, unit: deg, datatype: float64}
# - {name: distance, unit: kpc, datatype: float64}
# - {name: pm_ra_cosdec, unit: mas / yr, datatype: float64}
# - {name: pm_dec, unit: mas / yr, datatype: float64}
# - {name: radial_velocity, unit: km / s, datatype: float64}
# delimiter: ','
# meta: !!omap
# - __serialized_columns__:
#     dec:
#       __class__: astropy.coordinates.angles.Latitude
#       unit: &id001 !astropy.units.Unit {unit: deg}
#       value: !astropy.table.SerializedColumn {name: dec}
#     distance:
#       __class__: astropy.coordinates.distances.Distance
#       unit: !astropy.units.Unit {unit: kpc}
#       value: !astropy.table.SerializedColumn {name: distance}
#     pm_dec:
#       __class__: astropy.units.quantity.Quantity
#       unit: !astropy.units.Unit {unit: mas / yr}
#       value: !astropy.table.SerializedColumn {name: pm_dec}
#     pm_ra_cosdec:
#       __class__: astropy.units.quantity.Quantity
#       unit: !astropy.units.Unit {unit: mas / yr}
#       value: !astropy.table.SerializedColumn {name: pm_ra_cosdec}
#     ra:
#       __class__: astropy.coordinates.angles.Longitude
#       unit: *id001
#       value: !astropy.table.SerializedColumn {name: ra}
#       wrap_angle: !astropy.coordinates.Angle
#         unit: *id001
#         value: 360.0
#     radial_velocity:
#       __class__: astropy.units.quantity.Quantity
#       unit: !astropy.units.Unit {unit: km / s}
#       value: !astropy.table.SerializedColumn {name: radial_velocity}
# schema: astropy-2.0
ra,dec,distance,pm_ra_cosdec,pm_dec,radial_velocity
[from data line 3032]
140.017672196071,8.698456692120153,22.899999999999952,0.0,0.0,0.0
140.01811282102602,8.708449432164432,22.899999999999952,0.0,0.0,0.0
140.01855346952357,8.718442171701545,22.899999999999956,0.0,0.0,0.0
140.01899414159232,8.728434910730885,22.899999999999956,0.0,0.0,0.0
140.01943483726103,8.738427649251818,22.899999999999952,0.0,0.0,0.0
140.0198755565584,8.748420387263739,22.899999999999952,0.0,0.0,0.0
140.02031629951307,8.75841312476602,22.89999999999995,0.0,0.0,0.0
140.0207570661538,8.76840586175804,22.89999999999995,0.0,0.0,0.0
140.02119785650936,8.778398598239196,22.899999999999952,0.0,0.0,0.0
140.02163867060844,8.788391334208852,22.899999999999956,0.0,0.0,0.0
140.02207950847975,8.798384069666401,22.899999999999956,0.0,0.0,0.0
140.0225203701521,8.808376804611216,22.899999999999952,0.0,0.0,0.0
140.02296125565417,8.818369539042678,22.899999999999952,0.0,0.0,0.0
140.02340216501477,8.828362272960172,22.899999999999956,0.0,0.0,0.0
140.0238430982626,8.838355006363075,22.899999999999952,0.0,0.0,0.0
140.0242840554265,8.84834773925077,22.89999999999995,0.0,0.0,0.0
140.0247250365352,8.858340471622636,22.89999999999995,0.0,0.0,0.0
140.02516604161747,8.868333203478048,22.899999999999952,0.0,0.0,0.0
140.0256070707021,8.878325934816399,22.89999999999995,0.0,0.0,0.0
140.0260481238179,8.888318665637053,22.89999999999995,0.0,0.0,0.0
140.02648920099367,8.8983113959394,22.89999999999995,0.0,0.0,0.0
140.02693030225817,8.908304125722816,22.89999999999995,0.0,0.0,0.0
140.02737142764022,8.918296854986679,22.89999999999995,0.0,0.0,0.0
140.02781257716867,8.92828958373037,22.89999999999995,0.0,0.0,0.0
140.02825375087232,8.938282311953268,22.899999999999952,0.0,0.0,0.0
140.02869494878001,8.948275039654755,22.899999999999952,0.0,0.0,0.0
140.02913617092057,8.958267766834204,22.899999999999952,0.0,0.0,0.0
140.02957741732283,8.968260493491,22.89999999999995,0.0,0.0,0.0
140.0300186880156,8.978253219624518,22.89999999999995,0.0,0.0,0.0
140.03045998302778,8.988245945234132,22.89999999999995,0.0,0.0,0.0
140.03090130238823,8.99823867031923,22.899999999999956,0.0,0.0,0.0
140.0313426461258,9.00823139487918,22.899999999999952,0.0,0.0,0.0
140.03178401426933,9.018224118913368,22.899999999999952,0.0,0.0,0.0
140.03222540684777,9.02821684242117,22.899999999999956,0.0,0.0,0.0
140.0326668238899,9.038209565401962,22.899999999999952,0.0,0.0,0.0
140.03310826542472,9.048202287855124,22.89999999999995,0.0,0.0,0.0
140.03354973148103,9.058195009780029,22.899999999999952,0.0,0.0,0.0
140.0339912220878,9.068187731176058,22.89999999999995,0.0,0.0,0.0
140.03443273727387,9.078180452042591,22.89999999999995,0.0,0.0,0.0
140.0348742770682,9.088173172378996,22.89999999999995,0.0,0.0,0.0
140.03531584149974,9.09816589218466,22.899999999999952,0.0,0.0,0.0
140.03575743059733,9.108158611458954,22.89999999999995,0.0,0.0,0.0
140.03619904438997,9.118151330201252,22.899999999999952,0.0,0.0,0.0
140.03664068290658,9.128144048410944,22.899999999999956,0.0,0.0,0.0
140.0370823461761,9.13813676608739,22.899999999999956,0.0,0.0,0.0
140.03752403422746,9.148129483229978,22.89999999999995,0.0,0.0,0.0
140.03796574708966,9.158122199838079,22.899999999999956,0.0,0.0,0.0
140.03840748479163,9.168114915911067,22.899999999999952,0.0,0.0,0.0
140.03884924736232,9.178107631448324,22.899999999999956,0.0,0.0,0.0
140.03929103483077,9.18810034644922,22.899999999999952,0.0,0.0,0.0
140.0397328472259,9.19809306091313,22.899999999999956,0.0,0.0,0.0
140.04017468457675,9.208085774839443,22.899999999999956,0.0,0.0,0.0
140.0406165469123,9.218078488227514,22.899999999999956,0.0,0.0,0.0
140.0410584342615,9.228071201076734,22.899999999999952,0.0,0.0,0.0
140.0415003466534,9.23806391338647,22.89999999999995,0.0,0.0,0.0
140.04194228411703,9.248056625156096,22.899999999999956,0.0,0.0,0.0
140.0423842466814,9.258049336384994,22.899999999999956,0.0,0.0,0.0
140.0428262343755,9.268042047072534,22.899999999999956,0.0,0.0,0.0
140.04326824722838,9.278034757218093,22.899999999999956,0.0,0.0,0.0
140.04371028526913,9.28802746682104,22.89999999999996,0.0,0.0,0.0
140.04415234852672,9.298020175880755,22.899999999999956,0.0,0.0,0.0
140.04459443703024,9.30801288439661,22.899999999999956,0.0,0.0,0.0
140.04503655080873,9.318005592367978,22.899999999999952,0.0,0.0,0.0
140.0454786898913,9.327998299794238,22.899999999999956,0.0,0.0,0.0
140.04592085430698,9.337991006674754,22.899999999999956,0.0,0.0,0.0
140.04636304408484,9.347983713008906,22.899999999999956,0.0,0.0,0.0
140.046805259254,9.357976418796069,22.89999999999996,0.0,0.0,0.0
140.0472474998435,9.367969124035612,22.899999999999956,0.0,0.0,0.0
140.04768976588247,9.377961828726912,22.899999999999956,0.0,0.0,0.0
140.0481320574,9.387954532869337,22.89999999999996,0.0,0.0,0.0
140.04857437442521,9.397947236462265,22.899999999999956,0.0,0.0,0.0
140.04901671698724,9.407939939505068,22.899999999999956,0.0,0.0,0.0
140.04945908511516,9.417932641997114,22.899999999999956,0.0,0.0,0.0
140.04990147883814,9.427925343937783,22.899999999999956,0.0,0.0,0.0
140.05034389818528,9.43791804532644,22.899999999999956,0.0,0.0,0.0
140.05078634318576,9.44791074616246,22.899999999999956,0.0,0.0,0.0
140.05122881386868,9.45790344644522,22.899999999999952,0.0,0.0,0.0
140.05167131026323,9.46789614617408,22.899999999999956,0.0,0.0,0.0
140.0521138323986,9.477888845348426,22.899999999999952,0.0,0.0,0.0
140.0525563803039,9.487881543967616,22.899999999999952,0.0,0.0,0.0
140.0529989540083,9.49787424203103,22.899999999999956,0.0,0.0,0.0
140.05344155354103,9.50786693953804,22.899999999999956,0.0,0.0,0.0
140.05388417893127,9.517859636488014,22.89999999999996,0.0,0.0,0.0
140.05432683020817,9.527852332880324,22.899999999999956,0.0,0.0,0.0
140.05476950740098,9.537845028714335,22.899999999999956,0.0,0.0,0.0
140.05521221053888,9.54783772398943,22.899999999999956,0.0,0.0,0.0
140.0556549396511,9.55783041870497,22.89999999999996,0.0,0.0,0.0
140.05609769476683,9.56782311286033,22.899999999999956,0.0,0.0,0.0
140.0565404759153,9.577815806454879,22.899999999999956,0.0,0.0,0.0
140.0569832831258,9.587808499487986,22.899999999999956,0.0,0.0,0.0
140.0574261164275,9.597801191959022,22.899999999999956,0.0,0.0,0.0
140.05786897584971,9.607793883867357,22.899999999999956,0.0,0.0,0.0
140.0583118614216,9.617786575212362,22.899999999999956,0.0,0.0,0.0
140.05875477317252,9.627779265993407,22.89999999999996,0.0,0.0,0.0
140.0591977111317,9.637771956209855,22.899999999999956,0.0,0.0,0.0
140.05964067532835,9.647764645861082,22.899999999999956,0.0,0.0,0.0
140.06008366579186,9.657757334946462,22.899999999999956,0.0,0.0,0.0
140.06052668255148,9.667750023465352,22.899999999999956,0.0,0.0,0.0
140.06096972563643,9.677742711417126,22.899999999999956,0.0,0.0,0.0
140.0614127950761,9.687735398801152,22.899999999999956,0.0,0.0,0.0
140.06185589089978,9.697728085616808,22.899999999999952,0.0,0.0,0.0
140.06229901313674,9.707720771863444,22.899999999999956,0.0,0.0,0.0
140.06274216181635,9.717713457540446,22.899999999999956,0.0,0.0,0.0
140.06318533696788,9.727706142647172,22.899999999999956,0.0,0.0,0.0
140.06362853862072,9.737698827182992,22.899999999999956,0.0,0.0,0.0
140.06407176680415,9.747691511147277,22.899999999999956,0.0,0.0,0.0
140.0645150215476,9.757684194539392,22.899999999999956,0.0,0.0,0.0
140.06495830288037,9.767676877358705,22.899999999999956,0.0,0.0,0.0
140.0654016108318,9.777669559604583,22.899999999999956,0.0,0.0,0.0
140.0658449454313,9.787662241276395,22.899999999999956,0.0,0.0,0.0
140.06628830670823,9.797654922373507,22.899999999999956,0.0,0.0,0.0
140.06673169469195,9.807647602895292,22.899999999999952,0.0,0.0,0.0
140.06717510941192,9.8176402828411,22.899999999999956,0.0,0.0,0.0
140.06761855089744,9.827632962210314,22.899999999999956,0.0,0.0,0.0
140.06806201917794,9.837625641002301,22.899999999999956,0.0,0.0,0.0
140.06850551428286,9.847618319216416,22.899999999999956,0.0,0.0,0.0
140.06894903624155,9.857610996852037,22.899999999999956,0.0,0.0,0.0
140.0693925850835,9.867603673908516,22.899999999999956,0.0,0.0,0.0
140.06983616083812,9.877596350385232,22.899999999999956,0.0,0.0,0.0
140.07027976353484,9.887589026281551,22.899999999999956,0.0,0.0,0.0
140.07072339320308,9.897581701596827,22.899999999999956,0.0,0.0,0.0
140.07116704987234,9.90757437633044,22.899999999999952,0.0,0.0,0.0
140.07161073357204,9.91756705048174,22.899999999999956,0.0,0.0,0.0
140.07205444433163,9.927559724050102,22.899999999999956,0.0,0.0,0.0
140.0724981821806,9.937552397034894,22.899999999999956,0.0,0.0,0.0
140.07294194714842,9.94754506943547,22.899999999999956,0.0,0.0,0.0
140.07338573926455,9.957537741251208,22.899999999999956,0.0,0.0,0.0
140.07382955855851,9.967530412481459,22.899999999999956,0.0,0.0,0.0
140.07427340505984,9.977523083125595,22.899999999999956,0.0,0.0,0.0
140.07471727879795,9.987515753182986,22.899999999999956,0.0,0.0,0.0
140.0751611798024,9.997508422652986,22.899999999999956,0.0,0.0,0.0
140.0756051081027,10.007501091534966,22.899999999999956,0.0,0.0,0.0
140.07604906372842,10.017493759828282,22.899999999999956,0.0,0.0,0.0
140.076493046709,10.027486427532306,22.899999999999956,0.0,0.0,0.0
140.07693705707405,10.037479094646399,22.89999999999996,0.0,0.0,0.0
140.07738109485308,10.047471761169922,22.899999999999956,0.0,0.0,0.0
140.0778251600757,10.057464427102245,22.899999999999956,0.0,0.0,0.0
140.07826925277138,10.067457092442723,22.89999999999995,0.0,0.0,0.0
140.07871337296973,10.077449757190717,22.899999999999956,0.0,0.0,0.0
140.07915752070036,10.087442421345603,22.899999999999956,0.0,0.0,0.0
140.07960169599278,10.097435084906731,22.89999999999996,0.0,0.0,0.0
140.08004589887662,10.10742774787348,22.899999999999952,0.0,0.0,0.0
140.0804901293815,10.117420410245186,22.899999999999956,0.0,0.0,0.0
140.08093438753693,10.127413072021234,22.899999999999956,0.0,0.0,0.0
140.08137867337265,10.137405733200978,22.899999999999956,0.0,0.0,0.0
140.08182298691818,10.147398393783778,22.899999999999956,0.0,0.0,0.0
140.08226732820313,10.157391053769004,22.899999999999956,0.0,0.0,0.0
140.0827116972572,10.167383713156006,22.89999999999995,0.0,0.0,0.0
140.08315609411,10.17737637194415,22.899999999999952,0.0,0.0,0.0
140.08360051879117,10.187369030132801,22.899999999999956,0.0,0.0,0.0
140.08404497133034,10.197361687721319,22.899999999999956,0.0,0.0,0.0
140.08448945175718,10.207354344709065,22.899999999999956,0.0,0.0,0.0
140.08493396010138,10.2173470010954,22.899999999999956,0.0,0.0,0.0
140.0853784963926,10.227339656879678,22.899999999999956,0.0,0.0,0.0
140.0858230606605,10.23733231206127,22.899999999999956,0.0,0.0,0.0
140.08626765293477,10.24732496663953,22.899999999999956,0.0,0.0,0.0
140.08671227324513,10.257317620613822,22.899999999999956,0.0,0.0,0.0
140.08715692162124,10.2673102739835,22.899999999999956,0.0,0.0,0.0
140.0876015980929,10.277302926747929,22.899999999999956,0.0,0.0,0.0
140.0880463026897,10.287295578906468,22.89999999999996,0.0,0.0,0.0
140.08849103544142,10.297288230458479,22.899999999999956,0.0,0.0,0.0
140.08893579637783,10.30728088140332,22.899999999999956,0.0,0.0,0.0
140.0893805855286,10.317273531740348,22.899999999999956,0.0,0.0,0.0
140.08982540292348,10.32726618146892,22.899999999999956,0.0,0.0,0.0
140.0902702485923,10.337258830588407,22.899999999999956,0.0,0.0,0.0
140.0907151225647,10.34725147909815,22.899999999999956,0.0,0.0,0.0
140.09116002487053,10.357244126997523,22.899999999999956,0.0,0.0,0.0
140.09160495553957,10.367236774285876,22.899999999999956,0.0,0.0,0.0
140.09204991460152,10.377229420962571,22.899999999999956,0.0,0.0,0.0
140.09249490208626,10.387222067026968,22.899999999999956,0.0,0.0,0.0
140.09293991802352,10.397214712478425,22.899999999999956,0.0,0.0,0.0
140.09338496244314,10.407207357316288,22.899999999999956,0.0,0.0,0.0
140.09383003537488,10.417200001539932,22.899999999999956,0.0,0.0,0.0
140.0942751368486,10.427192645148704,22.899999999999956,0.0,0.0,0.0
140.09472026689414,10.43718528814196,22.899999999999956,0.0,0.0,0.0
140.09516542554127,10.44717793051907,22.899999999999956,0.0,0.0,0.0
140.09561061281988,10.45717057227938,22.899999999999956,0.0,0.0,0.0
140.0960558287598,10.467163213422246,22.89999999999996,0.0,0.0,0.0
140.0965010733909,10.477155853947036,22.899999999999956,0.0,0.0,0.0
140.09694634674298,10.487148493853098,22.899999999999956,0.0,0.0,0.0
140.09739164884596,10.497141133139793,22.899999999999956,0.0,0.0,0.0
140.09783697972972,10.50713377180646,22.89999999999996,0.0,0.0,0.0
140.0982823394241,10.517126409852482,22.899999999999956,0.0,0.0,0.0
140.09872772795904,10.527119047277207,22.899999999999956,0.0,0.0,0.0
140.0991731453644,10.53711168407997,22.899999999999956,0.0,0.0,0.0
140.0996185916701,10.54710432026016,22.89999999999996,0.0,0.0,0.0
140.10006406690607,10.557096955817112,22.899999999999956,0.0,0.0,0.0
140.10050957110218,10.567089590750177,22.899999999999956,0.0,0.0,0.0
140.10095510428837,10.577082225058726,22.899999999999956,0.0,0.0,0.0
140.1014006664946,10.58707485874211,22.899999999999956,0.0,0.0,0.0
140.10184625775085,10.597067491799674,22.899999999999956,0.0,0.0,0.0
140.10229187808696,10.607060124230781,22.899999999999956,0.0,0.0,0.0
140.10273752753298,10.617052756034784,22.899999999999956,0.0,0.0,0.0
140.1031832061188,10.627045387211039,22.899999999999956,0.0,0.0,0.0
140.1036289138745,10.637038017758895,22.899999999999956,0.0,0.0,0.0
140.10407465082994,10.647030647677715,22.899999999999956,0.0,0.0,0.0
140.10452041701518,10.657023276966846,22.899999999999952,0.0,0.0,0.0
140.10496621246017,10.667015905625641,22.899999999999952,0.0,0.0,0.0
140.10541203719495,10.67700853365346,22.899999999999952,0.0,0.0,0.0
140.10585789124949,10.687001161049652,22.899999999999956,0.0,0.0,0.0
140.1063037746538,10.696993787813572,22.899999999999956,0.0,0.0,0.0
140.10674968743797,10.70698641394457,22.899999999999956,0.0,0.0,0.0
140.107195629632,10.716979039442002,22.899999999999956,0.0,0.0,0.0
140.1076416012659,10.726971664305227,22.899999999999956,0.0,0.0,0.0
140.10808760236972,10.736964288533578,22.899999999999956,0.0,0.0,0.0
140.10853363297358,10.746956912126429,22.899999999999956,0.0,0.0,0.0
140.10897969310744,10.756949535083127,22.899999999999956,0.0,0.0,0.0
140.10942578280142,10.766942157403008,22.899999999999956,0.0,0.0,0.0
140.10987190208564,10.77693477908545,22.899999999999956,0.0,0.0,0.0
140.11031805099012,10.78692740012979,22.899999999999956,0.0,0.0,0.0
140.11076422954497,10.796920020535373,22.899999999999956,0.0,0.0,0.0
140.1112104377803,10.806912640301567,22.899999999999956,0.0,0.0,0.0
140.11165667572618,10.816905259427717,22.899999999999956,0.0,0.0,0.0
140.11210294341276,10.826897877913172,22.899999999999956,0.0,0.0,0.0
140.11254924087018,10.836890495757274,22.899999999999956,0.0,0.0,0.0
140.11299556812853,10.846883112959395,22.899999999999956,0.0,0.0,0.0
140.11344192521796,10.856875729518874,22.899999999999956,0.0,0.0,0.0
140.11388831216863,10.866868345435053,22.899999999999956,0.0,0.0,0.0
140.1143347290107,10.876860960707297,22.899999999999956,0.0,0.0,0.0
140.11478117577428,10.886853575334955,22.899999999999956,0.0,0.0,0.0
140.11522765248955,10.896846189317364,22.899999999999952,0.0,0.0,0.0
140.11567415918674,10.906838802653887,22.899999999999952,0.0,0.0,0.0
140.116120695896,10.916831415343866,22.899999999999956,0.0,0.0,0.0
140.11656726264752,10.926824027386662,22.899999999999956,0.0,0.0,0.0
140.11701385947148,10.936816638781606,22.899999999999956,0.0,0.0,0.0
140.1174604863981,10.946809249528064,22.899999999999956,0.0,0.0,0.0
140.11790714345761,10.956801859625378,22.899999999999956,0.0,0.0,0.0
140.11835383068023,10.96679446907289,22.899999999999956,0.0,0.0,0.0
140.11880054809617,10.976787077869965,22.899999999999956,0.0,0.0,0.0
140.1192472957357,10.986779686015941,22.89999999999996,0.0,0.0,0.0
140.11969407362903,10.996772293510164,22.899999999999956,0.0,0.0,0.0
140.12014088180644,11.006764900351993,22.899999999999956,0.0,0.0,0.0
140.12058772029815,11.016757506540763,22.899999999999956,0.0,0.0,0.0
140.12103458913447,11.026750112075835,22.899999999999952,0.0,0.0,0.0
140.12148148834567,11.036742716956539,22.899999999999956,0.0,0.0,0.0
