galstreams/tracks/track.st.NGC6397.ibata2021.ecsv
# %ECSV 0.9
# ---
# datatype:
# - {name: ra, unit: deg, datatype: float64}
# - {name: dec, unit: deg, datatype: float64}
# - {name: distance, unit: kpc, datatype: float64}
# - {name: pm_ra_cosdec, unit: mas / yr, datatype: float64}
# - {name: pm_dec, unit: mas / yr, datatype: float64}
# - {name: radial_velocity, unit: km / s, datatype: float64}
# delimiter: ','
# meta: !!omap
# - __serialized_columns__:
#     dec:
#       __class__: astropy.coordinates.angles.Latitude
#       unit: &id001 !astropy.units.Unit {unit: deg}
#       value: !astropy.table.SerializedColumn {name: dec}
#     distance:
#       __class__: astropy.coordinates.distances.Distance
#       unit: !astropy.units.Unit {unit: kpc}
#       value: !astropy.table.SerializedColumn {name: distance}
#     pm_dec:
#       __class__: astropy.units.quantity.Quantity
#       unit: !astropy.units.Unit {unit: mas / yr}
#       value: !astropy.table.SerializedColumn {name: pm_dec}
#     pm_ra_cosdec:
#       __class__: astropy.units.quantity.Quantity
#       unit: !astropy.units.Unit {unit: mas / yr}
#       value: !astropy.table.SerializedColumn {name: pm_ra_cosdec}
#     ra:
#       __class__: astropy.coordinates.angles.Longitude
#       unit: *id001
#       value: !astropy.table.SerializedColumn {name: ra}
#       wrap_angle: !astropy.coordinates.Angle
#         unit: *id001
#         value: 360.0
#     radial_velocity:
#       __class__: astropy.units.quantity.Quantity
#       unit: !astropy.units.Unit {unit: km / s}
#       value: !astropy.table.SerializedColumn {name: radial_velocity}
# schema: astropy-2.0
ra,dec,distance,pm_ra_cosdec,pm_dec,radial_velocity
[from data line 819]
272.1244286378844,-53.81829974903447,2.515467574425466,4.247491245666637,-16.49818697462294,-5.0524602779234026e-14
272.14115952381127,-53.81915291441695,2.5155698961980573,4.249729018367706,-16.495473233927182,-6.73661370389787e-14
272.15789053464204,-53.82000684301138,2.5156721296663895,4.251966313948158,-16.492759562344386,-3.368306851948935e-14
272.1746216744655,-53.82086152243961,2.5157742749682668,4.254203136420716,-16.490045962624443,-5.0524602779234026e-14
272.19135294735145,-53.821716940321735,2.515876332241494,4.2564394897959765,-16.487332437514993,-3.368306851948935e-14
272.20808435734966,-53.82257308427605,2.5159783016238753,4.258675378082183,-16.484618989761525,-5.0524602779234026e-14
272.2248159084908,-53.82342994191901,2.5160801832532145,4.260910805285345,-16.48190562210725,-1.6841534259744676e-14
272.2415476047864,-53.824287500865324,2.5161819772673164,4.263145775409322,-16.479192337293167,-1.6841534259744676e-14
272.2582794502281,-53.82514574872788,2.516283683803985,4.265380292455647,-16.476479138058092,-1.0104920555846805e-13
272.27501144878823,-53.82600467311781,2.516385303001025,4.267614360423608,-16.473766027138613,-6.73661370389787e-14
272.29174360442005,-53.82686426164449,2.5164868349962397,4.269847983310343,-16.471053007269074,-5.0524602779234026e-14
272.308475921057,-53.827724501915476,2.516588279927434,4.2720811651106585,-16.468340081181655,-6.73661370389787e-14
272.32520840261316,-53.828585381536634,2.5166896379324126,4.274313909817154,-16.4656272516063,-6.73661370389787e-14
272.3419410529835,-53.82944688811204,2.5167909091489795,4.276546221420243,-16.46291452127075,-6.73661370389787e-14
272.358673876043,-53.830309009244026,2.5168920937149384,4.278778103908014,-16.46020189290054,-3.368306851948935e-14
272.3754068756477,-53.83117173253321,2.516993191768094,4.281009561266395,-16.45748936921901,-5.0524602779234026e-14
272.39214005563394,-53.83203504557845,2.5170942034462502,4.283240597479072,-16.454776952947295,-6.73661370389787e-14
272.40887341981846,-53.832898935976914,2.517195128887212,4.285471216527424,-16.452064646804335,-8.420767129872338e-14
272.42560697199906,-53.833763391324005,2.5172959682287837,4.287701422390732,-16.449352453506837,-8.420767129872338e-14
272.4423407159536,-53.83462839921349,2.5173967216087685,4.289931219045935,-16.446640375769363,-5.0524602779234026e-14
272.4590746554405,-53.83549394723735,2.517497389164971,4.29216061046776,-16.44392841630426,-8.420767129872338e-14
272.475808794199,-53.836360022985936,2.5175979710351966,4.294389600628777,-16.441216577821656,-6.73661370389787e-14
272.4925431359486,-53.83722661404786,2.5176984673572482,4.296618193499225,-16.438504863029532,-6.73661370389787e-14
272.50927768438964,-53.83809370801009,2.517798878268931,4.298846393047235,-16.435793274633635,0.0
272.5260124432025,-53.83896129245788,2.5178992039080486,4.3010742032385965,-16.433081815337566,-6.73661370389787e-14
272.54274741604837,-53.83982935497485,2.5179994444124056,4.30330162803693,-16.43037048784272,-8.420767129872338e-14
272.5594826065691,-53.84069788314296,2.518099599919807,4.30552867140365,-16.427659294848297,-6.73661370389787e-14
272.57621801838667,-53.84156686454246,2.518199670568055,4.30775533729793,-16.424948239051332,-6.73661370389787e-14
272.59295365510366,-53.842436286752005,2.5182996564949565,4.309981629676679,-16.422237323146682,-1.0104920555846805e-13
272.6096895203035,-53.843306137348584,2.518399557838314,4.312207552494677,-16.41952654982699,-1.0104920555846805e-13
272.62642561754967,-53.844176403907575,2.518499374735932,4.314433109704412,-16.41681592178277,-1.1789073981821273e-13
272.6431619503862,-53.845047074002686,2.5185991073256155,4.316658305256141,-16.414105441702336,-8.420767129872338e-14
272.65989852233787,-53.84591813520605,2.518698755745168,4.318883143097993,-16.41139511227182,-3.368306851948935e-14
272.67663533690956,-53.846789575088124,2.518798320132394,4.321107627175767,-16.408684936175206,-6.73661370389787e-14
272.69337239758715,-53.84766138121781,2.518897800625098,4.323331761433156,-16.40597491609427,-6.73661370389787e-14
272.71010970783635,-53.84853354116241,2.5189971973610836,4.325555549811546,-16.403265054708662,0.0
272.7268472711036,-53.84940604248759,2.519096510478156,4.327778996250122,-16.400555354695843,0.0
272.7435850908161,-53.85027887275743,2.519195740114119,4.330002104685934,-16.3978458187311,-6.73661370389787e-14
272.7603231703811,-53.851152019534496,2.5192948864067772,4.332224879053738,-16.39513644948758,-6.73661370389787e-14
272.7770615131863,-53.85202547037969,2.519393949493934,4.334447323286076,-16.39242724963625,-6.73661370389787e-14
272.7938001226002,-53.85289921285241,2.5194929295133943,4.336669441313357,-16.389718221845918,-6.73661370389787e-14
272.8105390019714,-53.85377323451045,2.519591826602963,4.338891237063701,-16.38700936878324,-8.420767129872338e-14
272.8272781546289,-53.85464752291008,2.519690640900443,4.34111271446303,-16.38430069311272,-5.0524602779234026e-14
272.8440175838825,-53.855522065606024,2.51978937254364,4.3433338774351045,-16.381592197496687,-1.6841534259744676e-14
272.86075729302195,-53.85639685015141,2.5198880216703574,4.345554729901418,-16.37888388459534,-8.420767129872338e-14
272.87749728531793,-53.85727186409794,2.5199865884183996,4.347775275781328,-16.3761757570667,-3.368306851948935e-14
272.89423756402107,-53.858147094995665,2.5200850729255713,4.349995518991912,-16.37346781756667,-3.368306851948935e-14
272.9109781323625,-53.8590225303932,2.520183475329676,4.352215463448056,-16.370760068748993,-5.0524602779234026e-14
272.9277189935541,-53.8598981578376,2.5202817957685175,4.354435113062509,-16.368052513265248,-5.0524602779234026e-14
272.94446015078773,-53.860773964874475,2.5203800343799023,4.3566544717457445,-16.365345153764874,-1.6841534259744676e-14
272.9612016072358,-53.86164993904783,2.520478191301632,4.35887354340604,-16.3626379928952,0.0
272.97794336605125,-53.86252606790028,2.520576266671513,4.361092331949519,-16.359931033301365,-6.73661370389787e-14
272.99468543036716,-53.86340233897292,2.5206742606273487,4.363310841280055,-16.357224277626404,-3.368306851948935e-14
273.01142780329707,-53.86427873980533,2.5207721733069435,4.365529075299335,-16.35451772851119,-3.368306851948935e-14
273.028170487935,-53.865155257935655,2.5208700048481005,4.367747037906867,-16.35181138859449,-6.73661370389787e-14
273.0449134873551,-53.86603188090055,2.520967755388626,4.369964732999928,-16.349105260512903,-6.73661370389787e-14
273.0616568046123,-53.866908596235255,2.5210654250663236,4.372182164473647,-16.346399346900903,-6.73661370389787e-14
273.0784004427415,-53.8677853914735,2.5211630140189967,4.374399336220908,-16.34369365039085,-8.420767129872338e-14
273.09514440475795,-53.86866225414761,2.521260522384451,4.37661625213238,-16.340988173612967,-3.368306851948935e-14
273.1118886936576,-53.869539171788425,2.521357950300489,4.378832916096633,-16.33828291919534,-5.0524602779234026e-14
273.1286333124164,-53.87041613192541,2.5214552979049167,4.381049331999945,-16.335577889763925,-5.0524602779234026e-14
273.14537826399066,-53.87129312208657,2.521552565335537,4.383265503726424,-16.332873087942584,-3.368306851948935e-14
273.16212355131734,-53.8721701297985,2.521649752730155,4.385481435158033,-16.330168516353012,-8.420767129872338e-14
273.1788691773134,-53.8730471425864,2.5217468602265747,4.387697130174509,-16.327464177614814,-1.6841534259744676e-14
273.1956151448762,-53.873924147974,2.5218438879625995,4.389912592653363,-16.324760074345484,-5.0524602779234026e-14
273.21236145688357,-53.87480113348371,2.5219408360760363,4.392127826470002,-16.32205620916035,-5.0524602779234026e-14
273.22910811619334,-53.875678086636505,2.5220377047046862,4.394342835497534,-16.31935258467268,-8.420767129872338e-14
273.245855125644,-53.876554994952016,2.5221344939863566,4.396557623606997,-16.31664920349358,-1.6841534259744676e-14
273.26260248805426,-53.87743184594843,2.522231204058849,4.398772194667158,-16.313946068232088,-5.0524602779234026e-14
273.2793502062227,-53.878308627142594,2.5223278350599685,4.400986552544586,-16.311243181495104,-6.73661370389787e-14
273.29609828292894,-53.879185326050035,2.52242438712752,4.403200701103769,-16.308540545887404,-6.73661370389787e-14
273.3128467209323,-53.88006193018485,2.522520860399307,4.405414644206894,-16.305838164011696,-8.420767129872338e-14
273.3295955229725,-53.88093842705983,2.5226172550131354,4.4076283857139975,-16.30313603846856,-6.73661370389787e-14
273.3463446917698,-53.88181480418642,2.522713571106807,4.409841929482988,-16.300434171856462,-6.73661370389787e-14
273.36309423002433,-53.8826910490747,2.5228098088181277,4.412055279369519,-16.29773256677179,-5.0524602779234026e-14
273.3798441404168,-53.88356714923344,2.5229059682849018,4.414268439227084,-16.295031225808803,-3.368306851948935e-14
273.3965944256081,-53.88444309217011,2.523002049644933,4.416481412907024,-16.29233015155968,-6.73661370389787e-14
273.4133450882393,-53.8853188653908,2.523098053036026,4.418694204258459,-16.28962934661449,-5.0524602779234026e-14
273.4300961309318,-53.88619445640035,2.523193978595984,4.420906817128369,-16.286928813561232,-1.6841534259744676e-14
273.4468475562872,-53.88706985270227,2.5232898264626127,4.423119255361508,-16.28422855498578,-3.368306851948935e-14
273.4635993668873,-53.88794504179879,2.5233855967737155,4.425331522800489,-16.281528573471928,-3.368306851948935e-14
273.48035156529437,-53.8888200111908,2.5234812896670973,4.427543623285756,-16.27882887160137,-3.368306851948935e-14
273.49710415405053,-53.88969474837799,2.5235769052805606,4.429755560655527,-16.276129451953732,-3.368306851948935e-14
273.5138571356784,-53.89056924085872,2.523672443751913,4.4319673387458725,-16.27343031710653,-5.0524602779234026e-14
273.5306105126807,-53.89144347613007,2.523767905218956,4.434178961390708,-16.270731469635212,-5.0524602779234026e-14
273.54736428754063,-53.8923174416879,2.523863289819495,4.4363904324217645,-16.268032912113114,-3.368306851948935e-14
273.56411846272107,-53.89319112502679,2.5239585976913332,4.438601755668567,-16.265334647111533,-6.73661370389787e-14
273.58087304066555,-53.894064513640075,2.5240538289722765,4.440812934958497,-16.26263667719964,-6.73661370389787e-14
273.5976280237977,-53.89493759501983,2.5241489838001283,4.443023974116785,-16.259939004944545,-1.6841534259744676e-14
273.6143834145213,-53.895810356656945,2.524244062312693,4.445234876966431,-16.257241632911295,-3.368306851948935e-14
273.6311392152202,-53.89668278604103,2.5243390646477746,4.447445647328318,-16.254544563662844,-5.0524602779234026e-14
273.6478954282586,-53.89755487066051,2.524433990943178,4.449656289021133,-16.251847799760075,-5.0524602779234026e-14
273.6646520559809,-53.89842659800257,2.5245288413367057,4.451866805861413,-16.249151343761802,0.0
273.68140910071156,-53.89929795555319,2.524623615966165,4.4540772016635,-16.24645519822475,-3.368306851948935e-14
273.69816656475524,-53.90016893079716,2.5247183149693577,4.456287480239595,-16.243759365703607,-5.0524602779234026e-14
273.7149244503967,-53.90103951121808,2.5248129384840876,4.458497645399723,-16.241063848750972,-8.420767129872338e-14
273.7316827599011,-53.90190968429837,2.5249074866481624,4.460707700951739,-16.23836864991737,-6.73661370389787e-14
273.7484414955134,-53.90277943751923,2.525001959599383,4.462917650701341,-16.235673771751284,-5.0524602779234026e-14
273.76520065945897,-53.90364875836072,2.5250963574755554,4.465127498452052,-16.232979216799116,-5.0524602779234026e-14
273.7819602539432,-53.904517634301726,2.525190680414483,4.467337248005243,-16.23028498760523,-6.73661370389787e-14
273.79872028115165,-53.905386052819985,2.5252849285539702,4.469546903160123,-16.2275910867119,-5.0524602779234026e-14
273.81548074325,-53.90625400139207,2.5253791020318226,4.4717564677137265,-16.22489751665936,-1.6841534259744676e-14
273.83224164238413,-53.90712146749339,2.5254732009858425,4.473965945460936,-16.22220427998579,-3.368306851948935e-14
273.8490029806798,-53.907988438598245,2.5255672255538344,4.476175340194472,-16.219511379227313,-6.73661370389787e-14
273.8657647602432,-53.908854902179804,2.5256611758736045,4.4783846557049065,-16.216818816917986,-6.73661370389787e-14
273.8825269831604,-53.90972084571008,2.525755052082955,4.48059389578063,-16.214126595589835,-3.368306851948935e-14
273.89928965149767,-53.91058625666,2.525848854319691,4.482803064207886,-16.211434717772832,-6.73661370389787e-14
273.9160527673014,-53.91145112249936,2.525942582721617,4.485012164770767,-16.20874318599489,-5.0524602779234026e-14
273.93281633259795,-53.91231543069684,2.526036237426537,4.487221201251213,-16.206052002781888,-6.73661370389787e-14
273.94958034939395,-53.91317916872007,2.5261298185722545,4.489430177429005,-16.203361170657644,-1.6841534259744676e-14
273.96634481967584,-53.91404232403553,2.526223326296575,4.491639097081737,-16.20067069214397,-6.73661370389787e-14
273.9831097454105,-53.91490488410866,2.5263167607373025,4.493847963984892,-16.197980569760585,-5.0524602779234026e-14
273.9998751285446,-53.91576683640381,2.5264101220322415,4.4960567819117925,-16.195290806025206,-5.0524602779234026e-14
274.01664097100485,-53.91662816838424,2.5265034103191955,4.498265554633577,-16.19260140345351,-6.73661370389787e-14
274.0334072746984,-53.917488867512176,2.5265966257359693,4.5004742859192834,-16.18991236455911,-3.368306851948935e-14
274.0501740415119,-53.91834892124875,2.5266897684203666,4.502682979535755,-16.187223691853625,-1.6841534259744676e-14
274.06694127331247,-53.91920831705409,2.526782838510192,4.504891639247689,-16.18453538784662,-6.73661370389787e-14
274.08370897194715,-53.92006704238726,2.5268758361432506,4.507100268817656,-16.181847455045613,-5.0524602779234026e-14
274.100477139243,-53.92092508470628,2.526968761457345,4.5093088720060885,-16.179159895956122,-3.368306851948935e-14
274.1172457770071,-53.92178243146816,2.527061614590281,4.5115174525712005,-16.17647271308162,-1.6841534259744676e-14
274.1340148870266,-53.922639070128845,2.5271543956798617,4.513726014269143,-16.173785908923563,-6.73661370389787e-14
274.15078447106856,-53.923494988143325,2.5272471048638923,4.515934560853875,-16.17109948598137,-5.0524602779234026e-14
274.1675545308803,-53.92435017296554,2.5273397422801778,4.5181430960772175,-16.16841344675244,-1.6841534259744676e-14
274.18432506818897,-53.92520461204843,2.527432308066519,4.520351623688863,-16.165727793732177,-3.368306851948935e-14
274.2010960847017,-53.926058292843955,2.527524802360724,4.52256014743632,-16.16304252941392,-6.73661370389787e-14
274.2178675821056,-53.92691120280312,2.527617225300596,4.524768671064979,-16.160357656289044,-3.368306851948935e-14
274.2346395620681,-53.92776332937584,2.5277095770239386,4.526977198318117,-16.15767317684685,-5.0524602779234026e-14
274.25141202623615,-53.9286146600112,2.527801857668556,4.529185732936817,-16.154989093574663,-3.368306851948935e-14
274.268184976237,-53.929465182157195,2.5278940673722525,4.5313942786600565,-16.152305408957794,-3.368306851948935e-14
274.2849584136778,-53.93031488326093,2.5279862062728333,4.533602839224642,-16.149622125479528,-3.368306851948935e-14
274.30173234014575,-53.93116375076853,2.528078274508102,4.535811418365274,-16.146939245621144,-5.0524602779234026e-14
274.3185067572078,-53.9320117721252,2.528170272215863,4.538020019814489,-16.144256771861915,-5.0524602779234026e-14
274.33528166641105,-53.932858934775155,2.5282621995339203,4.540228647302716,-16.141574706679123,-5.0524602779234026e-14
274.3520570692825,-53.93370522616173,2.5283540566000795,4.54243730455819,-16.13889305254801,-5.0524602779234026e-14
274.36883296732924,-53.9345506337273,2.5284458435521424,4.5446459953070875,-16.13621181194185,-8.420767129872338e-14
274.385609362038,-53.93539514491336,2.5285375605279157,4.546854723273377,-16.133530987331902,-1.6841534259744676e-14
274.40238625487575,-53.936238747160424,2.528629207665202,4.54906349217893,-16.130850581187417,-3.368306851948935e-14
