galstreams/tracks/track.st.NGC6101.ibata2021.ecsv
# %ECSV 1.0
# ---
# datatype:
# - {name: ra, unit: deg, datatype: float64}
# - {name: dec, unit: deg, datatype: float64}
# - {name: distance, unit: kpc, datatype: float64}
# - {name: pm_ra_cosdec, unit: mas / yr, datatype: float64}
# - {name: pm_dec, unit: mas / yr, datatype: float64}
# - {name: radial_velocity, unit: km / s, datatype: float64}
# delimiter: ','
# meta: !!omap
# - __serialized_columns__:
#     dec:
#       __class__: astropy.coordinates.angles.Latitude
#       unit: &id001 !astropy.units.Unit {unit: deg}
#       value: !astropy.table.SerializedColumn {name: dec}
#     distance:
#       __class__: astropy.coordinates.distances.Distance
#       unit: !astropy.units.Unit {unit: kpc}
#       value: !astropy.table.SerializedColumn {name: distance}
#     pm_dec:
#       __class__: astropy.units.quantity.Quantity
#       unit: !astropy.units.Unit {unit: mas / yr}
#       value: !astropy.table.SerializedColumn {name: pm_dec}
#     pm_ra_cosdec:
#       __class__: astropy.units.quantity.Quantity
#       unit: !astropy.units.Unit {unit: mas / yr}
#       value: !astropy.table.SerializedColumn {name: pm_ra_cosdec}
#     ra:
#       __class__: astropy.coordinates.angles.Longitude
#       unit: *id001
#       value: !astropy.table.SerializedColumn {name: ra}
#       wrap_angle: !astropy.coordinates.Angle
#         unit: *id001
#         value: 360.0
#     radial_velocity:
#       __class__: astropy.units.quantity.Quantity
#       unit: !astropy.units.Unit {unit: km / s}
#       value: !astropy.table.SerializedColumn {name: radial_velocity}
# schema: astropy-2.0
ra,dec,distance,pm_ra_cosdec,pm_dec,radial_velocity
[from data line 272]
250.97785926978455,-71.61816689101208,15.224968156365515,1.5604184907847682,-0.38244428220362114,2.1051917824680845e-15
251.0062657743179,-71.6136525352821,15.223908452002327,1.5605295433223356,-0.381849452279607,-1.3683746586042549e-14
251.03466242592881,-71.60913667568649,15.222835096641054,1.560641374692099,-0.3812471342851834,-7.368171238638296e-15
251.06304922967988,-71.60461931234853,15.221748163559976,1.560753973930595,-0.3806373529941672,-2.6314897280851057e-14
251.09142619062789,-71.60010044539027,15.220647726037388,1.56086733013002,-0.38002013319230554,1.473634247727659e-14
251.1197933138227,-71.59558007493241,15.219533857351564,1.5609814324381848,-0.3793954996772242,-1.0525958912340423e-14
251.1481506043075,-71.5910582010945,15.218406630780796,1.5610962700584745,-0.3787634772583491,6.315575347404253e-15
251.1764980671192,-71.58653482399474,15.21726611960337,1.5612118322498139,-0.37812409075681297,-1.1578554803574466e-14
251.20483570728783,-71.58200994375021,15.216112397097566,1.5613281083266215,-0.37747736500540435,-9.47336302110638e-15
251.23316352983727,-71.57748356047664,15.214945536541677,1.5614450876587755,-0.3768233248484628,-2.2104513715914887e-14
251.2614815397843,-71.57295567428861,15.213765611213978,1.5615627596715695,-0.37616199514183324,-1.0525958912340423e-14
251.2897897421398,-71.56842628529935,15.212572694392762,1.5616811138456768,-0.3754934007527603,-2.6314897280851057e-14
251.3180881419074,-71.56389539362105,15.211366859356312,1.5618001397171049,-0.3748175665598404,-3.1577876737021266e-15
251.34637674408472,-71.5593629993645,15.21014817938291,1.561919826877163,-0.3741345174529235,9.47336302110638e-15
251.37465555366276,-71.55482910263932,15.208916727750845,1.5620401649724172,-0.3734442783330466,-8.420767129872338e-15
251.40292457562563,-71.550293703554,15.2076725777384,1.56216114370465,-0.3727468741123687,-3.1577876737021266e-15
251.43118381495148,-71.54575680221568,15.206415802623868,1.5622827528308247,-0.37204232971407153,-9.47336302110638e-15
251.45943327661132,-71.5412183987304,15.20514647568552,1.5624049821630412,-0.3713306700723138,7.368171238638296e-15
251.48767296557017,-71.53667849320288,15.203864670201648,1.562527821568499,-0.3706119201321277,-1.473634247727659e-14
251.51590288678608,-71.53213708573682,15.202570459450545,1.5626512609694534,-0.36988610484936996,2.1051917824680845e-15
251.54412304521085,-71.52759417643453,15.201263916710483,1.562775290343181,-0.3691532491906279,-1.6841534259744676e-14
251.57233344579,-71.5230497653972,15.199945115259755,1.5628998997219359,-0.36841337813314656,-1.0525958912340423e-14
251.6005340934619,-71.51850385272488,15.198614128376647,1.5630250791929072,-0.36766651666477745,-1.6841534259744676e-14
251.6287249931591,-71.51395643851635,15.197271029339435,1.563150818898188,-0.3669126897838671,7.368171238638296e-15
251.65690614980699,-71.50940752286925,15.195915891426415,1.5632771090347206,-0.36615192249922324,-4.210383564936169e-15
251.68507756832514,-71.50485710588003,15.194548787915867,1.5634039398542725,-0.36538423983000007,0.0
251.713239253626,-71.50030518764396,15.193169792086078,1.5635313016633834,-0.364609666805665,-5.2629794561702115e-15
251.74139121061617,-71.49575176825515,15.191778977215332,1.5636591848233334,-0.36382822846588625,5.2629794561702115e-15
251.76953344419508,-71.49119684780653,15.19037641658191,1.5637875797500964,-0.3630399498604977,-5.2629794561702115e-15
251.79766595925622,-71.48664042638987,15.188962183464104,1.5639164769143046,-0.362244856049391,-1.0525958912340423e-15
251.8257887606866,-71.48208250409573,15.1875363511402,1.5640458668412065,-0.3614429721024601,-6.315575347404253e-15
251.85390185336627,-71.47752308101359,15.186098992888478,1.564175740110624,-0.3606343230995366,2.1051917824680845e-15
251.88200524216944,-71.4729621572317,15.184650181987225,1.5643060873569163,-0.35981893413029165,4.210383564936169e-15
251.9100989319632,-71.46839973283726,15.183189991714723,1.5644368992689346,-0.35899683029419316,-2.1051917824680845e-15
251.93818292760898,-71.46383580791617,15.181718495349262,1.5645681665899887,-0.3581680367004007,2.1051917824680845e-15
251.96625723396087,-71.45927038255336,15.180235766169128,1.5646998801177971,-0.3573325784677278,6.315575347404253e-15
251.99432185586718,-71.45470345683248,15.178741877452596,1.564832030704455,-0.35649048072454054,-1.2631150694808506e-14
252.02237679816974,-71.45013503083605,15.17723690247797,1.5649646092563898,-0.3556417686086931,-3.0525280845787224e-14
252.0504220657035,-71.4455651046456,15.17572091452352,1.565097606734319,-0.35478646726747504,-1.1578554803574466e-14
252.07845766329748,-71.44099367834133,15.174193986867532,1.565231014153214,-0.35392460185750674,1.1578554803574466e-14
252.10648359577368,-71.43642075200249,15.172656192788297,1.5653648225822543,-0.35305619754470463,-1.6841534259744676e-14
252.13449986794848,-71.43184632570706,15.171107605564098,1.5654990231447932,-0.3521812795041651,0.0
252.16250648463102,-71.42727039953199,15.169548298473218,1.5656336070183086,-0.35129987292014175,1.1578554803574466e-14
252.19050345062467,-71.42269297355308,15.16797834479394,1.565768565434373,-0.3504120029859311,-1.0525958912340423e-15
252.21849077072582,-71.41811404784508,15.16639781780456,1.5659038896785982,-0.3495176949038366,-1.9999321933446802e-14
252.246468449725,-71.41353362248152,15.16480679078335,1.5660395710906123,-0.3486169738850672,-7.368171238638296e-15
252.27443649240615,-71.40895169753489,15.163205337008607,1.5661756010640056,-0.3477098651496835,-8.420767129872338e-15
252.3023949035465,-71.40436827307659,15.161593529758608,1.5663119710462916,-0.3467963939265352,-1.6841534259744676e-14
252.33034368791746,-71.39978334917684,15.159971442311639,1.5664486725388729,-0.34587658545316174,-6.315575347404253e-15
252.35828285028344,-71.39519692590493,15.15833914794599,1.5665856970969922,-0.34495046497575715,1.0525958912340423e-14
252.386212395403,-71.39060900332883,15.15669671993994,1.5667230363296962,-0.3440180577490659,9.47336302110638e-15
252.41413232802782,-71.38601958151565,15.155044231571782,1.5668606818997934,-0.34307938903634416,9.47336302110638e-15
252.44204265290367,-71.38142866053126,15.153381756119794,1.566998625523814,-0.3421344841092613,4.210383564936169e-15
252.46994337476988,-71.37683624044045,15.15170936686226,1.5671368589719672,-0.34118336824784345,3.1577876737021266e-15
252.49783449835894,-71.37224232130707,15.150027137077469,1.5672753740680998,-0.3402260667404168,-1.5788938368510635e-14
252.52571602839774,-71.36764690319373,15.148335140043711,1.567414162689659,-0.33926260488350335,-4.210383564936169e-15
252.55358796960607,-71.3630499861621,15.14663344903926,1.5675532167676454,-0.33829300798179446,3.1577876737021266e-15
252.58145032669796,-71.35845157027266,15.144922137342416,1.5676925282865781,-0.3373173013480397,-3.1577876737021266e-15
252.6093031043806,-71.35385165558495,15.143201278231448,1.5678320892844484,-0.336335510303014,-2.315710960714893e-14
252.63714630735538,-71.34925024215735,15.141470944984654,1.5679718918526835,-0.3353476601754138,-1.5788938368510635e-14
252.66497994031678,-71.34464733004727,15.139731210880308,1.5681119281360985,-0.334353776301825,-1.473634247727659e-14
252.69280400795333,-71.34004291931096,15.1379821491967,1.5682521903328632,-0.33335388402662114,-1.894672604221276e-14
252.72061851494732,-71.33543701000369,15.13622383321212,1.5683926706944566,-0.33234800870190795,-1.9999321933446802e-14
252.74842346597427,-71.3308296021797,15.13445633620485,1.5685333615256227,-0.3313361756874685,-2.1051917824680845e-15
252.7762188657039,-71.32622069589213,15.132679731453171,1.5686742551843365,-0.330318410350666,-3.1577876737021266e-15
252.80400471879906,-71.32161029119312,15.130894092235376,1.5688153440817558,-0.32929473806640586,8.420767129872338e-15
252.8317810299169,-71.31699838813373,15.129099491829741,1.5689566206821866,-0.32826518421703776,-9.47336302110638e-15
252.8595478037077,-71.31238498676406,15.12729600351456,1.5690980775030319,-0.32722977419231725,-1.3683746586042549e-14
252.8873050448159,-71.30777008713314,15.12548370056811,1.569239707114763,-0.32618853338931203,4.210383564936169e-15
252.91505275787952,-71.30315368928889,15.123662656268685,1.5693815021408666,-0.3251414872123459,-5.2629794561702115e-15
252.94279094753003,-71.29853579327836,15.121832943894562,1.5695234552578115,-0.3240886610729411,-1.2631150694808506e-14
252.9705196183931,-71.29391639914746,15.11999463672403,1.5696655591950013,-0.32303008038972436,0.0
252.9982387750875,-71.2892955069412,15.118147808035372,1.5698078067347356,-0.3219657705883935,0.0
253.02594842222635,-71.28467311670342,15.116292531106877,1.5699501907121727,-0.32089575710161417,-2.2104513715914887e-14
253.0536485644161,-71.28004922847708,15.114428879216828,1.5700927040152768,-0.3198200653689847,1.0525958912340423e-15
253.0813392062572,-71.27542384230408,15.112556925643512,1.5702353395847892,-0.3187387208369446,-1.2631150694808506e-14
253.1090203523435,-71.27079695822533,15.11067674366521,1.5703780904141778,-0.3176517489587283,-2.1051917824680845e-15
253.13669200726295,-71.26616857628075,15.10878840656021,1.5705209495495993,-0.3165591751942799,1.0525958912340423e-14
253.1643541755972,-71.26153869650922,15.106891987606797,1.5706639100898583,-0.3154610250101948,1.0525958912340423e-15
253.19200686192133,-71.25690731894869,15.104987560083254,1.5708069651863616,-0.31435732387966386,3.1577876737021266e-15
253.2196500708047,-71.25227444363604,15.103075197267874,1.570950108043082,-0.3132480972823817,-1.473634247727659e-14
253.24728380680992,-71.24764007060728,15.101154972438932,1.5710933319165117,-0.31213337070451097,-7.368171238638296e-15
253.27490807449388,-71.24300419989729,15.099226958874715,1.5712366301156242,-0.31101316963858583,-7.368171238638296e-15
253.30252287840668,-71.2383668315401,15.097291229853514,1.5713799960018289,-0.3098875195834753,4.210383564936169e-15
253.33012822309283,-71.23372796556869,15.095347858653613,1.571523422988935,-0.30875644604428965,4.210383564936169e-15
253.35772411308992,-71.22908760201514,15.093396918553289,1.571666904543102,-0.3076199745323442,-2.315710960714893e-14
253.38531055293,-71.22444574091044,15.091438482830842,1.571810434182804,-0.306478130565062,-2.2104513715914887e-14
253.41288754713875,-71.21980238228471,15.08947262476454,1.5719540054787895,-0.30533093966592834,-2.4209705498382972e-14
253.4404551002353,-71.21515752616709,15.087499417632676,1.57209761205403,-0.30417842736443146,9.47336302110638e-15
253.46801321673303,-71.21051117258574,15.085518934713543,1.5722412475836869,-0.30302061919597445,4.210383564936169e-15
253.4955619011387,-71.20586332156788,15.083531249285414,1.5723849057950676,-0.3018575407018362,7.368171238638296e-15
253.5231011579534,-71.20121397313974,15.08153643462658,1.572528580467582,-0.30068921742907995,-1.5788938368510635e-14
253.55063099167157,-71.19656312732668,15.079534564015322,1.5726722654327012,-0.29951567493051356,9.47336302110638e-15
253.5781514067817,-71.19191078415307,15.077525710729931,1.5728159545739164,-0.2983369387646086,-1.0525958912340423e-15
253.60566240776635,-71.18725694364224,15.07550994804869,1.5729596418266965,-0.2971530344954356,-9.47336302110638e-15
253.63316399910136,-71.18260160581679,15.073487349249884,1.5731033211784435,-0.29596398769261856,-1.1578554803574466e-14
253.66065618525704,-71.17794477069816,15.071457987611797,1.573246986668458,-0.2947698239312409,-3.1577876737021266e-15
253.6881389706969,-71.17328643830702,15.069421936412716,1.5733906323878861,-0.2935705687918145,1.0525958912340423e-15
253.71561235987895,-71.16862660866303,15.067379268930921,1.5735342524796876,-0.29236624786018356,-2.315710960714893e-14
253.74307635725455,-71.16396528178497,15.065330058444705,1.5736778411385866,-0.29115688672748746,-4.210383564936169e-15
253.7705309672693,-71.15930245769063,15.06327437823235,1.573821392611035,-0.2899425109900761,-1.894672604221276e-14
253.79797619436235,-71.15463813639694,15.06121230157214,1.5739649011951657,-0.2887231462494671,-2.5262301389617013e-14
253.82541204296703,-71.14997231791989,15.059143901742361,1.5741083612407545,-0.28749881811225964,1.2631150694808506e-14
253.8528385175104,-71.14530500227455,15.057069252021295,1.574251767149175,-0.2862695521900883,-6.315575347404253e-15
253.88025562241327,-71.1406361894751,15.054988425687236,1.574395113373355,-0.28503537409955776,-6.315575347404253e-15
253.90766336209077,-71.13596587953478,15.052901496018459,1.574538394417742,-0.2837963094621665,-1.7894130150978717e-14
253.93506174095134,-71.13129407246598,15.050808536293255,1.5746816048382508,-0.28255238390426535,5.2629794561702115e-15
253.96245076339795,-71.12662076828009,15.048709619789909,1.5748247392422297,-0.281303623056971,5.2629794561702115e-15
253.98983043382682,-71.12194596698774,15.0466048197867,1.5749677922884107,-0.28005005255612997,-1.894672604221276e-14
254.01720075662865,-71.11726966859855,15.044494209561925,1.5751107586868742,-0.2787916980422259,-9.47336302110638e-15
254.044561736188,-71.11259187312127,15.042377862393854,1.575253633199005,-0.2775285851603382,-1.3683746586042549e-14
254.0719133768829,-71.10791258056383,15.040255851560785,1.5753964106374438,-0.27626073956008107,0.0
254.09925568308586,-71.1032317909332,15.038128250341,1.575539085866055,-0.27498818689552346,0.0
254.1265886591628,-71.09854950423549,15.035995132012777,1.5756816537998743,-0.27371095282515007,-8.420767129872338e-15
254.1539123094742,-71.09386572047592,15.033856569854414,1.5758241094050756,-0.27242906301177294,-1.2631150694808506e-14
254.18122663837383,-71.08918043965889,15.031712637144187,1.5759664476989197,-0.27114254312249975,-7.368171238638296e-15
254.20853165021003,-71.08449366178786,15.029563407160383,1.5761086637497204,-0.2698514188286424,-2.7367493172085098e-14
254.23582734932458,-71.07980538686547,15.027408953181286,1.576250752676795,-0.26855571580568094,-1.2631150694808506e-14
254.26311374005354,-71.07511561489345,15.025249348485177,1.5763927096504275,-0.26725545973318376,3.1577876737021266e-15
254.29039082672693,-71.07042434587268,15.023084666350357,1.5765345298918194,-0.2659506762947533,-1.1578554803574466e-14
254.31765861366856,-71.06573157980323,15.020914980055098,1.5766762086730548,-0.26464139117797203,1.5788938368510635e-14
254.3449171051964,-71.06103731668422,15.018740362877685,1.576817741317054,-0.2633276300743254,-1.2631150694808506e-14
254.37216630562222,-71.05634155651401,15.016560888096407,1.5769591231975302,-0.262009418679159,2.1051917824680845e-15
254.39940621925206,-71.05164429929003,15.014376628989552,1.5771003497389473,-0.2606867826915991,-2.7367493172085098e-14
254.42663685038565,-71.04694554500898,15.012187658835401,1.57724141641648,-0.25935974781451127,-1.0525958912340423e-15
254.45385820331686,-71.04224529366657,15.009994050912237,1.5773823187559686,-0.25802833975442524,-1.5788938368510635e-14
254.48107028233386,-71.03754354525773,15.007795878498348,1.5775230523338784,-0.256692584221473,-9.47336302110638e-15
254.5082730917182,-71.0328402997766,15.005593214872016,1.5776636127772525,-0.2553525069293523,-9.47336302110638e-15
254.5354666357461,-71.0281355572164,15.003386133311537,1.577803995763676,-0.25400813359522934,-1.0525958912340423e-14
254.56265091868718,-71.02342931756962,15.001174707095181,1.5779441970212273,-0.2526594899397176,-1.9999321933446802e-14
254.5898259448058,-71.01872158082782,14.998959009501247,1.5780842123284404,-0.2513066016867803,-1.9999321933446802e-14
254.61699171835966,-71.0140123469818,14.996739113808008,1.578224037514258,-0.24994949456370666,1.0525958912340423e-15
254.64414824360102,-71.00930161602147,14.994515093293758,1.5783636684579907,-0.24858819430102136,-2.2104513715914887e-14
254.67129552477584,-71.00458938793608,14.992287021236777,1.5785031010892752,-0.24722272663244885,-3.1577876737021266e-15
254.69843356612435,-70.99987566271385,14.990054970915358,1.5786423313880296,-0.2458531172948373,-3.1577876737021266e-15
