galstreams/tracks/track.st.Monoceros.ramos2021.ecsv
# %ECSV 1.0
# ---
# datatype:
# - {name: ra, unit: deg, datatype: float64}
# - {name: dec, unit: deg, datatype: float64}
# - {name: distance, unit: kpc, datatype: float64}
# - {name: pm_ra_cosdec, unit: mas / yr, datatype: float64}
# - {name: pm_dec, unit: mas / yr, datatype: float64}
# - {name: radial_velocity, unit: km / s, datatype: float64}
# delimiter: ','
# meta: !!omap
# - __serialized_columns__:
#     dec:
#       __class__: astropy.coordinates.angles.Latitude
#       unit: &id001 !astropy.units.Unit {unit: deg}
#       value: !astropy.table.SerializedColumn {name: dec}
#     distance:
#       __class__: astropy.coordinates.distances.Distance
#       unit: !astropy.units.Unit {unit: kpc}
#       value: !astropy.table.SerializedColumn {name: distance}
#     pm_dec:
#       __class__: astropy.units.quantity.Quantity
#       unit: !astropy.units.Unit {unit: mas / yr}
#       value: !astropy.table.SerializedColumn {name: pm_dec}
#     pm_ra_cosdec:
#       __class__: astropy.units.quantity.Quantity
#       unit: !astropy.units.Unit {unit: mas / yr}
#       value: !astropy.table.SerializedColumn {name: pm_ra_cosdec}
#     ra:
#       __class__: astropy.coordinates.angles.Longitude
#       unit: *id001
#       value: !astropy.table.SerializedColumn {name: ra}
#       wrap_angle: !astropy.coordinates.Angle
#         unit: *id001
#         value: 360.0
#     radial_velocity:
#       __class__: astropy.units.quantity.Quantity
#       unit: !astropy.units.Unit {unit: km / s}
#       value: !astropy.table.SerializedColumn {name: radial_velocity}
# schema: astropy-2.0
ra,dec,distance,pm_ra_cosdec,pm_dec,radial_velocity
[from data line 4062]
117.00022903000145,36.23719318426698,10.600000000000009,-0.32338656314197606,-0.9146630151887214,-4.210383564936169e-15
117.00291403509108,36.22738768851671,10.600000000000009,-0.32367228478552035,-0.9143503398173868,-8.420767129872338e-15
117.00557681932904,36.2175764864805,10.600000000000009,-0.323955737798565,-0.914034607923371,0.0
117.00821733456308,36.207759564609994,10.600000000000009,-0.32423690975410346,-0.9137158209467594,-8.420767129872338e-15
117.01083553299651,36.197936909433395,10.600000000000009,-0.32451578825287186,-0.9133939805034097,0.0
117.01343136719262,36.18810850755658,10.60000000000001,-0.32479236092401564,-0.9130690883859536,-8.420767129872338e-15
117.01600479007868,36.178274345664086,10.600000000000009,-0.325066615425743,-0.9127411465648689,-1.2631150694808506e-14
117.01855575495047,36.16843441052016,10.600000000000009,-0.325338539445922,-0.9124101571895937,-8.420767129872338e-15
117.02108421547615,36.15858868896985,10.600000000000009,-0.3256081207028027,-0.9120761225895687,-8.420767129872338e-15
117.02359012570093,36.14873716793999,10.600000000000009,-0.3258753469456211,-0.9117390452752365,0.0
117.02607344005108,36.13887983444031,10.600000000000009,-0.32614020595526744,-0.9113989279392387,-8.420767129872338e-15
117.02853411333821,36.12901667556445,10.600000000000009,-0.32640268554495255,-0.9110557734573475,-8.420767129872338e-15
117.03097210076369,36.119147678491075,10.60000000000001,-0.32666277356086737,-0.9107095848895752,-4.210383564936169e-15
117.03338735792289,36.1092728304849,10.600000000000009,-0.3269204578828274,-0.9103603654812485,-4.210383564936169e-15
117.03577984080943,36.09939211889773,10.600000000000009,-0.3271757264249539,-0.9100081186640594,0.0
117.03814950581955,36.08950553116966,10.600000000000009,-0.3274285671363453,-0.9096528480571069,8.420767129872338e-15
117.0404963097566,36.079613054830055,10.600000000000009,-0.32767896800174323,-0.9092945574679311,-4.210383564936169e-15
117.04282020983506,36.06971467749863,10.600000000000007,-0.3279269170421911,-0.9089332508936089,-8.420767129872338e-15
117.04512116368508,36.059810386886575,10.600000000000007,-0.32817240231573924,-0.9085689325217743,-4.210383564936169e-15
117.04739912935682,36.04990017079764,10.600000000000009,-0.328415411918075,-0.9082016067317025,0.0
117.04965406532489,36.03998401712923,10.600000000000009,-0.32865593398327075,-0.9078312780952641,-4.210383564936169e-15
117.05188593049243,36.03006191387348,10.600000000000007,-0.3288939566843867,-0.9074579513780945,-8.420767129872338e-15
117.05409468419596,36.020133849118444,10.600000000000009,-0.32912946823422473,-0.9070816315405373,0.0
117.05628028620926,36.01019981104904,10.600000000000007,-0.3293624568859784,-0.9067023237387514,0.0
117.05844269674817,36.00025978794838,10.600000000000007,-0.3295929109339094,-0.9063200333256821,0.0
117.06058187647481,35.99031376819866,10.600000000000009,-0.3298208187140995,-0.905934765852134,0.0
117.06269778650194,35.98036174028246,10.600000000000009,-0.33004616860506875,-0.9055465270678104,4.210383564936169e-15
117.06479038839748,35.97040369278374,10.600000000000007,-0.3302689490285156,-0.905155322922345,-8.420767129872338e-15
117.06685964418895,35.960439614389074,10.600000000000009,-0.3304891484500226,-0.9047611595662629,-4.210383564936169e-15
117.06890551636782,35.95046949388866,10.600000000000009,-0.3307067553797332,-0.9043640433521083,0.0
117.07092796789401,35.94049332017759,10.600000000000007,-0.33092175837306526,-0.9039639808353895,-4.210383564936169e-15
117.07292696220024,35.93051108225688,10.600000000000007,-0.3311341460314131,-0.9035609787756158,0.0
117.07490246319668,35.92052276923463,10.600000000000009,-0.3313439070028681,-0.9031550441373275,-4.210383564936169e-15
117.07685443527507,35.910528370327214,10.600000000000009,-0.3315510299829153,-0.9027461840910889,-4.210383564936169e-15
117.0787828433135,35.90052787486039,10.600000000000007,-0.33175550371515883,-0.902334406014515,-4.210383564936169e-15
117.08068765268078,35.89052127227048,10.600000000000007,-0.33195731699202113,-0.9019197174932454,4.210383564936169e-15
117.08256882924076,35.88050855210549,10.600000000000007,-0.3321564586554709,-0.9015021263220265,-4.210383564936169e-15
117.08442633935701,35.87048970402627,10.600000000000009,-0.3323529175977559,-0.9010816405055879,-4.210383564936169e-15
117.08626014989717,35.860464717807716,10.600000000000007,-0.33254668276210253,-0.9006582682597106,0.0
117.08807022823744,35.850433583339886,10.600000000000007,-0.332737743143454,-0.9002320180122624,0.0
117.08985654226716,35.840396290629194,10.600000000000007,-0.3329260877891883,-0.8998028984040756,4.210383564936169e-15
117.0916190603931,35.83035282979958,10.600000000000009,-0.33311170579987265,-0.8993709182900236,0.0
117.09335775154422,35.82030319109369,10.600000000000007,-0.3332945863299636,-0.8989360867399375,-4.210383564936169e-15
117.09507258517588,35.810247364874016,10.600000000000007,-0.333474718588552,-0.8984984130396394,-4.210383564936169e-15
117.09676353127458,35.80018534162413,10.600000000000007,-0.333652091840122,-0.8980579066918628,0.0
117.0984305603623,35.79011711194982,10.600000000000009,-0.33382669540525695,-0.8976145774172515,-1.6841534259744676e-14
117.10007364350095,35.780042666580265,10.600000000000007,-0.3339985186614038,-0.8971684351553177,-4.210383564936169e-15
117.10169275229715,35.76996199636935,10.600000000000007,-0.334167551043623,-0.8967194900653618,-4.210383564936169e-15
117.10328785890636,35.75987509229663,10.600000000000009,-0.33433378204530395,-0.8962677525275199,-4.210383564936169e-15
117.10485893603772,35.749781945468776,10.600000000000005,-0.3344972012189247,-0.8958132331436188,-4.210383564936169e-15
117.10640595695824,35.73968254712059,10.600000000000007,-0.33465779817684704,-0.8953559427381494,-4.210383564936169e-15
117.10792889549764,35.729576888616215,10.600000000000005,-0.3348155625920095,-0.8948958923592083,0.0
117.10942772605249,35.7194649614505,10.600000000000005,-0.33497048419871756,-0.8944330932794883,-8.420767129872338e-15
117.11090242359097,35.70934675724997,10.600000000000003,-0.335122552793406,-0.8939675569970622,-4.210383564936169e-15
117.11235296365734,35.69922226777423,10.600000000000005,-0.33527175823536787,-0.8934992952364761,-4.210383564936169e-15
117.11377932237629,35.6890914849171,10.600000000000005,-0.33541809044755616,-0.8930283199495725,4.210383564936169e-15
117.11518147645765,35.67895440070777,10.600000000000005,-0.3355615394173293,-0.8925546433164373,4.210383564936169e-15
117.11655940320063,35.66881100731209,10.600000000000005,-0.33570209519721445,-0.8920782777462652,-4.210383564936169e-15
117.1179130804986,35.65866129703376,10.600000000000005,-0.3358397479057088,-0.8915992358782902,4.210383564936169e-15
117.11924248684338,35.64850526231555,10.600000000000007,-0.33597448772802824,-0.8911175305827059,-8.420767129872338e-15
117.1205476013298,35.63834289574055,10.600000000000007,-0.3361063049168762,-0.8906331749615312,-8.420767129872338e-15
117.12182840366009,35.628174190033285,10.600000000000005,-0.3362351897932474,-0.8901461823494687,-4.210383564936169e-15
117.12308487414856,35.617999138061066,10.600000000000007,-0.3363611327471839,-0.889656566314849,-4.210383564936169e-15
117.12431699372597,35.60781773283518,10.600000000000003,-0.33648412423858526,-0.8891643406604346,-8.420767129872338e-15
117.1255247439439,35.59762996751204,10.600000000000005,-0.3366041547979703,-0.8886695194243446,-1.2631150694808506e-14
117.12670810697934,35.58743583539452,10.600000000000005,-0.3367212150272916,-0.8881721168808179,-1.2631150694808506e-14
117.1278670656392,35.577235329933146,10.600000000000007,-0.3368352956006801,-0.887672147541223,-8.420767129872338e-15
117.12900160336459,35.56702844472726,10.600000000000007,-0.33694638726530707,-0.8871696261547548,-4.210383564936169e-15
117.13011170423549,35.55681517352639,10.600000000000005,-0.3370544808421353,-0.8866645677093316,-8.420767129872338e-15
117.13119735297498,35.54659551023137,10.600000000000005,-0.33715956722669777,-0.8861569874324481,-4.210383564936169e-15
117.13225853495383,35.53636944889559,10.600000000000005,-0.3372616373899613,-0.8856469007919612,-4.210383564936169e-15
117.13329523619498,35.52613698372632,10.600000000000005,-0.3373606823790875,-0.8851343234969311,-8.420767129872338e-15
117.13430744337772,35.51589810908584,10.600000000000005,-0.3374566933182522,-0.8846192714984227,-4.210383564936169e-15
117.13529514384233,35.50565281949272,10.600000000000005,-0.3375496614094313,-0.8841017609902847,4.210383564936169e-15
117.13625832559445,35.4954011096231,10.600000000000007,-0.337639577933257,-0.8835818084100351,-8.420767129872338e-15
117.13719697730936,35.48514297431189,10.600000000000005,-0.33772643424980764,-0.8830594304394908,0.0
117.13811108833663,35.47487840855399,10.600000000000007,-0.3378102217994147,-0.8825346440057076,0.0
117.13900064870413,35.46460740750558,10.600000000000003,-0.3378909321034921,-0.8820074662816455,-4.210383564936169e-15
117.13986564912278,35.45432996648536,10.600000000000003,-0.3379685567653843,-0.8814779146869571,-4.210383564936169e-15
117.14070608099063,35.44404608097574,10.600000000000005,-0.3380430874711343,-0.8809460068888006,4.210383564936169e-15
117.14152193639738,35.43375574662415,10.600000000000005,-0.33811451599035625,-0.8804117608024515,-4.210383564936169e-15
117.14231320812866,35.42345895924426,10.600000000000005,-0.3381828341770827,-0.8798751945921859,-4.210383564936169e-15
117.14307988967028,35.41315571481719,10.600000000000003,-0.3382480339705283,-0.8793363266719334,4.210383564936169e-15
117.14382197521279,35.402846009492805,10.600000000000003,-0.3383101073960067,-0.8787951757059684,-4.210383564936169e-15
117.14453945965552,35.392529839590956,10.600000000000005,-0.3383690465656845,-0.8782517606097161,4.210383564936169e-15
117.14523233861095,35.38220720160266,10.600000000000003,-0.3384248436795138,-0.8777061005503639,-4.210383564936169e-15
117.14590060840904,35.371878092191444,10.600000000000001,-0.33847749102601143,-0.8771582149475586,0.0
117.1465442661015,35.361542508194525,10.600000000000005,-0.3385269809831194,-0.8766081234741505,0.0
117.14716330946605,35.35120044662405,10.600000000000003,-0.3385733060190771,-0.8760558460568209,-4.210383564936169e-15
117.1477577370105,35.34085190466835,10.600000000000005,-0.33861645869326173,-0.8755014028767122,0.0
117.14832754797717,35.330496879693214,10.600000000000005,-0.33865643165701786,-0.8749448143701947,-8.420767129872338e-15
117.14887274234697,35.320135369243076,10.600000000000007,-0.3386932176545581,-0.8743861012293632,-8.420767129872338e-15
117.1493933208436,35.3097673710423,10.600000000000003,-0.33872680952380974,-0.8738252844027401,-8.420767129872338e-15
117.14988928493786,35.299392882996415,10.600000000000003,-0.3387572001972678,-0.873262385095934,-4.210383564936169e-15
117.15036063685153,35.28901190319333,10.600000000000003,-0.3387843827028622,-0.8726974247721758,-4.210383564936169e-15
117.15080737956185,35.278624429904575,10.600000000000005,-0.3388083501648502,-0.8721304251529423,4.210383564936169e-15
117.15122951680537,35.26823046158657,10.600000000000003,-0.3388290958046811,-0.8715614082185816,0.0
117.1516270530821,35.25782999688182,10.600000000000003,-0.33884661294185714,-0.8709903962088343,-4.210383564936169e-15
117.15199999365971,35.24742303462017,10.600000000000001,-0.33886089499480904,-0.8704174116234389,-8.420767129872338e-15
117.15234834457746,35.237009573820025,10.600000000000001,-0.3388719354818153,-0.869842477222685,0.0
117.15267211265038,35.226589613689626,10.600000000000001,-0.33887972802186495,-0.8692656160278938,-8.420767129872338e-15
117.1529713054731,35.21616315362817,10.600000000000003,-0.33888426633553276,-0.8686868513220407,8.420767129872338e-15
117.15324593142388,35.205730193227154,10.600000000000001,-0.3388855442458898,-0.8681062066502306,-8.420767129872338e-15
117.15349599966896,35.19529073227154,10.600000000000003,-0.3388835556794105,-0.8675237058201752,4.210383564936169e-15
117.15372152016594,35.184844770740995,10.600000000000001,-0.33887829466681085,-0.8669393729027358,0.0
117.15392250366814,35.174392308811086,10.600000000000001,-0.33886975534403135,-0.8663532322323944,-4.210383564936169e-15
117.15409896172822,35.1639333468545,10.600000000000001,-0.33885793195309205,-0.8657653084076938,0.0
117.15425090670233,35.1534678854423,10.600000000000001,-0.33884281884300865,-0.865175626291685,-8.420767129872338e-15
117.15437835175378,35.14299592534506,10.600000000000001,-0.3388244104706862,-0.8645842110124878,-4.210383564936169e-15
117.15448131085701,35.13251746753421,10.600000000000003,-0.33880270140190333,-0.8639910879634849,0.0
117.1545597988012,35.122032513183,10.600000000000001,-0.3387776863121127,-0.8633962828040334,-4.210383564936169e-15
117.15461383119428,35.111541063667964,10.600000000000001,-0.33874935998747574,-0.8627998214596322,0.0
117.15464342446663,35.101043120570004,10.600000000000003,-0.33871771732573663,-0.8622017301223776,-8.420767129872338e-15
117.15464859587463,35.090538685675504,10.600000000000001,-0.3386827533371327,-0.861602035251402,-4.210383564936169e-15
117.15462936350457,35.08002776097766,10.600000000000003,-0.3386444631453536,-0.8610007635731324,-8.420767129872338e-15
117.15458574627627,35.06951034867756,10.600000000000001,-0.3386028419884616,-0.8603979420817649,-4.210383564936169e-15
117.15451776394676,35.05898645118548,10.6,-0.338557885219871,-0.8597935980393789,4.210383564936169e-15
117.15442543711374,35.04845607112195,10.600000000000001,-0.3385095883092203,-0.859187758976534,-4.210383564936169e-15
117.15430878721926,35.03791921131896,10.600000000000001,-0.33845794684335395,-0.8585804526923775,-4.210383564936169e-15
117.15416783655331,35.027375874821146,10.600000000000001,-0.33840295652729313,-0.8579717072549418,4.210383564936169e-15
117.15400260825739,35.01682606488698,10.6,-0.33834461318514186,-0.857361551001482,-8.420767129872338e-15
117.15381312632782,35.006269784989854,10.600000000000001,-0.3382829127610985,-0.8567500125387022,-1.2631150694808506e-14
117.15359941561924,34.99570703881932,10.600000000000001,-0.338217851320342,-0.8561371207429824,0.0
117.1533615018483,34.98513783028218,10.600000000000001,-0.3381494250500585,-0.8555229047606485,-8.420767129872338e-15
117.15309941159653,34.97456216350364,10.600000000000001,-0.338077630260414,-0.854907394008066,0.0
117.15281317231428,34.963980042828474,10.6,-0.3380024633854665,-0.8542906181719518,0.0
117.1525028123236,34.95339147282213,10.599999999999998,-0.3379239209841697,-0.8536726072094871,-4.210383564936169e-15
117.15216836082175,34.942796458271864,10.6,-0.33784199974140317,-0.8530533913484679,-4.210383564936169e-15
117.15180984788435,34.93219500418786,10.6,-0.33775669646886103,-0.8524330010875193,-4.210383564936169e-15
117.15142730446861,34.921587115804385,10.6,-0.33766800810611447,-0.851811467196081,-1.2631150694808506e-14
117.15102076241637,34.910972798580765,10.6,-0.33757593172156425,-0.8511888207146323,0.0
117.15059025445774,34.900352058202714,10.6,-0.3374804645134616,-0.8505650929546862,0.0
117.15013581421339,34.889724900583175,10.600000000000001,-0.3373816038108804,-0.8499403154989511,0.0
117.14965747619827,34.87909133186357,10.600000000000001,-0.33727934707474816,-0.8493145202013126,4.210383564936169e-15
117.14915527582446,34.86845135841489,10.6,-0.33717369189882623,-0.8486877391868631,0.0
117.14862924940364,34.85780498683859,10.600000000000001,-0.3370646360107258,-0.8480600048519954,0.0
117.14807943415093,34.847152223967896,10.6,-0.33695217727298,-0.8474313498642134,0.0
117.1475058681871,34.83649307686869,10.599999999999998,-0.3368363136839614,-0.846801807162354,-8.420767129872338e-15
117.14690859054146,34.825827552840614,10.6,-0.3367170433789941,-0.8461714099563464,0.0
117.14628764115493,34.8151556594181,10.600000000000001,-0.33659436463135556,-0.8455401917271985,4.210383564936169e-15
117.14564306088265,34.804477404371454,10.6,-0.3364682758532899,-0.8449081862269845,0.0
