galstreams/tracks/track.st.M68-Fjorm.palau2019.ecsv
# %ECSV 1.0
# ---
# datatype:
# - {name: ra, unit: deg, datatype: float64}
# - {name: dec, unit: deg, datatype: float64}
# - {name: distance, unit: kpc, datatype: float64}
# - {name: pm_ra_cosdec, unit: mas / yr, datatype: float64}
# - {name: pm_dec, unit: mas / yr, datatype: float64}
# - {name: radial_velocity, unit: km / s, datatype: float64}
# delimiter: ','
# meta: !!omap
# - __serialized_columns__:
#     dec:
#       __class__: astropy.coordinates.angles.Latitude
#       unit: &id001 !astropy.units.Unit {unit: deg}
#       value: !astropy.table.SerializedColumn {name: dec}
#     distance:
#       __class__: astropy.coordinates.distances.Distance
#       unit: !astropy.units.Unit {unit: kpc}
#       value: !astropy.table.SerializedColumn {name: distance}
#     pm_dec:
#       __class__: astropy.units.quantity.Quantity
#       unit: !astropy.units.Unit {unit: mas / yr}
#       value: !astropy.table.SerializedColumn {name: pm_dec}
#     pm_ra_cosdec:
#       __class__: astropy.units.quantity.Quantity
#       unit: !astropy.units.Unit {unit: mas / yr}
#       value: !astropy.table.SerializedColumn {name: pm_ra_cosdec}
#     ra:
#       __class__: astropy.coordinates.angles.Longitude
#       unit: *id001
#       value: !astropy.table.SerializedColumn {name: ra}
#       wrap_angle: !astropy.coordinates.Angle
#         unit: *id001
#         value: 360.0
#     radial_velocity:
#       __class__: astropy.units.quantity.Quantity
#       unit: !astropy.units.Unit {unit: km / s}
#       value: !astropy.table.SerializedColumn {name: radial_velocity}
# schema: astropy-2.0
ra,dec,distance,pm_ra_cosdec,pm_dec,radial_velocity
[from data line 6899]
201.2582437613767,22.157298193548698,5.111311567598026,-1.5052585405887178,4.78211280062254,8.420767129872338e-15
201.26187208659977,22.166857339822432,5.111612248260614,-1.5047165766140553,4.782662856903017,-8.420767129872338e-15
201.26550127118722,22.17641629290014,5.11191297085063,-1.5041744688461764,4.783212793459327,2.5262301389617013e-14
201.26913131546306,22.185975052720508,5.112213735290776,-1.503632217258607,4.783762610221258,-8.420767129872338e-15
201.27276221975137,22.195533619222235,5.112514541503752,-1.5030898218248643,4.784312307118585,8.420767129872338e-15
201.27639398437648,22.20509199234395,5.1128153894122566,-1.5025472825184518,4.784861884081057,1.6841534259744676e-14
201.2800266096629,22.214650172024193,5.113116278938995,-1.5020045993128628,4.785411341038412,1.6841534259744676e-14
201.2836600959353,22.22420815820153,5.113417210006664,-1.5014617721815813,4.78596067792036,0.0
201.28729444351848,22.23376595081441,5.113718182537968,-1.5009188010980792,4.7865098946566045,8.420767129872338e-15
201.29092965273753,22.243323549801296,5.114019196455605,-1.5003756860358155,4.787058991176823,8.420767129872338e-15
201.29456572391766,22.252880955100526,5.11432025168228,-1.4998324269682413,4.787607967410668,0.0
201.29820265738428,22.262438166650494,5.114621348140688,-1.4992890238687953,4.788156823287796,3.368306851948935e-14
201.30184045346297,22.27199518438944,5.114922485753535,-1.4987454767109034,4.788705558737818,0.0
201.30547911247947,22.281552008255613,5.115223664443521,-1.498201785467986,4.789254173690343,8.420767129872338e-15
201.30911863475984,22.29110863818722,5.115524884133344,-1.4976579501134446,4.789802668074958,1.6841534259744676e-14
201.3127590206301,22.300665074122403,5.115826144745709,-1.497113970620677,4.790351041821229,2.5262301389617013e-14
201.3164002704166,22.310221315999215,5.116127446203313,-1.496569846963065,4.790899294858707,8.420767129872338e-15
201.32004238444588,22.31977736375573,5.116428788428859,-1.4960255791139812,4.791447427116924,-8.420767129872338e-15
201.32368536304463,22.32933321732996,5.116730171345049,-1.4954811670467896,4.791995438525388,0.0
201.32732920653967,22.338888876659837,5.117031594874581,-1.4949366107348385,4.792543329013594,8.420767129872338e-15
201.33097391525808,22.34844434168326,5.117333058940158,-1.4943919101514684,4.793091098511019,0.0
201.33461948952714,22.35799961233808,5.117634563464479,-1.4938470652700084,4.793638746947118,3.368306851948935e-14
201.33826592967424,22.3675546885621,5.11793610837025,-1.4933020760637747,4.7941862742513255,1.6841534259744676e-14
201.34191323602695,22.377109570293072,5.118237693580165,-1.4927569425060778,4.794733680353064,1.6841534259744676e-14
201.34556140891314,22.38666425746872,5.118539319016931,-1.4922116645702082,4.795280965181732,-8.420767129872338e-15
201.34921044866076,22.396218750026684,5.118840984603245,-1.491666242229455,4.795828128666713,4.210383564936169e-14
201.3528603555979,22.405773047904553,5.11914269026181,-1.4911206754570918,4.796375170737369,8.420767129872338e-15
201.356511130053,22.415327151039932,5.119444435915325,-1.4905749642263788,4.796922091323045,1.6841534259744676e-14
201.36016277235458,22.424881059370318,5.1197462214864915,-1.4900291085105692,4.797468890353065,0.0
201.3638152828313,22.434434772833146,5.1200480468980105,-1.4894831082829043,4.79801556775674,1.6841534259744676e-14
201.3674686618121,22.44398829136585,5.120349912072584,-1.4889369635166148,4.798562123463355,0.0
201.37112290962605,22.4535416149058,5.120651816932911,-1.4883906741849182,4.799108557402176,-8.420767129872338e-15
201.37477802660243,22.4630947433903,5.120953761401696,-1.4878442402610235,4.799654869502461,8.420767129872338e-15
201.3784340130707,22.472647676756655,5.121255745401634,-1.487297661718128,4.800201059693438,3.368306851948935e-14
201.38209086936047,22.482200414941993,5.121557768855435,-1.4867509385294166,4.800747127904318,-3.368306851948935e-14
201.3857485958016,22.491752957883588,5.12185983168579,-1.4862040706680664,4.801293074064302,8.420767129872338e-15
201.3894071927241,22.501305305518496,5.122161933815405,-1.4856570581072401,4.80183889810256,8.420767129872338e-15
201.39306666045817,22.510857457783807,5.122464075166981,-1.4851099008200912,4.802384599948252,8.420767129872338e-15
201.39672699933413,22.520409414616548,5.122766255663219,-1.4845625987797622,4.802930179530514,8.420767129872338e-15
201.40038820968266,22.52996117595369,5.123068475226816,-1.4840151519593863,4.803475636778469,1.6841534259744676e-14
201.4040502918344,22.53951274173216,5.123370733780479,-1.4834675603320808,4.804020971621212,2.5262301389617013e-14
201.4077132461204,22.549064111888825,5.123673031246906,-1.4829198238709562,4.804566183987829,8.420767129872338e-15
201.41137707287172,22.558615286360503,5.123975367548796,-1.482371942549114,4.805111273807379,-1.6841534259744676e-14
201.41504177241967,22.568166265084,5.124277742608852,-1.48182391633964,4.80565624100891,0.0
201.41870734509578,22.577717047996035,5.124580156349776,-1.4812757452156093,4.806201085521445,1.6841534259744676e-14
201.42237379123168,22.587267635033264,5.124882608694266,-1.4807274291500903,4.806745807273988,8.420767129872338e-15
201.42604111115932,22.596818026132343,5.125185099565026,-1.4801789681161357,4.807290406195532,0.0
201.4297093052107,22.606368221229836,5.125487628884754,-1.4796303620867914,4.80783488221504,-8.420767129872338e-15
201.43337837371814,22.615918220262284,5.125790196576153,-1.4790816110350884,4.808379235261464,1.6841534259744676e-14
201.43704831701396,22.62546802316616,5.1260928025619235,-1.4785327149340524,4.8089234652637325,2.5262301389617013e-14
201.4407191354309,22.63501762987792,5.126395446764766,-1.47798367375669,4.809467572150758,0.0
201.44439082930165,22.644567040333914,5.126698129107382,-1.4774344874760057,4.810011555851435,1.6841534259744676e-14
201.4480633989593,22.654116254470487,5.127000849512473,-1.4768851560649863,4.810555416294633,8.420767129872338e-15
201.45173684473698,22.663665272223934,5.127303607902737,-1.476335679496612,4.811099153409211,0.0
201.45541116696808,22.673214093530497,5.127606404200877,-1.4757860577438482,4.811642767124004,8.420767129872338e-15
201.45908636598614,22.682762718326327,5.127909238329596,-1.475236290779655,4.812186257367824,0.0
201.4627624421249,22.692311146547578,5.128212110211591,-1.474686378576974,4.812729624069473,0.0
201.4664393957183,22.701859378130347,5.128515019769565,-1.474136321108745,4.813272867157728,1.6841534259744676e-14
201.4701172271005,22.71140741301066,5.128817966926219,-1.4735861183478882,4.81381598656135,-1.6841534259744676e-14
201.47379593660574,22.720955251124526,5.1291209516042535,-1.4730357702673178,4.814358982209079,0.0
201.47747552456852,22.73050289240784,5.129423973726368,-1.4724852768399372,4.814901854029636,2.5262301389617013e-14
201.4811559913236,22.740050336796514,5.129727033215267,-1.4719346380386364,4.815444601951721,0.0
201.48483733720573,22.74959758422638,5.130030129993648,-1.4713838538362973,4.815987225904019,-8.420767129872338e-15
201.4885195625501,22.759144634633248,5.130333263984215,-1.4708329242057872,4.816529725815197,1.6841534259744676e-14
201.49220266769186,22.76869148795284,5.1306364351096665,-1.470281849119967,4.817072101613897,-8.420767129872338e-15
201.49588665296645,22.77823814412082,5.130939643292702,-1.4697306285516847,4.817614353228747,8.420767129872338e-15
201.4995715187096,22.787784603072872,5.131242888456026,-1.4691792624737747,4.818156480588351,-1.6841534259744676e-14
201.50325726525696,22.79733086474457,5.131546170522339,-1.4686277508590662,4.818698483621301,0.0
201.50694389294472,22.80687692907143,5.131849489414338,-1.4680760936803725,4.81924036225616,8.420767129872338e-15
201.51063140210888,22.816422795988966,5.132152845054729,-1.4675242909105002,4.8197821164214805,0.0
201.51431979308597,22.825968465432606,5.13245623736621,-1.4669723425222394,4.820323746045792,-2.5262301389617013e-14
201.5180090662125,22.83551393733776,5.1327596662714825,-1.4664202484883748,4.820865251057608,8.420767129872338e-15
201.52169922182523,22.84505921163974,5.133063131693249,-1.465868008781678,4.821406631385414,0.0
201.52539026026108,22.854604288273837,5.133366633554206,-1.4653156233749125,4.821947886957691,2.5262301389617013e-14
201.52908218185726,22.86414916717532,5.1336701717770605,-1.4647630922408226,4.822489017702885,8.420767129872338e-15
201.53277498695104,22.87369384827934,5.133973746284508,-1.464210415352153,4.823030023549434,1.6841534259744676e-14
201.53646867587995,22.883238331521063,5.134277356999252,-1.4636575926816295,4.823570904425752,0.0
201.5401632489817,22.89278261683557,5.134581003843995,-1.4631046242019696,4.824111660260234,-8.420767129872338e-15
201.54385870659416,22.9023267041579,5.134884686741436,-1.4625515098858826,4.824652290981256,3.368306851948935e-14
201.5475550490555,22.911870593423036,5.135188405614274,-1.4619982497060602,4.825192796517178,8.420767129872338e-15
201.5512522767039,22.921414284565934,5.135492160385212,-1.4614448436351903,4.8257331767963345,0.0
201.5549503898779,22.93095777752145,5.135795950976951,-1.4608912916459484,4.826273431747043,-8.420767129872338e-15
201.55864938891608,22.940501072224453,5.136099777312193,-1.4603375937109937,4.826813561297607,8.420767129872338e-15
201.56234927415736,22.950044168609715,5.136403639313636,-1.459783749802983,4.827353565376303,1.6841534259744676e-14
201.56605004594073,22.95958706661198,5.136707536903984,-1.4592297598945556,4.827893443911392,8.420767129872338e-15
201.56975170460547,22.96912976616593,5.137011470005937,-1.4586756239583412,4.828433196831115,8.420767129872338e-15
201.57345425049095,22.978672267206193,5.137315438542194,-1.4581213419669643,4.828972824063692,-1.6841534259744676e-14
201.5771576839368,22.988214569667377,5.137619442435459,-1.4575669138930296,4.829512325537332,2.5262301389617013e-14
201.5808620052828,22.997756673483984,5.13792348160843,-1.45701233970914,4.830051701180206,8.420767129872338e-15
201.584567214869,23.007298578590536,5.138227555983809,-1.4564576193878787,4.83059095092049,-1.6841534259744676e-14
201.58827331303553,23.016840284921468,5.138531665484297,-1.4559027529018254,4.831130074686324,1.6841534259744676e-14
201.5919803001228,23.02638179241111,5.138835810032596,-1.455347740223546,4.831669072405825,8.420767129872338e-15
201.59568817647133,23.035923100993852,5.139139989551405,-1.4547925813255946,4.832207944007109,0.0
201.59939694242192,23.045464210603953,5.139444203963429,-1.454237276180515,4.832746689418254,0.0
201.60310659831552,23.05500512117564,5.139748453191362,-1.453681824760844,4.8332853085673335,0.0
201.60681714449322,23.064545832643105,5.140052737157911,-1.4531262270391019,4.833823801382387,-8.420767129872338e-15
201.6105285812964,23.074086344940465,5.140357055785773,-1.4525704829878023,4.834362167791446,0.0
201.6142409090666,23.083626658001823,5.1406614089976514,-1.4520145925794439,4.834900407722518,-8.420767129872338e-15
201.6179541281455,23.093166771761197,5.140965796716247,-1.4514585557865192,4.835438521103591,8.420767129872338e-15
201.62166823887497,23.10270668615254,5.14127021886426,-1.4509023725815091,4.8359765078626324,-8.420767129872338e-15
201.6253832415972,23.11224640110982,5.1415746753643905,-1.4503460429368797,4.8365143679275935,0.0
201.62909913665447,23.121785916566886,5.14187916613934,-1.4497895668250909,4.837052101226401,2.5262301389617013e-14
201.63281592438923,23.13132523245757,5.142183691111811,-1.4492329442185898,4.83758970768697,-8.420767129872338e-15
201.63653360514414,23.140864348715656,5.142488250204502,-1.4486761750898118,4.838127187237186,3.368306851948935e-14
201.64025217926212,23.150403265274836,5.142792843340115,-1.448119259411184,4.838664539804924,8.420767129872338e-15
201.6439716470862,23.15994198206883,5.143097470441352,-1.4475621971551231,4.83920176531803,8.420767129872338e-15
201.64769200895967,23.169480499031224,5.143402131430912,-1.4470049882940295,4.839738863704342,8.420767129872338e-15
201.65141326522593,23.179018816095585,5.143706826231497,-1.4464476328003,4.840275834891667,8.420767129872338e-15
201.6551354162287,23.188556933195464,5.144011554765808,-1.4458901306463152,4.8408126788078025,2.5262301389617013e-14
201.65885846231174,23.198094850264287,5.144316316956546,-1.4453324818044484,4.841349395380517,0.0
201.6625824038191,23.207632567235525,5.144621112726411,-1.4447746862470598,4.841885984537566,8.420767129872338e-15
201.66630724109504,23.217170084042497,5.144925941998105,-1.4442167439465026,4.8424224462066805,0.0
201.67003297448392,23.22670740061853,5.145230804694328,-1.4436586548751145,4.842958780315575,8.420767129872338e-15
201.67375960433037,23.236244516896882,5.145535700737782,-1.4431004190052232,4.843494986791948,-2.5262301389617013e-14
201.67748713097922,23.245781432810777,5.1458406300511665,-1.4425420363091497,4.844031065563469,8.420767129872338e-15
201.68121555477543,23.25531814829339,5.146145592557184,-1.4419835067592,4.844567016557793,8.420767129872338e-15
201.68494487606426,23.2648546632778,5.146450588178535,-1.4414248303276704,4.845102839702558,8.420767129872338e-15
201.688675095191,23.274390977697056,5.146755616837918,-1.440866006986849,4.845638534925378,0.0
201.6924062125013,23.283927091484205,5.147060678458038,-1.4403070367090092,4.846174102153846,-8.420767129872338e-15
201.69613822834089,23.293463004572178,5.147365772961592,-1.4397479194664164,4.846709541315541,8.420767129872338e-15
201.6998711430558,23.30299871689388,5.147670900271284,-1.439188655231326,4.847244852338018,0.0
201.70360495699208,23.312534228382166,5.147976060309813,-1.4386292439759787,4.84778003514881,8.420767129872338e-15
201.7073396704962,23.322069538969817,5.148281252999882,-1.4380696856726083,4.848315089675436,8.420767129872338e-15
201.71107528391468,23.331604648589614,5.148586478264191,-1.437509980293435,4.848850015845395,0.0
201.71481179759425,23.34113955717425,5.14889173602544,-1.4369501278106718,4.84938481358616,2.5262301389617013e-14
201.71854921188188,23.350674264656334,5.149197026206329,-1.4363901281965181,4.849919482825187,8.420767129872338e-15
201.72228752712465,23.360208770968505,5.149502348729563,-1.4358299814231632,4.850454023489913,-1.6841534259744676e-14
201.72602674366996,23.36974307604328,5.149807703517837,-1.4352696874627866,4.850988435507762,0.0
201.72976686186533,23.379277179813162,5.150113090493857,-1.434709246287556,4.851522718806124,2.5262301389617013e-14
201.7335078820584,23.388811082210577,5.150418509580322,-1.4341486578696299,4.852056873312376,1.6841534259744676e-14
201.73724980459718,23.398344783167904,5.150723960699933,-1.4335879221811543,4.852590898953879,-1.6841534259744676e-14
201.74099262982978,23.40787828261752,5.151029443775389,-1.4330270391942657,4.85312479565797,-8.420767129872338e-15
201.74473635810446,23.417411580491667,5.1513349587293975,-1.432466008881088,4.853658563351965,1.6841534259744676e-14
201.74848098976972,23.42694467672258,5.151640505484651,-1.43190483121374,4.854192201963161,8.420767129872338e-15
201.75222652517434,23.43647757124246,5.151946083963855,-1.431343506164321,4.854725711418837,8.420767129872338e-15
201.75597296466714,23.446010263983403,5.15225169408971,-1.4307820337049264,4.8552590916462535,-8.420767129872338e-15
201.75972030859725,23.45554275487753,5.152557335784916,-1.4302204138076389,4.855792342572643,1.6841534259744676e-14
201.76346855731396,23.46507504385683,5.152863008972177,-1.4296586464445298,4.856325464125224,0.0
201.76721771116672,23.47460713085326,5.153168713574191,-1.429096731587662,4.856858456231196,1.6841534259744676e-14
201.77096777050528,23.484139015798796,5.153474449513655,-1.4285346692090846,4.857391318817739,1.6841534259744676e-14
201.77471873567947,23.49367069862524,5.153780216713278,-1.4279724592808392,4.857924051812006,-1.6841534259744676e-14
201.77847060703937,23.503202179264463,5.154086015095757,-1.4274101017749534,4.858456655141134,8.420767129872338e-15
