galstreams/tracks/track.Lethe.grillmair2009.ecsv
# %ECSV 0.9
# ---
# datatype:
# - {name: sc.ra, unit: deg, datatype: float64}
# - {name: sc.dec, unit: deg, datatype: float64}
# - {name: sc.distance, unit: kpc, datatype: float64}
# - {name: width, datatype: float64}
# meta: !!omap
# - __serialized_columns__:
#     sc:
#       __class__: astropy.coordinates.sky_coordinate.SkyCoord
#       dec: !astropy.table.SerializedColumn
#         __class__: astropy.coordinates.angles.Latitude
#         unit: &id001 !astropy.units.Unit {unit: deg}
#         value: !astropy.table.SerializedColumn {name: sc.dec}
#       distance: !astropy.table.SerializedColumn
#         __class__: astropy.coordinates.distances.Distance
#         unit: !astropy.units.Unit {unit: kpc}
#         value: !astropy.table.SerializedColumn {name: sc.distance}
#       frame: icrs
#       ra: !astropy.table.SerializedColumn
#         __class__: astropy.coordinates.angles.Longitude
#         unit: *id001
#         value: !astropy.table.SerializedColumn {name: sc.ra}
#         wrap_angle: !astropy.coordinates.Angle
#           unit: *id001
#           value: 360.0
#       representation_type: spherical
# schema: astropy-2.0
sc.ra sc.dec sc.distance width
171.0081445406555 18.00255932624418 13.0 0.4
171.01812869725524 18.00569616456815 13.0 0.4
171.02811320916388 18.008832491418637 13.0 0.4
171.03809807640224 18.01196830668221 13.0 0.4
171.0480832989913 18.015103610245433 13.0 0.4
171.05806887695167 18.018238401994868 13.0 0.4
171.0680548103041 18.021372681817063 13.0 0.4
171.07804109906937 18.024506449598615 13.0 0.4
171.08802774326801 18.02763970522609 13.0 0.4
171.09801474292067 18.03077244858606 13.0 0.4
171.1080020980479 18.03390467956512 13.0 0.4
171.11798980867022 18.037036398049842 13.0 0.4
171.1279778748081 18.040167603926843 13.0 0.4
171.13796629648198 18.043298297082696 13.0 0.4
171.14795507371224 18.04642847740402 13.0 0.4
171.15794420651926 18.049558144777418 13.0 0.4
171.16793369492333 18.052687299089502 13.0 0.4
171.1779235389447 18.05581594022687 13.0 0.4
171.18791373860364 18.058944068076155 13.0 0.4
171.1979042939203 18.062071682523985 13.0 0.4
171.2078952049148 18.065198783456978 13.0 0.4
171.2178864716073 18.068325370761766 13.0 0.4
171.22787809401783 18.071451444324996 13.0 0.4
171.23787007216637 18.074577004033312 13.0 0.4
171.24786240607295 18.077702049773336 13.0 0.4
171.2578550957575 18.080826581431737 13.0 0.4
171.26784814123988 18.08395059889518 13.0 0.4
171.27784154253996 18.08707410205029 13.0 0.4
171.2878352996775 18.090197090783757 13.0 0.4
171.29782941267237 18.093319564982252 13.0 0.4
171.30782388154418 18.096441524532423 13.0 0.4
171.3178187063127 18.09956296932097 13.0 0.4
171.32781388699752 18.10268389923457 13.0 0.4
171.33780942361827 18.105804314159904 13.0 0.4
171.34780531619444 18.108924213983656 13.0 0.4
171.35780156474567 18.112043598592543 13.0 0.4
171.3677981692913 18.115162467873244 13.0 0.4
171.3777951298508 18.11828082171246 13.0 0.4
171.38779244644365 18.12139865999693 13.0 0.4
171.39779011908905 18.124515982613335 13.0 0.4
171.40778814780637 18.1276327894484 13.0 0.4
171.41778653261497 18.13074908038887 13.0 0.4
171.4277852735339 18.13386485532145 13.0 0.4
171.43778437058248 18.13698011413286 13.0 0.4
171.44778382377973 18.14009485670986 13.0 0.4
171.45778363314486 18.143209082939194 13.0 0.4
171.46778379869681 18.146322792707586 13.0 0.4
171.47778432045465 18.149435985901793 13.0 0.4
171.48778519843742 18.15254866240858 13.0 0.4
171.49778643266393 18.155660822114697 13.0 0.4
171.50778802315307 18.158772464906896 13.0 0.4
171.51778996992377 18.161883590671984 13.0 0.4
171.52779227299476 18.1649941992967 13.0 0.4
171.53779493238483 18.16810429066783 13.0 0.4
171.54779794811267 18.171213864672158 13.0 0.4
171.55780132019697 18.17432292119647 13.0 0.4
171.56780504865637 18.17743146012756 13.0 0.4
171.57780913350942 18.18053948135223 13.0 0.4
171.58781357477474 18.183646984757264 13.0 0.4
171.59781837247078 18.186753970229482 13.0 0.4
171.60782352661604 18.1898604376557 13.0 0.4
171.6178290372289 18.192966386922706 13.0 0.4
171.62783490432773 18.196071817917346 13.0 0.4
171.63784112793093 18.19917673052645 13.0 0.4
171.6478477080567 18.202281124636816 13.0 0.4
171.6578546447234 18.205385000135305 13.0 0.4
171.6678619379492 18.208488356908752 13.0 0.4
171.67786958775224 18.211591194843983 13.0 0.4
171.68787759415065 18.21469351382787 13.0 0.4
171.69788595716255 18.217795313747267 13.0 0.4
171.70789467680595 18.220896594489012 13.0 0.4
171.71790375309885 18.223997355939968 13.0 0.4
171.7279131860592 18.227097597987022 13.0 0.4
171.73792297570495 18.230197320517043 13.0 0.4
171.74793312205392 18.233296523416886 13.0 0.4
171.757943625124 18.236395206573462 13.0 0.4
171.76795448493291 18.23949336987365 13.0 0.4
171.77796570149846 18.24259101320433 13.0 0.4
171.78797727483825 18.2456881364524 13.0 0.4
171.7979892049701 18.248784739504778 13.0 0.4
171.80800149191148 18.251880822248356 13.0 0.4
171.81801413568 18.25497638457004 13.0 0.4
171.82802713629326 18.25807142635677 13.0 0.4
171.8380404937687 18.26116594749544 13.0 0.4
171.8480542081237 18.264259947872986 13.0 0.4
171.85806827937583 18.267353427376356 13.0 0.4
171.8680827075423 18.270446385892456 13.0 0.4
171.87809749264048 18.27353882330825 13.0 0.4
171.88811263468764 18.27663073951067 13.0 0.4
171.89812813370105 18.27972213438667 13.0 0.4
171.9081439896979 18.282813007823208 13.0 0.4
171.9181602026953 18.28590335970724 13.0 0.4
171.92817677271034 18.288993189925733 13.0 0.4
171.93819369976018 18.29208249836566 13.0 0.4
171.94821098386177 18.295171284913998 13.0 0.4
171.95822862503206 18.29825954945771 13.0 0.4
171.96824662328805 18.301347291883804 13.0 0.4
171.97826497864662 18.30443451207926 13.0 0.4
171.9882836911246 18.30752120993106 13.0 0.4
171.99830276073882 18.310607385326236 13.0 0.4
172.00832218750605 18.313693038151765 13.0 0.4
172.018341971443 18.316778168294668 13.0 0.4
172.02836211256633 18.31986277564196 13.0 0.4
172.0383826108927 18.322946860080656 13.0 0.4
172.04840346643877 18.326030421497798 13.0 0.4
172.05842467922096 18.32911345978038 13.0 0.4
172.06844624925589 18.332195974815473 13.0 0.4
172.07846817655997 18.335277966490104 13.0 0.4
172.08849046114963 18.338359434691316 13.0 0.4
172.09851310304128 18.341440379306167 13.0 0.4
172.10853610225126 18.344520800221712 13.0 0.4
172.1185594587958 18.347600697324992 13.0 0.4
172.12858317269124 18.350680070503103 13.0 0.4
172.13860724395377 18.353758919643102 13.0 0.4
172.14863167259952 18.356837244632064 13.0 0.4
172.1586564586446 18.359915045357056 13.0 0.4
172.16868160210518 18.362992321705192 13.0 0.4
172.17870710299724 18.36606907356355 13.0 0.4
172.1887329613367 18.369145300819216 13.0 0.4
172.19875917713972 18.372221003359314 13.0 0.4
172.20878575042204 18.37529618107094 13.0 0.4
172.21881268119958 18.378370833841196 13.0 0.4
172.22883996948815 18.381444961557204 13.0 0.4
172.23886761530358 18.384518564106106 13.0 0.4
172.24889561866152 18.387591641375003 13.0 0.4
172.25892397957773 18.390664193251034 13.0 0.4
172.26895269806792 18.393736219621356 13.0 0.4
172.27898177414755 18.396807720373094 13.0 0.4
172.2890112078323 18.39987869539339 13.0 0.4
172.2990409991377 18.402949144569423 13.0 0.4
172.30907114807914 18.406019067788325 13.0 0.4
172.31910165467215 18.409088464937273 13.0 0.4
172.32913251893208 18.41215733590344 13.0 0.4
172.3391637408743 18.41522568057399 13.0 0.4
172.34919532051413 18.418293498836107 13.0 0.4
172.35922725786682 18.421360790576987 13.0 0.4
172.36925955294757 18.424427555683803 13.0 0.4
172.37929220577158 18.42749379404376 13.0 0.4
172.38932521635402 18.43055950554407 13.0 0.4
172.39935858470992 18.43362469007191 13.0 0.4
172.40939231085437 18.436689347514505 13.0 0.4
172.4194263948024 18.439753477759094 13.0 0.4
172.42946083656892 18.442817080692862 13.0 0.4
172.43949563616886 18.44588015620306 13.0 0.4
172.4495307936172 18.44894270417693 13.0 0.4
172.45956630892863 18.452004724501677 13.0 0.4
172.46960218211802 18.45506621706457 13.0 0.4
172.4796384132001 18.458127181752857 13.0 0.4
172.4896750021896 18.46118761845379 13.0 0.4
172.49971194910114 18.464247527054617 13.0 0.4
172.50974925394937 18.46730690744261 13.0 0.4
172.51978691674887 18.47036575950505 13.0 0.4
172.52982493751412 18.4734240831292 13.0 0.4
172.5398633162597 18.476481878202343 13.0 0.4
172.549902053 18.479539144611785 13.0 0.4
172.55994114774944 18.482595882244784 13.0 0.4
172.56998060052234 18.485652090988655 13.0 0.4
172.5800204113331 18.488707770730716 13.0 0.4
172.5900605801959 18.491762921358255 13.0 0.4
172.600101107125 18.494817542758582 13.0 0.4
172.61014199213463 18.497871634819045 13.0 0.4
172.6201832352389 18.50092519742694 13.0 0.4
172.63022483645184 18.503978230469603 13.0 0.4
172.64026679578768 18.507030733834384 13.0 0.4
172.65030911326028 18.51008270740861 13.0 0.4
172.66035178888367 18.513134151079623 13.0 0.4
172.6703948226718 18.51618506473481 13.0 0.4
172.68043821463849 18.51923544826149 13.0 0.4
172.69048196479758 18.52228530154704 13.0 0.4
172.70052607316293 18.52533462447883 13.0 0.4
172.7105705397483 18.528383416944234 13.0 0.4
172.7206153645673 18.531431678830636 13.0 0.4
172.73066054763365 18.534479410025412 13.0 0.4
172.74070608896102 18.537526610415966 13.0 0.4
172.75075198856294 18.54057327988969 13.0 0.4
172.76079824645294 18.54361941833398 13.0 0.4
172.7708448626445 18.546665025636244 13.0 0.4
172.78089183715116 18.549710101683907 13.0 0.4
172.79093916998622 18.55275464636438 13.0 0.4
172.80098686116307 18.55579865956508 13.0 0.4
172.81103491069504 18.558842141173457 13.0 0.4
172.8210833185954 18.561885091076938 13.0 0.4
172.83113208487742 18.56492750916296 13.0 0.4
172.8411812095542 18.56796939531896 13.0 0.4
172.85123069263898 18.57101074943242 13.0 0.4
172.8612805341448 18.574051571390786 13.0 0.4
172.8713307340847 18.577091861081506 13.0 0.4
172.88138129247176 18.580131618392066 13.0 0.4
172.8914322093189 18.58317084320995 13.0 0.4
172.90148348463904 18.58620953542261 13.0 0.4
172.9115351184451 18.589247694917564 13.0 0.4
172.9215871107499 18.592285321582295 13.0 0.4
172.93163946156625 18.59532241530429 13.0 0.4
172.94169217090683 18.598358975971063 13.0 0.4
172.95174523878447 18.601395003470127 13.0 0.4
172.96179866521172 18.60443049768899 13.0 0.4
172.97185245020123 18.60746545851517 13.0 0.4
172.98190659376561 18.61049988583621 13.0 0.4
172.99196109591742 18.613533779539633 13.0 0.4
173.00201595666903 18.616567139512977 13.0 0.4
173.01207117603295 18.619599965643786 13.0 0.4
173.02212675402166 18.62263225781962 13.0 0.4
173.0321826906474 18.625664015928017 13.0 0.4
173.0422389859225 18.62869523985655 13.0 0.4
173.05229563985932 18.6317259294928 13.0 0.4
173.06235265247 18.634756084724312 13.0 0.4
173.0724100237667 18.637785705438677 13.0 0.4
173.08246775376168 18.640814791523496 13.0 0.4
173.0925258424669 18.643843342866344 13.0 0.4
173.10258428989445 18.646871359354805 13.0 0.4
173.11264309605642 18.64989884087652 13.0 0.4
173.12270226096467 18.652925787319063 13.0 0.4
173.13276178463119 18.655952198570066 13.0 0.4
173.14282166706778 18.658978074517137 13.0 0.4
173.15288190828633 18.662003415047913 13.0 0.4
173.16294250829858 18.66502822005002 13.0 0.4
173.17300346711633 18.668052489411103 13.0 0.4
173.18306478475125 18.671076223018794 13.0 0.4
173.193126461215 18.67409942076075 13.0 0.4
173.20318849651918 18.67712208252464 13.0 0.4
173.21325089067534 18.680144208198097 13.0 0.4
173.22331364369506 18.68316579766881 13.0 0.4
173.23337675558977 18.686186850824445 13.0 0.4
173.24344022637095 18.689207367552683 13.0 0.4
173.2535040560499 18.692227347741216 13.0 0.4
173.2635682446381 18.695246791277725 13.0 0.4
173.27363279214677 18.69826569804992 13.0 0.4
173.28369769858716 18.70128406794548 13.0 0.4
173.2937629639705 18.704301900852144 13.0 0.4
173.30382858830802 18.707319196657618 13.0 0.4
173.31389457161072 18.710335955249604 13.0 0.4
173.32396091388978 18.713352176515855 13.0 0.4
173.33402761515626 18.716367860344103 13.0 0.4
173.34409467542105 18.719383006622067 13.0 0.4
173.3541620946952 18.722397615237508 13.0 0.4
173.3642298729896 18.72541168607819 13.0 0.4
173.37429801031507 18.728425219031845 13.0 0.4
173.3843665066824 18.73143821398624 13.0 0.4
173.39443536210246 18.734450670829172 13.0 0.4
173.40450457658594 18.737462589448384 13.0 0.4
173.41457415014344 18.740473969731667 13.0 0.4
173.42464408278576 18.743484811566834 13.0 0.4
173.43471437452337 18.74649511484165 13.0 0.4
173.44478502536688 18.749504879443915 13.0 0.4
173.4548560353268 18.752514105261465 13.0 0.4
173.46492740441357 18.755522792182084 13.0 0.4
173.4749991326376 18.758530940093603 13.0 0.4
173.48507122000927 18.761538548883838 13.0 0.4
173.49514366653898 18.764545618440643 13.0 0.4
173.50521647223692 18.767552148651827 13.0 0.4
173.51528963711337 18.770558139405242 13.0 0.4
173.52536316117855 18.773563590588758 13.0 0.4
173.53543704444263 18.776568502090207 13.0 0.4
173.5455112869156 18.779572873797452 13.0 0.4
173.5555858886077 18.782576705598384 13.0 0.4
173.56566084952883 18.785579997380854 13.0 0.4
173.575736169689 18.788582749032752 13.0 0.4
173.58581184909815 18.791584960441963 13.0 0.4
173.59588788776614 18.794586631496376 13.0 0.4
173.60596428570284 18.7975877620839 13.0 0.4
173.61604104291806 18.800588352092444 13.0 0.4
173.6261181594215 18.8035884014099 13.0 0.4
173.63619563522295 18.806587909924204 13.0 0.4
173.64627347033203 18.80958687752329 13.0 0.4
173.65635166475832 18.812585304095055 13.0 0.4
173.66643021851147 18.81558318952746 13.0 0.4
173.67650913160102 18.818580533708456 13.0 0.4
173.68658840403634 18.82157733652597 13.0 0.4
173.69666803582703 18.824573597867968 13.0 0.4
173.7067480269824 18.827569317622423 13.0 0.4
173.7168283775118 18.830564495677294 13.0 0.4
173.72690908742453 18.83355913192055 13.0 0.4
173.73699015672992 18.836553226240177 13.0 0.4
173.74707158543717 18.83954677852418 13.0 0.4
173.75715337355538 18.842539788660527 13.0 0.4
173.76723552109377 18.845532256537233 13.0 0.4
173.77731802806144 18.848524182042308 13.0 0.4
173.7874008944673 18.85151556506375 13.0 0.4
173.79748412032052 18.854506405489595 13.0 0.4
173.80756770562994 18.857496703207875 13.0 0.4
173.8176516504045 18.8604864581066 13.0 0.4
173.82773595465306 18.86347567007381 13.0 0.4
173.83782061838446 18.866464338997584 13.0 0.4
173.84790564160744 18.869452464765935 13.0 0.4
173.85799102433072 18.87244004726693 13.0 0.4
173.86807676656306 18.87542708638866 13.0 0.4
173.87816286831304 18.878413582019167 13.0 0.4
173.88824932958926 18.88139953404654 13.0 0.4
173.8983361504003 18.884384942358874 13.0 0.4
173.9084233307546 18.887369806844237 13.0 0.4
173.9185108706607 18.890354127390736 13.0 0.4
173.928598770127 18.893337903886486 13.0 0.4
173.9386870291618 18.896321136219587 13.0 0.4
173.94877564777352 18.899303824278157 13.0 0.4
173.95886462597042 18.902285967950316 13.0 0.4
173.9689539637607 18.9052675671242 13.0 0.4
173.9790436611526 18.908248621687946 13.0 0.4
173.9891337181542 18.911229131529684 13.0 0.4
173.9992241347737 18.914209096537594 13.0 0.4
174.00931491101906 18.917188516599804 13.0 0.4
174.01940604689838 18.92016739160448 13.0 0.4
174.02949754241956 18.923145721439806 13.0 0.4
174.03958939759056 18.92612350599394 13.0 0.4
174.04968161241925 18.929100745155083 13.0 0.4
174.0597741869135 18.932077438811405 13.0 0.4
174.06986712108105 18.935053586851122 13.0 0.4
174.07996041492962 18.938029189162425 13.0 0.4
174.090054068467 18.941004245633533 13.0 0.4
174.10014808170078 18.943978756152635 13.0 0.4
174.11024245463855 18.946952720607978 13.0 0.4
174.12033718728796 18.949926138887793 13.0 0.4
174.13043227965645 18.9528990108803 13.0 0.4
174.14052773175152 18.955871336473763 13.0 0.4
174.15062354358062 18.958843115556412 13.0 0.4
174.1607197151511 18.9618143480165 13.0 0.4
174.1708162464703 18.964785033742313 13.0 0.4
174.1809131375456 18.967755172622105 13.0 0.4
174.19101038838411 18.97072476454415 13.0 0.4
174.2011079989931 18.97369380939673 13.0 0.4
174.21120596937982 18.97666230706815 13.0 0.4
174.2213042995512 18.979630257446686 13.0 0.4
174.23140298951444 18.982597660420648 13.0 0.4
174.24150203927658 18.98556451587835 13.0 0.4
174.25160144884455 18.988530823708118 13.0 0.4
174.26170121822526 18.991496583798263 13.0 0.4
174.2718013474256 18.9944617960371 13.0 0.4
174.2819018364525 18.997426460313 13.0 0.4
174.29200268531267 19.000390576514288 13.0 0.4
174.30210389401287 19.003354144529304 13.0 0.4
174.3122054625599 19.006317164246436 13.0 0.4
174.3223073909603 19.00927963555402 13.0 0.4
174.33240967922075 19.01224155834043 13.0 0.4
174.34251232734783 19.015202932494066 13.0 0.4
174.35261533534805 19.018163757903295 13.0 0.4
174.3627187032279 19.02112403445651 13.0 0.4
174.3728224309938 19.024083762042117 13.0 0.4
174.3829265186522 19.027042940548508 13.0 0.4
174.39303096620938 19.030001569864105 13.0 0.4
174.40313577367164 19.032959649877327 13.0 0.4
174.41324094104533 19.035917180476606 13.0 0.4
174.42334646833655 19.038874161550357 13.0 0.4
174.43345235555154 19.041830592987054 13.0 0.4
174.44355860269636 19.044786474675092 13.0 0.4
174.4536652097771 19.04774180650297 13.0 0.4
174.46377217679986 19.05069658835914 13.0 0.4
