galstreams/tracks/track.st.M68.palau2019.ecsv
# %ECSV 0.9
# ---
# datatype:
# - {name: ra, unit: deg, datatype: float64}
# - {name: dec, unit: deg, datatype: float64}
# - {name: distance, unit: kpc, datatype: float64}
# - {name: pm_ra_cosdec, unit: mas / yr, datatype: float64}
# - {name: pm_dec, unit: mas / yr, datatype: float64}
# - {name: radial_velocity, unit: km / s, datatype: float64}
# delimiter: ','
# meta: !!omap
# - __serialized_columns__:
#     dec:
#       __class__: astropy.coordinates.angles.Latitude
#       unit: &id001 !astropy.units.Unit {unit: deg}
#       value: !astropy.table.SerializedColumn {name: dec}
#     distance:
#       __class__: astropy.coordinates.distances.Distance
#       unit: !astropy.units.Unit {unit: kpc}
#       value: !astropy.table.SerializedColumn {name: distance}
#     pm_dec:
#       __class__: astropy.units.quantity.Quantity
#       unit: !astropy.units.Unit {unit: mas / yr}
#       value: !astropy.table.SerializedColumn {name: pm_dec}
#     pm_ra_cosdec:
#       __class__: astropy.units.quantity.Quantity
#       unit: !astropy.units.Unit {unit: mas / yr}
#       value: !astropy.table.SerializedColumn {name: pm_ra_cosdec}
#     ra:
#       __class__: astropy.coordinates.angles.Longitude
#       unit: *id001
#       value: !astropy.table.SerializedColumn {name: ra}
#       wrap_angle: !astropy.coordinates.Angle
#         unit: *id001
#         value: 360.0
#     radial_velocity:
#       __class__: astropy.units.quantity.Quantity
#       unit: !astropy.units.Unit {unit: km / s}
#       value: !astropy.table.SerializedColumn {name: radial_velocity}
# schema: astropy-2.0
ra,dec,distance,pm_ra_cosdec,pm_dec,radial_velocity
[from data line 140]
212.79657616627225,43.40846743094978,5.756676402382906,0.1825434400454338,5.558568868302611,1.6841534259744676e-14
213.26081493259673,43.98583506909421,5.769069254712267,0.24587760163419747,5.5599448753057,0.0
213.73573331681453,44.5607118314304,5.7808551699308275,0.3101539540251317,5.559685262441048,0.0
214.221692576389,45.133000195620774,5.792012238098106,0.37537661708918035,5.557738916853978,0.0
214.7190675699315,45.70259790642995,5.8025185492736195,0.4415486388416412,5.554052962931783,3.368306851948935e-14
215.22824715411184,46.269397736492024,5.812352193516889,0.5086718596785658,5.548572694558609,1.6841534259744676e-14
215.74963456809212,46.83328723526452,5.821491260887435,0.5767467631970196,5.541241507915926,-3.368306851948935e-14
216.28364780056367,47.394148465849774,5.829913841444772,0.6457723124036785,5.53200083554974,-3.368306851948935e-14
216.83071993368162,47.95185772941282,5.837598025248426,0.7157457700377268,5.520790082567652,1.6841534259744676e-14
217.39129945730716,48.506285276987214,5.8445219023579105,0.7866625016571211,5.507546565992186,-5.0524602779234026e-14
217.96585054597924,49.05729500853902,5.850663562832748,0.8585157600639919,5.492205458483318,3.368306851948935e-14
218.554853289931,49.60474415925555,5.856001096732456,0.931296449577951,5.474699737856241,-2.5262301389617013e-14
219.1588038702391,50.14848297314534,5.860512594116553,1.0049928686086331,5.45496014406196,-1.6841534259744676e-14
219.77821466683304,50.68835436417876,5.864176145044561,1.0795904289350209,5.432915145571577,-8.420767129872338e-15
220.41361428659508,51.224193565372126,5.866969839575996,1.1550713500739207,5.408490917412512,-8.420767129872338e-15
221.06554749713874,51.75582776642352,5.868871767770378,1.2314143271194022,5.381611333448792,-8.420767129872338e-15
221.7345750500696,52.28307574075139,5.869860019687231,1.3085941704665038,5.352197975880294,-2.5262301389617013e-14
222.42127337559913,52.805747463072244,5.869912685386066,1.386581415904221,5.320170165358779,-4.210383564936169e-14
223.12623412831573,53.323643718986546,5.869007854926409,1.4653419036854578,5.285445015582479,-2.5262301389617013e-14
223.8500635617178,53.83655570842691,5.867123618367775,1.5448363253664548,5.247937516735867,-2.5262301389617013e-14
224.59338170681207,54.34426464526639,5.864238065769683,1.6250197374691746,5.2075606526845535,1.6841534259744676e-14
225.35682132769654,54.84654135589271,5.8603292871916555,1.7058410413726126,5.164225557413516,8.420767129872338e-15
226.14102662462787,55.343145880130905,5.855375372693212,1.7872424293001852,5.117841716803293,-8.420767129872338e-15
226.94665165267173,55.833827078548275,5.849354412333867,1.8691587968596823,5.068317222463203,0.0
227.7743584217242,56.318322250905766,5.842244496173144,1.9515171233303146,5.0155590849692455,-8.420767129872338e-15
228.62481464156815,56.79635677133043,5.834023714270559,2.0342358218000403,4.959473614467551,-3.368306851948935e-14
229.49869107380556,57.26764374667843,5.824670156685635,2.1172240623583507,4.899966877176963,-1.6841534259744676e-14
230.39665845113362,57.73188370553238,5.814161913477888,2.2003810728667688,4.836945236824006,-1.6841534259744676e-14
231.31938392367826,58.18876432632868,5.802477074706837,2.283595423382075,4.770315990429532,-5.0524602779234026e-14
232.2675269921752,58.63796021423086,5.789593730432005,2.3667443021123065,4.69998810808892,-2.5262301389617013e-14
233.24173488893234,59.07913273753797,5.775489970712906,2.4496927928540675,4.625873086387433,-8.420767129872338e-15
234.24263736999245,59.51192993562477,5.760143885609063,2.5322931661935733,4.547885924799005,-8.420767129872338e-15
235.2708408860475,59.93598651162359,5.743533565179995,2.614384199343511,4.465946233750529,-8.420767129872338e-15
236.3269221057595,60.350923924239034,5.725637099485217,2.6957905423064545,4.379979481905478,-1.6841534259744676e-14
237.41142077356346,60.756350594190394,5.706432578584254,2.7763221510560085,4.289918388534275,-8.420767129872338e-15
238.5248318951158,61.15186224174291,5.685898092536622,2.8557738115362414,4.19570446449397,-8.420767129872338e-15
239.66759725761025,61.53704237255,5.66401173140184,2.9339247813926033,4.0972897022394275,-4.210383564936169e-14
240.84009630951877,61.911462929499365,5.640751585239428,3.010538579325297,3.9946384113419175,8.420767129872338e-15
242.0426364450829,62.2746851283474,5.616095744108906,3.0853629546179664,3.8877291911297633,8.420767129872338e-15
243.2754427631878,62.62626049453063,5.590022298069791,3.158130071522125,3.7765570262485255,-8.420767129872338e-15
244.53864739795773,62.9657321175562,5.562509337181606,3.2285569445103617,3.6611354841711927,-8.420767129872338e-15
245.832278549219,63.29263613767902,5.533534951503865,3.2963461606559505,3.5414989860371424,-1.2631150694808506e-14
247.15624937425815,63.60650347706762,5.50307723109609,3.3611869242349837,3.417705113805957,-8.420767129872338e-15
248.5103469371458,63.906861824248075,5.471114266017802,3.4227564557557755,3.2898369078140672,-1.2631150694808506e-14
249.89422144700092,64.19323787622356,5.437624146328516,3.4807217726914024,3.1580050997612155,1.2631150694808506e-14
251.30737605027176,64.4651598372593,5.402584962087755,3.534741871965631,3.0223502173836208,-1.2631150694808506e-14
252.74915747238205,64.72216016690872,5.365974803355037,3.584470324546987,2.8830444891575158,-8.420767129872338e-15
254.2187478285773,64.96377856250454,5.327771760189879,3.6295582802926134,2.740293470982572,0.0
255.7151579399574,65.1895651531893,5.287953922651804,3.6696578665761646,2.594337312651014,-2.1051917824680846e-14
257.23722249586075,65.39908387383186,5.246499380800328,3.7044259475612265,2.445451580769295,1.2631150694808506e-14
258.78359739547864,65.59191597817119,5.20338622469497,3.7335281928080883,2.293947557382084,-2.947268495455318e-14
260.3527595777082,65.76766364162854,5.158592544395254,3.756643385035265,2.1401719404549517,-4.210383564936169e-15
261.94300960731476,65.92595359588202,5.112096429960695,3.77346787833619,1.9845058840076513,-2.5262301389617013e-14
263.5524772269202,66.06644073000363,5.063875971450813,3.7837201011988886,1.8273633321748501,2.1051917824680845e-15
265.1791300087433,66.18881158723464,5.013909258925124,3.7871449846252543,1.6691886225711672,0.0
266.82078514931897,66.29278768281694,4.962174382443153,3.7835181858316993,1.5104533594110692,-4.631421921429786e-14
268.4751243479169,66.37812856714845,4.908649432064415,3.7726499736447217,1.3516525848207528,-2.947268495455318e-14
270.1397115996776,66.44463456021526,4.853312497848431,3.7543886437283676,1.1933003062317975,-1.894672604221276e-14
271.8120136233038,66.49214908796338,4.796141669854722,3.7286233407451967,1.035924466913053,-2.1051917824680846e-14
273.48942253688114,66.5205605590116,4.7371150381428055,3.6952861805057444,0.8800614736555439,-2.1051917824680845e-15
