galstreams/tracks/track.st.NGC288.ibata2024.ecsv
# %ECSV 1.0
# ---
# datatype:
# - {name: ra, unit: deg, datatype: float64}
# - {name: dec, unit: deg, datatype: float64}
# - {name: distance, unit: kpc, datatype: float64}
# - {name: pm_ra_cosdec, unit: mas / yr, datatype: float64}
# - {name: pm_dec, unit: mas / yr, datatype: float64}
# - {name: radial_velocity, unit: km / s, datatype: float64}
# delimiter: ','
# meta: !!omap
# - __serialized_columns__:
#     dec:
#       __class__: astropy.coordinates.angles.Latitude
#       unit: &id001 !astropy.units.Unit {unit: deg}
#       value: !astropy.table.SerializedColumn {name: dec}
#     distance:
#       __class__: astropy.coordinates.distances.Distance
#       unit: !astropy.units.Unit {unit: kpc}
#       value: !astropy.table.SerializedColumn {name: distance}
#     pm_dec:
#       __class__: astropy.units.quantity.Quantity
#       unit: !astropy.units.Unit {unit: mas / yr}
#       value: !astropy.table.SerializedColumn {name: pm_dec}
#     pm_ra_cosdec:
#       __class__: astropy.units.quantity.Quantity
#       unit: !astropy.units.Unit {unit: mas / yr}
#       value: !astropy.table.SerializedColumn {name: pm_ra_cosdec}
#     ra:
#       __class__: astropy.coordinates.angles.Longitude
#       unit: *id001
#       value: !astropy.table.SerializedColumn {name: ra}
#       wrap_angle: !astropy.coordinates.Angle
#         unit: *id001
#         value: 360.0
#     radial_velocity:
#       __class__: astropy.units.quantity.Quantity
#       unit: !astropy.units.Unit {unit: km / s}
#       value: !astropy.table.SerializedColumn {name: radial_velocity}
# schema: astropy-2.0
ra,dec,distance,pm_ra_cosdec,pm_dec,radial_velocity
7.470250419940526,-20.96248333132011,0.9999999999999992,4.188088627541742,-4.404508889439237,-111.88886057822218
7.489667569971715,-20.97468567658875,0.999999999999999,4.187941967694595,-4.408137175223357,-111.13197958513766
7.509046695956295,-20.986892422027488,0.9999999999999992,4.187795454293749,-4.411762062508252,-110.37899933641977
7.5283878278017,-20.999103570327755,0.9999999999999992,4.187649084389376,-4.415383555188315,-109.62991263517347
7.5476909954114975,-21.01131912417297,0.9999999999999991,4.1875028550330615,-4.419001657156789,-108.88471228450354
7.566956228685305,-21.023539086238124,0.9999999999999992,4.187356763277807,-4.422616372305757,-108.14339108751517
7.586183557518822,-21.03576345919001,0.9999999999999992,4.187210806178041,-4.426227704526173,-107.40594184731319
7.605373011803851,-21.04799224568707,0.9999999999999993,4.187064980789637,-4.429835657707823,-106.67235736700242
7.624524621428243,-21.060225448379306,0.9999999999999992,4.186919284169925,-4.433440235739354,-105.94263044968798
7.643638416275968,-21.072463069908462,0.9999999999999992,4.186773713377686,-4.437041442508242,-105.21675389847469
7.662714426227032,-21.084705112907617,0.9999999999999993,4.186628265473191,-4.440639281900828,-104.4947205164676
7.6817526811575325,-21.096951580001388,0.9999999999999991,4.1864829375181865,-4.444233757802277,-103.77652310677156
7.700753210939617,-21.109202473805755,0.9999999999999992,4.186337726575917,-4.447824874096602,-103.06215447249151
7.7197160454415386,-21.121457796928237,0.9999999999999992,4.186192629711139,-4.451412634666666,-102.35160741673255
7.738641214527579,-21.133717551967496,0.9999999999999993,4.186047643990122,-4.4549970433941475,-101.6448747425994
7.757528748058103,-21.145981741513538,0.9999999999999992,4.1859027664806785,-4.458578104159579,-100.94194925319715
7.776378675889528,-21.158250368147588,0.9999999999999996,4.185757994252143,-4.4621558208423195,-100.2428237516307
7.795191027874326,-21.170523434441996,0.9999999999999994,4.185613324375417,-4.465730197320562,-99.54749104100496
7.813965833861052,-21.1828009429604,0.9999999999999994,4.185468753922956,-4.469301237471328,-98.85594392442499
7.832703123694285,-21.19508289625738,0.9999999999999994,4.185324279968791,-4.472868945170468,-98.16817520499556
7.851402927214675,-21.207369296878575,0.9999999999999993,4.185179899588542,-4.4764333242926675,-97.48417768582172
7.870065274258914,-21.21966014736063,0.9999999999999992,4.185035609859414,-4.479994378711425,-96.80394417000839
7.888690194659733,-21.23195545023107,0.9999999999999992,4.184891407860224,-4.483552112299071,-96.12746746066058
7.907277718245951,-21.244255208008482,0.9999999999999994,4.184747290671408,-4.4871065289267555,-95.45474036088312
7.92582787484239,-21.25655942320215,0.9999999999999993,4.184603255375025,-4.490657632464455,-94.78575567378097
7.944340694269926,-21.26886809831219,0.9999999999999996,4.184459299054772,-4.494205426780951,-94.12050620245911
7.9628162063454715,-21.281181235829433,0.9999999999999996,4.184315418795994,-4.497749915743856,-93.45898475002252
7.981254440881998,-21.29349883823557,0.9999999999999992,4.184171611685699,-4.501291103219584,-92.80118411957605
7.999655427688493,-21.305820908002822,0.9999999999999996,4.184027874812555,-4.504828993073378,-92.14709711422475
8.018019196569986,-21.31814744759404,0.9999999999999994,4.183884205266926,-4.508363589169278,-91.49671653707341
8.036345777327535,-21.330478459462682,0.9999999999999994,4.183740600140849,-4.5118948953701405,-90.85003519122715
8.054635199758227,-21.342813946052654,0.9999999999999997,4.183597056528071,-4.51542291553763,-90.2070458797908
8.072887493655195,-21.355153909798528,0.9999999999999994,4.183453571524055,-4.5189476535322175,-89.56774140586931
8.091102688807585,-21.367498353125132,0.9999999999999994,4.1833101422259755,-4.522469113213171,-88.93211457256764
8.109280815000567,-21.37984727844774,0.9999999999999994,4.183166765732745,-4.525987298438565,-88.30015818299077
8.127421902015328,-21.392200688171993,0.9999999999999996,4.183023439145017,-4.529502213065285,-87.67186504024359
8.14552597962909,-21.40455858469376,0.9999999999999996,4.1828801595652,-4.533013860949,-87.04722794743108
8.163593077615099,-21.41692097039933,0.9999999999999996,4.182736924097462,-4.536522245944176,-86.42623970765813
8.181623225742605,-21.429287847665076,0.9999999999999997,4.182593729847752,-4.54002737190409,-85.80889312402974
8.199616453776875,-21.441659218857545,0.9999999999999996,4.182450573923793,-4.543529242680798,-85.19518099965083
8.217572791479183,-21.454035086333402,0.9999999999999993,4.1823074534351115,-4.547027862125153,-84.58509613762631
8.235492268606846,-21.466415452439524,0.9999999999999994,4.182164365493027,-4.550523234086796,-83.97863134106123
8.25337491491316,-21.478800319512693,0.9999999999999997,4.182021307210684,-4.55401536241415,-83.37577941306037
8.271220760147445,-21.49118968987972,0.9999999999999993,4.1818782757030455,-4.557504250954433,-82.77653315672876
8.28902983405502,-21.50358356585738,0.9999999999999994,4.1817352680869115,-4.560989903553642,-82.18088537517141
8.306802166377201,-21.51598194975231,0.9999999999999996,4.181592281480923,-4.564472324056558,-81.58882887149316
8.324537786851346,-21.52838484386116,0.9999999999999996,4.181449313005581,-4.567951516306742,-81.000356448799
8.342236725210771,-21.540792250470265,0.9999999999999996,4.181306359783246,-4.57142748414652,-80.4154609101938
8.359899011184817,-21.55320417185578,0.9999999999999996,4.181163418938159,-4.5749002314170255,-79.8341350587826
8.377524674498815,-21.565620610283602,0.9999999999999997,4.181020487596436,-4.578369761958129,-79.2563716976703
8.395113744874081,-21.578041568009294,0.9999999999999997,4.180877562886099,-4.581836079608502,-78.68216362996186
8.41266625202797,-21.590467047278217,0.9999999999999996,4.180734641937067,-4.58529918820557,-78.11150365876213
8.43018222567378,-21.602897050325197,0.9999999999999996,4.180591721881175,-4.588759091585534,-77.54438458717625
8.447661695520834,-21.615331579374683,0.9999999999999996,4.180448799852182,-4.592215793583359,-76.98079921830896
8.465104691274425,-21.627770636640662,0.9999999999999996,4.1803058729857785,-4.595669298032777,-76.42074035526537
8.482511242635844,-21.640214224326552,0.9999999999999996,4.180162938419605,-4.599119608766278,-75.86420080115023
8.499881379302387,-21.652662344625394,0.9999999999999994,4.180019993293249,-4.602566729615116,-75.31117335906868
8.517215130967315,-21.665114999719485,0.9999999999999997,4.179877034748265,-4.606010664409306,-74.76165083212557
8.534512527319876,-21.677572191780527,0.9999999999999994,4.17973405992818,-4.609451416977616,-74.21562602342578
8.551773598045296,-21.69003392296951,0.9999999999999994,4.179591065978498,-4.612888991147568,-73.67309173607438
8.568998372824817,-21.702500195436865,0.9999999999999994,4.179448050046725,-4.616323390745439,-73.13404077317624
8.586186881335625,-21.714971011322135,0.9999999999999997,4.179305009282357,-4.619754619596255,-72.59846593783624
8.603339153250896,-21.727446372754095,0.9999999999999997,4.1791619408369165,-4.623182681523791,-72.0663600331595
8.620455218239794,-21.73992628185073,0.9999999999999994,4.179018841863931,-4.626607580350572,-71.5377158622508
8.637535105967437,-21.752410740719068,0.9999999999999998,4.178875709518969,-4.630029319897862,-71.01252622821521
8.654578846094957,-21.764899751455403,0.9999999999999997,4.1787325409596345,-4.6334479039856715,-70.49078393415753
8.671586468279427,-21.777393316144924,0.9999999999999997,4.178589333345582,-4.63686333643275,-69.97248178318277
8.688558002173908,-21.789891436861893,0.9999999999999998,4.178446083838527,-4.64027562105659,-69.45761257839594
8.70549347742742,-21.802394115669525,0.9999999999999998,4.178302789602249,-4.643684761673407,-68.94616912290186
8.72239292368496,-21.814901354619945,0.9999999999999997,4.1781594478026065,-4.647090762098172,-68.4381442198056
8.739256370587512,-21.82741315575432,0.9999999999999997,4.178016055607547,-4.650493626144568,-67.93353067221202
8.75608384777201,-21.839929521102533,0.9999999999999999,4.177872610187114,-4.6538933576250265,-67.43232128322602
8.77287538487136,-21.852450452683318,0.9999999999999998,4.177729108713456,-4.65728996035069,-66.93450885595267
8.789631011514425,-21.86497595250422,0.9999999999999998,4.177585548360836,-4.660683438131436,-66.44008619349681
8.806350757326037,-21.877506022561455,0.9999999999999996,4.177441926305645,-4.664073794775873,-65.94904609896345
8.823034651927019,-21.89004066484013,0.9999999999999997,4.177298239726399,-4.667461034091315,-65.46138137545746
8.839682724934123,-21.902579881313844,0.9999999999999998,4.177154485803765,-4.670845159883809,-64.97708482608382
8.856295005960073,-21.915123673944898,0.9999999999999999,4.177010661720558,-4.674226175958114,-64.49614925394751
8.872871524613549,-21.927672044684126,0.9999999999999996,4.1768667646617565,-4.677604086117712,-64.01856746215338
8.889412310499218,-21.9402249954711,0.9999999999999998,4.176722791814507,-4.6809788941647845,-63.544332253806495
8.90591739321768,-21.952782528233747,0.9999999999999998,4.176578740368137,-4.684350603900239,-63.0734364320117
8.922386802365496,-21.96534464488854,0.9999999999999999,4.17643460751416,-4.6877192191236885,-62.605872799873985
8.938820567535195,-21.97791134734038,1.0,4.176290390446288,-4.691084743633446,-62.141634160498235
8.955218718315248,-21.990482637482565,0.9999999999999999,4.176146086360443,-4.694447181226542,-61.6807133169895
8.971581284290103,-22.00305851719691,0.9999999999999999,4.176001692454756,-4.697806535698694,-61.22310307245265
8.987908295040148,-22.015638988353427,0.9999999999999999,4.175857205929586,-4.701162810844334,-60.76879622999258
9.004199780141729,-22.02822405281048,0.9999999999999998,4.1757126239875255,-4.704516010456589,-60.3177855927143
9.020455769167146,-22.040813712414717,0.9999999999999999,4.175567943833408,-4.7078661383272795,-59.87006396372273
9.036676291684643,-22.053407969000958,0.9999999999999999,4.175423162674321,-4.7112131982469245,-59.425624146122885
9.052861377258443,-22.066006824392396,0.9999999999999998,4.175278277719606,-4.714557194004733,-58.98445894301964
9.069011055448696,-22.078610280400223,0.9999999999999998,4.1751332861808805,-4.717898129388602,-58.54656115751788
9.085125355811506,-22.091218338823822,0.9999999999999999,4.174988185272034,-4.721236008185118,-58.11192359272261
9.101204307898934,-22.103831001450626,0.9999999999999999,4.174842972209251,-4.724570834179559,-57.680539051738805
9.117247941258999,-22.116448270056292,0.9999999999999999,4.1746976442109975,-4.727902611155878,-57.252400337671425
9.133256285435653,-22.129070146404334,0.9999999999999999,4.174552198498056,-4.731231342896712,-56.82750025362533
9.149229369968811,-22.141696632246333,0.9999999999999998,4.174406632293515,-4.734557033183378,-56.405831602705476
9.165167224394322,-22.15432772932182,0.9999999999999999,4.1742609428227855,-4.737879685795871,-55.98738718801681
9.181069878243985,-22.16696343935819,0.9999999999999999,4.174115127313609,-4.741199304512856,-55.572159812664275
9.196937361045574,-22.179603764070933,0.9999999999999999,4.173969182996071,-4.744515893111677,-55.1601422797529
9.212769702322777,-22.192248705163195,0.9999999999999998,4.173823107102594,-4.747829455368339,-54.751327392387495
9.228566931595251,-22.204898264326044,0.9999999999999999,4.173676896867965,-4.751139995057528,-54.3457079536731
9.24432907837858,-22.217552443238304,1.0,4.173530549529328,-4.754447515952585,-53.94327676671461
9.260056172184305,-22.230211243566533,1.0,4.17338406232621,-4.757752021825519,-53.54402663461694
9.275748242519926,-22.24287466696518,1.0,4.173237432500509,-4.761053516446996,-53.14795036048511
9.291405318888875,-22.25554271507622,0.9999999999999999,4.17309065729652,-4.764352003586348,-52.755040747424026
9.30702743079053,-22.268215389529363,1.0,4.172943733960933,-4.767647487011558,-52.36529059853863
9.322614607720206,-22.28089269194186,0.9999999999999999,4.172796659742847,-4.770939970489267,-51.97869271693383
9.3381668791692,-22.293574623918776,1.0,4.172649431893776,-4.774229457784764,-51.595239905714614
9.353684274624712,-22.306261187052552,0.9999999999999999,4.172502047667656,-4.777515952661992,-51.214924967985915
9.369166823569914,-22.31895238292322,0.9999999999999999,4.172354504320857,-4.780799458883539,-50.83774070685268
9.38461455548391,-22.33164821309833,1.0,4.172206799112186,-4.784079980210639,-50.46367992541987
9.40002749984175,-22.344348679132846,0.9999999999999999,4.1720589293029064,-4.787357520403171,-50.09273542679234
9.415405686114449,-22.357053782569345,1.0,4.171910892156729,-4.790632083219655,-49.72490001407512
9.430749143768946,-22.369763524937643,1.0,4.1717626849398375,-4.793903672417244,-49.36016649037312
9.446057902268143,-22.382477907754996,0.9999999999999998,4.171614304920887,-4.797172291751735,-48.9985276587913
9.46133199107086,-22.39519693252601,0.9999999999999999,4.171465749371009,-4.800437944977551,-48.63997632243461
9.476571439631886,-22.40792060074256,0.9999999999999999,4.171317015563835,-4.803700635847749,-48.28450528440794
9.491776277401971,-22.42064891388398,0.9999999999999999,4.171168100775485,-4.80696036811402,-47.93210734781625
9.50694653382778,-22.433381873416693,1.0,4.1710190022845905,-4.810217145526675,-47.58277531576454
9.52208223835194,-22.446119480794408,0.9999999999999999,4.1708697173723,-4.813470971834662,-47.2365019913577
9.537183420413031,-22.458861737458033,0.9999999999999999,4.170720243322277,-4.81672185078553,-46.8932801777007
9.552250109445552,-22.47160864483558,1.0,4.170570577420721,-4.819969786125464,-46.55310267789842
9.567282334880002,-22.4843602043424,1.0,4.17042071695637,-4.823214781599267,-46.21596229505589
9.58228012614278,-22.497116417380767,1.0000000000000002,4.1702706592205026,-4.826456840950341,-45.88185183227801
9.597243512656263,-22.50987728534009,1.0000000000000002,4.170120401506965,-4.829695967920728,-45.5507640926697
9.612172523838751,-22.522642809596782,1.0,4.169969941112152,-4.832932166251057,-45.22269187933595
9.62706718910454,-22.535412991514455,1.0,4.169819275335038,-4.836165439680568,-44.89762799538165
9.641927537863827,-22.54818783244354,1.0,4.169668401477173,-4.839395791947118,-44.575565243911775
9.656753599522782,-22.560967333721486,1.0,4.169517316842692,-4.842623226787158,-44.25649642803129
9.671545403483533,-22.57375149667271,1.0000000000000002,4.169366018738327,-4.845847747935743,-43.940414350845096
9.68630297914414,-22.586540322608446,1.0,4.1692145044734135,-4.8490693591265295,-43.62731181545814
9.70102635589865,-22.599333812827016,1.0,4.169062771359892,-4.85228806409176,-43.3171816249754
9.715715563137037,-22.61213196861339,1.0,4.168910816712325,-4.855503866562283,-43.010016582501784
9.730370630245238,-22.62493479123946,1.0,4.168758637847899,-4.8587167702675345,-42.70580949114227
9.744991586605147,-22.637742281963895,1.0,4.1686062320864385,-4.86192677893553,-42.40455315400173
9.759578461594597,-22.65055444203209,1.0,4.1684535967504015,-4.865133896292888,-42.106240374185155
9.774131284587423,-22.66337127267634,1.0,4.1683007291649,-4.868338126064796,-41.81086395479752
9.78865008495338,-22.676192775115506,1.0,4.168147626657705,-4.871539471975033,-41.51841669894371
9.803134892058193,-22.689018950555205,0.9999999999999999,4.167994286559243,-4.874737937745953,-41.228891409728696
9.817585735263535,-22.701849800187635,1.0,4.167840706202624,-4.877933527098489,-40.94228089025742
9.832002643927082,-22.71468532519182,1.0000000000000002,4.167686882923627,-4.881126243752141,-40.658577943634796
9.84638564740243,-22.727525526733228,1.0,4.16753281406073,-4.8843160914249975,-40.3777753729658
9.860734775039157,-22.74037040596395,1.0,4.167378496955096,-4.887503073833696,-40.09986598135537
9.875050056182802,-22.75321996402268,1.0000000000000002,4.167223928950593,-4.890687194693458,-39.82484257190846
9.889331520174865,-22.766074202034535,1.0,4.167069107393802,-4.893868457718059,-39.552697947729946
