galstreams/tracks/track.po.20.0-1.mateu2018.ecsv
# %ECSV 0.9
# ---
# datatype:
# - {name: ra, unit: deg, datatype: float64}
# - {name: dec, unit: deg, datatype: float64}
# - {name: distance, unit: kpc, datatype: float64}
# - {name: pm_ra_cosdec, unit: mas / yr, datatype: float64}
# - {name: pm_dec, unit: mas / yr, datatype: float64}
# - {name: radial_velocity, unit: km / s, datatype: float64}
# delimiter: ','
# meta: !!omap
# - __serialized_columns__:
#     dec:
#       __class__: astropy.coordinates.angles.Latitude
#       unit: &id001 !astropy.units.Unit {unit: deg}
#       value: !astropy.table.SerializedColumn {name: dec}
#     distance:
#       __class__: astropy.coordinates.distances.Distance
#       unit: !astropy.units.Unit {unit: kpc}
#       value: !astropy.table.SerializedColumn {name: distance}
#     pm_dec:
#       __class__: astropy.units.quantity.Quantity
#       unit: !astropy.units.Unit {unit: mas / yr}
#       value: !astropy.table.SerializedColumn {name: pm_dec}
#     pm_ra_cosdec:
#       __class__: astropy.units.quantity.Quantity
#       unit: !astropy.units.Unit {unit: mas / yr}
#       value: !astropy.table.SerializedColumn {name: pm_ra_cosdec}
#     ra:
#       __class__: astropy.coordinates.angles.Longitude
#       unit: *id001
#       value: !astropy.table.SerializedColumn {name: ra}
#       wrap_angle: !astropy.coordinates.Angle
#         unit: *id001
#         value: 360.0
#     radial_velocity:
#       __class__: astropy.units.quantity.Quantity
#       unit: !astropy.units.Unit {unit: km / s}
#       value: !astropy.table.SerializedColumn {name: radial_velocity}
# schema: astropy-2.0
ra,dec,distance,pm_ra_cosdec,pm_dec,radial_velocity
[from data line 3042]
307.40191407741656,-21.07144724058894,25.789888122804122,0.0,0.0,0.0
307.40886258265374,-21.063821579429884,25.788877439416172,0.0,0.0,0.0
307.41581014744014,-21.056195442468223,25.787866536990254,0.0,0.0,0.0
307.4227567721032,-21.048568829866163,25.78685541557755,0.0,0.0,0.0
307.42970245697035,-21.040941741785872,25.785844075229253,0.0,0.0,0.0
307.4366472023689,-21.033314178389457,25.784832515996584,0.0,0.0,0.0
307.44359100862613,-21.025686139838957,25.78382073793076,0.0,0.0,0.0
307.4505338760692,-21.01805762629634,25.782808741083016,0.0,0.0,0.0
307.4574758050254,-21.010428637923546,25.781796525504582,0.0,0.0,0.0
307.4644167958216,-21.002799174882423,25.780784091246716,0.0,0.0,0.0
307.47135684878504,-20.995169237334775,25.779771438360683,0.0,0.0,0.0
307.4782959642426,-20.987538825442343,25.77875856689774,0.0,0.0,0.0
307.48523414252116,-20.979907939366807,25.77774547690917,0.0,0.0,0.0
307.49217138394755,-20.97227657926978,25.776732168446287,0.0,0.0,0.0
307.49910768884865,-20.96464474531284,25.77571864156038,0.0,0.0,0.0
307.50604305755115,-20.95701243765746,25.774704896302755,0.0,0.0,0.0
307.5129774903816,-20.94937965646511,25.773690932724744,0.0,0.0,0.0
307.5199109876668,-20.941746401897156,25.77267675087767,0.0,0.0,0.0
307.5268435497331,-20.934112674114925,25.77166235081289,0.0,0.0,0.0
307.533775176907,-20.92647847327967,25.77064773258175,0.0,0.0,0.0
307.5407058695151,-20.91884379955259,25.769632896235617,0.0,0.0,0.0
307.54763562788355,-20.91120865309484,25.76861784182587,0.0,0.0,0.0
307.55456445233875,-20.9035730340675,25.76760256940388,0.0,0.0,0.0
307.56149234320696,-20.895936942631575,25.766587079021047,0.0,0.0,0.0
307.56841930081424,-20.888300378948045,25.765571370728782,0.0,0.0,0.0
307.57534532548686,-20.880663343177815,25.764555444578498,0.0,0.0,0.0
307.5822704175507,-20.873025835481712,25.76353930062162,0.0,0.0,0.0
307.5891945773319,-20.865387856020526,25.762522938909584,0.0,0.0,0.0
307.5961178051563,-20.85774940495499,25.761506359493836,0.0,0.0,0.0
307.6030401013499,-20.850110482445768,25.760489562425832,0.0,0.0,0.0
307.60996146623836,-20.84247108865345,25.759472547757042,0.0,0.0,0.0
307.61688190014746,-20.834831223738583,25.75845531553894,0.0,0.0,0.0
307.623801403403,-20.827190887861676,25.75743786582301,0.0,0.0,0.0
307.6307199763304,-20.819550081183124,25.756420198660756,0.0,0.0,0.0
307.63763761925543,-20.81190880386332,25.755402314103684,0.0,0.0,0.0
307.64455433250345,-20.80426705606256,25.754384212203302,0.0,0.0,0.0
307.65147011640005,-20.796624837941096,25.753365893011154,0.0,0.0,0.0
307.65838497127055,-20.788982149659113,25.752347356578767,0.0,0.0,0.0
307.6652988974402,-20.781338991376746,25.751328602957695,0.0,0.0,0.0
307.6722118952343,-20.77369536325406,25.7503096321995,0.0,0.0,0.0
307.6791239649781,-20.766051265451072,25.74929044435574,0.0,0.0,0.0
307.6860351069967,-20.758406698127732,25.74827103947801,0.0,0.0,0.0
307.69294532161524,-20.750761661443924,25.74725141761788,0.0,0.0,0.0
307.6998546091587,-20.743116155559495,25.746231578826965,0.0,0.0,0.0
307.706762969952,-20.735470180634216,25.745211523156865,0.0,0.0,0.0
307.71367040432006,-20.7278237368278,25.744191250659206,0.0,0.0,0.0
307.7205769125877,-20.720176824299894,25.743170761385624,0.0,0.0,0.0
307.7274824950798,-20.712529443210112,25.742150055387743,0.0,0.0,0.0
307.734387152121,-20.70488159371798,25.741129132717226,0.0,0.0,0.0
307.7412908840359,-20.69723327598299,25.74010799342573,0.0,0.0,0.0
307.74819369114914,-20.689584490164545,25.739086637564924,0.0,0.0,0.0
307.75509557378524,-20.68193523642202,25.738065065186497,0.0,0.0,0.0
307.7619965322687,-20.6742855149147,25.737043276342135,0.0,0.0,0.0
307.76889656692396,-20.666635325801863,25.73602127108354,0.0,0.0,0.0
307.7757956780753,-20.658984669242653,25.73499904946242,0.0,0.0,0.0
307.78269386604705,-20.651333545396213,25.733976611530498,0.0,0.0,0.0
307.7895911311634,-20.643681954421613,25.73295395733951,0.0,0.0,0.0
307.7964874737485,-20.636029896477858,25.731931086941202,0.0,0.0,0.0
307.80338289412657,-20.628377371723897,25.730908000387327,0.0,0.0,0.0
307.81027739262163,-20.62072438031862,25.729884697729634,0.0,0.0,0.0
307.81717096955754,-20.613070922420857,25.7288611790199,0.0,0.0,0.0
307.82406362525825,-20.605416998189384,25.727837444309916,0.0,0.0,0.0
307.83095536004777,-20.597762607782904,25.726813493651473,0.0,0.0,0.0
307.83784617424976,-20.59010775136009,25.72578932709637,0.0,0.0,0.0
307.84473606818807,-20.582452429079524,25.72476494469641,0.0,0.0,0.0
307.8516250421863,-20.57479664109976,25.723740346503444,0.0,0.0,0.0
307.85851309656806,-20.567140387579258,25.722715532569282,0.0,0.0,0.0
307.86540023165696,-20.559483668676457,25.72169050294578,0.0,0.0,0.0
307.87228644777645,-20.551826484549718,25.720665257684782,0.0,0.0,0.0
307.87917174525006,-20.54416883535733,25.719639796838166,0.0,0.0,0.0
307.886056124401,-20.53651072125755,25.71861412045779,0.0,0.0,0.0
307.89293958555277,-20.52885214240856,25.717588228595556,0.0,0.0,0.0
307.89982212902845,-20.521193098968496,25.716562121303344,0.0,0.0,0.0
307.9067037551514,-20.513533591095413,25.71553579863306,0.0,0.0,0.0
307.91358446424465,-20.505873618947355,25.714509260636625,0.0,0.0,0.0
307.92046425663136,-20.498213182682246,25.713482507365953,0.0,0.0,0.0
307.9273431326344,-20.49055228245798,25.71245553887299,0.0,0.0,0.0
307.9342210925768,-20.482890918432414,25.711428355209684,0.0,0.0,0.0
307.94109813678153,-20.475229090763314,25.71040095642798,0.0,0.0,0.0
307.94797426557125,-20.467566799608402,25.709373342579845,0.0,0.0,0.0
307.9548494792689,-20.459904045125345,25.70834551371725,0.0,0.0,0.0
307.96172377819704,-20.452240827471748,25.70731746989219,0.0,0.0,0.0
307.96859716267835,-20.44457714680514,25.706289211156665,0.0,0.0,0.0
307.9754696330355,-20.436913003283035,25.705260737562664,0.0,0.0,0.0
307.98234118959095,-20.42924839706284,25.70423204916221,0.0,0.0,0.0
307.9892118326672,-20.42158332830194,25.703203146007326,0.0,0.0,0.0
307.9960815625866,-20.41391779715764,25.702174028150058,0.0,0.0,0.0
308.0029503796716,-20.406251803787203,25.701144695642448,0.0,0.0,0.0
308.00981828424426,-20.398585348347833,25.700115148536543,0.0,0.0,0.0
308.016685276627,-20.390918430996656,25.699085386884416,0.0,0.0,0.0
308.0235513571419,-20.383251051890742,25.698055410738142,0.0,0.0,0.0
308.03041652611114,-20.37558321118714,25.697025220149808,0.0,0.0,0.0
308.0372807838567,-20.367914909042817,25.69599481517151,0.0,0.0,0.0
308.04414413070054,-20.360246145614653,25.69496419585535,0.0,0.0,0.0
308.05100656696453,-20.352576921059523,25.69393336225345,0.0,0.0,0.0
308.05786809297064,-20.344907235534215,25.69290231441793,0.0,0.0,0.0
308.06472870904065,-20.337237089195458,25.691871052400938,0.0,0.0,0.0
308.0715884154962,-20.329566482199922,25.690839576254607,0.0,0.0,0.0
308.07844721265906,-20.321895414704244,25.689807886031108,0.0,0.0,0.0
308.0853051008508,-20.31422388686497,25.688775981782594,0.0,0.0,0.0
308.09216208039294,-20.306551898838606,25.687743863561252,0.0,0.0,0.0
308.099018151607,-20.298879450781616,25.68671153141925,0.0,0.0,0.0
308.10587331481446,-20.29120654285036,25.68567898540881,0.0,0.0,0.0
308.11272757033663,-20.283533175201185,25.684646225582124,0.0,0.0,0.0
308.1195809184949,-20.275859347990355,25.68361325199141,0.0,0.0,0.0
308.12643335961036,-20.268185061374105,25.682580064688892,0.0,0.0,0.0
308.1332848940043,-20.260510315508565,25.68154666372682,0.0,0.0,0.0
308.1401355219978,-20.252835110549857,25.680513049157433,0.0,0.0,0.0
308.14698524391207,-20.24515944665401,25.679479221032985,0.0,0.0,0.0
308.153834060068,-20.23748332397702,25.678445179405735,0.0,0.0,0.0
308.16068197078647,-20.229806742674807,25.677410924327972,0.0,0.0,0.0
308.1675289763885,-20.222129702903246,25.67637645585199,0.0,0.0,0.0
308.1743750771947,-20.214452204818148,25.67534177403007,0.0,0.0,0.0
308.18122027352615,-20.20677424857527,25.674306878914525,0.0,0.0,0.0
308.18806456570326,-20.19909583433031,25.673271770557665,0.0,0.0,0.0
308.19490795404687,-20.191416962238918,25.672236449011834,0.0,0.0,0.0
308.2017504388774,-20.18373763245666,25.671200914329354,0.0,0.0,0.0
308.20859202051554,-20.17605784513907,25.670165166562576,0.0,0.0,0.0
308.2154326992816,-20.168377600441627,25.669129205763852,0.0,0.0,0.0
308.2222724754961,-20.160696898519724,25.668093031985563,0.0,0.0,0.0
308.2291113494792,-20.153015739528744,25.66705664528007,0.0,0.0,0.0
308.23594932155135,-20.145334123623957,25.666020045699767,0.0,0.0,0.0
308.24278639203266,-20.137652050960618,25.664983233297043,0.0,0.0,0.0
308.2496225612433,-20.12996952169391,25.66394620812432,0.0,0.0,0.0
308.2564578295035,-20.122286535978954,25.662908970234003,0.0,0.0,0.0
308.26329219713307,-20.11460309397083,25.66187151967852,0.0,0.0,0.0
308.27012566445217,-20.10691919582453,25.660833856510312,0.0,0.0,0.0
308.27695823178055,-20.09923484169503,25.659795980781816,0.0,0.0,0.0
308.2837898994382,-20.091550031737228,25.65875789254551,0.0,0.0,0.0
308.29062066774486,-20.083864766105958,25.657719591853834,0.0,0.0,0.0
308.2974505370202,-20.076179044955992,25.65668107875927,0.0,0.0,0.0
308.30427950758394,-20.068492868442082,25.65564235331432,0.0,0.0,0.0
308.31110757975574,-20.060806236718886,25.654603415571465,0.0,0.0,0.0
308.3179347538551,-20.05311914994102,25.653564265583217,0.0,0.0,0.0
308.32476103020144,-20.045431608263048,25.652524903402092,0.0,0.0,0.0
308.3315864091143,-20.03774361183945,25.651485329080614,0.0,0.0,0.0
308.338410890913,-20.030055160824695,25.65044554267132,0.0,0.0,0.0
308.34523447591675,-20.02236625537316,25.64940554422676,0.0,0.0,0.0
308.352057164445,-20.01467689563917,25.648365333799486,0.0,0.0,0.0
308.35887895681674,-20.006987081776998,25.647324911442063,0.0,0.0,0.0
308.3656998533512,-19.99929681394087,25.646284277207066,0.0,0.0,0.0
308.37251985436734,-19.99160609228494,25.645243431147083,0.0,0.0,0.0
308.37933896018427,-19.983914916963318,25.64420237331471,0.0,0.0,0.0
308.3861571711209,-19.97622328813004,25.643161103762544,0.0,0.0,0.0
308.392974487496,-19.968531205939108,25.642119622543213,0.0,0.0,0.0
308.3997909096286,-19.960838670544444,25.64107792970934,0.0,0.0,0.0
308.4066064378373,-19.95314568209994,25.64003602531355,0.0,0.0,0.0
308.4134210724408,-19.945452240759405,25.638993909408494,0.0,0.0,0.0
308.4202348137579,-19.9377583466766,25.637951582046835,0.0,0.0,0.0
308.427047662107,-19.930064000005256,25.63690904328122,0.0,0.0,0.0
308.4338596178066,-19.922369200898995,25.63586629316434,0.0,0.0,0.0
308.4406706811752,-19.91467394951143,25.634823331748873,0.0,0.0,0.0
308.4474808525313,-19.906978245996097,25.633780159087507,0.0,0.0,0.0
308.45429013219314,-19.899282090506485,25.632736775232956,0.0,0.0,0.0
308.46109852047897,-19.891585483196014,25.63169318023794,0.0,0.0,0.0
308.46790601770704,-19.883888424218043,25.630649374155162,0.0,0.0,0.0
308.4747126241955,-19.876190913725903,25.629605357037374,0.0,0.0,0.0
308.4815183402625,-19.868492951872838,25.62856112893732,0.0,0.0,0.0
308.48832316622594,-19.860794538812065,25.62751668990774,0.0,0.0,0.0
308.4951271024039,-19.853095674696718,25.626472040001403,0.0,0.0,0.0
308.5019301491142,-19.845396359679885,25.625427179271092,0.0,0.0,0.0
308.50873230667474,-19.837696593914593,25.62438210776958,0.0,0.0,0.0
308.5155335754033,-19.82999637755384,25.62333682554966,0.0,0.0,0.0
308.5223339556176,-19.822295710750538,25.622291332664137,0.0,0.0,0.0
308.52913344763533,-19.81459459365754,25.62124562916583,0.0,0.0,0.0
308.5359320517741,-19.806893026427666,25.62019971510755,0.0,0.0,0.0
308.5427297683514,-19.799191009213665,25.619153590542133,0.0,0.0,0.0
308.54952659768486,-19.791488542168224,25.618107255522435,0.0,0.0,0.0
308.5563225400917,-19.783785625444004,25.61706071010129,0.0,0.0,0.0
308.56311759588937,-19.776082259193576,25.616013954331567,0.0,0.0,0.0
308.5699117653952,-19.76837844356947,25.614966988266133,0.0,0.0,0.0
308.57670504892644,-19.76067417872418,25.613919811957885,0.0,0.0,0.0
308.58349744680027,-19.752969464810086,25.6128724254597,0.0,0.0,0.0
308.59028895933375,-19.74526430197957,25.61182482882447,0.0,0.0,0.0
308.59707958684396,-19.73755869038494,25.610777022105125,0.0,0.0,0.0
308.603869329648,-19.729852630178435,25.609729005354584,0.0,0.0,0.0
308.6106581880626,-19.722146121512264,25.608680778625775,0.0,0.0,0.0
308.61744616240486,-19.714439164538557,25.607632341971627,0.0,0.0,0.0
308.6242332529915,-19.706731759409394,25.60658369544511,0.0,0.0,0.0
308.6310194601392,-19.699023906276803,25.605534839099175,0.0,0.0,0.0
308.63780478416487,-19.69131560529275,25.60448577298678,0.0,0.0,0.0
308.64458922538495,-19.683606856609167,25.603436497160917,0.0,0.0,0.0
308.6513727841161,-19.675897660377903,25.60238701167458,0.0,0.0,0.0
308.65815546067483,-19.66818801675077,25.60133731658076,0.0,0.0,0.0
308.66493725537754,-19.660477925879505,25.600287411932467,0.0,0.0,0.0
308.67171816854074,-19.652767387915805,25.59923729778272,0.0,0.0,0.0
308.6784982004807,-19.645056403011317,25.59818697418455,0.0,0.0,0.0
308.68527735151366,-19.637344971317617,25.59713644119099,0.0,0.0,0.0
308.6920556219559,-19.62963309298622,25.596085698855095,0.0,0.0,0.0
308.6988330121235,-19.62192076816863,25.59503474722992,0.0,0.0,0.0
308.70560952233257,-19.61420799701624,25.59398358636853,0.0,0.0,0.0
308.71238515289923,-19.60649477968041,25.59293221632401,0.0,0.0,0.0
308.7191599041393,-19.59878111631245,25.591880637149433,0.0,0.0,0.0
308.72593377636883,-19.591067007063607,25.590828848897907,0.0,0.0,0.0
308.7327067699036,-19.583352452085087,25.589776851622535,0.0,0.0,0.0
308.73947888505944,-19.57563745152803,25.58872464537644,0.0,0.0,0.0
308.746250122152,-19.567922005543505,25.587672230212743,0.0,0.0,0.0
308.753020481497,-19.56020611428254,25.586619606184577,0.0,0.0,0.0
308.75978996341007,-19.55248977789613,25.58556677334509,0.0,0.0,0.0
308.7665585682068,-19.544772996535183,25.584513731747435,0.0,0.0,0.0
308.77332629620264,-19.537055770350566,25.58346048144478,0.0,0.0,0.0
308.7800931477129,-19.52933809949309,25.5824070224903,0.0,0.0,0.0
308.7868591230531,-19.52161998411348,25.581353354937182,0.0,0.0,0.0
308.7936242225384,-19.51390142436248,25.580299478838615,0.0,0.0,0.0
308.8003884464842,-19.5061824203907,25.579245394247803,0.0,0.0,0.0
308.8071517952057,-19.498462972348744,25.57819110121797,0.0,0.0,0.0
308.8139142690178,-19.49074308038715,25.577136599802323,0.0,0.0,0.0
308.82067586823575,-19.48302274465638,25.576081890054105,0.0,0.0,0.0
308.8274365931746,-19.475301965306873,25.57502697202656,0.0,0.0,0.0
308.83419644414914,-19.467580742488984,25.573971845772935,0.0,0.0,0.0
308.84095542147435,-19.45985907635304,25.572916511346502,0.0,0.0,0.0
308.847713525465,-19.452136967049288,25.57186096880051,0.0,0.0,0.0
308.8544707564359,-19.444414414727945,25.570805218188273,0.0,0.0,0.0
308.8612271147017,-19.436691419539162,25.56974925956306,0.0,0.0,0.0
308.86798260057714,-19.42896798163301,25.568693092978183,0.0,0.0,0.0
308.87473721437664,-19.42124410115956,25.567636718486938,0.0,0.0,0.0
308.88149095641495,-19.413519778268775,25.566580136142665,0.0,0.0,0.0
308.88824382700625,-19.405795013110584,25.565523345998674,0.0,0.0,0.0
308.8949958264652,-19.398069805834883,25.564466348108326,0.0,0.0,0.0
308.901746955106,-19.390344156591482,25.56340914252495,0.0,0.0,0.0
308.9084972132429,-19.382618065530146,25.56235172930192,0.0,0.0,0.0
308.9152466011903,-19.37489153280059,25.5612941084926,0.0,0.0,0.0
308.92199511926214,-19.36716455855247,25.560236280150363,0.0,0.0,0.0
308.92874276777263,-19.359437142935377,25.559178244328606,0.0,0.0,0.0
308.93548954703584,-19.351709286098888,25.558120001080717,0.0,0.0,0.0
308.94223545736565,-19.343980988192477,25.557061550460116,0.0,0.0,0.0
308.94898049907613,-19.33625224936558,25.556002892520205,0.0,0.0,0.0
308.955724672481,-19.32852306976759,25.55494402731443,0.0,0.0,0.0
308.96246797789405,-19.32079344954784,25.5538849548962,0.0,0.0,0.0
308.9692104156291,-19.313063388855603,25.552825675318996,0.0,0.0,0.0
308.97595198599976,-19.305332887840095,25.55176618863624,0.0,0.0,0.0
308.9826926893197,-19.29760194665049,25.55070649490142,0.0,0.0,0.0
