galstreams/tracks/track.st.OmegaCen-Fimbulthul.ibata2021.ecsv
# %ECSV 0.9
# ---
# datatype:
# - {name: ra, unit: deg, datatype: float64}
# - {name: dec, unit: deg, datatype: float64}
# - {name: distance, unit: kpc, datatype: float64}
# - {name: pm_ra_cosdec, unit: mas / yr, datatype: float64}
# - {name: pm_dec, unit: mas / yr, datatype: float64}
# - {name: radial_velocity, unit: km / s, datatype: float64}
# delimiter: ','
# meta: !!omap
# - __serialized_columns__:
#     dec:
#       __class__: astropy.coordinates.angles.Latitude
#       unit: &id001 !astropy.units.Unit {unit: deg}
#       value: !astropy.table.SerializedColumn {name: dec}
#     distance:
#       __class__: astropy.coordinates.distances.Distance
#       unit: !astropy.units.Unit {unit: kpc}
#       value: !astropy.table.SerializedColumn {name: distance}
#     pm_dec:
#       __class__: astropy.units.quantity.Quantity
#       unit: !astropy.units.Unit {unit: mas / yr}
#       value: !astropy.table.SerializedColumn {name: pm_dec}
#     pm_ra_cosdec:
#       __class__: astropy.units.quantity.Quantity
#       unit: !astropy.units.Unit {unit: mas / yr}
#       value: !astropy.table.SerializedColumn {name: pm_ra_cosdec}
#     ra:
#       __class__: astropy.coordinates.angles.Longitude
#       unit: *id001
#       value: !astropy.table.SerializedColumn {name: ra}
#       wrap_angle: !astropy.coordinates.Angle
#         unit: *id001
#         value: 360.0
#     radial_velocity:
#       __class__: astropy.units.quantity.Quantity
#       unit: !astropy.units.Unit {unit: km / s}
#       value: !astropy.table.SerializedColumn {name: radial_velocity}
# schema: astropy-2.0
ra,dec,distance,pm_ra_cosdec,pm_dec,radial_velocity
[from data line 2913]
206.64222709429328,-23.158197472861136,3.7596778948191703,-14.545006990771991,-10.954947530496147,3.368306851948935e-14
206.65286431443533,-23.152056087695954,3.7582422980569614,-14.554027245437755,-10.958714035803984,-4.210383564936169e-14
206.66350189512315,-23.14591483083518,3.756806880213947,-14.563048715207891,-10.962480366197093,-9.262843842859572e-14
206.6741398321113,-23.139773700311277,3.7553716421620873,-14.572071397230221,-10.966246518320604,3.368306851948935e-14
206.68477812115478,-23.133632694157836,3.753936584773343,-14.58109528865324,-10.970012488817803,-8.420767129872338e-15
206.69541675800858,-23.127491810409648,3.752501708919672,-14.59012038662609,-10.973778274330117,-8.420767129872338e-15
206.706055738428,-23.121351047102678,3.751067015473039,-14.599146688298587,-10.977543871497152,-1.6841534259744676e-14
206.71669505816857,-23.11521040227404,3.7496325053054003,-14.608174190821199,-10.98130927695667,0.0
206.72733471298605,-23.10906987396205,3.748198179288718,-14.61720289134505,-10.9850744873446,5.0524602779234026e-14
206.73797469863638,-23.102929460206155,3.7467640382949527,-14.626232787021927,-10.988839499295034,-8.420767129872338e-15
206.74861501087577,-23.096789159046995,3.7453300831960625,-14.635263875004268,-10.992604309440242,2.5262301389617013e-14
206.75925564546066,-23.09064896852635,3.74389631486401,-14.64429615244516,-10.996368914410652,5.894536990910637e-14
206.76989659814765,-23.08450888668719,3.7424627341707533,-14.653329616498352,-11.000133310834897,0.0
206.78053786469357,-23.07836891157362,3.7410293419882534,-14.662364264318231,-11.003897495339746,5.894536990910637e-14
206.79117944085561,-23.07222904123094,3.739596139188473,-14.671400093059844,-11.007661464550175,1.6841534259744676e-14
206.80182132239102,-23.06608927370557,3.738163126643369,-14.680437099878883,-11.011425215089343,-6.73661370389787e-14
206.8124635050573,-23.059949607045112,3.736730305224903,-14.689475281931678,-11.015188743578568,-8.420767129872338e-15
206.82310598461228,-23.053810039298327,3.735297675805034,-14.698514636375224,-11.018952046637388,7.578690416885104e-14
206.83374875681392,-23.04767056851512,3.7338652392557243,-14.707555160367129,-11.022715120883497,3.368306851948935e-14
206.84439181742047,-23.041531192746554,3.7324329964489324,-14.716596851065667,-11.026477962932816,-4.210383564936169e-14
206.85503516219035,-23.035391910044854,3.73100094825662,-14.72563970562975,-11.03024056939942,-8.420767129872338e-15
206.86567878688223,-23.02925271846338,3.729569095550746,-14.734683721218914,-11.034002936895615,-8.420767129872338e-15
206.876322687255,-23.023113616056662,3.728137439203272,-14.743728894993357,-11.037765062031871,-8.420767129872338e-15
206.8869668590678,-23.016974600880353,3.726705980086159,-14.752775224113883,-11.041526941416894,-7.578690416885104e-14
206.89761129807997,-23.010835670991284,3.7252747190713618,-14.761822705741963,-11.045288571657569,3.368306851948935e-14
206.90825600005113,-23.004696824447414,3.723843657030847,-14.770871337039681,-11.049049949359002,-6.73661370389787e-14
206.91890096074104,-22.998558059307843,3.722412794836571,-14.779921115169754,-11.052811071124493,-5.894536990910637e-14
206.9295461759098,-22.99241937363284,3.720982133360496,-14.788972037295533,-11.056571933555544,-1.6841534259744676e-14
206.94019164131765,-22.98628076548379,3.7195516734745837,-14.798024100580998,-11.060332533251891,-1.6841534259744676e-14
206.95083735272513,-22.980142232923235,3.7181214160507894,-14.80707730219076,-11.06409286681149,-5.894536990910637e-14
206.96148330589293,-22.974003774014843,3.716691361961078,-14.816131639290047,-11.067852930830487,-2.5262301389617013e-14
206.972129496582,-22.967865386823433,3.715261512077406,-14.82518710904473,-11.07161272190326,-5.894536990910637e-14
206.9827759205536,-22.96172706941497,3.7138318672717374,-14.83424370862128,-11.075372236622417,8.420767129872338e-15
206.99342257356912,-22.955588819856526,3.7124024284160306,-14.843301435186797,-11.079131471578776,2.5262301389617013e-14
207.00406945139022,-22.949450636216337,3.710973196382245,-14.852360285909015,-11.082890423361405,-3.368306851948935e-14
207.01471654977883,-22.94331251656375,3.7095441720423423,-14.861420257956267,-11.086649088557563,-8.420767129872338e-15
207.025363864497,-22.937174458969267,3.708115356268282,-14.870481348497524,-11.090407463752785,5.0524602779234026e-14
207.03601139130717,-22.9310364615045,3.7066867499320235,-14.879543554702352,-11.094165545530798,5.894536990910637e-14
207.04665912597193,-22.924898522242195,3.705258353905529,-14.888606873740942,-11.097923330473611,8.420767129872338e-15
207.05730706425402,-22.91876063925624,3.7038301690607573,-14.897671302784103,-11.101680815161426,5.894536990910637e-14
207.06795520191662,-22.912622810621645,3.7024021962696687,-14.90673683900324,-11.105437996172714,-8.420767129872338e-14
207.07860353472293,-22.906485034414526,3.700974436404224,-14.91580347957038,-11.10919487008418,-2.5262301389617013e-14
207.08925205843656,-22.900347308712142,3.699546890336384,-14.924871221658158,-11.112951433470773,-5.894536990910637e-14
207.0999007688212,-22.894209631592886,3.698119558938107,-14.933940062439817,-11.116707682905707,4.210383564936169e-14
207.11054966164093,-22.88807200113624,3.696692443081355,-14.94300999908919,-11.120463614960434,-8.420767129872338e-14
207.1211987326599,-22.88193441542283,3.695265543638087,-14.952081028780743,-11.124219226204648,8.420767129872338e-15
207.13184797764268,-22.8757968725344,3.6938388614802657,-14.961153148689501,-11.127974513206313,-3.368306851948935e-14
207.14249739235396,-22.86965937055379,3.6924123974798477,-14.97022635599114,-11.13172947253167,-6.73661370389787e-14
207.15314697255866,-22.863521907564994,3.6909861525087955,-14.979300647861905,-11.135484100745183,-8.420767129872338e-15
207.163796714022,-22.85738448165309,3.689560127439069,-14.98837602147864,-11.139238394409594,-6.73661370389787e-14
207.17444661250937,-22.851247090904277,3.688134323142627,-14.9974524740188,-11.142992350085917,-2.5262301389617013e-14
207.1850966637865,-22.845109733405867,3.6867087404914325,-15.006530002660412,-11.146745964333434,-8.420767129872338e-14
207.19574686361923,-22.838972407246295,3.685283380357445,-15.015608604582118,-11.150499233709684,7.578690416885104e-14
207.20639720777376,-22.832835110515084,3.683858243612622,-15.024688276963147,-11.154252154770504,4.210383564936169e-14
207.21704769201648,-22.826697841302888,3.682433331128927,-15.033769016983307,-11.158004724069976,5.0524602779234026e-14
207.22769831211397,-22.82056059770144,3.681008643778319,-15.042850821823007,-11.161756938160478,0.0
207.23834906383314,-22.814423377803607,3.679584182432756,-15.051933688663246,-11.165508793592679,8.420767129872338e-15
207.24899994294108,-22.80828617970333,3.6781599479642026,-15.061017614685586,-11.169260286915488,-3.368306851948935e-14
207.25965094520512,-22.8021490014957,3.676735941244617,-15.070102597072196,-11.173011414676157,-2.5262301389617013e-14
207.2703020663929,-22.796011841276847,3.6753121631459584,-15.079188633005826,-11.176762173420173,-4.210383564936169e-14
207.28095330227222,-22.789874697144057,3.673888614540189,-15.088275719669797,-11.180512559691357,-4.210383564936169e-14
207.29160464861113,-22.783737567195683,3.6724652962992663,-15.097363854248016,-11.18426257003179,5.894536990910637e-14
207.30225610117805,-22.777600449531175,3.6710422092951536,-15.106453033924955,-11.18801220098186,-4.210383564936169e-14
207.31290765574144,-22.77146334225111,3.669619354399808,-15.115543255885697,-11.19176144908027,-1.6841534259744676e-14
207.32355930807017,-22.76532624345711,3.668196732485193,-15.124634517315851,-11.195510310863979,-8.420767129872338e-15
207.33421105393327,-22.759189151251938,3.6667743444232674,-15.133726815401637,-11.199258782868293,-3.368306851948935e-14
207.34486288910003,-22.753052063739418,3.6653521910859905,-15.14282014732984,-11.20300686162681,-5.0524602779234026e-14
207.35551480934004,-22.74691497902448,3.6639302733453234,-15.151914510287803,-11.206754543671417,-2.5262301389617013e-14
207.366166810423,-22.740777895213125,3.6625085920732263,-15.161009901463444,-11.210501825532344,0.0
207.37681888811903,-22.73464081041247,3.6610871481416596,-15.17010631804525,-11.214248703738095,1.6841534259744676e-14
207.38747103819836,-22.728503722730697,3.659665942422583,-15.179203757222275,-11.21799517481552,4.210383564936169e-14
207.39812325643155,-22.722366630277072,3.6582449757879587,-15.188302216184123,-11.221741235289773,3.368306851948935e-14
207.40877553858937,-22.716229531161957,3.656824249109744,-15.197401692120984,-11.225486881684338,-5.0524602779234026e-14
207.4194278804428,-22.7100924234968,3.6554037632599004,-15.206502182223598,-11.22923211052101,-8.420767129872338e-15
207.43008027776318,-22.7039553053941,3.6539835191103887,-15.215603683683252,-11.232976918319912,-3.368306851948935e-14
207.44073272632198,-22.69781817496747,3.652563517533167,-15.224706193691805,-11.236721301599488,-1.6841534259744676e-14
207.451385221891,-22.69168103033158,3.6511437594001985,-15.233809709441674,-11.240465256876536,1.6841534259744676e-14
207.46203776024223,-22.685543869602185,3.649724245583443,-15.242914228125816,-11.244208780666165,8.420767129872338e-15
207.47269033714792,-22.679406690896112,3.648304976954859,-15.252019746937755,-11.247951869481824,8.420767129872338e-15
207.48334294838065,-22.673269492331276,3.646885954386407,-15.261126263071555,-11.251694519835297,5.0524602779234026e-14
207.49399558971314,-22.667132272026628,3.6454671787500477,-15.270233773721852,-11.25543672823672,-1.6841534259744676e-14
207.50464825691841,-22.660995028102224,3.644048650917742,-15.279342276083797,-11.259178491194561,4.210383564936169e-14
207.51530094576978,-22.654857758679192,3.6426303717614497,-15.28845176735311,-11.262919805215633,-8.420767129872338e-15
207.52595365204067,-22.648720461879698,3.641212342153132,-15.297562244726045,-11.266660666805096,2.5262301389617013e-14
207.53660637150497,-22.642583135827,3.6397945629647457,-15.306673705399415,-11.270401072466482,-8.420767129872338e-15
207.54725909993664,-22.636445778645406,3.638377035068254,-15.315786146570565,-11.274141018701643,-5.894536990910637e-14
207.55791183310996,-22.630308388460314,3.636959759335617,-15.32489956543737,-11.2778805020108,-3.368306851948935e-14
207.5685645667995,-22.624170963398146,3.6355427366387945,-15.334013959198252,-11.281619518892546,8.420767129872338e-15
207.57921729678,-22.618033501586417,3.634125967849746,-15.343129325052175,-11.285358065843807,-1.6841534259744676e-14
207.58987001882653,-22.611896001153696,3.6327094538404334,-15.352245660198637,-11.289096139359902,-4.210383564936169e-14
207.60052272871437,-22.605758460229588,3.631293195482815,-15.361362961837665,-11.292833735934492,-3.368306851948935e-14
207.6111754222191,-22.599620876944787,3.6298771936488525,-15.370481227169822,-11.296570852059618,2.5262301389617013e-14
207.6218280951165,-22.593483249431017,3.628461449210505,-15.379600453396185,-11.300307484225687,-3.368306851948935e-14
207.63248074318264,-22.58734557582107,3.627045963039734,-15.388720637718382,-11.304043628921486,0.0
207.64313336219385,-22.58120785424878,3.6256307360085,-15.397841777338567,-11.30777928263417,-7.578690416885104e-14
207.65378594792668,-22.57507008284906,3.6242157689887606,-15.406963869459412,-11.311514441849276,8.420767129872338e-15
207.66443849615797,-22.568932259757826,3.6228010628524783,-15.4160869112841,-11.315249103050714,4.210383564936169e-14
207.67509100266486,-22.562794383112088,3.6213866184716124,-15.425210900016367,-11.318983262720803,-8.420767129872338e-15
207.68574346322464,-22.556656451049875,3.619972436718124,-15.434335832860436,-11.32271691734021,2.5262301389617013e-14
207.6963958736149,-22.550518461710276,3.618558518463973,-15.443461707021065,-11.326450063388032,3.368306851948935e-14
207.7070482296136,-22.544380413233416,3.617144864581119,-15.452588519703541,-11.330182697341726,-8.420767129872338e-15
207.71770052699878,-22.53824230376046,3.615731475941524,-15.46171626811364,-11.333914815677144,-2.5262301389617013e-14
207.72835276154885,-22.53210413143363,3.6143183534171452,-15.470844949457684,-11.337646414868567,0.0
207.73900492904244,-22.525965894396172,3.6129054978799444,-15.479974560942486,-11.341377491388638,-3.368306851948935e-14
207.74965702525847,-22.519827590792364,3.6114929102018825,-15.48910509977536,-11.345108041708418,2.5262301389617013e-14
207.76030904597613,-22.513689218767546,3.6100805912549205,-15.498236563164147,-11.348838062297357,8.420767129872338e-15
207.77096098697484,-22.50755077646809,3.608668541911016,-15.5073689483172,-11.352567549623354,-8.420767129872338e-15
207.78161284403427,-22.50141226204137,3.607256763042131,-15.516502252443365,-11.356296500152673,8.420767129872338e-15
207.7922646129344,-22.495273673635825,3.605845255520225,-15.525636472751989,-11.36002491035,-1.6841534259744676e-14
207.8029162894554,-22.489135009400922,3.6044340202172593,-15.534771606452935,-11.363752776678446,-4.210383564936169e-14
207.81356786937775,-22.48299626748713,3.6030230580051934,-15.543907650756555,-11.367480095599538,2.5262301389617013e-14
207.82421934848227,-22.476857446045994,3.6016123697559874,-15.553044602873701,-11.371206863573217,-5.894536990910637e-14
207.83487072254988,-22.470718543230046,3.6002019563416012,-15.562182460015741,-11.374933077057861,4.210383564936169e-14
207.8455219873619,-22.464579557192856,3.5987918186339956,-15.571321219394509,-11.378658732510239,6.73661370389787e-14
207.85617313869986,-22.458440486089025,3.5973819575051316,-15.580460878222341,-11.382383826385588,-1.6841534259744676e-14
207.86682417234556,-22.452301328074157,3.5959723738269664,-15.589601433712096,-11.386108355137559,-5.0524602779234026e-14
207.87747508408106,-22.4461620813049,3.594563068471465,-15.59874288307708,-11.389832315218229,-2.5262301389617013e-14
207.88812586968868,-22.440022743938908,3.593154042310583,-15.607885223531111,-11.393555703078109,-3.368306851948935e-14
207.89877652495102,-22.433883314134853,3.5917452962162844,-15.617028452288487,-11.397278515166159,-1.6841534259744676e-14
207.90942704565097,-22.42774379005244,3.590336831060527,-15.626172566564003,-11.401000747929794,-3.368306851948935e-14
207.92007742757164,-22.421604169852376,3.588928647715272,-15.635317563572915,-11.404722397814831,0.0
207.93072766649647,-22.415464451696362,3.587520747052479,-15.644463440530993,-11.408443461265572,7.578690416885104e-14
207.94137775820911,-22.40932463374715,3.5861131299441085,-15.65361019465446,-11.41216393472475,-1.6841534259744676e-14
207.9520276984935,-22.40318471416849,3.5847057972621204,-15.662757823160025,-11.415883814633558,-3.368306851948935e-14
207.96267748313383,-22.39704469112511,3.5832987498784767,-15.67190632326488,-11.419603097431619,4.210383564936169e-14
207.9733271079146,-22.39090456278279,3.5818919886651366,-15.681055692186682,-11.423321779557051,1.6841534259744676e-14
207.98397656862056,-22.384764327308304,3.5804855144940584,-15.69020592714358,-11.427039857446418,8.420767129872338e-15
207.99462586103675,-22.37862398286941,3.5790793282372046,-15.699357025354177,-11.430757327534716,-2.5262301389617013e-14
208.0052749809484,-22.372483527634888,3.5776734307665348,-15.708508984037545,-11.43447418625545,-1.6841534259744676e-14
208.01592392414113,-22.36634295977452,3.576267822954009,-15.717661800413243,-11.438190430040562,-4.210383564936169e-14
208.02657268640073,-22.360202277459084,3.5748625056715886,-15.72681547170128,-11.441906055320473,1.6841534259744676e-14
208.03722126351332,-22.354061478860352,3.573457479791233,-15.735969995122133,-11.445621058524093,-2.5262301389617013e-14
208.0478696512653,-22.347920562151103,3.5720527461849008,-15.745125367896742,-11.449335436078774,-1.6841534259744676e-14
208.0585178454433,-22.341779525505125,3.570648305724555,-15.754281587246515,-11.453049184410375,-5.894536990910637e-14
