galstreams/tracks/track.st.Jhelum-b.shipp2019.ecsv
# %ECSV 0.9
# ---
# datatype:
# - {name: ra, unit: deg, datatype: float64}
# - {name: dec, unit: deg, datatype: float64}
# - {name: distance, unit: kpc, datatype: float64}
# - {name: pm_ra_cosdec, unit: mas / yr, datatype: float64}
# - {name: pm_dec, unit: mas / yr, datatype: float64}
# - {name: radial_velocity, unit: km / s, datatype: float64}
# delimiter: ','
# meta: !!omap
# - __serialized_columns__:
#     dec:
#       __class__: astropy.coordinates.angles.Latitude
#       unit: &id001 !astropy.units.Unit {unit: deg}
#       value: !astropy.table.SerializedColumn {name: dec}
#     distance:
#       __class__: astropy.coordinates.distances.Distance
#       unit: !astropy.units.Unit {unit: kpc}
#       value: !astropy.table.SerializedColumn {name: distance}
#     pm_dec:
#       __class__: astropy.units.quantity.Quantity
#       unit: !astropy.units.Unit {unit: mas / yr}
#       value: !astropy.table.SerializedColumn {name: pm_dec}
#     pm_ra_cosdec:
#       __class__: astropy.units.quantity.Quantity
#       unit: !astropy.units.Unit {unit: mas / yr}
#       value: !astropy.table.SerializedColumn {name: pm_ra_cosdec}
#     ra:
#       __class__: astropy.coordinates.angles.Longitude
#       unit: *id001
#       value: !astropy.table.SerializedColumn {name: ra}
#       wrap_angle: !astropy.coordinates.Angle
#         unit: *id001
#         value: 360.0
#     radial_velocity:
#       __class__: astropy.units.quantity.Quantity
#       unit: !astropy.units.Unit {unit: km / s}
#       value: !astropy.table.SerializedColumn {name: radial_velocity}
# schema: astropy-2.0
ra,dec,distance,pm_ra_cosdec,pm_dec,radial_velocity
[from data line 1103]
359.5488261590588,-50.938891167455616,13.199999999981,7.8714931742871705,-3.8895534104600618,2.9018064578745637e-08
359.5646951587905,-50.937797590436276,13.199999999980976,7.872032539771665,-3.8876380264409116,2.9051057144360475e-08
359.58056340217746,-50.93670183571555,13.199999999980951,7.872571403813453,-3.885722674079618,2.9084117076112354e-08
359.5964308877784,-50.93560390345108,13.199999999980925,7.87310976637538,-3.883807353707053,2.9117025434055896e-08
359.61229761415274,-50.93450379380084,13.1999999999809,7.8736476274205565,-3.8818920656540286,2.9149933791999438e-08
359.62816357986014,-50.93340150692318,13.199999999980879,7.874184986912349,-3.879976810251324,2.9182943199148536e-08
359.64402878346095,-50.932297042976785,13.199999999980854,7.8747218448143785,-3.878061587829675,2.9215784190955037e-08
359.65989322351584,-50.931190402120734,13.19999999998083,7.875258201090522,-3.8761463987197695,2.924867570736432e-08
359.675756898586,-50.93008158451441,13.199999999980802,7.875794055704926,-3.874231243252252,2.9281685114513418e-08
359.691619807233,-50.92897059031758,13.19999999998078,7.876329408621976,-3.8723161217577253,2.931461031399122e-08
359.7074819480191,-50.9278574196904,13.199999999980758,7.876864259806325,-3.8704010345667426,2.9347569196537542e-08
359.7233433195068,-50.926742072793324,13.199999999980731,7.877398609222881,-3.8684859820098216,2.9380443871412562e-08
359.73920392025923,-50.92562454978717,13.199999999980708,7.877932456836808,-3.8665709644174204,2.9413318546287582e-08
359.75506374884,-50.92450485083317,13.199999999980685,7.878465802613524,-3.8646559821199604,2.9446294270368164e-08
359.770922803813,-50.92338297609286,13.19999999998066,7.87899864651871,-3.862741035447824,2.9479067896037625e-08
359.7867810837429,-50.92225892572811,13.199999999980635,7.879530988518306,-3.860826124731327,2.9512178352392285e-08
359.8026385871945,-50.921132699901214,13.19999999998061,7.880062828578494,-3.8589112503007605,2.9545036185733046e-08
359.81849531273343,-50.92000429877477,13.199999999980587,7.880594166665721,-3.8569964124863585,2.957779296986825e-08
359.8343512589256,-50.91887372251175,13.199999999980566,7.881125002746698,-3.855081611618303,2.9610718169346052e-08
359.85020642433744,-50.917740971275464,13.19999999998054,7.881655336788384,-3.8531668480267443,2.9643525478084035e-08
359.8660608075359,-50.916606045229614,13.199999999980513,7.882185168757996,-3.851252122041763,2.967668645904147e-08
359.8819144070883,-50.9154689445382,13.199999999980491,7.882714498623004,-3.8493374339934183,2.9709409560108156e-08
359.89776722156256,-50.914329669365635,13.199999999980465,7.883243326351141,-3.847422784211702,2.9742267393448917e-08
359.913619249527,-50.91318821987665,13.199999999980442,7.883771651910395,-3.8455081730265603,2.97751589098582e-08
359.9294704895506,-50.91204459623634,13.199999999980415,7.8842994752690085,-3.8435936007678935,2.98081683170073e-08
359.94532094020263,-50.910898798610155,13.199999999980392,7.884826796395472,-3.8416790677655563,2.984107667495084e-08
359.96117060005287,-50.90975082716389,13.199999999980367,7.885353615258551,-3.8397645743493536,2.987390082522308e-08
359.9770194676717,-50.9086006820637,13.199999999980344,7.885879931827251,-3.8378501208490303,2.9906876549303663e-08
359.9928675416299,-50.907448363476114,13.199999999980319,7.886405746070843,-3.8359357075942984,2.9939734382644424e-08
0.008714820498794504,-50.906293871567975,13.199999999980292,7.88693105795885,-3.8340213349148025,2.9972726948259266e-08
0.024561302850147574,-50.90513720650651,13.19999999998027,7.887455867461043,-3.8321070031401536,3.000555109853151e-08
0.04040698725626077,-50.9039783684593,13.199999999980243,7.88798017454747,-3.8301927125998994,3.0038509981077824e-08
0.056251872289895526,-50.90281735759425,13.19999999998022,7.888503979188411,-3.828278463623543,3.0071367814418585e-08
0.07209595652432815,-50.90165417407964,13.199999999980193,7.889027281354419,-3.8263642565405354,3.010425933082787e-08
0.08793923853332927,-50.90048881808409,13.199999999980172,7.889550081016292,-3.824450091680271,3.013708348110011e-08
0.10378171689114636,-50.899321289776594,13.199999999980147,7.890072378145096,-3.8225359693721037,3.016999183904365e-08
0.11962339017254438,-50.89815158932649,13.199999999980122,7.890594172712134,-3.8206218899453237,3.020290019698719e-08
0.13546425695277903,-50.896979716903445,13.199999999980097,7.891115464688985,-3.818707853729178,3.023572434725943e-08
0.15130431580760076,-50.89580567267752,13.199999999980072,7.891636254047477,-3.8167938610528545,3.026863270520298e-08
0.1671435653132739,-50.894629456819075,13.199999999980047,7.892156540759677,-3.814879912245493,3.030152422161226e-08
0.18298200404652556,-50.89345106949887,13.199999999980024,7.892676324797935,-3.8129660076361778,3.033436521341876e-08
0.19881963058462912,-50.89227051088801,13.19999999998,7.893195606134835,-3.8110521475539416,3.036720620522526e-08
0.21465644350534072,-50.89108778115792,13.199999999979973,7.893714384743231,-3.8091383323277626,3.0400080880100286e-08
0.2304924413869155,-50.889902880480406,13.199999999979948,7.8942326605962165,-3.807224562286561,3.0432989238043825e-08
0.24632762280811135,-50.8887158090276,13.199999999979925,7.894750433667151,-3.8053108377592118,3.046579654678181e-08
0.26216198634819954,-50.88752656697203,13.1999999999799,7.895267703929654,-3.80339715907453,3.0498704904725346e-08
0.27799553058695226,-50.88633515448651,13.199999999979873,7.89578447135759,-3.8014835265612756,3.053151221346333e-08
0.29382825410464763,-50.88514157174427,13.199999999979852,7.896300735925077,-3.799569940548155,3.0564420571406874e-08
0.3096601554820787,-50.88394581891884,13.199999999979827,7.896816497606502,-3.7976564013638194,3.0597261563213376e-08
0.32549123330052526,-50.882747896184135,13.199999999979799,7.897331756376498,-3.7957429093368655,3.0630136238088396e-08
0.3413214861418013,-50.88154780371439,13.199999999979775,7.8978465122099415,-3.7938294647958313,3.06628930222236e-08
0.35715091258821535,-50.88034554168423,13.199999999979752,7.898360765081985,-3.791916068069201,3.069580138016714e-08
0.3729795112225975,-50.879141110268584,13.199999999979724,7.898874514968028,-3.7900027194854022,3.07286592135079e-08
0.3888072806282699,-50.87793450964276,13.1999999999797,7.899387761843719,-3.788089419372807,3.076150020531441e-08
0.4046342193890846,-50.876725739982426,13.199999999979676,7.899900505684964,-3.7861761680597295,3.079432435558665e-08
0.4204603260894059,-50.87551480146356,13.199999999979648,7.9004127464679295,-3.784262965874425,3.0827114822790367e-08
0.43628559931411387,-50.87430169426253,13.199999999979624,7.9009244841690265,-3.7823498131450926,3.086002318073391e-08
0.4521100376485816,-50.87308641855602,13.199999999979601,7.90143571876493,-3.780436710199877,3.0892847331006154e-08
0.467933639678727,-50.871868974521085,13.199999999979575,7.9019464502325665,-3.7785236573668604,3.0925671481278396e-08
0.48375640399096564,-50.87064936233512,13.19999999997955,7.902456678549113,-3.776610654974069,3.0958579839221935e-08
0.49957832917223216,-50.869427582175874,13.199999999979525,7.9029664036920035,-3.774697703349473,3.099130294028862e-08
0.5153994138100001,-50.86820363422145,13.199999999979498,7.903475625638935,-3.7727848028209774,3.10241944566979e-08
0.5312196564922306,-50.86697751865027,13.199999999979477,7.903984344367836,-3.7708719537164312,3.105701860697014e-08
0.5470390558074281,-50.865749235641154,13.19999999997945,7.904492559856914,-3.7689591563636284,3.1089859598776644e-08
0.5628576103446074,-50.864518785373214,13.199999999979426,7.905000272084619,-3.7670464110902993,3.1122683749048886e-08
0.5786753186933071,-50.86328616802596,13.199999999979397,7.905507481029657,-3.7651337182241145,3.115549105778687e-08
0.5944921794435905,-50.86205138377921,13.199999999979376,7.90601418667098,-3.763221078092683,3.1188348891127636e-08
0.6103081911860493,-50.86081443281316,13.19999999997935,7.90652038898781,-3.761308491023559,3.122112251679709e-08
0.6261233525117824,-50.85957531530833,13.199999999979324,7.907026087959606,-3.75939595734423,3.1253929825535076e-08
0.6419376620124286,-50.8583340314456,13.1999999999793,7.907531283566097,-3.757483477382127,3.128673713427306e-08
0.6577511182801575,-50.85709058140621,13.199999999979276,7.908035975787252,-3.755571051464615,3.1319594967613826e-08
0.6735637199076397,-50.85584496537172,13.19999999997925,7.908540164603303,-3.7536586799190053,3.135241911788607e-08
0.6893754654881115,-50.85459718352404,13.199999999979225,7.90904384999473,-3.7517463630725407,3.138524326815831e-08
0.7051863536152947,-50.85334723604547,13.199999999979198,7.909547031942269,-3.7498341012524037,3.1418033735362034e-08
0.7209963828834806,-50.85209512311858,13.199999999979173,7.910049710426911,-3.7479218947857147,3.145082420256576e-08
0.7368055518874602,-50.85084084492636,13.199999999979147,7.910551885429896,-3.7460097439995343,3.1483648352838e-08
0.7526138592225812,-50.8495844016521,13.199999999979122,7.911053556932718,-3.744097649220855,3.151642197850746e-08
0.7684213034846937,-50.84832579347946,13.199999999979097,7.911554724917131,-3.742185610776612,3.15492461287797e-08
0.7842278832702169,-50.84706502059244,13.199999999979074,7.912055389365133,-3.7402736289936724,3.158207027905195e-08
0.8000335971760651,-50.84580208317537,13.199999999979044,7.912555550258985,-3.7383617041988457,3.161487758778993e-08
0.8158384437997159,-50.84453698141294,13.19999999997902,7.913055207581191,-3.7364498367188688,3.164765121345939e-08
0.8316424217391692,-50.84326971549021,13.199999999978994,7.913554361314514,-3.734538026880424,3.168044168066311e-08
0.8474455295929616,-50.84200028559255,13.19999999997897,7.914053011441968,-3.7326262750101202,3.1713248989401094e-08
0.8632477659601691,-50.84072869190565,13.199999999978944,7.914551157946821,-3.730714581434512,3.174605629813908e-08
0.8790491294404134,-50.839454934615624,13.19999999997892,7.915048800812595,-3.7288029464800765,3.177882992380854e-08
0.8948496186338395,-50.838179013908864,13.199999999978894,7.915545940023066,-3.7268913704732385,3.181165407408078e-08
0.9106492321411297,-50.83690092997213,13.199999999978868,7.916042575562251,-3.724979853740348,3.184442769975025e-08
0.9264479685635332,-50.835620682992534,13.199999999978845,7.916538707414435,-3.7230683966076903,3.187716764235119e-08
0.9422458265028196,-50.834338273157535,13.199999999978818,7.91703433556415,-3.7211569994014937,3.1909991792623435e-08
0.9580428045612904,-50.8330537006549,13.199999999978793,7.917529459996176,-3.7192456624479107,3.1942731735224374e-08
0.9738389013418121,-50.83176696567279,13.199999999978766,7.918024080695556,-3.717334386073029,3.19755222024281e-08
0.9896341154477853,-50.83047806839967,13.19999999997874,7.918518197647569,-3.7154231706028726,3.200831266963182e-08
1.0054284454831575,-50.829187009024366,13.199999999978715,7.9190118108377625,-3.7135120163633935,3.2041069453767025e-08
1.021221890052416,-50.82789378773606,13.19999999997869,7.919504920251926,-3.7116009236804834,3.207389360403927e-08
1.0370144477605965,-50.82659840472425,13.199999999978662,7.9199975258761075,-3.709689892879962,3.210666722970873e-08
1.0528061172132852,-50.8253008601788,13.199999999978635,7.920489627696605,-3.70777892428758,3.2139457696912455e-08
1.0685968970166146,-50.82400115428988,13.199999999978614,7.920981225699962,-3.7058680182290225,3.217221448104766e-08
1.084386785777265,-50.822699287248064,13.199999999978585,7.921472319872991,-3.703957175029907,3.220498810671712e-08
1.1001757821024571,-50.82139525924422,13.199999999978559,7.9219629102027325,-3.702046395015781,3.223774489085232e-08
1.115963884599981,-50.82008907046958,13.199999999978534,7.922452996676498,-3.7001356785121216,3.227050167498753e-08
1.131751091878166,-50.81878072111571,13.199999999978509,7.922942579281844,-3.69822502584434,3.230324161758847e-08
1.1475374025458864,-50.81747021137452,13.199999999978484,7.923431658006578,-3.6963144373377754,3.233599840172368e-08
1.1633228152125805,-50.81615754143826,13.199999999978461,7.923920232838757,-3.694403913317698,3.2368788868927394e-08
1.1791073284882452,-50.81484271149954,13.19999999997843,7.9244083037667,-3.692493454109311,3.24015456530626e-08
1.1948909409834152,-50.81352572175127,13.199999999978406,7.924895870778966,-3.6905830600377403,3.2434319278732063e-08
1.2106736513091836,-50.812206572386735,13.199999999978381,7.925382933864363,-3.688672731428051,3.2466958172127447e-08
1.2264554580772167,-50.81088526359958,13.199999999978353,7.92586949301197,-3.686762468605229,3.249978232239969e-08
1.2422363598997204,-50.80956179558374,13.19999999997833,7.926355548211094,-3.6848522718941927,3.2532539106534893e-08
1.2580163553894592,-50.808236168533526,13.199999999978303,7.926841099451303,-3.6829421416197907,3.256531273220436e-08
1.273795443159759,-50.806908382643584,13.199999999978278,7.927326146722421,-3.6810320781067976,3.259808635787382e-08
1.2895736218245057,-50.80557843810889,13.199999999978251,7.927810690014511,-3.6791220816799184,3.263077577587198e-08
1.305350889998151,-50.804246335124766,13.199999999978223,7.928294729317905,-3.6772121526637838,3.266354940154145e-08
1.321127246295699,-50.80291207388687,13.1999999999782,7.928778264623162,-3.6753022913829523,3.269628934414239e-08
1.3369026893327158,-50.80157565459124,13.199999999978171,7.9292612959211155,-3.6733924981619133,3.2729062969811857e-08
1.352677217725325,-50.800237077434176,13.19999999997815,7.929743823202826,-3.671482773325079,3.276175238781002e-08
1.3684508300902318,-50.7988963426124,13.199999999978122,7.930225846459632,-3.669573117196793,3.2794475488876704e-08
1.3842235250446875,-50.79755345032292,13.199999999978097,7.930707365683102,-3.66766353010132,3.282724911454617e-08
1.3999953012065147,-50.7962084007631,13.19999999997807,7.931188380865057,-3.665754012362857,3.285988800794155e-08
1.4157661571941054,-50.794861194130654,13.199999999978045,7.931668891997574,-3.663844564305523,3.2892678475145275e-08
1.4315360916264115,-50.793511830623615,13.19999999997802,7.932148899072981,-3.6619351862533627,3.292543525928048e-08
1.447305103122958,-50.792160310440366,13.199999999977994,7.932628402083855,-3.6600258785303508,3.29581415188129e-08
1.4630731903038283,-50.790806633779624,13.199999999977967,7.933107401023016,-3.658116641460384,3.299081409527681e-08
1.4788403517896924,-50.78945080084046,13.199999999977939,7.933585895883548,-3.6562074753672835,3.302363824554905e-08
1.4946065862017592,-50.788092811822274,13.199999999977914,7.934063886658769,-3.654298380574798,3.3056361346615736e-08
1.5103718921618423,-50.78673266692477,13.199999999977887,7.93454137334226,-3.652389357406599,3.3089101289216675e-08
1.5261362682923134,-50.78537036634806,13.199999999977862,7.935018355927841,-3.650480406186281,3.3121723341077806e-08
1.5418997132161112,-50.784005910292564,13.199999999977834,7.935494834409598,-3.648571527237366,3.315451380828152e-08
1.5576622255567492,-50.78263929895899,13.199999999977807,7.935970808781844,-3.646662720883298,3.318722006781395e-08
1.5734238039383022,-50.781270532548454,13.199999999977784,7.936446279039162,-3.6447539874474444,3.3219976851949154e-08
1.5891844469854621,-50.77989961126239,13.199999999977758,7.936921245176373,-3.642845327253097,3.3252666269947315e-08
1.6049441533234512,-50.778526535302525,13.199999999977733,7.937395707188549,-3.6409367406234656,3.3285305163342705e-08
1.6207029215780842,-50.77715130487101,13.199999999977706,7.93786966507102,-3.6390282278816946,3.3318045105943644e-08
1.6364607503757502,-50.77577392017024,13.199999999977676,7.938343118819354,-3.6371197893508387,3.335073452394181e-08
1.6522176383434228,-50.774394381403035,13.199999999977651,7.938816068429368,-3.6352114253538783,3.338347446654276e-08
1.667973584108642,-50.773012688772454,13.199999999977626,7.939288513897136,-3.63330313621372,3.341614704300666e-08
1.6837285862995468,-50.77162884248197,13.1999999999776,7.939760455218979,-3.631394922253186,3.344881961947057e-08
