galstreams/tracks/track.po.PS1-C.bernard2016.ecsv
# %ECSV 0.9
# ---
# datatype:
# - {name: ra, unit: deg, datatype: float64}
# - {name: dec, unit: deg, datatype: float64}
# - {name: distance, unit: kpc, datatype: float64}
# - {name: pm_ra_cosdec, unit: mas / yr, datatype: float64}
# - {name: pm_dec, unit: mas / yr, datatype: float64}
# - {name: radial_velocity, unit: km / s, datatype: float64}
# delimiter: ','
# meta: !!omap
# - __serialized_columns__:
#     dec:
#       __class__: astropy.coordinates.angles.Latitude
#       unit: &id001 !astropy.units.Unit {unit: deg}
#       value: !astropy.table.SerializedColumn {name: dec}
#     distance:
#       __class__: astropy.coordinates.distances.Distance
#       unit: !astropy.units.Unit {unit: kpc}
#       value: !astropy.table.SerializedColumn {name: distance}
#     pm_dec:
#       __class__: astropy.units.quantity.Quantity
#       unit: !astropy.units.Unit {unit: mas / yr}
#       value: !astropy.table.SerializedColumn {name: pm_dec}
#     pm_ra_cosdec:
#       __class__: astropy.units.quantity.Quantity
#       unit: !astropy.units.Unit {unit: mas / yr}
#       value: !astropy.table.SerializedColumn {name: pm_ra_cosdec}
#     ra:
#       __class__: astropy.coordinates.angles.Longitude
#       unit: *id001
#       value: !astropy.table.SerializedColumn {name: ra}
#       wrap_angle: !astropy.coordinates.Angle
#         unit: *id001
#         value: 360.0
#     radial_velocity:
#       __class__: astropy.units.quantity.Quantity
#       unit: !astropy.units.Unit {unit: km / s}
#       value: !astropy.table.SerializedColumn {name: radial_velocity}
# schema: astropy-2.0
ra,dec,distance,pm_ra_cosdec,pm_dec,radial_velocity
330.2156364472797,11.71171899023195,17.400000000000194,0.0,0.0,0.0
330.22145175083284,11.719954904412072,17.40000000000019,0.0,0.0,0.0
330.2272674012201,11.728190701191975,17.400000000000187,0.0,0.0,0.0
330.2330833987078,11.73642638047991,17.400000000000187,0.0,0.0,0.0
330.2388997435624,11.744661942183898,17.40000000000018,0.0,0.0,0.0
330.2447164360505,11.752897386212133,17.40000000000018,0.0,0.0,0.0
330.2505334764387,11.761132712472655,17.400000000000176,0.0,0.0,0.0
330.2563508649935,11.769367920873483,17.40000000000017,0.0,0.0,0.0
330.2621686019816,11.777603011322755,17.400000000000166,0.0,0.0,0.0
330.2679866876697,11.785837983728404,17.400000000000166,0.0,0.0,0.0
330.2738051223246,11.794072837998522,17.40000000000016,0.0,0.0,0.0
330.2796239062129,11.802307574041063,17.400000000000155,0.0,0.0,0.0
330.28544303960166,11.810542191763933,17.400000000000155,0.0,0.0,0.0
330.2912625227577,11.818776691075179,17.400000000000148,0.0,0.0,0.0
330.2970823559478,11.827011071882643,17.400000000000148,0.0,0.0,0.0
330.3029025394392,11.835245334094314,17.400000000000144,0.0,0.0,0.0
330.30872307349864,11.843479477618047,17.400000000000137,0.0,0.0,0.0
330.31454395839336,11.851713502361655,17.400000000000137,0.0,0.0,0.0
330.3203651943905,11.859947408233085,17.400000000000137,0.0,0.0,0.0
330.3261867817571,11.868181195140076,17.40000000000013,0.0,0.0,0.0
330.33200872076037,11.876414862990524,17.400000000000126,0.0,0.0,0.0
330.33783101166773,11.884648411692183,17.400000000000126,0.0,0.0,0.0
330.3436536547462,11.892881841152773,17.400000000000123,0.0,0.0,0.0
330.3494766502634,11.901115151280145,17.400000000000116,0.0,0.0,0.0
330.35529999848654,11.909348341981925,17.40000000000012,0.0,0.0,0.0
330.36112369968316,11.917581413165934,17.400000000000116,0.0,0.0,0.0
330.3669477541207,11.925814364739804,17.400000000000112,0.0,0.0,0.0
330.37277216206667,11.93404719661117,17.40000000000011,0.0,0.0,0.0
330.3785969237887,11.94227990868777,17.40000000000011,0.0,0.0,0.0
330.3844220395543,11.950512500877158,17.40000000000011,0.0,0.0,0.0
330.3902475096312,11.958744973087025,17.400000000000098,0.0,0.0,0.0
330.3960733342872,11.966977325224928,17.400000000000095,0.0,0.0,0.0
330.40189951378994,11.975209557198397,17.400000000000098,0.0,0.0,0.0
330.40772604840737,11.98344166891507,17.400000000000095,0.0,0.0,0.0
330.4135529384072,11.991673660282439,17.40000000000009,0.0,0.0,0.0
330.41938018405733,11.999905531207972,17.400000000000087,0.0,0.0,0.0
330.42520778562584,12.00813728159926,17.400000000000084,0.0,0.0,0.0
330.4310357433806,12.016368911363678,17.400000000000084,0.0,0.0,0.0
330.43686405758973,12.024600420408774,17.400000000000084,0.0,0.0,0.0
330.44269272852125,12.03283180864194,17.40000000000008,0.0,0.0,0.0
330.44852175644337,12.041063075970543,17.400000000000077,0.0,0.0,0.0
330.4543511416242,12.049294222302073,17.400000000000073,0.0,0.0,0.0
330.4601808843321,12.057525247543811,17.400000000000073,0.0,0.0,0.0
330.4660109848351,12.065756151603201,17.400000000000073,0.0,0.0,0.0
330.47184144340184,12.073986934387534,17.400000000000073,0.0,0.0,0.0
330.47767226030044,12.08221759580408,17.400000000000066,0.0,0.0,0.0
330.4835034357994,12.090448135760223,17.400000000000066,0.0,0.0,0.0
330.4893349701672,12.098678554163147,17.400000000000063,0.0,0.0,0.0
330.4951668636723,12.106908850920197,17.400000000000066,0.0,0.0,0.0
330.5009991165834,12.115139025938568,17.40000000000006,0.0,0.0,0.0
330.50683172916894,12.123369079125421,17.400000000000063,0.0,0.0,0.0
330.51266470169764,12.131599010388049,17.40000000000006,0.0,0.0,0.0
330.51849803443815,12.139828819633529,17.400000000000055,0.0,0.0,0.0
330.5243317276594,12.148058506769102,17.40000000000006,0.0,0.0,0.0
330.53016578162993,12.156288071701868,17.400000000000055,0.0,0.0,0.0
330.5360001966188,12.16451751433889,17.400000000000055,0.0,0.0,0.0
330.5418349728947,12.172746834587349,17.400000000000052,0.0,0.0,0.0
330.5476701107267,12.180976032354229,17.40000000000005,0.0,0.0,0.0
330.5535056103838,12.189205107546677,17.400000000000052,0.0,0.0,0.0
330.559341472135,12.19743406007168,17.40000000000005,0.0,0.0,0.0
330.5651776962493,12.2056628898362,17.400000000000045,0.0,0.0,0.0
330.571014282996,12.213891596747322,17.400000000000045,0.0,0.0,0.0
330.57685123264406,12.222120180711931,17.40000000000005,0.0,0.0,0.0
330.58268854546293,12.230348641637065,17.40000000000004,0.0,0.0,0.0
330.5885262217217,12.238576979429608,17.400000000000045,0.0,0.0,0.0
330.59436426168975,12.246805193996432,17.40000000000004,0.0,0.0,0.0
330.6002026656365,12.255033285244512,17.40000000000004,0.0,0.0,0.0
330.60604143383125,12.263261253080632,17.400000000000038,0.0,0.0,0.0
330.6118805665436,12.271489097411733,17.400000000000038,0.0,0.0,0.0
330.617720064043,12.279716818144594,17.400000000000038,0.0,0.0,0.0
330.62355992659894,12.28794441518598,17.40000000000004,0.0,0.0,0.0
330.62940015448106,12.296171888442775,17.400000000000038,0.0,0.0,0.0
330.6352407479591,12.304399237821645,17.400000000000038,0.0,0.0,0.0
330.64108170730265,12.312626463229444,17.400000000000034,0.0,0.0,0.0
330.64692303278156,12.320853564572838,17.400000000000034,0.0,0.0,0.0
330.65276472466553,12.329080541758497,17.400000000000038,0.0,0.0,0.0
330.6586067832245,12.337307394693195,17.40000000000003,0.0,0.0,0.0
330.66444920872823,12.345534123283501,17.400000000000034,0.0,0.0,0.0
330.67029200144685,12.353760727436162,17.400000000000034,0.0,0.0,0.0
330.6761351616502,12.361987207057751,17.40000000000003,0.0,0.0,0.0
330.6819786896084,12.370213562054824,17.400000000000034,0.0,0.0,0.0
330.6878225855915,12.378439792334056,17.40000000000003,0.0,0.0,0.0
330.69366684986966,12.386665897801919,17.400000000000034,0.0,0.0,0.0
330.699511482713,12.394891878365048,17.40000000000003,0.0,0.0,0.0
330.7053564843918,12.403117733929916,17.40000000000003,0.0,0.0,0.0
330.7112018551764,12.411343464402975,17.40000000000003,0.0,0.0,0.0
330.717047595337,12.4195690696908,17.40000000000003,0.0,0.0,0.0
330.7228937051441,12.427794549699756,17.40000000000003,0.0,0.0,0.0
330.728740184868,12.436019904336378,17.40000000000003,0.0,0.0,0.0
330.7345870347794,12.444245133507028,17.40000000000003,0.0,0.0,0.0
330.7404342551485,12.452470237118064,17.40000000000003,0.0,0.0,0.0
330.7462818462462,12.460695215075951,17.40000000000003,0.0,0.0,0.0
330.75212980834283,12.468920067286954,17.400000000000027,0.0,0.0,0.0
330.75797814170926,12.477144793657496,17.400000000000027,0.0,0.0,0.0
330.76382684661615,12.485369394093844,17.400000000000023,0.0,0.0,0.0
330.76967592333426,12.493593868502247,17.400000000000027,0.0,0.0,0.0
330.77552537213444,12.50181821678907,17.400000000000023,0.0,0.0,0.0
330.7813751932875,12.510042438860516,17.400000000000027,0.0,0.0,0.0
330.7872253870644,12.518266534622766,17.400000000000027,0.0,0.0,0.0
330.79307595373604,12.526490503982126,17.40000000000003,0.0,0.0,0.0
330.7989268935735,12.534714346844693,17.400000000000027,0.0,0.0,0.0
330.8047782068478,12.542938063116718,17.400000000000027,0.0,0.0,0.0
330.81062989383014,12.551161652704309,17.400000000000027,0.0,0.0,0.0
330.8164819547915,12.559385115513539,17.400000000000027,0.0,0.0,0.0
330.8223343900032,12.567608451450608,17.400000000000027,0.0,0.0,0.0
330.82818719973653,12.575831660421509,17.400000000000027,0.0,0.0,0.0
330.8340403842628,12.584054742332386,17.400000000000027,0.0,0.0,0.0
330.8398939438533,12.592277697089246,17.400000000000027,0.0,0.0,0.0
330.84574787877943,12.600500524598058,17.400000000000023,0.0,0.0,0.0
330.8516021893127,12.608723224764914,17.40000000000002,0.0,0.0,0.0
330.85745687572455,12.616945797495696,17.400000000000023,0.0,0.0,0.0
330.86331193828664,12.625168242696457,17.40000000000002,0.0,0.0,0.0
330.8691673772705,12.633390560273083,17.400000000000023,0.0,0.0,0.0
330.8750231929477,12.641612750131447,17.40000000000002,0.0,0.0,0.0
330.88087938559016,12.649834812177529,17.400000000000016,0.0,0.0,0.0
330.8867359554694,12.658056746317115,17.40000000000002,0.0,0.0,0.0
330.8925929028574,12.66627855245614,17.40000000000002,0.0,0.0,0.0
330.89845022802587,12.674500230500394,17.40000000000002,0.0,0.0,0.0
330.9043079312468,12.682721780355633,17.40000000000002,0.0,0.0,0.0
330.9101660127921,12.690943201927748,17.400000000000023,0.0,0.0,0.0
330.91602447293377,12.6991644951224,17.400000000000027,0.0,0.0,0.0
330.92188331194393,12.707385659845432,17.40000000000002,0.0,0.0,0.0
330.9277425300946,12.71560669600252,17.40000000000002,0.0,0.0,0.0
330.93360212765793,12.72382760349932,17.400000000000023,0.0,0.0,0.0
330.9394621049061,12.732048382241606,17.400000000000023,0.0,0.0,0.0
330.94532246211145,12.74026903213494,17.400000000000023,0.0,0.0,0.0
330.9511831995462,12.74848955308506,17.400000000000023,0.0,0.0,0.0
330.95704431748277,12.75670994499753,17.400000000000023,0.0,0.0,0.0
330.9629058161935,12.764930207777901,17.40000000000002,0.0,0.0,0.0
330.9687676959508,12.77315034133184,17.400000000000023,0.0,0.0,0.0
330.9746299570273,12.781370345564811,17.400000000000023,0.0,0.0,0.0
330.9804925996954,12.789590220382426,17.400000000000016,0.0,0.0,0.0
330.9863556242278,12.797809965690156,17.400000000000023,0.0,0.0,0.0
330.9922190308971,12.806029581393442,17.40000000000002,0.0,0.0,0.0
330.99808281997605,12.814249067397846,17.400000000000016,0.0,0.0,0.0
331.0039469917373,12.822468423608711,17.40000000000002,0.0,0.0,0.0
331.00981154645376,12.830687649931557,17.40000000000002,0.0,0.0,0.0
331.0156764843982,12.838906746271743,17.400000000000016,0.0,0.0,0.0
331.0215418058436,12.847125712534604,17.40000000000002,0.0,0.0,0.0
331.0274075110629,12.855344548625585,17.40000000000002,0.0,0.0,0.0
331.0332736003289,12.863563254449932,17.400000000000023,0.0,0.0,0.0
331.039140073915,12.871781829913054,17.40000000000002,0.0,0.0,0.0
331.0450069320941,12.880000274920201,17.40000000000002,0.0,0.0,0.0
331.0508741751393,12.888218589376594,17.400000000000013,0.0,0.0,0.0
331.0567418033239,12.896436773187585,17.400000000000016,0.0,0.0,0.0
331.06260981692117,12.904654826258298,17.400000000000016,0.0,0.0,0.0
331.0684782162043,12.91287274849404,17.400000000000016,0.0,0.0,0.0
331.0743470014468,12.921090539799948,17.400000000000016,0.0,0.0,0.0
331.080216172922,12.929308200081142,17.400000000000016,0.0,0.0,0.0
331.0860857309033,12.937525729242852,17.400000000000016,0.0,0.0,0.0
331.0919556756642,12.945743127190108,17.40000000000002,0.0,0.0,0.0
331.0978260074785,12.9539603938281,17.400000000000016,0.0,0.0,0.0
331.10369672661955,12.962177529061861,17.40000000000002,0.0,0.0,0.0
331.10956783336104,12.970394532796394,17.40000000000002,0.0,0.0,0.0
331.1154393279768,12.97861140493683,17.400000000000016,0.0,0.0,0.0
331.12131121074043,12.986828145388086,17.40000000000002,0.0,0.0,0.0
331.1271834819259,12.995044754055241,17.40000000000002,0.0,0.0,0.0
331.133056141807,13.003261230843218,17.40000000000002,0.0,0.0,0.0
331.1389291906576,13.011477575656915,17.400000000000016,0.0,0.0,0.0
331.1448026287518,13.01969378840135,17.40000000000002,0.0,0.0,0.0
331.15067645636356,13.027909868981379,17.40000000000002,0.0,0.0,0.0
331.15655067376684,13.036125817301828,17.40000000000002,0.0,0.0,0.0
331.1624252812359,13.044341633267655,17.40000000000002,0.0,0.0,0.0
331.1683002790448,13.0525573167836,17.400000000000016,0.0,0.0,0.0
331.17417566746786,13.06077286775457,17.40000000000002,0.0,0.0,0.0
331.1800514467793,13.068988286085307,17.400000000000016,0.0,0.0,0.0
331.18592761725347,13.07720357168054,17.40000000000002,0.0,0.0,0.0
331.19180417916476,13.085418724445105,17.400000000000016,0.0,0.0,0.0
331.19768113278747,13.09363374428363,17.40000000000002,0.0,0.0,0.0
331.20355847839625,13.101848631100923,17.40000000000002,0.0,0.0,0.0
331.2094362162656,13.11006338480161,17.400000000000016,0.0,0.0,0.0
331.21531434666997,13.118278005290305,17.400000000000016,0.0,0.0,0.0
331.22119286988413,13.126492492471735,17.400000000000016,0.0,0.0,0.0
331.22707178618276,13.134706846250431,17.400000000000016,0.0,0.0,0.0
331.2329510958405,13.142921066531068,17.40000000000002,0.0,0.0,0.0
331.23883079913224,13.15113515321818,17.40000000000002,0.0,0.0,0.0
331.2447108963328,13.15934910621626,17.400000000000016,0.0,0.0,0.0
331.25059138771695,13.167562925429928,17.400000000000016,0.0,0.0,0.0
331.25647227355984,13.175776610763599,17.400000000000013,0.0,0.0,0.0
331.2623535541363,13.183990162121844,17.400000000000016,0.0,0.0,0.0
331.26823522972154,13.192203579409076,17.400000000000016,0.0,0.0,0.0
331.27411730059043,13.200416862529693,17.400000000000016,0.0,0.0,0.0
331.2799997670183,13.208630011388188,17.400000000000016,0.0,0.0,0.0
331.28588262928025,13.216843025888869,17.400000000000016,0.0,0.0,0.0
331.2917658876517,13.225055905936198,17.40000000000002,0.0,0.0,0.0
331.29764954240784,13.233268651434479,17.400000000000016,0.0,0.0,0.0
331.3035335938239,13.241481262287985,17.400000000000016,0.0,0.0,0.0
331.3094180421756,13.249693738401113,17.40000000000002,0.0,0.0,0.0
331.3153028877381,13.257906079678051,17.40000000000002,0.0,0.0,0.0
331.3211881307871,13.266118286023152,17.400000000000013,0.0,0.0,0.0
331.3270737715981,13.274330357340599,17.40000000000002,0.0,0.0,0.0
331.33295981044677,13.282542293534565,17.40000000000002,0.0,0.0,0.0
331.3388462476087,13.290754094509332,17.400000000000013,0.0,0.0,0.0
331.34473308335976,13.298965760168972,17.400000000000013,0.0,0.0,0.0
331.3506203179756,13.307177290417725,17.400000000000013,0.0,0.0,0.0
331.35650795173206,13.315388685159663,17.400000000000016,0.0,0.0,0.0
331.362395984905,13.323599944298856,17.400000000000016,0.0,0.0,0.0
331.3682844177705,13.331811067739451,17.400000000000013,0.0,0.0,0.0
331.3741732506043,13.340022055385427,17.400000000000013,0.0,0.0,0.0
331.38006248368276,13.348232907140904,17.400000000000013,0.0,0.0,0.0
331.3859521172817,13.356443622909852,17.400000000000013,0.0,0.0,0.0
331.3918421516774,13.3646542025962,17.400000000000016,0.0,0.0,0.0
331.39773258714604,13.372864646104011,17.400000000000013,0.0,0.0,0.0
331.40362342396384,13.38107495333714,17.400000000000013,0.0,0.0,0.0
331.4095146624071,13.389285124199587,17.400000000000013,0.0,0.0,0.0
331.4154063027523,13.397495158595218,17.400000000000016,0.0,0.0,0.0
331.42129834527555,13.405705056427843,17.400000000000016,0.0,0.0,0.0
331.4271907902537,13.413914817601421,17.400000000000016,0.0,0.0,0.0
331.4330836379629,13.422124442019676,17.400000000000013,0.0,0.0,0.0
331.43897688868003,13.430333929586514,17.400000000000016,0.0,0.0,0.0
331.44487054268154,13.438543280205668,17.400000000000016,0.0,0.0,0.0
331.45076460024404,13.446752493780856,17.400000000000013,0.0,0.0,0.0
331.4566590616445,13.4549615702159,17.400000000000016,0.0,0.0,0.0
331.46255392715943,13.463170509414427,17.400000000000016,0.0,0.0,0.0
331.4684491970658,13.471379311280224,17.400000000000013,0.0,0.0,0.0
331.47434487164054,13.479587975716905,17.400000000000016,0.0,0.0,0.0
331.48024095116045,13.487796502628074,17.400000000000016,0.0,0.0,0.0
331.48613743590266,13.496004891917446,17.400000000000013,0.0,0.0,0.0
331.4920343261441,13.504213143488526,17.400000000000016,0.0,0.0,0.0
331.49793162216196,13.512421257244995,17.400000000000013,0.0,0.0,0.0
331.50382932423344,13.520629233090345,17.400000000000013,0.0,0.0,0.0
331.5097274326355,13.52883707092807,17.400000000000016,0.0,0.0,0.0
331.5156259476457,13.537044770661764,17.400000000000013,0.0,0.0,0.0
331.5215248695411,13.545252332194828,17.400000000000013,0.0,0.0,0.0
331.5274241985992,13.553459755430808,17.400000000000013,0.0,0.0,0.0
331.5333239350974,13.561667040273093,17.400000000000013,0.0,0.0,0.0
331.5392240793132,13.569874186625064,17.400000000000016,0.0,0.0,0.0
331.5451246315242,13.578081194390206,17.400000000000016,0.0,0.0,0.0
331.5510255920077,13.586288063471843,17.400000000000016,0.0,0.0,0.0
331.5569269610416,13.594494793773261,17.400000000000013,0.0,0.0,0.0
331.5628287389035,13.60270138519789,17.400000000000013,0.0,0.0,0.0
331.56873092587114,13.610907837648927,17.400000000000013,0.0,0.0,0.0
331.57463352222226,13.619114151029752,17.400000000000013,0.0,0.0,0.0
331.58053652823486,13.627320325243566,17.400000000000013,0.0,0.0,0.0
331.5864399441866,13.635526360193555,17.400000000000013,0.0,0.0,0.0
