galstreams/tracks/track.st.NGC3201-Gjoll.palau2021.ecsv
# %ECSV 0.9
# ---
# datatype:
# - {name: ra, unit: deg, datatype: float64}
# - {name: dec, unit: deg, datatype: float64}
# - {name: distance, unit: kpc, datatype: float64}
# - {name: pm_ra_cosdec, unit: mas / yr, datatype: float64}
# - {name: pm_dec, unit: mas / yr, datatype: float64}
# - {name: radial_velocity, unit: km / s, datatype: float64}
# delimiter: ','
# meta: !!omap
# - __serialized_columns__:
#     dec:
#       __class__: astropy.coordinates.angles.Latitude
#       unit: &id001 !astropy.units.Unit {unit: deg}
#       value: !astropy.table.SerializedColumn {name: dec}
#     distance:
#       __class__: astropy.coordinates.distances.Distance
#       unit: !astropy.units.Unit {unit: kpc}
#       value: !astropy.table.SerializedColumn {name: distance}
#     pm_dec:
#       __class__: astropy.units.quantity.Quantity
#       unit: !astropy.units.Unit {unit: mas / yr}
#       value: !astropy.table.SerializedColumn {name: pm_dec}
#     pm_ra_cosdec:
#       __class__: astropy.units.quantity.Quantity
#       unit: !astropy.units.Unit {unit: mas / yr}
#       value: !astropy.table.SerializedColumn {name: pm_ra_cosdec}
#     ra:
#       __class__: astropy.coordinates.angles.Longitude
#       unit: *id001
#       value: !astropy.table.SerializedColumn {name: ra}
#       wrap_angle: !astropy.coordinates.Angle
#         unit: *id001
#         value: 360.0
#     radial_velocity:
#       __class__: astropy.units.quantity.Quantity
#       unit: !astropy.units.Unit {unit: km / s}
#       value: !astropy.table.SerializedColumn {name: radial_velocity}
# schema: astropy-2.0
ra,dec,distance,pm_ra_cosdec,pm_dec,radial_velocity
[from data line 5895]
87.57546858143886,-18.15430456303683,4.1263693156403765,23.7434004663959,-23.03639469874574,-1.0104920555846805e-13
87.58353022503185,-18.160761096223297,4.12713899140661,23.743677833554635,-23.03496795963306,-1.515738083377021e-13
87.5915926014006,-18.167217133653228,4.127908603993423,23.743953768405195,-23.033539154645155,-1.347322740779574e-13
87.59965571080099,-18.173672675129133,4.12867815295699,23.744228271053355,-23.03210828431393,-1.6841534259744677e-13
87.60771955348893,-18.180127720453743,4.129447637853633,23.74450134160516,-23.030675349171823,-1.515738083377021e-13
87.6157841297203,-18.186582269429824,4.130217058239877,23.74477298016705,-23.029240349751884,-1.1789073981821273e-13
87.62384943975064,-18.193036321860138,4.1309864136724235,23.74504318684563,-23.027803286587737,-1.8525687685719145e-13
87.6319154838356,-18.199489877547656,4.131755703708158,23.74531196174797,-23.026364160213618,-1.8525687685719145e-13
87.63998226223059,-18.20594293629528,4.132524927904154,23.74557930498133,-23.024922971164322,-1.0104920555846805e-13
87.64804977519104,-18.21239549790613,4.133294085817653,23.745845216653343,-23.023479719975214,-1.347322740779574e-13
87.65611802297211,-18.21884756218324,4.134063177006113,23.746109696871926,-23.02203440718232,-1.1789073981821273e-13
87.66418700582898,-18.225299128929855,4.134832201027154,23.74637274574529,-23.020587033322148,-1.8525687685719145e-13
87.67225672401675,-18.23175019794929,4.135601157438599,23.74663436338203,-23.019137598931856,-1.6841534259744677e-13
87.6803271777903,-18.23820076904482,4.1363700457984125,23.746894549890886,-23.017686104549135,-1.0104920555846805e-13
87.68839836740452,-18.2446508420199,4.137138865664782,23.74715330538109,-23.016232550712324,-1.8525687685719145e-13
87.69647029311405,-18.251100416678,4.137907616596087,23.747410629962047,-23.014776937960285,-1.8525687685719145e-13
87.70454295517361,-18.257549492822747,4.138676298150863,23.747666523743572,-23.013319266832493,-1.347322740779574e-13
87.7126163538376,-18.263998070257706,4.139444909887855,23.74792098683568,-23.01185953786899,-2.020984111169361e-13
87.72069048936052,-18.27044614878664,4.14021345136599,23.74817401934874,-23.010397751610373,-1.347322740779574e-13
87.72876536199671,-18.276893728213366,4.140981922144358,23.748425621393473,-23.008933908597896,-1.1789073981821273e-13
87.73684097200024,-18.283340808341705,4.141750321782264,23.748675793080835,-23.00746800937332,-1.6841534259744677e-13
87.74491731962536,-18.28978738897567,4.1425186498391975,23.748924534522118,-23.006000054479003,-1.0104920555846805e-13
87.7529944051259,-18.2962334699192,4.143286905874822,23.749171845828954,-23.004530044457937,-5.0524602779234026e-14
87.76107222875589,-18.302679050976465,4.144055089448979,23.749417727113194,-23.003057979853565,-1.1789073981821273e-13
87.76915079076898,-18.309124131951567,4.1448232001217225,23.749662178487075,-23.001583861210054,-1.347322740779574e-13
87.7772300914189,-18.31556871264878,4.145591237453289,23.749905200063086,-23.000107689072074,-1.8525687685719145e-13
87.78531013095925,-18.322012792872478,4.146359201004083,23.75014679195408,-22.998629463984862,-1.347322740779574e-13
87.79339090964342,-18.328456372426967,4.147127090334715,23.75038695427318,-22.997149186494283,-1.0104920555846805e-13
87.80147242772485,-18.334899451116822,4.147894905005977,23.75062568713379,-22.995666857146716,-1.6841534259744677e-13
87.80955468545667,-18.341342028746492,4.148662644578845,23.750862990649654,-22.994182476489176,-3.031476166754042e-13
87.81763768309216,-18.347784105120688,4.1494303086145035,23.7510988649348,-22.992696045069213,-1.1789073981821273e-13
87.82572142088421,-18.354225680044024,4.150197896674294,23.751333310103565,-22.991207563434948,-6.73661370389787e-14
87.83380589908582,-18.360666753321322,4.150965408319767,23.751566326270595,-22.98971703213513,-1.0104920555846805e-13
87.84189111794984,-18.36710732475746,4.151732843112665,23.751797913550867,-22.988224451719034,-1.6841534259744677e-13
87.84997707772892,-18.373547394157303,4.152500200614919,23.7520280720596,-22.986729822736528,-2.5262301389617017e-13
87.85806377867576,-18.379986961325937,4.153267480388607,23.752256801912363,-22.985233145738043,-2.1893994537668078e-13
87.86615122104276,-18.386426026068342,4.154034681996085,23.75248410322504,-22.983734421274605,-5.0524602779234026e-14
87.87423940508238,-18.392864588189763,4.154801804999812,23.752709976113767,-22.982233649897783,-1.515738083377021e-13
87.88232833104686,-18.39930264749537,4.155568848962483,23.752934420695027,-22.98073083215976,-8.420767129872338e-14
87.8904179991884,-18.405740203790476,4.156335813446969,23.753157437085576,-22.979225968613243,-2.1893994537668078e-13
87.89850840975913,-18.412177256880522,4.157102698016325,23.753379025402488,-22.977719059811527,-1.515738083377021e-13
87.90659956301096,-18.41861380657089,4.157869502233817,23.75359918576317,-22.976210106308525,-1.347322740779574e-13
87.91469145919578,-18.425049852667204,4.158636225662884,23.753817918285247,-22.974699108658633,-1.6841534259744677e-13
87.92278409856527,-18.43148539497497,4.159402867867172,23.754035223086788,-22.973186067416936,-2.1893994537668078e-13
87.93087748137117,-18.43792043329995,4.160169428410491,23.754251100286012,-22.971670983138978,-1.0104920555846805e-13
87.93897160786503,-18.44435496744791,4.160935906856867,23.754465550001495,-22.970153856380904,-5.0524602779234026e-14
87.94706647829818,-18.450788997224656,4.161702302770529,23.754678572352205,-22.968634687699492,-1.8525687685719145e-13
87.95516209292207,-18.457222522436147,4.16246861571584,23.754890167457233,-22.967113477651974,-1.8525687685719145e-13
87.9632584519878,-18.463655542888333,4.163234845257429,23.75510033543613,-22.965590226796266,-8.420767129872338e-14
87.97135555574653,-18.470088058387304,4.16400099096006,23.755309076408693,-22.964064935690804,-1.6841534259744677e-13
87.9794534044493,-18.47652006873926,4.164767052388717,23.75551639049502,-22.962537604894564,-3.031476166754042e-13
87.98755199834696,-18.482951573750334,4.165533029108569,23.755722277815504,-22.961008234967156,-1.515738083377021e-13
87.99565133769036,-18.489382573226894,4.166298920684983,23.75592673849084,-22.95947682646866,-1.515738083377021e-13
88.00375142273008,-18.495813066975295,4.167064726683506,23.75612977264201,-22.95794337995984,-8.420767129872338e-14
88.01185225371678,-18.502243054802026,4.167830446669897,23.756331380390375,-22.95640789600196,-1.6841534259744677e-13
88.01995383090087,-18.508672536513554,4.168596080210086,23.756531561857475,-22.954870375156833,-8.420767129872338e-14
88.02805615453272,-18.51510151191652,4.169361626870211,23.75673031716524,-22.953330817986874,-2.020984111169361e-13
88.03615922486266,-18.521529980817675,4.170127086216604,23.75692764643592,-22.951789225055077,-1.347322740779574e-13
88.04426304214071,-18.52795794302368,4.170892457815786,23.757123549791967,-22.950245596924958,-1.6841534259744676e-14
88.052367606617,-18.534385398341453,4.171657741234488,23.7573180273562,-22.948699934160622,-8.420767129872338e-14
88.06047291854135,-18.540812346577855,4.172422936039608,23.757511079251717,-22.94715223732672,-2.8630608241565947e-13
88.06857897816373,-18.54723878753995,4.173188041798232,23.757702705601947,-22.945602506988514,-1.8525687685719145e-13
88.0766857857337,-18.553664721034746,4.1739530580776965,23.757892906530557,-22.94405074371177,-1.347322740779574e-13
88.08479334150093,-18.560090146869413,4.17471798444546,23.758081682161592,-22.94249694806286,-8.420767129872338e-14
88.09290164571495,-18.566515064851224,4.1754828204692345,23.75826903261937,-22.940941120608695,-2.3578147963642546e-13
88.10101069862507,-18.57293947478742,4.1762475657169125,23.758454958028462,-22.93938326191677,-6.73661370389787e-14
88.10912050048063,-18.57936337648544,4.177012219756556,23.758639458513784,-22.9378233725551,-2.020984111169361e-13
88.11723105153074,-18.5857867697527,4.177776782156437,23.758822534200533,-22.936261453092335,-1.8525687685719145e-13
88.12534235202453,-18.592209654396786,4.1785412524850365,23.759004185214238,-22.934697504097603,-2.1893994537668078e-13
88.13345440221087,-18.59863203022527,4.179305630311018,23.759184411680668,-22.93313152614065,-2.020984111169361e-13
88.14156720233866,-18.605053897045845,4.180069915203245,23.75936321372595,-22.931563519791755,-1.347322740779574e-13
88.14968075265666,-18.611475254666367,4.180834106730772,23.759540591476494,-22.92999348562178,-1.1789073981821273e-13
88.15779505341341,-18.617896102894566,4.181598204462874,23.759716545058954,-22.928421424202117,-2.5262301389617017e-13
88.16591010485749,-18.62431644153848,4.1823622079689775,23.759891074600365,-22.926847336104743,-2.3578147963642546e-13
88.17402590723727,-18.630736270406018,4.183126116818744,23.760064180228014,-22.925271221902193,-2.1893994537668078e-13
88.18214246080112,-18.637155589305365,4.183889930582027,23.76023586206948,-22.923693082167528,-1.347322740779574e-13
88.19025976579712,-18.643574398044596,4.184653648828856,23.760406120252686,-22.922112917474426,-1.0104920555846805e-13
88.19837782247343,-18.64999269643198,4.185417271129476,23.760574954905785,-22.92053072839706,-1.6841534259744677e-13
88.20649663107802,-18.65641048427588,4.186180797054329,23.76074236615728,-22.91894651551017,-2.5262301389617017e-13
88.21461619185874,-18.662827761384637,4.186944226174049,23.760908354135985,-22.917360279389136,-8.420767129872338e-14
88.22273650506334,-18.66924452756678,4.1877075580594845,23.76107291897094,-22.91577202060978,-8.420767129872338e-14
88.23085757093942,-18.6756607826308,4.188470792281633,23.76123606079153,-22.914181739748535,-1.347322740779574e-13
88.23897938973462,-18.68207652638539,4.189233928411757,23.761397779727435,-22.91258943738239,-2.5262301389617017e-13
88.24710196169626,-18.68849175863922,4.1899969660212815,23.76155807590864,-22.910995114088884,-1.8525687685719145e-13
88.2552252870717,-18.694906479201084,4.190759904681825,23.761716949465413,-22.90939877044613,-2.020984111169361e-13
88.26334936610819,-18.701320687879903,4.1915227439652085,23.761874400528303,-22.90780040703273,-2.020984111169361e-13
88.27147419905275,-18.70773438448455,4.192285483443482,23.762030429228183,-22.906200024427932,-6.73661370389787e-14
88.27959978615245,-18.714147568824124,4.193048122688866,23.762185035696245,-22.904597623211483,-1.1789073981821273e-13
88.28772612765405,-18.720560240707663,4.193810661273762,23.76233822006389,-22.90299320396368,-1.347322740779574e-13
88.29585322380447,-18.726972399944422,4.194573098770814,23.762489982462903,-22.901386767265386,-1.8525687685719145e-13
88.30398107485023,-18.73338404634358,4.195335434752851,23.762640323025316,-22.899778313698025,-1.347322740779574e-13
88.31210968103792,-18.73979517971453,4.19609766879288,23.76278924188346,-22.89816784384356,-2.020984111169361e-13
88.32023904261406,-18.746205799866726,4.196859800464142,23.76293673917004,-22.89655535828452,-1.1789073981821273e-13
88.32836915982486,-18.7526159066096,4.197621829340056,23.76308281501791,-22.894940857603963,-1.347322740779574e-13
88.33650003291666,-18.759025499752788,4.19838375499424,23.76322746956036,-22.893324342385515,-6.73661370389787e-14
88.34463166213544,-18.765434579105893,4.199145577000533,23.76337070293088,-22.891705813213367,-2.020984111169361e-13
88.3527640477273,-18.771843144478733,4.1999072949329666,23.763512515263326,-22.890085270672234,-1.8525687685719145e-13
88.36089718993807,-18.778251195681015,4.200668908365765,23.763652906691767,-22.88846271534736,-8.420767129872338e-14
88.36903108901353,-18.78465873252271,4.201430416873342,23.76379187735065,-22.886838147824598,-1.347322740779574e-13
88.37716574519942,-18.791065754813815,4.202191820030356,23.763929427374663,-22.885211568690302,-6.73661370389787e-14
88.38530115874119,-18.797472262364323,4.202953117411621,23.764065556898814,-22.883582978531408,-1.6841534259744677e-13
88.39343732988439,-18.803878254984426,4.203714308592193,23.764200266058403,-22.88195237793537,-1.1789073981821273e-13
88.40157425887426,-18.810283732484283,4.204475393147295,23.764333554988998,-22.880319767490228,-1.347322740779574e-13
88.40971194595613,-18.816688694674248,4.205236370652366,23.76446542382649,-22.878685147784502,-1.1789073981821273e-13
88.41785039137501,-18.823093141364634,4.205997240683054,23.764595872707044,-22.877048519407335,-1.515738083377021e-13
88.42598959537595,-18.829497072365914,4.206758002815203,23.764724901767142,-22.875409882948357,-1.8525687685719145e-13
88.43412955820389,-18.83590048748867,4.2075186566248615,23.76485251114359,-22.873769238997834,-2.3578147963642546e-13
88.44227028010356,-18.842303386543456,4.208279201688287,23.76497870097335,-22.872126588146436,-1.515738083377021e-13
88.45041176131966,-18.84870576934103,4.2090396375819195,23.765103471393875,-22.870481930985513,-1.1789073981821273e-13
88.4585540020967,-18.85510763569208,4.209799963882437,23.765226822542722,-22.868835268106857,-6.73661370389787e-14
88.46669700267915,-18.861508985407493,4.21056018016668,23.765348754557905,-22.86718660010292,-1.515738083377021e-13
88.47484076331143,-18.867909818298262,4.211320286011741,23.765469267577576,-22.865535927566548,-1.515738083377021e-13
88.48298528423766,-18.87431013417532,4.21208028099486,23.76558836174032,-22.863883251091288,-2.5262301389617017e-13
88.49113056570206,-18.880709932849822,4.212840164693528,23.765706037184913,-22.862228571271086,-1.1789073981821273e-13
88.49927660794853,-18.88710921413288,4.213599936685422,23.765822294050484,-22.86057188870055,-1.1789073981821273e-13
88.50742341122101,-18.893507977835792,4.214359596548413,23.76593713247644,-22.858913203974808,-1.8525687685719145e-13
88.51557097576334,-18.89990622376992,4.215119143860616,23.76605055260245,-22.8572525176894,-5.0524602779234026e-14
88.52371930181909,-18.906303951746604,4.215878578200296,23.766162554568506,-22.855589830440618,-2.3578147963642546e-13
88.53186838963191,-18.91270116157742,4.216637899145955,23.76627313851489,-22.853925142825126,3.368306851948935e-14
88.54001823944517,-18.91909785307387,4.217397106276312,23.766382304582166,-22.852258455440214,-1.8525687685719145e-13
88.54816885150231,-18.92549402604767,4.218156199170258,23.766490052911198,-22.85058976888369,-1.515738083377021e-13
88.55632022604645,-18.9318896803105,4.2189151774069185,23.766596383643094,-22.84891908375387,-1.8525687685719145e-13
88.56447236332075,-18.93828481567423,4.219674040565603,23.766701296919372,-22.8472464006497,-1.347322740779574e-13
88.57262526356827,-18.944679431950764,4.220432788225841,23.76680479288172,-22.845571720170582,-1.6841534259744677e-13
88.58077892703179,-18.95107352895203,4.221191419967363,23.76690687167216,-22.843895042916458,-1.6841534259744677e-13
88.58893335395419,-18.957467106490146,4.221949935370126,23.767007533433034,-22.842216369487872,-2.020984111169361e-13
88.59708854457804,-18.963860164377202,4.222708334014249,23.76710677830693,-22.840535700485844,-1.8525687685719145e-13
88.60524449914602,-18.97025270242547,4.2234666154800955,23.76720460643672,-22.838853036511942,-3.1998915093514883e-13
88.61340121790047,-18.976644720447204,4.224224779348225,23.767301017965625,-22.837168378168307,-1.6841534259744677e-13
88.62155870108374,-18.983036218254803,4.224982825199397,23.767396013037132,-22.8354817260576,-2.5262301389617017e-13
88.62971694893812,-18.98942719566079,4.225740752614588,23.767489591794973,-22.83379308078299,-2.3578147963642546e-13
88.63787596170562,-18.995817652477637,4.226498561174996,23.76758175438321,-22.83210244294823,-1.1789073981821273e-13
88.6460357396283,-19.00220758851802,4.227256250461981,23.76767250094623,-22.830409813157573,-2.3578147963642546e-13
88.65419628294799,-19.00859700359461,4.228013820057163,23.767761831628633,-22.828715192015814,-1.515738083377021e-13
88.66235759190656,-19.014985897520255,4.228771269542332,23.76784974657535,-22.827018580128282,-1.6841534259744677e-13
