galstreams/tracks/track.st.M5.grillmair2019.ecsv
# %ECSV 1.0
# ---
# datatype:
# - {name: ra, unit: deg, datatype: float64}
# - {name: dec, unit: deg, datatype: float64}
# - {name: distance, unit: kpc, datatype: float64}
# - {name: pm_ra_cosdec, unit: mas / yr, datatype: float64}
# - {name: pm_dec, unit: mas / yr, datatype: float64}
# - {name: radial_velocity, unit: km / s, datatype: float64}
# delimiter: ','
# meta: !!omap
# - __serialized_columns__:
#     dec:
#       __class__: astropy.coordinates.angles.Latitude
#       unit: &id001 !astropy.units.Unit {unit: deg}
#       value: !astropy.table.SerializedColumn {name: dec}
#     distance:
#       __class__: astropy.coordinates.distances.Distance
#       unit: !astropy.units.Unit {unit: kpc}
#       value: !astropy.table.SerializedColumn {name: distance}
#     pm_dec:
#       __class__: astropy.units.quantity.Quantity
#       unit: !astropy.units.Unit {unit: mas / yr}
#       value: !astropy.table.SerializedColumn {name: pm_dec}
#     pm_ra_cosdec:
#       __class__: astropy.units.quantity.Quantity
#       unit: !astropy.units.Unit {unit: mas / yr}
#       value: !astropy.table.SerializedColumn {name: pm_ra_cosdec}
#     ra:
#       __class__: astropy.coordinates.angles.Longitude
#       unit: *id001
#       value: !astropy.table.SerializedColumn {name: ra}
#       wrap_angle: !astropy.coordinates.Angle
#         unit: *id001
#         value: 360.0
#     radial_velocity:
#       __class__: astropy.units.quantity.Quantity
#       unit: !astropy.units.Unit {unit: km / s}
#       value: !astropy.table.SerializedColumn {name: radial_velocity}
# schema: astropy-2.0
ra,dec,distance,pm_ra_cosdec,pm_dec,radial_velocity
[from data line 1390]
214.2148280326212,9.890874133258643,14.741616004372954,3.6526613288945513,-9.158207134079877,3.368306851948935e-14
214.20565101536943,9.895156591788666,14.74076468710234,3.652262947969793,-9.157439256738634,2.5262301389617017e-13
214.19647379636294,9.899438877906821,14.739913351134726,3.651864435417189,-9.156671311976032,1.1789073981821273e-13
214.1872963755534,9.903720991610495,14.739061996465406,3.6514657913549966,-9.155903299766528,1.0104920555846805e-13
214.1781187528923,9.908002932897066,14.738210623089701,3.651067015901464,-9.155135220084574,1.0104920555846805e-13
214.16894092833118,9.91228470176394,14.737359231002905,3.6506681091748265,-9.154367072904625,6.73661370389787e-14
214.1597629018217,9.916566298208512,14.736507820200327,3.6502690712933124,-9.15359885820113,1.515738083377021e-13
214.1505846733153,9.920847722228178,14.735656390677278,3.6498699023751326,-9.152830575948537,1.6841534259744677e-13
214.14140624276362,9.92512897382034,14.734804942429058,3.649470602538493,-9.152062226121295,2.1893994537668078e-13
214.13222761011815,9.929410052982407,14.733953475450972,3.6490711719015843,-9.151293808693854,1.515738083377021e-13
214.12304877533052,9.933690959711791,14.733101989738326,3.6486716105825905,-9.150525323640663,1.0104920555846805e-13
214.1138697383522,9.937971694005903,14.732250485286425,3.648271918699681,-9.149756770936158,1.6841534259744676e-14
214.10469049913485,9.94225225586216,14.731398962090578,3.647872096371016,-9.148988150554779,1.8525687685719145e-13
214.09551105762992,9.94653264527799,14.730547420146088,3.6474721437147437,-9.148219462470973,0.0
214.08633141378905,9.950812862250807,14.72969585944826,3.6470720608489997,-9.147450706659178,1.6841534259744676e-14
214.0771515675638,9.955092906778042,14.7288442799924,3.6466718478919113,-9.14668188309383,2.020984111169361e-13
214.06797151890564,9.959372778857132,14.727992681773811,3.646271504961598,-9.145912991749363,1.347322740779574e-13
214.05879126776622,9.96365247848551,14.727141064787803,3.6458710321761605,-9.145144032600212,8.420767129872338e-14
214.04961081409704,9.96793200566061,14.726289429029677,3.6454704296536917,-9.144375005620816,6.73661370389787e-14
214.0404301578497,9.97221136037988,14.725437774494742,3.645069697512277,-9.143605910785599,1.0104920555846805e-13
214.03124929897572,9.976490542640756,14.724586101178302,3.644668835869985,-9.142836748068984,2.1893994537668078e-13
214.02206823742668,9.980769552440698,14.72373440907566,3.644267844844877,-9.14206751744541,1.8525687685719145e-13
214.0128869731541,9.985048389777155,14.72288269818213,3.643866724555002,-9.141298218889299,8.420767129872338e-14
214.0037055061096,9.989327054647584,14.722030968493003,3.6434654751183997,-9.140528852375068,5.0524602779234026e-14
213.99452383624472,9.993605547049436,14.721179220003602,3.643064096653095,-9.139759417877144,1.1789073981821273e-13
213.985341963511,9.997883866980183,14.720327452709217,3.6426625892771054,-9.138989915369951,1.347322740779574e-13
213.97615988786,10.002162014437296,14.719475666605163,3.642260953108436,-9.1382203448279,1.8525687685719145e-13
213.9669776092433,10.006439989418238,14.718623861686735,3.641859188265082,-9.137450706225415,1.8525687685719145e-13
213.95779512761237,10.010717791920484,14.717772037949253,3.641457294865022,-9.136680999536901,8.420767129872338e-14
213.9486124429189,10.014995421941514,14.716920195388013,3.6410552730262316,-9.135911224736777,5.0524602779234026e-14
213.93942955511434,10.019272879478807,14.71606833399832,3.6406531228666705,-9.135141381799455,8.420767129872338e-14
213.93024646415034,10.023550164529851,14.715216453775483,3.6402508445042887,-9.134371470699342,1.515738083377021e-13
213.9210631699784,10.027827277092133,14.71436455471481,3.6398484380570233,-9.133601491410843,1.515738083377021e-13
213.91187967255004,10.032104217163143,14.713512636811597,3.639445903642804,-9.132831443908366,1.1789073981821273e-13
213.9026959718169,10.036380984740378,14.712660700061159,3.6390432413795466,-9.13206132816631,1.515738083377021e-13
213.89351206773048,10.040657579821335,14.711808744458796,3.6386404513851556,-9.131291144159082,5.0524602779234026e-14
213.8843279602424,10.044934002403524,14.710956769999811,3.638237533777526,-9.130520891861078,1.347322740779574e-13
213.87514364930414,10.049210252484448,14.710104776679522,3.6378344886745384,-9.129750571246698,6.73661370389787e-14
213.8659591348673,10.053486330061615,14.709252764493218,3.6374313161940686,-9.128980182290332,1.515738083377021e-13
213.85677441688344,10.057762235132538,14.708400733436216,3.6370280164539746,-9.128209724966373,1.1789073981821273e-13
213.8475894953041,10.06203796769474,14.707548683503815,3.636624589572109,-9.12743919924922,8.420767129872338e-14
213.83840437008084,10.066313527745736,14.706696614691323,3.6362210356663054,-9.126668605113256,1.6841534259744677e-13
213.82921904116523,10.070588915283054,14.705844526994053,3.6358173548543946,-9.125897942532863,1.6841534259744677e-13
213.82003350850883,10.074864130304222,14.704992420407294,3.635413547254196,-9.125127211482432,2.1893994537668078e-13
213.81084777206317,10.079139172806771,14.704140294926363,3.635009612983507,-9.124356411936349,1.6841534259744677e-13
213.8016618317798,10.083414042788238,14.703288150546562,3.6346055521601297,-9.123585543868987,1.1789073981821273e-13
213.79247568761033,10.08768874024616,14.702435987263199,3.634201364901844,-9.122814607254728,1.347322740779574e-13
213.78328933950627,10.091963265178084,14.701583805071579,3.633797051326417,-9.122043602067949,5.0524602779234026e-14
213.7741027874192,10.096237617581554,14.700731603967004,3.6333926115516153,-9.121272528283017,1.6841534259744677e-13
213.76491603130066,10.100511797454118,14.699879383944783,3.6329880456951873,-9.120501385874316,1.1789073981821273e-13
213.75572907110222,10.104785804793336,14.699027145000217,3.6325833538748684,-9.119730174816207,2.020984111169361e-13
213.74654190677543,10.10905963959676,14.698174887128618,3.6321785362083876,-9.118958895083052,8.420767129872338e-14
213.73735453827186,10.113333301861955,14.697322610325285,3.6317735928134627,-9.118187546649231,1.347322740779574e-13
213.72816696554304,10.117606791586487,14.696470314585529,3.631368523807796,-9.117416129489094,5.0524602779234026e-14
213.71897918854054,10.121880108767918,14.695617999904652,3.630963329309081,-9.116644643577002,1.1789073981821273e-13
213.70979120721591,10.126153253403832,14.694765666277956,3.6305580094350027,-9.115873088887323,5.0524602779234026e-14
213.70060302152072,10.130426225491792,14.693913313700756,3.6301525643032297,-9.115101465394401,6.73661370389787e-14
213.6914146314065,10.134699025029382,14.693060942168351,3.629746994031421,-9.114329773072592,1.1789073981821273e-13
213.68222603682483,10.138971652014193,14.692208551676048,3.6293412987372293,-9.113558011896254,1.6841534259744677e-13
213.67303723772727,10.143244106443811,14.69135614221915,3.6289354785382906,-9.112786181839729,1.347322740779574e-13
213.66384823406534,10.147516388315816,14.690503713792964,3.628529533552231,-9.112014282877366,1.6841534259744677e-13
213.6546590257906,10.151788497627814,14.689651266392795,3.6281234638966646,-9.111242314983508,6.73661370389787e-14
213.64546961285467,10.156060434377398,14.688798800013952,3.6277172696891964,-9.110470278132492,1.1789073981821273e-13
213.636279995209,10.160332198562173,14.687946314651734,3.627310951047421,-9.109698172298664,1.0104920555846805e-13
213.62709017280523,10.164603790179743,14.687093810301452,3.626904508088916,-9.108925997456355,1.347322740779574e-13
213.61790014559486,10.168875209227723,14.68624128695841,3.6264979409312565,-9.108153753579899,6.73661370389787e-14
213.60870991352948,10.173146455703714,14.685388744617915,3.6260912496919975,-9.10738144064363,1.0104920555846805e-13
213.59951947656066,10.177417529605345,14.684536183275268,3.6256844344886887,-9.106609058621872,1.6841534259744677e-13
213.59032883463985,10.181688430930235,14.683683602925775,3.6252774954388682,-9.10583660748896,3.368306851948935e-14
213.58113798771876,10.185959159676006,14.682831003564747,3.6248704326600585,-9.105064087219208,1.8525687685719145e-13
213.5719469357488,10.190229715840287,14.681978385187483,3.6244632462697757,-9.10429149778694,6.73661370389787e-14
213.56275567868158,10.194500099420711,14.681125747789293,3.6240559363855214,-9.10351883916648,1.0104920555846805e-13
213.5535642164687,10.198770310414918,14.680273091365477,3.6236485031247887,-9.102746111332136,1.515738083377021e-13
213.54437254906162,10.20304034882054,14.679420415911347,3.6232409466050575,-9.10197331425822,5.0524602779234026e-14
213.53518067641198,10.207310214635228,14.678567721422207,3.622833266943797,-9.101200447919053,0.0
213.5259885984713,10.211579907856624,14.677715007893358,3.6224254642584635,-9.100427512288933,1.347322740779574e-13
213.5167963151911,10.215849428482382,14.676862275320108,3.6220175386665088,-9.099654507342171,1.347322740779574e-13
213.50760382652294,10.220118776510155,14.676009523697765,3.621609490285363,-9.098881433053066,1.8525687685719145e-13
213.4984111324184,10.224387951937604,14.67515675302163,3.6212013192324504,-9.098108289395919,8.420767129872338e-14
213.48921823282905,10.228656954762394,14.67430396328701,3.6207930256251863,-9.097335076345027,1.515738083377021e-13
213.48002512770637,10.232925784982184,14.673451154489213,3.6203846095809697,-9.09656179387468,1.515738083377021e-13
213.47083181700197,10.237194442594651,14.67259832662354,3.6199760712171956,-9.095788441959176,1.1789073981821273e-13
213.46163830066735,10.241462927597471,14.671745479685303,3.6195674106512374,-9.095015020572797,5.0524602779234026e-14
213.4524445786541,10.245731239988313,14.6708926136698,3.619158628000464,-9.094241529689837,6.73661370389787e-14
213.4432506509138,10.249999379764864,14.670039728572341,3.6187497233822365,-9.093467969284573,1.6841534259744677e-13
213.43405651739792,10.254267346924813,14.66918682438823,3.618340696913894,-9.092694339331283,8.420767129872338e-14
213.42486217805805,10.25853514146584,14.668333901112772,3.6179315487127717,-9.091920639804252,8.420767129872338e-14
213.41566763284575,10.26280276338565,14.667480958741274,3.6175222788961934,-9.091146870677747,1.0104920555846805e-13
213.40647288171257,10.267070212681933,14.666627997269039,3.617112887581467,-9.090373031926044,1.347322740779574e-13
213.39727792461005,10.271337489352387,14.665775016691375,3.616703374885899,-9.089599123523412,1.8525687685719145e-13
213.3880827614897,10.275604593394725,14.664922017003587,3.616293740926772,-9.088825145444108,1.1789073981821273e-13
213.37888739230314,10.279871524806653,14.664068998200978,3.6158839858213656,-9.088051097662406,1.347322740779574e-13
213.36969181700184,10.284138283585882,14.663215960278855,3.6154741096869443,-9.08727698015256,1.0104920555846805e-13
213.36049603553738,10.288404869730126,14.662362903232523,3.615064112640763,-9.086502792888824,1.1789073981821273e-13
213.35130004786134,10.29267128323711,14.66150982705729,3.6146539948000624,-9.085728535845455,1.0104920555846805e-13
213.34210385392524,10.296937524104559,14.66065673174846,3.6142437562820824,-9.084954208996708,1.0104920555846805e-13
213.33290745368063,10.301203592330193,14.659803617301337,3.6138333972040315,-9.08417981231682,6.73661370389787e-14
213.32371084707907,10.305469487911758,14.658950483711228,3.6134229176831263,-9.083405345780047,1.515738083377021e-13
213.31451403407206,10.309735210846977,14.658097330973439,3.6130123178365663,-9.082630809360621,8.420767129872338e-14
213.30531701461118,10.314000761133592,14.657244159083271,3.612601597781532,-9.081856203032785,1.0104920555846805e-13
213.29611978864799,10.318266138769351,14.656390968036035,3.6121907576352017,-9.081081526770777,1.515738083377021e-13
213.28692235613397,10.322531343751999,14.655537757827034,3.6117797975147408,-9.080306780548824,5.0524602779234026e-14
213.27772471702076,10.326796376079288,14.654684528451572,3.611368717537294,-9.079531964341154,1.6841534259744677e-13
213.2685268712598,10.331061235748974,14.653831279904956,3.6109575178200113,-9.078757078121999,1.6841534259744677e-13
213.25932881880274,10.33532592275882,14.65297801218249,3.610546198480016,-9.077982121865576,2.020984111169361e-13
213.25013055960105,10.33959043710658,14.652124725279489,3.6101347596344286,-9.077207095546104,1.515738083377021e-13
213.24093209360626,10.343854778790028,14.651271419191243,3.6097232014003575,-9.076431999137803,8.420767129872338e-14
213.23173342076998,10.348118947806933,14.650418093913064,3.6093115238948945,-9.075656832614888,1.515738083377021e-13
213.2225345410437,10.352382944155075,14.64956474944026,3.6088997272351246,-9.07488159595156,1.347322740779574e-13
213.213335454379,10.356646767832224,14.648711385768134,3.608487811538122,-9.074106289122032,1.6841534259744677e-13
213.2041361607274,10.360910418836168,14.647858002891994,3.6080757769209457,-9.073330912100511,1.347322740779574e-13
213.1949366600404,10.365173897164695,14.647004600807142,3.6076636235006436,-9.072555464861184,8.420767129872338e-14
213.18573695226962,10.369437202815593,14.646151179508884,3.60725135139426,-9.071779947378262,1.0104920555846805e-13
213.1765370373666,10.37370033578666,14.645297738992527,3.6068389607188163,-9.071004359625928,8.420767129872338e-14
213.16733691528276,10.377963296075693,14.644444279253374,3.606426451591329,-9.070228701578372,1.6841534259744677e-13
213.15813658596977,10.382226083680495,14.643590800286736,3.6060138241288047,-9.069452973209788,1.1789073981821273e-13
213.14893604937913,10.386488698598868,14.642737302087916,3.605601078448232,-9.068677174494352,2.020984111169361e-13
213.13973530546238,10.390751140828636,14.641883784652212,3.6051882146665943,-9.067901305406249,1.0104920555846805e-13
213.130534354171,10.395013410367598,14.641030247974939,3.604775232900863,-9.067125365919651,1.6841534259744676e-14
213.12133319545663,10.399275507213577,14.6401766920514,3.604362133267992,-9.066349356008729,1.0104920555846805e-13
213.11213182927074,10.403537431364404,14.639323116876895,3.6039489158849314,-9.06557327564766,2.694645481559148e-13
213.10293025556484,10.407799182817898,14.638469522446735,3.6035355808686163,-9.064797124810607,1.1789073981821273e-13
213.09372847429057,10.412060761571894,14.637615908756226,3.6031221283359702,-9.064020903471725,1.515738083377021e-13
213.08452648539938,10.416322167624223,14.636762275800672,3.6027085584039003,-9.063244611605183,1.347322740779574e-13
213.07532428884284,10.420583400972724,14.635908623575375,3.6022948711893155,-9.06246824918513,1.0104920555846805e-13
213.06612188457245,10.424844461615242,14.63505495207565,3.6018810668091024,-9.061691816185716,2.1893994537668078e-13
213.05691927253977,10.429105349549623,14.63420126129679,3.601467145380139,-9.0609153125811,3.368306851948935e-14
213.04771645269636,10.433366064773715,14.633347551234106,3.601053107019289,-9.060138738345417,1.347322740779574e-13
213.03851342499374,10.437626607285377,14.632493821882909,3.6006389518434108,-9.059362093452808,1.0104920555846805e-13
213.0293101893834,10.441886977082461,14.631640073238495,3.6002246799693465,-9.058585377877414,8.420767129872338e-14
213.02010674581695,10.446147174162839,14.630786305296175,3.5998102915139287,-9.05780859159337,1.1789073981821273e-13
213.01090309424583,10.450407198524372,14.629932518051252,3.599395786593977,-9.057031734574801,8.420767129872338e-14
213.00169923462167,10.454667050164932,14.629078711499034,3.598981165326303,-9.056254806795836,1.6841534259744677e-13
212.9924951668959,10.458926729082398,14.628224885634824,3.5985664278277025,-9.055477808230595,1.6841534259744676e-14
212.98329089102015,10.463186235274637,14.62737104045393,3.5981515742149592,-9.054700738853203,8.420767129872338e-14
212.9740864069459,10.467445568739548,14.626517175951653,3.597736604604851,-9.053923598637775,8.420767129872338e-14
212.96488171462465,10.471704729475006,14.625663292123305,3.5973215191141397,-9.053146387558417,1.0104920555846805e-13
