galstreams/tracks/track.st.Slidr.ibata2021.ecsv
# %ECSV 1.0
# ---
# datatype:
# - {name: ra, unit: deg, datatype: float64}
# - {name: dec, unit: deg, datatype: float64}
# - {name: distance, unit: kpc, datatype: float64}
# - {name: pm_ra_cosdec, unit: mas / yr, datatype: float64}
# - {name: pm_dec, unit: mas / yr, datatype: float64}
# - {name: radial_velocity, unit: km / s, datatype: float64}
# delimiter: ','
# meta: !!omap
# - __serialized_columns__:
#     dec:
#       __class__: astropy.coordinates.angles.Latitude
#       unit: &id001 !astropy.units.Unit {unit: deg}
#       value: !astropy.table.SerializedColumn {name: dec}
#     distance:
#       __class__: astropy.coordinates.distances.Distance
#       unit: !astropy.units.Unit {unit: kpc}
#       value: !astropy.table.SerializedColumn {name: distance}
#     pm_dec:
#       __class__: astropy.units.quantity.Quantity
#       unit: !astropy.units.Unit {unit: mas / yr}
#       value: !astropy.table.SerializedColumn {name: pm_dec}
#     pm_ra_cosdec:
#       __class__: astropy.units.quantity.Quantity
#       unit: !astropy.units.Unit {unit: mas / yr}
#       value: !astropy.table.SerializedColumn {name: pm_ra_cosdec}
#     ra:
#       __class__: astropy.coordinates.angles.Longitude
#       unit: *id001
#       value: !astropy.table.SerializedColumn {name: ra}
#       wrap_angle: !astropy.coordinates.Angle
#         unit: *id001
#         value: 360.0
#     radial_velocity:
#       __class__: astropy.units.quantity.Quantity
#       unit: !astropy.units.Unit {unit: km / s}
#       value: !astropy.table.SerializedColumn {name: radial_velocity}
# schema: astropy-2.0
ra,dec,distance,pm_ra_cosdec,pm_dec,radial_velocity
[from data line 1414]
161.7543977063304,8.534729017438979,3.005655564505839,-24.009411897327603,-6.479099716004897,-63.72505683390174
161.76400266568945,8.532270554598094,3.0059656804213923,-24.00576642038593,-6.4776354978822805,-63.63914705526982
161.77360817977356,8.529814683167944,3.006275810657527,-24.00211960108083,-6.476171395588099,-63.55310135914583
161.7832142473143,8.527361396930342,3.006585955520218,-23.99847143974149,-6.47470740963504,-63.46691983371005
161.79282086704285,8.52491068966723,3.0068961153154365,-23.994821936697203,-6.473243540535529,-63.38060256714353
161.80242803768945,8.522462555160757,3.0072062903491577,-23.991171092277398,-6.471779788801766,-63.294149647626654
161.81203575798378,8.520016987193216,3.0075164809273556,-23.98751890681154,-6.470316154945699,-63.207561163340166
161.82164402665475,8.517573979547077,3.007826687356002,-23.983865380629226,-6.468852639479053,-63.120837202464635
161.83125284243067,8.515133526004968,3.0081369099410726,-23.980210514060108,-6.467389242913299,-63.033977853180495
161.84086220403918,8.512695620349692,3.0084471489885383,-23.97655430743398,-6.4659259657596655,-62.946983203668715
161.85047211020716,8.510260256364221,3.0087574048043746,-23.97289676108069,-6.464462808529158,-62.85985334210967
161.86008255966098,8.50782742783166,3.0090676776945533,-23.96923787533018,-6.46299977173252,-62.77258835668411
161.86969355112623,8.505397128535318,3.009377967965049,-23.965577650512508,-6.461536855880271,-62.685188335572754
161.87930508332778,8.502969352258654,3.009688275921836,-23.961916086957782,-6.460074061482682,-62.59765336695606
161.88891715498985,8.500544092785299,3.0099986018708877,-23.958253184996245,-6.458611389049802,-62.50998353901454
161.8985297648361,8.498121343899049,3.010308946118175,-23.954588944958232,-6.457148839091417,-62.42217893992913
161.90814291158938,8.495701099383856,3.0106193089696744,-23.950923367174134,-6.455686412117087,-62.33423965788039
161.91775659397194,8.493283353023852,3.010929690731358,-23.94725645197444,-6.45422410863614,-62.24616578104894
161.9273708107052,8.49086809860334,3.0112400917091993,-23.94358819968975,-6.45276192915766,-62.1579573976151
161.93698556051027,8.488455329906753,3.0115505122091717,-23.93991861065078,-6.451299874190481,-62.069614595759944
161.94660084210722,8.486045040718725,3.0118609525372504,-23.936247685188246,-6.449837944243215,-61.9811374636639
161.9562166542156,8.483637224824042,3.0121714129994075,-23.93257542363306,-6.448376139824228,-61.89252608950758
161.96583299555425,8.481231876007667,3.012481893901615,-23.928901826316157,-6.446914461441658,-61.80378056147152
161.97544986484144,8.478828988054712,3.01279239554985,-23.925226893568595,-6.4454529096033895,-61.714900967736675
161.98506726079458,8.476428554750475,3.013102918250083,-23.921550625721515,-6.443991484817086,-61.62588739648324
161.99468518213055,8.474030569880412,3.013413462308289,-23.917873023106125,-6.442530187590166,-61.53673993589234
162.00430362756558,8.471635027230121,3.0137240280304396,-23.91419408605377,-6.44106901842981,-61.4474586741442
162.0139225958151,8.469241920585395,3.014034615722511,-23.910513814895843,-6.439607977842962,-61.35804369941948
162.02354208559402,8.466851243732188,3.0143452256904752,-23.906832209963852,-6.438147066336337,-61.2684950998991
162.03316209561638,8.464462990456608,3.0146558582403054,-23.903149271589385,-6.436686284416403,-61.17881296376335
162.0427826245958,8.462077154544943,3.0149665136779764,-23.899465000104108,-6.435225632589407,-61.08899737919308
162.052403671245,8.45969372978364,3.0152771923094615,-23.895779395839803,-6.433765111361339,-60.99904843436894
162.06202523427612,8.45731270995932,3.015587894440733,-23.89209245912834,-6.432304721237971,-60.90896621747139
162.07164731240073,8.454934088858737,3.015898620377765,-23.88840419030165,-6.430844462724825,-60.81875081668114
162.08126990432956,8.452557860268847,3.0162093704265325,-23.884714589691786,-6.429384336327207,-60.72840232017883
162.09089300877275,8.450184017976763,3.0165201448930063,-23.881023657630877,-6.427924342550169,-60.63792081614491
162.10051662443982,8.447812555769758,3.0168309440831607,-23.87733139445114,-6.42646448189854,-60.547306392760454
162.1101407500395,8.44544346743527,3.01714176830297,-23.87363780048488,-6.425004754876907,-60.45655913820564
162.11976538427996,8.443076746760903,3.017452617858408,-23.869942876064496,-6.423545161989624,-60.36567914066123
162.12939052586862,8.440712387534447,3.0177634930554476,-23.866246621522485,-6.422085703740819,-60.27466648830805
162.13901617351232,8.43835038354381,3.0180743942000623,-23.862549037191403,-6.4206263806343635,-60.183521269326405
162.14864232591717,8.435990728577108,3.0183853215982257,-23.85885012340392,-6.419167193173918,-60.09224357189727
162.15826898178855,8.433633416422607,3.018696275555911,-23.855149880492814,-6.417708141862902,-60.00083348420086
162.16789613983138,8.431278440868738,3.019007256379093,-23.85144830879088,-6.416249227204504,-59.90929109441823
162.1775237987497,8.428925795704101,3.0193182643737435,-23.847745408631084,-6.4147904497016635,-59.81761649072988
162.1871519572469,8.426575474717467,3.0196292998458363,-23.844041180346455,-6.413331809857103,-59.725809761316235
162.1967806140258,8.424227471697765,3.0199403631013455,-23.84033562427008,-6.4118733081733135,-59.63387099435812
162.20640976778859,8.421881780434076,3.0202514544462447,-23.836628740735154,-6.410414945152535,-59.541800278036035
162.21603941723663,8.419538394715659,3.020562574186508,-23.832920530074965,-6.408956721296791,-59.4495977005307
162.22566956107076,8.417197308331948,3.020873722628107,-23.829210992622897,-6.407498637107862,-59.35726335002285
162.23530019799105,8.414858515072531,3.021184900077016,-23.825500128712402,-6.406040693087309,-59.26479731469285
162.24493132669696,8.412522008727164,3.021496106839209,-23.82178793867703,-6.404582889736449,-59.17219968272142
162.25456294588727,8.410187783085762,3.0218073432206594,-23.818074422850422,-6.403125227556369,-59.079470542289414
162.26419505426003,8.40785583193843,3.022118609527341,-23.814359581566308,-6.401667707047923,-58.986609981577196
162.27382765051283,8.405526149075394,3.0224299060652258,-23.81064341515849,-6.4002103287117365,-58.893618088765386
162.28346073334237,8.403198728287073,3.022741233140289,-23.80692592396087,-6.398753093048202,-58.800494952034974
162.29309430144477,8.400873563364055,3.0230525910585038,-23.803207108307436,-6.397296000557481,-58.70724065956606
162.30272835351548,8.398550648097082,3.023363980125844,-23.79948696853226,-6.395839051739502,-58.61385529953967
162.31236288824928,8.39622997627707,3.023675400648281,-23.795765504969516,-6.394382247093966,-58.52033896013627
162.32199790434035,8.393911541695088,3.0239868529317904,-23.792042717953453,-6.392925587120329,-58.42669172953666
162.33163340048208,8.391595338142379,3.0242983372823455,-23.788318607818397,-6.391469072317845,-58.332913695921164
162.34126937536723,8.389281359410363,3.02460985400592,-23.78459317489877,-6.390012703185515,-58.23900494747061
162.35090582768808,8.386969599290584,3.0249214034084857,-23.780866419529097,-6.3885564802221015,-58.144965572365656
162.36054275613597,8.38466005157479,3.025232985796018,-23.777138342043976,-6.387100403926152,-58.05079565878674
162.37018015940177,8.382352710054883,3.0255446014744893,-23.773408942778072,-6.385644474795995,-57.95649529491477
162.37981803617558,8.380047568522924,3.025856250749874,-23.769678222066183,-6.3841886933296985,-57.86206456893013
162.3894563851469,8.377744620771145,3.0261679339281446,-23.765946180243144,-6.382733060025123,-57.767503569013584
162.39909520500453,8.375443860591943,3.0264796513152743,-23.76221281764391,-6.381277575379901,-57.67281238334574
162.40873449443654,8.373145281777886,3.0267914032172385,-23.75847813460352,-6.379822239891418,-57.57799110010708
162.4183742521306,8.37084887812167,3.0271031899400107,-23.75474213145705,-6.3783670540568345,-57.483039807478505
162.42801447677343,8.368554643416207,3.0274150117895613,-23.751004808539765,-6.376912018373092,-57.38795859364046
162.43765516705122,8.366262571454538,3.0277268690718677,-23.747266166186904,-6.3754571333369014,-57.29274754677363
162.44729632164945,8.36397265602989,3.0280387620929,-23.74352620473387,-6.374002399444741,-57.1974067550586
162.45693793925298,8.361684890935644,3.0283506911586335,-23.739784924516115,-6.372547817192848,-57.101936306676066
162.46658001854598,8.359399269965342,3.0286626565750416,-23.736042325869178,-6.371093387077254,-57.006336289806576
162.47622255821193,8.357115786912711,3.028974658648099,-23.732298409128692,-6.369639109593756,-56.910606792630766
162.4858655569338,8.354834435571606,3.029286697683776,-23.728553174630395,-6.368184985237904,-56.814747903329355
162.4955090133937,8.352555209736076,3.029598773988049,-23.724806622710062,-6.36673101450504,-56.71875971008284
162.50515292627324,8.35027810320033,3.02991088786689,-23.721058753703613,-6.3652771978902685,-56.622642301072126
162.5147972942532,8.34800310975873,3.030223039626273,-23.71730956794701,-6.363823535888475,-56.526395764477485
162.52444211601392,8.345730223205813,3.030535229572172,-23.71355906577629,-6.362370028994305,-56.430020188479766
162.53408739023484,8.343459437336282,3.0308474580105607,-23.70980724752761,-6.360916677702188,-56.33351566125941
162.5437331155949,8.341190745945008,3.03115972524741,-23.706054113537228,-6.359463482506319,-56.236882270997384
162.5533792907724,8.338924142826997,3.0314720315886965,-23.702299664141428,-6.358010443900669,-56.140120105873926
162.5630259144449,8.336659621777446,3.0317843773403923,-23.69854389967661,-6.356557562378972,-56.04322925406995
162.5726729852893,8.334397176591715,3.0320967628084725,-23.694786820479266,-6.355104838434751,-55.94620980376591
162.58232050198185,8.332136801065326,3.0324091882989066,-23.691028426885975,-6.3536522725613,-55.84906184314245
162.59196846319824,8.329878488993955,3.032721654117673,-23.68726871923337,-6.352199865251661,-55.75178546038045
162.60161686761333,8.32762223417346,3.0330341605707427,-23.68350769785821,-6.35074761699869,-55.65438074366019
162.6112657139014,8.325368030399856,3.033346707964088,-23.679745363097297,-6.349295528294993,-55.5568477811624
162.62091500073618,8.323115871469302,3.0336592966036853,-23.67598171528754,-6.347843599632945,-55.45918666106789
162.63056472679062,8.320865751178145,3.0339719267955076,-23.67221675476593,-6.346391831504701,-55.36139747155714
162.640214890737,8.318617663322893,3.034284598845526,-23.66845048186957,-6.344940224402203,-55.26348030081071
162.64986549124703,8.316371601700213,3.034597313059716,-23.66468289693558,-6.343488778817147,-55.16543523700935
162.65951652699172,8.314127560106941,3.0349100697440505,-23.660914000301233,-6.342037495241015,-55.06726236833374
162.66916799664142,8.311885532340066,3.0352228692045036,-23.657143792303838,-6.340586374165058,-54.96896178296441
162.67881989886573,8.309645512196767,3.035535711747048,-23.653372273280795,-6.3391354160803175,-54.87053356908184
162.68847223233385,8.307407493474342,3.035848597677657,-23.64959944356964,-6.337684621477581,-54.771977814866986
162.6981249957141,8.305171469970286,3.0361615273023053,-23.6458253035079,-6.3362339908474326,-54.673294608500264
162.7077781876742,8.302937435482258,3.0364745009269662,-23.642049853433264,-6.334783524680219,-54.57448403816238
162.71743180688122,8.300705383808069,3.036787518857612,-23.63827309368348,-6.333333223466084,-54.4755461920338
162.72708585200164,8.298475308745699,3.037100581400218,-23.634495024596355,-6.331883087694921,-54.376481158295476
162.73674032170118,8.296247204093296,3.037413688860756,-23.630715646509824,-6.330433117856407,-54.277289025127786
162.74639521464496,8.29402106364916,3.0377268415452,-23.626934959761876,-6.328983314440003,-54.17796988071132
162.75605052949743,8.291796881211777,3.038040039759524,-23.623152964690565,-6.32753367793494,-54.07852381322697
162.76570626492244,8.289574650579752,3.038353283809702,-23.619369661634074,-6.3260842088302205,-53.97895091085508
162.77536241958313,8.2873543655519,3.038666574001705,-23.61558505093064,-6.324634907614633,-53.87925126177648
162.78501899214203,8.28513601992718,3.03897991064151,-23.611799132918584,-6.323185774776725,-53.77942495417177
162.7946759812609,8.282919607504716,3.0392932940350885,-23.608011907936316,-6.321736810804846,-53.67947207622136
162.80433338560104,8.2807051220838,3.0396067244884133,-23.604223376322338,-6.320288016187096,-53.579392716106206
162.81399120382292,8.278492557463878,3.03992020230746,-23.6004335384152,-6.3188393914113705,-53.479186962006686
162.82364943458643,8.27628190744458,3.0402337277982006,-23.59664239455359,-6.3173909369653325,-53.37885490210358
162.8333080765509,8.27407316582566,3.0405473012666087,-23.59284994507623,-6.315942653336421,-53.27839662457751
162.84296712837488,8.271866326407071,3.040860923018658,-23.589056190321934,-6.314494541011858,-53.17781221760896
162.85262658871628,8.269661382988916,3.0411745933603225,-23.585261130629597,-6.313046600478643,-53.07710176937866
162.8622864562324,8.267458329371468,3.041488312597575,-23.58146476633823,-6.3115988322235435,-52.97626536806729
162.8719467295799,8.265257159355153,3.04180208103639,-23.577667097786875,-6.310151236733109,-52.875303101855344
162.88160740741475,8.263057866740573,3.04211589898274,-23.573868125314704,-6.308703814493671,-52.77421505892359
162.89126848839223,8.260860445328492,3.0424297667425986,-23.57006784926092,-6.307256565991347,-52.67300132745262
162.90092997116716,8.258664888919805,3.0427436846219407,-23.56626626996485,-6.305809491711997,-52.571661995623025
162.9105918543935,8.256471191315615,3.0430576529267377,-23.56246338776589,-6.304362592141302,-52.4701971516153
162.92025413672465,8.254279346317166,3.0433716719629635,-23.558659203003522,-6.302915867764691,-52.36860688361038
162.92991681681337,8.252089347725866,3.0436857420365944,-23.55485371601727,-6.301469319067382,-52.26689127978886
162.9395798933117,8.24990118934329,3.0439998634535996,-23.5510469271468,-6.300022946534382,-52.16505042833091
162.94924336487117,8.24771486497118,3.0443140365199546,-23.547238836731832,-6.2985767506504535,-52.063084417417755
162.95890723014244,8.245530368411437,3.044628261541634,-23.543429445112153,-6.29713073190016,-51.960993335229624
162.96857148777582,8.243347693466104,3.0449425388246105,-23.53961875262763,-6.295684890767821,-51.85877726994741
162.97823613642072,8.241166833937417,3.045256868674857,-23.53580675961826,-6.294239227737557,-51.75643630975157
162.987901174726,8.238987783627765,3.0455712513983473,-23.531993466424087,-6.292793743293261,-51.65397054282262
162.9975666013399,8.2368105363397,3.045885687301056,-23.52817887338519,-6.291348437918586,-51.55138005734159
163.00723241490996,8.234635085875931,3.046200176688954,-23.524362980841822,-6.289903312096998,-51.44866494148888
163.0168986140831,8.232461426039336,3.046514719868018,-23.520545789134236,-6.288458366311708,-51.34582528344501
163.0265651975055,8.230289550632964,3.046829317144219,-23.516727298602824,-6.28701360104574,-51.24286117139065
163.03623216382292,8.228119453459996,3.0471439688235322,-23.512907509588004,-6.285569016781873,-51.13977269350652
163.04589951168026,8.225951128323803,3.0474586752119297,-23.50908642243033,-6.284124614002667,-51.03655993797316
163.0555672397219,8.223784569027915,3.0477734366153864,-23.505264037470383,-6.282680393190468,-50.93322299297136
163.06523534659146,8.221619769376021,3.0480882533398748,-23.501440355048878,-6.2812363548274135,-50.829761946681494
163.07490383093207,8.219456723171971,3.048403125691369,-23.497615375506562,-6.279792499395397,-50.72617688728461
163.08457269138606,8.217295424219778,3.0487180539758416,-23.493789099184298,-6.278348827376113,-50.62246790296079
163.09424192659512,8.215135866323632,3.0490330384992674,-23.489961526422988,-6.2769053392510274,-50.518635081891084
163.10391153520052,8.212978043287846,3.0493480795676193,-23.48613265756367,-6.275462035501381,-50.414678512256
