galstreams/tracks/track.st.Aquarius.williams2011.ecsv
# %ECSV 1.0
# ---
# datatype:
# - {name: ra, unit: deg, datatype: float64}
# - {name: dec, unit: deg, datatype: float64}
# - {name: distance, unit: kpc, datatype: float64}
# - {name: pm_ra_cosdec, unit: mas / yr, datatype: float64}
# - {name: pm_dec, unit: mas / yr, datatype: float64}
# - {name: radial_velocity, unit: km / s, datatype: float64}
# delimiter: ','
# meta: !!omap
# - __serialized_columns__:
#     dec:
#       __class__: astropy.coordinates.angles.Latitude
#       unit: &id001 !astropy.units.Unit {unit: deg}
#       value: !astropy.table.SerializedColumn {name: dec}
#     distance:
#       __class__: astropy.coordinates.distances.Distance
#       unit: !astropy.units.Unit {unit: kpc}
#       value: !astropy.table.SerializedColumn {name: distance}
#     pm_dec:
#       __class__: astropy.units.quantity.Quantity
#       unit: !astropy.units.Unit {unit: mas / yr}
#       value: !astropy.table.SerializedColumn {name: pm_dec}
#     pm_ra_cosdec:
#       __class__: astropy.units.quantity.Quantity
#       unit: !astropy.units.Unit {unit: mas / yr}
#       value: !astropy.table.SerializedColumn {name: pm_ra_cosdec}
#     ra:
#       __class__: astropy.coordinates.angles.Longitude
#       unit: *id001
#       value: !astropy.table.SerializedColumn {name: ra}
#       wrap_angle: !astropy.coordinates.Angle
#         unit: *id001
#         value: 360.0
#     radial_velocity:
#       __class__: astropy.units.quantity.Quantity
#       unit: !astropy.units.Unit {unit: km / s}
#       value: !astropy.table.SerializedColumn {name: radial_velocity}
# schema: astropy-2.0
ra,dec,distance,pm_ra_cosdec,pm_dec,radial_velocity
[from data line 284]
341.6599939857776,-8.135584918271727,4.48389060968075,4.843120348494248,-26.296229809746517,-202.65125733794372
341.6701380904806,-8.137650260800552,4.482653485963647,4.847858073685918,-26.303043240638985,-202.66010675163088
341.6802822991877,-8.139715356976724,4.481416362246543,4.852596392982715,-26.309856407456962,-202.6689561653182
341.690426611918,-8.14178020669999,4.480179238529441,4.857335306560273,-26.31666931005222,-202.6778055790054
341.7005710286905,-8.143844809870123,4.4789421148123365,4.862074814594166,-26.323481948276537,-202.68665499269264
341.7107155495244,-8.145909166386891,4.477704991095233,4.86681491725998,-26.330294321981643,-202.69550440637985
341.7208601744387,-8.147973276150063,4.47646786737813,4.871555614733195,-26.337106431019283,-202.70435382006704
341.7310049034526,-8.150037139059451,4.475230743661025,4.876296907189316,-26.34391827524118,-202.71320323375434
341.74114973658493,-8.152100755014832,4.473993619943923,4.881038794803766,-26.35072985449903,-202.72205264744147
341.7512946738548,-8.154164123915997,4.472756496226819,4.885781277751926,-26.357541168644534,-202.7309020611288
341.76143971528126,-8.156227245662746,4.471519372509716,4.890524356209169,-26.364352217529383,-202.73975147481596
341.77158486088314,-8.158290120154868,4.4702822487926115,4.895268030350797,-26.371163001005236,-202.7486008885032
341.78173011067963,-8.160352747292203,4.469045125075509,4.90001230035209,-26.37797351892372,-202.75745030219045
341.79187546468955,-8.16241512697455,4.4678080013584065,4.904757166388277,-26.384783771136508,-202.76629971587772
341.80202092293194,-8.164477259101732,4.466570877641302,4.909502628634577,-26.39159375749522,-202.7751491295649
341.8121664854256,-8.166539143573562,4.465333753924199,4.9142486872661095,-26.398403477851446,-202.7839985432521
341.82231215218957,-8.168600780289882,4.464096630207096,4.918995342457999,-26.405212932056795,-202.79284795693937
341.83245792324266,-8.170662169150502,4.462859506489993,4.923742594385326,-26.412022119962852,-202.8016973706267
341.8426037986038,-8.172723310055302,4.461622382772887,4.928490443223142,-26.418831041421196,-202.81054678431377
341.85274977829187,-8.1747842029041,4.460385259055786,4.9332388891463985,-26.425639696283355,-202.81939619800124
341.86289586232573,-8.176844847596755,4.4591481353386815,4.9379879323300955,-26.432448084400892,-202.8282456116883
341.8730420507241,-8.178905244033116,4.4579110116215785,4.942737572949124,-26.439256205625327,-202.83709502537556
341.8831883435059,-8.180965392113027,4.456673887904474,4.947487811178344,-26.446064059808187,-202.84594443906286
341.89333474068985,-8.183025291736389,4.455436764187371,4.952238647192614,-26.45287164680094,-202.85479385275008
341.9034812422949,-8.185084942803048,4.454199640470269,4.956990081166721,-26.459678966455098,-202.86364326643726
341.91362784833973,-8.187144345212888,4.452962516753164,4.961742113275415,-26.466486018622142,-202.8724926801245
341.9237745588431,-8.189203498865785,4.451725393036061,4.966494743693415,-26.473292803153505,-202.88134209381164
341.93392137382364,-8.191262403661604,4.450488269318957,4.971247972595378,-26.480099319900653,-202.8901915074989
341.94406829330023,-8.193321059500272,4.4492511456018535,4.976001800155949,-26.486905568714995,-202.89904092118616
341.9542153172915,-8.19537946628167,4.448014021884751,4.980756226549719,-26.493711549447973,-202.90789033487343
341.9643624458163,-8.197437623905694,4.446776898167647,4.985511251951245,-26.500517261950975,-202.9167397485607
341.97450967889307,-8.199495532272246,4.445539774450544,4.990266876535023,-26.507322706075392,-202.92558916224795
341.9846570165406,-8.201553191281247,4.444302650733439,4.995023100475549,-26.5141278816726,-202.93443857593513
341.99480445877754,-8.203610600832588,4.443065527016337,4.9997799239472265,-26.52093278859396,-202.94328798962238
342.0049520056225,-8.205667760826225,4.441828403299233,5.00453734712446,-26.527737426690834,-202.95213740330962
342.01509965709414,-8.207724671162067,4.44059127958213,5.009295370181606,-26.53454179581453,-202.9609868169969
342.025247413211,-8.209781331740043,4.439354155865027,5.0140539932929595,-26.541345895816395,-202.9698362306842
342.03539527399175,-8.211837742460096,4.438117032147923,5.018813216632809,-26.54814972654773,-202.97868564437127
342.0455432394548,-8.213893903222147,4.436879908430821,5.023573040375365,-26.554953287859817,-202.98753505805843
342.05569130961885,-8.215949813926171,4.435642784713716,5.028333464694812,-26.561756579603948,-202.99638447174578
342.0658394845024,-8.218005474472108,4.434405660996612,5.033094489765321,-26.56855960163138,-203.00523388543303
342.07598776412397,-8.220060884759912,4.433168537279508,5.037856115760979,-26.575362353793363,-203.0140832991202
342.0861361485021,-8.222116044689539,4.431931413562408,5.042618342855865,-26.58216483594114,-203.02293271280746
342.0962846376551,-8.22417095416095,4.430694289845303,5.047381171223997,-26.588967047925934,-203.03178212649473
342.1064332316017,-8.226225613074146,4.429457166128198,5.052144601039377,-26.59576898959897,-203.04063154018192
342.11658193036027,-8.228280021329088,4.428220042411096,5.0569086324759205,-26.60257066081142,-203.04948095386922
342.1267307339493,-8.230334178825755,4.426982918693991,5.06167326570757,-26.609372061414483,-203.05833036755627
342.13687964238704,-8.232388085464134,4.42574579497689,5.066438500908159,-26.61617319125931,-203.06717978124357
342.14702865569205,-8.23444174114422,4.424508671259787,5.071204338251519,-26.622974050197083,-203.07602919493087
342.15717777388267,-8.236495145765998,4.423271547542683,5.075970777911431,-26.62977463807893,-203.08487860861803
342.1673269969773,-8.238548299229498,4.422034423825578,5.080737820061643,-26.636574954755993,-203.09372802230536
342.1774763249943,-8.240601201434716,4.4207973001084735,5.085505464875853,-26.64337500007937,-203.10257743599252
342.18762575795205,-8.24265385228166,4.419560176391371,5.090273712527726,-26.65017477390015,-203.11142684967982
342.1977752958689,-8.244706251670348,4.418323052674268,5.095042563190875,-26.65697427606945,-203.1202762633671
342.2079249387631,-8.246758399500791,4.417085928957165,5.099812017038886,-26.663773506438332,-203.12912567705425
342.218074686653,-8.24881029567305,4.415848805240062,5.104582074245286,-26.67057246485784,-203.13797509074152
342.2282245395569,-8.250861940087145,4.414611681522957,5.109352734983597,-26.677371151179052,-203.14682450442865
342.23837449749294,-8.252913332643104,4.413374557805854,5.114123999427244,-26.68416956525296,-203.15567391811598
342.2485245604796,-8.254964473240978,4.412137434088751,5.1188958677496625,-26.69096770693061,-203.1645233318031
342.25867472853486,-8.257015361780807,4.410900310371646,5.123668340124219,-26.697765576063013,-203.17337274549035
342.2688250016772,-8.259065998162667,4.409663186654544,5.128441416724246,-26.70456317250113,-203.1822221591777
342.27897537992465,-8.26111638228661,4.4084260629374405,5.133215097723054,-26.71136049609597,-203.19107157286496
342.2891258632955,-8.263166514052696,4.407188939220336,5.1379893832938865,-26.718157546698478,-203.19992098655214
342.2992764518079,-8.265216393360996,4.405951815503235,5.142764273609929,-26.724954324159597,-203.20877040023944
342.3094271454799,-8.26726602011157,4.40471469178613,5.147539768844396,-26.731750828330288,-203.21761981392663
342.31957794432986,-8.26931539420453,4.403477568069028,5.152315869170388,-26.738547059061446,-203.22646922761385
342.32972884837574,-8.271364515539945,4.402240444351922,5.1570925747610055,-26.74534301620401,-203.23531864130112
342.33987985763576,-8.273413384017912,4.401003320634819,5.16186988578929,-26.752138699608853,-203.24416805498828
342.35003097212785,-8.275461999538516,4.399766196917716,5.1666478024282485,-26.75893410912686,-203.2530174686755
342.3601821918703,-8.277510362001868,4.398529073200612,5.171426324850848,-26.765729244608906,-203.26186688236268
342.37033351688103,-8.279558471308052,4.397291949483509,5.176205453230015,-26.772524105905834,-203.27071629604993
342.3804849471782,-8.281606327357217,4.396054825766406,5.180985187738633,-26.779318692868497,-203.27956570973714
342.39063648277977,-8.283653930049462,4.394817702049303,5.185765528549539,-26.786113005347712,-203.28841512342447
342.4007881237037,-8.285701279284913,4.393580578332198,5.190546475835529,-26.7929070431943,-203.2972645371116
342.4109398699681,-8.287748374963689,4.392343454615096,5.195328029769376,-26.799700806259043,-203.306113950799
342.4210917215909,-8.289795216985915,4.391106330897991,5.200110190523789,-26.806494294392763,-203.31496336448612
342.43124367859014,-8.291841805251755,4.389869207180889,5.204892958271463,-26.813287507446194,-203.32381277817342
342.4413957409837,-8.293888139661346,4.3886320834637855,5.209676333185019,-26.82008044527012,-203.33266219186063
342.45154790878956,-8.295934220114825,4.387394959746682,5.2144603154370515,-26.826873107715265,-203.34151160554782
342.46170018202565,-8.297980046512352,4.38615783602958,5.219244905200121,-26.833665494632378,-203.35036101923507
342.47185256070975,-8.300025618754068,4.384920712312476,5.224030102646733,-26.840457605872174,-203.3592104329223
342.48200504485993,-8.302070936740172,4.383683588595372,5.22881590794937,-26.847249441285356,-203.3680598466096
342.492157634494,-8.304116000370817,4.382446464878269,5.2336023212804506,-26.8540410007226,-203.3769092602968
342.50231032962984,-8.306160809546174,4.381209341161164,5.238389342812376,-26.860832284034608,-203.385758673984
342.5124631302852,-8.30820536416643,4.379972217444061,5.243176972717476,-26.867623291072025,-203.39460808767126
342.522616036478,-8.310249664131762,4.3787350937269585,5.247965211168074,-26.874414021685492,-203.4034575013585
342.532769048226,-8.312293709342352,4.377497970009855,5.2527540583364285,-26.88120447572568,-203.41230691504572
342.542922165547,-8.314337499698427,4.376260846292751,5.257543514394775,-26.887994653043176,-203.4211563287329
342.55307538845886,-8.316381035100168,4.375023722575648,5.262333579515271,-26.894784553488606,-203.43000574242024
342.56322871697927,-8.318424315447787,4.373786598858544,5.267124253870081,-26.90157417691256,-203.43885515610742
342.57338215112594,-8.320467340641493,4.372549475141439,5.271915537631273,-26.908363523165622,-203.4477045697947
342.5835356909167,-8.322510110581485,4.371312351424336,5.2767074309709505,-26.91515259209835,-203.45655398348174
342.5936893363691,-8.324552625168021,4.3700752277072334,5.2814999340610855,-26.92194138356131,-203.46540339716907
342.6038430875011,-8.32659488430131,4.3688381039901305,5.286293047073682,-26.928729897405052,-203.47425281085634
342.61399694433015,-8.32863688788159,4.367600980273027,5.291086770180663,-26.93551813348008,-203.48310222454353
342.6241509068741,-8.330678635809095,4.366363856555923,5.295881103553919,-26.942306091636922,-203.49195163823072
342.63430497515037,-8.332720127984052,4.36512673283882,5.300676047365293,-26.949093771726073,-203.50080105191805
342.64445914917684,-8.334761364306747,4.363889609121717,5.305471601786614,-26.95588117359802,-203.50965046560523
342.654613428971,-8.336802344677416,4.362652485404613,5.310267766989633,-26.962668297103235,-203.51849987929245
342.6647678145505,-8.338843068996315,4.361415361687509,5.315064543146093,-26.969455142092173,-203.52734929297972
342.6749223059329,-8.340883537163714,4.360178237970407,5.3198619304276615,-26.976241708415284,-203.53619870666688
342.6850769031358,-8.342923749079883,4.358941114253303,5.324659929005984,-26.98302799592301,-203.5450481203542
342.6952316061766,-8.34496370464508,4.3577039905362,5.329458539052652,-26.989814004465764,-203.55389753404134
342.7053864150731,-8.347003403759617,4.356466866819097,5.334257760739238,-26.996599733893937,-203.56274694772867
342.7155413298427,-8.349042846323766,4.355229743101994,5.339057594237263,-27.003385184057933,-203.5715963614158
342.7256963505029,-8.35108203223782,4.353992619384889,5.343858039718191,-27.010170354808146,-203.58044577510304
342.7358514770712,-8.353120961402073,4.352755495667786,5.3486590973534645,-27.016955245994893,-203.58929518879026
342.746006709565,-8.355159633716816,4.351518371950682,5.35346076731446,-27.023739857468577,-203.5981446024776
342.7561620480019,-8.357198049082383,4.350281248233579,5.358263049772539,-27.030524189079493,-203.60699401616483
342.7663174923993,-8.359236207399077,4.3490441245164755,5.363065944899025,-27.037308240677998,-203.61584342985208
342.77647304277457,-8.361274108567212,4.347807000799372,5.367869452865157,-27.04409201211439,-203.62469284353935
342.7866286991451,-8.363311752487114,4.346569877082269,5.3726735738421665,-27.050875503238952,-203.63354225722657
342.7967844615285,-8.365349139059099,4.345332753365166,5.377478308001261,-27.057658713901976,-203.6423916709137
342.8069403299418,-8.367386268183527,4.344095629648062,5.382283655513545,-27.064441643953746,-203.65124108460103
342.8170963044027,-8.36942313976073,4.342858505930957,5.387089616550136,-27.0712242932445,-203.66009049828818
342.8272523849284,-8.371459753691045,4.341621382213855,5.391896191282104,-27.078006661624478,-203.66893991197546
342.8374085715362,-8.373496109874829,4.340384258496752,5.396703379880442,-27.08478874894392,-203.6777893256628
342.84756486424345,-8.375532208212435,4.3391471347796475,5.401511182516137,-27.091570555053053,-203.68663873934997
342.8577212630674,-8.377568048604212,4.337910011062544,5.4063195993601045,-27.09835207980207,-203.6954881530371
342.86787776802544,-8.379603630950555,4.336672887345441,5.411128630583252,-27.105133323041127,-203.70433756672438
342.8780343791348,-8.381638955151825,4.335435763628339,5.4159382763564246,-27.111914284620436,-203.7131869804116
342.88819109641275,-8.383674021108392,4.334198639911235,5.420748536850429,-27.118694964390155,-203.72203639409884
342.8983479198764,-8.385708828720647,4.332961516194131,5.425559412236014,-27.125475362200422,-203.730885807786
342.908504849543,-8.387743377888961,4.331724392477027,5.430370902683906,-27.132255477901385,-203.73973522147332
342.9186618854299,-8.389777668513759,4.330487268759924,5.4351830083647865,-27.13903531134314,-203.7485846351605
342.92881902755414,-8.391811700495419,4.3292501450428205,5.439995729449294,-27.145814862375826,-203.75743404884778
342.93897627593304,-8.393845473734356,4.3280130213257175,5.444809066108034,-27.1525941308495,-203.76628346253503
342.94913363058356,-8.395878988130978,4.326775897608613,5.4496230185115415,-27.15937311661429,-203.77513287622224
342.9592910915229,-8.397912243585678,4.32553877389151,5.454437586830334,-27.166151819520216,-203.78398228990946
342.96944865876833,-8.399945239998917,4.324301650174405,5.459252771234887,-27.172930239417365,-203.79283170359676
342.9796063323368,-8.401977977271098,4.323064526457302,5.4640685718956234,-27.17970837615576,-203.8016811172839
342.98976411224544,-8.404010455302659,4.321827402740199,5.468884988982914,-27.186486229585427,-203.81053053097114
342.9999219985114,-8.406042673994037,4.320590279023096,5.4737020226671245,-27.193263799556384,-203.8193799446584
343.0100799911515,-8.408074633245654,4.319353155305993,5.4785196731185195,-27.200041085918624,-203.82822935834574
343.02023809018306,-8.410106332957998,4.31811603158889,5.483337940507397,-27.206818088522162,-203.8370787720329
343.03039629562295,-8.412137773031501,4.316878907871785,5.488156825003957,-27.213594807216946,-203.8459281857201
343.0405546074882,-8.414168953366623,4.315641784154683,5.492976326778355,-27.220371241852927,-203.8547775994074
343.0507130257959,-8.41619987386383,4.314404660437579,5.49779644600075,-27.22714739228006,-203.8636270130945
343.06087155056287,-8.418230534423595,4.313167536720474,5.5026171828412025,-27.2339232583483,-203.87247642678182
343.0710301818061,-8.420260934946372,4.311930413003372,5.507438537469781,-27.240698839907534,-203.88132584046903
343.0811889195427,-8.422291075332677,4.310693289286269,5.512260510056469,-27.247474136807682,-203.89017525415622
