galstreams/tracks/track.st.Jhelum-a.bonaca2019.ecsv
# %ECSV 0.9
# ---
# datatype:
# - {name: ra, unit: deg, datatype: float64}
# - {name: dec, unit: deg, datatype: float64}
# - {name: distance, unit: kpc, datatype: float64}
# - {name: pm_ra_cosdec, unit: mas / yr, datatype: float64}
# - {name: pm_dec, unit: mas / yr, datatype: float64}
# - {name: radial_velocity, unit: km / s, datatype: float64}
# delimiter: ','
# meta: !!omap
# - __serialized_columns__:
#     dec:
#       __class__: astropy.coordinates.angles.Latitude
#       unit: &id001 !astropy.units.Unit {unit: deg}
#       value: !astropy.table.SerializedColumn {name: dec}
#     distance:
#       __class__: astropy.coordinates.distances.Distance
#       unit: !astropy.units.Unit {unit: kpc}
#       value: !astropy.table.SerializedColumn {name: distance}
#     pm_dec:
#       __class__: astropy.units.quantity.Quantity
#       unit: !astropy.units.Unit {unit: mas / yr}
#       value: !astropy.table.SerializedColumn {name: pm_dec}
#     pm_ra_cosdec:
#       __class__: astropy.units.quantity.Quantity
#       unit: !astropy.units.Unit {unit: mas / yr}
#       value: !astropy.table.SerializedColumn {name: pm_ra_cosdec}
#     ra:
#       __class__: astropy.coordinates.angles.Longitude
#       unit: *id001
#       value: !astropy.table.SerializedColumn {name: ra}
#       wrap_angle: !astropy.coordinates.Angle
#         unit: *id001
#         value: 360.0
#     radial_velocity:
#       __class__: astropy.units.quantity.Quantity
#       unit: !astropy.units.Unit {unit: km / s}
#       value: !astropy.table.SerializedColumn {name: radial_velocity}
# schema: astropy-2.0
ra,dec,distance,pm_ra_cosdec,pm_dec,radial_velocity
[from data line 2236]
331.87546614536853,-49.32185127778444,12.999999999999998,5.8333487921961895,-5.641606012679171,-6.73661370389787e-14
331.86105990603784,-49.31840362927933,12.999999999999998,5.832259726923288,-5.64239927454735,-1.347322740779574e-13
331.84665561302637,-49.31495431287783,12.999999999999996,5.83117058249976,-5.643191979444973,-2.3578147963642546e-13
331.8322532667578,-49.31150332902703,12.999999999999998,5.830081359201702,-5.643984127293662,-3.368306851948935e-14
331.81785286765484,-49.30805067817409,12.999999999999998,5.828992057305118,-5.644775718015274,-6.73661370389787e-14
331.8034544161395,-49.30459636076623,12.999999999999998,5.8279026770859295,-5.645566751531861,0.0
331.7890579126328,-49.30114037725077,12.999999999999998,5.826813218819963,-5.646357227765709,-2.020984111169361e-13
331.7746633575552,-49.297682728075046,12.999999999999998,5.825723682782966,-5.647147146639301,-2.020984111169361e-13
331.7602707513262,-49.29422341368653,12.999999999999998,5.824634069250593,-5.647936508075342,0.0
331.7458800943642,-49.29076243453269,12.999999999999998,5.823544378498401,-5.6487253119967615,-3.368306851948935e-14
331.73149138708726,-49.2872997910611,12.999999999999998,5.822454610801867,-5.649513558326692,-1.0104920555846805e-13
331.7171046299122,-49.2838354837194,12.999999999999996,5.821364766436384,-5.650301246988481,-1.0104920555846805e-13
331.70271982325534,-49.28036951295529,12.999999999999998,5.820274845677244,-5.651088377905694,-1.6841534259744677e-13
331.688336967532,-49.2769018792165,12.999999999999996,5.81918484879966,-5.651874951002108,-2.020984111169361e-13
331.6739560631566,-49.27343258295091,12.999999999999998,5.818094776078745,-5.6526609662017115,-1.347322740779574e-13
331.6595771105429,-49.26996162460636,12.999999999999996,5.817004627789534,-5.6534464234287185,-2.694645481559148e-13
331.6452001101038,-49.26648900463084,12.999999999999996,5.815914404206967,-5.65423132260754,-1.6841534259744677e-13
331.6308250622513,-49.26301472347236,12.999999999999998,5.814824105605887,-5.655015663662814,-2.020984111169361e-13
331.61645196739664,-49.25953878157901,12.999999999999996,5.813733732261062,-5.655799446519383,-1.347322740779574e-13
331.6020808259503,-49.25606117939895,12.999999999999998,5.812643284447163,-5.6565826711023055,-1.0104920555846805e-13
331.5877116383216,-49.25258191738038,12.999999999999998,5.811552762438756,-5.657365337336863,-1.347322740779574e-13
331.5733444049196,-49.249100995971595,12.999999999999996,5.8104621665103515,-5.658147445148527,0.0
331.558979126152,-49.24561841562092,12.999999999999998,5.809371496936328,-5.658928994463009,-2.3578147963642546e-13
331.54461580242605,-49.24213417677677,12.999999999999998,5.808280753991016,-5.659709985206208,-1.347322740779574e-13
331.530254434148,-49.23864827988761,12.999999999999998,5.807189937948618,-5.660490417304252,-1.347322740779574e-13
331.5158950217233,-49.23516072540199,12.999999999999996,5.806099049083269,-5.6612702906834755,-6.73661370389787e-14
331.5015375655565,-49.231671513768475,12.999999999999996,5.805008087669003,-5.662049605270431,-2.694645481559148e-13
331.4871820660516,-49.228180645435756,12.999999999999998,5.803917053979768,-5.662828360991863,-6.73661370389787e-14
331.4728285236115,-49.22468812085254,12.999999999999998,5.802825948289416,-5.6636065577747585,-1.0104920555846805e-13
331.45847693863834,-49.2211939404676,13.0,5.801734770871708,-5.664384195546296,-2.694645481559148e-13
331.4441273115336,-49.217698104729784,12.999999999999996,5.800643522000327,-5.665161274233864,-1.0104920555846805e-13
331.4297796426977,-49.21420061408801,12.999999999999998,5.799552201948846,-5.665937793765073,-6.73661370389787e-14
331.41543393253045,-49.210701468991225,12.999999999999996,5.798460810990754,-5.666713754067743,-1.6841534259744677e-13
331.40109018143073,-49.20720066988848,12.999999999999996,5.797369349399452,-5.667489155069898,-1.6841534259744677e-13
331.3867483897966,-49.20369821722886,12.999999999999998,5.79627781744824,-5.668263996699776,0.0
331.37240855802526,-49.20019411146151,12.999999999999998,5.795186215410338,-5.669038278885833,-1.347322740779574e-13
331.35807068651326,-49.19668835303564,12.999999999999998,5.794094543558867,-5.669812001556725,-2.020984111169361e-13
331.34373477565623,-49.19318094240053,12.999999999999998,5.7930028021668525,-5.67058516464132,-6.73661370389787e-14
331.32940082584884,-49.18967188000552,12.999999999999998,5.791910991507232,-5.671357768068711,-2.020984111169361e-13
331.3150688374853,-49.18616116629998,12.999999999999996,5.790819111852856,-5.672129811768178,-1.347322740779574e-13
331.3007388109586,-49.182648801733386,12.999999999999998,5.789727163476471,-5.672901295669231,-2.3578147963642546e-13
331.28641074666115,-49.17913478675524,12.999999999999998,5.788635146650744,-5.673672219701574,-1.0104920555846805e-13
331.27208464498455,-49.17561912181512,12.999999999999998,5.7875430616482335,-5.6744425837951376,-1.347322740779574e-13
331.2577605063194,-49.17210180736265,12.999999999999996,5.786450908741418,-5.675212387880048,-2.020984111169361e-13
331.2434383310558,-49.168582843847524,12.999999999999998,5.785358688202682,-5.675981631886641,-1.0104920555846805e-13
331.22911811958267,-49.16506223171948,12.999999999999996,5.784266400304304,-5.676750315745478,-1.6841534259744677e-13
331.2147998722884,-49.16153997142836,12.999999999999998,5.783174045318484,-5.677518439387311,-3.368306851948935e-14
331.2004835895603,-49.15801606342401,12.999999999999995,5.782081623517326,-5.678286002743114,-1.6841534259744677e-13
331.18616927178516,-49.15449050815635,12.999999999999998,5.780989135172831,-5.6790530057440565,-2.020984111169361e-13
331.17185691934884,-49.15096330607536,12.999999999999996,5.77989658055692,-5.679819448321529,-2.694645481559148e-13
331.1575465326363,-49.14743445763111,12.999999999999996,5.778803959941414,-5.680585330407124,-6.73661370389787e-14
331.14323811203167,-49.143903963273665,12.999999999999996,5.777711273598033,-5.68135065193265,-2.3578147963642546e-13
331.1289316579185,-49.14037182345319,12.999999999999998,5.776618521798417,-5.682115412830106,-1.0104920555846805e-13
331.1146271706792,-49.13683803861992,12.999999999999998,5.7755257048140995,-5.6828796130317265,-1.347322740779574e-13
331.1003246506957,-49.133302609224096,12.999999999999998,5.7744328229165305,-5.683643252469931,-1.6841534259744677e-13
331.0860240983489,-49.12976553571606,12.999999999999996,5.773339876377056,-5.684406331077355,-2.020984111169361e-13
331.0717255140189,-49.1262268185462,12.999999999999996,5.7722468654669346,-5.685168848786843,-1.347322740779574e-13
331.05742889808505,-49.12268645816496,12.999999999999996,5.771153790457329,-5.685930805531447,-2.020984111169361e-13
331.0431342509259,-49.11914445502282,12.999999999999996,5.7700606516193,-5.686692201244421,-2.020984111169361e-13
331.02884157291913,-49.11560080957034,12.999999999999998,5.768967449223824,-5.687453035859232,-2.020984111169361e-13
331.01455086444173,-49.11205552225814,12.999999999999998,5.767874183541782,-5.688213309309551,-1.6841534259744677e-13
331.00026212586965,-49.108508593536875,12.999999999999998,5.76678085484395,-5.688973021529261,-2.3578147963642546e-13
330.9859753575783,-49.10496002385727,12.999999999999998,5.765687463401019,-5.689732172452444,-6.73661370389787e-14
330.971690559942,-49.10140981367008,12.999999999999998,5.764594009483579,-5.690490762013399,-1.347322740779574e-13
330.9574077333345,-49.09785796342616,12.999999999999998,5.763500493362129,-5.691248790146615,-1.6841534259744677e-13
330.9431268781287,-49.09430447357638,12.999999999999996,5.7624069153070705,-5.692006256786808,-2.020984111169361e-13
330.9288479946965,-49.09074934457169,12.999999999999993,5.761313275588706,-5.692763161868886,-2.3578147963642546e-13
330.9145710834093,-49.087192576863096,12.999999999999996,5.760219574477249,-5.6935195053279575,-3.368306851948935e-14
330.9002961446374,-49.08363417090161,12.999999999999998,5.75912581224281,-5.694275287099362,-1.6841534259744677e-13
330.88602317875046,-49.08007412713837,12.999999999999998,5.758031989155412,-5.695030507118619,-3.368306851948935e-14
330.87175218611736,-49.076512446024516,12.999999999999998,5.75693810548498,-5.6957851653214675,-3.368306851948935e-14
330.85748316710595,-49.07294912801125,12.999999999999998,5.755844161501332,-5.696539261643846,-3.368306851948935e-14
330.84321612208356,-49.06938417354984,12.999999999999998,5.754750157474209,-5.697292796021901,-1.347322740779574e-13
330.8289510514165,-49.06581758309162,12.999999999999998,5.753656093673232,-5.698045768391987,-2.020984111169361e-13
330.8146879554704,-49.06224935708794,12.999999999999996,5.752561970367953,-5.69879817869065,-1.6841534259744677e-13
330.80042683461,-49.05867949599025,12.999999999999998,5.751467787827805,-5.699550026854661,-1.6841534259744677e-13
330.7861676891994,-49.05510800024997,12.999999999999996,5.750373546322132,-5.700301312820978,-1.0104920555846805e-13
330.77191051960153,-49.05153487031869,12.999999999999998,5.7492792461201825,-5.701052036526777,-1.6841534259744677e-13
330.7576553261789,-49.04796010664794,12.999999999999998,5.748184887491108,-5.701802197909431,-2.020984111169361e-13
330.74340210929313,-49.044383709689384,12.999999999999998,5.747090470703967,-5.702551796906515,-1.347322740779574e-13
330.7291508693049,-49.0408056798947,12.999999999999998,5.74599599602771,-5.703300833455813,0.0
330.7149016065741,-49.03722601771562,13.0,5.744901463731198,-5.704049307495315,-1.6841534259744677e-13
330.7006543214599,-49.03364472360391,12.999999999999998,5.743806874083197,-5.704797218963211,-1.347322740779574e-13
330.68640901432076,-49.030061798011445,12.999999999999998,5.742712227352368,-5.705544567797892,-1.0104920555846805e-13
330.6721656855141,-49.02647724139008,12.999999999999996,5.741617523807276,-5.7062913539379565,-2.020984111169361e-13
330.6579243353967,-49.022891054191774,12.999999999999996,5.740522763716403,-5.707037577322207,-2.020984111169361e-13
330.6436849643245,-49.019303236868524,12.999999999999998,5.739427947348107,-5.707783237889645,-2.020984111169361e-13
330.6294475726526,-49.01571378987234,12.999999999999998,5.738333074970671,-5.708528335579478,-1.6841534259744677e-13
330.61521216073544,-49.012122713655344,12.999999999999998,5.737238146852268,-5.709272870331114,-3.368306851948935e-14
330.6009787289264,-49.008530008669666,12.999999999999998,5.7361431632609685,-5.710016842084176,-2.020984111169361e-13
330.58674727757835,-49.00493567536749,12.999999999999998,5.735048124464774,-5.710760250778465,-6.73661370389787e-14
330.5725178070431,-49.00133971420106,12.999999999999998,5.733953030731546,-5.711503096354008,6.73661370389787e-14
330.55829031767183,-48.99774212562267,12.999999999999998,5.732857882329074,-5.712245378751025,-2.020984111169361e-13
330.5440648098149,-48.994142910084655,12.999999999999998,5.7317626795250485,-5.71298709790993,-1.347322740779574e-13
330.52984128382184,-48.9905420680394,12.999999999999996,5.730667422587048,-5.713728253771355,-3.368306851948935e-14
330.5156197400413,-48.986939599939355,12.999999999999996,5.729572111782566,-5.714468846276125,-1.0104920555846805e-13
330.5014001788213,-48.98333550623699,12.999999999999998,5.728476747378988,-5.715208875365262,-1.0104920555846805e-13
330.48718260050896,-48.97972978738485,12.999999999999998,5.727381329643609,-5.715948340979998,-6.73661370389787e-14
330.4729670054506,-48.976122443835514,12.999999999999998,5.726285858843612,-5.716687243061765,-1.347322740779574e-13
330.4587533939918,-48.972513476041605,12.999999999999998,5.7251903352460936,-5.717425581552193,-1.0104920555846805e-13
330.4445417664772,-48.9689028844558,12.999999999999996,5.7240947591180475,-5.7181633563931165,-1.0104920555846805e-13
330.4303321232509,-48.96529066953083,12.999999999999998,5.722999130726366,-5.718900567526564,-1.347322740779574e-13
330.4161244646558,-48.96167683171949,12.999999999999998,5.721903450337837,-5.719637214894776,-2.3578147963642546e-13
330.4019187910346,-48.95806137147456,12.999999999999998,5.720807718219172,-5.72037329844018,-1.347322740779574e-13
330.3877151027286,-48.954444289248926,12.999999999999998,5.719711934636942,-5.721108818105419,-2.020984111169361e-13
330.3735134000786,-48.950825585495515,12.999999999999996,5.718616099857665,-5.7218437738333225,-1.0104920555846805e-13
330.3593136834246,-48.94720526066727,12.999999999999998,5.7175202141477195,-5.722578165566926,-3.368306851948935e-14
330.3451159531058,-48.94358331521718,12.999999999999993,5.716424277773409,-5.7233119932494745,-2.3578147963642546e-13
330.33092020946054,-48.939959749598366,12.999999999999998,5.715328291000924,-5.724045256824386,-6.73661370389787e-14
330.31672645282634,-48.936334564263845,12.999999999999998,5.71423225409636,-5.724777956235312,-2.3578147963642546e-13
330.30253468354016,-48.93270775966682,12.999999999999998,5.713136167325723,-5.725510091426076,-1.0104920555846805e-13
330.2883449019378,-48.92907933626044,12.999999999999996,5.71204003095489,-5.726241662340719,-1.0104920555846805e-13
330.2741571083546,-48.92544929449798,12.999999999999996,5.7109438452496635,-5.726972668923473,-1.347322740779574e-13
330.25997130312487,-48.92181763483271,12.999999999999998,5.709847610475739,-5.727703111118767,-6.73661370389787e-14
330.24578748658223,-48.91818435771795,12.999999999999998,5.708751326898702,-5.7284329888712335,-6.73661370389787e-14
330.2316056590596,-48.91454946360706,12.999999999999996,5.707654994784054,-5.729162302125703,-1.6841534259744677e-13
330.21742582088893,-48.91091295295349,12.999999999999998,5.706558614397178,-5.729891050827204,-2.020984111169361e-13
330.2032479724015,-48.90727482621067,12.999999999999998,5.705462186003371,-5.73061923492096,-1.347322740779574e-13
330.18907211392775,-48.90363508383213,12.999999999999998,5.704365709867813,-5.731346854352401,-1.6841534259744677e-13
330.17489824579735,-48.8999937262714,13.0,5.703269186255599,-5.732073909067145,-3.368306851948935e-14
330.16072636833906,-48.896350753982055,12.999999999999998,5.702172615431714,-5.732800399011022,-2.3578147963642546e-13
330.1465564818811,-48.892706167417785,13.0,5.70107599766104,-5.73352632413004,-2.020984111169361e-13
330.1323885867507,-48.889059967032225,12.999999999999996,5.6999793332083675,-5.734251684370423,-1.6841534259744677e-13
330.1182226832744,-48.88541215327911,12.999999999999996,5.698882622338377,-5.734976479678579,-6.73661370389787e-14
330.10405877177783,-48.88176272661223,12.999999999999998,5.6977858653156375,-5.735700710001127,-1.347322740779574e-13
330.089896852586,-48.878111687485365,12.999999999999996,5.696689062404646,-5.736424375284873,-6.73661370389787e-14
330.0757369260229,-48.87445903635238,12.999999999999996,5.695592213869761,-5.737147475476821,-2.020984111169361e-13
330.061578992412,-48.87080477366717,12.999999999999996,5.694495319975274,-5.737870010524173,-6.73661370389787e-14
330.0474230520759,-48.86714889988367,12.999999999999996,5.693398380985349,-5.738591980374331,-3.368306851948935e-14
330.0332691053362,-48.86349141545586,12.999999999999998,5.6923013971640515,-5.739313384974892,-1.6841534259744677e-13
330.019117152514,-48.859832320837754,12.999999999999996,5.691204368775358,-5.740034224273645,-2.020984111169361e-13
330.00496719392953,-48.856171616483444,12.999999999999998,5.6901072960831325,-5.740754498218581,-2.020984111169361e-13
329.9908192299021,-48.852509302847,13.0,5.68901017935114,-5.7414742067578795,-6.73661370389787e-14
329.97667326075043,-48.84884538038258,13.0,5.687913018843037,-5.742193349839933,-1.6841534259744677e-13
329.9625292867923,-48.845179849544365,12.999999999999996,5.686815814822389,-5.7429119274133065,-1.0104920555846805e-13
329.9483873083447,-48.84151271078661,13.0,5.68571856755264,-5.743629939426779,-1.347322740779574e-13
329.934247325724,-48.83784396456354,13.0,5.684621277297155,-5.744347385829313,-2.694645481559148e-13
