galstreams/tracks/track.st.C-5.ibata2021.ecsv
# %ECSV 1.0
# ---
# datatype:
# - {name: ra, unit: deg, datatype: float64}
# - {name: dec, unit: deg, datatype: float64}
# - {name: distance, unit: kpc, datatype: float64}
# - {name: pm_ra_cosdec, unit: mas / yr, datatype: float64}
# - {name: pm_dec, unit: mas / yr, datatype: float64}
# - {name: radial_velocity, unit: km / s, datatype: float64}
# delimiter: ','
# meta: !!omap
# - __serialized_columns__:
#     dec:
#       __class__: astropy.coordinates.angles.Latitude
#       unit: &id001 !astropy.units.Unit {unit: deg}
#       value: !astropy.table.SerializedColumn {name: dec}
#     distance:
#       __class__: astropy.coordinates.distances.Distance
#       unit: !astropy.units.Unit {unit: kpc}
#       value: !astropy.table.SerializedColumn {name: distance}
#     pm_dec:
#       __class__: astropy.units.quantity.Quantity
#       unit: !astropy.units.Unit {unit: mas / yr}
#       value: !astropy.table.SerializedColumn {name: pm_dec}
#     pm_ra_cosdec:
#       __class__: astropy.units.quantity.Quantity
#       unit: !astropy.units.Unit {unit: mas / yr}
#       value: !astropy.table.SerializedColumn {name: pm_ra_cosdec}
#     ra:
#       __class__: astropy.coordinates.angles.Longitude
#       unit: *id001
#       value: !astropy.table.SerializedColumn {name: ra}
#       wrap_angle: !astropy.coordinates.Angle
#         unit: *id001
#         value: 360.0
#     radial_velocity:
#       __class__: astropy.units.quantity.Quantity
#       unit: !astropy.units.Unit {unit: km / s}
#       value: !astropy.table.SerializedColumn {name: radial_velocity}
# schema: astropy-2.0
ra,dec,distance,pm_ra_cosdec,pm_dec,radial_velocity
113.35053109462349,36.67835341937526,3.3518629495384293,-1.1381989110832658,-12.720866096054449,57.75000000000003
113.36106509740912,36.672837720463015,3.3562059228494583,-1.1366625572413693,-12.703975693930257,57.89347506669058
113.37160285296501,36.66732997167051,3.3605347181652303,-1.1351287527137441,-12.687162538019518,58.03520051969455
113.38214434534088,36.66183014037818,3.364849395431045,-1.1335975044812114,-12.670426400238611,58.17518622350683
113.39268955857534,36.656338193972225,3.369150014592199,-1.1320688194506312,-12.653767052503206,58.31344204262238
113.40323847669603,36.650854099844715,3.3734366355939915,-1.1305427044546894,-12.637184266728251,58.449977841536125
113.41379108371957,36.64537782539356,3.3777093183817195,-1.1290191662516857,-12.620677814828026,58.58480348474286
113.42434736365142,36.639909338022505,3.3819681229006826,-1.1274982115253298,-12.604247468716167,58.71792883673773
113.43490730048603,36.63444860514117,3.386213109096178,-1.1259798468845115,-12.58789300030568,58.84936376201546
113.44547087820665,36.62899559416505,3.3904443369135038,-1.1244640788631113,-12.571614181509004,58.97911812507109
113.45603808078543,36.62355027251549,3.3946618662979584,-1.1229509139197664,-12.555410784238003,59.10720179039946
113.46660889218332,36.61811260761974,3.39886575719484,-1.121440358437682,-12.539282580404027,59.233624622495476
113.47718329635009,36.61268256691092,3.403056069549446,-1.1199324187244084,-12.52322934191793,59.35839648585422
113.48776127722418,36.60726011782808,3.407232863307075,-1.1184271010116338,-12.507250840690087,59.481527244970515
113.49834281873304,36.60184522781611,3.4113961984130254,-1.1169244114550145,-12.491346848630455,59.6030267643393
113.50892790479261,36.596437864325914,3.4155461348125953,-1.1154243561339063,-12.475517137648566,59.72290490845537
113.51951651930761,36.59103799481421,3.4196827324510815,-1.1139269410512087,-12.459761479653604,59.8411715418139
113.53010864617147,36.58564558674373,3.423806051273784,-1.1124321721331358,-12.444079646554378,59.957836528909574
113.54070426926619,36.5802606075831,3.4279161512259995,-1.1109400552290278,-12.428471410259409,60.07290973423744
113.55130337246251,36.57488302480688,3.4320130922530265,-1.1094505961111483,-12.412936542676917,60.186401022292465
113.56190593961973,36.569512805895634,3.436096934300163,-1.107963800474475,-12.397474815714885,60.29832025756941
113.57251195458575,36.56414991833582,3.4401677373127084,-1.1064796739365077,-12.382086001281055,60.40867730456335
113.58312140119703,36.5587943296199,3.44422556123596,-1.1049982220370618,-12.366769871282992,60.51748202776918
113.59373426327858,36.55344600724631,3.4482704660152144,-1.1035194502380814,-12.351526197628104,60.62474429168175
113.60435052464389,36.548104918719446,3.452302511595771,-1.1020433639234262,-12.336354752223652,60.73047396079601
113.61497016909503,36.54277103154972,3.4563217579229284,-1.1005699683986983,-12.321255306976816,60.834680899606944
113.62559318042248,36.5374443132535,3.4603282649419853,-1.099099268891019,-12.306227633794702,60.93737497260943
113.63621954240521,36.53212473135321,3.4643220925982368,-1.09763127054886,-12.291271504584376,61.03856604429839
113.6468492388106,36.526812253377244,3.468303300836984,-1.0961659784418338,-12.276386691252899,61.13826397916879
113.65748225339445,36.52150684686002,3.472271949603524,-1.0947033975605067,-12.261572965707368,61.23647864171551
113.66811856990095,36.516208479342,3.4762280988431544,-1.093243532816207,-12.246830099854918,61.333219896433484
113.67875817206266,36.51091711836967,3.480171808501174,-1.0917863890408337,-12.232157865602794,61.428497607817576
113.68940104360048,36.50563273149554,3.4841031385228804,-1.090331970986671,-12.217556034858342,61.52232164036278
113.70004716822366,36.500355286278186,3.488022148853572,-1.0888802833261888,-12.203024379529065,61.61470185856402
113.7106965296297,36.495084750282224,3.4919288994385482,-1.0874313306518677,-12.18856267152265,61.70564812691621
113.72134911150445,36.48982109107835,3.495823450223104,-1.085985117476008,-12.174170682747004,61.795170309914226
113.73200489752199,36.48456427624331,3.4997058611525405,-1.0845416482305326,-12.159848185110256,61.883278272053154
113.74266387134459,36.479314273359975,3.5035761921721527,-1.0831009272668108,-12.145594950520842,61.96998187782765
113.7533260166229,36.47407105001717,3.507434503227243,-1.0816629588554978,-12.131410750887476,62.05529099173291
113.76399131699566,36.468834573809964,3.5112808542631058,-1.0802277471863007,-12.11729535811923,62.139215478263644
113.77465975608979,36.46360481233943,3.515115305225041,-1.0787952963678333,-12.103248544125549,62.221765201914906
113.78533131752037,36.45838173321279,3.5189379160583463,-1.0773656104274263,-12.089270080816267,62.30295002718152
113.79600598489068,36.45316530404334,3.522748746708319,-1.0759386933109387,-12.075359740101664,62.38277981855854
113.80668374179206,36.44795549245051,3.52654785712026,-1.0745145488825902,-12.061517293892479,62.46126444054085
113.81736457180402,36.44275226605989,3.5303353072394636,-1.073093180924778,-12.047742514099959,62.538413757623225
113.8280484584941,36.43755559250313,3.53411115701123,-1.0716745931378902,-12.034035172635875,62.61423763430075
113.83873538541793,36.43236543941808,3.5378754663808563,-1.070258789140143,-12.020395041412556,62.68874593506833
113.8494253361192,36.42718177444871,3.5416282952936426,-1.0688457724673959,-12.006821892342927,62.761948524420866
113.86011829412962,36.42200456524515,3.545369703694886,-1.0674355465729786,-11.993315497340546,62.83385526685323
113.87081424296892,36.416833779463694,3.5490997515298828,-1.066028114827518,-11.979875628319625,62.90447602686037
113.88151316614479,36.411669384766775,3.5528184987439335,-1.0646234805187569,-11.966502057195061,62.97382066893734
113.89221504715292,36.406511348823045,3.5565260052823353,-1.063221646851396,-11.953194555882478,63.04189905757886
113.90291986947696,36.40135963930727,3.5602223310903875,-1.0618226169469125,-11.939952896298252,63.10872105728003
113.91362761658853,36.3962142239005,3.563907536113385,-1.0604263938433967,-11.926776850359559,63.1742965325356
113.92433827194708,36.39107507028989,3.567581680296628,-1.059032980495361,-11.913666189984372,63.23863534784062
113.93505181900007,36.38594214616882,3.5712448235854164,-1.057642379773605,-11.900620687091521,63.301747367689956
113.94576824118275,36.3808154192369,3.5748970259250457,-1.0562545944650235,-11.887640113600742,63.36364245657858
113.95648752191832,36.37569485719994,3.5785383472608148,-1.0548696272724425,-11.87472424143265,63.424330479001355
113.96720964461778,36.37058042776995,3.582168847538022,-1.0534874808144603,-11.861872842508838,63.48382129945331
113.97793459267999,36.36547209866521,3.585788586701965,-1.0521081576252782,-11.849085688751867,63.54212478242926
113.9886623494916,36.3603698376102,3.589397624697942,-1.0507316601545358,-11.836362552085316,63.59925079242411
113.99939289842705,36.355273612335665,3.5929960214712517,-1.0493579907671369,-11.823703204433798,63.65520919393292
114.01012622284873,36.350183390578536,3.5965838369671914,-1.0479871517431327,-11.811107417723019,63.71000985145053
114.02086230610655,36.34509914008208,3.6001611311310597,-1.0466191452774853,-11.798574963879787,63.763662629471824
114.03160113153832,36.34002082859577,3.6037279639081543,-1.0452539734799715,-11.786105614832064,63.81617739249179
114.04234268246958,36.33494842387539,3.607284395243774,-1.0438916383749919,-11.773699142508967,63.8675640050053
114.05308694221354,36.32988189368293,3.6108304850832167,-1.0425321419014155,-11.761355318840842,63.91783233150732
114.06383389407114,36.32482120578672,3.61436629337178,-1.0411754859124311,-11.749073915759272,63.96699223649274
114.07458352133102,36.319766327961354,3.6178918800547626,-1.0398216721753806,-11.736854705197102,64.01505358445652
114.08533580726949,36.3147172279877,3.621407305077462,-1.03847070237161,-11.7246974590885,64.06202623989357
114.0960907351505,36.30967387365295,3.6249126283851765,-1.037122578096306,-11.712601949368965,64.10792006729885
114.10684828822566,36.304636232750596,3.628407909923205,-1.0357773008583506,-11.70056794797537,64.15274493116722
114.11760844973422,36.29960427308046,3.631893209636844,-1.0344348720801588,-11.688595226845996,64.19651069599358
114.12837120290304,36.29457796244861,3.6353685874713935,-1.0330952930975332,-11.676683557920558,64.23922722627297
114.13913653094654,36.289557268667515,3.6388341033721505,-1.0317585651595014,-11.664832713140235,64.2809043865002
114.14990441706678,36.28454215955595,3.6422898172844134,-1.0304246894281888,-11.65304246444774,64.32155204117026
114.16067484445337,36.27953260293899,3.6457357891534805,-1.029093666978631,-11.641312583787279,64.361180054778
114.17144779628346,36.27452856664812,3.6491720789246487,-1.0277654987986673,-11.629642843104666,64.39979829181843
114.18222325572175,36.26953001852112,3.6525987465432173,-1.026440185788755,-11.618033014347299,64.43741661678645
114.19300120592051,36.26453692640214,3.656015851954484,-1.0251177287618503,-11.60648286946422,64.47404489417696
114.20378163001948,36.25954925814167,3.659423455103748,-1.0237981284432434,-11.594992180406125,64.5096929884849
114.21456451114588,36.25456698159663,3.662821615936306,-1.0224813854704173,-11.583560719125433,64.54437076420515
114.22534983241448,36.24959006463024,3.6662103943974556,-1.0211675003929117,-11.572188257576292,64.57808808583273
114.2361375769275,36.244618475112134,3.669589850432497,-1.019856473672176,-11.56087456771461,64.61085481786249
114.2469277277746,36.239652180918355,3.6729600439867274,-1.0185483056814082,-11.549619421498107,64.6426808247893
114.25772026803291,36.234691149931265,3.676321035005444,-1.0172429967054426,-11.538422590886327,64.67357597110822
114.26851518076694,36.2297353500397,3.6796728834339456,-1.0159405469405796,-11.527283847840692,64.70355012131412
114.2793124490288,36.224784749138834,3.6830156492175306,-1.0146409564944903,-11.516202964324528,64.7326131399019
114.29011205585782,36.21983931513029,3.6863493923014965,-1.0133442253860152,-11.505179712303079,64.76077489136648
114.30091398428078,36.21489901592211,3.6896741726311424,-1.0120503535450638,-11.494213863743578,64.78804524020273
114.31171821731189,36.209963819428715,3.6929900501517654,-1.0107593408124838,-11.48330519061524,64.81443405090576
114.3225247379527,36.205033693570996,3.6962970848086636,-1.0094711869398973,-11.472453464889327,64.83995118797033
114.33333352919212,36.20010860627626,3.6995953365471355,-1.008185891589589,-11.461658458539167,64.86460651589135
114.34414457400642,36.19518852547826,3.7028848653124795,-1.0069034543343536,-11.450919943540182,64.88840989916379
114.35495785535922,36.19027341911716,3.706165731049994,-1.0056238746573736,-11.440237691869937,64.91137120228268
114.36577335620144,36.185363255139606,3.7094379937049755,-1.004347151952087,-11.429611475508166,64.93350028974281
114.37659105947135,36.18045800149869,3.7127017132227227,-1.0030732855220341,-11.41904106643679,64.95480702603909
114.38741094809451,36.17555762615397,3.7159569495485356,-1.001802274580763,-11.408526236639979,64.97530127566655
114.39823300498377,36.17066209707147,3.7192037626277097,-1.0005341182516658,-11.398066758104171,64.99499290312002
114.40905721303928,36.16577138222365,3.7224422124055447,-0.9992688155678668,-11.387662402818098,65.01389177289452
114.41988355514842,36.160885449589514,3.725672358827339,-0.9980063654720803,-11.37731294277283,65.03200774948482
114.4307120141859,36.15600426715449,3.7288942618383882,-0.9967467668165004,-11.367018149961812,65.04935069738599
114.44154257301362,36.15112780291053,3.7321079813839932,-0.9954900183626627,-11.356777796380872,65.06593048109288
114.45237521448077,36.14625602485605,3.7353135774094515,-0.9942361187813149,-11.346591654028295,65.0817569651005
114.46320992142373,36.141388900996,3.7385111098600605,-0.9929850666523024,-11.336459494904828,65.09684001390367
114.47404667666613,36.13652639934182,3.741700638681119,-0.9917368604644401,-11.326381091013715,65.11118949199732
114.48488546301881,36.131668487911455,3.7448822238179234,-0.9904914986153806,-11.316356214360743,65.12481526387643
114.4957262632798,36.12681513472936,3.7480559252157746,-0.9892489794115034,-11.306384636954263,65.13772719403593
114.50656906023434,36.12196630782654,3.751221802819968,-0.9880093010677915,-11.296466130805236,65.14993514697063
114.51741383665482,36.11712197524051,3.754379916575804,-0.986772461707699,-11.28660046792725,65.16144898717559
114.52826057530078,36.112282105015325,3.757530326428579,-0.9855384593630401,-11.276787420336571,65.17227857914565
114.53910925891913,36.10744666520151,3.7606730923235916,-0.9843072919738907,-11.267026760052165,65.18243378737581
114.54995987024367,36.10261562385624,3.7638082742061405,-0.9830789573884271,-11.257318259095742,65.19192447636094
114.56081239199548,36.09778894904317,3.766935932021523,-0.9818534533628305,-11.247661689491771,65.20076051059594
114.57166680688277,36.09296660883255,3.7700561257150382,-0.9806307775611893,-11.238056823267536,65.20895175457578
114.58252309760087,36.08814857130115,3.7731689152319836,-0.9794109275553473,-11.228503432453152,65.2165080727953
114.59338124683222,36.08333480453232,3.7762743605176565,-0.9781939008248184,-11.219001289081616,65.22343932974955
114.60424123724637,36.07852527661596,3.7793725215173564,-0.9769796947566531,-11.209550165188816,65.22975538993349
114.61510305150004,36.07371995564862,3.782463458176381,-0.9757683066453495,-11.20014983281359,65.23546611784177
114.625966672237,36.06891880973332,3.7855472304400277,-0.974559733692713,-11.19080006399774,65.24058137796958
114.63683208208809,36.064121806979706,3.788623898253596,-0.9733539730077654,-11.181500630786086,65.24511103481176
114.64769926367127,36.05932891550407,3.791693521562382,-0.9721510216066243,-11.172251305226478,65.2490649528632
114.65856819959157,36.05454010342921,3.794756160311686,-0.9709508764123997,-11.16305185936984,65.25245299661883
114.66943887244109,36.04975533888459,3.7978118744468037,-0.9697535342550858,-11.153902065270207,65.25528503057359
114.68031126479899,36.04497459000623,3.8008607239130363,-0.9685589918714461,-11.14480169498475,65.25757091922245
114.69118535923145,36.04019782493678,3.8039027686556794,-0.9673672459049163,-11.135750520573826,65.25932052706035
114.70206113829178,36.03542501182555,3.806938068620032,-0.966178292905493,-11.126748314100979,65.260543718582
114.71293858452026,36.03065611882835,3.809966683751392,-0.9649921293296249,-11.117794847633007,65.26125035828258
114.72381768044424,36.02589111410774,3.8129886739950574,-0.9638087515401272,-11.10888989323999,65.2614503106569
114.73469840857808,36.02112996583284,3.8160040992963276,-0.9626281558060517,-11.1000332229953,65.2611534401999
114.74558075142318,36.016372642179434,3.819013019600499,-0.9614503383026025,-11.091224608975663,65.26036961140643
114.75646469146795,36.0116191113299,3.8220154948528697,-0.9602752951110345,-11.082463823261179,65.25910868877155
114.7673502111878,36.006869341473305,3.8250115849987396,-0.9591030222185397,-11.073750637935351,65.25738053679008
114.7782372930452,36.00212330080534,3.8280013499834054,-0.9579335155181736,-11.065084825085133,65.255195019957
114.78912591948944,35.997380957528385,3.830984849752165,-0.9567667708087053,-11.056466156800955,65.25256200276718
114.8000160729571,35.99264227985139,3.833962144250318,-0.9556027837946015,-11.047894405176745,65.24949134971565
114.81090773587158,35.98790723599005,3.836933293423161,-0.9544415500858543,-11.039369342309989,65.24599292529723
114.8218008906432,35.983175794166705,3.8398983572159913,-0.9532830651978994,-11.030890740301746,65.24207659400686
114.83269551966936,35.97844792261034,3.84285739557411,-0.9521273245515682,-11.02245837125668,65.23775222033947
114.84359160533442,35.97372358955667,3.845810468442813,-0.9509743234729338,-11.014072007283108,65.23302966878998
114.8544891300097,35.96900276324803,3.848757635767399,-0.9498240571932546,-11.005731420493017,65.2279188038533
