galstreams/tracks/track.st.AAU-ATLAS.ibata2024.ecsv
# %ECSV 1.0
# ---
# datatype:
# - {name: ra, unit: deg, datatype: float64}
# - {name: dec, unit: deg, datatype: float64}
# - {name: distance, unit: kpc, datatype: float64}
# - {name: pm_ra_cosdec, unit: mas / yr, datatype: float64}
# - {name: pm_dec, unit: mas / yr, datatype: float64}
# - {name: radial_velocity, unit: km / s, datatype: float64}
# delimiter: ','
# meta: !!omap
# - __serialized_columns__:
#     dec:
#       __class__: astropy.coordinates.angles.Latitude
#       unit: &id001 !astropy.units.Unit {unit: deg}
#       value: !astropy.table.SerializedColumn {name: dec}
#     distance:
#       __class__: astropy.coordinates.distances.Distance
#       unit: !astropy.units.Unit {unit: kpc}
#       value: !astropy.table.SerializedColumn {name: distance}
#     pm_dec:
#       __class__: astropy.units.quantity.Quantity
#       unit: !astropy.units.Unit {unit: mas / yr}
#       value: !astropy.table.SerializedColumn {name: pm_dec}
#     pm_ra_cosdec:
#       __class__: astropy.units.quantity.Quantity
#       unit: !astropy.units.Unit {unit: mas / yr}
#       value: !astropy.table.SerializedColumn {name: pm_ra_cosdec}
#     ra:
#       __class__: astropy.coordinates.angles.Longitude
#       unit: *id001
#       value: !astropy.table.SerializedColumn {name: ra}
#       wrap_angle: !astropy.coordinates.Angle
#         unit: *id001
#         value: 360.0
#     radial_velocity:
#       __class__: astropy.units.quantity.Quantity
#       unit: !astropy.units.Unit {unit: km / s}
#       value: !astropy.table.SerializedColumn {name: radial_velocity}
# schema: astropy-2.0
ra,dec,distance,pm_ra_cosdec,pm_dec,radial_velocity
[from data line 2997]
30.004350908372526,-32.68790165496964,1.0000000000000004,0.14719918339517868,-0.8585701816813618,-62.35007143823982
30.01439117180896,-32.69328804432412,1.0000000000000004,0.14733949316927042,-0.8584117720174822,-62.2997278233512
30.024432315652618,-32.69867412883886,1.0000000000000004,0.14747964650179846,-0.8582534317292128,-62.249372782110186
30.03447434024279,-32.70405990830121,1.0000000000000004,0.1476196434478112,-0.8580951609904908,-62.199006312754946
30.04451724591877,-32.70944538249845,1.0000000000000004,0.14775948406242279,-0.8579369599752411,-62.148628413523575
30.05456103301985,-32.71483055121781,1.0000000000000004,0.14789916840082462,-0.8577788288574002,-62.098239082654246
30.06460570188536,-32.72021541424647,1.0000000000000004,0.14803869651826584,-0.8576207678109009,-62.04783831838512
30.0746512528546,-32.725599971371594,1.0000000000000007,0.1481780684700711,-0.8574627770096717,-61.99742611895431
30.084697686266907,-32.730984222380236,1.0000000000000004,0.1483172843116245,-0.8573048566276436,-61.94700248259996
30.09474500246163,-32.73636816705949,1.0000000000000004,0.14845634409838926,-0.8571470068387521,-61.89656740756023
30.104793201778097,-32.74175180519631,1.0000000000000004,0.1485952478858863,-0.8569892278169169,-61.846120892073245
30.1148422845557,-32.74713513657767,1.0000000000000004,0.14873399572971646,-0.8568315197360752,-61.795662934377184
30.124892251133762,-32.752518160990455,1.0000000000000004,0.14887258768553036,-0.8566738827701501,-61.74519353271014
30.134943101851697,-32.75790087822152,1.0000000000000004,0.1490110238090665,-0.8565163170930692,-61.69471268531031
30.144994837048873,-32.76328328805769,1.0000000000000004,0.1491493041561185,-0.8563588228787617,-61.64422039041579
30.15504745706469,-32.768665390285726,1.0000000000000004,0.14928742878255363,-0.8562014003011544,-61.593716646264724
30.16510096223855,-32.77404718469231,1.0000000000000004,0.14942539774430408,-0.8560440495341668,-61.54320145109531
30.175155352909872,-32.779428671064125,1.0000000000000004,0.14956321109737658,-0.8558867707517317,-61.49267480314563
30.185210629418066,-32.78480984918779,1.0000000000000004,0.1497008688978374,-0.8557295641277651,-61.442136700653876
30.195266792102558,-32.79019071884985,1.0000000000000004,0.1498383712018274,-0.855572429836192,-61.39158714185815
30.205323841302814,-32.795571279836864,1.0000000000000004,0.1499757180655541,-0.8554153680509389,-61.34102612499661
30.21538177735826,-32.80095153193528,1.0000000000000004,0.15011290954529244,-0.8552583789459227,-61.2904536483074
30.22544060060836,-32.80633147493153,1.0000000000000004,0.1502499456973858,-0.8551014626950657,-61.23986971002869
30.235500311392578,-32.81171110861199,1.0000000000000004,0.15038682657825042,-0.8549446194722838,-61.189274308398595
30.245560910050383,-32.81709043276299,1.0000000000000004,0.1505235522443602,-0.8547878494514984,-61.13866744165521
30.25562239692127,-32.82246944717081,1.0000000000000007,0.1506601227522717,-0.8546311528066308,-61.0880491080368
30.265684772344724,-32.82784815162169,1.0000000000000004,0.1507965381585974,-0.854474529711589,-61.0374193057814
30.27574803666025,-32.833226545901816,1.0000000000000004,0.15093279852002706,-0.8543179803402943,-60.98677803312718
30.285812190207345,-32.8386046297973,1.0000000000000004,0.15106890389331795,-0.8541615048666609,-60.93612528831231
30.295877233325534,-32.84398240309427,1.0000000000000004,0.15120485433528863,-0.8540051034646003,-60.885461069574944
30.30594316635435,-32.84935986557875,1.0000000000000007,0.1513406499028367,-0.8538487763080251,-60.834785375153174
30.316009989633322,-32.85473701703675,1.0000000000000004,0.151476290652921,-0.8536925235708521,-60.78409820328517
30.326077703501984,-32.86011385725419,1.0000000000000004,0.15161177664256797,-0.853536345426984,-60.73339955220905
30.336146308299902,-32.865490386016994,1.0000000000000004,0.15174710792888302,-0.8533802420503349,-60.68268942016302
30.346215804366622,-32.870866603111004,1.0000000000000004,0.1518822845690302,-0.8532242136148112,-60.63196780538519
30.356286192041704,-32.876242508322,1.0000000000000004,0.1520173066202437,-0.8530682602943171,-60.58123470611366
30.36635747166475,-32.881618101435784,1.0000000000000004,0.1521521741398324,-0.8529123822627644,-60.530490120586634
30.376429643575317,-32.88699338223803,1.0000000000000004,0.15228688718516725,-0.8527565796940548,-60.47973404704224
30.38650270811301,-32.8923683505144,1.0000000000000004,0.1524214458136921,-0.8526008527620874,-60.42896648371858
30.396576665617427,-32.897743006050526,1.0000000000000004,0.15255585008292094,-0.8524452016407729,-60.37818742885388
30.406651516428184,-32.90311734863194,1.0000000000000004,0.15269010005043437,-0.8522896265040041,-60.32739688068619
30.416727260884876,-32.908491378044175,1.0000000000000004,0.1528241957738805,-0.852134127525682,-60.276594837453715
30.42680389932714,-32.91386509407268,1.0000000000000004,0.1529581373109794,-0.8519787048797047,-60.22578129739458
30.43688143209461,-32.9192384965029,1.0000000000000007,0.1530919247195177,-0.8518233587399715,-60.17495625874692
30.446959859526913,-32.9246115851202,1.0000000000000004,0.15322555805735583,-0.8516680892803796,-60.1241197197489
30.45703918196371,-32.9299843597099,1.0000000000000002,0.15335903738241718,-0.8515128966748184,-60.07327167863864
30.46711939974464,-32.93535682005725,1.0000000000000004,0.15349236275269895,-0.8513577810971791,-60.02241213365427
30.477200513209375,-32.9407289659475,1.0000000000000004,0.15362553422626402,-0.851202742721358,-59.97154108303402
30.487282522697587,-32.94610079716582,1.0000000000000004,0.15375855186125253,-0.8510477817212392,-59.92065852501594
30.497365428548942,-32.95147231349734,1.0000000000000004,0.15389141571585796,-0.8508928982707156,-59.869764457838194
30.50744923110314,-32.956843514727154,1.0000000000000007,0.1540241258483599,-0.8507380925436712,-59.81885887973895
30.517533930699866,-32.96221440064028,1.0000000000000004,0.15415668231709834,-0.8505833647139909,-59.767941788956314
30.527619527678812,-32.9675849710217,1.0000000000000004,0.15428908518048523,-0.8504287149555614,-59.71701318372846
30.537706022379695,-32.97295522565637,1.0000000000000004,0.1544213344970009,-0.8502741434422605,-59.66607306229352
30.547793415142234,-32.97832516432915,1.0000000000000004,0.1545534303252003,-0.8501196503479704,-59.61512142288966
30.557881706306134,-32.9836947868249,1.0000000000000004,0.1546853727236952,-0.8499652358465708,-59.564158263755
30.56797089621114,-32.98906409292841,1.0000000000000004,0.15481716175118,-0.8498109001119376,-59.51318358312766
30.578060985196977,-32.99443308242441,1.0000000000000004,0.15494879746641121,-0.8496566433179451,-59.462197379245815
30.588151973603395,-32.99980175509761,1.0000000000000004,0.1550802799282165,-0.8495024656384702,-59.41119965034762
30.598243861770143,-33.00517011073264,1.0000000000000004,0.15521160919549715,-0.84934836724738,-59.36019039467118
30.60833665003698,-33.01053814911412,1.0000000000000004,0.15534278532721935,-0.8491943483185498,-59.30916961045467
30.618430338743675,-33.01590587002658,1.0000000000000004,0.15547380838242297,-0.8490404090258465,-59.25813729593623
30.628524928229986,-33.02127327325452,1.0000000000000004,0.15560467842021009,-0.848886549543133,-59.207093449354
30.63862041883571,-33.02664035858241,1.0000000000000004,0.1557353954997609,-0.848732770044279,-59.15603806894609
30.648716810900616,-33.032007125794635,1.0000000000000004,0.15586595968032224,-0.8485790707031491,-59.104971152950704
30.658814104764495,-33.03737357467556,1.0000000000000007,0.15599637102120845,-0.848425451693597,-59.05389269960593
30.66891230076717,-33.04273970500951,1.0000000000000007,0.15612662958180668,-0.848271913189488,-59.002802707149954
30.679011399248417,-33.0481055165807,1.0000000000000007,0.15625673542157603,-0.848118455364677,-58.95170117382091
30.68911140054807,-33.05347100917338,1.0000000000000004,0.1563866886000378,-0.847965078393023,-58.9005880978569
30.699212305005943,-33.05883618257168,1.0000000000000004,0.15651648917679228,-0.8478117824483737,-58.849463477496094
30.70931411296186,-33.06420103655973,1.0000000000000004,0.1566461372115011,-0.8476585677045811,-58.798327310976674
30.71941682475565,-33.069565570921604,1.0000000000000007,0.15677563276390316,-0.8475054343355044,-58.74717959653673
30.729520440727153,-33.07492978544129,1.0000000000000004,0.1569049758938057,-0.8473523825149787,-58.696020332414435
30.739624961216215,-33.08029367990278,1.0000000000000004,0.15703416666108172,-0.8471994124168614,-58.644849516847906
30.7497303865627,-33.08565725408997,1.0000000000000004,0.15716320512567794,-0.8470465242149805,-58.59366714807529
30.75983671710645,-33.091020507786745,1.0000000000000004,0.15729209134761568,-0.8468937180831926,-58.5424732243348
30.76994395318734,-33.09638344077693,1.0000000000000004,0.15742082538697577,-0.8467409941953274,-58.49126774386446
30.780052095145226,-33.10174605284427,1.0000000000000004,0.1575494073039172,-0.8465883527252274,-58.44005070490251
30.790161143320006,-33.10710834377252,1.0000000000000004,0.15767783715866646,-0.8464357938467257,-58.38882210568704
30.800271098051553,-33.11247031334534,1.0000000000000004,0.15780611501152197,-0.8462833177336506,-58.337581944456204
30.810381959679752,-33.117831961346354,1.0000000000000004,0.1579342409228488,-0.8461309245598416,-58.28633021944818
30.8204937285445,-33.12319328755913,1.0000000000000004,0.15806221495308836,-0.8459786144991179,-58.23506692890108
30.8306064049857,-33.128554291767216,1.0000000000000004,0.15819003716274604,-0.845826387725312,-58.183792071053034
30.84071998934327,-33.13391497375409,1.0000000000000004,0.1583177076124027,-0.8456742444122431,-58.13250564414221
30.850834481957108,-33.13927533330316,1.0000000000000007,0.15844522636270586,-0.8455221847337393,-58.081207646406746
30.86094988316715,-33.14463537019783,1.0000000000000004,0.15857259347437758,-0.8453702088636126,-58.029898076084784
30.871066193313304,-33.14999508422143,1.0000000000000004,0.1586998090082048,-0.845218316975684,-57.97857693141446
30.881183412735506,-33.15535447515723,1.0000000000000004,0.15882687302504905,-0.8450665092437637,-57.92724421063391
30.89130154177371,-33.16071354278848,1.0000000000000004,0.15895378558584472,-0.844914785841671,-57.87589991198129
30.901420580767827,-33.16607228689835,1.0000000000000004,0.1590805467515901,-0.8447631469432073,-57.82454403369477
30.911540530057835,-33.171430707269984,1.0000000000000004,0.15920715658335904,-0.8446115927221829,-57.77317657401247
30.92166138998367,-33.17678880368648,1.0000000000000007,0.15933361514229816,-0.8444601233524072,-57.721797531172534
30.931783160885303,-33.18214657593088,1.0000000000000004,0.1594599224896136,-0.844308739007678,-57.67040690341305
30.941905843102685,-33.18750402378614,1.0000000000000004,0.15958607868659413,-0.8441574398617906,-57.619004688972275
30.952029436975806,-33.192861147035245,1.0000000000000004,0.15971208379459867,-0.8440062260885526,-57.56759088608825
30.962153942844626,-33.198217945461046,1.0000000000000004,0.1598379378750483,-0.8438550978617485,-57.51616549299918
30.97227936104913,-33.20357441884642,1.0000000000000007,0.1599636409894405,-0.8437040553551789,-57.464728507943164
30.98240569192931,-33.208930566974146,1.0000000000000004,0.16008919319934645,-0.8435530987426256,-57.4132799291584
30.99253293582515,-33.214286389626956,1.0000000000000004,0.1602145945664013,-0.8434022281978786,-57.36181975488299
31.00266109307665,-33.219641886587574,1.0000000000000004,0.16033984515231658,-0.8432514438947232,-57.31034798335506
31.012790164023826,-33.22499705763863,1.0000000000000004,0.16046494501887665,-0.8431007460069404,-57.258864612812815
31.02292014900667,-33.230351902562724,1.0000000000000004,0.1605898942279289,-0.8429501347083077,-57.20736964149433
31.033051048365174,-33.23570642114239,1.0000000000000007,0.16071469284138917,-0.8427996101726007,-57.155863067637796
31.04318286243941,-33.24106061316015,1.0000000000000004,0.16083934092126473,-0.8426491725735934,-57.104344889481354
31.053315591569362,-33.24641447839844,1.0000000000000007,0.16096383852961527,-0.8424988220850569,-57.052815105263136
31.063449236095067,-33.25176801663967,1.0000000000000004,0.1610881857285742,-0.842348558880758,-57.00127371322126
31.07358379635655,-33.25712122766619,1.0000000000000004,0.16121238258034865,-0.8421983831344635,-56.949720711593905
31.08371927269387,-33.26247411126029,1.0000000000000004,0.16133642914722301,-0.8420482950199322,-56.898156098619204
31.093855665447045,-33.26782666720424,1.0000000000000004,0.1614603254915421,-0.8418982947109255,-56.846579872535294
31.103992974956135,-33.27317889528023,1.0000000000000004,0.16158407167572886,-0.8417483823812013,-56.79499203158034
31.114131201561182,-33.27853079527041,1.0000000000000004,0.1617076677622693,-0.8415985582045069,-56.74339257399245
31.12427034560226,-33.28388236695692,1.0000000000000004,0.16183111381373383,-0.8414488223545966,-56.691781498009775
31.13441040741941,-33.28923361012178,1.0000000000000004,0.16195440989275678,-0.8412991750052203,-56.64015880187049
31.144551387352717,-33.29458452454699,1.0000000000000007,0.16207755606204266,-0.8411496163301138,-56.58852448381273
31.154693285742233,-33.29993511001453,1.0000000000000004,0.1622005523843697,-0.8410001465030295,-56.5368785420746
31.16483610292805,-33.305285366306315,1.0000000000000004,0.16232339892258718,-0.8408507656976978,-56.485220974894276
31.174979839250224,-33.310635293204186,1.0000000000000004,0.16244609573961455,-0.8407014740878571,-56.43355178050991
31.185124495048864,-33.31598489048995,1.0000000000000004,0.16256864289844764,-0.8405522718472396,-56.3818709571596
31.19527007066404,-33.32133415794538,1.0000000000000004,0.16269104046214355,-0.8404031591495746,-56.33017850308154
31.20541656643585,-33.32668309535218,1.0000000000000007,0.1628132884938429,-0.8402541361685856,-56.278474416513845
31.215563982704396,-33.332031702492,1.0000000000000002,0.1629353870567547,-0.8401052030779974,-56.2267586956947
31.22571231980977,-33.337379979146476,1.0000000000000004,0.16305733621415097,-0.839956360051529,-56.17503133886214
31.235861578092077,-33.34272792509714,1.0000000000000004,0.16317913602938727,-0.8398076072628964,-56.123292344254416
31.24601175789143,-33.348075540125514,1.0000000000000004,0.1633007865658831,-0.8396589448858114,-56.071541710109656
31.256162859547942,-33.35342282401307,1.0000000000000007,0.16342228788713342,-0.8395103730939883,-56.019779434665956
31.26631488340171,-33.35876977654122,1.0000000000000004,0.16354364005670252,-0.8393618920611274,-55.96800551616151
31.27646782979289,-33.36411639749132,1.0000000000000004,0.16366484313822927,-0.8392135019609395,-55.91621995283443
31.28662169906158,-33.36946268664469,1.0000000000000004,0.1637858971954227,-0.8390652029671166,-55.86442274292285
31.296776491547906,-33.37480864378258,1.0000000000000004,0.16390680229206378,-0.838916995253359,-55.81261388466497
31.30693220759203,-33.380154268686226,1.0000000000000004,0.16402755849200723,-0.8387688789933607,-55.76079337629887
31.317088847534052,-33.38549956113679,1.0000000000000004,0.16414816585917436,-0.8386208543608138,-55.70896121606272
31.32724641171414,-33.390844520915365,1.0000000000000007,0.16426862445756552,-0.838472921529398,-55.65711740219466
31.337404900472407,-33.396189147803035,1.0000000000000004,0.16438893435124857,-0.8383250806728002,-55.60526193293284
31.347564314149036,-33.40153344158082,1.0000000000000002,0.16450909560436688,-0.8381773319647001,-55.5533948065154
31.35772465308414,-33.40687740202968,1.0000000000000004,0.16462910828112776,-0.8380296755787713,-55.50151602118047
31.367885917617897,-33.41222102893052,1.0000000000000004,0.16474897244582376,-0.8378821116886881,-55.4496255751662
31.378048108090457,-33.41756432206422,1.0000000000000007,0.1648686881628052,-0.8377346404681205,-55.39772346671076
31.38821122484197,-33.42290728121161,1.0000000000000004,0.16498825549650675,-0.8375872620907288,-55.345809694052235
