galstreams/tracks/track.Cocytos.grillmair2009.ecsv
# %ECSV 0.9
# ---
# datatype:
# - {name: sc.ra, unit: deg, datatype: float64}
# - {name: sc.dec, unit: deg, datatype: float64}
# - {name: sc.distance, unit: kpc, datatype: float64}
# - {name: width, datatype: float64}
# meta: !!omap
# - __serialized_columns__:
#     sc:
#       __class__: astropy.coordinates.sky_coordinate.SkyCoord
#       dec: !astropy.table.SerializedColumn
#         __class__: astropy.coordinates.angles.Latitude
#         unit: &id001 !astropy.units.Unit {unit: deg}
#         value: !astropy.table.SerializedColumn {name: sc.dec}
#       distance: !astropy.table.SerializedColumn
#         __class__: astropy.coordinates.distances.Distance
#         unit: !astropy.units.Unit {unit: kpc}
#         value: !astropy.table.SerializedColumn {name: sc.distance}
#       frame: icrs
#       ra: !astropy.table.SerializedColumn
#         __class__: astropy.coordinates.angles.Longitude
#         unit: *id001
#         value: !astropy.table.SerializedColumn {name: sc.ra}
#         wrap_angle: !astropy.coordinates.Angle
#           unit: *id001
#           value: 360.0
#       representation_type: spherical
# schema: astropy-2.0
sc.ra sc.dec sc.distance width
186.009102208101 -2.9963996905858155 11.0 0.7
186.0184121564043 -2.9927171085203144 11.0 0.7
186.02772204214017 -2.9890344475830037 11.0 0.7
186.03703186538476 -2.9853517078716427 11.0 0.7
186.0463416262143 -2.9816688894839882 11.0 0.7
186.0556513247051 -2.9779859925178034 11.0 0.7
186.06496096093326 -2.9743030170708433 11.0 0.7
186.07427053497514 -2.970619963240869 11.0 0.7
186.0835800469069 -2.966936831125637 11.0 0.7
186.0928894968048 -2.963253620822905 11.0 0.7
186.10219888474504 -2.959570332430431 11.0 0.7
186.11150821080395 -2.9558869660459695 11.0 0.7
186.12081747505772 -2.9522035217672777 11.0 0.7
186.1301266775827 -2.9485199996921048 11.0 0.7
186.139435818455 -2.944836399918222 11.0 0.7
186.14874489775107 -2.9411527225433627 11.0 0.7
186.15805391554701 -2.9374689676652954 11.0 0.7
186.16736287191924 -2.933785135381773 11.0 0.7
186.17667176694394 -2.9301012257905343 11.0 0.7
186.18598060069746 -2.9264172389893455 11.0 0.7
186.19528937325606 -2.922733175075954 11.0 0.7
186.20459808469607 -2.9190490341481117 11.0 0.7
186.21390673509373 -2.9153648163035717 11.0 0.7
186.2232153245254 -2.9116805216400716 11.0 0.7
186.23252385306736 -2.9079961502553764 11.0 0.7
186.2418323207959 -2.9043117022472273 11.0 0.7
186.2511407277874 -2.900627177713376 11.0 0.7
186.26044907411813 -2.8969425767515675 11.0 0.7
186.26975735986443 -2.893257899459552 11.0 0.7
186.27906558510264 -2.8895731459350755 11.0 0.7
186.2883737499091 -2.8858883162758797 11.0 0.7
186.29768185436015 -2.8822034105797254 11.0 0.7
186.3069898985321 -2.8785184289443433 11.0 0.7
186.31629788250132 -2.8748333714674845 11.0 0.7
186.32560580634419 -2.8711482382468914 11.0 0.7
186.334913670137 -2.8674630293803047 11.0 0.7
186.3442214739562 -2.863777744965482 11.0 0.7
186.35352921787808 -2.860092385100153 11.0 0.7
186.36283690197905 -2.8564069498820577 11.0 0.7
186.37214452633546 -2.852721439408954 11.0 0.7
186.3814520910237 -2.8490358537785645 11.0 0.7
186.39075959612015 -2.845350193088645 11.0 0.7
186.40006704170122 -2.84166445743693 11.0 0.7
186.4093744278433 -2.8379786469211585 11.0 0.7
186.41868175462272 -2.834292761639072 11.0 0.7
186.42798902211595 -2.83060680168841 11.0 0.7
186.4372962303994 -2.8269207671669077 11.0 0.7
186.44660337954943 -2.8232346581723067 11.0 0.7
186.4559104696425 -2.8195484748023425 11.0 0.7
186.465217500755 -2.8158622171547534 11.0 0.7
186.47452447296334 -2.8121758853272736 11.0 0.7
186.48383138634398 -2.8084894794176423 11.0 0.7
186.49313824097334 -2.804802999523586 11.0 0.7
186.50244503692784 -2.801116445742858 11.0 0.7
186.51175177428394 -2.7974298181731765 11.0 0.7
186.52105845311806 -2.793743116912276 11.0 0.7
186.53036507350666 -2.7900563420579036 11.0 0.7
186.53967163552622 -2.7863694937077743 11.0 0.7
186.54897813925314 -2.7826825719596386 11.0 0.7
186.55828458476392 -2.778995576911216 11.0 0.7
186.567590972135 -2.775308508660236 11.0 0.7
186.5768973014429 -2.7716213673044447 11.0 0.7
186.58620357276402 -2.767934152941554 11.0 0.7
186.5955097861749 -2.7642468656693064 11.0 0.7
186.60481594175195 -2.7605595055854337 11.0 0.7
186.61412203957175 -2.75687207278765 11.0 0.7
186.62342807971075 -2.7531845673736988 11.0 0.7
186.6327340622454 -2.749496989441302 11.0 0.7
186.64203998725222 -2.7458093390881873 11.0 0.7
186.65134585480777 -2.742121616412077 11.0 0.7
186.66065166498848 -2.738433821510714 11.0 0.7
186.6699574178709 -2.734745954481807 11.0 0.7
186.67926311353156 -2.7310580154230895 11.0 0.7
186.68856875204693 -2.727370004432284 11.0 0.7
186.69787433349362 -2.7236819216071124 11.0 0.7
186.70717985794803 -2.7199937670453114 11.0 0.7
186.71648532548681 -2.716305540844592 11.0 0.7
186.7257907361864 -2.712617243102677 11.0 0.7
186.73509609012342 -2.708928873917303 11.0 0.7
186.74440138737435 -2.7052404333861726 11.0 0.7
186.75370662801583 -2.701551921607023 11.0 0.7
186.7630118121243 -2.6978633386775757 11.0 0.7
186.77231693977637 -2.694174684695536 11.0 0.7
186.78162201104863 -2.6904859597586435 11.0 0.7
186.79092702601758 -2.686797163964599 11.0 0.7
186.80023198475985 -2.6831082974111378 11.0 0.7
186.80953688735195 -2.6794193601959764 11.0 0.7
186.81884173387053 -2.67573035241682 11.0 0.7
186.8281465243921 -2.672041274171401 11.0 0.7
186.8374512589933 -2.6683521255574303 11.0 0.7
186.84675593775071 -2.6646629066726284 11.0 0.7
186.8560605607409 -2.660973617614703 11.0 0.7
186.86536512804048 -2.657284258481387 11.0 0.7
186.87466963972602 -2.6535948293703817 11.0 0.7
186.8839740958742 -2.6499053303794007 11.0 0.7
186.89327849656155 -2.6462157616061734 11.0 0.7
186.9025828418647 -2.6425261231483956 11.0 0.7
186.9118871318603 -2.638836415103798 11.0 0.7
186.92119136662498 -2.6351466375700823 11.0 0.7
186.93049554623536 -2.6314567906449593 11.0 0.7
186.93979967076797 -2.6277668744261558 11.0 0.7
186.94910374029962 -2.624076889011365 11.0 0.7
186.9584077549068 -2.620386834498311 11.0 0.7
186.9677117146662 -2.616696710984706 11.0 0.7
186.97701561965445 -2.6130065185682456 11.0 0.7
186.98631946994826 -2.6093162573466553 11.0 0.7
186.99562326562423 -2.6056259274176368 11.0 0.7
187.00492700675903 -2.6019355288789017 11.0 0.7
187.0142306934293 -2.598245061828161 11.0 0.7
187.02353432571175 -2.594554526363111 11.0 0.7
187.03283790368303 -2.590863922581471 11.0 0.7
187.04214142741978 -2.5871732505809453 11.0 0.7
187.05144489699873 -2.5834825104592385 11.0 0.7
187.06074831249654 -2.579791702314054 11.0 0.7
187.07005167398987 -2.57610082624311 11.0 0.7
187.07935498155544 -2.5724098823440986 11.0 0.7
187.08865823526992 -2.568718870714724 11.0 0.7
187.09796143521 -2.5650277914527053 11.0 0.7
187.10726458145248 -2.561336644655726 11.0 0.7
187.1165676740739 -2.557645430421505 11.0 0.7
187.12587071315107 -2.5539541488477453 11.0 0.7
187.13517369876075 -2.550262800032133 11.0 0.7
187.14447663097954 -2.546571384072392 11.0 0.7
187.1537795098842 -2.5428799010662027 11.0 0.7
187.16308233555148 -2.539188351111281 11.0 0.7
187.1723851080581 -2.535496734305328 11.0 0.7
187.18168782748077 -2.5318050507460295 11.0 0.7
187.19099049389627 -2.5281133005310985 11.0 0.7
187.20029310738127 -2.5244214837582297 11.0 0.7
187.20959566801258 -2.520729600525122 11.0 0.7
187.2188981758669 -2.5170376509294696 11.0 0.7
187.228200631021 -2.5133456350689842 11.0 0.7
187.23750303355166 -2.509653553041349 11.0 0.7
187.2468053835356 -2.5059614049442662 11.0 0.7
187.25610768104957 -2.5022691908754306 11.0 0.7
187.2654099261704 -2.4985769109325346 11.0 0.7
187.2747121189748 -2.494884565213289 11.0 0.7
187.2840142595396 -2.491192153815373 11.0 0.7
187.29331634794153 -2.487499676836483 11.0 0.7
187.30261838425733 -2.483807134374325 11.0 0.7
187.3119203685639 -2.4801145265265756 11.0 0.7
187.32122230093796 -2.476421853390943 11.0 0.7
187.33052418145627 -2.472729115065119 11.0 0.7
187.3398260101957 -2.4690363116467817 11.0 0.7
187.34912778723302 -2.4653434432336367 11.0 0.7
187.35842951264502 -2.461650509923373 11.0 0.7
187.3677311865085 -2.4579575118136794 11.0 0.7
187.37703280890034 -2.4542644490022534 11.0 0.7
187.38633437989725 -2.4505713215867693 11.0 0.7
187.39563589957615 -2.446878129664931 11.0 0.7
187.40493736801378 -2.4431848733344252 11.0 0.7
187.414238785287 -2.439491552692939 11.0 0.7
187.42354015147268 -2.435798167838156 11.0 0.7
187.4328414666476 -2.4321047188677785 11.0 0.7
187.4421427308886 -2.428411205879481 11.0 0.7
187.45144394427257 -2.4247176289709493 11.0 0.7
187.46074510687626 -2.4210239882398854 11.0 0.7
187.47004621877664 -2.417330283783955 11.0 0.7
187.47934728005043 -2.413636515700865 11.0 0.7
187.4886482907746 -2.4099426840882847 11.0 0.7
187.49794925102597 -2.4062487890439006 11.0 0.7
187.50725016088137 -2.4025548306654088 11.0 0.7
187.5165510204177 -2.3988608090504773 11.0 0.7
187.52585182971183 -2.395166724296803 11.0 0.7
187.53515258884062 -2.3914725765020677 11.0 0.7
187.54445329788098 -2.3877783657639418 11.0 0.7
187.5537539569097 -2.384084092180121 11.0 0.7
187.5630545660038 -2.3803897558482823 11.0 0.7
187.57235512524008 -2.376695356866108 11.0 0.7
187.58165563469544 -2.3730008953312733 11.0 0.7
187.5909560944468 -2.3693063713414735 11.0 0.7
187.60025650457106 -2.3656117849943734 11.0 0.7
187.60955686514507 -2.361917136387659 11.0 0.7
187.6188571762458 -2.35822242561901 11.0 0.7
187.62815743795016 -2.354527652786098 11.0 0.7
187.637457650335 -2.350832817986618 11.0 0.7
187.6467578134773 -2.347137921318233 11.0 0.7
187.65605792745396 -2.34344296287862 11.0 0.7
187.66535799234185 -2.339747942765472 11.0 0.7
187.67465800821802 -2.3360528610764444 11.0 0.7
187.68395797515927 -2.33235771790923 11.0 0.7
187.69325789324262 -2.328662513361502 11.0 0.7
187.702557762545 -2.3249672475309247 11.0 0.7
187.71185758314334 -2.32127192051519 11.0 0.7
187.72115735511457 -2.3175765324119544 11.0 0.7
187.73045707853566 -2.3138810833189063 11.0 0.7
187.73975675348353 -2.3101855733337184 11.0 0.7
187.74905638003517 -2.3064900025540505 11.0 0.7
187.75835595826754 -2.3027943710775904 11.0 0.7
187.7676554882576 -2.2990986790020047 11.0 0.7
187.7769549700823 -2.2954029264249662 11.0 0.7
187.78625440381862 -2.291707113444141 11.0 0.7
187.7955537895435 -2.2880112401572164 11.0 0.7
187.80485312733396 -2.284315306661846 11.0 0.7
187.814152417267 -2.2806193130557024 11.0 0.7
187.82345165941953 -2.2769232594364692 11.0 0.7
187.83275085386862 -2.2732271459017976 11.0 0.7
187.84205000069122 -2.269530972549374 11.0 0.7
187.8513490999643 -2.2658347394768557 11.0 0.7
187.8606481517649 -2.2621384467819077 11.0 0.7
187.86994715617 -2.258442094562214 11.0 0.7
187.87924611325664 -2.2547456829154235 11.0 0.7
187.88854502310176 -2.2510492119392156 11.0 0.7
187.8978438857824 -2.2473526817312597 11.0 0.7
187.90714270137562 -2.2436560923892044 11.0 0.7
187.9164414699584 -2.2399594440107324 11.0 0.7
187.92574019160776 -2.236262736693504 11.0 0.7
187.93503886640067 -2.232565970535183 11.0 0.7
187.94433749441427 -2.2288691456334404 11.0 0.7
187.95363607572557 -2.2251722620859242 11.0 0.7
187.96293461041154 -2.2214753199903146 11.0 0.7
187.97223309854922 -2.2177783194442684 11.0 0.7
187.9815315402157 -2.2140812605454485 11.0 0.7
187.99082993548802 -2.2103841433915195 11.0 0.7
188.00012828444324 -2.206686968080142 11.0 0.7
188.00942658715837 -2.2029897347089777 11.0 0.7
188.0187248437105 -2.1992924433756835 11.0 0.7
188.02802305417666 -2.1955950941779343 11.0 0.7
188.03732121863393 -2.1918976872133724 11.0 0.7
188.04661933715934 -2.188200222579671 11.0 0.7
188.05591740983004 -2.1845027003744915 11.0 0.7
188.065215436723 -2.180805120695477 11.0 0.7
188.07451341791537 -2.177107483640306 11.0 0.7
188.08381135348424 -2.1734097893066195 11.0 0.7
188.09310924350663 -2.169712037792088 11.0 0.7
188.10240708805964 -2.1660142291943707 11.0 0.7
188.11170488722038 -2.1623163636111093 11.0 0.7
188.12100264106593 -2.158618441139976 11.0 0.7
188.1303003496734 -2.154920461878622 11.0 0.7
188.13959801311987 -2.1512224259247037 11.0 0.7
188.14889563148245 -2.147524333375877 11.0 0.7
188.15819320483823 -2.1438261843297974 11.0 0.7
188.16749073326434 -2.1401279788841183 11.0 0.7
188.17678821683788 -2.1364297171364965 11.0 0.7
188.18608565563594 -2.1327313991845847 11.0 0.7
188.19538304973568 -2.1290330251260374 11.0 0.7
188.20468039921423 -2.125334595058507 11.0 0.7
188.21397770414868 -2.121636109079647 11.0 0.7
188.22327496461614 -2.1179375672871057 11.0 0.7
188.23257218069378 -2.1142389697785497 11.0 0.7
188.24186935245874 -2.110540316651611 11.0 0.7
188.25116647998811 -2.1068416080039554 11.0 0.7
188.26046356335905 -2.1031428439332345 11.0 0.7
188.26976060264874 -2.099444024537083 11.0 0.7
188.27905759793427 -2.0957451499131676 11.0 0.7
188.28835454929282 -2.0920462201591326 11.0 0.7
188.2976514568016 -2.088347235372627 11.0 0.7
188.30694832053763 -2.084648195651305 11.0 0.7
188.3162451405782 -2.080949101092801 11.0 0.7
188.32554191700038 -2.0772499517947787 11.0 0.7
188.33483864988136 -2.07355074785488 11.0 0.7
188.34413533929833 -2.069851489370751 11.0 0.7
188.35343198532848 -2.0661521764400415 11.0 0.7
188.36272858804895 -2.0624528091603986 11.0 0.7
188.37202514753693 -2.058753387629466 11.0 0.7
188.38132166386958 -2.0550539119448867 11.0 0.7
188.3906181371241 -2.051354382204321 11.0 0.7
188.3999145673777 -2.0476547985053983 11.0 0.7
188.40921095470753 -2.04395516094577 11.0 0.7
188.41850729919082 -2.0402554696230792 11.0 0.7
188.42780360090475 -2.0365557246349666 11.0 0.7
188.4370998599265 -2.032855926079089 11.0 0.7
188.44639607633331 -2.029156074053076 11.0 0.7
188.4556922502024 -2.0254561686545713 11.0 0.7
188.4649883816109 -2.021756209981231 11.0 0.7
188.4742844706361 -2.0180561981306777 11.0 0.7
188.48358051735516 -2.014356133200569 11.0 0.7
188.49287652184535 -2.0106560152885407 11.0 0.7
188.50217248418383 -2.0069558444922335 11.0 0.7
188.5114684044479 -2.0032556209092904 11.0 0.7
188.52076428271468 -1.9995553446373493 11.0 0.7
188.53006011906152 -1.995855015774052 11.0 0.7
188.5393559135656 -1.9921546344170358 11.0 0.7
188.54865166630415 -1.9884542006639427 11.0 0.7
188.55794737735442 -1.9847537146124103 11.0 0.7
188.56724304679364 -1.9810531763600765 11.0 0.7
188.57653867469904 -1.9773525860045815 11.0 0.7
188.58583426114794 -1.9736519436435558 11.0 0.7
188.59512980621747 -1.9699512493746532 11.0 0.7
188.60442530998503 -1.9662505032954953 11.0 0.7
188.61372077252778 -1.9625497055037193 11.0 0.7
188.62301619392298 -1.9588488560969763 11.0 0.7
188.63231157424798 -1.9551479551728819 11.0 0.7
188.64160691357992 -1.9514470028290922 11.0 0.7
188.65090221199614 -1.9477459991632262 11.0 0.7
188.66019746957397 -1.9440449442729213 11.0 0.7
188.66949268639056 -1.9403438382558251 11.0 0.7
188.67878786252328 -1.9366426812095527 11.0 0.7
188.68808299804937 -1.9329414732317518 11.0 0.7
188.69737809304613 -1.9292402144200516 11.0 0.7
188.7066731475908 -1.9255389048720852 11.0 0.7
188.71596816176074 -1.921837544685485 11.0 0.7
188.7252631356332 -1.9181361339578837 11.0 0.7
188.73455806928553 -1.9144346727869135 11.0 0.7
188.74385296279496 -1.910733161270201 11.0 0.7
188.75314781623882 -1.9070315995053921 11.0 0.7
188.76244262969442 -1.9033299875901026 11.0 0.7
188.77173740323903 -1.8996283256219688 11.0 0.7
188.78103213695 -1.8959266136986201 11.0 0.7
188.79032683090466 -1.8922248519176825 11.0 0.7
188.79962148518027 -1.8885230403767996 11.0 0.7
188.8089160998542 -1.8848211791735865 11.0 0.7
188.81821067500374 -1.8811192684056703 11.0 0.7
188.8275052107062 -1.8774173081706962 11.0 0.7
188.83679970703895 -1.8737152985662713 11.0 0.7
188.8460941640793 -1.8700132396900395 11.0 0.7
188.85538858190455 -1.8663111316396277 11.0 0.7
188.86468296059212 -1.862608974512647 11.0 0.7
188.87397730021925 -1.8589067684067455 11.0 0.7
188.88327160086337 -1.8552045134195294 11.0 0.7
188.89256586260177 -1.8515022096486387 11.0 0.7
188.9018600855118 -1.8477998571917003 11.0 0.7
188.9111542696708 -1.8440974561463237 11.0 0.7
188.92044841515616 -1.8403950066101493 11.0 0.7
188.9297425220452 -1.836692508680797 11.0 0.7
188.93903659041533 -1.8329899624558907 11.0 0.7
188.94833062034385 -1.8292873680330504 11.0 0.7
188.95762461190813 -1.8255847255099122 11.0 0.7
188.96691856518555 -1.8218820349840865 11.0 0.7
188.97621248025354 -1.8181792965531969 11.0 0.7
188.98550635718937 -1.814476510314879 11.0 0.7
188.99480019607049 -1.8107736763667364 11.0 0.7
189.0040939969742 -1.8070707948064104 11.0 0.7
189.01338775997795 -1.8033678657315075 11.0 0.7
189.0226814851591 -1.7996648892396503 11.0 0.7
189.03197517259503 -1.795961865428473 11.0 0.7
189.04126882236315 -1.7922587943955774 11.0 0.7
189.05056243454084 -1.7885556762385981 11.0 0.7
189.05985600920545 -1.7848525110551545 11.0 0.7
189.06914954643443 -1.781149298942853 11.0 0.7
189.07844304630518 -1.7774460399993264 11.0 0.7
189.0877365088951 -1.773742734322189 11.0 0.7
189.09702993428152 -1.770039382009059 11.0 0.7
189.10632332254193 -1.76633598315756 11.0 0.7
189.11561667375375 -1.7626325378652954 11.0 0.7
189.1249099879943 -1.7589290462298968 11.0 0.7
189.13420326534109 -1.7552255083489776 11.0 0.7
189.14349650587152 -1.7515219243201534 11.0 0.7
