galstreams/tracks/track.st.New-15.ibata2024.ecsv
# %ECSV 1.0
# ---
# datatype:
# - {name: ra, unit: deg, datatype: float64}
# - {name: dec, unit: deg, datatype: float64}
# - {name: distance, unit: kpc, datatype: float64}
# - {name: pm_ra_cosdec, unit: mas / yr, datatype: float64}
# - {name: pm_dec, unit: mas / yr, datatype: float64}
# - {name: radial_velocity, unit: km / s, datatype: float64}
# delimiter: ','
# meta: !!omap
# - __serialized_columns__:
#     dec:
#       __class__: astropy.coordinates.angles.Latitude
#       unit: &id001 !astropy.units.Unit {unit: deg}
#       value: !astropy.table.SerializedColumn {name: dec}
#     distance:
#       __class__: astropy.coordinates.distances.Distance
#       unit: !astropy.units.Unit {unit: kpc}
#       value: !astropy.table.SerializedColumn {name: distance}
#     pm_dec:
#       __class__: astropy.units.quantity.Quantity
#       unit: !astropy.units.Unit {unit: mas / yr}
#       value: !astropy.table.SerializedColumn {name: pm_dec}
#     pm_ra_cosdec:
#       __class__: astropy.units.quantity.Quantity
#       unit: !astropy.units.Unit {unit: mas / yr}
#       value: !astropy.table.SerializedColumn {name: pm_ra_cosdec}
#     ra:
#       __class__: astropy.coordinates.angles.Longitude
#       unit: *id001
#       value: !astropy.table.SerializedColumn {name: ra}
#       wrap_angle: !astropy.coordinates.Angle
#         unit: *id001
#         value: 360.0
#     radial_velocity:
#       __class__: astropy.units.quantity.Quantity
#       unit: !astropy.units.Unit {unit: km / s}
#       value: !astropy.table.SerializedColumn {name: radial_velocity}
# schema: astropy-2.0
ra,dec,distance,pm_ra_cosdec,pm_dec,radial_velocity
[from data line 427]
171.66140703790444,10.392300397962636,0.9999999999999997,4.408692988274098,-3.008218899223438,189.9628098815722
171.6720940052311,10.392722869589328,0.9999999999999998,4.407656390382093,-3.008185599031176,189.975098693549
171.6827780657418,10.393158864491447,0.9999999999999997,4.406619632919934,-3.008156062586882,189.98732529160543
171.69345922570312,10.393608360201679,0.9999999999999997,4.405582715778969,-3.008130282494287,189.99948979926288
171.7041374913785,10.39407133425203,0.9999999999999998,4.40454563885176,-3.0081082513569193,190.01159234004302
171.7148128690277,10.394547764173751,0.9999999999999998,4.403508402032212,-3.0080899617780483,190.0236330374673
171.72548536490717,10.395037627497386,0.9999999999999997,4.402471005215412,-3.0080754063607236,190.03561201505727
171.73615498526976,10.395540901752707,0.9999999999999998,4.401433448297724,-3.008064577707759,190.0475293963345
171.7468217363651,10.3960575644688,0.9999999999999997,4.400395731176745,-3.0080574684217405,190.05938530482044
171.75748562443923,10.396587593174006,0.9999999999999998,4.399357853751336,-3.0080540711050245,190.07117986403662
171.76814665573482,10.397130965395954,0.9999999999999997,4.398319815921619,-3.008054378359742,190.08291319750464
171.77880483649108,10.39768765866151,0.9999999999999996,4.397281617588906,-3.0080583827877945,190.094585428746
171.78946017294382,10.398257650496847,0.9999999999999998,4.396243258655801,-3.008066076990864,190.10619668128214
171.80011267132542,10.3988409184274,0.9999999999999999,4.395204739026123,-3.0080774535704045,190.1177470786346
171.81076233786487,10.399437439977891,0.9999999999999999,4.394166058604975,-3.008092505127653,190.129236744325
171.82140917878766,10.40004719267228,0.9999999999999998,4.393127217298625,-3.0081112242636223,190.1406658018749
171.83205320031593,10.400670154033843,0.9999999999999999,4.392088215014635,-3.0081336035791075,190.1520343748056
171.84269440866842,10.401306301585114,0.9999999999999999,4.391049051661799,-3.008159635674688,190.1633425866388
171.8533328100605,10.401955612847907,0.9999999999999998,4.390009727150101,-3.0081893131507105,190.1745905608959
171.86396841070393,10.402618065343292,0.9999999999999998,4.388970241390818,-3.0082226286073332,190.1857784210986
171.87460121680735,10.403293636591641,0.9999999999999998,4.387930594296396,-3.0082595746444794,190.19690629076834
171.88523123457574,10.403982304112596,0.9999999999999998,4.3868907857805715,-3.0083001438618613,190.20797429342653
171.89585847021092,10.404684045425077,0.9999999999999999,4.385850815758289,-3.008344328858989,190.21898255259487
171.90648292991108,10.40539883804726,0.9999999999999999,4.384810684145675,-3.008392122235148,190.22993119179483
171.91710461987117,10.406126659496628,0.9999999999999999,4.383770390860162,-3.0084435165894305,190.24082033454783
171.92772354628278,10.406867487289942,0.9999999999999998,4.382729935820326,-3.0084985045207064,190.2516501043755
171.93833971533394,10.407621298943202,0.9999999999999998,4.381689318946019,-3.00855707862764,190.2624206247994
171.94895313320941,10.408388071971727,0.9999999999999999,4.380648540158305,-3.008619231508706,190.27313201934092
171.95956380609059,10.409167783890108,0.9999999999999998,4.379607599379459,-3.0086849557621473,190.28378441152168
171.97017174015548,10.409960412212216,0.9999999999999999,4.378566496532979,-3.0087542439860266,190.2943779248632
171.98077694157863,10.410765934451177,0.9999999999999999,4.377525231543558,-3.0088270887781965,190.30491268288702
171.99137941653126,10.411584328119426,0.9999999999999999,4.376483804337164,-3.008903482736301,190.31538880911455
172.00197917118126,10.412415570728667,0.9999999999999997,4.375442214840911,-3.008983418457799,190.3258064270674
172.01257621169316,10.413259639789901,0.9999999999999999,4.3744004629831785,-3.0090668885399365,190.33616566026706
172.02317054422798,10.414116512813369,0.9999999999999998,4.373358548693512,-3.0091538855797673,190.34646663223518
172.0337621749435,10.414986167308632,0.9999999999999998,4.372316471902709,-3.009244402174155,190.3567094664931
172.04435110999407,10.415868580784528,1.0,4.371274232542765,-3.009338430919761,190.3668942865625
172.05493735553085,10.416763730749171,1.0,4.370231830546869,-3.0094359644130524,190.37702121596476
172.06552091770132,10.417671594709944,0.9999999999999999,4.3691892658494265,-3.009536995250312,190.3870903782215
172.0761018026499,10.418592150173534,0.9999999999999997,4.3681465383860445,-3.0096415160276218,190.39710189685422
172.08668001651753,10.4195253746459,1.0,4.367103648093535,-3.0097495193408683,190.4070558953845
172.09725556544186,10.420471245632305,0.9999999999999999,4.3660605949099125,-3.00986099778577,190.41695249733365
172.10782845555698,10.421429740637253,0.9999999999999998,4.36501737877442,-3.009975943957836,190.4267918262234
172.11839869299396,10.422400837164568,0.9999999999999999,4.363973999627438,-3.010094350452399,190.43657400557538
172.12896628388026,10.42338451271735,1.0,4.362930457410628,-3.0102162098646,190.44629915891085
172.1395312343402,10.424380744797997,0.9999999999999999,4.361886752066766,-3.0103415147894097,190.4559674097514
172.1500935504946,10.425389510908149,0.9999999999999999,4.36084288353987,-3.0104702578215914,190.46557888161868
172.16065323846095,10.426410788548777,1.0,4.359798851775152,-3.0106024315557436,190.47513369803406
172.1712103043535,10.42744455522012,0.9999999999999999,4.358754656719023,-3.0107380285862835,190.48463198251915
172.18176475428322,10.428490788421716,0.9999999999999998,4.357710298319047,-3.01087704150744,190.49407385859544
172.19231659435746,10.429549465652354,0.9999999999999999,4.356665776524043,-3.011019462913265,190.50345944978454
172.20286583068057,10.430620564410145,0.9999999999999999,4.355621091283964,-3.011165285397639,190.5127888796079
172.21341246935336,10.431704062192477,1.0,4.354576242549967,-3.0113145015542573,190.52206227158698
172.22395651647352,10.432799936496039,0.9999999999999998,4.353531230274395,-3.011467103976652,190.53127974924337
172.23449797813512,10.433908164816767,0.9999999999999999,4.3524860544108215,-3.011623085258159,190.5404414360987
172.24503686042914,10.435028724649923,0.9999999999999999,4.351440714913936,-3.011782437991963,190.54954745567426
172.25557316944318,10.43616159349005,1.0,4.35039521173966,-3.011945154771066,190.55859793149182
172.26610691126163,10.437306748830986,0.9999999999999999,4.349349544845056,-3.0121112281882993,190.5675929870727
172.27663809196528,10.438464168165824,0.9999999999999998,4.348303714188426,-3.0122806508363293,190.5765327459385
172.28716671763192,10.439633828986983,0.9999999999999999,4.347257719729189,-3.012453415307646,190.58541733161078
172.29769279433586,10.440815708786156,0.9999999999999998,4.346211561427991,-3.0126295141945745,190.59424686761105
172.30821632814818,10.442009785054344,0.9999999999999999,4.345165239246643,-3.012808940089278,190.60302147746089
172.3187373251365,10.443216035281804,0.9999999999999998,4.3441187531481225,-3.012991685583744,190.6117412846816
172.3292557913654,10.444434436958106,0.9999999999999999,4.343072103096581,-3.0131777432698064,190.620406412795
172.33977173289594,10.44566496757212,0.9999999999999998,4.342025289057347,-3.0133671057391282,190.62901698532247
172.350285155786,10.446907604611996,0.9999999999999999,4.340978310996942,-3.0135597655832127,190.6375731257854
172.36079606609005,10.448162325565159,0.9999999999999998,4.33993116888305,-3.013755715393403,190.64607495770557
172.37130446985938,10.449429107918348,0.9999999999999999,4.3388838626845,-3.0139549477608734,190.65452260460438
172.38181037314195,10.4507079291576,0.9999999999999999,4.337836392371305,-3.014157455276661,190.6629161900033
172.39231378198247,10.451998766768227,0.9999999999999999,4.336788757914676,-3.01436323053161,190.67125583742398
172.40281470242218,10.453301598234832,1.0,4.335740959286959,-3.0145722661164456,190.6795416703878
172.41331314049927,10.454616401041323,0.9999999999999998,4.33469299646166,-3.0147845546217065,190.68777381241642
172.42380910224853,10.455943152670896,0.9999999999999999,4.333644869413476,-3.0150000886377937,190.6959523870313
172.43430259370152,10.457281830606059,0.9999999999999999,4.332596578118254,-3.015218860754951,190.70407751775397
172.44479362088637,10.45863241232857,0.9999999999999997,4.331548122553017,-3.0154408635632644,190.7121493281059
172.45528218982807,10.459994875319516,0.9999999999999998,4.330499502695941,-3.015666089652669,190.72016794160876
172.46576830654845,10.461369197059291,0.9999999999999998,4.329450718526328,-3.01589453161296,190.72813348178389
172.47625197706574,10.462755355027532,0.9999999999999999,4.328401770024697,-3.016126182033764,190.73604607215293
172.48673320739513,10.46415332670322,0.9999999999999998,4.327352657172698,-3.016361033504575,190.74390583623745
172.4972120035485,10.465563089564617,0.9999999999999997,4.326303379953151,-3.0165990786147345,190.75171289755875
172.50768837153453,10.466984621089278,0.9999999999999999,4.325253938350002,-3.016840309953431,190.75946737963866
172.51816231735845,10.468417898754046,0.9999999999999998,4.324204332348373,-3.017084720109719,190.7671694059984
172.52863384702232,10.469862900035066,0.9999999999999998,4.32315456193455,-3.0173323016724973,190.7748191001597
172.539102966525,10.471319602407792,0.9999999999999998,4.322104627095943,-3.01758304723053,190.7824165856441
172.54956968186207,10.472787983346969,0.9999999999999999,4.3210545278211585,-3.0178369493724304,190.78996198597298
172.5600339990257,10.47426802032662,0.9999999999999999,4.320004264099921,-3.018094000686677,190.79745542466796
172.57049592400497,10.475759690820087,0.9999999999999998,4.318953835923091,-3.0183541937616045,190.80489702525048
172.58095546278568,10.477262972300004,0.9999999999999999,4.317903243282705,-3.0186175211854076,190.8122869112422
172.59141262135037,10.478777842238316,0.9999999999999999,4.316852486171945,-3.0188839755461467,190.81962520616452
172.60186740567823,10.48030427810623,0.9999999999999999,4.3158015645851275,-3.0191535494317447,190.82691203353906
172.6123198217453,10.481842257374284,0.9999999999999998,4.314750478517726,-3.0194262354299717,190.8341475168872
172.62276987552434,10.483391757512303,1.0,4.31369922796635,-3.0197020261284804,190.8413317797306
172.633217572985,10.484952755989434,0.9999999999999999,4.312647812928744,-3.0199809141147957,190.84846494559082
172.64366292009336,10.486525230274072,0.9999999999999999,4.311596233403827,-3.020262891976283,190.85554713798928
172.6541059228125,10.488109157833957,0.9999999999999999,4.31054448939164,-3.020547952300193,190.86257848044735
172.66454658710234,10.489704516136117,0.9999999999999998,4.309492580893328,-3.0208360876736418,190.86955909648688
172.6749849189194,10.491311282646883,0.9999999999999998,4.308440507911236,-3.021127290683612,190.87648910962932
172.68542092421686,10.492929434831863,1.0,4.307388270448822,-3.0214215539169595,190.88336864339598
172.6958546089449,10.494558950156001,1.0,4.306335868510682,-3.0217188699604165,190.8901978213086
172.70628597905036,10.49619980608352,0.9999999999999998,4.30528330210253,-3.022019231400571,190.89697676688857
172.71671504047694,10.497851980077963,0.9999999999999999,4.304230571231234,-3.022322630823899,190.90370560365756
172.72714179916485,10.49951544960214,0.9999999999999998,4.303177675904819,-3.0226290608167465,190.91038445513692
172.7375662610514,10.501190192118193,0.9999999999999997,4.302124616132378,-3.0229385139653315,190.9170134448483
172.74798843207043,10.502876185087562,0.9999999999999998,4.301071391924207,-3.0232509828557514,190.92359269631316
172.75840831815273,10.504573405970993,1.0,4.300018003291682,-3.023566460073983,190.93012233305305
172.76882592522568,10.506281832228506,0.9999999999999999,4.298964450247342,-3.0238849382058746,190.93660247858946
172.77924125921356,10.508001441319456,1.0,4.297910732804844,-3.0242064098371557,190.94303325644398
172.78965432603746,10.509732210702497,0.9999999999999998,4.296856850978969,-3.024530867553442,190.9494147901381
172.80006513161524,10.511474117835578,0.9999999999999998,4.295802804785619,-3.0248583039402206,190.9557472031933
172.8104736818614,10.51322714017594,0.9999999999999999,4.294748594241832,-3.02518871158286,190.9620306191312
172.82087998268733,10.514991255180156,1.0,4.293694219365783,-3.0255220830666225,190.96826516147325
172.83128404000126,10.516766440304087,0.9999999999999998,4.292639680176743,-3.0258584109766433,190.97445095374096
172.8416858597082,10.518552673002906,0.9999999999999999,4.291584976695142,-3.0261976878979517,190.98058811945592
172.8520854477098,10.520349930731072,0.9999999999999998,4.2905301089425,-3.0265399064154472,190.9866767821396
172.86248280990463,10.522158190942369,0.9999999999999999,4.289475076941465,-3.026885059113928,190.99271706531363
172.87287795218805,10.523977431089879,0.9999999999999999,4.288419880715823,-3.0272331385780795,190.99870909249938
172.88327088045224,10.52580762862601,0.9999999999999999,4.287364520290465,-3.0275841373924726,191.00465298721838
172.89366160058603,10.527648761002427,1.0,4.286308995691407,-3.027938048141558,191.0105488729923
172.9040501184752,10.529500805670143,1.0,4.285253306945763,-3.0282948634096947,191.0163968733426
172.91443644000228,10.531363740079478,0.9999999999999998,4.28419745408182,-3.028654575781119,191.0221971117907
172.92482057104655,10.533237541680023,0.9999999999999998,4.283141437128901,-3.029017177839961,191.0279497118582
172.93520251748416,10.535122187920711,0.9999999999999999,4.282085256117502,-3.029382662170242,191.03365479706673
172.94558228518804,10.537017656249771,0.9999999999999998,4.281028911079217,-3.029751021355885,191.03931249093765
172.95595988002802,10.538923924114751,0.9999999999999999,4.279972402046737,-3.0301222479807084,191.04492291699262
172.96633530787048,10.540840968962469,0.9999999999999998,4.2789157290538995,-3.0304963346284035,191.05048619875302
172.97670857457885,10.542768768239087,0.9999999999999999,4.277858892135641,-3.030873273882589,191.05600245974045
172.98707968601332,10.544707299390069,0.9999999999999999,4.27680189132797,-3.0312530583267536,191.06147182347638
172.99744864803088,10.546656539860189,0.9999999999999997,4.275744726668059,-3.031635680544306,191.06689441348246
173.00781546648523,10.548616467093503,0.9999999999999998,4.274687398194161,-3.0320211331185396,191.0722703532801
173.01818014722699,10.55058705853341,0.9999999999999999,4.2736299059456595,-3.032409408632648,191.07759976639085
173.02854269610364,10.552568291622602,1.0,4.272572249962995,-3.0328004996697313,191.08288277633636
173.03890311895944,10.554560143803096,0.9999999999999998,4.271514430287751,-3.0331943988127863,191.08811950663792
173.04926142163532,10.556562592516185,0.9999999999999999,4.270456446962646,-3.0335910986447203,191.09331008081722
173.05961760996925,10.5585756152025,0.9999999999999999,4.269398300031421,-3.0339905917483314,191.0984546223957
173.0699716897959,10.560599189301978,0.9999999999999998,4.268339989539009,-3.034392870706328,191.10355325489488
173.0803236669468,10.56263329225387,0.9999999999999999,4.267281515531381,-3.0347979281013213,191.10860610183641
173.09067354725028,10.564677901496719,1.0,4.266222878055654,-3.035205756515836,191.11361328674164
173.1010213365315,10.566732994468396,0.9999999999999999,4.2651640771599935,-3.0356163485322964,191.11857493313227
173.1113670406125,10.568798548606074,0.9999999999999998,4.264105112893721,-3.0360296967330243,191.12349116452975
173.1217106653121,10.57087454134626,0.9999999999999999,4.26304598530724,-3.036445793700273,191.1283621044555
173.13205221644589,10.572960950124731,0.9999999999999998,4.261986694452011,-3.036864632016182,191.13318787643112
173.14239169982645,10.575057752376601,0.9999999999999999,4.260927240380652,-3.0372862042628155,191.13796860397824
173.152729121263,10.577164925536309,0.9999999999999999,4.259867623146856,-3.0377105030221427,191.14270441061825
