galstreams/tracks/track.ep.Willka_Yaku.shipp2018.ecsv
# %ECSV 0.9
# ---
# datatype:
# - {name: ra, unit: deg, datatype: float64}
# - {name: dec, unit: deg, datatype: float64}
# - {name: distance, unit: kpc, datatype: float64}
# - {name: pm_ra_cosdec, unit: mas / yr, datatype: float64}
# - {name: pm_dec, unit: mas / yr, datatype: float64}
# - {name: radial_velocity, unit: km / s, datatype: float64}
# delimiter: ','
# meta: !!omap
# - __serialized_columns__:
#     dec:
#       __class__: astropy.coordinates.angles.Latitude
#       unit: &id001 !astropy.units.Unit {unit: deg}
#       value: !astropy.table.SerializedColumn {name: dec}
#     distance:
#       __class__: astropy.coordinates.distances.Distance
#       unit: !astropy.units.Unit {unit: kpc}
#       value: !astropy.table.SerializedColumn {name: distance}
#     pm_dec:
#       __class__: astropy.units.quantity.Quantity
#       unit: !astropy.units.Unit {unit: mas / yr}
#       value: !astropy.table.SerializedColumn {name: pm_dec}
#     pm_ra_cosdec:
#       __class__: astropy.units.quantity.Quantity
#       unit: !astropy.units.Unit {unit: mas / yr}
#       value: !astropy.table.SerializedColumn {name: pm_ra_cosdec}
#     ra:
#       __class__: astropy.coordinates.angles.Longitude
#       unit: *id001
#       value: !astropy.table.SerializedColumn {name: ra}
#       wrap_angle: !astropy.coordinates.Angle
#         unit: *id001
#         value: 360.0
#     radial_velocity:
#       __class__: astropy.units.quantity.Quantity
#       unit: !astropy.units.Unit {unit: km / s}
#       value: !astropy.table.SerializedColumn {name: radial_velocity}
# schema: astropy-2.0
ra,dec,distance,pm_ra_cosdec,pm_dec,radial_velocity
36.10000040198876,-64.60000003325194,34.699999999999996,1.1,0.3,0.0
36.11416858937126,-64.56844947006493,34.7,1.1,0.3,0.0
36.128303999246576,-64.53689755128178,34.699999999999996,1.1,0.3,0.0
36.142406752372736,-64.50534428195465,34.699999999999996,1.1,0.3,0.0
36.15647696892531,-64.47378966711098,34.7,1.1,0.3,0.0
36.17051476850084,-64.44223371175357,34.699999999999996,1.1,0.3,0.0
36.184520270120224,-64.41067642086094,34.7,1.1,0.3,0.0
36.198493592232325,-64.37911779938713,34.7,1.1,0.3,0.0
36.21243485271718,-64.34755785226214,34.7,1.1,0.3,0.0
36.22634416888946,-64.31599658439197,34.699999999999996,1.1,0.3,0.0
36.240221657501806,-64.28443400065872,34.7,1.1,0.3,0.0
36.25406743474814,-64.25287010592082,34.7,1.1,0.3,0.0
36.267881616266976,-64.22130490501313,34.699999999999996,1.1,0.3,0.0
36.28166431714472,-64.18973840274705,34.7,1.1,0.3,0.0
36.29541565191886,-64.15817060391079,34.7,1.1,0.3,0.0
36.30913573458129,-64.12660151326932,34.699999999999996,1.1,0.3,0.0
36.32282467858145,-64.09503113556464,34.7,1.1,0.3,0.0
36.33648259682955,-64.06345947551588,34.699999999999996,1.1,0.3,0.0
36.3501096016997,-64.03188653781947,34.699999999999996,1.1,0.3,0.0
36.363705805033106,-64.0003123271492,34.7,1.1,0.3,0.0
36.37727131814116,-63.96873684815641,34.699999999999996,1.1,0.3,0.0
36.39080625180853,-63.93716010547013,34.699999999999996,1.1,0.3,0.0
36.40431071629628,-63.90558210369713,34.7,1.1,0.3,0.0
36.41778482134486,-63.874002847422304,34.7,1.1,0.3,0.0
36.43122867617721,-63.84242234120841,34.699999999999996,1.1,0.3,0.0
36.444642389501766,-63.810840589596495,34.7,1.1,0.3,0.0
36.458026069515405,-63.779257597105925,34.699999999999996,1.1,0.3,0.0
36.47137982390649,-63.74767336823452,34.7,1.1,0.3,0.0
36.48470375985775,-63.71608790745869,34.7,1.1,0.3,0.0
36.497997984049285,-63.68450121923354,34.7,1.1,0.3,0.0
36.51126260266143,-63.652913307993025,34.699999999999996,1.1,0.3,0.0
36.524497721377664,-63.621324178150076,34.699999999999996,1.1,0.3,0.0
36.53770344538747,-63.58973383409668,34.699999999999996,1.1,0.3,0.0
36.55087987938922,-63.55814228020403,34.7,1.1,0.3,0.0
36.564027127593,-63.52654952082267,34.7,1.1,0.3,0.0
36.57714529372338,-63.49495556028261,34.699999999999996,1.1,0.3,0.0
36.5902344810223,-63.463360402893365,34.699999999999996,1.1,0.3,0.0
36.60329479225173,-63.431764052944224,34.699999999999996,1.1,0.3,0.0
36.61632632969653,-63.400166514704225,34.699999999999996,1.1,0.3,0.0
36.62932919516715,-63.36856779242236,34.699999999999996,1.1,0.3,0.0
36.64230349000237,-63.33696789032759,34.699999999999996,1.1,0.3,0.0
36.6552493150719,-63.305366812629245,34.699999999999996,1.1,0.3,0.0
36.66816677077923,-63.2737645635167,34.699999999999996,1.1,0.3,0.0
36.68105595706419,-63.24216114715984,34.7,1.1,0.3,0.0
36.693916973405585,-63.210556567709034,34.7,1.1,0.3,0.0
36.70674991882392,-63.17895082929523,34.7,1.1,0.3,0.0
36.71955489188389,-63.147343936030175,34.699999999999996,1.1,0.3,0.0
36.732331990697055,-63.11573589200639,34.7,1.1,0.3,0.0
36.745081312924434,-63.08412670129741,34.7,1.1,0.3,0.0
36.75780295577896,-63.05251636795777,34.699999999999996,1.1,0.3,0.0
36.77049701602814,-63.02090489602323,34.699999999999996,1.1,0.3,0.0
36.783163589996505,-62.98929228951081,34.7,1.1,0.3,0.0
36.795802773568134,-62.9576785524189,34.7,1.1,0.3,0.0
36.80841466218918,-62.92606368872741,34.699999999999996,1.1,0.3,0.0
36.820999350870295,-62.89444770239785,34.7,1.1,0.3,0.0
36.83355693418911,-62.862830597373424,34.7,1.1,0.3,0.0
36.846087506292704,-62.83121237757915,34.699999999999996,1.1,0.3,0.0
36.85859116089999,-62.7995930469219,34.7,1.1,0.3,0.0
36.87106799130408,-62.767972609290766,34.699999999999996,1.1,0.3,0.0
36.883518090374814,-62.73635106855674,34.7,1.1,0.3,0.0
36.89594155056101,-62.704728428573155,34.7,1.1,0.3,0.0
36.90833846389291,-62.6731046931756,34.7,1.1,0.3,0.0
36.92070892198445,-62.64147986618215,34.699999999999996,1.1,0.3,0.0
36.93305301603565,-62.60985395139338,34.7,1.1,0.3,0.0
36.94537083683489,-62.57822695259248,34.70000000000001,1.1,0.3,0.0
36.95766247476124,-62.5465988735454,34.7,1.1,0.3,0.0
36.96992801978673,-62.51496971800085,34.7,1.1,0.3,0.0
36.98216756147861,-62.48333948969053,34.699999999999996,1.1,0.3,0.0
36.99438118900162,-62.4517081923291,34.699999999999996,1.1,0.3,0.0
37.006568991120204,-62.420075829614355,34.699999999999996,1.1,0.3,0.0
37.01873105620079,-62.38844240522731,34.7,1.1,0.3,0.0
37.030867472213906,-62.35680792283225,34.7,1.1,0.3,0.0
37.04297832673648,-62.325172386076865,34.699999999999996,1.1,0.3,0.0
37.05506370695395,-62.29353579859236,34.7,1.1,0.3,0.0
37.06712369966245,-62.26189816399348,34.7,1.1,0.3,0.0
37.079158391270994,-62.23025948587861,34.699999999999996,1.1,0.3,0.0
37.091167867803506,-62.19861976783008,34.7,1.1,0.3,0.0
37.1031522149011,-62.1669790134139,34.7,1.1,0.3,0.0
37.11511151782408,-62.135337226180056,34.7,1.1,0.3,0.0
37.12704586145408,-62.10369440966261,34.7,1.1,0.3,0.0
37.13895533029612,-62.07205056737972,34.7,1.1,0.3,0.0
37.15084000848069,-62.04040570283378,34.7,1.1,0.3,0.0
37.16269997976584,-62.00875981951147,34.7,1.1,0.3,0.0
37.174535327539125,-61.97711292088386,34.7,1.1,0.3,0.0
37.18634613481976,-61.945465010406515,34.7,1.1,0.3,0.0
37.198132484260526,-61.913816091519536,34.699999999999996,1.1,0.3,0.0
37.20989445814985,-61.882166167647696,34.7,1.1,0.3,0.0
37.22163213841374,-61.85051524220048,34.699999999999996,1.1,0.3,0.0
37.23334560661781,-61.81886331857221,34.7,1.1,0.3,0.0
37.2450349439692,-61.787210400142094,34.7,1.1,0.3,0.0
37.25670023131856,-61.75555649027434,34.7,1.1,0.3,0.0
37.26834154916198,-61.72390159231821,34.7,1.1,0.3,0.0
37.27995897764289,-61.69224570960811,34.699999999999996,1.1,0.3,0.0
37.29155259655403,-61.660588845463664,34.7,1.1,0.3,0.0
37.30312248533926,-61.628931003189926,34.699999999999996,1.1,0.3,0.0
37.314668723095565,-61.597272186077205,34.7,1.1,0.3,0.0
37.32619138857487,-61.56561239740133,34.7,1.1,0.3,0.0
37.33769056018588,-61.53395164042368,34.699999999999996,1.1,0.3,0.0
37.349166315995966,-61.502289918391305,34.699999999999996,1.1,0.3,0.0
37.36061873373303,-61.470627234536906,34.7,1.1,0.3,0.0
37.37204789078729,-61.43896359207901,34.7,1.1,0.3,0.0
37.383453864213116,-61.40729899422202,34.7,1.1,0.3,0.0
37.39483673073084,-61.37563344415625,34.699999999999996,1.1,0.3,0.0
37.406196566728525,-61.34396694505807,34.7,1.1,0.3,0.0
37.417533448263804,-61.31229950008992,34.699999999999996,1.1,0.3,0.0
37.428847451065614,-61.28063111240044,34.7,1.1,0.3,0.0
37.44013865053593,-61.248961785124486,34.7,1.1,0.3,0.0
37.45140712175155,-61.217291521383274,34.7,1.1,0.3,0.0
37.46265293946587,-61.18562032428437,34.699999999999996,1.1,0.3,0.0
37.47387617811052,-61.15394819692187,34.699999999999996,1.1,0.3,0.0
37.48507691179715,-61.122275142376374,34.7,1.1,0.3,0.0
37.496255214319135,-61.090601163715085,34.7,1.1,0.3,0.0
37.507411159153214,-61.058926263991935,34.699999999999996,1.1,0.3,0.0
37.51854481946123,-61.0272504462476,34.7,1.1,0.3,0.0
37.52965626809178,-60.99557371350958,34.699999999999996,1.1,0.3,0.0
37.54074557758188,-60.963896068792266,34.7,1.1,0.3,0.0
37.551812820158624,-60.932217515097065,34.7,1.1,0.3,0.0
37.56285806774082,-60.900538055412405,34.7,1.1,0.3,0.0
37.57388139194062,-60.86885769271381,34.699999999999996,1.1,0.3,0.0
37.584882864065136,-60.837176429963996,34.7,1.1,0.3,0.0
37.59586255511808,-60.80549427011296,34.7,1.1,0.3,0.0
37.606820535801326,-60.773811216097954,34.699999999999996,1.1,0.3,0.0
37.61775687651652,-60.742127270843696,34.699999999999996,1.1,0.3,0.0
37.62867164736668,-60.71044243726228,34.7,1.1,0.3,0.0
37.63956491815772,-60.67875671825339,34.7,1.1,0.3,0.0
37.650436758400055,-60.64707011670423,34.699999999999996,1.1,0.3,0.0
37.661287237310155,-60.615382635489716,34.7,1.1,0.3,0.0
37.67211642381202,-60.58369427747245,34.699999999999996,1.1,0.3,0.0
37.682924386538815,-60.552005045502845,34.7,1.1,0.3,0.0
37.693711193834304,-60.52031494241913,34.7,1.1,0.3,0.0
37.70447691375443,-60.48862397104746,34.7,1.1,0.3,0.0
37.715221614068746,-60.45693213420196,34.7,1.1,0.3,0.0
37.725945362262,-60.42523943468484,34.699999999999996,1.1,0.3,0.0
37.736648225535525,-60.39354587528638,34.7,1.1,0.3,0.0
37.7473302708088,-60.36185145878499,34.7,1.1,0.3,0.0
37.75799156472086,-60.33015618794738,34.699999999999996,1.1,0.3,0.0
37.7686321736318,-60.298460065528516,34.699999999999996,1.1,0.3,0.0
37.77925216362415,-60.266763094271724,34.699999999999996,1.1,0.3,0.0
37.789851600504406,-60.23506527690873,34.7,1.1,0.3,0.0
37.8004305498044,-60.20336661615976,34.7,1.1,0.3,0.0
37.81098907678276,-60.17166711473356,34.7,1.1,0.3,0.0
37.82152724642628,-60.13996677532747,34.699999999999996,1.1,0.3,0.0
37.83204512345136,-60.1082656006275,34.699999999999996,1.1,0.3,0.0
37.842542772305386,-60.07656359330836,34.7,1.1,0.3,0.0
37.85302025716815,-60.04486075603354,34.7,1.1,0.3,0.0
37.86347764195316,-60.01315709145537,34.699999999999996,1.1,0.3,0.0
37.8739149903091,-59.98145260221505,34.699999999999996,1.1,0.3,0.0
37.88433236562113,-59.94974729094277,34.7,1.1,0.3,0.0
37.894729831012214,-59.91804116025767,34.699999999999996,1.1,0.3,0.0
37.9051074493446,-59.886334212768,34.7,1.1,0.3,0.0
37.91546528322099,-59.85462645107111,34.699999999999996,1.1,0.3,0.0
37.92580339498597,-59.822917877753525,34.7,1.1,0.3,0.0
37.93612184672732,-59.791208495391025,34.699999999999996,1.1,0.3,0.0
37.94642070027729,-59.75949830654863,34.7,1.1,0.3,0.0
37.956700017213976,-59.72778731378078,34.7,1.1,0.3,0.0
37.96695985886251,-59.69607551963123,34.699999999999996,1.1,0.3,0.0
37.97720028629648,-59.664362926633245,34.7,1.1,0.3,0.0
37.98742136033909,-59.6326495373096,34.7,1.1,0.3,0.0
37.99762314156451,-59.60093535417259,34.7,1.1,0.3,0.0
38.00780569029912,-59.569220379724165,34.7,1.1,0.3,0.0
38.01796906662278,-59.53750461645593,34.699999999999996,1.1,0.3,0.0
38.028113330370054,-59.50578806684921,34.699999999999996,1.1,0.3,0.0
38.038238541131484,-59.47407073337512,34.7,1.1,0.3,0.0
38.0483447582548,-59.4423526184946,34.7,1.1,0.3,0.0
38.058432040846164,-59.410633724658446,34.699999999999996,1.1,0.3,0.0
38.0685004477714,-59.3789140543074,34.699999999999996,1.1,0.3,0.0
38.07855003765719,-59.34719360987222,34.699999999999996,1.1,0.3,0.0
38.088580868892286,-59.31547239377363,34.7,1.1,0.3,0.0
38.09859299962871,-59.28375040842251,34.699999999999996,1.1,0.3,0.0
38.10858648778295,-59.25202765621983,34.7,1.1,0.3,0.0
38.118561391037154,-59.220304139556774,34.7,1.1,0.3,0.0
38.128517766840275,-59.18857986081475,34.699999999999996,1.1,0.3,0.0
38.13845567240928,-59.15685482236542,34.699999999999996,1.1,0.3,0.0
38.14837516473029,-59.12512902657085,34.7,1.1,0.3,0.0
38.158276300559756,-59.09340247578344,34.7,1.1,0.3,0.0
38.16815913642557,-59.061675172346035,34.7,1.1,0.3,0.0
38.178023728628276,-59.02994711859198,34.699999999999996,1.1,0.3,0.0
38.18787013324215,-58.99821831684511,34.699999999999996,1.1,0.3,0.0
38.19769840611633,-58.96648876941987,34.7,1.1,0.3,0.0
38.20750860287599,-58.9347584786213,34.7,1.1,0.3,0.0
38.21730077892338,-58.90302744674517,34.7,1.1,0.3,0.0
38.22707498943904,-58.87129567607791,34.7,1.1,0.3,0.0
38.23683128938277,-58.839563168896746,34.699999999999996,1.1,0.3,0.0
38.24656973349486,-58.807829927469705,34.699999999999996,1.1,0.3,0.0
38.25629037629709,-58.776095954055656,34.699999999999996,1.1,0.3,0.0
38.265993272093844,-58.74436125090445,34.7,1.1,0.3,0.0
38.27567847497318,-58.712625820256754,34.699999999999996,1.1,0.3,0.0
38.28534603880794,-58.68088966434437,34.699999999999996,1.1,0.3,0.0
38.29499601725675,-58.649152785390065,34.7,1.1,0.3,0.0
38.30462846376512,-58.61741518560769,34.699999999999996,1.1,0.3,0.0
38.314243431566496,-58.58567686720226,34.7,1.1,0.3,0.0
38.323840973683296,-58.55393783236993,34.699999999999996,1.1,0.3,0.0
38.33342114292794,-58.5221980832981,34.7,1.1,0.3,0.0
38.3429839919039,-58.490457622165415,34.7,1.1,0.3,0.0
38.352529573006734,-58.45871645114184,34.699999999999996,1.1,0.3,0.0
38.362057938425096,-58.42697457238866,34.7,1.1,0.3,0.0
38.37156914014175,-58.395231988058605,34.70000000000001,1.1,0.3,0.0
38.38106322993458,-58.36348870029578,34.699999999999996,1.1,0.3,0.0
38.39054025937761,-58.331744711235814,34.7,1.1,0.3,0.0
38.40000027984197,-58.300000023005815,34.699999999999996,1.1,0.3,0.0
