galstreams/tracks/track.st.Ophiuchus.caldwell2020.ecsv
# %ECSV 0.9
# ---
# datatype:
# - {name: ra, unit: deg, datatype: float64}
# - {name: dec, unit: deg, datatype: float64}
# - {name: distance, unit: kpc, datatype: float64}
# - {name: pm_ra_cosdec, unit: mas / yr, datatype: float64}
# - {name: pm_dec, unit: mas / yr, datatype: float64}
# - {name: radial_velocity, unit: km / s, datatype: float64}
# delimiter: ','
# meta: !!omap
# - __serialized_columns__:
#     dec:
#       __class__: astropy.coordinates.angles.Latitude
#       unit: &id001 !astropy.units.Unit {unit: deg}
#       value: !astropy.table.SerializedColumn {name: dec}
#     distance:
#       __class__: astropy.coordinates.distances.Distance
#       unit: !astropy.units.Unit {unit: kpc}
#       value: !astropy.table.SerializedColumn {name: distance}
#     pm_dec:
#       __class__: astropy.units.quantity.Quantity
#       unit: !astropy.units.Unit {unit: mas / yr}
#       value: !astropy.table.SerializedColumn {name: pm_dec}
#     pm_ra_cosdec:
#       __class__: astropy.units.quantity.Quantity
#       unit: !astropy.units.Unit {unit: mas / yr}
#       value: !astropy.table.SerializedColumn {name: pm_ra_cosdec}
#     ra:
#       __class__: astropy.coordinates.angles.Longitude
#       unit: *id001
#       value: !astropy.table.SerializedColumn {name: ra}
#       wrap_angle: !astropy.coordinates.Angle
#         unit: *id001
#         value: 360.0
#     radial_velocity:
#       __class__: astropy.units.quantity.Quantity
#       unit: !astropy.units.Unit {unit: km / s}
#       value: !astropy.table.SerializedColumn {name: radial_velocity}
# schema: astropy-2.0
ra,dec,distance,pm_ra_cosdec,pm_dec,radial_velocity
[from data line 276]
243.80117324615043,-6.855981742169194,8.333333333333336,-7.019938001423892,-4.377795397193706,2.063087946818723e-13
243.8112019236895,-6.856683127434649,8.333333333333336,-7.030118936214649,-4.378226101638472,1.5999457546757442e-13
243.82122946569442,-6.857392768156374,8.333333333333336,-7.040282991878348,-4.378668868957481,2.610437810260425e-13
243.83125586069988,-6.85811075146742,8.333333333333336,-7.050429624274446,-4.379123289294866,2.9051646598059566e-13
243.8412810971751,-6.85883716502906,8.333333333333336,-7.060558289186224,-4.379588949160845,2.315710960714893e-13
243.85130516352783,-6.859572097005182,8.333333333333336,-7.070668442412275,-4.380065431524098,3.073580002403403e-13
243.86132804810785,-6.860315636036596,8.333333333333334,-7.080759539857996,-4.38055231590417,3.1998915093514883e-13
243.87134973921027,-6.8610678712153685,8.333333333333336,-7.090831037627034,-4.38104917846385,2.020984111169361e-13
243.88137022507942,-6.861828892059203,8.333333333333336,-7.100882392112757,-4.3815555921016,3.115683838052765e-13
243.89138949391238,-6.862598788485753,8.333333333333334,-7.110913060089683,-4.382071126543985,2.2315032894161697e-13
243.9014075338624,-6.8633776507869735,8.333333333333336,-7.120922498804917,-4.382595348438097,2.063087946818723e-13
243.91142433304253,-6.864165569603445,8.333333333333334,-7.130910166069574,-4.383127821444016,-8.420767129872338e-15
243.92143987952912,-6.864962635898739,8.333333333333336,-7.140875520350175,-4.3836681063272644,1.5578419190263825e-13
243.93145416136582,-6.865768940933757,8.333333333333336,-7.150818020860052,-4.384215761051295,9.262843842859572e-14
243.94146716656627,-6.866584576241027,8.333333333333336,-7.160737127650728,-4.3847703408699585,1.7262572616238293e-13
243.95147888311854,-6.867409633599103,8.333333333333336,-7.170632301703288,-4.385331398420021,2.9051646598059566e-13
243.96148929898828,-6.868244205006874,8.333333333333334,-7.180503005019739,-4.3858984838136665,1.768361097273191e-13
243.97149840212197,-6.8690883826578775,8.333333333333337,-7.19034870071436,-4.3864711447310105,2.1051917824680845e-13
243.98150618045113,-6.869942258914687,8.333333333333336,-7.200168853105045,-4.387048926512659,4.210383564936169e-15
243.99151262189534,-6.870805926283231,8.333333333333337,-7.20996292780461,-4.387631372252235,5.0524602779234026e-14
244.00151771436586,-6.871679477387094,8.333333333333337,-7.219730391812123,-4.3882180228889425,3.031476166754042e-13
244.01152144576957,-6.872563004941904,8.333333333333336,-7.229470713604197,-4.388808417300149,1.1368035625327657e-13
244.0215238040118,-6.873456601729647,8.333333333333337,-7.239183363226285,-4.389402092393955,3.031476166754042e-13
244.03152477700056,-6.874360360573002,8.333333333333337,-7.248867812383951,-4.389998583201805,2.2315032894161697e-13
244.04152435264942,-6.8752743743096625,8.333333333333337,-7.258523534534141,-4.3905974229710765,2.9051646598059566e-13
244.05152251888168,-6.8761987357667,8.333333333333336,-7.268150004976436,-4.391198143257721,8.841805486365955e-14
244.06151926363333,-6.877133537734886,8.333333333333336,-7.277746700944289,-4.391800274018877,1.347322740779574e-13
244.07151457485682,-6.878078872942998,8.333333333333337,-7.287313101696263,-4.392403343705532,1.5999457546757442e-13
244.08150844052457,-6.8790348340322085,8.333333333333337,-7.296848688607245,-4.393006879355169,3.073580002403403e-13
244.09150084863265,-6.880001513530372,8.333333333333337,-7.306352945259653,-4.39361040668444,6.315575347404254e-14
244.10149178720366,-6.880979003826364,8.333333333333337,-7.315825357534639,-4.394213450181838,1.6841534259744676e-14
244.11148124429099,-6.881967397144433,8.333333333333337,-7.325265413703253,-4.394815533200405,8.420767129872338e-15
244.12146920798187,-6.882966785518527,8.333333333333337,-7.334672604517629,-4.395416178050426,1.8525687685719145e-13
244.13145566640102,-6.883977260766592,8.333333333333337,-7.344046423302144,-4.396014906092145,4.631421921429786e-14
244.141440607714,-6.884998914464948,8.333333333333337,-7.353386366044563,-4.3966112378285045,7.157652060391487e-14
244.1514240201309,-6.886031837922599,8.333333333333337,-7.362691931487167,-4.397204692997879,2.2315032894161697e-13
244.1614058919098,-6.887076122155562,8.333333333333336,-7.371962621217887,-4.397794790666834,-2.1051917824680846e-14
244.1713862113598,-6.888131857861178,8.333333333333337,-7.38119793976141,-4.398381049322878,2.6525416459097863e-13
244.18136496684534,-6.889199135392487,8.333333333333337,-7.390397394670287,-4.398962986967262,2.5262301389617013e-14
244.19134214678894,-6.890278044732521,8.333333333333337,-7.399560496616005,-4.399540121207751,1.1368035625327657e-13
244.20131773967495,-6.891368675468625,8.333333333333336,-7.408686759480082,-4.400111969351438,8.420767129872338e-14
244.21129173405305,-6.892471116766815,8.333333333333337,-7.41777570044511,-4.400678048497548,1.5578419190263825e-13
244.22126411854174,-6.893585457346098,8.333333333333337,-7.426826840085829,-4.40123787563027,1.642049590325106e-13
244.2312348818316,-6.894711785452761,8.333333333333336,-7.435839702460157,-4.401790967711593,3.368306851948935e-14
244.24120401268888,-6.8958501888347525,8.333333333333336,-7.444813815200213,-4.402336841774157,1.6841534259744677e-13
244.25117149995918,-6.897000754715973,8.333333333333336,-7.453748709603341,-4.402875015014117,-5.4734986344170195e-14
244.26113733257037,-6.8981635697706185,8.333333333333337,-7.462643920723116,-4.403405004884007,1.9788802755199994e-13
244.27110149953657,-6.899338720097477,8.333333333333337,-7.471498987460334,-4.403926329185648,6.315575347404254e-14
244.28106398996127,-6.900526291194286,8.333333333333336,-7.480313452653992,-4.4044385061630145,1.221011233831489e-13
244.29102479304098,-6.901726367932052,8.333333333333337,-7.489086863172254,-4.404941054595172,1.4315304120782974e-13
244.3009838980684,-6.9029390345293375,8.333333333333337,-7.497818770003418,-4.4054334938891895,1.0525958912340423e-13
244.31094129443616,-6.904164374526639,8.333333333333337,-7.506508728346854,-4.405915344173067,1.9367764398706378e-13
244.32089697164017,-6.905402470760667,8.333333333333336,-7.515156297703935,-4.406386126388696,5.4734986344170195e-14
244.33085091928277,-6.906653405338691,8.333333333333337,-7.523761041968961,-4.4068453623847965,1.642049590325106e-13
244.3408031270766,-6.907917259612845,8.333333333333336,-7.532322529520084,-4.407292575009913,9.262843842859572e-14
244.35075358484775,-6.909194114154469,8.333333333333336,-7.540840333310174,-4.407727288205372,-5.0524602779234026e-14
244.36070228253905,-6.910484048728407,8.333333333333337,-7.549314030957728,-4.408149027098289,3.4525145232476587e-13
244.37064921021405,-6.9117871422673485,8.333333333333337,-7.557743204837742,-4.408557318094576,1.9367764398706378e-13
244.38059435805974,-6.913103472846132,8.333333333333337,-7.566127442172567,-4.408951688971951,3.578826030195744e-13
244.39053771639044,-6.914433117656077,8.333333333333337,-7.574466335122759,-4.409331668972969,2.48412630331234e-13
244.40047927565098,-6.915776152979299,8.333333333333337,-7.582759480877927,-4.409696788898068,1.1789073981821273e-13
244.41041902642016,-6.917132654163018,8.333333333333337,-7.591006481747544,-4.410046581198619,1.4736342477276593e-13
244.42035695941416,-6.9185026955938955,8.333333333333336,-7.599206945251776,-4.410380580069992,1.768361097273191e-13
244.43029306549005,-6.919886350672341,8.333333333333337,-7.607360484212272,-4.410698321544628,1.6841534259744677e-13
244.44022733564893,-6.9212836917868295,8.333333333333337,-7.615466716842974,-4.410999343585139,7.578690416885104e-14
244.45015976103957,-6.922694790288217,8.333333333333337,-7.62352526684087,-4.411283186177401,9.262843842859572e-14
244.46009033296158,-6.924119716464072,8.333333333333337,-7.631535763476784,-4.4115493914236605,2.8630608241565947e-13
244.47001904286915,-6.925558539512969,8.333333333333336,-7.63949784168612,-4.411797503635674,9.683882199353189e-14
244.47994588237387,-6.927011327518817,8.333333333333337,-7.647411142159608,-4.4120270694278245,1.9367764398706378e-13
244.48987084324867,-6.928478147425177,8.333333333333336,-7.655275311434036,-4.4122376378102945,3.3683068519489354e-13
244.49979391743088,-6.929959065009574,8.333333333333337,-7.663090001982971,-4.4124287602821965,3.073580002403403e-13
244.50971509702566,-6.931454144857805,8.333333333333337,-7.67085487230746,-4.412599990924771,3.24199534500085e-13
244.5196343743095,-6.9329634503382636,8.333333333333337,-7.678569587026745,-4.412750886494548,1.0525958912340423e-13
244.52955174173323,-6.9344870435762465,8.333333333333336,-7.686233816968923,-4.4128810065165585,3.031476166754042e-13
244.53946719192598,-6.936024985428269,8.333333333333336,-7.693847239261636,-4.4129899133775305,1.6841534259744676e-14
244.5493807176978,-6.937577335456377,8.333333333333337,-7.701409537422725,-4.413077172419104,2.98937233110468e-13
244.55929231204382,-6.939144151902456,8.333333333333337,-7.708920401450885,-4.413142352031084,1.0525958912340423e-13
244.56920196814687,-6.940725491662557,8.333333333333337,-7.716379527916293,-4.413185023744646,-2.947268495455318e-14
244.5791096793812,-6.942321410261189,8.333333333333337,-7.723786620051244,-4.413204762325619,3.536722194546382e-13
244.58901543931603,-6.943931961825635,8.333333333333337,-7.731141387840757,-4.41320114586774,2.1893994537668078e-13
244.59891924171836,-6.945557199060283,8.333333333333336,-7.73844354811318,-4.413173755885924,2.947268495455318e-14
244.60882108055668,-6.947197173220897,8.333333333333336,-7.7456928246307815,-4.413122177409565,7.999728773378721e-14
244.61872095000427,-6.94885193408897,8.333333333333337,-7.752888948180333,-4.413045999075827,4.210383564936169e-14
244.62861884444243,-6.950521529945996,8.333333333333337,-7.760031656663669,-4.4129448132229525,3.3683068519489354e-13
244.63851475846405,-6.952206007547806,8.333333333333337,-7.7671206951882406,-4.412818215983599,1.0946997268834039e-13
244.64840868687648,-6.953905412098861,8.333333333333334,-7.774155816157672,-4.41266580737816,7.999728773378721e-14
244.6583006247053,-6.95561978722656,8.333333333333336,-7.781136779362272,-4.412487191408114,9.262843842859572e-14
244.66819056719748,-6.957349174955565,8.333333333333336,-7.788063352069585,-4.412281976149389,1.347322740779574e-13
244.67807850982473,-6.959093615682084,8.333333333333337,-7.794935309114862,-4.412049773845718,5.4734986344170195e-14
244.68796444828664,-6.960853148148194,8.333333333333337,-7.8017524329915915,-4.411790201002041,1.7262572616238293e-13
244.69784837851432,-6.962627809416143,8.333333333333337,-7.808514513941963,-4.411502878477875,1.7262572616238293e-13
244.70773029667347,-6.964417634842656,8.333333333333336,-7.8152213500473495,-4.41118743158073,1.4315304120782974e-13
244.71761019916767,-6.966222658053232,8.333333333333337,-7.821872747318765,-4.410843490159521,9.683882199353189e-14
244.72748808264183,-6.968042910916468,8.333333333333337,-7.828468519787323,-4.410470688697996,1.7262572616238293e-13
244.73736394398549,-6.96987842351835,8.333333333333336,-7.835008489594672,-4.410068666408172,9.262843842859572e-14
244.74723778033595,-6.971729224136551,8.333333333333337,-7.841492487083411,-4.409637067323786,1.0525958912340423e-13
244.75710958908167,-6.973595339214756,8.333333333333337,-7.847920350887522,-4.409175540393752,2.442022467662978e-13
244.76697936786567,-6.975476793336946,8.333333333333336,-7.854291928022775,-4.408683739575646,1.1789073981821273e-13
244.77684711458863,-6.977373609201705,8.333333333333337,-7.860607073977098,-4.408161323929172,3.789345208442552e-14
244.7867128274122,-6.979285807596537,8.33333333333334,-7.866865652800983,-4.407607957709668,2.1472956181174462e-13
244.79657650476253,-6.9812134073721435,8.333333333333337,-7.8730675371978505,-4.407023310461617,1.8525687685719145e-13
244.80643814533312,-6.983156425416746,8.333333333333337,-7.8792126086143845,-4.406407057112148,2.442022467662978e-13
244.81629774808857,-6.985114876630378,8.33333333333334,-7.885300757330917,-4.405758878064582,1.9367764398706378e-13
244.82615531226745,-6.987088773899186,8.333333333333337,-7.8913318825517305,-4.405078459291969,2.610437810260425e-13
244.83601083738583,-6.989078128069733,8.333333333333337,-7.897305892495399,-4.4043654924306335,2.2315032894161697e-13
244.84586432324045,-6.991082947923292,8.333333333333337,-7.903222704485096,-4.4036196748737435,1.3052189051302125e-13
244.85571576991194,-6.99310324015016,8.333333333333337,-7.90908224503889,-4.402840709864883,1.6841534259744677e-13
244.86556517776825,-6.995139009323936,8.333333333333337,-7.914884449960037,-4.402028306591637,1.347322740779574e-13
244.8754125474677,-6.997190257875845,8.333333333333337,-7.920629264427269,-4.401182180279198,-8.420767129872338e-15
244.88525787996232,-6.999256986069007,8.333333333333337,-7.926316643085036,-4.4003020522839575,3.1998915093514883e-13
244.89510117650133,-7.0013391919727574,8.333333333333337,-7.93194655013378,-4.399387650187143,-2.1051917824680846e-14
244.90494243863378,-7.003436871436942,8.333333333333337,-7.937518959420177,-4.398438707888437,4.210383564936169e-14
244.91478166821258,-7.005550018066209,8.33333333333334,-7.943033854527359,-4.397454965699626,1.8104649329225526e-13
244.92461886739724,-7.007678623194297,8.33333333333334,-7.948491228865141,-4.3964361704382515,-1.2631150694808506e-14
244.93445403865707,-7.009822675858357,8.333333333333337,-7.953891085760237,-4.395382075521279,2.947268495455318e-14
244.94428718477477,-7.011982162773211,8.333333333333337,-7.959233438546438,-4.394292441058765,-4.631421921429786e-14
244.9541183088494,-7.014157068305682,8.33333333333334,-7.964518310654815,-4.393167033947555,-1.6841534259744676e-14
244.96394741429964,-7.01634737444888,8.333333333333337,-7.969745735703894,-4.392005627964974,1.642049590325106e-13
244.97377450486724,-7.018553060796474,8.333333333333337,-7.974915757589809,-4.390808003862544,1.1789073981821273e-13
244.98359958461987,-7.02077410451702,8.33333333333334,-7.9800284305764615,-4.389573949459694,7.999728773378721e-14
244.9934226579546,-7.023010480328237,8.333333333333337,-7.985083819385665,-4.388303259737508,1.8525687685719145e-13
245.00324372960114,-7.02526216047129,8.333333333333337,-7.990081999287264,-4.38699573693245,7.578690416885104e-14
245.0130628046249,-7.02752911468511,8.333333333333337,-7.995023056189262,-4.385651190630132,-4.210383564936169e-14
245.02287988843023,-7.029811310180664,8.333333333333337,-7.999907086727926,-4.384269437859075,1.642049590325106e-13
245.0326949867639,-7.032108711615254,8.33333333333334,-8.004734198357877,-4.382850303184487,1.9788802755199994e-13
245.0425081057179,-7.0344212810668125,8.333333333333337,-8.009504509442186,-4.381393618802055,1.0946997268834039e-13
245.0523192517329,-7.036748978008192,8.333333333333337,-8.014218149342428,-4.379899224631735,-5.0524602779234026e-14
245.06212843160137,-7.039091759281446,8.333333333333341,-8.01887525850877,-4.378366968411563,3.073580002403403e-13
245.0719356524709,-7.041449579072139,8.333333333333337,-8.023475988570002,-4.376796705791496,1.8104649329225526e-13
245.08174092184723,-7.04382238888362,8.333333333333337,-8.028020502423578,-4.375188300427215,1.0946997268834039e-13
245.09154424759745,-7.046210137511318,8.33333333333334,-8.032508974325651,-4.373541624073992,-7.999728773378721e-14
245.10134563795324,-7.048612771017032,8.333333333333337,-8.0369415899811,-4.371856556680533,3.536722194546382e-13
245.11114510151435,-7.051030232703214,8.333333333333337,-8.041318546633496,-4.370132986482859,1.4315304120782974e-13
245.12094264725116,-7.053462463087269,8.333333333333337,-8.045640053155152,-4.368370810098157,1.0946997268834039e-13
245.13073828450834,-7.055909399875828,8.333333333333337,-8.049906330137063,-4.366569932618696,1.8104649329225526e-13
245.14053202300798,-7.058370977939052,8.33333333333334,-8.054117609978892,-4.364730267705713,8.420767129872338e-14
245.15032387285254,-7.060847129284911,8.333333333333337,-8.058274136978945,-4.362851737683326,-7.999728773378721e-14
