galstreams/tracks/track.st.Orphan-Chenab.shipp2019.ecsv
# %ECSV 0.9
# ---
# datatype:
# - {name: ra, unit: deg, datatype: float64}
# - {name: dec, unit: deg, datatype: float64}
# - {name: distance, unit: kpc, datatype: float64}
# - {name: pm_ra_cosdec, unit: mas / yr, datatype: float64}
# - {name: pm_dec, unit: mas / yr, datatype: float64}
# - {name: radial_velocity, unit: km / s, datatype: float64}
# delimiter: ','
# meta: !!omap
# - __serialized_columns__:
#     dec:
#       __class__: astropy.coordinates.angles.Latitude
#       unit: &id001 !astropy.units.Unit {unit: deg}
#       value: !astropy.table.SerializedColumn {name: dec}
#     distance:
#       __class__: astropy.coordinates.distances.Distance
#       unit: !astropy.units.Unit {unit: kpc}
#       value: !astropy.table.SerializedColumn {name: distance}
#     pm_dec:
#       __class__: astropy.units.quantity.Quantity
#       unit: !astropy.units.Unit {unit: mas / yr}
#       value: !astropy.table.SerializedColumn {name: pm_dec}
#     pm_ra_cosdec:
#       __class__: astropy.units.quantity.Quantity
#       unit: !astropy.units.Unit {unit: mas / yr}
#       value: !astropy.table.SerializedColumn {name: pm_ra_cosdec}
#     ra:
#       __class__: astropy.coordinates.angles.Longitude
#       unit: *id001
#       value: !astropy.table.SerializedColumn {name: ra}
#       wrap_angle: !astropy.coordinates.Angle
#         unit: *id001
#         value: 360.0
#     radial_velocity:
#       __class__: astropy.units.quantity.Quantity
#       unit: !astropy.units.Unit {unit: km / s}
#       value: !astropy.table.SerializedColumn {name: radial_velocity}
# schema: astropy-2.0
ra,dec,distance,pm_ra_cosdec,pm_dec,radial_velocity
[from data line 410]
324.42549406949496,-55.01774999952963,39.800000000000615,0.26815584448738206,-2.6162933976010256,1.695673035408133e-09
324.4316931183384,-55.00836281335265,39.80000000000061,0.26845192391767125,-2.615751791549367,1.6884311756764428e-09
324.43789512257615,-54.99897690051371,39.8000000000006,0.2687478459194519,-2.615209852697634,1.6811556328762331e-09
324.44410008106007,-54.989592260375744,39.8000000000006,0.2690436102557522,-2.6146675810785602,1.6739474562130624e-09
324.4503079926438,-54.980208892301576,39.800000000000594,0.2693392166897063,-2.614124976724972,1.6669413779610087e-09
324.45651885618304,-54.97082679565376,39.80000000000059,0.26963466498456257,-2.6135820396697884,1.659733201297838e-09
324.4627326705353,-54.96144596979484,39.80000000000058,0.269929954903672,-2.61303876994602,1.6526934399772646e-09
324.46894943456016,-54.952066414087014,39.80000000000058,0.270225086210503,-2.6124951675867685,1.6456536786566912e-09
324.4751691471191,-54.942688127892325,39.800000000000566,0.27052005866862516,-2.611951232625233,1.6385802342675986e-09
324.48139180707557,-54.93331111057276,39.800000000000566,0.27081487204172205,-2.611406965094699,1.6315741560155447e-09
324.4876174132948,-54.92393536149,39.80000000000055,0.2711095260935824,-2.6108623650285487,1.624702810037569e-09
324.49384596464415,-54.91456088000549,39.800000000000544,0.271404020588108,-2.610317432460251,1.6177977809910736e-09
324.5000774599928,-54.90518766548072,39.800000000000544,0.2716983552893051,-2.6097721674233725,1.6108590688760588e-09
324.5063118982117,-54.8958157172768,39.80000000000052,0.2719925299612871,-2.609226569951572,1.6040887721036414e-09
324.5125492781741,-54.886445034754665,39.80000000000052,0.2722865443682836,-2.6086806400785947,1.597251109194185e-09
324.5187895987548,-54.87707561727523,39.800000000000516,0.272580398274623,-2.6081343778382826,1.5905481785588067e-09
324.52503285883057,-54.8677074641991,39.80000000000051,0.27287409144474617,-2.607587783264567,1.5837778817863893e-09
324.5312790572803,-54.858340574886704,39.8000000000005,0.27316762364320213,-2.6070408563914733,1.5770412680824916e-09
324.5375281929845,-54.848974948698284,39.8000000000005,0.2734609946346487,-2.606493597253115,1.5703046543785936e-09
324.5437802648258,-54.839610584994055,39.80000000000049,0.27375420418384744,-2.605946005883703,1.5637027729487738e-09
324.55003527168867,-54.83024748313385,39.80000000000048,0.27404725205567304,-2.605398082317535,1.5570672084504343e-09
324.5562932124593,-54.82088564247741,39.80000000000049,0.27434013801510204,-2.6048498265890014,1.550431643952095e-09
324.562554086026,-54.81152506238438,39.80000000000047,0.2746328618272219,-2.604301238732586,1.544031860933392e-09
324.5688178912788,-54.8021657422141,39.800000000000466,0.27492542325722535,-2.6037523187828624,1.5374636625720916e-09
324.5750846271098,-54.79280768132575,39.80000000000046,0.27521782207041845,-2.6032030667744954,1.5309291472793105e-09
324.58135429241264,-54.78345087907846,39.80000000000045,0.27551005803220263,-2.602653482742243,1.5244619981235686e-09
324.5876268860831,-54.77409533483106,39.80000000000044,0.27580213090809536,-2.6021035667209524,1.518028532036346e-09
324.59390240701896,-54.76474104794223,39.80000000000043,0.2760940404637221,-2.6015533187455615,1.511628749017643e-09
324.60018085411957,-54.755388017770436,39.80000000000043,0.2763857864648106,-2.6010027388511046,1.5052289659989401e-09
324.6064622262861,-54.74603624367413,39.800000000000416,0.27667736867719317,-2.6004518270727,1.4988628660487566e-09
324.61274652242184,-54.736685725011434,39.80000000000042,0.27696878686681337,-2.5999005834455615,1.4926651814411707e-09
324.61903374143196,-54.72733646114027,39.80000000000041,0.277260040799724,-2.599349008004996,1.4863664476280261e-09
324.6253238822231,-54.717988451418606,39.80000000000041,0.2775511302420727,-2.5987971007863955,1.4802024460889597e-09
324.6316169437041,-54.70864169520398,39.80000000000039,0.2778420549601264,-2.598244861825246,1.4738363461387761e-09
324.63791292478555,-54.699296191853875,39.8000000000004,0.27813281472025053,-2.5976922911571254,1.4677060276682291e-09
324.6442118243798,-54.68995194072566,39.80000000000039,0.2784234092889175,-2.597139388817702,1.461575709197682e-09
324.6505136414012,-54.68060894117646,39.800000000000374,0.2787138384327077,-2.596586154842732,1.455512756864174e-09
324.65681837476575,-54.6712671925632,39.80000000000038,0.27900410191830805,-2.596032589268065,1.4494498045306658e-09
324.66312602339144,-54.66192669424264,39.800000000000374,0.2792941995125072,-2.595478692129643,1.4433868521971577e-09
324.66943658619795,-54.65258744557149,39.80000000000036,0.2795841309822038,-2.5949244634634954,1.4373575829321692e-09
324.67575006210694,-54.643249445906164,39.80000000000036,0.27987389609439695,-2.5943699033057435,1.4313619967357e-09
324.68206645004165,-54.6339126946029,39.800000000000345,0.28016349461619683,-2.5938150116925978,1.42543377667627e-09
324.68838574892743,-54.6245771910179,39.80000000000035,0.280452926314815,-2.5932597886603608,1.4195392396853593e-09
324.6947079576912,-54.61524293450705,39.80000000000034,0.2807421909575706,-2.592704234245426,1.4136447026944486e-09
324.7010330752619,-54.6059099244261,39.80000000000033,0.2810312883118884,-2.592148348484275,1.4078512149090966e-09
324.7073611005701,-54.59657816013074,39.80000000000033,0.28132021814529495,-2.5915921314134813,1.4020914101922638e-09
324.7136920325482,-54.58724764097635,39.80000000000032,0.28160898022542213,-2.591035583069709,1.3961631901328336e-09
324.7200258701304,-54.57791836631823,39.80000000000032,0.2818975743200093,-2.590478703489709,1.3905044346215594e-09
324.72636261225296,-54.56859033551141,39.80000000000032,0.2821860001969022,-2.5899214927103285,1.3846772637676878e-09
324.7327022578536,-54.55926354791094,39.8000000000003,0.28247425762404577,-2.5893639507684996,1.379052191324933e-09
324.7390448058718,-54.54993800287153,39.80000000000031,0.28276234636949027,-2.588806077701245,1.3733260696766199e-09
324.74539025524916,-54.54061369974775,39.800000000000296,0.28305026620139884,-2.58824787354568,1.367700997233865e-09
324.7517386049288,-54.53129063789413,39.80000000000029,0.28333801688802596,-2.587689338339007,1.3621432909281494e-09
324.7580898538556,-54.52196881666491,39.80000000000028,0.28362559819773925,-2.5871304721185218,1.356619267690953e-09
324.76444400097654,-54.51264823541413,39.80000000000028,0.2839130098990099,-2.586571274921604,1.3511289275222765e-09
324.7708010452399,-54.50332889349584,39.800000000000274,0.2842002517604083,-2.5860117467857293,1.3455375381480411e-09
324.777160985596,-54.49401079026377,39.800000000000274,0.28448732355061224,-2.5854518877484605,1.3401482471849228e-09
324.7835238209971,-54.484693925071554,39.80000000000027,0.2847742250384052,-2.5848916978474485,1.3346915900847657e-09
324.7898895503969,-54.47537829727256,39.80000000000025,0.28506095599267245,-2.584331177120439,1.3293359821901668e-09
324.7962581727509,-54.46606390622022,39.80000000000026,0.28534751618240184,-2.583770325605257,1.323980374295568e-09
324.80262968701646,-54.45675075126757,39.80000000000026,0.28563390537668354,-2.5832091433398285,1.318624766400969e-09
324.80900409215286,-54.44743883176755,39.800000000000246,0.2859201233447187,-2.582647630362163,1.3132691585063704e-09
324.8153813871207,-54.43812814707305,39.800000000000225,0.2862061698558017,-2.58208578671036,1.307947233680291e-09
324.8217615708827,-54.42881869653669,39.80000000000023,0.28649204467933786,-2.5815236124226093,1.3027937241968092e-09
324.82814464240323,-54.41951047951086,39.800000000000225,0.286777747584834,-2.5809611075371865,1.2976402147133272e-09
324.8345306006482,-54.41020349534801,39.800000000000225,0.2870632783418955,-2.5803982720924625,1.292453022161326e-09
324.84091944458555,-54.40089774340023,39.80000000000022,0.287348636720237,-2.5798351061268923,1.287299512677844e-09
324.84731117318483,-54.39159322301952,39.800000000000225,0.28763382248967495,-2.5792716096790222,1.2821796862628816e-09
324.85370578541733,-54.382289933557665,39.8000000000002,0.2879188354201264,-2.5787077827874887,1.2770598598479193e-09
324.86010328025594,-54.37298787436646,39.8000000000002,0.28820367528160984,-2.578143625491012,1.2720410826385154e-09
324.8665036566755,-54.36368704479736,39.800000000000196,0.28848834184425076,-2.5775791378284083,1.266988622360592e-09
324.8729069136524,-54.354387444201684,39.800000000000196,0.2887728348782751,-2.577014319838577,1.2620708943567466e-09
324.87931305016485,-54.345089071930715,39.800000000000196,0.28905715415401245,-2.5764491715605105,1.2571531663529011e-09
324.8857220651926,-54.335791927335464,39.80000000000018,0.28934129944189035,-2.5758836930332882,1.2521343891434973e-09
324.8921339577175,-54.32649600976678,39.80000000000018,0.28962527051244513,-2.5753178842960756,1.2472840272766907e-09
324.89854872672265,-54.317201318575464,39.800000000000175,0.2899090671363116,-2.5747517453881317,1.2425683976839622e-09
324.90496637119304,-54.307907853112035,39.800000000000175,0.2901926890842249,-2.5741852763488016,1.2375833035430778e-09
324.9113868901156,-54.29861561272694,39.80000000000017,0.29047613612702994,-2.573618477217518,1.2328339908818297e-09
324.91781028247846,-54.28932459677038,39.80000000000017,0.290759408035665,-2.573051348033804,1.2281520443576207e-09
324.9242365472719,-54.280034804592525,39.80000000000015,0.2910425045811713,-2.5724838888372727,1.2234364147648922e-09
324.9306656834877,-54.27074623554331,39.80000000000015,0.2913254255346992,-2.5719160996676202,1.2186871021036443e-09
324.93709769011923,-54.26145888897245,39.80000000000014,0.291608170667493,-2.571347980564635,1.2140051555794353e-09
324.9435325661618,-54.2521727642297,39.80000000000013,0.2918907397509013,-2.570779531568194,1.2093905751922652e-09
324.94997031061223,-54.24288786066449,39.80000000000014,0.2921731325563762,-2.5702107527182587,1.2048096778736147e-09
324.95641092246905,-54.23360417762609,39.800000000000125,0.292455348855468,-2.5696416440548844,1.2001950974864446e-09
324.9628544007324,-54.22432171446379,39.800000000000125,0.29273738841982955,-2.5690722056182103,1.195681566304833e-09
324.9693007444043,-54.21504047052656,39.800000000000125,0.2930192510212144,-2.5685024374484646,1.1913027673972995e-09
324.9757499524881,-54.205760445163236,39.80000000000011,0.29330093643147814,-2.5679323395859663,1.1866208208730905e-09
324.9822020239893,-54.19648163772252,39.80000000000011,0.2935824444225833,-2.5673619120711155,1.1823093881025957e-09
324.9886569579146,-54.187204047553074,39.80000000000011,0.2938637747665791,-2.566791154944408,1.1778295399895038e-09
324.99511475327256,-54.17792767400325,39.80000000000011,0.29414492723562824,-2.5662200682464222,1.173585473356048e-09
325.00157540907344,-54.168652516421226,39.800000000000104,0.2944259016019908,-2.5656486520178285,1.1691393083114754e-09
325.0080389243291,-54.159378574155284,39.800000000000104,0.29470669763802526,-2.56507690629938,1.1648952416780197e-09
325.01450529805305,-54.15010584655327,39.8000000000001,0.294987315116194,-2.564504831131923,1.1606174919760446e-09
325.02097452926046,-54.14083433296296,39.80000000000009,0.2952677538090589,-2.563932426556387,1.1564744745481474e-09
325.02744661696806,-54.13156403273209,39.80000000000008,0.29554801348927906,-2.563359692613792,1.1520956756406138e-09
325.0339215601944,-54.12229494520816,39.80000000000009,0.2958280939296194,-2.562786629345242,1.1479526582127167e-09
325.04039935795953,-54.11302706973851,39.80000000000008,0.2961079949029426,-2.562213236791932,1.143843323853339e-09
325.04688000928525,-54.103760405670286,39.80000000000008,0.29638771618221327,-2.5616395149951443,1.1397676725624807e-09
325.0533635131948,-54.09449495235066,39.800000000000075,0.2966672575404928,-2.561065463996248,1.135658338203103e-09
325.0598498687133,-54.08523070912648,39.80000000000007,0.2969466187509435,-2.5604910838366974,1.1316500530492838e-09
325.0663390748673,-54.075967675344465,39.80000000000006,0.2972257995868338,-2.5599163745580356,1.127540718689906e-09
325.07283113068496,-54.06670585035135,39.80000000000007,0.297504799821521,-2.559341336201893,1.1236334827416452e-09
325.07932603519635,-54.05744523349352,39.800000000000054,0.29778361922847274,-2.5587659688099893,1.119625197587826e-09
325.08582378743284,-54.04818582411727,39.800000000000054,0.29806225758125293,-2.5581902724241274,1.1156842785710458e-09
325.09232438642755,-54.03892762156885,39.80000000000004,0.2983407146535204,-2.5576142470862004,1.1117770426227851e-09
325.0988278312151,-54.02967062519428,39.80000000000004,0.29861899021904004,-2.5570378928381854,1.1079034897430437e-09
325.10533412083197,-54.02041483433939,39.80000000000005,0.2988970840516732,-2.5564612097221477,1.104063619931822e-09
325.1118432543161,-54.01116024834992,39.80000000000003,0.29917499592538654,-2.5558841977802427,1.1002911162576392e-09
325.11835523070687,-54.001906866571524,39.80000000000003,0.2994527256142333,-2.5553068570547084,1.096484929514937e-09
325.1248700490455,-53.99265468834962,39.800000000000026,0.29973027289237864,-2.5547291875878706,1.092847158114832e-09
325.1313877083748,-53.98340371302943,39.800000000000026,0.3000076375340812,-2.5541511894221425,1.0890746544406493e-09
325.137908207739,-53.97415393995625,39.80000000000002,0.300284819313699,-2.553572862600025,1.0854368830405444e-09
325.14443154618397,-53.96490536847503,39.80000000000002,0.3005618180056898,-2.5529942071641023,1.0818664777774785e-09
325.15095772275737,-53.95565799793058,39.80000000000001,0.3008386333846136,-2.5524152231570487,1.0782287063773736e-09
325.1574867365082,-53.94641182766773,39.800000000000004,0.3011152652251224,-2.551835910621624,1.0746246180457883e-09
325.16401858648715,-53.937166857031045,39.800000000000026,0.30139171330197256,-2.551256269600671,1.0711552619882808e-09
325.1705532717464,-53.927923085364924,39.800000000000004,0.30166797739001666,-2.550676300137127,1.067584856725215e-09
325.17709079134005,-53.91868051201364,39.80000000000001,0.3019440572642099,-2.5500960022740076,1.0641155006677077e-09
325.1836311443233,-53.90943913632145,39.8,0.30221995269960145,-2.5495153760544165,1.0606798276787196e-09
325.19017432975306,-53.90019895763232,39.8,0.3024956634713387,-2.5489344215215475,1.0571767885526929e-09
325.1967203466881,-53.89095997529009,39.8,0.30277118935467395,-2.5483531387186775,1.0538084817007439e-09
325.20326919418835,-53.88172218863857,39.79999999999998,0.30304653012494964,-2.5477715276891697,1.0504738579173143e-09
325.2098208713155,-53.87248559702133,39.8,0.30332168555761085,-2.5471895884764733,1.0472402833394435e-09
325.216375377133,-53.86325019978176,39.799999999999976,0.3035966554282048,-2.5466073211241254,1.0438719764874945e-09
325.22293271070544,-53.8540159962633,39.79999999999998,0.3038714395123693,-2.5460247256757436,1.040672084978143e-09
325.2294928710992,-53.84478298580904,39.799999999999976,0.3041460375858418,-2.5454418021750422,1.037371144263233e-09
325.2360558573822,-53.83555116776206,39.799999999999976,0.304420449424464,-2.5448585506658095,1.0342049358224011e-09
325.242621668624,-53.826320541465186,39.79999999999997,0.3046946748041721,-2.5442749711919257,1.031106093518608e-09
325.2491903038954,-53.81709110626129,39.79999999999997,0.3049687135009934,-2.5436910637973567,1.0279398850777761e-09
325.255761762269,-53.80786286149292,39.79999999999997,0.3052425652910645,-2.5431068285261538,1.0248073597054634e-09
325.26233604281896,-53.79863580650255,39.79999999999996,0.30551622995061245,-2.5425222654224524,1.021674834333151e-09
325.26891314462085,-53.78940994063262,39.79999999999996,0.3057897072559642,-2.541937374530475,1.018710724303436e-09
325.2754930667518,-53.78018526322529,39.79999999999996,0.3060629969835429,-2.541352155894529,1.0158139804107599e-09
325.2820758082905,-53.77096177362258,39.799999999999955,0.30633609890987146,-2.540766609559009,1.0128498703810448e-09
325.2886613683171,-53.76173947116652,39.79999999999993,0.3066090128115685,-2.5401807355683927,1.0096836619402129e-09
