galstreams/tracks/track.st.ACS.ramos2020b.ecsv
# %ECSV 0.9
# ---
# datatype:
# - {name: ra, unit: deg, datatype: float64}
# - {name: dec, unit: deg, datatype: float64}
# - {name: distance, unit: kpc, datatype: float64}
# - {name: pm_ra_cosdec, unit: mas / yr, datatype: float64}
# - {name: pm_dec, unit: mas / yr, datatype: float64}
# - {name: radial_velocity, unit: km / s, datatype: float64}
# delimiter: ','
# meta: !!omap
# - __serialized_columns__:
#     dec:
#       __class__: astropy.coordinates.angles.Latitude
#       unit: &id001 !astropy.units.Unit {unit: deg}
#       value: !astropy.table.SerializedColumn {name: dec}
#     distance:
#       __class__: astropy.coordinates.distances.Distance
#       unit: !astropy.units.Unit {unit: kpc}
#       value: !astropy.table.SerializedColumn {name: distance}
#     pm_dec:
#       __class__: astropy.units.quantity.Quantity
#       unit: !astropy.units.Unit {unit: mas / yr}
#       value: !astropy.table.SerializedColumn {name: pm_dec}
#     pm_ra_cosdec:
#       __class__: astropy.units.quantity.Quantity
#       unit: !astropy.units.Unit {unit: mas / yr}
#       value: !astropy.table.SerializedColumn {name: pm_ra_cosdec}
#     ra:
#       __class__: astropy.coordinates.angles.Longitude
#       unit: *id001
#       value: !astropy.table.SerializedColumn {name: ra}
#       wrap_angle: !astropy.coordinates.Angle
#         unit: *id001
#         value: 360.0
#     radial_velocity:
#       __class__: astropy.units.quantity.Quantity
#       unit: !astropy.units.Unit {unit: km / s}
#       value: !astropy.table.SerializedColumn {name: radial_velocity}
# schema: astropy-2.0
ra,dec,distance,pm_ra_cosdec,pm_dec,radial_velocity
[from data line 138]
126.16352867329024,41.59456454335017,11.699999999999974,0.07563816312215674,-0.6353471879178492,-2.1051917824680845e-15
126.11153277023703,41.308447317254064,11.699999999999974,0.06626732469709493,-0.6383719737372113,2.1051917824680845e-15
126.06034338436535,41.02227921523239,11.699999999999974,0.05707479904442039,-0.6408031636073369,0.0
126.00998699588072,40.73605798350713,11.69999999999997,0.04814150522297467,-0.642554878706369,-2.1051917824680845e-15
125.96049010439624,40.44978137572994,11.69999999999997,0.03954481765682505,-0.6435519162519958,6.315575347404253e-15
125.91187923049242,40.16344715095312,11.69999999999997,0.03135614088518865,-0.643732206394207,0.0
125.86418091883044,39.877053071409904,11.69999999999997,0.023638481241580633,-0.6430491454324416,-4.210383564936169e-15
125.8174217427895,39.590596900111386,11.69999999999997,0.01644407541581372,-0.6414737411483127,2.1051917824680845e-15
125.77162831059898,39.30407639826753,11.699999999999967,0.009812139271898335,-0.638996504222892,-6.315575347404253e-15
125.72682727294,39.01748932253902,11.699999999999964,0.0037668026677641075,-0.6356290191442245,0.0
125.68304533199408,38.73083342212664,11.699999999999964,-0.0016847028023018462,-0.6314051288638476,-4.210383564936169e-15
125.64030925191852,38.44410643570398,11.699999999999962,-0.00655353639229575,-0.6263816698808928,-2.1051917824680845e-15
125.59864587073372,38.15730608819914,11.699999999999962,-0.010870356024047928,-0.6206386985581583,0.0
125.55808211360971,37.87043008743027,11.699999999999958,-0.01468597952711853,-0.6142791554311318,0.0
125.51864500754485,37.58347612059936,11.69999999999996,-0.01807154250152354,-0.6074279221637544,-2.1051917824680845e-15
125.48036169743324,37.29644185064786,11.699999999999955,-0.02111810286569646,-0.600230235715538,-2.1051917824680845e-15
125.44325946352254,37.00932491247738,11.699999999999951,-0.023935650938244984,-0.5928494362662462,0.0
125.40736574026896,36.722122909037665,11.69999999999995,-0.026651494672849493,-0.5854640395149678,0.0
125.37270813660089,36.434833407283385,11.699999999999948,-0.029408002449851756,-0.5782641401077064,-4.210383564936169e-15
125.33931445760872,36.1474539340008,11.699999999999948,-0.03235970061999452,-0.5714471710821886,2.1051917824680845e-15
125.30721272768326,35.85998197150433,11.699999999999944,-0.03566973974811469,-0.565213064227193,4.210383564936169e-15
125.27643121513165,35.57241495320213,11.699999999999939,-0.039505762124162624,-0.5597588779509926,-4.210383564936169e-15
125.24699845830506,35.28475025902928,11.699999999999937,-0.04403522344775915,-0.5552729823857054,-6.315575347404253e-15
125.21894329327868,34.99698521074621,11.699999999999932,-0.04942024344242896,-0.5519289156883336,0.0
125.19229488313132,34.70911706709895,11.69999999999993,-0.0558120832386576,-0.5498790504161343,4.210383564936169e-15
125.16708274887742,34.42114301883699,11.699999999999926,-0.06334537132623644,-0.5492482339371377,-2.1051917824680845e-15
125.14333680211257,34.13306018358381,11.699999999999925,-0.07213222427381012,-0.550127591463252,2.1051917824680845e-15
125.12108737943919,33.844865600553696,11.69999999999992,-0.08225643270942093,-0.5525687037226915,-4.210383564936169e-15
125.10036527874729,33.556556225107855,11.699999999999912,-0.09376790660415325,-0.5565783926504502,0.0
125.08120179743327,33.26812892314168,11.699999999999909,-0.10667759593922344,-0.5621143667596341,8.420767129872338e-15
125.06362877264698,32.97958046529375,11.699999999999905,-0.12095312247098737,-0.569081991897467,0.0
125.04767862366727,32.69090752096599,11.6999999999999,-0.13651537450206255,-0.5773324615566079,0.0
125.03338439651559,32.402106652143566,11.699999999999893,-0.15323632812752966,-0.5866626422910941,-4.210383564936169e-15
125.02077981092715,32.11317430700101,11.699999999999886,-0.17093836398949525,-0.5968168623694368,-8.420767129872338e-15
125.00989930981143,31.824106813280352,11.69999999999988,-0.189395346590946,-0.6074908936637589,-2.1051917824680845e-15
125.0007781113462,31.534900371424996,11.699999999999875,-0.20833572193949282,-0.6183383457771081,-2.1051917824680845e-15
124.99345226386335,31.245551047451517,11.699999999999868,-0.22744786674184067,-0.6289796451596106,0.0
124.98795870370118,30.956054765539605,11.699999999999857,-0.24638788634086933,-0.6390137078035895,-2.1051917824680845e-15
124.98433531621502,30.66640730031859,11.699999999999847,-0.2647900066151831,-0.6480323291064138,6.315575347404253e-15
124.98262100015872,30.37660426882606,11.699999999999836,-0.28227963440107745,-0.6556372054114163,2.1051917824680845e-15
124.98285573567259,30.086641122112034,11.699999999999827,-0.29848906861159313,-0.6614593650332764,4.210383564936169e-15
124.98508065613873,29.796513136459208,11.699999999999815,-0.31307572675236334,-0.6651806183458128,8.420767129872338e-15
124.989338124195,29.506215404185944,11.699999999999799,-0.3257426052673173,-0.6665564325076291,-4.210383564936169e-15
124.99567181223136,29.215742823995853,11.699999999999783,-0.33626051301353643,-0.6654393919793229,8.420767129872338e-15
125.00412678773226,28.925090090832985,11.699999999999767,-0.34449140069580864,-0.6618021160984182,6.315575347404253e-15
125.01474960386962,28.634251685196965,11.699999999999749,-0.35041185039967937,-0.6557581641426021,8.420767129872338e-15
125.02758839580302,28.34322186186753,11.699999999999728,-0.3541354831031371,-0.6475790605884534,8.420767129872338e-15
125.04269298319748,28.051994637981235,11.699999999999706,-0.35593268240569553,-0.637705112234117,1.2631150694808506e-14
125.06011497953372,27.760563780396463,11.699999999999681,-0.356245613357744,-0.6267471575692509,1.0525958912340423e-14
125.07990790885724,27.468922792275077,11.699999999999653,-0.35569602932496897,-0.6154757797561808,4.210383564936169e-15
125.1021273306936,27.177064898799948,11.699999999999624,-0.3550827998373778,-0.604793819798117,8.420767129872338e-15
125.12683097394921,26.884983031937402,11.699999999999596,-0.3553654502795103,-0.5956872372482512,6.315575347404253e-15
125.15407888071877,26.59266981414257,11.69999999999956,-0.35762927136774036,-0.5891484728947146,2.1051917824680845e-15
125.18393356103772,26.300117540892018,11.699999999999521,-0.3630267232328411,-0.5860654612771798,8.420767129872338e-15
125.21646015974733,26.007318161913723,11.699999999999479,-0.37268891543950244,-0.5870683100196444,8.420767129872338e-15
125.25172663678484,25.71426326096768,11.699999999999433,-0.387599879554552,-0.5923243964119747,8.420767129872338e-15
125.28980396237542,25.420944034011633,11.699999999999383,-0.40842515317449324,-0.6012712172987824,4.210383564936169e-15
125.33076632878247,25.12735126556514,11.699999999999322,-0.4352848511073645,-0.612274753173433,8.420767129872338e-15
125.37469138047656,24.833475303061704,11.699999999999257,-0.4674598971515274,-0.6221993576394871,6.315575347404253e-15
125.42166046480726,24.539306028951298,11.699999999999187,-0.5030184142339883,-0.6258732443916618,-2.1051917824680845e-15
125.4717589055125,24.24483283028608,11.699999999999104,-0.5383474060713499,-0.6154314999942492,-4.210383564936169e-15
125.52507630167668,23.95004456548836,11.699999999999012,-0.5675727935130275,-0.5795161854161572,-2.1051917824680845e-15
