galstreams/tracks/track.st.GD-1.pricewhelan2018.ecsv
# %ECSV 0.9
# ---
# datatype:
# - {name: ra, unit: deg, datatype: float64}
# - {name: dec, unit: deg, datatype: float64}
# - {name: distance, unit: kpc, datatype: float64}
# - {name: pm_ra_cosdec, unit: mas / yr, datatype: float64}
# - {name: pm_dec, unit: mas / yr, datatype: float64}
# - {name: radial_velocity, unit: km / s, datatype: float64}
# delimiter: ','
# meta: !!omap
# - __serialized_columns__:
#     dec:
#       __class__: astropy.coordinates.angles.Latitude
#       unit: &id001 !astropy.units.Unit {unit: deg}
#       value: !astropy.table.SerializedColumn {name: dec}
#     distance:
#       __class__: astropy.coordinates.distances.Distance
#       unit: !astropy.units.Unit {unit: kpc}
#       value: !astropy.table.SerializedColumn {name: distance}
#     pm_dec:
#       __class__: astropy.units.quantity.Quantity
#       unit: !astropy.units.Unit {unit: mas / yr}
#       value: !astropy.table.SerializedColumn {name: pm_dec}
#     pm_ra_cosdec:
#       __class__: astropy.units.quantity.Quantity
#       unit: !astropy.units.Unit {unit: mas / yr}
#       value: !astropy.table.SerializedColumn {name: pm_ra_cosdec}
#     ra:
#       __class__: astropy.coordinates.angles.Longitude
#       unit: *id001
#       value: !astropy.table.SerializedColumn {name: ra}
#       wrap_angle: !astropy.coordinates.Angle
#         unit: *id001
#         value: 360.0
#     radial_velocity:
#       __class__: astropy.units.quantity.Quantity
#       unit: !astropy.units.Unit {unit: km / s}
#       value: !astropy.table.SerializedColumn {name: radial_velocity}
# schema: astropy-2.0
ra,dec,distance,pm_ra_cosdec,pm_dec,radial_velocity
[from data line 137]
166.90642439515355,49.84735210360434,8.943945156323556,-7.14549970931486,-9.50612257247229,-1.5831042204159997e-11
167.52444385318105,50.1540537698904,8.969022510892438,-7.187603395908889,-9.40012141188283,-1.3607959681873699e-11
168.15110429754452,50.45688060321494,8.994099865461344,-7.229503559659282,-9.292470202502333,-1.1250144885509443e-11
168.78649407588918,50.7557435597613,9.01917722003027,-7.271179788258093,-9.183183679231467,-8.791280883586721e-12
169.43069680518732,51.050552258436625,9.04425457459922,-7.312610387073389,-9.072277659127247,-6.332416881663998e-12
170.08379093264915,51.341215029849856,9.069331929168193,-7.353772380947066,-8.959769118423575,-3.705137537143829e-12
170.74584928052644,51.627638971977035,9.094409283737184,-7.394641522368236,-8.845676272650376,-1.0104920555846807e-12
171.41693857563433,51.909730012860884,9.1194866383062,-7.435192306576154,-8.730018659621438,1.6504703574549783e-12
172.09711896461707,52.18739298068447,9.144563992875236,-7.475397994157714,-8.612817225006776,4.547214250131063e-12
172.78644351619894,52.46053168154821,9.169641347444292,-7.515230641711764,-8.494094410147051,7.309225868729189e-12
173.48495771189098,52.72904898526437,9.19471870201337,-7.554661141153761,-8.37387424170535,1.0340702035483232e-11
174.19269892686532,52.99284691946465,9.219796056582469,-7.5936592682298345,-8.252182422685857,1.3304812065198294e-11
174.90969590296538,53.25182677229226,9.24487341115159,-7.6321937407974705,-8.129046424279977,1.6403654368991315e-11
175.63596821608346,53.50588920392138,9.269950765720731,-7.670232287410616,-8.004495577928779,1.9502496672784334e-11
176.3715257404101,53.75493436711278,9.29502812028989,-7.70774172671855,-7.878561166917459,2.2736071250655314e-11
177.11636811233814,53.99886203697458,9.320105474859071,-7.744688058150115,-7.75127651674288,2.600332889704578e-11
177.87048419708373,54.23757175005198,9.34518282942827,-7.781036564306653,-7.622677083421073,2.9236903474916756e-11
178.6338515613658,54.47096295281806,9.370260183997491,-7.816751925427914,-7.492800538828395,3.263889339538518e-11
179.40643595575932,54.698935159580614,9.395337538566729,-7.851798346224389,-7.361686852099509,3.6074566384373095e-11
180.18819081059928,54.921388119756315,9.420414893135986,-7.8861396952868255,-7.229378366038894,3.95439224418805e-11
180.9790567495618,55.13822199439437,9.445492247705264,-7.919739657188652,-7.0959198674419355,4.311432770494637e-11
181.77896112527512,55.34933754175647,9.47056960227456,-7.952561897289825,-6.961358650168357,4.6701574502271986e-11
182.5878175815147,55.55463631167947,9.495646956843874,-7.984570239131195,-6.825744569766885,5.033934590237684e-11
183.40552564670435,55.75402084836181,9.520724311413202,-8.015728854177407,-6.689130088417587,5.40950080422999e-11
184.23197036357428,55.94739490112473,9.545801665982554,-8.046002463524673,-6.551570308938988,5.771593790814501e-11
185.06702195991343,56.134663642606185,9.570879020551923,-8.075356551038219,-6.413122996602921,6.157264925362654e-11
185.91053556538276,56.315733893748764,9.595956375121304,-8.103757587224262,-6.273848587513302,6.546304366762756e-11
186.7623509793348,56.490514354845594,9.621033729690705,-8.13117326297549,-6.133810182336772,6.926923041032985e-11
187.62229249449612,56.658915841809275,9.646111084260122,-8.157572732158593,-5.993073524225488,7.310910022155165e-11
188.49016878121432,56.82085152673187,9.671188438829553,-8.182926861840423,-5.85170695984636,7.711738537537088e-11
189.36577283674464,56.97623718170815,9.696265793399004,-8.207208488778855,-5.709781382527625,8.107514592641087e-11
190.24888200374951,57.124991424802694,9.721343147968467,-8.230392680638143,-5.56737015665363,8.508343108023011e-11
191.13925806180615,57.267035966955696,9.74642050253795,-8.252457000230462,-5.424549022581695,8.914224083682857e-11
192.03664739526104,57.402295858542374,9.771497857107443,-8.273381770938549,-5.281395981521131,9.323473366194653e-11
192.94078124023991,57.53069973423129,9.796575211676952,-8.29315034134307,-5.137991160002226,9.737775108984372e-11
193.85137601301616,57.65218005472587,9.821652566246474,-8.311749346965978,-4.99441665377123,1.0141971931218244e-10
194.76813372126736,57.76667334392649,9.846729920816008,-8.329168966951261,-4.85075635117353,1.0563010287711861e-10
195.69074245901464,57.87412042001538,9.871807275385557,-8.34540317344102,-4.707095736328251,1.0982364490779504e-10
196.61887698524987,57.974466618947204,9.89688462995512,-8.360449971370292,-4.563521672650785,1.1416876074680916e-10
197.55219938542228,58.06766200882536,9.921961984524696,-8.374311626401287,-4.420122167539848,1.1824441203766736e-10
198.49035981409025,58.15366159365703,9.947039339094282,-8.38699487874928,-4.276986119309704,1.2262321094520098e-10
199.43299731616065,58.23242550501291,9.972116693663878,-8.398511140718732,-4.134203047709566,1.2696832678421512e-10
200.3797407232461,58.30391918016575,9.99719404823349,-8.408876675871326,-3.991862809627322,1.3122923495193052e-10
201.3302096207941,58.36811352535155,10.022271402803112,-8.418112757886032,-3.850055301816777,1.355575092566849e-10
202.2840153807872,58.42498506288254,10.047348757372742,-8.426245807344925,-3.7088701527122927,1.4002051583551724e-10
203.24076225400322,58.47451606094488,10.072426111942383,-8.43330750488527,-3.5683964055962063,1.444161562773106e-10
204.20004851507193,58.51669464503387,10.09750346651203,-8.439334879395062,-3.4287221955581044,1.4892968745892216e-10
205.16146765288445,58.55151489011433,10.122580821081689,-8.44437037019278,-3.2899344228261502,1.5338427327062464e-10
206.1246095983179,58.57897689274247,10.14765817565136,-8.448461862417945,-3.1521184251559236,1.5783043831519724e-10
207.089061980745,58.59908682254437,10.172735530221034,-8.451662695161808,-3.0153576520278804,1.6246186023662702e-10
208.05441140441283,58.611856952615746,10.197812884790714,-8.454031642182292,-2.8797333434290002,1.670006537196282e-10
209.0202447355093,58.617305668582105,10.222890239360407,-8.4556328653673,-2.745324215975917,1.715983925725385e-10
209.98615039059217,58.6154574562384,10.247967593930102,-8.45653584143029,-2.6122061590754804,1.7626349756248777e-10
210.95171961704125,58.60634286786706,10.273044948499804,-8.4568152626347,-2.4804519437154484,1.8092018178530718e-10
211.91654775630306,58.589998467512935,10.298122303069508,-8.456550912644023,-2.3501309463344207,1.8565265291229544e-10
212.88023548093548,58.56646675566775,10.32319965763922,-8.455827518875429,-2.2213088900389577,1.9048617324484217e-10
213.84238999681386,58.53579607398533,10.348277012208936,-8.45473458299247,-2.094047605221067,1.9530285204312915e-10
214.80262620232804,58.49804049080667,10.373354366778658,-8.453366191401098,-1.9684048113849584,2.0011111007428625e-10
215.7605677969689,58.45325966842163,10.39843172134838,-8.451820807809845,-1.844433921723612,2.0504567961239143e-10
216.71584833236273,58.401518713127025,10.423509075918103,-8.450201050075565,-1.7221838716985651,2.1003077375327585e-10
217.66811219954698,58.342888009259504,10.448586430487829,-8.448613453679972,-1.6016989725765267,2.1503270942842004e-10
218.61701554707915,58.277443038483085,10.47366378505756,-8.447168224266179,-1.4830187905698042,2.201862189119019e-10
219.56222712541387,58.20526418569576,10.498741139627292,-8.445978981710363,-1.3661780519199789,2.2529341417616946e-10
