galstreams/tracks/track.st.C-9.ibata2021.ecsv
# %ECSV 0.9
# ---
# datatype:
# - {name: ra, unit: deg, datatype: float64}
# - {name: dec, unit: deg, datatype: float64}
# - {name: distance, unit: kpc, datatype: float64}
# - {name: pm_ra_cosdec, unit: mas / yr, datatype: float64}
# - {name: pm_dec, unit: mas / yr, datatype: float64}
# - {name: radial_velocity, unit: km / s, datatype: float64}
# delimiter: ','
# meta: !!omap
# - __serialized_columns__:
#     dec:
#       __class__: astropy.coordinates.angles.Latitude
#       unit: &id001 !astropy.units.Unit {unit: deg}
#       value: !astropy.table.SerializedColumn {name: dec}
#     distance:
#       __class__: astropy.coordinates.distances.Distance
#       unit: !astropy.units.Unit {unit: kpc}
#       value: !astropy.table.SerializedColumn {name: distance}
#     pm_dec:
#       __class__: astropy.units.quantity.Quantity
#       unit: !astropy.units.Unit {unit: mas / yr}
#       value: !astropy.table.SerializedColumn {name: pm_dec}
#     pm_ra_cosdec:
#       __class__: astropy.units.quantity.Quantity
#       unit: !astropy.units.Unit {unit: mas / yr}
#       value: !astropy.table.SerializedColumn {name: pm_ra_cosdec}
#     ra:
#       __class__: astropy.coordinates.angles.Longitude
#       unit: *id001
#       value: !astropy.table.SerializedColumn {name: ra}
#       wrap_angle: !astropy.coordinates.Angle
#         unit: *id001
#         value: 360.0
#     radial_velocity:
#       __class__: astropy.units.quantity.Quantity
#       unit: !astropy.units.Unit {unit: km / s}
#       value: !astropy.table.SerializedColumn {name: radial_velocity}
# schema: astropy-2.0
ra,dec,distance,pm_ra_cosdec,pm_dec,radial_velocity
[from data line 1198]
24.130288860721024,-23.06982984373507,8.119945064067325,-0.11572468658280682,-0.07548996951316665,-9.21021404829787e-16
24.137842960811852,-23.07773467285633,8.121323245132707,-0.11568928190555242,-0.07543680170463679,-6.578724320212764e-16
24.14539594855147,-23.085640943409498,8.122697625481313,-0.11565402214398829,-0.07538312844817248,-9.21021404829787e-16
24.152947821926112,-23.093548657628364,8.124068189457239,-0.11561890847187951,-0.0753289495858468,-9.21021404829787e-16
24.160498578921878,-23.101457817747193,8.125434921404578,-0.11558394206304384,-0.07527426495997386,-5.262979456170211e-16
24.16804821752483,-23.10936842600079,8.126797805667422,-0.11554912409135125,-0.07521907441310881,-5.262979456170211e-16
24.17559673572093,-23.11728048462447,8.128156826589873,-0.11551445573072391,-0.07516337778804796,-6.578724320212764e-16
24.183144131496075,-23.12519399585407,8.129511968516017,-0.1154799381551361,-0.07510717492782892,-3.9472345921276583e-16
24.19069040283606,-23.133108961925934,8.130863215789951,-0.11544557253861373,-0.07505046567573027,-5.262979456170211e-16
24.198235547726632,-23.14102538507693,8.132210552755764,-0.11541136005523485,-0.07499324987527221,-7.8944691842553165e-16
24.205779564153396,-23.148943267544418,8.13355396375756,-0.11537730187912856,-0.074935527370216,-1.0525958912340423e-15
24.213322450101934,-23.156862611566314,8.134893433139426,-0.11534339918447582,-0.07487729800456448,-6.578724320212764e-16
24.22086420355773,-23.16478341938101,8.136228945245456,-0.11530965314550867,-0.0748185616225619,-7.8944691842553165e-16
24.228404822506157,-23.172705693227446,8.137560484419744,-0.11527606493651028,-0.07475931806869397,-3.9472345921276583e-16
24.23594430493254,-23.180629435345047,8.138888035006389,-0.1152426357318148,-0.07469956718768793,-9.21021404829787e-16
24.24348264882209,-23.188554647973778,8.140211581349478,-0.1152093667058072,-0.07463930882451275,-7.8944691842553165e-16
24.25101985215995,-23.196481333354114,8.14153110779311,-0.11517625903292308,-0.07457854282437888,-7.8944691842553165e-16
24.25855591293117,-23.20440949372703,8.142846598681377,-0.11514331388764866,-0.07451726903273866,-6.578724320212764e-16
24.26609082912071,-23.21233913133404,8.144158038358372,-0.11511053244452035,-0.07445548729528595,-1.0525958912340423e-15
24.273624598713447,-23.220270248417155,8.14546541116819,-0.11507791587812488,-0.07439319745795651,-6.578724320212764e-16
24.281157219694176,-23.228202847218917,8.146768701454926,-0.11504546536309909,-0.07433039936692806,-7.8944691842553165e-16
24.288688690047582,-23.236136929982358,8.148067893562676,-0.11501318207412949,-0.07426709286861995,-3.9472345921276583e-16
24.296219007758296,-23.244072498951056,8.149362971835522,-0.11498106718595269,-0.07420327780969374,-1.0525958912340423e-15
24.30374817081082,-23.252009556369085,8.150653920617577,-0.11494912187335445,-0.07413895403705265,-1.0525958912340423e-15
24.31127617718959,-23.25994810448104,8.15194072425292,-0.11491734731117037,-0.0740741213978422,-9.21021404829787e-16
24.318803024878964,-23.26788814553205,8.15322336708565,-0.11488574467428508,-0.07400877973944979,-9.21021404829787e-16
24.32632871186316,-23.2758296817677,8.154501833459861,-0.11485431513763246,-0.073942928909505,-7.8944691842553165e-16
24.333853236126348,-23.28377271543417,8.155776107719644,-0.11482305987619532,-0.07387656875587956,-5.262979456170211e-16
24.341376595652598,-23.291717248778095,8.157046174209102,-0.11479198006500524,-0.0738096991266873,-1.0525958912340423e-15
24.348898788425856,-23.29966328404665,8.15831201727232,-0.11476107687914257,-0.07374231987028435,0.0
24.356419812430026,-23.307610823487522,8.159573621253392,-0.11473035149373613,-0.07367443083526913,-6.578724320212764e-16
24.363939665648868,-23.315559869348913,8.160830970496418,-0.11469980508396294,-0.07360603187048222,-3.9472345921276583e-16
24.37145834606608,-23.32351042387954,8.16208404934549,-0.11466943882504846,-0.07353712282500671,-9.21021404829787e-16
24.378975851665242,-23.33146248932864,8.163332842144694,-0.1146392538922661,-0.07346770354816803,-3.9472345921276583e-16
24.386492180429858,-23.33941606794595,8.164577333238137,-0.11460925146093698,-0.07339777388953388,-6.578724320212764e-16
24.394007330343324,-23.347371161981744,8.165817506969903,-0.11457943270643017,-0.07332733369891463,-7.8944691842553165e-16
24.401521299388918,-23.35532777368678,8.16705334768409,-0.11454979880416222,-0.07325638282636297,-6.578724320212764e-16
24.40903408554987,-23.363285905312374,8.168284839724791,-0.11452035092959703,-0.07318492112217423,-5.262979456170211e-16
24.416545686809258,-23.371245559110317,8.169511967436105,-0.11449109025824586,-0.07311294843688619,-7.8944691842553165e-16
24.4240561011501,-23.379206737332936,8.170734715162114,-0.11446201796566698,-0.0730404646212793,-6.578724320212764e-16
24.431565326555283,-23.38716944223307,8.171953067246926,-0.11443313522746557,-0.07296746952637662,-7.8944691842553165e-16
24.439073361007626,-23.395133676064066,8.173167008034625,-0.11440444321929373,-0.07289396300344386,-9.21021404829787e-16
24.446580202489816,-23.403099441079796,8.17437652186931,-0.11437594311685001,-0.07281994490398941,-6.578724320212764e-16
24.454085848984455,-23.41106673953464,8.175581593095071,-0.11434763609587945,-0.07274541507976433,-9.21021404829787e-16
24.461590298474036,-23.41903557368349,8.176782206056005,-0.1143195233321735,-0.07267037338276262,-3.9472345921276583e-16
24.469093548940954,-23.427005945781755,8.177978345096204,-0.11429160600156965,-0.07259481966522084,-9.21021404829787e-16
24.47659559836749,-23.434977858085375,8.179169994559766,-0.11426388527995134,-0.07251875377961843,-5.262979456170211e-16
24.48409644473584,-23.442951312850774,8.18035713879078,-0.11423636234324787,-0.07244217557867776,-9.21021404829787e-16
24.49159608602807,-23.450926312334914,8.181539762133344,-0.11420903836743429,-0.07236508491536398,-1.0525958912340423e-15
24.49909452022616,-23.458902858795273,8.18271784893155,-0.11418191452853085,-0.07228748164288507,-6.578724320212764e-16
24.506591745311965,-23.466880954489817,8.18389138352949,-0.11415499200260354,-0.07220936561469207,-5.262979456170211e-16
24.51408775926726,-23.47486060167705,8.18506035027126,-0.11412827196576318,-0.07213073668447889,-1.0525958912340423e-15
24.521582560073686,-23.482841802615997,8.186224733500955,-0.1141017555941658,-0.07205159470618243,-1.1841703776382976e-15
24.529076145712786,-23.490824559566178,8.187384517562666,-0.11407544406401224,-0.07197193953398262,-9.21021404829787e-16
24.53656851416599,-23.498808874787628,8.188539686800492,-0.1140493385515479,-0.07189177102230224,-9.21021404829787e-16
24.54405966341463,-23.50679475054091,8.189690225558522,-0.1140234402330629,-0.07181108902580738,-1.4473193504468082e-15
24.551549591439912,-23.514782189087096,8.190836118180853,-0.11399775028489156,-0.07172989339940697,-2.6314897280851057e-16
24.55903829622294,-23.522771192687767,8.191977349011575,-0.11397226988341258,-0.07164818399825312,-6.578724320212764e-16
24.566525775744715,-23.53076176360502,8.193113902394789,-0.11394700020504843,-0.07156596067774104,-5.262979456170211e-16
24.5740120279861,-23.53875390410147,8.194245762674582,-0.11392194242626566,-0.07148322329350908,-3.9472345921276583e-16
24.581497050927876,-23.546747616440243,8.19537291419505,-0.11389709772357454,-0.07139997170143872,-9.21021404829787e-16
24.588980842550676,-23.55474290288498,8.196495341300288,-0.11387246727352869,-0.07131620575765459,-7.8944691842553165e-16
24.59646340083505,-23.56273976569984,8.19761302833439,-0.1138480522527254,-0.07123192531852456,-9.21021404829787e-16
24.603944723761412,-23.570738207149475,8.19872595964145,-0.1138238538378048,-0.07114713024065959,-1.0525958912340423e-15
24.61142480931008,-23.578738229499095,8.19983411956556,-0.1137998732054505,-0.07106182038091403,-7.8944691842553165e-16
24.618903655461235,-23.58673983501437,8.200937492450818,-0.11377611153238862,-0.07097599559638526,-1.0525958912340423e-15
24.62638126019495,-23.594743025961527,8.202036062641314,-0.11375256999538824,-0.07088965574441414,-1.0525958912340423e-15
24.633857621491188,-23.60274780460729,8.203129814481143,-0.11372924977126088,-0.07080280068258457,-6.578724320212764e-16
24.641332737329776,-23.610754173218886,8.2042187323144,-0.11370615203686045,-0.07071543026872387,-5.262979456170211e-16
24.64880660569044,-23.618762134064074,8.205302800485178,-0.11368327796908317,-0.07062754436090268,-7.8944691842553165e-16
24.656279224552772,-23.626771689411108,8.206382003337573,-0.11366062874486726,-0.07053914281743483,-1.0525958912340423e-15
24.663750591896253,-23.63478284152878,8.207456325215675,-0.11363820554119278,-0.07045022549687753,-3.9472345921276583e-16
24.671220705700243,-23.642795592686372,8.208525750463581,-0.11361600953508164,-0.07036079225803135,-6.578724320212764e-16
24.67868956394397,-23.6508099451537,8.209590263425385,-0.11359404190359712,-0.0702708429599401,-7.8944691842553165e-16
24.68615716460655,-23.658825901201066,8.210649848445179,-0.11357230382384403,-0.07018037746189106,-3.9472345921276583e-16
24.693623505666977,-23.66684346309931,8.211704489867058,-0.11355079647296848,-0.07008939562341485,-1.4473193504468082e-15
24.701088585104106,-23.67486263311978,8.212754172035119,-0.11352952102815732,-0.06999789730428534,-7.8944691842553165e-16
24.70855240089668,-23.68288341353433,8.21379887929345,-0.11350847866663868,-0.06990588236451993,-6.578724320212764e-16
24.716014951023315,-23.690905806615323,8.214838595986148,-0.11348767056568108,-0.06981335066437934,-6.578724320212764e-16
24.723476233462506,-23.698929814635655,8.215873306457308,-0.11346709790259375,-0.06972030206436765,-1.1841703776382976e-15
24.73093624619261,-23.706955439868718,8.216902995051024,-0.11344676185472626,-0.06962673642523237,-9.21021404829787e-16
24.73839498719186,-23.714982684588424,8.217927646111388,-0.11342666359946839,-0.06953265360796444,-3.9472345921276583e-16
24.745852454438374,-23.72301155106919,8.218947243982493,-0.11340680431425001,-0.06943805347379815,-6.578724320212764e-16
24.753308645910117,-23.73104204158596,8.219961773008437,-0.11338718517654071,-0.06934293588421124,-5.262979456170211e-16
24.760763559584948,-23.739074158414166,8.220971217533313,-0.11336780736384999,-0.06924730070092486,-7.8944691842553165e-16
24.768217193440574,-23.747107903829775,8.22197556190121,-0.1133486720537267,-0.06915114778590353,-3.9472345921276583e-16
24.77566954545459,-23.755143280109273,8.222974790456227,-0.11332978042375913,-0.06905447700135527,-6.578724320212764e-16
24.783120613604456,-23.763180289529625,8.223968887542458,-0.11331113365157477,-0.06895728820973146,-9.21021404829787e-16
24.790570395867498,-23.771218934368342,8.224957837503997,-0.11329273291484,-0.06885958127372685,-7.8944691842553165e-16
24.798018890220877,-23.77925921690343,8.225941624684936,-0.11327457939126027,-0.06876135605627973,-5.262979456170211e-16
24.80546609464169,-23.787301139413408,8.226920233429368,-0.11325667425857956,-0.06866261242057176,-7.8944691842553165e-16
24.81291200710683,-23.795344704177317,8.22789364808139,-0.1132390186945803,-0.06856335023002795,-9.21021404829787e-16
24.820356625593096,-23.8033899134747,8.22886185298509,-0.11322161387708338,-0.06846356934831681,-1.0525958912340423e-15
24.82779994807714,-23.811436769585605,8.229824832484573,-0.11320446098394768,-0.06836326963935017,-5.262979456170211e-16
24.835241972535464,-23.819485274790622,8.230782570923925,-0.1131875611930703,-0.06826245096728335,-5.262979456170211e-16
24.842682696944458,-23.827535431370816,8.23173505264724,-0.11317091568238595,-0.06816111319651506,-1.4473193504468082e-15
24.850122119280346,-23.83558724160779,8.232682261998614,-0.11315452562986704,-0.06805925619168737,-9.21021404829787e-16
24.857560237519234,-23.843640707783646,8.233624183322139,-0.11313839221352348,-0.06795687981768572,-1.1841703776382976e-15
24.86499704963709,-23.851695832181008,8.234560800961912,-0.11312251661140243,-0.06785398393963897,-6.578724320212764e-16
24.872432553609723,-23.859752617082997,8.235492099262022,-0.11310690000158821,-0.06775056842291939,-9.21021404829787e-16
24.879866747412812,-23.867811064773257,8.236418062566571,-0.11309154356220193,-0.06764663313314248,-9.21021404829787e-16
24.887299629021886,-23.875871177535927,8.237338675219647,-0.1130764484714017,-0.06754217793616732,-6.578724320212764e-16
24.89473119641234,-23.883932957655688,8.238253921565343,-0.11306161590738209,-0.06743720269809611,-3.9472345921276583e-16
24.90216144755944,-23.891996407417707,8.239163785947758,-0.11304704704837405,-0.06733170728527446,-1.1841703776382976e-15
24.909590380438274,-23.900061529107667,8.240068252710982,-0.11303274307264491,-0.06722569156429145,-3.9472345921276583e-16
24.9170179930238,-23.908128325011763,8.240967306199112,-0.11301870515849785,-0.0671191554019792,-6.578724320212764e-16
24.924444283290853,-23.91619679741671,8.241860930756236,-0.11300493448427221,-0.06701209866541337,-6.578724320212764e-16
24.931869249214078,-23.924266948609716,8.242749110726455,-0.11299143222834282,-0.06690452122191277,-5.262979456170211e-16
24.93929288876801,-23.932338780878514,8.243631830453857,-0.11297819956912021,-0.06679642293903962,-9.21021404829787e-16
24.946715199927013,-23.94041229651135,8.244509074282542,-0.11296523768505007,-0.06668780368459917,-9.21021404829787e-16
24.954136180665316,-23.948487497796968,8.2453808265566,-0.11295254775461354,-0.06657866332664018,-1.0525958912340423e-15
24.961555828956985,-23.95656438702462,8.246247071620125,-0.11294013095632652,-0.06646900173345444,-7.8944691842553165e-16
24.968974142775956,-23.9646429664841,8.247107793817213,-0.11292798846873987,-0.06635881877357701,-5.262979456170211e-16
24.976391120095997,-23.972723238465665,8.247962977491957,-0.11291612147043906,-0.06624811431578616,-9.21021404829787e-16
24.983806758890726,-23.980805205260122,8.24881260698845,-0.11290453114004409,-0.0661368882291033,-1.3157448640425528e-16
24.991221057133615,-23.98888886915876,8.249656666650784,-0.11289321865620924,-0.06602514038279306,-7.8944691842553165e-16
24.998634012797975,-23.996974232453404,8.250495140823062,-0.11288218519762278,-0.06591287064636311,-5.262979456170211e-16
25.006045623856973,-24.005061297436374,8.251328013849367,-0.11287143194300707,-0.06580007888956432,-6.578724320212764e-16
25.013455888283605,-24.013150066400485,8.2521552700738,-0.11286096007111815,-0.06568676498239054,-9.21021404829787e-16
25.020864804050735,-24.02124054163911,8.252976893840453,-0.1128507707607457,-0.0655729287950788,-6.578724320212764e-16
25.028272369131034,-24.029332725446064,8.253792869493417,-0.11284086519071271,-0.06545857019810913,-2.6314897280851057e-16
25.035678581497056,-24.03742662011573,8.25460318137679,-0.11283124453987553,-0.06534368906220461,-5.262979456170211e-16
25.043083439121187,-24.04552222794298,8.255407813834665,-0.11282190998712337,-0.06522828525833126,-1.1841703776382976e-15
25.050486939975613,-24.05361955122318,8.256206751211135,-0.11281286271137843,-0.06511235865769809,-9.21021404829787e-16
25.05788908203242,-24.061718592252223,8.256999977850295,-0.11280410389159551,-0.06499590913175708,-6.578724320212764e-16
25.065289863263498,-24.06981935332651,8.257787478096235,-0.112795634706762,-0.06487893655220318,-7.8944691842553165e-16
25.072689281640585,-24.077921836742952,8.258569236293058,-0.11278745633589754,-0.06476144079097407,-5.262979456170211e-16
25.080087335135254,-24.086026044798956,8.25934523678485,-0.11277956995805388,-0.06464342172025046,-6.578724320212764e-16
25.087484021718915,-24.09413197979245,8.260115463915707,-0.11277197675231476,-0.06452487921245584,-7.8944691842553165e-16
25.09487933936282,-24.10223964402187,8.260879902029723,-0.1127646778977957,-0.06440581314025647,-7.8944691842553165e-16
25.10227328603805,-24.110349039786158,8.261638535470992,-0.1127576745736438,-0.06428622337656137,-5.262979456170211e-16
25.109665859715523,-24.11846016938476,8.26239134858361,-0.11275096795903757,-0.06416610979452245,-9.21021404829787e-16
