galstreams/tracks/track.st.Gaia-12.ibata2021.ecsv
# %ECSV 1.0
# ---
# datatype:
# - {name: ra, unit: deg, datatype: float64}
# - {name: dec, unit: deg, datatype: float64}
# - {name: distance, unit: kpc, datatype: float64}
# - {name: pm_ra_cosdec, unit: mas / yr, datatype: float64}
# - {name: pm_dec, unit: mas / yr, datatype: float64}
# - {name: radial_velocity, unit: km / s, datatype: float64}
# delimiter: ','
# meta: !!omap
# - __serialized_columns__:
#     dec:
#       __class__: astropy.coordinates.angles.Latitude
#       unit: &id001 !astropy.units.Unit {unit: deg}
#       value: !astropy.table.SerializedColumn {name: dec}
#     distance:
#       __class__: astropy.coordinates.distances.Distance
#       unit: !astropy.units.Unit {unit: kpc}
#       value: !astropy.table.SerializedColumn {name: distance}
#     pm_dec:
#       __class__: astropy.units.quantity.Quantity
#       unit: !astropy.units.Unit {unit: mas / yr}
#       value: !astropy.table.SerializedColumn {name: pm_dec}
#     pm_ra_cosdec:
#       __class__: astropy.units.quantity.Quantity
#       unit: !astropy.units.Unit {unit: mas / yr}
#       value: !astropy.table.SerializedColumn {name: pm_ra_cosdec}
#     ra:
#       __class__: astropy.coordinates.angles.Longitude
#       unit: *id001
#       value: !astropy.table.SerializedColumn {name: ra}
#       wrap_angle: !astropy.coordinates.Angle
#         unit: *id001
#         value: 360.0
#     radial_velocity:
#       __class__: astropy.units.quantity.Quantity
#       unit: !astropy.units.Unit {unit: km / s}
#       value: !astropy.table.SerializedColumn {name: radial_velocity}
# schema: astropy-2.0
ra,dec,distance,pm_ra_cosdec,pm_dec,radial_velocity
[from data line 1278]
46.05550036680836,11.88559581585155,10.618860073659476,6.906543924046998,-6.716678622356154,1.6841534259744676e-14
46.06270609977758,11.87846448623589,10.620750778673383,6.910129043943867,-6.718353960764257,7.578690416885104e-14
46.06991018637093,11.871331579813141,10.622655974091797,6.913722396316738,-6.7200299225280435,1.6841534259744676e-14
46.07711262501068,11.864197094819623,10.624575679260383,6.917323992760685,-6.721706507908428,-4.210383564936169e-14
46.08431341411905,11.857061029491721,10.626509913524783,6.920933844870717,-6.723383717166763,1.6841534259744676e-14
46.09151255211833,11.84992338206585,10.628458696230666,6.924551964241768,-6.725061550564815,8.420767129872338e-15
46.09871003743077,11.842784150778465,10.630422046723673,6.928178362468708,-6.726740008364796,-5.0524602779234026e-14
46.105905868478665,11.835643333866077,10.632399984349473,6.931813051146339,-6.728419090829337,8.420767129872338e-15
46.1131000436843,11.828500929565235,10.634392528453716,6.935456041869379,-6.730098798221496,8.420767129872338e-15
46.12029256146997,11.821356936112526,10.636399698382052,6.939107346232502,-6.731779130804759,6.73661370389787e-14
46.127483420257995,11.81421135174459,10.638421513480141,6.942766975830287,-6.733460088843033,0.0
46.13467261847071,11.807064174698095,10.640457993093634,6.946434942257256,-6.735141672600645,-5.0524602779234026e-14
46.14186015453045,11.799915403209763,10.64250915656819,6.95011125710785,-6.73682388234234,-8.420767129872338e-15
46.14904602685955,11.792765035516352,10.644575023249462,6.953795931976453,-6.738506718333284,0.0
46.15623023388037,11.78561306985467,10.646655612483109,6.957488978457365,-6.740190180839055,-2.5262301389617013e-14
46.163412774015306,11.778459504461551,10.648750943614777,6.961190408144822,-6.741874270125658,5.0524602779234026e-14
46.17059364568671,11.77130433757389,10.650861035990127,6.964900232632985,-6.743558986459497,-4.210383564936169e-14
46.17777284731699,11.7641475674286,10.652985908954815,6.968618463515945,-6.745244330107394,-8.420767129872338e-15
46.18495037732854,11.756989192262653,10.655125581854497,6.972345112387716,-6.746930301336583,0.0
46.192126234143785,11.74982921031305,10.657280074034823,6.976080190842248,-6.748616900414701,5.894536990910637e-14
46.199300416185146,11.742667619816844,10.65944940484145,6.9798237104734095,-6.750304127609799,-1.6841534259744676e-14
46.20647292187506,11.735504419011114,10.661633593620033,6.983575682875007,-6.751991983190328,1.6841534259744676e-14
46.21364374963598,11.728339606132984,10.66383265971623,6.987336119640762,-6.753680467425148,-8.420767129872338e-15
46.220812897890376,11.721173179419624,10.66604662247569,6.991105032364328,-6.755369580583513,-4.210383564936169e-14
46.22798036506071,11.71400513710823,10.668275501244077,6.994882432639285,-6.7570593229350875,2.5262301389617013e-14
46.23514614956946,11.706835477436053,10.670519315367034,6.99866833205914,-6.758749694749931,-4.210383564936169e-14
46.24231024983915,11.699664198640365,10.672778084190224,7.002462742217327,-6.760440696298503,5.0524602779234026e-14
46.249472664292256,11.692491298958483,10.675051827059304,7.006265674707198,-6.762132327851651,8.420767129872338e-15
46.25663339135132,11.685316776627774,10.677340563319923,7.01007714112204,-6.763824589680632,-1.6841534259744676e-14
46.26379242943886,11.678140629885624,10.679644312317741,7.013897153055062,-6.765517482057081,-1.6841534259744676e-14
46.27094977697743,11.670962856969465,10.681963093398405,7.017725722099399,-6.767211005253039,5.0524602779234026e-14
46.27810543238958,11.663783456116771,10.684296925907578,7.021562859848104,-6.7689051595409255,1.6841534259744676e-14
46.28525939409788,11.656602425565044,10.686645829190915,7.025408577894165,-6.770599945193556,-2.5262301389617013e-14
46.29241166052491,11.649419763551823,10.689009822594066,7.029262887830484,-6.772295362484129,9.262843842859572e-14
46.299562230093244,11.642235468314693,10.691388925462688,7.033125801249898,-6.7739914116862305,2.5262301389617013e-14
46.30671110122551,11.635049538091264,10.69378315714244,7.036997329745157,-6.775688093073832,8.420767129872338e-15
46.31385827234431,11.627861971119197,10.696192536978968,7.0408774849089415,-6.777385406921282,-2.5262301389617013e-14
46.32100374187227,11.620672765636163,10.698617084317936,7.044766278333851,-6.779083353503318,1.6841534259744676e-14
46.32814750823204,11.613481919879897,10.701056818504995,7.048663721612417,-6.780781933095058,-6.73661370389787e-14
46.33528956984627,11.60628943208815,10.703511758885801,7.052569826337079,-6.7824811459719845,4.210383564936169e-14
46.3424299251376,11.599095300498718,10.705981924806006,7.056484604100215,-6.784180992409976,-5.894536990910637e-14
46.34956857252873,11.591899523349424,10.708467335611271,7.060408066494115,-6.785881472685267,0.0
46.35670551044234,11.584702098878132,10.710968010647246,7.064340225110994,-6.7875825870744855,-7.578690416885104e-14
46.36384073730113,11.57750302532274,10.713483969259586,7.06828109154299,-6.789284335854614,-8.420767129872338e-15
46.37097425152782,11.570302300921163,10.716015230793948,7.072230677382162,-6.790986719303018,-3.368306851948935e-14
46.378106051545124,11.563099923911382,10.718561814595988,7.076188994220485,-6.792689737697422,8.420767129872338e-15
46.385236135775784,11.555895892531383,10.72112374001136,7.080156053649871,-6.794393391315933,0.0
46.39236450264255,11.548690205019202,10.723701026385717,7.084131867262132,-6.796097680437008,7.578690416885104e-14
46.39949115056818,11.541482859612895,10.726293693064715,7.088116446649018,-6.79780260533948,1.6841534259744676e-14
46.40661607797545,11.534273854550557,10.72890175939401,7.0921098034021925,-6.7995081663025445,2.5262301389617013e-14
46.41373928328715,11.527063188070322,10.731525244719254,7.096111949113236,-6.801214363605755,0.0
46.42086076492607,11.519850858410344,10.734164168386108,7.100122895373653,-6.802921197529024,-8.420767129872338e-15
46.42798052131503,11.512636863808815,10.736818549740223,7.10414265377487,-6.804628668352633,-1.6841534259744676e-14
46.43509855087684,11.505421202503957,10.739488408127254,7.1081712359082285,-6.80633677635721,-4.210383564936169e-14
46.44221485203435,11.498203872734027,10.742173762892854,7.112208653364995,-6.808045521823748,-7.578690416885104e-14
46.449329423210415,11.49098487273731,10.744874633382684,7.116254917736345,-6.8097549050335875,8.420767129872338e-15
46.45644226282787,11.48376420075212,10.747591038942392,7.120310040613387,-6.81146492626843,0.0
46.463553369309615,11.476541855016803,10.750322998917639,7.124374033587134,-6.813175585810323,3.368306851948935e-14
46.47066274107853,11.469317833769745,10.753070532654075,7.128446908248527,-6.814886883941666,-2.5262301389617013e-14
46.47777037655751,11.462092135249343,10.755833659497362,7.13252867618842,-6.81659882094521,-3.368306851948935e-14
46.48487627416946,11.454864757694041,10.758612398793145,7.136619348997586,-6.818311397104052,-5.0524602779234026e-14
46.491980432337314,11.447635699342301,10.76140676988709,7.140718938266716,-6.8200246127016335,5.894536990910637e-14
46.499082849484004,11.440404958432625,10.764216792124843,7.144827455586425,-6.821738468021744,4.210383564936169e-14
46.50618352403248,11.433172533203534,10.767042484852064,7.148944912547233,-6.823452963348517,0.0
46.513282454405704,11.425938421893584,10.769883867414405,7.153071320739587,-6.825168098966428,-8.420767129872338e-15
46.52037963902666,11.418702622741357,10.772740959157526,7.157206691753839,-6.826883875160287,-2.5262301389617013e-14
46.52747507631831,11.411465133985466,10.77561377942707,7.161351037180275,-6.828600292215253,-4.210383564936169e-14
46.53456876470369,11.40422595386455,10.778502347568708,7.165504368609078,-6.830317350416814,-5.0524602779234026e-14
46.54166070260578,11.396985080617277,10.781406682928084,7.1696666976303645,-6.832035050050799,-8.420767129872338e-15
46.548750888447636,11.38974251248234,10.784326804850858,7.173838035834156,-6.833753391403378,5.894536990910637e-14
46.555839320652275,11.382498247698464,10.787262732682684,7.178018394810386,-6.83547237476104,-5.894536990910637e-14
46.56292599764275,11.375252284504393,10.790214485769214,7.182207786148917,-6.837192000410621,1.6841534259744676e-14
46.57001091784213,11.368004621138912,10.79318208345611,7.186406221439514,-6.8389122686392785,-3.368306851948935e-14
46.57709407967349,11.360755255840822,10.796165545089018,7.190613712271862,-6.840633179734505,-5.0524602779234026e-14
46.584175481559924,11.35350418684895,10.799164890013598,7.194830270235563,-6.842354733984121,-5.894536990910637e-14
46.59125512192453,11.346251412402149,10.802180137575505,7.199055906920131,-6.844076931676273,2.5262301389617013e-14
46.59833299919042,11.338996930739304,10.805211307120395,7.203290633914985,-6.845799773099427,-2.5262301389617013e-14
46.60540911178073,11.331740740099328,10.80825841799392,7.207534462809476,-6.847523258542384,8.420767129872338e-15
46.61248345811859,11.324482838721144,10.811321489541736,7.2117874051928545,-6.849247388294263,-2.5262301389617013e-14
46.619556036627166,11.317223224843715,10.814400541109503,7.216049472654285,-6.850972162644495,3.368306851948935e-14
46.62662684572962,11.309961896706024,10.817495592042864,7.22032067678286,-6.8526975818828575,1.6841534259744676e-14
46.633695883849114,11.30269885254708,10.820606661687487,7.224601029167557,-6.854423646299415,-5.894536990910637e-14
46.64076314940887,11.295434090605916,10.823733769389017,7.228890541397297,-6.856150356184568,-5.894536990910637e-14
46.64782864083207,11.288167609121576,10.826876934493116,7.233189225060894,-6.857877711829032,4.210383564936169e-14
46.65489235654194,11.280899406333159,10.830036176345436,7.237497091747075,-6.859605713523834,0.0
46.66195429496172,11.273629480479757,10.833211514291632,7.241814153044485,-6.8613343615603135,-8.420767129872338e-15
46.66901445451463,11.266357829800501,10.836402967677362,7.246140420541682,-6.863063656230127,3.368306851948935e-14
46.676072833623955,11.25908445253454,10.839610555848276,7.250475905827128,-6.8647935978252335,0.0
46.68312943071294,11.25180934692105,10.842834298150033,7.254820620489203,-6.866524186637912,-1.6841534259744676e-14
46.69018424420488,11.244532511199225,10.846074213928286,7.259174576116189,-6.868255422960743,-3.368306851948935e-14
46.69723727252306,11.237253943608286,10.849330322528688,7.263537784296296,-6.869987307086617,-5.894536990910637e-14
46.70428851409079,11.229973642387472,10.8526026432969,7.267910256617624,-6.871719839308725,0.0
46.7113379673314,11.222691605776054,10.855891195578572,7.272292004668193,-6.873453019920571,2.5262301389617013e-14
46.71838563066822,11.215407832013309,10.85919599871936,7.276683040035932,-6.875186849215953,-1.6841534259744676e-14
46.72543150252459,11.208122319338544,10.86251707206492,7.281083374308681,-6.876921327488977,2.5262301389617013e-14
46.732475581323875,11.20083506599109,10.865854434960907,7.285493019074188,-6.878656455034045,0.0
