galstreams/tracks/track.st.Pal5.ibata2021.ecsv
# %ECSV 0.9
# ---
# datatype:
# - {name: ra, unit: deg, datatype: float64}
# - {name: dec, unit: deg, datatype: float64}
# - {name: distance, unit: kpc, datatype: float64}
# - {name: pm_ra_cosdec, unit: mas / yr, datatype: float64}
# - {name: pm_dec, unit: mas / yr, datatype: float64}
# - {name: radial_velocity, unit: km / s, datatype: float64}
# delimiter: ','
# meta: !!omap
# - __serialized_columns__:
#     dec:
#       __class__: astropy.coordinates.angles.Latitude
#       unit: &id001 !astropy.units.Unit {unit: deg}
#       value: !astropy.table.SerializedColumn {name: dec}
#     distance:
#       __class__: astropy.coordinates.distances.Distance
#       unit: !astropy.units.Unit {unit: kpc}
#       value: !astropy.table.SerializedColumn {name: distance}
#     pm_dec:
#       __class__: astropy.units.quantity.Quantity
#       unit: !astropy.units.Unit {unit: mas / yr}
#       value: !astropy.table.SerializedColumn {name: pm_dec}
#     pm_ra_cosdec:
#       __class__: astropy.units.quantity.Quantity
#       unit: !astropy.units.Unit {unit: mas / yr}
#       value: !astropy.table.SerializedColumn {name: pm_ra_cosdec}
#     ra:
#       __class__: astropy.coordinates.angles.Longitude
#       unit: *id001
#       value: !astropy.table.SerializedColumn {name: ra}
#       wrap_angle: !astropy.coordinates.Angle
#         unit: *id001
#         value: 360.0
#     radial_velocity:
#       __class__: astropy.units.quantity.Quantity
#       unit: !astropy.units.Unit {unit: km / s}
#       value: !astropy.table.SerializedColumn {name: radial_velocity}
# schema: astropy-2.0
ra,dec,distance,pm_ra_cosdec,pm_dec,radial_velocity
[from data line 272]
224.56591574470477,-4.810561542024651,20.23911463223608,-2.914337528198551,-3.308286088455005,1.642049590325106e-13
224.5718515171828,-4.801513106681943,20.246089998305408,-2.914211443761036,-3.3070338409441398,1.515738083377021e-13
224.57779094750848,-4.7924700898587265,20.253052008974088,-2.9140848087158973,-3.305782415499284,9.262843842859572e-14
224.58373403359454,-4.783432488441949,20.26000067385845,-2.913957624885091,-3.3045318123410534,1.5578419190263825e-13
224.58968077335425,-4.774400299318745,20.26693600257482,-2.9138298940902545,-3.3032820316902254,2.315710960714893e-13
224.59563116470179,-4.76537351937618,20.27385800473954,-2.913701618152701,-3.3020330737677384,1.9788802755199994e-13
224.60158520555171,-4.756352145501508,20.280766689968935,-2.913572798893429,-3.300784938794699,2.1893994537668078e-13
224.6075428938195,-4.747336174581925,20.287662067879335,-2.9134434381331134,-3.2995376269923775,2.315710960714893e-13
224.61350422742103,-4.738325603504775,20.294544148087066,-2.913313537692111,-3.2982911385822065,1.768361097273191e-13
224.61946920427297,-4.729320429157466,20.30141294020847,-2.913183099390465,-3.297045473785782,2.2736071250655313e-13
224.62543782229267,-4.720320648427384,20.308268453859867,-2.913052125047895,-3.2958006328248666,1.515738083377021e-13
224.63141007939794,-4.711326258202089,20.315110698657595,-2.9129206164838135,-3.294556615921385,2.315710960714893e-13
224.63738597350752,-4.702337255369095,20.321939684217973,-2.9127885755173084,-3.2933134232974286,2.442022467662978e-13
224.64336550254055,-4.693353636816099,20.328755420157346,-2.912656003967157,-3.292071055175249,1.515738083377021e-13
224.64934866441686,-4.684375399430738,20.33555791609203,-2.912522903651819,-3.2908295117772655,1.642049590325106e-13
224.655335457057,-4.675402540100846,20.34234718163837,-2.9123892763894443,-3.2895887933260597,8.420767129872338e-14
224.6613258783821,-4.6664350557141905,20.34912322641268,-2.912255123997867,-3.2883489000443786,1.6841534259744677e-13
224.66731992631392,-4.657472943158708,20.3558860600313,-2.9121204482946097,-3.287109832155136,1.3052189051302125e-13
224.67331759877476,-4.6485161993223985,20.362635692110565,-2.911985251096884,-3.285871589881403,1.1368035625327657e-13
224.67931889368776,-4.639564821093236,20.3693721322668,-2.9118495342215898,-3.2846341734464235,2.020984111169361e-13
224.68532380897648,-4.630618805359399,20.376095390116333,-2.9117132994853154,-3.2833975830736,2.1051917824680845e-13
224.69133234256526,-4.621678149008991,20.3828054752755,-2.9115765487043417,-3.2821618189865034,6.73661370389787e-14
224.69734449237885,-4.61274284893033,20.38950239736063,-2.9114392836946386,-3.2809268814088655,1.221011233831489e-13
224.70336025634288,-4.603812902011672,20.39618616598804,-2.9113015062718706,-3.279692770564588,2.020984111169361e-13
224.7093796323834,-4.594888305141468,20.40285679077408,-2.9111632182513896,-3.2784594866777304,1.4315304120782974e-13
224.71540261842713,-4.585969055208119,20.409514281335074,-2.9110244214482446,-3.277227029972522,1.5578419190263825e-13
224.7214292124014,-4.5770551491002225,20.416158647287354,-2.910885117677177,-3.2759954006733563,1.0946997268834039e-13
224.7274594122342,-4.568146583706321,20.422789898247235,-2.9107453087526234,-3.274764599004789,1.768361097273191e-13
224.73349321585405,-4.55924335591513,20.42940804383107,-2.910604996488712,-3.2735346251915423,2.1893994537668078e-13
224.73953062119008,-4.550345462615441,20.436013093655177,-2.9104641826992683,-3.272305479458502,1.6841534259744677e-13
224.74557162617208,-4.5414529006960125,20.44260505733589,-2.9103228691978185,-3.271077162030723,2.3578147963642546e-13
224.7516162287303,-4.532565667045824,20.449183944489537,-2.9101810577975784,-3.269849673133418,2.73674931720851e-13
224.75766442679588,-4.523683758553788,20.45574976473245,-2.9100387503114677,-3.268623012991971,2.063087946818723e-13
224.76371621830017,-4.514807172109029,20.462302527680954,-2.909895948552098,-3.2673971818319245,8.841805486365955e-14
224.7697716011754,-4.505935904600618,20.468842242951393,-2.9097526543317858,-3.266172179878992,2.315710960714893e-13
224.77583057335423,-4.497069952917835,20.47536892016008,-2.9096088694625433,-3.26494800735905,2.3578147963642546e-13
224.78189313277005,-4.4882093139499055,20.481882568923357,-2.9094645957560856,-3.2637246644981386,1.2631150694808508e-13
224.78795927735663,-4.479353984586264,20.488383198857555,-2.909319835023827,-3.2625021515224626,2.2736071250655313e-13
224.79402900504863,-4.470503961716295,20.494870819578995,-2.9091745890768825,-3.261280468658393,1.0104920555846805e-13
224.80010231378094,-4.461659242229564,20.50134544070401,-2.909028859726072,-3.2600596161324678,1.515738083377021e-13
224.80617920148921,-4.452819823015706,20.507807071848944,-2.9088826487819146,-3.258839594171384,7.157652060391487e-14
224.81225966610972,-4.443985700964354,20.51425572263011,-2.908735958054636,-3.25762040300201,1.2631150694808508e-13
224.81834370557922,-4.435156872965339,20.52069140266385,-2.908588789354164,-3.256402042851374,1.221011233831489e-13
224.82443131783506,-4.426333335908453,20.527114121566488,-2.9084411444901344,-3.2551845139466744,1.221011233831489e-13
224.8305225008151,-4.417515086683696,20.53352388895436,-2.908293025271882,-3.253967816515268,2.2315032894161697e-13
224.83661725245798,-4.408702122181024,20.539920714443788,-2.9081444335084523,-3.2527519507846834,1.4736342477276593e-13
224.8427155707026,-4.399894439290604,20.546304607651106,-2.907995371008602,-3.2515369169826123,1.9788802755199994e-13
224.84881745348872,-4.391092034902558,20.552675578192652,-2.9078458395807836,-3.2503227153369063,1.0525958912340423e-13
224.8549228987564,-4.382294905907188,20.559033635684745,-2.907695841033166,-3.2491093460755898,1.8104649329225526e-13
224.86103190444635,-4.373503049194885,20.56537878974372,-2.9075453771736255,-3.2478968094268463,2.315710960714893e-13
224.8671444685,-4.364716461656028,20.571711049985907,-2.907394449809748,-3.246685105619028,2.442022467662978e-13
224.87326058885907,-4.355935140181208,20.57803042602764,-2.907243060748823,-3.245474234880647,2.1051917824680845e-13
224.87938026346603,-4.347159081660974,20.584336927485246,-2.9070912117978622,-3.24426419744039,2.1051917824680845e-13
224.88550349026374,-4.338388282986099,20.590630563975054,-2.906938904763577,-3.2430549935270974,1.5578419190263825e-13
224.89163026719578,-4.329622741047301,20.596911345113398,-2.906786141452398,-3.241846623369784,2.020984111169361e-13
224.89776059220614,-4.320862452735528,20.603179280516606,-2.9066329236704664,-3.240639087197622,1.8104649329225526e-13
224.9038944632394,-4.312107414941681,20.60943437980101,-2.906479253223635,-3.2394323852399554,2.694645481559148e-13
224.91003187824066,-4.30335762455688,20.61567665258294,-2.9063251319174697,-3.238226517726287,2.3999186320136165e-13
224.91617283515566,-4.294613078472209,20.62190610847873,-2.9061705615572535,-3.2370214848862875,1.8525687685719145e-13
224.92231733193051,-4.2858737735789365,20.6281227571047,-2.9060155439479844,-3.235817286949794,1.8525687685719145e-13
224.92846536651192,-4.27713970676842,20.634326608077192,-2.905860080894374,-3.2346139241468084,1.894672604221276e-13
224.93461693684722,-4.268410874932014,20.640517671012528,-2.905704174200852,-3.233411396707494,2.2315032894161697e-13
224.94077204088416,-4.259687274961298,20.646695955527036,-2.9055478256715634,-3.2322097048621807,1.8104649329225526e-13
224.94693067657104,-4.250968903747806,20.65286147123706,-2.9053910371103733,-3.2310088488413666,2.2315032894161697e-13
224.95309284185674,-4.242255758183296,20.65901422775892,-2.9052338103208584,-3.2298088288757087,1.7262572616238293e-13
224.95925853469063,-4.233547835159498,20.665154234708954,-2.905076147106323,-3.228609645196033,1.515738083377021e-13
224.9654277530225,-4.224845131568356,20.67128150170348,-2.9049180492697873,-3.22741129803333,1.642049590325106e-13
224.97160049480289,-4.216147644301787,20.677396038358832,-2.9047595186139894,-3.2262137876187564,2.48412630331234e-13
224.9777767579826,-4.207455370251923,20.68349785429136,-2.9046005569413884,-3.2250171141836272,2.063087946818723e-13
224.98395654051316,-4.1987683063108685,20.689586959117367,-2.904441166054169,-3.2238212779594284,1.9788802755199994e-13
224.99013984034653,-4.190086449370919,20.695663362453196,-2.904281347754234,-3.2226262791778124,1.3894265764289357e-13
224.996326655435,-4.181409796324467,20.70172707391518,-2.9041211038432095,-3.2214321180705876,2.3999186320136165e-13
225.00251698373177,-4.172738344063904,20.707778103119644,-2.903960436122444,-3.2202387948697364,2.1893994537668078e-13
225.00871082319014,-4.1640720894818495,20.713816459682914,-2.9037993463930127,-3.2190463098074007,1.8525687685719145e-13
225.01490817176418,-4.15541102947089,20.719842153221332,-2.9036378364557134,-3.217854663115888,2.1051917824680845e-13
225.0211090274083,-4.146755160923837,20.725855193351226,-2.9034759081110666,-3.2166638550276714,1.642049590325106e-13
225.02731338807754,-4.138104480733478,20.73185558968892,-2.9033135631593243,-3.215473885775387,1.768361097273191e-13
225.03352125172734,-4.1294589857928266,20.737843351850746,-2.9031508034004583,-3.2142847555918364,2.568333974611063e-13
225.03973261631376,-4.120818672994861,20.743818489453037,-2.902987630634171,-3.213096464709986,2.5262301389617017e-13
225.04594747979317,-4.112183539232763,20.74978101211213,-2.9028240466598927,-3.2119090133629666,2.7788531528578715e-13
225.05216584012254,-4.103553581399817,20.75573092944434,-2.9026600532767812,-3.2107224017840728,1.9367764398706378e-13
225.0583876952594,-4.094928796389307,20.761668251066002,-2.902495652283722,-3.2095366302067645,1.221011233831489e-13
225.06461304316156,-4.086309181094746,20.767592986593456,-2.902330845479332,-3.2083516988646648,1.9788802755199994e-13
225.07084188178757,-4.077694732409623,20.77350514564303,-2.902165634661954,-3.2071676079915608,1.642049590325106e-13
225.07707420909625,-4.069085447227662,20.779404737831044,-2.902000021629666,-3.2059843578214076,1.4736342477276593e-13
225.08331002304706,-4.060481322442557,20.785291772773842,-2.9018340081802765,-3.204801948588319,1.8104649329225526e-13
225.0895493215998,-4.051882354948234,20.791166260087742,-2.9016675961113267,-3.2036203805265795,2.2736071250655313e-13
225.09579210271488,-4.043288541638595,20.79702820938908,-2.9015007872200833,-3.2024396538706297,2.2736071250655313e-13
225.1020383643531,-4.034699879407778,20.802877630294184,-2.901333583303556,-3.2012597688550826,1.8525687685719145e-13
225.10828810447575,-4.02611636514989,20.808714532419394,-2.90116598615848,-3.200080725714708,2.1893994537668078e-13
225.1145413210446,-4.017537995759251,20.81453892538103,-2.9009979975813325,-3.198902524684447,2.1051917824680845e-13
225.12079801202185,-4.008964768130275,20.820350818795426,-2.9008296193683174,-3.197725165999397,2.8209569885072334e-13
225.1270581753703,-4.0003966791573955,20.82615022227891,-2.9006608533153804,-3.196548649894826,1.9788802755199994e-13
225.133321809053,-3.991833725735277,20.83193714544781,-2.9004917012182014,-3.1953729766061616,2.3999186320136165e-13
225.1395889110337,-3.983275904758561,20.837711597918467,-2.900322164872196,-3.1941981463689975,1.5578419190263825e-13
225.14585947927642,-3.9747232131221284,20.843473589307205,-2.9001522460725173,-3.19302415941909,1.9788802755199994e-13
225.15213351174575,-3.9661756477208385,20.849223129230353,-2.8999819466140573,-3.191851015992358,2.1051917824680845e-13
225.15841100640668,-3.9576332054497887,20.854960227304243,-2.899811268291449,-3.1906787163248884,1.4736342477276593e-13
225.16469196122472,-3.9490958832040572,20.8606848931452,-2.899640212899058,-3.189507260652928,1.5578419190263825e-13
225.17097637416575,-3.9405636778789224,20.86639713636957,-2.8994687822309952,-3.188336649212887,1.642049590325106e-13
225.1772642431961,-3.9320365863697835,20.87209696659367,-2.899296978081111,-3.1871668822413404,2.315710960714893e-13
225.18355556628273,-3.9235146055720427,20.877784393433835,-2.8991248022429943,-3.185997959975028,1.5578419190263825e-13
225.1898503413928,-3.9149977323813494,20.88345942650639,-2.898952256509978,-3.1848298826508503,1.9788802755199994e-13
225.1961485664941,-3.9064859636933322,20.88912207542767,-2.8987793426751365,-3.1836626505058714,2.7788531528578715e-13
225.2024502395547,-3.8979792964038595,20.89477234981401,-2.898606062531288,-3.1824962637773218,2.1051917824680845e-13
225.2087553585433,-3.8894777274087877,20.900410259281728,-2.8984324178709917,-3.18133072270259,3.410410687598297e-13
225.21506392142888,-3.8809812536042076,20.90603581344716,-2.8982584104865508,-3.1801660275192334,2.1472956181174462e-13
225.221375926181,-3.872489871886201,20.911649021926653,-2.8980840421700176,-3.1790021784649674,1.7262572616238293e-13
225.22769137076943,-3.864003579151088,20.917249894336507,-2.897909314713184,-3.177839175777674,2.7788531528578715e-13
225.2340102531647,-3.8555223722951713,20.922838440293074,-2.897734229907592,-3.1766770196953966,1.9367764398706378e-13
225.24033257133755,-3.8470462482149737,20.92841466941268,-2.897558789544526,-3.1755157104563416,2.1051917824680845e-13
225.24665832325908,-3.8385752038071255,20.93397859131165,-2.8973829954150174,-3.174355248298877,1.347322740779574e-13
225.25298750690104,-3.8301092359682776,20.939530215606318,-2.8972068493098524,-3.1731956334615363,3.031476166754042e-13
225.25932012023546,-3.821648341595325,20.94506955191302,-2.8970303530195567,-3.1720368661830136,2.73674931720851e-13
225.26565616123492,-3.813192517585149,20.95059660984808,-2.8968535083344094,-3.170878946702167,1.6841534259744677e-13
225.2719956278722,-3.80474176083488,20.956111399027822,-2.8966763170444363,-3.169721875258016,2.694645481559148e-13
225.27833851812076,-3.796296068241632,20.961613929068587,-2.8964987809394156,-3.1685656520897423,2.9472684954553185e-13
225.28468482995427,-3.7878554367027695,20.967104209586704,-2.896320901808874,-3.16741027743669,2.1051917824680845e-13
225.291034561347,-3.7794198631156424,20.9725822501985,-2.8961426814420914,-3.1662557515383685,2.1893994537668078e-13
225.29738771027345,-3.7709893443778477,20.978048060520308,-2.8959641216280962,-3.1651020746344427,1.4315304120782974e-13
225.30374427470872,-3.7625638773869765,20.983501650168463,-2.8957852241556736,-3.163949246964747,2.694645481559148e-13
225.31010425262815,-3.7541434590408302,20.988943028759284,-2.8956059908133565,-3.1627972687692743,2.1893994537668078e-13
225.31646764200755,-3.7457280862373366,20.994372205909105,-2.895426423389435,-3.1616461402881804,2.315710960714893e-13
225.32283444082327,-3.7373177558744364,20.99978919123426,-2.8952465236719545,-3.160495861761781,2.1893994537668078e-13
225.3292046470518,-3.728912464850329,21.005193994351078,-2.8950662934487092,-3.159346433430556,2.5262301389617017e-13
225.33557825867032,-3.720512210063203,21.010586624875895,-2.894885734507252,-3.1581978555351453,1.7262572616238293e-13
225.3419552736562,-3.712116988411494,21.01596709242503,-2.8947048486348956,-3.1570501283163535,1.8525687685719145e-13
225.34833568998732,-3.7037267967936347,21.02133540661482,-2.8945236376187005,-3.1559032520151433,1.642049590325106e-13
225.3547195056419,-3.6953416321083026,21.026691577061595,-2.8943421032454903,-3.1547572268726376,1.5578419190263825e-13
225.36110671859862,-3.6869614912541775,21.032035613381687,-2.8941602473018464,-3.1536120531301286,2.2315032894161697e-13
225.36749732683646,-3.678586371130183,21.03736752519142,-2.8939780715741033,-3.1524677310290588,2.1472956181174462e-13
225.37389132833493,-3.6702162686352398,21.042687322107138,-2.8937955778483593,-3.1513242608110406,2.2736071250655313e-13
225.38028872107384,-3.6618511806684917,21.04799501374515,-2.8936127679104713,-3.1501816427178455,2.3999186320136165e-13
225.3866895030333,-3.6534911041292024,21.05329060972181,-2.893429643546051,-3.1490398769914014,1.9367764398706378e-13
