galstreams/tracks/track.st.Monoceros.ramos2021.ecsv
# %ECSV 0.9
# ---
# datatype:
# - {name: ra, unit: deg, datatype: float64}
# - {name: dec, unit: deg, datatype: float64}
# - {name: distance, unit: kpc, datatype: float64}
# - {name: pm_ra_cosdec, unit: mas / yr, datatype: float64}
# - {name: pm_dec, unit: mas / yr, datatype: float64}
# - {name: radial_velocity, unit: km / s, datatype: float64}
# delimiter: ','
# meta: !!omap
# - __serialized_columns__:
#     dec:
#       __class__: astropy.coordinates.angles.Latitude
#       unit: &id001 !astropy.units.Unit {unit: deg}
#       value: !astropy.table.SerializedColumn {name: dec}
#     distance:
#       __class__: astropy.coordinates.distances.Distance
#       unit: !astropy.units.Unit {unit: kpc}
#       value: !astropy.table.SerializedColumn {name: distance}
#     pm_dec:
#       __class__: astropy.units.quantity.Quantity
#       unit: !astropy.units.Unit {unit: mas / yr}
#       value: !astropy.table.SerializedColumn {name: pm_dec}
#     pm_ra_cosdec:
#       __class__: astropy.units.quantity.Quantity
#       unit: !astropy.units.Unit {unit: mas / yr}
#       value: !astropy.table.SerializedColumn {name: pm_ra_cosdec}
#     ra:
#       __class__: astropy.coordinates.angles.Longitude
#       unit: *id001
#       value: !astropy.table.SerializedColumn {name: ra}
#       wrap_angle: !astropy.coordinates.Angle
#         unit: *id001
#         value: 360.0
#     radial_velocity:
#       __class__: astropy.units.quantity.Quantity
#       unit: !astropy.units.Unit {unit: km / s}
#       value: !astropy.table.SerializedColumn {name: radial_velocity}
# schema: astropy-2.0
ra,dec,distance,pm_ra_cosdec,pm_dec,radial_velocity
[from data line 2908]
109.48477701758587,46.46942045505688,10.6,0.05762279332039768,-0.938519606631381,4.210383564936169e-15
109.49153309195333,46.46052574485127,10.6,0.057385858895344005,-0.9386622336361206,1.2631150694808506e-14
109.49828924819391,46.45163129839946,10.6,0.05714841283524799,-0.9388034620080019,1.2631150694808506e-14
109.5050454922198,46.442737117139714,10.6,0.056910457424018346,-0.9389432906357656,8.420767129872338e-15
109.51180182993957,46.4338432025089,10.6,0.056671994957008066,-0.9390817184376781,8.420767129872338e-15
109.51855826725773,46.42494955594243,10.600000000000001,0.05643302774091985,-0.9392187443615727,4.210383564936169e-15
109.52531481007479,46.41605617887415,10.6,0.05619355809370652,-0.939354367384895,0.0
109.5320714642869,46.40716307273635,10.599999999999998,0.055953588344473754,-0.9394885865147382,-4.210383564936169e-15
109.53882823578579,46.39827023895966,10.599999999999998,0.05571312083337973,-0.9396214007878844,4.210383564936169e-15
109.54558513045846,46.38937767897302,10.599999999999998,0.055472157911537284,-0.9397528092708451,8.420767129872338e-15
109.55234215418713,46.38048539420364,10.6,0.05523070194091409,-0.9398828110598985,4.210383564936169e-15
109.5590993128489,46.37159338607692,10.6,0.054988755294232416,-0.9400114052811266,8.420767129872338e-15
109.56585661231574,46.36270165601638,10.6,0.05474632035486865,-0.9401385910904523,0.0
109.57261405845416,46.353810205443665,10.6,0.05450339951675346,-0.9402643676736774,0.0
109.57937165712508,46.34491903577845,10.600000000000001,0.054259995184270576,-0.9403887342465164,4.210383564936169e-15
109.58612941418366,46.33602814843838,10.6,0.05401610977215377,-0.9405116900546326,-4.210383564936169e-15
109.59288733547912,46.32713754483906,10.600000000000001,0.05377174570538817,-0.9406332343736722,8.420767129872338e-15
109.59964542685454,46.31824722639395,10.6,0.05352690541910504,-0.9407533665092982,0.0
109.60640369414662,46.30935719451436,10.6,0.053281591358482094,-0.940872085797223,8.420767129872338e-15
109.61316214318568,46.30046745060937,10.6,0.05303580597863786,-0.940989391603241,8.420767129872338e-15
109.61992077979524,46.291577996085756,10.6,0.052789551744531316,-0.9411052833232618,4.210383564936169e-15
109.626679609792,46.282688832348015,10.600000000000001,0.052542831130856255,-0.941219760383338,0.0
109.6334386389857,46.27379996079821,10.600000000000001,0.05229564662193864,-0.9413328222396993,4.210383564936169e-15
109.64019787317872,46.264911382836,10.600000000000001,0.05204800071163182,-0.9414444683787795,4.210383564936169e-15
109.64695731816614,46.25602309985857,10.6,0.05179989590321282,-0.9415546983172465,4.210383564936169e-15
109.65371697973544,46.24713511326054,10.599999999999998,0.05155133470927689,-0.9416635116020324,1.2631150694808506e-14
109.66047686366632,46.23824742443398,10.600000000000001,0.051302319651631685,-0.9417709078103573,8.420767129872338e-15
109.66723697573056,46.2293600347683,10.600000000000001,0.051052853261193305,-0.9418768865497607,4.210383564936169e-15
109.67399732169187,46.22047294565021,10.6,0.050802938077879604,-0.9419814474581247,8.420767129872338e-15
109.68075790730563,46.21158615846372,10.6,0.050552576650503944,-0.9420845902037018,-4.210383564936169e-15
109.68751873831877,46.202699674589994,10.600000000000001,0.050301771536668934,-0.9421863144851376,0.0
109.69427982046962,46.19381349540742,10.6,0.0500505253026601,-0.9422866200314983,-8.420767129872338e-15
109.70104115948764,46.18492762229144,10.6,0.04979884052333831,-0.9423855066022921,4.210383564936169e-15
109.70780276109335,46.176042056614605,10.600000000000001,0.049546719782032504,-0.9424829739874925,0.0
109.71456463099811,46.16715679974644,10.600000000000001,0.04929416567043157,-0.9425790220075616,1.2631150694808506e-14
109.72132677490396,46.15827185305347,10.6,0.049041180788477794,-0.9426736505134712,-4.210383564936169e-15
109.72808919850338,46.149387217899076,10.599999999999998,0.048787767744256916,-0.942766859386723,0.0
109.7348519074793,46.14050289564354,10.599999999999998,0.048533929153890605,-0.9428586485393704,1.2631150694808506e-14
109.74161490750467,46.131618887643995,10.599999999999998,0.048279667641427604,-0.9429490179140371,4.210383564936169e-15
109.74837820424253,46.12273519525425,10.599999999999998,0.048024985838733575,-0.9430379674839369,-4.210383564936169e-15
109.7551418033457,46.11385181982489,10.600000000000001,0.04776988638538324,-0.9431254972528902,0.0
109.76190571045662,46.10496876270316,10.6,0.047514371928549265,-0.9432116072553445,8.420767129872338e-15
109.7686699312073,46.09608602523293,10.599999999999998,0.04725844512289318,-0.9432962975563893,1.2631150694808506e-14
109.77543447121896,46.087203608754635,10.599999999999998,0.04700210863045498,-0.9433795682517715,0.0
109.78219933610205,46.07832151460523,10.6,0.046745365120542226,-0.9434614194679132,4.210383564936169e-15
109.78896453145595,46.06943974411815,10.6,0.046488217269619436,-0.9435418513619258,1.2631150694808506e-14
109.7957300628689,46.060558298623285,10.600000000000001,0.04623066776119697,-0.9436208641216228,4.210383564936169e-15
109.80249593591772,46.051677179446884,10.600000000000001,0.0459727192857208,-0.9436984579655355,4.210383564936169e-15
109.80926215616783,46.04279638791152,10.6,0.045714374540458874,-0.9437746331429246,8.420767129872338e-15
109.81602872917284,46.0339159253361,10.600000000000001,0.045455636229391166,-0.9438493899337917,0.0
109.82279566047465,46.02503579303574,10.6,0.04519650706309634,-0.9439227286488923,4.210383564936169e-15
109.82956295560307,46.01615599232176,10.600000000000001,0.044936989758640744,-0.9439946496297447,8.420767129872338e-15
109.83633062007578,46.00727652450165,10.6,0.04467708703946439,-0.9440651532486433,4.210383564936169e-15
109.84309865939811,45.998397390878964,10.6,0.04441680163526935,-0.944134239908663,0.0
109.84986707906299,45.989518592753384,10.6,0.04415613628190595,-0.9442019100436729,4.210383564936169e-15
109.8566358845506,45.98064013142054,10.6,0.04389509372125988,-0.9442681641183414,0.0
109.8634050813284,45.971762008172085,10.6,0.04363367670113896,-0.9443330026281438,-4.210383564936169e-15
109.87017467485082,45.96288422429556,10.600000000000001,0.04337188797515884,-0.9443964260993706,8.420767129872338e-15
109.87694467055924,45.95400678107441,10.6,0.04310973030262932,-0.9444584350891305,-4.210383564936169e-15
109.88371507388176,45.94512967978791,10.600000000000001,0.042847206448440284,-0.9445190301853591,8.420767129872338e-15
109.89048589023302,45.93625292171114,10.599999999999998,0.0425843191829475,-0.9445782120068211,8.420767129872338e-15
109.8972571250141,45.927376508114904,10.600000000000001,0.04232107128185769,-0.9446359812031138,-8.420767129872338e-15
109.90402878361235,45.91850044026573,10.599999999999998,0.04205746552611339,-0.9446923384546728,4.210383564936169e-15
109.9108008714012,45.909624719425835,10.600000000000001,0.04179350470177906,-0.9447472844727716,-4.210383564936169e-15
109.91757339374007,45.90074934685299,10.6,0.0415291915999253,-0.9448008199995268,-4.210383564936169e-15
109.92434635597418,45.89187432380059,10.599999999999998,0.04126452901651298,-0.9448529458078951,0.0
109.93111976343441,45.88299965151758,10.6,0.04099951975227836,-0.9449036627016763,0.0
109.93789362143713,45.87412533124833,10.6,0.040734166612617057,-0.9449529715155127,1.2631150694808506e-14
109.94466793528406,45.86525136423273,10.599999999999998,0.04046847240746826,-0.9450008731148889,8.420767129872338e-15
109.95144271026219,45.856377751706056,10.6,0.04020243995119807,-0.9450473683961274,8.420767129872338e-15
109.95821795164345,45.847504494898935,10.6,0.039936072062484174,-0.9450924582863893,0.0
109.96499366468483,45.838631595037306,10.599999999999998,0.039669371564197836,-0.9451361437436689,4.210383564936169e-15
109.97176985462796,45.82975905334244,10.599999999999998,0.03940234128328893,-0.9451784257567921,1.2631150694808506e-14
109.9785465266992,45.82088687103085,10.600000000000001,0.039134984050667676,-0.9452193053454097,-4.210383564936169e-15
109.98532368610928,45.81201504931418,10.599999999999998,0.03886730270108907,-0.9452587835599948,4.210383564936169e-15
109.99210133805335,45.8031435893993,10.599999999999998,0.038599300073033666,-0.9452968614818335,1.2631150694808506e-14
109.9988794877107,45.79427249248821,10.6,0.03833097900859289,-0.9453335402230221,4.210383564936169e-15
110.00565814024469,45.78540175977794,10.599999999999998,0.03806234235334921,-0.9453688209264581,4.210383564936169e-15
110.01243730080257,45.77653139246061,10.599999999999998,0.03779339295626008,-0.945402704765832,4.210383564936169e-15
110.01921697451539,45.76766139172334,10.6,0.037524133669538856,-0.9454351929456177,4.210383564936169e-15
110.02599716649779,45.758791758748174,10.6,0.03725456734853838,-0.9454662867010672,-4.210383564936169e-15
110.03277788184793,45.74992249471213,10.600000000000001,0.03698469685163172,-0.9454959872981956,0.0
110.0395591256473,45.74105360078708,10.600000000000001,0.036714525040094564,-0.9455242960337744,0.0
110.04634090296061,45.73218507813977,10.600000000000001,0.03644405477798682,-0.9455512142353169,4.210383564936169e-15
110.05312321883565,45.72331692793175,10.6,0.036173288932034,-0.9455767432610689,0.0
110.05990607830316,45.71444915131933,10.599999999999998,0.0359022303715088,-0.9456008844999929,1.2631150694808506e-14
110.06668948637666,45.70558174945358,10.599999999999998,0.03563088196811229,-0.9456236393717581,4.210383564936169e-15
110.07347344805237,45.69671472348026,10.6,0.035359246595855626,-0.9456450093267229,0.0
110.08025796830907,45.68784807453978,10.6,0.035087327130939816,-0.9456649958459229,0.0
110.08704305210789,45.6789818037672,10.599999999999998,0.03481512645163873,-0.9456836004410522,4.210383564936169e-15
110.0938287043923,45.67011591229214,10.600000000000001,0.03454264743817795,-0.94570082465445,4.210383564936169e-15
110.10061493008789,45.661250401238796,10.6,0.03426989297261682,-0.9457166700590824,1.2631150694808506e-14
110.10740173410225,45.65238527172589,10.6,0.03399686593872869,-0.9457311382585241,8.420767129872338e-15
110.11418912132496,45.6435205248666,10.600000000000001,0.03372356922188105,-0.9457442308869404,8.420767129872338e-15
110.12097709662721,45.63465616176857,10.599999999999998,0.03345000570891701,-0.94575594960907,4.210383564936169e-15
110.12776566486195,45.625792183533854,10.599999999999998,0.03317617828803526,-0.9457662961202009,8.420767129872338e-15
110.1345548308636,45.616928591258876,10.600000000000001,0.03290208984866966,-0.9457752721461548,0.0
110.141344599448,45.608065386034404,10.6,0.03262774328137075,-0.945782879443263,1.6841534259744676e-14
110.1481349754122,45.59920256894555,10.600000000000001,0.032353141477684505,-0.9457891197983448,-4.210383564936169e-15
110.15492596353442,45.59034014107163,10.600000000000001,0.032078287330033955,-0.9457939950286858,4.210383564936169e-15
110.1617175685739,45.581478103486276,10.600000000000001,0.03180318373159835,-0.9457975069820139,4.210383564936169e-15
110.16850979527081,45.57261645725728,10.600000000000001,0.031527833576193015,-0.9457996575364762,8.420767129872338e-15
110.17530264834602,45.56375520344665,10.600000000000001,0.03125223975814892,-0.9458004486006122,0.0
110.18209613250117,45.5548943431105,10.6,0.030976405172193966,-0.9457998821133318,8.420767129872338e-15
110.18889025241833,45.54603387729907,10.600000000000001,0.03070033271333183,-0.9457979600438864,4.210383564936169e-15
110.19568501276008,45.537173807056696,10.6,0.03042402527672064,-0.9457946843918423,-4.210383564936169e-15
110.20248041816927,45.52831413342173,10.600000000000001,0.03014748575755502,-0.945790057187056,0.0
110.20927647326896,45.51945485742655,10.600000000000001,0.029870717050944323,-0.9457840804896429,8.420767129872338e-15
110.21607318266227,45.51059598009758,10.6,0.029593722051791976,-0.9457767563899497,0.0
110.2228705509323,45.501737502455065,10.6,0.02931650365467564,-0.9457680870085245,8.420767129872338e-15
110.22966858264199,45.4928794255133,10.6,0.029039064753727143,-0.9457580744960874,4.210383564936169e-15
110.23646728233406,45.48402175028043,10.6,0.028761408242511582,-0.9457467210334987,8.420767129872338e-15
110.24326665453081,45.475164477758426,10.6,0.028483537013905907,-0.9457340288317271,4.210383564936169e-15
110.2500667037341,45.46630760894315,10.600000000000001,0.028205453959980614,-0.9457200001318192,4.210383564936169e-15
110.2568674344252,45.45745114482423,10.6,0.027927161971877057,-0.945704637204863,4.210383564936169e-15
110.26366885106465,45.4485950863851,10.600000000000001,0.02764866393968851,-0.9456879423519576,8.420767129872338e-15
110.27047095809225,45.4397394346029,10.600000000000001,0.02736996275233805,-0.9456699179041768,8.420767129872338e-15
110.27727375992683,45.430884190448516,10.599999999999998,0.027091061297460473,-0.945650566222535,4.210383564936169e-15
110.28407726096624,45.422029354886526,10.599999999999998,0.026811962461279065,-0.9456298896979498,-4.210383564936169e-15
110.29088146558723,45.41317492887515,10.6,0.026532669128486733,-0.9456078907512074,4.210383564936169e-15
110.29768637814533,45.40432091336625,10.6,0.02625318418212466,-0.9455845718329254,4.210383564936169e-15
110.3044920029747,45.39546730930531,10.6,0.025973510503463137,-0.9455599354235111,0.0
110.31129834438812,45.386614117631375,10.6,0.025693650971879253,-0.9455339840331293,0.0
110.31810540667688,45.37776133927704,10.600000000000001,0.025413608464738054,-0.9455067202016572,4.210383564936169e-15
110.32491319411058,45.368908975168445,10.600000000000001,0.02513338585727129,-0.9454781464986473,4.210383564936169e-15
110.33172171093717,45.360057026225206,10.599999999999998,0.02485298602245689,-0.9454482655232863,4.210383564936169e-15
110.33853096138272,45.351205493360446,10.599999999999998,0.024572411830899758,-0.9454170799043533,-8.420767129872338e-15
110.34534094965149,45.342354377480696,10.6,0.024291666150709323,-0.9453845923001778,4.210383564936169e-15
110.3521516799256,45.33350367948594,10.599999999999998,0.02401075184738194,-0.9453508053985973,8.420767129872338e-15
110.35896315636518,45.324653400269575,10.6,0.023729671783678487,-0.945315721916913,4.210383564936169e-15
110.36577538310813,45.31580354071832,10.600000000000001,0.023448428819505318,-0.9452793446018468,-4.210383564936169e-15
110.37258836427009,45.306954101712286,10.600000000000001,0.02316702581179372,-0.9452416762294964,-4.210383564936169e-15
110.37940210394426,45.29810508412489,10.599999999999998,0.02288546561438023,-0.9452027196052878,0.0
110.38621660620146,45.28925648882288,10.600000000000001,0.022603751077885953,-0.9451624775639301,0.0
110.3930318750899,45.28040831666623,10.6,0.022321885049597368,-0.9451209529693712,8.420767129872338e-15
110.39984791463517,45.271560568508235,10.6,0.02203987037334662,-0.9450781487147459,-4.210383564936169e-15
110.40666472884014,45.262713245195364,10.599999999999998,0.02175770988939041,-0.9450340677223301,0.0
110.41348232168484,45.25386634756733,10.600000000000001,0.02147540643429177,-0.9449887129434912,8.420767129872338e-15
110.42030069712644,45.245019876457036,10.600000000000001,0.02119296284079944,-0.9449420873586387,-8.420767129872338e-15
110.42711985909908,45.23617383269052,10.600000000000001,0.02091038193772979,-0.9448941939771736,4.210383564936169e-15
110.43393981151387,45.227328217087006,10.600000000000001,0.020627666549844964,-0.9448450358374366,4.210383564936169e-15
110.44076055825876,45.218483030458806,10.600000000000001,0.020344819497735478,-0.9447946160066574,-4.210383564936169e-15
110.44758210319846,45.20963827361134,10.599999999999998,0.02006184359770133,-0.9447429375809027,4.210383564936169e-15
110.45440445017441,45.20079394734315,10.6,0.019778741661630156,-0.9446900036850205,8.420767129872338e-15
110.46122760300462,45.19195005244579,10.6,0.01949551649688175,-0.9446358174725893,4.210383564936169e-15
110.46805156548368,45.18310658970387,10.6,0.0192121709061657,-0.9445803821258618,1.2631150694808506e-14
