galstreams/tracks/track.st.Gaia-10.ibata2021.ecsv
# %ECSV 1.0
# ---
# datatype:
# - {name: ra, unit: deg, datatype: float64}
# - {name: dec, unit: deg, datatype: float64}
# - {name: distance, unit: kpc, datatype: float64}
# - {name: pm_ra_cosdec, unit: mas / yr, datatype: float64}
# - {name: pm_dec, unit: mas / yr, datatype: float64}
# - {name: radial_velocity, unit: km / s, datatype: float64}
# delimiter: ','
# meta: !!omap
# - __serialized_columns__:
#     dec:
#       __class__: astropy.coordinates.angles.Latitude
#       unit: &id001 !astropy.units.Unit {unit: deg}
#       value: !astropy.table.SerializedColumn {name: dec}
#     distance:
#       __class__: astropy.coordinates.distances.Distance
#       unit: !astropy.units.Unit {unit: kpc}
#       value: !astropy.table.SerializedColumn {name: distance}
#     pm_dec:
#       __class__: astropy.units.quantity.Quantity
#       unit: !astropy.units.Unit {unit: mas / yr}
#       value: !astropy.table.SerializedColumn {name: pm_dec}
#     pm_ra_cosdec:
#       __class__: astropy.units.quantity.Quantity
#       unit: !astropy.units.Unit {unit: mas / yr}
#       value: !astropy.table.SerializedColumn {name: pm_ra_cosdec}
#     ra:
#       __class__: astropy.coordinates.angles.Longitude
#       unit: *id001
#       value: !astropy.table.SerializedColumn {name: ra}
#       wrap_angle: !astropy.coordinates.Angle
#         unit: *id001
#         value: 360.0
#     radial_velocity:
#       __class__: astropy.units.quantity.Quantity
#       unit: !astropy.units.Unit {unit: km / s}
#       value: !astropy.table.SerializedColumn {name: radial_velocity}
# schema: astropy-2.0
ra,dec,distance,pm_ra_cosdec,pm_dec,radial_velocity
[from data line 1235]
163.46510037839064,14.620784516102008,12.895442441228969,-4.496460120251674,-3.167810500526024,0.0
163.47538230466395,14.61972431117816,12.893530655358939,-4.497546085860908,-3.16795437894541,0.0
163.4856641549428,14.618663843301047,12.891620396244743,-4.498634198841905,-3.1680990283447796,-1.6841534259744676e-14
163.4959459291094,14.617603111620651,12.889711660835212,-4.499724464291161,-3.1682444524262827,-2.5262301389617013e-14
163.5062276270457,14.616542115286991,12.887804446079189,-4.500816887305837,-3.168390654891221,-1.6841534259744676e-14
163.51650924863353,14.61548085345013,12.885898748925497,-4.5019114729837835,-3.1685376394400433,-1.6841534259744676e-14
163.52679079375457,14.61441932526014,12.883994566322983,-4.503008226423499,-3.1686854097723436,-3.368306851948935e-14
163.5370722622904,14.61335752986715,12.882091895220478,-4.504107152724169,-3.1688339695868657,-4.210383564936169e-14
163.54735365412233,14.612295466421301,12.880190732566817,-4.505208256985642,-3.168983322581507,1.6841534259744676e-14
163.55763496913164,14.611233134072785,12.878291075310832,-4.506311544308444,-3.1691334724533053,8.420767129872338e-15
163.56791620719937,14.610170531971814,12.876392920401361,-4.507417019793758,-3.1692844228984534,-5.894536990910637e-14
163.57819736820642,14.609107659268634,12.874496264787243,-4.508524688543447,-3.1694361776122904,-1.6841534259744676e-14
163.58847845203357,14.608044515113532,12.872601105417303,-4.509634555660043,-3.1695887402893064,-6.73661370389787e-14
163.59875945856137,14.606981098656819,12.870707439240377,-4.510746626246743,-3.16974211462314,2.5262301389617013e-14
163.60904038767038,14.605917409048836,12.868815263205311,-4.51186090540741,-3.1698963043065764,0.0
163.61932123924078,14.604853445439964,12.866924574260933,-4.512977398246583,-3.170051313031558,3.368306851948935e-14
163.62960201315278,14.60378920698062,12.865035369356079,-4.514096109869468,-3.1702071444891673,0.0
163.6398827092863,14.60272469282124,12.863147645439579,-4.515217045381935,-3.1703638023696454,3.368306851948935e-14
163.65016332752123,14.601659902112308,12.861261399460277,-4.516340209890522,-3.170521290362378,0.0
163.66044386773723,14.600594834004326,12.859376628366997,-4.5174656085024365,-3.1706796121559053,0.0
163.67072432981382,14.599529487647837,12.857493329108586,-4.518593246325556,-3.170838771437913,0.0
163.6810047136304,14.598463862193423,12.855611498633872,-4.519723128468416,-3.170998771895244,0.0
163.69128501906613,14.597397956791683,12.853731133891689,-4.52085526004023,-3.171159617213887,0.0
163.7015652460001,14.596331770593265,12.851852231830879,-4.521989646150868,-3.1713213110789815,-3.368306851948935e-14
163.71184539431118,14.59526530274883,12.849974789400266,-4.523126291910875,-3.1714838571748247,-4.210383564936169e-14
163.72212546387817,14.594198552409091,12.848098803548694,-4.524265202431452,-3.171647259184856,2.5262301389617013e-14
163.73240545457966,14.593131518724784,12.846224271224996,-4.5254063828244755,-3.1718115207916733,5.0524602779234026e-14
163.74268536629413,14.592064200846687,12.844351189378003,-4.52654983820248,-3.1719766456770224,-4.210383564936169e-14
163.7529651988998,14.590996597925594,12.84247955495656,-4.527695573678667,-3.172142637521801,-8.420767129872338e-15
163.76324495227485,14.589928709112348,12.840609364909488,-4.528843594366906,-3.1723095000060644,-5.0524602779234026e-14
163.77352462629722,14.588860533557813,12.838740616185632,-4.529993905381729,-3.172477236809013,-8.420767129872338e-15
163.78380422084481,14.587792070412897,12.836873305733821,-4.5311465118383305,-3.1726458516090026,-3.368306851948935e-14
163.79408373579525,14.586723318828524,12.835007430502896,-4.532301418852568,-3.1728153480835415,3.368306851948935e-14
163.8043631710261,14.585654277955673,12.833142987441688,-4.53345863154097,-3.172985729909292,-9.262843842859572e-14
163.81464252641467,14.584584946945345,12.831279973499035,-4.534618155020722,-3.1731570007620657,4.210383564936169e-14
163.82492180183826,14.583515324948563,12.829418385623768,-4.535779994409674,-3.17332916431683,-3.368306851948935e-14
163.83520099717384,14.582445411116403,12.827558220764722,-4.536944154826339,-3.1735022242477067,-2.5262301389617013e-14
163.84548011229842,14.581375204599956,12.825699475870735,-4.538110641389895,-3.173676184227967,-5.894536990910637e-14
163.85575914708866,14.580304704550366,12.823842147890645,-4.539279459220179,-3.1738510479300395,4.210383564936169e-14
163.86603810142125,14.579233910118782,12.821986233773279,-4.540450613437692,-3.174026819025505,-7.578690416885104e-14
163.87631697517256,14.578162820456413,12.820131730467477,-4.541624109163598,-3.1742035011850978,-5.894536990910637e-14
163.88659576821894,14.577091434714491,12.818278634922077,-4.542799951519719,-3.1743810980787055,-4.210383564936169e-14
163.8968744804365,14.57601975204427,12.8164269440859,-4.543978145628543,-3.1745596133753744,2.5262301389617013e-14
163.90715311170132,14.574947771597055,12.814576654907798,-4.545158696613216,-3.1747390507432987,-8.420767129872338e-14
163.9174316618891,14.573875492524166,12.812727764336595,-4.5463416095975475,-3.1749194138498327,-8.420767129872338e-15
163.92771013087562,14.57280291397698,12.810880269321133,-4.547526889706003,-3.175100706361482,3.368306851948935e-14
163.9379885185364,14.571730035106881,12.809034166810244,-4.54871454206371,-3.175282931943908,-1.0104920555846805e-13
163.94826682474678,14.570656855065304,12.80718945375276,-4.549904571796461,-3.17546609426193,-8.420767129872338e-15
163.95854504938202,14.569583373003702,12.805346127097517,-4.551096984030703,-3.1756501969795172,-5.894536990910637e-14
163.96882319231722,14.568509588073576,12.803504183793361,-4.5522917838935415,-3.1758352437597983,-4.210383564936169e-14
163.97910125342722,14.567435499426454,12.80166362078911,-4.553488976512748,-3.1760212382650583,2.5262301389617013e-14
163.98937923258686,14.566361106213892,12.799824435033608,-4.554688567016748,-3.176208184156736,3.368306851948935e-14
163.99965712967074,14.565286407587486,12.79798662347569,-4.555890560534622,-3.176396085095424,4.210383564936169e-14
164.0099349445533,14.564211402698865,12.796150183064189,-4.5570949621961185,-3.1765849447408767,3.368306851948935e-14
164.02021267710887,14.563136090699693,12.794315110747938,-4.558301777131638,-3.1767747667519997,-2.5262301389617013e-14
164.0304903272116,14.56206047074165,12.792481403475778,-4.559511010472237,-3.1769655547868574,-6.73661370389787e-14
164.0407678947355,14.560984541976469,12.79064905819654,-4.560722667349636,-3.1771573125026706,-6.73661370389787e-14
164.05104537955444,14.559908303555911,12.788818071859058,-4.561936752896209,-3.1773500435558195,-6.73661370389787e-14
164.06132278154206,14.558831754631761,12.786988441412172,-4.563153272244985,-3.1775437516018363,-2.5262301389617013e-14
164.07160010057197,14.557754894355847,12.78516016380471,-4.564372230529656,-3.1777384402954123,0.0
164.08187733651755,14.556677721880032,12.783333235985511,-4.565593632884567,-3.1779341132903993,-2.5262301389617013e-14
164.09215448925207,14.555600236356204,12.781507654903411,-4.566817484444716,-3.178130774239801,-6.73661370389787e-14
164.10243155864853,14.554522436936288,12.779683417507243,-4.568043790345763,-3.1783284267957854,3.368306851948935e-14
164.11270854458,14.55344432277224,12.777860520745845,-4.569272555724022,-3.1785270746096734,4.210383564936169e-14
164.12298544691916,14.55236589301606,12.776038961568045,-4.570503785716462,-3.1787267213319454,-4.210383564936169e-14
164.1332622655387,14.551287146819755,12.774218736922686,-4.571737485460704,-3.1789273706122416,-2.5262301389617013e-14
164.14353900031108,14.550208083335395,12.772399843758597,-4.57297366009503,-3.1791290260993583,-4.210383564936169e-14
164.15381565110863,14.549128701715071,12.770582279024616,-4.574212314758374,-3.1793316914412517,-4.210383564936169e-14
164.16409221780356,14.548049001110908,12.768766039669577,-4.575453454590321,-3.1795353702850373,-5.0524602779234026e-14
164.17436870026785,14.546968980675047,12.76695112264232,-4.5766970847311175,-3.179740066276988,3.368306851948935e-14
164.18464509837344,14.5458886395597,12.765137524891667,-4.577943210321657,-3.179945783062538,8.420767129872338e-15
164.194921411992,14.544807976917076,12.763325243366468,-4.57919183650349,-3.1801525242862785,-1.6841534259744676e-14
164.2051976409951,14.543726991899439,12.76151427501555,-4.580442968418823,-3.180360293591962,-8.420767129872338e-15
164.2154737852542,14.542645683659075,12.75970461678775,-4.581696611210508,-3.180569094622499,8.420767129872338e-15
164.22574984464055,14.541564051348312,12.7578962656319,-4.582952770022057,-3.180778931019963,2.5262301389617013e-14
164.23602581902526,14.540482094119499,12.756089218496836,-4.584211449997633,-3.1809898064255844,-1.6841534259744676e-14
164.2463017082793,14.539399811125037,12.754283472331394,-4.585472656282045,-3.1812017244797555,-5.894536990910637e-14
164.2565775122735,14.53831720151734,12.752479024084417,-4.586736394020765,-3.181414688822025,-4.210383564936169e-14
164.2668532308785,14.537234264448866,12.750675870704727,-4.588002668359908,-3.18162870309111,-3.368306851948935e-14
164.27712886396483,14.536150999072108,12.748874009141163,-4.589271484446245,-3.1818437709248832,-1.6841534259744676e-14
164.28740441140283,14.535067404539591,12.74707343634256,-4.590542847427196,-3.18205989596038,-1.6841534259744676e-14
164.29767987306275,14.533983480003869,12.745274149257758,-4.591816762450834,-3.182277081833793,1.6841534259744676e-14
164.30795524881458,14.532899224617532,12.743476144835586,-4.593093234665878,-3.182495332180482,3.368306851948935e-14
164.3182305385283,14.5318146375332,12.741679420024886,-4.594372269221705,-3.1827146506349635,0.0
164.32850574207362,14.53072971790354,12.739883971774484,-4.595653871268336,-3.1829350408309205,-1.6841534259744676e-14
164.33878085932014,14.529644464881233,12.738089797033219,-4.596938045956444,-3.18315650640119,0.0
164.34905589013735,14.528558877619009,12.736296892749928,-4.598224798437352,-3.1833790509777824,-1.6841534259744676e-14
164.3593308343945,14.527472955269618,12.734505255873444,-4.599514133863032,-3.1836026781918605,5.0524602779234026e-14
164.3696056919608,14.52638669698586,12.732714883352598,-4.600806057386106,-3.1838273916737543,-1.6841534259744676e-14
164.37988046270522,14.525300101920553,12.730925772136233,-4.602100574159843,-3.1840531950529547,-8.420767129872338e-15
164.3901551464966,14.524213169226554,12.729137919173178,-4.603397689338158,-3.1842800919581173,2.5262301389617013e-14
164.40042974320366,14.523125898056756,12.72735132141227,-4.604697408075624,-3.184508086017057,2.5262301389617013e-14
164.41070425269496,14.52203828756409,12.725565975802347,-4.605999735527448,-3.184737180856755,-1.6841534259744676e-14
164.42097867483884,14.520950336901501,12.72378187929224,-4.6073046768495,-3.184967380103357,-1.6841534259744676e-14
164.43125300950362,14.519862045221986,12.721999028830783,-4.608612237198285,-3.185198687382167,-3.368306851948935e-14
164.44152725655732,14.518773411678577,12.720217421366815,-4.609922421730962,-3.1854311063176595,2.5262301389617013e-14
164.45180141586792,14.517684435424325,12.71843705384917,-4.611235235605333,-3.185664640533466,4.210383564936169e-14
164.46207548730325,14.516595115612326,12.71665792322668,-4.612550683979852,-3.185899293652387,1.6841534259744676e-14
164.47234947073093,14.515505451395706,12.714880026448178,-4.613868772013614,-3.186135069296388,-3.368306851948935e-14
164.48262336601843,14.514415441927618,12.713103360462512,-4.61518950486636,-3.186371971086592,-7.578690416885104e-14
164.4928971730331,14.51332508636126,12.711327922218501,-4.616512887698481,-3.1866100026432953,-1.6841534259744676e-14
164.50317089164213,14.512234383849865,12.70955370866499,-4.617838925671012,-3.186849167585953,2.5262301389617013e-14
164.5134445217126,14.511143333546679,12.707780716750808,-4.619167623945632,-3.187089469533189,1.6841534259744676e-14
164.52371806311137,14.510051934605002,12.706008943424795,-4.620498987684667,-3.1873309121027886,-7.578690416885104e-14
164.5339915157052,14.508960186178165,12.704238385635781,-4.621833022051087,-3.1875734989117075,8.420767129872338e-15
164.54426487936067,14.507868087419526,12.702469040332607,-4.623169732208502,-3.1878172335760615,-1.6841534259744676e-14
164.5545381539442,14.50677563748248,12.700700904464107,-4.624509123321173,-3.188062119711135,-5.894536990910637e-14
164.56481133932212,14.505682835520457,12.69893397497911,-4.625851200554001,-3.188308160931379,4.210383564936169e-14
164.57508443536057,14.504589680686914,12.69716824882645,-4.627195969072538,-3.1885553608504105,-5.894536990910637e-14
164.5853574419255,14.503496172135355,12.695403722954975,-4.628543434042964,-3.18880372308101,1.6841534259744676e-14
164.5956303588828,14.502402309019297,12.69364039431351,-4.629893600632116,-3.189053251235128,4.210383564936169e-14
164.60590318609817,14.501308090492316,12.691878259850892,-4.631246474007469,-3.189303948923879,-1.6841534259744676e-14
164.6161759234371,14.500213515708,12.690117316515954,-4.632602059337143,-3.1895558197575484,-5.894536990910637e-14
164.626448570765,14.499118583819987,12.68835756125753,-4.633960361789898,-3.189808867345584,2.5262301389617013e-14
164.63672112794714,14.498023293981928,12.686598991024463,-4.6353213865351295,-3.1900630952966025,0.0
164.64699359484862,14.49692764534754,12.684841602765577,-4.636685138742888,-3.1903185072183904,-8.420767129872338e-14
164.6572659713343,14.495831637070534,12.68308539342972,-4.6380516235838565,-3.1905751067178962,-8.420767129872338e-15
164.6675382572691,14.49473526830469,12.68133035996571,-4.639420846229366,-3.190832897401246,-8.420767129872338e-14
164.67781045251755,14.493638538203802,12.679576499322401,-4.6407928118513775,-3.1910918828737214,-5.0524602779234026e-14
164.68808255694418,14.492541445921704,12.677823808448615,-4.642167525622503,-3.1913520667397837,-6.73661370389787e-14
164.69835457041336,14.491443990612261,12.676072284293191,-4.6435449927159915,-3.1916134526030557,2.5262301389617013e-14
164.70862649278928,14.490346171429374,12.674321923804966,-4.64492521830573,-3.191876044066329,0.0
164.71889832393597,14.489247987526984,12.672572723932769,-4.646308207566251,-3.19213984473157,2.5262301389617013e-14
164.7291700637174,14.488149438059049,12.670824681625437,-4.647693965672719,-3.192404858199906,-4.210383564936169e-14
164.7394417119972,14.487050522179572,12.669077793831812,-4.649082497800943,-3.1926710880716396,-8.420767129872338e-15
164.749713268639,14.485951239042603,12.667332057500717,-4.650473809127372,-3.1929385379462403,1.6841534259744676e-14
164.75998473350634,14.484851587802192,12.665587469580998,-4.6518679048290865,-3.1932072114223464,-8.420767129872338e-14
164.7702561064624,14.483751567612456,12.663844027021485,-4.653264790083815,-3.1934771120977676,-4.210383564936169e-14
164.78052738737043,14.482651177627528,12.662101726771011,-4.654664470069918,-3.1937482435694835,-6.73661370389787e-14
164.79079857609335,14.481550417001575,12.660360565778415,-4.6560669499663945,-3.194020609433643,2.5262301389617013e-14
164.80106967249407,14.480449284888813,12.65862054099253,-4.657472234952886,-3.194294213285566,-1.6841534259744676e-14
164.8113406764353,14.47934778044347,12.656881649362193,-4.658880330209665,-3.1945690587197424,-4.210383564936169e-14
164.82161158777956,14.478245902819825,12.655143887836237,-4.660291240917643,-3.1948451493298324,8.420767129872338e-15
164.83188240638927,14.47714365117219,12.653407253363495,-4.661704972258373,-3.1951224887086687,-8.420767129872338e-15
164.84215313212667,14.47604102465489,12.651671742892807,-4.663121529414034,-3.195401080448252,3.368306851948935e-14
164.85242376485394,14.474938022422315,12.649937353373005,-4.6645409175674555,-3.195680928139761,-3.368306851948935e-14
164.86269430443295,14.473834643628871,12.648204081752924,-4.665963141902093,-3.1959620353735394,3.368306851948935e-14
