galstreams/tracks/track.st.Jhelum-a.shipp2019.ecsv
# %ECSV 1.0
# ---
# datatype:
# - {name: ra, unit: deg, datatype: float64}
# - {name: dec, unit: deg, datatype: float64}
# - {name: distance, unit: kpc, datatype: float64}
# - {name: pm_ra_cosdec, unit: mas / yr, datatype: float64}
# - {name: pm_dec, unit: mas / yr, datatype: float64}
# - {name: radial_velocity, unit: km / s, datatype: float64}
# delimiter: ','
# meta: !!omap
# - __serialized_columns__:
#     dec:
#       __class__: astropy.coordinates.angles.Latitude
#       unit: &id001 !astropy.units.Unit {unit: deg}
#       value: !astropy.table.SerializedColumn {name: dec}
#     distance:
#       __class__: astropy.coordinates.distances.Distance
#       unit: !astropy.units.Unit {unit: kpc}
#       value: !astropy.table.SerializedColumn {name: distance}
#     pm_dec:
#       __class__: astropy.units.quantity.Quantity
#       unit: !astropy.units.Unit {unit: mas / yr}
#       value: !astropy.table.SerializedColumn {name: pm_dec}
#     pm_ra_cosdec:
#       __class__: astropy.units.quantity.Quantity
#       unit: !astropy.units.Unit {unit: mas / yr}
#       value: !astropy.table.SerializedColumn {name: pm_ra_cosdec}
#     ra:
#       __class__: astropy.coordinates.angles.Longitude
#       unit: *id001
#       value: !astropy.table.SerializedColumn {name: ra}
#       wrap_angle: !astropy.coordinates.Angle
#         unit: *id001
#         value: 360.0
#     radial_velocity:
#       __class__: astropy.units.quantity.Quantity
#       unit: !astropy.units.Unit {unit: km / s}
#       value: !astropy.table.SerializedColumn {name: radial_velocity}
# schema: astropy-2.0
ra,dec,distance,pm_ra_cosdec,pm_dec,radial_velocity
[from data line 1294]
341.8547833389772,-50.83240088595733,13.199999999999998,6.082999624696922,-4.739698559071124,-6.198623473047536
341.87038966381056,-50.83420143782379,13.200000000000001,6.083852996998918,-4.738532921270763,-6.147876455686862
341.8859971904105,-50.83599991661391,13.199999999999998,6.084706258646184,-4.737366992137845,-6.097129438326322
341.90160591756614,-50.837796322017724,13.199999999999998,6.085559409427871,-4.736200771787927,-6.046382420965783
341.91721584406594,-50.83959065372558,13.199999999999996,6.0864124491331575,-4.735034260336763,-5.99563540360531
341.93282696869755,-50.841382911428106,13.199999999999998,6.087265377551222,-4.733867457900276,-5.94488838624477
341.94843929024785,-50.8431730948162,13.199999999999996,6.088118194471277,-4.73270036459459,-5.894141368884163
341.9640528075029,-50.84496120358106,13.199999999999998,6.08897089968254,-4.731532980536002,-5.843394351523607
341.9796675192481,-50.84674723741415,13.199999999999998,6.089823492974248,-4.730365305841002,-5.792647334163016
341.9952834242679,-50.84853119600722,13.200000000000001,6.09067597413565,-4.729197340626248,-5.741900316802477
342.01090052134606,-50.850313079052306,13.199999999999994,6.091528342956029,-4.728029085008607,-5.691153299442105
342.0265188092658,-50.85209288624177,13.199999999999998,6.0923805992246605,-4.726860539105093,-5.640406282081397
342.0421382868092,-50.85387061726817,13.199999999999998,6.093232742730856,-4.725691703032942,-5.58965926472084
342.05775895275775,-50.85564627182443,13.199999999999998,6.094084773263935,-4.724522576909555,-5.5389122473603685
342.07338080589216,-50.85741984960372,13.199999999999998,6.0949366906132445,-4.723353160852517,-5.48816522999993
342.08900384499253,-50.8591913502995,13.199999999999996,6.095788494568139,-4.722183454979593,-5.437418212639305
342.1046280688379,-50.86096077360553,13.199999999999998,6.096640184917996,-4.7210134594087405,-5.3866711952785975
342.1202534762066,-50.86272811921583,13.200000000000001,6.0974917614522095,-4.719843174258105,-5.3359241779181925
342.13588006587645,-50.86449338682472,13.199999999999998,6.098343223960197,-4.718672599646,-5.285177160557619
342.15150783662426,-50.86625657612681,13.2,6.099194572231389,-4.7175017356909335,-5.234430143197096
342.1671367872262,-50.86801768681699,13.200000000000001,6.100045806055237,-4.716330582511592,-5.18368312583659
342.1827669164575,-50.869776718590444,13.199999999999998,6.100896925221215,-4.715159140226857,-5.132936108476101
342.1983982230929,-50.87153367114264,13.199999999999998,6.1017479295188055,-4.713987408955773,-5.082189091115527
342.2140307059062,-50.87328854416932,13.199999999999998,6.102598818737528,-4.712815388817583,-5.031442073754786
342.22966436367045,-50.87504133736653,13.199999999999998,6.103449592666903,-4.711643079931718,-4.980695056394195
342.24529919515794,-50.87679205043059,13.199999999999998,6.104300251096483,-4.71047048241778,-4.929948039033756
342.2609351991402,-50.87854068305812,13.200000000000001,6.105150793815833,-4.709297596395562,-4.879201021673183
342.276572374388,-50.880287234946,13.200000000000001,6.106001220614555,-4.708124421985033,-4.82845400431261
342.2922107196715,-50.882031705791455,13.199999999999998,6.106851531282246,-4.70695095930636,-4.77770698695207
342.3078502337598,-50.88377409529195,13.199999999999998,6.107701725608537,-4.70577720847988,-4.726959969591698
342.3234909154216,-50.88551440314525,13.199999999999998,6.10855180338309,-4.704603169626112,-4.67621295223094
342.3391327634244,-50.8872526290494,13.199999999999998,6.109401764395566,-4.70342884286578,-4.625465934870602
342.35477577653546,-50.88898877270276,13.199999999999998,6.110251608435666,-4.702254228319756,-4.574718917509844
342.37041995352087,-50.89072283380396,13.199999999999998,6.1111013352931005,-4.701079326109132,-4.523971900149338
342.3860652931461,-50.8924548120519,13.199999999999996,6.111950944757608,-4.699904136355161,-4.473224882788848
342.4017117941759,-50.894184707145826,13.199999999999998,6.1128004366189455,-4.698728659179286,-4.42247786542841
342.4173594553743,-50.895912518785224,13.199999999999998,6.113649810666896,-4.697552894703129,-4.37173084806782
342.43300827550445,-50.89763824666989,13.199999999999998,6.11449906669126,-4.696376843048507,-4.3209838307073305
342.44865825332886,-50.899361890499904,13.200000000000001,6.115348204481863,-4.695200504337404,-4.2702368133466555
342.46430938760915,-50.901083449975644,13.2,6.1161972238285545,-4.694023878692005,-4.219489795986167
342.4799616771064,-50.90280292479776,13.199999999999998,6.117046124521204,-4.692846966234662,-4.168742778625509
342.4956151205807,-50.904520314667224,13.199999999999996,6.117894906349702,-4.691669767087925,-4.117995761265036
342.51126971679156,-50.906235619285276,13.200000000000001,6.118743569103963,-4.69049228137451,-4.067248743904413
342.52692546449765,-50.907948838353434,13.199999999999996,6.119592112573936,-4.689314509217339,-4.016501726543907
342.542582362457,-50.90965997157355,13.199999999999996,6.120440536549576,-4.688136450739495,-3.965754709183434
342.55824040942673,-50.91136901864774,13.199999999999998,6.121288840820872,-4.686958106064253,-3.915007691822743
342.5738996041633,-50.91307597927841,13.199999999999996,6.122137025177835,-4.68577947531508,-3.864260674462254
342.5895599454224,-50.914780853168274,13.200000000000001,6.122985089410497,-4.684600558615613,-3.8135136571017814
342.605221431959,-50.916483640020324,13.199999999999996,6.123833033308925,-4.6834213560896805,-3.762766639741225
342.6208840625274,-50.918184339537845,13.199999999999998,6.124680856663197,-4.682241867861285,-3.712019622380584
342.63654783588095,-50.91988295142443,13.199999999999996,6.125528559263423,-4.681062094054626,-3.661272605020061
342.6522127507723,-50.92157947538395,13.199999999999996,6.126376140899733,-4.679882034794076,-3.610525587659572
342.6678788059536,-50.92327391112057,13.199999999999996,6.127223601362289,-4.678701690204191,-3.5597785702990996
342.68354600017597,-50.92496625833876,13.2,6.128070940441274,-4.67752106040971,-3.5090315529383913
342.69921433218985,-50.92665651674328,13.199999999999998,6.128918157926895,-4.676340145535563,-3.458284535577835
342.71488380074504,-50.92834468603916,13.2,6.1297652536093885,-4.675158945706853,-3.4075375182173286
342.7305544045905,-50.93003076593176,13.199999999999998,6.13061222727902,-4.673977461048872,-3.3567905008567216
342.7462261424745,-50.93171475612673,13.199999999999998,6.131459078726063,-4.672795691687096,-3.3060434834962327
342.7618990131445,-50.93339665633,13.2,6.132305807740838,-4.671613637747176,-3.2552964661356927
342.77757301534734,-50.935076466247764,13.199999999999998,6.13315241411369,-4.670431299354952,-3.2045494487751363
342.79324814782893,-50.936754185586594,13.199999999999998,6.133998897634975,-4.669248676636448,-3.15380243141458
342.8089244093347,-50.93842981405329,13.199999999999998,6.134845258095088,-4.668065769717868,-3.103055414053956
342.82460179860897,-50.94010335135497,13.199999999999998,6.135691495284451,-4.666882578725601,-3.0523083966935003
342.8402803143958,-50.941774797199024,13.199999999999998,6.1365376089935095,-4.665699103786215,-3.001561379332994
342.8559599554381,-50.94344415129319,13.199999999999998,6.13738359901274,-4.664515345026464,-2.950814361972286
342.8716407204782,-50.94511141334546,13.199999999999996,6.138229465132639,-4.663331302573287,-2.90006734461178
342.8873226082577,-50.94677658306412,13.199999999999998,6.139075207143736,-4.662146976553799,-2.8493203272512404
342.90300561751746,-50.948439660157796,13.199999999999998,6.139920824836591,-4.660962367095308,-2.7985733098908185
342.91868974699764,-50.95010064433536,13.199999999999998,6.140766318001793,-4.659777474325286,-2.747826292530026
342.93437499543757,-50.951759535305996,13.200000000000001,6.141611686429949,-4.658592298371413,-2.697079275169554
342.9500613615759,-50.953416332779184,13.199999999999998,6.142456929911708,-4.657406839361535,-2.6463322578090644
342.96574884415054,-50.955071036464744,13.2,6.143302048237734,-4.656221097423682,-2.595585240448491
342.9814374418986,-50.95672364607274,13.199999999999998,6.144147041198734,-4.655035072686071,-2.5448382230880355
342.9971271535567,-50.95837416131354,13.199999999999998,6.144991908585433,-4.653848765277099,-2.4940912057275124
343.0128179778604,-50.960022581897846,13.199999999999998,6.145836650188589,-4.652662175325341,-2.4433441883668885
343.02850991354467,-50.96166890753661,13.199999999999998,6.146681265798993,-4.651475302959569,-2.3925971710062814
343.04420295934386,-50.963313137941135,13.199999999999998,6.147525755207461,-4.650288148308723,-2.3418501536457588
343.0598971139914,-50.964955272822976,13.199999999999998,6.148370118204842,-4.649100711501932,-2.2911031362851517
343.0755923762201,-50.96659531189402,13.199999999999998,6.149214354582008,-4.647912992668503,-2.2403561189246117
343.091288744762,-50.968233254866426,13.199999999999998,6.150058464129872,-4.646724991937934,-2.18960910156419
343.1069862183485,-50.969869101452666,13.199999999999998,6.150902446639375,-4.645536709439893,-2.1388620842036334
343.1226847957101,-50.97150285136553,13.200000000000001,6.15174630190148,-4.644348145304242,-2.088115066843094
343.1383844755767,-50.97313450431807,13.199999999999998,6.152590029707193,-4.643159299661019,-2.0373680494825708
343.1540852566775,-50.974764060023666,13.199999999999996,6.15343362984754,-4.641970172640442,-1.9866210321218796
343.16978713774085,-50.97639151819601,13.199999999999998,6.154277102113584,-4.640780764372924,-1.9358740147613398
343.18549011749445,-50.97801687854903,13.199999999999998,6.155120446296418,-4.63959107498904,-1.8851269974007832
343.20119419466533,-50.97964014079704,13.2,6.155963662187168,-4.638401104619568,-1.8343799800402603
343.2168993679797,-50.98126130465459,13.199999999999996,6.156806749577001,-4.6372108533954535,-1.7836329626796026
343.232605636163,-50.98288036983658,13.199999999999998,6.157649708257089,-4.636020321447832,-1.7328859453191134
343.2483129979401,-50.98449733605815,13.199999999999998,6.158492538018661,-4.634829508908014,-1.682138927958658
343.2640214520351,-50.98611220303482,13.199999999999998,6.159335238652976,-4.6336384159075,-1.6313919105980341
343.27973099717127,-50.987724970482354,13.2,6.160177809951311,-4.632447042577969,-1.5806448932374775
343.2954416320713,-50.98933563811682,13.199999999999998,6.161020251704992,-4.63125538905128,-1.5298978758770219
343.31115335545707,-50.990944205654635,13.199999999999998,6.16186256370537,-4.630063455459478,-1.4791508585164148
343.3268661660498,-50.99255067281246,13.199999999999996,6.162704745743827,-4.628871241934785,-1.428403841155892
343.3425800625699,-50.994155039307294,13.199999999999998,6.163546797611789,-4.627678748609608,-1.3776568237952849
343.3582950437372,-50.99575730485642,13.199999999999996,6.164388719100702,-4.626485975616535,-1.326909806434745
343.37401110827057,-50.99735746917745,13.199999999999996,6.165230510002051,-4.625292923088342,-1.2761627890742728
343.38972825488855,-50.99895553198827,13.199999999999996,6.166072170107364,-4.624099591157973,-1.225415771713649
343.40544648230855,-51.000551493007094,13.199999999999998,6.166913699208186,-4.622905979958569,-1.1746687543532102
343.42116578924754,-51.00214535195243,13.200000000000001,6.167755097096108,-4.62171208962344,-1.1239217369926704
343.43688617442166,-51.003737108543085,13.199999999999996,6.168596363562764,-4.620517920286085,-1.0731747196320465
343.4526076365464,-51.00532676249816,13.199999999999998,6.169437498399795,-4.619323472080185,-1.022427702271473
343.4683301743365,-51.00691431353709,13.2,6.170278501398902,-4.618128745139597,-0.9716806849108659
343.4840537865058,-51.00849976137961,13.200000000000001,6.171119372351818,-4.61693373959837,-0.9209336675503935
343.49977847176785,-51.01008310574571,13.199999999999998,6.171960111050302,-4.615738455590721,-0.8701866501898201
343.51550422883514,-51.01166434635576,13.199999999999996,6.1728007172861545,-4.6145428932510555,-0.8194396328292467
343.53123105641953,-51.01324348293038,13.199999999999998,6.173641190851202,-4.613347052713966,-0.7686926154687238
343.5469589532322,-51.01482051519053,13.200000000000001,6.1744815315373165,-4.612150934114214,-0.7179455981082178
343.56268791798374,-51.016395442857444,13.199999999999998,6.175321739136422,-4.6109545375867524,-0.667198580747577
343.5784179493837,-51.01796826565269,13.199999999999996,6.176161813440441,-4.609757863266713,-0.616451563387071
343.59414904614124,-51.019538983298126,13.199999999999998,6.1770017542413616,-4.608560911289405,-0.565704546026447
343.60988120696464,-51.02110759551591,13.199999999999998,6.177841561331198,-4.607363681790326,-0.514957528666042
343.6256144305616,-51.02267410202854,13.199999999999998,6.1786812345020055,-4.606166174905147,-0.4642105113054686
343.64134871563897,-51.02423850255879,13.2,6.179520773545873,-4.604968390769727,-0.41346349394494575
343.65708406090306,-51.025800796829714,13.199999999999998,6.180360178254931,-4.603770329520099,-0.36271647658438916
343.67282046505926,-51.02736098456475,13.199999999999998,6.181199448421338,-4.602571991292483,-0.31196945922374836
343.68855792681245,-51.0289190654876,13.2,6.182038583837299,-4.6013733762232825,-0.26122244186325916
343.70429644486666,-51.03047503932223,13.199999999999996,6.182877584295057,-4.6001744844490755,-0.21047542450276996
343.72003601792534,-51.03202890579302,13.199999999999996,6.183716449586888,-4.598975316106621,-0.15972840714224706
343.7357766446912,-51.033580664624566,13.199999999999998,6.184555179505112,-4.59777587133286,-0.10898138978152207
343.7515183238661,-51.035130315541785,13.200000000000001,6.185393773842078,-4.596576150264923,-0.05823437242113391
343.7672610541515,-51.03667785826995,13.199999999999998,6.186232232390192,-4.5953761530401085,-0.007487355060476292
343.78300483424783,-51.03822329253459,13.199999999999998,6.187070554941872,-4.5941758797959045,0.043259662300046596
343.7987496628551,-51.03976661806158,13.199999999999998,6.187908741289598,-4.592975330669976,0.09400667966055265
343.8144955386724,-51.04130783457708,13.199999999999998,6.188746791225881,-4.591774505800168,0.14475369702117657
343.83024246039827,-51.04284694180757,13.199999999999998,6.189584704543266,-4.590573405324513,0.19550071438164895
343.84599042673045,-51.04438393947984,13.199999999999998,6.19042248103435,-4.589372029381211,0.24624773174225606
343.86173943636607,-51.045918827320996,13.199999999999998,6.191260120491759,-4.588170378108656,0.2969947491027958
343.87748948800146,-51.04745160505844,13.199999999999998,6.192097622708162,-4.58696845164542,0.34774176646331867
343.8932405803324,-51.04898227241987,13.199999999999998,6.192934987476273,-4.585766250130246,0.39848878382395947
343.9089927120539,-51.050510829133344,13.199999999999998,6.193772214588843,-4.584563773702071,0.4492358011844992
343.9247458818601,-51.05203727492717,13.199999999999996,6.194609303838658,-4.583361022500003,0.49998281854492105
343.9405000884447,-51.05356160953003,13.199999999999998,6.19544625501855,-4.582157996663329,0.5507298359055618
343.9562553305007,-51.05508383267086,13.199999999999998,6.1962830679213985,-4.5809546963315295,0.6014768532660678
343.97201160672023,-51.05660394407893,13.2,6.197119742340112,-4.579751121644249,0.6522238706266076
343.98776891579485,-51.05812194348383,13.200000000000001,6.197956278067647,-4.578547272741325,0.7029708879871474
344.00352725641534,-51.059637830615465,13.199999999999998,6.198792674897003,-4.577343149762766,0.7537179053477375
344.0192866272719,-51.06115160520401,13.199999999999998,6.199628932621216,-4.576138752848766,0.8044649227083278
344.035047027054,-51.06266326698001,13.2,6.2004650510333725,-4.574934082139702,0.855211940068716
344.05080845445036,-51.06417281567429,13.199999999999998,6.201301029926587,-4.573729137776123,0.9059589574293736
344.0665709081491,-51.06568025101798,13.199999999999998,6.202136869094033,-4.572523919898759,0.9567059747899975
