galstreams/tracks/track.st.Gaia-11.ibata2024.ecsv
# %ECSV 1.0
# ---
# datatype:
# - {name: ra, unit: deg, datatype: float64}
# - {name: dec, unit: deg, datatype: float64}
# - {name: distance, unit: kpc, datatype: float64}
# - {name: pm_ra_cosdec, unit: mas / yr, datatype: float64}
# - {name: pm_dec, unit: mas / yr, datatype: float64}
# - {name: radial_velocity, unit: km / s, datatype: float64}
# delimiter: ','
# meta: !!omap
# - __serialized_columns__:
#     dec:
#       __class__: astropy.coordinates.angles.Latitude
#       unit: &id001 !astropy.units.Unit {unit: deg}
#       value: !astropy.table.SerializedColumn {name: dec}
#     distance:
#       __class__: astropy.coordinates.distances.Distance
#       unit: !astropy.units.Unit {unit: kpc}
#       value: !astropy.table.SerializedColumn {name: distance}
#     pm_dec:
#       __class__: astropy.units.quantity.Quantity
#       unit: !astropy.units.Unit {unit: mas / yr}
#       value: !astropy.table.SerializedColumn {name: pm_dec}
#     pm_ra_cosdec:
#       __class__: astropy.units.quantity.Quantity
#       unit: !astropy.units.Unit {unit: mas / yr}
#       value: !astropy.table.SerializedColumn {name: pm_ra_cosdec}
#     ra:
#       __class__: astropy.coordinates.angles.Longitude
#       unit: *id001
#       value: !astropy.table.SerializedColumn {name: ra}
#       wrap_angle: !astropy.coordinates.Angle
#         unit: *id001
#         value: 360.0
#     radial_velocity:
#       __class__: astropy.units.quantity.Quantity
#       unit: !astropy.units.Unit {unit: km / s}
#       value: !astropy.table.SerializedColumn {name: radial_velocity}
# schema: astropy-2.0
ra,dec,distance,pm_ra_cosdec,pm_dec,radial_velocity
[from data line 1722]
267.6633096920927,49.46941298679362,1.000000000000001,-4.705880604922817,5.044531610763059,-782.0670800876445
267.6687678618257,49.46006886263799,1.000000000000001,-4.705160312593606,5.044398739280922,-779.7511533259556
267.67422364393104,49.450724405307774,1.000000000000001,-4.704440202025635,5.044265520177504,-777.4399020852995
267.67967704092894,49.44137961526499,1.000000000000001,-4.703720272985675,5.044131953731565,-775.1333214307979
267.6851280553379,49.43203449297135,1.000000000000001,-4.7030005252400855,5.043998040221666,-772.8314064275692
267.69057668967446,49.422689038888095,1.000000000000001,-4.7022809585558,5.043863779925971,-770.5341521407349
267.6960229464533,49.41334325347615,1.000000000000001,-4.70156157269954,5.043729173122358,-768.2415536354139
267.7014668281871,49.40399713719603,1.0000000000000013,-4.700842367438525,5.043594220088309,-765.953605976728
267.7069083373867,49.39465069050788,1.000000000000001,-4.700123342539849,5.043458921101134,-763.6703042297959
267.712347476561,49.38530391387146,1.000000000000001,-4.699404497770929,5.04332327643769,-761.3916434597379
267.7177842482169,49.37595680774611,1.000000000000001,-4.698685832899264,5.043187286374504,-759.1176187316754
267.7232186548595,49.36660937259086,1.000000000000001,-4.697967347692553,5.043050951187951,-756.8482251107266
267.7286506989921,49.35726160886429,1.000000000000001,-4.697249041918427,5.042914271153862,-754.5834576620138
267.7340803831159,49.347913517024665,1.000000000000001,-4.696530915345,5.042777246547914,-752.3233114506547
267.7395077097303,49.338565097529816,1.0000000000000009,-4.69581296774032,5.042639877645399,-750.0677815417721
267.74493268133267,49.32921635083722,1.0000000000000013,-4.695095198872736,5.042502164721327,-747.8168630004845
267.7503553004187,49.31986727740397,1.000000000000001,-4.694377608510542,5.042364108050336,-745.5705508919119
267.75577556948207,49.31051787768679,1.0000000000000009,-4.693660196422241,5.042225707906823,-743.3288402811753
267.7611934910145,49.301168152142004,1.000000000000001,-4.692942962376662,5.042086964564774,-741.0917262333941
267.766609067506,49.2918181012256,1.000000000000001,-4.692225906142573,5.041947878297975,-738.8592038136893
267.77202230144445,49.28246772539314,1.0000000000000009,-4.691509027489077,5.041808449379815,-736.63126808718
267.77743319531606,49.27311702509983,1.000000000000001,-4.6907923261852185,5.041668678083326,-734.407914118988
267.7828417516051,49.263766000800516,1.000000000000001,-4.690075802000276,5.041528564681357,-732.1891369742318
267.7882479727938,49.25441465294964,1.000000000000001,-4.6893594547037845,5.041388109446302,-729.9749317180316
267.7936518613626,49.245062982001286,1.000000000000001,-4.688643284065412,5.041247312650341,-727.7652934155088
267.79905341979025,49.23571098840918,1.000000000000001,-4.687927289854706,5.041106174565343,-725.5602171317823
267.80445265055334,49.22635867262664,1.000000000000001,-4.687211471841742,5.040964695462776,-723.3596979319732
267.8098495561267,49.217006035106614,1.0000000000000009,-4.686495829796474,5.040822875613841,-721.1637308812005
267.81524413898336,49.20765307630171,1.000000000000001,-4.6857803634891155,5.040680715289469,-718.9723110445859
267.82063640159436,49.19829979666413,1.000000000000001,-4.685065072690042,5.040538214760218,-716.7854334872479
267.82602634642893,49.188946196645716,1.000000000000001,-4.684349957169618,5.0403953742963665,-714.6030932743084
267.83141397595426,49.179592276697946,1.000000000000001,-4.68363501669874,5.040252194167877,-712.4252854708868
267.836799292636,49.170238037271886,1.000000000000001,-4.682920251048026,5.040108674644358,-710.2520051421021
267.8421822989377,49.16088347881829,1.000000000000001,-4.682205659988359,5.039964815995162,-708.0832473530761
267.84756299732106,49.151528601787504,1.000000000000001,-4.681491243290996,5.039820618489301,-705.9190071689276
267.852941390246,49.14217340662948,1.000000000000001,-4.68077700072714,5.039676082395559,-703.7592796547777
267.8583174801704,49.13281789379391,1.000000000000001,-4.680062932068135,5.039531207982236,-701.6040598757462
267.86369126955054,49.12346206373001,1.000000000000001,-4.679349037085566,5.039385995517463,-699.4533428969536
267.8690627608407,49.11410591688665,1.000000000000001,-4.678635315551077,5.039240445269016,-697.30712378352
267.87443195649325,49.10474945371232,1.000000000000001,-4.677921767236508,5.039094557504384,-695.1653976005643
267.8797988589589,49.0953926746552,1.000000000000001,-4.677208391913799,5.038948332490733,-693.0281594132086
267.8851634706863,49.086035580163035,1.000000000000001,-4.676495189355197,5.038801770494928,-690.8954042865714
267.89052579412225,49.07667817068324,1.000000000000001,-4.675782159332961,5.038654871783464,-688.767127285774
267.8958858317119,49.06732044666287,1.000000000000001,-4.675069301619479,5.038507636622683,-686.6433234759356
267.9012435858983,49.05796240854856,1.000000000000001,-4.674356615987431,5.038360065278368,-684.5239879221778
267.906599059123,49.048604056786665,1.000000000000001,-4.673644102209447,5.038212158016236,-682.4091156896193
267.91195225382535,49.039245391823115,1.000000000000001,-4.672931760058381,5.038063915101674,-680.2987018433803
267.9173031724429,49.029886414103466,1.0000000000000009,-4.672219589307383,5.037915336799543,-678.192741448582
267.9226518174117,49.02052712407295,1.000000000000001,-4.671507589729566,5.037766423374663,-676.0912295703433
267.92799819116556,49.011167522176414,1.000000000000001,-4.670795761098187,5.037617175091398,-673.9941612737858
267.9333422961366,49.00180760885836,1.000000000000001,-4.670084103186889,5.037467592213872,-671.901531624028
267.9386841347552,48.99244738456288,1.000000000000001,-4.669372615769131,5.037317675005795,-669.8133356861914
267.9440237094497,48.98308684973376,1.000000000000001,-4.668661298618847,5.03716742373075,-667.729568525396
267.94936102264694,48.97372600481438,1.0000000000000009,-4.667950151509784,5.0370168386518515,-665.6502252067606
267.95469607677154,48.9643648502478,1.000000000000001,-4.667239174216184,5.036865920032042,-663.5753007954073
267.9600288742465,48.955003386476676,1.000000000000001,-4.66652836651218,5.036714668133797,-661.5047903564545
267.9653594174931,48.94564161394332,1.0000000000000009,-4.665817728172075,5.0365630832194626,-659.4386889550236
267.97068770893054,48.93627953308971,1.000000000000001,-4.6651072589704965,5.036411165551044,-657.3769916562337
267.9760137509763,48.926917144357425,1.000000000000001,-4.664396958682145,5.03625891539015,-655.3196935252063
267.9813375460462,48.91755444818769,1.0000000000000013,-4.663686827081644,5.036106332998102,-653.2667896270608
267.9866590965539,48.9081914450214,1.000000000000001,-4.662976863944117,5.035953418636069,-651.2182750269163
267.9919784049116,48.898828135299055,1.000000000000001,-4.662267069044691,5.035800172564706,-649.174144789895
267.99729547352945,48.88946451946081,1.000000000000001,-4.661557442158505,5.03564659504454,-647.1343939811153
268.00261030481596,48.88010059794649,1.000000000000001,-4.660847983060952,5.035492686335715,-645.0990176656987
268.0079229011776,48.87073637119552,1.0000000000000013,-4.660138691527777,5.035338446698091,-643.0680109087642
268.01323326501927,48.86137183964699,1.000000000000001,-4.6594295673344925,5.035183876391258,-641.0413687754329
268.01854139874376,48.85200700373962,1.000000000000001,-4.6587206102571175,5.035028975674365,-639.0190863308236
268.0238473047525,48.84264186391179,1.000000000000001,-4.658011820071462,5.034873744806447,-637.0011586400586
268.02915098544463,48.8332764206015,1.000000000000001,-4.657303196553853,5.03471818404617,-634.9875807682566
268.03445244321796,48.823910674246456,1.000000000000001,-4.656594739480382,5.034562293651938,-632.9783477805372
268.03975168046793,48.81454462528392,1.0000000000000009,-4.6558864486277685,5.034406073881712,-630.9734547420218
268.0450486995888,48.805178274150855,1.000000000000001,-4.6551783237723505,5.034249524993278,-628.97289671783
268.0503435029725,48.79581162128382,1.000000000000001,-4.654470364691031,5.034092647244158,-626.976668773082
268.0556360930096,48.78644466711916,1.000000000000001,-4.653762571160628,5.033935440891497,-624.9847659728975
268.0609264720884,48.7770774120927,1.0000000000000009,-4.65305494295822,5.033777906192121,-622.9971833823978
268.0662146425959,48.76770985664,1.000000000000001,-4.652347479860964,5.033620043402685,-621.0139160667024
268.071500606917,48.758342001196226,1.000000000000001,-4.651640181646149,5.033461852779411,-619.0349590909308
268.076784367435,48.74897384619621,1.0000000000000009,-4.65093304809128,5.033303334578264,-617.0603075202042
268.08206592653113,48.73960539207445,1.000000000000001,-4.650226078974072,5.0331444890549975,-615.0899564196418
268.08734528658505,48.73023663926508,1.000000000000001,-4.649519274072226,5.032985316464959,-613.1239008543652
268.0926224499746,48.720867588201855,1.000000000000001,-4.648812633163739,5.032825817063241,-611.1621358894922
268.09789741907593,48.711498239318246,1.000000000000001,-4.648106156026517,5.032665991104686,-609.2046565901455
268.10317019626314,48.70212859304728,1.000000000000001,-4.647399842438931,5.032505838843726,-607.2514580214439
268.1084407839088,48.69275864982173,1.0000000000000009,-4.646693692179339,5.032345360534627,-605.3025352485072
268.11370918438365,48.68338841007396,1.000000000000001,-4.64598770502617,5.032184556431275,-603.3578833364568
268.1189754000566,48.674017874236,1.0000000000000013,-4.645281880758094,5.032023426787369,-601.4174973504112
268.12423943329475,48.664647042739546,1.000000000000001,-4.64457621915409,5.031861971856145,-599.4813723554925
268.12950128646355,48.65527591601594,1.000000000000001,-4.643870719992905,5.031700191890728,-597.549503416819
268.13476096192653,48.64590449449615,1.000000000000001,-4.643165383053763,5.0315380871437725,-595.6218855995122
268.1400184620457,48.63653277861083,1.000000000000001,-4.642460208115816,5.031375657867805,-593.6985139686919
268.14527378918086,48.627160768790276,1.000000000000001,-4.641755194958621,5.031212904314991,-591.7793835894772
268.15052694569056,48.61778846546443,1.000000000000001,-4.64105034336159,5.031049826737146,-589.8644895269899
268.15577793393123,48.60841586906291,1.000000000000001,-4.6403456531044585,5.030886425385887,-587.953826846349
268.1610267562577,48.599042980014964,1.000000000000001,-4.6396411239670705,5.030722700512477,-586.0473906126753
268.16627341502283,48.58966979874951,1.000000000000001,-4.638936755729516,5.030558652367951,-584.1451758910882
268.1715179125781,48.58029632569512,1.000000000000001,-4.63823254817176,5.030394281203016,-582.2471777467089
268.1767602512729,48.570922561280014,1.000000000000001,-4.6375285010741,5.0302295872680745,-580.3533912446569
268.182000433455,48.561548505932066,1.0000000000000013,-4.636824614217096,5.030064570813202,-578.463811450052
268.1872384614704,48.55217416007883,1.0000000000000009,-4.636120887381269,5.029899232088333,-576.5784334280152
268.1924743376632,48.54279952414748,1.0000000000000009,-4.635417320347324,5.029733571342966,-574.6972522436656
268.19770806437606,48.53342459856489,1.0000000000000013,-4.634713912896156,5.02956758882636,-572.820262962125
268.2029396439496,48.52404938375757,1.000000000000001,-4.6340106648087875,5.029401284787518,-570.9474606485112
268.2081690787229,48.51467388015167,1.000000000000001,-4.633307575866279,5.029234659475108,-569.0788403679464
268.2133963710331,48.50529808817302,1.000000000000001,-4.632604645850117,5.029067713137522,-567.2143971855497
268.2186215232158,48.49592200824712,1.000000000000001,-4.631901874541688,5.028900446022867,-565.3541261664423
268.22384453760463,48.486545640799115,1.000000000000001,-4.631199261722578,5.028732858379001,-563.4980223757432
268.2290654165317,48.477168986253794,1.000000000000001,-4.630496807174513,5.028564950453422,-561.6460808785724
268.23428416232724,48.46779204503564,1.000000000000001,-4.629794510679492,5.028396722493383,-559.7982967400516
268.2395007773198,48.45841481756878,1.000000000000001,-4.629092372019432,5.028228174745905,-557.9546650252992
268.24471526383616,48.44903730427694,1.000000000000001,-4.628390390976648,5.028059307457603,-556.1151807994363
268.24992762420135,48.43965950558368,1.0000000000000009,-4.627688567333472,5.027890120874879,-554.2798391275825
268.2551378607387,48.43028142191205,1.000000000000001,-4.626986900872358,5.027720615243865,-552.4486350748588
268.26034597576995,48.42090305368485,1.0000000000000009,-4.626285391375863,5.027550790810416,-550.6215637063851
268.2655519716148,48.41152440132449,1.000000000000001,-4.625584038626903,5.027380647819989,-548.7986200872805
268.27075585059146,48.402145465253064,1.000000000000001,-4.624882842408339,5.027210186517856,-546.9797992826666
268.2759576150164,48.39276624589236,1.000000000000001,-4.624181802503177,5.027039407149054,-545.1650963576622
268.28115726720415,48.38338674366379,1.000000000000001,-4.62348091869479,5.026868309958232,-543.3545063773888
268.28635480946787,48.37400695898846,1.000000000000001,-4.622780190766427,5.026696895189787,-541.5480244069653
268.29155024411864,48.36462689228711,1.000000000000001,-4.622079618501635,5.026525163087854,-539.745645511513
268.296743573466,48.35524654398018,1.000000000000001,-4.621379201684123,5.026353113896263,-537.9473647561515
268.30193479981796,48.345865914487725,1.000000000000001,-4.62067894009755,5.026180747858582,-536.1531772060002
268.30712392548037,48.33648500422953,1.000000000000001,-4.619978833526097,5.0260080652181145,-534.3630779261807
268.3123109527577,48.327103813625,1.000000000000001,-4.619278881753683,5.025835066217773,-532.5770619818118
268.31749588395263,48.317722343093216,1.000000000000001,-4.618579084564546,5.025661751100351,-530.795124438015
268.3226787213661,48.30834059305293,1.000000000000001,-4.61787944174316,5.025488120108214,-529.017260359909
268.32785946729734,48.29895856392259,1.000000000000001,-4.617179953074036,5.025314173483586,-527.2434648126152
268.33303812404387,48.28957625612025,1.0000000000000013,-4.616480618341859,5.025139911468287,-525.4737328612537
268.3382146939016,48.28019367006368,1.000000000000001,-4.615781437331425,5.024965334303943,-523.7080595709431
268.3433891791645,48.27081080617032,1.0000000000000009,-4.61508240982778,5.024790442231861,-521.9464400068052
268.3485615821251,48.26142766485722,1.000000000000001,-4.614383535616009,5.024615235492995,-520.188869233959
268.35373190507414,48.252044246541196,1.000000000000001,-4.613684814481324,5.024439714328217,-518.4353423175261
268.3589001503006,48.24266055163865,1.000000000000001,-4.612986246209179,5.0242638789779335,-516.6858543226249
268.36406632009175,48.23327658056569,1.000000000000001,-4.61228783058516,5.024087729682343,-514.940400314377
268.3692304167333,48.22389233373811,1.000000000000001,-4.6115895673948994,5.023911266681381,-513.1989753579016
268.37439244250913,48.21450781157132,1.000000000000001,-4.610891456424291,5.02373449021465,-511.46157451831965
268.3795523997014,48.20512301448047,1.000000000000001,-4.6101934974593615,5.023557400521604,-509.7281928607509
268.3847102905908,48.19573794288033,1.000000000000001,-4.609495690286261,5.023379997841225,-507.9988254503147
268.3898661174561,48.186352597185355,1.000000000000001,-4.6087980346911355,5.023202282412377,-506.2734673521328
268.39501988257456,48.1769669778097,1.000000000000001,-4.60810053046054,5.02302425447359,-504.55211363132366
268.4001715882215,48.16758108516714,1.000000000000001,-4.607403177381021,5.022845914263073,-502.834759353009
268.4053212366708,48.15819491967119,1.000000000000001,-4.606705975239338,5.022667262018857,-501.12139958230756
268.41046883019453,48.148808481734974,1.000000000000001,-4.606008923822255,5.022488297978647,-499.412029384341
268.41561437106316,48.139421771771325,1.0000000000000009,-4.605312022916941,5.022309022379844,-497.7066438242284
268.4207578615454,48.13003479019277,1.000000000000001,-4.604615272310441,5.022129435459625,-496.0052379670897
