galstreams/tracks/track.Cocytos.grillmair2009.ecsv
# %ECSV 0.9
# ---
# datatype:
# - {name: sc.ra, unit: deg, datatype: float64}
# - {name: sc.dec, unit: deg, datatype: float64}
# - {name: sc.distance, unit: kpc, datatype: float64}
# - {name: width, datatype: float64}
# meta: !!omap
# - __serialized_columns__:
#     sc:
#       __class__: astropy.coordinates.sky_coordinate.SkyCoord
#       dec: !astropy.table.SerializedColumn
#         __class__: astropy.coordinates.angles.Latitude
#         unit: &id001 !astropy.units.Unit {unit: deg}
#         value: !astropy.table.SerializedColumn {name: sc.dec}
#       distance: !astropy.table.SerializedColumn
#         __class__: astropy.coordinates.distances.Distance
#         unit: !astropy.units.Unit {unit: kpc}
#         value: !astropy.table.SerializedColumn {name: sc.distance}
#       frame: icrs
#       ra: !astropy.table.SerializedColumn
#         __class__: astropy.coordinates.angles.Longitude
#         unit: *id001
#         value: !astropy.table.SerializedColumn {name: sc.ra}
#         wrap_angle: !astropy.coordinates.Angle
#           unit: *id001
#           value: 360.0
#       representation_type: spherical
# schema: astropy-2.0
sc.ra sc.dec sc.distance width
[from data line 339]
189.16208287679288 -1.7441146182092588 11.0 0.7
189.17137600733867 -1.7404108963224205 11.0 0.7
189.1806691013778 -1.7367071286781375 11.0 0.7
189.18996215898764 -1.7330033153740394 11.0 0.7
189.1992551802457 -1.7292994565077224 11.0 0.7
189.2085481652294 -1.7255955521768156 11.0 0.7
189.2178411140161 -1.7218916024789321 11.0 0.7
189.22713402668333 -1.718187607511673 11.0 0.7
189.23642690330848 -1.714483567372671 11.0 0.7
189.24571974396906 -1.7107794821595192 11.0 0.7
189.25501254874246 -1.7070753519698458 11.0 0.7
189.26430531770612 -1.7033711769012634 11.0 0.7
189.27359805093755 -1.6996669570513707 11.0 0.7
189.28289074851418 -1.695962692517793 11.0 0.7
189.2921834105135 -1.6922583833981373 11.0 0.7
189.3014760370129 -1.6885540297900161 11.0 0.7
189.31076862808993 -1.6848496317910353 11.0 0.7
189.32006118382196 -1.6811451894988194 11.0 0.7
189.32935370428655 -1.6774407030109653 11.0 0.7
189.3386461895611 -1.673736172425087 11.0 0.7
189.34793863972314 -1.6700315978387958 11.0 0.7
189.35723105485016 -1.6663269793496958 11.0 0.7
189.36652343501956 -1.66262231705541 11.0 0.7
189.3758157803089 -1.658917611053534 11.0 0.7
189.38510809079563 -1.6552128614416757 11.0 0.7
189.39440036655722 -1.6515080683174577 11.0 0.7
189.40369260767122 -1.6478032317784688 11.0 0.7
189.41298481421504 -1.644098351922332 11.0 0.7
189.42227698626624 -1.6403934288466535 11.0 0.7
189.4315691239023 -1.6366884626490268 11.0 0.7
189.4408612272007 -1.6329834534270724 11.0 0.7
189.450153296239 -1.6292784012783923 11.0 0.7
189.4594453310946 -1.6255733063005928 11.0 0.7
189.4687373318451 -1.621868168591284 11.0 0.7
189.478029298568 -1.6181629882480577 11.0 0.7
189.48732123134076 -1.6144577653685324 11.0 0.7
189.49661313024092 -1.6107525000503093 11.0 0.7
189.50590499534601 -1.6070471923909933 11.0 0.7
189.51519682673356 -1.6033418424881825 11.0 0.7
189.52448862448105 -1.5996364504394962 11.0 0.7
189.53378038866603 -1.5959310163425238 11.0 0.7
189.54307211936603 -1.5922255402948684 11.0 0.7
189.55236381665858 -1.5885200223941474 11.0 0.7
189.5616554806212 -1.5848144627379448 11.0 0.7
189.5709471113314 -1.581108861423882 11.0 0.7
189.58023870886677 -1.5774032185495468 11.0 0.7
189.58953027330483 -1.5736975342125414 11.0 0.7
189.5988218047231 -1.5699918085104814 11.0 0.7
189.60811330319913 -1.5662860415409492 11.0 0.7
189.61740476881047 -1.5625802334015602 11.0 0.7
189.62669620163467 -1.558874384189915 11.0 0.7
189.63598760174932 -1.5551684940036 11.0 0.7
189.64527896923187 -1.551462562940229 11.0 0.7
189.65457030415996 -1.5477565910973974 11.0 0.7
189.66386160661114 -1.5440505785727052 11.0 0.7
189.67315287666295 -1.5403445254637462 11.0 0.7
189.68244411439295 -1.5366384318681343 11.0 0.7
189.69173531987872 -1.5329322978834534 11.0 0.7
189.70102649319782 -1.5292261236073068 11.0 0.7
189.7103176344278 -1.5255199091372926 11.0 0.7
189.71960874364626 -1.5218136545710041 11.0 0.7
189.72889982093074 -1.518107360006052 11.0 0.7
189.73819086635885 -1.5144010255400213 11.0 0.7
189.74748188000817 -1.510694651270507 11.0 0.7
189.75677286195622 -1.5069882372951207 11.0 0.7
189.7660638122807 -1.5032817837114405 11.0 0.7
189.77535473105908 -1.4995752906170756 11.0 0.7
189.78464561836898 -1.4958687581096224 11.0 0.7
189.79393647428805 -1.4921621862866623 11.0 0.7
189.80322729889377 -1.488455575245809 11.0 0.7
189.81251809226384 -1.484748925084639 11.0 0.7
189.82180885447582 -1.481042235900761 11.0 0.7
189.83109958560726 -1.4773355077917694 11.0 0.7
189.84039028573582 -1.4736287408552442 11.0 0.7
189.8496809549391 -1.4699219351887929 11.0 0.7
189.85897159329465 -1.4662150908900051 11.0 0.7
189.86826220088014 -1.4625082080564737 11.0 0.7
189.8775527777732 -1.4588012867857874 11.0 0.7
189.8868433240513 -1.4550943271755525 11.0 0.7
189.8961338397922 -1.4513873293233477 11.0 0.7
189.9054243250735 -1.4476802933267652 11.0 0.7
189.91471477997277 -1.4439732192834105 11.0 0.7
189.92400520456766 -1.4402661072908567 11.0 0.7
189.93329559893573 -1.4365589574467148 11.0 0.7
189.94258596315467 -1.4328517698485603 11.0 0.7
189.95187629730214 -1.4291445445939852 11.0 0.7
189.9611666014557 -1.425437281780593 11.0 0.7
189.970456875693 -1.4217299815059568 11.0 0.7
189.97974712009167 -1.4180226438676788 11.0 0.7
189.98903733472932 -1.4143152689633507 11.0 0.7
189.99832751968367 -1.4106078568905465 11.0 0.7
190.00761767503226 -1.4069004077468694 11.0 0.7
190.01690780085283 -1.4031929216299046 11.0 0.7
190.02619789722297 -1.3994853986372406 11.0 0.7
190.0354879642203 -1.3957778388664694 11.0 0.7
190.04477800192254 -1.3920702424151665 11.0 0.7
190.05406801040726 -1.388362609380933 11.0 0.7
190.06335798975218 -1.3846549398613515 11.0 0.7
190.07264794003493 -1.3809472339540105 11.0 0.7
190.08193786133316 -1.3772394917564916 11.0 0.7
190.09122775372452 -1.3735317133663958 11.0 0.7
190.1005176172867 -1.3698238988812952 11.0 0.7
190.10980745209736 -1.3661160483987769 11.0 0.7
190.11909725823415 -1.3624081620164405 11.0 0.7
190.12838703577472 -1.3587002398318528 11.0 0.7
190.13767678479678 -1.3549922819426141 11.0 0.7
190.14696650537795 -1.351284288446309 11.0 0.7
190.15625619759595 -1.3475762594405092 11.0 0.7
190.16554586152841 -1.3438681950228177 11.0 0.7
190.1748354972531 -1.3401600952908 11.0 0.7
190.1841251048476 -1.3364519603420544 11.0 0.7
190.1934146843896 -1.332743790274166 11.0 0.7
190.20270423595684 -1.3290355851847029 11.0 0.7
190.21199375962698 -1.325327345171264 11.0 0.7
190.22128325547772 -1.3216190703314268 11.0 0.7
190.2305727235867 -1.3179107607627742 11.0 0.7
190.23986216403165 -1.3142024165628903 11.0 0.7
190.24915157689026 -1.3104940378293561 11.0 0.7
190.2584409622402 -1.3067856246597547 11.0 0.7
190.26773032015922 -1.3030771771516678 11.0 0.7
190.27701965072498 -1.2993686954026769 11.0 0.7
190.2863089540152 -1.2956601795103637 11.0 0.7
190.29559823010754 -1.2919516295723095 11.0 0.7
190.30488747907978 -1.2882430456860954 11.0 0.7
190.3141767010096 -1.284534427949297 11.0 0.7
190.32346589597464 -1.2808257764595092 11.0 0.7
190.33275506405266 -1.2771170913142937 11.0 0.7
190.34204420532143 -1.2734083726112444 11.0 0.7
190.35133331985858 -1.2696996204479405 11.0 0.7
190.3606224077419 -1.265990834921948 11.0 0.7
190.36991146904901 -1.2622820161308606 11.0 0.7
190.3792005038577 -1.2585731641722522 11.0 0.7
190.3884895122457 -1.254864279143701 11.0 0.7
190.3977784942907 -1.2511553611427915 11.0 0.7
190.40706745007046 -1.247446410267087 11.0 0.7
190.4163563796627 -1.2437374266141805 11.0 0.7
190.42564528314512 -1.2400284102816441 11.0 0.7
190.43493416059547 -1.2363193613670564 11.0 0.7
190.4442230120915 -1.2326102799679945 11.0 0.7
190.4535118377109 -1.228901166182035 11.0 0.7
190.46280063753144 -1.2251920201067554 11.0 0.7
190.4720894116309 -1.2214828418397274 11.0 0.7
190.48137816008693 -1.2177736314785415 11.0 0.7
190.49066688297737 -1.2140643891207603 11.0 0.7
190.4999555803799 -1.210355114863964 11.0 0.7
190.50924425237227 -1.2066458088057281 11.0 0.7
190.51853289903227 -1.2029364710436243 11.0 0.7
190.52782152043756 -1.1992271016752412 11.0 0.7
190.537110116666 -1.19551770079814 11.0 0.7
190.54639868779532 -1.1918082685098959 11.0 0.7
190.5556872339032 -1.1880988049080965 11.0 0.7
190.56497575506748 -1.184389310090299 11.0 0.7
190.5742642513659 -1.18067978415409 11.0 0.7
190.5835527228762 -1.17697022719704 11.0 0.7
190.59284116967615 -1.1732606393167218 11.0 0.7
190.60212959184352 -1.1695510206107098 11.0 0.7
190.61141798945607 -1.165841371176576 11.0 0.7
190.62070636259156 -1.1621316911118946 11.0 0.7
190.62999471132778 -1.1584219805142377 11.0 0.7
190.63928303574252 -1.1547122394811784 11.0 0.7
190.64857133591352 -1.1510024681102886 11.0 0.7
190.65785961191855 -1.1472926664991407 11.0 0.7
190.66714786383537 -1.1435828347453065 11.0 0.7
190.67643609174186 -1.1398729729463528 11.0 0.7
190.68572429571566 -1.1361630811998662 11.0 0.7
190.69501247583466 -1.1324531596034022 11.0 0.7
190.70430063217663 -1.128743208254533 11.0 0.7
190.71358876481926 -1.1250332272508436 11.0 0.7
190.72287687384045 -1.1213232166898848 11.0 0.7
190.7321649593179 -1.1176131766692472 11.0 0.7
190.7414530213295 -1.1139031072864858 11.0 0.7
190.750741059953 -1.1101930086391711 11.0 0.7
190.76002907526612 -1.1064828808248868 11.0 0.7
190.76931706734675 -1.1027727239411835 11.0 0.7
190.77860503627267 -1.0990625380856454 11.0 0.7
190.78789298212163 -1.0953523233558358 11.0 0.7
190.79718090497147 -1.0916420798493243 11.0 0.7
190.8064688049 -1.0879318076636795 11.0 0.7
190.815756681985 -1.0842215068964702 11.0 0.7
190.8250445363043 -1.0805111776452643 11.0 0.7
190.83433236793567 -1.0768008200076244 11.0 0.7
190.84362017695696 -1.0730904340811345 11.0 0.7
190.85290796344594 -1.0693800199633463 11.0 0.7
190.86219572748044 -1.065669577751833 11.0 0.7
190.8714834691383 -1.0619591075441615 11.0 0.7
190.8807711884973 -1.0582486094378944 11.0 0.7
190.89005888563526 -1.0545380835306124 11.0 0.7
190.89934656063 -1.0508275299198682 11.0 0.7
190.9086342135594 -1.0471169487032286 11.0 0.7
190.91792184450117 -1.0434063399782725 11.0 0.7
190.92720945353318 -1.039695703842549 11.0 0.7
190.93649704073331 -1.035985040393637 11.0 0.7
190.9457846061793 -1.0322743497291025 11.0 0.7
190.95507214994907 -1.0285636319464972 11.0 0.7
190.96435967212034 -1.0248528871434042 11.0 0.7
190.97364717277102 -1.0211421154173708 11.0 0.7
190.98293465197895 -1.0174313168659752 11.0 0.7
190.99222210982188 -1.0137204915867821 11.0 0.7
191.00150954637775 -1.0100096396773428 11.0 0.7
191.01079696172434 -1.0062987612352345 11.0 0.7
191.02008435593947 -1.0025878563580177 11.0 0.7
191.02937172910106 -0.9988769251432553 11.0 0.7
191.03865908128685 -0.9951659676885063 11.0 0.7
191.04794641257473 -0.9914549840913496 11.0 0.7
191.05723372304257 -0.987743974449333 11.0 0.7
191.06652101276816 -0.9840329388600203 11.0 0.7
191.07580828182938 -0.9803218774209886 11.0 0.7
191.0850955303041 -0.9766107902297818 11.0 0.7
191.09438275827014 -0.9728996773839814 11.0 0.7
191.10366996580535 -0.969188538981135 11.0 0.7
191.1129571529876 -0.9654773751188055 11.0 0.7
191.12224431989472 -0.9617661858945689 11.0 0.7
191.13153146660463 -0.9580549714059677 11.0 0.7
191.1408185931951 -0.9543437317505783 11.0 0.7
191.15010569974405 -0.9506324670259623 11.0 0.7
191.1593927863293 -0.9469211773296657 11.0 0.7
191.16867985302875 -0.9432098627592653 11.0 0.7
191.17796689992025 -0.9394985234123162 11.0 0.7
191.18725392708163 -0.9357871593863795 11.0 0.7
191.1965409345908 -0.93207577077902 11.0 0.7
191.20582792252563 -0.9283643576877848 11.0 0.7
191.21511489096397 -0.9246529202102476 11.0 0.7
191.2244018399837 -0.9209414584439641 11.0 0.7
191.23368876966268 -0.9172299724864938 11.0 0.7
191.24297568007879 -0.9135184624353917 11.0 0.7
191.2522625713099 -0.9098069283882314 11.0 0.7
191.26154944343386 -0.9060953704425587 11.0 0.7
191.27083629652864 -0.9023837886959317 11.0 0.7
191.280123130672 -0.898672183245924 11.0 0.7
191.28940994594194 -0.8949605541900759 11.0 0.7
191.29869674241624 -0.8912489016259597 11.0 0.7
191.3079835201728 -0.8875372256511339 11.0 0.7
191.31727027928954 -0.8838255263631428 11.0 0.7
191.32655701984433 -0.8801138038595632 11.0 0.7
191.33584374191506 -0.8764020582379343 11.0 0.7
191.3451304455796 -0.8726902895958281 11.0 0.7
191.35441713091586 -0.8689784980308018 11.0 0.7
191.36370379800175 -0.8652666836403992 11.0 0.7
191.3729904469151 -0.8615548465221912 11.0 0.7
191.38227707773387 -0.8578429867737306 11.0 0.7
191.39156369053592 -0.8541311044925741 11.0 0.7
191.40085028539914 -0.8504191997762739 11.0 0.7
191.41013686240143 -0.8467072727224007 11.0 0.7
191.4194234216207 -0.8429953234284967 11.0 0.7
191.42870996313485 -0.8392833519921233 11.0 0.7
191.4379964870218 -0.8355713585108361 11.0 0.7
191.4472829933594 -0.8318593430821863 11.0 0.7
191.45656948222558 -0.8281473058037446 11.0 0.7
191.46585595369825 -0.8244352467730517 11.0 0.7
191.47514240785532 -0.8207231660876634 11.0 0.7
191.48442884477467 -0.8170110638451491 11.0 0.7
191.49371526453427 -0.8132989401430452 11.0 0.7
191.50300166721198 -0.8095867950789207 11.0 0.7
191.51228805288568 -0.8058746287503307 11.0 0.7
191.52157442163337 -0.8021624412548154 11.0 0.7
191.53086077353288 -0.7984502326899438 11.0 0.7
191.54014710866215 -0.7947380031532654 11.0 0.7
191.54943342709913 -0.7910257527423343 11.0 0.7
191.5587197289217 -0.7873134815547096 11.0 0.7
191.5680060142078 -0.7836011896879309 11.0 0.7
191.57729228303538 -0.7798888772395665 11.0 0.7
191.58657853548226 -0.7761765443071647 11.0 0.7
191.59586477162642 -0.7724641909882795 11.0 0.7
191.60515099154583 -0.768751817380459 11.0 0.7
191.61443719531832 -0.7650394235812709 11.0 0.7
191.62372338302188 -0.761327009688254 11.0 0.7
191.63300955473443 -0.7576145757989611 11.0 0.7
191.6422957105339 -0.7539021220109592 11.0 0.7
191.6515818504982 -0.7501896484217819 11.0 0.7
191.66086797470524 -0.7464771551290006 11.0 0.7
191.67015408323297 -0.7427646422301535 11.0 0.7
191.67944017615935 -0.7390521098227929 11.0 0.7
191.6887262535623 -0.7353395580044845 11.0 0.7
191.69801231551975 -0.7316269868727616 11.0 0.7
191.70729836210958 -0.7279143965251902 11.0 0.7
191.71658439340982 -0.7242017870593217 11.0 0.7
191.72587040949838 -0.7204891585726934 11.0 0.7
191.73515641045316 -0.7167765111628709 11.0 0.7
191.7444423963521 -0.7130638449274006 11.0 0.7
191.7537283672732 -0.7093511599638334 11.0 0.7
191.76301432329436 -0.7056384563697156 11.0 0.7
191.7723002644935 -0.7019257342426124 11.0 0.7
191.78158619094864 -0.6982129936800596 11.0 0.7
191.79087210273764 -0.6945002347796131 11.0 0.7
191.80015799993848 -0.6907874576388228 11.0 0.7
191.80944388262915 -0.6870746623552342 11.0 0.7
191.8187297508875 -0.6833618490264118 11.0 0.7
191.8280156047916 -0.6796490177498915 11.0 0.7
191.8373014444193 -0.675936168623223 11.0 0.7
191.84658726984858 -0.6722233017439698 11.0 0.7
191.85587308115743 -0.6685104172096632 11.0 0.7
191.86515887842376 -0.6647975151178661 11.0 0.7
191.87444466172553 -0.6610845955661285 11.0 0.7
191.88373043114075 -0.6573716586519849 11.0 0.7
191.89301618674727 -0.6536587044730037 11.0 0.7
191.90230192862313 -0.6499457331267144 11.0 0.7
191.91158765684625 -0.6462327447106805 11.0 0.7
191.92087337149462 -0.6425197393224502 11.0 0.7
191.9301590726462 -0.6388067170595582 11.0 0.7
191.9394447603789 -0.6350936780195671 11.0 0.7
191.94873043477074 -0.6313806223000205 11.0 0.7
191.95801609589967 -0.6276675499984662 11.0 0.7
191.96730174384362 -0.6239544612124478 11.0 0.7
191.9765873786806 -0.6202413560395276 11.0 0.7
191.98587300048854 -0.6165282345772389 11.0 0.7
191.99515860934545 -0.6128150969231299 11.0 0.7
192.00444420532924 -0.6091019431747619 11.0 0.7
192.0137297885179 -0.6053887734296635 11.0 0.7
192.0230153589894 -0.6016755877854009 11.0 0.7
192.03230091682175 -0.5979623863395074 11.0 0.7
192.04158646209288 -0.5942491691895302 11.0 0.7
192.0508719948808 -0.5905359364330302 11.0 0.7
192.06015751526343 -0.5868226881675354 11.0 0.7
192.06944302331874 -0.5831094244906065 11.0 0.7
192.07872851912475 -0.579396145499791 11.0 0.7
192.08801400275945 -0.5756828512926206 11.0 0.7
192.09729947430077 -0.5719695419666561 11.0 0.7
192.1065849338267 -0.5682562176194389 11.0 0.7
192.11587038141522 -0.5645428783485154 11.0 0.7
192.12515581714428 -0.5608295242514364 11.0 0.7
192.13444124109193 -0.5571161554257336 11.0 0.7
192.1437266533361 -0.5534027719689673 11.0 0.7
192.15301205395477 -0.5496893739786785 11.0 0.7
192.16229744302598 -0.5459759615524126 11.0 0.7
192.17158282062766 -0.5422625347877107 11.0 0.7
192.18086818683776 -0.5385490937821323 11.0 0.7
192.19015354173433 -0.5348356386332087 11.0 0.7
192.19943888539535 -0.5311221694384851 11.0 0.7
192.20872421789878 -0.5274086862955208 11.0 0.7
192.21800953932262 -0.5236951893018421 11.0 0.7
192.22729484974485 -0.519981678555008 11.0 0.7
192.23658014924348 -0.5162681541525631 11.0 0.7
192.2458654378965 -0.5125546161920386 11.0 0.7
192.25515071578184 -0.5088410647709973 11.0 0.7
192.26443598297757 -0.5051274999869654 11.0 0.7
192.27372123956164 -0.5014139219375012 11.0 0.7
