galstreams/tracks/track.st.Sylgr.ibata2021.ecsv
# %ECSV 0.9
# ---
# datatype:
# - {name: ra, unit: deg, datatype: float64}
# - {name: dec, unit: deg, datatype: float64}
# - {name: distance, unit: kpc, datatype: float64}
# - {name: pm_ra_cosdec, unit: mas / yr, datatype: float64}
# - {name: pm_dec, unit: mas / yr, datatype: float64}
# - {name: radial_velocity, unit: km / s, datatype: float64}
# delimiter: ','
# meta: !!omap
# - __serialized_columns__:
#     dec:
#       __class__: astropy.coordinates.angles.Latitude
#       unit: &id001 !astropy.units.Unit {unit: deg}
#       value: !astropy.table.SerializedColumn {name: dec}
#     distance:
#       __class__: astropy.coordinates.distances.Distance
#       unit: !astropy.units.Unit {unit: kpc}
#       value: !astropy.table.SerializedColumn {name: distance}
#     pm_dec:
#       __class__: astropy.units.quantity.Quantity
#       unit: !astropy.units.Unit {unit: mas / yr}
#       value: !astropy.table.SerializedColumn {name: pm_dec}
#     pm_ra_cosdec:
#       __class__: astropy.units.quantity.Quantity
#       unit: !astropy.units.Unit {unit: mas / yr}
#       value: !astropy.table.SerializedColumn {name: pm_ra_cosdec}
#     ra:
#       __class__: astropy.coordinates.angles.Longitude
#       unit: *id001
#       value: !astropy.table.SerializedColumn {name: ra}
#       wrap_angle: !astropy.coordinates.Angle
#         unit: *id001
#         value: 360.0
#     radial_velocity:
#       __class__: astropy.units.quantity.Quantity
#       unit: !astropy.units.Unit {unit: km / s}
#       value: !astropy.table.SerializedColumn {name: radial_velocity}
# schema: astropy-2.0
ra,dec,distance,pm_ra_cosdec,pm_dec,radial_velocity
[from data line 1761]
180.2846871051836,-1.9669170309009347,3.8573201599855698,-13.598337760435113,-12.413196919630657,5.999796580034041e-14
180.29414323875721,-1.9634047146821993,3.8588938257422662,-13.59258545939625,-12.406711715797444,6.21031575828085e-14
180.30360054799178,-1.9598946939925093,3.8604694492319287,-13.586832002189606,-12.400225664747332,-2.2104513715914887e-14
180.31305903248537,-1.956386967968746,3.8620470313616466,-13.581077385769852,-12.393738768957697,1.2631150694808506e-14
180.32251869183006,-1.9528815357365703,3.863626573033221,-13.575321607097512,-12.38725103092376,2.947268495455318e-14
180.33197952840857,-1.9493784018046543,3.8652080796718327,-13.569564659901689,-12.380762451786024,-1.3683746586042549e-14
180.34144154780918,-1.945877576864627,3.8667915619186943,-13.563806534158822,-12.374273031151905,2.1051917824680846e-14
180.35090474078604,-1.9423790429969279,3.8683770063910914,-13.558047237030983,-12.367782775914476,5.578758223540424e-14
180.3603691069067,-1.9388827992816584,3.8699644139694493,-13.552286765502384,-12.361291688640938,0.0
180.36983464573257,-1.935388844787544,3.8715537855288717,-13.546525116563053,-12.354799771916394,-2.2104513715914887e-14
180.37930135681887,-1.9318971785718981,3.8731451219391357,-13.540762287209002,-12.348307028343905,6.315575347404253e-15
180.38876923971475,-1.9284077996806057,3.874738424064668,-13.534998274442092,-12.341813460544497,-4.210383564936169e-15
180.39823829396317,-1.9249207071481083,3.8763336927645398,-13.529233075270247,-12.335319071157254,7.157652060391487e-14
180.4077085191009,-1.9214358999973424,3.8779309288924715,-13.523466686707216,-12.328823862839224,7.368171238638296e-14
180.41717991465853,-1.9179533772397475,3.8795301332968046,-13.517699105772826,-12.322327838265544,6.631354114774466e-14
180.4266524801604,-1.9144731378752056,3.8811313068205124,-13.51193032949284,-12.315831000129386,-2.8420089063319142e-14
180.43612621512466,-1.910995180892043,3.882734450301175,-13.50616035489903,-12.309333351142062,-1.7894130150978717e-14
180.44560111906316,-1.9075195052670095,3.884339564570967,-13.500389179029273,-12.302834894033037,3.5788260301957434e-14
180.4550771914816,-1.9040461099651893,3.885946650456678,-13.494616798927341,-12.296335631549823,-9.47336302110638e-15
180.46455443187935,-1.9005749939400673,3.8875557087796677,-13.488843211643184,-12.289835566458207,-1.0525958912340423e-14
180.47403283974947,-1.8971061561334084,3.889166740355886,-13.48306841423274,-12.283334701542104,-2.1051917824680846e-14
180.48351241457877,-1.8936395954753111,3.890779745995836,-13.477292403758073,-12.27683303960368,8.21024795162553e-14
180.49299315584778,-1.8901753108841226,3.8923947265045897,-13.471515177287365,-12.270330583463366,6.841873293021275e-14
180.50247506303066,-1.8867133012664536,3.894011682681766,-13.465736731894854,-12.26382733595985,1.2631150694808506e-14
180.5119581355952,-1.8832535655170972,3.895630615321536,-13.459957064660937,-12.257323299950052,3.157787673702127e-14
180.52144237300288,-1.8797961025190613,3.8972515252125874,-13.454176172672183,-12.25081847830931,-2.4209705498382972e-14
180.5309277747088,-1.8763409111435014,3.8988744131381496,-13.448394053021259,-12.244312873931214,-1.3683746586042549e-14
180.54041434016167,-1.8728879902497242,3.9004992798759477,-13.442610702807091,-12.237806489727811,2.315710960714893e-14
180.54990206880385,-1.869437338685132,3.902126126198224,-13.436826119134745,-12.231299328629479,-3.1577876737021266e-15
180.55939096007123,-1.865988955285204,3.9037549528717204,-13.431040299115512,-12.224791393585024,8.420767129872338e-15
180.5688810133933,-1.8625428388734797,3.905385760657661,-13.425253239866887,-12.21828268756169,5.0524602779234026e-14
180.57837222819313,-1.8590989882615154,3.9070185503117556,-13.419464938512636,-12.211773213545186,5.6840178126638284e-14
180.5878646038873,-1.855657402248875,3.9086533225841777,-13.413675392182752,-12.205262974539716,2.4209705498382972e-14
180.59735813988593,-1.8522180796230732,3.9102900782195733,-13.4078845980135,-12.198751973567978,6.315575347404253e-15
180.60685283559266,-1.8487810191595966,3.9119288179570306,-13.402092553147462,-12.192240213671235,4.8419410996765944e-14
180.6163486904047,-1.8453462196218353,3.9135695425300834,-13.396299254733494,-12.185727697909297,-1.7894130150978717e-14
180.62584570371257,-1.8419136797610631,3.915212252666709,-13.390504699926762,-12.179214429360538,-1.2631150694808506e-14
180.63534387490049,-1.8384833983164235,3.9168569490892997,-13.384708885888806,-12.172700411121987,-1.1578554803574466e-14
180.64484320334597,-1.8350553740148974,3.9185036325146725,-13.378911809787475,-12.166185646309273,5.999796580034041e-14
180.65434368842008,-1.8316296055712624,3.9201523036540507,-13.373113468796994,-12.159670138056693,2.1051917824680845e-15
180.66384532948723,-1.8282060916880902,3.921802963213057,-13.367313860097989,-12.153153889517228,4.5261623323063815e-14
180.6733481259053,-1.8247848310556845,3.92345561189171,-13.361512980877412,-12.146636903862541,3.9998643866893604e-14
180.6828520770256,-1.8213658223521008,3.9251102503844018,-13.355710828328721,-12.140119184283074,-2.8420089063319142e-14
180.69235718219272,-1.8179490642430776,3.9267668793799038,-13.349907399651725,-12.133600733987972,4.210383564936169e-15
180.70186344074475,-1.814534555382032,3.9284254995613446,-13.344102692052736,-12.12708155620521,-2.1051917824680845e-15
180.71137085201306,-1.8111222944100132,3.930086111606218,-13.338296702744463,-12.12056165418152,-2.4209705498382972e-14
180.72087941532243,-1.8077122799556973,3.931748716186359,-13.332489428946122,-12.114041031182479,-1.5788938368510635e-14
180.73038912999087,-1.8043045106353544,3.933413313967937,-13.326680867883418,-12.107519690492532,6.21031575828085e-14
180.73989999532984,-1.8008989850528112,3.935079905611451,-13.320871016788555,-12.100997635414974,2.7367493172085098e-14
180.74941201064402,-1.7974957017994346,3.9367484917717213,-13.315059872900289,-12.094474869272045,-2.1051917824680845e-15
180.75892517523135,-1.7940946594540925,3.9384190730978808,-13.309247433463835,-12.087951395404843,0.0
180.76843948838314,-1.7906958565831403,3.9400916502333576,-13.303433695731053,-12.081427217173482,7.368171238638296e-14
180.7779549493839,-1.7872992917403732,3.941766223815884,-13.297618656960275,-12.074902337956978,-1.5788938368510635e-14
180.7874715575114,-1.7839049634670254,3.9434427944774706,-13.291802314416485,-12.068376761153392,4.9472006887999985e-14
180.7969893120366,-1.7805128702917306,3.945121362844398,-13.285984665371252,-12.061850490179806,1.7894130150978717e-14
180.80650821222378,-1.7771230107304947,3.9468019295372163,-13.28016570710276,-12.05532352847235,5.2629794561702114e-14
180.8160282573303,-1.773735383286664,3.948484495170736,-13.274345436895798,-12.048795879486194,5.6840178126638284e-14
180.82554944660683,-1.7703499864509111,3.950169060354009,-13.26852385204184,-12.042267546695648,-2.8420089063319142e-14
180.8350717792971,-1.7669668187011784,3.9518556256903397,-13.262700949838969,-12.03573853359408,1.5788938368510635e-14
180.84459525463805,-1.7635858785026863,3.953544191777251,-13.256876727592,-12.029208843694045,1.473634247727659e-14
180.85411987185984,-1.7602071643078965,3.9552347592064914,-13.251051182612409,-12.022678480527263,1.2631150694808506e-14
180.86364563018563,-1.7568306745564677,3.956927328564021,-13.24522431221839,-12.016147447644636,3.1577876737021266e-15
180.87317252883176,-1.753456407675243,3.9586219004300043,-13.23939611373487,-12.009615748616271,5.0524602779234026e-14
180.88270056700773,-1.7500843620782205,3.960318475378806,-13.233566584493497,-12.00308338703153,3.8946047975659563e-14
180.89222974391603,-1.7467145361665195,3.9620170539789727,-13.227735721832682,-11.996550366499026,3.263047262825531e-14
180.90176005875225,-1.7433469283283711,3.9637176367932216,-13.221903523097607,-11.990016690646673,7.4734308277617e-14
180.91129151070513,-1.739981536939069,3.9654202243784487,-13.216069985640246,-11.983482363121688,4.105123975812765e-14
180.92082409895633,-1.7366183603609515,3.9671248172857045,-13.210235106819374,-11.976947387590636,3.368306851948935e-14
180.93035782268063,-1.7332573969433753,3.9688314160601923,-13.204398884000584,-11.970411767739417,6.841873293021275e-14
180.9398926810458,-1.729898645022694,3.9705400212412525,-13.198561314556322,-11.963875507273357,-1.0525958912340423e-15
180.94942867321257,-1.7265421029222163,3.9722506333623606,-13.192722395865845,-11.957338609917144,-8.420767129872338e-15
180.9589657983347,-1.7231877689521862,3.973963252951121,-13.186882125315291,-11.950801079414916,-1.894672604221276e-14
180.96850405555898,-1.7198356414097578,3.975677880529245,-13.181040500297689,-11.944262919530285,5.789277401787233e-14
180.97804344402508,-1.7164857185789777,3.97739451661255,-13.175197518212986,-11.93772413404634,-1.3683746586042549e-14
180.98758396286564,-1.713137998730727,3.9791131617109574,-13.169353176467997,-11.931184726765649,-3.263047262825531e-14
180.99712561120626,-1.709792480122726,3.980833816328472,-13.163507472476482,-11.924644701510331,-1.6841534259744676e-14
181.00666838816537,-1.706449160999494,3.9825564809631753,-13.157660403659158,-11.918104062122069,5.157719867046807e-14
181.01621229285445,-1.7031080395923173,3.984281156107223,-13.15181196744371,-11.911562812462103,-1.1578554803574466e-14
181.02575732437776,-1.69976911411922,3.9860078422468384,-13.145962161264755,-11.905020956411258,-4.105123975812765e-14
181.03530348183241,-1.6964323827849734,3.987736539862276,-13.140110982563977,-11.898478497870064,2.6314897280851057e-14
181.0448507643085,-1.6930978437809978,3.9894672494278614,-13.134258428789975,-11.891935440758598,4.631421921429786e-14
181.0543991708889,-1.68976549528541,3.991199971411935,-13.128404497398455,-11.885391789016689,-1.9999321933446802e-14
181.0639487006493,-1.6864353354629487,3.9929347062768645,-13.12254918585213,-11.878847546603836,-3.368306851948935e-14
181.0734993526582,-1.6831073624649615,3.9946714544790427,-13.11669249162075,-11.872302717499258,-1.5788938368510635e-14
181.08305112597694,-1.6797815744293785,3.9964102164688646,-13.11083441218118,-11.865757305701939,2.8420089063319142e-14
181.09260401965966,-1.6764579694806723,3.998150992690733,-13.104974945017293,-11.85921131523058,5.894536990910637e-14
181.10215803275327,-1.673136545729862,3.9998937835830266,-13.099114087620178,-11.852664750123754,6.631354114774466e-14
181.11171316429738,-1.6698173012744528,4.001638589578113,-13.093251837487953,-11.846117614439812,6.21031575828085e-14
181.12126941332446,-1.6665002341984279,4.003385411102328,-13.087388192125912,-11.839569912256959,-8.420767129872338e-15
181.13082677885959,-1.6631853425722032,4.005134248575983,-13.081523149046483,-11.833021647673242,9.47336302110638e-15
181.14038525992066,-1.6598726244526305,4.0068851024133245,-13.075656705769259,-11.826472824806636,0.0
181.1499448555182,-1.656562077882948,4.008637973022551,-13.069788859821069,-11.819923447795048,4.73668151055319e-14
181.15950556465552,-1.6532537008927242,4.010392860805816,-13.063919608735805,-11.813373520796219,-2.947268495455318e-14
181.16906738632852,-1.6499474914979149,4.01214976615917,-13.058048950054765,-11.806823047988004,4.210383564936169e-15
181.17863031952578,-1.6466434477007528,4.013908689472601,-13.052176881326323,-11.800272033568152,7.052392471268083e-14
181.1881943632286,-1.6433415674897387,4.0156696311300095,-13.046303400106131,-11.793720481754415,-2.1051917824680846e-14
181.19775951641077,-1.6400418488396673,4.01743259150918,-13.040428503957184,-11.787168396784658,-3.4735664410723393e-14
181.20732577803884,-1.6367442897115223,4.019197570981803,-13.034552190449647,-11.780615782916723,3.4735664410723393e-14
181.21689314707194,-1.6334488880525038,4.020964569913451,-13.028674457161028,-11.774062644428588,-1.894672604221276e-14
181.22646162246167,-1.630155641795982,4.022733588663561,-13.022795301676162,-11.76750898561834,6.947132882144679e-14
181.2360312031524,-1.626864548861472,4.024504627585443,-13.016914721587185,-11.760954810804181,-9.47336302110638e-15
181.24560188808093,-1.6235756071545995,4.0262776870262575,-13.011032714493588,-11.754400124324468,2.8420089063319142e-14
181.2551736761766,-1.620288814567084,4.0280527673270194,-13.005149278002209,-11.747844930537761,5.578758223540424e-14
181.2647465663614,-1.6170041689766952,4.029829868822583,-12.999264409727239,-11.741289233822782,-1.0525958912340423e-14
181.27432055754971,-1.61372166824726,4.031608991841625,-12.993378107290289,-11.734733038578524,2.4209705498382972e-14
181.2838956486485,-1.6104413102285993,4.033390136706634,-12.987490368320401,-11.72817634922425,1.0525958912340423e-15
181.29347183855722,-1.6071630927565195,4.035173303733928,-12.981601190453988,-11.721619170199453,-3.263047262825531e-14
181.30304912616774,-1.6038870136527719,4.036958493233621,-12.975710571334902,-11.715061505963948,3.4735664410723393e-14
181.31262751036448,-1.60061307072504,4.038745705509617,-12.969818508614495,-11.708503360997877,8.420767129872338e-15
181.32220699002426,-1.5973412617669014,4.040534940859606,-12.96392499995152,-11.701944739801725,3.263047262825531e-14
181.3317875640163,-1.594071584557811,4.042326199575058,-12.958030043012288,-11.695385646896366,-6.315575347404253e-15
181.34136923120238,-1.5908040368630518,4.044119481941207,-12.952133635470553,-11.688826086823049,2.1051917824680846e-14
181.3509519904365,-1.587538616433746,4.0459147882370425,-12.946235775007619,-11.682266064143468,3.263047262825531e-14
181.3605358405652,-1.584275321006794,4.0477121187353,-12.940336459312327,-11.675705583439777,-2.4209705498382972e-14
181.37012078943155,-1.581014165656873,4.049511490037485,-12.934435672623076,-11.669144647482064,-2.315710960714893e-14
181.37970682812428,-1.57775513317166,4.05131288840207,-12.928533424147412,-11.662583262542112,6.526094525651062e-14
181.38929395417807,-1.5744982187612648,4.053116311747708,-12.922629713518825,-11.656021433531206,-8.420767129872338e-15
181.3988821664086,-1.5712434201051018,4.054921760321866,-12.916724538456657,-11.64945916511406,1.894672604221276e-14
181.4084714636239,-1.5679907348682056,4.056729234365742,-12.910817896687833,-11.642896461975853,3.8946047975659563e-14
181.41806184462436,-1.564740160701276,4.0585387341141965,-12.904909785946986,-11.63633332882248,2.947268495455318e-14
181.42765330820262,-1.5614916952405904,4.060350259795795,-12.899000203976339,-11.629769770380385,-1.7894130150978717e-14
181.43724585314354,-1.5582453361080002,4.062163811632773,-12.893089148525831,-11.623205791396678,4.5261623323063815e-14
181.4468394782244,-1.5550010809108845,4.0639793898410375,-12.887176617353022,-11.616641396639107,9.47336302110638e-15
181.45643418221456,-1.5517589272421666,4.065796994630151,-12.881262608223187,-11.61007659089613,1.5788938368510635e-14
181.46602996387574,-1.548518872680231,4.067616626203328,-12.875347118909348,-11.603511378976911,4.9472006887999985e-14
181.4756268219619,-1.545280914788928,4.069438284757435,-12.869430147192151,-11.596945765711327,-3.789345208442552e-14
181.485224755219,-1.5420450511175456,4.071261970482955,-12.863511690860111,-11.590379755950039,2.315710960714893e-14
181.49482376238547,-1.538811279200777,4.073087683563996,-12.857591747709415,-11.583813354564503,1.0525958912340423e-14
181.50442384219173,-1.5355795965586971,4.074915424178289,-12.851670315544089,-11.57724656644696,1.7894130150978717e-14
181.51402499336047,-1.532350000696708,4.076745192497172,-12.845747392175863,-11.570679396510467,2.7367493172085098e-14
181.52362721460648,-1.5291224891055728,4.078576988685569,-12.839822975424367,-11.564111849688983,5.6840178126638284e-14
181.53323050463672,-1.5258970592613132,4.080410812902009,-12.833897063116957,-11.557543930937278,-1.5788938368510635e-14
181.5428348621502,-1.5226737086252469,4.082246665298575,-12.827969653088923,-11.550975645231112,-1.894672604221276e-14
