galstreams/tracks/track.ep.Wambelong.shipp2018.ecsv
# %ECSV 1.0
# ---
# datatype:
# - {name: ra, unit: deg, datatype: float64}
# - {name: dec, unit: deg, datatype: float64}
# - {name: distance, unit: kpc, datatype: float64}
# - {name: pm_ra_cosdec, unit: mas / yr, datatype: float64}
# - {name: pm_dec, unit: mas / yr, datatype: float64}
# - {name: radial_velocity, unit: km / s, datatype: float64}
# delimiter: ','
# meta: !!omap
# - __serialized_columns__:
#     dec:
#       __class__: astropy.coordinates.angles.Latitude
#       unit: &id001 !astropy.units.Unit {unit: deg}
#       value: !astropy.table.SerializedColumn {name: dec}
#     distance:
#       __class__: astropy.coordinates.distances.Distance
#       unit: !astropy.units.Unit {unit: kpc}
#       value: !astropy.table.SerializedColumn {name: distance}
#     pm_dec:
#       __class__: astropy.units.quantity.Quantity
#       unit: !astropy.units.Unit {unit: mas / yr}
#       value: !astropy.table.SerializedColumn {name: pm_dec}
#     pm_ra_cosdec:
#       __class__: astropy.units.quantity.Quantity
#       unit: !astropy.units.Unit {unit: mas / yr}
#       value: !astropy.table.SerializedColumn {name: pm_ra_cosdec}
#     ra:
#       __class__: astropy.coordinates.angles.Longitude
#       unit: *id001
#       value: !astropy.table.SerializedColumn {name: ra}
#       wrap_angle: !astropy.coordinates.Angle
#         unit: *id001
#         value: 360.0
#     radial_velocity:
#       __class__: astropy.units.quantity.Quantity
#       unit: !astropy.units.Unit {unit: km / s}
#       value: !astropy.table.SerializedColumn {name: radial_velocity}
# schema: astropy-2.0
ra,dec,distance,pm_ra_cosdec,pm_dec,radial_velocity
90.50000014750049,-45.59999991034788,15.1,2.0,-0.1,0.0
90.43335723981407,-45.546255015889685,15.100000000000001,2.0,-0.1,0.0
90.36684168865055,-45.49247144506671,15.1,2.0,-0.1,0.0
90.30045310340833,-45.4386493441641,15.1,2.0,-0.1,0.0
90.23419109439389,-45.38478885887776,15.1,2.0,-0.1,0.0
90.16805527282361,-45.3308901343168,15.100000000000001,2.0,-0.1,0.0
90.10204525082531,-45.27695331500556,15.1,2.0,-0.1,0.0
90.03616064144016,-45.22297854488629,15.1,2.0,-0.1,0.0
89.97040105862408,-45.168965967321235,15.1,2.0,-0.1,0.0
89.90476611724937,-45.114915725095024,15.100000000000001,2.0,-0.1,0.0
89.83925543310596,-45.06082796041687,15.1,2.0,-0.1,0.0
89.7738686229031,-45.006702814923,15.100000000000001,2.0,-0.1,0.0
89.70860530427052,-44.9525404296789,15.1,2.0,-0.1,0.0
89.64346509575977,-44.89834094518158,15.099999999999998,2.0,-0.1,0.0
89.57844761684541,-44.84410450136192,15.100000000000001,2.0,-0.1,0.0
89.51355248792608,-44.789831237586746,15.100000000000001,2.0,-0.1,0.0
89.4487793303258,-44.73552129266141,15.1,2.0,-0.1,0.0
89.38412776629495,-44.68117480483187,15.1,2.0,-0.1,0.0
89.31959741901117,-44.62679191178696,15.1,2.0,-0.1,0.0
89.25518791258044,-44.572372750660705,15.099999999999998,2.0,-0.1,0.0
89.1908988720377,-44.51791745803446,15.100000000000001,2.0,-0.1,0.0
89.12672992334808,-44.463426169939346,15.1,2.0,-0.1,0.0
89.06268069340737,-44.40889902185831,15.1,2.0,-0.1,0.0
88.99875081004285,-44.354336148728486,15.100000000000001,2.0,-0.1,0.0
88.93493990201398,-44.29973768494338,15.1,2.0,-0.1,0.0
88.87124759901289,-44.24510376435499,15.1,2.0,-0.1,0.0
88.80767353166516,-44.190434520276206,15.100000000000001,2.0,-0.1,0.0
88.74421733153022,-44.13573008548296,15.1,2.0,-0.1,0.0
88.68087863110189,-44.08099059221641,15.1,2.0,-0.1,0.0
88.61765706380858,-44.02621617218505,15.100000000000001,2.0,-0.1,0.0
88.55455226401405,-43.97140695656711,15.100000000000001,2.0,-0.1,0.0
88.49156386701746,-43.91656307601262,15.1,2.0,-0.1,0.0
88.42869150905378,-43.861684660645615,15.100000000000001,2.0,-0.1,0.0
88.36593482729396,-43.80677184006635,15.1,2.0,-0.1,0.0
88.3032934598451,-43.75182474335332,15.100000000000001,2.0,-0.1,0.0
88.2407670457507,-43.69684349906564,15.1,2.0,-0.1,0.0
88.1783552249908,-43.64182823524515,15.100000000000001,2.0,-0.1,0.0
88.11605763848186,-43.586779079418456,15.1,2.0,-0.1,0.0
88.05387392807701,-43.531696158599225,15.100000000000001,2.0,-0.1,0.0
87.99180373656573,-43.47657959929015,15.100000000000001,2.0,-0.1,0.0
87.92984670767413,-43.4214295274853,15.1,2.0,-0.1,0.0
87.86800248606465,-43.36624606867215,15.1,2.0,-0.1,0.0
87.80627071733593,-43.31102934783363,15.1,2.0,-0.1,0.0
87.74465104802277,-43.25577948945045,15.099999999999998,2.0,-0.1,0.0
87.68314312559556,-43.20049661750286,15.1,2.0,-0.1,0.0
87.6217465984605,-43.14518085547318,15.1,2.0,-0.1,0.0
87.56046111595897,-43.08983232634762,15.099999999999998,2.0,-0.1,0.0
87.49928632836732,-43.03445115261851,15.1,2.0,-0.1,0.0
87.43822188689637,-42.979037456286186,15.1,2.0,-0.1,0.0
87.37726744369122,-42.92359135886134,15.1,2.0,-0.1,0.0
87.31642265183068,-42.86811298136695,15.1,2.0,-0.1,0.0
87.25568716532676,-42.81260244434032,15.1,2.0,-0.1,0.0
87.19506063912429,-42.7570598678353,15.1,2.0,-0.1,0.0
87.13454272910016,-42.701485371424035,15.1,2.0,-0.1,0.0
87.07413309206295,-42.64587907419937,15.1,2.0,-0.1,0.0
87.01383138575225,-42.59024109477669,15.1,2.0,-0.1,0.0
86.95363726883801,-42.53457155129599,15.1,2.0,-0.1,0.0
86.89355040091982,-42.47887056142395,15.100000000000001,2.0,-0.1,0.0
86.83357044252622,-42.42313824235582,15.100000000000001,2.0,-0.1,0.0
86.77369705511403,-42.367374710817614,15.099999999999998,2.0,-0.1,0.0
86.7139299010675,-42.31158008306806,15.099999999999996,2.0,-0.1,0.0
86.65426864369762,-42.25575447490059,15.1,2.0,-0.1,0.0
86.59471294724105,-42.19989800164522,15.1,2.0,-0.1,0.0
86.53526247685954,-42.144010778170774,15.1,2.0,-0.1,0.0
86.47591689863889,-42.08809291888672,15.1,2.0,-0.1,0.0
86.41667587958807,-42.032144537745175,15.100000000000001,2.0,-0.1,0.0
86.35753908763833,-41.976165748242906,15.1,2.0,-0.1,0.0
86.29850619164199,-41.92015666342313,15.1,2.0,-0.1,0.0
86.2395768613718,-41.86411739587776,15.1,2.0,-0.1,0.0
86.1807507675197,-41.80804805774914,15.1,2.0,-0.1,0.0
86.12202758169573,-41.75194876073205,15.1,2.0,-0.1,0.0
86.06340697642717,-41.69581961607568,15.100000000000001,2.0,-0.1,0.0
86.0048886251571,-41.63966073458543,15.100000000000001,2.0,-0.1,0.0
85.94647220224358,-41.583472226625034,15.1,2.0,-0.1,0.0
85.88815738295845,-41.52725420211829,15.099999999999998,2.0,-0.1,0.0
85.82994384348598,-41.471006770551135,15.1,2.0,-0.1,0.0
85.77183126092189,-41.41473004097345,15.1,2.0,-0.1,0.0
85.71381931327186,-41.358424122000855,15.100000000000001,2.0,-0.1,0.0
85.65590767945056,-41.30208912181685,15.099999999999998,2.0,-0.1,0.0
85.59809603928028,-41.24572514817454,15.1,2.0,-0.1,0.0
85.54038407348956,-41.18933230839851,15.1,2.0,-0.1,0.0
85.48277146371206,-41.13291070938683,15.099999999999998,2.0,-0.1,0.0
85.42525789248491,-41.07646045761259,15.1,2.0,-0.1,0.0
85.36784304324773,-41.01998165912618,15.1,2.0,-0.1,0.0
85.31052660034103,-40.96347441955688,15.1,2.0,-0.1,0.0
85.25330824900493,-40.906938844114826,15.1,2.0,-0.1,0.0
85.1961876753775,-40.85037503759261,15.1,2.0,-0.1,0.0
85.13916456649369,-40.79378310436746,15.1,2.0,-0.1,0.0
85.08223861028364,-40.737163148402864,15.1,2.0,-0.1,0.0
85.02540949557127,-40.68051527325034,15.1,2.0,-0.1,0.0
84.9686769120728,-40.623839582051446,15.1,2.0,-0.1,0.0
84.91204055039509,-40.567136177539254,15.1,2.0,-0.1,0.0
84.85550010203443,-40.510405162040534,15.1,2.0,-0.1,0.0
84.7990552593747,-40.4536466374773,15.100000000000001,2.0,-0.1,0.0
84.74270571568597,-40.396860705368645,15.099999999999998,2.0,-0.1,0.0
84.6864511651229,-40.340047466832594,15.099999999999998,2.0,-0.1,0.0
84.63029130272298,-40.28320702258763,15.1,2.0,-0.1,0.0
84.57422582440518,-40.22633947295483,15.1,2.0,-0.1,0.0
84.51825442696816,-40.16944491785933,15.1,2.0,-0.1,0.0
84.4623768080887,-40.112523456832214,15.100000000000001,2.0,-0.1,0.0
84.40659266631992,-40.055575189012124,15.1,2.0,-0.1,0.0
84.35090170108981,-39.9986002131472,15.1,2.0,-0.1,0.0
84.2953036126993,-39.94159862759665,15.100000000000001,2.0,-0.1,0.0
84.23979810232078,-39.8845705303325,15.1,2.0,-0.1,0.0
84.18438487199626,-39.827516018941374,15.100000000000001,2.0,-0.1,0.0
84.12906362463562,-39.77043519062613,15.1,2.0,-0.1,0.0
84.07383406401499,-39.71332814220761,15.1,2.0,-0.1,0.0
84.01869589477485,-39.656194970126315,15.1,2.0,-0.1,0.0
83.96364882241836,-39.5990357704441,15.099999999999998,2.0,-0.1,0.0
83.90869255330954,-39.54185063884589,15.1,2.0,-0.1,0.0
83.85382679467145,-39.484639670641286,15.1,2.0,-0.1,0.0
83.79905125458441,-39.427402960766315,15.099999999999998,2.0,-0.1,0.0
83.74436564198423,-39.37014060378504,15.099999999999998,2.0,-0.1,0.0
83.68976966666024,-39.31285269389123,15.1,2.0,-0.1,0.0
83.63526303925362,-39.25553932491003,15.1,2.0,-0.1,0.0
83.58084547125539,-39.19820059029957,15.1,2.0,-0.1,0.0
83.52651667500466,-39.140836583152655,15.100000000000001,2.0,-0.1,0.0
83.47227636368666,-39.083447396198345,15.1,2.0,-0.1,0.0
83.41812425133097,-39.02603312180361,15.1,2.0,-0.1,0.0
83.36406005280949,-38.96859385197493,15.099999999999996,2.0,-0.1,0.0
83.31008348383463,-38.91112967835991,15.1,2.0,-0.1,0.0
83.25619426095734,-38.85364069224892,15.100000000000001,2.0,-0.1,0.0
83.20239210156525,-38.79612698457666,15.1,2.0,-0.1,0.0
83.14867672388063,-38.73858864592371,15.100000000000001,2.0,-0.1,0.0
83.09504784695855,-38.68102576651826,15.1,2.0,-0.1,0.0
83.04150519068484,-38.62343843623749,15.1,2.0,-0.1,0.0
82.98804847577424,-38.565826744609325,15.099999999999998,2.0,-0.1,0.0
82.93467742376828,-38.50819078081389,15.100000000000001,2.0,-0.1,0.0
82.88139175703344,-38.450530633685126,15.100000000000001,2.0,-0.1,0.0
82.82819119875907,-38.39284639171229,15.1,2.0,-0.1,0.0
82.77507547295544,-38.33513814304159,15.1,2.0,-0.1,0.0
82.72204430445174,-38.277405975477635,15.099999999999998,2.0,-0.1,0.0
82.66909741889407,-38.21964997648501,15.100000000000001,2.0,-0.1,0.0
82.61623454274336,-38.16187023318982,15.1,2.0,-0.1,0.0
82.56345540327345,-38.10406683238121,15.099999999999998,2.0,-0.1,0.0
82.51075972856897,-38.046239860512834,15.1,2.0,-0.1,0.0
82.4581472475234,-37.98838940370443,15.1,2.0,-0.1,0.0
82.40561768983689,-37.930515547743276,15.1,2.0,-0.1,0.0
82.35317078601436,-37.87261837808572,15.1,2.0,-0.1,0.0
82.30080626736331,-37.81469797985864,15.1,2.0,-0.1,0.0
82.24852386599187,-37.756754437860984,15.1,2.0,-0.1,0.0
82.19632331480666,-37.69878783656515,15.1,2.0,-0.1,0.0
82.14420434751074,-37.640798260118586,15.099999999999998,2.0,-0.1,0.0
82.09216669860155,-37.582785792345156,15.1,2.0,-0.1,0.0
82.04021010336876,-37.524750516746636,15.1,2.0,-0.1,0.0
81.98833429789231,-37.4666925165042,15.100000000000001,2.0,-0.1,0.0
81.93653901904015,-37.408611874479796,15.1,2.0,-0.1,0.0
81.88482400446632,-37.35050867321766,15.099999999999998,2.0,-0.1,0.0
81.83318899260867,-37.292382994945726,15.1,2.0,-0.1,0.0
81.7816337226869,-37.23423492157703,15.099999999999998,2.0,-0.1,0.0
81.73015793470036,-37.176064534711166,15.100000000000001,2.0,-0.1,0.0
81.67876136942596,-37.117871915635725,15.1,2.0,-0.1,0.0
81.6274437684161,-37.059657145327634,15.1,2.0,-0.1,0.0
81.57620487399643,-37.001420304454626,15.1,2.0,-0.1,0.0
81.52504442926387,-36.94316147337663,15.100000000000001,2.0,-0.1,0.0
81.47396217808438,-36.88488073214713,15.1,2.0,-0.1,0.0
81.4229578650908,-36.82657816051464,15.1,2.0,-0.1,0.0
81.37203123568086,-36.76825383792395,15.1,2.0,-0.1,0.0
81.3211820360149,-36.70990784351762,15.1,2.0,-0.1,0.0
81.27041001301377,-36.65154025613732,15.1,2.0,-0.1,0.0
81.21971491435673,-36.59315115432516,15.100000000000001,2.0,-0.1,0.0
81.1690964884792,-36.53474061632508,15.1,2.0,-0.1,0.0
81.11855448457075,-36.476308720084226,15.099999999999998,2.0,-0.1,0.0
81.06808865257283,-36.417855543254234,15.1,2.0,-0.1,0.0
81.01769874317667,-36.3593811631926,15.1,2.0,-0.1,0.0
80.96738450782112,-36.30088565696406,15.1,2.0,-0.1,0.0
80.91714569869048,-36.24236910134187,15.1,2.0,-0.1,0.0
80.86698206871235,-36.18383157280914,15.1,2.0,-0.1,0.0
80.81689337155542,-36.12527314756015,15.1,2.0,-0.1,0.0
80.76687936162746,-36.06669390150168,15.100000000000001,2.0,-0.1,0.0
80.71693979407291,-36.00809391025429,15.1,2.0,-0.1,0.0
80.66707442477099,-35.94947324915368,15.100000000000001,2.0,-0.1,0.0
80.61728301033324,-35.89083199325187,15.099999999999998,2.0,-0.1,0.0
80.56756530810163,-35.83217021731866,15.100000000000001,2.0,-0.1,0.0
80.51792107614624,-35.77348799584275,15.099999999999998,2.0,-0.1,0.0
80.46835007326305,-35.714785403033126,15.100000000000001,2.0,-0.1,0.0
80.41885205897194,-35.65606251282028,15.099999999999998,2.0,-0.1,0.0
80.36942679351431,-35.59731939885749,15.1,2.0,-0.1,0.0
80.32007403785106,-35.53855613452212,15.099999999999998,2.0,-0.1,0.0
80.2707935536604,-35.47977279291681,15.1,2.0,-0.1,0.0
80.22158510333558,-35.42096944687079,15.099999999999996,2.0,-0.1,0.0
80.17244844998284,-35.362146168941095,15.099999999999998,2.0,-0.1,0.0
80.12338335741914,-35.3033030314138,15.1,2.0,-0.1,0.0
80.07438959017006,-35.244440106305255,15.099999999999998,2.0,-0.1,0.0
80.02546691346757,-35.18555746536338,15.099999999999998,2.0,-0.1,0.0
79.97661509324786,-35.12665518006877,15.1,2.0,-0.1,0.0
79.92783389614925,-35.06773332163601,15.1,2.0,-0.1,0.0
79.87912308950993,-35.00879196101491,15.1,2.0,-0.1,0.0
79.83048244136576,-34.949831168891556,15.099999999999998,2.0,-0.1,0.0
79.78191172044822,-34.8908510156897,15.1,2.0,-0.1,0.0
79.73341069618216,-34.831851571571875,15.1,2.0,-0.1,0.0
79.68497913868362,-34.77283290644053,15.099999999999998,2.0,-0.1,0.0
79.63661681875767,-34.71379508993936,15.099999999999998,2.0,-0.1,0.0
79.58832350789629,-34.654738191454356,15.1,2.0,-0.1,0.0
79.54009897827615,-34.59566228011504,15.1,2.0,-0.1,0.0
79.49194300275644,-34.53656742479564,15.1,2.0,-0.1,0.0
79.44385535487675,-34.47745369411626,15.1,2.0,-0.1,0.0
79.39583580885486,-34.41832115644398,15.1,2.0,-0.1,0.0
79.34788413958461,-34.3591698798941,15.1,2.0,-0.1,0.0
79.30000012263373,-34.29999993233125,15.100000000000001,2.0,-0.1,0.0
