galstreams/tracks/track.st.Ylgr.ibata2024.ecsv
# %ECSV 1.0
# ---
# datatype:
# - {name: ra, unit: deg, datatype: float64}
# - {name: dec, unit: deg, datatype: float64}
# - {name: distance, unit: kpc, datatype: float64}
# - {name: pm_ra_cosdec, unit: mas / yr, datatype: float64}
# - {name: pm_dec, unit: mas / yr, datatype: float64}
# - {name: radial_velocity, unit: km / s, datatype: float64}
# delimiter: ','
# meta: !!omap
# - __serialized_columns__:
#     dec:
#       __class__: astropy.coordinates.angles.Latitude
#       unit: &id001 !astropy.units.Unit {unit: deg}
#       value: !astropy.table.SerializedColumn {name: dec}
#     distance:
#       __class__: astropy.coordinates.distances.Distance
#       unit: !astropy.units.Unit {unit: kpc}
#       value: !astropy.table.SerializedColumn {name: distance}
#     pm_dec:
#       __class__: astropy.units.quantity.Quantity
#       unit: !astropy.units.Unit {unit: mas / yr}
#       value: !astropy.table.SerializedColumn {name: pm_dec}
#     pm_ra_cosdec:
#       __class__: astropy.units.quantity.Quantity
#       unit: !astropy.units.Unit {unit: mas / yr}
#       value: !astropy.table.SerializedColumn {name: pm_ra_cosdec}
#     ra:
#       __class__: astropy.coordinates.angles.Longitude
#       unit: *id001
#       value: !astropy.table.SerializedColumn {name: ra}
#       wrap_angle: !astropy.coordinates.Angle
#         unit: *id001
#         value: 360.0
#     radial_velocity:
#       __class__: astropy.units.quantity.Quantity
#       unit: !astropy.units.Unit {unit: km / s}
#       value: !astropy.table.SerializedColumn {name: radial_velocity}
# schema: astropy-2.0
ra,dec,distance,pm_ra_cosdec,pm_dec,radial_velocity
[from data line 2597]
173.31068882636083,-20.499890147062285,1.0000000000000004,-0.39011622483013575,-7.85746529217284,326.76549053421627
173.31396026566526,-20.509364547998874,1.0000000000000007,-0.3902654132360803,-7.856050624177076,326.7772721819982
173.3172319883961,-20.518838925131885,1.0000000000000004,-0.3904145813951452,-7.854635980663819,326.7890466135856
173.3205039957877,-20.528313278119565,1.0000000000000004,-0.3905637289688233,-7.853221361569059,326.8008138557465
173.3237762890748,-20.53778760662008,1.0000000000000004,-0.39071285561852953,-7.851806766828801,326.8125739352493
173.32704886949233,-20.54726191029152,1.0000000000000004,-0.3908619610056432,-7.850392196378998,326.8243268788619
173.3303217382756,-20.556736188791884,1.0000000000000004,-0.3910110447914734,-7.8489776501556285,326.8360727133528
173.33359489666014,-20.566210441779084,1.0000000000000007,-0.39116010663726275,-7.8475631280946345,326.84781146549005
173.3368683458819,-20.57568466891096,1.0000000000000004,-0.39130914620419066,-7.846148630131946,326.8595431620419
173.34014208717701,-20.585158869845248,1.0000000000000004,-0.39145816315337,-7.84473415620349,326.8712678297767
173.343416121782,-20.59463304423963,1.0000000000000004,-0.39160715714586836,-7.843319706245165,326.8829854954624
173.34669045093366,-20.60410719175166,1.0000000000000007,-0.3917561278427,-7.841905280192858,326.89469618586736
173.3499650758691,-20.61358131203886,1.0000000000000004,-0.3919050749048232,-7.840490877982454,326.90639992775965
173.35323999782568,-20.62305540475861,1.0000000000000007,-0.3920539979931075,-7.839076499549829,326.91809674790767
173.35651521804112,-20.632529469568254,1.0000000000000004,-0.39220289676836195,-7.8376621448308015,326.9297866730795
173.35979073775346,-20.64200350612502,1.0000000000000004,-0.3923517708913691,-7.836247813761222,326.9414697300435
173.363066558201,-20.65147751408606,1.0000000000000004,-0.39250062002285,-7.834833506276933,326.9531459455675
173.36634268062232,-20.660951493108445,1.0000000000000004,-0.3926494438234114,-7.833419222313708,326.9648153464202
173.36961910625644,-20.67042544284916,1.0000000000000007,-0.3927982419536713,-7.832004961807357,326.9764779593695
173.3728958363425,-20.6798993629651,1.0000000000000004,-0.39294701407415644,-7.830590724693661,326.9881338111837
173.37617287212012,-20.689373253113075,1.0000000000000004,-0.39309575984533307,-7.829176510908379,326.9997829286308
173.37945021482906,-20.698847112949807,1.0000000000000007,-0.39324447892757064,-7.827762320387265,327.01142533847934
173.38272786570954,-20.70832094213194,1.0000000000000002,-0.3933931709812759,-7.8263481530660535,327.0230610674972
173.38600582600202,-20.717794740316034,1.0000000000000004,-0.3935418356666931,-7.8249340088804615,327.034690142453
173.38928409694728,-20.727268507158527,1.0000000000000007,-0.39369047264410195,-7.8235198877662135,327.04631259011467
173.39256267978635,-20.736742242315838,1.0000000000000004,-0.39383908157362235,-7.822105789658991,327.0579284372503
173.39584157576064,-20.746215945444234,1.0000000000000004,-0.39398766211539105,-7.820691714494483,327.06953771062825
173.39912078611192,-20.75568961619994,1.0000000000000004,-0.3941362139294968,-7.819277662208339,327.08114043701687
173.40240031208208,-20.76516325423906,1.0000000000000004,-0.3942847366758748,-7.817863632736238,327.0927366431841
173.4056801549135,-20.77463685921765,1.0000000000000004,-0.39443323001449127,-7.816449626013789,327.10432635589825
173.40896031584884,-20.78411043079164,1.0000000000000007,-0.39458169360522444,-7.815035641976625,327.1159096019275
173.41224079613102,-20.7935839686169,1.0000000000000004,-0.39473012710791444,-7.813621680560345,327.1274864080402
173.41552159700325,-20.803057472349195,1.0000000000000004,-0.394878530182293,-7.8122077417005755,327.1390568010045
173.4188027197091,-20.812530941644233,1.0000000000000004,-0.3950269024880626,-7.810793825332855,327.1506208075884
173.42208416549252,-20.822004376157594,1.0000000000000004,-0.39517524368490164,-7.809379931392776,327.16217845456026
173.42536593559763,-20.831477775544798,1.0000000000000004,-0.3953235534323625,-7.807966059815872,327.17372976868836
173.42864803126895,-20.840951139461264,1.0000000000000007,-0.395471831389993,-7.8065522105376886,327.1852747767408
173.43193045375128,-20.85042446756234,1.0000000000000004,-0.3956200772172602,-7.805138383493748,327.19681350548575
173.43521320428977,-20.85989775950327,1.0000000000000007,-0.3957682905735531,-7.803724578619555,327.2083459816917
173.43849628412983,-20.869371014939215,1.0000000000000004,-0.3959164711182659,-7.802310795850616,327.21987223212636
173.44177969451727,-20.87884423352525,1.0000000000000004,-0.39606461851069863,-7.800897035122379,327.2313922835583
173.4450634366981,-20.88831741491637,1.0000000000000004,-0.39621273241005905,-7.7994832963703296,327.24290616275573
173.44834751191874,-20.89779055876746,1.0000000000000004,-0.3963608124755389,-7.798069579529912,327.2544138964867
173.45163192142584,-20.907263664733332,1.0000000000000004,-0.3965088583662384,-7.7966558845365554,327.2659155115195
173.45491666646652,-20.916736732468713,1.0000000000000004,-0.396656869741296,-7.795242211325693,327.2774110346223
173.458201748288,-20.926209761628233,1.0000000000000004,-0.3968048462596423,-7.793828559832718,327.2889004925634
173.46148716813798,-20.935682751866445,1.0000000000000004,-0.39695278758027897,-7.792414929993015,327.3003839121109
173.46477292726445,-20.945155702837784,1.0000000000000004,-0.3971006933620762,-7.791001321741987,327.311861320033
173.46805902691565,-20.95462861419664,1.0000000000000004,-0.3972485632638989,-7.789587735014962,327.32333274309775
173.47134546834022,-20.964101485597283,1.0000000000000004,-0.39739639694448137,-7.788174169747304,327.33479820807383
173.47463225278705,-20.973574316693906,1.0000000000000004,-0.39754419406259167,-7.786760625874344,327.3462577417289
173.4779193815054,-20.983047107140603,1.0000000000000004,-0.3976919542768851,-7.785347103331379,327.35771137083174
173.48120685574477,-20.99251985659139,1.0000000000000004,-0.39783967724596003,-7.78393360205375,327.36915912215005
173.4844946767551,-21.00199256470018,1.0000000000000004,-0.39798736262834744,-7.782520121976717,327.38060102245225
173.48778284578657,-21.01146523112082,1.0000000000000004,-0.39813501008259244,-7.781106663035544,327.39203709850653
173.4910713640897,-21.02093785550704,1.0000000000000004,-0.39828261926710695,-7.77969322516552,327.4034673770811
173.49436023291528,-21.030410437512497,1.0000000000000004,-0.39843018984028955,-7.7782798083018605,327.41489188494404
173.49764945351453,-21.03988297679076,1.0000000000000004,-0.3985777214604367,-7.776866412379782,327.42631064886376
173.50093902713888,-21.0493554729953,1.0000000000000004,-0.3987252137858519,-7.775453037334536,327.4377236956085
173.50422895504013,-21.0588279257795,1.0000000000000004,-0.39887266647471,-7.774039683101282,327.4491310519462
173.50751923847045,-21.068300334796646,1.0000000000000004,-0.39902007918519633,-7.772626349615241,327.46053274464526
173.5108098786822,-21.077772699699953,1.0000000000000007,-0.39916745157539424,-7.771213036811535,327.47192880047396
173.51410087692827,-21.087245020142536,1.0000000000000004,-0.39931478330339143,-7.769799744625367,327.4833192462001
173.51739223446162,-21.096717295777403,1.0000000000000004,-0.3994620740271264,-7.768386472991832,327.4947041085924
173.52068395253573,-21.106189526257495,1.0000000000000007,-0.3996093234045297,-7.766973221846062,327.50608341441875
173.52397603240433,-21.115661711235656,1.0000000000000002,-0.39975653109352827,-7.76555999112318,327.51745719044743
173.52726847532145,-21.125133850364634,1.0000000000000004,-0.3999036967519043,-7.764146780758264,327.52882546344654
173.5305612825415,-21.134605943297085,1.0000000000000004,-0.4000508200373982,-7.762733590686395,327.5401882601845
173.5338544553192,-21.144077989685577,1.0000000000000004,-0.40019790060777805,-7.761320420842633,327.55154560742955
173.53714799490956,-21.153549989182604,1.0000000000000004,-0.40034493812065985,-7.7599072711620245,327.5628975319496
173.54044190256795,-21.163021941440533,1.0000000000000004,-0.40049193223366064,-7.7584941415796,327.57424406051314
173.54373617955005,-21.172493846111664,1.0000000000000004,-0.40063888260431835,-7.757081032030385,327.58558521988806
173.5470308271119,-21.181965702848203,1.0000000000000004,-0.40078578889011585,-7.755667942449371,327.596921036843
173.5503258465098,-21.19143751130226,1.0000000000000007,-0.4009326507484685,-7.7542548727715435,327.6082515381456
173.55362123900042,-21.200909271125866,1.0000000000000004,-0.4010794678367633,-7.752841822931863,327.61957675056465
173.5569170058408,-21.21038098197094,1.0000000000000004,-0.40122623981235783,-7.751428792865298,327.63089670086805
173.56021314828823,-21.21985264348931,1.0000000000000007,-0.4013729663324499,-7.750015782506782,327.6422114158241
173.56350966760036,-21.22932425533274,1.0000000000000004,-0.4015196470543323,-7.7486027917912494,327.6535209222008
173.56680656503517,-21.238795817152873,1.0000000000000004,-0.4016662816350909,-7.747189820653585,327.66482524676667
173.57010384185097,-21.24826732860126,1.0000000000000007,-0.4018128697318559,-7.745776869028713,327.6761244162898
173.57340149930639,-21.257738789329387,1.0000000000000004,-0.4019594110016662,-7.744363936851492,327.6874184575381
173.5766995386604,-21.26721019898862,1.0000000000000004,-0.4021059051015108,-7.742951024056776,327.6987073972802
173.5799979611723,-21.276681557230248,1.0000000000000004,-0.4022523516883556,-7.741538130579425,327.7099912622841
173.58329676810177,-21.286152863705443,1.0000000000000004,-0.4023987504190778,-7.7401252563542755,327.7212700793181
173.58659596070868,-21.295624118065323,1.0000000000000007,-0.40254510095047724,-7.738712401316121,327.7325438751502
173.58989554025337,-21.305095319960884,1.0000000000000004,-0.40269140293932715,-7.737299565399795,327.74381267654894
173.59319550799646,-21.314566469043037,1.0000000000000004,-0.4028376560423661,-7.735886748540047,327.75507651028227
173.5964958651989,-21.324037564962598,1.0000000000000004,-0.40298385991626073,-7.734473950671667,327.7663354031184
173.599796613122,-21.333508607370305,1.0000000000000004,-0.4031300142176333,-7.7330611717293785,327.77758938182563
173.60309775302736,-21.342979595916777,1.0000000000000004,-0.4032761186030074,-7.7316484116479565,327.78883847317223
173.60639928617692,-21.35245053025255,1.0000000000000004,-0.4034221727288996,-7.730235670362106,327.8000827039262
173.609701213833,-21.36192141002807,1.0000000000000004,-0.40356817625177577,-7.728822947806531,327.8113221008559
173.61300353725818,-21.371392234893705,1.0000000000000004,-0.40371412882800417,-7.7274102439159265,327.82255669072947
173.61630625771548,-21.380863004499687,1.0000000000000004,-0.40386003011396276,-7.725997558624943,327.8337865003152
173.61960937646813,-21.39033371849619,1.0000000000000004,-0.40400587976590874,-7.724584891868286,327.8450115563813
173.62291289477977,-21.399804376533286,1.0000000000000004,-0.40415167744007263,-7.72317224358056,327.85623188569576
173.6262168139144,-21.40927497826094,1.0000000000000004,-0.4042974227926548,-7.721759613696406,327.86744751502687
173.62952113513626,-21.418745523329044,1.0000000000000004,-0.40444311547975964,-7.720347002150419,327.87865847114307
173.63282585971004,-21.428216011387374,1.0000000000000004,-0.40458875515749604,-7.718934408877217,327.88986478081233
173.63613098890065,-21.437686442085624,1.0000000000000007,-0.40473434148185383,-7.717521833811357,327.901066470803
173.63943652397347,-21.447156815073395,1.0000000000000004,-0.4048798741088264,-7.716109276887419,327.91226356788326
173.64274246619408,-21.45662713000019,1.0000000000000004,-0.4050253526942784,-7.714696738039937,327.92345609882113
173.64604881682854,-21.466097386515397,1.0000000000000007,-0.4051707768941304,-7.713284217203466,327.9346440903849
173.6493555771431,-21.475567584268354,1.0000000000000007,-0.405316146364159,-7.711871714312473,327.94582756934295
173.65266274840445,-21.485037722908253,1.0000000000000007,-0.4054614607601046,-7.7104592293015095,327.9570065624634
173.6559703318796,-21.49450780208424,1.0000000000000004,-0.4056067197377118,-7.709046762105018,327.9681810965143
173.65927832883588,-21.503977821445325,1.0000000000000007,-0.40575192295261076,-7.707634312657486,327.97935119826417
173.66258674054095,-21.513447780640437,1.0000000000000004,-0.4058970700603721,-7.7062218808933665,327.9905168944808
173.66589556826284,-21.52291767931842,1.0000000000000004,-0.4060421607165612,-7.704809466747083,328.0016782119327
173.66920481326997,-21.532387517128008,1.0000000000000004,-0.4061871945766944,-7.703397070153059,328.0128351773879
173.67251447683094,-21.54185729371784,1.0000000000000004,-0.4063321712961603,-7.701984691045691,328.02398781761485
173.67582456021486,-21.551327008736475,1.0000000000000007,-0.40647709053037584,-7.7005723293593675,328.03513615938147
173.6791350646911,-21.560796661832356,1.0000000000000004,-0.40662195193466033,-7.699159985028459,328.0462802294562
173.68244599152942,-21.57026625265384,1.0000000000000004,-0.40676675516432237,-7.697747657987314,328.05742005460706
173.68575734199982,-21.579735780849187,1.0000000000000004,-0.4069114998745542,-7.696335348170262,328.06855566160243
173.68906911737275,-21.58920524606655,1.0000000000000007,-0.4070561857205597,-7.694923055511644,328.07968707721045
173.69238131891896,-21.598674647954006,1.0000000000000004,-0.40720081235746264,-7.693510779945761,328.0908143281992
173.69569394790958,-21.608143986159522,1.0000000000000004,-0.4073453794403257,-7.6920985214068835,328.1019374413372
173.69900700561598,-21.617613260330966,1.0000000000000004,-0.4074898866241714,-7.690686279829279,328.1130564433922
173.70232049331005,-21.627082470116115,1.0000000000000004,-0.40763433356398693,-7.68927405514723,328.1241713611327
173.70563441226386,-21.63655161516265,1.0000000000000004,-0.40777871991465897,-7.687861847294947,328.1352822213269
173.7089487637499,-21.646020695118146,1.0000000000000004,-0.40792304533109824,-7.6864496562066655,328.146389050743
173.71226354904098,-21.6554897096301,1.0000000000000004,-0.4080673094680769,-7.68503748181659,328.1574918761492
173.7155787694103,-21.66495865834588,1.0000000000000004,-0.40821151198037864,-7.683625324058891,328.16859072431356
173.71889442613136,-21.674427540912788,1.0000000000000004,-0.408355652522717,-7.68221318286777,328.17968562200446
173.72221052047803,-21.683896356978,1.0000000000000004,-0.40849973074973533,-7.680801058177369,328.19077659598986
173.7255270537245,-21.693365106188633,1.0000000000000004,-0.40864374631606903,-7.679388949921822,328.20186367303836
173.72884402714536,-21.702833788191665,1.0000000000000007,-0.4087876988762531,-7.677976858035244,328.21294687991804
173.73216144201552,-21.712302402634002,1.0000000000000004,-0.40893158808483143,-7.676564782451756,328.22402624339696
173.7354792996102,-21.72177094916243,1.0000000000000004,-0.4090754135962049,-7.675152723105441,328.2351017902432
173.73879760120502,-21.731239427423663,1.0000000000000007,-0.40921917506480376,-7.673740679930358,328.2461735472253
173.74211634807597,-21.740707837064303,1.0000000000000004,-0.40936287214502265,-7.672328652860589,328.2572415411113
173.7454355414993,-21.75017617773085,1.0000000000000004,-0.4095065044910946,-7.670916641830157,328.2683057986695
173.74875518275167,-21.759644449069715,1.0000000000000004,-0.40965007175732904,-7.669504646773063,328.2793663466679
173.7520752731101,-21.769112650727205,1.0000000000000004,-0.4097935735978995,-7.6680926676233305,328.29042321187484
173.75539581385192,-21.778580782349522,1.0000000000000004,-0.409937009666935,-7.666680704314938,328.3014764210588
173.7587168062549,-21.78804884358277,1.0000000000000004,-0.4100803796186119,-7.665268756781899,328.3125260009873
173.76203825159703,-21.797516834072976,1.0000000000000007,-0.41022368310691526,-7.663856824958096,328.32357197842924
